0.000000,0.000000,0.000000,0.000000,0.000000,0.000000,0.000000,0.000000,0.000000,0.000000,0.000000,0.000000,0.000000,0.000000,0.000000,0.000000,0.000000,0.000000,0.000000,0.000000,0.000000,0.000000,0.000000,0.000000,0.000000,0.000000,0.000000,0.000000,0.000000,0.000000,0.000000,0.000000,0.000000,0.000000,0.000000,0.000000,0.000000,0.000000,0.000000,0.000000,0.000000,0.000000,0.000000,0.000000,0.000000,0.000000,0.000000,0.000000,0.000000,0.000000,0.000000,0.000000,0.000000,0.000000,0.000000,0.000000,0.000000,0.000000,0.000000,0.000000,0.000000,0.000000,0.000000,0.000000,0.000000,0.000000,0.000000,0.000000,0.000000,0.000000,0.000000,0.000000,0.000000,0.000000,0.000000,0.000000,0.000000,0.000000,0.000000,0.000000,0.000000,0.000000,0.000000,0.000000,0.000000,0.000000,0.000000,0.000000,0.000000,0.000000,0.000000,0.000000,0.000000,0.000000,0.000000,0.000000,0.000000,0.000000,0.000000,0.000000,0.000000,0.000000,0.000000
0.000000,0.000000,0.000000,0.000000,0.000000,0.000000,0.000000,0.000000,0.000000,0.000000,0.000000,0.000000,0.000000,0.000000,0.000000,0.000000,0.000000,0.000000,0.000000,0.000000,0.000000,0.000000,0.000000,0.000000,0.000000,0.000000,0.000000,0.000000,0.000000,0.000000,0.000000,0.000000,0.000000,0.000000,0.000000,0.000000,0.000000,0.000000,0.000000,0.000000,0.000000,0.000000,0.000000,0.000000,0.000000,0.000000,0.000000,0.000000,0.000000,0.000000,0.000000,999.949401,0.000000,0.000000,0.000000,0.000000,0.000000,0.000000,0.000000,0.000000,0.000000,0.000000,0.000000,0.000000,0.000000,0.000000,0.000000,0.000000,0.000000,0.000000,0.000000,0.000000,0.000000,0.000000,0.000000,0.000000,0.000000,0.000000,0.000000,0.000000,0.000000,0.000000,0.000000,0.000000,0.000000,0.000000,0.000000,0.000000,0.000000,0.000000,0.000000,0.000000,0.000000,0.000000,0.000000,0.000000,0.000000,0.000000,0.000000,0.000000,0.000000,0.000000,0.000000
0.000000,0.000000,0.000000,0.000000,0.000000,0.000000,0.000000,0.000000,0.000000,0.000000,0.000000,0.000000,0.000000,0.000000,0.000000,0.000000,0.000000,0.000000,0.000000,0.000000,0.000000,0.000000,0.000000,0.000000,0.000000,0.000000,0.000000,0.000000,0.000000,0.000000,0.000000,0.000000,0.000000,0.000000,0.000000,0.000000,0.000000,0.000000,0.000000,0.000000,0.000000,0.000000,1000.056318,1000.069132,1000.068556,1000.060922,1000.048238,1000.031439,1000.012757,999.995437,999.984025,999.982502,999.982412,999.992749,1000.009672,1000.028212,1000.044991,1000.057878,1000.065965,1000.067152,1000.054538,0.000000,0.000000,0.000000,0.000000,0.000000,0.000000,0.000000,0.000000,0.000000,0.000000,0.000000,0.000000,0.000000,0.000000,0.000000,0.000000,0.000000,0.000000,0.000000,0.000000,0.000000,0.000000,0.000000,0.000000,0.000000,0.000000,0.000000,0.000000,0.000000,0.000000,0.000000,0.000000,0.000000,0.000000,0.000000,0.000000,0.000000,0.000000,0.000000,0.000000,0.000000,0.000000
0.000000,0.000000,0.000000,0.000000,0.000000,0.000000,0.000000,0.000000,0.000000,0.000000,0.000000,0.000000,0.000000,0.000000,0.000000,0.000000,0.000000,0.000000,0.000000,0.000000,0.000000,0.000000,0.000000,0.000000,0.000000,0.000000,0.000000,0.000000,0.000000,0.000000,0.000000,0.000000,0.000000,0.000000,0.000000,0.000000,0.000000,1000.065682,1000.078798,1000.089084,1000.094657,1000.095710,1000.090908,1000.093080,1000.092095,1000.086002,1000.075064,1000.060692,1000.045184,1000.031314,1000.021084,1000.017763,1000.020337,1000.029642,1000.042837,1000.057922,1000.072147,1000.083162,1000.089435,1000.090601,1000.088703,1000.094531,1000.094698,1000.090201,1000.080553,1000.068055,0.000000,0.000000,0.000000,0.000000,0.000000,0.000000,0.000000,0.000000,0.000000,0.000000,0.000000,0.000000,0.000000,0.000000,0.000000,0.000000,0.000000,0.000000,0.000000,0.000000,0.000000,0.000000,0.000000,0.000000,0.000000,0.000000,0.000000,0.000000,0.000000,0.000000,0.000000,0.000000,0.000000,0.000000,0.000000,0.000000,0.000000
0.000000,0.000000,0.000000,0.000000,0.000000,0.000000,0.000000,0.000000,0.000000,0.000000,0.000000,0.000000,0.000000,0.000000,0.000000,0.000000,0.000000,0.000000,0.000000,0.000000,0.000000,0.000000,0.000000,0.000000,0.000000,0.000000,0.000000,0.000000,0.000000,0.000000,0.000000,0.000000,0.000000,0.000000,1000.057522,1000.070920,1000.084989,1000.097473,1000.106286,1000.113659,1000.118819,1000.118386,1000.117655,1000.116323,1000.112822,1000.106069,1000.095935,1000.083141,1000.069318,1000.057005,1000.048524,1000.045206,1000.048046,1000.055984,1000.067776,1000.081279,1000.093929,1000.104013,1000.110817,1000.114485,1000.116139,1000.117419,1000.118567,1000.113931,1000.106924,1000.098233,1000.085284,1000.070469,1000.056693,0.000000,0.000000,0.000000,0.000000,0.000000,0.000000,0.000000,0.000000,0.000000,0.000000,0.000000,0.000000,0.000000,0.000000,0.000000,0.000000,0.000000,0.000000,0.000000,0.000000,0.000000,0.000000,0.000000,0.000000,0.000000,0.000000,0.000000,0.000000,0.000000,0.000000,0.000000,0.000000,0.000000,0.000000
0.000000,0.000000,0.000000,0.000000,0.000000,0.000000,0.000000,0.000000,0.000000,0.000000,0.000000,0.000000,0.000000,0.000000,0.000000,0.000000,0.000000,0.000000,0.000000,0.000000,0.000000,0.000000,0.000000,0.000000,0.000000,0.000000,0.000000,0.000000,0.000000,0.000000,0.000000,0.000000,1000.051982,1000.068029,1000.086547,1000.098945,1000.110006,1000.119874,1000.127575,1000.133122,1000.136198,1000.136152,1000.134796,1000.130769,1000.125344,1000.118069,1000.108796,1000.097785,1000.085937,1000.075228,1000.067930,1000.065176,1000.067782,1000.074880,1000.085409,1000.097116,1000.108043,1000.117240,1000.124433,1000.129830,1000.133928,1000.135405,1000.135681,1000.132833,1000.127427,1000.119650,1000.109408,1000.097709,1000.084787,1000.065408,1000.048821,0.000000,0.000000,0.000000,0.000000,0.000000,0.000000,0.000000,0.000000,0.000000,0.000000,0.000000,0.000000,0.000000,0.000000,0.000000,0.000000,0.000000,0.000000,0.000000,0.000000,0.000000,0.000000,0.000000,0.000000,0.000000,0.000000,0.000000,0.000000,0.000000,0.000000,0.000000,0.000000
0.000000,0.000000,0.000000,0.000000,0.000000,0.000000,0.000000,0.000000,0.000000,0.000000,0.000000,0.000000,0.000000,0.000000,0.000000,0.000000,0.000000,0.000000,0.000000,0.000000,0.000000,0.000000,0.000000,0.000000,0.000000,0.000000,0.000000,0.000000,0.000000,0.000000,1000.043851,1000.061167,1000.080884,1000.095248,1000.108305,1000.119699,1000.129795,1000.137705,1000.143106,1000.145704,1000.145596,1000.143347,1000.139256,1000.133529,1000.126881,1000.119529,1000.111689,1000.103287,1000.094509,1000.086462,1000.080841,1000.078889,1000.081011,1000.086755,1000.094883,1000.103650,1000.111988,1000.119708,1000.126874,1000.133298,1000.138790,1000.142675,1000.144829,1000.144953,1000.142322,1000.136669,1000.128299,1000.117598,1000.105606,1000.092077,1000.077586,1000.058968,1000.041438,0.000000,0.000000,0.000000,0.000000,0.000000,0.000000,0.000000,0.000000,0.000000,0.000000,0.000000,0.000000,0.000000,0.000000,0.000000,0.000000,0.000000,0.000000,0.000000,0.000000,0.000000,0.000000,0.000000,0.000000,0.000000,0.000000,0.000000,0.000000,0.000000,0.000000
0.000000,0.000000,0.000000,0.000000,0.000000,0.000000,0.000000,0.000000,0.000000,0.000000,0.000000,0.000000,0.000000,0.000000,0.000000,0.000000,0.000000,0.000000,0.000000,0.000000,0.000000,0.000000,0.000000,0.000000,0.000000,0.000000,0.000000,0.000000,1000.041494,1000.058201,1000.074374,1000.088479,1000.102327,1000.115387,1000.127057,1000.136895,1000.143776,1000.147613,1000.148728,1000.147269,1000.143785,1000.139027,1000.133111,1000.126635,1000.119932,1000.113409,1000.107299,1000.101563,1000.096174,1000.091435,1000.088089,1000.086999,1000.088489,1000.092175,1000.097089,1000.102490,1000.108084,1000.113987,1000.120285,1000.126709,1000.132844,1000.138382,1000.142799,1000.146066,1000.147369,1000.145969,1000.141630,1000.134112,1000.123731,1000.111986,1000.099189,1000.086079,1000.073120,1000.059679,1000.043586,0.000000,0.000000,0.000000,0.000000,0.000000,0.000000,0.000000,0.000000,0.000000,0.000000,0.000000,0.000000,0.000000,0.000000,0.000000,0.000000,0.000000,0.000000,0.000000,0.000000,0.000000,0.000000,0.000000,0.000000,0.000000,0.000000,0.000000,0.000000
0.000000,0.000000,0.000000,0.000000,0.000000,0.000000,0.000000,0.000000,0.000000,0.000000,0.000000,0.000000,0.000000,0.000000,0.000000,0.000000,0.000000,0.000000,0.000000,0.000000,0.000000,0.000000,0.000000,0.000000,0.000000,0.000000,1000.044072,1000.060716,1000.073068,1000.084783,1000.096929,1000.109277,1000.121155,1000.132267,1000.140957,1000.146595,1000.148638,1000.147636,1000.144284,1000.139390,1000.133759,1000.127829,1000.121731,1000.115767,1000.110049,1000.104783,1000.100141,1000.096303,1000.093534,1000.091763,1000.090711,1000.090486,1000.091217,1000.092665,1000.094627,1000.097346,1000.100962,1000.105357,1000.110405,1000.115907,1000.121605,1000.127344,1000.132872,1000.138192,1000.142909,1000.146088,1000.146747,1000.144148,1000.137937,1000.129131,1000.118648,1000.107909,1000.096928,1000.086313,1000.076386,1000.066432,1000.050626,0.000000,0.000000,0.000000,0.000000,0.000000,0.000000,0.000000,0.000000,0.000000,0.000000,0.000000,0.000000,0.000000,0.000000,0.000000,0.000000,0.000000,0.000000,0.000000,0.000000,0.000000,0.000000,0.000000,0.000000,0.000000,0.000000
0.000000,0.000000,0.000000,0.000000,0.000000,0.000000,0.000000,0.000000,0.000000,0.000000,0.000000,0.000000,0.000000,0.000000,0.000000,0.000000,0.000000,0.000000,0.000000,0.000000,0.000000,0.000000,0.000000,0.000000,1000.041634,1000.060665,1000.074802,1000.085978,1000.096609,1000.106918,1000.117111,1000.127139,1000.136147,1000.143237,1000.147035,1000.147174,1000.144317,1000.139466,1000.133468,1000.127160,1000.121023,1000.115245,1000.109901,1000.104903,1000.100324,1000.096244,1000.092747,1000.090233,1000.089207,1000.089527,1000.090284,1000.090765,1000.090759,1000.090356,1000.090201,1000.091155,1000.093467,1000.096735,1000.100621,1000.105057,1000.109900,1000.115023,1000.120531,1000.126454,1000.132716,1000.138816,1000.143731,1000.146389,1000.145781,1000.141635,1000.134878,1000.126977,1000.118511,1000.109665,1000.100685,1000.091003,1000.080273,1000.064635,1000.044733,0.000000,0.000000,0.000000,0.000000,0.000000,0.000000,0.000000,0.000000,0.000000,0.000000,0.000000,0.000000,0.000000,0.000000,0.000000,0.000000,0.000000,0.000000,0.000000,0.000000,0.000000,0.000000,0.000000,0.000000
0.000000,0.000000,0.000000,0.000000,0.000000,0.000000,0.000000,0.000000,0.000000,0.000000,0.000000,0.000000,0.000000,0.000000,0.000000,0.000000,0.000000,0.000000,0.000000,0.000000,0.000000,0.000000,0.000000,1000.050706,1000.070524,1000.084841,1000.097678,1000.108410,1000.117975,1000.126211,1000.133720,1000.140380,1000.145095,1000.146786,1000.145053,1000.140415,1000.134183,1000.127414,1000.120707,1000.114363,1000.108531,1000.103272,1000.098543,1000.094309,1000.090655,1000.087620,1000.085321,1000.084180,1000.084618,1000.086371,1000.088295,1000.089200,1000.088646,1000.086992,1000.085362,1000.084908,1000.085940,1000.088074,1000.090952,1000.094488,1000.098622,1000.103270,1000.108443,1000.114215,1000.120675,1000.127777,1000.135076,1000.141612,1000.146067,1000.147331,1000.145502,1000.141362,1000.135849,1000.129512,1000.122180,1000.112836,1000.101907,1000.088025,1000.072148,1000.050404,0.000000,0.000000,0.000000,0.000000,0.000000,0.000000,0.000000,0.000000,0.000000,0.000000,0.000000,0.000000,0.000000,0.000000,0.000000,0.000000,0.000000,0.000000,0.000000,0.000000,0.000000,0.000000,0.000000
0.000000,0.000000,0.000000,0.000000,0.000000,0.000000,0.000000,0.000000,0.000000,0.000000,0.000000,0.000000,0.000000,0.000000,0.000000,0.000000,0.000000,0.000000,0.000000,0.000000,0.000000,1000.033226,1000.055312,1000.076209,1000.092107,1000.105939,1000.118340,1000.127892,1000.134980,1000.140339,1000.144319,1000.146532,1000.146249,1000.142905,1000.136974,1000.129554,1000.121829,1000.114568,1000.107939,1000.101888,1000.096431,1000.091575,1000.087319,1000.083714,1000.080817,1000.078783,1000.077821,1000.078185,1000.080036,1000.082876,1000.085443,1000.086524,1000.085654,1000.083246,1000.080504,1000.078698,1000.078310,1000.079202,1000.081143,1000.083939,1000.087492,1000.091749,1000.096657,1000.102208,1000.108463,1000.115551,1000.123511,1000.131828,1000.139324,1000.144789,1000.147579,1000.147758,1000.146011,1000.142812,1000.138132,1000.131238,1000.121245,1000.107986,1000.092893,1000.075586,1000.052793,1000.030109,0.000000,0.000000,0.000000,0.000000,0.000000,0.000000,0.000000,0.000000,0.000000,0.000000,0.000000,0.000000,0.000000,0.000000,0.000000,0.000000,0.000000,0.000000,0.000000,0.000000,0.000000
0.000000,0.000000,0.000000,0.000000,0.000000,0.000000,0.000000,0.000000,0.000000,0.000000,0.000000,0.000000,0.000000,0.000000,0.000000,0.000000,0.000000,0.000000,0.000000,0.000000,1000.037901,1000.060775,1000.078598,1000.095361,1000.110607,1000.124231,1000.134437,1000.140969,1000.144440,1000.145948,1000.145909,1000.143953,1000.139723,1000.133237,1000.125234,1000.116869,1000.108956,1000.101780,1000.095309,1000.089493,1000.084353,1000.079884,1000.076103,1000.073065,1000.070858,1000.069726,1000.069980,1000.071786,1000.074990,1000.078779,1000.081801,1000.082967,1000.081890,1000.078930,1000.075210,1000.072085,1000.070335,1000.070103,1000.071217,1000.073397,1000.076444,1000.080271,1000.084858,1000.090193,1000.096247,1000.103067,1000.110752,1000.119158,1000.127625,1000.135133,1000.140781,1000.144348,1000.146155,1000.146586,1000.145712,1000.142690,1000.136021,1000.125203,1000.110673,1000.094577,1000.077212,1000.058926,1000.035592,0.000000,0.000000,0.000000,0.000000,0.000000,0.000000,0.000000,0.000000,0.000000,0.000000,0.000000,0.000000,0.000000,0.000000,0.000000,0.000000,0.000000,0.000000,0.000000,0.000000
0.000000,0.000000,0.000000,0.000000,0.000000,0.000000,0.000000,0.000000,0.000000,0.000000,0.000000,0.000000,0.000000,0.000000,0.000000,0.000000,0.000000,0.000000,0.000000,1000.040922,1000.063952,1000.081496,1000.097615,1000.113019,1000.126749,1000.137333,1000.143458,1000.145319,1000.144406,1000.142103,1000.138766,1000.134076,1000.127713,1000.120026,1000.111734,1000.103574,1000.095957,1000.089004,1000.082748,1000.077197,1000.072362,1000.068230,1000.064807,1000.062180,1000.060528,1000.060096,1000.061225,1000.064137,1000.068489,1000.073190,1000.076750,1000.078052,1000.076728,1000.073158,1000.068504,1000.064271,1000.061508,1000.060490,1000.060996,1000.062717,1000.065395,1000.068880,1000.073141,1000.078157,1000.083910,1000.090394,1000.097591,1000.105417,1000.113534,1000.121310,1000.128092,1000.133559,1000.137814,1000.141330,1000.144274,1000.145870,1000.144216,1000.137739,1000.126552,1000.112298,1000.096753,1000.080566,1000.062948,1000.039453,0.000000,0.000000,0.000000,0.000000,0.000000,0.000000,0.000000,0.000000,0.000000,0.000000,0.000000,0.000000,0.000000,0.000000,0.000000,0.000000,0.000000,0.000000,0.000000
0.000000,0.000000,0.000000,0.000000,0.000000,0.000000,0.000000,0.000000,0.000000,0.000000,0.000000,0.000000,0.000000,0.000000,0.000000,0.000000,0.000000,0.000000,1000.042957,1000.066174,1000.084034,1000.100095,1000.115382,1000.128479,1000.138533,1000.144275,1000.145013,1000.141910,1000.137188,1000.132034,1000.126549,1000.120414,1000.113396,1000.105726,1000.097866,1000.090180,1000.082938,1000.076308,1000.070333,1000.065043,1000.060442,1000.056548,1000.053390,1000.051068,1000.049784,1000.049762,1000.051280,1000.054582,1000.059400,1000.064600,1000.068572,1000.070016,1000.068468,1000.064443,1000.059301,1000.054648,1000.051548,1000.050217,1000.050406,1000.051823,1000.054226,1000.057455,1000.061441,1000.066137,1000.071511,1000.077564,1000.084265,1000.091512,1000.099046,1000.106477,1000.113433,1000.119720,1000.125471,1000.131127,1000.136913,1000.142374,1000.145838,1000.144847,1000.138562,1000.128072,1000.114899,1000.099755,1000.083869,1000.066056,1000.042364,0.000000,0.000000,0.000000,0.000000,0.000000,0.000000,0.000000,0.000000,0.000000,0.000000,0.000000,0.000000,0.000000,0.000000,0.000000,0.000000,0.000000,0.000000
0.000000,0.000000,0.000000,0.000000,0.000000,0.000000,0.000000,0.000000,0.000000,0.000000,0.000000,0.000000,0.000000,0.000000,0.000000,0.000000,0.000000,1000.043154,1000.067214,1000.085717,1000.102214,1000.117626,1000.130534,1000.139829,1000.144842,1000.144987,1000.140725,1000.133968,1000.126655,1000.119669,1000.112970,1000.106156,1000.099045,1000.091680,1000.084262,1000.077031,1000.070195,1000.063881,1000.058133,1000.053017,1000.048602,1000.044917,1000.041982,1000.039883,1000.038759,1000.038774,1000.040144,1000.043050,1000.047325,1000.052082,1000.055838,1000.057225,1000.055720,1000.051922,1000.047234,1000.043123,1000.040422,1000.039256,1000.039424,1000.040705,1000.042927,1000.045954,1000.049701,1000.054135,1000.059194,1000.064845,1000.071087,1000.077834,1000.084910,1000.092042,1000.098992,1000.105715,1000.112382,1000.119333,1000.126938,1000.134961,1000.142100,1000.146151,1000.145415,1000.139873,1000.130367,1000.117566,1000.102418,1000.086350,1000.068277,1000.044054,0.000000,0.000000,0.000000,0.000000,0.000000,0.000000,0.000000,0.000000,0.000000,0.000000,0.000000,0.000000,0.000000,0.000000,0.000000,0.000000,0.000000
0.000000,0.000000,0.000000,0.000000,0.000000,0.000000,0.000000,0.000000,0.000000,0.000000,0.000000,0.000000,0.000000,0.000000,0.000000,0.000000,1000.041694,1000.066837,1000.086090,1000.103249,1000.119030,1000.132018,1000.140925,1000.145113,1000.144662,1000.140098,1000.132548,1000.123720,1000.115070,1000.107157,1000.099774,1000.092570,1000.085377,1000.078210,1000.071129,1000.064245,1000.057709,1000.051635,1000.046089,1000.041157,1000.036945,1000.033439,1000.030635,1000.028612,1000.027452,1000.027268,1000.028174,1000.030221,1000.033272,1000.036745,1000.039555,1000.040607,1000.039478,1000.036661,1000.033255,1000.030324,1000.028435,1000.027707,1000.028049,1000.029349,1000.031509,1000.034420,1000.038010,1000.042219,1000.047000,1000.052331,1000.058201,1000.064584,1000.071329,1000.078246,1000.085230,1000.092301,1000.099590,1000.107319,1000.115813,1000.125113,1000.134339,1000.141788,1000.145849,1000.145742,1000.141181,1000.132188,1000.119432,1000.104315,1000.088304,1000.070339,1000.046312,0.000000,0.000000,0.000000,0.000000,0.000000,0.000000,0.000000,0.000000,0.000000,0.000000,0.000000,0.000000,0.000000,0.000000,0.000000,0.000000
0.000000,0.000000,0.000000,0.000000,0.000000,0.000000,0.000000,0.000000,0.000000,0.000000,0.000000,0.000000,0.000000,0.000000,0.000000,1000.039662,1000.065285,1000.085173,1000.102970,1000.119301,1000.132499,1000.141252,1000.144823,1000.143595,1000.138696,1000.131112,1000.121895,1000.112312,1000.103263,1000.094914,1000.087103,1000.079658,1000.072435,1000.065371,1000.058452,1000.051759,1000.045442,1000.039582,1000.034235,1000.029508,1000.025448,1000.022032,1000.019267,1000.017208,1000.015922,1000.015460,1000.015828,1000.016988,1000.018790,1000.020841,1000.022502,1000.023129,1000.022454,1000.020795,1000.018810,1000.017106,1000.016055,1000.015815,1000.016411,1000.017812,1000.019976,1000.022853,1000.026371,1000.030443,1000.035025,1000.040115,1000.045717,1000.051832,1000.058378,1000.065205,1000.072225,1000.079482,1000.087131,1000.095342,1000.104208,1000.113783,1000.123720,1000.132983,1000.140339,1000.144898,1000.145797,1000.141989,1000.133333,1000.120911,1000.106182,1000.090546,1000.072962,1000.049880,0.000000,0.000000,0.000000,0.000000,0.000000,0.000000,0.000000,0.000000,0.000000,0.000000,0.000000,0.000000,0.000000,0.000000,0.000000
0.000000,0.000000,0.000000,0.000000,0.000000,0.000000,0.000000,0.000000,0.000000,0.000000,0.000000,0.000000,0.000000,0.000000,1000.037022,1000.062799,1000.083184,1000.101531,1000.118446,1000.132114,1000.141005,1000.144282,1000.142435,1000.136943,1000.129098,1000.119906,1000.110167,1000.100523,1000.091362,1000.082803,1000.074823,1000.067278,1000.060017,1000.052972,1000.046144,1000.039605,1000.033471,1000.027791,1000.022625,1000.018051,1000.014073,1000.010684,1000.007904,1000.005779,1000.004332,1000.003546,1000.003417,1000.003880,1000.004759,1000.005780,1000.006594,1000.006885,1000.006534,1000.005714,1000.004759,1000.003980,1000.003621,1000.003837,1000.004709,1000.006257,1000.008471,1000.011338,1000.014809,1000.018823,1000.023319,1000.028273,1000.033712,1000.039635,1000.046018,1000.052789,1000.059884,1000.067289,1000.075072,1000.083406,1000.092372,1000.101879,1000.111739,1000.121570,1000.130823,1000.138726,1000.144200,1000.145912,1000.142652,1000.134526,1000.122750,1000.108532,1000.093035,1000.075363,1000.052295,0.000000,0.000000,0.000000,0.000000,0.000000,0.000000,0.000000,0.000000,0.000000,0.000000,0.000000,0.000000,0.000000,0.000000
0.000000,0.000000,0.000000,0.000000,0.000000,0.000000,0.000000,0.000000,0.000000,0.000000,0.000000,0.000000,0.000000,1000.033136,1000.059399,1000.080254,1000.099112,1000.116626,1000.130944,1000.140374,1000.143823,1000.141718,1000.135730,1000.127382,1000.117923,1000.108110,1000.098250,1000.088613,1000.079459,1000.070906,1000.062893,1000.055271,1000.047967,1000.040967,1000.034228,1000.027819,1000.021828,1000.016300,1000.011287,1000.006815,1000.002889,999.999487,999.996640,999.994403,999.992754,999.991672,999.991147,999.991101,999.991380,999.991780,999.992089,999.992169,999.992008,999.991689,999.991356,999.991187,999.991340,999.991941,999.993081,999.994802,999.997117,1000.000008,1000.003456,1000.007428,1000.011885,1000.016798,1000.022157,1000.027976,1000.034239,1000.040919,1000.048017,1000.055513,1000.063372,1000.071658,1000.080472,1000.089798,1000.099485,1000.109366,1000.119349,1000.129160,1000.137843,1000.143957,1000.146155,1000.143486,1000.136128,1000.124920,1000.110636,1000.094415,1000.075692,1000.051135,0.000000,0.000000,0.000000,0.000000,0.000000,0.000000,0.000000,0.000000,0.000000,0.000000,0.000000,0.000000,0.000000
0.000000,0.000000,0.000000,0.000000,0.000000,0.000000,0.000000,0.000000,0.000000,0.000000,0.000000,0.000000,1000.028259,1000.055410,1000.076583,1000.095826,1000.113961,1000.129090,1000.139336,1000.143411,1000.141502,1000.135301,1000.126512,1000.116592,1000.106485,1000.096385,1000.086430,1000.076871,1000.067840,1000.059343,1000.051289,1000.043608,1000.036310,1000.029344,1000.022670,1000.016376,1000.010529,1000.005147,1000.000253,999.995856,999.991944,999.988508,999.985578,999.983187,999.981339,999.980015,999.979173,999.978747,999.978611,999.978611,999.978627,999.978607,999.978559,999.978526,999.978581,999.978826,999.979355,999.980272,999.981658,999.983554,999.985980,999.988926,999.992378,999.996324,1000.000752,1000.005643,1000.010976,1000.016739,1000.022917,1000.029513,1000.036533,1000.043994,1000.051874,1000.060142,1000.068822,1000.077931,1000.087441,1000.097315,1000.107498,1000.117935,1000.128255,1000.137266,1000.143587,1000.146242,1000.144372,1000.137652,1000.126249,1000.110877,1000.093119,1000.072850,1000.046372,0.000000,0.000000,0.000000,0.000000,0.000000,0.000000,0.000000,0.000000,0.000000,0.000000,0.000000,0.000000
0.000000,0.000000,0.000000,0.000000,0.000000,0.000000,0.000000,0.000000,0.000000,0.000000,0.000000,1000.022129,1000.051063,1000.072814,1000.092160,1000.110644,1000.126608,1000.137925,1000.142958,1000.141648,1000.135557,1000.126498,1000.116145,1000.105613,1000.095177,1000.084906,1000.074998,1000.065572,1000.056639,1000.048165,1000.040079,1000.032378,1000.025059,1000.018077,1000.011460,1000.005278,999.999569,999.994318,999.989507,999.985148,999.981225,999.977753,999.974754,999.972231,999.970203,999.968664,999.967564,999.966839,999.966387,999.966103,999.965938,999.965874,999.965898,999.966036,999.966340,999.966865,999.967684,999.968870,999.970478,999.972538,999.975068,999.978076,999.981555,999.985507,999.989921,999.994774,1000.000075,1000.005801,1000.011923,1000.018458,1000.025419,1000.032815,1000.040651,1000.048902,1000.057542,1000.066557,1000.075922,1000.085675,1000.095855,1000.106358,1000.116999,1000.127305,1000.136246,1000.142818,1000.146216,1000.145038,1000.138103,1000.125358,1000.108181,1000.089000,1000.067672,1000.039596,0.000000,0.000000,0.000000,0.000000,0.000000,0.000000,0.000000,0.000000,0.000000,0.000000,0.000000
0.000000,0.000000,0.000000,0.000000,0.000000,0.000000,0.000000,0.000000,0.000000,0.000000,0.000000,1000.044880,1000.070083,1000.089427,1000.107432,1000.123634,1000.136083,1000.142497,1000.142153,1000.136443,1000.127298,1000.116564,1000.105580,1000.094748,1000.084143,1000.073896,1000.064083,1000.054731,1000.045855,1000.037406,1000.029312,1000.021567,1000.014193,1000.007205,1000.000643,999.994560,999.988957,999.983787,999.979021,999.974669,999.970739,999.967235,999.964162,999.961530,999.959339,999.957598,999.956281,999.955312,999.954619,999.954146,999.953864,999.953773,999.953858,999.954120,999.954584,999.955295,999.956325,999.957726,999.959520,999.961722,999.964350,999.967433,999.970973,999.974951,999.979353,999.984175,999.989424,999.995107,1000.001205,1000.007706,1000.014638,1000.022006,1000.029810,1000.038031,1000.046628,1000.055605,1000.064927,1000.074555,1000.084551,1000.094924,1000.105473,1000.115966,1000.126103,1000.135196,1000.142450,1000.146536,1000.145086,1000.136599,1000.121870,1000.103335,1000.083463,1000.060704,0.000000,0.000000,0.000000,0.000000,0.000000,0.000000,0.000000,0.000000,0.000000,0.000000,0.000000
0.000000,0.000000,0.000000,0.000000,0.000000,0.000000,0.000000,0.000000,0.000000,0.000000,1000.046549,1000.070490,1000.088587,1000.105593,1000.121285,1000.134053,1000.141860,1000.143008,1000.138055,1000.128956,1000.117876,1000.106403,1000.095094,1000.084103,1000.073531,1000.063359,1000.053577,1000.044271,1000.035452,1000.027015,1000.018883,1000.011096,1000.003711,999.996753,999.990256,999.984241,999.978680,999.973528,999.968774,999.964416,999.960467,999.956925,999.953778,999.951034,999.948700,999.946783,999.945277,999.944120,999.943252,999.942664,999.942339,999.942258,999.942412,999.942776,999.943355,999.944201,999.945365,999.946894,999.948810,999.951115,999.953833,999.956991,999.960592,999.964611,999.969025,999.973837,999.979058,999.984706,999.990775,999.997264,1000.004176,1000.011518,1000.019313,1000.027526,1000.036087,1000.044998,1000.054283,1000.063872,1000.073710,1000.083864,1000.094299,1000.104802,1000.115263,1000.125657,1000.135457,1000.143446,1000.147240,1000.143940,1000.133159,1000.117127,1000.098288,1000.077723,1000.050209,0.000000,0.000000,0.000000,0.000000,0.000000,0.000000,0.000000,0.000000,0.000000,0.000000
0.000000,0.000000,0.000000,0.000000,0.000000,0.000000,0.000000,0.000000,0.000000,1000.041979,1000.068993,1000.089216,1000.105887,1000.121025,1000.133001,1000.141039,1000.143606,1000.140012,1000.131431,1000.120120,1000.108116,1000.096258,1000.084783,1000.073831,1000.063335,1000.053163,1000.043381,1000.034110,1000.025304,1000.016834,1000.008672,1000.000898,999.993563,999.986681,999.980254,999.974263,999.968687,999.963515,999.958738,999.954359,999.950383,999.946795,999.943587,999.940756,999.938313,999.936271,999.934620,999.933323,999.932346,999.931695,999.931361,999.931317,999.931533,999.931981,999.932657,999.933592,999.934829,999.936425,999.938406,999.940780,999.943574,999.946793,999.950431,999.954485,999.958942,999.963786,999.969022,999.974661,999.980703,999.987168,999.994054,1000.001362,1000.009130,1000.017342,1000.025893,1000.034753,1000.043962,1000.053511,1000.063310,1000.073331,1000.083646,1000.094224,1000.104941,1000.115865,1000.127048,1000.137635,1000.145469,1000.147378,1000.141518,1000.129052,1000.112045,1000.092466,1000.070527,1000.040607,0.000000,0.000000,0.000000,0.000000,0.000000,0.000000,0.000000,0.000000,0.000000
0.000000,0.000000,0.000000,0.000000,0.000000,0.000000,0.000000,0.000000,0.000000,1000.062139,1000.086381,1000.105650,1000.121742,1000.133552,1000.140748,1000.143355,1000.140984,1000.133704,1000.122844,1000.110563,1000.098214,1000.086220,1000.074798,1000.063936,1000.053436,1000.043232,1000.033456,1000.024190,1000.015354,1000.006855,999.998706,999.990982,999.983728,999.976929,999.970542,999.964547,999.958945,999.953737,999.948919,999.944507,999.940500,999.936867,999.933615,999.930750,999.928261,999.926150,999.924402,999.923008,999.921971,999.921279,999.920927,999.920890,999.921126,999.921615,999.922350,999.923346,999.924653,999.926311,999.928348,999.930785,999.933630,999.936886,999.940552,999.944637,999.949140,999.954044,999.959327,999.964976,999.971008,999.977443,999.984293,999.991569,999.999304,1000.007491,1000.016027,1000.024848,1000.033987,1000.043469,1000.053251,1000.063277,1000.073559,1000.084168,1000.095126,1000.106409,1000.118144,1000.130060,1000.140500,1000.146687,1000.146165,1000.138414,1000.124500,1000.105667,1000.084508,1000.060579,0.000000,0.000000,0.000000,0.000000,0.000000,0.000000,0.000000,0.000000,0.000000
0.000000,0.000000,0.000000,0.000000,0.000000,0.000000,0.000000,0.000000,1000.053209,1000.081265,1000.101947,1000.120119,1000.133924,1000.141407,1000.143099,1000.140462,1000.134232,1000.124659,1000.112966,1000.100594,1000.088295,1000.076447,1000.065149,1000.054294,1000.043764,1000.033567,1000.023810,1000.014548,1000.005713,999.997226,999.989110,999.981449,999.974258,999.967489,999.961104,999.955089,999.949464,999.944230,999.939380,999.934929,999.930876,999.927212,999.923943,999.921073,999.918574,999.916426,999.914630,999.913191,999.912110,999.911380,999.910992,999.910915,999.911122,999.911604,999.912363,999.913421,999.914811,999.916549,999.918660,999.921163,999.924055,999.927339,999.931022,999.935127,999.939670,999.944620,999.949938,999.955615,999.961662,999.968093,999.974917,999.982156,999.989851,999.997989,1000.006476,1000.015251,1000.024342,1000.033778,1000.043544,1000.053615,1000.063969,1000.074627,1000.085669,1000.097163,1000.109085,1000.121350,1000.133068,1000.142150,1000.146381,1000.143935,1000.134076,1000.117721,1000.096898,1000.073731,1000.041973,0.000000,0.000000,0.000000,0.000000,0.000000,0.000000,0.000000,0.000000
0.000000,0.000000,0.000000,0.000000,0.000000,0.000000,0.000000,0.000000,1000.069620,1000.094309,1000.114623,1000.131639,1000.141807,1000.144058,1000.140444,1000.133749,1000.124932,1000.114307,1000.102642,1000.090566,1000.078584,1000.066967,1000.055731,1000.044878,1000.034376,1000.024218,1000.014507,1000.005302,999.996510,999.988053,999.979986,999.972375,999.965200,999.958421,999.952014,999.945983,999.940346,999.935095,999.930209,999.925703,999.921607,999.917920,999.914641,999.911762,999.909249,999.907086,999.905281,999.903826,999.902714,999.901948,999.901505,999.901369,999.901536,999.902002,999.902788,999.903907,999.905361,999.907172,999.909357,999.911924,999.914874,999.918198,999.921899,999.926006,999.930551,999.935514,999.940854,999.946567,999.952657,999.959116,999.965933,999.973140,999.980787,999.988860,999.997275,1000.005996,1000.015053,1000.024475,1000.034250,1000.044359,1000.054793,1000.065541,1000.076608,1000.088108,1000.100062,1000.112297,1000.124438,1000.135254,1000.143009,1000.145546,1000.140341,1000.126920,1000.107258,1000.084355,1000.059218,0.000000,0.000000,0.000000,0.000000,0.000000,0.000000,0.000000,0.000000
0.000000,0.000000,0.000000,0.000000,0.000000,0.000000,0.000000,1000.053211,1000.083362,1000.105684,1000.125292,1000.139601,1000.145435,1000.142776,1000.135082,1000.125526,1000.115143,1000.104135,1000.092613,1000.080845,1000.069178,1000.057721,1000.046553,1000.035768,1000.025321,1000.015229,1000.005613,999.996495,999.987755,999.979343,999.971331,999.963751,999.956581,999.949790,999.943370,999.937339,999.931700,999.926425,999.921488,999.916934,999.912799,999.909082,999.905778,999.902863,999.900322,999.898153,999.896348,999.894886,999.893755,999.892944,999.892448,999.892263,999.892394,999.892864,999.893683,999.894841,999.896339,999.898196,999.900436,999.903072,999.906096,999.909478,999.913207,999.917310,999.921827,999.926776,999.932129,999.937869,999.944004,999.950497,999.957312,999.964490,999.972099,999.980116,999.988463,999.997133,1000.006170,1000.015588,1000.025373,1000.035525,1000.046027,1000.056846,1000.067948,1000.079404,1000.091322,1000.103568,1000.115880,1000.127768,1000.138054,1000.144502,1000.143728,1000.133827,1000.116584,1000.094529,1000.070022,1000.036883,0.000000,0.000000,0.000000,0.000000,0.000000,0.000000,0.000000
0.000000,0.000000,0.000000,0.000000,0.000000,0.000000,0.000000,1000.068849,1000.094200,1000.115561,1000.133635,1000.144653,1000.146083,1000.139362,1000.128791,1000.117403,1000.106118,1000.094766,1000.083204,1000.071625,1000.060119,1000.048768,1000.037715,1000.027012,1000.016635,1000.006642,999.997137,999.988101,999.979420,999.971069,999.963104,999.955552,999.948390,999.941594,999.935173,999.929135,999.923485,999.918183,999.913221,999.908650,999.904491,999.900745,999.897397,999.894428,999.891847,999.889661,999.887848,999.886373,999.885209,999.884355,999.883819,999.883595,999.883705,999.884182,999.885023,999.886209,999.887737,999.889628,999.891915,999.894617,999.897717,999.901166,999.904934,999.909038,999.913539,999.918465,999.923809,999.929560,999.935715,999.942227,999.949040,999.956194,999.963771,999.971748,999.980046,999.988676,999.997703,1000.007127,1000.016915,1000.027081,1000.037644,1000.048540,1000.059687,1000.071137,1000.083012,1000.095351,1000.107954,1000.120622,1000.132727,1000.142161,1000.145269,1000.139072,1000.124413,1000.104348,1000.081073,1000.054106,0.000000,0.000000,0.000000,0.000000,0.000000,0.000000,0.000000
0.000000,0.000000,0.000000,0.000000,0.000000,0.000000,1000.052281,1000.082269,1000.104737,1000.124808,1000.140165,1000.147383,1000.144705,1000.134835,1000.122347,1000.109900,1000.097963,1000.086191,1000.074521,1000.062971,1000.051498,1000.040233,1000.029285,1000.018664,1000.008377,999.998489,999.989074,999.980104,999.971488,999.963193,999.955262,999.947730,999.940571,999.933770,999.927335,999.921281,999.915607,999.910291,999.905341,999.900776,999.896615,999.892847,999.889450,999.886431,999.883811,999.881601,999.879761,999.878244,999.877040,999.876157,999.875590,999.875348,999.875465,999.875955,999.876813,999.878022,999.879577,999.881505,999.883829,999.886564,999.889709,999.893221,999.897045,999.901177,999.905672,999.910575,999.915895,999.921638,999.927796,999.934320,999.941136,999.948279,999.955831,999.963765,999.972017,999.980617,999.989635,999.999067,1000.008860,1000.019021,1000.029603,1000.040564,1000.051786,1000.063287,1000.075173,1000.087579,1000.100509,1000.113841,1000.127229,1000.138964,1000.145440,1000.143059,1000.131579,1000.114080,1000.092819,1000.069253,1000.037656,0.000000,0.000000,0.000000,0.000000,0.000000,0.000000
0.000000,0.000000,0.000000,0.000000,0.000000,0.000000,1000.068614,1000.094111,1000.115153,1000.133152,1000.145154,1000.148076,1000.141607,1000.129492,1000.115896,1000.102810,1000.090368,1000.078279,1000.066478,1000.054846,1000.043372,1000.032189,1000.021332,1000.010790,1000.000589,999.990789,999.981437,999.972515,999.963942,999.955679,999.947772,999.940243,999.933078,999.926266,999.919817,999.913751,999.908066,999.902759,999.897821,999.893263,999.889101,999.885305,999.881868,999.878813,999.876162,999.873915,999.872026,999.870459,999.869220,999.868314,999.867737,999.867509,999.867651,999.868168,999.869048,999.870278,999.871863,999.873815,999.876150,999.878883,999.882033,999.885582,999.889470,999.893659,999.898169,999.903053,999.908344,999.914063,999.920216,999.926747,999.933580,999.940730,999.948270,999.956176,999.964385,999.972951,999.981967,999.991406,1000.001197,1000.011347,1000.021916,1000.032893,1000.044176,1000.055754,1000.067707,1000.080169,1000.093276,1000.107043,1000.121296,1000.134697,1000.144007,1000.145583,1000.138108,1000.123669,1000.105031,1000.083572,1000.055871,0.000000,0.000000,0.000000,0.000000,0.000000,0.000000
0.000000,0.000000,0.000000,0.000000,0.000000,1000.056448,1000.084539,1000.106050,1000.125296,1000.140259,1000.148055,1000.146459,1000.136852,1000.123294,1000.109226,1000.095850,1000.083082,1000.070804,1000.058873,1000.047175,1000.035746,1000.024648,1000.013859,1000.003380,999.993256,999.983532,999.974237,999.965343,999.956788,999.948553,999.940658,999.933115,999.925930,999.919102,999.912646,999.906580,999.900907,999.895609,999.890668,999.886106,999.881921,999.878095,999.874641,999.871567,999.868886,999.866584,999.864635,999.863028,999.861763,999.860843,999.860272,999.860065,999.860236,999.860778,999.861675,999.862927,999.864538,999.866507,999.868835,999.871549,999.874684,999.878236,999.882163,999.886413,999.890962,999.895846,999.901117,999.906815,999.912954,999.919479,999.926329,999.933513,999.941064,999.948962,999.957163,999.965704,999.974696,999.984145,999.993935,1000.004050,1000.014591,1000.025554,1000.036840,1000.048452,1000.060469,1000.072975,1000.086101,1000.100005,1000.114565,1000.128905,1000.140527,1000.145975,1000.143155,1000.132639,1000.116864,1000.097914,1000.076719,1000.048674,0.000000,0.000000,0.000000,0.000000,0.000000
0.000000,0.000000,0.000000,0.000000,0.000000,1000.071453,1000.097041,1000.117485,1000.134550,1000.145487,1000.148135,1000.142239,1000.130476,1000.116331,1000.102269,1000.088855,1000.075970,1000.063619,1000.051632,1000.039949,1000.028585,1000.017545,1000.006803,999.996369,999.986302,999.976656,999.967429,999.958566,999.950039,999.941832,999.933936,999.926374,999.919164,999.912315,999.905849,999.899783,999.894112,999.888804,999.883856,999.879274,999.875058,999.871224,999.867768,999.864689,999.861983,999.859634,999.857634,999.855989,999.854705,999.853778,999.853211,999.853014,999.853198,999.853749,999.854659,999.855933,999.857566,999.859552,999.861888,999.864597,999.867709,999.871240,999.875168,999.879445,999.884036,999.888940,999.894214,999.899910,999.906038,999.912549,999.919399,999.926610,999.934194,999.942109,999.950329,999.958877,999.967839,999.977262,999.987049,999.997139,1000.007631,1000.018556,1000.029815,1000.041399,1000.053403,1000.065892,1000.078934,1000.092689,1000.107057,1000.121588,1000.134655,1000.143368,1000.145472,1000.140143,1000.128329,1000.111696,1000.092283,1000.065565,0.000000,0.000000,0.000000,0.000000,0.000000
0.000000,0.000000,0.000000,0.000000,1000.056410,1000.086633,1000.108775,1000.127892,1000.141777,1000.147755,1000.145171,1000.135872,1000.122940,1000.108945,1000.095184,1000.081878,1000.069081,1000.056773,1000.044805,1000.033167,1000.021863,1000.010860,1000.000133,999.989716,999.979703,999.970143,999.960995,999.952187,999.943689,999.935488,999.927581,999.920000,999.912771,999.905906,999.899430,999.893353,999.887657,999.882330,999.877367,999.872766,999.868546,999.864709,999.861251,999.858173,999.855452,999.853074,999.851043,999.849373,999.848071,999.847134,999.846567,999.846376,999.846555,999.847096,999.848009,999.849297,999.850948,999.852949,999.855305,999.858033,999.861145,999.864652,999.868557,999.872834,999.877444,999.882373,999.887663,999.893368,999.899496,999.906001,999.912847,999.920060,999.927658,999.935602,999.943855,999.952423,999.961368,999.970747,999.980514,999.990593,1000.001042,1000.011910,1000.023124,1000.034643,1000.046556,1000.058934,1000.071800,1000.085237,1000.099164,1000.113289,1000.126775,1000.137796,1000.144288,1000.144529,1000.137609,1000.124077,1000.106438,1000.085840,1000.057887,0.000000,0.000000,0.000000,0.000000
0.000000,0.000000,0.000000,0.000000,1000.070433,1000.098002,1000.119076,1000.136462,1000.146280,1000.146810,1000.139735,1000.128293,1000.115093,1000.101585,1000.088194,1000.075145,1000.062552,1000.050341,1000.038444,1000.026863,1000.015593,1000.004604,999.993874,999.983478,999.973534,999.964059,999.954978,999.946206,999.937716,999.929500,999.921568,999.913969,999.906735,999.899867,999.893380,999.887281,999.881561,999.876217,999.871243,999.866649,999.862431,999.858583,999.855118,999.852025,999.849278,999.846875,999.844829,999.843151,999.841844,999.840912,999.840352,999.840163,999.840335,999.840863,999.841762,999.843047,999.844709,999.846721,999.849090,999.851834,999.854964,999.858474,999.862367,999.866642,999.871260,999.876203,999.881505,999.887218,999.893350,999.899854,999.906702,999.913921,999.921512,999.929462,999.937750,999.946344,999.955271,999.964601,999.974335,999.984402,999.994816,1000.005625,1000.016784,1000.028237,1000.040022,1000.052197,1000.064800,1000.077864,1000.091299,1000.104842,1000.118069,1000.130189,1000.139783,1000.145087,1000.143874,1000.134727,1000.118678,1000.098999,1000.071501,0.000000,0.000000,0.000000,0.000000
0.000000,0.000000,0.000000,0.000000,1000.082695,1000.107490,1000.127941,1000.142406,1000.147594,1000.143305,1000.133031,1000.120527,1000.107565,1000.094536,1000.081531,1000.068827,1000.056450,1000.044361,1000.032556,1000.021020,1000.009767,999.998782,999.988076,999.977746,999.967873,999.958438,999.949368,999.940596,999.932096,999.923851,999.915894,999.908284,999.901040,999.894163,999.887665,999.881557,999.875833,999.870478,999.865504,999.860913,999.856692,999.852841,999.849357,999.846225,999.843443,999.841019,999.838968,999.837297,999.836006,999.835093,999.834551,999.834366,999.834534,999.835057,999.835944,999.837220,999.838880,999.840898,999.843271,999.846023,999.849159,999.852681,999.856587,999.860866,999.865500,999.870465,999.875774,999.881487,999.887616,999.894115,999.900970,999.908203,999.915804,999.923752,999.932050,999.940670,999.949598,999.958886,999.968569,999.978610,999.988983,999.999726,1000.010838,1000.022240,1000.033894,1000.045831,1000.058126,1000.070793,1000.083755,1000.096832,1000.109646,1000.121982,1000.133335,1000.142368,1000.146328,1000.142173,1000.129384,1000.110722,1000.086547,0.000000,0.000000,0.000000,0.000000
0.000000,0.000000,0.000000,1000.061307,1000.092504,1000.116032,1000.134849,1000.145558,1000.146179,1000.138160,1000.126057,1000.113264,1000.100612,1000.087964,1000.075353,1000.062976,1000.050801,1000.038838,1000.027102,1000.015599,1000.004374,999.993424,999.982785,999.972538,999.962705,999.953249,999.944133,999.935331,999.926813,999.918551,999.910576,999.902942,999.895673,999.888779,999.882282,999.876189,999.870467,999.865103,999.860113,999.855503,999.851277,999.847421,999.843916,999.840760,999.837962,999.835538,999.833499,999.831848,999.830577,999.829679,999.829142,999.828961,999.829130,999.829653,999.830539,999.831809,999.833464,999.835489,999.837868,999.840621,999.843758,999.847276,999.851188,999.855481,999.860131,999.865131,999.870472,999.876182,999.882293,999.888782,999.895650,999.902910,999.910528,999.918482,999.926782,999.935418,999.944367,999.953640,999.963269,999.973256,999.983585,999.994257,1000.005300,1000.016653,1000.028209,1000.039942,1000.051938,1000.064232,1000.076766,1000.089462,1000.101995,1000.114260,1000.126315,1000.137534,1000.145502,1000.146277,1000.137609,1000.120868,1000.099623,1000.070051,0.000000,0.000000,0.000000
0.000000,0.000000,0.000000,1000.074699,1000.100886,1000.122885,1000.139396,1000.146262,1000.142680,1000.132071,1000.119308,1000.106671,1000.094264,1000.081940,1000.069711,1000.057615,1000.045606,1000.033746,1000.022083,1000.010638,999.999449,999.988556,999.978000,999.967806,999.957964,999.948443,999.939251,999.930406,999.921881,999.913620,999.905627,999.897963,999.890667,999.883765,999.877285,999.871205,999.865477,999.860090,999.855066,999.850436,999.846198,999.842329,999.838820,999.835665,999.832876,999.830476,999.828466,999.826831,999.825565,999.824662,999.824114,999.823924,999.824097,999.824625,999.825512,999.826774,999.828424,999.830454,999.832853,999.835617,999.838756,999.842272,999.846173,999.850473,999.855143,999.860168,999.865548,999.871278,999.877375,999.883851,999.890734,999.898033,999.905678,999.913634,999.921938,999.930594,999.939561,999.948830,999.958428,999.968358,999.978627,999.989252,1000.000221,1000.011476,1000.022937,1000.034534,1000.046304,1000.058305,1000.070482,1000.082807,1000.095135,1000.107335,1000.119496,1000.131619,1000.142255,1000.147425,1000.143065,1000.128598,1000.108329,1000.082653,0.000000,0.000000,0.000000
0.000000,0.000000,0.000000,1000.083852,1000.107940,1000.127861,1000.141641,1000.144682,1000.137690,1000.125679,1000.112948,1000.100644,1000.088493,1000.076484,1000.064599,1000.052730,1000.040879,1000.029146,1000.017578,1000.006194,999.995052,999.984205,999.973683,999.963497,999.953617,999.944014,999.934743,999.925862,999.917333,999.909072,999.901068,999.893380,999.886068,999.879174,999.872704,999.866618,999.860867,999.855449,999.850405,999.845765,999.841518,999.837649,999.834142,999.830990,999.828214,999.825836,999.823839,999.822204,999.820927,999.820006,999.819445,999.819246,999.819415,999.819948,999.820834,999.822084,999.823719,999.825746,999.828166,999.830962,999.834119,999.837646,999.841553,999.845847,999.850530,999.855571,999.860966,999.866721,999.872826,999.879300,999.886197,999.893523,999.901205,999.909186,999.917504,999.926187,999.935178,999.944440,999.954016,999.963921,999.974157,999.984743,999.995651,1000.006794,1000.018125,1000.029616,1000.041242,1000.053021,1000.064927,1000.076916,1000.088994,1000.101106,1000.113173,1000.125490,1000.137528,1000.145950,1000.145524,1000.133992,1000.115448,1000.092507,0.000000,0.000000,0.000000
0.000000,0.000000,0.000000,1000.088175,1000.112726,1000.130725,1000.141487,1000.141113,1000.131880,1000.119381,1000.107017,1000.095105,1000.083281,1000.071611,1000.060011,1000.048367,1000.036725,1000.025145,1000.013671,1000.002350,999.991232,999.980372,999.969829,999.959616,999.949688,999.940012,999.930670,999.921746,999.913200,999.904930,999.896911,999.889208,999.881894,999.875002,999.868523,999.862411,999.856630,999.851195,999.846148,999.841508,999.837266,999.833400,999.829895,999.826743,999.823963,999.821573,999.819564,999.817921,999.816630,999.815694,999.815122,999.814923,999.815088,999.815616,999.816501,999.817742,999.819359,999.821373,999.823798,999.826623,999.829816,999.833372,999.837307,999.841614,999.846289,999.851332,999.856733,999.862499,999.868619,999.875104,999.882013,999.889351,999.897054,999.905086,999.913460,999.922183,999.931202,999.940473,999.950041,999.959956,999.970205,999.980768,999.991615,1000.002661,1000.013883,1000.025273,1000.036766,1000.048348,1000.060032,1000.071742,1000.083523,1000.095453,1000.107378,1000.119581,1000.132140,1000.142549,1000.145311,1000.136877,1000.120318,1000.097265,0.000000,0.000000,0.000000
0.000000,0.000000,0.000000,1000.088463,1000.111925,1000.130664,1000.139268,1000.136225,1000.125659,1000.113298,1000.101510,1000.090042,1000.078632,1000.067335,1000.056026,1000.044649,1000.033243,1000.021797,1000.010400,999.999125,999.987980,999.977053,999.966457,999.956190,999.946198,999.936454,999.927040,999.918060,999.909479,999.901181,999.893140,999.885434,999.878127,999.871232,999.864728,999.858580,999.852777,999.847334,999.842285,999.837649,999.833406,999.829543,999.826042,999.822885,999.820083,999.817666,999.815637,999.813979,999.812675,999.811730,999.811157,999.810956,999.811122,999.811649,999.812537,999.813781,999.815388,999.817387,999.819803,999.822632,999.825854,999.829444,999.833409,999.837749,999.842436,999.847470,999.852872,999.858647,999.864781,999.871278,999.878192,999.885534,999.893248,999.901324,999.909777,999.918559,999.927607,999.936913,999.946523,999.956476,999.966760,999.977330,999.988136,999.999114,1000.010268,1000.021581,1000.032952,1000.044334,1000.055762,1000.067198,1000.078667,1000.090284,1000.101993,1000.113945,1000.126488,1000.137990,1000.143093,1000.136733,1000.119578,1000.097476,0.000000,0.000000,0.000000
0.000000,0.000000,1000.049393,1000.083546,1000.111176,1000.129404,1000.135175,1000.130069,1000.119135,1000.107512,1000.096403,1000.085467,1000.074595,1000.063721,1000.052740,1000.041664,1000.030465,1000.019123,1000.007776,999.996481,999.985273,999.974262,999.963577,999.953228,999.943150,999.933319,999.923828,999.914780,999.906138,999.897795,999.889738,999.882045,999.874757,999.867858,999.861322,999.855139,999.849310,999.843856,999.838808,999.834165,999.829918,999.826056,999.822552,999.819385,999.816564,999.814127,999.812082,999.810405,999.809086,999.808134,999.807562,999.807362,999.807530,999.808061,999.808956,999.810209,999.811821,999.813816,999.816220,999.819038,999.822261,999.825876,999.829867,999.834232,999.838949,999.843995,999.849399,999.855186,999.861337,999.867850,999.874765,999.882105,999.889840,999.897949,999.906443,999.915284,999.924388,999.933753,999.943440,999.953469,999.963813,999.974412,999.985224,999.996209,1000.007345,1000.018606,1000.029887,1000.041071,1000.052206,1000.063313,1000.074400,1000.085574,1000.096921,1000.108502,1000.120543,1000.132300,1000.139149,1000.135418,1000.118802,1000.092397,1000.057890,0.000000,0.000000
0.000000,0.000000,1000.062731,1000.086326,1000.110083,1000.125463,1000.129337,1000.123205,1000.112636,1000.101996,1000.091705,1000.081455,1000.071252,1000.060881,1000.050269,1000.039495,1000.028476,1000.017190,1000.005817,999.994446,999.983136,999.972002,999.961185,999.950713,999.940519,999.930587,999.921011,999.911883,999.903164,999.894772,999.886713,999.879042,999.871769,999.864858,999.858289,999.852071,999.846216,999.840751,999.835695,999.831049,999.826802,999.822933,999.819418,999.816237,999.813408,999.810962,999.808904,999.807215,999.805885,999.804928,999.804357,999.804164,999.804335,999.804868,999.805763,999.807020,999.808643,999.810644,999.813044,999.815854,999.819069,999.822684,999.826691,999.831073,999.835808,999.840879,999.846305,999.852115,999.858289,999.864817,999.871739,999.879085,999.886844,999.894981,999.903488,999.912359,999.921537,999.931001,999.940796,999.950919,999.961334,999.972014,999.982912,999.993983,1000.005184,1000.016438,1000.027642,1000.038652,1000.049491,1000.060217,1000.070827,1000.081418,1000.092175,1000.103128,1000.114461,1000.125926,1000.133586,1000.131569,1000.117764,1000.095023,1000.071103,0.000000,0.000000
0.000000,0.000000,1000.062417,1000.085895,1000.106874,1000.120089,1000.122450,1000.116016,1000.106328,1000.096827,1000.087511,1000.078118,1000.068701,1000.058978,1000.048843,1000.038340,1000.027417,1000.016104,1000.004604,999.993070,999.981585,999.970262,999.959249,999.948601,999.938279,999.928248,999.918578,999.909357,999.900564,999.892139,999.884077,999.876410,999.869131,999.862198,999.855602,999.849358,999.843483,999.838005,999.832945,999.828303,999.824055,999.820176,999.816643,999.813448,999.810617,999.808170,999.806105,999.804411,999.803080,999.802127,999.801559,999.801367,999.801542,999.802078,999.802972,999.804226,999.805851,999.807857,999.810255,999.813059,999.816276,999.819890,999.823892,999.828275,999.833013,999.838100,999.843559,999.849407,999.855615,999.862162,999.869101,999.876470,999.884250,999.892408,999.900925,999.909817,999.919075,999.928668,999.938587,999.948817,999.959332,999.970137,999.981209,999.992475,1000.003823,1000.015127,1000.026303,1000.037192,1000.047746,1000.058055,1000.068096,1000.077930,1000.087884,1000.097982,1000.108359,1000.119062,1000.126980,1000.126457,1000.114874,1000.094914,1000.071482,0.000000,0.000000
0.000000,0.000000,1000.055044,1000.080176,1000.100398,1000.112820,1000.114786,1000.108959,1000.100453,1000.092130,1000.083881,1000.075547,1000.067143,1000.058285,1000.048743,1000.038461,1000.027466,1000.015948,1000.004182,999.992354,999.980592,999.968999,999.957714,999.946857,999.936401,999.926275,999.916523,999.907216,999.898355,999.889902,999.881823,999.874130,999.866820,999.859865,999.853259,999.847005,999.841118,999.835630,999.830570,999.825928,999.821672,999.817776,999.814225,999.811027,999.808201,999.805755,999.803689,999.801995,999.800670,999.799723,999.799156,999.798961,999.799137,999.799678,999.800577,999.801835,999.803460,999.805461,999.807854,999.810655,999.813872,999.817492,999.821486,999.825847,999.830574,999.835667,999.841153,999.847038,999.853283,999.859868,999.866832,999.874226,999.882039,999.890215,999.898741,999.907665,999.917012,999.926739,999.936790,999.947144,999.957804,999.968789,999.980098,999.991648,1000.003258,1000.014735,1000.025975,1000.036829,1000.047159,1000.056961,1000.066262,1000.075177,1000.084138,1000.093241,1000.102504,1000.112080,1000.119496,1000.119573,1000.109015,1000.090035,1000.065431,0.000000,0.000000
0.000000,0.000000,1000.042466,1000.069459,1000.090470,1000.103518,1000.106638,1000.102377,1000.095267,1000.088030,1000.080925,1000.073916,1000.066846,1000.059114,1000.050279,1000.040128,1000.028809,1000.016791,1000.004505,999.992223,999.980084,999.968146,999.956551,999.945455,999.934844,999.924640,999.914829,999.905460,999.896554,999.888056,999.879931,999.872196,999.864854,999.857882,999.851272,999.845025,999.839137,999.833638,999.828569,999.823914,999.819638,999.815721,999.812161,999.808971,999.806157,999.803719,999.801652,999.799957,999.798638,999.797697,999.797129,999.796932,999.797107,999.797651,999.798559,999.799828,999.801462,999.803463,999.805849,999.808648,999.811864,999.815481,999.819469,999.823806,999.828510,999.833608,999.839114,999.845014,999.851277,999.857904,999.864913,999.872335,999.880181,999.888390,999.896935,999.905898,999.915324,999.925174,999.935369,999.945869,999.956707,999.967935,999.979543,999.991441,1000.003446,1000.015319,1000.026860,1000.037845,1000.047974,1000.057110,1000.065416,1000.073191,1000.080940,1000.088915,1000.097100,1000.105382,1000.111505,1000.110767,1000.099850,1000.080369,1000.054425,0.000000,0.000000
0.000000,0.000000,1000.025441,1000.055194,1000.077823,1000.092503,1000.098007,1000.096286,1000.091025,1000.085013,1000.079152,1000.073580,1000.067985,1000.061596,1000.053622,1000.043522,1000.031551,1000.018608,1000.005475,999.992556,999.979943,999.967631,999.955727,999.944374,999.933593,999.923309,999.913460,999.904070,999.895131,999.886578,999.878396,999.870620,999.863256,999.856273,999.849662,999.843421,999.837533,999.832028,999.826936,999.822251,999.817951,999.814020,999.810460,999.807280,999.804478,999.802045,999.799976,999.798283,999.796970,999.796034,999.795469,999.795274,999.795449,999.795995,999.796908,999.798187,999.799833,999.801847,999.804237,999.807029,999.810239,999.813847,999.817820,999.822145,999.826842,999.831948,999.837462,999.843353,999.849614,999.856264,999.863319,999.870789,999.878673,999.886923,999.895508,999.904507,999.914001,999.923951,999.934281,999.944955,999.956000,999.967488,999.979445,999.991794,1000.004363,1000.016931,1000.029187,1000.040576,1000.050476,1000.058718,1000.065713,1000.072075,1000.078478,1000.085253,1000.092332,1000.099113,1000.103106,1000.100218,1000.087687,1000.066672,1000.038487,0.000000,0.000000
0.000000,0.000000,1000.006330,1000.039767,1000.064221,1000.080776,1000.089182,1000.090721,1000.088028,1000.083694,1000.079167,1000.074855,1000.070514,1000.065378,1000.058305,1000.048280,1000.035453,1000.021191,1000.006889,999.993167,999.980024,999.967359,999.955191,999.943610,999.932651,999.922266,999.912397,999.903008,999.894036,999.885429,999.877200,999.869403,999.862031,999.855036,999.848420,999.842182,999.836302,999.830786,999.825663,999.820945,999.816626,999.812691,999.809133,999.805956,999.803156,999.800725,999.798662,999.796977,999.795668,999.794735,999.794174,999.793983,999.794162,999.794709,999.795620,999.796901,999.798559,999.800589,999.802992,999.805785,999.808983,999.812579,999.816540,999.820861,999.825568,999.830688,999.836201,999.842074,999.848318,999.854974,999.862055,999.869570,999.877511,999.885819,999.894449,999.903484,999.913035,999.923073,999.933515,999.944344,999.955596,999.967354,999.979688,999.992573,1000.005921,1000.019582,1000.032982,1000.044994,1000.054596,1000.061752,1000.067296,1000.072226,1000.077329,1000.082862,1000.088546,1000.093226,1000.094244,1000.088300,1000.073512,1000.050582,1000.018812,0.000000,0.000000
0.000000,0.000000,999.988907,1000.026187,1000.052309,1000.070413,1000.081354,1000.086073,1000.086235,1000.083890,1000.080676,1000.077321,1000.073759,1000.069412,1000.063078,1000.053236,1000.039626,1000.023980,1000.008398,999.993816,999.980176,999.967232,999.954874,999.943121,999.932015,999.921534,999.911629,999.902228,999.893236,999.884586,999.876323,999.868520,999.861148,999.854151,999.847530,999.841295,999.835426,999.829905,999.824760,999.820018,999.815687,999.811754,999.808192,999.805002,999.802197,999.799773,999.797724,999.796048,999.794743,999.793810,999.793248,999.793059,999.793241,999.793789,999.794697,999.795976,999.797641,999.799683,999.802100,999.804904,999.808098,999.811681,999.815638,999.819957,999.824671,999.829803,999.835320,999.841184,999.847410,999.854052,999.861140,999.868685,999.876678,999.885045,999.893733,999.902824,999.912423,999.922517,999.933040,999.943982,999.955402,999.967416,999.980124,999.993582,1000.007883,1000.022919,1000.037676,1000.050287,1000.059454,1000.065578,1000.070012,1000.073900,1000.077903,1000.082133,1000.085981,1000.087863,1000.085397,1000.076345,1000.059555,1000.034482,999.997945,0.000000,0.000000
0.000000,0.000000,999.978172,1000.016766,1000.044475,1000.063716,1000.076223,1000.083020,1000.085283,1000.084575,1000.082409,1000.079627,1000.076367,1000.072344,1000.066466,1000.056828,1000.042723,1000.026071,1000.009516,999.994272,999.980272,999.967150,999.954690,999.942855,999.931657,999.921102,999.911154,999.901730,999.892713,999.884036,999.875763,999.867958,999.860582,999.853594,999.846984,999.840754,999.834895,999.829389,999.824246,999.819495,999.815156,999.811212,999.807636,999.804431,999.801620,999.799205,999.797167,999.795497,999.794194,999.793257,999.792691,999.792502,999.792687,999.793236,999.794145,999.795426,999.797093,999.799143,999.801571,999.804384,999.807581,999.811162,999.815110,999.819424,999.824134,999.829266,999.834795,999.840670,999.846894,999.853513,999.860583,999.868141,999.876164,999.884574,999.893326,999.902484,999.912128,999.922251,999.932809,999.943811,999.955354,999.967569,999.980573,999.994554,1000.009767,1000.026073,1000.041981,1000.054935,1000.063596,1000.069010,1000.072924,1000.076318,1000.079560,1000.082552,1000.084433,1000.083573,1000.078151,1000.066713,1000.048048,1000.020245,999.982229,0.000000,0.000000
0.000000,999.943616,999.978140,1000.014358,1000.042031,1000.061719,1000.074866,1000.082311,1000.085179,1000.084964,1000.083119,1000.080471,1000.077236,1000.073254,1000.067464,1000.057853,1000.043595,1000.026649,1000.009798,999.994345,999.980234,999.967060,999.954588,999.942749,999.931534,999.920952,999.910975,999.901519,999.892477,999.883798,999.875530,999.867725,999.860352,999.853368,999.846771,999.840556,999.834714,999.829238,999.824118,999.819375,999.815026,999.811057,999.807463,999.804250,999.801434,999.799018,999.796982,999.795314,999.794011,999.793072,999.792506,999.792317,999.792502,999.793053,999.793965,999.795251,999.796923,999.798979,999.801412,999.804227,999.807429,999.811010,999.814952,999.819251,999.823949,999.829078,999.834617,999.840515,999.846748,999.853356,999.860407,999.867949,999.875967,999.884397,999.893199,999.902416,999.912101,999.922230,999.932777,999.943795,999.955405,999.967733,999.980902,999.995174,1000.010923,1000.027960,1000.044444,1000.057449,1000.065752,1000.070865,1000.074684,1000.077985,1000.080896,1000.083139,1000.083754,1000.081236,1000.074046,1000.060971,1000.041226,1000.013575,999.977746,999.944200,0.000000
0.000000,0.000000,999.979822,1000.018194,1000.045994,1000.065205,1000.077571,1000.084086,1000.085971,1000.084886,1000.082428,1000.079450,1000.076055,1000.071887,1000.065793,1000.055979,1000.041907,1000.025462,1000.009110,999.993981,999.980038,999.966962,999.954558,999.942785,999.931633,999.921075,999.911083,999.901600,999.892548,999.883891,999.875642,999.867836,999.860465,999.853494,999.846908,999.840702,999.834881,999.829439,999.824357,999.819630,999.815269,999.811282,999.807675,999.804453,999.801629,999.799202,999.797162,999.795494,999.794195,999.793260,999.792696,999.792508,999.792691,999.793239,999.794153,999.795447,999.797129,999.799191,999.801624,999.804436,999.807635,999.811215,999.815153,999.819441,999.824125,999.829249,999.834794,999.840706,999.846952,999.853564,999.860614,999.868128,999.876102,999.884516,999.893345,999.902607,999.912307,999.922414,999.932929,999.943932,999.955543,999.967866,999.981014,999.995242,1000.010927,1000.027861,1000.044205,1000.057100,1000.065378,1000.070541,1000.074464,1000.077899,1000.080979,1000.083405,1000.084124,1000.081506,1000.074024,1000.060681,1000.040757,1000.012994,999.974737,0.000000,0.000000
0.000000,0.000000,999.992346,1000.029257,1000.055134,1000.073137,1000.083808,1000.087959,1000.087454,1000.084549,1000.080902,1000.077186,1000.073313,1000.068634,1000.061918,1000.051830,1000.038304,1000.022987,1000.007723,999.993305,999.979739,999.966884,999.954648,999.943011,999.931960,999.921462,999.911482,999.901989,999.892949,999.884321,999.876100,999.868303,999.860934,999.853980,999.847409,999.841211,999.835401,999.829982,999.824932,999.820227,999.815867,999.811872,999.808262,999.805037,999.802201,999.799763,999.797718,999.796053,999.794759,999.793830,999.793269,999.793078,999.793254,999.793796,999.794712,999.796014,999.797706,999.799771,999.802200,999.805005,999.808199,999.811777,999.815712,999.819993,999.824667,999.829786,999.835329,999.841241,999.847498,999.854127,999.861182,999.868669,999.876585,999.884957,999.893787,999.903063,999.912749,999.922810,999.933277,999.944228,999.955771,999.967980,999.980919,999.994789,1000.009845,1000.025881,1000.041419,1000.054070,1000.062643,1000.068177,1000.072360,1000.076154,1000.079896,1000.083379,1000.085542,1000.084477,1000.078204,1000.065478,1000.045800,1000.018552,999.980894,0.000000,0.000000
0.000000,0.000000,1000.010940,1000.043662,1000.067815,1000.084234,1000.092220,1000.093044,1000.089653,1000.084791,1000.079804,1000.075038,1000.070216,1000.064561,1000.057021,1000.046770,1000.034072,1000.020144,1000.006124,999.992530,999.979456,999.966914,999.954921,999.943473,999.932549,999.922121,999.912170,999.902697,999.893687,999.885097,999.876907,999.869124,999.861765,999.854830,999.848280,999.842094,999.836289,999.830871,999.825832,999.821153,999.816811,999.812824,999.809217,999.805993,999.803153,999.800709,999.798663,999.797000,999.795709,999.794784,999.794225,999.794030,999.794196,999.794731,999.795648,999.796955,999.798649,999.800710,999.803134,999.805933,999.809127,999.812705,999.816634,999.820909,999.825580,999.830691,999.836225,999.842130,999.848389,999.855032,999.862090,999.869557,999.877425,999.885745,999.894553,999.903810,999.913453,999.923446,999.933831,999.944696,999.956113,999.968122,999.980744,999.994052,1000.008152,1000.022864,1000.037165,1000.049360,1000.058367,1000.064632,1000.069455,1000.073949,1000.078676,1000.083563,1000.087786,1000.089401,1000.085637,1000.074435,1000.055466,1000.029156,999.993976,0.000000,0.000000
0.000000,0.000000,1000.030255,1000.059311,1000.081633,1000.096119,1000.101114,1000.098698,1000.092888,1000.086473,1000.080191,1000.074111,1000.067934,1000.060981,1000.052587,1000.042316,1000.030441,1000.017727,1000.004770,999.991904,999.979329,999.967160,999.955453,999.944214,999.933428,999.923077,999.913171,999.903733,999.894757,999.886218,999.878073,999.870307,999.862962,999.856047,999.849516,999.843343,999.837543,999.832123,999.827082,999.822413,999.818098,999.814133,999.810536,999.807314,999.804476,999.802034,999.799987,999.798326,999.797037,999.796115,999.795557,999.795357,999.795515,999.796045,999.796962,999.798269,999.799957,999.802012,999.804431,999.807231,999.810425,999.813998,999.817923,999.822199,999.826865,999.831963,999.837486,999.843382,999.849628,999.856264,999.863328,999.870789,999.878625,999.886898,999.895660,999.904865,999.914435,999.924343,999.934624,999.945365,999.956617,999.968378,999.980626,999.993338,1000.006470,1000.019842,1000.032855,1000.044483,1000.053903,1000.061186,1000.067171,1000.072786,1000.078662,1000.084864,1000.090943,1000.095327,1000.094576,1000.085479,1000.067529,1000.042540,1000.010485,0.000000,0.000000
0.000000,0.000000,1000.047142,1000.073388,1000.094105,1000.106972,1000.109606,1000.104742,1000.097196,1000.089601,1000.082071,1000.074563,1000.066958,1000.058770,1000.049646,1000.039367,1000.028069,1000.016157,1000.003940,999.991642,999.979509,999.967711,999.956300,999.945272,999.934618,999.924356,999.914515,999.905117,999.896176,999.887683,999.879588,999.871863,999.864536,999.857624,999.851106,999.844953,999.839161,999.833742,999.828700,999.824034,999.819736,999.815796,999.812214,999.808997,999.806163,999.803722,999.801671,999.800007,999.798723,999.797807,999.797248,999.797044,999.797200,999.797732,999.798653,999.799959,999.801641,999.803693,999.806113,999.808914,999.812099,999.815658,999.819581,999.823864,999.828530,999.833614,999.839113,999.844990,999.851218,999.857840,999.864906,999.872367,999.880189,999.888422,999.897112,999.906231,999.915709,999.925518,999.935698,999.946289,999.957340,999.968848,999.980722,999.992889,1000.005237,1000.017568,1000.029579,1000.040735,1000.050515,1000.058869,1000.066251,1000.073254,1000.080384,1000.087688,1000.095076,1000.101574,1000.103435,1000.096386,1000.079551,1000.055925,1000.026633,0.000000,0.000000
0.000000,0.000000,1000.059592,1000.083798,1000.103781,1000.116052,1000.117612,1000.111271,1000.102342,1000.093612,1000.084904,1000.076117,1000.067300,1000.058132,1000.048415,1000.038046,1000.027034,1000.015550,1000.003777,999.991881,999.980115,999.968634,999.957481,999.946655,999.936144,999.925978,999.916210,999.906870,999.897969,999.889510,999.881460,999.873781,999.866477,999.859571,999.853053,999.846910,999.841132,999.835721,999.830685,999.826024,999.821736,999.817813,999.814247,999.811042,999.808210,999.805765,999.803708,999.802040,999.800758,999.799845,999.799287,999.799084,999.799247,999.799791,999.800721,999.802029,999.803711,999.805766,999.808189,999.810983,999.814149,999.817690,999.821611,999.825908,999.830581,999.835644,999.841112,999.846967,999.853180,999.859789,999.866845,999.874304,999.882111,999.890301,999.898913,999.907920,999.917284,999.926999,999.937083,999.947529,999.958370,999.969624,999.981165,999.992880,1000.004667,1000.016353,1000.027773,1000.038670,1000.048788,1000.058070,1000.066690,1000.074996,1000.083319,1000.091609,1000.100038,1000.108031,1000.111617,1000.105819,1000.089623,1000.066878,1000.039935,0.000000,0.000000
0.000000,0.000000,1000.066888,1000.089406,1000.110075,1000.123106,1000.125141,1000.118245,1000.108116,1000.098179,1000.088403,1000.078587,1000.068818,1000.058880,1000.048659,1000.038108,1000.027158,1000.015854,1000.004329,999.992704,999.981198,999.969969,999.959035,999.948377,999.938011,999.927963,999.918279,999.909003,999.900152,999.891732,999.883712,999.876060,999.868781,999.861887,999.855366,999.849213,999.843441,999.838049,999.833029,999.828378,999.824103,999.820197,999.816645,999.813452,999.810629,999.808180,999.806114,999.804443,999.803159,999.802244,999.801688,999.801494,999.801670,999.802229,999.803169,999.804482,999.806167,999.808224,999.810643,999.813420,999.816560,999.820088,999.824014,999.828327,999.833005,999.838049,999.843491,999.849327,999.855531,999.862129,999.869163,999.876596,999.884371,999.892520,999.901057,999.909947,999.919191,999.928818,999.938814,999.949139,999.959799,999.970796,999.982044,999.993437,1000.004868,1000.016209,1000.027375,1000.038228,1000.048669,1000.058670,1000.068240,1000.077560,1000.086880,1000.096158,1000.105673,1000.114809,1000.119145,1000.113317,1000.096828,1000.073605,1000.049081,0.000000,0.000000
0.000000,0.000000,1000.067268,1000.089976,1000.113198,1000.128311,1000.131876,1000.125282,1000.114310,1000.103282,1000.092549,1000.081888,1000.071353,1000.060796,1000.050123,1000.039313,1000.028279,1000.016994,1000.005581,999.994138,999.982817,999.971760,999.960993,999.950485,999.940257,999.930331,999.920734,999.911530,999.902740,999.894357,999.886360,999.878724,999.871453,999.864562,999.858041,999.851881,999.846105,999.840725,999.835725,999.831094,999.826837,999.822954,999.819425,999.816246,999.813434,999.810989,999.808916,999.807232,999.805939,999.805021,999.804469,999.804285,999.804477,999.805050,999.805998,999.807315,999.809003,999.811055,999.813457,999.816204,999.819326,999.822852,999.826784,999.831111,999.835795,999.840826,999.846244,999.852064,999.858264,999.864848,999.871847,999.879231,999.886965,999.895073,999.903539,999.912331,999.921476,999.931021,999.940940,999.951163,999.961665,999.972435,999.983443,999.994619,1000.005849,1000.017050,1000.028180,1000.039128,1000.049872,1000.060397,1000.070656,1000.080761,1000.090935,1000.101202,1000.111788,1000.121728,1000.125938,1000.119211,1000.101206,1000.075228,1000.051184,0.000000,0.000000
0.000000,0.000000,1000.054251,1000.087468,1000.114274,1000.132161,1000.137577,1000.131966,1000.120675,1000.108774,1000.097300,1000.085970,1000.074779,1000.063716,1000.052643,1000.041509,1000.030288,1000.018947,1000.007551,999.996200,999.985014,999.974069,999.963401,999.953013,999.942909,999.933092,999.923584,999.914448,999.905715,999.897374,999.889402,999.881772,999.874500,999.867603,999.861075,999.854917,999.849147,999.843774,999.838782,999.834166,999.829931,999.826069,999.822569,999.819420,999.816623,999.814183,999.812106,999.810409,999.809101,999.808178,999.807629,999.807454,999.807662,999.808248,999.809204,999.810526,999.812210,999.814247,999.816623,999.819350,999.822464,999.825989,999.829931,999.834268,999.838952,999.843969,999.849362,999.855165,999.861353,999.867916,999.874879,999.882218,999.889907,999.897969,999.906377,999.915092,999.924160,999.933643,999.943496,999.953623,999.963984,999.974578,999.985409,999.996435,1000.007579,1000.018773,1000.029973,1000.041096,1000.052130,1000.063029,1000.073785,1000.084567,1000.095502,1000.106639,1000.118169,1000.128477,1000.132050,1000.124241,1000.103804,1000.073725,1000.037254,0.000000,0.000000
0.000000,0.000000,0.000000,1000.092503,1000.114964,1000.133357,1000.141578,1000.137995,1000.127072,1000.114527,1000.102503,1000.090722,1000.079008,1000.067482,1000.056029,1000.044576,1000.033137,1000.021682,1000.010252,999.998930,999.987800,999.976921,999.966323,999.956006,999.945979,999.936249,999.926825,999.917742,999.909052,999.900755,999.892811,999.885201,999.877936,999.871029,999.864486,999.858327,999.852569,999.847203,999.842206,999.837588,999.833367,999.829524,999.826044,999.822928,999.820159,999.817735,999.815665,999.813965,999.812652,999.811721,999.811171,999.811004,999.811220,999.811816,999.812783,999.814106,999.815782,999.817801,999.820163,999.822886,999.825997,999.829524,999.833471,999.837803,999.842475,999.847476,999.852844,999.858622,999.864790,999.871335,999.878268,999.885563,999.893214,999.901232,999.909581,999.918237,999.927259,999.936689,999.946481,999.956526,999.966767,999.977244,999.987969,999.998905,1000.010035,1000.021288,1000.032594,1000.043917,1000.055217,1000.066410,1000.077584,1000.088959,1000.100520,1000.112399,1000.124728,1000.134859,1000.136821,1000.126766,1000.106724,1000.082818,0.000000,0.000000,0.000000
0.000000,0.000000,0.000000,1000.091827,1000.115502,1000.133286,1000.143729,1000.142837,1000.133239,1000.120611,1000.108134,1000.096007,1000.083905,1000.071953,1000.060132,1000.048385,1000.036720,1000.025129,1000.013633,1000.002290,999.991166,999.980321,999.969775,999.959500,999.949513,999.939831,999.930457,999.921417,999.912752,999.904476,999.896567,999.888995,999.881751,999.874843,999.868286,999.862119,999.856363,999.851000,999.846003,999.841383,999.837159,999.833322,999.829858,999.826764,999.824025,999.821630,999.819583,999.817898,999.816591,999.815664,999.815114,999.814946,999.815165,999.815766,999.816735,999.818056,999.819724,999.821733,999.824093,999.826815,999.829928,999.833455,999.837387,999.841699,999.846357,999.851346,999.856702,999.862458,999.868602,999.875129,999.882032,999.889292,999.896905,999.904872,999.913168,999.921789,999.930777,999.940161,999.949891,999.959865,999.970040,999.980460,999.991130,1000.002040,1000.013194,1000.024520,1000.035950,1000.047461,1000.058982,1000.070450,1000.082023,1000.093884,1000.105968,1000.118519,1000.131162,1000.140296,1000.140072,1000.128503,1000.110290,1000.086020,0.000000,0.000000,0.000000
0.000000,0.000000,0.000000,1000.086711,1000.110371,1000.130106,1000.143716,1000.146373,1000.139082,1000.127023,1000.114266,1000.101790,1000.089369,1000.077045,1000.064869,1000.052831,1000.040935,1000.029201,1000.017612,1000.006204,999.995068,999.984247,999.973732,999.963490,999.953526,999.943862,999.934513,999.925493,999.916828,999.908551,999.900659,999.893120,999.885912,999.879021,999.872469,999.866303,999.860548,999.855180,999.850184,999.845574,999.841349,999.837501,999.834040,999.830961,999.828247,999.825881,999.823865,999.822210,999.820922,999.820008,999.819463,999.819293,999.819511,999.820108,999.821069,999.822384,999.824043,999.826046,999.828402,999.831122,999.834231,999.837742,999.841652,999.845943,999.850590,999.855586,999.860950,999.866695,999.872814,999.879310,999.886187,999.893418,999.900980,999.908897,999.917171,999.925779,999.934740,999.944073,999.953737,999.963660,999.973817,999.984223,999.994893,1000.005820,1000.017013,1000.028418,1000.039970,1000.051641,1000.063356,1000.075107,1000.087052,1000.099302,1000.111837,1000.124885,1000.137336,1000.144704,1000.141509,1000.127196,1000.107143,1000.084264,0.000000,0.000000,0.000000
0.000000,0.000000,0.000000,1000.076804,1000.102934,1000.124557,1000.141038,1000.147798,1000.144130,1000.133641,1000.120933,1000.108125,1000.095422,1000.082728,1000.070157,1000.057849,1000.045731,1000.033815,1000.022115,1000.010634,999.999453,999.988639,999.978163,999.967954,999.958006,999.948351,999.939011,999.929990,999.921315,999.913024,999.905122,999.897594,999.890416,999.883560,999.877041,999.870898,999.865146,999.859776,999.854780,999.850174,999.845956,999.842101,999.838628,999.835556,999.832860,999.830519,999.828537,999.826914,999.825647,999.824742,999.824202,999.824035,999.824250,999.824839,999.825787,999.827085,999.828733,999.830729,999.833076,999.835791,999.838887,999.842380,999.846269,999.850541,999.855185,999.860202,999.865581,999.871313,999.877405,999.883874,999.890721,999.897914,999.905440,999.913332,999.921598,999.930216,999.939168,999.948441,999.958036,999.967927,999.978089,999.988526,999.999235,1000.010203,1000.021444,1000.032926,1000.044597,1000.056416,1000.068315,1000.080365,1000.092644,1000.105192,1000.118092,1000.131346,1000.142825,1000.147302,1000.140684,1000.123776,1000.101160,1000.076256,0.000000,0.000000,0.000000
0.000000,0.000000,0.000000,1000.063611,1000.094036,1000.116951,1000.135687,1000.146601,1000.147544,1000.139987,1000.128115,1000.115114,1000.102065,1000.088995,1000.075989,1000.063348,1000.051016,1000.038925,1000.027095,1000.015524,1000.004290,999.993473,999.983029,999.972859,999.962941,999.953300,999.943955,999.934920,999.926235,999.917931,999.910018,999.902487,999.895318,999.888490,999.882011,999.875901,999.870157,999.864784,999.859793,999.855193,999.850976,999.847122,999.843644,999.840569,999.837879,999.835557,999.833599,999.831996,999.830740,999.829835,999.829297,999.829137,999.829356,999.829941,999.830875,999.832155,999.833789,999.835775,999.838115,999.840824,999.843914,999.847396,999.851269,999.855524,999.860168,999.865192,999.870563,999.876277,999.882349,999.888792,999.895607,999.902771,999.910284,999.918172,999.926448,999.935091,999.944033,999.953252,999.962790,999.972653,999.982842,999.993338,1000.004099,1000.015132,1000.026431,1000.037972,1000.049771,1000.061746,1000.073849,1000.086209,1000.098772,1000.111561,1000.124696,1000.137610,1000.147068,1000.147854,1000.137743,1000.118443,1000.093821,1000.061759,0.000000,0.000000,0.000000
0.000000,0.000000,0.000000,0.000000,1000.082592,1000.107412,1000.127828,1000.142617,1000.148550,1000.145222,1000.135490,1000.122824,1000.109352,1000.095803,1000.082345,1000.069303,1000.056724,1000.044479,1000.032509,1000.020844,1000.009557,999.998713,999.988280,999.978159,999.968291,999.958681,999.949344,999.940294,999.931592,999.923286,999.915371,999.907833,999.900662,999.893837,999.887371,999.881282,999.875555,999.870186,999.865197,999.860603,999.856391,999.852543,999.849069,999.845992,999.843301,999.840979,999.839025,999.837430,999.836179,999.835276,999.834742,999.834591,999.834818,999.835401,999.836323,999.837592,999.839212,999.841184,999.843522,999.846234,999.849324,999.852803,999.856667,999.860915,999.865550,999.870548,999.875890,999.881580,999.887630,999.894051,999.900843,999.907997,999.915518,999.923424,999.931724,999.940375,999.949298,999.958478,999.967974,999.977830,999.988046,999.998592,1000.009438,1000.020542,1000.031881,1000.043513,1000.055446,1000.067578,1000.079939,1000.092611,1000.105453,1000.118518,1000.131612,1000.143271,1000.149605,1000.146144,1000.132323,1000.111777,1000.087939,0.000000,0.000000,0.000000,0.000000
0.000000,0.000000,0.000000,0.000000,1000.069434,1000.096804,1000.117908,1000.135700,1000.146540,1000.148455,1000.142295,1000.130909,1000.117219,1000.103081,1000.089154,1000.075715,1000.062839,1000.050421,1000.038339,1000.026594,1000.015245,1000.004346,999.993893,999.983805,999.974006,999.964461,999.955152,999.946098,999.937380,999.929066,999.921161,999.913630,999.906445,999.899607,999.893130,999.887034,999.881318,999.875966,999.870984,999.866386,999.862175,999.858340,999.854876,999.851804,999.849114,999.846783,999.844823,999.843231,999.841990,999.841101,999.840579,999.840435,999.840658,999.841227,999.842134,999.843392,999.845001,999.846969,999.849311,999.852025,999.855118,999.858596,999.862456,999.866696,999.871298,999.876256,999.881570,999.887239,999.893273,999.899673,999.906452,999.913617,999.921167,999.929101,999.937409,999.946044,999.954950,999.964115,999.973602,999.983464,999.993697,1000.004293,1000.015216,1000.026376,1000.037789,1000.049531,1000.061574,1000.073901,1000.086563,1000.099539,1000.112746,1000.126078,1000.138585,1000.147783,1000.149804,1000.141834,1000.125099,1000.104441,1000.078577,0.000000,0.000000,0.000000,0.000000
0.000000,0.000000,0.000000,0.000000,1000.055818,1000.084811,1000.106782,1000.126307,1000.141268,1000.148784,1000.147417,1000.138479,1000.125238,1000.110652,1000.096267,1000.082480,1000.069332,1000.056747,1000.044577,1000.032783,1000.021386,1000.010422,999.999900,999.989798,999.980055,999.970595,999.961347,999.952308,999.943576,999.935239,999.927333,999.919826,999.912648,999.905787,999.899287,999.893178,999.887458,999.882115,999.877144,999.872546,999.868333,999.864505,999.861060,999.857998,999.855312,999.852984,999.851016,999.849425,999.848205,999.847348,999.846853,999.846709,999.846910,999.847450,999.848334,999.849573,999.851179,999.853155,999.855500,999.858217,999.861307,999.864769,999.868612,999.872822,999.877383,999.882308,999.887606,999.893272,999.899296,999.905689,999.912477,999.919659,999.927239,999.935194,999.943494,999.952108,999.961001,999.970183,999.979705,999.989579,999.999822,1000.010456,1000.021417,1000.032642,1000.044153,1000.055980,1000.068129,1000.080687,1000.093644,1000.106975,1000.120610,1000.133857,1000.144839,1000.150253,1000.147104,1000.134869,1000.116097,1000.094169,1000.065263,0.000000,0.000000,0.000000,0.000000
0.000000,0.000000,0.000000,0.000000,0.000000,1000.068509,1000.094518,1000.115544,1000.133556,1000.145849,1000.149787,1000.144564,1000.132760,1000.118148,1000.103448,1000.089429,1000.076101,1000.063426,1000.051221,1000.039427,1000.028010,1000.016985,1000.006372,999.996198,999.986452,999.977045,999.967881,999.958896,999.950152,999.941782,999.933855,999.926352,999.919195,999.912335,999.905823,999.899703,999.893982,999.888644,999.883675,999.879077,999.874864,999.871045,999.867615,999.864565,999.861887,999.859573,999.857614,999.856026,999.854828,999.854006,999.853542,999.853413,999.853601,999.854115,999.854971,999.856184,999.857774,999.859747,999.862095,999.864807,999.867872,999.871305,999.875116,999.879287,999.883817,999.888721,999.894012,999.899679,999.905708,999.912124,999.918936,999.926144,999.933745,999.941703,999.949985,999.958574,999.967471,999.976703,999.986274,999.996163,1000.006410,1000.017049,1000.028030,1000.039309,1000.050891,1000.062801,1000.075075,1000.087836,1000.101062,1000.114811,1000.128730,1000.141138,1000.149209,1000.149691,1000.141338,1000.125479,1000.105428,1000.080325,0.000000,0.000000,0.000000,0.000000,0.000000
0.000000,0.000000,0.000000,0.000000,0.000000,1000.052415,1000.081698,1000.104036,1000.124243,1000.140267,1000.149233,1000.148493,1000.139116,1000.125181,1000.110445,1000.096377,1000.083033,1000.070359,1000.058224,1000.046490,1000.035091,1000.024043,1000.013360,1000.003080,999.993261,999.983851,999.974740,999.965834,999.957116,999.948710,999.940743,999.933216,999.926052,999.919200,999.912698,999.906589,999.900876,999.895546,999.890580,999.885976,999.881760,999.877956,999.874542,999.871505,999.868850,999.866562,999.864629,999.863052,999.861856,999.861050,999.860609,999.860509,999.860716,999.861221,999.862053,999.863236,999.864793,999.866741,999.869066,999.871740,999.874766,999.878165,999.881944,999.886094,999.890611,999.895510,999.900792,999.906457,999.912514,999.918971,999.925826,999.933063,999.940667,999.948618,999.956878,999.965446,999.974362,999.983652,999.993271,1000.003177,1000.013423,1000.024049,1000.035025,1000.046334,1000.057983,1000.069978,1000.082354,1000.095234,1000.108706,1000.122765,1000.136404,1000.146896,1000.150700,1000.145687,1000.132743,1000.114524,1000.093289,1000.064274,0.000000,0.000000,0.000000,0.000000,0.000000
0.000000,0.000000,0.000000,0.000000,0.000000,0.000000,1000.065813,1000.092270,1000.114365,1000.133267,1000.146259,1000.150069,1000.143962,1000.131481,1000.117110,1000.103212,1000.090074,1000.077516,1000.065512,1000.053904,1000.042580,1000.031552,1000.020847,1000.010495,1000.000560,999.991074,999.981958,999.973104,999.964451,999.956047,999.948035,999.940462,999.933259,999.926388,999.919885,999.913796,999.908112,999.902802,999.897851,999.893254,999.889047,999.885257,999.881867,999.878851,999.876217,999.873964,999.872067,999.870510,999.869304,999.868486,999.868053,999.867966,999.868190,999.868705,999.869525,999.870684,999.872215,999.874129,999.876399,999.879007,999.881980,999.885339,999.889092,999.893239,999.897768,999.902670,999.907940,999.913607,999.919693,999.926200,999.933097,999.940345,999.947957,999.955905,999.964146,999.972711,999.981667,999.991016,1000.000672,1000.010596,1000.020853,1000.031471,1000.042437,1000.053770,1000.065467,1000.077517,1000.089943,1000.102815,1000.116374,1000.130359,1000.142825,1000.150107,1000.148850,1000.138822,1000.122256,1000.102134,1000.076629,0.000000,0.000000,0.000000,0.000000,0.000000,0.000000
0.000000,0.000000,0.000000,0.000000,0.000000,0.000000,1000.048697,1000.080652,1000.104258,1000.125430,1000.141586,1000.149600,1000.147213,1000.136859,1000.123422,1000.109990,1000.097238,1000.084963,1000.073113,1000.061640,1000.050434,1000.039471,1000.028780,1000.018400,1000.008368,999.998757,999.989565,999.980702,999.972095,999.963744,999.955728,999.948105,999.940847,999.933934,999.927409,999.921316,999.915655,999.910388,999.905474,999.900908,999.896725,999.892960,999.889597,999.886602,999.883976,999.881745,999.879887,999.878361,999.877172,999.876343,999.875894,999.875792,999.876000,999.876510,999.877326,999.878484,999.880016,999.881901,999.884110,999.886649,999.889559,999.892880,999.896618,999.900767,999.905310,999.910209,999.915470,999.921134,999.927245,999.933791,999.940707,999.947974,999.955598,999.963540,999.971786,999.980388,999.989400,999.998790,1000.008469,1000.018427,1000.028717,1000.039350,1000.050318,1000.061648,1000.073357,1000.085428,1000.097772,1000.110463,1000.123779,1000.137007,1000.147303,1000.150354,1000.143913,1000.129686,1000.110696,1000.089070,1000.059887,0.000000,0.000000,0.000000,0.000000,0.000000,0.000000
0.000000,0.000000,0.000000,0.000000,0.000000,0.000000,0.000000,1000.068049,1000.094061,1000.116831,1000.135732,1000.147337,1000.148840,1000.141334,1000.129468,1000.116838,1000.104621,1000.092764,1000.081125,1000.069756,1000.058650,1000.047774,1000.037118,1000.026729,1000.016645,1000.006919,999.997596,999.988661,999.980060,999.971754,999.963771,999.956135,999.948830,999.941870,999.935307,999.929193,999.923528,999.918288,999.913422,999.908898,999.904752,999.901018,999.897680,999.894702,999.892089,999.889867,999.888037,999.886564,999.885429,999.884631,999.884169,999.884026,999.884187,999.884661,999.885474,999.886645,999.888179,999.890040,999.892201,999.894689,999.897559,999.900855,999.904579,999.908722,999.913260,999.918156,999.923403,999.929060,999.935187,999.941749,999.948685,999.955971,999.963592,999.971541,999.979830,999.988493,999.997553,1000.006974,1000.016692,1000.026702,1000.037044,1000.047714,1000.058671,1000.069973,1000.081687,1000.093686,1000.105763,1000.118107,1000.130762,1000.142338,1000.149330,1000.147673,1000.136722,1000.119233,1000.098459,1000.072975,0.000000,0.000000,0.000000,0.000000,0.000000,0.000000,0.000000
0.000000,0.000000,0.000000,0.000000,0.000000,0.000000,0.000000,1000.051149,1000.084114,1000.107965,1000.128724,1000.143337,1000.148870,1000.144943,1000.135350,1000.124000,1000.112432,1000.100996,1000.089647,1000.078371,1000.067313,1000.056490,1000.045857,1000.035460,1000.025350,1000.015552,1000.006101,999.997045,999.988405,999.980130,999.972177,999.964548,999.957222,999.950222,999.943614,999.937459,999.931772,999.926529,999.921689,999.917200,999.913085,999.909378,999.906060,999.903109,999.900521,999.898321,999.896533,999.895134,999.894079,999.893343,999.892890,999.892707,999.892813,999.893244,999.894040,999.895204,999.896712,999.898535,999.900659,999.903119,999.905976,999.909250,999.912949,999.917072,999.921596,999.926479,999.931709,999.937362,999.943488,999.950057,999.957017,999.964317,999.971943,999.979921,999.988273,999.997012,1000.006140,1000.015615,1000.025388,1000.035469,1000.045883,1000.056572,1000.067484,1000.078772,1000.090457,1000.102252,1000.114070,1000.125897,1000.137174,1000.146069,1000.148791,1000.142300,1000.127596,1000.108042,1000.085927,1000.056027,0.000000,0.000000,0.000000,0.000000,0.000000,0.000000,0.000000
0.000000,0.000000,0.000000,0.000000,0.000000,0.000000,0.000000,0.000000,1000.073400,1000.098305,1000.119920,1000.137318,1000.146896,1000.147335,1000.141009,1000.131609,1000.120985,1000.109883,1000.098756,1000.087598,1000.076544,1000.065721,1000.055083,1000.044636,1000.034478,1000.024641,1000.015105,1000.005921,999.997183,999.988903,999.980976,999.973343,999.966003,999.958971,999.952326,999.946127,999.940394,999.935134,999.930302,999.925841,999.921745,999.918054,999.914765,999.911855,999.909316,999.907176,999.905460,999.904136,999.903155,999.902467,999.902028,999.901828,999.901906,999.902304,999.903055,999.904168,999.905621,999.907385,999.909469,999.911912,999.914749,999.917994,999.921659,999.925753,999.930252,999.935112,999.940334,999.945974,999.952085,999.958664,999.965655,999.972980,999.980629,999.988662,999.997107,1000.005951,1000.015167,1000.024716,1000.034578,1000.044762,1000.055230,1000.065875,1000.076745,1000.088013,1000.099579,1000.111237,1000.122850,1000.133688,1000.142643,1000.147630,1000.145346,1000.134364,1000.116738,1000.096019,1000.070882,0.000000,0.000000,0.000000,0.000000,0.000000,0.000000,0.000000,0.000000
0.000000,0.000000,0.000000,0.000000,0.000000,0.000000,0.000000,0.000000,1000.056809,1000.087839,1000.109815,1000.128583,1000.141736,1000.147131,1000.145448,1000.139085,1000.130056,1000.119507,1000.108474,1000.097429,1000.086399,1000.075526,1000.064865,1000.054364,1000.044099,1000.034182,1000.024578,1000.015292,1000.006431,999.998055,999.990109,999.982470,999.975103,999.968045,999.961375,999.955152,999.949384,999.944098,999.939270,999.934828,999.930762,999.927099,999.923849,999.920999,999.918546,999.916501,999.914865,999.913610,999.912671,999.911990,999.911557,999.911369,999.911444,999.911818,999.912511,999.913540,999.914904,999.916590,999.918621,999.921031,999.923830,999.927038,999.930674,999.934744,999.939218,999.944057,999.949258,999.954877,999.960983,999.967583,999.974603,999.981958,999.989655,999.997769,1000.006325,1000.015287,1000.024610,1000.034276,1000.044275,1000.054565,1000.065034,1000.075627,1000.086455,1000.097601,1000.109004,1000.120571,1000.131589,1000.140597,1000.146022,1000.145832,1000.138293,1000.123643,1000.104617,1000.083238,1000.054169,0.000000,0.000000,0.000000,0.000000,0.000000,0.000000,0.000000,0.000000
0.000000,0.000000,0.000000,0.000000,0.000000,0.000000,0.000000,0.000000,0.000000,1000.073133,1000.096918,1000.116707,1000.132497,1000.142527,1000.146291,1000.144543,1000.138351,1000.129190,1000.118576,1000.107678,1000.096814,1000.085951,1000.075217,1000.064651,1000.054264,1000.044188,1000.034465,1000.025071,1000.016082,1000.007569,999.999518,999.991844,999.984457,999.977378,999.970699,999.964476,999.958702,999.953394,999.948553,999.944116,999.940080,999.936467,999.933281,999.930522,999.928178,999.926242,999.924697,999.923506,999.922598,999.921929,999.921512,999.921353,999.921447,999.921800,999.922431,999.923364,999.924611,999.926198,999.928151,999.930480,999.933209,999.936369,999.939978,999.944030,999.948492,999.953312,999.958493,999.964114,999.970241,999.976856,999.983886,999.991274,999.999031,1000.007235,1000.015916,1000.025011,1000.034481,1000.044328,1000.054502,1000.064893,1000.075393,1000.085978,1000.096647,1000.107446,1000.118521,1000.129510,1000.138990,1000.144904,1000.145361,1000.139546,1000.127555,1000.110586,1000.090589,1000.066463,0.000000,0.000000,0.000000,0.000000,0.000000,0.000000,0.000000,0.000000,0.000000
0.000000,0.000000,0.000000,0.000000,0.000000,0.000000,0.000000,0.000000,0.000000,1000.054197,1000.082249,1000.102839,1000.118923,1000.132595,1000.141676,1000.145550,1000.143827,1000.137490,1000.128421,1000.118157,1000.107619,1000.096949,1000.086155,1000.075421,1000.064884,1000.054612,1000.044692,1000.035165,1000.026052,1000.017413,1000.009240,1000.001484,999.994076,999.986992,999.980318,999.974108,999.968335,999.962996,999.958111,999.953661,999.949640,999.946079,999.942986,999.940343,999.938122,999.936301,999.934863,999.933757,999.932933,999.932357,999.932006,999.931889,999.932000,999.932324,999.932883,999.933713,999.934838,999.936295,999.938108,999.940302,999.942923,999.946004,999.949567,999.953604,999.958054,999.962866,999.968064,999.973720,999.979868,999.986479,999.993509,1000.000928,1000.008751,1000.017065,1000.025868,1000.035096,1000.044759,1000.054846,1000.065238,1000.075828,1000.086500,1000.097033,1000.107290,1000.117452,1000.127590,1000.136870,1000.143449,1000.144817,1000.139652,1000.128753,1000.113447,1000.096150,1000.075282,1000.048000,0.000000,0.000000,0.000000,0.000000,0.000000,0.000000,0.000000,0.000000,0.000000
0.000000,0.000000,0.000000,0.000000,0.000000,0.000000,0.000000,0.000000,0.000000,0.000000,1000.062360,1000.085725,1000.102815,1000.118251,1000.131548,1000.140802,1000.144627,1000.142743,1000.136759,1000.128351,1000.118626,1000.108300,1000.097580,1000.086651,1000.075847,1000.065364,1000.055237,1000.045550,1000.036335,1000.027592,1000.019325,1000.011486,1000.004024,999.996923,999.990250,999.984045,999.978266,999.972892,999.967948,999.963467,999.959466,999.955963,999.952961,999.950435,999.948345,999.946656,999.945350,999.944402,999.943758,999.943352,999.943130,999.943079,999.943180,999.943447,999.943915,999.944610,999.945583,999.946867,999.948503,999.950543,999.953029,999.956009,999.959513,999.963515,999.967947,999.972765,999.977990,999.983674,999.989827,999.996423,1000.003453,1000.010908,1000.018816,1000.027221,1000.036098,1000.045467,1000.055361,1000.065708,1000.076434,1000.087436,1000.098340,1000.108655,1000.118244,1000.127222,1000.135282,1000.141470,1000.143718,1000.139673,1000.129316,1000.114509,1000.097594,1000.079337,1000.055161,0.000000,0.000000,0.000000,0.000000,0.000000,0.000000,0.000000,0.000000,0.000000,0.000000
0.000000,0.000000,0.000000,0.000000,0.000000,0.000000,0.000000,0.000000,0.000000,0.000000,0.000000,1000.060121,1000.084070,1000.101672,1000.117372,1000.130566,1000.139637,1000.143310,1000.141851,1000.136779,1000.129125,1000.119632,1000.109145,1000.098185,1000.087139,1000.076389,1000.066081,1000.056249,1000.046939,1000.038122,1000.029768,1000.021857,1000.014327,1000.007164,1000.000448,999.994225,999.988440,999.983062,999.978100,999.973601,999.969628,999.966185,999.963264,999.960842,999.958878,999.957340,999.956220,999.955506,999.955114,999.954932,999.954888,999.954921,999.955008,999.955183,999.955489,999.955977,999.956719,999.957796,999.959259,999.961148,999.963518,999.966421,999.969862,999.973817,999.978231,999.983046,999.988274,999.993957,1000.000096,1000.006675,1000.013704,1000.021197,1000.029157,1000.037582,1000.046521,1000.056039,1000.066128,1000.076790,1000.088018,1000.099470,1000.110440,1000.120315,1000.128742,1000.135436,1000.140170,1000.142007,1000.138926,1000.129794,1000.115605,1000.098496,1000.079703,1000.055251,0.000000,0.000000,0.000000,0.000000,0.000000,0.000000,0.000000,0.000000,0.000000,0.000000,0.000000
0.000000,0.000000,0.000000,0.000000,0.000000,0.000000,0.000000,0.000000,0.000000,0.000000,0.000000,1000.037765,1000.064051,1000.083457,1000.100261,1000.115905,1000.128903,1000.137842,1000.141936,1000.141468,1000.137307,1000.129961,1000.120307,1000.109600,1000.098606,1000.087710,1000.077221,1000.067266,1000.057863,1000.048984,1000.040556,1000.032556,1000.024950,1000.017711,1000.010904,1000.004615,999.998824,999.993468,999.988539,999.984074,999.980139,999.976755,999.973908,999.971579,999.969739,999.968381,999.967504,999.967072,999.966984,999.967094,999.967267,999.967406,999.967492,999.967534,999.967585,999.967762,999.968190,999.968994,999.970251,999.972000,999.974288,999.977127,999.980525,999.984465,999.988863,999.993663,999.998880,1000.004540,1000.010658,1000.017225,1000.024251,1000.031753,1000.039704,1000.048124,1000.057100,1000.066694,1000.076973,1000.088022,1000.099656,1000.111247,1000.121930,1000.130731,1000.136820,1000.140042,1000.140370,1000.136929,1000.128748,1000.115723,1000.099165,1000.081163,1000.060757,1000.033234,0.000000,0.000000,0.000000,0.000000,0.000000,0.000000,0.000000,0.000000,0.000000,0.000000,0.000000
0.000000,0.000000,0.000000,0.000000,0.000000,0.000000,0.000000,0.000000,0.000000,0.000000,0.000000,0.000000,1000.040017,1000.063869,1000.081934,1000.098236,1000.113560,1000.126455,1000.135809,1000.140852,1000.141314,1000.137534,1000.130108,1000.120367,1000.109841,1000.099195,1000.088694,1000.078617,1000.069100,1000.060147,1000.051674,1000.043606,1000.035918,1000.028598,1000.021695,1000.015309,1000.009474,1000.004127,999.999223,999.994798,999.990907,999.987583,999.984813,999.982572,999.980864,999.979718,999.979140,999.979071,999.979381,999.979872,999.980341,999.980647,999.980711,999.980546,999.980249,999.979995,999.979997,999.980435,999.981429,999.983020,999.985210,999.987995,999.991382,999.995331,999.999733,1000.004529,1000.009736,1000.015395,1000.021517,1000.028086,1000.035115,1000.042597,1000.050504,1000.058871,1000.067797,1000.077431,1000.087902,1000.099152,1000.110774,1000.122011,1000.131604,1000.137976,1000.140432,1000.139187,1000.134316,1000.125836,1000.113709,1000.098388,1000.081367,1000.062396,1000.037568,0.000000,0.000000,0.000000,0.000000,0.000000,0.000000,0.000000,0.000000,0.000000,0.000000,0.000000,0.000000
0.000000,0.000000,0.000000,0.000000,0.000000,0.000000,0.000000,0.000000,0.000000,0.000000,0.000000,0.000000,0.000000,1000.038586,1000.061686,1000.079408,1000.095442,1000.110739,1000.124023,1000.134216,1000.140095,1000.140935,1000.137157,1000.129822,1000.120524,1000.110552,1000.100392,1000.090347,1000.080722,1000.071657,1000.063130,1000.055033,1000.047290,1000.039887,1000.032890,1000.026407,1000.020485,1000.015099,1000.010176,1000.005725,1000.001830,999.998537,999.995832,999.993700,999.992163,999.991267,999.991053,999.991454,999.992307,999.993376,999.994352,999.994933,999.994920,999.994361,999.993508,999.992657,999.992112,999.992109,999.992773,999.994146,999.996219,999.998972,1000.002370,1000.006336,1000.010770,1000.015593,1000.020833,1000.026547,1000.032729,1000.039350,1000.046387,1000.053820,1000.061622,1000.069840,1000.078663,1000.088284,1000.098730,1000.109798,1000.120965,1000.131034,1000.138113,1000.140720,1000.138568,1000.132149,1000.122420,1000.110048,1000.095432,1000.079493,1000.061464,1000.038023,0.000000,0.000000,0.000000,0.000000,0.000000,0.000000,0.000000,0.000000,0.000000,0.000000,0.000000,0.000000,0.000000
0.000000,0.000000,0.000000,0.000000,0.000000,0.000000,0.000000,0.000000,0.000000,0.000000,0.000000,0.000000,0.000000,0.000000,1000.035951,1000.058612,1000.076294,1000.092535,1000.108365,1000.122427,1000.133332,1000.139559,1000.140488,1000.136936,1000.130214,1000.121615,1000.112077,1000.102277,1000.092705,1000.083573,1000.074966,1000.066837,1000.059069,1000.051614,1000.044527,1000.037925,1000.031884,1000.026404,1000.021413,1000.016895,1000.012941,1000.009616,1000.006933,1000.004905,1000.003557,1000.002956,1000.003148,1000.004116,1000.005747,1000.007761,1000.009626,1000.010673,1000.010502,1000.009231,1000.007407,1000.005662,1000.004419,1000.003891,1000.004181,1000.005336,1000.007318,1000.010060,1000.013487,1000.017499,1000.021983,1000.026890,1000.032262,1000.038124,1000.044448,1000.051155,1000.058172,1000.065484,1000.073076,1000.081056,1000.089661,1000.099025,1000.109184,1000.119828,1000.129889,1000.137520,1000.140825,1000.138725,1000.131352,1000.120148,1000.106610,1000.091559,1000.075882,1000.058424,1000.035943,0.000000,0.000000,0.000000,0.000000,0.000000,0.000000,0.000000,0.000000,0.000000,0.000000,0.000000,0.000000,0.000000,0.000000
0.000000,0.000000,0.000000,0.000000,0.000000,0.000000,0.000000,0.000000,0.000000,0.000000,0.000000,0.000000,0.000000,0.000000,0.000000,1000.031988,1000.055265,1000.073563,1000.090538,1000.107160,1000.121840,1000.133030,1000.139362,1000.140616,1000.137728,1000.131663,1000.123364,1000.114041,1000.104730,1000.095788,1000.087220,1000.079056,1000.071247,1000.063737,1000.056561,1000.049829,1000.043636,1000.037997,1000.032885,1000.028284,1000.024251,1000.020857,1000.018154,1000.016172,1000.014951,1000.014593,1000.015197,1000.016851,1000.019548,1000.022896,1000.025982,1000.027673,1000.027283,1000.025011,1000.021813,1000.018802,1000.016651,1000.015554,1000.015530,1000.016530,1000.018466,1000.021230,1000.024716,1000.028809,1000.033404,1000.038496,1000.044119,1000.050248,1000.056778,1000.063566,1000.070538,1000.077650,1000.084913,1000.092495,1000.100597,1000.109481,1000.119210,1000.128960,1000.136908,1000.140977,1000.139592,1000.132232,1000.120071,1000.105103,1000.088817,1000.072332,1000.054294,1000.031205,0.000000,0.000000,0.000000,0.000000,0.000000,0.000000,0.000000,0.000000,0.000000,0.000000,0.000000,0.000000,0.000000,0.000000,0.000000
0.000000,0.000000,0.000000,0.000000,0.000000,0.000000,0.000000,0.000000,0.000000,0.000000,0.000000,0.000000,0.000000,0.000000,0.000000,0.000000,1000.028265,1000.052883,1000.072144,1000.089853,1000.106892,1000.121702,1000.132839,1000.139456,1000.141404,1000.139055,1000.133179,1000.125172,1000.116506,1000.108007,1000.099744,1000.091661,1000.083804,1000.076197,1000.068896,1000.062022,1000.055661,1000.049846,1000.044578,1000.039845,1000.035691,1000.032202,1000.029432,1000.027425,1000.026235,1000.025990,1000.026924,1000.029267,1000.033038,1000.037646,1000.041782,1000.043979,1000.043386,1000.040247,1000.035788,1000.031521,1000.028464,1000.026901,1000.026697,1000.027646,1000.029593,1000.032419,1000.036005,1000.040238,1000.045052,1000.050437,1000.056393,1000.062844,1000.069615,1000.076539,1000.083485,1000.090357,1000.097169,1000.104101,1000.111493,1000.119698,1000.128461,1000.136409,1000.141228,1000.140761,1000.134075,1000.121938,1000.106076,1000.088470,1000.070668,1000.051288,1000.026231,0.000000,0.000000,0.000000,0.000000,0.000000,0.000000,0.000000,0.000000,0.000000,0.000000,0.000000,0.000000,0.000000,0.000000,0.000000,0.000000
0.000000,0.000000,0.000000,0.000000,0.000000,0.000000,0.000000,0.000000,0.000000,0.000000,0.000000,0.000000,0.000000,0.000000,0.000000,0.000000,0.000000,1000.026668,1000.052232,1000.071975,1000.089771,1000.106626,1000.121123,1000.132332,1000.139574,1000.142143,1000.140090,1000.134765,1000.127796,1000.120218,1000.112445,1000.104569,1000.096733,1000.089048,1000.081596,1000.074501,1000.067913,1000.061912,1000.056476,1000.051579,1000.047260,1000.043597,1000.040663,1000.038522,1000.037247,1000.036989,1000.038051,1000.040739,1000.045002,1000.050048,1000.054406,1000.056619,1000.055934,1000.052580,1000.047695,1000.042883,1000.039410,1000.037676,1000.037484,1000.038540,1000.040624,1000.043602,1000.047371,1000.051825,1000.056913,1000.062634,1000.068972,1000.075805,1000.082934,1000.090127,1000.097113,1000.103720,1000.109979,1000.116087,1000.122485,1000.129396,1000.136296,1000.141335,1000.141787,1000.136028,1000.124481,1000.108705,1000.090401,1000.071520,1000.050852,1000.024320,0.000000,0.000000,0.000000,0.000000,0.000000,0.000000,0.000000,0.000000,0.000000,0.000000,0.000000,0.000000,0.000000,0.000000,0.000000,0.000000,0.000000
0.000000,0.000000,0.000000,0.000000,0.000000,0.000000,0.000000,0.000000,0.000000,0.000000,0.000000,0.000000,0.000000,0.000000,0.000000,0.000000,0.000000,0.000000,1000.027188,1000.052549,1000.071901,1000.089190,1000.105615,1000.120009,1000.131826,1000.139760,1000.142934,1000.141758,1000.137831,1000.132194,1000.125391,1000.117878,1000.110023,1000.102186,1000.094586,1000.087308,1000.080461,1000.074201,1000.068560,1000.063494,1000.058988,1000.055089,1000.051905,1000.049498,1000.047971,1000.047483,1000.048275,1000.050650,1000.054500,1000.058990,1000.062764,1000.064592,1000.063902,1000.060881,1000.056477,1000.052128,1000.049044,1000.047661,1000.047807,1000.049182,1000.051568,1000.054820,1000.058842,1000.063564,1000.068969,1000.075080,1000.081861,1000.089178,1000.096798,1000.104415,1000.111603,1000.117991,1000.123527,1000.128538,1000.133384,1000.138182,1000.142126,1000.142820,1000.137933,1000.127027,1000.111763,1000.093555,1000.074270,1000.052995,1000.025549,0.000000,0.000000,0.000000,0.000000,0.000000,0.000000,0.000000,0.000000,0.000000,0.000000,0.000000,0.000000,0.000000,0.000000,0.000000,0.000000,0.000000,0.000000
0.000000,0.000000,0.000000,0.000000,0.000000,0.000000,0.000000,0.000000,0.000000,0.000000,0.000000,0.000000,0.000000,0.000000,0.000000,0.000000,0.000000,0.000000,0.000000,1000.027807,1000.052296,1000.070783,1000.087870,1000.104106,1000.119187,1000.131559,1000.140062,1000.144215,1000.144660,1000.142275,1000.137624,1000.131181,1000.123594,1000.115600,1000.107737,1000.100286,1000.093300,1000.086827,1000.080940,1000.075631,1000.070874,1000.066706,1000.063206,1000.060443,1000.058493,1000.057457,1000.057530,1000.058953,1000.061707,1000.065199,1000.068268,1000.069722,1000.068974,1000.066269,1000.062633,1000.059374,1000.057371,1000.056871,1000.057694,1000.059585,1000.062387,1000.065998,1000.070353,1000.075437,1000.081258,1000.087817,1000.095070,1000.102938,1000.111213,1000.119343,1000.126573,1000.132393,1000.136738,1000.140032,1000.142626,1000.144394,1000.144098,1000.139694,1000.129650,1000.114586,1000.097056,1000.077639,1000.056733,1000.029166,0.000000,0.000000,0.000000,0.000000,0.000000,0.000000,0.000000,0.000000,0.000000,0.000000,0.000000,0.000000,0.000000,0.000000,0.000000,0.000000,0.000000,0.000000,0.000000
0.000000,0.000000,0.000000,0.000000,0.000000,0.000000,0.000000,0.000000,0.000000,0.000000,0.000000,0.000000,0.000000,0.000000,0.000000,0.000000,0.000000,0.000000,0.000000,0.000000,1000.026930,1000.049990,1000.068614,1000.086404,1000.102732,1000.117877,1000.130224,1000.139359,1000.144960,1000.147244,1000.146406,1000.142595,1000.136496,1000.128997,1000.121031,1000.113328,1000.106191,1000.099630,1000.093589,1000.088060,1000.083040,1000.078541,1000.074620,1000.071377,1000.068826,1000.067004,1000.066072,1000.066208,1000.067620,1000.070134,1000.072708,1000.073940,1000.073073,1000.070488,1000.067506,1000.065463,1000.064842,1000.065496,1000.067187,1000.069743,1000.073080,1000.077171,1000.081981,1000.087474,1000.093666,1000.100590,1000.108307,1000.116786,1000.125535,1000.133541,1000.139750,1000.143772,1000.145876,1000.146510,1000.145995,1000.144000,1000.139258,1000.130474,1000.116920,1000.100263,1000.080513,1000.059280,1000.034066,0.000000,0.000000,0.000000,0.000000,0.000000,0.000000,0.000000,0.000000,0.000000,0.000000,0.000000,0.000000,0.000000,0.000000,0.000000,0.000000,0.000000,0.000000,0.000000,0.000000
0.000000,0.000000,0.000000,0.000000,0.000000,0.000000,0.000000,0.000000,0.000000,0.000000,0.000000,0.000000,0.000000,0.000000,0.000000,0.000000,0.000000,0.000000,0.000000,0.000000,0.000000,1000.022460,1000.043946,1000.067438,1000.084535,1000.099899,1000.114131,1000.126609,1000.136564,1000.143888,1000.148101,1000.148901,1000.146334,1000.140951,1000.133948,1000.126442,1000.119180,1000.112517,1000.106428,1000.100785,1000.095563,1000.090724,1000.086295,1000.082401,1000.079083,1000.076355,1000.074289,1000.073108,1000.073249,1000.074821,1000.076858,1000.077833,1000.076906,1000.074534,1000.072204,1000.071285,1000.072001,1000.073843,1000.076473,1000.079811,1000.083844,1000.088534,1000.093803,1000.099635,1000.106098,1000.113297,1000.121352,1000.129912,1000.137853,1000.143886,1000.147163,1000.147634,1000.146143,1000.143380,1000.139526,1000.134105,1000.126286,1000.115200,1000.101856,1000.084540,1000.057365,1000.034548,0.000000,0.000000,0.000000,0.000000,0.000000,0.000000,0.000000,0.000000,0.000000,0.000000,0.000000,0.000000,0.000000,0.000000,0.000000,0.000000,0.000000,0.000000,0.000000,0.000000,0.000000
0.000000,0.000000,0.000000,0.000000,0.000000,0.000000,0.000000,0.000000,0.000000,0.000000,0.000000,0.000000,0.000000,0.000000,0.000000,0.000000,0.000000,0.000000,0.000000,0.000000,0.000000,0.000000,0.000000,1000.042600,1000.062997,1000.079215,1000.094459,1000.108281,1000.120900,1000.132083,1000.140969,1000.147193,1000.149928,1000.148993,1000.144941,1000.138925,1000.132236,1000.125667,1000.119492,1000.113700,1000.108263,1000.103145,1000.098283,1000.093693,1000.089527,1000.085843,1000.082642,1000.080226,1000.079192,1000.079717,1000.080914,1000.081425,1000.080577,1000.078771,1000.077323,1000.077482,1000.079379,1000.082343,1000.085927,1000.090099,1000.094842,1000.100042,1000.105682,1000.111837,1000.118575,1000.125897,1000.133523,1000.140542,1000.145570,1000.147363,1000.145797,1000.141673,1000.136253,1000.130353,1000.123972,1000.116134,1000.107296,1000.095678,1000.082180,1000.063782,0.000000,0.000000,0.000000,0.000000,0.000000,0.000000,0.000000,0.000000,0.000000,0.000000,0.000000,0.000000,0.000000,0.000000,0.000000,0.000000,0.000000,0.000000,0.000000,0.000000,0.000000,0.000000,0.000000
0.000000,0.000000,0.000000,0.000000,0.000000,0.000000,0.000000,0.000000,0.000000,0.000000,0.000000,0.000000,0.000000,0.000000,0.000000,0.000000,0.000000,0.000000,0.000000,0.000000,0.000000,0.000000,0.000000,0.000000,1000.035061,1000.053752,1000.072714,1000.087419,1000.101410,1000.114612,1000.126667,1000.137348,1000.145299,1000.150050,1000.151007,1000.148664,1000.144217,1000.138748,1000.132861,1000.127009,1000.121374,1000.115925,1000.110597,1000.105271,1000.100139,1000.095414,1000.091158,1000.087659,1000.085454,1000.084670,1000.084583,1000.084374,1000.083790,1000.083034,1000.082863,1000.084177,1000.087096,1000.091043,1000.095591,1000.100659,1000.106105,1000.111804,1000.117845,1000.124246,1000.130950,1000.137550,1000.143067,1000.146368,1000.146344,1000.142551,1000.135822,1000.127785,1000.119352,1000.110849,1000.102569,1000.094053,1000.085223,1000.073241,1000.056073,0.000000,0.000000,0.000000,0.000000,0.000000,0.000000,0.000000,0.000000,0.000000,0.000000,0.000000,0.000000,0.000000,0.000000,0.000000,0.000000,0.000000,0.000000,0.000000,0.000000,0.000000,0.000000,0.000000,0.000000
0.000000,0.000000,0.000000,0.000000,0.000000,0.000000,0.000000,0.000000,0.000000,0.000000,0.000000,0.000000,0.000000,0.000000,0.000000,0.000000,0.000000,0.000000,0.000000,0.000000,0.000000,0.000000,0.000000,0.000000,0.000000,0.000000,1000.043873,1000.060879,1000.079570,1000.094487,1000.108509,1000.121502,1000.133079,1000.142687,1000.149011,1000.151882,1000.151554,1000.148948,1000.144895,1000.139963,1000.134672,1000.129193,1000.123356,1000.117280,1000.111101,1000.105168,1000.099791,1000.095161,1000.091477,1000.088750,1000.086764,1000.085601,1000.085492,1000.086389,1000.088196,1000.091108,1000.095134,1000.100043,1000.105628,1000.111652,1000.117856,1000.124148,1000.130290,1000.136257,1000.141653,1000.145576,1000.146981,1000.145017,1000.139214,1000.130535,1000.119983,1000.109114,1000.098156,1000.087841,1000.078459,1000.069802,1000.054862,0.000000,0.000000,0.000000,0.000000,0.000000,0.000000,0.000000,0.000000,0.000000,0.000000,0.000000,0.000000,0.000000,0.000000,0.000000,0.000000,0.000000,0.000000,0.000000,0.000000,0.000000,0.000000,0.000000,0.000000,0.000000,0.000000
0.000000,0.000000,0.000000,0.000000,0.000000,0.000000,0.000000,0.000000,0.000000,0.000000,0.000000,0.000000,0.000000,0.000000,0.000000,0.000000,0.000000,0.000000,0.000000,0.000000,0.000000,0.000000,0.000000,0.000000,0.000000,0.000000,0.000000,0.000000,1000.050067,1000.067594,1000.087681,1000.102477,1000.115969,1000.127854,1000.137925,1000.145397,1000.149737,1000.151284,1000.150726,1000.148405,1000.144691,1000.140210,1000.134731,1000.128530,1000.121718,1000.114714,1000.107992,1000.101675,1000.095654,1000.090086,1000.085706,1000.083521,1000.084027,1000.087060,1000.091744,1000.097237,1000.103100,1000.109361,1000.116056,1000.122887,1000.129485,1000.135611,1000.140727,1000.144760,1000.146831,1000.146192,1000.142507,1000.135426,1000.125226,1000.113478,1000.100576,1000.087378,1000.074639,1000.061980,1000.045827,0.000000,0.000000,0.000000,0.000000,0.000000,0.000000,0.000000,0.000000,0.000000,0.000000,0.000000,0.000000,0.000000,0.000000,0.000000,0.000000,0.000000,0.000000,0.000000,0.000000,0.000000,0.000000,0.000000,0.000000,0.000000,0.000000,0.000000,0.000000
0.000000,0.000000,0.000000,0.000000,0.000000,0.000000,0.000000,0.000000,0.000000,0.000000,0.000000,0.000000,0.000000,0.000000,0.000000,0.000000,0.000000,0.000000,0.000000,0.000000,0.000000,0.000000,0.000000,0.000000,0.000000,0.000000,0.000000,0.000000,0.000000,0.000000,1000.059188,1000.075938,1000.095412,1000.108725,1000.120253,1000.129834,1000.137465,1000.142921,1000.145803,1000.146599,1000.145402,1000.142775,1000.138856,1000.133584,1000.127342,1000.120120,1000.112261,1000.103847,1000.094909,1000.086252,1000.079649,1000.076603,1000.077767,1000.082900,1000.090806,1000.099648,1000.108189,1000.116191,1000.123740,1000.130615,1000.136678,1000.141235,1000.144089,1000.144857,1000.142803,1000.137649,1000.129629,1000.119106,1000.107104,1000.093467,1000.078834,1000.060298,1000.043121,0.000000,0.000000,0.000000,0.000000,0.000000,0.000000,0.000000,0.000000,0.000000,0.000000,0.000000,0.000000,0.000000,0.000000,0.000000,0.000000,0.000000,0.000000,0.000000,0.000000,0.000000,0.000000,0.000000,0.000000,0.000000,0.000000,0.000000,0.000000,0.000000,0.000000
0.000000,0.000000,0.000000,0.000000,0.000000,0.000000,0.000000,0.000000,0.000000,0.000000,0.000000,0.000000,0.000000,0.000000,0.000000,0.000000,0.000000,0.000000,0.000000,0.000000,0.000000,0.000000,0.000000,0.000000,0.000000,0.000000,0.000000,0.000000,0.000000,0.000000,0.000000,0.000000,1000.066889,1000.082574,1000.098695,1000.109742,1000.117922,1000.124926,1000.130095,1000.133290,1000.134415,1000.132939,1000.131029,1000.127120,1000.122411,1000.116092,1000.107776,1000.097642,1000.086297,1000.075416,1000.067400,1000.063717,1000.065546,1000.072198,1000.082639,1000.094509,1000.105725,1000.115308,1000.122986,1000.128969,1000.133788,1000.135915,1000.136801,1000.134321,1000.129152,1000.121448,1000.111214,1000.099433,1000.086306,1000.066737,1000.049624,0.000000,0.000000,0.000000,0.000000,0.000000,0.000000,0.000000,0.000000,0.000000,0.000000,0.000000,0.000000,0.000000,0.000000,0.000000,0.000000,0.000000,0.000000,0.000000,0.000000,0.000000,0.000000,0.000000,0.000000,0.000000,0.000000,0.000000,0.000000,0.000000,0.000000,0.000000,0.000000
0.000000,0.000000,0.000000,0.000000,0.000000,0.000000,0.000000,0.000000,0.000000,0.000000,0.000000,0.000000,0.000000,0.000000,0.000000,0.000000,0.000000,0.000000,0.000000,0.000000,0.000000,0.000000,0.000000,0.000000,0.000000,0.000000,0.000000,0.000000,0.000000,0.000000,0.000000,0.000000,0.000000,0.000000,1000.069566,1000.082909,1000.093933,1000.101165,1000.108110,1000.113391,1000.116038,1000.112863,1000.110719,1000.109343,1000.106662,1000.101382,1000.093014,1000.081857,1000.069117,1000.057091,1000.048118,1000.044057,1000.046376,1000.054104,1000.066031,1000.079846,1000.092957,1000.103620,1000.111048,1000.115377,1000.117690,1000.119631,1000.121385,1000.116873,1000.109783,1000.100897,1000.087820,1000.072539,1000.058234,0.000000,0.000000,0.000000,0.000000,0.000000,0.000000,0.000000,0.000000,0.000000,0.000000,0.000000,0.000000,0.000000,0.000000,0.000000,0.000000,0.000000,0.000000,0.000000,0.000000,0.000000,0.000000,0.000000,0.000000,0.000000,0.000000,0.000000,0.000000,0.000000,0.000000,0.000000,0.000000,0.000000,0.000000
0.000000,0.000000,0.000000,0.000000,0.000000,0.000000,0.000000,0.000000,0.000000,0.000000,0.000000,0.000000,0.000000,0.000000,0.000000,0.000000,0.000000,0.000000,0.000000,0.000000,0.000000,0.000000,0.000000,0.000000,0.000000,0.000000,0.000000,0.000000,0.000000,0.000000,0.000000,0.000000,0.000000,0.000000,0.000000,0.000000,0.000000,1000.068845,1000.082322,1000.089651,1000.091067,1000.088312,1000.081359,1000.084004,1000.084236,1000.079918,1000.071164,1000.058873,1000.044750,1000.031193,1000.020257,1000.016264,1000.018574,1000.027969,1000.041563,1000.057185,1000.071983,1000.083618,1000.090569,1000.092346,1000.090955,1000.098176,1000.099055,1000.094658,1000.084652,1000.071887,0.000000,0.000000,0.000000,0.000000,0.000000,0.000000,0.000000,0.000000,0.000000,0.000000,0.000000,0.000000,0.000000,0.000000,0.000000,0.000000,0.000000,0.000000,0.000000,0.000000,0.000000,0.000000,0.000000,0.000000,0.000000,0.000000,0.000000,0.000000,0.000000,0.000000,0.000000,0.000000,0.000000,0.000000,0.000000,0.000000,0.000000
0.000000,0.000000,0.000000,0.000000,0.000000,0.000000,0.000000,0.000000,0.000000,0.000000,0.000000,0.000000,0.000000,0.000000,0.000000,0.000000,0.000000,0.000000,0.000000,0.000000,0.000000,0.000000,0.000000,0.000000,0.000000,0.000000,0.000000,0.000000,0.000000,0.000000,0.000000,0.000000,0.000000,0.000000,0.000000,0.000000,0.000000,0.000000,0.000000,0.000000,0.000000,0.000000,1000.046012,1000.059880,1000.060078,1000.054323,1000.044381,1000.030113,1000.012660,999.994809,999.982087,999.979910,999.979636,999.990575,1000.008367,1000.027776,1000.045324,1000.058870,1000.067575,1000.069188,1000.056216,0.000000,0.000000,0.000000,0.000000,0.000000,0.000000,0.000000,0.000000,0.000000,0.000000,0.000000,0.000000,0.000000,0.000000,0.000000,0.000000,0.000000,0.000000,0.000000,0.000000,0.000000,0.000000,0.000000,0.000000,0.000000,0.000000,0.000000,0.000000,0.000000,0.000000,0.000000,0.000000,0.000000,0.000000,0.000000,0.000000,0.000000,0.000000,0.000000,0.000000,0.000000,0.000000
0.000000,0.000000,0.000000,0.000000,0.000000,0.000000,0.000000,0.000000,0.000000,0.000000,0.000000,0.000000,0.000000,0.000000,0.000000,0.000000,0.000000,0.000000,0.000000,0.000000,0.000000,0.000000,0.000000,0.000000,0.000000,0.000000,0.000000,0.000000,0.000000,0.000000,0.000000,0.000000,0.000000,0.000000,0.000000,0.000000,0.000000,0.000000,0.000000,0.000000,0.000000,0.000000,0.000000,0.000000,0.000000,0.000000,0.000000,0.000000,0.000000,0.000000,0.000000,999.945113,0.000000,0.000000,0.000000,0.000000,0.000000,0.000000,0.000000,0.000000,0.000000,0.000000,0.000000,0.000000,0.000000,0.000000,0.000000,0.000000,0.000000,0.000000,0.000000,0.000000,0.000000,0.000000,0.000000,0.000000,0.000000,0.000000,0.000000,0.000000,0.000000,0.000000,0.000000,0.000000,0.000000,0.000000,0.000000,0.000000,0.000000,0.000000,0.000000,0.000000,0.000000,0.000000,0.000000,0.000000,0.000000,0.000000,0.000000,0.000000,0.000000,0.000000,0.000000
0.000000,0.000000,0.000000,0.000000,0.000000,0.000000,0.000000,0.000000,0.000000,0.000000,0.000000,0.000000,0.000000,0.000000,0.000000,0.000000,0.000000,0.000000,0.000000,0.000000,0.000000,0.000000,0.000000,0.000000,0.000000,0.000000,0.000000,0.000000,0.000000,0.000000,0.000000,0.000000,0.000000,0.000000,0.000000,0.000000,0.000000,0.000000,0.000000,0.000000,0.000000,0.000000,0.000000,0.000000,0.000000,0.000000,0.000000,0.000000,0.000000,0.000000,0.000000,0.000000,0.000000,0.000000,0.000000,0.000000,0.000000,0.000000,0.000000,0.000000,0.000000,0.000000,0.000000,0.000000,0.000000,0.000000,0.000000,0.000000,0.000000,0.000000,0.000000,0.000000,0.000000,0.000000,0.000000,0.000000,0.000000,0.000000,0.000000,0.000000,0.000000,0.000000,0.000000,0.000000,0.000000,0.000000,0.000000,0.000000,0.000000,0.000000,0.000000,0.000000,0.000000,0.000000,0.000000,0.000000,0.000000,0.000000,0.000000,0.000000,0.000000,0.000000,0.000000
