0.000000,0.000000,0.000000,0.000000,0.000000,0.000000,0.000000,0.000000,0.000000,0.000000,0.000000,0.000000,0.000000,0.000000,0.000000,0.000000,0.000000,0.000000,0.000000,0.000000,0.000000,0.000000,0.000000,0.000000,0.000000,0.000000,0.000000,0.000000,0.000000,0.000000,0.000000,0.000000,0.000000,0.000000,0.000000,0.000000,0.000000,0.000000,0.000000,0.000000,0.000000,0.000000,0.000000,0.000000,0.000000,0.000000,0.000000,0.000000,0.000000,0.000000,0.000000,0.000000,0.000000,0.000000,0.000000,0.000000,0.000000,0.000000,0.000000,0.000000,0.000000,0.000000,0.000000,0.000000,0.000000,0.000000,0.000000,0.000000,0.000000,0.000000,0.000000,0.000000,0.000000,0.000000,0.000000,0.000000,0.000000,0.000000,0.000000,0.000000,0.000000,0.000000,0.000000,0.000000,0.000000,0.000000,0.000000,0.000000,0.000000,0.000000,0.000000,0.000000,0.000000,0.000000,0.000000,0.000000,0.000000,0.000000,0.000000,0.000000,0.000000,0.000000,0.000000
0.000000,0.000000,0.000000,0.000000,0.000000,0.000000,0.000000,0.000000,0.000000,0.000000,0.000000,0.000000,0.000000,0.000000,0.000000,0.000000,0.000000,0.000000,0.000000,0.000000,0.000000,0.000000,0.000000,0.000000,0.000000,0.000000,0.000000,0.000000,0.000000,0.000000,0.000000,0.000000,0.000000,0.000000,0.000000,0.000000,0.000000,0.000000,0.000000,0.000000,0.000000,0.000000,0.000000,0.000000,0.000000,0.000000,0.000000,0.000000,0.000000,0.000000,0.000000,1000.006103,0.000000,0.000000,0.000000,0.000000,0.000000,0.000000,0.000000,0.000000,0.000000,0.000000,0.000000,0.000000,0.000000,0.000000,0.000000,0.000000,0.000000,0.000000,0.000000,0.000000,0.000000,0.000000,0.000000,0.000000,0.000000,0.000000,0.000000,0.000000,0.000000,0.000000,0.000000,0.000000,0.000000,0.000000,0.000000,0.000000,0.000000,0.000000,0.000000,0.000000,0.000000,0.000000,0.000000,0.000000,0.000000,0.000000,0.000000,0.000000,0.000000,0.000000,0.000000
0.000000,0.000000,0.000000,0.000000,0.000000,0.000000,0.000000,0.000000,0.000000,0.000000,0.000000,0.000000,0.000000,0.000000,0.000000,0.000000,0.000000,0.000000,0.000000,0.000000,0.000000,0.000000,0.000000,0.000000,0.000000,0.000000,0.000000,0.000000,0.000000,0.000000,0.000000,0.000000,0.000000,0.000000,0.000000,0.000000,0.000000,0.000000,0.000000,0.000000,0.000000,0.000000,1000.020600,1000.024532,1000.026052,1000.026242,1000.025676,1000.024642,1000.023531,1000.022515,1000.021873,1000.022266,1000.021209,1000.021430,1000.022480,1000.023761,1000.024801,1000.025333,1000.025236,1000.024077,1000.020440,0.000000,0.000000,0.000000,0.000000,0.000000,0.000000,0.000000,0.000000,0.000000,0.000000,0.000000,0.000000,0.000000,0.000000,0.000000,0.000000,0.000000,0.000000,0.000000,0.000000,0.000000,0.000000,0.000000,0.000000,0.000000,0.000000,0.000000,0.000000,0.000000,0.000000,0.000000,0.000000,0.000000,0.000000,0.000000,0.000000,0.000000,0.000000,0.000000,0.000000,0.000000,0.000000
0.000000,0.000000,0.000000,0.000000,0.000000,0.000000,0.000000,0.000000,0.000000,0.000000,0.000000,0.000000,0.000000,0.000000,0.000000,0.000000,0.000000,0.000000,0.000000,0.000000,0.000000,0.000000,0.000000,0.000000,0.000000,0.000000,0.000000,0.000000,0.000000,0.000000,0.000000,0.000000,0.000000,0.000000,0.000000,0.000000,0.000000,1000.020062,1000.025435,1000.029739,1000.033128,1000.035704,1000.037634,1000.039579,1000.040826,1000.041193,1000.040765,1000.039909,1000.038952,1000.038126,1000.037422,1000.037307,1000.037283,1000.037770,1000.038430,1000.039242,1000.039981,1000.040356,1000.039999,1000.038760,1000.036807,1000.034970,1000.032679,1000.029889,1000.026160,1000.021015,0.000000,0.000000,0.000000,0.000000,0.000000,0.000000,0.000000,0.000000,0.000000,0.000000,0.000000,0.000000,0.000000,0.000000,0.000000,0.000000,0.000000,0.000000,0.000000,0.000000,0.000000,0.000000,0.000000,0.000000,0.000000,0.000000,0.000000,0.000000,0.000000,0.000000,0.000000,0.000000,0.000000,0.000000,0.000000,0.000000,0.000000
0.000000,0.000000,0.000000,0.000000,0.000000,0.000000,0.000000,0.000000,0.000000,0.000000,0.000000,0.000000,0.000000,0.000000,0.000000,0.000000,0.000000,0.000000,0.000000,0.000000,0.000000,0.000000,0.000000,0.000000,0.000000,0.000000,0.000000,0.000000,0.000000,0.000000,0.000000,0.000000,0.000000,0.000000,1000.021191,1000.026907,1000.031936,1000.036885,1000.040937,1000.044634,1000.047983,1000.050465,1000.052778,1000.054478,1000.055440,1000.055561,1000.055065,1000.054240,1000.053303,1000.052496,1000.051971,1000.051728,1000.051959,1000.052465,1000.053158,1000.053950,1000.054635,1000.054938,1000.054662,1000.053620,1000.051958,1000.049802,1000.047535,1000.044444,1000.041032,1000.037237,1000.032711,1000.027878,1000.022100,0.000000,0.000000,0.000000,0.000000,0.000000,0.000000,0.000000,0.000000,0.000000,0.000000,0.000000,0.000000,0.000000,0.000000,0.000000,0.000000,0.000000,0.000000,0.000000,0.000000,0.000000,0.000000,0.000000,0.000000,0.000000,0.000000,0.000000,0.000000,0.000000,0.000000,0.000000,0.000000,0.000000,0.000000
0.000000,0.000000,0.000000,0.000000,0.000000,0.000000,0.000000,0.000000,0.000000,0.000000,0.000000,0.000000,0.000000,0.000000,0.000000,0.000000,0.000000,0.000000,0.000000,0.000000,0.000000,0.000000,0.000000,0.000000,0.000000,0.000000,0.000000,0.000000,0.000000,0.000000,0.000000,0.000000,1000.023294,1000.030092,1000.036675,1000.041894,1000.046638,1000.051236,1000.055210,1000.058709,1000.061745,1000.064367,1000.066649,1000.068153,1000.068836,1000.068784,1000.068276,1000.067496,1000.066640,1000.065866,1000.065315,1000.065086,1000.065341,1000.065881,1000.066642,1000.067435,1000.068087,1000.068428,1000.068296,1000.067517,1000.066047,1000.063836,1000.061272,1000.058326,1000.055018,1000.051300,1000.046968,1000.042441,1000.037282,1000.030536,1000.023659,0.000000,0.000000,0.000000,0.000000,0.000000,0.000000,0.000000,0.000000,0.000000,0.000000,0.000000,0.000000,0.000000,0.000000,0.000000,0.000000,0.000000,0.000000,0.000000,0.000000,0.000000,0.000000,0.000000,0.000000,0.000000,0.000000,0.000000,0.000000,0.000000,0.000000,0.000000,0.000000
0.000000,0.000000,0.000000,0.000000,0.000000,0.000000,0.000000,0.000000,0.000000,0.000000,0.000000,0.000000,0.000000,0.000000,0.000000,0.000000,0.000000,0.000000,0.000000,0.000000,0.000000,0.000000,0.000000,0.000000,0.000000,0.000000,0.000000,0.000000,0.000000,0.000000,1000.024005,1000.031496,1000.038920,1000.044781,1000.050378,1000.055514,1000.060389,1000.064738,1000.068405,1000.071375,1000.073709,1000.075643,1000.077105,1000.077885,1000.078094,1000.077947,1000.077610,1000.077161,1000.076632,1000.076109,1000.075710,1000.075547,1000.075674,1000.076037,1000.076552,1000.077082,1000.077522,1000.077827,1000.077890,1000.077623,1000.076833,1000.075347,1000.073378,1000.071060,1000.068197,1000.064694,1000.060475,1000.055683,1000.050555,1000.044882,1000.038891,1000.031347,1000.023597,0.000000,0.000000,0.000000,0.000000,0.000000,0.000000,0.000000,0.000000,0.000000,0.000000,0.000000,0.000000,0.000000,0.000000,0.000000,0.000000,0.000000,0.000000,0.000000,0.000000,0.000000,0.000000,0.000000,0.000000,0.000000,0.000000,0.000000,0.000000,0.000000,0.000000
0.000000,0.000000,0.000000,0.000000,0.000000,0.000000,0.000000,0.000000,0.000000,0.000000,0.000000,0.000000,0.000000,0.000000,0.000000,0.000000,0.000000,0.000000,0.000000,0.000000,0.000000,0.000000,0.000000,0.000000,0.000000,0.000000,0.000000,0.000000,1000.024024,1000.031768,1000.039375,1000.045808,1000.052137,1000.058092,1000.063634,1000.068476,1000.072550,1000.075847,1000.078375,1000.079996,1000.080916,1000.081312,1000.081137,1000.080631,1000.080138,1000.079873,1000.079791,1000.079803,1000.079804,1000.079755,1000.079704,1000.079665,1000.079645,1000.079649,1000.079659,1000.079696,1000.079776,1000.079932,1000.080229,1000.080691,1000.081138,1000.081234,1000.080743,1000.079786,1000.078201,1000.075714,1000.072429,1000.068330,1000.063421,1000.057834,1000.051848,1000.045472,1000.038917,1000.031370,1000.023544,0.000000,0.000000,0.000000,0.000000,0.000000,0.000000,0.000000,0.000000,0.000000,0.000000,0.000000,0.000000,0.000000,0.000000,0.000000,0.000000,0.000000,0.000000,0.000000,0.000000,0.000000,0.000000,0.000000,0.000000,0.000000,0.000000,0.000000,0.000000
0.000000,0.000000,0.000000,0.000000,0.000000,0.000000,0.000000,0.000000,0.000000,0.000000,0.000000,0.000000,0.000000,0.000000,0.000000,0.000000,0.000000,0.000000,0.000000,0.000000,0.000000,0.000000,0.000000,0.000000,0.000000,0.000000,1000.022807,1000.031208,1000.038951,1000.045601,1000.052211,1000.058585,1000.064746,1000.070303,1000.074883,1000.078345,1000.080573,1000.081804,1000.082172,1000.081821,1000.081048,1000.079838,1000.078235,1000.076726,1000.075687,1000.075236,1000.075237,1000.075455,1000.075782,1000.076100,1000.076323,1000.076418,1000.076322,1000.076052,1000.075701,1000.075399,1000.075263,1000.075369,1000.075880,1000.076894,1000.078336,1000.079846,1000.080931,1000.081609,1000.081936,1000.081549,1000.080276,1000.077998,1000.074467,1000.069855,1000.064376,1000.058359,1000.052020,1000.045399,1000.038920,1000.031946,1000.023805,0.000000,0.000000,0.000000,0.000000,0.000000,0.000000,0.000000,0.000000,0.000000,0.000000,0.000000,0.000000,0.000000,0.000000,0.000000,0.000000,0.000000,0.000000,0.000000,0.000000,0.000000,0.000000,0.000000,0.000000,0.000000,0.000000
0.000000,0.000000,0.000000,0.000000,0.000000,0.000000,0.000000,0.000000,0.000000,0.000000,0.000000,0.000000,0.000000,0.000000,0.000000,0.000000,0.000000,0.000000,0.000000,0.000000,0.000000,0.000000,0.000000,0.000000,1000.019398,1000.028778,1000.037416,1000.044658,1000.051601,1000.058153,1000.064464,1000.070276,1000.075238,1000.079081,1000.081429,1000.082286,1000.082007,1000.080912,1000.079210,1000.077302,1000.075356,1000.073349,1000.071355,1000.069585,1000.068361,1000.067730,1000.067532,1000.067613,1000.067872,1000.068209,1000.068495,1000.068621,1000.068530,1000.068244,1000.067882,1000.067611,1000.067566,1000.067823,1000.068484,1000.069706,1000.071453,1000.073390,1000.075287,1000.077112,1000.078949,1000.080626,1000.081731,1000.082044,1000.081201,1000.078850,1000.075091,1000.070337,1000.064724,1000.058505,1000.052045,1000.045334,1000.038404,1000.029700,1000.020092,0.000000,0.000000,0.000000,0.000000,0.000000,0.000000,0.000000,0.000000,0.000000,0.000000,0.000000,0.000000,0.000000,0.000000,0.000000,0.000000,0.000000,0.000000,0.000000,0.000000,0.000000,0.000000,0.000000,0.000000
0.000000,0.000000,0.000000,0.000000,0.000000,0.000000,0.000000,0.000000,0.000000,0.000000,0.000000,0.000000,0.000000,0.000000,0.000000,0.000000,0.000000,0.000000,0.000000,0.000000,0.000000,0.000000,0.000000,1000.023907,1000.033845,1000.042031,1000.049958,1000.057228,1000.063940,1000.069852,1000.074880,1000.078869,1000.081346,1000.082198,1000.081544,1000.079782,1000.077493,1000.074949,1000.072285,1000.069705,1000.067358,1000.065262,1000.063357,1000.061720,1000.060507,1000.059678,1000.059158,1000.058955,1000.058986,1000.059146,1000.059325,1000.059412,1000.059379,1000.059233,1000.059063,1000.059017,1000.059221,1000.059741,1000.060580,1000.061815,1000.063469,1000.065373,1000.067400,1000.069614,1000.072092,1000.074755,1000.077401,1000.079843,1000.081723,1000.082407,1000.081593,1000.079249,1000.075442,1000.070516,1000.064654,1000.057955,1000.050756,1000.042747,1000.034244,1000.023722,0.000000,0.000000,0.000000,0.000000,0.000000,0.000000,0.000000,0.000000,0.000000,0.000000,0.000000,0.000000,0.000000,0.000000,0.000000,0.000000,0.000000,0.000000,0.000000,0.000000,0.000000,0.000000,0.000000
0.000000,0.000000,0.000000,0.000000,0.000000,0.000000,0.000000,0.000000,0.000000,0.000000,0.000000,0.000000,0.000000,0.000000,0.000000,0.000000,0.000000,0.000000,0.000000,0.000000,0.000000,1000.017100,1000.027620,1000.037555,1000.046076,1000.054304,1000.062242,1000.069104,1000.074571,1000.078627,1000.081165,1000.082118,1000.081474,1000.079425,1000.076531,1000.073320,1000.070135,1000.067140,1000.064295,1000.061616,1000.059243,1000.057178,1000.055365,1000.053839,1000.052573,1000.051556,1000.050820,1000.050375,1000.050189,1000.050160,1000.050197,1000.050249,1000.050280,1000.050293,1000.050339,1000.050512,1000.050922,1000.051640,1000.052660,1000.053936,1000.055498,1000.057342,1000.059376,1000.061641,1000.064207,1000.067043,1000.070179,1000.073583,1000.076971,1000.079926,1000.081962,1000.082626,1000.081747,1000.079269,1000.075230,1000.069762,1000.062909,1000.054909,1000.046486,1000.037738,1000.027806,1000.017264,0.000000,0.000000,0.000000,0.000000,0.000000,0.000000,0.000000,0.000000,0.000000,0.000000,0.000000,0.000000,0.000000,0.000000,0.000000,0.000000,0.000000,0.000000,0.000000,0.000000,0.000000
0.000000,0.000000,0.000000,0.000000,0.000000,0.000000,0.000000,0.000000,0.000000,0.000000,0.000000,0.000000,0.000000,0.000000,0.000000,0.000000,0.000000,0.000000,0.000000,0.000000,1000.019871,1000.030953,1000.040097,1000.048956,1000.057548,1000.065871,1000.072900,1000.078031,1000.080958,1000.081977,1000.081413,1000.079467,1000.076521,1000.072957,1000.069179,1000.065565,1000.062250,1000.059208,1000.056367,1000.053739,1000.051393,1000.049335,1000.047559,1000.046018,1000.044663,1000.043534,1000.042680,1000.042089,1000.041724,1000.041529,1000.041452,1000.041465,1000.041554,1000.041699,1000.041909,1000.042251,1000.042805,1000.043629,1000.044736,1000.046086,1000.047663,1000.049473,1000.051531,1000.053843,1000.056407,1000.059227,1000.062366,1000.065872,1000.069661,1000.073502,1000.077022,1000.079898,1000.081813,1000.082393,1000.081410,1000.078529,1000.073454,1000.066478,1000.058119,1000.049450,1000.040617,1000.031542,1000.020424,0.000000,0.000000,0.000000,0.000000,0.000000,0.000000,0.000000,0.000000,0.000000,0.000000,0.000000,0.000000,0.000000,0.000000,0.000000,0.000000,0.000000,0.000000,0.000000,0.000000
0.000000,0.000000,0.000000,0.000000,0.000000,0.000000,0.000000,0.000000,0.000000,0.000000,0.000000,0.000000,0.000000,0.000000,0.000000,0.000000,0.000000,0.000000,0.000000,1000.022250,1000.033326,1000.042621,1000.051422,1000.060105,1000.068194,1000.075109,1000.079846,1000.081777,1000.081338,1000.079372,1000.076480,1000.072972,1000.069070,1000.065123,1000.061328,1000.057774,1000.054475,1000.051407,1000.048584,1000.046020,1000.043722,1000.041683,1000.039875,1000.038257,1000.036840,1000.035654,1000.034728,1000.034059,1000.033586,1000.033269,1000.033096,1000.033070,1000.033189,1000.033416,1000.033745,1000.034217,1000.034890,1000.035799,1000.036951,1000.038352,1000.039968,1000.041795,1000.043870,1000.046196,1000.048775,1000.051621,1000.054732,1000.058126,1000.061797,1000.065644,1000.069537,1000.073321,1000.076749,1000.079626,1000.081641,1000.082178,1000.080348,1000.075723,1000.068887,1000.060849,1000.052259,1000.043577,1000.034312,1000.023107,0.000000,0.000000,0.000000,0.000000,0.000000,0.000000,0.000000,0.000000,0.000000,0.000000,0.000000,0.000000,0.000000,0.000000,0.000000,0.000000,0.000000,0.000000,0.000000
0.000000,0.000000,0.000000,0.000000,0.000000,0.000000,0.000000,0.000000,0.000000,0.000000,0.000000,0.000000,0.000000,0.000000,0.000000,0.000000,0.000000,0.000000,1000.023940,1000.035176,1000.044733,1000.053771,1000.062602,1000.070325,1000.076569,1000.080692,1000.081807,1000.080126,1000.076937,1000.073147,1000.069169,1000.065170,1000.061185,1000.057316,1000.053631,1000.050107,1000.046790,1000.043741,1000.040959,1000.038436,1000.036146,1000.034085,1000.032229,1000.030557,1000.029109,1000.027914,1000.026972,1000.026253,1000.025720,1000.025338,1000.025117,1000.025072,1000.025174,1000.025429,1000.025847,1000.026430,1000.027204,1000.028185,1000.029390,1000.030822,1000.032458,1000.034306,1000.036395,1000.038728,1000.041299,1000.044122,1000.047196,1000.050532,1000.054102,1000.057830,1000.061661,1000.065546,1000.069465,1000.073436,1000.077266,1000.080529,1000.082305,1000.081290,1000.077280,1000.071149,1000.063593,1000.054937,1000.045974,1000.036410,1000.024943,0.000000,0.000000,0.000000,0.000000,0.000000,0.000000,0.000000,0.000000,0.000000,0.000000,0.000000,0.000000,0.000000,0.000000,0.000000,0.000000,0.000000,0.000000
0.000000,0.000000,0.000000,0.000000,0.000000,0.000000,0.000000,0.000000,0.000000,0.000000,0.000000,0.000000,0.000000,0.000000,0.000000,0.000000,0.000000,1000.024608,1000.036300,1000.046229,1000.055615,1000.064691,1000.072467,1000.078115,1000.081290,1000.081647,1000.079242,1000.075102,1000.070400,1000.065841,1000.061594,1000.057539,1000.053633,1000.049835,1000.046153,1000.042634,1000.039348,1000.036324,1000.033534,1000.030973,1000.028652,1000.026570,1000.024704,1000.023042,1000.021608,1000.020411,1000.019448,1000.018690,1000.018107,1000.017710,1000.017497,1000.017430,1000.017509,1000.017761,1000.018209,1000.018869,1000.019727,1000.020773,1000.022023,1000.023480,1000.025140,1000.026995,1000.029064,1000.031391,1000.033958,1000.036735,1000.039748,1000.043016,1000.046545,1000.050254,1000.054045,1000.057916,1000.061937,1000.066196,1000.070796,1000.075523,1000.079681,1000.082117,1000.081837,1000.078792,1000.073340,1000.065778,1000.056816,1000.047480,1000.037517,1000.025425,0.000000,0.000000,0.000000,0.000000,0.000000,0.000000,0.000000,0.000000,0.000000,0.000000,0.000000,0.000000,0.000000,0.000000,0.000000,0.000000,0.000000
0.000000,0.000000,0.000000,0.000000,0.000000,0.000000,0.000000,0.000000,0.000000,0.000000,0.000000,0.000000,0.000000,0.000000,0.000000,0.000000,1000.024573,1000.036757,1000.047029,1000.056750,1000.066036,1000.073898,1000.079313,1000.081639,1000.081112,1000.078282,1000.073797,1000.068549,1000.063379,1000.058695,1000.054399,1000.050307,1000.046361,1000.042573,1000.038930,1000.035451,1000.032182,1000.029138,1000.026308,1000.023702,1000.021377,1000.019310,1000.017454,1000.015816,1000.014392,1000.013181,1000.012182,1000.011375,1000.010768,1000.010374,1000.010158,1000.010074,1000.010142,1000.010395,1000.010855,1000.011538,1000.012430,1000.013524,1000.014806,1000.016291,1000.017984,1000.019857,1000.021923,1000.024211,1000.026731,1000.029473,1000.032439,1000.035665,1000.039136,1000.042792,1000.046590,1000.050535,1000.054660,1000.059007,1000.063737,1000.068914,1000.074122,1000.078570,1000.081422,1000.082060,1000.079920,1000.074707,1000.066983,1000.057801,1000.048203,1000.037917,1000.025455,0.000000,0.000000,0.000000,0.000000,0.000000,0.000000,0.000000,0.000000,0.000000,0.000000,0.000000,0.000000,0.000000,0.000000,0.000000,0.000000
0.000000,0.000000,0.000000,0.000000,0.000000,0.000000,0.000000,0.000000,0.000000,0.000000,0.000000,0.000000,0.000000,0.000000,0.000000,1000.024476,1000.036749,1000.047255,1000.057238,1000.066743,1000.074631,1000.079875,1000.081654,1000.080272,1000.076866,1000.072259,1000.066964,1000.061558,1000.056500,1000.051830,1000.047444,1000.043299,1000.039350,1000.035569,1000.031928,1000.028443,1000.025179,1000.022135,1000.019295,1000.016702,1000.014386,1000.012321,1000.010471,1000.008829,1000.007402,1000.006181,1000.005144,1000.004302,1000.003688,1000.003279,1000.003035,1000.002944,1000.003013,1000.003286,1000.003777,1000.004462,1000.005348,1000.006444,1000.007742,1000.009242,1000.010948,1000.012856,1000.014955,1000.017230,1000.019693,1000.022376,1000.025295,1000.028487,1000.031944,1000.035591,1000.039382,1000.043343,1000.047551,1000.052041,1000.056783,1000.061845,1000.067184,1000.072408,1000.077010,1000.080503,1000.082050,1000.080435,1000.075302,1000.067539,1000.058265,1000.048509,1000.038063,1000.025745,0.000000,0.000000,0.000000,0.000000,0.000000,0.000000,0.000000,0.000000,0.000000,0.000000,0.000000,0.000000,0.000000,0.000000,0.000000
0.000000,0.000000,0.000000,0.000000,0.000000,0.000000,0.000000,0.000000,0.000000,0.000000,0.000000,0.000000,0.000000,0.000000,1000.024087,1000.036293,1000.046985,1000.057187,1000.066915,1000.074936,1000.080115,1000.081583,1000.079652,1000.075640,1000.070637,1000.065303,1000.059935,1000.054710,1000.049740,1000.045042,1000.040645,1000.036506,1000.032549,1000.028742,1000.025083,1000.021602,1000.018351,1000.015315,1000.012492,1000.009930,1000.007624,1000.005549,1000.003684,1000.002029,1000.000596,999.999350,999.998290,999.997447,999.996823,999.996395,999.996131,999.996031,999.996119,999.996417,999.996917,999.997601,999.998477,999.999556,1000.000850,1000.002358,1000.004072,1000.005993,1000.008108,1000.010405,1000.012869,1000.015519,1000.018408,1000.021559,1000.024988,1000.028650,1000.032496,1000.036509,1000.040719,1000.045217,1000.049994,1000.054952,1000.060069,1000.065318,1000.070630,1000.075730,1000.079919,1000.082022,1000.080649,1000.075569,1000.067822,1000.058476,1000.048544,1000.037930,1000.025539,0.000000,0.000000,0.000000,0.000000,0.000000,0.000000,0.000000,0.000000,0.000000,0.000000,0.000000,0.000000,0.000000,0.000000
0.000000,0.000000,0.000000,0.000000,0.000000,0.000000,0.000000,0.000000,0.000000,0.000000,0.000000,0.000000,0.000000,1000.022568,1000.035143,1000.046130,1000.056616,1000.066602,1000.074857,1000.080178,1000.081573,1000.079363,1000.074962,1000.069544,1000.063935,1000.058487,1000.053162,1000.047975,1000.043021,1000.038372,1000.034014,1000.029856,1000.025873,1000.022080,1000.018434,1000.014968,1000.011720,1000.008694,1000.005905,1000.003369,1000.001084,999.998996,999.997094,999.995419,999.993961,999.992694,999.991638,999.990801,999.990174,999.989735,999.989452,999.989343,999.989450,999.989763,999.990259,999.990942,999.991816,999.992896,999.994188,999.995694,999.997414,999.999331,1000.001446,1000.003754,1000.006247,1000.008926,1000.011813,1000.014952,1000.018348,1000.021984,1000.025858,1000.029942,1000.034184,1000.038616,1000.043302,1000.048205,1000.053236,1000.058377,1000.063755,1000.069466,1000.075108,1000.079738,1000.082076,1000.080785,1000.075731,1000.067917,1000.058333,1000.048055,1000.037073,1000.024167,0.000000,0.000000,0.000000,0.000000,0.000000,0.000000,0.000000,0.000000,0.000000,0.000000,0.000000,0.000000,0.000000
0.000000,0.000000,0.000000,0.000000,0.000000,0.000000,0.000000,0.000000,0.000000,0.000000,0.000000,0.000000,1000.019701,1000.033091,1000.044527,1000.055405,1000.065811,1000.074441,1000.080027,1000.081565,1000.079286,1000.074670,1000.068964,1000.063066,1000.057426,1000.051932,1000.046540,1000.041375,1000.036497,1000.031903,1000.027534,1000.023347,1000.019385,1000.015611,1000.011973,1000.008524,1000.005304,1000.002312,999.999561,999.997054,999.994772,999.992671,999.990750,999.989044,999.987556,999.986281,999.985220,999.984383,999.983746,999.983274,999.982969,999.982859,999.982965,999.983275,999.983780,999.984482,999.985379,999.986482,999.987790,999.989295,999.991005,999.992913,999.995022,999.997333,999.999851,1000.002572,1000.005494,1000.008635,1000.012004,1000.015607,1000.019441,1000.023508,1000.027777,1000.032207,1000.036823,1000.041644,1000.046650,1000.051830,1000.057199,1000.062893,1000.068999,1000.074961,1000.079735,1000.082117,1000.080838,1000.075697,1000.067552,1000.057442,1000.046627,1000.035177,1000.021683,0.000000,0.000000,0.000000,0.000000,0.000000,0.000000,0.000000,0.000000,0.000000,0.000000,0.000000,0.000000
0.000000,0.000000,0.000000,0.000000,0.000000,0.000000,0.000000,0.000000,0.000000,0.000000,0.000000,1000.016079,1000.030286,1000.042172,1000.053423,1000.064359,1000.073622,1000.079695,1000.081508,1000.079336,1000.074637,1000.068734,1000.062612,1000.056770,1000.051107,1000.045529,1000.040159,1000.035068,1000.030244,1000.025659,1000.021265,1000.017077,1000.013107,1000.009305,1000.005675,1000.002263,999.999097,999.996164,999.993448,999.990958,999.988665,999.986558,999.984643,999.982920,999.981405,999.980108,999.979028,999.978164,999.977488,999.976974,999.976650,999.976547,999.976650,999.976955,999.977468,999.978189,999.979125,999.980268,999.981601,999.983119,999.984828,999.986735,999.988838,999.991158,999.993691,999.996424,999.999374,1000.002525,1000.005873,1000.009443,1000.013241,1000.017264,1000.021512,1000.025958,1000.030591,1000.035413,1000.040403,1000.045588,1000.051006,1000.056644,1000.062594,1000.068888,1000.074929,1000.079716,1000.082108,1000.080717,1000.075159,1000.066298,1000.055463,1000.044195,1000.032405,1000.018608,0.000000,0.000000,0.000000,0.000000,0.000000,0.000000,0.000000,0.000000,0.000000,0.000000,0.000000
0.000000,0.000000,0.000000,0.000000,0.000000,0.000000,0.000000,0.000000,0.000000,0.000000,0.000000,1000.026528,1000.039370,1000.050909,1000.062157,1000.072091,1000.079048,1000.081495,1000.079554,1000.074858,1000.068841,1000.062528,1000.056492,1000.050674,1000.044956,1000.039415,1000.034111,1000.029055,1000.024255,1000.019679,1000.015279,1000.011057,1000.007031,1000.003198,999.999577,999.996208,999.993101,999.990218,999.987531,999.985039,999.982744,999.980639,999.978720,999.976990,999.975447,999.974106,999.972990,999.972079,999.971359,999.970831,999.970515,999.970431,999.970558,999.970877,999.971388,999.972103,999.973049,999.974212,999.975564,999.977097,999.978819,999.980747,999.982877,999.985205,999.987730,999.990455,999.993392,999.996546,999.999902,1000.003457,1000.007239,1000.011252,1000.015491,1000.019943,1000.024584,1000.029433,1000.034466,1000.039646,1000.045027,1000.050655,1000.056480,1000.062560,1000.068919,1000.074993,1000.079838,1000.082137,1000.080223,1000.073735,1000.063969,1000.052700,1000.041238,1000.028707,0.000000,0.000000,0.000000,0.000000,0.000000,0.000000,0.000000,0.000000,0.000000,0.000000,0.000000
0.000000,0.000000,0.000000,0.000000,0.000000,0.000000,0.000000,0.000000,0.000000,0.000000,1000.023110,1000.036853,1000.048389,1000.059658,1000.069962,1000.077842,1000.081466,1000.080170,1000.075519,1000.069348,1000.062850,1000.056618,1000.050609,1000.044750,1000.039084,1000.033605,1000.028311,1000.023274,1000.018511,1000.013943,1000.009511,1000.005242,1000.001184,999.997341,999.993738,999.990406,999.987327,999.984461,999.981785,999.979289,999.976988,999.974882,999.972952,999.971199,999.969624,999.968239,999.967082,999.966143,999.965401,999.964884,999.964609,999.964563,999.964732,999.965076,999.965584,999.966282,999.967194,999.968330,999.969677,999.971217,999.972959,999.974913,999.977074,999.979419,999.981939,999.984649,999.987567,999.990710,999.994069,999.997640,1000.001424,1000.005432,1000.009684,1000.014155,1000.018798,1000.023635,1000.028695,1000.033921,1000.039277,1000.044845,1000.050658,1000.056631,1000.062817,1000.069299,1000.075537,1000.080431,1000.082215,1000.079084,1000.071427,1000.061178,1000.049942,1000.038353,1000.024442,0.000000,0.000000,0.000000,0.000000,0.000000,0.000000,0.000000,0.000000,0.000000,0.000000
0.000000,0.000000,0.000000,0.000000,0.000000,0.000000,0.000000,0.000000,0.000000,1000.019284,1000.033607,1000.045793,1000.057247,1000.067927,1000.076367,1000.081160,1000.081062,1000.076813,1000.070466,1000.063671,1000.057190,1000.050968,1000.044909,1000.039093,1000.033487,1000.027995,1000.022687,1000.017672,1000.012917,1000.008321,1000.003854,999.999580,999.995533,999.991723,999.988163,999.984846,999.981755,999.978871,999.976177,999.973670,999.971363,999.969245,999.967303,999.965533,999.963943,999.962556,999.961387,999.960437,999.959700,999.959200,999.958947,999.958924,999.959107,999.959462,999.959976,999.960662,999.961541,999.962646,999.963971,999.965507,999.967265,999.969233,999.971401,999.973760,999.976302,999.979022,999.981945,999.985082,999.988432,999.992006,999.995795,999.999797,1000.004052,1000.008549,1000.013214,1000.018042,1000.023084,1000.028333,1000.033725,1000.039258,1000.045028,1000.051036,1000.057194,1000.063619,1000.070401,1000.076874,1000.081475,1000.081997,1000.077417,1000.069036,1000.058437,1000.046936,1000.034647,1000.019962,0.000000,0.000000,0.000000,0.000000,0.000000,0.000000,0.000000,0.000000,0.000000
0.000000,0.000000,0.000000,0.000000,0.000000,0.000000,0.000000,0.000000,0.000000,1000.028909,1000.042202,1000.054344,1000.065773,1000.074952,1000.080559,1000.081583,1000.078260,1000.072158,1000.065077,1000.058240,1000.051789,1000.045512,1000.039475,1000.033703,1000.028069,1000.022531,1000.017215,1000.012193,1000.007407,1000.002776,999.998304,999.994049,999.990050,999.986302,999.982777,999.979457,999.976339,999.973423,999.970698,999.968175,999.965861,999.963725,999.961770,999.960014,999.958453,999.957094,999.955935,999.954988,999.954268,999.953774,999.953513,999.953473,999.953623,999.953959,999.954471,999.955160,999.956052,999.957155,999.958473,999.960010,999.961760,999.963722,999.965889,999.968262,999.970835,999.973598,999.976548,999.979688,999.983029,999.986585,999.990361,999.994362,999.998618,1000.003127,1000.007811,1000.012638,1000.017657,1000.022888,1000.028302,1000.033870,1000.039617,1000.045612,1000.051851,1000.058291,1000.065106,1000.072231,1000.078544,1000.082123,1000.081223,1000.075654,1000.066547,1000.055123,1000.042902,1000.029557,0.000000,0.000000,0.000000,0.000000,0.000000,0.000000,0.000000,0.000000,0.000000
0.000000,0.000000,0.000000,0.000000,0.000000,0.000000,0.000000,0.000000,1000.023606,1000.037979,1000.050374,1000.062467,1000.072914,1000.079715,1000.081645,1000.079124,1000.073691,1000.066794,1000.059725,1000.053037,1000.046574,1000.040307,1000.034288,1000.028467,1000.022774,1000.017218,1000.011897,1000.006861,1000.002058,999.997418,999.992950,999.988729,999.984775,999.981053,999.977532,999.974193,999.971052,999.968117,999.965377,999.962838,999.960502,999.958357,999.956411,999.954682,999.953161,999.951827,999.950691,999.949766,999.949056,999.948563,999.948286,999.948206,999.948314,999.948618,999.949119,999.949826,999.950744,999.951865,999.953196,999.954736,999.956478,999.958422,999.960578,999.962960,999.965567,999.968368,999.971340,999.974492,999.977837,999.981386,999.985149,999.989140,999.993392,999.997893,1000.002569,1000.007390,1000.012397,1000.017617,1000.023035,1000.028643,1000.034431,1000.040410,1000.046636,1000.053127,1000.059873,1000.066986,1000.074004,1000.079554,1000.082063,1000.080076,1000.073282,1000.062884,1000.050732,1000.038085,1000.023018,0.000000,0.000000,0.000000,0.000000,0.000000,0.000000,0.000000,0.000000
0.000000,0.000000,0.000000,0.000000,0.000000,0.000000,0.000000,0.000000,1000.031970,1000.045362,1000.057817,1000.069481,1000.078107,1000.081607,1000.079865,1000.074868,1000.068349,1000.061371,1000.054585,1000.048004,1000.041566,1000.035315,1000.029243,1000.023361,1000.017650,1000.012096,1000.006783,1000.001766,999.996974,999.992332,999.987881,999.983687,999.979740,999.976005,999.972460,999.969102,999.965954,999.963017,999.960266,999.957699,999.955342,999.953198,999.951270,999.949564,999.948061,999.946751,999.945646,999.944746,999.944048,999.943557,999.943256,999.943144,999.943230,999.943517,999.944022,999.944740,999.945661,999.946793,999.948135,999.949683,999.951430,999.953369,999.955510,999.957881,999.960490,999.963305,999.966295,999.969471,999.972844,999.976412,999.980172,999.984152,999.988388,999.992860,999.997505,1000.002311,1000.007316,1000.012542,1000.017979,1000.023609,1000.029437,1000.035441,1000.041624,1000.048064,1000.054759,1000.061675,1000.068766,1000.075350,1000.080262,1000.081826,1000.078186,1000.069518,1000.057825,1000.045166,1000.031533,0.000000,0.000000,0.000000,0.000000,0.000000,0.000000,0.000000,0.000000
0.000000,0.000000,0.000000,0.000000,0.000000,0.000000,0.000000,1000.024952,1000.039750,1000.052363,1000.064607,1000.074984,1000.080987,1000.081070,1000.076567,1000.070061,1000.063120,1000.056334,1000.049695,1000.043134,1000.036723,1000.030449,1000.024336,1000.018445,1000.012732,1000.007191,1000.001915,999.996935,999.992153,999.987519,999.983094,999.978912,999.974958,999.971206,999.967643,999.964285,999.961144,999.958204,999.955426,999.952833,999.950462,999.948316,999.946398,999.944693,999.943189,999.941896,999.940818,999.939942,999.939255,999.938751,999.938432,999.938302,999.938370,999.938660,999.939172,999.939887,999.940802,999.941929,999.943278,999.944848,999.946620,999.948569,999.950701,999.953045,999.955625,999.958431,999.961438,999.964640,999.968051,999.971645,999.975403,999.979372,999.983597,999.988041,999.992651,999.997442,1000.002453,1000.007685,1000.013133,1000.018796,1000.024654,1000.030673,1000.036837,1000.043208,1000.049859,1000.056696,1000.063672,1000.070693,1000.077116,1000.081397,1000.081049,1000.074878,1000.064438,1000.051983,1000.038973,1000.023531,0.000000,0.000000,0.000000,0.000000,0.000000,0.000000,0.000000
0.000000,0.000000,0.000000,0.000000,0.000000,0.000000,0.000000,1000.032644,1000.046210,1000.058769,1000.070428,1000.078907,1000.081843,1000.078971,1000.072670,1000.065428,1000.058423,1000.051681,1000.045002,1000.038453,1000.032033,1000.025732,1000.019627,1000.013739,1000.008030,1000.002517,999.997284,999.992332,999.987566,999.982958,999.978553,999.974382,999.970427,999.966666,999.963102,999.959745,999.956606,999.953652,999.950859,999.948263,999.945888,999.943744,999.941822,999.940098,999.938582,999.937294,999.936230,999.935364,999.934669,999.934151,999.933820,999.933674,999.933732,999.934022,999.934532,999.935244,999.936155,999.937281,999.938639,999.940236,999.942042,999.944015,999.946142,999.948459,999.951012,999.953802,999.956808,999.960027,999.963459,999.967067,999.970822,999.974779,999.978995,999.983425,999.988012,999.992793,999.997814,1000.003058,1000.008503,1000.014176,1000.020077,1000.026129,1000.032289,1000.038619,1000.045209,1000.052061,1000.059044,1000.066205,1000.073408,1000.079516,1000.082117,1000.078918,1000.070266,1000.058435,1000.045511,1000.031477,0.000000,0.000000,0.000000,0.000000,0.000000,0.000000,0.000000
0.000000,0.000000,0.000000,0.000000,0.000000,0.000000,1000.024808,1000.039731,1000.052496,1000.064843,1000.075219,1000.081207,1000.081096,1000.075959,1000.068638,1000.061195,1000.054157,1000.047296,1000.040577,1000.034019,1000.027553,1000.021236,1000.015143,1000.009261,1000.003567,999.998083,999.992876,999.987940,999.983200,999.978618,999.974227,999.970065,999.966110,999.962345,999.958773,999.955406,999.952249,999.949282,999.946502,999.943921,999.941563,999.939427,999.937486,999.935743,999.934217,999.932930,999.931863,999.930976,999.930264,999.929740,999.929400,999.929250,999.929320,999.929614,999.930125,999.930838,999.931751,999.932884,999.934246,999.935845,999.937669,999.939674,999.941820,999.944129,999.946658,999.949424,999.952418,999.955639,999.959080,999.962697,999.966450,999.970398,999.974601,999.979011,999.983578,999.988354,999.993385,999.998640,1000.004084,1000.009749,1000.015669,1000.021765,1000.027959,1000.034297,1000.040851,1000.047678,1000.054737,1000.061976,1000.069470,1000.076679,1000.081611,1000.081453,1000.075210,1000.064658,1000.052079,1000.038907,1000.023285,0.000000,0.000000,0.000000,0.000000,0.000000,0.000000
0.000000,0.000000,0.000000,0.000000,0.000000,0.000000,1000.032125,1000.045840,1000.058602,1000.070375,1000.078953,1000.082006,1000.079081,1000.072461,1000.064734,1000.057248,1000.050124,1000.043172,1000.036424,1000.029807,1000.023295,1000.016987,1000.010910,1000.005038,999.999359,999.993899,999.988702,999.983772,999.979042,999.974468,999.970087,999.965924,999.961964,999.958192,999.954609,999.951232,999.948063,999.945102,999.942337,999.939774,999.937435,999.935292,999.933336,999.931581,999.930051,999.928756,999.927667,999.926754,999.926028,999.925498,999.925161,999.925032,999.925123,999.925433,999.925951,999.926667,999.927588,999.928719,999.930068,999.931646,999.933464,999.935492,999.937680,999.940015,999.942530,999.945268,999.948239,999.951448,999.954893,999.958521,999.962287,999.966234,999.970423,999.974810,999.979350,999.984115,999.989165,999.994434,999.999872,1000.005527,1000.011440,1000.017554,1000.023789,1000.030170,1000.036745,1000.043553,1000.050629,1000.057916,1000.065510,1000.073238,1000.079740,1000.082438,1000.079131,1000.070355,1000.058458,1000.045456,1000.031005,0.000000,0.000000,0.000000,0.000000,0.000000,0.000000
0.000000,0.000000,0.000000,0.000000,0.000000,1000.024544,1000.039095,1000.052002,1000.064588,1000.075121,1000.081262,1000.081296,1000.076193,1000.068709,1000.060914,1000.053457,1000.046233,1000.039226,1000.032427,1000.025759,1000.019258,1000.012981,1000.006919,1000.001054,999.995390,999.989951,999.984767,999.979831,999.975091,999.970525,999.966150,999.961975,999.957999,999.954214,999.950627,999.947251,999.944095,999.941148,999.938388,999.935835,999.933488,999.931330,999.929371,999.927619,999.926086,999.924768,999.923647,999.922718,999.921985,999.921455,999.921128,999.921015,999.921124,999.921446,999.921967,999.922691,999.923620,999.924747,999.926073,999.927622,999.929419,999.931450,999.933671,999.936047,999.938574,999.941294,999.944241,999.947433,999.950872,999.954502,999.958288,999.962261,999.966448,999.970821,999.975352,999.980100,999.985147,999.990441,999.995880,1000.001504,1000.007407,1000.013525,1000.019768,1000.026177,1000.032803,1000.039628,1000.046696,1000.054019,1000.061574,1000.069420,1000.076885,1000.081857,1000.081608,1000.075260,1000.064594,1000.051939,1000.038782,1000.023518,0.000000,0.000000,0.000000,0.000000,0.000000
0.000000,0.000000,0.000000,0.000000,0.000000,1000.030689,1000.044766,1000.057892,1000.070027,1000.078805,1000.081946,1000.079176,1000.072693,1000.064890,1000.057167,1000.049727,1000.042441,1000.035403,1000.028573,1000.021909,1000.015436,1000.009179,1000.003130,999.997263,999.991597,999.986182,999.981028,999.976093,999.971357,999.966809,999.962432,999.958242,999.954246,999.950445,999.946853,999.943483,999.940338,999.937389,999.934632,999.932071,999.929705,999.927548,999.925598,999.923857,999.922324,999.920989,999.919843,999.918899,999.918163,999.917632,999.917309,999.917201,999.917312,999.917634,999.918160,999.918894,999.919829,999.920958,999.922280,999.923812,999.925579,999.927586,999.929808,999.932207,999.934760,999.937481,999.940419,999.943606,999.947031,999.950651,999.954444,999.958446,999.962659,999.967038,999.971578,999.976326,999.981351,999.986643,999.992093,999.997701,1000.003576,1000.009689,1000.015933,1000.022341,1000.028988,1000.035847,1000.042927,1000.050255,1000.057742,1000.065515,1000.073362,1000.079827,1000.082442,1000.079088,1000.070179,1000.058034,1000.044933,1000.030531,0.000000,0.000000,0.000000,0.000000,0.000000
0.000000,0.000000,0.000000,0.000000,1000.020704,1000.036650,1000.050268,1000.063407,1000.074550,1000.081003,1000.081107,1000.076169,1000.068907,1000.061164,1000.053559,1000.046084,1000.038806,1000.031777,1000.024937,1000.018282,1000.011829,1000.005588,999.999529,999.993630,999.987955,999.982572,999.977461,999.972560,999.967842,999.963297,999.958915,999.954710,999.950700,999.946888,999.943292,999.939923,999.936764,999.933805,999.931042,999.928470,999.926107,999.923957,999.922015,999.920290,999.918763,999.917420,999.916267,999.915315,999.914572,999.914037,999.913714,999.913608,999.913711,999.914019,999.914542,999.915281,999.916223,999.917354,999.918684,999.920223,999.921977,999.923951,999.926147,999.928544,999.931108,999.933842,999.936785,999.939973,999.943393,999.947004,999.950794,999.954799,999.959028,999.963436,999.968001,999.972756,999.977761,999.983030,999.988487,999.994103,999.999957,1000.006054,1000.012301,1000.018698,1000.025331,1000.032204,1000.039297,1000.046625,1000.054106,1000.061733,1000.069546,1000.076854,1000.081701,1000.081375,1000.074762,1000.063657,1000.050707,1000.037335,1000.022051,0.000000,0.000000,0.000000,0.000000
0.000000,0.000000,0.000000,0.000000,1000.026590,1000.041676,1000.055275,1000.068163,1000.077933,1000.081743,1000.079206,1000.072835,1000.065245,1000.057649,1000.050115,1000.042652,1000.035416,1000.028391,1000.021557,1000.014911,1000.008462,1000.002216,999.996120,999.990182,999.984518,999.979179,999.974115,999.969243,999.964534,999.959978,999.955575,999.951357,999.947347,999.943539,999.939943,999.936561,999.933386,999.930418,999.927650,999.925092,999.922741,999.920590,999.918655,999.916929,999.915391,999.914039,999.912883,999.911933,999.911192,999.910666,999.910349,999.910244,999.910341,999.910636,999.911143,999.911874,999.912816,999.913949,999.915281,999.916826,999.918586,999.920551,999.922727,999.925114,999.927677,999.930412,999.933357,999.936546,999.939968,999.943574,999.947363,999.951367,999.955587,999.960007,999.964607,999.969373,999.974352,999.979590,999.985050,999.990683,999.996533,1000.002620,1000.008876,1000.015278,1000.021880,1000.028722,1000.035811,1000.043142,1000.050650,1000.058203,1000.065870,1000.073503,1000.079788,1000.082140,1000.078201,1000.068523,1000.055858,1000.042543,1000.027777,0.000000,0.000000,0.000000,0.000000
0.000000,0.000000,0.000000,0.000000,1000.031524,1000.046175,1000.059954,1000.072085,1000.080051,1000.081417,1000.076868,1000.069588,1000.061900,1000.054366,1000.046873,1000.039485,1000.032278,1000.025255,1000.018433,1000.011780,1000.005310,999.999033,999.992905,999.986978,999.981350,999.976042,999.970992,999.966125,999.961411,999.956834,999.952411,999.948190,999.944181,999.940374,999.936771,999.933384,999.930211,999.927240,999.924480,999.921934,999.919589,999.917447,999.915506,999.913756,999.912194,999.910831,999.909676,999.908736,999.908012,999.907503,999.907204,999.907101,999.907195,999.907485,999.907980,999.908700,999.909635,999.910764,999.912090,999.913633,999.915392,999.917361,999.919541,999.921922,999.924489,999.927229,999.930164,999.933344,999.936761,999.940365,999.944155,999.948163,999.952381,999.956797,999.961411,999.966195,999.971159,999.976364,999.981810,999.987456,999.993302,999.999383,1000.005673,1000.012108,1000.018682,1000.025468,1000.032530,1000.039843,1000.047353,1000.054934,1000.062532,1000.070222,1000.077378,1000.081791,1000.080422,1000.072571,1000.060624,1000.047128,1000.032752,0.000000,0.000000,0.000000,0.000000
0.000000,0.000000,0.000000,1000.020155,1000.036197,1000.050527,1000.064061,1000.075192,1000.081213,1000.080352,1000.074377,1000.066632,1000.058883,1000.051329,1000.043879,1000.036568,1000.029391,1000.022371,1000.015524,1000.008831,1000.002338,999.996034,999.989911,999.984036,999.978452,999.973144,999.968068,999.963182,999.958456,999.953867,999.949437,999.945205,999.941184,999.937366,999.933765,999.930395,999.927232,999.924263,999.921500,999.918946,999.916604,999.914467,999.912517,999.910753,999.909184,999.907823,999.906682,999.905762,999.905057,999.904560,999.904265,999.904165,999.904259,999.904549,999.905043,999.905755,999.906685,999.907814,999.909135,999.910667,999.912417,999.914377,999.916559,999.918947,999.921520,999.924278,999.927222,999.930382,999.933777,999.937373,999.941172,999.945191,999.949410,999.953821,999.958435,999.963233,999.968207,999.973394,999.978809,999.984440,999.990283,999.996358,1000.002667,1000.009147,1000.015733,1000.022481,1000.029504,1000.036792,1000.044268,1000.051870,1000.059506,1000.067221,1000.074828,1000.080699,1000.081644,1000.075807,1000.064812,1000.051472,1000.037512,1000.021731,0.000000,0.000000,0.000000
0.000000,0.000000,0.000000,1000.025230,1000.040156,1000.054333,1000.067533,1000.077626,1000.081584,1000.078705,1000.071824,1000.063921,1000.056137,1000.048551,1000.041146,1000.033895,1000.026733,1000.019687,1000.012790,1000.006065,999.999541,999.993233,999.987158,999.981338,999.975775,999.970440,999.965312,999.960395,999.955669,999.951089,999.946653,999.942405,999.938367,999.934545,999.930965,999.927616,999.924459,999.921482,999.918698,999.916134,999.913790,999.911648,999.909701,999.907945,999.906389,999.905053,999.903939,999.903035,999.902334,999.901834,999.901528,999.901421,999.901519,999.901814,999.902307,999.903011,999.903936,999.905070,999.906402,999.907932,999.909669,999.911617,999.913781,999.916171,999.918758,999.921532,999.924499,999.927659,999.931026,999.934603,999.938411,999.942455,999.946679,999.951073,999.955678,999.960490,999.965478,999.970655,999.976047,999.981644,999.987465,999.993546,999.999858,1000.006344,1000.012963,1000.019730,1000.026740,1000.034017,1000.041451,1000.049029,1000.056721,1000.064460,1000.072241,1000.079065,1000.082015,1000.078227,1000.068281,1000.055226,1000.041385,1000.026995,0.000000,0.000000,0.000000
0.000000,0.000000,0.000000,1000.029107,1000.043783,1000.057755,1000.070484,1000.079286,1000.081268,1000.076842,1000.069344,1000.061384,1000.053629,1000.046039,1000.038651,1000.031412,1000.024244,1000.017171,1000.010239,1000.003490,999.996955,999.990665,999.984626,999.978838,999.973276,999.967896,999.962717,999.957784,999.953072,999.948505,999.944072,999.939814,999.935769,999.931962,999.928402,999.925061,999.921896,999.918899,999.916107,999.913542,999.911197,999.909061,999.907122,999.905374,999.903834,999.902521,999.901421,999.900519,999.899809,999.899296,999.898981,999.898868,999.898964,999.899262,999.899753,999.900446,999.901359,999.902491,999.903840,999.905390,999.907128,999.909072,999.911228,999.913603,999.916197,999.918982,999.921957,999.925130,999.928489,999.932053,999.935864,999.939923,999.944165,999.948555,999.953144,999.957964,999.962963,999.968125,999.973490,999.979069,999.984875,999.990950,999.997261,1000.003729,1000.010356,1000.017175,1000.024209,1000.031480,1000.038911,1000.046466,1000.054165,1000.061921,1000.069800,1000.077251,1000.081678,1000.079750,1000.071070,1000.058530,1000.044896,1000.030926,0.000000,0.000000,0.000000
0.000000,0.000000,0.000000,1000.032186,1000.047093,1000.060832,1000.072900,1000.080278,1000.080537,1000.074923,1000.067040,1000.059080,1000.051353,1000.043771,1000.036357,1000.029090,1000.021922,1000.014842,1000.007900,1000.001156,999.994628,999.988338,999.982302,999.976524,999.970956,999.965543,999.960332,999.955393,999.950692,999.946138,999.941706,999.937446,999.933408,999.929616,999.926063,999.922712,999.919529,999.916528,999.913742,999.911186,999.908851,999.906722,999.904790,999.903047,999.901508,999.900190,999.899083,999.898176,999.897461,999.896938,999.896618,999.896507,999.896599,999.896892,999.897381,999.898065,999.898960,999.900082,999.901435,999.903006,999.904768,999.906722,999.908889,999.911260,999.913836,999.916619,999.919595,999.922770,999.926133,999.929693,999.933504,999.937564,999.941813,999.946225,999.950832,999.955656,999.960660,999.965806,999.971142,999.976718,999.982533,999.988591,999.994873,1000.001321,1000.007957,1000.014815,1000.021870,1000.029136,1000.036592,1000.044163,1000.051857,1000.059663,1000.067618,1000.075425,1000.080933,1000.080625,1000.073321,1000.061464,1000.048092,1000.033768,0.000000,0.000000,0.000000
0.000000,0.000000,0.000000,1000.034701,1000.049518,1000.063478,1000.074890,1000.080723,1000.079331,1000.072894,1000.064923,1000.057011,1000.049294,1000.041717,1000.034272,1000.026974,1000.019811,1000.012733,1000.005802,999.999086,999.992551,999.986232,999.980191,999.974414,999.968836,999.963407,999.958179,999.953235,999.948539,999.943984,999.939548,999.935295,999.931274,999.927491,999.923931,999.920561,999.917371,999.914374,999.911596,999.909051,999.906721,999.904599,999.902674,999.900932,999.899381,999.898044,999.896926,999.896013,999.895292,999.894767,999.894448,999.894337,999.894429,999.894720,999.895210,999.895895,999.896778,999.897884,999.899227,999.900800,999.902582,999.904558,999.906738,999.909125,999.911696,999.914457,999.917426,999.920601,999.923967,999.927526,999.931329,999.935380,999.939623,999.944056,999.948710,999.953558,999.958553,999.963693,999.969025,999.974598,999.980419,999.986466,999.992706,999.999127,1000.005777,1000.012666,1000.019739,1000.026998,1000.034453,1000.042060,1000.049780,1000.057618,1000.065599,1000.073508,1000.079753,1000.081000,1000.075243,1000.064072,1000.050410,1000.035925,0.000000,0.000000,0.000000
0.000000,0.000000,1000.019887,1000.036504,1000.051732,1000.065735,1000.076344,1000.080509,1000.077672,1000.070857,1000.062991,1000.055160,1000.047474,1000.039890,1000.032410,1000.025086,1000.017913,1000.010844,1000.003937,999.997220,999.990673,999.984343,999.978296,999.972519,999.966929,999.961482,999.956246,999.951298,999.946590,999.942019,999.937584,999.933354,999.929361,999.925588,999.922013,999.918626,999.915428,999.912433,999.909665,999.907120,999.904791,999.902674,999.900753,999.899007,999.897446,999.896100,999.894974,999.894051,999.893322,999.892794,999.892478,999.892368,999.892460,999.892753,999.893248,999.893939,999.894824,999.895921,999.897250,999.898810,999.900591,999.902584,999.904778,999.907177,999.909763,999.912519,999.915474,999.918647,999.922016,999.925577,999.929365,999.933396,999.937638,999.942082,999.946755,999.951631,999.956636,999.961774,999.967120,999.972708,999.978532,999.984559,999.990762,999.997168,1000.003828,1000.010744,1000.017841,1000.025092,1000.032535,1000.040149,1000.047888,1000.055720,1000.063647,1000.071486,1000.078102,1000.080772,1000.076708,1000.066377,1000.052654,1000.037523,1000.020266,0.000000,0.000000
0.000000,0.000000,1000.023546,1000.038390,1000.053307,1000.067133,1000.077036,1000.079924,1000.076112,1000.069074,1000.061363,1000.053616,1000.045913,1000.038283,1000.030749,1000.023404,1000.016227,1000.009159,1000.002251,999.995529,999.988984,999.982659,999.976620,999.970842,999.965229,999.959759,999.954519,999.949563,999.944828,999.940240,999.935823,999.931631,999.927668,999.923896,999.920304,999.916901,999.913693,999.910700,999.907933,999.905389,999.903066,999.900948,999.899022,999.897272,999.895709,999.894361,999.893230,999.892301,999.891565,999.891034,999.890721,999.890616,999.890710,999.891002,999.891495,999.892187,999.893079,999.894180,999.895502,999.897051,999.898822,999.900811,999.903015,999.905422,999.908017,999.910784,999.913741,999.916916,999.920289,999.923848,999.927624,999.931636,999.935879,999.940331,999.944993,999.949864,999.954888,999.960049,999.965420,999.971026,999.976845,999.982860,999.989049,999.995448,1000.002124,1000.009062,1000.016174,1000.023425,1000.030864,1000.038470,1000.046211,1000.054051,1000.061882,1000.069574,1000.076463,1000.080180,1000.077447,1000.067851,1000.054307,1000.039444,1000.024297,0.000000,0.000000
0.000000,0.000000,1000.024600,1000.039450,1000.054119,1000.067654,1000.077117,1000.079387,1000.075090,1000.067891,1000.060195,1000.052403,1000.044596,1000.036883,1000.029306,1000.021935,1000.014749,1000.007677,1000.000761,999.994044,999.987501,999.981181,999.975150,999.969357,999.963722,999.958238,999.952986,999.948013,999.943260,999.938676,999.934283,999.930119,999.926168,999.922390,999.918786,999.915372,999.912158,999.909163,999.906399,999.903865,999.901546,999.899425,999.897488,999.895730,999.894170,999.892825,999.891693,999.890761,999.890026,999.889499,999.889189,999.889086,999.889182,999.889475,999.889963,999.890650,999.891542,999.892645,999.893964,999.895506,999.897275,999.899258,999.901454,999.903861,999.906456,999.909229,999.912202,999.915395,999.918780,999.922335,999.926102,999.930112,999.934350,999.938800,999.943445,999.948289,999.953321,999.958527,999.963934,999.969551,999.975360,999.981361,999.987560,999.993982,1000.000673,1000.007613,1000.014739,1000.021997,1000.029424,1000.037057,1000.044827,1000.052684,1000.060525,1000.068202,1000.075288,1000.079579,1000.077568,1000.068469,1000.055169,1000.040545,1000.025609,0.000000,0.000000
0.000000,0.000000,1000.024480,1000.039580,1000.054037,1000.067380,1000.076821,1000.079099,1000.074725,1000.067386,1000.059478,1000.051478,1000.043531,1000.035724,1000.028104,1000.020713,1000.013493,1000.006412,999.999513,999.992794,999.986235,999.979900,999.973852,999.968051,999.962411,999.956917,999.951657,999.946666,999.941903,999.937335,999.932960,999.928798,999.924838,999.921056,999.917455,999.914041,999.910825,999.907829,999.905074,999.902548,999.900227,999.898098,999.896150,999.894391,999.892839,999.891498,999.890366,999.889436,999.888706,999.888185,999.887875,999.887768,999.887865,999.888162,999.888651,999.889337,999.890226,999.891322,999.892635,999.894173,999.895940,999.897928,999.900114,999.902501,999.905085,999.907858,999.910846,999.914058,999.917460,999.921030,999.924793,999.928798,999.933044,999.937487,999.942107,999.946926,999.951967,999.957219,999.962661,999.968288,999.974094,999.980075,999.986283,999.992755,999.999476,1000.006404,1000.013506,1000.020764,1000.028212,1000.035901,1000.043749,1000.051672,1000.059639,1000.067508,1000.074772,1000.079221,1000.077302,1000.068269,1000.055112,1000.040608,1000.025327,0.000000,0.000000
0.000000,0.000000,1000.023677,1000.038997,1000.053393,1000.066664,1000.076305,1000.078999,1000.074847,1000.067346,1000.059100,1000.050846,1000.042744,1000.034823,1000.027150,1000.019731,1000.012479,1000.005391,999.998496,999.991768,999.985182,999.978799,999.972721,999.966916,999.961282,999.955805,999.950545,999.945544,999.940784,999.936215,999.931833,999.927662,999.923693,999.919912,999.916321,999.912921,999.909710,999.906712,999.903959,999.901431,999.899100,999.896958,999.895005,999.893257,999.891717,999.890382,999.889249,999.888318,999.887594,999.887078,999.886765,999.886656,999.886751,999.887049,999.887546,999.888239,999.889130,999.890223,999.891525,999.893059,999.894826,999.896811,999.898994,999.901359,999.903919,999.906692,999.909690,999.912908,999.916314,999.919903,999.923684,999.927686,999.931932,999.936381,999.940985,999.945783,999.950824,999.956108,999.961589,999.967230,999.973032,999.979016,999.985234,999.991726,999.998477,1000.005413,1000.012479,1000.019718,1000.027207,1000.034966,1000.042933,1000.051014,1000.059183,1000.067355,1000.074837,1000.079138,1000.076831,1000.067553,1000.054368,1000.039792,1000.024068,0.000000,0.000000
0.000000,0.000000,1000.022442,1000.038122,1000.052554,1000.065810,1000.075721,1000.078939,1000.075121,1000.067531,1000.058996,1000.050501,1000.042209,1000.034162,1000.026438,1000.018973,1000.011689,1000.004598,999.997693,999.990945,999.984317,999.977883,999.971770,999.965952,999.960336,999.954892,999.949651,999.944661,999.939895,999.935306,999.930907,999.926726,999.922759,999.918983,999.915402,999.912016,999.908810,999.905813,999.903049,999.900503,999.898159,999.896010,999.894061,999.892324,999.890794,999.889464,999.888328,999.887398,999.886679,999.886165,999.885855,999.885746,999.885841,999.886139,999.886639,999.887339,999.888239,999.889338,999.890639,999.892164,999.893925,999.895904,999.898076,999.900429,999.902977,999.905752,999.908754,999.911959,999.915354,999.918949,999.922752,999.926769,999.931015,999.935472,999.940082,999.944864,999.949894,999.955184,999.960690,999.966364,999.972183,999.978174,999.984397,999.990892,999.997644,1000.004580,1000.011651,1000.018902,1000.026408,1000.034229,1000.042328,1000.050611,1000.059068,1000.067573,1000.075207,1000.079224,1000.076306,1000.066579,1000.053248,1000.038535,1000.022403,0.000000,0.000000
0.000000,0.000000,1000.021220,1000.037253,1000.051746,1000.065000,1000.075152,1000.078851,1000.075374,1000.067781,1000.059061,1000.050358,1000.041895,1000.033732,1000.025923,1000.018405,1000.011097,1000.003990,999.997078,999.990303,999.983635,999.977173,999.971030,999.965190,999.959575,999.954161,999.948971,999.944001,999.939212,999.934594,999.930182,999.926010,999.922049,999.918271,999.914693,999.911317,999.908122,999.905120,999.902333,999.899768,999.897416,999.895269,999.893327,999.891593,999.890065,999.888734,999.887602,999.886678,999.885962,999.885451,999.885144,999.885038,999.885135,999.885434,999.885930,999.886631,999.887539,999.888648,999.889958,999.891480,999.893229,999.895197,999.897359,999.899706,999.902259,999.905042,999.908042,999.911228,999.914602,999.918192,999.922001,999.926031,999.930297,999.934776,999.939399,999.944170,999.949185,999.954473,999.959986,999.965687,999.971540,999.977545,999.983759,999.990236,999.996968,1000.003906,1000.011011,1000.018302,1000.025832,1000.033692,1000.041903,1000.050382,1000.059126,1000.067929,1000.075635,1000.079297,1000.075766,1000.065561,1000.052047,1000.037280,1000.020901,0.000000,0.000000
0.000000,0.000000,1000.020211,1000.036555,1000.051092,1000.064372,1000.074708,1000.078760,1000.075575,1000.068011,1000.059157,1000.050326,1000.041756,1000.033485,1000.025576,1000.017996,1000.010666,1000.003547,999.996617,999.989822,999.983150,999.976693,999.970528,999.964649,999.959020,999.953632,999.948478,999.943518,999.938715,999.934070,999.929653,999.925495,999.921541,999.917765,999.914186,999.910815,999.907633,999.904627,999.901823,999.899242,999.896888,999.894749,999.892806,999.891062,999.889529,999.888204,999.887084,999.886167,999.885453,999.884942,999.884634,999.884530,999.884629,999.884928,999.885420,999.886118,999.887031,999.888148,999.889466,999.890995,999.892738,999.894694,999.896852,999.899197,999.901754,999.904545,999.907545,999.910722,999.914079,999.917651,999.921453,999.925486,999.929771,999.934277,999.938922,999.943705,999.948713,999.953992,999.959511,999.965223,999.971084,999.977100,999.983314,999.989760,999.996465,1000.003420,1000.010563,1000.017888,1000.025458,1000.033360,1000.041649,1000.050288,1000.059231,1000.068224,1000.075943,1000.079252,1000.075202,1000.064665,1000.051054,1000.036282,1000.019795,0.000000,0.000000
0.000000,0.000000,1000.019762,1000.035989,1000.050667,1000.064017,1000.074478,1000.078729,1000.075708,1000.068166,1000.059231,1000.050323,1000.041697,1000.033361,1000.025394,1000.017758,1000.010385,1000.003250,999.996308,999.989515,999.982867,999.976424,999.970251,999.964345,999.958695,999.953309,999.948163,999.943204,999.938388,999.933732,999.929321,999.925168,999.921215,999.917446,999.913877,999.910509,999.907334,999.904340,999.901536,999.898948,999.896591,999.894448,999.892496,999.890742,999.889206,999.887890,999.886778,999.885865,999.885153,999.884638,999.884327,999.884223,999.884323,999.884623,999.885115,999.885813,999.886726,999.887847,999.889172,999.890707,999.892451,999.894405,999.896556,999.898897,999.901450,999.904237,999.907245,999.910431,999.913788,999.917340,999.921117,999.925148,999.929440,999.933958,999.938630,999.943443,999.948467,999.953748,999.959269,999.964969,999.970810,999.976822,999.983043,999.989489,999.996185,1000.003130,1000.010291,1000.017651,1000.025259,1000.033204,1000.041548,1000.050283,1000.059341,1000.068403,1000.076057,1000.079100,1000.074725,1000.064012,1000.050357,1000.035477,1000.019384,0.000000,0.000000
0.000000,1000.003707,1000.020569,1000.035965,1000.050491,1000.063890,1000.074456,1000.078779,1000.075767,1000.068210,1000.059252,1000.050310,1000.041673,1000.033341,1000.025357,1000.017683,1000.010276,1000.003123,999.996173,999.989392,999.982766,999.976340,999.970174,999.964260,999.958596,999.953196,999.948036,999.943064,999.938242,999.933596,999.929190,999.925034,999.921083,999.917317,999.913756,999.910397,999.907233,999.904260,999.901471,999.898888,999.896522,999.894360,999.892398,999.890640,999.889102,999.887786,999.886676,999.885764,999.885051,999.884535,999.884223,999.884119,999.884220,999.884520,999.885015,999.885716,999.886631,999.887755,999.889082,999.890618,999.892366,999.894321,999.896468,999.898800,999.901342,999.904124,999.907136,999.910341,999.913709,999.917253,999.921014,999.925032,999.929314,999.933825,999.938509,999.943357,999.948418,999.953719,999.959227,999.964895,999.970712,999.976722,999.982964,999.989424,999.996106,1000.003039,1000.010198,1000.017567,1000.025206,1000.033195,1000.041568,1000.050317,1000.059410,1000.068475,1000.076037,1000.078934,1000.074423,1000.063604,1000.049947,1000.035334,1000.020142,1000.003902,0.000000
0.000000,0.000000,1000.019915,1000.036051,1000.050754,1000.064157,1000.074633,1000.078836,1000.075736,1000.068146,1000.059208,1000.050299,1000.041692,1000.033405,1000.025452,1000.017776,1000.010355,1000.003196,999.996242,999.989454,999.982843,999.976442,999.970283,999.964378,999.958720,999.953296,999.948103,999.943111,999.938296,999.933674,999.929272,999.925103,999.921151,999.917396,999.913837,999.910478,999.907326,999.904377,999.901615,999.899038,999.896659,999.894483,999.892513,999.890752,999.889209,999.887885,999.886771,999.885860,999.885149,999.884635,999.884325,999.884221,999.884321,999.884619,999.885116,999.885822,999.886743,999.887871,999.889198,999.890732,999.892478,999.894434,999.896580,999.898905,999.901437,999.904215,999.907230,999.910445,999.913824,999.917373,999.921144,999.925154,999.929403,999.933885,999.938568,999.943450,999.948550,999.953863,999.959356,999.965000,999.970799,999.976813,999.983081,999.989558,999.996229,1000.003139,1000.010277,1000.017645,1000.025306,1000.033306,1000.041662,1000.050369,1000.059404,1000.068414,1000.075932,1000.078824,1000.074339,1000.063593,1000.050012,1000.035292,1000.019390,0.000000,0.000000
0.000000,0.000000,1000.020423,1000.036722,1000.051273,1000.064650,1000.075000,1000.078916,1000.075596,1000.067990,1000.059135,1000.050303,1000.041762,1000.033558,1000.025680,1000.018042,1000.010629,1000.003472,999.996518,999.989718,999.983109,999.976733,999.970602,999.964712,999.959043,999.953596,999.948373,999.943366,999.938566,999.933961,999.929562,999.925384,999.921427,999.917684,999.914130,999.910768,999.907619,999.904682,999.901941,999.899377,999.896994,999.894810,999.892838,999.891076,999.889525,999.888191,999.887074,999.886164,999.885455,999.884946,999.884637,999.884532,999.884626,999.884921,999.885420,999.886132,999.887060,999.888191,999.889516,999.891043,999.892786,999.894744,999.896890,999.899211,999.901738,999.904514,999.907531,999.910743,999.914129,999.917696,999.921483,999.925496,999.929716,999.934158,999.938831,999.943738,999.948865,999.954178,999.959660,999.965287,999.971076,999.977108,999.983389,999.989880,999.996564,1000.003442,1000.010538,1000.017898,1000.025557,1000.033524,1000.041811,1000.050426,1000.059341,1000.068225,1000.075728,1000.078768,1000.074483,1000.063865,1000.050332,1000.035735,1000.019666,0.000000,0.000000
0.000000,0.000000,1000.021455,1000.037499,1000.052045,1000.065363,1000.075479,1000.078985,1000.075369,1000.067772,1000.059066,1000.050367,1000.041927,1000.033827,1000.026045,1000.018464,1000.011096,1000.003957,999.996986,999.990177,999.983587,999.977243,999.971139,999.965252,999.959566,999.954092,999.948844,999.943834,999.939048,999.934457,999.930060,999.925874,999.921916,999.918181,999.914635,999.911275,999.908121,999.905178,999.902440,999.899893,999.897521,999.895339,999.893368,999.891606,999.890050,999.888711,999.887593,999.886684,999.885976,999.885468,999.885161,999.885052,999.885140,999.885431,999.885932,999.886649,999.887579,999.888707,999.890027,999.891552,999.893298,999.895257,999.897401,999.899720,999.902249,999.905024,999.908036,999.911247,999.914634,999.918213,999.922016,999.926037,999.930242,999.934654,999.939320,999.944240,999.949376,999.954680,999.960138,999.965757,999.971551,999.977589,999.983889,999.990394,999.997084,1000.003953,1000.011003,1000.018306,1000.025927,1000.033854,1000.042044,1000.050510,1000.059246,1000.067955,1000.075432,1000.078718,1000.074818,1000.064431,1000.050914,1000.036337,1000.020455,0.000000,0.000000
0.000000,0.000000,1000.022675,1000.038468,1000.052945,1000.066205,1000.075992,1000.078998,1000.075085,1000.067549,1000.059066,1000.050551,1000.042246,1000.034247,1000.026559,1000.019058,1000.011738,1000.004628,999.997654,999.990836,999.984269,999.977971,999.971891,999.965992,999.960288,999.954795,999.949532,999.944512,999.939727,999.935157,999.930773,999.926579,999.922617,999.918887,999.915348,999.911990,999.908832,999.905881,999.903134,999.900591,999.898235,999.896067,999.894099,999.892334,999.890779,999.889441,999.888321,999.887412,999.886705,999.886198,999.885891,999.885779,999.885862,999.886149,999.886651,999.887369,999.888295,999.889417,999.890736,999.892265,999.894014,999.895972,999.898115,999.900439,999.902969,999.905740,999.908751,999.911960,999.915340,999.918917,999.922734,999.926771,999.930979,999.935381,999.940040,999.944955,999.950077,999.955366,999.960807,999.966417,999.972219,999.978256,999.984560,999.991089,999.997787,1000.004630,1000.011633,1000.018880,1000.026450,1000.034315,1000.042402,1000.050694,1000.059198,1000.067673,1000.075091,1000.078693,1000.075293,1000.065185,1000.051693,1000.037090,1000.021370,0.000000,0.000000
0.000000,0.000000,1000.024001,1000.039378,1000.053759,1000.067035,1000.076539,1000.079032,1000.074837,1000.067429,1000.059229,1000.050927,1000.042768,1000.034864,1000.027238,1000.019816,1000.012561,1000.005480,999.998513,999.991698,999.985151,999.978883,999.972824,999.966926,999.961210,999.955710,999.950441,999.945407,999.940613,999.936052,999.931686,999.927505,999.923537,999.919794,999.916257,999.912908,999.909749,999.906792,999.904039,999.901490,999.899143,999.896989,999.895027,999.893262,999.891706,999.890368,999.889243,999.888331,999.887628,999.887124,999.886816,999.886701,999.886782,999.887072,999.887577,999.888294,999.889215,999.890337,999.891660,999.893194,999.894940,999.896889,999.899033,999.901367,999.903904,999.906672,999.909671,999.912873,999.916247,999.919821,999.923648,999.927702,999.931926,999.936336,999.940982,999.945872,999.950963,999.956225,999.961668,999.967283,999.973079,999.979120,999.985419,999.991943,999.998643,1000.005464,1000.012440,1000.019659,1000.027183,1000.034985,1000.042953,1000.051061,1000.059314,1000.067497,1000.074818,1000.078738,1000.075838,1000.065978,1000.052442,1000.037785,1000.022203,0.000000,0.000000
0.000000,0.000000,1000.025056,1000.039862,1000.054275,1000.067661,1000.077042,1000.079207,1000.074832,1000.067565,1000.059666,1000.051593,1000.043546,1000.035701,1000.028110,1000.020749,1000.013567,1000.006521,999.999561,999.992750,999.986218,999.979960,999.973907,999.968031,999.962335,999.956836,999.951563,999.946524,999.941722,999.937157,999.932802,999.928634,999.924666,999.920912,999.917364,999.914014,999.910860,999.907903,999.905149,999.902597,999.900251,999.898103,999.896148,999.894386,999.892829,999.891485,999.890355,999.889439,999.888736,999.888236,999.887927,999.887812,999.887898,999.888197,999.888709,999.889426,999.890349,999.891476,999.892806,999.894339,999.896075,999.898012,999.900158,999.902509,999.905058,999.907817,999.910799,999.913995,999.917370,999.920946,999.924778,999.928843,999.933077,999.937495,999.942135,999.946985,999.952026,999.957267,999.962721,999.968353,999.974154,999.980192,999.986475,999.992970,999.999655,1000.006482,1000.013466,1000.020679,1000.028172,1000.035912,1000.043763,1000.051698,1000.059694,1000.067572,1000.074777,1000.078898,1000.076333,1000.066582,1000.052870,1000.038125,1000.022818,0.000000,0.000000
0.000000,0.000000,1000.025352,1000.039646,1000.054206,1000.067791,1000.077312,1000.079600,1000.075333,1000.068174,1000.060470,1000.052584,1000.044616,1000.036799,1000.029230,1000.021904,1000.014763,1000.007734,1000.000794,999.994000,999.987460,999.981202,999.975164,999.969310,999.963647,999.958172,999.952903,999.947864,999.943061,999.938494,999.934134,999.929965,999.925997,999.922239,999.918677,999.915310,999.912152,999.909204,999.906456,999.903906,999.901562,999.899421,999.897468,999.895711,999.894157,999.892808,999.891669,999.890749,999.890045,999.889542,999.889235,999.889125,999.889220,999.889528,999.890047,999.890768,999.891695,999.892828,999.894160,999.895684,999.897404,999.899336,999.901491,999.903858,999.906418,999.909170,999.912141,999.915333,999.918715,999.922300,999.926132,999.930187,999.934415,999.938839,999.943475,999.948288,999.953285,999.958514,999.963982,999.969633,999.975449,999.981469,999.987716,999.994191,1000.000873,1000.007714,1000.014723,1000.021949,1000.029410,1000.037071,1000.044834,1000.052645,1000.060427,1000.068112,1000.075205,1000.079228,1000.076578,1000.066696,1000.052759,1000.037797,1000.022859,0.000000,0.000000
0.000000,0.000000,1000.024313,1000.038638,1000.053306,1000.067110,1000.077163,1000.080190,1000.076466,1000.069467,1000.061733,1000.053884,1000.045987,1000.038197,1000.030638,1000.023324,1000.016185,1000.009144,1000.002216,999.995454,999.988916,999.982645,999.976615,999.970788,999.965158,999.959712,999.954454,999.949423,999.944629,999.940058,999.935690,999.931511,999.927531,999.923762,999.920192,999.916811,999.913642,999.910696,999.907957,999.905415,999.903078,999.900947,999.899005,999.897252,999.895702,999.894352,999.893205,999.892275,999.891562,999.891057,999.890752,999.890649,999.890755,999.891071,999.891594,999.892319,999.893250,999.894384,999.895707,999.897211,999.898922,999.900859,999.903024,999.905407,999.907979,999.910727,999.913689,999.916879,999.920272,999.923865,999.927687,999.931719,999.935936,999.940363,999.944990,999.949781,999.954760,999.959990,999.965469,999.971128,999.976940,999.982933,999.989149,999.995615,1000.002300,1000.009171,1000.016224,1000.023450,1000.030855,1000.038431,1000.046131,1000.053881,1000.061627,1000.069325,1000.076233,1000.079726,1000.076391,1000.066054,1000.051901,1000.036639,1000.021605,0.000000,0.000000
0.000000,0.000000,1000.020618,1000.036930,1000.051730,1000.065615,1000.076383,1000.080772,1000.078102,1000.071345,1000.063454,1000.055511,1000.047627,1000.039878,1000.032340,1000.025007,1000.017837,1000.010786,1000.003868,999.997125,999.990605,999.984326,999.978283,999.972471,999.966866,999.961445,999.956206,999.951184,999.946397,999.941831,999.937462,999.933270,999.929274,999.925488,999.921903,999.918518,999.915348,999.912399,999.909657,999.907118,999.904790,999.902667,999.900742,999.899006,999.897461,999.896110,999.894957,999.894013,999.893288,999.892778,999.892475,999.892378,999.892494,999.892818,999.893346,999.894076,999.895008,999.896134,999.897439,999.898933,999.900645,999.902588,999.904767,999.907164,999.909740,999.912485,999.915437,999.918624,999.922019,999.925611,999.929425,999.933445,999.937652,999.942075,999.946693,999.951469,999.956448,999.961694,999.967181,999.972826,999.978612,999.984583,999.990784,999.997247,1000.003951,1000.010858,1000.017943,1000.025159,1000.032496,1000.039980,1000.047639,1000.055424,1000.063295,1000.071123,1000.077744,1000.080189,1000.075592,1000.064660,1000.050389,1000.034774,1000.017566,0.000000,0.000000
0.000000,0.000000,0.000000,1000.035430,1000.049601,1000.063336,1000.074895,1000.081004,1000.079800,1000.073424,1000.065434,1000.057419,1000.049532,1000.041808,1000.034269,1000.026908,1000.019712,1000.012653,1000.005754,999.999040,999.992523,999.986241,999.980204,999.974386,999.968778,999.963372,999.958156,999.953136,999.948347,999.943788,999.939424,999.935239,999.931239,999.927434,999.923826,999.920431,999.917264,999.914314,999.911559,999.909010,999.906685,999.904569,999.902651,999.900934,999.899404,999.898060,999.896907,999.895957,999.895225,999.894708,999.894402,999.894310,999.894431,999.894763,999.895300,999.896032,999.896961,999.898076,999.899376,999.900875,999.902591,999.904544,999.906733,999.909130,999.911703,999.914443,999.917385,999.920563,999.923954,999.927549,999.931360,999.935367,999.939571,999.943987,999.948587,999.953355,999.958348,999.963606,999.969090,999.974720,999.980481,999.986444,999.992650,999.999110,1000.005831,1000.012761,1000.019851,1000.027050,1000.034328,1000.041747,1000.049405,1000.057267,1000.065239,1000.073130,1000.079323,1000.080311,1000.074115,1000.062495,1000.048381,1000.033332,0.000000,0.000000,0.000000
0.000000,0.000000,0.000000,1000.032988,1000.047262,1000.060745,1000.072956,1000.080630,1000.081054,1000.075459,1000.067539,1000.059507,1000.051669,1000.043956,1000.036395,1000.028999,1000.021782,1000.014736,1000.007863,1000.001170,999.994659,999.988383,999.982363,999.976550,999.970932,999.965522,999.960307,999.955289,999.950488,999.945917,999.941561,999.937395,999.933406,999.929593,999.925965,999.922553,999.919380,999.916426,999.913666,999.911108,999.908773,999.906655,999.904740,999.903030,999.901517,999.900189,999.899048,999.898105,999.897373,999.896855,999.896547,999.896453,999.896575,999.896912,999.897453,999.898188,999.899113,999.900226,999.901531,999.903037,999.904762,999.906721,999.908904,999.911290,999.913858,999.916599,999.919544,999.922717,999.926103,999.929700,999.933506,999.937506,999.941701,999.946098,999.950685,999.955460,999.960464,999.965722,999.971191,999.976808,999.982577,999.988551,999.994758,1000.001220,1000.007938,1000.014857,1000.021931,1000.029107,1000.036356,1000.043775,1000.051464,1000.059338,1000.067341,1000.075128,1000.080509,1000.079905,1000.072217,1000.060006,1000.046309,1000.031457,0.000000,0.000000,0.000000
0.000000,0.000000,0.000000,1000.029741,1000.043970,1000.057721,1000.070618,1000.079737,1000.081860,1000.077401,1000.069839,1000.061816,1000.053992,1000.046296,1000.038728,1000.031300,1000.024057,1000.017035,1000.010185,1000.003494,999.996996,999.990736,999.984732,999.978941,999.973326,999.967904,999.962684,999.957659,999.952834,999.948237,999.943871,999.939713,999.935743,999.931938,999.928310,999.924894,999.921714,999.918749,999.915983,999.913429,999.911088,999.908952,999.907031,999.905325,999.903821,999.902507,999.901382,999.900455,999.899734,999.899223,999.898917,999.898819,999.898941,999.899276,999.899813,999.900549,999.901472,999.902586,999.903894,999.905405,999.907133,999.909086,999.911256,999.913634,999.916203,999.918962,999.921925,999.925099,999.928477,999.932064,999.935867,999.939860,999.944032,999.948413,999.953012,999.957808,999.962814,999.968050,999.973493,999.979114,999.984907,999.990898,999.997114,1000.003565,1000.010261,1000.017157,1000.024187,1000.031335,1000.038595,1000.046057,1000.053782,1000.061661,1000.069658,1000.077087,1000.081332,1000.079082,1000.069988,1000.057107,1000.043230,1000.028889,0.000000,0.000000,0.000000
0.000000,0.000000,0.000000,1000.025647,1000.040323,1000.054287,1000.067699,1000.078152,1000.082237,1000.079305,1000.072353,1000.064393,1000.056545,1000.048844,1000.041256,1000.033828,1000.026577,1000.019545,1000.012717,1000.006038,999.999531,999.993278,999.987305,999.981544,999.975941,999.970515,999.965287,999.960249,999.955404,999.950781,999.946389,999.942221,999.938258,999.934473,999.930867,999.927466,999.924283,999.921309,999.918534,999.915978,999.913639,999.911491,999.909550,999.907840,999.906342,999.905037,999.903930,999.903022,999.902313,999.901806,999.901502,999.901405,999.901523,999.901853,999.902384,999.903111,999.904032,999.905146,999.906454,999.907965,999.909689,999.911634,999.913797,999.916169,999.918747,999.921532,999.924515,999.927685,999.931051,999.934630,999.938422,999.942400,999.946561,999.950947,999.955564,999.960388,999.965397,999.970592,999.976007,999.981635,999.987457,999.993482,999.999704,1000.006132,1000.012803,1000.019663,1000.026655,1000.033782,1000.041061,1000.048574,1000.056328,1000.064249,1000.072193,1000.079026,1000.081794,1000.077623,1000.067203,1000.053806,1000.039672,1000.025120,0.000000,0.000000,0.000000
0.000000,0.000000,0.000000,1000.020471,1000.036301,1000.050463,1000.064179,1000.075677,1000.081863,1000.080994,1000.075004,1000.067198,1000.059332,1000.051642,1000.044014,1000.036546,1000.029305,1000.022275,1000.015456,1000.008783,1000.002269,999.996021,999.990070,999.984340,999.978767,999.973353,999.968117,999.963060,999.958202,999.953564,999.949156,999.944972,999.941002,999.937224,999.933640,999.930261,999.927079,999.924095,999.921318,999.918759,999.916416,999.914265,999.912313,999.910591,999.909088,999.907790,999.906694,999.905797,999.905092,999.904581,999.904275,999.904182,999.904303,999.904631,999.905155,999.905872,999.906790,999.907903,999.909210,999.910722,999.912448,999.914392,999.916552,999.918921,999.921509,999.924306,999.927285,999.930446,999.933807,999.937377,999.941154,999.945123,999.949293,999.953692,999.958332,999.963181,999.968178,999.973338,999.978730,999.984357,999.990218,999.996278,1000.002495,1000.008916,1000.015558,1000.022375,1000.029359,1000.036477,1000.043779,1000.051334,1000.059080,1000.067008,1000.074802,1000.080741,1000.081532,1000.075274,1000.063799,1000.050072,1000.035738,1000.019696,0.000000,0.000000,0.000000
0.000000,0.000000,0.000000,0.000000,1000.031577,1000.046101,1000.059974,1000.072394,1000.080594,1000.082100,1000.077628,1000.070272,1000.062400,1000.054693,1000.047023,1000.039478,1000.032226,1000.025220,1000.018396,1000.011721,1000.005210,999.998957,999.993009,999.987305,999.981772,999.976390,999.971167,999.966098,999.961221,999.956580,999.952169,999.947977,999.943997,999.940210,999.936622,999.933251,999.930078,999.927092,999.924312,999.921751,999.919405,999.917253,999.915299,999.913568,999.912056,999.910750,999.909651,999.908754,999.908047,999.907530,999.907222,999.907134,999.907265,999.907598,999.908117,999.908832,999.909744,999.910850,999.912163,999.913684,999.915417,999.917369,999.919533,999.921907,999.924496,999.927277,999.930237,999.933389,999.936741,999.940303,999.944072,999.948046,999.952235,999.956657,999.961314,999.966160,999.971139,999.976279,999.981651,999.987286,999.993169,999.999247,1000.005489,1000.011898,1000.018492,1000.025307,1000.032301,1000.039414,1000.046757,1000.054340,1000.062071,1000.069958,1000.077318,1000.081856,1000.080400,1000.072181,1000.059756,1000.045884,1000.031575,0.000000,0.000000,0.000000,0.000000
0.000000,0.000000,0.000000,0.000000,1000.026861,1000.041600,1000.055163,1000.068249,1000.078304,1000.082416,1000.080040,1000.073591,1000.065798,1000.057987,1000.050272,1000.042683,1000.035389,1000.028371,1000.021547,1000.014871,1000.008361,1000.002091,999.996125,999.990424,999.984929,999.979605,999.974416,999.969352,999.964461,999.959806,999.955403,999.951222,999.947233,999.943433,999.939828,999.936440,999.933268,999.930293,999.927515,999.924945,999.922590,999.920441,999.918489,999.916753,999.915236,999.913916,999.912803,999.911900,999.911192,999.910676,999.910369,999.910286,999.910419,999.910748,999.911265,999.911980,999.912889,999.913998,999.915319,999.916850,999.918595,999.920556,999.922728,999.925106,999.927676,999.930434,999.933385,999.936531,999.939878,999.943429,999.947196,999.951187,999.955403,999.959843,999.964494,999.969319,999.974290,999.979428,999.984799,999.990436,999.996319,1000.002417,1000.008680,1000.015071,1000.021654,1000.028476,1000.035461,1000.042602,1000.049999,1000.057599,1000.065365,1000.073124,1000.079620,1000.082211,1000.078343,1000.068381,1000.055262,1000.041736,1000.027374,0.000000,0.000000,0.000000,0.000000
0.000000,0.000000,0.000000,0.000000,1000.021376,1000.036592,1000.050058,1000.063332,1000.074773,1000.081597,1000.081913,1000.076883,1000.069420,1000.061512,1000.053743,1000.046150,1000.038817,1000.031762,1000.024919,1000.018249,1000.011751,1000.005469,999.999454,999.993720,999.988240,999.982972,999.977841,999.972802,999.967906,999.963230,999.958819,999.954662,999.950691,999.946879,999.943256,999.939851,999.936668,999.933694,999.930922,999.928348,999.925981,999.923827,999.921881,999.920147,999.918624,999.917297,999.916168,999.915254,999.914550,999.914050,999.913756,999.913668,999.913783,999.914096,999.914606,999.915318,999.916237,999.917362,999.918695,999.920238,999.921992,999.923952,999.926121,999.928484,999.931030,999.933776,999.936730,999.939884,999.943229,999.946779,999.950557,999.954562,999.958795,999.963239,999.967871,999.972676,999.977646,999.982808,999.988198,999.993823,999.999695,1000.005803,1000.012069,1000.018470,1000.025066,1000.031867,1000.038844,1000.046045,1000.053485,1000.061137,1000.068944,1000.076312,1000.081453,1000.081564,1000.075182,1000.063883,1000.050513,1000.037007,1000.021790,0.000000,0.000000,0.000000,0.000000
0.000000,0.000000,0.000000,0.000000,0.000000,1000.030468,1000.044545,1000.057786,1000.070191,1000.079310,1000.082640,1000.079782,1000.073106,1000.065198,1000.057380,1000.049819,1000.042468,1000.035394,1000.028535,1000.021875,1000.015401,1000.009111,1000.003044,999.997245,999.991735,999.986481,999.981410,999.976431,999.971543,999.966847,999.962415,999.958258,999.954312,999.950512,999.946885,999.943473,999.940285,999.937310,999.934534,999.931954,999.929579,999.927420,999.925475,999.923740,999.922210,999.920880,999.919746,999.918823,999.918127,999.917648,999.917371,999.917286,999.917383,999.917676,999.918174,999.918880,999.919805,999.920946,999.922298,999.923852,999.925597,999.927548,999.929704,999.932046,999.934581,999.937323,999.940282,999.943442,999.946796,999.950369,999.954163,999.958180,999.962419,999.966850,999.971456,999.976241,999.981222,999.986421,999.991828,999.997433,1000.003285,1000.009381,1000.015651,1000.022070,1000.028675,1000.035465,1000.042455,1000.049706,1000.057179,1000.064920,1000.072683,1000.079242,1000.082317,1000.079563,1000.070946,1000.058654,1000.045290,1000.031123,0.000000,0.000000,0.000000,0.000000,0.000000
0.000000,0.000000,0.000000,0.000000,0.000000,1000.023793,1000.038846,1000.051987,1000.064794,1000.075602,1000.081888,1000.081853,1000.076599,1000.069010,1000.061153,1000.053615,1000.046288,1000.039202,1000.032372,1000.025737,1000.019282,1000.013002,1000.006908,1000.001037,999.995462,999.990183,999.985134,999.980224,999.975382,999.970673,999.966217,999.962042,999.958089,999.954299,999.950687,999.947287,999.944106,999.941134,999.938357,999.935765,999.933375,999.931214,999.929269,999.927527,999.925998,999.924673,999.923544,999.922617,999.921915,999.921444,999.921182,999.921115,999.921225,999.921509,999.921993,999.922688,999.923602,999.924744,999.926099,999.927642,999.929375,999.931315,999.933460,999.935800,999.938338,999.941087,999.944041,999.947201,999.950581,999.954183,999.958003,999.962028,999.966254,999.970668,999.975247,999.980013,999.985009,999.990240,999.995654,1000.001242,1000.007071,1000.013144,1000.019403,1000.025845,1000.032483,1000.039283,1000.046281,1000.053542,1000.061083,1000.068883,1000.076296,1000.081477,1000.081809,1000.076096,1000.065711,1000.052975,1000.039699,1000.024203,0.000000,0.000000,0.000000,0.000000,0.000000
0.000000,0.000000,0.000000,0.000000,0.000000,0.000000,1000.031796,1000.045933,1000.058894,1000.070897,1000.079628,1000.082654,1000.079619,1000.072884,1000.065070,1000.057507,1000.050257,1000.043179,1000.036376,1000.029790,1000.023360,1000.017096,1000.011008,1000.005109,999.999460,999.994119,999.989054,999.984179,999.979405,999.974726,999.970253,999.966051,999.962070,999.958265,999.954650,999.951267,999.948108,999.945150,999.942383,999.939790,999.937394,999.935226,999.933283,999.931542,999.930009,999.928692,999.927576,999.926651,999.925926,999.925435,999.925179,999.925130,999.925263,999.925562,999.926039,999.926720,999.927623,999.928753,999.930082,999.931593,999.933311,999.935240,999.937384,999.939740,999.942301,999.945055,999.948000,999.951165,999.954567,999.958200,999.962035,999.966051,999.970271,999.974672,999.979226,999.983983,999.988999,999.994254,999.999668,1000.005246,1000.011065,1000.017113,1000.023362,1000.029845,1000.036520,1000.043339,1000.050343,1000.057562,1000.065144,1000.072872,1000.079433,1000.082439,1000.079689,1000.071414,1000.059702,1000.046787,1000.032714,0.000000,0.000000,0.000000,0.000000,0.000000,0.000000
0.000000,0.000000,0.000000,0.000000,0.000000,0.000000,1000.024247,1000.039741,1000.052775,1000.065359,1000.075907,1000.081944,1000.081764,1000.076521,1000.069109,1000.061562,1000.054379,1000.047375,1000.040570,1000.034006,1000.027613,1000.021371,1000.015300,1000.009411,1000.003723,999.998306,999.993188,999.988301,999.983567,999.978952,999.974504,999.970282,999.966271,999.962439,999.958810,999.955418,999.952270,999.949342,999.946600,999.944027,999.941638,999.939474,999.937536,999.935796,999.934248,999.932925,999.931820,999.930899,999.930163,999.929642,999.929370,999.929322,999.929462,999.929775,999.930255,999.930939,999.931851,999.932970,999.934265,999.935745,999.937440,999.939368,999.941524,999.943902,999.946484,999.949239,999.952180,999.955345,999.958762,999.962411,999.966242,999.970258,999.974473,999.978854,999.983400,999.988169,999.993203,999.998457,1000.003864,1000.009452,1000.015277,1000.021317,1000.027575,1000.034078,1000.040783,1000.047638,1000.054597,1000.061738,1000.069242,1000.076542,1000.081644,1000.081788,1000.075934,1000.065708,1000.053357,1000.040487,1000.025480,0.000000,0.000000,0.000000,0.000000,0.000000,0.000000
0.000000,0.000000,0.000000,0.000000,0.000000,0.000000,0.000000,1000.032256,1000.046258,1000.059150,1000.070993,1000.079551,1000.082492,1000.079547,1000.073157,1000.065817,1000.058671,1000.051778,1000.044996,1000.038407,1000.032021,1000.025810,1000.019763,1000.013890,1000.008202,1000.002740,999.997545,999.992612,999.987889,999.983323,999.978926,999.974720,999.970692,999.966840,999.963194,999.959789,999.956629,999.953709,999.950997,999.948448,999.946077,999.943922,999.941988,999.940246,999.938689,999.937346,999.936231,999.935319,999.934592,999.934068,999.933772,999.933701,999.933822,999.934125,999.934622,999.935334,999.936267,999.937384,999.938661,999.940126,999.941819,999.943756,999.945927,999.948317,999.950905,999.953665,999.956600,999.959761,999.963185,999.966832,999.970663,999.974677,999.978869,999.983237,999.987794,999.992578,999.997609,1000.002847,1000.008257,1000.013867,1000.019710,1000.025769,1000.032029,1000.038532,1000.045279,1000.052127,1000.058965,1000.066037,1000.073302,1000.079573,1000.082382,1000.079384,1000.070931,1000.059319,1000.046692,1000.033020,0.000000,0.000000,0.000000,0.000000,0.000000,0.000000,0.000000
0.000000,0.000000,0.000000,0.000000,0.000000,0.000000,0.000000,1000.024019,1000.039582,1000.052601,1000.065065,1000.075488,1000.081515,1000.081571,1000.076975,1000.070346,1000.063272,1000.056373,1000.049649,1000.043035,1000.036620,1000.030417,1000.024385,1000.018526,1000.012860,1000.007393,1000.002146,999.997146,999.992414,999.987896,999.983545,999.979368,999.975346,999.971486,999.967824,999.964398,999.961221,999.958286,999.955579,999.953045,999.950684,999.948531,999.946591,999.944847,999.943285,999.941922,999.940793,999.939894,999.939197,999.938702,999.938403,999.938294,999.938376,999.938663,999.939180,999.939923,999.940868,999.941986,999.943264,999.944739,999.946452,999.948397,999.950566,999.952955,999.955544,999.958301,999.961228,999.964388,999.967803,999.971445,999.975282,999.979290,999.983463,999.987825,999.992399,999.997199,1000.002230,1000.007462,1000.012877,1000.018514,1000.024397,1000.030468,1000.036704,1000.043223,1000.049984,1000.056755,1000.063608,1000.070606,1000.077128,1000.081585,1000.081388,1000.075277,1000.064874,1000.052619,1000.039950,1000.025073,0.000000,0.000000,0.000000,0.000000,0.000000,0.000000,0.000000
0.000000,0.000000,0.000000,0.000000,0.000000,0.000000,0.000000,0.000000,1000.031901,1000.045661,1000.058345,1000.070023,1000.078621,1000.082071,1000.080213,1000.075049,1000.068372,1000.061331,1000.054537,1000.047925,1000.041469,1000.035247,1000.029211,1000.023339,1000.017683,1000.012246,1000.006994,1000.001948,999.997177,999.992691,999.988392,999.984233,999.980221,999.976356,999.972689,999.969250,999.966046,999.963093,999.960379,999.957853,999.955489,999.953322,999.951371,999.949621,999.948052,999.946681,999.945551,999.944665,999.944002,999.943542,999.943251,999.943117,999.943169,999.943444,999.943963,999.944715,999.945662,999.946775,999.948063,999.949562,999.951289,999.953233,999.955394,999.957778,999.960358,999.963103,999.966029,999.969178,999.972576,999.976218,999.980071,999.984079,999.988240,999.992611,999.997216,1000.002042,1000.007072,1000.012296,1000.017733,1000.023414,1000.029319,1000.035357,1000.041584,1000.048120,1000.054833,1000.061671,1000.068694,1000.075296,1000.080326,1000.082013,1000.078409,1000.069679,1000.057983,1000.045557,1000.032099,0.000000,0.000000,0.000000,0.000000,0.000000,0.000000,0.000000,0.000000
0.000000,0.000000,0.000000,0.000000,0.000000,0.000000,0.000000,0.000000,1000.023262,1000.038475,1000.051127,1000.063242,1000.073592,1000.080253,1000.082015,1000.079288,1000.073663,1000.066706,1000.059697,1000.053051,1000.046588,1000.040321,1000.034279,1000.028401,1000.022726,1000.017305,1000.012075,1000.007021,1000.002214,999.997695,999.993415,999.989278,999.985262,999.981395,999.977731,999.974301,999.971087,999.968119,999.965399,999.962873,999.960514,999.958342,999.956379,999.954623,999.953061,999.951702,999.950575,999.949699,999.949050,999.948588,999.948294,999.948153,999.948192,999.948457,999.948962,999.949697,999.950631,999.951737,999.953040,999.954561,999.956292,999.958236,999.960403,999.962787,999.965358,999.968093,999.971006,999.974142,999.977538,999.981190,999.985048,999.989052,999.993218,999.997611,1000.002245,1000.007084,1000.012111,1000.017350,1000.022818,1000.028520,1000.034395,1000.040408,1000.046656,1000.053159,1000.059876,1000.066914,1000.073850,1000.079413,1000.082017,1000.080078,1000.073228,1000.062725,1000.050662,1000.038343,1000.023827,0.000000,0.000000,0.000000,0.000000,0.000000,0.000000,0.000000,0.000000
0.000000,0.000000,0.000000,0.000000,0.000000,0.000000,0.000000,0.000000,0.000000,1000.029728,1000.043174,1000.055372,1000.066690,1000.075674,1000.081067,1000.081849,1000.078278,1000.072074,1000.065049,1000.058305,1000.051910,1000.045658,1000.039598,1000.033728,1000.028040,1000.022598,1000.017374,1000.012313,1000.007477,1000.002905,999.998580,999.994446,999.990438,999.986575,999.982927,999.979524,999.976330,999.973349,999.970608,999.968065,999.965706,999.963547,999.961593,999.959852,999.958316,999.956984,999.955874,999.954999,999.954328,999.953826,999.953502,999.953360,999.953407,999.953665,999.954149,999.954856,999.955765,999.956876,999.958196,999.959719,999.961450,999.963403,999.965583,999.967975,999.970548,999.973277,999.976184,999.979330,999.982742,999.986392,999.990233,999.994236,999.998415,1000.002826,1000.007483,1000.012336,1000.017382,1000.022646,1000.028126,1000.033801,1000.039651,1000.045688,1000.051915,1000.058334,1000.065102,1000.072097,1000.078287,1000.081857,1000.080999,1000.075436,1000.066270,1000.054854,1000.042817,1000.029815,0.000000,0.000000,0.000000,0.000000,0.000000,0.000000,0.000000,0.000000,0.000000
0.000000,0.000000,0.000000,0.000000,0.000000,0.000000,0.000000,0.000000,0.000000,1000.020220,1000.034872,1000.047154,1000.058441,1000.068884,1000.077096,1000.081645,1000.081259,1000.076825,1000.070473,1000.063745,1000.057348,1000.051204,1000.045166,1000.039281,1000.033587,1000.028104,1000.022843,1000.017777,1000.012916,1000.008308,1000.003937,999.999776,999.995783,999.991943,999.988319,999.984945,999.981772,999.978777,999.975990,999.973412,999.971036,999.968883,999.966960,999.965257,999.963760,999.962461,999.961370,999.960479,999.959769,999.959234,999.958877,999.958729,999.958799,999.959065,999.959541,999.960234,999.961136,999.962250,999.963561,999.965067,999.966792,999.968745,999.970934,999.973341,999.975918,999.978652,999.981582,999.984755,999.988174,999.991804,999.995627,999.999634,1000.003832,1000.008276,1000.012953,1000.017817,1000.022889,1000.028172,1000.033638,1000.039300,1000.045181,1000.051223,1000.057362,1000.063740,1000.070398,1000.076693,1000.081171,1000.081654,1000.077089,1000.068728,1000.058118,1000.046723,1000.034647,1000.020715,0.000000,0.000000,0.000000,0.000000,0.000000,0.000000,0.000000,0.000000,0.000000
0.000000,0.000000,0.000000,0.000000,0.000000,0.000000,0.000000,0.000000,0.000000,0.000000,1000.024731,1000.038462,1000.049807,1000.060813,1000.070893,1000.078535,1000.081901,1000.080396,1000.075664,1000.069498,1000.063040,1000.056873,1000.050912,1000.045030,1000.039300,1000.033782,1000.028476,1000.023401,1000.018548,1000.013921,1000.009533,1000.005353,1000.001350,999.997518,999.993910,999.990549,999.987386,999.984385,999.981561,999.978949,999.976564,999.974414,999.972506,999.970831,999.969371,999.968097,999.967004,999.966095,999.965371,999.964827,999.964469,999.964330,999.964410,999.964700,999.965200,999.965907,999.966819,999.967914,999.969195,999.970684,999.972394,999.974344,999.976537,999.978944,999.981521,999.984265,999.987211,999.990393,999.993797,999.997400,1000.001216,1000.005243,1000.009486,1000.013957,1000.018622,1000.023494,1000.028591,1000.033873,1000.039347,1000.045068,1000.050988,1000.056988,1000.063120,1000.069459,1000.075488,1000.080194,1000.081868,1000.078692,1000.071036,1000.060790,1000.049577,1000.038098,1000.024479,0.000000,0.000000,0.000000,0.000000,0.000000,0.000000,0.000000,0.000000,0.000000,0.000000
0.000000,0.000000,0.000000,0.000000,0.000000,0.000000,0.000000,0.000000,0.000000,0.000000,0.000000,1000.028005,1000.040724,1000.052051,1000.063115,1000.072827,1000.079584,1000.081898,1000.079863,1000.075135,1000.069113,1000.062793,1000.056758,1000.050934,1000.045195,1000.039630,1000.034295,1000.029211,1000.024384,1000.019766,1000.015358,1000.011163,1000.007139,1000.003278,999.999644,999.996275,999.993122,999.990149,999.987346,999.984733,999.982359,999.980223,999.978317,999.976644,999.975186,999.973908,999.972799,999.971890,999.971185,999.970662,999.970337,999.970215,999.970294,999.970599,999.971127,999.971852,999.972757,999.973842,999.975114,999.976588,999.978294,999.980250,999.982436,999.984828,999.987397,999.990131,999.993062,999.996218,999.999592,1000.003180,1000.006999,1000.011058,1000.015330,1000.019786,1000.024447,1000.029340,1000.034432,1000.039727,1000.045279,1000.051062,1000.056971,1000.063030,1000.069236,1000.075078,1000.079677,1000.081771,1000.079761,1000.073239,1000.063434,1000.052116,1000.040591,1000.027797,0.000000,0.000000,0.000000,0.000000,0.000000,0.000000,0.000000,0.000000,0.000000,0.000000,0.000000
0.000000,0.000000,0.000000,0.000000,0.000000,0.000000,0.000000,0.000000,0.000000,0.000000,0.000000,1000.017432,1000.031294,1000.043029,1000.054131,1000.064898,1000.074016,1000.080055,1000.081855,1000.079681,1000.074996,1000.069037,1000.062829,1000.056953,1000.051292,1000.045711,1000.040329,1000.035229,1000.030409,1000.025815,1000.021400,1000.017174,1000.013128,1000.009242,1000.005558,1000.002146,999.999004,999.996074,999.993327,999.990760,999.988412,999.986301,999.984410,999.982735,999.981253,999.979948,999.978824,999.977918,999.977242,999.976769,999.976476,999.976356,999.976438,999.976738,999.977251,999.977967,999.978862,999.979947,999.981225,999.982710,999.984430,999.986379,999.988554,999.990941,999.993488,999.996190,999.999087,1000.002204,1000.005557,1000.009147,1000.012978,1000.017052,1000.021326,1000.025780,1000.030447,1000.035327,1000.040430,1000.045798,1000.051403,1000.057161,1000.063127,1000.069299,1000.075106,1000.079618,1000.081717,1000.080115,1000.074475,1000.065528,1000.054557,1000.043181,1000.031307,1000.017219,0.000000,0.000000,0.000000,0.000000,0.000000,0.000000,0.000000,0.000000,0.000000,0.000000,0.000000
0.000000,0.000000,0.000000,0.000000,0.000000,0.000000,0.000000,0.000000,0.000000,0.000000,0.000000,0.000000,1000.020080,1000.033534,1000.044833,1000.055549,1000.065867,1000.074521,1000.080202,1000.081845,1000.079648,1000.075000,1000.069162,1000.063161,1000.057506,1000.052025,1000.046638,1000.041490,1000.036635,1000.032043,1000.027649,1000.023418,1000.019353,1000.015452,1000.011745,1000.008296,1000.005137,1000.002225,999.999507,999.996974,999.994651,999.992564,999.990704,999.989036,999.987540,999.986216,999.985090,999.984189,999.983533,999.983094,999.982825,999.982724,999.982811,999.983094,999.983569,999.984241,999.985114,999.986186,999.987473,999.988979,999.990703,999.992643,999.994815,999.997189,999.999708,1000.002377,1000.005244,1000.008354,1000.011717,1000.015318,1000.019169,1000.023259,1000.027544,1000.032000,1000.036644,1000.041535,1000.046701,1000.052096,1000.057643,1000.063413,1000.069464,1000.075229,1000.079707,1000.081746,1000.080141,1000.074777,1000.066482,1000.056222,1000.045260,1000.033732,1000.020200,0.000000,0.000000,0.000000,0.000000,0.000000,0.000000,0.000000,0.000000,0.000000,0.000000,0.000000,0.000000
0.000000,0.000000,0.000000,0.000000,0.000000,0.000000,0.000000,0.000000,0.000000,0.000000,0.000000,0.000000,0.000000,1000.022414,1000.035083,1000.045867,1000.056228,1000.066251,1000.074660,1000.080211,1000.081790,1000.079609,1000.075113,1000.069571,1000.063907,1000.058482,1000.053195,1000.048055,1000.043149,1000.038506,1000.034108,1000.029899,1000.025842,1000.021933,1000.018223,1000.014766,1000.011581,1000.008659,1000.005938,1000.003392,1000.001065,999.998982,999.997130,999.995474,999.993989,999.992668,999.991550,999.990669,999.990026,999.989603,999.989362,999.989297,999.989395,999.989661,999.990105,999.990721,999.991549,999.992608,999.993888,999.995390,999.997112,999.999062,1000.001223,1000.003562,1000.006059,1000.008715,1000.011588,1000.014725,1000.018121,1000.021763,1000.025639,1000.029741,1000.034014,1000.038437,1000.043095,1000.048042,1000.053217,1000.058558,1000.064103,1000.069874,1000.075440,1000.079839,1000.081798,1000.080089,1000.074705,1000.066627,1000.056846,1000.046471,1000.035473,1000.022621,0.000000,0.000000,0.000000,0.000000,0.000000,0.000000,0.000000,0.000000,0.000000,0.000000,0.000000,0.000000,0.000000
0.000000,0.000000,0.000000,0.000000,0.000000,0.000000,0.000000,0.000000,0.000000,0.000000,0.000000,0.000000,0.000000,0.000000,1000.023814,1000.035766,1000.046198,1000.056376,1000.066276,1000.074575,1000.080027,1000.081615,1000.079653,1000.075572,1000.070536,1000.065250,1000.059980,1000.054860,1000.049969,1000.045275,1000.040821,1000.036608,1000.032571,1000.028677,1000.024962,1000.021481,1000.018271,1000.015329,1000.012602,1000.010052,1000.007713,1000.005608,1000.003734,1000.002083,1000.000622,999.999340,999.998247,999.997377,999.996744,999.996330,999.996111,999.996058,999.996171,999.996434,999.996843,999.997429,999.998227,999.999250,1000.000499,1000.001991,1000.003718,1000.005661,1000.007804,1000.010121,1000.012597,1000.015270,1000.018201,1000.021400,1000.024857,1000.028537,1000.032410,1000.036470,1000.040684,1000.045089,1000.049773,1000.054717,1000.059926,1000.065344,1000.070798,1000.075942,1000.080034,1000.081851,1000.080025,1000.074504,1000.066418,1000.056819,1000.046802,1000.036293,1000.024163,0.000000,0.000000,0.000000,0.000000,0.000000,0.000000,0.000000,0.000000,0.000000,0.000000,0.000000,0.000000,0.000000,0.000000
0.000000,0.000000,0.000000,0.000000,0.000000,0.000000,0.000000,0.000000,0.000000,0.000000,0.000000,0.000000,0.000000,0.000000,0.000000,1000.023887,1000.035735,1000.046087,1000.056229,1000.066041,1000.074214,1000.079629,1000.081443,1000.080051,1000.076693,1000.072204,1000.067074,1000.061837,1000.056908,1000.052263,1000.047791,1000.043539,1000.039495,1000.035610,1000.031895,1000.028398,1000.025147,1000.022158,1000.019423,1000.016902,1000.014577,1000.012461,1000.010574,1000.008924,1000.007487,1000.006252,1000.005199,1000.004341,1000.003710,1000.003298,1000.003081,1000.003028,1000.003141,1000.003403,1000.003802,1000.004380,1000.005151,1000.006126,1000.007347,1000.008817,1000.010523,1000.012443,1000.014561,1000.016860,1000.019340,1000.022067,1000.025079,1000.028363,1000.031869,1000.035546,1000.039397,1000.043398,1000.047544,1000.051908,1000.056533,1000.061546,1000.066959,1000.072326,1000.077028,1000.080500,1000.081875,1000.079899,1000.074268,1000.066057,1000.056483,1000.046612,1000.036290,1000.024303,0.000000,0.000000,0.000000,0.000000,0.000000,0.000000,0.000000,0.000000,0.000000,0.000000,0.000000,0.000000,0.000000,0.000000,0.000000
0.000000,0.000000,0.000000,0.000000,0.000000,0.000000,0.000000,0.000000,0.000000,0.000000,0.000000,0.000000,0.000000,0.000000,0.000000,0.000000,1000.023456,1000.035400,1000.045796,1000.055840,1000.065438,1000.073455,1000.078916,1000.081280,1000.080849,1000.078198,1000.073932,1000.068888,1000.063873,1000.059248,1000.054876,1000.050648,1000.046596,1000.042713,1000.038998,1000.035491,1000.032212,1000.029186,1000.026431,1000.023910,1000.021592,1000.019485,1000.017599,1000.015962,1000.014566,1000.013360,1000.012339,1000.011508,1000.010883,1000.010471,1000.010246,1000.010196,1000.010300,1000.010561,1000.010990,1000.011574,1000.012321,1000.013272,1000.014459,1000.015880,1000.017533,1000.019412,1000.021498,1000.023786,1000.026306,1000.029088,1000.032147,1000.035463,1000.038989,1000.042691,1000.046539,1000.050497,1000.054565,1000.058810,1000.063425,1000.068564,1000.073845,1000.078409,1000.081314,1000.081860,1000.079459,1000.073820,1000.065590,1000.055979,1000.046166,1000.035942,1000.023804,0.000000,0.000000,0.000000,0.000000,0.000000,0.000000,0.000000,0.000000,0.000000,0.000000,0.000000,0.000000,0.000000,0.000000,0.000000,0.000000
0.000000,0.000000,0.000000,0.000000,0.000000,0.000000,0.000000,0.000000,0.000000,0.000000,0.000000,0.000000,0.000000,0.000000,0.000000,0.000000,0.000000,1000.023080,1000.035044,1000.045296,1000.055014,1000.064256,1000.072034,1000.077692,1000.080946,1000.081455,1000.079261,1000.075349,1000.070821,1000.066322,1000.062028,1000.057870,1000.053871,1000.050027,1000.046327,1000.042790,1000.039486,1000.036459,1000.033686,1000.031142,1000.028810,1000.026687,1000.024793,1000.023170,1000.021810,1000.020648,1000.019664,1000.018866,1000.018254,1000.017843,1000.017628,1000.017579,1000.017679,1000.017947,1000.018389,1000.018975,1000.019719,1000.020652,1000.021798,1000.023166,1000.024759,1000.026595,1000.028675,1000.030983,1000.033526,1000.036319,1000.039378,1000.042701,1000.046258,1000.050005,1000.053854,1000.057770,1000.061796,1000.065986,1000.070493,1000.075175,1000.079356,1000.081875,1000.081618,1000.078440,1000.072680,1000.064678,1000.055219,1000.045480,1000.035369,1000.023530,0.000000,0.000000,0.000000,0.000000,0.000000,0.000000,0.000000,0.000000,0.000000,0.000000,0.000000,0.000000,0.000000,0.000000,0.000000,0.000000,0.000000
0.000000,0.000000,0.000000,0.000000,0.000000,0.000000,0.000000,0.000000,0.000000,0.000000,0.000000,0.000000,0.000000,0.000000,0.000000,0.000000,0.000000,0.000000,1000.022782,1000.034433,1000.044286,1000.053479,1000.062276,1000.069926,1000.076151,1000.080322,1000.081599,1000.080142,1000.077154,1000.073446,1000.069416,1000.065342,1000.061330,1000.057470,1000.053810,1000.050317,1000.047004,1000.043950,1000.041166,1000.038615,1000.036269,1000.034127,1000.032238,1000.030618,1000.029270,1000.028154,1000.027214,1000.026456,1000.025877,1000.025484,1000.025293,1000.025266,1000.025375,1000.025622,1000.026007,1000.026548,1000.027270,1000.028181,1000.029290,1000.030609,1000.032166,1000.033989,1000.036076,1000.038407,1000.040978,1000.043800,1000.046881,1000.050215,1000.053768,1000.057529,1000.061452,1000.065433,1000.069417,1000.073394,1000.077154,1000.080305,1000.082049,1000.081090,1000.077074,1000.070788,1000.062945,1000.053872,1000.044428,1000.034481,1000.022886,0.000000,0.000000,0.000000,0.000000,0.000000,0.000000,0.000000,0.000000,0.000000,0.000000,0.000000,0.000000,0.000000,0.000000,0.000000,0.000000,0.000000,0.000000
0.000000,0.000000,0.000000,0.000000,0.000000,0.000000,0.000000,0.000000,0.000000,0.000000,0.000000,0.000000,0.000000,0.000000,0.000000,0.000000,0.000000,0.000000,0.000000,1000.021775,1000.033090,1000.042432,1000.051168,1000.059743,1000.067715,1000.074567,1000.079417,1000.081575,1000.081351,1000.079501,1000.076560,1000.072938,1000.069016,1000.065121,1000.061395,1000.057903,1000.054645,1000.051616,1000.048840,1000.046300,1000.043956,1000.041822,1000.039934,1000.038312,1000.036966,1000.035873,1000.034987,1000.034287,1000.033768,1000.033425,1000.033268,1000.033284,1000.033411,1000.033599,1000.033882,1000.034326,1000.034966,1000.035816,1000.036867,1000.038147,1000.039700,1000.041539,1000.043654,1000.046025,1000.048635,1000.051491,1000.054585,1000.057921,1000.061550,1000.065422,1000.069401,1000.073305,1000.076850,1000.079796,1000.081749,1000.082164,1000.080315,1000.075730,1000.068880,1000.060718,1000.051920,1000.042839,1000.033186,1000.021566,0.000000,0.000000,0.000000,0.000000,0.000000,0.000000,0.000000,0.000000,0.000000,0.000000,0.000000,0.000000,0.000000,0.000000,0.000000,0.000000,0.000000,0.000000,0.000000
0.000000,0.000000,0.000000,0.000000,0.000000,0.000000,0.000000,0.000000,0.000000,0.000000,0.000000,0.000000,0.000000,0.000000,0.000000,0.000000,0.000000,0.000000,0.000000,0.000000,1000.019837,1000.030760,1000.039773,1000.048538,1000.057042,1000.065287,1000.072375,1000.077752,1000.080970,1000.082157,1000.081562,1000.079456,1000.076392,1000.072841,1000.069148,1000.065592,1000.062324,1000.059357,1000.056632,1000.054134,1000.051847,1000.049736,1000.047820,1000.046169,1000.044798,1000.043710,1000.042903,1000.042316,1000.041911,1000.041671,1000.041581,1000.041623,1000.041729,1000.041854,1000.042026,1000.042325,1000.042824,1000.043557,1000.044544,1000.045817,1000.047401,1000.049291,1000.051455,1000.053844,1000.056456,1000.059290,1000.062376,1000.065805,1000.069558,1000.073414,1000.076995,1000.079949,1000.081951,1000.082591,1000.081582,1000.078654,1000.073615,1000.066730,1000.058463,1000.049805,1000.040760,1000.031334,1000.020032,0.000000,0.000000,0.000000,0.000000,0.000000,0.000000,0.000000,0.000000,0.000000,0.000000,0.000000,0.000000,0.000000,0.000000,0.000000,0.000000,0.000000,0.000000,0.000000,0.000000
0.000000,0.000000,0.000000,0.000000,0.000000,0.000000,0.000000,0.000000,0.000000,0.000000,0.000000,0.000000,0.000000,0.000000,0.000000,0.000000,0.000000,0.000000,0.000000,0.000000,0.000000,1000.016961,1000.027120,1000.036994,1000.045510,1000.053755,1000.061769,1000.068903,1000.074761,1000.079116,1000.081680,1000.082446,1000.081582,1000.079425,1000.076527,1000.073329,1000.070141,1000.067203,1000.064525,1000.062053,1000.059841,1000.057784,1000.055819,1000.054098,1000.052697,1000.051634,1000.050913,1000.050506,1000.050323,1000.050269,1000.050293,1000.050346,1000.050387,1000.050409,1000.050434,1000.050551,1000.050872,1000.051459,1000.052375,1000.053652,1000.055300,1000.057259,1000.059404,1000.061765,1000.064390,1000.067216,1000.070307,1000.073694,1000.077079,1000.080062,1000.082124,1000.082750,1000.081845,1000.079385,1000.075334,1000.069880,1000.063168,1000.055442,1000.047369,1000.038790,1000.028349,1000.017768,0.000000,0.000000,0.000000,0.000000,0.000000,0.000000,0.000000,0.000000,0.000000,0.000000,0.000000,0.000000,0.000000,0.000000,0.000000,0.000000,0.000000,0.000000,0.000000,0.000000,0.000000
0.000000,0.000000,0.000000,0.000000,0.000000,0.000000,0.000000,0.000000,0.000000,0.000000,0.000000,0.000000,0.000000,0.000000,0.000000,0.000000,0.000000,0.000000,0.000000,0.000000,0.000000,0.000000,0.000000,1000.023303,1000.033256,1000.041500,1000.049528,1000.057082,1000.064219,1000.070561,1000.075739,1000.079584,1000.081821,1000.082482,1000.081704,1000.079860,1000.077502,1000.074976,1000.072473,1000.070117,1000.067964,1000.065924,1000.063895,1000.062030,1000.060597,1000.059634,1000.059074,1000.058903,1000.059008,1000.059227,1000.059425,1000.059519,1000.059491,1000.059353,1000.059172,1000.059063,1000.059141,1000.059522,1000.060308,1000.061602,1000.063368,1000.065371,1000.067481,1000.069778,1000.072305,1000.074987,1000.077689,1000.080198,1000.082125,1000.082860,1000.082012,1000.079521,1000.075591,1000.070618,1000.064731,1000.058098,1000.051084,1000.043480,1000.035557,1000.025985,0.000000,0.000000,0.000000,0.000000,0.000000,0.000000,0.000000,0.000000,0.000000,0.000000,0.000000,0.000000,0.000000,0.000000,0.000000,0.000000,0.000000,0.000000,0.000000,0.000000,0.000000,0.000000,0.000000
0.000000,0.000000,0.000000,0.000000,0.000000,0.000000,0.000000,0.000000,0.000000,0.000000,0.000000,0.000000,0.000000,0.000000,0.000000,0.000000,0.000000,0.000000,0.000000,0.000000,0.000000,0.000000,0.000000,0.000000,1000.019127,1000.028196,1000.036984,1000.044426,1000.051794,1000.058809,1000.065370,1000.071198,1000.076002,1000.079663,1000.081851,1000.082544,1000.082138,1000.081010,1000.079377,1000.077639,1000.075883,1000.073970,1000.071895,1000.069904,1000.068429,1000.067595,1000.067290,1000.067376,1000.067722,1000.068176,1000.068552,1000.068735,1000.068683,1000.068418,1000.068038,1000.067675,1000.067479,1000.067616,1000.068270,1000.069592,1000.071461,1000.073487,1000.075446,1000.077309,1000.079186,1000.080962,1000.082210,1000.082645,1000.081897,1000.079582,1000.075731,1000.070794,1000.065048,1000.058799,1000.052337,1000.045575,1000.038726,1000.030678,1000.021771,0.000000,0.000000,0.000000,0.000000,0.000000,0.000000,0.000000,0.000000,0.000000,0.000000,0.000000,0.000000,0.000000,0.000000,0.000000,0.000000,0.000000,0.000000,0.000000,0.000000,0.000000,0.000000,0.000000,0.000000
0.000000,0.000000,0.000000,0.000000,0.000000,0.000000,0.000000,0.000000,0.000000,0.000000,0.000000,0.000000,0.000000,0.000000,0.000000,0.000000,0.000000,0.000000,0.000000,0.000000,0.000000,0.000000,0.000000,0.000000,0.000000,0.000000,1000.022505,1000.030717,1000.038944,1000.046114,1000.053076,1000.059564,1000.065683,1000.071117,1000.075584,1000.078879,1000.080908,1000.081987,1000.082290,1000.081974,1000.081333,1000.080253,1000.078640,1000.076972,1000.075715,1000.075046,1000.074895,1000.075057,1000.075397,1000.075797,1000.076149,1000.076367,1000.076365,1000.076137,1000.075757,1000.075357,1000.075110,1000.075173,1000.075741,1000.076887,1000.078460,1000.080055,1000.081186,1000.081883,1000.082245,1000.081975,1000.080865,1000.078728,1000.075271,1000.070648,1000.065076,1000.058941,1000.052599,1000.046102,1000.039615,1000.032263,1000.024249,0.000000,0.000000,0.000000,0.000000,0.000000,0.000000,0.000000,0.000000,0.000000,0.000000,0.000000,0.000000,0.000000,0.000000,0.000000,0.000000,0.000000,0.000000,0.000000,0.000000,0.000000,0.000000,0.000000,0.000000,0.000000,0.000000
0.000000,0.000000,0.000000,0.000000,0.000000,0.000000,0.000000,0.000000,0.000000,0.000000,0.000000,0.000000,0.000000,0.000000,0.000000,0.000000,0.000000,0.000000,0.000000,0.000000,0.000000,0.000000,0.000000,0.000000,0.000000,0.000000,0.000000,0.000000,1000.023766,1000.031985,1000.040255,1000.046832,1000.053137,1000.059003,1000.064478,1000.069200,1000.073030,1000.076028,1000.078323,1000.079804,1000.080751,1000.081276,1000.081172,1000.080651,1000.080066,1000.079662,1000.079434,1000.079312,1000.079232,1000.079169,1000.079176,1000.079252,1000.079314,1000.079326,1000.079297,1000.079313,1000.079446,1000.079747,1000.080227,1000.080844,1000.081391,1000.081539,1000.081076,1000.080149,1000.078608,1000.076218,1000.073058,1000.069031,1000.064118,1000.058514,1000.052477,1000.046089,1000.039703,1000.032425,1000.024648,0.000000,0.000000,0.000000,0.000000,0.000000,0.000000,0.000000,0.000000,0.000000,0.000000,0.000000,0.000000,0.000000,0.000000,0.000000,0.000000,0.000000,0.000000,0.000000,0.000000,0.000000,0.000000,0.000000,0.000000,0.000000,0.000000,0.000000,0.000000
0.000000,0.000000,0.000000,0.000000,0.000000,0.000000,0.000000,0.000000,0.000000,0.000000,0.000000,0.000000,0.000000,0.000000,0.000000,0.000000,0.000000,0.000000,0.000000,0.000000,0.000000,0.000000,0.000000,0.000000,0.000000,0.000000,0.000000,0.000000,0.000000,0.000000,1000.025038,1000.032481,1000.039879,1000.045678,1000.051183,1000.056217,1000.060849,1000.064837,1000.068116,1000.070826,1000.073086,1000.075097,1000.076694,1000.077597,1000.077869,1000.077714,1000.077288,1000.076712,1000.076064,1000.075445,1000.075006,1000.074828,1000.074913,1000.075211,1000.075685,1000.076297,1000.076988,1000.077637,1000.078047,1000.078001,1000.077283,1000.075828,1000.073909,1000.071651,1000.068850,1000.065404,1000.061214,1000.056388,1000.051199,1000.045444,1000.039365,1000.031825,1000.024533,0.000000,0.000000,0.000000,0.000000,0.000000,0.000000,0.000000,0.000000,0.000000,0.000000,0.000000,0.000000,0.000000,0.000000,0.000000,0.000000,0.000000,0.000000,0.000000,0.000000,0.000000,0.000000,0.000000,0.000000,0.000000,0.000000,0.000000,0.000000,0.000000,0.000000
0.000000,0.000000,0.000000,0.000000,0.000000,0.000000,0.000000,0.000000,0.000000,0.000000,0.000000,0.000000,0.000000,0.000000,0.000000,0.000000,0.000000,0.000000,0.000000,0.000000,0.000000,0.000000,0.000000,0.000000,0.000000,0.000000,0.000000,0.000000,0.000000,0.000000,0.000000,0.000000,1000.024183,1000.031019,1000.037443,1000.042552,1000.046988,1000.051211,1000.054823,1000.058052,1000.060939,1000.063564,1000.065967,1000.067632,1000.068481,1000.068511,1000.067982,1000.067160,1000.066227,1000.065342,1000.064662,1000.064273,1000.064375,1000.064818,1000.065586,1000.066532,1000.067485,1000.068247,1000.068546,1000.068063,1000.066754,1000.064626,1000.062182,1000.059341,1000.056111,1000.052384,1000.047946,1000.043243,1000.037934,1000.030932,1000.023883,0.000000,0.000000,0.000000,0.000000,0.000000,0.000000,0.000000,0.000000,0.000000,0.000000,0.000000,0.000000,0.000000,0.000000,0.000000,0.000000,0.000000,0.000000,0.000000,0.000000,0.000000,0.000000,0.000000,0.000000,0.000000,0.000000,0.000000,0.000000,0.000000,0.000000,0.000000,0.000000
0.000000,0.000000,0.000000,0.000000,0.000000,0.000000,0.000000,0.000000,0.000000,0.000000,0.000000,0.000000,0.000000,0.000000,0.000000,0.000000,0.000000,0.000000,0.000000,0.000000,0.000000,0.000000,0.000000,0.000000,0.000000,0.000000,0.000000,0.000000,0.000000,0.000000,0.000000,0.000000,0.000000,0.000000,1000.021918,1000.027685,1000.032439,1000.036821,1000.040649,1000.044095,1000.047245,1000.049680,1000.052049,1000.053907,1000.055047,1000.055269,1000.054811,1000.053979,1000.052997,1000.052043,1000.051247,1000.050754,1000.050858,1000.051362,1000.052224,1000.053266,1000.054224,1000.054864,1000.054935,1000.054211,1000.052803,1000.050870,1000.048867,1000.045942,1000.042638,1000.038834,1000.034010,1000.028718,1000.022748,0.000000,0.000000,0.000000,0.000000,0.000000,0.000000,0.000000,0.000000,0.000000,0.000000,0.000000,0.000000,0.000000,0.000000,0.000000,0.000000,0.000000,0.000000,0.000000,0.000000,0.000000,0.000000,0.000000,0.000000,0.000000,0.000000,0.000000,0.000000,0.000000,0.000000,0.000000,0.000000,0.000000,0.000000
0.000000,0.000000,0.000000,0.000000,0.000000,0.000000,0.000000,0.000000,0.000000,0.000000,0.000000,0.000000,0.000000,0.000000,0.000000,0.000000,0.000000,0.000000,0.000000,0.000000,0.000000,0.000000,0.000000,0.000000,0.000000,0.000000,0.000000,0.000000,0.000000,0.000000,0.000000,0.000000,0.000000,0.000000,0.000000,0.000000,0.000000,1000.020340,1000.025580,1000.029369,1000.032305,1000.034834,1000.037009,1000.039137,1000.040530,1000.040993,1000.040575,1000.039627,1000.038484,1000.037363,1000.036267,1000.035872,1000.035788,1000.036478,1000.037530,1000.038812,1000.039957,1000.040582,1000.040381,1000.039286,1000.037500,1000.036248,1000.034521,1000.031991,1000.028229,1000.023182,0.000000,0.000000,0.000000,0.000000,0.000000,0.000000,0.000000,0.000000,0.000000,0.000000,0.000000,0.000000,0.000000,0.000000,0.000000,0.000000,0.000000,0.000000,0.000000,0.000000,0.000000,0.000000,0.000000,0.000000,0.000000,0.000000,0.000000,0.000000,0.000000,0.000000,0.000000,0.000000,0.000000,0.000000,0.000000,0.000000,0.000000
0.000000,0.000000,0.000000,0.000000,0.000000,0.000000,0.000000,0.000000,0.000000,0.000000,0.000000,0.000000,0.000000,0.000000,0.000000,0.000000,0.000000,0.000000,0.000000,0.000000,0.000000,0.000000,0.000000,0.000000,0.000000,0.000000,0.000000,0.000000,0.000000,0.000000,0.000000,0.000000,0.000000,0.000000,0.000000,0.000000,0.000000,0.000000,0.000000,0.000000,0.000000,0.000000,1000.020401,1000.024296,1000.025874,1000.026252,1000.025683,1000.024248,1000.022485,1000.020875,1000.019862,1000.020130,1000.019031,1000.019611,1000.021271,1000.023286,1000.025113,1000.026185,1000.026157,1000.024656,1000.020504,0.000000,0.000000,0.000000,0.000000,0.000000,0.000000,0.000000,0.000000,0.000000,0.000000,0.000000,0.000000,0.000000,0.000000,0.000000,0.000000,0.000000,0.000000,0.000000,0.000000,0.000000,0.000000,0.000000,0.000000,0.000000,0.000000,0.000000,0.000000,0.000000,0.000000,0.000000,0.000000,0.000000,0.000000,0.000000,0.000000,0.000000,0.000000,0.000000,0.000000,0.000000,0.000000
0.000000,0.000000,0.000000,0.000000,0.000000,0.000000,0.000000,0.000000,0.000000,0.000000,0.000000,0.000000,0.000000,0.000000,0.000000,0.000000,0.000000,0.000000,0.000000,0.000000,0.000000,0.000000,0.000000,0.000000,0.000000,0.000000,0.000000,0.000000,0.000000,0.000000,0.000000,0.000000,0.000000,0.000000,0.000000,0.000000,0.000000,0.000000,0.000000,0.000000,0.000000,0.000000,0.000000,0.000000,0.000000,0.000000,0.000000,0.000000,0.000000,0.000000,0.000000,1000.003270,0.000000,0.000000,0.000000,0.000000,0.000000,0.000000,0.000000,0.000000,0.000000,0.000000,0.000000,0.000000,0.000000,0.000000,0.000000,0.000000,0.000000,0.000000,0.000000,0.000000,0.000000,0.000000,0.000000,0.000000,0.000000,0.000000,0.000000,0.000000,0.000000,0.000000,0.000000,0.000000,0.000000,0.000000,0.000000,0.000000,0.000000,0.000000,0.000000,0.000000,0.000000,0.000000,0.000000,0.000000,0.000000,0.000000,0.000000,0.000000,0.000000,0.000000,0.000000
0.000000,0.000000,0.000000,0.000000,0.000000,0.000000,0.000000,0.000000,0.000000,0.000000,0.000000,0.000000,0.000000,0.000000,0.000000,0.000000,0.000000,0.000000,0.000000,0.000000,0.000000,0.000000,0.000000,0.000000,0.000000,0.000000,0.000000,0.000000,0.000000,0.000000,0.000000,0.000000,0.000000,0.000000,0.000000,0.000000,0.000000,0.000000,0.000000,0.000000,0.000000,0.000000,0.000000,0.000000,0.000000,0.000000,0.000000,0.000000,0.000000,0.000000,0.000000,0.000000,0.000000,0.000000,0.000000,0.000000,0.000000,0.000000,0.000000,0.000000,0.000000,0.000000,0.000000,0.000000,0.000000,0.000000,0.000000,0.000000,0.000000,0.000000,0.000000,0.000000,0.000000,0.000000,0.000000,0.000000,0.000000,0.000000,0.000000,0.000000,0.000000,0.000000,0.000000,0.000000,0.000000,0.000000,0.000000,0.000000,0.000000,0.000000,0.000000,0.000000,0.000000,0.000000,0.000000,0.000000,0.000000,0.000000,0.000000,0.000000,0.000000,0.000000,0.000000
