0.000000,0.000000,0.000000,0.000000,0.000000,0.000000,0.000000,0.000000,0.000000,0.000000,0.000000,0.000000,0.000000,0.000000,0.000000,0.000000,0.000000,0.000000,0.000000,0.000000,0.000000,0.000000,0.000000,0.000000,0.000000,0.000000,0.000000,0.000000,0.000000,0.000000,0.000000,0.000000,0.000000,0.000000,0.000000,0.000000,0.000000,0.000000,0.000000,0.000000,0.000000,0.000000,0.000000,0.000000,0.000000,0.000000,0.000000,0.000000,0.000000,0.000000,0.000000,0.000000,0.000000,0.000000,0.000000,0.000000,0.000000,0.000000,0.000000,0.000000,0.000000,0.000000,0.000000,0.000000,0.000000,0.000000,0.000000,0.000000,0.000000,0.000000,0.000000,0.000000,0.000000,0.000000,0.000000,0.000000,0.000000,0.000000,0.000000,0.000000,0.000000,0.000000,0.000000,0.000000,0.000000,0.000000,0.000000,0.000000,0.000000,0.000000,0.000000,0.000000,0.000000,0.000000,0.000000,0.000000,0.000000,0.000000,0.000000,0.000000,0.000000,0.000000,0.000000
0.000000,0.000000,0.000000,0.000000,0.000000,0.000000,0.000000,0.000000,0.000000,0.000000,0.000000,0.000000,0.000000,0.000000,0.000000,0.000000,0.000000,0.000000,0.000000,0.000000,0.000000,0.000000,0.000000,0.000000,0.000000,0.000000,0.000000,0.000000,0.000000,0.000000,0.000000,0.000000,0.000000,0.000000,0.000000,0.000000,0.000000,0.000000,0.000000,0.000000,0.000000,0.000000,0.000000,0.000000,0.000000,0.000000,0.000000,0.000000,0.000000,0.000000,0.000000,0.000004,0.000000,0.000000,0.000000,0.000000,0.000000,0.000000,0.000000,0.000000,0.000000,0.000000,0.000000,0.000000,0.000000,0.000000,0.000000,0.000000,0.000000,0.000000,0.000000,0.000000,0.000000,0.000000,0.000000,0.000000,0.000000,0.000000,0.000000,0.000000,0.000000,0.000000,0.000000,0.000000,0.000000,0.000000,0.000000,0.000000,0.000000,0.000000,0.000000,0.000000,0.000000,0.000000,0.000000,0.000000,0.000000,0.000000,0.000000,0.000000,0.000000,0.000000,0.000000
0.000000,0.000000,0.000000,0.000000,0.000000,0.000000,0.000000,0.000000,0.000000,0.000000,0.000000,0.000000,0.000000,0.000000,0.000000,0.000000,0.000000,0.000000,0.000000,0.000000,0.000000,0.000000,0.000000,0.000000,0.000000,0.000000,0.000000,0.000000,0.000000,0.000000,0.000000,0.000000,0.000000,0.000000,0.000000,0.000000,0.000000,0.000000,0.000000,0.000000,0.000000,0.000000,-0.000006,-0.000001,-0.000004,-0.000007,-0.000012,0.000004,0.000004,0.000007,0.000020,-0.000001,0.000001,-0.000008,0.000015,0.000025,0.000008,0.000005,0.000014,0.000001,0.000004,0.000000,0.000000,0.000000,0.000000,0.000000,0.000000,0.000000,0.000000,0.000000,0.000000,0.000000,0.000000,0.000000,0.000000,0.000000,0.000000,0.000000,0.000000,0.000000,0.000000,0.000000,0.000000,0.000000,0.000000,0.000000,0.000000,0.000000,0.000000,0.000000,0.000000,0.000000,0.000000,0.000000,0.000000,0.000000,0.000000,0.000000,0.000000,0.000000,0.000000,0.000000,0.000000
0.000000,0.000000,0.000000,0.000000,0.000000,0.000000,0.000000,0.000000,0.000000,0.000000,0.000000,0.000000,0.000000,0.000000,0.000000,0.000000,0.000000,0.000000,0.000000,0.000000,0.000000,0.000000,0.000000,0.000000,0.000000,0.000000,0.000000,0.000000,0.000000,0.000000,0.000000,0.000000,0.000000,0.000000,0.000000,0.000000,0.000000,-0.000005,0.000009,0.000008,-0.000008,0.000006,0.000003,0.000013,0.000020,0.000003,0.000007,0.000000,0.000006,-0.000019,-0.000011,-0.000020,-0.000004,-0.000017,-0.000014,-0.000025,-0.000028,-0.000012,-0.000015,-0.000012,0.000004,0.000001,0.000001,-0.000010,0.000005,0.000001,0.000000,0.000000,0.000000,0.000000,0.000000,0.000000,0.000000,0.000000,0.000000,0.000000,0.000000,0.000000,0.000000,0.000000,0.000000,0.000000,0.000000,0.000000,0.000000,0.000000,0.000000,0.000000,0.000000,0.000000,0.000000,0.000000,0.000000,0.000000,0.000000,0.000000,0.000000,0.000000,0.000000,0.000000,0.000000,0.000000,0.000000
0.000000,0.000000,0.000000,0.000000,0.000000,0.000000,0.000000,0.000000,0.000000,0.000000,0.000000,0.000000,0.000000,0.000000,0.000000,0.000000,0.000000,0.000000,0.000000,0.000000,0.000000,0.000000,0.000000,0.000000,0.000000,0.000000,0.000000,0.000000,0.000000,0.000000,0.000000,0.000000,0.000000,0.000000,-0.000001,-0.000002,0.000003,-0.000002,-0.000002,0.000005,0.000000,-0.000007,-0.000006,-0.000013,-0.000022,-0.000021,-0.000005,-0.000021,-0.000010,0.000010,0.000011,-0.000005,0.000000,0.000005,0.000018,0.000000,0.000024,0.000015,0.000003,-0.000006,0.000000,-0.000014,-0.000008,0.000004,0.000005,-0.000019,0.000002,0.000000,-0.000009,0.000000,0.000000,0.000000,0.000000,0.000000,0.000000,0.000000,0.000000,0.000000,0.000000,0.000000,0.000000,0.000000,0.000000,0.000000,0.000000,0.000000,0.000000,0.000000,0.000000,0.000000,0.000000,0.000000,0.000000,0.000000,0.000000,0.000000,0.000000,0.000000,0.000000,0.000000,0.000000,0.000000,0.000000
0.000000,0.000000,0.000000,0.000000,0.000000,0.000000,0.000000,0.000000,0.000000,0.000000,0.000000,0.000000,0.000000,0.000000,0.000000,0.000000,0.000000,0.000000,0.000000,0.000000,0.000000,0.000000,0.000000,0.000000,0.000000,0.000000,0.000000,0.000000,0.000000,0.000000,0.000000,0.000000,0.000002,0.000003,-0.000003,0.000003,0.000014,-0.000002,-0.000012,0.000008,-0.000005,-0.000003,-0.000006,0.000020,0.000009,0.000027,0.000006,0.000019,0.000010,0.000015,0.000011,0.000027,-0.000021,0.000010,0.000014,-0.000011,0.000010,0.000003,0.000029,0.000027,-0.000002,0.000012,0.000002,-0.000003,0.000009,0.000008,0.000013,0.000008,0.000019,-0.000004,0.000012,0.000000,0.000000,0.000000,0.000000,0.000000,0.000000,0.000000,0.000000,0.000000,0.000000,0.000000,0.000000,0.000000,0.000000,0.000000,0.000000,0.000000,0.000000,0.000000,0.000000,0.000000,0.000000,0.000000,0.000000,0.000000,0.000000,0.000000,0.000000,0.000000,0.000000,0.000000,0.000000
0.000000,0.000000,0.000000,0.000000,0.000000,0.000000,0.000000,0.000000,0.000000,0.000000,0.000000,0.000000,0.000000,0.000000,0.000000,0.000000,0.000000,0.000000,0.000000,0.000000,0.000000,0.000000,0.000000,0.000000,0.000000,0.000000,0.000000,0.000000,0.000000,0.000000,-0.000003,0.000004,-0.000010,0.000018,-0.000005,0.000009,-0.000006,-0.000008,0.000025,-0.000000,0.000011,-0.000001,-0.000013,-0.000003,-0.000026,-0.000019,0.000006,-0.000011,-0.000021,-0.000015,-0.000028,-0.000018,-0.000011,0.000011,0.000005,-0.000021,-0.000011,-0.000030,-0.000027,-0.000016,-0.000008,-0.000018,0.000001,0.000003,0.000009,-0.000001,0.000001,-0.000010,-0.000036,-0.000002,0.000001,-0.000002,-0.000010,0.000000,0.000000,0.000000,0.000000,0.000000,0.000000,0.000000,0.000000,0.000000,0.000000,0.000000,0.000000,0.000000,0.000000,0.000000,0.000000,0.000000,0.000000,0.000000,0.000000,0.000000,0.000000,0.000000,0.000000,0.000000,0.000000,0.000000,0.000000,0.000000,0.000000
0.000000,0.000000,0.000000,0.000000,0.000000,0.000000,0.000000,0.000000,0.000000,0.000000,0.000000,0.000000,0.000000,0.000000,0.000000,0.000000,0.000000,0.000000,0.000000,0.000000,0.000000,0.000000,0.000000,0.000000,0.000000,0.000000,0.000000,0.000000,0.000002,-0.000005,0.000011,-0.000015,0.000005,-0.000009,-0.000012,-0.000014,-0.000012,-0.000001,-0.000026,-0.000026,0.000001,-0.000007,0.000003,0.000020,-0.000003,0.000007,0.000019,-0.000002,0.000005,0.000024,0.000007,0.000008,0.000007,-0.000014,0.000006,0.000014,-0.000008,-0.000004,0.000008,0.000010,0.000028,-0.000007,0.000003,-0.000019,0.000001,-0.000012,-0.000009,0.000007,0.000013,0.000002,0.000023,-0.000022,0.000015,-0.000008,0.000004,0.000000,0.000000,0.000000,0.000000,0.000000,0.000000,0.000000,0.000000,0.000000,0.000000,0.000000,0.000000,0.000000,0.000000,0.000000,0.000000,0.000000,0.000000,0.000000,0.000000,0.000000,0.000000,0.000000,0.000000,0.000000,0.000000,0.000000,0.000000
0.000000,0.000000,0.000000,0.000000,0.000000,0.000000,0.000000,0.000000,0.000000,0.000000,0.000000,0.000000,0.000000,0.000000,0.000000,0.000000,0.000000,0.000000,0.000000,0.000000,0.000000,0.000000,0.000000,0.000000,0.000000,0.000000,0.000003,-0.000010,0.000008,-0.000005,-0.000013,0.000012,0.000007,0.000014,0.000020,0.000027,0.000013,0.000011,0.000010,0.000025,0.000001,0.000007,0.000002,-0.000011,0.000003,0.000006,-0.000001,0.000001,-0.000015,0.000013,0.000003,0.000011,0.000015,-0.000002,0.000015,0.000025,0.000001,0.000014,-0.000000,0.000002,-0.000002,0.000005,0.000012,0.000009,0.000016,0.000014,0.000008,0.000003,0.000011,-0.000016,0.000007,0.000013,-0.000021,0.000014,0.000010,-0.000011,0.000006,0.000000,0.000000,0.000000,0.000000,0.000000,0.000000,0.000000,0.000000,0.000000,0.000000,0.000000,0.000000,0.000000,0.000000,0.000000,0.000000,0.000000,0.000000,0.000000,0.000000,0.000000,0.000000,0.000000,0.000000,0.000000,0.000000
0.000000,0.000000,0.000000,0.000000,0.000000,0.000000,0.000000,0.000000,0.000000,0.000000,0.000000,0.000000,0.000000,0.000000,0.000000,0.000000,0.000000,0.000000,0.000000,0.000000,0.000000,0.000000,0.000000,0.000000,0.000001,0.000014,-0.000005,-0.000009,0.000012,-0.000006,0.000003,-0.000002,-0.000013,-0.000014,-0.000027,-0.000030,-0.000025,0.000006,0.000008,-0.000006,-0.000010,-0.000012,0.000020,-0.000021,0.000018,0.000004,0.000000,0.000020,-0.000000,-0.000019,-0.000019,0.000002,-0.000006,-0.000013,-0.000013,-0.000030,-0.000018,0.000005,-0.000006,-0.000017,0.000000,-0.000008,-0.000026,-0.000015,-0.000011,0.000005,-0.000015,-0.000013,-0.000017,0.000007,-0.000013,-0.000009,-0.000001,-0.000011,-0.000002,-0.000023,0.000003,0.000001,-0.000006,0.000000,0.000000,0.000000,0.000000,0.000000,0.000000,0.000000,0.000000,0.000000,0.000000,0.000000,0.000000,0.000000,0.000000,0.000000,0.000000,0.000000,0.000000,0.000000,0.000000,0.000000,0.000000,0.000000,0.000000
0.000000,0.000000,0.000000,0.000000,0.000000,0.000000,0.000000,0.000000,0.000000,0.000000,0.000000,0.000000,0.000000,0.000000,0.000000,0.000000,0.000000,0.000000,0.000000,0.000000,0.000000,0.000000,0.000000,0.000005,-0.000008,0.000003,-0.000013,0.000008,0.000005,0.000002,0.000008,0.000000,0.000007,0.000027,0.000017,0.000028,0.000014,-0.000007,-0.000015,-0.000006,-0.000012,0.000005,0.000019,-0.000004,0.000018,-0.000009,-0.000007,0.000005,0.000012,-0.000001,-0.000012,-0.000005,-0.000009,0.000006,0.000021,0.000004,0.000009,0.000004,0.000017,-0.000009,0.000006,0.000004,0.000020,-0.000006,0.000004,0.000017,0.000000,0.000005,-0.000004,-0.000008,0.000030,-0.000004,0.000024,-0.000005,0.000007,0.000016,0.000003,0.000015,-0.000001,0.000006,0.000000,0.000000,0.000000,0.000000,0.000000,0.000000,0.000000,0.000000,0.000000,0.000000,0.000000,0.000000,0.000000,0.000000,0.000000,0.000000,0.000000,0.000000,0.000000,0.000000,0.000000,0.000000,0.000000
0.000000,0.000000,0.000000,0.000000,0.000000,0.000000,0.000000,0.000000,0.000000,0.000000,0.000000,0.000000,0.000000,0.000000,0.000000,0.000000,0.000000,0.000000,0.000000,0.000000,0.000000,0.000001,-0.000004,-0.000013,-0.000005,0.000003,0.000009,0.000004,-0.000007,0.000003,-0.000012,-0.000012,-0.000012,0.000007,-0.000011,-0.000018,0.000010,0.000009,0.000013,0.000017,-0.000023,-0.000007,0.000009,-0.000020,-0.000009,-0.000029,-0.000012,-0.000036,-0.000004,0.000005,-0.000003,0.000017,0.000006,0.000009,0.000004,0.000012,0.000009,-0.000001,-0.000002,0.000008,-0.000013,0.000001,0.000007,0.000010,0.000004,0.000006,0.000010,-0.000006,0.000012,0.000009,0.000001,-0.000012,-0.000002,-0.000002,-0.000001,-0.000005,-0.000004,-0.000025,-0.000001,-0.000014,0.000009,-0.000010,0.000000,0.000000,0.000000,0.000000,0.000000,0.000000,0.000000,0.000000,0.000000,0.000000,0.000000,0.000000,0.000000,0.000000,0.000000,0.000000,0.000000,0.000000,0.000000,0.000000,0.000000
0.000000,0.000000,0.000000,0.000000,0.000000,0.000000,0.000000,0.000000,0.000000,0.000000,0.000000,0.000000,0.000000,0.000000,0.000000,0.000000,0.000000,0.000000,0.000000,0.000000,-0.000000,-0.000008,0.000014,0.000003,0.000013,-0.000003,-0.000001,-0.000006,-0.000007,0.000014,0.000013,0.000014,0.000023,-0.000014,-0.000014,-0.000008,-0.000014,-0.000015,-0.000008,-0.000005,0.000003,0.000012,0.000011,0.000011,0.000034,0.000017,0.000034,0.000023,0.000035,0.000006,-0.000012,0.000010,-0.000020,-0.000010,-0.000016,-0.000014,-0.000021,-0.000015,-0.000002,0.000012,-0.000005,-0.000021,-0.000008,0.000017,-0.000014,-0.000041,-0.000014,-0.000003,-0.000016,0.000014,-0.000019,0.000008,-0.000007,0.000012,-0.000017,0.000006,0.000012,0.000003,0.000005,0.000015,-0.000008,0.000025,0.000023,0.000000,0.000000,0.000000,0.000000,0.000000,0.000000,0.000000,0.000000,0.000000,0.000000,0.000000,0.000000,0.000000,0.000000,0.000000,0.000000,0.000000,0.000000,0.000000,0.000000
0.000000,0.000000,0.000000,0.000000,0.000000,0.000000,0.000000,0.000000,0.000000,0.000000,0.000000,0.000000,0.000000,0.000000,0.000000,0.000000,0.000000,0.000000,0.000000,0.000007,-0.000015,0.000009,0.000000,-0.000001,-0.000000,-0.000012,0.000010,-0.000012,-0.000003,0.000002,-0.000016,-0.000019,-0.000012,0.000007,0.000024,0.000020,-0.000005,0.000005,-0.000016,-0.000021,-0.000004,0.000002,-0.000022,0.000001,-0.000032,-0.000032,-0.000010,-0.000031,0.000009,0.000003,-0.000011,0.000012,0.000005,0.000021,0.000021,-0.000002,0.000006,0.000004,0.000003,-0.000011,0.000031,0.000005,-0.000007,-0.000009,0.000032,0.000017,0.000019,0.000036,0.000006,-0.000015,0.000001,0.000022,0.000005,0.000024,-0.000001,-0.000011,0.000009,0.000012,-0.000013,0.000003,-0.000009,-0.000036,-0.000002,0.000010,0.000000,0.000000,0.000000,0.000000,0.000000,0.000000,0.000000,0.000000,0.000000,0.000000,0.000000,0.000000,0.000000,0.000000,0.000000,0.000000,0.000000,0.000000,0.000000
0.000000,0.000000,0.000000,0.000000,0.000000,0.000000,0.000000,0.000000,0.000000,0.000000,0.000000,0.000000,0.000000,0.000000,0.000000,0.000000,0.000000,0.000000,-0.000001,0.000000,-0.000007,-0.000012,0.000014,0.000001,-0.000020,0.000000,0.000006,0.000001,0.000010,0.000002,-0.000021,0.000026,0.000008,-0.000029,-0.000013,-0.000014,-0.000018,0.000006,0.000016,0.000016,0.000022,0.000001,-0.000015,0.000024,0.000029,0.000003,0.000001,-0.000032,-0.000003,-0.000006,-0.000000,-0.000017,-0.000018,-0.000011,-0.000016,-0.000005,0.000012,0.000011,-0.000011,-0.000005,-0.000003,0.000005,0.000002,-0.000013,0.000000,0.000002,-0.000016,-0.000025,0.000020,-0.000016,-0.000004,0.000000,-0.000019,-0.000005,0.000000,-0.000006,-0.000001,-0.000006,0.000008,-0.000026,0.000025,-0.000012,0.000018,0.000001,0.000022,0.000000,0.000000,0.000000,0.000000,0.000000,0.000000,0.000000,0.000000,0.000000,0.000000,0.000000,0.000000,0.000000,0.000000,0.000000,0.000000,0.000000,0.000000
0.000000,0.000000,0.000000,0.000000,0.000000,0.000000,0.000000,0.000000,0.000000,0.000000,0.000000,0.000000,0.000000,0.000000,0.000000,0.000000,0.000000,0.000008,-0.000001,-0.000003,0.000003,0.000000,-0.000004,0.000002,0.000024,0.000008,-0.000001,0.000006,-0.000008,0.000002,0.000009,0.000007,-0.000007,0.000005,0.000023,0.000010,0.000006,-0.000002,-0.000001,-0.000020,0.000002,0.000010,-0.000008,0.000003,0.000015,0.000018,0.000023,0.000017,0.000003,-0.000015,0.000014,0.000006,0.000027,0.000010,-0.000001,-0.000013,-0.000027,-0.000007,-0.000007,0.000013,-0.000006,-0.000022,0.000006,0.000007,-0.000002,-0.000016,0.000006,-0.000010,-0.000006,-0.000013,0.000006,0.000006,-0.000020,0.000008,0.000001,0.000023,-0.000001,0.000014,-0.000002,0.000014,0.000004,0.000005,-0.000012,-0.000025,-0.000007,0.000011,0.000000,0.000000,0.000000,0.000000,0.000000,0.000000,0.000000,0.000000,0.000000,0.000000,0.000000,0.000000,0.000000,0.000000,0.000000,0.000000,0.000000
0.000000,0.000000,0.000000,0.000000,0.000000,0.000000,0.000000,0.000000,0.000000,0.000000,0.000000,0.000000,0.000000,0.000000,0.000000,0.000000,0.000004,-0.000013,0.000015,-0.000020,0.000006,-0.000004,0.000005,0.000001,-0.000004,-0.000015,-0.000017,-0.000004,0.000027,-0.000002,0.000002,-0.000001,-0.000014,0.000001,0.000000,-0.000010,0.000016,-0.000002,-0.000002,0.000007,-0.000009,0.000013,-0.000019,-0.000011,-0.000038,-0.000011,-0.000024,0.000007,0.000012,0.000001,0.000004,-0.000017,0.000006,0.000005,0.000023,0.000020,0.000014,0.000017,0.000006,-0.000001,0.000021,0.000010,0.000000,0.000017,0.000019,0.000001,0.000015,0.000016,0.000013,-0.000003,0.000003,0.000004,0.000016,-0.000004,-0.000016,-0.000003,-0.000008,-0.000003,-0.000029,-0.000014,-0.000023,0.000018,-0.000010,0.000009,0.000021,0.000006,0.000025,0.000000,0.000000,0.000000,0.000000,0.000000,0.000000,0.000000,0.000000,0.000000,0.000000,0.000000,0.000000,0.000000,0.000000,0.000000,0.000000
0.000000,0.000000,0.000000,0.000000,0.000000,0.000000,0.000000,0.000000,0.000000,0.000000,0.000000,0.000000,0.000000,0.000000,0.000000,0.000008,-0.000013,0.000001,0.000006,-0.000001,0.000008,-0.000011,0.000009,0.000010,-0.000014,0.000004,0.000002,0.000009,-0.000015,-0.000009,0.000003,-0.000012,0.000009,0.000027,-0.000015,-0.000025,-0.000004,0.000004,0.000023,0.000034,-0.000001,-0.000001,0.000010,0.000019,0.000003,0.000033,-0.000002,-0.000026,0.000001,-0.000003,-0.000022,-0.000022,-0.000012,-0.000023,-0.000022,-0.000014,-0.000001,0.000015,-0.000020,-0.000020,-0.000010,0.000015,-0.000020,0.000000,-0.000028,0.000010,-0.000008,-0.000017,-0.000008,-0.000017,0.000004,-0.000017,0.000009,0.000002,0.000006,-0.000017,0.000007,-0.000009,0.000021,0.000021,-0.000000,0.000007,-0.000001,-0.000030,0.000001,-0.000030,0.000003,0.000003,0.000000,0.000000,0.000000,0.000000,0.000000,0.000000,0.000000,0.000000,0.000000,0.000000,0.000000,0.000000,0.000000,0.000000,0.000000
0.000000,0.000000,0.000000,0.000000,0.000000,0.000000,0.000000,0.000000,0.000000,0.000000,0.000000,0.000000,0.000000,0.000000,-0.000001,-0.000001,0.000015,0.000006,0.000007,-0.000002,-0.000001,-0.000006,0.000014,-0.000014,-0.000013,0.000026,0.000019,0.000011,-0.000016,0.000014,-0.000005,-0.000001,0.000001,-0.000019,-0.000002,0.000022,0.000010,-0.000006,-0.000036,-0.000027,-0.000024,-0.000014,0.000011,-0.000000,-0.000024,-0.000012,-0.000002,-0.000003,0.000013,0.000019,0.000031,0.000012,0.000012,0.000006,0.000010,-0.000000,-0.000018,0.000015,0.000006,-0.000013,0.000003,0.000006,-0.000006,0.000010,-0.000005,0.000007,-0.000001,-0.000000,0.000005,0.000017,0.000006,-0.000000,-0.000011,0.000016,-0.000008,0.000018,0.000020,-0.000001,-0.000018,0.000000,-0.000021,0.000006,-0.000018,-0.000005,-0.000004,-0.000015,0.000018,-0.000005,0.000024,0.000000,0.000000,0.000000,0.000000,0.000000,0.000000,0.000000,0.000000,0.000000,0.000000,0.000000,0.000000,0.000000,0.000000
0.000000,0.000000,0.000000,0.000000,0.000000,0.000000,0.000000,0.000000,0.000000,0.000000,0.000000,0.000000,0.000000,0.000007,0.000000,-0.000003,-0.000020,-0.000001,-0.000002,-0.000018,0.000015,0.000003,-0.000009,-0.000003,-0.000012,-0.000002,-0.000036,-0.000026,-0.000009,0.000016,-0.000020,-0.000009,-0.000002,-0.000005,0.000028,0.000007,-0.000011,0.000017,0.000004,0.000022,0.000035,0.000011,-0.000005,0.000027,0.000007,-0.000008,0.000002,-0.000003,-0.000026,-0.000018,-0.000003,-0.000019,-0.000010,-0.000020,0.000014,0.000012,-0.000001,-0.000002,0.000020,-0.000016,-0.000006,-0.000001,0.000021,0.000029,0.000004,0.000000,-0.000004,0.000008,-0.000027,-0.000010,-0.000007,0.000005,-0.000019,0.000004,-0.000015,-0.000013,0.000008,-0.000026,-0.000011,0.000009,-0.000010,0.000028,0.000002,0.000015,0.000020,-0.000014,-0.000001,-0.000017,0.000012,-0.000009,0.000000,0.000000,0.000000,0.000000,0.000000,0.000000,0.000000,0.000000,0.000000,0.000000,0.000000,0.000000,0.000000
0.000000,0.000000,0.000000,0.000000,0.000000,0.000000,0.000000,0.000000,0.000000,0.000000,0.000000,0.000000,-0.000000,-0.000015,-0.000007,0.000003,0.000006,0.000008,-0.000001,0.000015,-0.000007,0.000002,-0.000006,0.000018,0.000014,0.000021,-0.000001,0.000025,0.000020,-0.000008,0.000003,0.000024,0.000012,-0.000012,-0.000013,-0.000034,-0.000021,0.000008,-0.000012,-0.000021,0.000005,-0.000028,-0.000013,0.000007,0.000001,0.000003,0.000033,0.000019,-0.000002,0.000011,0.000010,0.000003,0.000023,0.000002,0.000014,-0.000012,-0.000008,-0.000002,-0.000007,-0.000016,-0.000011,0.000003,-0.000021,0.000009,0.000008,0.000006,-0.000024,0.000029,0.000007,-0.000003,0.000007,0.000013,0.000002,-0.000006,0.000032,-0.000029,0.000018,-0.000006,0.000031,0.000000,0.000003,-0.000018,-0.000020,-0.000006,-0.000025,0.000007,0.000019,-0.000023,0.000015,0.000007,0.000022,0.000000,0.000000,0.000000,0.000000,0.000000,0.000000,0.000000,0.000000,0.000000,0.000000,0.000000,0.000000
0.000000,0.000000,0.000000,0.000000,0.000000,0.000000,0.000000,0.000000,0.000000,0.000000,0.000000,0.000001,-0.000008,0.000009,-0.000012,0.000000,-0.000004,-0.000011,-0.000006,0.000003,0.000002,-0.000005,0.000001,-0.000002,-0.000008,-0.000010,-0.000018,-0.000003,-0.000009,-0.000018,0.000003,-0.000004,0.000001,0.000015,0.000022,0.000013,0.000020,0.000027,-0.000008,-0.000004,0.000017,0.000001,0.000023,-0.000009,-0.000017,-0.000013,-0.000030,-0.000013,0.000016,0.000007,-0.000014,-0.000010,0.000008,-0.000004,0.000021,0.000013,0.000018,0.000015,0.000002,0.000014,0.000004,0.000001,-0.000011,-0.000004,0.000015,-0.000000,0.000000,0.000007,0.000011,0.000007,-0.000016,0.000013,0.000013,-0.000002,0.000022,-0.000006,-0.000011,-0.000014,-0.000016,-0.000002,0.000011,0.000008,-0.000009,0.000027,-0.000015,0.000002,-0.000017,0.000004,-0.000002,-0.000017,0.000015,-0.000002,0.000000,0.000000,0.000000,0.000000,0.000000,0.000000,0.000000,0.000000,0.000000,0.000000,0.000000
0.000000,0.000000,0.000000,0.000000,0.000000,0.000000,0.000000,0.000000,0.000000,0.000000,0.000000,-0.000004,0.000014,0.000000,0.000014,-0.000004,0.000005,0.000009,0.000014,-0.000009,-0.000006,0.000001,0.000015,-0.000006,-0.000001,0.000008,0.000009,0.000025,-0.000017,0.000002,0.000023,-0.000030,-0.000015,-0.000002,-0.000022,-0.000001,0.000003,-0.000016,-0.000006,0.000009,-0.000007,-0.000000,-0.000001,-0.000012,0.000011,0.000029,0.000007,0.000025,0.000003,-0.000021,-0.000004,-0.000016,-0.000012,-0.000031,-0.000019,-0.000028,-0.000007,0.000002,-0.000011,-0.000013,-0.000011,0.000019,-0.000009,-0.000019,-0.000002,-0.000033,-0.000003,-0.000020,-0.000043,-0.000004,-0.000007,-0.000003,-0.000010,-0.000032,-0.000015,0.000027,0.000002,0.000022,0.000022,-0.000013,0.000008,-0.000004,0.000000,0.000007,-0.000030,0.000023,-0.000015,-0.000012,0.000008,-0.000003,-0.000003,-0.000001,0.000000,0.000000,0.000000,0.000000,0.000000,0.000000,0.000000,0.000000,0.000000,0.000000,0.000000
0.000000,0.000000,0.000000,0.000000,0.000000,0.000000,0.000000,0.000000,0.000000,0.000000,0.000005,-0.000013,0.000003,-0.000001,0.000001,0.000002,0.000001,0.000010,-0.000014,-0.000003,0.000018,-0.000002,-0.000006,-0.000006,0.000002,0.000026,-0.000014,-0.000022,0.000016,0.000002,-0.000008,0.000007,0.000039,0.000008,-0.000012,0.000000,0.000018,0.000000,0.000026,0.000019,-0.000024,-0.000004,0.000010,-0.000004,0.000005,-0.000012,-0.000031,0.000002,-0.000013,0.000001,0.000022,-0.000003,0.000036,-0.000009,0.000017,0.000014,0.000011,0.000006,0.000001,0.000005,0.000003,0.000044,0.000012,0.000011,0.000015,-0.000013,0.000021,0.000047,0.000012,0.000028,0.000004,-0.000010,0.000018,0.000026,-0.000024,-0.000001,-0.000009,-0.000016,0.000032,-0.000025,0.000008,-0.000014,-0.000015,-0.000006,0.000007,0.000011,-0.000011,0.000024,-0.000008,-0.000016,0.000010,-0.000004,-0.000007,0.000000,0.000000,0.000000,0.000000,0.000000,0.000000,0.000000,0.000000,0.000000,0.000000
0.000000,0.000000,0.000000,0.000000,0.000000,0.000000,0.000000,0.000000,0.000000,0.000001,-0.000008,-0.000005,0.000013,-0.000000,-0.000020,0.000024,-0.000004,-0.000014,-0.000013,-0.000012,0.000014,-0.000008,-0.000001,0.000002,-0.000016,-0.000010,-0.000015,-0.000005,0.000009,-0.000001,0.000009,-0.000010,-0.000016,-0.000003,-0.000007,0.000005,-0.000004,-0.000016,-0.000026,-0.000021,-0.000026,-0.000000,0.000014,-0.000009,0.000005,0.000000,0.000025,0.000031,-0.000001,0.000012,-0.000008,-0.000022,0.000014,0.000013,0.000013,-0.000021,-0.000006,-0.000013,-0.000007,-0.000014,-0.000025,-0.000000,-0.000016,-0.000007,0.000015,-0.000021,-0.000017,-0.000006,-0.000021,0.000002,0.000003,-0.000005,-0.000008,0.000019,-0.000017,0.000021,-0.000004,-0.000016,-0.000011,-0.000005,0.000026,0.000010,0.000022,0.000006,-0.000004,0.000010,-0.000018,-0.000002,0.000025,-0.000010,-0.000006,0.000003,0.000001,-0.000002,0.000000,0.000000,0.000000,0.000000,0.000000,0.000000,0.000000,0.000000,0.000000
0.000000,0.000000,0.000000,0.000000,0.000000,0.000000,0.000000,0.000000,0.000000,0.000014,0.000003,0.000003,-0.000003,-0.000012,0.000000,0.000008,-0.000015,0.000004,0.000026,-0.000002,0.000021,-0.000010,0.000008,0.000026,-0.000010,0.000018,0.000011,0.000024,0.000007,-0.000008,-0.000002,-0.000001,-0.000005,0.000001,0.000007,0.000008,-0.000017,0.000011,0.000003,0.000027,0.000029,0.000010,-0.000008,0.000017,0.000006,-0.000022,-0.000006,-0.000005,-0.000017,0.000011,0.000003,0.000011,-0.000003,0.000004,-0.000000,-0.000009,0.000004,0.000008,0.000008,0.000004,0.000023,0.000014,-0.000024,-0.000012,-0.000008,0.000002,-0.000011,-0.000004,0.000012,-0.000020,-0.000003,-0.000001,-0.000011,0.000004,-0.000001,0.000020,0.000017,0.000014,0.000012,-0.000011,-0.000021,-0.000025,0.000005,-0.000004,0.000005,-0.000003,-0.000006,0.000001,0.000009,-0.000008,0.000010,-0.000015,-0.000008,0.000008,0.000000,0.000000,0.000000,0.000000,0.000000,0.000000,0.000000,0.000000,0.000000
0.000000,0.000000,0.000000,0.000000,0.000000,0.000000,0.000000,0.000000,0.000003,-0.000005,-0.000013,0.000009,-0.000001,0.000010,0.000006,-0.000001,-0.000017,0.000002,0.000019,-0.000036,-0.000001,-0.000018,0.000009,-0.000014,-0.000015,0.000011,-0.000033,-0.000014,-0.000034,-0.000001,0.000027,0.000025,0.000016,0.000006,-0.000011,-0.000033,-0.000007,0.000025,0.000007,-0.000026,-0.000004,-0.000012,-0.000018,0.000012,0.000009,0.000004,-0.000009,0.000001,-0.000015,-0.000026,0.000004,0.000011,-0.000004,0.000001,-0.000009,0.000007,-0.000010,-0.000011,-0.000014,-0.000006,0.000007,0.000011,-0.000003,0.000017,0.000000,0.000030,0.000009,-0.000006,0.000041,-0.000009,-0.000004,-0.000012,0.000006,-0.000012,0.000000,-0.000004,-0.000022,-0.000019,-0.000012,0.000018,0.000033,-0.000005,0.000007,-0.000015,-0.000022,0.000013,-0.000004,-0.000006,-0.000005,-0.000011,-0.000001,0.000021,-0.000000,0.000018,-0.000013,0.000000,0.000000,0.000000,0.000000,0.000000,0.000000,0.000000,0.000000
0.000000,0.000000,0.000000,0.000000,0.000000,0.000000,0.000000,0.000000,-0.000010,-0.000009,0.000008,0.000004,-0.000006,-0.000012,0.000001,0.000006,-0.000004,0.000009,0.000011,-0.000026,0.000025,-0.000003,0.000025,-0.000022,-0.000005,0.000024,-0.000014,0.000045,0.000019,0.000010,-0.000026,-0.000028,-0.000019,0.000008,0.000007,0.000019,0.000012,-0.000001,0.000014,-0.000014,0.000012,-0.000003,0.000006,-0.000026,-0.000022,-0.000005,0.000028,-0.000005,0.000028,-0.000021,0.000001,0.000010,-0.000025,-0.000006,-0.000011,0.000020,-0.000003,0.000015,-0.000007,-0.000005,-0.000016,-0.000013,-0.000015,0.000001,-0.000025,-0.000017,-0.000020,-0.000030,0.000017,-0.000001,0.000003,-0.000002,-0.000004,-0.000016,0.000008,0.000021,-0.000010,0.000015,-0.000012,-0.000011,-0.000012,0.000006,0.000023,0.000008,-0.000007,-0.000000,0.000006,0.000019,-0.000000,0.000005,0.000016,-0.000008,0.000002,0.000001,-0.000008,0.000000,0.000000,0.000000,0.000000,0.000000,0.000000,0.000000,0.000000
0.000000,0.000000,0.000000,0.000000,0.000000,0.000000,0.000000,0.000002,0.000008,0.000012,0.000005,-0.000007,-0.000007,-0.000003,0.000010,-0.000008,0.000027,-0.000015,-0.000016,-0.000009,0.000020,-0.000009,-0.000017,0.000016,0.000009,0.000007,-0.000034,0.000019,-0.000034,-0.000013,0.000005,0.000009,0.000033,0.000009,0.000019,0.000013,-0.000033,-0.000034,-0.000015,-0.000020,-0.000010,0.000010,0.000058,0.000014,-0.000015,0.000008,-0.000001,-0.000068,0.000023,-0.000004,0.000006,0.000014,-0.000019,0.000001,0.000006,0.000028,-0.000005,0.000008,0.000006,0.000029,0.000029,0.000011,0.000013,0.000011,0.000004,0.000034,0.000022,-0.000001,0.000003,0.000020,0.000008,0.000013,0.000020,-0.000009,0.000009,0.000009,-0.000030,0.000020,-0.000000,0.000015,0.000009,-0.000025,-0.000007,-0.000001,-0.000005,-0.000000,-0.000011,-0.000013,-0.000003,-0.000006,0.000023,-0.000026,-0.000001,0.000013,-0.000019,0.000010,0.000000,0.000000,0.000000,0.000000,0.000000,0.000000,0.000000
0.000000,0.000000,0.000000,0.000000,0.000000,0.000000,0.000000,-0.000005,-0.000005,-0.000006,0.000002,0.000003,0.000014,0.000002,0.000002,0.000002,-0.000002,-0.000009,0.000014,0.000016,-0.000008,-0.000018,0.000002,0.000002,-0.000001,-0.000008,-0.000001,0.000010,-0.000013,0.000041,0.000017,0.000011,-0.000014,-0.000048,-0.000065,-0.000010,0.000012,0.000041,0.000050,0.000003,-0.000013,-0.000041,-0.000036,-0.000024,-0.000006,0.000025,0.000062,0.000004,0.000022,0.000002,0.000016,0.000024,-0.000008,0.000010,-0.000024,-0.000005,-0.000007,-0.000018,-0.000012,-0.000021,-0.000017,-0.000013,-0.000005,-0.000030,-0.000014,-0.000007,-0.000002,0.000006,-0.000018,-0.000007,-0.000002,-0.000013,0.000013,-0.000008,0.000003,0.000027,-0.000014,0.000009,0.000001,-0.000010,0.000010,0.000007,-0.000006,-0.000011,0.000002,0.000005,-0.000017,0.000022,0.000009,-0.000010,-0.000002,-0.000012,0.000010,-0.000002,-0.000001,0.000008,0.000000,0.000000,0.000000,0.000000,0.000000,0.000000,0.000000
0.000000,0.000000,0.000000,0.000000,0.000000,0.000000,-0.000003,0.000011,-0.000013,0.000003,0.000008,-0.000012,0.000013,-0.000016,-0.000021,0.000009,0.000002,0.000003,-0.000005,-0.000020,0.000003,0.000003,0.000023,-0.000008,0.000009,-0.000002,0.000027,-0.000026,0.000005,0.000017,-0.000081,-0.000023,-0.000001,0.000037,0.000054,0.000069,-0.000031,-0.000024,-0.000017,-0.000031,0.000064,0.000056,0.000026,0.000023,-0.000001,-0.000079,0.000014,-0.000018,-0.000019,-0.000001,-0.000023,-0.000011,-0.000006,0.000027,0.000010,0.000011,0.000008,0.000016,0.000020,0.000024,0.000002,-0.000007,0.000010,-0.000012,0.000002,0.000008,-0.000008,0.000010,0.000016,0.000008,0.000012,-0.000034,-0.000014,-0.000013,-0.000013,0.000037,0.000023,-0.000005,-0.000017,-0.000006,-0.000009,-0.000010,0.000028,0.000010,-0.000001,0.000017,-0.000006,0.000010,-0.000019,0.000003,0.000012,-0.000016,0.000014,0.000021,-0.000017,0.000001,-0.000013,0.000000,0.000000,0.000000,0.000000,0.000000,0.000000
0.000000,0.000000,0.000000,0.000000,0.000000,0.000000,0.000004,-0.000015,0.000012,-0.000002,0.000000,-0.000012,0.000014,-0.000019,0.000026,0.000007,-0.000001,-0.000012,-0.000001,-0.000009,0.000024,-0.000004,-0.000030,0.000007,-0.000010,-0.000001,0.000025,-0.000028,0.000009,0.000011,-0.000023,0.000102,0.000035,-0.000013,-0.000029,-0.000051,-0.000026,0.000017,0.000014,-0.000019,-0.000060,-0.000028,-0.000011,0.000032,0.000091,-0.000039,0.000022,0.000019,-0.000008,0.000021,-0.000005,-0.000012,-0.000004,-0.000024,-0.000021,-0.000004,-0.000014,-0.000010,-0.000010,0.000013,-0.000016,0.000014,0.000024,0.000010,0.000022,0.000023,0.000003,-0.000006,-0.000004,-0.000033,0.000018,-0.000013,0.000005,0.000004,-0.000036,-0.000021,-0.000003,0.000002,-0.000002,0.000029,0.000004,-0.000019,0.000009,-0.000003,-0.000001,-0.000013,-0.000005,0.000014,-0.000018,-0.000007,0.000041,-0.000005,-0.000025,-0.000012,0.000002,0.000012,0.000002,0.000000,0.000000,0.000000,0.000000,0.000000,0.000000
0.000000,0.000000,0.000000,0.000000,0.000000,0.000002,-0.000010,0.000005,0.000007,-0.000013,0.000007,-0.000012,0.000023,-0.000012,0.000008,-0.000007,-0.000014,0.000009,0.000001,-0.000002,0.000012,0.000001,-0.000015,0.000039,-0.000016,-0.000005,0.000016,-0.000019,0.000033,-0.000014,-0.000001,0.000035,-0.000158,-0.000052,0.000015,0.000027,0.000027,0.000029,0.000048,0.000033,0.000011,0.000024,-0.000047,-0.000150,0.000004,-0.000004,-0.000012,0.000008,-0.000027,0.000021,-0.000017,0.000014,0.000020,0.000004,0.000020,-0.000011,-0.000007,-0.000003,-0.000007,0.000007,-0.000012,-0.000003,-0.000011,-0.000011,-0.000040,-0.000015,-0.000008,-0.000008,0.000035,-0.000005,0.000029,-0.000004,0.000012,0.000022,0.000005,0.000001,0.000014,-0.000010,-0.000036,0.000002,0.000003,-0.000019,-0.000003,-0.000011,0.000025,0.000004,-0.000010,0.000010,-0.000003,0.000004,0.000000,-0.000002,0.000025,0.000007,-0.000013,-0.000003,0.000006,-0.000002,0.000000,0.000000,0.000000,0.000000,0.000000
0.000000,0.000000,0.000000,0.000000,0.000000,0.000003,0.000018,-0.000009,0.000014,-0.000014,0.000027,0.000007,-0.000014,0.000007,-0.000029,0.000005,0.000001,0.000027,-0.000019,-0.000005,-0.000012,0.000015,-0.000002,0.000008,-0.000003,0.000001,0.000006,0.000008,0.000009,-0.000048,0.000037,-0.000013,-0.000052,0.000239,0.000050,-0.000033,0.000123,-0.000111,-0.000094,0.000109,-0.000026,0.000053,0.000227,-0.000042,-0.000003,0.000037,-0.000026,0.000019,0.000005,-0.000001,-0.000018,0.000008,-0.000002,-0.000025,0.000019,-0.000003,0.000025,0.000015,0.000026,0.000008,-0.000011,-0.000017,-0.000003,0.000021,-0.000008,0.000023,-0.000004,-0.000004,-0.000004,-0.000009,0.000005,-0.000001,-0.000003,-0.000017,-0.000016,-0.000013,0.000016,0.000025,-0.000001,-0.000007,0.000017,0.000021,0.000007,-0.000026,0.000018,0.000005,-0.000029,0.000018,0.000008,0.000003,-0.000008,-0.000013,0.000007,-0.000001,-0.000020,0.000028,-0.000008,0.000006,0.000000,0.000000,0.000000,0.000000,0.000000
0.000000,0.000000,0.000000,0.000000,-0.000001,-0.000003,-0.000005,-0.000012,0.000020,-0.000027,0.000017,-0.000011,-0.000014,0.000024,-0.000013,0.000023,0.000000,-0.000015,-0.000002,0.000028,-0.000013,0.000022,-0.000022,-0.000012,-0.000007,0.000007,-0.000011,0.000007,0.000019,-0.000065,0.000054,-0.000029,0.000015,0.000050,-0.000246,-0.000167,-0.000220,-0.000265,-0.000252,-0.000223,-0.000147,-0.000255,0.000055,-0.000003,-0.000027,0.000039,-0.000048,0.000006,0.000004,0.000001,-0.000001,0.000009,0.000003,-0.000031,0.000010,-0.000013,0.000001,-0.000047,0.000004,-0.000004,0.000012,0.000000,-0.000001,0.000014,-0.000016,0.000007,-0.000008,0.000008,-0.000026,0.000010,-0.000011,-0.000002,0.000026,0.000002,0.000009,0.000005,-0.000009,0.000004,-0.000006,-0.000003,-0.000026,0.000002,0.000013,-0.000018,0.000005,-0.000004,-0.000010,-0.000003,-0.000013,0.000007,0.000008,-0.000025,0.000009,0.000012,-0.000019,0.000006,0.000011,-0.000026,0.000013,0.000000,0.000000,0.000000,0.000000
0.000000,0.000000,0.000000,0.000000,-0.000002,0.000003,0.000009,-0.000014,0.000027,-0.000030,0.000028,-0.000018,-0.000008,0.000020,-0.000014,0.000010,-0.000010,-0.000025,0.000022,0.000007,-0.000034,0.000013,-0.000001,0.000000,0.000005,0.000008,-0.000033,0.000019,0.000013,-0.000010,0.000069,-0.000051,0.000027,-0.000033,-0.000167,0.000533,0.001313,0.001437,0.001456,0.001299,0.000551,-0.000174,-0.000033,0.000043,-0.000035,0.000064,-0.000001,-0.000002,-0.000004,-0.000024,-0.000006,0.000002,0.000010,0.000019,0.000005,-0.000021,0.000024,0.000006,0.000022,-0.000003,0.000014,-0.000005,0.000001,0.000009,-0.000010,0.000002,0.000007,0.000042,-0.000005,0.000027,0.000006,-0.000008,0.000029,-0.000017,0.000012,0.000009,0.000006,0.000001,-0.000012,0.000022,-0.000020,0.000007,-0.000006,-0.000015,0.000021,-0.000005,-0.000011,0.000018,-0.000020,-0.000029,0.000016,0.000009,0.000010,-0.000011,0.000007,0.000001,-0.000003,0.000004,0.000003,0.000000,0.000000,0.000000,0.000000
0.000000,0.000000,0.000000,0.000000,0.000003,0.000014,-0.000006,-0.000012,0.000013,-0.000025,0.000014,0.000010,-0.000014,-0.000005,-0.000018,0.000006,0.000016,-0.000004,0.000010,-0.000011,-0.000021,0.000020,0.000003,0.000018,-0.000004,-0.000017,-0.000007,0.000012,-0.000033,0.000012,-0.000031,-0.000026,0.000027,0.000123,-0.000220,0.001313,0.003329,0.003334,0.003344,0.003342,0.001333,-0.000207,0.000112,0.000015,-0.000036,-0.000037,0.000007,-0.000004,0.000006,-0.000005,0.000024,0.000004,0.000000,-0.000014,-0.000010,0.000021,-0.000000,-0.000014,-0.000009,-0.000028,-0.000015,-0.000023,-0.000011,-0.000016,0.000003,-0.000011,-0.000017,0.000006,-0.000052,-0.000005,0.000010,-0.000030,0.000021,-0.000029,-0.000001,-0.000015,0.000013,0.000012,-0.000004,0.000030,-0.000017,0.000017,-0.000005,-0.000012,0.000005,-0.000010,0.000002,0.000022,0.000007,0.000014,-0.000008,-0.000007,0.000013,-0.000007,-0.000006,0.000009,0.000001,-0.000027,0.000017,0.000000,0.000000,0.000000,0.000000
0.000000,0.000000,0.000000,-0.000005,-0.000002,-0.000002,-0.000008,-0.000001,0.000011,0.000006,-0.000007,0.000009,-0.000015,0.000005,0.000006,-0.000002,-0.000002,0.000004,-0.000006,0.000017,0.000008,0.000027,-0.000016,0.000000,-0.000016,0.000011,0.000025,-0.000001,-0.000034,0.000041,-0.000024,0.000017,0.000029,-0.000111,-0.000265,0.001437,0.003334,0.003333,0.003333,0.003331,0.001473,-0.000240,-0.000075,0.000040,0.000023,-0.000023,0.000027,-0.000014,-0.000004,-0.000011,0.000018,-0.000007,0.000002,0.000005,-0.000004,0.000009,0.000016,0.000010,0.000028,0.000016,0.000037,0.000021,-0.000001,0.000008,0.000009,0.000001,-0.000004,0.000025,-0.000013,-0.000005,0.000011,-0.000019,0.000013,-0.000001,0.000022,-0.000024,0.000012,0.000009,-0.000030,0.000006,-0.000038,0.000022,0.000026,-0.000004,0.000020,0.000004,-0.000009,0.000005,-0.000007,0.000009,-0.000015,-0.000006,0.000019,-0.000011,-0.000005,0.000012,0.000011,-0.000012,0.000014,-0.000011,0.000000,0.000000,0.000000
0.000000,0.000000,0.000000,0.000009,-0.000002,-0.000012,0.000025,-0.000026,0.000010,0.000008,-0.000015,0.000013,-0.000008,-0.000016,0.000016,-0.000001,-0.000002,0.000023,-0.000036,0.000004,-0.000012,-0.000008,-0.000006,0.000026,-0.000026,0.000003,0.000007,0.000014,-0.000015,0.000050,-0.000017,0.000014,0.000048,-0.000094,-0.000252,0.001456,0.003344,0.003333,0.003333,0.003331,0.001472,-0.000238,-0.000116,0.000041,0.000017,-0.000009,0.000035,-0.000013,0.000016,-0.000023,0.000007,-0.000010,0.000005,-0.000021,-0.000010,-0.000012,0.000005,-0.000022,0.000010,-0.000026,-0.000013,-0.000007,-0.000022,0.000015,0.000004,0.000009,-0.000004,0.000021,-0.000010,-0.000002,0.000021,-0.000011,-0.000004,-0.000001,0.000018,-0.000029,-0.000021,-0.000000,-0.000020,0.000031,-0.000012,-0.000003,0.000001,-0.000033,0.000010,0.000017,0.000003,-0.000004,-0.000025,0.000019,0.000001,-0.000021,0.000023,-0.000011,-0.000004,0.000014,-0.000020,-0.000008,0.000026,-0.000014,0.000000,0.000000,0.000000
0.000000,0.000000,0.000000,0.000008,0.000005,0.000008,-0.000000,-0.000026,0.000025,-0.000006,-0.000006,0.000017,-0.000005,-0.000021,0.000016,-0.000020,0.000007,0.000034,-0.000027,0.000022,-0.000021,-0.000004,0.000009,0.000019,-0.000021,0.000027,-0.000026,-0.000014,-0.000020,0.000003,-0.000031,-0.000019,0.000033,0.000109,-0.000223,0.001299,0.003342,0.003331,0.003331,0.003341,0.001346,-0.000213,0.000119,0.000011,-0.000046,-0.000023,-0.000011,-0.000000,0.000018,-0.000019,0.000036,-0.000004,0.000015,0.000003,0.000018,-0.000016,0.000020,-0.000016,0.000013,-0.000032,-0.000005,0.000000,-0.000028,0.000014,-0.000007,-0.000012,-0.000028,-0.000000,-0.000002,-0.000004,0.000011,0.000001,-0.000006,-0.000009,0.000007,-0.000007,0.000010,0.000026,-0.000011,0.000017,-0.000018,0.000004,0.000022,-0.000018,0.000026,-0.000005,-0.000005,0.000019,-0.000025,0.000003,0.000023,-0.000002,-0.000003,0.000000,-0.000015,0.000006,-0.000009,-0.000009,0.000009,-0.000009,0.000000,0.000000,0.000000
0.000000,0.000000,0.000000,-0.000008,0.000000,-0.000005,0.000011,0.000001,0.000001,-0.000010,-0.000012,-0.000023,0.000003,-0.000004,0.000022,0.000002,-0.000009,-0.000001,-0.000024,0.000035,0.000005,0.000017,-0.000007,-0.000024,-0.000026,0.000029,-0.000004,0.000012,-0.000010,-0.000013,0.000064,-0.000060,0.000011,-0.000026,-0.000147,0.000551,0.001333,0.001473,0.001472,0.001346,0.000584,-0.000152,-0.000024,0.000037,-0.000054,0.000061,-0.000025,-0.000013,-0.000010,-0.000034,0.000011,0.000003,-0.000008,-0.000017,-0.000002,-0.000020,0.000015,-0.000023,0.000032,-0.000002,0.000032,0.000020,-0.000010,0.000024,-0.000010,0.000005,-0.000010,0.000018,-0.000007,-0.000044,-0.000004,-0.000023,-0.000004,0.000011,0.000029,0.000007,-0.000011,0.000007,-0.000018,0.000016,-0.000005,-0.000009,0.000007,-0.000028,0.000010,-0.000003,0.000002,0.000038,-0.000006,-0.000000,-0.000004,-0.000019,0.000029,0.000014,-0.000001,0.000024,-0.000019,0.000000,0.000020,0.000004,0.000000,0.000000,0.000000
