0.000000,0.000000,0.000000,0.000000,0.000000,0.000000,0.000000,0.000000,0.000000,0.000000,0.000000,0.000000,0.000000,0.000000,0.000000,0.000000,0.000000,0.000000,0.000000,0.000000,0.000000,0.000000,0.000000,0.000000,0.000000,0.000000,0.000000,0.000000,0.000000,0.000000,0.000000,0.000000,0.000000,0.000000,0.000000,0.000000,0.000000,0.000000,0.000000,0.000000,0.000000,0.000000,0.000000,0.000000,0.000000,0.000000,0.000000,0.000000,0.000000,0.000000,0.000000,0.000000,0.000000,0.000000,0.000000,0.000000,0.000000,0.000000,0.000000,0.000000,0.000000,0.000000,0.000000,0.000000,0.000000,0.000000,0.000000,0.000000,0.000000,0.000000,0.000000,0.000000,0.000000,0.000000,0.000000,0.000000,0.000000,0.000000,0.000000,0.000000,0.000000,0.000000,0.000000,0.000000,0.000000,0.000000,0.000000,0.000000,0.000000,0.000000,0.000000,0.000000,0.000000,0.000000,0.000000,0.000000,0.000000,0.000000,0.000000,0.000000,0.000000,0.000000,0.000000
0.000000,0.000000,0.000000,0.000000,0.000000,0.000000,0.000000,0.000000,0.000000,0.000000,0.000000,0.000000,0.000000,0.000000,0.000000,0.000000,0.000000,0.000000,0.000000,0.000000,0.000000,0.000000,0.000000,0.000000,0.000000,0.000000,0.000000,0.000000,0.000000,0.000000,0.000000,0.000000,0.000000,0.000000,0.000000,0.000000,0.000000,0.000000,0.000000,0.000000,0.000000,0.000000,0.000000,0.000000,0.000000,0.000000,0.000000,0.000000,0.000000,0.000000,0.000000,-0.056421,0.000000,0.000000,0.000000,0.000000,0.000000,0.000000,0.000000,0.000000,0.000000,0.000000,0.000000,0.000000,0.000000,0.000000,0.000000,0.000000,0.000000,0.000000,0.000000,0.000000,0.000000,0.000000,0.000000,0.000000,0.000000,0.000000,0.000000,0.000000,0.000000,0.000000,0.000000,0.000000,0.000000,0.000000,0.000000,0.000000,0.000000,0.000000,0.000000,0.000000,0.000000,0.000000,0.000000,0.000000,0.000000,0.000000,0.000000,0.000000,0.000000,0.000000,0.000000
0.000000,0.000000,0.000000,0.000000,0.000000,0.000000,0.000000,0.000000,0.000000,0.000000,0.000000,0.000000,0.000000,0.000000,0.000000,0.000000,0.000000,0.000000,0.000000,0.000000,0.000000,0.000000,0.000000,0.000000,0.000000,0.000000,0.000000,0.000000,0.000000,0.000000,0.000000,0.000000,0.000000,0.000000,0.000000,0.000000,0.000000,0.000000,0.000000,0.000000,0.000000,0.000000,-0.062803,-0.055974,-0.055147,-0.057305,-0.055455,-0.055012,-0.055097,-0.052426,-0.048267,-0.047583,-0.054004,-0.058178,-0.056641,-0.053327,-0.052408,-0.056191,-0.058041,-0.053689,-0.055624,0.000000,0.000000,0.000000,0.000000,0.000000,0.000000,0.000000,0.000000,0.000000,0.000000,0.000000,0.000000,0.000000,0.000000,0.000000,0.000000,0.000000,0.000000,0.000000,0.000000,0.000000,0.000000,0.000000,0.000000,0.000000,0.000000,0.000000,0.000000,0.000000,0.000000,0.000000,0.000000,0.000000,0.000000,0.000000,0.000000,0.000000,0.000000,0.000000,0.000000,0.000000,0.000000
0.000000,0.000000,0.000000,0.000000,0.000000,0.000000,0.000000,0.000000,0.000000,0.000000,0.000000,0.000000,0.000000,0.000000,0.000000,0.000000,0.000000,0.000000,0.000000,0.000000,0.000000,0.000000,0.000000,0.000000,0.000000,0.000000,0.000000,0.000000,0.000000,0.000000,0.000000,0.000000,0.000000,0.000000,0.000000,0.000000,0.000000,-0.065123,-0.059888,-0.059500,-0.055659,-0.051302,-0.050631,-0.049381,-0.047162,-0.045410,-0.044329,-0.045082,-0.046457,-0.045653,-0.047603,-0.049148,-0.047069,-0.049348,-0.046503,-0.046309,-0.048506,-0.046071,-0.046775,-0.046370,-0.048938,-0.054393,-0.057574,-0.058791,-0.057544,-0.061556,0.000000,0.000000,0.000000,0.000000,0.000000,0.000000,0.000000,0.000000,0.000000,0.000000,0.000000,0.000000,0.000000,0.000000,0.000000,0.000000,0.000000,0.000000,0.000000,0.000000,0.000000,0.000000,0.000000,0.000000,0.000000,0.000000,0.000000,0.000000,0.000000,0.000000,0.000000,0.000000,0.000000,0.000000,0.000000,0.000000,0.000000
0.000000,0.000000,0.000000,0.000000,0.000000,0.000000,0.000000,0.000000,0.000000,0.000000,0.000000,0.000000,0.000000,0.000000,0.000000,0.000000,0.000000,0.000000,0.000000,0.000000,0.000000,0.000000,0.000000,0.000000,0.000000,0.000000,0.000000,0.000000,0.000000,0.000000,0.000000,0.000000,0.000000,0.000000,-0.057253,-0.057672,-0.054579,-0.048934,-0.047767,-0.047805,-0.047339,-0.047034,-0.050181,-0.051324,-0.051035,-0.050239,-0.050280,-0.049458,-0.048119,-0.049603,-0.046587,-0.044277,-0.048442,-0.050591,-0.050641,-0.052091,-0.051836,-0.051753,-0.052039,-0.050538,-0.049948,-0.049042,-0.046321,-0.044016,-0.043310,-0.047153,-0.054237,-0.054538,-0.060470,0.000000,0.000000,0.000000,0.000000,0.000000,0.000000,0.000000,0.000000,0.000000,0.000000,0.000000,0.000000,0.000000,0.000000,0.000000,0.000000,0.000000,0.000000,0.000000,0.000000,0.000000,0.000000,0.000000,0.000000,0.000000,0.000000,0.000000,0.000000,0.000000,0.000000,0.000000,0.000000,0.000000,0.000000
0.000000,0.000000,0.000000,0.000000,0.000000,0.000000,0.000000,0.000000,0.000000,0.000000,0.000000,0.000000,0.000000,0.000000,0.000000,0.000000,0.000000,0.000000,0.000000,0.000000,0.000000,0.000000,0.000000,0.000000,0.000000,0.000000,0.000000,0.000000,0.000000,0.000000,0.000000,0.000000,-0.064903,-0.052187,-0.049680,-0.046175,-0.046433,-0.050666,-0.049027,-0.051098,-0.053716,-0.051663,-0.046847,-0.040599,-0.040877,-0.043672,-0.048456,-0.052524,-0.053363,-0.053012,-0.049717,-0.048761,-0.050912,-0.051865,-0.052685,-0.051175,-0.048065,-0.047327,-0.044105,-0.043303,-0.048516,-0.052813,-0.055141,-0.050671,-0.048438,-0.051135,-0.046345,-0.043142,-0.046182,-0.051200,-0.062850,0.000000,0.000000,0.000000,0.000000,0.000000,0.000000,0.000000,0.000000,0.000000,0.000000,0.000000,0.000000,0.000000,0.000000,0.000000,0.000000,0.000000,0.000000,0.000000,0.000000,0.000000,0.000000,0.000000,0.000000,0.000000,0.000000,0.000000,0.000000,0.000000,0.000000,0.000000,0.000000
0.000000,0.000000,0.000000,0.000000,0.000000,0.000000,0.000000,0.000000,0.000000,0.000000,0.000000,0.000000,0.000000,0.000000,0.000000,0.000000,0.000000,0.000000,0.000000,0.000000,0.000000,0.000000,0.000000,0.000000,0.000000,0.000000,0.000000,0.000000,0.000000,0.000000,-0.063800,-0.052656,-0.047025,-0.047254,-0.050682,-0.049976,-0.050825,-0.049201,-0.047521,-0.046455,-0.047814,-0.042802,-0.024387,-0.007522,-0.004377,-0.012590,-0.022303,-0.034476,-0.044790,-0.049487,-0.052852,-0.052890,-0.052360,-0.049352,-0.041545,-0.032506,-0.023261,-0.015891,-0.010146,-0.010770,-0.024287,-0.044153,-0.051141,-0.047920,-0.048468,-0.049729,-0.049938,-0.048150,-0.049086,-0.048076,-0.047040,-0.051333,-0.062539,0.000000,0.000000,0.000000,0.000000,0.000000,0.000000,0.000000,0.000000,0.000000,0.000000,0.000000,0.000000,0.000000,0.000000,0.000000,0.000000,0.000000,0.000000,0.000000,0.000000,0.000000,0.000000,0.000000,0.000000,0.000000,0.000000,0.000000,0.000000,0.000000,0.000000
0.000000,0.000000,0.000000,0.000000,0.000000,0.000000,0.000000,0.000000,0.000000,0.000000,0.000000,0.000000,0.000000,0.000000,0.000000,0.000000,0.000000,0.000000,0.000000,0.000000,0.000000,0.000000,0.000000,0.000000,0.000000,0.000000,0.000000,0.000000,-0.059552,-0.053737,-0.046632,-0.044672,-0.051020,-0.050971,-0.050644,-0.052274,-0.050120,-0.039545,-0.026091,-0.017012,-0.019199,-0.013188,0.017666,0.033378,0.032429,0.028646,0.020799,0.011109,-0.003527,-0.014959,-0.022328,-0.025963,-0.024149,-0.016010,-0.002750,0.011222,0.019925,0.026553,0.029183,0.032131,0.018663,-0.014889,-0.022164,-0.015275,-0.023555,-0.037478,-0.045944,-0.048782,-0.047908,-0.049437,-0.048585,-0.043366,-0.048499,-0.052917,-0.058061,0.000000,0.000000,0.000000,0.000000,0.000000,0.000000,0.000000,0.000000,0.000000,0.000000,0.000000,0.000000,0.000000,0.000000,0.000000,0.000000,0.000000,0.000000,0.000000,0.000000,0.000000,0.000000,0.000000,0.000000,0.000000,0.000000,0.000000,0.000000
0.000000,0.000000,0.000000,0.000000,0.000000,0.000000,0.000000,0.000000,0.000000,0.000000,0.000000,0.000000,0.000000,0.000000,0.000000,0.000000,0.000000,0.000000,0.000000,0.000000,0.000000,0.000000,0.000000,0.000000,0.000000,0.000000,-0.059666,-0.052323,-0.045196,-0.044421,-0.049607,-0.049430,-0.049199,-0.049236,-0.041664,-0.028456,-0.024372,-0.010769,0.017448,0.025255,0.023129,0.025793,0.031875,0.037261,0.036407,0.036800,0.036672,0.034794,0.029634,0.022547,0.017395,0.014054,0.014860,0.020657,0.028496,0.034967,0.037208,0.037005,0.037001,0.038370,0.034053,0.025052,0.020645,0.026230,0.020027,-0.007156,-0.019319,-0.025814,-0.043296,-0.051881,-0.048086,-0.048970,-0.052783,-0.049640,-0.048989,-0.049565,-0.062869,0.000000,0.000000,0.000000,0.000000,0.000000,0.000000,0.000000,0.000000,0.000000,0.000000,0.000000,0.000000,0.000000,0.000000,0.000000,0.000000,0.000000,0.000000,0.000000,0.000000,0.000000,0.000000,0.000000,0.000000,0.000000,0.000000
0.000000,0.000000,0.000000,0.000000,0.000000,0.000000,0.000000,0.000000,0.000000,0.000000,0.000000,0.000000,0.000000,0.000000,0.000000,0.000000,0.000000,0.000000,0.000000,0.000000,0.000000,0.000000,0.000000,0.000000,-0.062886,-0.050226,-0.048907,-0.045188,-0.048867,-0.047865,-0.048437,-0.053211,-0.043203,-0.030459,-0.011191,0.015868,0.020691,0.023333,0.034731,0.039008,0.037819,0.034283,0.032429,0.031391,0.029096,0.030900,0.034815,0.034425,0.034819,0.034550,0.032447,0.032462,0.032342,0.032492,0.033938,0.034807,0.034554,0.031840,0.030131,0.031990,0.034074,0.033458,0.034668,0.038093,0.036314,0.025294,0.022669,0.013743,-0.019306,-0.038314,-0.046348,-0.053221,-0.052060,-0.052690,-0.051286,-0.043621,-0.044482,-0.051183,-0.059374,0.000000,0.000000,0.000000,0.000000,0.000000,0.000000,0.000000,0.000000,0.000000,0.000000,0.000000,0.000000,0.000000,0.000000,0.000000,0.000000,0.000000,0.000000,0.000000,0.000000,0.000000,0.000000,0.000000,0.000000
0.000000,0.000000,0.000000,0.000000,0.000000,0.000000,0.000000,0.000000,0.000000,0.000000,0.000000,0.000000,0.000000,0.000000,0.000000,0.000000,0.000000,0.000000,0.000000,0.000000,0.000000,0.000000,0.000000,-0.060511,-0.045727,-0.047312,-0.051645,-0.050578,-0.049502,-0.053404,-0.047571,-0.038934,-0.023195,0.008374,0.026333,0.033633,0.036138,0.033480,0.033121,0.034853,0.033522,0.031552,0.033057,0.031586,0.032099,0.034471,0.035243,0.034728,0.033576,0.033334,0.034047,0.034750,0.034271,0.033489,0.033121,0.033840,0.034744,0.033868,0.030708,0.031295,0.033591,0.030105,0.030841,0.034026,0.034422,0.034771,0.035967,0.030326,0.019930,0.001117,-0.027356,-0.040412,-0.048702,-0.054043,-0.048805,-0.048523,-0.049379,-0.046225,-0.048021,-0.063589,0.000000,0.000000,0.000000,0.000000,0.000000,0.000000,0.000000,0.000000,0.000000,0.000000,0.000000,0.000000,0.000000,0.000000,0.000000,0.000000,0.000000,0.000000,0.000000,0.000000,0.000000,0.000000,0.000000
0.000000,0.000000,0.000000,0.000000,0.000000,0.000000,0.000000,0.000000,0.000000,0.000000,0.000000,0.000000,0.000000,0.000000,0.000000,0.000000,0.000000,0.000000,0.000000,0.000000,0.000000,-0.062873,-0.049625,-0.045169,-0.049135,-0.053633,-0.049735,-0.050748,-0.043288,-0.037680,-0.028846,-0.000835,0.015325,0.025958,0.036223,0.036452,0.034489,0.032378,0.031965,0.032266,0.032501,0.033187,0.032174,0.031412,0.034597,0.035435,0.033277,0.033544,0.033612,0.033447,0.033958,0.033731,0.034100,0.032932,0.032147,0.032770,0.033722,0.034793,0.033672,0.032185,0.032105,0.032529,0.032442,0.031733,0.032038,0.033276,0.034948,0.035626,0.034731,0.023824,0.013318,-0.001632,-0.026946,-0.033664,-0.038825,-0.046664,-0.047644,-0.054129,-0.051596,-0.047282,-0.051329,-0.063155,0.000000,0.000000,0.000000,0.000000,0.000000,0.000000,0.000000,0.000000,0.000000,0.000000,0.000000,0.000000,0.000000,0.000000,0.000000,0.000000,0.000000,0.000000,0.000000,0.000000,0.000000
0.000000,0.000000,0.000000,0.000000,0.000000,0.000000,0.000000,0.000000,0.000000,0.000000,0.000000,0.000000,0.000000,0.000000,0.000000,0.000000,0.000000,0.000000,0.000000,0.000000,-0.060273,-0.046634,-0.044024,-0.047753,-0.051174,-0.050155,-0.038747,-0.024748,-0.012327,0.007285,0.014337,0.022134,0.035034,0.034966,0.033664,0.032958,0.031628,0.033542,0.033599,0.032846,0.032953,0.031902,0.031131,0.032096,0.032315,0.033043,0.033457,0.032756,0.033396,0.033666,0.033990,0.034803,0.034245,0.032986,0.033172,0.033575,0.032836,0.032817,0.034008,0.033426,0.032216,0.032308,0.034049,0.033930,0.032613,0.031462,0.030547,0.033284,0.034566,0.035799,0.035168,0.023487,0.017601,0.013835,-0.005504,-0.021675,-0.037729,-0.050472,-0.053798,-0.049972,-0.044149,-0.047559,-0.060554,0.000000,0.000000,0.000000,0.000000,0.000000,0.000000,0.000000,0.000000,0.000000,0.000000,0.000000,0.000000,0.000000,0.000000,0.000000,0.000000,0.000000,0.000000,0.000000,0.000000
0.000000,0.000000,0.000000,0.000000,0.000000,0.000000,0.000000,0.000000,0.000000,0.000000,0.000000,0.000000,0.000000,0.000000,0.000000,0.000000,0.000000,0.000000,0.000000,-0.057912,-0.046659,-0.047318,-0.049201,-0.048829,-0.048326,-0.041862,-0.012461,0.020841,0.028029,0.030405,0.035419,0.033589,0.034631,0.036170,0.033175,0.032282,0.034176,0.035047,0.034415,0.032002,0.031795,0.031561,0.031934,0.033769,0.034555,0.034134,0.033526,0.033377,0.032334,0.032925,0.033893,0.033845,0.034534,0.033988,0.033015,0.033364,0.033127,0.033070,0.033394,0.032966,0.032195,0.031709,0.032058,0.032745,0.033005,0.031598,0.030459,0.031093,0.034490,0.036075,0.033408,0.033478,0.037056,0.032759,0.030910,0.021789,-0.015615,-0.044355,-0.051811,-0.051311,-0.048675,-0.049034,-0.048277,-0.062450,0.000000,0.000000,0.000000,0.000000,0.000000,0.000000,0.000000,0.000000,0.000000,0.000000,0.000000,0.000000,0.000000,0.000000,0.000000,0.000000,0.000000,0.000000,0.000000
0.000000,0.000000,0.000000,0.000000,0.000000,0.000000,0.000000,0.000000,0.000000,0.000000,0.000000,0.000000,0.000000,0.000000,0.000000,0.000000,0.000000,0.000000,-0.056014,-0.045481,-0.047699,-0.051084,-0.052394,-0.049799,-0.046686,-0.024230,0.017309,0.035509,0.037463,0.035076,0.033224,0.035533,0.031331,0.029344,0.032033,0.036039,0.035978,0.034056,0.033635,0.032526,0.033070,0.034215,0.034742,0.034462,0.034544,0.034133,0.032671,0.033002,0.033263,0.033551,0.032527,0.032571,0.034701,0.034329,0.033082,0.032249,0.032270,0.032291,0.032162,0.032981,0.032431,0.031599,0.033334,0.032424,0.031056,0.032605,0.033578,0.035544,0.033433,0.029566,0.030620,0.034186,0.033248,0.034615,0.036717,0.033844,0.013032,-0.027608,-0.048651,-0.050133,-0.050117,-0.050251,-0.048044,-0.043966,-0.059184,0.000000,0.000000,0.000000,0.000000,0.000000,0.000000,0.000000,0.000000,0.000000,0.000000,0.000000,0.000000,0.000000,0.000000,0.000000,0.000000,0.000000,0.000000
0.000000,0.000000,0.000000,0.000000,0.000000,0.000000,0.000000,0.000000,0.000000,0.000000,0.000000,0.000000,0.000000,0.000000,0.000000,0.000000,0.000000,-0.055673,-0.046703,-0.047832,-0.048818,-0.053693,-0.047338,-0.036487,-0.027314,0.004203,0.030255,0.034154,0.035417,0.034106,0.031537,0.030801,0.031733,0.032478,0.033769,0.032841,0.031123,0.031758,0.033755,0.035149,0.033724,0.033706,0.034250,0.032319,0.032000,0.032982,0.032971,0.033455,0.034167,0.032727,0.031143,0.032524,0.033429,0.033297,0.033617,0.033187,0.033344,0.032622,0.032609,0.033169,0.031532,0.031786,0.034368,0.033891,0.032256,0.031488,0.031811,0.034429,0.036033,0.034872,0.032345,0.031475,0.032596,0.035226,0.035516,0.032754,0.028159,0.002820,-0.026164,-0.033841,-0.042735,-0.050265,-0.048196,-0.046180,-0.044747,-0.060092,0.000000,0.000000,0.000000,0.000000,0.000000,0.000000,0.000000,0.000000,0.000000,0.000000,0.000000,0.000000,0.000000,0.000000,0.000000,0.000000,0.000000
0.000000,0.000000,0.000000,0.000000,0.000000,0.000000,0.000000,0.000000,0.000000,0.000000,0.000000,0.000000,0.000000,0.000000,0.000000,0.000000,-0.059587,-0.046526,-0.049785,-0.050126,-0.049207,-0.045711,-0.025493,0.004098,0.014649,0.023359,0.034952,0.036916,0.034346,0.031631,0.031062,0.032422,0.033573,0.032367,0.031879,0.032465,0.032304,0.033569,0.034330,0.033430,0.031434,0.031516,0.033253,0.032416,0.032923,0.032604,0.032229,0.033895,0.032548,0.031497,0.032350,0.033052,0.033801,0.032695,0.031665,0.032485,0.033657,0.033541,0.033155,0.033286,0.032398,0.032310,0.031449,0.031695,0.033417,0.033384,0.033721,0.034290,0.034335,0.034139,0.034502,0.035195,0.033986,0.032510,0.034583,0.036715,0.034147,0.022863,0.016197,0.007861,-0.020158,-0.041312,-0.048013,-0.048408,-0.048232,-0.048420,-0.062184,0.000000,0.000000,0.000000,0.000000,0.000000,0.000000,0.000000,0.000000,0.000000,0.000000,0.000000,0.000000,0.000000,0.000000,0.000000,0.000000
0.000000,0.000000,0.000000,0.000000,0.000000,0.000000,0.000000,0.000000,0.000000,0.000000,0.000000,0.000000,0.000000,0.000000,0.000000,-0.058393,-0.047785,-0.048413,-0.050762,-0.049669,-0.043772,-0.021901,0.012703,0.028921,0.033072,0.034208,0.036515,0.033844,0.030863,0.033324,0.032983,0.032574,0.030932,0.031163,0.033238,0.033952,0.032855,0.032979,0.033895,0.031997,0.031194,0.032490,0.033401,0.033078,0.032019,0.032323,0.033021,0.033069,0.032185,0.032059,0.033471,0.034078,0.033699,0.032464,0.031753,0.031755,0.032432,0.033730,0.033099,0.032922,0.034106,0.033550,0.032892,0.031931,0.032023,0.033435,0.033566,0.035424,0.034820,0.032427,0.032864,0.033909,0.035335,0.034239,0.029935,0.032563,0.035163,0.033440,0.033252,0.030872,0.016172,-0.019325,-0.044057,-0.049212,-0.048710,-0.047483,-0.048258,-0.058339,0.000000,0.000000,0.000000,0.000000,0.000000,0.000000,0.000000,0.000000,0.000000,0.000000,0.000000,0.000000,0.000000,0.000000,0.000000
0.000000,0.000000,0.000000,0.000000,0.000000,0.000000,0.000000,0.000000,0.000000,0.000000,0.000000,0.000000,0.000000,0.000000,-0.054802,-0.046658,-0.048293,-0.050864,-0.049998,-0.043478,-0.023414,0.012397,0.030676,0.032668,0.034442,0.034869,0.032171,0.031578,0.034752,0.034259,0.032315,0.032226,0.032638,0.032876,0.034035,0.032730,0.032366,0.033409,0.033406,0.033171,0.031582,0.032063,0.033826,0.032919,0.032529,0.033618,0.033546,0.033018,0.032385,0.032464,0.033233,0.034086,0.032625,0.031400,0.032735,0.032875,0.033276,0.034327,0.033566,0.033168,0.032915,0.033784,0.034363,0.033246,0.032223,0.032060,0.032980,0.034034,0.034951,0.034418,0.033027,0.030639,0.031076,0.033976,0.033385,0.031039,0.031773,0.035579,0.037025,0.034854,0.032719,0.011914,-0.027993,-0.047646,-0.049083,-0.049669,-0.049821,-0.047057,-0.058209,0.000000,0.000000,0.000000,0.000000,0.000000,0.000000,0.000000,0.000000,0.000000,0.000000,0.000000,0.000000,0.000000,0.000000
0.000000,0.000000,0.000000,0.000000,0.000000,0.000000,0.000000,0.000000,0.000000,0.000000,0.000000,0.000000,0.000000,-0.053869,-0.044981,-0.047329,-0.049343,-0.048641,-0.045530,-0.024052,0.012990,0.027811,0.031940,0.035597,0.032783,0.031330,0.033262,0.035041,0.035020,0.033428,0.032357,0.034299,0.033511,0.032572,0.033449,0.032205,0.032431,0.033679,0.033486,0.032841,0.031331,0.031282,0.032721,0.033182,0.034042,0.033627,0.033002,0.032785,0.031796,0.032424,0.033686,0.033826,0.032353,0.031801,0.032394,0.032274,0.032952,0.033628,0.032680,0.033029,0.033380,0.033093,0.032834,0.033475,0.033144,0.031949,0.032425,0.032539,0.032737,0.032285,0.033118,0.032761,0.030476,0.031847,0.035038,0.035638,0.033315,0.032885,0.036000,0.038829,0.033580,0.025977,0.006777,-0.030089,-0.046471,-0.047068,-0.048720,-0.047938,-0.046857,-0.060218,0.000000,0.000000,0.000000,0.000000,0.000000,0.000000,0.000000,0.000000,0.000000,0.000000,0.000000,0.000000,0.000000
0.000000,0.000000,0.000000,0.000000,0.000000,0.000000,0.000000,0.000000,0.000000,0.000000,0.000000,0.000000,-0.055759,-0.046220,-0.047821,-0.048680,-0.048840,-0.044744,-0.025980,0.011091,0.029567,0.032615,0.036871,0.032897,0.031384,0.035189,0.035608,0.034323,0.032484,0.031587,0.034536,0.034754,0.032110,0.033506,0.034187,0.032965,0.032116,0.032034,0.032172,0.031307,0.032030,0.031945,0.030880,0.032106,0.033394,0.032707,0.032405,0.031959,0.031894,0.033633,0.033957,0.033002,0.032522,0.032911,0.032938,0.032579,0.032608,0.032828,0.031643,0.032067,0.033353,0.032810,0.033279,0.032775,0.032002,0.032146,0.031748,0.032271,0.032418,0.031284,0.033160,0.034816,0.034143,0.033117,0.033350,0.034478,0.034546,0.033764,0.030692,0.032645,0.036518,0.031477,0.025124,0.007829,-0.023448,-0.040735,-0.046227,-0.048956,-0.047886,-0.043682,-0.061213,0.000000,0.000000,0.000000,0.000000,0.000000,0.000000,0.000000,0.000000,0.000000,0.000000,0.000000,0.000000
0.000000,0.000000,0.000000,0.000000,0.000000,0.000000,0.000000,0.000000,0.000000,0.000000,0.000000,-0.062449,-0.047887,-0.047714,-0.048179,-0.051558,-0.044565,-0.021576,0.011853,0.028864,0.033124,0.036875,0.033571,0.031464,0.034820,0.035572,0.032984,0.032084,0.032412,0.032869,0.033966,0.032952,0.032468,0.034752,0.035105,0.033677,0.032755,0.031961,0.032033,0.032069,0.032632,0.032810,0.031208,0.030606,0.032544,0.033272,0.031462,0.031885,0.033398,0.033919,0.034220,0.034079,0.033328,0.033189,0.033538,0.033843,0.033826,0.033197,0.032302,0.032456,0.033215,0.033095,0.032516,0.031955,0.031820,0.031877,0.032986,0.033004,0.031532,0.032425,0.032581,0.032846,0.034623,0.034167,0.033399,0.032264,0.031437,0.032627,0.032091,0.029083,0.032481,0.037965,0.032485,0.029076,0.016874,-0.016355,-0.038724,-0.047890,-0.049127,-0.046878,-0.045021,-0.056753,0.000000,0.000000,0.000000,0.000000,0.000000,0.000000,0.000000,0.000000,0.000000,0.000000,0.000000
0.000000,0.000000,0.000000,0.000000,0.000000,0.000000,0.000000,0.000000,0.000000,0.000000,0.000000,-0.051640,-0.046679,-0.048414,-0.050701,-0.046829,-0.024846,0.013947,0.031076,0.032420,0.037599,0.033239,0.030653,0.033596,0.034753,0.033147,0.032181,0.032620,0.032072,0.031861,0.031760,0.032061,0.033384,0.034237,0.034874,0.033514,0.032460,0.032580,0.031714,0.032334,0.032368,0.032316,0.032248,0.031177,0.032169,0.033881,0.033006,0.032748,0.035021,0.034709,0.033380,0.033897,0.032661,0.031709,0.032486,0.032753,0.033671,0.034088,0.032954,0.033598,0.034374,0.033284,0.031406,0.031448,0.032335,0.032299,0.033974,0.033334,0.031944,0.033173,0.033180,0.032491,0.032832,0.032898,0.033139,0.033448,0.031603,0.030745,0.031935,0.031868,0.030390,0.033487,0.038966,0.035189,0.034588,0.021003,-0.015262,-0.041614,-0.051912,-0.049085,-0.045463,-0.055112,0.000000,0.000000,0.000000,0.000000,0.000000,0.000000,0.000000,0.000000,0.000000,0.000000,0.000000
0.000000,0.000000,0.000000,0.000000,0.000000,0.000000,0.000000,0.000000,0.000000,0.000000,-0.062214,-0.046734,-0.051312,-0.051738,-0.052467,-0.039928,0.001779,0.028346,0.033984,0.036525,0.032261,0.030763,0.033438,0.034846,0.033237,0.033197,0.033576,0.032692,0.031227,0.031344,0.032837,0.032147,0.032388,0.032947,0.032502,0.032763,0.032781,0.032926,0.032418,0.031656,0.032360,0.033287,0.032122,0.031858,0.033259,0.034088,0.033911,0.033247,0.034658,0.034640,0.032662,0.032854,0.032215,0.031240,0.031389,0.031149,0.032960,0.033808,0.033845,0.034516,0.033732,0.033001,0.032509,0.032683,0.032283,0.033282,0.034067,0.032902,0.033050,0.033494,0.033266,0.033442,0.034308,0.033692,0.032466,0.033342,0.033177,0.030325,0.030386,0.033186,0.032383,0.030272,0.033256,0.038134,0.034926,0.032886,0.011516,-0.033717,-0.052292,-0.050894,-0.049937,-0.046726,-0.059745,0.000000,0.000000,0.000000,0.000000,0.000000,0.000000,0.000000,0.000000,0.000000,0.000000
0.000000,0.000000,0.000000,0.000000,0.000000,0.000000,0.000000,0.000000,0.000000,-0.062651,-0.046937,-0.049524,-0.052506,-0.051564,-0.049874,-0.031387,0.010527,0.032834,0.037082,0.034286,0.030792,0.033388,0.033439,0.031478,0.031995,0.034796,0.034065,0.032235,0.032226,0.034352,0.034495,0.033335,0.033074,0.032045,0.031930,0.032323,0.032686,0.033105,0.034271,0.033478,0.032125,0.034299,0.034367,0.032882,0.033181,0.032609,0.032372,0.032971,0.032716,0.032711,0.032823,0.032781,0.033429,0.033310,0.032112,0.032179,0.033099,0.033739,0.034444,0.034320,0.033764,0.032900,0.033071,0.033948,0.033743,0.033559,0.032530,0.032157,0.032499,0.033140,0.033047,0.033008,0.034643,0.033897,0.031675,0.031598,0.032257,0.032102,0.030644,0.031587,0.034329,0.034203,0.030676,0.033395,0.036147,0.034569,0.017381,-0.025767,-0.050201,-0.050599,-0.049310,-0.049185,-0.046527,-0.063717,0.000000,0.000000,0.000000,0.000000,0.000000,0.000000,0.000000,0.000000,0.000000
0.000000,0.000000,0.000000,0.000000,0.000000,0.000000,0.000000,0.000000,0.000000,-0.051464,-0.046485,-0.051116,-0.049177,-0.043020,-0.027947,-0.000984,0.020964,0.034899,0.036026,0.030984,0.033569,0.034413,0.031684,0.030016,0.033256,0.035596,0.034082,0.033070,0.033924,0.035567,0.035587,0.034196,0.033348,0.032906,0.032275,0.032745,0.032661,0.032982,0.034697,0.033548,0.032887,0.034398,0.035382,0.034140,0.032588,0.032259,0.032426,0.032893,0.032369,0.032516,0.032347,0.033027,0.034604,0.034671,0.034674,0.034130,0.033393,0.034005,0.034227,0.033534,0.033397,0.033464,0.033642,0.034041,0.033767,0.032443,0.031573,0.031994,0.032567,0.033631,0.033951,0.032710,0.033374,0.034023,0.031757,0.030944,0.032287,0.033372,0.033244,0.032347,0.033553,0.034491,0.034207,0.031334,0.033933,0.035660,0.025003,0.002117,-0.027501,-0.041407,-0.046233,-0.052456,-0.047038,-0.054296,0.000000,0.000000,0.000000,0.000000,0.000000,0.000000,0.000000,0.000000,0.000000
0.000000,0.000000,0.000000,0.000000,0.000000,0.000000,0.000000,0.000000,-0.058810,-0.047941,-0.051727,-0.048203,-0.037250,-0.013214,0.015179,0.027246,0.034007,0.037165,0.031549,0.031590,0.034075,0.032728,0.031411,0.032340,0.034335,0.034661,0.033972,0.033904,0.033651,0.033981,0.034426,0.033631,0.032854,0.033167,0.033314,0.033966,0.034297,0.033902,0.034638,0.033907,0.033930,0.034767,0.034434,0.034084,0.033156,0.033396,0.032702,0.032339,0.033041,0.031981,0.032325,0.033714,0.033885,0.034859,0.034100,0.032742,0.033873,0.034239,0.033761,0.033361,0.033110,0.033341,0.033629,0.034080,0.033123,0.032327,0.032754,0.032866,0.033181,0.033658,0.032902,0.032244,0.033797,0.033846,0.032824,0.032532,0.032563,0.033473,0.033989,0.033624,0.032333,0.032765,0.034327,0.033714,0.031762,0.036738,0.036457,0.028208,0.015029,-0.012503,-0.036192,-0.047163,-0.049885,-0.047731,-0.061590,0.000000,0.000000,0.000000,0.000000,0.000000,0.000000,0.000000,0.000000
0.000000,0.000000,0.000000,0.000000,0.000000,0.000000,0.000000,0.000000,-0.051394,-0.047908,-0.051194,-0.049666,-0.021638,0.022856,0.035334,0.033524,0.036328,0.033448,0.029376,0.032007,0.032795,0.032927,0.034081,0.032821,0.033131,0.033547,0.033118,0.032547,0.033083,0.033664,0.032464,0.032781,0.032860,0.032739,0.034153,0.033886,0.033113,0.033288,0.034554,0.034638,0.034085,0.034670,0.034280,0.034523,0.034506,0.033300,0.032561,0.032465,0.032536,0.032012,0.032606,0.033784,0.034219,0.033720,0.031825,0.031666,0.033581,0.033944,0.033559,0.033544,0.033042,0.032901,0.032689,0.032759,0.034028,0.034139,0.033311,0.033509,0.033244,0.032120,0.031431,0.031905,0.033066,0.033185,0.032778,0.032921,0.033414,0.033483,0.033293,0.033281,0.033920,0.033302,0.032897,0.034465,0.032635,0.033770,0.037388,0.033448,0.033460,0.019721,-0.024686,-0.049034,-0.048639,-0.045443,-0.054465,0.000000,0.000000,0.000000,0.000000,0.000000,0.000000,0.000000,0.000000
0.000000,0.000000,0.000000,0.000000,0.000000,0.000000,0.000000,-0.060632,-0.046413,-0.049635,-0.048765,-0.039712,-0.007486,0.029911,0.037100,0.034954,0.033588,0.029174,0.032705,0.033147,0.032032,0.034219,0.034656,0.033204,0.033361,0.033824,0.032146,0.031793,0.033479,0.034365,0.032844,0.032237,0.032675,0.032190,0.032558,0.032437,0.030905,0.031267,0.033510,0.032766,0.032976,0.033445,0.032512,0.034270,0.034772,0.033422,0.032585,0.032154,0.032274,0.032556,0.032616,0.033659,0.034659,0.033415,0.032429,0.032882,0.033981,0.034587,0.034185,0.033350,0.032658,0.032435,0.031882,0.032887,0.034208,0.033614,0.032925,0.033254,0.033279,0.032534,0.031760,0.032719,0.034094,0.033352,0.032150,0.032686,0.033318,0.032938,0.033330,0.033598,0.033571,0.033294,0.032233,0.033399,0.034298,0.030489,0.033117,0.033484,0.034826,0.024924,-0.014296,-0.041615,-0.048636,-0.050500,-0.047616,-0.061187,0.000000,0.000000,0.000000,0.000000,0.000000,0.000000,0.000000
0.000000,0.000000,0.000000,0.000000,0.000000,0.000000,0.000000,-0.050023,-0.043517,-0.046593,-0.050394,-0.029817,0.014100,0.032843,0.036746,0.034024,0.030340,0.033328,0.033852,0.032993,0.032859,0.033783,0.033421,0.033694,0.034363,0.034047,0.031679,0.031363,0.033226,0.033281,0.032802,0.031364,0.032185,0.032203,0.031358,0.031860,0.031451,0.032466,0.032729,0.032109,0.031510,0.031249,0.031694,0.032872,0.033624,0.032073,0.031436,0.032184,0.032877,0.031575,0.032156,0.034254,0.033462,0.033291,0.032958,0.033259,0.034614,0.034042,0.032760,0.033027,0.033144,0.032174,0.031755,0.032902,0.033114,0.032678,0.032788,0.032454,0.033834,0.033172,0.031830,0.033328,0.034692,0.033252,0.031887,0.032767,0.033224,0.033319,0.033193,0.033795,0.034535,0.032682,0.030679,0.031879,0.033522,0.034073,0.031411,0.032547,0.033986,0.029379,0.008158,-0.034354,-0.052988,-0.049280,-0.045469,-0.052552,0.000000,0.000000,0.000000,0.000000,0.000000,0.000000,0.000000
0.000000,0.000000,0.000000,0.000000,0.000000,0.000000,-0.060343,-0.046168,-0.049963,-0.048860,-0.042769,-0.019561,0.021415,0.038509,0.034451,0.031004,0.030755,0.033728,0.030977,0.030904,0.033234,0.032928,0.032712,0.033086,0.034365,0.034112,0.032203,0.031580,0.032621,0.033466,0.033034,0.032614,0.032003,0.032128,0.032558,0.032097,0.032717,0.033916,0.033880,0.033153,0.031932,0.031457,0.032064,0.033466,0.033834,0.031923,0.031746,0.033676,0.033456,0.032288,0.033685,0.034566,0.033083,0.031651,0.032035,0.033200,0.033070,0.031995,0.031039,0.032681,0.033879,0.032672,0.031272,0.030974,0.032332,0.032852,0.031800,0.032371,0.033869,0.032200,0.031298,0.032902,0.033763,0.032923,0.031962,0.032690,0.033735,0.033815,0.033534,0.034173,0.034770,0.032766,0.031535,0.031004,0.031186,0.033824,0.032401,0.031770,0.032873,0.036982,0.017409,-0.025851,-0.046155,-0.049622,-0.051305,-0.048751,-0.062863,0.000000,0.000000,0.000000,0.000000,0.000000,0.000000
0.000000,0.000000,0.000000,0.000000,0.000000,0.000000,-0.049312,-0.045158,-0.051674,-0.054675,-0.039281,0.002949,0.026312,0.033558,0.034110,0.030348,0.032412,0.032145,0.031037,0.032945,0.033737,0.031912,0.031437,0.031877,0.032956,0.033455,0.032628,0.031200,0.032086,0.033777,0.033560,0.034074,0.033840,0.033130,0.033014,0.032804,0.032156,0.032043,0.034024,0.033118,0.032150,0.032692,0.032505,0.033304,0.032914,0.032991,0.033428,0.033818,0.033522,0.033120,0.034221,0.033841,0.032426,0.031600,0.032530,0.033386,0.032623,0.031937,0.031979,0.033629,0.034942,0.034047,0.031936,0.031170,0.032148,0.031969,0.032247,0.033852,0.034056,0.033029,0.031702,0.032522,0.034584,0.032782,0.031497,0.033772,0.034497,0.033361,0.033246,0.033521,0.032975,0.032918,0.032598,0.031803,0.031441,0.032089,0.032859,0.031106,0.034459,0.033601,0.023148,-0.001226,-0.040563,-0.054298,-0.049757,-0.046545,-0.053984,0.000000,0.000000,0.000000,0.000000,0.000000,0.000000
0.000000,0.000000,0.000000,0.000000,0.000000,-0.054019,-0.046161,-0.051554,-0.050171,-0.046609,-0.026898,0.015061,0.035627,0.033492,0.031275,0.032391,0.034290,0.032671,0.033637,0.034560,0.033223,0.031715,0.032357,0.031534,0.030879,0.031942,0.031797,0.031332,0.031528,0.032022,0.032460,0.032674,0.033636,0.034141,0.033183,0.032665,0.031233,0.031146,0.032401,0.032130,0.032966,0.032709,0.031906,0.032108,0.031843,0.032731,0.034285,0.034312,0.033164,0.032662,0.033500,0.034090,0.032337,0.032065,0.033477,0.033793,0.033015,0.031863,0.032378,0.034057,0.035360,0.034678,0.033718,0.032935,0.031701,0.032469,0.033287,0.033684,0.035013,0.034322,0.032890,0.033504,0.033496,0.031955,0.031537,0.032901,0.035151,0.034557,0.031896,0.032851,0.034229,0.032896,0.032126,0.033606,0.033189,0.031353,0.033699,0.032640,0.031873,0.033991,0.035091,0.013245,-0.028007,-0.047279,-0.050052,-0.051163,-0.049122,-0.062301,0.000000,0.000000,0.000000,0.000000,0.000000
0.000000,0.000000,0.000000,0.000000,0.000000,-0.048898,-0.047328,-0.050258,-0.049204,-0.033135,0.005091,0.024591,0.035837,0.036378,0.030112,0.034870,0.035157,0.033665,0.033923,0.034130,0.034346,0.033633,0.033053,0.033255,0.032433,0.031889,0.032548,0.033147,0.031900,0.031396,0.032059,0.031835,0.032329,0.033447,0.033916,0.032978,0.032335,0.032217,0.032385,0.033525,0.034383,0.033727,0.032657,0.032169,0.032308,0.032678,0.033189,0.033783,0.033326,0.033171,0.033912,0.033357,0.032748,0.033281,0.033768,0.033634,0.032685,0.032445,0.032087,0.032414,0.033917,0.034212,0.034562,0.034404,0.033061,0.032767,0.033063,0.033896,0.035078,0.033692,0.033518,0.034441,0.032531,0.031823,0.031986,0.032268,0.034194,0.034186,0.031456,0.031676,0.034480,0.033174,0.031760,0.033292,0.033224,0.032083,0.033293,0.033686,0.029835,0.036088,0.036043,0.023749,0.002985,-0.035217,-0.051820,-0.051365,-0.047576,-0.049806,0.000000,0.000000,0.000000,0.000000,0.000000
0.000000,0.000000,0.000000,0.000000,-0.062742,-0.047063,-0.049665,-0.048940,-0.038915,-0.011060,0.023613,0.033998,0.033074,0.032660,0.032564,0.034718,0.032467,0.033173,0.034114,0.033872,0.033702,0.033797,0.033947,0.034250,0.034135,0.032352,0.031946,0.032609,0.032170,0.032083,0.032049,0.032439,0.032902,0.033084,0.033038,0.032871,0.033723,0.032666,0.033211,0.033866,0.033060,0.034490,0.033959,0.032103,0.031847,0.032699,0.032371,0.032383,0.033048,0.032452,0.033157,0.032879,0.032167,0.032996,0.033937,0.034307,0.033128,0.032634,0.032952,0.033593,0.032630,0.033030,0.034918,0.034647,0.033521,0.032582,0.033902,0.035325,0.034545,0.033292,0.033278,0.033764,0.034000,0.033305,0.033221,0.033491,0.033589,0.033960,0.031929,0.031879,0.033938,0.033911,0.032224,0.032283,0.034461,0.033351,0.032998,0.033940,0.030946,0.032852,0.034509,0.035397,0.022783,-0.013702,-0.040774,-0.047239,-0.047260,-0.047873,-0.059006,0.000000,0.000000,0.000000,0.000000
0.000000,0.000000,0.000000,0.000000,-0.060842,-0.045706,-0.049584,-0.051922,-0.024005,0.019115,0.033388,0.035536,0.030669,0.030294,0.035261,0.033125,0.031797,0.032495,0.032786,0.032935,0.032336,0.032323,0.034838,0.035056,0.033130,0.031423,0.030885,0.032138,0.031917,0.032640,0.033493,0.032346,0.032313,0.032143,0.032085,0.032684,0.033223,0.033136,0.032226,0.031422,0.031950,0.032763,0.032295,0.032402,0.032825,0.033242,0.033496,0.033615,0.033482,0.032499,0.031980,0.032813,0.032240,0.031432,0.033295,0.034545,0.033217,0.032033,0.033285,0.034290,0.033760,0.033292,0.033834,0.033283,0.032194,0.033170,0.034484,0.034848,0.034157,0.032943,0.032492,0.033098,0.033278,0.034116,0.034641,0.033079,0.033279,0.034550,0.034128,0.033464,0.034017,0.034026,0.032501,0.032939,0.034271,0.033737,0.033760,0.034335,0.034151,0.030408,0.032842,0.036273,0.032387,0.016665,-0.025334,-0.048801,-0.047652,-0.045839,-0.056606,0.000000,0.000000,0.000000,0.000000
0.000000,0.000000,0.000000,0.000000,-0.056067,-0.047441,-0.051406,-0.048478,-0.021815,0.024115,0.037870,0.033889,0.030575,0.032312,0.034575,0.032497,0.033591,0.032515,0.031699,0.032829,0.032626,0.033244,0.034602,0.034403,0.032792,0.031241,0.031444,0.032006,0.032893,0.033628,0.033944,0.032646,0.032240,0.032805,0.033018,0.033145,0.032905,0.033399,0.032264,0.032084,0.032335,0.031891,0.032469,0.032820,0.033533,0.033808,0.033861,0.034378,0.033879,0.032953,0.032068,0.032407,0.032516,0.031648,0.032201,0.033482,0.032874,0.031597,0.033258,0.034180,0.034151,0.034087,0.033038,0.032924,0.033017,0.032809,0.032954,0.034388,0.034240,0.032142,0.032246,0.033782,0.033315,0.033992,0.033934,0.031944,0.032161,0.033285,0.033993,0.032955,0.032614,0.033279,0.032913,0.031837,0.031176,0.032710,0.033775,0.033565,0.035720,0.032207,0.030547,0.033004,0.035367,0.024026,-0.020393,-0.048187,-0.049584,-0.045565,-0.055744,0.000000,0.000000,0.000000,0.000000
0.000000,0.000000,0.000000,-0.056058,-0.049165,-0.049624,-0.048903,-0.040401,-0.013084,0.023777,0.035066,0.031680,0.031441,0.032745,0.033185,0.031908,0.033662,0.032104,0.032768,0.033305,0.032169,0.033875,0.033760,0.032250,0.031767,0.031252,0.031415,0.031348,0.032435,0.033803,0.033340,0.033492,0.033671,0.034477,0.033776,0.032836,0.033611,0.033118,0.033535,0.033665,0.033547,0.033989,0.034547,0.034508,0.033575,0.033195,0.032717,0.033048,0.032544,0.031402,0.032571,0.033117,0.032362,0.031534,0.031795,0.033376,0.032476,0.031289,0.032123,0.033832,0.033613,0.033033,0.034301,0.033530,0.033680,0.033648,0.031859,0.033137,0.033426,0.032237,0.033318,0.034193,0.034027,0.033564,0.032892,0.031814,0.031896,0.032425,0.032529,0.033117,0.032253,0.032518,0.034318,0.033419,0.031449,0.031950,0.033957,0.033315,0.034599,0.033982,0.031903,0.031181,0.033173,0.024908,-0.007809,-0.038196,-0.050134,-0.050702,-0.048246,-0.059208,0.000000,0.000000,0.000000
0.000000,0.000000,0.000000,-0.055976,-0.048150,-0.048087,-0.047576,-0.030258,0.013189,0.033660,0.032940,0.032235,0.032582,0.032011,0.030769,0.032114,0.033611,0.033442,0.033593,0.033846,0.033616,0.033088,0.032849,0.032261,0.032132,0.032700,0.032777,0.032569,0.032459,0.033691,0.034220,0.033443,0.034104,0.034019,0.032493,0.032524,0.032729,0.033616,0.034071,0.032884,0.033732,0.034564,0.034639,0.035215,0.034041,0.031742,0.030784,0.031693,0.032643,0.032123,0.032137,0.033187,0.032906,0.031268,0.031669,0.033047,0.032274,0.032411,0.032561,0.032450,0.032942,0.032671,0.033940,0.034393,0.033120,0.033178,0.032241,0.031626,0.031952,0.031909,0.033565,0.033859,0.031610,0.031812,0.032750,0.032519,0.032468,0.032750,0.033110,0.032194,0.032998,0.034341,0.034413,0.034841,0.033150,0.031748,0.033630,0.033471,0.031426,0.033751,0.033398,0.030939,0.033189,0.035529,0.018060,-0.025981,-0.048399,-0.048553,-0.045994,-0.051910,0.000000,0.000000,0.000000
0.000000,0.000000,0.000000,-0.058959,-0.046375,-0.051240,-0.048887,-0.020477,0.023238,0.037507,0.032519,0.030865,0.033267,0.031851,0.030342,0.033042,0.033978,0.034644,0.035189,0.035058,0.033871,0.032813,0.032682,0.032509,0.033385,0.033969,0.033372,0.032300,0.032753,0.034002,0.034220,0.034055,0.033340,0.032378,0.031586,0.031894,0.033299,0.033763,0.033066,0.032728,0.031730,0.031508,0.033052,0.034484,0.032828,0.031484,0.031579,0.032007,0.032948,0.033359,0.033356,0.032478,0.032970,0.032620,0.032631,0.033011,0.033343,0.034280,0.034736,0.033676,0.032719,0.033226,0.032906,0.033928,0.033947,0.032513,0.032888,0.032980,0.032189,0.032100,0.033559,0.033530,0.031571,0.030502,0.031881,0.033684,0.032658,0.032620,0.032849,0.031950,0.033182,0.034749,0.033642,0.032145,0.032507,0.032875,0.032861,0.033528,0.031253,0.031997,0.033982,0.030827,0.033185,0.039143,0.024943,-0.017623,-0.046262,-0.048700,-0.045624,-0.053432,0.000000,0.000000,0.000000
0.000000,0.000000,0.000000,-0.057904,-0.046361,-0.054707,-0.049874,-0.021423,0.022015,0.036153,0.031149,0.030421,0.032453,0.032554,0.032124,0.032688,0.033001,0.034118,0.034278,0.034113,0.033346,0.032948,0.032967,0.031927,0.032432,0.033531,0.032325,0.031082,0.031140,0.032732,0.033644,0.033917,0.033623,0.032329,0.032115,0.032736,0.033867,0.033880,0.032490,0.032002,0.031966,0.031094,0.031599,0.033646,0.033304,0.032811,0.033162,0.032969,0.033440,0.033702,0.033304,0.032461,0.032552,0.033518,0.033349,0.032644,0.033427,0.034954,0.035983,0.035328,0.032877,0.033163,0.033667,0.032513,0.033723,0.033857,0.033415,0.034044,0.032889,0.032851,0.034372,0.034225,0.033126,0.031987,0.032600,0.033877,0.032831,0.031639,0.032414,0.033378,0.032989,0.033724,0.033452,0.032027,0.033409,0.033856,0.032733,0.034872,0.033850,0.031938,0.033723,0.031871,0.030885,0.035361,0.020765,-0.021932,-0.050297,-0.053789,-0.045334,-0.055448,0.000000,0.000000,0.000000
0.000000,0.000000,0.000000,-0.055355,-0.048002,-0.051767,-0.044150,-0.012726,0.027270,0.035291,0.031049,0.031727,0.032193,0.032259,0.032551,0.031644,0.031476,0.033859,0.032017,0.031874,0.034235,0.033320,0.032648,0.032376,0.032290,0.033820,0.033125,0.030985,0.030689,0.032146,0.033346,0.033148,0.033726,0.033086,0.032677,0.032910,0.032258,0.033679,0.033082,0.032000,0.033079,0.032099,0.031461,0.032918,0.034106,0.033402,0.032774,0.032909,0.034620,0.034364,0.032385,0.033297,0.033316,0.033287,0.032893,0.031441,0.032097,0.034158,0.035491,0.035116,0.033815,0.033613,0.034270,0.033554,0.032487,0.032985,0.033730,0.033606,0.032481,0.032502,0.034374,0.033687,0.032535,0.033939,0.034258,0.032818,0.032046,0.031696,0.031748,0.032466,0.032726,0.033363,0.032751,0.032228,0.034145,0.033812,0.032804,0.034218,0.034323,0.034124,0.033150,0.032590,0.030957,0.033168,0.023022,-0.017185,-0.044978,-0.051441,-0.046918,-0.051511,0.000000,0.000000,0.000000
0.000000,0.000000,-0.055720,-0.050454,-0.049112,-0.046547,-0.023288,0.019578,0.033727,0.033704,0.033547,0.032244,0.031519,0.032077,0.032960,0.032091,0.033026,0.033390,0.032420,0.033256,0.034410,0.033776,0.032320,0.031753,0.032244,0.033262,0.033137,0.031157,0.031371,0.033195,0.033606,0.032920,0.032165,0.032432,0.032391,0.032471,0.032811,0.031693,0.031980,0.032839,0.032517,0.032003,0.031813,0.033320,0.033526,0.032309,0.032162,0.032530,0.034260,0.034770,0.033479,0.033097,0.033601,0.033832,0.033129,0.032297,0.032090,0.033481,0.033779,0.033493,0.034811,0.034446,0.033620,0.034482,0.033552,0.032268,0.032808,0.033050,0.032544,0.032554,0.033063,0.032994,0.032991,0.033956,0.034949,0.034036,0.031571,0.031354,0.032335,0.032757,0.033042,0.032318,0.032528,0.032919,0.033834,0.034939,0.033749,0.033690,0.034971,0.034615,0.033976,0.033153,0.034510,0.033098,0.029343,0.015296,-0.023028,-0.045680,-0.048961,-0.049294,-0.063804,0.000000,0.000000
0.000000,0.000000,-0.056323,-0.046247,-0.050127,-0.038342,-0.003847,0.035170,0.037224,0.030315,0.032050,0.032970,0.031186,0.033404,0.034199,0.032126,0.034129,0.034608,0.034033,0.034530,0.034740,0.034153,0.032703,0.032119,0.033286,0.033406,0.031813,0.031292,0.032528,0.033547,0.032636,0.031717,0.031704,0.032590,0.032795,0.032629,0.033244,0.032279,0.032153,0.031938,0.032027,0.032658,0.032550,0.033950,0.034010,0.032538,0.032015,0.032586,0.034446,0.034177,0.032751,0.032747,0.032972,0.032617,0.032799,0.033677,0.033323,0.033346,0.033017,0.032820,0.033492,0.034242,0.034719,0.034545,0.033618,0.031815,0.031488,0.032307,0.032100,0.032043,0.032440,0.033405,0.034104,0.033376,0.033952,0.034205,0.032314,0.032017,0.033763,0.033540,0.033821,0.033546,0.032538,0.033550,0.034577,0.035288,0.033990,0.033755,0.034471,0.033073,0.033557,0.033676,0.032552,0.031152,0.035773,0.033690,-0.003793,-0.038470,-0.050458,-0.047919,-0.060303,0.000000,0.000000
0.000000,0.000000,-0.058738,-0.047300,-0.051997,-0.038240,-0.001796,0.034851,0.038112,0.029302,0.031717,0.034543,0.032938,0.034035,0.033920,0.032199,0.032775,0.034538,0.034143,0.033370,0.034449,0.033196,0.033477,0.034328,0.034830,0.035025,0.032999,0.032215,0.032756,0.033108,0.032190,0.031007,0.031772,0.033487,0.033638,0.033467,0.033162,0.033175,0.032633,0.031515,0.031138,0.030962,0.032650,0.033984,0.033802,0.033565,0.032517,0.032867,0.033959,0.032590,0.031898,0.033155,0.032796,0.031251,0.031889,0.033061,0.033442,0.033528,0.032893,0.033901,0.034736,0.034277,0.035015,0.034786,0.033059,0.031906,0.032027,0.033094,0.031831,0.031262,0.033291,0.033209,0.033383,0.033363,0.032677,0.033221,0.032567,0.032819,0.033588,0.033225,0.033241,0.033343,0.032540,0.032596,0.033775,0.034222,0.034400,0.031768,0.031895,0.033079,0.031556,0.034009,0.032624,0.028826,0.035831,0.033971,-0.000077,-0.037296,-0.051655,-0.044817,-0.058401,0.000000,0.000000
0.000000,0.000000,-0.057135,-0.046701,-0.051341,-0.045481,-0.013844,0.028400,0.036813,0.030755,0.033427,0.034755,0.033145,0.033820,0.032884,0.032291,0.033411,0.032805,0.032397,0.033081,0.033681,0.032938,0.032953,0.033333,0.035159,0.035813,0.034042,0.034093,0.033409,0.032729,0.032878,0.032498,0.033105,0.033377,0.033569,0.034322,0.034080,0.032830,0.031987,0.031915,0.031455,0.031243,0.032165,0.032483,0.032889,0.033335,0.032430,0.032093,0.032543,0.031811,0.032037,0.033167,0.033108,0.032718,0.031581,0.031582,0.032083,0.032365,0.033745,0.034295,0.035166,0.034414,0.033009,0.033992,0.032749,0.031742,0.033680,0.034258,0.033170,0.031979,0.032519,0.033651,0.033595,0.032476,0.032064,0.032795,0.033151,0.033312,0.032758,0.032932,0.032197,0.031627,0.033246,0.033774,0.033103,0.032987,0.033778,0.032471,0.032659,0.033812,0.031578,0.032749,0.033927,0.030822,0.035525,0.030730,-0.007832,-0.041221,-0.049795,-0.045350,-0.057803,0.000000,0.000000
0.000000,0.000000,-0.054155,-0.044959,-0.049461,-0.050401,-0.029728,0.013481,0.034454,0.033932,0.034065,0.032534,0.032455,0.034016,0.032178,0.032265,0.033375,0.032449,0.032232,0.032243,0.033612,0.033270,0.031639,0.032555,0.034174,0.034808,0.034776,0.033954,0.033457,0.033924,0.033839,0.033737,0.033875,0.033693,0.033352,0.033269,0.034398,0.033354,0.031658,0.032164,0.032402,0.033222,0.032905,0.032224,0.032056,0.032389,0.033162,0.032750,0.032201,0.031589,0.031688,0.032896,0.033585,0.033074,0.031856,0.031616,0.031785,0.031185,0.032873,0.034118,0.033211,0.033611,0.032313,0.031033,0.031635,0.032747,0.034768,0.034694,0.033760,0.033397,0.032361,0.032807,0.034092,0.032704,0.032057,0.033230,0.034037,0.034320,0.032889,0.032337,0.032317,0.032526,0.033365,0.034123,0.034612,0.032782,0.031341,0.032612,0.033706,0.033997,0.032927,0.031211,0.031971,0.033919,0.035779,0.020101,-0.019697,-0.045186,-0.048665,-0.046843,-0.058351,0.000000,0.000000
0.000000,0.000000,-0.057468,-0.045080,-0.049763,-0.053285,-0.041701,0.000225,0.030348,0.034675,0.033910,0.032633,0.034302,0.033181,0.030722,0.032559,0.032337,0.032377,0.032751,0.032295,0.034258,0.033708,0.031399,0.031621,0.031903,0.033540,0.034127,0.032301,0.032749,0.034001,0.034554,0.033730,0.033182,0.033516,0.032756,0.033692,0.034493,0.032826,0.032370,0.032806,0.033174,0.033542,0.032764,0.032064,0.031236,0.032154,0.034046,0.033490,0.033489,0.033168,0.031723,0.032732,0.033522,0.031795,0.031797,0.032231,0.031448,0.031494,0.031451,0.032711,0.033928,0.033072,0.032128,0.031697,0.032798,0.034984,0.035314,0.034336,0.034029,0.034298,0.033995,0.032963,0.033648,0.034217,0.033122,0.033528,0.034217,0.034224,0.034177,0.033396,0.032742,0.033180,0.033714,0.034086,0.034011,0.032122,0.031476,0.031962,0.032396,0.034327,0.034447,0.032452,0.032989,0.033811,0.031595,0.005769,-0.035889,-0.050400,-0.050669,-0.047575,-0.059688,0.000000,0.000000
0.000000,0.000000,-0.058306,-0.047649,-0.047226,-0.051464,-0.048374,-0.011993,0.024097,0.032708,0.032237,0.033148,0.033967,0.032412,0.031079,0.031877,0.032613,0.032611,0.032579,0.034122,0.035628,0.034471,0.032063,0.031543,0.031684,0.031571,0.030947,0.031457,0.032550,0.033046,0.033034,0.032324,0.033357,0.033780,0.032843,0.033483,0.034507,0.034481,0.034214,0.033927,0.034233,0.034120,0.032766,0.032092,0.032775,0.034193,0.033704,0.033030,0.033975,0.033627,0.032227,0.032254,0.032556,0.031389,0.031258,0.032924,0.033163,0.032408,0.031886,0.032214,0.033737,0.033438,0.033187,0.033543,0.034138,0.034756,0.033773,0.032813,0.033156,0.034134,0.033624,0.033539,0.034176,0.033894,0.031746,0.031712,0.034136,0.034045,0.034092,0.034585,0.033891,0.032979,0.033315,0.033518,0.033289,0.033063,0.033138,0.033369,0.032326,0.034620,0.035580,0.034447,0.035357,0.034295,0.025524,-0.008798,-0.048140,-0.054812,-0.050257,-0.047940,-0.060358,0.000000,0.000000
0.000000,0.000000,-0.057001,-0.047601,-0.046164,-0.048737,-0.050158,-0.019379,0.018364,0.032464,0.031611,0.030713,0.032640,0.033153,0.032527,0.031805,0.031600,0.032327,0.032828,0.034371,0.035026,0.034104,0.033599,0.032844,0.032104,0.030899,0.030800,0.031384,0.032137,0.033421,0.031510,0.031006,0.032925,0.033850,0.033905,0.032787,0.034422,0.035744,0.035144,0.034910,0.033108,0.032823,0.034583,0.034113,0.033659,0.033913,0.033014,0.032895,0.032294,0.032499,0.033022,0.032382,0.033231,0.031754,0.031051,0.034479,0.035062,0.032999,0.033496,0.033513,0.032850,0.034172,0.033708,0.032499,0.033501,0.033463,0.031724,0.031256,0.031993,0.033579,0.033249,0.032911,0.034312,0.033819,0.031804,0.031418,0.032898,0.033342,0.034169,0.034541,0.033388,0.032874,0.032220,0.031941,0.033650,0.034285,0.032968,0.033089,0.033013,0.033592,0.034787,0.033846,0.034960,0.035464,0.020981,-0.018688,-0.052093,-0.053007,-0.049631,-0.046816,-0.058631,0.000000,0.000000
0.000000,0.000000,-0.054938,-0.047026,-0.047635,-0.049581,-0.051144,-0.023376,0.014997,0.032184,0.033456,0.031329,0.033227,0.034063,0.032414,0.032497,0.032204,0.032118,0.032419,0.033113,0.033596,0.033443,0.033036,0.033357,0.032899,0.031997,0.031998,0.032079,0.033856,0.034095,0.031818,0.032311,0.032969,0.032678,0.033569,0.033923,0.034163,0.034839,0.035295,0.034411,0.032501,0.032530,0.034253,0.034430,0.032499,0.031400,0.031969,0.031526,0.032192,0.033488,0.033270,0.033589,0.033828,0.032330,0.031514,0.033784,0.033674,0.032800,0.034123,0.033265,0.032989,0.033622,0.032799,0.032803,0.032524,0.033055,0.033034,0.031693,0.032201,0.032204,0.033131,0.034212,0.034487,0.034603,0.032891,0.032010,0.032393,0.033284,0.033857,0.032422,0.031365,0.031440,0.031354,0.032101,0.032247,0.032455,0.032222,0.031785,0.032060,0.032345,0.033576,0.032980,0.033092,0.033670,0.016864,-0.024009,-0.052867,-0.051320,-0.048844,-0.047023,-0.051930,0.000000,0.000000
0.000000,-0.059639,-0.049887,-0.049365,-0.045786,-0.050530,-0.053530,-0.025271,0.015666,0.032077,0.034072,0.032747,0.033060,0.033971,0.032823,0.033353,0.033230,0.032999,0.032716,0.032475,0.033708,0.033378,0.033082,0.034209,0.033490,0.032416,0.032128,0.032912,0.034410,0.034160,0.032780,0.032162,0.033217,0.032597,0.031665,0.032821,0.032792,0.033590,0.034182,0.032727,0.033099,0.033716,0.033266,0.033062,0.031317,0.030391,0.031425,0.031205,0.032200,0.033906,0.033313,0.033298,0.032817,0.031197,0.031388,0.032204,0.032491,0.032808,0.033041,0.033502,0.033188,0.032827,0.032087,0.031812,0.033066,0.033720,0.034528,0.033690,0.032207,0.031518,0.032264,0.034227,0.035020,0.034810,0.033178,0.032676,0.033090,0.032784,0.032046,0.031134,0.030855,0.031663,0.032143,0.031702,0.032174,0.032606,0.031711,0.031103,0.032151,0.033311,0.032874,0.032831,0.033281,0.031447,0.013602,-0.025684,-0.051860,-0.051023,-0.046125,-0.048055,-0.048716,-0.055998,0.000000
0.000000,0.000000,-0.053440,-0.045774,-0.046576,-0.049308,-0.050766,-0.022388,0.017282,0.033281,0.032936,0.032232,0.033373,0.033834,0.033479,0.033836,0.033241,0.033038,0.033516,0.033610,0.033891,0.034266,0.034186,0.032932,0.032872,0.033109,0.032606,0.033318,0.032946,0.032698,0.032716,0.032116,0.032412,0.032227,0.031962,0.031964,0.031158,0.031280,0.032334,0.032733,0.032925,0.033176,0.033522,0.033266,0.032089,0.031840,0.033022,0.032954,0.032813,0.034035,0.033459,0.032672,0.032910,0.031267,0.031077,0.033198,0.033401,0.032802,0.032982,0.033157,0.033362,0.033208,0.032145,0.031102,0.032252,0.033480,0.033503,0.033654,0.031587,0.031581,0.032976,0.032523,0.033915,0.034083,0.033630,0.033669,0.033622,0.033296,0.032503,0.032112,0.031593,0.032806,0.033023,0.031690,0.031995,0.033297,0.032408,0.032924,0.033802,0.034274,0.033916,0.032618,0.033992,0.032340,0.014655,-0.025210,-0.053021,-0.050150,-0.047440,-0.047220,-0.051167,0.000000,0.000000
0.000000,0.000000,-0.058166,-0.046699,-0.048072,-0.051651,-0.049775,-0.015562,0.021523,0.033650,0.033272,0.032809,0.033821,0.033137,0.033021,0.034414,0.034263,0.032832,0.033620,0.034775,0.034200,0.034085,0.033230,0.032796,0.033283,0.032908,0.033493,0.033134,0.032630,0.032956,0.032528,0.032711,0.032538,0.032544,0.033358,0.032536,0.031221,0.030715,0.031424,0.033277,0.034080,0.033772,0.033138,0.033932,0.034684,0.034413,0.034428,0.033762,0.033177,0.033970,0.034230,0.032703,0.032691,0.033259,0.032351,0.033968,0.034365,0.032612,0.032317,0.031910,0.032823,0.033551,0.032770,0.031528,0.031980,0.033797,0.033096,0.032790,0.032528,0.032050,0.033314,0.032169,0.032054,0.033130,0.033023,0.034237,0.034241,0.034011,0.034041,0.031961,0.032236,0.033360,0.032590,0.033037,0.032559,0.032463,0.033495,0.034460,0.033678,0.033232,0.034356,0.033588,0.033593,0.033186,0.018703,-0.021144,-0.052666,-0.051493,-0.048796,-0.047117,-0.055927,0.000000,0.000000
0.000000,0.000000,-0.056643,-0.048716,-0.047410,-0.053621,-0.047989,-0.007264,0.026342,0.034291,0.033697,0.033253,0.034760,0.032480,0.032550,0.033914,0.032920,0.033219,0.034009,0.033940,0.033783,0.033498,0.032460,0.032929,0.033100,0.033308,0.033189,0.032201,0.032866,0.033719,0.033166,0.032867,0.032203,0.031722,0.032375,0.032096,0.031968,0.032279,0.031309,0.032223,0.034396,0.034023,0.032943,0.033808,0.035340,0.034627,0.033341,0.033345,0.033188,0.033774,0.033968,0.032281,0.033195,0.033653,0.033107,0.033971,0.033230,0.032224,0.031168,0.031916,0.033136,0.033075,0.032293,0.032126,0.033527,0.033752,0.033664,0.033369,0.033730,0.033250,0.033031,0.032839,0.031539,0.032976,0.033723,0.034140,0.034094,0.032680,0.033166,0.032705,0.032002,0.033496,0.032821,0.032033,0.033256,0.032541,0.031803,0.032436,0.032511,0.032134,0.032228,0.032479,0.032251,0.032747,0.022897,-0.013186,-0.048023,-0.052236,-0.048290,-0.044622,-0.057421,0.000000,0.000000
0.000000,0.000000,-0.059450,-0.045545,-0.048715,-0.051214,-0.037510,0.004121,0.030679,0.033066,0.032968,0.032922,0.034427,0.032657,0.031152,0.033554,0.032434,0.032307,0.034382,0.034065,0.033244,0.032867,0.033424,0.033998,0.033710,0.034009,0.033126,0.032583,0.032424,0.032335,0.033869,0.033724,0.031222,0.031074,0.032710,0.032825,0.032764,0.033085,0.032811,0.032261,0.032942,0.033289,0.033412,0.034472,0.034545,0.033283,0.032407,0.033017,0.033736,0.033964,0.032718,0.031666,0.033227,0.033690,0.033616,0.034041,0.033059,0.031985,0.031990,0.032759,0.033463,0.032657,0.031513,0.031301,0.032325,0.034018,0.034187,0.033082,0.032060,0.032625,0.033641,0.032985,0.031655,0.032340,0.034206,0.033900,0.033626,0.032709,0.032105,0.033086,0.032209,0.032519,0.033473,0.032664,0.031896,0.030947,0.030249,0.031364,0.032477,0.032726,0.032201,0.031162,0.031985,0.032876,0.028704,0.000406,-0.040085,-0.052221,-0.049848,-0.045793,-0.056233,0.000000,0.000000
0.000000,0.000000,-0.058363,-0.044030,-0.049660,-0.048672,-0.025216,0.016994,0.033675,0.031880,0.033946,0.033365,0.032475,0.032246,0.031369,0.033511,0.033202,0.032445,0.034352,0.033711,0.032472,0.031934,0.033366,0.034399,0.034057,0.033430,0.033302,0.033645,0.032510,0.031796,0.032614,0.032773,0.032493,0.032560,0.032499,0.033272,0.033408,0.033238,0.033427,0.032540,0.032649,0.033414,0.033935,0.034620,0.032693,0.031803,0.032658,0.031998,0.031726,0.032693,0.031886,0.030535,0.032074,0.033854,0.034161,0.033534,0.033377,0.033183,0.033504,0.034373,0.033769,0.033357,0.032791,0.031566,0.032320,0.033646,0.033872,0.033378,0.031645,0.032579,0.034166,0.033229,0.032578,0.032480,0.033391,0.034323,0.033107,0.032231,0.032662,0.031456,0.032040,0.033344,0.033171,0.033667,0.032069,0.030350,0.031090,0.031904,0.033389,0.034117,0.033120,0.033832,0.034129,0.032916,0.033504,0.013838,-0.028801,-0.050267,-0.051240,-0.048100,-0.057493,0.000000,0.000000
0.000000,0.000000,-0.052993,-0.045814,-0.053155,-0.045917,-0.012820,0.028395,0.035250,0.030551,0.033717,0.034520,0.032430,0.032300,0.031753,0.031606,0.031798,0.031500,0.033761,0.032407,0.030989,0.031953,0.032290,0.032326,0.033284,0.033676,0.033008,0.033518,0.033084,0.031977,0.031913,0.032814,0.033124,0.032842,0.032058,0.031726,0.032478,0.032764,0.032689,0.032866,0.032950,0.032264,0.032693,0.032992,0.031891,0.031861,0.032356,0.032065,0.031479,0.031060,0.030551,0.030363,0.032224,0.033760,0.033625,0.033625,0.033695,0.033631,0.033650,0.034177,0.033603,0.033469,0.034020,0.033384,0.032987,0.032738,0.033975,0.034169,0.032812,0.033595,0.035516,0.034870,0.033110,0.033328,0.033085,0.033274,0.033064,0.032879,0.033393,0.031439,0.031889,0.033874,0.032695,0.033065,0.033536,0.032317,0.032826,0.032395,0.033837,0.033863,0.031920,0.035083,0.033952,0.030750,0.036477,0.025891,-0.016045,-0.048054,-0.054118,-0.045246,-0.056883,0.000000,0.000000
0.000000,0.000000,-0.052417,-0.047945,-0.054836,-0.041498,-0.004194,0.032829,0.037172,0.028503,0.030662,0.034546,0.033471,0.032823,0.031708,0.030496,0.030528,0.031020,0.032846,0.033419,0.032501,0.032345,0.033667,0.033844,0.033761,0.034240,0.033660,0.033745,0.033331,0.032817,0.033328,0.032913,0.032308,0.032186,0.032666,0.032156,0.031641,0.032033,0.032737,0.033471,0.032276,0.032458,0.033032,0.032096,0.032514,0.033330,0.033626,0.032993,0.031919,0.031534,0.031445,0.032001,0.033390,0.034039,0.032973,0.033065,0.033802,0.033639,0.033382,0.032539,0.032225,0.033172,0.034023,0.033456,0.032304,0.032503,0.033507,0.033776,0.033035,0.033503,0.035432,0.034562,0.032925,0.033477,0.032806,0.031642,0.032060,0.033841,0.034040,0.033087,0.032709,0.032781,0.032586,0.033030,0.033424,0.032223,0.033234,0.033180,0.033909,0.033526,0.031704,0.033089,0.030502,0.029557,0.038488,0.032167,-0.006832,-0.043311,-0.054821,-0.046587,-0.056214,0.000000,0.000000
0.000000,0.000000,-0.053450,-0.046344,-0.050134,-0.041639,-0.006562,0.034456,0.037762,0.030981,0.031627,0.033148,0.033712,0.033765,0.032941,0.031126,0.032444,0.033545,0.033533,0.034889,0.034641,0.033408,0.033803,0.033876,0.033420,0.034357,0.034262,0.033086,0.033531,0.033280,0.032598,0.032309,0.031855,0.031374,0.032389,0.033572,0.032996,0.032484,0.032545,0.032977,0.032621,0.033103,0.034144,0.034013,0.033403,0.034165,0.034904,0.032735,0.031142,0.032014,0.032304,0.032070,0.033949,0.034393,0.032761,0.033187,0.034058,0.033995,0.032476,0.031503,0.032794,0.032449,0.033041,0.033925,0.032225,0.032081,0.033073,0.033568,0.032825,0.032725,0.033804,0.032782,0.033353,0.034321,0.033061,0.032197,0.031718,0.033377,0.034139,0.033779,0.033640,0.032266,0.032779,0.032888,0.032171,0.032523,0.032827,0.032600,0.033594,0.033238,0.031823,0.030902,0.030366,0.031032,0.037641,0.032656,-0.009629,-0.042225,-0.050998,-0.048741,-0.055599,0.000000,0.000000
0.000000,0.000000,-0.058126,-0.046379,-0.046529,-0.047396,-0.024698,0.017115,0.032541,0.033990,0.033535,0.033827,0.033943,0.032885,0.033007,0.033243,0.034474,0.035057,0.035322,0.034732,0.033903,0.033827,0.032940,0.032109,0.032130,0.033282,0.033455,0.032351,0.032222,0.031440,0.031802,0.032912,0.032076,0.032302,0.032852,0.033698,0.033735,0.032521,0.032646,0.032397,0.032808,0.032489,0.032369,0.033855,0.033789,0.033783,0.033886,0.032390,0.031915,0.031854,0.031607,0.032334,0.033060,0.033537,0.033006,0.033483,0.034001,0.032481,0.031380,0.032118,0.033361,0.032951,0.033310,0.034167,0.032721,0.032109,0.033204,0.033597,0.031947,0.031796,0.033314,0.032122,0.032182,0.034252,0.033690,0.032500,0.032755,0.033686,0.033370,0.032388,0.032775,0.032266,0.032939,0.034021,0.033127,0.033448,0.033041,0.032007,0.032066,0.031690,0.032371,0.031787,0.032165,0.032920,0.030863,0.013486,-0.027469,-0.047689,-0.049310,-0.051452,-0.061053,0.000000,0.000000
0.000000,0.000000,0.000000,-0.050365,-0.044605,-0.052003,-0.046457,-0.015504,0.025098,0.034301,0.031005,0.033599,0.033643,0.032462,0.033218,0.033652,0.034227,0.035470,0.034084,0.033748,0.034381,0.033893,0.033580,0.033635,0.032936,0.031810,0.032274,0.032395,0.031027,0.031537,0.032876,0.033396,0.033951,0.034189,0.033683,0.033587,0.032360,0.032181,0.033268,0.032151,0.031406,0.031751,0.031882,0.031773,0.032197,0.032732,0.033558,0.033305,0.032590,0.032278,0.032264,0.032941,0.032799,0.032956,0.032979,0.032718,0.032900,0.032273,0.032189,0.032867,0.033765,0.034955,0.034823,0.033817,0.032981,0.031796,0.032537,0.033621,0.032424,0.032635,0.032801,0.032237,0.032475,0.032846,0.032023,0.032025,0.033368,0.033282,0.033455,0.031635,0.031270,0.033270,0.033080,0.034130,0.034626,0.034072,0.033325,0.032286,0.030781,0.031274,0.033771,0.033484,0.030278,0.034029,0.024000,-0.018318,-0.046197,-0.053100,-0.047979,-0.055895,0.000000,0.000000,0.000000
0.000000,0.000000,0.000000,-0.054236,-0.044854,-0.055182,-0.051668,-0.021452,0.022300,0.036831,0.031263,0.030867,0.033076,0.033105,0.033432,0.033436,0.032990,0.033430,0.033069,0.033862,0.034609,0.033431,0.033013,0.033914,0.032881,0.032182,0.032548,0.031993,0.031930,0.032243,0.032290,0.033282,0.033458,0.033304,0.034038,0.032813,0.031040,0.031794,0.033238,0.033071,0.031471,0.031674,0.032579,0.031299,0.031768,0.032488,0.032691,0.033520,0.032311,0.032593,0.033360,0.032533,0.033654,0.033261,0.032343,0.032965,0.032613,0.033105,0.032880,0.032516,0.033734,0.034672,0.034565,0.033598,0.032286,0.031549,0.033020,0.033839,0.033697,0.033905,0.033083,0.033205,0.033552,0.032763,0.031779,0.032133,0.033835,0.033960,0.033400,0.032078,0.032073,0.033283,0.032804,0.033914,0.034371,0.034061,0.034024,0.032747,0.030396,0.031497,0.033894,0.032044,0.031435,0.037077,0.022443,-0.020895,-0.048299,-0.053582,-0.044946,-0.058246,0.000000,0.000000,0.000000
0.000000,0.000000,0.000000,-0.057773,-0.045315,-0.051159,-0.050026,-0.020048,0.025042,0.038040,0.032916,0.031619,0.032757,0.032745,0.033463,0.034968,0.032965,0.032534,0.034271,0.033885,0.032970,0.032921,0.032183,0.032311,0.032290,0.032572,0.032290,0.032779,0.033481,0.031963,0.031700,0.031309,0.031140,0.032833,0.033610,0.032798,0.032329,0.032905,0.033510,0.032609,0.032437,0.033278,0.031857,0.031419,0.032489,0.032049,0.032309,0.033049,0.032840,0.032950,0.033720,0.034049,0.033990,0.033305,0.032851,0.032455,0.032358,0.032797,0.032350,0.032801,0.032755,0.032776,0.033787,0.033576,0.032631,0.032215,0.032959,0.033847,0.033578,0.034031,0.034271,0.032667,0.032380,0.033659,0.033588,0.032591,0.033505,0.034294,0.033855,0.033118,0.032450,0.032922,0.032933,0.033233,0.034418,0.033339,0.033201,0.033606,0.031249,0.032393,0.033137,0.030720,0.033052,0.038057,0.023899,-0.018301,-0.047021,-0.048440,-0.043878,-0.057590,0.000000,0.000000,0.000000
0.000000,0.000000,0.000000,-0.057678,-0.043466,-0.047844,-0.052251,-0.031169,0.015095,0.034471,0.033736,0.032405,0.033224,0.034359,0.033098,0.033525,0.034397,0.033437,0.032727,0.033524,0.033722,0.032562,0.031752,0.032519,0.033277,0.032922,0.032438,0.033135,0.033312,0.032686,0.032639,0.031604,0.032315,0.033931,0.033928,0.033874,0.033468,0.034000,0.034478,0.032287,0.032576,0.034256,0.032632,0.031996,0.032244,0.032838,0.033714,0.034088,0.033801,0.032894,0.033272,0.034623,0.034413,0.033192,0.033341,0.032372,0.031820,0.032766,0.032338,0.032197,0.032833,0.033083,0.033083,0.033189,0.033086,0.033070,0.032293,0.031877,0.032736,0.033661,0.034048,0.032637,0.032290,0.033196,0.033444,0.033294,0.032756,0.033359,0.034254,0.034014,0.033468,0.033481,0.032994,0.033362,0.034382,0.033455,0.033113,0.033623,0.033044,0.034298,0.033830,0.031619,0.032322,0.032258,0.011847,-0.031857,-0.051765,-0.049249,-0.045004,-0.054068,0.000000,0.000000,0.000000
0.000000,0.000000,0.000000,-0.056432,-0.046546,-0.050632,-0.053590,-0.041522,-0.009047,0.025971,0.035622,0.033517,0.032180,0.032804,0.033741,0.031424,0.033624,0.032626,0.031542,0.033785,0.033784,0.032281,0.032066,0.032747,0.033065,0.033252,0.033370,0.033227,0.033196,0.033343,0.033415,0.033810,0.034233,0.033883,0.033406,0.033245,0.033711,0.033947,0.033511,0.033162,0.032929,0.034206,0.034180,0.032316,0.032841,0.033950,0.033221,0.033086,0.033107,0.032334,0.032651,0.033685,0.034019,0.032850,0.032322,0.033045,0.032053,0.031669,0.032704,0.032501,0.032992,0.034048,0.033334,0.033343,0.034503,0.033496,0.031682,0.031197,0.031512,0.032466,0.033134,0.032624,0.032865,0.032672,0.033633,0.033760,0.031644,0.032559,0.033094,0.033208,0.034594,0.033008,0.032215,0.034394,0.033026,0.032636,0.033916,0.032049,0.034120,0.034209,0.033823,0.033449,0.034202,0.023363,-0.014260,-0.045214,-0.053591,-0.052845,-0.049219,-0.059239,0.000000,0.000000,0.000000
0.000000,0.000000,0.000000,0.000000,-0.056704,-0.048607,-0.053158,-0.048048,-0.019264,0.023601,0.037456,0.035704,0.030472,0.031163,0.035679,0.032825,0.031934,0.032593,0.032704,0.033176,0.033356,0.032083,0.031175,0.031595,0.032694,0.032598,0.033052,0.034176,0.033721,0.033623,0.034521,0.034224,0.033258,0.033709,0.032894,0.032213,0.033752,0.033789,0.033240,0.032787,0.032354,0.034133,0.033726,0.032283,0.033185,0.033205,0.032029,0.031864,0.032223,0.031815,0.032082,0.033498,0.033546,0.032430,0.032467,0.033294,0.032409,0.031219,0.032288,0.032649,0.032815,0.033514,0.033428,0.034482,0.035034,0.033926,0.032820,0.032263,0.031403,0.031346,0.032140,0.032269,0.033053,0.033879,0.033906,0.033398,0.031456,0.031518,0.033036,0.033183,0.033235,0.032800,0.032664,0.031904,0.031930,0.033644,0.032841,0.030793,0.034500,0.033417,0.032466,0.035625,0.037166,0.023851,-0.021865,-0.050782,-0.052624,-0.047971,-0.053625,0.000000,0.000000,0.000000,0.000000
0.000000,0.000000,0.000000,0.000000,-0.058639,-0.044984,-0.049598,-0.051969,-0.026954,0.014243,0.030631,0.035189,0.032012,0.032389,0.036356,0.033813,0.032210,0.032168,0.032570,0.032924,0.033599,0.032121,0.030825,0.031487,0.032497,0.032549,0.033389,0.034683,0.034286,0.034051,0.034282,0.034254,0.033794,0.033646,0.033548,0.033046,0.032987,0.033483,0.033598,0.032915,0.032386,0.033236,0.033645,0.032425,0.033092,0.033835,0.032581,0.031768,0.031797,0.032851,0.033320,0.033974,0.033545,0.031507,0.032054,0.032542,0.031812,0.032293,0.032120,0.031845,0.032770,0.032929,0.033324,0.033994,0.033247,0.032849,0.033152,0.033335,0.032973,0.031598,0.031664,0.032997,0.032840,0.033444,0.033790,0.032904,0.032364,0.031462,0.033076,0.033992,0.033282,0.034107,0.032798,0.031414,0.033276,0.034288,0.032361,0.031734,0.034545,0.032860,0.033122,0.035593,0.032449,0.017586,-0.023275,-0.051258,-0.049809,-0.042959,-0.053737,0.000000,0.000000,0.000000,0.000000
0.000000,0.000000,0.000000,0.000000,-0.056126,-0.044958,-0.048460,-0.050932,-0.043928,-0.017756,0.020494,0.035183,0.033157,0.033646,0.033812,0.034578,0.032819,0.032419,0.033032,0.033225,0.033001,0.033361,0.032660,0.031905,0.031743,0.031572,0.033498,0.034598,0.034556,0.034353,0.032975,0.032629,0.033918,0.033848,0.033472,0.033645,0.033512,0.033212,0.032407,0.033523,0.033707,0.033035,0.033928,0.033151,0.032842,0.034070,0.033060,0.031461,0.032170,0.033740,0.034829,0.034706,0.032681,0.031290,0.032008,0.032132,0.031751,0.032634,0.032980,0.033151,0.033278,0.033337,0.033456,0.032027,0.032793,0.033107,0.032745,0.033220,0.032503,0.033498,0.032621,0.032296,0.033106,0.032323,0.033391,0.033062,0.032164,0.033043,0.033110,0.033429,0.034603,0.034613,0.033153,0.032869,0.033800,0.032970,0.032777,0.034198,0.033040,0.033840,0.033078,0.035151,0.026039,-0.009104,-0.039440,-0.050744,-0.048705,-0.043669,-0.058756,0.000000,0.000000,0.000000,0.000000
0.000000,0.000000,0.000000,0.000000,0.000000,-0.048480,-0.046424,-0.051938,-0.054691,-0.037689,0.003986,0.027009,0.035690,0.034093,0.030926,0.035066,0.032814,0.033554,0.034740,0.033436,0.033927,0.033721,0.033542,0.032320,0.031216,0.031396,0.032106,0.034039,0.034518,0.033413,0.032556,0.031117,0.031652,0.033272,0.034139,0.033737,0.033070,0.032930,0.032812,0.033662,0.033037,0.033407,0.033723,0.032518,0.032278,0.032652,0.032899,0.032031,0.032364,0.033736,0.034012,0.034648,0.034112,0.032274,0.032774,0.033326,0.032326,0.032419,0.033353,0.033345,0.032905,0.033468,0.033627,0.032280,0.032660,0.034080,0.033863,0.032290,0.032224,0.033669,0.033930,0.033811,0.033816,0.033091,0.032647,0.033214,0.032947,0.033643,0.032837,0.032200,0.034379,0.034139,0.032719,0.032260,0.032392,0.031897,0.032854,0.034137,0.030941,0.034731,0.034866,0.028673,0.013141,-0.026206,-0.048835,-0.052379,-0.046973,-0.049488,0.000000,0.000000,0.000000,0.000000,0.000000
0.000000,0.000000,0.000000,0.000000,0.000000,-0.059104,-0.048029,-0.051293,-0.051772,-0.047191,-0.023076,0.019489,0.037482,0.033676,0.031075,0.031819,0.034209,0.032941,0.033162,0.033598,0.033603,0.032921,0.034454,0.034152,0.032018,0.032340,0.031888,0.032979,0.034864,0.034230,0.033003,0.031222,0.031594,0.033622,0.033296,0.033324,0.033494,0.033066,0.032905,0.033174,0.033455,0.032735,0.032775,0.032408,0.032835,0.033092,0.032991,0.033465,0.032363,0.032883,0.033350,0.033395,0.034183,0.033909,0.033250,0.033581,0.033319,0.032725,0.032242,0.031492,0.032333,0.032687,0.032613,0.032407,0.032433,0.033543,0.033655,0.033083,0.032965,0.033270,0.033832,0.034007,0.033842,0.033281,0.032658,0.032414,0.033127,0.033229,0.032008,0.032346,0.033396,0.033474,0.032804,0.032676,0.032581,0.031369,0.033043,0.033036,0.032796,0.033274,0.035924,0.022094,-0.015568,-0.039701,-0.048650,-0.052978,-0.048363,-0.064272,0.000000,0.000000,0.000000,0.000000,0.000000
0.000000,0.000000,0.000000,0.000000,0.000000,0.000000,-0.053578,-0.042710,-0.048642,-0.052583,-0.034065,0.007247,0.028518,0.035916,0.034159,0.030481,0.034932,0.033176,0.031322,0.032763,0.033207,0.033466,0.033534,0.034610,0.034147,0.032573,0.031939,0.031786,0.033796,0.035284,0.033241,0.031688,0.033137,0.033544,0.032786,0.032321,0.032631,0.032489,0.032548,0.034119,0.034639,0.033010,0.032677,0.034052,0.033157,0.032577,0.033317,0.034405,0.034130,0.032612,0.033250,0.032770,0.032473,0.033945,0.033616,0.033146,0.034233,0.033617,0.031795,0.031492,0.031515,0.032063,0.031890,0.031748,0.032511,0.032352,0.033130,0.033476,0.032868,0.033194,0.031923,0.032016,0.033848,0.032506,0.031807,0.032491,0.033431,0.033916,0.031809,0.032530,0.033540,0.032874,0.034372,0.034461,0.033076,0.032825,0.033853,0.032919,0.036345,0.034468,0.026529,0.007386,-0.032106,-0.050996,-0.051710,-0.046551,-0.052846,0.000000,0.000000,0.000000,0.000000,0.000000,0.000000
0.000000,0.000000,0.000000,0.000000,0.000000,0.000000,-0.064006,-0.045712,-0.049011,-0.049577,-0.043481,-0.021041,0.020613,0.038347,0.034560,0.033156,0.032765,0.034416,0.032720,0.031847,0.033320,0.034311,0.033199,0.034051,0.034748,0.032647,0.031368,0.031554,0.032150,0.033068,0.032301,0.032469,0.033272,0.033025,0.033719,0.032411,0.031339,0.032158,0.032904,0.034708,0.034656,0.033442,0.033594,0.033985,0.033973,0.032766,0.032614,0.033420,0.034433,0.034261,0.032993,0.032361,0.031968,0.031918,0.032143,0.032918,0.034538,0.033752,0.031921,0.032581,0.031863,0.032156,0.033072,0.033156,0.032340,0.031723,0.033080,0.034025,0.034321,0.032919,0.031920,0.032711,0.032951,0.032359,0.032112,0.033339,0.034235,0.033058,0.031882,0.032063,0.032988,0.033066,0.033764,0.034106,0.033607,0.033956,0.031441,0.031490,0.033758,0.036937,0.019266,-0.022504,-0.043767,-0.048473,-0.051922,-0.046125,-0.058813,0.000000,0.000000,0.000000,0.000000,0.000000,0.000000
0.000000,0.000000,0.000000,0.000000,0.000000,0.000000,0.000000,-0.054200,-0.046112,-0.051633,-0.054496,-0.035217,0.010764,0.031688,0.035427,0.033202,0.030433,0.033803,0.032914,0.032167,0.032038,0.033135,0.033718,0.033360,0.033504,0.033070,0.032276,0.031413,0.031896,0.032517,0.031925,0.032488,0.032940,0.034165,0.033542,0.032196,0.033019,0.032047,0.032192,0.033746,0.034258,0.033416,0.032556,0.032795,0.034633,0.033412,0.031250,0.032389,0.033589,0.035171,0.033930,0.031828,0.030956,0.030454,0.031908,0.033541,0.033773,0.032811,0.031523,0.032552,0.034183,0.033302,0.033607,0.034305,0.033447,0.032450,0.032521,0.034918,0.035573,0.034069,0.033226,0.033082,0.032831,0.032362,0.032764,0.032661,0.033380,0.033290,0.032131,0.032158,0.032508,0.032770,0.032379,0.034305,0.035756,0.032978,0.028930,0.032501,0.034316,0.029466,0.008169,-0.035534,-0.053085,-0.049201,-0.045899,-0.050756,0.000000,0.000000,0.000000,0.000000,0.000000,0.000000,0.000000
0.000000,0.000000,0.000000,0.000000,0.000000,0.000000,0.000000,-0.064243,-0.048502,-0.052141,-0.050216,-0.041747,-0.010548,0.028723,0.036019,0.033203,0.032815,0.029149,0.032555,0.034274,0.032599,0.032055,0.032998,0.032452,0.032760,0.033156,0.032959,0.032241,0.031297,0.033159,0.033159,0.032590,0.034044,0.034273,0.033876,0.032947,0.033378,0.032345,0.031920,0.034133,0.033313,0.031920,0.031275,0.032164,0.033178,0.032112,0.031048,0.031500,0.033709,0.035029,0.034450,0.032178,0.031336,0.031458,0.032186,0.033989,0.033459,0.032003,0.031643,0.033169,0.034352,0.033947,0.033237,0.033558,0.033270,0.031560,0.031740,0.034160,0.034788,0.033848,0.033039,0.032247,0.032670,0.032223,0.031816,0.033216,0.034050,0.033786,0.032908,0.033770,0.034885,0.032465,0.031950,0.035957,0.034759,0.029413,0.033512,0.034342,0.036398,0.026860,-0.012968,-0.042946,-0.050471,-0.050609,-0.048055,-0.059829,0.000000,0.000000,0.000000,0.000000,0.000000,0.000000,0.000000
0.000000,0.000000,0.000000,0.000000,0.000000,0.000000,0.000000,0.000000,-0.051695,-0.046083,-0.048048,-0.047561,-0.023593,0.021960,0.034957,0.034304,0.037607,0.033313,0.032473,0.035292,0.033332,0.031997,0.033172,0.033069,0.031751,0.031564,0.033670,0.034498,0.032470,0.031747,0.033450,0.033755,0.033773,0.034220,0.033917,0.033967,0.033771,0.032599,0.032728,0.034384,0.033448,0.031953,0.032181,0.031887,0.032570,0.033084,0.031694,0.031750,0.033945,0.034315,0.033415,0.032491,0.032308,0.032716,0.032795,0.033403,0.033414,0.031931,0.031679,0.033277,0.033464,0.033211,0.033152,0.033337,0.032452,0.031043,0.031442,0.032556,0.033364,0.033766,0.033452,0.031603,0.031437,0.032873,0.032836,0.033101,0.033018,0.032409,0.033494,0.034846,0.034158,0.031506,0.032800,0.034651,0.030867,0.032863,0.037209,0.032871,0.033375,0.018903,-0.025801,-0.051332,-0.051350,-0.044231,-0.054415,0.000000,0.000000,0.000000,0.000000,0.000000,0.000000,0.000000,0.000000
0.000000,0.000000,0.000000,0.000000,0.000000,0.000000,0.000000,0.000000,-0.065284,-0.047821,-0.050187,-0.047648,-0.037422,-0.011669,0.018245,0.032033,0.037646,0.037907,0.032057,0.032308,0.034597,0.032876,0.032003,0.033750,0.033474,0.032690,0.034082,0.035089,0.034447,0.031624,0.031652,0.032787,0.032415,0.033889,0.032828,0.032688,0.034211,0.033114,0.032658,0.033353,0.033553,0.033559,0.033101,0.032389,0.033731,0.034551,0.033185,0.033916,0.035311,0.033824,0.031833,0.032441,0.033078,0.033019,0.033592,0.033235,0.031862,0.031569,0.031936,0.032491,0.032974,0.033267,0.033938,0.033655,0.033513,0.032615,0.031201,0.031905,0.033549,0.034812,0.033896,0.031871,0.031923,0.033212,0.033159,0.031791,0.031708,0.033167,0.033729,0.033832,0.031813,0.031646,0.034016,0.032608,0.031418,0.036273,0.035657,0.028222,0.013072,-0.016134,-0.040888,-0.050830,-0.049662,-0.045994,-0.058992,0.000000,0.000000,0.000000,0.000000,0.000000,0.000000,0.000000,0.000000
0.000000,0.000000,0.000000,0.000000,0.000000,0.000000,0.000000,0.000000,0.000000,-0.054201,-0.048312,-0.052823,-0.048526,-0.039989,-0.021935,0.007248,0.026696,0.035504,0.033874,0.029557,0.033371,0.034522,0.033142,0.034012,0.034944,0.033190,0.034000,0.034378,0.032507,0.031873,0.030720,0.030317,0.032368,0.033621,0.032442,0.032536,0.034493,0.033560,0.031849,0.032690,0.032163,0.031888,0.032667,0.032926,0.033811,0.034281,0.034739,0.034620,0.034178,0.033517,0.030883,0.031160,0.033282,0.033076,0.033193,0.032336,0.030737,0.031621,0.032269,0.031645,0.032250,0.032843,0.033273,0.033071,0.032517,0.031960,0.031555,0.032607,0.034082,0.035057,0.034386,0.032228,0.031772,0.033064,0.032799,0.032158,0.033165,0.033965,0.033784,0.032761,0.033394,0.033883,0.033215,0.031713,0.034210,0.034543,0.026138,0.005431,-0.026229,-0.042758,-0.048258,-0.052024,-0.044878,-0.051246,0.000000,0.000000,0.000000,0.000000,0.000000,0.000000,0.000000,0.000000,0.000000
0.000000,0.000000,0.000000,0.000000,0.000000,0.000000,0.000000,0.000000,0.000000,-0.063011,-0.046326,-0.048880,-0.048864,-0.046950,-0.046210,-0.025045,0.017419,0.034142,0.035627,0.033265,0.029941,0.033484,0.034702,0.034366,0.033177,0.033090,0.033244,0.032756,0.031777,0.031499,0.031656,0.031239,0.032641,0.034464,0.033945,0.033560,0.034412,0.033060,0.031269,0.031964,0.031704,0.031400,0.031942,0.032202,0.033467,0.034194,0.034225,0.032933,0.032036,0.032955,0.031316,0.030908,0.032097,0.032568,0.033577,0.032666,0.032512,0.032845,0.031640,0.031465,0.032199,0.032334,0.032639,0.032826,0.031529,0.031322,0.032248,0.033413,0.033188,0.033126,0.034404,0.033022,0.032414,0.034135,0.033265,0.032737,0.033602,0.032842,0.031971,0.033577,0.034877,0.033598,0.030748,0.033868,0.035078,0.034022,0.018189,-0.024004,-0.046758,-0.048744,-0.048594,-0.047582,-0.044838,-0.058030,0.000000,0.000000,0.000000,0.000000,0.000000,0.000000,0.000000,0.000000,0.000000
0.000000,0.000000,0.000000,0.000000,0.000000,0.000000,0.000000,0.000000,0.000000,0.000000,-0.062574,-0.045695,-0.047079,-0.048400,-0.049956,-0.036021,0.006053,0.030378,0.034320,0.038196,0.033407,0.030043,0.032395,0.034778,0.032979,0.032352,0.032540,0.032146,0.032927,0.031808,0.031895,0.033165,0.033933,0.034797,0.033625,0.032923,0.033145,0.032397,0.031624,0.031903,0.032666,0.032670,0.032204,0.032168,0.033112,0.033797,0.033072,0.032254,0.032303,0.031951,0.032479,0.032734,0.031972,0.033162,0.034881,0.034887,0.034204,0.033290,0.032794,0.032938,0.033059,0.033976,0.034371,0.033429,0.032206,0.032390,0.032765,0.033255,0.032858,0.032321,0.033803,0.033903,0.034018,0.033572,0.032461,0.033495,0.033157,0.031047,0.032227,0.035444,0.034319,0.031583,0.033571,0.037973,0.033817,0.032053,0.011286,-0.034171,-0.050673,-0.049321,-0.050050,-0.047510,-0.061710,0.000000,0.000000,0.000000,0.000000,0.000000,0.000000,0.000000,0.000000,0.000000,0.000000
0.000000,0.000000,0.000000,0.000000,0.000000,0.000000,0.000000,0.000000,0.000000,0.000000,0.000000,-0.053715,-0.045373,-0.049439,-0.051399,-0.045642,-0.024362,0.014421,0.032198,0.033205,0.037915,0.033415,0.029458,0.032181,0.033607,0.032286,0.032518,0.032429,0.032340,0.033086,0.032483,0.032313,0.033470,0.034440,0.032229,0.030689,0.031185,0.031252,0.033056,0.034081,0.033370,0.033512,0.033649,0.033538,0.032932,0.032510,0.032737,0.032371,0.031803,0.032845,0.034082,0.033011,0.033098,0.033885,0.034362,0.034522,0.032954,0.033284,0.033705,0.033601,0.034358,0.034642,0.035145,0.034770,0.033068,0.032733,0.033284,0.032830,0.032269,0.032851,0.033946,0.033746,0.032949,0.032196,0.032939,0.033189,0.031372,0.032088,0.033760,0.032732,0.030681,0.033201,0.037183,0.033791,0.033389,0.018698,-0.016263,-0.041441,-0.052164,-0.049990,-0.045511,-0.054749,0.000000,0.000000,0.000000,0.000000,0.000000,0.000000,0.000000,0.000000,0.000000,0.000000,0.000000
0.000000,0.000000,0.000000,0.000000,0.000000,0.000000,0.000000,0.000000,0.000000,0.000000,0.000000,-0.060071,-0.048256,-0.049569,-0.050823,-0.051315,-0.045739,-0.023828,0.011571,0.027003,0.032466,0.037960,0.033060,0.029422,0.033284,0.035330,0.033539,0.031745,0.031225,0.032567,0.033432,0.032482,0.032662,0.034427,0.033018,0.030556,0.030725,0.031006,0.032719,0.034581,0.033750,0.034014,0.034716,0.034233,0.033324,0.033004,0.034188,0.033324,0.032026,0.033824,0.033792,0.032350,0.033470,0.034221,0.033155,0.032829,0.032898,0.032159,0.031791,0.033547,0.034423,0.033449,0.034225,0.034655,0.032775,0.032072,0.032467,0.032849,0.032815,0.032078,0.033111,0.033322,0.032731,0.033355,0.032649,0.031219,0.031962,0.034311,0.032946,0.029206,0.031955,0.035808,0.030747,0.025851,0.012202,-0.016633,-0.038696,-0.051336,-0.052317,-0.048764,-0.045726,-0.061985,0.000000,0.000000,0.000000,0.000000,0.000000,0.000000,0.000000,0.000000,0.000000,0.000000,0.000000
0.000000,0.000000,0.000000,0.000000,0.000000,0.000000,0.000000,0.000000,0.000000,0.000000,0.000000,0.000000,-0.061304,-0.047668,-0.048433,-0.049157,-0.051109,-0.046760,-0.027390,0.007550,0.025898,0.031971,0.038078,0.032146,0.029073,0.034038,0.035151,0.033238,0.031469,0.031144,0.032966,0.034095,0.034062,0.033499,0.033237,0.033587,0.032436,0.031722,0.032800,0.033336,0.032586,0.033293,0.034349,0.033306,0.032490,0.032665,0.034383,0.034057,0.032210,0.032529,0.032452,0.033159,0.033766,0.034231,0.034334,0.032877,0.032369,0.031955,0.031732,0.032850,0.032859,0.033062,0.034005,0.032790,0.031661,0.031575,0.031462,0.032498,0.033175,0.032095,0.032979,0.034316,0.033448,0.032839,0.032817,0.033972,0.034805,0.033347,0.030102,0.032369,0.036772,0.030660,0.023718,0.005298,-0.027373,-0.042353,-0.046954,-0.052268,-0.052624,-0.047119,-0.060762,0.000000,0.000000,0.000000,0.000000,0.000000,0.000000,0.000000,0.000000,0.000000,0.000000,0.000000,0.000000
0.000000,0.000000,0.000000,0.000000,0.000000,0.000000,0.000000,0.000000,0.000000,0.000000,0.000000,0.000000,0.000000,-0.057176,-0.044376,-0.047700,-0.051644,-0.050130,-0.048397,-0.031581,0.005678,0.025844,0.031769,0.035939,0.032288,0.030788,0.033595,0.034217,0.034360,0.032861,0.031955,0.033317,0.033691,0.033832,0.034100,0.033868,0.032961,0.032998,0.034596,0.033963,0.032775,0.033172,0.032168,0.031392,0.031715,0.032640,0.033515,0.033074,0.031927,0.031982,0.032597,0.032621,0.033827,0.034003,0.033465,0.033272,0.032701,0.032965,0.032033,0.032155,0.032671,0.033248,0.034029,0.032899,0.031410,0.031554,0.032425,0.032245,0.032898,0.033587,0.033901,0.034743,0.033224,0.032258,0.034824,0.035782,0.033152,0.030869,0.033321,0.036752,0.032333,0.023548,0.001957,-0.032043,-0.046541,-0.049613,-0.051301,-0.047989,-0.046170,-0.057344,0.000000,0.000000,0.000000,0.000000,0.000000,0.000000,0.000000,0.000000,0.000000,0.000000,0.000000,0.000000,0.000000
0.000000,0.000000,0.000000,0.000000,0.000000,0.000000,0.000000,0.000000,0.000000,0.000000,0.000000,0.000000,0.000000,0.000000,-0.054353,-0.043992,-0.047985,-0.052699,-0.053236,-0.050112,-0.029997,0.008957,0.028700,0.032914,0.035743,0.034846,0.033149,0.032398,0.034690,0.034945,0.033445,0.032979,0.033366,0.035217,0.034944,0.033284,0.033201,0.032285,0.033105,0.034984,0.034979,0.034062,0.032358,0.031331,0.031623,0.034310,0.035397,0.034159,0.032995,0.032173,0.032717,0.032267,0.032796,0.033576,0.032663,0.033721,0.034333,0.032468,0.031852,0.032478,0.033199,0.033223,0.033758,0.033934,0.031386,0.031208,0.033151,0.034541,0.035629,0.034636,0.034772,0.034152,0.032322,0.033826,0.034248,0.031656,0.032589,0.035705,0.035342,0.032238,0.028070,0.004153,-0.034081,-0.049116,-0.051685,-0.051717,-0.048035,-0.045223,-0.054890,0.000000,0.000000,0.000000,0.000000,0.000000,0.000000,0.000000,0.000000,0.000000,0.000000,0.000000,0.000000,0.000000,0.000000
0.000000,0.000000,0.000000,0.000000,0.000000,0.000000,0.000000,0.000000,0.000000,0.000000,0.000000,0.000000,0.000000,0.000000,0.000000,-0.057798,-0.044759,-0.049225,-0.053960,-0.051841,-0.046736,-0.025083,0.012152,0.030659,0.034178,0.035122,0.037637,0.033588,0.029976,0.034682,0.035705,0.033164,0.032426,0.033589,0.033360,0.034054,0.033455,0.031330,0.032260,0.034103,0.034029,0.034182,0.033596,0.031973,0.032859,0.033941,0.034685,0.034673,0.033436,0.032552,0.032152,0.033604,0.032923,0.032166,0.033788,0.034273,0.033290,0.032627,0.033281,0.032763,0.032645,0.033405,0.032897,0.031906,0.032007,0.032797,0.033508,0.034634,0.034385,0.033253,0.033892,0.034607,0.033477,0.033787,0.031234,0.033622,0.037653,0.036149,0.033957,0.028504,0.009821,-0.028681,-0.050436,-0.050403,-0.049716,-0.048710,-0.046658,-0.057105,0.000000,0.000000,0.000000,0.000000,0.000000,0.000000,0.000000,0.000000,0.000000,0.000000,0.000000,0.000000,0.000000,0.000000,0.000000
0.000000,0.000000,0.000000,0.000000,0.000000,0.000000,0.000000,0.000000,0.000000,0.000000,0.000000,0.000000,0.000000,0.000000,0.000000,0.000000,-0.055747,-0.047350,-0.051359,-0.052760,-0.051072,-0.045940,-0.023332,0.007742,0.017152,0.024350,0.034284,0.035601,0.032414,0.030078,0.032090,0.032651,0.033130,0.034146,0.033535,0.032435,0.032594,0.033959,0.034073,0.033030,0.032474,0.032777,0.032171,0.031480,0.033013,0.033669,0.033540,0.033898,0.032950,0.031671,0.031219,0.032398,0.031958,0.031181,0.033415,0.034172,0.033968,0.034526,0.034080,0.033693,0.032614,0.032180,0.032121,0.031949,0.032881,0.033295,0.032782,0.031438,0.031673,0.033594,0.033266,0.032675,0.032829,0.031167,0.033833,0.037418,0.035915,0.025693,0.016485,0.006018,-0.024356,-0.047111,-0.052355,-0.051226,-0.047020,-0.045911,-0.060546,0.000000,0.000000,0.000000,0.000000,0.000000,0.000000,0.000000,0.000000,0.000000,0.000000,0.000000,0.000000,0.000000,0.000000,0.000000,0.000000
0.000000,0.000000,0.000000,0.000000,0.000000,0.000000,0.000000,0.000000,0.000000,0.000000,0.000000,0.000000,0.000000,0.000000,0.000000,0.000000,0.000000,-0.056310,-0.046715,-0.049070,-0.050726,-0.050882,-0.042161,-0.033789,-0.025516,0.002717,0.026730,0.031699,0.033364,0.032184,0.031070,0.031372,0.032858,0.035129,0.034555,0.033366,0.033054,0.033541,0.033913,0.034309,0.034245,0.032762,0.032662,0.031589,0.031212,0.033490,0.034322,0.033857,0.033266,0.032252,0.031775,0.032192,0.032425,0.032724,0.032911,0.032723,0.033766,0.034413,0.033951,0.033348,0.033298,0.033531,0.034008,0.034484,0.033619,0.032353,0.032277,0.032701,0.032915,0.033138,0.032332,0.030723,0.031811,0.034729,0.035466,0.033708,0.031191,0.007812,-0.025002,-0.035516,-0.044593,-0.053313,-0.051220,-0.048216,-0.046972,-0.056612,0.000000,0.000000,0.000000,0.000000,0.000000,0.000000,0.000000,0.000000,0.000000,0.000000,0.000000,0.000000,0.000000,0.000000,0.000000,0.000000,0.000000
0.000000,0.000000,0.000000,0.000000,0.000000,0.000000,0.000000,0.000000,0.000000,0.000000,0.000000,0.000000,0.000000,0.000000,0.000000,0.000000,0.000000,0.000000,-0.055121,-0.044695,-0.047857,-0.047882,-0.048179,-0.048214,-0.047475,-0.028136,0.012844,0.032042,0.034206,0.033508,0.032822,0.034745,0.032721,0.030810,0.031059,0.035492,0.036385,0.033942,0.033556,0.033667,0.033069,0.033214,0.034143,0.033435,0.032547,0.033800,0.034424,0.033158,0.033449,0.033603,0.031946,0.032502,0.034615,0.033726,0.031991,0.031819,0.032559,0.033814,0.033818,0.033026,0.033466,0.033953,0.032655,0.032108,0.033183,0.034981,0.036479,0.035612,0.032622,0.030097,0.031544,0.035436,0.033543,0.035956,0.038228,0.036600,0.021100,-0.019793,-0.045781,-0.050198,-0.050905,-0.051261,-0.050307,-0.045434,-0.054946,0.000000,0.000000,0.000000,0.000000,0.000000,0.000000,0.000000,0.000000,0.000000,0.000000,0.000000,0.000000,0.000000,0.000000,0.000000,0.000000,0.000000,0.000000
0.000000,0.000000,0.000000,0.000000,0.000000,0.000000,0.000000,0.000000,0.000000,0.000000,0.000000,0.000000,0.000000,0.000000,0.000000,0.000000,0.000000,0.000000,0.000000,-0.060487,-0.045260,-0.046104,-0.048119,-0.049305,-0.049374,-0.043976,-0.018863,0.014594,0.023347,0.027556,0.036158,0.034825,0.033167,0.033774,0.031800,0.031229,0.033909,0.034490,0.034408,0.033277,0.032927,0.034411,0.033728,0.033635,0.033264,0.033221,0.035214,0.033774,0.033181,0.033654,0.032406,0.032244,0.033095,0.033113,0.032918,0.033314,0.033254,0.033118,0.032607,0.032322,0.032325,0.032778,0.032573,0.032878,0.033696,0.033409,0.033311,0.032103,0.034632,0.036521,0.033041,0.033282,0.037247,0.031058,0.027756,0.024583,-0.006533,-0.037697,-0.048668,-0.049458,-0.048210,-0.048114,-0.045838,-0.060945,0.000000,0.000000,0.000000,0.000000,0.000000,0.000000,0.000000,0.000000,0.000000,0.000000,0.000000,0.000000,0.000000,0.000000,0.000000,0.000000,0.000000,0.000000,0.000000
0.000000,0.000000,0.000000,0.000000,0.000000,0.000000,0.000000,0.000000,0.000000,0.000000,0.000000,0.000000,0.000000,0.000000,0.000000,0.000000,0.000000,0.000000,0.000000,0.000000,-0.060662,-0.046403,-0.044636,-0.049919,-0.050071,-0.048220,-0.042594,-0.030765,-0.015271,0.007725,0.019319,0.028651,0.036596,0.034400,0.032892,0.033103,0.032495,0.032957,0.033161,0.033110,0.034650,0.035014,0.034294,0.032961,0.031797,0.032013,0.032776,0.033171,0.033814,0.034656,0.033796,0.032258,0.031230,0.031971,0.033107,0.033266,0.032865,0.031419,0.031737,0.032557,0.033316,0.034697,0.034908,0.034225,0.034287,0.032338,0.031262,0.034112,0.034842,0.036707,0.035931,0.022962,0.016298,0.008556,-0.012667,-0.023140,-0.033925,-0.046038,-0.050630,-0.048265,-0.043947,-0.045919,-0.059844,0.000000,0.000000,0.000000,0.000000,0.000000,0.000000,0.000000,0.000000,0.000000,0.000000,0.000000,0.000000,0.000000,0.000000,0.000000,0.000000,0.000000,0.000000,0.000000,0.000000
0.000000,0.000000,0.000000,0.000000,0.000000,0.000000,0.000000,0.000000,0.000000,0.000000,0.000000,0.000000,0.000000,0.000000,0.000000,0.000000,0.000000,0.000000,0.000000,0.000000,0.000000,-0.058432,-0.054465,-0.047170,-0.047981,-0.053260,-0.049944,-0.051163,-0.044011,-0.035075,-0.020706,0.007701,0.021664,0.028615,0.035340,0.036396,0.034498,0.031545,0.032196,0.031853,0.031213,0.033255,0.034024,0.032076,0.033152,0.034158,0.032141,0.031757,0.033196,0.034976,0.034564,0.032794,0.032285,0.031459,0.031505,0.032772,0.033228,0.033033,0.033520,0.033802,0.034190,0.034677,0.032589,0.031603,0.032485,0.032442,0.035526,0.037557,0.036185,0.026331,0.014782,-0.000718,-0.026147,-0.037264,-0.044940,-0.050933,-0.047461,-0.050975,-0.048943,-0.044824,-0.051138,-0.062294,0.000000,0.000000,0.000000,0.000000,0.000000,0.000000,0.000000,0.000000,0.000000,0.000000,0.000000,0.000000,0.000000,0.000000,0.000000,0.000000,0.000000,0.000000,0.000000,0.000000,0.000000
0.000000,0.000000,0.000000,0.000000,0.000000,0.000000,0.000000,0.000000,0.000000,0.000000,0.000000,0.000000,0.000000,0.000000,0.000000,0.000000,0.000000,0.000000,0.000000,0.000000,0.000000,0.000000,0.000000,-0.059239,-0.046181,-0.048404,-0.051265,-0.051156,-0.052411,-0.054727,-0.044616,-0.034034,-0.018053,0.011068,0.026628,0.032873,0.036918,0.035270,0.033143,0.033977,0.030928,0.030318,0.034248,0.031729,0.031778,0.034300,0.034686,0.033141,0.032895,0.034816,0.034811,0.034301,0.034084,0.033451,0.033288,0.034377,0.033946,0.033335,0.032816,0.033470,0.034400,0.031236,0.031424,0.032695,0.031640,0.033853,0.037468,0.031882,0.022815,0.004943,-0.026441,-0.039661,-0.045509,-0.054146,-0.052138,-0.051008,-0.049086,-0.044505,-0.045012,-0.054585,0.000000,0.000000,0.000000,0.000000,0.000000,0.000000,0.000000,0.000000,0.000000,0.000000,0.000000,0.000000,0.000000,0.000000,0.000000,0.000000,0.000000,0.000000,0.000000,0.000000,0.000000,0.000000,0.000000
0.000000,0.000000,0.000000,0.000000,0.000000,0.000000,0.000000,0.000000,0.000000,0.000000,0.000000,0.000000,0.000000,0.000000,0.000000,0.000000,0.000000,0.000000,0.000000,0.000000,0.000000,0.000000,0.000000,0.000000,-0.056991,-0.053043,-0.046538,-0.046916,-0.053427,-0.051099,-0.049557,-0.050704,-0.040610,-0.029193,-0.010210,0.018467,0.025899,0.026928,0.034958,0.037959,0.034773,0.032958,0.033825,0.032557,0.029598,0.030741,0.034260,0.034186,0.033799,0.033072,0.031234,0.030232,0.031000,0.032514,0.034267,0.035076,0.034209,0.031443,0.031371,0.033284,0.034230,0.035097,0.037187,0.037837,0.034209,0.026041,0.023545,0.015087,-0.015018,-0.035101,-0.046679,-0.054584,-0.049068,-0.048247,-0.049679,-0.045547,-0.046560,-0.049829,-0.060477,0.000000,0.000000,0.000000,0.000000,0.000000,0.000000,0.000000,0.000000,0.000000,0.000000,0.000000,0.000000,0.000000,0.000000,0.000000,0.000000,0.000000,0.000000,0.000000,0.000000,0.000000,0.000000,0.000000,0.000000
0.000000,0.000000,0.000000,0.000000,0.000000,0.000000,0.000000,0.000000,0.000000,0.000000,0.000000,0.000000,0.000000,0.000000,0.000000,0.000000,0.000000,0.000000,0.000000,0.000000,0.000000,0.000000,0.000000,0.000000,0.000000,0.000000,-0.058048,-0.049853,-0.049116,-0.046823,-0.048593,-0.048017,-0.047631,-0.049006,-0.040742,-0.022634,-0.017300,-0.009447,0.016665,0.022727,0.016149,0.020175,0.030652,0.037535,0.036646,0.037362,0.037735,0.034680,0.028941,0.021327,0.013673,0.008340,0.008854,0.014913,0.023184,0.032084,0.036270,0.037017,0.038738,0.039309,0.033782,0.026984,0.024075,0.027559,0.019488,-0.007606,-0.020046,-0.026286,-0.043763,-0.052000,-0.049877,-0.051225,-0.049602,-0.043982,-0.047338,-0.052276,-0.057528,0.000000,0.000000,0.000000,0.000000,0.000000,0.000000,0.000000,0.000000,0.000000,0.000000,0.000000,0.000000,0.000000,0.000000,0.000000,0.000000,0.000000,0.000000,0.000000,0.000000,0.000000,0.000000,0.000000,0.000000,0.000000,0.000000
0.000000,0.000000,0.000000,0.000000,0.000000,0.000000,0.000000,0.000000,0.000000,0.000000,0.000000,0.000000,0.000000,0.000000,0.000000,0.000000,0.000000,0.000000,0.000000,0.000000,0.000000,0.000000,0.000000,0.000000,0.000000,0.000000,0.000000,0.000000,-0.063167,-0.054107,-0.046671,-0.045763,-0.051725,-0.051147,-0.051401,-0.049982,-0.045044,-0.038981,-0.028792,-0.021019,-0.027350,-0.022873,0.012318,0.031516,0.032443,0.031685,0.024358,0.013670,-0.001200,-0.013523,-0.023628,-0.031469,-0.032330,-0.024567,-0.011094,0.006063,0.019145,0.028758,0.033873,0.035013,0.018417,-0.013822,-0.019999,-0.015135,-0.023909,-0.037149,-0.046935,-0.051172,-0.050611,-0.049876,-0.049645,-0.045839,-0.046575,-0.050422,-0.059999,0.000000,0.000000,0.000000,0.000000,0.000000,0.000000,0.000000,0.000000,0.000000,0.000000,0.000000,0.000000,0.000000,0.000000,0.000000,0.000000,0.000000,0.000000,0.000000,0.000000,0.000000,0.000000,0.000000,0.000000,0.000000,0.000000,0.000000,0.000000
0.000000,0.000000,0.000000,0.000000,0.000000,0.000000,0.000000,0.000000,0.000000,0.000000,0.000000,0.000000,0.000000,0.000000,0.000000,0.000000,0.000000,0.000000,0.000000,0.000000,0.000000,0.000000,0.000000,0.000000,0.000000,0.000000,0.000000,0.000000,0.000000,0.000000,-0.063219,-0.053153,-0.047340,-0.048798,-0.051969,-0.051287,-0.049516,-0.049294,-0.050313,-0.047146,-0.052575,-0.050183,-0.027785,-0.009787,-0.004322,-0.009488,-0.018875,-0.031102,-0.042697,-0.046655,-0.049426,-0.053247,-0.055016,-0.052326,-0.045293,-0.034840,-0.023504,-0.013239,-0.004229,-0.005623,-0.023729,-0.043956,-0.048216,-0.045558,-0.046526,-0.048062,-0.049535,-0.047809,-0.048134,-0.047405,-0.047715,-0.054073,-0.059389,0.000000,0.000000,0.000000,0.000000,0.000000,0.000000,0.000000,0.000000,0.000000,0.000000,0.000000,0.000000,0.000000,0.000000,0.000000,0.000000,0.000000,0.000000,0.000000,0.000000,0.000000,0.000000,0.000000,0.000000,0.000000,0.000000,0.000000,0.000000,0.000000,0.000000
0.000000,0.000000,0.000000,0.000000,0.000000,0.000000,0.000000,0.000000,0.000000,0.000000,0.000000,0.000000,0.000000,0.000000,0.000000,0.000000,0.000000,0.000000,0.000000,0.000000,0.000000,0.000000,0.000000,0.000000,0.000000,0.000000,0.000000,0.000000,0.000000,0.000000,0.000000,0.000000,-0.065151,-0.052565,-0.047142,-0.046104,-0.048124,-0.051307,-0.048802,-0.048637,-0.054272,-0.053644,-0.047215,-0.042203,-0.040560,-0.042658,-0.047659,-0.051857,-0.052346,-0.049840,-0.048022,-0.049370,-0.050666,-0.050573,-0.050742,-0.049842,-0.048284,-0.046408,-0.042418,-0.041136,-0.045075,-0.050775,-0.053469,-0.047334,-0.044918,-0.049477,-0.046284,-0.044068,-0.048117,-0.050801,-0.064901,0.000000,0.000000,0.000000,0.000000,0.000000,0.000000,0.000000,0.000000,0.000000,0.000000,0.000000,0.000000,0.000000,0.000000,0.000000,0.000000,0.000000,0.000000,0.000000,0.000000,0.000000,0.000000,0.000000,0.000000,0.000000,0.000000,0.000000,0.000000,0.000000,0.000000,0.000000,0.000000
0.000000,0.000000,0.000000,0.000000,0.000000,0.000000,0.000000,0.000000,0.000000,0.000000,0.000000,0.000000,0.000000,0.000000,0.000000,0.000000,0.000000,0.000000,0.000000,0.000000,0.000000,0.000000,0.000000,0.000000,0.000000,0.000000,0.000000,0.000000,0.000000,0.000000,0.000000,0.000000,0.000000,0.000000,-0.058155,-0.058281,-0.053994,-0.048088,-0.044907,-0.045841,-0.046192,-0.045852,-0.049737,-0.050262,-0.051904,-0.051951,-0.048780,-0.048140,-0.047826,-0.049043,-0.048026,-0.047982,-0.051359,-0.049833,-0.048247,-0.049008,-0.048670,-0.052511,-0.054940,-0.051875,-0.048895,-0.046609,-0.046276,-0.043969,-0.042951,-0.045076,-0.050491,-0.055768,-0.060143,0.000000,0.000000,0.000000,0.000000,0.000000,0.000000,0.000000,0.000000,0.000000,0.000000,0.000000,0.000000,0.000000,0.000000,0.000000,0.000000,0.000000,0.000000,0.000000,0.000000,0.000000,0.000000,0.000000,0.000000,0.000000,0.000000,0.000000,0.000000,0.000000,0.000000,0.000000,0.000000,0.000000,0.000000
0.000000,0.000000,0.000000,0.000000,0.000000,0.000000,0.000000,0.000000,0.000000,0.000000,0.000000,0.000000,0.000000,0.000000,0.000000,0.000000,0.000000,0.000000,0.000000,0.000000,0.000000,0.000000,0.000000,0.000000,0.000000,0.000000,0.000000,0.000000,0.000000,0.000000,0.000000,0.000000,0.000000,0.000000,0.000000,0.000000,0.000000,-0.060690,-0.059552,-0.058824,-0.057916,-0.054938,-0.048133,-0.047485,-0.047848,-0.044346,-0.043390,-0.044010,-0.047377,-0.048493,-0.048148,-0.051527,-0.051319,-0.049582,-0.047020,-0.044497,-0.043285,-0.044207,-0.046709,-0.048516,-0.050973,-0.053751,-0.053986,-0.055137,-0.056728,-0.060237,0.000000,0.000000,0.000000,0.000000,0.000000,0.000000,0.000000,0.000000,0.000000,0.000000,0.000000,0.000000,0.000000,0.000000,0.000000,0.000000,0.000000,0.000000,0.000000,0.000000,0.000000,0.000000,0.000000,0.000000,0.000000,0.000000,0.000000,0.000000,0.000000,0.000000,0.000000,0.000000,0.000000,0.000000,0.000000,0.000000,0.000000
0.000000,0.000000,0.000000,0.000000,0.000000,0.000000,0.000000,0.000000,0.000000,0.000000,0.000000,0.000000,0.000000,0.000000,0.000000,0.000000,0.000000,0.000000,0.000000,0.000000,0.000000,0.000000,0.000000,0.000000,0.000000,0.000000,0.000000,0.000000,0.000000,0.000000,0.000000,0.000000,0.000000,0.000000,0.000000,0.000000,0.000000,0.000000,0.000000,0.000000,0.000000,0.000000,-0.059802,-0.054784,-0.056676,-0.057315,-0.053117,-0.055275,-0.059927,-0.058452,-0.052657,-0.047711,-0.054897,-0.059846,-0.057781,-0.056527,-0.052946,-0.051870,-0.052739,-0.055423,-0.060934,0.000000,0.000000,0.000000,0.000000,0.000000,0.000000,0.000000,0.000000,0.000000,0.000000,0.000000,0.000000,0.000000,0.000000,0.000000,0.000000,0.000000,0.000000,0.000000,0.000000,0.000000,0.000000,0.000000,0.000000,0.000000,0.000000,0.000000,0.000000,0.000000,0.000000,0.000000,0.000000,0.000000,0.000000,0.000000,0.000000,0.000000,0.000000,0.000000,0.000000,0.000000,0.000000
0.000000,0.000000,0.000000,0.000000,0.000000,0.000000,0.000000,0.000000,0.000000,0.000000,0.000000,0.000000,0.000000,0.000000,0.000000,0.000000,0.000000,0.000000,0.000000,0.000000,0.000000,0.000000,0.000000,0.000000,0.000000,0.000000,0.000000,0.000000,0.000000,0.000000,0.000000,0.000000,0.000000,0.000000,0.000000,0.000000,0.000000,0.000000,0.000000,0.000000,0.000000,0.000000,0.000000,0.000000,0.000000,0.000000,0.000000,0.000000,0.000000,0.000000,0.000000,-0.059973,0.000000,0.000000,0.000000,0.000000,0.000000,0.000000,0.000000,0.000000,0.000000,0.000000,0.000000,0.000000,0.000000,0.000000,0.000000,0.000000,0.000000,0.000000,0.000000,0.000000,0.000000,0.000000,0.000000,0.000000,0.000000,0.000000,0.000000,0.000000,0.000000,0.000000,0.000000,0.000000,0.000000,0.000000,0.000000,0.000000,0.000000,0.000000,0.000000,0.000000,0.000000,0.000000,0.000000,0.000000,0.000000,0.000000,0.000000,0.000000,0.000000,0.000000,0.000000
0.000000,0.000000,0.000000,0.000000,0.000000,0.000000,0.000000,0.000000,0.000000,0.000000,0.000000,0.000000,0.000000,0.000000,0.000000,0.000000,0.000000,0.000000,0.000000,0.000000,0.000000,0.000000,0.000000,0.000000,0.000000,0.000000,0.000000,0.000000,0.000000,0.000000,0.000000,0.000000,0.000000,0.000000,0.000000,0.000000,0.000000,0.000000,0.000000,0.000000,0.000000,0.000000,0.000000,0.000000,0.000000,0.000000,0.000000,0.000000,0.000000,0.000000,0.000000,0.000000,0.000000,0.000000,0.000000,0.000000,0.000000,0.000000,0.000000,0.000000,0.000000,0.000000,0.000000,0.000000,0.000000,0.000000,0.000000,0.000000,0.000000,0.000000,0.000000,0.000000,0.000000,0.000000,0.000000,0.000000,0.000000,0.000000,0.000000,0.000000,0.000000,0.000000,0.000000,0.000000,0.000000,0.000000,0.000000,0.000000,0.000000,0.000000,0.000000,0.000000,0.000000,0.000000,0.000000,0.000000,0.000000,0.000000,0.000000,0.000000,0.000000,0.000000,0.000000
