0.000000,0.000000,0.000000,0.000000,0.000000,0.000000,0.000000,0.000000,0.000000,0.000000,0.000000,0.000000,0.000000,0.000000,0.000000,0.000000,0.000000,0.000000,0.000000,0.000000,0.000000,0.000000,0.000000,0.000000,0.000000,0.000000,0.000000,0.000000,0.000000,0.000000,0.000000,0.000000,0.000000,0.000000,0.000000,0.000000,0.000000,0.000000,0.000000,0.000000,0.000000,0.000000,0.000000,0.000000,0.000000,0.000000,0.000000,0.000000,0.000000,0.000000,0.000000,0.000000,0.000000,0.000000,0.000000,0.000000,0.000000,0.000000,0.000000,0.000000,0.000000,0.000000,0.000000,0.000000,0.000000,0.000000,0.000000,0.000000,0.000000,0.000000,0.000000,0.000000,0.000000,0.000000,0.000000,0.000000,0.000000,0.000000,0.000000,0.000000,0.000000,0.000000,0.000000,0.000000,0.000000,0.000000,0.000000,0.000000,0.000000,0.000000,0.000000,0.000000,0.000000,0.000000,0.000000,0.000000,0.000000,0.000000,0.000000,0.000000,0.000000,0.000000,0.000000
0.000000,0.000000,0.000000,0.000000,0.000000,0.000000,0.000000,0.000000,0.000000,0.000000,0.000000,0.000000,0.000000,0.000000,0.000000,0.000000,0.000000,0.000000,0.000000,0.000000,0.000000,0.000000,0.000000,0.000000,0.000000,0.000000,0.000000,0.000000,0.000000,0.000000,0.000000,0.000000,0.000000,0.000000,0.000000,0.000000,0.000000,0.000000,0.000000,0.000000,0.000000,0.000000,0.000000,0.000000,0.000000,0.000000,0.000000,0.000000,0.000000,0.000000,0.000000,-0.000002,0.000000,0.000000,0.000000,0.000000,0.000000,0.000000,0.000000,0.000000,0.000000,0.000000,0.000000,0.000000,0.000000,0.000000,0.000000,0.000000,0.000000,0.000000,0.000000,0.000000,0.000000,0.000000,0.000000,0.000000,0.000000,0.000000,0.000000,0.000000,0.000000,0.000000,0.000000,0.000000,0.000000,0.000000,0.000000,0.000000,0.000000,0.000000,0.000000,0.000000,0.000000,0.000000,0.000000,0.000000,0.000000,0.000000,0.000000,0.000000,0.000000,0.000000,0.000000
0.000000,0.000000,0.000000,0.000000,0.000000,0.000000,0.000000,0.000000,0.000000,0.000000,0.000000,0.000000,0.000000,0.000000,0.000000,0.000000,0.000000,0.000000,0.000000,0.000000,0.000000,0.000000,0.000000,0.000000,0.000000,0.000000,0.000000,0.000000,0.000000,0.000000,0.000000,0.000000,0.000000,0.000000,0.000000,0.000000,0.000000,0.000000,0.000000,0.000000,0.000000,0.000000,-0.000009,0.000002,0.000000,-0.000006,0.000010,-0.000009,0.000002,-0.000006,0.000002,-0.000005,-0.000001,0.000000,-0.000005,0.000005,-0.000004,-0.000002,0.000002,-0.000000,-0.000000,0.000000,0.000000,0.000000,0.000000,0.000000,0.000000,0.000000,0.000000,0.000000,0.000000,0.000000,0.000000,0.000000,0.000000,0.000000,0.000000,0.000000,0.000000,0.000000,0.000000,0.000000,0.000000,0.000000,0.000000,0.000000,0.000000,0.000000,0.000000,0.000000,0.000000,0.000000,0.000000,0.000000,0.000000,0.000000,0.000000,0.000000,0.000000,0.000000,0.000000,0.000000,0.000000
0.000000,0.000000,0.000000,0.000000,0.000000,0.000000,0.000000,0.000000,0.000000,0.000000,0.000000,0.000000,0.000000,0.000000,0.000000,0.000000,0.000000,0.000000,0.000000,0.000000,0.000000,0.000000,0.000000,0.000000,0.000000,0.000000,0.000000,0.000000,0.000000,0.000000,0.000000,0.000000,0.000000,0.000000,0.000000,0.000000,0.000000,0.000005,-0.000001,-0.000000,0.000002,0.000001,0.000005,0.000001,0.000012,0.000009,-0.000001,0.000010,-0.000006,0.000001,0.000011,0.000002,0.000007,-0.000003,0.000009,-0.000005,0.000000,-0.000003,-0.000001,-0.000003,0.000000,0.000008,0.000004,-0.000006,0.000001,-0.000003,0.000000,0.000000,0.000000,0.000000,0.000000,0.000000,0.000000,0.000000,0.000000,0.000000,0.000000,0.000000,0.000000,0.000000,0.000000,0.000000,0.000000,0.000000,0.000000,0.000000,0.000000,0.000000,0.000000,0.000000,0.000000,0.000000,0.000000,0.000000,0.000000,0.000000,0.000000,0.000000,0.000000,0.000000,0.000000,0.000000,0.000000
0.000000,0.000000,0.000000,0.000000,0.000000,0.000000,0.000000,0.000000,0.000000,0.000000,0.000000,0.000000,0.000000,0.000000,0.000000,0.000000,0.000000,0.000000,0.000000,0.000000,0.000000,0.000000,0.000000,0.000000,0.000000,0.000000,0.000000,0.000000,0.000000,0.000000,0.000000,0.000000,0.000000,0.000000,-0.000001,-0.000002,0.000000,-0.000007,0.000005,-0.000002,-0.000004,0.000000,0.000007,-0.000001,-0.000006,0.000003,-0.000009,-0.000009,0.000012,-0.000002,-0.000006,-0.000013,-0.000001,0.000001,-0.000004,0.000007,-0.000005,0.000004,0.000006,0.000003,-0.000005,-0.000010,0.000002,-0.000004,0.000010,-0.000002,-0.000001,-0.000003,0.000002,0.000000,0.000000,0.000000,0.000000,0.000000,0.000000,0.000000,0.000000,0.000000,0.000000,0.000000,0.000000,0.000000,0.000000,0.000000,0.000000,0.000000,0.000000,0.000000,0.000000,0.000000,0.000000,0.000000,0.000000,0.000000,0.000000,0.000000,0.000000,0.000000,0.000000,0.000000,0.000000,0.000000,0.000000
0.000000,0.000000,0.000000,0.000000,0.000000,0.000000,0.000000,0.000000,0.000000,0.000000,0.000000,0.000000,0.000000,0.000000,0.000000,0.000000,0.000000,0.000000,0.000000,0.000000,0.000000,0.000000,0.000000,0.000000,0.000000,0.000000,0.000000,0.000000,0.000000,0.000000,0.000000,0.000000,0.000004,-0.000005,0.000011,-0.000002,0.000009,0.000006,0.000000,-0.000011,0.000017,-0.000016,-0.000002,-0.000003,-0.000005,-0.000001,0.000005,-0.000015,0.000008,0.000000,0.000007,0.000002,0.000013,0.000002,0.000006,-0.000001,0.000000,0.000001,-0.000001,0.000002,0.000001,-0.000009,0.000006,0.000005,-0.000005,-0.000001,0.000006,0.000006,-0.000005,0.000005,0.000000,0.000000,0.000000,0.000000,0.000000,0.000000,0.000000,0.000000,0.000000,0.000000,0.000000,0.000000,0.000000,0.000000,0.000000,0.000000,0.000000,0.000000,0.000000,0.000000,0.000000,0.000000,0.000000,0.000000,0.000000,0.000000,0.000000,0.000000,0.000000,0.000000,0.000000,0.000000,0.000000
0.000000,0.000000,0.000000,0.000000,0.000000,0.000000,0.000000,0.000000,0.000000,0.000000,0.000000,0.000000,0.000000,0.000000,0.000000,0.000000,0.000000,0.000000,0.000000,0.000000,0.000000,0.000000,0.000000,0.000000,0.000000,0.000000,0.000000,0.000000,0.000000,0.000000,0.000006,-0.000010,-0.000001,-0.000001,-0.000003,-0.000005,-0.000004,-0.000010,0.000009,-0.000009,0.000011,0.000010,-0.000015,0.000008,-0.000001,0.000005,0.000002,-0.000005,0.000001,-0.000005,0.000002,-0.000001,-0.000005,-0.000002,-0.000006,-0.000005,-0.000009,-0.000002,-0.000002,0.000003,0.000007,0.000003,0.000002,-0.000004,-0.000003,-0.000002,-0.000003,-0.000008,0.000010,-0.000005,-0.000003,-0.000012,0.000003,0.000000,0.000000,0.000000,0.000000,0.000000,0.000000,0.000000,0.000000,0.000000,0.000000,0.000000,0.000000,0.000000,0.000000,0.000000,0.000000,0.000000,0.000000,0.000000,0.000000,0.000000,0.000000,0.000000,0.000000,0.000000,0.000000,0.000000,0.000000,0.000000,0.000000
0.000000,0.000000,0.000000,0.000000,0.000000,0.000000,0.000000,0.000000,0.000000,0.000000,0.000000,0.000000,0.000000,0.000000,0.000000,0.000000,0.000000,0.000000,0.000000,0.000000,0.000000,0.000000,0.000000,0.000000,0.000000,0.000000,0.000000,0.000000,0.000003,-0.000014,0.000004,0.000000,0.000009,0.000001,0.000015,-0.000013,0.000008,0.000002,-0.000002,-0.000001,-0.000005,0.000002,-0.000007,0.000011,-0.000005,0.000002,-0.000004,-0.000004,0.000009,0.000008,0.000011,0.000002,-0.000001,-0.000008,0.000005,0.000007,0.000006,0.000008,-0.000008,0.000002,0.000001,0.000002,-0.000002,-0.000008,0.000002,0.000011,-0.000006,0.000003,0.000000,0.000009,-0.000006,0.000019,0.000008,-0.000005,0.000003,0.000000,0.000000,0.000000,0.000000,0.000000,0.000000,0.000000,0.000000,0.000000,0.000000,0.000000,0.000000,0.000000,0.000000,0.000000,0.000000,0.000000,0.000000,0.000000,0.000000,0.000000,0.000000,0.000000,0.000000,0.000000,0.000000,0.000000,0.000000
0.000000,0.000000,0.000000,0.000000,0.000000,0.000000,0.000000,0.000000,0.000000,0.000000,0.000000,0.000000,0.000000,0.000000,0.000000,0.000000,0.000000,0.000000,0.000000,0.000000,0.000000,0.000000,0.000000,0.000000,0.000000,0.000000,-0.000001,-0.000002,0.000005,-0.000007,0.000009,-0.000000,-0.000005,0.000000,-0.000006,-0.000000,0.000000,-0.000006,-0.000002,0.000010,0.000000,0.000000,0.000001,-0.000002,0.000002,-0.000000,0.000003,-0.000003,0.000004,-0.000013,-0.000022,-0.000010,0.000004,-0.000002,0.000010,-0.000013,0.000001,-0.000002,-0.000010,0.000002,-0.000004,0.000001,0.000011,-0.000001,0.000000,0.000003,0.000003,-0.000003,0.000001,-0.000009,-0.000002,-0.000007,-0.000009,0.000004,-0.000004,0.000005,-0.000008,0.000000,0.000000,0.000000,0.000000,0.000000,0.000000,0.000000,0.000000,0.000000,0.000000,0.000000,0.000000,0.000000,0.000000,0.000000,0.000000,0.000000,0.000000,0.000000,0.000000,0.000000,0.000000,0.000000,0.000000,0.000000,0.000000
0.000000,0.000000,0.000000,0.000000,0.000000,0.000000,0.000000,0.000000,0.000000,0.000000,0.000000,0.000000,0.000000,0.000000,0.000000,0.000000,0.000000,0.000000,0.000000,0.000000,0.000000,0.000000,0.000000,0.000000,-0.000004,-0.000004,0.000007,-0.000004,0.000018,-0.000008,0.000001,-0.000011,-0.000003,0.000009,0.000003,0.000004,0.000009,0.000006,-0.000016,0.000012,-0.000005,0.000004,-0.000009,-0.000006,0.000011,0.000006,-0.000006,-0.000008,0.000014,0.000007,0.000008,0.000004,0.000012,0.000002,-0.000001,-0.000011,0.000010,0.000001,0.000016,0.000006,-0.000018,-0.000000,0.000014,-0.000007,-0.000009,0.000006,-0.000015,-0.000011,0.000002,0.000002,0.000002,0.000007,-0.000006,0.000001,0.000001,0.000004,0.000002,-0.000005,-0.000001,0.000000,0.000000,0.000000,0.000000,0.000000,0.000000,0.000000,0.000000,0.000000,0.000000,0.000000,0.000000,0.000000,0.000000,0.000000,0.000000,0.000000,0.000000,0.000000,0.000000,0.000000,0.000000,0.000000,0.000000
0.000000,0.000000,0.000000,0.000000,0.000000,0.000000,0.000000,0.000000,0.000000,0.000000,0.000000,0.000000,0.000000,0.000000,0.000000,0.000000,0.000000,0.000000,0.000000,0.000000,0.000000,0.000000,0.000000,0.000007,-0.000012,0.000007,0.000014,-0.000019,-0.000000,-0.000008,0.000010,-0.000001,0.000009,-0.000014,-0.000001,-0.000011,-0.000010,-0.000000,0.000004,-0.000005,-0.000014,0.000007,-0.000008,0.000003,-0.000010,-0.000007,0.000005,0.000005,-0.000001,-0.000012,0.000011,-0.000010,-0.000012,-0.000002,0.000010,-0.000004,0.000009,-0.000013,-0.000002,0.000014,-0.000015,0.000007,0.000003,-0.000018,0.000006,0.000005,0.000009,-0.000001,0.000014,0.000003,-0.000003,0.000003,0.000007,-0.000001,0.000002,0.000000,0.000007,0.000008,0.000007,0.000003,0.000000,0.000000,0.000000,0.000000,0.000000,0.000000,0.000000,0.000000,0.000000,0.000000,0.000000,0.000000,0.000000,0.000000,0.000000,0.000000,0.000000,0.000000,0.000000,0.000000,0.000000,0.000000,0.000000
0.000000,0.000000,0.000000,0.000000,0.000000,0.000000,0.000000,0.000000,0.000000,0.000000,0.000000,0.000000,0.000000,0.000000,0.000000,0.000000,0.000000,0.000000,0.000000,0.000000,0.000000,0.000003,-0.000005,0.000004,0.000006,-0.000001,-0.000005,0.000006,-0.000004,0.000003,0.000005,-0.000011,0.000012,-0.000002,0.000000,0.000017,0.000000,0.000012,0.000005,0.000001,0.000015,-0.000001,0.000002,0.000014,-0.000000,0.000006,-0.000001,-0.000010,-0.000004,0.000008,0.000009,0.000003,-0.000007,0.000012,-0.000004,-0.000002,-0.000005,0.000007,0.000001,-0.000017,0.000016,-0.000008,-0.000000,0.000000,0.000013,-0.000002,0.000001,-0.000012,-0.000000,-0.000004,-0.000001,0.000002,0.000002,-0.000008,-0.000009,-0.000002,-0.000004,-0.000005,-0.000009,0.000001,-0.000001,0.000004,0.000000,0.000000,0.000000,0.000000,0.000000,0.000000,0.000000,0.000000,0.000000,0.000000,0.000000,0.000000,0.000000,0.000000,0.000000,0.000000,0.000000,0.000000,0.000000,0.000000,0.000000
0.000000,0.000000,0.000000,0.000000,0.000000,0.000000,0.000000,0.000000,0.000000,0.000000,0.000000,0.000000,0.000000,0.000000,0.000000,0.000000,0.000000,0.000000,0.000000,0.000000,-0.000001,-0.000004,-0.000002,-0.000012,0.000006,-0.000010,-0.000008,0.000002,0.000003,0.000018,-0.000011,-0.000002,-0.000006,-0.000007,-0.000001,0.000002,-0.000008,-0.000013,-0.000004,-0.000003,-0.000002,0.000002,-0.000006,-0.000013,0.000000,-0.000005,-0.000000,-0.000006,0.000010,-0.000006,-0.000003,-0.000007,-0.000003,0.000005,-0.000012,-0.000008,0.000004,0.000006,0.000005,-0.000002,-0.000009,0.000012,-0.000012,0.000014,0.000001,-0.000011,0.000004,0.000005,0.000007,0.000010,-0.000012,0.000001,0.000006,-0.000004,-0.000002,0.000006,-0.000008,0.000015,0.000006,-0.000006,0.000005,-0.000004,-0.000004,0.000000,0.000000,0.000000,0.000000,0.000000,0.000000,0.000000,0.000000,0.000000,0.000000,0.000000,0.000000,0.000000,0.000000,0.000000,0.000000,0.000000,0.000000,0.000000,0.000000
0.000000,0.000000,0.000000,0.000000,0.000000,0.000000,0.000000,0.000000,0.000000,0.000000,0.000000,0.000000,0.000000,0.000000,0.000000,0.000000,0.000000,0.000000,0.000000,-0.000004,0.000005,0.000011,0.000002,-0.000005,0.000015,0.000011,-0.000008,0.000015,-0.000021,-0.000004,-0.000005,-0.000002,0.000012,0.000008,0.000000,0.000003,-0.000004,0.000005,-0.000001,0.000004,-0.000008,-0.000003,0.000013,0.000005,-0.000002,0.000018,0.000003,-0.000005,0.000003,0.000008,-0.000002,-0.000005,0.000002,0.000001,0.000008,0.000003,0.000000,0.000007,-0.000002,0.000000,0.000001,0.000007,-0.000007,0.000000,-0.000013,-0.000000,0.000012,-0.000009,-0.000019,0.000003,-0.000003,-0.000006,0.000004,0.000007,-0.000005,-0.000003,0.000001,-0.000000,0.000003,-0.000006,0.000001,0.000005,-0.000008,-0.000005,0.000000,0.000000,0.000000,0.000000,0.000000,0.000000,0.000000,0.000000,0.000000,0.000000,0.000000,0.000000,0.000000,0.000000,0.000000,0.000000,0.000000,0.000000,0.000000
0.000000,0.000000,0.000000,0.000000,0.000000,0.000000,0.000000,0.000000,0.000000,0.000000,0.000000,0.000000,0.000000,0.000000,0.000000,0.000000,0.000000,0.000000,0.000005,-0.000009,-0.000006,-0.000003,0.000011,-0.000008,-0.000001,-0.000008,0.000007,-0.000001,0.000012,-0.000002,0.000015,0.000000,-0.000009,0.000013,-0.000021,0.000009,-0.000013,0.000011,0.000000,0.000000,0.000005,0.000001,-0.000010,-0.000003,-0.000018,-0.000004,0.000005,0.000006,-0.000012,-0.000003,-0.000005,-0.000000,0.000017,-0.000008,-0.000003,0.000011,-0.000005,-0.000015,-0.000003,0.000004,0.000008,-0.000003,-0.000001,0.000008,-0.000007,0.000002,0.000001,-0.000010,0.000006,-0.000004,-0.000004,0.000011,-0.000002,0.000002,0.000001,-0.000001,0.000005,0.000001,-0.000016,-0.000008,0.000005,-0.000002,0.000004,0.000009,0.000006,0.000000,0.000000,0.000000,0.000000,0.000000,0.000000,0.000000,0.000000,0.000000,0.000000,0.000000,0.000000,0.000000,0.000000,0.000000,0.000000,0.000000,0.000000
0.000000,0.000000,0.000000,0.000000,0.000000,0.000000,0.000000,0.000000,0.000000,0.000000,0.000000,0.000000,0.000000,0.000000,0.000000,0.000000,0.000000,0.000008,-0.000001,0.000006,-0.000001,-0.000001,0.000001,-0.000003,-0.000003,-0.000001,-0.000008,-0.000003,0.000002,-0.000012,0.000008,-0.000009,0.000007,-0.000001,0.000003,-0.000002,0.000012,-0.000008,-0.000007,0.000011,0.000009,-0.000002,0.000003,0.000013,-0.000007,0.000006,-0.000001,-0.000007,0.000002,0.000001,0.000001,-0.000018,0.000008,-0.000030,-0.000003,0.000003,0.000018,-0.000003,-0.000008,0.000005,-0.000005,-0.000007,0.000000,0.000000,-0.000002,0.000016,-0.000019,0.000010,0.000012,-0.000008,-0.000001,0.000009,-0.000004,-0.000016,0.000007,-0.000004,0.000015,-0.000012,0.000017,0.000004,-0.000001,-0.000001,-0.000005,-0.000002,0.000009,-0.000004,0.000000,0.000000,0.000000,0.000000,0.000000,0.000000,0.000000,0.000000,0.000000,0.000000,0.000000,0.000000,0.000000,0.000000,0.000000,0.000000,0.000000
0.000000,0.000000,0.000000,0.000000,0.000000,0.000000,0.000000,0.000000,0.000000,0.000000,0.000000,0.000000,0.000000,0.000000,0.000000,0.000000,0.000004,-0.000005,-0.000004,-0.000003,0.000005,-0.000005,0.000002,0.000009,-0.000007,0.000014,0.000010,-0.000011,0.000005,0.000008,-0.000010,0.000005,-0.000008,0.000004,0.000002,-0.000009,-0.000002,0.000009,-0.000002,-0.000012,-0.000001,-0.000015,0.000003,-0.000006,0.000016,0.000006,-0.000009,0.000009,0.000007,0.000006,0.000001,0.000013,0.000004,0.000022,0.000007,-0.000001,-0.000013,0.000009,0.000010,-0.000004,-0.000001,-0.000001,0.000012,-0.000004,-0.000003,0.000003,-0.000012,0.000007,-0.000006,0.000013,-0.000011,0.000011,-0.000006,-0.000003,0.000009,-0.000011,-0.000003,0.000002,-0.000002,0.000006,-0.000007,-0.000000,-0.000007,-0.000003,-0.000003,-0.000006,0.000000,0.000000,0.000000,0.000000,0.000000,0.000000,0.000000,0.000000,0.000000,0.000000,0.000000,0.000000,0.000000,0.000000,0.000000,0.000000,0.000000
0.000000,0.000000,0.000000,0.000000,0.000000,0.000000,0.000000,0.000000,0.000000,0.000000,0.000000,0.000000,0.000000,0.000000,0.000000,0.000008,-0.000005,0.000001,0.000006,-0.000006,0.000005,-0.000006,0.000000,-0.000015,-0.000000,-0.000016,-0.000001,-0.000001,-0.000005,0.000002,-0.000002,0.000002,-0.000004,0.000010,-0.000014,0.000012,-0.000002,0.000013,-0.000005,0.000007,-0.000002,0.000005,0.000006,-0.000002,0.000001,-0.000003,-0.000010,0.000006,-0.000011,-0.000007,-0.000006,-0.000010,-0.000004,0.000002,-0.000005,-0.000002,-0.000009,0.000001,-0.000007,-0.000002,0.000008,-0.000004,-0.000007,-0.000002,0.000004,0.000009,0.000006,0.000004,-0.000007,-0.000001,-0.000010,0.000003,-0.000005,0.000010,-0.000001,-0.000012,0.000003,-0.000011,0.000000,-0.000004,0.000002,-0.000001,0.000015,-0.000006,0.000003,0.000003,0.000002,-0.000004,0.000000,0.000000,0.000000,0.000000,0.000000,0.000000,0.000000,0.000000,0.000000,0.000000,0.000000,0.000000,0.000000,0.000000,0.000000
0.000000,0.000000,0.000000,0.000000,0.000000,0.000000,0.000000,0.000000,0.000000,0.000000,0.000000,0.000000,0.000000,0.000000,0.000005,-0.000001,-0.000004,0.000006,-0.000004,0.000002,-0.000002,0.000012,0.000007,0.000006,0.000021,0.000004,-0.000004,0.000015,0.000011,0.000006,-0.000004,0.000004,-0.000005,-0.000005,0.000008,-0.000000,-0.000012,-0.000004,-0.000002,-0.000002,0.000004,0.000001,0.000003,-0.000007,-0.000010,-0.000002,0.000012,0.000013,0.000002,0.000005,0.000016,0.000004,-0.000006,-0.000006,0.000006,0.000002,0.000010,0.000002,0.000008,-0.000019,0.000017,0.000001,-0.000009,0.000011,-0.000007,0.000005,-0.000020,0.000006,-0.000006,0.000004,0.000015,-0.000005,0.000008,0.000001,0.000007,0.000002,0.000003,0.000005,-0.000001,0.000003,-0.000002,0.000002,-0.000010,-0.000005,0.000013,0.000003,-0.000003,-0.000001,0.000001,0.000000,0.000000,0.000000,0.000000,0.000000,0.000000,0.000000,0.000000,0.000000,0.000000,0.000000,0.000000,0.000000,0.000000
0.000000,0.000000,0.000000,0.000000,0.000000,0.000000,0.000000,0.000000,0.000000,0.000000,0.000000,0.000000,0.000000,-0.000004,-0.000009,0.000006,-0.000003,-0.000006,0.000002,0.000002,-0.000007,-0.000002,-0.000007,-0.000019,-0.000002,-0.000001,-0.000019,-0.000007,-0.000006,-0.000002,0.000003,0.000000,0.000003,0.000005,-0.000004,0.000002,0.000005,0.000006,-0.000001,0.000004,0.000012,-0.000020,0.000011,0.000007,-0.000004,-0.000003,-0.000000,-0.000018,-0.000013,-0.000003,-0.000009,-0.000006,0.000002,0.000000,-0.000007,0.000005,-0.000004,-0.000007,0.000008,-0.000010,0.000002,-0.000005,-0.000002,0.000011,0.000005,0.000003,-0.000004,0.000020,-0.000003,-0.000011,-0.000005,-0.000002,-0.000011,-0.000005,-0.000014,0.000012,-0.000003,-0.000007,0.000002,0.000008,0.000005,-0.000000,0.000002,0.000005,-0.000006,-0.000007,0.000002,-0.000002,0.000003,-0.000005,0.000000,0.000000,0.000000,0.000000,0.000000,0.000000,0.000000,0.000000,0.000000,0.000000,0.000000,0.000000,0.000000
0.000000,0.000000,0.000000,0.000000,0.000000,0.000000,0.000000,0.000000,0.000000,0.000000,0.000000,0.000000,-0.000001,0.000005,-0.000006,-0.000001,0.000005,0.000005,-0.000002,-0.000007,0.000010,-0.000002,0.000006,0.000009,0.000011,0.000004,0.000008,0.000009,0.000006,-0.000005,-0.000003,-0.000001,0.000006,-0.000010,-0.000003,0.000008,-0.000005,0.000002,-0.000008,-0.000004,-0.000005,-0.000004,-0.000005,0.000004,0.000008,0.000002,0.000014,0.000002,0.000023,-0.000000,0.000009,0.000001,0.000015,-0.000015,0.000009,-0.000010,-0.000007,-0.000006,0.000006,0.000006,0.000000,0.000002,-0.000006,0.000001,-0.000005,-0.000010,-0.000010,-0.000007,0.000006,0.000005,-0.000004,0.000012,-0.000001,-0.000003,0.000008,0.000007,-0.000013,0.000012,0.000000,-0.000009,-0.000002,0.000000,0.000007,-0.000002,-0.000004,0.000007,0.000002,0.000008,0.000004,0.000000,-0.000001,0.000000,0.000000,0.000000,0.000000,0.000000,0.000000,0.000000,0.000000,0.000000,0.000000,0.000000,0.000000
0.000000,0.000000,0.000000,0.000000,0.000000,0.000000,0.000000,0.000000,0.000000,0.000000,0.000000,0.000003,-0.000004,0.000011,-0.000003,-0.000001,-0.000005,-0.000006,0.000012,-0.000002,-0.000002,0.000006,-0.000008,0.000002,-0.000011,-0.000005,-0.000002,-0.000013,-0.000006,-0.000003,-0.000006,0.000005,0.000007,-0.000001,-0.000003,0.000003,0.000002,-0.000007,0.000006,0.000006,0.000006,0.000008,-0.000002,0.000003,-0.000009,-0.000017,-0.000003,-0.000013,-0.000007,-0.000005,-0.000003,-0.000003,0.000007,-0.000015,0.000023,-0.000000,0.000025,-0.000001,0.000005,-0.000006,0.000001,0.000009,0.000006,-0.000003,-0.000003,0.000017,0.000005,0.000007,0.000002,0.000002,-0.000001,0.000004,-0.000000,-0.000005,0.000004,0.000009,0.000006,0.000002,0.000006,0.000001,0.000003,0.000000,-0.000016,-0.000003,0.000001,-0.000001,0.000004,-0.000008,0.000003,-0.000001,-0.000006,0.000006,0.000000,0.000000,0.000000,0.000000,0.000000,0.000000,0.000000,0.000000,0.000000,0.000000,0.000000
0.000000,0.000000,0.000000,0.000000,0.000000,0.000000,0.000000,0.000000,0.000000,0.000000,0.000000,-0.000005,-0.000002,0.000002,0.000011,0.000001,0.000002,0.000000,0.000007,-0.000007,0.000006,-0.000008,-0.000005,0.000006,-0.000006,0.000006,0.000009,0.000011,0.000006,0.000023,-0.000004,-0.000003,0.000001,-0.000006,0.000001,0.000004,0.000002,-0.000009,0.000010,-0.000011,-0.000005,0.000003,-0.000009,0.000006,0.000009,0.000006,0.000010,0.000006,0.000005,0.000004,-0.000003,0.000003,-0.000007,-0.000011,0.000002,-0.000013,-0.000002,-0.000006,-0.000005,-0.000006,-0.000001,-0.000015,-0.000011,0.000001,0.000002,0.000003,-0.000011,-0.000013,-0.000001,-0.000006,-0.000004,0.000005,-0.000005,0.000008,-0.000003,-0.000010,-0.000010,-0.000005,0.000004,-0.000010,0.000008,0.000001,0.000012,0.000005,0.000008,-0.000002,-0.000010,0.000006,-0.000003,0.000002,0.000007,-0.000001,0.000000,0.000000,0.000000,0.000000,0.000000,0.000000,0.000000,0.000000,0.000000,0.000000,0.000000
0.000000,0.000000,0.000000,0.000000,0.000000,0.000000,0.000000,0.000000,0.000000,0.000000,0.000007,0.000004,-0.000012,-0.000005,-0.000008,-0.000003,0.000009,-0.000015,0.000006,-0.000019,0.000009,0.000002,0.000006,0.000014,-0.000003,-0.000006,-0.000003,-0.000024,-0.000009,-0.000017,0.000002,0.000007,-0.000006,-0.000006,0.000008,-0.000011,-0.000006,0.000005,0.000002,-0.000010,0.000010,0.000005,-0.000011,-0.000003,0.000006,-0.000008,-0.000003,-0.000003,0.000002,0.000004,-0.000003,-0.000006,0.000015,0.000007,0.000003,-0.000004,0.000014,0.000009,-0.000003,0.000006,-0.000002,0.000015,0.000004,-0.000003,-0.000002,-0.000000,0.000006,0.000009,-0.000001,0.000008,0.000000,0.000003,-0.000004,-0.000006,0.000006,0.000006,-0.000005,0.000012,-0.000006,0.000005,-0.000005,-0.000013,-0.000002,-0.000016,0.000000,-0.000003,-0.000002,0.000004,-0.000011,0.000005,0.000001,-0.000016,0.000010,0.000000,0.000000,0.000000,0.000000,0.000000,0.000000,0.000000,0.000000,0.000000,0.000000
0.000000,0.000000,0.000000,0.000000,0.000000,0.000000,0.000000,0.000000,0.000000,-0.000004,-0.000012,0.000006,0.000006,0.000015,-0.000001,-0.000003,-0.000007,-0.000000,0.000021,-0.000002,0.000011,-0.000011,-0.000006,-0.000003,-0.000008,0.000005,-0.000002,0.000009,0.000014,0.000017,0.000016,0.000008,-0.000010,0.000014,-0.000009,0.000008,0.000001,0.000008,-0.000004,-0.000009,0.000007,0.000009,0.000007,-0.000002,-0.000003,0.000006,0.000013,0.000019,-0.000024,-0.000009,0.000010,-0.000003,-0.000009,-0.000011,-0.000000,0.000009,-0.000007,-0.000019,0.000006,0.000002,-0.000011,0.000005,-0.000002,0.000003,0.000012,-0.000015,0.000001,-0.000001,-0.000016,0.000010,-0.000010,-0.000003,-0.000000,-0.000005,0.000010,-0.000017,0.000008,-0.000005,-0.000006,0.000017,-0.000009,0.000004,0.000009,-0.000000,0.000007,-0.000012,0.000012,0.000000,0.000006,0.000009,0.000001,-0.000000,-0.000008,-0.000002,0.000000,0.000000,0.000000,0.000000,0.000000,0.000000,0.000000,0.000000,0.000000
0.000000,0.000000,0.000000,0.000000,0.000000,0.000000,0.000000,0.000000,0.000000,-0.000004,0.000007,-0.000001,-0.000010,0.000011,-0.000008,-0.000001,0.000014,-0.000016,0.000004,-0.000001,0.000004,-0.000005,0.000006,-0.000006,0.000005,0.000015,0.000005,0.000009,-0.000005,-0.000023,-0.000031,-0.000007,-0.000010,0.000005,-0.000005,0.000000,0.000002,-0.000008,0.000005,0.000015,-0.000016,-0.000009,0.000008,-0.000008,-0.000005,-0.000009,-0.000031,0.000007,0.000012,-0.000004,0.000023,-0.000014,0.000009,0.000002,-0.000016,-0.000001,-0.000006,0.000007,0.000003,-0.000001,-0.000005,-0.000001,-0.000004,-0.000001,-0.000002,0.000003,0.000006,0.000003,0.000002,0.000000,0.000010,0.000004,0.000003,-0.000002,0.000003,0.000013,-0.000011,0.000007,-0.000007,0.000006,-0.000004,0.000004,0.000000,-0.000003,-0.000000,0.000008,-0.000011,-0.000003,-0.000004,-0.000008,0.000004,-0.000011,0.000002,0.000008,0.000000,0.000000,0.000000,0.000000,0.000000,0.000000,0.000000,0.000000,0.000000
0.000000,0.000000,0.000000,0.000000,0.000000,0.000000,0.000000,0.000000,-0.000001,0.000007,0.000014,-0.000005,-0.000008,-0.000008,0.000007,-0.000008,0.000010,-0.000001,-0.000004,-0.000019,0.000008,-0.000002,0.000009,-0.000003,-0.000002,0.000005,-0.000037,-0.000013,-0.000012,0.000014,0.000026,0.000013,0.000017,0.000012,-0.000002,0.000002,-0.000002,-0.000000,-0.000006,-0.000002,-0.000002,0.000001,0.000014,-0.000001,0.000028,0.000017,0.000002,-0.000010,-0.000009,-0.000023,-0.000003,-0.000003,-0.000004,0.000016,0.000006,0.000009,0.000003,0.000010,-0.000001,0.000004,-0.000003,0.000013,0.000003,0.000006,-0.000006,-0.000008,0.000011,-0.000010,-0.000002,-0.000002,-0.000000,-0.000000,0.000002,0.000003,-0.000015,-0.000004,0.000001,0.000013,-0.000014,-0.000005,-0.000002,0.000010,0.000002,-0.000005,-0.000009,0.000006,-0.000008,0.000006,0.000007,0.000007,-0.000003,0.000005,-0.000013,0.000001,0.000002,0.000000,0.000000,0.000000,0.000000,0.000000,0.000000,0.000000,0.000000
0.000000,0.000000,0.000000,0.000000,0.000000,0.000000,0.000000,0.000000,-0.000002,-0.000004,-0.000019,0.000006,0.000002,0.000015,-0.000001,-0.000003,-0.000011,-0.000001,0.000015,-0.000007,0.000009,-0.000013,0.000011,-0.000024,0.000009,0.000009,-0.000013,0.000047,0.000006,0.000018,-0.000014,-0.000020,-0.000027,-0.000021,-0.000018,0.000006,0.000003,0.000014,0.000002,0.000001,0.000010,-0.000016,-0.000010,-0.000035,-0.000024,-0.000000,0.000010,0.000009,0.000037,-0.000003,0.000009,-0.000002,-0.000018,0.000018,-0.000016,-0.000001,-0.000012,-0.000002,-0.000012,0.000010,-0.000003,-0.000000,-0.000008,0.000001,0.000001,-0.000007,-0.000001,-0.000003,0.000011,-0.000003,-0.000008,-0.000008,-0.000003,0.000014,0.000003,0.000007,-0.000012,0.000005,0.000006,0.000001,0.000005,-0.000002,0.000006,0.000002,-0.000001,0.000003,0.000000,0.000001,-0.000013,-0.000007,0.000007,0.000002,0.000013,-0.000001,0.000004,0.000000,0.000000,0.000000,0.000000,0.000000,0.000000,0.000000,0.000000
0.000000,0.000000,0.000000,0.000000,0.000000,0.000000,0.000000,0.000003,0.000005,0.000018,-0.000000,-0.000004,0.000003,-0.000021,0.000012,0.000002,0.000005,-0.000005,0.000011,-0.000006,0.000006,-0.000006,0.000006,-0.000009,0.000014,-0.000005,-0.000012,0.000006,-0.000064,-0.000011,-0.000014,0.000020,0.000022,0.000042,0.000018,0.000020,-0.000025,-0.000003,0.000000,-0.000015,0.000011,0.000012,0.000052,0.000027,0.000015,-0.000007,-0.000002,-0.000054,0.000006,-0.000011,0.000005,0.000006,0.000001,0.000001,0.000006,-0.000003,0.000003,0.000005,-0.000001,0.000001,0.000005,-0.000010,-0.000006,0.000009,0.000006,0.000002,-0.000004,0.000005,0.000000,0.000007,-0.000004,0.000004,-0.000014,0.000002,0.000005,-0.000002,-0.000000,-0.000014,0.000006,-0.000004,-0.000004,-0.000001,-0.000006,0.000001,0.000004,-0.000006,0.000004,0.000006,0.000008,0.000008,-0.000010,-0.000001,-0.000003,-0.000007,-0.000003,-0.000001,0.000000,0.000000,0.000000,0.000000,0.000000,0.000000,0.000000
0.000000,0.000000,0.000000,0.000000,0.000000,0.000000,0.000000,-0.000014,-0.000007,-0.000008,-0.000008,0.000003,0.000018,-0.000004,-0.000002,-0.000012,0.000008,0.000002,0.000006,-0.000002,-0.000005,-0.000003,0.000023,-0.000017,0.000017,-0.000023,0.000014,0.000018,-0.000011,0.000085,0.000013,0.000006,-0.000012,-0.000041,-0.000049,-0.000023,0.000004,0.000014,0.000017,0.000000,-0.000008,-0.000068,-0.000038,-0.000013,0.000001,0.000006,0.000052,-0.000004,0.000005,0.000003,-0.000009,-0.000000,-0.000008,-0.000010,-0.000007,0.000009,-0.000010,0.000001,0.000001,-0.000006,0.000008,0.000008,0.000015,-0.000012,-0.000002,0.000004,-0.000013,0.000008,-0.000011,0.000003,0.000009,0.000001,0.000012,-0.000000,-0.000014,0.000019,-0.000006,-0.000001,-0.000006,0.000018,-0.000007,-0.000000,-0.000005,0.000000,0.000008,-0.000002,-0.000002,0.000004,-0.000021,0.000003,0.000002,0.000000,0.000006,0.000001,0.000003,0.000001,0.000000,0.000000,0.000000,0.000000,0.000000,0.000000,0.000000
0.000000,0.000000,0.000000,0.000000,0.000000,0.000000,0.000006,0.000004,0.000009,0.000001,0.000010,0.000005,-0.000011,-0.000005,0.000015,0.000008,-0.000010,-0.000002,-0.000004,0.000003,-0.000003,-0.000006,-0.000004,0.000002,0.000016,-0.000031,0.000026,-0.000014,-0.000014,0.000013,-0.000103,-0.000027,-0.000014,0.000026,0.000064,0.000061,-0.000001,-0.000015,-0.000015,-0.000021,0.000083,0.000071,0.000010,-0.000002,-0.000019,-0.000073,0.000008,-0.000001,-0.000012,0.000013,-0.000007,0.000012,0.000016,0.000008,-0.000001,0.000001,0.000008,0.000002,-0.000011,-0.000007,0.000005,-0.000009,0.000004,-0.000015,0.000002,-0.000005,0.000016,0.000012,-0.000009,-0.000009,-0.000005,-0.000002,-0.000010,0.000009,-0.000006,-0.000012,0.000003,-0.000003,-0.000010,-0.000002,0.000013,0.000009,0.000005,0.000001,-0.000004,-0.000007,-0.000001,-0.000004,0.000016,0.000003,-0.000009,-0.000000,-0.000002,0.000003,0.000004,-0.000006,0.000001,0.000000,0.000000,0.000000,0.000000,0.000000,0.000000
0.000000,0.000000,0.000000,0.000000,0.000000,0.000000,-0.000010,0.000000,-0.000000,-0.000011,-0.000001,-0.000011,-0.000002,-0.000002,0.000000,-0.000009,0.000005,0.000002,0.000004,0.000000,-0.000001,0.000005,-0.000003,0.000007,0.000008,-0.000007,0.000013,-0.000020,0.000020,0.000006,-0.000027,0.000154,0.000045,0.000006,-0.000032,-0.000077,-0.000018,0.000000,0.000006,-0.000044,-0.000073,-0.000024,-0.000006,0.000026,0.000108,-0.000018,-0.000003,0.000022,-0.000008,0.000008,-0.000004,-0.000016,-0.000019,0.000004,0.000002,0.000009,-0.000011,-0.000000,0.000013,0.000006,0.000012,-0.000006,-0.000001,0.000005,0.000009,0.000002,-0.000020,-0.000005,0.000000,0.000018,0.000005,-0.000007,0.000012,0.000003,0.000008,0.000010,0.000001,0.000014,0.000001,0.000005,-0.000009,-0.000024,0.000007,-0.000003,0.000002,-0.000010,0.000003,0.000001,0.000001,-0.000004,0.000003,-0.000003,0.000002,-0.000007,-0.000011,0.000001,0.000006,0.000000,0.000000,0.000000,0.000000,0.000000,0.000000
0.000000,0.000000,0.000000,0.000000,0.000000,0.000004,-0.000001,0.000009,-0.000005,-0.000003,0.000009,0.000012,-0.000006,0.000012,-0.000009,0.000007,-0.000008,-0.000004,-0.000005,0.000003,0.000006,0.000007,0.000001,-0.000006,-0.000010,-0.000010,0.000017,-0.000027,0.000022,-0.000012,-0.000014,0.000045,-0.000189,-0.000087,0.000014,0.000017,-0.000002,0.000034,0.000067,0.000019,0.000007,0.000013,-0.000052,-0.000141,0.000007,0.000020,-0.000025,0.000008,-0.000019,0.000013,0.000007,0.000003,0.000006,0.000001,-0.000004,0.000002,-0.000010,0.000002,-0.000002,-0.000000,-0.000002,-0.000018,0.000015,-0.000006,0.000003,-0.000012,-0.000001,0.000011,-0.000005,-0.000001,-0.000018,0.000011,-0.000014,-0.000005,-0.000010,0.000001,-0.000022,0.000002,-0.000011,0.000012,0.000001,0.000009,-0.000005,-0.000007,0.000008,0.000000,0.000010,-0.000008,0.000000,-0.000003,0.000006,-0.000010,0.000007,0.000006,0.000005,0.000002,-0.000004,-0.000003,0.000000,0.000000,0.000000,0.000000,0.000000
0.000000,0.000000,0.000000,0.000000,0.000000,-0.000005,-0.000001,0.000001,0.000000,0.000009,-0.000014,-0.000002,-0.000007,0.000008,0.000013,-0.000001,0.000004,0.000010,-0.000005,0.000005,-0.000010,-0.000001,-0.000006,-0.000006,0.000014,0.000005,0.000012,-0.000021,0.000042,-0.000041,0.000026,0.000006,-0.000087,0.000252,0.000100,0.000012,0.000199,-0.000044,-0.000023,0.000149,0.000007,0.000060,0.000227,-0.000015,-0.000023,0.000021,-0.000021,0.000031,-0.000005,0.000003,0.000006,0.000004,0.000003,0.000003,-0.000005,0.000011,0.000006,-0.000006,-0.000006,-0.000007,0.000010,0.000002,0.000006,0.000001,0.000005,-0.000000,0.000009,-0.000004,0.000008,0.000001,0.000002,0.000009,0.000016,0.000004,-0.000008,0.000017,-0.000004,0.000033,-0.000016,-0.000013,0.000001,0.000005,0.000006,-0.000001,0.000015,0.000005,-0.000019,-0.000001,0.000007,0.000004,0.000011,0.000004,-0.000015,-0.000002,-0.000002,0.000002,0.000018,0.000000,0.000000,0.000000,0.000000,0.000000,0.000000
0.000000,0.000000,0.000000,0.000000,-0.000001,0.000011,-0.000003,0.000015,-0.000006,0.000003,-0.000001,0.000000,-0.000001,0.000000,-0.000021,0.000003,0.000002,-0.000014,0.000008,-0.000004,-0.000003,-0.000003,0.000001,0.000008,-0.000009,-0.000005,-0.000002,-0.000018,0.000018,-0.000049,0.000064,-0.000032,0.000014,0.000100,-0.000246,-0.000249,-0.000343,-0.000403,-0.000385,-0.000343,-0.000171,-0.000264,-0.000006,0.000055,-0.000026,0.000025,-0.000012,-0.000006,-0.000000,-0.000002,-0.000022,-0.000011,-0.000008,-0.000002,-0.000008,-0.000000,-0.000010,0.000001,0.000002,-0.000001,-0.000004,0.000002,-0.000014,0.000004,-0.000010,0.000002,0.000006,0.000003,-0.000012,0.000003,-0.000001,-0.000001,-0.000017,0.000002,0.000003,-0.000000,-0.000011,0.000004,-0.000003,-0.000001,-0.000001,-0.000005,-0.000008,0.000000,0.000002,-0.000009,0.000003,0.000012,-0.000007,-0.000009,-0.000002,-0.000007,-0.000006,0.000014,-0.000002,-0.000006,0.000005,-0.000015,0.000003,0.000000,0.000000,0.000000,0.000000
0.000000,0.000000,0.000000,0.000000,-0.000002,-0.000002,-0.000005,-0.000013,-0.000000,0.000004,-0.000011,0.000017,0.000002,0.000003,0.000009,-0.000002,-0.000009,0.000012,-0.000000,0.000002,0.000008,0.000003,0.000004,-0.000011,0.000008,0.000000,0.000002,0.000006,0.000020,-0.000023,0.000061,-0.000077,0.000017,0.000012,-0.000249,0.000323,0.001071,0.001241,0.001234,0.001175,0.000597,-0.000121,-0.000087,0.000031,-0.000036,0.000023,0.000004,-0.000006,0.000000,0.000006,0.000018,0.000000,0.000000,0.000016,-0.000002,0.000009,-0.000011,0.000009,0.000006,-0.000007,0.000010,-0.000003,0.000003,0.000007,0.000011,-0.000003,-0.000013,-0.000004,0.000003,0.000010,-0.000004,-0.000008,0.000011,-0.000001,-0.000005,-0.000000,0.000007,-0.000012,0.000006,0.000019,-0.000006,0.000000,0.000000,0.000002,-0.000007,0.000007,0.000013,-0.000003,0.000000,-0.000006,0.000011,-0.000006,0.000002,0.000008,-0.000006,0.000003,0.000004,-0.000005,-0.000001,0.000000,0.000000,0.000000,0.000000
0.000000,0.000000,0.000000,0.000000,0.000000,0.000009,-0.000004,0.000008,0.000000,0.000009,-0.000010,0.000000,-0.000008,-0.000004,-0.000013,0.000012,-0.000002,-0.000002,-0.000012,0.000005,-0.000005,0.000002,0.000002,-0.000006,0.000001,0.000002,-0.000002,0.000003,-0.000025,0.000004,-0.000001,-0.000018,-0.000002,0.000199,-0.000343,0.001071,0.003326,0.003338,0.003328,0.003331,0.001584,0.000018,0.000077,0.000025,-0.000011,-0.000032,0.000016,-0.000000,-0.000005,-0.000009,-0.000001,0.000003,-0.000006,-0.000013,0.000004,0.000008,0.000013,-0.000001,-0.000002,-0.000010,0.000005,-0.000011,-0.000002,-0.000013,-0.000006,0.000003,-0.000001,0.000013,-0.000005,0.000000,0.000013,0.000000,0.000003,-0.000004,-0.000004,0.000003,0.000005,-0.000004,-0.000010,-0.000003,-0.000001,0.000010,-0.000015,0.000010,0.000001,-0.000005,-0.000007,-0.000003,-0.000002,0.000011,0.000007,-0.000008,0.000003,-0.000003,-0.000006,-0.000004,-0.000005,0.000001,0.000004,0.000000,0.000000,0.000000,0.000000
0.000000,0.000000,0.000000,0.000005,-0.000007,0.000006,-0.000010,0.000002,-0.000006,0.000006,-0.000000,0.000012,-0.000013,0.000005,0.000011,-0.000008,0.000009,0.000013,-0.000004,0.000006,0.000002,-0.000007,-0.000009,0.000005,0.000008,-0.000008,-0.000000,0.000014,-0.000003,0.000014,-0.000015,0.000000,0.000034,-0.000044,-0.000403,0.001241,0.003338,0.003333,0.003333,0.003330,0.001828,0.000041,-0.000176,0.000017,0.000028,-0.000028,0.000015,-0.000002,0.000000,-0.000008,0.000007,0.000001,0.000009,0.000002,0.000000,-0.000004,-0.000013,-0.000015,0.000006,-0.000004,0.000011,0.000007,0.000006,0.000005,-0.000007,0.000004,-0.000001,-0.000003,0.000009,-0.000016,-0.000005,-0.000006,-0.000001,-0.000008,-0.000002,0.000009,0.000001,-0.000004,0.000010,-0.000008,-0.000010,0.000005,0.000008,0.000005,-0.000001,0.000005,-0.000000,-0.000002,0.000003,0.000010,-0.000009,-0.000005,0.000003,0.000005,-0.000003,0.000013,0.000005,-0.000005,0.000000,-0.000010,0.000000,0.000000,0.000000
0.000000,0.000000,0.000000,-0.000001,0.000005,0.000000,0.000009,-0.000002,-0.000002,-0.000016,0.000004,0.000005,-0.000004,-0.000001,0.000000,-0.000007,-0.000002,-0.000005,-0.000002,-0.000001,-0.000008,0.000006,0.000010,0.000002,-0.000004,0.000005,-0.000006,0.000002,0.000000,0.000017,-0.000015,0.000006,0.000067,-0.000023,-0.000385,0.001234,0.003328,0.003333,0.003333,0.003327,0.001843,0.000053,-0.000178,0.000041,0.000038,-0.000009,0.000003,-0.000005,0.000009,0.000014,-0.000009,0.000004,-0.000002,0.000009,-0.000013,0.000012,0.000009,0.000004,0.000015,-0.000005,-0.000004,-0.000015,0.000007,-0.000004,0.000002,0.000020,-0.000013,0.000005,0.000001,-0.000005,0.000003,0.000014,0.000010,0.000002,0.000001,0.000002,-0.000001,0.000003,0.000000,-0.000001,0.000007,0.000004,-0.000018,-0.000011,0.000011,-0.000009,0.000001,0.000009,-0.000008,-0.000014,-0.000008,0.000002,0.000012,-0.000009,0.000003,-0.000006,-0.000002,0.000009,0.000001,0.000005,0.000000,0.000000,0.000000
0.000000,0.000000,0.000000,-0.000000,-0.000002,-0.000011,-0.000009,-0.000001,0.000010,0.000012,-0.000005,0.000001,-0.000003,0.000004,0.000000,0.000011,-0.000012,0.000007,-0.000002,0.000004,-0.000004,0.000006,-0.000011,-0.000010,-0.000009,0.000015,-0.000002,0.000001,-0.000015,0.000000,-0.000021,-0.000044,0.000019,0.000149,-0.000343,0.001175,0.003331,0.003330,0.003327,0.003323,0.001735,0.000084,0.000024,0.000020,-0.000037,-0.000005,0.000005,-0.000001,-0.000004,-0.000000,-0.000015,0.000001,-0.000006,-0.000006,-0.000003,-0.000003,-0.000006,-0.000003,-0.000010,-0.000009,0.000015,-0.000004,-0.000003,-0.000007,-0.000004,0.000007,-0.000008,0.000005,0.000004,-0.000013,-0.000001,-0.000003,-0.000012,-0.000003,0.000005,-0.000004,-0.000000,0.000003,0.000000,0.000005,-0.000000,0.000010,-0.000005,0.000008,0.000013,-0.000009,-0.000015,0.000004,0.000003,0.000012,0.000017,-0.000015,0.000005,-0.000013,0.000016,-0.000003,-0.000001,0.000004,0.000002,-0.000001,0.000000,0.000000,0.000000
0.000000,0.000000,0.000000,0.000002,-0.000004,0.000017,0.000011,-0.000005,0.000000,-0.000005,-0.000014,0.000015,-0.000002,-0.000008,0.000005,0.000009,-0.000001,-0.000002,0.000004,0.000012,-0.000005,0.000006,-0.000005,0.000010,0.000007,-0.000016,-0.000002,0.000010,0.000011,-0.000008,0.000083,-0.000073,0.000007,0.000007,-0.000171,0.000597,0.001584,0.001828,0.001843,0.001735,0.000973,0.000034,-0.000061,0.000026,-0.000046,0.000032,0.000001,0.000007,0.000001,-0.000003,-0.000001,0.000019,-0.000009,0.000012,-0.000004,0.000008,0.000013,-0.000004,0.000003,0.000004,0.000017,-0.000003,0.000005,0.000007,-0.000006,0.000009,-0.000006,0.000004,-0.000018,0.000012,0.000002,0.000006,-0.000008,-0.000002,0.000008,-0.000006,-0.000007,-0.000006,-0.000003,0.000005,-0.000011,-0.000000,0.000009,-0.000010,-0.000005,0.000009,-0.000005,0.000016,-0.000003,-0.000000,-0.000009,-0.000002,-0.000002,-0.000007,0.000000,-0.000003,0.000007,0.000005,-0.000008,0.000004,0.000000,0.000000,0.000000
