0.000000,0.000000,0.000000,0.000000,0.000000,0.000000,0.000000,0.000000,0.000000,0.000000,0.000000,0.000000,0.000000,0.000000,0.000000,0.000000,0.000000,0.000000,0.000000,0.000000,0.000000,0.000000,0.000000,0.000000,0.000000,0.000000,0.000000,0.000000,0.000000,0.000000,0.000000,0.000000,0.000000,0.000000,0.000000,0.000000,0.000000,0.000000,0.000000,0.000000,0.000000,0.000000,0.000000,0.000000,0.000000,0.000000,0.000000,0.000000,0.000000,0.000000,0.000000,0.000000,0.000000,0.000000,0.000000,0.000000,0.000000,0.000000,0.000000,0.000000,0.000000,0.000000,0.000000,0.000000,0.000000,0.000000,0.000000,0.000000,0.000000,0.000000,0.000000,0.000000,0.000000,0.000000,0.000000,0.000000,0.000000,0.000000,0.000000,0.000000,0.000000,0.000000,0.000000,0.000000,0.000000,0.000000,0.000000,0.000000,0.000000,0.000000,0.000000,0.000000,0.000000,0.000000,0.000000,0.000000,0.000000,0.000000,0.000000,0.000000,0.000000,0.000000,0.000000
0.000000,0.000000,0.000000,0.000000,0.000000,0.000000,0.000000,0.000000,0.000000,0.000000,0.000000,0.000000,0.000000,0.000000,0.000000,0.000000,0.000000,0.000000,0.000000,0.000000,0.000000,0.000000,0.000000,0.000000,0.000000,0.000000,0.000000,0.000000,0.000000,0.000000,0.000000,0.000000,0.000000,0.000000,0.000000,0.000000,0.000000,0.000000,0.000000,0.000000,0.000000,0.000000,0.000000,0.000000,0.000000,0.000000,0.000000,0.000000,0.000000,0.000000,0.000000,0.000000,0.000000,0.000000,0.000000,0.000000,0.000000,0.000000,0.000000,0.000000,0.000000,0.000000,0.000000,0.000000,0.000000,0.000000,0.000000,0.000000,0.000000,0.000000,0.000000,0.000000,0.000000,0.000000,0.000000,0.000000,0.000000,0.000000,0.000000,0.000000,0.000000,0.000000,0.000000,0.000000,0.000000,0.000000,0.000000,0.000000,0.000000,0.000000,0.000000,0.000000,0.000000,0.000000,0.000000,0.000000,0.000000,0.000000,0.000000,0.000000,0.000000,0.000000,0.000000
0.000000,0.000000,0.000000,0.000000,0.000000,0.000000,0.000000,0.000000,0.000000,0.000000,0.000000,0.000000,0.000000,0.000000,0.000000,0.000000,0.000000,0.000000,0.000000,0.000000,0.000000,0.000000,0.000000,0.000000,0.000000,0.000000,0.000000,0.000000,0.000000,0.000000,0.000000,0.000000,0.000000,0.000000,0.000000,0.000000,0.000000,0.000000,0.000000,0.000000,0.000000,0.000000,0.003541,0.011986,-0.004807,0.002677,-0.037566,-0.020341,-0.090444,-0.046772,0.109464,0.188614,0.109464,-0.046772,-0.090444,-0.020341,-0.037566,0.002677,-0.004807,0.011986,0.003541,0.000000,0.000000,0.000000,0.000000,0.000000,0.000000,0.000000,0.000000,0.000000,0.000000,0.000000,0.000000,0.000000,0.000000,0.000000,0.000000,0.000000,0.000000,0.000000,0.000000,0.000000,0.000000,0.000000,0.000000,0.000000,0.000000,0.000000,0.000000,0.000000,0.000000,0.000000,0.000000,0.000000,0.000000,0.000000,0.000000,0.000000,0.000000,0.000000,0.000000,0.000000,0.000000
0.000000,0.000000,0.000000,0.000000,0.000000,0.000000,0.000000,0.000000,0.000000,0.000000,0.000000,0.000000,0.000000,0.000000,0.000000,0.000000,0.000000,0.000000,0.000000,0.000000,0.000000,0.000000,0.000000,0.000000,0.000000,0.000000,0.000000,0.000000,0.000000,0.000000,0.000000,0.000000,0.000000,0.000000,0.000000,0.000000,0.000000,0.000000,-0.010868,-0.052107,-0.017892,-0.054109,-0.040523,-0.009023,-0.029926,0.073440,0.046854,0.211283,0.197907,-0.023508,-0.216088,-0.473520,-0.216088,-0.023508,0.197907,0.211283,0.046854,0.073440,-0.029926,-0.009023,-0.040523,-0.054109,-0.017892,-0.052107,-0.010868,0.000000,0.000000,0.000000,0.000000,0.000000,0.000000,0.000000,0.000000,0.000000,0.000000,0.000000,0.000000,0.000000,0.000000,0.000000,0.000000,0.000000,0.000000,0.000000,0.000000,0.000000,0.000000,0.000000,0.000000,0.000000,0.000000,0.000000,0.000000,0.000000,0.000000,0.000000,0.000000,0.000000,0.000000,0.000000,0.000000,0.000000,0.000000
0.000000,0.000000,0.000000,0.000000,0.000000,0.000000,0.000000,0.000000,0.000000,0.000000,0.000000,0.000000,0.000000,0.000000,0.000000,0.000000,0.000000,0.000000,0.000000,0.000000,0.000000,0.000000,0.000000,0.000000,0.000000,0.000000,0.000000,0.000000,0.000000,0.000000,0.000000,0.000000,0.000000,0.000000,0.006530,-0.199576,-0.186806,-0.034749,0.087327,0.066050,0.097379,0.058610,0.102429,0.062142,-0.080764,0.002113,-0.316636,-0.320286,0.015333,0.282647,0.306028,0.019312,0.306028,0.282647,0.015333,-0.320286,-0.316636,0.002113,-0.080764,0.062142,0.102429,0.058610,0.097379,0.066050,0.087327,-0.034749,-0.186806,-0.199576,0.006530,0.000000,0.000000,0.000000,0.000000,0.000000,0.000000,0.000000,0.000000,0.000000,0.000000,0.000000,0.000000,0.000000,0.000000,0.000000,0.000000,0.000000,0.000000,0.000000,0.000000,0.000000,0.000000,0.000000,0.000000,0.000000,0.000000,0.000000,0.000000,0.000000,0.000000,0.000000,0.000000,0.000000,0.000000
0.000000,0.000000,0.000000,0.000000,0.000000,0.000000,0.000000,0.000000,0.000000,0.000000,0.000000,0.000000,0.000000,0.000000,0.000000,0.000000,0.000000,0.000000,0.000000,0.000000,0.000000,0.000000,0.000000,0.000000,0.000000,0.000000,0.000000,0.000000,0.000000,0.000000,0.000000,0.000000,-0.229596,-0.067121,0.044257,0.093192,0.490442,0.373323,0.095053,-0.157993,-0.091116,-0.152256,-0.216629,0.051202,-0.079661,0.423922,0.490401,-0.060717,-0.364958,-0.461038,0.018542,0.244489,0.018542,-0.461038,-0.364958,-0.060717,0.490401,0.423922,-0.079661,0.051202,-0.216629,-0.152256,-0.091116,-0.157993,0.095053,0.373323,0.490442,0.093192,0.044257,-0.067121,-0.229596,0.000000,0.000000,0.000000,0.000000,0.000000,0.000000,0.000000,0.000000,0.000000,0.000000,0.000000,0.000000,0.000000,0.000000,0.000000,0.000000,0.000000,0.000000,0.000000,0.000000,0.000000,0.000000,0.000000,0.000000,0.000000,0.000000,0.000000,0.000000,0.000000,0.000000,0.000000,0.000000
0.000000,0.000000,0.000000,0.000000,0.000000,0.000000,0.000000,0.000000,0.000000,0.000000,0.000000,0.000000,0.000000,0.000000,0.000000,0.000000,0.000000,0.000000,0.000000,0.000000,0.000000,0.000000,0.000000,0.000000,0.000000,0.000000,0.000000,0.000000,0.000000,0.000000,-0.121990,0.020470,0.384151,0.379800,0.071967,0.044488,-0.096549,-0.802178,-0.548400,0.040802,0.204319,0.325345,0.160991,0.161077,-0.530923,-0.710089,0.008268,0.564164,0.634729,-0.087874,-0.285035,-0.019550,-0.285035,-0.087874,0.634729,0.564164,0.008268,-0.710089,-0.530923,0.161077,0.160991,0.325345,0.204319,0.040802,-0.548400,-0.802178,-0.096549,0.044488,0.071967,0.379800,0.384151,0.020470,-0.121990,0.000000,0.000000,0.000000,0.000000,0.000000,0.000000,0.000000,0.000000,0.000000,0.000000,0.000000,0.000000,0.000000,0.000000,0.000000,0.000000,0.000000,0.000000,0.000000,0.000000,0.000000,0.000000,0.000000,0.000000,0.000000,0.000000,0.000000,0.000000,0.000000,0.000000
0.000000,0.000000,0.000000,0.000000,0.000000,0.000000,0.000000,0.000000,0.000000,0.000000,0.000000,0.000000,0.000000,0.000000,0.000000,0.000000,0.000000,0.000000,0.000000,0.000000,0.000000,0.000000,0.000000,0.000000,0.000000,0.000000,0.000000,0.000000,-0.076592,0.264793,0.163223,0.176688,-0.051417,-0.656304,-0.638532,-0.091339,-0.038722,0.058814,1.176872,0.553833,-0.282940,-0.292358,-0.700321,0.790669,1.095098,-0.001726,-0.719136,-0.883014,0.234046,0.421756,0.138797,0.211942,0.138797,0.421756,0.234046,-0.883014,-0.719136,-0.001726,1.095098,0.790669,-0.700321,-0.292358,-0.282940,0.553833,1.176872,0.058814,-0.038722,-0.091339,-0.638532,-0.656304,-0.051417,0.176688,0.163223,0.264793,-0.076592,0.000000,0.000000,0.000000,0.000000,0.000000,0.000000,0.000000,0.000000,0.000000,0.000000,0.000000,0.000000,0.000000,0.000000,0.000000,0.000000,0.000000,0.000000,0.000000,0.000000,0.000000,0.000000,0.000000,0.000000,0.000000,0.000000,0.000000,0.000000
0.000000,0.000000,0.000000,0.000000,0.000000,0.000000,0.000000,0.000000,0.000000,0.000000,0.000000,0.000000,0.000000,0.000000,0.000000,0.000000,0.000000,0.000000,0.000000,0.000000,0.000000,0.000000,0.000000,0.000000,0.000000,0.000000,-0.031558,0.227734,0.280998,-0.001482,-0.555940,-0.429294,-0.281239,-0.039651,1.185462,0.797342,-0.092751,0.073075,-0.121383,-0.982771,-0.747455,1.025572,-0.269516,-1.802980,-0.351252,0.880153,1.020136,-0.514088,-0.870808,-0.361776,-0.482892,-0.371375,-0.482892,-0.361776,-0.870808,-0.514088,1.020136,0.880153,-0.351252,-1.802980,-0.269516,1.025572,-0.747455,-0.982771,-0.121383,0.073075,-0.092751,0.797342,1.185462,-0.039651,-0.281239,-0.429294,-0.555940,-0.001482,0.280998,0.227734,-0.031558,0.000000,0.000000,0.000000,0.000000,0.000000,0.000000,0.000000,0.000000,0.000000,0.000000,0.000000,0.000000,0.000000,0.000000,0.000000,0.000000,0.000000,0.000000,0.000000,0.000000,0.000000,0.000000,0.000000,0.000000,0.000000,0.000000
0.000000,0.000000,0.000000,0.000000,0.000000,0.000000,0.000000,0.000000,0.000000,0.000000,0.000000,0.000000,0.000000,0.000000,0.000000,0.000000,0.000000,0.000000,0.000000,0.000000,0.000000,0.000000,0.000000,0.000000,0.003120,0.200656,0.266769,-0.030833,-0.557333,-0.637510,-0.093781,0.908589,0.713173,0.462655,-0.075257,-1.661922,-0.695245,0.456740,-0.344089,-0.881096,0.512210,1.643915,1.121460,1.210186,-0.192259,-0.777817,1.656421,2.017189,1.323936,1.411534,1.348242,1.357209,1.348242,1.411534,1.323936,2.017189,1.656421,-0.777817,-0.192259,1.210186,1.121460,1.643915,0.512210,-0.881096,-0.344089,0.456740,-0.695245,-1.661922,-0.075257,0.462655,0.713173,0.908589,-0.093781,-0.637510,-0.557333,-0.030833,0.266769,0.200656,0.003120,0.000000,0.000000,0.000000,0.000000,0.000000,0.000000,0.000000,0.000000,0.000000,0.000000,0.000000,0.000000,0.000000,0.000000,0.000000,0.000000,0.000000,0.000000,0.000000,0.000000,0.000000,0.000000,0.000000,0.000000
0.000000,0.000000,0.000000,0.000000,0.000000,0.000000,0.000000,0.000000,0.000000,0.000000,0.000000,0.000000,0.000000,0.000000,0.000000,0.000000,0.000000,0.000000,0.000000,0.000000,0.000000,0.000000,0.000000,0.227715,0.132573,-0.004401,-0.563964,-0.661356,0.026351,0.832144,1.206898,0.240551,-1.500412,-1.285290,-0.094549,-0.069502,1.544577,0.610568,-0.600334,3.954089,0.613595,-3.438492,-0.869690,-1.606631,-2.699185,-5.097759,-6.097635,-4.905263,-4.992293,-4.960347,-4.927227,-4.934294,-4.927227,-4.960347,-4.992293,-4.905263,-6.097635,-5.097759,-2.699185,-1.606631,-0.869690,-3.438492,0.613595,3.954089,-0.600334,0.610568,1.544577,-0.069502,-0.094549,-1.285290,-1.500412,0.240551,1.206898,0.832144,0.026351,-0.661356,-0.563964,-0.004401,0.132573,0.227715,0.000000,0.000000,0.000000,0.000000,0.000000,0.000000,0.000000,0.000000,0.000000,0.000000,0.000000,0.000000,0.000000,0.000000,0.000000,0.000000,0.000000,0.000000,0.000000,0.000000,0.000000,0.000000,0.000000
0.000000,0.000000,0.000000,0.000000,0.000000,0.000000,0.000000,0.000000,0.000000,0.000000,0.000000,0.000000,0.000000,0.000000,0.000000,0.000000,0.000000,0.000000,0.000000,0.000000,0.000000,0.000000,0.310680,-0.020716,-0.405690,-0.591545,0.040754,0.852629,1.061090,0.145370,-1.514285,-1.995221,0.181470,2.436379,0.721154,0.305872,1.713402,-0.528373,-3.383355,-2.494193,-3.387362,-7.180147,-0.820673,13.291938,20.339125,19.895876,18.655898,18.574137,18.581638,18.485829,18.549711,18.500645,18.549711,18.485829,18.581638,18.574137,18.655898,19.895876,20.339125,13.291938,-0.820673,-7.180147,-3.387362,-2.494193,-3.383355,-0.528373,1.713402,0.305872,0.721154,2.436379,0.181470,-1.995221,-1.514285,0.145370,1.061090,0.852629,0.040754,-0.591545,-0.405690,-0.020716,0.310680,0.000000,0.000000,0.000000,0.000000,0.000000,0.000000,0.000000,0.000000,0.000000,0.000000,0.000000,0.000000,0.000000,0.000000,0.000000,0.000000,0.000000,0.000000,0.000000,0.000000,0.000000,0.000000
0.000000,0.000000,0.000000,0.000000,0.000000,0.000000,0.000000,0.000000,0.000000,0.000000,0.000000,0.000000,0.000000,0.000000,0.000000,0.000000,0.000000,0.000000,0.000000,0.000000,-0.077128,0.286415,0.057920,-0.597163,-0.417141,0.830243,0.895480,0.101054,-1.276772,-1.864752,0.312929,2.359835,1.830540,-0.941022,-0.496023,-1.164300,-5.567087,-4.995332,1.151357,11.562029,22.171788,20.509238,32.399196,67.839159,80.806286,79.888348,81.925147,81.068311,81.643055,81.391774,81.542956,81.404700,81.542956,81.391774,81.643055,81.068311,81.925147,79.888348,80.806286,67.839159,32.399196,20.509238,22.171788,11.562029,1.151357,-4.995332,-5.567087,-1.164300,-0.496023,-0.941022,1.830540,2.359835,0.312929,-1.864752,-1.276772,0.101054,0.895480,0.830243,-0.417141,-0.597163,0.057920,0.286415,-0.077128,0.000000,0.000000,0.000000,0.000000,0.000000,0.000000,0.000000,0.000000,0.000000,0.000000,0.000000,0.000000,0.000000,0.000000,0.000000,0.000000,0.000000,0.000000,0.000000,0.000000
0.000000,0.000000,0.000000,0.000000,0.000000,0.000000,0.000000,0.000000,0.000000,0.000000,0.000000,0.000000,0.000000,0.000000,0.000000,0.000000,0.000000,0.000000,0.000000,0.248257,0.181704,0.073415,-0.762612,-0.500590,1.265538,0.599280,-1.077670,-1.557157,-0.310242,2.299251,1.719908,-0.927579,-0.017149,-2.836380,-5.945995,1.941256,15.372279,19.864417,33.726529,67.615525,79.435873,77.964661,87.108780,99.354253,107.011281,106.244789,105.126322,105.002133,104.966521,104.925945,104.964372,104.888836,104.964372,104.925945,104.966521,105.002133,105.126322,106.244789,107.011281,99.354253,87.108780,77.964661,79.435873,67.615525,33.726529,19.864417,15.372279,1.941256,-5.945995,-2.836380,-0.017149,-0.927579,1.719908,2.299251,-0.310242,-1.557157,-1.077670,0.599280,1.265538,-0.500590,-0.762612,0.073415,0.181704,0.248257,0.000000,0.000000,0.000000,0.000000,0.000000,0.000000,0.000000,0.000000,0.000000,0.000000,0.000000,0.000000,0.000000,0.000000,0.000000,0.000000,0.000000,0.000000,0.000000
0.000000,0.000000,0.000000,0.000000,0.000000,0.000000,0.000000,0.000000,0.000000,0.000000,0.000000,0.000000,0.000000,0.000000,0.000000,0.000000,0.000000,0.000000,0.314390,-0.030136,-0.510110,-0.517278,-0.124687,1.355182,0.721871,-1.744236,-1.438034,1.914820,2.663391,-0.414713,-0.715795,-2.740348,-6.464545,4.152200,14.195418,32.938994,67.824092,78.986707,85.153771,101.429855,106.778297,104.378364,102.218682,101.527206,100.829586,98.426794,97.453215,98.700522,98.546357,98.614732,98.660026,98.659593,98.660026,98.614732,98.546357,98.700522,97.453215,98.426794,100.829586,101.527206,102.218682,104.378364,106.778297,101.429855,85.153771,78.986707,67.824092,32.938994,14.195418,4.152200,-6.464545,-2.740348,-0.715795,-0.414713,2.663391,1.914820,-1.438034,-1.744236,0.721871,1.355182,-0.124687,-0.517278,-0.510110,-0.030136,0.314390,0.000000,0.000000,0.000000,0.000000,0.000000,0.000000,0.000000,0.000000,0.000000,0.000000,0.000000,0.000000,0.000000,0.000000,0.000000,0.000000,0.000000,0.000000
0.000000,0.000000,0.000000,0.000000,0.000000,0.000000,0.000000,0.000000,0.000000,0.000000,0.000000,0.000000,0.000000,0.000000,0.000000,0.000000,0.000000,0.309423,0.013473,-0.606770,-0.369676,0.805542,0.961771,0.136016,-1.894384,-1.530579,3.486597,1.635716,-3.123534,-2.759046,-5.346736,3.398657,14.047500,31.975350,67.214354,87.207182,98.363897,105.169432,102.509286,101.233178,102.822786,99.651890,97.266884,100.651851,99.110126,98.316162,100.753373,101.089912,100.453906,100.473328,100.455053,100.413883,100.455053,100.473328,100.453906,101.089912,100.753373,98.316162,99.110126,100.651851,97.266884,99.651890,102.822786,101.233178,102.509286,105.169432,98.363897,87.207182,67.214354,31.975350,14.047500,3.398657,-5.346736,-2.759046,-3.123534,1.635716,3.486597,-1.530579,-1.894384,0.136016,0.961771,0.805542,-0.369676,-0.606770,0.013473,0.309423,0.000000,0.000000,0.000000,0.000000,0.000000,0.000000,0.000000,0.000000,0.000000,0.000000,0.000000,0.000000,0.000000,0.000000,0.000000,0.000000,0.000000
0.000000,0.000000,0.000000,0.000000,0.000000,0.000000,0.000000,0.000000,0.000000,0.000000,0.000000,0.000000,0.000000,0.000000,0.000000,0.000000,0.271983,0.008902,-0.640484,-0.486502,1.254226,0.636753,-1.226167,-1.479125,-0.505548,3.650195,0.611767,-3.868373,-2.906470,4.078410,13.894580,32.579498,67.765402,86.339692,95.362231,104.361494,104.461960,102.747693,98.513106,98.140999,98.247261,98.413016,100.883402,100.421574,99.677450,101.046632,101.185347,99.679506,99.400129,99.834353,99.722577,99.801459,99.722577,99.834353,99.400129,99.679506,101.185347,101.046632,99.677450,100.421574,100.883402,98.413016,98.247261,98.140999,98.513106,102.747693,104.461960,104.361494,95.362231,86.339692,67.765402,32.579498,13.894580,4.078410,-2.906470,-3.868373,0.611767,3.650195,-0.505548,-1.479125,-1.226167,0.636753,1.254226,-0.486502,-0.640484,0.008902,0.271983,0.000000,0.000000,0.000000,0.000000,0.000000,0.000000,0.000000,0.000000,0.000000,0.000000,0.000000,0.000000,0.000000,0.000000,0.000000,0.000000
0.000000,0.000000,0.000000,0.000000,0.000000,0.000000,0.000000,0.000000,0.000000,0.000000,0.000000,0.000000,0.000000,0.000000,0.000000,0.309423,0.008902,-0.476553,-0.488948,1.250654,0.690436,-1.792349,-1.239511,1.973325,2.357852,-0.226237,-2.799816,-2.252509,2.305421,28.151473,69.098331,85.854947,95.773691,107.186787,103.599392,99.514779,98.981946,98.108270,99.424572,100.699896,100.323093,100.857027,101.108282,100.058442,99.601216,100.106265,99.271453,99.039815,100.198361,100.368185,100.170606,100.249152,100.170606,100.368185,100.198361,99.039815,99.271453,100.106265,99.601216,100.058442,101.108282,100.857027,100.323093,100.699896,99.424572,98.108270,98.981946,99.514779,103.599392,107.186787,95.773691,85.854947,69.098331,28.151473,2.305421,-2.252509,-2.799816,-0.226237,2.357852,1.973325,-1.239511,-1.792349,0.690436,1.250654,-0.488948,-0.476553,0.008902,0.309423,0.000000,0.000000,0.000000,0.000000,0.000000,0.000000,0.000000,0.000000,0.000000,0.000000,0.000000,0.000000,0.000000,0.000000,0.000000
0.000000,0.000000,0.000000,0.000000,0.000000,0.000000,0.000000,0.000000,0.000000,0.000000,0.000000,0.000000,0.000000,0.000000,0.314390,0.013473,-0.640484,-0.488948,1.226025,0.693965,-1.786220,-1.390200,3.124920,1.506088,-2.435594,-3.238305,-2.908008,0.316257,26.178257,73.557304,98.349162,104.870672,102.748760,99.283060,101.834871,99.112906,97.882915,99.123650,100.910775,101.568383,100.055755,99.710387,99.403682,98.833119,100.010332,100.246878,99.996326,100.616042,100.637866,99.874022,99.649279,99.834966,99.649279,99.874022,100.637866,100.616042,99.996326,100.246878,100.010332,98.833119,99.403682,99.710387,100.055755,101.568383,100.910775,99.123650,97.882915,99.112906,101.834871,99.283060,102.748760,104.870672,98.349162,73.557304,26.178257,0.316257,-2.908008,-3.238305,-2.435594,1.506088,3.124920,-1.390200,-1.786220,0.693965,1.226025,-0.488948,-0.640484,0.013473,0.314390,0.000000,0.000000,0.000000,0.000000,0.000000,0.000000,0.000000,0.000000,0.000000,0.000000,0.000000,0.000000,0.000000,0.000000
0.000000,0.000000,0.000000,0.000000,0.000000,0.000000,0.000000,0.000000,0.000000,0.000000,0.000000,0.000000,0.000000,0.248257,-0.030136,-0.606770,-0.486502,1.250654,0.693965,-1.629524,-1.404717,3.204609,1.363606,-3.820022,-3.833595,3.698940,14.603478,32.053934,71.574468,98.579730,101.327232,102.749663,101.018344,97.742159,96.810005,99.623299,102.466610,102.058642,100.072936,98.715431,98.725396,100.013905,100.245692,100.655995,100.854010,99.979910,99.822044,99.960264,99.530259,99.630762,100.112722,100.339068,100.112722,99.630762,99.530259,99.960264,99.822044,99.979910,100.854010,100.655995,100.245692,100.013905,98.725396,98.715431,100.072936,102.058642,102.466610,99.623299,96.810005,97.742159,101.018344,102.749663,101.327232,98.579730,71.574468,32.053934,14.603478,3.698940,-3.833595,-3.820022,1.363606,3.204609,-1.404717,-1.629524,0.693965,1.250654,-0.486502,-0.606770,-0.030136,0.248257,0.000000,0.000000,0.000000,0.000000,0.000000,0.000000,0.000000,0.000000,0.000000,0.000000,0.000000,0.000000,0.000000
0.000000,0.000000,0.000000,0.000000,0.000000,0.000000,0.000000,0.000000,0.000000,0.000000,0.000000,0.000000,-0.077128,0.181704,-0.510110,-0.369676,1.254226,0.690436,-1.786220,-1.404717,2.762743,1.945859,-4.510555,-1.689164,3.316892,27.031010,67.858838,86.272920,95.356678,103.623368,103.835590,98.881968,96.850319,100.525441,102.123744,101.278408,99.339616,98.545778,98.829494,100.315704,101.002369,100.851628,99.954478,99.683317,99.560097,99.366977,99.998318,100.145126,100.047269,100.308216,100.241957,99.928984,100.241957,100.308216,100.047269,100.145126,99.998318,99.366977,99.560097,99.683317,99.954478,100.851628,101.002369,100.315704,98.829494,98.545778,99.339616,101.278408,102.123744,100.525441,96.850319,98.881968,103.835590,103.623368,95.356678,86.272920,67.858838,27.031010,3.316892,-1.689164,-4.510555,1.945859,2.762743,-1.404717,-1.786220,0.690436,1.254226,-0.369676,-0.510110,0.181704,-0.077128,0.000000,0.000000,0.000000,0.000000,0.000000,0.000000,0.000000,0.000000,0.000000,0.000000,0.000000,0.000000
0.000000,0.000000,0.000000,0.000000,0.000000,0.000000,0.000000,0.000000,0.000000,0.000000,0.000000,0.000000,0.286415,0.073415,-0.517278,0.805542,0.636753,-1.792349,-1.390200,3.204609,1.945859,-4.737196,-1.816331,1.274108,26.805533,75.128428,98.349363,103.837813,103.215846,102.718948,98.863977,95.855239,101.497615,101.905836,99.854694,98.949281,99.201884,100.274150,100.912903,100.642761,99.730829,99.335830,99.435489,100.054421,100.193711,100.386823,100.489313,99.982955,99.938242,99.934163,99.774813,99.487364,99.774813,99.934163,99.938242,99.982955,100.489313,100.386823,100.193711,100.054421,99.435489,99.335830,99.730829,100.642761,100.912903,100.274150,99.201884,98.949281,99.854694,101.905836,101.497615,95.855239,98.863977,102.718948,103.215846,103.837813,98.349363,75.128428,26.805533,1.274108,-1.816331,-4.737196,1.945859,3.204609,-1.390200,-1.792349,0.636753,0.805542,-0.517278,0.073415,0.286415,0.000000,0.000000,0.000000,0.000000,0.000000,0.000000,0.000000,0.000000,0.000000,0.000000,0.000000,0.000000
0.000000,0.000000,0.000000,0.000000,0.000000,0.000000,0.000000,0.000000,0.000000,0.000000,0.000000,0.310680,0.057920,-0.762612,-0.124687,0.961771,-1.226167,-1.239511,3.124920,1.363606,-4.510555,-1.816331,3.474577,25.941397,72.049067,98.392910,101.993467,102.731160,100.073476,97.279650,98.314622,101.759561,102.040365,98.827996,98.437304,100.270309,100.652349,100.735827,99.825212,99.402261,99.554636,100.153429,100.512432,100.391490,99.965809,99.765543,99.661087,99.621787,100.006830,100.108776,100.260283,100.381582,100.260283,100.108776,100.006830,99.621787,99.661087,99.765543,99.965809,100.391490,100.512432,100.153429,99.554636,99.402261,99.825212,100.735827,100.652349,100.270309,98.437304,98.827996,102.040365,101.759561,98.314622,97.279650,100.073476,102.731160,101.993467,98.392910,72.049067,25.941397,3.474577,-1.816331,-4.510555,1.363606,3.124920,-1.239511,-1.226167,0.961771,-0.124687,-0.762612,0.057920,0.310680,0.000000,0.000000,0.000000,0.000000,0.000000,0.000000,0.000000,0.000000,0.000000,0.000000,0.000000
0.000000,0.000000,0.000000,0.000000,0.000000,0.000000,0.000000,0.000000,0.000000,0.000000,0.227715,-0.020716,-0.597163,-0.500590,1.355182,0.136016,-1.479125,1.973325,1.506088,-3.820022,-1.689164,1.274108,25.941397,75.644982,97.408792,101.184775,104.803116,98.948946,96.724156,100.158064,101.526731,101.024479,99.295613,98.765722,100.883322,100.991021,99.813669,99.367102,99.506057,100.178623,100.451087,100.306464,99.833641,99.660599,99.727542,100.107604,100.248887,100.231220,100.223784,99.833516,99.782986,99.834295,99.782986,99.833516,100.223784,100.231220,100.248887,100.107604,99.727542,99.660599,99.833641,100.306464,100.451087,100.178623,99.506057,99.367102,99.813669,100.991021,100.883322,98.765722,99.295613,101.024479,101.526731,100.158064,96.724156,98.948946,104.803116,101.184775,97.408792,75.644982,25.941397,1.274108,-1.689164,-3.820022,1.506088,1.973325,-1.479125,0.136016,1.355182,-0.500590,-0.597163,-0.020716,0.227715,0.000000,0.000000,0.000000,0.000000,0.000000,0.000000,0.000000,0.000000,0.000000,0.000000
0.000000,0.000000,0.000000,0.000000,0.000000,0.000000,0.000000,0.000000,0.000000,0.003120,0.132573,-0.405690,-0.417141,1.265538,0.721871,-1.894384,-0.505548,2.357852,-2.435594,-3.833595,3.316892,26.805533,72.049067,97.408792,102.148587,104.773949,97.977572,96.490343,101.871882,102.046277,99.827347,98.914111,98.952715,100.554906,100.768452,99.421849,99.397598,100.264841,100.394500,100.296033,99.874169,99.732101,99.806322,100.113806,100.246134,100.139798,99.915180,99.896013,99.942813,99.917452,100.130541,100.099846,100.130541,99.917452,99.942813,99.896013,99.915180,100.139798,100.246134,100.113806,99.806322,99.732101,99.874169,100.296033,100.394500,100.264841,99.397598,99.421849,100.768452,100.554906,98.952715,98.914111,99.827347,102.046277,101.871882,96.490343,97.977572,104.773949,102.148587,97.408792,72.049067,26.805533,3.316892,-3.833595,-2.435594,2.357852,-0.505548,-1.894384,0.721871,1.265538,-0.417141,-0.405690,0.132573,0.003120,0.000000,0.000000,0.000000,0.000000,0.000000,0.000000,0.000000,0.000000,0.000000
0.000000,0.000000,0.000000,0.000000,0.000000,0.000000,0.000000,0.000000,0.000000,0.200656,-0.004401,-0.591545,0.830243,0.599280,-1.744236,-1.530579,3.650195,-0.226237,-3.238305,3.698940,27.031010,75.128428,98.392910,101.184775,104.773949,98.041499,97.100896,101.419186,101.735633,98.956890,98.628996,100.304429,100.819254,100.677445,99.628703,99.344705,100.476400,100.358424,99.810620,99.738058,99.760947,100.066925,100.214621,100.160466,99.914465,99.834476,99.850698,99.960780,100.050151,100.074701,100.108300,99.902106,100.108300,100.074701,100.050151,99.960780,99.850698,99.834476,99.914465,100.160466,100.214621,100.066925,99.760947,99.738058,99.810620,100.358424,100.476400,99.344705,99.628703,100.677445,100.819254,100.304429,98.628996,98.956890,101.735633,101.419186,97.100896,98.041499,104.773949,101.184775,98.392910,75.128428,27.031010,3.698940,-3.238305,-0.226237,3.650195,-1.530579,-1.744236,0.599280,0.830243,-0.591545,-0.004401,0.200656,0.000000,0.000000,0.000000,0.000000,0.000000,0.000000,0.000000,0.000000,0.000000
0.000000,0.000000,0.000000,0.000000,0.000000,0.000000,0.000000,0.000000,-0.031558,0.266769,-0.563964,0.040754,0.895480,-1.077670,-1.438034,3.486597,0.611767,-2.799816,-2.908008,14.603478,67.858838,98.349363,101.993467,104.803116,97.977572,97.100896,101.503978,101.788072,99.331904,98.661308,100.728337,100.851915,99.765774,99.485492,99.558203,100.306347,100.362606,99.693630,99.771121,100.165410,100.202250,100.144879,99.910374,99.842306,99.919867,100.103546,100.172600,100.150655,100.033120,99.865952,99.922972,99.815851,99.922972,99.865952,100.033120,100.150655,100.172600,100.103546,99.919867,99.842306,99.910374,100.144879,100.202250,100.165410,99.771121,99.693630,100.362606,100.306347,99.558203,99.485492,99.765774,100.851915,100.728337,98.661308,99.331904,101.788072,101.503978,97.100896,97.977572,104.803116,101.993467,98.349363,67.858838,14.603478,-2.908008,-2.799816,0.611767,3.486597,-1.438034,-1.077670,0.895480,0.040754,-0.563964,0.266769,-0.031558,0.000000,0.000000,0.000000,0.000000,0.000000,0.000000,0.000000,0.000000
0.000000,0.000000,0.000000,0.000000,0.000000,0.000000,0.000000,0.000000,0.227734,-0.030833,-0.661356,0.852629,0.101054,-1.557157,1.914820,1.635716,-3.868373,-2.252509,0.316257,32.053934,86.272920,103.837813,102.731160,98.948946,96.490343,101.419186,101.788072,99.101923,98.616951,100.756868,100.735732,99.569092,99.405460,100.128581,100.373899,100.316730,99.805745,99.728846,100.234015,100.093422,99.922976,99.883718,99.949432,100.033485,100.086272,100.017164,99.916637,99.886599,99.918312,100.062072,100.186919,100.188752,100.186919,100.062072,99.918312,99.886599,99.916637,100.017164,100.086272,100.033485,99.949432,99.883718,99.922976,100.093422,100.234015,99.728846,99.805745,100.316730,100.373899,100.128581,99.405460,99.569092,100.735732,100.756868,98.616951,99.101923,101.788072,101.419186,96.490343,98.948946,102.731160,103.837813,86.272920,32.053934,0.316257,-2.252509,-3.868373,1.635716,1.914820,-1.557157,0.101054,0.852629,-0.661356,-0.030833,0.227734,0.000000,0.000000,0.000000,0.000000,0.000000,0.000000,0.000000,0.000000
0.000000,0.000000,0.000000,0.000000,0.000000,0.000000,0.000000,-0.076592,0.280998,-0.557333,0.026351,1.061090,-1.276772,-0.310242,2.663391,-3.123534,-2.906470,2.305421,26.178257,71.574468,95.356678,103.215846,100.073476,96.724156,101.871882,101.735633,99.331904,98.616951,100.681490,100.768044,99.565139,99.505270,100.360476,100.373918,99.834318,99.781925,99.787789,100.150121,100.171323,99.830768,99.913024,100.028698,100.082911,100.115776,99.992067,99.930038,99.992777,100.048344,100.052807,99.994749,99.864020,99.794464,99.864020,99.994749,100.052807,100.048344,99.992777,99.930038,99.992067,100.115776,100.082911,100.028698,99.913024,99.830768,100.171323,100.150121,99.787789,99.781925,99.834318,100.373918,100.360476,99.505270,99.565139,100.768044,100.681490,98.616951,99.331904,101.735633,101.871882,96.724156,100.073476,103.215846,95.356678,71.574468,26.178257,2.305421,-2.906470,-3.123534,2.663391,-0.310242,-1.276772,1.061090,0.026351,-0.557333,0.280998,-0.076592,0.000000,0.000000,0.000000,0.000000,0.000000,0.000000,0.000000
0.000000,0.000000,0.000000,0.000000,0.000000,0.000000,0.000000,0.264793,-0.001482,-0.637510,0.832144,0.145370,-1.864752,2.299251,-0.414713,-2.759046,4.078410,28.151473,73.557304,98.579730,103.623368,102.718948,97.279650,100.158064,102.046277,98.956890,98.661308,100.756868,100.768044,99.700649,99.391578,100.304362,100.295757,99.811354,99.801955,100.075852,100.149419,100.116957,99.896885,99.913317,100.135334,100.006149,99.925421,99.907293,99.926727,100.010502,100.044070,100.023688,100.001584,100.023018,100.077399,100.050560,100.077399,100.023018,100.001584,100.023688,100.044070,100.010502,99.926727,99.907293,99.925421,100.006149,100.135334,99.913317,99.896885,100.116957,100.149419,100.075852,99.801955,99.811354,100.295757,100.304362,99.391578,99.700649,100.768044,100.756868,98.661308,98.956890,102.046277,100.158064,97.279650,102.718948,103.623368,98.579730,73.557304,28.151473,4.078410,-2.759046,-0.414713,2.299251,-1.864752,0.145370,0.832144,-0.637510,-0.001482,0.264793,0.000000,0.000000,0.000000,0.000000,0.000000,0.000000,0.000000
0.000000,0.000000,0.000000,0.000000,0.000000,0.000000,-0.121990,0.163223,-0.555940,-0.093781,1.206898,-1.514285,0.312929,1.719908,-0.715795,-5.346736,13.894580,69.098331,98.349162,101.327232,103.835590,98.863977,98.314622,101.526731,99.827347,98.628996,100.728337,100.735732,99.565139,99.391578,100.360656,100.326242,99.804362,99.797259,100.138640,100.155654,99.955929,99.932596,99.922000,100.031628,100.089984,99.975037,100.043277,100.017662,100.096471,100.073107,99.986536,99.964787,99.941371,99.934381,99.993837,100.082825,99.993837,99.934381,99.941371,99.964787,99.986536,100.073107,100.096471,100.017662,100.043277,99.975037,100.089984,100.031628,99.922000,99.932596,99.955929,100.155654,100.138640,99.797259,99.804362,100.326242,100.360656,99.391578,99.565139,100.735732,100.728337,98.628996,99.827347,101.526731,98.314622,98.863977,103.835590,101.327232,98.349162,69.098331,13.894580,-5.346736,-0.715795,1.719908,0.312929,-1.514285,1.206898,-0.093781,-0.555940,0.163223,-0.121990,0.000000,0.000000,0.000000,0.000000,0.000000,0.000000
0.000000,0.000000,0.000000,0.000000,0.000000,0.000000,0.020470,0.176688,-0.429294,0.908589,0.240551,-1.995221,2.359835,-0.927579,-2.740348,3.398657,32.579498,85.854947,104.870672,102.749663,98.881968,95.855239,101.759561,101.024479,98.914111,100.304429,100.851915,99.569092,99.505270,100.304362,100.326242,99.852866,99.734653,100.167808,100.095092,99.856806,99.878561,100.075299,100.071718,100.018749,99.952993,99.939238,100.016126,99.936679,99.950908,99.946106,99.978293,100.014658,100.074183,100.051461,99.953572,99.958800,99.953572,100.051461,100.074183,100.014658,99.978293,99.946106,99.950908,99.936679,100.016126,99.939238,99.952993,100.018749,100.071718,100.075299,99.878561,99.856806,100.095092,100.167808,99.734653,99.852866,100.326242,100.304362,99.505270,99.569092,100.851915,100.304429,98.914111,101.024479,101.759561,95.855239,98.881968,102.749663,104.870672,85.854947,32.579498,3.398657,-2.740348,-0.927579,2.359835,-1.995221,0.240551,0.908589,-0.429294,0.176688,0.020470,0.000000,0.000000,0.000000,0.000000,0.000000,0.000000
0.000000,0.000000,0.000000,0.000000,0.000000,-0.229596,0.384151,-0.051417,-0.281239,0.713173,-1.500412,0.181470,1.830540,-0.017149,-6.464545,14.047500,67.765402,95.773691,102.748760,101.018344,96.850319,101.497615,102.040365,99.295613,98.952715,100.819254,99.765774,99.405460,100.360476,100.295757,99.804362,99.734653,100.154273,100.161063,99.937687,99.941248,100.130134,100.035643,99.980420,99.958063,100.030722,100.037173,100.016504,100.041302,100.053774,99.993152,100.005266,99.999926,99.997348,100.021511,99.994332,100.040143,99.994332,100.021511,99.997348,99.999926,100.005266,99.993152,100.053774,100.041302,100.016504,100.037173,100.030722,99.958063,99.980420,100.035643,100.130134,99.941248,99.937687,100.161063,100.154273,99.734653,99.804362,100.295757,100.360476,99.405460,99.765774,100.819254,98.952715,99.295613,102.040365,101.497615,96.850319,101.018344,102.748760,95.773691,67.765402,14.047500,-6.464545,-0.017149,1.830540,0.181470,-1.500412,0.713173,-0.281239,-0.051417,0.384151,-0.229596,0.000000,0.000000,0.000000,0.000000,0.000000
0.000000,0.000000,0.000000,0.000000,0.000000,-0.067121,0.379800,-0.656304,-0.039651,0.462655,-1.285290,2.436379,-0.941022,-2.836380,4.152200,31.975350,86.339692,107.186787,99.283060,97.742159,100.525441,101.905836,98.827996,98.765722,100.554906,100.677445,99.485492,100.128581,100.373918,99.811354,99.797259,100.167808,100.161063,99.842238,99.884043,100.102011,100.013965,99.890988,99.997506,100.046029,99.986210,99.985852,99.995097,99.988807,99.982719,99.978830,100.046465,99.991907,99.921439,100.020909,99.974480,100.000252,99.974480,100.020909,99.921439,99.991907,100.046465,99.978830,99.982719,99.988807,99.995097,99.985852,99.986210,100.046029,99.997506,99.890988,100.013965,100.102011,99.884043,99.842238,100.161063,100.167808,99.797259,99.811354,100.373918,100.128581,99.485492,100.677445,100.554906,98.765722,98.827996,101.905836,100.525441,97.742159,99.283060,107.186787,86.339692,31.975350,4.152200,-2.836380,-0.941022,2.436379,-1.285290,0.462655,-0.039651,-0.656304,0.379800,-0.067121,0.000000,0.000000,0.000000,0.000000,0.000000
0.000000,0.000000,0.000000,0.000000,0.006530,0.044257,0.071967,-0.638532,1.185462,-0.075257,-0.094549,0.721154,-0.496023,-5.945995,14.195418,67.214354,95.362231,103.599392,101.834871,96.810005,102.123744,99.854694,98.437304,100.883322,100.768452,99.628703,99.558203,100.373899,99.834318,99.801955,100.138640,100.095092,99.937687,99.884043,100.063171,100.107580,99.936698,99.998506,100.082477,99.974726,99.993663,100.007712,100.015729,99.968548,100.002274,99.996376,100.010391,100.046567,100.020570,100.046272,100.022547,100.049521,100.022547,100.046272,100.020570,100.046567,100.010391,99.996376,100.002274,99.968548,100.015729,100.007712,99.993663,99.974726,100.082477,99.998506,99.936698,100.107580,100.063171,99.884043,99.937687,100.095092,100.138640,99.801955,99.834318,100.373899,99.558203,99.628703,100.768452,100.883322,98.437304,99.854694,102.123744,96.810005,101.834871,103.599392,95.362231,67.214354,14.195418,-5.945995,-0.496023,0.721154,-0.094549,-0.075257,1.185462,-0.638532,0.071967,0.044257,0.006530,0.000000,0.000000,0.000000,0.000000
0.000000,0.000000,0.000000,0.000000,-0.199576,0.093192,0.044488,-0.091339,0.797342,-1.661922,-0.069502,0.305872,-1.164300,1.941256,32.938994,87.207182,104.361494,99.514779,99.112906,99.623299,101.278408,98.949281,100.270309,100.991021,99.421849,99.344705,100.306347,100.316730,99.781925,100.075852,100.155654,99.856806,99.941248,100.102011,100.107580,99.904561,99.937125,100.036368,100.004543,99.896282,100.017985,100.024558,100.003596,99.978183,100.070771,100.055755,99.894005,99.956751,99.994632,99.955203,99.956713,99.968748,99.956713,99.955203,99.994632,99.956751,99.894005,100.055755,100.070771,99.978183,100.003596,100.024558,100.017985,99.896282,100.004543,100.036368,99.937125,99.904561,100.107580,100.102011,99.941248,99.856806,100.155654,100.075852,99.781925,100.316730,100.306347,99.344705,99.421849,100.991021,100.270309,98.949281,101.278408,99.623299,99.112906,99.514779,104.361494,87.207182,32.938994,1.941256,-1.164300,0.305872,-0.069502,-1.661922,0.797342,-0.091339,0.044488,0.093192,-0.199576,0.000000,0.000000,0.000000,0.000000
0.000000,0.000000,0.000000,0.000000,-0.186806,0.490442,-0.096549,-0.038722,-0.092751,-0.695245,1.544577,1.713402,-5.567087,15.372279,67.824092,98.363897,104.461960,98.981946,97.882915,102.466610,99.339616,99.201884,100.652349,99.813669,99.397598,100.476400,100.362606,99.805745,99.787789,100.149419,99.955929,99.878561,100.130134,100.013965,99.936698,99.937125,100.048292,100.083556,99.980831,100.003186,100.091940,99.975736,99.967418,99.988727,99.954250,99.991553,100.041764,100.019079,100.031633,100.022992,100.034643,100.036867,100.034643,100.022992,100.031633,100.019079,100.041764,99.991553,99.954250,99.988727,99.967418,99.975736,100.091940,100.003186,99.980831,100.083556,100.048292,99.937125,99.936698,100.013965,100.130134,99.878561,99.955929,100.149419,99.787789,99.805745,100.362606,100.476400,99.397598,99.813669,100.652349,99.201884,99.339616,102.466610,97.882915,98.981946,104.461960,98.363897,67.824092,15.372279,-5.567087,1.713402,1.544577,-0.695245,-0.092751,-0.038722,-0.096549,0.490442,-0.186806,0.000000,0.000000,0.000000,0.000000
0.000000,0.000000,0.000000,0.000000,-0.034749,0.373323,-0.802178,0.058814,0.073075,0.456740,0.610568,-0.528373,-4.995332,19.864417,78.986707,105.169432,102.747693,98.108270,99.123650,102.058642,98.545778,100.274150,100.735827,99.367102,100.264841,100.358424,99.693630,99.728846,100.150121,100.116957,99.932596,100.075299,100.035643,99.890988,99.998506,100.036368,100.083556,99.905306,99.934973,100.025201,99.979063,99.937479,100.046131,100.106025,99.949626,99.986736,100.072145,99.971715,99.985675,99.981865,99.975632,99.999745,99.975632,99.981865,99.985675,99.971715,100.072145,99.986736,99.949626,100.106025,100.046131,99.937479,99.979063,100.025201,99.934973,99.905306,100.083556,100.036368,99.998506,99.890988,100.035643,100.075299,99.932596,100.116957,100.150121,99.728846,99.693630,100.358424,100.264841,99.367102,100.735827,100.274150,98.545778,102.058642,99.123650,98.108270,102.747693,105.169432,78.986707,19.864417,-4.995332,-0.528373,0.610568,0.456740,0.073075,0.058814,-0.802178,0.373323,-0.034749,0.000000,0.000000,0.000000,0.000000
0.000000,0.000000,0.000000,-0.010868,0.087327,0.095053,-0.548400,1.176872,-0.121383,-0.344089,-0.600334,-3.383355,1.151357,33.726529,85.153771,102.509286,98.513106,99.424572,100.910775,100.072936,98.829494,100.912903,99.825212,99.506057,100.394500,99.810620,99.771121,100.234015,100.171323,99.896885,99.922000,100.071718,99.980420,99.997506,100.082477,100.004543,99.980831,99.934973,100.107285,100.030736,99.979022,100.013954,99.984738,100.004835,99.955328,100.022581,99.977189,99.928783,100.038149,100.043673,99.955796,99.996099,99.955796,100.043673,100.038149,99.928783,99.977189,100.022581,99.955328,100.004835,99.984738,100.013954,99.979022,100.030736,100.107285,99.934973,99.980831,100.004543,100.082477,99.997506,99.980420,100.071718,99.922000,99.896885,100.171323,100.234015,99.771121,99.810620,100.394500,99.506057,99.825212,100.912903,98.829494,100.072936,100.910775,99.424572,98.513106,102.509286,85.153771,33.726529,1.151357,-3.383355,-0.600334,-0.344089,-0.121383,1.176872,-0.548400,0.095053,0.087327,-0.010868,0.000000,0.000000,0.000000
