0.000000,0.000000,0.000000,0.000000,0.000000,0.000000,0.000000,0.000000,0.000000,0.000000,0.000000,0.000000,0.000000,0.000000,0.000000,0.000000,0.000000,0.000000,0.000000,0.000000,0.000000,0.000000,0.000000,0.000000,0.000000,0.000000,0.000000,0.000000,0.000000,0.000000,0.000000,0.000000,0.000000,0.000000,0.000000,0.000000,0.000000,0.000000,0.000000,0.000000,0.000000,0.000000,0.000000,0.000000,0.000000,0.000000,0.000000,0.000000,0.000000,0.000000,0.000000,0.000000,0.000000,0.000000,0.000000,0.000000,0.000000,0.000000,0.000000,0.000000,0.000000,0.000000,0.000000,0.000000,0.000000,0.000000,0.000000,0.000000,0.000000,0.000000,0.000000,0.000000,0.000000,0.000000,0.000000,0.000000,0.000000,0.000000,0.000000,0.000000,0.000000,0.000000,0.000000,0.000000,0.000000,0.000000,0.000000,0.000000,0.000000,0.000000,0.000000,0.000000,0.000000,0.000000,0.000000,0.000000,0.000000,0.000000,0.000000,0.000000,0.000000,0.000000,0.000000
0.000000,0.000000,0.000000,0.000000,0.000000,0.000000,0.000000,0.000000,0.000000,0.000000,0.000000,0.000000,0.000000,0.000000,0.000000,0.000000,0.000000,0.000000,0.000000,0.000000,0.000000,0.000000,0.000000,0.000000,0.000000,0.000000,0.000000,0.000000,0.000000,0.000000,0.000000,0.000000,0.000000,0.000000,0.000000,0.000000,0.000000,0.000000,0.000000,0.000000,0.000000,0.000000,0.000000,0.000000,0.000000,0.000000,0.000000,0.000000,0.000000,0.000000,0.000000,-0.102440,0.000000,0.000000,0.000000,0.000000,0.000000,0.000000,0.000000,0.000000,0.000000,0.000000,0.000000,0.000000,0.000000,0.000000,0.000000,0.000000,0.000000,0.000000,0.000000,0.000000,0.000000,0.000000,0.000000,0.000000,0.000000,0.000000,0.000000,0.000000,0.000000,0.000000,0.000000,0.000000,0.000000,0.000000,0.000000,0.000000,0.000000,0.000000,0.000000,0.000000,0.000000,0.000000,0.000000,0.000000,0.000000,0.000000,0.000000,0.000000,0.000000,0.000000,0.000000
0.000000,0.000000,0.000000,0.000000,0.000000,0.000000,0.000000,0.000000,0.000000,0.000000,0.000000,0.000000,0.000000,0.000000,0.000000,0.000000,0.000000,0.000000,0.000000,0.000000,0.000000,0.000000,0.000000,0.000000,0.000000,0.000000,0.000000,0.000000,0.000000,0.000000,0.000000,0.000000,0.000000,0.000000,0.000000,0.000000,0.000000,0.000000,0.000000,0.000000,0.000000,0.000000,-0.109447,-0.092791,-0.087897,-0.091674,-0.093424,-0.092355,-0.092152,-0.094000,-0.079040,-0.064538,-0.089057,-0.102286,-0.092144,-0.088219,-0.088963,-0.092733,-0.090745,-0.086856,-0.096516,0.000000,0.000000,0.000000,0.000000,0.000000,0.000000,0.000000,0.000000,0.000000,0.000000,0.000000,0.000000,0.000000,0.000000,0.000000,0.000000,0.000000,0.000000,0.000000,0.000000,0.000000,0.000000,0.000000,0.000000,0.000000,0.000000,0.000000,0.000000,0.000000,0.000000,0.000000,0.000000,0.000000,0.000000,0.000000,0.000000,0.000000,0.000000,0.000000,0.000000,0.000000,0.000000
0.000000,0.000000,0.000000,0.000000,0.000000,0.000000,0.000000,0.000000,0.000000,0.000000,0.000000,0.000000,0.000000,0.000000,0.000000,0.000000,0.000000,0.000000,0.000000,0.000000,0.000000,0.000000,0.000000,0.000000,0.000000,0.000000,0.000000,0.000000,0.000000,0.000000,0.000000,0.000000,0.000000,0.000000,0.000000,0.000000,0.000000,-0.119440,-0.097309,-0.101099,-0.092686,-0.075819,-0.065374,-0.062549,-0.061943,-0.056729,-0.057716,-0.058348,-0.062963,-0.061850,-0.062601,-0.070355,-0.064186,-0.062473,-0.061393,-0.064191,-0.060627,-0.059002,-0.059916,-0.060650,-0.069323,-0.082600,-0.094953,-0.098430,-0.092078,-0.110498,0.000000,0.000000,0.000000,0.000000,0.000000,0.000000,0.000000,0.000000,0.000000,0.000000,0.000000,0.000000,0.000000,0.000000,0.000000,0.000000,0.000000,0.000000,0.000000,0.000000,0.000000,0.000000,0.000000,0.000000,0.000000,0.000000,0.000000,0.000000,0.000000,0.000000,0.000000,0.000000,0.000000,0.000000,0.000000,0.000000,0.000000
0.000000,0.000000,0.000000,0.000000,0.000000,0.000000,0.000000,0.000000,0.000000,0.000000,0.000000,0.000000,0.000000,0.000000,0.000000,0.000000,0.000000,0.000000,0.000000,0.000000,0.000000,0.000000,0.000000,0.000000,0.000000,0.000000,0.000000,0.000000,0.000000,0.000000,0.000000,0.000000,0.000000,0.000000,-0.105054,-0.093898,-0.081850,-0.059301,-0.055490,-0.058997,-0.064118,-0.068823,-0.073702,-0.063632,-0.043271,-0.034261,-0.033408,-0.048406,-0.064321,-0.068261,-0.065052,-0.061351,-0.067972,-0.070094,-0.072614,-0.058176,-0.041739,-0.040094,-0.047865,-0.067041,-0.077077,-0.070157,-0.060505,-0.053701,-0.051746,-0.059476,-0.083052,-0.086633,-0.110849,0.000000,0.000000,0.000000,0.000000,0.000000,0.000000,0.000000,0.000000,0.000000,0.000000,0.000000,0.000000,0.000000,0.000000,0.000000,0.000000,0.000000,0.000000,0.000000,0.000000,0.000000,0.000000,0.000000,0.000000,0.000000,0.000000,0.000000,0.000000,0.000000,0.000000,0.000000,0.000000,0.000000,0.000000
0.000000,0.000000,0.000000,0.000000,0.000000,0.000000,0.000000,0.000000,0.000000,0.000000,0.000000,0.000000,0.000000,0.000000,0.000000,0.000000,0.000000,0.000000,0.000000,0.000000,0.000000,0.000000,0.000000,0.000000,0.000000,0.000000,0.000000,0.000000,0.000000,0.000000,0.000000,0.000000,-0.120080,-0.073589,-0.066136,-0.058107,-0.065464,-0.076564,-0.074071,-0.072155,-0.076031,-0.073282,-0.055445,-0.017411,0.023348,0.039214,0.031731,-0.000097,-0.045476,-0.069836,-0.069940,-0.071963,-0.072324,-0.072993,-0.055337,-0.009364,0.020561,0.032263,0.019337,-0.021195,-0.059746,-0.076641,-0.077643,-0.071705,-0.074089,-0.077112,-0.066597,-0.055758,-0.059699,-0.071121,-0.115370,0.000000,0.000000,0.000000,0.000000,0.000000,0.000000,0.000000,0.000000,0.000000,0.000000,0.000000,0.000000,0.000000,0.000000,0.000000,0.000000,0.000000,0.000000,0.000000,0.000000,0.000000,0.000000,0.000000,0.000000,0.000000,0.000000,0.000000,0.000000,0.000000,0.000000,0.000000,0.000000
0.000000,0.000000,0.000000,0.000000,0.000000,0.000000,0.000000,0.000000,0.000000,0.000000,0.000000,0.000000,0.000000,0.000000,0.000000,0.000000,0.000000,0.000000,0.000000,0.000000,0.000000,0.000000,0.000000,0.000000,0.000000,0.000000,0.000000,0.000000,0.000000,0.000000,-0.117182,-0.077402,-0.061558,-0.063732,-0.073545,-0.074332,-0.073635,-0.058577,-0.046333,-0.031665,-0.027543,-0.030787,-0.010470,0.023226,0.039853,0.046006,0.052100,0.034343,-0.022120,-0.063791,-0.069705,-0.069807,-0.072249,-0.066308,-0.026958,0.026749,0.051515,0.048240,0.042705,0.023459,-0.014265,-0.037606,-0.029712,-0.024118,-0.036268,-0.050309,-0.068023,-0.071693,-0.070357,-0.063315,-0.062609,-0.077634,-0.113959,0.000000,0.000000,0.000000,0.000000,0.000000,0.000000,0.000000,0.000000,0.000000,0.000000,0.000000,0.000000,0.000000,0.000000,0.000000,0.000000,0.000000,0.000000,0.000000,0.000000,0.000000,0.000000,0.000000,0.000000,0.000000,0.000000,0.000000,0.000000,0.000000,0.000000
0.000000,0.000000,0.000000,0.000000,0.000000,0.000000,0.000000,0.000000,0.000000,0.000000,0.000000,0.000000,0.000000,0.000000,0.000000,0.000000,0.000000,0.000000,0.000000,0.000000,0.000000,0.000000,0.000000,0.000000,0.000000,0.000000,0.000000,0.000000,-0.107817,-0.083352,-0.059574,-0.056664,-0.075884,-0.074510,-0.068897,-0.064200,-0.054144,-0.028264,0.004071,0.024907,0.027510,0.026062,0.045578,0.056293,0.047384,0.041204,0.051071,0.050555,-0.003789,-0.060583,-0.071491,-0.065384,-0.073566,-0.062341,-0.006354,0.046795,0.053273,0.044579,0.049249,0.056066,0.042234,0.019906,0.026949,0.036063,0.019142,-0.012471,-0.038855,-0.056103,-0.063671,-0.071813,-0.072337,-0.054312,-0.063242,-0.083794,-0.104194,0.000000,0.000000,0.000000,0.000000,0.000000,0.000000,0.000000,0.000000,0.000000,0.000000,0.000000,0.000000,0.000000,0.000000,0.000000,0.000000,0.000000,0.000000,0.000000,0.000000,0.000000,0.000000,0.000000,0.000000,0.000000,0.000000,0.000000,0.000000
0.000000,0.000000,0.000000,0.000000,0.000000,0.000000,0.000000,0.000000,0.000000,0.000000,0.000000,0.000000,0.000000,0.000000,0.000000,0.000000,0.000000,0.000000,0.000000,0.000000,0.000000,0.000000,0.000000,0.000000,0.000000,0.000000,-0.109127,-0.078474,-0.059279,-0.055293,-0.070829,-0.071672,-0.068972,-0.063446,-0.039116,-0.010431,-0.002871,0.015432,0.047259,0.055485,0.054759,0.052791,0.043453,0.043764,0.044559,0.039729,0.048172,0.050482,0.005102,-0.056207,-0.069053,-0.058878,-0.068438,-0.054505,0.005470,0.050869,0.048806,0.039188,0.042092,0.043889,0.046129,0.051071,0.051848,0.055407,0.051014,0.027302,0.011414,-0.007720,-0.048181,-0.072190,-0.066212,-0.068235,-0.074625,-0.063630,-0.065091,-0.071169,-0.115308,0.000000,0.000000,0.000000,0.000000,0.000000,0.000000,0.000000,0.000000,0.000000,0.000000,0.000000,0.000000,0.000000,0.000000,0.000000,0.000000,0.000000,0.000000,0.000000,0.000000,0.000000,0.000000,0.000000,0.000000,0.000000,0.000000
0.000000,0.000000,0.000000,0.000000,0.000000,0.000000,0.000000,0.000000,0.000000,0.000000,0.000000,0.000000,0.000000,0.000000,0.000000,0.000000,0.000000,0.000000,0.000000,0.000000,0.000000,0.000000,0.000000,0.000000,-0.115123,-0.070440,-0.067331,-0.058731,-0.072152,-0.068612,-0.065970,-0.076321,-0.065246,-0.038958,0.003450,0.044173,0.046271,0.043210,0.047383,0.049124,0.051010,0.048046,0.046417,0.047143,0.051105,0.053457,0.054263,0.046620,0.004111,-0.049311,-0.059971,-0.051371,-0.059311,-0.045337,0.006473,0.047807,0.053249,0.051332,0.049713,0.046811,0.047827,0.044972,0.045748,0.046938,0.048427,0.047026,0.049747,0.032891,-0.026645,-0.065736,-0.073395,-0.074823,-0.071990,-0.076510,-0.074445,-0.056118,-0.060021,-0.070605,-0.107326,0.000000,0.000000,0.000000,0.000000,0.000000,0.000000,0.000000,0.000000,0.000000,0.000000,0.000000,0.000000,0.000000,0.000000,0.000000,0.000000,0.000000,0.000000,0.000000,0.000000,0.000000,0.000000,0.000000,0.000000
0.000000,0.000000,0.000000,0.000000,0.000000,0.000000,0.000000,0.000000,0.000000,0.000000,0.000000,0.000000,0.000000,0.000000,0.000000,0.000000,0.000000,0.000000,0.000000,0.000000,0.000000,0.000000,0.000000,-0.104796,-0.055275,-0.066907,-0.074777,-0.074298,-0.069136,-0.076867,-0.074307,-0.071617,-0.052262,0.001482,0.036181,0.048923,0.051456,0.049293,0.046693,0.043468,0.043549,0.046521,0.046051,0.044412,0.052357,0.051045,0.047473,0.045924,0.011321,-0.040578,-0.060735,-0.059043,-0.060388,-0.040128,0.011094,0.045024,0.047333,0.051298,0.050719,0.045655,0.047063,0.045240,0.044242,0.044751,0.048684,0.050508,0.049863,0.036793,0.007465,-0.032907,-0.070601,-0.075726,-0.076071,-0.073576,-0.060113,-0.065970,-0.071227,-0.066108,-0.058705,-0.112526,0.000000,0.000000,0.000000,0.000000,0.000000,0.000000,0.000000,0.000000,0.000000,0.000000,0.000000,0.000000,0.000000,0.000000,0.000000,0.000000,0.000000,0.000000,0.000000,0.000000,0.000000,0.000000,0.000000
0.000000,0.000000,0.000000,0.000000,0.000000,0.000000,0.000000,0.000000,0.000000,0.000000,0.000000,0.000000,0.000000,0.000000,0.000000,0.000000,0.000000,0.000000,0.000000,0.000000,0.000000,-0.114924,-0.070642,-0.062138,-0.072980,-0.074673,-0.052109,-0.051555,-0.050052,-0.059501,-0.067900,-0.043656,-0.016379,0.017344,0.047090,0.051504,0.049373,0.048993,0.049411,0.049585,0.047291,0.045890,0.048029,0.045280,0.046989,0.046603,0.043684,0.046970,0.026463,-0.020734,-0.052933,-0.060203,-0.053909,-0.021892,0.024240,0.044216,0.043802,0.047202,0.047419,0.048006,0.047975,0.046568,0.051084,0.049241,0.046609,0.047523,0.050468,0.050333,0.032979,-0.005930,-0.032512,-0.046931,-0.057138,-0.036330,-0.022413,-0.030365,-0.042588,-0.073377,-0.074152,-0.064219,-0.074958,-0.115735,0.000000,0.000000,0.000000,0.000000,0.000000,0.000000,0.000000,0.000000,0.000000,0.000000,0.000000,0.000000,0.000000,0.000000,0.000000,0.000000,0.000000,0.000000,0.000000,0.000000,0.000000
0.000000,0.000000,0.000000,0.000000,0.000000,0.000000,0.000000,0.000000,0.000000,0.000000,0.000000,0.000000,0.000000,0.000000,0.000000,0.000000,0.000000,0.000000,0.000000,0.000000,-0.105724,-0.054883,-0.060896,-0.070188,-0.070859,-0.051259,-0.012399,0.009023,0.004779,0.002424,-0.012367,-0.007008,0.023177,0.041629,0.050036,0.048002,0.043521,0.046545,0.046973,0.047725,0.047595,0.045307,0.046680,0.048487,0.046153,0.048929,0.051724,0.052210,0.043024,0.014577,-0.012199,-0.023139,-0.014145,0.013223,0.041239,0.050975,0.050284,0.047563,0.046440,0.048198,0.046391,0.044773,0.048577,0.047471,0.043903,0.041239,0.042424,0.051925,0.047237,0.032777,0.018374,0.000568,0.006243,0.030270,0.033690,0.025408,-0.010059,-0.054050,-0.074362,-0.072530,-0.060995,-0.056821,-0.106495,0.000000,0.000000,0.000000,0.000000,0.000000,0.000000,0.000000,0.000000,0.000000,0.000000,0.000000,0.000000,0.000000,0.000000,0.000000,0.000000,0.000000,0.000000,0.000000,0.000000
0.000000,0.000000,0.000000,0.000000,0.000000,0.000000,0.000000,0.000000,0.000000,0.000000,0.000000,0.000000,0.000000,0.000000,0.000000,0.000000,0.000000,0.000000,0.000000,-0.101191,-0.059967,-0.065983,-0.069717,-0.070653,-0.066298,-0.035862,0.026981,0.059493,0.046539,0.038714,0.037606,0.034366,0.044784,0.055192,0.050182,0.047620,0.052128,0.052519,0.049786,0.046138,0.046580,0.047024,0.049041,0.052530,0.050561,0.048269,0.048377,0.047850,0.048069,0.042571,0.032239,0.027986,0.031589,0.041672,0.048115,0.048116,0.048320,0.047787,0.047555,0.048689,0.047061,0.044701,0.045399,0.046129,0.047819,0.048099,0.046967,0.047531,0.052826,0.053600,0.044315,0.040280,0.046968,0.046345,0.052384,0.061201,0.015172,-0.049418,-0.074171,-0.074721,-0.069204,-0.068403,-0.060907,-0.110288,0.000000,0.000000,0.000000,0.000000,0.000000,0.000000,0.000000,0.000000,0.000000,0.000000,0.000000,0.000000,0.000000,0.000000,0.000000,0.000000,0.000000,0.000000,0.000000
0.000000,0.000000,0.000000,0.000000,0.000000,0.000000,0.000000,0.000000,0.000000,0.000000,0.000000,0.000000,0.000000,0.000000,0.000000,0.000000,0.000000,0.000000,-0.096687,-0.058747,-0.068936,-0.070799,-0.076136,-0.073697,-0.065866,-0.025297,0.037649,0.051925,0.049870,0.049882,0.047827,0.053181,0.047890,0.042857,0.043803,0.049132,0.049929,0.047999,0.049028,0.048191,0.049348,0.051253,0.049232,0.048351,0.048309,0.046835,0.045688,0.045024,0.048018,0.052007,0.050074,0.047788,0.050050,0.051563,0.048199,0.044754,0.046237,0.046755,0.045924,0.046968,0.047312,0.046750,0.048945,0.047670,0.045685,0.047493,0.048181,0.050017,0.046207,0.043136,0.046350,0.051134,0.048738,0.048818,0.046604,0.047253,0.022199,-0.043262,-0.074311,-0.074845,-0.073033,-0.069036,-0.069100,-0.054046,-0.102550,0.000000,0.000000,0.000000,0.000000,0.000000,0.000000,0.000000,0.000000,0.000000,0.000000,0.000000,0.000000,0.000000,0.000000,0.000000,0.000000,0.000000,0.000000
0.000000,0.000000,0.000000,0.000000,0.000000,0.000000,0.000000,0.000000,0.000000,0.000000,0.000000,0.000000,0.000000,0.000000,0.000000,0.000000,0.000000,-0.096538,-0.061688,-0.067820,-0.068731,-0.078650,-0.069901,-0.059453,-0.054493,-0.008148,0.039485,0.046203,0.049380,0.051415,0.046819,0.044992,0.046336,0.046951,0.048611,0.047974,0.044298,0.044324,0.048227,0.049634,0.046679,0.047768,0.046810,0.043951,0.045988,0.048193,0.048863,0.048660,0.049564,0.049432,0.048242,0.048661,0.050249,0.050347,0.049658,0.048291,0.048432,0.047582,0.046852,0.046680,0.045209,0.046247,0.048112,0.047536,0.046048,0.044854,0.047290,0.050959,0.051208,0.049719,0.045832,0.044862,0.048611,0.053017,0.050133,0.045551,0.029529,-0.022109,-0.058202,-0.054530,-0.061100,-0.072783,-0.067487,-0.065409,-0.056829,-0.105815,0.000000,0.000000,0.000000,0.000000,0.000000,0.000000,0.000000,0.000000,0.000000,0.000000,0.000000,0.000000,0.000000,0.000000,0.000000,0.000000,0.000000
0.000000,0.000000,0.000000,0.000000,0.000000,0.000000,0.000000,0.000000,0.000000,0.000000,0.000000,0.000000,0.000000,0.000000,0.000000,0.000000,-0.104111,-0.060290,-0.072723,-0.069271,-0.070721,-0.061496,-0.035919,-0.008577,-0.001573,0.017239,0.047232,0.053820,0.050021,0.046013,0.043129,0.045510,0.047378,0.046091,0.045303,0.047510,0.047644,0.048833,0.050039,0.047613,0.044084,0.046165,0.047971,0.047303,0.048953,0.047412,0.047789,0.049144,0.046572,0.044829,0.046197,0.048441,0.049034,0.047629,0.047453,0.047687,0.048020,0.048303,0.048925,0.049089,0.047809,0.047359,0.045091,0.046019,0.048388,0.048471,0.049791,0.050021,0.048979,0.048722,0.049120,0.049137,0.047264,0.047400,0.050302,0.053917,0.041776,0.010001,-0.000535,0.001600,-0.022500,-0.053278,-0.069636,-0.066587,-0.067837,-0.062394,-0.109637,0.000000,0.000000,0.000000,0.000000,0.000000,0.000000,0.000000,0.000000,0.000000,0.000000,0.000000,0.000000,0.000000,0.000000,0.000000,0.000000
0.000000,0.000000,0.000000,0.000000,0.000000,0.000000,0.000000,0.000000,0.000000,0.000000,0.000000,0.000000,0.000000,0.000000,0.000000,-0.102099,-0.061235,-0.068413,-0.070673,-0.070625,-0.055523,-0.022277,0.018543,0.033655,0.038440,0.043935,0.052292,0.049624,0.044996,0.046753,0.046908,0.048891,0.045673,0.045150,0.047572,0.048612,0.047115,0.047147,0.048213,0.045402,0.044753,0.047442,0.048378,0.047204,0.045936,0.046046,0.047138,0.047648,0.046386,0.046262,0.046922,0.046929,0.048795,0.048563,0.046880,0.045807,0.045597,0.047433,0.047858,0.047156,0.049038,0.048634,0.047583,0.046487,0.046132,0.047618,0.047808,0.050724,0.049901,0.047071,0.048787,0.050487,0.050028,0.047962,0.042913,0.048204,0.049710,0.041351,0.039770,0.039977,0.025066,-0.022351,-0.062873,-0.073382,-0.066812,-0.064951,-0.062229,-0.101741,0.000000,0.000000,0.000000,0.000000,0.000000,0.000000,0.000000,0.000000,0.000000,0.000000,0.000000,0.000000,0.000000,0.000000,0.000000
0.000000,0.000000,0.000000,0.000000,0.000000,0.000000,0.000000,0.000000,0.000000,0.000000,0.000000,0.000000,0.000000,0.000000,-0.094840,-0.061010,-0.069572,-0.071489,-0.072002,-0.056246,-0.023797,0.022056,0.043028,0.045875,0.050464,0.051988,0.046436,0.044628,0.050174,0.049017,0.047047,0.046561,0.045798,0.047232,0.049108,0.047063,0.046736,0.048614,0.048004,0.047930,0.046343,0.047388,0.048752,0.046649,0.046856,0.048664,0.048557,0.047026,0.046063,0.046838,0.047519,0.048582,0.048292,0.046259,0.046725,0.046555,0.046973,0.049302,0.048596,0.047451,0.047313,0.049067,0.050123,0.048542,0.046682,0.046302,0.047472,0.048901,0.050261,0.048777,0.045972,0.044170,0.044890,0.048761,0.047982,0.044013,0.046495,0.052750,0.054155,0.048715,0.042761,0.008586,-0.048606,-0.073414,-0.072949,-0.068465,-0.071687,-0.060600,-0.100105,0.000000,0.000000,0.000000,0.000000,0.000000,0.000000,0.000000,0.000000,0.000000,0.000000,0.000000,0.000000,0.000000,0.000000
0.000000,0.000000,0.000000,0.000000,0.000000,0.000000,0.000000,0.000000,0.000000,0.000000,0.000000,0.000000,0.000000,-0.093003,-0.059467,-0.067136,-0.068767,-0.070680,-0.060898,-0.026774,0.021720,0.038444,0.044074,0.051390,0.048547,0.045297,0.047306,0.050619,0.050921,0.048568,0.047239,0.049056,0.047865,0.047275,0.048290,0.046505,0.046490,0.048188,0.047605,0.046556,0.044703,0.044877,0.046771,0.048052,0.049609,0.048411,0.047789,0.046924,0.045252,0.046886,0.049229,0.049839,0.047779,0.045428,0.046080,0.046473,0.047250,0.049009,0.047918,0.047498,0.047458,0.046790,0.046890,0.047863,0.047320,0.045891,0.046436,0.046579,0.047168,0.046891,0.047449,0.047177,0.044487,0.046739,0.051097,0.051299,0.047420,0.047688,0.054101,0.056573,0.043526,0.023108,-0.010268,-0.052763,-0.066338,-0.066189,-0.065696,-0.069608,-0.058632,-0.105399,0.000000,0.000000,0.000000,0.000000,0.000000,0.000000,0.000000,0.000000,0.000000,0.000000,0.000000,0.000000,0.000000
0.000000,0.000000,0.000000,0.000000,0.000000,0.000000,0.000000,0.000000,0.000000,0.000000,0.000000,0.000000,-0.097198,-0.061729,-0.068721,-0.067738,-0.070325,-0.058902,-0.029911,0.017111,0.040056,0.045220,0.053340,0.048624,0.044643,0.049557,0.051270,0.049722,0.046343,0.044945,0.049432,0.049906,0.046886,0.048688,0.049057,0.047790,0.046277,0.046169,0.046348,0.045157,0.046356,0.046028,0.045069,0.047578,0.048433,0.046356,0.046286,0.046207,0.046335,0.048456,0.048539,0.046819,0.046113,0.046573,0.047119,0.046732,0.046299,0.047029,0.045971,0.046195,0.048162,0.047515,0.048047,0.047371,0.046265,0.046668,0.045988,0.046268,0.046088,0.045542,0.048400,0.050153,0.048975,0.047404,0.047663,0.049725,0.049877,0.048263,0.044343,0.049781,0.053445,0.037005,0.020260,0.002134,-0.024531,-0.041784,-0.057908,-0.065585,-0.071943,-0.053748,-0.106272,0.000000,0.000000,0.000000,0.000000,0.000000,0.000000,0.000000,0.000000,0.000000,0.000000,0.000000,0.000000
0.000000,0.000000,0.000000,0.000000,0.000000,0.000000,0.000000,0.000000,0.000000,0.000000,0.000000,-0.114590,-0.059199,-0.066539,-0.065722,-0.075179,-0.062515,-0.025798,0.018666,0.038320,0.045764,0.053673,0.049440,0.045300,0.049390,0.051589,0.048226,0.046618,0.046834,0.047769,0.049010,0.047333,0.046902,0.049625,0.050260,0.048782,0.047043,0.045783,0.046129,0.046250,0.047076,0.046847,0.044477,0.044396,0.047355,0.047392,0.045139,0.046243,0.047801,0.048488,0.049117,0.048969,0.047974,0.047411,0.048161,0.048568,0.048447,0.048072,0.046611,0.046053,0.047663,0.047931,0.046684,0.045634,0.045631,0.045663,0.047646,0.048000,0.045179,0.046470,0.046833,0.047224,0.049984,0.049590,0.048190,0.046589,0.045653,0.047692,0.045657,0.041739,0.049569,0.054184,0.041795,0.038061,0.036337,0.008013,-0.028152,-0.059859,-0.068119,-0.067051,-0.054913,-0.102712,0.000000,0.000000,0.000000,0.000000,0.000000,0.000000,0.000000,0.000000,0.000000,0.000000,0.000000
0.000000,0.000000,0.000000,0.000000,0.000000,0.000000,0.000000,0.000000,0.000000,0.000000,0.000000,-0.075418,-0.065015,-0.068965,-0.072856,-0.071815,-0.042338,0.013467,0.041180,0.044154,0.054592,0.049686,0.043651,0.047733,0.050010,0.048173,0.046121,0.046764,0.046019,0.045877,0.045623,0.046051,0.048204,0.049268,0.050405,0.048387,0.046732,0.046982,0.045752,0.046766,0.046867,0.046333,0.045924,0.045188,0.047097,0.048464,0.046694,0.047053,0.050040,0.049315,0.048362,0.049307,0.047632,0.046301,0.047409,0.047600,0.048508,0.049553,0.047838,0.048044,0.049533,0.048434,0.045653,0.045426,0.046820,0.046568,0.048888,0.048420,0.046467,0.048054,0.047932,0.046768,0.047200,0.047217,0.047483,0.047879,0.044812,0.044280,0.046571,0.045207,0.043252,0.050105,0.056640,0.048004,0.052784,0.051205,0.007673,-0.045726,-0.072991,-0.071160,-0.062139,-0.083026,0.000000,0.000000,0.000000,0.000000,0.000000,0.000000,0.000000,0.000000,0.000000,0.000000,0.000000
0.000000,0.000000,0.000000,0.000000,0.000000,0.000000,0.000000,0.000000,0.000000,0.000000,-0.109202,-0.063848,-0.072807,-0.074711,-0.076271,-0.069781,-0.024314,0.024454,0.045876,0.053653,0.047899,0.044140,0.047530,0.050521,0.048159,0.048176,0.048317,0.047382,0.045088,0.045139,0.047253,0.046360,0.046680,0.047192,0.046610,0.046654,0.047039,0.047531,0.046604,0.045383,0.046898,0.047893,0.045878,0.046196,0.048356,0.049005,0.048640,0.048260,0.050767,0.050428,0.047377,0.047383,0.046486,0.045293,0.045768,0.045102,0.047028,0.048437,0.048604,0.049617,0.048828,0.047714,0.046901,0.047064,0.046671,0.047912,0.048787,0.046934,0.047342,0.048149,0.047932,0.048301,0.049600,0.048524,0.046809,0.048382,0.047652,0.043514,0.043843,0.048820,0.045901,0.043770,0.049107,0.053354,0.048066,0.049177,0.023246,-0.042806,-0.075910,-0.072879,-0.071297,-0.061961,-0.103517,0.000000,0.000000,0.000000,0.000000,0.000000,0.000000,0.000000,0.000000,0.000000,0.000000
0.000000,0.000000,0.000000,0.000000,0.000000,0.000000,0.000000,0.000000,0.000000,-0.113968,-0.054836,-0.071020,-0.070174,-0.070171,-0.073544,-0.074461,-0.029432,0.024749,0.051826,0.052970,0.044351,0.047094,0.048512,0.045901,0.045594,0.049794,0.048864,0.046592,0.046364,0.049374,0.049738,0.048122,0.047696,0.046136,0.046308,0.046691,0.047471,0.048044,0.049435,0.047945,0.046609,0.049771,0.048898,0.047015,0.048044,0.047236,0.046969,0.047932,0.047639,0.047347,0.047375,0.047200,0.047448,0.046942,0.045320,0.045713,0.047364,0.048353,0.049564,0.049576,0.048824,0.047528,0.047645,0.048890,0.048684,0.048478,0.047058,0.046384,0.047083,0.047790,0.047634,0.047595,0.049901,0.048576,0.045581,0.045551,0.046266,0.046081,0.043226,0.045685,0.049096,0.048622,0.044569,0.049472,0.052220,0.045646,0.013261,-0.048721,-0.075635,-0.074133,-0.067423,-0.070545,-0.056825,-0.117628,0.000000,0.000000,0.000000,0.000000,0.000000,0.000000,0.000000,0.000000,0.000000
0.000000,0.000000,0.000000,0.000000,0.000000,0.000000,0.000000,0.000000,0.000000,-0.072029,-0.067151,-0.068764,-0.049803,-0.040938,-0.042223,-0.040074,-0.015632,0.028950,0.052186,0.046327,0.047476,0.049951,0.046211,0.043606,0.047235,0.051372,0.049234,0.047759,0.048699,0.051113,0.051245,0.049145,0.047954,0.047191,0.046513,0.047002,0.047057,0.047484,0.049902,0.048060,0.047619,0.049959,0.050790,0.048619,0.046815,0.046419,0.046657,0.047502,0.046777,0.046867,0.046731,0.047699,0.049552,0.049559,0.049539,0.049022,0.048000,0.048842,0.049410,0.048373,0.048133,0.048143,0.048445,0.049050,0.048616,0.046605,0.045398,0.045857,0.046944,0.048275,0.048800,0.047078,0.048130,0.048733,0.045687,0.044722,0.046336,0.048499,0.047570,0.046841,0.048793,0.049169,0.048037,0.045909,0.050119,0.048527,0.022738,-0.016892,-0.045095,-0.052325,-0.054537,-0.074946,-0.063620,-0.076226,0.000000,0.000000,0.000000,0.000000,0.000000,0.000000,0.000000,0.000000,0.000000
0.000000,0.000000,0.000000,0.000000,0.000000,0.000000,0.000000,0.000000,-0.107901,-0.066829,-0.074200,-0.046036,-0.007022,0.022754,0.025429,0.018751,0.028008,0.047132,0.048651,0.046430,0.048910,0.047537,0.045036,0.046281,0.048678,0.049989,0.049086,0.048872,0.048486,0.049073,0.049733,0.048454,0.047510,0.047849,0.048216,0.048934,0.049563,0.049019,0.050087,0.048679,0.048995,0.050211,0.049576,0.048829,0.047391,0.047890,0.046968,0.046496,0.047514,0.046143,0.046478,0.048465,0.048859,0.050524,0.049736,0.047507,0.048643,0.049322,0.048698,0.048118,0.047761,0.047951,0.048335,0.049078,0.047967,0.046771,0.047443,0.047420,0.047993,0.048421,0.047481,0.046482,0.048886,0.048591,0.047146,0.046934,0.046656,0.048155,0.048611,0.048169,0.046735,0.048355,0.048916,0.047919,0.046058,0.053295,0.048661,0.031186,0.021987,0.009732,-0.022513,-0.053102,-0.072251,-0.063512,-0.113092,0.000000,0.000000,0.000000,0.000000,0.000000,0.000000,0.000000,0.000000
0.000000,0.000000,0.000000,0.000000,0.000000,0.000000,0.000000,0.000000,-0.075272,-0.063329,-0.070903,-0.038617,0.023399,0.062649,0.049767,0.043606,0.051333,0.051895,0.044055,0.046111,0.046640,0.047215,0.048894,0.047268,0.047506,0.048680,0.047974,0.046914,0.047634,0.048459,0.046746,0.047030,0.047311,0.047036,0.049240,0.048634,0.047688,0.047938,0.049895,0.049660,0.049177,0.049974,0.049360,0.049822,0.049455,0.047782,0.046990,0.046841,0.046873,0.046113,0.046993,0.048675,0.049216,0.048889,0.046202,0.045624,0.048245,0.048953,0.048431,0.048398,0.047685,0.047409,0.047032,0.046995,0.048985,0.049113,0.047992,0.048139,0.047906,0.046045,0.045228,0.045724,0.047696,0.047749,0.047101,0.047513,0.048179,0.048400,0.048227,0.048010,0.047856,0.048613,0.047757,0.049713,0.046081,0.049752,0.055332,0.046413,0.048278,0.052797,0.003149,-0.051037,-0.071068,-0.057155,-0.081463,0.000000,0.000000,0.000000,0.000000,0.000000,0.000000,0.000000,0.000000
0.000000,0.000000,0.000000,0.000000,0.000000,0.000000,0.000000,-0.109699,-0.061796,-0.074519,-0.061896,-0.025984,0.029608,0.050930,0.047227,0.049552,0.049886,0.043013,0.046266,0.046804,0.045027,0.049676,0.049821,0.047599,0.047970,0.048854,0.046464,0.045776,0.048270,0.049474,0.047471,0.046488,0.047253,0.046383,0.047060,0.046701,0.044596,0.045186,0.048452,0.047173,0.047754,0.048207,0.046995,0.049691,0.049964,0.047860,0.046927,0.046420,0.046410,0.046949,0.047014,0.048492,0.049935,0.048184,0.046574,0.047093,0.048593,0.049725,0.049276,0.048060,0.047056,0.046795,0.045980,0.047246,0.049297,0.048401,0.047526,0.047872,0.048134,0.046970,0.046022,0.047121,0.049341,0.048159,0.046337,0.046978,0.048009,0.047243,0.048092,0.049002,0.047877,0.047949,0.045954,0.048700,0.049303,0.044194,0.048243,0.047258,0.047900,0.043928,0.003376,-0.046563,-0.066412,-0.074030,-0.062271,-0.111437,0.000000,0.000000,0.000000,0.000000,0.000000,0.000000,0.000000
0.000000,0.000000,0.000000,0.000000,0.000000,0.000000,0.000000,-0.076085,-0.055088,-0.068350,-0.068780,-0.026646,0.037301,0.048423,0.050467,0.050696,0.044669,0.046765,0.047927,0.047981,0.047131,0.049386,0.047899,0.048574,0.049515,0.048874,0.045794,0.045139,0.047852,0.047801,0.047330,0.045056,0.046330,0.046246,0.045186,0.045750,0.045280,0.046714,0.047146,0.046096,0.045407,0.045011,0.045868,0.047693,0.048509,0.046252,0.045400,0.046411,0.047276,0.045508,0.046250,0.049322,0.048374,0.048178,0.047521,0.047826,0.049852,0.049335,0.047381,0.047636,0.047804,0.046433,0.045710,0.047146,0.047650,0.047015,0.047229,0.046516,0.048696,0.047655,0.045821,0.047742,0.049908,0.047833,0.046036,0.047070,0.048027,0.047886,0.047381,0.048789,0.049986,0.047711,0.043571,0.046461,0.048241,0.048132,0.045550,0.048669,0.049415,0.040007,0.008034,-0.051736,-0.076483,-0.071529,-0.056642,-0.082178,0.000000,0.000000,0.000000,0.000000,0.000000,0.000000,0.000000
0.000000,0.000000,0.000000,0.000000,0.000000,0.000000,-0.108886,-0.060596,-0.071449,-0.068666,-0.065725,-0.033503,0.026833,0.052789,0.048942,0.044833,0.042469,0.048576,0.044927,0.045677,0.047849,0.047528,0.047315,0.048155,0.049516,0.049125,0.046723,0.045396,0.046992,0.048125,0.047785,0.046948,0.046216,0.046298,0.046994,0.046223,0.047182,0.048847,0.048784,0.047623,0.045933,0.045212,0.046222,0.048190,0.048509,0.045768,0.045567,0.048361,0.047966,0.046311,0.048264,0.049802,0.047774,0.045783,0.046135,0.047793,0.047729,0.046257,0.044640,0.046919,0.048803,0.047201,0.045144,0.044517,0.046519,0.047290,0.045927,0.046585,0.048953,0.046516,0.045191,0.047237,0.048759,0.047473,0.046244,0.046822,0.048745,0.048994,0.048226,0.048914,0.050046,0.047620,0.044998,0.045028,0.045086,0.048479,0.045812,0.046977,0.047964,0.043231,-0.003638,-0.061734,-0.072656,-0.067401,-0.072979,-0.064004,-0.115232,0.000000,0.000000,0.000000,0.000000,0.000000,0.000000
0.000000,0.000000,0.000000,0.000000,0.000000,0.000000,-0.075216,-0.057083,-0.073256,-0.078964,-0.070704,-0.022960,0.023598,0.046536,0.050012,0.043138,0.045744,0.048251,0.044601,0.047205,0.048161,0.045903,0.045636,0.046175,0.047536,0.048390,0.047342,0.044755,0.046220,0.048496,0.048404,0.048921,0.048739,0.047612,0.047524,0.047185,0.046381,0.046228,0.049061,0.047674,0.046380,0.047032,0.046950,0.048124,0.047452,0.047518,0.048086,0.048731,0.048251,0.047757,0.049284,0.048847,0.046838,0.045543,0.046700,0.048090,0.047072,0.046094,0.045978,0.048341,0.050380,0.049255,0.046281,0.044943,0.046234,0.045949,0.046483,0.048661,0.049181,0.047740,0.045809,0.046588,0.049830,0.047207,0.045450,0.048168,0.049563,0.048221,0.048099,0.048213,0.047445,0.047461,0.046944,0.045728,0.044960,0.047798,0.046192,0.044960,0.051754,0.036580,-0.006215,-0.048074,-0.075074,-0.076821,-0.070592,-0.059022,-0.081703,0.000000,0.000000,0.000000,0.000000,0.000000,0.000000
0.000000,0.000000,0.000000,0.000000,0.000000,-0.096680,-0.063978,-0.075629,-0.069405,-0.073032,-0.061711,-0.011167,0.036108,0.048465,0.046124,0.046427,0.049230,0.048173,0.046791,0.049196,0.048003,0.045656,0.046669,0.045158,0.044637,0.046150,0.045995,0.044967,0.045655,0.046099,0.046891,0.047077,0.048534,0.049175,0.047877,0.047095,0.045062,0.044870,0.046696,0.046265,0.047418,0.046990,0.045965,0.046310,0.045916,0.047199,0.049336,0.049421,0.047760,0.047068,0.048234,0.049163,0.046553,0.046064,0.048016,0.048642,0.047558,0.045932,0.046531,0.048888,0.050812,0.050002,0.048714,0.047621,0.045795,0.046719,0.047944,0.048382,0.050495,0.049651,0.047633,0.048226,0.048445,0.046051,0.045601,0.047137,0.050609,0.049878,0.046206,0.047124,0.049270,0.047403,0.046642,0.048028,0.046716,0.046454,0.047299,0.047297,0.048232,0.042339,0.015337,-0.032406,-0.069297,-0.073985,-0.069588,-0.074954,-0.064987,-0.113694,0.000000,0.000000,0.000000,0.000000,0.000000
0.000000,0.000000,0.000000,0.000000,0.000000,-0.070687,-0.064952,-0.072504,-0.064673,-0.051026,-0.012600,0.013845,0.045689,0.054583,0.043024,0.051050,0.049877,0.048563,0.048555,0.050014,0.049581,0.047923,0.047455,0.047415,0.046735,0.045675,0.046774,0.047504,0.046030,0.045027,0.046172,0.045755,0.046518,0.048102,0.048858,0.047472,0.046526,0.046312,0.046612,0.048236,0.049525,0.048518,0.046948,0.046303,0.046576,0.047145,0.047926,0.048810,0.048033,0.047787,0.048842,0.048183,0.047175,0.047865,0.048590,0.048566,0.047166,0.046754,0.046223,0.046661,0.048739,0.049189,0.049797,0.049754,0.047872,0.047166,0.047589,0.048736,0.050523,0.048560,0.048254,0.049534,0.047136,0.045811,0.046088,0.046119,0.049143,0.049223,0.045664,0.045263,0.049658,0.047752,0.046144,0.048034,0.047693,0.046682,0.047140,0.048961,0.044124,0.054167,0.034487,-0.001184,-0.021516,-0.054302,-0.067644,-0.072113,-0.062691,-0.068096,0.000000,0.000000,0.000000,0.000000,0.000000
0.000000,0.000000,0.000000,0.000000,-0.115891,-0.059679,-0.073396,-0.063018,-0.036366,-0.005309,0.025337,0.042556,0.050164,0.049596,0.044897,0.051283,0.046581,0.047623,0.049766,0.049107,0.047954,0.048418,0.049184,0.049124,0.049392,0.046404,0.046267,0.047043,0.046486,0.046158,0.046271,0.046695,0.047415,0.047654,0.047657,0.047361,0.048555,0.047056,0.047818,0.048812,0.047687,0.049707,0.048890,0.046195,0.045829,0.047088,0.046638,0.046672,0.047598,0.046830,0.047803,0.047445,0.046372,0.047575,0.048804,0.049421,0.047732,0.046995,0.047403,0.048412,0.047043,0.047397,0.050143,0.049912,0.048289,0.046955,0.048769,0.050859,0.049955,0.047998,0.047876,0.048500,0.049150,0.048194,0.048178,0.048213,0.048477,0.049002,0.046599,0.045546,0.048926,0.048660,0.046408,0.046269,0.049482,0.047899,0.046799,0.048976,0.043058,0.051654,0.049426,0.038937,0.021406,-0.006616,-0.035915,-0.059770,-0.068382,-0.063841,-0.108369,0.000000,0.000000,0.000000,0.000000
0.000000,0.000000,0.000000,0.000000,-0.098737,-0.056260,-0.074167,-0.059402,-0.000936,0.045088,0.044790,0.050338,0.045255,0.045487,0.048544,0.048383,0.045938,0.046561,0.047594,0.046999,0.046465,0.047305,0.050866,0.050108,0.047799,0.045022,0.044647,0.046158,0.045961,0.046847,0.048211,0.046564,0.046538,0.046289,0.046218,0.047046,0.047865,0.047765,0.046511,0.045392,0.046094,0.047308,0.046652,0.046703,0.047190,0.047786,0.048148,0.048314,0.048156,0.046856,0.046106,0.047320,0.046482,0.045354,0.047905,0.049800,0.047970,0.046185,0.047858,0.049425,0.048807,0.048036,0.048618,0.047963,0.046410,0.047637,0.049434,0.050054,0.049355,0.047516,0.046703,0.047479,0.047803,0.048925,0.050050,0.047525,0.047714,0.049442,0.049541,0.047794,0.049180,0.049274,0.047104,0.047332,0.049467,0.048452,0.048801,0.050047,0.046190,0.045607,0.049405,0.052133,0.044073,0.045006,0.001523,-0.054204,-0.071303,-0.058562,-0.090861,0.000000,0.000000,0.000000,0.000000
0.000000,0.000000,0.000000,0.000000,-0.085708,-0.065265,-0.074660,-0.049651,0.006081,0.052919,0.051005,0.047319,0.041675,0.050154,0.049195,0.046283,0.048143,0.046513,0.046376,0.046867,0.047299,0.048093,0.049752,0.048951,0.047308,0.044892,0.045449,0.045987,0.047426,0.048430,0.048968,0.047125,0.046462,0.047206,0.047536,0.047715,0.047364,0.048113,0.046431,0.046117,0.046475,0.045868,0.046653,0.047207,0.048242,0.048682,0.048769,0.049526,0.048858,0.047550,0.046136,0.046623,0.046823,0.045609,0.046301,0.048222,0.047477,0.045506,0.047649,0.049144,0.049191,0.049164,0.047642,0.047504,0.047701,0.047252,0.047198,0.049331,0.049370,0.046437,0.046499,0.048768,0.048194,0.048826,0.049029,0.046122,0.046284,0.047509,0.049212,0.047327,0.047171,0.047772,0.047431,0.045997,0.045394,0.046565,0.049058,0.048158,0.049747,0.049641,0.041677,0.048670,0.048488,0.051916,0.014203,-0.041388,-0.069412,-0.064111,-0.084647,0.000000,0.000000,0.000000,0.000000
0.000000,0.000000,0.000000,-0.100640,-0.062610,-0.075056,-0.063656,-0.035087,0.012151,0.046884,0.049385,0.046148,0.042620,0.049843,0.048438,0.045422,0.048450,0.045720,0.047973,0.047755,0.047044,0.048528,0.048545,0.046273,0.045881,0.044934,0.045320,0.045014,0.046680,0.048609,0.048017,0.048218,0.048445,0.049593,0.048704,0.047344,0.048400,0.047734,0.048252,0.048459,0.048237,0.048881,0.049650,0.049633,0.048395,0.047945,0.047274,0.047725,0.047013,0.045342,0.046861,0.047684,0.046682,0.045519,0.045721,0.048028,0.046897,0.045123,0.046137,0.048591,0.048364,0.047509,0.049432,0.048436,0.048548,0.048665,0.045839,0.047457,0.048029,0.046363,0.047916,0.049197,0.048906,0.048092,0.047359,0.045903,0.046060,0.046311,0.047022,0.047675,0.046621,0.046236,0.049643,0.048616,0.046255,0.045215,0.048361,0.046737,0.050221,0.052407,0.043536,0.047502,0.046612,0.044354,0.027564,-0.015056,-0.055425,-0.076268,-0.061530,-0.106838,0.000000,0.000000,0.000000
0.000000,0.000000,0.000000,-0.091995,-0.058207,-0.074003,-0.054009,-0.011975,0.038543,0.047961,0.046620,0.049440,0.043854,0.045509,0.045393,0.047172,0.049931,0.048454,0.048832,0.048579,0.048755,0.047138,0.047427,0.046397,0.046436,0.047149,0.047397,0.046977,0.046828,0.048525,0.049354,0.048227,0.049103,0.049102,0.046879,0.046878,0.047085,0.048376,0.049077,0.047458,0.048600,0.049845,0.049881,0.050751,0.049147,0.045842,0.044392,0.045655,0.046955,0.046209,0.046207,0.047791,0.047431,0.045067,0.045497,0.047557,0.046531,0.046711,0.046985,0.046759,0.047384,0.046960,0.048700,0.049576,0.047696,0.047825,0.046535,0.045553,0.045929,0.045960,0.048293,0.048722,0.045413,0.045581,0.047102,0.046891,0.047053,0.047077,0.047791,0.046322,0.047416,0.049001,0.049907,0.050049,0.048320,0.045298,0.048126,0.048428,0.047186,0.048461,0.045569,0.048988,0.046242,0.046155,0.050116,0.012708,-0.043507,-0.074227,-0.057180,-0.083437,0.000000,0.000000,0.000000
0.000000,0.000000,0.000000,-0.099768,-0.057046,-0.074454,-0.042284,0.013156,0.052437,0.048957,0.040749,0.048762,0.047655,0.044296,0.044911,0.048596,0.050178,0.049499,0.051148,0.050008,0.048554,0.046927,0.047264,0.046585,0.048242,0.048983,0.048021,0.046423,0.047025,0.048823,0.049293,0.049075,0.048050,0.046750,0.045525,0.045898,0.047832,0.048668,0.047738,0.047254,0.045815,0.045520,0.047626,0.049716,0.047423,0.045383,0.045395,0.046013,0.047383,0.048014,0.048038,0.046815,0.047501,0.046968,0.046941,0.047538,0.047975,0.049357,0.050181,0.048823,0.047264,0.047841,0.047350,0.048780,0.048918,0.046987,0.047514,0.047723,0.046441,0.046367,0.048394,0.048369,0.045642,0.043946,0.045926,0.048524,0.047150,0.046823,0.047346,0.046001,0.047728,0.049584,0.049041,0.046149,0.047172,0.047194,0.047945,0.047738,0.046976,0.045068,0.046963,0.050305,0.041976,0.047268,0.055470,0.029241,-0.028575,-0.068353,-0.058042,-0.089988,0.000000,0.000000,0.000000
0.000000,0.000000,0.000000,-0.096407,-0.060081,-0.079700,-0.036164,0.021829,0.053025,0.048620,0.041372,0.047088,0.047696,0.045558,0.047366,0.047202,0.047411,0.047646,0.048928,0.047871,0.048042,0.047482,0.047594,0.045775,0.046740,0.048346,0.046530,0.044807,0.044788,0.046979,0.048411,0.048863,0.048465,0.046721,0.046220,0.047075,0.048675,0.048857,0.046868,0.046131,0.046004,0.044816,0.045428,0.048386,0.047965,0.047234,0.047687,0.047424,0.048078,0.048564,0.048046,0.046769,0.046835,0.048227,0.048063,0.047034,0.047946,0.050162,0.051836,0.051129,0.047573,0.047793,0.048522,0.046858,0.048413,0.048763,0.048137,0.049106,0.047400,0.047381,0.049473,0.049370,0.047876,0.046369,0.047268,0.048793,0.047138,0.045462,0.046585,0.047825,0.047486,0.048248,0.048651,0.045858,0.048429,0.048377,0.046853,0.048487,0.050645,0.046516,0.048150,0.050500,0.042522,0.046604,0.052131,0.027643,-0.028798,-0.075173,-0.060095,-0.092066,0.000000,0.000000,0.000000
0.000000,0.000000,0.000000,-0.084138,-0.067732,-0.075407,-0.034883,0.024873,0.050834,0.045593,0.045068,0.047027,0.046306,0.044753,0.047352,0.045709,0.046772,0.048431,0.046430,0.045813,0.049991,0.047977,0.047008,0.046469,0.046360,0.048661,0.047878,0.044836,0.044195,0.046167,0.047955,0.047775,0.048511,0.047751,0.047023,0.047410,0.046471,0.048556,0.047735,0.046065,0.047628,0.046319,0.045228,0.047318,0.049131,0.048198,0.047252,0.047387,0.049776,0.049570,0.046736,0.047904,0.047962,0.047940,0.047518,0.045416,0.046084,0.048927,0.050956,0.050596,0.048861,0.048570,0.049399,0.048513,0.046877,0.047414,0.048461,0.048395,0.046747,0.046825,0.049326,0.048389,0.046869,0.049024,0.049573,0.047322,0.045969,0.045580,0.045672,0.046667,0.047048,0.047510,0.047573,0.045448,0.049130,0.049264,0.047941,0.048568,0.050603,0.049142,0.048041,0.047611,0.047169,0.046351,0.049226,0.022553,-0.038355,-0.076659,-0.067292,-0.076929,0.000000,0.000000,0.000000
0.000000,0.000000,-0.096636,-0.070563,-0.073791,-0.057120,-0.010176,0.047700,0.045724,0.045405,0.045233,0.048080,0.046840,0.048762,0.047134,0.045634,0.049827,0.048850,0.047678,0.048751,0.050665,0.048547,0.046481,0.045895,0.046498,0.047827,0.047691,0.044926,0.045033,0.047727,0.048386,0.047530,0.046282,0.046698,0.046660,0.046789,0.047234,0.045740,0.046044,0.047289,0.046829,0.046152,0.045744,0.047875,0.048307,0.046659,0.046344,0.046769,0.049237,0.050145,0.048285,0.047649,0.048362,0.048751,0.047785,0.046607,0.046205,0.048052,0.048517,0.048140,0.049979,0.049653,0.048446,0.049760,0.048441,0.046441,0.047095,0.047545,0.046825,0.046895,0.047480,0.047574,0.047576,0.048967,0.050327,0.049069,0.045610,0.045388,0.046864,0.047748,0.047959,0.046534,0.047759,0.047031,0.048405,0.051027,0.050481,0.047180,0.049089,0.049518,0.049108,0.050806,0.049359,0.048573,0.042916,0.040587,-0.022582,-0.064668,-0.075537,-0.062528,-0.110313,0.000000,0.000000
0.000000,0.000000,-0.091031,-0.059166,-0.064318,-0.018123,0.024655,0.059829,0.045365,0.047978,0.045768,0.045423,0.045494,0.052253,0.048612,0.044998,0.049891,0.049801,0.049007,0.049318,0.050307,0.048769,0.047179,0.047156,0.048534,0.048420,0.046095,0.045165,0.046716,0.048377,0.047050,0.045761,0.045572,0.046885,0.047255,0.047021,0.047881,0.046562,0.046284,0.046078,0.046152,0.047058,0.046789,0.048781,0.049030,0.046971,0.046125,0.046816,0.049518,0.049355,0.047278,0.047148,0.047525,0.047020,0.047188,0.048460,0.048050,0.048095,0.047587,0.047298,0.048208,0.049301,0.050074,0.049856,0.048426,0.045844,0.045329,0.046534,0.046143,0.046107,0.046761,0.048273,0.049083,0.048061,0.048621,0.049030,0.046654,0.046473,0.048720,0.048395,0.048873,0.048242,0.047174,0.047643,0.048760,0.050096,0.050448,0.046817,0.047586,0.048770,0.047735,0.048205,0.044815,0.047297,0.045832,0.055893,0.011606,-0.028190,-0.066735,-0.059238,-0.098588,0.000000,0.000000
0.000000,0.000000,-0.091412,-0.056855,-0.040007,0.025324,0.036333,0.046811,0.043694,0.052975,0.051843,0.047303,0.046881,0.049527,0.046586,0.045570,0.047793,0.047935,0.048027,0.047348,0.048612,0.047604,0.048328,0.049485,0.050402,0.050954,0.048029,0.046677,0.047126,0.047753,0.046441,0.044749,0.045606,0.048178,0.048424,0.048219,0.047792,0.047834,0.047058,0.045467,0.044903,0.044616,0.046855,0.048904,0.048738,0.048411,0.046857,0.047268,0.048894,0.047083,0.045957,0.047694,0.047316,0.045082,0.045842,0.047513,0.048066,0.048314,0.047413,0.048822,0.050139,0.049419,0.050318,0.050097,0.047609,0.046021,0.046238,0.047774,0.045866,0.045097,0.047979,0.047903,0.047952,0.047916,0.046767,0.047788,0.046911,0.047416,0.048241,0.047442,0.047339,0.047103,0.047002,0.047743,0.047784,0.047536,0.050104,0.045951,0.045347,0.049474,0.045216,0.044033,0.048062,0.050775,0.047477,0.052431,0.031103,0.017152,-0.044258,-0.057723,-0.093472,0.000000,0.000000
0.000000,0.000000,-0.094177,-0.054037,-0.024256,0.044740,0.045202,0.040061,0.038161,0.051331,0.048405,0.045267,0.049263,0.049487,0.045840,0.046199,0.048914,0.046375,0.046155,0.047273,0.047532,0.047952,0.047358,0.046793,0.050053,0.051720,0.049275,0.049395,0.048177,0.047243,0.047490,0.046957,0.047626,0.048104,0.048349,0.049422,0.049126,0.047429,0.046123,0.046009,0.045302,0.044909,0.046229,0.046841,0.047392,0.048036,0.046760,0.046247,0.046905,0.045892,0.046069,0.047673,0.047749,0.047230,0.045523,0.045440,0.046140,0.046490,0.048504,0.049356,0.050560,0.049571,0.047422,0.048754,0.047060,0.045803,0.048637,0.049432,0.047848,0.046210,0.046832,0.048486,0.048371,0.046753,0.046063,0.047517,0.047998,0.048194,0.047149,0.046819,0.046175,0.045910,0.048279,0.050144,0.048249,0.045488,0.047158,0.047249,0.047699,0.050306,0.048823,0.044731,0.048201,0.052240,0.040021,0.040236,0.039236,0.042207,-0.026981,-0.053144,-0.091390,0.000000,0.000000
0.000000,0.000000,-0.092156,-0.055738,-0.024733,0.038697,0.055524,0.051270,0.048965,0.053918,0.047583,0.042367,0.050454,0.050096,0.045126,0.045855,0.047175,0.046117,0.047057,0.046401,0.047583,0.048989,0.045935,0.045911,0.048261,0.049702,0.050106,0.049107,0.048058,0.048852,0.048777,0.048649,0.048737,0.048534,0.048013,0.047888,0.049514,0.048179,0.045611,0.046279,0.046574,0.047769,0.047394,0.046475,0.046171,0.046612,0.047754,0.047201,0.046407,0.045558,0.045593,0.047264,0.048377,0.047719,0.045931,0.045565,0.045809,0.044819,0.047117,0.049033,0.047764,0.048384,0.046488,0.044608,0.045581,0.047342,0.050138,0.049963,0.048613,0.048211,0.046651,0.047333,0.049086,0.047131,0.046276,0.048357,0.049197,0.049502,0.047535,0.046571,0.047005,0.048055,0.048031,0.049294,0.049423,0.045455,0.044912,0.047446,0.047316,0.050342,0.053570,0.043667,0.043795,0.051227,0.044856,0.043830,0.049931,0.041166,-0.022519,-0.052862,-0.093577,0.000000,0.000000
0.000000,0.000000,-0.093930,-0.058095,-0.044960,0.004303,0.030299,0.038895,0.039550,0.036674,0.036579,0.040412,0.050351,0.047641,0.044145,0.046741,0.045440,0.046427,0.047384,0.046472,0.048999,0.050075,0.046301,0.045479,0.045365,0.047490,0.048897,0.046534,0.046895,0.048864,0.049749,0.048678,0.047812,0.048358,0.047211,0.048495,0.049675,0.047407,0.046659,0.047229,0.047724,0.048341,0.047280,0.046256,0.044973,0.046200,0.048997,0.048244,0.048211,0.047846,0.045740,0.047049,0.048290,0.045871,0.045754,0.046432,0.045393,0.045408,0.045250,0.046981,0.048846,0.047711,0.046352,0.045822,0.047405,0.050498,0.050810,0.049398,0.049035,0.049464,0.048949,0.047669,0.048602,0.049170,0.047597,0.048543,0.049268,0.049183,0.049265,0.048600,0.047441,0.047974,0.048466,0.048701,0.047873,0.046593,0.047511,0.048080,0.045897,0.050892,0.055305,0.047568,0.046377,0.047459,0.050759,0.053393,0.046904,0.022832,-0.034823,-0.054636,-0.098079,0.000000,0.000000
0.000000,0.000000,-0.097029,-0.061177,-0.065101,-0.049858,-0.031394,-0.022768,-0.019068,-0.018258,-0.010815,0.007427,0.031629,0.043254,0.047132,0.048080,0.045356,0.047359,0.046425,0.047210,0.050950,0.050997,0.047581,0.046282,0.045618,0.045335,0.044524,0.045088,0.046536,0.047485,0.047647,0.046542,0.047858,0.048686,0.047307,0.048173,0.049658,0.049694,0.049277,0.048878,0.049281,0.049171,0.047224,0.046242,0.047116,0.049144,0.048577,0.047606,0.048910,0.048489,0.046470,0.046432,0.046923,0.045301,0.044957,0.047372,0.047912,0.046819,0.046004,0.046434,0.048533,0.048217,0.047866,0.048343,0.049174,0.049952,0.048407,0.047139,0.047734,0.049132,0.048254,0.048368,0.049252,0.048486,0.045245,0.045774,0.049271,0.049091,0.049225,0.049984,0.047970,0.047294,0.048041,0.047663,0.048313,0.048744,0.047544,0.049149,0.049272,0.049517,0.043508,0.029160,0.015100,0.008746,0.015472,0.013635,0.002337,-0.022087,-0.055533,-0.060171,-0.100187,0.000000,0.000000
0.000000,0.000000,-0.102170,-0.064270,-0.066633,-0.069313,-0.066256,-0.066917,-0.065087,-0.057885,-0.050732,-0.035761,-0.000614,0.035505,0.048845,0.048824,0.045360,0.046347,0.046221,0.047065,0.049441,0.049595,0.049067,0.047834,0.046542,0.045182,0.044432,0.044929,0.045895,0.048214,0.045769,0.044563,0.047227,0.048772,0.048864,0.047278,0.049537,0.051502,0.050636,0.050337,0.047741,0.047278,0.049749,0.049137,0.048472,0.048865,0.047617,0.047404,0.046518,0.046809,0.047598,0.046635,0.047888,0.045859,0.044672,0.049520,0.050539,0.047627,0.048298,0.048336,0.047326,0.049182,0.048523,0.046812,0.048211,0.048107,0.045604,0.045053,0.046147,0.048437,0.047854,0.047637,0.049538,0.048351,0.045508,0.045624,0.047832,0.048352,0.049169,0.048919,0.046603,0.046810,0.046260,0.046559,0.048592,0.047553,0.044908,0.048503,0.050099,0.039727,0.011567,-0.020574,-0.040028,-0.045386,-0.045810,-0.046763,-0.051233,-0.063135,-0.067777,-0.065013,-0.106553,0.000000,0.000000
0.000000,0.000000,-0.089897,-0.063951,-0.065816,-0.069967,-0.067766,-0.067993,-0.065862,-0.056276,-0.058478,-0.056716,-0.023116,0.024573,0.046979,0.047906,0.048200,0.046742,0.046097,0.047467,0.047295,0.048406,0.047643,0.047823,0.047965,0.046625,0.045948,0.045831,0.048239,0.049286,0.046148,0.046351,0.047311,0.047100,0.048312,0.048811,0.049116,0.050159,0.050815,0.049642,0.046860,0.046833,0.049288,0.049661,0.046910,0.045271,0.046050,0.045434,0.046290,0.048198,0.047950,0.048356,0.048735,0.046656,0.045333,0.048498,0.048464,0.047233,0.049094,0.047940,0.047507,0.048383,0.047184,0.047228,0.046833,0.047673,0.047562,0.045699,0.046359,0.046423,0.047805,0.049447,0.049831,0.049417,0.046958,0.046411,0.046866,0.048107,0.047925,0.045548,0.045056,0.045118,0.045224,0.047737,0.045825,0.045161,0.045840,0.048097,0.046330,0.024559,-0.020649,-0.055396,-0.061428,-0.064137,-0.070932,-0.071212,-0.069265,-0.070859,-0.067388,-0.065190,-0.090067,0.000000,0.000000
0.000000,-0.109658,-0.067690,-0.070317,-0.059536,-0.072245,-0.071159,-0.064635,-0.059560,-0.050454,-0.057790,-0.061787,-0.028163,0.021002,0.045289,0.048012,0.049264,0.047573,0.047188,0.047352,0.047072,0.048379,0.047465,0.049014,0.048747,0.046970,0.046204,0.047134,0.049366,0.049434,0.047536,0.046341,0.047773,0.047150,0.045644,0.047292,0.047247,0.048334,0.049228,0.047200,0.047664,0.048532,0.047906,0.047684,0.045231,0.043777,0.045216,0.044950,0.046314,0.048787,0.048026,0.047943,0.047307,0.044989,0.045149,0.046329,0.046817,0.047247,0.047555,0.048245,0.047821,0.047286,0.046166,0.045796,0.047680,0.048675,0.049725,0.048428,0.046265,0.045507,0.046724,0.049542,0.050613,0.049818,0.047389,0.047232,0.047565,0.047016,0.045478,0.044195,0.045305,0.046367,0.045375,0.046962,0.045704,0.045828,0.047492,0.047308,0.043534,0.014066,-0.036577,-0.062088,-0.055225,-0.053705,-0.063635,-0.067488,-0.071647,-0.072417,-0.060041,-0.068211,-0.066614,-0.102358,0.000000
0.000000,0.000000,-0.090905,-0.062084,-0.065278,-0.069275,-0.067403,-0.069812,-0.070365,-0.061422,-0.058815,-0.051700,-0.014507,0.029922,0.048418,0.048481,0.047763,0.048206,0.048167,0.047939,0.047863,0.049515,0.049460,0.047831,0.047429,0.047860,0.046815,0.047793,0.047530,0.047281,0.047262,0.046194,0.046634,0.046484,0.045949,0.046095,0.044939,0.045017,0.046478,0.047114,0.047406,0.047815,0.048276,0.047944,0.046266,0.045869,0.047525,0.047500,0.047261,0.048992,0.048258,0.047101,0.047423,0.045138,0.044763,0.047809,0.048182,0.047280,0.047455,0.047733,0.048047,0.047844,0.046263,0.044821,0.046514,0.048262,0.048207,0.048327,0.045279,0.045643,0.047565,0.046997,0.049041,0.048965,0.048352,0.048567,0.048283,0.047542,0.046088,0.045825,0.046307,0.047898,0.046145,0.046247,0.046859,0.047388,0.048140,0.049006,0.045054,0.016664,-0.033078,-0.060802,-0.057934,-0.056878,-0.066911,-0.069684,-0.069652,-0.069783,-0.063208,-0.063823,-0.083473,0.000000,0.000000
0.000000,0.000000,-0.101673,-0.064385,-0.069134,-0.070340,-0.062320,-0.057587,-0.054923,-0.049852,-0.038902,-0.017849,0.013527,0.041189,0.049895,0.048430,0.048064,0.048735,0.047381,0.048975,0.049356,0.049451,0.048637,0.047639,0.047719,0.047440,0.048243,0.047863,0.046995,0.047520,0.046827,0.047102,0.046952,0.046849,0.047991,0.047048,0.045077,0.044240,0.045154,0.047803,0.049031,0.048700,0.047762,0.048837,0.049947,0.049576,0.049590,0.048659,0.047780,0.048908,0.049336,0.047132,0.047075,0.047972,0.046642,0.048875,0.049514,0.046988,0.046485,0.045949,0.047271,0.048314,0.047172,0.045453,0.046170,0.048736,0.047643,0.047257,0.046763,0.046278,0.047974,0.046226,0.046421,0.047955,0.047819,0.049511,0.049065,0.049004,0.048064,0.045824,0.047399,0.047620,0.046332,0.047538,0.047455,0.047842,0.048629,0.051032,0.047962,0.030509,-0.008397,-0.042725,-0.054685,-0.058916,-0.065165,-0.067101,-0.067986,-0.073563,-0.068325,-0.061625,-0.101089,0.000000,0.000000
0.000000,0.000000,-0.095141,-0.064608,-0.064542,-0.043329,-0.019079,-0.003819,0.002123,0.002258,0.011583,0.025828,0.042454,0.047866,0.047664,0.048950,0.048351,0.049750,0.048095,0.048467,0.049719,0.048822,0.046939,0.047560,0.047290,0.047718,0.048041,0.046646,0.047217,0.048497,0.047610,0.047435,0.046588,0.045682,0.046534,0.046347,0.046050,0.046453,0.045064,0.046305,0.049457,0.049055,0.047462,0.048658,0.050885,0.049897,0.048041,0.048036,0.047804,0.048651,0.048950,0.046510,0.047763,0.048503,0.047705,0.048911,0.047862,0.046414,0.044901,0.045989,0.047728,0.047610,0.046430,0.046303,0.048314,0.048645,0.048444,0.048010,0.048557,0.047918,0.047486,0.046987,0.045474,0.047935,0.048631,0.049255,0.048853,0.047213,0.047540,0.046787,0.046557,0.048334,0.046918,0.046338,0.048356,0.048711,0.047561,0.049439,0.049213,0.045450,0.028588,0.002460,-0.012932,-0.018834,-0.018685,-0.023182,-0.037179,-0.059686,-0.072588,-0.062913,-0.096651,0.000000,0.000000
0.000000,0.000000,-0.101020,-0.058178,-0.048296,0.004863,0.036085,0.046746,0.045958,0.044703,0.044841,0.044988,0.053457,0.049597,0.044143,0.047863,0.047583,0.046948,0.048259,0.048832,0.048687,0.047793,0.047499,0.048489,0.048259,0.049010,0.047771,0.046922,0.046726,0.046640,0.048740,0.048843,0.045182,0.044698,0.046939,0.047224,0.047124,0.047648,0.047278,0.046451,0.047419,0.047980,0.048109,0.049629,0.049788,0.047976,0.046685,0.047524,0.048529,0.048881,0.047146,0.045568,0.047751,0.048526,0.048450,0.049040,0.047660,0.046127,0.046141,0.047252,0.048220,0.047058,0.045366,0.045125,0.046642,0.049042,0.049223,0.047597,0.046202,0.047239,0.048409,0.047283,0.045586,0.047114,0.049475,0.048682,0.048209,0.047001,0.046404,0.047846,0.046462,0.047236,0.047842,0.046227,0.045851,0.046438,0.045867,0.046023,0.046038,0.050220,0.047459,0.035681,0.035039,0.035211,0.037848,0.038824,0.024523,-0.010651,-0.055635,-0.062682,-0.095888,0.000000,0.000000
0.000000,0.000000,-0.090820,-0.056722,-0.031986,0.036773,0.053660,0.048341,0.043797,0.050859,0.046819,0.043907,0.050976,0.048810,0.045046,0.048027,0.048436,0.045625,0.048690,0.049908,0.047842,0.046787,0.048090,0.049486,0.049427,0.048555,0.047873,0.048546,0.046822,0.045835,0.046952,0.047309,0.046750,0.046826,0.046748,0.047904,0.048093,0.047888,0.048187,0.046893,0.046973,0.048125,0.048831,0.049857,0.047149,0.045812,0.047017,0.046087,0.045638,0.047001,0.045882,0.043924,0.046098,0.048726,0.049202,0.048321,0.048105,0.047845,0.048261,0.049530,0.048647,0.048078,0.047214,0.045502,0.046607,0.048495,0.048763,0.047969,0.045464,0.047121,0.049086,0.047499,0.046696,0.046922,0.048413,0.049511,0.047029,0.046483,0.046857,0.045463,0.047291,0.047901,0.047088,0.047916,0.043958,0.042320,0.046187,0.046574,0.045322,0.048375,0.047743,0.041586,0.048932,0.051026,0.045530,0.054568,0.055449,0.025113,-0.039582,-0.058365,-0.094952,0.000000,0.000000
0.000000,0.000000,-0.083485,-0.059262,-0.032555,0.042613,0.044958,0.039248,0.036881,0.052109,0.050995,0.046297,0.047254,0.047644,0.045858,0.046725,0.048347,0.045999,0.049104,0.048251,0.045130,0.046209,0.046599,0.046491,0.048116,0.048546,0.047410,0.048418,0.047695,0.046147,0.045784,0.047207,0.047749,0.047336,0.046230,0.045810,0.046797,0.047228,0.047103,0.047356,0.047477,0.046511,0.047091,0.047576,0.045996,0.045902,0.046610,0.046237,0.045366,0.044736,0.044036,0.043779,0.046401,0.048615,0.048409,0.048416,0.048535,0.048467,0.048455,0.049213,0.048369,0.048232,0.048999,0.048098,0.047512,0.047237,0.048959,0.049139,0.047187,0.048534,0.051102,0.049903,0.047550,0.048012,0.047726,0.048542,0.047365,0.047193,0.047539,0.044254,0.046810,0.049457,0.046609,0.047640,0.046358,0.043603,0.046976,0.047076,0.047886,0.048555,0.046380,0.047133,0.052271,0.047664,0.035749,0.045657,0.047497,0.031469,-0.044563,-0.058952,-0.090699,0.000000,0.000000
0.000000,0.000000,-0.083518,-0.062011,-0.042816,0.019699,0.034453,0.048935,0.044947,0.050530,0.050637,0.046586,0.045549,0.046888,0.044533,0.044398,0.046367,0.044582,0.047379,0.047923,0.045390,0.045432,0.047922,0.048258,0.048271,0.049085,0.048243,0.048537,0.047979,0.047283,0.047808,0.047504,0.046642,0.046429,0.047026,0.046306,0.045512,0.046126,0.047094,0.048194,0.046527,0.046713,0.047528,0.046269,0.046832,0.047988,0.048442,0.047578,0.045982,0.045444,0.045361,0.046154,0.048104,0.049060,0.047512,0.047628,0.048680,0.048478,0.048050,0.046846,0.046368,0.047771,0.048982,0.048172,0.046493,0.046883,0.048303,0.048647,0.047554,0.048442,0.051196,0.049833,0.047336,0.048185,0.047032,0.045822,0.046709,0.048979,0.048283,0.046646,0.046878,0.047588,0.047422,0.047948,0.048149,0.046059,0.047857,0.046426,0.048598,0.049645,0.044952,0.047405,0.051492,0.048457,0.042609,0.049079,0.031253,0.006654,-0.054576,-0.061691,-0.089771,0.000000,0.000000
0.000000,0.000000,-0.086612,-0.057654,-0.064832,-0.027852,0.018584,0.059286,0.045846,0.047110,0.046671,0.047556,0.047422,0.048884,0.045577,0.042769,0.045978,0.045763,0.046943,0.049541,0.049350,0.047084,0.048814,0.049408,0.048361,0.049607,0.049538,0.047845,0.048326,0.048148,0.046997,0.046643,0.045948,0.045232,0.046506,0.048249,0.047485,0.046800,0.046854,0.047523,0.047014,0.047673,0.049163,0.049000,0.048113,0.049210,0.050278,0.047198,0.044876,0.046085,0.046520,0.046180,0.048874,0.049527,0.047207,0.047826,0.049048,0.048959,0.046756,0.045393,0.047241,0.046779,0.047606,0.048869,0.046380,0.046262,0.047674,0.048361,0.047261,0.047373,0.048869,0.047396,0.048107,0.049344,0.047190,0.046030,0.045887,0.048374,0.048936,0.048783,0.048390,0.045975,0.047665,0.047287,0.046456,0.047141,0.048220,0.046012,0.049655,0.050990,0.045691,0.044370,0.043758,0.045571,0.044586,0.053980,0.005585,-0.039073,-0.072613,-0.061596,-0.092073,0.000000,0.000000
0.000000,0.000000,-0.099736,-0.062045,-0.074215,-0.065067,-0.015130,0.045707,0.044013,0.046583,0.049141,0.051364,0.047200,0.047180,0.046834,0.046181,0.048964,0.049293,0.050524,0.049524,0.049511,0.048627,0.047495,0.046574,0.046534,0.048335,0.048520,0.046792,0.046538,0.045489,0.045740,0.047407,0.046131,0.046405,0.047152,0.048507,0.048659,0.046893,0.046964,0.046708,0.047258,0.046797,0.046624,0.048766,0.048623,0.048645,0.048805,0.046689,0.046011,0.045888,0.045536,0.046591,0.047568,0.048264,0.047539,0.048198,0.048901,0.046775,0.045185,0.046281,0.048026,0.047485,0.047954,0.049210,0.047088,0.046282,0.047843,0.048385,0.045954,0.045954,0.047986,0.046369,0.046621,0.049590,0.048475,0.046695,0.047094,0.048592,0.048305,0.047502,0.047884,0.046144,0.047546,0.048053,0.046820,0.047352,0.047680,0.045323,0.047948,0.047166,0.046194,0.048892,0.045833,0.044919,0.045788,0.041438,-0.025742,-0.067533,-0.076729,-0.068962,-0.107036,0.000000,0.000000
0.000000,0.000000,0.000000,-0.075268,-0.067140,-0.077746,-0.033510,0.024634,0.049042,0.047234,0.047509,0.048844,0.046481,0.045804,0.049586,0.049378,0.050657,0.051289,0.050293,0.048069,0.049422,0.048663,0.048115,0.047891,0.047245,0.045884,0.046501,0.046760,0.044748,0.045268,0.047196,0.048035,0.048759,0.049187,0.048462,0.048482,0.046757,0.046408,0.047867,0.046369,0.045288,0.045741,0.045928,0.045814,0.046366,0.047146,0.048334,0.047996,0.046976,0.046540,0.046538,0.047467,0.047269,0.047477,0.047483,0.047120,0.047360,0.046557,0.046407,0.047347,0.048621,0.050368,0.050171,0.048749,0.047492,0.045849,0.046896,0.048433,0.046566,0.046948,0.047135,0.046358,0.046721,0.047534,0.046484,0.046232,0.047917,0.047826,0.048381,0.045798,0.045056,0.047631,0.047823,0.048253,0.049876,0.048158,0.048305,0.047465,0.046651,0.042401,0.045648,0.049591,0.046279,0.045278,0.053017,0.024573,-0.032283,-0.073895,-0.065373,-0.082831,0.000000,0.000000,0.000000
0.000000,0.000000,0.000000,-0.089772,-0.061139,-0.078797,-0.031506,0.025448,0.054280,0.050131,0.041044,0.047299,0.048384,0.047904,0.049327,0.047667,0.048047,0.048052,0.048662,0.048836,0.050156,0.048145,0.047978,0.048837,0.047372,0.046387,0.046797,0.046108,0.046031,0.046409,0.046567,0.048058,0.048306,0.048091,0.049021,0.047356,0.044727,0.045782,0.047823,0.047609,0.045305,0.045634,0.046864,0.045083,0.045738,0.046765,0.047053,0.048248,0.046530,0.046969,0.048078,0.046932,0.048525,0.047909,0.046563,0.047470,0.046946,0.047680,0.047365,0.046838,0.048496,0.049929,0.049782,0.048420,0.046462,0.045468,0.047541,0.048749,0.048433,0.048787,0.047512,0.047751,0.048275,0.047053,0.045665,0.046268,0.048545,0.048636,0.048246,0.045854,0.045728,0.048077,0.047419,0.047970,0.050539,0.048743,0.049222,0.048502,0.046198,0.043020,0.046971,0.048772,0.042605,0.049715,0.053974,0.023350,-0.027758,-0.073000,-0.057055,-0.095943,0.000000,0.000000,0.000000
0.000000,0.000000,0.000000,-0.097251,-0.057020,-0.074689,-0.039086,0.020492,0.056050,0.046742,0.041038,0.050706,0.048575,0.047175,0.048373,0.049470,0.047791,0.046593,0.050009,0.048816,0.047625,0.047002,0.046909,0.046684,0.046515,0.046953,0.046513,0.046986,0.048120,0.045962,0.045621,0.045172,0.044943,0.047296,0.048370,0.047243,0.046472,0.047345,0.048235,0.046996,0.046712,0.047917,0.045851,0.045296,0.046810,0.046198,0.046601,0.047670,0.047356,0.047517,0.048615,0.049128,0.048999,0.047983,0.047350,0.046751,0.046558,0.047215,0.046582,0.047249,0.047151,0.047217,0.048662,0.048420,0.046991,0.046429,0.047492,0.048842,0.048378,0.049032,0.049332,0.047113,0.046747,0.048325,0.048126,0.046684,0.048299,0.049517,0.048718,0.047064,0.046866,0.047156,0.047334,0.047532,0.050234,0.048074,0.048254,0.048569,0.046450,0.045142,0.047326,0.048855,0.041751,0.049320,0.048468,0.006968,-0.046105,-0.073513,-0.055045,-0.096118,0.000000,0.000000,0.000000
0.000000,0.000000,0.000000,-0.093606,-0.051982,-0.076959,-0.056372,-0.003502,0.044510,0.047866,0.048726,0.050030,0.045787,0.049913,0.047712,0.047763,0.050106,0.047550,0.047325,0.048208,0.048417,0.046268,0.046076,0.046897,0.047804,0.047255,0.046972,0.047780,0.048053,0.047105,0.046977,0.045421,0.046472,0.048851,0.048839,0.048772,0.048129,0.048934,0.049569,0.046501,0.046928,0.049313,0.046926,0.046099,0.046497,0.047338,0.048577,0.049125,0.048640,0.047351,0.047897,0.049851,0.049513,0.047751,0.047974,0.046647,0.045797,0.047155,0.046556,0.046373,0.047299,0.047687,0.047624,0.047819,0.047591,0.047607,0.046482,0.046030,0.047233,0.048595,0.049106,0.047023,0.046595,0.047960,0.048213,0.047881,0.047556,0.048180,0.049444,0.048820,0.048241,0.047799,0.047606,0.047521,0.049491,0.048233,0.048484,0.048445,0.047955,0.048717,0.047337,0.049960,0.046379,0.047135,0.032137,-0.023310,-0.066960,-0.081538,-0.054489,-0.087949,0.000000,0.000000,0.000000
0.000000,0.000000,0.000000,-0.100488,-0.059383,-0.078495,-0.065997,-0.027565,0.020838,0.048080,0.052270,0.047991,0.040670,0.050538,0.049109,0.044081,0.048941,0.046425,0.046229,0.049001,0.048951,0.045936,0.046288,0.047371,0.047796,0.047503,0.048135,0.047705,0.047744,0.047989,0.048087,0.048572,0.049266,0.048780,0.048163,0.047977,0.048602,0.048945,0.048266,0.047792,0.047496,0.049348,0.049145,0.046530,0.047378,0.048907,0.047780,0.047597,0.047559,0.046496,0.047030,0.048547,0.048928,0.047258,0.046576,0.047642,0.046190,0.045591,0.047068,0.046842,0.047510,0.049076,0.048041,0.048041,0.049639,0.048275,0.045633,0.044958,0.045480,0.046878,0.047794,0.046955,0.047267,0.046977,0.048311,0.048580,0.045999,0.046612,0.047986,0.047938,0.049947,0.047724,0.047034,0.049136,0.048046,0.046634,0.049938,0.045499,0.047335,0.050681,0.046650,0.050314,0.050050,0.047211,0.011635,-0.042645,-0.070786,-0.082074,-0.063794,-0.106107,0.000000,0.000000,0.000000
0.000000,0.000000,0.000000,0.000000,-0.087176,-0.068378,-0.074945,-0.044913,0.007373,0.049113,0.052234,0.049739,0.041059,0.049688,0.050929,0.046491,0.046171,0.046742,0.047586,0.047658,0.047830,0.045680,0.044829,0.045621,0.047724,0.046904,0.047934,0.049254,0.048628,0.048479,0.049831,0.049268,0.047971,0.048543,0.047336,0.046453,0.048674,0.048698,0.047819,0.047148,0.046646,0.049238,0.048453,0.046466,0.047850,0.047801,0.046027,0.045842,0.046359,0.045858,0.046279,0.048315,0.048231,0.046592,0.046733,0.047933,0.046630,0.044978,0.046466,0.046981,0.047169,0.048221,0.048116,0.049631,0.050446,0.048914,0.047219,0.046377,0.045167,0.045215,0.046440,0.046526,0.047593,0.048701,0.048959,0.048219,0.045707,0.045159,0.047723,0.047577,0.047924,0.047312,0.047619,0.045753,0.045975,0.048388,0.048376,0.044184,0.047079,0.051259,0.044428,0.049688,0.050059,0.053663,0.012220,-0.048036,-0.074142,-0.066585,-0.081902,0.000000,0.000000,0.000000,0.000000
0.000000,0.000000,0.000000,0.000000,-0.096409,-0.057942,-0.074207,-0.061408,-0.012636,0.030999,0.038303,0.049895,0.048940,0.048924,0.049492,0.049135,0.046493,0.046079,0.047429,0.047434,0.048202,0.046347,0.044709,0.044911,0.046972,0.046693,0.048315,0.049884,0.049391,0.048913,0.049395,0.049216,0.048647,0.048419,0.048268,0.047558,0.047528,0.048286,0.048388,0.047365,0.046697,0.048013,0.048425,0.046714,0.047795,0.048758,0.046837,0.045773,0.045888,0.047512,0.048189,0.049036,0.048191,0.045310,0.046066,0.046774,0.045819,0.046570,0.046357,0.045984,0.047241,0.047464,0.047997,0.049005,0.047981,0.047410,0.047747,0.047965,0.047448,0.045438,0.045607,0.047430,0.047294,0.048088,0.048820,0.047392,0.046680,0.044900,0.047514,0.048534,0.048002,0.049220,0.047882,0.044811,0.047457,0.049147,0.046913,0.046887,0.047724,0.049004,0.046978,0.049778,0.045925,0.048157,0.010737,-0.052172,-0.074158,-0.054374,-0.086908,0.000000,0.000000,0.000000,0.000000
0.000000,0.000000,0.000000,0.000000,-0.101698,-0.059370,-0.071918,-0.069686,-0.051586,-0.025556,0.013694,0.042131,0.049971,0.049894,0.045894,0.050935,0.046748,0.046352,0.048032,0.048139,0.046887,0.047684,0.047398,0.045706,0.045912,0.045640,0.048719,0.049789,0.049886,0.049360,0.047579,0.047032,0.048949,0.048752,0.048248,0.048444,0.048257,0.047816,0.046720,0.048291,0.048492,0.047618,0.048782,0.047656,0.047337,0.049031,0.047434,0.045316,0.046438,0.048723,0.050232,0.049999,0.047006,0.045177,0.046200,0.046323,0.045799,0.047061,0.047562,0.047827,0.047960,0.048037,0.048183,0.046162,0.047210,0.047640,0.047141,0.047922,0.046919,0.048120,0.046955,0.046508,0.047848,0.046593,0.048242,0.047640,0.046465,0.047407,0.047930,0.047732,0.049874,0.049900,0.047965,0.047549,0.048567,0.047244,0.046663,0.051182,0.045213,0.048349,0.049860,0.050679,0.042589,0.011608,-0.026062,-0.061149,-0.074264,-0.056714,-0.105347,0.000000,0.000000,0.000000,0.000000
0.000000,0.000000,0.000000,0.000000,0.000000,-0.069133,-0.062002,-0.075552,-0.076583,-0.064298,-0.020313,0.015733,0.046524,0.051496,0.044062,0.051320,0.046578,0.048983,0.049487,0.049005,0.049169,0.047829,0.048355,0.046144,0.044930,0.045181,0.046618,0.049017,0.049716,0.047823,0.046784,0.044726,0.045719,0.047913,0.049124,0.048568,0.047661,0.047332,0.047334,0.048544,0.047596,0.048195,0.048520,0.046800,0.046514,0.047073,0.047375,0.046212,0.046723,0.048650,0.048872,0.049848,0.049241,0.046801,0.047419,0.048179,0.046694,0.046738,0.047940,0.047875,0.047342,0.048194,0.048465,0.046550,0.047032,0.048990,0.048793,0.046524,0.046359,0.048408,0.048893,0.048578,0.048704,0.047472,0.046988,0.047691,0.047536,0.048265,0.047541,0.046001,0.049352,0.049089,0.047633,0.047106,0.046365,0.046113,0.046457,0.050204,0.043200,0.050084,0.051177,0.038752,0.025556,-0.022768,-0.056546,-0.073524,-0.064765,-0.068760,0.000000,0.000000,0.000000,0.000000,0.000000
0.000000,0.000000,0.000000,0.000000,0.000000,-0.106723,-0.064573,-0.074478,-0.072542,-0.076773,-0.057413,-0.003192,0.041204,0.049841,0.046038,0.045548,0.048643,0.048823,0.046063,0.048178,0.049183,0.047471,0.049901,0.049136,0.046123,0.046396,0.046157,0.047639,0.050530,0.049277,0.047570,0.044907,0.045759,0.048497,0.048021,0.048029,0.048288,0.047587,0.047464,0.047794,0.048060,0.047110,0.047215,0.046669,0.047299,0.047685,0.047608,0.048320,0.046654,0.047381,0.047900,0.047983,0.049085,0.048921,0.047954,0.048425,0.048113,0.047231,0.046370,0.045181,0.046404,0.046941,0.046906,0.046682,0.046694,0.048306,0.048601,0.047618,0.047505,0.048000,0.048906,0.048927,0.048830,0.047934,0.047323,0.046689,0.047790,0.047814,0.046353,0.046499,0.048062,0.048284,0.047878,0.046988,0.046286,0.046108,0.046800,0.047357,0.048137,0.049619,0.045402,0.020711,-0.022106,-0.053738,-0.064849,-0.077871,-0.064339,-0.118256,0.000000,0.000000,0.000000,0.000000,0.000000
0.000000,0.000000,0.000000,0.000000,0.000000,0.000000,-0.081740,-0.052203,-0.070155,-0.076549,-0.063299,-0.017193,0.025587,0.050274,0.050383,0.043294,0.049367,0.049701,0.045064,0.046659,0.047951,0.048336,0.048170,0.049995,0.049247,0.046757,0.045966,0.045490,0.048638,0.050618,0.047917,0.045466,0.047698,0.048251,0.047226,0.046459,0.047048,0.046776,0.047000,0.049210,0.049774,0.047464,0.047222,0.049167,0.047746,0.046980,0.048062,0.049663,0.049186,0.047147,0.047891,0.047073,0.046507,0.048610,0.048181,0.047721,0.049440,0.048671,0.045968,0.045453,0.045453,0.046155,0.046016,0.045713,0.046831,0.046601,0.047706,0.048079,0.047362,0.047758,0.045950,0.046023,0.048875,0.046744,0.045826,0.046555,0.048095,0.048911,0.046088,0.046543,0.047981,0.047251,0.049366,0.049491,0.048065,0.048942,0.047843,0.046862,0.053270,0.049275,0.027213,-0.006384,-0.052363,-0.073070,-0.075685,-0.060299,-0.078477,0.000000,0.000000,0.000000,0.000000,0.000000,0.000000
0.000000,0.000000,0.000000,0.000000,0.000000,0.000000,-0.116967,-0.058330,-0.070872,-0.069633,-0.069298,-0.041888,0.020265,0.052184,0.049635,0.048783,0.045400,0.048860,0.047470,0.046740,0.047784,0.049789,0.047659,0.048964,0.049763,0.046833,0.045398,0.045476,0.046312,0.047352,0.046711,0.046842,0.048001,0.047529,0.048728,0.046654,0.045224,0.046319,0.047591,0.050179,0.049836,0.048047,0.048377,0.048940,0.048838,0.047046,0.046879,0.048127,0.049532,0.049456,0.047538,0.046456,0.045650,0.045576,0.045965,0.047236,0.049577,0.048668,0.045921,0.046894,0.046105,0.046334,0.047678,0.047709,0.046659,0.045765,0.047658,0.048904,0.049452,0.047264,0.046051,0.047283,0.047664,0.046412,0.046324,0.048022,0.049539,0.047735,0.045948,0.045925,0.047273,0.047847,0.048030,0.049247,0.048669,0.049328,0.044008,0.046205,0.048877,0.048975,0.016347,-0.044156,-0.067900,-0.068590,-0.076180,-0.061665,-0.106588,0.000000,0.000000,0.000000,0.000000,0.000000,0.000000
0.000000,0.000000,0.000000,0.000000,0.000000,0.000000,0.000000,-0.083243,-0.057244,-0.076514,-0.077323,-0.042384,0.026314,0.047127,0.050169,0.050399,0.045198,0.047159,0.046965,0.046907,0.045295,0.048211,0.048496,0.048033,0.048110,0.047488,0.046484,0.045391,0.046110,0.046601,0.045914,0.046733,0.047508,0.048943,0.048268,0.046269,0.047496,0.046076,0.046570,0.048711,0.049236,0.047986,0.046908,0.047480,0.049910,0.047704,0.044813,0.046777,0.048560,0.050818,0.048859,0.045919,0.044508,0.043842,0.045973,0.048420,0.048619,0.047310,0.045416,0.046830,0.049377,0.048009,0.048408,0.049343,0.048244,0.046702,0.046802,0.050147,0.051137,0.048786,0.047905,0.047571,0.047004,0.046368,0.047450,0.047154,0.048036,0.047833,0.046253,0.046784,0.047271,0.047614,0.045751,0.049430,0.051553,0.047727,0.042230,0.048203,0.049223,0.040518,0.011231,-0.052634,-0.077562,-0.070436,-0.058031,-0.077353,0.000000,0.000000,0.000000,0.000000,0.000000,0.000000,0.000000
0.000000,0.000000,0.000000,0.000000,0.000000,0.000000,0.000000,-0.117761,-0.062640,-0.077154,-0.066311,-0.037608,0.019438,0.048943,0.045048,0.046602,0.048339,0.042546,0.047918,0.050217,0.046299,0.046249,0.047083,0.046606,0.047039,0.047698,0.047491,0.046556,0.045319,0.047818,0.047922,0.046916,0.049296,0.049422,0.048908,0.047411,0.048102,0.046484,0.046221,0.049236,0.047861,0.045810,0.045005,0.046481,0.047689,0.045874,0.044537,0.045614,0.048822,0.050425,0.049295,0.046429,0.045565,0.045720,0.046382,0.048922,0.048231,0.046152,0.045417,0.047465,0.049339,0.048941,0.048049,0.048344,0.048109,0.045460,0.045842,0.049393,0.050376,0.048899,0.047806,0.046295,0.047149,0.046737,0.046095,0.047612,0.048863,0.048699,0.047873,0.049147,0.050048,0.046743,0.045268,0.052054,0.050349,0.042739,0.048667,0.047817,0.049541,0.044085,-0.001701,-0.052984,-0.071127,-0.074200,-0.063388,-0.108840,0.000000,0.000000,0.000000,0.000000,0.000000,0.000000,0.000000
0.000000,0.000000,0.000000,0.000000,0.000000,0.000000,0.000000,0.000000,-0.074699,-0.057991,-0.068848,-0.041475,0.017064,0.060932,0.048151,0.046504,0.053887,0.047554,0.046394,0.051184,0.048168,0.046609,0.047655,0.048017,0.045520,0.045669,0.048919,0.050063,0.046921,0.045748,0.048097,0.048268,0.048496,0.049141,0.048954,0.048809,0.048483,0.046669,0.047272,0.049548,0.047962,0.045894,0.046346,0.046000,0.047144,0.047801,0.045947,0.046530,0.049333,0.049125,0.047578,0.046779,0.046925,0.047574,0.047417,0.047980,0.048028,0.046250,0.045619,0.047687,0.048183,0.047903,0.047741,0.047799,0.046846,0.044589,0.045326,0.046895,0.048091,0.048470,0.047809,0.045162,0.045701,0.047511,0.046773,0.047424,0.047726,0.046902,0.048090,0.049832,0.048335,0.046050,0.047444,0.049977,0.043742,0.047493,0.054443,0.045474,0.050352,0.050511,-0.006061,-0.060396,-0.076094,-0.057098,-0.081466,0.000000,0.000000,0.000000,0.000000,0.000000,0.000000,0.000000,0.000000
0.000000,0.000000,0.000000,0.000000,0.000000,0.000000,0.000000,0.000000,-0.121280,-0.063019,-0.071265,-0.044205,-0.003821,0.036182,0.046091,0.048303,0.054334,0.054479,0.045115,0.045424,0.049339,0.047862,0.046039,0.049516,0.048714,0.046896,0.048831,0.050912,0.049776,0.045530,0.045559,0.047153,0.046765,0.048808,0.047674,0.047322,0.049445,0.047608,0.047345,0.048182,0.048242,0.048297,0.047748,0.046882,0.048932,0.049650,0.047839,0.049471,0.051024,0.048170,0.045231,0.046379,0.047494,0.047651,0.048353,0.047770,0.045532,0.045161,0.045900,0.046553,0.047345,0.047858,0.048745,0.048501,0.048614,0.047038,0.045141,0.045932,0.048450,0.050145,0.048647,0.045949,0.046435,0.047539,0.047461,0.046342,0.046015,0.047494,0.048299,0.048714,0.045990,0.046540,0.048314,0.046286,0.045384,0.052970,0.049974,0.037437,0.029371,0.010238,-0.030780,-0.062856,-0.073152,-0.061500,-0.107673,0.000000,0.000000,0.000000,0.000000,0.000000,0.000000,0.000000,0.000000
0.000000,0.000000,0.000000,0.000000,0.000000,0.000000,0.000000,0.000000,0.000000,-0.075464,-0.067886,-0.070311,-0.041593,-0.022221,-0.007498,0.009726,0.031160,0.049117,0.050972,0.042771,0.047017,0.050085,0.047598,0.049146,0.051013,0.048373,0.047901,0.049473,0.047193,0.045853,0.044184,0.043535,0.046363,0.048130,0.046556,0.046515,0.049525,0.048006,0.045939,0.047204,0.046425,0.046012,0.046946,0.047614,0.049136,0.049513,0.050071,0.049507,0.048431,0.047658,0.044288,0.044603,0.047448,0.047387,0.047736,0.047031,0.044699,0.045543,0.046567,0.045453,0.046203,0.047219,0.047960,0.047844,0.046973,0.045734,0.045340,0.046625,0.049185,0.050481,0.049120,0.046182,0.045712,0.047565,0.047652,0.046732,0.047285,0.049236,0.049039,0.047741,0.048358,0.048884,0.046945,0.046099,0.050695,0.047801,0.027910,-0.003255,-0.030463,-0.045316,-0.058359,-0.076640,-0.064056,-0.073722,0.000000,0.000000,0.000000,0.000000,0.000000,0.000000,0.000000,0.000000,0.000000
0.000000,0.000000,0.000000,0.000000,0.000000,0.000000,0.000000,0.000000,0.000000,-0.115703,-0.054641,-0.073588,-0.065753,-0.058774,-0.058710,-0.042945,0.010252,0.043365,0.052727,0.050611,0.043045,0.047177,0.049415,0.048566,0.047092,0.048283,0.047401,0.046464,0.046186,0.045760,0.045651,0.044905,0.046586,0.049501,0.049103,0.048380,0.049878,0.047682,0.045151,0.046171,0.045799,0.045381,0.046032,0.046606,0.048588,0.049332,0.048907,0.046457,0.045468,0.047291,0.045658,0.045181,0.046170,0.046743,0.048631,0.048026,0.047751,0.047861,0.046001,0.045453,0.046249,0.046433,0.046931,0.047428,0.045456,0.045162,0.046891,0.048175,0.048245,0.048171,0.049618,0.047341,0.046791,0.049470,0.047833,0.046452,0.047963,0.047355,0.045613,0.048638,0.050197,0.047898,0.044396,0.050638,0.051125,0.044759,0.013397,-0.045117,-0.067211,-0.068184,-0.067487,-0.068333,-0.054178,-0.104866,0.000000,0.000000,0.000000,0.000000,0.000000,0.000000,0.000000,0.000000,0.000000
0.000000,0.000000,0.000000,0.000000,0.000000,0.000000,0.000000,0.000000,0.000000,0.000000,-0.109140,-0.061651,-0.067849,-0.069101,-0.072945,-0.057604,-0.001821,0.037746,0.047573,0.055721,0.051539,0.043838,0.045208,0.050161,0.046829,0.046637,0.047658,0.046479,0.047067,0.046213,0.046115,0.047732,0.048289,0.049965,0.048840,0.047487,0.048001,0.046722,0.045320,0.045449,0.046603,0.046766,0.046621,0.046864,0.047855,0.048067,0.046829,0.046203,0.046955,0.046956,0.047748,0.047839,0.046616,0.048037,0.050580,0.050758,0.049431,0.048132,0.047638,0.047615,0.047554,0.048600,0.049159,0.048017,0.046340,0.046571,0.046910,0.047215,0.047173,0.046619,0.048851,0.048659,0.048991,0.048418,0.046309,0.048513,0.048199,0.044811,0.046328,0.051564,0.047709,0.045762,0.050638,0.054261,0.047367,0.047239,0.017309,-0.049350,-0.074420,-0.071382,-0.070942,-0.062751,-0.107671,0.000000,0.000000,0.000000,0.000000,0.000000,0.000000,0.000000,0.000000,0.000000,0.000000
0.000000,0.000000,0.000000,0.000000,0.000000,0.000000,0.000000,0.000000,0.000000,0.000000,0.000000,-0.077105,-0.063190,-0.068605,-0.074981,-0.066220,-0.032173,0.019831,0.041684,0.041770,0.054093,0.052610,0.043321,0.044898,0.048304,0.046320,0.047054,0.047228,0.045912,0.047308,0.046772,0.046587,0.048260,0.049805,0.046974,0.044910,0.045588,0.045419,0.047873,0.049016,0.047927,0.047860,0.048047,0.048070,0.047445,0.047213,0.047598,0.046631,0.045927,0.047817,0.049125,0.047368,0.047997,0.048781,0.048463,0.048851,0.047330,0.047762,0.048389,0.047978,0.049208,0.049958,0.050639,0.050342,0.047959,0.047232,0.047715,0.047707,0.047207,0.047510,0.049174,0.048404,0.047318,0.046244,0.047249,0.047727,0.044631,0.046190,0.048611,0.044815,0.043673,0.050303,0.052006,0.043898,0.050451,0.043805,-0.000869,-0.050750,-0.075532,-0.071629,-0.063097,-0.080232,0.000000,0.000000,0.000000,0.000000,0.000000,0.000000,0.000000,0.000000,0.000000,0.000000,0.000000
0.000000,0.000000,0.000000,0.000000,0.000000,0.000000,0.000000,0.000000,0.000000,0.000000,0.000000,-0.110306,-0.056950,-0.068481,-0.070321,-0.075168,-0.061046,-0.029858,0.006388,0.021278,0.032488,0.051535,0.052754,0.043589,0.046197,0.050753,0.048947,0.046979,0.045393,0.046921,0.047875,0.046555,0.046928,0.049466,0.047348,0.043923,0.043929,0.044242,0.047261,0.049782,0.048889,0.049601,0.049569,0.048059,0.047519,0.048497,0.049841,0.047417,0.046180,0.048340,0.047914,0.046716,0.048438,0.049695,0.048521,0.047530,0.047617,0.046503,0.045042,0.047193,0.049473,0.048350,0.049223,0.050186,0.047525,0.046180,0.046764,0.047907,0.046863,0.045384,0.048068,0.047888,0.047408,0.048487,0.047083,0.045247,0.046333,0.050062,0.045809,0.044214,0.049892,0.043508,0.027418,0.022942,0.021819,0.002334,-0.032403,-0.066845,-0.071479,-0.069346,-0.053570,-0.113935,0.000000,0.000000,0.000000,0.000000,0.000000,0.000000,0.000000,0.000000,0.000000,0.000000,0.000000
0.000000,0.000000,0.000000,0.000000,0.000000,0.000000,0.000000,0.000000,0.000000,0.000000,0.000000,0.000000,-0.108541,-0.061484,-0.070850,-0.068977,-0.073790,-0.066547,-0.048447,-0.017113,0.008157,0.028650,0.052950,0.050449,0.041259,0.046771,0.050293,0.048680,0.045352,0.044516,0.047065,0.048830,0.049062,0.048576,0.047606,0.047705,0.046069,0.045865,0.047538,0.047796,0.047376,0.049465,0.050281,0.047847,0.046898,0.047284,0.048819,0.047565,0.046338,0.046755,0.045865,0.046952,0.048283,0.048836,0.050082,0.048285,0.046497,0.046449,0.045747,0.047103,0.047993,0.047639,0.048935,0.048152,0.046380,0.046116,0.045484,0.046983,0.047061,0.046380,0.048745,0.048943,0.047589,0.046560,0.046399,0.048822,0.049960,0.046389,0.043605,0.051575,0.043905,0.012822,-0.004370,-0.020115,-0.039640,-0.047064,-0.059218,-0.071700,-0.078412,-0.059599,-0.106314,0.000000,0.000000,0.000000,0.000000,0.000000,0.000000,0.000000,0.000000,0.000000,0.000000,0.000000,0.000000
0.000000,0.000000,0.000000,0.000000,0.000000,0.000000,0.000000,0.000000,0.000000,0.000000,0.000000,0.000000,0.000000,-0.099968,-0.058726,-0.068010,-0.071395,-0.073648,-0.074422,-0.064869,-0.025862,0.011731,0.035418,0.052145,0.049802,0.044219,0.047467,0.049685,0.050086,0.047965,0.046495,0.048102,0.048217,0.048683,0.048990,0.048549,0.046700,0.047199,0.049729,0.047905,0.046082,0.046617,0.045445,0.045181,0.046805,0.048672,0.048917,0.047344,0.045583,0.046064,0.047825,0.047385,0.048351,0.047882,0.046605,0.047689,0.048032,0.048771,0.047053,0.045752,0.046294,0.046828,0.048450,0.047488,0.045016,0.045267,0.046152,0.045998,0.047250,0.048936,0.048371,0.048692,0.048676,0.047183,0.050624,0.052160,0.047122,0.044530,0.051393,0.049701,0.020756,-0.013660,-0.044923,-0.067385,-0.070009,-0.070109,-0.069808,-0.071408,-0.061869,-0.100394,0.000000,0.000000,0.000000,0.000000,0.000000,0.000000,0.000000,0.000000,0.000000,0.000000,0.000000,0.000000,0.000000
0.000000,0.000000,0.000000,0.000000,0.000000,0.000000,0.000000,0.000000,0.000000,0.000000,0.000000,0.000000,0.000000,0.000000,-0.093758,-0.057570,-0.067752,-0.072180,-0.077686,-0.078762,-0.059629,-0.006542,0.032189,0.045026,0.052736,0.052178,0.048640,0.046327,0.049418,0.049961,0.048050,0.047513,0.047084,0.050261,0.050760,0.048392,0.048041,0.047321,0.048220,0.050711,0.050412,0.047993,0.045444,0.045204,0.047316,0.051204,0.051090,0.048486,0.046953,0.046005,0.047008,0.046267,0.046257,0.046809,0.046563,0.048338,0.050601,0.048192,0.045958,0.046119,0.047309,0.048276,0.049311,0.049823,0.045070,0.045039,0.047804,0.049316,0.051170,0.049571,0.048029,0.049084,0.048093,0.048313,0.050107,0.045345,0.045588,0.053692,0.051721,0.036864,0.011559,-0.037304,-0.073974,-0.076762,-0.075444,-0.070866,-0.069283,-0.059216,-0.094185,0.000000,0.000000,0.000000,0.000000,0.000000,0.000000,0.000000,0.000000,0.000000,0.000000,0.000000,0.000000,0.000000,0.000000
0.000000,0.000000,0.000000,0.000000,0.000000,0.000000,0.000000,0.000000,0.000000,0.000000,0.000000,0.000000,0.000000,0.000000,0.000000,-0.100010,-0.058905,-0.067731,-0.073387,-0.076482,-0.069956,-0.036679,0.016277,0.040226,0.042553,0.045746,0.054045,0.050043,0.043497,0.049165,0.051322,0.049260,0.047792,0.048978,0.048257,0.048981,0.048649,0.045415,0.046219,0.049693,0.049448,0.048705,0.047308,0.046318,0.048646,0.048731,0.048197,0.048265,0.047608,0.045529,0.044873,0.047384,0.047554,0.046007,0.047460,0.048851,0.048149,0.046806,0.047570,0.047307,0.047063,0.048198,0.047567,0.046703,0.045795,0.046456,0.048242,0.050106,0.049726,0.048192,0.050285,0.053165,0.047805,0.046173,0.045739,0.047612,0.053518,0.050600,0.041662,0.026047,-0.009246,-0.059371,-0.078768,-0.071932,-0.067484,-0.066500,-0.060197,-0.098819,0.000000,0.000000,0.000000,0.000000,0.000000,0.000000,0.000000,0.000000,0.000000,0.000000,0.000000,0.000000,0.000000,0.000000,0.000000
0.000000,0.000000,0.000000,0.000000,0.000000,0.000000,0.000000,0.000000,0.000000,0.000000,0.000000,0.000000,0.000000,0.000000,0.000000,0.000000,-0.097856,-0.063636,-0.071951,-0.072732,-0.074581,-0.060702,-0.024354,0.006406,0.007116,0.018488,0.043824,0.052123,0.047551,0.043499,0.045272,0.046433,0.046945,0.048048,0.047367,0.047050,0.046967,0.048265,0.049286,0.048596,0.047042,0.047899,0.046482,0.046765,0.050094,0.049162,0.048158,0.048513,0.047147,0.044225,0.045441,0.048485,0.048071,0.046212,0.046891,0.047615,0.048019,0.049469,0.050293,0.050111,0.047650,0.046865,0.045919,0.046154,0.047799,0.048145,0.048073,0.046380,0.046160,0.047600,0.046871,0.046449,0.044776,0.044964,0.050012,0.053651,0.053983,0.034978,0.011820,-0.007414,-0.043821,-0.072525,-0.076807,-0.068665,-0.065249,-0.060801,-0.107257,0.000000,0.000000,0.000000,0.000000,0.000000,0.000000,0.000000,0.000000,0.000000,0.000000,0.000000,0.000000,0.000000,0.000000,0.000000,0.000000
0.000000,0.000000,0.000000,0.000000,0.000000,0.000000,0.000000,0.000000,0.000000,0.000000,0.000000,0.000000,0.000000,0.000000,0.000000,0.000000,0.000000,-0.098147,-0.062470,-0.069183,-0.070656,-0.072511,-0.056703,-0.050315,-0.050140,-0.011606,0.032180,0.043490,0.047027,0.048214,0.046071,0.044672,0.046343,0.051578,0.052389,0.049030,0.045879,0.046348,0.048548,0.048481,0.047527,0.047086,0.045233,0.043981,0.046887,0.049387,0.048930,0.047847,0.049490,0.050460,0.048017,0.046530,0.048107,0.049320,0.048887,0.046576,0.047041,0.048612,0.048638,0.047880,0.046629,0.047056,0.047261,0.048002,0.046987,0.044550,0.045618,0.047121,0.047964,0.048327,0.046744,0.044140,0.046587,0.052367,0.050500,0.044260,0.048393,0.019829,-0.035467,-0.057105,-0.067812,-0.077660,-0.071106,-0.066421,-0.063463,-0.098853,0.000000,0.000000,0.000000,0.000000,0.000000,0.000000,0.000000,0.000000,0.000000,0.000000,0.000000,0.000000,0.000000,0.000000,0.000000,0.000000,0.000000
0.000000,0.000000,0.000000,0.000000,0.000000,0.000000,0.000000,0.000000,0.000000,0.000000,0.000000,0.000000,0.000000,0.000000,0.000000,0.000000,0.000000,0.000000,-0.095691,-0.057204,-0.069077,-0.066409,-0.070844,-0.071561,-0.068317,-0.034566,0.027074,0.048995,0.047948,0.047570,0.047870,0.051579,0.047780,0.044186,0.043784,0.049016,0.050262,0.048352,0.049068,0.049102,0.048267,0.048797,0.047162,0.046912,0.048040,0.049308,0.047721,0.044807,0.049895,0.051461,0.044419,0.037509,0.039116,0.045748,0.048292,0.045063,0.044103,0.046367,0.048200,0.048627,0.048050,0.050608,0.049556,0.047460,0.048432,0.050293,0.050440,0.047132,0.044582,0.044356,0.047598,0.052824,0.048326,0.051211,0.048742,0.045990,0.051027,0.007911,-0.049000,-0.072689,-0.075443,-0.069009,-0.070002,-0.060566,-0.096298,0.000000,0.000000,0.000000,0.000000,0.000000,0.000000,0.000000,0.000000,0.000000,0.000000,0.000000,0.000000,0.000000,0.000000,0.000000,0.000000,0.000000,0.000000
0.000000,0.000000,0.000000,0.000000,0.000000,0.000000,0.000000,0.000000,0.000000,0.000000,0.000000,0.000000,0.000000,0.000000,0.000000,0.000000,0.000000,0.000000,0.000000,-0.106190,-0.055094,-0.065594,-0.069282,-0.072096,-0.068943,-0.049503,-0.000356,0.037048,0.034097,0.034788,0.046654,0.049256,0.050000,0.049638,0.045164,0.046302,0.053222,0.052367,0.049540,0.047079,0.046769,0.048314,0.046648,0.049819,0.049554,0.049225,0.051426,0.050681,0.050239,0.037031,0.015440,0.000568,0.000760,0.018487,0.040337,0.048810,0.048186,0.048576,0.048875,0.050383,0.048264,0.046323,0.046840,0.046425,0.049349,0.052802,0.052379,0.048276,0.053387,0.054447,0.041691,0.035606,0.042341,0.043341,0.046212,0.063953,0.050732,-0.003302,-0.048988,-0.071111,-0.068389,-0.066495,-0.057219,-0.106896,0.000000,0.000000,0.000000,0.000000,0.000000,0.000000,0.000000,0.000000,0.000000,0.000000,0.000000,0.000000,0.000000,0.000000,0.000000,0.000000,0.000000,0.000000,0.000000
0.000000,0.000000,0.000000,0.000000,0.000000,0.000000,0.000000,0.000000,0.000000,0.000000,0.000000,0.000000,0.000000,0.000000,0.000000,0.000000,0.000000,0.000000,0.000000,0.000000,-0.106409,-0.055543,-0.062058,-0.071498,-0.070127,-0.061800,-0.043877,-0.026845,-0.016054,0.003509,0.012376,0.029276,0.046637,0.050081,0.048831,0.045843,0.045648,0.046711,0.045389,0.048248,0.050765,0.048351,0.048314,0.048544,0.045324,0.046709,0.049346,0.052070,0.043916,0.009044,-0.029163,-0.049850,-0.049230,-0.023528,0.019585,0.047104,0.051750,0.049380,0.045492,0.046494,0.046524,0.045592,0.048222,0.048033,0.045953,0.042426,0.043185,0.052077,0.050593,0.036842,0.017499,-0.007182,-0.007108,0.010174,0.012314,0.023560,0.015837,-0.020377,-0.058859,-0.070702,-0.064023,-0.052543,-0.105601,0.000000,0.000000,0.000000,0.000000,0.000000,0.000000,0.000000,0.000000,0.000000,0.000000,0.000000,0.000000,0.000000,0.000000,0.000000,0.000000,0.000000,0.000000,0.000000,0.000000
0.000000,0.000000,0.000000,0.000000,0.000000,0.000000,0.000000,0.000000,0.000000,0.000000,0.000000,0.000000,0.000000,0.000000,0.000000,0.000000,0.000000,0.000000,0.000000,0.000000,0.000000,-0.106327,-0.080893,-0.063062,-0.069147,-0.077792,-0.066315,-0.068720,-0.061065,-0.057726,-0.043868,-0.005368,0.021198,0.039304,0.050109,0.050689,0.049082,0.048043,0.050526,0.051753,0.049738,0.048415,0.052454,0.046675,0.044701,0.047755,0.040776,0.043576,0.032485,-0.013437,-0.050112,-0.060345,-0.064102,-0.046855,0.000899,0.037974,0.044217,0.044932,0.043759,0.044604,0.049694,0.049166,0.049807,0.050891,0.050790,0.047849,0.050509,0.052829,0.040233,0.002755,-0.031012,-0.049173,-0.065021,-0.056213,-0.045244,-0.040870,-0.035571,-0.060001,-0.072046,-0.064270,-0.071402,-0.114160,0.000000,0.000000,0.000000,0.000000,0.000000,0.000000,0.000000,0.000000,0.000000,0.000000,0.000000,0.000000,0.000000,0.000000,0.000000,0.000000,0.000000,0.000000,0.000000,0.000000,0.000000
0.000000,0.000000,0.000000,0.000000,0.000000,0.000000,0.000000,0.000000,0.000000,0.000000,0.000000,0.000000,0.000000,0.000000,0.000000,0.000000,0.000000,0.000000,0.000000,0.000000,0.000000,0.000000,0.000000,-0.103301,-0.057540,-0.067687,-0.073822,-0.075481,-0.074568,-0.079887,-0.068239,-0.053518,-0.022574,0.025320,0.044612,0.046440,0.047180,0.048171,0.046440,0.041824,0.040052,0.045777,0.051192,0.043975,0.046314,0.052904,0.047397,0.048234,0.026346,-0.027421,-0.052777,-0.049351,-0.054181,-0.050670,-0.007475,0.039795,0.047536,0.048713,0.050285,0.044783,0.049457,0.050614,0.045560,0.044175,0.047700,0.050674,0.052916,0.042854,0.018856,-0.021953,-0.068797,-0.074704,-0.072817,-0.078490,-0.071695,-0.073272,-0.069377,-0.063317,-0.055800,-0.092919,0.000000,0.000000,0.000000,0.000000,0.000000,0.000000,0.000000,0.000000,0.000000,0.000000,0.000000,0.000000,0.000000,0.000000,0.000000,0.000000,0.000000,0.000000,0.000000,0.000000,0.000000,0.000000,0.000000
0.000000,0.000000,0.000000,0.000000,0.000000,0.000000,0.000000,0.000000,0.000000,0.000000,0.000000,0.000000,0.000000,0.000000,0.000000,0.000000,0.000000,0.000000,0.000000,0.000000,0.000000,0.000000,0.000000,0.000000,-0.103888,-0.077901,-0.062161,-0.062524,-0.077822,-0.070946,-0.069351,-0.071909,-0.053624,-0.023526,0.016854,0.053161,0.054644,0.048782,0.047750,0.047973,0.051245,0.050564,0.048710,0.045259,0.048353,0.052173,0.050513,0.052295,0.022660,-0.036428,-0.062395,-0.055884,-0.058648,-0.052958,-0.006335,0.044101,0.053481,0.051621,0.053574,0.048488,0.048515,0.047301,0.047102,0.044130,0.044297,0.047362,0.051485,0.039359,-0.013968,-0.058446,-0.074673,-0.076297,-0.066373,-0.070740,-0.073955,-0.059854,-0.064240,-0.069220,-0.109706,0.000000,0.000000,0.000000,0.000000,0.000000,0.000000,0.000000,0.000000,0.000000,0.000000,0.000000,0.000000,0.000000,0.000000,0.000000,0.000000,0.000000,0.000000,0.000000,0.000000,0.000000,0.000000,0.000000,0.000000
0.000000,0.000000,0.000000,0.000000,0.000000,0.000000,0.000000,0.000000,0.000000,0.000000,0.000000,0.000000,0.000000,0.000000,0.000000,0.000000,0.000000,0.000000,0.000000,0.000000,0.000000,0.000000,0.000000,0.000000,0.000000,0.000000,-0.105679,-0.074966,-0.064261,-0.058245,-0.070609,-0.070682,-0.064848,-0.054866,-0.021503,0.018166,0.023525,0.025638,0.048272,0.055600,0.049881,0.045130,0.038750,0.045980,0.051206,0.039074,0.041126,0.054680,0.028359,-0.037134,-0.070584,-0.065725,-0.069313,-0.056937,-0.000913,0.049500,0.047958,0.037891,0.046812,0.046214,0.043484,0.050278,0.052543,0.053967,0.049293,0.027047,0.011910,-0.004843,-0.046063,-0.071889,-0.068869,-0.071688,-0.070244,-0.055086,-0.062655,-0.078777,-0.103792,0.000000,0.000000,0.000000,0.000000,0.000000,0.000000,0.000000,0.000000,0.000000,0.000000,0.000000,0.000000,0.000000,0.000000,0.000000,0.000000,0.000000,0.000000,0.000000,0.000000,0.000000,0.000000,0.000000,0.000000,0.000000,0.000000
0.000000,0.000000,0.000000,0.000000,0.000000,0.000000,0.000000,0.000000,0.000000,0.000000,0.000000,0.000000,0.000000,0.000000,0.000000,0.000000,0.000000,0.000000,0.000000,0.000000,0.000000,0.000000,0.000000,0.000000,0.000000,0.000000,0.000000,0.000000,-0.116783,-0.080170,-0.059944,-0.059893,-0.077231,-0.072112,-0.059999,-0.044144,-0.031533,-0.020387,-0.002229,0.013047,0.006968,-0.006837,0.016639,0.048520,0.053839,0.043817,0.045583,0.059058,0.022599,-0.043263,-0.068273,-0.067779,-0.071682,-0.060042,-0.007132,0.049096,0.051096,0.041429,0.051946,0.061279,0.051191,0.033765,0.036782,0.037308,0.017237,-0.013473,-0.040613,-0.058725,-0.068080,-0.072892,-0.072118,-0.058124,-0.061757,-0.079208,-0.108268,0.000000,0.000000,0.000000,0.000000,0.000000,0.000000,0.000000,0.000000,0.000000,0.000000,0.000000,0.000000,0.000000,0.000000,0.000000,0.000000,0.000000,0.000000,0.000000,0.000000,0.000000,0.000000,0.000000,0.000000,0.000000,0.000000,0.000000,0.000000
0.000000,0.000000,0.000000,0.000000,0.000000,0.000000,0.000000,0.000000,0.000000,0.000000,0.000000,0.000000,0.000000,0.000000,0.000000,0.000000,0.000000,0.000000,0.000000,0.000000,0.000000,0.000000,0.000000,0.000000,0.000000,0.000000,0.000000,0.000000,0.000000,0.000000,-0.116508,-0.076285,-0.063248,-0.067616,-0.076596,-0.072519,-0.065504,-0.055988,-0.055103,-0.043552,-0.043786,-0.063714,-0.052421,-0.006330,0.027900,0.040835,0.052671,0.050353,0.000758,-0.053395,-0.068262,-0.073478,-0.072411,-0.063843,-0.022346,0.037052,0.056093,0.046029,0.037858,0.022687,-0.006158,-0.019286,-0.012951,-0.017773,-0.035656,-0.050309,-0.067758,-0.071105,-0.069769,-0.063284,-0.061952,-0.082574,-0.107996,0.000000,0.000000,0.000000,0.000000,0.000000,0.000000,0.000000,0.000000,0.000000,0.000000,0.000000,0.000000,0.000000,0.000000,0.000000,0.000000,0.000000,0.000000,0.000000,0.000000,0.000000,0.000000,0.000000,0.000000,0.000000,0.000000,0.000000,0.000000,0.000000,0.000000
0.000000,0.000000,0.000000,0.000000,0.000000,0.000000,0.000000,0.000000,0.000000,0.000000,0.000000,0.000000,0.000000,0.000000,0.000000,0.000000,0.000000,0.000000,0.000000,0.000000,0.000000,0.000000,0.000000,0.000000,0.000000,0.000000,0.000000,0.000000,0.000000,0.000000,0.000000,0.000000,-0.120752,-0.073543,-0.061647,-0.057966,-0.066998,-0.079324,-0.079095,-0.071480,-0.075221,-0.082594,-0.076254,-0.045399,0.003293,0.035373,0.037332,0.015769,-0.028596,-0.065085,-0.069859,-0.074366,-0.072186,-0.068485,-0.047863,0.003341,0.034905,0.040738,0.017600,-0.025540,-0.058407,-0.070697,-0.069928,-0.063996,-0.068405,-0.074753,-0.067367,-0.056067,-0.062858,-0.070205,-0.119204,0.000000,0.000000,0.000000,0.000000,0.000000,0.000000,0.000000,0.000000,0.000000,0.000000,0.000000,0.000000,0.000000,0.000000,0.000000,0.000000,0.000000,0.000000,0.000000,0.000000,0.000000,0.000000,0.000000,0.000000,0.000000,0.000000,0.000000,0.000000,0.000000,0.000000,0.000000,0.000000
0.000000,0.000000,0.000000,0.000000,0.000000,0.000000,0.000000,0.000000,0.000000,0.000000,0.000000,0.000000,0.000000,0.000000,0.000000,0.000000,0.000000,0.000000,0.000000,0.000000,0.000000,0.000000,0.000000,0.000000,0.000000,0.000000,0.000000,0.000000,0.000000,0.000000,0.000000,0.000000,0.000000,0.000000,-0.106037,-0.094960,-0.082344,-0.060511,-0.052142,-0.056508,-0.058560,-0.061736,-0.075855,-0.071948,-0.050101,-0.037073,-0.031383,-0.041900,-0.058521,-0.068546,-0.065576,-0.063222,-0.067441,-0.065668,-0.067790,-0.049664,-0.033034,-0.032553,-0.044730,-0.066054,-0.073450,-0.068038,-0.062704,-0.053971,-0.050897,-0.056310,-0.076258,-0.087944,-0.110834,0.000000,0.000000,0.000000,0.000000,0.000000,0.000000,0.000000,0.000000,0.000000,0.000000,0.000000,0.000000,0.000000,0.000000,0.000000,0.000000,0.000000,0.000000,0.000000,0.000000,0.000000,0.000000,0.000000,0.000000,0.000000,0.000000,0.000000,0.000000,0.000000,0.000000,0.000000,0.000000,0.000000,0.000000
0.000000,0.000000,0.000000,0.000000,0.000000,0.000000,0.000000,0.000000,0.000000,0.000000,0.000000,0.000000,0.000000,0.000000,0.000000,0.000000,0.000000,0.000000,0.000000,0.000000,0.000000,0.000000,0.000000,0.000000,0.000000,0.000000,0.000000,0.000000,0.000000,0.000000,0.000000,0.000000,0.000000,0.000000,0.000000,0.000000,0.000000,-0.108364,-0.097491,-0.099547,-0.097123,-0.083123,-0.064890,-0.060048,-0.061614,-0.057603,-0.057622,-0.058355,-0.058782,-0.062624,-0.064151,-0.073346,-0.066789,-0.061831,-0.061887,-0.058442,-0.059064,-0.059829,-0.061598,-0.060924,-0.067033,-0.079424,-0.088206,-0.091922,-0.090379,-0.107818,0.000000,0.000000,0.000000,0.000000,0.000000,0.000000,0.000000,0.000000,0.000000,0.000000,0.000000,0.000000,0.000000,0.000000,0.000000,0.000000,0.000000,0.000000,0.000000,0.000000,0.000000,0.000000,0.000000,0.000000,0.000000,0.000000,0.000000,0.000000,0.000000,0.000000,0.000000,0.000000,0.000000,0.000000,0.000000,0.000000,0.000000
0.000000,0.000000,0.000000,0.000000,0.000000,0.000000,0.000000,0.000000,0.000000,0.000000,0.000000,0.000000,0.000000,0.000000,0.000000,0.000000,0.000000,0.000000,0.000000,0.000000,0.000000,0.000000,0.000000,0.000000,0.000000,0.000000,0.000000,0.000000,0.000000,0.000000,0.000000,0.000000,0.000000,0.000000,0.000000,0.000000,0.000000,0.000000,0.000000,0.000000,0.000000,0.000000,-0.104146,-0.089234,-0.089648,-0.092829,-0.090262,-0.089206,-0.094234,-0.103373,-0.089408,-0.064261,-0.090718,-0.104697,-0.093588,-0.092009,-0.085846,-0.085131,-0.085428,-0.092887,-0.105990,0.000000,0.000000,0.000000,0.000000,0.000000,0.000000,0.000000,0.000000,0.000000,0.000000,0.000000,0.000000,0.000000,0.000000,0.000000,0.000000,0.000000,0.000000,0.000000,0.000000,0.000000,0.000000,0.000000,0.000000,0.000000,0.000000,0.000000,0.000000,0.000000,0.000000,0.000000,0.000000,0.000000,0.000000,0.000000,0.000000,0.000000,0.000000,0.000000,0.000000,0.000000,0.000000
0.000000,0.000000,0.000000,0.000000,0.000000,0.000000,0.000000,0.000000,0.000000,0.000000,0.000000,0.000000,0.000000,0.000000,0.000000,0.000000,0.000000,0.000000,0.000000,0.000000,0.000000,0.000000,0.000000,0.000000,0.000000,0.000000,0.000000,0.000000,0.000000,0.000000,0.000000,0.000000,0.000000,0.000000,0.000000,0.000000,0.000000,0.000000,0.000000,0.000000,0.000000,0.000000,0.000000,0.000000,0.000000,0.000000,0.000000,0.000000,0.000000,0.000000,0.000000,-0.110602,0.000000,0.000000,0.000000,0.000000,0.000000,0.000000,0.000000,0.000000,0.000000,0.000000,0.000000,0.000000,0.000000,0.000000,0.000000,0.000000,0.000000,0.000000,0.000000,0.000000,0.000000,0.000000,0.000000,0.000000,0.000000,0.000000,0.000000,0.000000,0.000000,0.000000,0.000000,0.000000,0.000000,0.000000,0.000000,0.000000,0.000000,0.000000,0.000000,0.000000,0.000000,0.000000,0.000000,0.000000,0.000000,0.000000,0.000000,0.000000,0.000000,0.000000,0.000000
0.000000,0.000000,0.000000,0.000000,0.000000,0.000000,0.000000,0.000000,0.000000,0.000000,0.000000,0.000000,0.000000,0.000000,0.000000,0.000000,0.000000,0.000000,0.000000,0.000000,0.000000,0.000000,0.000000,0.000000,0.000000,0.000000,0.000000,0.000000,0.000000,0.000000,0.000000,0.000000,0.000000,0.000000,0.000000,0.000000,0.000000,0.000000,0.000000,0.000000,0.000000,0.000000,0.000000,0.000000,0.000000,0.000000,0.000000,0.000000,0.000000,0.000000,0.000000,0.000000,0.000000,0.000000,0.000000,0.000000,0.000000,0.000000,0.000000,0.000000,0.000000,0.000000,0.000000,0.000000,0.000000,0.000000,0.000000,0.000000,0.000000,0.000000,0.000000,0.000000,0.000000,0.000000,0.000000,0.000000,0.000000,0.000000,0.000000,0.000000,0.000000,0.000000,0.000000,0.000000,0.000000,0.000000,0.000000,0.000000,0.000000,0.000000,0.000000,0.000000,0.000000,0.000000,0.000000,0.000000,0.000000,0.000000,0.000000,0.000000,0.000000,0.000000,0.000000
