0.000000,0.000000,0.000000,0.000000,0.000000,0.000000,0.000000,0.000000,0.000000,0.000000,0.000000,0.000000,0.000000,0.000000,0.000000,0.000000,0.000000,0.000000,0.000000,0.000000,0.000000,0.000000,0.000000,0.000000,0.000000,0.000000,0.000000,0.000000,0.000000,0.000000,0.000000,0.000000,0.000000,0.000000,0.000000,0.000000,0.000000,0.000000,0.000000,0.000000,0.000000,0.000000,0.000000,0.000000,0.000000,0.000000,0.000000,0.000000,0.000000,0.000000,0.000000,0.000000,0.000000,0.000000,0.000000,0.000000,0.000000,0.000000,0.000000,0.000000,0.000000,0.000000,0.000000,0.000000,0.000000,0.000000,0.000000,0.000000,0.000000,0.000000,0.000000,0.000000,0.000000,0.000000,0.000000,0.000000,0.000000,0.000000,0.000000,0.000000,0.000000,0.000000,0.000000,0.000000,0.000000,0.000000,0.000000,0.000000,0.000000,0.000000,0.000000,0.000000,0.000000,0.000000,0.000000,0.000000,0.000000,0.000000,0.000000,0.000000,0.000000,0.000000,0.000000
0.000000,0.000000,0.000000,0.000000,0.000000,0.000000,0.000000,0.000000,0.000000,0.000000,0.000000,0.000000,0.000000,0.000000,0.000000,0.000000,0.000000,0.000000,0.000000,0.000000,0.000000,0.000000,0.000000,0.000000,0.000000,0.000000,0.000000,0.000000,0.000000,0.000000,0.000000,0.000000,0.000000,0.000000,0.000000,0.000000,0.000000,0.000000,0.000000,0.000000,0.000000,0.000000,0.000000,0.000000,0.000000,0.000000,0.000000,0.000000,0.000000,0.000000,0.000000,-0.153588,0.000000,0.000000,0.000000,0.000000,0.000000,0.000000,0.000000,0.000000,0.000000,0.000000,0.000000,0.000000,0.000000,0.000000,0.000000,0.000000,0.000000,0.000000,0.000000,0.000000,0.000000,0.000000,0.000000,0.000000,0.000000,0.000000,0.000000,0.000000,0.000000,0.000000,0.000000,0.000000,0.000000,0.000000,0.000000,0.000000,0.000000,0.000000,0.000000,0.000000,0.000000,0.000000,0.000000,0.000000,0.000000,0.000000,0.000000,0.000000,0.000000,0.000000,0.000000
0.000000,0.000000,0.000000,0.000000,0.000000,0.000000,0.000000,0.000000,0.000000,0.000000,0.000000,0.000000,0.000000,0.000000,0.000000,0.000000,0.000000,0.000000,0.000000,0.000000,0.000000,0.000000,0.000000,0.000000,0.000000,0.000000,0.000000,0.000000,0.000000,0.000000,0.000000,0.000000,0.000000,0.000000,0.000000,0.000000,0.000000,0.000000,0.000000,0.000000,0.000000,0.000000,-0.147237,-0.118748,-0.107800,-0.112748,-0.114951,-0.121285,-0.116623,-0.126276,-0.105263,-0.063713,-0.116974,-0.134318,-0.113986,-0.116535,-0.111615,-0.115711,-0.110110,-0.111853,-0.129139,0.000000,0.000000,0.000000,0.000000,0.000000,0.000000,0.000000,0.000000,0.000000,0.000000,0.000000,0.000000,0.000000,0.000000,0.000000,0.000000,0.000000,0.000000,0.000000,0.000000,0.000000,0.000000,0.000000,0.000000,0.000000,0.000000,0.000000,0.000000,0.000000,0.000000,0.000000,0.000000,0.000000,0.000000,0.000000,0.000000,0.000000,0.000000,0.000000,0.000000,0.000000,0.000000
0.000000,0.000000,0.000000,0.000000,0.000000,0.000000,0.000000,0.000000,0.000000,0.000000,0.000000,0.000000,0.000000,0.000000,0.000000,0.000000,0.000000,0.000000,0.000000,0.000000,0.000000,0.000000,0.000000,0.000000,0.000000,0.000000,0.000000,0.000000,0.000000,0.000000,0.000000,0.000000,0.000000,0.000000,0.000000,0.000000,0.000000,-0.169488,-0.116979,-0.131616,-0.122089,-0.092200,-0.069481,-0.061022,-0.071328,-0.059771,-0.035637,-0.027831,-0.035766,-0.063574,-0.083312,-0.089929,-0.084832,-0.066433,-0.042034,-0.033897,-0.041553,-0.062016,-0.069273,-0.066076,-0.077477,-0.102491,-0.122186,-0.125607,-0.107585,-0.154480,0.000000,0.000000,0.000000,0.000000,0.000000,0.000000,0.000000,0.000000,0.000000,0.000000,0.000000,0.000000,0.000000,0.000000,0.000000,0.000000,0.000000,0.000000,0.000000,0.000000,0.000000,0.000000,0.000000,0.000000,0.000000,0.000000,0.000000,0.000000,0.000000,0.000000,0.000000,0.000000,0.000000,0.000000,0.000000,0.000000,0.000000
0.000000,0.000000,0.000000,0.000000,0.000000,0.000000,0.000000,0.000000,0.000000,0.000000,0.000000,0.000000,0.000000,0.000000,0.000000,0.000000,0.000000,0.000000,0.000000,0.000000,0.000000,0.000000,0.000000,0.000000,0.000000,0.000000,0.000000,0.000000,0.000000,0.000000,0.000000,0.000000,0.000000,0.000000,-0.152412,-0.115819,-0.096769,-0.055801,-0.050574,-0.054679,-0.064744,-0.074249,-0.086802,-0.090566,-0.079870,-0.056346,-0.016830,-0.004894,0.002091,-0.022218,-0.069309,-0.072984,-0.075182,-0.037253,-0.006394,-0.008453,-0.019777,-0.058266,-0.089062,-0.097116,-0.089912,-0.068587,-0.056027,-0.046564,-0.050997,-0.058707,-0.102847,-0.104404,-0.163092,0.000000,0.000000,0.000000,0.000000,0.000000,0.000000,0.000000,0.000000,0.000000,0.000000,0.000000,0.000000,0.000000,0.000000,0.000000,0.000000,0.000000,0.000000,0.000000,0.000000,0.000000,0.000000,0.000000,0.000000,0.000000,0.000000,0.000000,0.000000,0.000000,0.000000,0.000000,0.000000,0.000000,0.000000
0.000000,0.000000,0.000000,0.000000,0.000000,0.000000,0.000000,0.000000,0.000000,0.000000,0.000000,0.000000,0.000000,0.000000,0.000000,0.000000,0.000000,0.000000,0.000000,0.000000,0.000000,0.000000,0.000000,0.000000,0.000000,0.000000,0.000000,0.000000,0.000000,0.000000,0.000000,0.000000,-0.173232,-0.074296,-0.073689,-0.058567,-0.075636,-0.085403,-0.076076,-0.053628,-0.038835,-0.033704,-0.029907,-0.022048,-0.005712,0.020869,0.045576,0.033366,0.038317,0.017112,-0.054608,-0.078675,-0.065401,0.000967,0.040955,0.034732,0.041549,0.015140,-0.016643,-0.029962,-0.035225,-0.027780,-0.028092,-0.036750,-0.058806,-0.066876,-0.066671,-0.058448,-0.068629,-0.072027,-0.162903,0.000000,0.000000,0.000000,0.000000,0.000000,0.000000,0.000000,0.000000,0.000000,0.000000,0.000000,0.000000,0.000000,0.000000,0.000000,0.000000,0.000000,0.000000,0.000000,0.000000,0.000000,0.000000,0.000000,0.000000,0.000000,0.000000,0.000000,0.000000,0.000000,0.000000,0.000000,0.000000
0.000000,0.000000,0.000000,0.000000,0.000000,0.000000,0.000000,0.000000,0.000000,0.000000,0.000000,0.000000,0.000000,0.000000,0.000000,0.000000,0.000000,0.000000,0.000000,0.000000,0.000000,0.000000,0.000000,0.000000,0.000000,0.000000,0.000000,0.000000,0.000000,0.000000,-0.169962,-0.089035,-0.062038,-0.070806,-0.087057,-0.082099,-0.066335,-0.023234,0.002959,0.035813,0.053863,0.045309,0.034815,0.039537,0.033145,0.040940,0.055240,0.035173,0.052325,0.041017,-0.041096,-0.081492,-0.055642,0.030896,0.060224,0.038051,0.051899,0.040245,0.030965,0.034357,0.030823,0.041841,0.062763,0.062118,0.039474,0.012078,-0.039055,-0.071739,-0.079140,-0.063911,-0.062420,-0.097099,-0.164743,0.000000,0.000000,0.000000,0.000000,0.000000,0.000000,0.000000,0.000000,0.000000,0.000000,0.000000,0.000000,0.000000,0.000000,0.000000,0.000000,0.000000,0.000000,0.000000,0.000000,0.000000,0.000000,0.000000,0.000000,0.000000,0.000000,0.000000,0.000000,0.000000,0.000000
0.000000,0.000000,0.000000,0.000000,0.000000,0.000000,0.000000,0.000000,0.000000,0.000000,0.000000,0.000000,0.000000,0.000000,0.000000,0.000000,0.000000,0.000000,0.000000,0.000000,0.000000,0.000000,0.000000,0.000000,0.000000,0.000000,0.000000,0.000000,-0.152324,-0.104835,-0.056300,-0.059853,-0.090915,-0.082206,-0.064220,-0.040774,-0.016791,0.017566,0.042575,0.050545,0.050393,0.052664,0.063588,0.068736,0.057389,0.065388,0.065748,0.034202,0.051176,0.043760,-0.036984,-0.082526,-0.050904,0.038718,0.054815,0.031380,0.062316,0.068925,0.060003,0.067256,0.058878,0.047019,0.046913,0.048209,0.048808,0.037420,0.010198,-0.029754,-0.060749,-0.080829,-0.088203,-0.054981,-0.060608,-0.106687,-0.143004,0.000000,0.000000,0.000000,0.000000,0.000000,0.000000,0.000000,0.000000,0.000000,0.000000,0.000000,0.000000,0.000000,0.000000,0.000000,0.000000,0.000000,0.000000,0.000000,0.000000,0.000000,0.000000,0.000000,0.000000,0.000000,0.000000,0.000000,0.000000
0.000000,0.000000,0.000000,0.000000,0.000000,0.000000,0.000000,0.000000,0.000000,0.000000,0.000000,0.000000,0.000000,0.000000,0.000000,0.000000,0.000000,0.000000,0.000000,0.000000,0.000000,0.000000,0.000000,0.000000,0.000000,0.000000,-0.155446,-0.094388,-0.058727,-0.050535,-0.077797,-0.081341,-0.079405,-0.062568,-0.009018,0.040221,0.046710,0.051802,0.060086,0.055444,0.053639,0.051306,0.045770,0.047591,0.038954,0.047218,0.064243,0.048996,0.067971,0.051380,-0.032670,-0.073662,-0.042081,0.045401,0.068157,0.044628,0.062737,0.051526,0.039022,0.048041,0.048283,0.054412,0.055121,0.052045,0.054964,0.058366,0.057340,0.028363,-0.035870,-0.079207,-0.071721,-0.075805,-0.084556,-0.062223,-0.063198,-0.076931,-0.168311,0.000000,0.000000,0.000000,0.000000,0.000000,0.000000,0.000000,0.000000,0.000000,0.000000,0.000000,0.000000,0.000000,0.000000,0.000000,0.000000,0.000000,0.000000,0.000000,0.000000,0.000000,0.000000,0.000000,0.000000,0.000000,0.000000
0.000000,0.000000,0.000000,0.000000,0.000000,0.000000,0.000000,0.000000,0.000000,0.000000,0.000000,0.000000,0.000000,0.000000,0.000000,0.000000,0.000000,0.000000,0.000000,0.000000,0.000000,0.000000,0.000000,0.000000,-0.167173,-0.069453,-0.073286,-0.060535,-0.087797,-0.086147,-0.073683,-0.086600,-0.080635,-0.047801,0.016300,0.065633,0.060533,0.051843,0.054341,0.053483,0.056203,0.059183,0.063409,0.068498,0.056167,0.052691,0.068120,0.057242,0.073541,0.056927,-0.030587,-0.071579,-0.036802,0.052465,0.076594,0.055630,0.067280,0.056414,0.053556,0.067166,0.063819,0.059744,0.058300,0.056709,0.056438,0.051394,0.053717,0.029023,-0.046290,-0.081602,-0.077669,-0.089176,-0.087866,-0.086655,-0.075568,-0.048087,-0.064064,-0.068110,-0.152179,0.000000,0.000000,0.000000,0.000000,0.000000,0.000000,0.000000,0.000000,0.000000,0.000000,0.000000,0.000000,0.000000,0.000000,0.000000,0.000000,0.000000,0.000000,0.000000,0.000000,0.000000,0.000000,0.000000,0.000000
0.000000,0.000000,0.000000,0.000000,0.000000,0.000000,0.000000,0.000000,0.000000,0.000000,0.000000,0.000000,0.000000,0.000000,0.000000,0.000000,0.000000,0.000000,0.000000,0.000000,0.000000,0.000000,0.000000,-0.140959,-0.048032,-0.072074,-0.065502,-0.068731,-0.065464,-0.087251,-0.083408,-0.078917,-0.081215,-0.027674,0.023147,0.047645,0.056564,0.059374,0.061776,0.059819,0.053879,0.045647,0.044260,0.057481,0.057581,0.046694,0.054611,0.056456,0.061964,0.034832,-0.044569,-0.088077,-0.048255,0.034292,0.064447,0.054560,0.057486,0.047983,0.053538,0.059045,0.042564,0.044262,0.052718,0.053387,0.055848,0.056752,0.047379,0.004628,-0.045930,-0.074324,-0.084644,-0.081475,-0.082228,-0.053048,-0.013508,-0.027191,-0.045357,-0.069244,-0.050177,-0.155339,0.000000,0.000000,0.000000,0.000000,0.000000,0.000000,0.000000,0.000000,0.000000,0.000000,0.000000,0.000000,0.000000,0.000000,0.000000,0.000000,0.000000,0.000000,0.000000,0.000000,0.000000,0.000000,0.000000
0.000000,0.000000,0.000000,0.000000,0.000000,0.000000,0.000000,0.000000,0.000000,0.000000,0.000000,0.000000,0.000000,0.000000,0.000000,0.000000,0.000000,0.000000,0.000000,0.000000,0.000000,-0.165683,-0.076523,-0.069785,-0.081341,-0.051431,0.013979,0.009781,-0.018457,-0.056939,-0.087427,-0.083733,-0.077257,-0.040919,0.024590,0.056185,0.057120,0.052877,0.052507,0.058375,0.064853,0.060273,0.055416,0.062030,0.063046,0.057510,0.055276,0.049529,0.050391,0.019350,-0.049443,-0.086306,-0.052224,0.020613,0.052056,0.047147,0.054551,0.054159,0.059648,0.062401,0.050411,0.058692,0.064244,0.053253,0.048630,0.053889,0.058424,0.022165,-0.043346,-0.086211,-0.086219,-0.080522,-0.059830,0.002908,0.046168,0.051122,0.034745,-0.044147,-0.079247,-0.070861,-0.084140,-0.167886,0.000000,0.000000,0.000000,0.000000,0.000000,0.000000,0.000000,0.000000,0.000000,0.000000,0.000000,0.000000,0.000000,0.000000,0.000000,0.000000,0.000000,0.000000,0.000000,0.000000,0.000000
0.000000,0.000000,0.000000,0.000000,0.000000,0.000000,0.000000,0.000000,0.000000,0.000000,0.000000,0.000000,0.000000,0.000000,0.000000,0.000000,0.000000,0.000000,0.000000,0.000000,-0.144242,-0.044565,-0.071301,-0.081497,-0.064496,-0.006969,0.054140,0.065899,0.035929,0.000968,-0.052904,-0.080925,-0.063318,-0.021456,0.033652,0.057752,0.055090,0.059466,0.053015,0.048216,0.054243,0.062149,0.052570,0.052709,0.055845,0.057540,0.067626,0.049222,0.040092,0.015980,-0.041160,-0.067003,-0.041016,0.018687,0.043720,0.048584,0.065837,0.055876,0.054397,0.050974,0.048339,0.061413,0.055416,0.046441,0.054076,0.055890,0.053620,0.034937,-0.024578,-0.064185,-0.068709,-0.056110,-0.007786,0.047263,0.058904,0.062479,0.039999,-0.019774,-0.073077,-0.082021,-0.070848,-0.047386,-0.146440,0.000000,0.000000,0.000000,0.000000,0.000000,0.000000,0.000000,0.000000,0.000000,0.000000,0.000000,0.000000,0.000000,0.000000,0.000000,0.000000,0.000000,0.000000,0.000000,0.000000
0.000000,0.000000,0.000000,0.000000,0.000000,0.000000,0.000000,0.000000,0.000000,0.000000,0.000000,0.000000,0.000000,0.000000,0.000000,0.000000,0.000000,0.000000,0.000000,-0.137471,-0.059921,-0.071478,-0.080715,-0.082430,-0.068143,-0.016643,0.057464,0.065546,0.047479,0.038323,0.007952,-0.022623,-0.015200,0.026734,0.051516,0.056539,0.064865,0.067881,0.066769,0.058643,0.051774,0.057550,0.057032,0.055844,0.054036,0.052483,0.059070,0.037539,0.008827,-0.020512,-0.062310,-0.081390,-0.060854,-0.015710,0.014356,0.039606,0.059413,0.054233,0.055014,0.055543,0.057245,0.056330,0.050973,0.056659,0.064603,0.066568,0.063122,0.051802,0.033494,0.010999,-0.003641,0.011761,0.044543,0.055484,0.041644,0.056575,0.035576,-0.045203,-0.082143,-0.089217,-0.080249,-0.073571,-0.058267,-0.152311,0.000000,0.000000,0.000000,0.000000,0.000000,0.000000,0.000000,0.000000,0.000000,0.000000,0.000000,0.000000,0.000000,0.000000,0.000000,0.000000,0.000000,0.000000,0.000000
0.000000,0.000000,0.000000,0.000000,0.000000,0.000000,0.000000,0.000000,0.000000,0.000000,0.000000,0.000000,0.000000,0.000000,0.000000,0.000000,0.000000,0.000000,-0.130131,-0.058055,-0.079851,-0.078971,-0.091196,-0.088694,-0.073423,-0.025827,0.036336,0.045195,0.061053,0.065716,0.048218,0.045773,0.039897,0.045613,0.052770,0.051580,0.041561,0.039748,0.054077,0.057396,0.050116,0.056215,0.052888,0.052258,0.056063,0.051730,0.050786,0.020780,-0.026688,-0.059194,-0.074753,-0.080624,-0.076661,-0.053728,-0.018532,0.024310,0.051751,0.051269,0.055276,0.053646,0.056171,0.055383,0.050864,0.056419,0.051823,0.043641,0.047922,0.059940,0.053325,0.044111,0.044102,0.054597,0.060586,0.073059,0.060676,0.044031,0.012183,-0.060563,-0.086880,-0.089998,-0.088934,-0.076669,-0.078514,-0.049796,-0.140465,0.000000,0.000000,0.000000,0.000000,0.000000,0.000000,0.000000,0.000000,0.000000,0.000000,0.000000,0.000000,0.000000,0.000000,0.000000,0.000000,0.000000,0.000000
0.000000,0.000000,0.000000,0.000000,0.000000,0.000000,0.000000,0.000000,0.000000,0.000000,0.000000,0.000000,0.000000,0.000000,0.000000,0.000000,0.000000,-0.129390,-0.063017,-0.077552,-0.079688,-0.094419,-0.086718,-0.077581,-0.075649,-0.024310,0.043420,0.056308,0.063477,0.063115,0.052286,0.052615,0.056631,0.060774,0.061942,0.064372,0.061124,0.054182,0.055629,0.060007,0.052104,0.054288,0.057113,0.055895,0.061170,0.059370,0.055031,0.022586,-0.033597,-0.065069,-0.050913,-0.036486,-0.054100,-0.060947,-0.025570,0.027807,0.056488,0.057565,0.060406,0.057359,0.056622,0.054100,0.054544,0.059856,0.053034,0.054247,0.064404,0.065856,0.062020,0.060139,0.054658,0.051775,0.051271,0.059584,0.062256,0.057072,0.014675,-0.059653,-0.082146,-0.069880,-0.077450,-0.089421,-0.077413,-0.071620,-0.055664,-0.146453,0.000000,0.000000,0.000000,0.000000,0.000000,0.000000,0.000000,0.000000,0.000000,0.000000,0.000000,0.000000,0.000000,0.000000,0.000000,0.000000,0.000000
0.000000,0.000000,0.000000,0.000000,0.000000,0.000000,0.000000,0.000000,0.000000,0.000000,0.000000,0.000000,0.000000,0.000000,0.000000,0.000000,-0.141312,-0.059084,-0.089586,-0.077196,-0.081845,-0.067748,-0.043863,-0.026443,-0.023684,0.004658,0.052123,0.064835,0.056685,0.046981,0.047887,0.055716,0.054244,0.049568,0.043204,0.051841,0.060955,0.060278,0.055624,0.054095,0.054076,0.057818,0.055873,0.053895,0.056656,0.055361,0.057515,0.030474,-0.029658,-0.069070,-0.058418,-0.044482,-0.061656,-0.065033,-0.021139,0.036162,0.058858,0.055126,0.056413,0.054760,0.057078,0.058737,0.056612,0.056110,0.053732,0.061097,0.062681,0.053664,0.049699,0.053966,0.058783,0.060366,0.050259,0.048786,0.059921,0.060492,0.027879,-0.018036,-0.021920,-0.010641,-0.030217,-0.068201,-0.085486,-0.073557,-0.075416,-0.062186,-0.150545,0.000000,0.000000,0.000000,0.000000,0.000000,0.000000,0.000000,0.000000,0.000000,0.000000,0.000000,0.000000,0.000000,0.000000,0.000000,0.000000
0.000000,0.000000,0.000000,0.000000,0.000000,0.000000,0.000000,0.000000,0.000000,0.000000,0.000000,0.000000,0.000000,0.000000,0.000000,-0.138477,-0.058931,-0.080107,-0.079618,-0.076282,-0.046452,-0.010970,0.024547,0.030909,0.034767,0.043532,0.057752,0.058507,0.052395,0.052289,0.057818,0.062072,0.055619,0.057162,0.056689,0.053806,0.052472,0.054773,0.053174,0.052058,0.053586,0.053832,0.057031,0.052899,0.051743,0.054149,0.059162,0.048199,0.000947,-0.048662,-0.065313,-0.064621,-0.065867,-0.043731,0.007725,0.050815,0.058760,0.052201,0.054180,0.054364,0.056516,0.054681,0.056435,0.054130,0.050974,0.055181,0.053338,0.056864,0.059943,0.057945,0.056948,0.062914,0.061853,0.054678,0.049756,0.055932,0.049945,0.037420,0.038050,0.038326,0.018630,-0.035487,-0.080821,-0.089044,-0.074361,-0.071057,-0.062404,-0.136531,0.000000,0.000000,0.000000,0.000000,0.000000,0.000000,0.000000,0.000000,0.000000,0.000000,0.000000,0.000000,0.000000,0.000000,0.000000
0.000000,0.000000,0.000000,0.000000,0.000000,0.000000,0.000000,0.000000,0.000000,0.000000,0.000000,0.000000,0.000000,0.000000,-0.129528,-0.061773,-0.083535,-0.082445,-0.079312,-0.043222,0.001049,0.040549,0.050952,0.053511,0.060116,0.062113,0.052480,0.051395,0.060045,0.058491,0.056015,0.049763,0.047780,0.056728,0.061460,0.056250,0.053161,0.059035,0.058039,0.056978,0.056481,0.055343,0.056543,0.055208,0.057196,0.058146,0.058870,0.059046,0.043113,0.010774,-0.014123,-0.020606,-0.012108,0.014504,0.046478,0.061583,0.057934,0.055131,0.056869,0.056729,0.055398,0.055825,0.059501,0.058254,0.057682,0.055525,0.053071,0.057705,0.061935,0.057224,0.046981,0.047335,0.052303,0.056887,0.056775,0.051671,0.055129,0.062983,0.064446,0.054505,0.038438,-0.011419,-0.073319,-0.092479,-0.086400,-0.077085,-0.085505,-0.059725,-0.132726,0.000000,0.000000,0.000000,0.000000,0.000000,0.000000,0.000000,0.000000,0.000000,0.000000,0.000000,0.000000,0.000000,0.000000
0.000000,0.000000,0.000000,0.000000,0.000000,0.000000,0.000000,0.000000,0.000000,0.000000,0.000000,0.000000,0.000000,-0.124911,-0.061658,-0.074828,-0.079586,-0.082108,-0.054644,-0.004934,0.045539,0.049934,0.051248,0.059620,0.056518,0.053792,0.056703,0.059978,0.059042,0.057772,0.057457,0.059369,0.057236,0.054007,0.054519,0.054652,0.052797,0.054365,0.053121,0.050525,0.050861,0.050333,0.055555,0.059036,0.058413,0.054698,0.052190,0.054589,0.056708,0.051352,0.042580,0.040507,0.045716,0.054313,0.059526,0.057608,0.052192,0.054335,0.057243,0.057025,0.055407,0.051983,0.053236,0.053025,0.054634,0.053115,0.052926,0.053835,0.051760,0.054061,0.058175,0.058069,0.054391,0.056561,0.059768,0.061707,0.056954,0.055478,0.064529,0.066183,0.040655,0.001088,-0.040846,-0.070073,-0.068056,-0.064072,-0.060743,-0.081985,-0.054842,-0.143712,0.000000,0.000000,0.000000,0.000000,0.000000,0.000000,0.000000,0.000000,0.000000,0.000000,0.000000,0.000000,0.000000
0.000000,0.000000,0.000000,0.000000,0.000000,0.000000,0.000000,0.000000,0.000000,0.000000,0.000000,0.000000,-0.133978,-0.066056,-0.077457,-0.076551,-0.083747,-0.061611,-0.014675,0.035223,0.050348,0.053551,0.063272,0.057867,0.051862,0.057641,0.059995,0.057517,0.051943,0.050362,0.055096,0.058016,0.057826,0.057957,0.057107,0.058215,0.055169,0.053909,0.054880,0.053535,0.057184,0.055252,0.054967,0.057347,0.054810,0.052605,0.051485,0.052685,0.056490,0.058467,0.057087,0.056521,0.058564,0.059882,0.057161,0.053161,0.051512,0.054143,0.054795,0.053874,0.055963,0.057538,0.058358,0.054808,0.054340,0.054601,0.055761,0.056471,0.052296,0.053396,0.058947,0.058316,0.055026,0.054779,0.054134,0.056474,0.057879,0.056268,0.051953,0.060696,0.059442,0.026592,0.002596,-0.000940,-0.005399,-0.005634,-0.031528,-0.052905,-0.090001,-0.051659,-0.141971,0.000000,0.000000,0.000000,0.000000,0.000000,0.000000,0.000000,0.000000,0.000000,0.000000,0.000000,0.000000
0.000000,0.000000,0.000000,0.000000,0.000000,0.000000,0.000000,0.000000,0.000000,0.000000,0.000000,-0.167582,-0.054039,-0.069313,-0.070126,-0.088116,-0.079102,-0.032142,0.028252,0.048372,0.053439,0.063073,0.057194,0.052968,0.057633,0.060380,0.056251,0.055179,0.055668,0.058588,0.057450,0.053846,0.054260,0.057146,0.058283,0.056729,0.054292,0.052195,0.054777,0.054477,0.054447,0.052342,0.051191,0.052271,0.053601,0.055220,0.055829,0.054698,0.054181,0.057153,0.057290,0.056122,0.056674,0.054972,0.052899,0.054668,0.056723,0.056904,0.054653,0.052224,0.053531,0.055818,0.055035,0.052616,0.053815,0.051886,0.055249,0.057304,0.052899,0.053539,0.053412,0.053912,0.058456,0.060239,0.057240,0.055317,0.053543,0.057285,0.053662,0.049157,0.059452,0.058672,0.042738,0.041229,0.056472,0.053698,0.029232,-0.034985,-0.068432,-0.077292,-0.049760,-0.144327,0.000000,0.000000,0.000000,0.000000,0.000000,0.000000,0.000000,0.000000,0.000000,0.000000,0.000000
0.000000,0.000000,0.000000,0.000000,0.000000,0.000000,0.000000,0.000000,0.000000,0.000000,0.000000,-0.083780,-0.073196,-0.079177,-0.085874,-0.091339,-0.066391,-0.005706,0.039399,0.051842,0.064045,0.058410,0.050998,0.055030,0.058206,0.057034,0.052248,0.053525,0.051837,0.053268,0.053553,0.053763,0.056562,0.058325,0.059286,0.055133,0.055069,0.055106,0.054027,0.055070,0.054533,0.053064,0.054444,0.056390,0.055582,0.054135,0.053979,0.055352,0.055376,0.055250,0.057091,0.058056,0.056339,0.053060,0.053845,0.057016,0.056424,0.057409,0.057885,0.057385,0.058074,0.057928,0.054939,0.053358,0.055865,0.054697,0.057126,0.056633,0.056297,0.057840,0.056501,0.055342,0.055534,0.054703,0.053976,0.055693,0.050917,0.051109,0.054608,0.052412,0.050441,0.058520,0.067162,0.053914,0.053583,0.072503,0.053051,-0.016147,-0.075924,-0.084936,-0.067808,-0.097823,0.000000,0.000000,0.000000,0.000000,0.000000,0.000000,0.000000,0.000000,0.000000,0.000000,0.000000
0.000000,0.000000,0.000000,0.000000,0.000000,0.000000,0.000000,0.000000,0.000000,0.000000,-0.148456,-0.071371,-0.076380,-0.089165,-0.090766,-0.086381,-0.057837,-0.003922,0.040746,0.064111,0.057017,0.050483,0.055315,0.059257,0.056977,0.057684,0.056365,0.057302,0.053279,0.053142,0.055488,0.054429,0.054445,0.053869,0.053333,0.052725,0.056072,0.056072,0.054257,0.053007,0.056172,0.055465,0.053131,0.056583,0.057321,0.055374,0.054892,0.057213,0.060757,0.059315,0.055887,0.055483,0.056013,0.055660,0.056780,0.055409,0.053420,0.055300,0.056937,0.057675,0.057016,0.056596,0.055601,0.055139,0.055076,0.056005,0.057472,0.053150,0.054378,0.055497,0.055437,0.056564,0.058044,0.056735,0.054633,0.058326,0.056343,0.051949,0.050853,0.058199,0.052958,0.050643,0.058936,0.064150,0.051795,0.051346,0.042194,-0.028838,-0.083997,-0.084866,-0.083553,-0.063305,-0.138525,0.000000,0.000000,0.000000,0.000000,0.000000,0.000000,0.000000,0.000000,0.000000,0.000000
0.000000,0.000000,0.000000,0.000000,0.000000,0.000000,0.000000,0.000000,0.000000,-0.163681,-0.042232,-0.071070,-0.054107,-0.064028,-0.072456,-0.088485,-0.074203,-0.014989,0.043081,0.063766,0.054061,0.054148,0.056588,0.054201,0.051668,0.057600,0.055765,0.054929,0.054981,0.058940,0.059101,0.057241,0.056420,0.053536,0.055270,0.055043,0.056882,0.056661,0.057793,0.055934,0.056551,0.059033,0.054946,0.054758,0.056935,0.056249,0.056907,0.058025,0.057168,0.056366,0.056509,0.056420,0.055480,0.053526,0.051332,0.052320,0.054647,0.055761,0.056980,0.057424,0.057332,0.056603,0.055953,0.057207,0.057156,0.056593,0.055735,0.053975,0.055718,0.055745,0.056455,0.055894,0.058164,0.057325,0.053438,0.052726,0.052705,0.054580,0.048711,0.053334,0.056682,0.055662,0.050460,0.058444,0.065272,0.054417,0.018429,-0.051909,-0.087795,-0.094136,-0.074467,-0.081853,-0.052519,-0.170430,0.000000,0.000000,0.000000,0.000000,0.000000,0.000000,0.000000,0.000000,0.000000
0.000000,0.000000,0.000000,0.000000,0.000000,0.000000,0.000000,0.000000,0.000000,-0.071868,-0.074324,-0.031841,0.010387,-0.006066,-0.037666,-0.077950,-0.086009,-0.031245,0.035563,0.053051,0.056687,0.059762,0.053920,0.052541,0.054636,0.061884,0.058243,0.055763,0.056955,0.059953,0.059388,0.056196,0.055570,0.054561,0.055316,0.055089,0.055280,0.055669,0.058272,0.055632,0.056782,0.059080,0.058268,0.055801,0.054601,0.053961,0.054983,0.057072,0.055657,0.054955,0.055219,0.055687,0.055642,0.054976,0.054965,0.055848,0.054908,0.055607,0.057710,0.057476,0.057068,0.056309,0.055954,0.057230,0.057301,0.054439,0.053228,0.053144,0.055104,0.055659,0.057125,0.054209,0.055523,0.057317,0.053975,0.052136,0.053498,0.058684,0.055220,0.055582,0.058483,0.058613,0.053532,0.052167,0.059794,0.056999,0.025799,-0.032776,-0.069322,-0.074789,-0.052550,-0.080358,-0.069209,-0.076145,0.000000,0.000000,0.000000,0.000000,0.000000,0.000000,0.000000,0.000000,0.000000
0.000000,0.000000,0.000000,0.000000,0.000000,0.000000,0.000000,0.000000,-0.156953,-0.073614,-0.055796,0.025303,0.061725,0.057745,0.018807,-0.019101,-0.038202,-0.006358,0.038270,0.056188,0.058164,0.055927,0.050881,0.054821,0.055358,0.058537,0.057110,0.056522,0.057002,0.057476,0.057648,0.056020,0.056357,0.056370,0.057489,0.057295,0.058273,0.058165,0.059012,0.056746,0.058109,0.058735,0.057352,0.056095,0.054444,0.055567,0.054347,0.054280,0.055894,0.054794,0.054308,0.055950,0.056700,0.059341,0.059791,0.056693,0.056135,0.057561,0.057294,0.056621,0.055978,0.055754,0.055944,0.057185,0.056988,0.055518,0.056264,0.055637,0.056539,0.056194,0.056214,0.054001,0.057205,0.056988,0.055822,0.055366,0.054087,0.056749,0.055357,0.055769,0.052676,0.059402,0.058095,0.055683,0.052230,0.060070,0.056855,0.031292,0.007093,0.015580,0.004703,-0.018673,-0.075309,-0.067372,-0.161408,0.000000,0.000000,0.000000,0.000000,0.000000,0.000000,0.000000,0.000000
0.000000,0.000000,0.000000,0.000000,0.000000,0.000000,0.000000,0.000000,-0.083408,-0.061664,-0.051528,0.026337,0.064956,0.058689,0.040944,0.037472,0.033019,0.043300,0.051637,0.059325,0.053525,0.055226,0.056930,0.056966,0.055582,0.056525,0.055635,0.054617,0.056162,0.055976,0.054082,0.054501,0.055261,0.054546,0.057388,0.055717,0.055182,0.056013,0.058157,0.057152,0.058180,0.058406,0.057409,0.058166,0.056756,0.055737,0.055453,0.054643,0.054298,0.053479,0.054937,0.057112,0.057339,0.058200,0.055784,0.054097,0.056443,0.057568,0.056838,0.056827,0.056028,0.055776,0.055191,0.054025,0.056698,0.057601,0.056326,0.056070,0.056354,0.053451,0.053033,0.052507,0.055570,0.055295,0.054904,0.055458,0.056013,0.056442,0.056921,0.059066,0.052524,0.057159,0.056804,0.059066,0.052593,0.056983,0.067762,0.057691,0.043676,0.064396,0.056001,0.003759,-0.066555,-0.055537,-0.094849,0.000000,0.000000,0.000000,0.000000,0.000000,0.000000,0.000000,0.000000
0.000000,0.000000,0.000000,0.000000,0.000000,0.000000,0.000000,-0.153266,-0.065532,-0.089991,-0.035539,0.023559,0.054825,0.044088,0.060890,0.063651,0.059274,0.052325,0.057669,0.053952,0.048575,0.059979,0.057200,0.054756,0.056557,0.056892,0.054351,0.053840,0.057136,0.057529,0.055881,0.054447,0.055475,0.053941,0.054961,0.053952,0.051880,0.053535,0.056784,0.054580,0.056305,0.056038,0.055623,0.059117,0.057465,0.054813,0.054798,0.054667,0.054373,0.055278,0.055199,0.056666,0.058348,0.056937,0.054767,0.054326,0.054997,0.057097,0.057803,0.056733,0.055186,0.055153,0.054037,0.054385,0.057231,0.056760,0.055761,0.055641,0.056806,0.055633,0.054595,0.054627,0.058764,0.056929,0.054675,0.054616,0.056475,0.054296,0.055550,0.059773,0.054513,0.056816,0.051822,0.056415,0.058400,0.051774,0.056219,0.055990,0.053174,0.051672,0.050075,-0.003406,-0.054518,-0.086899,-0.060969,-0.159343,0.000000,0.000000,0.000000,0.000000,0.000000,0.000000,0.000000
0.000000,0.000000,0.000000,0.000000,0.000000,0.000000,0.000000,-0.093068,-0.056032,-0.083629,-0.065210,-0.003522,0.053327,0.056932,0.068239,0.057624,0.049699,0.053606,0.054557,0.055793,0.053120,0.061616,0.055377,0.055801,0.058782,0.056741,0.053332,0.052449,0.055994,0.055218,0.055103,0.052074,0.054086,0.053727,0.052942,0.053195,0.053306,0.055473,0.055219,0.053385,0.052846,0.052477,0.054753,0.056864,0.056566,0.054030,0.053493,0.054401,0.055091,0.053348,0.053953,0.057456,0.056969,0.057104,0.055774,0.055217,0.057759,0.058907,0.056685,0.055983,0.055964,0.054790,0.053569,0.054264,0.055368,0.054945,0.055259,0.053478,0.056594,0.056022,0.053587,0.054405,0.058146,0.056109,0.054148,0.053809,0.056882,0.056342,0.054163,0.055948,0.058825,0.060514,0.048539,0.054593,0.056965,0.054943,0.050394,0.060035,0.065621,0.047525,0.022500,-0.037307,-0.082578,-0.088172,-0.050671,-0.104478,0.000000,0.000000,0.000000,0.000000,0.000000,0.000000,0.000000
0.000000,0.000000,0.000000,0.000000,0.000000,0.000000,-0.154324,-0.058500,-0.081982,-0.079285,-0.076098,-0.042281,0.025994,0.059699,0.055845,0.042705,0.047956,0.061280,0.051062,0.057792,0.054161,0.055342,0.056026,0.056860,0.058494,0.056580,0.054835,0.053097,0.055831,0.056514,0.056442,0.055303,0.054644,0.054594,0.055361,0.054307,0.055836,0.057522,0.056794,0.055077,0.053499,0.052951,0.054727,0.056400,0.055741,0.052912,0.053309,0.056315,0.055342,0.053496,0.055938,0.058490,0.056477,0.054339,0.053970,0.055658,0.056388,0.055238,0.052144,0.053826,0.056855,0.055991,0.053463,0.051763,0.053821,0.055177,0.054102,0.054194,0.057461,0.055194,0.053276,0.054193,0.056996,0.055952,0.055061,0.053545,0.057432,0.058373,0.057328,0.055410,0.058441,0.058521,0.049531,0.054294,0.052294,0.057069,0.051271,0.055331,0.054035,0.027936,-0.026765,-0.075123,-0.087059,-0.078821,-0.079009,-0.062830,-0.167089,0.000000,0.000000,0.000000,0.000000,0.000000,0.000000
0.000000,0.000000,0.000000,0.000000,0.000000,0.000000,-0.093311,-0.057704,-0.079894,-0.086602,-0.086406,-0.063377,0.001529,0.052301,0.057582,0.048416,0.058886,0.059719,0.046801,0.059420,0.055332,0.051568,0.054724,0.054460,0.055730,0.055762,0.055349,0.051646,0.054242,0.056207,0.056373,0.057066,0.057142,0.055703,0.055383,0.054925,0.053969,0.054058,0.057215,0.055282,0.054490,0.054915,0.055503,0.056651,0.055308,0.055464,0.056115,0.056969,0.056105,0.055850,0.057545,0.057174,0.055179,0.053398,0.054143,0.056138,0.055334,0.054346,0.053347,0.055552,0.058760,0.058516,0.055295,0.052895,0.053760,0.053439,0.054350,0.056554,0.057770,0.056694,0.054534,0.053942,0.058269,0.055396,0.053558,0.054849,0.057280,0.056117,0.057406,0.055437,0.055500,0.055181,0.054808,0.057151,0.048726,0.059490,0.054860,0.052928,0.047693,-0.009676,-0.067075,-0.077362,-0.077861,-0.089044,-0.079069,-0.062160,-0.097865,0.000000,0.000000,0.000000,0.000000,0.000000,0.000000
0.000000,0.000000,0.000000,0.000000,0.000000,-0.133907,-0.068905,-0.091701,-0.074603,-0.085708,-0.097057,-0.070016,0.000690,0.049791,0.053606,0.055200,0.059116,0.056371,0.047470,0.059790,0.057271,0.052006,0.055285,0.051681,0.052839,0.054082,0.054444,0.052588,0.053843,0.053757,0.054789,0.054846,0.056784,0.057469,0.056075,0.054855,0.052392,0.052808,0.054830,0.054168,0.055494,0.054451,0.053682,0.054287,0.053940,0.055552,0.057747,0.057723,0.055721,0.055157,0.056545,0.057715,0.054439,0.053528,0.055502,0.056650,0.055755,0.054002,0.054101,0.056427,0.058921,0.058743,0.057456,0.056436,0.054175,0.054573,0.055962,0.055999,0.059012,0.058704,0.056416,0.056363,0.057016,0.053782,0.053660,0.054224,0.058973,0.058440,0.055681,0.054115,0.057682,0.054482,0.057080,0.057742,0.047956,0.057794,0.054390,0.056029,0.035868,-0.025789,-0.076567,-0.086339,-0.087583,-0.081895,-0.075348,-0.086713,-0.064691,-0.159052,0.000000,0.000000,0.000000,0.000000,0.000000
0.000000,0.000000,0.000000,0.000000,0.000000,-0.075812,-0.069978,-0.082063,-0.071471,-0.075729,-0.059133,-0.045007,0.018261,0.059248,0.052240,0.062058,0.052429,0.061886,0.057365,0.058216,0.056873,0.055022,0.056328,0.054340,0.055148,0.053031,0.054777,0.055101,0.053863,0.052478,0.053994,0.053455,0.054503,0.056198,0.057013,0.055386,0.054497,0.054408,0.054901,0.056724,0.058104,0.056638,0.054574,0.053986,0.054769,0.055457,0.056463,0.057396,0.056079,0.055846,0.057190,0.056681,0.055138,0.055611,0.056536,0.057066,0.055496,0.054783,0.053947,0.054349,0.056747,0.057301,0.058046,0.058709,0.056769,0.055178,0.055540,0.056719,0.059091,0.056969,0.056272,0.057750,0.056194,0.054048,0.054340,0.053234,0.056981,0.057104,0.054685,0.051108,0.057974,0.055330,0.055785,0.053900,0.054879,0.060567,0.051325,0.060941,0.037654,-0.002379,-0.066068,-0.081987,-0.060405,-0.066496,-0.063913,-0.073244,-0.067098,-0.067838,0.000000,0.000000,0.000000,0.000000,0.000000
0.000000,0.000000,0.000000,0.000000,-0.170131,-0.060532,-0.086455,-0.055294,-0.023101,-0.020922,-0.006865,0.014662,0.047420,0.060464,0.054154,0.064475,0.045249,0.059751,0.062359,0.054291,0.054558,0.057301,0.059202,0.056828,0.058041,0.053452,0.054514,0.054885,0.054520,0.054185,0.054617,0.054770,0.055538,0.055657,0.055451,0.055389,0.056890,0.054992,0.055970,0.056948,0.055797,0.058115,0.056714,0.053730,0.053606,0.055158,0.054647,0.054774,0.055685,0.055006,0.056151,0.055625,0.054335,0.055797,0.056898,0.057861,0.055957,0.054983,0.055195,0.056573,0.055177,0.054994,0.058125,0.058418,0.056566,0.054949,0.056822,0.059323,0.058883,0.056306,0.055640,0.056000,0.057647,0.057096,0.057519,0.056471,0.056618,0.057698,0.056949,0.052756,0.058178,0.056837,0.055368,0.050684,0.061085,0.058785,0.044384,0.063769,0.050201,0.031590,-0.011582,-0.023454,-0.016294,-0.008307,-0.004379,-0.044265,-0.078666,-0.075982,-0.158500,0.000000,0.000000,0.000000,0.000000
0.000000,0.000000,0.000000,0.000000,-0.120621,-0.056882,-0.081667,-0.030145,0.039192,0.045304,0.033504,0.054448,0.057491,0.054915,0.051424,0.066606,0.049344,0.052970,0.057179,0.053577,0.056688,0.057328,0.059899,0.056421,0.054823,0.051065,0.052558,0.054060,0.053862,0.055158,0.056764,0.054190,0.054304,0.053996,0.054084,0.055119,0.055970,0.055799,0.054189,0.053099,0.054063,0.055391,0.054611,0.054722,0.055141,0.055743,0.056102,0.056239,0.056104,0.054764,0.054097,0.055515,0.054474,0.053263,0.055949,0.058306,0.056425,0.054129,0.055660,0.057764,0.057423,0.056361,0.056597,0.056225,0.054410,0.055379,0.057211,0.058021,0.058039,0.055850,0.054446,0.055120,0.055481,0.056527,0.059096,0.055514,0.054623,0.056600,0.059177,0.054976,0.056928,0.057202,0.056949,0.054089,0.060464,0.054356,0.048102,0.068563,0.054358,0.051461,0.043874,0.038368,0.029031,0.054897,0.052955,-0.016980,-0.070456,-0.058844,-0.109558,0.000000,0.000000,0.000000,0.000000
0.000000,0.000000,0.000000,0.000000,-0.103380,-0.074716,-0.070119,-0.003841,0.058017,0.058549,0.052269,0.058510,0.054387,0.060044,0.041479,0.063647,0.057266,0.052760,0.054362,0.053381,0.058015,0.056341,0.057384,0.055761,0.055040,0.052175,0.053887,0.053709,0.055917,0.056964,0.057260,0.055113,0.054868,0.055649,0.055946,0.055938,0.055425,0.056227,0.054107,0.054089,0.054337,0.053711,0.054545,0.055240,0.056487,0.056955,0.057064,0.057917,0.057116,0.055621,0.053857,0.054418,0.054675,0.053356,0.053997,0.056450,0.055918,0.053335,0.055168,0.057226,0.057541,0.057711,0.055830,0.055776,0.056119,0.055388,0.054577,0.057022,0.057721,0.054561,0.054526,0.057469,0.057082,0.056410,0.057293,0.054462,0.053638,0.053555,0.057486,0.055574,0.055260,0.054988,0.057085,0.053797,0.053965,0.051764,0.058827,0.067475,0.042533,0.061826,0.053101,0.056760,0.054602,0.056164,0.059220,0.012282,-0.043241,-0.067080,-0.103092,0.000000,0.000000,0.000000,0.000000
0.000000,0.000000,0.000000,-0.138488,-0.064066,-0.090271,-0.039609,0.013256,0.055922,0.052063,0.053444,0.051871,0.057851,0.068684,0.042812,0.054790,0.056466,0.054895,0.058809,0.054144,0.056661,0.054987,0.055897,0.053096,0.053493,0.052742,0.053698,0.052485,0.055005,0.056868,0.056089,0.056463,0.057154,0.058123,0.056783,0.055374,0.056541,0.055996,0.056556,0.056774,0.056500,0.057336,0.058047,0.057936,0.056540,0.056174,0.055544,0.056123,0.055212,0.053182,0.054830,0.055774,0.054675,0.053426,0.053329,0.056100,0.055117,0.052872,0.053644,0.056552,0.056530,0.055382,0.057744,0.056912,0.056776,0.057455,0.053594,0.054814,0.055823,0.053902,0.055717,0.057325,0.056841,0.055250,0.054958,0.054244,0.054895,0.053402,0.054849,0.056085,0.055194,0.052051,0.057907,0.056352,0.056437,0.051623,0.060389,0.057968,0.038251,0.068857,0.060599,0.051398,0.058853,0.046760,0.051991,0.039317,0.001482,-0.073721,-0.063730,-0.149155,0.000000,0.000000,0.000000
0.000000,0.000000,0.000000,-0.112934,-0.057686,-0.087733,-0.020803,0.027751,0.060222,0.053292,0.057733,0.049025,0.049688,0.068159,0.053720,0.055262,0.056387,0.057169,0.058881,0.055203,0.057553,0.054134,0.056256,0.054264,0.055506,0.056342,0.056372,0.054963,0.055438,0.057204,0.057901,0.056521,0.057415,0.056878,0.054261,0.054669,0.054930,0.056728,0.057312,0.055433,0.056762,0.058335,0.058377,0.059358,0.057290,0.053567,0.051998,0.053496,0.054844,0.053874,0.053899,0.055859,0.055472,0.052740,0.052981,0.055545,0.054490,0.054613,0.055014,0.054777,0.055362,0.054765,0.056560,0.058026,0.055702,0.056052,0.054709,0.053406,0.053544,0.053719,0.056362,0.056806,0.052788,0.052552,0.054415,0.054740,0.056040,0.055085,0.055570,0.053920,0.055397,0.056256,0.058772,0.058102,0.061704,0.052566,0.054064,0.055679,0.048398,0.068220,0.057429,0.050468,0.060689,0.053975,0.052841,0.051099,0.023475,-0.067954,-0.059000,-0.098654,0.000000,0.000000,0.000000
0.000000,0.000000,0.000000,-0.128716,-0.056504,-0.072398,0.007754,0.042848,0.058418,0.052588,0.056697,0.052817,0.043702,0.058532,0.058211,0.062445,0.057970,0.055921,0.059491,0.055243,0.056078,0.053868,0.055443,0.053612,0.056993,0.057205,0.055415,0.053074,0.054262,0.056501,0.057537,0.057413,0.056045,0.054464,0.053140,0.053909,0.056180,0.056981,0.055676,0.055273,0.053488,0.053275,0.055763,0.058194,0.055393,0.053024,0.053039,0.053772,0.055374,0.056107,0.056153,0.054834,0.055602,0.054890,0.054783,0.055567,0.056022,0.057590,0.058791,0.057587,0.055517,0.055943,0.055316,0.056889,0.057208,0.055284,0.055898,0.056477,0.054589,0.054649,0.056899,0.056998,0.054381,0.051982,0.053843,0.056835,0.055432,0.054218,0.055326,0.053964,0.055730,0.056357,0.058322,0.052516,0.057418,0.053020,0.052979,0.058068,0.054822,0.063488,0.048119,0.052523,0.057398,0.056936,0.052715,0.049991,0.046621,-0.041118,-0.054970,-0.114885,0.000000,0.000000,0.000000
0.000000,0.000000,0.000000,-0.125457,-0.061255,-0.061898,0.032064,0.051394,0.054418,0.053504,0.054679,0.063121,0.050375,0.051649,0.053512,0.056346,0.055744,0.053202,0.058351,0.055172,0.058765,0.054851,0.055582,0.052833,0.055054,0.056178,0.053931,0.052346,0.052068,0.054254,0.056471,0.056945,0.056647,0.055024,0.054190,0.055264,0.056822,0.057092,0.054737,0.053955,0.053793,0.052473,0.053118,0.056630,0.056020,0.055189,0.055674,0.055408,0.056092,0.056750,0.056224,0.054716,0.054679,0.056313,0.056228,0.055051,0.055828,0.058382,0.060563,0.060158,0.056020,0.055949,0.056785,0.054896,0.056316,0.056956,0.056242,0.057684,0.055446,0.055436,0.057565,0.057919,0.056579,0.055230,0.056400,0.057318,0.054433,0.052448,0.053945,0.054930,0.054985,0.054551,0.059118,0.052008,0.057258,0.055250,0.056771,0.058825,0.054579,0.054964,0.051334,0.061417,0.053115,0.057192,0.053021,0.045858,0.057540,-0.030617,-0.060125,-0.119278,0.000000,0.000000,0.000000
0.000000,0.000000,0.000000,-0.102765,-0.070677,-0.049355,0.032357,0.054998,0.048442,0.053996,0.047596,0.059969,0.057969,0.055507,0.055951,0.054848,0.058280,0.054703,0.056979,0.055184,0.060774,0.054402,0.054867,0.053840,0.054862,0.056832,0.055884,0.052899,0.052195,0.054117,0.056174,0.055710,0.056263,0.055947,0.054977,0.055356,0.054149,0.056673,0.055808,0.053956,0.055700,0.054235,0.052902,0.055375,0.057443,0.056428,0.055289,0.055472,0.058194,0.058045,0.054719,0.055992,0.056067,0.056067,0.055744,0.053298,0.053733,0.056870,0.059366,0.059139,0.057343,0.057060,0.057788,0.057095,0.055029,0.055205,0.056282,0.056490,0.054487,0.054758,0.056935,0.056160,0.054822,0.057534,0.058758,0.055863,0.053346,0.053465,0.053965,0.055265,0.056230,0.053293,0.059075,0.051810,0.055590,0.055002,0.058980,0.057725,0.055267,0.053332,0.059962,0.065383,0.047082,0.062336,0.050991,0.048112,0.045946,-0.028718,-0.067798,-0.095495,0.000000,0.000000,0.000000
0.000000,0.000000,-0.129885,-0.079024,-0.086256,-0.041785,0.025601,0.063834,0.045737,0.062032,0.043937,0.051150,0.052127,0.057953,0.054064,0.059428,0.058934,0.056529,0.057021,0.057602,0.059783,0.055510,0.055099,0.054641,0.055818,0.056525,0.055230,0.052266,0.052924,0.056034,0.056483,0.055506,0.053632,0.054435,0.054525,0.054764,0.055228,0.053471,0.053737,0.055291,0.054686,0.054020,0.053470,0.055961,0.056459,0.054657,0.054174,0.054656,0.057487,0.058684,0.056478,0.055692,0.056510,0.057029,0.055940,0.054597,0.054014,0.055994,0.056578,0.056138,0.058195,0.058130,0.056686,0.058377,0.056843,0.054243,0.054667,0.055355,0.054582,0.054959,0.055041,0.055986,0.055813,0.057249,0.058566,0.057217,0.054007,0.054544,0.055367,0.056948,0.058275,0.052916,0.057150,0.055643,0.055216,0.057196,0.057824,0.060032,0.058033,0.061171,0.057165,0.061974,0.043076,0.066972,0.045844,0.058926,0.031172,-0.034006,-0.088298,-0.065926,-0.147515,0.000000,0.000000
0.000000,0.000000,-0.116356,-0.063091,-0.093274,-0.028057,0.033052,0.068745,0.047642,0.070390,0.057858,0.058219,0.052353,0.055881,0.051356,0.058828,0.054216,0.053842,0.055357,0.055716,0.056384,0.054484,0.056489,0.057765,0.058304,0.058437,0.055811,0.053358,0.054807,0.056939,0.054590,0.053300,0.053031,0.054844,0.055504,0.055186,0.056130,0.054677,0.054168,0.053913,0.053921,0.055032,0.054688,0.057038,0.057361,0.055040,0.053951,0.054735,0.057860,0.057845,0.055405,0.055178,0.055622,0.055055,0.055160,0.056639,0.056264,0.056329,0.055713,0.055383,0.056335,0.057619,0.058685,0.058442,0.056514,0.053571,0.053011,0.054467,0.053625,0.053744,0.054779,0.057002,0.057050,0.056000,0.055634,0.056250,0.055227,0.055591,0.055815,0.055182,0.057462,0.054238,0.055314,0.056979,0.057291,0.055903,0.053587,0.057881,0.056247,0.056012,0.048507,0.057918,0.051246,0.067924,0.048443,0.069875,0.030178,-0.036789,-0.096950,-0.056503,-0.126548,0.000000,0.000000
0.000000,0.000000,-0.112197,-0.067122,-0.087294,-0.013842,0.030025,0.056192,0.035931,0.058164,0.055356,0.062801,0.057541,0.052159,0.049695,0.060665,0.055630,0.051461,0.055220,0.055416,0.055100,0.054944,0.056603,0.056048,0.057280,0.060147,0.058495,0.056192,0.055288,0.056065,0.054366,0.052820,0.053325,0.056360,0.056746,0.056523,0.056082,0.056021,0.055051,0.053282,0.052496,0.052119,0.054617,0.057155,0.056955,0.056657,0.054769,0.055255,0.057135,0.055166,0.053737,0.055724,0.055381,0.052779,0.053514,0.055442,0.056079,0.056510,0.055454,0.057124,0.058807,0.057866,0.058663,0.058518,0.055509,0.053971,0.054480,0.056342,0.053728,0.052973,0.056312,0.056245,0.055489,0.055652,0.053639,0.056344,0.055304,0.055493,0.056145,0.053846,0.054086,0.053774,0.056680,0.058605,0.057008,0.052762,0.052885,0.057852,0.053924,0.054899,0.052913,0.061408,0.059219,0.067092,0.047883,0.065619,0.028290,-0.023905,-0.092329,-0.065588,-0.114320,0.000000,0.000000
0.000000,0.000000,-0.116203,-0.057152,-0.056017,0.019317,0.044022,0.066508,0.046719,0.054199,0.045737,0.056373,0.061312,0.055114,0.049951,0.056903,0.055519,0.052579,0.055398,0.054029,0.053817,0.059032,0.056849,0.051024,0.055221,0.058908,0.057912,0.059256,0.056698,0.055531,0.056174,0.055815,0.055991,0.056293,0.056484,0.057680,0.057575,0.055731,0.053979,0.053858,0.053072,0.052551,0.053984,0.054818,0.055410,0.056241,0.054729,0.054136,0.054879,0.053765,0.053833,0.055684,0.055901,0.055362,0.053292,0.053111,0.053904,0.054239,0.056616,0.057678,0.058998,0.057911,0.055159,0.056551,0.054709,0.053850,0.057330,0.058008,0.056143,0.054473,0.054695,0.056689,0.056503,0.054720,0.053671,0.057467,0.056599,0.056524,0.056750,0.053214,0.055366,0.058050,0.055826,0.057671,0.058865,0.052394,0.053759,0.058636,0.053103,0.054093,0.056742,0.059630,0.048441,0.052570,0.039120,0.058698,0.028512,-0.004222,-0.077327,-0.065145,-0.114744,0.000000,0.000000
0.000000,0.000000,-0.112503,-0.032665,-0.017498,0.042617,0.059193,0.066156,0.061351,0.065531,0.056275,0.051395,0.064274,0.058368,0.047605,0.047912,0.049192,0.054463,0.060559,0.054799,0.050630,0.058563,0.058871,0.053540,0.054135,0.055212,0.056893,0.057893,0.055541,0.056925,0.057533,0.057161,0.056947,0.056729,0.056103,0.055775,0.057847,0.056685,0.053391,0.054058,0.054433,0.055876,0.055432,0.054410,0.053932,0.054492,0.055801,0.055227,0.054250,0.053345,0.053261,0.055166,0.056554,0.055882,0.053720,0.053312,0.053570,0.052323,0.054859,0.057216,0.055725,0.056511,0.054189,0.052032,0.053452,0.055975,0.058883,0.058277,0.056804,0.056738,0.054651,0.055724,0.057580,0.055174,0.054669,0.058480,0.057117,0.057833,0.056987,0.054132,0.057567,0.058047,0.052074,0.054575,0.058809,0.057053,0.058692,0.057466,0.053460,0.059974,0.068560,0.057510,0.049523,0.058129,0.059473,0.069671,0.056510,0.029778,-0.037470,-0.039921,-0.112912,0.000000,0.000000
0.000000,0.000000,-0.120144,-0.025014,-0.009924,0.026904,0.035649,0.032135,0.046721,0.057859,0.057948,0.048212,0.045495,0.034057,0.010680,0.007358,0.011529,0.030340,0.053639,0.058381,0.054083,0.055912,0.058953,0.057143,0.053661,0.053324,0.054830,0.053983,0.053722,0.056127,0.057970,0.056979,0.055800,0.056740,0.055369,0.056516,0.058060,0.055718,0.054762,0.055274,0.055761,0.056619,0.055371,0.054209,0.052580,0.053962,0.057265,0.056484,0.056379,0.056054,0.053534,0.054985,0.056477,0.053719,0.053480,0.054361,0.053177,0.053192,0.052895,0.054843,0.057107,0.055876,0.054295,0.053949,0.055931,0.059410,0.059158,0.057465,0.057404,0.057929,0.057102,0.056416,0.057045,0.056544,0.055297,0.057177,0.057535,0.057869,0.057343,0.057032,0.055301,0.054832,0.056092,0.058259,0.057524,0.046363,0.036768,0.034803,0.036826,0.052781,0.059529,0.054777,0.055793,0.056396,0.056219,0.050302,0.046298,0.034507,-0.009913,-0.019303,-0.122358,0.000000,0.000000
0.000000,0.000000,-0.119397,-0.031151,0.004256,0.040221,0.054745,0.051587,0.063949,0.073404,0.062946,0.047260,0.037333,0.010310,-0.030317,-0.046395,-0.045996,-0.024201,0.020403,0.052055,0.058136,0.054761,0.056244,0.059161,0.054847,0.053456,0.052437,0.051900,0.053420,0.054631,0.055724,0.054242,0.055284,0.057000,0.055444,0.056125,0.057918,0.058250,0.057768,0.057281,0.057600,0.057560,0.055253,0.054160,0.055035,0.057404,0.056791,0.055713,0.057147,0.056743,0.054355,0.054292,0.054860,0.053043,0.052510,0.055394,0.056140,0.054913,0.053883,0.054401,0.056698,0.056466,0.056046,0.056632,0.057596,0.058127,0.055885,0.054813,0.055890,0.057311,0.055891,0.056960,0.057325,0.055221,0.052205,0.054022,0.058715,0.057565,0.056062,0.056520,0.052130,0.054669,0.058369,0.053450,0.031024,-0.005699,-0.024447,-0.022866,-0.004584,0.026603,0.041620,0.051332,0.059136,0.057759,0.050594,0.036790,0.036757,0.026850,-0.000435,-0.022154,-0.123859,0.000000,0.000000
0.000000,0.000000,-0.136892,-0.060465,-0.021481,0.012501,0.033991,0.037837,0.040828,0.046607,0.031624,0.009931,0.005722,-0.017161,-0.057120,-0.065369,-0.064813,-0.062248,-0.017823,0.037927,0.057904,0.055575,0.055613,0.058252,0.055198,0.055182,0.053883,0.051839,0.052568,0.056105,0.054805,0.051922,0.054444,0.056824,0.057266,0.055354,0.057655,0.060234,0.059256,0.059039,0.055927,0.055262,0.058121,0.057521,0.056676,0.057182,0.055739,0.055489,0.054392,0.054772,0.055706,0.054594,0.056038,0.053771,0.052215,0.057851,0.059126,0.055806,0.056544,0.056612,0.055379,0.057516,0.056622,0.054741,0.056331,0.055971,0.053016,0.052791,0.054257,0.056842,0.055900,0.056551,0.057780,0.054929,0.053364,0.054810,0.057469,0.055679,0.054822,0.054543,0.052124,0.055977,0.056616,0.035912,-0.016363,-0.056571,-0.064481,-0.061622,-0.032808,0.013499,0.031653,0.039551,0.060564,0.073281,0.065155,0.057226,0.055049,0.034821,-0.000043,-0.043735,-0.134788,0.000000,0.000000
0.000000,0.000000,-0.116096,-0.086536,-0.072610,-0.059965,-0.049542,-0.046978,-0.043039,-0.038723,-0.049044,-0.061345,-0.052004,-0.058759,-0.079023,-0.054671,-0.043935,-0.065417,-0.039656,0.025597,0.055214,0.056383,0.055331,0.054640,0.056746,0.056385,0.054666,0.053128,0.054736,0.057617,0.055404,0.054066,0.054821,0.054989,0.056462,0.056965,0.057131,0.058558,0.059400,0.058279,0.054884,0.054697,0.057546,0.058156,0.054945,0.052976,0.053824,0.053148,0.054034,0.056346,0.056063,0.056538,0.056952,0.054639,0.052932,0.056581,0.056580,0.055232,0.057342,0.056068,0.055542,0.056526,0.055026,0.055244,0.054775,0.055889,0.055478,0.053515,0.054223,0.054504,0.056369,0.058451,0.058465,0.055888,0.054555,0.055336,0.055002,0.054699,0.052798,0.052837,0.053814,0.055562,0.052078,0.014069,-0.048594,-0.068190,-0.056835,-0.066198,-0.060226,-0.025537,-0.023238,-0.022491,-0.000640,0.004883,0.001074,-0.000473,-0.007919,-0.027678,-0.053368,-0.078855,-0.124173,0.000000,0.000000
0.000000,-0.166820,-0.067673,-0.094539,-0.074333,-0.081603,-0.081013,-0.080211,-0.074411,-0.066963,-0.079727,-0.087753,-0.067852,-0.071512,-0.084489,-0.049033,-0.035280,-0.063823,-0.045399,0.022814,0.053091,0.056425,0.055601,0.054596,0.058121,0.055910,0.054643,0.054801,0.056522,0.057818,0.056842,0.054486,0.055557,0.055546,0.053442,0.055236,0.055277,0.056413,0.057574,0.055389,0.055739,0.056721,0.055992,0.055889,0.053045,0.051219,0.052831,0.052613,0.054116,0.057067,0.056196,0.056098,0.055337,0.052695,0.052763,0.054185,0.054752,0.055287,0.055582,0.056458,0.055918,0.055314,0.053851,0.053623,0.055961,0.057225,0.058069,0.056214,0.053783,0.053600,0.055510,0.058577,0.059502,0.056619,0.054776,0.055887,0.054180,0.053313,0.052725,0.052205,0.055057,0.054891,0.047687,0.004744,-0.057497,-0.058438,-0.035009,-0.063309,-0.087274,-0.066989,-0.073701,-0.084901,-0.071006,-0.065608,-0.072447,-0.074258,-0.073139,-0.075644,-0.073420,-0.094132,-0.069521,-0.154289,0.000000
0.000000,0.000000,-0.120168,-0.083753,-0.068151,-0.048593,-0.030706,-0.023951,-0.019633,-0.014428,-0.022122,-0.038690,-0.031478,-0.040257,-0.069231,-0.060999,-0.056647,-0.067458,-0.032366,0.031266,0.056099,0.057342,0.056685,0.056647,0.056604,0.056491,0.055079,0.054941,0.055482,0.055568,0.055950,0.054004,0.054341,0.054568,0.053564,0.053991,0.052740,0.052630,0.054197,0.055025,0.055365,0.055950,0.056442,0.056093,0.054137,0.053647,0.055525,0.055581,0.055248,0.057287,0.056441,0.055122,0.055430,0.052886,0.052335,0.055943,0.056378,0.055340,0.055434,0.055814,0.056162,0.055947,0.053920,0.052476,0.054648,0.056576,0.056290,0.056121,0.052453,0.053856,0.056000,0.055553,0.057902,0.056548,0.056511,0.056769,0.054970,0.053285,0.054045,0.054160,0.055302,0.056284,0.049335,0.008928,-0.055258,-0.061800,-0.041621,-0.065344,-0.077573,-0.050986,-0.056218,-0.065818,-0.051997,-0.048048,-0.055373,-0.062336,-0.067344,-0.073732,-0.076046,-0.084221,-0.106094,0.000000,0.000000
0.000000,0.000000,-0.131339,-0.060764,-0.015384,0.023697,0.049622,0.052435,0.057253,0.066580,0.050570,0.028587,0.023111,-0.000344,-0.045414,-0.062128,-0.063583,-0.049897,-0.001278,0.045606,0.060204,0.056135,0.056048,0.058670,0.055804,0.055666,0.056672,0.055816,0.055210,0.055763,0.054794,0.054858,0.055079,0.054773,0.055984,0.055354,0.052922,0.051737,0.052631,0.055694,0.057201,0.057034,0.055915,0.057073,0.058388,0.058006,0.058013,0.056959,0.055870,0.057212,0.057727,0.055191,0.055048,0.056205,0.054599,0.057180,0.057901,0.054980,0.054287,0.053775,0.055318,0.056500,0.055032,0.053202,0.054176,0.057068,0.055586,0.055233,0.054430,0.054199,0.056078,0.053898,0.055198,0.056660,0.056861,0.057500,0.056914,0.055632,0.053916,0.056194,0.054238,0.055972,0.056566,0.022628,-0.039114,-0.068163,-0.062593,-0.062887,-0.042441,0.001502,0.011517,0.013381,0.032536,0.038644,0.033270,0.027474,0.012291,-0.019669,-0.051033,-0.072055,-0.139554,0.000000,0.000000
0.000000,0.000000,-0.124018,-0.030625,0.002762,0.034619,0.047549,0.041591,0.054250,0.065582,0.061974,0.049058,0.039310,0.020318,-0.012619,-0.025774,-0.022425,0.001808,0.037360,0.057497,0.059964,0.055472,0.056467,0.058757,0.054635,0.054857,0.056626,0.055460,0.055221,0.056447,0.055225,0.055470,0.055132,0.053597,0.054267,0.054468,0.053872,0.054180,0.052633,0.054017,0.057735,0.057461,0.055499,0.056847,0.059477,0.058384,0.056173,0.056193,0.055889,0.056903,0.057215,0.054411,0.055790,0.056758,0.055777,0.057207,0.055905,0.054275,0.052475,0.053847,0.055809,0.055679,0.054162,0.054305,0.056626,0.056937,0.056495,0.055952,0.056882,0.055949,0.055168,0.054164,0.053787,0.057144,0.056989,0.057154,0.057156,0.054990,0.054038,0.056352,0.053271,0.055580,0.061235,0.045639,0.002745,-0.036123,-0.046366,-0.039907,-0.011873,0.029246,0.045075,0.055189,0.068724,0.069455,0.063648,0.062499,0.058496,0.022941,-0.019776,-0.048595,-0.122883,0.000000,0.000000
0.000000,0.000000,-0.127257,-0.023518,-0.012687,0.032131,0.039361,0.038214,0.048495,0.055943,0.056986,0.050743,0.053647,0.047783,0.030718,0.029906,0.035434,0.049127,0.060616,0.058535,0.055109,0.056932,0.057227,0.055844,0.055267,0.056717,0.055443,0.055129,0.054807,0.054621,0.056925,0.057670,0.053367,0.052167,0.054477,0.054971,0.054926,0.055565,0.055211,0.054276,0.055450,0.056168,0.056215,0.058034,0.058287,0.056160,0.054605,0.055594,0.056717,0.057153,0.055112,0.053267,0.055739,0.056789,0.056695,0.057415,0.055763,0.054030,0.054006,0.055354,0.056384,0.055034,0.052960,0.052925,0.054809,0.057454,0.057568,0.055424,0.054352,0.055881,0.056306,0.054690,0.053885,0.056439,0.057958,0.056520,0.056238,0.054646,0.054891,0.056492,0.053606,0.054709,0.058229,0.059455,0.047638,0.023315,0.007313,0.006702,0.019829,0.041363,0.042885,0.049663,0.059814,0.048228,0.036514,0.034033,0.035521,0.004714,-0.035810,-0.040761,-0.126403,0.000000,0.000000
0.000000,0.000000,-0.105516,-0.040824,-0.030289,0.039894,0.060474,0.071641,0.064402,0.066483,0.054032,0.055113,0.066352,0.059213,0.052407,0.056107,0.056306,0.057197,0.060217,0.055313,0.054215,0.058377,0.056733,0.054893,0.058048,0.057606,0.055368,0.057294,0.054574,0.053664,0.055317,0.055738,0.054500,0.054536,0.054556,0.055990,0.056306,0.056071,0.056415,0.054849,0.054874,0.056321,0.057077,0.058301,0.055188,0.053605,0.054936,0.053878,0.053276,0.054882,0.053549,0.051301,0.053803,0.056975,0.057492,0.056529,0.056234,0.056012,0.056406,0.057942,0.056833,0.056219,0.055052,0.053117,0.054610,0.056839,0.057013,0.055636,0.052952,0.055545,0.056783,0.054405,0.054463,0.055263,0.057392,0.057701,0.053347,0.054901,0.055460,0.054423,0.056769,0.054573,0.052707,0.059032,0.061525,0.054749,0.049718,0.049978,0.051204,0.058764,0.058843,0.052843,0.065613,0.064987,0.057350,0.063665,0.046288,0.011839,-0.053578,-0.051538,-0.116673,0.000000,0.000000
0.000000,0.000000,-0.104316,-0.068038,-0.067551,0.010893,0.037313,0.061362,0.043485,0.051074,0.044322,0.055165,0.055309,0.052015,0.051760,0.058386,0.054820,0.053138,0.057506,0.056726,0.056984,0.058471,0.055806,0.054592,0.057915,0.057528,0.055717,0.057373,0.055540,0.054203,0.053042,0.054953,0.055942,0.055305,0.054108,0.053852,0.054915,0.055420,0.055196,0.055353,0.055539,0.054489,0.055154,0.055721,0.053846,0.053743,0.054535,0.054127,0.053077,0.052331,0.051526,0.051304,0.054301,0.056885,0.056585,0.056632,0.056761,0.056753,0.056660,0.057610,0.056587,0.056475,0.057235,0.056134,0.055652,0.055468,0.057298,0.057129,0.054971,0.056955,0.059324,0.057105,0.055318,0.056217,0.056400,0.057957,0.053593,0.054842,0.055519,0.050964,0.057441,0.057927,0.050949,0.054589,0.055653,0.050826,0.055586,0.058107,0.053042,0.055930,0.055863,0.049376,0.047997,0.054445,0.050524,0.069667,0.032490,-0.009786,-0.089430,-0.069888,-0.113673,0.000000,0.000000
0.000000,0.000000,-0.100025,-0.072343,-0.085269,-0.012068,0.034078,0.059382,0.043715,0.062799,0.056641,0.062069,0.055337,0.052416,0.053853,0.060498,0.055558,0.053449,0.057996,0.056977,0.054005,0.052424,0.055225,0.055650,0.055348,0.056557,0.055785,0.056097,0.055866,0.055330,0.054854,0.055810,0.055012,0.054501,0.055094,0.054102,0.053019,0.053928,0.055057,0.056366,0.054408,0.054537,0.055494,0.054110,0.054737,0.056110,0.056630,0.055663,0.053747,0.053179,0.053121,0.054081,0.056285,0.057418,0.055549,0.055709,0.056893,0.056735,0.056137,0.054809,0.054194,0.055882,0.057306,0.056301,0.054349,0.055022,0.056661,0.056933,0.055599,0.057023,0.060466,0.058283,0.054867,0.056553,0.055207,0.054651,0.055574,0.056780,0.054284,0.052384,0.055486,0.057245,0.054769,0.054058,0.053977,0.049003,0.054781,0.057327,0.051227,0.057932,0.061191,0.057082,0.050315,0.050815,0.035989,0.058804,0.025434,-0.027982,-0.099612,-0.071134,-0.111084,0.000000,0.000000
0.000000,0.000000,-0.109983,-0.060763,-0.093293,-0.029873,0.038187,0.069166,0.050895,0.072630,0.053981,0.055511,0.048427,0.051916,0.050328,0.054567,0.052322,0.052912,0.056038,0.057325,0.054733,0.050708,0.056928,0.058219,0.055848,0.057736,0.057860,0.055946,0.056889,0.057091,0.055028,0.054859,0.054012,0.053200,0.054198,0.056101,0.055233,0.054620,0.054795,0.055631,0.055033,0.055780,0.057489,0.057275,0.056256,0.057598,0.058770,0.055177,0.052488,0.053903,0.054389,0.054026,0.057133,0.057930,0.055217,0.055986,0.057345,0.057293,0.054716,0.053129,0.055219,0.054773,0.055765,0.057144,0.054191,0.054161,0.055872,0.056656,0.055366,0.056067,0.057975,0.056028,0.056006,0.057296,0.054441,0.053205,0.054969,0.056587,0.054415,0.056148,0.056661,0.052524,0.057298,0.055821,0.052578,0.051593,0.055829,0.056162,0.050205,0.057364,0.058749,0.061495,0.061564,0.071316,0.046409,0.074562,0.034667,-0.021980,-0.087649,-0.060083,-0.119292,0.000000,0.000000
0.000000,0.000000,-0.132686,-0.070079,-0.085207,-0.033045,0.037442,0.060328,0.044591,0.063839,0.041680,0.053464,0.051979,0.058235,0.054150,0.056123,0.054710,0.056220,0.057801,0.056142,0.057272,0.054813,0.056479,0.055760,0.055742,0.058447,0.057989,0.055467,0.055329,0.054261,0.053774,0.055365,0.053353,0.053840,0.054650,0.056602,0.056988,0.054915,0.054811,0.054673,0.055397,0.054820,0.054632,0.057121,0.056825,0.056946,0.057029,0.054531,0.053839,0.053702,0.053269,0.054532,0.055540,0.056386,0.055563,0.056308,0.057093,0.054767,0.052846,0.054060,0.056043,0.055447,0.055903,0.057482,0.055019,0.054131,0.055988,0.056555,0.053753,0.054242,0.056293,0.054804,0.055278,0.058165,0.056196,0.054046,0.055024,0.056990,0.056220,0.056788,0.058190,0.052623,0.056289,0.057339,0.055337,0.054414,0.056566,0.055497,0.052990,0.055468,0.047303,0.046282,0.046116,0.063967,0.043257,0.064801,0.024764,-0.028673,-0.077527,-0.072240,-0.145385,0.000000,0.000000
0.000000,0.000000,0.000000,-0.092148,-0.072020,-0.036425,0.046454,0.047782,0.050336,0.059392,0.047778,0.064626,0.061905,0.058282,0.057146,0.057016,0.059358,0.056926,0.059849,0.053902,0.058139,0.055944,0.056242,0.054773,0.055589,0.054494,0.054942,0.055419,0.052520,0.052316,0.055044,0.055856,0.056074,0.057117,0.056410,0.056907,0.055069,0.054542,0.055902,0.054185,0.053025,0.053556,0.053760,0.053719,0.054255,0.055187,0.056554,0.056125,0.054982,0.054522,0.054531,0.055582,0.055317,0.055552,0.055516,0.055093,0.055352,0.054583,0.054302,0.055286,0.056779,0.058891,0.058667,0.057172,0.055798,0.053782,0.054861,0.056661,0.054135,0.054661,0.054784,0.054065,0.054690,0.056215,0.055653,0.054277,0.055287,0.055927,0.058015,0.055136,0.054430,0.054100,0.056347,0.052868,0.057744,0.053178,0.055969,0.054811,0.060161,0.058419,0.059307,0.053413,0.046271,0.054830,0.052119,0.050277,0.021982,-0.049147,-0.067851,-0.098119,0.000000,0.000000,0.000000
0.000000,0.000000,0.000000,-0.117205,-0.064679,-0.045970,0.047798,0.050010,0.056322,0.054210,0.055494,0.065841,0.051513,0.054037,0.053310,0.058148,0.059369,0.055803,0.059631,0.056641,0.059997,0.055643,0.056306,0.056171,0.055241,0.053879,0.054323,0.054121,0.053628,0.053883,0.054935,0.056916,0.057147,0.056792,0.057324,0.055512,0.052298,0.053653,0.055915,0.055501,0.052815,0.053427,0.054678,0.052711,0.053528,0.054672,0.055054,0.056368,0.054352,0.054989,0.056289,0.055043,0.056834,0.056063,0.054426,0.055506,0.054858,0.055716,0.055409,0.054770,0.056575,0.058350,0.058260,0.056800,0.054386,0.053034,0.055283,0.056892,0.056222,0.056694,0.055113,0.055501,0.056311,0.054969,0.053809,0.054274,0.055663,0.055732,0.057721,0.054163,0.052738,0.055405,0.057868,0.052656,0.059798,0.057184,0.057419,0.055383,0.052534,0.051536,0.055434,0.063417,0.052673,0.054203,0.060628,0.042256,0.004347,-0.075908,-0.063802,-0.123596,0.000000,0.000000,0.000000
0.000000,0.000000,0.000000,-0.125457,-0.057561,-0.062970,0.027265,0.051398,0.057671,0.051460,0.060665,0.057229,0.045200,0.059235,0.058598,0.061236,0.055558,0.054188,0.060080,0.054981,0.056239,0.054814,0.056591,0.054915,0.054480,0.055346,0.054252,0.053766,0.055801,0.053491,0.053340,0.053508,0.053426,0.055524,0.056424,0.055049,0.053914,0.055270,0.056280,0.054875,0.054628,0.055974,0.053346,0.053039,0.054851,0.054085,0.054680,0.055885,0.055479,0.055688,0.056976,0.057647,0.057406,0.056155,0.055451,0.054706,0.054371,0.055158,0.054513,0.055294,0.055092,0.055169,0.056992,0.056927,0.054996,0.054263,0.055586,0.057478,0.056644,0.057177,0.057772,0.055327,0.054674,0.055993,0.055552,0.053523,0.056031,0.057736,0.057199,0.053620,0.054224,0.053403,0.055799,0.053291,0.058237,0.057525,0.058250,0.061680,0.057005,0.056842,0.046980,0.058153,0.056161,0.052559,0.060432,0.027858,-0.031736,-0.094606,-0.058495,-0.122063,0.000000,0.000000,0.000000
0.000000,0.000000,0.000000,-0.113647,-0.053018,-0.084173,-0.005761,0.041832,0.060283,0.055646,0.061021,0.045457,0.051991,0.071951,0.052470,0.053223,0.054940,0.054628,0.059066,0.054912,0.056164,0.053590,0.055561,0.054626,0.054820,0.055048,0.055600,0.055640,0.056102,0.054860,0.054307,0.052259,0.053963,0.056923,0.056921,0.056848,0.055962,0.057153,0.057628,0.054209,0.055053,0.057613,0.054472,0.053985,0.054603,0.055483,0.056893,0.057530,0.056752,0.055273,0.055931,0.058177,0.057871,0.055774,0.056032,0.054653,0.053511,0.055064,0.054424,0.054158,0.055222,0.055773,0.055651,0.055892,0.055418,0.055582,0.054453,0.054283,0.055489,0.056937,0.057897,0.055263,0.054568,0.056599,0.056405,0.055328,0.056638,0.056995,0.057922,0.056753,0.056708,0.054741,0.056974,0.054005,0.056610,0.055105,0.053837,0.057190,0.056700,0.066269,0.049287,0.054320,0.062235,0.056504,0.061481,0.018680,-0.044627,-0.108545,-0.053066,-0.109131,0.000000,0.000000,0.000000
0.000000,0.000000,0.000000,-0.137742,-0.061999,-0.088767,-0.029262,0.024440,0.056565,0.054238,0.058474,0.047102,0.056702,0.073229,0.040770,0.053011,0.059147,0.054258,0.057708,0.055804,0.056677,0.051564,0.055298,0.056338,0.055216,0.054305,0.056753,0.055503,0.055587,0.055880,0.055774,0.056130,0.057430,0.057053,0.056613,0.056449,0.056996,0.057375,0.056340,0.055929,0.055814,0.057933,0.057016,0.054268,0.055682,0.057149,0.055655,0.055467,0.055260,0.054146,0.054981,0.056766,0.057082,0.055134,0.054475,0.055828,0.054159,0.053236,0.054948,0.054755,0.055447,0.057504,0.056272,0.055983,0.057813,0.056817,0.053622,0.052688,0.053496,0.055030,0.056278,0.055057,0.055090,0.054704,0.055808,0.056706,0.055376,0.053654,0.056239,0.056424,0.058328,0.055196,0.056685,0.056032,0.058785,0.056626,0.058175,0.055643,0.043549,0.065511,0.054393,0.054353,0.060285,0.050636,0.056616,0.014919,-0.039643,-0.100561,-0.068202,-0.146677,0.000000,0.000000,0.000000
0.000000,0.000000,0.000000,0.000000,-0.105283,-0.076714,-0.064469,-0.004641,0.045202,0.053025,0.049956,0.056709,0.062328,0.063706,0.039447,0.063564,0.057464,0.052558,0.056141,0.054559,0.056352,0.051506,0.053436,0.055712,0.057751,0.054545,0.056571,0.057346,0.056549,0.056550,0.058307,0.057323,0.056222,0.056782,0.055230,0.054534,0.057216,0.057038,0.055657,0.054896,0.054844,0.057957,0.056208,0.054289,0.056217,0.055767,0.053526,0.053505,0.054184,0.053800,0.054351,0.056644,0.056324,0.054203,0.054478,0.056053,0.054631,0.052575,0.054223,0.054891,0.054817,0.056211,0.056103,0.057705,0.059013,0.057612,0.055165,0.053915,0.052674,0.053018,0.054671,0.054449,0.055402,0.056288,0.057187,0.057128,0.055133,0.052588,0.056329,0.055947,0.056425,0.055212,0.057224,0.052844,0.052129,0.055259,0.057342,0.062714,0.042430,0.061964,0.054188,0.057946,0.055830,0.052693,0.061116,0.012578,-0.057257,-0.074093,-0.098429,0.000000,0.000000,0.000000,0.000000
0.000000,0.000000,0.000000,0.000000,-0.122380,-0.062377,-0.081351,-0.045246,0.006862,0.016039,0.007296,0.039266,0.060226,0.056147,0.048947,0.068567,0.050588,0.051180,0.058067,0.054763,0.057395,0.053046,0.051340,0.051119,0.056038,0.054580,0.056824,0.058181,0.057627,0.056971,0.058171,0.057420,0.056676,0.056364,0.056172,0.055507,0.055638,0.056631,0.056551,0.055167,0.054712,0.056551,0.056363,0.054607,0.056362,0.056933,0.054354,0.053511,0.053983,0.056122,0.056941,0.057566,0.056219,0.052884,0.053555,0.054472,0.053658,0.054432,0.054398,0.054035,0.055230,0.055505,0.056120,0.057553,0.056546,0.055785,0.055793,0.055910,0.055440,0.052993,0.053115,0.055126,0.055273,0.055885,0.057539,0.055943,0.054958,0.051325,0.054383,0.054998,0.055470,0.057266,0.059473,0.053757,0.054811,0.054066,0.050292,0.066796,0.050824,0.054202,0.055803,0.062156,0.052673,0.052096,0.060791,-0.000022,-0.072071,-0.053839,-0.107069,0.000000,0.000000,0.000000,0.000000
0.000000,0.000000,0.000000,0.000000,-0.147293,-0.066117,-0.084223,-0.073718,-0.056329,-0.060930,-0.043693,-0.010414,0.031569,0.055480,0.055132,0.066062,0.044222,0.056514,0.060467,0.053064,0.052971,0.055858,0.056883,0.052376,0.054843,0.054877,0.058442,0.058002,0.058460,0.057413,0.056076,0.055767,0.057892,0.056888,0.056214,0.056550,0.056408,0.055867,0.054812,0.056563,0.056517,0.055812,0.056745,0.055458,0.055598,0.057228,0.054941,0.053077,0.054730,0.057293,0.058907,0.058545,0.055080,0.053280,0.054343,0.054375,0.053791,0.054967,0.055533,0.055926,0.056069,0.056032,0.056406,0.054200,0.055014,0.055568,0.055018,0.056535,0.055209,0.055712,0.054752,0.053999,0.056147,0.054593,0.056756,0.056158,0.054781,0.054960,0.056583,0.054913,0.058213,0.057502,0.055961,0.055334,0.059138,0.057275,0.045742,0.066449,0.052196,0.052999,0.060487,0.058005,0.051224,0.021082,0.005461,-0.032802,-0.085730,-0.060292,-0.148933,0.000000,0.000000,0.000000,0.000000
0.000000,0.000000,0.000000,0.000000,0.000000,-0.074183,-0.064457,-0.087376,-0.087864,-0.092313,-0.080329,-0.061692,0.004161,0.052040,0.055801,0.061251,0.048186,0.064037,0.058407,0.057323,0.055742,0.053910,0.057240,0.051622,0.052262,0.052984,0.056181,0.057533,0.057901,0.055174,0.054355,0.052539,0.054521,0.056475,0.057306,0.056646,0.055745,0.055041,0.055527,0.056945,0.055642,0.056709,0.056524,0.054512,0.054428,0.055107,0.055431,0.054196,0.054849,0.056790,0.056590,0.057980,0.057978,0.055489,0.055893,0.056765,0.055037,0.054711,0.055893,0.055732,0.055309,0.056390,0.057013,0.054789,0.054650,0.056800,0.057174,0.054655,0.053739,0.056149,0.057155,0.056268,0.056869,0.055315,0.054709,0.055232,0.055666,0.055639,0.056245,0.053143,0.057888,0.056876,0.056880,0.055615,0.054210,0.059739,0.047595,0.059671,0.052317,0.058345,0.055441,0.024682,0.023176,-0.024610,-0.050787,-0.070843,-0.072082,-0.066783,0.000000,0.000000,0.000000,0.000000,0.000000
0.000000,0.000000,0.000000,0.000000,0.000000,-0.149201,-0.065837,-0.087154,-0.073619,-0.087330,-0.094951,-0.070177,-0.007582,0.046210,0.055805,0.052317,0.057388,0.058151,0.046588,0.061583,0.060356,0.054079,0.058887,0.056057,0.053655,0.053514,0.055322,0.056775,0.059680,0.056808,0.054857,0.051971,0.054054,0.057070,0.056422,0.056364,0.056380,0.055585,0.055838,0.055958,0.055703,0.054940,0.055239,0.054541,0.055439,0.055934,0.056138,0.056923,0.054760,0.055555,0.055704,0.055627,0.056803,0.057215,0.056148,0.056646,0.056565,0.055593,0.054652,0.052614,0.053630,0.054404,0.054705,0.054913,0.054427,0.056332,0.057379,0.055757,0.055468,0.056222,0.057648,0.057148,0.057434,0.056450,0.056224,0.054789,0.056228,0.055593,0.055239,0.053900,0.055577,0.055122,0.059531,0.056396,0.048452,0.058157,0.052565,0.054373,0.058391,0.059336,0.032808,-0.014889,-0.046055,-0.071095,-0.072057,-0.090525,-0.067033,-0.170811,0.000000,0.000000,0.000000,0.000000,0.000000
0.000000,0.000000,0.000000,0.000000,0.000000,0.000000,-0.102352,-0.049401,-0.078404,-0.084375,-0.081068,-0.066057,-0.010770,0.049269,0.059516,0.048833,0.064283,0.059777,0.044611,0.058004,0.057149,0.055702,0.056541,0.058785,0.057291,0.053197,0.053948,0.053264,0.057695,0.058832,0.055605,0.052892,0.055804,0.056283,0.055087,0.054372,0.055437,0.054826,0.055434,0.057752,0.057527,0.055087,0.055811,0.057797,0.055582,0.054995,0.056393,0.058254,0.057666,0.055658,0.055979,0.054408,0.053346,0.055750,0.055554,0.055390,0.057858,0.057756,0.054626,0.053479,0.053408,0.053890,0.054013,0.053378,0.054479,0.054446,0.055507,0.056050,0.055497,0.055957,0.054020,0.053510,0.057549,0.055004,0.053736,0.053574,0.055345,0.056999,0.056202,0.054034,0.054990,0.053459,0.057860,0.059468,0.051947,0.062499,0.057284,0.053035,0.062007,0.053587,0.006768,-0.050490,-0.078982,-0.089661,-0.087849,-0.062275,-0.090314,0.000000,0.000000,0.000000,0.000000,0.000000,0.000000
0.000000,0.000000,0.000000,0.000000,0.000000,0.000000,-0.168170,-0.055069,-0.083453,-0.082081,-0.087539,-0.060259,0.007882,0.055140,0.057927,0.050194,0.053190,0.062376,0.055037,0.056647,0.053477,0.059907,0.055572,0.057034,0.057769,0.053689,0.053544,0.053585,0.055394,0.055313,0.054890,0.055151,0.056547,0.055357,0.056822,0.054341,0.053151,0.054370,0.056508,0.059293,0.057661,0.055966,0.056806,0.057167,0.056462,0.054293,0.054795,0.056484,0.057941,0.058277,0.055884,0.054236,0.052676,0.052287,0.052808,0.054457,0.057455,0.057521,0.053681,0.054150,0.054307,0.054246,0.055605,0.055497,0.054839,0.053833,0.055388,0.056648,0.057769,0.055247,0.054034,0.055254,0.056316,0.054039,0.054399,0.055440,0.058076,0.056469,0.054886,0.052382,0.054727,0.057342,0.053009,0.059129,0.055719,0.061530,0.050123,0.052162,0.057552,0.048434,-0.001089,-0.078082,-0.087869,-0.076618,-0.087818,-0.061956,-0.152133,0.000000,0.000000,0.000000,0.000000,0.000000,0.000000
0.000000,0.000000,0.000000,0.000000,0.000000,0.000000,0.000000,-0.104850,-0.054971,-0.095859,-0.071318,-0.017655,0.046674,0.058912,0.067876,0.053214,0.045969,0.055089,0.057599,0.054814,0.050084,0.060698,0.056282,0.055659,0.056238,0.055075,0.053692,0.052533,0.054679,0.053857,0.053279,0.054441,0.055876,0.056927,0.055830,0.053702,0.055006,0.053848,0.055795,0.057463,0.056928,0.055651,0.055133,0.056591,0.058117,0.053766,0.051870,0.055379,0.057563,0.059736,0.056778,0.053872,0.052370,0.051797,0.053923,0.056631,0.056941,0.056050,0.053645,0.054055,0.057672,0.056074,0.055964,0.057461,0.056967,0.055004,0.054074,0.057582,0.059551,0.056833,0.056277,0.055188,0.054438,0.053868,0.056002,0.054864,0.056256,0.056503,0.054114,0.053773,0.056317,0.059710,0.049554,0.056813,0.060152,0.057405,0.048578,0.057072,0.063538,0.045292,0.009985,-0.065010,-0.092553,-0.081521,-0.057398,-0.094811,0.000000,0.000000,0.000000,0.000000,0.000000,0.000000,0.000000
0.000000,0.000000,0.000000,0.000000,0.000000,0.000000,0.000000,-0.165069,-0.058156,-0.087463,-0.034977,0.016345,0.053035,0.047794,0.062693,0.062132,0.053767,0.049240,0.060304,0.057457,0.051371,0.055809,0.052881,0.054406,0.055246,0.056330,0.055916,0.053553,0.053668,0.056383,0.056501,0.054507,0.058071,0.057813,0.056942,0.055070,0.055840,0.053969,0.055230,0.057635,0.054933,0.053014,0.052909,0.055468,0.055112,0.052212,0.052545,0.055142,0.058048,0.058317,0.056100,0.054378,0.054876,0.055163,0.054578,0.056850,0.056420,0.054295,0.052672,0.054169,0.057023,0.057663,0.057113,0.056842,0.057275,0.053863,0.053308,0.057644,0.059779,0.057947,0.056957,0.053905,0.055891,0.055497,0.054219,0.054502,0.056929,0.056901,0.056816,0.057842,0.057372,0.056865,0.049037,0.060049,0.062189,0.051404,0.057350,0.056487,0.054271,0.049746,0.017076,-0.045912,-0.078812,-0.089935,-0.063272,-0.154727,0.000000,0.000000,0.000000,0.000000,0.000000,0.000000,0.000000
0.000000,0.000000,0.000000,0.000000,0.000000,0.000000,0.000000,0.000000,-0.082848,-0.053248,-0.048421,0.028926,0.056981,0.047298,0.041900,0.062447,0.058966,0.051903,0.055784,0.061171,0.055442,0.055932,0.055006,0.058867,0.051976,0.053175,0.058499,0.058455,0.053970,0.053182,0.056772,0.055762,0.056906,0.057103,0.057130,0.057046,0.055966,0.053726,0.055846,0.057728,0.054919,0.053361,0.054126,0.053943,0.055627,0.056457,0.055906,0.057526,0.057892,0.054800,0.053332,0.054595,0.055332,0.055901,0.055549,0.055843,0.056184,0.055204,0.053491,0.054583,0.055573,0.056085,0.056174,0.055012,0.054999,0.052445,0.052994,0.054668,0.056329,0.056304,0.055547,0.052406,0.054067,0.055124,0.053305,0.055404,0.056822,0.054315,0.055519,0.059338,0.054193,0.056402,0.055049,0.059930,0.052333,0.050612,0.064277,0.051820,0.049030,0.070991,0.036203,-0.037988,-0.088594,-0.059471,-0.094184,0.000000,0.000000,0.000000,0.000000,0.000000,0.000000,0.000000,0.000000
0.000000,0.000000,0.000000,0.000000,0.000000,0.000000,0.000000,0.000000,-0.177207,-0.065724,-0.049567,0.036251,0.061632,0.066718,0.053127,0.066222,0.062400,0.059647,0.048965,0.052989,0.057758,0.056095,0.052051,0.061051,0.056609,0.053869,0.057373,0.060529,0.058479,0.052939,0.054496,0.055739,0.056114,0.057623,0.056491,0.056337,0.057752,0.055172,0.056677,0.056865,0.055910,0.056260,0.055903,0.056308,0.058753,0.057490,0.055690,0.058451,0.058628,0.054337,0.051409,0.052937,0.054237,0.055502,0.056523,0.056341,0.052940,0.051505,0.053049,0.054143,0.055066,0.055805,0.056476,0.056236,0.057917,0.056005,0.053225,0.052873,0.056326,0.058212,0.057482,0.054367,0.054801,0.054611,0.056044,0.055805,0.054182,0.054121,0.055642,0.058598,0.052502,0.056897,0.055923,0.053445,0.050855,0.058993,0.064120,0.053079,0.049557,0.060110,0.023513,-0.034053,-0.081441,-0.065241,-0.152992,0.000000,0.000000,0.000000,0.000000,0.000000,0.000000,0.000000,0.000000
0.000000,0.000000,0.000000,0.000000,0.000000,0.000000,0.000000,0.000000,0.000000,-0.071262,-0.067863,-0.018218,0.039221,0.031099,0.032377,0.029608,0.043399,0.059121,0.062190,0.048858,0.055702,0.059840,0.053827,0.057305,0.060778,0.059301,0.054038,0.056933,0.056081,0.053539,0.051262,0.050549,0.054489,0.055485,0.054238,0.054202,0.057436,0.054879,0.054608,0.055864,0.054087,0.053967,0.055290,0.057510,0.058421,0.057564,0.057074,0.054633,0.053950,0.055262,0.053378,0.053372,0.054930,0.054909,0.055454,0.057043,0.055691,0.054364,0.054621,0.053184,0.053305,0.054635,0.055681,0.056468,0.056668,0.053440,0.052478,0.052929,0.057328,0.058615,0.057035,0.053637,0.052368,0.055673,0.056921,0.053439,0.053418,0.060316,0.058180,0.056756,0.056083,0.059047,0.053469,0.051536,0.060645,0.057646,0.041819,0.009861,-0.003815,-0.009592,-0.025234,-0.075864,-0.077070,-0.078779,0.000000,0.000000,0.000000,0.000000,0.000000,0.000000,0.000000,0.000000,0.000000
0.000000,0.000000,0.000000,0.000000,0.000000,0.000000,0.000000,0.000000,0.000000,-0.168802,-0.040987,-0.069139,-0.029296,-0.022965,-0.034033,-0.034623,0.010433,0.050627,0.064318,0.060837,0.051520,0.055574,0.057630,0.054228,0.051324,0.057849,0.054719,0.052931,0.055096,0.054270,0.053212,0.052367,0.054650,0.056741,0.057212,0.056614,0.058968,0.054949,0.053200,0.054971,0.054055,0.054295,0.054602,0.054953,0.056591,0.057373,0.055586,0.052701,0.054194,0.056745,0.056155,0.056349,0.055522,0.055072,0.057000,0.058050,0.058151,0.058636,0.056527,0.054185,0.053365,0.053636,0.054425,0.056247,0.054230,0.051845,0.055672,0.056194,0.057741,0.057260,0.058499,0.055515,0.054441,0.058536,0.055994,0.051962,0.056539,0.055685,0.049004,0.057365,0.058658,0.056494,0.051629,0.060647,0.063924,0.050754,0.011951,-0.047640,-0.065412,-0.062682,-0.065919,-0.081216,-0.047281,-0.148791,0.000000,0.000000,0.000000,0.000000,0.000000,0.000000,0.000000,0.000000,0.000000
0.000000,0.000000,0.000000,0.000000,0.000000,0.000000,0.000000,0.000000,0.000000,0.000000,-0.148823,-0.068272,-0.065155,-0.066536,-0.073977,-0.072078,-0.016574,0.035102,0.051840,0.063456,0.062114,0.053729,0.054464,0.061262,0.052605,0.054165,0.058167,0.056847,0.054224,0.053085,0.053254,0.055425,0.055280,0.057319,0.057619,0.055282,0.057171,0.053929,0.051896,0.052089,0.053386,0.054283,0.055160,0.056272,0.055945,0.053439,0.052269,0.055265,0.057545,0.057059,0.055500,0.054053,0.055454,0.057807,0.059005,0.059745,0.056429,0.053877,0.055644,0.056642,0.055398,0.055737,0.056223,0.055381,0.054030,0.053285,0.055349,0.053319,0.054365,0.054116,0.056611,0.056866,0.057238,0.056321,0.053384,0.060262,0.058093,0.050681,0.053372,0.063146,0.052115,0.052708,0.060822,0.063747,0.053873,0.048899,0.011306,-0.065960,-0.087854,-0.083383,-0.079580,-0.065848,-0.145233,0.000000,0.000000,0.000000,0.000000,0.000000,0.000000,0.000000,0.000000,0.000000,0.000000
0.000000,0.000000,0.000000,0.000000,0.000000,0.000000,0.000000,0.000000,0.000000,0.000000,0.000000,-0.081268,-0.080853,-0.076221,-0.089982,-0.086052,-0.047710,0.012198,0.038776,0.032877,0.043158,0.051084,0.051675,0.054400,0.057580,0.051895,0.052609,0.055775,0.051576,0.054658,0.055880,0.055159,0.056921,0.059371,0.057101,0.054081,0.056110,0.054328,0.056194,0.056368,0.055054,0.054757,0.055817,0.057981,0.056807,0.055549,0.055877,0.054366,0.052253,0.054273,0.055389,0.054556,0.056838,0.057113,0.053374,0.055413,0.057754,0.057055,0.056517,0.055710,0.056386,0.058130,0.058656,0.058416,0.057419,0.055497,0.055768,0.054878,0.057258,0.057868,0.058009,0.056484,0.055764,0.052654,0.053607,0.055290,0.048116,0.054626,0.060653,0.045156,0.029715,0.032138,0.042634,0.043295,0.061093,0.062762,0.009432,-0.059417,-0.095379,-0.082722,-0.074664,-0.088576,0.000000,0.000000,0.000000,0.000000,0.000000,0.000000,0.000000,0.000000,0.000000,0.000000,0.000000
0.000000,0.000000,0.000000,0.000000,0.000000,0.000000,0.000000,0.000000,0.000000,0.000000,0.000000,-0.160703,-0.046122,-0.073451,-0.077689,-0.092235,-0.076345,-0.039260,-0.011386,-0.009491,-0.012202,0.015721,0.047528,0.053879,0.055080,0.059959,0.056571,0.057295,0.055598,0.058061,0.056380,0.052213,0.053680,0.057559,0.054538,0.050882,0.052301,0.051032,0.055915,0.056950,0.056176,0.056619,0.053733,0.053263,0.056130,0.059337,0.057051,0.052865,0.054020,0.056611,0.056435,0.056377,0.057319,0.058186,0.057657,0.055515,0.055201,0.057292,0.053820,0.051382,0.055051,0.055571,0.057411,0.058947,0.057441,0.053555,0.053734,0.056041,0.055192,0.052063,0.054688,0.054718,0.057234,0.060653,0.057330,0.053353,0.054144,0.062609,0.050355,0.027204,-0.008227,-0.026641,-0.014846,0.012615,0.048637,0.050355,-0.004782,-0.072610,-0.078761,-0.078947,-0.043134,-0.164742,0.000000,0.000000,0.000000,0.000000,0.000000,0.000000,0.000000,0.000000,0.000000,0.000000,0.000000
0.000000,0.000000,0.000000,0.000000,0.000000,0.000000,0.000000,0.000000,0.000000,0.000000,0.000000,0.000000,-0.148537,-0.059881,-0.080192,-0.079895,-0.089197,-0.082904,-0.065743,-0.058890,-0.050458,-0.029246,0.025974,0.055429,0.049647,0.053076,0.057874,0.056798,0.051596,0.049380,0.051034,0.055774,0.059577,0.058192,0.054162,0.054141,0.053313,0.053937,0.057844,0.057234,0.059542,0.062187,0.058480,0.055834,0.056510,0.054145,0.050587,0.052631,0.057788,0.056530,0.049895,0.045091,0.045655,0.051523,0.058155,0.058340,0.051264,0.052445,0.055303,0.054099,0.056996,0.057940,0.059547,0.058347,0.057027,0.055555,0.054704,0.058691,0.054896,0.052208,0.059527,0.057295,0.052385,0.051999,0.051075,0.054419,0.058318,0.052934,0.038774,0.005363,-0.050862,-0.077605,-0.058828,-0.039168,-0.015616,-0.007723,-0.042154,-0.075877,-0.093442,-0.055096,-0.144189,0.000000,0.000000,0.000000,0.000000,0.000000,0.000000,0.000000,0.000000,0.000000,0.000000,0.000000,0.000000
0.000000,0.000000,0.000000,0.000000,0.000000,0.000000,0.000000,0.000000,0.000000,0.000000,0.000000,0.000000,0.000000,-0.135916,-0.061483,-0.076361,-0.079757,-0.088005,-0.090133,-0.091319,-0.079021,-0.041264,0.005640,0.051910,0.061422,0.051471,0.054624,0.059329,0.058469,0.057135,0.057226,0.060149,0.058236,0.055195,0.054649,0.056121,0.052052,0.052406,0.057546,0.053514,0.053927,0.054271,0.053992,0.055894,0.058136,0.056564,0.053582,0.056562,0.051705,0.030972,0.007151,-0.004642,-0.003341,0.012987,0.038003,0.055974,0.057152,0.056934,0.058947,0.055798,0.054879,0.051697,0.053912,0.053927,0.053543,0.053047,0.051598,0.053569,0.050965,0.053657,0.061382,0.060627,0.057031,0.053871,0.056554,0.063454,0.056288,0.052333,0.042607,-0.005864,-0.063985,-0.083902,-0.084639,-0.079675,-0.072214,-0.064743,-0.069164,-0.087999,-0.065327,-0.135365,0.000000,0.000000,0.000000,0.000000,0.000000,0.000000,0.000000,0.000000,0.000000,0.000000,0.000000,0.000000,0.000000
0.000000,0.000000,0.000000,0.000000,0.000000,0.000000,0.000000,0.000000,0.000000,0.000000,0.000000,0.000000,0.000000,0.000000,-0.128605,-0.058510,-0.075113,-0.079251,-0.089518,-0.095173,-0.085330,-0.039485,0.018767,0.047731,0.063615,0.062964,0.055853,0.054433,0.058378,0.057376,0.054766,0.052088,0.047694,0.055099,0.061158,0.057979,0.053664,0.055917,0.058181,0.057281,0.057721,0.053790,0.054065,0.056588,0.058558,0.060168,0.059268,0.056699,0.029760,-0.018625,-0.051982,-0.061572,-0.062954,-0.049450,-0.006085,0.041222,0.060882,0.059571,0.057502,0.054739,0.054102,0.055256,0.058415,0.060074,0.055719,0.054683,0.052813,0.057299,0.062887,0.059551,0.049710,0.047685,0.055499,0.059151,0.062829,0.054560,0.049949,0.067097,0.046480,-0.008219,-0.052137,-0.084244,-0.084245,-0.090227,-0.087710,-0.078341,-0.083265,-0.061184,-0.127073,0.000000,0.000000,0.000000,0.000000,0.000000,0.000000,0.000000,0.000000,0.000000,0.000000,0.000000,0.000000,0.000000,0.000000
0.000000,0.000000,0.000000,0.000000,0.000000,0.000000,0.000000,0.000000,0.000000,0.000000,0.000000,0.000000,0.000000,0.000000,0.000000,-0.135471,-0.059285,-0.071595,-0.079573,-0.090432,-0.086878,-0.047177,0.012885,0.040687,0.042759,0.048922,0.060470,0.058012,0.052021,0.056970,0.060431,0.060541,0.059767,0.065923,0.063055,0.056187,0.056311,0.057210,0.054556,0.056046,0.056687,0.052545,0.054534,0.055426,0.055691,0.054236,0.057555,0.050744,0.005042,-0.048682,-0.062879,-0.052496,-0.057334,-0.067368,-0.043069,0.015486,0.053370,0.054325,0.054765,0.054026,0.054838,0.054029,0.055855,0.055053,0.049196,0.053527,0.054601,0.055278,0.060742,0.063087,0.058739,0.062573,0.063947,0.058865,0.055374,0.053438,0.056955,0.058823,0.038714,-0.011248,-0.061226,-0.085950,-0.091386,-0.080642,-0.073928,-0.069613,-0.060099,-0.131787,0.000000,0.000000,0.000000,0.000000,0.000000,0.000000,0.000000,0.000000,0.000000,0.000000,0.000000,0.000000,0.000000,0.000000,0.000000
0.000000,0.000000,0.000000,0.000000,0.000000,0.000000,0.000000,0.000000,0.000000,0.000000,0.000000,0.000000,0.000000,0.000000,0.000000,0.000000,-0.136593,-0.066288,-0.078981,-0.081193,-0.089756,-0.068557,-0.023350,-0.002518,-0.006718,0.013565,0.051149,0.063573,0.057813,0.050988,0.051968,0.056275,0.054986,0.051373,0.045146,0.047793,0.054692,0.057737,0.055214,0.056766,0.057300,0.054658,0.054339,0.057866,0.058578,0.054717,0.058229,0.044129,-0.006413,-0.054460,-0.057551,-0.038379,-0.041697,-0.057782,-0.046637,0.004022,0.048819,0.055578,0.057182,0.054947,0.053172,0.057414,0.057331,0.055417,0.051960,0.060275,0.062295,0.049579,0.044411,0.050561,0.054092,0.062133,0.058872,0.044190,0.048766,0.056815,0.062188,0.052654,0.018058,-0.031286,-0.074221,-0.095903,-0.085534,-0.071546,-0.068229,-0.062413,-0.151293,0.000000,0.000000,0.000000,0.000000,0.000000,0.000000,0.000000,0.000000,0.000000,0.000000,0.000000,0.000000,0.000000,0.000000,0.000000,0.000000
0.000000,0.000000,0.000000,0.000000,0.000000,0.000000,0.000000,0.000000,0.000000,0.000000,0.000000,0.000000,0.000000,0.000000,0.000000,0.000000,0.000000,-0.134224,-0.063972,-0.076261,-0.079768,-0.085402,-0.067477,-0.066064,-0.064437,-0.013576,0.038914,0.047132,0.053984,0.058688,0.054223,0.051469,0.051877,0.058050,0.064088,0.069589,0.065771,0.055633,0.055353,0.061581,0.059362,0.054764,0.055028,0.056345,0.060356,0.058144,0.057724,0.041417,-0.002764,-0.046327,-0.067356,-0.072312,-0.071771,-0.060548,-0.039224,0.003181,0.046721,0.056631,0.058962,0.059128,0.058464,0.053522,0.054412,0.062321,0.053781,0.053491,0.064365,0.066736,0.064010,0.059428,0.055512,0.053235,0.050692,0.047549,0.056384,0.061447,0.067641,0.048229,-0.008346,-0.058635,-0.088368,-0.088826,-0.077434,-0.068578,-0.067878,-0.138155,0.000000,0.000000,0.000000,0.000000,0.000000,0.000000,0.000000,0.000000,0.000000,0.000000,0.000000,0.000000,0.000000,0.000000,0.000000,0.000000,0.000000
0.000000,0.000000,0.000000,0.000000,0.000000,0.000000,0.000000,0.000000,0.000000,0.000000,0.000000,0.000000,0.000000,0.000000,0.000000,0.000000,0.000000,0.000000,-0.130950,-0.055764,-0.079138,-0.075540,-0.090036,-0.085929,-0.067863,-0.011552,0.049516,0.055165,0.054879,0.058806,0.055590,0.060435,0.056906,0.054731,0.056339,0.056753,0.045273,0.040446,0.052277,0.058950,0.052247,0.054693,0.055692,0.053922,0.055627,0.052760,0.055856,0.045238,0.018205,-0.009179,-0.046499,-0.083579,-0.076807,-0.035964,-0.007143,0.017681,0.047371,0.052156,0.055588,0.056529,0.056192,0.056320,0.049551,0.056912,0.050436,0.036745,0.039658,0.053973,0.054718,0.040981,0.035963,0.046998,0.049218,0.063003,0.077132,0.053615,0.053690,0.055198,0.000235,-0.055623,-0.084721,-0.077695,-0.071823,-0.062708,-0.137326,0.000000,0.000000,0.000000,0.000000,0.000000,0.000000,0.000000,0.000000,0.000000,0.000000,0.000000,0.000000,0.000000,0.000000,0.000000,0.000000,0.000000,0.000000
0.000000,0.000000,0.000000,0.000000,0.000000,0.000000,0.000000,0.000000,0.000000,0.000000,0.000000,0.000000,0.000000,0.000000,0.000000,0.000000,0.000000,0.000000,0.000000,-0.144884,-0.048778,-0.076655,-0.081054,-0.085441,-0.064504,-0.018337,0.046723,0.059511,0.036916,0.030224,0.038608,0.049756,0.059352,0.059679,0.051623,0.050704,0.058799,0.064181,0.068667,0.061716,0.049164,0.055620,0.056200,0.052583,0.057992,0.055697,0.063953,0.060295,0.043654,0.032727,-0.010214,-0.061993,-0.054111,0.002311,0.031788,0.041516,0.057628,0.054543,0.054608,0.057221,0.058143,0.057392,0.050738,0.056776,0.068100,0.069438,0.061658,0.051762,0.035047,-0.000789,-0.028341,-0.019403,0.016841,0.050196,0.058331,0.046339,0.053022,0.038828,0.016332,-0.039677,-0.071666,-0.074736,-0.054117,-0.144241,0.000000,0.000000,0.000000,0.000000,0.000000,0.000000,0.000000,0.000000,0.000000,0.000000,0.000000,0.000000,0.000000,0.000000,0.000000,0.000000,0.000000,0.000000,0.000000
0.000000,0.000000,0.000000,0.000000,0.000000,0.000000,0.000000,0.000000,0.000000,0.000000,0.000000,0.000000,0.000000,0.000000,0.000000,0.000000,0.000000,0.000000,0.000000,0.000000,-0.145887,-0.046671,-0.074223,-0.082108,-0.073352,-0.043920,-0.013385,-0.008101,-0.019027,-0.016016,-0.018461,0.003909,0.035476,0.056311,0.059013,0.051444,0.056370,0.063557,0.054943,0.048439,0.052862,0.062778,0.053946,0.051262,0.061289,0.055338,0.062326,0.054731,0.045901,0.040785,-0.017179,-0.075896,-0.065079,0.007977,0.046076,0.044139,0.062379,0.057488,0.054744,0.052392,0.049511,0.061813,0.054575,0.047186,0.058657,0.063411,0.059045,0.047171,-0.010092,-0.064453,-0.078567,-0.077527,-0.045738,0.017325,0.042132,0.052160,0.059019,0.063442,0.013757,-0.039783,-0.083994,-0.042226,-0.144495,0.000000,0.000000,0.000000,0.000000,0.000000,0.000000,0.000000,0.000000,0.000000,0.000000,0.000000,0.000000,0.000000,0.000000,0.000000,0.000000,0.000000,0.000000,0.000000,0.000000
0.000000,0.000000,0.000000,0.000000,0.000000,0.000000,0.000000,0.000000,0.000000,0.000000,0.000000,0.000000,0.000000,0.000000,0.000000,0.000000,0.000000,0.000000,0.000000,0.000000,0.000000,-0.152053,-0.091331,-0.067186,-0.083052,-0.086383,-0.062000,-0.074358,-0.073601,-0.083826,-0.082857,-0.045814,-0.006443,0.033619,0.058217,0.060818,0.059952,0.053937,0.046389,0.053522,0.066512,0.061471,0.050262,0.053204,0.061996,0.055364,0.050753,0.049187,0.056444,0.049750,-0.015588,-0.083321,-0.066480,0.016533,0.056995,0.051591,0.055549,0.055529,0.062890,0.064774,0.056057,0.063861,0.065048,0.054735,0.050552,0.051987,0.059861,0.036457,-0.025616,-0.081604,-0.085020,-0.078752,-0.082161,-0.042336,0.009063,0.041183,0.061454,0.021337,-0.038202,-0.067646,-0.069952,-0.167360,0.000000,0.000000,0.000000,0.000000,0.000000,0.000000,0.000000,0.000000,0.000000,0.000000,0.000000,0.000000,0.000000,0.000000,0.000000,0.000000,0.000000,0.000000,0.000000,0.000000,0.000000
0.000000,0.000000,0.000000,0.000000,0.000000,0.000000,0.000000,0.000000,0.000000,0.000000,0.000000,0.000000,0.000000,0.000000,0.000000,0.000000,0.000000,0.000000,0.000000,0.000000,0.000000,0.000000,0.000000,-0.139047,-0.051815,-0.079851,-0.085378,-0.092211,-0.086260,-0.094658,-0.084591,-0.073664,-0.031922,0.035911,0.053860,0.050415,0.055189,0.061947,0.064218,0.062797,0.058327,0.050888,0.046384,0.060274,0.063690,0.045584,0.057885,0.060360,0.065698,0.071625,0.005741,-0.067612,-0.044356,0.040690,0.070064,0.058531,0.056516,0.044839,0.053362,0.056697,0.040587,0.045167,0.054129,0.058568,0.059965,0.059556,0.055574,0.021987,-0.027830,-0.069030,-0.087574,-0.074153,-0.088292,-0.079471,-0.042607,-0.037618,-0.023403,-0.045467,-0.039447,-0.124564,0.000000,0.000000,0.000000,0.000000,0.000000,0.000000,0.000000,0.000000,0.000000,0.000000,0.000000,0.000000,0.000000,0.000000,0.000000,0.000000,0.000000,0.000000,0.000000,0.000000,0.000000,0.000000,0.000000
0.000000,0.000000,0.000000,0.000000,0.000000,0.000000,0.000000,0.000000,0.000000,0.000000,0.000000,0.000000,0.000000,0.000000,0.000000,0.000000,0.000000,0.000000,0.000000,0.000000,0.000000,0.000000,0.000000,0.000000,-0.148018,-0.086096,-0.064252,-0.066684,-0.089818,-0.076359,-0.078642,-0.085822,-0.059799,-0.010917,0.034016,0.055569,0.049534,0.050574,0.056216,0.052853,0.051941,0.055239,0.061623,0.071166,0.061764,0.041115,0.060707,0.052929,0.051894,0.074761,0.003390,-0.068039,-0.043887,0.044942,0.072066,0.052475,0.063810,0.052294,0.054234,0.070129,0.064524,0.058368,0.058123,0.056264,0.054873,0.051426,0.058054,0.045353,-0.026395,-0.078883,-0.083473,-0.084705,-0.079060,-0.092639,-0.083773,-0.053268,-0.064360,-0.063080,-0.163236,0.000000,0.000000,0.000000,0.000000,0.000000,0.000000,0.000000,0.000000,0.000000,0.000000,0.000000,0.000000,0.000000,0.000000,0.000000,0.000000,0.000000,0.000000,0.000000,0.000000,0.000000,0.000000,0.000000,0.000000
0.000000,0.000000,0.000000,0.000000,0.000000,0.000000,0.000000,0.000000,0.000000,0.000000,0.000000,0.000000,0.000000,0.000000,0.000000,0.000000,0.000000,0.000000,0.000000,0.000000,0.000000,0.000000,0.000000,0.000000,0.000000,0.000000,-0.151061,-0.086738,-0.061731,-0.058555,-0.082385,-0.082012,-0.066622,-0.031404,0.027704,0.071541,0.059779,0.051870,0.058261,0.055372,0.054312,0.052862,0.047655,0.053354,0.051428,0.040352,0.065247,0.053784,0.048683,0.066060,-0.005496,-0.076483,-0.052591,0.036833,0.061191,0.044291,0.064328,0.051535,0.042056,0.054149,0.052682,0.057243,0.058068,0.054430,0.056333,0.057192,0.059221,0.040358,-0.027832,-0.078649,-0.074982,-0.078290,-0.074891,-0.051270,-0.064071,-0.095035,-0.144876,0.000000,0.000000,0.000000,0.000000,0.000000,0.000000,0.000000,0.000000,0.000000,0.000000,0.000000,0.000000,0.000000,0.000000,0.000000,0.000000,0.000000,0.000000,0.000000,0.000000,0.000000,0.000000,0.000000,0.000000,0.000000,0.000000
0.000000,0.000000,0.000000,0.000000,0.000000,0.000000,0.000000,0.000000,0.000000,0.000000,0.000000,0.000000,0.000000,0.000000,0.000000,0.000000,0.000000,0.000000,0.000000,0.000000,0.000000,0.000000,0.000000,0.000000,0.000000,0.000000,0.000000,0.000000,-0.169837,-0.092700,-0.058100,-0.065378,-0.087572,-0.059215,-0.018752,0.018251,0.029069,0.033907,0.043194,0.051456,0.053223,0.054651,0.059839,0.062491,0.052174,0.050897,0.077052,0.053491,0.043874,0.061449,-0.010858,-0.080310,-0.053867,0.035154,0.056277,0.033380,0.064884,0.066848,0.056024,0.067381,0.056152,0.042896,0.041545,0.047138,0.049733,0.039687,0.010498,-0.026854,-0.060750,-0.081053,-0.084355,-0.061001,-0.060879,-0.103021,-0.152849,0.000000,0.000000,0.000000,0.000000,0.000000,0.000000,0.000000,0.000000,0.000000,0.000000,0.000000,0.000000,0.000000,0.000000,0.000000,0.000000,0.000000,0.000000,0.000000,0.000000,0.000000,0.000000,0.000000,0.000000,0.000000,0.000000,0.000000,0.000000
0.000000,0.000000,0.000000,0.000000,0.000000,0.000000,0.000000,0.000000,0.000000,0.000000,0.000000,0.000000,0.000000,0.000000,0.000000,0.000000,0.000000,0.000000,0.000000,0.000000,0.000000,0.000000,0.000000,0.000000,0.000000,0.000000,0.000000,0.000000,0.000000,0.000000,-0.169505,-0.083237,-0.069844,-0.074754,-0.080500,-0.056651,-0.031481,0.000538,0.003360,0.012087,0.030853,0.022263,-0.012333,-0.028375,-0.032267,-0.023424,0.027248,0.037157,0.042034,0.053759,-0.020892,-0.080323,-0.056086,0.028160,0.060192,0.039957,0.058512,0.043347,0.035816,0.048271,0.044731,0.053465,0.061953,0.051652,0.027066,0.005391,-0.040862,-0.070551,-0.078061,-0.067527,-0.059716,-0.101830,-0.155562,0.000000,0.000000,0.000000,0.000000,0.000000,0.000000,0.000000,0.000000,0.000000,0.000000,0.000000,0.000000,0.000000,0.000000,0.000000,0.000000,0.000000,0.000000,0.000000,0.000000,0.000000,0.000000,0.000000,0.000000,0.000000,0.000000,0.000000,0.000000,0.000000,0.000000
0.000000,0.000000,0.000000,0.000000,0.000000,0.000000,0.000000,0.000000,0.000000,0.000000,0.000000,0.000000,0.000000,0.000000,0.000000,0.000000,0.000000,0.000000,0.000000,0.000000,0.000000,0.000000,0.000000,0.000000,0.000000,0.000000,0.000000,0.000000,0.000000,0.000000,0.000000,0.000000,-0.175841,-0.070080,-0.064455,-0.052270,-0.068429,-0.088195,-0.091022,-0.074159,-0.060001,-0.053580,-0.057699,-0.079658,-0.083691,-0.058042,-0.001720,0.022536,0.033495,0.027831,-0.040979,-0.080454,-0.065936,-0.000618,0.033203,0.024880,0.037041,0.014716,-0.005679,-0.003759,-0.009089,-0.006565,-0.012911,-0.027595,-0.057348,-0.066940,-0.071343,-0.057433,-0.071950,-0.071536,-0.169165,0.000000,0.000000,0.000000,0.000000,0.000000,0.000000,0.000000,0.000000,0.000000,0.000000,0.000000,0.000000,0.000000,0.000000,0.000000,0.000000,0.000000,0.000000,0.000000,0.000000,0.000000,0.000000,0.000000,0.000000,0.000000,0.000000,0.000000,0.000000,0.000000,0.000000,0.000000,0.000000
0.000000,0.000000,0.000000,0.000000,0.000000,0.000000,0.000000,0.000000,0.000000,0.000000,0.000000,0.000000,0.000000,0.000000,0.000000,0.000000,0.000000,0.000000,0.000000,0.000000,0.000000,0.000000,0.000000,0.000000,0.000000,0.000000,0.000000,0.000000,0.000000,0.000000,0.000000,0.000000,0.000000,0.000000,-0.153880,-0.118105,-0.099409,-0.064934,-0.049276,-0.055532,-0.067923,-0.067507,-0.079409,-0.097167,-0.100238,-0.092776,-0.042978,-0.011497,-0.000794,-0.015430,-0.064103,-0.076300,-0.076363,-0.035628,-0.009116,-0.022915,-0.034250,-0.068520,-0.086536,-0.081760,-0.077137,-0.061857,-0.055362,-0.044850,-0.048899,-0.055512,-0.093793,-0.103760,-0.161915,0.000000,0.000000,0.000000,0.000000,0.000000,0.000000,0.000000,0.000000,0.000000,0.000000,0.000000,0.000000,0.000000,0.000000,0.000000,0.000000,0.000000,0.000000,0.000000,0.000000,0.000000,0.000000,0.000000,0.000000,0.000000,0.000000,0.000000,0.000000,0.000000,0.000000,0.000000,0.000000,0.000000,0.000000
0.000000,0.000000,0.000000,0.000000,0.000000,0.000000,0.000000,0.000000,0.000000,0.000000,0.000000,0.000000,0.000000,0.000000,0.000000,0.000000,0.000000,0.000000,0.000000,0.000000,0.000000,0.000000,0.000000,0.000000,0.000000,0.000000,0.000000,0.000000,0.000000,0.000000,0.000000,0.000000,0.000000,0.000000,0.000000,0.000000,0.000000,-0.147303,-0.119169,-0.124617,-0.126952,-0.103958,-0.068381,-0.054097,-0.064200,-0.065320,-0.044529,-0.029319,-0.029510,-0.053586,-0.081509,-0.095207,-0.085308,-0.064234,-0.037659,-0.033822,-0.048552,-0.069334,-0.073782,-0.059659,-0.073916,-0.096085,-0.112796,-0.118125,-0.106339,-0.150328,0.000000,0.000000,0.000000,0.000000,0.000000,0.000000,0.000000,0.000000,0.000000,0.000000,0.000000,0.000000,0.000000,0.000000,0.000000,0.000000,0.000000,0.000000,0.000000,0.000000,0.000000,0.000000,0.000000,0.000000,0.000000,0.000000,0.000000,0.000000,0.000000,0.000000,0.000000,0.000000,0.000000,0.000000,0.000000,0.000000,0.000000
0.000000,0.000000,0.000000,0.000000,0.000000,0.000000,0.000000,0.000000,0.000000,0.000000,0.000000,0.000000,0.000000,0.000000,0.000000,0.000000,0.000000,0.000000,0.000000,0.000000,0.000000,0.000000,0.000000,0.000000,0.000000,0.000000,0.000000,0.000000,0.000000,0.000000,0.000000,0.000000,0.000000,0.000000,0.000000,0.000000,0.000000,0.000000,0.000000,0.000000,0.000000,0.000000,-0.143912,-0.117210,-0.110950,-0.117748,-0.112763,-0.115408,-0.114626,-0.131894,-0.116883,-0.060885,-0.116261,-0.137497,-0.117074,-0.120211,-0.105365,-0.107577,-0.104522,-0.120470,-0.141863,0.000000,0.000000,0.000000,0.000000,0.000000,0.000000,0.000000,0.000000,0.000000,0.000000,0.000000,0.000000,0.000000,0.000000,0.000000,0.000000,0.000000,0.000000,0.000000,0.000000,0.000000,0.000000,0.000000,0.000000,0.000000,0.000000,0.000000,0.000000,0.000000,0.000000,0.000000,0.000000,0.000000,0.000000,0.000000,0.000000,0.000000,0.000000,0.000000,0.000000,0.000000,0.000000
0.000000,0.000000,0.000000,0.000000,0.000000,0.000000,0.000000,0.000000,0.000000,0.000000,0.000000,0.000000,0.000000,0.000000,0.000000,0.000000,0.000000,0.000000,0.000000,0.000000,0.000000,0.000000,0.000000,0.000000,0.000000,0.000000,0.000000,0.000000,0.000000,0.000000,0.000000,0.000000,0.000000,0.000000,0.000000,0.000000,0.000000,0.000000,0.000000,0.000000,0.000000,0.000000,0.000000,0.000000,0.000000,0.000000,0.000000,0.000000,0.000000,0.000000,0.000000,-0.169314,0.000000,0.000000,0.000000,0.000000,0.000000,0.000000,0.000000,0.000000,0.000000,0.000000,0.000000,0.000000,0.000000,0.000000,0.000000,0.000000,0.000000,0.000000,0.000000,0.000000,0.000000,0.000000,0.000000,0.000000,0.000000,0.000000,0.000000,0.000000,0.000000,0.000000,0.000000,0.000000,0.000000,0.000000,0.000000,0.000000,0.000000,0.000000,0.000000,0.000000,0.000000,0.000000,0.000000,0.000000,0.000000,0.000000,0.000000,0.000000,0.000000,0.000000,0.000000
0.000000,0.000000,0.000000,0.000000,0.000000,0.000000,0.000000,0.000000,0.000000,0.000000,0.000000,0.000000,0.000000,0.000000,0.000000,0.000000,0.000000,0.000000,0.000000,0.000000,0.000000,0.000000,0.000000,0.000000,0.000000,0.000000,0.000000,0.000000,0.000000,0.000000,0.000000,0.000000,0.000000,0.000000,0.000000,0.000000,0.000000,0.000000,0.000000,0.000000,0.000000,0.000000,0.000000,0.000000,0.000000,0.000000,0.000000,0.000000,0.000000,0.000000,0.000000,0.000000,0.000000,0.000000,0.000000,0.000000,0.000000,0.000000,0.000000,0.000000,0.000000,0.000000,0.000000,0.000000,0.000000,0.000000,0.000000,0.000000,0.000000,0.000000,0.000000,0.000000,0.000000,0.000000,0.000000,0.000000,0.000000,0.000000,0.000000,0.000000,0.000000,0.000000,0.000000,0.000000,0.000000,0.000000,0.000000,0.000000,0.000000,0.000000,0.000000,0.000000,0.000000,0.000000,0.000000,0.000000,0.000000,0.000000,0.000000,0.000000,0.000000,0.000000,0.000000
