0.000000,0.000000,0.000000,0.000000,0.000000,0.000000,0.000000,0.000000,0.000000,0.000000,0.000000,0.000000,0.000000,0.000000,0.000000,0.000000,0.000000,0.000000,0.000000,0.000000,0.000000,0.000000,0.000000,0.000000,0.000000,0.000000,0.000000,0.000000,0.000000,0.000000,0.000000,0.000000,0.000000,0.000000,0.000000,0.000000,0.000000,0.000000,0.000000,0.000000,0.000000,0.000000,0.000000,0.000000,0.000000,0.000000,0.000000,0.000000,0.000000,0.000000,0.000000,0.000000,0.000000,0.000000,0.000000,0.000000,0.000000,0.000000,0.000000,0.000000,0.000000,0.000000,0.000000,0.000000,0.000000,0.000000,0.000000,0.000000,0.000000,0.000000,0.000000,0.000000,0.000000,0.000000,0.000000,0.000000,0.000000,0.000000,0.000000,0.000000,0.000000,0.000000,0.000000,0.000000,0.000000,0.000000,0.000000,0.000000,0.000000,0.000000,0.000000,0.000000,0.000000,0.000000,0.000000,0.000000,0.000000,0.000000,0.000000,0.000000,0.000000,0.000000,0.000000
0.000000,0.000000,0.000000,0.000000,0.000000,0.000000,0.000000,0.000000,0.000000,0.000000,0.000000,0.000000,0.000000,0.000000,0.000000,0.000000,0.000000,0.000000,0.000000,0.000000,0.000000,0.000000,0.000000,0.000000,0.000000,0.000000,0.000000,0.000000,0.000000,0.000000,0.000000,0.000000,0.000000,0.000000,0.000000,0.000000,0.000000,0.000000,0.000000,0.000000,0.000000,0.000000,0.000000,0.000000,0.000000,0.000000,0.000000,0.000000,0.000000,0.000000,0.000000,0.000004,0.000000,0.000000,0.000000,0.000000,0.000000,0.000000,0.000000,0.000000,0.000000,0.000000,0.000000,0.000000,0.000000,0.000000,0.000000,0.000000,0.000000,0.000000,0.000000,0.000000,0.000000,0.000000,0.000000,0.000000,0.000000,0.000000,0.000000,0.000000,0.000000,0.000000,0.000000,0.000000,0.000000,0.000000,0.000000,0.000000,0.000000,0.000000,0.000000,0.000000,0.000000,0.000000,0.000000,0.000000,0.000000,0.000000,0.000000,0.000000,0.000000,0.000000,0.000000
0.000000,0.000000,0.000000,0.000000,0.000000,0.000000,0.000000,0.000000,0.000000,0.000000,0.000000,0.000000,0.000000,0.000000,0.000000,0.000000,0.000000,0.000000,0.000000,0.000000,0.000000,0.000000,0.000000,0.000000,0.000000,0.000000,0.000000,0.000000,0.000000,0.000000,0.000000,0.000000,0.000000,0.000000,0.000000,0.000000,0.000000,0.000000,0.000000,0.000000,0.000000,0.000000,-0.000006,0.000000,0.000005,-0.000006,-0.000001,0.000022,-0.000002,-0.000011,0.000002,0.000005,0.000006,-0.000003,0.000016,-0.000004,0.000006,0.000002,-0.000004,-0.000003,-0.000005,0.000000,0.000000,0.000000,0.000000,0.000000,0.000000,0.000000,0.000000,0.000000,0.000000,0.000000,0.000000,0.000000,0.000000,0.000000,0.000000,0.000000,0.000000,0.000000,0.000000,0.000000,0.000000,0.000000,0.000000,0.000000,0.000000,0.000000,0.000000,0.000000,0.000000,0.000000,0.000000,0.000000,0.000000,0.000000,0.000000,0.000000,0.000000,0.000000,0.000000,0.000000,0.000000
0.000000,0.000000,0.000000,0.000000,0.000000,0.000000,0.000000,0.000000,0.000000,0.000000,0.000000,0.000000,0.000000,0.000000,0.000000,0.000000,0.000000,0.000000,0.000000,0.000000,0.000000,0.000000,0.000000,0.000000,0.000000,0.000000,0.000000,0.000000,0.000000,0.000000,0.000000,0.000000,0.000000,0.000000,0.000000,0.000000,0.000000,-0.000003,0.000005,0.000016,-0.000017,-0.000012,0.000000,0.000019,-0.000016,0.000001,-0.000011,-0.000015,0.000004,-0.000006,0.000003,-0.000001,-0.000020,-0.000002,-0.000009,-0.000020,0.000002,0.000004,-0.000005,-0.000003,0.000005,0.000003,-0.000004,-0.000006,-0.000007,-0.000004,0.000000,0.000000,0.000000,0.000000,0.000000,0.000000,0.000000,0.000000,0.000000,0.000000,0.000000,0.000000,0.000000,0.000000,0.000000,0.000000,0.000000,0.000000,0.000000,0.000000,0.000000,0.000000,0.000000,0.000000,0.000000,0.000000,0.000000,0.000000,0.000000,0.000000,0.000000,0.000000,0.000000,0.000000,0.000000,0.000000,0.000000
0.000000,0.000000,0.000000,0.000000,0.000000,0.000000,0.000000,0.000000,0.000000,0.000000,0.000000,0.000000,0.000000,0.000000,0.000000,0.000000,0.000000,0.000000,0.000000,0.000000,0.000000,0.000000,0.000000,0.000000,0.000000,0.000000,0.000000,0.000000,0.000000,0.000000,0.000000,0.000000,0.000000,0.000000,-0.000002,-0.000017,0.000003,0.000003,-0.000011,0.000001,-0.000002,0.000030,0.000004,-0.000005,0.000003,-0.000005,-0.000003,-0.000013,0.000009,-0.000001,0.000005,0.000005,-0.000000,0.000010,0.000028,0.000015,-0.000007,0.000006,0.000008,0.000010,0.000018,-0.000013,0.000006,0.000005,0.000001,0.000018,-0.000020,0.000010,-0.000001,0.000000,0.000000,0.000000,0.000000,0.000000,0.000000,0.000000,0.000000,0.000000,0.000000,0.000000,0.000000,0.000000,0.000000,0.000000,0.000000,0.000000,0.000000,0.000000,0.000000,0.000000,0.000000,0.000000,0.000000,0.000000,0.000000,0.000000,0.000000,0.000000,0.000000,0.000000,0.000000,0.000000,0.000000
0.000000,0.000000,0.000000,0.000000,0.000000,0.000000,0.000000,0.000000,0.000000,0.000000,0.000000,0.000000,0.000000,0.000000,0.000000,0.000000,0.000000,0.000000,0.000000,0.000000,0.000000,0.000000,0.000000,0.000000,0.000000,0.000000,0.000000,0.000000,0.000000,0.000000,0.000000,0.000000,0.000011,-0.000019,-0.000013,0.000022,-0.000005,0.000020,-0.000019,0.000006,-0.000012,0.000002,0.000004,-0.000006,-0.000003,0.000003,0.000012,0.000004,-0.000005,-0.000007,-0.000010,-0.000006,0.000013,-0.000014,-0.000010,-0.000016,-0.000013,-0.000008,-0.000006,-0.000024,-0.000006,-0.000008,0.000012,-0.000010,-0.000007,0.000004,0.000005,0.000014,-0.000019,0.000005,0.000009,0.000000,0.000000,0.000000,0.000000,0.000000,0.000000,0.000000,0.000000,0.000000,0.000000,0.000000,0.000000,0.000000,0.000000,0.000000,0.000000,0.000000,0.000000,0.000000,0.000000,0.000000,0.000000,0.000000,0.000000,0.000000,0.000000,0.000000,0.000000,0.000000,0.000000,0.000000,0.000000
0.000000,0.000000,0.000000,0.000000,0.000000,0.000000,0.000000,0.000000,0.000000,0.000000,0.000000,0.000000,0.000000,0.000000,0.000000,0.000000,0.000000,0.000000,0.000000,0.000000,0.000000,0.000000,0.000000,0.000000,0.000000,0.000000,0.000000,0.000000,0.000000,0.000000,-0.000005,0.000002,0.000003,0.000014,0.000003,0.000011,0.000002,-0.000006,0.000009,0.000007,0.000008,-0.000005,-0.000048,0.000009,0.000017,-0.000022,0.000017,0.000001,-0.000005,0.000011,0.000012,-0.000008,0.000003,-0.000014,0.000022,0.000001,0.000013,0.000026,0.000010,0.000011,0.000027,0.000011,0.000020,0.000004,0.000017,0.000004,-0.000004,-0.000003,-0.000001,-0.000011,-0.000005,0.000006,0.000003,0.000000,0.000000,0.000000,0.000000,0.000000,0.000000,0.000000,0.000000,0.000000,0.000000,0.000000,0.000000,0.000000,0.000000,0.000000,0.000000,0.000000,0.000000,0.000000,0.000000,0.000000,0.000000,0.000000,0.000000,0.000000,0.000000,0.000000,0.000000,0.000000,0.000000
0.000000,0.000000,0.000000,0.000000,0.000000,0.000000,0.000000,0.000000,0.000000,0.000000,0.000000,0.000000,0.000000,0.000000,0.000000,0.000000,0.000000,0.000000,0.000000,0.000000,0.000000,0.000000,0.000000,0.000000,0.000000,0.000000,0.000000,0.000000,0.000005,0.000010,-0.000016,-0.000015,0.000026,-0.000014,-0.000007,-0.000003,-0.000035,-0.000010,0.000016,-0.000037,-0.000006,-0.000002,-0.000008,0.000026,0.000012,-0.000020,0.000012,-0.000008,-0.000002,0.000006,-0.000016,0.000007,0.000002,-0.000002,0.000003,-0.000024,0.000002,-0.000019,-0.000010,-0.000006,-0.000021,-0.000024,-0.000000,-0.000016,-0.000009,-0.000001,0.000007,-0.000022,-0.000015,0.000024,-0.000004,-0.000006,0.000002,-0.000004,-0.000003,0.000000,0.000000,0.000000,0.000000,0.000000,0.000000,0.000000,0.000000,0.000000,0.000000,0.000000,0.000000,0.000000,0.000000,0.000000,0.000000,0.000000,0.000000,0.000000,0.000000,0.000000,0.000000,0.000000,0.000000,0.000000,0.000000,0.000000,0.000000
0.000000,0.000000,0.000000,0.000000,0.000000,0.000000,0.000000,0.000000,0.000000,0.000000,0.000000,0.000000,0.000000,0.000000,0.000000,0.000000,0.000000,0.000000,0.000000,0.000000,0.000000,0.000000,0.000000,0.000000,0.000000,0.000000,-0.000009,-0.000002,0.000002,0.000004,0.000018,0.000005,0.000007,-0.000006,0.000006,0.000039,0.000003,0.000031,0.000017,0.000010,0.000019,0.000013,-0.000015,-0.000004,0.000005,-0.000008,-0.000004,-0.000003,-0.000007,0.000020,0.000003,0.000030,-0.000022,0.000001,-0.000003,-0.000016,0.000007,-0.000005,0.000024,0.000008,-0.000004,0.000011,0.000001,-0.000009,-0.000002,0.000002,-0.000001,-0.000003,0.000016,0.000002,-0.000012,0.000007,0.000005,-0.000000,0.000017,-0.000000,-0.000002,0.000000,0.000000,0.000000,0.000000,0.000000,0.000000,0.000000,0.000000,0.000000,0.000000,0.000000,0.000000,0.000000,0.000000,0.000000,0.000000,0.000000,0.000000,0.000000,0.000000,0.000000,0.000000,0.000000,0.000000,0.000000,0.000000
0.000000,0.000000,0.000000,0.000000,0.000000,0.000000,0.000000,0.000000,0.000000,0.000000,0.000000,0.000000,0.000000,0.000000,0.000000,0.000000,0.000000,0.000000,0.000000,0.000000,0.000000,0.000000,0.000000,0.000000,0.000003,-0.000009,-0.000018,-0.000004,0.000009,-0.000021,0.000013,0.000009,-0.000036,-0.000012,-0.000025,-0.000012,-0.000034,-0.000016,-0.000016,-0.000018,0.000006,-0.000013,-0.000003,0.000007,-0.000006,0.000016,0.000008,0.000002,0.000027,-0.000018,-0.000009,0.000009,-0.000010,0.000018,0.000009,0.000001,0.000012,-0.000010,-0.000003,-0.000011,0.000003,0.000011,0.000009,0.000011,-0.000014,-0.000012,0.000032,-0.000008,0.000011,-0.000009,0.000014,-0.000004,-0.000020,0.000015,-0.000012,0.000000,0.000006,0.000004,-0.000001,0.000000,0.000000,0.000000,0.000000,0.000000,0.000000,0.000000,0.000000,0.000000,0.000000,0.000000,0.000000,0.000000,0.000000,0.000000,0.000000,0.000000,0.000000,0.000000,0.000000,0.000000,0.000000,0.000000,0.000000
0.000000,0.000000,0.000000,0.000000,0.000000,0.000000,0.000000,0.000000,0.000000,0.000000,0.000000,0.000000,0.000000,0.000000,0.000000,0.000000,0.000000,0.000000,0.000000,0.000000,0.000000,0.000000,0.000000,0.000015,-0.000014,0.000021,0.000001,0.000015,0.000021,-0.000011,0.000020,-0.000012,0.000001,0.000039,0.000020,0.000035,0.000022,-0.000004,0.000008,-0.000001,0.000024,-0.000009,-0.000004,0.000005,0.000003,0.000008,-0.000005,-0.000018,0.000013,-0.000015,0.000002,0.000010,-0.000017,0.000004,-0.000004,-0.000017,0.000008,0.000002,0.000023,-0.000011,-0.000008,-0.000004,-0.000021,0.000010,-0.000001,-0.000017,0.000002,-0.000017,0.000024,-0.000018,0.000012,0.000002,-0.000002,0.000002,-0.000007,0.000008,0.000011,-0.000009,0.000017,-0.000011,0.000000,0.000000,0.000000,0.000000,0.000000,0.000000,0.000000,0.000000,0.000000,0.000000,0.000000,0.000000,0.000000,0.000000,0.000000,0.000000,0.000000,0.000000,0.000000,0.000000,0.000000,0.000000,0.000000
0.000000,0.000000,0.000000,0.000000,0.000000,0.000000,0.000000,0.000000,0.000000,0.000000,0.000000,0.000000,0.000000,0.000000,0.000000,0.000000,0.000000,0.000000,0.000000,0.000000,0.000000,-0.000014,0.000002,0.000015,-0.000021,-0.000001,-0.000001,-0.000005,-0.000014,-0.000009,0.000002,0.000007,-0.000023,-0.000014,-0.000039,-0.000018,-0.000011,-0.000012,0.000007,-0.000001,-0.000002,0.000004,-0.000006,-0.000018,-0.000003,-0.000020,-0.000010,-0.000009,-0.000002,0.000019,0.000010,0.000016,0.000006,0.000014,0.000001,0.000004,0.000017,0.000000,0.000005,-0.000010,0.000020,-0.000000,-0.000002,0.000039,-0.000012,0.000010,0.000017,-0.000022,0.000006,-0.000003,-0.000012,0.000009,-0.000013,0.000006,0.000009,-0.000024,-0.000002,-0.000007,-0.000005,0.000001,-0.000007,0.000003,0.000000,0.000000,0.000000,0.000000,0.000000,0.000000,0.000000,0.000000,0.000000,0.000000,0.000000,0.000000,0.000000,0.000000,0.000000,0.000000,0.000000,0.000000,0.000000,0.000000,0.000000
0.000000,0.000000,0.000000,0.000000,0.000000,0.000000,0.000000,0.000000,0.000000,0.000000,0.000000,0.000000,0.000000,0.000000,0.000000,0.000000,0.000000,0.000000,0.000000,0.000000,-0.000002,0.000010,-0.000027,0.000019,0.000007,-0.000006,0.000009,-0.000007,0.000006,0.000002,-0.000007,0.000022,0.000013,0.000016,0.000001,0.000020,0.000002,-0.000010,0.000011,-0.000003,-0.000015,0.000031,0.000032,0.000006,0.000019,0.000013,0.000023,0.000020,-0.000007,-0.000025,-0.000019,-0.000008,-0.000032,0.000000,-0.000007,-0.000015,-0.000017,-0.000008,-0.000015,-0.000023,0.000006,-0.000011,-0.000019,-0.000002,-0.000002,-0.000008,-0.000007,0.000002,0.000011,-0.000003,-0.000006,0.000015,-0.000005,0.000010,-0.000024,0.000010,0.000016,0.000009,0.000021,-0.000025,0.000027,-0.000006,-0.000003,0.000000,0.000000,0.000000,0.000000,0.000000,0.000000,0.000000,0.000000,0.000000,0.000000,0.000000,0.000000,0.000000,0.000000,0.000000,0.000000,0.000000,0.000000,0.000000,0.000000
0.000000,0.000000,0.000000,0.000000,0.000000,0.000000,0.000000,0.000000,0.000000,0.000000,0.000000,0.000000,0.000000,0.000000,0.000000,0.000000,0.000000,0.000000,0.000000,-0.000004,0.000016,0.000012,0.000001,-0.000003,0.000015,-0.000012,0.000006,0.000004,0.000022,-0.000017,-0.000006,-0.000005,0.000003,-0.000003,0.000009,-0.000014,0.000026,-0.000003,-0.000008,-0.000010,-0.000011,-0.000000,-0.000016,-0.000017,-0.000029,-0.000019,-0.000005,-0.000007,0.000003,0.000019,0.000011,0.000010,0.000005,0.000009,-0.000009,0.000011,0.000006,0.000007,0.000011,0.000035,0.000000,-0.000007,0.000008,-0.000001,-0.000001,0.000002,0.000010,0.000004,-0.000004,-0.000002,-0.000006,-0.000013,0.000013,0.000006,0.000002,-0.000005,-0.000007,-0.000022,-0.000001,-0.000029,0.000010,-0.000012,0.000007,-0.000003,0.000000,0.000000,0.000000,0.000000,0.000000,0.000000,0.000000,0.000000,0.000000,0.000000,0.000000,0.000000,0.000000,0.000000,0.000000,0.000000,0.000000,0.000000,0.000000
0.000000,0.000000,0.000000,0.000000,0.000000,0.000000,0.000000,0.000000,0.000000,0.000000,0.000000,0.000000,0.000000,0.000000,0.000000,0.000000,0.000000,0.000000,0.000001,-0.000006,-0.000016,0.000012,-0.000008,-0.000017,0.000016,-0.000004,0.000001,-0.000005,-0.000005,-0.000001,0.000015,0.000014,-0.000011,-0.000012,-0.000002,-0.000012,0.000015,0.000000,0.000004,0.000010,0.000020,0.000002,0.000016,0.000004,-0.000006,-0.000009,0.000027,0.000015,0.000007,-0.000016,-0.000006,-0.000008,-0.000012,0.000007,0.000011,-0.000006,0.000007,-0.000025,-0.000014,0.000006,-0.000012,-0.000004,0.000025,-0.000006,-0.000009,-0.000010,-0.000015,0.000004,-0.000012,0.000008,0.000007,-0.000026,0.000002,-0.000011,0.000001,0.000008,0.000001,-0.000005,0.000027,0.000005,0.000020,0.000001,0.000008,-0.000003,-0.000007,0.000000,0.000000,0.000000,0.000000,0.000000,0.000000,0.000000,0.000000,0.000000,0.000000,0.000000,0.000000,0.000000,0.000000,0.000000,0.000000,0.000000,0.000000
0.000000,0.000000,0.000000,0.000000,0.000000,0.000000,0.000000,0.000000,0.000000,0.000000,0.000000,0.000000,0.000000,0.000000,0.000000,0.000000,0.000000,-0.000006,0.000005,0.000003,0.000009,-0.000026,-0.000002,-0.000001,0.000007,0.000012,-0.000006,-0.000025,0.000004,-0.000009,-0.000019,0.000008,-0.000021,-0.000013,0.000017,-0.000007,-0.000001,-0.000001,-0.000007,-0.000020,-0.000001,0.000001,0.000010,0.000002,0.000004,0.000016,-0.000008,-0.000021,-0.000015,0.000015,-0.000001,-0.000008,0.000011,-0.000002,-0.000004,-0.000008,0.000025,0.000003,0.000016,0.000007,-0.000006,0.000013,0.000007,0.000009,0.000009,0.000011,0.000023,0.000011,0.000009,0.000011,-0.000003,0.000005,0.000007,-0.000001,-0.000002,0.000019,0.000003,0.000012,-0.000009,-0.000028,-0.000003,-0.000017,0.000009,-0.000012,0.000005,-0.000001,0.000000,0.000000,0.000000,0.000000,0.000000,0.000000,0.000000,0.000000,0.000000,0.000000,0.000000,0.000000,0.000000,0.000000,0.000000,0.000000,0.000000
0.000000,0.000000,0.000000,0.000000,0.000000,0.000000,0.000000,0.000000,0.000000,0.000000,0.000000,0.000000,0.000000,0.000000,0.000000,0.000000,0.000002,0.000003,-0.000004,-0.000003,0.000013,0.000001,0.000016,0.000000,-0.000017,0.000007,0.000010,0.000014,0.000012,0.000003,-0.000006,0.000023,0.000002,0.000011,0.000012,-0.000014,0.000010,-0.000000,-0.000008,-0.000002,-0.000004,-0.000019,-0.000002,-0.000002,-0.000004,-0.000010,-0.000021,0.000015,-0.000003,0.000006,0.000007,-0.000001,0.000017,-0.000003,0.000009,-0.000011,-0.000002,-0.000003,-0.000001,-0.000013,-0.000007,0.000007,-0.000022,-0.000016,0.000011,-0.000006,-0.000020,-0.000001,0.000003,-0.000019,-0.000023,0.000009,-0.000008,0.000013,0.000004,-0.000013,-0.000019,-0.000005,0.000002,0.000017,0.000003,0.000006,0.000011,-0.000002,0.000009,-0.000000,-0.000006,0.000000,0.000000,0.000000,0.000000,0.000000,0.000000,0.000000,0.000000,0.000000,0.000000,0.000000,0.000000,0.000000,0.000000,0.000000,0.000000
0.000000,0.000000,0.000000,0.000000,0.000000,0.000000,0.000000,0.000000,0.000000,0.000000,0.000000,0.000000,0.000000,0.000000,0.000000,-0.000006,0.000003,-0.000006,0.000001,0.000004,-0.000008,-0.000004,-0.000003,0.000012,0.000006,-0.000020,-0.000004,-0.000026,-0.000007,0.000008,-0.000012,0.000000,-0.000009,-0.000001,0.000013,-0.000004,0.000007,0.000004,-0.000001,0.000019,-0.000002,-0.000001,0.000011,0.000005,0.000001,0.000002,0.000011,0.000009,0.000001,0.000002,-0.000016,-0.000012,0.000006,-0.000032,-0.000003,0.000001,-0.000014,-0.000003,-0.000008,-0.000004,0.000002,0.000007,0.000006,0.000013,-0.000020,-0.000007,0.000004,-0.000009,0.000010,0.000015,0.000006,0.000008,-0.000026,0.000006,0.000004,-0.000001,-0.000007,0.000027,-0.000006,0.000004,0.000011,-0.000018,0.000002,-0.000003,-0.000002,-0.000011,-0.000008,0.000014,0.000000,0.000000,0.000000,0.000000,0.000000,0.000000,0.000000,0.000000,0.000000,0.000000,0.000000,0.000000,0.000000,0.000000,0.000000
0.000000,0.000000,0.000000,0.000000,0.000000,0.000000,0.000000,0.000000,0.000000,0.000000,0.000000,0.000000,0.000000,0.000000,0.000001,0.000005,-0.000004,0.000001,0.000002,0.000006,-0.000007,0.000001,-0.000025,-0.000003,0.000009,0.000001,0.000011,-0.000007,0.000000,0.000003,-0.000007,0.000015,0.000004,-0.000021,-0.000001,-0.000013,-0.000017,0.000003,-0.000019,0.000009,-0.000015,0.000022,-0.000002,-0.000009,-0.000007,-0.000019,0.000017,0.000008,-0.000028,0.000003,0.000004,0.000015,0.000025,0.000009,0.000013,0.000017,0.000007,0.000026,-0.000009,0.000009,0.000004,0.000010,-0.000026,0.000015,-0.000018,0.000018,0.000025,-0.000001,0.000002,-0.000007,-0.000010,0.000006,-0.000016,-0.000007,0.000002,0.000004,-0.000017,0.000015,-0.000022,-0.000007,0.000010,-0.000006,0.000021,-0.000016,0.000016,0.000003,0.000005,-0.000008,-0.000003,0.000000,0.000000,0.000000,0.000000,0.000000,0.000000,0.000000,0.000000,0.000000,0.000000,0.000000,0.000000,0.000000,0.000000
0.000000,0.000000,0.000000,0.000000,0.000000,0.000000,0.000000,0.000000,0.000000,0.000000,0.000000,0.000000,0.000000,-0.000004,-0.000006,0.000003,-0.000003,0.000004,0.000006,0.000013,-0.000004,0.000023,-0.000009,0.000019,0.000002,0.000010,0.000006,-0.000009,-0.000012,0.000006,0.000008,-0.000004,0.000011,-0.000019,0.000006,0.000015,0.000000,0.000029,0.000009,0.000016,-0.000009,0.000025,0.000007,0.000008,0.000030,-0.000012,0.000001,0.000003,0.000001,0.000008,-0.000009,-0.000008,-0.000017,-0.000021,0.000006,-0.000016,-0.000009,-0.000003,-0.000026,0.000004,-0.000008,-0.000011,0.000005,0.000020,-0.000025,-0.000001,-0.000010,-0.000004,-0.000014,0.000004,-0.000005,0.000002,0.000027,0.000028,0.000004,-0.000009,0.000005,0.000001,-0.000008,0.000010,0.000025,-0.000015,-0.000027,-0.000028,0.000013,-0.000019,0.000006,-0.000004,0.000009,0.000012,0.000000,0.000000,0.000000,0.000000,0.000000,0.000000,0.000000,0.000000,0.000000,0.000000,0.000000,0.000000,0.000000
0.000000,0.000000,0.000000,0.000000,0.000000,0.000000,0.000000,0.000000,0.000000,0.000000,0.000000,0.000000,-0.000002,0.000016,-0.000016,0.000009,0.000013,-0.000008,-0.000007,-0.000004,-0.000038,0.000022,-0.000024,0.000010,-0.000002,-0.000000,-0.000013,0.000004,0.000016,0.000004,0.000017,-0.000016,0.000015,-0.000028,0.000022,0.000007,-0.000020,0.000008,-0.000015,-0.000010,-0.000025,0.000011,-0.000045,-0.000012,-0.000001,-0.000010,0.000002,0.000023,-0.000003,0.000005,0.000014,0.000003,-0.000003,-0.000001,0.000006,-0.000020,0.000020,0.000001,0.000002,0.000014,0.000005,0.000018,0.000001,0.000014,0.000014,-0.000006,-0.000001,0.000022,0.000018,0.000006,0.000010,-0.000003,-0.000012,-0.000022,-0.000012,0.000005,-0.000012,0.000003,-0.000015,-0.000022,-0.000002,0.000013,0.000011,0.000026,0.000011,0.000001,0.000021,-0.000003,0.000001,0.000001,-0.000011,0.000000,0.000000,0.000000,0.000000,0.000000,0.000000,0.000000,0.000000,0.000000,0.000000,0.000000,0.000000
0.000000,0.000000,0.000000,0.000000,0.000000,0.000000,0.000000,0.000000,0.000000,0.000000,0.000000,-0.000014,0.000010,0.000012,0.000012,-0.000026,0.000001,-0.000004,0.000001,0.000023,0.000022,0.000024,-0.000006,-0.000001,-0.000004,0.000006,-0.000001,-0.000000,-0.000030,-0.000017,0.000011,-0.000020,0.000006,-0.000006,-0.000005,0.000016,-0.000008,0.000003,0.000006,-0.000004,0.000009,0.000023,0.000008,0.000003,-0.000008,0.000014,-0.000009,-0.000002,-0.000018,-0.000024,-0.000003,-0.000011,0.000008,0.000021,0.000002,-0.000002,0.000010,-0.000014,0.000015,-0.000000,-0.000021,-0.000020,-0.000018,-0.000003,0.000010,-0.000016,0.000004,-0.000021,-0.000015,-0.000019,-0.000005,0.000002,0.000018,0.000010,-0.000007,0.000008,0.000000,0.000018,0.000014,0.000037,-0.000021,0.000006,-0.000009,0.000001,0.000008,-0.000026,-0.000006,-0.000027,0.000003,-0.000004,0.000006,-0.000001,0.000000,0.000000,0.000000,0.000000,0.000000,0.000000,0.000000,0.000000,0.000000,0.000000,0.000000
0.000000,0.000000,0.000000,0.000000,0.000000,0.000000,0.000000,0.000000,0.000000,0.000000,0.000000,0.000002,-0.000027,0.000001,-0.000008,-0.000002,0.000016,-0.000003,-0.000025,-0.000009,-0.000024,-0.000006,0.000003,-0.000003,0.000007,-0.000010,-0.000001,0.000023,0.000018,0.000024,0.000016,-0.000034,0.000009,0.000002,-0.000013,0.000005,-0.000000,0.000008,-0.000002,-0.000022,0.000007,-0.000029,0.000000,0.000019,0.000017,0.000009,0.000001,0.000011,0.000018,0.000020,-0.000005,-0.000012,-0.000012,-0.000018,-0.000023,0.000021,0.000002,-0.000013,0.000027,-0.000019,0.000019,0.000015,0.000004,0.000007,0.000024,-0.000002,0.000017,-0.000002,0.000020,0.000018,0.000007,-0.000013,-0.000005,-0.000001,-0.000000,0.000001,-0.000009,-0.000005,-0.000026,0.000010,-0.000020,-0.000005,-0.000013,-0.000000,-0.000008,-0.000001,0.000020,0.000004,0.000025,-0.000019,0.000001,0.000001,0.000000,0.000000,0.000000,0.000000,0.000000,0.000000,0.000000,0.000000,0.000000,0.000000,0.000000
0.000000,0.000000,0.000000,0.000000,0.000000,0.000000,0.000000,0.000000,0.000000,0.000000,0.000015,0.000015,0.000019,-0.000003,-0.000017,-0.000001,0.000000,0.000012,-0.000003,0.000019,0.000010,-0.000001,-0.000003,0.000005,-0.000006,0.000002,-0.000007,0.000000,-0.000023,-0.000013,0.000007,-0.000019,0.000006,0.000016,-0.000012,0.000015,-0.000004,0.000009,-0.000001,0.000022,0.000001,-0.000016,0.000004,-0.000026,-0.000014,-0.000017,-0.000022,-0.000017,0.000010,0.000001,0.000001,-0.000005,0.000005,0.000026,-0.000005,0.000008,0.000015,0.000004,-0.000005,-0.000019,0.000007,0.000004,-0.000039,-0.000005,-0.000010,-0.000025,0.000015,-0.000030,0.000003,-0.000013,0.000001,0.000002,-0.000004,-0.000006,0.000013,-0.000004,0.000012,0.000017,-0.000016,0.000015,0.000008,0.000028,0.000017,-0.000002,-0.000006,0.000019,-0.000011,-0.000028,0.000003,-0.000008,0.000018,-0.000016,0.000008,0.000000,0.000000,0.000000,0.000000,0.000000,0.000000,0.000000,0.000000,0.000000,0.000000
0.000000,0.000000,0.000000,0.000000,0.000000,0.000000,0.000000,0.000000,0.000000,0.000003,-0.000014,-0.000021,0.000007,0.000015,0.000016,0.000007,-0.000017,0.000006,0.000009,0.000002,-0.000002,-0.000004,0.000007,-0.000006,0.000005,0.000005,-0.000019,-0.000004,0.000003,-0.000001,0.000021,0.000002,0.000002,0.000018,-0.000033,0.000019,-0.000024,-0.000005,-0.000010,0.000005,0.000014,-0.000009,0.000035,0.000016,0.000023,0.000015,0.000030,-0.000003,0.000021,-0.000017,0.000003,-0.000004,0.000014,0.000003,-0.000005,-0.000019,-0.000031,0.000004,-0.000002,-0.000016,0.000014,0.000008,-0.000018,0.000011,-0.000007,0.000020,0.000008,-0.000005,0.000007,-0.000021,-0.000003,0.000020,0.000012,-0.000013,0.000013,-0.000016,-0.000010,0.000007,0.000008,0.000001,-0.000009,-0.000009,-0.000021,-0.000012,-0.000011,0.000003,0.000011,0.000005,0.000018,-0.000006,0.000010,0.000000,0.000004,-0.000005,0.000000,0.000000,0.000000,0.000000,0.000000,0.000000,0.000000,0.000000,0.000000
0.000000,0.000000,0.000000,0.000000,0.000000,0.000000,0.000000,0.000000,0.000000,-0.000009,0.000021,-0.000001,-0.000006,-0.000012,-0.000004,0.000012,0.000007,-0.000020,0.000001,0.000010,-0.000000,0.000006,-0.000010,0.000002,0.000005,0.000019,0.000001,0.000032,0.000015,-0.000024,-0.000014,-0.000024,0.000012,-0.000004,0.000024,0.000018,0.000012,0.000012,-0.000001,0.000004,-0.000021,-0.000004,-0.000022,-0.000024,-0.000021,-0.000030,-0.000006,-0.000023,-0.000006,-0.000013,0.000037,-0.000014,-0.000011,-0.000013,-0.000007,0.000018,0.000012,0.000008,0.000009,-0.000002,0.000021,-0.000013,0.000026,0.000026,-0.000033,0.000005,-0.000023,0.000015,0.000005,-0.000003,-0.000014,-0.000001,-0.000015,-0.000013,0.000017,-0.000010,0.000014,0.000002,-0.000007,0.000004,-0.000015,0.000007,0.000010,0.000023,0.000001,-0.000011,-0.000001,-0.000009,0.000005,0.000002,-0.000001,-0.000008,0.000005,-0.000005,0.000000,0.000000,0.000000,0.000000,0.000000,0.000000,0.000000,0.000000,0.000000
0.000000,0.000000,0.000000,0.000000,0.000000,0.000000,0.000000,0.000000,-0.000009,-0.000018,0.000001,-0.000001,0.000009,0.000006,0.000001,-0.000006,0.000010,-0.000004,0.000011,0.000006,-0.000013,-0.000001,-0.000001,-0.000007,-0.000019,0.000001,-0.000078,-0.000004,-0.000006,-0.000003,0.000039,0.000015,0.000009,-0.000022,-0.000021,0.000000,-0.000014,-0.000010,-0.000012,0.000012,-0.000005,0.000014,0.000018,0.000034,0.000032,0.000004,0.000015,-0.000007,0.000005,-0.000015,0.000015,0.000001,-0.000005,0.000035,-0.000014,0.000000,-0.000002,-0.000018,-0.000007,0.000000,0.000007,-0.000018,0.000006,-0.000003,-0.000003,0.000023,-0.000027,0.000017,0.000013,0.000000,0.000012,0.000015,0.000016,0.000011,-0.000003,-0.000004,0.000003,-0.000012,-0.000002,0.000010,0.000001,0.000006,-0.000022,-0.000002,-0.000015,0.000000,-0.000006,0.000008,-0.000017,-0.000000,-0.000001,-0.000003,-0.000003,0.000004,-0.000004,0.000000,0.000000,0.000000,0.000000,0.000000,0.000000,0.000000,0.000000
0.000000,0.000000,0.000000,0.000000,0.000000,0.000000,0.000000,0.000000,-0.000002,-0.000004,0.000015,-0.000005,-0.000007,0.000004,-0.000005,-0.000025,0.000014,-0.000026,-0.000007,-0.000009,0.000004,-0.000000,0.000023,0.000000,-0.000004,0.000032,-0.000004,0.000049,0.000007,-0.000011,0.000005,-0.000023,-0.000008,0.000003,-0.000010,0.000015,-0.000001,0.000011,0.000012,0.000005,-0.000001,-0.000006,-0.000008,-0.000037,-0.000032,-0.000019,0.000013,0.000015,0.000043,-0.000006,-0.000032,-0.000005,-0.000002,0.000013,-0.000021,0.000012,0.000003,0.000009,-0.000005,-0.000002,-0.000004,0.000009,-0.000008,-0.000010,0.000005,0.000011,-0.000001,0.000015,-0.000010,-0.000013,0.000008,-0.000025,-0.000013,0.000002,-0.000013,-0.000019,0.000014,-0.000006,0.000007,0.000007,-0.000027,0.000003,-0.000005,0.000020,0.000012,-0.000003,0.000014,0.000009,0.000002,0.000005,0.000007,0.000005,-0.000000,0.000011,-0.000006,0.000000,0.000000,0.000000,0.000000,0.000000,0.000000,0.000000,0.000000
0.000000,0.000000,0.000000,0.000000,0.000000,0.000000,0.000000,0.000005,0.000002,0.000009,0.000021,-0.000014,0.000006,0.000022,-0.000005,0.000004,0.000012,-0.000007,0.000000,-0.000012,0.000016,-0.000030,0.000018,-0.000023,0.000003,0.000015,-0.000006,0.000007,-0.000049,-0.000006,0.000007,0.000003,0.000018,0.000040,0.000010,-0.000006,-0.000012,-0.000012,-0.000019,-0.000008,-0.000016,0.000009,0.000031,0.000019,0.000021,0.000000,-0.000011,-0.000064,0.000010,-0.000005,-0.000014,0.000014,-0.000007,0.000007,-0.000017,0.000006,-0.000020,0.000015,0.000012,-0.000009,-0.000005,0.000029,0.000000,-0.000004,-0.000008,-0.000022,-0.000024,-0.000001,0.000006,0.000008,0.000017,-0.000002,0.000022,0.000013,0.000021,0.000000,0.000023,-0.000015,0.000009,0.000012,-0.000014,0.000036,-0.000008,-0.000012,-0.000012,-0.000010,-0.000008,0.000001,0.000001,-0.000020,-0.000004,-0.000020,0.000017,0.000004,0.000012,0.000007,0.000000,0.000000,0.000000,0.000000,0.000000,0.000000,0.000000
0.000000,0.000000,0.000000,0.000000,0.000000,0.000000,0.000000,0.000010,0.000004,-0.000021,-0.000011,-0.000009,0.000002,-0.000017,-0.000001,-0.000009,0.000003,0.000008,0.000003,0.000006,0.000004,-0.000017,0.000024,-0.000013,-0.000001,-0.000024,-0.000003,-0.000011,-0.000006,0.000048,0.000014,-0.000011,-0.000017,-0.000036,-0.000053,-0.000014,0.000011,0.000012,0.000032,0.000004,0.000014,-0.000028,-0.000043,-0.000018,0.000019,0.000031,0.000056,-0.000006,0.000014,0.000003,-0.000006,0.000039,-0.000012,0.000008,-0.000013,0.000004,-0.000025,-0.000008,-0.000008,-0.000009,0.000001,-0.000005,-0.000023,0.000023,0.000004,0.000005,0.000036,0.000000,-0.000009,0.000010,-0.000009,-0.000023,-0.000015,-0.000002,0.000002,-0.000023,0.000020,-0.000024,-0.000002,0.000004,-0.000010,-0.000003,-0.000003,0.000021,-0.000014,0.000005,-0.000015,0.000002,0.000020,0.000021,0.000017,-0.000021,0.000011,-0.000003,-0.000001,-0.000013,0.000000,0.000000,0.000000,0.000000,0.000000,0.000000,0.000000
0.000000,0.000000,0.000000,0.000000,0.000000,0.000000,-0.000005,-0.000016,0.000018,0.000013,0.000020,0.000002,-0.000007,-0.000006,0.000015,-0.000019,-0.000006,-0.000012,-0.000007,0.000008,0.000017,0.000011,0.000016,0.000007,0.000021,-0.000014,0.000039,0.000005,0.000007,0.000014,-0.000069,-0.000031,0.000019,0.000030,0.000057,0.000041,0.000006,-0.000027,-0.000009,-0.000005,0.000049,0.000036,0.000025,0.000012,-0.000029,-0.000097,0.000003,-0.000005,0.000007,-0.000003,-0.000019,0.000013,-0.000017,0.000006,0.000017,0.000034,0.000008,0.000030,0.000010,-0.000016,0.000001,0.000008,-0.000017,0.000022,0.000001,-0.000013,0.000007,-0.000009,-0.000018,-0.000009,-0.000000,0.000014,0.000005,0.000006,0.000005,-0.000013,0.000013,-0.000020,0.000016,-0.000001,0.000009,0.000004,-0.000006,0.000012,-0.000019,0.000039,0.000004,-0.000014,-0.000011,-0.000006,-0.000004,0.000015,0.000001,-0.000009,0.000004,-0.000018,-0.000006,0.000000,0.000000,0.000000,0.000000,0.000000,0.000000
0.000000,0.000000,0.000000,0.000000,0.000000,0.000000,0.000002,-0.000015,0.000005,0.000009,-0.000012,0.000007,0.000022,-0.000005,0.000014,0.000008,0.000023,0.000000,0.000015,-0.000004,-0.000016,-0.000020,-0.000034,-0.000019,0.000002,-0.000024,0.000015,-0.000023,0.000003,-0.000011,-0.000031,0.000101,0.000039,-0.000013,-0.000037,-0.000071,-0.000060,0.000019,0.000014,-0.000027,-0.000073,-0.000019,-0.000011,0.000028,0.000108,-0.000010,0.000025,0.000000,-0.000030,0.000028,0.000013,-0.000002,0.000002,0.000015,-0.000012,-0.000013,-0.000004,-0.000005,-0.000006,-0.000006,0.000008,0.000004,-0.000009,0.000006,-0.000014,-0.000009,0.000003,0.000009,0.000030,-0.000002,0.000004,0.000008,0.000003,0.000007,0.000007,-0.000017,0.000003,0.000001,0.000006,-0.000001,0.000013,-0.000014,-0.000024,0.000020,-0.000018,-0.000007,-0.000010,-0.000003,0.000000,0.000003,-0.000011,-0.000002,0.000000,-0.000008,0.000018,0.000017,0.000005,0.000000,0.000000,0.000000,0.000000,0.000000,0.000000
0.000000,0.000000,0.000000,0.000000,0.000000,0.000011,0.000003,0.000026,0.000007,-0.000036,0.000001,-0.000023,0.000013,0.000003,-0.000011,-0.000021,0.000002,-0.000009,0.000004,0.000011,0.000015,0.000006,0.000009,0.000006,0.000002,0.000012,0.000009,-0.000008,0.000018,-0.000017,0.000019,0.000039,-0.000157,-0.000032,0.000036,0.000029,0.000044,0.000068,0.000039,0.000013,0.000018,0.000031,-0.000040,-0.000171,0.000010,0.000008,-0.000018,0.000013,-0.000023,0.000005,-0.000032,-0.000013,-0.000008,0.000012,-0.000029,-0.000013,-0.000000,0.000008,0.000003,0.000013,-0.000006,-0.000007,-0.000002,-0.000008,0.000003,0.000010,-0.000006,-0.000022,0.000026,-0.000015,-0.000017,0.000006,-0.000012,-0.000003,-0.000007,-0.000005,0.000002,-0.000002,-0.000005,-0.000017,-0.000000,0.000013,0.000005,0.000009,0.000003,-0.000007,0.000003,0.000011,0.000006,-0.000008,0.000010,0.000019,-0.000011,-0.000025,0.000008,-0.000004,-0.000005,-0.000015,0.000000,0.000000,0.000000,0.000000,0.000000
0.000000,0.000000,0.000000,0.000000,0.000000,-0.000019,0.000014,-0.000014,-0.000006,-0.000012,0.000039,-0.000014,0.000016,-0.000003,-0.000012,-0.000013,0.000011,-0.000001,-0.000021,-0.000019,-0.000028,-0.000006,0.000002,0.000016,0.000018,-0.000004,-0.000022,0.000003,0.000040,-0.000036,0.000030,-0.000013,-0.000032,0.000218,0.000051,-0.000029,0.000116,-0.000112,-0.000099,0.000126,-0.000027,0.000043,0.000236,-0.000053,0.000020,0.000020,-0.000034,0.000031,-0.000011,0.000034,-0.000008,-0.000007,0.000005,0.000038,-0.000023,0.000015,0.000026,-0.000021,0.000012,0.000028,-0.000026,0.000012,0.000012,0.000009,0.000003,0.000029,0.000001,-0.000030,0.000025,0.000007,-0.000001,0.000025,0.000004,0.000011,0.000020,0.000003,-0.000006,-0.000008,0.000021,-0.000005,-0.000001,0.000011,0.000004,-0.000013,0.000009,0.000001,-0.000005,0.000007,-0.000009,0.000012,-0.000008,-0.000011,-0.000001,0.000004,0.000024,-0.000029,0.000015,0.000004,0.000000,0.000000,0.000000,0.000000,0.000000
0.000000,0.000000,0.000000,0.000000,-0.000002,-0.000013,0.000003,-0.000007,0.000006,-0.000025,0.000020,-0.000039,0.000001,0.000009,-0.000002,0.000017,0.000012,0.000013,-0.000001,0.000006,0.000022,-0.000005,-0.000013,-0.000012,-0.000033,0.000024,-0.000021,-0.000010,0.000010,-0.000053,0.000057,-0.000037,0.000036,0.000051,-0.000278,-0.000174,-0.000236,-0.000254,-0.000259,-0.000209,-0.000173,-0.000269,0.000030,0.000000,-0.000018,0.000023,-0.000030,0.000034,-0.000012,0.000008,0.000006,0.000017,0.000002,-0.000035,0.000009,-0.000018,0.000007,-0.000004,0.000004,0.000009,-0.000022,0.000001,-0.000014,-0.000032,-0.000024,0.000010,-0.000009,-0.000004,0.000004,-0.000007,-0.000006,-0.000006,-0.000010,-0.000007,-0.000028,-0.000009,0.000006,-0.000011,0.000020,-0.000001,-0.000002,-0.000014,0.000013,-0.000021,0.000007,0.000017,-0.000023,0.000017,-0.000009,0.000003,-0.000002,0.000005,0.000008,0.000014,-0.000011,-0.000003,0.000032,-0.000014,0.000004,0.000000,0.000000,0.000000,0.000000
0.000000,0.000000,0.000000,0.000000,-0.000017,0.000022,0.000011,-0.000003,0.000039,-0.000012,0.000035,-0.000018,0.000020,-0.000014,-0.000012,-0.000007,-0.000014,-0.000004,-0.000013,0.000015,0.000007,0.000016,0.000005,0.000015,0.000019,0.000018,0.000000,0.000015,-0.000006,-0.000014,0.000041,-0.000071,0.000029,-0.000029,-0.000174,0.000537,0.001283,0.001439,0.001429,0.001307,0.000578,-0.000156,-0.000007,0.000038,-0.000038,0.000031,-0.000008,0.000003,-0.000035,-0.000016,-0.000002,-0.000013,0.000003,-0.000014,0.000023,-0.000042,0.000020,0.000001,-0.000008,0.000014,0.000011,0.000021,0.000005,0.000011,-0.000002,0.000003,0.000024,-0.000014,-0.000005,0.000010,-0.000018,-0.000012,-0.000013,0.000041,0.000019,0.000020,0.000000,-0.000012,0.000001,-0.000019,0.000005,-0.000012,0.000007,-0.000008,0.000013,0.000012,-0.000021,0.000017,0.000006,0.000002,-0.000014,-0.000007,0.000001,-0.000017,0.000013,-0.000000,0.000005,-0.000010,0.000005,0.000000,0.000000,0.000000,0.000000
0.000000,0.000000,0.000000,0.000000,0.000003,-0.000005,0.000002,-0.000035,0.000003,-0.000034,0.000022,-0.000011,0.000002,0.000026,0.000015,-0.000001,0.000010,0.000007,-0.000017,0.000000,-0.000020,-0.000008,-0.000000,-0.000004,-0.000024,0.000012,-0.000014,-0.000001,-0.000012,0.000011,0.000006,-0.000060,0.000044,0.000116,-0.000236,0.001283,0.003334,0.003331,0.003337,0.003328,0.001343,-0.000198,0.000116,-0.000005,-0.000029,0.000001,0.000006,0.000015,0.000015,0.000012,0.000021,0.000023,0.000017,-0.000008,0.000040,-0.000018,-0.000001,0.000002,-0.000027,-0.000005,-0.000031,-0.000007,-0.000013,0.000001,-0.000015,-0.000009,-0.000016,0.000005,-0.000001,0.000011,0.000009,0.000016,-0.000017,0.000009,-0.000017,-0.000007,-0.000004,0.000002,0.000022,0.000002,0.000022,-0.000005,0.000024,-0.000014,-0.000016,0.000004,0.000000,0.000014,-0.000034,0.000014,-0.000000,0.000004,-0.000006,-0.000007,0.000017,-0.000012,0.000009,-0.000022,0.000019,0.000000,0.000000,0.000000,0.000000
0.000000,0.000000,0.000000,-0.000003,0.000003,0.000020,-0.000006,-0.000010,0.000031,-0.000016,-0.000004,-0.000012,-0.000010,-0.000003,0.000000,-0.000001,-0.000000,0.000004,0.000003,0.000029,0.000008,0.000003,0.000008,0.000009,-0.000005,0.000012,-0.000010,0.000011,-0.000012,0.000012,-0.000027,0.000019,0.000068,-0.000112,-0.000254,0.001439,0.003331,0.003333,0.003333,0.003337,0.001511,-0.000214,-0.000094,0.000041,0.000007,-0.000011,0.000005,-0.000031,0.000023,0.000001,-0.000029,-0.000029,-0.000027,-0.000005,-0.000004,0.000004,0.000019,0.000022,0.000021,0.000022,0.000003,0.000010,-0.000002,0.000010,0.000008,0.000008,-0.000017,0.000007,-0.000025,-0.000020,0.000007,0.000019,-0.000015,-0.000020,-0.000001,0.000000,0.000005,0.000013,0.000015,-0.000033,-0.000009,-0.000012,0.000024,-0.000001,0.000003,0.000000,-0.000013,0.000002,-0.000027,0.000038,-0.000015,0.000005,-0.000012,0.000004,0.000011,-0.000006,0.000003,-0.000009,-0.000014,0.000003,0.000000,0.000000,0.000000
0.000000,0.000000,0.000000,0.000005,-0.000011,-0.000019,0.000009,0.000016,0.000017,-0.000016,0.000008,0.000007,0.000011,-0.000008,0.000004,-0.000007,-0.000008,-0.000001,-0.000019,0.000009,-0.000015,0.000006,-0.000002,-0.000001,-0.000010,-0.000001,-0.000012,0.000012,-0.000019,0.000032,-0.000009,0.000014,0.000039,-0.000099,-0.000259,0.001429,0.003337,0.003333,0.003333,0.003335,0.001487,-0.000234,-0.000099,0.000044,0.000017,0.000006,0.000008,-0.000020,0.000015,-0.000019,0.000011,0.000027,0.000004,0.000019,0.000007,-0.000004,-0.000017,-0.000028,-0.000014,-0.000021,-0.000006,0.000020,-0.000006,-0.000032,0.000014,-0.000004,0.000007,0.000017,0.000018,0.000006,-0.000022,0.000010,0.000001,0.000010,0.000021,0.000004,0.000008,-0.000025,0.000006,-0.000019,0.000005,0.000006,-0.000017,0.000001,0.000002,0.000001,0.000017,0.000017,-0.000017,0.000011,-0.000021,0.000013,0.000006,-0.000009,0.000004,-0.000006,0.000005,-0.000019,0.000026,-0.000019,0.000000,0.000000,0.000000
0.000000,0.000000,0.000000,0.000016,0.000001,0.000006,0.000007,-0.000037,0.000010,-0.000018,-0.000001,-0.000001,-0.000003,-0.000010,0.000010,-0.000020,-0.000002,0.000019,0.000009,0.000016,-0.000010,-0.000004,-0.000022,0.000022,0.000005,0.000004,0.000012,0.000005,-0.000008,0.000004,-0.000005,-0.000027,0.000013,0.000126,-0.000209,0.001307,0.003328,0.003337,0.003335,0.003325,0.001377,-0.000201,0.000100,0.000019,-0.000060,-0.000013,0.000004,-0.000007,0.000031,-0.000003,-0.000001,0.000006,0.000012,-0.000010,0.000002,0.000008,0.000014,0.000015,0.000006,0.000009,-0.000020,0.000009,0.000028,-0.000009,-0.000007,0.000011,-0.000028,-0.000001,-0.000002,0.000005,-0.000015,0.000017,0.000006,-0.000006,-0.000005,-0.000012,-0.000006,-0.000017,0.000021,-0.000006,0.000011,0.000004,-0.000015,-0.000012,-0.000009,-0.000002,0.000004,0.000005,-0.000007,0.000019,-0.000005,-0.000014,0.000009,-0.000015,0.000026,-0.000016,-0.000001,-0.000027,0.000008,0.000016,0.000000,0.000000,0.000000
0.000000,0.000000,0.000000,-0.000017,-0.000002,-0.000012,0.000008,-0.000006,0.000019,0.000006,0.000024,-0.000002,-0.000015,-0.000011,0.000020,-0.000001,-0.000004,-0.000002,-0.000015,-0.000009,-0.000025,0.000009,0.000007,0.000001,0.000014,-0.000021,-0.000005,-0.000001,-0.000016,0.000014,0.000049,-0.000073,0.000018,-0.000027,-0.000173,0.000578,0.001343,0.001511,0.001487,0.001377,0.000621,-0.000144,-0.000005,0.000032,-0.000045,0.000081,-0.000003,-0.000011,-0.000010,-0.000023,-0.000006,-0.000042,-0.000005,-0.000008,-0.000032,-0.000004,0.000000,0.000002,0.000002,0.000019,-0.000019,-0.000010,0.000005,0.000003,0.000006,0.000037,-0.000014,-0.000016,-0.000012,0.000014,-0.000012,0.000000,-0.000016,-0.000023,0.000008,0.000022,0.000011,0.000019,0.000005,-0.000017,-0.000016,-0.000001,0.000009,-0.000015,0.000013,-0.000011,-0.000005,-0.000011,-0.000026,0.000015,0.000006,0.000022,-0.000002,-0.000014,0.000020,-0.000003,0.000011,-0.000004,0.000020,-0.000006,0.000000,0.000000,0.000000
