0.000000,0.000000,0.000000,0.000000,0.000000,0.000000,0.000000,0.000000,0.000000,0.000000,0.000000,0.000000,0.000000,0.000000,0.000000,0.000000,0.000000,0.000000,0.000000,0.000000,0.000000,0.000000,0.000000,0.000000,0.000000,0.000000,0.000000,0.000000,0.000000,0.000000,0.000000,0.000000,0.000000,0.000000,0.000000,0.000000,0.000000,0.000000,0.000000,0.000000,0.000000,0.000000,0.000000,0.000000,0.000000,0.000000,0.000000,0.000000,0.000000,0.000000,0.000000,0.000000,0.000000,0.000000,0.000000,0.000000,0.000000,0.000000,0.000000,0.000000,0.000000,0.000000,0.000000,0.000000,0.000000,0.000000,0.000000,0.000000,0.000000,0.000000,0.000000,0.000000,0.000000,0.000000,0.000000,0.000000,0.000000,0.000000,0.000000,0.000000,0.000000,0.000000,0.000000,0.000000,0.000000,0.000000,0.000000,0.000000,0.000000,0.000000,0.000000,0.000000,0.000000,0.000000,0.000000,0.000000,0.000000,0.000000,0.000000,0.000000,0.000000,0.000000,0.000000
0.000000,0.000000,0.000000,0.000000,0.000000,0.000000,0.000000,0.000000,0.000000,0.000000,0.000000,0.000000,0.000000,0.000000,0.000000,0.000000,0.000000,0.000000,0.000000,0.000000,0.000000,0.000000,0.000000,0.000000,0.000000,0.000000,0.000000,0.000000,0.000000,0.000000,0.000000,0.000000,0.000000,0.000000,0.000000,0.000000,0.000000,0.000000,0.000000,0.000000,0.000000,0.000000,0.000000,0.000000,0.000000,0.000000,0.000000,0.000000,0.000000,0.000000,0.000000,-0.344722,0.000000,0.000000,0.000000,0.000000,0.000000,0.000000,0.000000,0.000000,0.000000,0.000000,0.000000,0.000000,0.000000,0.000000,0.000000,0.000000,0.000000,0.000000,0.000000,0.000000,0.000000,0.000000,0.000000,0.000000,0.000000,0.000000,0.000000,0.000000,0.000000,0.000000,0.000000,0.000000,0.000000,0.000000,0.000000,0.000000,0.000000,0.000000,0.000000,0.000000,0.000000,0.000000,0.000000,0.000000,0.000000,0.000000,0.000000,0.000000,0.000000,0.000000,0.000000
0.000000,0.000000,0.000000,0.000000,0.000000,0.000000,0.000000,0.000000,0.000000,0.000000,0.000000,0.000000,0.000000,0.000000,0.000000,0.000000,0.000000,0.000000,0.000000,0.000000,0.000000,0.000000,0.000000,0.000000,0.000000,0.000000,0.000000,0.000000,0.000000,0.000000,0.000000,0.000000,0.000000,0.000000,0.000000,0.000000,0.000000,0.000000,0.000000,0.000000,0.000000,0.000000,-0.233671,-0.181813,-0.140402,-0.151009,-0.175609,-0.207257,-0.181123,-0.177972,-0.128998,-0.007391,-0.148519,-0.197379,-0.169267,-0.200421,-0.175777,-0.160565,-0.145605,-0.172196,-0.199456,0.000000,0.000000,0.000000,0.000000,0.000000,0.000000,0.000000,0.000000,0.000000,0.000000,0.000000,0.000000,0.000000,0.000000,0.000000,0.000000,0.000000,0.000000,0.000000,0.000000,0.000000,0.000000,0.000000,0.000000,0.000000,0.000000,0.000000,0.000000,0.000000,0.000000,0.000000,0.000000,0.000000,0.000000,0.000000,0.000000,0.000000,0.000000,0.000000,0.000000,0.000000,0.000000
0.000000,0.000000,0.000000,0.000000,0.000000,0.000000,0.000000,0.000000,0.000000,0.000000,0.000000,0.000000,0.000000,0.000000,0.000000,0.000000,0.000000,0.000000,0.000000,0.000000,0.000000,0.000000,0.000000,0.000000,0.000000,0.000000,0.000000,0.000000,0.000000,0.000000,0.000000,0.000000,0.000000,0.000000,0.000000,0.000000,0.000000,-0.385461,-0.102967,-0.218570,-0.162539,-0.099846,-0.013644,-0.005822,-0.043803,-0.052452,-0.047014,-0.042717,-0.039388,-0.029049,-0.055151,-0.121367,-0.065973,-0.024719,-0.037868,-0.052668,-0.058385,-0.049945,-0.045688,-0.015327,-0.027001,-0.106575,-0.147282,-0.202454,-0.088420,-0.332071,0.000000,0.000000,0.000000,0.000000,0.000000,0.000000,0.000000,0.000000,0.000000,0.000000,0.000000,0.000000,0.000000,0.000000,0.000000,0.000000,0.000000,0.000000,0.000000,0.000000,0.000000,0.000000,0.000000,0.000000,0.000000,0.000000,0.000000,0.000000,0.000000,0.000000,0.000000,0.000000,0.000000,0.000000,0.000000,0.000000,0.000000
0.000000,0.000000,0.000000,0.000000,0.000000,0.000000,0.000000,0.000000,0.000000,0.000000,0.000000,0.000000,0.000000,0.000000,0.000000,0.000000,0.000000,0.000000,0.000000,0.000000,0.000000,0.000000,0.000000,0.000000,0.000000,0.000000,0.000000,0.000000,0.000000,0.000000,0.000000,0.000000,0.000000,0.000000,-0.348629,-0.099964,-0.098130,0.045174,0.019554,0.060762,0.013673,0.004206,-0.000253,0.007770,-0.022690,-0.038410,-0.060098,-0.088409,-0.076400,-0.043208,-0.041361,-0.062871,-0.059560,-0.043234,-0.082112,-0.106334,-0.072781,-0.035417,-0.021671,-0.001050,0.016535,0.051728,0.020627,0.081618,0.013674,0.040083,-0.117683,-0.070826,-0.370549,0.000000,0.000000,0.000000,0.000000,0.000000,0.000000,0.000000,0.000000,0.000000,0.000000,0.000000,0.000000,0.000000,0.000000,0.000000,0.000000,0.000000,0.000000,0.000000,0.000000,0.000000,0.000000,0.000000,0.000000,0.000000,0.000000,0.000000,0.000000,0.000000,0.000000,0.000000,0.000000,0.000000,0.000000
0.000000,0.000000,0.000000,0.000000,0.000000,0.000000,0.000000,0.000000,0.000000,0.000000,0.000000,0.000000,0.000000,0.000000,0.000000,0.000000,0.000000,0.000000,0.000000,0.000000,0.000000,0.000000,0.000000,0.000000,0.000000,0.000000,0.000000,0.000000,0.000000,0.000000,0.000000,0.000000,-0.349120,-0.056734,-0.061946,0.029677,-0.028691,-0.011855,-0.055969,0.031482,0.031070,0.056731,0.072260,0.089212,0.058277,0.095359,0.080189,0.002240,-0.059591,-0.051174,-0.033271,-0.091150,-0.057855,-0.047502,-0.078347,-0.023996,0.056704,0.099515,0.062542,0.066249,0.072815,0.060818,0.012783,0.028590,-0.013800,0.008160,0.002226,0.032974,-0.037302,-0.082897,-0.327862,0.000000,0.000000,0.000000,0.000000,0.000000,0.000000,0.000000,0.000000,0.000000,0.000000,0.000000,0.000000,0.000000,0.000000,0.000000,0.000000,0.000000,0.000000,0.000000,0.000000,0.000000,0.000000,0.000000,0.000000,0.000000,0.000000,0.000000,0.000000,0.000000,0.000000,0.000000,0.000000
0.000000,0.000000,0.000000,0.000000,0.000000,0.000000,0.000000,0.000000,0.000000,0.000000,0.000000,0.000000,0.000000,0.000000,0.000000,0.000000,0.000000,0.000000,0.000000,0.000000,0.000000,0.000000,0.000000,0.000000,0.000000,0.000000,0.000000,0.000000,0.000000,0.000000,-0.405855,-0.118258,-0.006035,-0.035202,-0.035636,-0.012051,0.038823,0.075235,0.066375,0.099682,0.067836,0.043060,0.044966,0.046169,0.008359,0.036510,0.069214,0.066523,0.022495,-0.005667,-0.005580,-0.078706,-0.036476,-0.003715,0.001196,0.050313,0.059769,0.055653,0.020746,0.034510,0.058806,0.060286,0.051310,0.080032,0.069943,0.060568,0.031265,0.002482,-0.017159,-0.010083,-0.004143,-0.170751,-0.369185,0.000000,0.000000,0.000000,0.000000,0.000000,0.000000,0.000000,0.000000,0.000000,0.000000,0.000000,0.000000,0.000000,0.000000,0.000000,0.000000,0.000000,0.000000,0.000000,0.000000,0.000000,0.000000,0.000000,0.000000,0.000000,0.000000,0.000000,0.000000,0.000000,0.000000
0.000000,0.000000,0.000000,0.000000,0.000000,0.000000,0.000000,0.000000,0.000000,0.000000,0.000000,0.000000,0.000000,0.000000,0.000000,0.000000,0.000000,0.000000,0.000000,0.000000,0.000000,0.000000,0.000000,0.000000,0.000000,0.000000,0.000000,0.000000,-0.264544,-0.156919,0.001130,-0.004933,-0.082537,-0.057313,-0.013403,0.029221,0.066022,0.069560,0.049837,0.053121,0.039316,0.057387,0.104186,0.115668,0.084595,0.078560,0.064267,0.064330,0.050151,0.037995,0.006740,-0.070074,-0.023571,0.034968,0.042238,0.063247,0.059730,0.082963,0.081498,0.085391,0.098718,0.065041,0.038370,0.054076,0.052516,0.050710,0.053587,0.029694,0.009263,-0.043327,-0.083451,-0.001533,0.008232,-0.098519,-0.194784,0.000000,0.000000,0.000000,0.000000,0.000000,0.000000,0.000000,0.000000,0.000000,0.000000,0.000000,0.000000,0.000000,0.000000,0.000000,0.000000,0.000000,0.000000,0.000000,0.000000,0.000000,0.000000,0.000000,0.000000,0.000000,0.000000,0.000000,0.000000
0.000000,0.000000,0.000000,0.000000,0.000000,0.000000,0.000000,0.000000,0.000000,0.000000,0.000000,0.000000,0.000000,0.000000,0.000000,0.000000,0.000000,0.000000,0.000000,0.000000,0.000000,0.000000,0.000000,0.000000,0.000000,0.000000,-0.322227,-0.041422,0.022070,0.025314,-0.077792,-0.056572,-0.055236,-0.097634,0.005859,0.077374,0.060648,0.048657,0.071028,0.089700,0.083579,0.069296,0.049198,0.029841,0.045866,0.065620,0.063648,0.065821,0.056602,0.059821,0.020881,-0.062229,-0.004688,0.056379,0.057583,0.070265,0.058832,0.065911,0.058284,0.033925,0.054865,0.072520,0.069382,0.086316,0.070675,0.049517,0.063669,0.056938,-0.044924,-0.089257,-0.032176,-0.051482,-0.014002,0.062219,0.019780,0.061111,-0.407175,0.000000,0.000000,0.000000,0.000000,0.000000,0.000000,0.000000,0.000000,0.000000,0.000000,0.000000,0.000000,0.000000,0.000000,0.000000,0.000000,0.000000,0.000000,0.000000,0.000000,0.000000,0.000000,0.000000,0.000000,0.000000,0.000000
0.000000,0.000000,0.000000,0.000000,0.000000,0.000000,0.000000,0.000000,0.000000,0.000000,0.000000,0.000000,0.000000,0.000000,0.000000,0.000000,0.000000,0.000000,0.000000,0.000000,0.000000,0.000000,0.000000,0.000000,-0.363924,0.095026,-0.006740,0.086430,0.035470,0.013736,0.019572,-0.070329,-0.098386,-0.083166,0.021046,0.083938,0.036801,0.065022,0.082485,0.070522,0.054188,0.065978,0.080607,0.075648,0.087212,0.094922,0.070549,0.078833,0.065961,0.071728,0.025136,-0.058221,0.004155,0.072315,0.071100,0.076874,0.064981,0.087138,0.094619,0.076391,0.083407,0.075753,0.059194,0.066872,0.079656,0.037733,0.061857,0.036176,-0.099565,-0.084987,-0.052745,0.024384,0.099778,0.051486,0.037676,0.102856,-0.011878,0.059939,-0.271869,0.000000,0.000000,0.000000,0.000000,0.000000,0.000000,0.000000,0.000000,0.000000,0.000000,0.000000,0.000000,0.000000,0.000000,0.000000,0.000000,0.000000,0.000000,0.000000,0.000000,0.000000,0.000000,0.000000,0.000000
0.000000,0.000000,0.000000,0.000000,0.000000,0.000000,0.000000,0.000000,0.000000,0.000000,0.000000,0.000000,0.000000,0.000000,0.000000,0.000000,0.000000,0.000000,0.000000,0.000000,0.000000,0.000000,0.000000,-0.249549,0.058792,-0.010803,0.042771,0.018861,0.088090,0.082797,0.048738,-0.034121,-0.116202,-0.105466,-0.025613,0.046771,0.070523,0.079583,0.053415,0.047769,0.059300,0.070678,0.077366,0.062259,0.063372,0.058148,0.055592,0.076799,0.063522,0.071955,0.025983,-0.061515,0.010925,0.075929,0.063398,0.070018,0.051415,0.044632,0.049828,0.046017,0.066040,0.071331,0.057974,0.041323,0.057213,0.062699,0.051965,-0.039177,-0.104942,-0.097625,-0.022978,0.079897,0.082333,0.057107,0.070506,-0.016822,0.069669,-0.023080,0.083786,-0.259443,0.000000,0.000000,0.000000,0.000000,0.000000,0.000000,0.000000,0.000000,0.000000,0.000000,0.000000,0.000000,0.000000,0.000000,0.000000,0.000000,0.000000,0.000000,0.000000,0.000000,0.000000,0.000000,0.000000
0.000000,0.000000,0.000000,0.000000,0.000000,0.000000,0.000000,0.000000,0.000000,0.000000,0.000000,0.000000,0.000000,0.000000,0.000000,0.000000,0.000000,0.000000,0.000000,0.000000,0.000000,-0.361561,-0.040470,-0.058791,-0.050088,-0.017631,0.010416,0.006742,0.030075,0.067183,0.085943,0.024977,-0.035404,-0.070073,-0.029985,0.041208,0.048149,0.025579,0.027938,0.054104,0.082402,0.074519,0.057362,0.058617,0.049706,0.055258,0.051647,0.071799,0.068563,0.069935,0.029341,-0.053791,0.020156,0.070603,0.063895,0.077429,0.068282,0.076813,0.073668,0.072775,0.064729,0.066286,0.044577,-0.002522,-0.004167,0.033560,0.004015,-0.024217,-0.053103,-0.037401,0.053541,0.068381,0.070224,0.058854,0.057899,0.012327,0.045271,0.033149,0.010704,-0.071017,-0.062751,-0.380436,0.000000,0.000000,0.000000,0.000000,0.000000,0.000000,0.000000,0.000000,0.000000,0.000000,0.000000,0.000000,0.000000,0.000000,0.000000,0.000000,0.000000,0.000000,0.000000,0.000000,0.000000
0.000000,0.000000,0.000000,0.000000,0.000000,0.000000,0.000000,0.000000,0.000000,0.000000,0.000000,0.000000,0.000000,0.000000,0.000000,0.000000,0.000000,0.000000,0.000000,0.000000,-0.250109,0.030810,-0.053279,-0.081209,-0.057118,-0.066174,-0.039123,0.022192,0.078341,0.092916,0.085318,0.063635,0.003159,-0.061650,-0.114685,-0.068964,-0.022169,-0.022340,-0.002321,0.030621,0.084759,0.067991,0.051181,0.077133,0.088111,0.097783,0.086570,0.078385,0.062999,0.071752,0.027107,-0.048082,0.029570,0.071563,0.061482,0.078775,0.083896,0.095295,0.082158,0.076572,0.054916,0.055133,0.007653,-0.046398,-0.023707,-0.054102,-0.087121,-0.095642,-0.059293,0.011121,0.062816,0.058725,0.034888,0.066556,0.056645,-0.022221,-0.055890,-0.023875,-0.049626,-0.039494,-0.058753,0.037810,-0.275714,0.000000,0.000000,0.000000,0.000000,0.000000,0.000000,0.000000,0.000000,0.000000,0.000000,0.000000,0.000000,0.000000,0.000000,0.000000,0.000000,0.000000,0.000000,0.000000,0.000000
0.000000,0.000000,0.000000,0.000000,0.000000,0.000000,0.000000,0.000000,0.000000,0.000000,0.000000,0.000000,0.000000,0.000000,0.000000,0.000000,0.000000,0.000000,0.000000,-0.227233,-0.051059,-0.049942,-0.086667,-0.109674,-0.095645,-0.121671,-0.060707,0.017833,0.032389,0.051983,0.051839,0.053188,0.019880,-0.059749,-0.114914,-0.096858,-0.028235,-0.040905,-0.051504,0.009090,0.063898,0.076772,0.080714,0.087737,0.066668,0.064211,0.057717,0.068710,0.060443,0.078267,0.032211,-0.043758,0.045283,0.081659,0.062147,0.060357,0.044388,0.053815,0.052660,0.081826,0.073763,0.059908,-0.023959,-0.089861,-0.054552,-0.028739,-0.090201,-0.118273,-0.038963,0.017087,0.074509,0.087318,0.063233,0.057470,-0.022690,-0.092668,-0.088257,-0.101898,-0.088628,-0.113463,-0.087640,-0.038800,0.001715,-0.295972,0.000000,0.000000,0.000000,0.000000,0.000000,0.000000,0.000000,0.000000,0.000000,0.000000,0.000000,0.000000,0.000000,0.000000,0.000000,0.000000,0.000000,0.000000,0.000000
0.000000,0.000000,0.000000,0.000000,0.000000,0.000000,0.000000,0.000000,0.000000,0.000000,0.000000,0.000000,0.000000,0.000000,0.000000,0.000000,0.000000,0.000000,-0.198676,-0.029989,-0.104731,-0.098799,-0.099265,-0.136009,-0.080947,-0.128210,-0.129667,-0.000476,0.077819,0.067509,0.050892,0.072007,0.032450,-0.045951,-0.087026,-0.076960,-0.070974,-0.091187,-0.069085,0.015130,0.065323,0.078357,0.059057,0.046142,0.041335,0.051622,0.054814,0.074640,0.067165,0.068801,0.019667,-0.064348,0.037655,0.065677,0.068722,0.077303,0.060322,0.069400,0.052262,0.070391,0.074418,0.069442,-0.001612,-0.087067,-0.077550,-0.055583,-0.092166,-0.089450,-0.019583,0.035673,0.068143,0.097710,0.086191,0.092770,0.042272,-0.085579,-0.129514,-0.086729,-0.085533,-0.142462,-0.096080,-0.061080,-0.057089,-0.004455,-0.276169,0.000000,0.000000,0.000000,0.000000,0.000000,0.000000,0.000000,0.000000,0.000000,0.000000,0.000000,0.000000,0.000000,0.000000,0.000000,0.000000,0.000000,0.000000
0.000000,0.000000,0.000000,0.000000,0.000000,0.000000,0.000000,0.000000,0.000000,0.000000,0.000000,0.000000,0.000000,0.000000,0.000000,0.000000,0.000000,-0.226910,-0.047251,-0.064163,-0.053838,-0.077643,-0.083909,-0.100483,-0.067960,-0.078276,-0.037310,0.070705,0.083661,0.073305,0.081640,0.082258,0.048572,-0.008928,-0.067461,-0.089585,-0.085926,-0.110113,-0.073344,0.020148,0.051332,0.070031,0.072618,0.070114,0.081480,0.086406,0.073288,0.078731,0.057793,0.062705,0.018153,-0.059021,0.042674,0.057411,0.059562,0.084367,0.067241,0.090869,0.069112,0.072986,0.081605,0.070028,0.001899,-0.079280,-0.116645,-0.101668,-0.088277,-0.070231,0.015434,0.065123,0.054841,0.061609,0.053990,0.054223,0.027524,-0.011668,-0.035706,-0.070117,-0.083223,-0.106417,-0.127305,-0.106080,-0.068664,-0.033861,-0.037097,-0.286550,0.000000,0.000000,0.000000,0.000000,0.000000,0.000000,0.000000,0.000000,0.000000,0.000000,0.000000,0.000000,0.000000,0.000000,0.000000,0.000000,0.000000
0.000000,0.000000,0.000000,0.000000,0.000000,0.000000,0.000000,0.000000,0.000000,0.000000,0.000000,0.000000,0.000000,0.000000,0.000000,0.000000,-0.231309,-0.014545,-0.127679,0.026613,-0.010243,0.039039,0.031118,-0.014842,0.005693,0.034018,0.021668,0.047875,0.091079,0.068057,0.071910,0.079782,0.048615,0.024589,-0.034788,-0.083985,-0.070342,-0.026935,0.010818,0.055712,0.067451,0.069123,0.052403,0.064416,0.081016,0.069178,0.069250,0.067436,0.054704,0.085905,0.043621,-0.021610,0.072565,0.075048,0.053026,0.074593,0.058921,0.071173,0.064468,0.049347,0.058296,0.082061,0.064438,-0.001189,-0.041088,-0.030613,-0.032229,-0.015952,0.042853,0.079616,0.061892,0.062208,0.055857,0.076899,0.074602,0.035099,0.034859,0.005905,-0.034520,-0.067540,-0.081898,-0.117888,-0.079281,-0.076853,-0.063664,-0.033181,-0.235536,0.000000,0.000000,0.000000,0.000000,0.000000,0.000000,0.000000,0.000000,0.000000,0.000000,0.000000,0.000000,0.000000,0.000000,0.000000,0.000000
0.000000,0.000000,0.000000,0.000000,0.000000,0.000000,0.000000,0.000000,0.000000,0.000000,0.000000,0.000000,0.000000,0.000000,0.000000,-0.215908,-0.005702,-0.045086,0.069268,0.044080,0.084777,0.060355,0.092940,0.036166,0.072592,0.085147,0.082740,0.065094,0.054347,0.059542,0.061726,0.056973,0.065182,0.077221,0.056873,0.011981,0.011015,0.043945,0.067410,0.066245,0.062186,0.073267,0.071142,0.071484,0.060376,0.056760,0.068505,0.074005,0.068807,0.108929,0.059825,-0.003940,0.095822,0.090548,0.057614,0.080026,0.062252,0.066919,0.075117,0.078099,0.076781,0.075374,0.063838,0.053242,0.039348,0.043378,0.047226,0.049907,0.079735,0.087794,0.064751,0.066994,0.083500,0.066920,0.052923,0.091502,0.096172,0.064749,0.024618,-0.023324,-0.081550,-0.114204,-0.112572,-0.079183,-0.022408,-0.015185,-0.030876,-0.182271,0.000000,0.000000,0.000000,0.000000,0.000000,0.000000,0.000000,0.000000,0.000000,0.000000,0.000000,0.000000,0.000000,0.000000,0.000000
0.000000,0.000000,0.000000,0.000000,0.000000,0.000000,0.000000,0.000000,0.000000,0.000000,0.000000,0.000000,0.000000,0.000000,-0.218540,-0.060275,-0.083871,0.028964,0.029774,0.100877,0.050276,0.070016,0.057356,0.072968,0.070516,0.088691,0.056127,0.056836,0.084675,0.081930,0.071428,0.065283,0.055969,0.072029,0.090467,0.071681,0.060929,0.081799,0.076059,0.064890,0.063777,0.064839,0.059689,0.063302,0.060951,0.071491,0.069149,0.064334,0.062231,0.089688,0.026149,-0.034315,0.077130,0.083997,0.056692,0.070262,0.066431,0.064252,0.064257,0.066296,0.060192,0.062319,0.059807,0.065540,0.058545,0.080212,0.086648,0.073825,0.073579,0.054101,0.058546,0.074402,0.065784,0.081059,0.084494,0.070926,0.062079,0.068916,0.074743,0.011973,-0.069459,-0.109486,-0.077246,-0.047651,0.011557,0.046491,0.010047,0.030528,-0.192377,0.000000,0.000000,0.000000,0.000000,0.000000,0.000000,0.000000,0.000000,0.000000,0.000000,0.000000,0.000000,0.000000,0.000000
0.000000,0.000000,0.000000,0.000000,0.000000,0.000000,0.000000,0.000000,0.000000,0.000000,0.000000,0.000000,0.000000,-0.211996,-0.051041,-0.064332,-0.019767,0.054250,0.066248,0.055267,0.072003,0.054001,0.082365,0.074685,0.067331,0.052480,0.081910,0.069538,0.053814,0.062009,0.066563,0.088137,0.083886,0.058614,0.065717,0.062871,0.065625,0.079892,0.072014,0.057227,0.061705,0.067920,0.072617,0.074111,0.068769,0.078836,0.072802,0.069229,0.064054,0.077487,-0.005830,-0.068383,0.052044,0.076083,0.062015,0.071874,0.068823,0.069842,0.062690,0.074445,0.071984,0.070865,0.060592,0.064884,0.064202,0.075569,0.076210,0.054832,0.059685,0.063079,0.086020,0.079403,0.060733,0.056593,0.045789,0.087145,0.066906,0.052757,0.085444,0.047079,-0.051782,-0.102798,-0.076133,-0.041314,0.029912,0.054850,0.108865,0.002097,0.086952,-0.282718,0.000000,0.000000,0.000000,0.000000,0.000000,0.000000,0.000000,0.000000,0.000000,0.000000,0.000000,0.000000,0.000000
0.000000,0.000000,0.000000,0.000000,0.000000,0.000000,0.000000,0.000000,0.000000,0.000000,0.000000,0.000000,-0.257805,-0.062823,-0.084835,-0.065572,0.017349,0.089352,0.071211,0.060602,0.076648,0.081891,0.065717,0.070557,0.066920,0.065597,0.068483,0.064649,0.069181,0.068124,0.057331,0.061980,0.065457,0.066628,0.081510,0.072657,0.057972,0.063109,0.070076,0.073663,0.068697,0.069467,0.061485,0.060315,0.058698,0.059443,0.064614,0.074607,0.072523,0.091156,0.022395,-0.032273,0.072124,0.081774,0.069252,0.078589,0.065073,0.068976,0.064969,0.069324,0.069493,0.075042,0.065568,0.069963,0.064208,0.068735,0.070877,0.064510,0.078403,0.061120,0.062851,0.058802,0.056122,0.087940,0.080762,0.061496,0.058783,0.077990,0.075851,0.060338,0.015719,-0.033500,-0.049696,0.022570,0.036689,0.074653,-0.008178,0.135001,-0.045684,0.006362,-0.193437,0.000000,0.000000,0.000000,0.000000,0.000000,0.000000,0.000000,0.000000,0.000000,0.000000,0.000000,0.000000
0.000000,0.000000,0.000000,0.000000,0.000000,0.000000,0.000000,0.000000,0.000000,0.000000,0.000000,-0.388082,0.002673,-0.029788,-0.074856,-0.081756,0.000713,0.081200,0.064958,0.043656,0.088046,0.060216,0.054945,0.066891,0.075608,0.064472,0.070846,0.070441,0.066078,0.083757,0.071966,0.070675,0.067018,0.061962,0.072483,0.067722,0.064195,0.065225,0.070372,0.070229,0.062727,0.064704,0.072497,0.072564,0.066514,0.067143,0.066682,0.055572,0.044450,0.073219,0.029584,-0.011828,0.069904,0.062502,0.044562,0.069319,0.064697,0.067820,0.066604,0.073420,0.069291,0.066668,0.060138,0.070722,0.070983,0.068533,0.067823,0.064257,0.076813,0.065512,0.069995,0.070348,0.078395,0.080749,0.057125,0.075681,0.066450,0.071492,0.071764,0.046868,0.076493,0.050151,0.057297,0.032226,0.088590,0.056181,0.099210,0.022228,0.100620,0.014989,-0.027411,-0.243631,0.000000,0.000000,0.000000,0.000000,0.000000,0.000000,0.000000,0.000000,0.000000,0.000000,0.000000
0.000000,0.000000,0.000000,0.000000,0.000000,0.000000,0.000000,0.000000,0.000000,0.000000,0.000000,-0.046778,-0.039453,-0.066700,-0.080203,-0.097340,-0.012731,0.062896,0.070226,0.077397,0.068782,0.056232,0.073291,0.081780,0.083680,0.063277,0.058832,0.066433,0.066882,0.067624,0.057546,0.061909,0.070465,0.071041,0.069301,0.069140,0.076854,0.068951,0.066455,0.073908,0.072120,0.072710,0.067565,0.074040,0.072030,0.076267,0.063459,0.031287,0.017888,0.045836,0.008608,-0.030914,0.041659,0.033864,0.018406,0.055676,0.071915,0.076009,0.071912,0.074009,0.068088,0.076683,0.072242,0.075243,0.068821,0.066567,0.072032,0.063511,0.071479,0.064466,0.070066,0.066740,0.063407,0.063507,0.058708,0.068854,0.057827,0.061579,0.066779,0.060551,0.070282,0.064700,0.075028,0.068847,0.066083,0.093445,0.059569,0.073414,0.066172,-0.015759,-0.005687,-0.112046,0.000000,0.000000,0.000000,0.000000,0.000000,0.000000,0.000000,0.000000,0.000000,0.000000,0.000000
0.000000,0.000000,0.000000,0.000000,0.000000,0.000000,0.000000,0.000000,0.000000,0.000000,-0.229802,-0.047899,-0.008543,-0.070883,-0.120714,-0.113169,-0.049359,0.031656,0.068243,0.090704,0.065952,0.049409,0.079425,0.067798,0.053591,0.063872,0.081797,0.092555,0.070452,0.074689,0.072319,0.075844,0.070821,0.063593,0.060605,0.064507,0.076775,0.066576,0.067069,0.070090,0.067423,0.064739,0.060534,0.060783,0.059852,0.061708,0.034919,0.002497,0.023658,0.065365,0.013579,-0.027964,0.051893,0.054585,0.008148,0.023647,0.056728,0.066472,0.060987,0.064670,0.062746,0.068526,0.063250,0.067943,0.064284,0.067720,0.077436,0.064389,0.062562,0.060675,0.071625,0.071818,0.073689,0.070212,0.066953,0.092236,0.070275,0.071520,0.066608,0.069019,0.067074,0.052366,0.065513,0.068324,0.053754,0.053765,0.075670,0.056853,0.023717,-0.005815,-0.100057,-0.038267,-0.236736,0.000000,0.000000,0.000000,0.000000,0.000000,0.000000,0.000000,0.000000,0.000000,0.000000
0.000000,0.000000,0.000000,0.000000,0.000000,0.000000,0.000000,0.000000,0.000000,-0.350399,0.103062,0.034661,0.040656,-0.033337,-0.073442,-0.088316,-0.069455,-0.014383,0.030217,0.062435,0.069049,0.070257,0.087930,0.057140,0.059133,0.087079,0.061767,0.061923,0.058050,0.065906,0.066373,0.066657,0.065707,0.073041,0.078796,0.071967,0.075084,0.069829,0.075205,0.073749,0.071884,0.075374,0.071669,0.073807,0.073182,0.068306,0.021117,-0.014299,0.025773,0.076266,0.006444,-0.044626,0.056144,0.066309,-0.004105,-0.002490,0.046126,0.073998,0.068471,0.069158,0.070385,0.077610,0.071134,0.073027,0.070716,0.069697,0.072514,0.067766,0.074719,0.069324,0.071223,0.063287,0.064437,0.068657,0.069080,0.064481,0.046691,0.065030,0.064287,0.053545,0.078985,0.062724,0.082213,0.075176,0.067050,0.063061,0.060729,0.081772,0.070213,-0.036965,-0.074613,-0.091617,-0.011670,-0.395808,0.000000,0.000000,0.000000,0.000000,0.000000,0.000000,0.000000,0.000000,0.000000
0.000000,0.000000,0.000000,0.000000,0.000000,0.000000,0.000000,0.000000,0.000000,0.068377,-0.031116,0.048841,0.079484,0.009365,-0.011968,-0.076802,-0.114734,-0.078098,-0.031771,-0.002305,0.051560,0.074958,0.061968,0.059580,0.075051,0.094778,0.056093,0.066223,0.071463,0.076554,0.070891,0.065956,0.067133,0.066952,0.067561,0.061651,0.066113,0.066862,0.072321,0.067360,0.063119,0.064762,0.070857,0.074481,0.070977,0.058612,-0.001548,-0.052681,-0.012842,0.040534,-0.035847,-0.091055,0.015543,0.031213,-0.037524,-0.031504,0.034545,0.072854,0.067591,0.071487,0.068685,0.068036,0.064261,0.068586,0.068240,0.064170,0.064153,0.064995,0.068572,0.066249,0.071596,0.065803,0.067179,0.068128,0.067188,0.074677,0.063643,0.083776,0.073439,0.065455,0.076272,0.061864,0.059593,0.073184,0.086448,0.062025,0.091027,0.059064,0.011386,-0.091291,-0.076395,-0.092939,-0.014089,-0.002803,0.000000,0.000000,0.000000,0.000000,0.000000,0.000000,0.000000,0.000000,0.000000
0.000000,0.000000,0.000000,0.000000,0.000000,0.000000,0.000000,0.000000,-0.374492,-0.014079,0.038574,0.055377,0.025222,0.082961,-0.015554,-0.079162,-0.109089,-0.101134,-0.064410,-0.025690,0.023505,0.064706,0.057918,0.070502,0.060982,0.063219,0.047156,0.074349,0.081115,0.060999,0.061358,0.065751,0.072149,0.067027,0.067087,0.067497,0.074825,0.071482,0.072174,0.070589,0.072641,0.069587,0.059485,0.065542,0.069644,0.057476,-0.003375,-0.070776,-0.049182,0.011455,-0.032628,-0.073411,-0.001212,-0.005118,-0.068069,-0.045968,0.027839,0.063263,0.065183,0.065099,0.063334,0.071970,0.070053,0.068091,0.067549,0.069991,0.072515,0.073118,0.073296,0.066546,0.071586,0.068490,0.066029,0.064441,0.067052,0.076677,0.057950,0.073512,0.058283,0.068473,0.069517,0.073584,0.054854,0.066090,0.070601,0.076130,0.053304,0.076219,-0.048231,-0.116997,-0.148954,-0.076186,-0.099612,-0.030786,-0.335516,0.000000,0.000000,0.000000,0.000000,0.000000,0.000000,0.000000,0.000000
0.000000,0.000000,0.000000,0.000000,0.000000,0.000000,0.000000,0.000000,-0.013820,0.083407,0.016816,0.046509,0.062086,0.070275,0.002172,-0.029549,-0.083691,-0.090239,-0.067054,-0.028814,-0.000606,0.060377,0.074895,0.094591,0.075560,0.060194,0.073735,0.082386,0.065975,0.053443,0.068192,0.068963,0.065332,0.057780,0.063486,0.066979,0.067034,0.061583,0.062520,0.069642,0.073707,0.071449,0.071572,0.070817,0.076526,0.073006,0.023797,-0.048877,-0.067252,-0.029892,-0.041050,-0.066841,-0.030335,-0.043930,-0.069992,-0.021926,0.047457,0.074161,0.069201,0.068528,0.072759,0.073133,0.070817,0.070148,0.064007,0.065676,0.064460,0.065646,0.066020,0.061849,0.067168,0.068622,0.067741,0.067718,0.065539,0.077663,0.062689,0.069609,0.059109,0.074574,0.070582,0.084098,0.069765,0.070742,0.066423,0.061764,0.063644,0.074011,-0.000607,-0.067102,-0.119182,-0.115985,-0.094908,-0.012854,-0.043262,0.000000,0.000000,0.000000,0.000000,0.000000,0.000000,0.000000,0.000000
0.000000,0.000000,0.000000,0.000000,0.000000,0.000000,0.000000,-0.261621,0.001126,-0.014104,0.143197,0.070185,0.097676,0.043190,0.055876,-0.021978,-0.039585,-0.109890,-0.111220,-0.078392,-0.031950,0.053792,0.048480,0.063602,0.069663,0.058528,0.074133,0.063942,0.061534,0.068426,0.080186,0.067518,0.068451,0.068287,0.075066,0.071371,0.067030,0.065625,0.065073,0.068597,0.067280,0.064974,0.067878,0.069460,0.067102,0.068836,0.048995,-0.007828,-0.053327,-0.057990,-0.072196,-0.089559,-0.067092,-0.059890,-0.040989,0.017066,0.063535,0.068264,0.063480,0.070041,0.070536,0.065297,0.067008,0.069785,0.067070,0.066806,0.065582,0.068137,0.069226,0.069130,0.073421,0.066530,0.068830,0.068299,0.067662,0.068577,0.069649,0.070768,0.071620,0.064544,0.056568,0.064004,0.083085,0.056589,0.079154,0.061631,0.072398,0.073229,0.074264,0.005066,-0.008626,-0.093257,-0.007398,-0.017558,0.010179,-0.289607,0.000000,0.000000,0.000000,0.000000,0.000000,0.000000,0.000000
0.000000,0.000000,0.000000,0.000000,0.000000,0.000000,0.000000,-0.144866,-0.012029,-0.049734,-0.011923,0.022847,0.057190,0.047608,0.049500,0.023944,0.001602,-0.087941,-0.106388,-0.049382,0.012787,0.094078,0.057920,0.060352,0.076856,0.064317,0.068275,0.058618,0.071596,0.076029,0.069787,0.055033,0.065870,0.068497,0.065781,0.064388,0.069147,0.070307,0.067446,0.067039,0.067354,0.070409,0.067384,0.065901,0.068394,0.072158,0.072969,0.048548,0.007838,-0.022129,-0.044485,-0.056913,-0.036161,-0.011558,0.024241,0.061313,0.074482,0.070661,0.069828,0.070283,0.071641,0.067818,0.067566,0.069812,0.068168,0.067207,0.065729,0.065046,0.063099,0.067089,0.070862,0.067456,0.065683,0.067164,0.069167,0.067536,0.060558,0.067058,0.072584,0.082196,0.059679,0.069799,0.077607,0.065307,0.074401,0.057894,0.070418,0.057383,0.101698,0.065080,0.040247,-0.030664,0.043538,0.002639,0.015007,-0.117704,0.000000,0.000000,0.000000,0.000000,0.000000,0.000000,0.000000
0.000000,0.000000,0.000000,0.000000,0.000000,0.000000,-0.335755,-0.015020,-0.080955,-0.053864,-0.052703,-0.029056,0.030050,0.072286,0.086033,0.082718,0.046567,0.004058,-0.014622,0.033817,0.046266,0.094482,0.084840,0.069929,0.074921,0.068789,0.068874,0.061801,0.077058,0.067345,0.065849,0.070724,0.078670,0.069105,0.062189,0.066412,0.068580,0.067329,0.064087,0.065825,0.069898,0.072864,0.064314,0.060871,0.064416,0.066625,0.071570,0.070559,0.058376,0.043930,0.034502,0.029428,0.038041,0.048436,0.063966,0.072941,0.072358,0.068119,0.065853,0.063237,0.068115,0.070042,0.069283,0.070532,0.069768,0.067310,0.066238,0.068664,0.068513,0.067538,0.074128,0.073402,0.070400,0.069512,0.075130,0.072196,0.065894,0.059135,0.058407,0.089208,0.065937,0.069424,0.061991,0.068368,0.066171,0.065097,0.066097,0.066257,0.052136,0.090425,0.039477,0.036765,0.069384,0.057810,-0.058825,-0.010448,-0.378046,0.000000,0.000000,0.000000,0.000000,0.000000,0.000000
0.000000,0.000000,0.000000,0.000000,0.000000,0.000000,-0.124686,-0.029994,-0.055349,-0.102691,-0.078785,-0.068770,-0.016712,0.064033,0.077615,0.084071,0.072502,0.054908,0.063030,0.084454,0.033463,0.066647,0.072598,0.056831,0.059779,0.062291,0.067994,0.062415,0.067505,0.057196,0.066294,0.074176,0.069722,0.060530,0.063456,0.070199,0.066677,0.068413,0.068845,0.070585,0.067233,0.064729,0.065207,0.069316,0.072140,0.064630,0.066640,0.070286,0.070245,0.068619,0.069882,0.069774,0.069261,0.068588,0.073321,0.073144,0.068466,0.066227,0.072962,0.070382,0.064690,0.063902,0.069223,0.072451,0.073379,0.070750,0.068675,0.069580,0.068459,0.067538,0.071184,0.070239,0.070569,0.065111,0.065322,0.067156,0.077691,0.069491,0.054981,0.075241,0.067709,0.067778,0.055105,0.086517,0.067775,0.051746,0.095481,0.068114,0.045376,0.066431,0.078896,0.070762,0.076897,-0.005604,-0.077709,-0.015508,-0.137926,0.000000,0.000000,0.000000,0.000000,0.000000,0.000000
0.000000,0.000000,0.000000,0.000000,0.000000,-0.243543,-0.025462,-0.100266,-0.065171,-0.087717,-0.134034,-0.093426,-0.072375,0.006456,0.056060,0.065609,0.050180,0.053973,0.080325,0.094880,0.050509,0.074747,0.075072,0.065851,0.072808,0.063113,0.069581,0.065822,0.070144,0.064156,0.073120,0.068720,0.063279,0.068516,0.074346,0.069406,0.064376,0.070046,0.069141,0.069341,0.064983,0.063929,0.066326,0.070844,0.070646,0.065592,0.066110,0.065218,0.068120,0.068347,0.067759,0.068695,0.071694,0.072926,0.071562,0.067058,0.065763,0.065697,0.071594,0.070019,0.065256,0.067064,0.069411,0.068071,0.072322,0.072782,0.069621,0.066996,0.069712,0.073113,0.071589,0.067660,0.074068,0.068097,0.069694,0.059334,0.074995,0.078689,0.065418,0.066169,0.072581,0.074459,0.053693,0.093968,0.058033,0.051982,0.069113,0.070276,0.058905,0.088572,0.089732,0.052150,-0.021087,-0.052578,-0.061004,-0.084231,-0.010433,-0.306838,0.000000,0.000000,0.000000,0.000000,0.000000
0.000000,0.000000,0.000000,0.000000,0.000000,-0.057490,-0.028946,-0.067740,-0.066142,-0.062832,-0.105596,-0.098873,-0.101264,-0.042185,0.057622,0.074532,0.060492,0.077027,0.062409,0.066311,0.041765,0.069500,0.060672,0.068338,0.074423,0.063600,0.066212,0.064098,0.070714,0.066124,0.068561,0.063043,0.065229,0.073513,0.069122,0.065819,0.066197,0.071300,0.070048,0.068170,0.068453,0.069990,0.070018,0.069481,0.067130,0.069012,0.073381,0.065809,0.064580,0.066524,0.071736,0.075137,0.071090,0.066114,0.064607,0.067184,0.072003,0.066305,0.064596,0.065894,0.069091,0.069766,0.068750,0.066172,0.068831,0.069855,0.069313,0.066796,0.068769,0.073233,0.071522,0.064045,0.067830,0.068815,0.080125,0.061870,0.065814,0.069497,0.074232,0.060596,0.074873,0.071370,0.055309,0.064858,0.066426,0.075845,0.053677,0.057482,0.054654,0.078099,0.052281,-0.054788,-0.108338,-0.074057,-0.095416,-0.053442,-0.023863,-0.071900,0.000000,0.000000,0.000000,0.000000,0.000000
0.000000,0.000000,0.000000,0.000000,-0.432083,-0.029428,-0.033323,-0.012083,0.046189,0.000877,-0.037937,-0.044075,-0.106805,-0.064257,0.040818,0.083130,0.062353,0.091290,0.071573,0.077556,0.063517,0.078674,0.058865,0.060176,0.068126,0.064702,0.073938,0.064696,0.072725,0.066660,0.067965,0.067053,0.070429,0.069652,0.062361,0.067216,0.069683,0.067315,0.065781,0.067405,0.067925,0.067097,0.064629,0.065401,0.067795,0.071205,0.072127,0.067851,0.069211,0.068586,0.069036,0.068271,0.066451,0.068977,0.068207,0.067686,0.070960,0.069231,0.068647,0.067641,0.067302,0.066259,0.070610,0.071893,0.068576,0.067306,0.071314,0.068454,0.065362,0.070177,0.072888,0.067272,0.064585,0.059749,0.078129,0.071216,0.067827,0.064319,0.077581,0.059389,0.067936,0.074578,0.075638,0.056756,0.091892,0.072096,0.015514,0.013980,-0.005010,0.003187,-0.027272,-0.082070,-0.115806,-0.047551,-0.027341,0.003366,-0.025667,-0.039561,-0.358425,0.000000,0.000000,0.000000,0.000000
0.000000,0.000000,0.000000,0.000000,-0.098995,0.005528,-0.027431,0.036983,0.096891,0.046807,-0.025682,-0.053082,-0.112407,-0.076845,0.028851,0.074311,0.053744,0.063082,0.063416,0.079485,0.069740,0.077549,0.065374,0.063753,0.062456,0.063014,0.074620,0.065420,0.072286,0.068083,0.070099,0.071341,0.070349,0.067151,0.067806,0.073112,0.069725,0.063636,0.063007,0.069210,0.068333,0.065466,0.066337,0.069484,0.070317,0.068695,0.065868,0.063619,0.069842,0.070550,0.071698,0.071780,0.069468,0.069344,0.067081,0.064253,0.069470,0.072183,0.070154,0.067517,0.069255,0.070432,0.070896,0.069863,0.070410,0.067164,0.068581,0.069863,0.065919,0.064366,0.065842,0.071271,0.076538,0.063181,0.065979,0.068997,0.071641,0.058262,0.070351,0.065479,0.062118,0.072565,0.085540,0.063908,0.081653,0.013268,-0.050726,-0.046508,-0.075784,-0.102254,-0.056373,-0.008593,-0.020987,0.068346,0.059496,0.021931,-0.006456,0.032723,-0.090874,0.000000,0.000000,0.000000,0.000000
0.000000,0.000000,0.000000,0.000000,-0.143491,-0.024149,0.013420,0.068063,0.057526,0.004184,-0.017132,-0.080213,-0.101881,-0.025056,0.046437,0.086718,0.071832,0.065013,0.059176,0.074489,0.058615,0.067080,0.065963,0.074111,0.064744,0.064309,0.071063,0.064237,0.075507,0.067496,0.069481,0.070695,0.067352,0.066314,0.068598,0.070577,0.067107,0.067947,0.071036,0.072189,0.066611,0.068141,0.069607,0.069582,0.069000,0.068569,0.070752,0.069705,0.069512,0.065474,0.065892,0.067743,0.065357,0.064598,0.068049,0.070548,0.072574,0.070022,0.064631,0.064971,0.069403,0.070958,0.068524,0.067636,0.071588,0.071948,0.067716,0.069133,0.072560,0.066902,0.059125,0.062877,0.076186,0.072553,0.061790,0.060695,0.074451,0.060993,0.067469,0.075225,0.069913,0.060099,0.063069,0.056842,0.042720,-0.040239,-0.082849,-0.076846,-0.108748,-0.096567,-0.042145,0.053276,0.056398,0.056104,0.050981,0.057253,0.036345,-0.016803,-0.128172,0.000000,0.000000,0.000000,0.000000
0.000000,0.000000,0.000000,-0.266197,-0.004962,-0.033135,0.075177,0.063621,0.037879,0.036403,0.011385,-0.043874,-0.035858,0.033326,0.069386,0.076768,0.082846,0.074083,0.071017,0.073008,0.064663,0.066871,0.063883,0.070840,0.065704,0.063223,0.070570,0.064037,0.074873,0.068289,0.069678,0.069673,0.066388,0.065747,0.066842,0.067246,0.067491,0.073287,0.071598,0.067378,0.069696,0.073596,0.072875,0.069111,0.067536,0.068938,0.070906,0.070523,0.069332,0.065864,0.068754,0.068730,0.067515,0.067514,0.065572,0.065943,0.067852,0.067431,0.065844,0.065653,0.068377,0.067122,0.068022,0.068585,0.067893,0.071256,0.068946,0.063627,0.068685,0.073181,0.070728,0.064244,0.066170,0.074536,0.069724,0.059993,0.073466,0.068936,0.067037,0.068291,0.072814,0.060680,0.062405,0.075513,0.049248,-0.026983,-0.065209,-0.079552,-0.049556,-0.027854,-0.016395,0.057253,0.073838,0.053662,0.043812,0.061696,0.062750,-0.009201,0.018286,-0.315794,0.000000,0.000000,0.000000
0.000000,0.000000,0.000000,-0.131521,-0.033065,-0.054196,0.076068,0.036742,0.075286,0.087080,0.048245,0.040668,0.048761,0.063566,0.066780,0.055699,0.069103,0.068199,0.071271,0.068756,0.069244,0.070453,0.065687,0.068955,0.067033,0.062909,0.068341,0.061300,0.071119,0.066236,0.070655,0.068289,0.066370,0.066760,0.068105,0.069675,0.069673,0.070446,0.064187,0.064127,0.069653,0.072599,0.070902,0.069509,0.068014,0.066510,0.066260,0.065895,0.066476,0.064048,0.066059,0.067733,0.068063,0.065130,0.062784,0.066112,0.068111,0.068782,0.068985,0.067951,0.067645,0.068470,0.068385,0.070054,0.067670,0.069025,0.072249,0.068979,0.064306,0.066581,0.074839,0.072927,0.063241,0.070470,0.073033,0.065749,0.070984,0.071261,0.068635,0.057936,0.064288,0.068943,0.068407,0.086342,0.065425,0.001409,-0.086836,-0.108804,-0.054539,-0.041082,0.001157,0.029501,0.060703,0.086576,0.065151,0.059803,0.067767,-0.035406,0.007532,-0.082679,0.000000,0.000000,0.000000
0.000000,0.000000,0.000000,-0.196585,0.026701,0.003019,0.105322,0.044954,0.097373,0.067251,0.044409,0.074063,0.079545,0.071318,0.060967,0.060556,0.069207,0.064954,0.069631,0.062112,0.069463,0.072094,0.067554,0.070454,0.066294,0.060894,0.068168,0.063473,0.070216,0.068288,0.070993,0.067078,0.067793,0.068646,0.066961,0.069028,0.070532,0.066180,0.064115,0.068473,0.066163,0.064703,0.067576,0.069450,0.064930,0.063127,0.065734,0.066916,0.069276,0.068264,0.068475,0.066964,0.069251,0.067346,0.066589,0.068279,0.067680,0.067288,0.069539,0.073684,0.072419,0.069857,0.068501,0.069419,0.069132,0.066391,0.068488,0.074770,0.070886,0.058891,0.064177,0.073332,0.067147,0.066603,0.069267,0.073018,0.070734,0.067404,0.072034,0.063900,0.069085,0.070777,0.073515,0.069257,0.075167,0.027380,-0.059688,-0.105877,-0.075300,-0.058911,-0.019764,0.028162,0.041291,0.073165,0.082800,0.057797,0.078830,0.036450,0.072232,-0.194707,0.000000,0.000000,0.000000
0.000000,0.000000,0.000000,-0.176469,0.000133,0.017999,0.079752,0.045843,0.093439,0.045128,0.048878,0.078453,0.087644,0.066845,0.064874,0.068171,0.072143,0.062379,0.070705,0.062098,0.065745,0.068563,0.066752,0.072017,0.070074,0.061154,0.072683,0.064912,0.069190,0.067292,0.068340,0.060921,0.067961,0.068350,0.065842,0.066705,0.066191,0.068830,0.067621,0.068379,0.065429,0.063819,0.068434,0.071858,0.068427,0.066683,0.068283,0.067547,0.067538,0.067844,0.069367,0.067070,0.067004,0.067837,0.067972,0.067510,0.067671,0.069654,0.072642,0.075597,0.072764,0.070671,0.068957,0.071146,0.071766,0.066756,0.060849,0.068754,0.073410,0.066717,0.063845,0.070280,0.072098,0.068027,0.063303,0.072608,0.070484,0.060315,0.068216,0.063114,0.068329,0.063394,0.070042,0.061642,0.066331,0.059710,0.021774,-0.038767,-0.017046,-0.012818,0.023510,0.059354,0.056246,0.058917,0.076017,0.040678,0.052384,0.021435,0.016552,-0.154164,0.000000,0.000000,0.000000
0.000000,0.000000,0.000000,-0.121871,-0.002608,0.032249,0.043786,0.048471,0.068598,0.056129,0.079452,0.080107,0.063253,0.066041,0.068894,0.073175,0.070029,0.068482,0.071695,0.068430,0.067941,0.070412,0.067886,0.073913,0.075890,0.067292,0.072581,0.066589,0.071232,0.067839,0.069918,0.063037,0.067240,0.067820,0.066766,0.069100,0.066707,0.067521,0.066967,0.067429,0.066003,0.065664,0.067904,0.067968,0.069250,0.068846,0.068684,0.068960,0.072290,0.070934,0.067614,0.068384,0.068844,0.068682,0.069698,0.066922,0.066019,0.067426,0.069770,0.069898,0.069527,0.072084,0.069313,0.071603,0.073324,0.070583,0.065138,0.060350,0.065427,0.071216,0.065398,0.064606,0.073049,0.070086,0.061985,0.072586,0.070613,0.064915,0.075284,0.066736,0.073830,0.063071,0.072402,0.064796,0.063680,0.078289,0.066350,0.045121,0.054582,0.064670,0.072535,0.078566,0.066472,0.075982,0.076750,0.063505,0.049608,0.062829,0.027295,-0.100220,0.000000,0.000000,0.000000
0.000000,0.000000,-0.203192,-0.051884,-0.008254,0.071021,0.037675,0.090319,0.053277,0.078513,0.088203,0.060289,0.042992,0.088502,0.063769,0.077006,0.062635,0.069474,0.063478,0.066920,0.067255,0.073939,0.062501,0.067483,0.067559,0.071324,0.067944,0.066825,0.073181,0.068877,0.065985,0.068066,0.067992,0.068077,0.069497,0.071157,0.070028,0.066531,0.064634,0.067217,0.067125,0.067255,0.067469,0.068610,0.069058,0.067024,0.065799,0.066900,0.071166,0.071684,0.068875,0.067547,0.069045,0.069701,0.069191,0.067168,0.066124,0.067381,0.069175,0.068706,0.069093,0.072339,0.070545,0.070826,0.066195,0.068820,0.072850,0.066776,0.063318,0.070600,0.067717,0.068460,0.067828,0.070717,0.065836,0.072391,0.063618,0.070735,0.071222,0.063213,0.066688,0.069180,0.066809,0.071220,0.058493,0.082677,0.057570,0.085205,0.073341,0.081738,0.055858,0.059425,0.058341,0.081592,0.045404,0.091718,0.046422,0.065234,-0.009215,-0.010715,-0.229724,0.000000,0.000000
0.000000,0.000000,-0.176553,-0.025802,-0.013812,0.095686,0.042307,0.112170,0.045981,0.072897,0.071583,0.058411,0.064406,0.098898,0.054130,0.070553,0.072181,0.073803,0.068701,0.074553,0.067559,0.073763,0.067824,0.068480,0.066950,0.073334,0.069006,0.064155,0.070824,0.067025,0.062695,0.074088,0.071913,0.067695,0.071681,0.068556,0.068318,0.070392,0.067383,0.064831,0.065635,0.065561,0.067013,0.070860,0.071035,0.067654,0.066167,0.068212,0.071777,0.070966,0.068638,0.068195,0.068927,0.067781,0.068047,0.069372,0.069704,0.069301,0.069142,0.069080,0.068476,0.070042,0.074222,0.073102,0.064021,0.064150,0.070261,0.073616,0.065826,0.064260,0.072948,0.071158,0.062018,0.070681,0.070295,0.074654,0.067004,0.073115,0.074551,0.061868,0.070855,0.069887,0.067063,0.074062,0.069760,0.082127,0.050816,0.076684,0.058005,0.083715,0.081448,0.076353,0.052165,0.087122,0.035219,0.107802,0.054698,0.091850,0.018020,0.014414,-0.183405,0.000000,0.000000
0.000000,0.000000,-0.151034,-0.046938,-0.045871,0.067757,0.007333,0.083214,0.051605,0.071001,0.072166,0.053882,0.076147,0.080312,0.043572,0.070913,0.079442,0.065985,0.063571,0.069461,0.061381,0.068001,0.071181,0.067911,0.069843,0.071998,0.068096,0.068676,0.069053,0.065731,0.062247,0.072070,0.072352,0.066715,0.069402,0.069707,0.069133,0.070336,0.068839,0.065103,0.064961,0.063133,0.066959,0.070302,0.068713,0.068471,0.066710,0.068278,0.070041,0.067309,0.065852,0.068066,0.068148,0.064544,0.065284,0.066902,0.068080,0.068771,0.067635,0.070337,0.073761,0.069997,0.068122,0.070832,0.069614,0.068821,0.067343,0.076369,0.070435,0.063994,0.072524,0.072138,0.064318,0.070885,0.066096,0.076680,0.063599,0.068935,0.071312,0.060878,0.072913,0.066672,0.065533,0.063478,0.063213,0.069605,0.067444,0.078093,0.045047,0.053952,0.084775,0.074155,0.050228,0.090854,0.050998,0.092146,0.019883,0.062088,-0.008143,-0.028439,-0.153694,0.000000,0.000000
0.000000,0.000000,-0.168683,-0.043853,-0.060816,0.082163,0.039528,0.070417,0.064545,0.078256,0.074435,0.059238,0.082369,0.077745,0.059570,0.080039,0.074432,0.058957,0.064282,0.076952,0.068270,0.072871,0.074957,0.065118,0.061515,0.057116,0.051242,0.063214,0.069684,0.069884,0.067781,0.063313,0.065278,0.068769,0.069001,0.068572,0.070659,0.069150,0.067168,0.064526,0.066593,0.066573,0.066724,0.067138,0.067212,0.069526,0.067612,0.066581,0.067250,0.066304,0.066364,0.068096,0.069068,0.068584,0.066092,0.064738,0.066174,0.065831,0.068418,0.069848,0.072058,0.069817,0.062158,0.063208,0.069634,0.071147,0.068137,0.071839,0.070755,0.068925,0.065763,0.065866,0.068829,0.069982,0.067218,0.073713,0.060743,0.070376,0.072542,0.065295,0.075920,0.064373,0.071591,0.075355,0.067615,0.062092,0.073117,0.098560,0.060025,0.046899,0.096028,0.076362,0.050828,0.092003,0.066210,0.081235,0.024354,0.085445,-0.035472,-0.052431,-0.156614,0.000000,0.000000
0.000000,0.000000,-0.181374,-0.053066,-0.079272,0.050490,0.068659,0.063480,0.065540,0.061260,0.066405,0.054547,0.072141,0.064736,0.056342,0.063571,0.063789,0.068666,0.067301,0.070404,0.063749,0.065653,0.058114,0.034461,0.015105,-0.006679,-0.019475,-0.001161,0.030112,0.060194,0.074680,0.067268,0.063072,0.071029,0.070973,0.066141,0.071999,0.069744,0.068483,0.067709,0.067642,0.069865,0.068183,0.066855,0.065187,0.066984,0.068341,0.067501,0.066417,0.065588,0.065272,0.067133,0.069350,0.068406,0.066023,0.065283,0.065763,0.063748,0.066156,0.068495,0.067754,0.070422,0.068014,0.065158,0.070651,0.073969,0.071125,0.068246,0.070677,0.074922,0.063537,0.067502,0.072280,0.067586,0.049024,0.039926,0.030298,0.046555,0.059194,0.066173,0.075146,0.059654,0.066470,0.073567,0.069057,0.061584,0.061401,0.075559,0.060344,0.046755,0.092049,0.070093,0.052036,0.069591,0.073106,0.069906,0.071392,0.089978,-0.060311,-0.046682,-0.175451,0.000000,0.000000
0.000000,0.000000,-0.202495,-0.044529,-0.104338,-0.028756,0.056987,0.066468,0.068095,0.070163,0.077170,0.074861,0.074044,0.070560,0.073278,0.081006,0.070436,0.074435,0.066983,0.064246,0.067572,0.066338,0.046110,0.012656,-0.003882,-0.033268,-0.067352,-0.064602,-0.036404,0.019271,0.062032,0.071492,0.066861,0.065028,0.067695,0.064543,0.070965,0.068143,0.069954,0.070321,0.068005,0.070162,0.067888,0.067299,0.064689,0.066417,0.070240,0.069853,0.069666,0.069057,0.065992,0.067488,0.069582,0.065821,0.065744,0.067287,0.065842,0.065744,0.065874,0.066959,0.068924,0.067809,0.069476,0.070227,0.069020,0.069113,0.068127,0.065379,0.069170,0.069875,0.064998,0.073176,0.061592,0.030624,-0.016325,-0.037049,-0.036180,-0.006236,0.022474,0.043869,0.071987,0.070077,0.076481,0.071557,0.069042,0.077308,0.070809,0.076150,0.067866,0.058921,0.074903,0.066113,0.062570,0.069706,0.069610,0.063196,0.066613,0.003445,-0.097648,-0.036467,-0.200299,0.000000,0.000000
0.000000,0.000000,-0.170932,-0.027706,-0.078315,-0.081838,-0.004934,0.037665,0.051810,0.059793,0.061928,0.065687,0.061831,0.061679,0.065419,0.060546,0.050967,0.057641,0.062117,0.062793,0.067958,0.067212,0.039705,0.020506,0.030699,0.018906,-0.023253,-0.052456,-0.064390,-0.028198,0.034305,0.066089,0.071223,0.063607,0.068453,0.068446,0.070177,0.072162,0.072695,0.072542,0.070912,0.071374,0.068178,0.067536,0.067962,0.070603,0.069366,0.068433,0.069754,0.069210,0.066710,0.066389,0.067325,0.064898,0.064236,0.068188,0.069553,0.067693,0.067140,0.068416,0.070281,0.069103,0.068808,0.070077,0.068957,0.065211,0.066092,0.069711,0.071353,0.067453,0.070047,0.069890,0.029114,-0.024397,-0.067043,-0.069454,-0.051494,-0.012324,0.002936,0.018388,0.053413,0.064828,0.067873,0.062737,0.060698,0.064211,0.063575,0.071945,0.075182,0.064093,0.069414,0.077157,0.066270,0.069814,0.063349,0.049540,0.019717,-0.074413,-0.101358,-0.037970,-0.210340,0.000000,0.000000
0.000000,0.000000,-0.200837,-0.017098,-0.035300,-0.044203,-0.009294,0.028974,0.059113,0.070044,0.074716,0.073940,0.070872,0.080142,0.078968,0.067477,0.062883,0.092314,0.105674,0.086212,0.082283,0.091920,0.064991,0.050122,0.073857,0.065245,0.030554,-0.003854,-0.045708,-0.050177,0.010990,0.058440,0.071458,0.065130,0.066623,0.069875,0.066261,0.070955,0.072227,0.073476,0.070021,0.067123,0.070609,0.071036,0.069402,0.070417,0.068309,0.068188,0.066666,0.067398,0.068887,0.067138,0.069253,0.066414,0.064328,0.071109,0.072777,0.068759,0.069181,0.068848,0.069004,0.070205,0.066634,0.067110,0.069318,0.064567,0.064749,0.070744,0.070669,0.067771,0.068596,0.054709,-0.004227,-0.052726,-0.049519,-0.014985,0.018491,0.050423,0.040189,0.024414,0.062456,0.082734,0.073702,0.074074,0.073926,0.066620,0.063565,0.066062,0.067223,0.066448,0.064983,0.070464,0.068921,0.064765,0.051924,0.017856,-0.036125,-0.087259,-0.062330,-0.026622,-0.185216,0.000000,0.000000
0.000000,0.000000,-0.130591,-0.065374,-0.053947,-0.048830,-0.026244,-0.017721,-0.001320,0.008913,0.012622,0.017366,0.011348,0.020907,0.022546,0.011830,0.005488,0.040023,0.056839,0.010432,-0.004193,0.027122,0.021237,0.007725,0.020835,-0.009777,-0.035861,-0.029345,-0.055083,-0.071114,-0.005890,0.055099,0.071643,0.070249,0.066824,0.069997,0.067539,0.069261,0.071659,0.073250,0.069511,0.066422,0.069855,0.071938,0.067581,0.064942,0.065604,0.065133,0.066093,0.069096,0.068869,0.069033,0.069689,0.066877,0.064854,0.068853,0.068781,0.068050,0.070418,0.068259,0.068601,0.068604,0.066891,0.069086,0.068861,0.067864,0.066186,0.068998,0.069321,0.071755,0.066124,0.044773,-0.022508,-0.062964,-0.026487,0.012663,0.030569,0.064794,0.065765,0.044059,0.074456,0.083495,0.070639,0.089583,0.103056,0.069834,0.048732,0.057367,0.052585,0.041299,0.030111,0.034812,0.032029,0.030737,0.026545,0.007669,-0.016950,-0.045557,-0.028531,-0.021450,-0.147240,0.000000,0.000000
0.000000,-0.403876,0.014379,-0.130171,-0.060682,-0.092404,-0.074867,-0.069728,-0.061498,-0.054459,-0.054409,-0.047563,-0.047725,-0.036336,-0.039029,-0.047251,-0.044348,-0.008747,0.009627,-0.040611,-0.057561,-0.018020,-0.014455,-0.024215,-0.020883,-0.062459,-0.086465,-0.062523,-0.074743,-0.087679,-0.018020,0.051602,0.068592,0.072627,0.067902,0.066455,0.068867,0.068495,0.068976,0.069258,0.069074,0.068910,0.068206,0.069436,0.065902,0.062961,0.064687,0.064814,0.066438,0.070044,0.069113,0.068942,0.068006,0.064510,0.065004,0.066551,0.066891,0.067781,0.068507,0.069538,0.067851,0.066552,0.065714,0.067466,0.070126,0.071289,0.067788,0.066961,0.069214,0.073288,0.063228,0.036038,-0.040715,-0.090693,-0.061897,-0.056919,-0.073422,-0.039924,-0.008560,-0.016650,-0.003807,-0.021524,-0.051038,-0.014380,0.015627,-0.030847,-0.053316,-0.039834,-0.038314,-0.047050,-0.058086,-0.052192,-0.056948,-0.059616,-0.060439,-0.055729,-0.060333,-0.075960,-0.041655,-0.113166,-0.008906,-0.355614,0.000000
0.000000,0.000000,-0.129783,-0.055839,-0.046903,-0.041111,-0.016280,-0.001187,0.017532,0.028717,0.036345,0.041491,0.040772,0.055348,0.062151,0.054406,0.050435,0.082286,0.100340,0.070109,0.060232,0.079100,0.060115,0.041183,0.055492,0.032777,0.002435,-0.009655,-0.047447,-0.063928,-0.001880,0.057610,0.070173,0.071121,0.067427,0.065395,0.065696,0.065992,0.066140,0.066711,0.067588,0.068805,0.068947,0.068617,0.066496,0.065733,0.068031,0.068329,0.067938,0.070299,0.069139,0.067805,0.067973,0.064833,0.064637,0.069158,0.069530,0.067923,0.067858,0.068783,0.068681,0.068043,0.065473,0.066455,0.070120,0.070259,0.064040,0.067721,0.069286,0.072949,0.067572,0.040304,-0.031877,-0.081954,-0.054775,-0.045817,-0.055764,-0.023313,0.002672,-0.004086,0.012480,0.001288,-0.024541,0.014678,0.048637,0.010732,-0.006835,0.015742,0.021924,0.015476,0.002435,-0.002870,-0.022438,-0.036563,-0.058402,-0.078778,-0.078401,-0.083969,-0.074779,-0.090573,-0.125733,0.000000,0.000000
0.000000,0.000000,-0.189382,-0.034095,-0.045126,-0.058976,-0.016198,0.032156,0.057517,0.069756,0.073705,0.070448,0.066359,0.070732,0.069828,0.059922,0.055729,0.072514,0.082731,0.075982,0.078013,0.081668,0.051652,0.038972,0.061395,0.056031,0.020571,-0.015764,-0.051247,-0.043564,0.017965,0.062058,0.070260,0.065949,0.067165,0.069249,0.064882,0.063755,0.064373,0.065851,0.067894,0.070474,0.069521,0.069717,0.071566,0.071112,0.071228,0.069787,0.068592,0.070437,0.070627,0.067789,0.067461,0.069278,0.067358,0.070161,0.071089,0.067227,0.066150,0.066549,0.068639,0.068883,0.065116,0.065806,0.068148,0.068416,0.061782,0.071407,0.068931,0.067443,0.071906,0.047639,-0.010576,-0.059374,-0.030949,0.006706,0.038816,0.071800,0.072032,0.052039,0.070782,0.084491,0.075535,0.094413,0.104148,0.074026,0.059392,0.076729,0.080716,0.076682,0.069593,0.071681,0.052018,0.028469,0.001006,-0.040292,-0.064217,-0.076293,-0.065662,-0.062203,-0.234379,0.000000,0.000000
0.000000,0.000000,-0.201213,-0.035553,-0.082397,-0.062204,0.016491,0.049537,0.058644,0.069307,0.064600,0.071533,0.068888,0.062238,0.072777,0.067404,0.057381,0.064115,0.060796,0.061362,0.068165,0.062315,0.038144,0.012949,0.008380,-0.011325,-0.049607,-0.067546,-0.060265,-0.012373,0.045340,0.071897,0.070629,0.065765,0.068057,0.070468,0.069748,0.066220,0.064491,0.065545,0.069066,0.070659,0.068213,0.069014,0.072902,0.071527,0.069277,0.068894,0.068532,0.070280,0.069993,0.066928,0.068478,0.070179,0.068537,0.069928,0.068441,0.066216,0.064461,0.066741,0.068612,0.068304,0.064665,0.070375,0.070060,0.069058,0.067511,0.070675,0.068611,0.062766,0.074857,0.058942,0.014441,-0.044098,-0.053904,-0.028617,0.014889,0.055060,0.051653,0.037713,0.055922,0.075088,0.067851,0.068074,0.063792,0.052265,0.047466,0.061631,0.064837,0.060203,0.055595,0.066201,0.065144,0.059368,0.049788,0.032985,-0.005292,-0.062276,-0.066251,-0.062618,-0.193176,0.000000,0.000000
0.000000,0.000000,-0.204804,-0.041340,-0.097640,0.003742,0.065158,0.066730,0.067964,0.071488,0.065945,0.063351,0.076404,0.063154,0.066774,0.075155,0.069721,0.076760,0.070947,0.070672,0.070978,0.068745,0.057241,0.022725,-0.001997,-0.033750,-0.058873,-0.048044,-0.014739,0.037251,0.068105,0.073146,0.066302,0.067592,0.065067,0.062414,0.068877,0.066356,0.064461,0.066634,0.069035,0.069376,0.068881,0.071104,0.072249,0.068920,0.067540,0.068465,0.069275,0.069887,0.066699,0.065066,0.067709,0.069749,0.069354,0.070717,0.068802,0.066164,0.066431,0.067863,0.068336,0.067769,0.064365,0.069924,0.067440,0.069023,0.072467,0.061762,0.067339,0.067088,0.072688,0.071345,0.048665,-0.004490,-0.052115,-0.067947,-0.053437,-0.014480,0.009152,0.020742,0.048301,0.071197,0.070101,0.067767,0.067364,0.072598,0.071930,0.075832,0.077010,0.076676,0.069887,0.075486,0.067719,0.070224,0.080774,0.075939,0.084245,0.019362,-0.050953,-0.038441,-0.214159,0.000000,0.000000
0.000000,0.000000,-0.156803,-0.052822,-0.061389,0.086890,0.070763,0.069495,0.064458,0.069656,0.055823,0.053384,0.084764,0.055133,0.055230,0.070380,0.063678,0.061342,0.069289,0.075192,0.066074,0.068273,0.070003,0.050680,0.040132,0.024861,0.013411,0.029774,0.050368,0.070014,0.074886,0.068530,0.064625,0.074056,0.068525,0.063013,0.068450,0.068020,0.067002,0.066027,0.067188,0.069140,0.070114,0.071125,0.068376,0.065573,0.067224,0.066138,0.065342,0.067357,0.065129,0.063484,0.066035,0.070310,0.070348,0.069841,0.068868,0.068270,0.069070,0.070697,0.068717,0.068968,0.064971,0.064284,0.067683,0.070098,0.073761,0.061379,0.071943,0.075119,0.063634,0.072102,0.073121,0.044898,0.007088,-0.024938,-0.039872,-0.022931,0.006402,0.028106,0.051292,0.069346,0.064351,0.068722,0.060039,0.065370,0.070983,0.062727,0.060673,0.067823,0.066471,0.064731,0.060055,0.055359,0.064380,0.044925,0.062006,0.062446,-0.050813,-0.036260,-0.168986,0.000000,0.000000
0.000000,0.000000,-0.138830,-0.061123,-0.033918,0.093589,0.030497,0.077005,0.060042,0.092878,0.060678,0.057397,0.099272,0.066379,0.055789,0.085121,0.074721,0.065437,0.066257,0.072916,0.068799,0.072643,0.077437,0.065421,0.072623,0.068633,0.060926,0.072736,0.069548,0.071003,0.070125,0.065789,0.064774,0.068497,0.066886,0.067353,0.066952,0.070992,0.070536,0.066740,0.068393,0.068024,0.069505,0.068601,0.067200,0.066646,0.066677,0.066018,0.064851,0.064129,0.062601,0.063565,0.066410,0.070011,0.069023,0.069419,0.069032,0.070090,0.070036,0.071390,0.070531,0.069365,0.068103,0.065640,0.072823,0.069788,0.067719,0.065498,0.072419,0.067567,0.058202,0.069631,0.077717,0.068761,0.062815,0.050942,0.032877,0.039842,0.050266,0.058540,0.069958,0.074167,0.063015,0.077730,0.070098,0.057853,0.070879,0.068816,0.062449,0.069806,0.070867,0.069388,0.068512,0.078113,0.071388,0.055343,0.029835,0.066176,-0.075091,-0.036583,-0.155058,0.000000,0.000000
0.000000,0.000000,-0.131045,-0.048961,-0.009175,0.055714,0.010684,0.089405,0.048924,0.094685,0.055505,0.049845,0.086331,0.073979,0.049810,0.074130,0.071807,0.069033,0.064286,0.067535,0.062766,0.066576,0.072926,0.063617,0.072326,0.070644,0.067210,0.071574,0.067411,0.068843,0.066156,0.074621,0.070398,0.061069,0.067303,0.070681,0.062765,0.067635,0.069531,0.068453,0.066974,0.066321,0.068138,0.065092,0.066749,0.068753,0.069124,0.067940,0.065846,0.066046,0.065721,0.067681,0.069550,0.071484,0.068281,0.068609,0.069540,0.070538,0.068703,0.067170,0.067675,0.067420,0.071544,0.067259,0.069502,0.067803,0.064640,0.070209,0.070357,0.059598,0.068448,0.077582,0.066996,0.066924,0.070500,0.071216,0.062680,0.068653,0.069073,0.065510,0.068662,0.072568,0.062923,0.072064,0.063658,0.053397,0.076975,0.068446,0.056351,0.076276,0.069444,0.064673,0.058600,0.069099,0.064789,0.092512,0.027641,0.054741,-0.072978,-0.044648,-0.140313,0.000000,0.000000
0.000000,0.000000,-0.165214,-0.013462,0.017474,0.076997,0.057350,0.110829,0.036710,0.088810,0.073278,0.063598,0.071609,0.087349,0.059914,0.081681,0.059614,0.072239,0.062384,0.075511,0.068474,0.070965,0.072660,0.064865,0.073627,0.075121,0.067188,0.068199,0.071710,0.064143,0.058922,0.073849,0.071920,0.064140,0.066394,0.071059,0.065600,0.066844,0.067702,0.068174,0.067097,0.067207,0.070855,0.069226,0.068577,0.071020,0.071493,0.066607,0.063643,0.066191,0.066244,0.066320,0.069434,0.070752,0.066737,0.068652,0.069988,0.070845,0.067632,0.065493,0.069064,0.066209,0.072468,0.069353,0.066701,0.068039,0.070082,0.074294,0.068213,0.062315,0.076449,0.076572,0.054618,0.067232,0.078868,0.065900,0.065647,0.073436,0.068386,0.068440,0.070134,0.067909,0.066335,0.074213,0.061266,0.066877,0.088750,0.066079,0.049218,0.090101,0.066191,0.070494,0.063386,0.077593,0.046499,0.121527,0.043613,0.062252,-0.084545,-0.033048,-0.180901,0.000000,0.000000
0.000000,0.000000,-0.207794,-0.027118,0.006428,0.072937,0.060434,0.092373,0.043237,0.077041,0.070985,0.060521,0.052489,0.075161,0.061438,0.079782,0.058338,0.080078,0.063065,0.069682,0.066575,0.070890,0.065323,0.064722,0.071575,0.069096,0.061999,0.069695,0.072012,0.066969,0.062338,0.066104,0.070109,0.070567,0.060800,0.065742,0.068514,0.066655,0.066650,0.068315,0.070082,0.067311,0.069232,0.071629,0.070117,0.070767,0.068753,0.066010,0.066502,0.066865,0.065905,0.067498,0.067845,0.069490,0.068399,0.069609,0.069617,0.068129,0.065807,0.065592,0.068293,0.064200,0.068195,0.067631,0.066273,0.067019,0.070511,0.068966,0.062332,0.071152,0.076345,0.067054,0.059558,0.074105,0.079306,0.062263,0.061412,0.071940,0.065154,0.067539,0.065262,0.065777,0.065151,0.072154,0.066219,0.068124,0.071242,0.059573,0.054738,0.096282,0.051685,0.064571,0.078718,0.091144,0.027624,0.077864,0.014895,0.012028,-0.102996,-0.062524,-0.238093,0.000000,0.000000
0.000000,0.000000,0.000000,-0.095558,0.014473,0.053395,0.049666,0.051197,0.077564,0.068711,0.060222,0.062415,0.075395,0.082347,0.084598,0.072517,0.068238,0.075138,0.074244,0.069096,0.071654,0.067672,0.071347,0.070628,0.076470,0.065739,0.071192,0.068860,0.068654,0.069544,0.070586,0.063026,0.067008,0.072230,0.065995,0.068334,0.068319,0.066512,0.067373,0.067176,0.068170,0.066820,0.066450,0.066885,0.067163,0.068747,0.069025,0.068575,0.067478,0.067651,0.067521,0.068370,0.068240,0.068322,0.067309,0.067173,0.066675,0.067425,0.067702,0.065972,0.067788,0.070086,0.073094,0.069300,0.071408,0.067472,0.066896,0.069382,0.065929,0.075862,0.075502,0.063074,0.072955,0.073130,0.068381,0.062066,0.072710,0.066348,0.070321,0.068914,0.065247,0.065473,0.074450,0.063936,0.070251,0.064714,0.069207,0.064880,0.079435,0.083716,0.048926,0.066766,0.073461,0.079511,0.052081,0.062312,0.056177,-0.007974,-0.086429,-0.134310,0.000000,0.000000,0.000000
0.000000,0.000000,0.000000,-0.147701,0.010945,0.027043,0.053823,0.046522,0.099549,0.066178,0.052944,0.043164,0.028497,0.034646,0.066304,0.067076,0.069815,0.059937,0.066979,0.062345,0.069083,0.065094,0.068798,0.068870,0.071296,0.063985,0.074667,0.066519,0.065354,0.066412,0.069568,0.062890,0.061933,0.067025,0.070116,0.070032,0.067037,0.067447,0.068329,0.064403,0.063788,0.067257,0.066911,0.065679,0.067085,0.068663,0.068207,0.068528,0.065766,0.068286,0.070720,0.069822,0.071201,0.069419,0.066915,0.068979,0.067651,0.068204,0.069138,0.066213,0.068073,0.071339,0.071863,0.068998,0.071208,0.065074,0.064628,0.071195,0.068070,0.068106,0.065989,0.062881,0.075949,0.067189,0.064978,0.069384,0.076638,0.059842,0.065467,0.073341,0.066459,0.066555,0.074597,0.063639,0.072663,0.065430,0.065546,0.067286,0.064159,0.060755,0.060566,0.094320,0.060418,0.065610,0.087224,0.070234,0.102341,-0.007900,-0.031769,-0.194984,0.000000,0.000000,0.000000
0.000000,0.000000,0.000000,-0.204689,0.050272,0.027487,0.092815,0.048716,0.092651,0.067539,0.036264,-0.007912,-0.043339,-0.054500,-0.013585,0.035090,0.064047,0.060567,0.064700,0.064246,0.070954,0.069904,0.070834,0.068044,0.068744,0.065447,0.069518,0.064692,0.068896,0.066456,0.070127,0.073075,0.067687,0.067118,0.070023,0.066530,0.067104,0.068541,0.069317,0.065168,0.065551,0.066625,0.063995,0.065893,0.065794,0.066892,0.068422,0.070139,0.069171,0.068841,0.069815,0.070589,0.070536,0.068755,0.068531,0.068034,0.066207,0.065758,0.065741,0.067843,0.069516,0.068439,0.068783,0.071128,0.072357,0.066081,0.067045,0.070133,0.067784,0.065236,0.066890,0.070698,0.073372,0.062900,0.068187,0.073930,0.068192,0.059973,0.067625,0.073142,0.066768,0.067545,0.071942,0.059527,0.074375,0.064550,0.070554,0.079252,0.064680,0.067649,0.067463,0.093826,0.044268,0.044234,0.078031,0.036965,0.079422,-0.044154,-0.020158,-0.167966,0.000000,0.000000,0.000000
0.000000,0.000000,0.000000,-0.129558,0.010644,-0.012966,0.074408,0.049687,0.049752,0.062261,0.027222,-0.041139,-0.090250,-0.102119,-0.095407,-0.032354,0.063542,0.070366,0.063495,0.072373,0.068139,0.066245,0.063928,0.067285,0.068461,0.064375,0.068810,0.062023,0.069862,0.065225,0.066027,0.069229,0.070040,0.068790,0.068269,0.064428,0.066846,0.066958,0.067671,0.066649,0.068979,0.066285,0.065101,0.070431,0.068754,0.070644,0.070018,0.068321,0.065978,0.066231,0.068341,0.070003,0.070826,0.068205,0.067737,0.066865,0.066773,0.068699,0.067378,0.066336,0.066450,0.066489,0.066495,0.070815,0.070444,0.065340,0.066573,0.066367,0.068741,0.069262,0.070404,0.068390,0.064624,0.060626,0.073513,0.068638,0.064033,0.071518,0.072549,0.065111,0.065383,0.072463,0.074447,0.066275,0.071009,0.060573,0.068665,0.067546,0.060590,0.079166,0.072386,0.077800,0.060463,0.065397,0.096400,0.028232,0.091805,-0.072172,-0.027439,-0.132181,0.000000,0.000000,0.000000
0.000000,0.000000,0.000000,-0.282276,-0.001774,-0.016684,0.051664,0.066380,0.048274,0.036246,0.050021,-0.019142,-0.075250,-0.051401,-0.115065,-0.045632,0.084204,0.086082,0.075714,0.075499,0.069744,0.065164,0.062289,0.068896,0.068162,0.063277,0.071965,0.061691,0.070582,0.069421,0.066496,0.067582,0.069939,0.068964,0.069889,0.066727,0.070827,0.067331,0.067188,0.069630,0.068968,0.066167,0.066065,0.069240,0.067740,0.067187,0.065441,0.065916,0.067183,0.067892,0.069848,0.071066,0.068513,0.064680,0.065546,0.067593,0.068387,0.066100,0.065977,0.067244,0.065018,0.068033,0.069809,0.070477,0.067810,0.067126,0.069228,0.065737,0.070711,0.071439,0.068676,0.069200,0.071960,0.068384,0.075149,0.062711,0.065751,0.074641,0.062885,0.056878,0.070893,0.070455,0.071548,0.066523,0.074374,0.061303,0.074220,0.050791,0.041203,0.078227,0.061677,0.052210,0.079045,0.077384,0.090748,0.043210,0.124459,-0.010086,-0.034922,-0.271695,0.000000,0.000000,0.000000
0.000000,0.000000,0.000000,0.000000,-0.108340,-0.014986,0.008024,0.061354,0.063795,0.060194,0.014087,-0.062187,-0.064097,-0.050044,-0.126540,-0.036534,0.052575,0.065562,0.062545,0.058164,0.064846,0.072259,0.068403,0.071888,0.071348,0.064377,0.072352,0.060555,0.065924,0.064019,0.067796,0.068378,0.070573,0.067163,0.068416,0.066318,0.073078,0.069681,0.068023,0.069816,0.071398,0.069115,0.067837,0.070147,0.064671,0.064475,0.067730,0.069883,0.071339,0.069419,0.068776,0.071603,0.070501,0.065993,0.066389,0.067720,0.068707,0.064240,0.061970,0.068031,0.067227,0.069225,0.069854,0.068472,0.066318,0.071407,0.071780,0.065348,0.066941,0.063529,0.065544,0.069631,0.073176,0.066413,0.066494,0.064568,0.068367,0.076809,0.061791,0.072735,0.078991,0.067590,0.064082,0.073454,0.070306,0.081583,0.085705,0.088984,0.057157,0.091135,0.032203,0.031401,0.058661,0.044268,0.047889,0.024881,0.040748,-0.031878,-0.125897,0.000000,0.000000,0.000000,0.000000
0.000000,0.000000,0.000000,0.000000,-0.139082,-0.009178,-0.027396,-0.006330,0.006135,-0.023926,-0.070603,-0.110905,-0.120708,-0.087624,-0.113147,-0.020079,0.033641,0.060488,0.070531,0.054421,0.063787,0.072086,0.066202,0.061790,0.070215,0.063215,0.076640,0.069347,0.070393,0.066105,0.071220,0.068163,0.072249,0.069677,0.072640,0.068279,0.068889,0.068163,0.067198,0.067531,0.069645,0.067811,0.067355,0.071161,0.068895,0.065781,0.064675,0.064404,0.069537,0.072566,0.071209,0.069775,0.068852,0.069870,0.068676,0.063857,0.067004,0.070439,0.068584,0.068694,0.065417,0.066413,0.065659,0.068525,0.068494,0.073512,0.072402,0.067505,0.068593,0.064349,0.067514,0.068123,0.070272,0.062468,0.069612,0.071817,0.068776,0.066957,0.061963,0.071978,0.068193,0.051149,0.062489,0.072177,0.059619,0.060606,0.059419,0.084431,0.057869,0.018763,-0.044608,-0.029414,-0.013465,0.012703,0.088419,0.061515,0.002885,0.065083,-0.086430,0.000000,0.000000,0.000000,0.000000
0.000000,0.000000,0.000000,0.000000,-0.331702,-0.065580,-0.049960,-0.043264,-0.103423,-0.098973,-0.053026,-0.098617,-0.105714,-0.070744,-0.072496,0.031052,0.039756,0.077535,0.076000,0.073125,0.063463,0.074056,0.073731,0.067314,0.075307,0.067450,0.069556,0.067449,0.074845,0.067175,0.071594,0.065535,0.069984,0.063342,0.071928,0.069934,0.068485,0.067629,0.069374,0.071396,0.069270,0.066645,0.067015,0.069794,0.068823,0.067773,0.068984,0.069103,0.070039,0.066969,0.065429,0.065728,0.064616,0.066235,0.069623,0.069388,0.070044,0.069037,0.066521,0.067635,0.066322,0.068737,0.067741,0.071596,0.070126,0.071305,0.067113,0.067665,0.072101,0.063864,0.068628,0.059462,0.068044,0.063973,0.070175,0.070220,0.064723,0.067461,0.074026,0.077943,0.069043,0.064901,0.078895,0.075752,0.062026,0.074306,0.042794,0.094209,0.031663,-0.038432,-0.117522,-0.074059,-0.028976,-0.013008,0.086587,0.059202,-0.016707,-0.049203,-0.342236,0.000000,0.000000,0.000000,0.000000
0.000000,0.000000,0.000000,0.000000,0.000000,-0.113451,-0.014879,-0.072459,-0.097561,-0.060665,-0.039896,-0.043999,-0.047724,-0.058915,0.006366,0.052747,0.075672,0.071771,0.050009,0.090778,0.048153,0.062524,0.061257,0.071528,0.073464,0.075618,0.065935,0.067997,0.073246,0.069055,0.074035,0.068422,0.072529,0.065288,0.067419,0.070508,0.069544,0.066064,0.067462,0.067839,0.067846,0.069153,0.069349,0.067437,0.063667,0.069084,0.074970,0.069421,0.066188,0.065131,0.067751,0.069717,0.067714,0.064570,0.063217,0.065634,0.069069,0.067241,0.065068,0.068754,0.069191,0.072543,0.068107,0.068710,0.065413,0.067241,0.066078,0.070584,0.069419,0.066102,0.073450,0.061903,0.072443,0.068743,0.065047,0.065932,0.063364,0.073557,0.068516,0.062480,0.057896,0.070613,0.070423,0.063041,0.060482,0.094855,0.060993,0.084291,0.034485,-0.074076,-0.122982,-0.091060,-0.047821,-0.049588,0.018961,-0.019616,-0.013150,0.015677,0.000000,0.000000,0.000000,0.000000,0.000000
0.000000,0.000000,0.000000,0.000000,0.000000,-0.306037,-0.011780,-0.072266,-0.037221,-0.051632,-0.001625,0.030183,-0.021529,0.020330,0.035088,0.067925,0.109457,0.048928,0.048633,0.085672,0.061416,0.069475,0.068287,0.071955,0.062766,0.075437,0.069568,0.072092,0.069406,0.061514,0.070247,0.064031,0.073489,0.070221,0.069740,0.068638,0.068672,0.070928,0.071127,0.069533,0.068334,0.068708,0.067989,0.070720,0.074741,0.069983,0.067951,0.069016,0.072269,0.070731,0.069726,0.067491,0.067447,0.070753,0.069470,0.064647,0.062377,0.066403,0.072467,0.074879,0.065798,0.066207,0.063081,0.069342,0.070092,0.068510,0.070813,0.070226,0.066495,0.063799,0.074209,0.061275,0.075990,0.063649,0.069996,0.074501,0.068329,0.073940,0.069234,0.066543,0.069515,0.075604,0.060909,0.058918,0.065605,0.083301,0.057584,0.070702,0.029991,-0.069224,-0.118549,-0.069439,-0.119217,-0.090839,-0.033699,-0.065698,0.002290,-0.349087,0.000000,0.000000,0.000000,0.000000,0.000000
0.000000,0.000000,0.000000,0.000000,0.000000,0.000000,-0.198491,0.033551,-0.045186,0.057477,0.077578,0.048321,0.062128,0.073721,0.060461,0.061054,0.101655,0.054276,0.063576,0.079075,0.070737,0.071434,0.065821,0.066245,0.056705,0.076315,0.066355,0.068865,0.069412,0.063550,0.070079,0.065896,0.068549,0.069607,0.066398,0.065489,0.066815,0.067752,0.066589,0.068784,0.066023,0.063073,0.065518,0.070158,0.075453,0.067213,0.066717,0.071759,0.066345,0.055159,0.051323,0.046807,0.049444,0.059497,0.069146,0.076017,0.068795,0.065994,0.068998,0.071629,0.067071,0.065157,0.062283,0.069068,0.066787,0.067081,0.064774,0.067717,0.067787,0.068913,0.071979,0.062681,0.075522,0.063921,0.070483,0.077178,0.056111,0.064198,0.058394,0.070518,0.065331,0.080003,0.066270,0.081861,0.071608,0.065990,0.062520,0.057759,0.052355,-0.046571,-0.093202,-0.084329,-0.092708,-0.122463,-0.047372,-0.036488,-0.097390,0.000000,0.000000,0.000000,0.000000,0.000000,0.000000
0.000000,0.000000,0.000000,0.000000,0.000000,0.000000,-0.353971,0.018448,0.003225,0.108236,0.061942,0.089324,0.048043,0.101701,0.055120,0.060675,0.069283,0.084999,0.060891,0.057717,0.061999,0.063086,0.066874,0.080186,0.057752,0.080600,0.065953,0.069356,0.070819,0.061610,0.071399,0.070937,0.069378,0.070457,0.073410,0.070980,0.070475,0.070471,0.068593,0.069581,0.073495,0.073781,0.067787,0.062870,0.066493,0.070295,0.074336,0.064360,0.037987,0.008370,-0.011854,-0.027715,-0.020239,0.004027,0.030681,0.063465,0.072286,0.070354,0.066649,0.067352,0.068298,0.071542,0.068642,0.067717,0.063270,0.066234,0.068092,0.071119,0.076001,0.069093,0.067357,0.062892,0.075606,0.058695,0.070311,0.075849,0.055843,0.080921,0.070037,0.078051,0.065336,0.066256,0.057938,0.064386,0.070597,0.054639,0.064887,0.085455,0.066041,-0.008627,-0.063754,-0.089272,-0.113768,-0.070393,-0.052435,-0.010945,-0.343311,0.000000,0.000000,0.000000,0.000000,0.000000,0.000000
0.000000,0.000000,0.000000,0.000000,0.000000,0.000000,0.000000,-0.103841,0.050212,0.017601,0.066191,0.033964,0.097734,0.044184,0.085285,0.037082,0.090224,0.075601,0.087935,0.063056,0.081708,0.064327,0.076903,0.057937,0.058041,0.065842,0.062031,0.064095,0.075439,0.060256,0.062357,0.069521,0.064093,0.064663,0.064834,0.066183,0.065840,0.069387,0.066124,0.064318,0.067778,0.066061,0.065199,0.064786,0.069646,0.070666,0.064552,0.026477,-0.020975,-0.049171,-0.070821,-0.091166,-0.072175,-0.047718,-0.026854,0.029335,0.067144,0.073194,0.070619,0.073096,0.067931,0.064590,0.062616,0.066799,0.066154,0.067812,0.064052,0.063074,0.063691,0.062809,0.065808,0.071234,0.070173,0.060199,0.074023,0.061664,0.048409,0.086711,0.059877,0.063331,0.064398,0.078235,0.067153,0.056005,0.071426,0.058666,0.085347,0.072156,0.084360,0.027495,0.017946,-0.014195,-0.053118,-0.092935,-0.020296,-0.141277,0.000000,0.000000,0.000000,0.000000,0.000000,0.000000,0.000000
0.000000,0.000000,0.000000,0.000000,0.000000,0.000000,0.000000,-0.265742,0.065103,0.005779,0.064768,0.036763,0.076188,0.056716,0.078916,0.050196,0.078428,0.055139,0.062253,0.062836,0.082256,0.043768,0.104901,0.057152,0.065266,0.073489,0.077365,0.052949,0.078930,0.071313,0.067194,0.071112,0.076435,0.071528,0.066753,0.066947,0.067441,0.074759,0.076613,0.073102,0.071321,0.064603,0.069775,0.071853,0.072051,0.071057,0.044617,-0.021685,-0.060003,-0.046527,-0.048888,-0.071563,-0.047811,-0.040007,-0.066161,-0.021000,0.044507,0.070689,0.064269,0.066503,0.064768,0.065112,0.068377,0.069912,0.072167,0.072727,0.069124,0.070069,0.076502,0.077088,0.081611,0.064774,0.066503,0.067278,0.081190,0.060031,0.078405,0.100008,0.056732,0.055162,0.064618,0.067171,0.078420,0.068396,0.088808,0.066409,0.073652,0.066797,0.059309,0.082590,0.056200,0.046909,0.044239,-0.069668,0.006625,-0.327156,0.000000,0.000000,0.000000,0.000000,0.000000,0.000000,0.000000
0.000000,0.000000,0.000000,0.000000,0.000000,0.000000,0.000000,0.000000,-0.024207,0.064392,-0.005669,0.059333,0.106302,0.064066,0.078574,0.060458,0.067298,0.061494,0.062612,0.081599,0.052699,0.064668,0.079310,0.101376,0.018822,0.068223,0.080813,0.064640,0.058881,0.067174,0.062204,0.062228,0.066022,0.067906,0.065565,0.071689,0.071150,0.066528,0.066190,0.067233,0.069393,0.067416,0.068023,0.067460,0.073306,0.069839,0.025449,-0.049658,-0.056337,-0.009027,-0.018274,-0.058784,-0.014313,0.002677,-0.061484,-0.045353,0.025521,0.072687,0.074472,0.069968,0.069189,0.069008,0.072369,0.066711,0.064971,0.065417,0.064901,0.064130,0.063348,0.065053,0.063622,0.058796,0.063123,0.064320,0.062224,0.057956,0.067237,0.064376,0.009690,0.071047,0.089028,0.069184,0.071279,0.068297,0.067750,0.054489,0.076936,0.059017,0.056278,0.083563,0.063996,0.063135,0.000904,0.013839,-0.103319,0.000000,0.000000,0.000000,0.000000,0.000000,0.000000,0.000000,0.000000
0.000000,0.000000,0.000000,0.000000,0.000000,0.000000,0.000000,0.000000,-0.397608,0.041581,0.109988,0.073862,0.000960,0.094626,0.054735,0.075433,0.075063,0.097547,0.049495,0.100531,0.030734,0.048555,0.001992,0.031684,-0.006362,0.080852,0.102759,0.091518,0.076810,0.066148,0.075563,0.075484,0.068975,0.067931,0.062119,0.064789,0.066854,0.069549,0.066429,0.060413,0.070492,0.070084,0.064910,0.065977,0.067599,0.055228,0.005277,-0.057026,-0.031720,0.030146,-0.015381,-0.087746,-0.011974,0.038948,-0.036879,-0.044073,0.015495,0.062786,0.066585,0.066183,0.060099,0.062432,0.069481,0.069180,0.075044,0.073377,0.073661,0.070675,0.076338,0.077221,0.074734,0.077066,0.081437,0.058283,0.055908,0.009761,-0.012855,-0.016409,-0.068117,0.002222,0.047874,0.072782,0.064592,0.065818,0.054617,0.069087,0.061352,0.097853,0.038999,0.105865,0.019723,0.105621,0.069050,-0.002485,-0.291660,0.000000,0.000000,0.000000,0.000000,0.000000,0.000000,0.000000,0.000000
0.000000,0.000000,0.000000,0.000000,0.000000,0.000000,0.000000,0.000000,0.000000,0.136615,-0.019698,0.058694,0.110919,0.042804,0.082079,0.047862,0.063377,0.061350,0.062615,0.045321,0.044727,-0.013134,-0.040629,-0.073574,-0.055972,0.029577,0.056277,0.051615,0.058465,0.058792,0.068872,0.074926,0.069758,0.076835,0.070332,0.067117,0.072309,0.073662,0.074010,0.066663,0.067237,0.065717,0.070926,0.069366,0.068984,0.058834,0.009564,-0.033052,0.014212,0.072241,0.017482,-0.063931,0.014889,0.078294,0.001987,-0.013135,0.032040,0.073261,0.075539,0.072040,0.071520,0.061358,0.064239,0.068044,0.072041,0.062695,0.060380,0.055391,0.064576,0.065592,0.067008,0.062508,0.061610,0.073150,0.023619,-0.082000,-0.107405,-0.083684,-0.093811,-0.025282,0.016064,0.049334,0.085109,0.070309,0.087246,0.065375,0.090703,0.049645,0.075435,0.040626,0.065610,0.057306,-0.024736,0.030689,0.000000,0.000000,0.000000,0.000000,0.000000,0.000000,0.000000,0.000000,0.000000
0.000000,0.000000,0.000000,0.000000,0.000000,0.000000,0.000000,0.000000,0.000000,-0.398284,0.137010,0.070378,-0.000673,0.047346,0.080525,0.061216,0.074712,0.064361,0.086843,0.049228,0.008287,-0.029109,-0.064184,-0.090941,-0.107955,-0.074742,-0.012211,0.027170,0.057544,0.058178,0.057401,0.057289,0.059879,0.070591,0.073672,0.065105,0.059555,0.062475,0.068399,0.065743,0.065142,0.069743,0.070753,0.067865,0.072474,0.068908,0.031894,-0.001724,0.032549,0.080566,0.049320,-0.020406,0.028371,0.078472,0.011296,0.007388,0.045343,0.068862,0.069801,0.070057,0.070407,0.072994,0.073055,0.067734,0.067476,0.064589,0.073103,0.068751,0.078099,0.073634,0.064119,0.051970,0.080253,0.081683,0.009995,-0.094244,-0.086265,-0.055340,-0.070617,-0.005293,0.030332,0.051340,0.061385,0.063586,0.081120,0.045022,0.060917,0.069978,0.083819,0.059533,0.011760,0.008818,0.081968,-0.345194,0.000000,0.000000,0.000000,0.000000,0.000000,0.000000,0.000000,0.000000,0.000000
0.000000,0.000000,0.000000,0.000000,0.000000,0.000000,0.000000,0.000000,0.000000,0.000000,-0.226697,-0.035881,0.145628,0.035914,0.073103,0.077085,0.074422,0.084721,0.038275,0.015300,-0.037548,-0.061618,-0.083886,-0.072126,-0.098506,-0.087779,-0.008293,0.084295,0.103569,0.096213,0.088226,0.074400,0.072351,0.068879,0.068842,0.074702,0.075736,0.066570,0.066063,0.066943,0.070977,0.076121,0.072114,0.064264,0.064986,0.062615,0.044093,0.018706,0.030116,0.052663,0.040728,-0.023006,0.004087,0.053456,0.012936,0.028541,0.057219,0.067469,0.063511,0.061920,0.065196,0.059066,0.065632,0.065006,0.070881,0.073119,0.076268,0.059765,0.062002,0.063506,0.075849,0.073422,0.091670,0.043222,-0.034305,-0.085488,-0.078576,-0.045549,-0.043079,0.022127,0.037426,0.068455,0.057910,0.072858,0.067371,0.064587,0.054740,0.062351,0.095358,0.066038,0.106231,-0.033218,-0.242457,0.000000,0.000000,0.000000,0.000000,0.000000,0.000000,0.000000,0.000000,0.000000,0.000000
0.000000,0.000000,0.000000,0.000000,0.000000,0.000000,0.000000,0.000000,0.000000,0.000000,0.000000,0.071354,-0.026428,0.048507,0.048151,0.036514,0.054779,0.021456,-0.009363,-0.073869,-0.089845,-0.108053,-0.142919,-0.097295,-0.076617,-0.082995,-0.024879,0.054740,0.064677,0.048851,0.050746,0.052766,0.074206,0.064079,0.057256,0.065306,0.071095,0.077396,0.072984,0.068429,0.069782,0.069261,0.065667,0.067668,0.065434,0.066448,0.061007,0.044595,0.045690,0.058229,0.059442,-0.010914,0.010032,0.076026,0.040505,0.062091,0.073105,0.073485,0.080110,0.073746,0.068743,0.068167,0.071443,0.068655,0.070802,0.062933,0.057949,0.055262,0.075734,0.074067,0.074487,0.066439,0.063711,0.014474,-0.056841,-0.119907,-0.119122,-0.096840,-0.061726,0.020239,0.067700,0.087654,0.074883,0.065528,0.106446,0.080028,0.046859,0.009400,0.011758,0.037117,-0.080060,0.034014,0.000000,0.000000,0.000000,0.000000,0.000000,0.000000,0.000000,0.000000,0.000000,0.000000,0.000000
0.000000,0.000000,0.000000,0.000000,0.000000,0.000000,0.000000,0.000000,0.000000,0.000000,0.000000,-0.305777,0.030725,0.023443,0.060588,0.013658,-0.029183,-0.038279,-0.089911,-0.106249,-0.103573,-0.088242,-0.113375,-0.076647,-0.027246,-0.016328,0.020382,0.052891,0.050638,0.074485,0.066105,0.054066,0.076810,0.076627,0.073428,0.070004,0.062142,0.062287,0.060314,0.063785,0.062999,0.062596,0.068383,0.069649,0.074042,0.073986,0.073145,0.066638,0.067996,0.082637,0.077726,-0.013039,0.004117,0.094457,0.063755,0.067309,0.068185,0.061272,0.066535,0.068393,0.074837,0.060559,0.066264,0.064258,0.069221,0.062881,0.072077,0.075379,0.084309,0.061871,0.080335,0.063708,0.061506,0.047435,-0.027191,-0.059927,-0.084067,-0.070546,-0.056151,0.021254,0.084695,0.105793,0.042209,0.020927,0.028004,0.018634,-0.036735,-0.061609,-0.038104,-0.049415,0.034783,-0.372927,0.000000,0.000000,0.000000,0.000000,0.000000,0.000000,0.000000,0.000000,0.000000,0.000000,0.000000
0.000000,0.000000,0.000000,0.000000,0.000000,0.000000,0.000000,0.000000,0.000000,0.000000,0.000000,0.000000,-0.204478,-0.023992,-0.022258,-0.022097,-0.041701,-0.097707,-0.107429,-0.104973,-0.080331,-0.085702,-0.077989,-0.035145,0.004629,0.019760,0.048554,0.070385,0.069084,0.079848,0.071331,0.057339,0.058067,0.059000,0.074618,0.076142,0.063449,0.073938,0.070375,0.075244,0.074953,0.074898,0.067299,0.064224,0.060836,0.052517,0.060762,0.070975,0.072912,0.075601,0.064656,-0.041709,-0.030440,0.079670,0.066608,0.064686,0.067657,0.065064,0.063950,0.060317,0.065888,0.069958,0.075007,0.070262,0.065517,0.061103,0.070001,0.067000,0.066653,0.048014,0.055904,0.055865,0.055425,0.081689,0.023551,-0.040217,-0.074954,-0.094325,-0.067795,-0.026902,0.027516,0.068953,0.047929,-0.014484,-0.051061,-0.113604,-0.115052,-0.099959,-0.075078,-0.024518,-0.236879,0.000000,0.000000,0.000000,0.000000,0.000000,0.000000,0.000000,0.000000,0.000000,0.000000,0.000000,0.000000
0.000000,0.000000,0.000000,0.000000,0.000000,0.000000,0.000000,0.000000,0.000000,0.000000,0.000000,0.000000,0.000000,-0.203014,-0.025651,-0.032504,-0.058642,-0.071948,-0.104236,-0.100587,-0.104082,-0.098459,-0.070843,0.015020,0.058275,0.037978,0.061023,0.079193,0.056948,0.061883,0.077465,0.091088,0.073211,0.059100,0.068912,0.074411,0.068539,0.069569,0.056832,0.058339,0.057550,0.064724,0.076153,0.075129,0.075543,0.073888,0.073381,0.073475,0.070629,0.073827,0.080942,-0.012134,-0.011535,0.089011,0.065992,0.058944,0.081329,0.074712,0.070246,0.077155,0.078459,0.070573,0.069831,0.063797,0.076898,0.072285,0.067722,0.049479,0.062865,0.080629,0.091385,0.104889,0.065540,0.095802,0.036670,0.030196,-0.002174,-0.084198,-0.089732,-0.107249,-0.066356,0.011324,0.036001,-0.024970,-0.122205,-0.121271,-0.086855,-0.070920,-0.026021,-0.194319,0.000000,0.000000,0.000000,0.000000,0.000000,0.000000,0.000000,0.000000,0.000000,0.000000,0.000000,0.000000,0.000000
0.000000,0.000000,0.000000,0.000000,0.000000,0.000000,0.000000,0.000000,0.000000,0.000000,0.000000,0.000000,0.000000,0.000000,-0.255107,-0.045044,-0.053025,-0.072093,-0.038595,-0.104005,-0.107255,-0.110199,-0.050463,0.026452,0.095789,0.085182,0.053812,0.089059,0.072348,0.040744,0.053932,0.066239,0.070377,0.072445,0.071739,0.064945,0.060106,0.075323,0.067316,0.074940,0.067607,0.066379,0.061571,0.066935,0.073015,0.082559,0.072321,0.067158,0.069413,0.068016,0.113798,0.041146,0.019572,0.100247,0.069461,0.059830,0.079194,0.063724,0.064140,0.062695,0.063211,0.066648,0.061849,0.063211,0.070039,0.081045,0.081031,0.073554,0.085177,0.068759,0.051764,0.052041,0.065536,0.064517,0.074205,0.010630,-0.020037,-0.008122,-0.061964,-0.092067,-0.100972,-0.040892,-0.028436,-0.079926,-0.096031,-0.117379,-0.090022,-0.042802,-0.225064,0.000000,0.000000,0.000000,0.000000,0.000000,0.000000,0.000000,0.000000,0.000000,0.000000,0.000000,0.000000,0.000000,0.000000
0.000000,0.000000,0.000000,0.000000,0.000000,0.000000,0.000000,0.000000,0.000000,0.000000,0.000000,0.000000,0.000000,0.000000,0.000000,-0.270925,-0.013586,-0.021376,-0.073676,-0.062232,-0.122396,-0.104690,-0.054971,0.019896,0.069395,0.064396,0.061572,0.071670,0.080875,0.072946,0.066852,0.056831,0.058784,0.082251,0.086133,0.068729,0.063309,0.063991,0.058637,0.076025,0.066933,0.071936,0.071805,0.058322,0.047798,0.058692,0.064135,0.067719,0.070331,0.049329,0.093665,0.022945,-0.015157,0.076025,0.070794,0.072277,0.071129,0.046600,0.064918,0.074532,0.080596,0.072574,0.063930,0.060104,0.060898,0.051459,0.032426,0.026451,0.051434,0.090173,0.059101,0.060424,0.061273,0.053299,0.066954,0.069869,0.091912,0.031692,0.006945,-0.019490,-0.055282,-0.057511,-0.099856,-0.084342,-0.082530,-0.057018,-0.028687,-0.215570,0.000000,0.000000,0.000000,0.000000,0.000000,0.000000,0.000000,0.000000,0.000000,0.000000,0.000000,0.000000,0.000000,0.000000,0.000000
0.000000,0.000000,0.000000,0.000000,0.000000,0.000000,0.000000,0.000000,0.000000,0.000000,0.000000,0.000000,0.000000,0.000000,0.000000,0.000000,-0.315672,-0.024807,-0.044931,-0.075965,-0.100781,-0.117656,-0.029861,0.003775,0.075397,0.079365,0.052297,0.066696,0.078789,0.080361,0.086128,0.073191,0.062942,0.060535,0.055991,0.054734,0.063268,0.076672,0.058649,0.064953,0.061706,0.078007,0.070073,0.082927,0.074621,0.064959,0.073037,0.069449,0.073322,0.036583,0.067508,0.005191,-0.050641,0.039672,0.061853,0.066640,0.069270,0.067197,0.082841,0.061380,0.062337,0.075535,0.075876,0.043850,-0.005672,-0.019909,-0.050476,-0.072118,-0.035039,0.029788,0.069440,0.092202,0.087245,0.092004,0.072149,0.091615,0.055203,0.070394,0.067777,0.025884,0.012221,-0.071714,-0.046458,-0.076218,-0.027723,-0.011497,-0.310338,0.000000,0.000000,0.000000,0.000000,0.000000,0.000000,0.000000,0.000000,0.000000,0.000000,0.000000,0.000000,0.000000,0.000000,0.000000,0.000000
0.000000,0.000000,0.000000,0.000000,0.000000,0.000000,0.000000,0.000000,0.000000,0.000000,0.000000,0.000000,0.000000,0.000000,0.000000,0.000000,0.000000,-0.271846,-0.020577,-0.046519,-0.101094,-0.076947,-0.041445,0.030229,0.066569,0.072586,0.074942,0.047866,0.050236,0.051183,0.073347,0.071268,0.073992,0.078550,0.081877,0.068522,0.077683,0.076955,0.063353,0.072717,0.061647,0.069474,0.065307,0.087030,0.082053,0.082547,0.078116,0.065744,0.089393,0.046112,0.087829,0.034270,-0.041896,0.034385,0.067375,0.070957,0.074585,0.090301,0.089208,0.070762,0.072038,0.057323,0.040070,-0.019811,-0.104295,-0.110341,-0.079171,-0.095960,-0.090916,-0.046240,-0.005147,0.025380,0.070471,0.068100,0.048825,0.061630,0.077037,0.049381,0.063493,0.081165,0.031363,0.011849,-0.038718,0.000403,-0.033506,-0.312489,0.000000,0.000000,0.000000,0.000000,0.000000,0.000000,0.000000,0.000000,0.000000,0.000000,0.000000,0.000000,0.000000,0.000000,0.000000,0.000000,0.000000
0.000000,0.000000,0.000000,0.000000,0.000000,0.000000,0.000000,0.000000,0.000000,0.000000,0.000000,0.000000,0.000000,0.000000,0.000000,0.000000,0.000000,0.000000,-0.265814,-0.019416,-0.062140,-0.045025,0.005159,0.047365,0.080710,0.086858,0.063384,0.091038,0.076021,0.055005,0.016524,0.004826,-0.007336,0.022662,0.061556,0.076117,0.070352,0.072848,0.064014,0.076235,0.076746,0.082209,0.036142,0.044637,0.051882,0.060130,0.066855,0.056821,0.090328,0.052533,0.101576,0.056228,-0.031641,0.030053,0.076025,0.070833,0.066102,0.063870,0.039931,0.047423,0.069442,0.080595,0.060750,-0.021115,-0.091966,-0.076242,-0.064075,-0.085728,-0.102027,-0.082483,-0.051189,0.004802,0.058476,0.089855,0.063690,0.053149,0.058607,0.072520,0.102194,0.038925,0.058731,0.080673,-0.020036,-0.017610,-0.339267,0.000000,0.000000,0.000000,0.000000,0.000000,0.000000,0.000000,0.000000,0.000000,0.000000,0.000000,0.000000,0.000000,0.000000,0.000000,0.000000,0.000000,0.000000
0.000000,0.000000,0.000000,0.000000,0.000000,0.000000,0.000000,0.000000,0.000000,0.000000,0.000000,0.000000,0.000000,0.000000,0.000000,0.000000,0.000000,0.000000,0.000000,-0.231085,-0.029955,-0.052903,0.025768,0.045808,0.056566,0.023389,0.091956,0.058066,0.050204,-0.054776,-0.080316,-0.106019,-0.078137,-0.049278,0.011341,0.070266,0.088590,0.066534,0.051160,0.056306,0.059449,0.084830,0.088761,0.085538,0.055348,0.069482,0.070933,0.062100,0.081724,0.048625,0.089743,0.053828,-0.035307,0.014638,0.063539,0.055843,0.052233,0.045595,0.045128,0.077095,0.080521,0.077483,0.056028,-0.030414,-0.078486,-0.037277,-0.025294,-0.091135,-0.091833,-0.070401,-0.049595,-0.020574,0.059724,0.052372,0.067088,0.069559,0.105769,0.038422,0.035687,0.031238,0.047718,0.036322,-0.008806,-0.243605,0.000000,0.000000,0.000000,0.000000,0.000000,0.000000,0.000000,0.000000,0.000000,0.000000,0.000000,0.000000,0.000000,0.000000,0.000000,0.000000,0.000000,0.000000,0.000000
0.000000,0.000000,0.000000,0.000000,0.000000,0.000000,0.000000,0.000000,0.000000,0.000000,0.000000,0.000000,0.000000,0.000000,0.000000,0.000000,0.000000,0.000000,0.000000,0.000000,-0.241460,0.025263,-0.078453,0.087593,0.039846,0.092369,0.038191,0.034675,-0.054978,-0.059050,-0.106039,-0.100765,-0.108214,-0.102625,-0.045126,0.023135,0.054535,0.064107,0.067917,0.077190,0.054405,0.065133,0.065400,0.071842,0.068819,0.084060,0.067928,0.057327,0.082732,0.034542,0.062892,0.037686,-0.046683,0.007696,0.057648,0.071295,0.091892,0.086623,0.086667,0.087015,0.060070,0.063063,0.072537,-0.004352,-0.042434,-0.037218,-0.024616,-0.038349,-0.073359,-0.049866,-0.032053,0.010329,0.016828,0.102177,0.053952,0.113899,0.026823,0.122551,0.023682,0.127486,-0.006559,0.037099,-0.196509,0.000000,0.000000,0.000000,0.000000,0.000000,0.000000,0.000000,0.000000,0.000000,0.000000,0.000000,0.000000,0.000000,0.000000,0.000000,0.000000,0.000000,0.000000,0.000000,0.000000
0.000000,0.000000,0.000000,0.000000,0.000000,0.000000,0.000000,0.000000,0.000000,0.000000,0.000000,0.000000,0.000000,0.000000,0.000000,0.000000,0.000000,0.000000,0.000000,0.000000,0.000000,-0.331518,-0.004719,-0.036228,0.002882,0.054708,0.067464,-0.048715,-0.081998,-0.108741,-0.105100,-0.063259,-0.067655,-0.086628,-0.027684,0.033300,0.062973,0.066323,0.079314,0.097522,0.068661,0.053757,0.070381,0.074676,0.064651,0.066663,0.061290,0.075676,0.076433,0.008102,0.034107,0.022588,-0.050097,0.007837,0.060036,0.070694,0.072973,0.074086,0.082548,0.082432,0.061792,0.070453,0.088346,0.043940,0.003615,0.024528,0.060119,0.052094,-0.011521,-0.089543,-0.071545,-0.015358,0.063995,0.057235,0.038401,0.028059,0.059855,0.017032,0.082851,-0.050374,0.071710,-0.289825,0.000000,0.000000,0.000000,0.000000,0.000000,0.000000,0.000000,0.000000,0.000000,0.000000,0.000000,0.000000,0.000000,0.000000,0.000000,0.000000,0.000000,0.000000,0.000000,0.000000,0.000000
0.000000,0.000000,0.000000,0.000000,0.000000,0.000000,0.000000,0.000000,0.000000,0.000000,0.000000,0.000000,0.000000,0.000000,0.000000,0.000000,0.000000,0.000000,0.000000,0.000000,0.000000,0.000000,0.000000,-0.225750,0.066213,-0.067338,-0.031887,-0.115488,-0.089601,-0.123263,-0.108405,-0.076966,-0.031089,0.034241,0.018818,0.056972,0.091715,0.077535,0.058974,0.066029,0.067242,0.079300,0.067230,0.048178,0.065457,0.067819,0.064658,0.079786,0.041342,-0.043783,-0.021348,-0.012802,-0.054464,0.017298,0.065948,0.070341,0.058778,0.041387,0.048807,0.046115,0.059032,0.060028,0.060192,0.043165,0.044677,0.072276,0.062271,0.056129,-0.010253,-0.104314,-0.127978,-0.023318,0.040790,0.096102,0.086433,-0.012889,0.103252,0.006543,0.100331,-0.154210,0.000000,0.000000,0.000000,0.000000,0.000000,0.000000,0.000000,0.000000,0.000000,0.000000,0.000000,0.000000,0.000000,0.000000,0.000000,0.000000,0.000000,0.000000,0.000000,0.000000,0.000000,0.000000,0.000000
0.000000,0.000000,0.000000,0.000000,0.000000,0.000000,0.000000,0.000000,0.000000,0.000000,0.000000,0.000000,0.000000,0.000000,0.000000,0.000000,0.000000,0.000000,0.000000,0.000000,0.000000,0.000000,0.000000,0.000000,-0.326849,-0.038173,-0.026072,-0.039603,-0.083843,-0.053996,-0.079927,-0.082245,-0.000167,0.027244,0.024255,0.036217,0.067526,0.070915,0.051997,0.056024,0.071904,0.087285,0.084143,0.080037,0.081774,0.061151,0.064728,0.087384,0.015417,-0.083481,-0.053132,-0.032393,-0.047465,0.027147,0.070166,0.079753,0.067277,0.084275,0.095461,0.075170,0.086485,0.082404,0.057196,0.062841,0.077202,0.070361,0.022045,0.088648,0.055801,-0.051406,-0.061321,-0.053895,0.047054,0.023087,0.016183,0.062146,0.029455,0.111628,-0.369513,0.000000,0.000000,0.000000,0.000000,0.000000,0.000000,0.000000,0.000000,0.000000,0.000000,0.000000,0.000000,0.000000,0.000000,0.000000,0.000000,0.000000,0.000000,0.000000,0.000000,0.000000,0.000000,0.000000,0.000000
0.000000,0.000000,0.000000,0.000000,0.000000,0.000000,0.000000,0.000000,0.000000,0.000000,0.000000,0.000000,0.000000,0.000000,0.000000,0.000000,0.000000,0.000000,0.000000,0.000000,0.000000,0.000000,0.000000,0.000000,0.000000,0.000000,-0.312947,-0.094765,0.032195,-0.007758,-0.031350,-0.015992,0.048981,0.066398,0.077462,0.079272,0.056006,0.100996,0.086985,0.070705,0.065715,0.057081,0.032782,0.045761,0.074464,0.052724,0.081362,0.093793,-0.004051,-0.108372,-0.060554,-0.040599,-0.048873,0.031858,0.057562,0.075052,0.059905,0.065143,0.065240,0.026692,0.044925,0.079662,0.072244,0.076906,0.081372,0.067942,0.057902,0.064613,0.039216,-0.038982,-0.039084,-0.059033,-0.052836,0.055545,0.069735,-0.044445,-0.249210,0.000000,0.000000,0.000000,0.000000,0.000000,0.000000,0.000000,0.000000,0.000000,0.000000,0.000000,0.000000,0.000000,0.000000,0.000000,0.000000,0.000000,0.000000,0.000000,0.000000,0.000000,0.000000,0.000000,0.000000,0.000000,0.000000
0.000000,0.000000,0.000000,0.000000,0.000000,0.000000,0.000000,0.000000,0.000000,0.000000,0.000000,0.000000,0.000000,0.000000,0.000000,0.000000,0.000000,0.000000,0.000000,0.000000,0.000000,0.000000,0.000000,0.000000,0.000000,0.000000,0.000000,0.000000,-0.416772,-0.095791,-0.024435,-0.028406,-0.008129,0.022319,0.071172,0.056981,0.012864,0.047324,0.040603,0.044450,0.061575,0.087261,0.088932,0.115343,0.105275,0.047788,0.062087,0.076659,-0.019763,-0.121186,-0.054075,-0.057904,-0.057873,0.018985,0.043570,0.068992,0.053556,0.087913,0.101116,0.093183,0.089893,0.071495,0.037533,0.043844,0.061258,0.071795,0.065159,0.036275,0.028694,-0.016156,-0.061318,-0.029775,-0.025492,-0.141961,-0.272480,0.000000,0.000000,0.000000,0.000000,0.000000,0.000000,0.000000,0.000000,0.000000,0.000000,0.000000,0.000000,0.000000,0.000000,0.000000,0.000000,0.000000,0.000000,0.000000,0.000000,0.000000,0.000000,0.000000,0.000000,0.000000,0.000000,0.000000,0.000000
0.000000,0.000000,0.000000,0.000000,0.000000,0.000000,0.000000,0.000000,0.000000,0.000000,0.000000,0.000000,0.000000,0.000000,0.000000,0.000000,0.000000,0.000000,0.000000,0.000000,0.000000,0.000000,0.000000,0.000000,0.000000,0.000000,0.000000,0.000000,0.000000,0.000000,-0.382518,-0.028482,-0.015118,0.016154,-0.022086,0.020204,0.016654,0.135300,0.098069,0.078543,0.065866,0.065636,0.016962,0.017410,0.034086,0.033533,0.068803,0.061179,-0.059397,-0.108299,-0.041759,-0.086526,-0.051422,-0.018894,0.013717,0.074812,0.047807,0.037942,0.026772,0.039675,0.061911,0.068087,0.058657,0.070767,0.070312,0.053645,0.043652,0.011620,0.001394,-0.020304,-0.009035,-0.152998,-0.361336,0.000000,0.000000,0.000000,0.000000,0.000000,0.000000,0.000000,0.000000,0.000000,0.000000,0.000000,0.000000,0.000000,0.000000,0.000000,0.000000,0.000000,0.000000,0.000000,0.000000,0.000000,0.000000,0.000000,0.000000,0.000000,0.000000,0.000000,0.000000,0.000000,0.000000
0.000000,0.000000,0.000000,0.000000,0.000000,0.000000,0.000000,0.000000,0.000000,0.000000,0.000000,0.000000,0.000000,0.000000,0.000000,0.000000,0.000000,0.000000,0.000000,0.000000,0.000000,0.000000,0.000000,0.000000,0.000000,0.000000,0.000000,0.000000,0.000000,0.000000,0.000000,0.000000,-0.361601,0.051842,-0.041808,0.095274,-0.035651,0.014270,-0.047253,-0.018482,0.015459,0.072209,0.069889,0.076747,0.099765,0.094296,0.057856,-0.004173,-0.089793,-0.081194,-0.050153,-0.098026,-0.051195,-0.050605,-0.050582,0.030363,0.093637,0.112277,0.054896,0.060460,0.061703,0.077428,0.012382,0.046034,-0.020542,0.010503,-0.014016,0.034497,-0.037215,-0.054552,-0.337177,0.000000,0.000000,0.000000,0.000000,0.000000,0.000000,0.000000,0.000000,0.000000,0.000000,0.000000,0.000000,0.000000,0.000000,0.000000,0.000000,0.000000,0.000000,0.000000,0.000000,0.000000,0.000000,0.000000,0.000000,0.000000,0.000000,0.000000,0.000000,0.000000,0.000000,0.000000,0.000000
0.000000,0.000000,0.000000,0.000000,0.000000,0.000000,0.000000,0.000000,0.000000,0.000000,0.000000,0.000000,0.000000,0.000000,0.000000,0.000000,0.000000,0.000000,0.000000,0.000000,0.000000,0.000000,0.000000,0.000000,0.000000,0.000000,0.000000,0.000000,0.000000,0.000000,0.000000,0.000000,0.000000,0.000000,-0.363136,-0.101835,-0.119074,-0.017859,0.003358,0.014931,0.003701,-0.002231,-0.029201,-0.031490,-0.001744,-0.009371,-0.026994,-0.042796,-0.064382,-0.039495,-0.042865,-0.055138,-0.046935,-0.054504,-0.075441,-0.065561,-0.018185,0.015884,0.005879,0.003668,0.011460,0.042816,0.003226,0.079443,0.020600,0.043776,-0.109748,-0.056603,-0.360616,0.000000,0.000000,0.000000,0.000000,0.000000,0.000000,0.000000,0.000000,0.000000,0.000000,0.000000,0.000000,0.000000,0.000000,0.000000,0.000000,0.000000,0.000000,0.000000,0.000000,0.000000,0.000000,0.000000,0.000000,0.000000,0.000000,0.000000,0.000000,0.000000,0.000000,0.000000,0.000000,0.000000,0.000000
0.000000,0.000000,0.000000,0.000000,0.000000,0.000000,0.000000,0.000000,0.000000,0.000000,0.000000,0.000000,0.000000,0.000000,0.000000,0.000000,0.000000,0.000000,0.000000,0.000000,0.000000,0.000000,0.000000,0.000000,0.000000,0.000000,0.000000,0.000000,0.000000,0.000000,0.000000,0.000000,0.000000,0.000000,0.000000,0.000000,0.000000,-0.273283,-0.140016,-0.170969,-0.183460,-0.120358,-0.054525,-0.022412,-0.019887,-0.011038,-0.021748,-0.047912,-0.064169,-0.033851,-0.060922,-0.129905,-0.065320,-0.056443,-0.052536,-0.037089,-0.032667,-0.029601,-0.031412,0.000497,-0.003953,-0.083292,-0.139777,-0.197064,-0.091505,-0.328138,0.000000,0.000000,0.000000,0.000000,0.000000,0.000000,0.000000,0.000000,0.000000,0.000000,0.000000,0.000000,0.000000,0.000000,0.000000,0.000000,0.000000,0.000000,0.000000,0.000000,0.000000,0.000000,0.000000,0.000000,0.000000,0.000000,0.000000,0.000000,0.000000,0.000000,0.000000,0.000000,0.000000,0.000000,0.000000,0.000000,0.000000
0.000000,0.000000,0.000000,0.000000,0.000000,0.000000,0.000000,0.000000,0.000000,0.000000,0.000000,0.000000,0.000000,0.000000,0.000000,0.000000,0.000000,0.000000,0.000000,0.000000,0.000000,0.000000,0.000000,0.000000,0.000000,0.000000,0.000000,0.000000,0.000000,0.000000,0.000000,0.000000,0.000000,0.000000,0.000000,0.000000,0.000000,0.000000,0.000000,0.000000,0.000000,0.000000,-0.231515,-0.195623,-0.142588,-0.156042,-0.181992,-0.208797,-0.192736,-0.211748,-0.129667,0.029443,-0.141740,-0.207234,-0.190471,-0.195277,-0.148237,-0.138431,-0.137136,-0.187739,-0.221866,0.000000,0.000000,0.000000,0.000000,0.000000,0.000000,0.000000,0.000000,0.000000,0.000000,0.000000,0.000000,0.000000,0.000000,0.000000,0.000000,0.000000,0.000000,0.000000,0.000000,0.000000,0.000000,0.000000,0.000000,0.000000,0.000000,0.000000,0.000000,0.000000,0.000000,0.000000,0.000000,0.000000,0.000000,0.000000,0.000000,0.000000,0.000000,0.000000,0.000000,0.000000,0.000000
0.000000,0.000000,0.000000,0.000000,0.000000,0.000000,0.000000,0.000000,0.000000,0.000000,0.000000,0.000000,0.000000,0.000000,0.000000,0.000000,0.000000,0.000000,0.000000,0.000000,0.000000,0.000000,0.000000,0.000000,0.000000,0.000000,0.000000,0.000000,0.000000,0.000000,0.000000,0.000000,0.000000,0.000000,0.000000,0.000000,0.000000,0.000000,0.000000,0.000000,0.000000,0.000000,0.000000,0.000000,0.000000,0.000000,0.000000,0.000000,0.000000,0.000000,0.000000,-0.407627,0.000000,0.000000,0.000000,0.000000,0.000000,0.000000,0.000000,0.000000,0.000000,0.000000,0.000000,0.000000,0.000000,0.000000,0.000000,0.000000,0.000000,0.000000,0.000000,0.000000,0.000000,0.000000,0.000000,0.000000,0.000000,0.000000,0.000000,0.000000,0.000000,0.000000,0.000000,0.000000,0.000000,0.000000,0.000000,0.000000,0.000000,0.000000,0.000000,0.000000,0.000000,0.000000,0.000000,0.000000,0.000000,0.000000,0.000000,0.000000,0.000000,0.000000,0.000000
0.000000,0.000000,0.000000,0.000000,0.000000,0.000000,0.000000,0.000000,0.000000,0.000000,0.000000,0.000000,0.000000,0.000000,0.000000,0.000000,0.000000,0.000000,0.000000,0.000000,0.000000,0.000000,0.000000,0.000000,0.000000,0.000000,0.000000,0.000000,0.000000,0.000000,0.000000,0.000000,0.000000,0.000000,0.000000,0.000000,0.000000,0.000000,0.000000,0.000000,0.000000,0.000000,0.000000,0.000000,0.000000,0.000000,0.000000,0.000000,0.000000,0.000000,0.000000,0.000000,0.000000,0.000000,0.000000,0.000000,0.000000,0.000000,0.000000,0.000000,0.000000,0.000000,0.000000,0.000000,0.000000,0.000000,0.000000,0.000000,0.000000,0.000000,0.000000,0.000000,0.000000,0.000000,0.000000,0.000000,0.000000,0.000000,0.000000,0.000000,0.000000,0.000000,0.000000,0.000000,0.000000,0.000000,0.000000,0.000000,0.000000,0.000000,0.000000,0.000000,0.000000,0.000000,0.000000,0.000000,0.000000,0.000000,0.000000,0.000000,0.000000,0.000000,0.000000
