0.000000,0.000000,0.000000,0.000000,0.000000,0.000000,0.000000,0.000000,0.000000,0.000000,0.000000,0.000000,0.000000,0.000000,0.000000,0.000000,0.000000,0.000000,0.000000,0.000000,0.000000,0.000000,0.000000,0.000000,0.000000,0.000000,0.000000,0.000000,0.000000,0.000000,0.000000,0.000000,0.000000,0.000000,0.000000,0.000000,0.000000,0.000000,0.000000,0.000000,0.000000,0.000000,0.000000,0.000000,0.000000,0.000000,0.000000,0.000000,0.000000,0.000000,0.000000,0.000000,0.000000,0.000000,0.000000,0.000000,0.000000,0.000000,0.000000,0.000000,0.000000,0.000000,0.000000,0.000000,0.000000,0.000000,0.000000,0.000000,0.000000,0.000000,0.000000,0.000000,0.000000,0.000000,0.000000,0.000000,0.000000,0.000000,0.000000,0.000000,0.000000,0.000000,0.000000,0.000000,0.000000,0.000000,0.000000,0.000000,0.000000,0.000000,0.000000,0.000000,0.000000,0.000000,0.000000,0.000000,0.000000,0.000000,0.000000,0.000000,0.000000,0.000000,0.000000
0.000000,0.000000,0.000000,0.000000,0.000000,0.000000,0.000000,0.000000,0.000000,0.000000,0.000000,0.000000,0.000000,0.000000,0.000000,0.000000,0.000000,0.000000,0.000000,0.000000,0.000000,0.000000,0.000000,0.000000,0.000000,0.000000,0.000000,0.000000,0.000000,0.000000,0.000000,0.000000,0.000000,0.000000,0.000000,0.000000,0.000000,0.000000,0.000000,0.000000,0.000000,0.000000,0.000000,0.000000,0.000000,0.000000,0.000000,0.000000,0.000000,0.000000,0.000000,-0.009765,0.000000,0.000000,0.000000,0.000000,0.000000,0.000000,0.000000,0.000000,0.000000,0.000000,0.000000,0.000000,0.000000,0.000000,0.000000,0.000000,0.000000,0.000000,0.000000,0.000000,0.000000,0.000000,0.000000,0.000000,0.000000,0.000000,0.000000,0.000000,0.000000,0.000000,0.000000,0.000000,0.000000,0.000000,0.000000,0.000000,0.000000,0.000000,0.000000,0.000000,0.000000,0.000000,0.000000,0.000000,0.000000,0.000000,0.000000,0.000000,0.000000,0.000000,0.000000
0.000000,0.000000,0.000000,0.000000,0.000000,0.000000,0.000000,0.000000,0.000000,0.000000,0.000000,0.000000,0.000000,0.000000,0.000000,0.000000,0.000000,0.000000,0.000000,0.000000,0.000000,0.000000,0.000000,0.000000,0.000000,0.000000,0.000000,0.000000,0.000000,0.000000,0.000000,0.000000,0.000000,0.000000,0.000000,0.000000,0.000000,0.000000,0.000000,0.000000,0.000000,0.000000,-0.010855,-0.010001,-0.009978,-0.010394,-0.010005,-0.009959,-0.009877,-0.009372,-0.009297,-0.009866,-0.010305,-0.010376,-0.010238,-0.009697,-0.009428,-0.010053,-0.010541,-0.009723,-0.009687,0.000000,0.000000,0.000000,0.000000,0.000000,0.000000,0.000000,0.000000,0.000000,0.000000,0.000000,0.000000,0.000000,0.000000,0.000000,0.000000,0.000000,0.000000,0.000000,0.000000,0.000000,0.000000,0.000000,0.000000,0.000000,0.000000,0.000000,0.000000,0.000000,0.000000,0.000000,0.000000,0.000000,0.000000,0.000000,0.000000,0.000000,0.000000,0.000000,0.000000,0.000000,0.000000
0.000000,0.000000,0.000000,0.000000,0.000000,0.000000,0.000000,0.000000,0.000000,0.000000,0.000000,0.000000,0.000000,0.000000,0.000000,0.000000,0.000000,0.000000,0.000000,0.000000,0.000000,0.000000,0.000000,0.000000,0.000000,0.000000,0.000000,0.000000,0.000000,0.000000,0.000000,0.000000,0.000000,0.000000,0.000000,0.000000,0.000000,-0.011073,-0.010816,-0.010625,-0.010076,-0.009971,-0.010926,-0.010772,-0.010162,-0.009928,-0.009738,-0.010097,-0.010044,-0.009699,-0.010029,-0.010103,-0.009938,-0.010545,-0.010299,-0.010063,-0.010474,-0.010151,-0.010207,-0.010248,-0.010231,-0.010367,-0.010451,-0.010588,-0.010483,-0.010588,0.000000,0.000000,0.000000,0.000000,0.000000,0.000000,0.000000,0.000000,0.000000,0.000000,0.000000,0.000000,0.000000,0.000000,0.000000,0.000000,0.000000,0.000000,0.000000,0.000000,0.000000,0.000000,0.000000,0.000000,0.000000,0.000000,0.000000,0.000000,0.000000,0.000000,0.000000,0.000000,0.000000,0.000000,0.000000,0.000000,0.000000
0.000000,0.000000,0.000000,0.000000,0.000000,0.000000,0.000000,0.000000,0.000000,0.000000,0.000000,0.000000,0.000000,0.000000,0.000000,0.000000,0.000000,0.000000,0.000000,0.000000,0.000000,0.000000,0.000000,0.000000,0.000000,0.000000,0.000000,0.000000,0.000000,0.000000,0.000000,0.000000,0.000000,0.000000,-0.009794,-0.010466,-0.010458,-0.010642,-0.010838,-0.010547,-0.010114,-0.009885,-0.010310,-0.010425,-0.009846,-0.009610,-0.009937,-0.009843,-0.010041,-0.010171,-0.009495,-0.009420,-0.009855,-0.010317,-0.010474,-0.010400,-0.010355,-0.010051,-0.010134,-0.010162,-0.010010,-0.010275,-0.010066,-0.009835,-0.009848,-0.010171,-0.010393,-0.010027,-0.010377,0.000000,0.000000,0.000000,0.000000,0.000000,0.000000,0.000000,0.000000,0.000000,0.000000,0.000000,0.000000,0.000000,0.000000,0.000000,0.000000,0.000000,0.000000,0.000000,0.000000,0.000000,0.000000,0.000000,0.000000,0.000000,0.000000,0.000000,0.000000,0.000000,0.000000,0.000000,0.000000,0.000000,0.000000
0.000000,0.000000,0.000000,0.000000,0.000000,0.000000,0.000000,0.000000,0.000000,0.000000,0.000000,0.000000,0.000000,0.000000,0.000000,0.000000,0.000000,0.000000,0.000000,0.000000,0.000000,0.000000,0.000000,0.000000,0.000000,0.000000,0.000000,0.000000,0.000000,0.000000,0.000000,0.000000,-0.011049,-0.010147,-0.010397,-0.010194,-0.009944,-0.010320,-0.009958,-0.010398,-0.010492,-0.010329,-0.010543,-0.010441,-0.010726,-0.010744,-0.011005,-0.011185,-0.011235,-0.011273,-0.010835,-0.010763,-0.011056,-0.011074,-0.010991,-0.010891,-0.010660,-0.011095,-0.011067,-0.010690,-0.010771,-0.010533,-0.010759,-0.010171,-0.009557,-0.010218,-0.009824,-0.009550,-0.009834,-0.010009,-0.010719,0.000000,0.000000,0.000000,0.000000,0.000000,0.000000,0.000000,0.000000,0.000000,0.000000,0.000000,0.000000,0.000000,0.000000,0.000000,0.000000,0.000000,0.000000,0.000000,0.000000,0.000000,0.000000,0.000000,0.000000,0.000000,0.000000,0.000000,0.000000,0.000000,0.000000,0.000000,0.000000
0.000000,0.000000,0.000000,0.000000,0.000000,0.000000,0.000000,0.000000,0.000000,0.000000,0.000000,0.000000,0.000000,0.000000,0.000000,0.000000,0.000000,0.000000,0.000000,0.000000,0.000000,0.000000,0.000000,0.000000,0.000000,0.000000,0.000000,0.000000,0.000000,0.000000,-0.010893,-0.010219,-0.009938,-0.010154,-0.010459,-0.010062,-0.010053,-0.010261,-0.010329,-0.010577,-0.010871,-0.009958,-0.007983,-0.006572,-0.006376,-0.006746,-0.006606,-0.006882,-0.007013,-0.006875,-0.007259,-0.007280,-0.007145,-0.006954,-0.006486,-0.006313,-0.006416,-0.006697,-0.006936,-0.007132,-0.007973,-0.010089,-0.011476,-0.010982,-0.010641,-0.010452,-0.009936,-0.009672,-0.010133,-0.010342,-0.009873,-0.009956,-0.010729,0.000000,0.000000,0.000000,0.000000,0.000000,0.000000,0.000000,0.000000,0.000000,0.000000,0.000000,0.000000,0.000000,0.000000,0.000000,0.000000,0.000000,0.000000,0.000000,0.000000,0.000000,0.000000,0.000000,0.000000,0.000000,0.000000,0.000000,0.000000,0.000000,0.000000
0.000000,0.000000,0.000000,0.000000,0.000000,0.000000,0.000000,0.000000,0.000000,0.000000,0.000000,0.000000,0.000000,0.000000,0.000000,0.000000,0.000000,0.000000,0.000000,0.000000,0.000000,0.000000,0.000000,0.000000,0.000000,0.000000,0.000000,0.000000,-0.010238,-0.010307,-0.009862,-0.009865,-0.010389,-0.010241,-0.010481,-0.011170,-0.011024,-0.009547,-0.007777,-0.006198,-0.006215,-0.004276,0.001481,0.003708,0.003680,0.003835,0.003908,0.004196,0.003803,0.003704,0.003702,0.003444,0.003292,0.003486,0.003809,0.004214,0.003954,0.003736,0.003085,0.003299,0.001826,-0.004212,-0.006620,-0.006049,-0.007686,-0.009606,-0.010467,-0.010512,-0.009965,-0.009964,-0.009919,-0.009613,-0.010146,-0.009990,-0.009982,0.000000,0.000000,0.000000,0.000000,0.000000,0.000000,0.000000,0.000000,0.000000,0.000000,0.000000,0.000000,0.000000,0.000000,0.000000,0.000000,0.000000,0.000000,0.000000,0.000000,0.000000,0.000000,0.000000,0.000000,0.000000,0.000000,0.000000,0.000000
0.000000,0.000000,0.000000,0.000000,0.000000,0.000000,0.000000,0.000000,0.000000,0.000000,0.000000,0.000000,0.000000,0.000000,0.000000,0.000000,0.000000,0.000000,0.000000,0.000000,0.000000,0.000000,0.000000,0.000000,0.000000,0.000000,-0.010198,-0.010101,-0.009454,-0.009770,-0.010172,-0.009974,-0.010345,-0.010687,-0.009938,-0.007930,-0.007012,-0.004187,0.001633,0.003415,0.003476,0.004764,0.006597,0.007834,0.007619,0.007718,0.007712,0.007811,0.007848,0.007660,0.007592,0.007516,0.007453,0.007390,0.007604,0.007852,0.007820,0.007694,0.007585,0.007911,0.007102,0.004942,0.003161,0.003558,0.001925,-0.003963,-0.006476,-0.007408,-0.009931,-0.010926,-0.010036,-0.009967,-0.010841,-0.010731,-0.010097,-0.009669,-0.010763,0.000000,0.000000,0.000000,0.000000,0.000000,0.000000,0.000000,0.000000,0.000000,0.000000,0.000000,0.000000,0.000000,0.000000,0.000000,0.000000,0.000000,0.000000,0.000000,0.000000,0.000000,0.000000,0.000000,0.000000,0.000000,0.000000
0.000000,0.000000,0.000000,0.000000,0.000000,0.000000,0.000000,0.000000,0.000000,0.000000,0.000000,0.000000,0.000000,0.000000,0.000000,0.000000,0.000000,0.000000,0.000000,0.000000,0.000000,0.000000,0.000000,0.000000,-0.010732,-0.009883,-0.010105,-0.009825,-0.009962,-0.009803,-0.010123,-0.011090,-0.009213,-0.007404,-0.004313,0.001403,0.003055,0.004230,0.007045,0.007947,0.007683,0.007040,0.006746,0.006839,0.006353,0.006304,0.006901,0.006704,0.006663,0.006689,0.006525,0.006829,0.006733,0.006437,0.006590,0.006778,0.006844,0.006534,0.006540,0.006944,0.007128,0.006976,0.007095,0.007756,0.007316,0.004344,0.003105,0.001211,-0.005183,-0.008267,-0.009424,-0.011029,-0.010957,-0.010886,-0.010509,-0.009484,-0.009387,-0.010165,-0.010138,0.000000,0.000000,0.000000,0.000000,0.000000,0.000000,0.000000,0.000000,0.000000,0.000000,0.000000,0.000000,0.000000,0.000000,0.000000,0.000000,0.000000,0.000000,0.000000,0.000000,0.000000,0.000000,0.000000,0.000000
0.000000,0.000000,0.000000,0.000000,0.000000,0.000000,0.000000,0.000000,0.000000,0.000000,0.000000,0.000000,0.000000,0.000000,0.000000,0.000000,0.000000,0.000000,0.000000,0.000000,0.000000,0.000000,0.000000,-0.010644,-0.009916,-0.009960,-0.010482,-0.010188,-0.010288,-0.011073,-0.009666,-0.007717,-0.004702,0.001499,0.005079,0.006692,0.007489,0.006962,0.006934,0.007428,0.007000,0.006345,0.006755,0.006483,0.006370,0.006910,0.007273,0.007295,0.006987,0.006836,0.007018,0.007111,0.007019,0.006841,0.006833,0.007078,0.007193,0.006820,0.006159,0.006469,0.006907,0.006050,0.006375,0.007268,0.007233,0.007156,0.007404,0.006296,0.004455,0.000918,-0.004913,-0.007772,-0.009884,-0.011358,-0.010265,-0.009743,-0.009935,-0.009752,-0.010297,-0.011056,0.000000,0.000000,0.000000,0.000000,0.000000,0.000000,0.000000,0.000000,0.000000,0.000000,0.000000,0.000000,0.000000,0.000000,0.000000,0.000000,0.000000,0.000000,0.000000,0.000000,0.000000,0.000000,0.000000
0.000000,0.000000,0.000000,0.000000,0.000000,0.000000,0.000000,0.000000,0.000000,0.000000,0.000000,0.000000,0.000000,0.000000,0.000000,0.000000,0.000000,0.000000,0.000000,0.000000,0.000000,-0.010743,-0.009834,-0.009428,-0.010027,-0.010814,-0.010592,-0.011196,-0.009756,-0.008021,-0.005273,0.001266,0.004382,0.005935,0.007683,0.007586,0.007100,0.006529,0.006493,0.006668,0.006729,0.006884,0.006646,0.006392,0.006882,0.007202,0.006880,0.006864,0.006925,0.006908,0.006974,0.006935,0.007007,0.006716,0.006627,0.006777,0.006945,0.007056,0.006733,0.006541,0.006611,0.006693,0.006595,0.006515,0.006573,0.006760,0.007176,0.007358,0.007511,0.005918,0.004313,0.001235,-0.005119,-0.007872,-0.009436,-0.010562,-0.010217,-0.011022,-0.010693,-0.009877,-0.010067,-0.010778,0.000000,0.000000,0.000000,0.000000,0.000000,0.000000,0.000000,0.000000,0.000000,0.000000,0.000000,0.000000,0.000000,0.000000,0.000000,0.000000,0.000000,0.000000,0.000000,0.000000,0.000000
0.000000,0.000000,0.000000,0.000000,0.000000,0.000000,0.000000,0.000000,0.000000,0.000000,0.000000,0.000000,0.000000,0.000000,0.000000,0.000000,0.000000,0.000000,0.000000,0.000000,-0.010545,-0.010210,-0.009340,-0.009723,-0.010556,-0.010850,-0.009729,-0.007735,-0.004412,0.001358,0.004110,0.005782,0.007854,0.007224,0.006763,0.006744,0.006510,0.006835,0.006890,0.006692,0.006735,0.006588,0.006421,0.006601,0.006666,0.006840,0.006893,0.006634,0.006709,0.006823,0.006961,0.007140,0.007056,0.006828,0.006836,0.006859,0.006727,0.006807,0.007041,0.006867,0.006630,0.006667,0.006936,0.006904,0.006726,0.006528,0.006334,0.006692,0.006870,0.007429,0.007917,0.005871,0.004253,0.001812,-0.004024,-0.007602,-0.009478,-0.010941,-0.011217,-0.010199,-0.009348,-0.010340,-0.010564,0.000000,0.000000,0.000000,0.000000,0.000000,0.000000,0.000000,0.000000,0.000000,0.000000,0.000000,0.000000,0.000000,0.000000,0.000000,0.000000,0.000000,0.000000,0.000000,0.000000
0.000000,0.000000,0.000000,0.000000,0.000000,0.000000,0.000000,0.000000,0.000000,0.000000,0.000000,0.000000,0.000000,0.000000,0.000000,0.000000,0.000000,0.000000,0.000000,-0.010156,-0.009959,-0.009785,-0.010172,-0.010084,-0.009935,-0.009755,-0.005354,0.001868,0.004887,0.006416,0.007751,0.007059,0.006898,0.007178,0.006743,0.006630,0.006999,0.007201,0.007125,0.006602,0.006526,0.006446,0.006444,0.006811,0.007025,0.007050,0.006914,0.006897,0.006695,0.006745,0.006867,0.006796,0.007092,0.007027,0.006775,0.006819,0.006757,0.006791,0.006837,0.006700,0.006535,0.006521,0.006604,0.006760,0.006834,0.006512,0.006260,0.006350,0.006977,0.007216,0.006669,0.006949,0.007955,0.006552,0.004972,0.001871,-0.005597,-0.009838,-0.010611,-0.010582,-0.010059,-0.010161,-0.010369,-0.010883,0.000000,0.000000,0.000000,0.000000,0.000000,0.000000,0.000000,0.000000,0.000000,0.000000,0.000000,0.000000,0.000000,0.000000,0.000000,0.000000,0.000000,0.000000,0.000000
0.000000,0.000000,0.000000,0.000000,0.000000,0.000000,0.000000,0.000000,0.000000,0.000000,0.000000,0.000000,0.000000,0.000000,0.000000,0.000000,0.000000,0.000000,-0.009914,-0.009667,-0.009661,-0.010660,-0.010871,-0.010209,-0.009712,-0.005500,0.002643,0.006820,0.007816,0.007349,0.006795,0.007068,0.006244,0.006079,0.006710,0.007465,0.007380,0.006966,0.006856,0.006611,0.006783,0.007019,0.007153,0.007095,0.007077,0.007031,0.006715,0.006793,0.006893,0.006861,0.006562,0.006607,0.007052,0.006971,0.006786,0.006618,0.006608,0.006623,0.006618,0.006796,0.006661,0.006518,0.006873,0.006616,0.006326,0.006629,0.006821,0.007292,0.006987,0.006141,0.006139,0.006882,0.006897,0.007287,0.007659,0.006622,0.002373,-0.005455,-0.009824,-0.010253,-0.010457,-0.010602,-0.009798,-0.009574,-0.010472,0.000000,0.000000,0.000000,0.000000,0.000000,0.000000,0.000000,0.000000,0.000000,0.000000,0.000000,0.000000,0.000000,0.000000,0.000000,0.000000,0.000000,0.000000
0.000000,0.000000,0.000000,0.000000,0.000000,0.000000,0.000000,0.000000,0.000000,0.000000,0.000000,0.000000,0.000000,0.000000,0.000000,0.000000,0.000000,-0.009789,-0.009791,-0.009825,-0.010168,-0.011079,-0.010100,-0.007655,-0.004766,0.002075,0.006723,0.007172,0.007445,0.006925,0.006308,0.006288,0.006614,0.006756,0.006930,0.006680,0.006395,0.006585,0.006964,0.007231,0.006923,0.006865,0.007022,0.006674,0.006573,0.006757,0.006730,0.006819,0.006992,0.006723,0.006410,0.006706,0.006853,0.006775,0.006848,0.006815,0.006875,0.006701,0.006706,0.006812,0.006427,0.006489,0.007060,0.006979,0.006660,0.006504,0.006486,0.006977,0.007412,0.007250,0.006739,0.006403,0.006520,0.007217,0.007445,0.006871,0.006613,0.002322,-0.004315,-0.007280,-0.009372,-0.010498,-0.010047,-0.009459,-0.009600,-0.010502,0.000000,0.000000,0.000000,0.000000,0.000000,0.000000,0.000000,0.000000,0.000000,0.000000,0.000000,0.000000,0.000000,0.000000,0.000000,0.000000,0.000000
0.000000,0.000000,0.000000,0.000000,0.000000,0.000000,0.000000,0.000000,0.000000,0.000000,0.000000,0.000000,0.000000,0.000000,0.000000,0.000000,-0.010460,-0.009817,-0.010104,-0.010573,-0.010208,-0.010085,-0.006161,0.001176,0.004355,0.005915,0.007400,0.007519,0.006989,0.006378,0.006420,0.006774,0.006940,0.006575,0.006501,0.006661,0.006637,0.006884,0.007026,0.006879,0.006488,0.006449,0.006849,0.006678,0.006739,0.006691,0.006586,0.006937,0.006677,0.006463,0.006678,0.006818,0.006938,0.006672,0.006446,0.006652,0.006912,0.006876,0.006793,0.006825,0.006658,0.006640,0.006463,0.006498,0.006846,0.006853,0.006938,0.007025,0.007003,0.006963,0.007141,0.007342,0.006987,0.006583,0.007062,0.007409,0.007254,0.005887,0.004585,0.001505,-0.005631,-0.009470,-0.009981,-0.010208,-0.009921,-0.010315,-0.010860,0.000000,0.000000,0.000000,0.000000,0.000000,0.000000,0.000000,0.000000,0.000000,0.000000,0.000000,0.000000,0.000000,0.000000,0.000000,0.000000
0.000000,0.000000,0.000000,0.000000,0.000000,0.000000,0.000000,0.000000,0.000000,0.000000,0.000000,0.000000,0.000000,0.000000,0.000000,-0.010227,-0.010140,-0.009988,-0.010708,-0.010370,-0.009605,-0.005508,0.002239,0.006289,0.007269,0.007188,0.007342,0.006827,0.006308,0.006927,0.006858,0.006622,0.006256,0.006383,0.006883,0.007008,0.006740,0.006743,0.006940,0.006592,0.006413,0.006637,0.006849,0.006811,0.006564,0.006627,0.006793,0.006800,0.006627,0.006587,0.006880,0.007032,0.006898,0.006644,0.006534,0.006535,0.006669,0.006936,0.006785,0.006753,0.007004,0.006880,0.006754,0.006543,0.006548,0.006847,0.006893,0.007308,0.007192,0.006612,0.006655,0.006941,0.007332,0.007123,0.006169,0.006537,0.007030,0.007053,0.007266,0.006412,0.002511,-0.005198,-0.009540,-0.010105,-0.010345,-0.009930,-0.010242,-0.010202,0.000000,0.000000,0.000000,0.000000,0.000000,0.000000,0.000000,0.000000,0.000000,0.000000,0.000000,0.000000,0.000000,0.000000,0.000000
0.000000,0.000000,0.000000,0.000000,0.000000,0.000000,0.000000,0.000000,0.000000,0.000000,0.000000,0.000000,0.000000,0.000000,-0.009714,-0.009844,-0.009890,-0.010709,-0.010382,-0.009394,-0.005489,0.002393,0.006496,0.006860,0.007015,0.006943,0.006537,0.006595,0.007171,0.007030,0.006576,0.006564,0.006740,0.006802,0.007001,0.006680,0.006623,0.006873,0.006892,0.006839,0.006475,0.006520,0.006926,0.006778,0.006696,0.006907,0.006883,0.006784,0.006657,0.006649,0.006798,0.006984,0.006662,0.006428,0.006730,0.006767,0.006853,0.007050,0.006892,0.006808,0.006751,0.006914,0.007046,0.006824,0.006641,0.006597,0.006755,0.006964,0.007208,0.007130,0.006811,0.006249,0.006325,0.006949,0.006899,0.006510,0.006452,0.007127,0.007616,0.007327,0.006901,0.002573,-0.005812,-0.009779,-0.010042,-0.010561,-0.010218,-0.009968,-0.010270,0.000000,0.000000,0.000000,0.000000,0.000000,0.000000,0.000000,0.000000,0.000000,0.000000,0.000000,0.000000,0.000000,0.000000
0.000000,0.000000,0.000000,0.000000,0.000000,0.000000,0.000000,0.000000,0.000000,0.000000,0.000000,0.000000,0.000000,-0.009507,-0.009477,-0.009682,-0.010377,-0.010067,-0.009733,-0.005435,0.002826,0.006091,0.006802,0.007342,0.006550,0.006405,0.006962,0.007222,0.007125,0.006830,0.006633,0.007087,0.006927,0.006671,0.006845,0.006583,0.006663,0.006924,0.006860,0.006730,0.006437,0.006410,0.006710,0.006800,0.006972,0.006907,0.006772,0.006731,0.006535,0.006650,0.006901,0.006935,0.006631,0.006547,0.006662,0.006620,0.006761,0.006876,0.006683,0.006784,0.006874,0.006807,0.006736,0.006852,0.006789,0.006563,0.006669,0.006671,0.006702,0.006617,0.006832,0.006757,0.006255,0.006489,0.007114,0.007361,0.006957,0.006681,0.007175,0.007975,0.007188,0.006108,0.002433,-0.005910,-0.009712,-0.009803,-0.010351,-0.009842,-0.010075,-0.010525,0.000000,0.000000,0.000000,0.000000,0.000000,0.000000,0.000000,0.000000,0.000000,0.000000,0.000000,0.000000,0.000000
0.000000,0.000000,0.000000,0.000000,0.000000,0.000000,0.000000,0.000000,0.000000,0.000000,0.000000,0.000000,-0.009823,-0.009735,-0.009653,-0.010143,-0.010159,-0.009781,-0.005940,0.002501,0.006555,0.006935,0.007550,0.006584,0.006460,0.007371,0.007329,0.006960,0.006649,0.006518,0.007106,0.007138,0.006548,0.006836,0.007031,0.006784,0.006608,0.006566,0.006604,0.006426,0.006594,0.006572,0.006313,0.006529,0.006824,0.006713,0.006649,0.006552,0.006536,0.006906,0.006989,0.006800,0.006714,0.006790,0.006778,0.006701,0.006703,0.006731,0.006482,0.006580,0.006843,0.006728,0.006846,0.006722,0.006562,0.006583,0.006525,0.006659,0.006676,0.006377,0.006768,0.007139,0.007015,0.006832,0.006827,0.007009,0.007113,0.007014,0.006256,0.006429,0.007352,0.006847,0.006146,0.002253,-0.005485,-0.009220,-0.009762,-0.010296,-0.009658,-0.009513,-0.010757,0.000000,0.000000,0.000000,0.000000,0.000000,0.000000,0.000000,0.000000,0.000000,0.000000,0.000000,0.000000
0.000000,0.000000,0.000000,0.000000,0.000000,0.000000,0.000000,0.000000,0.000000,0.000000,0.000000,-0.010661,-0.010313,-0.009856,-0.010110,-0.010702,-0.009927,-0.005496,0.002315,0.006393,0.007037,0.007515,0.006693,0.006466,0.007261,0.007292,0.006673,0.006542,0.006683,0.006748,0.006953,0.006758,0.006658,0.007155,0.007235,0.006902,0.006714,0.006552,0.006576,0.006584,0.006694,0.006749,0.006426,0.006270,0.006662,0.006856,0.006479,0.006539,0.006865,0.006967,0.007022,0.006994,0.006826,0.006803,0.006874,0.006947,0.006959,0.006820,0.006638,0.006679,0.006816,0.006777,0.006669,0.006565,0.006538,0.006534,0.006747,0.006761,0.006484,0.006669,0.006695,0.006736,0.007089,0.007023,0.006893,0.006599,0.006387,0.006689,0.006688,0.006003,0.006367,0.007710,0.007006,0.006381,0.002791,-0.005380,-0.009354,-0.010176,-0.010205,-0.009645,-0.009762,-0.009733,0.000000,0.000000,0.000000,0.000000,0.000000,0.000000,0.000000,0.000000,0.000000,0.000000,0.000000
0.000000,0.000000,0.000000,0.000000,0.000000,0.000000,0.000000,0.000000,0.000000,0.000000,0.000000,-0.010086,-0.009841,-0.010024,-0.010524,-0.009900,-0.005953,0.002485,0.006595,0.006917,0.007654,0.006601,0.006348,0.006991,0.007127,0.006738,0.006585,0.006733,0.006593,0.006515,0.006506,0.006591,0.006849,0.007032,0.007151,0.006868,0.006673,0.006703,0.006521,0.006625,0.006628,0.006637,0.006647,0.006403,0.006578,0.006963,0.006812,0.006730,0.007198,0.007151,0.006847,0.006949,0.006693,0.006481,0.006642,0.006705,0.006907,0.006983,0.006750,0.006902,0.007060,0.006822,0.006430,0.006447,0.006644,0.006644,0.006990,0.006830,0.006537,0.006801,0.006807,0.006680,0.006724,0.006735,0.006822,0.006913,0.006502,0.006270,0.006515,0.006647,0.006299,0.006618,0.007958,0.007448,0.006867,0.002752,-0.005287,-0.009449,-0.010837,-0.010044,-0.009591,-0.010634,0.000000,0.000000,0.000000,0.000000,0.000000,0.000000,0.000000,0.000000,0.000000,0.000000,0.000000
0.000000,0.000000,0.000000,0.000000,0.000000,0.000000,0.000000,0.000000,0.000000,0.000000,-0.010867,-0.009724,-0.010521,-0.010730,-0.010646,-0.007957,0.001049,0.006263,0.007151,0.007513,0.006416,0.006321,0.006959,0.007127,0.006776,0.006803,0.006921,0.006724,0.006383,0.006427,0.006765,0.006599,0.006635,0.006758,0.006663,0.006734,0.006743,0.006749,0.006658,0.006506,0.006634,0.006837,0.006616,0.006543,0.006821,0.006997,0.006960,0.006806,0.007081,0.007094,0.006684,0.006737,0.006618,0.006414,0.006431,0.006382,0.006772,0.006947,0.006949,0.007087,0.006918,0.006769,0.006675,0.006711,0.006616,0.006828,0.007002,0.006761,0.006789,0.006870,0.006819,0.006861,0.007045,0.006909,0.006641,0.006856,0.006865,0.006254,0.006178,0.006746,0.006742,0.006195,0.006664,0.007980,0.007290,0.006528,0.001737,-0.007605,-0.010752,-0.010539,-0.010325,-0.009801,-0.010485,0.000000,0.000000,0.000000,0.000000,0.000000,0.000000,0.000000,0.000000,0.000000,0.000000
0.000000,0.000000,0.000000,0.000000,0.000000,0.000000,0.000000,0.000000,0.000000,-0.010678,-0.010230,-0.010257,-0.011011,-0.010653,-0.009930,-0.004729,0.004145,0.007452,0.007565,0.006779,0.006323,0.006971,0.006827,0.006384,0.006577,0.007184,0.006991,0.006596,0.006606,0.007082,0.007098,0.006842,0.006796,0.006588,0.006552,0.006630,0.006698,0.006772,0.007041,0.006904,0.006584,0.007023,0.007082,0.006771,0.006804,0.006673,0.006622,0.006752,0.006695,0.006704,0.006737,0.006733,0.006889,0.006876,0.006623,0.006625,0.006798,0.006930,0.007073,0.007040,0.006920,0.006743,0.006790,0.006979,0.006931,0.006883,0.006669,0.006597,0.006668,0.006810,0.006783,0.006762,0.007119,0.006997,0.006488,0.006446,0.006620,0.006647,0.006326,0.006436,0.007061,0.007107,0.006223,0.006716,0.007484,0.007441,0.004518,-0.004501,-0.010212,-0.010382,-0.010374,-0.010172,-0.010037,-0.010810,0.000000,0.000000,0.000000,0.000000,0.000000,0.000000,0.000000,0.000000,0.000000
0.000000,0.000000,0.000000,0.000000,0.000000,0.000000,0.000000,0.000000,0.000000,-0.010155,-0.009846,-0.010397,-0.010664,-0.009735,-0.005437,0.002083,0.006090,0.007465,0.007072,0.006262,0.007031,0.007069,0.006420,0.006152,0.006897,0.007316,0.006981,0.006787,0.006981,0.007312,0.007300,0.007012,0.006849,0.006762,0.006621,0.006721,0.006702,0.006760,0.007124,0.006903,0.006741,0.007042,0.007271,0.007033,0.006691,0.006626,0.006664,0.006753,0.006637,0.006677,0.006632,0.006763,0.007103,0.007122,0.007126,0.007011,0.006856,0.006980,0.007018,0.006884,0.006856,0.006871,0.006907,0.006986,0.006927,0.006660,0.006478,0.006566,0.006672,0.006904,0.006978,0.006697,0.006831,0.007020,0.006551,0.006338,0.006613,0.006847,0.006873,0.006633,0.006837,0.007143,0.007115,0.006325,0.006798,0.007457,0.006201,0.001976,-0.005566,-0.009248,-0.010112,-0.010694,-0.010075,-0.010675,0.000000,0.000000,0.000000,0.000000,0.000000,0.000000,0.000000,0.000000,0.000000
0.000000,0.000000,0.000000,0.000000,0.000000,0.000000,0.000000,0.000000,-0.010057,-0.009861,-0.010466,-0.010290,-0.009428,-0.005263,0.002810,0.006664,0.007401,0.007338,0.006250,0.006593,0.007040,0.006642,0.006426,0.006702,0.007086,0.007097,0.006952,0.006962,0.006900,0.006958,0.007054,0.006905,0.006744,0.006807,0.006839,0.006983,0.007051,0.006948,0.007103,0.006966,0.006960,0.007126,0.007062,0.007004,0.006820,0.006866,0.006718,0.006638,0.006789,0.006558,0.006637,0.006926,0.006950,0.007147,0.006989,0.006709,0.006957,0.007027,0.006930,0.006847,0.006789,0.006845,0.006905,0.006992,0.006790,0.006626,0.006726,0.006752,0.006808,0.006917,0.006765,0.006617,0.006917,0.006954,0.006760,0.006690,0.006680,0.006863,0.006983,0.006930,0.006583,0.006660,0.007108,0.007026,0.006436,0.007366,0.007750,0.006565,0.002744,-0.004800,-0.008989,-0.010113,-0.010229,-0.010002,-0.010482,0.000000,0.000000,0.000000,0.000000,0.000000,0.000000,0.000000,0.000000
0.000000,0.000000,0.000000,0.000000,0.000000,0.000000,0.000000,0.000000,-0.009928,-0.010301,-0.010355,-0.011174,-0.007506,0.002135,0.006896,0.007084,0.007283,0.006600,0.006132,0.006641,0.006678,0.006749,0.007053,0.006770,0.006788,0.006858,0.006781,0.006670,0.006788,0.006904,0.006664,0.006729,0.006742,0.006708,0.007003,0.006951,0.006784,0.006823,0.007085,0.007122,0.006994,0.007115,0.007040,0.007081,0.007092,0.006845,0.006679,0.006657,0.006675,0.006568,0.006689,0.006938,0.007023,0.006910,0.006518,0.006491,0.006895,0.006964,0.006880,0.006883,0.006784,0.006753,0.006709,0.006727,0.006989,0.007014,0.006834,0.006879,0.006821,0.006588,0.006448,0.006550,0.006784,0.006804,0.006728,0.006751,0.006864,0.006867,0.006812,0.006860,0.007011,0.006789,0.006682,0.007110,0.006811,0.006781,0.007540,0.007001,0.006599,0.001988,-0.007484,-0.010770,-0.009822,-0.010002,-0.010476,0.000000,0.000000,0.000000,0.000000,0.000000,0.000000,0.000000,0.000000
0.000000,0.000000,0.000000,0.000000,0.000000,0.000000,0.000000,-0.010425,-0.009709,-0.010102,-0.010249,-0.009604,-0.004304,0.004870,0.007757,0.007324,0.006805,0.006012,0.006825,0.006777,0.006589,0.007066,0.007131,0.006797,0.006839,0.006944,0.006580,0.006523,0.006886,0.007059,0.006735,0.006614,0.006703,0.006606,0.006676,0.006651,0.006332,0.006403,0.006866,0.006717,0.006750,0.006859,0.006662,0.007018,0.007143,0.006868,0.006689,0.006594,0.006631,0.006683,0.006695,0.006910,0.007116,0.006859,0.006663,0.006754,0.006984,0.007100,0.007020,0.006845,0.006702,0.006656,0.006537,0.006747,0.007020,0.006902,0.006755,0.006824,0.006830,0.006678,0.006510,0.006712,0.006996,0.006848,0.006604,0.006704,0.006834,0.006772,0.006819,0.006865,0.006919,0.006869,0.006599,0.006785,0.007080,0.006251,0.006708,0.006965,0.007280,0.004330,-0.004734,-0.009369,-0.010189,-0.010371,-0.009940,-0.010478,0.000000,0.000000,0.000000,0.000000,0.000000,0.000000,0.000000
0.000000,0.000000,0.000000,0.000000,0.000000,0.000000,0.000000,-0.009664,-0.009513,-0.009529,-0.010659,-0.007390,0.001572,0.006492,0.007763,0.006945,0.006116,0.006952,0.006924,0.006731,0.006790,0.006926,0.006831,0.006897,0.007081,0.007000,0.006475,0.006434,0.006831,0.006821,0.006722,0.006432,0.006605,0.006612,0.006433,0.006547,0.006462,0.006677,0.006720,0.006597,0.006466,0.006413,0.006499,0.006729,0.006901,0.006581,0.006449,0.006600,0.006750,0.006477,0.006602,0.007032,0.006861,0.006830,0.006761,0.006824,0.007113,0.006990,0.006728,0.006775,0.006803,0.006607,0.006524,0.006766,0.006796,0.006707,0.006730,0.006665,0.006948,0.006819,0.006533,0.006842,0.007122,0.006820,0.006541,0.006724,0.006815,0.006848,0.006838,0.006917,0.007065,0.006711,0.006331,0.006503,0.006849,0.007104,0.006372,0.006586,0.007084,0.006155,0.001424,-0.007491,-0.011063,-0.010125,-0.009971,-0.010028,0.000000,0.000000,0.000000,0.000000,0.000000,0.000000,0.000000
0.000000,0.000000,0.000000,0.000000,0.000000,0.000000,-0.010413,-0.009634,-0.010191,-0.010240,-0.008998,-0.004433,0.004418,0.008168,0.007176,0.006240,0.006354,0.006981,0.006277,0.006342,0.006832,0.006717,0.006681,0.006791,0.007076,0.006973,0.006576,0.006492,0.006712,0.006873,0.006778,0.006701,0.006568,0.006594,0.006680,0.006590,0.006722,0.006968,0.006954,0.006808,0.006553,0.006457,0.006582,0.006870,0.006957,0.006554,0.006521,0.006921,0.006880,0.006634,0.006926,0.007098,0.006783,0.006489,0.006574,0.006814,0.006789,0.006562,0.006371,0.006700,0.006949,0.006696,0.006414,0.006357,0.006634,0.006746,0.006522,0.006641,0.006943,0.006600,0.006423,0.006764,0.006932,0.006751,0.006553,0.006722,0.006917,0.006923,0.006898,0.007036,0.007129,0.006703,0.006493,0.006367,0.006322,0.007004,0.006695,0.006383,0.006717,0.007969,0.004498,-0.004797,-0.009379,-0.010422,-0.010532,-0.010199,-0.010741,0.000000,0.000000,0.000000,0.000000,0.000000,0.000000
0.000000,0.000000,0.000000,0.000000,0.000000,0.000000,-0.009470,-0.009850,-0.010482,-0.011357,-0.008005,0.001381,0.006003,0.006968,0.006926,0.006175,0.006754,0.006548,0.006329,0.006826,0.006926,0.006530,0.006451,0.006537,0.006755,0.006829,0.006681,0.006402,0.006593,0.006938,0.006885,0.006998,0.006947,0.006805,0.006782,0.006733,0.006591,0.006567,0.006986,0.006794,0.006597,0.006717,0.006669,0.006835,0.006757,0.006771,0.006864,0.006941,0.006881,0.006794,0.007026,0.006942,0.006647,0.006481,0.006681,0.006855,0.006693,0.006553,0.006561,0.006897,0.007170,0.006986,0.006542,0.006393,0.006607,0.006566,0.006617,0.006949,0.006985,0.006764,0.006495,0.006682,0.007109,0.006720,0.006461,0.006952,0.007089,0.006820,0.006817,0.006885,0.006779,0.006754,0.006695,0.006574,0.006421,0.006521,0.006842,0.006383,0.006882,0.006969,0.005881,0.001293,-0.007854,-0.011244,-0.010130,-0.010292,-0.010340,0.000000,0.000000,0.000000,0.000000,0.000000,0.000000
0.000000,0.000000,0.000000,0.000000,0.000000,-0.009367,-0.009444,-0.010504,-0.010520,-0.009676,-0.005178,0.004249,0.007864,0.006753,0.006290,0.006705,0.007085,0.006630,0.006952,0.007154,0.006782,0.006504,0.006651,0.006466,0.006330,0.006549,0.006531,0.006434,0.006464,0.006573,0.006660,0.006701,0.006907,0.007006,0.006802,0.006700,0.006394,0.006393,0.006651,0.006591,0.006770,0.006717,0.006539,0.006585,0.006530,0.006716,0.007047,0.007042,0.006802,0.006698,0.006883,0.006995,0.006639,0.006584,0.006879,0.006935,0.006781,0.006540,0.006644,0.006996,0.007263,0.007119,0.006909,0.006748,0.006495,0.006666,0.006831,0.006924,0.007185,0.007030,0.006740,0.006876,0.006870,0.006550,0.006471,0.006769,0.007233,0.007083,0.006533,0.006736,0.007037,0.006752,0.006561,0.006946,0.006861,0.006349,0.006960,0.006806,0.006393,0.006785,0.007932,0.004322,-0.005074,-0.009685,-0.010474,-0.010486,-0.010263,-0.010635,0.000000,0.000000,0.000000,0.000000,0.000000
0.000000,0.000000,0.000000,0.000000,0.000000,-0.009508,-0.009948,-0.010132,-0.010686,-0.007602,0.001315,0.005778,0.007378,0.007302,0.006205,0.007216,0.007192,0.006886,0.007003,0.006983,0.007018,0.006925,0.006800,0.006841,0.006676,0.006557,0.006701,0.006805,0.006542,0.006453,0.006582,0.006537,0.006639,0.006874,0.006962,0.006769,0.006641,0.006629,0.006659,0.006890,0.007062,0.006929,0.006704,0.006603,0.006634,0.006702,0.006813,0.006928,0.006840,0.006807,0.006961,0.006838,0.006717,0.006831,0.006936,0.006894,0.006706,0.006658,0.006584,0.006653,0.006976,0.007033,0.007092,0.007049,0.006772,0.006733,0.006787,0.006959,0.007201,0.006914,0.006880,0.007071,0.006658,0.006525,0.006567,0.006628,0.007033,0.007008,0.006450,0.006499,0.007089,0.006824,0.006476,0.006818,0.006867,0.006568,0.006776,0.006989,0.006170,0.007154,0.007463,0.005807,0.001083,-0.007867,-0.011088,-0.010406,-0.010226,-0.009765,0.000000,0.000000,0.000000,0.000000,0.000000
0.000000,0.000000,0.000000,0.000000,-0.010712,-0.010084,-0.010096,-0.010288,-0.009538,-0.004040,0.004788,0.007255,0.006590,0.006595,0.006790,0.007113,0.006613,0.006847,0.007002,0.006925,0.006941,0.006959,0.006963,0.007028,0.006997,0.006624,0.006548,0.006684,0.006600,0.006590,0.006574,0.006667,0.006755,0.006792,0.006771,0.006744,0.006926,0.006701,0.006818,0.006948,0.006776,0.007078,0.006971,0.006589,0.006537,0.006716,0.006638,0.006641,0.006786,0.006658,0.006806,0.006749,0.006597,0.006774,0.006976,0.007040,0.006795,0.006699,0.006761,0.006890,0.006693,0.006787,0.007177,0.007111,0.006881,0.006681,0.006965,0.007251,0.007072,0.006828,0.006834,0.006939,0.006972,0.006826,0.006810,0.006874,0.006897,0.006962,0.006541,0.006546,0.006961,0.006980,0.006624,0.006609,0.007092,0.006891,0.006734,0.006958,0.006474,0.006641,0.006873,0.007611,0.004712,-0.004505,-0.009712,-0.009850,-0.009770,-0.010124,-0.010106,0.000000,0.000000,0.000000,0.000000
0.000000,0.000000,0.000000,0.000000,-0.011060,-0.010254,-0.009923,-0.011299,-0.007410,0.001970,0.006725,0.007411,0.006283,0.006204,0.007281,0.006745,0.006519,0.006715,0.006704,0.006753,0.006664,0.006609,0.007140,0.007199,0.006781,0.006428,0.006337,0.006607,0.006551,0.006717,0.006881,0.006633,0.006633,0.006594,0.006580,0.006715,0.006823,0.006798,0.006600,0.006439,0.006556,0.006717,0.006618,0.006650,0.006744,0.006832,0.006881,0.006906,0.006872,0.006665,0.006558,0.006733,0.006612,0.006446,0.006836,0.007095,0.006813,0.006575,0.006837,0.007037,0.006913,0.006825,0.006960,0.006836,0.006601,0.006822,0.007103,0.007165,0.006995,0.006753,0.006679,0.006803,0.006834,0.007012,0.007107,0.006784,0.006845,0.007097,0.007000,0.006881,0.006973,0.006971,0.006690,0.006751,0.007003,0.006960,0.006945,0.006984,0.007061,0.006260,0.006680,0.007509,0.006518,0.001388,-0.007603,-0.010471,-0.009595,-0.010177,-0.010320,0.000000,0.000000,0.000000,0.000000
0.000000,0.000000,0.000000,0.000000,-0.010633,-0.010233,-0.010217,-0.010755,-0.006837,0.003410,0.007851,0.007043,0.006342,0.006610,0.007056,0.006675,0.006925,0.006677,0.006482,0.006749,0.006709,0.006803,0.007118,0.007075,0.006715,0.006406,0.006462,0.006577,0.006760,0.006912,0.006965,0.006692,0.006617,0.006743,0.006783,0.006810,0.006754,0.006851,0.006622,0.006598,0.006644,0.006549,0.006672,0.006738,0.006887,0.006941,0.006948,0.007059,0.006952,0.006757,0.006585,0.006652,0.006674,0.006494,0.006615,0.006875,0.006739,0.006485,0.006845,0.007019,0.007011,0.006991,0.006773,0.006751,0.006764,0.006732,0.006782,0.007076,0.007024,0.006581,0.006613,0.006933,0.006827,0.006986,0.006961,0.006542,0.006609,0.006842,0.006972,0.006768,0.006693,0.006812,0.006767,0.006526,0.006365,0.006722,0.006966,0.006894,0.007290,0.006593,0.006300,0.006768,0.007297,0.003250,-0.006837,-0.010814,-0.009815,-0.009826,-0.010622,0.000000,0.000000,0.000000,0.000000
0.000000,0.000000,0.000000,-0.009624,-0.010438,-0.010162,-0.010060,-0.009473,-0.004470,0.004228,0.007300,0.006447,0.006436,0.006726,0.006759,0.006604,0.006915,0.006556,0.006725,0.006838,0.006579,0.006957,0.006941,0.006606,0.006506,0.006416,0.006452,0.006443,0.006664,0.006945,0.006836,0.006874,0.006918,0.007093,0.006926,0.006735,0.006896,0.006802,0.006891,0.006911,0.006894,0.006983,0.007100,0.007084,0.006890,0.006805,0.006704,0.006784,0.006670,0.006431,0.006695,0.006806,0.006638,0.006463,0.006532,0.006862,0.006655,0.006415,0.006609,0.006961,0.006907,0.006785,0.007037,0.006866,0.006911,0.006899,0.006539,0.006823,0.006870,0.006623,0.006842,0.007022,0.006988,0.006898,0.006751,0.006524,0.006542,0.006667,0.006663,0.006790,0.006624,0.006675,0.007037,0.006851,0.006457,0.006548,0.006993,0.006903,0.007035,0.006957,0.006507,0.006315,0.006939,0.004237,-0.004065,-0.009516,-0.010445,-0.010296,-0.010270,-0.010175,0.000000,0.000000,0.000000
0.000000,0.000000,0.000000,-0.010091,-0.010705,-0.009794,-0.010201,-0.008182,0.001250,0.006947,0.006859,0.006552,0.006704,0.006653,0.006259,0.006605,0.006867,0.006806,0.006899,0.006915,0.006882,0.006804,0.006750,0.006612,0.006600,0.006722,0.006726,0.006692,0.006663,0.006923,0.007018,0.006867,0.007000,0.006973,0.006653,0.006670,0.006718,0.006906,0.006992,0.006737,0.006924,0.007089,0.007114,0.007229,0.006978,0.006503,0.006311,0.006505,0.006706,0.006593,0.006597,0.006812,0.006747,0.006411,0.006507,0.006786,0.006616,0.006643,0.006672,0.006660,0.006770,0.006709,0.006985,0.007055,0.006794,0.006807,0.006609,0.006491,0.006563,0.006550,0.006893,0.006959,0.006490,0.006539,0.006722,0.006676,0.006653,0.006724,0.006800,0.006605,0.006788,0.007064,0.007060,0.007137,0.006826,0.006491,0.006904,0.006881,0.006380,0.007022,0.006830,0.006280,0.007056,0.007174,0.001521,-0.007930,-0.010407,-0.009734,-0.010149,-0.009459,0.000000,0.000000,0.000000
0.000000,0.000000,0.000000,-0.010555,-0.010264,-0.010400,-0.010941,-0.006531,0.003336,0.007657,0.006872,0.006328,0.006775,0.006611,0.006180,0.006748,0.006944,0.007102,0.007220,0.007182,0.006959,0.006741,0.006700,0.006674,0.006859,0.006977,0.006840,0.006626,0.006726,0.006993,0.007021,0.006991,0.006835,0.006630,0.006474,0.006555,0.006852,0.006925,0.006771,0.006709,0.006501,0.006453,0.006786,0.007083,0.006720,0.006456,0.006493,0.006578,0.006768,0.006853,0.006847,0.006666,0.006770,0.006700,0.006701,0.006780,0.006852,0.007034,0.007107,0.006885,0.006705,0.006827,0.006761,0.006974,0.006963,0.006656,0.006742,0.006759,0.006599,0.006579,0.006884,0.006881,0.006473,0.006260,0.006536,0.006918,0.006697,0.006699,0.006746,0.006550,0.006808,0.007146,0.006897,0.006569,0.006682,0.006745,0.006741,0.006866,0.006332,0.006672,0.006904,0.006271,0.007196,0.007950,0.003125,-0.006446,-0.010502,-0.009910,-0.009920,-0.009621,0.000000,0.000000,0.000000
0.000000,0.000000,0.000000,-0.010482,-0.010080,-0.010658,-0.011149,-0.006548,0.003404,0.007437,0.006487,0.006248,0.006550,0.006676,0.006632,0.006696,0.006801,0.007043,0.007076,0.007054,0.006859,0.006752,0.006760,0.006557,0.006658,0.006883,0.006618,0.006362,0.006384,0.006730,0.006902,0.006961,0.006897,0.006626,0.006595,0.006734,0.006959,0.006950,0.006662,0.006568,0.006563,0.006379,0.006494,0.006911,0.006828,0.006736,0.006816,0.006768,0.006864,0.006910,0.006829,0.006658,0.006683,0.006880,0.006838,0.006696,0.006884,0.007195,0.007376,0.007223,0.006723,0.006806,0.006904,0.006672,0.006941,0.006952,0.006855,0.006990,0.006745,0.006739,0.007057,0.007026,0.006794,0.006556,0.006670,0.006957,0.006748,0.006498,0.006654,0.006863,0.006769,0.006924,0.006873,0.006566,0.006852,0.006959,0.006745,0.007142,0.006916,0.006558,0.006817,0.006491,0.006491,0.007115,0.002814,-0.006783,-0.011286,-0.010482,-0.009747,-0.010091,0.000000,0.000000,0.000000
0.000000,0.000000,0.000000,-0.010578,-0.010153,-0.010229,-0.010288,-0.004356,0.005044,0.007329,0.006327,0.006584,0.006615,0.006590,0.006725,0.006467,0.006469,0.006979,0.006569,0.006566,0.007016,0.006823,0.006703,0.006654,0.006635,0.006951,0.006788,0.006348,0.006304,0.006618,0.006842,0.006803,0.006924,0.006790,0.006709,0.006753,0.006613,0.006908,0.006781,0.006572,0.006793,0.006582,0.006464,0.006770,0.007007,0.006851,0.006721,0.006759,0.007119,0.007050,0.006639,0.006842,0.006844,0.006834,0.006744,0.006443,0.006602,0.007040,0.007308,0.007208,0.006922,0.006885,0.007031,0.006872,0.006656,0.006778,0.006930,0.006898,0.006662,0.006673,0.007067,0.006923,0.006670,0.006964,0.007022,0.006733,0.006584,0.006512,0.006514,0.006669,0.006728,0.006859,0.006717,0.006643,0.006997,0.006912,0.006755,0.007009,0.007065,0.006949,0.006749,0.006731,0.006255,0.006756,0.004204,-0.004727,-0.009950,-0.010143,-0.009859,-0.009999,0.000000,0.000000,0.000000
0.000000,0.000000,-0.009674,-0.010586,-0.009998,-0.010396,-0.008025,0.001627,0.006907,0.007007,0.006852,0.006641,0.006551,0.006496,0.006778,0.006546,0.006738,0.006819,0.006605,0.006803,0.007031,0.006922,0.006632,0.006517,0.006613,0.006835,0.006794,0.006394,0.006455,0.006831,0.006898,0.006750,0.006593,0.006657,0.006648,0.006664,0.006737,0.006494,0.006565,0.006745,0.006673,0.006564,0.006523,0.006854,0.006879,0.006614,0.006594,0.006686,0.007038,0.007127,0.006866,0.006789,0.006900,0.006938,0.006791,0.006621,0.006580,0.006882,0.006948,0.006888,0.007152,0.007065,0.006895,0.007073,0.006876,0.006623,0.006746,0.006788,0.006682,0.006682,0.006787,0.006771,0.006764,0.006970,0.007177,0.006989,0.006469,0.006429,0.006620,0.006701,0.006776,0.006627,0.006648,0.006778,0.006943,0.007127,0.006909,0.006917,0.007218,0.007036,0.006982,0.006805,0.006999,0.006757,0.006214,0.001492,-0.007568,-0.010408,-0.009973,-0.010833,-0.011053,0.000000,0.000000
0.000000,0.000000,-0.010193,-0.010299,-0.010293,-0.010310,-0.006405,0.003711,0.007949,0.006721,0.006550,0.006659,0.006429,0.006748,0.007005,0.006600,0.007014,0.007066,0.006945,0.007096,0.007110,0.007017,0.006703,0.006560,0.006813,0.006850,0.006516,0.006417,0.006689,0.006883,0.006685,0.006504,0.006508,0.006696,0.006730,0.006699,0.006827,0.006622,0.006600,0.006551,0.006566,0.006709,0.006693,0.006981,0.006975,0.006676,0.006577,0.006700,0.007083,0.007006,0.006720,0.006724,0.006771,0.006692,0.006740,0.006919,0.006843,0.006847,0.006772,0.006733,0.006882,0.007033,0.007117,0.007086,0.006896,0.006525,0.006463,0.006635,0.006591,0.006583,0.006655,0.006855,0.007001,0.006847,0.006979,0.007034,0.006628,0.006558,0.006926,0.006877,0.006932,0.006879,0.006659,0.006919,0.007117,0.007225,0.006952,0.006990,0.007147,0.006756,0.006990,0.006866,0.006588,0.006704,0.007657,0.003714,-0.006338,-0.010451,-0.010228,-0.010698,-0.010794,0.000000,0.000000
0.000000,0.000000,-0.010612,-0.010338,-0.010313,-0.010806,-0.006486,0.003784,0.008079,0.006484,0.006353,0.006890,0.006779,0.006949,0.006967,0.006617,0.006765,0.007148,0.007029,0.006877,0.007097,0.006824,0.006864,0.007039,0.007137,0.007179,0.006765,0.006606,0.006728,0.006795,0.006603,0.006361,0.006527,0.006881,0.006906,0.006866,0.006803,0.006811,0.006698,0.006459,0.006379,0.006355,0.006714,0.006978,0.006930,0.006885,0.006665,0.006746,0.006975,0.006674,0.006542,0.006807,0.006721,0.006404,0.006555,0.006789,0.006869,0.006878,0.006745,0.006956,0.007119,0.007036,0.007193,0.007134,0.006782,0.006545,0.006567,0.006790,0.006525,0.006412,0.006834,0.006815,0.006857,0.006854,0.006715,0.006823,0.006684,0.006726,0.006902,0.006835,0.006835,0.006884,0.006677,0.006683,0.006975,0.007060,0.007066,0.006552,0.006568,0.006752,0.006583,0.006880,0.006518,0.006305,0.007573,0.003570,-0.006261,-0.010524,-0.009910,-0.009784,-0.010567,0.000000,0.000000
0.000000,0.000000,-0.010216,-0.010007,-0.009660,-0.011146,-0.007217,0.003793,0.007785,0.006271,0.006759,0.007115,0.006895,0.006969,0.006753,0.006631,0.006847,0.006764,0.006685,0.006823,0.006931,0.006756,0.006763,0.006873,0.007225,0.007348,0.006983,0.006999,0.006860,0.006712,0.006743,0.006671,0.006798,0.006848,0.006889,0.007052,0.006991,0.006732,0.006561,0.006550,0.006460,0.006421,0.006602,0.006670,0.006748,0.006846,0.006648,0.006586,0.006683,0.006522,0.006586,0.006822,0.006791,0.006705,0.006485,0.006489,0.006590,0.006657,0.006937,0.007052,0.007223,0.007063,0.006786,0.006994,0.006725,0.006512,0.006910,0.007032,0.006804,0.006555,0.006675,0.006910,0.006892,0.006667,0.006584,0.006728,0.006794,0.006825,0.006727,0.006788,0.006615,0.006503,0.006805,0.006883,0.006785,0.006812,0.006965,0.006647,0.006632,0.006916,0.006560,0.006703,0.006903,0.006398,0.007486,0.003905,-0.006446,-0.010510,-0.009486,-0.010196,-0.010558,0.000000,0.000000
0.000000,0.000000,-0.009863,-0.009888,-0.009651,-0.011035,-0.007578,0.003125,0.007544,0.006580,0.006995,0.006795,0.006641,0.006955,0.006646,0.006661,0.006846,0.006648,0.006610,0.006652,0.006911,0.006796,0.006491,0.006714,0.007039,0.007155,0.007139,0.006965,0.006870,0.006968,0.006950,0.006926,0.006961,0.006917,0.006842,0.006826,0.007062,0.006842,0.006494,0.006607,0.006662,0.006826,0.006751,0.006616,0.006573,0.006646,0.006814,0.006723,0.006603,0.006470,0.006511,0.006760,0.006897,0.006773,0.006533,0.006490,0.006528,0.006406,0.006767,0.007023,0.006814,0.006897,0.006634,0.006378,0.006489,0.006713,0.007137,0.007120,0.006922,0.006851,0.006638,0.006730,0.007001,0.006710,0.006574,0.006801,0.006976,0.007042,0.006739,0.006635,0.006624,0.006646,0.006823,0.006982,0.007109,0.006789,0.006468,0.006696,0.006906,0.006944,0.006752,0.006491,0.006600,0.006712,0.007594,0.003480,-0.006600,-0.010588,-0.009909,-0.010607,-0.010590,0.000000,0.000000
0.000000,0.000000,-0.010478,-0.010291,-0.009972,-0.011055,-0.007377,0.003281,0.007623,0.006751,0.007005,0.006743,0.006937,0.006676,0.006372,0.006774,0.006631,0.006646,0.006703,0.006647,0.007035,0.006848,0.006422,0.006501,0.006565,0.006907,0.007011,0.006622,0.006725,0.006976,0.007093,0.006922,0.006804,0.006877,0.006719,0.006913,0.007082,0.006737,0.006639,0.006736,0.006809,0.006886,0.006722,0.006577,0.006402,0.006608,0.006999,0.006867,0.006876,0.006805,0.006510,0.006714,0.006889,0.006520,0.006530,0.006608,0.006449,0.006463,0.006453,0.006729,0.006971,0.006782,0.006583,0.006496,0.006724,0.007187,0.007252,0.007050,0.006980,0.007034,0.006976,0.006760,0.006900,0.007024,0.006803,0.006877,0.007024,0.007027,0.007013,0.006827,0.006703,0.006796,0.006908,0.007002,0.007028,0.006649,0.006440,0.006521,0.006647,0.006963,0.006952,0.006682,0.006743,0.006505,0.007457,0.003219,-0.007424,-0.011190,-0.010396,-0.010769,-0.010699,0.000000,0.000000
0.000000,0.000000,-0.010360,-0.010427,-0.009669,-0.010626,-0.007255,0.003273,0.007522,0.006380,0.006781,0.007000,0.006953,0.006518,0.006308,0.006616,0.006743,0.006684,0.006702,0.007063,0.007311,0.006998,0.006540,0.006457,0.006506,0.006477,0.006352,0.006461,0.006694,0.006778,0.006777,0.006631,0.006848,0.006939,0.006745,0.006867,0.007082,0.007074,0.007023,0.006965,0.007026,0.007008,0.006719,0.006589,0.006737,0.007033,0.006913,0.006773,0.006981,0.006902,0.006619,0.006614,0.006689,0.006434,0.006424,0.006762,0.006790,0.006644,0.006537,0.006612,0.006931,0.006861,0.006800,0.006886,0.007012,0.007142,0.006941,0.006735,0.006816,0.007013,0.006904,0.006883,0.007016,0.006965,0.006535,0.006507,0.007014,0.006988,0.006992,0.007080,0.006975,0.006765,0.006846,0.006914,0.006818,0.006777,0.006772,0.006816,0.006574,0.007009,0.007249,0.007090,0.007231,0.006703,0.007546,0.003351,-0.007554,-0.011615,-0.010379,-0.010406,-0.010669,0.000000,0.000000
0.000000,0.000000,-0.010143,-0.010119,-0.009487,-0.010636,-0.007014,0.003327,0.007302,0.006290,0.006412,0.006592,0.006808,0.006704,0.006555,0.006534,0.006525,0.006661,0.006795,0.007134,0.007201,0.006952,0.006881,0.006733,0.006576,0.006319,0.006324,0.006454,0.006612,0.006859,0.006452,0.006360,0.006757,0.006943,0.006964,0.006721,0.007059,0.007335,0.007211,0.007172,0.006790,0.006736,0.007100,0.007005,0.006907,0.006959,0.006765,0.006754,0.006627,0.006659,0.006775,0.006641,0.006818,0.006496,0.006378,0.007098,0.007189,0.006760,0.006870,0.006873,0.006737,0.007024,0.006915,0.006671,0.006880,0.006869,0.006510,0.006412,0.006571,0.006892,0.006822,0.006742,0.007041,0.006952,0.006536,0.006433,0.006740,0.006834,0.007004,0.007120,0.006923,0.006767,0.006639,0.006556,0.006854,0.007055,0.006820,0.006831,0.006752,0.006817,0.007146,0.007049,0.007072,0.007010,0.007875,0.003520,-0.007169,-0.011234,-0.010151,-0.009984,-0.010352,0.000000,0.000000
0.000000,0.000000,-0.010555,-0.010041,-0.009805,-0.010977,-0.006912,0.003621,0.007410,0.006428,0.006580,0.006535,0.007050,0.006850,0.006559,0.006688,0.006552,0.006616,0.006688,0.006817,0.006923,0.006837,0.006790,0.006843,0.006733,0.006552,0.006583,0.006600,0.006976,0.006998,0.006521,0.006641,0.006779,0.006699,0.006892,0.006963,0.007012,0.007152,0.007246,0.007071,0.006666,0.006677,0.007032,0.007071,0.006661,0.006442,0.006565,0.006474,0.006622,0.006875,0.006830,0.006900,0.006949,0.006627,0.006484,0.006957,0.006917,0.006733,0.007010,0.006829,0.006770,0.006911,0.006732,0.006737,0.006672,0.006782,0.006780,0.006495,0.006610,0.006604,0.006805,0.007017,0.007069,0.007116,0.006768,0.006556,0.006638,0.006818,0.006977,0.006709,0.006474,0.006453,0.006457,0.006541,0.006578,0.006675,0.006679,0.006605,0.006519,0.006525,0.006870,0.006890,0.006689,0.006661,0.007801,0.003506,-0.007157,-0.011102,-0.010042,-0.009985,-0.009923,0.000000,0.000000
0.000000,-0.010189,-0.010405,-0.010224,-0.009804,-0.011082,-0.007369,0.003632,0.007728,0.006495,0.006835,0.006736,0.006966,0.006851,0.006701,0.006908,0.006736,0.006804,0.006716,0.006662,0.006956,0.006832,0.006804,0.007018,0.006862,0.006644,0.006603,0.006768,0.007069,0.006998,0.006717,0.006603,0.006822,0.006679,0.006497,0.006735,0.006727,0.006904,0.007021,0.006718,0.006791,0.006924,0.006820,0.006785,0.006418,0.006237,0.006450,0.006387,0.006608,0.006961,0.006839,0.006827,0.006737,0.006391,0.006440,0.006601,0.006663,0.006738,0.006783,0.006880,0.006802,0.006738,0.006585,0.006537,0.006789,0.006922,0.007088,0.006917,0.006623,0.006461,0.006612,0.007021,0.007183,0.007153,0.006829,0.006702,0.006793,0.006729,0.006611,0.006429,0.006324,0.006433,0.006624,0.006496,0.006567,0.006737,0.006514,0.006414,0.006496,0.006713,0.006766,0.006820,0.006809,0.006349,0.007437,0.003553,-0.007008,-0.011112,-0.009800,-0.009906,-0.010118,-0.009634,0.000000
0.000000,0.000000,-0.010231,-0.009769,-0.009550,-0.010769,-0.006915,0.003460,0.007577,0.006557,0.006663,0.006729,0.006964,0.006887,0.006882,0.007020,0.006741,0.006787,0.006903,0.006912,0.006987,0.007016,0.007015,0.006737,0.006748,0.006792,0.006701,0.006841,0.006753,0.006701,0.006709,0.006593,0.006659,0.006608,0.006562,0.006556,0.006391,0.006424,0.006640,0.006723,0.006753,0.006811,0.006879,0.006834,0.006580,0.006534,0.006785,0.006769,0.006744,0.006986,0.006865,0.006707,0.006758,0.006404,0.006387,0.006824,0.006854,0.006731,0.006772,0.006814,0.006847,0.006818,0.006594,0.006382,0.006616,0.006873,0.006878,0.006915,0.006488,0.006470,0.006773,0.006667,0.006951,0.007000,0.006908,0.006904,0.006902,0.006844,0.006702,0.006624,0.006465,0.006661,0.006832,0.006534,0.006505,0.006844,0.006648,0.006715,0.006922,0.006966,0.007040,0.006828,0.006953,0.006608,0.007536,0.003539,-0.007210,-0.010979,-0.009705,-0.009973,-0.009833,0.000000,0.000000
0.000000,0.000000,-0.010366,-0.009900,-0.009752,-0.010999,-0.006772,0.003754,0.007542,0.006530,0.006779,0.006904,0.006967,0.006725,0.006802,0.007109,0.006961,0.006744,0.006951,0.007147,0.007014,0.006967,0.006800,0.006727,0.006841,0.006751,0.006876,0.006796,0.006697,0.006765,0.006679,0.006712,0.006673,0.006680,0.006856,0.006669,0.006402,0.006300,0.006454,0.006841,0.006995,0.006932,0.006794,0.006966,0.007118,0.007063,0.007064,0.006930,0.006813,0.006963,0.007024,0.006704,0.006710,0.006813,0.006639,0.006982,0.007045,0.006688,0.006638,0.006551,0.006735,0.006893,0.006723,0.006469,0.006554,0.006933,0.006793,0.006728,0.006683,0.006564,0.006838,0.006607,0.006568,0.006791,0.006765,0.007013,0.007043,0.006980,0.007018,0.006600,0.006579,0.006828,0.006727,0.006798,0.006660,0.006626,0.006855,0.007012,0.006888,0.006804,0.006982,0.006929,0.006826,0.006518,0.007716,0.003567,-0.007354,-0.011204,-0.010088,-0.010114,-0.009963,0.000000,0.000000
0.000000,0.000000,-0.010090,-0.010623,-0.009869,-0.011303,-0.007385,0.003649,0.007468,0.006676,0.006959,0.006940,0.007020,0.006540,0.006753,0.006950,0.006674,0.006841,0.007014,0.006946,0.006902,0.006857,0.006665,0.006757,0.006806,0.006836,0.006808,0.006596,0.006753,0.006923,0.006817,0.006741,0.006600,0.006516,0.006655,0.006575,0.006562,0.006628,0.006426,0.006618,0.007064,0.006987,0.006754,0.006940,0.007258,0.007113,0.006839,0.006840,0.006812,0.006934,0.006981,0.006615,0.006827,0.006908,0.006795,0.006973,0.006816,0.006618,0.006396,0.006551,0.006800,0.006796,0.006627,0.006594,0.006886,0.006928,0.006907,0.006848,0.006934,0.006828,0.006781,0.006757,0.006472,0.006746,0.006918,0.006999,0.007021,0.006696,0.006804,0.006744,0.006557,0.006839,0.006765,0.006576,0.006823,0.006702,0.006480,0.006554,0.006630,0.006651,0.006494,0.006615,0.006618,0.006235,0.007382,0.003196,-0.007265,-0.011108,-0.010130,-0.009865,-0.010309,0.000000,0.000000
0.000000,0.000000,-0.010630,-0.010453,-0.009887,-0.010985,-0.007179,0.003318,0.007278,0.006391,0.006897,0.006820,0.006898,0.006553,0.006482,0.006920,0.006604,0.006692,0.007093,0.006972,0.006792,0.006737,0.006890,0.006989,0.006929,0.006981,0.006800,0.006684,0.006653,0.006628,0.006956,0.006913,0.006390,0.006378,0.006722,0.006741,0.006728,0.006796,0.006734,0.006624,0.006759,0.006832,0.006861,0.007078,0.007083,0.006831,0.006655,0.006774,0.006930,0.006978,0.006719,0.006488,0.006837,0.006918,0.006895,0.006982,0.006785,0.006561,0.006553,0.006721,0.006869,0.006702,0.006463,0.006425,0.006631,0.006988,0.007020,0.006791,0.006576,0.006683,0.006905,0.006783,0.006500,0.006611,0.007009,0.006960,0.006918,0.006723,0.006580,0.006790,0.006608,0.006634,0.006876,0.006753,0.006599,0.006407,0.006179,0.006320,0.006660,0.006783,0.006640,0.006567,0.006745,0.006370,0.007239,0.003324,-0.007127,-0.010969,-0.009843,-0.009986,-0.010082,0.000000,0.000000
0.000000,0.000000,-0.010722,-0.009864,-0.009670,-0.010725,-0.006884,0.003454,0.007227,0.006296,0.007091,0.006896,0.006610,0.006551,0.006482,0.006884,0.006748,0.006706,0.007055,0.006848,0.006611,0.006540,0.006849,0.007055,0.006973,0.006851,0.006838,0.006905,0.006676,0.006527,0.006698,0.006722,0.006671,0.006692,0.006671,0.006835,0.006860,0.006818,0.006857,0.006680,0.006705,0.006857,0.006963,0.007117,0.006699,0.006520,0.006712,0.006572,0.006512,0.006711,0.006552,0.006266,0.006596,0.006945,0.007010,0.006884,0.006854,0.006803,0.006873,0.007065,0.006924,0.006840,0.006731,0.006475,0.006627,0.006904,0.006951,0.006855,0.006491,0.006681,0.007021,0.006833,0.006696,0.006663,0.006839,0.007038,0.006823,0.006617,0.006720,0.006463,0.006519,0.006841,0.006807,0.006926,0.006689,0.006331,0.006398,0.006461,0.006799,0.007059,0.006816,0.007044,0.007175,0.006475,0.007357,0.003498,-0.007023,-0.010830,-0.009898,-0.010531,-0.010377,0.000000,0.000000
0.000000,0.000000,-0.009766,-0.009763,-0.009711,-0.010932,-0.006739,0.003898,0.007423,0.006291,0.006822,0.007020,0.006729,0.006636,0.006497,0.006423,0.006434,0.006449,0.006926,0.006602,0.006349,0.006583,0.006628,0.006639,0.006827,0.006913,0.006776,0.006876,0.006789,0.006553,0.006550,0.006736,0.006798,0.006737,0.006574,0.006506,0.006666,0.006723,0.006706,0.006746,0.006766,0.006618,0.006702,0.006775,0.006539,0.006541,0.006637,0.006579,0.006464,0.006373,0.006269,0.006231,0.006619,0.006930,0.006909,0.006905,0.006913,0.006903,0.006906,0.007026,0.006890,0.006869,0.006986,0.006851,0.006770,0.006717,0.006974,0.007021,0.006736,0.006892,0.007296,0.007172,0.006795,0.006842,0.006791,0.006802,0.006787,0.006753,0.006889,0.006511,0.006511,0.006936,0.006701,0.006758,0.006931,0.006692,0.006777,0.006644,0.006880,0.007004,0.006539,0.007016,0.006916,0.006282,0.007638,0.003738,-0.006864,-0.011317,-0.010184,-0.009988,-0.010365,0.000000,0.000000
0.000000,0.000000,-0.009513,-0.010076,-0.010592,-0.011166,-0.006695,0.003524,0.007788,0.006275,0.006134,0.006914,0.006950,0.006750,0.006529,0.006256,0.006281,0.006430,0.006780,0.006891,0.006732,0.006696,0.006926,0.006967,0.006941,0.007034,0.006915,0.006924,0.006841,0.006735,0.006850,0.006756,0.006626,0.006606,0.006708,0.006599,0.006494,0.006579,0.006727,0.006869,0.006614,0.006669,0.006784,0.006579,0.006672,0.006844,0.006898,0.006760,0.006553,0.006469,0.006448,0.006561,0.006853,0.006984,0.006764,0.006776,0.006934,0.006902,0.006851,0.006677,0.006615,0.006816,0.006983,0.006861,0.006632,0.006672,0.006875,0.006933,0.006779,0.006870,0.007265,0.007091,0.006758,0.006876,0.006746,0.006484,0.006549,0.006920,0.007017,0.006838,0.006726,0.006732,0.006672,0.006759,0.006856,0.006581,0.006812,0.006833,0.006926,0.006899,0.006538,0.006583,0.006209,0.006411,0.007926,0.003650,-0.006698,-0.011401,-0.010666,-0.009919,-0.010201,0.000000,0.000000
0.000000,0.000000,-0.009630,-0.010262,-0.010358,-0.011046,-0.006895,0.003728,0.007978,0.006794,0.006440,0.006691,0.006985,0.006915,0.006805,0.006437,0.006757,0.006982,0.006939,0.007188,0.007114,0.006884,0.006920,0.006930,0.006848,0.007050,0.007029,0.006783,0.006886,0.006827,0.006690,0.006627,0.006532,0.006439,0.006659,0.006902,0.006774,0.006665,0.006682,0.006771,0.006689,0.006799,0.007018,0.006985,0.006853,0.007022,0.007175,0.006715,0.006390,0.006575,0.006638,0.006584,0.006977,0.007063,0.006723,0.006812,0.007000,0.006987,0.006661,0.006463,0.006737,0.006661,0.006776,0.006968,0.006613,0.006582,0.006787,0.006892,0.006739,0.006708,0.006929,0.006720,0.006838,0.007050,0.006809,0.006631,0.006506,0.006829,0.007006,0.006928,0.006904,0.006637,0.006715,0.006768,0.006617,0.006668,0.006726,0.006670,0.006851,0.006781,0.006614,0.006263,0.006266,0.006710,0.007933,0.003773,-0.006925,-0.010877,-0.010477,-0.010690,-0.009920,0.000000,0.000000
0.000000,0.000000,-0.010165,-0.010043,-0.009418,-0.010504,-0.008030,0.001510,0.006803,0.007122,0.006840,0.006915,0.007032,0.006686,0.006801,0.006827,0.007110,0.007208,0.007257,0.007145,0.006935,0.006943,0.006764,0.006584,0.006578,0.006824,0.006857,0.006639,0.006615,0.006455,0.006532,0.006754,0.006572,0.006634,0.006752,0.006920,0.006922,0.006670,0.006706,0.006646,0.006735,0.006667,0.006629,0.006953,0.006938,0.006927,0.006949,0.006644,0.006545,0.006533,0.006484,0.006628,0.006787,0.006880,0.006770,0.006877,0.006980,0.006661,0.006437,0.006596,0.006841,0.006761,0.006837,0.007017,0.006719,0.006587,0.006817,0.006899,0.006557,0.006517,0.006836,0.006592,0.006584,0.007020,0.006915,0.006677,0.006723,0.006915,0.006833,0.006617,0.006697,0.006623,0.006759,0.007019,0.006845,0.006905,0.006810,0.006552,0.006555,0.006434,0.006726,0.006494,0.006556,0.006868,0.006621,0.001372,-0.008014,-0.010548,-0.010109,-0.010941,-0.010516,0.000000,0.000000
0.000000,0.000000,0.000000,-0.009786,-0.009234,-0.009917,-0.010470,-0.004746,0.004688,0.007098,0.006259,0.006916,0.006914,0.006653,0.006847,0.006850,0.006989,0.007244,0.006930,0.006922,0.007069,0.006951,0.006906,0.006927,0.006761,0.006528,0.006626,0.006646,0.006358,0.006479,0.006754,0.006862,0.006973,0.007025,0.006912,0.006886,0.006630,0.006600,0.006833,0.006593,0.006440,0.006517,0.006542,0.006520,0.006614,0.006717,0.006886,0.006839,0.006691,0.006626,0.006622,0.006763,0.006733,0.006767,0.006776,0.006718,0.006750,0.006617,0.006611,0.006752,0.006932,0.007178,0.007146,0.006940,0.006768,0.006520,0.006676,0.006902,0.006657,0.006705,0.006737,0.006624,0.006662,0.006736,0.006553,0.006563,0.006852,0.006842,0.006869,0.006494,0.006417,0.006831,0.006787,0.007012,0.007099,0.007020,0.006852,0.006601,0.006338,0.006419,0.006952,0.006898,0.006112,0.007030,0.004556,-0.004871,-0.010204,-0.010425,-0.010269,-0.010751,0.000000,0.000000,0.000000
0.000000,0.000000,0.000000,-0.009897,-0.009556,-0.010546,-0.011624,-0.006808,0.003275,0.007449,0.006513,0.006329,0.006693,0.006793,0.006882,0.006846,0.006764,0.006844,0.006762,0.006933,0.007108,0.006854,0.006761,0.006965,0.006748,0.006607,0.006684,0.006558,0.006541,0.006622,0.006629,0.006837,0.006868,0.006831,0.006989,0.006730,0.006363,0.006527,0.006832,0.006793,0.006456,0.006502,0.006695,0.006416,0.006517,0.006671,0.006712,0.006881,0.006626,0.006685,0.006846,0.006667,0.006905,0.006824,0.006634,0.006765,0.006696,0.006798,0.006742,0.006671,0.006930,0.007119,0.007091,0.006895,0.006630,0.006472,0.006775,0.006950,0.006919,0.006963,0.006794,0.006821,0.006889,0.006739,0.006528,0.006594,0.006950,0.006986,0.006859,0.006605,0.006600,0.006819,0.006734,0.006968,0.007025,0.006983,0.006977,0.006685,0.006270,0.006505,0.006907,0.006596,0.006499,0.007496,0.003325,-0.006651,-0.011093,-0.010527,-0.009895,-0.010597,0.000000,0.000000,0.000000
0.000000,0.000000,0.000000,-0.010407,-0.010013,-0.010264,-0.011225,-0.006782,0.003418,0.007802,0.007057,0.006479,0.006622,0.006745,0.006834,0.007200,0.006781,0.006686,0.007048,0.006931,0.006767,0.006765,0.006589,0.006622,0.006623,0.006683,0.006619,0.006735,0.006874,0.006561,0.006506,0.006427,0.006383,0.006738,0.006900,0.006734,0.006643,0.006757,0.006880,0.006690,0.006661,0.006838,0.006541,0.006449,0.006667,0.006577,0.006630,0.006784,0.006736,0.006761,0.006923,0.006989,0.006979,0.006840,0.006739,0.006664,0.006650,0.006735,0.006635,0.006738,0.006724,0.006726,0.006936,0.006890,0.006695,0.006609,0.006767,0.006948,0.006888,0.006983,0.007037,0.006704,0.006635,0.006921,0.006907,0.006704,0.006867,0.007027,0.006962,0.006825,0.006653,0.006770,0.006768,0.006806,0.007073,0.006827,0.006804,0.006887,0.006388,0.006727,0.006724,0.006283,0.007026,0.007808,0.003447,-0.006195,-0.010621,-0.009759,-0.009738,-0.010398,0.000000,0.000000,0.000000
0.000000,0.000000,0.000000,-0.010488,-0.009837,-0.009379,-0.011042,-0.008715,0.001281,0.007049,0.007052,0.006589,0.006808,0.007080,0.006735,0.006915,0.007048,0.006844,0.006736,0.006858,0.006932,0.006695,0.006520,0.006670,0.006838,0.006755,0.006645,0.006805,0.006834,0.006703,0.006692,0.006485,0.006632,0.006971,0.006964,0.006952,0.006874,0.006985,0.007084,0.006623,0.006687,0.007035,0.006705,0.006566,0.006617,0.006739,0.006918,0.006997,0.006941,0.006751,0.006824,0.007106,0.007066,0.006817,0.006848,0.006643,0.006529,0.006731,0.006639,0.006607,0.006739,0.006786,0.006794,0.006808,0.006793,0.006791,0.006630,0.006536,0.006713,0.006905,0.006987,0.006703,0.006617,0.006804,0.006862,0.006840,0.006706,0.006831,0.007031,0.006984,0.006879,0.006889,0.006774,0.006840,0.007084,0.006828,0.006793,0.006926,0.006753,0.007119,0.006901,0.006384,0.006757,0.006835,0.001345,-0.008282,-0.010821,-0.009650,-0.010029,-0.009832,0.000000,0.000000,0.000000
0.000000,0.000000,0.000000,-0.009741,-0.009923,-0.010083,-0.011000,-0.010155,-0.004074,0.004568,0.007329,0.006818,0.006696,0.006724,0.006857,0.006511,0.006881,0.006671,0.006472,0.006928,0.006921,0.006621,0.006593,0.006717,0.006783,0.006835,0.006847,0.006823,0.006811,0.006839,0.006857,0.006944,0.007029,0.006963,0.006853,0.006818,0.006913,0.006969,0.006878,0.006804,0.006755,0.007015,0.007022,0.006634,0.006739,0.006972,0.006818,0.006795,0.006803,0.006636,0.006700,0.006912,0.006989,0.006743,0.006632,0.006787,0.006573,0.006501,0.006720,0.006669,0.006771,0.006987,0.006839,0.006840,0.007090,0.006883,0.006500,0.006402,0.006462,0.006659,0.006796,0.006696,0.006748,0.006706,0.006909,0.006937,0.006474,0.006689,0.006773,0.006798,0.007107,0.006756,0.006586,0.007069,0.006774,0.006673,0.006936,0.006625,0.007018,0.007024,0.006912,0.006760,0.006984,0.004282,-0.004500,-0.010433,-0.010978,-0.010583,-0.010430,-0.010208,0.000000,0.000000,0.000000
0.000000,0.000000,0.000000,0.000000,-0.010750,-0.010352,-0.010602,-0.011007,-0.006471,0.003368,0.007716,0.007389,0.006354,0.006362,0.007277,0.006753,0.006572,0.006695,0.006697,0.006813,0.006866,0.006574,0.006413,0.006493,0.006705,0.006690,0.006780,0.007011,0.006917,0.006896,0.007083,0.007027,0.006816,0.006919,0.006753,0.006609,0.006922,0.006929,0.006823,0.006737,0.006633,0.007002,0.006929,0.006626,0.006807,0.006817,0.006575,0.006538,0.006617,0.006529,0.006577,0.006868,0.006894,0.006661,0.006664,0.006839,0.006657,0.006403,0.006627,0.006705,0.006739,0.006882,0.006860,0.007082,0.007193,0.006960,0.006737,0.006631,0.006447,0.006427,0.006584,0.006621,0.006787,0.006956,0.006956,0.006854,0.006450,0.006472,0.006777,0.006818,0.006828,0.006709,0.006702,0.006550,0.006547,0.006907,0.006716,0.006341,0.007125,0.006809,0.006734,0.007409,0.007586,0.003289,-0.006982,-0.011374,-0.010518,-0.010213,-0.010230,0.000000,0.000000,0.000000,0.000000
0.000000,0.000000,0.000000,0.000000,-0.010657,-0.009937,-0.009887,-0.011256,-0.007747,0.001312,0.006294,0.007320,0.006495,0.006610,0.007516,0.006907,0.006622,0.006638,0.006648,0.006744,0.006925,0.006572,0.006302,0.006474,0.006679,0.006680,0.006843,0.007116,0.007034,0.006991,0.007038,0.007040,0.006938,0.006909,0.006887,0.006788,0.006772,0.006870,0.006896,0.006763,0.006644,0.006811,0.006909,0.006656,0.006782,0.006951,0.006696,0.006522,0.006519,0.006737,0.006831,0.006970,0.006896,0.006472,0.006579,0.006689,0.006534,0.006628,0.006584,0.006529,0.006721,0.006755,0.006842,0.006978,0.006812,0.006735,0.006808,0.006850,0.006774,0.006490,0.006495,0.006776,0.006740,0.006862,0.006931,0.006755,0.006649,0.006462,0.006792,0.006994,0.006831,0.006993,0.006743,0.006454,0.006820,0.007064,0.006627,0.006481,0.007141,0.006688,0.006866,0.007487,0.006329,0.001397,-0.007465,-0.011166,-0.009877,-0.009487,-0.009854,0.000000,0.000000,0.000000,0.000000
0.000000,0.000000,0.000000,0.000000,-0.009710,-0.009508,-0.009791,-0.010466,-0.010176,-0.004964,0.004377,0.007532,0.006608,0.006831,0.007054,0.007093,0.006707,0.006687,0.006777,0.006789,0.006789,0.006862,0.006685,0.006544,0.006523,0.006473,0.006870,0.007104,0.007097,0.007058,0.006765,0.006704,0.006963,0.006948,0.006864,0.006905,0.006878,0.006817,0.006645,0.006881,0.006924,0.006774,0.006971,0.006810,0.006735,0.006996,0.006794,0.006455,0.006600,0.006921,0.007147,0.007133,0.006713,0.006419,0.006569,0.006591,0.006508,0.006692,0.006761,0.006798,0.006827,0.006837,0.006869,0.006566,0.006730,0.006797,0.006720,0.006814,0.006662,0.006885,0.006696,0.006626,0.006786,0.006630,0.006854,0.006786,0.006597,0.006783,0.006796,0.006871,0.007098,0.007109,0.006812,0.006725,0.006948,0.006804,0.006698,0.006988,0.006878,0.006909,0.006685,0.007350,0.004649,-0.004229,-0.009858,-0.010588,-0.009708,-0.009280,-0.010186,0.000000,0.000000,0.000000,0.000000
0.000000,0.000000,0.000000,0.000000,0.000000,-0.009443,-0.009863,-0.010398,-0.011594,-0.008381,0.001066,0.006166,0.007333,0.006864,0.006380,0.007242,0.006692,0.006854,0.007190,0.006842,0.006926,0.006949,0.006888,0.006630,0.006412,0.006440,0.006583,0.006973,0.007088,0.006869,0.006686,0.006388,0.006489,0.006834,0.007012,0.006927,0.006784,0.006769,0.006731,0.006906,0.006780,0.006854,0.006926,0.006676,0.006623,0.006695,0.006756,0.006571,0.006636,0.006915,0.006977,0.007112,0.006999,0.006606,0.006717,0.006832,0.006629,0.006646,0.006856,0.006858,0.006758,0.006872,0.006906,0.006624,0.006703,0.007007,0.006955,0.006626,0.006610,0.006917,0.006964,0.006942,0.006944,0.006803,0.006701,0.006812,0.006765,0.006912,0.006743,0.006604,0.007060,0.007016,0.006674,0.006592,0.006697,0.006541,0.006710,0.007037,0.006408,0.007094,0.007113,0.005946,0.001746,-0.007059,-0.010869,-0.010552,-0.009959,-0.009724,0.000000,0.000000,0.000000,0.000000,0.000000
0.000000,0.000000,0.000000,0.000000,0.000000,-0.010168,-0.009968,-0.010492,-0.010756,-0.009854,-0.004824,0.004745,0.008093,0.006771,0.006267,0.006593,0.007070,0.006681,0.006844,0.006948,0.006868,0.006752,0.007068,0.006998,0.006559,0.006637,0.006549,0.006758,0.007151,0.007023,0.006771,0.006402,0.006477,0.006899,0.006830,0.006840,0.006870,0.006790,0.006748,0.006808,0.006871,0.006718,0.006720,0.006649,0.006740,0.006791,0.006769,0.006869,0.006639,0.006743,0.006852,0.006851,0.007029,0.006956,0.006816,0.006889,0.006836,0.006712,0.006626,0.006472,0.006641,0.006719,0.006695,0.006652,0.006651,0.006883,0.006899,0.006796,0.006760,0.006824,0.006944,0.006979,0.006947,0.006835,0.006694,0.006648,0.006805,0.006822,0.006562,0.006629,0.006859,0.006869,0.006696,0.006739,0.006712,0.006364,0.006803,0.006850,0.006634,0.006709,0.007737,0.004735,-0.004137,-0.008934,-0.010445,-0.010794,-0.010119,-0.010970,0.000000,0.000000,0.000000,0.000000,0.000000
0.000000,0.000000,0.000000,0.000000,0.000000,0.000000,-0.010318,-0.009529,-0.009741,-0.010998,-0.007312,0.001934,0.006386,0.007405,0.006920,0.006214,0.007283,0.006766,0.006358,0.006768,0.006813,0.006856,0.006894,0.007106,0.007003,0.006674,0.006569,0.006536,0.006947,0.007253,0.006821,0.006500,0.006802,0.006887,0.006728,0.006636,0.006699,0.006669,0.006676,0.007006,0.007120,0.006780,0.006702,0.006991,0.006810,0.006682,0.006833,0.007064,0.007013,0.006688,0.006823,0.006730,0.006669,0.006982,0.006912,0.006802,0.007017,0.006893,0.006523,0.006461,0.006468,0.006585,0.006541,0.006518,0.006677,0.006636,0.006799,0.006880,0.006751,0.006818,0.006547,0.006558,0.006951,0.006678,0.006525,0.006672,0.006862,0.006951,0.006527,0.006686,0.006904,0.006740,0.007055,0.007109,0.006725,0.006679,0.007049,0.006762,0.007372,0.007065,0.005958,0.001761,-0.007167,-0.010867,-0.010466,-0.010121,-0.010166,0.000000,0.000000,0.000000,0.000000,0.000000,0.000000
0.000000,0.000000,0.000000,0.000000,0.000000,0.000000,-0.010954,-0.009719,-0.009959,-0.010395,-0.009231,-0.004633,0.004460,0.008151,0.007155,0.006653,0.006749,0.007170,0.006670,0.006519,0.006854,0.007026,0.006799,0.007003,0.007159,0.006693,0.006421,0.006485,0.006609,0.006800,0.006632,0.006668,0.006835,0.006778,0.006912,0.006654,0.006428,0.006599,0.006742,0.007120,0.007112,0.006863,0.006896,0.006974,0.006979,0.006725,0.006692,0.006856,0.007072,0.007036,0.006774,0.006653,0.006577,0.006573,0.006615,0.006759,0.007098,0.006929,0.006556,0.006682,0.006524,0.006586,0.006782,0.006805,0.006632,0.006502,0.006784,0.006992,0.007050,0.006767,0.006548,0.006709,0.006766,0.006648,0.006585,0.006841,0.007017,0.006784,0.006561,0.006593,0.006766,0.006771,0.006952,0.007010,0.006828,0.007031,0.006527,0.006330,0.006923,0.007927,0.004346,-0.004848,-0.009267,-0.010189,-0.010531,-0.009543,-0.010131,0.000000,0.000000,0.000000,0.000000,0.000000,0.000000
0.000000,0.000000,0.000000,0.000000,0.000000,0.000000,0.000000,-0.010447,-0.010142,-0.010537,-0.011457,-0.008173,0.001268,0.006373,0.007469,0.006776,0.006092,0.007042,0.006776,0.006569,0.006615,0.006820,0.006913,0.006837,0.006899,0.006798,0.006610,0.006435,0.006551,0.006673,0.006546,0.006664,0.006758,0.007026,0.006882,0.006603,0.006781,0.006581,0.006599,0.006926,0.007038,0.006866,0.006684,0.006720,0.007114,0.006875,0.006419,0.006637,0.006881,0.007218,0.006970,0.006530,0.006359,0.006253,0.006543,0.006873,0.006941,0.006742,0.006471,0.006676,0.007013,0.006831,0.006897,0.007051,0.006869,0.006668,0.006672,0.007170,0.007309,0.007010,0.006823,0.006791,0.006745,0.006644,0.006722,0.006688,0.006847,0.006851,0.006603,0.006556,0.006641,0.006735,0.006684,0.007020,0.007323,0.006839,0.005838,0.006577,0.007169,0.006160,0.001204,-0.007939,-0.011077,-0.010103,-0.010009,-0.009738,0.000000,0.000000,0.000000,0.000000,0.000000,0.000000,0.000000
0.000000,0.000000,0.000000,0.000000,0.000000,0.000000,0.000000,-0.010942,-0.010144,-0.010624,-0.010484,-0.009630,-0.004528,0.004766,0.007562,0.007019,0.006664,0.005933,0.006693,0.006963,0.006667,0.006612,0.006807,0.006646,0.006720,0.006831,0.006757,0.006591,0.006423,0.006815,0.006798,0.006682,0.006981,0.007034,0.006956,0.006763,0.006853,0.006641,0.006539,0.007005,0.006832,0.006552,0.006419,0.006598,0.006813,0.006600,0.006381,0.006455,0.006909,0.007192,0.007084,0.006604,0.006416,0.006440,0.006603,0.006976,0.006872,0.006570,0.006496,0.006813,0.007059,0.006967,0.006815,0.006886,0.006830,0.006484,0.006505,0.006998,0.007131,0.006946,0.006781,0.006623,0.006705,0.006611,0.006526,0.006807,0.006996,0.006948,0.006717,0.006887,0.007189,0.006699,0.006537,0.007342,0.007191,0.006023,0.006775,0.007175,0.007642,0.004776,-0.004429,-0.009697,-0.010493,-0.010348,-0.010015,-0.010260,0.000000,0.000000,0.000000,0.000000,0.000000,0.000000,0.000000
0.000000,0.000000,0.000000,0.000000,0.000000,0.000000,0.000000,0.000000,-0.010040,-0.010129,-0.009712,-0.010510,-0.007675,0.001888,0.006642,0.007185,0.007677,0.006702,0.006748,0.007280,0.006763,0.006518,0.006848,0.006805,0.006499,0.006478,0.006908,0.007048,0.006632,0.006512,0.006888,0.006944,0.006943,0.007014,0.006949,0.006975,0.006936,0.006697,0.006714,0.007065,0.006867,0.006558,0.006608,0.006541,0.006675,0.006790,0.006499,0.006488,0.006950,0.007047,0.006871,0.006672,0.006610,0.006690,0.006718,0.006862,0.006866,0.006549,0.006498,0.006839,0.006874,0.006814,0.006805,0.006849,0.006664,0.006376,0.006445,0.006673,0.006837,0.006927,0.006886,0.006503,0.006436,0.006730,0.006746,0.006801,0.006795,0.006646,0.006858,0.007192,0.007080,0.006429,0.006661,0.007162,0.006446,0.006610,0.007540,0.006918,0.006593,0.001909,-0.007618,-0.011272,-0.010283,-0.009636,-0.010473,0.000000,0.000000,0.000000,0.000000,0.000000,0.000000,0.000000,0.000000
0.000000,0.000000,0.000000,0.000000,0.000000,0.000000,0.000000,0.000000,-0.011065,-0.010106,-0.010305,-0.010258,-0.009512,-0.005449,0.002497,0.006880,0.007893,0.007625,0.006529,0.006775,0.007162,0.006668,0.006534,0.006929,0.006823,0.006694,0.007003,0.007199,0.007058,0.006482,0.006513,0.006756,0.006675,0.006970,0.006721,0.006705,0.007028,0.006794,0.006694,0.006839,0.006890,0.006890,0.006789,0.006642,0.006917,0.007100,0.006814,0.006945,0.007248,0.006956,0.006552,0.006677,0.006793,0.006767,0.006901,0.006836,0.006559,0.006489,0.006559,0.006678,0.006771,0.006827,0.006970,0.006899,0.006875,0.006699,0.006401,0.006546,0.006878,0.007154,0.006988,0.006561,0.006524,0.006808,0.006831,0.006531,0.006486,0.006782,0.006917,0.006980,0.006505,0.006423,0.007032,0.006793,0.006365,0.007270,0.007520,0.006421,0.002191,-0.005502,-0.009828,-0.010677,-0.010003,-0.009598,-0.010105,0.000000,0.000000,0.000000,0.000000,0.000000,0.000000,0.000000,0.000000
0.000000,0.000000,0.000000,0.000000,0.000000,0.000000,0.000000,0.000000,0.000000,-0.010662,-0.010282,-0.010694,-0.010538,-0.009479,-0.005437,0.002265,0.006371,0.007407,0.006727,0.006006,0.006999,0.007097,0.006742,0.006976,0.007172,0.006794,0.007014,0.007066,0.006676,0.006558,0.006298,0.006217,0.006660,0.006909,0.006655,0.006681,0.007086,0.006892,0.006532,0.006712,0.006599,0.006546,0.006713,0.006758,0.006923,0.007029,0.007130,0.007110,0.007030,0.006901,0.006342,0.006410,0.006854,0.006798,0.006813,0.006627,0.006299,0.006490,0.006621,0.006505,0.006629,0.006745,0.006831,0.006788,0.006680,0.006574,0.006473,0.006693,0.006977,0.007189,0.007075,0.006618,0.006498,0.006788,0.006747,0.006578,0.006779,0.006952,0.006973,0.006716,0.006799,0.006975,0.006910,0.006436,0.006859,0.007196,0.006294,0.002364,-0.005599,-0.009555,-0.010295,-0.010425,-0.009415,-0.010058,0.000000,0.000000,0.000000,0.000000,0.000000,0.000000,0.000000,0.000000,0.000000
0.000000,0.000000,0.000000,0.000000,0.000000,0.000000,0.000000,0.000000,0.000000,-0.010685,-0.010083,-0.009995,-0.010086,-0.009691,-0.009762,-0.004641,0.004609,0.007418,0.007261,0.006586,0.006135,0.007004,0.007132,0.007044,0.006819,0.006805,0.006852,0.006735,0.006473,0.006456,0.006500,0.006412,0.006722,0.007087,0.006966,0.006892,0.007062,0.006772,0.006418,0.006566,0.006500,0.006437,0.006552,0.006598,0.006855,0.007012,0.007033,0.006786,0.006596,0.006778,0.006417,0.006338,0.006604,0.006692,0.006884,0.006666,0.006633,0.006721,0.006480,0.006450,0.006603,0.006630,0.006698,0.006743,0.006475,0.006415,0.006604,0.006858,0.006805,0.006783,0.007057,0.006792,0.006653,0.007016,0.006822,0.006696,0.006907,0.006809,0.006588,0.006815,0.007131,0.006985,0.006273,0.006792,0.007223,0.007302,0.004615,-0.004338,-0.009664,-0.010020,-0.010175,-0.009903,-0.009689,-0.009980,0.000000,0.000000,0.000000,0.000000,0.000000,0.000000,0.000000,0.000000,0.000000
0.000000,0.000000,0.000000,0.000000,0.000000,0.000000,0.000000,0.000000,0.000000,0.000000,-0.010947,-0.009693,-0.009714,-0.010055,-0.010264,-0.007757,0.001275,0.006459,0.007210,0.007830,0.006599,0.006216,0.006805,0.007130,0.006741,0.006646,0.006688,0.006624,0.006744,0.006474,0.006538,0.006823,0.006993,0.007138,0.006871,0.006754,0.006802,0.006631,0.006487,0.006555,0.006718,0.006719,0.006608,0.006588,0.006789,0.006954,0.006809,0.006632,0.006625,0.006536,0.006620,0.006677,0.006533,0.006799,0.007141,0.007133,0.007005,0.006820,0.006707,0.006749,0.006783,0.006982,0.007064,0.006857,0.006600,0.006639,0.006733,0.006842,0.006749,0.006614,0.006919,0.006974,0.006997,0.006880,0.006648,0.006893,0.006869,0.006395,0.006522,0.007187,0.007187,0.006534,0.006679,0.007846,0.007057,0.006458,0.001841,-0.007669,-0.010447,-0.010219,-0.010377,-0.010004,-0.010806,0.000000,0.000000,0.000000,0.000000,0.000000,0.000000,0.000000,0.000000,0.000000,0.000000
0.000000,0.000000,0.000000,0.000000,0.000000,0.000000,0.000000,0.000000,0.000000,0.000000,0.000000,-0.010525,-0.009669,-0.010288,-0.010711,-0.009872,-0.006185,0.002498,0.006888,0.007113,0.007648,0.006525,0.006145,0.006770,0.006866,0.006550,0.006624,0.006676,0.006701,0.006790,0.006639,0.006637,0.006879,0.007068,0.006577,0.006271,0.006403,0.006416,0.006795,0.007000,0.006852,0.006892,0.006923,0.006892,0.006756,0.006653,0.006703,0.006648,0.006524,0.006720,0.006988,0.006772,0.006790,0.006967,0.007090,0.007119,0.006773,0.006840,0.006923,0.006899,0.007058,0.007115,0.007214,0.007127,0.006786,0.006726,0.006847,0.006720,0.006607,0.006738,0.006959,0.006944,0.006756,0.006592,0.006779,0.006871,0.006446,0.006490,0.006862,0.006928,0.006506,0.006582,0.007561,0.007226,0.006849,0.002673,-0.005236,-0.009384,-0.010900,-0.010256,-0.009641,-0.010665,0.000000,0.000000,0.000000,0.000000,0.000000,0.000000,0.000000,0.000000,0.000000,0.000000,0.000000
0.000000,0.000000,0.000000,0.000000,0.000000,0.000000,0.000000,0.000000,0.000000,0.000000,0.000000,-0.010219,-0.010465,-0.010302,-0.010641,-0.010619,-0.010197,-0.005889,0.002666,0.006342,0.007041,0.007618,0.006408,0.006106,0.007020,0.007254,0.006772,0.006431,0.006442,0.006735,0.006867,0.006658,0.006708,0.007084,0.006779,0.006255,0.006296,0.006363,0.006717,0.007101,0.006911,0.006942,0.007121,0.007064,0.006876,0.006764,0.007001,0.006844,0.006554,0.006940,0.006951,0.006629,0.006856,0.007003,0.006790,0.006741,0.006759,0.006622,0.006572,0.006919,0.007066,0.006850,0.007023,0.007111,0.006724,0.006576,0.006644,0.006720,0.006769,0.006601,0.006774,0.006840,0.006701,0.006854,0.006744,0.006378,0.006461,0.006997,0.006962,0.006125,0.006190,0.007183,0.006755,0.006064,0.002345,-0.005013,-0.009299,-0.011006,-0.010979,-0.010029,-0.010004,-0.010551,0.000000,0.000000,0.000000,0.000000,0.000000,0.000000,0.000000,0.000000,0.000000,0.000000,0.000000
0.000000,0.000000,0.000000,0.000000,0.000000,0.000000,0.000000,0.000000,0.000000,0.000000,0.000000,0.000000,-0.010657,-0.010131,-0.009755,-0.010231,-0.010590,-0.010072,-0.005643,0.002761,0.006485,0.006988,0.007635,0.006285,0.006054,0.007198,0.007227,0.006696,0.006408,0.006418,0.006797,0.007012,0.006975,0.006838,0.006833,0.006943,0.006683,0.006498,0.006733,0.006857,0.006701,0.006796,0.007033,0.006846,0.006673,0.006687,0.007055,0.007028,0.006626,0.006703,0.006708,0.006825,0.006934,0.007025,0.007016,0.006718,0.006632,0.006525,0.006520,0.006758,0.006731,0.006789,0.006995,0.006711,0.006486,0.006467,0.006470,0.006691,0.006839,0.006547,0.006725,0.007065,0.006889,0.006773,0.006721,0.006896,0.007158,0.007011,0.006269,0.006283,0.007275,0.006799,0.006230,0.002340,-0.005813,-0.009440,-0.009986,-0.010941,-0.010543,-0.010028,-0.010633,0.000000,0.000000,0.000000,0.000000,0.000000,0.000000,0.000000,0.000000,0.000000,0.000000,0.000000,0.000000
0.000000,0.000000,0.000000,0.000000,0.000000,0.000000,0.000000,0.000000,0.000000,0.000000,0.000000,0.000000,0.000000,-0.010043,-0.009393,-0.009680,-0.010820,-0.010358,-0.009992,-0.005866,0.002657,0.006350,0.006861,0.007307,0.006377,0.006312,0.007027,0.007037,0.006962,0.006681,0.006557,0.006873,0.006952,0.006933,0.006985,0.006953,0.006783,0.006781,0.007082,0.006973,0.006755,0.006847,0.006649,0.006462,0.006490,0.006651,0.006861,0.006803,0.006575,0.006575,0.006682,0.006708,0.006961,0.007007,0.006904,0.006823,0.006687,0.006729,0.006556,0.006621,0.006734,0.006854,0.006990,0.006717,0.006424,0.006488,0.006673,0.006606,0.006733,0.006884,0.007017,0.007185,0.006807,0.006586,0.007089,0.007379,0.006926,0.006325,0.006575,0.007406,0.007099,0.006318,0.002334,-0.005757,-0.009565,-0.010325,-0.010794,-0.009701,-0.009681,-0.010016,0.000000,0.000000,0.000000,0.000000,0.000000,0.000000,0.000000,0.000000,0.000000,0.000000,0.000000,0.000000,0.000000
0.000000,0.000000,0.000000,0.000000,0.000000,0.000000,0.000000,0.000000,0.000000,0.000000,0.000000,0.000000,0.000000,0.000000,-0.009652,-0.009292,-0.009765,-0.011112,-0.010964,-0.010207,-0.005718,0.002632,0.006384,0.006939,0.007264,0.006921,0.006688,0.006758,0.007208,0.007141,0.006786,0.006720,0.006891,0.007291,0.007154,0.006780,0.006794,0.006618,0.006790,0.007183,0.007192,0.007006,0.006681,0.006437,0.006447,0.006980,0.007241,0.006997,0.006751,0.006575,0.006671,0.006595,0.006761,0.006927,0.006677,0.006901,0.007023,0.006649,0.006544,0.006673,0.006822,0.006795,0.006913,0.006960,0.006475,0.006426,0.006789,0.007065,0.007338,0.007165,0.007177,0.006934,0.006573,0.006963,0.007041,0.006574,0.006639,0.007104,0.007161,0.006835,0.006623,0.002339,-0.006070,-0.009833,-0.010631,-0.010946,-0.009762,-0.009543,-0.009756,0.000000,0.000000,0.000000,0.000000,0.000000,0.000000,0.000000,0.000000,0.000000,0.000000,0.000000,0.000000,0.000000,0.000000
0.000000,0.000000,0.000000,0.000000,0.000000,0.000000,0.000000,0.000000,0.000000,0.000000,0.000000,0.000000,0.000000,0.000000,0.000000,-0.010224,-0.009423,-0.010111,-0.011427,-0.010697,-0.009835,-0.005721,0.002210,0.006484,0.007418,0.007382,0.007553,0.006718,0.006188,0.007264,0.007404,0.006736,0.006579,0.006890,0.006873,0.007015,0.006872,0.006407,0.006579,0.006966,0.006957,0.007005,0.006938,0.006568,0.006693,0.006927,0.007133,0.007175,0.006891,0.006711,0.006653,0.006949,0.006788,0.006673,0.006975,0.006999,0.006782,0.006670,0.006828,0.006702,0.006698,0.006855,0.006743,0.006528,0.006545,0.006705,0.006870,0.007129,0.007083,0.006798,0.006861,0.007039,0.006994,0.007019,0.006350,0.006814,0.007590,0.007547,0.007444,0.006333,0.002381,-0.005827,-0.010322,-0.010318,-0.010531,-0.010110,-0.009905,-0.010048,0.000000,0.000000,0.000000,0.000000,0.000000,0.000000,0.000000,0.000000,0.000000,0.000000,0.000000,0.000000,0.000000,0.000000,0.000000
0.000000,0.000000,0.000000,0.000000,0.000000,0.000000,0.000000,0.000000,0.000000,0.000000,0.000000,0.000000,0.000000,0.000000,0.000000,0.000000,-0.009807,-0.009849,-0.010504,-0.011147,-0.010584,-0.010175,-0.006102,0.001366,0.004565,0.006136,0.007373,0.007185,0.006538,0.006131,0.006673,0.006801,0.006823,0.006970,0.006854,0.006649,0.006727,0.007013,0.006999,0.006780,0.006678,0.006731,0.006644,0.006464,0.006743,0.006878,0.006879,0.007003,0.006807,0.006568,0.006453,0.006674,0.006562,0.006436,0.006974,0.007063,0.006955,0.007050,0.006957,0.006889,0.006700,0.006626,0.006615,0.006574,0.006752,0.006834,0.006757,0.006452,0.006420,0.006837,0.006880,0.006818,0.006773,0.006238,0.006915,0.007713,0.007505,0.006098,0.004477,0.001544,-0.005704,-0.010114,-0.010764,-0.010844,-0.009638,-0.009697,-0.010595,0.000000,0.000000,0.000000,0.000000,0.000000,0.000000,0.000000,0.000000,0.000000,0.000000,0.000000,0.000000,0.000000,0.000000,0.000000,0.000000
0.000000,0.000000,0.000000,0.000000,0.000000,0.000000,0.000000,0.000000,0.000000,0.000000,0.000000,0.000000,0.000000,0.000000,0.000000,0.000000,0.000000,-0.009910,-0.009726,-0.010025,-0.010583,-0.010597,-0.009283,-0.007499,-0.004559,0.001981,0.006241,0.006682,0.006923,0.006458,0.006217,0.006454,0.006849,0.007235,0.007040,0.006825,0.006821,0.006942,0.007004,0.007073,0.007048,0.006706,0.006703,0.006507,0.006361,0.006816,0.007039,0.006962,0.006801,0.006568,0.006502,0.006566,0.006555,0.006636,0.006766,0.006821,0.007028,0.007088,0.006955,0.006830,0.006830,0.006866,0.006960,0.007084,0.006965,0.006724,0.006649,0.006679,0.006744,0.006866,0.006724,0.006267,0.006356,0.007115,0.007569,0.007075,0.006546,0.002160,-0.004674,-0.007551,-0.009609,-0.011079,-0.010713,-0.009892,-0.009814,-0.009969,0.000000,0.000000,0.000000,0.000000,0.000000,0.000000,0.000000,0.000000,0.000000,0.000000,0.000000,0.000000,0.000000,0.000000,0.000000,0.000000,0.000000
0.000000,0.000000,0.000000,0.000000,0.000000,0.000000,0.000000,0.000000,0.000000,0.000000,0.000000,0.000000,0.000000,0.000000,0.000000,0.000000,0.000000,0.000000,-0.009741,-0.009520,-0.009707,-0.010008,-0.010016,-0.009911,-0.009781,-0.005864,0.002419,0.006477,0.007180,0.007023,0.006681,0.006993,0.006636,0.006339,0.006444,0.007330,0.007453,0.006930,0.006837,0.006853,0.006783,0.006835,0.007080,0.006938,0.006671,0.006856,0.007031,0.006862,0.006880,0.006828,0.006513,0.006651,0.007013,0.006776,0.006500,0.006574,0.006757,0.006969,0.006903,0.006752,0.006898,0.006980,0.006690,0.006537,0.006749,0.007109,0.007451,0.007382,0.006845,0.006241,0.006334,0.007108,0.006916,0.007614,0.007992,0.006791,0.002658,-0.005407,-0.009794,-0.010279,-0.010593,-0.010802,-0.010238,-0.009578,-0.009706,0.000000,0.000000,0.000000,0.000000,0.000000,0.000000,0.000000,0.000000,0.000000,0.000000,0.000000,0.000000,0.000000,0.000000,0.000000,0.000000,0.000000,0.000000
0.000000,0.000000,0.000000,0.000000,0.000000,0.000000,0.000000,0.000000,0.000000,0.000000,0.000000,0.000000,0.000000,0.000000,0.000000,0.000000,0.000000,0.000000,0.000000,-0.010584,-0.009849,-0.009568,-0.009898,-0.010203,-0.010180,-0.009704,-0.005644,0.001626,0.004511,0.005915,0.007746,0.007151,0.006653,0.006843,0.006496,0.006361,0.006898,0.007066,0.007106,0.006882,0.006802,0.007068,0.006879,0.006868,0.006817,0.006775,0.007204,0.006993,0.006854,0.006896,0.006590,0.006666,0.006992,0.006877,0.006730,0.006792,0.006798,0.006797,0.006640,0.006582,0.006610,0.006754,0.006738,0.006839,0.006975,0.006828,0.006802,0.006577,0.007024,0.007282,0.006584,0.006930,0.008073,0.006376,0.004550,0.002075,-0.004935,-0.009510,-0.010203,-0.010083,-0.010013,-0.009965,-0.009814,-0.010662,0.000000,0.000000,0.000000,0.000000,0.000000,0.000000,0.000000,0.000000,0.000000,0.000000,0.000000,0.000000,0.000000,0.000000,0.000000,0.000000,0.000000,0.000000,0.000000
0.000000,0.000000,0.000000,0.000000,0.000000,0.000000,0.000000,0.000000,0.000000,0.000000,0.000000,0.000000,0.000000,0.000000,0.000000,0.000000,0.000000,0.000000,0.000000,0.000000,-0.010614,-0.010101,-0.009443,-0.010291,-0.010444,-0.010261,-0.009812,-0.007972,-0.004292,0.001456,0.004521,0.006415,0.007873,0.007089,0.006660,0.006872,0.006706,0.006665,0.006763,0.006694,0.007010,0.007184,0.007075,0.006841,0.006573,0.006619,0.006812,0.006823,0.006822,0.006958,0.006839,0.006641,0.006602,0.006806,0.006876,0.006742,0.006662,0.006486,0.006644,0.006810,0.006967,0.007195,0.007098,0.006932,0.007047,0.006673,0.006472,0.006955,0.006949,0.007574,0.008065,0.005826,0.004273,0.001370,-0.004802,-0.007805,-0.009190,-0.010352,-0.010479,-0.009800,-0.009326,-0.010074,-0.010451,0.000000,0.000000,0.000000,0.000000,0.000000,0.000000,0.000000,0.000000,0.000000,0.000000,0.000000,0.000000,0.000000,0.000000,0.000000,0.000000,0.000000,0.000000,0.000000,0.000000
0.000000,0.000000,0.000000,0.000000,0.000000,0.000000,0.000000,0.000000,0.000000,0.000000,0.000000,0.000000,0.000000,0.000000,0.000000,0.000000,0.000000,0.000000,0.000000,0.000000,0.000000,-0.009994,-0.010557,-0.009886,-0.009918,-0.010834,-0.010536,-0.010997,-0.009745,-0.007641,-0.004376,0.001835,0.004726,0.006007,0.007425,0.007637,0.007210,0.006454,0.006599,0.006535,0.006319,0.006814,0.007003,0.006599,0.006660,0.006896,0.006652,0.006549,0.006774,0.007115,0.006993,0.006533,0.006461,0.006465,0.006617,0.006802,0.006813,0.006717,0.006781,0.006924,0.007000,0.007049,0.006573,0.006429,0.006559,0.006513,0.007300,0.007824,0.007728,0.006208,0.004495,0.001298,-0.004816,-0.008062,-0.010195,-0.011249,-0.010132,-0.010322,-0.009888,-0.009267,-0.010152,-0.010644,0.000000,0.000000,0.000000,0.000000,0.000000,0.000000,0.000000,0.000000,0.000000,0.000000,0.000000,0.000000,0.000000,0.000000,0.000000,0.000000,0.000000,0.000000,0.000000,0.000000,0.000000
0.000000,0.000000,0.000000,0.000000,0.000000,0.000000,0.000000,0.000000,0.000000,0.000000,0.000000,0.000000,0.000000,0.000000,0.000000,0.000000,0.000000,0.000000,0.000000,0.000000,0.000000,0.000000,0.000000,-0.010388,-0.009818,-0.010170,-0.010494,-0.010371,-0.010948,-0.011516,-0.009490,-0.007528,-0.004619,0.001354,0.004749,0.006333,0.007615,0.007361,0.006951,0.007268,0.006400,0.006076,0.006952,0.006490,0.006437,0.006912,0.007151,0.006890,0.006755,0.007267,0.007274,0.006872,0.006638,0.006473,0.006733,0.007141,0.006972,0.006753,0.006651,0.006905,0.007013,0.006301,0.006624,0.007059,0.006649,0.006986,0.007698,0.006407,0.004695,0.001369,-0.004963,-0.007771,-0.009255,-0.011253,-0.010780,-0.010182,-0.009865,-0.009390,-0.009687,-0.009671,0.000000,0.000000,0.000000,0.000000,0.000000,0.000000,0.000000,0.000000,0.000000,0.000000,0.000000,0.000000,0.000000,0.000000,0.000000,0.000000,0.000000,0.000000,0.000000,0.000000,0.000000,0.000000,0.000000
0.000000,0.000000,0.000000,0.000000,0.000000,0.000000,0.000000,0.000000,0.000000,0.000000,0.000000,0.000000,0.000000,0.000000,0.000000,0.000000,0.000000,0.000000,0.000000,0.000000,0.000000,0.000000,0.000000,0.000000,-0.009749,-0.010294,-0.009646,-0.010012,-0.010838,-0.010531,-0.010405,-0.010713,-0.008946,-0.007523,-0.004605,0.001312,0.003431,0.004482,0.006969,0.007731,0.007071,0.006903,0.007032,0.006926,0.006452,0.006405,0.006900,0.006704,0.006531,0.006677,0.006737,0.006706,0.006611,0.006518,0.006682,0.006748,0.006685,0.006513,0.006948,0.007344,0.007150,0.007285,0.007656,0.007782,0.006925,0.004496,0.003266,0.001247,-0.004693,-0.007872,-0.009654,-0.011354,-0.010247,-0.009891,-0.010139,-0.009839,-0.009658,-0.009873,-0.010385,0.000000,0.000000,0.000000,0.000000,0.000000,0.000000,0.000000,0.000000,0.000000,0.000000,0.000000,0.000000,0.000000,0.000000,0.000000,0.000000,0.000000,0.000000,0.000000,0.000000,0.000000,0.000000,0.000000,0.000000
0.000000,0.000000,0.000000,0.000000,0.000000,0.000000,0.000000,0.000000,0.000000,0.000000,0.000000,0.000000,0.000000,0.000000,0.000000,0.000000,0.000000,0.000000,0.000000,0.000000,0.000000,0.000000,0.000000,0.000000,0.000000,0.000000,-0.009980,-0.009567,-0.010209,-0.010316,-0.009954,-0.009673,-0.010058,-0.010709,-0.010079,-0.007428,-0.006418,-0.004399,0.001534,0.003188,0.002669,0.004424,0.006685,0.007767,0.007640,0.007901,0.007889,0.007677,0.007509,0.007366,0.007377,0.007512,0.007753,0.007736,0.007578,0.007721,0.007721,0.007761,0.008037,0.008177,0.006890,0.004675,0.003157,0.003470,0.001655,-0.004134,-0.006697,-0.007641,-0.010197,-0.011051,-0.010478,-0.010405,-0.010108,-0.009618,-0.009878,-0.010046,-0.009889,0.000000,0.000000,0.000000,0.000000,0.000000,0.000000,0.000000,0.000000,0.000000,0.000000,0.000000,0.000000,0.000000,0.000000,0.000000,0.000000,0.000000,0.000000,0.000000,0.000000,0.000000,0.000000,0.000000,0.000000,0.000000,0.000000
0.000000,0.000000,0.000000,0.000000,0.000000,0.000000,0.000000,0.000000,0.000000,0.000000,0.000000,0.000000,0.000000,0.000000,0.000000,0.000000,0.000000,0.000000,0.000000,0.000000,0.000000,0.000000,0.000000,0.000000,0.000000,0.000000,0.000000,0.000000,-0.010753,-0.010466,-0.009890,-0.010074,-0.010575,-0.010299,-0.010746,-0.011020,-0.010359,-0.009628,-0.008140,-0.006526,-0.007061,-0.005046,0.001270,0.003485,0.003516,0.004080,0.004036,0.004046,0.003702,0.003586,0.003354,0.003191,0.003250,0.003349,0.003324,0.003712,0.003774,0.003744,0.003471,0.003638,0.001492,-0.004726,-0.006974,-0.006435,-0.007793,-0.009393,-0.010574,-0.010971,-0.010411,-0.009990,-0.010177,-0.010072,-0.009704,-0.009670,-0.010321,0.000000,0.000000,0.000000,0.000000,0.000000,0.000000,0.000000,0.000000,0.000000,0.000000,0.000000,0.000000,0.000000,0.000000,0.000000,0.000000,0.000000,0.000000,0.000000,0.000000,0.000000,0.000000,0.000000,0.000000,0.000000,0.000000,0.000000,0.000000
0.000000,0.000000,0.000000,0.000000,0.000000,0.000000,0.000000,0.000000,0.000000,0.000000,0.000000,0.000000,0.000000,0.000000,0.000000,0.000000,0.000000,0.000000,0.000000,0.000000,0.000000,0.000000,0.000000,0.000000,0.000000,0.000000,0.000000,0.000000,0.000000,0.000000,-0.010760,-0.010331,-0.009962,-0.010437,-0.010594,-0.010345,-0.009946,-0.010304,-0.010743,-0.010506,-0.011614,-0.010698,-0.007828,-0.006844,-0.006535,-0.006689,-0.006708,-0.006755,-0.006881,-0.006527,-0.006840,-0.007344,-0.007513,-0.007363,-0.007034,-0.006723,-0.006671,-0.006937,-0.006895,-0.006806,-0.007887,-0.010030,-0.010966,-0.010446,-0.010083,-0.009979,-0.009822,-0.009573,-0.009912,-0.010220,-0.010087,-0.010378,-0.010200,0.000000,0.000000,0.000000,0.000000,0.000000,0.000000,0.000000,0.000000,0.000000,0.000000,0.000000,0.000000,0.000000,0.000000,0.000000,0.000000,0.000000,0.000000,0.000000,0.000000,0.000000,0.000000,0.000000,0.000000,0.000000,0.000000,0.000000,0.000000,0.000000,0.000000
0.000000,0.000000,0.000000,0.000000,0.000000,0.000000,0.000000,0.000000,0.000000,0.000000,0.000000,0.000000,0.000000,0.000000,0.000000,0.000000,0.000000,0.000000,0.000000,0.000000,0.000000,0.000000,0.000000,0.000000,0.000000,0.000000,0.000000,0.000000,0.000000,0.000000,0.000000,0.000000,-0.011070,-0.010223,-0.009920,-0.010162,-0.010256,-0.010342,-0.009689,-0.009930,-0.010683,-0.010431,-0.010353,-0.010692,-0.010780,-0.010712,-0.010905,-0.011080,-0.010801,-0.010417,-0.010449,-0.010871,-0.011205,-0.011152,-0.010831,-0.010550,-0.010486,-0.010915,-0.011346,-0.011131,-0.010348,-0.009933,-0.010372,-0.009569,-0.008922,-0.009915,-0.009756,-0.009791,-0.010228,-0.009949,-0.011060,0.000000,0.000000,0.000000,0.000000,0.000000,0.000000,0.000000,0.000000,0.000000,0.000000,0.000000,0.000000,0.000000,0.000000,0.000000,0.000000,0.000000,0.000000,0.000000,0.000000,0.000000,0.000000,0.000000,0.000000,0.000000,0.000000,0.000000,0.000000,0.000000,0.000000,0.000000,0.000000
0.000000,0.000000,0.000000,0.000000,0.000000,0.000000,0.000000,0.000000,0.000000,0.000000,0.000000,0.000000,0.000000,0.000000,0.000000,0.000000,0.000000,0.000000,0.000000,0.000000,0.000000,0.000000,0.000000,0.000000,0.000000,0.000000,0.000000,0.000000,0.000000,0.000000,0.000000,0.000000,0.000000,0.000000,-0.009972,-0.010594,-0.010290,-0.010345,-0.010178,-0.010208,-0.010068,-0.009730,-0.010103,-0.010197,-0.010089,-0.009631,-0.009411,-0.009664,-0.009895,-0.009903,-0.009734,-0.010179,-0.010511,-0.010372,-0.010149,-0.009917,-0.009405,-0.009421,-0.010390,-0.010661,-0.010227,-0.009962,-0.009966,-0.009801,-0.009797,-0.009775,-0.009707,-0.010251,-0.010267,0.000000,0.000000,0.000000,0.000000,0.000000,0.000000,0.000000,0.000000,0.000000,0.000000,0.000000,0.000000,0.000000,0.000000,0.000000,0.000000,0.000000,0.000000,0.000000,0.000000,0.000000,0.000000,0.000000,0.000000,0.000000,0.000000,0.000000,0.000000,0.000000,0.000000,0.000000,0.000000,0.000000,0.000000
0.000000,0.000000,0.000000,0.000000,0.000000,0.000000,0.000000,0.000000,0.000000,0.000000,0.000000,0.000000,0.000000,0.000000,0.000000,0.000000,0.000000,0.000000,0.000000,0.000000,0.000000,0.000000,0.000000,0.000000,0.000000,0.000000,0.000000,0.000000,0.000000,0.000000,0.000000,0.000000,0.000000,0.000000,0.000000,0.000000,0.000000,-0.010434,-0.010780,-0.010537,-0.010498,-0.010536,-0.010269,-0.010557,-0.010263,-0.009494,-0.009552,-0.010192,-0.010714,-0.010414,-0.010201,-0.010557,-0.010831,-0.010729,-0.010497,-0.010295,-0.009734,-0.009325,-0.009607,-0.010496,-0.010851,-0.010383,-0.009862,-0.009942,-0.010362,-0.010393,0.000000,0.000000,0.000000,0.000000,0.000000,0.000000,0.000000,0.000000,0.000000,0.000000,0.000000,0.000000,0.000000,0.000000,0.000000,0.000000,0.000000,0.000000,0.000000,0.000000,0.000000,0.000000,0.000000,0.000000,0.000000,0.000000,0.000000,0.000000,0.000000,0.000000,0.000000,0.000000,0.000000,0.000000,0.000000,0.000000,0.000000
0.000000,0.000000,0.000000,0.000000,0.000000,0.000000,0.000000,0.000000,0.000000,0.000000,0.000000,0.000000,0.000000,0.000000,0.000000,0.000000,0.000000,0.000000,0.000000,0.000000,0.000000,0.000000,0.000000,0.000000,0.000000,0.000000,0.000000,0.000000,0.000000,0.000000,0.000000,0.000000,0.000000,0.000000,0.000000,0.000000,0.000000,0.000000,0.000000,0.000000,0.000000,0.000000,-0.010397,-0.009877,-0.010274,-0.010347,-0.009649,-0.010206,-0.010764,-0.010284,-0.010019,-0.009946,-0.010477,-0.010633,-0.010357,-0.010322,-0.009810,-0.009510,-0.009531,-0.009883,-0.010556,0.000000,0.000000,0.000000,0.000000,0.000000,0.000000,0.000000,0.000000,0.000000,0.000000,0.000000,0.000000,0.000000,0.000000,0.000000,0.000000,0.000000,0.000000,0.000000,0.000000,0.000000,0.000000,0.000000,0.000000,0.000000,0.000000,0.000000,0.000000,0.000000,0.000000,0.000000,0.000000,0.000000,0.000000,0.000000,0.000000,0.000000,0.000000,0.000000,0.000000,0.000000,0.000000
0.000000,0.000000,0.000000,0.000000,0.000000,0.000000,0.000000,0.000000,0.000000,0.000000,0.000000,0.000000,0.000000,0.000000,0.000000,0.000000,0.000000,0.000000,0.000000,0.000000,0.000000,0.000000,0.000000,0.000000,0.000000,0.000000,0.000000,0.000000,0.000000,0.000000,0.000000,0.000000,0.000000,0.000000,0.000000,0.000000,0.000000,0.000000,0.000000,0.000000,0.000000,0.000000,0.000000,0.000000,0.000000,0.000000,0.000000,0.000000,0.000000,0.000000,0.000000,-0.010314,0.000000,0.000000,0.000000,0.000000,0.000000,0.000000,0.000000,0.000000,0.000000,0.000000,0.000000,0.000000,0.000000,0.000000,0.000000,0.000000,0.000000,0.000000,0.000000,0.000000,0.000000,0.000000,0.000000,0.000000,0.000000,0.000000,0.000000,0.000000,0.000000,0.000000,0.000000,0.000000,0.000000,0.000000,0.000000,0.000000,0.000000,0.000000,0.000000,0.000000,0.000000,0.000000,0.000000,0.000000,0.000000,0.000000,0.000000,0.000000,0.000000,0.000000,0.000000
0.000000,0.000000,0.000000,0.000000,0.000000,0.000000,0.000000,0.000000,0.000000,0.000000,0.000000,0.000000,0.000000,0.000000,0.000000,0.000000,0.000000,0.000000,0.000000,0.000000,0.000000,0.000000,0.000000,0.000000,0.000000,0.000000,0.000000,0.000000,0.000000,0.000000,0.000000,0.000000,0.000000,0.000000,0.000000,0.000000,0.000000,0.000000,0.000000,0.000000,0.000000,0.000000,0.000000,0.000000,0.000000,0.000000,0.000000,0.000000,0.000000,0.000000,0.000000,0.000000,0.000000,0.000000,0.000000,0.000000,0.000000,0.000000,0.000000,0.000000,0.000000,0.000000,0.000000,0.000000,0.000000,0.000000,0.000000,0.000000,0.000000,0.000000,0.000000,0.000000,0.000000,0.000000,0.000000,0.000000,0.000000,0.000000,0.000000,0.000000,0.000000,0.000000,0.000000,0.000000,0.000000,0.000000,0.000000,0.000000,0.000000,0.000000,0.000000,0.000000,0.000000,0.000000,0.000000,0.000000,0.000000,0.000000,0.000000,0.000000,0.000000,0.000000,0.000000
