0.000000,0.000000,0.000000,0.000000,0.000000,0.000000,0.000000,0.000000,0.000000,0.000000,0.000000,0.000000,0.000000,0.000000,0.000000,0.000000,0.000000,0.000000,0.000000,0.000000,0.000000,0.000000,0.000000,0.000000,0.000000,0.000000,0.000000,0.000000,0.000000,0.000000,0.000000,0.000000,0.000000,0.000000,0.000000,0.000000,0.000000,0.000000,0.000000,0.000000,0.000000,0.000000,0.000000,0.000000,0.000000,0.000000,0.000000,0.000000,0.000000,0.000000,0.000000,0.000000,0.000000,0.000000,0.000000,0.000000,0.000000,0.000000,0.000000,0.000000,0.000000,0.000000,0.000000,0.000000,0.000000,0.000000,0.000000,0.000000,0.000000,0.000000,0.000000,0.000000,0.000000,0.000000,0.000000,0.000000,0.000000,0.000000,0.000000,0.000000,0.000000,0.000000,0.000000,0.000000,0.000000,0.000000,0.000000,0.000000,0.000000,0.000000,0.000000,0.000000,0.000000,0.000000,0.000000,0.000000,0.000000,0.000000,0.000000,0.000000,0.000000,0.000000,0.000000
0.000000,0.000000,0.000000,0.000000,0.000000,0.000000,0.000000,0.000000,0.000000,0.000000,0.000000,0.000000,0.000000,0.000000,0.000000,0.000000,0.000000,0.000000,0.000000,0.000000,0.000000,0.000000,0.000000,0.000000,0.000000,0.000000,0.000000,0.000000,0.000000,0.000000,0.000000,0.000000,0.000000,0.000000,0.000000,0.000000,0.000000,0.000000,0.000000,0.000000,0.000000,0.000000,0.000000,0.000000,0.000000,0.000000,0.000000,0.000000,0.000000,0.000000,0.000000,-1.057864,0.000000,0.000000,0.000000,0.000000,0.000000,0.000000,0.000000,0.000000,0.000000,0.000000,0.000000,0.000000,0.000000,0.000000,0.000000,0.000000,0.000000,0.000000,0.000000,0.000000,0.000000,0.000000,0.000000,0.000000,0.000000,0.000000,0.000000,0.000000,0.000000,0.000000,0.000000,0.000000,0.000000,0.000000,0.000000,0.000000,0.000000,0.000000,0.000000,0.000000,0.000000,0.000000,0.000000,0.000000,0.000000,0.000000,0.000000,0.000000,0.000000,0.000000,0.000000
0.000000,0.000000,0.000000,0.000000,0.000000,0.000000,0.000000,0.000000,0.000000,0.000000,0.000000,0.000000,0.000000,0.000000,0.000000,0.000000,0.000000,0.000000,0.000000,0.000000,0.000000,0.000000,0.000000,0.000000,0.000000,0.000000,0.000000,0.000000,0.000000,0.000000,0.000000,0.000000,0.000000,0.000000,0.000000,0.000000,0.000000,0.000000,0.000000,0.000000,0.000000,0.000000,-0.373082,-0.204295,-0.136056,-0.140357,-0.168611,-0.265898,-0.310388,-0.306517,-0.050106,0.424599,0.000425,-0.349445,-0.296097,-0.283464,-0.173299,-0.163381,-0.144930,-0.202357,-0.276555,0.000000,0.000000,0.000000,0.000000,0.000000,0.000000,0.000000,0.000000,0.000000,0.000000,0.000000,0.000000,0.000000,0.000000,0.000000,0.000000,0.000000,0.000000,0.000000,0.000000,0.000000,0.000000,0.000000,0.000000,0.000000,0.000000,0.000000,0.000000,0.000000,0.000000,0.000000,0.000000,0.000000,0.000000,0.000000,0.000000,0.000000,0.000000,0.000000,0.000000,0.000000,0.000000
0.000000,0.000000,0.000000,0.000000,0.000000,0.000000,0.000000,0.000000,0.000000,0.000000,0.000000,0.000000,0.000000,0.000000,0.000000,0.000000,0.000000,0.000000,0.000000,0.000000,0.000000,0.000000,0.000000,0.000000,0.000000,0.000000,0.000000,0.000000,0.000000,0.000000,0.000000,0.000000,0.000000,0.000000,0.000000,0.000000,0.000000,-1.533143,0.151253,-0.458152,-0.142291,-0.038648,0.117352,0.109440,0.035383,-0.003459,0.012690,0.087225,0.069569,-0.079038,-0.107745,-0.197196,-0.093100,-0.089578,-0.009219,0.093268,0.016357,0.016784,0.017820,0.086697,0.067537,-0.059163,-0.145264,-0.379315,0.016495,-0.934611,0.000000,0.000000,0.000000,0.000000,0.000000,0.000000,0.000000,0.000000,0.000000,0.000000,0.000000,0.000000,0.000000,0.000000,0.000000,0.000000,0.000000,0.000000,0.000000,0.000000,0.000000,0.000000,0.000000,0.000000,0.000000,0.000000,0.000000,0.000000,0.000000,0.000000,0.000000,0.000000,0.000000,0.000000,0.000000,0.000000,0.000000
0.000000,0.000000,0.000000,0.000000,0.000000,0.000000,0.000000,0.000000,0.000000,0.000000,0.000000,0.000000,0.000000,0.000000,0.000000,0.000000,0.000000,0.000000,0.000000,0.000000,0.000000,0.000000,0.000000,0.000000,0.000000,0.000000,0.000000,0.000000,0.000000,0.000000,0.000000,0.000000,0.000000,0.000000,-0.860954,0.064292,0.084303,0.617297,0.328368,0.153235,-0.027974,0.040006,-0.034154,0.057909,0.051418,0.008753,-0.026017,-0.040255,0.061299,0.041538,-0.054074,0.002998,-0.069213,-0.035917,0.043863,0.001305,0.001565,0.002894,0.020724,0.023890,-0.018239,0.114516,0.025174,0.171170,0.190274,0.359544,-0.030146,0.073776,-1.061656,0.000000,0.000000,0.000000,0.000000,0.000000,0.000000,0.000000,0.000000,0.000000,0.000000,0.000000,0.000000,0.000000,0.000000,0.000000,0.000000,0.000000,0.000000,0.000000,0.000000,0.000000,0.000000,0.000000,0.000000,0.000000,0.000000,0.000000,0.000000,0.000000,0.000000,0.000000,0.000000,0.000000,0.000000
0.000000,0.000000,0.000000,0.000000,0.000000,0.000000,0.000000,0.000000,0.000000,0.000000,0.000000,0.000000,0.000000,0.000000,0.000000,0.000000,0.000000,0.000000,0.000000,0.000000,0.000000,0.000000,0.000000,0.000000,0.000000,0.000000,0.000000,0.000000,0.000000,0.000000,0.000000,0.000000,-1.085478,0.054565,0.137174,0.188377,0.013298,-0.018697,-0.065756,-0.074043,-0.032386,0.149832,0.042437,0.096087,0.045844,0.112684,0.143710,0.065485,0.049922,0.019430,-0.056659,-0.083289,-0.070133,-0.044026,0.001497,0.070827,0.127018,0.114442,0.049355,0.092044,0.043454,0.102755,-0.007642,-0.052675,-0.039972,-0.011013,0.002459,0.224261,0.295503,0.028639,-0.937742,0.000000,0.000000,0.000000,0.000000,0.000000,0.000000,0.000000,0.000000,0.000000,0.000000,0.000000,0.000000,0.000000,0.000000,0.000000,0.000000,0.000000,0.000000,0.000000,0.000000,0.000000,0.000000,0.000000,0.000000,0.000000,0.000000,0.000000,0.000000,0.000000,0.000000,0.000000,0.000000
0.000000,0.000000,0.000000,0.000000,0.000000,0.000000,0.000000,0.000000,0.000000,0.000000,0.000000,0.000000,0.000000,0.000000,0.000000,0.000000,0.000000,0.000000,0.000000,0.000000,0.000000,0.000000,0.000000,0.000000,0.000000,0.000000,0.000000,0.000000,0.000000,0.000000,-1.712439,0.164443,0.380377,0.244522,-0.047835,-0.087991,-0.047059,0.081952,0.042203,0.106442,0.163874,0.091416,0.044987,0.083700,0.019487,0.004262,0.045781,0.077547,0.103833,0.010731,-0.045214,-0.067367,-0.062742,-0.073264,-0.008317,0.094001,0.045792,0.011726,0.023965,0.081521,0.050557,0.083825,0.134780,0.069249,0.039549,0.052995,-0.065684,-0.036906,-0.030615,0.216893,0.281169,-0.055183,-1.009509,0.000000,0.000000,0.000000,0.000000,0.000000,0.000000,0.000000,0.000000,0.000000,0.000000,0.000000,0.000000,0.000000,0.000000,0.000000,0.000000,0.000000,0.000000,0.000000,0.000000,0.000000,0.000000,0.000000,0.000000,0.000000,0.000000,0.000000,0.000000,0.000000,0.000000
0.000000,0.000000,0.000000,0.000000,0.000000,0.000000,0.000000,0.000000,0.000000,0.000000,0.000000,0.000000,0.000000,0.000000,0.000000,0.000000,0.000000,0.000000,0.000000,0.000000,0.000000,0.000000,0.000000,0.000000,0.000000,0.000000,0.000000,0.000000,-0.476163,0.114277,0.569461,0.429027,-0.075768,-0.015583,0.031746,-0.025457,0.090177,0.096421,0.060825,0.041115,0.002779,-0.018860,0.070210,0.155727,0.149611,0.105931,0.078215,0.081356,0.087635,0.021774,-0.062382,-0.059310,-0.077904,-0.075211,0.014635,0.098625,0.079989,0.079005,0.137966,0.146296,0.071257,0.018492,0.040417,0.034266,0.059886,0.125299,0.005244,-0.072949,0.020334,-0.085295,-0.080339,0.272887,0.362737,0.138762,-0.322623,0.000000,0.000000,0.000000,0.000000,0.000000,0.000000,0.000000,0.000000,0.000000,0.000000,0.000000,0.000000,0.000000,0.000000,0.000000,0.000000,0.000000,0.000000,0.000000,0.000000,0.000000,0.000000,0.000000,0.000000,0.000000,0.000000,0.000000,0.000000
0.000000,0.000000,0.000000,0.000000,0.000000,0.000000,0.000000,0.000000,0.000000,0.000000,0.000000,0.000000,0.000000,0.000000,0.000000,0.000000,0.000000,0.000000,0.000000,0.000000,0.000000,0.000000,0.000000,0.000000,0.000000,0.000000,-0.863195,0.190368,0.056465,0.176306,-0.116601,-0.027849,-0.022692,-0.189883,-0.077699,0.081153,0.080941,0.070305,0.036911,0.101339,0.121677,0.107539,0.047234,-0.014608,0.047191,0.054203,0.046272,0.069421,0.068929,0.012250,-0.052144,-0.072342,-0.083313,-0.062040,0.008004,0.075894,0.057602,0.041801,0.068068,0.010228,0.026985,0.085867,0.097274,0.060965,0.020596,0.050108,0.043692,-0.004537,-0.101445,-0.037077,0.051990,0.066768,-0.139779,0.307696,-0.198159,0.492965,-1.413031,0.000000,0.000000,0.000000,0.000000,0.000000,0.000000,0.000000,0.000000,0.000000,0.000000,0.000000,0.000000,0.000000,0.000000,0.000000,0.000000,0.000000,0.000000,0.000000,0.000000,0.000000,0.000000,0.000000,0.000000,0.000000,0.000000
0.000000,0.000000,0.000000,0.000000,0.000000,0.000000,0.000000,0.000000,0.000000,0.000000,0.000000,0.000000,0.000000,0.000000,0.000000,0.000000,0.000000,0.000000,0.000000,0.000000,0.000000,0.000000,0.000000,0.000000,-1.089807,0.398257,0.148623,0.343921,-0.072734,-0.003115,0.208977,0.035432,-0.015529,0.102188,-0.069020,-0.016352,0.030335,0.020276,0.108310,0.114673,0.087079,0.133977,0.127175,0.068408,0.120352,0.109018,0.094806,0.100122,0.067037,0.034140,-0.023606,-0.058519,-0.064271,-0.032675,0.015348,0.082853,0.105814,0.103726,0.114319,0.070127,0.129345,0.126856,0.083145,0.128179,0.047834,-0.012155,-0.023338,-0.061848,0.044888,0.142732,0.026366,0.063933,0.091507,0.073800,-0.136132,0.471623,0.419149,0.153362,-0.492658,0.000000,0.000000,0.000000,0.000000,0.000000,0.000000,0.000000,0.000000,0.000000,0.000000,0.000000,0.000000,0.000000,0.000000,0.000000,0.000000,0.000000,0.000000,0.000000,0.000000,0.000000,0.000000,0.000000,0.000000
0.000000,0.000000,0.000000,0.000000,0.000000,0.000000,0.000000,0.000000,0.000000,0.000000,0.000000,0.000000,0.000000,0.000000,0.000000,0.000000,0.000000,0.000000,0.000000,0.000000,0.000000,0.000000,0.000000,-0.473581,0.346118,0.245892,0.037682,-0.040360,0.001402,-0.023554,0.031633,0.108945,0.084479,0.089545,-0.060737,-0.122095,-0.002911,0.081864,0.077054,0.009045,-0.017333,0.029495,0.078790,0.077955,0.089332,0.047423,0.076733,0.091731,0.074010,0.046144,-0.020045,-0.065251,-0.073465,-0.007579,0.055234,0.076670,0.084208,0.056428,0.083513,0.075556,0.079642,0.047064,0.046401,0.094357,0.053171,0.008982,-0.061683,0.009375,0.079399,0.082897,0.109999,-0.019739,0.093184,-0.007413,-0.013263,-0.118446,0.153355,0.033383,0.255525,-0.406267,0.000000,0.000000,0.000000,0.000000,0.000000,0.000000,0.000000,0.000000,0.000000,0.000000,0.000000,0.000000,0.000000,0.000000,0.000000,0.000000,0.000000,0.000000,0.000000,0.000000,0.000000,0.000000,0.000000
0.000000,0.000000,0.000000,0.000000,0.000000,0.000000,0.000000,0.000000,0.000000,0.000000,0.000000,0.000000,0.000000,0.000000,0.000000,0.000000,0.000000,0.000000,0.000000,0.000000,0.000000,-1.264802,0.191887,0.164093,0.043870,0.005440,-0.058811,-0.108714,-0.037591,-0.006124,0.042276,0.014508,0.054378,0.052813,0.030142,0.002588,-0.021749,0.044305,0.054208,0.080176,0.098130,0.088186,0.099104,0.100369,0.051824,0.067286,0.096461,0.069655,0.066483,0.068473,0.010476,-0.060870,-0.044884,0.036999,0.074728,0.067828,0.085620,0.081917,0.084943,0.118335,0.080548,0.034645,0.063054,0.061949,0.042844,0.001329,0.044378,0.123986,0.091623,0.110106,0.066146,0.002264,0.018035,0.049634,-0.003946,-0.108028,0.050989,-0.000880,0.143637,-0.029043,0.212200,-1.487122,0.000000,0.000000,0.000000,0.000000,0.000000,0.000000,0.000000,0.000000,0.000000,0.000000,0.000000,0.000000,0.000000,0.000000,0.000000,0.000000,0.000000,0.000000,0.000000,0.000000,0.000000
0.000000,0.000000,0.000000,0.000000,0.000000,0.000000,0.000000,0.000000,0.000000,0.000000,0.000000,0.000000,0.000000,0.000000,0.000000,0.000000,0.000000,0.000000,0.000000,0.000000,-0.322047,0.234536,0.212467,-0.059584,-0.041807,-0.111294,-0.144828,-0.014226,0.009886,-0.093019,-0.108051,0.033780,0.109192,0.114594,0.118113,0.064413,-0.009252,-0.001888,0.075091,0.133501,0.139228,0.079883,0.018156,0.061094,0.023348,0.042281,0.071019,0.029944,0.054861,0.061678,-0.003959,-0.068651,-0.034007,0.037946,0.072437,0.050612,0.062389,0.040848,0.037618,0.043683,0.000344,0.080298,0.087322,0.056981,0.007195,0.027343,0.066807,0.073980,0.055170,0.059329,0.157054,0.047328,-0.110521,-0.139261,-0.093445,-0.057209,-0.062611,-0.025194,-0.000213,0.054951,0.341017,0.577400,-0.598754,0.000000,0.000000,0.000000,0.000000,0.000000,0.000000,0.000000,0.000000,0.000000,0.000000,0.000000,0.000000,0.000000,0.000000,0.000000,0.000000,0.000000,0.000000,0.000000,0.000000
0.000000,0.000000,0.000000,0.000000,0.000000,0.000000,0.000000,0.000000,0.000000,0.000000,0.000000,0.000000,0.000000,0.000000,0.000000,0.000000,0.000000,0.000000,0.000000,-0.324211,0.009923,-0.115911,-0.066910,-0.039933,-0.163220,-0.149836,-0.095586,-0.083361,-0.197219,-0.192497,-0.023742,0.053017,0.078296,0.065820,0.077737,0.118127,0.061620,-0.034319,-0.035598,0.016652,0.007532,0.031601,0.066884,0.116463,0.107325,0.118619,0.097002,0.071795,0.118155,0.088903,-0.001377,-0.062750,-0.004351,0.068768,0.105788,0.059531,0.070075,0.093157,0.098918,0.091706,0.070669,0.056389,0.009545,-0.075001,-0.053864,0.099484,0.096774,0.067112,0.026368,0.047081,0.083303,0.133531,0.074765,-0.036050,-0.134319,-0.092660,-0.029465,-0.057512,-0.119136,-0.111826,0.026530,0.096831,0.195613,-0.817146,0.000000,0.000000,0.000000,0.000000,0.000000,0.000000,0.000000,0.000000,0.000000,0.000000,0.000000,0.000000,0.000000,0.000000,0.000000,0.000000,0.000000,0.000000,0.000000
0.000000,0.000000,0.000000,0.000000,0.000000,0.000000,0.000000,0.000000,0.000000,0.000000,0.000000,0.000000,0.000000,0.000000,0.000000,0.000000,0.000000,0.000000,-0.206529,0.091097,0.079667,0.104655,0.082944,-0.035555,0.007773,-0.082543,-0.105055,-0.086317,-0.106647,-0.084036,-0.099360,0.034771,0.081667,0.053823,0.047601,0.100568,0.087577,-0.055701,-0.111663,-0.006664,0.045212,0.016241,-0.017086,0.018373,0.066846,0.113145,0.119383,0.118855,0.122538,0.052747,-0.011744,-0.066939,0.020811,0.064309,0.112133,0.105057,0.111898,0.108663,0.072082,0.018433,0.021147,0.066016,-0.017909,-0.104353,-0.019413,0.127132,0.101126,0.073559,0.127275,0.109850,0.057833,0.061283,0.071970,0.069169,-0.018274,-0.089197,-0.136755,-0.045506,-0.060369,-0.204985,0.001961,0.075174,0.101154,0.160359,-0.595592,0.000000,0.000000,0.000000,0.000000,0.000000,0.000000,0.000000,0.000000,0.000000,0.000000,0.000000,0.000000,0.000000,0.000000,0.000000,0.000000,0.000000,0.000000
0.000000,0.000000,0.000000,0.000000,0.000000,0.000000,0.000000,0.000000,0.000000,0.000000,0.000000,0.000000,0.000000,0.000000,0.000000,0.000000,0.000000,-0.489462,0.056353,0.010517,0.130792,0.033642,0.048354,0.095329,0.017927,-0.039624,-0.061828,0.006747,0.044324,0.051886,0.032868,0.067494,0.112229,0.085085,0.071293,0.083973,0.080426,0.007667,-0.052911,-0.000055,0.041345,0.011835,0.015031,0.016807,0.030125,0.071097,0.013914,0.033344,0.045852,0.015661,-0.008595,-0.058884,0.043633,0.045735,0.071789,0.057516,0.053025,0.063865,0.053944,0.023693,-0.004531,0.042021,-0.034046,-0.030167,0.039479,0.078204,0.064005,0.054613,0.088844,0.101021,0.031953,0.067259,0.115517,0.058209,-0.040568,-0.077921,-0.168909,-0.171861,-0.068413,-0.038250,-0.131025,-0.077691,0.085814,0.119765,0.116985,-0.454247,0.000000,0.000000,0.000000,0.000000,0.000000,0.000000,0.000000,0.000000,0.000000,0.000000,0.000000,0.000000,0.000000,0.000000,0.000000,0.000000,0.000000
0.000000,0.000000,0.000000,0.000000,0.000000,0.000000,0.000000,0.000000,0.000000,0.000000,0.000000,0.000000,0.000000,0.000000,0.000000,0.000000,-0.245243,0.152734,-0.177941,0.140751,-0.042041,0.139985,0.096603,0.051717,0.148371,0.089448,0.066014,-0.003635,0.100386,0.182386,0.063803,0.062351,0.077786,0.104460,0.035209,0.047201,0.117133,0.080600,-0.012668,-0.044527,0.004104,0.026768,-0.037402,-0.067768,0.035234,0.086860,0.056996,0.079658,0.070847,0.081710,0.034508,-0.031816,0.083124,0.075453,0.065563,0.075652,0.069560,0.047600,-0.048809,-0.054307,-0.014839,-0.011607,-0.012970,0.018418,0.077095,0.095429,0.082267,0.049395,0.046196,0.053006,0.077205,0.106728,0.072977,0.078143,0.026256,-0.005953,-0.061423,-0.132626,-0.115011,-0.072059,-0.015942,-0.020286,0.042730,0.058551,0.037927,0.098410,-0.233082,0.000000,0.000000,0.000000,0.000000,0.000000,0.000000,0.000000,0.000000,0.000000,0.000000,0.000000,0.000000,0.000000,0.000000,0.000000,0.000000
0.000000,0.000000,0.000000,0.000000,0.000000,0.000000,0.000000,0.000000,0.000000,0.000000,0.000000,0.000000,0.000000,0.000000,0.000000,-0.236356,0.143171,0.081522,0.167921,-0.027365,0.143834,-0.008861,0.081690,0.002615,0.125955,0.118512,0.103245,-0.025206,0.063214,0.088648,0.096940,0.049619,0.049585,0.113837,0.113835,0.047415,0.060396,0.063042,0.002901,-0.087450,-0.031018,0.011195,-0.082698,-0.034126,0.060691,0.090141,0.088736,0.109885,0.093215,0.091857,0.018066,-0.040595,0.088262,0.082614,0.086727,0.109152,0.087935,0.055367,-0.039795,-0.064374,-0.028318,-0.016384,-0.039349,0.006358,0.073994,0.060249,0.063483,0.130566,0.110131,0.082120,0.092707,0.106514,0.065546,0.072161,0.085512,0.038988,-0.019460,-0.064592,-0.145913,-0.095898,0.010928,0.012053,-0.012697,0.022668,0.093422,0.040015,0.052352,-0.129846,0.000000,0.000000,0.000000,0.000000,0.000000,0.000000,0.000000,0.000000,0.000000,0.000000,0.000000,0.000000,0.000000,0.000000,0.000000
0.000000,0.000000,0.000000,0.000000,0.000000,0.000000,0.000000,0.000000,0.000000,0.000000,0.000000,0.000000,0.000000,0.000000,-0.224865,-0.012823,0.099987,0.093261,0.028714,0.143092,0.034642,0.142248,0.096514,0.104872,0.030267,0.116401,0.034266,0.090029,0.062181,0.105763,0.066150,0.107723,0.040410,0.055470,0.086784,0.125898,0.046459,0.014360,-0.007976,-0.051124,-0.028174,-0.020775,-0.081849,-0.067761,0.002677,0.060184,0.068714,0.062524,0.056645,0.074123,0.010770,-0.016125,0.099554,0.072875,0.063066,0.081616,0.076538,0.007031,-0.055027,-0.044533,0.011523,-0.029912,-0.090254,-0.026711,0.045594,0.047139,0.048197,0.076162,0.051570,0.050550,0.066802,0.060106,0.031718,0.079124,0.158525,0.086633,-0.051624,-0.088727,-0.097920,-0.105434,-0.083713,0.001959,0.057489,0.017249,0.047190,0.093097,0.059770,0.083885,-0.210010,0.000000,0.000000,0.000000,0.000000,0.000000,0.000000,0.000000,0.000000,0.000000,0.000000,0.000000,0.000000,0.000000,0.000000
0.000000,0.000000,0.000000,0.000000,0.000000,0.000000,0.000000,0.000000,0.000000,0.000000,0.000000,0.000000,0.000000,-0.376467,0.017943,0.032532,0.042822,0.042482,0.049204,0.068107,0.115666,-0.011809,0.099723,0.066391,0.080639,0.072210,0.108288,0.096065,0.077380,0.026407,0.088148,0.098873,0.100156,0.067213,0.081421,0.069078,0.038590,-0.007280,-0.078613,-0.113253,-0.081853,-0.072375,-0.092649,-0.060370,0.016669,0.090395,0.075128,0.076443,0.076248,0.075163,0.002256,-0.014972,0.075188,0.064149,0.072151,0.066942,0.084979,0.010259,-0.102577,-0.069451,-0.025555,-0.086134,-0.109120,-0.039312,0.044081,0.112516,0.083280,0.070511,0.077333,0.087422,0.104272,0.080088,0.117816,0.096608,0.049660,0.062038,0.011967,0.012423,-0.035890,-0.085661,-0.144918,-0.122011,-0.014318,0.043675,0.123681,0.045082,0.074576,0.058941,0.345946,-0.687094,0.000000,0.000000,0.000000,0.000000,0.000000,0.000000,0.000000,0.000000,0.000000,0.000000,0.000000,0.000000,0.000000
0.000000,0.000000,0.000000,0.000000,0.000000,0.000000,0.000000,0.000000,0.000000,0.000000,0.000000,0.000000,-0.378815,0.018986,0.017174,0.050764,0.066531,0.088795,0.075510,0.114251,0.064575,0.112003,0.080883,0.084386,0.058335,0.094384,0.050812,0.069915,0.097090,0.082325,0.047084,0.082934,0.069885,0.067845,0.095068,0.096344,0.038574,0.013613,-0.045485,-0.106754,-0.112164,-0.081571,-0.079078,-0.018589,0.059260,0.082736,0.064401,0.092705,0.084036,0.081815,-0.002323,-0.021866,0.077880,0.076615,0.095961,0.058115,0.066273,0.011722,-0.080766,-0.120886,-0.089396,-0.097321,-0.109787,-0.011736,0.050848,0.095660,0.103093,0.081793,0.082130,0.072577,0.083492,0.034090,0.059744,0.134978,0.049945,0.007701,0.085616,0.139165,0.044109,-0.020951,-0.092751,-0.053987,0.025128,0.068492,0.054518,0.128548,-0.064398,0.182697,-0.131775,0.172370,-0.158054,0.000000,0.000000,0.000000,0.000000,0.000000,0.000000,0.000000,0.000000,0.000000,0.000000,0.000000,0.000000
0.000000,0.000000,0.000000,0.000000,0.000000,0.000000,0.000000,0.000000,0.000000,0.000000,0.000000,-1.754602,0.409732,-0.124237,0.126548,-0.004360,0.115112,0.052954,0.084937,0.009914,0.108657,0.057705,0.113267,0.034852,0.095558,0.084074,0.073254,0.051450,0.095198,0.095180,0.090712,0.060359,0.093473,0.074104,0.065962,0.073142,0.078978,0.050453,0.038216,0.011577,-0.016932,-0.006878,0.035603,0.077253,0.082588,0.074105,0.063013,0.089459,0.060119,0.085114,0.026628,0.010869,0.091613,0.057023,0.086594,0.079233,0.079544,0.052132,-0.006279,-0.043278,-0.037373,-0.022968,-0.023464,0.069058,0.076033,0.058007,0.062168,0.052335,0.081021,0.070191,0.078515,0.070248,0.106988,0.083199,0.014592,0.077830,0.128450,0.111138,0.112975,-0.010174,0.039339,0.031803,0.114332,0.013709,0.128491,0.019392,0.137220,-0.027645,0.194732,0.122899,0.107750,-0.373430,0.000000,0.000000,0.000000,0.000000,0.000000,0.000000,0.000000,0.000000,0.000000,0.000000,0.000000
0.000000,0.000000,0.000000,0.000000,0.000000,0.000000,0.000000,0.000000,0.000000,0.000000,0.000000,0.349350,0.328677,-0.024351,0.105358,0.009207,0.105024,0.087957,0.099039,0.069454,0.069519,0.076393,0.078742,0.051730,0.079957,0.108385,0.068348,0.069132,0.069784,0.062654,0.058025,0.076799,0.077030,0.082987,0.085383,0.084853,0.094201,0.080603,0.075725,0.074786,0.061074,0.076296,0.075064,0.081534,0.076305,0.069046,0.075203,0.076090,0.063208,0.098280,0.051588,0.041799,0.092585,0.057915,0.080522,0.073842,0.091952,0.073014,0.058740,0.045777,0.026023,0.052680,0.052050,0.096053,0.091663,0.069205,0.102850,0.092528,0.095380,0.061491,0.081342,0.094718,0.076106,0.067823,0.047585,0.097455,0.104319,0.056370,0.070428,0.059922,0.062366,0.076861,0.086035,0.079611,0.066109,0.122017,0.046302,0.132470,0.032783,-0.010503,0.070499,-0.150745,0.000000,0.000000,0.000000,0.000000,0.000000,0.000000,0.000000,0.000000,0.000000,0.000000,0.000000
0.000000,0.000000,0.000000,0.000000,0.000000,0.000000,0.000000,0.000000,0.000000,0.000000,-0.405783,0.162676,0.046301,-0.066634,0.014501,0.112981,0.030026,0.067768,0.100029,0.091292,0.096348,0.059606,0.088917,0.076397,0.071326,0.075241,0.078045,0.088882,0.069572,0.076844,0.085258,0.084837,0.072902,0.075731,0.064379,0.073931,0.078832,0.063502,0.079981,0.089825,0.081559,0.089071,0.074904,0.074887,0.084053,0.085656,0.079952,0.072829,0.070364,0.107175,0.074224,0.076230,0.109839,0.071147,0.083250,0.070230,0.076024,0.081997,0.079509,0.079821,0.074311,0.094947,0.064466,0.079356,0.076725,0.061511,0.081907,0.058610,0.071616,0.079301,0.077987,0.076413,0.077609,0.067190,0.046479,0.147921,0.094619,0.063554,0.034754,0.114167,0.069013,0.073063,0.062196,0.055614,0.101196,0.028868,0.073658,0.094576,-0.001461,0.084259,-0.017950,0.061429,0.008621,0.000000,0.000000,0.000000,0.000000,0.000000,0.000000,0.000000,0.000000,0.000000,0.000000
0.000000,0.000000,0.000000,0.000000,0.000000,0.000000,0.000000,0.000000,0.000000,-1.072820,0.352604,0.033872,-0.040049,-0.149899,0.159866,0.096432,0.026962,0.057595,0.045805,0.073445,0.064686,0.098989,0.096591,0.077127,0.072159,0.071827,0.064395,0.070612,0.082062,0.083849,0.076966,0.072477,0.057683,0.084863,0.091089,0.082943,0.079612,0.069628,0.088620,0.080429,0.069411,0.082082,0.077440,0.079658,0.064284,0.074024,0.076841,0.077796,0.073809,0.093462,0.060524,0.063942,0.108883,0.060545,0.085579,0.081505,0.082317,0.079563,0.071535,0.078126,0.069721,0.091268,0.068395,0.084504,0.092615,0.062964,0.081997,0.068815,0.086285,0.077856,0.082631,0.061488,0.071983,0.089167,0.108707,0.043661,0.048976,0.033205,0.088641,0.067812,0.112433,0.057538,0.089882,0.060002,0.139277,0.038613,0.087147,0.051525,0.211280,-0.026595,0.229919,-0.133997,0.469428,-1.990882,0.000000,0.000000,0.000000,0.000000,0.000000,0.000000,0.000000,0.000000,0.000000
0.000000,0.000000,0.000000,0.000000,0.000000,0.000000,0.000000,0.000000,0.000000,0.500511,0.223428,0.014175,-0.055852,-0.091737,0.025874,0.046213,0.098429,0.138283,0.094065,0.033577,0.066120,0.043326,0.075350,0.053871,0.079756,0.102558,0.063695,0.097984,0.065436,0.090374,0.058404,0.081323,0.087064,0.082769,0.061225,0.062841,0.074328,0.074615,0.094205,0.075683,0.069443,0.080940,0.082294,0.081291,0.072171,0.080894,0.078148,0.075764,0.065983,0.084067,0.017176,0.006619,0.095709,0.061254,0.070596,0.077751,0.080666,0.080006,0.074016,0.086199,0.072528,0.088868,0.063412,0.075087,0.092039,0.074170,0.087612,0.069712,0.067013,0.069111,0.082018,0.069991,0.080002,0.074977,0.073466,0.064485,0.094241,0.098110,0.110602,0.066876,0.077889,0.060576,0.105646,0.043926,0.102552,0.023847,0.149563,0.027585,0.067419,0.001997,0.119614,-0.003260,0.329492,0.370699,0.000000,0.000000,0.000000,0.000000,0.000000,0.000000,0.000000,0.000000,0.000000
0.000000,0.000000,0.000000,0.000000,0.000000,0.000000,0.000000,0.000000,-1.517360,0.380093,-0.061042,0.116629,-0.082588,-0.008436,-0.097607,0.039021,0.121646,0.096425,0.101262,0.060719,0.016511,0.036874,0.032026,0.056419,0.055760,0.091779,0.043878,0.077223,0.093136,0.080158,0.062540,0.081930,0.079291,0.070736,0.078289,0.076545,0.083050,0.072526,0.084187,0.069420,0.083224,0.078876,0.067494,0.080640,0.082617,0.078791,0.067417,0.077190,0.073320,0.093254,0.011149,-0.013610,0.100454,0.079839,0.080261,0.069282,0.063693,0.074707,0.075838,0.086113,0.070016,0.092731,0.075185,0.068821,0.078248,0.068962,0.077020,0.087816,0.078039,0.078804,0.063442,0.092634,0.057042,0.090943,0.075252,0.087590,0.056346,0.093557,0.049420,0.077872,0.049816,0.092964,0.077710,0.094069,0.010543,0.134997,0.059735,0.138969,0.033325,0.140175,0.015381,0.064564,-0.095795,0.331573,-0.639960,0.000000,0.000000,0.000000,0.000000,0.000000,0.000000,0.000000,0.000000
0.000000,0.000000,0.000000,0.000000,0.000000,0.000000,0.000000,0.000000,0.399686,0.428016,-0.125525,-0.025825,0.055907,0.053396,-0.073208,-0.053057,-0.036657,-0.088476,0.000395,0.058450,-0.008768,-0.015811,-0.033491,0.023930,0.044879,0.094995,0.081403,0.086956,0.070918,0.060202,0.076771,0.078572,0.071210,0.056344,0.087139,0.080094,0.079337,0.065989,0.079541,0.073037,0.084837,0.078256,0.076062,0.076108,0.077347,0.080216,0.080617,0.084819,0.082115,0.106172,0.038921,0.021523,0.106571,0.091501,0.091038,0.089427,0.082825,0.082332,0.071067,0.072394,0.062942,0.088742,0.082286,0.082337,0.081508,0.077231,0.072709,0.078436,0.072493,0.083073,0.068650,0.088029,0.072180,0.077971,0.066981,0.101345,0.075360,0.075381,0.062721,0.106605,0.095807,0.071103,0.078153,0.063132,0.100572,0.059084,0.111333,0.016468,0.070643,0.084353,0.154930,-0.004096,-0.162984,0.214866,-0.095159,0.000000,0.000000,0.000000,0.000000,0.000000,0.000000,0.000000,0.000000
0.000000,0.000000,0.000000,0.000000,0.000000,0.000000,0.000000,-0.419237,0.188326,0.015731,0.067322,0.013517,0.250425,-0.092406,0.025876,0.023855,-0.093745,-0.096731,-0.043993,-0.031942,-0.062443,-0.051280,-0.100067,-0.051683,0.067618,0.088184,0.072068,0.061015,0.080539,0.072165,0.096180,0.079548,0.075056,0.085395,0.096238,0.064414,0.070588,0.074972,0.086228,0.074898,0.075684,0.064572,0.080845,0.089976,0.078472,0.079608,0.071689,0.057359,0.041085,0.060621,0.017290,0.008293,0.069699,0.041143,0.060065,0.079180,0.079597,0.078044,0.071524,0.090245,0.078465,0.072361,0.073532,0.070370,0.077076,0.076107,0.089698,0.071989,0.090565,0.079141,0.081591,0.063897,0.086267,0.073033,0.095564,0.065303,0.085819,0.072936,0.078326,0.081169,0.074263,0.058064,0.047646,0.101073,0.091516,0.114293,0.004755,0.077836,0.109631,-0.035999,0.123761,-0.032396,-0.029779,-0.082327,0.186014,-0.656922,0.000000,0.000000,0.000000,0.000000,0.000000,0.000000,0.000000
0.000000,0.000000,0.000000,0.000000,0.000000,0.000000,0.000000,-0.148488,0.138216,-0.031583,-0.023269,0.102513,0.072413,0.003572,0.101473,0.113608,-0.019323,-0.049105,-0.062915,-0.109791,-0.090909,-0.043740,-0.100341,-0.048140,0.081693,0.083586,0.079746,0.078696,0.067501,0.075588,0.090576,0.067927,0.072981,0.070940,0.070074,0.061558,0.087596,0.083795,0.074084,0.067973,0.076343,0.071012,0.076552,0.078486,0.077495,0.065675,0.035683,0.020705,0.015167,0.049505,0.015912,0.005165,0.062145,0.022085,0.020844,0.039295,0.056871,0.076330,0.075935,0.080034,0.073432,0.078721,0.080517,0.075692,0.071170,0.073770,0.081000,0.073553,0.074214,0.081065,0.083133,0.073872,0.085844,0.076501,0.072829,0.072316,0.082442,0.084898,0.080704,0.067659,0.071490,0.101729,0.075944,0.084346,0.081236,0.031766,0.094440,0.111360,0.216380,0.001021,-0.024653,-0.079479,-0.068538,-0.087083,0.140369,0.077334,0.000000,0.000000,0.000000,0.000000,0.000000,0.000000,0.000000
0.000000,0.000000,0.000000,0.000000,0.000000,0.000000,-1.057990,0.256949,-0.013977,-0.008012,0.028503,0.048404,-0.047153,0.081670,0.091875,0.108919,0.052203,0.001291,-0.008070,-0.041045,-0.065159,-0.046271,-0.077016,-0.029711,0.067020,0.075357,0.055586,0.064601,0.096684,0.070209,0.069437,0.060020,0.082028,0.087300,0.080846,0.083029,0.091041,0.067723,0.064231,0.074970,0.081479,0.080671,0.079321,0.072209,0.065210,0.036794,-0.000356,0.006427,0.033208,0.078115,0.036892,0.014715,0.083758,0.053068,0.019760,0.008517,0.020987,0.056856,0.067684,0.072146,0.077801,0.082907,0.075767,0.081362,0.074819,0.073789,0.072537,0.085663,0.073829,0.078214,0.074751,0.077953,0.066859,0.085196,0.091301,0.076915,0.068788,0.075086,0.077911,0.066569,0.076863,0.111568,0.067316,0.082195,0.038438,0.091573,0.072297,0.080913,0.073877,-0.006118,-0.137160,-0.046273,-0.167097,0.058101,-0.091256,0.415618,-1.288629,0.000000,0.000000,0.000000,0.000000,0.000000,0.000000
0.000000,0.000000,0.000000,0.000000,0.000000,0.000000,0.021170,0.141194,0.082232,-0.127229,-0.110455,-0.035095,-0.078873,0.040142,0.060872,0.075023,0.088027,0.087165,0.066372,0.010389,-0.059085,-0.103012,-0.118480,-0.051552,0.032858,0.067321,0.095393,0.095569,0.064878,0.070339,0.087084,0.081435,0.090178,0.070041,0.065752,0.075086,0.072767,0.063120,0.084014,0.089042,0.076601,0.071101,0.073285,0.083962,0.070786,0.013496,-0.045745,-0.019684,0.047510,0.088634,0.014811,-0.030670,0.065592,0.076340,0.021226,-0.036358,-0.026949,0.034919,0.079499,0.089412,0.079266,0.071690,0.071589,0.077250,0.079518,0.081576,0.076350,0.081782,0.077722,0.077238,0.079651,0.082265,0.074713,0.068263,0.071710,0.075849,0.079525,0.075628,0.086409,0.077622,0.081997,0.074759,0.039075,0.083918,0.078947,0.107511,0.161671,0.011140,0.015026,-0.070577,-0.153912,-0.126947,-0.108286,-0.049223,-0.029611,0.305792,0.058392,0.000000,0.000000,0.000000,0.000000,0.000000,0.000000
0.000000,0.000000,0.000000,0.000000,0.000000,-0.461785,0.102029,-0.037493,-0.057972,-0.050743,-0.111928,-0.085419,-0.084222,-0.049870,-0.039506,0.029961,0.049459,0.075435,0.036166,0.008157,-0.027407,-0.114938,-0.139208,-0.057235,0.071804,0.078145,0.066101,0.068385,0.086237,0.081818,0.076983,0.074227,0.077126,0.069062,0.075248,0.078580,0.074370,0.079926,0.087169,0.072358,0.070374,0.081842,0.078999,0.078547,0.064283,0.011431,-0.059729,-0.050451,0.028210,0.079930,0.001918,-0.054417,0.046304,0.073214,0.002159,-0.064533,-0.042291,0.027520,0.072626,0.074349,0.073411,0.083801,0.081780,0.071663,0.074779,0.083696,0.072894,0.075961,0.080305,0.080228,0.072681,0.081226,0.077293,0.083416,0.072758,0.072231,0.076038,0.092850,0.070143,0.072479,0.074336,0.076121,0.073874,0.114616,0.082511,0.075069,0.034450,0.034293,0.016009,0.007568,-0.109590,-0.179517,-0.026534,-0.044583,-0.021553,-0.070556,0.229606,-0.825026,0.000000,0.000000,0.000000,0.000000,0.000000
0.000000,0.000000,0.000000,0.000000,0.000000,0.209279,0.160059,0.007476,-0.047452,0.018070,0.060958,-0.034480,-0.069589,-0.070201,-0.088219,0.029236,0.034718,0.124837,0.059997,-0.000864,0.011736,-0.066717,-0.087233,0.027821,0.102358,0.063947,0.074682,0.078727,0.065558,0.079206,0.071852,0.071768,0.081252,0.075827,0.086520,0.082642,0.077213,0.079271,0.070039,0.062999,0.074648,0.084706,0.074155,0.071979,0.065765,0.035110,-0.038149,-0.061959,-0.006730,0.055392,0.014275,-0.032929,0.042386,0.047313,-0.023310,-0.067563,-0.016873,0.048753,0.074230,0.073543,0.075753,0.072449,0.075701,0.073295,0.076181,0.079397,0.082023,0.077889,0.081664,0.077358,0.082238,0.070501,0.080651,0.071871,0.083931,0.070511,0.071932,0.078041,0.071385,0.073011,0.068988,0.091496,0.065515,0.091468,0.070822,0.042525,0.029904,0.061971,0.118116,0.060504,-0.026605,-0.091864,-0.010613,0.100636,-0.137049,-0.068201,0.177678,0.065744,0.000000,0.000000,0.000000,0.000000,0.000000
0.000000,0.000000,0.000000,0.000000,-1.956986,0.533240,-0.018092,0.031622,0.043500,0.127635,0.055722,0.066184,-0.015167,-0.069916,-0.142800,-0.040015,-0.021268,0.113195,0.111418,0.043011,0.058315,0.017886,0.045289,0.088228,0.089342,0.069992,0.084856,0.071128,0.092218,0.084631,0.071528,0.076595,0.082730,0.078918,0.081689,0.069745,0.071802,0.077977,0.075742,0.084299,0.089658,0.076145,0.067603,0.083839,0.086722,0.072691,0.013583,-0.037964,-0.041019,-0.017576,-0.044456,-0.083346,-0.035420,-0.026445,-0.045571,-0.032775,0.030242,0.074974,0.089172,0.088703,0.082610,0.075043,0.080570,0.082567,0.075529,0.073141,0.077602,0.074132,0.077365,0.074035,0.083641,0.075608,0.075833,0.061301,0.099739,0.083982,0.077374,0.069089,0.090886,0.075827,0.085826,0.072698,0.067493,0.049957,0.035088,0.102292,0.076086,0.141951,0.127070,0.075508,0.045970,0.007214,0.029051,0.031953,-0.109415,0.007423,-0.030373,0.224503,-0.980777,0.000000,0.000000,0.000000,0.000000
0.000000,0.000000,0.000000,0.000000,0.368938,0.314969,-0.064983,-0.028481,0.118110,0.064536,0.015178,0.062728,0.010831,-0.062472,-0.154949,-0.046275,0.027303,0.058670,0.087320,0.081709,0.084740,0.056139,0.091823,0.065515,0.073440,0.086952,0.088926,0.078550,0.066585,0.072094,0.075747,0.077176,0.074493,0.070353,0.077165,0.074731,0.081818,0.087180,0.083248,0.083914,0.074175,0.070571,0.082510,0.093294,0.079144,0.072117,0.048590,0.020263,-0.012398,-0.037001,-0.070117,-0.103880,-0.066556,-0.036605,-0.006288,0.022954,0.057534,0.073145,0.074076,0.072782,0.081926,0.079564,0.070697,0.077318,0.077796,0.074834,0.078462,0.079802,0.078179,0.074580,0.076158,0.084634,0.094462,0.051760,0.072727,0.084753,0.075958,0.068781,0.079387,0.064814,0.084783,0.052630,0.111549,0.079002,0.134809,0.110638,0.097066,0.104691,0.036729,0.088369,0.074950,0.101386,0.005696,-0.057974,-0.017921,-0.055127,-0.068391,0.178751,0.056233,0.000000,0.000000,0.000000,0.000000
0.000000,0.000000,0.000000,0.000000,-0.259229,-0.003151,-0.099570,0.126493,0.179551,-0.029450,0.047472,0.052221,-0.023519,0.018194,-0.148805,-0.035773,0.105919,0.066904,0.065156,0.067794,0.070603,0.059768,0.074297,0.073264,0.087306,0.073300,0.071055,0.076887,0.078156,0.073278,0.079978,0.078606,0.075349,0.082386,0.082336,0.070374,0.077217,0.072106,0.066005,0.074550,0.072437,0.082274,0.083183,0.069296,0.056079,0.073836,0.080368,0.074732,0.046513,0.020974,0.005004,-0.017739,0.004793,0.024199,0.053252,0.079764,0.090299,0.079448,0.069981,0.070950,0.077544,0.078434,0.069385,0.077277,0.079536,0.078335,0.077632,0.078500,0.080096,0.079997,0.063035,0.065277,0.094859,0.075439,0.071091,0.078941,0.079195,0.099421,0.067141,0.084449,0.098326,0.065997,0.070402,0.073898,0.105025,0.042375,0.064921,0.027434,0.035531,0.078650,0.064601,0.045922,-0.043146,-0.027853,0.040956,0.071700,-0.061631,-0.020852,-0.080506,0.000000,0.000000,0.000000,0.000000
0.000000,0.000000,0.000000,-0.657928,0.324279,0.033396,0.022579,0.200384,0.015793,0.015047,0.079030,-0.001101,-0.021062,0.022832,-0.129533,-0.063908,0.107513,0.085887,0.091283,0.071420,0.084061,0.070848,0.072881,0.073700,0.078478,0.066377,0.081864,0.092800,0.081238,0.075454,0.077158,0.073909,0.074747,0.073925,0.073539,0.070669,0.077432,0.069970,0.075167,0.093057,0.087462,0.085114,0.071712,0.069187,0.077214,0.089009,0.087579,0.088151,0.077005,0.069454,0.075121,0.063480,0.072612,0.070763,0.080729,0.084407,0.077842,0.072843,0.083026,0.083067,0.074822,0.080796,0.082229,0.082027,0.079817,0.081730,0.081731,0.073141,0.068856,0.089045,0.084001,0.054082,0.081556,0.083431,0.076115,0.068256,0.067995,0.089783,0.049932,0.063853,0.093262,0.046586,0.040762,0.029429,0.028083,0.054871,0.070463,0.059133,0.122223,0.138468,0.067053,-0.029661,-0.024057,-0.032581,0.035346,0.153159,0.040082,0.000427,0.307483,-0.808598,0.000000,0.000000,0.000000
0.000000,0.000000,0.000000,-0.082536,0.036974,-0.046391,0.108336,0.026973,-0.011824,0.101577,0.039086,-0.060031,-0.107356,-0.077676,-0.076049,-0.021453,0.067316,0.087008,0.088727,0.061252,0.087049,0.078803,0.064680,0.065646,0.078606,0.077603,0.076889,0.069080,0.070322,0.069284,0.077229,0.074194,0.082939,0.076770,0.078011,0.081705,0.079382,0.070519,0.081719,0.081852,0.060183,0.060101,0.061182,0.081424,0.094966,0.081648,0.062286,0.069708,0.075888,0.079067,0.088464,0.078364,0.085419,0.081270,0.075552,0.069280,0.070962,0.072837,0.074852,0.077636,0.073923,0.081809,0.080695,0.080082,0.077266,0.078271,0.087463,0.085300,0.059005,0.073592,0.095541,0.066318,0.066431,0.077616,0.084938,0.083154,0.071474,0.097108,0.082187,0.073237,0.068033,0.022675,-0.002440,0.006988,0.084256,0.114398,0.111688,0.104191,0.097851,0.081650,0.024651,-0.001014,0.017795,0.044164,0.007893,0.063519,0.042232,-0.041233,0.161170,0.023391,0.000000,0.000000,0.000000
0.000000,0.000000,0.000000,-0.357254,0.209284,-0.012150,0.125064,0.009347,0.119936,0.142324,-0.013682,-0.018082,-0.127497,-0.106063,-0.013809,0.030932,0.066222,0.068173,0.093930,0.058150,0.086814,0.083360,0.077078,0.075464,0.082947,0.076457,0.073606,0.073224,0.078883,0.079770,0.081653,0.073931,0.077370,0.073328,0.078453,0.074471,0.070582,0.076291,0.081162,0.066387,0.058633,0.087710,0.096602,0.086904,0.068658,0.063432,0.072131,0.085336,0.079459,0.071926,0.079297,0.072337,0.078787,0.073328,0.073598,0.078281,0.082495,0.072232,0.067098,0.077942,0.082099,0.083905,0.079846,0.081493,0.079901,0.070839,0.075880,0.097422,0.077068,0.054815,0.085450,0.086724,0.076467,0.074758,0.074307,0.087162,0.061178,0.074911,0.100878,0.084075,0.056740,-0.019642,-0.061135,0.003506,0.068972,0.073764,0.045396,-0.017470,-0.029017,-0.026849,0.033148,0.039778,0.065297,0.143101,0.082335,0.035697,0.074978,-0.019309,0.159865,-0.374153,0.000000,0.000000,0.000000
0.000000,0.000000,0.000000,-0.170596,-0.059872,-0.020815,0.127800,0.024596,0.172426,0.037154,-0.025769,0.073475,0.019270,0.024281,0.051108,0.068541,0.089630,0.056419,0.099493,0.058415,0.075370,0.069507,0.076621,0.065674,0.068942,0.074663,0.082345,0.079710,0.077555,0.070975,0.079541,0.075514,0.085444,0.076516,0.087568,0.075478,0.072062,0.082337,0.075787,0.061074,0.078640,0.105194,0.082124,0.060984,0.058195,0.072894,0.085678,0.081407,0.068294,0.068211,0.081892,0.076603,0.079510,0.076191,0.074519,0.069404,0.074771,0.082466,0.077462,0.076332,0.069862,0.078921,0.079505,0.077388,0.088233,0.075510,0.051366,0.087975,0.104031,0.064427,0.075313,0.079593,0.077410,0.081888,0.061965,0.085918,0.066603,0.053004,0.070171,0.051534,-0.013766,-0.117284,-0.101043,-0.033203,-0.035296,0.007125,-0.011341,-0.081814,-0.050418,0.013500,0.096433,0.069026,0.014072,0.075564,0.125418,0.032446,0.107031,-0.009425,0.000396,-0.152035,0.000000,0.000000,0.000000
0.000000,0.000000,0.000000,-0.080510,0.120079,0.083904,0.115985,0.066041,0.114907,0.078614,0.074683,0.116141,0.063107,0.103841,0.064586,0.095034,0.085883,0.048156,0.098055,0.074587,0.080463,0.073742,0.077185,0.077623,0.073595,0.082585,0.075047,0.077739,0.071128,0.071155,0.087011,0.075925,0.077869,0.070906,0.077699,0.075684,0.079058,0.082302,0.065908,0.070247,0.091783,0.082813,0.049399,0.061828,0.088946,0.095534,0.082925,0.071295,0.075758,0.079669,0.080283,0.071534,0.075369,0.077429,0.081964,0.074019,0.072439,0.079647,0.078742,0.079399,0.071487,0.079498,0.083987,0.071679,0.090021,0.090078,0.054975,0.069369,0.095292,0.075896,0.076790,0.072034,0.077634,0.087431,0.068587,0.092916,0.095969,0.086030,0.088295,0.064705,-0.034863,-0.102164,-0.045843,-0.019645,-0.021547,0.004687,0.014016,-0.017639,0.022072,0.078454,0.122996,0.061142,-0.001717,0.110098,0.115387,0.021765,0.060203,0.120058,0.071729,-0.046854,0.000000,0.000000,0.000000
0.000000,0.000000,-0.285862,0.032792,-0.019269,0.023299,0.053756,0.049646,0.011352,0.081099,0.088575,0.045017,0.027045,0.115599,0.043497,0.109166,0.076880,0.070923,0.067985,0.097283,0.059840,0.089080,0.063991,0.087988,0.063662,0.087755,0.067320,0.081659,0.083377,0.072100,0.082202,0.075895,0.068952,0.078815,0.082679,0.073919,0.081551,0.082322,0.065234,0.079036,0.082178,0.059962,0.062677,0.098152,0.095121,0.069895,0.060813,0.072344,0.086807,0.082293,0.076827,0.072727,0.078270,0.076064,0.081725,0.080128,0.072185,0.070668,0.073973,0.087562,0.075819,0.073915,0.082260,0.071560,0.075761,0.097948,0.079075,0.067360,0.085041,0.077711,0.076967,0.083548,0.068034,0.082976,0.073341,0.063363,0.067438,0.071566,0.073136,0.046785,-0.042293,-0.080802,-0.027014,0.025013,-0.009281,0.008747,0.043875,0.004180,0.014219,0.102543,0.029387,0.103639,0.037802,0.149356,0.045993,0.055881,0.051052,0.065927,-0.051450,0.094004,-0.357101,0.000000,0.000000
0.000000,0.000000,-0.196625,0.076530,0.103998,0.101992,0.084025,0.126854,0.009716,0.098696,0.078970,0.081927,0.103329,0.145425,0.021310,0.099422,0.068923,0.090648,0.046808,0.102970,0.061883,0.094997,0.071290,0.093692,0.065373,0.092348,0.073814,0.069887,0.080885,0.069024,0.070784,0.081723,0.074648,0.078945,0.081915,0.070471,0.076154,0.080957,0.073302,0.081036,0.070567,0.060650,0.089305,0.100828,0.067163,0.057225,0.075964,0.089841,0.086085,0.074157,0.076622,0.078876,0.081274,0.073064,0.074073,0.081561,0.083033,0.078581,0.068955,0.084088,0.086665,0.070113,0.074187,0.068289,0.066587,0.089670,0.080011,0.067834,0.091702,0.067693,0.071176,0.090780,0.063064,0.083578,0.088188,0.077940,0.079443,0.082484,0.083161,0.046168,-0.031987,-0.103718,-0.079120,-0.043964,-0.048954,-0.026801,0.010244,0.051741,0.013971,0.104266,0.039850,0.139218,0.059053,0.094257,0.000848,0.124449,0.084808,0.103892,0.029652,0.120944,-0.201228,0.000000,0.000000
0.000000,0.000000,-0.132668,0.022335,0.054347,0.068684,0.009702,0.137125,0.085668,0.128792,0.078708,0.086379,0.057355,0.069234,0.006879,0.099878,0.067666,0.092173,0.065757,0.084013,0.072754,0.079451,0.069969,0.084437,0.066075,0.080605,0.078728,0.074206,0.080794,0.078791,0.064564,0.065088,0.063240,0.067291,0.079837,0.077069,0.078239,0.076702,0.077144,0.078260,0.072189,0.076121,0.089112,0.072676,0.055328,0.078642,0.089262,0.080626,0.074330,0.071551,0.076660,0.075689,0.078658,0.073394,0.071554,0.071737,0.074984,0.080549,0.065816,0.072574,0.091556,0.085627,0.078805,0.071190,0.071273,0.084766,0.071955,0.072115,0.096615,0.070673,0.067526,0.087049,0.071647,0.081501,0.080872,0.086086,0.085125,0.076817,0.081398,0.082782,-0.009543,-0.075082,-0.092681,-0.075834,-0.029596,-0.003324,-0.000364,0.083082,0.078893,0.084677,0.021933,0.091045,0.068117,0.128430,0.059813,0.136971,0.046710,0.066141,0.051608,0.066072,-0.148433,0.000000,0.000000
0.000000,0.000000,-0.161626,0.031410,0.019683,0.133818,0.014564,0.090626,0.058749,0.110204,0.047063,0.070955,0.014939,0.091281,0.148173,0.116007,0.042902,0.081844,0.080430,0.076243,0.083215,0.080328,0.070263,0.081172,0.076886,0.084598,0.079835,0.079776,0.067767,0.049563,0.021659,0.000649,-0.000208,0.021478,0.057931,0.073742,0.083212,0.071285,0.075925,0.081939,0.077039,0.085652,0.076864,0.062886,0.074495,0.094740,0.076880,0.062941,0.073053,0.078949,0.078646,0.073217,0.077792,0.081439,0.078335,0.070060,0.069459,0.082728,0.074333,0.062526,0.071301,0.087340,0.088659,0.075915,0.071987,0.081306,0.084118,0.064487,0.068792,0.045388,0.033843,0.055560,0.067773,0.076678,0.069378,0.068249,0.076060,0.060571,0.060170,0.085376,0.053139,-0.003379,-0.017867,0.022103,0.020819,0.038168,0.055399,0.109061,0.121009,0.053993,0.034685,0.107025,0.051035,0.112506,0.040007,0.097512,0.008560,0.093374,0.018457,0.037532,-0.139123,0.000000,0.000000
0.000000,0.000000,-0.182672,0.031856,-0.040361,0.129801,0.071937,0.080240,0.054516,0.090251,0.083421,0.086931,0.047375,0.101508,0.166969,0.002967,-0.001520,0.117972,0.087776,0.063157,0.076068,0.075903,0.078129,0.081829,0.083387,0.079890,0.067995,0.068852,0.047519,0.011520,-0.013184,-0.048079,-0.059532,-0.049511,-0.005404,0.036311,0.075047,0.078331,0.076848,0.086585,0.075545,0.080928,0.073940,0.073415,0.080602,0.077638,0.068305,0.074022,0.082428,0.075312,0.071861,0.072824,0.077360,0.075288,0.076100,0.075530,0.068307,0.076670,0.082974,0.075340,0.066123,0.070119,0.081563,0.081683,0.064805,0.080975,0.093094,0.041527,0.011748,-0.016702,-0.018659,0.016762,0.056110,0.081283,0.082029,0.080744,0.084220,0.103188,0.079521,0.086237,0.095195,0.074005,0.057938,0.100051,0.092337,0.069504,0.067608,0.088134,0.106649,0.034414,0.080682,0.105202,0.070994,0.077410,0.042188,0.099675,0.051043,0.126584,-0.022411,0.014066,-0.185740,0.000000,0.000000
0.000000,0.000000,-0.289563,0.096709,-0.038463,0.018238,0.075539,0.073833,0.054578,0.084596,0.099289,0.074202,0.038163,0.076745,0.126129,0.022838,0.068115,0.162623,0.061597,0.052342,0.085529,0.082080,0.083124,0.075656,0.071375,0.064929,0.067329,0.072528,0.051341,0.011464,0.007026,-0.006194,-0.029916,-0.050843,-0.044534,-0.000990,0.057882,0.086431,0.080395,0.082061,0.078105,0.081650,0.075670,0.080850,0.077939,0.068006,0.076850,0.086447,0.081016,0.072709,0.073745,0.079101,0.080956,0.072482,0.072893,0.082131,0.073113,0.068012,0.078108,0.090602,0.082386,0.066548,0.074670,0.084291,0.070298,0.076556,0.063087,-0.006771,-0.050575,-0.071141,-0.053360,-0.011031,0.039950,0.065853,0.082734,0.067661,0.052850,0.073352,0.068360,0.053803,0.055656,0.078171,0.065475,0.080980,0.092155,0.082761,0.066850,0.083801,0.109219,0.046700,0.062938,0.076089,0.081240,0.082563,0.080893,0.094117,0.087110,0.056961,-0.040683,0.095198,-0.256536,0.000000,0.000000
0.000000,0.000000,-0.292545,0.042688,0.092381,0.038627,0.100737,0.106909,0.077620,0.073768,0.083409,0.079051,0.045798,0.094297,0.104070,0.048109,0.076779,0.098805,0.028447,0.075875,0.099685,0.062712,0.068808,0.073203,0.081761,0.074393,0.080691,0.092343,0.065837,0.032756,0.054517,0.073910,0.056230,0.021695,-0.026608,-0.029925,0.024049,0.069422,0.075213,0.072161,0.081553,0.084704,0.076160,0.078765,0.078871,0.077769,0.081683,0.079692,0.073393,0.075921,0.077987,0.073785,0.075045,0.072956,0.068526,0.079715,0.084985,0.072025,0.069915,0.080049,0.084085,0.079950,0.071491,0.079135,0.084915,0.070602,0.021451,-0.033232,-0.042139,-0.032228,-0.013913,0.007875,0.028696,0.062893,0.100333,0.091630,0.075006,0.088300,0.098178,0.100262,0.080952,0.083335,0.074360,0.074100,0.075302,0.074863,0.066579,0.088739,0.110292,0.072748,0.054936,0.049339,0.015104,0.021205,0.025367,0.053875,0.045205,0.028848,0.053678,0.036132,-0.347518,0.000000,0.000000
0.000000,0.000000,-0.336665,-0.116693,0.029734,0.047523,0.036929,0.053409,0.045321,0.038089,0.045958,0.077627,0.067671,0.091941,0.084913,0.054966,0.085502,0.082037,0.065577,0.095932,0.072723,0.041470,0.048575,0.078100,0.105532,0.092394,0.082218,0.091840,0.062817,0.042956,0.071218,0.082430,0.068684,0.056680,-0.002781,-0.048883,-0.001364,0.062867,0.082738,0.076757,0.082574,0.078914,0.075931,0.077772,0.076844,0.080899,0.076759,0.073790,0.072420,0.079875,0.080344,0.073544,0.078959,0.080046,0.070258,0.076923,0.085364,0.082919,0.078198,0.067335,0.073749,0.084128,0.069518,0.071324,0.081950,0.053320,-0.015321,-0.038974,0.010889,0.048242,0.052779,0.037030,0.015948,0.027414,0.079555,0.080525,0.059969,0.061657,0.067547,0.087391,0.081274,0.069195,0.059591,0.070335,0.079532,0.072006,0.056465,0.026517,0.029937,0.011472,-0.022907,-0.054032,-0.073634,-0.067066,-0.066718,-0.056638,-0.046435,-0.024432,-0.042043,-0.089669,-0.377927,0.000000,0.000000
0.000000,0.000000,0.089868,-0.107758,-0.087212,-0.053173,-0.024970,-0.061347,-0.046603,-0.012106,-0.009022,0.042919,0.041959,0.036746,0.030483,0.016721,0.011102,-0.015054,-0.004285,0.015746,-0.013080,-0.022545,-0.030845,0.009585,0.058173,0.023423,-0.008312,0.002803,-0.002996,-0.006555,0.019318,-0.001293,-0.024766,-0.004092,-0.036881,-0.086142,-0.031639,0.053177,0.082664,0.080023,0.082516,0.074628,0.079577,0.082056,0.075843,0.075277,0.071762,0.072633,0.075453,0.078540,0.075058,0.076094,0.077379,0.076443,0.073391,0.074126,0.072774,0.077904,0.084088,0.075799,0.077480,0.079507,0.081432,0.080857,0.079893,0.044386,-0.036747,-0.044078,0.032613,0.077300,0.074300,0.083917,0.064790,0.053348,0.094677,0.095071,0.069471,0.069006,0.056894,0.055726,0.079560,0.104390,0.084254,0.085834,0.080036,0.054868,0.028334,-0.001484,-0.013798,-0.029403,-0.053560,-0.071576,-0.079988,-0.073928,-0.075447,-0.070304,-0.063666,-0.061418,-0.069401,-0.084256,0.033451,0.000000,0.000000
0.000000,-1.781462,0.828769,-0.235989,0.050326,-0.099014,-0.058582,-0.065222,-0.072281,-0.056766,-0.053499,-0.042956,-0.054875,-0.056009,-0.060061,-0.050376,-0.037169,-0.034340,0.010230,0.034358,0.026634,0.028350,0.003314,0.042306,0.096164,0.060271,0.027568,0.036287,0.024750,0.018006,0.034236,-0.000682,-0.036108,-0.015975,-0.050437,-0.101556,-0.045807,0.043834,0.074613,0.073407,0.080123,0.073455,0.076644,0.080330,0.074644,0.071622,0.070835,0.074121,0.075804,0.079170,0.077422,0.081974,0.075814,0.070402,0.076267,0.077928,0.072703,0.073319,0.077188,0.080749,0.074211,0.064178,0.081159,0.079787,0.068927,0.028806,-0.066944,-0.089668,-0.025752,-0.001404,-0.008006,0.048575,0.075055,0.065975,0.104311,0.113162,0.103784,0.128208,0.118777,0.074625,0.085981,0.105451,0.055654,0.013338,-0.015204,-0.050892,-0.074928,-0.089691,-0.080116,-0.080051,-0.084230,-0.061294,-0.049833,-0.047689,-0.049446,-0.037113,-0.050302,-0.088694,-0.017502,-0.226070,0.480479,-1.175006,0.000000
0.000000,0.000000,0.240191,-0.070703,-0.096913,-0.074074,-0.064691,-0.071677,-0.073322,-0.063907,-0.076274,-0.055396,-0.050529,-0.025239,0.009551,0.045240,0.076051,0.074214,0.091398,0.097192,0.096667,0.096646,0.072399,0.093983,0.113951,0.105475,0.114912,0.118237,0.086220,0.063027,0.086829,0.085167,0.064340,0.056572,-0.002713,-0.060640,-0.013544,0.060071,0.085574,0.074443,0.078847,0.078711,0.074987,0.076416,0.076689,0.075199,0.077388,0.077590,0.075136,0.078156,0.075103,0.079037,0.074853,0.071400,0.074165,0.078611,0.080942,0.078720,0.074923,0.076893,0.077127,0.073097,0.085526,0.078678,0.077246,0.041973,-0.054261,-0.087980,-0.039254,-0.021743,-0.046524,-0.009270,0.002080,-0.012993,0.005797,0.019091,0.020411,0.048652,0.030110,-0.026101,-0.012090,0.011395,-0.029609,-0.063568,-0.060018,-0.040634,-0.037179,-0.040761,-0.037927,-0.030610,-0.028535,-0.006180,0.013821,0.047054,0.046679,0.025822,0.030705,-0.002440,-0.051288,-0.118851,-0.066024,0.000000,0.000000
0.000000,0.000000,-0.375533,-0.105423,-0.073043,-0.026736,-0.059193,-0.081775,-0.063898,-0.057342,-0.036610,-0.005970,0.009879,0.042906,0.053971,0.056669,0.081196,0.082963,0.060412,0.063638,0.079146,0.064891,0.058833,0.066863,0.053243,0.052898,0.066676,0.081124,0.048502,0.017357,0.040826,0.066059,0.060467,0.037447,-0.013889,-0.037278,0.012763,0.062791,0.083622,0.070118,0.069089,0.081803,0.078850,0.075994,0.080485,0.077426,0.080662,0.079781,0.078038,0.082802,0.078041,0.078751,0.075279,0.080535,0.076024,0.075497,0.081474,0.076113,0.072525,0.074030,0.079997,0.080716,0.073489,0.066583,0.085095,0.057214,-0.017867,-0.045022,0.000482,0.047267,0.051196,0.055764,0.020654,-0.001415,0.010061,0.016970,0.021298,0.043805,0.016624,-0.036777,-0.016903,0.021200,0.030551,0.021088,0.029443,0.052929,0.049892,0.042565,0.042636,0.037227,0.055193,0.080816,0.084738,0.097169,0.109029,0.087619,0.049497,0.057173,0.040290,-0.073366,-0.338698,0.000000,0.000000
0.000000,0.000000,-0.350014,0.009723,0.061760,0.022564,-0.025595,0.008770,-0.012828,-0.008552,0.030071,0.059576,0.071831,0.093418,0.103757,0.061186,0.064520,0.099807,0.067786,0.073210,0.092879,0.084541,0.093726,0.096531,0.082571,0.081520,0.077250,0.083904,0.064204,0.015339,0.006654,-0.002696,-0.025247,-0.041898,-0.046497,-0.012635,0.047209,0.069780,0.077634,0.074185,0.066483,0.077125,0.080348,0.077407,0.084887,0.078773,0.078310,0.075488,0.074763,0.081315,0.075782,0.074876,0.074858,0.082478,0.077684,0.077707,0.078615,0.069621,0.075163,0.079120,0.076867,0.071980,0.065770,0.073831,0.084859,0.063626,0.012865,-0.026665,-0.018297,0.038298,0.083820,0.109794,0.067179,0.054030,0.071904,0.085005,0.077980,0.086409,0.075876,0.037876,0.044544,0.050756,0.083735,0.067250,0.052117,0.081651,0.063412,0.077886,0.094403,0.071017,0.062902,0.098532,0.076706,0.057315,0.059363,0.050247,0.049260,-0.005963,0.024143,0.031559,-0.259356,0.000000,0.000000
0.000000,0.000000,-0.253327,0.111441,-0.044308,0.047241,0.063071,0.090785,0.055348,0.074981,0.078529,0.064615,0.068447,0.074782,0.117710,0.041783,0.052197,0.094806,0.073390,0.076351,0.069773,0.060879,0.074436,0.078434,0.074810,0.083397,0.066336,0.076763,0.066467,0.023864,-0.005602,-0.045215,-0.065186,-0.055864,-0.022199,0.025895,0.081247,0.083426,0.068432,0.082513,0.074926,0.071492,0.077237,0.076549,0.083846,0.078942,0.080546,0.078505,0.076091,0.080883,0.073874,0.073209,0.073482,0.080365,0.075624,0.081101,0.080514,0.069830,0.080238,0.078094,0.071482,0.071829,0.081089,0.096187,0.076166,0.077069,0.059757,-0.004632,-0.041767,-0.026527,0.004457,0.045506,0.044967,0.047651,0.072900,0.088578,0.085900,0.085120,0.093354,0.059710,0.068807,0.068979,0.092138,0.075877,0.062878,0.120533,0.078305,0.068634,0.087112,0.061173,0.071244,0.083194,0.080771,0.061169,0.082500,0.079710,0.106183,0.077130,-0.026189,0.071565,-0.277435,0.000000,0.000000
0.000000,0.000000,-0.150595,-0.021891,-0.008287,0.162191,0.080845,0.104323,0.043230,0.105166,0.063058,0.085594,0.051492,0.084117,0.134577,0.068193,0.077554,0.083686,0.074148,0.080873,0.082647,0.079462,0.078721,0.073853,0.077764,0.089679,0.072601,0.082726,0.074993,0.053178,0.028662,-0.009112,-0.014619,0.010028,0.047010,0.054201,0.089371,0.086781,0.062526,0.080380,0.080855,0.078197,0.082501,0.076006,0.075409,0.069753,0.075606,0.075891,0.070783,0.074218,0.072726,0.073988,0.074410,0.079696,0.074661,0.080696,0.078734,0.073152,0.079370,0.072092,0.072279,0.082564,0.079907,0.080880,0.055014,0.081109,0.092308,0.022394,-0.005873,-0.036265,-0.062353,-0.043477,-0.018412,0.005445,0.034464,0.060745,0.054382,0.072743,0.087472,0.064175,0.080481,0.081425,0.072147,0.068882,0.060212,0.106436,0.046136,0.036517,0.106382,0.078096,0.087407,0.072383,0.073212,0.084219,0.084716,0.075824,0.076850,0.169756,-0.049986,0.011464,-0.165280,0.000000,0.000000
0.000000,0.000000,-0.130427,-0.011842,0.035139,0.125058,0.007791,0.064314,0.032864,0.106660,0.059668,0.080555,0.025204,0.091297,0.083328,0.064236,0.087354,0.097724,0.069003,0.073005,0.077366,0.082867,0.074247,0.081905,0.075118,0.078638,0.077875,0.086416,0.076589,0.077503,0.072367,0.068152,0.054226,0.066163,0.092426,0.067356,0.072253,0.084757,0.067230,0.066916,0.074728,0.077207,0.084261,0.080784,0.083268,0.075624,0.071944,0.076813,0.074242,0.070437,0.068926,0.073054,0.074304,0.080601,0.078387,0.082597,0.074937,0.079241,0.081134,0.075855,0.084914,0.085048,0.068590,0.066727,0.072676,0.090538,0.089953,0.050012,0.071031,0.025480,-0.029869,-0.017595,-0.013804,0.003882,0.027247,0.055925,0.051769,0.073309,0.084547,0.071214,0.089248,0.080135,0.058071,0.077238,0.097063,0.091762,0.038313,0.065752,0.136535,0.094024,0.036926,0.052281,0.065072,0.116152,0.057250,0.069589,-0.017362,0.154599,-0.043121,-0.021017,-0.172814,0.000000,0.000000
0.000000,0.000000,-0.131151,0.004515,0.048115,-0.002269,-0.004494,0.121995,0.077213,0.121879,0.085009,0.074619,0.029565,0.131955,0.056020,0.027430,0.008869,0.063304,0.044431,0.073142,0.072039,0.076550,0.070846,0.081194,0.077241,0.075079,0.078481,0.072483,0.079240,0.073408,0.065207,0.090976,0.075786,0.065536,0.095487,0.072770,0.059283,0.089078,0.080582,0.071206,0.078970,0.072860,0.072689,0.069163,0.078948,0.077800,0.070465,0.074560,0.078125,0.077802,0.076491,0.077368,0.076713,0.081388,0.077931,0.076737,0.068817,0.082389,0.081044,0.075076,0.085213,0.070338,0.067285,0.073620,0.087544,0.088682,0.061158,0.064938,0.113178,0.070315,0.039619,0.073168,0.047527,0.047224,0.054830,0.073603,0.064183,0.087864,0.078162,0.068898,0.081737,0.078109,0.070502,0.085593,0.079393,0.077731,0.044641,0.079356,0.080000,0.091703,0.045939,0.079441,0.094017,0.116120,0.048427,0.151033,-0.004523,0.090351,-0.019846,-0.063172,-0.127023,0.000000,0.000000
0.000000,0.000000,-0.193663,0.094392,0.061238,0.057916,0.115654,0.152416,0.029215,0.068749,0.083362,0.094793,0.061114,0.115507,-0.001917,-0.014306,-0.076992,-0.057037,-0.029513,0.067349,0.070248,0.088513,0.079322,0.081494,0.076924,0.087983,0.079743,0.066420,0.097851,0.086844,0.067301,0.089366,0.079086,0.066150,0.085948,0.077494,0.062611,0.084063,0.076925,0.074001,0.082217,0.079400,0.080011,0.071109,0.076438,0.087359,0.079700,0.069142,0.068109,0.071423,0.073855,0.075995,0.077456,0.078746,0.074884,0.078587,0.076686,0.088480,0.078176,0.071186,0.083023,0.066556,0.083202,0.086434,0.075270,0.083395,0.062882,0.071549,0.104285,0.064772,0.062014,0.104100,0.072449,0.069248,0.083284,0.089371,0.065192,0.089700,0.071940,0.070847,0.089006,0.075520,0.064261,0.091934,0.049993,0.100616,0.075690,0.092545,0.049650,0.114600,0.069956,0.088657,0.053318,0.083140,-0.014741,0.178901,0.051225,0.079929,-0.025162,0.002179,-0.237061,0.000000,0.000000
0.000000,0.000000,-0.306727,0.084516,-0.017302,0.050202,0.119152,0.064624,0.007319,0.106986,0.099571,0.117173,0.008047,0.057011,-0.079786,-0.082720,-0.080264,-0.112058,-0.081927,0.045685,0.080831,0.075676,0.077533,0.080374,0.063472,0.075238,0.083399,0.056545,0.058931,0.079556,0.077314,0.065933,0.079619,0.074572,0.072899,0.080082,0.071334,0.081975,0.076929,0.069608,0.073990,0.075019,0.086120,0.078576,0.070366,0.079225,0.078697,0.077073,0.081232,0.080492,0.076158,0.075712,0.078756,0.078516,0.074085,0.078305,0.078150,0.080698,0.067746,0.071572,0.083659,0.069469,0.083039,0.081028,0.065905,0.084508,0.076713,0.073990,0.083627,0.070972,0.070495,0.085460,0.077248,0.080880,0.067534,0.095739,0.061084,0.084461,0.071782,0.075429,0.077817,0.080440,0.062062,0.093197,0.052018,0.099984,0.069643,0.085427,0.037229,0.110646,0.039464,0.072038,0.074355,0.133297,0.021441,0.117017,0.044545,0.023304,-0.037857,-0.021570,-0.371339,0.000000,0.000000
0.000000,0.000000,0.000000,-0.050373,0.059382,0.092962,0.117636,-0.015014,0.095073,0.144326,0.057495,0.050750,0.059563,0.005569,-0.047475,-0.062159,-0.005357,-0.062852,-0.088979,0.027536,0.085992,0.076172,0.071525,0.099338,0.076952,0.062163,0.112310,0.096158,0.056793,0.083096,0.097643,0.061780,0.079953,0.079151,0.072923,0.081765,0.071664,0.076512,0.081215,0.077496,0.076391,0.071403,0.081897,0.084617,0.073766,0.071866,0.072939,0.072406,0.074358,0.080832,0.079750,0.074136,0.081098,0.082527,0.075695,0.076648,0.073992,0.075367,0.072394,0.081424,0.081599,0.070134,0.080990,0.072776,0.074057,0.084882,0.072100,0.070768,0.086002,0.080468,0.076458,0.058305,0.090129,0.088970,0.049496,0.092760,0.084773,0.067269,0.087854,0.070727,0.080865,0.066618,0.088654,0.074763,0.077380,0.073078,0.076616,0.091439,0.067239,0.097604,0.064861,0.096690,0.064140,0.120147,0.089514,0.046651,0.096161,0.115106,0.042899,-0.138949,0.000000,0.000000,0.000000
0.000000,0.000000,0.000000,-0.108242,0.049991,0.048122,0.127510,-0.010460,0.113500,0.107721,-0.034356,0.054933,0.097432,0.031934,-0.005734,-0.003296,0.031907,-0.087844,-0.088325,0.025436,0.077340,0.087279,0.049835,0.084082,0.096311,0.031211,0.058902,0.091282,0.060018,0.062733,0.095805,0.068511,0.072212,0.071293,0.078452,0.078810,0.071657,0.072961,0.079535,0.078649,0.082261,0.073392,0.071424,0.084409,0.087070,0.082703,0.081670,0.078435,0.069298,0.074527,0.085583,0.080785,0.080121,0.075958,0.073592,0.080812,0.076425,0.076083,0.080262,0.083601,0.068748,0.065328,0.080937,0.074090,0.079288,0.080670,0.069504,0.074801,0.091388,0.074518,0.068990,0.064105,0.099484,0.090974,0.051321,0.097027,0.072920,0.061128,0.092799,0.076813,0.076020,0.071065,0.083407,0.067767,0.090541,0.066753,0.077275,0.088705,0.070996,0.063981,0.083214,0.107805,0.017780,0.010035,0.099833,-0.012689,0.101566,-0.014617,0.049479,-0.234461,0.000000,0.000000,0.000000
0.000000,0.000000,0.000000,-0.360517,0.126612,-0.030966,0.078825,0.014308,0.120605,0.133417,0.034211,0.028379,0.099725,0.089281,0.021802,-0.005308,-0.039052,-0.155885,-0.088397,0.033263,0.063311,0.109675,0.053260,0.049152,0.133707,0.088442,0.055116,0.095928,0.086895,0.059227,0.082456,0.079119,0.074535,0.075483,0.073699,0.075947,0.079401,0.078639,0.073326,0.069529,0.078357,0.075639,0.065164,0.066980,0.069580,0.068495,0.076833,0.087851,0.078334,0.073691,0.080646,0.076407,0.079501,0.076639,0.073358,0.078386,0.074589,0.073486,0.071427,0.075325,0.071246,0.077072,0.084233,0.080025,0.080703,0.077409,0.074977,0.080219,0.075470,0.073111,0.081797,0.074655,0.091384,0.070703,0.067372,0.098399,0.068667,0.069772,0.103826,0.063615,0.072188,0.076302,0.081286,0.061071,0.095456,0.064729,0.080054,0.096264,0.090284,0.074377,0.053801,0.111555,0.082279,0.079799,0.173712,0.065628,0.158047,0.107830,0.136420,-0.237068,0.000000,0.000000,0.000000
0.000000,0.000000,0.000000,-0.113748,0.118595,-0.017606,0.030838,0.065378,0.063561,0.105502,0.047471,0.059245,0.054835,0.023619,-0.010572,-0.034930,-0.076959,-0.128398,-0.059590,0.063522,0.064730,0.101503,0.100713,0.005122,0.077106,0.095799,0.049378,0.071664,0.095484,0.064308,0.068359,0.076747,0.081761,0.078202,0.078826,0.068574,0.074123,0.078007,0.077920,0.072205,0.077463,0.085001,0.084457,0.082116,0.084520,0.074565,0.065371,0.075332,0.079576,0.081013,0.084273,0.075746,0.081454,0.081608,0.075692,0.073121,0.071163,0.080557,0.077336,0.072527,0.074678,0.084787,0.078096,0.071720,0.080657,0.077840,0.081841,0.077950,0.069676,0.075166,0.089953,0.068271,0.069795,0.073178,0.083020,0.088953,0.058337,0.082079,0.084508,0.056729,0.090788,0.087154,0.077558,0.069239,0.090162,0.076344,0.101899,0.072412,0.016765,0.039313,-0.008100,0.004469,0.083130,0.071304,0.081877,0.028266,0.070159,-0.177809,0.024206,-0.053034,0.000000,0.000000,0.000000
0.000000,0.000000,0.000000,-0.672451,0.197244,0.043779,0.033418,0.080700,0.064701,0.016897,0.126826,0.113014,-0.017633,-0.062678,-0.055043,-0.061478,-0.056609,-0.084586,-0.013249,0.125666,0.041492,0.063073,0.146848,0.054756,0.059755,0.103035,0.077012,0.059948,0.087195,0.082020,0.077778,0.081413,0.075170,0.071519,0.083362,0.078626,0.076050,0.068573,0.073168,0.074542,0.066056,0.069241,0.075062,0.076873,0.083552,0.085823,0.082747,0.081206,0.070802,0.061181,0.057390,0.047646,0.057312,0.065748,0.075617,0.082003,0.073385,0.075912,0.079325,0.081683,0.073883,0.075704,0.070481,0.073554,0.081304,0.079522,0.082536,0.073217,0.077483,0.072509,0.084110,0.066324,0.088285,0.080269,0.083044,0.062907,0.074751,0.087005,0.074436,0.056689,0.094816,0.069009,0.067162,0.069759,0.074245,0.052471,0.139695,0.007790,-0.150182,-0.026287,-0.081256,-0.051861,0.093207,0.017882,0.058992,0.041569,0.064519,0.034913,0.184264,-0.617542,0.000000,0.000000,0.000000
0.000000,0.000000,0.000000,0.000000,-0.040052,0.038965,-0.052740,0.053328,0.050124,0.025530,-0.005332,0.027361,-0.047352,-0.081678,-0.052566,-0.023256,-0.031235,-0.017547,-0.005008,0.101876,0.077300,0.001827,0.124227,0.061967,0.066206,0.079360,0.099839,0.062965,0.070305,0.077166,0.079986,0.078721,0.077896,0.062355,0.078913,0.074489,0.078894,0.074185,0.078563,0.082164,0.080077,0.076365,0.074705,0.065356,0.063387,0.082334,0.087402,0.063564,0.027753,-0.005171,-0.027198,-0.033820,-0.003905,0.024431,0.056208,0.083735,0.081459,0.073807,0.066344,0.074068,0.071616,0.071410,0.071639,0.082550,0.077041,0.073496,0.080950,0.074220,0.079781,0.074668,0.068779,0.072801,0.086826,0.072971,0.065435,0.076229,0.093537,0.087580,0.070596,0.085396,0.094941,0.054780,0.081773,0.090603,0.066419,0.038559,0.066234,-0.010432,-0.197266,-0.016944,-0.105314,0.004470,0.105310,0.007592,0.124121,0.102902,0.023562,-0.075981,-0.173647,0.000000,0.000000,0.000000,0.000000
0.000000,0.000000,0.000000,0.000000,-0.037551,0.122548,-0.034752,-0.044187,-0.009970,-0.097378,-0.080646,0.023351,0.018232,0.004829,-0.007211,0.015474,-0.026462,0.068640,0.071755,0.092723,0.109595,0.050031,0.088596,0.081323,0.060161,0.050595,0.101361,0.062789,0.092808,0.080075,0.078720,0.062347,0.092020,0.079875,0.079218,0.072635,0.083590,0.075181,0.067171,0.071872,0.078052,0.078619,0.079450,0.076039,0.073340,0.068075,0.040298,0.003453,-0.025333,-0.059284,-0.090745,-0.088204,-0.048242,-0.032375,-0.007801,0.039876,0.066821,0.079493,0.076454,0.077617,0.074167,0.082080,0.075245,0.081530,0.070656,0.076145,0.086617,0.071873,0.080991,0.074441,0.078919,0.073571,0.087580,0.058342,0.078224,0.082113,0.082627,0.053562,0.063244,0.087808,0.061910,0.074553,0.108785,0.081338,0.075718,0.019358,0.007077,-0.040369,-0.088320,-0.001705,-0.010581,0.061082,0.015311,0.034669,0.132089,0.048154,0.000580,0.229643,0.121059,0.000000,0.000000,0.000000,0.000000
0.000000,0.000000,0.000000,0.000000,-0.825556,0.141353,-0.042541,0.026295,-0.079443,-0.019980,0.023778,0.034268,0.098421,0.046340,0.000493,0.028864,-0.034540,0.101689,0.042176,0.079306,0.073132,0.096809,0.086353,0.081375,0.105206,0.068035,0.094213,0.066216,0.073045,0.082417,0.092526,0.058660,0.082726,0.071789,0.081900,0.063633,0.071324,0.084616,0.081321,0.072517,0.078597,0.071435,0.066836,0.089239,0.097722,0.067613,0.004247,-0.038879,-0.030350,-0.031804,-0.056638,-0.035540,0.008070,-0.025465,-0.046115,0.008122,0.065158,0.085070,0.082501,0.085879,0.074413,0.078865,0.072413,0.072498,0.078093,0.077540,0.089695,0.060614,0.088375,0.074972,0.081891,0.068136,0.086281,0.060230,0.082893,0.070428,0.080734,0.070176,0.103824,0.082209,0.067676,0.062628,0.079455,0.025762,0.125540,0.064244,-0.086565,-0.050078,-0.137254,-0.021548,-0.061163,0.099431,0.027995,0.093927,0.056088,0.023311,0.013906,0.124273,-0.945482,0.000000,0.000000,0.000000,0.000000
0.000000,0.000000,0.000000,0.000000,0.000000,-0.102134,0.217121,-0.045768,0.006836,0.079978,0.077316,0.093140,0.097777,0.005856,0.072979,0.071849,0.047843,0.080383,0.101894,0.077645,0.061806,0.065016,0.066535,0.084788,0.066454,0.076316,0.067259,0.116753,0.039939,0.077302,0.080148,0.092360,0.075924,0.074031,0.081890,0.095060,0.081674,0.076456,0.082068,0.080520,0.080296,0.084375,0.081774,0.080652,0.075918,0.034802,-0.029589,-0.032802,0.020026,0.022522,-0.019433,0.020560,0.076901,0.000194,-0.070528,-0.025547,0.044822,0.072964,0.061698,0.069877,0.067871,0.079269,0.066552,0.079545,0.078369,0.074360,0.072954,0.076770,0.093916,0.079064,0.071125,0.080321,0.091921,0.061175,0.081728,0.082974,0.075843,0.077812,0.053772,0.063450,0.065459,0.110304,0.070788,0.080908,0.087885,0.149624,-0.002769,-0.129084,-0.116554,-0.057052,-0.031946,0.012489,0.120082,0.081445,-0.034691,-0.028307,0.176629,0.201208,0.000000,0.000000,0.000000,0.000000,0.000000
0.000000,0.000000,0.000000,0.000000,0.000000,-0.913835,0.293652,-0.058360,0.124547,-0.004457,0.122210,0.068717,0.016029,0.072496,-0.026102,0.142578,0.101243,0.036072,0.076073,0.086316,0.060722,0.085453,0.085247,0.079945,0.097254,0.040871,0.082381,0.087307,0.090999,0.075710,0.064526,0.064524,0.081558,0.070346,0.069617,0.081013,0.065999,0.069246,0.076855,0.071548,0.068409,0.077722,0.069386,0.063425,0.052455,-0.005429,-0.057095,-0.010327,0.061718,0.025872,-0.047635,0.006800,0.091163,0.022050,-0.060353,-0.029117,0.038979,0.080146,0.079832,0.084839,0.074925,0.087346,0.080284,0.080631,0.083257,0.065283,0.083856,0.078865,0.080616,0.052905,0.084373,0.082709,0.084145,0.064232,0.088168,0.077292,0.080280,0.083824,0.081466,0.081419,0.098098,0.092130,0.057637,0.112078,0.054318,0.091110,0.014862,-0.090542,-0.103778,-0.058001,-0.060325,0.022030,-0.030999,-0.044345,-0.040627,0.005318,0.201149,-0.776709,0.000000,0.000000,0.000000,0.000000,0.000000
0.000000,0.000000,0.000000,0.000000,0.000000,0.000000,-0.155952,0.273005,-0.076785,0.058776,0.038228,0.036084,0.123865,0.133871,0.090873,0.083544,0.101172,0.083951,0.071065,0.094128,0.095174,0.091798,0.055696,0.006792,-0.005320,-0.010916,-0.043413,0.024911,0.069667,0.068269,0.105416,0.071676,0.078609,0.101558,0.073541,0.073670,0.085547,0.077654,0.079628,0.082114,0.074928,0.076639,0.083433,0.094669,0.074910,-0.010556,-0.054693,0.028050,0.101342,0.047384,-0.029677,0.024260,0.092740,0.028859,-0.022768,0.000334,0.042507,0.082346,0.075870,0.084732,0.072244,0.078284,0.066616,0.073045,0.077513,0.078156,0.087070,0.072755,0.058275,0.089461,0.076300,0.078105,0.072684,0.062440,0.027127,0.039267,0.027808,0.068558,0.067418,0.108178,0.069058,0.065982,0.044902,0.108912,0.020728,0.069098,0.077321,-0.092969,-0.023564,-0.075527,-0.024314,-0.006563,-0.059790,-0.158955,0.048739,0.171944,0.076321,0.000000,0.000000,0.000000,0.000000,0.000000,0.000000
0.000000,0.000000,0.000000,0.000000,0.000000,0.000000,-0.740896,0.240915,-0.087280,0.085560,0.108491,0.137672,-0.020460,0.178200,0.022993,0.042764,0.032904,0.113778,0.074914,0.111285,0.066895,0.065418,-0.030981,0.013906,-0.113537,-0.126189,-0.171534,-0.048860,-0.035205,0.006796,0.083753,0.083186,0.067636,0.086177,0.088548,0.070112,0.077036,0.090807,0.079350,0.081933,0.086050,0.081903,0.081865,0.079497,0.054502,-0.002734,-0.021691,0.051792,0.097571,0.055107,0.008077,0.058547,0.089652,0.015969,0.005751,0.039687,0.058504,0.088699,0.063954,0.074015,0.072291,0.085002,0.081008,0.073115,0.079358,0.076786,0.081986,0.073936,0.104440,0.080623,0.056437,0.065731,0.027082,-0.061508,-0.071486,-0.059006,-0.046465,-0.008522,0.056603,0.077495,0.051118,0.070348,0.082231,0.094569,0.086715,0.100214,0.079979,-0.023039,-0.039411,-0.011181,0.031007,0.048696,-0.082535,0.042966,-0.011990,0.294115,-1.055281,0.000000,0.000000,0.000000,0.000000,0.000000,0.000000
0.000000,0.000000,0.000000,0.000000,0.000000,0.000000,0.000000,0.009390,0.150999,0.025641,-0.002840,0.139404,0.140140,-0.005104,0.149914,0.066998,0.076281,0.057403,0.091170,0.004857,0.063606,0.057135,0.012039,-0.163704,0.035888,-0.109989,-0.120889,-0.113409,-0.096848,-0.066002,-0.005604,0.087979,0.071212,0.036737,0.073790,0.072826,0.069553,0.067912,0.059037,0.060329,0.073795,0.075303,0.077216,0.064299,0.051715,0.017974,-0.008963,0.033319,0.059351,0.019449,-0.017654,0.031708,0.056470,0.007244,0.032632,0.061598,0.067714,0.092941,0.070682,0.096911,0.079788,0.075615,0.076046,0.068235,0.075628,0.064668,0.063131,0.076367,0.078496,0.060583,0.061370,0.018870,-0.078979,-0.108270,-0.100304,-0.087616,-0.085808,-0.043332,0.001427,0.064641,0.083710,0.089850,0.089941,0.049703,0.085546,0.089731,0.073959,0.045686,0.048181,-0.044398,0.061513,0.098364,0.052317,-0.019161,0.217398,-0.080072,0.000000,0.000000,0.000000,0.000000,0.000000,0.000000,0.000000
0.000000,0.000000,0.000000,0.000000,0.000000,0.000000,0.000000,-0.454134,0.176260,-0.082096,0.119937,0.101765,0.000699,-0.028967,0.073735,0.113843,0.086435,0.059708,0.098967,0.042875,0.082780,-0.102612,0.014883,-0.098424,-0.005557,-0.043793,-0.105095,-0.093801,-0.077104,-0.093847,-0.031048,0.034474,0.118580,0.092430,0.077239,0.094058,0.075611,0.093472,0.098498,0.085470,0.087858,0.074767,0.074938,0.091026,0.066419,0.026737,0.006527,0.051767,0.070604,0.026325,-0.005360,0.047040,0.084155,0.047766,0.082003,0.089562,0.069921,0.089979,0.055312,0.089166,0.065006,0.065347,0.076760,0.071504,0.091452,0.076424,0.081579,0.091808,0.082771,0.096602,0.076432,-0.080134,-0.102578,-0.055426,-0.012188,-0.003119,-0.001499,-0.062800,-0.038127,0.020000,0.083505,0.095416,0.063782,0.058554,0.087520,0.059844,0.045748,0.112449,0.059472,0.027180,0.118574,0.039694,0.122220,-0.053570,0.390350,-0.957981,0.000000,0.000000,0.000000,0.000000,0.000000,0.000000,0.000000
0.000000,0.000000,0.000000,0.000000,0.000000,0.000000,0.000000,0.000000,0.388636,0.510876,-0.156381,-0.001331,0.240212,0.065135,0.117308,0.059226,0.062730,0.053481,0.101482,0.114142,0.004724,0.035025,-0.056186,-0.041685,-0.091251,-0.122373,-0.108183,-0.119407,-0.091939,-0.090305,-0.081702,-0.015339,0.071133,0.089149,0.072992,0.075603,0.078818,0.059070,0.072258,0.068913,0.070686,0.072731,0.094673,0.099054,0.075549,0.052831,0.044142,0.073867,0.074455,0.034761,0.002172,0.072840,0.128106,0.075890,0.088624,0.089357,0.066942,0.096397,0.065760,0.083114,0.073100,0.083650,0.088606,0.067862,0.077371,0.069024,0.077281,0.057474,0.066903,0.083070,0.011309,-0.099954,-0.086566,-0.043358,-0.018497,0.043643,0.054510,-0.023448,-0.101963,0.047086,0.066033,0.068360,0.088048,0.100112,0.078094,0.052008,0.091073,0.082549,0.104500,0.064829,0.150916,-0.003179,-0.056691,0.163389,-0.029403,0.000000,0.000000,0.000000,0.000000,0.000000,0.000000,0.000000,0.000000
0.000000,0.000000,0.000000,0.000000,0.000000,0.000000,0.000000,0.000000,-1.598682,0.339625,0.108449,0.093414,-0.152935,0.230505,0.030326,0.085323,0.067144,0.140965,0.012683,0.139729,-0.015849,0.092706,0.042166,0.031238,-0.027237,-0.065648,-0.070838,-0.099614,-0.049399,-0.092052,-0.147273,-0.040873,0.064327,0.081772,0.087200,0.072811,0.090439,0.077848,0.079975,0.079143,0.076495,0.075735,0.045215,0.057628,0.070252,0.063175,0.057561,0.086035,0.089340,0.050749,-0.009053,0.051634,0.124602,0.056933,0.068155,0.078934,0.057048,0.089685,0.063369,0.080671,0.068199,0.084069,0.073397,0.062715,0.075746,0.072167,0.079422,0.077778,0.106841,0.071370,-0.016611,-0.102295,-0.060093,-0.056505,-0.025415,0.062390,0.100766,0.075506,0.011981,0.058351,-0.012839,0.110326,0.033720,0.112173,0.037400,0.120920,0.064335,0.109631,-0.031722,0.172582,-0.008961,0.064258,0.120122,0.176664,-0.523207,0.000000,0.000000,0.000000,0.000000,0.000000,0.000000,0.000000,0.000000
0.000000,0.000000,0.000000,0.000000,0.000000,0.000000,0.000000,0.000000,0.000000,0.755070,0.296908,-0.147263,0.167618,0.106196,0.102242,0.003596,0.100565,0.102789,0.025426,0.042383,0.096391,0.052707,0.009014,-0.001131,-0.064272,-0.042047,-0.068935,-0.103140,-0.006861,-0.009514,-0.118538,-0.058239,0.033851,0.046195,0.080658,0.054439,0.080361,0.068061,0.076324,0.078742,0.076185,0.079964,0.092205,0.089886,0.074678,0.058127,0.051272,0.073630,0.093784,0.073781,0.013144,0.058519,0.109796,0.046847,0.061767,0.096778,0.071541,0.093396,0.068406,0.078996,0.078359,0.067898,0.069996,0.086441,0.095947,0.079038,0.088930,0.078594,0.075652,0.037801,0.002030,-0.075172,-0.077629,-0.034117,0.027025,0.074878,0.123560,0.127166,0.076167,0.068410,0.032277,0.062546,0.096393,0.060076,0.063534,0.088237,0.120130,0.021867,0.117137,0.023141,0.143856,-0.002337,0.154009,0.477195,0.000000,0.000000,0.000000,0.000000,0.000000,0.000000,0.000000,0.000000,0.000000
0.000000,0.000000,0.000000,0.000000,0.000000,0.000000,0.000000,0.000000,0.000000,-1.536930,0.657724,0.191538,0.064560,0.023957,0.079184,0.015432,0.116024,0.074165,0.078075,0.083316,0.079290,0.092089,0.011607,-0.077205,-0.139364,-0.045685,0.014627,-0.048677,0.024567,0.008497,-0.064524,-0.020780,0.061967,0.093121,0.098709,0.076092,0.077880,0.080516,0.083606,0.085888,0.077844,0.082588,0.074733,0.083755,0.094677,0.097306,0.089874,0.093037,0.092268,0.068474,0.027853,0.069808,0.108958,0.060613,0.067961,0.096644,0.064205,0.076057,0.065074,0.076551,0.072294,0.082157,0.092099,0.095256,0.071608,0.046972,0.068849,0.072862,0.095433,0.080308,0.032310,-0.061077,-0.089669,-0.061505,-0.005589,0.045748,0.081074,0.046750,0.012917,0.059397,0.045938,0.068310,0.111280,0.057495,0.117149,0.035252,0.075314,0.056143,0.159945,0.066829,-0.037270,0.040176,0.450532,-1.274292,0.000000,0.000000,0.000000,0.000000,0.000000,0.000000,0.000000,0.000000,0.000000
0.000000,0.000000,0.000000,0.000000,0.000000,0.000000,0.000000,0.000000,0.000000,0.000000,-0.251530,-0.052924,0.121308,0.064745,0.062786,0.075596,0.090504,0.101867,0.019463,0.089352,0.138858,0.049418,-0.039496,-0.059319,-0.100090,0.006705,0.063872,0.031313,-0.014897,-0.025518,-0.006588,0.012921,0.066645,0.074236,0.069073,0.070642,0.087583,0.072668,0.071036,0.068286,0.068540,0.060559,0.079310,0.072631,0.064203,0.073748,0.073042,0.087650,0.092538,0.047847,-0.022163,-0.016025,0.062658,0.076235,0.079096,0.097243,0.068233,0.087166,0.077883,0.083394,0.078361,0.071840,0.075568,0.049948,0.058394,0.083436,0.108514,0.065423,0.078417,0.080867,0.050109,-0.031570,-0.070644,-0.087637,-0.043975,0.005735,-0.046716,-0.051724,0.008439,0.075589,0.096715,0.095694,0.036019,0.102629,0.059462,0.071625,0.052460,0.077964,0.096512,-0.036256,0.246427,-0.046849,-0.352285,0.000000,0.000000,0.000000,0.000000,0.000000,0.000000,0.000000,0.000000,0.000000,0.000000
0.000000,0.000000,0.000000,0.000000,0.000000,0.000000,0.000000,0.000000,0.000000,0.000000,0.000000,0.173371,0.036582,0.010946,0.006866,0.051822,0.114342,0.073891,0.030515,0.047614,0.101030,-0.009571,-0.122363,-0.076655,-0.005153,0.047638,0.089674,0.043962,-0.006437,0.004471,0.037671,0.047278,0.107989,0.086003,0.066362,0.077390,0.072540,0.091951,0.085011,0.083847,0.093607,0.091781,0.058326,0.056965,0.056102,0.050756,0.047097,0.055865,0.072575,0.052809,-0.015540,-0.036485,0.055891,0.101286,0.076332,0.080425,0.064141,0.079154,0.065044,0.071104,0.072698,0.089041,0.086634,0.071739,0.102824,0.099605,0.076149,0.065699,0.079529,0.075481,0.047790,0.028279,0.017294,-0.037369,-0.015491,-0.058256,-0.127775,-0.093418,0.011268,0.063350,0.094730,0.085011,0.088538,0.073407,0.107444,0.112680,0.071134,0.056609,-0.013940,-0.005352,0.044008,0.477642,0.000000,0.000000,0.000000,0.000000,0.000000,0.000000,0.000000,0.000000,0.000000,0.000000,0.000000
0.000000,0.000000,0.000000,0.000000,0.000000,0.000000,0.000000,0.000000,0.000000,0.000000,0.000000,-0.476599,0.086407,0.087856,0.115337,0.017790,0.073594,0.103316,0.073717,0.068571,0.064791,-0.014110,-0.043259,0.009928,0.075974,0.057594,0.077238,0.080604,0.082712,0.189190,0.074209,0.053360,0.063413,0.082925,0.086020,0.083742,0.063356,0.070961,0.074388,0.061326,0.071649,0.066189,0.103380,0.120535,0.109050,0.118828,0.109223,0.058347,0.041503,0.084650,0.060780,0.014557,0.053498,0.092128,0.080111,0.067910,0.069024,0.088484,0.074360,0.090643,0.072752,0.058833,0.079274,0.076924,0.095078,0.035861,0.038979,0.041330,0.089200,0.084135,0.092369,0.089833,0.046754,0.005991,-0.028827,-0.116978,-0.148880,-0.104986,-0.060570,0.017643,0.088598,0.133469,0.063138,0.041731,0.040613,0.098764,0.098626,0.048187,0.137084,0.102281,0.422305,-1.202670,0.000000,0.000000,0.000000,0.000000,0.000000,0.000000,0.000000,0.000000,0.000000,0.000000,0.000000
0.000000,0.000000,0.000000,0.000000,0.000000,0.000000,0.000000,0.000000,0.000000,0.000000,0.000000,0.000000,-0.194843,0.081756,0.017887,0.036059,0.007808,0.017283,0.106722,0.052057,-0.018456,0.004754,0.040751,0.086234,0.113978,0.047405,0.039732,0.033322,0.077009,0.070952,0.057580,0.049630,0.083031,0.076629,0.080441,0.084257,0.059120,0.085966,0.088333,0.091923,0.071580,0.071447,0.053456,0.040297,0.059467,0.074513,0.110539,0.093331,0.081582,0.123400,0.082268,-0.002017,-0.017434,0.054414,0.091663,0.077484,0.069504,0.086061,0.067499,0.071124,0.078285,0.081191,0.071506,0.066363,0.078348,0.062827,0.103932,0.135226,0.114875,0.042328,0.083841,0.076016,0.034065,0.043131,-0.032457,-0.079715,-0.085816,-0.085136,-0.136529,-0.054984,0.068256,0.078944,0.105963,0.070254,0.074440,0.063440,0.034902,0.065380,0.018864,0.085945,-0.253060,0.000000,0.000000,0.000000,0.000000,0.000000,0.000000,0.000000,0.000000,0.000000,0.000000,0.000000,0.000000
0.000000,0.000000,0.000000,0.000000,0.000000,0.000000,0.000000,0.000000,0.000000,0.000000,0.000000,0.000000,0.000000,-0.230128,0.051685,0.092817,0.101131,0.008691,-0.044488,0.001310,-0.072692,-0.031009,0.022151,0.136870,0.114243,0.053415,0.127535,0.086468,0.060350,0.035238,0.107503,0.143256,0.105960,0.068737,0.050414,0.094693,0.084534,0.070419,0.067191,0.068567,0.073781,0.093505,0.116461,0.103289,0.061834,0.021584,0.050950,0.080989,0.073982,0.092087,0.068034,-0.007687,-0.044550,0.016293,0.062414,0.060504,0.075603,0.078675,0.076697,0.107645,0.107923,0.067943,0.032583,-0.013923,-0.010309,0.027058,0.065441,0.057634,0.017162,0.095679,0.082497,0.101752,0.049912,0.012456,-0.004430,-0.004698,0.010483,-0.038075,-0.084829,-0.061598,-0.103654,-0.032262,0.068892,0.095772,0.041809,0.055014,0.138752,0.064672,0.062173,-0.187412,0.000000,0.000000,0.000000,0.000000,0.000000,0.000000,0.000000,0.000000,0.000000,0.000000,0.000000,0.000000,0.000000
0.000000,0.000000,0.000000,0.000000,0.000000,0.000000,0.000000,0.000000,0.000000,0.000000,0.000000,0.000000,0.000000,0.000000,-0.320538,0.087068,0.034358,0.007162,0.014838,-0.134107,-0.005535,0.053332,0.049578,0.040993,0.080798,0.081648,0.074484,0.100973,0.088926,0.076429,0.069050,0.044105,0.005290,0.050819,0.061693,0.097441,0.074467,0.090603,0.074255,0.079944,0.063452,0.061465,0.052550,0.048196,0.088753,0.081935,0.051055,0.061696,0.027783,0.015547,0.016072,-0.012758,-0.043725,-0.026334,0.047506,0.090399,0.114333,0.103149,0.062696,0.034865,-0.004723,-0.045944,-0.064781,-0.088895,-0.117803,-0.089833,-0.014917,0.026203,0.077026,0.102315,0.073792,0.082872,0.064003,0.083725,0.148963,-0.041742,0.012831,0.033535,-0.028349,-0.039212,-0.111318,-0.101370,0.025113,-0.046362,-0.017004,0.052028,-0.007305,0.081665,-0.308210,0.000000,0.000000,0.000000,0.000000,0.000000,0.000000,0.000000,0.000000,0.000000,0.000000,0.000000,0.000000,0.000000,0.000000
0.000000,0.000000,0.000000,0.000000,0.000000,0.000000,0.000000,0.000000,0.000000,0.000000,0.000000,0.000000,0.000000,0.000000,0.000000,-0.607993,0.246641,0.314552,0.031905,-0.027319,-0.021595,0.091612,0.129742,0.047306,0.018144,0.056807,0.089446,0.050531,0.050244,0.053125,0.090686,0.084452,0.105611,0.181162,0.151048,0.079529,0.051186,0.064700,0.075919,0.091785,0.095100,0.093816,0.083201,0.081323,0.111907,0.123764,0.115060,0.124466,0.049222,-0.046369,-0.060620,-0.049182,-0.040359,-0.045062,0.041695,0.133250,0.090557,0.047088,0.087826,0.063938,-0.051097,-0.104024,-0.073787,-0.084344,-0.086337,-0.078913,-0.076737,-0.050315,0.028198,0.109099,0.042079,0.053925,0.081207,0.079617,0.041558,0.071428,0.169343,0.093764,0.085802,0.012957,-0.011218,-0.029536,-0.105459,-0.080376,-0.015346,0.029046,0.058905,-0.293167,0.000000,0.000000,0.000000,0.000000,0.000000,0.000000,0.000000,0.000000,0.000000,0.000000,0.000000,0.000000,0.000000,0.000000,0.000000
0.000000,0.000000,0.000000,0.000000,0.000000,0.000000,0.000000,0.000000,0.000000,0.000000,0.000000,0.000000,0.000000,0.000000,0.000000,0.000000,-1.126056,0.310894,0.166513,0.041619,-0.002369,0.067804,0.086073,0.040271,0.145051,0.094915,0.101925,0.079593,0.042445,-0.055934,-0.008415,-0.029385,0.038737,0.025410,-0.035196,0.035624,0.070531,0.101889,0.073744,0.066102,0.066264,0.065833,0.077229,0.070843,0.056458,0.078148,0.068595,0.084173,0.048095,-0.084341,-0.115131,-0.073078,-0.044441,-0.067826,-0.018274,0.043706,0.008962,0.006511,0.064346,0.028861,-0.059325,-0.079492,-0.029765,-0.006173,-0.041365,-0.025010,-0.039451,-0.092224,-0.064492,0.041564,0.071244,0.122616,0.085984,0.115431,0.077637,0.072703,0.050126,0.084642,0.041386,0.083250,0.088088,-0.047001,0.045746,0.051621,0.209015,0.202023,-0.715288,0.000000,0.000000,0.000000,0.000000,0.000000,0.000000,0.000000,0.000000,0.000000,0.000000,0.000000,0.000000,0.000000,0.000000,0.000000,0.000000
0.000000,0.000000,0.000000,0.000000,0.000000,0.000000,0.000000,0.000000,0.000000,0.000000,0.000000,0.000000,0.000000,0.000000,0.000000,0.000000,0.000000,-0.823940,0.151351,0.075884,0.046984,0.059458,0.055223,0.110858,0.066496,0.019548,0.060646,-0.007000,-0.047397,-0.109544,-0.179963,-0.127793,-0.041474,0.019770,0.058526,0.127658,0.118996,0.072942,0.075676,0.082961,0.066135,0.076443,0.093856,0.115309,0.086369,0.075857,0.048266,0.071765,0.098660,-0.037221,-0.080114,-0.069181,-0.044342,-0.069032,0.012042,0.067039,0.032050,0.109541,0.136223,0.073799,-0.013471,-0.103343,-0.040879,0.034226,-0.009700,-0.063464,-0.076632,-0.082558,-0.032291,0.001773,0.038300,0.060721,0.030722,0.067123,0.086074,0.018307,0.139266,0.002455,0.021913,0.112135,0.005435,0.021214,0.043180,0.338893,0.406750,-1.128394,0.000000,0.000000,0.000000,0.000000,0.000000,0.000000,0.000000,0.000000,0.000000,0.000000,0.000000,0.000000,0.000000,0.000000,0.000000,0.000000,0.000000
0.000000,0.000000,0.000000,0.000000,0.000000,0.000000,0.000000,0.000000,0.000000,0.000000,0.000000,0.000000,0.000000,0.000000,0.000000,0.000000,0.000000,0.000000,-0.547476,0.071989,0.039857,0.119396,-0.045058,0.095615,0.131354,0.061342,-0.003382,-0.036863,-0.076288,-0.120425,-0.084315,-0.069685,-0.146710,-0.087731,-0.095826,0.064848,0.048968,0.051946,0.092463,0.088489,0.085159,0.070002,0.034584,0.050040,0.017174,0.060245,0.094008,0.062691,0.106213,0.028253,-0.030976,-0.070357,-0.068623,-0.069323,0.018097,0.079716,0.100809,0.116247,0.063269,0.010423,-0.049435,-0.068398,-0.019891,0.017631,0.019964,0.052621,-0.013643,-0.066946,-0.058175,-0.011937,0.013701,0.012486,0.041653,0.134879,0.114891,0.063136,0.065547,0.111246,0.139161,0.054364,-0.038670,0.117992,-0.011680,0.262584,-1.087166,0.000000,0.000000,0.000000,0.000000,0.000000,0.000000,0.000000,0.000000,0.000000,0.000000,0.000000,0.000000,0.000000,0.000000,0.000000,0.000000,0.000000,0.000000
0.000000,0.000000,0.000000,0.000000,0.000000,0.000000,0.000000,0.000000,0.000000,0.000000,0.000000,0.000000,0.000000,0.000000,0.000000,0.000000,0.000000,0.000000,0.000000,-0.292970,0.057071,0.043466,0.072205,0.071257,0.045435,0.006623,0.152090,-0.081632,-0.084036,-0.127035,-0.023017,-0.063716,0.057672,-0.045009,-0.196268,-0.031994,0.086724,0.113897,0.094491,0.044789,0.071196,0.103976,0.100594,0.111031,0.072392,0.080603,0.097118,0.058481,0.085170,0.067787,0.017926,-0.053051,-0.072357,-0.066932,-0.008673,-0.012756,0.025671,0.112593,0.108194,0.119108,0.073936,0.011119,-0.060139,-0.060511,0.053239,0.116571,0.073260,0.007886,0.000906,-0.007053,0.042489,0.055373,0.099347,0.011603,0.065636,0.033098,0.131629,0.034732,0.006446,0.049836,0.021448,0.065995,0.105311,-0.402653,0.000000,0.000000,0.000000,0.000000,0.000000,0.000000,0.000000,0.000000,0.000000,0.000000,0.000000,0.000000,0.000000,0.000000,0.000000,0.000000,0.000000,0.000000,0.000000
0.000000,0.000000,0.000000,0.000000,0.000000,0.000000,0.000000,0.000000,0.000000,0.000000,0.000000,0.000000,0.000000,0.000000,0.000000,0.000000,0.000000,0.000000,0.000000,0.000000,-0.245537,0.296622,0.017732,0.193224,-0.048737,0.059489,-0.007743,0.034710,-0.092368,-0.005811,-0.072496,-0.035855,-0.021932,0.073390,-0.050791,-0.075920,0.019266,0.095885,0.052942,0.052216,0.080600,0.062355,0.030249,0.089219,0.108367,0.079785,0.111425,0.069960,0.061935,0.085406,0.058922,-0.016876,-0.066801,-0.053139,0.006900,0.045910,0.072118,0.072765,0.080319,0.091990,0.046266,0.019567,0.041475,0.011754,0.051442,0.078034,0.054295,0.080996,0.023013,-0.002468,-0.012054,0.079730,-0.008343,0.106704,0.066871,0.225417,-0.045548,0.139080,0.031863,0.135342,0.049197,0.137637,-0.227905,0.000000,0.000000,0.000000,0.000000,0.000000,0.000000,0.000000,0.000000,0.000000,0.000000,0.000000,0.000000,0.000000,0.000000,0.000000,0.000000,0.000000,0.000000,0.000000,0.000000
0.000000,0.000000,0.000000,0.000000,0.000000,0.000000,0.000000,0.000000,0.000000,0.000000,0.000000,0.000000,0.000000,0.000000,0.000000,0.000000,0.000000,0.000000,0.000000,0.000000,0.000000,-0.801136,0.261903,-0.050415,-0.030169,0.104893,0.143308,-0.166166,-0.018280,-0.058322,0.132904,0.141269,-0.089125,-0.035608,-0.004295,0.004027,-0.010108,0.029185,0.054087,0.111573,0.124447,0.086389,0.060534,0.078504,0.104769,0.074425,0.066802,0.082084,0.079590,0.102505,0.098426,0.025098,-0.054186,-0.061105,0.013105,0.049618,0.093380,0.097955,0.070960,0.060673,0.092294,0.110065,0.126187,0.098210,0.033871,0.073782,0.092879,0.104862,0.032852,-0.086174,-0.034593,0.054187,0.135156,0.035647,0.094764,0.023940,0.062115,-0.081725,0.120100,-0.097125,0.193230,-0.507598,0.000000,0.000000,0.000000,0.000000,0.000000,0.000000,0.000000,0.000000,0.000000,0.000000,0.000000,0.000000,0.000000,0.000000,0.000000,0.000000,0.000000,0.000000,0.000000,0.000000,0.000000
0.000000,0.000000,0.000000,0.000000,0.000000,0.000000,0.000000,0.000000,0.000000,0.000000,0.000000,0.000000,0.000000,0.000000,0.000000,0.000000,0.000000,0.000000,0.000000,0.000000,0.000000,0.000000,0.000000,-0.233481,0.486781,0.154570,0.004802,-0.078282,0.104236,-0.140734,-0.031142,0.249328,0.113319,0.030941,-0.033696,0.078762,0.128537,0.152440,0.093638,0.062107,-0.008624,0.068022,0.104112,0.037468,0.071790,0.052074,0.046558,0.093230,0.061108,0.081683,0.101884,0.033252,-0.049678,-0.078221,-0.016401,0.064861,0.064792,0.045988,0.082757,0.028886,0.062412,0.060287,0.010180,0.059613,0.074152,0.089538,0.010351,0.019694,0.012263,-0.022576,-0.085686,0.041312,0.047387,0.020136,0.138373,-0.111205,0.144854,0.228306,0.455034,-0.168980,0.000000,0.000000,0.000000,0.000000,0.000000,0.000000,0.000000,0.000000,0.000000,0.000000,0.000000,0.000000,0.000000,0.000000,0.000000,0.000000,0.000000,0.000000,0.000000,0.000000,0.000000,0.000000,0.000000
0.000000,0.000000,0.000000,0.000000,0.000000,0.000000,0.000000,0.000000,0.000000,0.000000,0.000000,0.000000,0.000000,0.000000,0.000000,0.000000,0.000000,0.000000,0.000000,0.000000,0.000000,0.000000,0.000000,0.000000,-1.092086,0.190319,0.236807,0.255803,0.113603,0.016997,-0.198286,-0.084125,0.102051,0.101206,0.105475,0.005124,0.025969,0.052832,0.093938,0.102283,0.019067,0.128356,0.169802,0.053031,0.079985,0.097744,0.077999,0.082961,0.058619,0.088150,0.097561,0.044211,-0.039367,-0.074942,-0.031419,0.063334,0.107869,0.120551,0.109185,0.056891,0.076016,0.117035,0.043533,0.119875,0.085873,0.060720,0.041076,0.108417,0.123505,0.033781,-0.056481,-0.098118,0.134676,-0.026405,-0.087303,0.190736,0.034083,0.526429,-1.199967,0.000000,0.000000,0.000000,0.000000,0.000000,0.000000,0.000000,0.000000,0.000000,0.000000,0.000000,0.000000,0.000000,0.000000,0.000000,0.000000,0.000000,0.000000,0.000000,0.000000,0.000000,0.000000,0.000000,0.000000
0.000000,0.000000,0.000000,0.000000,0.000000,0.000000,0.000000,0.000000,0.000000,0.000000,0.000000,0.000000,0.000000,0.000000,0.000000,0.000000,0.000000,0.000000,0.000000,0.000000,0.000000,0.000000,0.000000,0.000000,0.000000,0.000000,-0.845135,0.210724,1.022035,0.530057,0.032443,0.014320,-0.020456,0.039077,0.149732,0.144118,0.099038,0.028141,0.065746,0.177331,0.071236,0.037170,0.043267,-0.008034,0.100891,0.099979,0.063861,0.105940,0.049955,0.085465,0.088499,0.049755,-0.035881,-0.063800,-0.002825,0.066082,0.060927,0.049767,0.071239,0.033762,0.092051,0.135284,0.123096,0.086565,0.040995,0.054523,0.132162,0.103670,0.031431,-0.059626,-0.011133,0.048393,-0.041200,0.152516,0.200124,0.031638,-0.489664,0.000000,0.000000,0.000000,0.000000,0.000000,0.000000,0.000000,0.000000,0.000000,0.000000,0.000000,0.000000,0.000000,0.000000,0.000000,0.000000,0.000000,0.000000,0.000000,0.000000,0.000000,0.000000,0.000000,0.000000,0.000000,0.000000
0.000000,0.000000,0.000000,0.000000,0.000000,0.000000,0.000000,0.000000,0.000000,0.000000,0.000000,0.000000,0.000000,0.000000,0.000000,0.000000,0.000000,0.000000,0.000000,0.000000,0.000000,0.000000,0.000000,0.000000,0.000000,0.000000,0.000000,0.000000,-2.837605,0.573794,0.094537,0.278669,-0.080530,0.028149,-0.037709,0.047756,0.079377,0.071449,-0.007217,0.114022,0.022430,0.025307,0.124080,0.152725,0.173572,0.032016,0.021734,0.102392,0.054663,0.060409,0.057814,0.046320,-0.057248,-0.077486,-0.004333,0.105205,0.098838,0.064682,0.105118,0.124494,0.067771,0.002087,0.022049,0.069899,0.067770,0.075381,0.052598,-0.000655,0.002737,0.018154,-0.013462,0.261108,0.415359,0.012778,-0.532813,0.000000,0.000000,0.000000,0.000000,0.000000,0.000000,0.000000,0.000000,0.000000,0.000000,0.000000,0.000000,0.000000,0.000000,0.000000,0.000000,0.000000,0.000000,0.000000,0.000000,0.000000,0.000000,0.000000,0.000000,0.000000,0.000000,0.000000,0.000000
0.000000,0.000000,0.000000,0.000000,0.000000,0.000000,0.000000,0.000000,0.000000,0.000000,0.000000,0.000000,0.000000,0.000000,0.000000,0.000000,0.000000,0.000000,0.000000,0.000000,0.000000,0.000000,0.000000,0.000000,0.000000,0.000000,0.000000,0.000000,0.000000,0.000000,-1.023520,0.226570,0.116834,0.243499,-0.072154,0.043559,-0.019427,0.190276,-0.030169,0.227773,0.084769,0.087217,0.044258,0.019949,0.042934,-0.018067,0.098381,0.156272,0.091068,0.024714,0.073910,0.043244,-0.072758,-0.041945,-0.019602,0.058940,0.037820,0.037356,0.044947,0.105818,0.063715,0.044696,0.125208,0.113321,0.074688,0.029320,-0.037669,-0.029911,-0.032296,0.160379,0.263120,0.013215,-1.319058,0.000000,0.000000,0.000000,0.000000,0.000000,0.000000,0.000000,0.000000,0.000000,0.000000,0.000000,0.000000,0.000000,0.000000,0.000000,0.000000,0.000000,0.000000,0.000000,0.000000,0.000000,0.000000,0.000000,0.000000,0.000000,0.000000,0.000000,0.000000,0.000000,0.000000
0.000000,0.000000,0.000000,0.000000,0.000000,0.000000,0.000000,0.000000,0.000000,0.000000,0.000000,0.000000,0.000000,0.000000,0.000000,0.000000,0.000000,0.000000,0.000000,0.000000,0.000000,0.000000,0.000000,0.000000,0.000000,0.000000,0.000000,0.000000,0.000000,0.000000,0.000000,0.000000,-0.766884,0.268027,0.157239,0.317586,-0.048245,0.161108,-0.258298,0.097588,-0.047989,0.069762,0.051229,0.086057,0.140383,0.120715,0.098961,0.043789,0.003585,0.073575,0.066018,-0.036515,-0.083440,-0.057418,0.054896,0.053522,0.094187,0.132039,0.023351,0.128913,0.010200,0.142744,-0.014933,-0.012351,-0.028250,0.073364,0.018340,0.194092,0.158432,0.158125,-0.926366,0.000000,0.000000,0.000000,0.000000,0.000000,0.000000,0.000000,0.000000,0.000000,0.000000,0.000000,0.000000,0.000000,0.000000,0.000000,0.000000,0.000000,0.000000,0.000000,0.000000,0.000000,0.000000,0.000000,0.000000,0.000000,0.000000,0.000000,0.000000,0.000000,0.000000,0.000000,0.000000
0.000000,0.000000,0.000000,0.000000,0.000000,0.000000,0.000000,0.000000,0.000000,0.000000,0.000000,0.000000,0.000000,0.000000,0.000000,0.000000,0.000000,0.000000,0.000000,0.000000,0.000000,0.000000,0.000000,0.000000,0.000000,0.000000,0.000000,0.000000,0.000000,0.000000,0.000000,0.000000,0.000000,0.000000,-1.092659,0.161741,-0.165751,0.218209,0.034484,0.140818,0.063297,0.057365,0.027795,0.056828,0.040210,-0.020745,-0.078875,-0.009103,0.115408,0.121359,0.007603,0.066342,-0.119237,-0.152646,0.094417,-0.012344,-0.004387,0.020144,0.023313,0.050225,-0.060684,0.133602,-0.008674,0.142754,0.134264,0.385488,-0.052639,0.133001,-0.937640,0.000000,0.000000,0.000000,0.000000,0.000000,0.000000,0.000000,0.000000,0.000000,0.000000,0.000000,0.000000,0.000000,0.000000,0.000000,0.000000,0.000000,0.000000,0.000000,0.000000,0.000000,0.000000,0.000000,0.000000,0.000000,0.000000,0.000000,0.000000,0.000000,0.000000,0.000000,0.000000,0.000000,0.000000
0.000000,0.000000,0.000000,0.000000,0.000000,0.000000,0.000000,0.000000,0.000000,0.000000,0.000000,0.000000,0.000000,0.000000,0.000000,0.000000,0.000000,0.000000,0.000000,0.000000,0.000000,0.000000,0.000000,0.000000,0.000000,0.000000,0.000000,0.000000,0.000000,0.000000,0.000000,0.000000,0.000000,0.000000,0.000000,0.000000,0.000000,-0.599931,-0.066607,-0.215789,-0.249815,-0.135589,0.015402,0.081672,0.038858,0.032529,0.043106,0.109534,0.101751,-0.059233,-0.092872,-0.254677,-0.054556,-0.086033,-0.009799,0.133048,0.001216,0.014318,0.007496,0.106102,0.109796,-0.017447,-0.092058,-0.386569,0.009692,-0.913711,0.000000,0.000000,0.000000,0.000000,0.000000,0.000000,0.000000,0.000000,0.000000,0.000000,0.000000,0.000000,0.000000,0.000000,0.000000,0.000000,0.000000,0.000000,0.000000,0.000000,0.000000,0.000000,0.000000,0.000000,0.000000,0.000000,0.000000,0.000000,0.000000,0.000000,0.000000,0.000000,0.000000,0.000000,0.000000,0.000000,0.000000
0.000000,0.000000,0.000000,0.000000,0.000000,0.000000,0.000000,0.000000,0.000000,0.000000,0.000000,0.000000,0.000000,0.000000,0.000000,0.000000,0.000000,0.000000,0.000000,0.000000,0.000000,0.000000,0.000000,0.000000,0.000000,0.000000,0.000000,0.000000,0.000000,0.000000,0.000000,0.000000,0.000000,0.000000,0.000000,0.000000,0.000000,0.000000,0.000000,0.000000,0.000000,0.000000,-0.298040,-0.248496,-0.149724,-0.168915,-0.192670,-0.243290,-0.258028,-0.275112,-0.008130,0.848817,0.350913,-0.382765,-0.291727,-0.239229,-0.137112,-0.141662,-0.145469,-0.220002,-0.338998,0.000000,0.000000,0.000000,0.000000,0.000000,0.000000,0.000000,0.000000,0.000000,0.000000,0.000000,0.000000,0.000000,0.000000,0.000000,0.000000,0.000000,0.000000,0.000000,0.000000,0.000000,0.000000,0.000000,0.000000,0.000000,0.000000,0.000000,0.000000,0.000000,0.000000,0.000000,0.000000,0.000000,0.000000,0.000000,0.000000,0.000000,0.000000,0.000000,0.000000,0.000000,0.000000
0.000000,0.000000,0.000000,0.000000,0.000000,0.000000,0.000000,0.000000,0.000000,0.000000,0.000000,0.000000,0.000000,0.000000,0.000000,0.000000,0.000000,0.000000,0.000000,0.000000,0.000000,0.000000,0.000000,0.000000,0.000000,0.000000,0.000000,0.000000,0.000000,0.000000,0.000000,0.000000,0.000000,0.000000,0.000000,0.000000,0.000000,0.000000,0.000000,0.000000,0.000000,0.000000,0.000000,0.000000,0.000000,0.000000,0.000000,0.000000,0.000000,0.000000,0.000000,-1.915867,0.000000,0.000000,0.000000,0.000000,0.000000,0.000000,0.000000,0.000000,0.000000,0.000000,0.000000,0.000000,0.000000,0.000000,0.000000,0.000000,0.000000,0.000000,0.000000,0.000000,0.000000,0.000000,0.000000,0.000000,0.000000,0.000000,0.000000,0.000000,0.000000,0.000000,0.000000,0.000000,0.000000,0.000000,0.000000,0.000000,0.000000,0.000000,0.000000,0.000000,0.000000,0.000000,0.000000,0.000000,0.000000,0.000000,0.000000,0.000000,0.000000,0.000000,0.000000
0.000000,0.000000,0.000000,0.000000,0.000000,0.000000,0.000000,0.000000,0.000000,0.000000,0.000000,0.000000,0.000000,0.000000,0.000000,0.000000,0.000000,0.000000,0.000000,0.000000,0.000000,0.000000,0.000000,0.000000,0.000000,0.000000,0.000000,0.000000,0.000000,0.000000,0.000000,0.000000,0.000000,0.000000,0.000000,0.000000,0.000000,0.000000,0.000000,0.000000,0.000000,0.000000,0.000000,0.000000,0.000000,0.000000,0.000000,0.000000,0.000000,0.000000,0.000000,0.000000,0.000000,0.000000,0.000000,0.000000,0.000000,0.000000,0.000000,0.000000,0.000000,0.000000,0.000000,0.000000,0.000000,0.000000,0.000000,0.000000,0.000000,0.000000,0.000000,0.000000,0.000000,0.000000,0.000000,0.000000,0.000000,0.000000,0.000000,0.000000,0.000000,0.000000,0.000000,0.000000,0.000000,0.000000,0.000000,0.000000,0.000000,0.000000,0.000000,0.000000,0.000000,0.000000,0.000000,0.000000,0.000000,0.000000,0.000000,0.000000,0.000000,0.000000,0.000000
