0.000000,0.000000,0.000000,0.000000,0.000000,0.000000,0.000000,0.000000,0.000000,0.000000,0.000000,0.000000,0.000000,0.000000,0.000000,0.000000,0.000000,0.000000,0.000000,0.000000,0.000000,0.000000,0.000000,0.000000,0.000000,0.000000,0.000000,0.000000,0.000000,0.000000,0.000000,0.000000,0.000000,0.000000,0.000000,0.000000,0.000000,0.000000,0.000000,0.000000,0.000000,0.000000,0.000000,0.000000,0.000000,0.000000,0.000000,0.000000,0.000000,0.000000,0.000000,0.000000,0.000000,0.000000,0.000000,0.000000,0.000000,0.000000,0.000000,0.000000,0.000000,0.000000,0.000000,0.000000,0.000000,0.000000,0.000000,0.000000,0.000000,0.000000,0.000000,0.000000,0.000000,0.000000,0.000000,0.000000,0.000000,0.000000,0.000000,0.000000,0.000000,0.000000,0.000000,0.000000,0.000000,0.000000,0.000000,0.000000,0.000000,0.000000,0.000000,0.000000,0.000000,0.000000,0.000000,0.000000,0.000000,0.000000,0.000000,0.000000,0.000000,0.000000,0.000000
0.000000,0.000000,0.000000,0.000000,0.000000,0.000000,0.000000,0.000000,0.000000,0.000000,0.000000,0.000000,0.000000,0.000000,0.000000,0.000000,0.000000,0.000000,0.000000,0.000000,0.000000,0.000000,0.000000,0.000000,0.000000,0.000000,0.000000,0.000000,0.000000,0.000000,0.000000,0.000000,0.000000,0.000000,0.000000,0.000000,0.000000,0.000000,0.000000,0.000000,0.000000,0.000000,0.000000,0.000000,0.000000,0.000000,0.000000,0.000000,0.000000,0.000000,0.000000,0.000000,0.000000,0.000000,0.000000,0.000000,0.000000,0.000000,0.000000,0.000000,0.000000,0.000000,0.000000,0.000000,0.000000,0.000000,0.000000,0.000000,0.000000,0.000000,0.000000,0.000000,0.000000,0.000000,0.000000,0.000000,0.000000,0.000000,0.000000,0.000000,0.000000,0.000000,0.000000,0.000000,0.000000,0.000000,0.000000,0.000000,0.000000,0.000000,0.000000,0.000000,0.000000,0.000000,0.000000,0.000000,0.000000,0.000000,0.000000,0.000000,0.000000,0.000000,0.000000
0.000000,0.000000,0.000000,0.000000,0.000000,0.000000,0.000000,0.000000,0.000000,0.000000,0.000000,0.000000,0.000000,0.000000,0.000000,0.000000,0.000000,0.000000,0.000000,0.000000,0.000000,0.000000,0.000000,0.000000,0.000000,0.000000,0.000000,0.000000,0.000000,0.000000,0.000000,0.000000,0.000000,0.000000,0.000000,0.000000,0.000000,0.000000,0.000000,0.000000,0.000000,0.000000,-479781.392576,-474117.535608,-469753.595626,-466353.426994,-462819.076537,-460265.446902,-457968.613081,-455680.494751,-455706.374152,-458749.929890,-462557.313227,-465058.342158,-465905.624075,-465328.153249,-465409.819270,-467810.453810,-469850.640526,-469890.494501,-472091.733096,0.000000,0.000000,0.000000,0.000000,0.000000,0.000000,0.000000,0.000000,0.000000,0.000000,0.000000,0.000000,0.000000,0.000000,0.000000,0.000000,0.000000,0.000000,0.000000,0.000000,0.000000,0.000000,0.000000,0.000000,0.000000,0.000000,0.000000,0.000000,0.000000,0.000000,0.000000,0.000000,0.000000,0.000000,0.000000,0.000000,0.000000,0.000000,0.000000,0.000000,0.000000,0.000000
0.000000,0.000000,0.000000,0.000000,0.000000,0.000000,0.000000,0.000000,0.000000,0.000000,0.000000,0.000000,0.000000,0.000000,0.000000,0.000000,0.000000,0.000000,0.000000,0.000000,0.000000,0.000000,0.000000,0.000000,0.000000,0.000000,0.000000,0.000000,0.000000,0.000000,0.000000,0.000000,0.000000,0.000000,0.000000,0.000000,0.000000,0.000000,-482806.157464,-478747.503144,-474561.579462,-470770.242905,-468353.181284,-464714.511441,-459763.110475,-455806.087794,-452629.290105,-450369.244824,-448239.583091,-446097.133503,-445813.750970,-447339.293548,-450127.713700,-453364.454112,-454821.138511,-455642.104669,-457183.258305,-458735.440506,-460372.641705,-461775.103400,-463780.218942,-467927.288212,-471830.101866,-473342.484628,-474943.490799,0.000000,0.000000,0.000000,0.000000,0.000000,0.000000,0.000000,0.000000,0.000000,0.000000,0.000000,0.000000,0.000000,0.000000,0.000000,0.000000,0.000000,0.000000,0.000000,0.000000,0.000000,0.000000,0.000000,0.000000,0.000000,0.000000,0.000000,0.000000,0.000000,0.000000,0.000000,0.000000,0.000000,0.000000,0.000000,0.000000,0.000000,0.000000
0.000000,0.000000,0.000000,0.000000,0.000000,0.000000,0.000000,0.000000,0.000000,0.000000,0.000000,0.000000,0.000000,0.000000,0.000000,0.000000,0.000000,0.000000,0.000000,0.000000,0.000000,0.000000,0.000000,0.000000,0.000000,0.000000,0.000000,0.000000,0.000000,0.000000,0.000000,0.000000,0.000000,0.000000,-476220.093624,-474738.640988,-473863.552863,-472806.505697,-470894.168990,-467923.081292,-464378.152951,-461534.520387,-459659.914192,-455734.438351,-450084.302587,-446212.049474,-443387.980750,-440193.573696,-437686.414314,-435349.850317,-433244.101767,-433196.855132,-435971.522061,-439892.945991,-442826.573383,-445190.275535,-447451.605580,-449522.736014,-451963.222144,-454655.596334,-457508.584146,-460378.585036,-462336.911567,-463103.898320,-463525.100150,-465196.886650,-466539.372927,-467046.439222,-469835.620048,0.000000,0.000000,0.000000,0.000000,0.000000,0.000000,0.000000,0.000000,0.000000,0.000000,0.000000,0.000000,0.000000,0.000000,0.000000,0.000000,0.000000,0.000000,0.000000,0.000000,0.000000,0.000000,0.000000,0.000000,0.000000,0.000000,0.000000,0.000000,0.000000,0.000000,0.000000,0.000000,0.000000,0.000000
0.000000,0.000000,0.000000,0.000000,0.000000,0.000000,0.000000,0.000000,0.000000,0.000000,0.000000,0.000000,0.000000,0.000000,0.000000,0.000000,0.000000,0.000000,0.000000,0.000000,0.000000,0.000000,0.000000,0.000000,0.000000,0.000000,0.000000,0.000000,0.000000,0.000000,0.000000,0.000000,-477685.723614,-471715.399344,-467658.230660,-464730.355147,-462534.383062,-461301.466026,-459901.797172,-457570.788143,-454808.830917,-453263.791914,-450678.920472,-445636.979977,-439941.115940,-434352.241408,-429440.014810,-424998.095710,-420302.476870,-415590.855474,-412869.419446,-412000.940233,-413339.821491,-417381.530453,-422215.786265,-427333.382759,-432229.148476,-436966.114884,-441558.986881,-445857.329568,-450094.011974,-453129.591720,-454829.822068,-456008.123383,-456279.070924,-456051.312820,-456145.011676,-457312.719607,-460359.401797,-465281.371266,-471297.106933,0.000000,0.000000,0.000000,0.000000,0.000000,0.000000,0.000000,0.000000,0.000000,0.000000,0.000000,0.000000,0.000000,0.000000,0.000000,0.000000,0.000000,0.000000,0.000000,0.000000,0.000000,0.000000,0.000000,0.000000,0.000000,0.000000,0.000000,0.000000,0.000000,0.000000,0.000000,0.000000
0.000000,0.000000,0.000000,0.000000,0.000000,0.000000,0.000000,0.000000,0.000000,0.000000,0.000000,0.000000,0.000000,0.000000,0.000000,0.000000,0.000000,0.000000,0.000000,0.000000,0.000000,0.000000,0.000000,0.000000,0.000000,0.000000,0.000000,0.000000,0.000000,0.000000,-474533.120660,-469758.042207,-465755.441875,-462062.984119,-459130.274123,-456108.249940,-453024.426249,-449995.496980,-447883.047657,-446421.273230,-444284.200150,-442752.252089,-440161.811196,-434133.089660,-426035.207257,-415970.581194,-406353.964808,-399341.992938,-390240.602099,-381346.717599,-377492.160243,-375335.194849,-376531.064377,-382869.916502,-390470.494909,-399769.113262,-409109.044907,-416334.115854,-424393.554076,-432717.859760,-439170.079867,-443195.959104,-445746.984539,-448115.212571,-449396.566253,-449307.885475,-448973.877140,-449924.125736,-452796.669500,-456608.851722,-460872.554306,-466314.755904,-473144.177088,0.000000,0.000000,0.000000,0.000000,0.000000,0.000000,0.000000,0.000000,0.000000,0.000000,0.000000,0.000000,0.000000,0.000000,0.000000,0.000000,0.000000,0.000000,0.000000,0.000000,0.000000,0.000000,0.000000,0.000000,0.000000,0.000000,0.000000,0.000000,0.000000,0.000000
0.000000,0.000000,0.000000,0.000000,0.000000,0.000000,0.000000,0.000000,0.000000,0.000000,0.000000,0.000000,0.000000,0.000000,0.000000,0.000000,0.000000,0.000000,0.000000,0.000000,0.000000,0.000000,0.000000,0.000000,0.000000,0.000000,0.000000,0.000000,-469654.663105,-466251.416520,-462774.586073,-459153.331849,-456021.589278,-452902.976605,-449667.222402,-446187.043033,-441589.739415,-436890.358124,-434872.892213,-433041.777989,-430374.992044,-429011.297734,-425481.465075,-417391.214420,-403744.376175,-387287.055963,-372208.660957,-355694.419119,-341146.692410,-330837.919946,-319890.338056,-313282.465121,-317557.552986,-330110.507711,-345777.132131,-361057.501668,-374168.405539,-386483.369775,-399090.974957,-410555.172281,-420378.456852,-428411.435264,-433980.379925,-437517.551009,-439842.488254,-440828.198684,-441431.947380,-442859.898059,-445189.671395,-448488.239192,-452324.854281,-457335.002144,-463444.519830,-467886.347712,-471796.461211,0.000000,0.000000,0.000000,0.000000,0.000000,0.000000,0.000000,0.000000,0.000000,0.000000,0.000000,0.000000,0.000000,0.000000,0.000000,0.000000,0.000000,0.000000,0.000000,0.000000,0.000000,0.000000,0.000000,0.000000,0.000000,0.000000,0.000000,0.000000
0.000000,0.000000,0.000000,0.000000,0.000000,0.000000,0.000000,0.000000,0.000000,0.000000,0.000000,0.000000,0.000000,0.000000,0.000000,0.000000,0.000000,0.000000,0.000000,0.000000,0.000000,0.000000,0.000000,0.000000,0.000000,0.000000,-471081.210005,-465578.744431,-460276.703745,-456945.911048,-453950.710664,-450136.369990,-445958.187795,-441397.126247,-436986.302513,-431333.794262,-424744.143681,-420317.275164,-415845.364388,-410661.361996,-409459.122675,-408458.882285,-403094.837466,-391571.912251,-370976.432750,-344147.622790,-316520.962578,-291001.123567,-269414.722851,-252382.835872,-237204.495245,-226597.621046,-230476.311085,-253364.676013,-281155.816502,-301225.335576,-320597.778052,-342330.493974,-361849.894978,-377606.893859,-391461.338549,-403610.124115,-413951.560733,-423227.404941,-428519.802887,-429848.211601,-430785.858618,-433241.112229,-436319.736602,-439094.738794,-442976.995603,-449396.981056,-456201.428394,-460749.752502,-463191.651575,-465865.779132,-471868.569729,0.000000,0.000000,0.000000,0.000000,0.000000,0.000000,0.000000,0.000000,0.000000,0.000000,0.000000,0.000000,0.000000,0.000000,0.000000,0.000000,0.000000,0.000000,0.000000,0.000000,0.000000,0.000000,0.000000,0.000000,0.000000,0.000000
0.000000,0.000000,0.000000,0.000000,0.000000,0.000000,0.000000,0.000000,0.000000,0.000000,0.000000,0.000000,0.000000,0.000000,0.000000,0.000000,0.000000,0.000000,0.000000,0.000000,0.000000,0.000000,0.000000,0.000000,-474773.077566,-468098.483808,-463370.434350,-458228.888494,-454090.125046,-450557.259530,-446061.775702,-440862.998431,-434356.623818,-426634.454679,-418058.710362,-409101.766547,-399739.967086,-391253.991197,-384273.515697,-376749.121411,-373257.607504,-375166.680394,-371315.885404,-354414.660428,-327528.810746,-287415.737051,-241090.985980,-207798.345813,-179171.414709,-156131.161783,-140835.756528,-124953.609603,-131056.555546,-160756.693300,-191711.139308,-216388.060372,-239895.014747,-270747.156135,-303248.817470,-328560.457951,-347722.262670,-366152.274825,-383287.702720,-397573.687135,-409888.514882,-415510.979063,-415127.152654,-416295.520547,-421201.183882,-425877.968781,-430293.032125,-437771.343500,-446563.327517,-452758.312327,-455216.863614,-457019.618444,-461561.402611,-468241.020302,-475376.538957,0.000000,0.000000,0.000000,0.000000,0.000000,0.000000,0.000000,0.000000,0.000000,0.000000,0.000000,0.000000,0.000000,0.000000,0.000000,0.000000,0.000000,0.000000,0.000000,0.000000,0.000000,0.000000,0.000000,0.000000
0.000000,0.000000,0.000000,0.000000,0.000000,0.000000,0.000000,0.000000,0.000000,0.000000,0.000000,0.000000,0.000000,0.000000,0.000000,0.000000,0.000000,0.000000,0.000000,0.000000,0.000000,0.000000,0.000000,-469859.414875,-464433.517720,-460800.226543,-457467.677560,-453245.563813,-448959.083066,-444099.969828,-437924.058856,-430323.476639,-419154.623546,-404171.045202,-390685.131251,-377116.011463,-360324.141967,-345108.865613,-335574.716133,-328045.142458,-325379.034815,-330684.578753,-326198.449170,-304001.564028,-266090.658676,-216947.969260,-165234.145137,-118539.793382,-87198.882386,-67929.711242,-48998.965954,-32276.743235,-39377.358836,-67110.803659,-93227.364243,-113986.212319,-136231.238516,-174079.205160,-223262.246559,-262824.879845,-289704.973702,-316054.204275,-339853.983284,-360469.795988,-379361.030739,-388899.886667,-389858.281123,-389266.308792,-392317.234862,-400545.885214,-410702.878031,-421202.086259,-432261.116303,-440392.600388,-445301.820358,-449181.422045,-454397.026988,-460913.596863,-467765.690547,-475523.458327,0.000000,0.000000,0.000000,0.000000,0.000000,0.000000,0.000000,0.000000,0.000000,0.000000,0.000000,0.000000,0.000000,0.000000,0.000000,0.000000,0.000000,0.000000,0.000000,0.000000,0.000000,0.000000,0.000000
0.000000,0.000000,0.000000,0.000000,0.000000,0.000000,0.000000,0.000000,0.000000,0.000000,0.000000,0.000000,0.000000,0.000000,0.000000,0.000000,0.000000,0.000000,0.000000,0.000000,0.000000,0.000000,-464527.710053,-459249.340627,-456429.203182,-454486.639705,-451150.634649,-447080.031013,-442169.418875,-435434.991705,-426810.849229,-413299.453123,-392901.435279,-370726.388662,-348684.432871,-324624.113845,-298652.608326,-279123.907848,-270016.156232,-268222.691538,-275490.854689,-278533.316373,-263320.997888,-232208.808184,-184496.390648,-131467.725453,-86396.461066,-44134.508427,-14126.456262,8356.537603,30548.702829,43787.242259,43579.707919,21900.508129,-1035.746582,-13197.814748,-32035.555117,-71821.492330,-129118.151575,-182390.556093,-227309.106264,-260173.085115,-283184.566177,-312094.504510,-336995.785659,-348366.260518,-347532.215454,-342008.334551,-346063.477726,-359523.803837,-376531.632573,-395484.406223,-412270.268528,-424550.932232,-433419.795422,-439993.992568,-446874.592978,-454952.734634,-461546.606234,-465596.526481,-470838.847996,0.000000,0.000000,0.000000,0.000000,0.000000,0.000000,0.000000,0.000000,0.000000,0.000000,0.000000,0.000000,0.000000,0.000000,0.000000,0.000000,0.000000,0.000000,0.000000,0.000000,0.000000,0.000000
0.000000,0.000000,0.000000,0.000000,0.000000,0.000000,0.000000,0.000000,0.000000,0.000000,0.000000,0.000000,0.000000,0.000000,0.000000,0.000000,0.000000,0.000000,0.000000,0.000000,-469687.594655,-462445.032331,-456090.685514,-451242.552950,-448634.394183,-446084.692541,-441827.920077,-436880.517063,-430726.956090,-421611.591305,-408470.378412,-387504.846057,-356991.549601,-320767.644429,-282992.188849,-247933.257744,-212565.395622,-186869.215746,-186570.660431,-199338.699315,-209956.915116,-209289.911408,-183233.900116,-136350.299494,-88892.144940,-41920.857631,-4173.123387,21082.034474,47636.897209,73864.135766,98117.827991,115536.233100,116852.216642,103658.463386,85397.753141,70300.759462,54697.434614,19554.295183,-36105.243709,-98790.750922,-155333.538707,-195831.189507,-224863.168922,-252329.471061,-280576.745301,-294514.422821,-287699.757033,-275943.342352,-278250.992716,-297897.336123,-327799.716907,-358012.653002,-381468.387226,-400237.479152,-416051.493925,-428316.789109,-437508.768655,-445773.723456,-452756.657805,-457157.504697,-461119.795538,-466891.589221,-474059.812535,0.000000,0.000000,0.000000,0.000000,0.000000,0.000000,0.000000,0.000000,0.000000,0.000000,0.000000,0.000000,0.000000,0.000000,0.000000,0.000000,0.000000,0.000000,0.000000,0.000000
0.000000,0.000000,0.000000,0.000000,0.000000,0.000000,0.000000,0.000000,0.000000,0.000000,0.000000,0.000000,0.000000,0.000000,0.000000,0.000000,0.000000,0.000000,0.000000,-466275.592049,-460168.474952,-454941.420355,-449389.389214,-443277.772467,-437929.126501,-432830.344806,-427070.719730,-421063.293825,-411637.471274,-398508.526658,-382618.797644,-357845.367205,-316157.569927,-261033.361407,-209290.229441,-161522.145717,-114913.611098,-86081.230115,-85611.162890,-103472.950754,-115334.175021,-110023.541768,-81924.621061,-34599.343731,8919.035629,41070.740396,65771.769648,87164.873953,110672.275732,133584.307954,154649.752778,170797.308444,173424.296401,165768.164180,152598.465471,137188.577800,119998.478385,91016.854840,40634.776887,-23004.927254,-77676.423012,-120146.971459,-154181.559393,-182230.686626,-208945.216130,-220934.314042,-213235.120645,-200316.080520,-198420.052338,-223806.966180,-268115.992041,-307541.464419,-338403.398447,-364309.844557,-386328.237689,-407141.585145,-422903.468061,-432604.001098,-440863.554691,-447022.024489,-452187.108922,-458193.209146,-463994.072661,-471491.795211,0.000000,0.000000,0.000000,0.000000,0.000000,0.000000,0.000000,0.000000,0.000000,0.000000,0.000000,0.000000,0.000000,0.000000,0.000000,0.000000,0.000000,0.000000,0.000000
0.000000,0.000000,0.000000,0.000000,0.000000,0.000000,0.000000,0.000000,0.000000,0.000000,0.000000,0.000000,0.000000,0.000000,0.000000,0.000000,0.000000,0.000000,-463961.864143,-457327.797225,-452364.202194,-448042.369875,-441178.574531,-432179.266578,-422952.335418,-413917.007749,-404903.921537,-392262.575055,-377753.262268,-364378.039204,-345993.007944,-316354.930348,-270667.816690,-209359.202530,-144819.844905,-86128.109409,-36534.710658,-2164.983977,10649.374557,4644.783971,-3257.718562,4198.292358,27501.755686,57286.471801,87804.584414,108683.235008,122980.867315,142866.788499,163033.257006,180944.149938,194930.238132,203188.648450,206974.071492,203751.104131,195116.570556,182918.085997,166967.741672,141889.662989,101760.338170,50750.399292,-1346.635944,-39551.908004,-63723.419609,-93779.697872,-120320.320014,-128856.242341,-123856.701310,-110703.320369,-115393.437044,-147657.138408,-193460.782335,-240208.463681,-277815.363531,-310201.697983,-343697.023242,-374217.246536,-397925.706562,-414743.568827,-425734.307042,-433991.624795,-441597.100402,-448779.425382,-454404.107988,-460264.482258,-468346.638365,0.000000,0.000000,0.000000,0.000000,0.000000,0.000000,0.000000,0.000000,0.000000,0.000000,0.000000,0.000000,0.000000,0.000000,0.000000,0.000000,0.000000,0.000000
0.000000,0.000000,0.000000,0.000000,0.000000,0.000000,0.000000,0.000000,0.000000,0.000000,0.000000,0.000000,0.000000,0.000000,0.000000,0.000000,0.000000,-463691.168566,-456504.703492,-450250.551840,-444655.070852,-438817.656041,-429053.401714,-415498.349060,-400556.829954,-384659.256118,-365930.472253,-343344.412716,-322357.089592,-306127.983572,-287112.725832,-256320.402586,-211298.102233,-152860.061522,-85402.783445,-28815.297997,16012.905960,58558.149946,82700.865384,89959.785388,92575.241117,98260.884211,113186.574115,130691.206048,146006.367824,158418.266358,169992.618071,184004.741455,198618.940597,210321.580089,218336.901038,222890.299967,224421.658185,224051.756325,219570.699088,210723.658734,199511.805048,180375.183669,151119.913088,114889.720385,77322.779134,47621.650097,26078.925375,1234.755454,-20306.123884,-27706.112718,-24707.690480,-17068.812199,-24971.539587,-57438.077542,-104374.705940,-154221.787215,-197255.924512,-239375.046689,-289483.718509,-334290.264096,-365530.211575,-388311.927690,-405657.778329,-418903.052039,-428826.063811,-437692.082883,-444805.937299,-451574.229003,-459584.834670,-469153.243333,0.000000,0.000000,0.000000,0.000000,0.000000,0.000000,0.000000,0.000000,0.000000,0.000000,0.000000,0.000000,0.000000,0.000000,0.000000,0.000000,0.000000
0.000000,0.000000,0.000000,0.000000,0.000000,0.000000,0.000000,0.000000,0.000000,0.000000,0.000000,0.000000,0.000000,0.000000,0.000000,0.000000,-465253.506810,-457094.981429,-450551.419074,-443067.988440,-434928.477868,-424147.873479,-408505.478003,-388829.085803,-365031.139122,-339213.610292,-307405.531141,-271832.569247,-243010.881995,-222612.490357,-205377.198913,-178032.311634,-136121.744702,-85878.539876,-28744.845871,24988.629839,66889.209803,105647.238113,134211.400589,147881.855432,154872.184529,159748.602813,168050.049529,179289.802406,189158.142615,195926.126684,203185.641086,212575.007463,221145.803818,227143.438976,231848.612565,235394.988062,236547.039919,234917.355474,231796.491300,227257.568536,219469.867552,207726.957981,189462.012936,165270.828459,141948.185181,122401.012627,103185.789406,85188.463022,71476.140953,65616.349704,67508.958566,67320.474811,55512.152630,25745.021146,-17867.701508,-63994.708164,-118085.019534,-177357.025978,-232506.815211,-287681.559498,-328876.752768,-353861.641391,-376423.156577,-397160.530216,-413605.695012,-426014.709539,-435987.854202,-444200.500376,-452689.230204,-461472.199145,-470919.405262,0.000000,0.000000,0.000000,0.000000,0.000000,0.000000,0.000000,0.000000,0.000000,0.000000,0.000000,0.000000,0.000000,0.000000,0.000000,0.000000
0.000000,0.000000,0.000000,0.000000,0.000000,0.000000,0.000000,0.000000,0.000000,0.000000,0.000000,0.000000,0.000000,0.000000,0.000000,-463734.247782,-457474.752713,-451022.506275,-443072.912511,-433273.133279,-419820.414224,-401741.186256,-378996.829315,-350067.642163,-314769.947538,-277671.761605,-234436.243738,-184678.759581,-149225.658515,-132944.904770,-111963.204025,-83278.272725,-57528.164741,-19926.480205,32351.575079,80874.481899,118512.713676,149493.462406,173850.056628,186566.832636,192286.217150,197569.436918,203070.460566,208888.285718,215249.389941,220564.852633,224674.042115,229719.162784,233808.304095,236618.839917,240131.993434,242590.430023,242778.793082,241257.714725,239266.867823,236725.833489,231985.260962,224601.082667,214963.421839,201760.599215,185845.620855,172703.440731,161734.982416,149794.466361,140462.994166,136989.956862,135752.837269,131423.594681,114171.891849,83735.951928,46351.771680,-2888.111992,-62418.348105,-124657.093329,-183398.619063,-236993.439607,-277912.041253,-305107.099557,-333862.447144,-365733.312036,-392546.023125,-412959.280472,-427629.106914,-437984.200757,-446253.988005,-454110.739073,-461731.074295,-468981.122451,0.000000,0.000000,0.000000,0.000000,0.000000,0.000000,0.000000,0.000000,0.000000,0.000000,0.000000,0.000000,0.000000,0.000000,0.000000
0.000000,0.000000,0.000000,0.000000,0.000000,0.000000,0.000000,0.000000,0.000000,0.000000,0.000000,0.000000,0.000000,0.000000,-460436.239122,-455239.805812,-450083.703369,-443021.874124,-433705.905973,-419899.892948,-400034.542399,-373419.363956,-338678.806727,-295240.642125,-246487.915907,-197140.307858,-148080.293630,-96118.077397,-57088.759430,-37560.471025,-15369.606008,10126.861978,28039.223576,52041.517872,93021.168383,132303.195803,161611.566083,185620.312993,202242.116118,210467.624962,214774.997026,219711.655080,224111.943635,227361.134520,230488.952197,234006.015499,236662.366673,238785.548069,240829.744240,243101.254532,245338.079958,246057.752374,245454.586150,244517.513128,243725.001168,242805.838906,240610.791006,236252.317178,229931.053849,222938.487946,214809.207110,206520.789510,199263.353336,192036.218776,186957.148031,184558.496729,180946.858183,173450.807554,157252.729614,130397.791715,93083.028426,38875.005905,-18407.904132,-68859.132052,-121349.958281,-171211.822985,-209809.809645,-239946.133801,-277573.958975,-323697.933731,-365770.132750,-396957.850621,-417319.477165,-430741.493834,-439646.695585,-446825.067113,-453844.864417,-460414.499325,-467649.316090,0.000000,0.000000,0.000000,0.000000,0.000000,0.000000,0.000000,0.000000,0.000000,0.000000,0.000000,0.000000,0.000000,0.000000
0.000000,0.000000,0.000000,0.000000,0.000000,0.000000,0.000000,0.000000,0.000000,0.000000,0.000000,0.000000,0.000000,-459743.943423,-453307.076316,-448431.916532,-442732.294375,-434827.798669,-422964.996022,-403578.953669,-374432.469520,-336244.966469,-285852.342404,-223404.109110,-158484.346738,-102053.260481,-53322.130080,-7224.185937,25798.896657,47557.910947,69264.013755,90606.623469,106988.252646,122081.787826,146867.897069,174667.691201,194285.744700,208743.233101,219148.922733,224780.904882,228814.677545,231688.317873,234367.676000,237172.464134,239489.574764,241380.274669,242593.619374,243722.474361,244922.891235,246573.122090,248005.974709,248145.070500,247532.878564,246801.245375,246150.301416,245443.181579,244779.116949,243045.197722,239347.398201,235511.991772,231627.640969,226842.594587,222133.817497,218010.600020,214644.014098,211858.476168,208839.114389,202822.332163,190163.940973,167989.723232,135577.737302,91176.806380,39560.716429,-3260.701241,-40470.672096,-90434.609986,-141594.288571,-182554.990486,-228863.654738,-284120.366222,-337535.065018,-378020.479570,-403920.147376,-420062.477000,-430591.810946,-438435.767467,-445078.779051,-452475.621385,-460049.367530,-468288.022707,0.000000,0.000000,0.000000,0.000000,0.000000,0.000000,0.000000,0.000000,0.000000,0.000000,0.000000,0.000000,0.000000
0.000000,0.000000,0.000000,0.000000,0.000000,0.000000,0.000000,0.000000,0.000000,0.000000,0.000000,0.000000,-464198.564183,-455673.136436,-449136.790756,-443769.993684,-436561.249256,-425998.338553,-408761.165337,-381105.912247,-342515.757339,-289536.654049,-222128.464227,-145318.092842,-71208.685337,-15373.512526,27884.876884,68369.962269,94168.812335,109021.652141,131323.856930,151545.110750,162200.599251,173887.969941,189869.669379,204586.670728,215091.450727,223669.455655,230176.442385,234147.677831,237043.817239,238334.056034,239393.339872,241494.440085,243384.016632,244751.417743,245587.043516,246342.225181,247436.273258,248831.914512,249600.211435,249398.210069,248770.831041,248211.360997,247992.779900,247742.675079,247169.975354,246344.350199,244552.043673,242557.106357,240710.460514,238038.560019,235512.136748,232826.227116,230119.522879,227695.805480,224771.503668,220588.354668,212157.480020,197263.191490,174481.033197,142181.571000,105885.618711,72016.887124,34575.004280,-22243.016400,-88494.243904,-146706.883135,-205689.081489,-263057.507468,-313406.824711,-356034.919748,-385732.710334,-404571.056273,-418545.252729,-429101.431796,-436599.394898,-444580.366575,-452416.202709,-460561.954208,-471535.827118,0.000000,0.000000,0.000000,0.000000,0.000000,0.000000,0.000000,0.000000,0.000000,0.000000,0.000000,0.000000
0.000000,0.000000,0.000000,0.000000,0.000000,0.000000,0.000000,0.000000,0.000000,0.000000,0.000000,0.000000,-461721.770155,-453373.584597,-446577.370035,-439453.406861,-429398.175488,-414311.753963,-391212.846421,-353918.494683,-303960.200543,-241992.631571,-164721.925736,-81830.553656,-8066.567268,44110.334841,82363.339533,119899.886111,145520.183569,159690.664369,175338.866691,190037.400916,199558.451432,208109.184981,217214.978681,223780.175317,229105.254187,234355.323030,237667.788319,239661.675488,241329.590646,242280.906269,243020.952416,243880.488603,245301.402689,246662.844963,247115.961827,247983.145589,249349.652167,250406.097232,250731.479819,250267.508544,249337.667003,248629.395745,248728.174387,249140.131302,249180.336782,248702.774448,247893.421013,246938.844347,245853.378119,244031.429048,241978.318000,240152.288769,238855.317033,237653.008771,235585.249507,231551.452720,224739.180850,216754.500065,203671.907856,182136.745922,157965.951793,131555.679219,93303.940249,33849.589293,-41619.072840,-116476.648123,-183027.711371,-238302.161481,-283232.494601,-323683.983882,-357869.159171,-381844.769745,-400141.006534,-417089.921521,-429123.239625,-437549.098062,-446478.989677,-455002.860072,-464194.976476,0.000000,0.000000,0.000000,0.000000,0.000000,0.000000,0.000000,0.000000,0.000000,0.000000,0.000000,0.000000
0.000000,0.000000,0.000000,0.000000,0.000000,0.000000,0.000000,0.000000,0.000000,0.000000,0.000000,-468962.908263,-459665.018285,-451362.606466,-443042.410416,-433163.391207,-420545.509534,-401020.276712,-370893.846364,-325957.518503,-268666.308007,-202845.148229,-124896.151893,-40234.750819,33647.989066,85062.706370,125495.411599,159458.212933,182463.114299,196774.595046,206904.004546,215824.340643,222297.820743,227852.593401,232407.170551,235474.754098,238622.806187,240960.559351,242121.778777,243509.337713,244545.346305,245176.747683,245592.896024,245790.952310,246842.254584,248174.197477,248682.391476,249333.260758,250511.993863,251034.140494,250709.012567,250241.669003,249360.872532,248662.517138,248705.994216,249237.305731,250101.762582,250488.162594,250276.700426,249876.644066,249127.718774,247506.903984,245608.325288,244264.622570,243443.259397,242849.460621,242032.645788,239769.831854,234992.708141,228638.148201,220985.168889,209656.286844,192056.618073,169771.632918,137609.303003,86809.617560,15865.342292,-63981.908419,-134523.379177,-187167.951833,-230221.567287,-276479.693396,-315662.252439,-344245.721246,-371391.862275,-396327.308429,-416441.034168,-430800.384157,-441435.952203,-450279.724159,-459385.413017,-470294.708946,0.000000,0.000000,0.000000,0.000000,0.000000,0.000000,0.000000,0.000000,0.000000,0.000000,0.000000
0.000000,0.000000,0.000000,0.000000,0.000000,0.000000,0.000000,0.000000,0.000000,0.000000,-474702.500577,-464498.648404,-456849.611288,-448134.960713,-437157.043445,-425160.898244,-407664.523331,-382664.747132,-348209.795388,-299939.600045,-241745.250507,-174143.658483,-94329.995346,-9307.825828,66339.065242,122588.423421,162215.614097,190855.318312,208966.360468,219017.553626,226837.278356,231744.447105,234606.542080,237886.498458,240220.747630,242183.620176,243928.969083,244994.486515,245832.530167,246679.761899,247296.007607,247887.620783,247929.816014,247883.715954,248480.746836,249007.957179,249291.092125,249672.417530,250370.416185,250669.896012,250256.445742,249968.930416,249518.104851,249091.726577,249067.162131,249502.480699,250767.033386,251596.039864,251875.656111,251621.247620,250647.643506,249314.913248,248163.010760,247414.275383,246664.285864,246124.262128,245119.585839,243733.463768,241813.047468,238027.924986,232283.063510,225253.242519,214268.032736,196861.992676,171746.406699,132696.148032,77931.455100,11116.920780,-55745.106410,-109149.652707,-157005.856716,-211645.592633,-259881.416607,-294781.370239,-331814.604523,-368593.743918,-397669.710556,-419456.497382,-434145.903359,-444795.933135,-454092.770049,-463232.081898,-473726.853357,0.000000,0.000000,0.000000,0.000000,0.000000,0.000000,0.000000,0.000000,0.000000,0.000000
0.000000,0.000000,0.000000,0.000000,0.000000,0.000000,0.000000,0.000000,0.000000,-477166.546544,-467828.055188,-460265.236142,-452723.658214,-442478.833074,-429747.336517,-413096.952821,-388334.139294,-355833.853413,-319996.128909,-273491.214574,-212887.276056,-145198.158084,-67697.959305,15603.350575,93842.862563,152272.545693,188116.806058,211771.174374,225191.965348,232814.439652,238225.018667,240693.715228,242317.566608,243771.685509,244655.926170,245752.998629,246874.016109,247865.226549,248960.172170,249286.619820,249365.141266,250324.325886,250573.610828,250027.659488,249700.354576,249237.505311,249040.196072,249222.704038,249364.983139,249584.367440,249783.151722,250115.971860,250481.001954,250481.559417,250268.699292,250580.529658,251537.037868,252338.652562,252784.305360,252453.893116,251580.992389,250485.036371,249690.571704,249290.923586,248722.391047,248090.556817,246884.063644,245535.480912,244610.445787,243439.102751,240178.634934,235342.238221,228129.186911,215140.519744,196620.716407,170240.187550,132394.114879,84579.914541,33316.894625,-17476.151034,-72169.498659,-136029.668642,-201348.139490,-249292.540893,-291577.155057,-340976.141187,-378694.668445,-404587.778409,-424961.909935,-437832.590961,-447752.523248,-457398.630160,-466946.070606,-478053.097083,0.000000,0.000000,0.000000,0.000000,0.000000,0.000000,0.000000,0.000000,0.000000
0.000000,0.000000,0.000000,0.000000,0.000000,0.000000,0.000000,0.000000,0.000000,-469006.621447,-461419.037152,-454830.984815,-446847.160069,-435995.654400,-421381.806700,-396676.083316,-361701.692646,-323015.025498,-284579.028365,-242060.720640,-181589.078810,-103676.333455,-24547.460403,49664.871408,120384.296041,173499.621386,205430.259140,224084.984810,234126.104054,241300.776833,245271.898685,246119.481478,246522.813206,246706.308105,246849.971054,247803.222725,248640.922629,249709.121849,250838.761951,251105.032225,251387.484541,252178.385755,252369.423680,251587.573906,250458.070293,249509.545136,248909.687372,248637.394722,248560.587141,248815.069855,249347.079187,250447.830022,251553.140965,251855.113126,251773.612850,251736.020740,252178.780827,252777.675084,252913.223745,252358.880628,251672.587739,251057.195879,250586.067009,250268.748931,249532.914230,248572.316729,247816.836990,247227.228553,246517.605402,245955.806813,244352.494933,241172.019474,236811.303301,228256.623806,214465.284578,196946.551632,173613.283463,142837.546969,104760.769589,62077.866333,6657.359866,-66921.007661,-139811.688543,-202403.086129,-258958.185423,-312629.582133,-357538.164730,-388921.383636,-412674.580348,-429723.361038,-441752.508480,-451937.397861,-461057.480504,-471435.465808,0.000000,0.000000,0.000000,0.000000,0.000000,0.000000,0.000000,0.000000,0.000000
0.000000,0.000000,0.000000,0.000000,0.000000,0.000000,0.000000,0.000000,-469198.326430,-462213.811438,-456372.668616,-448987.389749,-440436.713336,-429254.349248,-409161.630060,-377923.872156,-333361.810925,-287926.257057,-253544.368448,-208124.519398,-137413.215839,-51261.000441,30161.537481,96273.468190,150939.292825,192323.579451,217499.789575,231346.385425,239973.668309,245356.724768,247500.522484,247643.857783,247823.413989,247901.369093,248347.254961,249092.376580,249665.153250,250482.277339,251428.046840,251874.165881,252293.820927,252791.718908,252806.346451,252290.746900,251178.304742,250018.460423,248907.706898,248255.300924,248252.282331,248387.190994,249258.806510,250726.201365,251733.349893,252130.238878,251841.188978,251636.572804,252326.617043,252809.811260,252654.743481,252018.053454,251238.069423,250710.396194,250495.055717,250472.621350,249912.844902,249066.645456,248508.611860,248282.536169,247955.379423,247355.310442,246189.689235,244282.368177,241966.567786,237124.895372,228378.151498,216097.754761,201013.350686,181353.814419,153397.611397,117637.384554,67413.500979,-4845.518205,-81510.818930,-151404.159697,-218558.306306,-275966.596368,-325460.706384,-368232.468589,-399264.632937,-420584.703198,-435277.473272,-446371.173448,-455869.725094,-465102.777543,-475270.285436,0.000000,0.000000,0.000000,0.000000,0.000000,0.000000,0.000000,0.000000
0.000000,0.000000,0.000000,0.000000,0.000000,0.000000,0.000000,0.000000,-463084.214998,-456321.184459,-450319.979560,-442455.396330,-433231.190633,-418825.570383,-393092.804818,-357036.649644,-308465.233841,-260303.216105,-226535.968059,-175082.176425,-90733.355201,-632.930261,76565.839804,134977.474898,177216.108080,207154.052456,225126.299897,235652.400362,242793.189956,246429.676043,247423.813551,247868.079215,248045.674933,247962.260848,248432.589609,248638.546978,248833.872515,249755.791075,250841.195510,251488.976382,251737.368342,252112.576313,252259.280852,252151.972205,251413.630624,250035.081655,248781.293202,248111.146907,247967.251354,248238.304128,249317.900795,250764.947522,251665.926348,251607.194006,251058.131181,251142.263843,251998.578433,252413.114317,252150.420984,251508.501834,250644.720114,249987.364547,249652.288036,249745.980455,250012.045820,249786.177359,249155.616391,248893.397076,248537.465757,247668.879723,246932.287783,246188.423225,244842.847579,242082.683318,237251.279022,229982.750219,219667.660554,205259.705062,184610.072054,153991.942876,108361.893084,43673.321904,-36957.952822,-109838.119963,-172744.145364,-236718.750270,-290691.138491,-341266.400607,-385291.976755,-412142.337706,-429222.984759,-441534.424873,-451219.306990,-460059.747780,-470139.851246,0.000000,0.000000,0.000000,0.000000,0.000000,0.000000,0.000000,0.000000
0.000000,0.000000,0.000000,0.000000,0.000000,0.000000,0.000000,-465375.849500,-456892.310847,-450371.117968,-443275.687548,-435102.287848,-422881.703225,-402849.093539,-375750.673941,-335010.909819,-284942.538282,-242109.696738,-197677.449491,-135784.113632,-50548.886061,41650.433966,112773.965063,160575.603050,194818.620908,217617.831888,230411.320350,238770.563513,244241.935994,246834.435202,247583.815106,247566.581493,247386.827741,247101.965829,247284.954886,247338.570628,247440.820012,248284.742509,249427.665378,249813.666280,249955.271294,250238.044804,250486.140890,250995.662601,250771.581269,249640.490131,248543.070177,247993.118169,247990.463004,248443.550588,249430.496571,250677.272835,251356.923372,250969.411549,250584.918327,250917.812284,251620.890837,251926.137708,251542.027095,250802.947856,249972.604041,249230.469729,248755.527938,249025.362415,249509.882003,249509.718961,249267.873854,249171.741615,248922.001400,248115.015222,247552.716245,247650.224176,247299.047200,245280.754022,241990.545181,237949.633500,231473.976034,220758.618832,204347.809073,177978.273739,134834.581187,74490.898933,-1596.452892,-76645.052364,-139342.512993,-201616.111981,-260315.622686,-316343.443539,-367833.479430,-403207.808729,-423915.824825,-436957.678658,-447589.186523,-456621.460016,-465221.761392,-475357.517422,0.000000,0.000000,0.000000,0.000000,0.000000,0.000000,0.000000
0.000000,0.000000,0.000000,0.000000,0.000000,0.000000,0.000000,-459771.414726,-451687.686059,-445085.896446,-436697.933744,-425730.517283,-408620.461153,-382731.623737,-350538.386175,-309117.357193,-259341.729857,-211897.546736,-160193.538871,-88325.318079,-1795.088744,78729.339141,139061.501482,180570.389975,208690.846627,225732.561750,235039.179994,240822.357554,244567.643191,246595.308259,247357.872109,247012.669172,246871.806566,246782.594065,246610.740223,246585.854392,246825.696616,247617.673132,248283.141640,248421.327138,248175.125627,248214.358702,248746.296240,249502.471530,249674.115475,248900.052255,248229.410414,248237.507213,248511.795732,248734.324735,249659.406333,250673.800350,250649.505525,250237.775898,250063.359070,250423.054373,250970.649619,250881.908118,250425.694637,250220.582771,249776.362966,248834.263146,248150.003154,248309.204990,248637.831678,248830.227763,249017.128201,249131.725281,249341.708942,248744.501134,248131.228704,248544.187781,248721.605281,247424.050835,245120.766368,242629.719253,238403.098740,230300.606736,216542.801574,193502.486446,157399.632520,99152.322250,27289.911745,-44357.099384,-115959.854198,-177162.163534,-234231.179007,-294337.591718,-349474.284467,-392043.231510,-417345.764383,-433005.125480,-444822.897420,-453915.845929,-461781.055585,-470945.313196,0.000000,0.000000,0.000000,0.000000,0.000000,0.000000,0.000000
0.000000,0.000000,0.000000,0.000000,0.000000,0.000000,-464798.684093,-455814.062596,-449272.150613,-441725.433438,-431624.132983,-416493.539719,-393449.279306,-360794.685188,-319629.920821,-275337.135791,-219923.924194,-159681.466953,-105712.470268,-35646.745364,47215.854843,113649.652867,162029.914762,196737.898378,218503.192401,231122.907747,237827.562813,241779.751680,244470.437102,246551.844461,247340.554299,247365.682215,247241.924981,247087.675742,246870.104383,246540.749908,246812.613374,247516.188835,248050.999306,248012.010985,247522.310817,247395.676046,247860.594061,248639.155405,248970.941873,248605.189441,248578.473501,249136.009877,249352.745505,249476.280546,250216.249195,250566.211702,250002.694596,249316.135360,249325.716361,249764.525873,249836.355148,249504.779194,249371.623452,249990.274784,250231.326127,249343.494276,248162.698714,247697.876639,248085.534271,248538.755927,248913.698375,249550.228223,249959.936371,249287.935880,248769.222779,249100.384271,249117.414678,248250.742761,246970.880670,245689.854038,242952.054706,236689.555525,224777.197085,204960.035828,174186.083448,123782.700986,57271.487017,-15839.586375,-92542.145562,-162344.576879,-220553.947152,-276201.486622,-333777.590679,-380393.376084,-410480.906588,-429342.662219,-441662.568622,-451607.041126,-459672.259049,-467742.788953,-477937.632501,0.000000,0.000000,0.000000,0.000000,0.000000,0.000000
0.000000,0.000000,0.000000,0.000000,0.000000,0.000000,-459529.903505,-453273.819169,-448211.143241,-440037.104030,-428327.943854,-408540.736943,-378213.696909,-339247.512284,-290381.230568,-232155.438981,-163359.914011,-95160.905421,-36521.490723,27227.867876,92158.472215,145230.496935,183451.786539,208485.657326,225145.343451,234866.305479,239966.962896,242472.994793,244443.351060,246213.788211,247022.999717,247632.151493,247929.186242,247793.758155,247479.075154,247047.195902,246759.524957,246996.291324,247756.957211,247782.866606,247495.252842,247512.352656,247613.723140,248072.616884,248395.863843,248772.917414,249344.487744,249863.162752,250012.032210,250078.210364,250447.509729,250252.907994,249452.068605,248872.309510,249098.003791,249445.434786,249204.019640,248917.843637,249304.115257,250472.406872,251218.717306,250649.651614,249265.429935,248339.825070,248355.285201,248697.419335,249575.851535,250695.243129,251008.978914,250391.636868,249684.141606,249731.408793,249716.703582,248696.525866,247838.719140,247624.736122,245836.151188,240703.524207,231101.348264,214779.500165,187549.070243,147757.296665,89175.195118,17512.363957,-57800.253286,-136447.700440,-200523.981198,-257122.049509,-319153.113764,-369606.372734,-403015.807820,-424517.237407,-438610.800579,-448858.884703,-456868.638135,-464220.621780,-472524.268499,0.000000,0.000000,0.000000,0.000000,0.000000,0.000000
0.000000,0.000000,0.000000,0.000000,0.000000,-463353.281445,-456512.934854,-451933.163922,-446183.827382,-437734.138832,-423081.421021,-398045.406049,-361494.657292,-312059.230850,-252586.197076,-179952.244983,-98790.323482,-27847.869138,33185.708131,87776.988959,134599.283417,173808.024414,201426.194092,219105.487982,231045.749107,237980.622997,241265.829585,242905.977201,244076.087750,245278.644506,246275.200004,247225.759249,248027.129115,248380.180848,248053.992757,247414.842044,246740.304586,246754.274483,247383.758523,247749.439449,248064.016208,247960.370894,247653.792525,247686.621031,247949.387669,248686.165986,249673.608098,250188.758812,250133.960161,250021.501340,250153.999898,249955.947610,249148.412797,248870.248906,249349.141982,249575.048958,249185.345799,248856.282268,249504.955731,250952.013326,252032.388308,251899.609720,250999.994539,249988.666950,249380.553927,249743.417011,250787.940501,251834.784387,252346.593547,251724.125269,250806.977559,250490.369594,249935.482316,248979.311464,248535.374041,248624.521819,247657.037338,243366.909938,235217.714882,222534.686541,201892.207197,169198.251362,123238.369942,64389.028571,-8747.949146,-87370.589504,-156110.877222,-223610.625423,-296784.902274,-355666.701902,-393309.743786,-418180.593840,-434868.833304,-445766.824568,-453268.698184,-460204.608758,-467055.573029,-475593.632055,0.000000,0.000000,0.000000,0.000000,0.000000
0.000000,0.000000,0.000000,0.000000,0.000000,-464041.323537,-456172.504837,-450877.702732,-444032.047343,-434824.344511,-416720.501032,-388066.609558,-343920.672097,-282502.439458,-212120.583713,-130184.320560,-47494.100377,23653.019086,81984.352293,129587.723116,168515.376674,196152.248003,215371.958817,228839.756548,236620.279526,240389.627276,242512.575087,243696.484278,244311.125711,245018.506358,245946.166098,246824.441813,247608.719340,248313.798929,248418.851012,247912.571230,247432.040047,247344.279669,247673.599617,248293.908876,248764.490824,248647.953438,248164.121490,247810.437284,247970.021557,248619.975115,249422.712439,249943.967287,249869.472101,249668.539503,249632.088150,249244.993493,248792.388986,248947.132460,249504.990477,249712.682828,249298.775346,249121.111314,249680.024506,250910.735810,252133.310392,252553.809265,252316.463609,251565.118900,250829.165621,250912.917155,251775.232043,252805.786725,253161.681175,252362.013685,251621.808335,251211.698171,250253.146589,249472.815186,249191.461817,249214.428150,248660.881725,245490.878471,238844.507198,229205.423376,214272.464713,189236.057501,154568.298817,107817.397806,44438.687679,-25027.168155,-96539.818179,-177951.112503,-262973.499982,-334582.662862,-381359.402763,-409200.739757,-428784.859634,-441605.969545,-449172.473741,-455487.342055,-461351.040470,-468511.593717,0.000000,0.000000,0.000000,0.000000,0.000000
0.000000,0.000000,0.000000,0.000000,-477687.752138,-465749.434246,-457177.834317,-451009.310025,-443636.461518,-432584.080482,-414091.310287,-381627.872859,-331593.984993,-263917.782089,-179786.941707,-94810.370775,-19471.953779,49802.515428,106936.768272,153800.386440,188862.438691,210428.039057,226201.376931,236318.383595,240901.412508,242546.092119,243507.456614,244166.179153,244730.283754,245443.024334,246172.764117,246958.782418,247623.991600,248205.753311,248399.831918,248352.585053,248290.719205,247986.594927,248125.299494,248463.967033,248690.419107,249013.027436,248749.371796,248203.743251,248259.232644,248824.798481,249274.209723,249503.113976,249406.847659,248944.792089,248712.533203,248348.122270,248024.568689,248425.582811,249259.904180,249719.919689,249428.673988,249348.924793,250078.704682,251249.730671,252024.357777,252590.106212,252876.976877,252341.710446,251684.568409,251635.852716,252544.977007,253424.376029,253185.368320,252276.896541,251636.107206,251350.071556,251001.481903,250408.217599,250013.047607,249791.444043,249117.240963,246996.950182,242458.078386,235312.556176,224380.674051,206738.670765,178812.899414,142092.523419,92616.034897,30915.874352,-36263.238818,-121968.889008,-221076.198888,-305310.157710,-363223.417407,-398578.867086,-420510.567219,-435422.672194,-444971.881544,-450389.914303,-456074.478098,-463448.240682,-472126.218741,0.000000,0.000000,0.000000,0.000000
0.000000,0.000000,0.000000,0.000000,-477725.213173,-466378.436722,-457883.902790,-451786.387819,-443824.722432,-431316.309604,-412364.618675,-378082.848705,-323313.973524,-248251.179313,-159477.333331,-72388.251134,2100.343125,64893.907651,122722.893770,169109.957703,199735.535819,220276.025563,233748.130949,240809.523598,243140.942578,243674.870429,243785.322204,244328.858058,245197.422825,246338.654118,247277.254758,247633.943888,247972.661012,248298.365240,248424.772516,248613.364576,248656.672426,248510.129503,248208.727338,248060.678318,248403.479303,248785.352727,248815.897355,248841.760807,249043.405550,249341.732538,249604.852903,249602.668812,249171.804978,248387.704400,247775.061779,247556.105991,247265.916886,247420.261833,248479.999162,249305.201859,249239.257377,249317.951408,250379.387729,251637.594937,252331.976917,252624.467629,252718.677238,252247.595405,251647.085799,251846.136520,252612.525430,253056.989004,252606.229546,251681.597038,251150.934113,251144.355228,251092.198331,250931.944642,250535.048298,249800.145357,249203.445722,248027.063451,245300.236803,240298.782797,232421.934434,219858.026165,199800.682689,171075.720351,131774.831115,80479.477272,18871.851615,-64165.479573,-170334.966859,-267120.153412,-336892.562457,-383985.433126,-411555.467003,-428796.962829,-440736.461540,-446842.526236,-452423.890043,-460180.307273,-469411.015234,0.000000,0.000000,0.000000,0.000000
0.000000,0.000000,0.000000,0.000000,-476985.241108,-465774.874839,-457645.823857,-450721.166064,-443030.317171,-430708.029477,-409654.193642,-374471.462056,-316290.262443,-240140.722806,-155939.262522,-64805.215767,16255.422246,81472.563244,138240.542757,180733.640205,208074.653580,226486.208154,237611.626037,242656.105281,244455.821117,244357.558130,244211.059863,244767.305629,246005.404393,247363.999041,248334.582964,248626.911385,248772.026893,249007.599470,249011.665395,249017.672151,249009.782780,248997.194440,248608.195218,248458.826427,248704.034394,249027.723599,249520.686937,249766.363047,249821.538173,249699.666077,249578.331331,249408.121143,248807.352181,247986.687568,247336.316944,247049.690626,246799.114500,246801.911706,247579.756782,248532.959247,248824.771732,249131.796383,250425.326733,251736.922561,252481.085082,252728.153055,252517.318111,252134.486924,251686.829289,251465.368374,251677.585858,252009.769945,251614.948822,250763.256751,250644.784172,250953.616258,250815.094696,250565.338478,249957.149866,249000.771923,248615.110587,248164.604799,246707.351137,243601.026930,238050.331912,229213.880410,215391.641578,193423.425345,161642.510613,120883.622826,64578.285469,-16184.133730,-119742.450316,-224409.539553,-306351.559615,-364231.580471,-400945.146179,-421858.604922,-435029.223025,-443417.049108,-449886.785369,-456919.796350,-467224.992042,0.000000,0.000000,0.000000,0.000000
0.000000,0.000000,0.000000,0.000000,-474710.164955,-464350.806306,-456326.122928,-449088.253062,-441265.734350,-428663.330787,-405945.393657,-368221.491901,-315356.044019,-244737.331744,-160523.544956,-71260.509649,19081.561939,94496.507572,150396.050285,190069.695795,214772.162639,230770.481814,239707.743518,243709.744179,245161.284481,244968.161181,244815.590719,245259.453401,246459.437671,248039.962472,249085.850653,249677.324272,249872.059859,249880.283193,249451.742025,249162.720449,249312.344387,249313.631479,249251.211769,249170.901536,249340.252647,249906.770102,250562.809437,250700.854538,250136.076294,249339.107541,248722.828246,248474.556888,248068.391344,247478.542688,247322.478320,247161.402972,246724.574026,246558.963232,247155.724613,248186.080918,248681.315497,249194.115349,250406.887435,251728.715793,252317.208093,252524.691642,252727.621342,252298.306159,251746.992571,251162.039464,250576.030074,250592.204420,250356.250437,250010.815821,250340.601316,250562.966759,250238.192855,249639.042280,248954.218037,248195.714662,247913.951142,247770.707434,246986.657327,245458.256473,242177.836769,236089.143126,226131.199948,209883.063214,183688.330319,146305.438919,93604.352867,13676.545811,-88353.726693,-191846.603869,-280346.700956,-343983.485503,-387069.656312,-414205.685484,-429093.849928,-439370.663895,-447446.589909,-454223.871944,-462398.757745,0.000000,0.000000,0.000000,0.000000
0.000000,0.000000,0.000000,-481417.669833,-472000.163873,-463460.602220,-456060.030193,-449178.759017,-439506.399188,-424020.170270,-398693.630862,-359398.096851,-304838.242753,-236926.792199,-158616.045340,-68292.069456,27632.268378,105992.170233,160401.595125,197475.015604,220412.062128,234023.199322,241249.692882,244560.120179,245729.734291,245907.171187,245927.346986,246040.025811,246830.669718,248436.205870,249717.303577,250178.800740,250278.582925,249849.262916,249073.683627,248869.905942,249088.515600,249421.103348,249358.697019,248943.064477,249119.945338,249733.318274,250415.333561,250730.582548,249977.424599,248583.516351,247729.756478,247721.085126,247915.654300,247758.257609,247594.544958,247566.429160,247209.048719,246844.312051,247367.608167,248417.669705,249217.554134,250218.744166,251248.183466,251934.684631,252309.972533,252441.017472,252718.507880,252513.341698,251646.043504,250817.605424,249987.596993,249442.720228,249265.499053,249398.938648,250004.920040,249968.568994,249024.917994,248406.038530,248209.020896,247886.097351,247668.083816,247668.839140,247344.003419,246439.746119,245008.674069,241544.416202,233665.988463,220264.283586,198511.508072,163309.858685,110469.857848,29744.811906,-73460.122348,-172998.302671,-257765.251749,-324552.509997,-372099.834033,-403884.506644,-422839.410864,-435061.715404,-444194.814957,-451606.625941,-457732.742889,-464759.440674,0.000000,0.000000,0.000000
0.000000,0.000000,0.000000,-479223.068107,-469535.142706,-462349.109764,-456152.009727,-448861.660334,-437615.032597,-418511.439624,-389934.364096,-345814.906865,-279573.416995,-206716.218911,-128977.849728,-39646.919055,47934.886064,121282.021397,172044.952662,204093.489343,225111.222618,236712.606756,242644.228914,245430.048055,246614.275327,247049.913150,246724.097914,246223.884004,246749.717128,248266.526154,249576.629140,250169.890242,249959.679032,249223.824446,248495.819685,248413.779883,248907.883159,249112.709515,248677.446125,248129.659227,247760.061472,248046.633694,249057.974263,249826.936764,249325.596644,248298.812118,247797.776509,247982.186409,248481.143640,248684.025699,248475.488156,248071.684243,247893.482967,247780.854321,248119.125854,249019.395214,250309.017950,251847.987168,252948.635827,253081.265951,252830.447635,252776.512169,252624.276300,252458.591706,251771.150229,250688.483911,249977.059502,249433.494601,249057.590916,249271.901669,249901.223585,249729.602447,248665.185174,247848.279222,247906.670994,248044.638907,247589.514540,247421.241179,247437.366956,247118.667916,246495.604242,244546.609338,238511.913583,226905.125554,208950.986018,178050.745957,127054.142108,50598.198637,-49313.492936,-147265.801170,-230337.246471,-302102.392749,-354225.837016,-389546.211295,-414206.102590,-429949.598803,-440836.267688,-448866.676514,-455550.731416,-463197.442400,0.000000,0.000000,0.000000
0.000000,0.000000,0.000000,-476786.540364,-467394.172961,-460684.179382,-454320.516566,-446620.653389,-434313.910805,-414438.052930,-380766.916889,-328645.986058,-256357.953175,-168542.253950,-82253.388676,-3491.041927,72187.204839,136705.126157,181605.494055,210934.374596,229384.021674,239190.272747,244065.775798,246079.802858,247029.641682,247496.246743,246748.345542,245860.059249,246090.030896,247505.197663,248944.385581,249660.301987,249526.282723,248772.374639,248233.235838,248261.633288,248653.845377,248618.600793,247890.910149,247156.551991,246724.504485,246725.829670,247597.169619,248799.938190,249043.997306,248642.021289,248491.088559,248840.135650,249472.032665,249642.183467,249237.417670,248711.549512,248501.314111,248586.702218,248732.177626,249336.068346,250886.374608,252869.504578,254284.731421,254429.689239,253690.222552,253351.280140,253037.635057,252288.487273,251687.392427,250888.625382,250149.777573,249715.017109,249268.652119,249473.360132,250142.985221,250042.707228,249283.561393,248640.244364,248568.386084,248440.836608,247660.243982,247052.388082,247272.580316,247724.919196,247302.287850,245694.098133,241268.629915,232270.064189,217042.153257,191594.162302,147975.320011,81500.967653,-6370.483210,-105098.408571,-195682.156736,-272133.783473,-332112.011593,-373499.225726,-403235.029073,-424364.653730,-437683.969208,-446784.029352,-454910.708039,-464521.164774,0.000000,0.000000,0.000000
0.000000,0.000000,0.000000,-472601.826646,-464720.304208,-458492.570708,-452385.447281,-443981.822925,-429669.234137,-406494.709063,-368646.075490,-311817.315287,-231932.505132,-134476.842885,-45687.790746,28428.741299,96988.030652,151615.621806,190244.582804,217199.391208,233325.285627,241519.739671,245423.045860,246907.287375,247525.386260,247942.938484,247093.863487,245906.242486,245826.331608,247006.506246,248291.832495,248801.892499,248869.556635,248471.034059,248146.383233,248122.702552,248041.844088,247970.746773,247285.338218,246496.509339,246232.776887,246178.528337,246855.515879,248164.257272,248958.269239,248846.932677,248760.874858,249354.370339,250315.393155,250370.049559,249623.247111,249274.530368,249024.970316,248875.901785,248814.473231,249108.457612,250564.529568,252724.795045,254344.584877,254817.091876,254483.673556,254077.406386,253643.173195,252675.905383,251435.591275,250557.655537,250009.447213,249513.032151,249079.731287,249306.076717,250135.756718,250236.879125,249864.923273,249917.953436,249731.740992,248795.352900,247671.524187,247020.576609,247135.128353,247724.604545,247814.837675,246567.141975,243132.035286,236624.347287,223803.115029,201921.316657,168575.948809,113654.564851,37476.661806,-53382.784696,-149961.010050,-234064.982412,-301963.032763,-353804.415538,-390737.545149,-417335.093537,-434347.807621,-445686.652575,-455226.816053,-465891.534889,0.000000,0.000000,0.000000
0.000000,0.000000,-476625.234030,-468424.909913,-461915.115641,-455849.472711,-449988.204536,-440098.384292,-421865.749359,-392859.428941,-349197.869315,-286561.436956,-202295.986860,-104780.574018,-14008.803678,61058.013310,121256.921632,168148.203650,202213.920381,223967.088406,237011.550102,244009.956657,246835.859073,247783.796942,248359.696056,248543.876572,247674.917115,246460.777747,246318.137538,247202.670496,247929.813141,248061.649737,248017.266061,248088.575166,248107.944673,248086.843761,247927.463167,247241.893392,246590.478383,246123.296455,245744.168013,245842.515745,246668.974228,248037.036440,248749.179550,248619.022318,248663.103364,249337.965534,250326.440098,250506.031853,249808.550975,249212.711923,248982.633977,248795.280017,248637.274102,248953.472178,250094.741337,251934.023946,253403.922026,254223.383630,254781.255376,254658.883654,254015.771246,253101.295150,251494.079943,249992.189453,249337.885191,248949.502332,248660.091307,248899.975121,249636.873729,250207.063334,250451.896370,250673.174442,250573.361874,249531.078167,247984.306995,247370.553040,247673.464915,248114.265702,248251.394442,247181.281873,244601.402943,239922.210945,230144.039819,211718.276892,182212.186232,136549.693925,68475.342518,-13420.035399,-104700.354176,-196848.784141,-271347.971547,-333415.900310,-381003.017295,-410974.730831,-431398.349673,-444698.728699,-455503.313135,-467336.336397,-481512.558881,0.000000,0.000000
0.000000,0.000000,-475073.878871,-465884.461624,-459341.355089,-453231.394005,-445873.183155,-433920.973877,-412756.397669,-379194.546998,-325398.782675,-251514.509944,-166714.664948,-70736.812833,20596.463108,90514.161092,144276.773617,185391.881739,213034.551082,229916.152551,240575.481288,246264.550540,248163.407743,248999.063237,249706.658103,249669.945351,248584.611016,247535.498358,247377.297618,247723.892226,247705.861733,247499.585168,247661.651953,248193.979059,248579.806020,248621.184000,248374.398216,247464.014269,246471.244120,245674.669433,245338.033726,245700.776132,246661.083703,248070.342298,248747.559702,248559.949924,248492.345471,249038.654245,249832.191224,249787.719663,249096.531955,248607.996287,248296.270952,247956.909334,247986.715035,248639.213346,249642.612205,251020.052023,252373.796277,253504.143893,254349.792066,254703.971618,254333.825367,253127.016794,251344.848525,249635.989782,248820.429312,248590.595783,248373.373567,248575.768221,249317.380702,250222.955822,250792.735617,250808.476569,250625.002568,249949.649933,248728.151309,248264.909813,248742.833875,248955.014870,248858.199516,248070.414967,245916.287301,242185.642518,235045.630779,219780.860391,190768.398677,147726.311539,85734.832896,9107.462382,-74571.844580,-167725.398783,-253500.425071,-322067.845270,-374319.424840,-407453.171412,-428083.933758,-442528.618488,-454434.726864,-466609.126532,-479408.842195,0.000000,0.000000
0.000000,0.000000,-473921.764330,-464039.539594,-456995.359654,-450761.599468,-441701.659691,-427276.964911,-404602.580780,-363633.324182,-301968.572082,-221678.426415,-124936.088369,-29788.584098,51285.569264,116008.892575,163983.580796,197668.527028,219476.881639,233999.287635,243267.851482,247470.202316,249227.610994,250484.208872,251260.542637,251310.231005,250232.447540,249034.904013,248535.527461,248394.092364,248030.843006,247678.249601,248093.342072,248972.845198,249583.464466,249728.539596,249266.027845,248255.535021,246895.822032,245697.606422,245192.816708,245447.387360,246610.635512,247889.059451,248493.037764,248546.403491,248349.140467,248581.928358,248912.945965,248487.894725,247989.648748,247913.839565,247534.574373,246898.914619,246932.269068,247620.986210,248695.450623,250045.148352,251456.864091,253026.025543,254084.040212,254255.755602,253877.405826,252686.867445,250974.131950,249694.023745,249259.882891,249192.861184,248741.348290,248707.165859,249577.348401,250273.162007,250675.902571,250678.611622,250282.925851,249938.416256,249440.518965,249249.079323,249420.217754,249368.720121,249066.590404,248473.281488,247133.790842,243874.905416,237868.658269,224934.626332,200850.229051,158576.645772,103160.362608,36930.407445,-48150.123044,-143914.228088,-238958.585151,-314488.596457,-366464.644373,-402021.853830,-424395.784057,-440336.866177,-452445.334361,-464339.545872,-477812.794976,0.000000,0.000000
0.000000,0.000000,-471232.687738,-461942.088655,-454764.855641,-447791.551479,-437566.694834,-419993.687798,-391638.957384,-346266.864731,-278542.884518,-189549.745035,-91050.008600,154.621249,75388.432298,133142.634180,175711.877741,204824.444060,224128.426658,237227.962255,244431.269376,247753.340985,249368.282630,250586.508057,251769.926876,252175.381231,251381.869247,250402.122481,249675.342044,249260.570888,249017.768354,248846.763420,249255.662024,249901.891386,250489.628983,250834.587161,250438.967383,249161.759060,247622.298694,246517.414377,245966.324239,246062.807229,246736.523237,247415.246701,247943.072746,248238.621979,248131.573325,248055.192036,247934.006960,247432.694554,247195.692885,247306.582325,247062.098503,246459.768449,245985.444449,246314.755756,247291.269421,248685.185083,250536.678414,252242.102864,253353.299730,253265.631625,252388.850817,251592.599702,250589.031379,250108.274102,250485.360835,250535.667498,250000.775930,249595.894516,249922.405074,250572.694490,250765.299980,250411.443781,250048.361155,250079.559527,250217.169816,250187.860579,249891.147738,249610.643362,249010.991618,248298.057197,247840.364249,245664.431689,240030.860407,229629.988187,210702.883788,177914.317439,131866.691578,71890.524300,-13369.048521,-119012.505779,-220625.436230,-301760.151854,-357734.323099,-394160.853885,-419955.736936,-438495.093228,-452042.230869,-464382.820415,-477049.474807,0.000000,0.000000
0.000000,0.000000,-469384.870287,-460265.022711,-452902.016979,-444693.105105,-432952.876425,-411807.307036,-376852.979929,-326176.298602,-249831.224365,-156019.359964,-65474.964341,18503.354217,86561.609653,139249.022642,181276.088704,209153.479480,227355.358540,238690.764618,244906.013828,247976.831970,248935.124887,249757.610184,250888.874399,251484.414840,251247.846208,250483.990059,250050.274468,250015.942594,249941.963753,249932.525421,250233.660445,250671.759269,251080.042260,251391.304429,251415.839172,250374.020182,248884.593182,248007.824722,247596.884410,247567.899002,247478.768360,247394.677684,247564.871413,247949.861848,248266.138306,248129.413246,247676.050216,247081.920141,246786.179577,246933.839594,246812.924718,246090.840015,245450.106098,245603.649017,246308.770709,247378.776694,249269.883603,251057.448587,251850.321083,251857.225212,251000.438219,250239.879316,250290.189364,250908.023102,251677.582889,251709.029225,251209.726104,250805.368419,250608.234094,250919.565837,251182.090181,250654.046275,250238.434673,250530.670523,251001.369297,251119.774634,250554.227444,249834.368336,249262.513046,248736.880134,248361.886712,246931.344359,242762.035668,234015.751872,218780.778124,195816.810304,158989.230032,104383.336844,22170.726565,-89157.110749,-196095.678815,-280293.415273,-344516.004936,-387503.370538,-416154.966869,-437156.365016,-452842.850607,-465393.845404,-477318.533378,0.000000,0.000000
0.000000,0.000000,-469944.973775,-459787.128265,-451694.794819,-442207.687391,-428126.401882,-404213.205615,-366500.636987,-305163.580243,-222169.986762,-131001.411432,-37992.594156,35524.219356,90955.574748,143907.358439,185493.899395,212555.334994,229535.309012,239959.971597,246119.558978,248520.505340,248536.821269,248558.263377,249003.942917,249521.410254,249571.069081,249140.781415,249353.226294,249820.102058,250073.600956,250100.838661,250355.276766,250857.505336,251246.719411,251900.394698,252249.415285,251610.979027,250724.304996,250009.466302,249531.043503,249134.134121,248508.892500,247960.631589,247736.223970,248155.709684,248681.591931,248516.525330,248135.747476,247518.762410,246824.305686,246765.318280,246497.697847,245587.762212,245299.165185,245668.311591,246160.914136,247022.735125,248277.399355,249845.058266,250897.600879,250833.932585,250297.601630,250050.353754,250623.706320,251658.368707,252113.248457,251917.636374,251625.371746,251524.221445,251476.595728,251461.195849,251582.379751,251269.267860,250634.596117,250751.644658,251323.008433,251612.678828,251346.914015,250471.775178,249689.321467,249228.304102,248622.087812,247356.033906,244133.006503,237076.703666,225514.694846,207210.671429,178128.717868,131241.547735,53505.964043,-51393.079497,-158557.908448,-250735.228677,-323275.741191,-377501.687001,-414175.221667,-437170.588721,-453562.578160,-465759.543485,-477481.282189,0.000000,0.000000
0.000000,0.000000,-469932.154693,-459242.634440,-449740.026858,-439354.475126,-423222.983847,-398181.505343,-358576.984444,-294844.353653,-207362.077422,-108749.276833,-19933.838751,48464.447487,102675.634676,150448.221558,190156.573681,216283.269263,231874.903080,242118.765857,247690.314215,249244.076662,248710.629294,248069.968585,247730.120520,247425.236212,247249.463416,247558.033113,248303.619487,248892.123289,249108.728992,249210.768837,249887.932191,250628.973478,251163.201332,252055.432692,252902.101753,253081.860199,252662.037977,251906.301972,251211.363717,250532.596204,249688.975900,248942.745322,248640.830771,248799.860732,248739.959829,248499.733047,248359.984186,247890.850373,247208.683608,246796.274617,246277.998038,245499.315348,245485.881383,246388.497517,247145.805904,247647.890274,248345.585535,249375.048675,250351.510790,250480.577482,250253.224678,250320.598461,250847.618224,251382.724992,251253.817972,250886.173876,250900.577641,251300.145912,251558.526227,251853.035727,252043.675806,251507.856100,250435.573652,250229.502758,251035.055928,251479.855190,251442.098734,250837.820450,249795.058022,248791.338478,247978.790798,246946.486132,244425.561207,239348.652654,230352.094778,214837.109661,190186.078865,149317.612200,79085.915518,-16558.313250,-120387.310226,-220416.810950,-303632.131427,-366019.507379,-409533.234974,-436478.822190,-452816.986838,-464126.055473,-476033.430774,0.000000,0.000000
0.000000,0.000000,-469532.047796,-458285.645116,-448315.259342,-437426.143434,-420171.753946,-393581.549589,-351367.297466,-287315.597672,-197641.294251,-96349.660798,-7571.195738,63468.695241,116189.302053,160215.125965,196949.722832,220194.949427,234533.362685,243618.566739,248441.860891,249804.566900,249526.877092,248527.902341,247458.409042,246493.675801,246268.077507,246783.410272,247699.949298,248360.030649,248109.755564,248150.481742,249044.728673,250018.289867,250834.739791,251627.736660,252894.331163,253761.763417,253643.170921,252955.148997,251833.282460,251116.016158,250842.310651,250057.270358,249196.786384,248666.162520,248202.738194,248030.021433,247943.613054,247963.734900,247807.447557,247267.377347,246709.813062,245869.608181,245906.463105,247369.405954,248330.241751,248504.561641,249066.029476,249621.699518,249953.773679,250254.974520,250009.142596,249792.334767,250237.660697,250432.398244,249916.031507,249465.988125,249620.651053,250421.119299,251120.687538,251797.862109,252345.488702,251781.715934,250491.073671,249883.743584,250323.572262,250729.760952,250714.214886,250049.065770,248759.123311,247569.356871,246623.276233,245662.040582,243862.699595,239797.640591,232177.989200,218160.494971,195007.331699,157667.146774,94147.330703,945.629479,-101447.002889,-200979.401953,-293323.711583,-360901.700943,-404816.814690,-433991.579939,-450383.580439,-461103.699093,-472807.068104,0.000000,0.000000
0.000000,0.000000,-469956.705170,-458062.545691,-448136.226547,-436399.622810,-418082.203568,-388714.486706,-343384.347151,-274465.276782,-183434.947847,-82025.438493,13565.293518,84539.295645,134813.008901,175704.810930,205604.666035,225006.064095,237225.470055,244769.672371,248857.730992,250291.109234,250107.726260,249255.418734,248036.843379,246968.928627,246685.969687,247150.133154,248150.848055,248445.395054,247824.147792,247769.504847,248282.669341,248900.866149,249724.600129,250646.077091,251744.812553,252744.512931,253117.305754,252610.700865,251684.927809,251234.362545,251113.164770,250358.448897,248927.288682,247812.162848,247418.128341,247352.537550,247812.752349,248416.661590,248417.444411,248017.514095,247255.183396,246297.693212,246300.752829,247607.312435,248523.419491,248878.983382,249401.989161,249570.262514,249652.560531,249596.042638,249154.758858,249043.759940,249347.433138,249756.440817,249558.532919,248905.338051,248838.095625,249363.603556,250488.494459,251772.640495,252485.095436,252223.782886,251015.041126,250078.216415,249971.105627,250001.449789,249562.385162,248374.049906,246956.217154,245961.667379,245146.350362,244115.228007,242091.609767,238326.703230,230976.372255,217347.065358,195234.765772,157572.724509,97858.094033,11231.194718,-94837.479910,-199229.470304,-290709.708403,-359993.295337,-404360.434230,-432101.729350,-448364.821366,-458790.759600,-469760.394278,0.000000,0.000000
0.000000,0.000000,-469526.542008,-457800.073773,-446907.064215,-434374.399443,-415294.653169,-383280.461678,-335186.715009,-263397.758404,-169352.275200,-65449.413820,31360.940570,102853.913358,153298.133887,190033.101413,213763.315093,229570.233181,239793.173725,245984.353593,249481.674653,250709.423110,250644.183447,250069.038639,248984.323309,247947.362235,247533.215758,247932.755974,248598.476852,248518.283045,247814.069376,247369.687534,247591.486621,247784.704066,248017.208940,248723.047710,249499.036255,250482.141521,251210.718815,251204.435359,251239.847227,251285.026280,250977.899512,250210.781884,248810.596220,247694.184294,247417.851994,247517.091289,248204.375979,248983.687049,248921.087292,248395.859787,247435.573521,246434.497931,246542.708658,247515.247290,248383.688038,248838.773251,249080.888321,249292.989084,249230.517607,248824.597805,248228.587695,248098.379549,248785.979798,249525.305959,249724.222235,249144.741630,248520.727434,248656.541203,249709.531717,251257.081952,252272.295611,252320.366418,251466.245334,250661.170862,250274.457283,249605.067765,248475.349246,247057.627238,245719.976233,245067.129256,244478.137462,242935.706875,240783.463061,236297.678124,226996.260106,211692.583957,188212.470436,150343.583947,89568.827000,6397.090610,-96874.156709,-206598.877817,-297338.896377,-363153.018329,-406466.682193,-431901.836950,-447104.735758,-457262.556152,-468158.083530,0.000000,0.000000
0.000000,0.000000,-468624.905831,-456641.112123,-445571.002413,-432138.817693,-411444.990946,-377374.837479,-327050.992466,-255893.610048,-164107.502151,-62565.999896,35183.089750,110380.840745,159989.261790,195626.738848,218885.662340,232805.966767,242186.362256,247573.122352,250335.426461,251299.372734,251170.357203,250375.260410,249562.428807,248900.008581,248422.566508,248515.147608,248502.911742,248226.451894,247692.805953,247078.664051,246835.522633,246768.257674,246795.297544,246922.154214,247143.258726,247837.760811,248930.903889,249923.194497,250679.213643,251125.767272,251198.013654,250738.626919,249794.027612,249009.824204,248761.368634,248733.188386,249037.808878,249535.743124,249284.615504,248542.222495,247804.025044,247031.381584,247163.078788,248193.151947,248746.982904,248701.881139,248696.954437,248781.431754,248760.561386,248390.586711,247694.833086,247422.851091,248272.815458,249339.459389,249648.296480,249269.279210,248437.399777,248445.652448,249317.547279,250232.279234,251269.838828,251738.544175,251626.452673,251327.081357,250796.073700,249818.923441,248425.894735,246930.870483,245722.599290,245289.763017,244465.187392,242312.147034,238999.903139,232560.547327,220745.077766,202954.276074,172893.282588,129405.420148,65719.589689,-21793.937253,-121070.033930,-225237.970451,-312811.567967,-372270.983819,-411269.322943,-434147.213499,-447515.900423,-456902.752204,-466933.594691,0.000000,0.000000
0.000000,0.000000,-468352.076825,-456514.947155,-445887.142195,-431284.540740,-407447.543967,-371643.242507,-316982.742992,-245163.019922,-160542.725937,-63258.227817,29054.321029,102611.233109,157815.045855,195944.651449,220239.527938,234773.204055,243538.828920,248475.678949,250776.690335,251391.442451,251121.429899,250649.273192,250163.654999,249594.883543,249185.358223,248786.205352,248436.143130,248159.488439,247594.856287,246993.939306,246414.706002,246119.293696,246179.696873,246026.458265,245903.549375,246302.438592,247440.585170,249077.163577,250435.146523,251175.608686,251468.058175,251625.444208,251404.842246,250792.957689,250211.243492,249744.604574,249606.895041,249752.201012,249435.139553,248613.948204,248224.391915,248242.006702,248434.184899,249169.643846,249296.861705,248620.004286,248238.071201,248180.372019,248362.199848,248209.756997,247586.921982,247338.830986,248168.209236,249416.781490,249738.596068,249409.978469,248896.080536,248752.770203,249284.556116,249607.346950,250116.201082,250895.884542,251377.368778,251668.953560,251154.372636,250084.497461,248802.772614,247097.973979,246179.648904,245653.764940,244236.122611,241706.865461,236534.209227,227361.336724,213085.359436,189387.342865,150334.004543,93071.634172,22303.074579,-62467.848107,-161693.974457,-256710.667367,-331422.920061,-383400.750237,-416902.652657,-437663.658910,-449480.436009,-457683.286712,-467286.503243,0.000000,0.000000
0.000000,0.000000,-468410.662012,-457451.199664,-446089.908109,-431125.181837,-405937.290662,-367348.610896,-307501.493576,-231284.343259,-153791.177846,-66213.984752,20856.620268,91264.828416,150723.897553,193616.567826,219148.370547,234901.914634,243875.618346,248269.298311,250378.004867,250983.983881,250928.735882,250949.468739,250705.353609,250309.847443,249635.455716,248872.478209,248458.895502,248197.815088,247641.729540,246915.672468,246071.904726,245589.411840,245665.564537,245695.201836,245804.110224,246238.108736,246968.682200,248411.729582,250085.661459,251034.651782,251524.666387,252008.801740,252089.389583,251333.038659,250320.404064,249700.206514,249390.111597,249259.605123,248838.445982,248240.684788,248514.461526,249095.825265,249560.581890,249950.188491,249546.126841,248679.927483,248057.173444,248160.186915,248440.472856,248162.130545,247554.941685,247549.260429,248559.242800,249653.430309,250132.569604,249880.800240,249558.196408,249441.738353,249595.682230,249625.704509,249577.455277,250363.443008,251208.285299,251546.254631,251010.697560,249738.930902,248518.460955,247255.202464,246391.714212,245724.974985,244090.677783,240507.096102,233442.795701,221405.604608,201568.401133,168507.866062,119565.178945,49239.511971,-31916.862681,-113147.985021,-203122.334060,-287201.836602,-350140.296293,-393727.330488,-422141.984721,-440516.889183,-451166.069490,-458786.224461,-468898.280517,0.000000,0.000000
0.000000,0.000000,-468778.094890,-457001.715926,-445406.874404,-430597.217432,-407097.367234,-365782.534857,-305368.488497,-228371.589558,-147336.036632,-68469.471231,14057.134471,85108.328366,143637.803052,190656.609092,217801.050206,233661.991035,243479.451285,247877.956368,249636.882275,250383.893176,251007.351382,251381.892749,251279.838443,250921.333707,250051.148109,249145.978098,248366.325221,247828.129976,247595.149945,246914.980858,245801.558803,245376.913212,245678.077955,245961.180995,246251.641961,246699.514577,247308.845661,248185.480928,249400.736098,250469.350333,251245.089362,251753.456938,251482.969122,250475.999863,249404.252645,248740.795850,248393.161706,248050.278954,247419.167518,247265.014938,248280.051267,249465.531959,250261.332737,250534.015888,249992.552249,249190.182633,248817.807064,248919.699625,248990.604394,248492.920442,247795.796936,247723.856049,248629.679751,249909.435769,250481.569387,250168.380032,249740.885550,249932.780882,250307.756529,250069.287417,249695.610753,250141.220683,251001.166489,251138.680521,250494.994050,249333.405206,248066.580067,247234.176728,246468.747221,245557.596129,243843.276698,238994.783709,229652.100227,214823.329375,189358.851608,149712.863649,90400.678366,11206.289889,-73429.211925,-155094.873714,-235167.562506,-309957.838949,-366358.895931,-402788.579056,-427753.024821,-443461.655565,-453044.381325,-460768.156547,-470385.259226,0.000000,0.000000
0.000000,0.000000,-467272.177226,-455594.475984,-445352.179457,-431049.622586,-409107.479326,-370593.626094,-310419.674124,-233716.699802,-151922.731288,-70905.501118,9763.609274,79794.110193,140015.159735,188075.690882,216391.876002,232492.969682,242378.966552,246959.518280,248604.103272,249601.425486,250705.795328,251494.939161,251599.445364,251193.351143,250425.049055,249513.370982,248373.767894,247551.806064,247169.511392,246689.058411,246075.303969,245733.161842,245785.593286,246201.356523,246608.285043,247020.446188,247547.819444,248045.687827,248839.375695,249768.470855,250511.786195,250825.566197,250109.250489,249145.818469,248376.803087,247411.721538,246662.394665,246256.936619,245790.762460,246007.476197,247638.363216,249538.077666,250600.536268,250827.368626,250615.560771,250178.937844,249961.640178,250012.175654,249772.491954,249294.108056,248710.614471,248363.468716,248932.322839,249958.009423,250574.097670,250497.752607,250145.783010,250616.492491,251257.995615,250933.940199,250383.295552,250271.026643,250552.235283,250624.365586,249907.114942,248991.521950,248137.331754,247107.824426,246403.581141,245575.868575,243111.138566,237247.871918,226486.723437,208227.169414,179043.808484,135877.730717,71296.650717,-13771.623240,-104555.294645,-187185.685838,-261872.807815,-330260.787488,-380304.731999,-412232.792870,-433931.638914,-447077.559742,-455947.410039,-463580.192677,-472625.029743,0.000000,0.000000
0.000000,0.000000,-464321.652873,-455027.479060,-446669.437521,-434031.458336,-412864.404941,-380049.125053,-323387.584799,-250909.510961,-175417.636893,-86090.366686,1855.836192,74960.636249,137045.146902,183942.892532,214013.747344,231575.086363,241864.556489,246507.093270,248369.165835,249565.763988,250489.288745,251118.318835,251513.551154,251340.524433,250603.296832,249708.652446,248565.612746,247531.303680,246957.078199,246664.883771,246290.422429,245975.918572,245881.394852,246043.728985,246472.261569,246924.320889,247341.800024,247831.134705,248361.575308,248851.968371,249409.713316,249592.335289,249106.182434,248495.797480,247778.699309,246713.270889,245592.761236,244826.439395,244630.712224,245452.095587,247485.104741,249498.614333,250539.327165,250964.495536,251013.303758,250738.515942,250431.215717,250324.609344,250098.499888,249888.601887,249698.584650,249369.853560,249369.389518,249820.819286,250582.782181,250835.219344,250734.359384,251343.638819,252142.399028,251830.679680,250912.873519,250471.549559,250141.219624,249807.780047,249441.044338,249105.726102,248635.808346,247582.778880,246622.947413,245576.598421,242187.478856,235333.442410,223181.257229,200951.543466,167604.551428,120392.121353,51459.519915,-41456.322520,-142433.961290,-228938.773328,-298415.223558,-354829.875247,-396455.286452,-423598.355691,-440326.622346,-451509.784933,-459132.101759,-465597.948374,-474881.829484,0.000000,0.000000
0.000000,0.000000,-463374.767037,-455562.126248,-448723.482516,-438833.457335,-420862.301185,-391220.080777,-345998.986684,-284572.205967,-207895.405634,-112621.134428,-15246.882792,66101.612856,133372.353901,182108.419249,212732.067289,231737.194865,242064.128257,247261.058341,249328.454753,250209.887290,250946.792131,251338.770502,251449.048728,251294.517790,250637.116169,249717.251917,248566.395463,247592.968895,247086.949074,246646.159396,246224.874459,246066.871253,246264.850672,246394.500969,246484.298871,246774.804358,247206.416812,247639.270303,247791.511160,248276.439158,248842.340084,248942.790576,248967.582712,248821.202571,248165.756793,246857.321771,245408.748337,244614.229047,244730.872089,245925.430528,247929.411431,249612.505193,250348.881482,250780.558579,250952.881624,250632.170693,250130.488559,249730.609343,249718.224156,250043.129067,250228.068125,249894.150501,249437.683878,249598.856307,250260.106144,250636.307854,250734.067241,251289.343637,252021.157327,251733.866332,250934.152825,250462.492330,249810.653755,249075.409632,248973.815800,249340.458012,249187.997154,248368.655962,247067.213702,245176.842222,241042.226360,233166.420802,218613.536920,193251.654106,156057.928777,101503.131528,25094.822827,-72624.998372,-178241.623730,-267096.268705,-331955.165781,-377779.451134,-410324.979718,-432613.985209,-446073.762134,-455530.205374,-462288.043856,-467895.178099,-476874.180616,0.000000,0.000000
0.000000,0.000000,-464631.880690,-456476.037287,-450162.066114,-442737.108597,-429104.882770,-403864.859488,-367155.203000,-313160.026367,-237376.159918,-140693.703744,-33619.289144,58382.182402,129144.523297,180989.874395,213174.850802,232453.112823,243179.668470,248550.769015,250588.779473,250971.846861,251130.576396,251025.155419,250836.837376,250693.063671,250083.025823,248982.496775,248061.768961,247279.016095,246800.777745,246586.976627,246408.599621,246425.109246,246877.372736,247274.956161,247156.699062,247029.702050,247126.856850,247303.973376,247385.124166,247821.467344,248505.521473,248912.417719,249073.674075,249196.578053,248742.796558,247159.923016,245586.614447,245096.360197,245433.553934,246539.242713,248406.016199,249726.037339,250104.685826,250438.279108,250543.615896,250111.410392,249340.809803,249058.424272,249602.411194,250093.600809,250458.550494,250287.871193,249469.021507,249272.340950,249784.674707,250167.402313,250192.623624,250464.945043,250896.232989,250695.264362,250500.844273,250281.442387,249570.488732,248938.671208,248921.597190,249475.729253,249455.619281,248655.863377,247215.295065,244733.360038,240184.590914,231033.334887,213561.507065,185179.768760,142309.493791,78624.196738,-2959.146079,-98971.587554,-200272.538609,-285049.370657,-347726.201693,-390820.361836,-418063.736721,-437362.370528,-450250.783550,-458177.040614,-464564.504415,-470835.012043,-479302.607549,0.000000,0.000000
0.000000,0.000000,-466944.357326,-457738.976341,-451304.169540,-444925.523873,-434193.808295,-413870.678923,-380450.892202,-330858.198992,-257998.535817,-161051.850447,-56019.639618,39894.894720,120002.777633,177421.979172,211922.386112,232334.446694,243738.282477,249038.842381,250915.879460,251250.253604,250846.408760,250139.121108,249660.348375,249368.874569,248759.142236,247764.668472,246971.862738,246430.414078,246555.443422,246956.310787,247110.568092,247501.999905,247914.615096,248086.662951,247771.625250,247303.434410,247136.404283,246919.429141,246863.652265,246999.932061,247421.308662,248159.797363,248619.103218,248867.722711,248598.383034,247418.672463,246286.498457,245814.762392,246128.313313,247238.411143,248561.602789,249481.322151,249737.565633,249878.727260,249817.121834,249150.604732,248605.051940,248969.207993,249931.229804,250669.999697,251039.865206,250699.701383,249624.391130,249058.621585,249436.147564,249772.110272,249553.274258,249596.630413,249932.114641,249709.130571,249642.219246,249821.850949,249402.854826,248967.749008,249241.983433,249640.241541,249273.139205,248175.565647,246801.667575,244492.836032,239643.033608,229466.859407,209644.432537,177475.529605,126317.877969,54279.455623,-34698.328584,-125851.599846,-209145.120105,-289658.307372,-353239.165319,-395676.028139,-423998.496862,-440436.596474,-451570.586115,-459060.849663,-465581.421166,-473217.964811,-483098.082905,0.000000,0.000000
0.000000,0.000000,0.000000,-460623.428767,-453206.043168,-447401.990289,-438350.193348,-420890.056894,-390155.459464,-343264.340490,-272761.262061,-181600.932646,-85785.041519,13314.634340,105611.354746,170019.313987,208522.403967,230895.869819,242182.203033,247864.951602,250309.726672,250604.833983,250255.183751,249699.675569,248939.438018,248124.044873,247600.762469,246946.771322,246242.393950,246197.833954,246800.767636,247488.051129,248185.429422,248768.260236,248928.490261,248656.251113,247899.077336,247487.410494,247388.455904,246824.958557,246293.815555,246254.292045,246463.080957,246811.626527,247417.318663,248017.635948,248258.104885,247816.882102,247139.062378,246875.242886,247252.831635,248125.796671,248873.216708,249290.512898,249284.739242,249086.131780,248865.420832,248458.823423,248399.042838,249109.858407,250342.956167,251485.815634,251702.075892,250897.617786,249703.723407,248886.350374,249120.115892,249594.453430,249531.901213,249565.009050,249542.597617,249292.975887,249222.972608,249205.164288,248900.056407,248926.642382,249520.263950,249781.675797,249396.052965,248039.220277,246532.453533,244396.490452,238840.941433,227913.955877,207193.939619,171559.154367,115025.630851,33411.677995,-61466.364450,-145552.726331,-218099.892554,-291028.600483,-353941.022636,-398135.403411,-426113.448869,-441752.999649,-451083.239326,-458758.978955,-465885.482667,-475038.091977,0.000000,0.000000,0.000000
0.000000,0.000000,0.000000,-465168.984334,-456702.474805,-451035.052588,-442964.128881,-427088.526171,-399025.126738,-353564.234663,-287158.221835,-204999.429343,-111102.724704,-5943.127148,91841.925721,161887.692057,203855.475941,227259.423078,239598.885154,245954.246983,248938.963615,249372.879926,249022.736693,248764.958751,248192.720472,247608.979387,247305.865128,246838.829518,246601.832912,246606.079679,246956.294576,247762.643558,248587.373862,249260.587023,249577.680073,249042.776842,248204.471007,247976.725449,247914.644254,247394.605178,246581.689289,246279.520524,246280.194958,246139.945668,246642.385169,247413.890736,247936.727404,248154.283553,247864.188150,247989.893039,248562.372117,249054.283162,249588.892610,249428.395551,248847.432311,248490.494352,248107.659326,248008.784774,248195.474601,248919.537380,250281.800620,251429.956793,251651.186167,250883.320617,249644.790436,248830.903355,249066.663098,249537.628450,249787.351190,249909.020166,249663.903957,249362.863529,249231.101021,249079.482762,248912.212675,249180.692750,249939.521777,250280.266360,249773.036816,248369.887240,246777.685687,244146.439043,238188.229882,226878.823482,205270.152981,167766.765690,110180.165205,24625.001861,-72074.232536,-158068.444282,-232855.316207,-297141.364562,-357153.316246,-401185.038556,-425719.224121,-441778.422814,-450947.648842,-457731.886747,-464919.474047,-475216.473464,0.000000,0.000000,0.000000
0.000000,0.000000,0.000000,-470028.422274,-460526.409544,-454776.302547,-447309.608498,-432415.719927,-406792.915092,-365833.143637,-303774.097518,-223866.661142,-132024.443632,-24449.516928,81340.205201,155485.544021,197455.567660,221525.918513,235513.161928,242764.634025,246062.370436,247415.180054,247514.227919,247508.833362,247564.948068,247554.419594,247585.202053,247682.680406,247753.518581,247439.344705,247507.799081,247900.844702,248610.003698,249681.108140,250132.518246,249776.797929,249312.088951,249180.120753,248936.042771,248196.022882,247599.184441,247318.163576,246713.241169,246389.643108,246784.288857,247347.678961,248003.033555,248481.359396,248597.974974,248853.830905,249516.582034,250158.084568,250244.062452,249591.710549,248694.582233,247910.702691,247436.735778,247394.121753,247657.478148,248526.761383,249657.450660,250633.246588,251154.022810,250769.821526,249787.658326,248985.679361,248844.687126,249118.103458,249401.456267,249740.916361,249777.427194,249258.860390,249066.910810,249357.568215,249444.785136,249503.286475,249994.284760,250386.237039,250061.071698,248977.850286,247234.673307,244055.886981,237624.522286,225483.403884,203203.637983,166560.796199,110747.163704,29564.319247,-67569.731314,-161862.016059,-244529.117804,-312449.578698,-366005.743631,-404018.636291,-427435.160857,-442184.452455,-451382.525769,-457270.186285,-463728.560139,-473961.636678,0.000000,0.000000,0.000000
0.000000,0.000000,0.000000,-474224.016598,-463828.654161,-457327.485329,-450267.046414,-436427.658238,-413557.156539,-377751.665286,-322417.633754,-249344.613560,-155662.804736,-40783.425383,67831.456555,144582.714458,188737.690929,213416.365006,229262.525030,238570.042420,242885.245608,244771.695882,245703.213117,246592.541366,247405.710753,247786.215034,248265.450531,248783.264841,249014.946080,248935.935346,248962.433303,249066.690595,249702.905384,250587.197999,250892.683490,250781.229036,250503.727645,250431.228983,250104.302989,249111.827540,248676.246968,248630.195508,247921.402250,247328.149906,247380.372039,247919.530057,248509.392923,248850.567501,248998.071455,249165.485994,249816.889232,250610.243141,250502.086024,249521.806743,248501.084631,247434.363432,246760.743719,246793.939439,247125.977141,247942.061161,249156.290117,250214.611683,250798.722967,250806.867874,250217.153858,249330.194262,248462.450031,248101.916163,248384.079472,248868.370477,249129.264508,248903.729350,248940.912579,249348.934052,249618.066296,249634.966193,249589.523223,249931.975745,250140.840439,249481.560097,247541.854605,243417.589607,236143.498571,223063.835374,200674.413869,165091.950708,111179.405995,35944.732958,-55808.663961,-154849.965064,-250104.786518,-324790.110562,-373747.329212,-406812.833847,-429561.274654,-443609.156827,-452411.954645,-458730.169043,-464930.579113,-473176.236677,0.000000,0.000000,0.000000
0.000000,0.000000,0.000000,0.000000,-468213.378388,-459618.052067,-452414.927539,-439603.397638,-419424.576428,-388112.644042,-340897.325189,-273291.892258,-178412.425526,-61369.345986,50999.838582,128813.056288,173555.442904,200932.300886,218890.479438,231813.377793,239052.407793,241997.124154,243718.798996,245349.888337,246840.429975,247993.244133,249075.510965,249892.697457,250380.309556,250609.104219,250682.169266,250895.878511,251188.671830,251363.353387,251313.924361,251196.995495,251193.705776,251087.960189,250591.152824,249923.026702,249547.887479,249585.502512,249173.821890,248326.611682,248212.863655,248549.107132,248532.727040,248509.659898,248625.767254,248888.504339,249604.945510,250310.623919,250185.122123,249108.874505,247961.965234,247143.600933,246349.049430,246142.787273,246749.134857,247630.486035,248872.117109,250151.321392,250800.760189,251061.736769,250847.326491,249709.596475,248272.219819,247411.050402,247273.845952,247687.314466,248162.234491,248450.596093,248951.947277,249406.746249,249778.746088,249521.443842,248834.925455,249106.416202,249349.643105,248865.653903,246975.319711,242187.092039,234130.352896,219878.910670,195427.862358,157799.307301,100156.508418,27612.795594,-54199.344975,-151824.119219,-251230.160528,-328701.756932,-378219.104775,-409644.276751,-431670.272651,-445507.553575,-454152.510600,-460225.546924,-467804.590066,0.000000,0.000000,0.000000,0.000000
0.000000,0.000000,0.000000,0.000000,-471977.012967,-461654.387263,-453864.284424,-442921.271357,-424474.342715,-396784.120727,-354514.289595,-288198.007109,-194681.176454,-79090.989336,33559.539229,108972.823457,150059.323814,178858.966510,203233.575930,221917.240605,232939.793604,238596.506772,241564.876300,243719.956288,245887.575987,247618.235326,249334.362051,250871.614318,251620.562611,251895.706076,252059.290063,252007.943348,251806.664091,251768.243506,251433.358857,251129.569837,251325.330279,251234.052329,250787.882656,250229.250509,249949.013912,250165.158822,249769.619598,248995.303804,248830.423613,248698.011172,248212.174588,247919.287555,248090.048398,248622.873360,249471.122704,250133.487893,249753.264745,248530.002932,247515.401328,246865.044377,246139.437422,245802.902269,246433.307602,247410.109362,248577.355571,249817.233356,250640.556718,251161.380628,251010.463050,250012.634956,248694.330845,247627.239424,247014.711579,247058.147041,247583.838839,248143.164381,248892.975345,249577.529575,249723.247565,249148.335603,248329.629996,248305.510522,248668.367558,248271.957046,246050.481546,240788.243028,230799.906483,213670.147282,186654.522536,144396.160069,79075.951558,1243.147153,-72619.950649,-156457.786771,-252355.117005,-330964.047587,-380408.161482,-411676.463892,-432912.602660,-446403.113298,-454450.025996,-460155.967667,-468385.907310,0.000000,0.000000,0.000000,0.000000
0.000000,0.000000,0.000000,0.000000,-471829.190244,-461796.903422,-454562.766241,-446025.395883,-430434.797113,-404937.711163,-364359.096650,-302566.104651,-210337.014802,-94533.256367,7133.766645,77810.452221,122011.123244,151993.266566,184359.638746,210437.656668,225081.615272,233852.326395,238720.718028,242031.049682,244629.730063,246885.898241,249164.702127,251208.185748,252169.820085,252433.209652,252275.505833,252011.907036,251833.606628,251778.318997,251594.312958,251287.193824,251168.702441,251085.557018,250826.076030,250426.740630,250259.171008,250368.324091,250124.232619,249446.838508,249175.193152,248973.436925,248281.502034,247787.848757,248058.047746,249078.006242,250082.523451,250435.237343,249630.280756,248088.457399,247177.951154,246597.211846,246053.226712,246046.908645,246452.242403,247223.086410,248356.073167,249351.190380,250083.829044,250494.837619,250323.997210,249800.206735,249044.136148,248263.744376,247677.289993,247393.807200,247681.835395,248351.030400,248911.572265,249452.646652,249537.234845,248948.274158,248348.158817,247978.572379,248163.954009,247649.082563,244650.312709,238257.176803,225800.560823,206380.294532,176640.114723,126771.041739,53563.524629,-28979.000031,-99564.376734,-172018.602966,-260601.936424,-335025.319890,-382562.338528,-413704.409541,-433604.888500,-446500.524438,-453656.629044,-459038.334173,-467735.831571,0.000000,0.000000,0.000000,0.000000
0.000000,0.000000,0.000000,0.000000,-470744.031675,-461973.184960,-455712.022361,-448899.923586,-436898.814166,-414877.040905,-378370.519314,-322498.031379,-239518.062460,-137847.025131,-44570.149678,27824.072537,82306.772024,125594.551236,163605.184947,195055.377444,215751.227467,227706.413252,235218.443728,239770.252817,242836.725241,245471.733893,248307.161787,250743.320985,251952.218805,252106.104310,251394.661736,250869.840828,251048.394986,251295.524133,251417.752621,251318.639087,251109.781302,250847.040876,250583.162460,250691.248522,250719.637665,250525.821302,250335.138251,249748.606943,249298.302904,249167.079265,248576.850927,248071.571564,248575.541423,249794.618372,250874.298087,250947.884790,249734.445608,248212.613007,247362.155459,246812.580730,246432.344430,246506.493359,246864.044693,247470.026910,248216.456064,248949.025926,249381.506064,249374.312226,249592.176468,249613.008663,249251.070825,248833.384956,248389.266385,248504.087983,248563.756076,248842.348317,249275.282573,249200.627634,249165.344170,248743.220525,248178.692196,247900.323916,247473.666101,246169.169918,242531.784327,234809.635798,220429.602836,196962.105081,160128.095890,103326.728936,23885.728488,-61575.777640,-132209.698808,-201546.188796,-280267.546046,-346692.084618,-389845.104845,-417299.913230,-435801.729044,-447847.021452,-454480.804198,-460254.168454,-469227.955327,0.000000,0.000000,0.000000,0.000000
0.000000,0.000000,0.000000,0.000000,0.000000,-464997.908789,-458238.903961,-452518.941020,-442656.414774,-424952.225313,-396388.005646,-351755.259514,-286007.134023,-207471.618020,-121404.960097,-39172.228484,27033.302317,87564.095210,137284.730295,172993.942943,200263.816885,217831.795461,229449.021383,236405.943385,240496.900749,243606.884987,246351.005849,249255.451773,250979.200073,251065.039177,250246.605390,249505.375443,249725.232052,250501.511925,251051.083248,250957.579902,250644.296575,250455.424374,250508.581104,250828.416483,250826.125882,250697.756953,250354.921990,249708.724997,249295.471864,249117.413376,248924.236573,248756.384394,249213.369594,250214.590192,250949.916241,251053.407770,250219.499236,248869.350025,248136.742369,247735.385234,247240.437989,246997.270274,247111.710275,247337.484054,247717.313767,248322.116217,248667.501477,248674.545405,249013.108987,249568.557184,249622.985981,249218.013338,249056.508495,249339.345941,249532.223700,249669.358407,249598.888900,249132.808106,248750.293620,248543.474130,248108.516358,247539.770228,246176.170883,243511.598669,238940.385504,229379.965548,211423.594331,181653.650408,134850.151643,69550.053063,-12850.149138,-99331.669165,-172575.196758,-241141.725697,-309949.780060,-365004.243136,-400777.408163,-422979.628823,-439365.998858,-450949.113744,-457661.968515,-465705.414289,0.000000,0.000000,0.000000,0.000000,0.000000
0.000000,0.000000,0.000000,0.000000,0.000000,-470790.690449,-462687.703161,-456226.229168,-447555.266447,-433625.177951,-412474.803283,-380629.728119,-334207.332887,-271746.633478,-197188.460610,-114537.057735,-31197.382440,37191.086353,91861.170801,139733.242901,176581.662086,202003.903686,219614.399311,230580.248455,236931.988636,241326.463636,244236.723440,247037.277476,249416.693484,250128.041070,249423.310656,248608.345437,249008.881461,249983.276922,250351.653593,250303.422140,250144.597677,250047.891951,250364.651983,250884.866139,251083.989873,250723.313062,250256.186008,249803.295805,249564.253405,249433.685598,249434.049960,249699.688603,249890.343026,250348.901482,250648.301852,250463.855370,250045.081226,249350.601230,248795.092804,248548.961924,248142.422559,247525.928775,246936.679099,246619.162999,246971.443307,247462.200624,247784.731606,248064.346229,248484.787943,249220.827047,249671.289286,249762.841127,249768.942521,249781.073202,249822.011898,249811.578775,249488.506866,248924.900493,248394.927726,247897.077906,247436.988436,246206.123091,243532.817211,239605.203705,233305.904258,220936.256052,199030.308265,164070.159388,107594.989599,31450.606211,-52529.700435,-134488.443335,-209242.523563,-279632.407674,-340324.640118,-383559.271671,-411054.740294,-429709.541608,-444161.943236,-454249.003540,-462459.655282,-472770.840164,0.000000,0.000000,0.000000,0.000000,0.000000
0.000000,0.000000,0.000000,0.000000,0.000000,0.000000,-468812.856302,-459837.803895,-451806.930441,-441255.877061,-425531.922442,-402786.200628,-369641.198841,-321132.685156,-257021.295591,-178991.071588,-95991.255067,-26929.717335,33619.795258,95484.664308,145458.107365,179924.567692,204319.705606,220632.688986,230655.146064,236871.259392,241159.644568,244269.192146,246893.669879,248698.219615,248729.628911,248314.408219,249027.340876,249752.631669,249795.971353,249505.799220,249340.710358,249445.952423,250109.261213,251148.269266,251513.053845,250926.849924,250411.574806,250309.268531,249922.689565,249643.791211,249833.370279,250374.182145,250747.056054,250596.200326,250322.333356,249603.811987,248942.927213,248814.730532,248742.828406,248772.184562,248751.742033,247952.264291,246845.587746,246358.615966,246508.052790,247018.787221,247392.931409,247720.354376,248214.375014,248799.065888,249632.309253,250270.438862,250321.591281,250036.758636,249411.117381,249109.178223,248950.342526,248218.286055,247431.730103,246976.216708,246436.640625,244348.721453,239925.877026,234106.994613,224908.357348,208416.509114,183467.605627,142910.316379,76993.512801,-7889.546025,-93256.623905,-173935.790494,-249961.987399,-314383.563702,-365508.069049,-400399.363476,-421301.761585,-436795.226910,-448468.536018,-456724.093637,-466154.420150,0.000000,0.000000,0.000000,0.000000,0.000000,0.000000
0.000000,0.000000,0.000000,0.000000,0.000000,0.000000,-476432.302662,-465427.766525,-456828.316872,-448540.595089,-436961.791174,-419994.808720,-394737.557266,-359146.182189,-304865.095268,-234814.792095,-168182.632141,-99917.569132,-25229.278189,44749.575409,104695.425965,150011.043056,181841.220313,205411.619719,220929.554336,229868.885108,236040.874346,240900.123429,244047.092775,246109.788703,247359.669194,248128.966348,249092.522579,249821.347257,249961.386778,249315.601494,248799.333096,249004.623529,249888.105344,251112.049136,251408.877688,250851.282156,250412.453597,250287.749614,250110.123108,249659.991932,249613.980630,250257.250829,251099.722182,251103.986399,250075.811282,248732.089790,247702.045684,247403.046683,247800.399997,248482.123473,248803.311343,248022.926486,246971.559758,246807.340004,247002.784098,247511.151450,248056.047924,248295.882635,248255.774638,248532.443186,249563.884126,250717.266007,251131.630271,250452.728715,249480.604456,248822.529880,248175.676869,247382.963246,246535.010019,246089.627885,244757.894995,240577.677086,234160.133943,225095.477956,211282.703773,190453.105534,159381.312794,110448.418545,35864.555777,-57516.347118,-147725.001577,-225604.612441,-294441.605976,-349489.751743,-388563.897677,-414626.143968,-431367.850419,-443056.794594,-451837.462462,-459724.138795,-469286.290045,0.000000,0.000000,0.000000,0.000000,0.000000,0.000000
0.000000,0.000000,0.000000,0.000000,0.000000,0.000000,0.000000,-472583.170960,-463422.014438,-455316.720777,-445831.502524,-433114.943597,-414376.307672,-386840.576830,-345737.088369,-295002.589184,-233987.901793,-164117.024227,-92131.789903,-13330.681953,57467.686866,109432.772496,150511.498889,182399.440916,205427.345043,220252.869430,229202.956890,235974.079889,241150.903780,244049.074958,245951.121078,247678.704962,249061.608302,250164.219222,250168.868389,249493.162783,249180.221424,248947.915300,249504.439102,250567.922745,250783.298734,250138.648268,249526.831040,249525.072206,249825.888916,249363.357165,248962.279582,249749.644384,250919.570852,251336.353675,250119.407533,248145.060074,246719.602583,246298.129068,247062.284777,248099.757247,248306.401572,247629.346747,246952.554146,247281.955973,248150.277425,248562.265848,248913.079104,249015.631266,248604.591392,248454.962904,249292.911076,250959.840174,251720.190567,251007.669499,249697.256973,248413.177360,247372.624659,246390.689081,245305.346071,243939.019432,240853.378682,234911.228971,225991.596120,211866.197003,191077.223014,163554.184000,123803.383878,64871.208544,-17299.821188,-112581.162747,-200190.324469,-273293.802725,-332636.663875,-377454.584780,-406821.367012,-425434.450781,-439127.477008,-448431.694614,-455510.229168,-463970.659333,0.000000,0.000000,0.000000,0.000000,0.000000,0.000000,0.000000
0.000000,0.000000,0.000000,0.000000,0.000000,0.000000,0.000000,-480040.172995,-469337.547419,-460781.367786,-451561.761219,-441488.952637,-428572.750059,-408482.044996,-379895.336794,-340952.070232,-287318.198879,-221431.273684,-148229.744300,-66633.003729,8999.509605,65254.085146,114096.822894,153915.869566,182735.560850,205969.532912,220651.521307,229736.367007,236718.796980,241680.928519,244673.434951,247030.730956,249167.644863,250379.464154,250569.830589,250042.553040,249641.112422,249171.562156,249232.052790,250057.412798,249894.244471,249024.536140,248474.460082,248726.927932,249129.008014,248895.194159,248746.770265,249444.364971,250760.911338,251160.896262,249993.721047,247972.443965,246592.181036,246355.126844,246993.038229,247870.344088,247777.809748,247052.311405,246823.719826,247636.247196,248721.189718,249242.814244,249326.414577,249146.411661,248494.953754,247884.965169,248494.863494,250144.839147,251126.714672,250829.614152,249464.766935,247733.011477,246394.819273,244783.785747,242811.356244,240230.691297,235345.439625,227214.388664,213405.547294,191240.467464,161709.850372,122485.820740,69543.025904,1567.760207,-85150.780285,-173720.206812,-246697.711334,-311641.825907,-363413.197885,-397401.053135,-420111.871623,-435338.462884,-445632.417880,-452837.360385,-460282.080857,-469261.765040,0.000000,0.000000,0.000000,0.000000,0.000000,0.000000,0.000000
0.000000,0.000000,0.000000,0.000000,0.000000,0.000000,0.000000,0.000000,-474408.078007,-465285.477939,-456146.117784,-447314.410656,-437737.971627,-423873.361175,-403090.863355,-370609.577473,-324723.026724,-264228.894651,-190055.590526,-113457.307329,-39629.917059,25133.924748,75897.822996,118493.637201,154245.670814,183951.984237,207646.170026,222533.038053,231350.733406,237710.980518,242207.592694,245560.007445,248098.831907,249768.714400,250462.435919,250413.556564,250006.872718,249452.769587,249226.729541,249528.049327,249219.520290,248436.155021,248151.169932,248417.638221,249104.313863,249486.074018,249454.953782,249911.526582,250855.561162,250708.712146,249367.320327,247848.962132,247016.909549,247048.811680,247386.048964,247641.335476,247289.594492,246529.177927,246513.464360,247546.880841,248568.640711,249164.580462,249372.531274,249053.121691,248148.772659,247287.594368,247599.416814,248953.746624,250280.218409,250497.933521,249073.277952,246660.139117,244366.703871,242104.380039,239057.357608,234328.488516,226603.036123,214377.950966,193879.199697,161865.449190,116923.381184,63725.751037,457.979299,-79448.038695,-164074.414947,-240253.394292,-301531.183353,-349186.027059,-388165.597232,-415338.690588,-432027.990874,-443475.655039,-450402.891389,-455831.936936,-464866.991979,0.000000,0.000000,0.000000,0.000000,0.000000,0.000000,0.000000,0.000000
0.000000,0.000000,0.000000,0.000000,0.000000,0.000000,0.000000,0.000000,-481397.853226,-470181.459498,-461281.610548,-452779.148893,-444314.240892,-433297.296286,-417182.077191,-394187.425439,-354105.631343,-299495.942866,-242447.705940,-172246.787437,-95101.703305,-28675.007336,27443.943550,77174.238903,121547.369236,157322.380710,187152.503457,210049.421171,223736.705059,232077.371171,238011.372036,242702.577244,246193.697543,248496.395702,249490.256191,249944.081539,249945.732367,249341.665476,248801.723928,248683.625368,248548.170504,248306.582426,248231.425207,248697.558851,249834.047467,250591.679015,250652.164324,250859.415780,251008.371317,250000.234113,248413.391544,247546.139506,247405.200894,247644.409203,247898.297784,247607.904828,246769.476386,246199.866653,246291.053623,247100.319878,248138.177792,248946.532260,249333.067895,248914.499844,248073.057010,247143.941199,247013.009382,248256.540515,249670.567666,249804.531969,247979.029681,245051.742417,241730.359649,237982.195823,232706.860164,224141.618443,212630.492165,195802.013021,169458.637445,127840.799297,67932.969337,1580.924451,-69915.721258,-152537.873960,-232176.178430,-297799.795126,-347127.692325,-382140.978216,-409181.963946,-428243.945941,-440185.543068,-447912.075847,-453278.594763,-459649.945583,-468649.196152,0.000000,0.000000,0.000000,0.000000,0.000000,0.000000,0.000000,0.000000
0.000000,0.000000,0.000000,0.000000,0.000000,0.000000,0.000000,0.000000,0.000000,-475747.285482,-466115.571659,-457423.913470,-448972.115955,-439522.011199,-428012.527764,-411169.585695,-382983.079770,-343892.305997,-298172.119166,-237017.886993,-165246.468982,-97287.894068,-29333.677751,32872.829420,82180.405630,123113.431629,161140.339911,192017.093047,211449.282657,223983.586962,232077.012492,238220.337081,243684.276551,247110.438735,248431.835567,249332.003277,249560.992222,248711.541709,247859.498415,247671.550626,247509.758820,247523.916410,248056.798876,248959.898908,250224.169005,251091.867829,251421.874540,251121.989221,250348.122611,249111.557938,247487.702107,246945.039510,247539.738128,248096.437723,248341.571043,247834.834285,246814.840816,246379.790629,246400.408434,246858.865128,247835.419781,248719.097081,249097.508352,248641.859111,247693.195682,246766.893332,246792.285215,247741.856287,248544.296363,248331.828897,246460.924071,242530.786656,237071.962872,230554.743279,221182.824165,208247.515636,192357.134830,170273.394358,137509.873189,90468.086360,27487.259129,-52716.754838,-136104.331068,-210821.067201,-283061.752480,-340118.641759,-377643.953456,-405500.955143,-423859.751611,-435770.006705,-445003.678706,-451829.296114,-456794.933182,-464374.091913,0.000000,0.000000,0.000000,0.000000,0.000000,0.000000,0.000000,0.000000,0.000000
0.000000,0.000000,0.000000,0.000000,0.000000,0.000000,0.000000,0.000000,0.000000,-481557.586615,-470543.754462,-461382.572983,-452389.815691,-444626.604948,-436863.894548,-425246.800602,-406871.216342,-380278.193693,-343565.939111,-292220.496838,-229633.481552,-162522.824348,-92119.269749,-23472.723068,33683.640386,81746.021170,130084.635878,169639.532291,195083.862028,212869.655523,225098.430556,233301.396592,240262.662229,245269.033747,247041.927562,247997.563780,248435.521917,247731.451695,246948.236202,246982.958026,247098.789875,247287.488535,247960.620586,248892.475674,250117.608062,250914.098156,250940.618341,250148.882549,249102.732190,248245.571835,247177.820603,246915.616166,247721.563377,248690.505345,249265.873552,248854.979218,248054.758836,247442.735797,247029.001139,247388.502272,248194.924822,248917.450797,249254.374594,248685.776122,247390.224980,246461.567868,246555.177746,246836.698722,246514.439803,245584.638698,242758.583253,236728.658166,228630.498729,218514.265230,203460.723178,183880.277497,160247.822303,129713.495214,91687.508061,43492.841339,-22228.208415,-107047.280096,-194602.525488,-268572.690199,-327100.070598,-370834.251395,-401494.621494,-421476.523932,-434080.403009,-443083.076271,-450410.017507,-457004.801844,-462627.858573,-469748.577323,0.000000,0.000000,0.000000,0.000000,0.000000,0.000000,0.000000,0.000000,0.000000
0.000000,0.000000,0.000000,0.000000,0.000000,0.000000,0.000000,0.000000,0.000000,0.000000,-477684.182983,-466353.163229,-457465.237193,-450259.154479,-444070.978280,-437109.893726,-424705.985520,-404506.512002,-376925.886341,-333750.603342,-276708.590952,-222369.199367,-162327.524182,-92220.047900,-26695.295414,35777.973695,95246.669519,142613.519619,175067.461938,196857.780488,214171.276652,226937.461924,235400.836240,241842.013590,244579.128730,245359.234003,246077.480600,246292.915419,246378.215561,246879.127222,247630.859918,248076.299046,248572.394749,249079.949038,249851.734471,250359.369978,249954.728150,249162.262933,248425.045651,247837.003609,247640.620408,247812.705246,248388.377642,249510.561120,250382.348735,250233.325470,249388.479747,248569.467661,248200.071946,248523.422550,249258.611911,250143.324665,250340.262772,249209.680451,247527.536817,246329.901244,245682.985812,244817.562183,243447.282268,240640.689832,235450.872023,227415.421598,216444.107982,199731.636977,175820.570165,146591.587191,109989.208353,66388.655321,21055.998265,-28079.939217,-90027.229093,-167407.870741,-250119.064375,-317755.130504,-362826.939044,-394475.262817,-417637.130664,-432887.470829,-442506.569611,-449915.832504,-456800.384189,-463332.761584,-471427.455347,0.000000,0.000000,0.000000,0.000000,0.000000,0.000000,0.000000,0.000000,0.000000,0.000000
0.000000,0.000000,0.000000,0.000000,0.000000,0.000000,0.000000,0.000000,0.000000,0.000000,0.000000,-473668.839592,-464110.165908,-456759.896219,-450972.289736,-445816.346975,-437868.283384,-424771.675974,-402131.205780,-367383.919387,-323814.474130,-278252.937658,-228584.283186,-164001.925843,-89899.161792,-11929.441737,59756.589139,110837.465044,145550.080197,172990.487700,197091.274529,214972.746564,226611.803407,235166.639845,239899.623840,241704.310745,242822.146938,244356.699019,246185.799835,247578.186573,248358.418644,248932.106118,249533.628449,249613.987372,249569.788064,249643.799098,249322.429022,248674.666040,248028.027805,247939.354071,248224.050074,248438.414469,249206.451792,250195.729819,250733.312694,250453.423952,249380.768220,248771.160777,248680.064450,249151.414391,250141.567304,250823.605601,250648.726776,249352.883304,247370.959252,245443.384161,243619.375402,241358.279441,238107.418841,232591.857451,224436.208113,213149.717139,195348.535748,169676.493548,136214.467735,92411.139318,41283.579336,-15279.213865,-73829.936451,-122193.542309,-172288.544682,-238577.645859,-304024.452413,-354131.208020,-388281.089776,-411151.287598,-427981.780747,-440756.739681,-449820.810934,-456072.732626,-462618.225638,-471593.473732,0.000000,0.000000,0.000000,0.000000,0.000000,0.000000,0.000000,0.000000,0.000000,0.000000,0.000000
0.000000,0.000000,0.000000,0.000000,0.000000,0.000000,0.000000,0.000000,0.000000,0.000000,0.000000,0.000000,-470110.114909,-462397.140150,-455983.589485,-451104.906752,-446112.688306,-438075.865232,-423162.157992,-397877.832538,-366080.707201,-329885.378697,-286093.551144,-224847.669223,-142892.724736,-55958.287762,22346.999178,75005.937165,107594.106185,141713.817209,171675.945393,195758.798319,214227.970951,225169.747332,232536.592122,236984.744665,239589.481667,241939.212145,244816.819612,247251.163958,248385.479722,248852.864054,249509.609283,249382.117105,248918.061919,248889.703878,248870.085616,248282.693738,247422.420836,247590.512399,247942.934496,248136.969128,248996.512641,249794.368717,249742.799900,249157.490693,248327.569201,247624.647657,247617.135441,248500.535411,249508.243429,249863.568648,249633.186739,248289.626893,245461.702223,242260.134368,239237.804460,235599.516074,229376.267290,219779.851698,208020.778629,189403.321559,162519.899311,131733.216226,89791.101910,33558.325930,-27561.642835,-92080.038791,-156348.203125,-209073.687611,-255312.351431,-304171.550403,-349372.017538,-383814.986871,-407212.788890,-423261.453157,-436249.306122,-447280.923320,-455223.301849,-461193.709829,-468241.455311,0.000000,0.000000,0.000000,0.000000,0.000000,0.000000,0.000000,0.000000,0.000000,0.000000,0.000000,0.000000
0.000000,0.000000,0.000000,0.000000,0.000000,0.000000,0.000000,0.000000,0.000000,0.000000,0.000000,0.000000,-475686.404816,-465677.631348,-458449.932000,-454070.435981,-450919.219627,-445343.792196,-437070.023225,-421677.124750,-397544.678637,-369606.318935,-330637.567864,-271747.638678,-192594.195392,-100881.368146,-20300.586479,32327.413968,66680.873680,98999.174754,133675.051277,165979.541298,192384.004291,210330.612542,221416.608559,229848.132656,235206.754987,238695.961313,242098.539309,244942.427036,246726.477664,247307.728796,247298.718180,247021.143722,246834.024288,246998.196737,247440.235476,247014.608284,245773.839668,245474.780868,245797.254791,246337.882893,247174.168746,247936.254251,247845.403928,247052.594417,246219.683719,245388.173364,245398.139333,246259.918656,247004.220056,247614.542261,247509.349649,245257.036802,241286.394743,237023.298898,232286.817998,225646.630296,215373.436585,200885.126518,181772.250680,154110.542933,117306.818194,78761.955584,36100.052697,-15652.612467,-79413.896637,-149347.810545,-212408.196817,-270016.332258,-316314.821122,-352629.942939,-384652.061953,-407006.015057,-422331.205609,-433913.147981,-443287.186827,-451857.082858,-458720.284874,-465276.579366,-475044.735647,0.000000,0.000000,0.000000,0.000000,0.000000,0.000000,0.000000,0.000000,0.000000,0.000000,0.000000,0.000000
0.000000,0.000000,0.000000,0.000000,0.000000,0.000000,0.000000,0.000000,0.000000,0.000000,0.000000,0.000000,0.000000,-469644.961823,-461053.511816,-456481.040654,-454491.667448,-451180.938871,-445702.775387,-436494.872703,-420075.901803,-395979.455251,-361688.722722,-311319.535458,-239145.285697,-149190.658711,-71246.757323,-19330.974996,15751.409767,42892.872709,78854.540104,119709.019896,156059.374601,186486.560647,206102.641612,216882.701735,224479.601754,232056.281347,237811.737238,240627.105131,242734.346458,243692.609480,242970.595445,242510.987862,242783.368208,243217.315264,243645.247795,243247.555250,241933.549010,241263.165537,241196.328029,241795.636812,243067.886182,243721.157598,243388.693309,242923.736619,242324.867748,241537.425691,241651.158480,242675.507263,243609.372357,243927.086990,243127.164883,240092.586085,235314.579847,230019.393835,221220.130812,208403.851341,193885.856803,173628.851599,142165.346500,101806.698127,54429.443497,5943.533600,-34659.082836,-77660.109197,-133566.111399,-197715.908564,-261231.576850,-315639.522029,-357831.259661,-389325.188639,-410619.090445,-424727.077724,-435288.936499,-443278.392578,-449458.205335,-455005.880674,-461542.781018,-470054.194886,0.000000,0.000000,0.000000,0.000000,0.000000,0.000000,0.000000,0.000000,0.000000,0.000000,0.000000,0.000000,0.000000
0.000000,0.000000,0.000000,0.000000,0.000000,0.000000,0.000000,0.000000,0.000000,0.000000,0.000000,0.000000,0.000000,0.000000,-465920.248843,-459992.312819,-457755.598175,-456349.718227,-452759.747435,-445507.237645,-433126.820510,-413762.956501,-385824.648857,-344152.180756,-283258.921602,-207035.743132,-133017.166747,-82835.383990,-51969.398670,-25757.399603,6997.952516,54774.033465,105803.675249,149174.238249,178606.875894,195183.022173,207361.299701,217717.720466,227052.224796,232622.960246,234990.126225,236596.711348,236164.564153,235351.743163,235447.871141,236357.384964,236987.612307,235805.131002,234504.798714,233593.928009,233108.540762,233746.157943,234372.616532,234751.234382,235008.376930,235043.568961,234790.979421,234427.623128,234894.669384,235773.395675,236946.756900,237600.843174,236525.455388,233155.902219,226608.535265,216823.306950,202437.677517,183296.283697,160310.850303,129398.674414,88859.696113,34101.824099,-24746.837031,-72272.838067,-115634.185995,-157482.649955,-198891.126949,-249149.249854,-306522.969183,-353860.479555,-388340.134115,-413303.941459,-428066.780875,-437958.017470,-445334.880012,-450378.821756,-454588.792234,-459581.653823,-466374.922593,0.000000,0.000000,0.000000,0.000000,0.000000,0.000000,0.000000,0.000000,0.000000,0.000000,0.000000,0.000000,0.000000,0.000000
0.000000,0.000000,0.000000,0.000000,0.000000,0.000000,0.000000,0.000000,0.000000,0.000000,0.000000,0.000000,0.000000,0.000000,0.000000,-466920.276464,-461726.357716,-459879.867716,-457219.307785,-451529.531449,-441782.266726,-426570.451867,-405239.497316,-373439.752795,-328848.875959,-270079.897960,-210782.827882,-168647.169177,-139979.032122,-113032.888911,-76885.317462,-26207.968563,38585.284047,95593.783513,134259.102711,160803.000684,177566.728316,192432.464630,207576.307701,218166.796153,221683.943923,222515.872760,223268.992135,222757.034909,222275.675701,223196.526019,223348.927161,221768.303449,220343.147557,218992.506996,218320.158962,219663.608809,219389.565165,219515.262368,221352.263521,220541.505063,219272.935983,220939.523090,223026.383106,223701.351416,225543.995897,226238.359370,224387.023701,221053.594446,212496.293835,197030.991216,173604.486792,142199.130130,105930.436245,62380.269852,11464.917429,-43320.779106,-101941.067703,-151180.506174,-191807.512053,-230544.570003,-264632.725337,-305461.023293,-347841.269973,-382794.500785,-410014.221156,-428158.290605,-439907.898442,-446725.898973,-451207.632845,-455841.912036,-460583.315534,-466809.744038,0.000000,0.000000,0.000000,0.000000,0.000000,0.000000,0.000000,0.000000,0.000000,0.000000,0.000000,0.000000,0.000000,0.000000,0.000000
0.000000,0.000000,0.000000,0.000000,0.000000,0.000000,0.000000,0.000000,0.000000,0.000000,0.000000,0.000000,0.000000,0.000000,0.000000,0.000000,-468198.729907,-463254.566373,-459786.488151,-454666.987457,-447323.880898,-436294.678818,-420012.123200,-398699.658344,-368622.033115,-329875.048215,-292337.753905,-260367.084504,-232809.936287,-204364.275321,-162821.240108,-104742.782031,-36311.632842,28561.209715,77125.114574,109506.298848,134265.686496,159267.409003,180026.014971,192221.320367,196637.335070,198011.222839,200105.623479,201595.346062,200837.699744,199055.049615,197974.080402,196834.620666,196681.008492,195073.305282,193548.969399,195101.273304,195436.608777,195712.025831,196061.328497,194122.901384,194204.319021,196648.119742,199614.739163,203841.617849,207458.871808,206807.979278,203023.700876,199998.667551,191036.324502,171045.600594,135729.313839,84603.450653,31093.038359,-24784.912070,-83827.068588,-131971.808045,-173465.684743,-219310.931389,-261134.358559,-295945.592539,-326462.949332,-355209.727058,-383359.216504,-407427.966187,-425933.755593,-439046.297065,-447822.529100,-452515.847340,-455841.513799,-460906.735051,-468732.765574,0.000000,0.000000,0.000000,0.000000,0.000000,0.000000,0.000000,0.000000,0.000000,0.000000,0.000000,0.000000,0.000000,0.000000,0.000000,0.000000
0.000000,0.000000,0.000000,0.000000,0.000000,0.000000,0.000000,0.000000,0.000000,0.000000,0.000000,0.000000,0.000000,0.000000,0.000000,0.000000,0.000000,-468612.774209,-462414.810525,-456920.827121,-450575.548806,-442268.288244,-430568.979409,-416549.906380,-398692.661699,-377200.601493,-354295.463754,-332206.657025,-307173.803341,-277201.742935,-233289.916294,-171173.009750,-104427.181253,-43419.499901,5892.420529,49760.568609,85519.487386,114089.932577,138202.549085,151325.151712,155378.473899,157258.825642,163467.821537,166749.837391,163930.634983,160610.653397,158346.345876,157702.267319,157017.093929,156977.353971,157180.336388,156179.544241,157684.800090,159753.555017,156775.682573,152793.830282,152543.699957,155360.485390,161704.949295,169380.638156,174127.793426,173083.372277,168961.449041,166214.659264,158863.594792,133353.238150,89673.822406,28479.081636,-48028.863470,-117109.249023,-169182.018922,-211636.246342,-244958.534102,-277925.357324,-318151.395572,-351022.529134,-372900.604211,-391658.564536,-409723.962663,-425118.352741,-436595.432131,-446642.797638,-453083.900763,-456805.173446,-461089.962869,-467438.683063,0.000000,0.000000,0.000000,0.000000,0.000000,0.000000,0.000000,0.000000,0.000000,0.000000,0.000000,0.000000,0.000000,0.000000,0.000000,0.000000,0.000000
0.000000,0.000000,0.000000,0.000000,0.000000,0.000000,0.000000,0.000000,0.000000,0.000000,0.000000,0.000000,0.000000,0.000000,0.000000,0.000000,0.000000,0.000000,-467643.774737,-460776.260989,-454341.537918,-447565.133362,-439421.521377,-430121.736596,-420523.479954,-408946.004819,-395596.894563,-380571.563573,-360394.918941,-331302.565931,-290966.053855,-237766.839468,-176365.087747,-122342.566060,-75266.219869,-22599.337279,20895.886028,50648.429208,77222.538015,91039.893926,93703.766819,101400.466794,113159.972804,114597.769103,107320.898121,101380.949564,98558.444961,97341.730385,98845.587314,102567.014325,102014.254838,100114.330201,103480.721631,104195.927017,102127.393085,98583.580535,93347.378132,96042.844190,103761.796040,113725.591227,124678.834729,124429.035155,117097.751836,116596.068745,108048.063548,77558.656528,30641.496850,-34388.612642,-114550.594186,-189854.712159,-240495.616866,-272846.240131,-305366.922574,-335966.659798,-364655.249171,-389188.748517,-403602.895776,-415507.259609,-426296.773259,-434734.634586,-443615.021584,-452135.031461,-457877.593926,-461950.312780,-467586.185864,0.000000,0.000000,0.000000,0.000000,0.000000,0.000000,0.000000,0.000000,0.000000,0.000000,0.000000,0.000000,0.000000,0.000000,0.000000,0.000000,0.000000,0.000000
0.000000,0.000000,0.000000,0.000000,0.000000,0.000000,0.000000,0.000000,0.000000,0.000000,0.000000,0.000000,0.000000,0.000000,0.000000,0.000000,0.000000,0.000000,0.000000,-469034.838189,-460679.339256,-454288.562114,-448138.261933,-442101.877895,-436236.512267,-430457.205807,-423055.343933,-411609.909290,-396128.976344,-374380.363403,-343934.347595,-303009.038880,-256389.079691,-210075.286770,-161617.964668,-111069.584335,-65204.380898,-32413.403866,-8245.081807,6777.134956,17161.605317,35528.315177,47134.807209,45120.575674,32013.312134,21378.581983,21917.458720,19829.622658,25632.862763,34614.875441,33372.220251,29055.364019,24406.861322,24500.440418,28954.252559,29361.620458,25431.547744,25733.210512,31960.878172,46646.535986,65191.558894,66734.697707,58277.406084,55794.771303,37434.066413,-33.459686,-47732.603795,-109614.330630,-177945.905852,-247228.460721,-298875.124215,-328639.987984,-354983.190233,-381241.851103,-401552.424111,-415051.094074,-423592.833136,-429845.561911,-436206.674299,-442159.609377,-449442.683521,-456803.466330,-462703.283994,-470455.248564,0.000000,0.000000,0.000000,0.000000,0.000000,0.000000,0.000000,0.000000,0.000000,0.000000,0.000000,0.000000,0.000000,0.000000,0.000000,0.000000,0.000000,0.000000,0.000000
0.000000,0.000000,0.000000,0.000000,0.000000,0.000000,0.000000,0.000000,0.000000,0.000000,0.000000,0.000000,0.000000,0.000000,0.000000,0.000000,0.000000,0.000000,0.000000,0.000000,-470641.129671,-463166.353314,-457189.591039,-452254.975777,-447422.053370,-443517.008266,-439647.433217,-431747.814002,-419536.843817,-404939.218535,-384915.328091,-357400.219463,-323709.269607,-288236.271870,-246319.434297,-199819.596961,-163605.890549,-134209.920802,-110597.722399,-93299.947490,-73472.173272,-53459.546326,-40115.434661,-45781.506116,-62554.807930,-67366.905471,-65343.934250,-64116.686242,-55814.205486,-40739.430220,-38014.374266,-55816.945670,-75495.499180,-74843.285891,-64346.562849,-56056.053274,-51545.520386,-52418.187718,-41808.584917,-23390.972106,-9886.295073,-6133.471980,-12639.753935,-22565.046294,-46439.059164,-92877.331918,-141088.249000,-188917.806315,-249122.051838,-304634.356457,-344248.333242,-372668.325607,-394163.509114,-411728.111907,-424459.029898,-431624.855191,-435729.709820,-439758.614899,-443624.305671,-448092.266451,-454380.489854,-462129.393327,-470592.301559,0.000000,0.000000,0.000000,0.000000,0.000000,0.000000,0.000000,0.000000,0.000000,0.000000,0.000000,0.000000,0.000000,0.000000,0.000000,0.000000,0.000000,0.000000,0.000000,0.000000
0.000000,0.000000,0.000000,0.000000,0.000000,0.000000,0.000000,0.000000,0.000000,0.000000,0.000000,0.000000,0.000000,0.000000,0.000000,0.000000,0.000000,0.000000,0.000000,0.000000,0.000000,0.000000,-467759.094710,-460860.799879,-456360.005006,-453110.109287,-449681.271482,-444886.456109,-437045.831561,-425735.987154,-412560.127594,-396098.796462,-372857.779180,-346400.885661,-316961.151447,-283057.002580,-256243.265419,-232724.108310,-209446.184653,-194420.240770,-179865.024127,-160390.016578,-146061.270828,-150418.454594,-158686.586641,-157208.354205,-152205.665985,-146982.185269,-136371.377859,-117312.556809,-116321.329643,-143877.382166,-171546.581721,-179578.531066,-165871.852982,-145666.788702,-136658.277114,-133730.554496,-122222.474932,-109679.292605,-105374.323729,-104794.286081,-114110.330027,-124960.811815,-144811.258564,-188779.377097,-232524.778004,-270433.038633,-313721.490589,-354126.289023,-383053.637628,-402570.688154,-418199.205634,-430288.247503,-437865.861284,-441944.898807,-443944.521960,-446410.533548,-449345.020643,-453398.640896,-460896.060036,0.000000,0.000000,0.000000,0.000000,0.000000,0.000000,0.000000,0.000000,0.000000,0.000000,0.000000,0.000000,0.000000,0.000000,0.000000,0.000000,0.000000,0.000000,0.000000,0.000000,0.000000,0.000000
0.000000,0.000000,0.000000,0.000000,0.000000,0.000000,0.000000,0.000000,0.000000,0.000000,0.000000,0.000000,0.000000,0.000000,0.000000,0.000000,0.000000,0.000000,0.000000,0.000000,0.000000,0.000000,0.000000,-469911.575755,-463483.307290,-460117.487723,-456979.249655,-453976.852917,-449648.164972,-442156.239261,-431892.665955,-420241.153445,-406256.891681,-388654.497264,-369461.728320,-349234.763152,-329937.356045,-312159.430728,-295258.434321,-283832.459156,-273983.096322,-259455.614432,-250348.376134,-246082.953245,-242542.946771,-239696.923443,-230101.839547,-225386.571127,-218616.668521,-202423.125503,-202831.843515,-227131.841463,-256297.037894,-268200.763275,-254679.513736,-234008.566957,-225210.080229,-213845.989687,-202248.441147,-203581.828846,-207333.009424,-214379.399217,-222994.730856,-229456.199154,-246049.315546,-275515.755664,-307576.013977,-336752.189673,-364094.101238,-390501.654107,-410895.775490,-423394.483906,-432941.792072,-440648.157945,-445863.925735,-448759.286360,-449880.838733,-451791.528479,-455220.163966,-460514.534103,0.000000,0.000000,0.000000,0.000000,0.000000,0.000000,0.000000,0.000000,0.000000,0.000000,0.000000,0.000000,0.000000,0.000000,0.000000,0.000000,0.000000,0.000000,0.000000,0.000000,0.000000,0.000000,0.000000
0.000000,0.000000,0.000000,0.000000,0.000000,0.000000,0.000000,0.000000,0.000000,0.000000,0.000000,0.000000,0.000000,0.000000,0.000000,0.000000,0.000000,0.000000,0.000000,0.000000,0.000000,0.000000,0.000000,0.000000,-471236.493465,-467327.998460,-463373.528920,-460621.189730,-458086.995262,-452992.303918,-445118.463150,-436011.777457,-426784.457203,-417539.188758,-406118.847179,-393745.009330,-382926.613184,-370714.968836,-359007.330287,-350883.489997,-343684.788029,-336652.523333,-329329.485584,-322120.800799,-317525.828983,-312517.636658,-306580.490254,-303758.400855,-299380.351289,-291391.706793,-291597.111197,-307952.846838,-328373.090146,-334904.285651,-327193.880080,-314238.893965,-303644.539826,-290498.877530,-279024.679127,-284421.361585,-295343.518889,-303400.243690,-309124.962571,-314212.640438,-325143.511886,-342682.219313,-363008.341735,-382254.177046,-400908.063106,-417012.036881,-428951.644119,-437489.983279,-443486.283894,-448160.587566,-451631.579212,-454060.370085,-455970.840388,-459063.034053,-464322.241687,0.000000,0.000000,0.000000,0.000000,0.000000,0.000000,0.000000,0.000000,0.000000,0.000000,0.000000,0.000000,0.000000,0.000000,0.000000,0.000000,0.000000,0.000000,0.000000,0.000000,0.000000,0.000000,0.000000,0.000000
0.000000,0.000000,0.000000,0.000000,0.000000,0.000000,0.000000,0.000000,0.000000,0.000000,0.000000,0.000000,0.000000,0.000000,0.000000,0.000000,0.000000,0.000000,0.000000,0.000000,0.000000,0.000000,0.000000,0.000000,0.000000,0.000000,-471770.910096,-468246.357563,-466098.684940,-461562.743382,-454940.442226,-448509.777578,-442508.069945,-436905.722876,-430507.676382,-422816.395731,-415989.905853,-409192.927120,-401989.429724,-396516.226938,-391894.971488,-387712.314134,-382841.440715,-377381.909997,-374308.773573,-371740.193835,-368910.489414,-365987.314458,-362776.471842,-360220.697308,-361227.057948,-369325.924136,-378912.728179,-382606.887508,-379611.753641,-372150.710092,-363135.512540,-354107.058376,-346540.854738,-349663.689831,-359843.411822,-364092.832073,-368222.056155,-373241.295981,-378035.902792,-388285.179879,-400857.688098,-412995.949286,-424731.664403,-434542.403988,-442471.452097,-448328.942040,-451615.236277,-454418.859372,-457958.606747,-461119.454511,-464229.516445,0.000000,0.000000,0.000000,0.000000,0.000000,0.000000,0.000000,0.000000,0.000000,0.000000,0.000000,0.000000,0.000000,0.000000,0.000000,0.000000,0.000000,0.000000,0.000000,0.000000,0.000000,0.000000,0.000000,0.000000,0.000000,0.000000
0.000000,0.000000,0.000000,0.000000,0.000000,0.000000,0.000000,0.000000,0.000000,0.000000,0.000000,0.000000,0.000000,0.000000,0.000000,0.000000,0.000000,0.000000,0.000000,0.000000,0.000000,0.000000,0.000000,0.000000,0.000000,0.000000,0.000000,0.000000,-476874.303566,-471127.264555,-465200.999996,-460114.530108,-455647.631917,-451629.948769,-447345.460355,-441499.140332,-436295.599983,-432737.023468,-429552.535804,-426107.532521,-422377.755340,-420115.780226,-418144.858036,-413084.375567,-409279.858874,-409089.563436,-406678.758251,-403537.135337,-402415.002740,-401072.022767,-401958.921588,-406471.504509,-411270.862038,-412950.305023,-410752.683727,-407270.245889,-403552.795872,-397813.796095,-393377.878792,-396863.708824,-402478.874143,-403631.070631,-405682.848784,-408470.890890,-410643.645416,-416075.508486,-423629.282409,-431552.771618,-439669.809618,-446568.051500,-452382.325302,-456872.628893,-459386.605612,-462209.007625,-467125.664222,0.000000,0.000000,0.000000,0.000000,0.000000,0.000000,0.000000,0.000000,0.000000,0.000000,0.000000,0.000000,0.000000,0.000000,0.000000,0.000000,0.000000,0.000000,0.000000,0.000000,0.000000,0.000000,0.000000,0.000000,0.000000,0.000000,0.000000,0.000000
0.000000,0.000000,0.000000,0.000000,0.000000,0.000000,0.000000,0.000000,0.000000,0.000000,0.000000,0.000000,0.000000,0.000000,0.000000,0.000000,0.000000,0.000000,0.000000,0.000000,0.000000,0.000000,0.000000,0.000000,0.000000,0.000000,0.000000,0.000000,0.000000,0.000000,-476723.289717,-471369.263190,-466722.005061,-462710.246144,-459048.098584,-454789.173471,-450349.140109,-447543.632221,-445879.251020,-443938.065372,-442702.786924,-440765.461221,-437861.845158,-434455.172260,-430738.415450,-429364.180709,-428500.549505,-427067.713551,-425737.889535,-424370.085508,-426027.223881,-430131.521756,-432905.753278,-433212.647343,-430971.432165,-427947.272267,-426069.510944,-424313.830229,-423633.894544,-425761.388717,-426992.078730,-426759.859608,-427933.915390,-428464.771326,-429243.144497,-432401.962266,-437108.212231,-443293.337714,-450002.613139,-456270.689106,-461854.590478,-466030.682581,-469453.039153,0.000000,0.000000,0.000000,0.000000,0.000000,0.000000,0.000000,0.000000,0.000000,0.000000,0.000000,0.000000,0.000000,0.000000,0.000000,0.000000,0.000000,0.000000,0.000000,0.000000,0.000000,0.000000,0.000000,0.000000,0.000000,0.000000,0.000000,0.000000,0.000000,0.000000
0.000000,0.000000,0.000000,0.000000,0.000000,0.000000,0.000000,0.000000,0.000000,0.000000,0.000000,0.000000,0.000000,0.000000,0.000000,0.000000,0.000000,0.000000,0.000000,0.000000,0.000000,0.000000,0.000000,0.000000,0.000000,0.000000,0.000000,0.000000,0.000000,0.000000,0.000000,0.000000,-479137.028523,-472454.931798,-467324.809824,-464367.298661,-461649.330511,-459283.707415,-457576.437212,-455505.303484,-454282.795076,-452625.528575,-449689.188646,-447076.918441,-443886.844672,-441324.283386,-440553.171952,-440640.682996,-440458.607897,-440064.057029,-441434.038829,-444508.593722,-447116.508823,-447190.783399,-444650.170949,-441281.523481,-439009.861472,-438921.223071,-440947.559760,-442541.114962,-442053.550457,-441782.934061,-441541.821586,-440630.564630,-441213.411192,-443655.963593,-447331.075708,-452703.782483,-458638.576918,-465039.545448,-473392.440566,0.000000,0.000000,0.000000,0.000000,0.000000,0.000000,0.000000,0.000000,0.000000,0.000000,0.000000,0.000000,0.000000,0.000000,0.000000,0.000000,0.000000,0.000000,0.000000,0.000000,0.000000,0.000000,0.000000,0.000000,0.000000,0.000000,0.000000,0.000000,0.000000,0.000000,0.000000,0.000000
0.000000,0.000000,0.000000,0.000000,0.000000,0.000000,0.000000,0.000000,0.000000,0.000000,0.000000,0.000000,0.000000,0.000000,0.000000,0.000000,0.000000,0.000000,0.000000,0.000000,0.000000,0.000000,0.000000,0.000000,0.000000,0.000000,0.000000,0.000000,0.000000,0.000000,0.000000,0.000000,0.000000,0.000000,-476650.487753,-474962.623376,-472966.778245,-470704.773124,-467796.173174,-465544.636055,-463596.371001,-460826.266542,-458490.893513,-455610.263284,-452465.906779,-449783.618214,-448567.309033,-449283.448455,-450504.376704,-451502.769477,-452846.221181,-455547.671494,-457861.144499,-457280.968797,-454393.503977,-450848.321021,-447725.754054,-447287.196949,-449846.427954,-452553.250196,-453502.974766,-452871.201665,-451672.593413,-450499.825129,-451348.170290,-453818.299651,-457400.931710,-462642.384787,-467774.411580,0.000000,0.000000,0.000000,0.000000,0.000000,0.000000,0.000000,0.000000,0.000000,0.000000,0.000000,0.000000,0.000000,0.000000,0.000000,0.000000,0.000000,0.000000,0.000000,0.000000,0.000000,0.000000,0.000000,0.000000,0.000000,0.000000,0.000000,0.000000,0.000000,0.000000,0.000000,0.000000,0.000000,0.000000
0.000000,0.000000,0.000000,0.000000,0.000000,0.000000,0.000000,0.000000,0.000000,0.000000,0.000000,0.000000,0.000000,0.000000,0.000000,0.000000,0.000000,0.000000,0.000000,0.000000,0.000000,0.000000,0.000000,0.000000,0.000000,0.000000,0.000000,0.000000,0.000000,0.000000,0.000000,0.000000,0.000000,0.000000,0.000000,0.000000,0.000000,0.000000,-480097.593494,-477448.947209,-474713.857108,-470656.081244,-465918.874795,-462925.710899,-460113.379203,-457071.306261,-456234.971733,-457949.709633,-460092.670426,-461002.748466,-462154.340154,-464536.719357,-466520.587988,-465870.456356,-462810.176722,-458630.338810,-454797.425916,-453741.858143,-455943.829261,-459514.433999,-462306.386950,-462963.618500,-461934.571177,-461611.488082,-463107.355031,0.000000,0.000000,0.000000,0.000000,0.000000,0.000000,0.000000,0.000000,0.000000,0.000000,0.000000,0.000000,0.000000,0.000000,0.000000,0.000000,0.000000,0.000000,0.000000,0.000000,0.000000,0.000000,0.000000,0.000000,0.000000,0.000000,0.000000,0.000000,0.000000,0.000000,0.000000,0.000000,0.000000,0.000000,0.000000,0.000000,0.000000,0.000000
0.000000,0.000000,0.000000,0.000000,0.000000,0.000000,0.000000,0.000000,0.000000,0.000000,0.000000,0.000000,0.000000,0.000000,0.000000,0.000000,0.000000,0.000000,0.000000,0.000000,0.000000,0.000000,0.000000,0.000000,0.000000,0.000000,0.000000,0.000000,0.000000,0.000000,0.000000,0.000000,0.000000,0.000000,0.000000,0.000000,0.000000,0.000000,0.000000,0.000000,0.000000,0.000000,-475749.924144,-472376.560606,-469592.342746,-467067.288606,-465560.523972,-468011.141825,-471060.486985,-471673.178713,-471942.515863,-473490.293147,-475861.335436,-475844.567752,-472819.841368,-468380.371969,-463716.845812,-461817.552229,-463792.813861,-468374.243930,-472453.385326,0.000000,0.000000,0.000000,0.000000,0.000000,0.000000,0.000000,0.000000,0.000000,0.000000,0.000000,0.000000,0.000000,0.000000,0.000000,0.000000,0.000000,0.000000,0.000000,0.000000,0.000000,0.000000,0.000000,0.000000,0.000000,0.000000,0.000000,0.000000,0.000000,0.000000,0.000000,0.000000,0.000000,0.000000,0.000000,0.000000,0.000000,0.000000,0.000000,0.000000,0.000000,0.000000
0.000000,0.000000,0.000000,0.000000,0.000000,0.000000,0.000000,0.000000,0.000000,0.000000,0.000000,0.000000,0.000000,0.000000,0.000000,0.000000,0.000000,0.000000,0.000000,0.000000,0.000000,0.000000,0.000000,0.000000,0.000000,0.000000,0.000000,0.000000,0.000000,0.000000,0.000000,0.000000,0.000000,0.000000,0.000000,0.000000,0.000000,0.000000,0.000000,0.000000,0.000000,0.000000,0.000000,0.000000,0.000000,0.000000,0.000000,0.000000,0.000000,0.000000,0.000000,0.000000,0.000000,0.000000,0.000000,0.000000,0.000000,0.000000,0.000000,0.000000,0.000000,0.000000,0.000000,0.000000,0.000000,0.000000,0.000000,0.000000,0.000000,0.000000,0.000000,0.000000,0.000000,0.000000,0.000000,0.000000,0.000000,0.000000,0.000000,0.000000,0.000000,0.000000,0.000000,0.000000,0.000000,0.000000,0.000000,0.000000,0.000000,0.000000,0.000000,0.000000,0.000000,0.000000,0.000000,0.000000,0.000000,0.000000,0.000000,0.000000,0.000000,0.000000,0.000000
0.000000,0.000000,0.000000,0.000000,0.000000,0.000000,0.000000,0.000000,0.000000,0.000000,0.000000,0.000000,0.000000,0.000000,0.000000,0.000000,0.000000,0.000000,0.000000,0.000000,0.000000,0.000000,0.000000,0.000000,0.000000,0.000000,0.000000,0.000000,0.000000,0.000000,0.000000,0.000000,0.000000,0.000000,0.000000,0.000000,0.000000,0.000000,0.000000,0.000000,0.000000,0.000000,0.000000,0.000000,0.000000,0.000000,0.000000,0.000000,0.000000,0.000000,0.000000,0.000000,0.000000,0.000000,0.000000,0.000000,0.000000,0.000000,0.000000,0.000000,0.000000,0.000000,0.000000,0.000000,0.000000,0.000000,0.000000,0.000000,0.000000,0.000000,0.000000,0.000000,0.000000,0.000000,0.000000,0.000000,0.000000,0.000000,0.000000,0.000000,0.000000,0.000000,0.000000,0.000000,0.000000,0.000000,0.000000,0.000000,0.000000,0.000000,0.000000,0.000000,0.000000,0.000000,0.000000,0.000000,0.000000,0.000000,0.000000,0.000000,0.000000,0.000000,0.000000
