0.000000,0.000000,0.000000,0.000000,0.000000,0.000000,0.000000,0.000000,0.000000,0.000000,0.000000,0.000000,0.000000,0.000000,0.000000,0.000000,0.000000,0.000000,0.000000,0.000000,0.000000,0.000000,0.000000,0.000000,0.000000,0.000000,0.000000,0.000000,0.000000,0.000000,0.000000,0.000000,0.000000,0.000000,0.000000,0.000000,0.000000,0.000000,0.000000,0.000000,0.000000,0.000000,0.000000,0.000000,0.000000,0.000000,0.000000,0.000000,0.000000,0.000000,0.000000,0.000000,0.000000,0.000000,0.000000,0.000000,0.000000,0.000000,0.000000,0.000000,0.000000,0.000000,0.000000,0.000000,0.000000,0.000000,0.000000,0.000000,0.000000,0.000000,0.000000,0.000000,0.000000,0.000000,0.000000,0.000000,0.000000,0.000000,0.000000,0.000000,0.000000,0.000000,0.000000,0.000000,0.000000,0.000000,0.000000,0.000000,0.000000,0.000000,0.000000,0.000000,0.000000,0.000000,0.000000,0.000000,0.000000,0.000000,0.000000,0.000000,0.000000,0.000000,0.000000
0.000000,0.000000,0.000000,0.000000,0.000000,0.000000,0.000000,0.000000,0.000000,0.000000,0.000000,0.000000,0.000000,0.000000,0.000000,0.000000,0.000000,0.000000,0.000000,0.000000,0.000000,0.000000,0.000000,0.000000,0.000000,0.000000,0.000000,0.000000,0.000000,0.000000,0.000000,0.000000,0.000000,0.000000,0.000000,0.000000,0.000000,0.000000,0.000000,0.000000,0.000000,0.000000,0.000000,0.000000,0.000000,0.000000,0.000000,0.000000,0.000000,0.000000,0.000000,0.000000,0.000000,0.000000,0.000000,0.000000,0.000000,0.000000,0.000000,0.000000,0.000000,0.000000,0.000000,0.000000,0.000000,0.000000,0.000000,0.000000,0.000000,0.000000,0.000000,0.000000,0.000000,0.000000,0.000000,0.000000,0.000000,0.000000,0.000000,0.000000,0.000000,0.000000,0.000000,0.000000,0.000000,0.000000,0.000000,0.000000,0.000000,0.000000,0.000000,0.000000,0.000000,0.000000,0.000000,0.000000,0.000000,0.000000,0.000000,0.000000,0.000000,0.000000,0.000000
0.000000,0.000000,0.000000,0.000000,0.000000,0.000000,0.000000,0.000000,0.000000,0.000000,0.000000,0.000000,0.000000,0.000000,0.000000,0.000000,0.000000,0.000000,0.000000,0.000000,0.000000,0.000000,0.000000,0.000000,0.000000,0.000000,0.000000,0.000000,0.000000,0.000000,0.000000,0.000000,0.000000,0.000000,0.000000,0.000000,0.000000,0.000000,0.000000,0.000000,0.000000,0.000000,-493956.351571,-488065.572843,-483541.647847,-479984.348486,-476305.027136,-473626.945863,-471229.350142,-468871.403596,-468863.602482,-471909.332343,-475753.954567,-478324.664628,-479266.062382,-478795.037510,-478988.871175,-481510.365746,-483676.404313,-483834.434259,-486239.111337,0.000000,0.000000,0.000000,0.000000,0.000000,0.000000,0.000000,0.000000,0.000000,0.000000,0.000000,0.000000,0.000000,0.000000,0.000000,0.000000,0.000000,0.000000,0.000000,0.000000,0.000000,0.000000,0.000000,0.000000,0.000000,0.000000,0.000000,0.000000,0.000000,0.000000,0.000000,0.000000,0.000000,0.000000,0.000000,0.000000,0.000000,0.000000,0.000000,0.000000,0.000000,0.000000
0.000000,0.000000,0.000000,0.000000,0.000000,0.000000,0.000000,0.000000,0.000000,0.000000,0.000000,0.000000,0.000000,0.000000,0.000000,0.000000,0.000000,0.000000,0.000000,0.000000,0.000000,0.000000,0.000000,0.000000,0.000000,0.000000,0.000000,0.000000,0.000000,0.000000,0.000000,0.000000,0.000000,0.000000,0.000000,0.000000,0.000000,0.000000,-497049.070716,-492786.350955,-488446.755920,-484454.750177,-481818.479501,-477988.620502,-472836.675612,-468692.604994,-465342.236996,-462920.529462,-460652.914746,-458408.689953,-458067.311451,-459580.424131,-462404.063375,-465722.935629,-467300.480863,-468264.841602,-469959.724859,-471666.546432,-473465.099922,-475041.390531,-477204.038894,-481546.894231,-485642.621815,-487300.815302,-489108.987462,0.000000,0.000000,0.000000,0.000000,0.000000,0.000000,0.000000,0.000000,0.000000,0.000000,0.000000,0.000000,0.000000,0.000000,0.000000,0.000000,0.000000,0.000000,0.000000,0.000000,0.000000,0.000000,0.000000,0.000000,0.000000,0.000000,0.000000,0.000000,0.000000,0.000000,0.000000,0.000000,0.000000,0.000000,0.000000,0.000000,0.000000,0.000000
0.000000,0.000000,0.000000,0.000000,0.000000,0.000000,0.000000,0.000000,0.000000,0.000000,0.000000,0.000000,0.000000,0.000000,0.000000,0.000000,0.000000,0.000000,0.000000,0.000000,0.000000,0.000000,0.000000,0.000000,0.000000,0.000000,0.000000,0.000000,0.000000,0.000000,0.000000,0.000000,0.000000,0.000000,-490441.979051,-488741.033928,-487712.546422,-486501.636864,-484431.595737,-481318.160559,-477626.463586,-474620.802944,-472547.352958,-468394.349174,-462495.675479,-458372.370817,-455292.187640,-451839.916217,-449104.473691,-446587.921314,-444367.639734,-444280.474767,-447095.889133,-451136.436042,-454255.734548,-456846.868091,-459357.215143,-461669.738212,-464344.651681,-467264.668986,-470326.282650,-473393.471713,-475524.363483,-476453.020249,-477019.032316,-478839.315235,-480316.300171,-480951.744419,-483937.448057,0.000000,0.000000,0.000000,0.000000,0.000000,0.000000,0.000000,0.000000,0.000000,0.000000,0.000000,0.000000,0.000000,0.000000,0.000000,0.000000,0.000000,0.000000,0.000000,0.000000,0.000000,0.000000,0.000000,0.000000,0.000000,0.000000,0.000000,0.000000,0.000000,0.000000,0.000000,0.000000,0.000000,0.000000
0.000000,0.000000,0.000000,0.000000,0.000000,0.000000,0.000000,0.000000,0.000000,0.000000,0.000000,0.000000,0.000000,0.000000,0.000000,0.000000,0.000000,0.000000,0.000000,0.000000,0.000000,0.000000,0.000000,0.000000,0.000000,0.000000,0.000000,0.000000,0.000000,0.000000,0.000000,0.000000,-491748.217788,-485489.465418,-481183.777951,-478063.259064,-475722.712380,-474369.665433,-472863.160070,-470426.608136,-467538.895903,-465828.584644,-463017.791007,-457687.409619,-451649.522107,-445682.061225,-440359.707294,-435499.271421,-430418.652391,-425392.599359,-422461.079120,-421504.314250,-422892.081366,-427118.957135,-432250.136130,-437734.034788,-443033.768908,-448173.191508,-453140.710391,-457780.604710,-462315.395070,-465603.027469,-467511.099921,-468854.709755,-469252.666278,-469135.287080,-469329.166684,-470606.687182,-473815.789810,-478968.104479,-485254.323211,0.000000,0.000000,0.000000,0.000000,0.000000,0.000000,0.000000,0.000000,0.000000,0.000000,0.000000,0.000000,0.000000,0.000000,0.000000,0.000000,0.000000,0.000000,0.000000,0.000000,0.000000,0.000000,0.000000,0.000000,0.000000,0.000000,0.000000,0.000000,0.000000,0.000000,0.000000,0.000000
0.000000,0.000000,0.000000,0.000000,0.000000,0.000000,0.000000,0.000000,0.000000,0.000000,0.000000,0.000000,0.000000,0.000000,0.000000,0.000000,0.000000,0.000000,0.000000,0.000000,0.000000,0.000000,0.000000,0.000000,0.000000,0.000000,0.000000,0.000000,0.000000,0.000000,-488539.758051,-483445.491543,-479142.719144,-475192.850126,-472053.759099,-468855.991800,-465637.432739,-462509.166907,-460308.155698,-458760.456081,-456502.980354,-454787.094753,-451916.011143,-445487.173752,-436893.684644,-426261.900148,-416023.079029,-408370.568642,-398664.971325,-389267.862284,-385059.041631,-382736.363243,-383992.143778,-390608.774457,-398662.372054,-408522.401448,-418477.477148,-426322.277497,-434963.431498,-443819.974799,-450729.515725,-455110.691353,-457933.223176,-460504.378892,-461926.871991,-461947.210368,-461693.659398,-462729.974708,-465719.717758,-469686.452323,-474179.447958,-479911.425585,-487064.084400,0.000000,0.000000,0.000000,0.000000,0.000000,0.000000,0.000000,0.000000,0.000000,0.000000,0.000000,0.000000,0.000000,0.000000,0.000000,0.000000,0.000000,0.000000,0.000000,0.000000,0.000000,0.000000,0.000000,0.000000,0.000000,0.000000,0.000000,0.000000,0.000000,0.000000
0.000000,0.000000,0.000000,0.000000,0.000000,0.000000,0.000000,0.000000,0.000000,0.000000,0.000000,0.000000,0.000000,0.000000,0.000000,0.000000,0.000000,0.000000,0.000000,0.000000,0.000000,0.000000,0.000000,0.000000,0.000000,0.000000,0.000000,0.000000,-483668.854934,-479935.543695,-476137.586913,-472222.891659,-468835.195227,-465468.550650,-462002.336700,-458334.544247,-453592.767816,-448799.751654,-446722.356746,-444822.496917,-442033.436967,-440442.046803,-436535.846270,-427908.349249,-413580.621480,-396324.962051,-380360.518599,-362931.103323,-347521.040122,-336482.577378,-325006.806795,-318136.786318,-322465.693971,-335386.751148,-351678.768662,-367750.141388,-381736.964714,-394949.287658,-408413.640541,-420652.099856,-431134.390714,-439685.506429,-445636.038936,-449439.664177,-451936.120160,-453021.809043,-453693.043508,-455191.079055,-457610.741720,-461047.889433,-465063.696135,-470295.219901,-476693.740672,-481459.816229,-485728.231529,0.000000,0.000000,0.000000,0.000000,0.000000,0.000000,0.000000,0.000000,0.000000,0.000000,0.000000,0.000000,0.000000,0.000000,0.000000,0.000000,0.000000,0.000000,0.000000,0.000000,0.000000,0.000000,0.000000,0.000000,0.000000,0.000000,0.000000,0.000000
0.000000,0.000000,0.000000,0.000000,0.000000,0.000000,0.000000,0.000000,0.000000,0.000000,0.000000,0.000000,0.000000,0.000000,0.000000,0.000000,0.000000,0.000000,0.000000,0.000000,0.000000,0.000000,0.000000,0.000000,0.000000,0.000000,-485137.412319,-479299.119827,-473675.273327,-470044.170929,-466781.539498,-462684.760056,-458209.266209,-453359.034677,-448680.396737,-442803.926592,-436050.909096,-431527.704344,-427002.918809,-421766.174904,-420443.660336,-419172.942868,-413335.065242,-401120.411879,-379631.375527,-351745.434289,-322959.431171,-296261.053884,-273568.286623,-255599.408562,-239741.644160,-228779.424137,-232677.275785,-255969.848897,-284502.155880,-305555.113723,-326055.717001,-348988.556053,-369697.727676,-386537.216031,-401297.172350,-414151.832911,-425000.742167,-434610.979584,-440109.726231,-441554.375165,-442553.127271,-445049.967567,-448184.656348,-451064.027569,-455112.740746,-461764.231904,-468835.352323,-473674.854159,-476449.600874,-479470.204742,-485858.373029,0.000000,0.000000,0.000000,0.000000,0.000000,0.000000,0.000000,0.000000,0.000000,0.000000,0.000000,0.000000,0.000000,0.000000,0.000000,0.000000,0.000000,0.000000,0.000000,0.000000,0.000000,0.000000,0.000000,0.000000,0.000000,0.000000
0.000000,0.000000,0.000000,0.000000,0.000000,0.000000,0.000000,0.000000,0.000000,0.000000,0.000000,0.000000,0.000000,0.000000,0.000000,0.000000,0.000000,0.000000,0.000000,0.000000,0.000000,0.000000,0.000000,0.000000,-488893.875653,-481852.201214,-476806.460173,-471371.019919,-466982.052782,-463182.997919,-458390.620790,-452868.738846,-446008.268922,-437921.659029,-429002.596716,-419762.827222,-410207.330410,-401622.359107,-394598.841495,-387028.688502,-383410.633552,-385007.582290,-380591.828112,-362856.296739,-334881.317455,-293484.200485,-245784.783233,-211120.104048,-181220.403158,-157113.945802,-141033.678778,-124719.675281,-130788.609970,-160858.012875,-192574.798389,-218342.711193,-243160.298036,-275462.650221,-309459.862354,-336168.149417,-356508.154199,-375852.410468,-393644.439578,-408353.749862,-420907.361545,-426640.944915,-426292.206811,-427463.097940,-432382.951263,-437133.816030,-441709.529974,-449432.456433,-458525.327183,-465056.337502,-467854.887945,-469994.482215,-474891.395715,-481939.620646,-489492.054844,0.000000,0.000000,0.000000,0.000000,0.000000,0.000000,0.000000,0.000000,0.000000,0.000000,0.000000,0.000000,0.000000,0.000000,0.000000,0.000000,0.000000,0.000000,0.000000,0.000000,0.000000,0.000000,0.000000,0.000000
0.000000,0.000000,0.000000,0.000000,0.000000,0.000000,0.000000,0.000000,0.000000,0.000000,0.000000,0.000000,0.000000,0.000000,0.000000,0.000000,0.000000,0.000000,0.000000,0.000000,0.000000,0.000000,0.000000,-483732.903371,-477918.436712,-473962.070348,-470372.999248,-465910.147199,-461365.582446,-456223.718189,-449716.362974,-441730.057882,-430126.606376,-414682.721055,-400755.848189,-386826.743765,-369796.438845,-354462.173968,-344878.833232,-337293.563351,-334480.269726,-339447.981011,-334346.466896,-311217.237875,-272075.797914,-221496.972955,-168274.343261,-120110.922425,-87433.891028,-67039.423011,-47275.817767,-30077.968253,-37073.813121,-65109.367181,-91958.611027,-113832.505105,-137484.157032,-176939.411697,-227829.895740,-269037.182272,-297331.473897,-324795.112578,-349401.619808,-370527.339912,-389690.440992,-399329.531118,-400276.503867,-399624.538547,-402630.689658,-410893.479509,-421205.515160,-431982.644979,-443408.448940,-451950.610148,-457273.555309,-461551.361223,-467138.903378,-474014.737261,-481243.689980,-489452.640117,0.000000,0.000000,0.000000,0.000000,0.000000,0.000000,0.000000,0.000000,0.000000,0.000000,0.000000,0.000000,0.000000,0.000000,0.000000,0.000000,0.000000,0.000000,0.000000,0.000000,0.000000,0.000000,0.000000
0.000000,0.000000,0.000000,0.000000,0.000000,0.000000,0.000000,0.000000,0.000000,0.000000,0.000000,0.000000,0.000000,0.000000,0.000000,0.000000,0.000000,0.000000,0.000000,0.000000,0.000000,0.000000,-478193.942247,-472496.434445,-469343.201071,-467114.391844,-463523.036708,-459201.262088,-454022.223962,-446979.177786,-437981.545966,-424014.205377,-403082.568214,-380335.255783,-357747.320404,-333238.736973,-306964.765908,-287278.814489,-278095.404992,-276223.676755,-283327.292851,-286016.392115,-270163.674211,-238064.242047,-189043.255603,-134505.358559,-87878.838559,-44142.224124,-12810.583292,10785.110604,33797.136917,47517.556877,47449.473577,25525.291499,1904.752972,-11354.599880,-31608.173843,-73046.918706,-132143.733078,-187198.414963,-233694.192673,-267831.686536,-291776.594851,-321275.541111,-346474.109459,-357920.990515,-357013.782024,-351340.479653,-355260.282035,-368697.950971,-385861.426538,-405150.276736,-422398.560456,-435203.668262,-444603.920548,-451676.298873,-459004.496027,-467492.026768,-474475.527763,-478903.602522,-484589.239360,0.000000,0.000000,0.000000,0.000000,0.000000,0.000000,0.000000,0.000000,0.000000,0.000000,0.000000,0.000000,0.000000,0.000000,0.000000,0.000000,0.000000,0.000000,0.000000,0.000000,0.000000,0.000000
0.000000,0.000000,0.000000,0.000000,0.000000,0.000000,0.000000,0.000000,0.000000,0.000000,0.000000,0.000000,0.000000,0.000000,0.000000,0.000000,0.000000,0.000000,0.000000,0.000000,-483563.355318,-475863.706253,-469115.104077,-463900.454828,-460950.508634,-458090.520513,-453545.704698,-448320.897025,-441881.635599,-432430.538091,-418869.205860,-397379.293479,-366241.526930,-329335.345976,-290894.318873,-255270.994818,-219507.167117,-193598.046519,-193204.134543,-205893.048529,-216348.659116,-215317.672000,-188592.144796,-140688.614512,-91901.256350,-43425.349288,-4160.498795,22510.774909,50310.447602,77548.469070,102528.685913,120366.940811,121802.279519,108400.147217,89529.742802,73412.399063,56462.617601,19718.373069,-37721.018203,-102215.206817,-160418.547836,-202290.663553,-232339.321933,-260451.201963,-289002.123025,-302966.842136,-295988.714693,-283976.299364,-286056.329570,-305623.700621,-335682.181974,-366294.976803,-390328.183912,-409766.473948,-426264.460551,-439176.048732,-448941.312000,-457701.353169,-465121.178575,-469923.364206,-474265.908260,-480421.022728,-488032.078854,0.000000,0.000000,0.000000,0.000000,0.000000,0.000000,0.000000,0.000000,0.000000,0.000000,0.000000,0.000000,0.000000,0.000000,0.000000,0.000000,0.000000,0.000000,0.000000,0.000000
0.000000,0.000000,0.000000,0.000000,0.000000,0.000000,0.000000,0.000000,0.000000,0.000000,0.000000,0.000000,0.000000,0.000000,0.000000,0.000000,0.000000,0.000000,0.000000,-480000.571636,-473400.479869,-467748.131973,-461785.427325,-455254.580928,-449496.750602,-444019.179010,-437911.259407,-431590.346481,-421853.313033,-408371.165234,-392039.532823,-366697.775582,-324308.853466,-268390.249196,-215845.191474,-167372.216377,-120242.339041,-91112.999706,-90528.468140,-108330.702950,-120042.279251,-114363.230593,-85576.929751,-37228.736125,7571.319859,41129.149082,67218.055662,89882.536969,114472.521271,138223.104085,159851.537402,176298.819994,179003.835655,171170.666387,157497.915755,141227.613590,122847.418664,92402.196491,40349.045107,-25043.849087,-81374.853913,-125259.795775,-160359.590986,-189073.212038,-216073.944520,-228026.248821,-220058.577303,-206773.474364,-204563.495258,-229829.830212,-274309.247240,-314204.407438,-345762.561731,-372492.861789,-395367.730695,-417003.402006,-433502.669713,-443831.560258,-452619.900711,-459227.359463,-464792.573261,-471181.385265,-477368.802039,-485348.820938,0.000000,0.000000,0.000000,0.000000,0.000000,0.000000,0.000000,0.000000,0.000000,0.000000,0.000000,0.000000,0.000000,0.000000,0.000000,0.000000,0.000000,0.000000,0.000000
0.000000,0.000000,0.000000,0.000000,0.000000,0.000000,0.000000,0.000000,0.000000,0.000000,0.000000,0.000000,0.000000,0.000000,0.000000,0.000000,0.000000,0.000000,-477603.182822,-470439.112675,-465009.823210,-460197.600541,-452813.883608,-443276.697945,-433518.944452,-423989.934639,-414543.063244,-401538.839995,-386713.510519,-373005.795571,-354195.487247,-323979.564190,-277538.663314,-215340.757824,-149876.736538,-90334.509626,-40072.933189,-5290.923150,7705.798313,1782.059157,-5971.795370,1848.676529,25811.955123,56540.712045,88195.862292,110282.821764,125747.624292,146678.195588,167708.335252,186257.888587,200651.114816,209111.995804,212930.389206,209560.506649,200538.750505,187661.219895,170732.431011,144395.674292,102777.250033,50153.079356,-3520.801281,-43101.081097,-68323.982473,-99036.290006,-125833.669521,-134274.928322,-128933.654904,-115343.632207,-119671.824025,-151806.333346,-197811.822570,-245100.719875,-283516.065187,-316869.822168,-351391.313639,-382916.443066,-407542.265219,-425147.875402,-436796.397867,-445597.649580,-453660.756400,-461259.387186,-467288.247489,-473559.791998,-482129.302166,0.000000,0.000000,0.000000,0.000000,0.000000,0.000000,0.000000,0.000000,0.000000,0.000000,0.000000,0.000000,0.000000,0.000000,0.000000,0.000000,0.000000,0.000000
0.000000,0.000000,0.000000,0.000000,0.000000,0.000000,0.000000,0.000000,0.000000,0.000000,0.000000,0.000000,0.000000,0.000000,0.000000,0.000000,0.000000,-477284.371291,-469548.109784,-462791.491578,-456636.675331,-450168.820055,-439712.037721,-425431.332344,-409778.053092,-393231.895198,-373965.286672,-350983.271042,-329709.168362,-313206.831391,-293821.339369,-262485.782010,-216712.363882,-157346.937441,-88890.857480,-31355.797552,14260.879879,57353.412124,81802.364354,89233.967949,92042.055319,98077.368612,113576.956009,131862.890698,148091.718303,161452.403950,173924.691843,188723.950490,203972.840509,216133.671173,224439.305662,229137.055162,230681.382039,230187.837655,225414.821513,216057.418182,204083.517057,183927.826134,153426.336876,115806.871519,76842.660712,45897.696623,23393.693206,-2059.954083,-23833.260423,-31121.487126,-27775.596981,-19710.048700,-27283.331204,-59669.566462,-106864.867439,-157321.559814,-201255.337087,-244458.941453,-295734.495801,-341709.670530,-374039.445996,-397771.111243,-415914.216826,-429829.172210,-440313.747231,-449660.644011,-457212.763030,-464403.516627,-472840.635321,-482916.309898,0.000000,0.000000,0.000000,0.000000,0.000000,0.000000,0.000000,0.000000,0.000000,0.000000,0.000000,0.000000,0.000000,0.000000,0.000000,0.000000,0.000000
0.000000,0.000000,0.000000,0.000000,0.000000,0.000000,0.000000,0.000000,0.000000,0.000000,0.000000,0.000000,0.000000,0.000000,0.000000,0.000000,-478850.347028,-470123.651788,-463053.677889,-454961.171044,-446106.098327,-434489.434491,-417909.913174,-397253.036627,-372515.150709,-345883.109722,-313447.714214,-277474.375784,-248428.717044,-227841.438255,-210320.606372,-182511.008206,-139908.056733,-88767.066402,-30639.848132,24056.133204,66795.571516,106201.109021,135198.834287,149157.493565,156404.977589,161609.751026,170370.536882,182199.304174,192738.292047,200193.176603,208093.414325,218032.359950,227038.431208,233351.561499,238260.474821,241909.241771,243068.096681,241342.432635,238006.737288,233099.196696,224750.032791,212235.296488,193000.448817,167701.537002,143246.494706,122670.082049,102638.919949,84116.149284,70196.448304,64420.494253,66593.519529,66735.821800,55146.839365,25354.932136,-18602.945074,-65406.132779,-120457.725294,-180890.864106,-237301.228301,-293761.313190,-336190.936805,-362274.027194,-385770.255321,-407307.785930,-424438.574896,-437434.701510,-447916.967312,-456580.590385,-465501.191449,-474723.097256,-484682.782121,0.000000,0.000000,0.000000,0.000000,0.000000,0.000000,0.000000,0.000000,0.000000,0.000000,0.000000,0.000000,0.000000,0.000000,0.000000,0.000000
0.000000,0.000000,0.000000,0.000000,0.000000,0.000000,0.000000,0.000000,0.000000,0.000000,0.000000,0.000000,0.000000,0.000000,0.000000,-477354.476106,-470535.564843,-463547.086487,-454973.645469,-444414.030008,-430027.709785,-410838.289011,-386849.380709,-356646.368237,-320185.763472,-282139.372196,-238224.172651,-188090.132225,-152490.065133,-136106.405405,-114927.517901,-85885.003631,-59549.515007,-21143.029674,32049.547784,81481.239506,119938.106087,151591.788520,176452.243350,189531.757313,195543.228221,201124.128337,206977.094581,213210.333527,220028.186317,225805.205247,230341.008569,235746.974009,240120.558203,243138.618818,246787.699274,249313.920161,249504.538205,247918.844915,245782.748361,242988.430965,237856.649242,229925.307439,219590.095168,205576.536708,188816.824467,174895.416311,163296.266674,150934.821741,141420.556713,137981.585044,136914.195501,132769.776229,115589.129471,85004.351847,47193.422974,-2769.290423,-63293.173493,-126722.795122,-186770.362116,-241721.358143,-283973.302867,-312388.185732,-342204.785228,-375005.862944,-402639.193342,-423764.073128,-439043.872128,-449917.612948,-458639.767012,-466930.278708,-474988.521393,-482748.511672,0.000000,0.000000,0.000000,0.000000,0.000000,0.000000,0.000000,0.000000,0.000000,0.000000,0.000000,0.000000,0.000000,0.000000,0.000000
0.000000,0.000000,0.000000,0.000000,0.000000,0.000000,0.000000,0.000000,0.000000,0.000000,0.000000,0.000000,0.000000,0.000000,-474120.995364,-468363.062326,-462687.613556,-455020.868575,-444950.383245,-430180.910649,-409111.489876,-381061.174435,-344743.788620,-299762.820205,-249682.113433,-199319.146780,-149578.794496,-97279.765693,-58160.012730,-38582.474072,-16263.618826,9484.404579,27843.923616,52510.930600,94280.592342,134362.128626,164408.661240,189047.565615,206163.212707,214756.481328,219348.333098,224539.057656,229200.186275,232730.102020,236152.180646,239959.217154,242880.554328,245227.966527,247450.368755,249852.379003,252173.577333,252934.843431,252333.881227,251357.626786,250474.209907,249392.252092,246940.732989,242219.343872,235432.388578,227893.859880,219185.064462,210351.339032,202644.301580,195104.239479,189869.090629,187452.094988,183894.730466,176440.018485,160179.261741,133078.933854,95290.639300,40352.187125,-17920.738988,-69555.985386,-123351.243251,-174594.956899,-214584.999884,-246028.716904,-284827.578721,-332007.619012,-375038.704754,-407074.397846,-428161.350786,-442191.788583,-451605.990440,-459226.160131,-466672.429729,-473679.552378,-481434.749229,0.000000,0.000000,0.000000,0.000000,0.000000,0.000000,0.000000,0.000000,0.000000,0.000000,0.000000,0.000000,0.000000,0.000000
0.000000,0.000000,0.000000,0.000000,0.000000,0.000000,0.000000,0.000000,0.000000,0.000000,0.000000,0.000000,0.000000,-473470.224287,-466502.925541,-461127.666003,-454873.717705,-446281.519911,-433502.990791,-412919.222898,-382272.232055,-342327.775808,-290072.819965,-225897.774651,-159590.431177,-102158.516443,-52774.197631,-6359.000541,26750.030933,48557.797163,70362.265927,91876.985333,108577.531713,124177.331677,149591.835589,178043.001256,198272.881620,213262.613996,224093.142933,230046.822883,234326.391390,237402.791509,240267.885167,243254.548467,245751.852726,247815.460964,249185.302973,250446.651291,251753.710632,253482.896751,254966.791730,255130.759502,254520.539781,253767.582951,253063.112952,252256.986425,251436.476840,249479.547973,245492.236554,241314.440290,237062.622149,231924.202901,226914.916346,222572.420020,219076.292339,216231.028984,213177.606377,207096.116145,194282.288917,171809.801501,138914.587720,93809.931946,41253.133104,-2704.696832,-41176.533163,-92497.918778,-145067.904201,-187397.004347,-234974.644032,-291409.026012,-345912.948413,-387375.747175,-414117.531057,-430962.509214,-442073.062790,-450407.267961,-457484.014522,-465310.750616,-473334.404618,-482104.951831,0.000000,0.000000,0.000000,0.000000,0.000000,0.000000,0.000000,0.000000,0.000000,0.000000,0.000000,0.000000,0.000000
0.000000,0.000000,0.000000,0.000000,0.000000,0.000000,0.000000,0.000000,0.000000,0.000000,0.000000,0.000000,-478096.549035,-468983.076424,-461932.559584,-456070.811734,-448257.513377,-436893.717415,-418564.237140,-389482.272083,-349133.429218,-294148.770172,-224698.834323,-146093.170316,-70621.974892,-13833.533229,30068.811845,70901.974450,96829.911237,111766.568563,134169.751197,154515.815051,165393.796522,177441.883419,193879.848608,209082.171668,220050.691223,229036.322509,235873.711698,240098.537674,243186.583032,244627.742823,245814.072228,248028.658706,250023.929039,251490.406319,252415.243183,253245.667331,254400.519381,255841.654177,256639.354645,256452.127629,255827.359938,255257.675334,255011.164257,254707.369161,254046.645194,253093.082416,251133.105259,248937.343719,246871.154082,243983.882769,241268.894158,238434.554890,235620.829505,233117.212395,230111.010315,225805.841853,217172.149138,201960.308748,178713.048996,145762.208705,108605.776171,73690.796618,35067.034352,-23047.043509,-90686.816729,-150304.324029,-210642.495316,-269298.249399,-320843.827600,-364551.861590,-395193.415657,-414828.003861,-429463.602014,-440580.780146,-448566.621206,-456996.037606,-465278.601867,-473912.048601,-485473.416500,0.000000,0.000000,0.000000,0.000000,0.000000,0.000000,0.000000,0.000000,0.000000,0.000000,0.000000,0.000000
0.000000,0.000000,0.000000,0.000000,0.000000,0.000000,0.000000,0.000000,0.000000,0.000000,0.000000,0.000000,-475207.573889,-466300.558981,-459039.182700,-451392.370502,-440660.722133,-424653.005504,-400304.427342,-361398.383180,-309510.042361,-245399.750054,-166012.247267,-81324.486280,-6231.482301,46883.282670,85804.235147,123737.487489,149537.820442,163823.354064,179575.465366,194376.767948,204056.202022,212852.939358,222267.187502,229163.747086,234811.560563,240349.024943,243896.971900,246072.944928,247877.860852,248933.540557,249756.073874,250684.095203,252165.341688,253581.665738,254083.550746,254991.908396,256391.886718,257473.099993,257814.870189,257360.527619,256434.398502,255723.488037,255810.980763,256198.474155,256194.185112,255647.693275,254746.140846,253679.863890,252469.891277,250522.727896,248355.551802,246431.264568,245050.165002,243767.607910,241603.489575,237432.139696,230411.505468,222120.059723,208609.534459,186493.336686,161559.830921,134213.985351,94883.080808,34214.539060,-42593.066944,-118860.595180,-186824.833557,-243463.098151,-289662.439878,-331263.413176,-366473.319543,-391339.534118,-410391.859772,-427990.131495,-440597.953143,-449537.176603,-458946.670312,-467948.195751,-477683.585746,0.000000,0.000000,0.000000,0.000000,0.000000,0.000000,0.000000,0.000000,0.000000,0.000000,0.000000,0.000000
0.000000,0.000000,0.000000,0.000000,0.000000,0.000000,0.000000,0.000000,0.000000,0.000000,0.000000,-482670.238175,-472786.437427,-463998.259850,-455197.129492,-444746.042043,-431390.734859,-410854.715169,-379360.002315,-332693.529079,-273381.242478,-205372.117686,-125290.764063,-38829.048031,36387.820529,88758.471786,129876.708986,164257.642765,187475.930650,201919.192477,212153.302347,221166.489492,227759.207486,233479.933904,238232.812949,241513.402897,244870.389969,247394.857728,248710.452823,250218.660826,251345.450902,252044.370852,252511.473252,252749.533845,253833.869449,255194.264740,255726.875854,256397.966158,257593.583533,258129.401785,257814.981444,257356.451013,256482.121899,255787.129597,255829.333724,256352.202451,257196.929657,257548.778853,257288.292792,256827.034985,256008.896597,254316.954579,252350.486930,250942.899570,250058.816534,249395.919471,248490.429496,246101.427186,241138.930568,234516.614914,226491.116700,214661.271302,196406.168064,173301.985032,140167.986994,88247.800657,16037.879171,-65182.830858,-137140.891098,-191174.638398,-235529.482572,-282983.948848,-323266.136098,-352837.910287,-380851.241152,-406553.410117,-427350.909306,-442320.982770,-453505.711322,-462862.344493,-472482.530323,-483984.894319,0.000000,0.000000,0.000000,0.000000,0.000000,0.000000,0.000000,0.000000,0.000000,0.000000,0.000000
0.000000,0.000000,0.000000,0.000000,0.000000,0.000000,0.000000,0.000000,0.000000,0.000000,-488598.890433,-477817.302238,-469652.686672,-460477.811012,-448992.287854,-436396.642465,-418133.708736,-392069.287436,-356177.658919,-306115.735190,-245871.700135,-176081.439926,-94143.935300,-7308.746215,69704.625184,126922.228167,167219.667432,196280.442788,214630.693085,224837.574051,232770.577287,237765.920362,240724.661906,244117.741850,246576.769316,248671.286460,250544.128260,251722.766983,252654.660389,253575.980787,254248.014473,254880.689397,254953.224164,254929.462203,255542.901727,256082.653950,256375.710383,256765.051349,257470.396571,257778.180503,257374.685481,257098.253528,256657.551368,256238.609549,256217.378247,256651.434036,257908.069247,258719.947205,258973.227590,258684.665979,257672.036604,256298.460889,255105.727243,254315.622573,253521.193092,252928.141559,251852.768123,250364.557412,248294.692958,244294.611937,238247.335284,230804.180908,219271.569824,201165.595389,175192.876606,135129.332264,79198.596127,11093.152926,-57131.115228,-111897.065068,-161055.838874,-216930.647552,-266342.239563,-302337.416586,-340367.928821,-378055.246888,-407956.332046,-430470.662015,-445800.492929,-457018.278255,-466836.397263,-476508.735083,-487607.171375,0.000000,0.000000,0.000000,0.000000,0.000000,0.000000,0.000000,0.000000,0.000000,0.000000
0.000000,0.000000,0.000000,0.000000,0.000000,0.000000,0.000000,0.000000,0.000000,-491297.487099,-481347.205116,-473249.829263,-465251.532821,-454526.679110,-441259.546912,-423991.048597,-398424.724797,-364843.571539,-327563.020405,-279253.676986,-216604.849803,-146760.651599,-67168.345426,17944.364273,97573.244177,156973.658041,193476.232581,217560.362783,231254.257152,239062.414204,244594.881702,247149.709968,248852.649132,250384.659913,251348.337770,252525.128610,253720.797217,254777.435217,255926.546414,256295.813708,256406.865678,257389.931951,257656.331522,257121.758127,256800.918140,256341.383066,256145.665660,256329.509478,256474.657849,256700.369157,256909.144640,257254.414186,257631.240951,257640.494878,257432.886759,257746.806558,258700.707125,259493.303742,259923.742346,259573.497769,258678.086865,257557.870761,256737.877934,256310.884420,255711.881258,255042.259351,253784.091148,252360.469449,251324.861202,249992.151744,246500.624542,241340.289360,233687.369728,220121.058782,200870.760774,173603.467527,134718.297183,85732.429047,33204.599506,-18889.240168,-74874.459079,-140009.658532,-206585.669587,-255744.064575,-299169.592560,-349632.194206,-388327.914877,-415082.694622,-436193.582696,-449698.779441,-460171.941951,-470334.041764,-480429.619177,-492174.605459,0.000000,0.000000,0.000000,0.000000,0.000000,0.000000,0.000000,0.000000,0.000000
0.000000,0.000000,0.000000,0.000000,0.000000,0.000000,0.000000,0.000000,0.000000,-482748.613450,-474584.597713,-467536.866605,-459098.856778,-447740.515691,-432546.301405,-407169.177308,-371358.255432,-331594.302641,-291740.850507,-247452.679571,-184976.804697,-104974.585431,-23824.529201,52167.776022,124277.934287,178377.197757,210978.629885,230086.460681,240433.964824,247809.884347,251904.298793,252834.718662,253303.598506,253543.588039,253739.508186,254740.846092,255621.514706,256726.938957,257887.211717,258177.711342,258478.727086,259282.976213,259482.887360,258706.251192,257578.387990,256628.752843,256026.391148,255752.380862,255676.672912,255936.517137,256477.782619,257589.980865,258705.693989,259015.504013,258939.727008,258906.099616,259349.445661,259943.634628,260069.688489,259502.871927,258802.525521,258171.807341,257684.067797,257348.268597,256591.680491,255605.554128,254815.287233,254174.836259,253389.559221,252714.486435,250943.843738,247521.848998,242823.325451,233811.891545,219424.746619,201161.723183,176934.658331,145125.658067,105898.692017,61983.026194,5278.537924,-69622.225295,-143861.665107,-207789.234802,-265633.371705,-320521.569138,-366543.613401,-398907.714314,-423493.787521,-441248.774405,-453874.549442,-464585.670416,-474216.787179,-485186.581859,0.000000,0.000000,0.000000,0.000000,0.000000,0.000000,0.000000,0.000000,0.000000
0.000000,0.000000,0.000000,0.000000,0.000000,0.000000,0.000000,0.000000,-483170.990523,-475598.508253,-469259.470643,-461427.421246,-452392.752274,-440660.608929,-419940.593100,-387957.754122,-342505.895654,-295987.378028,-260214.660395,-213093.747770,-140469.693084,-52321.670166,31027.790369,98853.932586,154897.212964,197285.052901,223158.456771,237485.314956,246434.540595,252019.252303,254284.046234,254505.607117,254741.075470,254861.322449,255341.466300,256115.354930,256713.378652,257552.606093,258516.568124,258976.928811,259407.549596,259912.987659,259932.023255,259418.500514,258305.670877,257143.227628,256028.985111,255374.561453,255372.325338,255511.820196,256391.346299,257867.807748,258882.727490,259285.854759,259002.398151,258803.071209,259495.561545,259976.348065,259815.089656,259169.891063,258380.260891,257842.055543,257615.357147,257580.203556,257006.329081,256143.526926,255563.838468,255305.812785,254930.052543,254255.154633,252975.415527,250897.431814,248334.119824,243146.876121,233935.281732,221054.487388,205223.434450,184668.154931,155671.686668,118740.111709,67231.938499,-6401.812500,-84501.112031,-155844.378391,-224420.149551,-283177.121171,-333899.770378,-377748.897691,-409695.252179,-431782.766738,-447121.852474,-458766.590390,-468771.962116,-478543.027580,-489351.438764,0.000000,0.000000,0.000000,0.000000,0.000000,0.000000,0.000000,0.000000
0.000000,0.000000,0.000000,0.000000,0.000000,0.000000,0.000000,0.000000,-476707.932467,-469370.205697,-462935.704707,-454604.054595,-444867.672971,-429881.099393,-403451.402865,-366569.032413,-317037.284517,-267758.890898,-232641.649804,-179577.531681,-93419.140748,-1426.385203,77608.291493,137664.483411,181250.358512,212198.039696,230884.225510,241899.551895,249358.289765,253188.731028,254297.748038,254812.618724,255035.533807,254982.525310,255474.728661,255698.117389,255909.168052,256845.456171,257942.886646,258600.003075,258855.668314,259235.723420,259384.980214,259278.684416,258539.688990,257159.094919,255902.833045,255231.723403,255089.239305,255364.635226,256450.509481,257904.120829,258810.531739,258756.680422,258213.325253,258303.211027,259162.218085,259575.201594,259307.995925,258659.919140,257789.146228,257124.059814,256780.891429,256865.893977,257122.662463,256886.314859,256243.124936,255962.494514,255577.502034,254662.394181,253852.351429,252994.229558,251475.758309,248464.930949,243283.620597,235544.347468,224615.970276,209434.887899,187839.802716,156099.450656,109180.734062,43069.314943,-39069.068227,-113485.110761,-177908.895447,-243331.140007,-298625.628406,-350362.672641,-395373.219076,-423047.207816,-440811.733472,-453702.620725,-463901.663442,-473231.720894,-483903.406374,0.000000,0.000000,0.000000,0.000000,0.000000,0.000000,0.000000,0.000000
0.000000,0.000000,0.000000,0.000000,0.000000,0.000000,0.000000,-479243.829058,-470168.807101,-463154.392927,-455601.691453,-446934.425487,-434177.218529,-413510.687064,-385650.232841,-344018.123619,-292938.487061,-248958.576520,-203204.192700,-139777.913151,-52811.359800,41205.357698,114092.310833,163474.035344,199016.785951,222800.413599,236292.328242,245120.938608,250889.879172,253660.891257,254513.653391,254557.102216,254412.930466,254149.338625,254346.527930,254411.223800,254523.767549,255377.573015,256528.880827,256921.625590,257068.698600,257355.134134,257605.280777,258115.851988,257891.971911,256760.631268,255662.857352,255113.710410,255113.411437,255570.392048,256561.982341,257813.038674,258496.101955,258112.692415,257733.616726,258071.569177,258776.906005,259081.236621,258694.434700,257951.448551,257115.967754,256367.833132,255887.168449,256151.339468,256630.120881,256623.842367,256375.207166,256269.177637,256003.177998,255168.949221,254561.987085,254586.677463,254119.601498,251925.668111,248379.076200,243974.580179,236996.950003,225610.912051,208332.848510,180880.281197,136442.884284,74635.960144,-3015.265218,-79657.446217,-143928.991101,-207711.684972,-267802.955141,-325064.736576,-377603.708679,-413847.879027,-435275.475000,-448917.490194,-460066.493792,-469583.820542,-478702.531144,-489475.493060,0.000000,0.000000,0.000000,0.000000,0.000000,0.000000,0.000000
0.000000,0.000000,0.000000,0.000000,0.000000,0.000000,0.000000,-473328.393893,-464652.261063,-457597.541484,-448719.538126,-437222.754529,-419524.509192,-392939.727270,-359942.847913,-317594.662478,-266776.806868,-218166.757432,-165134.886968,-91753.623355,-3535.048790,78757.481438,140790.362698,183801.750357,213147.610357,231113.000760,241067.988620,247277.477081,251286.994005,253471.286955,254323.570168,254029.519288,253916.635455,253842.994670,253680.558857,253662.308983,253908.591844,254707.177623,255378.643493,255522.446184,255281.137640,255323.846038,255857.936500,256615.564182,256788.507362,256016.042972,255347.300450,255357.946189,255635.061750,255860.721724,256788.688696,257805.181552,257782.734963,257374.341071,257204.626036,257568.506319,258118.107669,258029.869236,257573.765058,257367.386906,256919.591821,255972.646291,255284.246351,255439.950338,255765.565068,255955.147986,256139.072462,256248.758726,256449.755111,255836.981781,255197.791023,255566.111410,255668.056794,254250.411138,251762.053670,248991.000996,244351.251892,235662.725672,221105.251896,197022.604700,159629.045586,99888.534295,26421.560397,-46862.914127,-120071.824502,-182807.373720,-241311.808427,-302712.277840,-358953.677145,-402431.683048,-428485.365201,-444768.198241,-457115.736080,-466686.151591,-475017.987807,-484758.308534,0.000000,0.000000,0.000000,0.000000,0.000000,0.000000,0.000000
0.000000,0.000000,0.000000,0.000000,0.000000,0.000000,-478672.012414,-469070.289472,-462008.060353,-453970.981211,-443336.307754,-427629.943784,-403922.980139,-370507.364439,-328495.574396,-283250.694383,-226769.041372,-165317.646239,-109980.560598,-38381.229084,46156.942901,114306.211652,164301.634952,200406.300989,223290.106626,236740.738828,244019.282496,248340.172383,251253.790320,253465.384624,254328.678520,254396.171705,254295.613004,254154.312446,253943.537152,253617.979018,253893.308221,254600.799674,255140.217031,255106.518658,254621.733133,254498.777627,254966.021852,255746.384468,256080.415330,255717.704621,255694.285089,256255.073457,256474.515760,256600.276459,257341.580000,257692.168860,257129.768989,256446.150349,256459.901615,256902.392769,256976.860222,256648.135742,256518.121940,257137.971341,257376.997468,256485.383403,255301.592866,254835.019804,255221.903684,255674.667178,256049.063778,256683.214151,257087.293948,256405.819341,255871.985502,256175.973940,256144.511355,255196.705129,253783.858673,252286.219205,249206.214909,242430.887285,229786.870006,208979.814033,176941.846826,125039.552834,56892.273280,-17896.429552,-96236.861779,-167586.736479,-227249.048268,-284231.953846,-342960.910647,-390521.072684,-421390.339502,-440904.974696,-453771.086243,-464187.857975,-472707.501301,-481272.391279,-492095.824585,0.000000,0.000000,0.000000,0.000000,0.000000,0.000000
0.000000,0.000000,0.000000,0.000000,0.000000,0.000000,-473147.308455,-466285.225437,-460746.687270,-452054.884787,-439774.921876,-419351.500213,-388282.519163,-348490.234233,-298716.112214,-239476.894302,-169538.422701,-100037.271434,-39949.890163,25368.239692,91951.325446,146656.277225,186368.479076,212657.878529,230302.112775,240740.026979,246325.117970,249135.151544,251283.827378,253156.219679,254023.711929,254667.188432,254984.766193,254861.653180,254553.290158,254124.617716,253838.837924,254077.606666,254841.710325,254872.587841,254589.988051,254611.129271,254715.115645,255175.984246,255501.769186,255882.270248,256457.381919,256979.075879,257129.969838,257197.238204,257566.780863,257372.302000,256572.566673,255995.929959,256225.752199,256577.085966,256339.807474,256059.121759,256451.358512,257623.196302,258369.250751,257797.764144,256411.675600,255485.609106,255501.807640,255845.107068,256724.230861,257841.928632,258151.002612,257526.736980,256809.482255,256839.622017,256793.417116,255718.415886,254764.999725,254382.915567,252311.178509,246734.084622,236476.480506,219238.388814,190806.055887,149552.529480,89328.811545,15953.700491,-61041.940249,-141271.702471,-206825.595147,-264795.905598,-328017.023061,-379444.553948,-413666.347678,-435853.217369,-450520.162737,-461256.104025,-469704.153849,-477500.926623,-486360.633652,0.000000,0.000000,0.000000,0.000000,0.000000,0.000000
0.000000,0.000000,0.000000,0.000000,0.000000,-477358.318009,-469887.206536,-464790.468806,-458554.054651,-449572.724799,-434326.334657,-408592.894746,-371241.116928,-320916.796139,-260444.146097,-186675.851046,-104218.956301,-31829.820547,30746.041042,86934.047528,135352.309731,176073.521170,205027.787171,223799.802485,236577.957794,244107.263691,247782.861374,249661.383008,250967.328088,252245.387257,253285.347728,254262.904722,255082.198730,255447.597468,255129.114171,254494.233188,253821.466259,253836.444478,254467.982585,254837.494948,255156.740515,255057.394478,254753.835973,254788.834174,255053.810851,255793.268152,256783.419959,257300.686959,257246.840050,257134.314659,257266.080946,257067.738535,256261.504338,255986.717797,256470.099577,256700.989687,256317.461106,255996.515641,256653.697548,258106.633716,259189.038563,259055.787274,258155.497219,257144.300762,256537.655361,256902.552610,257948.006906,258992.916117,259499.829615,258870.982856,257946.431711,257617.821195,257041.592174,256047.964798,255534.832055,255494.087311,254296.106186,249630.009628,240911.036060,227412.451938,205671.216987,171603.471538,124054.048995,63490.158720,-11373.064659,-91640.487931,-161930.543098,-230869.079916,-305282.662352,-365170.803745,-403656.031099,-429250.053162,-446551.546061,-457963.405562,-465897.064160,-473267.172218,-480593.263886,-489746.425227,0.000000,0.000000,0.000000,0.000000,0.000000
0.000000,0.000000,0.000000,0.000000,0.000000,-477838.794216,-469363.939193,-463611.349548,-456283.584500,-446541.943653,-427822.898985,-398432.816192,-353452.017697,-291078.287212,-219584.488453,-136353.267368,-52177.275121,20568.465554,80527.178649,129739.176863,170201.279579,199224.369156,219619.268463,234023.128709,242499.882774,246745.720492,249170.280755,250531.787187,251245.274663,252007.100117,252966.869940,253866.543382,254666.052965,255382.820598,255496.375470,254995.438767,254517.156793,254430.146811,254760.274419,255382.783606,255857.046248,255744.923547,255264.840675,254913.762321,255075.194162,255726.770369,256530.724955,257052.546578,256977.556544,256775.117947,256736.762343,256348.727165,255897.266224,256055.570956,256618.690260,256833.101945,256427.920154,256261.118311,256831.010799,258069.964060,259296.953967,259718.979460,259481.802859,258730.600340,257995.947541,258081.520192,258944.222016,259972.010881,260322.325101,259516.397285,258769.846447,258350.253934,257376.205899,256569.339838,256237.517534,256161.614889,255426.128869,251950.018411,244827.479828,234492.447340,218598.596009,192325.802831,156182.355165,107775.402268,42661.689034,-28518.935142,-101697.383446,-184663.684394,-271011.749611,-343684.130721,-391343.215030,-419955.327224,-440202.084560,-453572.945657,-461598.823940,-468336.127237,-474634.794323,-482341.654022,0.000000,0.000000,0.000000,0.000000,0.000000
0.000000,0.000000,0.000000,0.000000,-491956.218249,-479359.225806,-470269.793507,-463652.161665,-455814.084239,-444237.808978,-425125.016631,-391927.621943,-341047.843514,-272368.597583,-187022.066478,-100588.484852,-23599.792987,47403.774971,106247.949264,154748.734162,191315.325736,214172.327113,230993.209721,241916.837143,247074.681522,249094.530776,250280.466143,251064.293523,251696.804779,252448.740152,253204.155165,254008.651272,254687.586505,255280.031190,255481.970928,255439.771905,255380.393540,255077.061112,255215.689916,255555.191081,255784.167340,256110.849939,255851.472591,255309.081414,255366.354483,255932.615771,256381.832467,256609.663649,256511.249797,256046.129291,255810.826771,255444.815612,255121.945175,255526.547866,256367.193116,256835.941063,256555.994176,256489.719617,257232.868354,258414.282300,259195.227147,259763.908653,260051.304326,259515.734720,258858.997165,258811.008991,259719.322574,260594.769740,260349.693656,259435.301693,258788.860532,258494.904510,258134.066817,257520.611368,257088.435396,256793.880851,255982.095235,253623.614026,248704.949048,240989.337735,229252.272530,210543.633771,181296.799881,143037.611062,91869.224997,28409.093382,-40551.710731,-127961.407193,-228522.648127,-313913.609039,-372778.903479,-408965.344516,-431617.588543,-447130.944655,-457185.386755,-463025.478816,-469138.983959,-477008.000310,-486321.410764,0.000000,0.000000,0.000000,0.000000
0.000000,0.000000,0.000000,0.000000,-491836.377721,-479859.782797,-470900.045407,-464378.416246,-455973.881591,-442961.039844,-423411.100146,-388433.725737,-332838.833418,-256748.793233,-166684.645330,-78034.000522,-1774.109676,62865.050292,122506.409351,170604.214889,202743.197503,224527.427700,238964.228416,246733.729756,249545.331310,250373.666014,250646.542381,251273.056916,252186.028710,253355.344720,254316.930436,254692.149828,255044.653617,255380.668825,255513.650255,255705.900343,255750.916556,255605.037832,255303.417965,255155.415916,255499.652311,255884.819975,255919.499519,255948.828260,256152.156464,256450.372508,256712.050130,256707.497591,256273.326786,255485.291875,254868.963106,254647.946135,254358.205670,254516.307769,255583.328605,256419.088938,256366.715093,256461.158521,257537.861172,258807.983790,259509.916307,259806.017815,259900.645889,259428.310613,258826.532159,259024.398503,259788.218711,260227.706946,259770.706187,258840.534678,258304.828758,258291.166021,258228.682809,258052.504637,257628.323441,256842.063843,256147.248559,254794.618180,251778.500378,246330.686726,237804.438305,224351.805566,203150.169283,173035.567710,132132.887882,79078.358011,15610.712421,-69262.928949,-177037.841973,-275112.060135,-345940.569886,-393945.640708,-422306.385014,-440214.679503,-452711.735382,-459274.560310,-465290.122055,-473521.682521,-483339.503632,0.000000,0.000000,0.000000,0.000000
0.000000,0.000000,0.000000,0.000000,-490989.169180,-479180.805875,-470612.500930,-463277.873849,-455171.993341,-442371.990658,-420761.505677,-384939.119097,-325964.302448,-248787.859086,-163286.854674,-70558.542505,12354.284684,79542.462051,138267.838901,182578.138029,211470.617116,231108.962807,243143.460989,248822.199641,251029.406503,251164.398800,251135.160202,251744.607977,253009.024005,254387.661906,255379.645119,255691.698045,255851.948791,256097.948186,256107.537492,256115.306019,256107.627731,256095.198661,255706.019947,255556.286322,255801.982862,256128.001658,256624.701935,256873.865168,256930.595417,256808.037325,256684.338364,256510.986375,255906.573757,255081.976571,254428.055194,254139.379618,253889.347950,253896.359492,254682.473484,255647.807795,255955.022600,256279.408221,257589.369111,258913.647620,259665.814986,259916.515378,259705.413666,259319.762039,258868.376140,258643.108205,258850.964239,259177.566672,258776.729942,257919.921760,257796.531294,258098.343281,257950.722048,257688.530847,257060.638119,256069.342919,255617.902345,255044.116615,253376.218206,249934.632689,243878.187702,234322.590448,219535.146321,196337.972388,163074.043258,120606.788108,62416.513472,-20264.154304,-125559.246770,-231664.807748,-314793.268593,-373689.952608,-411282.486600,-432941.955928,-446733.349544,-455632.736435,-462562.328204,-470065.568110,-480963.269765,0.000000,0.000000,0.000000,0.000000
0.000000,0.000000,0.000000,0.000000,-488590.763373,-477679.011855,-469246.315814,-461616.464027,-453397.814805,-440347.102424,-417122.359632,-378809.029896,-325187.798704,-253584.430758,-168103.109180,-77262.659813,14978.270305,92519.677494,150548.410928,192153.382643,218455.079285,235670.494360,245474.927495,250053.019260,251853.557179,251849.036809,251784.537633,252262.179046,253475.122842,255069.005790,256134.431600,256746.253371,256957.723409,256976.811512,256552.774801,256263.340147,256411.373483,256411.924995,256348.838374,256267.562962,256436.413604,257004.307305,257663.737784,257805.962708,257243.661506,256446.330603,255827.630854,255576.239949,255166.777374,254573.471512,254414.211705,254251.384158,253815.477503,253654.716212,254260.824705,255304.734057,255816.839536,256348.072155,257577.719968,258912.342457,259508.697061,259719.323359,259920.664843,259486.279093,258928.320542,258336.615470,257744.408377,257754.633183,257513.133819,257162.967281,257487.436228,257702.462090,257369.487522,256760.738277,256062.203382,255280.384444,254956.291952,254731.669911,253801.363355,252029.490085,248366.526380,241708.143931,230949.431218,213633.835326,186087.177297,147081.041304,92530.211770,10665.467117,-93177.108282,-198233.877854,-288059.180994,-352836.109887,-396913.471674,-424897.363689,-440491.169738,-451355.777353,-459930.663059,-467189.677314,-475930.339679,0.000000,0.000000,0.000000,0.000000
0.000000,0.000000,0.000000,-495817.607238,-485733.643727,-476701.636134,-468907.770238,-461665.248325,-451603.291775,-435697.360832,-409906.933518,-370072.146570,-314812.442254,-245950.087219,-166391.258189,-74496.337578,23388.913258,104012.489372,160691.990687,199781.514600,224340.787539,239150.987202,247202.348264,251035.827348,252506.042944,252840.023987,252930.114292,253064.390489,253858.637489,255471.202820,256769.317846,257251.272599,257368.684918,256950.172700,256177.378301,255971.011096,256186.471133,256517.369593,256453.729945,256036.112535,256211.125203,256824.725469,257509.811819,257830.279414,257081.586814,255689.079470,254834.030760,254823.010336,255014.957254,254854.689603,254688.095033,254658.426001,254302.372692,253943.089499,254476.552060,255541.284139,256359.247819,257379.612323,258425.972333,259125.035362,259507.776107,259641.018015,259915.297086,259702.662018,258825.822659,257987.971595,257149.856800,256598.428752,256416.038570,256545.005393,257145.408014,257101.426082,256150.311011,255524.055565,255317.513874,254979.158468,254734.516658,254684.115964,254262.497495,253186.877854,251471.940234,247562.657610,239026.887637,224708.848114,201743.362552,165030.330189,110427.463127,27814.790632,-77214.222346,-178392.432688,-264608.579620,-332673.626888,-381346.280882,-414107.364736,-433881.244213,-446791.829061,-456478.438049,-464398.712098,-471071.181142,-478770.892552,0.000000,0.000000,0.000000
0.000000,0.000000,0.000000,-493425.373577,-483129.883517,-475489.307894,-468911.444546,-461264.142670,-449627.822019,-430119.900864,-401110.300132,-356503.580389,-289607.811815,-215784.215632,-136742.580174,-45758.112368,43865.167840,119537.276157,172619.335269,206687.387886,229297.706585,242055.519340,248757.246951,252012.297420,253455.797345,254023.851674,253755.535975,253269.314495,253791.550496,255309.280224,256632.876880,257245.743936,257052.985289,256326.804618,255599.979309,255513.784724,256003.868806,256206.503414,255769.134561,255218.231333,254845.419966,255130.782943,256144.483987,256919.331792,256424.405753,255401.390916,254900.996725,255084.393536,255581.670668,255782.362923,255571.371696,255166.186090,254989.468909,254882.557417,255231.384228,256147.048711,257455.599176,259014.276806,260131.971287,260277.045603,260033.307466,259980.602978,259823.565896,259648.449083,258949.202957,257855.037818,257133.858605,256582.807049,256201.771077,256411.961460,257035.811326,256856.661447,255785.250001,254962.192097,255013.554419,255141.224853,254670.007023,254470.831492,254425.156602,253988.523862,253157.280446,250864.251471,244295.577490,231911.407265,212892.405801,180623.834534,127995.975408,49758.289158,-51933.910231,-151559.154614,-236178.142812,-309361.335373,-362764.173882,-399216.864251,-424838.029682,-441384.356551,-452913.198941,-461498.194889,-468739.952642,-477006.177069,0.000000,0.000000,0.000000
0.000000,0.000000,0.000000,-490839.325453,-480849.176027,-473702.930753,-466954.476316,-458882.427144,-446172.032291,-425878.770177,-391783.127984,-339194.751836,-266261.503348,-177428.794598,-89686.519396,-9119.655288,68664.045372,135494.115293,182645.894476,213908.250980,233867.026530,244752.382338,250329.353903,252756.466485,253927.347646,254505.013745,253804.596363,252924.674717,253145.460621,254556.505440,256005.986427,256739.325755,256620.953389,255875.137541,255336.250379,255360.314912,255748.395949,255710.300625,254979.351835,254240.562261,253804.239841,253803.269833,254676.020630,255884.680976,256136.437173,255740.210425,255591.830502,255941.394385,256572.819676,256741.592036,256334.775920,255807.648060,255598.746923,255689.608710,255845.585301,256465.140932,258034.841627,260038.117032,261470.805437,261628.500773,260896.010002,260557.663148,260237.959199,259477.912102,258863.701896,258052.149369,257302.518985,256859.657348,256408.188971,256609.446011,257274.401253,257167.372291,256401.660253,255752.339420,255674.206765,255539.311827,254749.300606,254123.320170,254304.415682,254676.248023,254101.691128,252228.794551,247374.853844,237728.985014,221589.452282,194943.339812,149864.790657,81757.224231,-7806.890712,-108204.755791,-200406.791114,-278407.050825,-339834.383743,-382536.297711,-413406.042322,-435471.341120,-449540.240473,-459256.222507,-467958.908681,-478222.164499,0.000000,0.000000,0.000000
0.000000,0.000000,0.000000,-486462.837547,-478029.934756,-471369.994325,-464865.164823,-456048.863457,-441291.094181,-417648.611632,-379327.948044,-321992.649447,-241420.742423,-142863.112340,-52474.779148,23583.725351,94293.364536,151158.362632,191894.720202,220638.332551,238144.081457,247309.454548,251831.878543,253670.236213,254472.181560,254980.422182,254169.897633,252986.182170,252894.006515,254067.999457,255361.131404,255884.985054,255964.501041,255572.028984,255247.518122,255220.736872,255136.422051,255061.588009,254371.410434,253576.514893,253307.342802,253249.958274,253927.652405,255242.040202,256044.338459,255940.073902,255858.015436,256453.258818,257414.795097,257468.810304,256720.260496,256370.137962,256121.476896,255977.378542,255926.107874,256235.683556,257711.299891,259892.088432,261530.000245,262016.032515,261689.911472,261283.898644,260842.944132,259863.920666,258609.864238,257718.912111,257159.778451,256655.293732,256217.236349,256441.008052,257267.518153,257363.422574,256985.675807,257032.717418,256840.114468,255897.236303,254767.065094,254105.172622,254194.445760,254728.269238,254708.100036,253258.033588,249483.135582,242447.751076,228866.968230,205968.910005,171361.559351,114986.742244,37236.220306,-55253.401805,-153490.221428,-239259.937253,-308778.949868,-362133.804174,-400397.287312,-428086.826890,-445972.504650,-458000.803218,-468150.902603,-479460.719240,0.000000,0.000000,0.000000
0.000000,0.000000,-490977.543289,-482092.981566,-475071.644931,-468568.548392,-462284.633854,-451915.531815,-433170.305414,-403617.363987,-359382.580609,-296122.649593,-211055.192827,-112333.011598,-19869.693558,57214.879923,119559.260817,168571.848356,204573.306204,227930.923504,242189.179680,250030.065251,253382.064661,254622.796300,255347.162686,255603.831670,254765.153200,253551.628849,253396.783542,254276.050880,255008.798514,255149.732675,255112.394085,255187.327738,255207.804901,255185.625363,255024.183828,254334.657917,253676.864361,253201.939390,252815.822060,252909.860975,253736.425403,255109.845139,255830.432063,255707.854871,255756.626980,256433.832938,257423.191474,257602.278154,256902.902669,256305.193230,256075.335687,255892.239806,255743.821795,256075.243366,257235.904056,259096.019634,260584.879361,261418.900015,261984.780201,261862.833981,261213.030633,260286.819020,258665.998584,257151.661056,256487.119314,256091.196471,255797.656978,256035.933735,256771.273814,257338.226131,257578.555778,257794.451543,257688.529383,256639.783552,255087.113302,254465.455719,254751.037175,255152.510336,255209.055513,253985.520024,251139.928176,246039.552424,235644.806172,216383.145560,185819.789738,138898.530127,69397.618800,-14055.720039,-106995.818481,-200899.074473,-277189.464628,-340973.707064,-390097.311026,-421334.652289,-442767.586520,-456844.512117,-468298.694957,-480768.865133,-495688.655648,0.000000,0.000000
0.000000,0.000000,-489233.407885,-479414.888017,-472352.195856,-465783.590951,-457941.539095,-445437.508659,-423672.724396,-389455.517026,-334957.331207,-260279.639467,-174498.390921,-77188.920511,15898.584197,87835.972955,143670.034345,186760.026086,216138.859059,234415.001154,246108.762561,252503.776662,254833.445846,255903.142356,256727.477553,256747.627430,255685.321261,254635.052520,254466.727250,254809.286744,254794.456972,254592.473127,254757.150181,255291.543852,255679.946176,255722.832740,255475.869171,254562.060087,253562.145456,252756.233868,252410.788379,252767.747419,253727.193530,255141.067903,255826.127051,255645.752582,255582.758317,256131.323503,256925.435191,256879.897039,256186.117136,255694.982114,255382.631161,255046.601798,255085.137357,255752.155292,256774.531033,258172.966224,259546.471263,260692.358371,261546.891637,261902.374863,261526.469594,260309.066641,258514.577071,256794.441906,255969.715021,255733.106252,255512.444206,255714.257947,256455.743263,257359.931704,257926.792738,257938.241470,257749.486819,257068.093347,255840.544083,255370.144516,255835.363305,256019.270705,255862.598249,254958.359908,252599.339215,248538.830009,240911.282762,224978.543927,195104.237179,150998.985220,87747.926230,9679.599231,-75606.753938,-170555.663441,-258273.380100,-328766.135832,-382771.171801,-417365.144370,-439152.294812,-454484.029378,-467098.280397,-479933.855845,-493438.295485,0.000000,0.000000
0.000000,0.000000,-487977.996814,-477438.778459,-469864.223670,-463136.303534,-453518.100774,-438451.371582,-415052.187851,-373288.235512,-310767.520467,-229507.331986,-131595.569029,-34976.495298,47880.459837,114562.878281,164484.200007,199957.121023,223280.369183,238988.692595,249121.651502,253901.191831,256003.891399,257444.481920,258310.470727,258403.974789,257343.367493,256143.559028,255635.718404,255489.835251,255126.762827,254774.816872,255190.334518,256072.334689,256687.171481,256835.993124,256375.247718,255362.286831,253995.301716,252786.522401,252271.522214,252518.969811,253680.118170,254961.639024,255571.572420,255630.730165,255437.262602,255671.620225,256002.330913,255575.143328,255073.260725,254993.906078,254613.075098,253979.716783,254020.691173,254722.912624,255815.670695,257186.186895,258618.022071,260203.381372,261271.112149,261445.422743,261063.276520,259864.475096,258141.756233,256852.199656,256410.065700,256337.044131,255882.661385,255848.767722,256720.081764,257415.914387,257817.125045,257816.873601,257416.941107,257067.087115,256563.376014,256365.229704,256526.230470,256453.533188,256106.087001,255423.829559,253927.183861,250413.584017,244029.894695,230570.256156,205796.376778,162646.912190,106152.378225,38657.260140,-47907.644062,-145453.565594,-242554.849046,-320220.762192,-374185.763074,-411423.186872,-435125.369786,-452083.188634,-464975.044492,-477562.998909,-491775.326723,0.000000,0.000000
0.000000,0.000000,-485197.191448,-475237.141011,-467508.510260,-459989.769387,-449125.272868,-430796.446524,-401561.808862,-355226.613076,-286465.856798,-196317.599454,-96490.681367,-3720.262501,73284.083904,132884.779945,177230.600826,207926.672234,228533.806006,242632.196272,250549.444511,254341.004165,256233.394362,257595.348172,258847.717723,259286.731784,258504.632332,257520.935791,256785.360549,256364.292519,256119.366520,255947.708613,256357.415371,257007.557729,257600.702860,257950.501615,257557.762420,256278.995713,254732.440317,253616.742837,253055.034174,253143.780148,253814.274224,254493.748256,255024.480514,255323.245351,255218.329668,255142.341723,255019.629249,254514.887077,254273.114624,254379.523487,254132.567135,253531.524752,253063.655982,253405.278299,254399.047483,255813.114227,257684.465464,259406.201618,260527.794007,260444.139304,259566.049872,258764.743270,257754.236208,257266.361889,257636.901424,257682.197392,257145.186939,256741.141123,257069.667838,257721.046552,257913.015971,257557.226931,257190.873926,257217.383641,257349.483035,257313.879843,257008.347154,256710.594937,256075.262690,255293.124753,254714.428542,252343.460426,246418.057132,235603.868911,216125.027576,182623.993887,135690.921627,74659.005722,-11904.696141,-119260.397937,-223006.904812,-306459.886294,-364656.545883,-402998.957689,-430315.388023,-450015.542318,-464441.276136,-477522.730216,-490950.150798,0.000000,0.000000
0.000000,0.000000,-483276.594600,-473479.285932,-465534.723439,-456717.142907,-444251.512198,-422237.172728,-386253.519853,-334422.820452,-256838.133792,-161685.605144,-69671.150116,15916.529313,85677.630250,140059.196872,183670.722745,212933.266230,232250.412527,244424.021967,251228.887046,254684.698738,255867.450332,256804.586250,257991.284668,258611.662776,258381.237514,257611.522913,257167.514976,257125.779336,257049.345992,257039.943635,257343.184676,257785.923903,258199.857910,258516.101753,258543.973586,257501.488295,256005.875305,255119.371259,254698.703308,254662.137877,254568.570731,254482.360767,254651.898671,255036.874072,255352.990461,255215.032532,254758.731606,254159.973408,253858.512786,254000.910381,253876.760882,253155.068617,252519.676579,252684.174435,253405.101408,254493.967696,256404.021513,258207.456655,259011.052215,259023.264176,258167.457239,257405.012015,257451.569629,258064.739063,258829.642565,258857.682315,258357.439619,257954.459725,257759.716873,258072.853973,258335.411168,257806.004289,257387.752753,257675.836686,258141.072952,258253.044588,257678.900747,256943.742608,256342.294243,255761.204219,255291.817351,253710.510393,249312.289456,240236.143391,224551.672101,201005.078932,163464.511443,108001.799966,24673.579605,-88255.226663,-197343.393805,-283982.034273,-350619.042606,-395748.112802,-426122.368205,-448436.464989,-465108.352648,-478455.202236,-491162.055717,0.000000,0.000000
0.000000,0.000000,-483778.384237,-472928.393054,-464217.428741,-454060.924622,-439175.001631,-414282.108361,-375399.917653,-312738.206938,-228304.300056,-135615.132932,-41019.249555,34128.193396,91168.745119,145652.291556,188635.546056,216894.058659,234823.799193,245950.929680,252599.555759,255316.400283,255515.192292,255630.892718,256121.278419,256656.396808,256708.347970,256270.055987,256472.038984,256933.138989,257185.779140,257214.283913,257471.451665,257978.534821,258373.254040,259031.814022,259384.707722,258746.826091,257856.157541,257134.113657,256647.690829,256243.535347,255612.447672,255059.340836,254830.988372,255247.349107,255770.618441,255602.361792,255217.122435,254594.512020,253893.705405,253828.975276,253557.615649,252647.377380,252363.110424,252741.738212,253248.315134,254127.061568,255399.035159,256981.617360,258044.731848,257987.170601,257453.586359,257206.864092,257779.123001,258811.476934,259263.922455,259067.175024,258775.679786,258676.784625,258631.874615,258618.575636,258740.286355,258426.115210,257788.961498,257901.885826,258467.254979,258749.572977,258474.426339,257584.601129,256776.304439,256268.830842,255585.425375,254197.060057,250787.991753,243457.829935,231518.323458,212724.219639,183044.907723,135448.766679,56747.078189,-49634.530137,-158886.346656,-253544.516140,-328627.144935,-385177.102707,-423763.665865,-448217.077069,-465694.405328,-478744.987321,-491271.746741,0.000000,0.000000
0.000000,0.000000,-483713.515204,-472316.823776,-462162.096462,-451049.297769,-434027.128691,-407881.895613,-366958.637973,-301739.701176,-212647.320833,-112371.584632,-21894.104091,48124.367091,103853.412710,153007.241128,193937.428446,221092.582623,237487.947455,248319.375288,254295.000355,256105.808952,255719.926878,255154.608051,254848.720820,254555.633847,254378.609448,254678.423110,255416.009775,256002.247067,256220.871316,256325.517018,257005.924594,257752.280712,258292.546945,259190.376692,260041.777307,260224.022320,259803.445835,259043.726696,258342.692082,257656.799855,256806.140107,256053.201690,255745.036836,255898.458431,255833.484123,255587.922886,255442.208829,254966.593409,254277.780204,253859.540890,253337.353873,252557.970051,252548.043811,253458.694293,254227.894057,254744.459217,255457.137961,256499.838926,257486.144675,257621.467919,257397.822971,257467.305005,257995.048215,258529.755183,258400.552544,258034.100351,258051.310826,258454.408691,258716.125315,259013.061654,259204.390786,258667.498100,257592.541592,257381.869650,258180.275601,258616.128981,258567.341089,257947.716997,256880.602150,255835.203089,254954.147819,253813.463259,251128.520677,245808.948258,236474.863347,220520.302850,195329.526499,153821.758465,82712.574283,-14310.409966,-120124.240090,-222595.421561,-308408.752855,-373242.203822,-418812.232407,-447335.624544,-464839.518783,-477046.413575,-489775.414960,0.000000,0.000000
0.000000,0.000000,-483267.766967,-471299.383924,-460644.505842,-448968.929801,-430726.976808,-402897.481051,-359200.050463,-293484.069778,-202056.287172,-99010.976476,-8539.880140,64069.375587,118203.054585,163474.135633,201276.886080,225402.431478,240418.874588,249994.522237,255150.033246,256720.136605,256558.600234,255616.097510,254570.082735,253611.029190,253381.026133,253888.620540,254800.605296,255461.936813,255215.691168,255260.036063,256158.880377,257138.925797,257962.635025,258762.591080,260035.499062,260907.909199,260791.567558,260102.422882,258976.272160,258252.339130,257971.391480,257179.041968,256311.084923,255772.917005,255302.077868,255122.019942,255028.360713,255041.483467,254878.684501,254333.102701,253771.855840,252930.898946,252970.705018,254440.409968,255411.050026,255597.152708,256170.783750,256737.258778,257077.690900,257384.634897,257142.734966,256928.900762,257376.145954,257571.824785,257056.737966,256609.666663,256768.985660,257574.613160,258278.635827,258958.830072,259507.284151,258942.237210,257648.580746,257035.904354,257467.133474,257862.164691,257832.964255,257150.265834,255834.939962,254604.124933,253591.322502,252522.695922,250559.864395,246255.287419,238301.052533,223846.801824,200156.386953,162172.681330,97796.941436,3292.489082,-100982.307861,-202874.670241,-297804.929075,-367877.650150,-413915.311250,-444732.273921,-462335.824894,-473977.508092,-486509.289303,0.000000,0.000000
0.000000,0.000000,-483649.644419,-471018.129507,-460370.815831,-447785.214405,-428386.026538,-397649.123068,-350679.459379,-279942.866308,-187037.355173,-83807.780727,13462.385612,85936.026318,137525.087297,179543.203232,210383.856697,230541.869979,243335.446543,251290.251194,255651.028015,257250.746235,257157.449652,256346.250898,255142.084763,254074.351825,253785.056278,254242.952164,255241.687216,255538.778365,254921.401861,254870.487292,255388.936806,256014.498449,256846.544091,257776.361271,258883.253398,259889.969882,260267.349690,259761.892469,258833.624454,258378.053719,258250.865100,257489.261446,256050.061315,254925.926205,254522.776972,254448.508367,254900.805808,255497.805039,255492.641170,255087.916103,254322.498323,253364.464173,253370.153768,254682.418727,255606.422390,255971.121447,256503.291665,256679.550619,256768.059618,256716.074307,256278.459784,256170.833778,256477.239770,256888.153824,256692.351943,256043.075437,255981.730620,256513.938927,257644.739385,258932.698058,259646.243659,259383.539842,258171.289723,257228.297336,257111.302290,257128.295699,256672.747524,255464.234617,254018.235430,252979.227977,252091.185221,250940.858200,248732.132851,244696.448708,236970.949409,222851.967532,200140.383275,161769.458206,101154.219228,13253.263247,-94598.908084,-201248.818387,-295240.920480,-366975.593108,-413446.361303,-442822.676192,-460296.302715,-471643.348601,-483437.169015,0.000000,0.000000
0.000000,0.000000,-483178.289311,-470699.265152,-459049.018778,-445608.811333,-425364.316421,-391873.288187,-342022.518445,-268309.527132,-172314.613858,-66559.421385,31915.773974,104857.410644,156546.527793,194321.527015,218897.438724,235367.310585,246082.955260,252620.471563,256343.423645,257705.364440,257711.037183,257166.500960,256089.061635,255048.053916,254626.912938,255021.422092,255685.585117,255606.115479,254903.368145,254461.213593,254687.230708,254886.950226,255127.489351,255842.415922,256627.905116,257619.544035,258354.633147,258351.717779,258387.328154,258430.463132,258119.535135,257346.589399,255938.382211,254812.373250,254526.278173,254616.449938,255295.876649,256068.754691,256001.015143,255471.918853,254509.341847,253508.195477,253618.971153,254596.382695,255471.121465,255933.004036,256181.509071,256398.811123,256340.165962,255937.186841,255344.197365,255217.575214,255908.601534,256650.572768,256852.099905,256276.797209,255659.219135,255802.713949,256862.721364,258414.933909,259431.707049,259478.438234,258620.322297,257808.163682,257410.419257,256725.909772,255577.698648,254137.315012,252767.109575,252061.784123,251384.274606,249694.557432,247310.537545,242484.857215,232715.697664,216810.642895,192603.272163,153894.031320,92121.463037,7657.388397,-97318.042267,-209169.955297,-302279.739765,-370405.507001,-415711.784030,-442703.746219,-459068.712295,-470122.299168,-481828.680109,0.000000,0.000000
0.000000,0.000000,-482242.988330,-469496.860336,-457645.139406,-443259.038756,-421328.512562,-385693.900237,-333526.951459,-260378.436501,-166607.567828,-63204.883679,36199.775207,112819.335365,163633.427115,200256.777029,224291.371537,238804.461571,248616.444382,254299.260854,257251.935041,258327.111011,258254.842997,257482.255476,256671.714283,256002.990116,255518.141801,255605.344550,255589.711940,255310.674549,254774.825192,254159.973451,253918.768660,253855.690912,253888.983134,254024.280236,254255.241712,254959.489658,256061.097412,257059.761704,257819.831634,258268.047418,258339.218757,257875.586708,256923.800767,256130.518730,255872.539995,255835.419349,256132.363152,256624.279273,256368.795586,255623.519209,254884.056531,254112.149221,254246.736022,255281.257567,255840.127656,255799.884877,255798.996665,255886.241447,255867.013454,255498.368325,254804.816689,254536.422156,255390.386577,256460.287962,256772.169606,256397.415976,255571.907891,255588.025816,256467.164075,257387.051430,258426.822710,258894.429786,258777.898850,258470.252880,257926.721279,256933.150448,255520.385828,253999.906685,252752.681728,252253.890645,251313.075370,248964.699347,245344.048909,238453.609379,226023.435858,207456.467464,176480.338518,131966.111192,67143.933930,-21709.112936,-122628.411794,-228762.501263,-318492.503855,-380038.886969,-420832.559489,-445125.431422,-459566.045290,-469799.856029,-480620.307258,0.000000,0.000000
0.000000,0.000000,-481946.169719,-469342.904472,-457921.623660,-442339.596932,-417225.152798,-379800.812384,-323233.667724,-249380.196594,-162753.391925,-63590.343221,30381.595462,105361.935625,161759.332928,200833.877488,225850.382417,240922.333109,250073.996302,255270.467993,257736.070242,258446.049852,258222.383205,257766.494684,257280.074746,256703.754466,256285.716075,255879.375655,255523.227619,255240.546706,254670.178365,254065.442974,253485.206365,253191.205976,253255.567024,253108.976503,252995.108902,253404.466750,254553.399545,256199.904324,257565.989871,258311.881260,258606.162615,258761.418052,258535.264584,257915.400925,257324.556054,256848.876385,256703.355395,256842.817636,256522.070850,255699.120954,255309.700285,255329.338911,255525.201793,256265.132865,256396.504265,255722.902552,255343.082298,255286.200893,255467.979344,255315.592023,254694.278436,254449.645943,255283.340549,256535.698331,256860.923601,256536.664756,256028.854137,255892.829521,256431.279025,256759.037248,257270.626834,258049.586103,258526.094662,258807.860636,258278.937136,257191.542083,255888.763627,254154.855594,253188.652192,252576.361647,251001.484899,248207.088214,242616.610332,232835.787507,217742.116321,193028.707488,152817.649529,94314.948961,22253.009341,-63910.299765,-164709.637556,-261500.590309,-338089.968591,-391861.242324,-426905.486102,-448895.002156,-461663.867395,-470647.539019,-481012.665427,0.000000,0.000000
0.000000,0.000000,-481990.145457,-470264.755212,-458110.230562,-442172.665776,-415712.737906,-375498.705843,-313731.218787,-235460.987650,-155929.031722,-66424.926728,22354.975536,94224.611187,154884.981550,198694.404801,224906.061184,241158.000623,250484.180393,255112.112857,257368.232473,258058.791763,258043.600636,258076.717233,257829.425709,257424.769274,256740.338912,255968.318154,255546.334390,255276.742803,254712.092468,253979.208196,253131.562708,252647.935507,252725.847481,252760.354721,252877.236402,253321.950070,254065.048212,255520.844854,257206.152059,258163.605425,258657.977476,259142.231470,259219.027063,258455.620501,257433.915651,256804.278886,256486.086750,256349.923613,255925.877358,255327.755130,255603.494766,256188.693661,256658.384982,257052.822131,256652.429011,255788.295451,255166.155599,255268.603042,255547.720164,255268.663977,254662.572683,254660.279652,255674.790861,256773.140356,257255.945787,257008.500539,256691.612725,256581.462996,256740.816809,256774.839367,256729.156337,257514.633515,258353.881703,258680.666315,258129.643309,256839.674155,255596.465341,254299.456636,253375.650566,252593.960014,250748.567569,246808.706342,239185.461849,226342.118229,205436.441240,171076.894573,120696.149034,48904.636010,-33679.409364,-116329.201735,-207778.919898,-293405.383418,-357904.842497,-402958.894217,-432641.314814,-452043.152315,-463512.757192,-471841.054451,-482685.354382,0.000000,0.000000
0.000000,0.000000,-482356.910446,-469822.723427,-457453.715077,-441705.103786,-416977.046490,-374079.862220,-311788.354045,-232742.094621,-149619.615663,-68741.785568,15587.536717,88162.419113,147923.963046,195853.327239,223649.859533,239985.420250,250133.689035,254749.628910,256645.933996,257472.522467,258133.528597,258518.028605,258410.974756,258041.435189,257158.976115,256242.703243,255452.839651,254904.883356,254662.039534,253972.876114,252853.225777,252425.735260,252727.462367,253014.425349,253312.142361,253770.444142,254392.606347,255283.090479,256511.301724,257590.077905,258371.943273,258882.063192,258608.883903,257595.202881,256514.237519,255841.170143,255485.500479,255137.407587,254504.448499,254351.660112,255370.861730,256562.325888,257364.671376,257642.930268,257105.062763,256304.150157,255931.566615,256032.119709,256101.252182,255602.380945,254906.002171,254837.283795,255747.793893,257032.007411,257607.982909,257298.946510,256876.649299,257073.855285,257452.580078,257216.440257,256844.299053,257289.006589,258142.986191,258269.013399,257610.175426,256430.417527,255139.021928,254266.730539,253424.502459,252362.569477,250371.173367,245055.821293,234988.578679,219127.696000,192317.179007,151068.556892,90028.602936,9156.468696,-76995.369247,-160046.452323,-241449.883310,-317537.789632,-375185.786014,-412767.944083,-438738.546436,-455284.700726,-465563.946904,-473926.799813,-484248.992393,0.000000,0.000000
0.000000,0.000000,-480870.922892,-468454.994046,-457472.099713,-442282.739004,-419184.613329,-379173.092927,-317192.414574,-238462.237745,-154527.183894,-71386.668498,11200.575445,82836.530941,144332.772636,193319.479614,222284.750981,238850.759167,249056.949596,253845.104684,255621.666054,256696.781054,257838.659977,258637.530683,258736.075137,258317.188210,257534.354017,256609.409996,255458.047048,254625.787567,254233.613477,253743.739448,253122.895608,252777.291516,252829.877951,253249.046901,253662.548578,254084.233478,254623.417322,255134.321379,255940.617016,256880.126055,257630.153352,257946.218979,257227.462126,256257.333324,255479.176040,254504.808599,253748.017766,253338.187741,252871.459301,253091.452560,254728.873560,256636.921721,257707.723015,257941.169404,257733.385839,257298.301491,257080.789956,257129.901186,256888.291816,256408.472749,255825.219361,255480.724101,256054.091274,257084.434983,257704.463191,257631.960392,257284.561000,257759.565068,258403.100880,258079.343551,257528.590991,257414.468938,257689.779174,257751.626271,257020.785518,256087.717043,255206.586343,254128.778267,253327.526084,252307.801520,249490.607497,243036.643354,231369.873385,211838.746586,181024.763852,135953.698891,69372.120270,-17548.635497,-109876.412202,-193781.693631,-269601.540659,-339035.779103,-390049.553732,-422865.945881,-445353.420493,-459177.676115,-468637.758184,-476850.815834,-486576.804035,0.000000,0.000000
0.000000,0.000000,-477966.519727,-467958.310874,-458904.062139,-445438.235932,-423204.669041,-388992.464433,-330608.526694,-256130.499917,-178421.709734,-86847.948488,3126.523267,77923.231649,141329.492215,189180.785494,219916.668121,237943.598450,248549.438364,253394.652460,255385.524136,256658.870086,257620.582372,258260.557606,258650.728725,258464.618523,257711.817370,256802.721245,255647.269809,254602.672906,254019.262866,253718.745806,253338.070894,253020.331419,252925.652547,253090.823410,253525.005876,253985.192482,254412.599485,254912.956523,255454.332968,255953.971905,256517.808077,256702.372929,256213.620764,255596.781462,254871.192866,253797.313811,252670.281624,251900.710897,251705.894923,252532.436064,254574.146897,256598.014321,257648.593892,258081.376581,258134.929260,257862.290141,257555.348535,257447.878058,257220.277415,257009.016982,256818.788195,256491.852057,256495.170039,256951.038249,257716.851454,257972.698379,257875.680207,258488.211035,259287.607158,258974.393028,258054.757181,257610.471138,257274.477953,256932.996753,256555.257152,256203.167421,255702.894142,254590.823858,253511.350928,252228.579959,248407.709223,240835.613625,227592.418055,203853.875148,168607.011074,119217.105492,48060.536308,-46816.458941,-149303.849060,-236929.674132,-307318.555710,-364552.815870,-406934.005988,-434766.747478,-452118.707807,-463853.395900,-471981.262255,-478981.823842,-488930.620333,0.000000,0.000000
0.000000,0.000000,-477095.799599,-468586.325000,-461090.600099,-450438.051660,-431484.833479,-400540.993029,-353668.274586,-290241.246046,-211274.550377,-113649.943129,-14147.796466,68964.081839,137598.423568,187313.673179,218620.308058,238099.045394,248743.238703,254142.594445,256336.298521,257293.309472,258069.245205,258473.990483,258581.553847,258415.493895,257742.951449,256808.904944,255646.262187,254663.488476,254149.641393,253702.155055,253275.942948,253115.433241,253313.133173,253444.700382,253538.753091,253835.589478,254274.869095,254716.224512,254876.949579,255369.115606,255939.792620,256041.596507,256063.921620,255911.859749,255249.066550,253933.432697,252479.554642,251683.024187,251801.999266,253003.255131,255017.298360,256711.740347,257458.626159,257898.394896,258075.975604,257758.071141,257257.569372,256857.760868,256844.796479,257168.940893,257353.644401,257020.727746,256566.966327,256731.849870,257396.483450,257775.475000,257876.211516,258433.860707,259165.546483,258875.903035,258073.199800,257597.685959,256940.583047,256199.503269,256089.444275,256439.374767,256252.060063,255362.260793,253918.355314,251747.929262,247105.663003,238391.679951,222576.611334,195495.281621,156170.867933,99234.682902,20487.551167,-79211.179543,-186276.412761,-276122.549928,-341725.751966,-388200.685110,-421351.233616,-444194.038992,-458161.535640,-468080.055797,-475283.115046,-481394.440156,-491024.264876,0.000000,0.000000
0.000000,0.000000,-478470.406103,-469609.808489,-462676.160040,-454537.987163,-439991.630166,-413529.124933,-375210.606012,-319206.781535,-241090.355496,-141991.103823,-32703.072470,61135.222169,133308.108201,186154.500058,219032.098709,238792.700258,249840.570274,255416.887579,257581.630472,258038.733219,258237.243562,258147.167591,257959.311743,257806.908918,257184.001169,256071.248222,255141.003195,254351.098471,253867.154172,253648.407463,253466.529938,253481.421768,253933.430215,254332.136635,254216.509799,254093.588418,254195.736228,254378.443697,254465.353729,254906.810627,255594.314828,256002.109576,256161.396943,256279.796188,255820.107168,254231.415293,252654.163079,252163.260449,252503.966052,253617.116834,255494.157242,256825.188945,257213.755341,257554.954842,257665.459573,257236.414439,256467.750174,256186.513222,256731.157112,257222.663031,257587.828678,257417.684587,256600.473996,256406.344149,256921.046738,257305.554375,257332.676663,257606.596358,258037.566297,257834.519467,257637.148102,257413.780528,256698.317351,256062.291243,256038.122767,256574.882764,256515.509114,255635.600568,254032.413342,251232.258627,246111.375055,236021.008694,217150.544995,186884.393675,141717.578269,75554.871512,-8355.076918,-106279.424490,-208974.900221,-294700.596472,-358057.743681,-401711.463812,-429463.662840,-449236.811777,-462561.521393,-470890.904098,-477693.556544,-484449.862187,-493563.071172,0.000000,0.000000
0.000000,0.000000,-480905.539677,-471033.832591,-463984.669149,-456924.085665,-445330.920455,-423841.551982,-388853.925366,-337267.670094,-262065.693956,-162664.373067,-55335.056662,42528.462043,124112.460589,182548.162509,217742.835090,238638.153172,250367.282440,255878.301245,257885.440778,258294.979975,257932.060929,257243.104686,256768.591746,256472.495158,255854.014466,254850.885685,254052.005148,253506.673095,253628.739228,254026.832235,254179.113107,254569.713678,254982.037109,255154.472656,254840.389297,254373.713089,254208.531116,253993.960804,253941.124455,254080.341498,254503.996583,255243.227353,255701.270253,255946.738171,255673.102184,254489.194327,253354.623305,252883.526302,253201.283765,254318.711894,255651.236003,256580.400348,256844.828978,256992.223011,256935.024479,256271.625314,255728.707907,256095.374313,257059.729689,257800.230464,258171.065331,257831.317193,256756.619210,256191.956068,256570.463998,256906.814953,256688.510318,256732.586905,257067.826424,256843.647114,256774.859310,256951.596694,256529.320518,256091.301575,256358.768096,256738.396404,256328.771958,255143.535239,253591.421651,250935.830935,245467.948154,234285.073109,212979.076754,178827.429245,125299.464926,50790.129587,-40422.982777,-133378.370264,-218051.615199,-299565.781702,-363852.348345,-406833.091793,-435620.758913,-452491.498759,-464025.173919,-471890.723971,-478824.565236,-486958.931466,-497511.770909,0.000000,0.000000
0.000000,0.000000,0.000000,-474127.720286,-466060.248891,-459607.370081,-449727.810003,-431152.366164,-398896.920388,-350046.456989,-277218.734646,-183573.601625,-85353.949857,15825.350772,109666.397582,175099.565702,214288.722264,237140.835659,248758.892313,254661.299340,257242.566870,257618.817475,257315.302353,256782.652669,256031.580851,255216.993613,254690.682121,254032.633770,253326.161292,253281.171647,253884.037013,254571.083068,255268.066809,255850.658113,256010.377406,255737.514372,254979.572554,254566.911824,254466.713968,253902.337606,253371.163117,253332.274261,253542.003099,253891.109572,254496.370908,255095.015949,255333.093039,254889.681934,254211.241884,253949.159479,254331.102764,255210.433897,255965.192778,256389.394737,256389.251351,256194.748412,255977.164979,255573.397384,255517.074860,256232.131003,257469.598598,258615.932172,258834.089454,258029.913036,256835.556403,256017.736711,256250.995444,256724.360729,256660.956878,256693.744339,256671.001215,256420.999387,256350.410075,256331.447352,256024.848558,256049.815424,256636.841459,256878.495579,256447.701704,254997.058234,253301.007366,250801.496826,244605.638181,232648.988152,210424.483561,172800.532134,113919.846068,29904.168845,-67099.675778,-152926.159440,-226887.149168,-300905.353599,-364606.208037,-409377.654403,-437825.626230,-453894.094034,-463610.148769,-471677.954352,-479223.010125,-488931.455906,0.000000,0.000000,0.000000
0.000000,0.000000,0.000000,-478882.091217,-469738.275312,-463424.156164,-454567.857373,-437624.830825,-408097.475086,-360720.889175,-292013.560344,-207332.347819,-110927.147501,-3580.988563,95799.851344,166872.040419,209517.004337,233405.322363,246091.205344,252682.053762,255816.929880,256343.936654,256051.210347,255825.822095,255270.580340,254694.802077,254395.051647,253928.922587,253693.151680,253699.335138,254051.874623,254860.305686,255686.194205,256359.718969,256675.868465,256139.262458,255298.581277,255067.658817,255001.751262,254477.981242,253662.177623,253358.232214,253358.226773,253217.965604,253720.494506,254491.740283,255014.206096,255231.728685,254942.802659,255071.211916,255647.778199,256144.449440,256683.768391,256527.021429,255948.555605,255593.145303,255211.869434,255115.499292,255306.455896,256036.449774,257405.195336,258558.652582,258782.779457,258015.133536,256775.162872,255959.526712,256193.639940,256662.800243,256910.868338,257031.387951,256785.604173,256484.680542,256353.364657,256201.976954,256034.780185,256302.750724,257055.491005,257375.826081,256820.835575,255318.509347,253528.999385,250527.555423,243930.133383,231609.964649,208541.976105,169130.856213,109302.795385,21452.318172,-77306.578642,-165058.114898,-241321.897090,-306789.763047,-367687.708388,-412363.672641,-437423.599205,-453943.491572,-463513.908163,-470704.701836,-478335.978280,-489233.823670,0.000000,0.000000,0.000000
0.000000,0.000000,0.000000,-483928.326714,-473723.038620,-467337.194259,-459117.944048,-443206.803435,-416184.492656,-373362.401128,-309021.770648,-226557.028120,-132129.733175,-22297.672035,85112.664823,160279.668532,202932.960857,227511.798102,241873.444154,249385.558187,252857.157609,254324.136645,254499.227374,254542.922405,254628.597469,254635.259110,254676.989299,254780.735673,254855.665809,254545.313626,254617.657829,255014.110951,255725.542712,256797.298919,257247.459758,256889.297220,256421.052632,256284.346761,256034.596802,255288.811378,254686.857402,254401.745635,253794.294957,253469.675520,253864.382551,254428.389035,255084.960185,255565.105268,255684.420346,255943.645821,256609.969287,257254.409693,257342.281688,256690.293075,255792.290360,255007.203414,254533.067810,254492.377494,254760.466132,255636.875960,256775.678817,257758.393325,258283.190439,257899.531043,256915.453545,256110.880876,255967.584137,256238.970465,256520.479385,256858.524352,256894.168517,256375.821413,256184.885236,256476.642407,256564.825917,256623.325227,257108.661683,257479.880705,257104.237321,255916.240713,253969.437963,250420.725314,243367.458774,230263.234871,206615.686519,168199.683208,110304.202741,26950.277276,-72215.522166,-168311.307884,-252536.945956,-321732.901544,-376272.802734,-415039.604330,-439073.554325,-454333.159922,-463969.163948,-470286.042061,-477211.105414,-488083.613496,0.000000,0.000000,0.000000
0.000000,0.000000,0.000000,-488298.558323,-477201.923632,-470062.901583,-462267.130668,-447462.516618,-423260.911633,-385658.888172,-328076.843344,-252433.091910,-156123.540114,-38960.249159,71282.834513,149065.234592,193926.569684,219156.213330,235424.448038,245032.091940,249555.243340,251588.699160,252625.408037,253587.495406,254448.364900,254859.220682,255358.776387,255889.118595,256128.797437,256055.848157,256087.191871,256195.320257,256833.952694,257718.858878,258023.148672,257909.068719,257627.512626,257549.564973,257216.021643,256216.571538,255774.435900,255722.570125,255009.443125,254413.832787,254465.527537,255005.457533,255597.377449,255941.514245,256092.613736,256263.574760,256917.812470,257712.374755,257603.475488,256620.431113,255595.696283,254525.080155,253849.466424,253883.734002,254220.498375,255044.327822,256267.724841,257334.282680,257923.663593,257933.191882,257341.765203,256451.801479,255581.163469,255218.425806,255498.927649,255982.100861,256242.342026,256017.067772,256055.484440,256465.094345,256735.505914,256752.147563,256700.581527,257021.165945,257175.892292,256405.148062,254255.468711,249763.791009,241890.790280,227905.647264,204251.601776,167042.009641,111214.497269,33938.175830,-59808.554871,-160689.796762,-257573.611644,-333629.351654,-383690.171101,-417642.843350,-441107.108150,-455723.992022,-465012.795721,-471797.971691,-478517.236606,-487413.561594,0.000000,0.000000,0.000000
0.000000,0.000000,0.000000,0.000000,-481791.931339,-472515.407363,-464603.342660,-450877.423301,-429441.581707,-396416.112043,-347019.448673,-276873.436189,-179380.179397,-60063.790777,53936.426215,132806.590906,178310.267426,206307.103123,224756.855395,238039.792304,245534.958373,248673.105639,250542.358172,252280.047655,253844.696418,255047.259875,256162.790706,257001.216697,257502.121578,257739.670724,257818.839333,258036.676029,258331.738250,258507.109759,258456.889675,258337.718109,258330.570814,258219.416048,257715.975863,257040.601174,256658.294066,256689.150207,256271.838756,255420.887260,255305.625261,255642.136339,255627.796451,255607.953262,255727.798113,255993.728798,256712.037440,257417.319708,257288.955838,256207.431141,255053.948458,254229.410725,253431.140526,253224.904028,253835.568555,254724.806818,255976.267260,257264.758151,257920.754225,258184.382297,257968.934458,256827.983111,255386.881034,254522.847533,254383.982371,254796.812659,255271.647070,255560.660993,256063.395725,256519.862333,256892.810016,256634.027593,255939.067493,256184.905319,256368.057558,255764.250528,253656.040798,248500.293863,239864.059310,224758.559240,199133.706546,160006.235921,100591.029248,26119.819746,-57634.205246,-157101.894581,-258182.860495,-337122.543983,-387869.254991,-420304.445133,-443137.295783,-457600.354634,-466786.929750,-473346.340057,-481519.020978,0.000000,0.000000,0.000000,0.000000
0.000000,0.000000,0.000000,0.000000,-485744.480993,-474721.280020,-466239.000883,-454442.132680,-434815.228333,-405516.380580,-361170.829453,-292404.392043,-196349.873437,-78535.671598,35747.094239,112264.498566,154190.317808,183705.542588,208663.489343,227787.078347,239138.914691,245055.889355,248231.840113,250543.821453,252823.675237,254631.787956,256400.101682,257971.144554,258740.956005,259029.043492,259200.867927,259154.732153,258956.603636,258919.549133,258584.528316,258279.263601,258471.920995,258375.930485,257923.770705,257358.370858,257071.140143,257280.296437,256878.424358,256099.330443,255931.829910,255798.702306,255314.210628,255024.144276,255198.279773,255733.627156,256582.709452,257243.334952,256858.647150,255628.302783,254605.285476,253947.092557,253216.327094,252878.629916,253512.648213,254497.170572,255674.517268,256924.550002,257755.804187,258280.800873,258129.933492,257128.980643,255806.292374,254735.526537,254120.795921,254163.700970,254689.766028,255250.137566,256001.570898,256687.552870,256833.075945,256253.955132,255421.680246,255364.377479,255657.384418,255128.827743,252677.042934,247041.101542,236483.164688,218537.184423,190420.069726,146765.208479,79780.031556,93.634433,-75675.721597,-161348.248409,-258954.020473,-339106.080623,-389877.071096,-422246.234285,-444344.705014,-458508.356062,-467120.202004,-473352.561848,-482214.019640,0.000000,0.000000,0.000000,0.000000
0.000000,0.000000,0.000000,0.000000,-485773.330645,-475045.666703,-467139.281171,-457798.560557,-441122.883351,-414140.635453,-371630.329407,-307537.644897,-212892.772649,-94942.641455,8353.922423,80199.952857,125315.329096,156101.115667,189151.094221,215768.894333,230847.701076,239978.832898,245143.172108,248684.072581,251450.953597,253825.305597,256183.991205,258279.742768,259274.589750,259558.663863,259413.440707,259157.552010,258984.512007,258932.178545,258749.127722,258441.408266,258320.839304,258234.156398,257969.851672,257564.682016,257390.790947,257493.375332,257242.919480,256560.219693,256285.154473,256081.719971,255390.242818,254898.687631,255171.635891,256193.305710,257197.610976,257547.393474,256736.718339,255186.513026,254266.412081,253676.754266,253126.548037,253118.059552,253526.148162,254304.100284,255446.985315,256452.615481,257194.180913,257610.723478,257441.148745,256915.142465,256155.054190,255370.827345,254781.723798,254497.223127,254785.461600,255455.729704,256017.521560,256558.948752,256640.905948,256042.970500,255421.176320,255006.789851,255107.021478,254440.865153,251191.404516,244409.163678,231380.391186,211164.582752,180374.295234,129181.219555,54372.738705,-29994.604959,-102487.571815,-176791.752431,-267107.045250,-343109.549918,-392023.675198,-424300.391643,-445075.407442,-458673.511030,-466406.273429,-472325.270991,-481698.440069,0.000000,0.000000,0.000000,0.000000
0.000000,0.000000,0.000000,0.000000,-484912.446291,-475432.145134,-468513.623971,-460945.032362,-447967.690924,-424607.637807,-386349.587751,-328378.264579,-243153.659485,-139428.413049,-44525.673133,29093.172369,84560.725800,128716.859291,167497.474186,199609.029894,220878.416988,233334.554342,241269.084222,246156.688753,249474.107661,252287.671007,255244.521605,257761.567460,259023.379836,259211.353209,258520.907822,258008.207000,258194.487239,258446.753546,258571.711095,258473.267353,258263.598928,257998.688035,257731.315116,257834.790488,257857.817090,257658.166182,257461.592319,256869.757924,256415.728576,256282.353515,255691.908014,255187.999490,255693.981120,256913.881140,257992.286859,258061.809965,256841.626157,255310.553801,254449.856236,253890.819130,253503.814110,253575.202664,253934.697196,254546.835818,255302.363036,256045.051489,256486.667537,256485.828169,256706.287118,256726.542440,256362.074787,255941.526181,255494.991185,255608.393973,255667.604461,255946.305332,256378.778039,256301.703966,256259.207719,255820.395624,255222.459186,254882.542243,254347.640751,252862.904276,248943.716292,240804.729767,225835.820890,201575.814463,163715.378541,105620.600070,24596.984982,-62696.349178,-135265.527628,-206481.448912,-286949.267158,-354955.319229,-399479.732174,-428039.838476,-447399.375294,-460146.452013,-467368.671229,-473714.078343,-483344.233698,0.000000,0.000000,0.000000,0.000000
0.000000,0.000000,0.000000,0.000000,0.000000,-478714.793820,-471294.073125,-464864.916534,-454126.548807,-435262.701214,-405169.117158,-358688.542795,-290927.870445,-210476.927752,-122808.245722,-39306.930835,27945.867538,89405.992122,139983.587178,176491.833801,204505.424088,222751.963442,234957.476986,242394.303811,246853.220118,250230.114034,253158.347355,256187.352263,257994.800174,258135.643570,257352.020547,256630.938677,256862.274535,257645.969624,258200.461672,258109.387909,257796.692796,257606.924529,257657.831791,257974.260203,257967.707823,257834.457309,257486.534583,256835.571594,256418.815078,256238.675075,256045.113892,255877.999838,256336.084269,257337.016318,258069.922100,258168.275206,257326.838917,255967.035504,255224.096820,254813.341935,254311.705331,254065.570997,254181.268773,254411.980706,254799.481637,255413.357136,255767.402892,255781.183897,256123.761194,256680.687323,256734.652827,256328.351780,256165.298944,256446.955616,256638.480244,256773.603034,256699.248636,256225.491893,255827.621005,255592.033343,255106.414432,254451.566981,252946.010732,250059.390816,245160.294575,235139.404243,216561.322959,185982.917760,138146.493830,71537.571546,-12468.938196,-100802.888055,-176001.499209,-246467.578978,-317021.364363,-373629.624889,-410720.085148,-433958.417121,-451169.250232,-463427.795262,-470709.226854,-479416.379754,0.000000,0.000000,0.000000,0.000000,0.000000
0.000000,0.000000,0.000000,0.000000,0.000000,-484833.195421,-476022.354321,-468890.283605,-459440.351930,-444533.866117,-422103.209501,-388700.796986,-340553.847736,-276381.435249,-200299.529754,-116361.054385,-31921.284009,37461.655303,93084.501860,141899.080777,179678.505663,205979.609275,224374.168553,236001.969656,242876.503869,247661.031489,250847.245728,253837.230024,256346.453166,257144.700655,256494.966342,255712.753081,256132.051102,257117.846074,257493.878789,257450.086408,257293.202200,257196.765619,257512.415842,258030.208073,258225.952297,257861.361914,257390.184116,256933.413851,256691.570013,256559.489419,256559.734117,256825.685693,257016.350022,257473.279217,257768.946051,257578.272548,257151.340106,256447.164215,255881.760666,255626.893556,255214.299841,254594.987447,254006.220620,253692.011178,254050.141723,254548.599724,254879.172673,255166.006095,255592.013035,256331.810210,256783.916849,256875.624194,256881.163536,256892.192180,256930.478477,256914.748654,256582.137560,256002.154266,255443.822513,254898.758606,254362.208851,253009.531245,250146.811642,245938.763777,239246.568186,226351.530523,203769.191591,167962.365054,110419.380319,32913.507446,-52727.402352,-136561.311752,-213267.699039,-285540.214382,-347943.504602,-392671.505147,-421388.851292,-440994.391664,-456218.353624,-466935.456155,-475749.357843,-486733.116974,0.000000,0.000000,0.000000,0.000000,0.000000
0.000000,0.000000,0.000000,0.000000,0.000000,0.000000,-482463.540479,-472841.495872,-464105.735876,-452726.161366,-435971.927953,-411960.311669,-377399.261888,-327425.958458,-261925.396955,-182647.801017,-98526.118994,-28423.046625,33157.103640,96091.324546,147169.388074,182717.739220,208108.418818,225291.634180,236026.964185,242793.026813,247483.635018,250875.670838,253695.419491,255632.823015,255749.780658,255385.989771,256129.623399,256873.817154,256928.949336,256645.558536,256483.783393,256590.326380,257253.588625,258291.129171,258653.351948,258064.104251,257545.952320,257440.886431,257052.347114,256772.683785,256962.548990,257503.374052,257875.149336,257721.130250,257442.123162,256716.268008,256046.643970,255908.771652,255827.636474,255849.291713,255823.966514,255022.185756,253915.055561,253429.542390,253582.976331,254100.039146,254481.751259,254817.033400,255318.306799,255908.751597,256745.307333,257384.821013,257435.786928,257149.025136,256517.991956,256205.416834,256028.260722,255266.298356,254431.661196,253901.434767,253247.707842,250987.860700,246311.168918,240133.904757,230455.733116,213348.719662,187643.001799,146175.509208,79129.891150,-7189.429282,-94283.435047,-176856.790399,-254807.565609,-321050.207227,-373800.818364,-410076.121559,-432074.509407,-448430.594406,-460806.003959,-469641.128113,-479734.007967,0.000000,0.000000,0.000000,0.000000,0.000000,0.000000
0.000000,0.000000,0.000000,0.000000,0.000000,0.000000,-490473.875583,-478767.571022,-469520.163110,-460519.705490,-448123.563808,-430149.494667,-403750.647193,-366947.712991,-311447.900033,-240242.439013,-172530.932419,-103228.052490,-27474.954038,43656.826880,104843.307166,151421.559537,184450.712175,209103.077256,225547.263562,235230.882693,241966.997995,247234.800419,250667.605545,252925.924063,254304.375524,255153.136570,256165.106349,256924.066713,257082.302112,256446.451256,255935.050456,256142.782639,257027.426356,258250.980502,258546.057500,257986.342695,257545.861773,257419.626360,257240.794384,256790.408613,256745.112074,257388.210937,258228.483260,258228.020296,257193.392623,255841.493463,254802.284621,254493.597032,254882.303663,255557.595120,255875.385223,255093.360096,254040.780816,253876.592720,254074.751245,254588.662864,255140.937532,255389.140541,255357.295936,255640.858531,256676.693704,257831.916450,258245.259995,257561.633817,256578.662269,255900.964447,255221.805209,254378.465919,253453.230592,252893.067569,251394.309810,246974.269040,240219.201737,230698.775793,216297.550881,194739.734613,162807.630592,112871.779475,37071.646800,-57822.023088,-149805.401841,-229572.504960,-300267.602388,-357032.392157,-397601.732606,-424889.737052,-442593.131892,-455051.099342,-464461.087985,-472947.479754,-483166.253684,0.000000,0.000000,0.000000,0.000000,0.000000,0.000000
0.000000,0.000000,0.000000,0.000000,0.000000,0.000000,0.000000,-486278.666586,-476502.182256,-467759.115814,-457595.669910,-444092.362088,-424435.407255,-395911.162382,-353774.429468,-302016.380264,-240017.882618,-169157.832411,-96119.072084,-16135.884208,55990.301354,109346.637635,151787.431706,184948.385478,209109.692686,224892.156115,234600.389217,241938.934725,247522.276017,250700.936345,252789.378854,254635.963331,256092.982971,257241.781789,257273.957711,256612.882906,256307.099708,256078.565402,256637.417619,257701.450275,257915.801654,257269.872310,256657.673158,256655.923875,256956.507577,256494.052668,256093.948547,256880.962983,258047.606793,258458.126180,257233.723008,255250.978242,253816.539125,253385.654568,254141.768954,255173.979398,255378.382811,254699.978781,254021.595073,254350.554519,255221.526696,255639.159708,255997.445651,256108.505145,255705.611786,255562.804176,256405.006625,258072.803583,258829.163236,258105.910438,256774.832776,255456.035929,254360.737390,253296.542389,252090.756456,250552.961593,247228.379389,240958.707908,231599.779930,216903.590045,195398.657843,167017.523437,126280.890242,66224.369566,-17270.901744,-114133.554586,-203516.796465,-278442.372081,-339526.002488,-385908.264926,-416600.780994,-436267.090926,-450794.348908,-460775.270983,-468419.518582,-477519.568063,0.000000,0.000000,0.000000,0.000000,0.000000,0.000000,0.000000
0.000000,0.000000,0.000000,0.000000,0.000000,0.000000,0.000000,-494159.147961,-482776.827491,-473634.726150,-463821.442426,-453123.895560,-439471.362388,-418571.676374,-389130.312536,-349317.619482,-294813.296137,-228015.636363,-153807.821909,-71052.648030,5921.840333,63637.932610,113954.035218,155196.181034,185331.070006,209725.894555,225378.313523,235220.005252,242758.556257,248110.845949,251366.425268,253895.198263,256141.578816,257422.227832,257653.374358,257147.886124,256757.250747,256293.210024,256357.028953,257183.670944,257020.175061,256150.176938,255601.194544,255855.571754,256258.902900,256025.824493,255878.298380,256574.902296,257886.872864,258279.175502,257103.922817,255074.791931,253686.657501,253441.226127,254072.022775,254944.996229,254850.846977,254124.051238,253893.757556,254706.129114,255794.325548,256322.002553,256412.825860,256240.467760,255595.869708,254990.937955,255602.912498,257250.468350,258222.240910,257903.795744,256501.733808,254710.724029,253282.924189,251542.052276,249387.098906,246557.353798,241339.678975,232774.059922,218409.943242,195547.930867,165165.884776,124945.398547,70877.180376,1642.802851,-86509.366875,-176706.242992,-251407.838017,-318042.723288,-371382.601142,-406742.533486,-430583.844882,-446700.767334,-457708.777587,-465508.839821,-473528.039780,-483149.638651,0.000000,0.000000,0.000000,0.000000,0.000000,0.000000,0.000000
0.000000,0.000000,0.000000,0.000000,0.000000,0.000000,0.000000,0.000000,-488208.627601,-478512.146424,-468821.705521,-459450.830171,-449288.139691,-434761.400739,-413273.093544,-380062.661423,-333419.885723,-272111.376367,-197026.181778,-119358.151950,-44251.621771,21973.438775,74277.106949,118414.373674,155646.174704,186700.476998,211569.707498,227420.376211,236969.434939,243852.717252,248707.828969,252298.510861,254992.365393,256761.272089,257515.042435,257499.329205,257109.651518,256564.284520,256343.232343,256646.693674,256338.357956,255555.774517,255273.543526,255543.621508,256233.092728,256616.264448,256585.541095,257039.880845,257977.871387,257822.458619,256473.213659,254948.151769,254109.932035,254135.330359,254467.188319,254719.068870,254365.723222,253603.515920,253585.730437,254619.187218,255644.627852,256246.569536,256460.957472,256147.560108,255247.327822,254387.382566,254696.382510,256041.291742,257346.564858,257525.139061,256036.252231,253525.423640,251089.942625,248629.230012,245313.962392,240233.596378,232059.547232,219276.416279,198096.621273,165260.276213,119338.486912,65010.731934,488.756073,-80794.173318,-166935.729775,-244738.658292,-307647.400956,-356827.649484,-397166.558913,-425498.726143,-443123.149910,-455314.725459,-462852.816179,-468814.253298,-478454.686378,0.000000,0.000000,0.000000,0.000000,0.000000,0.000000,0.000000,0.000000
0.000000,0.000000,0.000000,0.000000,0.000000,0.000000,0.000000,0.000000,-495611.351349,-483739.336209,-474313.630412,-465313.200188,-456360.084478,-444797.128953,-428088.288053,-404473.506414,-363740.976552,-308415.434193,-250578.418981,-179454.944623,-101154.315949,-33342.948471,24324.155686,75691.062244,121689.026934,158986.356095,190182.130736,214243.301307,228848.326755,237860.790089,244263.437797,249272.421557,252974.681359,255415.070956,256495.305656,256999.503502,257028.668351,256439.096870,255907.415999,255793.670136,255660.041644,255420.911336,255350.431524,255821.984298,256962.192270,257720.669263,257779.892738,257983.131370,258125.008455,257108.792523,255515.572346,254643.244714,254497.934035,254732.955099,254983.806836,254691.412903,253851.018500,253278.430284,253366.836995,254175.754837,255216.662745,256029.929046,256421.556276,256006.745912,255165.073057,254230.561235,254087.676839,255309.010277,256682.825143,256748.775100,254817.280342,251734.852901,248196.015916,244154.642562,238497.743296,229452.048159,217354.307661,199829.430898,172675.088830,130119.713339,69128.604446,1544.522186,-71302.936702,-155373.762037,-236545.317082,-303731.640276,-354555.567334,-390911.641793,-419103.752102,-439117.310033,-451825.294853,-460172.325712,-466073.792605,-472982.255735,-482600.782729,0.000000,0.000000,0.000000,0.000000,0.000000,0.000000,0.000000,0.000000
0.000000,0.000000,0.000000,0.000000,0.000000,0.000000,0.000000,0.000000,0.000000,-489659.990283,-479483.825153,-470311.884734,-461402.907288,-451483.580630,-439460.809360,-422078.395436,-393326.201743,-353615.315976,-307219.031864,-245282.370930,-172507.956167,-103290.415707,-33853.944339,30015.443219,81057.985508,123668.226721,163236.480035,195460.093967,215983.674881,229338.335827,238017.597106,244567.404897,250308.917518,253921.476692,255364.496901,256340.195663,256613.279784,255787.687903,254948.771598,254768.834525,254612.306460,254631.738261,255171.329595,256081.396019,257349.703882,258216.699308,258542.990845,258237.489752,257457.125319,256214.852748,254587.275678,254041.494112,254633.434984,255187.853441,255431.923712,254924.472644,253902.262209,253463.069940,253479.798043,253936.108514,254913.539330,255800.468560,256182.218383,255726.750222,254771.379346,253829.532357,253828.141280,254734.156830,255465.041197,255139.348280,253100.264023,248933.314502,243154.439991,236221.127235,226326.780467,212757.649858,196123.814967,173193.655524,139490.036249,91413.658861,27284.280960,-54197.296734,-138976.545970,-215152.107640,-288874.094417,-347377.854084,-386232.415662,-415242.519319,-434560.714412,-447249.012739,-457109.690837,-464467.046926,-469925.268273,-478069.049624,0.000000,0.000000,0.000000,0.000000,0.000000,0.000000,0.000000,0.000000,0.000000
0.000000,0.000000,0.000000,0.000000,0.000000,0.000000,0.000000,0.000000,0.000000,-495876.974762,-484238.223958,-474598.845205,-465148.685118,-456956.312990,-448743.587285,-436644.733052,-417768.057791,-390634.690781,-353331.430804,-301297.841584,-237830.501914,-169601.354451,-97832.008674,-27569.774570,31370.662009,81228.193794,131254.694015,172310.652515,198992.681985,217730.380203,230658.731280,239361.811388,246675.719964,251927.917983,253868.199494,254933.101433,255438.452923,254772.839735,254010.831404,254058.484059,254184.249008,254382.749815,255065.381806,256005.195349,257234.422707,258029.113307,258050.083748,257252.178641,256201.236169,255341.366609,254272.674340,254009.189193,254813.163979,255780.848252,256356.686296,255946.270368,255144.180714,254527.550848,254108.196230,254462.999997,255267.871009,255991.456249,256328.503396,255754.041375,254441.771122,253482.133952,253525.741001,253729.399016,253287.034875,252177.802453,249096.372669,242720.568206,234173.167458,223492.897954,207754.348764,187370.804779,162829.573933,131299.726288,92214.445427,42909.724562,-23984.003979,-110065.981704,-198976.406518,-274345.291640,-334247.556008,-379270.044860,-411076.379488,-432027.587597,-445422.690935,-455065.240053,-462925.924022,-470008.209874,-476133.550326,-483848.444604,0.000000,0.000000,0.000000,0.000000,0.000000,0.000000,0.000000,0.000000,0.000000
0.000000,0.000000,0.000000,0.000000,0.000000,0.000000,0.000000,0.000000,0.000000,0.000000,-491826.988003,-479905.403475,-470542.811701,-462902.553707,-456307.091914,-448921.344528,-436069.635485,-415392.764178,-387282.057564,-343480.654930,-285638.227542,-230281.784916,-168980.553427,-97330.644202,-30032.919120,34294.703952,95548.435746,144517.272024,178311.959225,201158.334512,219273.550444,232635.479356,241535.443025,248292.107406,251252.010920,252183.953189,253001.004670,253277.388868,253398.417231,253921.054850,254688.713554,255148.315605,255656.458879,256172.146461,256947.029538,257451.982059,257041.168429,256242.403606,255501.331269,254912.393311,254716.467487,254888.163381,255462.392596,256583.868748,257457.226775,257310.299576,256465.349627,255642.782400,255267.938120,255586.488139,256319.439466,257202.799052,257395.109015,256249.841025,254535.932614,253283.042091,252549.525338,251553.831104,249992.052812,246913.702310,241353.822176,232836.842033,221263.459944,203822.949912,179060.264362,148866.280425,111205.801928,66484.112096,19998.175038,-30297.114799,-93410.598384,-171994.847942,-255962.306116,-324871.848190,-371167.221378,-403924.773451,-428047.611857,-444097.525922,-454370.514938,-462322.511509,-469694.171400,-476712.096912,-485373.001177,0.000000,0.000000,0.000000,0.000000,0.000000,0.000000,0.000000,0.000000,0.000000,0.000000
0.000000,0.000000,0.000000,0.000000,0.000000,0.000000,0.000000,0.000000,0.000000,0.000000,0.000000,-487624.219797,-477515.787391,-469704.909619,-463519.661084,-457988.741352,-449637.337006,-436111.888819,-412992.669074,-377664.931862,-333344.880239,-286818.198522,-235945.073228,-169879.700882,-94043.616664,-14227.515582,59260.403933,111975.850983,148078.893326,176650.008548,201644.982296,220217.531979,232382.794946,241331.674797,246352.753807,248363.287680,249623.170774,251250.749724,253138.602186,254567.959085,255372.099057,255962.601509,256576.072023,256662.758716,256618.964464,256688.266300,256359.050134,255702.722716,255049.946239,254958.487405,255241.806804,255455.737680,256224.198642,257215.230921,257756.645119,257482.417576,256414.444109,255805.824430,255713.553107,256184.013450,257174.558032,257855.206062,257671.055577,256348.688210,254312.422820,252292.801372,250328.688601,247862.763202,244321.516429,238411.735686,229742.941213,217815.676494,199245.904549,172685.427929,138228.379666,93337.663634,41053.157618,-16706.239113,-76462.062343,-126007.696841,-177247.365874,-244662.809431,-311240.185314,-362461.861303,-397657.197395,-421454.657516,-439074.043456,-452507.360776,-462118.956953,-468859.741115,-475887.161613,-485425.612982,0.000000,0.000000,0.000000,0.000000,0.000000,0.000000,0.000000,0.000000,0.000000,0.000000,0.000000
0.000000,0.000000,0.000000,0.000000,0.000000,0.000000,0.000000,0.000000,0.000000,0.000000,0.000000,0.000000,-483873.894386,-475670.505087,-468843.297390,-463599.470013,-458243.513182,-449808.284635,-434449.043479,-408620.637435,-376105.599006,-338972.603809,-293998.124922,-231308.076069,-147683.498606,-58970.744590,21075.193831,75331.383147,109315.788819,144621.262766,175569.045309,200444.952473,219536.532274,230959.907959,238692.632222,243411.787023,246211.849529,248697.562810,251664.587476,254154.632118,255322.435515,255808.435364,256473.264880,256345.523883,255874.805221,255834.473007,255798.927709,255194.751612,254321.077044,254479.934986,254827.014130,255020.401878,255882.740599,256687.706115,256647.550940,256076.462992,255261.360442,254570.591522,254572.567403,255465.353551,256482.243794,256839.884933,256596.049870,255210.460390,252297.764457,248954.781111,245720.005888,241777.875587,235137.739297,224995.686920,212553.406589,193118.117949,165298.623149,133482.268979,90441.876680,33060.409789,-29246.244646,-94972.584438,-160446.045172,-214342.833009,-261691.101099,-311598.391328,-357804.721469,-393201.175874,-417467.571092,-434274.213940,-447905.889771,-459480.202764,-467902.344773,-474337.539267,-481903.669676,0.000000,0.000000,0.000000,0.000000,0.000000,0.000000,0.000000,0.000000,0.000000,0.000000,0.000000,0.000000
0.000000,0.000000,0.000000,0.000000,0.000000,0.000000,0.000000,0.000000,0.000000,0.000000,0.000000,0.000000,-489870.504674,-479302.792634,-471637.313183,-466875.342872,-463379.286606,-457434.426723,-448729.138841,-432811.296730,-407991.146280,-379138.875169,-339012.143266,-278727.714746,-197991.231904,-104613.126521,-22410.807443,31724.349742,67449.309766,101001.172246,136762.983707,169983.224513,197126.363512,215652.518728,227191.798523,235973.733628,241593.615444,245266.109753,248787.967173,251704.404333,253527.947973,254125.297866,254114.931066,253823.228303,253614.206584,253749.154907,254156.283238,253696.808232,252428.307312,252108.909454,252419.544994,252958.153578,253800.137317,254577.670533,254512.895854,253752.686723,252954.772712,252158.141884,252200.969090,253093.552688,253863.855581,254485.800577,254365.304592,252053.754111,247961.657331,243497.158657,238461.498330,231397.740609,220553.499512,205340.594987,185353.994321,156688.073897,118786.068851,79091.577958,35266.620999,-17646.011267,-82565.703231,-153659.388182,-217870.632937,-276591.742876,-323935.958284,-361214.940206,-394122.276228,-417280.021765,-433318.162180,-445518.108574,-455418.832028,-464454.947731,-471768.402841,-478799.756376,-489152.956689,0.000000,0.000000,0.000000,0.000000,0.000000,0.000000,0.000000,0.000000,0.000000,0.000000,0.000000,0.000000
0.000000,0.000000,0.000000,0.000000,0.000000,0.000000,0.000000,0.000000,0.000000,0.000000,0.000000,0.000000,0.000000,-483723.529270,-474615.078910,-469627.976253,-467266.073448,-463600.475379,-457711.868855,-447989.515793,-430908.280952,-405943.128201,-370550.962048,-318866.315568,-245222.706660,-153751.719173,-74342.411304,-21036.469547,15375.601029,43796.022552,80960.031274,122878.496568,160111.652365,191239.792655,211409.806517,222632.141387,230565.603359,238374.312066,244274.027810,247170.240424,249314.298674,250275.262249,249531.086849,249031.466909,249250.889440,249621.373046,249980.090318,249517.989886,248151.446712,247442.288280,247351.738875,247944.400421,249226.597439,249909.457133,249626.806920,249227.588863,248703.487161,247994.271968,248185.421439,249281.467925,250273.606378,250623.431241,249812.847927,246702.046427,241762.131099,236200.268809,227006.023849,213631.328053,198368.221315,177185.633268,144642.959976,103094.984141,54475.362122,4749.695096,-37053.224090,-81199.289794,-138200.243896,-203416.191307,-267979.591109,-323398.005813,-366536.535600,-398890.533109,-420950.506434,-435732.921639,-446881.902769,-455378.387443,-462006.683982,-467993.779829,-474982.841795,-484038.865281,0.000000,0.000000,0.000000,0.000000,0.000000,0.000000,0.000000,0.000000,0.000000,0.000000,0.000000,0.000000,0.000000
0.000000,0.000000,0.000000,0.000000,0.000000,0.000000,0.000000,0.000000,0.000000,0.000000,0.000000,0.000000,0.000000,0.000000,-479936.714462,-473520.819069,-470870.671812,-469082.064941,-465095.931501,-457355.564813,-444348.763281,-424183.820381,-395242.945093,-352376.917447,-290168.677441,-212602.631638,-137285.956164,-85841.184585,-53692.035160,-26161.200160,7912.706635,56919.581909,109003.847667,153231.212481,183347.321063,200462.427571,213053.175908,223695.891760,233194.990056,238840.973813,241229.522435,242811.759295,242316.441361,241413.509714,241399.792703,242186.249763,242690.566488,241394.546780,240003.229161,239027.008584,238500.700386,239123.968859,239766.429534,240197.106049,240541.233762,240693.804785,240581.898451,240372.124916,240993.915497,242015.715421,243306.224477,244034.294495,242965.386902,239506.288910,232757.061609,222640.419689,207758.968895,187916.409933,164004.512750,131952.486002,90119.372387,33999.267723,-26202.238526,-75017.206999,-119580.527003,-162533.835767,-204955.651617,-256166.037136,-314456.832026,-362675.712067,-397980.085188,-423687.585426,-439105.712493,-449566.053186,-457432.389041,-462910.975351,-467544.422624,-472975.410602,-480291.664609,0.000000,0.000000,0.000000,0.000000,0.000000,0.000000,0.000000,0.000000,0.000000,0.000000,0.000000,0.000000,0.000000,0.000000
0.000000,0.000000,0.000000,0.000000,0.000000,0.000000,0.000000,0.000000,0.000000,0.000000,0.000000,0.000000,0.000000,0.000000,0.000000,-480919.451380,-475232.171345,-472959.579704,-469873.036119,-463723.465498,-453408.650187,-437484.138904,-415280.616004,-382455.208027,-336740.592122,-276822.684108,-216393.285760,-173109.865492,-143210.175641,-114923.991082,-77371.015920,-25315.395448,40715.091669,98760.099450,138265.107450,165465.306606,182721.315721,197923.442909,213254.916500,223916.250234,227426.756095,228187.378708,228810.285530,228125.822341,227444.563444,228151.475520,228093.297038,226328.586759,224760.173147,223303.241792,222558.633492,223876.821627,223630.425527,223839.057701,225818.382269,225205.429341,224177.253156,226113.098392,228476.483345,229405.758891,231459.268542,232301.648424,230494.497437,227064.543267,218264.880340,202395.712020,178368.596565,146119.726858,108736.538642,63833.335858,11422.541217,-44873.514737,-104914.404332,-155444.742350,-197231.530345,-237002.821098,-272011.857756,-313673.826219,-356836.540340,-392533.658712,-420449.854105,-439224.446365,-451531.259217,-458832.167910,-463739.139069,-468791.574944,-473960.213186,-480693.877364,0.000000,0.000000,0.000000,0.000000,0.000000,0.000000,0.000000,0.000000,0.000000,0.000000,0.000000,0.000000,0.000000,0.000000,0.000000
0.000000,0.000000,0.000000,0.000000,0.000000,0.000000,0.000000,0.000000,0.000000,0.000000,0.000000,0.000000,0.000000,0.000000,0.000000,0.000000,-482171.027467,-476719.755294,-472793.857571,-467213.073740,-459358.619022,-447717.689494,-430710.903497,-408559.003671,-377563.488100,-337872.591333,-299365.180190,-266354.100983,-237632.469969,-207866.073177,-164882.384960,-105335.318160,-35516.663092,30577.683814,80154.455715,113325.064301,138664.946240,164062.430400,185045.671103,197313.838238,201685.055096,202918.393836,204788.902523,205991.014159,204907.525396,202788.112838,201388.337768,199975.952828,199609.370033,197844.197517,196210.158685,197712.389206,198079.251339,198481.891787,199051.541645,197420.645159,197881.092377,200752.881137,204161.584780,208800.596297,212767.960798,212370.801140,208687.931362,205572.724211,196329.382476,175854.036031,139810.274755,87675.943346,32866.097095,-24556.631715,-85257.520079,-135008.949770,-177940.494646,-225028.520348,-267930.117379,-303677.246268,-335008.075642,-364469.754294,-393272.866475,-417959.477514,-437043.372136,-450685.629384,-459935.435386,-465054.799450,-468792.990424,-474283.654664,-482609.951624,0.000000,0.000000,0.000000,0.000000,0.000000,0.000000,0.000000,0.000000,0.000000,0.000000,0.000000,0.000000,0.000000,0.000000,0.000000,0.000000
0.000000,0.000000,0.000000,0.000000,0.000000,0.000000,0.000000,0.000000,0.000000,0.000000,0.000000,0.000000,0.000000,0.000000,0.000000,0.000000,0.000000,-482551.752137,-475821.622274,-469859.823888,-463027.508430,-454196.363801,-441918.104910,-427243.521541,-408660.017840,-386405.894153,-362686.105736,-339676.942790,-313573.065082,-282349.012017,-237023.322713,-173408.175889,-105185.159941,-42809.876637,7679.310571,52472.753870,88916.483855,117960.140147,142335.445588,155524.858513,159482.083856,161133.223755,167005.705062,169868.918369,166581.845593,162786.048059,160080.187217,159061.883638,158085.821358,157836.092467,157881.215355,156779.992809,158302.361090,160546.458456,157896.948788,154371.675996,154672.917170,158107.334112,165089.746053,173366.181102,178628.818309,177960.912392,174017.948017,171212.957069,163564.295723,137495.265504,92938.630729,30539.093879,-47458.204115,-118241.827578,-172071.266581,-216153.398674,-250873.953045,-285000.255594,-326193.063823,-359880.467487,-382453.466657,-401809.389761,-420416.020348,-436321.049590,-448276.071188,-458766.225652,-465625.332796,-469763.845177,-474471.473719,-481320.671666,0.000000,0.000000,0.000000,0.000000,0.000000,0.000000,0.000000,0.000000,0.000000,0.000000,0.000000,0.000000,0.000000,0.000000,0.000000,0.000000,0.000000
0.000000,0.000000,0.000000,0.000000,0.000000,0.000000,0.000000,0.000000,0.000000,0.000000,0.000000,0.000000,0.000000,0.000000,0.000000,0.000000,0.000000,0.000000,-481531.340372,-474141.968039,-467244.489837,-459999.094022,-451370.048932,-441569.992587,-431419.470193,-419233.763768,-405212.098333,-389397.175939,-368276.009496,-338047.131606,-296383.738234,-241723.903012,-178822.002276,-123359.331361,-74991.632806,-21265.095384,23027.231999,53327.396098,80199.235874,94067.578738,96569.533200,103940.031294,115255.557124,116157.436031,108283.557623,101741.761247,98369.108781,96689.623733,97840.648967,101302.577948,100525.753735,98449.335233,101782.490160,102700.952948,101087.458036,98180.592666,93685.548085,97191.011406,105741.062468,116486.858090,128109.159353,128358.496051,121296.193962,120797.008857,111972.849445,80865.118882,32929.351650,-33492.444327,-115322.520565,-192432.857976,-244849.622867,-278783.423816,-312615.101069,-344269.653732,-373804.179320,-399027.583323,-414019.132990,-426413.794022,-437650.599493,-446505.981074,-455779.883378,-464699.448250,-470844.906354,-475339.941311,-481472.952817,0.000000,0.000000,0.000000,0.000000,0.000000,0.000000,0.000000,0.000000,0.000000,0.000000,0.000000,0.000000,0.000000,0.000000,0.000000,0.000000,0.000000,0.000000
0.000000,0.000000,0.000000,0.000000,0.000000,0.000000,0.000000,0.000000,0.000000,0.000000,0.000000,0.000000,0.000000,0.000000,0.000000,0.000000,0.000000,0.000000,0.000000,-482931.825581,-474047.530526,-467238.553714,-460659.786150,-454205.362905,-447906.693620,-441651.564000,-433709.467635,-421611.697233,-405337.735236,-382615.206209,-350995.061118,-308728.814118,-260677.613075,-212932.332273,-163140.031795,-111445.447957,-64684.674494,-31275.646643,-6776.340951,8287.870113,18463.624517,36443.774197,47538.497183,44909.976971,31121.115866,19803.662655,19728.914385,17129.641087,22535.048610,31215.218038,29694.996351,25113.907069,20355.305808,20662.442054,25669.500202,26862.283460,23842.336926,25119.059727,32332.220179,47945.994911,67294.235153,69443.606083,61334.342248,58911.337245,40283.088622,2139.460608,-46689.605069,-110092.133618,-180180.299836,-251288.228904,-304659.900083,-335905.948016,-363437.313260,-390622.158412,-411654.982612,-425727.399525,-434739.424970,-441390.591533,-448116.630736,-454422.113342,-462063.732598,-469809.902504,-476116.093756,-484366.362443,0.000000,0.000000,0.000000,0.000000,0.000000,0.000000,0.000000,0.000000,0.000000,0.000000,0.000000,0.000000,0.000000,0.000000,0.000000,0.000000,0.000000,0.000000,0.000000
0.000000,0.000000,0.000000,0.000000,0.000000,0.000000,0.000000,0.000000,0.000000,0.000000,0.000000,0.000000,0.000000,0.000000,0.000000,0.000000,0.000000,0.000000,0.000000,0.000000,-484583.173308,-476642.540102,-470268.911679,-464956.738303,-459740.395531,-455447.290611,-451148.395558,-442732.096725,-429882.279302,-414492.545482,-393495.829321,-364836.078324,-329881.586097,-293093.549216,-249893.494145,-202242.805013,-165092.015754,-135032.185743,-111054.897046,-93687.348834,-74049.709077,-54420.972204,-41597.151097,-47889.628495,-65360.221883,-70864.990977,-69461.318313,-68755.964408,-60877.256281,-46141.440666,-43727.929064,-61822.919509,-81627.343436,-80760.052339,-69680.811571,-60545.653708,-55048.344829,-54858.435167,-43175.034820,-23736.841402,-9328.630418,-4885.627639,-10990.450854,-20852.661520,-45054.703922,-92256.339111,-141673.012156,-191054.319695,-252984.972945,-310232.576444,-351426.210776,-381158.825323,-403682.230390,-422032.466005,-435367.902837,-443005.043892,-447487.976580,-451840.092830,-456018.946271,-460823.048988,-467470.086954,-475624.608768,-484557.127627,0.000000,0.000000,0.000000,0.000000,0.000000,0.000000,0.000000,0.000000,0.000000,0.000000,0.000000,0.000000,0.000000,0.000000,0.000000,0.000000,0.000000,0.000000,0.000000,0.000000
0.000000,0.000000,0.000000,0.000000,0.000000,0.000000,0.000000,0.000000,0.000000,0.000000,0.000000,0.000000,0.000000,0.000000,0.000000,0.000000,0.000000,0.000000,0.000000,0.000000,0.000000,0.000000,-481439.181748,-474112.755241,-469265.139691,-465665.213474,-461868.095264,-456665.520319,-448330.739610,-436400.491722,-422462.031446,-405088.743911,-380811.497644,-353243.332432,-322677.716860,-287718.585107,-260019.995708,-235847.593611,-212174.621755,-197020.102368,-182584.381564,-163425.209960,-149553.423561,-154478.593229,-163384.316449,-162539.953862,-158107.635392,-153383.648233,-143208.027440,-124511.858744,-123820.460575,-151599.066361,-179323.663199,-187123.741564,-172870.469301,-151882.840233,-141934.160084,-137968.553382,-125405.081327,-111846.546613,-106620.694866,-105327.472842,-114247.975067,-125086.782671,-145353.194494,-190169.913520,-235132.618822,-274507.680127,-319366.133526,-361291.535235,-391563.989502,-412178.162563,-428654.539239,-441386.147353,-449453.360068,-453906.032797,-456212.812533,-458973.184837,-462208.731775,-466599.050449,-474516.223807,0.000000,0.000000,0.000000,0.000000,0.000000,0.000000,0.000000,0.000000,0.000000,0.000000,0.000000,0.000000,0.000000,0.000000,0.000000,0.000000,0.000000,0.000000,0.000000,0.000000,0.000000,0.000000
0.000000,0.000000,0.000000,0.000000,0.000000,0.000000,0.000000,0.000000,0.000000,0.000000,0.000000,0.000000,0.000000,0.000000,0.000000,0.000000,0.000000,0.000000,0.000000,0.000000,0.000000,0.000000,0.000000,-483793.125638,-476929.602965,-473238.648983,-469771.720938,-466420.169083,-461688.563391,-453722.241614,-442885.748953,-430544.203889,-415764.695124,-397288.201794,-377191.941539,-356094.479895,-336036.999265,-317668.867800,-300375.177241,-288772.034976,-278958.652595,-264640.335064,-255876.299041,-252060.015551,-249027.659429,-246699.841539,-237589.177558,-233316.455215,-226964.776754,-211127.513908,-211785.155859,-236207.103117,-265326.828679,-276969.274108,-262977.216043,-241656.954940,-232047.989531,-219775.669351,-207271.889156,-207729.509376,-210671.418037,-217092.441781,-225385.653376,-231900.641097,-248957.137878,-279266.103008,-312442.314997,-342886.873992,-371529.987120,-399165.358942,-420633.533444,-434000.137019,-444213.094380,-452414.499413,-458013.604512,-461231.289174,-462634.872398,-464827.409868,-468557.835637,-474271.362578,0.000000,0.000000,0.000000,0.000000,0.000000,0.000000,0.000000,0.000000,0.000000,0.000000,0.000000,0.000000,0.000000,0.000000,0.000000,0.000000,0.000000,0.000000,0.000000,0.000000,0.000000,0.000000,0.000000
0.000000,0.000000,0.000000,0.000000,0.000000,0.000000,0.000000,0.000000,0.000000,0.000000,0.000000,0.000000,0.000000,0.000000,0.000000,0.000000,0.000000,0.000000,0.000000,0.000000,0.000000,0.000000,0.000000,0.000000,-485324.274833,-481032.859521,-476746.461625,-473672.046005,-470786.801852,-465302.547225,-456980.993380,-447365.417481,-437558.868296,-427670.467326,-415577.946480,-402542.553516,-391125.437339,-378420.402730,-366356.980866,-358033.079450,-350795.275089,-343869.593684,-336767.095836,-329858.225803,-325611.989191,-320973.951368,-315396.240856,-312916.625436,-308873.986878,-301181.839894,-301582.737668,-317992.601465,-338314.173240,-344603.820256,-336522.641102,-323062.888296,-311835.931819,-297985.724744,-285826.441663,-290575.433090,-300893.800219,-308492.716374,-314010.129298,-319204.588702,-330577.270911,-348843.887504,-370085.443097,-390332.216973,-409986.989628,-427017.585214,-439757.767512,-448937.572933,-455436.376248,-460513.780922,-464315.624950,-467041.997823,-469228.610922,-472626.935805,-478251.366190,0.000000,0.000000,0.000000,0.000000,0.000000,0.000000,0.000000,0.000000,0.000000,0.000000,0.000000,0.000000,0.000000,0.000000,0.000000,0.000000,0.000000,0.000000,0.000000,0.000000,0.000000,0.000000,0.000000,0.000000
0.000000,0.000000,0.000000,0.000000,0.000000,0.000000,0.000000,0.000000,0.000000,0.000000,0.000000,0.000000,0.000000,0.000000,0.000000,0.000000,0.000000,0.000000,0.000000,0.000000,0.000000,0.000000,0.000000,0.000000,0.000000,0.000000,-485811.379381,-481906.812291,-479418.663093,-474531.770351,-467539.080912,-460714.407529,-454278.469375,-448211.812858,-441332.148179,-433164.940460,-425903.586501,-418729.274130,-411229.509763,-405563.547533,-400853.178071,-396684.408032,-391916.802499,-386614.919493,-383737.103867,-381390.312277,-378787.829929,-376086.622475,-373097.101972,-370744.780148,-371890.438270,-380026.570105,-389537.719727,-393055.196472,-389791.986845,-381968.717773,-372500.992995,-362976.242247,-354946.096325,-357651.253823,-367447.649329,-371420.781653,-375469.831764,-380629.929933,-385793.954901,-396608.434796,-409862.241460,-422726.631299,-435181.645279,-445649.321745,-454152.041836,-460498.906599,-464190.067635,-467342.230308,-471186.012352,-474651.618291,-478107.090619,0.000000,0.000000,0.000000,0.000000,0.000000,0.000000,0.000000,0.000000,0.000000,0.000000,0.000000,0.000000,0.000000,0.000000,0.000000,0.000000,0.000000,0.000000,0.000000,0.000000,0.000000,0.000000,0.000000,0.000000,0.000000,0.000000
0.000000,0.000000,0.000000,0.000000,0.000000,0.000000,0.000000,0.000000,0.000000,0.000000,0.000000,0.000000,0.000000,0.000000,0.000000,0.000000,0.000000,0.000000,0.000000,0.000000,0.000000,0.000000,0.000000,0.000000,0.000000,0.000000,0.000000,0.000000,-490882.628828,-484744.310591,-478470.329071,-473036.411651,-468220.765881,-463854.542813,-459221.110900,-453040.666026,-447522.708599,-443673.507969,-440251.394883,-436637.171200,-432807.681475,-430507.710262,-428557.199918,-423553.524919,-419814.239297,-419715.348508,-417418.691140,-414393.917865,-413397.051915,-412177.874393,-413160.308062,-417715.118850,-422480.506464,-424046.616581,-421666.885039,-417942.497105,-413930.376678,-407878.218060,-403167.793854,-406414.952266,-411813.691979,-412835.742770,-414888.952506,-417818.317453,-420282.126151,-426128.092054,-434165.679832,-442585.802514,-451193.510417,-458562.108245,-464808.549055,-469697.279401,-472560.832525,-475714.442387,-480997.121506,0.000000,0.000000,0.000000,0.000000,0.000000,0.000000,0.000000,0.000000,0.000000,0.000000,0.000000,0.000000,0.000000,0.000000,0.000000,0.000000,0.000000,0.000000,0.000000,0.000000,0.000000,0.000000,0.000000,0.000000,0.000000,0.000000,0.000000,0.000000
0.000000,0.000000,0.000000,0.000000,0.000000,0.000000,0.000000,0.000000,0.000000,0.000000,0.000000,0.000000,0.000000,0.000000,0.000000,0.000000,0.000000,0.000000,0.000000,0.000000,0.000000,0.000000,0.000000,0.000000,0.000000,0.000000,0.000000,0.000000,0.000000,0.000000,-490705.492450,-484980.602334,-480006.455830,-475691.131812,-471754.309730,-467230.901007,-462551.925922,-459535.412455,-457681.643896,-455591.624099,-454247.161751,-452235.134791,-449297.218172,-445883.712937,-442167.008609,-440802.187114,-439971.559689,-438585.904901,-437317.320277,-436021.685719,-437743.842262,-441888.395303,-444653.102106,-444893.604624,-442533.190552,-439359.441635,-437311.547065,-435380.859298,-434548.730701,-436537.404942,-437659.998335,-437397.680693,-438629.298014,-439296.051934,-440296.333170,-443742.987119,-448775.294571,-455312.155750,-462383.469437,-469014.563555,-474951.058486,-479483.884656,-483298.623405,0.000000,0.000000,0.000000,0.000000,0.000000,0.000000,0.000000,0.000000,0.000000,0.000000,0.000000,0.000000,0.000000,0.000000,0.000000,0.000000,0.000000,0.000000,0.000000,0.000000,0.000000,0.000000,0.000000,0.000000,0.000000,0.000000,0.000000,0.000000,0.000000,0.000000
0.000000,0.000000,0.000000,0.000000,0.000000,0.000000,0.000000,0.000000,0.000000,0.000000,0.000000,0.000000,0.000000,0.000000,0.000000,0.000000,0.000000,0.000000,0.000000,0.000000,0.000000,0.000000,0.000000,0.000000,0.000000,0.000000,0.000000,0.000000,0.000000,0.000000,0.000000,0.000000,-493163.344775,-486160.090905,-480743.650820,-477551.443672,-474639.231143,-472090.281862,-470229.398257,-468010.123804,-466679.668169,-464938.108608,-461916.265038,-459250.300632,-456017.670057,-453420.261537,-452638.268505,-452736.848494,-452584.958848,-452234.173359,-453650.008379,-456757.859210,-459365.809410,-459397.230627,-456778.516106,-453318.952260,-450955.087548,-450780.191526,-452735.168558,-454263.836290,-453741.180387,-453499.474140,-453324.524030,-452534.185455,-453301.921387,-455953.639277,-459874.968127,-465514.495665,-471736.526221,-478465.977018,-487196.637340,0.000000,0.000000,0.000000,0.000000,0.000000,0.000000,0.000000,0.000000,0.000000,0.000000,0.000000,0.000000,0.000000,0.000000,0.000000,0.000000,0.000000,0.000000,0.000000,0.000000,0.000000,0.000000,0.000000,0.000000,0.000000,0.000000,0.000000,0.000000,0.000000,0.000000,0.000000,0.000000
0.000000,0.000000,0.000000,0.000000,0.000000,0.000000,0.000000,0.000000,0.000000,0.000000,0.000000,0.000000,0.000000,0.000000,0.000000,0.000000,0.000000,0.000000,0.000000,0.000000,0.000000,0.000000,0.000000,0.000000,0.000000,0.000000,0.000000,0.000000,0.000000,0.000000,0.000000,0.000000,0.000000,0.000000,-490811.619971,-488909.586650,-486716.149577,-484268.466527,-481164.170312,-478754.769826,-476697.450565,-473805.612565,-471372.129895,-468402.297838,-465190.355923,-462454.496805,-461197.357983,-461905.253991,-463140.174321,-464169.291064,-465547.476368,-468275.874651,-470590.574690,-469979.776031,-467038.005978,-463435.758361,-460266.175991,-459805.424260,-462344.451567,-465034.866579,-465995.168507,-465402.765514,-464294.103959,-463226.504597,-464236.429758,-466917.986178,-470720.719883,-476197.878281,-481598.887032,0.000000,0.000000,0.000000,0.000000,0.000000,0.000000,0.000000,0.000000,0.000000,0.000000,0.000000,0.000000,0.000000,0.000000,0.000000,0.000000,0.000000,0.000000,0.000000,0.000000,0.000000,0.000000,0.000000,0.000000,0.000000,0.000000,0.000000,0.000000,0.000000,0.000000,0.000000,0.000000,0.000000,0.000000
0.000000,0.000000,0.000000,0.000000,0.000000,0.000000,0.000000,0.000000,0.000000,0.000000,0.000000,0.000000,0.000000,0.000000,0.000000,0.000000,0.000000,0.000000,0.000000,0.000000,0.000000,0.000000,0.000000,0.000000,0.000000,0.000000,0.000000,0.000000,0.000000,0.000000,0.000000,0.000000,0.000000,0.000000,0.000000,0.000000,0.000000,0.000000,-494206.797572,-491434.970795,-488536.267058,-484312.766720,-479400.192382,-476274.068104,-473395.254628,-470293.970971,-469414.970348,-471112.933473,-473264.774326,-474199.187607,-475379.302616,-477783.297959,-479769.232044,-479095.678292,-475994.424274,-471772.490957,-467914.185768,-466855.557640,-469062.253046,-472635.268580,-475493.206894,-476251.467652,-475329.372330,-475137.507595,-476751.104611,0.000000,0.000000,0.000000,0.000000,0.000000,0.000000,0.000000,0.000000,0.000000,0.000000,0.000000,0.000000,0.000000,0.000000,0.000000,0.000000,0.000000,0.000000,0.000000,0.000000,0.000000,0.000000,0.000000,0.000000,0.000000,0.000000,0.000000,0.000000,0.000000,0.000000,0.000000,0.000000,0.000000,0.000000,0.000000,0.000000,0.000000,0.000000
0.000000,0.000000,0.000000,0.000000,0.000000,0.000000,0.000000,0.000000,0.000000,0.000000,0.000000,0.000000,0.000000,0.000000,0.000000,0.000000,0.000000,0.000000,0.000000,0.000000,0.000000,0.000000,0.000000,0.000000,0.000000,0.000000,0.000000,0.000000,0.000000,0.000000,0.000000,0.000000,0.000000,0.000000,0.000000,0.000000,0.000000,0.000000,0.000000,0.000000,0.000000,0.000000,-489894.575085,-486428.980993,-483531.007617,-480939.009045,-479392.148184,-481828.187035,-484886.912312,-485523.064985,-485819.050621,-487387.897890,-489762.805905,-489726.058741,-486663.369564,-482184.104314,-477495.047556,-475592.638804,-477590.829247,-482235.630527,-486349.277279,0.000000,0.000000,0.000000,0.000000,0.000000,0.000000,0.000000,0.000000,0.000000,0.000000,0.000000,0.000000,0.000000,0.000000,0.000000,0.000000,0.000000,0.000000,0.000000,0.000000,0.000000,0.000000,0.000000,0.000000,0.000000,0.000000,0.000000,0.000000,0.000000,0.000000,0.000000,0.000000,0.000000,0.000000,0.000000,0.000000,0.000000,0.000000,0.000000,0.000000,0.000000,0.000000
0.000000,0.000000,0.000000,0.000000,0.000000,0.000000,0.000000,0.000000,0.000000,0.000000,0.000000,0.000000,0.000000,0.000000,0.000000,0.000000,0.000000,0.000000,0.000000,0.000000,0.000000,0.000000,0.000000,0.000000,0.000000,0.000000,0.000000,0.000000,0.000000,0.000000,0.000000,0.000000,0.000000,0.000000,0.000000,0.000000,0.000000,0.000000,0.000000,0.000000,0.000000,0.000000,0.000000,0.000000,0.000000,0.000000,0.000000,0.000000,0.000000,0.000000,0.000000,0.000000,0.000000,0.000000,0.000000,0.000000,0.000000,0.000000,0.000000,0.000000,0.000000,0.000000,0.000000,0.000000,0.000000,0.000000,0.000000,0.000000,0.000000,0.000000,0.000000,0.000000,0.000000,0.000000,0.000000,0.000000,0.000000,0.000000,0.000000,0.000000,0.000000,0.000000,0.000000,0.000000,0.000000,0.000000,0.000000,0.000000,0.000000,0.000000,0.000000,0.000000,0.000000,0.000000,0.000000,0.000000,0.000000,0.000000,0.000000,0.000000,0.000000,0.000000,0.000000
0.000000,0.000000,0.000000,0.000000,0.000000,0.000000,0.000000,0.000000,0.000000,0.000000,0.000000,0.000000,0.000000,0.000000,0.000000,0.000000,0.000000,0.000000,0.000000,0.000000,0.000000,0.000000,0.000000,0.000000,0.000000,0.000000,0.000000,0.000000,0.000000,0.000000,0.000000,0.000000,0.000000,0.000000,0.000000,0.000000,0.000000,0.000000,0.000000,0.000000,0.000000,0.000000,0.000000,0.000000,0.000000,0.000000,0.000000,0.000000,0.000000,0.000000,0.000000,0.000000,0.000000,0.000000,0.000000,0.000000,0.000000,0.000000,0.000000,0.000000,0.000000,0.000000,0.000000,0.000000,0.000000,0.000000,0.000000,0.000000,0.000000,0.000000,0.000000,0.000000,0.000000,0.000000,0.000000,0.000000,0.000000,0.000000,0.000000,0.000000,0.000000,0.000000,0.000000,0.000000,0.000000,0.000000,0.000000,0.000000,0.000000,0.000000,0.000000,0.000000,0.000000,0.000000,0.000000,0.000000,0.000000,0.000000,0.000000,0.000000,0.000000,0.000000,0.000000
