0.000000,0.000000,0.000000,0.000000,0.000000,0.000000,0.000000,0.000000,0.000000,0.000000,0.000000,0.000000,0.000000,0.000000,0.000000,0.000000,0.000000,0.000000,0.000000,0.000000,0.000000,0.000000,0.000000,0.000000,0.000000,0.000000,0.000000,0.000000,0.000000,0.000000,0.000000,0.000000,0.000000,0.000000,0.000000,0.000000,0.000000,0.000000,0.000000,0.000000,0.000000,0.000000,0.000000,0.000000,0.000000,0.000000,0.000000,0.000000,0.000000,0.000000,0.000000,0.000000,0.000000,0.000000,0.000000,0.000000,0.000000,0.000000,0.000000,0.000000,0.000000,0.000000,0.000000,0.000000,0.000000,0.000000,0.000000,0.000000,0.000000,0.000000,0.000000,0.000000,0.000000,0.000000,0.000000,0.000000,0.000000,0.000000,0.000000,0.000000,0.000000,0.000000,0.000000,0.000000,0.000000,0.000000,0.000000,0.000000,0.000000,0.000000,0.000000,0.000000,0.000000,0.000000,0.000000,0.000000,0.000000,0.000000,0.000000,0.000000,0.000000,0.000000,0.000000
0.000000,0.000000,0.000000,0.000000,0.000000,0.000000,0.000000,0.000000,0.000000,0.000000,0.000000,0.000000,0.000000,0.000000,0.000000,0.000000,0.000000,0.000000,0.000000,0.000000,0.000000,0.000000,0.000000,0.000000,0.000000,0.000000,0.000000,0.000000,0.000000,0.000000,0.000000,0.000000,0.000000,0.000000,0.000000,0.000000,0.000000,0.000000,0.000000,0.000000,0.000000,0.000000,0.000000,0.000000,0.000000,0.000000,0.000000,0.000000,0.000000,0.000000,0.000000,0.000000,0.000000,0.000000,0.000000,0.000000,0.000000,0.000000,0.000000,0.000000,0.000000,0.000000,0.000000,0.000000,0.000000,0.000000,0.000000,0.000000,0.000000,0.000000,0.000000,0.000000,0.000000,0.000000,0.000000,0.000000,0.000000,0.000000,0.000000,0.000000,0.000000,0.000000,0.000000,0.000000,0.000000,0.000000,0.000000,0.000000,0.000000,0.000000,0.000000,0.000000,0.000000,0.000000,0.000000,0.000000,0.000000,0.000000,0.000000,0.000000,0.000000,0.000000,0.000000
0.000000,0.000000,0.000000,0.000000,0.000000,0.000000,0.000000,0.000000,0.000000,0.000000,0.000000,0.000000,0.000000,0.000000,0.000000,0.000000,0.000000,0.000000,0.000000,0.000000,0.000000,0.000000,0.000000,0.000000,0.000000,0.000000,0.000000,0.000000,0.000000,0.000000,0.000000,0.000000,0.000000,0.000000,0.000000,0.000000,0.000000,0.000000,0.000000,0.000000,0.000000,0.000000,-645394.252827,-636197.731843,-629451.561106,-623585.812891,-617738.061293,-613174.528481,-609214.928880,-605715.791648,-605059.866166,-607953.313261,-612161.512467,-615616.449042,-617888.190559,-619036.200833,-621035.921337,-625565.928876,-629823.978668,-631827.012026,-637355.157759,0.000000,0.000000,0.000000,0.000000,0.000000,0.000000,0.000000,0.000000,0.000000,0.000000,0.000000,0.000000,0.000000,0.000000,0.000000,0.000000,0.000000,0.000000,0.000000,0.000000,0.000000,0.000000,0.000000,0.000000,0.000000,0.000000,0.000000,0.000000,0.000000,0.000000,0.000000,0.000000,0.000000,0.000000,0.000000,0.000000,0.000000,0.000000,0.000000,0.000000,0.000000,0.000000
0.000000,0.000000,0.000000,0.000000,0.000000,0.000000,0.000000,0.000000,0.000000,0.000000,0.000000,0.000000,0.000000,0.000000,0.000000,0.000000,0.000000,0.000000,0.000000,0.000000,0.000000,0.000000,0.000000,0.000000,0.000000,0.000000,0.000000,0.000000,0.000000,0.000000,0.000000,0.000000,0.000000,0.000000,0.000000,0.000000,0.000000,0.000000,-649680.069883,-642536.867867,-636171.351070,-629506.695117,-623969.793297,-617495.571606,-609346.300646,-602410.977495,-596449.515861,-591567.523569,-587161.102258,-583277.290236,-581903.222559,-583028.378895,-586166.437110,-590533.446701,-593818.693349,-596944.064395,-601075.267716,-605324.119231,-609803.793606,-614240.759130,-618746.059185,-625802.245797,-632625.398916,-636360.617733,-641237.051555,0.000000,0.000000,0.000000,0.000000,0.000000,0.000000,0.000000,0.000000,0.000000,0.000000,0.000000,0.000000,0.000000,0.000000,0.000000,0.000000,0.000000,0.000000,0.000000,0.000000,0.000000,0.000000,0.000000,0.000000,0.000000,0.000000,0.000000,0.000000,0.000000,0.000000,0.000000,0.000000,0.000000,0.000000,0.000000,0.000000,0.000000,0.000000
0.000000,0.000000,0.000000,0.000000,0.000000,0.000000,0.000000,0.000000,0.000000,0.000000,0.000000,0.000000,0.000000,0.000000,0.000000,0.000000,0.000000,0.000000,0.000000,0.000000,0.000000,0.000000,0.000000,0.000000,0.000000,0.000000,0.000000,0.000000,0.000000,0.000000,0.000000,0.000000,0.000000,0.000000,-642745.897607,-638245.610110,-635313.470153,-632205.660328,-628206.924667,-623220.940193,-617426.686835,-612133.370559,-607145.974057,-599629.640720,-590002.667681,-582099.406616,-575149.552341,-567744.780170,-561474.608898,-556089.322715,-551925.748838,-550966.649674,-554112.702270,-559702.932995,-565480.156522,-571502.961881,-577941.824250,-584166.431325,-590711.943904,-597369.419308,-603752.882554,-609883.207267,-614609.399647,-618009.311470,-620624.178864,-624397.997881,-627663.816731,-629952.271405,-635485.390429,0.000000,0.000000,0.000000,0.000000,0.000000,0.000000,0.000000,0.000000,0.000000,0.000000,0.000000,0.000000,0.000000,0.000000,0.000000,0.000000,0.000000,0.000000,0.000000,0.000000,0.000000,0.000000,0.000000,0.000000,0.000000,0.000000,0.000000,0.000000,0.000000,0.000000,0.000000,0.000000,0.000000,0.000000
0.000000,0.000000,0.000000,0.000000,0.000000,0.000000,0.000000,0.000000,0.000000,0.000000,0.000000,0.000000,0.000000,0.000000,0.000000,0.000000,0.000000,0.000000,0.000000,0.000000,0.000000,0.000000,0.000000,0.000000,0.000000,0.000000,0.000000,0.000000,0.000000,0.000000,0.000000,0.000000,-641935.044959,-632152.205944,-624772.424934,-619313.693703,-615272.274614,-612521.293565,-609687.965050,-605865.167984,-601109.941230,-596873.343985,-590666.453119,-580949.990394,-569744.028054,-558080.928814,-546545.908554,-535312.062016,-524316.324112,-514355.127151,-507967.581094,-505312.852248,-507043.641408,-513718.553011,-523124.635637,-534128.872513,-545736.006716,-557321.205169,-568355.299792,-578543.419183,-587876.962452,-595106.042549,-600275.619183,-604172.102080,-606403.377577,-607840.615740,-609329.727410,-611964.867296,-617135.092117,-625023.223166,-634496.432005,0.000000,0.000000,0.000000,0.000000,0.000000,0.000000,0.000000,0.000000,0.000000,0.000000,0.000000,0.000000,0.000000,0.000000,0.000000,0.000000,0.000000,0.000000,0.000000,0.000000,0.000000,0.000000,0.000000,0.000000,0.000000,0.000000,0.000000,0.000000,0.000000,0.000000,0.000000,0.000000
0.000000,0.000000,0.000000,0.000000,0.000000,0.000000,0.000000,0.000000,0.000000,0.000000,0.000000,0.000000,0.000000,0.000000,0.000000,0.000000,0.000000,0.000000,0.000000,0.000000,0.000000,0.000000,0.000000,0.000000,0.000000,0.000000,0.000000,0.000000,0.000000,0.000000,-638102.367132,-629075.259152,-620956.264734,-613852.618954,-608346.463213,-603214.158709,-598592.972765,-594456.994448,-591255.131731,-588544.156043,-584432.537777,-579838.280342,-572608.200885,-560065.339973,-544021.622821,-524936.940873,-505414.539611,-488174.525690,-469354.737142,-452234.046946,-442394.494579,-437129.216665,-438753.196180,-449036.423992,-463564.476387,-481782.746154,-501173.132189,-518721.596786,-536556.704267,-553846.257679,-567977.744841,-577904.682199,-584887.888971,-590522.245426,-593986.833875,-595469.678874,-596184.266833,-598144.779993,-602371.551083,-608016.739804,-615165.952675,-624336.263134,-635292.926962,0.000000,0.000000,0.000000,0.000000,0.000000,0.000000,0.000000,0.000000,0.000000,0.000000,0.000000,0.000000,0.000000,0.000000,0.000000,0.000000,0.000000,0.000000,0.000000,0.000000,0.000000,0.000000,0.000000,0.000000,0.000000,0.000000,0.000000,0.000000,0.000000,0.000000
0.000000,0.000000,0.000000,0.000000,0.000000,0.000000,0.000000,0.000000,0.000000,0.000000,0.000000,0.000000,0.000000,0.000000,0.000000,0.000000,0.000000,0.000000,0.000000,0.000000,0.000000,0.000000,0.000000,0.000000,0.000000,0.000000,0.000000,0.000000,-633418.029229,-625597.638587,-617675.310817,-610104.514204,-603754.194712,-597600.090568,-591678.456895,-586185.714095,-580165.619286,-574690.065592,-572138.318064,-569315.404626,-564554.706365,-559300.277295,-549528.941170,-532772.483492,-508367.872740,-479404.279645,-450475.815148,-419653.441186,-391564.265513,-369673.667300,-350127.278994,-338892.535012,-343355.259807,-361033.413329,-386076.124116,-413673.171243,-440770.339700,-467655.598967,-494273.681388,-518396.137176,-538967.050144,-555376.192841,-567018.173877,-574699.859051,-579571.519609,-581862.218379,-583143.356723,-585215.422737,-588376.905868,-593133.215914,-598979.477851,-606603.524259,-616386.652506,-625077.031154,-633715.180574,0.000000,0.000000,0.000000,0.000000,0.000000,0.000000,0.000000,0.000000,0.000000,0.000000,0.000000,0.000000,0.000000,0.000000,0.000000,0.000000,0.000000,0.000000,0.000000,0.000000,0.000000,0.000000,0.000000,0.000000,0.000000,0.000000,0.000000,0.000000
0.000000,0.000000,0.000000,0.000000,0.000000,0.000000,0.000000,0.000000,0.000000,0.000000,0.000000,0.000000,0.000000,0.000000,0.000000,0.000000,0.000000,0.000000,0.000000,0.000000,0.000000,0.000000,0.000000,0.000000,0.000000,0.000000,-635361.992052,-625377.617052,-615637.271017,-608206.959324,-601806.580735,-594472.628425,-586744.341032,-578957.848858,-571802.536380,-564133.427714,-556287.965678,-551314.121132,-546535.841608,-540606.435229,-537269.862600,-531602.512806,-518403.497483,-495830.976971,-461273.369328,-418145.852798,-372791.480715,-329333.548801,-290904.782057,-259525.144280,-233739.470135,-217203.811921,-220643.746605,-248919.608826,-287464.247646,-322392.711730,-359250.540926,-399895.371820,-438326.957646,-471311.683243,-499498.831840,-522698.244783,-540817.209932,-555039.447169,-563217.559203,-565954.315830,-567348.551697,-569826.628515,-572964.523730,-576405.257807,-581830.676092,-590788.796047,-600753.044991,-608946.578030,-615820.192055,-623223.423528,-634529.005086,0.000000,0.000000,0.000000,0.000000,0.000000,0.000000,0.000000,0.000000,0.000000,0.000000,0.000000,0.000000,0.000000,0.000000,0.000000,0.000000,0.000000,0.000000,0.000000,0.000000,0.000000,0.000000,0.000000,0.000000,0.000000,0.000000
0.000000,0.000000,0.000000,0.000000,0.000000,0.000000,0.000000,0.000000,0.000000,0.000000,0.000000,0.000000,0.000000,0.000000,0.000000,0.000000,0.000000,0.000000,0.000000,0.000000,0.000000,0.000000,0.000000,0.000000,-639753.331100,-628100.174709,-619035.747345,-609853.711927,-602501.435963,-595612.272092,-587509.869907,-578593.000737,-568248.358028,-556896.591202,-545218.584252,-534082.485777,-523621.990237,-514953.536585,-507966.782352,-499772.796054,-493921.536936,-490376.472136,-477201.260831,-447067.332000,-403369.358510,-343806.721572,-276958.715964,-223366.469138,-175983.745010,-137215.975740,-110173.541930,-87481.688959,-92366.545726,-126687.852986,-168277.248909,-208897.447949,-252064.062987,-305043.112609,-360613.979468,-407542.584802,-444847.602056,-477163.484275,-504045.258234,-524364.856938,-539815.766132,-546577.153661,-546083.016267,-546467.697624,-550497.214129,-554952.157859,-560318.693011,-570073.397948,-582156.659731,-592397.155681,-599230.291892,-605586.885228,-615099.033918,-626927.784157,-639883.362423,0.000000,0.000000,0.000000,0.000000,0.000000,0.000000,0.000000,0.000000,0.000000,0.000000,0.000000,0.000000,0.000000,0.000000,0.000000,0.000000,0.000000,0.000000,0.000000,0.000000,0.000000,0.000000,0.000000,0.000000
0.000000,0.000000,0.000000,0.000000,0.000000,0.000000,0.000000,0.000000,0.000000,0.000000,0.000000,0.000000,0.000000,0.000000,0.000000,0.000000,0.000000,0.000000,0.000000,0.000000,0.000000,0.000000,0.000000,-630963.681760,-620414.022112,-612278.311586,-605551.335362,-598248.124102,-590770.148607,-582585.371419,-572740.734728,-561195.666133,-545868.501525,-526758.720421,-509668.097204,-493689.513703,-475880.146020,-460615.259352,-451109.182176,-442665.344077,-437164.624009,-436521.636548,-421904.809045,-385010.114105,-328272.027504,-257677.419416,-183860.929769,-115949.818008,-65489.092524,-30160.547466,735.228537,24537.121506,19550.099815,-11731.596327,-47747.304113,-84315.775639,-127045.945952,-188711.201703,-263505.526350,-327868.031463,-375966.177895,-418790.044460,-454231.757635,-481888.988482,-504189.426764,-514530.085169,-514517.823172,-511983.778706,-512919.585007,-519776.412293,-530093.175431,-542601.258273,-557251.031473,-570057.678799,-580134.728028,-589312.820925,-599683.619534,-611266.801794,-623455.812293,-637430.333011,0.000000,0.000000,0.000000,0.000000,0.000000,0.000000,0.000000,0.000000,0.000000,0.000000,0.000000,0.000000,0.000000,0.000000,0.000000,0.000000,0.000000,0.000000,0.000000,0.000000,0.000000,0.000000,0.000000
0.000000,0.000000,0.000000,0.000000,0.000000,0.000000,0.000000,0.000000,0.000000,0.000000,0.000000,0.000000,0.000000,0.000000,0.000000,0.000000,0.000000,0.000000,0.000000,0.000000,0.000000,0.000000,-622504.505673,-611446.117772,-603997.406449,-598191.203565,-591577.070631,-584421.514000,-576477.888394,-566581.104943,-554379.817609,-536705.017908,-511617.058040,-484708.568218,-458644.615449,-431938.069500,-404826.068888,-385146.169041,-375784.751396,-372650.276508,-376699.509961,-373478.110782,-347714.607532,-301051.861711,-233378.141994,-157940.391201,-90318.767441,-27096.746910,21464.341020,59402.349073,92917.020781,112911.463983,115020.005700,90511.981445,58478.345574,31055.454087,-7935.814238,-71635.662545,-155316.633506,-234874.733327,-302959.015299,-354262.083726,-390473.213150,-427355.499562,-455863.820214,-467535.338605,-464642.073423,-455571.307486,-455708.481844,-466279.966328,-482617.394107,-503528.849388,-524452.587915,-542344.040559,-557563.785730,-570594.706160,-583593.294074,-597427.359419,-609562.195228,-618940.883968,-630403.194132,0.000000,0.000000,0.000000,0.000000,0.000000,0.000000,0.000000,0.000000,0.000000,0.000000,0.000000,0.000000,0.000000,0.000000,0.000000,0.000000,0.000000,0.000000,0.000000,0.000000,0.000000,0.000000
0.000000,0.000000,0.000000,0.000000,0.000000,0.000000,0.000000,0.000000,0.000000,0.000000,0.000000,0.000000,0.000000,0.000000,0.000000,0.000000,0.000000,0.000000,0.000000,0.000000,-630546.087742,-616830.842963,-604841.871604,-594774.717535,-587402.158217,-580676.698789,-572819.486676,-564806.039149,-555918.971680,-543843.258253,-527133.801316,-501834.319356,-466281.145491,-424793.094493,-382321.190424,-343871.101574,-306766.879616,-280642.969352,-280110.613810,-291663.809802,-299115.344490,-291960.311310,-254794.438380,-191729.762338,-123871.815900,-54467.079622,5307.606640,50640.390509,94463.221037,134382.692398,168236.337521,191120.742989,194111.880013,178397.702995,152070.624685,122922.787157,88385.872680,30388.792423,-50987.682496,-139961.594900,-220560.997805,-280716.189634,-323967.016861,-360102.075399,-391931.807499,-405276.486171,-394814.662507,-377560.702928,-374066.829274,-389263.062195,-417560.712927,-449633.948026,-477937.290873,-503613.535699,-527365.483717,-547764.529961,-564591.097499,-579734.633125,-592930.908319,-603063.875205,-612431.116697,-623629.346518,-637046.581558,0.000000,0.000000,0.000000,0.000000,0.000000,0.000000,0.000000,0.000000,0.000000,0.000000,0.000000,0.000000,0.000000,0.000000,0.000000,0.000000,0.000000,0.000000,0.000000,0.000000
0.000000,0.000000,0.000000,0.000000,0.000000,0.000000,0.000000,0.000000,0.000000,0.000000,0.000000,0.000000,0.000000,0.000000,0.000000,0.000000,0.000000,0.000000,0.000000,-624868.942006,-611828.225216,-600381.429408,-588848.185788,-576637.500597,-565546.595481,-555534.026933,-545729.310428,-536673.276639,-524706.546674,-508985.734434,-489927.100209,-460968.518355,-413959.063876,-352741.599295,-295048.064305,-242514.140696,-192945.680788,-163051.735224,-162681.404103,-180107.588974,-189233.405408,-177362.872917,-137699.023282,-73870.695887,-10368.761133,43036.043048,88102.728138,127622.231373,166070.495542,200084.105114,228201.832024,247850.536141,251324.134073,241380.678533,221547.366425,194357.870841,160474.599722,110620.986853,36123.049153,-52960.891635,-131645.563273,-194360.929672,-243348.770351,-280334.200478,-310296.754006,-320537.869114,-307258.139250,-286696.167484,-277091.364109,-296673.766046,-338699.037431,-379995.343027,-416439.356926,-450635.288406,-482411.155092,-513399.789581,-538806.935056,-557056.834805,-572717.144586,-585261.922444,-596149.612422,-607601.522057,-618833.123688,-633057.849700,0.000000,0.000000,0.000000,0.000000,0.000000,0.000000,0.000000,0.000000,0.000000,0.000000,0.000000,0.000000,0.000000,0.000000,0.000000,0.000000,0.000000,0.000000,0.000000
0.000000,0.000000,0.000000,0.000000,0.000000,0.000000,0.000000,0.000000,0.000000,0.000000,0.000000,0.000000,0.000000,0.000000,0.000000,0.000000,0.000000,0.000000,-621352.612890,-607106.942595,-595296.185662,-583628.737985,-569038.330128,-552253.926898,-535816.590431,-520679.373952,-506969.821605,-491201.878893,-474755.099961,-459785.576938,-439125.234816,-405741.614509,-354463.402364,-286094.313428,-214160.151712,-148843.796756,-94455.134100,-57823.911585,-44732.590022,-50586.768978,-56165.628122,-42313.666145,-7739.514849,37600.654690,86225.825021,125728.696415,157435.927041,192363.660606,224460.982122,250711.743868,269614.635159,280028.591500,283920.818377,278646.884475,264789.108049,243205.359769,213400.800756,170164.928823,108288.160207,33568.642929,-41644.254507,-99819.583024,-138996.820822,-178007.989388,-207312.152168,-212984.931788,-200857.436506,-178404.497279,-173999.564828,-199619.297628,-242849.567346,-291697.760986,-335674.202142,-377636.297517,-422657.676321,-465441.990795,-500984.187005,-528353.972949,-548369.228983,-564206.855798,-578238.363210,-591280.683930,-602584.007544,-614130.571162,-628923.892058,0.000000,0.000000,0.000000,0.000000,0.000000,0.000000,0.000000,0.000000,0.000000,0.000000,0.000000,0.000000,0.000000,0.000000,0.000000,0.000000,0.000000,0.000000
0.000000,0.000000,0.000000,0.000000,0.000000,0.000000,0.000000,0.000000,0.000000,0.000000,0.000000,0.000000,0.000000,0.000000,0.000000,0.000000,0.000000,-620387.281734,-605257.949809,-591498.470388,-577376.804552,-561919.466606,-541896.598749,-518139.539577,-493886.823079,-470294.007793,-446141.682562,-420778.323490,-399059.865673,-382747.570488,-362738.070445,-329032.833321,-278650.791376,-212670.667545,-136699.453168,-71986.402653,-20591.120642,26064.695664,52019.505276,60419.483870,65692.078114,77348.757360,102178.696890,132836.349792,163058.750223,190445.707200,215694.827395,241215.728156,264668.129455,282363.817152,293884.236360,299959.216984,301344.279036,299107.803696,290524.058714,274439.662992,252188.415862,218015.418125,170144.771324,113044.415414,54506.978601,6289.463342,-29304.130685,-62625.327525,-86555.011727,-90587.286095,-79941.736045,-62605.519900,-61337.632840,-87359.625442,-132052.478253,-184485.651210,-234665.793432,-287471.560526,-350546.493571,-409431.962979,-454527.342493,-489813.458150,-517879.207761,-540247.930153,-557843.101555,-573306.673199,-586477.727229,-599063.799138,-612929.341010,-629455.461086,0.000000,0.000000,0.000000,0.000000,0.000000,0.000000,0.000000,0.000000,0.000000,0.000000,0.000000,0.000000,0.000000,0.000000,0.000000,0.000000,0.000000
0.000000,0.000000,0.000000,0.000000,0.000000,0.000000,0.000000,0.000000,0.000000,0.000000,0.000000,0.000000,0.000000,0.000000,0.000000,0.000000,-622230.104274,-605733.956132,-591258.700478,-574296.870389,-554996.663608,-531526.679214,-502267.569842,-469144.289629,-433432.726038,-398454.403499,-360969.015309,-323535.451873,-295705.695428,-276996.692610,-260288.535722,-231247.714847,-184707.194315,-127072.098278,-61153.023270,1254.371453,50758.212366,95341.667010,127720.898640,144233.194864,154703.922557,165010.308048,181273.951063,202630.046972,223723.585496,241626.931650,258895.456394,276497.498545,291238.761946,301441.194339,308670.543422,313323.181831,314308.924970,311143.483250,304851.910417,294885.937255,278700.213143,255222.715792,222040.289029,180714.051437,139892.286507,104568.584326,73096.817786,47674.833371,31934.503372,29186.503572,37994.185193,46374.855607,42384.767320,17695.131400,-24840.650280,-74412.001042,-136343.962764,-207074.856717,-276077.825587,-346501.640227,-403153.814212,-442325.440852,-477161.711268,-508531.643878,-534127.689130,-554375.756202,-571204.355702,-585551.903716,-599951.121149,-614750.599424,-631235.378145,0.000000,0.000000,0.000000,0.000000,0.000000,0.000000,0.000000,0.000000,0.000000,0.000000,0.000000,0.000000,0.000000,0.000000,0.000000,0.000000
0.000000,0.000000,0.000000,0.000000,0.000000,0.000000,0.000000,0.000000,0.000000,0.000000,0.000000,0.000000,0.000000,0.000000,0.000000,-621328.401161,-606853.844811,-592208.883495,-574446.430895,-552571.140825,-524600.477758,-489890.383587,-449383.643425,-403454.449321,-354073.802711,-307116.714516,-258627.434456,-208354.150213,-175737.560220,-162765.620114,-143657.530357,-114668.781163,-85449.971168,-41247.739551,19279.062581,76307.368390,121825.615783,159500.670261,189103.511871,205975.933941,215677.628653,225752.442670,237351.547853,250433.380688,264638.407345,277653.298158,288625.696057,299221.476350,307463.343589,313126.635644,318376.006387,321577.655228,321600.867797,318993.572433,314756.095168,308319.854603,297497.414332,281496.009638,260766.609495,234608.574513,205215.172386,179764.025250,159082.037912,141128.219889,130072.619762,128950.168160,132959.039860,134964.721041,123195.854767,95799.890821,58041.852533,4445.919596,-63492.504515,-137501.574797,-210439.465894,-279876.608256,-337218.065257,-379879.616611,-422228.220232,-466121.276053,-503626.814367,-533354.777002,-556052.286782,-573320.718506,-587717.879314,-601500.241202,-615142.826829,-629385.023291,0.000000,0.000000,0.000000,0.000000,0.000000,0.000000,0.000000,0.000000,0.000000,0.000000,0.000000,0.000000,0.000000,0.000000,0.000000
0.000000,0.000000,0.000000,0.000000,0.000000,0.000000,0.000000,0.000000,0.000000,0.000000,0.000000,0.000000,0.000000,0.000000,-619444.451295,-605943.123075,-592853.699435,-576169.108550,-554663.979733,-525550.650547,-487139.384749,-439314.084497,-382576.757711,-319332.383972,-255503.838511,-196707.552602,-143531.384987,-92477.020041,-57593.772666,-42258.580073,-22788.268577,1827.074318,21755.018000,51065.825647,99335.573947,146366.709538,183141.673328,213860.557871,236044.529497,248753.327808,256982.854831,265944.272998,274852.343544,283088.100065,291402.792316,299905.533022,306962.598573,312651.138309,317390.458342,321521.937561,324869.677724,326051.864311,325348.640230,323715.372829,321442.774340,317897.010540,311540.035063,301239.101177,287238.835044,271215.555205,253530.663689,236369.250517,222035.703226,210318.108195,203784.280442,202753.565048,202362.648491,198661.558159,185473.226380,159693.068080,120785.281466,61654.263176,-4298.457979,-66517.806675,-133033.710763,-198808.915478,-254298.421491,-300692.392653,-352938.201231,-412319.730927,-466582.381524,-508672.762317,-538433.415614,-559809.251597,-575466.419757,-588602.002650,-601432.442045,-614003.811378,-628393.515895,0.000000,0.000000,0.000000,0.000000,0.000000,0.000000,0.000000,0.000000,0.000000,0.000000,0.000000,0.000000,0.000000,0.000000
0.000000,0.000000,0.000000,0.000000,0.000000,0.000000,0.000000,0.000000,0.000000,0.000000,0.000000,0.000000,0.000000,-619377.893273,-605418.736534,-592989.444479,-578534.463222,-559441.845134,-532762.648419,-494464.079004,-442436.395267,-378764.186864,-303208.234237,-219740.739349,-140482.847778,-76157.476096,-24602.701568,19807.804520,48490.076596,66221.567133,85136.979495,104952.236432,122153.829759,141071.865593,171708.278886,206003.899894,232054.191114,252435.478453,267836.532264,277527.970426,284997.563624,291064.475612,296948.381200,303029.924455,308604.275674,313560.776971,317460.596992,320769.771517,323641.161730,326460.268423,328594.402265,329022.962885,328357.010208,327216.273738,325637.896527,323243.254314,319914.350603,314367.182999,305703.838213,295996.947343,285852.050617,275154.870534,265626.536892,258353.153129,253745.623070,251384.887026,249800.939511,245402.484049,233686.577881,211060.480795,176168.758097,126576.091783,66509.304874,12316.623341,-38338.411386,-103665.578615,-171649.653701,-229308.596269,-291110.304329,-360798.975048,-427741.840220,-480557.070635,-517194.470386,-542347.468822,-560375.897527,-574635.227749,-587042.939580,-600232.567867,-613954.067175,-629418.685935,0.000000,0.000000,0.000000,0.000000,0.000000,0.000000,0.000000,0.000000,0.000000,0.000000,0.000000,0.000000,0.000000
0.000000,0.000000,0.000000,0.000000,0.000000,0.000000,0.000000,0.000000,0.000000,0.000000,0.000000,0.000000,-626579.887584,-609721.805133,-595542.846561,-582597.867385,-565619.717146,-542007.165797,-507194.954334,-457200.496103,-392217.663817,-310884.674784,-216967.267043,-119724.764402,-33151.434877,28855.970718,74325.475142,113487.605559,135737.839885,147427.733244,167461.290572,186062.815492,196856.836181,211044.579960,231197.275649,250815.769997,266326.413708,279576.740825,290093.889403,297361.622180,302985.592585,306659.240291,309916.598424,314091.453110,317938.877324,321115.324928,323529.843679,325561.209383,327635.971776,329725.295401,330912.217939,330893.530420,330259.427039,329481.748197,328739.437299,327510.000644,325347.552180,322220.761143,317423.482644,311851.032594,306142.215141,299775.005489,294178.656986,289354.434275,285539.464554,282872.455742,280159.598398,276104.603345,267160.843546,250689.434288,224823.790612,187271.655046,143017.958908,98649.811436,48767.394579,-22377.550314,-104799.271960,-179843.864033,-255171.460924,-328123.273451,-393085.860494,-449072.611356,-490558.864338,-519360.715566,-541589.087867,-559190.833745,-572923.830717,-586775.262255,-600566.522311,-615386.744381,-634379.202308,0.000000,0.000000,0.000000,0.000000,0.000000,0.000000,0.000000,0.000000,0.000000,0.000000,0.000000,0.000000
0.000000,0.000000,0.000000,0.000000,0.000000,0.000000,0.000000,0.000000,0.000000,0.000000,0.000000,0.000000,-618244.847162,-601841.644602,-588314.088665,-573070.319132,-552117.367684,-522134.860889,-479116.189421,-416956.647305,-338690.889445,-247322.031296,-143671.852976,-41620.043242,43098.735147,100657.859836,141344.557366,178399.055261,201498.323023,213357.679318,227285.520735,240676.429031,250101.340876,260192.291498,272021.581609,281921.826521,290792.161523,299420.704132,305673.183239,310100.405414,313757.729759,316376.946621,318556.245647,320686.741114,323252.399451,325644.160660,326982.708338,328563.872807,330480.119408,331920.801619,332486.078792,332152.236232,331254.757983,330462.956371,330312.453491,330222.822781,329389.338682,327593.225129,325049.527191,322027.105435,318685.656186,314670.078534,310739.610193,307488.642617,305247.386226,303469.891101,300930.616285,296201.710774,288086.239795,277855.837484,261327.790240,234672.750447,203186.794794,167326.924767,117870.189373,45343.080432,-45284.595207,-136740.195873,-220242.067179,-291998.540074,-352306.174468,-406728.920333,-453411.753101,-488211.498944,-515599.293695,-540336.945911,-559384.021766,-574261.403454,-589399.265446,-604243.629978,-620828.811013,0.000000,0.000000,0.000000,0.000000,0.000000,0.000000,0.000000,0.000000,0.000000,0.000000,0.000000,0.000000
0.000000,0.000000,0.000000,0.000000,0.000000,0.000000,0.000000,0.000000,0.000000,0.000000,0.000000,-628313.538618,-610928.714060,-595923.763381,-580598.308883,-561871.864609,-537617.694565,-501990.182456,-450402.580590,-379335.177554,-293137.178310,-198141.089329,-94452.146487,8718.729209,93149.163046,149987.574938,193101.200893,227083.332898,248408.023007,261070.227397,269999.477055,278072.051597,284503.938799,291031.684098,297273.190991,302479.704601,307958.572217,312538.429735,315679.031734,318727.428908,321117.442740,322848.599282,324168.043659,325125.567126,326824.448192,328710.000370,329674.877375,330682.759960,332138.998640,332872.457172,332706.835650,332367.972539,331572.774763,330894.618533,330858.885959,331163.092128,331583.346668,331254.614045,330074.141075,328504.683643,326476.572838,323595.827990,320575.048302,318295.800052,316716.441086,315461.334903,313916.577862,310636.533288,304288.508927,295539.105437,284418.768358,268267.204959,244113.946998,213411.910664,171152.474693,108464.913695,23508.527525,-72252.669339,-159724.343237,-229166.946872,-287893.070861,-348464.413366,-400754.452163,-440982.462496,-478165.301356,-511932.752980,-540028.399962,-561727.585878,-579244.748503,-594712.300657,-610621.661575,-629512.933903,0.000000,0.000000,0.000000,0.000000,0.000000,0.000000,0.000000,0.000000,0.000000,0.000000,0.000000
0.000000,0.000000,0.000000,0.000000,0.000000,0.000000,0.000000,0.000000,0.000000,0.000000,-636574.977572,-618592.118641,-603767.481508,-588786.668107,-570502.569990,-549628.690431,-520455.548507,-478920.611956,-422461.908752,-347730.833354,-260874.246207,-164706.251143,-59709.705190,43816.668057,130428.862367,192239.055269,234374.441731,263382.824370,280656.880480,289904.471916,297152.094958,301668.932621,304686.387282,308645.285385,312030.516273,315333.204528,318527.681317,320979.556366,323050.325616,324946.113537,326416.971947,327693.489636,328287.587809,328683.435010,329624.912123,330419.614046,330905.202124,331435.472350,332252.147341,332675.577907,332409.322130,332285.674384,331976.770434,331635.814374,331611.630150,331952.121887,332994.086214,333437.171009,333177.229903,332263.403893,330570.193452,328520.811275,326700.951021,325342.654265,324022.053010,322887.758519,321155.963892,318740.284301,315302.969661,309317.500116,300444.629383,289101.275833,272358.537232,247534.514581,213319.098936,163424.091768,95804.972392,14171.822906,-68867.615734,-138655.862382,-202063.627544,-271255.028181,-333191.319903,-380624.495266,-428844.329087,-475767.831686,-514203.853569,-544419.334131,-566819.313942,-584596.678002,-600619.608193,-616911.634650,-635555.397153,0.000000,0.000000,0.000000,0.000000,0.000000,0.000000,0.000000,0.000000,0.000000,0.000000
0.000000,0.000000,0.000000,0.000000,0.000000,0.000000,0.000000,0.000000,0.000000,-642727.270771,-624972.856981,-609826.725510,-596223.399298,-579433.761625,-559344.394140,-534110.827299,-497638.155654,-449056.461631,-391842.430499,-319245.575438,-230489.607522,-135064.971946,-32975.685304,68921.664139,158697.553752,222932.233125,261416.343154,286064.121769,299728.416812,307516.046670,312935.225014,315423.813303,317349.023000,319323.042542,320914.721877,322854.631399,324847.044305,326658.779138,328480.140162,329424.004103,330011.974692,331379.598820,331951.263902,331648.266056,331485.721109,331128.876722,330993.377142,331214.699212,331402.572399,331711.620931,332051.716634,332560.784652,333084.866407,333185.831513,333007.889691,333293.855060,334140.675187,334727.006484,334863.182600,334161.447443,332890.733774,331388.186245,330190.790395,329389.703919,328410.814626,327305.330466,325478.481812,323247.410614,321040.318449,318021.599072,312145.326523,303671.546133,291566.063169,272190.288607,245614.978075,209447.913183,159958.646086,98651.668405,32439.609796,-33871.609575,-103828.499523,-182504.042621,-262189.676590,-323720.192404,-378534.493750,-439585.566686,-488167.541656,-523816.475866,-552719.051286,-573257.481261,-590141.381571,-606506.478242,-623512.971134,-643349.749376,0.000000,0.000000,0.000000,0.000000,0.000000,0.000000,0.000000,0.000000,0.000000
0.000000,0.000000,0.000000,0.000000,0.000000,0.000000,0.000000,0.000000,0.000000,-629445.558730,-613731.822796,-600998.033027,-587074.443139,-569577.963398,-547414.731294,-513885.769856,-467504.377871,-413776.457856,-355189.859541,-287631.259817,-199864.889200,-95346.139723,7297.820638,99937.190009,182738.597491,242477.584401,277902.241888,298587.427888,309996.060185,318049.507788,322448.483110,323628.644294,324439.840019,325089.931939,325759.155442,327254.997442,328613.817948,330161.473443,331705.499462,332319.658006,332891.950379,333912.778948,334278.318506,333625.595984,332574.033378,331656.912289,331053.452255,330773.326003,330714.693835,331040.368361,331693.696264,332943.503296,334174.929725,334558.996819,334523.725597,334503.504759,334909.525197,335392.022499,335345.643251,334577.058101,333666.125096,332817.823305,332103.126808,331521.122439,330495.852675,329184.994102,327958.275726,326690.452870,324997.673202,323001.129724,319328.092441,313226.415945,304869.815349,290998.289585,270316.805667,244215.471039,210535.285560,167652.430259,115923.677629,58582.314005,-11924.363113,-100761.931219,-188916.982542,-266288.869485,-336871.927403,-403735.910822,-460770.532722,-502958.372308,-536029.663916,-561266.413713,-580527.748532,-597383.576852,-613272.880190,-631712.759065,0.000000,0.000000,0.000000,0.000000,0.000000,0.000000,0.000000,0.000000,0.000000
0.000000,0.000000,0.000000,0.000000,0.000000,0.000000,0.000000,0.000000,-632788.166289,-617877.868569,-605280.596569,-592143.921058,-577371.098165,-559345.726938,-531589.132480,-491090.147269,-435246.892150,-375754.270440,-322495.054406,-253625.996907,-157290.487289,-46085.268508,57500.888072,141519.767125,208944.198084,258291.460083,288344.327119,305470.982423,316332.972737,323060.338896,325970.220797,326677.033351,327353.233415,327865.351865,328702.602161,329797.929201,330693.808658,331804.049072,332992.467313,333632.183284,334213.511260,334836.266571,334941.203056,334493.676009,333419.592187,332264.303207,331135.201644,330472.769496,330483.831340,330675.111709,331640.854156,333211.691682,334296.941472,334749.199092,334508.967985,334353.348851,335051.862809,335475.380903,335214.408611,334450.539986,333538.465868,332872.263631,332507.674112,332311.685945,331552.140826,330460.641308,329577.019076,328872.417677,327838.855244,326190.099203,323480.827300,319339.944476,313882.636858,304759.050757,290330.619637,270767.689016,246656.982221,216177.410198,175663.254903,125856.483559,60451.950784,-27732.818765,-120616.462362,-206526.290513,-289134.319534,-361074.409255,-423720.024419,-478007.399744,-518872.787600,-548681.884399,-570875.673535,-588718.807939,-604741.933565,-621182.378051,-640066.949470,0.000000,0.000000,0.000000,0.000000,0.000000,0.000000,0.000000,0.000000
0.000000,0.000000,0.000000,0.000000,0.000000,0.000000,0.000000,0.000000,-622228.192370,-607466.589995,-596045.129585,-582322.961905,-566963.936371,-545918.802127,-512115.397368,-466315.635133,-406267.241286,-344486.324192,-293380.770571,-220537.679601,-112544.259084,900.292288,99166.146505,175194.612098,230914.793763,270230.309778,294507.380121,309354.484187,319309.293972,324634.882168,326643.512812,327774.832574,328448.701395,328731.113400,329482.834636,329920.954188,330331.422036,331448.753797,332687.718360,333448.406818,333790.968376,334237.865610,334435.270628,334369.530194,333656.388509,332285.263709,331026.583163,330361.891151,330240.675709,330562.376674,331707.328467,333215.927567,334157.947652,334136.720621,333645.021694,333794.448757,334673.658143,335054.313289,334724.717035,334004.582630,333060.963076,332317.074337,331888.115846,331870.676242,332005.649511,331615.784989,330774.819916,330203.049223,329374.063759,327779.614805,325948.075205,323573.150813,319851.116533,313747.286650,304345.185132,291022.493038,272912.053428,248782.611671,216381.465947,172011.251892,110876.154348,29475.091536,-68344.934918,-158231.589683,-237619.268826,-317108.611986,-385057.280364,-447779.070612,-502025.383768,-537559.277075,-562154.919143,-581247.363070,-597337.439734,-612567.681816,-630649.321689,0.000000,0.000000,0.000000,0.000000,0.000000,0.000000,0.000000,0.000000
0.000000,0.000000,0.000000,0.000000,0.000000,0.000000,0.000000,-627680.798803,-611280.790796,-598302.528927,-585603.550586,-571594.921944,-553665.448872,-526965.584297,-491622.909866,-440987.740525,-379557.222721,-323483.920012,-262969.245682,-181593.906839,-74290.344854,40169.540163,131862.680849,197420.437653,245803.650277,278988.756868,299046.814657,312311.715845,320913.673903,325399.926862,327280.208736,327981.828276,328260.617483,328270.522257,328662.716249,328880.620134,329132.365050,330110.398245,331349.814150,331803.550052,332004.119304,332331.995787,332614.872796,333156.298400,332959.528397,331854.093985,330777.382542,330254.862053,330286.193209,330781.120958,331808.209696,333083.324031,333777.519089,333422.749364,333098.911380,333493.317248,334219.427705,334507.075829,334089.284622,333309.675796,332429.455376,331628.069152,331095.392331,331298.651880,331703.924728,331602.562371,331232.854662,330946.276103,330397.368223,329113.055189,327808.611228,326759.184059,324663.765891,320096.093578,313191.392252,304151.449239,290921.932987,271367.026155,243754.060313,203675.585576,144524.655143,66595.087269,-27616.629821,-120432.417020,-200177.112819,-278495.938359,-351748.968206,-420459.412394,-482514.665918,-526613.237930,-554776.085370,-574435.865772,-591211.287577,-606400.406566,-621882.706484,-640676.832677,0.000000,0.000000,0.000000,0.000000,0.000000,0.000000,0.000000
0.000000,0.000000,0.000000,0.000000,0.000000,0.000000,0.000000,-618056.979368,-601782.666683,-589630.045936,-575448.190626,-558831.464900,-536099.582007,-503568.268196,-463624.050746,-412869.000404,-352223.136152,-292066.442207,-224846.650138,-134290.173316,-26510.501729,75938.866537,156887.106302,216319.650686,258900.716411,286763.529794,303690.506924,314549.269610,321494.873804,325468.864900,327392.998149,327757.202323,328032.471341,328191.343104,328176.793902,328258.806811,328594.868304,329472.184810,330197.065255,330385.689431,330187.410216,330264.914733,330825.834169,331608.873300,331811.479344,331078.418119,330451.859523,330505.524637,330815.582687,331067.102573,332008.155279,333023.623260,332998.731714,332617.590870,332500.605290,332913.878275,333484.034024,333401.188363,332953.299456,332744.325511,332268.580180,331279.517440,330557.027602,330678.507432,330965.816250,331105.791692,331223.389947,331225.156709,331247.442629,330342.762681,329243.523644,328871.306762,327792.751678,324581.648488,319442.470673,312813.932572,302678.267760,286444.080895,261891.860795,225146.632913,172508.315545,95744.044228,4840.157768,-85351.264572,-174368.058484,-251658.913157,-323530.191147,-396726.084835,-462669.367731,-513885.997592,-546476.670058,-568578.217650,-586339.109872,-601254.062438,-615203.177678,-632116.004965,0.000000,0.000000,0.000000,0.000000,0.000000,0.000000,0.000000
0.000000,0.000000,0.000000,0.000000,0.000000,0.000000,-627170.090377,-609865.595822,-596474.231297,-582937.225203,-566798.808705,-546147.965773,-517286.069326,-478172.522215,-429934.555075,-377263.933713,-311702.323145,-238844.656302,-169205.835835,-80299.810033,23861.330082,112227.199403,181201.996699,233669.845361,269695.046442,292986.170764,307174.946517,316046.195705,321792.580624,325720.510727,327615.086242,328305.800041,328568.286332,328642.356488,328547.656371,328283.734314,328607.680983,329356.813964,329934.991554,329946.662401,329506.877167,329419.093177,329908.224315,330708.036321,331072.820538,330756.943519,330783.162750,331386.906264,331632.649095,331772.288179,332510.558604,332848.801614,332285.194499,331633.369353,331699.035806,332186.603286,332290.475943,331997.217716,331911.494147,332554.087795,332777.203959,331849.786299,330641.317654,330160.234404,330536.528395,330971.599861,331316.615647,331885.364957,332168.577901,331292.366881,330454.785757,330249.528079,329369.931090,327077.710004,323575.681974,318850.142252,310906.126187,297143.681938,274893.572085,241517.362898,193929.747856,124256.226302,37656.725354,-54977.803206,-149676.494769,-235590.044517,-308455.665481,-377287.205193,-445754.346205,-500829.176765,-537971.874728,-563117.598005,-581183.537444,-596589.554772,-610400.481058,-625039.127081,-643810.779895,0.000000,0.000000,0.000000,0.000000,0.000000,0.000000
0.000000,0.000000,0.000000,0.000000,0.000000,0.000000,-618563.443085,-603918.003984,-592858.104711,-578522.617667,-560808.963309,-535383.701297,-499026.105640,-453905.047030,-398466.321178,-332310.484163,-253315.596092,-171668.300414,-96324.970779,-13051.662332,73419.555317,148218.619119,206484.287599,248547.984814,278742.364039,298497.020224,310553.671626,317567.524461,322275.862694,325672.365926,327447.152436,328647.119983,329308.719952,329396.084702,329195.987881,328821.959141,328564.139130,328821.957255,329616.019614,329694.859477,329462.069165,329521.931870,329646.294449,330121.011193,330471.985558,330894.188980,331511.511111,332065.181377,332230.721205,332299.650524,332659.494464,332457.442088,331668.088735,331134.728730,331420.090594,331819.443120,331628.966651,331413.391425,331878.245912,333092.502150,333834.436632,333235.524220,331832.654524,330905.162491,330928.640585,331275.901499,332145.505342,333214.446063,333428.055895,332662.620947,331737.331255,331413.527984,330756.329534,328675.894226,326078.725172,322995.306416,316634.120228,304655.898209,285362.391195,255953.411551,212104.123579,152807.545552,73254.695462,-19112.266279,-113482.539553,-208784.315063,-287552.548938,-357311.347459,-430037.386081,-488569.273150,-528715.204310,-556308.261859,-576041.710960,-591643.953401,-604947.264208,-618188.897721,-633994.646530,0.000000,0.000000,0.000000,0.000000,0.000000,0.000000
0.000000,0.000000,0.000000,0.000000,0.000000,-627494.223043,-612089.264461,-600638.614509,-588805.340601,-574302.054721,-553957.265824,-523102.354018,-480664.656788,-425401.463102,-359255.455654,-278002.502413,-185067.639414,-98782.786833,-19603.783507,55263.436409,123446.639167,183592.059825,230148.622069,263633.270106,287992.973754,303990.038320,313439.602007,319000.613050,322504.620292,325056.650718,326845.182886,328287.488991,329409.556623,329978.423224,329786.000598,329223.019458,328580.272952,328606.127993,329254.255511,329660.646869,330027.027631,329969.212583,329689.062372,329736.830974,330017.049908,330780.368671,331794.988803,332329.081752,332277.352533,332157.028226,332275.268979,332074.384916,331290.900974,331068.289178,331612.993356,331903.740695,331588.542410,331358.592032,332110.034058,333622.832008,334718.894833,334574.004180,333665.601038,332657.091675,332066.577807,332448.221911,333490.544554,334489.719127,334908.260721,334162.520517,333087.169472,332504.132716,331483.269595,329738.632662,327932.994759,325652.519801,320745.802753,310365.216251,293397.314921,268572.282315,232137.563250,180417.261051,113371.102566,32927.161641,-60557.313145,-157053.885974,-241442.559889,-322579.462296,-406376.914012,-472881.708488,-516820.181010,-547597.273057,-569929.164619,-586176.323051,-598636.361855,-611196.552411,-624476.180542,-641486.014312,0.000000,0.000000,0.000000,0.000000,0.000000
0.000000,0.000000,0.000000,0.000000,0.000000,-625420.888157,-609189.916370,-598010.717274,-585328.293364,-570426.881594,-546837.145667,-512458.889304,-462874.014797,-395664.576072,-317908.574319,-225700.387576,-128742.550436,-40118.062564,37684.759970,106063.970490,166068.978548,213646.492126,250409.115827,278338.747323,297274.192807,308987.732984,316373.959167,320819.052865,323346.656082,325143.221875,326704.219471,327979.741772,329026.055189,329923.102261,330168.757605,329755.835714,329317.680579,329242.123387,329575.095827,330213.497347,330721.739663,330654.129309,330209.160932,329878.183834,330049.736692,330709.356564,331516.688486,332036.531183,331949.726077,331727.750603,331668.694352,331277.469538,330852.149786,331066.498177,331699.058874,331991.762929,331681.516408,331631.862284,332316.203537,333633.391419,334893.580913,335320.795055,335079.835499,334328.590871,333608.538157,333711.014914,334567.490057,335544.392757,335805.927351,334899.058691,334038.052139,333428.562135,332126.309325,330754.005078,329411.139861,327515.753864,323676.987672,315293.355564,300927.767382,280482.147446,251198.509423,208413.310371,153487.201648,85117.078012,473.545443,-88430.369666,-177465.011192,-273919.699450,-370132.343865,-449290.129915,-502024.918031,-535695.828211,-561022.524263,-579268.419907,-591959.189450,-603566.340020,-615351.175146,-629971.496547,0.000000,0.000000,0.000000,0.000000,0.000000
0.000000,0.000000,0.000000,0.000000,-645417.644668,-624485.580136,-608932.027348,-597050.794216,-584291.523878,-568065.084497,-544450.301661,-506919.053499,-452034.219804,-378654.589953,-286302.387026,-189087.931935,-97348.034023,-8844.484812,69021.502648,137426.548554,193790.174727,234718.854378,267007.943796,290480.546416,305064.717329,313598.830500,318944.563494,322212.611288,324283.971160,325863.070114,327118.697172,328239.333458,329125.926023,329872.017084,330189.995885,330229.098964,330214.325464,329925.699837,330056.941207,330394.767031,330643.493921,331012.135193,330798.799755,330289.691531,330359.960038,330925.024154,331363.202311,331573.336113,331448.597203,330950.823282,330687.170509,330314.667631,330013.253971,330471.660673,331391.165798,331958.181700,331798.594028,331873.510787,332751.465671,334028.687291,334858.191851,335442.712412,335726.025311,335183.520351,334532.319601,334492.350354,335384.843844,336200.271073,335868.312839,334869.849431,334136.131318,333699.305894,333089.413262,332039.218016,330825.858971,329103.724717,325802.724741,319410.449941,308413.456864,292020.228533,268589.879184,235100.494833,188449.526233,131033.934050,60139.678054,-22309.785616,-109064.576527,-211948.097216,-323648.248960,-416058.503117,-480117.856814,-521428.140871,-549332.030027,-569950.169890,-585049.269505,-595579.515764,-607023.026986,-621339.826300,-638927.447660,0.000000,0.000000,0.000000,0.000000
0.000000,0.000000,0.000000,0.000000,-643234.152817,-623325.081956,-608698.173226,-597348.932364,-584598.463303,-567527.103297,-544174.419215,-505937.062623,-447209.985093,-366646.706893,-269022.218120,-168630.844016,-76410.074192,7033.442076,87172.856190,156701.427761,209531.253629,249613.003658,279219.592079,298873.942406,310311.116057,316846.848028,320569.094032,323137.445390,325142.027856,326954.096020,328354.392613,329029.155848,329579.442340,330058.305635,330284.952475,330535.864963,330614.058642,330483.567160,330176.169158,330019.113335,330369.829539,330787.189891,330867.982798,330936.580544,331155.157250,331446.254646,331686.879406,331655.787795,331188.822040,330365.039039,329718.401976,329488.118582,329216.080574,329425.766932,330577.444419,331527.354173,331615.989075,331871.716139,333098.468740,334476.235720,335236.803947,335553.795894,335641.604907,335152.002939,334538.733441,334726.668482,335459.524768,335833.708483,335295.702870,334295.924804,333693.900531,333567.888173,333311.919016,332799.062014,331781.365165,329927.433912,327341.504541,322824.983031,314925.669454,302351.787685,283994.493746,257781.783584,221036.391466,173153.776285,113080.867041,40428.364179,-42310.396661,-144572.139249,-265358.979698,-371797.317750,-448628.206343,-502228.776100,-536254.203489,-559730.100784,-577703.618516,-589273.709681,-600657.073492,-615069.595041,-632287.990920,0.000000,0.000000,0.000000,0.000000
0.000000,0.000000,0.000000,0.000000,-640942.584909,-621704.876330,-607904.550279,-596062.310463,-584261.029337,-568089.733373,-543629.298970,-505786.259163,-444566.732013,-363320.457122,-270667.112211,-166426.195101,-67087.670863,20293.139552,101760.796750,169679.516104,220700.596090,259349.934950,286605.692332,303758.875012,313980.212721,319183.255555,322050.119581,324181.336469,326241.057062,328103.475833,329479.590208,330092.918270,330466.785976,330857.669083,330947.260389,330987.306569,330993.039117,330992.157535,330603.255658,330442.839939,330682.816763,331027.450418,331564.470440,331853.149777,331924.993684,331791.270820,331640.051509,331437.430849,330804.187807,329951.450884,329274.431398,328978.291802,328745.570660,328805.610682,329682.480233,330774.326519,331237.727421,331735.405928,333202.481948,334638.444933,335452.240731,335724.467467,335500.746990,335082.966361,334595.458100,334334.904261,334498.016971,334760.863687,334289.970053,333375.790105,333194.902937,333397.317447,333096.037033,332583.324267,331521.842552,329762.444177,327950.265946,325016.993499,319587.368601,310527.212601,296499.225267,276280.846080,248053.931263,208826.273145,157509.265506,95660.813382,17495.017136,-83869.473268,-203990.537299,-320363.176209,-410957.206582,-476446.859900,-520503.024569,-548475.606315,-568327.687086,-582865.273675,-595421.056468,-608973.247803,-627463.949278,0.000000,0.000000,0.000000,0.000000
0.000000,0.000000,0.000000,0.000000,-636931.948109,-619223.362732,-606065.410390,-594398.491976,-582964.837234,-567266.879500,-542262.485797,-503025.589957,-448073.436683,-373510.839417,-281986.139478,-180702.790584,-72154.522758,27619.932360,111297.418180,178985.239406,229121.570521,266173.068163,291391.380631,307164.377740,316453.651762,321020.338271,323473.237961,325174.177877,326940.971378,328873.327734,330262.983288,331170.450299,331618.359137,331793.456981,331440.649764,331156.668282,331296.037800,331300.194110,331235.038135,331137.217711,331287.141144,331858.947721,332551.542215,332742.625822,332209.763438,331408.378949,330765.398049,330489.925364,330061.134070,329449.750765,329273.747298,329107.220265,328691.751481,328588.771338,329294.559787,330476.876623,331156.903085,331868.062199,333254.069577,334697.858156,335353.634047,335582.833434,335760.550300,335273.075215,334650.839926,333996.486839,333346.493130,333297.633615,332998.791263,332599.577107,332863.161927,332980.856836,332523.220264,331735.026493,330736.782860,329418.764798,328151.384527,326253.262635,322549.269625,316494.139446,306575.199182,291246.273537,269146.202356,237763.475122,193635.797486,136091.715212,61799.931417,-39181.412390,-159016.279956,-276135.106189,-375282.757227,-448152.314481,-499996.318421,-535486.334762,-558112.357148,-575589.910109,-590219.437116,-603722.715874,-619748.255913,0.000000,0.000000,0.000000,0.000000
0.000000,0.000000,0.000000,-650781.902091,-632238.171902,-617113.347516,-604893.341581,-594256.965128,-581308.128153,-563502.297927,-536934.799166,-497331.844387,-442109.092133,-371416.726499,-286812.609792,-185334.335652,-70730.797808,34217.091805,119249.797113,186628.785785,236386.098035,271681.941152,295229.514698,309923.287021,318386.481950,322896.113151,325242.175683,326391.724854,327557.940673,329373.309950,330931.380890,331700.566740,332069.213300,331812.711023,331093.276395,330866.237970,331055.956007,331382.020080,331313.059658,330867.141539,331003.731144,331602.405765,332312.819761,332694.590826,332003.305083,330632.206255,329768.867949,329743.664265,329924.272591,329752.070226,329570.634139,329537.652137,329205.806386,328910.041081,329550.265390,330763.041613,331759.278088,332963.758835,334162.552175,334965.748275,335404.208000,335548.637046,335785.899602,335498.952369,334531.480402,333608.342920,332698.704178,332088.935285,331858.658315,331942.102459,332476.554941,332333.103325,331277.898088,330526.748591,330120.461528,329419.466022,328538.347478,327348.807790,324969.655545,320736.098544,314235.801707,303437.445529,285527.020713,259136.110820,221349.595998,167450.834554,94155.107887,-7023.171479,-128376.238213,-242834.683938,-340194.939366,-418259.359697,-476467.577118,-518419.300155,-546701.105961,-567568.416289,-584057.351461,-598549.381893,-612447.394751,-629004.641503,0.000000,0.000000,0.000000
0.000000,0.000000,0.000000,-645573.558982,-627817.327516,-614623.295200,-603826.939599,-593023.880208,-578774.297497,-557964.944130,-529067.663947,-486015.446206,-420536.245573,-345368.194648,-261085.931909,-159627.154120,-52066.434544,49204.357968,132116.583802,195434.830483,243677.357575,277033.343734,298936.591082,312534.170172,320458.258122,324847.384488,326618.130894,326996.360561,327744.508476,329341.320545,330853.009617,331735.833720,331795.896000,331221.690310,330531.001725,330405.989957,330863.225196,331060.117702,330611.339666,330021.199608,329592.335455,329839.617424,330862.939021,331702.399720,331287.305863,330314.450525,329827.292978,330008.755996,330501.489153,330694.395214,330470.750944,330062.340140,329910.835316,329870.042618,330328.651859,331398.605688,332892.456192,334638.138704,335907.228586,336154.909528,335964.921707,335916.507237,335709.925851,335445.222024,334637.300541,333442.105351,332637.448125,332022.181875,331596.077314,331763.715091,332319.250075,332040.092565,330875.252919,329959.432892,329877.071196,329767.224571,328885.277534,327936.026349,326554.281677,323854.148447,319442.286110,311797.336088,297653.036358,275142.675164,243314.859197,195762.383189,126170.858245,30738.337777,-86821.358793,-200366.672718,-297645.639447,-382879.506793,-447984.901796,-495794.228937,-531879.266801,-557942.914599,-577532.561360,-593395.186249,-608100.798269,-624255.895238,0.000000,0.000000,0.000000
0.000000,0.000000,0.000000,-641061.120956,-623591.353883,-611170.779104,-600235.191724,-588966.045641,-573760.432785,-552344.647634,-518968.193862,-468834.206165,-398185.046725,-307979.284615,-213080.914417,-119625.581488,-22467.400622,70467.275007,147197.236084,207151.541354,252128.937710,282926.679894,302953.835731,314978.508841,322034.496836,326041.472167,327160.595729,327010.920896,327337.952065,328730.285501,330311.636585,331282.759361,331394.579939,330781.394320,330268.216477,330254.553511,330613.721630,330568.141517,329818.040189,329028.635407,328526.008892,328470.812512,329333.227868,330597.007218,330936.405861,330607.565260,330488.743156,330848.129829,331484.113401,331650.676655,331233.676252,330704.277201,330518.837046,330672.786303,330937.650758,331713.461163,333471.579145,335664.139073,337251.675877,337516.246269,336839.071506,336501.795144,336123.105226,335262.876226,334532.368804,333611.878100,332772.363657,332261.229229,331765.721897,331930.927220,332533.949341,332333.506763,331479.641851,330747.225021,330567.107790,330277.130475,329234.206310,328127.656052,327410.358705,326190.775101,322985.748151,317029.300108,306206.349469,288330.366359,261540.740093,221946.646179,162218.555848,78892.865205,-25418.709430,-139809.349002,-245751.288630,-337695.652621,-413248.769873,-469901.842172,-513707.933374,-547148.021447,-570837.302168,-588719.056658,-605149.049137,-623928.708684,0.000000,0.000000,0.000000
0.000000,0.000000,0.000000,-634223.581334,-618855.365071,-606887.971610,-596138.069805,-583684.307094,-566141.763119,-541020.213732,-503203.249603,-448293.340228,-369988.658212,-269302.079265,-169672.919177,-78207.162074,13413.605465,96190.951635,165105.746809,220945.957992,261896.279377,289511.079154,307254.356463,317702.070513,323679.655694,327167.404112,327938.739543,327354.296503,327288.496443,328403.473595,329793.220536,330504.028298,330756.790227,330464.756615,330163.461741,330120.163422,330023.446527,329936.185036,329214.256752,328353.728551,328007.683564,327886.088693,328539.907556,329897.234781,330783.947938,330753.753983,330710.246863,331322.846299,332295.627028,332353.963743,331598.547787,331245.219934,331016.247952,330930.947154,330986.031828,331451.524075,333115.925278,335488.002331,337286.987301,337889.601004,337624.020838,337216.972011,336712.231694,335626.882534,334253.904947,333256.196560,332609.122929,332038.527002,331560.231046,331756.750762,332537.401984,332556.491764,332098.251370,332065.201327,331782.016010,330723.469002,329429.731505,328458.908456,327943.037651,327363.783094,325448.635503,320944.447172,312578.593916,299078.930674,277004.530285,243653.973350,197063.515858,127879.037615,36968.823422,-68979.085540,-181463.734096,-282756.987195,-368770.075596,-438878.041494,-492927.973121,-534263.314064,-563618.602252,-584900.485649,-603380.722503,-623180.705703,0.000000,0.000000,0.000000
0.000000,0.000000,-645360.080984,-627447.211361,-613810.822573,-601971.047453,-591118.499234,-576296.150199,-554092.788306,-522328.048287,-477560.520851,-415393.072107,-331199.492493,-228936.948742,-125693.047530,-31408.407038,52798.508925,126984.138875,189340.537869,237424.063812,272704.037017,296928.868985,311849.296610,320487.063295,325595.608308,328360.897625,328849.003187,328109.554456,327952.213169,328787.843676,329593.057199,329854.332939,329913.876665,330045.309239,330099.719904,330092.356977,329945.022050,329247.877594,328543.259293,327986.837573,327508.673115,327526.055531,328320.949822,329729.579217,330530.115139,330480.370375,330569.168418,331264.994795,332265.984151,332449.459266,331742.234018,331137.796435,330922.280932,330792.564540,330746.698055,331231.564599,332579.125181,334632.803224,336291.415209,337253.172752,337886.724772,337764.305416,337050.513058,336018.317865,334280.978699,332667.984893,331924.515445,331468.301548,331140.594880,331361.266114,332068.689258,332582.293990,332756.883286,332901.508395,332715.846565,331568.171875,329888.032999,329051.716925,328922.052656,328545.286915,327252.798482,323792.794840,317504.899699,307498.337623,290604.424675,263339.519252,223521.350845,166353.701973,85634.731978,-10248.917299,-117224.031538,-227601.047879,-322586.866836,-405894.455214,-473772.665032,-521224.329231,-556188.929421,-580945.289067,-601369.794011,-622475.638942,-647159.267928,0.000000,0.000000
0.000000,0.000000,-640785.823222,-623023.250523,-609099.146823,-596865.049195,-583613.046044,-565790.617157,-539587.226394,-501922.205549,-445399.714888,-369562.892167,-281989.347195,-179021.838569,-73693.972223,16297.317924,93895.249160,160905.346200,214237.825583,254230.174183,284051.798522,304383.555439,316383.750754,323540.673745,327941.086929,330005.318855,330014.838145,329332.704029,329167.537667,329488.661002,329518.751370,329365.762920,329552.204405,330109.041485,330546.270390,330640.933290,330438.920327,329531.773069,328481.793573,327579.477495,327123.811306,327390.066161,328309.472044,329750.919801,330507.775405,330394.014390,330367.762187,330931.602472,331731.805309,331683.372868,330974.695753,330471.215073,330166.581874,329876.128634,330009.906924,330824.118118,332029.519903,333623.829197,335176.238885,336459.656401,337388.787798,337750.170863,337317.466734,336004.326202,334105.794056,332298.102840,331404.365026,331113.420891,330863.975173,331058.738766,331788.538276,332662.052992,333182.870883,333137.285963,332882.289146,332116.561220,330779.176644,330141.709739,330316.867913,329960.087806,328840.096268,326311.617655,321432.662571,313761.208976,301380.353029,279658.276343,243061.440449,191196.640130,118891.029811,30084.977778,-68125.097630,-179558.325623,-287694.679924,-380467.615455,-456295.692356,-509978.739148,-547523.165561,-575288.450966,-597890.587806,-619919.135001,-642602.482282,0.000000,0.000000
0.000000,0.000000,-638191.647344,-619122.090430,-604580.723439,-591698.544917,-575649.031527,-554128.131634,-524632.186962,-477623.970462,-411087.069440,-326190.687618,-223498.061861,-118559.564965,-22241.898579,62511.809766,133272.609262,190592.319019,234863.007798,269047.949190,294344.412799,310552.064545,320460.155670,326751.897904,330429.655560,332135.320974,331914.479709,330989.708630,330484.108949,330307.235388,329943.736030,329581.054062,329975.463345,330876.264201,331555.218098,331783.426567,331395.003873,330404.943586,328991.572332,327676.027831,327040.075765,327188.048148,328302.184526,329598.892139,330260.864495,330371.929488,330208.582969,330452.141394,330779.476329,330337.441834,329809.841860,329709.467537,329328.466988,328731.356251,328856.495277,329695.482372,330964.774612,332530.447574,334145.821017,335874.722599,337022.978592,337213.216107,336792.204406,335519.898344,333715.163320,332353.171937,331849.167412,331725.119535,331244.475139,331212.086831,332086.757260,332769.616976,333142.453717,333102.443053,332649.839934,332229.087828,331633.173168,331303.598677,331256.495717,330802.388065,329761.214503,327897.809523,324575.704757,318462.191941,308738.728750,291232.962287,261814.009285,213158.073733,149852.517424,74152.674348,-23136.120084,-136266.436733,-254760.202614,-357330.267558,-436328.785164,-495848.362976,-537865.952549,-569273.211999,-593389.171946,-615725.531600,-639769.699483,0.000000,0.000000
0.000000,0.000000,-634079.803858,-615392.568099,-600406.639993,-586018.074640,-567592.634940,-541249.455274,-503731.425191,-449798.366895,-374418.957024,-277824.482038,-170558.028520,-67387.413399,23784.707711,100674.670713,164084.702458,214035.651446,252487.760804,281965.050478,302241.827352,315206.374087,323294.076647,328425.006322,331841.786433,333523.762205,333361.225731,332554.657957,331784.437319,331290.068597,331000.875365,330789.925061,331175.273888,331856.015926,332519.377186,332953.483444,332640.800812,331393.977548,329803.494021,328582.295149,327903.730194,327898.012280,328521.234285,329197.270357,329749.501211,330074.805666,329986.390093,329911.275500,329774.121680,329240.676169,328960.702208,329036.531663,328780.836436,328206.475197,327811.103620,328277.444468,329437.594762,331040.883276,333093.858944,334959.792789,336167.308397,336112.185568,335219.673458,334376.779126,333312.623288,332770.791345,333087.194043,333085.871445,332527.012217,332128.896908,332471.610119,333123.979896,333298.785329,332915.884258,332508.533015,332474.833323,332529.576189,332392.067220,331931.804833,331349.890206,330196.165141,328534.916806,326623.458513,322402.792857,314131.873174,300489.845289,277802.980803,240545.019289,189102.967861,122761.663147,28441.514691,-92772.150000,-218235.306428,-328580.958868,-414768.841003,-478641.996973,-527075.428613,-563405.513772,-590546.126513,-614148.139755,-637771.253204,0.000000,0.000000
0.000000,0.000000,-631056.592279,-612426.053173,-596795.399848,-580144.895198,-558901.368123,-527291.306154,-480910.060991,-418683.521404,-331389.897002,-226838.630016,-124809.184376,-27493.109913,56231.190023,126397.199287,186755.955309,232552.357127,266798.127679,291542.465102,308266.409660,319017.533601,325056.475202,328908.174717,331777.599238,333329.361572,333525.926353,332840.204040,332302.377765,332149.618654,332010.870901,331962.891024,332252.943257,332726.079152,333199.414757,333585.769405,333684.654611,332675.073787,331141.779978,330165.621964,329648.797063,329534.256632,329394.205788,329281.860869,329438.889187,329819.013738,330131.716213,329981.715280,329498.211232,328858.265551,328507.737874,328610.307609,328468.996762,327764.816872,327191.125383,327467.084874,328340.328631,329606.206119,331689.795502,333633.777706,334527.300634,334581.416451,333734.127306,332961.297868,332983.172756,333560.681673,334283.801304,334277.167305,333765.059836,333372.364731,333195.863886,333519.277030,333773.077333,333223.179729,332771.160574,333007.638545,333404.358160,333430.481300,332731.092993,331769.141721,330758.314629,329492.802812,328022.864472,325094.906861,318986.485739,307844.732876,289806.475402,263660.806461,223483.413105,165245.621936,76995.183974,-47614.624364,-177824.449633,-292276.927636,-388989.145145,-462526.941767,-516794.710752,-557946.223764,-588971.116818,-613688.717852,-636919.199656,0.000000,0.000000
0.000000,0.000000,-630634.568390,-610737.256472,-593760.972089,-574850.269227,-550016.166592,-513878.803968,-462533.288291,-386947.377746,-289711.161899,-184707.905396,-77936.713597,9859.842505,80147.098373,148590.196105,205891.550670,247952.721130,278127.491797,299370.931132,313901.828624,322339.704533,326303.525922,328695.245008,330488.478647,331707.207285,332042.850204,331602.316271,331675.542945,332033.304486,332237.251783,332237.979320,332483.029198,333012.347135,333448.828507,334157.151489,334568.661003,333962.855549,333053.053222,332272.534036,331717.418531,331250.276784,330567.987969,329967.833612,329697.768959,330080.460359,330578.177146,330379.602530,329951.926641,329277.742675,328520.495775,328409.473678,328114.331545,327213.708530,326980.901099,327456.593551,328097.985307,329135.696185,330566.909691,332283.627166,333438.224525,333432.693775,332926.017407,332691.599083,333262.049221,334276.693408,334705.218752,334495.514631,334209.384592,334129.249337,334105.160129,334105.115652,334223.761928,333892.230208,333222.784187,333285.352998,333780.377464,333976.801988,333583.958276,332497.199470,331346.565915,330270.418305,328768.738732,326295.523066,321528.322628,312514.727294,298670.373834,277912.847814,246550.816541,197779.389890,116115.542598,38.561793,-128656.500289,-250741.214738,-356878.221638,-443893.499947,-508858.533798,-554163.090473,-587448.722786,-612741.566466,-636128.121890,0.000000,0.000000
0.000000,0.000000,-629713.254854,-609044.508099,-590109.682737,-569335.789911,-541011.759026,-501650.134950,-445940.760537,-365324.298455,-260816.165381,-145955.399342,-41910.204379,41026.629397,109145.094588,170442.625256,223317.276429,261750.510920,287979.747058,306829.115718,318963.541653,325170.750360,327661.317911,328826.605961,329492.435070,329693.500943,329686.072012,329935.816532,330564.960830,331095.422878,331308.041081,331403.951345,332076.232512,332844.433772,333422.666256,334363.892065,335264.958524,335485.415893,335074.600016,334290.883608,333543.256309,332797.866687,331887.482443,331074.460912,330706.898096,330805.158859,330690.679069,330392.022472,330187.211680,329650.000090,328900.964900,328434.294406,327884.829989,327109.480861,327141.962653,328135.224290,329019.385924,329672.372758,330524.342791,331688.772722,332764.085961,332956.324552,332770.297302,332866.452083,333406.983232,333939.022148,333805.364476,333450.025844,333494.537415,333929.465560,334217.267469,334529.391389,334717.902129,334161.969721,333052.252329,332786.318350,333502.113406,333838.340827,333660.772756,332846.816222,331463.296210,329898.884577,328256.138627,326087.293594,322118.294256,315203.224151,304048.510652,286266.355415,259576.382812,217280.006681,144072.784418,38861.160014,-84367.841489,-212809.304573,-329593.192912,-425998.124327,-499658.044417,-550594.403505,-585013.589659,-610089.944067,-633916.324248,0.000000,0.000000
0.000000,0.000000,-628502.117827,-607041.094595,-587101.480962,-564835.096133,-533747.776387,-490540.908384,-429455.671995,-345544.302029,-236480.331095,-117416.777869,-12744.999995,72266.717142,137531.688501,193205.364620,240805.473091,273966.692918,296748.139074,312587.542678,322474.767094,327360.985272,329325.734229,329626.412509,329265.008406,328632.728514,328483.662741,328940.708227,329796.690614,330463.207316,330250.731768,330310.058586,331227.832295,332249.266811,333124.907279,333977.109187,335304.554357,336229.390113,336143.910412,335452.822556,334291.812763,333506.952100,333162.995626,332308.342078,331373.472602,330762.948158,330217.773007,329961.909368,329793.884073,329738.492424,329516.049790,328923.982230,328335.869844,327496.621842,327572.077990,329111.640365,330177.747218,330476.076527,331164.955256,331833.771307,332253.841205,332616.895340,332416.705938,332238.022188,332708.155621,332912.390378,332407.775612,331990.422425,332197.200416,333052.291457,333793.434124,334492.795134,335036.690921,334447.932428,333115.772043,332440.698641,332772.763427,333041.688452,332851.804156,331945.214626,330290.743333,328522.284786,326707.732720,324496.447924,321047.640489,314907.158358,304805.566932,288130.675517,262502.350403,223141.197460,156507.818238,54729.382408,-65211.363263,-191253.363162,-316238.195667,-417961.501978,-492625.493625,-546555.946467,-581625.930910,-606437.350080,-630157.565421,0.000000,0.000000
0.000000,0.000000,-628178.835771,-605834.482156,-585350.782884,-561217.003982,-527523.223556,-479399.188600,-412624.330578,-321327.482282,-208895.948318,-88538.855466,22865.661874,106882.143858,168383.132538,219214.779403,258057.268623,285388.110252,304257.280738,317066.989905,325015.462708,329073.375257,330513.312685,330566.003380,329813.802097,328934.636169,328672.678569,329101.709117,330096.521480,330435.358001,329866.583237,329849.721596,330413.641921,331105.547897,332009.711322,333008.075516,334184.068916,335252.743464,335670.468027,335171.041239,334211.555334,333703.044981,333522.133743,332702.555067,331191.892724,329980.356576,329484.641963,329320.014894,329690.425592,330219.429200,330159.676661,329714.133377,328925.650409,327969.034543,328005.771804,329377.367029,330379.724393,330833.619917,331455.617440,331711.110774,331862.808431,331858.868160,331463.056971,331395.540696,331732.739517,332160.947214,331982.298040,331371.533451,331370.954099,331969.909408,333153.429673,334466.264298,335173.768583,334882.789877,333626.000088,332613.354556,332384.606072,332247.145860,331589.780668,330113.057257,328267.041118,326598.099611,324745.677193,322160.686702,317976.174166,311431.284745,300722.703278,283358.207692,257545.744940,216537.351656,152647.078274,57608.205187,-64462.681347,-193463.884370,-315959.503287,-418208.944225,-492623.297334,-544735.168606,-579509.192448,-603952.297636,-626861.523132,0.000000,0.000000
0.000000,0.000000,-627074.129786,-604684.800466,-582688.674576,-556858.871884,-521098.658163,-468620.859595,-397216.777217,-301345.086753,-184666.847500,-61166.946011,51427.898994,135384.081857,196147.202857,241588.909913,272821.311360,295053.235493,310526.730590,320803.040879,327231.980274,330401.201250,331514.897832,331576.716497,330774.993765,329819.073509,329403.357028,329796.382804,330481.366049,330436.518179,329767.088448,329358.728105,329635.475421,329905.695764,330224.935413,331022.481948,331890.739072,332951.023079,333731.866090,333740.984045,333758.796661,333770.799410,333422.537543,332598.358172,331116.553628,329896.789337,329513.029052,329511.261745,330111.549272,330822.162999,330707.373500,330144.529585,329163.610267,328165.395399,328304.656617,329332.956862,330272.215276,330803.764544,331119.225263,331392.904613,331377.833436,331010.290627,330454.975133,330372.288309,331101.837429,331867.957171,332089.963097,331553.793705,331002.404742,331224.389857,332349.415807,333933.677253,334945.821047,334961.411581,334051.642582,333159.877915,332638.120869,331774.176097,330388.659806,328625.760354,326752.203237,325231.520212,323253.109588,319576.927823,314364.529427,305845.124225,291594.929990,270731.232347,241534.182229,198227.843312,131619.093572,39530.712287,-78668.289698,-210958.291186,-330308.174375,-426605.990056,-497910.011406,-546231.962341,-579022.820086,-602727.123701,-625337.903811,0.000000,0.000000
0.000000,0.000000,-625688.015187,-602935.275452,-580458.487384,-553081.550118,-514631.569188,-458738.777095,-383741.909703,-287396.044140,-172305.578971,-50813.874623,62852.412573,150346.828545,209825.917237,253381.440681,283014.548305,302184.581124,315744.152781,324282.258256,329285.525936,331708.207426,332435.751385,332077.702275,331419.347257,330774.588285,330282.789184,330372.385568,330367.498868,330094.488266,329558.313241,328955.760103,328753.993493,328745.989216,328845.041130,329060.587701,329379.067044,330160.662112,331319.441439,332351.601447,333126.005518,333574.478002,333629.266264,333124.556997,332104.967021,331225.096802,330876.206702,330753.198050,330976.407586,331411.399260,331115.696029,330343.091061,329590.896461,328825.597828,328989.122876,330069.547263,330681.957593,330695.500374,330742.626383,330866.343448,330872.351014,330525.248465,329862.578096,329639.198289,330538.156455,331637.760013,331973.117217,331636.567651,330875.711434,330973.033066,331919.806769,332876.932273,333918.671817,334355.620870,334179.392727,333774.301919,333083.450472,331885.634283,330201.248249,328280.432322,326368.096837,324746.933984,321938.181953,316699.518405,308915.268982,296522.799189,277375.477664,251347.691883,212834.446453,161249.461011,89688.728329,-7559.373874,-121031.813813,-245455.351089,-358371.232736,-444688.942085,-508367.136078,-551683.672473,-581065.504881,-603149.788881,-624543.374217,0.000000,0.000000
0.000000,0.000000,-625144.432537,-602533.143476,-580411.331569,-551590.693172,-509473.432309,-451026.352826,-370640.118881,-272822.723079,-164305.370976,-46447.288657,62175.543850,148327.288558,213317.290233,258651.971443,288344.055727,307131.641491,319228.568315,326613.976876,330640.986094,332373.942600,332722.465299,332533.384173,332115.532090,331524.673836,331076.819203,330651.807030,330281.624879,329972.524553,329368.923572,328750.572981,328186.248165,327924.551989,328035.036406,327950.854548,327915.305381,328409.552811,329640.330120,331357.294705,332778.072750,333559.432214,333861.576099,333992.763473,333714.858620,333022.919723,332349.871513,331791.697587,331574.179372,331659.183075,331302.888522,330459.269828,330065.320368,330098.958152,330327.834802,331112.131189,331288.554236,330654.770174,330306.926712,330270.338363,330463.084012,330320.991690,329724.515501,329523.814273,330405.638363,331692.663279,332043.954172,331757.794150,331310.935444,331249.755024,331850.033176,332214.863719,332737.763864,333491.057088,333897.376837,334054.018894,333342.078755,332018.588202,330392.925480,328143.578523,326274.747134,324071.693708,319788.684000,312790.888694,301135.189569,283321.115854,258464.254973,222935.749355,172010.050221,103790.838593,23061.305744,-72196.036031,-184730.583769,-297296.794999,-393179.781645,-467440.454532,-521525.322742,-559618.336879,-585409.162798,-605178.698615,-625677.587195,0.000000,0.000000
0.000000,0.000000,-625122.121831,-603433.536580,-580667.302051,-551715.333058,-508460.250674,-447193.553298,-361322.780530,-258550.650570,-156255.413960,-46898.767419,57632.576317,141446.709262,210808.722574,260273.460353,290320.938986,309509.501336,321127.966718,327445.986216,330918.622259,332403.959641,332811.237219,333007.564576,332760.446579,332298.390860,331555.036932,330741.797438,330283.596070,329966.623462,329342.397323,328565.638895,327705.781790,327231.005469,327334.800854,327414.426910,327599.231657,328134.258989,328982.582851,330543.578448,332320.497282,333344.152532,333869.381324,334351.001162,334394.909701,333571.481685,332471.450065,331758.537705,331368.049307,331179.800992,330725.731454,330115.720377,330398.931236,331010.264971,331520.787052,331960.088769,331598.742632,330762.683565,330158.656156,330269.201169,330549.597670,330274.109902,329689.044117,329730.162729,330795.049341,331931.800394,332442.524101,332231.686101,331971.345952,331925.058472,332133.183766,332196.250294,332165.214046,332931.202746,333689.185453,333863.257693,333099.137828,331537.752906,329897.422958,327927.844460,325767.206841,322739.341035,317069.959655,307195.937438,291038.607681,266957.627766,232535.356256,183427.705392,118743.581815,34603.392657,-58052.920088,-149959.619601,-251862.982055,-350240.168586,-429639.726757,-490484.500359,-535118.866717,-567524.920646,-589939.666935,-607886.487132,-628386.593011,0.000000,0.000000
0.000000,0.000000,-625650.001255,-603294.472727,-580640.652545,-552439.398112,-511600.321568,-448234.641112,-362287.910227,-258401.627242,-151302.506979,-48887.647338,52836.558489,138293.638496,207054.214724,260264.782387,291180.599075,309871.573049,321815.247493,327746.601073,330631.559644,332124.914398,333127.410099,333599.371510,333436.645953,332964.093491,331982.368795,330996.830106,330152.073899,329550.778956,329240.748640,328483.275372,327323.329711,326887.235426,327205.802581,327531.396458,327893.842009,328444.266339,329180.079478,330193.160628,331533.894334,332698.105518,333529.214108,334053.469363,333758.838311,332689.257323,331530.223931,330775.201292,330350.572196,329955.335455,329300.266501,329148.027071,330191.029096,331424.556499,332279.317693,332606.458518,332104.689001,331324.626374,330961.548239,331062.377113,331126.619473,330626.111430,329946.687691,329919.664792,330883.160705,332209.927577,332815.984058,332541.136394,332169.483708,332419.937637,332829.175157,332605.342721,332240.672750,332665.623794,333432.778136,333395.058498,332512.001198,331027.899121,329247.127587,327496.661680,324981.980096,320852.883701,313668.018607,300315.470182,278814.495309,248071.855842,203624.802706,143492.759160,64558.497559,-30931.109432,-127746.147939,-219243.852908,-309076.951438,-394570.098683,-462798.654354,-511706.387877,-548791.012751,-575482.905218,-594776.840756,-611654.034317,-631188.598036,0.000000,0.000000
0.000000,0.000000,-624621.068842,-602660.643869,-581873.569127,-554951.371713,-516714.584743,-457283.075963,-372323.084783,-268550.482011,-159260.835585,-52543.987458,49195.680857,134706.575295,205475.296718,259585.798271,291273.504190,309771.436868,321420.409539,327249.202014,329861.660642,331534.688998,332986.610231,333842.294047,333849.825079,333287.686915,332364.361155,331336.167488,330110.015840,329222.503917,328768.397994,328205.938645,327531.486654,327168.773549,327235.799709,327693.425826,328170.103901,328680.310533,329327.612049,329957.399963,330876.855197,331907.823723,332714.838723,333050.155895,332311.001524,331284.045510,330429.396926,329378.871030,328561.224509,328112.937080,327634.946738,327871.161518,329552.375725,331522.762527,332661.277594,332951.673733,332782.668191,332368.235433,332159.407984,332206.546958,331956.510928,331470.383382,330896.785872,330586.976927,331213.015305,332291.035689,332944.408188,332903.193261,332599.747835,333117.118202,333771.584200,333437.527201,332878.035686,332736.220777,332927.517776,332838.352891,331888.498275,330621.100844,329138.214685,326923.983678,323935.703904,318919.108272,309367.344081,292554.232852,266329.221495,228117.350233,175539.464555,107606.053045,19931.481959,-83228.845881,-185848.311512,-276218.274502,-357664.685686,-433172.732727,-491072.839712,-531579.178879,-562084.310404,-583713.284193,-600559.978564,-616346.619839,-634892.809064,0.000000,0.000000
0.000000,0.000000,-622508.206463,-603266.855954,-584984.024594,-560500.041109,-524213.866737,-471709.756959,-391067.696427,-291315.649313,-186504.897428,-69210.689092,41419.912396,130947.042095,203745.749659,256613.795927,289903.210309,309545.490340,321315.786561,326994.131409,329701.404782,331520.047918,332782.566549,333485.660696,333790.655074,333450.390856,332536.559837,331503.392343,330261.729877,329160.383041,328523.084891,328162.254926,327735.106199,327398.568695,327312.110974,327511.134083,328003.671828,328544.258193,329066.404177,329670.244426,330312.471086,330895.136760,331511.221513,331710.485887,331197.021815,330523.823542,329728.082709,328587.158966,327409.282051,326612.043633,326419.329350,327279.565719,329386.142235,331492.503968,332626.021339,333125.660734,333225.353870,332979.344853,332685.559483,332579.226909,332344.330838,332124.014916,331935.788251,331632.981244,331682.368997,332187.567831,332989.848834,333274.310538,333213.930666,333857.340444,334651.970451,334307.946279,333360.446696,332877.103359,332461.940844,331997.845617,331419.846385,330699.412513,329464.552473,326920.597490,323109.624130,316871.322143,304754.935428,284518.140821,253626.958175,207580.415328,146834.951027,71202.894316,-23425.704399,-135223.518845,-246847.334327,-338438.395930,-411382.868608,-471785.263148,-518370.472053,-551300.567979,-574419.077127,-592141.652998,-606364.427942,-620228.200108,-638728.984348,0.000000,0.000000
0.000000,0.000000,-622785.411642,-605207.148590,-588943.725408,-568018.201598,-535928.042314,-487652.319385,-418974.801953,-329590.000617,-221866.458831,-96709.726156,24784.074236,123158.275912,201116.242920,255600.535471,289255.221426,310123.691165,321709.896231,327802.411010,330596.185306,332044.837791,333124.081330,333619.867225,333681.825924,333385.939593,332556.270698,331497.856086,330252.522033,329218.793150,328661.055617,328166.361249,327701.549671,327523.849423,327722.847843,327875.679936,328015.351450,328380.119466,328898.532080,329424.709898,329666.997881,330225.647216,330836.812771,330946.552708,330943.146928,330739.810498,330015.971088,328643.738538,327149.204635,326335.751904,326470.575865,327721.994814,329816.696741,331606.206102,332445.191901,332959.115420,333189.838785,332905.297885,332424.032992,332030.642969,332015.029551,332332.511193,332516.564322,332198.262237,331780.298593,331990.998502,332692.423704,333096.940527,333226.339226,333806.009334,334525.889422,334197.115156,333352.825111,332826.772449,332095.042889,331256.539176,330962.665188,330900.598289,329836.513699,327229.640006,322549.323943,314551.086584,300221.680461,276807.348163,240666.614809,188268.119790,120478.852759,35066.941793,-67941.965944,-184138.461734,-299150.545297,-391116.576398,-457098.756101,-504703.277040,-540309.097318,-566594.987121,-584825.561340,-599489.570642,-611904.470089,-624392.830949,-642322.928581,0.000000,0.000000
0.000000,0.000000,-625795.627772,-607651.799943,-592377.101975,-574476.113720,-547430.878845,-504355.546292,-444321.789673,-361649.575597,-253675.241202,-125794.742145,6722.473945,116475.946601,197982.757499,255237.571233,290079.107110,311008.596863,322825.334785,328998.604416,331688.709972,332572.963458,333078.175730,333124.851878,332948.651087,332714.969024,331968.047378,330754.555909,329767.121333,328946.135075,328434.532804,328178.335164,327963.582685,327962.184773,328408.353953,328815.906146,328728.960384,328655.024539,328815.684724,329060.521010,329207.814292,329699.355474,330416.743482,330827.849955,330964.455638,331039.704751,330528.433556,328891.433163,327282.642201,326786.115762,327154.648916,328328.101901,330292.086521,331719.809824,332199.560657,332614.382462,332779.832103,332387.420676,331641.914408,331371.958220,331920.685348,332412.712294,332780.100068,332619.478244,331828.531374,331671.736394,332217.390046,332620.483048,332666.372058,332955.321046,333375.137320,333139.767432,332902.004526,332624.538048,331840.560921,331120.054615,330910.010518,330987.111770,329930.244003,327117.237864,321888.705919,312595.931773,296751.358883,270449.556796,229362.678655,171689.496321,96223.206438,985.842029,-106276.167351,-219405.419251,-329419.289688,-417037.740297,-480262.059670,-524125.448646,-553316.108522,-575694.622033,-592456.662603,-604754.465404,-616334.553471,-629168.396150,-646406.587067,0.000000,0.000000
0.000000,0.000000,-629696.097646,-611130.227627,-595748.499331,-579223.497884,-555588.716987,-517912.795320,-461370.183743,-382912.498862,-277348.562808,-148348.016930,-16449.151792,98768.814985,190064.556295,252471.271414,289139.003492,310869.665869,323206.756646,329255.047116,331752.922712,332559.364731,332503.520482,331997.625514,331597.017205,331282.226993,330599.921760,329540.645256,328722.640761,328178.235075,328294.402188,328667.971131,328792.477013,329164.545787,329561.755920,329731.303937,329428.082660,328986.307365,328851.108195,328671.246817,328656.164075,328828.668488,329274.411622,330017.010661,330458.127242,330669.894445,330354.456865,329131.382232,327975.070918,327508.292045,327861.001781,329040.711964,330456.560021,331473.520640,331818.704329,332031.723686,332024.888600,331396.940759,330879.824270,331265.618847,332245.819807,332997.499337,333376.708084,333045.682562,331987.960857,331448.274992,331847.361854,332190.862449,331977.772700,332028.158047,332355.763430,332113.007893,332017.903182,332151.795785,331670.968001,331154.206455,331219.784881,331094.410709,329613.137673,326366.650509,320966.900074,311454.664608,294725.356389,266594.479440,222230.013596,159775.222684,75539.010979,-27286.766313,-140123.304145,-246751.586614,-339045.794344,-423830.378053,-488834.951318,-532183.868898,-562096.496747,-581260.280223,-595900.255436,-607423.355561,-619111.348476,-633396.261485,-652520.853947,0.000000,0.000000
0.000000,0.000000,0.000000,-616791.178616,-599965.100641,-584407.194504,-562792.313739,-528446.885825,-474990.202169,-399458.650972,-296263.644214,-172341.157038,-47819.967329,72537.029944,176661.041524,245662.977562,285779.032354,309103.712615,321231.289734,327669.592211,330736.916404,331540.435371,331590.315107,331293.657540,330683.602268,329926.866960,329415.730714,328755.880118,328071.130234,328057.511191,328675.758507,329357.110480,330033.559250,330594.050230,330729.084790,330438.876758,329673.525656,329260.731159,329160.065488,328598.968951,328078.768201,328053.822740,328275.849277,328629.178818,329226.391676,329803.464112,330013.813406,329545.301211,328857.678274,328607.710986,329026.090873,329961.400904,330785.465962,331279.539521,331342.201550,331197.874064,331020.612339,330648.474357,330622.988177,331370.697774,332640.749995,333813.110647,334047.290748,333249.284877,332060.556655,331252.987640,331494.821267,331964.720281,331892.765670,331920.047321,331889.249930,331631.002255,331548.815704,331506.401510,331158.487876,331111.160856,331483.614844,331191.894331,329654.999090,326092.836440,320495.802584,311112.124779,293695.149742,264986.156693,220055.573291,154741.193784,66097.649514,-44873.547548,-161920.800609,-260948.717483,-343677.754217,-422873.265966,-488984.773833,-534967.433817,-564921.778804,-583499.627355,-596303.438209,-608391.445823,-620817.991584,-637366.471670,0.000000,0.000000,0.000000
0.000000,0.000000,0.000000,-624118.973993,-605912.450384,-590482.873461,-570359.796471,-538128.043749,-488002.942480,-414351.398162,-315413.554003,-199729.615580,-75360.526893,52669.531103,162821.593005,237172.779882,280361.171733,304612.179123,317855.112202,325064.089009,328764.634877,329811.460225,329985.779208,330103.654904,329784.341834,329356.759694,329150.911092,328736.473203,328547.656460,328595.883795,328979.299544,329801.445431,330618.510419,331271.108353,331553.513252,330985.836506,330120.302665,329865.481015,329771.727794,329222.189946,328389.203487,328076.675887,328075.155015,327936.161361,328437.894397,329201.607316,329714.353808,329924.579565,329640.512741,329788.208192,330398.529988,330937.979803,331525.899739,331414.638192,330874.415693,330548.455365,330194.151226,330125.935663,330354.067690,331131.132748,332551.243941,333746.832134,333994.640797,333229.964603,331983.968569,331166.553579,331401.909951,331864.627787,332099.071039,332204.882745,331945.385446,331639.956830,331505.995702,331343.251194,331148.331975,331350.070173,331888.682400,331670.268684,330004.311829,326404.136688,320792.546635,311164.973630,293915.826392,265862.173120,221593.638513,156466.292907,68907.300908,-44303.890388,-162538.353144,-264400.455923,-350972.986498,-423488.113909,-488667.011768,-535904.578343,-563621.834241,-583391.564441,-596463.211969,-608047.218586,-620935.085112,-639275.045911,0.000000,0.000000,0.000000
0.000000,0.000000,0.000000,-631517.182525,-611933.507902,-596579.219140,-577489.981430,-546898.902664,-500066.280182,-431603.825784,-337160.377745,-223043.337501,-99456.710543,32087.688871,150559.902804,228858.325870,272074.623893,297254.171643,312410.268182,320721.131357,324943.206503,327116.231821,327946.831675,328524.687592,328993.937669,329257.259898,329482.930411,329695.543055,329836.076861,329575.842898,329688.187249,330108.866395,330823.592248,331877.539891,332290.036063,331892.861110,331386.574643,331207.383640,330908.539457,330115.100686,329473.213929,329155.968119,328529.610759,328198.802072,328595.385623,329162.405066,329825.280030,330315.199475,330452.524620,330735.909007,331430.822643,332102.180347,332215.278904,331580.408800,330691.962882,329912.575349,329449.469295,329430.536538,329738.551973,330671.269043,331875.053025,332913.556918,333470.870667,333091.261692,332095.298168,331282.130291,331138.453466,331408.319724,331679.520499,332001.535643,332019.194984,331493.026910,331300.497703,331585.188980,331650.267883,331642.907560,331921.563964,331769.536231,330302.169958,327069.348959,321471.312271,311751.602678,294968.908098,267686.687590,225108.708621,163727.917915,80832.884051,-26207.235354,-145026.792554,-256608.237030,-352933.275883,-431021.982305,-491698.194551,-535050.197495,-563440.656820,-582947.316380,-596846.602020,-608028.147594,-620596.266990,-639519.812345,0.000000,0.000000,0.000000
0.000000,0.000000,0.000000,-638072.299860,-617637.371700,-601596.792135,-583197.916634,-554442.703319,-511346.449144,-448993.248606,-361704.525902,-254078.247782,-127887.098784,11504.141989,133103.737703,214314.258181,260116.670219,286465.124214,304008.911355,314735.071006,320272.169089,323311.307659,325302.645691,327060.734089,328518.116399,329347.110706,330147.673597,330863.018110,331213.223978,331214.308821,331293.986446,331431.730607,332076.778398,332945.512610,333216.749552,333064.104832,332738.509034,332608.736373,332213.947428,331152.542363,330654.617916,330552.354275,329802.264173,329189.017852,329239.800640,329786.952785,330395.132514,330760.664176,330937.886889,331133.787233,331809.363803,332615.457398,332508.869727,331515.319323,330471.740262,329381.616440,328698.721347,328744.824141,329119.286450,330003.098197,331299.599514,332433.331293,333066.425534,333087.998791,332487.198295,331585.540712,330710.405446,330348.660286,330625.733631,331099.384872,331343.712880,331106.654647,331140.424182,331543.588378,331789.328544,331732.969107,331475.906175,331290.038203,330380.914556,327635.751085,322051.540373,311930.703715,295384.603360,268955.266691,228808.210368,171514.383162,93475.774404,-5748.104071,-119141.056068,-236717.961007,-347333.255526,-434190.462441,-492621.023751,-533559.415915,-563190.531136,-583192.970390,-597688.670785,-609997.742036,-623182.690518,-640276.312391,0.000000,0.000000,0.000000
0.000000,0.000000,0.000000,0.000000,-624823.292726,-606248.387344,-588121.650376,-561253.557923,-521984.492744,-465416.881602,-387265.642615,-285470.244545,-158093.335804,-16354.948780,109487.206919,192510.911002,239863.061369,269837.256048,290268.031486,305179.760657,314054.436897,318614.868683,321875.954950,324789.064863,327275.145019,329154.067006,330751.793145,331904.581939,332597.760514,332953.115969,333105.115665,333363.119109,333670.123663,333838.710433,333768.670062,333620.404937,333572.552146,333408.343322,332841.635878,332099.207071,331652.692559,331622.593769,331155.255642,330273.988774,330150.638829,330491.891300,330495.629705,330500.803570,330648.332599,330935.157893,331665.109817,332366.786295,332221.289355,331105.744563,329908.645406,329041.720498,328218.052186,328011.400800,328653.958395,329603.561655,330934.244605,332300.564097,333013.882558,333303.571362,333085.691312,331928.126446,330469.006954,329596.020035,329454.684237,329866.076719,330333.230573,330614.173710,331111.246392,331558.793073,331899.025465,331549.825793,330628.431776,330355.618825,329489.182616,326986.804883,321672.073404,311418.561526,295127.718386,269213.247358,229320.597331,172702.511742,93520.049482,-1307.956735,-104406.686472,-221240.503836,-337377.654165,-429177.910022,-490686.761804,-532387.078305,-563111.459025,-584099.941490,-599551.447681,-612031.201126,-627703.692310,0.000000,0.000000,0.000000,0.000000
0.000000,0.000000,0.000000,0.000000,-631272.455304,-610820.778925,-592466.141297,-568408.568874,-532090.589986,-480776.508134,-409195.752179,-309926.623650,-184731.505017,-44655.106784,82137.866428,163930.178367,208894.396324,241528.862549,269365.069511,290781.278674,304126.627032,312082.126751,317280.582342,321361.070764,325053.966254,327930.692099,330472.608557,332569.250020,333670.191332,334161.291853,334456.860525,334484.042623,334327.427024,334307.343959,333971.913783,333653.251157,333815.398824,333672.414736,333161.129737,332530.435838,332177.786251,332322.053959,331862.650309,331043.554163,330858.425191,330721.966035,330250.459665,329983.084257,330182.483210,330732.295275,331582.731590,332226.710062,331809.283540,330526.235682,329439.774923,328721.177321,327949.087984,327597.389854,328255.961837,329300.926033,330562.593263,331902.669857,332808.850215,333377.828804,333234.335724,332210.792440,330853.275889,329756.059342,329127.445088,329169.657455,329695.196060,330254.270701,331004.847245,331678.797300,331775.069959,331069.317655,329953.175330,329320.294221,328541.171026,326158.992508,320691.506511,310421.431507,293093.280298,265767.394836,225329.707991,166422.495821,81667.031728,-17296.138125,-112263.070286,-215803.622630,-329702.665519,-424537.303222,-488138.870964,-531641.198622,-562847.309439,-584554.568327,-600008.644826,-612860.204413,-629771.557955,0.000000,0.000000,0.000000,0.000000
0.000000,0.000000,0.000000,0.000000,-633707.177818,-613782.209687,-596321.314348,-575439.604322,-543481.290214,-496183.987352,-428366.455042,-335620.920450,-212992.035442,-73153.300946,43315.694381,121746.598196,170865.903063,205603.412497,242386.857700,272103.055067,290137.423153,302310.450794,310478.146428,316697.342639,321633.315130,325681.174372,329264.267324,332217.035754,333785.600420,334438.102706,334516.845894,334398.530071,334321.025701,334326.294007,334169.582463,333865.104030,333727.531288,333605.433083,333291.456945,332826.849950,332590.875047,332630.960925,332322.243540,331594.370983,331294.613947,331079.324084,330393.468655,329919.047493,330212.314223,331240.567657,332235.761881,332556.853602,331700.464508,330082.626646,329084.359684,328420.722319,327816.480283,327783.408978,328209.136542,329044.766397,330274.530605,331378.571779,332209.052786,332684.449175,332530.398946,331983.715224,331183.297920,330360.997698,329744.926459,329449.224516,329735.163300,330408.204486,330967.891222,331484.716938,331485.169926,330699.624088,329702.479897,328612.505484,327561.859550,325017.847298,318858.557928,307796.735509,288711.825941,260296.561532,218843.476639,154243.244877,63088.789137,-40069.972526,-132128.551199,-225187.799702,-332953.456607,-424974.846758,-488204.345486,-532706.042042,-563201.075637,-585142.845149,-600070.240020,-612823.795568,-631019.218715,0.000000,0.000000,0.000000,0.000000
0.000000,0.000000,0.000000,0.000000,-635980.555222,-616986.070183,-600886.447647,-582518.512709,-555830.694401,-514117.273230,-452774.515596,-368509.648222,-256952.440747,-131752.683381,-23074.334512,58141.892213,118352.608029,166755.100865,209735.299231,245911.990389,271436.238540,288419.435458,300827.864938,309740.958311,316390.558035,321803.319945,326679.084255,330576.003838,332800.338281,333638.346146,333360.143995,333088.972074,333431.378814,333791.223836,333979.804931,333907.020472,333697.347991,333411.443563,333105.492161,333158.457032,333125.332034,332868.018730,332616.934232,331979.317164,331497.586802,331348.515128,330758.058550,330265.222088,330784.865804,332002.154668,333060.398740,333089.849476,331813.340991,330204.399625,329256.274501,328614.564985,328166.416840,328208.718773,328580.839745,329245.337516,330084.222447,330924.960201,331459.235126,331523.399939,331767.388844,331777.615276,331381.521746,330926.394577,330448.391033,330540.847171,330588.995503,330860.182767,331269.797169,331132.083566,330948.177573,330226.429810,329126.680082,327964.455975,326121.678119,322632.411002,315795.358402,303586.235952,283089.708423,251562.111815,204299.717751,134038.407350,37437.688940,-68664.935516,-161550.445611,-252628.966705,-351606.878308,-436566.617487,-496162.572901,-537163.369493,-566493.628062,-587933.096106,-602655.894395,-616393.441049,-634445.418212,0.000000,0.000000,0.000000,0.000000
0.000000,0.000000,0.000000,0.000000,0.000000,-623485.983451,-607268.454746,-590713.628281,-567676.653967,-532901.594146,-482463.218602,-412637.038389,-321036.396203,-220196.046069,-118441.932727,-26496.727766,46134.957174,112045.865588,167187.088099,208812.419169,242691.760189,267373.916379,286018.644130,299365.609860,308831.928070,316182.721418,322083.728955,327282.506114,330646.939771,331862.936879,331782.914491,331478.335520,331951.377464,332892.876405,333554.322157,333519.440708,333226.522268,333029.852956,333053.336136,333328.696602,333274.402845,333090.921227,332695.391687,332003.198953,331560.160604,331365.082602,331170.543421,331008.066683,331470.149030,332456.339141,333156.627110,333203.278440,332297.219914,330854.400557,330021.574487,329527.474268,328966.200111,328691.740245,328816.748271,329090.373754,329548.524046,330251.151997,330691.816421,330770.857951,331147.017612,331710.370788,331749.458380,331319.170271,331129.674581,331391.521325,331559.731373,331658.774685,331514.956249,330908.762648,330262.251233,329598.597981,328432.246662,326735.796764,323662.767740,318517.789327,310533.300701,296466.651810,272681.669568,235496.796909,179059.571759,100797.338131,1296.461223,-106106.455177,-202269.140926,-293570.205866,-383491.171042,-457609.068499,-509866.478475,-545218.496148,-572476.217994,-593292.949298,-607848.563091,-625310.468951,0.000000,0.000000,0.000000,0.000000,0.000000
0.000000,0.000000,0.000000,0.000000,0.000000,-633938.689129,-615646.644543,-599223.207030,-578825.039814,-550530.689178,-510984.114776,-457788.379584,-389220.761411,-306786.855499,-217034.935686,-124016.588745,-33516.125091,40710.401179,101370.604632,156341.767886,201739.635012,236596.849606,263737.492519,283658.768213,297754.612361,308420.026231,316105.461551,322410.835480,327335.728888,329829.901260,330290.945865,330184.961159,330997.403988,332222.874935,332758.565355,332806.731498,332690.658099,332602.405094,332903.351122,333388.989261,333543.617740,333136.630960,332627.214349,332136.756814,331873.929020,331731.648001,331733.468064,331999.420222,332182.532355,332610.991025,332860.366077,332605.126405,332104.663511,331315.670547,330664.428038,330333.794505,329871.234472,329229.136572,328643.622384,328354.271328,328762.356339,329334.340723,329743.597343,330099.730355,330574.313048,331342.473939,331797.110808,331874.380783,331860.460600,331849.869862,331845.721781,331746.767722,331263.943571,330431.563864,329455.967984,328268.120270,326786.929159,324068.343632,319253.062170,312375.042919,302232.807366,285059.827294,257290.518649,215196.112149,149372.031889,60050.005977,-41612.136547,-144942.992096,-243007.549319,-336555.145601,-418690.832225,-481008.452441,-524343.747280,-555497.486644,-580507.489863,-599302.469960,-615962.545783,-635603.933049,0.000000,0.000000,0.000000,0.000000,0.000000
0.000000,0.000000,0.000000,0.000000,0.000000,0.000000,-626053.436375,-607969.930242,-589269.576681,-566513.867494,-536059.219299,-495953.388246,-444816.266312,-379419.952502,-301420.767675,-213096.990297,-122458.893801,-47221.731916,19689.484604,89594.836104,149793.990880,195980.165887,232546.367311,260683.009804,281303.023297,296369.716585,307603.030174,315900.561771,322304.073934,326787.774222,328597.608383,329272.613074,330642.143869,331771.152910,332065.133012,331917.858375,331821.987441,331954.225871,332619.360996,333637.272332,333966.625703,333342.284188,332796.773155,332666.792102,332261.391128,331975.896132,332169.728409,332706.964405,333060.693580,332864.402288,332526.445217,331723.981709,330971.599388,330745.062304,330582.906590,330540.045783,330480.889979,329665.565086,328549.789809,328064.370427,328243.684079,328817.048152,329272.551028,329686.556447,330257.993175,330897.290374,331747.922949,332379.378966,332407.859906,332081.779347,331364.262855,330887.779827,330434.724384,329236.824875,327737.172604,326252.190186,324271.158563,320188.282980,313023.171944,303584.095774,289871.829132,267951.524632,236712.147918,188850.581302,113319.609990,14485.969468,-89568.852803,-192220.174340,-291685.849388,-379031.541561,-451134.757592,-504276.053045,-539798.242721,-567060.048533,-588537.145444,-604831.038019,-623651.229654,0.000000,0.000000,0.000000,0.000000,0.000000,0.000000
0.000000,0.000000,0.000000,0.000000,0.000000,0.000000,-639299.955604,-618274.336427,-600190.806368,-581395.560406,-558245.053466,-527564.110146,-487959.345635,-438707.668177,-372372.316655,-292777.915409,-218911.696190,-144759.405653,-63799.017685,14638.642722,85956.891699,144908.349990,191319.817798,229475.427569,258666.424662,279476.917886,295268.091006,307504.857045,316062.014709,321965.506093,325807.321683,328204.823553,330166.462285,331516.057517,332031.478598,331592.390434,331179.403737,331437.631766,332348.513396,333571.625307,333844.922042,333259.568243,332802.930070,332660.666757,332465.853405,332008.626481,331969.393680,332607.055340,333418.681414,333362.429411,332259.969957,330826.101398,329698.972921,329296.767825,329605.518906,330227.923394,330529.187724,329740.902284,328666.134328,328480.001205,328686.471043,329247.714393,329874.174707,330211.673137,330264.660964,330607.735829,331663.183459,332805.506586,333173.287211,332399.392480,331241.174807,330264.762854,329112.920721,327560.562982,325614.981759,323653.972676,320293.831019,313424.554038,303471.885949,289932.433958,270687.293035,243497.384435,205340.382579,148359.510626,63249.225729,-45159.999276,-155032.786870,-255285.833933,-347191.919866,-424305.747321,-483138.669194,-525716.296070,-555621.094060,-578136.710047,-595789.233141,-612133.650782,-630774.620020,0.000000,0.000000,0.000000,0.000000,0.000000,0.000000
0.000000,0.000000,0.000000,0.000000,0.000000,0.000000,0.000000,-630364.178074,-612708.889818,-595161.126476,-576117.021518,-552884.851429,-522683.468367,-484238.155364,-433160.715056,-374204.048321,-307063.117533,-232004.302085,-154213.033103,-67107.503142,15641.987287,82367.841334,139719.360518,188470.517166,227921.631404,257725.135398,279332.059707,296095.698892,308746.111396,316969.248356,322489.295838,326555.561826,329400.906113,331415.356165,331967.071405,331588.354735,331428.650241,331283.008017,331896.508665,332980.833504,333185.495958,332522.673283,331905.966940,331901.763987,332190.132370,331716.951894,331323.299765,332103.220879,333229.155525,333568.244890,332271.401324,330213.286767,328697.863019,328174.525693,328851.163046,329838.077702,330034.203004,329345.941200,328633.570823,328929.924015,329808.950520,330279.423585,330718.711907,330926.915419,330609.678309,330522.730391,331374.265433,333002.665413,333656.099790,332740.451096,331080.937545,329243.509319,327368.168395,325189.553793,322448.711126,318883.598427,312963.643494,303421.804829,290000.423178,270374.745789,243017.697567,207968.359027,159930.899799,91567.217008,-2653.789443,-114229.947229,-221959.827612,-317056.380920,-398368.114271,-463640.518905,-510856.725055,-543912.460485,-569330.839398,-588317.396291,-603386.827951,-620933.321523,0.000000,0.000000,0.000000,0.000000,0.000000,0.000000,0.000000
0.000000,0.000000,0.000000,0.000000,0.000000,0.000000,0.000000,-644025.187669,-623778.131639,-606913.449758,-589328.188127,-571049.437998,-549035.513586,-520096.894705,-483544.912671,-438066.221263,-379475.128078,-309231.138885,-230838.050640,-141536.055634,-54302.134476,17048.782470,83043.904219,141231.136621,188604.885623,229511.567350,259938.895618,281942.198029,298799.138830,310888.447071,318773.824784,324348.374722,328542.533795,331048.236062,332010.001940,331904.524557,331725.935970,331383.181857,331528.028785,332393.494159,332233.038370,331358.432266,330820.818435,331092.686028,331496.940537,331256.069726,331110.562924,331789.964153,333043.091970,333346.271707,332095.924799,330008.124150,328561.036619,328237.225132,328795.132084,329627.190708,329524.555723,328779.420603,328505.680054,329285.359711,330390.618186,330981.363812,331155.796378,331074.125145,330500.918320,329925.174475,330507.123859,332055.531655,332820.954944,332142.753697,330167.460801,327515.703172,324847.490149,321398.021428,316977.399718,311262.692574,302482.246067,289625.531611,270207.738725,241397.323645,204052.211795,155954.583341,93159.514579,13927.236300,-86669.708212,-192712.518686,-285673.347328,-371275.726670,-443068.136503,-495229.259489,-533357.705258,-561005.304356,-581561.595848,-597329.371646,-612965.799300,-630855.682520,0.000000,0.000000,0.000000,0.000000,0.000000,0.000000,0.000000
0.000000,0.000000,0.000000,0.000000,0.000000,0.000000,0.000000,0.000000,-634031.082117,-617200.038923,-600242.437733,-584300.115950,-567636.554471,-546560.961772,-519349.486015,-481704.256757,-431828.830898,-367752.542885,-289370.235492,-206344.944902,-122217.815968,-42964.146190,25213.524642,87149.963117,143193.796763,192762.256168,234865.885385,265625.434275,286937.674659,302458.940157,313325.472817,320932.987839,326237.140883,329669.015280,331433.417751,331984.588410,331901.624100,331531.855633,331423.545281,331782.403037,331483.773317,330708.406324,330455.734470,330759.913118,331465.513029,331844.834440,331804.571752,332221.288142,333077.773137,332821.425932,331403.911235,329840.908974,328970.575343,328944.321622,329225.583626,329444.376570,329075.295736,328280.137548,328207.061189,329207.382589,330256.627824,330924.458103,331217.293685,330978.163380,330114.657578,329228.560297,329431.770373,330567.674832,331496.830338,331054.839124,328615.277584,324730.900527,320386.235915,315381.667093,308804.035519,299702.307719,286746.252017,268473.235732,241122.849264,201298.024048,147328.774751,83825.161582,9101.815598,-83852.430227,-183964.048735,-278147.699377,-358672.756638,-425152.470285,-481608.507998,-524268.001933,-553839.949738,-575854.905543,-591643.562155,-604728.295208,-622379.669218,0.000000,0.000000,0.000000,0.000000,0.000000,0.000000,0.000000,0.000000
0.000000,0.000000,0.000000,0.000000,0.000000,0.000000,0.000000,0.000000,-647133.358804,-626869.106783,-610814.924346,-595645.050334,-581298.679548,-564360.873428,-542772.528466,-515378.286458,-471948.897789,-414267.729967,-354123.679052,-279390.808377,-193859.245647,-114536.274718,-41553.016510,28185.810356,94209.051917,151668.235101,202093.667184,243422.536688,272160.559407,291762.550565,305635.768412,315717.427494,322770.976601,327379.838159,329813.331728,331108.579406,331581.949943,331243.411239,330868.400841,330839.547158,330733.991993,330518.932885,330497.830250,331021.018259,332181.087324,332917.105736,332934.355157,333069.558579,333114.333604,332007.333403,330369.668487,329481.023735,329325.085524,329539.637578,329774.577184,329471.195086,328608.435891,327982.707926,328004.226169,328773.869347,329829.898139,330696.002394,331153.810544,330790.535692,329930.313895,328878.405424,328500.989737,329332.650596,330065.094344,329117.043057,325681.507248,320487.370870,314103.739950,306383.577364,296155.694079,281652.242045,263301.269029,238891.527026,204343.523106,153802.396168,83863.316422,6056.344764,-78237.129487,-175187.812727,-271041.583974,-354343.093414,-421523.345274,-473242.080227,-515186.487294,-547047.357558,-569669.952743,-586359.809807,-599504.577628,-613605.607038,-631240.837153,0.000000,0.000000,0.000000,0.000000,0.000000,0.000000,0.000000,0.000000
0.000000,0.000000,0.000000,0.000000,0.000000,0.000000,0.000000,0.000000,0.000000,-637596.475116,-620742.260974,-605576.448537,-591374.835507,-576683.525051,-560210.450655,-539240.048461,-507912.812639,-466088.841838,-417961.011662,-353657.559443,-275478.742393,-196653.461859,-113380.166567,-31561.563038,40168.146241,104195.158952,164596.933352,215945.268972,252529.514520,278207.924017,295754.154743,308435.447342,318318.538172,324671.600777,327877.759871,329937.297875,330843.731095,330365.860001,329724.826391,329663.804400,329571.551778,329642.385023,330246.519891,331216.863170,332495.091070,333301.365089,333536.742675,333133.230096,332265.466174,330971.234857,329337.069850,328795.499616,329390.543802,329947.762033,330207.465280,329716.129689,328676.591620,328174.513842,328115.192460,328510.730233,329474.688800,330396.823742,330831.559899,330391.018057,329339.857101,328153.014174,327727.689965,327969.685578,327655.025400,325732.772750,321397.018738,314098.133011,304226.180172,292161.354895,276079.546361,255344.611843,230764.756997,199376.800430,156986.204071,100021.856751,26379.686653,-65790.962589,-162686.601442,-252232.633161,-340417.682802,-414001.393968,-467468.128413,-509756.036367,-540627.596216,-563095.570159,-581193.808568,-595736.233113,-607853.107641,-623479.148893,0.000000,0.000000,0.000000,0.000000,0.000000,0.000000,0.000000,0.000000,0.000000
0.000000,0.000000,0.000000,0.000000,0.000000,0.000000,0.000000,0.000000,0.000000,-649306.476354,-629750.257619,-614304.563076,-599342.735201,-586537.359319,-574119.164204,-558319.940707,-536675.125808,-507405.642267,-468401.162828,-414243.198912,-346342.830681,-270232.459058,-186557.047741,-99724.448029,-20313.870924,51646.600440,123601.186563,185085.984424,229168.453389,261523.738243,284500.307845,300324.628013,312570.335809,321183.554706,325357.891083,327845.866883,329207.151111,329011.329852,328494.565854,328682.082913,328907.490023,329200.140148,329965.086450,330955.883929,332173.758126,332870.333991,332754.135022,331836.861187,330715.856583,329840.549358,328794.955187,328548.981783,329355.859894,330339.938656,330965.061833,330608.690677,329819.377482,329158.399037,328658.896892,328931.452882,329700.367844,330442.395819,330806.366789,330186.203470,328670.086356,327293.097256,326645.718445,325777.841654,323701.357076,320182.557173,313729.103580,302888.600241,288700.565625,271156.513419,247375.704802,217949.804138,183676.691173,142110.954581,93094.949053,34140.579449,-42468.260387,-139091.771398,-239882.395934,-328251.495429,-401708.902247,-460183.529922,-504618.111572,-536795.663383,-559800.065545,-577602.932454,-592558.826292,-606203.110777,-619070.122343,-634539.942917,0.000000,0.000000,0.000000,0.000000,0.000000,0.000000,0.000000,0.000000,0.000000
0.000000,0.000000,0.000000,0.000000,0.000000,0.000000,0.000000,0.000000,0.000000,0.000000,-643336.733525,-623978.560230,-608805.948352,-596123.931703,-585405.039144,-574364.173754,-558463.114715,-535401.309910,-505224.799337,-458950.056498,-396758.075764,-334304.284975,-262491.539591,-175718.091173,-88887.229264,-2547.184558,81053.658964,150935.992899,202753.148507,240000.212783,269052.012409,290429.477490,305050.818294,315801.870390,321475.705526,324180.552397,326096.796972,327007.727985,327461.280694,328158.932484,329048.286838,329617.845894,330204.127615,330731.982540,331440.101621,331795.292540,331200.571064,330243.237814,329409.237599,328797.369575,328614.905128,328797.870693,329379.416383,330539.525306,331510.330818,331488.721250,330738.705296,329943.861399,329541.547225,329817.628398,330538.481340,331436.722540,331624.936263,330358.653905,328298.384567,326380.161709,324562.538981,321909.361341,317888.956053,311311.724525,301007.952240,286398.576419,267368.187366,241153.202441,206470.681985,165481.739933,116532.926710,60503.392541,3121.079460,-57366.023475,-130177.665284,-218758.798552,-313682.580045,-394433.252271,-452819.710900,-497169.844091,-531915.222590,-557291.315642,-575605.453242,-590570.304078,-604401.760974,-617863.991289,-633923.363360,0.000000,0.000000,0.000000,0.000000,0.000000,0.000000,0.000000,0.000000,0.000000,0.000000
0.000000,0.000000,0.000000,0.000000,0.000000,0.000000,0.000000,0.000000,0.000000,0.000000,0.000000,-636764.149312,-619911.091190,-606480.946511,-595883.902785,-586786.797497,-575140.471877,-558844.851705,-533215.078639,-494824.511296,-445732.787099,-391957.775618,-330855.406441,-250527.633316,-156187.903796,-55210.390585,40012.425914,113237.484688,167256.554859,210593.846924,247238.278732,274617.447828,293233.007907,306775.265447,314968.251158,319122.554138,321779.317797,324251.207360,326614.782998,328296.976107,329225.926510,329871.788870,330480.968765,330476.224120,330248.214371,330059.353872,329438.097928,328500.296189,327632.321609,327411.417106,327623.182286,327826.190008,328648.680845,329767.819176,330519.067806,330522.968809,329731.256014,329323.701440,329360.645148,329925.082197,331008.576316,331766.278479,331582.583767,330063.713513,327487.073002,324449.398980,320863.754978,315952.856658,308858.423947,298049.619326,282966.617456,263062.044805,235060.322772,197866.973756,151920.366941,95008.297092,30552.076244,-39134.542231,-110239.399870,-170272.729878,-231167.610193,-307984.965378,-384405.680972,-445976.753975,-491517.897422,-525059.433453,-551474.735652,-572693.205172,-589162.510801,-602265.247022,-615598.246959,-632459.481941,0.000000,0.000000,0.000000,0.000000,0.000000,0.000000,0.000000,0.000000,0.000000,0.000000,0.000000
0.000000,0.000000,0.000000,0.000000,0.000000,0.000000,0.000000,0.000000,0.000000,0.000000,0.000000,0.000000,-630804.010634,-616581.817225,-604768.307462,-595566.959538,-586754.444214,-575028.332811,-556526.707168,-526995.503936,-489062.325748,-444119.786441,-388510.765808,-311793.055550,-210702.828487,-102234.615745,-1918.979382,71684.341724,123070.908338,173387.550152,216759.584686,251288.278512,277512.392046,294073.603820,305433.265490,312654.778324,317145.674532,320732.002644,324343.459579,327145.128649,328404.820035,328822.063706,329285.345878,328829.908745,327925.342643,327363.180121,326745.371220,325562.804258,324203.082600,324000.976264,324131.607183,324290.417831,325287.184309,326410.166910,326853.798634,326876.211831,326684.101851,326545.831751,326994.295282,328264.164767,329614.604555,330207.546071,330020.227517,328365.706879,324681.861654,319891.420461,314357.263035,306981.870035,295456.935819,278744.819910,257935.870511,228437.444352,189197.099861,145104.363364,89474.132751,19594.253677,-54915.862785,-132417.401554,-209096.588001,-273441.949153,-330351.735047,-389199.189494,-444286.499425,-488616.574792,-521566.418803,-546454.414077,-567405.692421,-585551.318403,-600075.540650,-612563.076383,-626826.213491,0.000000,0.000000,0.000000,0.000000,0.000000,0.000000,0.000000,0.000000,0.000000,0.000000,0.000000,0.000000
0.000000,0.000000,0.000000,0.000000,0.000000,0.000000,0.000000,0.000000,0.000000,0.000000,0.000000,0.000000,-642149.715652,-624607.111507,-611500.202622,-602157.255895,-594944.950342,-585358.435458,-572735.366566,-552329.009851,-521493.764176,-484215.561535,-433012.749328,-358884.926258,-261727.384849,-150277.169493,-49723.871994,22208.096305,74737.213346,123722.092143,172970.881023,217040.781436,252212.941026,276394.367704,291959.436234,303639.682452,311278.950208,316229.681817,320430.499597,323594.465599,325344.119770,325610.182230,325040.472933,323990.038232,322878.131215,321964.449785,321214.715668,319634.515559,317405.600595,316352.455513,316224.558766,316683.774479,317784.958560,319187.661707,320091.622180,320510.891774,320954.327064,321344.474759,322433.156870,324222.618209,325739.020167,326883.084942,326960.782353,324351.343579,319261.496612,312894.268409,304837.050778,293236.905360,275949.087014,252239.207077,221729.114002,180784.523551,129484.092113,76064.948443,18934.147898,-46458.593234,-123032.816048,-205143.109305,-279855.872840,-348468.512209,-404977.115646,-450730.377456,-491675.952323,-522546.167888,-545894.304515,-564884.115480,-580973.418157,-595813.075684,-608911.780164,-622087.470679,-639942.107644,0.000000,0.000000,0.000000,0.000000,0.000000,0.000000,0.000000,0.000000,0.000000,0.000000,0.000000,0.000000
0.000000,0.000000,0.000000,0.000000,0.000000,0.000000,0.000000,0.000000,0.000000,0.000000,0.000000,0.000000,0.000000,-634787.508567,-619141.204661,-608921.212354,-602071.984378,-594439.717671,-584198.734456,-569229.172756,-545560.844821,-511920.991241,-465434.779290,-400352.706528,-311429.043473,-203732.495916,-108028.951169,-38446.124838,14314.469005,58874.951671,111057.970753,165519.455086,212103.386361,249669.827366,274309.301809,288861.400920,299141.159721,308282.723897,314688.593813,317526.064816,319206.598067,319321.133486,317397.201794,315424.291785,313908.078335,312306.124195,310559.226592,308093.027641,305013.891792,302998.817260,302113.234263,302521.782203,304251.146857,306044.775877,307474.491736,309208.655062,310991.219413,312547.521729,314812.402127,317699.911741,320137.981499,321506.984810,321180.660450,317812.262651,311689.915656,303832.145204,290937.269308,271890.953657,248508.139099,216689.603714,171260.995079,115173.906504,51309.801184,-13324.431890,-68940.122135,-125425.296464,-193326.826040,-268450.965689,-342374.208575,-406683.068382,-458198.511368,-498322.884055,-527585.694072,-549091.368305,-566513.186086,-580821.824614,-592916.000833,-604486.000072,-617309.001448,-633358.173714,0.000000,0.000000,0.000000,0.000000,0.000000,0.000000,0.000000,0.000000,0.000000,0.000000,0.000000,0.000000,0.000000
0.000000,0.000000,0.000000,0.000000,0.000000,0.000000,0.000000,0.000000,0.000000,0.000000,0.000000,0.000000,0.000000,0.000000,-630077.630104,-617519.478309,-609567.406679,-603085.820611,-594458.002491,-581178.595062,-561304.128280,-532606.520792,-493151.411105,-437817.300014,-361831.660930,-269917.272675,-180171.687091,-113785.856324,-65506.733351,-20949.135705,29894.632511,93623.133510,156957.195887,209024.942191,244503.733163,265358.826945,280519.948082,292534.593396,302177.962559,307127.337379,308371.379549,308296.011906,305592.343234,302015.468987,298906.781864,296267.648218,293231.846943,288628.869655,284452.790647,281395.230605,279589.451807,279870.285607,281215.936991,283456.407821,286581.021373,290235.161030,294030.194919,297783.525538,302109.509506,306349.955758,310233.574980,312832.181101,312758.060014,309191.159545,301165.802408,288491.197463,269302.450809,242687.707658,208999.089768,164004.392536,106681.666485,33763.551769,-43218.435524,-107714.800698,-166281.536575,-221273.688605,-273828.003637,-333822.380871,-400186.108110,-456109.397199,-498793.088893,-531411.849934,-553262.299156,-569694.048585,-583062.969067,-593756.008349,-603707.127330,-614771.205839,-628786.785311,0.000000,0.000000,0.000000,0.000000,0.000000,0.000000,0.000000,0.000000,0.000000,0.000000,0.000000,0.000000,0.000000,0.000000
0.000000,0.000000,0.000000,0.000000,0.000000,0.000000,0.000000,0.000000,0.000000,0.000000,0.000000,0.000000,0.000000,0.000000,0.000000,-630747.155669,-618754.139563,-610970.908333,-602515.262381,-590783.218240,-573835.910816,-549906.677403,-518219.827789,-474447.119852,-416810.124843,-344494.009864,-271230.833206,-213955.514563,-168080.009161,-122034.127570,-66252.826324,2643.796447,82308.550033,150256.404005,196628.775296,228392.808325,248501.165690,265002.520030,280108.398593,289398.595030,290817.211982,288722.919447,285619.950658,280467.219357,274720.274934,269963.616637,264398.277203,257607.065538,251906.996809,247321.183970,244557.375759,245323.025746,246151.270134,249052.873883,255242.157399,260035.014116,265120.987563,273409.414814,281843.094999,288062.326866,294401.435173,298464.633609,298493.235940,295219.979424,285067.685087,266302.003364,237358.513548,197293.509388,148347.416238,88105.810207,17654.261902,-57537.043442,-135470.449733,-201931.948933,-257444.736127,-308686.279488,-353082.279538,-402528.631531,-452609.983758,-494864.366262,-529151.886395,-554020.653027,-572085.234842,-584731.798598,-594659.494391,-604920.128009,-615558.286013,-628784.993030,0.000000,0.000000,0.000000,0.000000,0.000000,0.000000,0.000000,0.000000,0.000000,0.000000,0.000000,0.000000,0.000000,0.000000,0.000000
0.000000,0.000000,0.000000,0.000000,0.000000,0.000000,0.000000,0.000000,0.000000,0.000000,0.000000,0.000000,0.000000,0.000000,0.000000,0.000000,-631420.285685,-619483.295737,-609586.752581,-598176.301648,-584056.618168,-565224.431989,-540095.423286,-508739.102987,-467784.537318,-417699.524698,-367822.220890,-321617.871247,-277331.766123,-229684.001393,-167684.935394,-89816.030764,-4088.476532,74517.204169,133127.687016,172210.111765,200975.506236,227843.274622,248524.836952,258881.965474,260040.866133,256830.350099,252994.355888,247378.129286,238660.729926,228515.945791,219271.532611,210840.428767,204742.219610,198683.909626,194238.652784,194751.480568,196418.443337,200607.870829,207167.033217,213291.642666,222660.398868,234908.508407,247405.450603,260106.396217,270736.776381,275385.741876,274660.426200,272133.698858,261424.286430,237501.179050,195471.482297,133940.334802,65605.441775,-9466.420143,-90407.750333,-160507.806873,-221804.394028,-284475.871245,-340368.960655,-386737.279721,-426605.251885,-462944.236748,-497691.814247,-528019.702190,-552626.688217,-571664.184371,-586083.926262,-596167.419620,-604971.872440,-615883.631985,-630579.081286,0.000000,0.000000,0.000000,0.000000,0.000000,0.000000,0.000000,0.000000,0.000000,0.000000,0.000000,0.000000,0.000000,0.000000,0.000000,0.000000
0.000000,0.000000,0.000000,0.000000,0.000000,0.000000,0.000000,0.000000,0.000000,0.000000,0.000000,0.000000,0.000000,0.000000,0.000000,0.000000,0.000000,-631220.469396,-617643.633011,-605653.043101,-592646.263410,-577406.800665,-558423.535198,-536368.478678,-509573.909348,-478550.500712,-444865.760185,-409757.078190,-368993.682457,-320540.463133,-256240.113318,-173472.648281,-87618.540224,-10245.036860,51815.556851,104339.267071,145382.841360,176615.754154,200797.098671,211502.912257,210956.321340,206272.607936,204169.922741,197647.477752,183964.181826,169412.794541,156403.974525,146301.538149,138002.165481,132411.007557,128775.829466,125873.699687,128605.314982,135708.186378,141195.593098,148256.127441,160611.819269,176776.504685,196226.037430,215738.426534,230402.835589,236834.195653,237234.582876,235772.849858,226759.905388,196596.801854,144337.787772,70064.816128,-23955.101853,-114565.974105,-190087.627527,-254969.748769,-307740.750422,-356646.762569,-409748.649700,-452952.676187,-483082.846973,-508452.429299,-532265.117239,-553142.300844,-569949.274075,-585217.190759,-596888.603653,-606106.646808,-616141.449684,-629336.113857,0.000000,0.000000,0.000000,0.000000,0.000000,0.000000,0.000000,0.000000,0.000000,0.000000,0.000000,0.000000,0.000000,0.000000,0.000000,0.000000,0.000000
0.000000,0.000000,0.000000,0.000000,0.000000,0.000000,0.000000,0.000000,0.000000,0.000000,0.000000,0.000000,0.000000,0.000000,0.000000,0.000000,0.000000,0.000000,-629374.353222,-615392.916002,-602588.678357,-589404.932118,-574863.738935,-559245.718571,-542610.516373,-523008.483018,-500347.078629,-473802.143356,-439503.698772,-393407.543330,-333603.904719,-259741.074202,-178145.474730,-105911.408393,-43713.483727,20100.871847,70775.643366,104285.679423,131259.083143,142048.273276,138582.273552,137636.599846,138863.566393,128141.289185,107449.348290,87798.395653,72097.107966,59691.868633,52395.965955,49699.213675,44238.400941,39256.445454,43139.670732,49548.744934,58299.159625,69000.841380,79674.857053,99057.829192,123233.858947,148177.211136,171694.698430,181035.006913,179843.822406,181810.095304,172188.099499,136340.719663,78740.811333,-2382.384452,-103137.463353,-201901.572133,-276562.910614,-330942.588586,-381918.068043,-427285.749659,-467527.352026,-501073.843813,-522632.868210,-540258.419464,-556142.461233,-569360.463911,-582885.394130,-596408.100369,-607426.186771,-617195.219627,-629554.318417,0.000000,0.000000,0.000000,0.000000,0.000000,0.000000,0.000000,0.000000,0.000000,0.000000,0.000000,0.000000,0.000000,0.000000,0.000000,0.000000,0.000000,0.000000
0.000000,0.000000,0.000000,0.000000,0.000000,0.000000,0.000000,0.000000,0.000000,0.000000,0.000000,0.000000,0.000000,0.000000,0.000000,0.000000,0.000000,0.000000,0.000000,-631036.304881,-615297.155837,-603273.486125,-591230.093649,-579635.893633,-567983.808170,-555612.916955,-540447.652842,-519230.304943,-491716.403600,-455239.815773,-407301.589176,-346929.758628,-280310.789065,-214904.956509,-149637.997958,-85699.210967,-30461.291100,7534.657772,32683.558512,44348.443021,47504.354878,55880.473482,55520.602860,39776.835644,11624.657125,-14238.208549,-27723.767477,-41829.282389,-45544.892313,-43555.039920,-50348.138851,-58940.627151,-64140.382174,-58063.352388,-41207.621181,-24276.640459,-9697.372398,9893.819757,35101.441993,67223.656443,100607.599440,113564.565622,112637.679737,113677.385919,94494.088395,50759.340588,-9619.377283,-90164.273672,-181206.447964,-275001.886038,-350521.802953,-401243.090578,-444603.751480,-484109.808868,-514567.933583,-535863.794197,-550528.581755,-561726.865715,-572545.710671,-582817.860353,-594607.382744,-607043.104145,-618371.095665,-632884.148216,0.000000,0.000000,0.000000,0.000000,0.000000,0.000000,0.000000,0.000000,0.000000,0.000000,0.000000,0.000000,0.000000,0.000000,0.000000,0.000000,0.000000,0.000000,0.000000
0.000000,0.000000,0.000000,0.000000,0.000000,0.000000,0.000000,0.000000,0.000000,0.000000,0.000000,0.000000,0.000000,0.000000,0.000000,0.000000,0.000000,0.000000,0.000000,0.000000,-633122.530324,-619255.266038,-607925.981853,-597837.675859,-587608.803442,-578099.988138,-567858.699670,-552105.969067,-530072.794990,-503374.555302,-468681.144382,-424241.994218,-372365.494463,-318565.990878,-259442.756929,-198282.813325,-151023.326900,-114989.991088,-89476.847609,-74986.240248,-62160.209023,-52253.258622,-51174.955102,-70875.992713,-102997.435431,-123159.506823,-135142.123923,-145955.728879,-147432.773232,-139741.774794,-142770.963159,-164860.303010,-184994.509505,-178286.201382,-155194.978046,-129885.420541,-106096.017140,-86589.807817,-55707.363545,-18341.480477,11760.331197,28443.134169,30432.259018,24114.125221,-1689.720892,-56168.697348,-118912.318839,-186830.578626,-270356.366641,-350002.017041,-412076.038842,-459475.924419,-496008.359182,-525092.439835,-546607.809830,-560468.689254,-569748.101925,-578051.173264,-586003.482514,-594875.582753,-605890.288464,-619036.412295,-633827.125426,0.000000,0.000000,0.000000,0.000000,0.000000,0.000000,0.000000,0.000000,0.000000,0.000000,0.000000,0.000000,0.000000,0.000000,0.000000,0.000000,0.000000,0.000000,0.000000,0.000000
0.000000,0.000000,0.000000,0.000000,0.000000,0.000000,0.000000,0.000000,0.000000,0.000000,0.000000,0.000000,0.000000,0.000000,0.000000,0.000000,0.000000,0.000000,0.000000,0.000000,0.000000,0.000000,-626672.346375,-613888.194324,-604554.967091,-596132.239202,-587091.185030,-576025.447341,-560562.858621,-539705.586049,-514912.244499,-484761.168986,-446248.625855,-403764.402435,-358485.601395,-310230.486461,-272097.385156,-241212.938907,-214886.904147,-201275.676286,-192324.996000,-181727.530409,-178562.767595,-195923.462752,-218417.237565,-231095.974767,-239009.132343,-245156.830493,-244236.205916,-232669.306675,-236858.709734,-267086.084412,-293746.000268,-295514.351654,-270238.133092,-234668.440647,-207740.312148,-185273.361178,-154030.915640,-122612.811277,-101207.820016,-87067.999694,-87874.086381,-96078.344680,-119726.516667,-173907.292518,-233444.829444,-291308.329513,-356683.835362,-418939.675906,-467504.113376,-503264.535457,-531595.868499,-553363.469701,-568278.759512,-577853.611563,-584264.321494,-590879.074023,-597960.956147,-606562.354662,-619643.497650,0.000000,0.000000,0.000000,0.000000,0.000000,0.000000,0.000000,0.000000,0.000000,0.000000,0.000000,0.000000,0.000000,0.000000,0.000000,0.000000,0.000000,0.000000,0.000000,0.000000,0.000000,0.000000
0.000000,0.000000,0.000000,0.000000,0.000000,0.000000,0.000000,0.000000,0.000000,0.000000,0.000000,0.000000,0.000000,0.000000,0.000000,0.000000,0.000000,0.000000,0.000000,0.000000,0.000000,0.000000,0.000000,-631642.535454,-618984.588099,-611012.011033,-602884.316267,-594481.289266,-583931.141510,-569127.115897,-550109.013281,-527984.744772,-502049.092476,-471484.389565,-439131.267084,-406530.632481,-376919.857995,-351864.311544,-331152.057477,-319689.971165,-313563.065098,-305769.858520,-305653.025914,-312159.020103,-320364.600473,-329379.359220,-330869.539853,-336150.504427,-338394.522189,-329258.594860,-333727.983635,-358842.196337,-385313.512486,-390717.182734,-367361.922738,-334082.920384,-309998.274453,-281637.570306,-253033.114324,-237798.425099,-226081.879280,-220785.195941,-222046.240183,-227224.481589,-249056.033818,-289667.985170,-337163.371780,-384390.304254,-430666.624099,-475227.002248,-511714.783006,-537376.810712,-557118.308979,-572430.618469,-583529.196133,-591318.245454,-596655.216772,-602669.931837,-610262.548506,-621369.513591,0.000000,0.000000,0.000000,0.000000,0.000000,0.000000,0.000000,0.000000,0.000000,0.000000,0.000000,0.000000,0.000000,0.000000,0.000000,0.000000,0.000000,0.000000,0.000000,0.000000,0.000000,0.000000,0.000000
0.000000,0.000000,0.000000,0.000000,0.000000,0.000000,0.000000,0.000000,0.000000,0.000000,0.000000,0.000000,0.000000,0.000000,0.000000,0.000000,0.000000,0.000000,0.000000,0.000000,0.000000,0.000000,0.000000,0.000000,-635578.946013,-626166.403753,-617405.285653,-609936.247779,-601989.446199,-590907.384240,-576195.417098,-559316.862500,-541289.343407,-522336.567641,-500883.178582,-478797.477035,-459492.726992,-440757.629336,-425054.410299,-415788.530277,-410399.096198,-407834.852333,-407006.766430,-407652.280582,-411706.735301,-415608.130366,-418162.687562,-423147.864162,-425903.725453,-423624.975748,-426888.241222,-443043.295027,-460184.523291,-460983.527866,-445568.880288,-422817.741936,-400278.616108,-373872.657369,-349309.558865,-342013.048402,-340822.225762,-339261.864945,-339673.868078,-344782.579041,-361320.901586,-389132.451305,-422773.414877,-456828.987917,-490500.817389,-520636.600578,-544807.365807,-563233.268053,-577046.323946,-588001.572261,-596627.239797,-603650.791589,-609590.907945,-617088.998738,-627526.082632,0.000000,0.000000,0.000000,0.000000,0.000000,0.000000,0.000000,0.000000,0.000000,0.000000,0.000000,0.000000,0.000000,0.000000,0.000000,0.000000,0.000000,0.000000,0.000000,0.000000,0.000000,0.000000,0.000000,0.000000
0.000000,0.000000,0.000000,0.000000,0.000000,0.000000,0.000000,0.000000,0.000000,0.000000,0.000000,0.000000,0.000000,0.000000,0.000000,0.000000,0.000000,0.000000,0.000000,0.000000,0.000000,0.000000,0.000000,0.000000,0.000000,0.000000,-635090.140916,-625983.071879,-618931.250829,-609240.706957,-596982.547594,-584576.146402,-571978.539965,-559271.049973,-545533.487449,-530693.840473,-517541.697438,-505532.774554,-494663.909195,-487497.569174,-483167.593958,-481247.457474,-480331.681574,-479816.529417,-482300.533918,-485639.991419,-488584.400248,-490966.434932,-492551.029042,-493872.138824,-496984.248364,-504866.860899,-511990.324476,-511487.519129,-502885.753578,-488325.460452,-470665.165687,-452128.634963,-435400.687147,-429877.938444,-431811.401049,-429704.524953,-431002.384448,-437097.326965,-446936.740764,-465545.834372,-488396.442799,-511590.847749,-534370.347886,-554313.106701,-571120.557730,-584552.046263,-594145.543643,-602401.535353,-610505.686077,-618166.000930,-626356.761332,0.000000,0.000000,0.000000,0.000000,0.000000,0.000000,0.000000,0.000000,0.000000,0.000000,0.000000,0.000000,0.000000,0.000000,0.000000,0.000000,0.000000,0.000000,0.000000,0.000000,0.000000,0.000000,0.000000,0.000000,0.000000,0.000000
0.000000,0.000000,0.000000,0.000000,0.000000,0.000000,0.000000,0.000000,0.000000,0.000000,0.000000,0.000000,0.000000,0.000000,0.000000,0.000000,0.000000,0.000000,0.000000,0.000000,0.000000,0.000000,0.000000,0.000000,0.000000,0.000000,0.000000,0.000000,-639355.146830,-627916.997154,-617049.922856,-606883.404893,-597140.709379,-587843.273681,-578277.388833,-567362.821875,-557467.479878,-549681.068460,-543285.054269,-538018.238441,-533881.799143,-532450.134569,-532480.483332,-530147.590675,-529178.454535,-532172.428927,-533166.800387,-533164.591495,-534923.744081,-535970.702989,-538280.657114,-542914.467098,-546304.172996,-545193.562005,-539117.916776,-530810.831636,-521347.692043,-509426.112287,-499276.477865,-497418.289623,-497948.385962,-495605.624881,-496601.958312,-500889.308953,-507272.055870,-519092.601138,-534183.503666,-549816.503449,-565536.293684,-579664.853904,-592124.764311,-602757.560203,-610500.256207,-618205.437822,-628561.627813,0.000000,0.000000,0.000000,0.000000,0.000000,0.000000,0.000000,0.000000,0.000000,0.000000,0.000000,0.000000,0.000000,0.000000,0.000000,0.000000,0.000000,0.000000,0.000000,0.000000,0.000000,0.000000,0.000000,0.000000,0.000000,0.000000,0.000000,0.000000
0.000000,0.000000,0.000000,0.000000,0.000000,0.000000,0.000000,0.000000,0.000000,0.000000,0.000000,0.000000,0.000000,0.000000,0.000000,0.000000,0.000000,0.000000,0.000000,0.000000,0.000000,0.000000,0.000000,0.000000,0.000000,0.000000,0.000000,0.000000,0.000000,0.000000,-638621.133408,-627953.647843,-618689.403999,-610272.454090,-602526.436052,-594276.501688,-586226.714670,-580296.620995,-575976.916146,-572197.632073,-569977.975636,-567794.793640,-565482.262627,-563283.445048,-560887.003844,-560876.138422,-561634.920391,-561832.991758,-562072.011396,-562126.195058,-564741.789019,-569112.502737,-571142.488797,-569712.951658,-564894.160464,-558840.239030,-553553.359085,-548178.348159,-544088.921551,-542848.076451,-541218.180094,-539630.519804,-541097.641523,-543390.307484,-547517.560035,-555168.642357,-565014.679865,-576694.236435,-588961.405013,-600723.223023,-611475.118042,-620782.737689,-629940.141675,0.000000,0.000000,0.000000,0.000000,0.000000,0.000000,0.000000,0.000000,0.000000,0.000000,0.000000,0.000000,0.000000,0.000000,0.000000,0.000000,0.000000,0.000000,0.000000,0.000000,0.000000,0.000000,0.000000,0.000000,0.000000,0.000000,0.000000,0.000000,0.000000,0.000000
0.000000,0.000000,0.000000,0.000000,0.000000,0.000000,0.000000,0.000000,0.000000,0.000000,0.000000,0.000000,0.000000,0.000000,0.000000,0.000000,0.000000,0.000000,0.000000,0.000000,0.000000,0.000000,0.000000,0.000000,0.000000,0.000000,0.000000,0.000000,0.000000,0.000000,0.000000,0.000000,-641635.868475,-630460.285263,-621250.947656,-614881.520973,-609310.729348,-604235.525333,-600383.217052,-596332.511941,-593925.920441,-591611.867190,-588098.722570,-585515.499817,-582549.598761,-580248.618806,-580018.277655,-580856.631780,-581531.046479,-581992.814747,-584024.549942,-587373.150578,-589588.185465,-588533.263783,-584319.588788,-579116.409205,-574948.812557,-572950.987961,-573168.402042,-572956.394442,-571206.272105,-570870.201369,-571318.891377,-572112.362280,-575528.849765,-581203.972592,-588692.858828,-598133.354044,-608295.250151,-619356.852733,-633061.475157,0.000000,0.000000,0.000000,0.000000,0.000000,0.000000,0.000000,0.000000,0.000000,0.000000,0.000000,0.000000,0.000000,0.000000,0.000000,0.000000,0.000000,0.000000,0.000000,0.000000,0.000000,0.000000,0.000000,0.000000,0.000000,0.000000,0.000000,0.000000,0.000000,0.000000,0.000000,0.000000
0.000000,0.000000,0.000000,0.000000,0.000000,0.000000,0.000000,0.000000,0.000000,0.000000,0.000000,0.000000,0.000000,0.000000,0.000000,0.000000,0.000000,0.000000,0.000000,0.000000,0.000000,0.000000,0.000000,0.000000,0.000000,0.000000,0.000000,0.000000,0.000000,0.000000,0.000000,0.000000,0.000000,0.000000,-641072.470097,-636485.834670,-631535.065129,-626633.825748,-621003.140162,-616631.033416,-613488.825461,-609353.160573,-606109.671025,-602468.745593,-598888.106661,-595882.604407,-594415.950037,-595319.556034,-596954.244371,-598499.580986,-600318.652739,-603267.241715,-605348.531894,-604017.557175,-600040.117540,-595406.565287,-591337.642189,-590286.071652,-592112.089563,-594033.239872,-594658.270494,-594258.058881,-594231.011217,-594494.459046,-597724.540826,-603289.957647,-610116.700578,-618896.844436,-627823.352014,0.000000,0.000000,0.000000,0.000000,0.000000,0.000000,0.000000,0.000000,0.000000,0.000000,0.000000,0.000000,0.000000,0.000000,0.000000,0.000000,0.000000,0.000000,0.000000,0.000000,0.000000,0.000000,0.000000,0.000000,0.000000,0.000000,0.000000,0.000000,0.000000,0.000000,0.000000,0.000000,0.000000,0.000000
0.000000,0.000000,0.000000,0.000000,0.000000,0.000000,0.000000,0.000000,0.000000,0.000000,0.000000,0.000000,0.000000,0.000000,0.000000,0.000000,0.000000,0.000000,0.000000,0.000000,0.000000,0.000000,0.000000,0.000000,0.000000,0.000000,0.000000,0.000000,0.000000,0.000000,0.000000,0.000000,0.000000,0.000000,0.000000,0.000000,0.000000,0.000000,-643640.945206,-639737.832519,-634817.052227,-628807.208430,-621977.069997,-617381.047461,-614045.849807,-610444.145285,-609165.420417,-610758.631200,-613101.661754,-614372.981413,-615878.246129,-618461.451152,-620324.007527,-619171.725226,-615380.693615,-610496.653339,-606219.889968,-605007.578608,-607019.333255,-610207.518174,-613658.333228,-615445.359389,-615755.215064,-617375.031456,-620272.289273,0.000000,0.000000,0.000000,0.000000,0.000000,0.000000,0.000000,0.000000,0.000000,0.000000,0.000000,0.000000,0.000000,0.000000,0.000000,0.000000,0.000000,0.000000,0.000000,0.000000,0.000000,0.000000,0.000000,0.000000,0.000000,0.000000,0.000000,0.000000,0.000000,0.000000,0.000000,0.000000,0.000000,0.000000,0.000000,0.000000,0.000000,0.000000
0.000000,0.000000,0.000000,0.000000,0.000000,0.000000,0.000000,0.000000,0.000000,0.000000,0.000000,0.000000,0.000000,0.000000,0.000000,0.000000,0.000000,0.000000,0.000000,0.000000,0.000000,0.000000,0.000000,0.000000,0.000000,0.000000,0.000000,0.000000,0.000000,0.000000,0.000000,0.000000,0.000000,0.000000,0.000000,0.000000,0.000000,0.000000,0.000000,0.000000,0.000000,0.000000,-640911.482933,-636764.841996,-632499.510328,-629191.604526,-627221.357562,-629497.163643,-632673.923945,-633580.948755,-634153.660133,-635904.144985,-638225.563108,-637833.504693,-634215.429784,-629201.699522,-624179.774171,-622188.007787,-624366.497578,-629719.780185,-633743.478458,0.000000,0.000000,0.000000,0.000000,0.000000,0.000000,0.000000,0.000000,0.000000,0.000000,0.000000,0.000000,0.000000,0.000000,0.000000,0.000000,0.000000,0.000000,0.000000,0.000000,0.000000,0.000000,0.000000,0.000000,0.000000,0.000000,0.000000,0.000000,0.000000,0.000000,0.000000,0.000000,0.000000,0.000000,0.000000,0.000000,0.000000,0.000000,0.000000,0.000000,0.000000,0.000000
0.000000,0.000000,0.000000,0.000000,0.000000,0.000000,0.000000,0.000000,0.000000,0.000000,0.000000,0.000000,0.000000,0.000000,0.000000,0.000000,0.000000,0.000000,0.000000,0.000000,0.000000,0.000000,0.000000,0.000000,0.000000,0.000000,0.000000,0.000000,0.000000,0.000000,0.000000,0.000000,0.000000,0.000000,0.000000,0.000000,0.000000,0.000000,0.000000,0.000000,0.000000,0.000000,0.000000,0.000000,0.000000,0.000000,0.000000,0.000000,0.000000,0.000000,0.000000,0.000000,0.000000,0.000000,0.000000,0.000000,0.000000,0.000000,0.000000,0.000000,0.000000,0.000000,0.000000,0.000000,0.000000,0.000000,0.000000,0.000000,0.000000,0.000000,0.000000,0.000000,0.000000,0.000000,0.000000,0.000000,0.000000,0.000000,0.000000,0.000000,0.000000,0.000000,0.000000,0.000000,0.000000,0.000000,0.000000,0.000000,0.000000,0.000000,0.000000,0.000000,0.000000,0.000000,0.000000,0.000000,0.000000,0.000000,0.000000,0.000000,0.000000,0.000000,0.000000
0.000000,0.000000,0.000000,0.000000,0.000000,0.000000,0.000000,0.000000,0.000000,0.000000,0.000000,0.000000,0.000000,0.000000,0.000000,0.000000,0.000000,0.000000,0.000000,0.000000,0.000000,0.000000,0.000000,0.000000,0.000000,0.000000,0.000000,0.000000,0.000000,0.000000,0.000000,0.000000,0.000000,0.000000,0.000000,0.000000,0.000000,0.000000,0.000000,0.000000,0.000000,0.000000,0.000000,0.000000,0.000000,0.000000,0.000000,0.000000,0.000000,0.000000,0.000000,0.000000,0.000000,0.000000,0.000000,0.000000,0.000000,0.000000,0.000000,0.000000,0.000000,0.000000,0.000000,0.000000,0.000000,0.000000,0.000000,0.000000,0.000000,0.000000,0.000000,0.000000,0.000000,0.000000,0.000000,0.000000,0.000000,0.000000,0.000000,0.000000,0.000000,0.000000,0.000000,0.000000,0.000000,0.000000,0.000000,0.000000,0.000000,0.000000,0.000000,0.000000,0.000000,0.000000,0.000000,0.000000,0.000000,0.000000,0.000000,0.000000,0.000000,0.000000,0.000000
