0.000000,0.000000,0.000000,0.000000,0.000000,0.000000,0.000000,0.000000,0.000000,0.000000,0.000000,0.000000,0.000000,0.000000,0.000000,0.000000,0.000000,0.000000,0.000000,0.000000,0.000000,0.000000,0.000000,0.000000,0.000000,0.000000,0.000000,0.000000,0.000000,0.000000,0.000000,0.000000,0.000000,0.000000,0.000000,0.000000,0.000000,0.000000,0.000000,0.000000,0.000000,0.000000,0.000000,0.000000,0.000000,0.000000,0.000000,0.000000,0.000000,0.000000,0.000000,0.000000,0.000000,0.000000,0.000000,0.000000,0.000000,0.000000,0.000000,0.000000,0.000000,0.000000,0.000000,0.000000,0.000000,0.000000,0.000000,0.000000,0.000000,0.000000,0.000000,0.000000,0.000000,0.000000,0.000000,0.000000,0.000000,0.000000,0.000000,0.000000,0.000000,0.000000,0.000000,0.000000,0.000000,0.000000,0.000000,0.000000,0.000000,0.000000,0.000000,0.000000,0.000000,0.000000,0.000000,0.000000,0.000000,0.000000,0.000000,0.000000,0.000000,0.000000,0.000000
0.000000,0.000000,0.000000,0.000000,0.000000,0.000000,0.000000,0.000000,0.000000,0.000000,0.000000,0.000000,0.000000,0.000000,0.000000,0.000000,0.000000,0.000000,0.000000,0.000000,0.000000,0.000000,0.000000,0.000000,0.000000,0.000000,0.000000,0.000000,0.000000,0.000000,0.000000,0.000000,0.000000,0.000000,0.000000,0.000000,0.000000,0.000000,0.000000,0.000000,0.000000,0.000000,0.000000,0.000000,0.000000,0.000000,0.000000,0.000000,0.000000,0.000000,0.000000,0.000000,0.000000,0.000000,0.000000,0.000000,0.000000,0.000000,0.000000,0.000000,0.000000,0.000000,0.000000,0.000000,0.000000,0.000000,0.000000,0.000000,0.000000,0.000000,0.000000,0.000000,0.000000,0.000000,0.000000,0.000000,0.000000,0.000000,0.000000,0.000000,0.000000,0.000000,0.000000,0.000000,0.000000,0.000000,0.000000,0.000000,0.000000,0.000000,0.000000,0.000000,0.000000,0.000000,0.000000,0.000000,0.000000,0.000000,0.000000,0.000000,0.000000,0.000000,0.000000
0.000000,0.000000,0.000000,0.000000,0.000000,0.000000,0.000000,0.000000,0.000000,0.000000,0.000000,0.000000,0.000000,0.000000,0.000000,0.000000,0.000000,0.000000,0.000000,0.000000,0.000000,0.000000,0.000000,0.000000,0.000000,0.000000,0.000000,0.000000,0.000000,0.000000,0.000000,0.000000,0.000000,0.000000,0.000000,0.000000,0.000000,0.000000,0.000000,0.000000,0.000000,0.000000,-708341.382244,-697052.620944,-688990.972266,-681663.039293,-674423.646439,-668644.691266,-663665.582182,-659395.137487,-658254.813508,-660951.803858,-665278.850001,-669194.139665,-672248.185477,-674418.907638,-677622.340165,-683537.745888,-689252.732960,-692472.935630,-700059.523916,0.000000,0.000000,0.000000,0.000000,0.000000,0.000000,0.000000,0.000000,0.000000,0.000000,0.000000,0.000000,0.000000,0.000000,0.000000,0.000000,0.000000,0.000000,0.000000,0.000000,0.000000,0.000000,0.000000,0.000000,0.000000,0.000000,0.000000,0.000000,0.000000,0.000000,0.000000,0.000000,0.000000,0.000000,0.000000,0.000000,0.000000,0.000000,0.000000,0.000000,0.000000,0.000000
0.000000,0.000000,0.000000,0.000000,0.000000,0.000000,0.000000,0.000000,0.000000,0.000000,0.000000,0.000000,0.000000,0.000000,0.000000,0.000000,0.000000,0.000000,0.000000,0.000000,0.000000,0.000000,0.000000,0.000000,0.000000,0.000000,0.000000,0.000000,0.000000,0.000000,0.000000,0.000000,0.000000,0.000000,0.000000,0.000000,0.000000,0.000000,-713707.571655,-704820.844723,-697349.247936,-689174.454196,-682008.966527,-673952.916371,-663837.211019,-655083.012699,-647412.080520,-640911.975765,-635085.328848,-630085.125481,-627959.239562,-628723.693465,-631940.233119,-636866.528282,-641173.865747,-645679.184010,-651444.140512,-657462.494018,-663837.846836,-670299.673448,-676309.836284,-684958.989882,-693414.534415,-698379.496644,-705185.104627,0.000000,0.000000,0.000000,0.000000,0.000000,0.000000,0.000000,0.000000,0.000000,0.000000,0.000000,0.000000,0.000000,0.000000,0.000000,0.000000,0.000000,0.000000,0.000000,0.000000,0.000000,0.000000,0.000000,0.000000,0.000000,0.000000,0.000000,0.000000,0.000000,0.000000,0.000000,0.000000,0.000000,0.000000,0.000000,0.000000,0.000000,0.000000
0.000000,0.000000,0.000000,0.000000,0.000000,0.000000,0.000000,0.000000,0.000000,0.000000,0.000000,0.000000,0.000000,0.000000,0.000000,0.000000,0.000000,0.000000,0.000000,0.000000,0.000000,0.000000,0.000000,0.000000,0.000000,0.000000,0.000000,0.000000,0.000000,0.000000,0.000000,0.000000,0.000000,0.000000,-706562.845111,-700658.803600,-696835.443195,-692814.457581,-687877.088409,-681854.631567,-674743.069553,-668035.285675,-661157.729405,-651436.964923,-639328.532539,-628901.336409,-619363.925875,-609294.518948,-600637.672664,-593278.491736,-587719.925866,-586037.822095,-589237.005272,-595692.218014,-603116.326114,-611378.160750,-620495.931164,-629464.428141,-638780.304223,-648111.905636,-656810.575594,-665016.276350,-671430.723624,-676457.986813,-680293.537038,-685101.236145,-689304.178821,-692396.656962,-699240.248288,0.000000,0.000000,0.000000,0.000000,0.000000,0.000000,0.000000,0.000000,0.000000,0.000000,0.000000,0.000000,0.000000,0.000000,0.000000,0.000000,0.000000,0.000000,0.000000,0.000000,0.000000,0.000000,0.000000,0.000000,0.000000,0.000000,0.000000,0.000000,0.000000,0.000000,0.000000,0.000000,0.000000,0.000000
0.000000,0.000000,0.000000,0.000000,0.000000,0.000000,0.000000,0.000000,0.000000,0.000000,0.000000,0.000000,0.000000,0.000000,0.000000,0.000000,0.000000,0.000000,0.000000,0.000000,0.000000,0.000000,0.000000,0.000000,0.000000,0.000000,0.000000,0.000000,0.000000,0.000000,0.000000,0.000000,-704610.787241,-693199.363975,-684355.447356,-677824.205718,-673048.519089,-669687.782120,-666168.648701,-661545.991650,-655533.045985,-649548.828906,-641040.409982,-628323.133319,-613612.251996,-598105.433785,-582365.167997,-566829.219171,-551842.599489,-538514.745626,-529694.661857,-525721.427851,-527452.918226,-535528.869874,-547614.334107,-562243.512642,-578147.316797,-594249.662307,-609598.954464,-623759.567930,-636514.682931,-646480.801701,-653919.221048,-659562.157282,-662950.114503,-665316.413286,-667465.216441,-670731.834307,-676796.565754,-685924.832217,-696818.161045,0.000000,0.000000,0.000000,0.000000,0.000000,0.000000,0.000000,0.000000,0.000000,0.000000,0.000000,0.000000,0.000000,0.000000,0.000000,0.000000,0.000000,0.000000,0.000000,0.000000,0.000000,0.000000,0.000000,0.000000,0.000000,0.000000,0.000000,0.000000,0.000000,0.000000,0.000000,0.000000
0.000000,0.000000,0.000000,0.000000,0.000000,0.000000,0.000000,0.000000,0.000000,0.000000,0.000000,0.000000,0.000000,0.000000,0.000000,0.000000,0.000000,0.000000,0.000000,0.000000,0.000000,0.000000,0.000000,0.000000,0.000000,0.000000,0.000000,0.000000,0.000000,0.000000,-700456.814514,-689623.807495,-679620.694545,-671055.274049,-664594.175001,-658735.844644,-653642.899386,-649160.516790,-645475.986809,-642007.814125,-636544.885759,-629862.498608,-619533.311208,-602751.360780,-581649.016556,-556895.616183,-531183.903633,-507597.953744,-482768.312638,-460525.497763,-446872.765527,-439461.471896,-441025.991662,-453378.303594,-471893.690894,-495496.811834,-521181.152645,-545379.058612,-569617.924334,-592831.919930,-612057.878708,-625890.588912,-635775.075691,-643528.358393,-648353.010692,-650713.365469,-651906.220813,-654203.031605,-658850.152269,-665113.202307,-673413.175043,-684155.807251,-696791.111464,0.000000,0.000000,0.000000,0.000000,0.000000,0.000000,0.000000,0.000000,0.000000,0.000000,0.000000,0.000000,0.000000,0.000000,0.000000,0.000000,0.000000,0.000000,0.000000,0.000000,0.000000,0.000000,0.000000,0.000000,0.000000,0.000000,0.000000,0.000000,0.000000,0.000000
0.000000,0.000000,0.000000,0.000000,0.000000,0.000000,0.000000,0.000000,0.000000,0.000000,0.000000,0.000000,0.000000,0.000000,0.000000,0.000000,0.000000,0.000000,0.000000,0.000000,0.000000,0.000000,0.000000,0.000000,0.000000,0.000000,0.000000,0.000000,-695835.440145,-686131.143936,-676150.868001,-666855.035258,-659316.434596,-652081.152664,-645290.684355,-639280.853538,-632983.084636,-627469.047347,-624778.736276,-621277.164627,-614961.288465,-606948.887418,-592975.316919,-570621.746934,-539480.323940,-502819.152857,-465478.406627,-426081.241947,-389952.470933,-361197.020373,-336477.513770,-322271.116663,-326448.378040,-346679.388814,-376879.064787,-411612.255145,-447129.671804,-483050.619087,-518523.190885,-550728.888407,-578223.664733,-600050.466939,-615614.160974,-625955.266480,-632416.182508,-635420.334891,-636911.017055,-639084.682139,-642340.980464,-647441.339631,-653871.598312,-662363.921296,-673632.085972,-684147.341763,-694804.385362,0.000000,0.000000,0.000000,0.000000,0.000000,0.000000,0.000000,0.000000,0.000000,0.000000,0.000000,0.000000,0.000000,0.000000,0.000000,0.000000,0.000000,0.000000,0.000000,0.000000,0.000000,0.000000,0.000000,0.000000,0.000000,0.000000,0.000000,0.000000
0.000000,0.000000,0.000000,0.000000,0.000000,0.000000,0.000000,0.000000,0.000000,0.000000,0.000000,0.000000,0.000000,0.000000,0.000000,0.000000,0.000000,0.000000,0.000000,0.000000,0.000000,0.000000,0.000000,0.000000,0.000000,0.000000,-697898.381586,-685999.816703,-674212.218968,-664941.823994,-657263.565016,-648640.600481,-639709.330740,-631000.547309,-623246.559814,-615374.520554,-607585.986812,-602810.180771,-598035.091889,-591512.156798,-586493.696696,-577472.265833,-559012.302672,-529391.279553,-486238.310928,-433344.779577,-377624.198806,-323913.981214,-276027.137564,-236670.226426,-204942.876201,-184888.910576,-187644.708996,-218343.563234,-262389.757074,-305415.275800,-352237.948653,-404041.887823,-453916.593656,-497498.286990,-534589.138199,-564690.059870,-587655.150987,-604930.115321,-614852.961261,-618356.373568,-619841.865522,-622023.435670,-624710.870644,-627911.388883,-633502.306932,-643154.814557,-654184.866183,-663757.801951,-672568.155297,-682129.386007,-695870.619842,0.000000,0.000000,0.000000,0.000000,0.000000,0.000000,0.000000,0.000000,0.000000,0.000000,0.000000,0.000000,0.000000,0.000000,0.000000,0.000000,0.000000,0.000000,0.000000,0.000000,0.000000,0.000000,0.000000,0.000000,0.000000,0.000000
0.000000,0.000000,0.000000,0.000000,0.000000,0.000000,0.000000,0.000000,0.000000,0.000000,0.000000,0.000000,0.000000,0.000000,0.000000,0.000000,0.000000,0.000000,0.000000,0.000000,0.000000,0.000000,0.000000,0.000000,-702398.066511,-688516.716018,-677490.722721,-666461.143172,-657886.209483,-649754.631196,-640402.564973,-630344.609038,-618985.058443,-606929.580556,-594913.034554,-583892.198499,-573913.170949,-565848.452025,-559073.991961,-550261.225435,-542467.163296,-534964.430691,-515556.456844,-477081.439909,-423250.646600,-352396.985158,-274051.539320,-209440.217768,-152135.500696,-105205.333749,-72058.560613,-45658.562143,-49478.066960,-85569.790767,-132136.273606,-180863.221594,-234561.049582,-299884.093412,-368749.175619,-428421.018957,-476562.970148,-517211.794873,-549929.870707,-573825.607532,-591086.398268,-598424.940469,-597682.633111,-597269.706432,-600213.468706,-603717.870957,-608633.379396,-618657.007195,-631632.281216,-643299.315950,-651902.288301,-660270.241480,-672150.758349,-686422.307513,-702143.110630,0.000000,0.000000,0.000000,0.000000,0.000000,0.000000,0.000000,0.000000,0.000000,0.000000,0.000000,0.000000,0.000000,0.000000,0.000000,0.000000,0.000000,0.000000,0.000000,0.000000,0.000000,0.000000,0.000000,0.000000
0.000000,0.000000,0.000000,0.000000,0.000000,0.000000,0.000000,0.000000,0.000000,0.000000,0.000000,0.000000,0.000000,0.000000,0.000000,0.000000,0.000000,0.000000,0.000000,0.000000,0.000000,0.000000,0.000000,-691363.369930,-678638.403852,-668360.250477,-660226.598853,-651749.145096,-643134.839384,-633895.633372,-623055.660993,-610705.758289,-594753.504206,-575239.223891,-558099.762164,-542647.843941,-525790.196943,-511417.394567,-502163.865141,-492851.091919,-484998.110207,-480026.871076,-458677.774600,-412626.255690,-344736.250745,-262009.764028,-176235.010107,-97303.556660,-37260.441770,5908.594232,42573.501029,69880.272657,66295.583421,33892.681810,-6414.290260,-50530.106205,-103636.790833,-177924.101551,-266809.682653,-345196.567870,-405468.495222,-457776.283204,-499894.049695,-531543.706562,-555724.361942,-566423.710856,-565680.841060,-561672.896598,-560708.723291,-565698.023634,-574712.053192,-586859.057144,-602120.874031,-616385.717102,-628471.986476,-639969.107119,-652746.723546,-666757.645553,-681557.147557,-698435.758004,0.000000,0.000000,0.000000,0.000000,0.000000,0.000000,0.000000,0.000000,0.000000,0.000000,0.000000,0.000000,0.000000,0.000000,0.000000,0.000000,0.000000,0.000000,0.000000,0.000000,0.000000,0.000000,0.000000
0.000000,0.000000,0.000000,0.000000,0.000000,0.000000,0.000000,0.000000,0.000000,0.000000,0.000000,0.000000,0.000000,0.000000,0.000000,0.000000,0.000000,0.000000,0.000000,0.000000,0.000000,0.000000,-681230.785887,-667437.386822,-657775.228299,-650253.171379,-642342.892366,-634082.501398,-625285.391257,-614797.347376,-602135.950472,-584070.744839,-558656.788670,-531669.036096,-506046.264125,-480410.232602,-454683.969272,-436086.456422,-426819.071242,-422449.569434,-423808.764839,-416020.497761,-383273.688140,-326984.268563,-247596.916675,-159654.397854,-80066.035720,-6261.089636,51261.302719,96379.774292,134960.398071,157956.897644,161327.691703,135978.788924,100152.290563,65714.754446,16924.503822,-58947.056928,-156608.459393,-250511.322359,-331428.363365,-392966.837963,-436469.441661,-477703.901464,-508123.662629,-519853.314953,-515612.789907,-504113.032294,-501164.547239,-508676.339365,-522760.145266,-542710.194573,-563977.669324,-583335.600748,-600836.198110,-616616.191926,-632462.858986,-649081.655116,-663942.622973,-675909.251547,-690398.685152,0.000000,0.000000,0.000000,0.000000,0.000000,0.000000,0.000000,0.000000,0.000000,0.000000,0.000000,0.000000,0.000000,0.000000,0.000000,0.000000,0.000000,0.000000,0.000000,0.000000,0.000000,0.000000
0.000000,0.000000,0.000000,0.000000,0.000000,0.000000,0.000000,0.000000,0.000000,0.000000,0.000000,0.000000,0.000000,0.000000,0.000000,0.000000,0.000000,0.000000,0.000000,0.000000,-690590.673559,-673699.948360,-658874.196169,-646178.053725,-636489.234547,-627852.312109,-618580.833942,-609732.109396,-600534.961561,-588377.962600,-571669.063344,-546436.870441,-511022.786228,-469893.323643,-428223.145514,-391081.651645,-355550.595857,-330688.567651,-330406.854069,-340815.645571,-345571.051338,-333664.766161,-289132.689345,-216020.767733,-136146.711992,-54182.303666,17292.943954,72727.465755,124751.708023,170741.545646,208518.211205,233472.314010,237149.193584,220579.659401,190923.867227,155415.705955,111828.913471,42415.701405,-52310.851525,-155308.767485,-248909.997231,-319698.589758,-370598.231873,-411353.070016,-445020.178842,-457871.020745,-445093.983726,-424177.937049,-416310.996493,-427183.256109,-452134.297962,-482516.194597,-510899.308568,-538197.501958,-564661.913009,-588391.439521,-608685.416520,-627169.067993,-643478.017364,-656490.119154,-668541.348536,-682399.340083,-698867.217605,0.000000,0.000000,0.000000,0.000000,0.000000,0.000000,0.000000,0.000000,0.000000,0.000000,0.000000,0.000000,0.000000,0.000000,0.000000,0.000000,0.000000,0.000000,0.000000,0.000000
0.000000,0.000000,0.000000,0.000000,0.000000,0.000000,0.000000,0.000000,0.000000,0.000000,0.000000,0.000000,0.000000,0.000000,0.000000,0.000000,0.000000,0.000000,0.000000,-683637.379463,-667232.736352,-652524.163252,-637869.851454,-622415.557321,-608404.550118,-596215.015183,-585021.625946,-575501.424740,-563699.312302,-548510.217176,-530155.897417,-501887.162480,-455441.279653,-394691.674294,-337637.555091,-286156.358283,-237942.134243,-209394.784200,-209886.971919,-226918.985267,-233719.062293,-217021.235999,-169582.470474,-95315.353780,-19805.810932,45729.879393,101797.604710,150530.634988,196021.785339,234747.662243,265415.997568,286035.269131,289652.165713,278809.688442,256212.073565,223713.194319,181813.615158,121460.041624,34391.291241,-68266.021698,-159879.150553,-233487.248161,-290478.377805,-332183.745299,-363735.135632,-372709.062637,-355810.209808,-330082.955508,-314667.422016,-328724.157566,-366457.568127,-405389.572332,-441633.014208,-477609.316487,-512624.748182,-547716.060720,-577447.538588,-599798.163126,-619159.101456,-634968.835718,-648786.455848,-662967.077516,-676848.069993,-694315.743344,0.000000,0.000000,0.000000,0.000000,0.000000,0.000000,0.000000,0.000000,0.000000,0.000000,0.000000,0.000000,0.000000,0.000000,0.000000,0.000000,0.000000,0.000000,0.000000
0.000000,0.000000,0.000000,0.000000,0.000000,0.000000,0.000000,0.000000,0.000000,0.000000,0.000000,0.000000,0.000000,0.000000,0.000000,0.000000,0.000000,0.000000,-679503.101101,-661378.134149,-645930.927807,-630214.382521,-611350.731963,-590356.938888,-570368.236589,-552716.578234,-537661.974993,-521818.958468,-506315.882884,-492892.982979,-473867.912570,-441805.785319,-391280.716153,-323139.820149,-251312.770456,-186249.343962,-132479.982712,-96958.613400,-85045.076096,-91146.770692,-94922.334167,-76375.712040,-34050.492747,21425.246261,81269.110314,131720.173555,173078.496665,215781.525173,253520.549871,283230.551062,303778.628780,314623.883924,318275.110409,312069.710091,295946.218005,270005.563684,233356.092506,180709.349614,107186.597183,19523.934422,-68394.727991,-137526.439460,-184892.815381,-228697.725097,-259240.651948,-262795.580800,-245807.379408,-216785.100124,-205289.539715,-224403.143797,-262659.403042,-308710.925432,-352335.821981,-396231.279053,-444983.032209,-492638.182992,-533437.848671,-565836.480974,-590331.436119,-610026.297666,-627352.570718,-643368.357061,-657501.289457,-671769.348915,-689746.382665,0.000000,0.000000,0.000000,0.000000,0.000000,0.000000,0.000000,0.000000,0.000000,0.000000,0.000000,0.000000,0.000000,0.000000,0.000000,0.000000,0.000000,0.000000
0.000000,0.000000,0.000000,0.000000,0.000000,0.000000,0.000000,0.000000,0.000000,0.000000,0.000000,0.000000,0.000000,0.000000,0.000000,0.000000,0.000000,-678119.609105,-658903.101815,-641028.790785,-622027.122234,-600993.959054,-575203.334744,-546103.790999,-517530.193012,-491025.275295,-465698.931846,-441033.497343,-421442.906455,-407923.950177,-390547.483627,-358818.373703,-309432.039530,-243462.083393,-166965.087740,-101648.637925,-49947.742481,-3572.009029,21729.018626,30064.798612,37044.340050,53018.304595,84819.854878,124344.107796,164145.073165,200652.217103,233724.429531,265340.227528,293032.360604,313235.957691,325961.617381,332367.550704,333448.304846,330253.342904,319734.276831,300097.073083,272118.288183,229788.817694,171514.428085,102555.505043,32032.505762,-26747.628022,-70290.936775,-108262.070279,-133135.314831,-134471.247512,-118219.432121,-93549.574349,-84617.890599,-103778.530494,-143275.063182,-192809.912963,-242690.941491,-297641.753845,-364824.363150,-429198.208528,-480358.091913,-521524.558608,-554860.413760,-581830.734306,-603308.471876,-622097.552945,-638299.026558,-653712.053254,-670353.609076,-690159.890628,0.000000,0.000000,0.000000,0.000000,0.000000,0.000000,0.000000,0.000000,0.000000,0.000000,0.000000,0.000000,0.000000,0.000000,0.000000,0.000000,0.000000
0.000000,0.000000,0.000000,0.000000,0.000000,0.000000,0.000000,0.000000,0.000000,0.000000,0.000000,0.000000,0.000000,0.000000,0.000000,0.000000,-680232.224744,-659313.931816,-640414.620852,-617811.675954,-591776.717293,-560876.428665,-524102.405578,-484216.331172,-443333.366838,-405390.856193,-367388.246265,-331845.345555,-307607.300785,-292968.477100,-279855.968260,-253453.892275,-208182.518258,-150428.938768,-83604.051727,-20098.559173,30432.742387,75777.427591,108608.685821,125907.888336,138387.610669,152518.921448,174491.165494,202894.035571,231469.877926,256408.965588,279607.209655,301696.163948,319482.104241,331514.134424,339682.813222,344619.439389,345352.080411,341340.510527,333428.185614,320617.233804,299822.241320,269641.662366,227700.029410,176152.851589,124835.042549,80069.111780,41351.954671,11757.247240,-4635.913814,-4556.123837,9837.601430,25343.843718,28655.709018,10338.957169,-27496.641282,-74538.885445,-136418.460250,-209487.496314,-282759.189685,-358961.668633,-422251.341117,-467973.731722,-508732.448330,-545389.297998,-575577.317125,-599724.755935,-619940.903964,-637293.304032,-654536.541534,-672174.108794,-691979.267895,0.000000,0.000000,0.000000,0.000000,0.000000,0.000000,0.000000,0.000000,0.000000,0.000000,0.000000,0.000000,0.000000,0.000000,0.000000,0.000000
0.000000,0.000000,0.000000,0.000000,0.000000,0.000000,0.000000,0.000000,0.000000,0.000000,0.000000,0.000000,0.000000,0.000000,0.000000,-679796.870771,-660949.868014,-641611.347607,-617877.257564,-588459.039645,-551621.604057,-507268.589213,-457243.370198,-403256.256557,-348460.900954,-299183.334825,-251299.719024,-204319.224084,-176711.658930,-168828.330389,-153988.909156,-128208.704095,-100567.432700,-56273.286581,5269.754435,63686.700637,110730.094301,149938.960238,181015.158922,199502.768490,211424.567224,224776.066379,240787.021111,259069.189477,278680.845146,296733.869187,311920.114001,325662.213460,336041.529278,343014.524503,348953.086164,352354.943807,352170.515954,348936.722915,343477.921548,334866.392983,320509.642716,299320.991621,271743.752833,237462.936722,199570.631425,166387.785185,139719.578896,118325.009887,106847.860608,108266.348926,117097.005758,125126.352435,119432.839032,97265.865216,63308.757570,11615.511992,-56630.137370,-133054.399863,-210226.844369,-285483.713196,-349723.274146,-399396.225482,-448149.441107,-497876.324739,-540662.013506,-574991.580795,-601613.590663,-622241.297098,-639603.249528,-656206.515788,-672691.579469,-690203.853878,0.000000,0.000000,0.000000,0.000000,0.000000,0.000000,0.000000,0.000000,0.000000,0.000000,0.000000,0.000000,0.000000,0.000000,0.000000
0.000000,0.000000,0.000000,0.000000,0.000000,0.000000,0.000000,0.000000,0.000000,0.000000,0.000000,0.000000,0.000000,0.000000,-679022.857666,-661013.992713,-643350.679471,-620664.529941,-591298.952132,-552466.218222,-502775.320766,-442909.216733,-374948.434789,-303191.123951,-234668.201306,-174892.033333,-123745.563638,-77254.499790,-48282.352350,-38431.256852,-23459.280999,-2373.089864,15612.688652,44840.592100,94180.002621,142726.792720,181284.022734,213953.567910,238074.569958,252716.701845,263108.907610,274751.870157,286919.320595,298794.807991,310790.156171,322663.439671,332515.794286,340301.482159,346490.953290,351522.294385,355332.497781,356640.938286,355804.001882,353748.851221,350622.419781,345520.900586,336612.961536,322553.972129,303580.866184,281620.120083,257620.119509,234634.593205,215788.071142,201487.346061,194684.345044,195614.279621,198817.478170,199555.155359,190829.521571,168901.663796,132821.096098,75017.373046,8435.542129,-56242.916345,-126793.585582,-198247.138283,-260703.340085,-314322.877597,-373262.805586,-438862.536423,-498987.370534,-546392.145321,-580725.352210,-605930.823439,-624815.498956,-640780.220341,-656337.898539,-671710.092078,-689454.587873,0.000000,0.000000,0.000000,0.000000,0.000000,0.000000,0.000000,0.000000,0.000000,0.000000,0.000000,0.000000,0.000000,0.000000
0.000000,0.000000,0.000000,0.000000,0.000000,0.000000,0.000000,0.000000,0.000000,0.000000,0.000000,0.000000,0.000000,-679278.613703,-661514.267456,-644765.508236,-624841.944110,-598365.832135,-561924.409341,-511580.856881,-445812.963613,-368204.068472,-280741.036972,-189524.313683,-107365.938873,-43906.773046,4375.312439,43602.848427,66351.607197,78968.018354,93704.480924,110053.564120,125156.649699,143756.221641,175293.651090,211016.847573,238806.605084,261117.667590,278414.172712,289933.520481,299288.831305,307435.623205,315618.342594,324119.785051,332059.681192,339149.195071,344810.648924,349448.300120,353255.564539,356668.087708,359113.183643,359629.093030,358881.449764,357474.928865,355325.219211,351871.333763,346823.818534,338750.428499,326726.926642,312992.058428,298537.516349,283816.623867,271138.530142,262067.643451,257250.198628,256152.604684,256887.408079,255343.160738,246511.688998,226430.719016,193421.248356,144609.453440,83731.973175,27113.782474,-27292.411202,-97895.902250,-172650.575126,-237570.563637,-306274.472656,-382510.027322,-455750.454853,-514440.686004,-556234.960100,-585674.242641,-607201.442832,-624417.926459,-639457.002374,-655284.084960,-671845.702388,-690610.295414,0.000000,0.000000,0.000000,0.000000,0.000000,0.000000,0.000000,0.000000,0.000000,0.000000,0.000000,0.000000,0.000000
0.000000,0.000000,0.000000,0.000000,0.000000,0.000000,0.000000,0.000000,0.000000,0.000000,0.000000,0.000000,-688228.107477,-667133.532587,-648669.570078,-631139.581274,-607660.935315,-575212.628455,-528725.921779,-464581.696436,-384161.144067,-288130.036052,-182872.420885,-79675.185235,7566.034583,67093.989224,108764.328590,143025.166520,160009.113300,167400.329954,183942.818171,199480.148902,208320.319620,222010.908983,242699.843449,263419.963486,280367.005244,295219.705382,307327.253325,316119.082094,323233.744853,328429.130988,333244.788552,338959.202966,344253.917620,348719.584614,352198.241182,355030.875604,357671.910093,360124.558624,361504.497603,361548.402211,360879.438474,359947.232402,358859.114474,356977.267570,353734.693661,349012.146534,342096.449275,333976.814786,325521.263572,316572.920540,308945.109559,302922.640655,298868.810629,296849.995760,295419.482511,292952.860998,285587.869571,270500.428225,245636.801468,208311.337006,163083.626479,116476.481286,63279.068501,-12486.843743,-101111.882275,-183267.919713,-265753.726529,-345658.059509,-417266.843700,-479456.981963,-526473.986411,-559896.643196,-585835.351973,-606523.088393,-622963.704790,-639390.851676,-655824.947719,-673749.965203,-696457.957727,0.000000,0.000000,0.000000,0.000000,0.000000,0.000000,0.000000,0.000000,0.000000,0.000000,0.000000,0.000000
0.000000,0.000000,0.000000,0.000000,0.000000,0.000000,0.000000,0.000000,0.000000,0.000000,0.000000,0.000000,-676999.921197,-656298.829637,-639017.917126,-618555.917059,-590164.141040,-549979.792195,-493735.750700,-416099.044700,-321901.684129,-216217.149353,-102472.943816,3720.377439,87508.983055,141830.888185,178843.719982,211607.783936,230230.601428,238548.279965,249652.743698,260605.889872,268434.222062,277982.736720,290026.354112,300620.082761,310519.237672,320336.559266,327783.324886,333351.339934,338092.558400,341760.562987,344946.693428,348020.613352,351443.446613,354584.925206,356534.155676,358574.230474,360814.514160,362459.848762,363139.336662,362858.907938,361961.572861,361097.770218,360762.751435,360308.756814,358842.474691,356087.903169,352275.339111,347735.465196,342751.563666,337181.345877,332009.364437,327977.984931,325481.009281,323930.635028,321950.479007,317932.774752,310482.326829,300731.327649,284426.403902,257495.388700,224872.981917,186972.765512,134711.051497,58320.281769,-37716.916677,-135921.626451,-226781.366830,-305901.521203,-373157.932904,-433938.007582,-486316.555745,-525954.051333,-557224.549354,-585148.718453,-607048.048382,-624600.847220,-642386.671929,-659994.586210,-680002.419836,0.000000,0.000000,0.000000,0.000000,0.000000,0.000000,0.000000,0.000000,0.000000,0.000000,0.000000,0.000000
0.000000,0.000000,0.000000,0.000000,0.000000,0.000000,0.000000,0.000000,0.000000,0.000000,0.000000,-688348.465836,-666988.359002,-648582.956057,-629139.310960,-604559.166446,-572313.884058,-525630.855101,-459951.016941,-373054.054937,-271251.604272,-162864.748159,-50176.229191,56210.248958,139118.357323,192568.104587,232116.402881,262193.136513,279719.005365,289453.520406,296171.405214,302463.606855,307747.665791,313819.479130,320087.655930,325692.537598,331837.541414,337205.558354,341156.848056,344991.361382,348118.918531,350533.137436,352476.297893,353997.215692,356188.422925,358487.120487,359775.465935,361017.652791,362638.173420,363484.716797,363399.570105,363124.783245,362367.605969,361681.197993,361564.211674,361677.189893,361747.053646,360871.100933,358958.952614,356515.051452,353546.345271,349772.095164,346018.660864,343237.620185,341413.402403,340144.460123,338736.622480,335636.219425,329392.064004,320568.447776,309120.968110,292287.797853,266886.368509,234269.117887,189513.076813,123526.281486,33920.133139,-68027.892044,-162764.990144,-239737.538943,-305524.103801,-372497.396776,-430589.505075,-475790.957460,-516998.574425,-554137.229511,-585240.823547,-609777.879108,-630112.396867,-648385.733547,-667276.522917,-689780.345480,0.000000,0.000000,0.000000,0.000000,0.000000,0.000000,0.000000,0.000000,0.000000,0.000000,0.000000
0.000000,0.000000,0.000000,0.000000,0.000000,0.000000,0.000000,0.000000,0.000000,0.000000,-697781.671871,-676225.266830,-657777.723497,-639580.544020,-616917.730607,-590276.901296,-553152.431094,-500374.123263,-429745.961917,-339408.592650,-237605.196097,-128851.290342,-15458.507383,91147.474717,176362.920001,234710.619801,273121.600684,298573.054458,312771.810503,319822.727469,325484.504875,328788.970784,331099.463328,334751.597036,338113.264154,341651.200303,345249.199755,348178.669595,350749.858149,353141.619340,355076.169109,356773.757618,357745.570529,358471.420821,359683.042986,360688.717168,361326.958266,361959.667332,362845.801697,363334.891912,363147.047951,363111.696644,362874.120969,362562.958713,362506.931608,362745.569858,363593.292072,363727.534923,363052.917340,361645.465164,359427.498043,356878.539032,354634.121528,352955.063320,351426.078723,350175.553849,348373.556013,345858.222020,342222.019011,335880.214476,326414.140280,314157.660495,296084.259026,269400.482941,232787.943999,179836.506191,108065.121235,20869.542253,-68965.024866,-146017.484785,-216342.765466,-291900.010711,-359690.118152,-412211.100266,-464655.947908,-515229.687051,-557025.836821,-590303.500258,-615666.532032,-636352.935563,-655201.775311,-674712.322800,-697042.324924,0.000000,0.000000,0.000000,0.000000,0.000000,0.000000,0.000000,0.000000,0.000000,0.000000
0.000000,0.000000,0.000000,0.000000,0.000000,0.000000,0.000000,0.000000,0.000000,-706169.824322,-684419.556166,-665368.783305,-648910.032016,-628630.055278,-604306.200500,-573768.472064,-529539.033190,-470342.729111,-399723.625169,-312036.757262,-208857.599269,-101470.711889,8673.625803,113812.777313,202605.900303,263524.241354,298455.584874,320147.647519,331631.609109,337998.840675,342362.545096,344101.900254,345637.617779,347446.387492,349049.835995,351147.067101,353378.424388,355466.535669,357576.593607,358807.078624,359669.231334,361286.201434,362077.141269,361958.324683,361934.632983,361675.710363,361600.039299,361855.114467,362069.670270,362425.558876,362839.626557,363440.651191,364041.330663,364178.207235,363991.857709,364227.679017,364967.518972,365377.903594,365279.101716,364306.894950,362756.262719,360982.149555,359539.590299,358530.416087,357386.958668,356138.700528,354155.648246,351709.310474,349183.750376,345695.849589,339140.079754,329692.668953,316251.308346,295073.965793,266133.598145,226964.045984,173586.889470,107240.101812,34876.494054,-38149.077019,-114731.274502,-199700.482649,-285279.920513,-352067.088167,-411394.581070,-476474.814370,-528825.135969,-567899.405037,-599854.937759,-623335.090993,-643046.454362,-662264.300677,-682699.974782,-706583.145053,0.000000,0.000000,0.000000,0.000000,0.000000,0.000000,0.000000,0.000000,0.000000
0.000000,0.000000,0.000000,0.000000,0.000000,0.000000,0.000000,0.000000,0.000000,-690702.269968,-670907.873345,-655339.669131,-638612.558811,-617717.758757,-591482.320681,-552838.743063,-499402.790367,-436322.958426,-365532.577791,-283694.336452,-181983.940720,-66106.675358,44075.435487,140137.277516,222620.184401,279855.332994,312556.591272,331210.098651,341343.894738,348553.736494,352294.338458,353079.460819,353730.892328,354351.910202,355087.478904,356704.679609,358210.536715,359919.959416,361623.143259,362391.740283,363115.602431,364273.922944,364757.023481,364204.889404,363227.804002,362356.193335,361769.862188,361495.531633,361448.180703,361809.343203,362521.294699,363841.359981,365124.333403,365531.953201,365498.747927,365463.746242,365821.460646,366208.229929,366029.877402,365115.478851,364058.840150,363067.709054,362215.263999,361499.068240,360347.821615,358903.396884,357509.923585,356008.416440,353988.006082,351523.023400,347181.706707,340144.004445,330521.381215,314955.503856,292004.132855,262968.320812,225569.563708,178030.349255,120697.541270,57128.390868,-19775.967477,-114932.153083,-209165.909754,-292067.508367,-367580.863714,-438908.291103,-499972.945432,-545752.619532,-581946.275333,-610091.962393,-632108.364824,-651675.085789,-670515.723242,-692665.208111,0.000000,0.000000,0.000000,0.000000,0.000000,0.000000,0.000000,0.000000,0.000000
0.000000,0.000000,0.000000,0.000000,0.000000,0.000000,0.000000,0.000000,-695465.127109,-677008.198457,-661276.851083,-645643.197983,-627935.415286,-606651.858935,-575121.132822,-529717.663621,-467609.532751,-400138.783481,-335964.826660,-253942.283493,-144615.084021,-22872.554025,87661.972000,175253.783680,243423.801639,291727.274555,320407.177612,336624.544569,346960.126962,353278.176927,355882.995817,356471.063138,357162.388268,357737.836758,358662.610629,359851.725456,360849.482415,362065.053290,363343.777531,364061.133680,364720.859119,365414.256688,365578.842800,365186.569735,364155.496240,363024.447599,361902.026474,361244.779264,361265.399092,361482.677695,362488.478343,364098.928571,365204.797346,365665.402918,365432.627671,365287.983079,365974.863662,366349.575769,366018.141018,365177.734360,364191.830125,363452.153967,363012.114941,362731.271373,361879.208727,360677.923750,359653.871692,358745.708279,357423.311485,355361.687994,352062.347968,347086.874547,340480.190809,329802.792566,313277.557132,290950.507838,263296.945165,228417.710742,182628.739915,126834.417168,55015.429279,-39710.102806,-138948.855532,-230764.618655,-318763.092278,-395550.203731,-462395.037457,-520238.536167,-564097.839023,-596619.450454,-621443.806091,-641875.700533,-660603.065797,-680242.924896,-703115.071482,0.000000,0.000000,0.000000,0.000000,0.000000,0.000000,0.000000,0.000000
0.000000,0.000000,0.000000,0.000000,0.000000,0.000000,0.000000,0.000000,-683170.010136,-664544.954203,-651070.116745,-634871.010381,-616942.853648,-593168.405205,-555743.559178,-505276.858375,-439528.791192,-370785.173483,-310338.317510,-225932.159824,-106235.630439,16829.407196,121796.730011,201942.215820,259758.855864,299756.257112,324178.503783,339172.430299,349218.660938,354539.016069,356547.387833,357748.140550,358520.390708,358896.362614,359731.181378,360244.907787,360736.814098,361933.129927,363228.018424,364026.216385,364407.912616,364891.346748,365120.644246,365088.903108,364404.602321,363054.882830,361808.923923,361157.857742,361050.707776,361394.325185,362560.972277,364083.751997,365025.419609,365005.057754,364530.217014,364705.203174,365586.993540,365941.466362,365572.685172,364813.416329,363834.666517,363053.638724,362583.440468,362513.848567,362585.689815,362113.378632,361166.663321,360441.357292,359386.014853,357456.039932,355137.067051,352059.537767,347339.259691,339849.191810,328544.395297,312668.864848,291213.271848,262847.501988,225278.915199,174876.113669,107059.069873,18715.240808,-85849.291919,-181956.166876,-267032.462477,-351615.677093,-423887.770927,-490149.236824,-547209.701618,-585182.057108,-612093.612798,-633567.104125,-652161.911840,-670079.557428,-691781.841436,0.000000,0.000000,0.000000,0.000000,0.000000,0.000000,0.000000,0.000000
0.000000,0.000000,0.000000,0.000000,0.000000,0.000000,0.000000,-689815.943293,-669982.216393,-654327.728468,-639564.085342,-623365.507836,-603653.332843,-574673.929390,-536092.613433,-481252.814543,-414851.961259,-352737.669985,-284325.681001,-193079.237455,-75214.493883,48417.746076,147154.294015,217901.685560,269848.502721,305272.801480,326774.499049,341017.419532,350225.515111,355060.593151,357164.429717,358052.973323,358473.556825,358583.820983,359055.691285,359340.187331,359658.283325,360694.588096,361963.776188,362431.281622,362649.994830,362996.739481,363299.696830,363864.859793,363692.478240,362614.376669,361562.026423,361063.436534,361113.833362,361624.472198,362658.570691,363929.905487,364611.333715,364259.041559,363957.968962,364378.787213,365110.849156,365385.442600,364951.174273,364156.848387,363260.734810,362439.222082,361885.784957,362059.389091,362425.587535,362268.331905,361824.610928,361428.866398,360715.520349,359175.932402,357488.877610,355870.886380,352935.543042,347161.256054,338556.981956,327168.892953,310760.939327,287050.360921,254204.729205,207813.726455,141487.247181,56032.021142,-45411.949304,-144722.505064,-230236.696397,-313680.564086,-391301.454020,-463538.912395,-528249.817081,-574430.496960,-604529.209028,-626205.634951,-645157.972421,-662806.509055,-681268.446320,-704006.108526,0.000000,0.000000,0.000000,0.000000,0.000000,0.000000,0.000000
0.000000,0.000000,0.000000,0.000000,0.000000,0.000000,0.000000,-678584.381044,-658455.783458,-644406.961835,-628245.727701,-610064.030506,-586179.227664,-551994.630909,-509828.957407,-455918.385315,-391295.020237,-326107.358898,-251973.930806,-152527.514300,-34834.604033,76987.079862,165914.787692,231782.124568,279257.353066,310602.302841,329933.923985,342397.046465,350353.439591,354951.972896,357269.891144,357905.061724,358352.165029,358619.833451,358677.438330,358807.421520,359189.109260,360102.027379,360838.632987,361034.081078,360848.199519,360940.056367,361514.995957,362313.831997,362537.007886,361834.428046,361240.795245,361324.774099,361651.910107,361910.762133,362846.025972,363845.127668,363803.489423,363428.537318,363335.919049,363773.211276,364350.488817,364269.211259,363828.963508,363624.990990,363141.802126,362137.633417,361403.198188,361508.206819,361773.701912,361880.939706,361951.730092,361878.634536,361783.349495,360689.792107,359300.598180,358479.962674,356709.289799,352467.838931,345827.147932,337037.601070,323851.736103,303481.121653,273535.446542,230107.997364,169667.228721,84612.172124,-14135.054582,-111220.751065,-206037.228597,-288211.298737,-364329.351015,-440998.809258,-509396.741742,-562273.036440,-596340.409351,-620064.010259,-639671.156916,-656725.461940,-673206.770909,-693561.677624,0.000000,0.000000,0.000000,0.000000,0.000000,0.000000,0.000000
0.000000,0.000000,0.000000,0.000000,0.000000,0.000000,-689272.375192,-668301.259112,-652065.933547,-636420.603336,-618424.296692,-596861.524732,-567344.028265,-527476.283848,-478347.209934,-424066.875391,-355860.024268,-278753.388336,-202680.165577,-105120.466458,9068.466431,107468.459626,185509.503697,245531.410125,287490.067784,315160.417337,332423.776620,343339.025656,350369.871756,355091.904422,357483.857318,358496.424247,358956.694072,359153.700943,359123.399928,358890.793882,359239.426415,360004.088058,360589.918534,360612.997169,360188.258181,360114.042135,360610.647320,361417.877890,361799.264500,361513.490440,361572.034967,362201.271607,362457.421926,362597.149801,363322.333726,363641.857686,363067.974418,362429.751755,362521.931418,363031.684164,363147.821718,362872.886913,362813.372090,363471.954004,363690.979775,362749.171764,361532.001320,361044.033531,361412.299547,361831.433523,362150.395090,362667.941260,362863.963947,361846.966011,360790.506161,360232.710216,358790.388306,355630.540410,350811.325339,344096.454453,333218.582390,315337.823286,287564.246197,247167.109478,191197.341338,112424.314248,17107.708548,-83093.979477,-183857.077602,-274437.143195,-351154.856158,-423183.346143,-493780.149390,-549999.730252,-588105.106228,-614451.079798,-634009.490960,-651190.611045,-667246.262419,-684703.201018,-707395.613025,0.000000,0.000000,0.000000,0.000000,0.000000,0.000000
0.000000,0.000000,0.000000,0.000000,0.000000,0.000000,-679327.900561,-660734.263050,-647450.123924,-631029.654427,-611852.419661,-585946.222276,-549444.563045,-504651.255963,-449697.918383,-383359.382228,-302716.783383,-217013.817551,-135013.223415,-42783.851818,54209.406629,139751.077189,207884.950385,258280.576049,295098.054638,319784.849080,335309.510002,344614.498181,350738.143576,354993.486691,357293.746849,358830.308124,359708.298351,359930.744399,359797.866521,359456.941890,359214.425640,359477.641197,360279.108830,360375.116416,360161.921827,360236.182126,360364.053791,360839.339135,361199.858962,361644.692516,362284.761808,362853.373099,363021.055324,363084.236123,363431.034818,363219.012084,362432.129325,361923.416585,362239.144941,362662.168035,362492.703978,362309.654845,362812.075710,364047.795349,364787.023107,364174.787916,362765.440431,361837.327013,361861.653100,362204.508804,363059.899939,364088.674626,364231.205356,363357.399344,362266.676135,361667.690399,360556.313954,357753.088254,354011.996858,349112.046161,339958.493631,323943.465830,299131.770461,262532.560884,209927.432266,140906.746759,51673.997421,-49258.919005,-150411.914237,-250566.041341,-332888.363480,-405410.190161,-479668.486658,-538641.182684,-579144.162460,-607458.108771,-628348.141977,-645484.445127,-660648.756528,-676394.285939,-695520.454673,0.000000,0.000000,0.000000,0.000000,0.000000,0.000000
0.000000,0.000000,0.000000,0.000000,0.000000,-690398.107526,-671151.369708,-656780.271702,-642671.450607,-626305.134511,-605076.867628,-574060.051049,-532230.088771,-478415.293823,-413763.017941,-333016.483746,-238346.872683,-147386.109544,-60938.382410,23369.857353,102369.231896,173581.931014,230391.709193,272572.754320,303897.445477,325080.246787,338144.373319,346065.435602,351010.211156,354413.717298,356708.570456,358467.656852,359795.937378,360501.518178,360392.950728,359878.837793,359256.474751,359286.701204,359937.392181,360356.327156,360741.058445,360698.238130,360421.960137,360468.229202,360749.913005,361521.622611,362545.001110,363083.384423,363027.268808,362898.501473,363005.887007,362803.082839,362034.049297,361843.668860,362422.408407,362742.520352,362458.073157,362270.844969,363065.880639,364603.164483,365700.583043,365547.133528,364634.799449,363627.377469,363042.914989,363427.790870,364460.525620,365423.419347,365777.959317,364942.626873,363741.686207,362945.256940,361562.121800,359223.602677,356435.386854,352526.354528,345034.074563,330819.057333,308518.174162,276640.449911,231432.353958,169713.199061,92363.984975,2351.571372,-98962.256871,-201056.098188,-289328.659177,-373057.113324,-457773.359525,-523874.890033,-567421.186393,-598414.173113,-621587.576575,-639165.787294,-653168.513702,-668021.677405,-684135.265176,-705060.627305,0.000000,0.000000,0.000000,0.000000,0.000000
0.000000,0.000000,0.000000,0.000000,0.000000,-687187.893914,-667061.477051,-653584.354873,-638841.019511,-622484.021229,-598396.871004,-564264.360200,-516153.995675,-451179.156637,-375377.104103,-283526.423636,-183921.276668,-89744.071456,-4128.009693,73978.431133,144946.315123,203641.851936,250681.438868,287429.380424,313429.524226,330362.493525,341333.541629,348079.496623,352003.739613,354612.279027,356642.379027,358201.508622,359423.500017,360442.261350,360776.388870,360424.789427,360015.852926,359947.404561,360276.251796,360914.615792,361432.784520,361382.621838,360949.865419,360623.092397,360793.216428,361450.763227,362253.278330,362766.885918,362669.966921,362436.052588,362365.771279,361975.872130,361569.304051,361818.479317,362488.671925,362819.456327,362552.017865,362555.045728,363288.228897,364633.895553,365900.300939,366323.637421,366078.168718,365325.894270,364612.086737,364719.487832,365566.354740,366506.658060,366707.778511,365726.963080,364770.985352,363997.231951,362410.927519,360556.171785,358384.539762,355071.526376,348930.071254,337059.087896,317752.781345,290691.165604,253032.395249,200461.008308,135140.542791,56630.237829,-36814.954885,-132442.843024,-226388.582255,-325886.455167,-422784.042369,-500888.000832,-552490.279459,-585915.711220,-611803.337069,-631184.686129,-645402.850436,-659028.186696,-673451.523924,-691427.875161,0.000000,0.000000,0.000000,0.000000,0.000000
0.000000,0.000000,0.000000,0.000000,-710054.542010,-685016.413045,-666388.359787,-652292.685279,-637805.118474,-620579.368989,-596841.391351,-560230.165810,-507595.979711,-437074.985713,-346804.340819,-249310.023467,-154146.225337,-59509.347631,26575.819815,105060.895145,172779.240324,225032.138263,267710.502791,300132.649645,321813.504653,335511.015824,344320.952876,349752.985091,353121.079924,355451.160069,357146.117576,358524.707463,359563.904242,360413.503771,360807.803249,360902.608917,360920.106819,360641.915005,360763.837195,361091.681861,361342.851630,361728.745755,361536.568426,361042.311742,361114.576138,361673.034730,362099.451598,362296.657140,362156.671933,361642.680445,361366.793783,360996.119827,360710.930419,361201.003763,362161.191066,362774.717447,362668.505475,362804.725621,363737.699816,365048.279111,365887.648422,366469.709033,366745.435069,366197.526959,365549.092190,365512.150220,366392.685981,367169.629627,366783.080407,365727.781923,364925.255788,364365.232500,363533.550249,362092.035207,360198.055511,357292.618089,352033.738837,342615.489157,327257.146431,304911.955191,273848.129302,231242.652770,174567.220427,107008.910427,26732.491313,-63543.739307,-156491.608501,-263454.001350,-376208.110806,-467391.171612,-529907.860355,-570622.946400,-598890.520467,-620550.994735,-637315.192962,-649677.014055,-663630.636187,-681226.231373,-703072.354485,0.000000,0.000000,0.000000,0.000000
0.000000,0.000000,0.000000,0.000000,-706832.860999,-683062.562865,-665877.385421,-652587.207321,-638560.148500,-620942.113360,-597999.638998,-561542.682013,-505886.896204,-428656.869699,-333108.478181,-232279.850030,-136460.053708,-46697.464427,42127.061362,122609.244476,187629.090057,239732.237841,280233.510314,309111.127728,327741.316386,339384.363857,346422.339974,350982.738751,354145.655383,356624.882080,358438.938239,359366.016816,360064.759390,360641.475918,360929.282220,361219.501609,361321.793502,361203.444282,360890.324196,360721.636920,361068.158115,361497.386360,361600.340747,361688.401089,361911.322182,362193.806264,362419.294224,362373.912502,361892.322766,361054.873062,360398.224579,360169.746886,359911.222100,360148.595362,361340.439935,362341.754574,362490.926372,362814.411335,364099.908943,365513.692293,366286.790279,366601.943247,366679.334770,366179.288152,365561.455739,365745.668457,366461.936389,366799.144871,366215.069336,365173.525069,364524.093908,364305.297520,363877.338554,363054.663488,361495.558116,358704.415998,354544.223975,347527.752751,335954.027404,318276.983881,293249.706911,258891.856453,212902.380998,155311.710372,85777.510633,4574.027442,-85435.651385,-192908.543696,-315678.273460,-421379.516135,-496787.066759,-549736.244372,-584115.379416,-608712.198896,-628495.552322,-642038.129657,-655965.685619,-673526.564144,-694334.773768,0.000000,0.000000,0.000000,0.000000
0.000000,0.000000,0.000000,0.000000,-703829.610845,-681054.870382,-664987.850775,-651420.682037,-638824.410751,-622610.104028,-599224.505969,-564062.262586,-506608.135055,-429090.012538,-339072.222555,-235109.372679,-132696.923360,-38964.902683,52128.286643,132393.414580,196920.129005,248707.404610,287634.063054,314431.538831,332001.616094,342285.675529,348348.186277,352324.378240,355398.515498,357833.407122,359583.652781,360448.027730,360982.672892,361475.540636,361619.676277,361682.685466,361700.404653,361711.054259,361324.194487,361154.442650,361383.682678,361731.775215,362286.981456,362594.583044,362670.689623,362526.916999,362358.985888,362144.036925,361503.041385,360645.416772,359965.803501,359673.490151,359453.210117,359539.265369,360455.932503,361601.668416,362129.638196,362697.022233,364222.333578,365693.212973,366519.417308,366790.174065,366554.113870,366120.008509,365617.571986,365343.174706,365486.545271,365718.447290,365212.924491,364269.578378,364053.132925,364180.349767,363747.115240,363001.087539,361529.555436,359059.960766,356049.154514,351154.875489,342767.159418,329527.254848,309913.531159,282705.699930,246311.718524,198149.234226,137735.888141,67184.583469,-18871.869977,-126299.327235,-249475.658165,-366151.791473,-456007.917556,-521209.798135,-565914.133332,-595322.720935,-617224.881852,-634106.252219,-649341.567267,-665943.800929,-688257.674816,0.000000,0.000000,0.000000,0.000000
0.000000,0.000000,0.000000,0.000000,-699014.887001,-678133.992805,-663026.768692,-650014.628698,-638114.329954,-622886.713644,-599684.892190,-563881.975057,-513332.856885,-443398.859087,-355621.290283,-256052.508886,-145565.321589,-38971.376035,55863.229613,137664.130382,202988.433750,254474.681802,292272.765344,318181.200476,334961.281194,344594.921121,350174.801919,353612.133028,356258.887828,358660.412235,360369.921229,361515.707287,362139.081316,362427.192611,362127.894085,361852.631514,361991.756139,362005.132212,361943.498907,361834.529558,361966.193438,362531.647135,363236.612278,363452.557682,362934.065822,362128.470344,361472.783668,361190.679730,360762.614133,360154.612288,359980.811199,359820.357988,359418.250336,359342.135273,360089.951274,361329.171572,362076.460770,362857.346363,364297.510618,365772.084032,366438.088767,366665.216964,366827.103487,366315.410309,365667.164984,364989.340700,364317.803676,364245.502753,363923.256245,363502.898748,363732.756593,363784.012543,363226.107494,362271.694845,360981.296577,359145.195601,357001.650245,353643.090791,347668.808130,338324.988404,323918.918785,302816.012592,273760.044492,234501.030684,181981.112962,116056.847654,33875.282775,-73540.093286,-197225.098756,-315778.482346,-415277.912890,-488657.219690,-541837.096646,-579435.061379,-604653.721447,-625098.602424,-642651.245748,-659394.196068,-679127.068797,0.000000,0.000000,0.000000,0.000000
0.000000,0.000000,0.000000,-716205.057212,-693441.546641,-675437.299814,-661473.357813,-649959.095990,-636785.167111,-619988.162459,-595920.261146,-560564.127631,-510824.042490,-445848.353253,-366211.586373,-267869.325635,-152003.143660,-39507.275838,58344.430728,141676.614466,208218.307632,259186.832283,296136.961418,321349.168674,337368.590441,346908.261494,352325.523370,355124.848455,357058.099366,359236.733797,361053.322400,362044.694742,362597.098597,362461.637134,361789.117311,361557.260644,361738.684366,362071.343483,362006.633493,361543.773987,361649.780474,362228.849321,362945.196430,363359.342761,362701.475436,361343.835329,360478.622809,360452.782808,360638.537934,360472.690215,360293.389394,360265.303420,359948.129812,359681.312996,360365.439767,361637.634443,362704.101533,363978.212983,365226.994305,366056.771319,366503.345337,366642.970302,366859.693447,366541.021649,365538.227917,364585.142942,363652.369620,363024.253852,362778.489684,362843.762934,363343.030406,363136.945652,362005.239380,361141.386989,360536.863580,359473.333823,357973.341936,355743.697582,351705.620269,344991.590359,335019.035614,319624.235699,295996.926516,262924.431706,217740.267905,156178.523052,75538.846594,-31836.497975,-157372.991358,-274114.182728,-372985.815784,-452718.086784,-513314.516893,-558412.495673,-590215.821872,-614928.972764,-634874.274200,-652825.475791,-670587.605218,-691834.603118,0.000000,0.000000,0.000000
0.000000,0.000000,0.000000,-709269.521787,-688054.404986,-672286.792444,-659829.636095,-648323.611042,-634079.245912,-614743.945836,-589000.837061,-551222.951093,-492494.227925,-423905.906789,-345144.874876,-246891.107963,-137771.290118,-28387.271125,68470.679310,148879.058040,214865.221701,264693.597088,300435.416559,324657.581004,340058.343089,349363.569470,354107.443203,356047.849724,357456.214124,359312.713125,361015.654154,362099.720564,362343.992464,361887.668472,361236.672025,361097.627055,361544.794089,361751.052626,361306.137037,360695.235141,360225.727677,360437.387246,361453.923332,362325.380413,361956.662836,361014.601702,360537.322623,360723.047816,361222.259147,361421.681391,361199.764456,360794.858929,360657.634746,360646.593245,361149.334868,362279.949033,363845.546405,365660.743250,366978.752645,367252.828555,367071.103803,367016.126130,366785.063681,366484.195868,365636.049602,364407.748986,363578.222704,362944.841210,362506.312733,362657.350371,363176.229894,362836.622489,361609.200616,360615.449207,360401.922664,360049.879771,358751.767873,357089.985278,354545.887501,350049.261827,343048.419859,331885.740545,313228.313412,285274.963593,247276.192208,193176.613300,117225.929042,16349.386367,-105222.532827,-221540.237091,-321307.963080,-409497.772230,-478341.193874,-530679.247321,-571559.057064,-602500.521098,-626427.997197,-646296.507562,-665113.355601,-685226.559352,0.000000,0.000000,0.000000
0.000000,0.000000,0.000000,-703775.627941,-682672.931189,-667835.333303,-655254.768663,-643271.905299,-628232.659560,-608474.276953,-578773.252863,-534737.254487,-471856.746198,-388888.919408,-298835.676460,-207286.106350,-107651.466006,-6058.695099,84827.394521,161982.886926,224832.046062,272149.115492,305903.844936,328288.464361,342512.778577,351173.835255,355088.851143,356380.649157,357258.293728,358820.070594,360539.913365,361684.478339,361964.851443,361457.964239,360978.973069,360953.847146,361308.457673,361275.309699,360528.923460,359715.638981,359169.119317,359068.304931,359908.180610,361193.431144,361579.818718,361288.324105,361185.202737,361551.925254,362196.728158,362370.843069,361955.658354,361429.772098,361257.178369,361438.658477,361746.627286,362582.691197,364412.117706,366673.713650,368311.888956,368606.589451,367940.819201,367597.772042,367192.328943,366293.376733,365522.108211,364567.880781,363703.139381,363173.619897,362666.923664,362818.773915,363388.175455,363131.837144,362222.350389,361428.058824,361156.336201,360710.021130,359401.927090,357824.736115,356316.032245,353840.948659,348774.350284,340222.679167,325995.355947,303916.874107,272302.011455,227556.843743,162811.850722,75169.613883,-32529.550804,-149760.963985,-258835.646265,-354873.561844,-435658.841820,-498499.426427,-548747.593064,-588313.780901,-617446.375390,-639979.004761,-660739.215821,-684021.165558,0.000000,0.000000,0.000000
0.000000,0.000000,0.000000,-695642.940079,-676883.586770,-662366.602397,-649959.921062,-636497.204514,-619011.262110,-595409.845009,-561292.264865,-512707.087860,-442570.087457,-349186.270181,-253461.844738,-162271.149497,-66759.544415,25151.891930,107864.986967,180333.120494,238477.500311,281861.794716,312607.136765,332730.226474,345297.631565,353011.377603,356313.395759,357007.034474,357389.720704,358623.314676,360119.289236,360966.764713,361346.665483,361135.931847,360865.039617,360825.627264,360739.156006,360665.325062,359943.617198,359053.762178,358660.472847,358488.678522,359110.331491,360477.592726,361404.067493,361410.238633,361383.060999,362003.273217,362985.925954,363054.500388,362302.698288,361952.634586,361734.925459,361675.436915,361772.901054,362298.481163,364033.097913,366473.526397,368325.677901,368964.402622,368714.757143,368302.656702,367770.485539,366645.209095,365232.066249,364203.539238,363533.731711,362946.740909,362459.190432,362646.499908,363401.874867,363374.562913,362866.598233,362779.740846,362426.216251,361260.933674,359797.051573,358520.644220,357475.604680,356040.669256,352839.635324,346497.112452,335679.138779,319126.006197,293556.394957,256521.050972,206439.926108,134317.919924,40944.358483,-67468.624064,-183251.963034,-289450.640910,-382043.269139,-460063.066974,-522443.970714,-571465.401101,-607597.654115,-634332.000453,-657666.177496,-682054.029627,0.000000,0.000000,0.000000
0.000000,0.000000,-710372.015500,-687652.682640,-670613.741464,-656208.785340,-643440.315205,-627079.957091,-604579.962115,-574016.047243,-532482.619762,-475985.690536,-399297.677659,-303680.272239,-203496.626667,-108102.270938,-18728.330696,64919.378841,140595.112443,204204.678426,255240.207225,293806.314551,320420.043142,337639.412345,348524.587481,354965.609851,357642.912820,357985.393887,358196.951332,359141.682635,360034.425639,360386.993853,360516.843159,360692.007333,360779.702895,360797.375673,360681.633022,360005.713118,359295.309556,358702.895500,358170.903938,358132.440812,358891.355535,360304.086156,361139.124573,361121.448315,361223.833063,361924.702173,362933.476872,363126.327158,362422.633037,361820.576571,361614.785860,361509.480511,361505.487770,362050.312790,363467.199566,365589.507273,367305.051083,368308.272555,368961.212448,368833.917892,368092.780534,367021.049599,365245.246352,363606.075293,362844.611584,362374.518146,362039.832281,362255.297815,362946.348011,363426.620005,363560.603026,363660.325186,363420.208062,362192.995282,360392.026013,359350.802704,358869.991651,357922.701535,355772.074116,351065.982780,343098.554680,331019.865531,311812.458037,282261.144611,240472.575619,181782.095447,99709.816959,2040.748663,-107837.380471,-223334.395481,-325976.809120,-418776.238490,-496892.398165,-553793.737105,-597011.205654,-628338.208229,-654128.140226,-680139.763604,-710042.528286,0.000000,0.000000
0.000000,0.000000,-703966.979948,-682320.382348,-664716.054514,-649648.323019,-633899.017434,-614016.282947,-586967.382943,-549833.386036,-495812.634328,-424396.750757,-342670.293322,-244898.281217,-141455.243917,-49312.296451,34158.183596,110703.340051,176494.265826,230358.386996,273975.685236,306705.747727,328665.436568,343040.502292,352261.021319,357379.746561,359195.679671,359393.967349,359538.921183,359965.811027,360064.012610,359952.570832,360150.422020,360718.359040,361192.927347,361336.365830,361188.796368,360316.367302,359262.405384,358317.640576,357799.413976,358003.776021,358884.758511,360327.559918,361114.688575,361029.055544,361013.759308,361579.677677,362383.449912,362339.770282,361631.299112,361128.983479,360832.532047,360563.897221,360737.020821,361609.142195,362882.840195,364547.601922,366161.657551,367490.728794,368441.105112,368798.935497,368340.969854,366992.318701,365060.878922,363231.840607,362323.952647,362020.359050,361764.807545,361958.492450,362679.500551,363531.858099,364023.651607,363943.468535,363646.964091,362821.048942,361392.121617,360608.782562,360553.468978,359827.561018,358145.034981,354796.259707,348826.427426,339849.770645,326129.749409,303316.840000,266088.025547,213976.080829,141459.777362,51920.958012,-48182.648670,-164171.814754,-280530.094964,-384223.170714,-472157.418560,-537209.540749,-584570.456428,-620205.048964,-648991.898062,-676449.010783,-703974.668086,0.000000,0.000000
0.000000,0.000000,-700676.455786,-677175.302826,-658910.554146,-642863.315111,-623632.538233,-599357.759042,-567939.583080,-520372.372583,-455212.623899,-373305.898983,-274514.272021,-172728.315859,-76967.351563,10660.606142,87550.386283,153878.957738,209183.684638,255246.176822,292135.431604,318553.593055,336545.816461,348634.340323,356140.270979,360270.761740,361479.248688,361241.618826,360984.693844,360886.251004,360554.230883,360186.862992,360554.979434,361456.950037,362177.802445,362470.726341,362155.294510,361212.461036,359800.350173,358438.428890,357736.564127,357821.309041,358897.602455,360192.340115,360875.380351,361008.314950,360854.824059,361098.901449,361425.346750,360981.745109,360449.173847,360346.884282,359972.120374,359393.564590,359553.071312,360445.165870,361780.322747,363417.112311,365096.929503,366873.693267,368044.351268,368233.453840,367793.770092,366495.172314,364666.777686,363288.612917,362771.064369,362632.868164,362144.647784,362113.900917,362986.756801,363657.629422,364011.415442,363947.871786,363463.921316,362996.991821,362333.521885,361902.178038,361705.518405,361015.191330,359608.554974,357213.088205,353209.185095,346334.681677,335991.922995,318221.017737,289127.145633,241247.218413,178775.597236,103839.373595,6343.900212,-110135.751195,-236761.470036,-351416.950490,-444314.228625,-517228.928115,-570782.513971,-611492.669521,-642723.704017,-670916.538646,-700336.505335,0.000000,0.000000
0.000000,0.000000,-695739.457707,-672471.218725,-653563.148228,-635523.872852,-613164.019827,-583056.822111,-542179.535907,-486189.946466,-410544.569489,-315160.712796,-209994.011505,-108222.052363,-16464.886981,63601.278957,132813.028547,190760.846473,238572.018472,277854.212887,307476.478861,328537.374683,342961.829666,352554.064884,358892.137742,362427.814878,363337.787007,363030.686682,362424.300256,361953.178862,361653.053443,361409.228282,361759.677957,362444.882249,363148.894378,363645.981154,363407.641825,362212.224506,360624.129677,359358.936581,358621.255773,358561.874464,359154.681233,359823.561145,360382.793073,360718.910497,360637.033115,360562.111576,360420.609683,359878.947545,359587.682802,359657.511112,359405.222394,358846.284052,358480.541383,358994.824141,360216.673443,361888.805695,364005.696783,365919.383509,367150.702354,367099.066118,366198.177752,365342.629362,364266.051906,363713.337266,364015.451632,363998.262966,363431.311396,363035.420640,363381.284058,364028.876362,364190.533863,363791.415797,363360.084898,363289.943902,363295.518586,363091.169982,362535.193698,361796.979375,360396.448330,358379.991847,356043.924629,351420.016065,342949.805175,329488.706203,307593.662501,271699.376390,222067.139536,158069.322104,65589.459615,-57299.541675,-190343.674216,-313349.385979,-414845.938264,-493988.971948,-555742.693141,-602859.608903,-638173.451864,-668201.870479,-697470.180622,0.000000,0.000000
0.000000,0.000000,-692003.230528,-668716.966832,-648869.111672,-627862.457602,-601859.371738,-565444.061262,-514341.620317,-448249.005220,-358665.874613,-253386.678641,-151592.078648,-54374.700976,30469.323695,103616.923920,168980.034369,221505.466613,263391.586569,295931.623442,319938.450801,336932.360975,347781.703794,354971.907241,360032.121394,362949.838777,363909.305958,363554.419710,363081.933009,362896.759029,362719.422993,362630.499150,362888.868804,363361.798158,363862.346839,364294.579975,364453.868575,363490.045323,361959.044370,360948.667754,360389.699210,360239.149252,360078.104769,359952.224200,360101.495122,360478.676720,360791.626815,360639.472585,360147.902127,359494.562432,359127.414627,359219.209144,359077.571522,358385.401216,357837.727493,358156.869284,359086.518981,360416.315502,362560.475355,364550.761844,365470.148449,365533.784104,364688.113767,363915.509764,363935.241423,364505.423791,365214.887017,365194.364154,364676.817345,364287.153654,364115.319138,364438.692374,364683.692376,364121.154296,363649.385650,363856.529078,364215.823742,364196.507166,363433.585368,362362.088985,361171.514917,359648.091313,357899.688230,354764.873870,348648.030562,337845.082846,320681.836549,296071.370351,258335.607529,203642.942595,118962.017273,-5573.699393,-142294.938774,-269202.005015,-381869.171650,-472108.673751,-541328.439142,-594683.576720,-635006.504122,-666739.861197,-695840.093819,0.000000,0.000000
0.000000,0.000000,-690962.590154,-666259.314292,-644636.285287,-620702.315280,-590274.686952,-548164.708000,-490705.941849,-409631.805258,-308113.848414,-200467.208358,-92368.193079,-3676.146991,67875.457864,138786.758444,200083.667672,247444.820881,283567.962329,310778.414493,330820.716538,343918.040755,351425.767827,356284.756570,359690.017754,361887.109617,362747.896419,362491.391543,362554.670471,362859.394784,363020.841706,362981.231493,363190.890848,363709.306169,364153.831357,364884.886564,365337.994242,364767.425889,363865.050995,363068.000040,362489.950282,362001.615902,361302.592380,360683.618289,360394.763740,360762.823830,361252.878640,361045.774123,360604.395428,359913.197274,359136.360853,359011.207894,358712.260435,357820.106228,357609.606237,358123.650871,358815.463854,359910.646927,361397.369434,363158.909293,364341.553002,364350.942850,363853.971396,363628.240749,364203.239684,365213.803384,365632.663839,365416.872558,365132.130985,365058.107132,365039.223619,365040.372975,365153.029294,364810.333296,364122.027162,364156.926318,364616.796157,364774.446372,364330.331462,363157.766601,361864.550537,360576.056462,358847.200971,356216.120355,351476.334553,342759.751106,329679.625985,310371.150371,281509.360786,236813.106346,159673.817407,44997.196295,-88625.334188,-222144.457254,-344096.394286,-448581.551700,-529825.128156,-588540.656489,-632063.838349,-664957.035384,-694431.014447,0.000000,0.000000
0.000000,0.000000,-689456.167504,-663824.750186,-639875.296432,-613411.482564,-578492.253093,-531701.660866,-468241.215488,-380502.888151,-270066.456727,-151146.216899,-44809.262543,39475.246214,108778.808131,171897.289355,227664.226434,269997.151569,300606.696148,323839.400867,339983.894847,349534.263880,354557.498662,357484.792233,359293.867111,360182.452513,360517.868459,360852.539542,361450.105260,361944.526768,362138.260142,362204.173202,362840.811112,363593.693857,364171.258144,365122.053129,366047.262982,366295.466458,365902.285080,365119.284836,364360.859571,363597.151319,362668.201249,361834.190635,361443.498411,361519.785111,361387.606181,361069.911989,360843.879015,360285.513026,359516.126922,359034.625176,358479.196967,357709.156451,357759.938550,358786.197289,359714.037342,360416.810469,361318.035890,362524.327923,363628.851949,363839.568665,363667.966430,363777.382997,364325.771868,364856.851213,364719.838576,364368.310501,364423.668627,364869.919088,365164.407229,365477.848297,365659.886949,365091.314222,363961.801732,363666.291580,364340.634181,364632.262873,364398.826787,363499.466689,361980.883812,360209.843750,358319.037546,355927.236343,351876.282787,345094.823423,334464.852815,317861.645499,293380.072816,254959.862181,186432.601579,83415.944494,-43201.225016,-181549.344613,-313393.121247,-427412.403828,-518126.720951,-583328.709304,-628650.310146,-661718.584358,-691780.306126,0.000000,0.000000
0.000000,0.000000,-687726.585163,-661154.560631,-635843.466272,-607226.961871,-568439.763256,-516270.632553,-445637.752517,-352735.045783,-236350.781548,-112374.014313,-4962.658366,81235.181228,147198.146555,203968.830534,253402.916340,289191.961960,315010.344075,333923.577783,346603.020104,353792.542200,357481.186545,358964.456905,359373.238153,359197.301975,359256.050644,359756.270312,360599.610013,361268.872424,361067.303833,361115.993806,362019.123236,363038.844311,363920.567975,364782.100479,366127.074086,367077.744897,367012.909521,366328.174240,365157.254511,364348.780453,363983.528518,363109.579707,362151.710947,361513.278694,360938.508513,360652.000965,360454.948697,360375.089261,360133.327886,359527.537340,358933.002263,358097.177704,358187.404483,359754.831475,360857.893164,361198.130046,361929.010000,362634.487774,363082.693995,363465.895708,363282.501473,363120.170458,363600.949079,363807.337503,363304.775971,362898.944955,363125.243984,363999.198812,364751.297221,365452.460840,365987.386820,365382.816403,364029.839206,363322.692015,363603.657293,363810.637991,363541.937965,362523.484134,360703.482343,358687.518152,356548.757846,353957.653423,350173.444255,343856.927318,333884.473527,317931.912147,294014.286484,257872.672070,195467.057979,96188.159945,-26026.942688,-160485.756492,-299446.159678,-418363.531128,-510096.584458,-578560.975091,-624800.134229,-657761.866048,-687767.895968,0.000000,0.000000
0.000000,0.000000,-686946.774806,-659356.784402,-633140.627930,-602019.080457,-559661.778175,-501246.880959,-423356.128570,-321572.569037,-200653.111813,-74666.732745,39484.721237,124293.791595,185995.404137,237198.510130,276983.753208,305902.425800,326733.539229,341597.485283,351397.116185,356967.049763,359521.394483,360326.714871,360061.906901,359462.755068,359323.996153,359790.828582,360807.019269,361180.223544,360641.160033,360635.484037,361210.990335,361923.887582,362849.552010,363865.488874,365061.902589,366152.034817,366584.338606,366084.352596,365106.410841,364571.712966,364371.397903,363534.850660,362000.458064,360754.273698,360220.077476,360017.600545,360355.165636,360860.083530,360783.499680,360326.377846,359532.237381,358577.709316,358626.607140,360021.723131,361055.193523,361543.639746,362199.965475,362485.579746,362661.484939,362676.531047,362298.985575,362250.390358,362601.365473,363034.713698,362859.636558,362263.123508,362287.558359,362913.181844,364114.447702,365429.776653,366124.970928,365814.436982,364534.251800,363487.326712,363201.002871,362981.079551,362211.471270,360581.095112,358505.215056,356487.953534,354145.923938,350910.672842,345971.652338,338708.424099,327496.550484,310136.734298,285264.594883,246609.830245,186109.694844,93377.612484,-30213.731661,-166429.204694,-301682.037889,-420089.995111,-510855.229066,-577060.166140,-622781.628561,-655274.448059,-684411.267989,0.000000,0.000000
0.000000,0.000000,-685471.808953,-657739.339841,-629719.820583,-596400.903217,-551222.208574,-487463.259250,-403887.274601,-296582.837595,-170730.922137,-41176.209143,74279.860320,158889.951710,219553.813825,264858.339144,296378.199383,319426.971162,336043.614252,347592.617534,355177.679891,359285.548831,361094.712734,361625.711546,361109.601631,360309.504910,359975.472383,360419.778053,361149.570583,361144.487914,360505.331562,360119.659624,360422.538211,360725.035745,361075.072549,361900.590677,362794.658362,363872.095564,364658.996957,364658.001797,364653.546170,364643.934795,364280.108092,363439.709743,361932.062276,360674.712220,360251.075970,360212.083712,360781.806916,361471.235134,361342.584465,360770.000890,359783.724990,358786.610616,358936.255420,359984.715725,360950.500573,361510.618380,361853.686840,362150.916800,362154.525330,361802.850402,361265.642591,361204.632709,361951.768434,362725.459522,362951.014577,362427.712271,361903.326759,362157.898450,363306.181990,364894.518184,365892.453564,365885.092302,364947.451108,364015.982815,363428.561669,362461.100329,360928.200689,358952.738899,356739.339206,354682.624221,351901.230219,347102.703318,340465.589605,330370.443687,314621.378807,292728.568325,263427.977876,221396.126808,157219.184054,66970.310716,-52364.975840,-190829.149035,-321515.140394,-432353.128885,-518565.749763,-579891.171725,-622937.476725,-654342.969573,-683030.018452,0.000000,0.000000
0.000000,0.000000,-683876.638074,-655764.733275,-627167.086221,-592006.310540,-543570.045661,-475632.351952,-387687.725781,-279267.526700,-154571.297469,-26697.969034,90090.939987,178330.621209,237601.192695,280671.662931,310013.437707,329367.014634,343441.764434,352641.652212,358305.652982,361280.579404,362417.371578,362333.502338,361827.401480,361265.463417,360833.824889,360977.825098,361018.851742,360776.800755,360258.684103,359675.679936,359504.267099,359527.476829,359654.823845,359899.828949,360246.327251,361045.331785,362208.039702,363232.475599,363994.227594,364431.447220,364475.958078,363955.831607,362911.386507,361998.650560,361615.628776,361460.686564,361657.344483,362073.481890,361765.791727,360983.831965,360225.889811,359461.157460,359634.311803,360732.774543,361368.129405,361405.396651,361474.619646,361616.059958,361635.327509,361299.952146,360653.797074,360453.534658,361373.426890,362482.543182,362821.698987,362496.301363,361761.163814,361892.666294,362863.596603,363826.659735,364856.710938,365269.189882,365058.261992,364599.444561,363822.694563,362494.586859,360618.697992,358391.993545,355961.159119,353490.992049,349352.890244,342220.639999,331969.129688,316713.775863,294632.369232,266139.731107,226231.726084,174749.344816,104676.790845,8772.595538,-105654.618805,-235205.111275,-357731.978234,-456452.076701,-532926.808710,-587598.876346,-626147.903371,-655346.532784,-682584.570969,0.000000,0.000000
0.000000,0.000000,-683278.551456,-655352.929288,-627150.706090,-590508.401834,-538214.601367,-467301.561300,-373315.126783,-262848.868581,-144193.654010,-19345.666949,92832.925734,180063.737232,244840.125113,289227.010543,318025.729249,336398.951750,348492.948212,356080.901992,360411.715731,362437.985221,362996.576075,362942.834076,362591.173525,362039.730334,361629.013261,361245.374598,360911.584147,360620.599897,360022.333354,359416.507221,358877.327824,358640.879517,358773.409573,358710.552094,358697.587395,359211.986501,360457.618365,362183.407737,363609.029048,364393.147182,364692.405309,364812.653950,364516.643044,363800.491789,363099.821376,362513.154448,362270.725436,362337.339436,361968.983303,361115.568724,360715.842638,360750.623499,360989.609028,361790.869364,361987.056336,361372.127367,361041.214223,361017.364398,361219.115178,361085.326582,360503.756363,360326.283263,361230.708734,362529.358298,362884.955850,362609.331296,362186.168096,362156.031501,362777.640691,363149.146787,363666.882866,364397.813250,364759.248210,364837.740062,364005.481465,362511.825548,360624.107245,357924.923240,355266.461479,351730.039256,345326.233183,335298.915637,319675.305169,297192.578376,267460.561038,227578.389026,173716.722853,104506.280099,24493.826130,-69745.712740,-182932.416108,-299390.970086,-402709.397944,-486755.912689,-551108.665377,-598535.484940,-632120.822173,-658238.270083,-684270.826176,0.000000,0.000000
0.000000,0.000000,-683322.316870,-656381.065539,-627661.471316,-591137.846181,-537946.635808,-464236.636572,-364515.974580,-248548.324478,-135267.746186,-17910.390825,91044.698928,176478.515334,245610.230891,293588.448777,322105.923513,340338.851821,351510.305795,357686.940296,361219.275923,362822.464684,363311.594175,363546.554300,363298.914163,362835.248307,362104.897106,361320.147641,360889.194484,360583.715073,359954.599980,359177.454453,358331.805026,357874.300424,357992.923334,358086.543940,358289.219742,358848.507414,359725.824764,361315.089004,363115.690335,364155.679533,364686.294952,365165.337228,365199.900046,364358.858267,363234.051565,362493.077945,362077.855761,361871.318815,361405.048166,360785.227883,361064.115449,361679.033282,362201.417017,362656.905817,362312.244556,361489.991456,360897.513169,361016.552799,361302.994024,361033.886978,360462.759609,360527.400278,361616.330054,362766.633074,363282.314040,363080.922484,362842.221344,362821.509357,363044.800075,363111.811616,363079.975109,363827.768738,364529.725351,364598.935715,363679.907448,361897.230707,359891.707870,357270.641734,353935.059170,348891.972030,340035.780326,325617.865142,303532.852239,272501.370121,230835.878013,175214.233971,105935.456370,19860.746108,-72405.093547,-163208.939145,-265147.023686,-365855.862509,-450196.606391,-517964.298946,-570212.397413,-609832.820353,-638572.401624,-662026.042584,-687716.105548,0.000000,0.000000
0.000000,0.000000,-684050.974984,-656552.224038,-628189.839842,-592821.774363,-542503.504033,-467011.307040,-367325.361731,-249696.214153,-130479.715165,-18764.265121,88466.821381,175999.088612,244509.338826,295775.024513,324541.867347,341834.353886,352973.685613,358501.463162,361288.925494,362804.246643,363815.684193,364252.764987,364035.087148,363520.173907,362520.643644,361546.551543,360720.813049,360133.719467,359819.775073,359049.605362,357889.158917,357463.646984,357796.102428,358135.829054,358517.625077,359096.317565,359868.396513,360921.582236,362298.248105,363488.276471,364332.944640,364861.943652,364562.731301,363476.917674,362293.162423,361511.230312,361063.635151,360651.285444,359984.854772,359824.601526,360866.994420,362108.434757,362978.418286,363322.095599,362834.537611,362064.393334,361708.955998,361815.070416,361882.893094,361386.478588,360719.150595,360715.160754,361704.774857,363047.957209,363660.561643,363394.122824,363041.575887,363312.871245,363728.058674,363500.402090,363133.088250,363540.619761,364244.966030,364086.704101,363024.092117,361260.633627,358982.788441,356318.553964,352130.851326,345132.771056,333451.997026,313720.950792,284008.251381,243760.134995,189543.333140,120735.187335,35681.877879,-62343.324023,-158530.047393,-248222.337216,-337007.942842,-423073.773596,-493798.820055,-546924.512716,-589150.943692,-621126.434484,-645387.846135,-666976.142847,-691376.114336,0.000000,0.000000
0.000000,0.000000,-683380.585373,-656448.856430,-630252.196025,-596585.140868,-549412.267698,-478350.635014,-379763.324971,-261687.536459,-139004.485703,-21541.671111,86663.946619,174558.454899,244905.762872,296704.378511,325812.641264,342536.457429,353103.804668,358329.250509,360740.592242,362385.681481,363813.871735,364597.420522,364512.152424,363871.177239,362897.253786,361856.561141,360638.204315,359767.554596,359316.637806,358740.349644,358057.068484,357700.834255,357783.165014,358258.816447,358758.255385,359298.982116,359983.140525,360654.110391,361612.114324,362673.466714,363498.439908,363840.383856,363095.718098,362050.701911,361171.713871,360097.449090,359260.668424,358797.965358,358310.980019,358543.300272,360230.376536,362216.033185,363375.420623,363684.694307,363530.091241,363124.946755,362923.160580,362974.047096,362725.069866,362239.794596,361673.911849,361383.491477,362036.634147,363135.514543,363798.671338,363765.265900,363478.384039,364011.832758,364661.987254,364312.058804,363741.932288,363578.530112,363707.037516,363498.265666,362352.441066,360742.709053,358605.278980,355161.518748,349926.733482,341087.761924,325592.219411,300418.511757,263587.569498,213303.021666,148559.856308,70040.568627,-24914.235841,-130772.003809,-231940.889740,-319108.609994,-397981.941476,-472350.825789,-530739.295293,-573325.343560,-607027.924723,-632392.867049,-653077.291642,-672893.684682,-696016.481058,0.000000,0.000000
0.000000,0.000000,-681783.085384,-657741.303183,-634364.284107,-603489.196253,-558796.765565,-495117.988065,-400903.332087,-286220.494511,-166493.932279,-37000.787851,80767.138528,172767.226863,244763.608593,294940.907050,325355.154902,342890.236711,353332.389525,358246.173043,360668.112073,362421.075642,363648.637468,364275.783213,364483.840680,364050.004647,363066.463597,362004.043178,360761.703402,359676.132218,359047.431025,358680.274779,358247.426465,357915.093588,357840.184023,358056.962180,358573.729936,359145.352781,359701.970835,360343.109354,361021.132979,361632.381974,362265.230323,362468.335116,361945.500914,361252.990851,360435.360151,359274.745984,358081.712314,357273.398812,357075.759377,357938.466120,360059.653108,362190.074667,363351.009128,363873.507017,363990.751595,363756.716602,363471.453722,363368.892753,363133.682599,362910.969020,362725.368462,362436.299548,362510.467753,363039.763810,363856.007464,364148.729629,364102.415101,364756.786475,365539.270431,365168.171168,364199.252567,363687.464621,363210.869117,362639.025390,361856.560581,360725.570856,358663.469806,354552.144630,347914.421917,336909.223997,317440.761272,286960.468305,243215.420894,182799.065602,107910.782430,20289.137724,-82239.278018,-196416.021033,-305454.411235,-392251.939390,-460978.269182,-518833.866339,-564585.700732,-598164.833284,-623125.044703,-643410.902048,-660576.367501,-677965.826278,-700842.299159,0.000000,0.000000
0.000000,0.000000,-682732.761947,-660402.519827,-639268.432921,-612297.691053,-572183.048041,-513062.448334,-430704.504987,-325491.114349,-201453.608132,-62867.555478,66367.042245,167060.753238,243668.573155,294948.413147,325394.585201,343887.112594,353928.880999,359136.042285,361552.209050,362895.235346,363941.994881,364380.780471,364371.099421,363993.503262,363091.526422,361999.356108,360752.093764,359734.085094,359187.338530,358690.807966,358221.260844,358045.502509,358249.891968,358413.290093,358572.851958,358967.115430,359517.851651,360077.422408,360350.427420,360932.713818,361556.530873,361666.732520,361652.160999,361430.348645,360687.478293,359298.931005,357792.121981,356970.637482,357105.616726,358366.970786,360484.326845,362304.675314,363176.142099,363717.062529,363969.326321,363699.911014,363228.734283,362838.984412,362822.363509,363136.447843,363320.773295,363011.268155,362613.879432,362849.449173,363568.374091,363982.355721,364123.554548,364711.075536,365416.723136,365057.286261,364183.021149,363620.034192,362826.846955,361889.262189,361381.803115,360839.090290,358782.884726,354308.465591,346303.446973,332742.971422,309901.309545,274710.946847,223934.434977,155462.397982,72185.376917,-25849.818116,-136497.051283,-254366.298608,-365987.130992,-452201.551012,-512930.279764,-557095.341964,-591113.449103,-617213.901461,-636426.891240,-652869.752238,-667635.135718,-683295.691819,-705401.004948,0.000000,0.000000
0.000000,0.000000,-686640.269564,-663557.604649,-643614.585953,-619882.695673,-585028.297252,-531329.707717,-457378.043231,-358089.347389,-232842.746986,-90617.931869,50331.883355,162441.046020,242121.906498,295563.194445,326734.141093,345039.167120,355136.069611,360328.755426,362570.166710,363296.269139,363774.101686,363799.306038,363592.290074,363307.531056,362506.013278,361269.232637,360291.807183,359493.076996,358995.918100,358737.028469,358514.466389,358510.269591,358953.881843,359363.740392,359289.063930,359239.085320,359427.383701,359700.082352,359872.966783,360384.313140,361111.638430,361521.399158,361647.357969,361705.883364,361177.228939,359524.624092,357904.992007,357403.840767,357777.635896,358966.707612,360958.292352,362419.943654,362933.938557,363377.455586,363566.542424,363190.454485,362454.493014,362186.534780,362733.855354,363223.826883,363592.140704,363438.051236,362664.109733,362530.181041,363093.492619,363505.364225,363559.894824,363854.981504,364263.375142,364003.500959,363736.298146,363417.315370,362571.513408,361751.656935,361309.581516,360846.316191,358676.467410,353798.331405,344918.317228,329551.112491,304465.668274,265431.621717,208666.655159,133966.146761,42440.911290,-65115.632246,-178972.593883,-292937.093323,-399499.367104,-481637.398702,-539632.070132,-579772.387160,-606990.748023,-628841.174841,-646169.495560,-659770.787929,-673400.589825,-689181.324247,-710401.562978,0.000000,0.000000
0.000000,0.000000,-691181.639331,-668074.942667,-648007.438719,-625781.726109,-594494.666925,-546299.400962,-475761.500182,-380377.619879,-257038.012421,-113008.968916,28246.776194,146552.000707,235847.625092,293794.901571,326274.753183,345070.808325,355535.074260,360529.481268,362529.107485,363141.673514,363055.011245,362560.323116,362170.883882,361844.464653,361143.769939,360083.685995,359292.637588,358782.480702,358917.508044,359287.156012,359398.490140,359759.371003,360143.487273,360307.248692,360008.072207,359581.256930,359463.681591,359303.088989,359307.784783,359496.379644,359951.477275,360694.048965,361126.571807,361323.648665,360991.755724,359753.393895,358587.758422,358119.408032,358480.764996,359678.954948,361123.879075,362174.114249,362552.300754,362793.261215,362809.433488,362196.574724,361687.236375,362074.894834,363056.162696,363808.950882,364191.593307,363867.347356,362822.988275,362301.561639,362715.623444,363064.393080,362854.247701,362907.499598,363227.956024,362970.849501,362854.933718,362952.124344,362411.020890,361790.777524,361602.695240,360896.496300,358250.808166,352868.707256,343717.129467,327990.170248,301844.854721,260780.496943,200579.775822,120989.422933,20936.773544,-93344.342587,-211630.547138,-318473.378368,-408092.386749,-488755.890963,-549354.077371,-589277.401743,-617178.719305,-635765.369724,-650848.667793,-663500.646429,-677198.009165,-694390.735860,-717814.056205,0.000000,0.000000
0.000000,0.000000,0.000000,-674979.139900,-653287.664956,-632220.442894,-603120.564716,-558423.533869,-491116.209851,-398695.109531,-277598.145674,-138038.832473,-2909.196382,121627.548676,223825.879885,287835.599575,323263.144320,343348.859665,353499.494647,358841.693796,361367.920482,361972.632234,362006.983648,361747.402509,361187.082356,360464.138668,359981.063285,359346.064905,358703.713003,358732.303894,359371.225629,360050.836103,360710.049238,361250.323419,361362.661081,361057.555863,360288.086289,359880.040841,359784.735228,359230.824223,358721.302417,358706.936501,358936.774348,359292.334503,359885.320023,360451.555634,360648.851437,360168.060168,359474.235629,359224.972454,359653.267782,360606.638342,361457.086347,361980.423410,362071.993932,361951.654983,361794.048979,361434.302765,361416.755762,362170.263090,363447.102425,364626.343491,364867.068663,364074.146991,362893.042851,362097.072055,362349.826695,362821.878899,362746.527675,362770.629211,362733.412037,362467.544040,362372.722153,362303.875823,361903.065735,361751.969894,361860.606951,360978.766751,358289.950364,352640.549668,343415.029220,328063.821996,301646.063054,260627.889547,200622.869871,119037.327291,15452.394686,-106142.723303,-227999.855077,-327551.753827,-408929.685382,-485613.240582,-548610.417127,-591823.098035,-620117.282522,-638355.698063,-651651.194715,-665130.695624,-679653.130111,-699423.375976,0.000000,0.000000,0.000000
0.000000,0.000000,0.000000,-683567.781183,-660389.046333,-639470.143820,-612154.792811,-569868.007134,-506275.799012,-415969.035948,-299134.499624,-167210.837654,-31032.107515,102136.968162,210542.278033,279600.869875,317799.448699,338705.924127,349951.399954,356053.346694,359204.691293,360070.004129,360272.370480,360474.732409,360252.011890,359905.677795,359768.071237,359400.232062,359255.468543,359338.522940,359741.506673,360566.130512,361366.932708,361995.910833,362248.093595,361657.834013,360780.283282,360519.210036,360418.565360,359864.023289,359030.514014,358720.419970,358722.610147,358586.467291,359088.404010,359847.238128,360353.322553,360556.937943,360271.045428,360421.797336,361041.716585,361595.912660,362204.892182,362116.487830,361598.018937,361289.541949,360949.969283,360892.167616,361130.253099,361918.500376,363352.872994,364561.797945,364818.526008,364055.885182,362810.814482,361999.938741,362245.265315,362711.994741,362942.456451,363040.260811,362770.386192,362458.562256,362315.361011,362130.801747,361889.116145,361990.893988,362274.524629,361490.213512,358735.773942,353192.957977,344248.395281,329210.833617,303872.732050,264810.801522,207054.716339,127340.620815,26179.456877,-97014.282174,-220356.988416,-324013.914790,-410698.059143,-482177.585734,-545601.954751,-591036.897938,-617923.562702,-637905.781879,-651781.321973,-665051.204538,-680246.692207,-702136.630266,0.000000,0.000000,0.000000
0.000000,0.000000,0.000000,-692131.486949,-667467.812600,-646755.269922,-620767.379659,-580566.378212,-520812.518207,-436134.711075,-323826.253091,-192938.862239,-56654.918056,80777.533436,197737.021985,270690.563475,308960.789413,330919.821980,344142.773132,351357.346373,355057.034252,357097.707429,358026.081788,358775.355946,359410.619630,359806.684683,360145.157022,360428.488660,360611.727712,360381.007797,360511.558453,360936.308377,361639.560624,362669.965410,363049.371099,362625.864464,362101.196753,361906.252555,361590.161098,360782.009190,360130.246184,359805.572154,359176.422755,358846.965253,359246.612310,359814.080660,360476.975897,360966.622661,361106.768376,361394.831955,362097.820241,362779.354222,362907.060554,362286.412109,361410.428975,360640.330302,360185.613525,360173.901027,360492.167218,361438.914649,362661.704170,363718.196070,364286.836460,363908.294555,362909.932258,362101.587907,361970.582390,362251.325896,362523.281058,362837.358702,362841.017522,362303.925576,362099.510706,362362.085294,362382.304499,362279.220637,362325.229123,361660.744398,359207.186920,354236.965156,345711.525212,331332.202559,307667.555291,271074.537697,217096.123689,143244.246104,48410.090315,-68071.340396,-192855.131103,-307743.634665,-405734.848648,-484209.366735,-544483.441675,-587463.378338,-616202.380965,-636621.659466,-651876.846717,-665085.526996,-680213.073563,-703085.799379,0.000000,0.000000,0.000000
0.000000,0.000000,0.000000,-699782.979094,-674294.619749,-653060.845074,-628037.531893,-590254.727527,-534913.203398,-456994.719322,-352089.605939,-227356.042198,-87835.048253,58006.194136,178540.180293,254776.940067,295926.166215,319316.228017,335086.224238,344753.852429,349792.856435,352781.538040,354982.267274,357024.105509,358748.647220,359794.298766,360772.074372,361600.564039,362018.573776,362062.283650,362163.927987,362308.810740,362944.220620,363790.537123,364032.969383,363855.610479,363508.744992,363358.347340,362940.144873,361857.317321,361342.455918,361224.673418,360464.170701,359848.447445,359902.674350,360453.218543,361066.111208,361436.154738,361619.308266,361820.230639,362501.611080,363313.298399,363214.542116,362226.261079,361185.307895,360095.157560,359412.916812,359461.110639,359843.594014,360741.633659,362059.240271,363214.706531,363862.961319,363888.857226,363287.640277,362390.819893,361527.991230,361180.954992,361464.978947,361935.770144,362166.675614,361913.495827,361930.507560,362310.382161,362511.440648,362362.590208,361897.582731,361264.172824,359491.549432,355242.168770,347182.055236,333216.543387,311075.491247,277120.429957,227720.693691,160104.115589,71802.511379,-36237.197261,-156238.453294,-278457.393993,-392171.321024,-480911.583630,-540576.402235,-582829.471716,-614063.267499,-635773.721975,-652308.027285,-667086.648185,-683373.867930,-704483.016737,0.000000,0.000000,0.000000
0.000000,0.000000,0.000000,0.000000,-682794.006798,-658986.285307,-634554.690074,-599351.254653,-548653.710914,-477424.825801,-382317.137357,-263509.787821,-122520.086474,26216.608705,151752.976829,230548.236722,273867.740809,301289.079009,320162.347860,334090.091458,342481.860753,347093.510044,350728.220833,354094.527946,357017.913681,359266.362935,361158.224236,362515.962301,363339.415737,363773.862158,363970.960890,364248.551390,364554.244216,364710.902254,364624.419307,364459.547602,364393.179291,364207.441776,363616.270791,362849.651392,362381.792503,362331.278187,361847.865931,360959.183580,360837.492822,361182.116316,361192.091380,361203.744092,361358.270725,361648.733426,362381.174816,363083.335583,362939.149638,361820.556479,360616.759038,359740.759074,358910.105874,358699.223251,359346.031273,360309.159735,361662.862862,363055.254516,363789.921719,364091.167427,363876.775651,362720.630352,361264.155295,360398.667644,360264.954111,360679.078973,361138.047283,361404.318226,361883.130443,362306.360413,362600.568641,362159.171502,361044.482767,360376.295073,358768.719659,355005.198341,347668.315139,334352.580487,313682.780069,281902.810241,234713.317112,169727.601751,81800.500816,-21183.038060,-131213.948848,-253614.996582,-374112.861195,-469456.594310,-533971.063591,-578609.438855,-612156.872866,-635676.909030,-653934.472164,-669170.400358,-688543.831737,0.000000,0.000000,0.000000,0.000000
0.000000,0.000000,0.000000,0.000000,-690575.785980,-664945.814559,-640642.213131,-608919.147381,-562066.038722,-497195.091060,-409694.841493,-293992.388960,-155256.628304,-7705.924949,119791.533866,198384.202956,240048.754254,270624.344384,297140.777927,317646.101303,330598.423996,338765.562346,344585.512885,349413.128358,353823.747548,357324.085091,360369.488307,362838.538275,364189.969065,364840.260181,365232.633466,365315.284573,365188.624163,365181.063383,364847.925793,364525.778484,364676.208369,364514.424145,363979.872447,363324.587172,362948.700717,363070.067095,362590.937478,361760.402757,361573.427286,361437.672017,360971.342031,360710.802811,360917.508350,361469.189507,362318.572591,362958.453081,362536.590985,361242.641048,360140.808713,359405.467785,358619.360720,358256.675726,358915.784401,359974.897807,361262.628345,362635.908430,363573.616419,364164.217568,364028.270486,362998.827229,361629.135037,360524.499838,359893.527081,359938.118668,360460.249091,361010.176658,361748.277549,362399.962141,362446.746789,361640.144707,360325.191951,359324.937249,357908.772501,354489.379472,347416.487926,334788.141462,314154.978854,282433.093042,236446.721939,170938.502274,78787.235630,-27860.802306,-130074.026373,-239977.804886,-359497.685611,-459427.701899,-527644.894734,-575485.576179,-610429.812580,-635437.112052,-654159.154044,-670254.799028,-691199.315714,0.000000,0.000000,0.000000,0.000000
0.000000,0.000000,0.000000,0.000000,-694311.397461,-669520.352794,-646374.959166,-618363.764834,-576924.955752,-517212.203465,-434676.338396,-326431.188379,-190445.712049,-42682.285538,75501.650182,151804.909500,198072.232919,230907.382837,266467.831632,295331.024084,313191.571331,325910.263581,335128.629324,342583.124035,348701.709508,353792.065537,358223.938138,361827.344597,363865.324073,364835.237455,365111.945410,365115.019702,365120.856862,365177.853440,365048.652533,364754.807995,364614.627549,364479.377607,364145.517946,363657.299626,363397.824206,363415.046138,363085.941823,362344.224554,362040.016949,361822.537388,361140.079589,360671.806671,360971.650185,361998.978350,362989.172549,363301.544783,362435.700418,360800.156301,359779.078411,359091.940660,358467.457197,358418.669365,358842.671452,359692.625734,360951.676614,362095.023796,362965.538826,363469.940621,363324.099355,362767.350028,361945.993088,361103.799801,360472.800245,360170.023506,360451.592557,361121.387349,361673.100800,362166.717701,362108.028729,361202.298142,359986.006219,358537.613769,356925.944823,353526.071755,346112.427618,333297.812992,311826.770192,280279.367475,234831.198921,165199.174457,67741.944261,-42880.937800,-142749.032562,-243211.730563,-357834.458925,-456237.869360,-525392.135969,-575189.256146,-609987.904633,-635907.262357,-654394.261169,-670535.387348,-693330.497149,0.000000,0.000000,0.000000,0.000000
0.000000,0.000000,0.000000,0.000000,-698407.684595,-674256.405060,-652859.456030,-627945.215925,-592881.472296,-539998.152333,-465152.569302,-366508.754325,-241973.319423,-108344.136475,2943.506527,82780.078768,140323.877322,186490.759334,227961.501708,263324.058410,288990.754690,307074.597440,321224.620583,332132.414657,340718.490822,347843.148820,354119.161150,359116.066239,362163.700904,363586.187666,363689.950466,363645.154634,364132.274401,364591.463388,364841.388032,364797.994463,364597.490823,364306.110169,363984.164691,364015.655593,363959.459961,363679.750559,363409.092516,362756.770379,362269.316780,362117.348297,361529.347713,361041.632466,361565.770478,362777.783616,363825.904481,363842.240176,362552.585021,360921.878179,359946.469754,359276.300363,358804.346338,358830.121263,359199.961794,359878.383984,360746.914163,361628.208941,362204.638714,362298.393038,362549.783261,362550.662902,362133.536944,361656.058530,361156.068822,361232.676012,361271.715130,361536.818373,361931.372570,361757.186877,361491.981159,360617.286114,359268.964182,357744.143805,355381.485551,351161.363634,343348.023478,329883.863734,307772.269578,274187.742800,224222.219382,150138.113221,47971.789040,-65610.515013,-167044.299039,-266670.058884,-373681.908659,-466111.143114,-532548.362286,-579294.197586,-613324.703251,-639139.603547,-657667.266789,-675165.997406,-697457.171842,0.000000,0.000000,0.000000,0.000000
0.000000,0.000000,0.000000,0.000000,0.000000,-682306.007265,-661408.220312,-638763.079236,-608287.656384,-563903.804409,-501431.209733,-418627.688087,-314968.183617,-205653.476597,-100615.039462,-9428.875732,60655.346340,123903.069044,177085.285067,217860.182684,252265.817830,278769.416613,300094.981407,316517.395735,329023.310873,339095.937249,347242.693619,354220.770491,358946.190445,361145.146868,361726.688390,361820.342983,362525.087866,363615.494601,364377.463128,364397.349014,364127.857806,363933.592994,363945.446580,364201.827848,364126.440956,363922.320366,363509.359780,362803.857531,362355.384788,362158.274825,361966.977637,361807.343924,362269.374694,363243.720325,363927.004094,363954.629885,363032.253910,361566.284487,360705.887385,360183.768686,359601.034558,359312.950098,359436.438163,359720.798048,360202.785043,360941.489072,361419.599871,361524.761796,361909.087817,362467.433573,362490.898750,362040.361720,361829.300636,362076.161841,362229.394209,362308.199400,362127.116349,361451.407704,360677.494611,359808.507401,358350.790163,356265.914428,352673.906894,346864.850313,338095.269609,323155.274281,298383.392593,260032.051778,201882.237258,120527.050670,15745.875078,-99291.050332,-204635.616282,-305505.584547,-404501.966600,-486975.965811,-546614.344231,-587858.390779,-620164.563221,-645388.817015,-663617.650925,-685725.644826,0.000000,0.000000,0.000000,0.000000,0.000000
0.000000,0.000000,0.000000,0.000000,0.000000,-695136.324245,-671713.962357,-649964.668081,-622998.900512,-586706.282086,-536990.782227,-472647.070613,-393658.851734,-303489.531334,-210204.545295,-117332.656355,-29075.708075,42286.525612,100586.904609,154575.969992,200874.612399,238297.899198,269183.960223,293523.696342,312094.215513,326863.407918,338002.582149,347056.257718,354103.302646,358149.685313,359656.416218,360197.197572,361387.321967,362839.973444,363523.693484,363656.675680,363579.904662,363503.477928,363799.293928,364268.913255,364403.418404,363977.578406,363453.989097,362952.688429,362685.832286,362543.440272,362550.124049,362817.096056,362994.760040,363404.649995,363629.666879,363347.215634,362824.107760,362010.949741,361335.354844,360982.707867,360507.287642,359858.442944,359270.567922,358982.253147,359402.121624,360001.039877,360441.450799,360823.775314,361312.119493,362084.306278,362528.929362,362587.562622,362555.315671,362530.210049,362502.784334,362359.531150,361797.650328,360837.159133,359658.829980,358186.901431,356343.438098,353176.443858,347801.177225,340264.089515,329434.160227,311620.677229,283298.150902,240698.467831,173819.835736,81642.381802,-25492.876673,-136797.531248,-244551.180609,-348336.732880,-440264.237018,-511520.486526,-562340.645547,-599388.722143,-629559.483565,-652536.569921,-673270.048258,-697321.564408,0.000000,0.000000,0.000000,0.000000,0.000000
0.000000,0.000000,0.000000,0.000000,0.000000,0.000000,-684075.314330,-661581.894703,-636913.990220,-607417.819542,-568933.685574,-519748.002983,-460252.316606,-388434.378580,-307103.777983,-218576.527247,-129806.358525,-57537.351803,6585.725784,75256.579665,136530.042044,185930.330841,227281.190324,261244.905000,287987.577576,308840.302409,325085.715118,337431.185200,346959.011935,353748.273574,357131.776721,358787.261995,360747.376840,362233.863711,362745.505306,362720.507961,362683.980018,362840.639505,363511.624643,364520.241678,364832.156987,364190.420406,363634.626725,363495.845331,363085.275281,362799.717769,362998.635613,363535.156188,363879.511396,363659.647558,363292.073781,362455.245821,361672.543051,361416.789983,361231.764174,361173.979958,361114.280836,360301.422863,359177.596962,358678.098056,358853.933248,359442.737529,359925.684906,360371.184905,360968.976390,361621.514174,362463.681165,363076.985636,363084.758002,362735.237854,361970.853995,361406.168769,360808.980173,359393.219734,357581.411210,355695.898157,353238.772885,348604.596029,340791.122171,330633.411975,316235.494436,293739.248611,262149.404558,214148.481009,137816.181044,35905.534635,-74223.385570,-185420.165316,-295012.136038,-392894.689804,-475016.353531,-537101.648327,-579795.571902,-612887.795023,-639253.413576,-659378.052410,-682842.659311,0.000000,0.000000,0.000000,0.000000,0.000000,0.000000
0.000000,0.000000,0.000000,0.000000,0.000000,0.000000,-700228.207729,-674190.128416,-651116.979110,-626577.844511,-597294.152030,-559566.717570,-513432.548949,-459246.517253,-390095.941878,-310218.319021,-238232.526298,-167349.473834,-89661.915662,-12865.775738,59454.244181,122039.116156,174041.364911,219209.669984,256148.393347,284576.793713,307180.428716,325063.221453,338003.979977,347141.823962,353220.810682,357041.593531,359872.863068,361754.174468,362585.601697,362318.478583,361990.977060,362292.940167,363227.787114,364454.464280,364715.764506,364116.222077,363652.968723,363503.222505,363298.967336,362837.164908,362802.719086,363438.925115,364236.530713,364152.017604,363018.893275,361550.241422,360389.413960,359951.942113,360234.496307,360846.529807,361157.616245,360377.213266,359285.638450,359070.936863,359262.834980,359833.980957,360488.689539,360865.785696,360954.785215,361315.270354,362361.887551,363480.367646,363812.846813,362985.623429,361729.193023,360590.970388,359193.342170,357290.901318,354877.724127,352344.976781,348336.676098,340749.704534,329999.800881,315633.094196,295608.159554,267755.490791,229234.925312,172076.584706,85886.511107,-26186.822938,-142890.275467,-252274.571506,-354509.415526,-442107.351700,-510702.379005,-561588.728604,-598139.849704,-626215.030619,-648293.090717,-668781.109020,-691698.196516,0.000000,0.000000,0.000000,0.000000,0.000000,0.000000
0.000000,0.000000,0.000000,0.000000,0.000000,0.000000,0.000000,-688630.351723,-666985.054217,-644299.684252,-620310.823030,-591930.508012,-556629.632543,-514473.902678,-461281.003296,-402278.025158,-337350.390987,-265861.676573,-191749.917987,-106766.609092,-23227.758924,47127.473900,110388.662701,166914.904964,215329.968761,254426.628585,284710.474242,308878.986388,327396.238870,339962.560648,348499.754053,354531.575094,358597.754497,361359.870834,362352.503518,362210.210668,362172.150555,362095.451301,362755.021168,363857.801559,364057.191354,363382.799277,362763.128879,362755.960335,363032.333430,362547.935009,362157.990017,362935.365451,364039.777483,364342.271767,363016.550862,360933.904946,359392.525462,358833.521838,359479.565323,360455.595331,360662.364465,359976.102279,359236.796348,359496.282540,360361.519234,360848.099718,361323.144846,361579.684179,361301.264643,361229.679772,362064.400975,363650.931805,364233.785224,363203.769277,361358.744930,359239.748646,356958.825578,354233.002312,350794.594934,346404.567741,339572.916937,329060.385821,314640.627385,294027.531401,265702.283554,229782.600669,181097.558176,112021.181626,15882.756073,-100276.478653,-215441.649078,-319863.930588,-411293.204751,-486523.156486,-542760.147614,-583204.410434,-614703.276470,-638705.982940,-657711.159859,-679771.837651,0.000000,0.000000,0.000000,0.000000,0.000000,0.000000,0.000000
0.000000,0.000000,0.000000,0.000000,0.000000,0.000000,0.000000,-705574.495339,-680665.759269,-659641.404952,-637814.392612,-615745.389304,-589846.100304,-558006.024145,-520048.390798,-475031.319613,-418887.003459,-352344.019123,-277783.833314,-191007.539436,-103540.783615,-28900.106244,42874.323348,109057.392313,166073.238127,217462.076872,258230.113264,289408.630589,313700.256115,331365.758221,343156.725097,351309.173149,357133.877308,360644.567288,362192.851125,362401.864491,362388.005013,362140.240429,362350.042014,363246.645108,363088.131259,362207.770880,361674.619800,361952.949445,362349.765314,362096.244582,361949.180861,362617.091906,363834.369606,364088.504133,362810.127146,360714.707516,359261.396115,358912.212179,359440.600534,360259.601437,360162.412407,359408.975932,359098.286114,359839.472881,360938.016950,361555.270189,361771.975874,361739.320847,361200.754107,360626.428477,361167.828877,362639.094161,363273.739649,362385.356668,360088.714862,356972.020480,353660.416587,349371.439316,343915.694170,337007.788521,326933.730910,312758.891486,292088.753317,262075.424432,223505.710665,174191.659675,110161.438139,29269.686347,-74455.181623,-186127.615828,-286884.069523,-381460.997797,-462627.859632,-523763.897702,-569761.279261,-603838.501633,-629806.991881,-649971.388826,-669690.011512,-691808.496133,0.000000,0.000000,0.000000,0.000000,0.000000,0.000000,0.000000
0.000000,0.000000,0.000000,0.000000,0.000000,0.000000,0.000000,0.000000,-693523.360295,-673260.384859,-652355.804031,-633196.657073,-613748.146791,-590394.495129,-562224.832231,-525337.771196,-477908.791849,-417401.804669,-342946.977342,-262973.033529,-179501.620445,-97696.635605,-24132.719587,45720.216175,111794.386216,172563.218046,226162.919444,267652.523023,297917.026311,320256.174413,335951.235280,346784.889808,354154.632850,358870.160365,361392.176150,362354.187475,362487.590906,362242.071185,362215.991065,362613.537865,362316.983795,361539.756608,361299.713726,361616.410254,362319.948344,362684.382987,362629.939557,363017.024192,363818.549747,363503.656064,362064.120842,360510.441775,359654.653173,359622.701202,359889.692089,360099.087540,359727.736085,358911.604801,358791.177928,359752.151476,360801.089982,361501.263709,361838.969289,361645.601707,360802.046255,359888.833201,360010.863620,361010.090423,361715.584683,360921.059319,357957.289502,353337.511531,348005.357802,341746.251381,333658.988676,322846.863642,308077.160943,288033.589607,259080.900102,217787.948851,162300.486334,97080.989938,20383.436225,-75301.667583,-179753.481178,-280291.552663,-368634.178232,-443427.753157,-508115.335302,-558451.088076,-594604.391529,-622138.651567,-642574.671363,-659520.781007,-681450.198902,0.000000,0.000000,0.000000,0.000000,0.000000,0.000000,0.000000,0.000000
0.000000,0.000000,0.000000,0.000000,0.000000,0.000000,0.000000,0.000000,-709888.623154,-685343.105962,-666000.076805,-647802.684817,-631268.427424,-612579.787433,-590152.119834,-563400.474433,-522132.973050,-467557.124359,-411304.489931,-340297.081294,-256380.721200,-175621.120998,-98008.726734,-20524.586017,55677.585015,124747.311592,187358.529736,240493.149944,279443.080738,306970.140237,326519.776189,340441.960826,349982.712250,356150.823897,359519.757477,361335.677152,362087.671444,361903.060199,361626.219531,361646.492285,361546.856333,361333.357395,361331.013557,361870.756636,363021.930614,363719.556228,363690.534151,363767.957710,363743.267975,362584.544047,360941.909558,360076.552213,359948.509071,360179.745726,360428.147455,360135.977600,359270.152596,358611.832086,358580.358760,359308.638403,360361.141778,361255.194107,361757.766049,361437.005812,360573.718219,359450.796594,358929.087290,359534.373783,359908.794260,358405.293756,354157.078078,347841.945880,339988.542509,330441.528736,318060.946123,301161.363002,280325.506151,253551.353702,216931.275659,164598.998948,92853.562944,12872.007149,-74123.457542,-174693.752256,-275623.975921,-365480.699500,-440055.987272,-499209.511614,-548180.883819,-586358.176498,-614427.424745,-635817.281495,-652975.839483,-670960.236709,-692714.677008,0.000000,0.000000,0.000000,0.000000,0.000000,0.000000,0.000000,0.000000
0.000000,0.000000,0.000000,0.000000,0.000000,0.000000,0.000000,0.000000,0.000000,-698711.310168,-678744.410149,-660658.533107,-644167.329493,-627876.406570,-610470.516528,-589725.510516,-559983.621597,-520680.670064,-476040.196575,-415574.018681,-339707.920550,-260510.611376,-173765.006816,-84947.122935,-3224.551765,72539.080764,145477.086111,209223.624305,256794.124379,291181.631334,315067.284051,332094.913252,344837.782336,353007.907457,357325.015851,360025.816171,361280.430221,360977.725070,360430.721317,360420.651251,360343.423347,360420.157132,361038.960335,362016.635578,363262.138431,363985.231872,364123.740023,363629.505736,362692.778198,361371.016180,359754.489450,359245.486586,359874.997469,360467.885460,360772.148244,360324.871801,359300.571893,358771.847650,358663.966353,359011.797114,359959.058926,360905.119974,361388.668143,360984.394949,359902.695444,358592.566189,357942.063651,357835.740270,356972.829878,354205.599936,348649.720291,339698.976569,327709.701054,313072.657658,294024.066094,270052.988472,242178.699778,207691.798380,162651.533716,103527.239608,27874.094311,-66690.331741,-166775.151668,-260456.428203,-353878.521944,-433700.434585,-493779.084926,-542477.792533,-579227.433950,-606871.348978,-629483.175484,-648010.580055,-663751.518984,-683350.292415,0.000000,0.000000,0.000000,0.000000,0.000000,0.000000,0.000000,0.000000,0.000000
0.000000,0.000000,0.000000,0.000000,0.000000,0.000000,0.000000,0.000000,0.000000,-713443.513831,-689950.610476,-671871.267361,-654388.587107,-639886.904467,-626363.255696,-610216.744360,-589412.315007,-561974.524212,-525722.502068,-474744.563993,-409062.736085,-333240.084047,-247263.232613,-154616.553357,-65881.289257,17612.451202,102109.304854,176155.416991,231488.287920,272901.842216,302606.999191,323126.771970,338511.424931,349156.561371,354596.831632,357827.811264,359588.511971,359572.731917,359122.727310,359333.717235,359570.438194,359875.802481,360643.816220,361609.255528,362752.007836,363310.245724,363036.095090,361987.669071,360788.040691,359891.621574,358868.880077,358655.648673,359497.011393,360538.700458,361255.368499,361000.187966,360280.246799,359636.831792,359112.065487,359341.702199,360093.129746,360862.526872,361277.906279,360682.188509,359105.243749,357550.118588,356582.219193,355200.749775,352313.930619,347560.106079,339342.899329,326159.652242,309046.860245,288030.114932,260333.343351,226734.789819,188297.248811,142873.398887,90603.379482,29114.976624,-49605.904587,-148593.233534,-252588.239995,-345123.619180,-423567.911377,-487567.847770,-537657.820231,-575208.753015,-603057.289344,-625161.137740,-643977.049994,-661180.229762,-677664.090548,-697142.374801,0.000000,0.000000,0.000000,0.000000,0.000000,0.000000,0.000000,0.000000,0.000000
0.000000,0.000000,0.000000,0.000000,0.000000,0.000000,0.000000,0.000000,0.000000,0.000000,-706832.423979,-683815.288035,-665939.336486,-651103.422158,-639074.891856,-627339.150840,-611554.377778,-589562.567331,-561218.631674,-517125.026162,-456417.542275,-394102.961213,-320524.316692,-228868.267318,-133644.262533,-36354.806971,59432.536829,141508.949396,204330.332811,250578.610998,286467.345555,312735.767996,330686.582634,343607.896051,350629.976144,354116.713204,356439.693032,357521.067193,358007.511826,358683.740752,359551.750765,360107.466551,360656.419830,361089.857601,361637.062870,361765.578503,360923.376662,359747.987516,358760.753899,358071.305771,357868.506706,358066.543801,358698.664021,359967.684339,361116.945684,361311.009890,360755.554394,360091.863641,359753.757393,360054.226267,360803.499736,361752.921296,362003.380877,360757.386555,358610.805875,356448.164108,354180.659840,350790.435907,345607.232781,337289.582946,324544.479685,306754.029755,283845.631812,253153.280745,213586.183037,167555.548337,113705.896304,53234.907405,-7866.770153,-71196.912255,-146193.863015,-236981.985008,-334792.413051,-419301.763716,-482096.970814,-531134.172732,-570566.178017,-600353.466733,-622692.027289,-641331.643113,-658604.860243,-675466.315305,-695356.098095,0.000000,0.000000,0.000000,0.000000,0.000000,0.000000,0.000000,0.000000,0.000000,0.000000
0.000000,0.000000,0.000000,0.000000,0.000000,0.000000,0.000000,0.000000,0.000000,0.000000,0.000000,-699079.546471,-679066.422995,-663019.193916,-650720.736967,-640697.770781,-628585.754486,-612576.035368,-587893.884805,-550612.380608,-502009.779821,-447586.346125,-384347.724608,-299424.376904,-197417.531625,-86369.540312,20150.158668,104735.303291,169102.702963,221138.151824,264594.638343,296925.849129,318928.581706,334658.664544,344173.423728,349081.764343,352125.331792,354738.614968,357104.432144,358722.162173,359557.072014,360088.159583,360540.938258,360299.765277,359746.121293,359158.151989,358102.160597,356738.986198,355513.958932,355040.990063,355107.844866,355295.268064,356238.157648,357608.741199,358726.117675,359177.101911,358831.977977,358788.473630,359089.356182,359841.448343,361077.127632,361973.026708,361905.887290,360428.968204,357742.082274,354372.411856,350175.221784,344245.798259,335538.952361,322357.848117,304027.663769,279982.704853,247058.996678,204396.306040,152754.682200,90223.386300,20515.400135,-53816.898457,-128812.521921,-191888.980077,-255103.637599,-334032.633839,-412995.039033,-477771.544199,-527013.269755,-564442.853834,-594697.720419,-619577.607050,-639484.066738,-655891.954504,-672493.304980,-693135.137887,0.000000,0.000000,0.000000,0.000000,0.000000,0.000000,0.000000,0.000000,0.000000,0.000000,0.000000
0.000000,0.000000,0.000000,0.000000,0.000000,0.000000,0.000000,0.000000,0.000000,0.000000,0.000000,0.000000,-692163.874991,-675135.850815,-661072.884367,-650434.857911,-640714.485595,-628481.794117,-609972.793169,-580532.956977,-542035.760703,-495461.341656,-436877.991949,-355308.298689,-247087.893806,-129565.669239,-19172.554759,64678.237931,125687.677319,184459.145715,234720.615830,274269.090181,303808.060927,322420.388208,334966.856264,342812.321571,347591.259701,351269.378907,354835.854825,357491.750207,358534.740059,358658.915045,358732.017605,357761.670658,356216.444084,354899.580931,353444.415167,351417.291282,349312.345144,348534.861865,348322.002929,348432.193538,349670.514273,351317.926250,352513.428140,353419.706997,354127.887176,354784.639691,355864.278109,357624.859211,359371.303953,360276.470951,360317.204172,358756.955059,354953.937432,349748.660189,343420.883986,334699.910830,321052.612284,301248.951388,276270.458745,241578.107632,196360.139091,145899.517013,83988.671279,8301.415201,-71357.048358,-153299.202570,-233726.768554,-301151.877395,-360530.089774,-421533.837496,-478970.006934,-526059.126562,-562095.134907,-590202.251197,-614358.798123,-635621.579689,-653206.518141,-668804.453854,-686478.311288,0.000000,0.000000,0.000000,0.000000,0.000000,0.000000,0.000000,0.000000,0.000000,0.000000,0.000000,0.000000
0.000000,0.000000,0.000000,0.000000,0.000000,0.000000,0.000000,0.000000,0.000000,0.000000,0.000000,0.000000,-706138.759609,-685237.761386,-669559.429581,-658194.170323,-649664.115328,-638989.549963,-625384.813252,-604024.661575,-571694.687746,-531839.592305,-476858.954589,-397569.801726,-293688.098787,-174160.540762,-64774.587677,16330.326383,77979.610905,135507.342392,192028.939597,241440.865296,279926.887897,305873.641735,322327.360865,334430.307724,342206.867316,347084.627377,351056.292244,353879.602694,355173.779263,354842.489469,353495.217841,351458.503675,349160.891852,346854.053543,344555.142155,341432.477480,337833.041654,335710.882131,334945.710220,335303.296846,336834.005513,339187.109533,341475.434139,343519.105559,345616.605551,347523.637944,349877.575263,352672.091791,354975.781442,356713.124140,357207.486885,354800.714126,349626.188851,342802.044585,333818.903189,320567.993359,300597.786005,272998.729957,237328.411413,190062.327312,131707.568338,71101.699652,7268.340988,-63921.298290,-145306.695817,-231401.091316,-309481.369044,-380962.614817,-439939.612849,-487918.399611,-531121.722067,-564446.525629,-590451.181649,-612210.401533,-631075.745908,-648719.324382,-664723.254109,-681013.543752,-702665.434983,0.000000,0.000000,0.000000,0.000000,0.000000,0.000000,0.000000,0.000000,0.000000,0.000000,0.000000,0.000000
0.000000,0.000000,0.000000,0.000000,0.000000,0.000000,0.000000,0.000000,0.000000,0.000000,0.000000,0.000000,0.000000,-698271.887878,-679417.690839,-666668.496855,-657825.791735,-648649.969215,-636804.519382,-619943.354565,-593934.912526,-557090.249441,-506351.611957,-435959.520923,-340675.026749,-225803.492078,-122349.843515,-44351.871187,17409.373156,71028.736212,131348.215822,191878.731731,242042.659524,281175.529335,306309.075192,321007.858279,331198.550326,339949.859030,345745.256109,347843.796890,348650.175047,347659.609611,344348.021582,340660.199450,337074.160493,333059.138707,328679.632484,323626.984445,318262.824734,314475.604756,312523.043870,312725.910190,315151.188156,318520.322263,322246.458069,326716.358466,331333.158076,335533.360043,340065.667658,344775.997026,348610.403672,351004.290615,351387.809897,348393.678560,342282.715562,334023.658207,320180.240538,299254.332886,272651.994904,236079.561332,184380.473901,120786.543684,48808.968311,-23736.814957,-86403.876429,-148693.401288,-221078.351446,-299661.751054,-376434.269105,-443225.655282,-497025.328442,-539317.973951,-570750.471829,-594530.560526,-614352.113139,-631135.270082,-645762.134360,-660074.974152,-675833.035925,-695419.432414,0.000000,0.000000,0.000000,0.000000,0.000000,0.000000,0.000000,0.000000,0.000000,0.000000,0.000000,0.000000,0.000000
0.000000,0.000000,0.000000,0.000000,0.000000,0.000000,0.000000,0.000000,0.000000,0.000000,0.000000,0.000000,0.000000,0.000000,-692988.415334,-677462.946291,-666876.772620,-658236.182867,-647588.948140,-631912.877526,-609128.982857,-576905.910290,-533140.605741,-472638.332746,-390816.501476,-292493.435816,-195756.224194,-121385.095258,-63855.607721,-9404.189322,50764.944354,121774.557949,189441.476878,243322.262180,279163.010516,299776.534098,314467.891993,325702.674359,334159.292230,337687.075445,337404.685160,335487.144522,330467.151276,324056.226165,317558.856366,311041.552518,303873.648897,295277.726911,287627.698335,281919.550172,278505.841123,278434.797482,280809.007919,285443.352126,292068.925779,299930.892228,308182.757232,316201.332284,324256.923410,331520.882069,337712.387026,341993.796554,343065.728848,340125.414065,332293.954296,319413.651689,299376.616012,270762.828171,233411.623319,182713.564795,117789.995853,36065.524911,-49993.892289,-122951.497353,-188792.944207,-249555.101583,-306339.297511,-369375.926531,-438103.143185,-496112.417454,-540836.305307,-575493.745169,-599450.458689,-618079.580137,-633696.610744,-646725.925150,-659223.153957,-673092.850649,-690469.091122,0.000000,0.000000,0.000000,0.000000,0.000000,0.000000,0.000000,0.000000,0.000000,0.000000,0.000000,0.000000,0.000000,0.000000
0.000000,0.000000,0.000000,0.000000,0.000000,0.000000,0.000000,0.000000,0.000000,0.000000,0.000000,0.000000,0.000000,0.000000,0.000000,-693455.253450,-678325.807992,-667758.879442,-656674.452871,-642309.442544,-622316.474832,-594838.991184,-559080.494358,-510645.573618,-447856.461342,-369857.355078,-290071.791978,-224882.980115,-169387.209484,-112616.624800,-46376.974357,31178.363075,116502.409228,187144.136658,234249.303372,265664.120545,284906.235222,300097.553197,313382.055502,320502.063213,319526.667427,314563.761948,307855.629463,298317.481708,287422.701139,276908.198838,265343.851787,252883.510869,242365.679644,234092.526082,229015.605701,229245.618970,231501.101609,237729.667844,248869.718408,259707.820161,271282.489335,285915.752242,300019.925103,310871.935731,320759.395559,327460.421820,329270.991598,326939.895259,317174.149830,298370.060424,268723.532057,226629.538804,173492.095523,106477.782430,27035.279842,-58289.823393,-146117.684709,-221335.642564,-284120.662070,-340989.159564,-389429.163101,-441648.061721,-493770.593063,-537817.568542,-573942.154806,-600757.491280,-620890.329146,-635666.225677,-647779.627147,-660496.676798,-673829.626487,-690298.107729,0.000000,0.000000,0.000000,0.000000,0.000000,0.000000,0.000000,0.000000,0.000000,0.000000,0.000000,0.000000,0.000000,0.000000,0.000000
0.000000,0.000000,0.000000,0.000000,0.000000,0.000000,0.000000,0.000000,0.000000,0.000000,0.000000,0.000000,0.000000,0.000000,0.000000,0.000000,-693657.145994,-678478.374435,-665496.540727,-651197.503304,-634050.964973,-611873.548659,-583157.541699,-547754.931884,-502353.668716,-447326.630796,-391327.677173,-337222.749084,-283173.789507,-224383.805072,-151141.994041,-63464.520480,29485.118819,112372.978065,172781.452372,211890.907682,239621.841965,264815.849864,283255.964184,290794.643817,288564.296570,281177.604238,272131.168335,260217.515745,244230.851742,226167.377188,208916.765289,193088.586256,180789.920009,170061.256324,162655.361322,162287.837393,165613.078092,174126.236399,187219.760824,201411.857453,219576.415585,240552.044013,260997.379116,280328.520099,296137.633108,304646.706940,306483.288250,305278.620523,295070.140559,271088.288696,228148.742385,164119.783903,90835.987122,7839.975991,-83388.830044,-164596.079488,-236236.689268,-307644.893938,-370564.428898,-422290.186057,-465993.317246,-504917.081467,-541527.593019,-573527.948416,-599884.278479,-620824.910249,-637272.884233,-649486.715870,-660633.480998,-674200.961588,-692045.041766,0.000000,0.000000,0.000000,0.000000,0.000000,0.000000,0.000000,0.000000,0.000000,0.000000,0.000000,0.000000,0.000000,0.000000,0.000000,0.000000
0.000000,0.000000,0.000000,0.000000,0.000000,0.000000,0.000000,0.000000,0.000000,0.000000,0.000000,0.000000,0.000000,0.000000,0.000000,0.000000,0.000000,-693042.835868,-675979.609256,-660922.842655,-644814.526469,-626478.912609,-604470.159974,-579107.816728,-548423.929940,-512949.731981,-473591.858139,-430933.022189,-380711.173956,-321260.219168,-245410.226262,-151913.816606,-57359.286903,26163.079606,91691.639842,145188.497629,185609.119388,215295.127171,237008.530578,244261.455680,239222.901870,228849.995468,219761.172165,204953.753278,181867.265684,157291.863557,134394.207902,115342.399379,99694.691932,88730.539691,81563.041571,77222.328665,81576.096472,93836.110974,107497.184492,124741.420989,148177.000887,175452.538963,205204.011320,233492.583376,255130.597577,266739.812269,270601.903885,270997.342504,262660.382882,232241.102511,178277.726680,100207.532222,-144.000462,-99958.775078,-186705.169504,-263066.643898,-326114.685753,-383451.634023,-443155.778731,-491309.594191,-524990.402689,-552782.081840,-578419.214310,-600989.385998,-619520.574014,-636638.671421,-650355.834815,-661916.996193,-674531.235649,-690854.311109,0.000000,0.000000,0.000000,0.000000,0.000000,0.000000,0.000000,0.000000,0.000000,0.000000,0.000000,0.000000,0.000000,0.000000,0.000000,0.000000,0.000000
0.000000,0.000000,0.000000,0.000000,0.000000,0.000000,0.000000,0.000000,0.000000,0.000000,0.000000,0.000000,0.000000,0.000000,0.000000,0.000000,0.000000,0.000000,-690601.906884,-673366.941164,-657598.296668,-641437.788217,-624064.668332,-605788.190230,-585973.122125,-562341.264329,-534512.726718,-501073.373674,-458110.161652,-401679.988158,-330494.600567,-245337.894192,-153735.948394,-73646.854173,-6125.585091,60364.820229,111544.667369,144029.902698,168541.458862,175261.102791,166069.609213,157850.834136,150464.423204,129792.875702,97947.723994,66625.890659,39693.568864,17328.642924,2082.834773,-6346.153037,-15840.709351,-22888.822286,-17794.973898,-5825.101096,12540.207721,35331.465690,59020.278154,91497.962546,127996.188041,163613.279743,195665.716929,211402.306122,214632.969127,219201.243285,210693.632533,174296.760940,113827.730478,27074.502575,-82031.510706,-191365.331428,-277763.886539,-343562.277383,-404422.130830,-457756.222413,-504095.483779,-542129.370988,-566935.531940,-586847.435786,-604584.663111,-619472.322621,-634659.138377,-650162.600008,-663423.465026,-675734.787897,-691122.567202,0.000000,0.000000,0.000000,0.000000,0.000000,0.000000,0.000000,0.000000,0.000000,0.000000,0.000000,0.000000,0.000000,0.000000,0.000000,0.000000,0.000000,0.000000
0.000000,0.000000,0.000000,0.000000,0.000000,0.000000,0.000000,0.000000,0.000000,0.000000,0.000000,0.000000,0.000000,0.000000,0.000000,0.000000,0.000000,0.000000,0.000000,-692499.651491,-673196.332596,-658688.648798,-643873.477029,-629774.029963,-615375.313485,-599538.710668,-579946.234482,-552768.453453,-517779.383529,-472217.902317,-413777.179607,-342279.818118,-264992.225830,-190328.740991,-117912.324892,-49297.598221,8179.329092,46187.795835,69192.773977,76394.175464,72860.247819,72858.868563,62803.300659,36026.813790,-4307.878253,-42704.025177,-67940.189812,-92260.581890,-104107.405077,-107906.503665,-118781.665031,-129884.548768,-134387.892379,-122618.607444,-95456.524344,-65462.865930,-36683.578507,-2706.881643,36184.482775,80378.025855,123596.410533,143972.835020,148275.831560,152584.574290,134738.111624,89952.618330,25388.198901,-62678.602793,-163857.720320,-269402.271508,-357031.653518,-418868.641658,-471531.266222,-518346.608326,-554314.296207,-579660.317705,-597281.722346,-610625.999263,-623247.785651,-635205.844452,-648798.937998,-663432.005671,-677153.076516,-694754.207278,0.000000,0.000000,0.000000,0.000000,0.000000,0.000000,0.000000,0.000000,0.000000,0.000000,0.000000,0.000000,0.000000,0.000000,0.000000,0.000000,0.000000,0.000000,0.000000
0.000000,0.000000,0.000000,0.000000,0.000000,0.000000,0.000000,0.000000,0.000000,0.000000,0.000000,0.000000,0.000000,0.000000,0.000000,0.000000,0.000000,0.000000,0.000000,0.000000,-694641.476379,-677836.465394,-664139.639703,-651662.623578,-638713.613328,-626177.957037,-612261.716620,-591739.318231,-563577.851039,-529350.077418,-485689.660659,-431240.179214,-369113.778492,-305610.549136,-238077.247596,-170504.048889,-119216.878854,-81819.361333,-57698.711128,-47369.588503,-41256.428651,-39992.289607,-48938.221135,-79896.519241,-124307.976322,-156869.403441,-180288.490139,-200999.072900,-210457.413509,-208491.045066,-215335.839772,-239487.199120,-258559.364301,-246181.213521,-213103.341682,-175039.709131,-137166.778268,-103027.683445,-57895.456408,-7620.675745,33402.370922,58462.076212,66279.847184,63297.412012,38114.619203,-18675.372664,-87114.411752,-164068.949178,-258911.505678,-350864.901004,-424849.183491,-482638.630120,-527597.623401,-563197.195371,-589631.907604,-607115.624996,-619011.636223,-629303.369104,-639057.672224,-649847.260285,-662916.738859,-678444.686788,-696087.344301,0.000000,0.000000,0.000000,0.000000,0.000000,0.000000,0.000000,0.000000,0.000000,0.000000,0.000000,0.000000,0.000000,0.000000,0.000000,0.000000,0.000000,0.000000,0.000000,0.000000
0.000000,0.000000,0.000000,0.000000,0.000000,0.000000,0.000000,0.000000,0.000000,0.000000,0.000000,0.000000,0.000000,0.000000,0.000000,0.000000,0.000000,0.000000,0.000000,0.000000,0.000000,0.000000,-686632.551503,-671081.066272,-659422.326815,-648190.819959,-635901.751480,-621082.685194,-600949.338397,-574176.145714,-542226.965912,-503806.152525,-456343.005147,-404826.848482,-351041.277932,-295553.489395,-252333.472889,-218966.911010,-192897.968820,-182373.076744,-179214.771234,-176527.610327,-182730.477139,-210671.880538,-244603.486433,-268663.330363,-286979.971808,-302232.986122,-308907.679208,-302845.053080,-310163.745002,-341077.434082,-365559.836811,-361667.462860,-327493.045326,-280790.214210,-241139.830231,-204920.205500,-159939.208808,-115610.572842,-82755.191869,-59616.798703,-54470.353154,-59976.930974,-84410.330412,-142747.664237,-209495.244362,-277213.917084,-354113.320873,-428157.289121,-487583.090971,-532531.130888,-568177.621909,-595551.631935,-614667.127180,-627277.934909,-636000.698977,-644683.519488,-653725.975548,-664393.631215,-679956.029389,0.000000,0.000000,0.000000,0.000000,0.000000,0.000000,0.000000,0.000000,0.000000,0.000000,0.000000,0.000000,0.000000,0.000000,0.000000,0.000000,0.000000,0.000000,0.000000,0.000000,0.000000,0.000000
0.000000,0.000000,0.000000,0.000000,0.000000,0.000000,0.000000,0.000000,0.000000,0.000000,0.000000,0.000000,0.000000,0.000000,0.000000,0.000000,0.000000,0.000000,0.000000,0.000000,0.000000,0.000000,0.000000,-692948.694743,-677115.367000,-666880.679543,-655959.217326,-644394.407292,-630136.315080,-610899.800365,-586559.015871,-558074.926210,-524964.327286,-486779.283446,-446917.701975,-407532.945389,-372668.345776,-344484.267097,-322999.920531,-313315.238929,-311530.838241,-310123.822399,-317876.844067,-333415.041593,-351256.822996,-369883.233082,-380257.857417,-393378.339548,-402423.822754,-398245.422292,-404974.337993,-429561.241393,-452897.449527,-452766.039440,-421993.517292,-379693.512278,-344836.981036,-304540.077756,-264003.801901,-237156.164675,-214680.870436,-200814.691186,-196682.581251,-200147.629543,-224096.112922,-270179.467599,-325621.189732,-382506.951070,-439248.335042,-494061.612772,-539790.738804,-573116.943728,-598844.674833,-618607.772279,-633100.612300,-643628.838267,-651238.732593,-659356.469108,-668891.234998,-682778.611411,0.000000,0.000000,0.000000,0.000000,0.000000,0.000000,0.000000,0.000000,0.000000,0.000000,0.000000,0.000000,0.000000,0.000000,0.000000,0.000000,0.000000,0.000000,0.000000,0.000000,0.000000,0.000000,0.000000
0.000000,0.000000,0.000000,0.000000,0.000000,0.000000,0.000000,0.000000,0.000000,0.000000,0.000000,0.000000,0.000000,0.000000,0.000000,0.000000,0.000000,0.000000,0.000000,0.000000,0.000000,0.000000,0.000000,0.000000,-697845.515410,-685658.666326,-674451.345790,-664507.507221,-653423.451544,-638828.611832,-620073.145339,-598535.614444,-575222.463857,-550465.580860,-523093.099081,-495399.819968,-471421.719752,-449446.094799,-432314.292550,-423652.005845,-420974.509738,-423022.443327,-428218.353746,-435783.534602,-447211.080426,-458506.809514,-467926.414649,-478979.186920,-486972.234255,-488557.749070,-493441.402354,-508636.168567,-522609.884902,-518733.557629,-497550.597649,-467752.849679,-436723.688195,-400890.600288,-366918.319212,-350349.838339,-340274.941750,-331626.484575,-327872.098620,-332289.953110,-351650.973413,-385111.651653,-426227.118234,-468733.879826,-511108.413189,-549439.030621,-580794.529361,-605051.859217,-623478.354472,-638096.711190,-649684.767186,-659285.341761,-667286.152266,-676981.872566,-689951.927795,0.000000,0.000000,0.000000,0.000000,0.000000,0.000000,0.000000,0.000000,0.000000,0.000000,0.000000,0.000000,0.000000,0.000000,0.000000,0.000000,0.000000,0.000000,0.000000,0.000000,0.000000,0.000000,0.000000,0.000000
0.000000,0.000000,0.000000,0.000000,0.000000,0.000000,0.000000,0.000000,0.000000,0.000000,0.000000,0.000000,0.000000,0.000000,0.000000,0.000000,0.000000,0.000000,0.000000,0.000000,0.000000,0.000000,0.000000,0.000000,0.000000,0.000000,-696599.451224,-684550.014941,-675004.780169,-662559.918171,-647076.686701,-631221.643880,-614761.258859,-597808.907873,-579677.479991,-560613.750223,-543861.013276,-529078.442062,-516574.078512,-509226.656038,-506192.346735,-507043.458810,-510155.041873,-514362.867920,-521913.427662,-530407.604164,-538182.288644,-544764.134509,-549866.139056,-553758.215875,-557951.301680,-565131.634532,-569956.531202,-566052.989873,-553208.432109,-533440.102321,-509501.274188,-484028.800701,-460453.692555,-448260.949218,-443760.449533,-436648.922640,-435471.384849,-441775.319991,-454455.286691,-478007.600627,-506959.228460,-536727.788779,-566096.047939,-592071.024748,-614130.503833,-631982.322775,-645233.230695,-656624.164989,-667183.420438,-677181.700364,-688006.442264,0.000000,0.000000,0.000000,0.000000,0.000000,0.000000,0.000000,0.000000,0.000000,0.000000,0.000000,0.000000,0.000000,0.000000,0.000000,0.000000,0.000000,0.000000,0.000000,0.000000,0.000000,0.000000,0.000000,0.000000,0.000000,0.000000
0.000000,0.000000,0.000000,0.000000,0.000000,0.000000,0.000000,0.000000,0.000000,0.000000,0.000000,0.000000,0.000000,0.000000,0.000000,0.000000,0.000000,0.000000,0.000000,0.000000,0.000000,0.000000,0.000000,0.000000,0.000000,0.000000,0.000000,0.000000,-700151.098484,-685744.269203,-672405.547260,-659532.613677,-646799.308329,-634474.744888,-621855.449355,-607975.906612,-595372.481645,-585201.328551,-577155.397278,-571311.101790,-567703.761133,-567761.417569,-570192.213951,-570825.732096,-572843.092261,-578928.894466,-582991.009638,-585629.965098,-589587.491543,-592247.520691,-595298.504562,-599639.500920,-601620.419190,-598179.222965,-589083.239970,-577132.194283,-563365.655402,-546759.239758,-532104.061284,-525846.003960,-522156.449008,-516836.045864,-516658.411395,-521590.197027,-530497.714677,-546288.657468,-566021.979632,-586324.915080,-606589.126536,-624946.344575,-641241.188457,-655379.007488,-665952.433012,-676205.595118,-689433.096461,0.000000,0.000000,0.000000,0.000000,0.000000,0.000000,0.000000,0.000000,0.000000,0.000000,0.000000,0.000000,0.000000,0.000000,0.000000,0.000000,0.000000,0.000000,0.000000,0.000000,0.000000,0.000000,0.000000,0.000000,0.000000,0.000000,0.000000,0.000000
0.000000,0.000000,0.000000,0.000000,0.000000,0.000000,0.000000,0.000000,0.000000,0.000000,0.000000,0.000000,0.000000,0.000000,0.000000,0.000000,0.000000,0.000000,0.000000,0.000000,0.000000,0.000000,0.000000,0.000000,0.000000,0.000000,0.000000,0.000000,0.000000,0.000000,-698956.572886,-685582.921485,-674023.505290,-663294.238423,-653314.355571,-642817.774713,-632719.576167,-625040.955186,-619322.732421,-614760.248604,-612448.016353,-610768.448770,-609626.663610,-609128.079884,-608497.604420,-610160.256369,-612626.704602,-614358.806712,-615890.606430,-616949.278630,-620079.298895,-624363.240088,-625540.211043,-622575.434909,-615682.254498,-607271.288345,-599328.855818,-591060.522263,-584097.323581,-579919.286900,-575761.445306,-572834.413764,-574180.258853,-577411.138025,-583591.771927,-594030.590357,-607037.972387,-622008.738344,-637499.355566,-652351.104425,-665857.254668,-677784.850856,-689919.105578,0.000000,0.000000,0.000000,0.000000,0.000000,0.000000,0.000000,0.000000,0.000000,0.000000,0.000000,0.000000,0.000000,0.000000,0.000000,0.000000,0.000000,0.000000,0.000000,0.000000,0.000000,0.000000,0.000000,0.000000,0.000000,0.000000,0.000000,0.000000,0.000000,0.000000
0.000000,0.000000,0.000000,0.000000,0.000000,0.000000,0.000000,0.000000,0.000000,0.000000,0.000000,0.000000,0.000000,0.000000,0.000000,0.000000,0.000000,0.000000,0.000000,0.000000,0.000000,0.000000,0.000000,0.000000,0.000000,0.000000,0.000000,0.000000,0.000000,0.000000,0.000000,0.000000,-702245.637054,-688879.239019,-677610.883676,-669474.363549,-662410.469721,-655872.915964,-650945.598178,-645959.818019,-643220.667722,-641007.810726,-637711.433275,-635805.922107,-633659.847696,-632119.037010,-632720.248326,-634404.777013,-635849.597818,-636942.964788,-639339.302282,-642683.201528,-644371.944055,-642280.611340,-636693.448673,-630033.104285,-624320.901604,-620679.538470,-619221.016690,-617303.217642,-614299.902383,-613615.986366,-614291.704343,-616021.216746,-621130.002482,-628725.864559,-638451.861623,-650191.463894,-662620.079039,-676047.678499,-692432.772530,0.000000,0.000000,0.000000,0.000000,0.000000,0.000000,0.000000,0.000000,0.000000,0.000000,0.000000,0.000000,0.000000,0.000000,0.000000,0.000000,0.000000,0.000000,0.000000,0.000000,0.000000,0.000000,0.000000,0.000000,0.000000,0.000000,0.000000,0.000000,0.000000,0.000000,0.000000,0.000000
0.000000,0.000000,0.000000,0.000000,0.000000,0.000000,0.000000,0.000000,0.000000,0.000000,0.000000,0.000000,0.000000,0.000000,0.000000,0.000000,0.000000,0.000000,0.000000,0.000000,0.000000,0.000000,0.000000,0.000000,0.000000,0.000000,0.000000,0.000000,0.000000,0.000000,0.000000,0.000000,0.000000,0.000000,-702614.592626,-696759.605643,-690238.266336,-684021.657417,-677051.977867,-671703.358909,-668269.573403,-663735.885475,-660429.839191,-656828.691458,-653483.177152,-650698.973110,-649385.843437,-650647.749906,-652689.253345,-654634.234609,-656712.630775,-659692.176066,-661435.524398,-659415.894489,-654554.708028,-649062.289469,-644198.831278,-642503.994070,-643505.099609,-644522.076458,-644595.233233,-644078.461356,-644591.512741,-645537.625597,-650057.632203,-657288.625176,-665856.249431,-676563.856490,-687341.894167,0.000000,0.000000,0.000000,0.000000,0.000000,0.000000,0.000000,0.000000,0.000000,0.000000,0.000000,0.000000,0.000000,0.000000,0.000000,0.000000,0.000000,0.000000,0.000000,0.000000,0.000000,0.000000,0.000000,0.000000,0.000000,0.000000,0.000000,0.000000,0.000000,0.000000,0.000000,0.000000,0.000000,0.000000
0.000000,0.000000,0.000000,0.000000,0.000000,0.000000,0.000000,0.000000,0.000000,0.000000,0.000000,0.000000,0.000000,0.000000,0.000000,0.000000,0.000000,0.000000,0.000000,0.000000,0.000000,0.000000,0.000000,0.000000,0.000000,0.000000,0.000000,0.000000,0.000000,0.000000,0.000000,0.000000,0.000000,0.000000,0.000000,0.000000,0.000000,0.000000,-704671.802514,-700612.370054,-694704.617036,-688023.367823,-680436.575075,-675256.409713,-672039.242126,-668420.150201,-667080.226731,-668740.364617,-671285.998980,-672798.542798,-674479.787205,-677095.294323,-678756.779310,-677161.123023,-672806.691841,-667401.219498,-662755.623139,-661299.195378,-662932.919299,-665532.649757,-669085.987701,-671212.468258,-672059.080777,-674705.034536,-678027.427991,0.000000,0.000000,0.000000,0.000000,0.000000,0.000000,0.000000,0.000000,0.000000,0.000000,0.000000,0.000000,0.000000,0.000000,0.000000,0.000000,0.000000,0.000000,0.000000,0.000000,0.000000,0.000000,0.000000,0.000000,0.000000,0.000000,0.000000,0.000000,0.000000,0.000000,0.000000,0.000000,0.000000,0.000000,0.000000,0.000000,0.000000,0.000000
0.000000,0.000000,0.000000,0.000000,0.000000,0.000000,0.000000,0.000000,0.000000,0.000000,0.000000,0.000000,0.000000,0.000000,0.000000,0.000000,0.000000,0.000000,0.000000,0.000000,0.000000,0.000000,0.000000,0.000000,0.000000,0.000000,0.000000,0.000000,0.000000,0.000000,0.000000,0.000000,0.000000,0.000000,0.000000,0.000000,0.000000,0.000000,0.000000,0.000000,0.000000,0.000000,-703568.141679,-699518.745258,-694624.392716,-691090.648929,-689013.844480,-691273.031288,-694561.194943,-695638.361902,-696346.066445,-698140.487770,-700337.926280,-699632.254679,-695596.149517,-690203.250270,-684926.122051,-682779.321214,-684907.359668,-690516.569042,-694017.304575,0.000000,0.000000,0.000000,0.000000,0.000000,0.000000,0.000000,0.000000,0.000000,0.000000,0.000000,0.000000,0.000000,0.000000,0.000000,0.000000,0.000000,0.000000,0.000000,0.000000,0.000000,0.000000,0.000000,0.000000,0.000000,0.000000,0.000000,0.000000,0.000000,0.000000,0.000000,0.000000,0.000000,0.000000,0.000000,0.000000,0.000000,0.000000,0.000000,0.000000,0.000000,0.000000
0.000000,0.000000,0.000000,0.000000,0.000000,0.000000,0.000000,0.000000,0.000000,0.000000,0.000000,0.000000,0.000000,0.000000,0.000000,0.000000,0.000000,0.000000,0.000000,0.000000,0.000000,0.000000,0.000000,0.000000,0.000000,0.000000,0.000000,0.000000,0.000000,0.000000,0.000000,0.000000,0.000000,0.000000,0.000000,0.000000,0.000000,0.000000,0.000000,0.000000,0.000000,0.000000,0.000000,0.000000,0.000000,0.000000,0.000000,0.000000,0.000000,0.000000,0.000000,0.000000,0.000000,0.000000,0.000000,0.000000,0.000000,0.000000,0.000000,0.000000,0.000000,0.000000,0.000000,0.000000,0.000000,0.000000,0.000000,0.000000,0.000000,0.000000,0.000000,0.000000,0.000000,0.000000,0.000000,0.000000,0.000000,0.000000,0.000000,0.000000,0.000000,0.000000,0.000000,0.000000,0.000000,0.000000,0.000000,0.000000,0.000000,0.000000,0.000000,0.000000,0.000000,0.000000,0.000000,0.000000,0.000000,0.000000,0.000000,0.000000,0.000000,0.000000,0.000000
0.000000,0.000000,0.000000,0.000000,0.000000,0.000000,0.000000,0.000000,0.000000,0.000000,0.000000,0.000000,0.000000,0.000000,0.000000,0.000000,0.000000,0.000000,0.000000,0.000000,0.000000,0.000000,0.000000,0.000000,0.000000,0.000000,0.000000,0.000000,0.000000,0.000000,0.000000,0.000000,0.000000,0.000000,0.000000,0.000000,0.000000,0.000000,0.000000,0.000000,0.000000,0.000000,0.000000,0.000000,0.000000,0.000000,0.000000,0.000000,0.000000,0.000000,0.000000,0.000000,0.000000,0.000000,0.000000,0.000000,0.000000,0.000000,0.000000,0.000000,0.000000,0.000000,0.000000,0.000000,0.000000,0.000000,0.000000,0.000000,0.000000,0.000000,0.000000,0.000000,0.000000,0.000000,0.000000,0.000000,0.000000,0.000000,0.000000,0.000000,0.000000,0.000000,0.000000,0.000000,0.000000,0.000000,0.000000,0.000000,0.000000,0.000000,0.000000,0.000000,0.000000,0.000000,0.000000,0.000000,0.000000,0.000000,0.000000,0.000000,0.000000,0.000000,0.000000
