0.000000,0.000000,0.000000,0.000000,0.000000,0.000000,0.000000,0.000000,0.000000,0.000000,0.000000,0.000000,0.000000,0.000000,0.000000,0.000000,0.000000,0.000000,0.000000,0.000000,0.000000,0.000000,0.000000,0.000000,0.000000,0.000000,0.000000,0.000000,0.000000,0.000000,0.000000,0.000000,0.000000,0.000000,0.000000,0.000000,0.000000,0.000000,0.000000,0.000000,0.000000,0.000000,0.000000,0.000000,0.000000,0.000000,0.000000,0.000000,0.000000,0.000000,0.000000,0.000000,0.000000,0.000000,0.000000,0.000000,0.000000,0.000000,0.000000,0.000000,0.000000,0.000000,0.000000,0.000000,0.000000,0.000000,0.000000,0.000000,0.000000,0.000000,0.000000,0.000000,0.000000,0.000000,0.000000,0.000000,0.000000,0.000000,0.000000,0.000000,0.000000,0.000000,0.000000,0.000000,0.000000,0.000000,0.000000,0.000000,0.000000,0.000000,0.000000,0.000000,0.000000,0.000000,0.000000,0.000000,0.000000,0.000000,0.000000,0.000000,0.000000,0.000000,0.000000
0.000000,0.000000,0.000000,0.000000,0.000000,0.000000,0.000000,0.000000,0.000000,0.000000,0.000000,0.000000,0.000000,0.000000,0.000000,0.000000,0.000000,0.000000,0.000000,0.000000,0.000000,0.000000,0.000000,0.000000,0.000000,0.000000,0.000000,0.000000,0.000000,0.000000,0.000000,0.000000,0.000000,0.000000,0.000000,0.000000,0.000000,0.000000,0.000000,0.000000,0.000000,0.000000,0.000000,0.000000,0.000000,0.000000,0.000000,0.000000,0.000000,0.000000,0.000000,0.000000,0.000000,0.000000,0.000000,0.000000,0.000000,0.000000,0.000000,0.000000,0.000000,0.000000,0.000000,0.000000,0.000000,0.000000,0.000000,0.000000,0.000000,0.000000,0.000000,0.000000,0.000000,0.000000,0.000000,0.000000,0.000000,0.000000,0.000000,0.000000,0.000000,0.000000,0.000000,0.000000,0.000000,0.000000,0.000000,0.000000,0.000000,0.000000,0.000000,0.000000,0.000000,0.000000,0.000000,0.000000,0.000000,0.000000,0.000000,0.000000,0.000000,0.000000,0.000000
0.000000,0.000000,0.000000,0.000000,0.000000,0.000000,0.000000,0.000000,0.000000,0.000000,0.000000,0.000000,0.000000,0.000000,0.000000,0.000000,0.000000,0.000000,0.000000,0.000000,0.000000,0.000000,0.000000,0.000000,0.000000,0.000000,0.000000,0.000000,0.000000,0.000000,0.000000,0.000000,0.000000,0.000000,0.000000,0.000000,0.000000,0.000000,0.000000,0.000000,0.000000,0.000000,-80323.150844,-78439.765133,-77299.614714,-76915.050244,-75983.113584,-75550.275952,-74904.834315,-73556.074185,-73476.198300,-75346.443188,-77333.664077,-78003.924570,-77468.538937,-75975.848646,-75273.623844,-76684.392043,-77530.387787,-76220.667296,-75776.311150,0.000000,0.000000,0.000000,0.000000,0.000000,0.000000,0.000000,0.000000,0.000000,0.000000,0.000000,0.000000,0.000000,0.000000,0.000000,0.000000,0.000000,0.000000,0.000000,0.000000,0.000000,0.000000,0.000000,0.000000,0.000000,0.000000,0.000000,0.000000,0.000000,0.000000,0.000000,0.000000,0.000000,0.000000,0.000000,0.000000,0.000000,0.000000,0.000000,0.000000,0.000000,0.000000
0.000000,0.000000,0.000000,0.000000,0.000000,0.000000,0.000000,0.000000,0.000000,0.000000,0.000000,0.000000,0.000000,0.000000,0.000000,0.000000,0.000000,0.000000,0.000000,0.000000,0.000000,0.000000,0.000000,0.000000,0.000000,0.000000,0.000000,0.000000,0.000000,0.000000,0.000000,0.000000,0.000000,0.000000,0.000000,0.000000,0.000000,0.000000,-80843.174794,-79906.888731,-78350.432276,-77926.535508,-79233.038201,-78916.686940,-77336.901489,-76499.358252,-76007.078128,-76068.598623,-75829.844316,-74907.156996,-74888.018807,-75660.545760,-76905.219383,-78257.287772,-77913.708779,-77213.219525,-77387.598219,-77583.507005,-77653.753902,-77156.588245,-76920.468883,-77774.675059,-78697.957634,-78595.389780,-78002.226885,0.000000,0.000000,0.000000,0.000000,0.000000,0.000000,0.000000,0.000000,0.000000,0.000000,0.000000,0.000000,0.000000,0.000000,0.000000,0.000000,0.000000,0.000000,0.000000,0.000000,0.000000,0.000000,0.000000,0.000000,0.000000,0.000000,0.000000,0.000000,0.000000,0.000000,0.000000,0.000000,0.000000,0.000000,0.000000,0.000000,0.000000,0.000000
0.000000,0.000000,0.000000,0.000000,0.000000,0.000000,0.000000,0.000000,0.000000,0.000000,0.000000,0.000000,0.000000,0.000000,0.000000,0.000000,0.000000,0.000000,0.000000,0.000000,0.000000,0.000000,0.000000,0.000000,0.000000,0.000000,0.000000,0.000000,0.000000,0.000000,0.000000,0.000000,0.000000,0.000000,-76665.181915,-78113.260082,-78939.363465,-79739.286558,-80170.266041,-79477.122850,-78159.038784,-77726.605881,-78702.694438,-78186.620975,-76301.810249,-76087.853262,-76719.814414,-76773.061983,-77091.388880,-76915.047534,-75942.826601,-75733.655864,-77051.675372,-78575.926666,-78697.708013,-78273.738008,-77885.830146,-77500.104088,-77530.655485,-77698.766402,-77998.506261,-78387.582832,-78289.626330,-77569.420147,-76762.207881,-77109.991793,-77421.211276,-76640.727972,-76663.385424,0.000000,0.000000,0.000000,0.000000,0.000000,0.000000,0.000000,0.000000,0.000000,0.000000,0.000000,0.000000,0.000000,0.000000,0.000000,0.000000,0.000000,0.000000,0.000000,0.000000,0.000000,0.000000,0.000000,0.000000,0.000000,0.000000,0.000000,0.000000,0.000000,0.000000,0.000000,0.000000,0.000000,0.000000
0.000000,0.000000,0.000000,0.000000,0.000000,0.000000,0.000000,0.000000,0.000000,0.000000,0.000000,0.000000,0.000000,0.000000,0.000000,0.000000,0.000000,0.000000,0.000000,0.000000,0.000000,0.000000,0.000000,0.000000,0.000000,0.000000,0.000000,0.000000,0.000000,0.000000,0.000000,0.000000,-79856.199607,-78390.825734,-78156.707526,-78035.193847,-77819.313216,-78329.870570,-78635.690718,-78080.164666,-77078.884724,-77571.768764,-77906.807913,-76836.862116,-76117.188031,-76005.032189,-76694.256860,-77713.450300,-77993.325953,-77385.646628,-77327.147648,-77160.513808,-76854.495466,-77157.318038,-77062.382964,-77027.821799,-76927.925978,-77016.250629,-77334.296130,-77718.621041,-78465.543428,-78472.727929,-77993.493001,-77782.177248,-77184.102567,-76400.159011,-75864.427626,-75851.348951,-76366.184130,-77126.485859,-78210.453606,0.000000,0.000000,0.000000,0.000000,0.000000,0.000000,0.000000,0.000000,0.000000,0.000000,0.000000,0.000000,0.000000,0.000000,0.000000,0.000000,0.000000,0.000000,0.000000,0.000000,0.000000,0.000000,0.000000,0.000000,0.000000,0.000000,0.000000,0.000000,0.000000,0.000000,0.000000,0.000000
0.000000,0.000000,0.000000,0.000000,0.000000,0.000000,0.000000,0.000000,0.000000,0.000000,0.000000,0.000000,0.000000,0.000000,0.000000,0.000000,0.000000,0.000000,0.000000,0.000000,0.000000,0.000000,0.000000,0.000000,0.000000,0.000000,0.000000,0.000000,0.000000,0.000000,-79101.560795,-78490.029944,-78301.007114,-78170.310039,-78257.458521,-78049.070793,-77419.547525,-76527.543983,-76460.557611,-76720.931604,-76196.579177,-76665.653965,-77413.595071,-76971.220475,-76569.818334,-75601.005976,-75674.955310,-78218.380490,-77898.593039,-76308.735698,-77570.368213,-77260.784640,-76038.224965,-76084.401605,-75148.245200,-75435.339435,-76146.143999,-75336.936683,-76055.867802,-77733.296722,-78506.012833,-78116.233401,-77332.568772,-77382.630816,-77283.995809,-76331.034472,-75418.303023,-75281.762324,-76112.681648,-76997.669588,-76997.561239,-77170.850487,-78334.578945,0.000000,0.000000,0.000000,0.000000,0.000000,0.000000,0.000000,0.000000,0.000000,0.000000,0.000000,0.000000,0.000000,0.000000,0.000000,0.000000,0.000000,0.000000,0.000000,0.000000,0.000000,0.000000,0.000000,0.000000,0.000000,0.000000,0.000000,0.000000,0.000000,0.000000
0.000000,0.000000,0.000000,0.000000,0.000000,0.000000,0.000000,0.000000,0.000000,0.000000,0.000000,0.000000,0.000000,0.000000,0.000000,0.000000,0.000000,0.000000,0.000000,0.000000,0.000000,0.000000,0.000000,0.000000,0.000000,0.000000,0.000000,0.000000,-76357.110061,-77148.391943,-77403.891733,-77292.919916,-77329.116435,-77580.508291,-77984.227102,-78095.464885,-77073.309671,-75634.328365,-76221.430529,-76335.190702,-75233.375117,-76126.974631,-77184.454814,-77286.017600,-75600.822800,-73870.728185,-74828.982558,-74092.617127,-73746.504889,-75218.017552,-72588.796982,-69099.917874,-69840.439478,-72738.564325,-75161.409763,-76359.166483,-75821.717035,-75127.329901,-75600.146987,-76211.717382,-76900.755451,-77615.326166,-77465.446270,-76710.757022,-76189.502910,-75600.055963,-75177.474384,-75386.373345,-75805.457763,-76092.143610,-76219.612897,-77007.656272,-78143.417305,-77694.253315,-76589.278023,0.000000,0.000000,0.000000,0.000000,0.000000,0.000000,0.000000,0.000000,0.000000,0.000000,0.000000,0.000000,0.000000,0.000000,0.000000,0.000000,0.000000,0.000000,0.000000,0.000000,0.000000,0.000000,0.000000,0.000000,0.000000,0.000000,0.000000,0.000000
0.000000,0.000000,0.000000,0.000000,0.000000,0.000000,0.000000,0.000000,0.000000,0.000000,0.000000,0.000000,0.000000,0.000000,0.000000,0.000000,0.000000,0.000000,0.000000,0.000000,0.000000,0.000000,0.000000,0.000000,0.000000,0.000000,-76675.367610,-76402.211066,-75735.770616,-76243.843339,-76513.340782,-76341.092760,-76426.011365,-76587.720251,-77393.314982,-77338.027915,-76308.977807,-76770.257617,-75939.696673,-72914.711786,-73110.216767,-74716.232177,-75643.652934,-75995.824840,-73143.176901,-68423.494036,-64660.496713,-62112.632422,-60839.517480,-60371.534563,-56651.437406,-50406.553091,-49933.165897,-60435.658942,-70953.927568,-72165.855876,-72507.072988,-74992.362474,-75538.515400,-74052.877132,-73486.061387,-74012.136427,-75065.305477,-77119.078982,-77232.415921,-75381.110087,-74576.329237,-75668.889685,-76704.891306,-76246.707160,-75829.852287,-77215.801460,-79172.362906,-79438.153286,-77633.367402,-76151.863205,-77179.361351,0.000000,0.000000,0.000000,0.000000,0.000000,0.000000,0.000000,0.000000,0.000000,0.000000,0.000000,0.000000,0.000000,0.000000,0.000000,0.000000,0.000000,0.000000,0.000000,0.000000,0.000000,0.000000,0.000000,0.000000,0.000000,0.000000
0.000000,0.000000,0.000000,0.000000,0.000000,0.000000,0.000000,0.000000,0.000000,0.000000,0.000000,0.000000,0.000000,0.000000,0.000000,0.000000,0.000000,0.000000,0.000000,0.000000,0.000000,0.000000,0.000000,0.000000,-78618.303680,-77404.134912,-77407.534302,-76544.262113,-75978.557082,-76158.337910,-76003.300763,-76119.252091,-76274.413420,-76443.160850,-76622.402320,-76766.632514,-76013.027245,-74461.427957,-71947.243815,-66450.786770,-63937.174103,-68889.132893,-73581.624012,-72955.497486,-70208.671911,-59694.379736,-44431.018497,-40320.600998,-36999.736017,-34209.126954,-33001.653375,-22842.802526,-24700.377246,-41318.800418,-53403.256784,-56422.103858,-56671.945400,-62191.909728,-67967.619156,-67896.344440,-65415.480040,-66343.020874,-69346.755148,-72442.633960,-76668.896961,-77446.846041,-74758.813102,-74543.950208,-77172.335736,-77611.693856,-75986.628777,-76658.363066,-79038.856057,-79749.219899,-77838.023586,-75817.365921,-75866.654602,-77026.729742,-77599.874213,0.000000,0.000000,0.000000,0.000000,0.000000,0.000000,0.000000,0.000000,0.000000,0.000000,0.000000,0.000000,0.000000,0.000000,0.000000,0.000000,0.000000,0.000000,0.000000,0.000000,0.000000,0.000000,0.000000,0.000000
0.000000,0.000000,0.000000,0.000000,0.000000,0.000000,0.000000,0.000000,0.000000,0.000000,0.000000,0.000000,0.000000,0.000000,0.000000,0.000000,0.000000,0.000000,0.000000,0.000000,0.000000,0.000000,0.000000,-77508.536822,-77483.239456,-77925.461136,-77938.971901,-77067.069786,-76680.399989,-76449.038006,-76487.038706,-77385.610971,-77198.467131,-75306.746088,-76217.119231,-77124.751962,-73143.241201,-67211.631947,-62531.822596,-56228.319077,-53841.560480,-62674.211698,-69159.944360,-67661.204547,-59475.846110,-45443.763471,-29366.664627,-15212.574280,-11636.852400,-14839.997243,-11887.595123,-2432.165557,-6942.803867,-23040.272316,-31109.291470,-29926.095720,-26649.369160,-34497.994979,-49963.895391,-55842.344756,-53112.948869,-55151.557651,-59283.352832,-64449.291134,-72239.271013,-75421.676751,-74013.135117,-72498.646405,-73040.965396,-75365.161503,-76511.724260,-76682.142870,-78026.079242,-78164.182724,-76866.235918,-75594.453072,-76023.740756,-77562.039824,-78792.440195,-79474.324646,0.000000,0.000000,0.000000,0.000000,0.000000,0.000000,0.000000,0.000000,0.000000,0.000000,0.000000,0.000000,0.000000,0.000000,0.000000,0.000000,0.000000,0.000000,0.000000,0.000000,0.000000,0.000000,0.000000
0.000000,0.000000,0.000000,0.000000,0.000000,0.000000,0.000000,0.000000,0.000000,0.000000,0.000000,0.000000,0.000000,0.000000,0.000000,0.000000,0.000000,0.000000,0.000000,0.000000,0.000000,0.000000,-75374.769633,-75810.908930,-76901.394313,-78171.517190,-77989.640905,-77532.882947,-77241.419201,-76844.155944,-77270.583944,-76633.289331,-73270.236403,-71503.148605,-71590.177321,-69074.659559,-61145.029814,-53449.841084,-49250.511481,-47424.795644,-54014.832893,-61179.623386,-59342.015270,-52514.831535,-37989.740704,-22257.605179,-13565.172195,-3641.498527,-1261.832518,-1725.251933,3528.955881,7914.306355,8041.112701,-4694.202649,-11968.218871,-3500.323997,3414.970604,-4002.969495,-22858.126059,-35979.315239,-44339.438570,-46595.344927,-44841.445148,-54473.951598,-65867.762442,-70085.950279,-67452.500094,-61992.177727,-63421.513933,-68698.189340,-72427.176310,-75881.251846,-77999.901560,-78017.729714,-77134.858896,-75956.331653,-76390.507784,-78666.431138,-79813.042617,-78603.721599,-77397.190345,0.000000,0.000000,0.000000,0.000000,0.000000,0.000000,0.000000,0.000000,0.000000,0.000000,0.000000,0.000000,0.000000,0.000000,0.000000,0.000000,0.000000,0.000000,0.000000,0.000000,0.000000,0.000000
0.000000,0.000000,0.000000,0.000000,0.000000,0.000000,0.000000,0.000000,0.000000,0.000000,0.000000,0.000000,0.000000,0.000000,0.000000,0.000000,0.000000,0.000000,0.000000,0.000000,-77619.704970,-76732.870502,-75575.604010,-75268.133060,-76624.044692,-77728.041398,-77481.244061,-77431.461322,-77465.410121,-76851.778366,-76092.283701,-73001.740933,-66428.650724,-59036.834219,-52300.176789,-46858.846747,-35520.920407,-24752.758370,-29769.971012,-41537.614301,-50753.762695,-54861.277544,-44110.873915,-23355.603051,-9434.056839,1893.121224,6323.457040,2345.422204,3632.506789,8499.415717,16408.072732,24421.997330,24335.988395,17246.864707,11514.337392,14566.556840,23232.540158,20271.405963,4470.906505,-15014.841128,-30750.773571,-36439.077057,-37333.260386,-43045.513515,-56562.597079,-63561.962211,-56174.324017,-45599.438004,-44874.286847,-53566.917595,-65223.689736,-73818.899857,-76407.346958,-77163.154423,-78082.412167,-78169.084521,-77603.115030,-78240.982688,-79092.540617,-78152.244427,-77134.736260,-77840.420988,-78826.869209,0.000000,0.000000,0.000000,0.000000,0.000000,0.000000,0.000000,0.000000,0.000000,0.000000,0.000000,0.000000,0.000000,0.000000,0.000000,0.000000,0.000000,0.000000,0.000000,0.000000
0.000000,0.000000,0.000000,0.000000,0.000000,0.000000,0.000000,0.000000,0.000000,0.000000,0.000000,0.000000,0.000000,0.000000,0.000000,0.000000,0.000000,0.000000,0.000000,-76425.476908,-76974.453196,-76974.792557,-76441.418289,-75557.494230,-75621.094446,-76282.032115,-77102.705162,-78502.334828,-77694.232740,-75541.241454,-75114.390215,-72652.598506,-61116.566625,-42538.031130,-30090.578025,-19579.584646,-3097.011213,6742.768222,-48.671732,-17494.783687,-28352.011328,-28434.492652,-16085.845872,5992.783421,19203.442535,20936.979796,18183.353613,15575.998027,18024.252733,22878.117533,30049.159217,37888.117791,38276.156203,34398.261403,30497.837037,29681.057107,33603.135106,34020.925088,21303.861478,-133.895065,-13782.940916,-20454.661873,-25310.718381,-31149.154042,-43316.912748,-49265.942876,-42317.288360,-31320.724577,-25589.649037,-37170.347317,-58425.519675,-70097.391612,-73350.853610,-74361.216774,-74837.092692,-77465.791558,-78602.416343,-77225.421360,-77294.445737,-77164.257029,-76999.726047,-77909.049150,-78396.976721,-78910.834089,0.000000,0.000000,0.000000,0.000000,0.000000,0.000000,0.000000,0.000000,0.000000,0.000000,0.000000,0.000000,0.000000,0.000000,0.000000,0.000000,0.000000,0.000000,0.000000
0.000000,0.000000,0.000000,0.000000,0.000000,0.000000,0.000000,0.000000,0.000000,0.000000,0.000000,0.000000,0.000000,0.000000,0.000000,0.000000,0.000000,0.000000,-75423.173529,-75817.203622,-76290.366429,-77612.399464,-77241.118532,-75793.515010,-75319.413946,-76277.633260,-78317.756666,-77259.972284,-74630.889158,-74647.391723,-73872.858139,-69201.805649,-57477.426304,-37646.753007,-17855.348578,-1834.825303,12589.886816,23436.807263,25104.650367,16544.500554,7769.766011,9326.784675,18440.564952,27043.406336,33562.276243,31487.265156,25529.052145,27578.202177,31770.985157,35900.981016,39262.080870,41006.653196,42717.238531,41708.572091,39450.603931,38165.259439,39010.600670,38390.740988,30549.853869,16736.710952,1794.137014,-3321.659308,-187.617224,-9457.500363,-22753.401357,-26365.732946,-22674.542972,-11148.538656,-10648.441175,-26489.277582,-45356.461862,-59147.072421,-62681.900965,-62874.859356,-67212.478785,-72408.466978,-75514.180132,-76687.676796,-76070.970148,-75521.496298,-76079.934223,-77086.777662,-76843.532413,-76663.006772,-77392.411357,0.000000,0.000000,0.000000,0.000000,0.000000,0.000000,0.000000,0.000000,0.000000,0.000000,0.000000,0.000000,0.000000,0.000000,0.000000,0.000000,0.000000,0.000000
0.000000,0.000000,0.000000,0.000000,0.000000,0.000000,0.000000,0.000000,0.000000,0.000000,0.000000,0.000000,0.000000,0.000000,0.000000,0.000000,0.000000,-75663.639332,-75955.196020,-75666.804357,-76417.678490,-78145.833670,-77999.065969,-76487.756947,-75891.758322,-76343.492831,-75127.990907,-69655.995209,-64428.024640,-63754.485114,-63317.001992,-57831.983864,-47059.678731,-30824.755511,-9332.019689,2984.901417,10274.439647,25815.665027,34481.632482,34912.455863,33835.971547,33434.871049,37183.276851,39382.631389,38158.757119,35222.766286,33332.772555,35252.017766,38813.622722,40934.077499,41528.232559,41438.921352,41410.451792,42450.906035,42215.665214,40964.046920,42002.567308,41284.785452,36921.407537,30012.550299,22508.971781,20170.847106,21545.261149,14431.083282,4213.741651,1002.712892,3283.052845,10898.704863,10295.195703,-3462.561844,-20762.383799,-33901.501762,-37580.041244,-40912.244995,-54708.655346,-67225.210528,-71764.485612,-73855.227936,-75310.004641,-75762.136301,-75133.664792,-75365.617622,-75186.174301,-75294.433027,-76643.041423,-78169.573689,0.000000,0.000000,0.000000,0.000000,0.000000,0.000000,0.000000,0.000000,0.000000,0.000000,0.000000,0.000000,0.000000,0.000000,0.000000,0.000000,0.000000
0.000000,0.000000,0.000000,0.000000,0.000000,0.000000,0.000000,0.000000,0.000000,0.000000,0.000000,0.000000,0.000000,0.000000,0.000000,0.000000,-77314.966560,-76815.935514,-76695.179573,-76347.277752,-76864.719985,-77538.381111,-77051.611827,-76287.068871,-74602.140871,-73132.217201,-66318.384345,-53808.207949,-44554.793744,-41538.365549,-42857.009925,-39095.720504,-28531.566673,-17125.007451,-2740.342790,9287.047853,14930.608219,26011.736796,36615.466512,40255.111243,41281.937720,40313.289178,40687.608210,42133.802309,41855.498460,39308.120827,38296.509871,40120.870068,41688.582233,41566.779088,41539.144846,42145.699423,42323.833866,41646.725378,41272.980769,41644.288839,41974.833300,42693.375459,41607.654661,38074.514147,36328.874343,36936.535132,35115.089321,30839.109411,26131.809657,24134.114809,26764.008614,29027.517688,27005.537095,17785.176750,5319.544034,-2040.170432,-13535.457117,-29568.598637,-43404.244487,-61224.930053,-70655.199583,-70014.522026,-71682.103911,-74396.499800,-75206.312950,-74708.655081,-74574.676826,-74822.648087,-76273.229910,-78128.491936,-79509.508590,0.000000,0.000000,0.000000,0.000000,0.000000,0.000000,0.000000,0.000000,0.000000,0.000000,0.000000,0.000000,0.000000,0.000000,0.000000,0.000000
0.000000,0.000000,0.000000,0.000000,0.000000,0.000000,0.000000,0.000000,0.000000,0.000000,0.000000,0.000000,0.000000,0.000000,0.000000,-76641.829055,-77458.426074,-77283.512554,-76773.218497,-76426.611209,-75943.784748,-75643.910844,-76125.448672,-75313.893208,-71313.627131,-66822.482207,-55388.612276,-33567.420206,-20538.272643,-22838.281737,-19776.542063,-11713.274953,-12338.621309,-7397.672358,8565.744804,21160.090024,27052.238048,33004.446594,39972.066331,41967.139843,41129.125585,41303.458621,41456.906401,41418.271111,41959.281029,41946.550867,41255.601693,41865.456217,41822.433543,41026.368857,41779.990853,42603.968512,42356.714733,41468.074363,41111.605944,41489.645457,41635.667367,41863.834554,42845.913448,42658.721493,40676.731638,40874.530682,41771.275826,39518.836498,36878.741327,36966.628079,38000.061322,38488.306727,32920.563350,23836.227498,17527.146507,6963.491459,-9409.598076,-27173.361991,-42694.860571,-56271.380352,-61782.584234,-58565.304701,-60678.568042,-68120.444552,-72873.126069,-74888.471064,-75446.816692,-75532.405121,-76070.529643,-77132.136150,-78243.777589,-77899.985262,0.000000,0.000000,0.000000,0.000000,0.000000,0.000000,0.000000,0.000000,0.000000,0.000000,0.000000,0.000000,0.000000,0.000000,0.000000
0.000000,0.000000,0.000000,0.000000,0.000000,0.000000,0.000000,0.000000,0.000000,0.000000,0.000000,0.000000,0.000000,0.000000,-74325.735531,-75924.984031,-76509.977562,-76353.088888,-76388.855511,-76141.336506,-75612.416545,-75381.302105,-74160.405333,-69351.534436,-60995.469224,-51010.334608,-38170.179574,-16687.739940,-1326.716004,-710.720608,4598.143206,12706.290626,9941.307943,8629.923118,21195.209681,32176.546144,36303.926788,40235.279971,42575.479783,41645.267152,40295.168324,41248.852278,42103.503032,41850.759153,41642.105381,42152.183529,42116.166205,41743.862962,41442.553042,41674.507969,42414.632471,42344.921430,41646.428997,41164.429858,41292.663353,41946.187789,42425.246467,42302.887764,41945.515404,42368.229571,42416.292348,42225.908239,42389.990617,41454.459798,41038.963372,41806.729040,41434.267576,40047.668684,35962.203919,29460.268652,21016.897286,2785.195460,-13800.502529,-21681.861428,-31786.862482,-40598.308032,-40536.586872,-35007.355879,-39422.457355,-54033.967795,-67197.327956,-74116.505321,-76021.150268,-76335.873571,-76050.783982,-76304.629334,-77087.825423,-77436.499463,-77110.270158,0.000000,0.000000,0.000000,0.000000,0.000000,0.000000,0.000000,0.000000,0.000000,0.000000,0.000000,0.000000,0.000000,0.000000
0.000000,0.000000,0.000000,0.000000,0.000000,0.000000,0.000000,0.000000,0.000000,0.000000,0.000000,0.000000,0.000000,-73530.416126,-74194.213099,-75081.310637,-75566.252492,-75983.369142,-76896.072273,-76669.654700,-74745.310623,-72858.171843,-66871.442912,-52946.714774,-35533.396341,-22456.061379,-11565.454485,3888.204598,13587.560609,16953.590027,23072.565096,29982.933544,30823.934408,27679.787597,32119.008081,39652.739531,41308.698417,41507.803414,41768.189575,40814.692783,40729.292972,40798.912837,41164.936893,41817.193886,42131.788175,42239.594305,41882.178752,41570.860773,41403.396955,41867.719782,42492.297486,42324.962642,41840.564079,41478.862076,41348.071898,41419.638523,42055.879690,42446.148716,41832.001860,41918.851265,42486.638744,42305.014603,42000.639932,41744.666675,41493.467590,41389.007837,41776.143582,41818.876847,40084.491815,35395.040592,27552.146965,14009.707484,-2105.664316,-6576.516111,-3663.217907,-11946.683881,-20593.181236,-19721.366966,-25735.568062,-42671.404561,-61221.333186,-72465.439452,-75981.993710,-76146.460575,-75470.805730,-75099.998258,-75129.062981,-76228.176018,-77226.744624,-77387.097039,0.000000,0.000000,0.000000,0.000000,0.000000,0.000000,0.000000,0.000000,0.000000,0.000000,0.000000,0.000000,0.000000
0.000000,0.000000,0.000000,0.000000,0.000000,0.000000,0.000000,0.000000,0.000000,0.000000,0.000000,0.000000,-74764.788551,-74881.353339,-75030.595584,-75629.725364,-75855.818550,-76407.195846,-76489.713761,-74290.143004,-70954.299647,-63586.707449,-49772.932381,-28834.197575,-6635.890196,4237.383992,9898.596799,20900.972425,24800.487055,22620.689099,30975.994555,39391.440081,38642.672173,37953.924712,40635.821581,42299.234273,41382.349705,41004.456742,41162.674190,40977.533209,41231.381095,40706.526579,40291.116364,41036.882430,41646.767441,41845.211221,41639.748459,41446.625452,41649.045012,42301.588889,42647.106404,42418.424315,42052.293797,41833.092592,41898.714592,41932.473599,41856.455659,41956.577645,41618.507715,41587.633972,42110.378491,42019.420418,42062.742834,41744.713056,41128.343970,40795.099655,40780.560062,41626.221572,41846.651691,40476.079962,36691.730607,28666.011932,21220.120098,20322.833887,20293.235118,5878.600258,-13841.631485,-24107.872967,-36389.101105,-50073.616833,-61474.482006,-71453.664272,-75547.744769,-75376.279965,-75382.153144,-75235.103433,-74188.446555,-74893.272309,-75814.559290,-76545.968306,-78365.894805,0.000000,0.000000,0.000000,0.000000,0.000000,0.000000,0.000000,0.000000,0.000000,0.000000,0.000000,0.000000
0.000000,0.000000,0.000000,0.000000,0.000000,0.000000,0.000000,0.000000,0.000000,0.000000,0.000000,0.000000,-76480.974677,-76450.579982,-76303.423551,-76360.506660,-76135.563054,-75851.613421,-74834.978481,-68923.426183,-60891.865935,-51429.505593,-33925.332718,-11373.394098,8017.870629,14640.246383,16159.563390,25963.119090,31744.180739,31038.945803,34997.531950,40378.928636,41747.866520,42305.466315,43406.190113,42424.586720,41270.739478,41488.109363,41231.173063,40853.193405,40973.138703,40835.366060,40678.550611,40688.119891,41257.938709,41794.340705,41479.475898,41631.881285,42343.343105,42912.846336,43047.686819,42710.391259,42099.399681,41690.200325,41914.148729,42296.720409,42347.488345,42129.214394,41921.549514,41934.414371,42158.909371,41871.639076,41405.824365,41090.722055,41196.144233,41498.779854,41588.035200,41178.861352,40441.699885,41906.222287,42222.081620,38305.801846,36260.446791,37276.727538,33257.148573,15944.674405,-10684.593715,-33739.879125,-49626.533879,-58169.301430,-61848.694584,-67240.590733,-72653.368461,-73744.081991,-73984.097274,-76301.248336,-76261.735617,-74911.833704,-75608.784193,-76449.719578,-77121.441607,0.000000,0.000000,0.000000,0.000000,0.000000,0.000000,0.000000,0.000000,0.000000,0.000000,0.000000,0.000000
0.000000,0.000000,0.000000,0.000000,0.000000,0.000000,0.000000,0.000000,0.000000,0.000000,0.000000,-77472.075830,-77770.089907,-77400.961541,-76762.405868,-76293.478321,-76618.981579,-75603.405460,-71880.255614,-63024.194916,-52309.397138,-43046.551983,-28164.365667,-6266.300680,11868.376192,17516.799915,22411.904769,30801.688974,36350.510123,38347.335660,39355.832306,41398.493024,42316.186222,42958.976189,43037.229413,42097.995153,41891.360521,41643.560226,40941.624908,41040.562823,41195.892177,41196.223499,41101.001223,40812.001618,41353.841503,42157.344205,42139.035136,42278.777003,42989.550047,43183.834949,42767.554644,42438.850245,41817.814916,41321.130560,41367.084488,41689.628507,42281.582556,42545.008404,42500.151348,42610.877548,42690.791160,42103.731969,41289.771663,40971.954542,41108.696488,41558.949615,42208.176283,42312.763156,41392.275878,41032.484739,42104.573461,42789.182082,41393.605944,41130.599506,38934.941534,27394.368429,3780.101868,-24671.303653,-44348.869773,-49677.494050,-50144.249072,-58609.075039,-64689.931617,-64987.131991,-68275.702246,-72937.890221,-76059.677592,-76756.513410,-76736.264906,-76762.561575,-77501.469103,-78872.209734,0.000000,0.000000,0.000000,0.000000,0.000000,0.000000,0.000000,0.000000,0.000000,0.000000,0.000000
0.000000,0.000000,0.000000,0.000000,0.000000,0.000000,0.000000,0.000000,0.000000,0.000000,-79248.912894,-78263.270517,-78693.349125,-77924.302933,-76398.422677,-76665.343674,-75393.628321,-72430.986123,-67935.092640,-59072.488943,-50247.472037,-41315.441653,-25879.165695,-4405.242530,15148.788170,26285.567117,32267.894361,37721.939214,40758.222142,40848.406645,41890.535010,42121.141927,41477.209612,41946.803168,41925.821868,41859.165804,41919.857505,41661.970545,41500.127472,41608.019964,41690.488209,41903.426280,41681.763752,41446.768936,41879.085013,42223.728533,42283.786399,42399.801019,42816.120169,42878.089113,42331.849357,42032.261000,41651.744926,41276.529455,41167.429341,41321.930563,42198.647868,42735.557278,42990.039654,43053.787909,42696.197920,42149.255645,41807.980662,41807.490943,41747.187715,41943.793123,41909.648945,41991.362232,42357.315818,42101.614321,41679.753594,42475.818192,42920.743698,42328.349112,41572.676951,35811.691059,22449.185314,1896.698277,-17711.535461,-25349.942164,-29587.213450,-42669.775261,-51887.637978,-51438.621317,-57286.807887,-66825.443259,-72791.465165,-76154.440852,-76832.506526,-76850.316077,-77369.897807,-78057.766665,-78957.854681,0.000000,0.000000,0.000000,0.000000,0.000000,0.000000,0.000000,0.000000,0.000000,0.000000
0.000000,0.000000,0.000000,0.000000,0.000000,0.000000,0.000000,0.000000,0.000000,-79054.563946,-78637.067545,-78641.573547,-78562.166698,-77270.943029,-76438.264411,-75410.960073,-70703.296916,-63628.812186,-60490.135998,-55810.059871,-46551.103923,-38627.951925,-25548.093918,-4972.364015,18555.151705,34000.960553,38886.252830,41978.779576,42534.331827,42177.829974,42751.299514,42270.305947,41918.981249,41934.779510,41639.173171,41688.259581,41879.624361,42066.870842,42497.296838,42297.995855,41981.118684,42680.633771,42827.852920,42341.349398,42185.676269,41913.862304,41841.667520,42031.107160,42053.982025,42053.720837,41985.124337,42064.553418,42252.565756,42145.625434,41789.419761,41818.401068,42392.649045,42887.032644,43274.507731,43200.670927,42836.540128,42372.026561,42207.002045,42379.932103,42344.512104,42277.189318,41747.660834,41298.461107,41670.511230,42482.710735,42336.741559,42422.570520,42954.408706,42017.665299,41614.052150,40667.895900,35381.659094,25408.660150,15001.469092,6814.189584,-3611.677156,-21742.375862,-41403.873463,-46144.178295,-49302.458614,-64044.845746,-72112.033365,-74232.062526,-76659.206186,-76352.646104,-76332.810567,-77496.344308,-78561.051981,-79796.970908,0.000000,0.000000,0.000000,0.000000,0.000000,0.000000,0.000000,0.000000,0.000000
0.000000,0.000000,0.000000,0.000000,0.000000,0.000000,0.000000,0.000000,0.000000,-77670.592485,-77948.557006,-77854.256481,-77500.941493,-77231.869135,-77561.652394,-72438.276381,-61611.609785,-51773.455531,-48633.549256,-50127.738443,-42940.556422,-25665.063565,-10076.639195,3870.209820,23377.338301,37322.144690,41921.761463,42973.404700,42317.028687,43301.484625,43937.117748,43026.253543,42444.689482,41976.940858,41543.140548,41899.454709,42106.054778,42539.689987,43091.297878,42878.797276,42800.528118,43379.373851,43559.542491,42999.405326,42289.101290,41839.908144,41672.555946,41645.769581,41568.711224,41578.184198,41683.061285,42301.876771,43027.373992,43106.789987,42858.677432,42575.125575,42694.578241,43048.961734,43176.156081,42891.668553,42670.359061,42580.647662,42594.001206,42707.058322,42387.091606,41875.095294,41615.463727,41595.249674,41617.207063,42148.217728,42323.690203,42134.511500,42775.415873,42303.545723,40887.866474,41031.840924,41013.009303,38809.269503,34105.720527,29836.130661,18396.533337,-6195.157708,-27652.977323,-40043.147880,-50216.542336,-62428.536244,-71595.586158,-73805.012674,-75168.072532,-75738.224128,-75894.491624,-76941.108266,-77950.108347,-79221.501477,0.000000,0.000000,0.000000,0.000000,0.000000,0.000000,0.000000,0.000000,0.000000
0.000000,0.000000,0.000000,0.000000,0.000000,0.000000,0.000000,0.000000,-76210.321484,-77278.909194,-77924.679249,-77074.842361,-77159.231058,-78704.619226,-76611.587697,-69007.489406,-52765.834154,-39715.878636,-43624.042465,-44698.830975,-29303.673713,-4690.287112,14716.317806,24577.066496,33310.214206,40795.733122,43077.319712,42552.643501,42711.968389,43465.815935,43319.123255,42429.784232,42167.375914,42000.110381,42176.643544,42542.658411,42608.429899,42840.287210,43217.679192,43189.302123,43257.721711,43554.142781,43572.781580,43320.707022,42726.434828,42225.047084,41725.405142,41456.826059,41513.284668,41366.339192,41694.330632,42545.783524,43076.924454,43211.687512,42765.941170,42355.645244,42791.204311,43115.350963,43026.008716,42701.178737,42379.732712,42315.865579,42476.397763,42753.148013,42479.723151,41954.295345,41746.449448,41897.934990,42016.045497,42039.553450,41867.028447,41685.235427,42412.125641,42652.324357,41793.845963,40943.679920,41508.273460,42390.538181,40875.320175,38975.255440,31223.272433,9311.752978,-12408.409603,-27246.338476,-42637.148812,-53239.459685,-61803.034694,-70282.853934,-74156.045715,-75181.041888,-75353.212795,-76031.566513,-77126.733924,-78062.449046,-78473.932284,0.000000,0.000000,0.000000,0.000000,0.000000,0.000000,0.000000,0.000000
0.000000,0.000000,0.000000,0.000000,0.000000,0.000000,0.000000,0.000000,-76301.782650,-77216.724120,-77058.353564,-76508.353102,-77546.538147,-78152.100289,-73625.643082,-64944.340941,-48579.132664,-36463.317590,-44036.382460,-41715.377914,-14769.459905,13377.321409,30866.800641,38016.704823,40601.348735,42565.261881,42310.594300,41713.883567,42473.818407,42717.131390,42116.895384,41957.575292,41990.298395,41876.401844,42246.157066,42200.156737,41971.443704,42352.701465,42895.261252,43097.443065,43021.712125,43194.680684,43297.576736,43376.310031,43090.157291,42343.525659,41707.304047,41431.402124,41336.297023,41290.716580,41792.818822,42617.018216,43066.531689,42783.586187,42106.601185,42022.760592,42689.982818,43021.754938,42884.609893,42581.365912,42173.514193,41954.610839,41936.497830,42225.597077,42638.426971,42579.082585,42144.604736,42115.695254,42052.049445,41568.473862,41377.664559,41558.791061,41934.118880,42179.307465,42127.435796,41971.742316,41924.184029,42181.163234,42473.316787,41447.687361,35800.188118,20862.901291,-3758.436366,-19235.107247,-27206.264848,-40716.598788,-49633.457352,-61292.874492,-73409.914059,-75819.690171,-75460.224372,-75619.447829,-76254.684384,-77359.605429,-78357.585841,0.000000,0.000000,0.000000,0.000000,0.000000,0.000000,0.000000,0.000000
0.000000,0.000000,0.000000,0.000000,0.000000,0.000000,0.000000,-76115.868058,-75884.126449,-75944.431051,-75583.526887,-76180.678231,-76476.580009,-74434.684117,-71915.267216,-62059.607985,-47654.106337,-44345.842895,-44292.647402,-33846.751325,-7260.647661,23835.484629,38793.524055,41021.621122,41983.328750,42467.389780,41320.716716,41451.032130,42276.965550,42403.474168,42021.241757,41636.763148,41453.599104,41248.708340,41436.074658,41340.752916,41114.814993,41498.466652,42171.024210,42183.388554,42063.055077,42159.229950,42298.481222,42851.264881,42894.430029,42210.056660,41575.158665,41305.709912,41283.959968,41409.835998,41873.417469,42607.981080,42964.230826,42444.095524,41983.291210,42195.716111,42767.969723,43035.738553,42776.777656,42335.301000,41923.147430,41609.934871,41446.958653,41868.934012,42394.505886,42401.173943,42180.514926,42168.130597,42093.109362,41536.058883,41275.058437,41834.549958,42394.063993,42065.669436,41569.997178,41904.660832,42266.447077,42323.672945,42861.292631,42398.828565,36238.137921,23681.386915,2873.503384,-14278.272158,-20491.982202,-29938.938681,-40453.169212,-53667.326260,-68971.613403,-75985.753156,-76216.718576,-75237.207612,-76026.110975,-77081.955972,-77695.315969,-78097.981046,0.000000,0.000000,0.000000,0.000000,0.000000,0.000000,0.000000
0.000000,0.000000,0.000000,0.000000,0.000000,0.000000,0.000000,-75413.670423,-75339.007813,-75024.444104,-74659.699061,-74821.273006,-73531.130663,-69601.599461,-65992.175309,-59367.070326,-48995.873082,-44507.525847,-40025.195668,-21039.149017,7605.429102,30231.860920,39740.315429,42049.937333,42943.407068,42579.090230,41483.328895,41342.228440,41776.705714,41995.153613,41883.345415,41241.187326,41115.076893,41136.415705,41044.107988,40983.785063,41018.134588,41463.605353,41759.434322,41613.317323,41182.342020,41073.435940,41458.731892,42125.463756,42346.047346,41754.927381,41291.363911,41388.695065,41555.298655,41476.095806,42006.960572,42701.214867,42535.375438,42109.772304,41923.951949,42216.830456,42684.927310,42562.147814,42148.242726,42105.186436,41971.405175,41429.761737,41092.266475,41436.272404,41767.762032,41838.439898,41867.607771,41896.437118,42161.734510,41728.301697,41302.384895,41962.457651,42629.862870,42264.204142,41558.537011,41773.916558,42262.029428,42386.969543,42649.863039,42246.281258,39818.482344,26510.579831,8036.445347,-6191.298123,-20573.365450,-27358.732268,-33762.689307,-47766.488561,-63025.933830,-73725.863026,-75644.374654,-75303.347993,-76187.960785,-77051.192721,-77662.771740,-77945.595071,0.000000,0.000000,0.000000,0.000000,0.000000,0.000000,0.000000
0.000000,0.000000,0.000000,0.000000,0.000000,0.000000,-76100.814102,-75699.624828,-75978.769098,-75607.520893,-75312.230012,-74387.818422,-71604.356699,-66123.703281,-58974.403250,-54616.388191,-43231.948656,-29762.801857,-25211.092719,-7694.513235,20643.786013,35219.624926,40068.639412,42518.309286,42741.857677,42113.899470,41198.626947,40960.969571,41318.811987,42040.014398,42065.071903,41739.673187,41537.010674,41445.408617,41344.291807,41085.929417,41289.976558,41777.290450,42040.162909,41785.469270,41169.217721,40941.886996,41271.548120,41892.616234,42098.781353,41659.164235,41573.075531,42025.961188,42064.839158,41949.521160,42464.075615,42702.192509,42167.113262,41563.616156,41611.490980,42029.873701,42057.223097,41655.722222,41423.861722,41996.870447,42366.029537,41799.062119,40996.897067,40790.152038,41205.085787,41464.713816,41531.966659,41923.605615,42283.364883,41732.685485,41390.505045,41932.282215,42282.372596,41962.173953,41587.476020,41997.832736,42624.382417,42812.360727,42526.638714,42184.686576,41301.876961,32058.339472,16061.069703,-941.575979,-20197.688230,-34310.993610,-39677.024058,-46090.204964,-60127.949787,-71345.398447,-75063.185101,-75735.013724,-75886.489610,-77242.149187,-78094.905030,-78667.915763,-79270.595622,0.000000,0.000000,0.000000,0.000000,0.000000,0.000000
0.000000,0.000000,0.000000,0.000000,0.000000,0.000000,-74639.962473,-76240.290375,-77275.744062,-77183.185349,-77464.691418,-75608.502515,-70848.250859,-65406.929609,-57392.603762,-45649.944440,-26470.412985,-8977.116170,-992.337390,12504.568582,28751.223022,38114.714438,41233.775730,41153.766940,41515.383938,41506.017601,41207.729888,40825.144658,41175.076191,41900.759250,41993.754250,42142.353358,42201.138463,42016.059149,41795.921014,41495.385166,41254.970962,41395.602141,41962.446252,41803.867006,41407.827909,41359.462517,41373.207855,41683.156895,41795.342716,41921.794734,42233.000986,42509.868178,42458.288564,42379.636782,42687.710502,42544.498085,41876.068035,41411.432241,41678.631414,42021.082258,41744.329010,41334.388301,41467.750132,42361.397652,43010.032919,42621.925820,41596.063012,40987.326066,41083.617354,41213.197268,41694.744188,42467.325013,42671.724426,42183.939111,41717.532538,42042.252485,42352.134423,41712.307675,41378.476996,42238.275007,42907.164024,42857.066735,42709.782911,42604.642374,40860.721188,37260.798169,24895.597671,6621.723061,-12014.663155,-34090.418555,-43058.562826,-46768.929822,-60882.355463,-71647.592169,-75057.692703,-75745.251369,-76102.597172,-77033.095750,-77980.990377,-78919.003428,-79037.975551,0.000000,0.000000,0.000000,0.000000,0.000000,0.000000
0.000000,0.000000,0.000000,0.000000,0.000000,-72819.878514,-74616.421441,-76486.279575,-77133.277232,-77715.667170,-77324.571236,-74257.464972,-68840.842831,-59739.127519,-48551.433462,-29424.895664,-3578.120791,13357.783133,23726.797648,31708.672593,36845.705880,40992.632795,41748.091958,40877.347706,41088.903898,41253.872846,40935.016670,40684.810035,40748.998615,41137.614483,41451.148823,41851.076758,42272.671421,42443.620408,42131.099144,41616.812536,41048.772840,41050.431240,41546.600492,41742.710786,41938.756003,41781.845245,41438.955773,41374.392936,41426.113198,41846.830771,42485.364977,42713.790247,42496.425480,42349.372137,42556.310926,42508.419412,41855.815344,41652.448314,42117.438876,42303.010096,41853.352239,41341.489441,41610.440793,42590.421787,43355.350836,43224.933425,42597.251761,41909.278368,41422.858555,41589.537907,42222.241264,42900.235359,43307.686503,42863.737939,42272.018961,42324.600815,42134.965192,41500.332614,41394.280173,42193.770461,43036.363001,42684.884563,41973.490580,42160.158931,42145.462041,39644.920175,33805.823618,23558.890474,4454.004427,-17785.624280,-29070.016127,-39233.007159,-58867.848144,-72422.838881,-75284.892901,-75832.129364,-76576.930943,-77103.797560,-77538.522370,-78339.752250,-78684.699573,-78458.835087,0.000000,0.000000,0.000000,0.000000,0.000000
0.000000,0.000000,0.000000,0.000000,0.000000,-75040.877791,-75717.021793,-76292.028937,-76238.364222,-77207.141766,-75621.048112,-72677.730106,-64757.736658,-50017.612129,-34678.077741,-12384.518399,10429.743692,25612.354874,34294.915693,39230.277826,42737.182807,42632.051995,41792.080427,41933.617281,41638.333080,41017.595048,40946.304729,40994.976510,40856.410190,40888.906085,41161.456642,41453.104574,41787.337040,42222.292023,42254.582912,41820.293111,41446.044365,41386.882825,41634.614709,42109.734046,42451.669728,42269.144920,41764.374094,41356.973329,41349.936643,41712.478994,42195.739318,42488.069160,42349.233905,42238.491098,42386.149575,42199.454140,41873.471253,42017.540490,42460.576755,42541.744891,41997.426432,41564.499683,41650.474900,42287.414467,43035.146444,43294.065067,43210.724991,42737.489541,42137.020383,42066.766304,42569.206537,43289.024201,43601.077318,43033.376804,42665.228516,42663.509113,42085.048589,41609.647309,41598.410385,42134.137072,42909.380372,42682.875457,41631.212307,41697.765935,42560.948748,41309.349102,39474.211568,34529.830607,20257.883570,5214.647229,-7242.616671,-26681.214148,-51659.973791,-70992.944555,-76874.505345,-75687.234109,-76237.597510,-77078.482749,-76868.897726,-77241.763419,-77497.689885,-77020.025134,0.000000,0.000000,0.000000,0.000000,0.000000
0.000000,0.000000,0.000000,0.000000,-79148.816381,-77663.278519,-76736.122245,-76723.778551,-76624.121571,-76800.137470,-76685.142439,-72718.427342,-62821.681535,-46623.206494,-22624.700673,-1832.404117,10699.792078,23163.822993,31885.132457,39165.198904,43259.244746,42198.362971,42597.675849,43033.084004,42173.894009,41166.717658,40972.160299,41026.659304,41034.710617,41110.331719,41179.257056,41381.252068,41602.072678,41903.077380,41985.948379,41960.866747,41972.989844,41709.921742,41816.326380,42050.306676,42149.007226,42371.381639,42053.169709,41458.074364,41401.958254,41776.634025,42027.771206,42162.407202,42140.351291,41896.261764,41938.850162,41804.805605,41576.006724,41885.767489,42496.142268,42712.495724,42178.431616,41745.192129,41923.298764,42432.394411,42651.471020,42951.427133,43291.889713,42974.865378,42458.486043,42323.444817,42980.440550,43665.067769,43462.769107,42808.707945,42518.125792,42596.113233,42591.509206,42300.309415,42173.770817,42363.661797,42648.985441,42621.070981,42059.572520,41890.179372,42463.457374,42614.521088,40230.064496,37568.825924,30609.128110,19503.547307,11287.442337,-8768.749250,-41564.247531,-66143.407634,-76101.412005,-76690.134116,-75558.057377,-76047.700306,-76491.539356,-75822.121763,-75959.222265,-76849.680014,-76605.360693,0.000000,0.000000,0.000000,0.000000
0.000000,0.000000,0.000000,0.000000,-80479.454559,-78902.468715,-77385.183617,-77534.328129,-77360.174844,-76886.908871,-77515.156327,-73299.245480,-60875.374020,-40132.073971,-14604.671608,5511.349450,15191.355123,20406.037570,30378.500012,38917.211905,41371.754549,42466.784361,43489.197278,43243.717409,41863.073716,40898.086129,40533.332487,40782.105688,41155.433915,41616.809922,41841.425698,41618.119016,41569.839245,41674.196455,41718.944168,41918.797800,42011.845941,41906.522021,41608.175052,41399.284401,41617.870508,41850.224360,41761.701777,41718.740453,41877.368567,42134.126636,42379.870311,42448.584089,42221.106691,41747.089767,41467.301244,41501.875562,41296.098973,41318.346069,42077.239933,42543.454434,42097.439147,41698.591651,42131.978725,42700.375521,42824.065069,42815.184817,42908.264339,42621.443900,42192.466095,42412.095336,43080.884971,43470.726442,43124.661579,42431.835151,42167.607280,42432.980567,42665.810458,42805.985358,42709.636870,42331.355074,42395.348909,42606.979140,42530.540838,42266.549810,42409.298153,42642.870822,41706.668589,39749.411900,36013.396661,30374.279267,25961.892454,10400.611260,-24550.962905,-55037.991021,-69874.020275,-76060.363709,-75894.059278,-75554.214928,-76568.457679,-75673.226449,-75572.269429,-77088.967214,-77715.835761,0.000000,0.000000,0.000000,0.000000
0.000000,0.000000,0.000000,0.000000,-80396.049097,-78598.948158,-77177.980459,-76768.880747,-77273.110916,-77658.023937,-76959.060293,-72556.125030,-57633.185511,-36917.187464,-17063.560819,5790.831046,20405.487251,26615.385830,34961.258821,40359.956112,41342.632901,42451.065406,43109.131063,42429.708228,41621.125387,40708.931923,40438.825367,40819.985729,41554.115777,42153.465956,42339.840478,42050.340440,41881.145765,42000.396844,42004.943148,42057.422625,42095.727262,42117.641058,41750.434804,41572.609723,41696.502871,41824.031789,42131.103424,42291.998190,42393.343615,42407.011802,42461.730118,42501.618947,42169.619772,41675.108684,41357.029983,41327.236673,41170.280711,41042.285629,41485.006943,41985.097833,41757.685169,41457.528485,42057.242809,42685.516547,42896.791671,42863.551520,42647.221168,42456.690152,42253.418388,42202.430974,42498.343198,42913.841689,42661.815881,41980.850571,42025.367161,42523.576942,42632.874172,42690.682991,42413.090352,41783.489891,41825.918989,42205.705856,42371.111827,42271.090427,42057.516627,42149.551399,42340.370420,41165.208389,38886.581047,38892.611230,37152.630589,23923.405272,-5582.275983,-39046.912743,-60278.106181,-71637.117395,-75899.483267,-75736.259880,-75720.075864,-75713.863266,-75864.277882,-76701.146142,-78496.346913,0.000000,0.000000,0.000000,0.000000
0.000000,0.000000,0.000000,0.000000,-79703.971550,-77900.888802,-76232.769344,-75773.289630,-76682.765819,-77627.756748,-76132.668779,-70008.552476,-61009.545018,-45917.615974,-25973.440105,-5099.191342,17882.961778,32547.839447,39036.918848,42104.432922,41933.757311,42418.301756,42426.638257,41846.140476,41417.673919,40762.271416,40605.636314,40912.348112,41612.549217,42388.313628,42600.462533,42610.894766,42556.026584,42559.992108,42238.023634,42058.104770,42264.046166,42294.599019,42270.059825,42195.662228,42264.436142,42611.885983,43032.570873,43067.174420,42614.780242,42093.358429,41787.785729,41807.433955,41641.836144,41310.220686,41429.258246,41502.883820,41172.237684,40900.406486,41155.135123,41658.431459,41504.489997,41290.330271,41768.067668,42453.742030,42597.829548,42597.085539,42837.832038,42649.384021,42443.391514,42195.778565,41875.042026,42093.814593,42012.124722,41763.376666,42172.605184,42541.590047,42463.925907,42188.933051,41845.044998,41390.380252,41386.661655,41673.756639,41759.651617,41981.645334,42072.312724,42089.199284,42405.415289,42471.133083,41168.340538,40527.562275,39547.813260,25908.805503,-1425.831376,-31121.094296,-54937.401216,-67557.345810,-73851.184952,-76287.850650,-75338.787733,-75395.623191,-76258.146445,-76839.444292,-77269.591017,0.000000,0.000000,0.000000,0.000000
0.000000,0.000000,0.000000,-78665.638929,-79278.229105,-78050.163486,-76847.466682,-76758.493737,-76692.404228,-76005.924281,-73488.466320,-67443.789480,-58031.050528,-46411.526729,-32356.408788,-9859.709475,18857.505901,36124.856106,41232.299976,42806.151101,42580.496300,42352.545722,41975.304563,41608.623097,41390.264673,41266.475195,41312.265390,41338.693686,41695.639889,42530.639158,42973.418877,42856.399945,42753.583836,42410.174035,41839.944699,41804.311132,42095.013390,42465.527206,42473.721160,42128.041973,42262.779642,42669.491629,43079.509368,43240.161115,42580.097869,41482.111454,40949.154932,41157.451418,41484.427333,41467.764725,41499.764528,41678.577859,41440.495996,41000.546674,41188.917998,41652.880689,41684.627166,41849.646362,42121.474584,42248.297755,42306.783664,42350.558438,42754.915048,42870.665307,42456.941497,42110.778112,41695.782409,41444.898167,41420.522699,41588.417349,42215.720995,42310.613250,41624.273302,41335.605078,41475.139764,41443.849661,41439.673535,41640.626095,41685.772983,41670.972134,42259.419717,42939.251676,42713.983915,42417.346823,42095.450423,40309.437190,36126.724625,19204.874335,-10608.588122,-35919.114313,-53697.608655,-65888.321762,-72585.355185,-75805.477260,-75758.633068,-75381.069795,-76152.391748,-76840.179224,-75996.871989,-74003.059106,0.000000,0.000000,0.000000
0.000000,0.000000,0.000000,-79277.139933,-78824.919931,-78230.373666,-77985.853119,-77832.897052,-77321.270057,-74840.175361,-71533.552694,-63417.852387,-45034.693650,-30907.555900,-18579.791276,3293.286822,25338.050631,39943.933815,43768.099718,42777.836407,42823.118385,42232.296192,41762.446577,41621.495742,41768.559433,41996.754499,41739.947646,41253.874772,41490.150945,42350.384015,42874.060219,42902.035492,42510.650203,41907.370570,41431.030051,41547.955094,42134.207737,42411.777018,42119.575829,41737.577285,41410.171907,41525.254566,42224.063164,42735.594899,42201.938897,41350.521404,41048.492587,41311.333715,41798.652279,42028.140481,41955.656526,41750.976614,41717.265171,41568.187141,41592.361812,41868.916099,42292.955666,42896.319884,43208.277861,42842.466040,42396.560840,42391.852829,42489.003374,42751.417531,42626.031389,42137.679378,41941.457079,41750.309203,41521.456218,41720.873603,42320.731468,42248.098431,41420.780258,40915.716754,41305.524264,41756.218456,41530.210716,41484.190924,41598.403773,41635.096645,42159.508492,43026.192477,42778.306497,41842.122025,42325.004224,41406.342313,35226.447160,18661.217731,-10843.463007,-35662.510088,-50475.326455,-64365.109158,-71289.467969,-73533.806666,-75236.560075,-75408.802182,-75928.038924,-76291.761120,-75771.988657,-74693.267696,0.000000,0.000000,0.000000
0.000000,0.000000,0.000000,-79269.354776,-78648.166456,-78041.219516,-77682.283704,-77778.790071,-77657.418165,-76848.044034,-71688.529943,-59431.611153,-38949.650265,-13339.166301,5137.769501,16710.127603,30062.884036,40443.860691,42992.117598,42922.925884,42924.030452,42206.043363,41746.741854,41460.895700,41659.321186,42024.260833,41429.455056,40701.454722,40833.955253,41759.141881,42508.258776,42698.518388,42386.398812,41746.767694,41433.713369,41650.417639,42164.884939,42279.684880,41801.046216,41339.288668,41026.657633,40878.305001,41381.843350,42191.044991,42214.405529,41788.001221,41650.362733,41914.874733,42407.010621,42529.301301,42243.027724,41937.246610,41914.109569,42015.860257,41889.571873,41869.327805,42498.742784,43465.696681,44033.929161,43675.571106,42792.510078,42595.675312,42652.253209,42460.782964,42540.064195,42432.332453,42273.056142,42218.039784,41905.995258,42045.449474,42611.156914,42521.880720,41917.920112,41538.100225,41805.053285,42051.326424,41577.836703,41118.514285,41337.496324,41861.336354,42059.711468,42385.543820,42343.457634,41943.494655,42220.103155,42797.632547,39087.267673,27198.521229,5324.399438,-22402.278684,-44002.546285,-59196.212610,-68916.707292,-71768.790433,-73693.397968,-75621.300152,-75997.039964,-75949.081816,-76091.413152,-76193.553372,0.000000,0.000000,0.000000
0.000000,0.000000,0.000000,-78534.526303,-78278.951721,-77722.900664,-77854.504367,-78304.738650,-78144.213058,-77170.155680,-71983.735421,-59662.672747,-35998.829924,-4297.010766,14804.007785,22671.069601,32848.500624,39059.242702,40890.615473,42530.780305,42881.445629,42211.935439,41745.918534,41454.036964,41560.238798,41989.378407,41392.796404,40520.487766,40537.819218,41411.185708,42150.777482,42219.342927,42112.691945,41757.566980,41570.370343,41690.219196,41772.959284,41963.977713,41652.320040,41234.923040,41140.884093,40932.889489,41177.120438,41963.065462,42361.021944,42040.630184,41809.133147,42201.751467,42953.378437,42936.517679,42322.331918,42229.630780,42215.245603,42141.407805,41868.343603,41577.473810,42110.244515,43206.139184,43897.913326,43779.583325,43247.791067,42993.539958,43009.182516,42728.365125,42299.145099,42204.663042,42282.640716,42175.391556,41857.936022,41965.818580,42589.362845,42560.802433,42207.607463,42442.715908,42597.715375,42106.776447,41385.137526,40946.968342,41057.570313,41606.379003,42019.711719,42111.990441,41981.921107,42273.949577,42165.899206,42208.104490,43320.588216,36876.010874,21375.672059,-1442.333777,-28744.872531,-48119.627822,-60215.801846,-67411.815196,-71096.749134,-74503.854086,-75785.284503,-76199.468170,-76773.939197,-77491.230825,0.000000,0.000000,0.000000
0.000000,0.000000,-76828.012342,-77918.194325,-77863.188630,-77424.229137,-78180.294313,-78736.948058,-77183.961927,-74113.287390,-67996.952786,-55127.650908,-31541.253073,-2435.101264,18393.696019,29297.911683,35504.385283,39727.964212,42324.969229,42828.037621,42806.005437,42536.095381,41875.803725,41476.480326,41702.552857,41965.378669,41426.178052,40656.349280,40776.624790,41540.645975,41915.182413,41735.275691,41530.020602,41551.460978,41578.627848,41639.899002,41689.388153,41388.601525,41246.815980,41241.313318,41070.011126,41007.081350,41351.507347,42112.753433,42320.015496,41873.679155,41696.333788,42140.065709,42926.939196,43060.763361,42523.973895,42211.433619,42251.180579,42189.569722,41883.977374,41678.009566,41934.426560,42693.375672,43147.514597,43235.405073,43459.570176,43422.773775,43253.440522,43114.819587,42419.590139,41763.208839,41752.300110,41747.679948,41558.261318,41641.850283,42084.561752,42386.612036,42509.981076,42818.415309,43027.229054,42449.869781,41350.403938,40992.752581,41323.552977,41713.512217,42036.079829,41907.148139,41809.369095,42466.581409,43021.348467,42872.195198,42722.522570,39520.981245,26553.876430,9249.442816,-12971.332814,-37163.029833,-50263.809327,-61597.528240,-70650.689402,-73626.535695,-75752.110066,-76560.672828,-77515.009954,-79397.770174,-81548.930808,0.000000,0.000000
0.000000,0.000000,-78055.071249,-77747.616471,-77539.751265,-77239.054761,-77584.566369,-77972.978775,-76532.479624,-73213.750211,-62147.610429,-43404.677311,-23423.988228,2680.137880,25293.339744,34367.299364,38897.127269,42585.667995,43598.310794,42992.912792,43060.431085,42932.186882,42102.121415,41893.964286,42312.396180,42344.923131,41609.011642,41074.200629,41298.372208,41707.965376,41545.384471,41170.407832,41187.953995,41571.565162,41833.294594,41889.381373,41889.341399,41477.972968,41124.116991,40886.516317,40812.344134,41037.202381,41521.259208,42315.376825,42464.126803,41935.824493,41650.230844,42013.986713,42681.512034,42656.141900,42156.654743,41958.564573,41929.514658,41753.580773,41696.312422,41896.722891,42071.556977,42373.094559,42633.223153,42888.402849,43250.494375,43593.404560,43671.000876,43249.850174,42377.769686,41481.133550,41257.286321,41375.406077,41251.668126,41299.505079,41723.383370,42295.942551,42663.943069,42696.409865,42756.501572,42478.894500,41653.876170,41437.007280,41976.018162,42182.905572,42246.498837,42157.821466,41875.834868,42353.161080,43644.771313,43651.401552,39639.484337,33616.248791,21319.898218,5532.563993,-9847.555719,-32368.357725,-51515.580188,-63597.929034,-72505.397354,-75198.974767,-75377.437125,-75894.740688,-77212.698510,-79369.945474,-80979.577889,0.000000,0.000000
0.000000,0.000000,-78586.618215,-77823.845069,-77292.726827,-77417.971740,-77499.859328,-77743.483125,-78436.043936,-72455.233812,-58714.846692,-38237.439139,-9305.605232,15688.483824,30661.364372,38760.027540,42201.713152,43148.257272,42459.141397,42568.527630,43228.727777,42791.577749,42390.241883,42783.381114,43264.001186,43310.286707,42526.717404,41833.289065,41767.880296,41827.667053,41484.556064,41066.673870,41332.933055,41970.532234,42352.190175,42451.882816,42247.687703,41808.292543,41184.344748,40639.639683,40476.669773,40673.742721,41450.648384,42200.528163,42339.039349,42087.552574,41717.478638,41854.410778,42170.426801,41850.662603,41575.772778,41785.909631,41691.441909,41252.314710,41259.651126,41569.831182,41879.578296,42174.919423,42446.436270,43038.960631,43505.410966,43584.156366,43584.442383,43082.421978,42130.220911,41486.157628,41495.138034,41697.399068,41340.717351,41201.772183,41810.427721,42211.060759,42424.300788,42423.604680,42201.461117,42130.992190,41900.940266,41893.393427,42156.876131,42182.663274,42080.348544,42054.910922,42153.620952,42217.224009,43063.098565,42831.094391,39872.155132,29575.608574,18566.066460,8989.997122,-9226.361283,-32324.508216,-56085.093175,-69593.237300,-73460.162041,-75090.686466,-74750.834155,-75298.930939,-76064.227740,-77773.289047,-79876.510110,0.000000,0.000000
0.000000,0.000000,-77308.201043,-77280.646346,-76937.397401,-77233.007515,-77799.425477,-77618.840921,-76712.350308,-71239.477565,-56385.187153,-30958.088751,-1606.434321,20889.784825,33737.067946,39532.250268,41949.845324,42073.643442,41891.010125,42735.119171,42756.611522,42274.298574,42133.592270,42646.781758,43530.079990,43850.422499,43253.795789,42681.953011,42345.289350,42164.792138,41997.569595,41781.883670,42006.503405,42340.534888,42628.413013,42868.892658,42691.815696,41973.477592,41191.418477,40791.543476,40670.008409,40844.450121,41307.801420,41642.117108,41844.287163,41912.818036,41689.511002,41599.649596,41568.961697,41257.553867,41278.797292,41678.783234,41728.845818,41359.101683,40917.798483,40940.563651,41224.915368,41615.328081,42335.677943,43035.701996,43510.187256,43273.335455,42669.471776,42366.832699,41851.818925,41723.289144,42326.914839,42536.945404,42092.124366,41653.990670,41819.409927,42274.121301,42359.408210,42035.425546,41800.424828,41981.525619,42240.904102,42311.884684,42132.823135,42028.618624,41705.598269,41506.977941,42183.168908,42597.630766,42420.862204,42320.832203,40824.448333,35092.787686,27972.677561,19957.557582,-783.801050,-32686.021184,-58979.693273,-72756.775940,-75432.333898,-73688.630138,-73818.642400,-75110.564339,-76295.502776,-78135.712912,-79417.025424,0.000000,0.000000
0.000000,0.000000,-76489.849418,-76769.885735,-76768.982273,-76900.163396,-77701.396815,-76630.935884,-72961.393763,-66953.988104,-47963.549990,-20550.902315,601.223149,18533.547500,28659.318813,34036.929320,39657.169044,41221.148728,41855.101493,42292.163518,42249.360110,42086.943049,41650.892954,41972.679499,42876.660156,43385.286202,43250.732262,42732.441278,42544.628544,42644.846736,42579.729025,42468.495131,42529.458779,42606.068566,42654.091288,42770.384481,42891.220054,42281.269387,41461.203801,41268.611309,41355.743265,41568.122606,41505.279481,41329.772097,41371.421366,41644.220400,41907.313596,41816.586144,41523.955007,41179.071733,41177.167576,41636.982385,41836.687859,41379.162142,40807.730810,40703.680026,40789.364503,40944.831908,41785.695666,42622.264253,42795.137442,42614.181694,41905.138493,41406.614595,41647.573510,42336.896796,43132.957793,43220.644261,42788.855600,42389.038686,42103.299453,42303.394769,42545.768981,42112.007207,41824.877750,42189.712767,42671.298483,42817.820402,42386.884294,41934.472372,41732.166721,41722.689256,42275.330373,42842.760166,42892.137650,42207.500230,40919.677462,40278.424892,36862.736904,29119.970623,8123.576228,-29785.455456,-58551.749746,-70512.842643,-75844.803371,-75382.455221,-74377.273087,-75643.714494,-77657.995355,-79311.983891,-79789.408990,0.000000,0.000000
0.000000,0.000000,-77679.735972,-77213.615960,-77094.135774,-76989.205810,-76985.025839,-75509.119443,-72333.843800,-59574.127032,-37796.582481,-15360.144547,8422.981986,18523.908950,20236.129331,29976.821995,38219.407106,41033.601629,41767.550747,42201.025360,42729.959816,42367.125591,41356.769978,41148.122276,41577.343683,42118.350730,42222.378495,41876.742390,42129.138554,42542.743057,42675.457961,42518.199954,42477.228032,42563.536349,42509.610892,42826.814315,43066.500803,42632.448109,42224.296199,42098.903365,42152.360457,42151.547986,41793.947923,41420.734100,41295.035872,41754.125506,42307.421133,42227.911913,42027.730126,41671.464012,41288.849737,41574.206548,41661.192113,41030.051768,40802.191019,40914.843290,40839.677242,40901.095206,41251.951145,41997.451116,42501.959698,42238.321320,41741.371759,41568.652667,42117.782148,43050.457496,43426.614676,43227.320972,42960.321697,42828.144859,42670.683387,42548.261309,42683.945636,42524.734524,42066.315713,42255.346096,42799.091642,43084.723946,42973.409711,42443.560762,42127.547267,42226.666318,42435.374176,42736.417540,42722.445410,41857.259307,41250.212608,41133.823313,40550.325058,35462.559222,14997.986059,-18163.602432,-46059.768415,-62071.224223,-70166.858399,-75205.956072,-77517.512699,-77876.321432,-79207.329308,-80073.308463,-80285.335493,0.000000,0.000000
0.000000,0.000000,-78061.249830,-77358.041076,-76370.298544,-76249.549353,-75564.525993,-75064.340578,-72805.788451,-60860.885176,-37721.747794,-9844.139087,9732.735350,16688.335231,20352.882298,28262.097217,37399.848852,41250.323293,41915.016339,43019.848480,43538.791629,42765.345080,41550.915165,40999.826213,40936.278640,40839.100627,40750.610471,41030.473692,41626.761292,41995.524743,41988.348721,41857.394903,42205.349120,42477.298823,42470.963638,42861.205979,43366.361144,43479.253956,43291.016421,42976.282574,42796.030958,42614.482150,42220.801561,41871.671002,41890.173075,42266.924945,42339.421586,42208.761307,42212.367117,41951.249066,41556.620471,41505.609516,41370.019654,40864.677908,40865.309187,41467.471781,41678.048505,41494.698818,41469.751565,41858.850008,42408.931906,42372.331068,42135.931093,42180.824712,42592.740366,42982.079092,42772.896668,42397.032889,42387.253617,42657.895996,42688.087970,42777.447789,42940.044913,42582.454974,41755.502710,41693.465348,42524.408775,43007.535302,43183.462795,43012.347985,42537.613377,42161.494553,42120.792455,42378.949754,42363.904459,42133.808642,41925.726989,41522.458683,41553.270132,38264.691938,21399.461721,-5008.068621,-29791.599890,-51055.305292,-65049.045794,-73011.635034,-77878.478528,-79526.844548,-79642.695705,-79367.243535,-79838.163881,0.000000,0.000000
0.000000,0.000000,-77911.141018,-76892.681631,-75882.242340,-76056.536873,-75591.608589,-75558.153728,-73336.438357,-64119.773991,-41430.388000,-12584.988741,6557.940071,17410.781523,21926.454357,28873.879304,37778.724809,41019.469065,42053.548321,43024.627479,43426.692285,42860.692322,42189.906391,41546.944887,41002.932229,40437.892402,40381.941761,40825.376952,41500.851870,41882.068543,41411.518991,41253.817029,41838.149589,42337.818097,42566.903192,42749.696695,43494.106965,44052.139888,43917.697731,43479.618253,42774.028192,42549.762323,42796.489615,42542.211606,42178.901427,42038.809866,41816.217447,41757.275512,41731.222791,41851.897470,41914.573654,41728.138181,41569.945738,40992.982862,40993.834775,42105.315319,42529.644461,42124.617290,42145.660993,42262.029018,42325.465268,42545.796649,42310.309144,42053.100657,42368.598361,42435.313321,41881.818467,41452.349148,41551.732493,42117.396830,42433.572810,42746.702834,43152.154432,42729.899894,41727.649445,41367.657732,41964.808504,42547.725915,42882.787556,42777.065457,42159.270257,41659.462188,41472.435794,41664.901126,42013.789163,42078.544721,42087.683561,41475.255943,40690.878143,38224.929308,25133.463402,-1336.689471,-25501.996814,-44878.872477,-64765.601192,-74219.354692,-76701.182838,-78982.572418,-78580.002983,-77741.325543,-78248.460459,0.000000,0.000000
0.000000,0.000000,-78571.387438,-77108.245008,-76609.634115,-76776.626591,-76604.423899,-75770.355419,-72900.919468,-61335.842060,-39470.310384,-11990.285150,13603.448960,25073.579427,28687.431766,34778.065051,39461.041886,41293.980713,42028.402764,42619.705301,42964.470634,42826.371760,42433.344447,42059.153617,41490.142734,40945.313286,40911.029148,41333.149287,42121.464652,42211.203194,41488.694783,41359.891837,41674.480936,41913.051147,42214.957161,42539.728008,43049.466406,43584.349504,43716.841385,43219.485025,42505.118072,42401.477634,42731.822941,42526.634798,41684.899107,41078.719316,41000.865056,41037.114878,41469.174662,42063.211612,42210.301207,42145.150605,41787.966438,41087.977603,41030.422316,41972.046733,42390.582873,42278.110688,42429.803125,42345.387714,42320.384576,42293.046430,41915.294476,41772.112151,41931.528872,42204.032990,41986.731646,41384.029390,41268.251159,41510.052727,42143.455884,42922.128736,43348.131993,43121.695859,42173.749351,41555.384333,41762.076363,42172.264676,42281.300991,41797.801803,41137.385703,40871.390622,40833.922109,40972.971696,41120.164165,41484.250142,41715.787469,41393.192495,41330.978580,37833.064824,27385.450993,5871.905230,-23198.216385,-47294.919927,-65188.551250,-75117.169025,-77285.827568,-77987.947694,-77674.223007,-76863.695449,-76980.464894,0.000000,0.000000
0.000000,0.000000,-78438.545111,-77328.612241,-76366.324136,-76653.235286,-77142.858370,-75594.931241,-72000.639564,-59232.421612,-35374.156758,-5868.770943,20877.941266,33154.307408,37680.961345,41023.691354,41483.519726,41726.449237,42081.591129,42410.740397,42798.723449,42757.553379,42565.579133,42456.299430,42023.845585,41546.100764,41434.782642,41873.385654,42451.177229,42335.178230,41711.617977,41371.650202,41580.944611,41585.422403,41472.525887,41711.787971,41949.027950,42402.844077,42698.005897,42419.097890,42357.263733,42474.652662,42424.656320,42105.385945,41275.034157,40697.443030,40769.925656,40972.511582,41598.936651,42326.769309,42382.573362,42176.855625,41603.793662,40836.745227,40878.014331,41526.016445,41993.344850,42121.819996,42153.877640,42268.055900,42228.409962,41944.534048,41456.956705,41284.468216,41772.888649,42307.818665,42447.228239,41928.046014,41296.353048,41183.622837,41743.357471,42727.862066,43338.943734,43272.124103,42565.403975,42069.363532,42109.304456,42014.668931,41622.139443,41028.799367,40497.386024,40596.971835,40872.716589,40727.689171,41199.203514,41619.614553,41121.373554,40807.044624,41381.304644,39498.792188,28893.669360,10435.609379,-17316.213464,-48385.216353,-67023.176537,-75069.117933,-77656.065430,-77287.062268,-76838.178285,-76335.404359,-76734.400986,0.000000,0.000000
0.000000,0.000000,-77798.803494,-76566.642326,-75869.116546,-76228.637226,-76720.343316,-75124.060742,-71046.491738,-59704.286647,-37726.039514,-9569.050299,18968.471677,35333.150806,39118.776224,41697.270546,42552.964072,42033.001686,42585.985054,42907.549228,43047.554408,42961.923037,42731.992900,42327.637645,42087.473012,41950.073933,41817.478112,42070.913643,42146.804373,42022.625568,41746.575834,41411.475186,41348.815942,41308.651328,41203.406145,41044.058715,40839.306592,41001.766337,41513.778610,41955.175033,42269.838242,42457.713149,42518.240916,42315.524361,41827.122178,41540.722200,41660.829235,41791.373912,42102.370701,42606.897337,42499.366259,42048.967653,41620.404121,40998.710680,41039.076749,41815.411321,42118.023022,41924.631665,41870.057855,41978.216651,42064.473112,41868.607301,41296.975651,40950.312021,41519.902069,42280.022929,42448.869404,42110.264913,41319.335684,41171.273160,41650.416305,42053.845725,42642.091665,42858.041922,42733.605507,42660.818885,42596.407162,42316.333542,41779.320199,41168.984707,40773.892175,41123.787436,41358.531004,41084.815006,41330.482130,41401.871059,40932.652660,41716.502410,40041.374242,36837.981961,26176.476605,3845.146594,-21792.772080,-50926.487919,-70675.750799,-76537.231662,-78253.211823,-77656.859607,-76784.149047,-76252.422397,-76120.292484,0.000000,0.000000
0.000000,0.000000,-77696.917892,-76726.635401,-76840.419329,-76929.208403,-75782.578536,-74350.901373,-67529.840456,-55708.694198,-39513.035353,-13533.031784,11385.074195,26792.795139,35898.257803,40540.538563,42287.185735,42591.672623,42916.082690,43196.711817,43174.102324,42862.086484,42465.165037,42266.123910,42222.161346,42112.748367,42093.476603,41997.468426,41916.146261,41954.305331,41776.800266,41577.282491,41323.600309,41218.712232,41306.213413,41011.622276,40570.947749,40466.605736,40937.744224,41824.155573,42471.321816,42669.531519,42693.121965,42897.766570,42990.933743,42825.460565,42659.708072,42474.514403,42494.305220,42768.771435,42632.597662,42023.837639,41772.907700,41767.368964,41789.800843,42329.660236,42364.641197,41723.393160,41439.264948,41497.051174,41832.252611,41871.937828,41368.128895,41012.184897,41494.407766,42345.262634,42441.440781,42106.891549,41653.951874,41447.517378,41730.142277,41676.041281,41781.872315,42241.958081,42584.996211,43010.395534,42951.184655,42615.896213,42220.950761,41392.450049,41259.420027,41578.227403,41530.913899,41606.483904,41379.315087,41098.801120,41902.466106,42050.531051,37620.759184,26610.357336,12998.936026,-5790.331766,-34064.997526,-59371.242750,-72810.041777,-77252.096342,-78071.820182,-78300.896818,-77494.576769,-76560.467284,-76283.705450,0.000000,0.000000
0.000000,0.000000,-77979.597275,-77980.394110,-77582.628693,-77788.376828,-76222.095740,-73266.745936,-62180.905101,-45693.815031,-35072.075148,-16673.216430,4736.547191,17606.507255,30566.435919,39180.494714,41453.487204,42588.907128,43054.692552,42900.794585,42802.667787,42500.867584,42220.344510,42349.062580,42394.726427,42390.074794,42150.212806,41823.202455,41836.164346,42013.819757,41927.496324,41670.397814,41226.859055,41012.503026,41184.394418,41132.905182,40979.963874,40948.038775,41006.181229,41635.598985,42480.232423,42734.843741,42794.060752,43176.612453,43472.087069,43149.015105,42636.871598,42456.860762,42481.933946,42603.506631,42361.252602,41819.695987,41967.810676,42265.793167,42415.318286,42614.255134,42224.919620,41527.824028,41108.946047,41388.547287,41847.783288,41766.877377,41275.694398,41153.138032,41793.896280,42444.980329,42633.542597,42312.291792,42021.158096,41883.673993,41909.869154,41724.658975,41399.706521,41906.611361,42589.916459,43024.044110,42916.330981,42351.735453,41972.645284,41517.983675,41402.234252,41690.167401,41827.886065,41754.192998,41343.591897,41081.214137,40750.215726,37626.996162,30512.111942,13162.985866,-6492.801792,-21097.762550,-43474.697913,-64259.406433,-73529.570686,-76371.534666,-76986.700950,-77807.207522,-77406.933548,-76588.480941,-77027.049078,0.000000,0.000000
0.000000,0.000000,-78819.561023,-77910.414157,-77097.620478,-77300.512028,-77418.835539,-71817.055153,-59822.914939,-41783.440259,-26511.186904,-15736.399069,1718.345146,15196.011381,26487.207117,38259.945764,41318.685427,41959.138046,43000.059954,42794.325651,42331.621112,42096.795787,42344.168877,42651.457446,42691.730130,42661.126945,42267.219434,41912.160733,41689.759661,41683.801458,41965.285999,41776.402681,41077.481906,40922.085045,41307.554082,41499.097254,41536.488329,41560.497220,41565.728138,41695.319631,42119.678136,42490.431476,42793.307036,43144.139967,43055.478481,42505.057521,42027.093054,41951.969244,42094.037891,42088.248718,41579.584259,41264.745201,41838.668412,42441.270603,42731.250126,42751.557109,42247.248771,41663.870168,41540.667147,41849.094980,42111.759478,41814.567780,41243.431437,41083.661529,41655.952940,42505.379515,42754.029089,42299.980848,41829.092927,41972.631532,42281.491520,41969.373517,41489.185373,41798.633728,42588.209424,42855.880761,42611.485752,42080.430108,41551.247613,41430.310365,41393.393346,41597.153906,42130.352337,41812.753650,40960.021975,40908.376115,39439.801946,35814.151633,25516.258141,5937.116369,-13187.245509,-28064.665084,-44286.960175,-62388.586234,-72607.524805,-74763.952848,-76449.878332,-77277.970015,-77187.473192,-77062.200783,-77151.942976,0.000000,0.000000
0.000000,0.000000,-78029.227266,-76781.962103,-76673.554251,-76471.357924,-76928.020340,-72506.284364,-58938.385729,-39645.928159,-22973.112198,-10547.800045,3834.241964,14842.929906,26406.367954,37981.025594,41289.002935,41570.378326,42363.634231,42218.429667,41574.377143,41500.816218,42100.438305,42685.536929,42826.802144,42705.153774,42442.851725,42166.613192,41685.772534,41465.865165,41616.413147,41608.254556,41371.499166,41251.292483,41341.992520,41635.212822,41792.559158,41837.320057,41872.768397,41768.412543,41908.653586,42233.792775,42545.431908,42704.891669,42163.143332,41670.554508,41556.908223,41290.342437,41146.436994,41122.723077,40689.054032,40518.370659,41413.488851,42462.969097,42840.767742,42723.753157,42509.798319,42277.342313,42306.401814,42563.054346,42503.961532,42207.907166,41757.809170,41381.430484,41706.751359,42370.092910,42665.752616,42384.676565,41894.429111,42246.443143,42827.738851,42528.233910,42039.160389,41983.451324,42350.840363,42619.848031,42261.379936,41854.765382,41600.631090,41194.496486,41243.264447,41745.674996,42075.980928,41839.126447,41468.475811,40992.961814,40186.390313,38885.563552,30058.198221,10635.965949,-11324.033803,-27727.155800,-42610.170384,-60544.232938,-71119.489315,-74413.754985,-76728.783421,-77310.903877,-77720.123169,-78014.925460,-77681.581416,0.000000,0.000000
0.000000,0.000000,-75702.053221,-76202.789071,-76915.653464,-76820.590039,-75634.200331,-73744.780884,-60314.389908,-42826.433452,-32318.379793,-13389.240087,5489.155084,16541.223429,27511.324644,36149.577136,40059.167849,41188.414141,42077.927175,41869.704030,41399.015972,41506.180926,41902.640536,42298.031094,42700.017386,42798.892432,42583.052007,42368.337220,41937.596835,41538.006555,41483.162752,41601.657464,41519.967625,41353.537705,41252.320629,41282.530689,41493.774216,41659.935656,41718.967777,41773.893849,41816.347671,41828.601655,42016.338579,42044.157114,41692.327087,41510.591085,41449.260138,41140.713789,40699.820818,40330.723218,40076.417944,40331.083226,41427.437167,42432.359933,42691.944745,42717.753837,42724.977169,42624.732323,42541.288887,42607.993919,42503.213809,42407.450916,42327.209595,42032.534455,41916.124665,42120.220085,42603.523743,42615.566616,42301.058738,42726.352858,43446.504346,43210.434447,42475.494350,42256.442962,42157.696414,42065.589983,41981.319105,42005.503239,41996.237605,41516.287161,41387.285054,41949.006898,41968.414088,41913.961517,42213.237721,40971.918726,40496.585425,40844.702113,33704.684472,11194.095848,-18938.273672,-40517.058115,-54346.392392,-65881.359132,-73656.418364,-76876.955402,-77516.060107,-78172.501620,-78391.746959,-77983.129770,-77999.531830,0.000000,0.000000
0.000000,0.000000,-74859.526211,-76282.291515,-77442.540296,-78089.095766,-77096.214879,-74388.917295,-68235.298704,-59089.783805,-47095.179731,-24171.975721,660.642833,16055.606143,28819.579989,36844.984567,39792.078536,41581.732952,42164.603374,42381.209364,42134.149127,42012.281918,42332.625675,42595.583441,42781.554055,42933.126152,42812.568381,42575.984228,42127.948672,41755.663955,41694.977125,41551.814388,41299.549430,41190.573215,41339.512579,41359.923124,41308.144703,41428.596529,41650.595301,41817.677529,41644.312645,41770.259020,42010.999095,41919.095467,41978.209687,42146.649941,42075.056200,41512.682375,40759.563035,40347.413205,40334.939594,40869.479302,41876.681183,42547.568911,42533.282569,42593.337276,42731.384902,42573.345065,42261.353749,41961.335991,41951.470206,42263.930565,42496.869055,42251.962015,41824.673209,41886.029577,42349.354207,42494.236719,42354.088007,42701.905810,43344.515181,43143.472898,42573.823486,42404.338673,42050.925003,41545.808365,41620.372805,42202.216663,42405.632609,42148.396122,41793.031319,41824.181608,41754.377359,41953.483231,42138.433480,41317.852950,41867.587213,40304.478183,30149.495919,5385.901833,-29054.655401,-54923.638058,-67823.253168,-73287.930583,-76371.912787,-78404.148106,-78411.209872,-78955.009462,-79163.408206,-78187.494705,-77967.127483,0.000000,0.000000
0.000000,0.000000,-75288.859824,-76258.384818,-76978.809046,-78379.545431,-78846.097400,-76639.715889,-75092.541119,-70519.451820,-58261.811470,-34826.799245,-3196.367589,18838.494960,31066.523848,39064.087067,41590.891506,42575.061242,43089.984199,43324.045213,43078.077923,42617.701525,42559.734835,42515.055414,42544.021231,42780.904089,42719.765838,42264.487592,41965.666685,41668.019960,41484.887838,41396.650612,41218.409038,41160.237433,41520.932288,41852.906822,41703.689325,41555.617028,41610.630837,41696.883448,41613.690135,41805.763842,42202.835130,42364.547777,42428.267582,42700.116729,42684.251000,41748.187354,40801.776611,40631.677292,40791.207833,41239.231072,42190.317725,42641.701126,42422.467444,42497.614903,42622.714696,42349.639911,41707.224313,41401.442474,41779.751958,42099.486077,42436.785713,42405.933176,41762.999951,41627.459805,42050.381320,42252.004260,42066.470127,42156.825915,42513.333427,42388.098177,42402.172800,42467.622193,42024.104958,41553.133255,41604.090400,42265.783329,42543.691057,42317.418545,41941.935933,41685.556173,41852.545562,42123.527668,41817.834748,41850.451719,41787.209024,35711.406506,22772.031073,-298.267648,-31879.813824,-55882.297769,-69414.441507,-75365.901489,-76245.132067,-77764.248641,-79045.811638,-79207.306714,-79447.160287,-79205.984849,-78313.910927,0.000000,0.000000
0.000000,0.000000,-76036.217616,-75443.911253,-75826.057466,-77166.592236,-78276.447223,-77901.038136,-76223.341330,-72956.533669,-61462.726359,-37175.162263,-9287.209178,12792.779195,30018.105279,40039.067649,42484.219292,43280.474223,43857.039548,43782.215199,43354.205039,42964.229266,42533.181143,42070.766679,41946.076244,42097.824860,42017.376929,41582.416132,41272.965356,41041.109583,41262.468978,41579.764450,41543.787733,41730.211891,42013.055300,42172.937371,41947.008445,41613.147007,41575.375821,41444.009022,41391.910713,41418.798785,41622.012400,42094.333926,42342.999318,42559.455489,42521.493989,41792.265900,41120.837653,40852.430018,40952.205187,41479.789066,42072.043422,42370.212238,42264.977267,42314.898044,42348.150604,41823.347343,41304.483342,41479.131573,42085.870909,42500.061514,42779.500532,42627.481218,41860.025989,41504.852059,41903.426224,42124.408322,41744.846678,41656.494629,41951.148646,41796.623703,41887.126322,42271.443209,42023.043123,41643.367897,41892.722720,42336.655850,42243.556892,41744.450886,41541.582719,41724.074884,42187.522525,42691.742904,42324.673831,42249.621456,38355.144053,27376.114323,7909.802224,-12023.373073,-27913.955627,-49706.265976,-66278.558840,-73672.591881,-77587.315637,-77824.215154,-78458.026176,-78811.187122,-79145.648411,-79734.145109,-79680.608465,0.000000,0.000000
0.000000,0.000000,0.000000,-74898.204541,-75158.155927,-76255.654497,-77718.419999,-77862.981038,-75996.180044,-72264.692039,-60126.153368,-39954.585203,-22297.107111,-463.475274,24842.428247,38319.496083,42306.149895,43653.398128,43352.596125,43282.226557,43280.357812,42826.818081,42495.675818,42254.874654,41887.672917,41492.025339,41404.654292,41171.512121,40783.206446,40870.392929,41388.839413,41810.712890,42158.102674,42430.072517,42432.198460,42193.298470,41617.737848,41458.270386,41625.035896,41302.185727,40939.956635,40948.310477,41058.886777,41186.890888,41527.078377,41940.564717,42183.741355,41934.883293,41482.926290,41265.382235,41394.531607,41795.685345,42049.279080,42141.877019,42050.070842,41952.931810,41906.617714,41608.697640,41451.458785,41798.536287,42504.068014,43197.011347,43273.113169,42688.082557,41895.716648,41405.229737,41755.678001,42174.982381,41993.386763,41935.755920,41903.671959,41721.424533,41761.361418,41855.334082,41606.217053,41581.970960,42076.963677,42347.321796,42226.872226,41502.034040,41270.787522,41865.152679,42126.129451,42831.368689,43273.528772,42289.166860,35990.563809,17652.214989,-7475.820925,-21594.640911,-28436.658114,-44337.294003,-61808.044264,-72531.163161,-77421.478383,-77816.717537,-77376.271337,-77964.427675,-78884.688289,-79766.777565,0.000000,0.000000,0.000000
0.000000,0.000000,0.000000,-75730.410792,-75696.220563,-76931.051858,-78289.737937,-78286.355538,-76527.572668,-71050.598774,-59699.021286,-46581.980617,-31449.321998,-6339.148711,20897.026319,36926.180924,42190.521129,43135.335135,42987.377191,43007.013355,43168.376968,42615.959047,42116.987544,42040.579036,41729.269484,41403.896209,41346.849206,41107.426866,41020.203341,41028.533049,41191.895871,41640.506360,42034.461955,42342.444934,42485.447129,41999.742555,41378.163728,41453.897819,41731.829776,41556.565609,41044.694442,40940.869076,40991.761469,40739.014833,40999.681187,41499.967193,41842.779691,42013.906772,41716.684077,41726.681202,42014.150400,42145.826098,42422.201141,42232.237960,41841.431829,41780.910059,41654.074570,41633.732000,41615.115753,41836.928469,42542.612331,43144.032724,43166.629385,42603.838549,41804.370915,41397.461662,41839.769283,42320.170044,42482.449510,42527.200090,42273.283520,42017.544453,41942.581433,41821.176790,41619.564842,41766.040227,42379.401831,42697.896210,42438.832382,41694.236980,41502.899799,41858.652090,42137.046078,43056.634630,43435.685171,41547.749307,35203.559229,13722.073558,-12730.978848,-28356.165703,-37632.835615,-45625.556300,-61277.145072,-73164.991115,-75579.967716,-77117.040753,-77026.412654,-77038.242603,-77808.642205,-79150.268875,0.000000,0.000000,0.000000
0.000000,0.000000,0.000000,-77189.495223,-76756.272549,-77895.890350,-79171.040137,-78675.331690,-76853.429627,-72640.615416,-62429.538165,-49710.553349,-37040.136134,-11769.262694,20722.990108,38538.411343,42018.389674,42229.763727,42617.537015,42627.355921,42365.440428,42188.087850,41733.226248,41559.242803,41562.807393,41512.347299,41497.148013,41572.475915,41624.478113,41229.879124,41093.473204,41144.541025,41442.940396,42164.328604,42446.270435,42129.959084,41864.171364,42027.402245,42139.083583,41785.924315,41560.289640,41582.158830,41160.755619,40859.225857,41105.198143,41414.231378,41818.612708,42110.948005,42058.154454,42072.713170,42416.349937,42785.796622,42809.883812,42379.600527,41911.626412,41595.598928,41455.406722,41480.246654,41469.887658,41751.242697,42142.923677,42490.026868,42725.796159,42474.642688,41914.200052,41579.358206,41755.591740,42140.609554,42390.074797,42650.734936,42635.759275,42093.383483,41873.192347,42112.513816,42112.658465,42035.849009,42377.599899,42720.343209,42606.394831,42200.232723,42011.810971,42133.144496,42365.609728,42873.728755,42791.630415,41590.812671,36368.956532,18729.587942,-7699.691113,-30411.823189,-46341.174827,-57482.083545,-67121.573568,-73726.944363,-75782.459788,-76765.878928,-77162.047944,-76557.824162,-76597.837462,-77599.825017,0.000000,0.000000,0.000000
0.000000,0.000000,0.000000,-78162.342680,-76997.700229,-77731.503494,-79163.224278,-78367.164421,-76821.720407,-74520.084329,-67982.914573,-60402.789561,-46165.651132,-15032.809845,18597.543622,37531.117788,41921.186069,41341.856079,42040.742605,42647.588164,42176.325899,41585.863442,41279.154326,41481.572551,41800.634965,41738.972523,41806.921603,42005.240392,42023.596299,41788.738873,41641.271924,41496.685042,41831.696159,42454.768475,42632.931285,42555.538829,42443.059207,42629.642105,42636.228272,42021.013633,41959.469815,42250.535539,41808.795909,41360.622392,41398.074358,41793.139925,42187.052370,42329.026886,42241.528066,42094.530870,42401.231479,42983.251984,42958.393221,42384.969484,41964.821539,41487.745364,41204.327299,41303.406348,41326.428085,41509.966743,41934.922960,42291.289757,42484.858556,42515.880960,42293.257102,41921.760582,41507.131330,41409.244804,41752.816853,42166.618374,42307.406505,41946.500232,41837.118837,42108.087772,42269.805962,42192.874693,42044.529054,42332.586903,42714.790514,42756.955855,42568.469910,42158.926648,42139.979666,42329.676549,42522.917423,42155.859168,37743.709164,24673.947621,3064.853202,-23803.111772,-51124.754903,-67993.365597,-72602.566449,-74372.830309,-76375.305275,-77313.168687,-77646.071724,-77479.377445,-76782.020389,-75783.158053,0.000000,0.000000,0.000000
0.000000,0.000000,0.000000,0.000000,-77988.310991,-77913.052554,-78795.519038,-77808.954710,-76599.478468,-75725.303420,-74372.853359,-70484.290056,-54467.079049,-21276.746283,15751.012925,35206.711849,39057.831255,39358.554179,39881.375845,41815.449789,42393.130784,41442.423727,40937.697610,41213.947219,41692.860571,41952.911524,42228.240972,42400.848298,42463.918333,42462.885814,42408.252356,42499.419241,42643.871870,42686.419622,42584.409085,42519.124838,42660.334919,42777.828134,42572.099608,42231.629577,42180.554104,42529.124995,42410.865333,41798.762120,41809.865539,42162.163723,42086.831707,41937.349581,41818.362524,41729.064579,42084.153876,42624.653044,42686.440546,42139.385477,41691.153996,41518.601160,41132.507226,40984.918403,41266.359931,41500.937046,41932.538033,42461.698833,42630.567151,42801.178965,42876.452959,42269.296871,41398.143341,40953.744947,40994.900436,41368.689392,41665.430317,41706.116580,41948.338047,42199.844873,42473.566745,42196.389257,41490.459945,41743.973486,42158.152754,42436.834520,42563.928441,42069.045585,42184.386366,42408.145819,41810.265071,40176.991597,31753.460009,20056.204761,6768.973773,-19847.319869,-51623.183052,-70770.881026,-75403.410038,-75495.959896,-77156.570345,-78370.863079,-78607.952016,-78404.743314,-77937.113190,0.000000,0.000000,0.000000,0.000000
0.000000,0.000000,0.000000,0.000000,-79409.068128,-78310.109175,-78405.177034,-77837.435816,-76251.414378,-76112.302404,-76684.725896,-71437.948031,-54515.233383,-20885.830434,17580.476270,34598.088717,33246.252772,32095.579225,35588.636336,39999.461639,41643.674712,41422.661118,40837.891867,40785.812012,41375.895266,41774.069825,42306.518278,42890.165458,43017.999614,43002.520503,43094.609578,43043.768119,42826.778767,42763.883008,42442.197220,42213.159997,42545.060359,42645.698638,42436.241277,42130.186971,42095.359167,42566.878035,42456.543959,41970.276541,42043.568074,42078.730531,41676.233807,41339.728152,41284.356297,41436.253592,41913.787530,42455.226304,42345.946761,41730.185911,41453.523171,41448.358960,41114.474055,40827.503193,41141.491505,41497.255360,41884.270025,42380.146219,42681.435624,43023.433696,43061.567587,42536.906533,41801.338464,41226.562386,40878.102725,40924.477787,41253.634248,41509.370062,41946.156695,42412.272204,42497.206554,41983.088972,41242.073661,41279.866498,41884.695209,42411.106793,42609.151776,42450.137562,42000.268339,41326.395796,40568.382359,36502.129640,21554.083044,4200.615624,-3014.300952,-18530.847116,-49008.244474,-70459.329050,-75524.293138,-75861.270876,-77292.574863,-78514.822943,-78528.156785,-77686.274885,-77354.552031,0.000000,0.000000,0.000000,0.000000
0.000000,0.000000,0.000000,0.000000,-78003.795707,-77160.262497,-77411.168226,-78028.815415,-77151.280794,-76251.527893,-74808.718071,-69682.781545,-49410.003127,-11352.190561,18553.367079,30513.039251,29726.145132,25573.589554,32237.136936,39591.068475,41135.031334,41278.422009,40759.206708,40724.030734,41074.030910,41562.946714,42335.575319,43172.244041,43348.322813,43275.070913,43102.864930,42933.833443,42810.069972,42762.903944,42600.044440,42364.853878,42367.851870,42437.588866,42343.785861,42107.251927,42101.797558,42410.312699,42433.931044,42069.387248,42101.509213,42158.942800,41631.243600,41129.468112,41160.227654,41774.500256,42416.349697,42700.948344,42235.960355,41343.794016,41164.742109,41192.790062,41012.117500,41065.027646,41210.182957,41450.537294,41903.176971,42231.619022,42463.353781,42640.401453,42536.647543,42337.053575,42044.358191,41700.937562,41382.339433,41133.315775,41254.203627,41645.939982,41933.503374,42311.915851,42400.332219,41943.588029,41512.066372,41326.306017,41935.325882,42668.985337,42709.170113,42546.462847,41522.183874,41352.412269,41330.743198,33125.444317,12859.351980,-8379.945950,-13661.529681,-20907.313463,-47789.291555,-68224.329543,-73574.719337,-75334.566613,-76543.812190,-77638.170574,-77036.694737,-75885.249550,-75636.861515,0.000000,0.000000,0.000000,0.000000
0.000000,0.000000,0.000000,0.000000,-74889.665825,-75335.670598,-76428.254918,-77893.314646,-78394.919353,-77557.071729,-75225.642322,-69387.717877,-50905.741377,-20651.241325,4071.200476,17059.700654,22714.331606,26413.517736,32737.641320,39697.958286,42392.037341,41919.990310,41396.074937,40939.419902,40792.441677,41133.499418,42158.772878,43176.869153,43458.210892,43216.983586,42505.248946,42115.341840,42354.883355,42568.000503,42656.480841,42589.623502,42467.050555,42298.705367,42107.185980,42272.064101,42382.126587,42347.243361,42412.789409,42145.389951,42014.166543,42155.841196,41729.226724,41194.044400,41433.114269,42249.858429,43013.771680,43087.238668,42258.023125,41376.555024,41201.445051,41197.995506,41160.843242,41345.196826,41563.185947,41800.345497,42030.195231,42226.680971,42222.553130,41950.461978,42099.961879,42233.765619,42110.821095,41959.463169,41702.480874,41857.332867,41814.542346,41917.542796,42201.325063,42082.020774,42136.552135,41913.902724,41614.061589,41708.700696,42046.821921,42550.604938,42866.301625,42904.875894,42421.019286,41738.598381,38973.569733,28281.382118,5287.371239,-17222.500905,-23266.184014,-30369.320043,-51822.580424,-68929.523789,-73806.948693,-74817.707395,-76318.332106,-77310.753348,-76184.408938,-74918.373630,-75230.947414,0.000000,0.000000,0.000000,0.000000
0.000000,0.000000,0.000000,0.000000,0.000000,-74943.747517,-76226.773586,-77982.183771,-78739.024240,-78249.092573,-77647.498170,-74464.640788,-63369.590784,-47949.545991,-26269.515599,-3993.773950,9153.056962,23943.402984,35107.106965,39392.378113,42395.877919,42424.438229,42223.318845,41627.672329,40959.606471,40937.694168,41447.190037,42688.788611,43307.966982,42876.958430,41981.629391,41323.206238,41550.265096,42221.179468,42666.997445,42557.826254,42285.734617,42113.890035,42122.252083,42377.207715,42375.678734,42376.351762,42284.761633,41950.404434,41834.623944,41886.490669,41796.115742,41545.214357,41728.849072,42388.957293,42917.110527,43114.473784,42683.661495,41903.736673,41728.258115,41775.711786,41606.952832,41561.361589,41705.550084,41765.943741,41817.943707,42025.465419,42003.320326,41723.759903,41865.851207,42314.935037,42351.960102,41994.591384,41898.747713,42213.969072,42395.588571,42508.764436,42458.201215,42092.829867,41900.637656,41975.091139,41951.835086,42073.558854,42043.093069,42062.735201,42757.709629,42973.059394,41954.504543,39141.887029,31405.314859,17259.172550,-4821.737702,-26635.831895,-35999.953750,-45234.347874,-61473.019509,-72735.426206,-75319.608289,-74905.768747,-76415.260054,-77832.560157,-77041.958113,-76311.352146,0.000000,0.000000,0.000000,0.000000,0.000000
0.000000,0.000000,0.000000,0.000000,0.000000,-76107.152253,-76806.421922,-77753.293817,-78114.268553,-77567.817622,-77890.070126,-78196.837248,-75551.633482,-66515.447799,-50551.471977,-26972.097513,301.050578,17448.284506,26584.552544,35424.923904,40560.373581,42011.428037,42746.424393,42467.232359,41626.781945,41440.520021,41327.977915,42035.028357,43004.047550,42940.932918,41951.693581,41051.253326,41334.156405,42125.272522,42350.681239,42271.242258,42126.540168,41970.077511,42118.523957,42451.176564,42575.724267,42319.007932,42096.647133,41938.382768,41956.641467,41990.125301,42011.286808,42135.081944,42070.951425,42306.766739,42575.103666,42623.858449,42629.691864,42399.232914,42229.933166,42290.660749,42168.976796,41827.957740,41430.477995,41131.784515,41310.788260,41507.438693,41511.128733,41491.435192,41625.997188,42082.454973,42291.752087,42225.805837,42181.409161,42237.256505,42387.287260,42532.643269,42411.223513,42094.397326,41865.607508,41779.912213,41995.437978,41986.262346,41545.000609,41635.226318,42480.705013,42552.290638,41290.356084,38031.819251,26009.251496,6197.472453,-13792.076009,-29939.730170,-42167.317677,-56670.439461,-69903.044730,-75279.800923,-75185.969931,-75275.977849,-77180.316192,-78190.586666,-78179.776576,-78893.249130,0.000000,0.000000,0.000000,0.000000,0.000000
0.000000,0.000000,0.000000,0.000000,0.000000,0.000000,-77738.727510,-76929.077481,-76864.286834,-76932.097290,-76995.638227,-78060.547546,-78404.472025,-73268.529034,-60332.465724,-37819.860590,-11229.396519,3131.782747,12317.777589,27790.236398,38198.398381,41359.232493,42711.829688,42932.839437,42230.276933,41511.792724,41332.556658,41502.520207,42171.125547,42756.421302,42121.526758,41325.488049,41719.068644,42163.220853,42054.774477,41761.405014,41621.445137,41626.155680,42033.886409,42795.691210,43034.481190,42538.081964,42256.606558,42421.217931,42246.728724,42067.365049,42200.152892,42542.577324,42685.655732,42452.784203,42362.333897,42062.655104,41883.918611,42126.992939,42259.727331,42424.486038,42600.274619,42089.595486,41256.967225,40882.223241,40927.458334,41189.279413,41277.733989,41326.273334,41517.715069,41739.060415,42180.076118,42495.252727,42403.366877,42196.096321,41828.276149,41881.198071,42110.901527,41777.371775,41441.466235,41633.757412,42238.395746,42236.887181,41454.550473,41699.709807,42409.635275,41998.134134,42268.300719,38698.398802,22675.931968,-1183.071349,-19802.453085,-34664.117624,-50678.608267,-63683.147323,-73179.075061,-76452.353760,-75308.493929,-76009.750856,-77302.090362,-77561.235297,-77710.214126,0.000000,0.000000,0.000000,0.000000,0.000000,0.000000
0.000000,0.000000,0.000000,0.000000,0.000000,0.000000,-79108.255714,-77451.179375,-76735.143041,-77275.005873,-77296.736499,-77700.120986,-77441.197116,-75796.148911,-64303.375343,-43806.878152,-30854.319284,-18023.160601,1534.660666,19054.376171,32178.102319,38820.568053,40939.823657,42777.939449,42970.306679,41514.640836,40846.054704,41246.057292,41486.300041,41658.776387,41695.996324,41657.744775,42019.306254,42328.994663,42297.806139,41692.532002,41250.468574,41376.206528,41996.280031,42930.728217,43104.665087,42643.984233,42424.752248,42524.114144,42503.209481,42090.005867,41915.256921,42303.284709,42927.877371,42970.093921,42325.514942,41590.394388,41129.065204,41153.662734,41616.625650,42278.764643,42681.958182,42129.646122,41320.283558,41234.342880,41289.635261,41534.892778,41824.876372,41859.518952,41595.377522,41532.586500,42105.081176,42816.325277,43007.387006,42440.745599,41878.917835,41787.898476,41740.362841,41548.359047,41404.400813,42041.783670,42647.982856,41934.634713,41342.207123,41469.582344,41689.465438,41973.289816,41761.949657,35571.940797,15910.028110,-13181.897609,-35863.227988,-49860.389256,-62879.516983,-72151.112744,-75987.992355,-76742.689639,-76382.204599,-76524.571929,-76728.804349,-76482.413083,-76541.056331,0.000000,0.000000,0.000000,0.000000,0.000000,0.000000
0.000000,0.000000,0.000000,0.000000,0.000000,0.000000,0.000000,-78948.797487,-78262.468393,-78045.748310,-77804.182545,-77808.957800,-77599.355950,-75954.628388,-69215.399175,-60806.781061,-48626.073098,-32570.099281,-17202.840250,5149.080042,23405.308912,30351.244082,35430.071494,39717.277286,42189.547445,42160.670005,40820.936566,40733.572471,41444.887597,41448.800495,41427.844837,41806.596230,42215.576532,42691.130113,42448.694414,41825.544934,41646.452645,41417.933259,41801.096166,42661.374618,42821.954968,42303.429880,41884.469098,42030.148214,42395.438690,41887.888438,41288.753988,41777.560546,42744.714182,43292.626612,42603.600105,41369.611730,40575.044916,40459.601015,41221.722829,42159.219592,42371.348165,41839.253535,41293.739119,41568.485206,42177.882204,42270.427821,42399.236330,42411.758900,41931.244082,41556.167017,41948.193050,43097.577469,43556.375012,42966.105816,42196.476894,41700.540359,41531.910110,41478.385371,41566.718837,42045.454594,42179.782918,41804.286275,41940.101675,41576.823497,40691.363248,40988.507489,38893.680371,28640.956246,5349.829792,-24632.109709,-46938.976569,-60828.548099,-70480.501283,-76267.083733,-76977.852548,-76003.053977,-76673.311139,-76875.415287,-76691.446249,-76384.121762,0.000000,0.000000,0.000000,0.000000,0.000000,0.000000,0.000000
0.000000,0.000000,0.000000,0.000000,0.000000,0.000000,0.000000,-79995.004975,-79032.469053,-78409.920616,-77273.001486,-76857.156578,-77713.072033,-77114.178088,-75346.279506,-71385.963061,-60822.888200,-45340.118177,-27922.886397,-4187.545507,15586.473116,22033.888367,29427.854067,36003.631846,38780.343973,42079.070349,42031.572043,40842.104759,41035.108920,41620.545665,41726.586320,42064.151379,42751.731958,43029.218253,42806.883774,42275.607226,42042.835685,41691.686784,41738.564974,42515.288981,42400.028283,41678.193311,41257.148058,41526.500929,41843.946973,41446.446657,41041.894557,41450.079748,42633.750130,43266.499295,42713.190949,41465.098827,40697.024475,40733.856943,41361.488716,42156.303539,42077.633499,41452.919486,41242.114468,41844.811551,42531.959692,42666.280632,42559.642488,42413.822348,41868.506455,41190.990573,41424.369325,42524.951459,43135.747535,42949.748270,42239.025421,41552.648678,41482.915999,41369.205818,41402.341763,41919.499145,42177.676621,42557.644858,42138.559084,39737.434654,37604.205538,34368.094228,26655.338045,12883.031491,-12725.331409,-37675.220680,-50592.681881,-63681.520099,-73606.852105,-75973.891760,-76381.371752,-76793.975928,-77245.891454,-77043.364713,-77123.240314,-76965.930673,0.000000,0.000000,0.000000,0.000000,0.000000,0.000000,0.000000
0.000000,0.000000,0.000000,0.000000,0.000000,0.000000,0.000000,0.000000,-78929.915319,-78404.903352,-76898.857757,-76190.204659,-76986.196513,-77768.968758,-77632.925870,-73403.755405,-64380.473839,-49258.690596,-27381.533730,-7104.045662,10182.275526,22171.227913,26812.036888,30624.470585,34501.995685,38685.214597,42505.156419,42720.027679,41516.287593,41374.263443,41629.865510,42063.771698,42532.753621,42841.763706,42848.483867,42656.393870,42406.181615,42069.365153,41993.521081,42402.400185,42225.539238,41566.270950,41289.473649,41393.591514,41806.045647,41890.050564,41579.147002,41839.339606,42809.349385,43032.221097,42345.812267,41534.392362,41196.130014,41417.732672,41748.316091,42000.785360,41749.167350,41115.229666,41062.997856,41782.645404,42306.497625,42464.337874,42503.284842,42313.262528,41663.820280,40887.276498,40920.257815,41744.426461,42675.466113,43024.538597,42418.180035,41426.513626,41044.866513,41254.757216,41614.560497,41938.495301,42063.107327,42085.740489,40112.384156,34640.116752,25312.052501,16753.792337,6029.172422,-15389.419313,-38782.514316,-55611.373433,-64218.602592,-68787.194956,-74575.511534,-77482.494545,-77539.562241,-78000.324024,-77283.119636,-76355.952395,-77327.961938,0.000000,0.000000,0.000000,0.000000,0.000000,0.000000,0.000000,0.000000
0.000000,0.000000,0.000000,0.000000,0.000000,0.000000,0.000000,0.000000,-80138.092896,-78893.409877,-77886.010423,-76872.502037,-76670.022853,-76801.199275,-76466.323478,-75725.887895,-65903.753292,-50211.534022,-39655.180883,-21469.903676,903.816551,13552.185099,19892.367594,25339.060667,31625.123603,35618.063419,39693.305771,42720.205050,42260.055785,41211.400057,40997.514847,41503.052419,42068.842004,42435.920296,42369.422868,42470.300081,42559.938265,42219.568229,41932.557246,42005.212102,42007.562690,41799.531720,41568.452249,41677.003021,42366.059621,42736.819189,42559.965013,42738.492626,43127.847628,42629.654269,41687.704122,41380.319465,41534.574498,41817.530862,42035.093266,41815.769479,41189.614618,40824.048815,40893.339903,41363.552508,41872.424878,42228.435600,42461.479098,42231.766956,41752.588795,41040.643572,40756.579578,41567.131133,42672.700566,43092.645201,42418.733054,41556.702245,41232.137668,41602.357358,42020.276887,41487.826734,41522.500943,41418.351478,39013.267153,30431.457436,13555.009686,-683.474424,-13857.651554,-35743.706956,-56311.424343,-68666.363576,-73685.947572,-74439.563351,-76335.320021,-77643.495936,-77501.389682,-77105.782496,-76175.677429,-75967.951264,-76326.911543,0.000000,0.000000,0.000000,0.000000,0.000000,0.000000,0.000000,0.000000
0.000000,0.000000,0.000000,0.000000,0.000000,0.000000,0.000000,0.000000,0.000000,-79712.234496,-78705.374322,-77387.275509,-76291.387091,-75525.888044,-75973.120919,-76048.745874,-71513.438830,-64056.110740,-57779.648422,-42711.131875,-21838.503099,-6586.634726,9766.255751,23214.877197,28131.142175,30305.594614,35814.567528,40866.396372,41345.776817,40895.911508,40279.659010,40455.126071,41781.873124,42486.204056,42261.264421,42524.645623,42700.485393,42070.223119,41465.083235,41433.307082,41313.922954,41218.321213,41438.808851,41844.530528,42573.141992,43055.063454,43255.972882,43113.699522,42755.581975,42094.517173,41025.818121,40834.275919,41484.368942,41905.935930,42046.636045,41642.668050,40918.922589,40770.246469,40825.447678,40990.521157,41473.912727,41927.231768,42179.569380,41971.979168,41484.304258,40915.252752,40971.756478,41718.829372,42511.037675,43010.365044,42969.974044,42234.666316,41575.806528,41828.181514,41742.788503,41306.299669,42044.702698,42044.779117,38579.587159,29843.367114,15028.619588,-8541.229165,-30780.142898,-45194.536090,-62649.598350,-73550.997254,-75038.624221,-76512.879387,-76329.661002,-75484.045583,-76039.711964,-76440.068182,-75753.792070,-76007.822480,0.000000,0.000000,0.000000,0.000000,0.000000,0.000000,0.000000,0.000000,0.000000
0.000000,0.000000,0.000000,0.000000,0.000000,0.000000,0.000000,0.000000,0.000000,-79930.429330,-78774.234847,-77236.129898,-75370.106976,-74750.761985,-75857.503496,-76670.779436,-75935.020487,-73886.709860,-69362.562131,-57527.764739,-40526.652814,-22777.813422,-3424.021109,13765.652893,20828.422916,22766.286872,31154.136005,38397.820065,39700.498269,40450.104326,40801.109687,40632.274643,41745.778819,42907.822241,42448.936816,42358.195108,42480.018386,41796.107394,41085.884345,41103.682824,41078.984587,40990.703852,41248.746703,41659.526394,42385.947149,42886.377253,42919.024934,42420.791363,41857.638507,41522.357726,40835.543240,40684.864854,41322.573806,41998.126757,42393.951379,42084.270233,41621.027230,41350.609370,41037.710665,41172.888154,41544.686558,41887.974722,42166.436516,41951.562536,41267.062358,40906.723423,41342.383615,41874.162907,42162.402977,42794.430131,43044.603628,42103.349845,41613.022201,42234.477939,41690.964295,40896.994567,40676.258207,38660.246477,35202.422030,28981.315990,13434.495618,-14314.557766,-42112.510758,-59489.761322,-69371.542855,-74578.597042,-76761.834519,-76769.157533,-75754.043275,-75476.536647,-76089.853228,-76902.645464,-76486.854402,-75716.220204,0.000000,0.000000,0.000000,0.000000,0.000000,0.000000,0.000000,0.000000,0.000000
0.000000,0.000000,0.000000,0.000000,0.000000,0.000000,0.000000,0.000000,0.000000,0.000000,-79590.449536,-77587.423320,-76003.643499,-75337.417528,-75887.030029,-77739.484095,-78030.582788,-76166.801036,-73915.384585,-63356.861162,-45508.989163,-35522.281746,-24040.197268,-6415.338690,4433.891765,13805.289465,25973.784677,34792.456062,38147.833772,38810.266057,40670.957790,41995.270940,42202.232292,43115.801139,42549.578953,41602.190541,41508.958063,41309.200241,41073.716595,41227.000807,41590.862269,41618.520999,41680.341657,41759.503722,42177.956898,42528.203207,42235.942089,41791.006564,41502.749184,41296.571021,41270.789809,41336.837792,41579.770787,42320.222846,42985.433005,42945.928211,42457.559735,42005.646946,41766.320307,41892.612550,42227.984521,42799.180434,43047.396930,42440.572520,41614.880186,41345.161814,41576.736937,41742.734926,42069.409819,42314.540682,42294.185534,42292.648710,42966.098570,42282.426791,39450.514557,36639.900717,31469.375877,23600.572297,17994.596214,13043.026929,348.751789,-23585.614244,-52212.766809,-70339.797777,-74592.899388,-75460.884197,-76747.878803,-76978.733359,-76351.820424,-76477.859197,-77276.648541,-77774.308585,-78328.856832,0.000000,0.000000,0.000000,0.000000,0.000000,0.000000,0.000000,0.000000,0.000000,0.000000
0.000000,0.000000,0.000000,0.000000,0.000000,0.000000,0.000000,0.000000,0.000000,0.000000,0.000000,-78894.347908,-77896.088072,-77249.016720,-77162.602135,-78243.792904,-79227.290763,-79371.675857,-75804.021011,-66733.230010,-55427.111626,-48408.220015,-43846.015078,-31566.418834,-15445.668213,3833.343108,22280.213094,29843.557361,31513.890117,34213.036986,39145.571132,41896.385032,41992.951659,42452.848949,42089.949067,40946.657100,40354.002628,40738.132354,41619.924107,42180.589818,42284.992072,42351.223911,42582.081086,42389.333642,42162.307097,42193.531366,42029.927417,41723.466984,41460.769357,41624.819777,41921.813139,41879.545967,42217.643978,42805.167555,43176.317718,43049.688092,42353.494031,42113.061077,42137.621044,42392.471475,42983.128299,43401.532150,43408.053276,42874.299793,42135.726519,41727.552291,41647.122382,41662.198056,41862.580714,41816.895783,42100.660235,43100.705365,42147.255321,38520.642720,32888.652448,22910.469170,10814.487591,-3231.576083,-17466.244680,-20464.512487,-24102.802330,-43273.352394,-63229.964228,-73188.313157,-75397.386428,-74914.347670,-75427.085940,-76842.156009,-77870.372554,-77618.490979,-77767.690300,-78881.219711,0.000000,0.000000,0.000000,0.000000,0.000000,0.000000,0.000000,0.000000,0.000000,0.000000,0.000000
0.000000,0.000000,0.000000,0.000000,0.000000,0.000000,0.000000,0.000000,0.000000,0.000000,0.000000,0.000000,-78977.840080,-78531.761665,-77732.641105,-77810.619277,-78894.898464,-80089.966839,-78894.110069,-72857.459219,-66612.693147,-63096.488301,-60582.718706,-50495.288064,-27992.755305,-2974.119138,18640.607886,25000.841112,22173.590323,28818.120561,36022.915990,40695.035972,43265.308983,42288.880233,41620.376762,41060.607625,40495.431725,40565.122462,41620.192754,42620.479799,42753.036888,42637.249949,43018.666741,42773.613300,42244.211827,42219.039617,42356.579051,42093.903006,41588.471298,41966.061806,42262.877323,42127.235988,42528.612779,42944.474295,42775.463891,42396.979144,41965.024747,41616.337776,41693.335523,42319.629036,42901.932722,43039.876952,43151.900112,42900.654870,41890.049629,41126.091709,41219.376724,41812.063241,41747.282646,41284.601532,42707.050459,42024.918085,38034.350034,35176.236584,26547.702322,9334.314035,-7688.128325,-25115.417084,-42033.769185,-49219.303718,-52554.925523,-61426.064503,-70514.161845,-74626.413322,-74709.360955,-73985.886541,-75122.660522,-77606.484526,-78722.690631,-78271.253582,-77901.549675,0.000000,0.000000,0.000000,0.000000,0.000000,0.000000,0.000000,0.000000,0.000000,0.000000,0.000000,0.000000
0.000000,0.000000,0.000000,0.000000,0.000000,0.000000,0.000000,0.000000,0.000000,0.000000,0.000000,0.000000,-78876.564548,-77632.171940,-76451.733906,-76729.381811,-77897.067640,-78321.263428,-79533.055539,-78126.977055,-73715.037608,-73070.974439,-71238.381269,-60941.280894,-40245.700649,-10510.303313,13103.656185,19273.912471,17687.160526,20847.008583,29416.692432,37415.342628,42283.316651,42988.956113,41682.473595,41875.160157,41769.775746,41339.778437,41747.411710,42381.663004,42766.601513,42655.346559,42423.716236,42117.695270,41897.109533,42050.260987,42638.686386,42546.217952,41702.587199,41667.526347,41963.424257,42178.662392,42575.213705,42987.066599,42797.703671,42217.884219,41769.225731,41233.108572,41246.471516,41785.083383,42087.373649,42548.700405,42995.427692,42288.081053,40989.204184,40597.034287,41139.982532,41791.988532,41789.338864,41666.573155,41981.108084,39005.126013,31470.804088,25969.495243,20010.451319,9242.284360,-9188.049488,-31093.865675,-46535.770103,-60014.266677,-67363.977114,-70343.949183,-74729.685281,-75340.683776,-74572.755516,-74627.896138,-75682.402677,-77574.930803,-78095.161913,-77779.100117,-78536.010407,0.000000,0.000000,0.000000,0.000000,0.000000,0.000000,0.000000,0.000000,0.000000,0.000000,0.000000,0.000000
0.000000,0.000000,0.000000,0.000000,0.000000,0.000000,0.000000,0.000000,0.000000,0.000000,0.000000,0.000000,0.000000,-75976.683071,-75005.709203,-75424.896546,-77290.800248,-77968.373931,-78717.494438,-79585.125015,-78367.349377,-76697.215905,-74779.771134,-68570.053792,-50841.335622,-19244.693341,4911.425937,12801.582464,13134.136980,10372.619851,17033.596553,28117.286469,36116.535620,42476.555395,43877.828231,41881.000344,40670.028601,41933.079530,43018.063378,42551.303339,42684.415291,42742.364577,41752.244040,41252.349618,41491.783594,41927.914118,42541.577729,42551.993112,41746.725121,41467.502684,41481.922372,41826.343116,42694.992006,43016.171603,42589.225736,42290.461851,41959.012338,41286.685304,41186.860320,41709.159059,42129.574836,42362.963998,42371.754759,41510.856996,40666.425896,41439.320127,41308.217659,40489.397822,42185.598049,43182.220081,38444.657893,29738.475509,17367.616008,5645.083938,3104.224411,204.952117,-12791.119248,-31929.434014,-50961.183566,-64800.350948,-72671.701805,-76818.103002,-77293.543368,-76190.487158,-75979.854880,-76312.487996,-76485.134604,-76203.674147,-76395.510627,-76589.840691,0.000000,0.000000,0.000000,0.000000,0.000000,0.000000,0.000000,0.000000,0.000000,0.000000,0.000000,0.000000,0.000000
0.000000,0.000000,0.000000,0.000000,0.000000,0.000000,0.000000,0.000000,0.000000,0.000000,0.000000,0.000000,0.000000,0.000000,-74165.950311,-74594.402343,-76537.306716,-78699.000230,-79494.726962,-79480.133095,-78832.655082,-77520.390635,-76469.181233,-72467.204823,-58773.684209,-33686.494173,-7156.876148,3660.786109,2159.055009,-1725.258757,-1313.661504,10950.339086,26241.491169,37800.183542,42059.397820,40268.172034,39258.376227,39914.633038,42223.684146,43072.331873,42625.230425,42896.057366,42016.534530,41123.437400,41277.343491,42371.727485,43390.613509,42794.891614,42146.083659,41731.867122,41419.578912,41876.796523,42136.159840,42202.868213,42405.677766,42596.051655,42429.561257,41799.340519,41548.077074,41455.624955,41821.684793,42324.362228,42317.344179,41939.000702,41056.234423,40466.938570,39705.152866,39266.017324,40364.967697,38897.295828,32511.848387,15199.227123,-4827.934896,-13895.055152,-19711.906201,-24251.322895,-27531.631666,-38674.274617,-57620.492353,-70127.387966,-75844.193488,-78948.682059,-78112.927332,-77356.260640,-77557.048812,-77241.670463,-76354.694968,-75733.497143,-75005.817655,0.000000,0.000000,0.000000,0.000000,0.000000,0.000000,0.000000,0.000000,0.000000,0.000000,0.000000,0.000000,0.000000,0.000000
0.000000,0.000000,0.000000,0.000000,0.000000,0.000000,0.000000,0.000000,0.000000,0.000000,0.000000,0.000000,0.000000,0.000000,0.000000,-75049.480835,-75722.776606,-78012.657490,-79698.244481,-79644.758250,-78850.176815,-77680.508206,-77377.281705,-75194.403312,-68074.278808,-50419.469287,-30020.344428,-21278.007120,-21987.714993,-25081.076070,-23895.798932,-13752.655162,8603.538070,26491.970478,32908.790058,34856.003315,33253.040325,34311.535041,39432.272756,43380.065568,42954.809196,41767.637880,41740.727339,41177.734231,41104.535830,42731.141698,43752.700948,43038.987903,42326.785180,41486.495847,41043.853342,42212.912158,41552.740527,41441.953775,43349.961159,42747.538554,41390.300970,42200.156103,42622.051267,41367.208894,41676.436504,41804.506395,41150.046681,41767.078364,41050.617214,38861.460923,35404.864439,31019.743913,28117.744882,22580.087068,12177.487900,-1667.509184,-20512.754856,-32062.409792,-37402.739261,-42766.303340,-44477.429340,-53413.003327,-65037.131166,-72363.820726,-76993.000577,-78333.323999,-78532.058355,-77836.193401,-77151.955605,-77044.593786,-76706.958436,-76040.074554,0.000000,0.000000,0.000000,0.000000,0.000000,0.000000,0.000000,0.000000,0.000000,0.000000,0.000000,0.000000,0.000000,0.000000,0.000000
0.000000,0.000000,0.000000,0.000000,0.000000,0.000000,0.000000,0.000000,0.000000,0.000000,0.000000,0.000000,0.000000,0.000000,0.000000,0.000000,-75503.376401,-76826.021990,-78361.450957,-78717.988600,-78492.005310,-77957.645094,-77011.575359,-77016.934423,-73925.035522,-65130.269076,-56968.344708,-51984.368333,-50573.251641,-51612.742720,-46478.254335,-31854.794175,-10108.072900,10294.488467,20686.098318,22565.355692,23635.477883,30408.502630,37802.740510,41134.926499,40218.950245,38650.713024,39513.867656,41184.989990,41667.977980,41609.508132,42158.885746,42182.662772,42647.794996,41294.267403,39854.840251,41314.261941,41394.659412,41496.469204,42021.804794,40374.110049,40153.526732,40952.994908,40884.819705,41550.190570,42178.296574,40087.854655,37456.086386,39342.018132,40628.592499,38448.885991,30130.876690,14901.859368,3900.221863,-6420.896604,-20589.913881,-26982.732278,-30522.453839,-41846.213996,-52143.135863,-58248.860267,-62411.695776,-66604.276746,-71907.780167,-75657.338656,-77584.093115,-78349.251809,-78705.430074,-77698.195691,-76312.351426,-76462.734088,-77553.739901,0.000000,0.000000,0.000000,0.000000,0.000000,0.000000,0.000000,0.000000,0.000000,0.000000,0.000000,0.000000,0.000000,0.000000,0.000000,0.000000
0.000000,0.000000,0.000000,0.000000,0.000000,0.000000,0.000000,0.000000,0.000000,0.000000,0.000000,0.000000,0.000000,0.000000,0.000000,0.000000,0.000000,-75720.799908,-76630.036314,-76951.059480,-77088.646453,-76710.532042,-75504.905025,-75555.191796,-75366.250200,-73767.500795,-71375.523803,-70036.709177,-67638.064722,-65469.566379,-57230.170138,-38366.382684,-18890.618685,-4397.061107,3122.642923,11981.927721,19424.950554,25723.659219,33486.331117,35656.174404,32827.649988,30632.732340,35119.993627,39063.889611,38773.089652,38624.341027,38931.151820,39616.430229,39087.829848,38625.917522,38729.133194,38177.923919,40052.314063,42107.370007,39018.762421,34881.842800,33758.131083,33885.478250,35483.492487,37447.602238,37224.492439,33553.949207,30356.574177,33353.000897,38468.179796,34901.653367,24603.462889,6976.779515,-19836.441936,-38237.799899,-43643.006721,-45928.365505,-45022.509205,-48098.789998,-61716.992779,-71125.205887,-72641.579540,-73614.497186,-75791.136137,-77201.337894,-77145.633857,-78407.209186,-78354.081694,-76771.193520,-76056.451193,-75786.367293,0.000000,0.000000,0.000000,0.000000,0.000000,0.000000,0.000000,0.000000,0.000000,0.000000,0.000000,0.000000,0.000000,0.000000,0.000000,0.000000,0.000000
0.000000,0.000000,0.000000,0.000000,0.000000,0.000000,0.000000,0.000000,0.000000,0.000000,0.000000,0.000000,0.000000,0.000000,0.000000,0.000000,0.000000,0.000000,-75554.301413,-76087.857827,-75887.711288,-75640.595216,-74947.200377,-74381.054488,-75383.008533,-76065.013593,-76200.873020,-76442.644676,-74897.733296,-70318.900033,-62225.584143,-48610.909779,-31283.318819,-22037.408642,-17202.741156,-1875.812181,10361.550418,15204.222990,23309.594967,24475.706160,18764.540728,21167.845086,30659.425802,33272.349134,29898.567168,28508.110110,28872.104907,28621.934637,29173.471917,31509.662880,31105.525394,31156.286935,36636.105748,37970.434770,34848.968346,29494.638062,21846.010955,20338.319243,21467.886558,23648.404075,27828.352399,23833.410747,17250.199172,23218.020312,28846.483003,23462.837862,14204.772928,-2785.662768,-29696.341794,-52907.886267,-57926.236103,-53336.437252,-56266.402095,-62102.309085,-69548.945894,-76163.641706,-75875.155583,-75752.601993,-76140.969386,-75454.419846,-76501.411347,-78141.493168,-77988.245438,-76559.449361,-75388.699512,0.000000,0.000000,0.000000,0.000000,0.000000,0.000000,0.000000,0.000000,0.000000,0.000000,0.000000,0.000000,0.000000,0.000000,0.000000,0.000000,0.000000,0.000000
0.000000,0.000000,0.000000,0.000000,0.000000,0.000000,0.000000,0.000000,0.000000,0.000000,0.000000,0.000000,0.000000,0.000000,0.000000,0.000000,0.000000,0.000000,0.000000,-77226.955112,-76408.921968,-75790.108744,-75469.433377,-75370.500475,-75873.583221,-77283.420235,-78408.565646,-77749.872595,-76613.657929,-74595.682909,-70630.362167,-62728.852099,-53784.293106,-47272.110107,-38202.263982,-24197.713669,-10021.052525,-2860.787633,1969.399341,3225.287162,3900.730366,15654.261161,24282.413211,23639.962132,15155.689310,9570.619004,12953.795007,10623.187832,13975.679617,20693.536521,20359.102601,20697.023743,21216.412196,23089.761576,25261.703359,21262.730101,12171.620913,6056.014740,3981.720851,9437.589874,20049.015735,17318.206713,9872.160089,14768.170262,12202.049861,1814.621451,-6775.169441,-20416.696199,-36964.627911,-57033.779702,-66929.504125,-64292.747240,-65991.133322,-72685.481940,-77012.961902,-77784.740515,-76570.567371,-75280.440337,-75247.611981,-75142.930434,-76338.624631,-77543.550662,-77312.541727,-77717.627571,0.000000,0.000000,0.000000,0.000000,0.000000,0.000000,0.000000,0.000000,0.000000,0.000000,0.000000,0.000000,0.000000,0.000000,0.000000,0.000000,0.000000,0.000000,0.000000
0.000000,0.000000,0.000000,0.000000,0.000000,0.000000,0.000000,0.000000,0.000000,0.000000,0.000000,0.000000,0.000000,0.000000,0.000000,0.000000,0.000000,0.000000,0.000000,0.000000,-78061.186841,-77151.504372,-76581.276100,-76587.644498,-76467.438107,-77132.896866,-78616.456022,-78029.758769,-76140.278691,-76076.226852,-75783.238143,-73317.575604,-69031.054489,-65933.583411,-57627.099140,-43634.551686,-36538.130674,-31234.038271,-26305.632364,-23108.386923,-13983.959340,-1650.294597,7910.909811,3030.269786,-9719.501799,-10456.995729,-7030.564135,-7728.143843,-3237.122668,9260.568353,14197.675416,3834.151317,-7750.458501,-3873.931996,3483.632799,4764.490957,1114.051887,-8532.389419,-7471.125138,1321.791010,6903.968510,6748.360419,1946.814192,623.141010,-5899.480852,-24638.830180,-35208.594356,-38875.959040,-53333.421375,-66357.347757,-70785.245061,-72682.732967,-74741.463687,-77625.813501,-79014.842511,-77781.211611,-75953.941780,-75622.406964,-75370.756505,-75009.188930,-75662.396599,-76649.228789,-77460.081194,0.000000,0.000000,0.000000,0.000000,0.000000,0.000000,0.000000,0.000000,0.000000,0.000000,0.000000,0.000000,0.000000,0.000000,0.000000,0.000000,0.000000,0.000000,0.000000,0.000000
0.000000,0.000000,0.000000,0.000000,0.000000,0.000000,0.000000,0.000000,0.000000,0.000000,0.000000,0.000000,0.000000,0.000000,0.000000,0.000000,0.000000,0.000000,0.000000,0.000000,0.000000,0.000000,-78171.155467,-77371.556637,-77145.578240,-77677.865153,-78175.946430,-78251.655512,-77356.210431,-76061.311273,-76499.441782,-77529.514991,-75372.991757,-72903.620784,-69357.869261,-61466.879784,-58564.638696,-55438.673857,-48716.561154,-46936.602021,-43025.992895,-31590.991620,-21827.380531,-26716.064757,-32833.926512,-29406.278426,-24954.426007,-23025.830212,-16729.642581,198.758141,4553.179131,-14176.327294,-32358.167791,-36287.432941,-25988.563398,-14192.019521,-15321.079584,-22638.060807,-20735.299517,-16576.131452,-18494.199656,-20362.254114,-26853.325145,-28288.108556,-30651.019337,-48422.373838,-58951.969491,-60075.036539,-66668.923959,-73919.161665,-75881.147596,-75394.952250,-76739.236779,-78454.248757,-78485.280272,-77467.070045,-76046.570373,-75543.888311,-75152.012720,-74624.185871,-75386.927400,0.000000,0.000000,0.000000,0.000000,0.000000,0.000000,0.000000,0.000000,0.000000,0.000000,0.000000,0.000000,0.000000,0.000000,0.000000,0.000000,0.000000,0.000000,0.000000,0.000000,0.000000,0.000000
0.000000,0.000000,0.000000,0.000000,0.000000,0.000000,0.000000,0.000000,0.000000,0.000000,0.000000,0.000000,0.000000,0.000000,0.000000,0.000000,0.000000,0.000000,0.000000,0.000000,0.000000,0.000000,0.000000,-77392.398012,-77009.157133,-77493.664611,-77718.415068,-78396.084314,-78964.472766,-78124.942741,-76833.999298,-76743.857097,-76802.770038,-75522.139971,-74320.545178,-72646.556905,-70954.924579,-68728.587293,-65033.683046,-64661.299096,-64057.050896,-56966.674705,-52784.026234,-50543.052897,-47232.811202,-44726.750255,-37144.462067,-36198.529477,-33234.460808,-18275.266818,-14897.535392,-30627.332099,-50845.063191,-58898.877271,-48587.719556,-36274.409604,-38017.956784,-36835.179499,-33260.722931,-40124.757408,-46970.371165,-54070.374727,-58799.372547,-56324.560648,-57590.983299,-65226.326934,-71072.887827,-72554.234619,-73290.768249,-76218.694052,-77694.678685,-76324.227630,-76165.386694,-77170.943129,-77671.284077,-77141.327712,-75746.864713,-75077.668058,-75038.171323,-74447.978222,0.000000,0.000000,0.000000,0.000000,0.000000,0.000000,0.000000,0.000000,0.000000,0.000000,0.000000,0.000000,0.000000,0.000000,0.000000,0.000000,0.000000,0.000000,0.000000,0.000000,0.000000,0.000000,0.000000
0.000000,0.000000,0.000000,0.000000,0.000000,0.000000,0.000000,0.000000,0.000000,0.000000,0.000000,0.000000,0.000000,0.000000,0.000000,0.000000,0.000000,0.000000,0.000000,0.000000,0.000000,0.000000,0.000000,0.000000,-75829.302326,-76824.618711,-76719.544687,-77509.068907,-78840.845216,-78664.645915,-77068.384180,-75468.301877,-75122.606666,-76196.365925,-76219.484891,-75848.878668,-76758.217270,-75324.673003,-73085.091007,-73158.309811,-73050.990226,-71997.824859,-69251.095159,-65081.193654,-62475.021747,-59338.313014,-56053.212502,-56666.091516,-55277.785155,-47838.243950,-44490.554534,-53733.561578,-66988.523405,-70427.811502,-65397.952362,-59728.809810,-58432.659467,-53863.293159,-48014.612748,-55749.843290,-66639.979251,-72644.523463,-74147.026944,-71996.659384,-71469.046727,-73322.566584,-75314.880091,-75668.993299,-76542.162129,-77188.492931,-76861.569532,-76606.440567,-76471.135826,-76628.556584,-76692.293039,-76282.451677,-75429.167440,-75206.201954,-75898.976118,0.000000,0.000000,0.000000,0.000000,0.000000,0.000000,0.000000,0.000000,0.000000,0.000000,0.000000,0.000000,0.000000,0.000000,0.000000,0.000000,0.000000,0.000000,0.000000,0.000000,0.000000,0.000000,0.000000,0.000000
0.000000,0.000000,0.000000,0.000000,0.000000,0.000000,0.000000,0.000000,0.000000,0.000000,0.000000,0.000000,0.000000,0.000000,0.000000,0.000000,0.000000,0.000000,0.000000,0.000000,0.000000,0.000000,0.000000,0.000000,0.000000,0.000000,-75808.452579,-76699.179121,-78569.169368,-78607.907964,-76889.434973,-75813.746876,-75736.138526,-76532.120307,-77094.938907,-76731.952962,-77124.315906,-77185.361943,-76186.066125,-76147.470586,-76421.035033,-76653.011141,-75614.020622,-73422.526157,-73064.485760,-72898.722120,-72577.107491,-72355.372614,-71328.023166,-69056.438333,-67330.890416,-70180.514013,-74551.266732,-76010.760208,-75053.864780,-73106.525254,-71151.569648,-68377.861762,-64172.531239,-67452.605821,-75863.506800,-77319.275378,-77710.316424,-77682.789012,-75164.972819,-75480.584972,-76454.708366,-76642.503807,-77083.762966,-77198.562130,-77432.181153,-77457.950271,-76469.836723,-75843.037877,-76166.636236,-75953.733911,-74980.357192,0.000000,0.000000,0.000000,0.000000,0.000000,0.000000,0.000000,0.000000,0.000000,0.000000,0.000000,0.000000,0.000000,0.000000,0.000000,0.000000,0.000000,0.000000,0.000000,0.000000,0.000000,0.000000,0.000000,0.000000,0.000000,0.000000
0.000000,0.000000,0.000000,0.000000,0.000000,0.000000,0.000000,0.000000,0.000000,0.000000,0.000000,0.000000,0.000000,0.000000,0.000000,0.000000,0.000000,0.000000,0.000000,0.000000,0.000000,0.000000,0.000000,0.000000,0.000000,0.000000,0.000000,0.000000,-79255.274443,-78923.233547,-77939.241390,-77634.044239,-77609.273574,-78043.615789,-78381.465253,-77058.007025,-76297.955688,-77059.043588,-77703.383744,-77620.075279,-76970.269834,-77718.309626,-78693.237854,-76511.135948,-75528.460932,-77715.009253,-77319.009104,-76088.183834,-76373.517400,-75133.962408,-74112.138141,-75036.838496,-76369.128499,-76704.209407,-76036.883890,-76316.789977,-77260.735314,-75403.659332,-72519.011194,-75237.291514,-78978.083723,-77819.638272,-77395.511468,-77300.861446,-75337.510842,-75006.389473,-75534.638638,-76071.728892,-76979.460446,-77229.314814,-77553.262903,-77605.217857,-76328.520677,-75593.725212,-76269.252372,0.000000,0.000000,0.000000,0.000000,0.000000,0.000000,0.000000,0.000000,0.000000,0.000000,0.000000,0.000000,0.000000,0.000000,0.000000,0.000000,0.000000,0.000000,0.000000,0.000000,0.000000,0.000000,0.000000,0.000000,0.000000,0.000000,0.000000,0.000000
0.000000,0.000000,0.000000,0.000000,0.000000,0.000000,0.000000,0.000000,0.000000,0.000000,0.000000,0.000000,0.000000,0.000000,0.000000,0.000000,0.000000,0.000000,0.000000,0.000000,0.000000,0.000000,0.000000,0.000000,0.000000,0.000000,0.000000,0.000000,0.000000,0.000000,-79029.824068,-78863.764127,-78774.310480,-78969.019638,-78990.184567,-78212.990694,-76804.236480,-76624.517219,-77432.424041,-77662.211117,-78516.200422,-78806.690538,-78229.499826,-77265.365614,-75975.318969,-76695.184268,-77394.789188,-77155.506940,-76538.249750,-74981.718542,-75216.502241,-76934.474787,-77588.385816,-77278.174720,-76340.296208,-75845.330830,-76739.010264,-77001.446290,-76800.932763,-78173.509410,-78117.796696,-76493.465640,-76395.413643,-75611.707474,-74276.077907,-74132.746201,-74575.756207,-75686.378700,-76903.342873,-77756.888027,-78269.469090,-77939.279827,-76681.054400,0.000000,0.000000,0.000000,0.000000,0.000000,0.000000,0.000000,0.000000,0.000000,0.000000,0.000000,0.000000,0.000000,0.000000,0.000000,0.000000,0.000000,0.000000,0.000000,0.000000,0.000000,0.000000,0.000000,0.000000,0.000000,0.000000,0.000000,0.000000,0.000000,0.000000
0.000000,0.000000,0.000000,0.000000,0.000000,0.000000,0.000000,0.000000,0.000000,0.000000,0.000000,0.000000,0.000000,0.000000,0.000000,0.000000,0.000000,0.000000,0.000000,0.000000,0.000000,0.000000,0.000000,0.000000,0.000000,0.000000,0.000000,0.000000,0.000000,0.000000,0.000000,0.000000,-80299.567945,-78643.035418,-77933.195322,-78256.033957,-77925.581185,-77679.807883,-77764.525841,-77593.511896,-78023.508852,-78203.502244,-77663.109111,-77339.891835,-76347.432402,-75630.988688,-76025.899567,-76693.209600,-76566.261304,-75627.738398,-75736.837117,-77097.021061,-78393.827395,-78414.481186,-77220.634068,-75894.460429,-75445.719208,-76281.484184,-78076.388543,-78847.359478,-77490.305517,-76465.853625,-76022.136861,-74729.161100,-74001.571782,-74319.805733,-74708.131142,-76000.151312,-77087.904916,-77644.426122,-79704.259667,0.000000,0.000000,0.000000,0.000000,0.000000,0.000000,0.000000,0.000000,0.000000,0.000000,0.000000,0.000000,0.000000,0.000000,0.000000,0.000000,0.000000,0.000000,0.000000,0.000000,0.000000,0.000000,0.000000,0.000000,0.000000,0.000000,0.000000,0.000000,0.000000,0.000000,0.000000,0.000000
0.000000,0.000000,0.000000,0.000000,0.000000,0.000000,0.000000,0.000000,0.000000,0.000000,0.000000,0.000000,0.000000,0.000000,0.000000,0.000000,0.000000,0.000000,0.000000,0.000000,0.000000,0.000000,0.000000,0.000000,0.000000,0.000000,0.000000,0.000000,0.000000,0.000000,0.000000,0.000000,0.000000,0.000000,-76986.804415,-78375.836252,-78702.774928,-78699.710035,-78413.169402,-78327.558317,-78170.728190,-77766.855295,-77859.507948,-77502.880482,-76555.452419,-75512.676077,-75258.622943,-76082.045600,-76835.552267,-76911.394603,-76963.219250,-78246.368928,-79698.042968,-79450.280814,-78136.500807,-76671.939672,-75166.097054,-75098.302163,-77017.931155,-78628.485788,-78589.353029,-77568.674350,-76223.819579,-75005.761156,-74701.079187,-74585.305749,-74928.539501,-76305.220385,-76764.143925,0.000000,0.000000,0.000000,0.000000,0.000000,0.000000,0.000000,0.000000,0.000000,0.000000,0.000000,0.000000,0.000000,0.000000,0.000000,0.000000,0.000000,0.000000,0.000000,0.000000,0.000000,0.000000,0.000000,0.000000,0.000000,0.000000,0.000000,0.000000,0.000000,0.000000,0.000000,0.000000,0.000000,0.000000
0.000000,0.000000,0.000000,0.000000,0.000000,0.000000,0.000000,0.000000,0.000000,0.000000,0.000000,0.000000,0.000000,0.000000,0.000000,0.000000,0.000000,0.000000,0.000000,0.000000,0.000000,0.000000,0.000000,0.000000,0.000000,0.000000,0.000000,0.000000,0.000000,0.000000,0.000000,0.000000,0.000000,0.000000,0.000000,0.000000,0.000000,0.000000,-79875.182401,-79343.735940,-79213.198682,-78581.873573,-77699.272817,-77745.220062,-76994.219510,-75497.296561,-75333.005168,-76819.278692,-78094.011797,-77831.199366,-77660.827653,-78789.842043,-80131.458639,-80030.952885,-78751.248780,-76896.441455,-74829.571809,-74205.017637,-75583.836889,-77809.009956,-78763.436348,-77872.624748,-76287.565528,-75701.254266,-76295.261063,0.000000,0.000000,0.000000,0.000000,0.000000,0.000000,0.000000,0.000000,0.000000,0.000000,0.000000,0.000000,0.000000,0.000000,0.000000,0.000000,0.000000,0.000000,0.000000,0.000000,0.000000,0.000000,0.000000,0.000000,0.000000,0.000000,0.000000,0.000000,0.000000,0.000000,0.000000,0.000000,0.000000,0.000000,0.000000,0.000000,0.000000,0.000000
0.000000,0.000000,0.000000,0.000000,0.000000,0.000000,0.000000,0.000000,0.000000,0.000000,0.000000,0.000000,0.000000,0.000000,0.000000,0.000000,0.000000,0.000000,0.000000,0.000000,0.000000,0.000000,0.000000,0.000000,0.000000,0.000000,0.000000,0.000000,0.000000,0.000000,0.000000,0.000000,0.000000,0.000000,0.000000,0.000000,0.000000,0.000000,0.000000,0.000000,0.000000,0.000000,-78329.732606,-77484.314242,-77279.910308,-76338.666135,-75344.544756,-77244.877072,-79123.845230,-78432.573157,-77399.945616,-77721.019156,-79442.216321,-80022.941383,-78989.718070,-77237.483940,-74755.064363,-73528.292397,-74462.054749,-76792.602832,-78955.117527,0.000000,0.000000,0.000000,0.000000,0.000000,0.000000,0.000000,0.000000,0.000000,0.000000,0.000000,0.000000,0.000000,0.000000,0.000000,0.000000,0.000000,0.000000,0.000000,0.000000,0.000000,0.000000,0.000000,0.000000,0.000000,0.000000,0.000000,0.000000,0.000000,0.000000,0.000000,0.000000,0.000000,0.000000,0.000000,0.000000,0.000000,0.000000,0.000000,0.000000,0.000000,0.000000
0.000000,0.000000,0.000000,0.000000,0.000000,0.000000,0.000000,0.000000,0.000000,0.000000,0.000000,0.000000,0.000000,0.000000,0.000000,0.000000,0.000000,0.000000,0.000000,0.000000,0.000000,0.000000,0.000000,0.000000,0.000000,0.000000,0.000000,0.000000,0.000000,0.000000,0.000000,0.000000,0.000000,0.000000,0.000000,0.000000,0.000000,0.000000,0.000000,0.000000,0.000000,0.000000,0.000000,0.000000,0.000000,0.000000,0.000000,0.000000,0.000000,0.000000,0.000000,0.000000,0.000000,0.000000,0.000000,0.000000,0.000000,0.000000,0.000000,0.000000,0.000000,0.000000,0.000000,0.000000,0.000000,0.000000,0.000000,0.000000,0.000000,0.000000,0.000000,0.000000,0.000000,0.000000,0.000000,0.000000,0.000000,0.000000,0.000000,0.000000,0.000000,0.000000,0.000000,0.000000,0.000000,0.000000,0.000000,0.000000,0.000000,0.000000,0.000000,0.000000,0.000000,0.000000,0.000000,0.000000,0.000000,0.000000,0.000000,0.000000,0.000000,0.000000,0.000000
0.000000,0.000000,0.000000,0.000000,0.000000,0.000000,0.000000,0.000000,0.000000,0.000000,0.000000,0.000000,0.000000,0.000000,0.000000,0.000000,0.000000,0.000000,0.000000,0.000000,0.000000,0.000000,0.000000,0.000000,0.000000,0.000000,0.000000,0.000000,0.000000,0.000000,0.000000,0.000000,0.000000,0.000000,0.000000,0.000000,0.000000,0.000000,0.000000,0.000000,0.000000,0.000000,0.000000,0.000000,0.000000,0.000000,0.000000,0.000000,0.000000,0.000000,0.000000,0.000000,0.000000,0.000000,0.000000,0.000000,0.000000,0.000000,0.000000,0.000000,0.000000,0.000000,0.000000,0.000000,0.000000,0.000000,0.000000,0.000000,0.000000,0.000000,0.000000,0.000000,0.000000,0.000000,0.000000,0.000000,0.000000,0.000000,0.000000,0.000000,0.000000,0.000000,0.000000,0.000000,0.000000,0.000000,0.000000,0.000000,0.000000,0.000000,0.000000,0.000000,0.000000,0.000000,0.000000,0.000000,0.000000,0.000000,0.000000,0.000000,0.000000,0.000000,0.000000
