0.000000,0.000000,0.000000,0.000000,0.000000,0.000000,0.000000,0.000000,0.000000,0.000000,0.000000,0.000000,0.000000,0.000000,0.000000,0.000000,0.000000,0.000000,0.000000,0.000000,0.000000,0.000000,0.000000,0.000000,0.000000,0.000000,0.000000,0.000000,0.000000,0.000000,0.000000,0.000000,0.000000,0.000000,0.000000,0.000000,0.000000,0.000000,0.000000,0.000000,0.000000,0.000000,0.000000,0.000000,0.000000,0.000000,0.000000,0.000000,0.000000,0.000000,0.000000,0.000000,0.000000,0.000000,0.000000,0.000000,0.000000,0.000000,0.000000,0.000000,0.000000,0.000000,0.000000,0.000000,0.000000,0.000000,0.000000,0.000000,0.000000,0.000000,0.000000,0.000000,0.000000,0.000000,0.000000,0.000000,0.000000,0.000000,0.000000,0.000000,0.000000,0.000000,0.000000,0.000000,0.000000,0.000000,0.000000,0.000000,0.000000,0.000000,0.000000,0.000000,0.000000,0.000000,0.000000,0.000000,0.000000,0.000000,0.000000,0.000000,0.000000,0.000000,0.000000
0.000000,0.000000,0.000000,0.000000,0.000000,0.000000,0.000000,0.000000,0.000000,0.000000,0.000000,0.000000,0.000000,0.000000,0.000000,0.000000,0.000000,0.000000,0.000000,0.000000,0.000000,0.000000,0.000000,0.000000,0.000000,0.000000,0.000000,0.000000,0.000000,0.000000,0.000000,0.000000,0.000000,0.000000,0.000000,0.000000,0.000000,0.000000,0.000000,0.000000,0.000000,0.000000,0.000000,0.000000,0.000000,0.000000,0.000000,0.000000,0.000000,0.000000,0.000000,0.000000,0.000000,0.000000,0.000000,0.000000,0.000000,0.000000,0.000000,0.000000,0.000000,0.000000,0.000000,0.000000,0.000000,0.000000,0.000000,0.000000,0.000000,0.000000,0.000000,0.000000,0.000000,0.000000,0.000000,0.000000,0.000000,0.000000,0.000000,0.000000,0.000000,0.000000,0.000000,0.000000,0.000000,0.000000,0.000000,0.000000,0.000000,0.000000,0.000000,0.000000,0.000000,0.000000,0.000000,0.000000,0.000000,0.000000,0.000000,0.000000,0.000000,0.000000,0.000000
0.000000,0.000000,0.000000,0.000000,0.000000,0.000000,0.000000,0.000000,0.000000,0.000000,0.000000,0.000000,0.000000,0.000000,0.000000,0.000000,0.000000,0.000000,0.000000,0.000000,0.000000,0.000000,0.000000,0.000000,0.000000,0.000000,0.000000,0.000000,0.000000,0.000000,0.000000,0.000000,0.000000,0.000000,0.000000,0.000000,0.000000,0.000000,0.000000,0.000000,0.000000,0.000000,0.000001,-0.000006,-0.000005,0.000004,-0.000006,0.000008,0.000002,0.000000,0.000007,-0.000006,-0.000002,-0.000000,-0.000004,-0.000008,-0.000005,0.000005,-0.000004,-0.000000,-0.000009,0.000000,0.000000,0.000000,0.000000,0.000000,0.000000,0.000000,0.000000,0.000000,0.000000,0.000000,0.000000,0.000000,0.000000,0.000000,0.000000,0.000000,0.000000,0.000000,0.000000,0.000000,0.000000,0.000000,0.000000,0.000000,0.000000,0.000000,0.000000,0.000000,0.000000,0.000000,0.000000,0.000000,0.000000,0.000000,0.000000,0.000000,0.000000,0.000000,0.000000,0.000000,0.000000
0.000000,0.000000,0.000000,0.000000,0.000000,0.000000,0.000000,0.000000,0.000000,0.000000,0.000000,0.000000,0.000000,0.000000,0.000000,0.000000,0.000000,0.000000,0.000000,0.000000,0.000000,0.000000,0.000000,0.000000,0.000000,0.000000,0.000000,0.000000,0.000000,0.000000,0.000000,0.000000,0.000000,0.000000,0.000000,0.000000,0.000000,0.000003,0.000011,0.000001,0.000007,0.000007,-0.000015,0.000013,-0.000003,0.000008,0.000000,-0.000015,0.000003,-0.000009,0.000013,-0.000006,-0.000007,0.000004,0.000012,-0.000007,0.000008,0.000006,0.000004,-0.000003,-0.000006,0.000008,0.000003,0.000006,-0.000008,0.000002,0.000000,0.000000,0.000000,0.000000,0.000000,0.000000,0.000000,0.000000,0.000000,0.000000,0.000000,0.000000,0.000000,0.000000,0.000000,0.000000,0.000000,0.000000,0.000000,0.000000,0.000000,0.000000,0.000000,0.000000,0.000000,0.000000,0.000000,0.000000,0.000000,0.000000,0.000000,0.000000,0.000000,0.000000,0.000000,0.000000,0.000000
0.000000,0.000000,0.000000,0.000000,0.000000,0.000000,0.000000,0.000000,0.000000,0.000000,0.000000,0.000000,0.000000,0.000000,0.000000,0.000000,0.000000,0.000000,0.000000,0.000000,0.000000,0.000000,0.000000,0.000000,0.000000,0.000000,0.000000,0.000000,0.000000,0.000000,0.000000,0.000000,0.000000,0.000000,-0.000007,-0.000006,-0.000001,-0.000003,-0.000020,-0.000010,-0.000015,-0.000001,0.000012,-0.000005,-0.000004,-0.000009,0.000003,0.000005,-0.000005,0.000008,-0.000003,-0.000015,0.000007,0.000005,-0.000011,0.000003,-0.000005,-0.000014,-0.000004,0.000001,0.000013,0.000005,0.000003,-0.000017,-0.000003,-0.000006,0.000004,-0.000008,0.000000,0.000000,0.000000,0.000000,0.000000,0.000000,0.000000,0.000000,0.000000,0.000000,0.000000,0.000000,0.000000,0.000000,0.000000,0.000000,0.000000,0.000000,0.000000,0.000000,0.000000,0.000000,0.000000,0.000000,0.000000,0.000000,0.000000,0.000000,0.000000,0.000000,0.000000,0.000000,0.000000,0.000000,0.000000
0.000000,0.000000,0.000000,0.000000,0.000000,0.000000,0.000000,0.000000,0.000000,0.000000,0.000000,0.000000,0.000000,0.000000,0.000000,0.000000,0.000000,0.000000,0.000000,0.000000,0.000000,0.000000,0.000000,0.000000,0.000000,0.000000,0.000000,0.000000,0.000000,0.000000,0.000000,0.000000,-0.000003,0.000001,0.000006,0.000003,0.000024,-0.000000,0.000002,0.000001,0.000015,-0.000011,0.000006,0.000021,-0.000010,0.000008,0.000001,-0.000003,0.000009,-0.000003,0.000004,0.000017,-0.000004,0.000011,-0.000004,0.000027,-0.000008,0.000018,0.000003,-0.000005,-0.000002,-0.000009,-0.000002,0.000005,0.000006,0.000000,0.000009,-0.000006,-0.000002,0.000007,0.000003,0.000000,0.000000,0.000000,0.000000,0.000000,0.000000,0.000000,0.000000,0.000000,0.000000,0.000000,0.000000,0.000000,0.000000,0.000000,0.000000,0.000000,0.000000,0.000000,0.000000,0.000000,0.000000,0.000000,0.000000,0.000000,0.000000,0.000000,0.000000,0.000000,0.000000,0.000000,0.000000
0.000000,0.000000,0.000000,0.000000,0.000000,0.000000,0.000000,0.000000,0.000000,0.000000,0.000000,0.000000,0.000000,0.000000,0.000000,0.000000,0.000000,0.000000,0.000000,0.000000,0.000000,0.000000,0.000000,0.000000,0.000000,0.000000,0.000000,0.000000,0.000000,0.000000,0.000006,0.000006,0.000007,0.000004,-0.000008,-0.000009,-0.000015,-0.000007,-0.000004,0.000003,0.000000,0.000005,-0.000010,0.000001,-0.000007,0.000006,-0.000007,-0.000016,0.000015,-0.000005,-0.000031,0.000000,-0.000010,0.000011,0.000006,-0.000022,-0.000011,0.000013,0.000001,0.000004,0.000017,0.000012,-0.000009,-0.000000,0.000003,0.000010,0.000003,0.000009,-0.000004,0.000015,-0.000020,0.000012,-0.000002,0.000000,0.000000,0.000000,0.000000,0.000000,0.000000,0.000000,0.000000,0.000000,0.000000,0.000000,0.000000,0.000000,0.000000,0.000000,0.000000,0.000000,0.000000,0.000000,0.000000,0.000000,0.000000,0.000000,0.000000,0.000000,0.000000,0.000000,0.000000,0.000000,0.000000
0.000000,0.000000,0.000000,0.000000,0.000000,0.000000,0.000000,0.000000,0.000000,0.000000,0.000000,0.000000,0.000000,0.000000,0.000000,0.000000,0.000000,0.000000,0.000000,0.000000,0.000000,0.000000,0.000000,0.000000,0.000000,0.000000,0.000000,0.000000,-0.000007,0.000008,0.000001,-0.000008,-0.000000,0.000003,-0.000017,0.000004,-0.000002,0.000017,0.000012,0.000012,0.000006,-0.000013,-0.000005,-0.000005,0.000005,0.000010,0.000014,-0.000003,-0.000003,0.000001,0.000029,0.000019,-0.000018,-0.000022,0.000018,-0.000005,0.000005,0.000000,-0.000014,-0.000014,-0.000007,-0.000003,-0.000011,-0.000019,-0.000006,-0.000009,-0.000001,-0.000009,-0.000015,-0.000004,0.000004,0.000010,0.000007,-0.000003,-0.000006,0.000000,0.000000,0.000000,0.000000,0.000000,0.000000,0.000000,0.000000,0.000000,0.000000,0.000000,0.000000,0.000000,0.000000,0.000000,0.000000,0.000000,0.000000,0.000000,0.000000,0.000000,0.000000,0.000000,0.000000,0.000000,0.000000,0.000000,0.000000
0.000000,0.000000,0.000000,0.000000,0.000000,0.000000,0.000000,0.000000,0.000000,0.000000,0.000000,0.000000,0.000000,0.000000,0.000000,0.000000,0.000000,0.000000,0.000000,0.000000,0.000000,0.000000,0.000000,0.000000,0.000000,0.000000,0.000005,-0.000012,0.000014,-0.000014,0.000002,0.000004,-0.000004,-0.000022,0.000027,0.000010,0.000007,0.000008,-0.000020,-0.000034,0.000013,0.000000,-0.000000,-0.000009,0.000011,-0.000008,-0.000010,0.000006,0.000015,-0.000031,0.000005,0.000004,0.000008,0.000002,0.000007,-0.000008,0.000012,-0.000003,-0.000004,0.000009,-0.000008,0.000007,0.000022,0.000020,0.000004,0.000008,0.000004,0.000023,0.000009,-0.000004,-0.000015,-0.000014,-0.000014,-0.000000,0.000004,0.000001,-0.000005,0.000000,0.000000,0.000000,0.000000,0.000000,0.000000,0.000000,0.000000,0.000000,0.000000,0.000000,0.000000,0.000000,0.000000,0.000000,0.000000,0.000000,0.000000,0.000000,0.000000,0.000000,0.000000,0.000000,0.000000,0.000000,0.000000
0.000000,0.000000,0.000000,0.000000,0.000000,0.000000,0.000000,0.000000,0.000000,0.000000,0.000000,0.000000,0.000000,0.000000,0.000000,0.000000,0.000000,0.000000,0.000000,0.000000,0.000000,0.000000,0.000000,0.000000,0.000013,-0.000010,0.000009,0.000000,0.000010,-0.000020,0.000005,0.000005,0.000012,0.000002,0.000008,0.000000,0.000000,0.000000,-0.000004,0.000015,0.000001,-0.000003,0.000009,0.000003,-0.000001,-0.000000,-0.000004,0.000011,-0.000011,-0.000008,0.000000,-0.000028,0.000006,0.000000,-0.000021,-0.000000,-0.000011,-0.000009,-0.000007,0.000018,-0.000004,-0.000001,-0.000008,-0.000002,-0.000014,0.000003,-0.000018,-0.000002,0.000006,-0.000007,0.000001,0.000022,-0.000006,0.000014,0.000002,0.000002,-0.000004,-0.000001,-0.000004,0.000000,0.000000,0.000000,0.000000,0.000000,0.000000,0.000000,0.000000,0.000000,0.000000,0.000000,0.000000,0.000000,0.000000,0.000000,0.000000,0.000000,0.000000,0.000000,0.000000,0.000000,0.000000,0.000000,0.000000
0.000000,0.000000,0.000000,0.000000,0.000000,0.000000,0.000000,0.000000,0.000000,0.000000,0.000000,0.000000,0.000000,0.000000,0.000000,0.000000,0.000000,0.000000,0.000000,0.000000,0.000000,0.000000,0.000000,-0.000009,-0.000011,-0.000002,-0.000011,-0.000001,0.000006,0.000002,-0.000001,-0.000002,-0.000020,-0.000001,-0.000002,-0.000024,-0.000013,0.000007,0.000003,0.000015,0.000002,-0.000002,0.000001,0.000008,-0.000009,0.000004,0.000013,0.000002,0.000005,0.000020,0.000010,-0.000005,0.000018,0.000009,0.000007,0.000019,0.000013,0.000001,-0.000005,0.000016,0.000007,-0.000014,0.000004,-0.000025,0.000016,0.000005,0.000014,-0.000015,-0.000009,-0.000002,0.000010,-0.000004,0.000007,-0.000011,-0.000015,0.000005,-0.000003,0.000010,0.000007,-0.000012,0.000000,0.000000,0.000000,0.000000,0.000000,0.000000,0.000000,0.000000,0.000000,0.000000,0.000000,0.000000,0.000000,0.000000,0.000000,0.000000,0.000000,0.000000,0.000000,0.000000,0.000000,0.000000,0.000000
0.000000,0.000000,0.000000,0.000000,0.000000,0.000000,0.000000,0.000000,0.000000,0.000000,0.000000,0.000000,0.000000,0.000000,0.000000,0.000000,0.000000,0.000000,0.000000,0.000000,0.000000,-0.000003,0.000001,0.000012,0.000004,0.000009,0.000009,0.000006,-0.000011,-0.000007,0.000016,-0.000001,-0.000004,-0.000000,0.000008,0.000027,-0.000003,-0.000014,-0.000015,-0.000003,-0.000000,-0.000014,-0.000007,0.000018,-0.000009,-0.000004,-0.000006,-0.000013,-0.000018,-0.000005,-0.000011,-0.000012,-0.000000,-0.000016,-0.000023,-0.000010,-0.000010,0.000006,-0.000002,-0.000021,-0.000004,-0.000004,0.000016,0.000013,0.000005,-0.000011,-0.000004,0.000005,0.000006,0.000008,-0.000023,0.000001,-0.000015,-0.000004,0.000014,0.000009,0.000002,-0.000013,-0.000001,0.000019,0.000008,-0.000000,0.000000,0.000000,0.000000,0.000000,0.000000,0.000000,0.000000,0.000000,0.000000,0.000000,0.000000,0.000000,0.000000,0.000000,0.000000,0.000000,0.000000,0.000000,0.000000,0.000000,0.000000
0.000000,0.000000,0.000000,0.000000,0.000000,0.000000,0.000000,0.000000,0.000000,0.000000,0.000000,0.000000,0.000000,0.000000,0.000000,0.000000,0.000000,0.000000,0.000000,0.000000,0.000014,-0.000002,0.000008,-0.000013,-0.000004,-0.000008,-0.000001,-0.000010,-0.000003,-0.000001,0.000000,-0.000010,0.000013,-0.000002,-0.000016,0.000013,-0.000009,0.000011,-0.000004,0.000010,-0.000002,0.000010,-0.000006,0.000007,-0.000001,0.000006,0.000012,0.000012,0.000021,0.000004,0.000007,0.000020,0.000008,0.000015,0.000022,0.000004,-0.000001,-0.000004,0.000010,0.000017,0.000020,0.000006,-0.000016,-0.000008,-0.000011,-0.000006,0.000006,0.000024,-0.000015,0.000010,0.000011,0.000025,0.000005,0.000008,0.000002,-0.000005,-0.000006,0.000012,-0.000002,-0.000007,-0.000006,0.000001,-0.000006,0.000000,0.000000,0.000000,0.000000,0.000000,0.000000,0.000000,0.000000,0.000000,0.000000,0.000000,0.000000,0.000000,0.000000,0.000000,0.000000,0.000000,0.000000,0.000000,0.000000
0.000000,0.000000,0.000000,0.000000,0.000000,0.000000,0.000000,0.000000,0.000000,0.000000,0.000000,0.000000,0.000000,0.000000,0.000000,0.000000,0.000000,0.000000,0.000000,-0.000004,-0.000010,-0.000014,-0.000011,0.000002,-0.000011,0.000012,-0.000007,-0.000005,-0.000003,0.000007,0.000004,-0.000015,0.000003,0.000004,0.000010,-0.000022,-0.000015,0.000011,-0.000002,0.000005,0.000006,0.000007,0.000000,-0.000011,-0.000006,-0.000012,-0.000009,-0.000000,-0.000021,-0.000018,0.000006,0.000000,-0.000009,-0.000042,0.000019,-0.000015,0.000008,-0.000013,0.000004,-0.000014,-0.000002,0.000001,-0.000012,0.000000,0.000027,0.000012,-0.000003,-0.000013,-0.000010,0.000016,-0.000000,-0.000014,-0.000001,-0.000019,-0.000002,-0.000006,-0.000005,-0.000009,0.000009,0.000005,-0.000013,0.000006,0.000014,0.000010,0.000000,0.000000,0.000000,0.000000,0.000000,0.000000,0.000000,0.000000,0.000000,0.000000,0.000000,0.000000,0.000000,0.000000,0.000000,0.000000,0.000000,0.000000,0.000000
0.000000,0.000000,0.000000,0.000000,0.000000,0.000000,0.000000,0.000000,0.000000,0.000000,0.000000,0.000000,0.000000,0.000000,0.000000,0.000000,0.000000,0.000000,0.000008,-0.000007,0.000008,0.000012,0.000021,0.000010,-0.000001,0.000017,0.000005,0.000017,0.000005,-0.000002,0.000008,-0.000024,0.000014,0.000007,0.000004,0.000019,0.000009,0.000002,-0.000012,0.000004,-0.000019,-0.000000,0.000002,-0.000009,0.000009,-0.000004,0.000012,0.000010,0.000009,0.000000,0.000016,0.000015,0.000009,0.000001,0.000019,-0.000008,0.000020,-0.000001,-0.000006,0.000004,-0.000025,0.000019,-0.000000,0.000003,-0.000011,-0.000022,-0.000016,0.000006,0.000006,-0.000005,0.000004,-0.000004,0.000008,-0.000005,0.000006,0.000008,0.000003,-0.000013,0.000012,-0.000023,0.000007,0.000014,-0.000018,-0.000006,-0.000013,0.000000,0.000000,0.000000,0.000000,0.000000,0.000000,0.000000,0.000000,0.000000,0.000000,0.000000,0.000000,0.000000,0.000000,0.000000,0.000000,0.000000,0.000000
0.000000,0.000000,0.000000,0.000000,0.000000,0.000000,0.000000,0.000000,0.000000,0.000000,0.000000,0.000000,0.000000,0.000000,0.000000,0.000000,0.000000,-0.000003,-0.000001,0.000005,-0.000015,-0.000006,0.000001,-0.000021,-0.000018,-0.000002,-0.000010,-0.000010,-0.000008,-0.000011,0.000017,0.000001,0.000004,-0.000009,-0.000007,0.000000,-0.000023,-0.000002,0.000014,0.000017,-0.000006,0.000000,0.000004,-0.000006,0.000009,-0.000014,-0.000010,-0.000008,-0.000004,-0.000012,-0.000027,-0.000042,0.000009,0.000018,-0.000005,-0.000021,-0.000012,-0.000009,0.000005,0.000014,-0.000018,0.000004,-0.000005,0.000011,-0.000003,0.000012,0.000006,0.000023,0.000000,0.000003,-0.000007,-0.000010,0.000015,-0.000003,0.000007,-0.000002,-0.000000,-0.000010,0.000012,0.000011,0.000002,-0.000024,0.000002,0.000010,0.000013,0.000009,0.000000,0.000000,0.000000,0.000000,0.000000,0.000000,0.000000,0.000000,0.000000,0.000000,0.000000,0.000000,0.000000,0.000000,0.000000,0.000000,0.000000
0.000000,0.000000,0.000000,0.000000,0.000000,0.000000,0.000000,0.000000,0.000000,0.000000,0.000000,0.000000,0.000000,0.000000,0.000000,0.000000,-0.000017,0.000013,0.000005,0.000007,-0.000010,0.000002,0.000024,0.000004,0.000004,0.000018,-0.000006,0.000024,-0.000002,-0.000004,0.000007,0.000012,0.000000,-0.000003,-0.000014,-0.000005,0.000017,-0.000008,-0.000006,-0.000015,-0.000005,0.000003,0.000015,-0.000008,0.000007,0.000014,0.000017,0.000012,0.000001,0.000014,0.000014,0.000005,0.000007,-0.000023,0.000009,0.000006,0.000014,-0.000006,0.000006,0.000007,-0.000008,0.000001,0.000001,0.000003,0.000004,0.000006,-0.000009,-0.000023,-0.000024,0.000002,-0.000002,0.000019,0.000010,-0.000022,-0.000011,-0.000004,0.000003,0.000010,-0.000018,0.000003,0.000003,0.000001,0.000000,-0.000003,0.000000,-0.000017,-0.000003,0.000000,0.000000,0.000000,0.000000,0.000000,0.000000,0.000000,0.000000,0.000000,0.000000,0.000000,0.000000,0.000000,0.000000,0.000000,0.000000
0.000000,0.000000,0.000000,0.000000,0.000000,0.000000,0.000000,0.000000,0.000000,0.000000,0.000000,0.000000,0.000000,0.000000,0.000000,-0.000003,0.000013,-0.000003,0.000001,0.000001,0.000004,-0.000022,0.000002,-0.000003,0.000011,-0.000017,-0.000016,0.000010,-0.000005,0.000011,-0.000002,-0.000010,-0.000000,-0.000005,0.000016,0.000014,0.000004,-0.000005,-0.000002,0.000004,0.000003,0.000003,-0.000018,-0.000000,-0.000021,0.000010,-0.000011,-0.000016,-0.000016,0.000008,0.000009,0.000005,0.000015,-0.000018,0.000001,-0.000002,0.000017,0.000006,-0.000010,-0.000011,-0.000009,0.000032,-0.000008,-0.000013,-0.000002,-0.000003,-0.000001,0.000021,0.000013,0.000002,-0.000012,-0.000008,-0.000009,-0.000004,0.000014,-0.000000,0.000006,0.000008,-0.000009,-0.000007,0.000003,-0.000010,0.000009,0.000010,0.000019,0.000004,0.000007,-0.000002,0.000000,0.000000,0.000000,0.000000,0.000000,0.000000,0.000000,0.000000,0.000000,0.000000,0.000000,0.000000,0.000000,0.000000,0.000000
0.000000,0.000000,0.000000,0.000000,0.000000,0.000000,0.000000,0.000000,0.000000,0.000000,0.000000,0.000000,0.000000,0.000000,0.000008,-0.000001,0.000005,0.000001,-0.000004,-0.000021,0.000010,0.000018,0.000003,-0.000009,0.000010,0.000005,0.000009,-0.000003,-0.000008,0.000007,-0.000002,0.000011,0.000013,0.000002,-0.000021,-0.000015,0.000017,-0.000009,0.000003,0.000011,-0.000006,0.000008,-0.000001,0.000025,-0.000022,0.000004,-0.000009,0.000016,0.000011,-0.000001,-0.000016,-0.000015,-0.000004,-0.000003,0.000030,-0.000014,-0.000014,-0.000008,-0.000017,0.000002,0.000003,-0.000009,0.000005,0.000024,-0.000008,0.000018,0.000005,-0.000001,0.000012,-0.000011,-0.000001,0.000014,0.000009,-0.000006,0.000005,-0.000002,-0.000013,-0.000004,0.000018,0.000006,0.000006,-0.000006,0.000012,-0.000022,-0.000021,0.000003,0.000006,0.000002,0.000000,0.000000,0.000000,0.000000,0.000000,0.000000,0.000000,0.000000,0.000000,0.000000,0.000000,0.000000,0.000000,0.000000,0.000000
0.000000,0.000000,0.000000,0.000000,0.000000,0.000000,0.000000,0.000000,0.000000,0.000000,0.000000,0.000000,0.000000,-0.000004,-0.000007,0.000005,0.000007,0.000001,-0.000021,0.000008,0.000003,0.000002,-0.000007,-0.000006,-0.000003,-0.000016,-0.000008,0.000007,-0.000015,-0.000001,0.000002,-0.000019,-0.000002,0.000006,0.000007,-0.000012,0.000009,-0.000002,0.000004,-0.000016,0.000008,0.000007,-0.000016,0.000018,0.000004,0.000011,-0.000009,0.000001,0.000020,0.000000,0.000003,0.000002,0.000004,-0.000011,-0.000015,0.000002,0.000010,0.000008,0.000030,0.000011,-0.000003,-0.000002,0.000005,-0.000017,-0.000011,0.000002,-0.000022,-0.000019,-0.000007,-0.000006,-0.000002,0.000009,-0.000016,-0.000004,-0.000004,-0.000001,0.000019,0.000020,0.000000,-0.000013,-0.000011,0.000006,-0.000005,-0.000005,0.000011,-0.000000,-0.000025,-0.000006,0.000009,0.000001,0.000000,0.000000,0.000000,0.000000,0.000000,0.000000,0.000000,0.000000,0.000000,0.000000,0.000000,0.000000,0.000000
0.000000,0.000000,0.000000,0.000000,0.000000,0.000000,0.000000,0.000000,0.000000,0.000000,0.000000,0.000000,0.000014,-0.000010,0.000008,-0.000015,-0.000010,0.000004,0.000010,0.000003,-0.000005,-0.000007,0.000006,0.000005,0.000003,0.000026,0.000004,0.000003,0.000005,-0.000000,-0.000004,0.000018,-0.000015,0.000000,0.000002,0.000001,0.000011,-0.000013,0.000002,0.000005,-0.000005,-0.000011,-0.000007,-0.000003,-0.000015,0.000008,-0.000008,0.000018,-0.000006,-0.000020,0.000002,0.000001,0.000020,0.000000,-0.000003,0.000010,0.000008,-0.000018,-0.000018,-0.000011,-0.000011,0.000002,0.000009,-0.000004,-0.000002,0.000008,0.000007,0.000017,0.000009,0.000008,0.000004,-0.000004,0.000009,0.000017,0.000003,-0.000010,0.000008,-0.000018,-0.000009,-0.000011,0.000008,-0.000007,-0.000013,0.000009,0.000009,0.000014,-0.000000,-0.000006,-0.000013,-0.000015,0.000012,0.000000,0.000000,0.000000,0.000000,0.000000,0.000000,0.000000,0.000000,0.000000,0.000000,0.000000,0.000000
0.000000,0.000000,0.000000,0.000000,0.000000,0.000000,0.000000,0.000000,0.000000,0.000000,0.000000,-0.000003,-0.000002,-0.000014,0.000012,-0.000006,0.000002,-0.000022,0.000018,0.000002,-0.000007,-0.000006,0.000007,0.000002,-0.000007,0.000004,-0.000023,-0.000004,-0.000005,-0.000016,-0.000004,0.000017,-0.000004,0.000003,-0.000003,0.000001,-0.000005,0.000004,0.000009,-0.000012,0.000004,0.000035,-0.000004,-0.000002,0.000002,0.000004,0.000005,0.000017,-0.000004,-0.000004,0.000003,-0.000021,0.000006,-0.000002,-0.000005,-0.000010,0.000006,0.000008,0.000000,0.000008,0.000007,-0.000010,0.000005,-0.000008,-0.000004,0.000012,-0.000003,-0.000002,0.000000,-0.000006,-0.000012,-0.000017,-0.000014,-0.000011,-0.000010,0.000006,0.000014,-0.000016,0.000012,0.000018,0.000018,0.000004,0.000007,-0.000007,-0.000004,-0.000001,-0.000017,0.000019,0.000016,-0.000007,0.000010,-0.000006,0.000000,0.000000,0.000000,0.000000,0.000000,0.000000,0.000000,0.000000,0.000000,0.000000,0.000000
0.000000,0.000000,0.000000,0.000000,0.000000,0.000000,0.000000,0.000000,0.000000,0.000000,0.000000,0.000001,0.000008,-0.000011,0.000021,0.000001,0.000024,0.000002,0.000003,-0.000007,0.000006,0.000007,-0.000000,-0.000008,-0.000023,0.000011,-0.000018,0.000018,0.000033,0.000009,-0.000009,-0.000003,0.000022,-0.000017,0.000020,-0.000018,0.000006,-0.000002,0.000005,0.000014,-0.000028,-0.000007,-0.000004,0.000000,0.000003,-0.000017,-0.000008,-0.000009,0.000003,-0.000009,0.000025,-0.000018,-0.000011,-0.000008,0.000011,-0.000005,-0.000006,0.000005,0.000009,-0.000004,0.000004,-0.000000,0.000001,0.000005,0.000002,-0.000015,0.000012,-0.000015,0.000007,0.000020,0.000003,0.000022,0.000011,0.000015,-0.000005,0.000015,-0.000007,-0.000002,0.000002,-0.000008,-0.000012,-0.000006,-0.000001,0.000004,0.000011,-0.000004,-0.000006,-0.000001,0.000012,-0.000002,-0.000001,-0.000003,0.000000,0.000000,0.000000,0.000000,0.000000,0.000000,0.000000,0.000000,0.000000,0.000000,0.000000
0.000000,0.000000,0.000000,0.000000,0.000000,0.000000,0.000000,0.000000,0.000000,0.000000,-0.000009,0.000012,-0.000013,0.000002,0.000010,-0.000021,0.000004,-0.000003,-0.000009,-0.000006,0.000005,0.000002,-0.000008,0.000038,-0.000007,0.000031,-0.000005,-0.000003,-0.000004,-0.000008,-0.000008,-0.000017,-0.000010,-0.000018,0.000007,0.000012,-0.000006,-0.000004,-0.000007,0.000007,0.000017,0.000013,0.000004,-0.000002,-0.000002,0.000016,-0.000007,-0.000001,-0.000001,0.000003,0.000002,0.000017,0.000014,0.000007,0.000007,0.000013,-0.000007,0.000000,-0.000002,-0.000014,0.000032,-0.000023,0.000008,-0.000000,-0.000012,0.000018,-0.000013,0.000004,-0.000012,-0.000016,-0.000011,0.000005,-0.000006,-0.000019,-0.000009,-0.000013,-0.000007,-0.000006,0.000007,-0.000018,0.000003,-0.000000,-0.000000,-0.000008,-0.000013,0.000005,0.000004,-0.000004,0.000002,-0.000021,0.000010,-0.000024,0.000018,0.000000,0.000000,0.000000,0.000000,0.000000,0.000000,0.000000,0.000000,0.000000,0.000000
0.000000,0.000000,0.000000,0.000000,0.000000,0.000000,0.000000,0.000000,0.000000,0.000013,-0.000011,0.000004,-0.000004,-0.000011,-0.000001,-0.000018,0.000004,0.000011,0.000010,-0.000003,0.000003,-0.000007,-0.000023,-0.000007,-0.000022,-0.000006,-0.000003,-0.000008,0.000006,0.000006,0.000020,0.000007,0.000026,-0.000012,0.000010,-0.000001,-0.000007,0.000003,-0.000001,0.000006,-0.000003,-0.000015,-0.000001,-0.000006,0.000005,0.000024,-0.000002,0.000011,0.000005,-0.000017,-0.000019,-0.000008,-0.000009,-0.000001,-0.000024,-0.000013,0.000007,-0.000004,0.000004,-0.000013,0.000003,-0.000012,0.000007,0.000005,-0.000007,-0.000006,0.000001,0.000019,-0.000006,0.000010,-0.000010,0.000011,0.000003,-0.000010,0.000029,0.000003,0.000011,0.000006,0.000008,-0.000001,0.000010,0.000022,0.000009,0.000019,0.000004,-0.000006,0.000000,0.000001,-0.000012,0.000013,0.000010,-0.000004,0.000011,-0.000005,0.000000,0.000000,0.000000,0.000000,0.000000,0.000000,0.000000,0.000000,0.000000
0.000000,0.000000,0.000000,0.000000,0.000000,0.000000,0.000000,0.000000,0.000000,-0.000010,-0.000002,0.000009,-0.000008,0.000012,0.000017,-0.000002,0.000018,-0.000017,0.000005,-0.000016,0.000026,0.000004,0.000011,0.000031,-0.000006,0.000017,0.000003,0.000006,-0.000003,-0.000026,-0.000007,-0.000034,-0.000013,-0.000003,0.000011,0.000004,0.000005,0.000000,-0.000001,-0.000018,0.000000,-0.000006,-0.000004,-0.000007,-0.000021,-0.000020,-0.000026,-0.000010,0.000019,0.000021,0.000025,-0.000001,0.000007,0.000006,0.000007,0.000013,0.000003,0.000003,0.000002,0.000010,0.000000,0.000001,0.000009,0.000007,0.000010,-0.000001,-0.000012,0.000006,0.000000,0.000010,0.000004,-0.000002,-0.000008,0.000019,-0.000014,0.000000,-0.000011,-0.000021,0.000014,-0.000014,-0.000023,0.000002,-0.000026,-0.000012,0.000019,-0.000013,0.000012,0.000012,0.000003,0.000002,-0.000017,-0.000004,0.000006,0.000008,0.000000,0.000000,0.000000,0.000000,0.000000,0.000000,0.000000,0.000000,0.000000
0.000000,0.000000,0.000000,0.000000,0.000000,0.000000,0.000000,0.000000,0.000005,0.000009,-0.000011,0.000009,-0.000001,-0.000007,0.000005,-0.000010,-0.000006,-0.000016,0.000009,-0.000008,0.000004,-0.000023,-0.000018,-0.000005,-0.000003,0.000003,-0.000047,0.000005,0.000008,-0.000002,0.000031,0.000024,0.000021,0.000022,-0.000021,-0.000004,-0.000004,-0.000007,0.000010,0.000006,-0.000001,0.000006,0.000007,0.000022,0.000034,0.000031,0.000018,0.000005,-0.000013,-0.000023,-0.000010,0.000003,-0.000021,0.000019,-0.000009,-0.000002,-0.000006,-0.000008,-0.000005,-0.000005,-0.000000,0.000003,-0.000017,-0.000011,0.000004,-0.000001,-0.000014,0.000021,-0.000024,0.000002,-0.000009,-0.000009,0.000006,-0.000006,-0.000005,-0.000007,0.000026,0.000013,0.000017,0.000023,0.000016,-0.000000,0.000001,0.000000,-0.000004,-0.000007,-0.000004,-0.000004,-0.000003,0.000009,-0.000013,0.000011,0.000002,-0.000015,-0.000003,0.000000,0.000000,0.000000,0.000000,0.000000,0.000000,0.000000,0.000000
0.000000,0.000000,0.000000,0.000000,0.000000,0.000000,0.000000,0.000000,-0.000012,0.000000,-0.000001,0.000006,-0.000010,-0.000005,0.000017,-0.000010,0.000024,0.000010,-0.000003,0.000007,0.000003,-0.000004,0.000018,-0.000003,-0.000008,0.000006,0.000005,0.000026,0.000014,0.000003,-0.000008,-0.000031,-0.000055,-0.000004,-0.000009,-0.000001,0.000008,-0.000006,-0.000003,0.000004,-0.000014,-0.000009,-0.000021,-0.000036,-0.000039,-0.000019,-0.000003,0.000010,0.000022,-0.000019,0.000009,0.000014,-0.000014,0.000012,-0.000013,0.000003,0.000017,-0.000001,0.000018,-0.000007,0.000007,0.000003,0.000008,-0.000004,0.000004,0.000004,0.000011,0.000019,-0.000027,0.000013,-0.000002,0.000004,0.000021,0.000008,0.000010,-0.000001,0.000014,-0.000026,-0.000021,-0.000012,-0.000009,0.000003,0.000005,-0.000009,0.000005,0.000027,-0.000012,-0.000013,0.000004,0.000008,-0.000005,0.000009,-0.000004,-0.000007,0.000005,0.000000,0.000000,0.000000,0.000000,0.000000,0.000000,0.000000,0.000000
0.000000,0.000000,0.000000,0.000000,0.000000,0.000000,0.000000,-0.000007,0.000014,0.000010,0.000006,-0.000011,-0.000003,-0.000003,0.000005,-0.000008,-0.000002,-0.000005,-0.000008,-0.000015,0.000005,-0.000005,0.000033,-0.000004,0.000006,-0.000003,0.000008,0.000014,-0.000074,-0.000011,-0.000005,0.000019,0.000037,0.000041,0.000008,0.000014,0.000003,-0.000004,0.000009,-0.000003,0.000002,0.000032,0.000029,0.000052,0.000036,-0.000006,-0.000023,-0.000045,0.000016,0.000017,0.000001,-0.000005,0.000001,-0.000004,-0.000000,-0.000000,-0.000005,0.000004,0.000007,-0.000026,-0.000008,-0.000022,0.000011,0.000010,-0.000007,0.000003,-0.000016,0.000007,0.000002,0.000015,-0.000019,0.000008,-0.000010,-0.000016,-0.000013,-0.000004,-0.000005,0.000002,0.000003,0.000022,0.000003,-0.000004,-0.000006,-0.000009,0.000003,-0.000010,0.000001,0.000005,0.000010,-0.000007,0.000002,-0.000005,-0.000001,0.000007,0.000008,-0.000003,0.000000,0.000000,0.000000,0.000000,0.000000,0.000000,0.000000
0.000000,0.000000,0.000000,0.000000,0.000000,0.000000,0.000000,0.000008,-0.000014,-0.000020,0.000002,-0.000007,-0.000001,0.000007,-0.000002,-0.000011,-0.000004,0.000011,0.000007,-0.000001,-0.000000,-0.000016,0.000009,-0.000008,0.000006,-0.000026,-0.000002,0.000003,-0.000011,0.000070,0.000022,0.000000,0.000005,-0.000039,-0.000057,-0.000027,0.000017,-0.000001,-0.000001,-0.000004,-0.000008,-0.000039,-0.000050,-0.000030,-0.000008,0.000027,0.000052,0.000001,-0.000020,0.000012,-0.000021,0.000007,0.000001,0.000004,0.000001,0.000004,0.000000,-0.000010,-0.000001,0.000007,0.000029,-0.000003,-0.000003,0.000007,-0.000017,0.000004,0.000004,-0.000000,-0.000015,0.000020,-0.000017,0.000017,0.000004,-0.000010,0.000018,0.000010,-0.000013,0.000005,-0.000000,-0.000014,0.000001,0.000014,0.000010,-0.000014,0.000012,-0.000004,0.000006,0.000007,0.000002,-0.000016,-0.000007,-0.000004,0.000015,0.000003,-0.000010,-0.000013,0.000000,0.000000,0.000000,0.000000,0.000000,0.000000,0.000000
0.000000,0.000000,0.000000,0.000000,0.000000,0.000000,0.000006,0.000001,0.000002,0.000005,-0.000001,0.000016,0.000000,0.000004,0.000008,0.000017,0.000007,-0.000002,-0.000002,0.000002,-0.000004,-0.000004,-0.000009,-0.000008,0.000020,-0.000007,0.000031,-0.000008,-0.000005,0.000022,-0.000095,-0.000045,-0.000002,0.000014,0.000059,0.000053,-0.000001,-0.000015,0.000006,-0.000018,0.000051,0.000056,0.000012,0.000020,-0.000015,-0.000083,0.000007,0.000001,-0.000016,0.000039,-0.000018,0.000018,0.000000,0.000000,-0.000022,-0.000017,-0.000005,0.000012,-0.000012,0.000009,-0.000007,-0.000012,0.000006,-0.000003,0.000012,0.000002,0.000008,-0.000005,-0.000011,0.000009,-0.000025,0.000007,-0.000003,-0.000008,0.000009,-0.000005,-0.000002,-0.000011,0.000006,-0.000010,0.000006,-0.000016,0.000003,-0.000019,0.000007,-0.000009,-0.000003,0.000011,-0.000000,-0.000004,0.000019,0.000001,-0.000026,0.000010,0.000012,-0.000011,0.000008,0.000000,0.000000,0.000000,0.000000,0.000000,0.000000
0.000000,0.000000,0.000000,0.000000,0.000000,0.000000,0.000006,-0.000008,0.000004,0.000005,-0.000002,-0.000001,-0.000010,-0.000015,-0.000024,0.000001,0.000012,-0.000010,0.000011,-0.000019,0.000018,0.000017,-0.000003,-0.000017,0.000007,-0.000034,0.000024,-0.000031,0.000019,0.000000,-0.000045,0.000142,0.000046,-0.000009,-0.000016,-0.000049,-0.000041,-0.000003,0.000029,-0.000029,-0.000072,-0.000028,-0.000002,0.000032,0.000103,-0.000018,-0.000004,0.000013,-0.000011,0.000004,-0.000016,-0.000004,-0.000007,-0.000007,0.000024,0.000011,0.000006,0.000008,-0.000017,-0.000004,-0.000002,-0.000003,0.000019,0.000006,0.000001,-0.000024,0.000018,-0.000001,-0.000007,0.000023,-0.000000,0.000004,-0.000000,-0.000000,-0.000013,0.000018,-0.000012,0.000004,0.000025,-0.000003,0.000010,-0.000023,0.000015,0.000008,0.000009,-0.000023,0.000010,-0.000006,-0.000005,0.000006,-0.000008,0.000001,0.000026,-0.000023,-0.000011,0.000005,0.000005,0.000000,0.000000,0.000000,0.000000,0.000000,0.000000
0.000000,0.000000,0.000000,0.000000,0.000000,-0.000003,0.000007,-0.000000,-0.000004,0.000012,-0.000020,-0.000004,0.000013,0.000003,0.000014,0.000004,0.000000,-0.000000,0.000013,-0.000002,-0.000015,-0.000004,0.000022,-0.000010,0.000026,-0.000013,0.000021,-0.000055,0.000037,0.000005,-0.000002,0.000046,-0.000156,-0.000074,0.000022,0.000001,0.000016,0.000056,0.000037,0.000021,0.000033,0.000023,-0.000059,-0.000144,0.000002,0.000014,-0.000026,0.000023,-0.000013,0.000017,-0.000009,0.000009,-0.000004,-0.000012,0.000022,-0.000028,0.000013,-0.000008,0.000012,0.000002,0.000010,0.000006,-0.000019,0.000008,0.000006,-0.000002,-0.000014,0.000003,-0.000004,-0.000006,-0.000017,0.000003,0.000005,0.000005,-0.000003,-0.000005,-0.000010,0.000005,-0.000002,-0.000033,0.000017,-0.000014,0.000019,-0.000004,0.000004,-0.000000,0.000016,0.000003,-0.000014,0.000011,-0.000022,-0.000011,0.000024,-0.000005,0.000007,0.000008,-0.000008,-0.000011,0.000000,0.000000,0.000000,0.000000,0.000000
0.000000,0.000000,0.000000,0.000000,0.000000,0.000001,0.000004,0.000003,-0.000022,0.000002,-0.000001,-0.000000,-0.000002,0.000004,0.000007,-0.000009,-0.000003,-0.000005,0.000002,0.000006,0.000000,0.000003,-0.000017,-0.000018,-0.000012,-0.000003,0.000022,-0.000004,0.000041,-0.000039,0.000014,-0.000009,-0.000074,0.000252,0.000065,-0.000011,0.000179,-0.000093,-0.000081,0.000122,0.000009,0.000041,0.000216,-0.000015,-0.000004,0.000028,-0.000028,0.000030,-0.000024,0.000012,-0.000001,0.000017,-0.000002,-0.000005,-0.000001,-0.000005,-0.000002,0.000001,0.000010,-0.000007,-0.000016,0.000005,0.000002,-0.000000,-0.000005,0.000009,0.000004,-0.000013,0.000012,0.000015,-0.000004,0.000003,-0.000022,0.000022,-0.000008,0.000019,0.000013,0.000014,-0.000003,-0.000006,0.000025,0.000005,-0.000004,-0.000011,-0.000011,-0.000003,0.000002,0.000004,0.000013,0.000019,0.000005,-0.000005,0.000007,-0.000002,-0.000001,0.000010,-0.000003,0.000012,0.000000,0.000000,0.000000,0.000000,0.000000
0.000000,0.000000,0.000000,0.000000,-0.000007,0.000006,-0.000008,-0.000017,0.000027,0.000008,-0.000002,0.000008,-0.000016,0.000010,0.000004,-0.000007,-0.000014,0.000016,-0.000021,0.000007,0.000002,-0.000003,0.000020,0.000007,0.000010,0.000011,-0.000021,-0.000009,0.000008,-0.000057,0.000059,-0.000016,0.000022,0.000065,-0.000256,-0.000234,-0.000263,-0.000324,-0.000305,-0.000246,-0.000166,-0.000266,0.000027,0.000054,-0.000062,0.000034,-0.000022,0.000008,-0.000003,-0.000023,0.000001,-0.000000,-0.000001,0.000007,-0.000007,0.000013,0.000010,0.000001,-0.000003,0.000004,-0.000008,0.000018,-0.000003,-0.000005,0.000005,0.000000,0.000008,-0.000008,-0.000004,-0.000011,0.000007,0.000016,-0.000032,0.000008,-0.000025,0.000009,-0.000026,-0.000009,0.000000,-0.000005,-0.000001,-0.000008,-0.000000,0.000010,0.000017,0.000008,-0.000020,-0.000001,-0.000020,-0.000019,0.000009,-0.000004,-0.000005,-0.000016,0.000025,-0.000008,-0.000011,0.000011,-0.000002,0.000000,0.000000,0.000000,0.000000
0.000000,0.000000,0.000000,0.000000,-0.000006,0.000003,-0.000009,0.000004,0.000010,0.000000,-0.000024,0.000027,0.000013,-0.000022,0.000019,0.000000,-0.000005,0.000014,-0.000015,-0.000012,0.000001,0.000001,-0.000018,0.000012,-0.000001,0.000004,-0.000004,-0.000001,0.000014,-0.000027,0.000053,-0.000049,0.000001,-0.000011,-0.000234,0.000477,0.001217,0.001371,0.001376,0.001274,0.000555,-0.000148,-0.000056,0.000017,-0.000045,0.000045,-0.000006,0.000000,0.000023,-0.000001,0.000012,-0.000013,0.000003,0.000006,-0.000008,-0.000004,-0.000002,-0.000024,0.000003,0.000019,-0.000022,-0.000009,-0.000014,0.000008,-0.000009,0.000011,0.000011,0.000003,0.000011,-0.000025,0.000006,0.000024,-0.000016,0.000024,0.000001,-0.000003,0.000021,0.000008,0.000007,-0.000004,-0.000003,0.000014,0.000002,-0.000010,-0.000003,-0.000014,0.000004,0.000010,0.000010,0.000012,0.000000,-0.000009,0.000001,0.000009,0.000006,-0.000009,-0.000001,0.000003,-0.000007,0.000000,0.000000,0.000000,0.000000
0.000000,0.000000,0.000000,0.000000,-0.000001,0.000024,-0.000015,-0.000002,0.000007,0.000000,-0.000013,-0.000003,-0.000009,-0.000015,0.000009,-0.000023,0.000017,0.000004,0.000017,0.000009,0.000011,-0.000005,0.000006,-0.000006,-0.000007,0.000005,-0.000004,0.000008,0.000003,0.000017,-0.000001,-0.000041,0.000016,0.000179,-0.000263,0.001217,0.003335,0.003328,0.003326,0.003334,0.001435,-0.000110,0.000105,0.000014,-0.000012,-0.000014,0.000016,-0.000012,-0.000010,-0.000015,0.000006,-0.000012,-0.000007,0.000010,0.000002,-0.000008,0.000005,-0.000007,-0.000005,-0.000003,0.000015,0.000002,-0.000012,0.000005,-0.000005,0.000004,-0.000014,-0.000014,0.000026,-0.000008,-0.000004,0.000001,-0.000018,0.000005,0.000003,-0.000010,-0.000006,-0.000012,-0.000011,-0.000014,0.000002,0.000001,0.000001,-0.000005,0.000026,-0.000009,-0.000013,0.000005,-0.000004,-0.000018,0.000016,0.000005,-0.000006,0.000002,-0.000023,0.000000,-0.000000,0.000005,0.000011,0.000000,0.000000,0.000000,0.000000
0.000000,0.000000,0.000000,0.000003,-0.000003,-0.000000,-0.000007,0.000017,0.000008,0.000000,0.000007,-0.000014,0.000011,0.000011,0.000002,-0.000002,-0.000008,-0.000005,-0.000009,-0.000002,-0.000013,0.000004,-0.000002,-0.000004,0.000003,0.000000,-0.000007,-0.000006,-0.000004,-0.000001,-0.000015,-0.000003,0.000056,-0.000093,-0.000324,0.001371,0.003328,0.003333,0.003333,0.003334,0.001601,-0.000121,-0.000158,0.000026,0.000031,-0.000017,0.000027,-0.000016,0.000003,0.000001,0.000010,-0.000003,0.000005,0.000013,0.000006,0.000001,0.000035,0.000015,0.000003,0.000007,-0.000015,0.000012,0.000003,0.000016,0.000001,0.000006,0.000007,-0.000012,0.000001,0.000003,0.000008,-0.000001,0.000000,0.000002,-0.000005,-0.000005,0.000012,0.000012,0.000007,0.000001,0.000000,-0.000017,0.000012,-0.000011,-0.000010,0.000010,-0.000000,0.000002,-0.000005,-0.000005,-0.000001,-0.000009,0.000012,-0.000010,0.000019,0.000001,-0.000003,-0.000001,-0.000011,0.000006,0.000000,0.000000,0.000000
0.000000,0.000000,0.000000,0.000011,-0.000020,0.000002,-0.000004,0.000012,-0.000020,-0.000004,0.000003,-0.000015,-0.000004,-0.000002,-0.000012,0.000014,-0.000006,-0.000002,0.000003,0.000004,0.000002,0.000009,0.000005,-0.000007,-0.000001,-0.000001,0.000010,-0.000003,0.000009,-0.000001,0.000006,0.000029,0.000037,-0.000081,-0.000305,0.001376,0.003326,0.003333,0.003333,0.003334,0.001619,-0.000122,-0.000139,0.000062,0.000032,-0.000026,-0.000007,-0.000014,0.000023,-0.000009,-0.000002,-0.000001,0.000015,-0.000023,0.000009,-0.000021,-0.000019,-0.000017,0.000011,-0.000006,-0.000004,0.000002,-0.000024,-0.000004,-0.000016,-0.000006,0.000007,-0.000010,-0.000014,0.000000,-0.000010,-0.000014,0.000004,0.000026,-0.000012,0.000004,-0.000002,-0.000006,0.000005,-0.000011,0.000013,0.000011,0.000001,0.000009,0.000006,0.000004,-0.000004,-0.000011,0.000000,0.000004,-0.000004,-0.000004,0.000013,-0.000019,0.000011,0.000003,-0.000017,0.000005,-0.000006,0.000005,0.000000,0.000000,0.000000
0.000000,0.000000,0.000000,0.000001,-0.000010,0.000001,0.000003,0.000012,-0.000034,0.000015,0.000015,-0.000003,0.000010,0.000005,0.000004,0.000017,-0.000015,0.000004,0.000011,-0.000016,0.000005,-0.000012,0.000014,0.000007,0.000006,-0.000018,0.000006,0.000004,-0.000003,-0.000004,-0.000018,-0.000029,0.000021,0.000122,-0.000246,0.001274,0.003334,0.003334,0.003334,0.003330,0.001486,-0.000103,0.000065,0.000016,-0.000044,-0.000006,0.000011,0.000006,0.000011,-0.000010,-0.000001,-0.000011,0.000004,-0.000017,0.000012,0.000011,0.000003,-0.000002,-0.000000,0.000005,0.000011,0.000007,0.000011,-0.000002,0.000009,-0.000022,0.000012,0.000010,0.000003,0.000021,0.000009,0.000004,0.000001,0.000002,-0.000010,0.000016,-0.000010,0.000005,0.000005,0.000002,0.000016,0.000002,-0.000004,0.000022,-0.000031,0.000007,0.000019,-0.000018,0.000010,0.000008,-0.000014,0.000003,0.000015,-0.000007,-0.000001,0.000011,-0.000004,0.000021,-0.000004,-0.000009,0.000000,0.000000,0.000000
0.000000,0.000000,0.000000,0.000007,-0.000015,0.000015,0.000000,0.000006,0.000013,0.000001,0.000002,-0.000000,-0.000002,0.000006,-0.000019,-0.000006,-0.000005,0.000003,-0.000006,0.000008,-0.000005,0.000004,-0.000028,0.000017,-0.000003,0.000000,-0.000001,-0.000014,0.000002,-0.000008,0.000051,-0.000072,0.000033,0.000009,-0.000166,0.000555,0.001435,0.001601,0.001619,0.001486,0.000727,-0.000091,-0.000040,0.000040,-0.000054,0.000050,-0.000002,-0.000021,-0.000020,-0.000001,0.000009,0.000014,0.000001,-0.000001,0.000000,0.000010,-0.000016,-0.000003,0.000015,-0.000006,-0.000007,0.000003,0.000002,-0.000008,0.000010,0.000003,0.000004,-0.000019,0.000003,-0.000011,-0.000014,-0.000005,-0.000014,-0.000010,-0.000007,0.000017,-0.000006,-0.000002,-0.000005,-0.000018,-0.000014,0.000001,-0.000011,-0.000002,-0.000003,0.000004,-0.000004,0.000003,-0.000002,0.000014,0.000003,0.000010,-0.000010,-0.000009,0.000028,-0.000016,-0.000015,-0.000006,-0.000018,0.000009,0.000000,0.000000,0.000000
