0.000000,0.000000,0.000000,0.000000,0.000000,0.000000,0.000000,0.000000,0.000000,0.000000,0.000000,0.000000,0.000000,0.000000,0.000000,0.000000,0.000000,0.000000,0.000000,0.000000,0.000000,0.000000,0.000000,0.000000,0.000000,0.000000,0.000000,0.000000,0.000000,0.000000,0.000000,0.000000,0.000000,0.000000,0.000000,0.000000,0.000000,0.000000,0.000000,0.000000,0.000000,0.000000,0.000000,0.000000,0.000000,0.000000,0.000000,0.000000,0.000000,0.000000,0.000000,0.000000,0.000000,0.000000,0.000000,0.000000,0.000000,0.000000,0.000000,0.000000,0.000000,0.000000,0.000000,0.000000,0.000000,0.000000,0.000000,0.000000,0.000000,0.000000,0.000000,0.000000,0.000000,0.000000,0.000000,0.000000,0.000000,0.000000,0.000000,0.000000,0.000000,0.000000,0.000000,0.000000,0.000000,0.000000,0.000000,0.000000,0.000000,0.000000,0.000000,0.000000,0.000000,0.000000,0.000000,0.000000,0.000000,0.000000,0.000000,0.000000,0.000000,0.000000,0.000000
0.000000,0.000000,0.000000,0.000000,0.000000,0.000000,0.000000,0.000000,0.000000,0.000000,0.000000,0.000000,0.000000,0.000000,0.000000,0.000000,0.000000,0.000000,0.000000,0.000000,0.000000,0.000000,0.000000,0.000000,0.000000,0.000000,0.000000,0.000000,0.000000,0.000000,0.000000,0.000000,0.000000,0.000000,0.000000,0.000000,0.000000,0.000000,0.000000,0.000000,0.000000,0.000000,0.000000,0.000000,0.000000,0.000000,0.000000,0.000000,0.000000,0.000000,0.000000,-0.027265,0.000000,0.000000,0.000000,0.000000,0.000000,0.000000,0.000000,0.000000,0.000000,0.000000,0.000000,0.000000,0.000000,0.000000,0.000000,0.000000,0.000000,0.000000,0.000000,0.000000,0.000000,0.000000,0.000000,0.000000,0.000000,0.000000,0.000000,0.000000,0.000000,0.000000,0.000000,0.000000,0.000000,0.000000,0.000000,0.000000,0.000000,0.000000,0.000000,0.000000,0.000000,0.000000,0.000000,0.000000,0.000000,0.000000,0.000000,0.000000,0.000000,0.000000,0.000000
0.000000,0.000000,0.000000,0.000000,0.000000,0.000000,0.000000,0.000000,0.000000,0.000000,0.000000,0.000000,0.000000,0.000000,0.000000,0.000000,0.000000,0.000000,0.000000,0.000000,0.000000,0.000000,0.000000,0.000000,0.000000,0.000000,0.000000,0.000000,0.000000,0.000000,0.000000,0.000000,0.000000,0.000000,0.000000,0.000000,0.000000,0.000000,0.000000,0.000000,0.000000,0.000000,-0.030365,-0.027739,-0.027616,-0.028733,-0.027673,-0.027537,-0.027341,-0.025922,-0.025295,-0.026382,-0.028092,-0.028742,-0.028313,-0.026787,-0.026093,-0.027870,-0.029150,-0.026898,-0.027043,0.000000,0.000000,0.000000,0.000000,0.000000,0.000000,0.000000,0.000000,0.000000,0.000000,0.000000,0.000000,0.000000,0.000000,0.000000,0.000000,0.000000,0.000000,0.000000,0.000000,0.000000,0.000000,0.000000,0.000000,0.000000,0.000000,0.000000,0.000000,0.000000,0.000000,0.000000,0.000000,0.000000,0.000000,0.000000,0.000000,0.000000,0.000000,0.000000,0.000000,0.000000,0.000000
0.000000,0.000000,0.000000,0.000000,0.000000,0.000000,0.000000,0.000000,0.000000,0.000000,0.000000,0.000000,0.000000,0.000000,0.000000,0.000000,0.000000,0.000000,0.000000,0.000000,0.000000,0.000000,0.000000,0.000000,0.000000,0.000000,0.000000,0.000000,0.000000,0.000000,0.000000,0.000000,0.000000,0.000000,0.000000,0.000000,0.000000,-0.031068,-0.029932,-0.029462,-0.027856,-0.027109,-0.028947,-0.028402,-0.026797,-0.026064,-0.025589,-0.026509,-0.026594,-0.025747,-0.026602,-0.026904,-0.026307,-0.027942,-0.027160,-0.026565,-0.027694,-0.026663,-0.026857,-0.026953,-0.027258,-0.028295,-0.028876,-0.029300,-0.028944,-0.029628,0.000000,0.000000,0.000000,0.000000,0.000000,0.000000,0.000000,0.000000,0.000000,0.000000,0.000000,0.000000,0.000000,0.000000,0.000000,0.000000,0.000000,0.000000,0.000000,0.000000,0.000000,0.000000,0.000000,0.000000,0.000000,0.000000,0.000000,0.000000,0.000000,0.000000,0.000000,0.000000,0.000000,0.000000,0.000000,0.000000,0.000000
0.000000,0.000000,0.000000,0.000000,0.000000,0.000000,0.000000,0.000000,0.000000,0.000000,0.000000,0.000000,0.000000,0.000000,0.000000,0.000000,0.000000,0.000000,0.000000,0.000000,0.000000,0.000000,0.000000,0.000000,0.000000,0.000000,0.000000,0.000000,0.000000,0.000000,0.000000,0.000000,0.000000,0.000000,-0.027434,-0.028916,-0.028524,-0.028160,-0.028361,-0.027763,-0.026769,-0.026212,-0.027495,-0.027968,-0.026743,-0.026071,-0.026745,-0.026445,-0.026755,-0.027236,-0.025418,-0.024978,-0.026375,-0.027621,-0.027913,-0.027912,-0.027800,-0.027161,-0.027438,-0.027301,-0.026832,-0.027284,-0.026554,-0.025810,-0.025739,-0.026942,-0.028329,-0.027621,-0.029035,0.000000,0.000000,0.000000,0.000000,0.000000,0.000000,0.000000,0.000000,0.000000,0.000000,0.000000,0.000000,0.000000,0.000000,0.000000,0.000000,0.000000,0.000000,0.000000,0.000000,0.000000,0.000000,0.000000,0.000000,0.000000,0.000000,0.000000,0.000000,0.000000,0.000000,0.000000,0.000000,0.000000,0.000000
0.000000,0.000000,0.000000,0.000000,0.000000,0.000000,0.000000,0.000000,0.000000,0.000000,0.000000,0.000000,0.000000,0.000000,0.000000,0.000000,0.000000,0.000000,0.000000,0.000000,0.000000,0.000000,0.000000,0.000000,0.000000,0.000000,0.000000,0.000000,0.000000,0.000000,0.000000,0.000000,-0.030970,-0.027601,-0.027746,-0.026810,-0.026274,-0.027559,-0.026598,-0.027823,-0.028378,-0.027789,-0.027809,-0.027205,-0.028047,-0.028190,-0.029024,-0.029657,-0.029828,-0.029949,-0.028785,-0.028616,-0.029393,-0.029403,-0.029189,-0.028830,-0.028145,-0.029215,-0.029031,-0.028005,-0.028485,-0.028338,-0.029113,-0.027315,-0.025711,-0.027421,-0.026011,-0.025093,-0.026146,-0.027197,-0.030035,0.000000,0.000000,0.000000,0.000000,0.000000,0.000000,0.000000,0.000000,0.000000,0.000000,0.000000,0.000000,0.000000,0.000000,0.000000,0.000000,0.000000,0.000000,0.000000,0.000000,0.000000,0.000000,0.000000,0.000000,0.000000,0.000000,0.000000,0.000000,0.000000,0.000000,0.000000,0.000000
0.000000,0.000000,0.000000,0.000000,0.000000,0.000000,0.000000,0.000000,0.000000,0.000000,0.000000,0.000000,0.000000,0.000000,0.000000,0.000000,0.000000,0.000000,0.000000,0.000000,0.000000,0.000000,0.000000,0.000000,0.000000,0.000000,0.000000,0.000000,0.000000,0.000000,-0.030514,-0.027791,-0.026451,-0.026843,-0.027879,-0.026990,-0.027124,-0.027393,-0.027347,-0.027767,-0.028536,-0.025917,-0.019655,-0.015033,-0.014552,-0.016308,-0.016928,-0.018645,-0.019892,-0.020132,-0.021467,-0.021618,-0.021248,-0.020375,-0.018448,-0.017154,-0.016530,-0.016497,-0.016410,-0.016636,-0.019597,-0.026289,-0.030190,-0.028827,-0.028167,-0.027901,-0.026785,-0.025954,-0.027015,-0.027333,-0.026308,-0.027063,-0.030021,0.000000,0.000000,0.000000,0.000000,0.000000,0.000000,0.000000,0.000000,0.000000,0.000000,0.000000,0.000000,0.000000,0.000000,0.000000,0.000000,0.000000,0.000000,0.000000,0.000000,0.000000,0.000000,0.000000,0.000000,0.000000,0.000000,0.000000,0.000000,0.000000,0.000000
0.000000,0.000000,0.000000,0.000000,0.000000,0.000000,0.000000,0.000000,0.000000,0.000000,0.000000,0.000000,0.000000,0.000000,0.000000,0.000000,0.000000,0.000000,0.000000,0.000000,0.000000,0.000000,0.000000,0.000000,0.000000,0.000000,0.000000,0.000000,-0.028635,-0.028072,-0.026256,-0.025933,-0.027787,-0.027516,-0.027984,-0.029635,-0.029076,-0.024687,-0.019362,-0.015067,-0.015470,-0.010635,0.005246,0.011721,0.011339,0.010999,0.010259,0.010090,0.008096,0.007100,0.006566,0.005633,0.005414,0.006445,0.008147,0.010159,0.010298,0.010513,0.009574,0.010607,0.006118,-0.010647,-0.016703,-0.014635,-0.018944,-0.024623,-0.027456,-0.027866,-0.026586,-0.026749,-0.026522,-0.025263,-0.027079,-0.027317,-0.027926,0.000000,0.000000,0.000000,0.000000,0.000000,0.000000,0.000000,0.000000,0.000000,0.000000,0.000000,0.000000,0.000000,0.000000,0.000000,0.000000,0.000000,0.000000,0.000000,0.000000,0.000000,0.000000,0.000000,0.000000,0.000000,0.000000,0.000000,0.000000
0.000000,0.000000,0.000000,0.000000,0.000000,0.000000,0.000000,0.000000,0.000000,0.000000,0.000000,0.000000,0.000000,0.000000,0.000000,0.000000,0.000000,0.000000,0.000000,0.000000,0.000000,0.000000,0.000000,0.000000,0.000000,0.000000,-0.028561,-0.027490,-0.025227,-0.025724,-0.027182,-0.026772,-0.027479,-0.028206,-0.025708,-0.019902,-0.017505,-0.009998,0.005539,0.010079,0.009759,0.012759,0.017586,0.020970,0.020364,0.020517,0.020463,0.020660,0.020601,0.019975,0.019700,0.019379,0.019156,0.019199,0.019957,0.020774,0.020757,0.020446,0.020289,0.021210,0.018909,0.013054,0.008742,0.010428,0.006415,-0.009141,-0.015826,-0.018502,-0.025870,-0.029003,-0.026711,-0.026715,-0.028981,-0.028379,-0.027045,-0.026268,-0.030124,0.000000,0.000000,0.000000,0.000000,0.000000,0.000000,0.000000,0.000000,0.000000,0.000000,0.000000,0.000000,0.000000,0.000000,0.000000,0.000000,0.000000,0.000000,0.000000,0.000000,0.000000,0.000000,0.000000,0.000000,0.000000,0.000000
0.000000,0.000000,0.000000,0.000000,0.000000,0.000000,0.000000,0.000000,0.000000,0.000000,0.000000,0.000000,0.000000,0.000000,0.000000,0.000000,0.000000,0.000000,0.000000,0.000000,0.000000,0.000000,0.000000,0.000000,-0.030074,-0.026796,-0.027027,-0.025921,-0.026662,-0.026228,-0.026936,-0.029447,-0.024235,-0.018858,-0.010151,0.004925,0.008849,0.011565,0.018846,0.021242,0.020484,0.018711,0.017984,0.018130,0.016844,0.016893,0.018558,0.018091,0.018090,0.018264,0.017842,0.018594,0.018355,0.017552,0.017861,0.018300,0.018418,0.017503,0.017369,0.018442,0.019008,0.018501,0.018873,0.020728,0.019607,0.012041,0.009200,0.004311,-0.012849,-0.021502,-0.025016,-0.029310,-0.029084,-0.029033,-0.028087,-0.025028,-0.024981,-0.027498,-0.028421,0.000000,0.000000,0.000000,0.000000,0.000000,0.000000,0.000000,0.000000,0.000000,0.000000,0.000000,0.000000,0.000000,0.000000,0.000000,0.000000,0.000000,0.000000,0.000000,0.000000,0.000000,0.000000,0.000000,0.000000
0.000000,0.000000,0.000000,0.000000,0.000000,0.000000,0.000000,0.000000,0.000000,0.000000,0.000000,0.000000,0.000000,0.000000,0.000000,0.000000,0.000000,0.000000,0.000000,0.000000,0.000000,0.000000,0.000000,-0.029612,-0.026259,-0.026452,-0.028077,-0.027339,-0.027415,-0.029454,-0.025676,-0.020419,-0.012236,0.004365,0.013848,0.018012,0.019916,0.018495,0.018458,0.019755,0.018693,0.017061,0.018069,0.017292,0.017085,0.018522,0.019416,0.019380,0.018521,0.018114,0.018569,0.018855,0.018609,0.018160,0.018143,0.018807,0.019187,0.018273,0.016509,0.017243,0.018456,0.016279,0.017059,0.019318,0.019241,0.019056,0.019724,0.016812,0.011862,0.002413,-0.013081,-0.020698,-0.026263,-0.030134,-0.027311,-0.026181,-0.026652,-0.025882,-0.027350,-0.030843,0.000000,0.000000,0.000000,0.000000,0.000000,0.000000,0.000000,0.000000,0.000000,0.000000,0.000000,0.000000,0.000000,0.000000,0.000000,0.000000,0.000000,0.000000,0.000000,0.000000,0.000000,0.000000,0.000000
0.000000,0.000000,0.000000,0.000000,0.000000,0.000000,0.000000,0.000000,0.000000,0.000000,0.000000,0.000000,0.000000,0.000000,0.000000,0.000000,0.000000,0.000000,0.000000,0.000000,0.000000,-0.030101,-0.026596,-0.025137,-0.026819,-0.029012,-0.028163,-0.029516,-0.025494,-0.021004,-0.014091,0.002898,0.011207,0.015572,0.020355,0.020181,0.018951,0.017508,0.017391,0.017792,0.017949,0.018372,0.017737,0.017076,0.018467,0.019284,0.018384,0.018404,0.018538,0.018489,0.018680,0.018548,0.018761,0.017989,0.017728,0.018135,0.018567,0.018891,0.018039,0.017467,0.017640,0.017879,0.017640,0.017401,0.017577,0.018105,0.019172,0.019603,0.019854,0.015365,0.010898,0.002734,-0.013623,-0.020319,-0.024418,-0.027807,-0.027159,-0.029506,-0.028510,-0.026340,-0.027286,-0.030207,0.000000,0.000000,0.000000,0.000000,0.000000,0.000000,0.000000,0.000000,0.000000,0.000000,0.000000,0.000000,0.000000,0.000000,0.000000,0.000000,0.000000,0.000000,0.000000,0.000000,0.000000
0.000000,0.000000,0.000000,0.000000,0.000000,0.000000,0.000000,0.000000,0.000000,0.000000,0.000000,0.000000,0.000000,0.000000,0.000000,0.000000,0.000000,0.000000,0.000000,0.000000,-0.029382,-0.026969,-0.024768,-0.026029,-0.028171,-0.028718,-0.025077,-0.019093,-0.010552,0.003871,0.010479,0.014862,0.020632,0.019272,0.018153,0.018046,0.017409,0.018308,0.018418,0.017891,0.017988,0.017579,0.017147,0.017647,0.017827,0.018249,0.018382,0.017737,0.017977,0.018275,0.018609,0.019107,0.018832,0.018214,0.018244,0.018321,0.017964,0.018153,0.018808,0.018357,0.017713,0.017788,0.018522,0.018460,0.017970,0.017436,0.016925,0.017957,0.018481,0.019833,0.020798,0.015180,0.011095,0.005506,-0.009029,-0.018537,-0.024447,-0.028916,-0.029851,-0.027293,-0.024808,-0.027357,-0.029465,0.000000,0.000000,0.000000,0.000000,0.000000,0.000000,0.000000,0.000000,0.000000,0.000000,0.000000,0.000000,0.000000,0.000000,0.000000,0.000000,0.000000,0.000000,0.000000,0.000000
0.000000,0.000000,0.000000,0.000000,0.000000,0.000000,0.000000,0.000000,0.000000,0.000000,0.000000,0.000000,0.000000,0.000000,0.000000,0.000000,0.000000,0.000000,0.000000,-0.028279,-0.026440,-0.026118,-0.027135,-0.026890,-0.026548,-0.025378,-0.012655,0.006437,0.013595,0.017039,0.020415,0.018818,0.018579,0.019312,0.018060,0.017721,0.018690,0.019219,0.018982,0.017618,0.017455,0.017234,0.017265,0.018244,0.018786,0.018829,0.018461,0.018411,0.017854,0.018015,0.018373,0.018217,0.018943,0.018751,0.018114,0.018240,0.018081,0.018158,0.018272,0.017935,0.017509,0.017424,0.017654,0.018049,0.018217,0.017367,0.016703,0.016987,0.018693,0.019375,0.017944,0.018554,0.021003,0.017594,0.014118,0.006546,-0.013514,-0.025793,-0.028341,-0.028228,-0.026832,-0.027098,-0.027496,-0.030349,0.000000,0.000000,0.000000,0.000000,0.000000,0.000000,0.000000,0.000000,0.000000,0.000000,0.000000,0.000000,0.000000,0.000000,0.000000,0.000000,0.000000,0.000000,0.000000
0.000000,0.000000,0.000000,0.000000,0.000000,0.000000,0.000000,0.000000,0.000000,0.000000,0.000000,0.000000,0.000000,0.000000,0.000000,0.000000,0.000000,0.000000,-0.027539,-0.025681,-0.025927,-0.028396,-0.028938,-0.027224,-0.025759,-0.014283,0.007614,0.018489,0.020788,0.019535,0.018170,0.019003,0.016805,0.016218,0.017846,0.019896,0.019712,0.018632,0.018346,0.017715,0.018116,0.018745,0.019072,0.018927,0.018905,0.018769,0.017943,0.018140,0.018402,0.018342,0.017570,0.017696,0.018869,0.018665,0.018137,0.017674,0.017657,0.017690,0.017670,0.018125,0.017773,0.017398,0.018341,0.017719,0.016943,0.017743,0.018249,0.019466,0.018601,0.016380,0.016502,0.018452,0.018382,0.019358,0.020389,0.017883,0.006577,-0.014535,-0.026191,-0.027343,-0.027788,-0.028153,-0.026234,-0.025300,-0.029091,0.000000,0.000000,0.000000,0.000000,0.000000,0.000000,0.000000,0.000000,0.000000,0.000000,0.000000,0.000000,0.000000,0.000000,0.000000,0.000000,0.000000,0.000000
0.000000,0.000000,0.000000,0.000000,0.000000,0.000000,0.000000,0.000000,0.000000,0.000000,0.000000,0.000000,0.000000,0.000000,0.000000,0.000000,0.000000,-0.027242,-0.026105,-0.026275,-0.027080,-0.029535,-0.026611,-0.020088,-0.012990,0.004898,0.017618,0.019063,0.019779,0.018552,0.016972,0.016828,0.017587,0.017989,0.018512,0.017892,0.017104,0.017576,0.018579,0.019291,0.018491,0.018366,0.018789,0.017847,0.017573,0.018073,0.017998,0.018250,0.018681,0.017946,0.017113,0.017900,0.018307,0.018116,0.018311,0.018210,0.018358,0.017915,0.017924,0.018221,0.017215,0.017346,0.018850,0.018617,0.017757,0.017371,0.017365,0.018694,0.019791,0.019315,0.017931,0.017164,0.017540,0.019286,0.019787,0.018270,0.017180,0.005296,-0.011887,-0.018989,-0.024557,-0.027915,-0.026755,-0.025312,-0.025458,-0.029264,0.000000,0.000000,0.000000,0.000000,0.000000,0.000000,0.000000,0.000000,0.000000,0.000000,0.000000,0.000000,0.000000,0.000000,0.000000,0.000000,0.000000
0.000000,0.000000,0.000000,0.000000,0.000000,0.000000,0.000000,0.000000,0.000000,0.000000,0.000000,0.000000,0.000000,0.000000,0.000000,0.000000,-0.029109,-0.026136,-0.027108,-0.028070,-0.027189,-0.026405,-0.015630,0.003199,0.010955,0.015185,0.019634,0.020115,0.018727,0.017127,0.017129,0.018017,0.018503,0.017616,0.017416,0.017804,0.017714,0.018387,0.018777,0.018381,0.017330,0.017252,0.018281,0.017816,0.017996,0.017862,0.017610,0.018537,0.017840,0.017288,0.017839,0.018202,0.018536,0.017856,0.017249,0.017779,0.018468,0.018358,0.018136,0.018225,0.017776,0.017739,0.017282,0.017373,0.018293,0.018300,0.018507,0.018776,0.018752,0.018635,0.019034,0.019535,0.018666,0.017657,0.018908,0.019863,0.019261,0.015107,0.011636,0.004334,-0.013898,-0.024610,-0.026571,-0.027107,-0.026535,-0.027393,-0.030263,0.000000,0.000000,0.000000,0.000000,0.000000,0.000000,0.000000,0.000000,0.000000,0.000000,0.000000,0.000000,0.000000,0.000000,0.000000,0.000000
0.000000,0.000000,0.000000,0.000000,0.000000,0.000000,0.000000,0.000000,0.000000,0.000000,0.000000,0.000000,0.000000,0.000000,0.000000,-0.028486,-0.026961,-0.026697,-0.028421,-0.027545,-0.025200,-0.013943,0.006355,0.016634,0.019153,0.019127,0.019728,0.018329,0.016884,0.018436,0.018252,0.017739,0.016780,0.017066,0.018343,0.018688,0.018000,0.018039,0.018571,0.017603,0.017128,0.017750,0.018301,0.018190,0.017557,0.017721,0.018151,0.018159,0.017688,0.017590,0.018385,0.018766,0.018436,0.017752,0.017444,0.017451,0.017823,0.018537,0.018148,0.018058,0.018705,0.018381,0.018043,0.017493,0.017526,0.018304,0.018403,0.019492,0.019183,0.017702,0.017844,0.018557,0.019521,0.018958,0.016489,0.017567,0.018923,0.018753,0.019164,0.017125,0.007367,-0.012934,-0.025068,-0.026935,-0.027410,-0.026459,-0.027231,-0.028433,0.000000,0.000000,0.000000,0.000000,0.000000,0.000000,0.000000,0.000000,0.000000,0.000000,0.000000,0.000000,0.000000,0.000000,0.000000
0.000000,0.000000,0.000000,0.000000,0.000000,0.000000,0.000000,0.000000,0.000000,0.000000,0.000000,0.000000,0.000000,0.000000,-0.026971,-0.026204,-0.026473,-0.028429,-0.027604,-0.024717,-0.014109,0.006538,0.017219,0.018223,0.018748,0.018695,0.017522,0.017540,0.019124,0.018777,0.017621,0.017571,0.017991,0.018129,0.018696,0.017882,0.017718,0.018355,0.018382,0.018248,0.017291,0.017456,0.018507,0.018102,0.017884,0.018442,0.018385,0.018125,0.017786,0.017773,0.018175,0.018659,0.017814,0.017185,0.017978,0.018072,0.018299,0.018825,0.018409,0.018190,0.018033,0.018489,0.018812,0.018222,0.017717,0.017618,0.018061,0.018630,0.019237,0.018998,0.018185,0.016724,0.016952,0.018577,0.018394,0.017292,0.017295,0.019158,0.020300,0.019461,0.018342,0.006938,-0.015247,-0.025979,-0.026782,-0.027970,-0.027339,-0.026520,-0.028560,0.000000,0.000000,0.000000,0.000000,0.000000,0.000000,0.000000,0.000000,0.000000,0.000000,0.000000,0.000000,0.000000,0.000000
0.000000,0.000000,0.000000,0.000000,0.000000,0.000000,0.000000,0.000000,0.000000,0.000000,0.000000,0.000000,0.000000,-0.026436,-0.025226,-0.025920,-0.027569,-0.026799,-0.025671,-0.014084,0.007490,0.016037,0.018013,0.019562,0.017635,0.017154,0.018507,0.019265,0.019073,0.018281,0.017730,0.018895,0.018464,0.017842,0.018295,0.017608,0.017796,0.018482,0.018338,0.017996,0.017203,0.017142,0.017934,0.018171,0.018634,0.018450,0.018087,0.017986,0.017465,0.017773,0.018443,0.018536,0.017720,0.017482,0.017804,0.017703,0.018053,0.018382,0.017866,0.018119,0.018359,0.018193,0.018008,0.018325,0.018152,0.017524,0.017813,0.017829,0.017910,0.017693,0.018227,0.018029,0.016717,0.017374,0.019053,0.019625,0.018508,0.017912,0.019313,0.021264,0.019033,0.015908,0.006025,-0.015725,-0.025724,-0.026056,-0.027429,-0.026308,-0.026703,-0.029335,0.000000,0.000000,0.000000,0.000000,0.000000,0.000000,0.000000,0.000000,0.000000,0.000000,0.000000,0.000000,0.000000
0.000000,0.000000,0.000000,0.000000,0.000000,0.000000,0.000000,0.000000,0.000000,0.000000,0.000000,0.000000,-0.027327,-0.025910,-0.025931,-0.027024,-0.027045,-0.025691,-0.015357,0.006592,0.017210,0.018379,0.020165,0.017715,0.017268,0.019581,0.019551,0.018667,0.017782,0.017393,0.018967,0.019061,0.017528,0.018304,0.018773,0.018112,0.017647,0.017559,0.017640,0.017173,0.017599,0.017539,0.016873,0.017470,0.018247,0.017942,0.017768,0.017498,0.017464,0.018460,0.018657,0.018156,0.017915,0.018128,0.018097,0.017891,0.017908,0.017991,0.017326,0.017581,0.018277,0.017967,0.018271,0.017966,0.017540,0.017604,0.017428,0.017767,0.017819,0.017077,0.018107,0.019071,0.018732,0.018229,0.018258,0.018786,0.018970,0.018669,0.016757,0.017359,0.019715,0.018093,0.015892,0.005734,-0.014112,-0.024099,-0.025935,-0.027351,-0.025919,-0.025149,-0.029942,0.000000,0.000000,0.000000,0.000000,0.000000,0.000000,0.000000,0.000000,0.000000,0.000000,0.000000,0.000000
0.000000,0.000000,0.000000,0.000000,0.000000,0.000000,0.000000,0.000000,0.000000,0.000000,0.000000,-0.029876,-0.027331,-0.026305,-0.026907,-0.028487,-0.025912,-0.013843,0.006330,0.016796,0.018647,0.020091,0.018016,0.017285,0.019322,0.019477,0.017902,0.017513,0.017820,0.018027,0.018587,0.018069,0.017792,0.019103,0.019308,0.018442,0.017941,0.017512,0.017571,0.017585,0.017893,0.018033,0.017169,0.016768,0.017800,0.018301,0.017311,0.017487,0.018342,0.018624,0.018768,0.018687,0.018257,0.018191,0.018367,0.018572,0.018594,0.018220,0.017730,0.017850,0.018223,0.018124,0.017829,0.017531,0.017467,0.017460,0.018042,0.018068,0.017321,0.017804,0.017878,0.018008,0.018950,0.018757,0.018380,0.017657,0.017120,0.017865,0.017794,0.016030,0.017204,0.020637,0.018528,0.016799,0.007880,-0.013103,-0.024171,-0.027004,-0.027210,-0.025762,-0.025836,-0.027254,0.000000,0.000000,0.000000,0.000000,0.000000,0.000000,0.000000,0.000000,0.000000,0.000000,0.000000
0.000000,0.000000,0.000000,0.000000,0.000000,0.000000,0.000000,0.000000,0.000000,0.000000,0.000000,-0.027369,-0.026136,-0.026726,-0.028021,-0.026111,-0.015053,0.007072,0.017491,0.018323,0.020468,0.017782,0.016930,0.018619,0.019037,0.018047,0.017609,0.017953,0.017604,0.017422,0.017401,0.017600,0.018298,0.018785,0.019112,0.018359,0.017822,0.017898,0.017410,0.017707,0.017719,0.017725,0.017744,0.017103,0.017582,0.018595,0.018188,0.017972,0.019224,0.019089,0.018285,0.018564,0.017871,0.017318,0.017745,0.017908,0.018446,0.018661,0.018040,0.018437,0.018856,0.018223,0.017195,0.017231,0.017740,0.017742,0.018663,0.018258,0.017490,0.018170,0.018187,0.017842,0.017985,0.018009,0.018208,0.018433,0.017369,0.016789,0.017422,0.017690,0.016796,0.017851,0.021260,0.019756,0.018458,0.008343,-0.012731,-0.024663,-0.028824,-0.026857,-0.025477,-0.028925,0.000000,0.000000,0.000000,0.000000,0.000000,0.000000,0.000000,0.000000,0.000000,0.000000,0.000000
0.000000,0.000000,0.000000,0.000000,0.000000,0.000000,0.000000,0.000000,0.000000,0.000000,-0.030282,-0.025961,-0.028134,-0.028585,-0.028451,-0.021079,0.002752,0.016562,0.018989,0.020022,0.017290,0.016898,0.018535,0.019043,0.018132,0.018185,0.018470,0.017950,0.017081,0.017187,0.018055,0.017635,0.017731,0.018061,0.017800,0.017984,0.018004,0.018043,0.017792,0.017384,0.017727,0.018263,0.017669,0.017487,0.018233,0.018693,0.018594,0.018193,0.018934,0.018954,0.017879,0.018007,0.017687,0.017145,0.017197,0.017062,0.018090,0.018560,0.018581,0.018941,0.018484,0.018085,0.017834,0.017933,0.017687,0.018249,0.018703,0.018058,0.018133,0.018361,0.018218,0.018335,0.018814,0.018470,0.017765,0.018307,0.018300,0.016694,0.016550,0.018046,0.017956,0.016577,0.017925,0.021196,0.019395,0.017568,0.005153,-0.019718,-0.028665,-0.028098,-0.027542,-0.026123,-0.029195,0.000000,0.000000,0.000000,0.000000,0.000000,0.000000,0.000000,0.000000,0.000000,0.000000
0.000000,0.000000,0.000000,0.000000,0.000000,0.000000,0.000000,0.000000,0.000000,-0.029941,-0.027077,-0.027356,-0.029288,-0.028408,-0.026557,-0.013305,0.010165,0.019564,0.020205,0.018278,0.016907,0.018547,0.018252,0.017100,0.017580,0.019171,0.018682,0.017636,0.017663,0.018907,0.018954,0.018285,0.018155,0.017597,0.017501,0.017720,0.017898,0.018109,0.018802,0.018423,0.017607,0.018780,0.018912,0.018079,0.018177,0.017831,0.017708,0.018049,0.017894,0.017909,0.017991,0.017981,0.018394,0.018359,0.017687,0.017702,0.018170,0.018509,0.018889,0.018802,0.018498,0.018028,0.018145,0.018636,0.018509,0.018387,0.017819,0.017627,0.017813,0.018191,0.018130,0.018075,0.019010,0.018670,0.017346,0.017249,0.017690,0.017720,0.016898,0.017226,0.018851,0.018929,0.016693,0.018046,0.019926,0.019665,0.011564,-0.012290,-0.027207,-0.027727,-0.027564,-0.027135,-0.026617,-0.030336,0.000000,0.000000,0.000000,0.000000,0.000000,0.000000,0.000000,0.000000,0.000000
0.000000,0.000000,0.000000,0.000000,0.000000,0.000000,0.000000,0.000000,0.000000,-0.027514,-0.026096,-0.027840,-0.028199,-0.025432,-0.014518,0.004434,0.015417,0.019845,0.019102,0.016804,0.018680,0.018870,0.017209,0.016445,0.018391,0.019545,0.018653,0.018123,0.018647,0.019536,0.019503,0.018737,0.018293,0.018062,0.017693,0.017969,0.017915,0.018072,0.019043,0.018427,0.018015,0.018830,0.019418,0.018776,0.017889,0.017701,0.017790,0.018044,0.017742,0.017833,0.017728,0.018087,0.018985,0.019032,0.019041,0.018736,0.018310,0.018652,0.018763,0.018389,0.018320,0.018362,0.018445,0.018662,0.018520,0.017796,0.017318,0.017549,0.017831,0.018445,0.018641,0.017905,0.018260,0.018739,0.017485,0.016932,0.017679,0.018298,0.018331,0.017725,0.018300,0.019036,0.018940,0.016981,0.018287,0.019848,0.015960,0.004461,-0.014734,-0.024174,-0.026654,-0.028608,-0.026661,-0.028947,0.000000,0.000000,0.000000,0.000000,0.000000,0.000000,0.000000,0.000000,0.000000
0.000000,0.000000,0.000000,0.000000,0.000000,0.000000,0.000000,0.000000,-0.028161,-0.026407,-0.028044,-0.027356,-0.024285,-0.012522,0.007772,0.017233,0.019612,0.019810,0.016824,0.017531,0.018763,0.017811,0.017186,0.017868,0.018921,0.018963,0.018588,0.018599,0.018449,0.018594,0.018843,0.018445,0.018018,0.018186,0.018277,0.018651,0.018818,0.018573,0.018981,0.018621,0.018593,0.019052,0.018872,0.018709,0.018218,0.018346,0.017946,0.017733,0.018130,0.017528,0.017734,0.018493,0.018569,0.019090,0.018665,0.017921,0.018581,0.018777,0.018514,0.018293,0.018144,0.018290,0.018437,0.018688,0.018147,0.017713,0.017958,0.018035,0.018195,0.018465,0.018069,0.017681,0.018491,0.018570,0.018059,0.017869,0.017860,0.018333,0.018659,0.018502,0.017626,0.017840,0.018941,0.018696,0.017266,0.019803,0.020549,0.017088,0.007645,-0.011388,-0.023143,-0.026825,-0.027323,-0.026676,-0.029390,0.000000,0.000000,0.000000,0.000000,0.000000,0.000000,0.000000,0.000000
0.000000,0.000000,0.000000,0.000000,0.000000,0.000000,0.000000,0.000000,-0.027033,-0.027246,-0.027769,-0.029408,-0.018319,0.007224,0.018641,0.018813,0.019555,0.017783,0.016292,0.017693,0.017903,0.018050,0.018794,0.018069,0.018152,0.018322,0.018124,0.017836,0.018136,0.018446,0.017799,0.017985,0.018006,0.017936,0.018714,0.018574,0.018134,0.018225,0.018926,0.019019,0.018690,0.019009,0.018799,0.018926,0.018943,0.018282,0.017853,0.017789,0.017834,0.017556,0.017881,0.018525,0.018773,0.018474,0.017423,0.017352,0.018424,0.018611,0.018390,0.018394,0.018114,0.018045,0.017929,0.017974,0.018667,0.018733,0.018267,0.018384,0.018230,0.017610,0.017224,0.017501,0.018123,0.018180,0.017974,0.018045,0.018338,0.018337,0.018216,0.018310,0.018697,0.018171,0.017918,0.018955,0.018115,0.018220,0.020218,0.018624,0.017807,0.006600,-0.018530,-0.028417,-0.026334,-0.026322,-0.028543,0.000000,0.000000,0.000000,0.000000,0.000000,0.000000,0.000000,0.000000
0.000000,0.000000,0.000000,0.000000,0.000000,0.000000,0.000000,-0.029155,-0.025899,-0.027025,-0.027268,-0.024874,-0.009874,0.013763,0.020634,0.019469,0.018249,0.016063,0.018159,0.018138,0.017609,0.018839,0.019038,0.018182,0.018279,0.018551,0.017601,0.017427,0.018384,0.018854,0.018005,0.017668,0.017910,0.017648,0.017834,0.017766,0.016920,0.017121,0.018351,0.017945,0.018038,0.018316,0.017797,0.018761,0.019070,0.018345,0.017868,0.017621,0.017711,0.017850,0.017884,0.018459,0.019010,0.018320,0.017799,0.018048,0.018658,0.018973,0.018746,0.018295,0.017908,0.017782,0.017469,0.018028,0.018756,0.018440,0.018047,0.018225,0.018247,0.017848,0.017404,0.017934,0.018704,0.018296,0.017638,0.017910,0.018272,0.018087,0.018231,0.018361,0.018469,0.018319,0.017649,0.018171,0.018881,0.016723,0.017995,0.018538,0.019340,0.012063,-0.011467,-0.024500,-0.027094,-0.027693,-0.026543,-0.029338,0.000000,0.000000,0.000000,0.000000,0.000000,0.000000,0.000000
0.000000,0.000000,0.000000,0.000000,0.000000,0.000000,0.000000,-0.026281,-0.025083,-0.025486,-0.028256,-0.018888,0.004986,0.017456,0.020603,0.018587,0.016421,0.018491,0.018514,0.018016,0.018106,0.018503,0.018270,0.018441,0.018896,0.018697,0.017310,0.017190,0.018247,0.018232,0.017966,0.017182,0.017655,0.017665,0.017192,0.017477,0.017266,0.017848,0.017956,0.017617,0.017272,0.017132,0.017364,0.017997,0.018431,0.017575,0.017221,0.017647,0.018043,0.017309,0.017641,0.018788,0.018329,0.018242,0.018073,0.018238,0.018984,0.018662,0.017961,0.018108,0.018173,0.017651,0.017422,0.018057,0.018156,0.017928,0.017984,0.017798,0.018562,0.018214,0.017458,0.018266,0.019030,0.018230,0.017482,0.017959,0.018205,0.018302,0.018250,0.018496,0.018894,0.017928,0.016889,0.017407,0.018314,0.018893,0.017087,0.017657,0.018836,0.016362,0.004088,-0.019513,-0.029361,-0.027050,-0.026281,-0.027347,0.000000,0.000000,0.000000,0.000000,0.000000,0.000000,0.000000
0.000000,0.000000,0.000000,0.000000,0.000000,0.000000,-0.029093,-0.025725,-0.027281,-0.027215,-0.023734,-0.011359,0.011841,0.021609,0.019117,0.016774,0.016954,0.018594,0.016837,0.016946,0.018238,0.017974,0.017874,0.018137,0.018888,0.018650,0.017587,0.017337,0.017934,0.018367,0.018105,0.017901,0.017553,0.017619,0.017859,0.017612,0.017954,0.018615,0.018578,0.018189,0.017517,0.017268,0.017585,0.018359,0.018578,0.017525,0.017429,0.018491,0.018372,0.017722,0.018508,0.018960,0.018131,0.017334,0.017567,0.018203,0.018133,0.017544,0.017020,0.017913,0.018565,0.017910,0.017145,0.016988,0.017722,0.018017,0.017425,0.017747,0.018560,0.017641,0.017164,0.018057,0.018515,0.018051,0.017525,0.017948,0.018484,0.018507,0.018418,0.018779,0.019055,0.017926,0.017332,0.017013,0.016956,0.018654,0.017858,0.017162,0.017965,0.021038,0.011649,-0.012737,-0.024888,-0.027694,-0.028145,-0.027216,-0.030085,0.000000,0.000000,0.000000,0.000000,0.000000,0.000000
0.000000,0.000000,0.000000,0.000000,0.000000,0.000000,-0.025803,-0.025992,-0.028106,-0.030174,-0.021094,0.003502,0.015717,0.018583,0.018537,0.016554,0.017975,0.017530,0.016944,0.018191,0.018507,0.017472,0.017230,0.017468,0.018049,0.018262,0.017854,0.017111,0.017612,0.018524,0.018396,0.018702,0.018565,0.018179,0.018107,0.017997,0.017608,0.017548,0.018656,0.018153,0.017619,0.017944,0.017820,0.018252,0.018037,0.018096,0.018348,0.018548,0.018379,0.018156,0.018774,0.018542,0.017767,0.017323,0.017850,0.018311,0.017891,0.017513,0.017529,0.018432,0.019157,0.018668,0.017487,0.017088,0.017645,0.017541,0.017678,0.018577,0.018663,0.018086,0.017367,0.017853,0.018979,0.017954,0.017262,0.018562,0.018941,0.018246,0.018215,0.018391,0.018104,0.018059,0.017885,0.017527,0.017180,0.017471,0.018209,0.017070,0.018484,0.018614,0.015205,0.002943,-0.020877,-0.029893,-0.027134,-0.027055,-0.028203,0.000000,0.000000,0.000000,0.000000,0.000000,0.000000
0.000000,0.000000,0.000000,0.000000,0.000000,-0.026143,-0.025322,-0.028126,-0.027958,-0.025603,-0.013678,0.010855,0.020682,0.018125,0.016905,0.017871,0.018891,0.017769,0.018555,0.019066,0.018151,0.017384,0.017763,0.017279,0.016925,0.017502,0.017449,0.017186,0.017272,0.017561,0.017792,0.017904,0.018446,0.018723,0.018183,0.017895,0.017095,0.017087,0.017773,0.017616,0.018089,0.017946,0.017488,0.017593,0.017454,0.017942,0.018816,0.018814,0.018174,0.017905,0.018376,0.018687,0.017732,0.017595,0.018376,0.018532,0.018112,0.017467,0.017755,0.018684,0.019407,0.019022,0.018472,0.018036,0.017370,0.017811,0.018251,0.018483,0.019199,0.018801,0.018010,0.018374,0.018359,0.017514,0.017290,0.018062,0.019311,0.018934,0.017468,0.017994,0.018786,0.018044,0.017555,0.018517,0.018305,0.017029,0.018563,0.018103,0.017178,0.018260,0.020834,0.010900,-0.013531,-0.025685,-0.027842,-0.028014,-0.027389,-0.029798,0.000000,0.000000,0.000000,0.000000,0.000000
0.000000,0.000000,0.000000,0.000000,0.000000,-0.025842,-0.026439,-0.027230,-0.028184,-0.019556,0.003607,0.015078,0.019702,0.019604,0.016582,0.019229,0.019229,0.018415,0.018684,0.018676,0.018778,0.018486,0.018160,0.018277,0.017829,0.017515,0.017884,0.018186,0.017486,0.017241,0.017585,0.017462,0.017744,0.018357,0.018595,0.018088,0.017747,0.017699,0.017787,0.018408,0.018874,0.018508,0.017914,0.017643,0.017730,0.017918,0.018192,0.018511,0.018272,0.018199,0.018606,0.018277,0.017958,0.018265,0.018525,0.018433,0.017918,0.017795,0.017600,0.017774,0.018619,0.018776,0.018956,0.018846,0.018107,0.017977,0.018138,0.018594,0.019235,0.018472,0.018386,0.018888,0.017804,0.017446,0.017544,0.017711,0.018769,0.018733,0.017246,0.017370,0.018927,0.018219,0.017340,0.018233,0.018310,0.017562,0.018143,0.018617,0.016468,0.019241,0.019922,0.015103,0.002924,-0.020345,-0.029339,-0.027917,-0.027048,-0.026525,0.000000,0.000000,0.000000,0.000000,0.000000
0.000000,0.000000,0.000000,0.000000,-0.030012,-0.026762,-0.027005,-0.027408,-0.024514,-0.009515,0.012946,0.019200,0.017715,0.017684,0.018077,0.018998,0.017715,0.018258,0.018702,0.018508,0.018523,0.018578,0.018619,0.018778,0.018691,0.017705,0.017503,0.017860,0.017631,0.017608,0.017575,0.017802,0.018049,0.018141,0.018093,0.018023,0.018504,0.017907,0.018209,0.018559,0.018110,0.018910,0.018610,0.017601,0.017467,0.017935,0.017744,0.017753,0.018122,0.017778,0.018179,0.018011,0.017627,0.018086,0.018621,0.018814,0.018159,0.017894,0.018072,0.018414,0.017879,0.018131,0.019165,0.019002,0.018375,0.017856,0.018605,0.019379,0.018911,0.018245,0.018258,0.018529,0.018635,0.018245,0.018205,0.018368,0.018427,0.018604,0.017486,0.017484,0.018611,0.018637,0.017688,0.017665,0.018937,0.018373,0.018039,0.018593,0.017228,0.017792,0.018476,0.020124,0.012706,-0.010824,-0.025148,-0.026295,-0.026032,-0.026947,-0.028294,0.000000,0.000000,0.000000,0.000000
0.000000,0.000000,0.000000,0.000000,-0.030546,-0.026863,-0.026651,-0.029890,-0.018275,0.006534,0.018081,0.019714,0.016810,0.016586,0.019414,0.018063,0.017436,0.017903,0.017936,0.018049,0.017786,0.017671,0.019085,0.019226,0.018125,0.017193,0.016934,0.017652,0.017504,0.017936,0.018385,0.017734,0.017717,0.017622,0.017594,0.017940,0.018212,0.018167,0.017648,0.017205,0.017509,0.017951,0.017692,0.017767,0.018020,0.018249,0.018389,0.018456,0.018367,0.017812,0.017531,0.018003,0.017676,0.017226,0.018267,0.018951,0.018208,0.017562,0.018260,0.018797,0.018495,0.018249,0.018574,0.018258,0.017652,0.018218,0.018946,0.019135,0.018706,0.018052,0.017830,0.018177,0.018258,0.018722,0.018986,0.018139,0.018274,0.018961,0.018709,0.018375,0.018639,0.018628,0.017859,0.018045,0.018737,0.018563,0.018554,0.018704,0.018830,0.016726,0.017885,0.019992,0.017520,0.004998,-0.018895,-0.027803,-0.025712,-0.026714,-0.028490,0.000000,0.000000,0.000000,0.000000
0.000000,0.000000,0.000000,0.000000,-0.029071,-0.027005,-0.027523,-0.028339,-0.016854,0.010015,0.020896,0.018775,0.016937,0.017651,0.018863,0.017846,0.018471,0.017831,0.017338,0.018026,0.017915,0.018193,0.019007,0.018892,0.017940,0.017118,0.017254,0.017574,0.018057,0.018465,0.018600,0.017879,0.017685,0.018017,0.018123,0.018184,0.018046,0.018313,0.017696,0.017621,0.017751,0.017498,0.017825,0.018008,0.018404,0.018545,0.018567,0.018850,0.018569,0.018055,0.017590,0.017776,0.017826,0.017351,0.017669,0.018361,0.018009,0.017329,0.018277,0.018752,0.018727,0.018679,0.018102,0.018037,0.018083,0.017996,0.018106,0.018880,0.018771,0.017604,0.017673,0.018521,0.018245,0.018658,0.018598,0.017496,0.017641,0.018273,0.018627,0.018080,0.017881,0.018209,0.018076,0.017444,0.017033,0.017945,0.018578,0.018432,0.019492,0.017612,0.016844,0.018081,0.019443,0.009660,-0.016737,-0.028464,-0.026470,-0.025918,-0.029006,0.000000,0.000000,0.000000,0.000000
0.000000,0.000000,0.000000,-0.026950,-0.027766,-0.027111,-0.026912,-0.024610,-0.010864,0.011598,0.019391,0.017264,0.017228,0.017948,0.018092,0.017627,0.018461,0.017544,0.017971,0.018257,0.017605,0.018585,0.018533,0.017660,0.017390,0.017145,0.017241,0.017205,0.017805,0.018561,0.018273,0.018372,0.018491,0.018932,0.018504,0.017999,0.018434,0.018167,0.018406,0.018472,0.018423,0.018669,0.018973,0.018933,0.018401,0.018181,0.017917,0.018107,0.017825,0.017201,0.017877,0.018167,0.017737,0.017282,0.017448,0.018315,0.017792,0.017148,0.017640,0.018583,0.018449,0.018130,0.018812,0.018362,0.018462,0.018436,0.017476,0.018216,0.018345,0.017685,0.018277,0.018759,0.018670,0.018433,0.018037,0.017433,0.017487,0.017805,0.017811,0.018149,0.017699,0.017832,0.018817,0.018299,0.017254,0.017507,0.018665,0.018422,0.018831,0.018575,0.017424,0.016914,0.018429,0.011772,-0.009451,-0.024526,-0.027896,-0.027528,-0.027300,-0.028473,0.000000,0.000000,0.000000
0.000000,0.000000,0.000000,-0.027929,-0.028137,-0.026142,-0.027053,-0.020650,0.004231,0.018484,0.018277,0.017545,0.017922,0.017717,0.016761,0.017620,0.018353,0.018242,0.018423,0.018499,0.018396,0.018172,0.018021,0.017672,0.017629,0.017960,0.017973,0.017870,0.017812,0.018497,0.018752,0.018341,0.018708,0.018628,0.017771,0.017831,0.017954,0.018446,0.018671,0.018011,0.018491,0.018937,0.019000,0.019307,0.018641,0.017376,0.016870,0.017387,0.017914,0.017619,0.017637,0.018205,0.018039,0.017134,0.017383,0.018135,0.017688,0.017759,0.017837,0.017793,0.018079,0.017923,0.018645,0.018858,0.018147,0.018186,0.017667,0.017350,0.017526,0.017501,0.018413,0.018585,0.017340,0.017463,0.017962,0.017832,0.017786,0.017971,0.018159,0.017651,0.018124,0.018869,0.018864,0.019073,0.018212,0.017381,0.018442,0.018359,0.017084,0.018692,0.018275,0.016821,0.018735,0.019221,0.005342,-0.019733,-0.027634,-0.026088,-0.026712,-0.026115,0.000000,0.000000,0.000000
0.000000,0.000000,0.000000,-0.029251,-0.027004,-0.027844,-0.028786,-0.016152,0.009642,0.020432,0.018318,0.016902,0.018107,0.017634,0.016560,0.018022,0.018572,0.018985,0.019286,0.019200,0.018593,0.018003,0.017904,0.017835,0.018322,0.018631,0.018283,0.017703,0.017974,0.018670,0.018761,0.018677,0.018262,0.017720,0.017307,0.017512,0.018297,0.018507,0.018109,0.017929,0.017367,0.017243,0.018128,0.018910,0.017970,0.017256,0.017335,0.017568,0.018083,0.018300,0.018294,0.017802,0.018083,0.017893,0.017906,0.018105,0.018295,0.018800,0.019013,0.018413,0.017925,0.018226,0.018052,0.018628,0.018620,0.017802,0.018012,0.018066,0.017641,0.017584,0.018391,0.018391,0.017307,0.016722,0.017467,0.018479,0.017903,0.017894,0.018017,0.017511,0.018189,0.019075,0.018430,0.017575,0.017842,0.018032,0.018018,0.018337,0.016983,0.017781,0.018465,0.016765,0.019081,0.021272,0.009389,-0.015723,-0.027605,-0.026538,-0.026192,-0.026621,0.000000,0.000000,0.000000
0.000000,0.000000,0.000000,-0.028981,-0.026586,-0.028843,-0.029351,-0.016431,0.009457,0.019774,0.017355,0.016682,0.017516,0.017864,0.017705,0.017888,0.018165,0.018793,0.018866,0.018823,0.018306,0.018054,0.018068,0.017516,0.017798,0.018382,0.017685,0.017013,0.017064,0.017970,0.018450,0.018594,0.018423,0.017716,0.017621,0.017978,0.018590,0.018571,0.017797,0.017541,0.017543,0.017052,0.017343,0.018468,0.018262,0.017997,0.018201,0.018098,0.018353,0.018474,0.018252,0.017797,0.017861,0.018389,0.018285,0.017902,0.018368,0.019203,0.019728,0.019322,0.017983,0.018187,0.018459,0.017821,0.018524,0.018572,0.018318,0.018665,0.018028,0.018015,0.018848,0.018768,0.018162,0.017518,0.017836,0.018588,0.018018,0.017354,0.017785,0.018330,0.018088,0.018506,0.018353,0.017560,0.018300,0.018583,0.018021,0.019084,0.018498,0.017544,0.018235,0.017342,0.017331,0.019006,0.008025,-0.017049,-0.029711,-0.028384,-0.025767,-0.027859,0.000000,0.000000,0.000000
0.000000,0.000000,0.000000,-0.028860,-0.026881,-0.027599,-0.026775,-0.010733,0.013526,0.019459,0.016999,0.017577,0.017649,0.017626,0.017944,0.017284,0.017280,0.018622,0.017561,0.017547,0.018737,0.018247,0.017896,0.017765,0.017731,0.018570,0.018136,0.016965,0.016845,0.017676,0.018295,0.018171,0.018497,0.018133,0.017928,0.018049,0.017672,0.018465,0.018117,0.017553,0.018151,0.017588,0.017272,0.018075,0.018700,0.018304,0.017964,0.018051,0.019003,0.018830,0.017738,0.018274,0.018275,0.018252,0.018010,0.017217,0.017632,0.018789,0.019493,0.019254,0.018507,0.018406,0.018794,0.018367,0.017793,0.018109,0.018509,0.018435,0.017808,0.017818,0.018867,0.018493,0.017836,0.018604,0.018762,0.017998,0.017595,0.017398,0.017405,0.017812,0.017957,0.018329,0.017939,0.017743,0.018702,0.018481,0.018044,0.018722,0.018865,0.018599,0.018041,0.017976,0.016816,0.017960,0.011206,-0.012026,-0.026069,-0.027339,-0.026137,-0.027179,0.000000,0.000000,0.000000
0.000000,0.000000,-0.027036,-0.028188,-0.026696,-0.027494,-0.019619,0.005854,0.018483,0.018666,0.018326,0.017738,0.017468,0.017399,0.018083,0.017534,0.018013,0.018233,0.017674,0.018189,0.018794,0.018507,0.017713,0.017413,0.017683,0.018255,0.018150,0.017075,0.017247,0.018241,0.018418,0.018033,0.017629,0.017784,0.017751,0.017814,0.017994,0.017359,0.017537,0.018018,0.017826,0.017537,0.017460,0.018300,0.018377,0.017692,0.017632,0.017856,0.018813,0.019057,0.018348,0.018159,0.018434,0.018551,0.018157,0.017694,0.017600,0.018397,0.018548,0.018389,0.019120,0.018880,0.018426,0.018898,0.018378,0.017702,0.018012,0.018141,0.017847,0.017852,0.018145,0.018090,0.018073,0.018616,0.019170,0.018673,0.017301,0.017180,0.017696,0.017917,0.018106,0.017725,0.017765,0.018099,0.018550,0.019063,0.018466,0.018501,0.019246,0.018837,0.018653,0.018187,0.018736,0.018020,0.016508,0.005199,-0.018443,-0.027387,-0.026631,-0.028576,-0.030917,0.000000,0.000000
0.000000,0.000000,-0.028207,-0.027052,-0.027564,-0.026739,-0.014301,0.012031,0.021302,0.017767,0.017459,0.017814,0.017186,0.018073,0.018705,0.017664,0.018721,0.018903,0.018578,0.018949,0.019007,0.018751,0.017907,0.017552,0.018210,0.018304,0.017414,0.017154,0.017871,0.018400,0.017867,0.017375,0.017393,0.017888,0.017984,0.017895,0.018233,0.017694,0.017635,0.017500,0.017553,0.017912,0.017872,0.018648,0.018639,0.017827,0.017555,0.017890,0.018909,0.018722,0.017938,0.017954,0.018074,0.017884,0.017997,0.018476,0.018265,0.018279,0.018099,0.017997,0.018376,0.018785,0.019026,0.018931,0.018431,0.017438,0.017264,0.017716,0.017610,0.017577,0.017783,0.018308,0.018704,0.018304,0.018641,0.018788,0.017714,0.017525,0.018495,0.018383,0.018519,0.018394,0.017801,0.018466,0.019001,0.019319,0.018574,0.018672,0.019045,0.018068,0.018643,0.018344,0.017606,0.017770,0.020504,0.011990,-0.014033,-0.027101,-0.027493,-0.028062,-0.029938,0.000000,0.000000
0.000000,0.000000,-0.029380,-0.027224,-0.027929,-0.028068,-0.014639,0.011820,0.021592,0.017158,0.017009,0.018483,0.018139,0.018574,0.018604,0.017683,0.018044,0.019081,0.018772,0.018366,0.018954,0.018217,0.018338,0.018823,0.019075,0.019182,0.018073,0.017654,0.017972,0.018148,0.017637,0.016991,0.017446,0.018388,0.018452,0.018353,0.018183,0.018190,0.017889,0.017269,0.017064,0.016969,0.017935,0.018645,0.018528,0.018395,0.017825,0.018043,0.018629,0.017845,0.017489,0.018205,0.017966,0.017124,0.017506,0.018155,0.018358,0.018382,0.018031,0.018590,0.019025,0.018786,0.019225,0.019073,0.018126,0.017488,0.017552,0.018144,0.017449,0.017142,0.018258,0.018202,0.018318,0.018311,0.017933,0.018227,0.017863,0.017985,0.018429,0.018262,0.018250,0.018366,0.017847,0.017860,0.018612,0.018856,0.018860,0.017502,0.017530,0.018046,0.017571,0.018419,0.017465,0.016695,0.020277,0.011382,-0.013917,-0.027425,-0.027005,-0.025700,-0.029234,0.000000,0.000000
0.000000,0.000000,-0.028302,-0.026366,-0.026317,-0.029361,-0.017640,0.010755,0.020639,0.016805,0.018087,0.019028,0.018373,0.018616,0.018043,0.017728,0.018285,0.018064,0.017838,0.018211,0.018513,0.018043,0.018073,0.018360,0.019301,0.019628,0.018655,0.018695,0.018326,0.017936,0.018028,0.017826,0.018166,0.018304,0.018404,0.018829,0.018684,0.017986,0.017528,0.017500,0.017256,0.017157,0.017655,0.017803,0.018029,0.018277,0.017771,0.017597,0.017835,0.017428,0.017581,0.018215,0.018139,0.017922,0.017309,0.017332,0.017605,0.017772,0.018526,0.018822,0.019305,0.018874,0.018119,0.018678,0.017966,0.017398,0.018462,0.018782,0.018178,0.017520,0.017826,0.018457,0.018427,0.017812,0.017591,0.017971,0.018157,0.018243,0.017966,0.018124,0.017674,0.017365,0.018191,0.018410,0.018121,0.018197,0.018580,0.017780,0.017746,0.018492,0.017482,0.017930,0.018455,0.017085,0.019914,0.011350,-0.015321,-0.027559,-0.025705,-0.026597,-0.029172,0.000000,0.000000
0.000000,0.000000,-0.027234,-0.025946,-0.025970,-0.029298,-0.019938,0.007705,0.019886,0.017776,0.018667,0.018129,0.017735,0.018586,0.017743,0.017789,0.018293,0.017772,0.017660,0.017753,0.018466,0.018174,0.017343,0.017933,0.018806,0.019102,0.019067,0.018610,0.018357,0.018605,0.018565,0.018506,0.018587,0.018478,0.018285,0.018244,0.018869,0.018280,0.017357,0.017647,0.017788,0.018241,0.018046,0.017662,0.017576,0.017768,0.018194,0.017955,0.017658,0.017311,0.017384,0.018069,0.018415,0.018122,0.017465,0.017335,0.017430,0.017120,0.018074,0.018734,0.018218,0.018434,0.017722,0.017032,0.017346,0.017940,0.019065,0.019026,0.018509,0.018306,0.017738,0.017988,0.018702,0.017926,0.017570,0.018186,0.018642,0.018809,0.018020,0.017733,0.017703,0.017770,0.018240,0.018658,0.018993,0.018124,0.017266,0.017893,0.018455,0.018574,0.018018,0.017324,0.017616,0.018066,0.020099,0.009099,-0.016867,-0.027831,-0.026434,-0.027734,-0.029308,0.000000,0.000000
0.000000,0.000000,-0.028958,-0.026931,-0.026730,-0.029450,-0.020524,0.007018,0.019942,0.018280,0.018639,0.018050,0.018572,0.017891,0.016977,0.018067,0.017721,0.017751,0.017919,0.017765,0.018789,0.018329,0.017160,0.017365,0.017543,0.018451,0.018717,0.017697,0.017971,0.018649,0.018948,0.018491,0.018185,0.018377,0.017956,0.018480,0.018918,0.017984,0.017750,0.017994,0.018203,0.018393,0.017953,0.017567,0.017133,0.017654,0.018683,0.018358,0.018369,0.018183,0.017386,0.017963,0.018384,0.017425,0.017444,0.017667,0.017227,0.017268,0.017262,0.017963,0.018614,0.018122,0.017607,0.017355,0.017972,0.019179,0.019370,0.018836,0.018656,0.018803,0.018642,0.018060,0.018432,0.018773,0.018175,0.018367,0.018755,0.018783,0.018743,0.018259,0.017915,0.018167,0.018456,0.018710,0.018762,0.017737,0.017210,0.017448,0.017752,0.018639,0.018593,0.017878,0.017974,0.017633,0.019565,0.007204,-0.020250,-0.029555,-0.027773,-0.028253,-0.029677,0.000000,0.000000
0.000000,0.000000,-0.028738,-0.027537,-0.025802,-0.028314,-0.020859,0.006169,0.019570,0.017358,0.017909,0.018660,0.018617,0.017484,0.016872,0.017634,0.018002,0.017858,0.017906,0.018852,0.019528,0.018728,0.017485,0.017264,0.017381,0.017313,0.016967,0.017263,0.017882,0.018123,0.018102,0.017714,0.018301,0.018532,0.018011,0.018359,0.018925,0.018906,0.018767,0.018609,0.018781,0.018709,0.017966,0.017598,0.017993,0.018771,0.018480,0.018104,0.018637,0.018434,0.017667,0.017691,0.017852,0.017195,0.017152,0.018064,0.018162,0.017742,0.017469,0.017659,0.018520,0.018326,0.018186,0.018394,0.018728,0.019081,0.018545,0.018004,0.018188,0.018728,0.018448,0.018386,0.018741,0.018619,0.017455,0.017383,0.018727,0.018674,0.018683,0.018935,0.018627,0.018082,0.018280,0.018461,0.018229,0.018102,0.018104,0.018219,0.017595,0.018774,0.019388,0.018959,0.019217,0.018203,0.019606,0.006441,-0.021651,-0.030874,-0.027704,-0.027529,-0.029619,0.000000,0.000000
0.000000,0.000000,-0.028094,-0.026803,-0.025354,-0.028170,-0.020605,0.005848,0.018967,0.017273,0.016947,0.017506,0.018186,0.017969,0.017557,0.017436,0.017435,0.017780,0.018134,0.019027,0.019237,0.018603,0.018381,0.017991,0.017567,0.016889,0.016899,0.017248,0.017663,0.018323,0.017235,0.017005,0.018067,0.018565,0.018589,0.017967,0.018870,0.019603,0.019266,0.019144,0.018148,0.017994,0.018979,0.018714,0.018463,0.018594,0.018092,0.018041,0.017706,0.017818,0.018105,0.017754,0.018222,0.017387,0.017037,0.018947,0.019222,0.018072,0.018362,0.018370,0.018011,0.018750,0.018485,0.017818,0.018377,0.018363,0.017399,0.017136,0.017535,0.018420,0.018234,0.018021,0.018801,0.018575,0.017467,0.017200,0.018005,0.018253,0.018709,0.019009,0.018460,0.018080,0.017730,0.017504,0.018336,0.018833,0.018218,0.018221,0.018049,0.018246,0.019114,0.018821,0.018778,0.019139,0.020401,0.006292,-0.021143,-0.029883,-0.027194,-0.026452,-0.028685,0.000000,0.000000
0.000000,0.000000,-0.028735,-0.026522,-0.026207,-0.029098,-0.020616,0.006273,0.019180,0.017683,0.017482,0.017418,0.018761,0.018375,0.017553,0.017855,0.017537,0.017663,0.017856,0.018209,0.018477,0.018285,0.018128,0.018296,0.017983,0.017516,0.017580,0.017639,0.018627,0.018683,0.017427,0.017750,0.018095,0.017913,0.018413,0.018610,0.018736,0.019108,0.019364,0.018873,0.017820,0.017837,0.018788,0.018872,0.017803,0.017207,0.017527,0.017285,0.017671,0.018375,0.018241,0.018425,0.018554,0.017715,0.017297,0.018563,0.018468,0.017985,0.018726,0.018235,0.018090,0.018448,0.017997,0.017997,0.017836,0.018118,0.018111,0.017371,0.017660,0.017660,0.018161,0.018752,0.018897,0.019008,0.018084,0.017530,0.017738,0.018228,0.018621,0.017911,0.017270,0.017248,0.017233,0.017492,0.017603,0.017836,0.017829,0.017604,0.017432,0.017476,0.018380,0.018415,0.017703,0.018306,0.020206,0.005981,-0.021252,-0.029506,-0.026851,-0.026435,-0.027020,0.000000,0.000000
0.000000,-0.028541,-0.027795,-0.027184,-0.025982,-0.029473,-0.021853,0.006132,0.020042,0.017823,0.018133,0.017988,0.018567,0.018362,0.017918,0.018432,0.018037,0.018149,0.017942,0.017812,0.018569,0.018263,0.018178,0.018755,0.018331,0.017759,0.017631,0.018072,0.018883,0.018702,0.017950,0.017639,0.018220,0.017852,0.017349,0.018006,0.017977,0.018429,0.018756,0.017940,0.018151,0.018495,0.018245,0.018118,0.017162,0.016666,0.017248,0.017102,0.017669,0.018602,0.018260,0.018262,0.017990,0.017091,0.017225,0.017664,0.017818,0.017997,0.018136,0.018368,0.018198,0.018001,0.017601,0.017449,0.018135,0.018481,0.018936,0.018497,0.017671,0.017273,0.017663,0.018749,0.019187,0.019114,0.018242,0.017901,0.018139,0.017989,0.017643,0.017165,0.016898,0.017221,0.017687,0.017365,0.017561,0.017969,0.017405,0.017116,0.017404,0.017984,0.018112,0.018226,0.017983,0.017426,0.019272,0.005954,-0.020881,-0.029558,-0.026018,-0.026380,-0.027048,-0.026939,0.000000
0.000000,0.000000,-0.027851,-0.025808,-0.025549,-0.028582,-0.020500,0.006004,0.019660,0.017997,0.017627,0.017971,0.018570,0.018425,0.018374,0.018722,0.018054,0.018128,0.018437,0.018460,0.018649,0.018759,0.018730,0.018016,0.018024,0.018151,0.017898,0.018286,0.018052,0.017903,0.017931,0.017619,0.017778,0.017670,0.017534,0.017521,0.017074,0.017163,0.017749,0.017957,0.018054,0.018186,0.018385,0.018241,0.017584,0.017453,0.018116,0.018069,0.017996,0.018672,0.018337,0.017910,0.018047,0.017123,0.017044,0.018212,0.018301,0.017980,0.018092,0.018188,0.018298,0.018209,0.017631,0.017051,0.017682,0.018361,0.018372,0.018478,0.017339,0.017304,0.018080,0.017822,0.018582,0.018698,0.018457,0.018457,0.018441,0.018290,0.017888,0.017694,0.017271,0.017839,0.018223,0.017443,0.017412,0.018286,0.017768,0.017954,0.018498,0.018628,0.018794,0.018240,0.018372,0.018092,0.019505,0.005965,-0.021454,-0.029153,-0.025974,-0.026421,-0.026771,0.000000,0.000000
0.000000,0.000000,-0.028696,-0.026241,-0.026161,-0.029210,-0.019950,0.007142,0.019663,0.017850,0.017962,0.018409,0.018628,0.017997,0.018165,0.018968,0.018641,0.018008,0.018558,0.019085,0.018746,0.018634,0.018169,0.017977,0.018272,0.018038,0.018369,0.018162,0.017891,0.018072,0.017837,0.017937,0.017835,0.017861,0.018297,0.017819,0.017103,0.016845,0.017244,0.018272,0.018696,0.018511,0.018166,0.018615,0.019026,0.018872,0.018884,0.018516,0.018195,0.018631,0.018769,0.017924,0.017930,0.018229,0.017733,0.018647,0.018843,0.017878,0.017738,0.017506,0.018002,0.018402,0.017971,0.017281,0.017514,0.018529,0.018148,0.017980,0.017841,0.017562,0.018268,0.017657,0.017547,0.018146,0.018077,0.018744,0.018811,0.018646,0.018735,0.017621,0.017588,0.018261,0.017961,0.018147,0.017805,0.017719,0.018334,0.018744,0.018430,0.018171,0.018688,0.018542,0.018080,0.017887,0.020024,0.006250,-0.021656,-0.029719,-0.026976,-0.026787,-0.027584,0.000000,0.000000
0.000000,0.000000,-0.027980,-0.028084,-0.026311,-0.030052,-0.021124,0.007368,0.019526,0.018104,0.018462,0.018535,0.018817,0.017523,0.018008,0.018576,0.017870,0.018256,0.018733,0.018576,0.018449,0.018324,0.017804,0.018062,0.018178,0.018277,0.018184,0.017631,0.018036,0.018507,0.018206,0.018006,0.017631,0.017407,0.017769,0.017583,0.017529,0.017709,0.017170,0.017687,0.018881,0.018652,0.018062,0.018541,0.019388,0.018984,0.018280,0.018281,0.018196,0.018521,0.018630,0.017696,0.018217,0.018452,0.018150,0.018632,0.018223,0.017667,0.017089,0.017499,0.018176,0.018145,0.017724,0.017619,0.018388,0.018506,0.018464,0.018306,0.018508,0.018235,0.018113,0.018047,0.017297,0.018038,0.018481,0.018700,0.018747,0.017909,0.018177,0.018011,0.017521,0.018289,0.018061,0.017576,0.018235,0.017882,0.017324,0.017549,0.017755,0.017738,0.017384,0.017744,0.017522,0.017055,0.019226,0.005875,-0.020917,-0.029466,-0.026945,-0.025995,-0.028522,0.000000,0.000000
0.000000,0.000000,-0.029476,-0.027332,-0.026441,-0.029114,-0.019720,0.007399,0.019133,0.017287,0.018307,0.018250,0.018492,0.017571,0.017262,0.018488,0.017667,0.017848,0.018937,0.018645,0.018150,0.018013,0.018390,0.018670,0.018509,0.018651,0.018156,0.017862,0.017776,0.017725,0.018583,0.018466,0.017084,0.017050,0.017963,0.018011,0.017971,0.018142,0.017993,0.017692,0.018072,0.018251,0.018325,0.018905,0.018944,0.018251,0.017771,0.018108,0.018510,0.018640,0.017938,0.017366,0.018246,0.018480,0.018424,0.018662,0.018122,0.017533,0.017532,0.017949,0.018346,0.017906,0.017283,0.017158,0.017721,0.018655,0.018750,0.018149,0.017578,0.017866,0.018449,0.018121,0.017361,0.017675,0.018727,0.018598,0.018474,0.017964,0.017591,0.018138,0.017648,0.017754,0.018360,0.018031,0.017603,0.017084,0.016511,0.016951,0.017806,0.018094,0.017709,0.017533,0.017846,0.017248,0.018986,0.007140,-0.019806,-0.029113,-0.026429,-0.026301,-0.027925,0.000000,0.000000
0.000000,0.000000,-0.029586,-0.025777,-0.025975,-0.028373,-0.017935,0.008777,0.019110,0.016951,0.018861,0.018431,0.017673,0.017540,0.017292,0.018397,0.018056,0.017904,0.018848,0.018319,0.017691,0.017489,0.018302,0.018853,0.018645,0.018298,0.018271,0.018454,0.017829,0.017426,0.017897,0.017966,0.017821,0.017869,0.017826,0.018259,0.018327,0.018226,0.018325,0.017839,0.017911,0.018326,0.018619,0.018991,0.017913,0.017434,0.017921,0.017549,0.017410,0.017946,0.017493,0.016760,0.017607,0.018574,0.018735,0.018388,0.018301,0.018186,0.018370,0.018852,0.018513,0.018286,0.017976,0.017297,0.017714,0.018451,0.018575,0.018317,0.017356,0.017844,0.018747,0.018262,0.017890,0.017791,0.018276,0.018814,0.018221,0.017672,0.017952,0.017268,0.017442,0.018283,0.018191,0.018494,0.017823,0.016874,0.017082,0.017309,0.018210,0.018841,0.018193,0.018826,0.019061,0.017442,0.019426,0.008590,-0.018542,-0.028737,-0.026697,-0.027718,-0.028715,0.000000,0.000000
0.000000,0.000000,-0.026923,-0.025710,-0.026542,-0.028879,-0.016461,0.011005,0.019702,0.016835,0.018249,0.018788,0.017947,0.017737,0.017368,0.017207,0.017216,0.017250,0.018492,0.017657,0.016972,0.017573,0.017709,0.017739,0.018240,0.018469,0.018107,0.018373,0.018134,0.017519,0.017516,0.018002,0.018156,0.018007,0.017563,0.017387,0.017815,0.017966,0.017919,0.018022,0.018070,0.017687,0.017928,0.018089,0.017474,0.017469,0.017741,0.017577,0.017255,0.017031,0.016743,0.016645,0.017673,0.018515,0.018440,0.018449,0.018475,0.018437,0.018454,0.018755,0.018430,0.018353,0.018657,0.018306,0.018087,0.017944,0.018630,0.018752,0.017996,0.018409,0.019475,0.019161,0.018170,0.018277,0.018145,0.018186,0.018137,0.018038,0.018383,0.017374,0.017406,0.018528,0.017913,0.018073,0.018488,0.017867,0.018072,0.017766,0.018411,0.018693,0.017462,0.018846,0.018483,0.016834,0.020265,0.010345,-0.017013,-0.029860,-0.027715,-0.026188,-0.028640,0.000000,0.000000
0.000000,0.000000,-0.026291,-0.026733,-0.028860,-0.029197,-0.015330,0.011005,0.020824,0.016622,0.016430,0.018526,0.018560,0.018025,0.017432,0.016726,0.016754,0.017160,0.018095,0.018392,0.017958,0.017854,0.018492,0.018612,0.018537,0.018797,0.018473,0.018500,0.018269,0.017990,0.018293,0.018041,0.017708,0.017654,0.017922,0.017631,0.017353,0.017569,0.017970,0.018360,0.017689,0.017804,0.018118,0.017586,0.017833,0.018285,0.018438,0.018084,0.017503,0.017291,0.017229,0.017550,0.018309,0.018666,0.018077,0.018133,0.018534,0.018444,0.018314,0.017844,0.017673,0.018196,0.018667,0.018348,0.017721,0.017820,0.018373,0.018527,0.018116,0.018358,0.019419,0.018949,0.018058,0.018365,0.018019,0.017336,0.017513,0.018508,0.018728,0.018257,0.017960,0.017979,0.017837,0.018067,0.018320,0.017613,0.018192,0.018255,0.018516,0.018411,0.017465,0.017658,0.016601,0.017047,0.021198,0.011103,-0.015579,-0.029763,-0.028972,-0.026222,-0.028195,0.000000,0.000000
0.000000,0.000000,-0.026662,-0.027012,-0.027765,-0.028668,-0.015582,0.011979,0.021381,0.017997,0.017196,0.017897,0.018647,0.018486,0.018149,0.017203,0.017988,0.018615,0.018510,0.019192,0.019002,0.018387,0.018497,0.018531,0.018294,0.018838,0.018775,0.018131,0.018399,0.018249,0.017875,0.017706,0.017457,0.017206,0.017788,0.018427,0.018091,0.017809,0.017853,0.018084,0.017881,0.018161,0.018737,0.018657,0.018315,0.018744,0.019146,0.017936,0.017069,0.017567,0.017717,0.017582,0.018623,0.018870,0.017957,0.018192,0.018680,0.018653,0.017809,0.017275,0.017989,0.017789,0.018113,0.018607,0.017672,0.017585,0.018127,0.018409,0.018004,0.017923,0.018522,0.017960,0.018269,0.018839,0.018184,0.017710,0.017380,0.018250,0.018713,0.018518,0.018442,0.017740,0.017950,0.018070,0.017668,0.017827,0.017959,0.017859,0.018303,0.018138,0.017638,0.016732,0.016709,0.017846,0.021216,0.011777,-0.015940,-0.028270,-0.028080,-0.028187,-0.027516,0.000000,0.000000
0.000000,0.000000,-0.028355,-0.026563,-0.025178,-0.027766,-0.019674,0.005381,0.018117,0.018945,0.018289,0.018473,0.018763,0.017914,0.018139,0.018258,0.018975,0.019254,0.019381,0.019081,0.018530,0.018559,0.018065,0.017594,0.017591,0.018241,0.018325,0.017728,0.017671,0.017240,0.017449,0.018045,0.017575,0.017720,0.018028,0.018495,0.018488,0.017829,0.017909,0.017759,0.017991,0.017815,0.017747,0.018572,0.018534,0.018527,0.018578,0.017750,0.017498,0.017469,0.017330,0.017730,0.018135,0.018399,0.018102,0.018369,0.018659,0.017814,0.017202,0.017613,0.018298,0.018062,0.018261,0.018746,0.017949,0.017606,0.018205,0.018439,0.017521,0.017414,0.018275,0.017611,0.017599,0.018755,0.018481,0.017834,0.017962,0.018471,0.018273,0.017699,0.017906,0.017704,0.018048,0.018736,0.018265,0.018428,0.018173,0.017530,0.017498,0.017239,0.017940,0.017353,0.017546,0.018294,0.017503,0.004633,-0.019886,-0.027824,-0.026954,-0.029069,-0.029438,0.000000,0.000000
0.000000,0.000000,0.000000,-0.026584,-0.024537,-0.026958,-0.027399,-0.011861,0.012502,0.018838,0.016827,0.018479,0.018459,0.017789,0.018274,0.018321,0.018699,0.019370,0.018560,0.018515,0.018864,0.018590,0.018430,0.018486,0.018066,0.017447,0.017704,0.017758,0.016991,0.017313,0.018055,0.018328,0.018626,0.018757,0.018474,0.018406,0.017718,0.017649,0.018248,0.017615,0.017218,0.017412,0.017479,0.017418,0.017657,0.017951,0.018407,0.018261,0.017865,0.017695,0.017683,0.018063,0.017982,0.018070,0.018087,0.017946,0.018046,0.017686,0.017643,0.018026,0.018514,0.019170,0.019100,0.018538,0.018086,0.017435,0.017829,0.018445,0.017790,0.017900,0.018000,0.017694,0.017812,0.017996,0.017521,0.017543,0.018302,0.018278,0.018354,0.017350,0.017138,0.018255,0.018122,0.018740,0.018975,0.018744,0.018301,0.017639,0.016922,0.017166,0.018561,0.018411,0.016435,0.018656,0.012051,-0.012495,-0.026773,-0.028111,-0.027131,-0.029296,0.000000,0.000000,0.000000
0.000000,0.000000,0.000000,-0.027304,-0.025291,-0.028704,-0.030615,-0.017000,0.009200,0.019877,0.017425,0.016907,0.017895,0.018170,0.018377,0.018294,0.018085,0.018295,0.018069,0.018541,0.018976,0.018324,0.018075,0.018606,0.018031,0.017645,0.017846,0.017536,0.017484,0.017684,0.017717,0.018261,0.018347,0.018267,0.018667,0.017971,0.017009,0.017446,0.018242,0.018135,0.017257,0.017375,0.017876,0.017157,0.017427,0.017823,0.017931,0.018392,0.017717,0.017866,0.018296,0.017827,0.018452,0.018240,0.017738,0.018084,0.017884,0.018158,0.018033,0.017828,0.018513,0.019023,0.018958,0.018421,0.017713,0.017297,0.018100,0.018555,0.018487,0.018606,0.018149,0.018218,0.018407,0.017992,0.017446,0.017622,0.018553,0.018652,0.018332,0.017637,0.017628,0.018230,0.017985,0.018621,0.018769,0.018663,0.018649,0.017865,0.016743,0.017392,0.018450,0.017594,0.017414,0.020003,0.009307,-0.016623,-0.029105,-0.028468,-0.026026,-0.029270,0.000000,0.000000,0.000000
0.000000,0.000000,0.000000,-0.028786,-0.026330,-0.027575,-0.029556,-0.016654,0.010020,0.020819,0.018752,0.017304,0.017724,0.018007,0.018294,0.019206,0.018116,0.017866,0.018811,0.018536,0.018083,0.018066,0.017614,0.017704,0.017696,0.017854,0.017700,0.017995,0.018359,0.017523,0.017386,0.017171,0.017067,0.018010,0.018434,0.017984,0.017735,0.018055,0.018388,0.017876,0.017785,0.018257,0.017474,0.017225,0.017818,0.017572,0.017707,0.018114,0.018003,0.018062,0.018489,0.018658,0.018638,0.018265,0.018012,0.017799,0.017752,0.017993,0.017739,0.017990,0.017971,0.017966,0.018528,0.018411,0.017901,0.017660,0.018069,0.018561,0.018410,0.018659,0.018801,0.017914,0.017735,0.018476,0.018449,0.017901,0.018356,0.018780,0.018593,0.018223,0.017780,0.018071,0.018082,0.018201,0.018885,0.018260,0.018190,0.018384,0.017095,0.017941,0.017986,0.016786,0.018706,0.020841,0.010015,-0.015136,-0.027902,-0.026187,-0.025586,-0.028757,0.000000,0.000000,0.000000
0.000000,0.000000,0.000000,-0.028961,-0.025737,-0.025267,-0.029416,-0.021924,0.004502,0.018806,0.018772,0.017640,0.018210,0.018883,0.018041,0.018447,0.018831,0.018317,0.017976,0.018340,0.018513,0.017884,0.017411,0.017827,0.018256,0.018059,0.017762,0.018175,0.018258,0.017912,0.017880,0.017326,0.017725,0.018618,0.018599,0.018583,0.018362,0.018652,0.018911,0.017705,0.017868,0.018788,0.017899,0.017541,0.017682,0.018002,0.018488,0.018696,0.018544,0.018035,0.018246,0.018990,0.018885,0.018208,0.018294,0.017755,0.017453,0.017977,0.017741,0.017653,0.018001,0.018128,0.018147,0.018203,0.018140,0.018141,0.017720,0.017476,0.017933,0.018449,0.018674,0.017911,0.017685,0.018182,0.018336,0.018271,0.017928,0.018265,0.018777,0.018662,0.018368,0.018398,0.018098,0.018280,0.018896,0.018284,0.018147,0.018476,0.018065,0.018963,0.018470,0.017111,0.017983,0.018082,0.004326,-0.020970,-0.028835,-0.025986,-0.026328,-0.027153,0.000000,0.000000,0.000000
0.000000,0.000000,0.000000,-0.027240,-0.026361,-0.027088,-0.029483,-0.026200,-0.009565,0.012593,0.019518,0.018254,0.017871,0.017949,0.018362,0.017383,0.018387,0.017847,0.017296,0.018501,0.018507,0.017694,0.017611,0.017954,0.018123,0.018256,0.018295,0.018224,0.018203,0.018286,0.018316,0.018548,0.018778,0.018591,0.018313,0.018226,0.018483,0.018617,0.018371,0.018182,0.018056,0.018757,0.018756,0.017722,0.018004,0.018620,0.018226,0.018147,0.018175,0.017741,0.017903,0.018463,0.018671,0.018026,0.017721,0.018118,0.017575,0.017368,0.017943,0.017816,0.018092,0.018676,0.018280,0.018275,0.018928,0.018382,0.017377,0.017111,0.017266,0.017787,0.018167,0.017897,0.018025,0.017923,0.018452,0.018527,0.017320,0.017862,0.018107,0.018177,0.018985,0.018062,0.017626,0.018870,0.018108,0.017846,0.018535,0.017694,0.018754,0.018749,0.018502,0.018119,0.018621,0.011619,-0.011076,-0.027144,-0.029398,-0.028391,-0.027739,-0.028553,0.000000,0.000000,0.000000
0.000000,0.000000,0.000000,0.000000,-0.029378,-0.027396,-0.028568,-0.028815,-0.015758,0.009890,0.020562,0.019712,0.016959,0.016994,0.019451,0.018053,0.017537,0.017874,0.017908,0.018201,0.018332,0.017572,0.017126,0.017345,0.017913,0.017881,0.018106,0.018736,0.018481,0.018430,0.018921,0.018770,0.018222,0.018491,0.018042,0.017649,0.018500,0.018525,0.018233,0.017985,0.017734,0.018710,0.018509,0.017703,0.018192,0.018212,0.017572,0.017473,0.017679,0.017444,0.017576,0.018352,0.018409,0.017799,0.017806,0.018262,0.017789,0.017113,0.017713,0.017912,0.018003,0.018382,0.018331,0.018909,0.019221,0.018605,0.018003,0.017699,0.017228,0.017178,0.017597,0.017686,0.018124,0.018584,0.018583,0.018322,0.017234,0.017291,0.018106,0.018210,0.018237,0.017941,0.017902,0.017504,0.017507,0.018437,0.017945,0.016952,0.019011,0.018203,0.017977,0.019750,0.020258,0.009672,-0.017214,-0.029910,-0.028325,-0.027050,-0.027920,0.000000,0.000000,0.000000,0.000000
0.000000,0.000000,0.000000,0.000000,-0.029420,-0.026114,-0.026589,-0.029799,-0.019301,0.004609,0.016844,0.019472,0.017410,0.017680,0.020032,0.018480,0.017695,0.017705,0.017796,0.018028,0.018483,0.017570,0.016860,0.017284,0.017839,0.017857,0.018296,0.019018,0.018789,0.018669,0.018806,0.018809,0.018531,0.018456,0.018403,0.018133,0.018082,0.018360,0.018434,0.018061,0.017749,0.018212,0.018464,0.017776,0.018132,0.018560,0.017882,0.017424,0.017427,0.017999,0.018255,0.018630,0.018425,0.017293,0.017589,0.017867,0.017456,0.017701,0.017597,0.017442,0.017969,0.018056,0.018272,0.018644,0.018227,0.018005,0.018176,0.018297,0.018098,0.017340,0.017352,0.018107,0.018009,0.018330,0.018517,0.018052,0.017760,0.017268,0.018147,0.018670,0.018257,0.018683,0.018001,0.017247,0.018241,0.018844,0.017723,0.017341,0.019040,0.017902,0.018320,0.019885,0.017123,0.005081,-0.018398,-0.029569,-0.026603,-0.024941,-0.027149,0.000000,0.000000,0.000000,0.000000
0.000000,0.000000,0.000000,0.000000,-0.027121,-0.025302,-0.026236,-0.028019,-0.026433,-0.012213,0.011728,0.019911,0.017768,0.018304,0.018781,0.018944,0.017956,0.017839,0.018104,0.018153,0.018126,0.018323,0.017881,0.017486,0.017418,0.017300,0.018364,0.018981,0.018957,0.018854,0.018085,0.017908,0.018609,0.018560,0.018342,0.018455,0.018380,0.018210,0.017754,0.018386,0.018492,0.018108,0.018610,0.018188,0.018005,0.018689,0.018147,0.017249,0.017630,0.018481,0.019092,0.019033,0.017936,0.017141,0.017539,0.017614,0.017396,0.017877,0.018068,0.018160,0.018236,0.018270,0.018350,0.017557,0.017971,0.018157,0.017957,0.018218,0.017807,0.018381,0.017894,0.017697,0.018141,0.017717,0.018308,0.018135,0.017635,0.018116,0.018155,0.018348,0.018974,0.018990,0.018191,0.017976,0.018557,0.018149,0.017932,0.018671,0.018322,0.018495,0.017918,0.019518,0.012873,-0.009798,-0.025338,-0.028280,-0.026091,-0.024669,-0.028434,0.000000,0.000000,0.000000,0.000000
0.000000,0.000000,0.000000,0.000000,0.000000,-0.025664,-0.026161,-0.027988,-0.030729,-0.021686,0.002985,0.016172,0.019570,0.018421,0.017046,0.019310,0.017911,0.018330,0.019162,0.018299,0.018535,0.018545,0.018395,0.017720,0.017131,0.017209,0.017591,0.018650,0.018936,0.018344,0.017856,0.017069,0.017358,0.018260,0.018728,0.018505,0.018131,0.018073,0.017988,0.018456,0.018121,0.018315,0.018502,0.017835,0.017704,0.017897,0.018047,0.017559,0.017735,0.018493,0.018656,0.019009,0.018708,0.017663,0.017946,0.018258,0.017714,0.017766,0.018317,0.018316,0.018053,0.018357,0.018458,0.017699,0.017907,0.018704,0.018581,0.017709,0.017662,0.018470,0.018610,0.018544,0.018545,0.018172,0.017906,0.018208,0.018064,0.018462,0.018018,0.017657,0.018861,0.018731,0.017870,0.017637,0.017854,0.017485,0.017957,0.018767,0.017108,0.018986,0.019004,0.015840,0.005335,-0.017716,-0.028563,-0.028361,-0.026410,-0.026378,0.000000,0.000000,0.000000,0.000000,0.000000
0.000000,0.000000,0.000000,0.000000,0.000000,-0.028435,-0.026640,-0.028053,-0.028647,-0.026021,-0.012437,0.012424,0.021365,0.018178,0.016834,0.017566,0.018848,0.017908,0.018274,0.018524,0.018371,0.018048,0.018877,0.018693,0.017535,0.017733,0.017496,0.018067,0.019109,0.018764,0.018087,0.017109,0.017303,0.018440,0.018255,0.018271,0.018358,0.018141,0.018040,0.018186,0.018352,0.017951,0.017971,0.017768,0.018007,0.018141,0.018085,0.018344,0.017735,0.018028,0.018298,0.018315,0.018762,0.018584,0.018215,0.018406,0.018257,0.017928,0.017707,0.017298,0.017751,0.017944,0.017894,0.017773,0.017780,0.018392,0.018444,0.018145,0.018071,0.018237,0.018546,0.018652,0.018565,0.018266,0.017894,0.017760,0.018179,0.018228,0.017545,0.017713,0.018318,0.018355,0.017920,0.017970,0.017918,0.017062,0.018155,0.018246,0.017801,0.018004,0.020419,0.012611,-0.010277,-0.023285,-0.027622,-0.028884,-0.026998,-0.030729,0.000000,0.000000,0.000000,0.000000,0.000000
0.000000,0.000000,0.000000,0.000000,0.000000,0.000000,-0.028091,-0.024998,-0.026202,-0.029178,-0.018989,0.005194,0.016786,0.019766,0.018537,0.016650,0.019374,0.018112,0.017037,0.018045,0.018202,0.018338,0.018414,0.018986,0.018707,0.017836,0.017544,0.017467,0.018560,0.019361,0.018219,0.017379,0.018174,0.018393,0.017975,0.017741,0.017900,0.017819,0.017843,0.018717,0.019007,0.018109,0.017904,0.018671,0.018180,0.017856,0.018268,0.018864,0.018721,0.017869,0.018236,0.017977,0.017830,0.018653,0.018462,0.018174,0.018758,0.018420,0.017425,0.017259,0.017281,0.017590,0.017476,0.017413,0.017834,0.017737,0.018162,0.018383,0.018030,0.018211,0.017507,0.017539,0.018564,0.017835,0.017436,0.017824,0.018332,0.018581,0.017440,0.017860,0.018430,0.018022,0.018846,0.018954,0.018009,0.017886,0.018756,0.018080,0.019734,0.018886,0.015637,0.004769,-0.018540,-0.028717,-0.028057,-0.026706,-0.027700,0.000000,0.000000,0.000000,0.000000,0.000000,0.000000
0.000000,0.000000,0.000000,0.000000,0.000000,0.000000,-0.030669,-0.025835,-0.026679,-0.027633,-0.024273,-0.011918,0.011851,0.021550,0.019083,0.017886,0.018021,0.019072,0.017866,0.017429,0.018296,0.018781,0.018185,0.018701,0.019108,0.017886,0.017166,0.017317,0.017673,0.018174,0.017709,0.017812,0.018263,0.018106,0.018472,0.017771,0.017177,0.017633,0.018024,0.019024,0.019009,0.018345,0.018419,0.018636,0.018640,0.017975,0.017892,0.018324,0.018895,0.018783,0.018103,0.017767,0.017579,0.017550,0.017667,0.018056,0.018958,0.018524,0.017514,0.017854,0.017432,0.017615,0.018119,0.018178,0.017723,0.017378,0.018126,0.018670,0.018834,0.018074,0.017501,0.017918,0.018067,0.017767,0.017610,0.018274,0.018751,0.018131,0.017521,0.017603,0.018092,0.018104,0.018559,0.018726,0.018305,0.018719,0.017396,0.017021,0.018508,0.020918,0.011455,-0.012557,-0.024417,-0.027058,-0.028214,-0.025538,-0.028316,0.000000,0.000000,0.000000,0.000000,0.000000,0.000000
0.000000,0.000000,0.000000,0.000000,0.000000,0.000000,0.000000,-0.028425,-0.026708,-0.028188,-0.030387,-0.021116,0.003999,0.017076,0.019825,0.018131,0.016382,0.018732,0.018091,0.017585,0.017652,0.018206,0.018475,0.018280,0.018418,0.018160,0.017662,0.017191,0.017505,0.017832,0.017499,0.017796,0.018064,0.018766,0.018385,0.017640,0.018113,0.017586,0.017644,0.018503,0.018796,0.018343,0.017860,0.017975,0.019001,0.018355,0.017140,0.017749,0.018404,0.019278,0.018614,0.017452,0.016991,0.016707,0.017492,0.018374,0.018530,0.018012,0.017290,0.017841,0.018728,0.018252,0.018420,0.018824,0.018354,0.017816,0.017825,0.019142,0.019522,0.018721,0.018233,0.018133,0.018029,0.017754,0.017958,0.017870,0.018291,0.018300,0.017632,0.017542,0.017762,0.017987,0.017832,0.018780,0.019568,0.018207,0.015681,0.017638,0.019056,0.016381,0.003612,-0.020622,-0.029427,-0.026994,-0.026411,-0.026539,0.000000,0.000000,0.000000,0.000000,0.000000,0.000000,0.000000
0.000000,0.000000,0.000000,0.000000,0.000000,0.000000,0.000000,-0.030673,-0.027082,-0.028421,-0.027911,-0.025126,-0.010666,0.013413,0.020100,0.018632,0.017870,0.015900,0.017856,0.018643,0.017836,0.017635,0.018168,0.017777,0.017957,0.018239,0.018068,0.017616,0.017152,0.018205,0.018176,0.017856,0.018655,0.018792,0.018577,0.018063,0.018303,0.017736,0.017486,0.018715,0.018258,0.017507,0.017154,0.017636,0.018199,0.017634,0.017047,0.017255,0.018466,0.019206,0.018921,0.017641,0.017146,0.017206,0.017639,0.018636,0.018357,0.017556,0.017352,0.018202,0.018854,0.018613,0.018215,0.018404,0.018253,0.017326,0.017384,0.018702,0.019062,0.018562,0.018121,0.017694,0.017926,0.017667,0.017431,0.018192,0.018695,0.018558,0.017966,0.018426,0.019183,0.017866,0.017491,0.019639,0.019166,0.016121,0.018186,0.019075,0.020285,0.013244,-0.010623,-0.025324,-0.027957,-0.027659,-0.026749,-0.028717,0.000000,0.000000,0.000000,0.000000,0.000000,0.000000,0.000000
0.000000,0.000000,0.000000,0.000000,0.000000,0.000000,0.000000,0.000000,-0.027313,-0.026661,-0.026028,-0.027745,-0.018891,0.006589,0.018056,0.019107,0.020533,0.018017,0.017962,0.019409,0.018138,0.017452,0.018260,0.018164,0.017377,0.017298,0.018458,0.018851,0.017733,0.017399,0.018388,0.018548,0.018538,0.018751,0.018578,0.018643,0.018533,0.017880,0.017939,0.018872,0.018350,0.017523,0.017646,0.017480,0.017838,0.018136,0.017365,0.017346,0.018574,0.018837,0.018366,0.017814,0.017675,0.017889,0.017953,0.018331,0.018351,0.017499,0.017362,0.018270,0.018357,0.018215,0.018188,0.018297,0.017796,0.017032,0.017230,0.017838,0.018279,0.018515,0.018379,0.017374,0.017202,0.017981,0.018017,0.018176,0.018148,0.017747,0.018334,0.019191,0.018872,0.017210,0.017862,0.019092,0.017141,0.017762,0.020194,0.018372,0.017768,0.006356,-0.018883,-0.029715,-0.027654,-0.025412,-0.028521,0.000000,0.000000,0.000000,0.000000,0.000000,0.000000,0.000000,0.000000
0.000000,0.000000,0.000000,0.000000,0.000000,0.000000,0.000000,0.000000,-0.031048,-0.026905,-0.027511,-0.027221,-0.024508,-0.012813,0.007381,0.018125,0.020961,0.020481,0.017501,0.018010,0.019082,0.017879,0.017486,0.018500,0.018258,0.017891,0.018716,0.019233,0.018866,0.017320,0.017396,0.018039,0.017827,0.018610,0.017970,0.017918,0.018762,0.018157,0.017889,0.018288,0.018400,0.018408,0.018138,0.017747,0.018481,0.018960,0.018196,0.018546,0.019355,0.018585,0.017505,0.017822,0.018142,0.018084,0.018432,0.018251,0.017521,0.017338,0.017518,0.017840,0.018094,0.018243,0.018609,0.018446,0.018367,0.017900,0.017095,0.017484,0.018379,0.019094,0.018655,0.017524,0.017445,0.018192,0.018247,0.017452,0.017347,0.018133,0.018490,0.018628,0.017400,0.017215,0.018743,0.018079,0.017074,0.019545,0.019964,0.016758,0.006210,-0.013310,-0.025445,-0.028448,-0.026850,-0.025621,-0.028285,0.000000,0.000000,0.000000,0.000000,0.000000,0.000000,0.000000,0.000000
0.000000,0.000000,0.000000,0.000000,0.000000,0.000000,0.000000,0.000000,0.000000,-0.028916,-0.027230,-0.028657,-0.027889,-0.024634,-0.013938,0.005600,0.016484,0.019723,0.018126,0.016112,0.018592,0.018943,0.018058,0.018638,0.019155,0.018168,0.018722,0.018860,0.017832,0.017515,0.016834,0.016625,0.017791,0.018455,0.017780,0.017854,0.018931,0.018412,0.017465,0.017929,0.017634,0.017497,0.017936,0.018057,0.018516,0.018784,0.019043,0.019004,0.018789,0.018429,0.016955,0.017129,0.018307,0.018161,0.018209,0.017718,0.016828,0.017338,0.017700,0.017378,0.017711,0.018025,0.018248,0.018135,0.017857,0.017559,0.017301,0.017883,0.018650,0.019210,0.018900,0.017686,0.017375,0.018137,0.018015,0.017574,0.018122,0.018589,0.018600,0.017948,0.018202,0.018616,0.018387,0.017257,0.018442,0.019172,0.016271,0.005631,-0.014702,-0.025021,-0.027291,-0.028009,-0.025023,-0.027263,0.000000,0.000000,0.000000,0.000000,0.000000,0.000000,0.000000,0.000000,0.000000
0.000000,0.000000,0.000000,0.000000,0.000000,0.000000,0.000000,0.000000,0.000000,-0.029999,-0.026691,-0.026699,-0.026900,-0.025896,-0.025830,-0.012483,0.011791,0.019579,0.019398,0.017755,0.016417,0.018631,0.019050,0.018830,0.018225,0.018164,0.018301,0.017997,0.017324,0.017247,0.017360,0.017131,0.017954,0.018923,0.018604,0.018418,0.018864,0.018099,0.017140,0.017535,0.017377,0.017204,0.017512,0.017633,0.018318,0.018733,0.018792,0.018129,0.017622,0.018101,0.017139,0.016928,0.017631,0.017875,0.018388,0.017825,0.017737,0.017957,0.017316,0.017232,0.017647,0.017722,0.017899,0.018009,0.017296,0.017147,0.017644,0.018323,0.018179,0.018138,0.018863,0.018142,0.017768,0.018728,0.018234,0.017911,0.018454,0.018152,0.017595,0.018250,0.019062,0.018605,0.016799,0.018257,0.019258,0.019311,0.011872,-0.011731,-0.025659,-0.026758,-0.027048,-0.026378,-0.025684,-0.027916,0.000000,0.000000,0.000000,0.000000,0.000000,0.000000,0.000000,0.000000,0.000000
0.000000,0.000000,0.000000,0.000000,0.000000,0.000000,0.000000,0.000000,0.000000,0.000000,-0.030503,-0.025749,-0.025914,-0.026777,-0.027361,-0.020243,0.003623,0.017155,0.019156,0.020882,0.017793,0.016591,0.018100,0.019049,0.018034,0.017754,0.017858,0.017680,0.018036,0.017332,0.017470,0.018220,0.018667,0.019080,0.018371,0.018046,0.018173,0.017734,0.017339,0.017516,0.017939,0.017934,0.017651,0.017610,0.018157,0.018580,0.018191,0.017714,0.017711,0.017473,0.017715,0.017856,0.017476,0.018166,0.019086,0.019069,0.018723,0.018230,0.017942,0.018039,0.018119,0.018640,0.018862,0.018326,0.017644,0.017745,0.017986,0.018268,0.018025,0.017688,0.018487,0.018628,0.018678,0.018396,0.017782,0.018403,0.018307,0.017074,0.017482,0.019245,0.019124,0.017438,0.017985,0.020900,0.018777,0.017306,0.005340,-0.019878,-0.027832,-0.027228,-0.027659,-0.026636,-0.030103,0.000000,0.000000,0.000000,0.000000,0.000000,0.000000,0.000000,0.000000,0.000000,0.000000
0.000000,0.000000,0.000000,0.000000,0.000000,0.000000,0.000000,0.000000,0.000000,0.000000,0.000000,-0.028546,-0.025616,-0.027407,-0.028472,-0.025958,-0.015558,0.007119,0.018244,0.018841,0.020490,0.017618,0.016354,0.017998,0.018364,0.017557,0.017726,0.017808,0.017864,0.018147,0.017765,0.017729,0.018374,0.018883,0.017600,0.016778,0.017104,0.017143,0.018139,0.018693,0.018308,0.018396,0.018481,0.018400,0.018046,0.017786,0.017914,0.017747,0.017429,0.017958,0.018657,0.018101,0.018129,0.018601,0.018925,0.019000,0.018094,0.018271,0.018486,0.018427,0.018851,0.019000,0.019276,0.019043,0.018121,0.017966,0.018282,0.017970,0.017672,0.018003,0.018589,0.018544,0.018067,0.017629,0.018096,0.018311,0.017222,0.017408,0.018370,0.018401,0.017258,0.017722,0.020227,0.019141,0.018271,0.007890,-0.012729,-0.024474,-0.028971,-0.027408,-0.025572,-0.028955,0.000000,0.000000,0.000000,0.000000,0.000000,0.000000,0.000000,0.000000,0.000000,0.000000,0.000000
0.000000,0.000000,0.000000,0.000000,0.000000,0.000000,0.000000,0.000000,0.000000,0.000000,0.000000,-0.028671,-0.027717,-0.027460,-0.028312,-0.028301,-0.026653,-0.014904,0.007097,0.016547,0.018642,0.020441,0.017333,0.016277,0.018639,0.019374,0.018177,0.017236,0.017178,0.017962,0.018345,0.017805,0.017922,0.018910,0.018105,0.016724,0.016833,0.017005,0.017948,0.018961,0.018486,0.018580,0.019036,0.018865,0.018346,0.018071,0.018711,0.018288,0.017522,0.018552,0.018570,0.017721,0.018328,0.018730,0.018150,0.018027,0.018057,0.017684,0.017534,0.018486,0.018887,0.018325,0.018772,0.019000,0.017970,0.017577,0.017765,0.017962,0.018064,0.017626,0.018106,0.018287,0.017916,0.018303,0.017979,0.017071,0.017339,0.018713,0.018477,0.016289,0.016742,0.019288,0.017843,0.015806,0.006433,-0.012348,-0.024013,-0.029112,-0.029205,-0.026799,-0.026440,-0.029589,0.000000,0.000000,0.000000,0.000000,0.000000,0.000000,0.000000,0.000000,0.000000,0.000000,0.000000
0.000000,0.000000,0.000000,0.000000,0.000000,0.000000,0.000000,0.000000,0.000000,0.000000,0.000000,0.000000,-0.029744,-0.026919,-0.026201,-0.027266,-0.028216,-0.026485,-0.014787,0.006866,0.016769,0.018488,0.020485,0.016986,0.016141,0.019091,0.019284,0.017984,0.017159,0.017128,0.018138,0.018726,0.018654,0.018303,0.018245,0.018512,0.017835,0.017380,0.017992,0.018318,0.017889,0.018161,0.018791,0.018287,0.017837,0.017881,0.018856,0.018749,0.017696,0.017904,0.017894,0.018228,0.018514,0.018772,0.018751,0.017953,0.017728,0.017451,0.017417,0.018049,0.017983,0.018125,0.018672,0.017945,0.017332,0.017296,0.017276,0.017859,0.018253,0.017528,0.017992,0.018865,0.018384,0.018074,0.017974,0.018492,0.019097,0.018617,0.016710,0.016990,0.019583,0.017979,0.016016,0.005719,-0.015200,-0.024709,-0.026472,-0.029101,-0.028352,-0.026653,-0.029627,0.000000,0.000000,0.000000,0.000000,0.000000,0.000000,0.000000,0.000000,0.000000,0.000000,0.000000,0.000000
0.000000,0.000000,0.000000,0.000000,0.000000,0.000000,0.000000,0.000000,0.000000,0.000000,0.000000,0.000000,0.000000,-0.027951,-0.024968,-0.025978,-0.028787,-0.027572,-0.026473,-0.015717,0.006446,0.016457,0.018170,0.019529,0.017201,0.016894,0.018688,0.018777,0.018657,0.017897,0.017525,0.018329,0.018543,0.018542,0.018666,0.018580,0.018114,0.018103,0.018930,0.018636,0.018042,0.018289,0.017753,0.017255,0.017348,0.017791,0.018330,0.018181,0.017561,0.017557,0.017856,0.017925,0.018589,0.018708,0.018437,0.018248,0.017867,0.017995,0.017524,0.017680,0.017982,0.018313,0.018679,0.017978,0.017182,0.017318,0.017818,0.017665,0.017995,0.018401,0.018702,0.019158,0.018194,0.017630,0.018974,0.019677,0.018422,0.016931,0.017738,0.019828,0.018771,0.016221,0.005432,-0.015521,-0.025378,-0.027441,-0.028686,-0.026037,-0.025798,-0.027920,0.000000,0.000000,0.000000,0.000000,0.000000,0.000000,0.000000,0.000000,0.000000,0.000000,0.000000,0.000000,0.000000
0.000000,0.000000,0.000000,0.000000,0.000000,0.000000,0.000000,0.000000,0.000000,0.000000,0.000000,0.000000,0.000000,0.000000,-0.026789,-0.024728,-0.026209,-0.029518,-0.029190,-0.027119,-0.015242,0.006731,0.016787,0.018427,0.019420,0.018644,0.017950,0.017972,0.019196,0.019099,0.018198,0.017987,0.018389,0.019427,0.019124,0.018158,0.018168,0.017691,0.018135,0.019183,0.019190,0.018715,0.017824,0.017191,0.017246,0.018662,0.019351,0.018700,0.018051,0.017582,0.017849,0.017631,0.018056,0.018500,0.017858,0.018443,0.018765,0.017768,0.017483,0.017823,0.018216,0.018173,0.018459,0.018587,0.017273,0.017161,0.018153,0.018905,0.019586,0.019102,0.019158,0.018576,0.017612,0.018592,0.018784,0.017506,0.017793,0.019129,0.019162,0.018158,0.017300,0.005698,-0.016379,-0.026215,-0.028301,-0.029042,-0.026199,-0.025402,-0.027076,0.000000,0.000000,0.000000,0.000000,0.000000,0.000000,0.000000,0.000000,0.000000,0.000000,0.000000,0.000000,0.000000,0.000000
0.000000,0.000000,0.000000,0.000000,0.000000,0.000000,0.000000,0.000000,0.000000,0.000000,0.000000,0.000000,0.000000,0.000000,0.000000,-0.028396,-0.025094,-0.027088,-0.030316,-0.028469,-0.025969,-0.014709,0.006234,0.017229,0.019587,0.019640,0.020301,0.018062,0.016526,0.019299,0.019708,0.018050,0.017642,0.018410,0.018334,0.018716,0.018339,0.017140,0.017625,0.018638,0.018601,0.018719,0.018511,0.017553,0.017922,0.018538,0.019060,0.019141,0.018390,0.017918,0.017759,0.018532,0.018123,0.017801,0.018614,0.018715,0.018144,0.017846,0.018252,0.017929,0.017893,0.018317,0.018021,0.017463,0.017518,0.017933,0.018343,0.019021,0.018896,0.018189,0.018394,0.018842,0.018596,0.018695,0.017011,0.018285,0.020384,0.020089,0.019617,0.016709,0.006424,-0.015232,-0.027384,-0.027530,-0.027942,-0.027004,-0.026332,-0.027955,0.000000,0.000000,0.000000,0.000000,0.000000,0.000000,0.000000,0.000000,0.000000,0.000000,0.000000,0.000000,0.000000,0.000000,0.000000
0.000000,0.000000,0.000000,0.000000,0.000000,0.000000,0.000000,0.000000,0.000000,0.000000,0.000000,0.000000,0.000000,0.000000,0.000000,0.000000,-0.027276,-0.026303,-0.028156,-0.029580,-0.028173,-0.026621,-0.015295,0.004004,0.011694,0.015773,0.019516,0.019265,0.017559,0.016429,0.017771,0.018091,0.018212,0.018654,0.018354,0.017780,0.017941,0.018703,0.018688,0.018121,0.017848,0.017988,0.017726,0.017256,0.018006,0.018375,0.018389,0.018690,0.018170,0.017535,0.017227,0.017811,0.017529,0.017188,0.018581,0.018855,0.018598,0.018841,0.018584,0.018406,0.017891,0.017699,0.017678,0.017568,0.018034,0.018254,0.018025,0.017247,0.017216,0.018308,0.018342,0.018140,0.018081,0.016778,0.018510,0.020586,0.019928,0.015766,0.011390,0.004213,-0.014475,-0.026550,-0.028697,-0.028790,-0.025826,-0.025794,-0.029504,0.000000,0.000000,0.000000,0.000000,0.000000,0.000000,0.000000,0.000000,0.000000,0.000000,0.000000,0.000000,0.000000,0.000000,0.000000,0.000000
0.000000,0.000000,0.000000,0.000000,0.000000,0.000000,0.000000,0.000000,0.000000,0.000000,0.000000,0.000000,0.000000,0.000000,0.000000,0.000000,0.000000,-0.027564,-0.025971,-0.026864,-0.028181,-0.028212,-0.024340,-0.019456,-0.012332,0.004536,0.016220,0.017744,0.018433,0.017351,0.016737,0.017250,0.018224,0.019299,0.018820,0.018254,0.018230,0.018538,0.018681,0.018865,0.018813,0.017919,0.017929,0.017401,0.017026,0.018254,0.018819,0.018601,0.018171,0.017550,0.017372,0.017555,0.017549,0.017739,0.018050,0.018184,0.018744,0.018943,0.018596,0.018288,0.018269,0.018344,0.018595,0.018906,0.018561,0.017945,0.017773,0.017876,0.018020,0.018294,0.017894,0.016787,0.017108,0.019016,0.020053,0.018822,0.017299,0.005366,-0.012599,-0.019737,-0.025235,-0.029466,-0.028504,-0.026493,-0.026172,-0.027722,0.000000,0.000000,0.000000,0.000000,0.000000,0.000000,0.000000,0.000000,0.000000,0.000000,0.000000,0.000000,0.000000,0.000000,0.000000,0.000000,0.000000
0.000000,0.000000,0.000000,0.000000,0.000000,0.000000,0.000000,0.000000,0.000000,0.000000,0.000000,0.000000,0.000000,0.000000,0.000000,0.000000,0.000000,0.000000,-0.027067,-0.025288,-0.026037,-0.026644,-0.026647,-0.026416,-0.025989,-0.015482,0.006639,0.017347,0.019050,0.018651,0.017889,0.018755,0.017794,0.016938,0.017174,0.019545,0.019913,0.018544,0.018304,0.018355,0.018126,0.018258,0.018865,0.018493,0.017823,0.018344,0.018792,0.018306,0.018391,0.018286,0.017424,0.017807,0.018795,0.018186,0.017397,0.017531,0.018016,0.018604,0.018446,0.018031,0.018390,0.018643,0.017882,0.017509,0.018069,0.019030,0.019913,0.019673,0.018208,0.016651,0.017017,0.019076,0.018462,0.020191,0.021275,0.018586,0.008005,-0.013720,-0.025890,-0.027413,-0.028165,-0.028717,-0.027460,-0.025487,-0.026971,0.000000,0.000000,0.000000,0.000000,0.000000,0.000000,0.000000,0.000000,0.000000,0.000000,0.000000,0.000000,0.000000,0.000000,0.000000,0.000000,0.000000,0.000000
0.000000,0.000000,0.000000,0.000000,0.000000,0.000000,0.000000,0.000000,0.000000,0.000000,0.000000,0.000000,0.000000,0.000000,0.000000,0.000000,0.000000,0.000000,0.000000,-0.029483,-0.026038,-0.025492,-0.026423,-0.027182,-0.027164,-0.025468,-0.013912,0.005268,0.012281,0.015659,0.020463,0.019112,0.017876,0.018348,0.017393,0.017033,0.018440,0.018867,0.018943,0.018357,0.018174,0.018896,0.018415,0.018361,0.018200,0.018125,0.019271,0.018668,0.018296,0.018415,0.017622,0.017783,0.018608,0.018362,0.018012,0.018168,0.018172,0.018173,0.017760,0.017609,0.017676,0.018044,0.018004,0.018238,0.018594,0.018238,0.018170,0.017585,0.018811,0.019566,0.017727,0.018502,0.021281,0.017020,0.012853,0.007266,-0.011216,-0.024510,-0.027207,-0.026961,-0.026686,-0.026597,-0.026053,-0.029698,0.000000,0.000000,0.000000,0.000000,0.000000,0.000000,0.000000,0.000000,0.000000,0.000000,0.000000,0.000000,0.000000,0.000000,0.000000,0.000000,0.000000,0.000000,0.000000
0.000000,0.000000,0.000000,0.000000,0.000000,0.000000,0.000000,0.000000,0.000000,0.000000,0.000000,0.000000,0.000000,0.000000,0.000000,0.000000,0.000000,0.000000,0.000000,0.000000,-0.029579,-0.026717,-0.025059,-0.027467,-0.027798,-0.027188,-0.025561,-0.020152,-0.010572,0.004111,0.011844,0.016846,0.020780,0.018892,0.017849,0.018339,0.017921,0.017868,0.018108,0.017926,0.018749,0.019175,0.018881,0.018253,0.017572,0.017668,0.018151,0.018188,0.018237,0.018638,0.018304,0.017739,0.017531,0.018086,0.018354,0.018038,0.017805,0.017296,0.017723,0.018162,0.018567,0.019186,0.018964,0.018551,0.018835,0.017838,0.017298,0.018610,0.018671,0.020223,0.021188,0.015058,0.011045,0.004009,-0.011465,-0.019152,-0.023506,-0.027278,-0.027967,-0.026236,-0.024714,-0.026616,-0.029130,0.000000,0.000000,0.000000,0.000000,0.000000,0.000000,0.000000,0.000000,0.000000,0.000000,0.000000,0.000000,0.000000,0.000000,0.000000,0.000000,0.000000,0.000000,0.000000,0.000000
0.000000,0.000000,0.000000,0.000000,0.000000,0.000000,0.000000,0.000000,0.000000,0.000000,0.000000,0.000000,0.000000,0.000000,0.000000,0.000000,0.000000,0.000000,0.000000,0.000000,0.000000,-0.028004,-0.028688,-0.026346,-0.026468,-0.028996,-0.027997,-0.029064,-0.025493,-0.019896,-0.011335,0.004967,0.012540,0.015952,0.019699,0.020293,0.019197,0.017255,0.017633,0.017449,0.016916,0.018213,0.018691,0.017605,0.017844,0.018477,0.017766,0.017523,0.018157,0.019107,0.018805,0.017538,0.017305,0.017231,0.017637,0.018222,0.018248,0.017983,0.018142,0.018478,0.018707,0.018877,0.017603,0.017186,0.017568,0.017474,0.019495,0.020805,0.020460,0.016248,0.011456,0.003038,-0.012801,-0.021051,-0.026641,-0.029704,-0.026984,-0.027686,-0.026500,-0.024758,-0.027449,-0.029822,0.000000,0.000000,0.000000,0.000000,0.000000,0.000000,0.000000,0.000000,0.000000,0.000000,0.000000,0.000000,0.000000,0.000000,0.000000,0.000000,0.000000,0.000000,0.000000,0.000000,0.000000
0.000000,0.000000,0.000000,0.000000,0.000000,0.000000,0.000000,0.000000,0.000000,0.000000,0.000000,0.000000,0.000000,0.000000,0.000000,0.000000,0.000000,0.000000,0.000000,0.000000,0.000000,0.000000,0.000000,-0.028926,-0.026122,-0.027034,-0.028066,-0.027796,-0.029119,-0.030510,-0.024974,-0.019526,-0.011591,0.004249,0.013123,0.017174,0.020318,0.019573,0.018509,0.019307,0.017125,0.016360,0.018615,0.017326,0.017210,0.018504,0.019100,0.018348,0.017969,0.019237,0.019225,0.018279,0.017695,0.017254,0.017858,0.018957,0.018615,0.018077,0.017788,0.018402,0.018757,0.016932,0.017667,0.018731,0.017694,0.018590,0.020515,0.017228,0.012691,0.003780,-0.013071,-0.020565,-0.024537,-0.029905,-0.028765,-0.027383,-0.026477,-0.024908,-0.025693,-0.026870,0.000000,0.000000,0.000000,0.000000,0.000000,0.000000,0.000000,0.000000,0.000000,0.000000,0.000000,0.000000,0.000000,0.000000,0.000000,0.000000,0.000000,0.000000,0.000000,0.000000,0.000000,0.000000,0.000000
0.000000,0.000000,0.000000,0.000000,0.000000,0.000000,0.000000,0.000000,0.000000,0.000000,0.000000,0.000000,0.000000,0.000000,0.000000,0.000000,0.000000,0.000000,0.000000,0.000000,0.000000,0.000000,0.000000,0.000000,-0.027306,-0.027977,-0.025803,-0.026538,-0.029040,-0.028138,-0.027655,-0.028394,-0.023459,-0.019082,-0.010778,0.004969,0.010234,0.012526,0.018711,0.020639,0.018813,0.018266,0.018738,0.018423,0.017114,0.017122,0.018522,0.018068,0.017697,0.018105,0.018298,0.018364,0.018283,0.018004,0.018229,0.018279,0.018018,0.017403,0.018377,0.019433,0.019043,0.019334,0.020384,0.020791,0.018563,0.012461,0.009650,0.004539,-0.011341,-0.020310,-0.025520,-0.030148,-0.027266,-0.026448,-0.027124,-0.025999,-0.025802,-0.026716,-0.029059,0.000000,0.000000,0.000000,0.000000,0.000000,0.000000,0.000000,0.000000,0.000000,0.000000,0.000000,0.000000,0.000000,0.000000,0.000000,0.000000,0.000000,0.000000,0.000000,0.000000,0.000000,0.000000,0.000000,0.000000
0.000000,0.000000,0.000000,0.000000,0.000000,0.000000,0.000000,0.000000,0.000000,0.000000,0.000000,0.000000,0.000000,0.000000,0.000000,0.000000,0.000000,0.000000,0.000000,0.000000,0.000000,0.000000,0.000000,0.000000,0.000000,0.000000,-0.027905,-0.026078,-0.027289,-0.027157,-0.026602,-0.025963,-0.026684,-0.028270,-0.026002,-0.018309,-0.015534,-0.010322,0.005230,0.009280,0.007241,0.011439,0.017663,0.020837,0.020447,0.020996,0.020946,0.020292,0.019711,0.019168,0.018960,0.019180,0.019782,0.019895,0.019677,0.020308,0.020459,0.020620,0.021527,0.021982,0.018445,0.012669,0.009142,0.010439,0.005811,-0.009545,-0.016370,-0.019053,-0.026489,-0.029275,-0.027841,-0.027901,-0.027076,-0.025361,-0.026367,-0.027370,-0.027661,0.000000,0.000000,0.000000,0.000000,0.000000,0.000000,0.000000,0.000000,0.000000,0.000000,0.000000,0.000000,0.000000,0.000000,0.000000,0.000000,0.000000,0.000000,0.000000,0.000000,0.000000,0.000000,0.000000,0.000000,0.000000,0.000000
0.000000,0.000000,0.000000,0.000000,0.000000,0.000000,0.000000,0.000000,0.000000,0.000000,0.000000,0.000000,0.000000,0.000000,0.000000,0.000000,0.000000,0.000000,0.000000,0.000000,0.000000,0.000000,0.000000,0.000000,0.000000,0.000000,0.000000,0.000000,-0.030145,-0.028477,-0.026315,-0.026478,-0.028240,-0.027649,-0.028658,-0.029121,-0.027162,-0.024817,-0.020410,-0.016182,-0.018123,-0.013212,0.004374,0.011130,0.011033,0.011854,0.010833,0.009886,0.007992,0.006884,0.005552,0.004448,0.004498,0.005295,0.006258,0.008510,0.009763,0.010735,0.010994,0.011793,0.005411,-0.011727,-0.017300,-0.015465,-0.019225,-0.024159,-0.027818,-0.029118,-0.027853,-0.026868,-0.027197,-0.026519,-0.025918,-0.026332,-0.028865,0.000000,0.000000,0.000000,0.000000,0.000000,0.000000,0.000000,0.000000,0.000000,0.000000,0.000000,0.000000,0.000000,0.000000,0.000000,0.000000,0.000000,0.000000,0.000000,0.000000,0.000000,0.000000,0.000000,0.000000,0.000000,0.000000,0.000000,0.000000
0.000000,0.000000,0.000000,0.000000,0.000000,0.000000,0.000000,0.000000,0.000000,0.000000,0.000000,0.000000,0.000000,0.000000,0.000000,0.000000,0.000000,0.000000,0.000000,0.000000,0.000000,0.000000,0.000000,0.000000,0.000000,0.000000,0.000000,0.000000,0.000000,0.000000,-0.030168,-0.028103,-0.026550,-0.027614,-0.028316,-0.027744,-0.026752,-0.027504,-0.028527,-0.027670,-0.030609,-0.028175,-0.019491,-0.015730,-0.014871,-0.015934,-0.016916,-0.018138,-0.019434,-0.019101,-0.020356,-0.022092,-0.022709,-0.021918,-0.020235,-0.018390,-0.017207,-0.016907,-0.015819,-0.015360,-0.019317,-0.026216,-0.028881,-0.027481,-0.026790,-0.026715,-0.026496,-0.025709,-0.026432,-0.026992,-0.026844,-0.028279,-0.028533,0.000000,0.000000,0.000000,0.000000,0.000000,0.000000,0.000000,0.000000,0.000000,0.000000,0.000000,0.000000,0.000000,0.000000,0.000000,0.000000,0.000000,0.000000,0.000000,0.000000,0.000000,0.000000,0.000000,0.000000,0.000000,0.000000,0.000000,0.000000,0.000000,0.000000
0.000000,0.000000,0.000000,0.000000,0.000000,0.000000,0.000000,0.000000,0.000000,0.000000,0.000000,0.000000,0.000000,0.000000,0.000000,0.000000,0.000000,0.000000,0.000000,0.000000,0.000000,0.000000,0.000000,0.000000,0.000000,0.000000,0.000000,0.000000,0.000000,0.000000,0.000000,0.000000,-0.031044,-0.027807,-0.026447,-0.026732,-0.027143,-0.027690,-0.026010,-0.026566,-0.028877,-0.028198,-0.027360,-0.027877,-0.028173,-0.028123,-0.028817,-0.029408,-0.028757,-0.027690,-0.027715,-0.028937,-0.029785,-0.029539,-0.028695,-0.027942,-0.027804,-0.028925,-0.029744,-0.028844,-0.027162,-0.026793,-0.028094,-0.025649,-0.023948,-0.026579,-0.025864,-0.025702,-0.027192,-0.027026,-0.030996,0.000000,0.000000,0.000000,0.000000,0.000000,0.000000,0.000000,0.000000,0.000000,0.000000,0.000000,0.000000,0.000000,0.000000,0.000000,0.000000,0.000000,0.000000,0.000000,0.000000,0.000000,0.000000,0.000000,0.000000,0.000000,0.000000,0.000000,0.000000,0.000000,0.000000,0.000000,0.000000
0.000000,0.000000,0.000000,0.000000,0.000000,0.000000,0.000000,0.000000,0.000000,0.000000,0.000000,0.000000,0.000000,0.000000,0.000000,0.000000,0.000000,0.000000,0.000000,0.000000,0.000000,0.000000,0.000000,0.000000,0.000000,0.000000,0.000000,0.000000,0.000000,0.000000,0.000000,0.000000,0.000000,0.000000,-0.027918,-0.029253,-0.028096,-0.027431,-0.026630,-0.026808,-0.026548,-0.025760,-0.026999,-0.027364,-0.027409,-0.026316,-0.025395,-0.025900,-0.026384,-0.026544,-0.026032,-0.026951,-0.028063,-0.027643,-0.026943,-0.026501,-0.025300,-0.025860,-0.028461,-0.028643,-0.027195,-0.026305,-0.026316,-0.025737,-0.025587,-0.025865,-0.026450,-0.028242,-0.028769,0.000000,0.000000,0.000000,0.000000,0.000000,0.000000,0.000000,0.000000,0.000000,0.000000,0.000000,0.000000,0.000000,0.000000,0.000000,0.000000,0.000000,0.000000,0.000000,0.000000,0.000000,0.000000,0.000000,0.000000,0.000000,0.000000,0.000000,0.000000,0.000000,0.000000,0.000000,0.000000,0.000000,0.000000
0.000000,0.000000,0.000000,0.000000,0.000000,0.000000,0.000000,0.000000,0.000000,0.000000,0.000000,0.000000,0.000000,0.000000,0.000000,0.000000,0.000000,0.000000,0.000000,0.000000,0.000000,0.000000,0.000000,0.000000,0.000000,0.000000,0.000000,0.000000,0.000000,0.000000,0.000000,0.000000,0.000000,0.000000,0.000000,0.000000,0.000000,-0.029209,-0.029799,-0.029192,-0.029011,-0.028715,-0.027246,-0.027741,-0.027093,-0.024977,-0.025027,-0.026575,-0.028162,-0.027591,-0.027022,-0.028151,-0.028707,-0.028385,-0.027665,-0.026902,-0.025423,-0.024551,-0.025545,-0.027740,-0.028833,-0.028274,-0.027221,-0.027507,-0.028589,-0.029058,0.000000,0.000000,0.000000,0.000000,0.000000,0.000000,0.000000,0.000000,0.000000,0.000000,0.000000,0.000000,0.000000,0.000000,0.000000,0.000000,0.000000,0.000000,0.000000,0.000000,0.000000,0.000000,0.000000,0.000000,0.000000,0.000000,0.000000,0.000000,0.000000,0.000000,0.000000,0.000000,0.000000,0.000000,0.000000,0.000000,0.000000
0.000000,0.000000,0.000000,0.000000,0.000000,0.000000,0.000000,0.000000,0.000000,0.000000,0.000000,0.000000,0.000000,0.000000,0.000000,0.000000,0.000000,0.000000,0.000000,0.000000,0.000000,0.000000,0.000000,0.000000,0.000000,0.000000,0.000000,0.000000,0.000000,0.000000,0.000000,0.000000,0.000000,0.000000,0.000000,0.000000,0.000000,0.000000,0.000000,0.000000,0.000000,0.000000,-0.029040,-0.027352,-0.028424,-0.028614,-0.026647,-0.028150,-0.029831,-0.028550,-0.027313,-0.026577,-0.028566,-0.029474,-0.028705,-0.028524,-0.027012,-0.026210,-0.026343,-0.027405,-0.029506,0.000000,0.000000,0.000000,0.000000,0.000000,0.000000,0.000000,0.000000,0.000000,0.000000,0.000000,0.000000,0.000000,0.000000,0.000000,0.000000,0.000000,0.000000,0.000000,0.000000,0.000000,0.000000,0.000000,0.000000,0.000000,0.000000,0.000000,0.000000,0.000000,0.000000,0.000000,0.000000,0.000000,0.000000,0.000000,0.000000,0.000000,0.000000,0.000000,0.000000,0.000000,0.000000
0.000000,0.000000,0.000000,0.000000,0.000000,0.000000,0.000000,0.000000,0.000000,0.000000,0.000000,0.000000,0.000000,0.000000,0.000000,0.000000,0.000000,0.000000,0.000000,0.000000,0.000000,0.000000,0.000000,0.000000,0.000000,0.000000,0.000000,0.000000,0.000000,0.000000,0.000000,0.000000,0.000000,0.000000,0.000000,0.000000,0.000000,0.000000,0.000000,0.000000,0.000000,0.000000,0.000000,0.000000,0.000000,0.000000,0.000000,0.000000,0.000000,0.000000,0.000000,-0.028840,0.000000,0.000000,0.000000,0.000000,0.000000,0.000000,0.000000,0.000000,0.000000,0.000000,0.000000,0.000000,0.000000,0.000000,0.000000,0.000000,0.000000,0.000000,0.000000,0.000000,0.000000,0.000000,0.000000,0.000000,0.000000,0.000000,0.000000,0.000000,0.000000,0.000000,0.000000,0.000000,0.000000,0.000000,0.000000,0.000000,0.000000,0.000000,0.000000,0.000000,0.000000,0.000000,0.000000,0.000000,0.000000,0.000000,0.000000,0.000000,0.000000,0.000000,0.000000
0.000000,0.000000,0.000000,0.000000,0.000000,0.000000,0.000000,0.000000,0.000000,0.000000,0.000000,0.000000,0.000000,0.000000,0.000000,0.000000,0.000000,0.000000,0.000000,0.000000,0.000000,0.000000,0.000000,0.000000,0.000000,0.000000,0.000000,0.000000,0.000000,0.000000,0.000000,0.000000,0.000000,0.000000,0.000000,0.000000,0.000000,0.000000,0.000000,0.000000,0.000000,0.000000,0.000000,0.000000,0.000000,0.000000,0.000000,0.000000,0.000000,0.000000,0.000000,0.000000,0.000000,0.000000,0.000000,0.000000,0.000000,0.000000,0.000000,0.000000,0.000000,0.000000,0.000000,0.000000,0.000000,0.000000,0.000000,0.000000,0.000000,0.000000,0.000000,0.000000,0.000000,0.000000,0.000000,0.000000,0.000000,0.000000,0.000000,0.000000,0.000000,0.000000,0.000000,0.000000,0.000000,0.000000,0.000000,0.000000,0.000000,0.000000,0.000000,0.000000,0.000000,0.000000,0.000000,0.000000,0.000000,0.000000,0.000000,0.000000,0.000000,0.000000,0.000000
