0.000000,0.000000,0.000000,0.000000,0.000000,0.000000,0.000000,0.000000,0.000000,0.000000,0.000000,0.000000,0.000000,0.000000,0.000000,0.000000,0.000000,0.000000,0.000000,0.000000,0.000000,0.000000,0.000000,0.000000,0.000000,0.000000,0.000000,0.000000,0.000000,0.000000,0.000000,0.000000,0.000000,0.000000,0.000000,0.000000,0.000000,0.000000,0.000000,0.000000,0.000000,0.000000,0.000000,0.000000,0.000000,0.000000,0.000000,0.000000,0.000000,0.000000,0.000000,0.000000,0.000000,0.000000,0.000000,0.000000,0.000000,0.000000,0.000000,0.000000,0.000000,0.000000,0.000000,0.000000,0.000000,0.000000,0.000000,0.000000,0.000000,0.000000,0.000000,0.000000,0.000000,0.000000,0.000000,0.000000,0.000000,0.000000,0.000000,0.000000,0.000000,0.000000,0.000000,0.000000,0.000000,0.000000,0.000000,0.000000,0.000000,0.000000,0.000000,0.000000,0.000000,0.000000,0.000000,0.000000,0.000000,0.000000,0.000000,0.000000,0.000000,0.000000,0.000000
0.000000,0.000000,0.000000,0.000000,0.000000,0.000000,0.000000,0.000000,0.000000,0.000000,0.000000,0.000000,0.000000,0.000000,0.000000,0.000000,0.000000,0.000000,0.000000,0.000000,0.000000,0.000000,0.000000,0.000000,0.000000,0.000000,0.000000,0.000000,0.000000,0.000000,0.000000,0.000000,0.000000,0.000000,0.000000,0.000000,0.000000,0.000000,0.000000,0.000000,0.000000,0.000000,0.000000,0.000000,0.000000,0.000000,0.000000,0.000000,0.000000,0.000000,0.000000,-0.000002,0.000000,0.000000,0.000000,0.000000,0.000000,0.000000,0.000000,0.000000,0.000000,0.000000,0.000000,0.000000,0.000000,0.000000,0.000000,0.000000,0.000000,0.000000,0.000000,0.000000,0.000000,0.000000,0.000000,0.000000,0.000000,0.000000,0.000000,0.000000,0.000000,0.000000,0.000000,0.000000,0.000000,0.000000,0.000000,0.000000,0.000000,0.000000,0.000000,0.000000,0.000000,0.000000,0.000000,0.000000,0.000000,0.000000,0.000000,0.000000,0.000000,0.000000,0.000000
0.000000,0.000000,0.000000,0.000000,0.000000,0.000000,0.000000,0.000000,0.000000,0.000000,0.000000,0.000000,0.000000,0.000000,0.000000,0.000000,0.000000,0.000000,0.000000,0.000000,0.000000,0.000000,0.000000,0.000000,0.000000,0.000000,0.000000,0.000000,0.000000,0.000000,0.000000,0.000000,0.000000,0.000000,0.000000,0.000000,0.000000,0.000000,0.000000,0.000000,0.000000,0.000000,-0.000001,0.000000,-0.000001,-0.000000,-0.000000,-0.000001,-0.000001,0.000001,0.000002,-0.000001,-0.000002,-0.000000,-0.000001,0.000000,0.000000,0.000000,0.000001,-0.000000,0.000004,0.000000,0.000000,0.000000,0.000000,0.000000,0.000000,0.000000,0.000000,0.000000,0.000000,0.000000,0.000000,0.000000,0.000000,0.000000,0.000000,0.000000,0.000000,0.000000,0.000000,0.000000,0.000000,0.000000,0.000000,0.000000,0.000000,0.000000,0.000000,0.000000,0.000000,0.000000,0.000000,0.000000,0.000000,0.000000,0.000000,0.000000,0.000000,0.000000,0.000000,0.000000,0.000000
0.000000,0.000000,0.000000,0.000000,0.000000,0.000000,0.000000,0.000000,0.000000,0.000000,0.000000,0.000000,0.000000,0.000000,0.000000,0.000000,0.000000,0.000000,0.000000,0.000000,0.000000,0.000000,0.000000,0.000000,0.000000,0.000000,0.000000,0.000000,0.000000,0.000000,0.000000,0.000000,0.000000,0.000000,0.000000,0.000000,0.000000,-0.000000,0.000000,0.000000,-0.000000,-0.000000,0.000001,0.000000,0.000000,0.000001,0.000001,0.000001,0.000000,-0.000000,0.000000,0.000001,-0.000000,0.000001,0.000000,-0.000000,-0.000000,-0.000001,-0.000001,-0.000003,-0.000001,-0.000000,-0.000003,-0.000002,0.000000,-0.000002,0.000000,0.000000,0.000000,0.000000,0.000000,0.000000,0.000000,0.000000,0.000000,0.000000,0.000000,0.000000,0.000000,0.000000,0.000000,0.000000,0.000000,0.000000,0.000000,0.000000,0.000000,0.000000,0.000000,0.000000,0.000000,0.000000,0.000000,0.000000,0.000000,0.000000,0.000000,0.000000,0.000000,0.000000,0.000000,0.000000,0.000000
0.000000,0.000000,0.000000,0.000000,0.000000,0.000000,0.000000,0.000000,0.000000,0.000000,0.000000,0.000000,0.000000,0.000000,0.000000,0.000000,0.000000,0.000000,0.000000,0.000000,0.000000,0.000000,0.000000,0.000000,0.000000,0.000000,0.000000,0.000000,0.000000,0.000000,0.000000,0.000000,0.000000,0.000000,0.000000,-0.000000,0.000000,-0.000000,-0.000002,0.000001,-0.000001,0.000000,-0.000002,-0.000000,-0.000001,-0.000000,-0.000001,-0.000000,0.000001,-0.000000,-0.000001,0.000000,0.000000,0.000001,-0.000000,0.000001,0.000001,0.000001,0.000003,0.000002,0.000001,0.000002,0.000003,0.000001,0.000003,0.000005,0.000002,-0.000002,-0.000001,0.000000,0.000000,0.000000,0.000000,0.000000,0.000000,0.000000,0.000000,0.000000,0.000000,0.000000,0.000000,0.000000,0.000000,0.000000,0.000000,0.000000,0.000000,0.000000,0.000000,0.000000,0.000000,0.000000,0.000000,0.000000,0.000000,0.000000,0.000000,0.000000,0.000000,0.000000,0.000000,0.000000,0.000000
0.000000,0.000000,0.000000,0.000000,0.000000,0.000000,0.000000,0.000000,0.000000,0.000000,0.000000,0.000000,0.000000,0.000000,0.000000,0.000000,0.000000,0.000000,0.000000,0.000000,0.000000,0.000000,0.000000,0.000000,0.000000,0.000000,0.000000,0.000000,0.000000,0.000000,0.000000,0.000000,0.000000,0.000000,0.000001,0.000001,-0.000000,0.000001,0.000001,0.000000,-0.000000,0.000000,0.000001,0.000001,0.000001,0.000001,-0.000000,0.000001,-0.000000,0.000002,-0.000001,0.000001,-0.000001,-0.000001,-0.000002,-0.000002,-0.000001,-0.000004,-0.000002,-0.000003,-0.000002,-0.000003,-0.000001,-0.000003,-0.000003,-0.000002,0.000001,-0.000001,-0.000003,0.000001,0.000004,0.000000,0.000000,0.000000,0.000000,0.000000,0.000000,0.000000,0.000000,0.000000,0.000000,0.000000,0.000000,0.000000,0.000000,0.000000,0.000000,0.000000,0.000000,0.000000,0.000000,0.000000,0.000000,0.000000,0.000000,0.000000,0.000000,0.000000,0.000000,0.000000,0.000000,0.000000,0.000000
0.000000,0.000000,0.000000,0.000000,0.000000,0.000000,0.000000,0.000000,0.000000,0.000000,0.000000,0.000000,0.000000,0.000000,0.000000,0.000000,0.000000,0.000000,0.000000,0.000000,0.000000,0.000000,0.000000,0.000000,0.000000,0.000000,0.000000,0.000000,0.000000,0.000000,-0.000000,-0.000000,-0.000002,0.000000,-0.000001,-0.000001,-0.000000,-0.000000,-0.000001,0.000000,-0.000002,0.000001,-0.000002,0.000001,-0.000002,-0.000001,-0.000000,0.000000,-0.000001,-0.000001,0.000000,0.000001,-0.000001,0.000002,0.000001,0.000002,0.000003,0.000003,0.000002,0.000003,0.000004,0.000002,0.000003,0.000002,0.000001,-0.000000,-0.000000,0.000002,-0.000001,-0.000002,0.000001,0.000000,-0.000003,0.000000,0.000000,0.000000,0.000000,0.000000,0.000000,0.000000,0.000000,0.000000,0.000000,0.000000,0.000000,0.000000,0.000000,0.000000,0.000000,0.000000,0.000000,0.000000,0.000000,0.000000,0.000000,0.000000,0.000000,0.000000,0.000000,0.000000,0.000000,0.000000,0.000000
0.000000,0.000000,0.000000,0.000000,0.000000,0.000000,0.000000,0.000000,0.000000,0.000000,0.000000,0.000000,0.000000,0.000000,0.000000,0.000000,0.000000,0.000000,0.000000,0.000000,0.000000,0.000000,0.000000,0.000000,0.000000,0.000000,0.000000,0.000000,-0.000001,0.000001,0.000002,0.000001,0.000000,0.000002,-0.000001,0.000002,-0.000000,0.000001,-0.000000,0.000001,0.000001,0.000001,-0.000000,0.000002,0.000000,0.000001,0.000000,0.000001,-0.000001,0.000002,-0.000001,0.000001,-0.000001,-0.000001,-0.000001,-0.000004,-0.000003,-0.000004,-0.000002,-0.000005,-0.000002,-0.000004,-0.000002,-0.000002,0.000001,-0.000000,-0.000000,0.000000,0.000002,-0.000000,0.000001,0.000002,-0.000002,0.000001,0.000002,0.000000,0.000000,0.000000,0.000000,0.000000,0.000000,0.000000,0.000000,0.000000,0.000000,0.000000,0.000000,0.000000,0.000000,0.000000,0.000000,0.000000,0.000000,0.000000,0.000000,0.000000,0.000000,0.000000,0.000000,0.000000,0.000000,0.000000,0.000000
0.000000,0.000000,0.000000,0.000000,0.000000,0.000000,0.000000,0.000000,0.000000,0.000000,0.000000,0.000000,0.000000,0.000000,0.000000,0.000000,0.000000,0.000000,0.000000,0.000000,0.000000,0.000000,0.000000,0.000000,0.000000,0.000000,0.000002,-0.000001,-0.000003,-0.000001,-0.000001,-0.000001,-0.000001,-0.000000,-0.000002,0.000001,-0.000001,-0.000001,-0.000001,0.000000,-0.000002,-0.000000,-0.000002,-0.000001,-0.000001,0.000001,-0.000001,-0.000000,-0.000001,0.000000,-0.000001,0.000000,0.000002,0.000002,0.000002,0.000003,0.000004,0.000004,0.000005,0.000003,0.000004,0.000002,0.000002,-0.000000,0.000000,-0.000001,-0.000002,-0.000001,-0.000001,0.000001,-0.000002,0.000001,-0.000001,-0.000001,0.000000,0.000000,-0.000002,0.000000,0.000000,0.000000,0.000000,0.000000,0.000000,0.000000,0.000000,0.000000,0.000000,0.000000,0.000000,0.000000,0.000000,0.000000,0.000000,0.000000,0.000000,0.000000,0.000000,0.000000,0.000000,0.000000,0.000000,0.000000,0.000000
0.000000,0.000000,0.000000,0.000000,0.000000,0.000000,0.000000,0.000000,0.000000,0.000000,0.000000,0.000000,0.000000,0.000000,0.000000,0.000000,0.000000,0.000000,0.000000,0.000000,0.000000,0.000000,0.000000,0.000000,-0.000003,0.000001,0.000003,0.000001,-0.000000,0.000003,0.000000,0.000001,0.000001,0.000001,0.000000,0.000002,-0.000000,0.000002,0.000000,0.000002,-0.000000,0.000002,0.000001,0.000001,-0.000000,0.000001,0.000001,0.000000,0.000001,0.000001,-0.000001,-0.000001,-0.000001,-0.000002,-0.000004,-0.000004,-0.000002,-0.000007,-0.000003,-0.000005,-0.000001,-0.000003,0.000002,-0.000001,0.000001,0.000001,0.000002,0.000001,0.000001,0.000001,-0.000001,0.000001,0.000000,-0.000000,-0.000001,0.000002,-0.000001,0.000001,0.000001,0.000000,0.000000,0.000000,0.000000,0.000000,0.000000,0.000000,0.000000,0.000000,0.000000,0.000000,0.000000,0.000000,0.000000,0.000000,0.000000,0.000000,0.000000,0.000000,0.000000,0.000000,0.000000,0.000000,0.000000
0.000000,0.000000,0.000000,0.000000,0.000000,0.000000,0.000000,0.000000,0.000000,0.000000,0.000000,0.000000,0.000000,0.000000,0.000000,0.000000,0.000000,0.000000,0.000000,0.000000,0.000000,0.000000,0.000000,0.000002,-0.000002,0.000001,-0.000001,-0.000003,0.000001,-0.000002,-0.000002,0.000000,-0.000002,-0.000000,-0.000001,-0.000000,-0.000002,-0.000000,-0.000002,-0.000001,-0.000001,-0.000000,-0.000001,-0.000000,-0.000001,-0.000001,-0.000000,-0.000000,-0.000001,-0.000001,0.000002,0.000001,0.000003,0.000001,0.000006,0.000004,0.000006,0.000004,0.000005,0.000003,0.000002,-0.000000,-0.000001,-0.000000,-0.000002,-0.000001,-0.000002,0.000000,-0.000003,0.000001,-0.000001,0.000000,0.000000,-0.000000,-0.000001,0.000000,-0.000001,-0.000001,0.000001,-0.000000,0.000000,0.000000,0.000000,0.000000,0.000000,0.000000,0.000000,0.000000,0.000000,0.000000,0.000000,0.000000,0.000000,0.000000,0.000000,0.000000,0.000000,0.000000,0.000000,0.000000,0.000000,0.000000,0.000000
0.000000,0.000000,0.000000,0.000000,0.000000,0.000000,0.000000,0.000000,0.000000,0.000000,0.000000,0.000000,0.000000,0.000000,0.000000,0.000000,0.000000,0.000000,0.000000,0.000000,0.000000,-0.000004,-0.000000,0.000002,-0.000001,0.000002,-0.000001,0.000002,0.000000,0.000002,0.000000,0.000003,0.000001,0.000000,0.000001,0.000001,0.000000,0.000002,0.000001,0.000001,0.000001,0.000001,0.000000,0.000001,0.000001,0.000001,0.000000,0.000001,-0.000001,-0.000001,-0.000000,-0.000003,-0.000003,-0.000004,-0.000003,-0.000007,-0.000004,-0.000006,-0.000002,-0.000004,0.000001,0.000001,0.000003,0.000001,0.000002,0.000001,0.000000,0.000002,0.000000,0.000001,0.000000,0.000001,-0.000002,0.000002,-0.000001,0.000001,-0.000000,0.000002,-0.000001,-0.000001,-0.000001,0.000002,0.000000,0.000000,0.000000,0.000000,0.000000,0.000000,0.000000,0.000000,0.000000,0.000000,0.000000,0.000000,0.000000,0.000000,0.000000,0.000000,0.000000,0.000000,0.000000,0.000000,0.000000
0.000000,0.000000,0.000000,0.000000,0.000000,0.000000,0.000000,0.000000,0.000000,0.000000,0.000000,0.000000,0.000000,0.000000,0.000000,0.000000,0.000000,0.000000,0.000000,0.000000,0.000003,0.000001,0.000004,0.000002,-0.000001,0.000000,-0.000000,0.000000,-0.000002,-0.000002,-0.000001,-0.000001,-0.000002,-0.000000,-0.000001,-0.000001,-0.000002,-0.000001,-0.000002,-0.000001,-0.000002,-0.000000,-0.000001,-0.000001,0.000000,-0.000002,0.000000,-0.000000,0.000002,-0.000001,0.000003,0.000001,0.000006,0.000002,0.000008,0.000003,0.000008,0.000003,0.000003,-0.000000,-0.000000,-0.000001,-0.000003,-0.000001,-0.000003,0.000001,-0.000003,0.000001,-0.000002,0.000000,-0.000002,0.000001,-0.000000,0.000000,-0.000001,0.000000,-0.000000,0.000000,-0.000001,-0.000001,-0.000000,0.000000,-0.000001,0.000000,0.000000,0.000000,0.000000,0.000000,0.000000,0.000000,0.000000,0.000000,0.000000,0.000000,0.000000,0.000000,0.000000,0.000000,0.000000,0.000000,0.000000,0.000000,0.000000
0.000000,0.000000,0.000000,0.000000,0.000000,0.000000,0.000000,0.000000,0.000000,0.000000,0.000000,0.000000,0.000000,0.000000,0.000000,0.000000,0.000000,0.000000,0.000000,-0.000002,-0.000004,-0.000003,-0.000004,-0.000002,-0.000003,0.000001,-0.000002,0.000002,-0.000000,0.000003,0.000001,0.000001,0.000002,0.000002,0.000001,0.000001,0.000002,0.000001,0.000003,0.000001,0.000002,0.000001,0.000002,-0.000000,0.000000,-0.000000,0.000001,-0.000002,-0.000001,-0.000002,-0.000002,-0.000006,-0.000002,-0.000008,-0.000005,-0.000007,-0.000004,-0.000005,0.000000,0.000001,0.000003,0.000002,0.000001,0.000003,0.000001,0.000001,-0.000000,0.000002,-0.000002,0.000002,-0.000002,0.000002,-0.000001,0.000000,-0.000001,0.000001,0.000000,-0.000000,-0.000000,0.000003,-0.000001,0.000000,-0.000001,0.000000,0.000000,0.000000,0.000000,0.000000,0.000000,0.000000,0.000000,0.000000,0.000000,0.000000,0.000000,0.000000,0.000000,0.000000,0.000000,0.000000,0.000000,0.000000,0.000000
0.000000,0.000000,0.000000,0.000000,0.000000,0.000000,0.000000,0.000000,0.000000,0.000000,0.000000,0.000000,0.000000,0.000000,0.000000,0.000000,0.000000,0.000000,-0.000000,0.000006,0.000003,0.000005,0.000003,0.000004,0.000004,0.000002,0.000000,0.000001,-0.000001,-0.000001,-0.000002,-0.000002,-0.000001,-0.000002,-0.000003,-0.000002,-0.000001,-0.000003,-0.000002,-0.000002,-0.000002,-0.000002,-0.000000,-0.000001,0.000000,0.000000,0.000001,-0.000001,0.000003,0.000002,0.000006,0.000003,0.000008,0.000004,0.000009,0.000004,0.000005,-0.000000,-0.000001,-0.000002,-0.000004,-0.000001,-0.000003,0.000000,-0.000003,0.000001,-0.000001,0.000001,-0.000000,0.000000,-0.000000,0.000000,-0.000002,0.000001,-0.000000,0.000000,-0.000001,-0.000000,0.000000,-0.000000,-0.000001,-0.000000,0.000000,-0.000000,0.000000,0.000000,0.000000,0.000000,0.000000,0.000000,0.000000,0.000000,0.000000,0.000000,0.000000,0.000000,0.000000,0.000000,0.000000,0.000000,0.000000,0.000000,0.000000
0.000000,0.000000,0.000000,0.000000,0.000000,0.000000,0.000000,0.000000,0.000000,0.000000,0.000000,0.000000,0.000000,0.000000,0.000000,0.000000,0.000000,0.000005,-0.000006,-0.000002,-0.000007,-0.000004,-0.000007,-0.000004,-0.000006,-0.000003,-0.000004,0.000001,-0.000002,0.000002,0.000001,0.000002,0.000001,0.000001,0.000002,0.000002,0.000002,0.000002,0.000002,0.000002,0.000003,0.000001,0.000001,0.000000,0.000001,-0.000002,-0.000001,-0.000002,-0.000003,-0.000004,-0.000004,-0.000008,-0.000005,-0.000009,-0.000003,-0.000007,0.000000,0.000001,0.000003,0.000004,0.000002,0.000003,0.000002,0.000002,-0.000001,0.000002,-0.000001,0.000001,-0.000002,0.000002,-0.000002,0.000002,-0.000002,0.000001,-0.000000,0.000000,-0.000001,0.000001,-0.000001,0.000001,-0.000002,0.000003,-0.000001,-0.000000,-0.000000,-0.000000,0.000000,0.000000,0.000000,0.000000,0.000000,0.000000,0.000000,0.000000,0.000000,0.000000,0.000000,0.000000,0.000000,0.000000,0.000000,0.000000,0.000000
0.000000,0.000000,0.000000,0.000000,0.000000,0.000000,0.000000,0.000000,0.000000,0.000000,0.000000,0.000000,0.000000,0.000000,0.000000,0.000000,-0.000009,0.000003,-0.000004,0.000007,0.000003,0.000008,0.000006,0.000007,0.000005,0.000005,0.000004,0.000003,0.000001,0.000001,-0.000001,-0.000001,-0.000002,-0.000002,-0.000001,-0.000002,-0.000003,-0.000002,-0.000002,-0.000004,-0.000002,-0.000002,-0.000001,-0.000000,0.000000,0.000000,0.000003,0.000003,0.000006,0.000002,0.000009,0.000005,0.000011,0.000004,0.000007,0.000001,-0.000001,-0.000003,-0.000005,-0.000004,-0.000003,-0.000001,-0.000003,-0.000000,-0.000001,0.000002,-0.000001,0.000001,-0.000000,0.000001,-0.000000,0.000001,0.000000,0.000001,-0.000001,0.000000,0.000000,0.000000,-0.000000,-0.000001,0.000002,-0.000001,-0.000001,-0.000000,0.000001,0.000000,0.000000,0.000000,0.000000,0.000000,0.000000,0.000000,0.000000,0.000000,0.000000,0.000000,0.000000,0.000000,0.000000,0.000000,0.000000,0.000000,0.000000
0.000000,0.000000,0.000000,0.000000,0.000000,0.000000,0.000000,0.000000,0.000000,0.000000,0.000000,0.000000,0.000000,0.000000,0.000000,0.000005,0.000003,0.000010,-0.000002,0.000006,-0.000006,-0.000004,-0.000009,-0.000007,-0.000008,-0.000006,-0.000007,-0.000003,-0.000004,-0.000000,-0.000001,0.000001,0.000001,0.000003,0.000002,0.000002,0.000003,0.000004,0.000004,0.000003,0.000002,0.000002,0.000002,-0.000001,-0.000000,-0.000002,-0.000002,-0.000006,-0.000004,-0.000009,-0.000005,-0.000011,-0.000005,-0.000008,-0.000000,0.000000,0.000006,0.000005,0.000005,0.000005,-0.000000,0.000005,-0.000001,0.000002,-0.000001,0.000000,-0.000002,0.000001,-0.000001,0.000001,-0.000002,0.000001,-0.000001,0.000000,0.000000,0.000001,-0.000001,0.000000,-0.000001,0.000002,-0.000001,0.000000,-0.000000,0.000002,-0.000000,-0.000000,-0.000000,0.000000,0.000000,0.000000,0.000000,0.000000,0.000000,0.000000,0.000000,0.000000,0.000000,0.000000,0.000000,0.000000,0.000000,0.000000,0.000000
0.000000,0.000000,0.000000,0.000000,0.000000,0.000000,0.000000,0.000000,0.000000,0.000000,0.000000,0.000000,0.000000,0.000000,-0.000000,-0.000006,-0.000004,-0.000002,-0.000015,0.000001,-0.000007,0.000006,0.000007,0.000010,0.000010,0.000009,0.000008,0.000006,0.000005,0.000002,0.000002,0.000000,-0.000000,-0.000003,-0.000003,-0.000002,-0.000003,-0.000004,-0.000004,-0.000003,-0.000002,-0.000003,-0.000001,-0.000001,0.000002,0.000003,0.000005,0.000004,0.000010,0.000006,0.000014,0.000005,0.000010,0.000001,-0.000002,-0.000005,-0.000008,-0.000005,-0.000006,-0.000001,-0.000003,-0.000000,-0.000001,0.000001,-0.000002,0.000002,-0.000000,0.000002,-0.000001,0.000001,0.000000,0.000001,0.000000,0.000000,-0.000000,0.000000,-0.000001,-0.000001,0.000001,-0.000002,0.000001,-0.000001,0.000001,-0.000000,-0.000001,-0.000001,0.000001,-0.000000,-0.000000,0.000000,0.000000,0.000000,0.000000,0.000000,0.000000,0.000000,0.000000,0.000000,0.000000,0.000000,0.000000,0.000000,0.000000
0.000000,0.000000,0.000000,0.000000,0.000000,0.000000,0.000000,0.000000,0.000000,0.000000,0.000000,0.000000,0.000000,-0.000002,0.000006,-0.000002,0.000007,0.000006,0.000001,0.000020,-0.000000,0.000010,-0.000007,-0.000008,-0.000012,-0.000011,-0.000011,-0.000008,-0.000008,-0.000004,-0.000004,-0.000000,-0.000000,0.000001,0.000003,0.000004,0.000005,0.000004,0.000004,0.000005,0.000004,0.000002,0.000001,-0.000000,-0.000002,-0.000005,-0.000004,-0.000011,-0.000007,-0.000015,-0.000009,-0.000012,-0.000002,0.000002,0.000007,0.000008,0.000008,0.000006,0.000002,0.000004,-0.000001,0.000004,-0.000003,0.000002,-0.000001,0.000000,0.000000,-0.000000,-0.000002,0.000000,-0.000000,0.000000,-0.000000,-0.000000,-0.000000,0.000000,-0.000000,0.000002,-0.000000,0.000001,-0.000001,0.000001,-0.000000,-0.000000,-0.000001,0.000002,0.000000,-0.000000,-0.000000,0.000000,0.000000,0.000000,0.000000,0.000000,0.000000,0.000000,0.000000,0.000000,0.000000,0.000000,0.000000,0.000000,0.000000
0.000000,0.000000,0.000000,0.000000,0.000000,0.000000,0.000000,0.000000,0.000000,0.000000,0.000000,0.000000,0.000003,-0.000004,0.000003,-0.000007,0.000003,-0.000006,-0.000007,-0.000000,-0.000027,-0.000001,-0.000011,0.000007,0.000013,0.000014,0.000015,0.000012,0.000011,0.000007,0.000006,0.000003,0.000000,0.000000,-0.000003,-0.000003,-0.000008,-0.000004,-0.000006,-0.000005,-0.000005,-0.000003,0.000000,0.000001,0.000005,0.000004,0.000011,0.000008,0.000017,0.000008,0.000016,0.000004,-0.000002,-0.000009,-0.000011,-0.000008,-0.000008,-0.000002,-0.000005,0.000001,-0.000002,0.000001,-0.000002,0.000002,-0.000001,0.000002,-0.000001,0.000002,0.000000,0.000001,0.000000,-0.000001,0.000001,0.000001,-0.000001,-0.000000,0.000001,-0.000001,-0.000000,-0.000001,0.000001,-0.000000,-0.000000,-0.000000,0.000001,-0.000000,-0.000002,-0.000000,-0.000000,0.000001,-0.000001,0.000000,0.000000,0.000000,0.000000,0.000000,0.000000,0.000000,0.000000,0.000000,0.000000,0.000000,0.000000
0.000000,0.000000,0.000000,0.000000,0.000000,0.000000,0.000000,0.000000,0.000000,0.000000,0.000000,-0.000004,0.000001,-0.000003,0.000005,-0.000004,0.000008,-0.000004,0.000006,0.000010,-0.000001,0.000037,0.000002,0.000014,-0.000009,-0.000017,-0.000017,-0.000017,-0.000013,-0.000011,-0.000010,-0.000007,-0.000003,-0.000001,0.000003,0.000003,0.000008,0.000007,0.000007,0.000005,0.000005,0.000001,0.000000,-0.000004,-0.000003,-0.000012,-0.000009,-0.000019,-0.000010,-0.000018,-0.000006,0.000002,0.000009,0.000014,0.000012,0.000009,0.000002,0.000006,-0.000001,0.000003,-0.000002,0.000003,-0.000001,0.000001,-0.000002,0.000000,-0.000001,-0.000001,0.000000,-0.000001,-0.000000,-0.000001,0.000000,0.000001,0.000000,0.000000,0.000001,-0.000000,-0.000001,0.000001,-0.000001,-0.000001,0.000001,0.000001,-0.000000,-0.000001,0.000001,0.000001,0.000000,0.000001,0.000000,0.000002,0.000000,0.000000,0.000000,0.000000,0.000000,0.000000,0.000000,0.000000,0.000000,0.000000,0.000000
0.000000,0.000000,0.000000,0.000000,0.000000,0.000000,0.000000,0.000000,0.000000,0.000000,0.000000,-0.000000,0.000004,-0.000004,0.000003,-0.000007,0.000006,-0.000009,0.000007,-0.000007,-0.000011,0.000002,-0.000049,-0.000005,-0.000016,0.000008,0.000024,0.000018,0.000022,0.000015,0.000015,0.000010,0.000008,0.000002,-0.000001,-0.000002,-0.000010,-0.000008,-0.000010,-0.000006,-0.000004,-0.000001,0.000002,0.000004,0.000013,0.000009,0.000022,0.000012,0.000025,0.000008,-0.000001,-0.000012,-0.000017,-0.000014,-0.000012,-0.000003,-0.000007,0.000002,-0.000003,0.000002,-0.000002,0.000002,-0.000001,0.000000,-0.000000,0.000002,0.000000,0.000001,0.000000,0.000000,0.000001,0.000001,0.000000,-0.000000,-0.000000,-0.000000,-0.000000,-0.000001,0.000002,-0.000000,-0.000001,0.000001,0.000000,-0.000001,-0.000002,0.000001,0.000000,0.000000,-0.000002,-0.000000,-0.000002,0.000000,0.000000,0.000000,0.000000,0.000000,0.000000,0.000000,0.000000,0.000000,0.000000,0.000000,0.000000
0.000000,0.000000,0.000000,0.000000,0.000000,0.000000,0.000000,0.000000,0.000000,0.000000,0.000002,0.000002,0.000002,-0.000002,0.000004,-0.000004,0.000007,-0.000007,0.000010,-0.000008,0.000007,0.000014,-0.000005,0.000064,0.000010,0.000018,-0.000009,-0.000031,-0.000023,-0.000025,-0.000020,-0.000017,-0.000012,-0.000008,-0.000002,0.000001,0.000012,0.000009,0.000012,0.000007,0.000004,-0.000003,-0.000002,-0.000012,-0.000010,-0.000024,-0.000015,-0.000030,-0.000014,0.000000,0.000013,0.000021,0.000019,0.000013,0.000003,0.000007,-0.000000,0.000003,-0.000002,0.000003,-0.000002,0.000002,-0.000001,0.000001,-0.000001,-0.000000,-0.000001,-0.000000,0.000000,-0.000001,-0.000000,-0.000000,-0.000000,-0.000001,0.000001,-0.000000,0.000001,0.000000,-0.000000,-0.000000,0.000000,-0.000000,-0.000001,0.000001,-0.000000,0.000001,-0.000000,0.000000,0.000001,0.000002,0.000000,-0.000000,-0.000001,0.000000,0.000000,0.000000,0.000000,0.000000,0.000000,0.000000,0.000000,0.000000,0.000000
0.000000,0.000000,0.000000,0.000000,0.000000,0.000000,0.000000,0.000000,0.000000,-0.000003,-0.000002,-0.000001,-0.000001,-0.000003,0.000004,-0.000006,0.000005,-0.000008,0.000010,-0.000012,0.000013,-0.000009,-0.000016,0.000010,-0.000083,-0.000018,-0.000020,0.000007,0.000041,0.000028,0.000033,0.000022,0.000022,0.000013,0.000011,0.000001,-0.000015,-0.000011,-0.000014,-0.000009,-0.000001,0.000002,0.000014,0.000010,0.000027,0.000017,0.000038,0.000019,0.000002,-0.000014,-0.000025,-0.000024,-0.000017,-0.000005,-0.000008,0.000001,-0.000004,0.000002,-0.000002,0.000002,-0.000001,-0.000000,-0.000001,0.000001,-0.000000,0.000000,-0.000001,0.000001,0.000000,0.000001,0.000000,0.000001,0.000000,-0.000000,-0.000000,-0.000000,-0.000001,0.000000,-0.000001,0.000001,0.000000,0.000001,-0.000001,-0.000000,-0.000000,-0.000000,-0.000002,-0.000000,-0.000001,0.000000,-0.000001,-0.000000,0.000000,0.000001,0.000000,0.000000,0.000000,0.000000,0.000000,0.000000,0.000000,0.000000,0.000000
0.000000,0.000000,0.000000,0.000000,0.000000,0.000000,0.000000,0.000000,0.000000,0.000001,0.000001,0.000002,0.000000,0.000001,0.000002,-0.000003,0.000005,-0.000006,0.000009,-0.000011,0.000014,-0.000017,0.000008,0.000018,-0.000018,0.000106,0.000030,0.000024,-0.000004,-0.000049,-0.000037,-0.000037,-0.000029,-0.000026,-0.000017,-0.000010,0.000018,0.000011,0.000018,0.000007,0.000000,-0.000013,-0.000012,-0.000031,-0.000020,-0.000047,-0.000027,-0.000005,0.000016,0.000031,0.000030,0.000019,0.000005,0.000009,-0.000001,0.000004,-0.000003,0.000003,-0.000002,0.000001,-0.000002,0.000001,-0.000001,0.000000,-0.000001,-0.000000,0.000001,-0.000001,-0.000001,-0.000000,-0.000000,-0.000000,0.000000,0.000000,0.000000,0.000000,0.000001,0.000000,-0.000000,-0.000000,-0.000000,0.000000,-0.000000,0.000002,-0.000000,0.000001,0.000001,0.000001,0.000000,-0.000001,0.000001,0.000001,-0.000000,0.000002,0.000000,0.000000,0.000000,0.000000,0.000000,0.000000,0.000000,0.000000,0.000000
0.000000,0.000000,0.000000,0.000000,0.000000,0.000000,0.000000,0.000000,0.000002,0.000003,-0.000001,-0.000001,-0.000000,-0.000002,0.000000,-0.000004,0.000004,-0.000007,0.000008,-0.000011,0.000015,-0.000017,0.000024,-0.000009,-0.000020,0.000030,-0.000130,-0.000049,-0.000031,-0.000004,0.000062,0.000042,0.000049,0.000033,0.000036,0.000017,-0.000014,-0.000016,-0.000017,-0.000011,0.000015,0.000012,0.000036,0.000024,0.000061,0.000035,0.000007,-0.000017,-0.000039,-0.000040,-0.000023,-0.000005,-0.000011,0.000002,-0.000005,0.000003,-0.000002,0.000002,-0.000001,0.000000,0.000001,0.000001,0.000001,-0.000000,-0.000000,0.000001,0.000000,0.000000,0.000001,0.000001,0.000000,-0.000000,-0.000001,0.000000,-0.000000,0.000000,-0.000001,0.000001,-0.000001,0.000001,-0.000000,-0.000001,0.000001,-0.000000,-0.000002,-0.000000,-0.000001,-0.000001,-0.000001,-0.000000,-0.000000,-0.000000,-0.000002,-0.000002,-0.000003,0.000000,0.000000,0.000000,0.000000,0.000000,0.000000,0.000000,0.000000
0.000000,0.000000,0.000000,0.000000,0.000000,0.000000,0.000000,0.000000,-0.000001,0.000001,-0.000003,0.000002,0.000000,0.000002,0.000001,0.000001,0.000003,-0.000003,0.000006,-0.000008,0.000012,-0.000017,0.000018,-0.000031,0.000007,0.000024,-0.000049,0.000156,0.000077,0.000043,0.000013,-0.000065,-0.000054,-0.000052,-0.000049,-0.000039,0.000020,0.000010,0.000025,0.000001,-0.000018,-0.000043,-0.000031,-0.000077,-0.000045,-0.000009,0.000019,0.000050,0.000053,0.000028,0.000005,0.000011,-0.000002,0.000005,-0.000003,0.000002,-0.000002,0.000001,-0.000002,0.000001,-0.000001,-0.000000,-0.000001,-0.000000,0.000001,-0.000001,0.000000,-0.000001,0.000001,-0.000001,-0.000000,-0.000000,0.000000,-0.000000,0.000001,0.000001,0.000000,0.000000,-0.000000,-0.000000,-0.000001,0.000002,-0.000001,-0.000000,0.000001,0.000001,0.000000,0.000000,0.000001,0.000001,0.000001,0.000000,0.000001,0.000002,0.000001,0.000000,0.000000,0.000000,0.000000,0.000000,0.000000,0.000000,0.000000
0.000000,0.000000,0.000000,0.000000,0.000000,0.000000,0.000000,-0.000001,-0.000003,-0.000000,0.000001,0.000000,-0.000002,-0.000000,-0.000001,-0.000002,0.000001,-0.000004,0.000005,-0.000008,0.000011,-0.000013,0.000022,-0.000023,0.000041,-0.000004,-0.000031,0.000077,-0.000182,-0.000113,-0.000057,-0.000037,0.000072,0.000051,0.000074,0.000049,-0.000018,-0.000019,-0.000016,-0.000012,0.000054,0.000039,0.000096,0.000056,0.000007,-0.000022,-0.000065,-0.000071,-0.000035,-0.000003,-0.000013,0.000004,-0.000006,0.000004,-0.000003,0.000002,-0.000000,-0.000000,0.000001,-0.000000,0.000002,-0.000001,0.000001,-0.000000,0.000000,-0.000000,0.000000,0.000001,0.000000,-0.000000,0.000001,0.000001,-0.000000,-0.000000,-0.000001,0.000001,-0.000001,0.000000,-0.000000,0.000001,-0.000000,0.000000,-0.000001,0.000000,0.000000,-0.000000,-0.000002,0.000000,-0.000001,-0.000001,-0.000003,-0.000000,-0.000001,-0.000000,0.000001,0.000003,0.000000,0.000000,0.000000,0.000000,0.000000,0.000000,0.000000
0.000000,0.000000,0.000000,0.000000,0.000000,0.000000,0.000000,0.000001,-0.000001,0.000003,-0.000002,0.000002,-0.000002,0.000003,-0.000001,0.000002,0.000001,-0.000000,0.000002,-0.000004,0.000007,-0.000011,0.000015,-0.000025,0.000028,-0.000049,-0.000004,0.000043,-0.000113,0.000196,0.000152,0.000087,0.000060,-0.000053,-0.000068,-0.000065,0.000044,0.000016,0.000037,-0.000008,-0.000047,-0.000117,-0.000064,-0.000001,0.000033,0.000086,0.000099,0.000042,0.000001,0.000012,-0.000005,0.000005,-0.000004,0.000003,-0.000002,0.000001,-0.000001,0.000001,-0.000001,-0.000000,-0.000001,-0.000000,0.000001,-0.000002,0.000000,-0.000000,0.000001,-0.000001,0.000001,-0.000001,0.000000,-0.000001,-0.000000,0.000000,-0.000000,0.000000,-0.000001,0.000001,-0.000001,0.000001,-0.000001,0.000000,0.000001,0.000000,0.000000,0.000000,0.000001,0.000001,0.000001,0.000001,0.000001,0.000002,-0.000001,-0.000000,-0.000002,0.000001,0.000000,0.000000,0.000000,0.000000,0.000000,0.000000,0.000000
0.000000,0.000000,0.000000,0.000000,0.000000,0.000000,-0.000000,0.000002,-0.000001,0.000000,-0.000002,0.000000,-0.000001,0.000001,-0.000002,0.000001,-0.000001,-0.000001,0.000002,-0.000004,0.000006,-0.000010,0.000015,-0.000020,0.000033,-0.000037,0.000062,0.000013,-0.000057,0.000152,-0.000189,-0.000201,-0.000106,-0.000114,0.000056,0.000040,-0.000078,-0.000068,-0.000034,-0.000049,0.000126,0.000067,-0.000024,-0.000049,-0.000121,-0.000137,-0.000053,0.000007,-0.000013,0.000008,-0.000004,0.000006,-0.000002,0.000002,0.000000,-0.000001,0.000000,-0.000000,0.000001,-0.000001,0.000001,-0.000001,0.000002,-0.000000,0.000001,-0.000000,0.000001,-0.000001,0.000001,-0.000000,0.000002,-0.000001,0.000001,0.000000,0.000000,-0.000000,-0.000001,0.000000,0.000000,-0.000000,0.000001,0.000000,-0.000000,0.000000,-0.000001,0.000000,-0.000001,-0.000000,-0.000003,-0.000000,-0.000001,-0.000001,-0.000001,0.000001,-0.000001,-0.000003,-0.000002,0.000000,0.000000,0.000000,0.000000,0.000000,0.000000
0.000000,0.000000,0.000000,0.000000,0.000000,0.000000,-0.000000,0.000001,-0.000001,0.000001,0.000000,0.000003,-0.000001,0.000001,-0.000002,0.000002,-0.000001,0.000001,0.000000,-0.000000,0.000003,-0.000007,0.000010,-0.000017,0.000022,-0.000037,0.000042,-0.000065,-0.000037,0.000087,-0.000201,0.000165,0.000214,0.000148,0.000129,-0.000021,0.000184,0.000114,0.000142,0.000044,-0.000033,0.000056,0.000097,0.000164,0.000194,0.000065,-0.000018,0.000010,-0.000010,0.000003,-0.000006,0.000001,-0.000002,0.000000,-0.000000,0.000001,-0.000000,0.000000,-0.000001,-0.000000,0.000000,-0.000002,0.000000,-0.000001,0.000001,-0.000001,0.000001,-0.000001,0.000001,-0.000002,-0.000001,-0.000000,-0.000000,-0.000000,-0.000001,0.000000,0.000001,0.000000,-0.000001,0.000000,0.000000,-0.000001,0.000000,0.000000,0.000001,0.000000,0.000001,0.000001,0.000001,0.000002,-0.000000,0.000001,-0.000001,0.000002,0.000001,0.000001,0.000000,0.000000,0.000000,0.000000,0.000000,0.000000,0.000000
0.000000,0.000000,0.000000,0.000000,0.000000,0.000000,-0.000002,0.000000,-0.000001,0.000001,-0.000002,0.000001,-0.000002,0.000002,-0.000001,0.000001,-0.000002,0.000001,-0.000000,-0.000000,0.000000,-0.000003,0.000008,-0.000012,0.000022,-0.000029,0.000049,-0.000054,0.000072,0.000060,-0.000106,0.000214,-0.000083,-0.000229,-0.000116,-0.000165,-0.000224,-0.000265,-0.000177,-0.000249,-0.000161,-0.000127,-0.000238,-0.000258,-0.000082,0.000048,-0.000004,0.000010,0.000001,0.000007,0.000002,-0.000000,0.000001,-0.000001,0.000000,-0.000002,0.000002,-0.000002,0.000001,-0.000001,0.000003,-0.000001,0.000001,-0.000000,0.000002,-0.000001,0.000001,-0.000000,0.000002,-0.000002,0.000002,-0.000001,0.000001,-0.000000,0.000001,-0.000001,0.000000,-0.000000,0.000000,-0.000000,0.000001,-0.000000,-0.000001,-0.000000,-0.000001,-0.000001,-0.000002,-0.000001,-0.000001,0.000000,-0.000002,0.000000,-0.000000,-0.000001,-0.000001,0.000000,0.000001,0.000003,0.000000,0.000000,0.000000,0.000000,0.000000
0.000000,0.000000,0.000000,0.000000,0.000000,0.000000,0.000000,0.000002,-0.000000,0.000001,-0.000000,0.000000,-0.000000,0.000002,-0.000002,0.000001,-0.000002,0.000003,-0.000003,0.000001,0.000000,-0.000001,0.000002,-0.000008,0.000013,-0.000026,0.000033,-0.000052,0.000051,-0.000053,-0.000114,0.000148,-0.000229,0.000006,0.000173,0.000050,0.000431,0.000234,0.000311,0.000533,0.000235,0.000225,0.000343,0.000076,-0.000097,-0.000015,-0.000010,-0.000005,-0.000007,-0.000003,-0.000001,-0.000001,0.000001,-0.000000,0.000000,0.000001,-0.000001,0.000001,0.000000,-0.000000,-0.000000,-0.000001,-0.000000,-0.000001,0.000000,-0.000001,0.000001,-0.000001,0.000001,-0.000000,-0.000000,-0.000000,-0.000000,0.000000,-0.000001,0.000000,0.000001,0.000000,0.000000,-0.000000,-0.000000,0.000000,0.000001,0.000001,0.000001,0.000001,0.000001,0.000001,0.000000,0.000001,-0.000000,0.000002,0.000000,0.000000,-0.000000,-0.000000,-0.000001,-0.000001,0.000000,0.000000,0.000000,0.000000,0.000000
0.000000,0.000000,0.000000,0.000000,0.000000,0.000001,-0.000001,-0.000001,-0.000002,0.000000,-0.000001,0.000001,-0.000001,0.000001,-0.000003,0.000002,-0.000001,0.000002,-0.000003,0.000003,-0.000003,0.000003,-0.000001,-0.000002,0.000011,-0.000017,0.000036,-0.000049,0.000074,-0.000068,0.000056,0.000129,-0.000116,0.000173,0.000054,-0.000093,-0.000255,-0.000365,-0.000400,-0.000469,-0.000231,-0.000220,-0.000045,0.000212,0.000062,0.000002,0.000013,0.000008,0.000007,-0.000002,0.000004,-0.000000,0.000001,-0.000001,0.000001,-0.000002,0.000001,-0.000002,0.000002,-0.000001,0.000001,-0.000001,0.000002,-0.000001,0.000001,-0.000001,0.000002,-0.000001,0.000002,-0.000001,0.000001,-0.000001,0.000002,-0.000001,0.000001,-0.000000,0.000000,-0.000001,0.000001,-0.000000,-0.000001,-0.000000,0.000000,-0.000002,-0.000001,-0.000001,-0.000001,-0.000000,-0.000002,0.000001,-0.000002,-0.000000,-0.000001,-0.000000,0.000001,0.000001,-0.000000,-0.000002,0.000002,0.000000,0.000000,0.000000,0.000000
0.000000,0.000000,0.000000,0.000000,-0.000000,0.000001,-0.000001,0.000002,0.000001,0.000002,-0.000000,0.000001,-0.000001,0.000001,-0.000002,0.000002,-0.000002,0.000002,-0.000002,0.000004,-0.000003,0.000003,-0.000002,0.000001,0.000001,-0.000010,0.000017,-0.000039,0.000049,-0.000065,0.000040,-0.000021,-0.000165,0.000050,-0.000093,-0.000011,0.000299,0.000480,0.000416,0.000243,0.000043,-0.000319,-0.000441,-0.000158,0.000006,-0.000018,-0.000015,-0.000009,0.000000,-0.000002,-0.000000,-0.000000,0.000000,-0.000001,0.000001,0.000001,-0.000000,0.000001,0.000001,-0.000001,0.000001,-0.000001,0.000000,-0.000001,0.000001,-0.000000,0.000000,-0.000001,0.000000,-0.000001,0.000000,-0.000001,-0.000000,-0.000001,-0.000000,-0.000000,0.000000,-0.000001,0.000000,0.000000,0.000002,-0.000000,0.000001,0.000000,0.000002,0.000002,0.000000,0.000000,0.000001,0.000000,0.000000,0.000001,0.000000,0.000000,0.000001,-0.000002,0.000003,-0.000003,-0.000001,0.000000,0.000000,0.000000,0.000000
0.000000,0.000000,0.000000,0.000000,0.000000,-0.000000,-0.000000,-0.000000,-0.000001,-0.000000,-0.000002,0.000000,-0.000002,0.000002,-0.000001,0.000002,-0.000003,0.000003,-0.000003,0.000005,-0.000008,0.000008,-0.000010,0.000012,-0.000015,0.000018,-0.000014,0.000020,-0.000018,0.000044,-0.000078,0.000184,-0.000224,0.000431,-0.000255,0.000299,0.003333,0.003333,0.003333,0.003332,0.001948,0.000818,0.000445,-0.000068,0.000014,0.000037,0.000016,-0.000004,0.000005,0.000000,0.000002,-0.000002,0.000001,-0.000001,-0.000000,-0.000002,0.000001,-0.000001,0.000000,-0.000001,0.000002,-0.000001,0.000001,-0.000001,0.000002,-0.000001,0.000000,-0.000001,0.000002,-0.000001,0.000002,-0.000001,0.000002,-0.000000,0.000002,-0.000001,0.000001,0.000000,0.000000,-0.000001,-0.000000,-0.000001,-0.000002,-0.000001,0.000000,-0.000002,-0.000001,0.000001,-0.000002,0.000000,-0.000001,0.000000,0.000000,-0.000000,0.000001,-0.000002,0.000002,0.000000,0.000001,0.000000,0.000000,0.000000,0.000000
0.000000,0.000000,0.000000,-0.000000,-0.000000,0.000001,-0.000000,0.000001,-0.000001,0.000002,-0.000000,0.000002,-0.000001,0.000001,-0.000003,0.000002,-0.000002,0.000004,-0.000004,0.000004,-0.000004,0.000007,-0.000008,0.000009,-0.000011,0.000011,-0.000016,0.000010,-0.000019,0.000016,-0.000068,0.000114,-0.000265,0.000234,-0.000365,0.000480,0.003333,0.003333,0.003333,0.003332,0.003203,0.002232,0.000763,0.000029,-0.000076,-0.000026,-0.000006,-0.000008,-0.000002,-0.000003,-0.000000,-0.000002,0.000002,-0.000000,0.000001,-0.000000,0.000001,0.000000,0.000001,0.000000,0.000000,-0.000001,0.000001,-0.000000,0.000000,-0.000002,0.000001,-0.000000,0.000001,-0.000001,0.000000,-0.000000,-0.000000,-0.000001,0.000000,-0.000002,0.000001,-0.000000,0.000001,-0.000001,0.000003,0.000000,0.000002,0.000002,0.000000,0.000001,0.000001,0.000001,-0.000000,0.000001,-0.000000,0.000000,-0.000000,-0.000002,0.000002,-0.000003,0.000002,-0.000003,0.000002,-0.000003,0.000000,0.000000,0.000000
0.000000,0.000000,0.000000,0.000000,-0.000002,0.000001,-0.000001,-0.000000,-0.000001,0.000000,-0.000002,0.000001,-0.000002,0.000003,-0.000002,0.000002,-0.000002,0.000004,-0.000004,0.000004,-0.000006,0.000007,-0.000010,0.000012,-0.000014,0.000018,-0.000017,0.000025,-0.000016,0.000037,-0.000034,0.000142,-0.000177,0.000311,-0.000400,0.000416,0.003333,0.003333,0.003333,0.003331,0.003389,0.002873,0.001357,0.000311,0.000011,-0.000033,0.000036,0.000005,0.000009,-0.000001,0.000005,-0.000000,0.000001,-0.000002,0.000001,-0.000000,-0.000000,-0.000002,0.000000,-0.000001,0.000000,0.000000,0.000000,-0.000000,0.000000,0.000000,0.000001,-0.000001,-0.000000,-0.000000,0.000001,-0.000000,0.000001,-0.000001,0.000001,0.000000,-0.000000,-0.000001,-0.000000,-0.000001,-0.000001,-0.000003,0.000000,-0.000001,-0.000002,0.000001,-0.000001,0.000000,-0.000002,0.000002,-0.000001,-0.000001,0.000003,-0.000001,0.000002,-0.000001,0.000002,-0.000002,0.000002,-0.000000,0.000000,0.000000,0.000000
0.000000,0.000000,0.000000,0.000000,0.000001,0.000000,0.000000,0.000001,0.000000,0.000002,-0.000001,0.000001,-0.000001,0.000001,-0.000002,0.000002,-0.000004,0.000003,-0.000003,0.000005,-0.000005,0.000005,-0.000006,0.000007,-0.000009,0.000007,-0.000011,0.000001,-0.000012,-0.000008,-0.000049,0.000044,-0.000249,0.000533,-0.000469,0.000243,0.003332,0.003332,0.003331,0.003330,0.003397,0.003035,0.001853,0.000495,-0.000134,-0.000036,0.000009,-0.000025,-0.000001,-0.000008,-0.000000,-0.000003,0.000000,-0.000002,0.000001,-0.000001,0.000001,-0.000000,0.000001,0.000000,-0.000001,0.000000,-0.000000,-0.000001,0.000001,0.000000,0.000001,-0.000002,0.000000,0.000000,-0.000000,-0.000000,0.000000,-0.000001,0.000000,-0.000001,0.000001,-0.000000,0.000002,0.000001,0.000001,0.000002,0.000001,0.000002,-0.000000,0.000003,-0.000001,0.000001,0.000000,0.000000,0.000001,-0.000002,0.000002,-0.000004,0.000002,-0.000003,0.000003,-0.000003,0.000001,-0.000001,0.000000,0.000000,0.000000
0.000000,0.000000,0.000000,-0.000000,-0.000001,-0.000000,-0.000002,0.000001,-0.000002,-0.000000,-0.000001,0.000001,-0.000002,0.000002,-0.000002,0.000003,-0.000002,0.000002,-0.000002,0.000004,-0.000005,0.000005,-0.000004,0.000004,-0.000001,0.000000,0.000015,-0.000018,0.000054,-0.000047,0.000126,-0.000033,-0.000161,0.000235,-0.000231,0.000043,0.001948,0.003203,0.003389,0.003397,0.003514,0.003198,0.001875,0.000514,-0.000017,0.000040,0.000007,-0.000006,0.000021,-0.000002,0.000008,-0.000001,0.000004,0.000000,0.000001,-0.000001,0.000001,-0.000001,-0.000000,-0.000001,0.000001,-0.000000,0.000001,0.000001,0.000000,-0.000000,-0.000001,-0.000000,0.000001,-0.000000,-0.000000,-0.000001,0.000001,-0.000000,0.000001,-0.000001,-0.000000,-0.000001,-0.000002,-0.000003,-0.000001,-0.000002,-0.000001,-0.000000,-0.000003,0.000003,-0.000004,0.000002,-0.000000,-0.000000,0.000002,-0.000001,0.000003,-0.000002,0.000003,-0.000002,0.000003,-0.000001,0.000002,-0.000001,0.000000,0.000000,0.000000
