0.000000,0.000000,0.000000,0.000000,0.000000,0.000000,0.000000,0.000000,0.000000,0.000000,0.000000,0.000000,0.000000,0.000000,0.000000,0.000000,0.000000,0.000000,0.000000,0.000000,0.000000,0.000000,0.000000,0.000000,0.000000,0.000000,0.000000,0.000000,0.000000,0.000000,0.000000,0.000000,0.000000,0.000000,0.000000,0.000000,0.000000,0.000000,0.000000,0.000000,0.000000,0.000000,0.000000,0.000000,0.000000,0.000000,0.000000,0.000000,0.000000,0.000000,0.000000,0.000000,0.000000,0.000000,0.000000,0.000000,0.000000,0.000000,0.000000,0.000000,0.000000,0.000000,0.000000,0.000000,0.000000,0.000000,0.000000,0.000000,0.000000,0.000000,0.000000,0.000000,0.000000,0.000000,0.000000,0.000000,0.000000,0.000000,0.000000,0.000000,0.000000,0.000000,0.000000,0.000000,0.000000,0.000000,0.000000,0.000000,0.000000,0.000000,0.000000,0.000000,0.000000,0.000000,0.000000,0.000000,0.000000,0.000000,0.000000,0.000000,0.000000,0.000000,0.000000
0.000000,0.000000,0.000000,0.000000,0.000000,0.000000,0.000000,0.000000,0.000000,0.000000,0.000000,0.000000,0.000000,0.000000,0.000000,0.000000,0.000000,0.000000,0.000000,0.000000,0.000000,0.000000,0.000000,0.000000,0.000000,0.000000,0.000000,0.000000,0.000000,0.000000,0.000000,0.000000,0.000000,0.000000,0.000000,0.000000,0.000000,0.000000,0.000000,0.000000,0.000000,0.000000,0.000000,0.000000,0.000000,0.000000,0.000000,0.000000,0.000000,0.000000,0.000000,-0.031070,0.000000,0.000000,0.000000,0.000000,0.000000,0.000000,0.000000,0.000000,0.000000,0.000000,0.000000,0.000000,0.000000,0.000000,0.000000,0.000000,0.000000,0.000000,0.000000,0.000000,0.000000,0.000000,0.000000,0.000000,0.000000,0.000000,0.000000,0.000000,0.000000,0.000000,0.000000,0.000000,0.000000,0.000000,0.000000,0.000000,0.000000,0.000000,0.000000,0.000000,0.000000,0.000000,0.000000,0.000000,0.000000,0.000000,0.000000,0.000000,0.000000,0.000000,0.000000
0.000000,0.000000,0.000000,0.000000,0.000000,0.000000,0.000000,0.000000,0.000000,0.000000,0.000000,0.000000,0.000000,0.000000,0.000000,0.000000,0.000000,0.000000,0.000000,0.000000,0.000000,0.000000,0.000000,0.000000,0.000000,0.000000,0.000000,0.000000,0.000000,0.000000,0.000000,0.000000,0.000000,0.000000,0.000000,0.000000,0.000000,0.000000,0.000000,0.000000,0.000000,0.000000,-0.034615,-0.031536,-0.031371,-0.032630,-0.031435,-0.031273,-0.031065,-0.029454,-0.028574,-0.029646,-0.031757,-0.032672,-0.032156,-0.030413,-0.029645,-0.031680,-0.033107,-0.030553,-0.030807,0.000000,0.000000,0.000000,0.000000,0.000000,0.000000,0.000000,0.000000,0.000000,0.000000,0.000000,0.000000,0.000000,0.000000,0.000000,0.000000,0.000000,0.000000,0.000000,0.000000,0.000000,0.000000,0.000000,0.000000,0.000000,0.000000,0.000000,0.000000,0.000000,0.000000,0.000000,0.000000,0.000000,0.000000,0.000000,0.000000,0.000000,0.000000,0.000000,0.000000,0.000000,0.000000
0.000000,0.000000,0.000000,0.000000,0.000000,0.000000,0.000000,0.000000,0.000000,0.000000,0.000000,0.000000,0.000000,0.000000,0.000000,0.000000,0.000000,0.000000,0.000000,0.000000,0.000000,0.000000,0.000000,0.000000,0.000000,0.000000,0.000000,0.000000,0.000000,0.000000,0.000000,0.000000,0.000000,0.000000,0.000000,0.000000,0.000000,-0.035453,-0.034007,-0.033489,-0.031634,-0.030625,-0.032427,-0.031779,-0.029991,-0.029135,-0.028603,-0.029618,-0.029792,-0.028879,-0.029840,-0.030219,-0.029494,-0.031325,-0.030379,-0.029739,-0.031013,-0.029800,-0.030033,-0.030127,-0.030597,-0.032008,-0.032786,-0.033283,-0.032862,-0.033779,0.000000,0.000000,0.000000,0.000000,0.000000,0.000000,0.000000,0.000000,0.000000,0.000000,0.000000,0.000000,0.000000,0.000000,0.000000,0.000000,0.000000,0.000000,0.000000,0.000000,0.000000,0.000000,0.000000,0.000000,0.000000,0.000000,0.000000,0.000000,0.000000,0.000000,0.000000,0.000000,0.000000,0.000000,0.000000,0.000000,0.000000
0.000000,0.000000,0.000000,0.000000,0.000000,0.000000,0.000000,0.000000,0.000000,0.000000,0.000000,0.000000,0.000000,0.000000,0.000000,0.000000,0.000000,0.000000,0.000000,0.000000,0.000000,0.000000,0.000000,0.000000,0.000000,0.000000,0.000000,0.000000,0.000000,0.000000,0.000000,0.000000,0.000000,0.000000,-0.031289,-0.032836,-0.032253,-0.031530,-0.031649,-0.031049,-0.029996,-0.029390,-0.030892,-0.031477,-0.030226,-0.029460,-0.030134,-0.029769,-0.030031,-0.030617,-0.028574,-0.027988,-0.029651,-0.031052,-0.031344,-0.031415,-0.031295,-0.030653,-0.030982,-0.030739,-0.030200,-0.030606,-0.029721,-0.028835,-0.028715,-0.030179,-0.032029,-0.031333,-0.033106,0.000000,0.000000,0.000000,0.000000,0.000000,0.000000,0.000000,0.000000,0.000000,0.000000,0.000000,0.000000,0.000000,0.000000,0.000000,0.000000,0.000000,0.000000,0.000000,0.000000,0.000000,0.000000,0.000000,0.000000,0.000000,0.000000,0.000000,0.000000,0.000000,0.000000,0.000000,0.000000,0.000000,0.000000
0.000000,0.000000,0.000000,0.000000,0.000000,0.000000,0.000000,0.000000,0.000000,0.000000,0.000000,0.000000,0.000000,0.000000,0.000000,0.000000,0.000000,0.000000,0.000000,0.000000,0.000000,0.000000,0.000000,0.000000,0.000000,0.000000,0.000000,0.000000,0.000000,0.000000,0.000000,0.000000,-0.035335,-0.031180,-0.031155,-0.029975,-0.029427,-0.030979,-0.029899,-0.031292,-0.032017,-0.031298,-0.031099,-0.030254,-0.031212,-0.031447,-0.032459,-0.033261,-0.033473,-0.033601,-0.032283,-0.032085,-0.032976,-0.032978,-0.032764,-0.032322,-0.031498,-0.032654,-0.032359,-0.031210,-0.031885,-0.031921,-0.032848,-0.030753,-0.028970,-0.030869,-0.029155,-0.028046,-0.029323,-0.030711,-0.034266,0.000000,0.000000,0.000000,0.000000,0.000000,0.000000,0.000000,0.000000,0.000000,0.000000,0.000000,0.000000,0.000000,0.000000,0.000000,0.000000,0.000000,0.000000,0.000000,0.000000,0.000000,0.000000,0.000000,0.000000,0.000000,0.000000,0.000000,0.000000,0.000000,0.000000,0.000000,0.000000
0.000000,0.000000,0.000000,0.000000,0.000000,0.000000,0.000000,0.000000,0.000000,0.000000,0.000000,0.000000,0.000000,0.000000,0.000000,0.000000,0.000000,0.000000,0.000000,0.000000,0.000000,0.000000,0.000000,0.000000,0.000000,0.000000,0.000000,0.000000,0.000000,0.000000,-0.034810,-0.031395,-0.029678,-0.030060,-0.031318,-0.030374,-0.030578,-0.030775,-0.030632,-0.031004,-0.031880,-0.028883,-0.021450,-0.015888,-0.015333,-0.017619,-0.018740,-0.021087,-0.022874,-0.023390,-0.025020,-0.025220,-0.024791,-0.023661,-0.021227,-0.019427,-0.018348,-0.017971,-0.017564,-0.017730,-0.021380,-0.029319,-0.033751,-0.032184,-0.031542,-0.031341,-0.030183,-0.029211,-0.030345,-0.030610,-0.029529,-0.030571,-0.034235,0.000000,0.000000,0.000000,0.000000,0.000000,0.000000,0.000000,0.000000,0.000000,0.000000,0.000000,0.000000,0.000000,0.000000,0.000000,0.000000,0.000000,0.000000,0.000000,0.000000,0.000000,0.000000,0.000000,0.000000,0.000000,0.000000,0.000000,0.000000,0.000000,0.000000
0.000000,0.000000,0.000000,0.000000,0.000000,0.000000,0.000000,0.000000,0.000000,0.000000,0.000000,0.000000,0.000000,0.000000,0.000000,0.000000,0.000000,0.000000,0.000000,0.000000,0.000000,0.000000,0.000000,0.000000,0.000000,0.000000,0.000000,0.000000,-0.032645,-0.031733,-0.029458,-0.028989,-0.031243,-0.030983,-0.031443,-0.033224,-0.032528,-0.027441,-0.021243,-0.016365,-0.016949,-0.011659,0.006383,0.013874,0.013357,0.012696,0.011488,0.010881,0.008205,0.006722,0.005862,0.004711,0.004551,0.005962,0.008284,0.010966,0.011489,0.012061,0.011317,0.012626,0.007333,-0.011755,-0.018392,-0.015853,-0.020698,-0.027275,-0.030653,-0.031228,-0.029866,-0.030111,-0.029812,-0.028237,-0.030404,-0.030918,-0.031837,0.000000,0.000000,0.000000,0.000000,0.000000,0.000000,0.000000,0.000000,0.000000,0.000000,0.000000,0.000000,0.000000,0.000000,0.000000,0.000000,0.000000,0.000000,0.000000,0.000000,0.000000,0.000000,0.000000,0.000000,0.000000,0.000000,0.000000,0.000000
0.000000,0.000000,0.000000,0.000000,0.000000,0.000000,0.000000,0.000000,0.000000,0.000000,0.000000,0.000000,0.000000,0.000000,0.000000,0.000000,0.000000,0.000000,0.000000,0.000000,0.000000,0.000000,0.000000,0.000000,0.000000,0.000000,-0.032577,-0.031063,-0.028331,-0.028765,-0.030557,-0.030133,-0.030825,-0.031569,-0.028585,-0.021898,-0.019230,-0.010808,0.006651,0.011702,0.011186,0.014382,0.019761,0.023577,0.022899,0.023036,0.022950,0.023119,0.022947,0.022137,0.021770,0.021332,0.021080,0.021240,0.022223,0.023249,0.023283,0.022958,0.022829,0.023870,0.021240,0.014637,0.009983,0.012094,0.007680,-0.009743,-0.017239,-0.020322,-0.028839,-0.032527,-0.029982,-0.030055,-0.032579,-0.031778,-0.030410,-0.029663,-0.034355,0.000000,0.000000,0.000000,0.000000,0.000000,0.000000,0.000000,0.000000,0.000000,0.000000,0.000000,0.000000,0.000000,0.000000,0.000000,0.000000,0.000000,0.000000,0.000000,0.000000,0.000000,0.000000,0.000000,0.000000,0.000000,0.000000
0.000000,0.000000,0.000000,0.000000,0.000000,0.000000,0.000000,0.000000,0.000000,0.000000,0.000000,0.000000,0.000000,0.000000,0.000000,0.000000,0.000000,0.000000,0.000000,0.000000,0.000000,0.000000,0.000000,0.000000,-0.034310,-0.030241,-0.030374,-0.029009,-0.029980,-0.029486,-0.030231,-0.033045,-0.027125,-0.020901,-0.010928,0.005959,0.010202,0.013107,0.021195,0.023889,0.023027,0.021012,0.020192,0.020303,0.018871,0.018999,0.020907,0.020408,0.020459,0.020689,0.020221,0.021040,0.020771,0.019870,0.020188,0.020645,0.020753,0.019682,0.019469,0.020664,0.021343,0.020755,0.021200,0.023314,0.022062,0.013707,0.010677,0.005225,-0.014116,-0.024013,-0.028091,-0.032904,-0.032620,-0.032614,-0.031569,-0.028009,-0.028028,-0.031014,-0.032424,0.000000,0.000000,0.000000,0.000000,0.000000,0.000000,0.000000,0.000000,0.000000,0.000000,0.000000,0.000000,0.000000,0.000000,0.000000,0.000000,0.000000,0.000000,0.000000,0.000000,0.000000,0.000000,0.000000,0.000000
0.000000,0.000000,0.000000,0.000000,0.000000,0.000000,0.000000,0.000000,0.000000,0.000000,0.000000,0.000000,0.000000,0.000000,0.000000,0.000000,0.000000,0.000000,0.000000,0.000000,0.000000,0.000000,0.000000,-0.033703,-0.029410,-0.029671,-0.031582,-0.030772,-0.030786,-0.033066,-0.028842,-0.022945,-0.013698,0.004996,0.015654,0.020295,0.022359,0.020757,0.020724,0.022153,0.020997,0.019209,0.020318,0.019421,0.019230,0.020842,0.021811,0.021736,0.020765,0.020318,0.020813,0.021140,0.020875,0.020384,0.020354,0.021094,0.021546,0.020560,0.018574,0.019361,0.020745,0.018331,0.019176,0.021660,0.021597,0.021406,0.022159,0.018887,0.013289,0.002630,-0.014768,-0.023307,-0.029507,-0.033796,-0.030651,-0.029480,-0.029998,-0.029025,-0.030661,-0.035134,0.000000,0.000000,0.000000,0.000000,0.000000,0.000000,0.000000,0.000000,0.000000,0.000000,0.000000,0.000000,0.000000,0.000000,0.000000,0.000000,0.000000,0.000000,0.000000,0.000000,0.000000,0.000000,0.000000
0.000000,0.000000,0.000000,0.000000,0.000000,0.000000,0.000000,0.000000,0.000000,0.000000,0.000000,0.000000,0.000000,0.000000,0.000000,0.000000,0.000000,0.000000,0.000000,0.000000,0.000000,-0.034336,-0.029992,-0.028225,-0.030153,-0.032651,-0.031588,-0.033022,-0.028452,-0.023502,-0.015904,0.003004,0.012377,0.017385,0.022813,0.022659,0.021296,0.019704,0.019556,0.019988,0.020165,0.020638,0.019931,0.019202,0.020798,0.021692,0.020665,0.020706,0.020842,0.020789,0.021002,0.020856,0.021088,0.020234,0.019927,0.020391,0.020876,0.021247,0.020306,0.019639,0.019820,0.020093,0.019836,0.019555,0.019751,0.020372,0.021548,0.022021,0.022230,0.017083,0.011973,0.002789,-0.015343,-0.022606,-0.027139,-0.031083,-0.030454,-0.033180,-0.032020,-0.029577,-0.030793,-0.034461,0.000000,0.000000,0.000000,0.000000,0.000000,0.000000,0.000000,0.000000,0.000000,0.000000,0.000000,0.000000,0.000000,0.000000,0.000000,0.000000,0.000000,0.000000,0.000000,0.000000,0.000000
0.000000,0.000000,0.000000,0.000000,0.000000,0.000000,0.000000,0.000000,0.000000,0.000000,0.000000,0.000000,0.000000,0.000000,0.000000,0.000000,0.000000,0.000000,0.000000,0.000000,-0.033455,-0.030184,-0.027767,-0.029273,-0.031648,-0.032179,-0.027825,-0.020885,-0.011430,0.004406,0.011557,0.016466,0.023056,0.021654,0.020434,0.020287,0.019571,0.020589,0.020700,0.020118,0.020221,0.019750,0.019257,0.019836,0.020027,0.020495,0.020652,0.019942,0.020227,0.020553,0.020924,0.021478,0.021165,0.020450,0.020493,0.020593,0.020192,0.020382,0.021124,0.020636,0.019898,0.019982,0.020824,0.020760,0.020190,0.019584,0.019017,0.020210,0.020818,0.022288,0.023240,0.016858,0.012348,0.006421,-0.009519,-0.020171,-0.027130,-0.032388,-0.033509,-0.030690,-0.027817,-0.030634,-0.033557,0.000000,0.000000,0.000000,0.000000,0.000000,0.000000,0.000000,0.000000,0.000000,0.000000,0.000000,0.000000,0.000000,0.000000,0.000000,0.000000,0.000000,0.000000,0.000000,0.000000
0.000000,0.000000,0.000000,0.000000,0.000000,0.000000,0.000000,0.000000,0.000000,0.000000,0.000000,0.000000,0.000000,0.000000,0.000000,0.000000,0.000000,0.000000,0.000000,-0.032192,-0.029640,-0.029344,-0.030487,-0.030202,-0.029836,-0.028275,-0.013619,0.007762,0.015479,0.019109,0.022843,0.021117,0.020934,0.021760,0.020316,0.019917,0.021004,0.021592,0.021322,0.019799,0.019621,0.019372,0.019424,0.020526,0.021135,0.021150,0.020747,0.020684,0.020059,0.020251,0.020664,0.020503,0.021290,0.021073,0.020366,0.020508,0.020338,0.020406,0.020551,0.020175,0.019698,0.019581,0.019840,0.020286,0.020464,0.019508,0.018767,0.019098,0.021033,0.021814,0.020212,0.020835,0.023529,0.019807,0.016181,0.007928,-0.014668,-0.028826,-0.031854,-0.031705,-0.030148,-0.030438,-0.030811,-0.034567,0.000000,0.000000,0.000000,0.000000,0.000000,0.000000,0.000000,0.000000,0.000000,0.000000,0.000000,0.000000,0.000000,0.000000,0.000000,0.000000,0.000000,0.000000,0.000000
0.000000,0.000000,0.000000,0.000000,0.000000,0.000000,0.000000,0.000000,0.000000,0.000000,0.000000,0.000000,0.000000,0.000000,0.000000,0.000000,0.000000,0.000000,-0.031329,-0.028801,-0.029173,-0.031881,-0.032487,-0.030593,-0.028904,-0.015937,0.008745,0.020882,0.023337,0.021924,0.020424,0.021418,0.018926,0.018215,0.020032,0.022345,0.022159,0.020949,0.020633,0.019918,0.020356,0.021070,0.021427,0.021263,0.021250,0.021094,0.020164,0.020382,0.020673,0.020619,0.019767,0.019906,0.021220,0.020995,0.020389,0.019857,0.019843,0.019887,0.019855,0.020359,0.019970,0.019553,0.020601,0.019919,0.019053,0.019954,0.020527,0.021877,0.020882,0.018395,0.018576,0.020777,0.020639,0.021723,0.022891,0.020171,0.007452,-0.016369,-0.029444,-0.030729,-0.031182,-0.031579,-0.029501,-0.028323,-0.033095,0.000000,0.000000,0.000000,0.000000,0.000000,0.000000,0.000000,0.000000,0.000000,0.000000,0.000000,0.000000,0.000000,0.000000,0.000000,0.000000,0.000000,0.000000
0.000000,0.000000,0.000000,0.000000,0.000000,0.000000,0.000000,0.000000,0.000000,0.000000,0.000000,0.000000,0.000000,0.000000,0.000000,0.000000,0.000000,-0.031006,-0.029307,-0.029534,-0.030408,-0.033171,-0.029794,-0.022498,-0.014763,0.005236,0.019678,0.021390,0.022194,0.020865,0.019115,0.018922,0.019743,0.020186,0.020804,0.020125,0.019223,0.019745,0.020874,0.021673,0.020781,0.020660,0.021125,0.020052,0.019756,0.020314,0.020240,0.020523,0.020996,0.020168,0.019225,0.020113,0.020567,0.020371,0.020588,0.020466,0.020630,0.020131,0.020147,0.020477,0.019361,0.019507,0.021185,0.020915,0.019949,0.019519,0.019523,0.021029,0.022241,0.021679,0.020133,0.019308,0.019753,0.021674,0.022207,0.020500,0.019125,0.005580,-0.013563,-0.021226,-0.027440,-0.031321,-0.030042,-0.028457,-0.028529,-0.033324,0.000000,0.000000,0.000000,0.000000,0.000000,0.000000,0.000000,0.000000,0.000000,0.000000,0.000000,0.000000,0.000000,0.000000,0.000000,0.000000,0.000000
0.000000,0.000000,0.000000,0.000000,0.000000,0.000000,0.000000,0.000000,0.000000,0.000000,0.000000,0.000000,0.000000,0.000000,0.000000,0.000000,-0.033138,-0.029328,-0.030495,-0.031481,-0.030528,-0.029502,-0.017317,0.003557,0.012036,0.016825,0.022020,0.022621,0.021062,0.019279,0.019243,0.020220,0.020788,0.019820,0.019592,0.020010,0.019907,0.020661,0.021112,0.020661,0.019476,0.019394,0.020542,0.020019,0.020228,0.020079,0.019793,0.020844,0.020058,0.019430,0.020047,0.020461,0.020841,0.020073,0.019400,0.019993,0.020753,0.020636,0.020384,0.020484,0.019975,0.019932,0.019427,0.019534,0.020565,0.020563,0.020796,0.021105,0.021094,0.020956,0.021381,0.021927,0.020976,0.019867,0.021260,0.022353,0.021605,0.016729,0.012823,0.004934,-0.015244,-0.027423,-0.029833,-0.030402,-0.029820,-0.030716,-0.034464,0.000000,0.000000,0.000000,0.000000,0.000000,0.000000,0.000000,0.000000,0.000000,0.000000,0.000000,0.000000,0.000000,0.000000,0.000000,0.000000
0.000000,0.000000,0.000000,0.000000,0.000000,0.000000,0.000000,0.000000,0.000000,0.000000,0.000000,0.000000,0.000000,0.000000,0.000000,-0.032432,-0.030241,-0.030001,-0.031875,-0.030912,-0.028175,-0.015424,0.007241,0.018628,0.021421,0.021471,0.022217,0.020626,0.018984,0.020696,0.020499,0.019945,0.018881,0.019185,0.020600,0.020995,0.020231,0.020279,0.020876,0.019778,0.019246,0.019952,0.020569,0.020441,0.019734,0.019916,0.020389,0.020406,0.019878,0.019765,0.020655,0.021076,0.020718,0.019952,0.019601,0.019611,0.020024,0.020829,0.020399,0.020299,0.021022,0.020655,0.020274,0.019662,0.019701,0.020575,0.020685,0.021900,0.021550,0.019905,0.020076,0.020857,0.021928,0.021280,0.018528,0.019777,0.021317,0.021044,0.021442,0.019243,0.008483,-0.014230,-0.028044,-0.030261,-0.030726,-0.029703,-0.030542,-0.032377,0.000000,0.000000,0.000000,0.000000,0.000000,0.000000,0.000000,0.000000,0.000000,0.000000,0.000000,0.000000,0.000000,0.000000,0.000000
0.000000,0.000000,0.000000,0.000000,0.000000,0.000000,0.000000,0.000000,0.000000,0.000000,0.000000,0.000000,0.000000,0.000000,-0.030679,-0.029403,-0.029759,-0.031888,-0.030991,-0.027664,-0.015694,0.007382,0.019303,0.020444,0.021080,0.021057,0.019712,0.019689,0.021481,0.021109,0.019818,0.019770,0.020210,0.020364,0.021005,0.020105,0.019924,0.020627,0.020655,0.020502,0.019438,0.019634,0.020812,0.020340,0.020093,0.020732,0.020668,0.020367,0.019995,0.019982,0.020439,0.020982,0.020033,0.019319,0.020212,0.020305,0.020564,0.021163,0.020689,0.020443,0.020277,0.020785,0.021146,0.020480,0.019909,0.019799,0.020307,0.020941,0.021608,0.021342,0.020432,0.018815,0.019067,0.020890,0.020656,0.019402,0.019457,0.021568,0.022808,0.021829,0.020575,0.007789,-0.017085,-0.029176,-0.030101,-0.031348,-0.030729,-0.029752,-0.032500,0.000000,0.000000,0.000000,0.000000,0.000000,0.000000,0.000000,0.000000,0.000000,0.000000,0.000000,0.000000,0.000000,0.000000
0.000000,0.000000,0.000000,0.000000,0.000000,0.000000,0.000000,0.000000,0.000000,0.000000,0.000000,0.000000,0.000000,-0.030081,-0.028308,-0.029143,-0.030925,-0.030096,-0.028754,-0.015706,0.008381,0.017925,0.020189,0.021982,0.019864,0.019288,0.020766,0.021644,0.021458,0.020551,0.019923,0.021224,0.020740,0.020057,0.020571,0.019797,0.019998,0.020772,0.020610,0.020227,0.019336,0.019266,0.020155,0.020426,0.020944,0.020733,0.020335,0.020210,0.019620,0.019971,0.020733,0.020824,0.019918,0.019642,0.020001,0.019892,0.020299,0.020665,0.020084,0.020363,0.020624,0.020446,0.020243,0.020595,0.020401,0.019696,0.020014,0.020041,0.020137,0.019890,0.020474,0.020252,0.018782,0.019538,0.021439,0.022045,0.020772,0.020154,0.021755,0.023900,0.021330,0.017710,0.006563,-0.017703,-0.028858,-0.029247,-0.030743,-0.029566,-0.029924,-0.033406,0.000000,0.000000,0.000000,0.000000,0.000000,0.000000,0.000000,0.000000,0.000000,0.000000,0.000000,0.000000,0.000000
0.000000,0.000000,0.000000,0.000000,0.000000,0.000000,0.000000,0.000000,0.000000,0.000000,0.000000,0.000000,-0.031097,-0.029073,-0.029188,-0.030347,-0.030363,-0.028729,-0.017111,0.007354,0.019224,0.020600,0.022660,0.019950,0.019411,0.021971,0.021970,0.020995,0.019991,0.019540,0.021312,0.021428,0.019712,0.020582,0.021094,0.020353,0.019832,0.019732,0.019831,0.019306,0.019777,0.019708,0.018972,0.019651,0.020513,0.020165,0.019975,0.019672,0.019636,0.020748,0.020967,0.020400,0.020132,0.020369,0.020338,0.020109,0.020131,0.020220,0.019474,0.019764,0.020544,0.020196,0.020533,0.020199,0.019719,0.019786,0.019588,0.019962,0.020023,0.019203,0.020362,0.021442,0.021051,0.020480,0.020526,0.021126,0.021315,0.020960,0.018849,0.019575,0.022186,0.020251,0.017648,0.006312,-0.015696,-0.026897,-0.029094,-0.030691,-0.029167,-0.028152,-0.034080,0.000000,0.000000,0.000000,0.000000,0.000000,0.000000,0.000000,0.000000,0.000000,0.000000,0.000000,0.000000
0.000000,0.000000,0.000000,0.000000,0.000000,0.000000,0.000000,0.000000,0.000000,0.000000,0.000000,-0.034083,-0.030625,-0.029555,-0.030198,-0.031979,-0.028924,-0.015293,0.007143,0.018758,0.020901,0.022598,0.020307,0.019424,0.021681,0.021890,0.020145,0.019697,0.020023,0.020258,0.020898,0.020304,0.019997,0.021465,0.021688,0.020735,0.020167,0.019685,0.019748,0.019765,0.020106,0.020264,0.019290,0.018845,0.020014,0.020563,0.019445,0.019653,0.020612,0.020929,0.021094,0.021003,0.020521,0.020445,0.020644,0.020873,0.020889,0.020473,0.019927,0.020057,0.020481,0.020369,0.020035,0.019705,0.019629,0.019625,0.020282,0.020316,0.019459,0.020005,0.020092,0.020239,0.021306,0.021074,0.020649,0.019855,0.019259,0.020079,0.019969,0.018009,0.019417,0.023219,0.020747,0.018779,0.009001,-0.014282,-0.026867,-0.030273,-0.030563,-0.028951,-0.028934,-0.031080,0.000000,0.000000,0.000000,0.000000,0.000000,0.000000,0.000000,0.000000,0.000000,0.000000,0.000000
0.000000,0.000000,0.000000,0.000000,0.000000,0.000000,0.000000,0.000000,0.000000,0.000000,0.000000,-0.030899,-0.029314,-0.030024,-0.031459,-0.029246,-0.016667,0.008060,0.019608,0.020537,0.023013,0.020047,0.019017,0.020902,0.021397,0.020300,0.019798,0.020170,0.019780,0.019591,0.019563,0.019778,0.020566,0.021117,0.021483,0.020635,0.020028,0.020112,0.019566,0.019903,0.019914,0.019931,0.019938,0.019217,0.019767,0.020903,0.020432,0.020199,0.021605,0.021446,0.020555,0.020868,0.020090,0.019468,0.019954,0.020133,0.020733,0.020980,0.020282,0.020716,0.021195,0.020493,0.019325,0.019368,0.019937,0.019936,0.020970,0.020523,0.019663,0.020429,0.020442,0.020047,0.020217,0.020250,0.020461,0.020707,0.019519,0.018880,0.019587,0.019854,0.018863,0.020133,0.023899,0.022152,0.020788,0.009722,-0.013817,-0.027510,-0.032349,-0.030198,-0.028576,-0.032684,0.000000,0.000000,0.000000,0.000000,0.000000,0.000000,0.000000,0.000000,0.000000,0.000000,0.000000
0.000000,0.000000,0.000000,0.000000,0.000000,0.000000,0.000000,0.000000,0.000000,0.000000,-0.034482,-0.029160,-0.031628,-0.032093,-0.031998,-0.023691,0.003000,0.018539,0.021298,0.022504,0.019484,0.018988,0.020804,0.021404,0.020395,0.020449,0.020746,0.020166,0.019205,0.019321,0.020286,0.019815,0.019935,0.020301,0.020011,0.020208,0.020232,0.020284,0.019995,0.019538,0.019928,0.020526,0.019851,0.019653,0.020493,0.021006,0.020899,0.020456,0.021287,0.021307,0.020096,0.020240,0.019875,0.019271,0.019331,0.019180,0.020330,0.020857,0.020882,0.021285,0.020771,0.020329,0.020047,0.020154,0.019878,0.020517,0.021021,0.020289,0.020380,0.020637,0.020482,0.020601,0.021148,0.020762,0.019972,0.020564,0.020551,0.018765,0.018623,0.020292,0.020154,0.018637,0.020188,0.023794,0.021769,0.019797,0.005944,-0.021983,-0.032208,-0.031551,-0.030941,-0.029325,-0.033235,0.000000,0.000000,0.000000,0.000000,0.000000,0.000000,0.000000,0.000000,0.000000,0.000000
0.000000,0.000000,0.000000,0.000000,0.000000,0.000000,0.000000,0.000000,0.000000,-0.034164,-0.030319,-0.030726,-0.032867,-0.031913,-0.029890,-0.015289,0.011041,0.021846,0.022718,0.020597,0.019007,0.020812,0.020522,0.019242,0.019757,0.021534,0.020997,0.019828,0.019854,0.021242,0.021297,0.020554,0.020404,0.019768,0.019672,0.019916,0.020117,0.020358,0.021131,0.020699,0.019789,0.021105,0.021253,0.020318,0.020431,0.020048,0.019905,0.020284,0.020117,0.020130,0.020221,0.020209,0.020669,0.020624,0.019875,0.019886,0.020420,0.020804,0.021230,0.021139,0.020796,0.020259,0.020391,0.020943,0.020803,0.020667,0.020029,0.019811,0.020023,0.020437,0.020377,0.020322,0.021363,0.020974,0.019497,0.019400,0.019882,0.019898,0.018982,0.019377,0.021182,0.021249,0.018783,0.020312,0.022381,0.022020,0.012793,-0.013972,-0.030575,-0.031161,-0.030923,-0.030481,-0.029824,-0.034625,0.000000,0.000000,0.000000,0.000000,0.000000,0.000000,0.000000,0.000000,0.000000
0.000000,0.000000,0.000000,0.000000,0.000000,0.000000,0.000000,0.000000,0.000000,-0.031046,-0.029254,-0.031309,-0.031588,-0.028383,-0.016368,0.004510,0.016974,0.022267,0.021537,0.018912,0.020959,0.021206,0.019364,0.018493,0.020649,0.021959,0.020971,0.020379,0.020952,0.021953,0.021917,0.021062,0.020561,0.020297,0.019890,0.020198,0.020138,0.020313,0.021400,0.020707,0.020255,0.021163,0.021821,0.021097,0.020105,0.019893,0.020001,0.020273,0.019945,0.020044,0.019926,0.020335,0.021338,0.021389,0.021401,0.021050,0.020588,0.020959,0.021088,0.020669,0.020587,0.020633,0.020736,0.020978,0.020814,0.019998,0.019464,0.019727,0.020048,0.020727,0.020950,0.020129,0.020525,0.021050,0.019643,0.019045,0.019876,0.020557,0.020588,0.019932,0.020581,0.021380,0.021261,0.019118,0.020588,0.022285,0.017702,0.004678,-0.016559,-0.026991,-0.029831,-0.032165,-0.029870,-0.032671,0.000000,0.000000,0.000000,0.000000,0.000000,0.000000,0.000000,0.000000,0.000000
0.000000,0.000000,0.000000,0.000000,0.000000,0.000000,0.000000,0.000000,-0.032118,-0.029687,-0.031550,-0.030681,-0.026939,-0.013520,0.008800,0.019144,0.021977,0.022340,0.018960,0.019675,0.021079,0.020035,0.019322,0.020063,0.021257,0.021318,0.020894,0.020900,0.020732,0.020907,0.021186,0.020729,0.020250,0.020441,0.020540,0.020957,0.021148,0.020876,0.021337,0.020919,0.020905,0.021412,0.021217,0.021024,0.020470,0.020615,0.020170,0.019931,0.020373,0.019701,0.019928,0.020783,0.020869,0.021458,0.020975,0.020146,0.020888,0.021104,0.020805,0.020558,0.020397,0.020554,0.020727,0.020999,0.020398,0.019909,0.020184,0.020269,0.020446,0.020754,0.020306,0.019873,0.020790,0.020875,0.020285,0.020077,0.020071,0.020611,0.020968,0.020784,0.019824,0.020066,0.021274,0.020985,0.019427,0.022303,0.023044,0.019034,0.008674,-0.012293,-0.025677,-0.030064,-0.030707,-0.029950,-0.033535,0.000000,0.000000,0.000000,0.000000,0.000000,0.000000,0.000000,0.000000
0.000000,0.000000,0.000000,0.000000,0.000000,0.000000,0.000000,0.000000,-0.030550,-0.030516,-0.031249,-0.032875,-0.019941,0.008681,0.021029,0.021104,0.022021,0.020041,0.018282,0.019870,0.020131,0.020293,0.021112,0.020296,0.020408,0.020608,0.020371,0.020046,0.020385,0.020735,0.020004,0.020209,0.020240,0.020162,0.021036,0.020875,0.020381,0.020491,0.021276,0.021375,0.021003,0.021366,0.021129,0.021273,0.021292,0.020546,0.020065,0.020000,0.020046,0.019731,0.020101,0.020823,0.021104,0.020763,0.019590,0.019506,0.020703,0.020919,0.020675,0.020672,0.020359,0.020285,0.020148,0.020201,0.020980,0.021059,0.020530,0.020659,0.020487,0.019795,0.019363,0.019663,0.020369,0.020439,0.020205,0.020280,0.020605,0.020620,0.020480,0.020567,0.021005,0.020438,0.020152,0.021296,0.020333,0.020512,0.022755,0.020902,0.020075,0.007886,-0.020293,-0.031803,-0.029636,-0.029430,-0.032265,0.000000,0.000000,0.000000,0.000000,0.000000,0.000000,0.000000,0.000000
0.000000,0.000000,0.000000,0.000000,0.000000,0.000000,0.000000,-0.033238,-0.029085,-0.030388,-0.030601,-0.027657,-0.010504,0.015752,0.023163,0.021850,0.020532,0.018048,0.020381,0.020399,0.019790,0.021164,0.021391,0.020440,0.020546,0.020848,0.019781,0.019590,0.020658,0.021190,0.020236,0.019859,0.020129,0.019836,0.020047,0.019971,0.019021,0.019243,0.020629,0.020169,0.020281,0.020585,0.020007,0.021083,0.021438,0.020616,0.020077,0.019805,0.019901,0.020059,0.020101,0.020742,0.021364,0.020588,0.020001,0.020282,0.020962,0.021323,0.021075,0.020555,0.020128,0.019984,0.019637,0.020262,0.021081,0.020721,0.020283,0.020488,0.020511,0.020061,0.019559,0.020158,0.021021,0.020563,0.019820,0.020133,0.020534,0.020324,0.020495,0.020645,0.020751,0.020582,0.019840,0.020444,0.021208,0.018798,0.020246,0.020817,0.021703,0.013736,-0.012479,-0.027348,-0.030407,-0.031119,-0.029815,-0.033456,0.000000,0.000000,0.000000,0.000000,0.000000,0.000000,0.000000
0.000000,0.000000,0.000000,0.000000,0.000000,0.000000,0.000000,-0.029692,-0.028060,-0.028654,-0.031677,-0.020938,0.005888,0.019665,0.023113,0.020898,0.018481,0.020751,0.020820,0.020257,0.020337,0.020795,0.020547,0.020730,0.021231,0.021010,0.019464,0.019323,0.020507,0.020499,0.020190,0.019317,0.019844,0.019848,0.019323,0.019642,0.019405,0.020053,0.020180,0.019801,0.019413,0.019255,0.019518,0.020232,0.020712,0.019756,0.019358,0.019839,0.020281,0.019458,0.019826,0.021116,0.020603,0.020506,0.020316,0.020502,0.021340,0.020975,0.020184,0.020354,0.020425,0.019836,0.019579,0.020298,0.020407,0.020147,0.020212,0.020004,0.020860,0.020463,0.019621,0.020535,0.021385,0.020492,0.019650,0.020189,0.020464,0.020566,0.020506,0.020794,0.021245,0.020145,0.018974,0.019572,0.020598,0.021201,0.019224,0.019865,0.021147,0.018353,0.004669,-0.021792,-0.032940,-0.030399,-0.029397,-0.030926,0.000000,0.000000,0.000000,0.000000,0.000000,0.000000,0.000000
0.000000,0.000000,0.000000,0.000000,0.000000,0.000000,-0.033162,-0.028889,-0.030681,-0.030532,-0.026596,-0.012628,0.013311,0.024223,0.021460,0.018885,0.019046,0.020888,0.018945,0.019039,0.020494,0.020214,0.020099,0.020385,0.021222,0.020965,0.019780,0.019482,0.020151,0.020638,0.020348,0.020120,0.019734,0.019806,0.020072,0.019796,0.020176,0.020923,0.020883,0.020439,0.019690,0.019405,0.019769,0.020635,0.020879,0.019696,0.019587,0.020782,0.020641,0.019918,0.020798,0.021312,0.020381,0.019485,0.019735,0.020463,0.020380,0.019716,0.019130,0.020135,0.020874,0.020131,0.019272,0.019089,0.019918,0.020253,0.019586,0.019950,0.020861,0.019831,0.019298,0.020294,0.020807,0.020284,0.019699,0.020168,0.020778,0.020802,0.020697,0.021102,0.021419,0.020156,0.019474,0.019116,0.019076,0.020955,0.020060,0.019322,0.020193,0.023563,0.012925,-0.014350,-0.027951,-0.031068,-0.031638,-0.030558,-0.034319,0.000000,0.000000,0.000000,0.000000,0.000000,0.000000
0.000000,0.000000,0.000000,0.000000,0.000000,0.000000,-0.029170,-0.029089,-0.031624,-0.033871,-0.023659,0.003809,0.017540,0.020861,0.020861,0.018622,0.020177,0.019708,0.019062,0.020427,0.020808,0.019637,0.019365,0.019629,0.020292,0.020535,0.020071,0.019229,0.019792,0.020822,0.020678,0.021010,0.020867,0.020426,0.020353,0.020223,0.019792,0.019731,0.020964,0.020401,0.019804,0.020165,0.020025,0.020518,0.020273,0.020333,0.020620,0.020843,0.020658,0.020407,0.021099,0.020840,0.019971,0.019471,0.020065,0.020577,0.020107,0.019679,0.019706,0.020719,0.021526,0.020982,0.019659,0.019205,0.019825,0.019719,0.019869,0.020873,0.020979,0.020327,0.019525,0.020056,0.021329,0.020186,0.019402,0.020854,0.021286,0.020516,0.020477,0.020665,0.020344,0.020292,0.020107,0.019685,0.019327,0.019647,0.020442,0.019186,0.020824,0.020909,0.016879,0.003041,-0.023498,-0.033562,-0.030519,-0.030242,-0.031893,0.000000,0.000000,0.000000,0.000000,0.000000,0.000000
0.000000,0.000000,0.000000,0.000000,0.000000,-0.029785,-0.028478,-0.031628,-0.031371,-0.028714,-0.015380,0.011988,0.023127,0.020403,0.019027,0.020073,0.021222,0.019989,0.020843,0.021414,0.020411,0.019539,0.019961,0.019426,0.019024,0.019672,0.019609,0.019319,0.019412,0.019738,0.020004,0.020128,0.020732,0.021044,0.020442,0.020118,0.019215,0.019203,0.019975,0.019806,0.020334,0.020172,0.019654,0.019777,0.019617,0.020172,0.021149,0.021152,0.020431,0.020126,0.020653,0.021004,0.019928,0.019774,0.020655,0.020834,0.020355,0.019638,0.019958,0.021000,0.021807,0.021380,0.020765,0.020282,0.019526,0.020018,0.020510,0.020774,0.021584,0.021132,0.020246,0.020654,0.020643,0.019687,0.019430,0.020300,0.021700,0.021283,0.019634,0.020230,0.021113,0.020277,0.019740,0.020799,0.020559,0.019162,0.020856,0.020321,0.019336,0.020570,0.023275,0.011968,-0.015274,-0.028830,-0.031241,-0.031481,-0.030758,-0.033992,0.000000,0.000000,0.000000,0.000000,0.000000
0.000000,0.000000,0.000000,0.000000,0.000000,-0.029189,-0.029661,-0.030657,-0.031539,-0.021751,0.004038,0.016802,0.022142,0.022072,0.018632,0.021587,0.021619,0.020705,0.020992,0.020995,0.021113,0.020770,0.020412,0.020538,0.020030,0.019682,0.020097,0.020439,0.019657,0.019370,0.019764,0.019622,0.019942,0.020631,0.020896,0.020328,0.019948,0.019888,0.019985,0.020688,0.021203,0.020804,0.020132,0.019833,0.019917,0.020139,0.020444,0.020802,0.020533,0.020450,0.020909,0.020542,0.020184,0.020526,0.020817,0.020713,0.020138,0.020002,0.019769,0.019981,0.020924,0.021106,0.021296,0.021184,0.020349,0.020201,0.020386,0.020899,0.021619,0.020761,0.020663,0.021222,0.020016,0.019605,0.019719,0.019905,0.021094,0.021054,0.019377,0.019524,0.021274,0.020471,0.019499,0.020500,0.020571,0.019741,0.020407,0.020898,0.018500,0.021676,0.022389,0.016805,0.003240,-0.022674,-0.032871,-0.031420,-0.030294,-0.029948,0.000000,0.000000,0.000000,0.000000,0.000000
0.000000,0.000000,0.000000,0.000000,-0.034234,-0.029998,-0.030370,-0.030770,-0.027200,-0.010256,0.014588,0.021512,0.019952,0.019902,0.020298,0.021354,0.019928,0.020510,0.021014,0.020811,0.020814,0.020871,0.020928,0.021107,0.021010,0.019908,0.019671,0.020075,0.019820,0.019787,0.019755,0.020009,0.020286,0.020388,0.020334,0.020260,0.020797,0.020132,0.020468,0.020864,0.020353,0.021253,0.020918,0.019784,0.019638,0.020158,0.019945,0.019958,0.020370,0.019984,0.020434,0.020251,0.019816,0.020329,0.020928,0.021149,0.020412,0.020114,0.020317,0.020698,0.020097,0.020377,0.021537,0.021360,0.020655,0.020075,0.020909,0.021780,0.021254,0.020506,0.020527,0.020826,0.020943,0.020507,0.020465,0.020643,0.020706,0.020916,0.019658,0.019654,0.020920,0.020935,0.019878,0.019863,0.021273,0.020639,0.020290,0.020899,0.019340,0.020017,0.020808,0.022538,0.014299,-0.011748,-0.027969,-0.029539,-0.029236,-0.030233,-0.032268,0.000000,0.000000,0.000000,0.000000
0.000000,0.000000,0.000000,0.000000,-0.034682,-0.029994,-0.030006,-0.033471,-0.019978,0.007801,0.020359,0.022133,0.018895,0.018643,0.021808,0.020315,0.019599,0.020112,0.020160,0.020290,0.019985,0.019870,0.021449,0.021606,0.020375,0.019332,0.019034,0.019834,0.019675,0.020153,0.020663,0.019931,0.019914,0.019806,0.019777,0.020155,0.020473,0.020413,0.019837,0.019342,0.019681,0.020179,0.019878,0.019972,0.020248,0.020509,0.020663,0.020742,0.020642,0.020018,0.019705,0.020226,0.019865,0.019359,0.020531,0.021300,0.020460,0.019738,0.020523,0.021132,0.020778,0.020512,0.020874,0.020523,0.019837,0.020469,0.021294,0.021496,0.021031,0.020289,0.020039,0.020423,0.020523,0.021040,0.021341,0.020385,0.020535,0.021313,0.021025,0.020646,0.020950,0.020943,0.020070,0.020284,0.021061,0.020858,0.020849,0.021037,0.021151,0.018796,0.020115,0.022454,0.019726,0.006087,-0.020707,-0.031172,-0.028932,-0.029850,-0.032342,0.000000,0.000000,0.000000,0.000000
0.000000,0.000000,0.000000,0.000000,-0.032896,-0.030233,-0.031015,-0.031692,-0.018421,0.011596,0.023467,0.021084,0.019030,0.019837,0.021211,0.020056,0.020754,0.020043,0.019498,0.020256,0.020133,0.020449,0.021357,0.021232,0.020169,0.019242,0.019390,0.019749,0.020292,0.020752,0.020906,0.020096,0.019874,0.020248,0.020369,0.020438,0.020285,0.020585,0.019886,0.019802,0.019948,0.019670,0.020035,0.020239,0.020684,0.020844,0.020866,0.021186,0.020869,0.020292,0.019771,0.019982,0.020039,0.019500,0.019858,0.020637,0.020242,0.019476,0.020537,0.021075,0.021051,0.020999,0.020347,0.020276,0.020322,0.020228,0.020347,0.021220,0.021100,0.019792,0.019860,0.020815,0.020510,0.020969,0.020903,0.019668,0.019827,0.020538,0.020934,0.020322,0.020097,0.020469,0.020314,0.019604,0.019156,0.020170,0.020874,0.020711,0.021919,0.019795,0.018931,0.020322,0.021844,0.011227,-0.018237,-0.031816,-0.029835,-0.029013,-0.032812,0.000000,0.000000,0.000000,0.000000
0.000000,0.000000,0.000000,-0.030732,-0.031145,-0.030462,-0.030259,-0.027401,-0.011824,0.013161,0.021763,0.019420,0.019367,0.020169,0.020344,0.019803,0.020744,0.019726,0.020197,0.020521,0.019786,0.020888,0.020828,0.019855,0.019547,0.019268,0.019373,0.019339,0.020008,0.020857,0.020538,0.020653,0.020781,0.021274,0.020803,0.020228,0.020722,0.020417,0.020682,0.020765,0.020702,0.020977,0.021317,0.021286,0.020677,0.020439,0.020141,0.020354,0.020036,0.019336,0.020095,0.020414,0.019939,0.019425,0.019607,0.020583,0.020003,0.019278,0.019816,0.020887,0.020731,0.020373,0.021138,0.020646,0.020748,0.020722,0.019643,0.020463,0.020622,0.019874,0.020543,0.021087,0.020985,0.020712,0.020270,0.019599,0.019652,0.020008,0.020021,0.020406,0.019890,0.020045,0.021144,0.020571,0.019393,0.019679,0.020970,0.020697,0.021179,0.020875,0.019591,0.019031,0.020681,0.013414,-0.010098,-0.027220,-0.031345,-0.030953,-0.030615,-0.032463,0.000000,0.000000,0.000000
0.000000,0.000000,0.000000,-0.031735,-0.031446,-0.029380,-0.030322,-0.022776,0.005072,0.020751,0.020528,0.019730,0.020139,0.019897,0.018851,0.019801,0.020636,0.020514,0.020707,0.020795,0.020683,0.020423,0.020255,0.019862,0.019813,0.020182,0.020204,0.020084,0.020018,0.020786,0.021079,0.020610,0.021026,0.020933,0.019980,0.020040,0.020176,0.020730,0.020991,0.020244,0.020780,0.021293,0.021354,0.021701,0.020949,0.019536,0.018965,0.019537,0.020133,0.019803,0.019818,0.020456,0.020272,0.019263,0.019537,0.020379,0.019883,0.019965,0.020047,0.019998,0.020318,0.020151,0.020949,0.021193,0.020405,0.020441,0.019855,0.019498,0.019699,0.019665,0.020696,0.020882,0.019488,0.019626,0.020189,0.020042,0.019993,0.020197,0.020409,0.019834,0.020367,0.021205,0.021204,0.021435,0.020465,0.019540,0.020730,0.020631,0.019216,0.020988,0.020542,0.018916,0.021012,0.021624,0.006477,-0.021636,-0.030983,-0.029358,-0.029867,-0.029649,0.000000,0.000000,0.000000
0.000000,0.000000,0.000000,-0.033243,-0.030192,-0.031321,-0.032170,-0.017660,0.011128,0.022969,0.020556,0.018998,0.020361,0.019813,0.018620,0.020256,0.020881,0.021339,0.021678,0.021583,0.020898,0.020234,0.020123,0.020047,0.020591,0.020941,0.020546,0.019900,0.020196,0.020986,0.021084,0.020991,0.020532,0.019920,0.019457,0.019684,0.020557,0.020806,0.020355,0.020151,0.019523,0.019387,0.020372,0.021254,0.020198,0.019399,0.019480,0.019747,0.020322,0.020570,0.020563,0.020009,0.020326,0.020110,0.020126,0.020349,0.020557,0.021133,0.021375,0.020703,0.020144,0.020486,0.020290,0.020932,0.020924,0.020014,0.020245,0.020310,0.019833,0.019766,0.020679,0.020669,0.019449,0.018798,0.019632,0.020770,0.020115,0.020114,0.020250,0.019684,0.020442,0.021441,0.020718,0.019757,0.020052,0.020265,0.020257,0.020607,0.019100,0.019972,0.020771,0.018850,0.021373,0.023936,0.010971,-0.017085,-0.030832,-0.029848,-0.029323,-0.030238,0.000000,0.000000,0.000000
0.000000,0.000000,0.000000,-0.032913,-0.029754,-0.032548,-0.032822,-0.018058,0.010806,0.022210,0.019501,0.018746,0.019700,0.020085,0.019888,0.020103,0.020410,0.021113,0.021197,0.021144,0.020575,0.020289,0.020305,0.019691,0.020001,0.020663,0.019885,0.019124,0.019183,0.020194,0.020737,0.020898,0.020710,0.019906,0.019804,0.020206,0.020890,0.020870,0.020002,0.019715,0.019715,0.019164,0.019489,0.020760,0.020524,0.020227,0.020451,0.020338,0.020625,0.020762,0.020516,0.020002,0.020076,0.020663,0.020548,0.020123,0.020637,0.021577,0.022172,0.021726,0.020215,0.020440,0.020747,0.020030,0.020813,0.020872,0.020587,0.020980,0.020261,0.020238,0.021184,0.021094,0.020415,0.019691,0.020051,0.020889,0.020256,0.019507,0.019986,0.020601,0.020328,0.020794,0.020626,0.019739,0.020572,0.020882,0.020252,0.021451,0.020789,0.019724,0.020510,0.019496,0.019461,0.021384,0.009264,-0.018737,-0.033220,-0.032034,-0.028858,-0.031625,0.000000,0.000000,0.000000
0.000000,0.000000,0.000000,-0.032643,-0.030128,-0.031115,-0.029837,-0.011726,0.015252,0.021841,0.019131,0.019745,0.019830,0.019815,0.020163,0.019437,0.019416,0.020922,0.019739,0.019711,0.021063,0.020511,0.020121,0.019966,0.019920,0.020867,0.020385,0.019073,0.018929,0.019861,0.020561,0.020425,0.020793,0.020383,0.020147,0.020286,0.019870,0.020751,0.020372,0.019731,0.020398,0.019771,0.019410,0.020312,0.021022,0.020573,0.020192,0.020294,0.021360,0.021164,0.019941,0.020533,0.020543,0.020516,0.020247,0.019358,0.019817,0.021111,0.021909,0.021639,0.020808,0.020692,0.021119,0.020650,0.020008,0.020349,0.020804,0.020721,0.020018,0.020031,0.021206,0.020784,0.020047,0.020909,0.021086,0.020233,0.019773,0.019548,0.019556,0.020021,0.020191,0.020595,0.020164,0.019938,0.021024,0.020772,0.020274,0.021050,0.021204,0.020915,0.020280,0.020197,0.018932,0.020176,0.012620,-0.013301,-0.029133,-0.030818,-0.029307,-0.030703,0.000000,0.000000,0.000000
0.000000,0.000000,-0.030808,-0.031635,-0.030009,-0.030773,-0.021350,0.007139,0.020790,0.020956,0.020606,0.019938,0.019608,0.019573,0.020318,0.019721,0.020250,0.020498,0.019881,0.020444,0.021130,0.020802,0.019913,0.019569,0.019878,0.020518,0.020404,0.019190,0.019380,0.020494,0.020709,0.020265,0.019813,0.019987,0.019954,0.020011,0.020228,0.019508,0.019710,0.020246,0.020035,0.019713,0.019620,0.020566,0.020654,0.019888,0.019816,0.020066,0.021137,0.021417,0.020627,0.020403,0.020719,0.020849,0.020405,0.019887,0.019780,0.020673,0.020843,0.020667,0.021481,0.021222,0.020709,0.021239,0.020658,0.019892,0.020245,0.020375,0.020058,0.020064,0.020389,0.020326,0.020320,0.020923,0.021545,0.020985,0.019449,0.019311,0.019898,0.020138,0.020353,0.019919,0.019977,0.020332,0.020855,0.021433,0.020756,0.020799,0.021619,0.021187,0.020952,0.020446,0.021079,0.020241,0.018516,0.006266,-0.020062,-0.030597,-0.029938,-0.031964,-0.035241,0.000000,0.000000
0.000000,0.000000,-0.032042,-0.030222,-0.031000,-0.029675,-0.014943,0.014333,0.023950,0.019874,0.019610,0.020042,0.019317,0.020331,0.021021,0.019851,0.021039,0.021253,0.020889,0.021300,0.021369,0.021067,0.020124,0.019735,0.020473,0.020573,0.019573,0.019282,0.020080,0.020682,0.020086,0.019530,0.019549,0.020107,0.020217,0.020116,0.020493,0.019893,0.019825,0.019671,0.019731,0.020128,0.020088,0.020955,0.020953,0.020038,0.019732,0.020110,0.021254,0.021039,0.020170,0.020182,0.020317,0.020096,0.020230,0.020767,0.020528,0.020548,0.020346,0.020227,0.020652,0.021111,0.021388,0.021279,0.020717,0.019606,0.019408,0.019916,0.019794,0.019759,0.019989,0.020579,0.021024,0.020573,0.020946,0.021113,0.019906,0.019701,0.020795,0.020661,0.020811,0.020673,0.020015,0.020747,0.021351,0.021721,0.020881,0.020971,0.021387,0.020315,0.020941,0.020629,0.019791,0.019901,0.023041,0.014258,-0.014613,-0.030066,-0.030958,-0.031343,-0.034037,0.000000,0.000000
0.000000,0.000000,-0.033381,-0.030452,-0.031528,-0.031144,-0.015327,0.013984,0.024274,0.019208,0.019130,0.020814,0.020381,0.020893,0.020907,0.019876,0.020272,0.021435,0.021093,0.020633,0.021294,0.020477,0.020616,0.021155,0.021442,0.021562,0.020311,0.019848,0.020203,0.020395,0.019824,0.019101,0.019608,0.020654,0.020743,0.020625,0.020436,0.020438,0.020101,0.019411,0.019178,0.019079,0.020154,0.020958,0.020818,0.020677,0.020033,0.020276,0.020936,0.020058,0.019655,0.020452,0.020194,0.019246,0.019674,0.020402,0.020631,0.020658,0.020260,0.020899,0.021386,0.021121,0.021602,0.021438,0.020368,0.019649,0.019728,0.020389,0.019618,0.019255,0.020520,0.020461,0.020587,0.020574,0.020160,0.020489,0.020074,0.020216,0.020711,0.020520,0.020515,0.020637,0.020056,0.020071,0.020910,0.021188,0.021193,0.019666,0.019697,0.020300,0.019726,0.020726,0.019649,0.018696,0.022811,0.013534,-0.014466,-0.030456,-0.030557,-0.028728,-0.033208,0.000000,0.000000
0.000000,0.000000,-0.032169,-0.029512,-0.029785,-0.032793,-0.019127,0.012385,0.023156,0.018901,0.020341,0.021395,0.020625,0.020914,0.020285,0.019921,0.020553,0.020296,0.020047,0.020459,0.020803,0.020282,0.020316,0.020626,0.021696,0.022059,0.020966,0.021010,0.020596,0.020162,0.020261,0.020029,0.020425,0.020571,0.020687,0.021161,0.021003,0.020220,0.019703,0.019672,0.019393,0.019282,0.019840,0.020010,0.020266,0.020549,0.019975,0.019770,0.020052,0.019593,0.019761,0.020469,0.020394,0.020148,0.019458,0.019473,0.019786,0.019978,0.020818,0.021153,0.021694,0.021212,0.020361,0.020992,0.020197,0.019558,0.020751,0.021108,0.020437,0.019693,0.020043,0.020739,0.020711,0.020021,0.019770,0.020200,0.020410,0.020504,0.020194,0.020362,0.019867,0.019513,0.020449,0.020700,0.020375,0.020439,0.020880,0.019985,0.019960,0.020785,0.019624,0.020160,0.020750,0.019193,0.022362,0.013169,-0.016409,-0.030729,-0.029050,-0.029663,-0.033115,0.000000,0.000000
0.000000,0.000000,-0.030914,-0.028991,-0.029265,-0.032847,-0.022273,0.008434,0.022244,0.020058,0.020967,0.020368,0.019932,0.020894,0.019935,0.019991,0.020556,0.019971,0.019853,0.019951,0.020755,0.020428,0.019490,0.020148,0.021131,0.021477,0.021431,0.020916,0.020625,0.020915,0.020864,0.020799,0.020889,0.020765,0.020554,0.020503,0.021203,0.020548,0.019510,0.019830,0.019985,0.020501,0.020281,0.019852,0.019755,0.019968,0.020448,0.020182,0.019846,0.019454,0.019544,0.020295,0.020704,0.020366,0.019630,0.019482,0.019590,0.019240,0.020309,0.021052,0.020476,0.020720,0.019915,0.019137,0.019498,0.020168,0.021426,0.021380,0.020805,0.020573,0.019938,0.020214,0.021018,0.020153,0.019744,0.020439,0.020955,0.021148,0.020254,0.019931,0.019897,0.019972,0.020511,0.020983,0.021348,0.020349,0.019396,0.020117,0.020743,0.020883,0.020245,0.019468,0.019785,0.020359,0.022524,0.010202,-0.018617,-0.031081,-0.029700,-0.030943,-0.033292,0.000000,0.000000
0.000000,0.000000,-0.032879,-0.030051,-0.030074,-0.033081,-0.023422,0.007161,0.022203,0.020643,0.020919,0.020293,0.020893,0.020134,0.019058,0.020289,0.019926,0.019951,0.020140,0.019958,0.021120,0.020613,0.019294,0.019521,0.019707,0.020726,0.021038,0.019895,0.020197,0.020960,0.021301,0.020778,0.020445,0.020650,0.020187,0.020771,0.021260,0.020215,0.019950,0.020227,0.020458,0.020677,0.020177,0.019750,0.019255,0.019833,0.020997,0.020638,0.020645,0.020432,0.019543,0.020188,0.020659,0.019581,0.019610,0.019860,0.019364,0.019402,0.019398,0.020189,0.020917,0.020375,0.019792,0.019512,0.020197,0.021557,0.021771,0.021170,0.020972,0.021128,0.020957,0.020297,0.020722,0.021102,0.020425,0.020647,0.021084,0.021105,0.021062,0.020532,0.020140,0.020421,0.020750,0.021022,0.021075,0.019925,0.019350,0.019617,0.019950,0.020967,0.020909,0.020097,0.020186,0.019918,0.021821,0.007548,-0.022914,-0.033082,-0.031204,-0.031551,-0.033737,0.000000,0.000000
0.000000,0.000000,-0.032676,-0.030826,-0.028985,-0.031813,-0.024082,0.005808,0.021691,0.019644,0.020058,0.020941,0.020937,0.019690,0.018971,0.019798,0.020232,0.020074,0.020127,0.021170,0.021953,0.021063,0.019662,0.019407,0.019535,0.019462,0.019068,0.019406,0.020091,0.020374,0.020339,0.019915,0.020572,0.020824,0.020244,0.020635,0.021271,0.021249,0.021092,0.020914,0.021106,0.021031,0.020189,0.019780,0.020222,0.021099,0.020770,0.020351,0.020947,0.020723,0.019860,0.019883,0.020068,0.019330,0.019277,0.020304,0.020416,0.019947,0.019637,0.019852,0.020808,0.020600,0.020439,0.020676,0.021046,0.021442,0.020841,0.020236,0.020444,0.021045,0.020739,0.020668,0.021056,0.020927,0.019611,0.019542,0.021040,0.020991,0.020997,0.021285,0.020936,0.020324,0.020547,0.020732,0.020497,0.020348,0.020359,0.020475,0.019791,0.021128,0.021797,0.021308,0.021570,0.020582,0.021733,0.006167,-0.024951,-0.034651,-0.031120,-0.030833,-0.033690,0.000000,0.000000
0.000000,0.000000,-0.031935,-0.030046,-0.028486,-0.031558,-0.023956,0.005206,0.020958,0.019606,0.019002,0.019622,0.020428,0.020226,0.019752,0.019591,0.019588,0.019976,0.020369,0.021365,0.021624,0.020917,0.020657,0.020222,0.019747,0.018990,0.018991,0.019378,0.019847,0.020597,0.019376,0.019113,0.020305,0.020863,0.020894,0.020192,0.021209,0.022034,0.021655,0.021517,0.020397,0.020224,0.021327,0.021028,0.020750,0.020902,0.020330,0.020272,0.019905,0.020023,0.020346,0.019949,0.020479,0.019542,0.019150,0.021286,0.021602,0.020317,0.020638,0.020644,0.020242,0.021073,0.020774,0.020028,0.020656,0.020639,0.019553,0.019257,0.019711,0.020699,0.020492,0.020258,0.021134,0.020878,0.019629,0.019334,0.020237,0.020520,0.021031,0.021361,0.020728,0.020313,0.019924,0.019671,0.020622,0.021161,0.020466,0.020469,0.020289,0.020530,0.021485,0.021145,0.021081,0.021675,0.022536,0.005674,-0.024609,-0.033538,-0.030574,-0.029653,-0.032617,0.000000,0.000000
0.000000,0.000000,-0.032467,-0.029713,-0.029442,-0.032608,-0.024084,0.005495,0.021156,0.020081,0.019637,0.019548,0.021054,0.020682,0.019743,0.020061,0.019724,0.019840,0.020070,0.020462,0.020763,0.020558,0.020376,0.020563,0.020218,0.019690,0.019752,0.019824,0.020930,0.021000,0.019587,0.019948,0.020336,0.020134,0.020697,0.020917,0.021059,0.021478,0.021761,0.021212,0.020028,0.020050,0.021121,0.021215,0.020010,0.019342,0.019708,0.019427,0.019863,0.020648,0.020508,0.020712,0.020858,0.019910,0.019442,0.020860,0.020763,0.020217,0.021043,0.020499,0.020336,0.020734,0.020227,0.020227,0.020044,0.020368,0.020358,0.019526,0.019852,0.019848,0.020413,0.021076,0.021239,0.021360,0.020320,0.019707,0.019935,0.020489,0.020925,0.020117,0.019404,0.019385,0.019365,0.019672,0.019798,0.020037,0.020034,0.019761,0.019601,0.019659,0.020675,0.020682,0.019850,0.020787,0.022302,0.005170,-0.024805,-0.033103,-0.030174,-0.029634,-0.030536,0.000000,0.000000
0.000000,-0.032559,-0.031220,-0.030518,-0.029108,-0.033052,-0.025488,0.005264,0.022117,0.020231,0.020340,0.020215,0.020836,0.020666,0.020146,0.020706,0.020297,0.020380,0.020178,0.020011,0.020860,0.020530,0.020431,0.021080,0.020603,0.019961,0.019816,0.020314,0.021219,0.021020,0.020180,0.019824,0.020476,0.020066,0.019505,0.020232,0.020207,0.020709,0.021075,0.020163,0.020400,0.020785,0.020503,0.020365,0.019283,0.018731,0.019375,0.019224,0.019855,0.020902,0.020528,0.020516,0.020221,0.019205,0.019359,0.019853,0.020016,0.020228,0.020377,0.020646,0.020450,0.020230,0.019783,0.019612,0.020378,0.020769,0.021283,0.020780,0.019863,0.019415,0.019853,0.021073,0.021570,0.021481,0.020497,0.020125,0.020391,0.020220,0.019822,0.019281,0.018996,0.019371,0.019873,0.019506,0.019759,0.020178,0.019570,0.019230,0.019581,0.020237,0.020359,0.020483,0.020135,0.019789,0.021246,0.005070,-0.024397,-0.033157,-0.029162,-0.029628,-0.030391,-0.030713,0.000000
0.000000,0.000000,-0.031472,-0.028914,-0.028711,-0.032047,-0.023910,0.005267,0.021723,0.020425,0.019764,0.020176,0.020861,0.020719,0.020643,0.021023,0.020318,0.020365,0.020722,0.020746,0.020957,0.021087,0.021054,0.020253,0.020259,0.020400,0.020113,0.020555,0.020290,0.020124,0.020154,0.019803,0.019980,0.019861,0.019707,0.019695,0.019193,0.019292,0.019945,0.020182,0.020295,0.020442,0.020666,0.020504,0.019764,0.019622,0.020366,0.020307,0.020231,0.020984,0.020616,0.020133,0.020291,0.019247,0.019160,0.020467,0.020576,0.020212,0.020335,0.020446,0.020568,0.020467,0.019817,0.019166,0.019872,0.020638,0.020655,0.020768,0.019490,0.019449,0.020320,0.020031,0.020886,0.021014,0.020742,0.020746,0.020724,0.020554,0.020100,0.019878,0.019417,0.020068,0.020472,0.019597,0.019589,0.020546,0.019975,0.020182,0.020794,0.020947,0.021120,0.020480,0.020587,0.020516,0.021509,0.005100,-0.025048,-0.032694,-0.029195,-0.029627,-0.030248,0.000000,0.000000
0.000000,0.000000,-0.032614,-0.029424,-0.029428,-0.032768,-0.023224,0.006729,0.021777,0.020230,0.020151,0.020670,0.020935,0.020248,0.020407,0.021309,0.020970,0.020231,0.020847,0.021446,0.021074,0.020948,0.020419,0.020207,0.020534,0.020277,0.020644,0.020410,0.020108,0.020316,0.020049,0.020159,0.020045,0.020071,0.020565,0.020025,0.019224,0.018934,0.019383,0.020533,0.021012,0.020804,0.020417,0.020918,0.021384,0.021213,0.021219,0.020807,0.020454,0.020936,0.021092,0.020142,0.020151,0.020484,0.019933,0.020951,0.021176,0.020097,0.019933,0.019670,0.020233,0.020682,0.020197,0.019424,0.019689,0.020826,0.020395,0.020204,0.020053,0.019738,0.020532,0.019843,0.019728,0.020399,0.020319,0.021069,0.021139,0.020959,0.021050,0.019797,0.019771,0.020526,0.020182,0.020389,0.020018,0.019920,0.020607,0.021078,0.020720,0.020429,0.021015,0.020846,0.020283,0.020297,0.022116,0.005540,-0.025194,-0.033310,-0.030308,-0.030022,-0.031351,0.000000,0.000000
0.000000,0.000000,-0.031809,-0.031446,-0.029543,-0.033737,-0.024346,0.007255,0.021697,0.020464,0.020709,0.020817,0.021172,0.019725,0.020225,0.020877,0.020105,0.020513,0.021057,0.020877,0.020742,0.020598,0.020012,0.020302,0.020428,0.020544,0.020436,0.019821,0.020267,0.020802,0.020453,0.020242,0.019823,0.019561,0.019971,0.019764,0.019701,0.019902,0.019300,0.019879,0.021217,0.020965,0.020299,0.020842,0.021788,0.021340,0.020548,0.020550,0.020452,0.020819,0.020940,0.019889,0.020478,0.020740,0.020401,0.020944,0.020483,0.019860,0.019206,0.019671,0.020424,0.020395,0.019916,0.019802,0.020669,0.020799,0.020751,0.020573,0.020803,0.020491,0.020362,0.020283,0.019432,0.020281,0.020770,0.021024,0.021061,0.020132,0.020430,0.020236,0.019695,0.020563,0.020295,0.019746,0.020501,0.020090,0.019482,0.019741,0.019968,0.019927,0.019552,0.019961,0.019647,0.019340,0.021307,0.005439,-0.024155,-0.033050,-0.030228,-0.029072,-0.032403,0.000000,0.000000
0.000000,0.000000,-0.033509,-0.030487,-0.029718,-0.032638,-0.022391,0.007719,0.021348,0.019517,0.020528,0.020517,0.020813,0.019777,0.019375,0.020774,0.019873,0.020045,0.021275,0.020956,0.020408,0.020245,0.020666,0.020986,0.020793,0.020957,0.020410,0.020081,0.019978,0.019924,0.020887,0.020756,0.019209,0.019157,0.020189,0.020246,0.020197,0.020391,0.020218,0.019887,0.020312,0.020519,0.020594,0.021251,0.021290,0.020508,0.019973,0.020355,0.020805,0.020944,0.020163,0.019517,0.020502,0.020768,0.020712,0.020978,0.020366,0.019701,0.019706,0.020177,0.020617,0.020132,0.019428,0.019289,0.019912,0.020965,0.021074,0.020401,0.019760,0.020077,0.020740,0.020362,0.019517,0.019874,0.021047,0.020906,0.020760,0.020185,0.019769,0.020389,0.019839,0.019963,0.020639,0.020248,0.019771,0.019186,0.018566,0.019079,0.020016,0.020325,0.019893,0.019692,0.019989,0.019481,0.021152,0.007297,-0.022592,-0.032663,-0.029752,-0.029426,-0.031735,0.000000,0.000000
0.000000,0.000000,-0.033575,-0.028760,-0.029259,-0.031776,-0.019963,0.009724,0.021406,0.019104,0.021161,0.020722,0.019876,0.019727,0.019423,0.020679,0.020305,0.020105,0.021184,0.020611,0.019899,0.019656,0.020566,0.021191,0.020957,0.020577,0.020535,0.020737,0.020032,0.019592,0.020115,0.020192,0.020029,0.020079,0.020037,0.020517,0.020596,0.020486,0.020599,0.020047,0.020127,0.020600,0.020923,0.021342,0.020136,0.019596,0.020140,0.019722,0.019567,0.020166,0.019667,0.018825,0.019795,0.020871,0.021058,0.020666,0.020570,0.020441,0.020648,0.021187,0.020806,0.020554,0.020202,0.019439,0.019912,0.020741,0.020874,0.020582,0.019508,0.020056,0.021069,0.020522,0.020105,0.020001,0.020537,0.021145,0.020477,0.019869,0.020169,0.019406,0.019614,0.020544,0.020449,0.020790,0.020013,0.018939,0.019189,0.019476,0.020481,0.021169,0.020443,0.021162,0.021373,0.019663,0.021736,0.009374,-0.020754,-0.032224,-0.030109,-0.031002,-0.032621,0.000000,0.000000
0.000000,0.000000,-0.030540,-0.028777,-0.030086,-0.032298,-0.017843,0.012651,0.022113,0.018923,0.020519,0.021131,0.020154,0.019931,0.019528,0.019351,0.019368,0.019388,0.020789,0.019856,0.019077,0.019744,0.019907,0.019935,0.020505,0.020755,0.020350,0.020651,0.020381,0.019692,0.019685,0.020226,0.020414,0.020241,0.019744,0.019540,0.020023,0.020198,0.020144,0.020259,0.020305,0.019879,0.020151,0.020331,0.019643,0.019639,0.019940,0.019751,0.019398,0.019143,0.018822,0.018710,0.019868,0.020810,0.020729,0.020728,0.020766,0.020728,0.020740,0.021080,0.020715,0.020628,0.020965,0.020578,0.020332,0.020174,0.020940,0.021073,0.020230,0.020691,0.021894,0.021525,0.020422,0.020544,0.020392,0.020448,0.020383,0.020272,0.020654,0.019513,0.019575,0.020827,0.020137,0.020319,0.020774,0.020067,0.020308,0.019967,0.020713,0.020993,0.019617,0.021225,0.020777,0.018935,0.022742,0.011812,-0.018565,-0.033393,-0.031354,-0.029255,-0.032515,0.000000,0.000000
0.000000,0.000000,-0.029856,-0.029981,-0.032647,-0.032479,-0.016162,0.013027,0.023419,0.018617,0.018484,0.020854,0.020843,0.020267,0.019591,0.018801,0.018823,0.019271,0.020327,0.020663,0.020166,0.020059,0.020784,0.020914,0.020833,0.021123,0.020758,0.020798,0.020541,0.020217,0.020560,0.020279,0.019904,0.019832,0.020146,0.019813,0.019505,0.019739,0.020190,0.020635,0.019882,0.020014,0.020364,0.019770,0.020036,0.020548,0.020723,0.020326,0.019673,0.019434,0.019365,0.019717,0.020579,0.020978,0.020317,0.020379,0.020832,0.020728,0.020575,0.020062,0.019865,0.020454,0.020977,0.020623,0.019911,0.020022,0.020648,0.020820,0.020366,0.020625,0.021826,0.021301,0.020294,0.020638,0.020256,0.019490,0.019687,0.020807,0.021045,0.020509,0.020186,0.020208,0.020047,0.020309,0.020587,0.019803,0.020452,0.020516,0.020814,0.020697,0.019615,0.019883,0.018660,0.019116,0.023850,0.013043,-0.016549,-0.033108,-0.032740,-0.029374,-0.032018,0.000000,0.000000
0.000000,0.000000,-0.030295,-0.030198,-0.031224,-0.031826,-0.016378,0.014236,0.024044,0.020147,0.019321,0.020133,0.020950,0.020783,0.020387,0.019324,0.020196,0.020905,0.020793,0.021565,0.021360,0.020660,0.020788,0.020831,0.020569,0.021172,0.021101,0.020378,0.020671,0.020510,0.020093,0.019902,0.019623,0.019340,0.019992,0.020714,0.020335,0.020022,0.020066,0.020328,0.020101,0.020408,0.021057,0.020967,0.020589,0.021067,0.021518,0.020161,0.019189,0.019738,0.019918,0.019763,0.020932,0.021205,0.020188,0.020448,0.020995,0.020966,0.020019,0.019414,0.020216,0.019994,0.020362,0.020916,0.019864,0.019769,0.020376,0.020696,0.020238,0.020148,0.020820,0.020192,0.020537,0.021171,0.020428,0.019900,0.019533,0.020517,0.021037,0.020813,0.020724,0.019933,0.020180,0.020307,0.019856,0.020039,0.020188,0.020071,0.020571,0.020397,0.019809,0.018817,0.018767,0.020004,0.023847,0.013889,-0.016905,-0.031413,-0.031581,-0.031532,-0.031286,0.000000,0.000000
0.000000,0.000000,-0.032294,-0.029742,-0.028310,-0.031072,-0.021445,0.006532,0.020343,0.021257,0.020564,0.020769,0.021071,0.020148,0.020377,0.020524,0.021321,0.021636,0.021787,0.021437,0.020834,0.020858,0.020303,0.019772,0.019779,0.020502,0.020601,0.019925,0.019862,0.019375,0.019617,0.020276,0.019754,0.019916,0.020263,0.020775,0.020782,0.020035,0.020128,0.019958,0.020220,0.020024,0.019944,0.020874,0.020831,0.020824,0.020881,0.019949,0.019663,0.019631,0.019483,0.019923,0.020385,0.020675,0.020342,0.020642,0.020968,0.020021,0.019336,0.019797,0.020561,0.020303,0.020522,0.021062,0.020173,0.019785,0.020464,0.020712,0.019693,0.019574,0.020535,0.019791,0.019791,0.021081,0.020771,0.020042,0.020191,0.020760,0.020543,0.019894,0.020134,0.019899,0.020287,0.021044,0.020525,0.020702,0.020417,0.019711,0.019667,0.019394,0.020140,0.019511,0.019732,0.020537,0.019605,0.005541,-0.021794,-0.031123,-0.030284,-0.032597,-0.033565,0.000000,0.000000
0.000000,0.000000,0.000000,-0.030027,-0.027537,-0.030468,-0.030599,-0.013036,0.014072,0.021144,0.018943,0.020766,0.020743,0.019997,0.020537,0.020608,0.021019,0.021775,0.020876,0.020811,0.021200,0.020892,0.020722,0.020776,0.020300,0.019604,0.019894,0.019962,0.019099,0.019455,0.020289,0.020598,0.020936,0.021083,0.020763,0.020688,0.019920,0.019836,0.020517,0.019800,0.019350,0.019574,0.019647,0.019576,0.019849,0.020176,0.020687,0.020530,0.020083,0.019887,0.019876,0.020301,0.020214,0.020311,0.020331,0.020175,0.020284,0.019880,0.019833,0.020259,0.020811,0.021548,0.021464,0.020839,0.020335,0.019595,0.020041,0.020730,0.019996,0.020122,0.020231,0.019885,0.020018,0.020228,0.019695,0.019721,0.020569,0.020537,0.020624,0.019501,0.019271,0.020513,0.020369,0.021062,0.021331,0.021059,0.020561,0.019833,0.019019,0.019296,0.020855,0.020687,0.018501,0.020940,0.013530,-0.013862,-0.029934,-0.031693,-0.030383,-0.033122,0.000000,0.000000,0.000000
0.000000,0.000000,0.000000,-0.030986,-0.028343,-0.032448,-0.034231,-0.018645,0.010558,0.022353,0.019583,0.019000,0.020125,0.020425,0.020645,0.020563,0.020331,0.020564,0.020318,0.020844,0.021327,0.020592,0.020314,0.020914,0.020264,0.019835,0.020064,0.019709,0.019656,0.019874,0.019915,0.020524,0.020621,0.020523,0.020980,0.020204,0.019116,0.019605,0.020496,0.020383,0.019395,0.019526,0.020086,0.019288,0.019585,0.020030,0.020148,0.020671,0.019912,0.020080,0.020564,0.020036,0.020741,0.020498,0.019934,0.020326,0.020098,0.020405,0.020265,0.020041,0.020802,0.021377,0.021307,0.020706,0.019905,0.019439,0.020342,0.020856,0.020775,0.020903,0.020399,0.020475,0.020689,0.020219,0.019608,0.019803,0.020857,0.020963,0.020600,0.019823,0.019805,0.020486,0.020216,0.020928,0.021104,0.020977,0.020962,0.020079,0.018805,0.019547,0.020745,0.019767,0.019578,0.022496,0.010665,-0.018236,-0.032500,-0.032110,-0.029102,-0.033227,0.000000,0.000000,0.000000
0.000000,0.000000,0.000000,-0.032699,-0.029438,-0.031049,-0.033035,-0.018157,0.011618,0.023403,0.021021,0.019447,0.019942,0.020239,0.020566,0.021575,0.020363,0.020078,0.021137,0.020836,0.020328,0.020307,0.019799,0.019901,0.019890,0.020070,0.019890,0.020223,0.020631,0.019699,0.019538,0.019297,0.019192,0.020242,0.020721,0.020217,0.019930,0.020295,0.020664,0.020091,0.019991,0.020518,0.019637,0.019361,0.020026,0.019753,0.019900,0.020362,0.020235,0.020302,0.020783,0.020973,0.020949,0.020529,0.020246,0.020007,0.019948,0.020225,0.019939,0.020223,0.020194,0.020196,0.020825,0.020693,0.020116,0.019852,0.020309,0.020864,0.020696,0.020970,0.021137,0.020134,0.019931,0.020766,0.020731,0.020118,0.020628,0.021111,0.020894,0.020477,0.019985,0.020311,0.020326,0.020458,0.021220,0.020526,0.020452,0.020658,0.019217,0.020158,0.020231,0.018865,0.020983,0.023430,0.011569,-0.016480,-0.031162,-0.029475,-0.028598,-0.032660,0.000000,0.000000,0.000000
0.000000,0.000000,0.000000,-0.032883,-0.028721,-0.028481,-0.033015,-0.024145,0.005454,0.021131,0.021076,0.019836,0.020469,0.021217,0.020289,0.020730,0.021170,0.020590,0.020202,0.020615,0.020809,0.020099,0.019569,0.020035,0.020519,0.020297,0.019967,0.020427,0.020525,0.020133,0.020099,0.019469,0.019923,0.020922,0.020906,0.020882,0.020634,0.020962,0.021261,0.019896,0.020078,0.021124,0.020117,0.019718,0.019867,0.020235,0.020782,0.021010,0.020841,0.020273,0.020507,0.021338,0.021221,0.020467,0.020561,0.019953,0.019617,0.020206,0.019933,0.019842,0.020232,0.020385,0.020391,0.020457,0.020395,0.020387,0.019911,0.019643,0.020158,0.020733,0.020987,0.020126,0.019879,0.020438,0.020609,0.020534,0.020154,0.020534,0.021105,0.020971,0.020641,0.020675,0.020342,0.020545,0.021234,0.020555,0.020399,0.020762,0.020310,0.021297,0.020767,0.019248,0.020190,0.020258,0.005105,-0.023170,-0.032377,-0.029291,-0.029415,-0.030831,0.000000,0.000000,0.000000
0.000000,0.000000,0.000000,-0.031049,-0.029557,-0.030506,-0.033165,-0.029099,-0.010266,0.014311,0.021925,0.020536,0.020070,0.020169,0.020654,0.019531,0.020664,0.020064,0.019441,0.020797,0.020799,0.019888,0.019789,0.020183,0.020369,0.020515,0.020560,0.020487,0.020457,0.020551,0.020588,0.020850,0.021105,0.020891,0.020587,0.020481,0.020776,0.020925,0.020646,0.020439,0.020293,0.021080,0.021074,0.019922,0.020230,0.020933,0.020485,0.020398,0.020423,0.019941,0.020124,0.020749,0.020987,0.020260,0.019915,0.020363,0.019756,0.019526,0.020160,0.020030,0.020329,0.020988,0.020541,0.020546,0.021271,0.020660,0.019533,0.019225,0.019413,0.019992,0.020418,0.020118,0.020263,0.020142,0.020736,0.020826,0.019467,0.020075,0.020356,0.020441,0.021334,0.020307,0.019809,0.021209,0.020355,0.020062,0.020831,0.019883,0.021077,0.021068,0.020801,0.020394,0.020927,0.013142,-0.012112,-0.030249,-0.033065,-0.031960,-0.031115,-0.032549,0.000000,0.000000,0.000000
0.000000,0.000000,0.000000,0.000000,-0.033244,-0.030699,-0.032188,-0.032150,-0.017147,0.011447,0.023101,0.022142,0.019049,0.019098,0.021873,0.020286,0.019706,0.020090,0.020135,0.020453,0.020600,0.019755,0.019246,0.019494,0.020133,0.020097,0.020354,0.021057,0.020770,0.020714,0.021267,0.021095,0.020478,0.020783,0.020279,0.019844,0.020796,0.020824,0.020488,0.020213,0.019932,0.021032,0.020803,0.019898,0.020449,0.020469,0.019747,0.019639,0.019871,0.019605,0.019758,0.020633,0.020693,0.020001,0.020012,0.020526,0.019989,0.019235,0.019905,0.020132,0.020237,0.020665,0.020600,0.021250,0.021598,0.020914,0.020236,0.019895,0.019363,0.019311,0.019778,0.019878,0.020370,0.020886,0.020886,0.020591,0.019372,0.019434,0.020346,0.020469,0.020494,0.020169,0.020120,0.019670,0.019684,0.020723,0.020174,0.019045,0.021363,0.020464,0.020195,0.022179,0.022778,0.011212,-0.018809,-0.033425,-0.031908,-0.030316,-0.031578,0.000000,0.000000,0.000000,0.000000
0.000000,0.000000,0.000000,0.000000,-0.033402,-0.029190,-0.029946,-0.033380,-0.021184,0.005567,0.018940,0.021864,0.019584,0.019879,0.022499,0.020779,0.019885,0.019895,0.020007,0.020265,0.020768,0.019759,0.018954,0.019419,0.020046,0.020073,0.020565,0.021373,0.021122,0.020984,0.021138,0.021135,0.020829,0.020741,0.020686,0.020372,0.020327,0.020630,0.020716,0.020301,0.019949,0.020471,0.020741,0.019985,0.020377,0.020856,0.020093,0.019586,0.019587,0.020227,0.020517,0.020934,0.020704,0.019431,0.019768,0.020083,0.019615,0.019894,0.019778,0.019611,0.020185,0.020293,0.020538,0.020960,0.020485,0.020233,0.020433,0.020556,0.020342,0.019487,0.019506,0.020346,0.020244,0.020600,0.020815,0.020287,0.019959,0.019414,0.020392,0.020978,0.020517,0.021006,0.020231,0.019386,0.020501,0.021176,0.019923,0.019497,0.021385,0.020135,0.020577,0.022310,0.019324,0.006210,-0.020096,-0.033121,-0.029974,-0.027880,-0.030801,0.000000,0.000000,0.000000,0.000000
0.000000,0.000000,0.000000,0.000000,-0.030904,-0.028388,-0.029520,-0.031507,-0.029438,-0.013377,0.013171,0.022299,0.020010,0.020594,0.021085,0.021292,0.020195,0.020042,0.020340,0.020413,0.020371,0.020584,0.020101,0.019657,0.019578,0.019449,0.020637,0.021331,0.021309,0.021188,0.020325,0.020128,0.020919,0.020860,0.020613,0.020743,0.020659,0.020473,0.019958,0.020667,0.020782,0.020353,0.020919,0.020443,0.020242,0.021007,0.020396,0.019391,0.019817,0.020774,0.021462,0.021397,0.020159,0.019270,0.019716,0.019800,0.019555,0.020097,0.020315,0.020415,0.020496,0.020537,0.020622,0.019740,0.020200,0.020411,0.020183,0.020478,0.020013,0.020655,0.020116,0.019893,0.020391,0.019914,0.020581,0.020381,0.019816,0.020364,0.020406,0.020623,0.021328,0.021336,0.020441,0.020213,0.020847,0.020389,0.020169,0.020989,0.020573,0.020801,0.020158,0.021895,0.014630,-0.010467,-0.028101,-0.031771,-0.029386,-0.027666,-0.032397,0.000000,0.000000,0.000000,0.000000
0.000000,0.000000,0.000000,0.000000,0.000000,-0.028985,-0.029328,-0.031529,-0.034447,-0.024171,0.003357,0.018058,0.021994,0.020734,0.019152,0.021683,0.020144,0.020610,0.021525,0.020572,0.020841,0.020836,0.020680,0.019918,0.019248,0.019340,0.019774,0.020964,0.021283,0.020612,0.020069,0.019180,0.019510,0.020522,0.021046,0.020797,0.020381,0.020307,0.020214,0.020744,0.020359,0.020590,0.020790,0.020048,0.019888,0.020119,0.020280,0.019731,0.019932,0.020785,0.020968,0.021361,0.021024,0.019855,0.020169,0.020518,0.019909,0.019970,0.020572,0.020585,0.020290,0.020636,0.020736,0.019892,0.020123,0.021017,0.020884,0.019903,0.019851,0.020759,0.020915,0.020837,0.020845,0.020416,0.020127,0.020465,0.020306,0.020748,0.020244,0.019847,0.021202,0.021049,0.020093,0.019830,0.020059,0.019654,0.020192,0.021076,0.019217,0.021350,0.021364,0.017792,0.006223,-0.019514,-0.031921,-0.031934,-0.029609,-0.029772,0.000000,0.000000,0.000000,0.000000,0.000000
0.000000,0.000000,0.000000,0.000000,0.000000,-0.032419,-0.029929,-0.031534,-0.032164,-0.029162,-0.013880,0.013849,0.023923,0.020462,0.018944,0.019729,0.021172,0.020145,0.020529,0.020806,0.020655,0.020284,0.021218,0.021016,0.019707,0.019933,0.019666,0.020312,0.021473,0.021089,0.020338,0.019234,0.019449,0.020723,0.020523,0.020539,0.020631,0.020388,0.020277,0.020447,0.020627,0.020177,0.020196,0.019972,0.020241,0.020394,0.020326,0.020622,0.019939,0.020262,0.020565,0.020585,0.021086,0.020888,0.020477,0.020693,0.020523,0.020157,0.019900,0.019439,0.019947,0.020168,0.020112,0.019981,0.019985,0.020673,0.020726,0.020395,0.020315,0.020499,0.020845,0.020966,0.020873,0.020528,0.020110,0.019965,0.020430,0.020488,0.019719,0.019914,0.020588,0.020628,0.020150,0.020188,0.020131,0.019195,0.020401,0.020492,0.020030,0.020264,0.022860,0.014155,-0.011302,-0.025970,-0.030941,-0.032476,-0.030313,-0.035054,0.000000,0.000000,0.000000,0.000000,0.000000
0.000000,0.000000,0.000000,0.000000,0.000000,0.000000,-0.031749,-0.027926,-0.029512,-0.032732,-0.021199,0.005792,0.018760,0.022201,0.020865,0.018725,0.021747,0.020363,0.019175,0.020270,0.020463,0.020609,0.020693,0.021332,0.021032,0.020050,0.019714,0.019625,0.020859,0.021763,0.020477,0.019525,0.020429,0.020669,0.020204,0.019935,0.020116,0.020032,0.020052,0.021034,0.021359,0.020353,0.020121,0.020987,0.020435,0.020064,0.020532,0.021202,0.021042,0.020084,0.020497,0.020204,0.020037,0.020959,0.020750,0.020426,0.021081,0.020698,0.019588,0.019402,0.019419,0.019769,0.019645,0.019569,0.020040,0.019940,0.020414,0.020655,0.020263,0.020462,0.019679,0.019708,0.020864,0.020048,0.019597,0.020029,0.020604,0.020886,0.019605,0.020068,0.020707,0.020253,0.021190,0.021292,0.020264,0.020113,0.021055,0.020320,0.022208,0.021222,0.017467,0.005338,-0.020659,-0.032174,-0.031569,-0.029890,-0.031315,0.000000,0.000000,0.000000,0.000000,0.000000,0.000000
0.000000,0.000000,0.000000,0.000000,0.000000,0.000000,-0.034981,-0.028971,-0.030010,-0.031000,-0.027175,-0.013267,0.013280,0.024151,0.021430,0.020140,0.020250,0.021415,0.020090,0.019588,0.020558,0.021116,0.020444,0.021015,0.021472,0.020104,0.019297,0.019461,0.019860,0.020420,0.019902,0.020018,0.020531,0.020354,0.020762,0.019976,0.019306,0.019822,0.020260,0.021379,0.021368,0.020619,0.020707,0.020946,0.020946,0.020205,0.020108,0.020599,0.021227,0.021112,0.020344,0.019971,0.019753,0.019722,0.019846,0.020297,0.021305,0.020818,0.019684,0.020068,0.019601,0.019799,0.020368,0.020428,0.019921,0.019535,0.020372,0.020986,0.021166,0.020314,0.019678,0.020140,0.020304,0.019962,0.019795,0.020536,0.021080,0.020374,0.019690,0.019785,0.020337,0.020354,0.020854,0.021041,0.020588,0.021026,0.019536,0.019164,0.020796,0.023429,0.012803,-0.014008,-0.027350,-0.030349,-0.031741,-0.028697,-0.032280,0.000000,0.000000,0.000000,0.000000,0.000000,0.000000
0.000000,0.000000,0.000000,0.000000,0.000000,0.000000,0.000000,-0.032122,-0.029867,-0.031695,-0.034077,-0.023500,0.004707,0.019212,0.022240,0.020384,0.018447,0.021023,0.020333,0.019770,0.019829,0.020455,0.020771,0.020548,0.020693,0.020406,0.019857,0.019330,0.019672,0.020046,0.019664,0.020008,0.020304,0.021083,0.020664,0.019829,0.020358,0.019761,0.019832,0.020798,0.021124,0.020614,0.020070,0.020205,0.021351,0.020629,0.019268,0.019953,0.020692,0.021672,0.020919,0.019613,0.019095,0.018781,0.019663,0.020654,0.020829,0.020246,0.019428,0.020053,0.021051,0.020514,0.020702,0.021159,0.020626,0.020021,0.020036,0.021513,0.021939,0.021032,0.020491,0.020384,0.020256,0.019959,0.020184,0.020093,0.020562,0.020561,0.019814,0.019725,0.019975,0.020210,0.020034,0.021112,0.022002,0.020438,0.017651,0.019843,0.021393,0.018379,0.004182,-0.023000,-0.033017,-0.030338,-0.029554,-0.030004,0.000000,0.000000,0.000000,0.000000,0.000000,0.000000,0.000000
0.000000,0.000000,0.000000,0.000000,0.000000,0.000000,0.000000,-0.034993,-0.030417,-0.031956,-0.031336,-0.028012,-0.011472,0.015332,0.022558,0.020899,0.020101,0.017884,0.020060,0.020974,0.020054,0.019814,0.020411,0.019986,0.020184,0.020491,0.020306,0.019808,0.019275,0.020459,0.020432,0.020071,0.020966,0.021121,0.020883,0.020305,0.020569,0.019932,0.019657,0.021033,0.020526,0.019673,0.019281,0.019819,0.020461,0.019815,0.019151,0.019395,0.020751,0.021584,0.021262,0.019825,0.019274,0.019341,0.019822,0.020945,0.020626,0.019730,0.019508,0.020453,0.021189,0.020917,0.020475,0.020681,0.020516,0.019469,0.019539,0.021023,0.021430,0.020864,0.020364,0.019887,0.020149,0.019857,0.019589,0.020451,0.021008,0.020853,0.020200,0.020721,0.021552,0.020074,0.019663,0.022087,0.021524,0.018124,0.020463,0.021413,0.022757,0.015061,-0.011526,-0.028256,-0.031394,-0.031092,-0.030049,-0.032745,0.000000,0.000000,0.000000,0.000000,0.000000,0.000000,0.000000
0.000000,0.000000,0.000000,0.000000,0.000000,0.000000,0.000000,0.000000,-0.030855,-0.029813,-0.029286,-0.031051,-0.020633,0.007979,0.020412,0.021444,0.023089,0.020286,0.020168,0.021802,0.020402,0.019629,0.020515,0.020407,0.019539,0.019449,0.020743,0.021192,0.019941,0.019560,0.020660,0.020837,0.020838,0.021078,0.020882,0.020948,0.020828,0.020101,0.020165,0.021208,0.020622,0.019695,0.019833,0.019648,0.020052,0.020384,0.019518,0.019505,0.020882,0.021168,0.020643,0.020026,0.019871,0.020110,0.020185,0.020605,0.020621,0.019669,0.019519,0.020533,0.020631,0.020475,0.020441,0.020564,0.020002,0.019147,0.019366,0.020048,0.020546,0.020812,0.020655,0.019520,0.019333,0.020217,0.020252,0.020425,0.020389,0.019956,0.020613,0.021555,0.021196,0.019355,0.020090,0.021446,0.019239,0.019996,0.022720,0.020609,0.020024,0.007596,-0.020697,-0.033247,-0.031143,-0.028433,-0.032239,0.000000,0.000000,0.000000,0.000000,0.000000,0.000000,0.000000,0.000000
0.000000,0.000000,0.000000,0.000000,0.000000,0.000000,0.000000,0.000000,-0.035437,-0.030188,-0.030915,-0.030510,-0.027182,-0.013751,0.008547,0.020286,0.023520,0.023062,0.019687,0.020207,0.021434,0.020114,0.019661,0.020786,0.020532,0.020115,0.021032,0.021613,0.021203,0.019474,0.019550,0.020267,0.020033,0.020914,0.020198,0.020138,0.021089,0.020405,0.020110,0.020549,0.020686,0.020687,0.020392,0.019944,0.020771,0.021308,0.020452,0.020850,0.021748,0.020886,0.019668,0.020026,0.020389,0.020329,0.020710,0.020510,0.019689,0.019484,0.019688,0.020047,0.020337,0.020502,0.020920,0.020728,0.020645,0.020113,0.019216,0.019652,0.020654,0.021461,0.020961,0.019690,0.019616,0.020453,0.020499,0.019609,0.019498,0.020389,0.020783,0.020925,0.019561,0.019364,0.021056,0.020295,0.019212,0.022012,0.022399,0.018688,0.007081,-0.014469,-0.028287,-0.031933,-0.030222,-0.028773,-0.032257,0.000000,0.000000,0.000000,0.000000,0.000000,0.000000,0.000000,0.000000
0.000000,0.000000,0.000000,0.000000,0.000000,0.000000,0.000000,0.000000,0.000000,-0.032636,-0.030519,-0.032240,-0.031247,-0.027431,-0.015474,0.006106,0.018322,0.022146,0.020420,0.018128,0.020858,0.021286,0.020313,0.020957,0.021522,0.020419,0.021039,0.021204,0.020036,0.019679,0.018920,0.018688,0.019991,0.020739,0.019989,0.020072,0.021277,0.020690,0.019630,0.020152,0.019822,0.019661,0.020155,0.020294,0.020813,0.021111,0.021409,0.021352,0.021119,0.020711,0.019055,0.019249,0.020571,0.020410,0.020468,0.019911,0.018926,0.019484,0.019893,0.019528,0.019905,0.020254,0.020510,0.020383,0.020068,0.019730,0.019448,0.020102,0.020969,0.021591,0.021240,0.019880,0.019532,0.020381,0.020242,0.019763,0.020380,0.020893,0.020891,0.020183,0.020472,0.020918,0.020640,0.019419,0.020761,0.021529,0.018079,0.006051,-0.016470,-0.027947,-0.030598,-0.031533,-0.028077,-0.030768,0.000000,0.000000,0.000000,0.000000,0.000000,0.000000,0.000000,0.000000,0.000000
0.000000,0.000000,0.000000,0.000000,0.000000,0.000000,0.000000,0.000000,0.000000,-0.034243,-0.029892,-0.030007,-0.030218,-0.029098,-0.028954,-0.014123,0.013035,0.021912,0.021812,0.020009,0.018458,0.020903,0.021410,0.021175,0.020480,0.020407,0.020561,0.020229,0.019483,0.019385,0.019511,0.019261,0.020174,0.021259,0.020912,0.020695,0.021200,0.020345,0.019266,0.019708,0.019528,0.019333,0.019687,0.019826,0.020592,0.021059,0.021119,0.020368,0.019801,0.020339,0.019267,0.019028,0.019813,0.020088,0.020668,0.020039,0.019940,0.020188,0.019465,0.019374,0.019839,0.019916,0.020117,0.020239,0.019439,0.019275,0.019835,0.020590,0.020437,0.020383,0.021199,0.020390,0.019972,0.021044,0.020494,0.020141,0.020739,0.020381,0.019767,0.020536,0.021430,0.020883,0.018892,0.020555,0.021638,0.021630,0.013155,-0.013299,-0.028801,-0.030070,-0.030351,-0.029616,-0.028776,-0.031829,0.000000,0.000000,0.000000,0.000000,0.000000,0.000000,0.000000,0.000000,0.000000
0.000000,0.000000,0.000000,0.000000,0.000000,0.000000,0.000000,0.000000,0.000000,0.000000,-0.034730,-0.028875,-0.029116,-0.030059,-0.030742,-0.022630,0.004098,0.019242,0.021489,0.023474,0.020057,0.018634,0.020304,0.021405,0.020284,0.019962,0.020061,0.019861,0.020275,0.019494,0.019635,0.020469,0.020976,0.021445,0.020656,0.020278,0.020426,0.019941,0.019485,0.019687,0.020164,0.020157,0.019835,0.019796,0.020406,0.020877,0.020439,0.019911,0.019905,0.019645,0.019918,0.020077,0.019645,0.020422,0.021457,0.021439,0.021045,0.020491,0.020173,0.020276,0.020361,0.020950,0.021202,0.020602,0.019830,0.019951,0.020216,0.020527,0.020260,0.019887,0.020785,0.020927,0.020990,0.020678,0.019994,0.020673,0.020555,0.019191,0.019679,0.021645,0.021460,0.019587,0.020264,0.023481,0.021075,0.019478,0.006123,-0.022167,-0.031263,-0.030570,-0.031064,-0.029893,-0.034272,0.000000,0.000000,0.000000,0.000000,0.000000,0.000000,0.000000,0.000000,0.000000,0.000000
0.000000,0.000000,0.000000,0.000000,0.000000,0.000000,0.000000,0.000000,0.000000,0.000000,0.000000,-0.032221,-0.028709,-0.030778,-0.031954,-0.029036,-0.017179,0.008122,0.020442,0.021114,0.023054,0.019886,0.018354,0.020189,0.020648,0.019754,0.019934,0.020010,0.020063,0.020402,0.019974,0.019923,0.020649,0.021230,0.019790,0.018863,0.019223,0.019265,0.020385,0.021008,0.020574,0.020683,0.020769,0.020674,0.020287,0.019998,0.020137,0.019947,0.019594,0.020186,0.020974,0.020346,0.020380,0.020901,0.021265,0.021349,0.020333,0.020538,0.020777,0.020706,0.021189,0.021363,0.021662,0.021404,0.020368,0.020191,0.020544,0.020198,0.019865,0.020240,0.020896,0.020836,0.020309,0.019820,0.020333,0.020565,0.019355,0.019589,0.020664,0.020633,0.019346,0.019977,0.022748,0.021451,0.020525,0.009122,-0.013868,-0.027299,-0.032508,-0.030814,-0.028671,-0.032697,0.000000,0.000000,0.000000,0.000000,0.000000,0.000000,0.000000,0.000000,0.000000,0.000000,0.000000
0.000000,0.000000,0.000000,0.000000,0.000000,0.000000,0.000000,0.000000,0.000000,0.000000,0.000000,-0.032718,-0.031046,-0.030837,-0.031776,-0.031777,-0.029758,-0.016500,0.007932,0.018428,0.020879,0.023020,0.019572,0.018275,0.020900,0.021773,0.020457,0.019394,0.019299,0.020173,0.020623,0.020011,0.020141,0.021248,0.020342,0.018804,0.018922,0.019112,0.020173,0.021310,0.020775,0.020888,0.021396,0.021191,0.020616,0.020310,0.021028,0.020553,0.019696,0.020847,0.020868,0.019921,0.020604,0.021051,0.020400,0.020259,0.020290,0.019868,0.019699,0.020766,0.021227,0.020595,0.021093,0.021354,0.020198,0.019756,0.019969,0.020200,0.020291,0.019804,0.020353,0.020551,0.020144,0.020566,0.020199,0.019197,0.019515,0.021041,0.020716,0.018273,0.018904,0.021725,0.019967,0.017600,0.007269,-0.013525,-0.026692,-0.032608,-0.032778,-0.030119,-0.029596,-0.033763,0.000000,0.000000,0.000000,0.000000,0.000000,0.000000,0.000000,0.000000,0.000000,0.000000,0.000000
0.000000,0.000000,0.000000,0.000000,0.000000,0.000000,0.000000,0.000000,0.000000,0.000000,0.000000,0.000000,-0.033882,-0.030189,-0.029495,-0.030619,-0.031687,-0.029637,-0.016573,0.007486,0.018608,0.020699,0.023062,0.019161,0.018123,0.021405,0.021675,0.020239,0.019296,0.019243,0.020376,0.021051,0.020970,0.020580,0.020503,0.020800,0.020042,0.019533,0.020227,0.020590,0.020103,0.020420,0.021124,0.020556,0.020040,0.020101,0.021197,0.021070,0.019890,0.020119,0.020105,0.020482,0.020810,0.021101,0.021085,0.020187,0.019932,0.019620,0.019572,0.020287,0.020215,0.020373,0.020984,0.020177,0.019485,0.019439,0.019412,0.020070,0.020508,0.019710,0.020230,0.021204,0.020656,0.020306,0.020206,0.020798,0.021463,0.020883,0.018763,0.019172,0.022071,0.020122,0.017732,0.006186,-0.017010,-0.027600,-0.029678,-0.032664,-0.031927,-0.029888,-0.033732,0.000000,0.000000,0.000000,0.000000,0.000000,0.000000,0.000000,0.000000,0.000000,0.000000,0.000000,0.000000
0.000000,0.000000,0.000000,0.000000,0.000000,0.000000,0.000000,0.000000,0.000000,0.000000,0.000000,0.000000,0.000000,-0.031814,-0.028007,-0.029230,-0.032304,-0.030963,-0.029712,-0.017753,0.006954,0.018282,0.020357,0.021970,0.019387,0.018994,0.020971,0.021100,0.020999,0.020130,0.019690,0.020590,0.020831,0.020844,0.020989,0.020884,0.020352,0.020345,0.021277,0.020942,0.020276,0.020545,0.019936,0.019390,0.019500,0.020003,0.020612,0.020424,0.019727,0.019726,0.020071,0.020131,0.020890,0.021018,0.020710,0.020505,0.020092,0.020230,0.019698,0.019865,0.020198,0.020575,0.020996,0.020211,0.019312,0.019464,0.020019,0.019858,0.020234,0.020686,0.021007,0.021520,0.020445,0.019823,0.021345,0.022103,0.020674,0.019038,0.019992,0.022319,0.021018,0.017947,0.005744,-0.017573,-0.028494,-0.030800,-0.032180,-0.029298,-0.028961,-0.031797,0.000000,0.000000,0.000000,0.000000,0.000000,0.000000,0.000000,0.000000,0.000000,0.000000,0.000000,0.000000,0.000000
0.000000,0.000000,0.000000,0.000000,0.000000,0.000000,0.000000,0.000000,0.000000,0.000000,0.000000,0.000000,0.000000,0.000000,-0.030467,-0.027744,-0.029484,-0.033109,-0.032792,-0.030466,-0.017183,0.007414,0.018758,0.020666,0.021842,0.021004,0.020202,0.020172,0.021551,0.021479,0.020472,0.020237,0.020658,0.021822,0.021490,0.020415,0.020429,0.019887,0.020384,0.021559,0.021569,0.021036,0.020032,0.019320,0.019390,0.020993,0.021757,0.021020,0.020300,0.019768,0.020076,0.019832,0.020294,0.020786,0.020084,0.020730,0.021100,0.019977,0.019648,0.020032,0.020481,0.020431,0.020751,0.020890,0.019409,0.019285,0.020415,0.021251,0.022000,0.021459,0.021525,0.020904,0.019808,0.020897,0.021104,0.019657,0.020014,0.021549,0.021557,0.020364,0.019277,0.006138,-0.018546,-0.029485,-0.031796,-0.032565,-0.029474,-0.028501,-0.030792,0.000000,0.000000,0.000000,0.000000,0.000000,0.000000,0.000000,0.000000,0.000000,0.000000,0.000000,0.000000,0.000000,0.000000
0.000000,0.000000,0.000000,0.000000,0.000000,0.000000,0.000000,0.000000,0.000000,0.000000,0.000000,0.000000,0.000000,0.000000,0.000000,-0.032304,-0.028161,-0.030457,-0.033993,-0.031970,-0.029109,-0.016374,0.007083,0.019327,0.021924,0.022044,0.022864,0.020340,0.018566,0.021648,0.022136,0.020298,0.019848,0.020694,0.020599,0.021029,0.020612,0.019268,0.019819,0.020951,0.020909,0.021036,0.020797,0.019729,0.020154,0.020838,0.021414,0.021503,0.020665,0.020130,0.019944,0.020812,0.020358,0.019989,0.020914,0.021043,0.020398,0.020061,0.020514,0.020158,0.020111,0.020582,0.020252,0.019629,0.019696,0.020158,0.020618,0.021375,0.021231,0.020447,0.020695,0.021184,0.020879,0.020987,0.019134,0.020576,0.022949,0.022552,0.021944,0.018694,0.007185,-0.017074,-0.030749,-0.030940,-0.031332,-0.030335,-0.029534,-0.031817,0.000000,0.000000,0.000000,0.000000,0.000000,0.000000,0.000000,0.000000,0.000000,0.000000,0.000000,0.000000,0.000000,0.000000,0.000000
0.000000,0.000000,0.000000,0.000000,0.000000,0.000000,0.000000,0.000000,0.000000,0.000000,0.000000,0.000000,0.000000,0.000000,0.000000,0.000000,-0.031043,-0.029547,-0.031662,-0.033170,-0.031635,-0.029736,-0.016865,0.004579,0.012928,0.017480,0.021869,0.021684,0.019759,0.018477,0.019954,0.020305,0.020464,0.020977,0.020642,0.019988,0.020157,0.021008,0.021004,0.020372,0.020060,0.020213,0.019913,0.019393,0.020241,0.020661,0.020664,0.021002,0.020417,0.019695,0.019358,0.020018,0.019702,0.019309,0.020868,0.021190,0.020906,0.021187,0.020895,0.020692,0.020106,0.019885,0.019868,0.019748,0.020273,0.020511,0.020250,0.019383,0.019376,0.020592,0.020605,0.020361,0.020318,0.018893,0.020809,0.023133,0.022362,0.017519,0.012565,0.004706,-0.016048,-0.029704,-0.032241,-0.032284,-0.029037,-0.028938,-0.033593,0.000000,0.000000,0.000000,0.000000,0.000000,0.000000,0.000000,0.000000,0.000000,0.000000,0.000000,0.000000,0.000000,0.000000,0.000000,0.000000
0.000000,0.000000,0.000000,0.000000,0.000000,0.000000,0.000000,0.000000,0.000000,0.000000,0.000000,0.000000,0.000000,0.000000,0.000000,0.000000,0.000000,-0.031371,-0.029171,-0.030210,-0.031640,-0.031663,-0.027199,-0.021709,-0.013988,0.004785,0.018058,0.019903,0.020701,0.019534,0.018850,0.019387,0.020463,0.021674,0.021159,0.020524,0.020481,0.020829,0.020987,0.021193,0.021140,0.020147,0.020157,0.019551,0.019149,0.020526,0.021157,0.020904,0.020423,0.019734,0.019520,0.019738,0.019734,0.019949,0.020276,0.020414,0.021050,0.021285,0.020909,0.020554,0.020540,0.020628,0.020904,0.021239,0.020850,0.020160,0.019973,0.020100,0.020255,0.020537,0.020091,0.018877,0.019269,0.021374,0.022478,0.021123,0.019388,0.005874,-0.014257,-0.022082,-0.028227,-0.033070,-0.031997,-0.029787,-0.029387,-0.031548,0.000000,0.000000,0.000000,0.000000,0.000000,0.000000,0.000000,0.000000,0.000000,0.000000,0.000000,0.000000,0.000000,0.000000,0.000000,0.000000,0.000000
0.000000,0.000000,0.000000,0.000000,0.000000,0.000000,0.000000,0.000000,0.000000,0.000000,0.000000,0.000000,0.000000,0.000000,0.000000,0.000000,0.000000,0.000000,-0.030795,-0.028357,-0.029294,-0.029911,-0.029909,-0.029678,-0.029179,-0.017376,0.007499,0.019510,0.021371,0.020932,0.020113,0.021122,0.020016,0.019034,0.019288,0.021953,0.022387,0.020853,0.020585,0.020637,0.020366,0.020523,0.021189,0.020764,0.020032,0.020635,0.021125,0.020559,0.020672,0.020566,0.019593,0.020026,0.021152,0.020470,0.019567,0.019688,0.020235,0.020907,0.020733,0.020262,0.020657,0.020953,0.020095,0.019685,0.020319,0.021402,0.022393,0.022093,0.020435,0.018700,0.019156,0.021484,0.020739,0.022646,0.023887,0.021055,0.009332,-0.015164,-0.029006,-0.030805,-0.031609,-0.032221,-0.030892,-0.028599,-0.030686,0.000000,0.000000,0.000000,0.000000,0.000000,0.000000,0.000000,0.000000,0.000000,0.000000,0.000000,0.000000,0.000000,0.000000,0.000000,0.000000,0.000000,0.000000
0.000000,0.000000,0.000000,0.000000,0.000000,0.000000,0.000000,0.000000,0.000000,0.000000,0.000000,0.000000,0.000000,0.000000,0.000000,0.000000,0.000000,0.000000,0.000000,-0.033570,-0.029150,-0.028627,-0.029698,-0.030520,-0.030521,-0.028472,-0.015232,0.006238,0.013876,0.017537,0.022925,0.021472,0.020124,0.020644,0.019564,0.019157,0.020731,0.021202,0.021280,0.020628,0.020421,0.021239,0.020710,0.020645,0.020464,0.020375,0.021670,0.020977,0.020560,0.020702,0.019813,0.019979,0.020878,0.020638,0.020259,0.020430,0.020431,0.020419,0.019981,0.019804,0.019876,0.020274,0.020229,0.020491,0.020888,0.020496,0.020420,0.019770,0.021161,0.022037,0.019972,0.020777,0.023825,0.019120,0.014706,0.008813,-0.011860,-0.027205,-0.030550,-0.030305,-0.029972,-0.029880,-0.029203,-0.033815,0.000000,0.000000,0.000000,0.000000,0.000000,0.000000,0.000000,0.000000,0.000000,0.000000,0.000000,0.000000,0.000000,0.000000,0.000000,0.000000,0.000000,0.000000,0.000000
0.000000,0.000000,0.000000,0.000000,0.000000,0.000000,0.000000,0.000000,0.000000,0.000000,0.000000,0.000000,0.000000,0.000000,0.000000,0.000000,0.000000,0.000000,0.000000,0.000000,-0.033677,-0.029912,-0.028098,-0.030862,-0.031201,-0.030484,-0.028487,-0.022258,-0.011596,0.004672,0.013206,0.018824,0.023269,0.021224,0.020081,0.020597,0.020137,0.020102,0.020360,0.020169,0.021091,0.021545,0.021204,0.020505,0.019739,0.019841,0.020382,0.020427,0.020503,0.020969,0.020597,0.019924,0.019661,0.020277,0.020620,0.020286,0.020021,0.019420,0.019893,0.020397,0.020839,0.021548,0.021325,0.020871,0.021167,0.020043,0.019438,0.020925,0.021026,0.022726,0.023680,0.016717,0.012246,0.004609,-0.012402,-0.020886,-0.025990,-0.030509,-0.031419,-0.029510,-0.027704,-0.029787,-0.033171,0.000000,0.000000,0.000000,0.000000,0.000000,0.000000,0.000000,0.000000,0.000000,0.000000,0.000000,0.000000,0.000000,0.000000,0.000000,0.000000,0.000000,0.000000,0.000000,0.000000
0.000000,0.000000,0.000000,0.000000,0.000000,0.000000,0.000000,0.000000,0.000000,0.000000,0.000000,0.000000,0.000000,0.000000,0.000000,0.000000,0.000000,0.000000,0.000000,0.000000,0.000000,-0.031944,-0.032406,-0.029577,-0.029733,-0.032606,-0.031405,-0.032558,-0.028469,-0.022220,-0.012654,0.005559,0.014052,0.017898,0.022089,0.022773,0.021552,0.019401,0.019814,0.019607,0.019028,0.020471,0.021006,0.019784,0.020085,0.020789,0.019971,0.019703,0.020423,0.021511,0.021170,0.019751,0.019457,0.019348,0.019796,0.020489,0.020531,0.020229,0.020412,0.020767,0.021032,0.021234,0.019803,0.019319,0.019759,0.019675,0.021910,0.023356,0.022923,0.018119,0.012628,0.003175,-0.014426,-0.023527,-0.029727,-0.033247,-0.030275,-0.031154,-0.029814,-0.027816,-0.030954,-0.034018,0.000000,0.000000,0.000000,0.000000,0.000000,0.000000,0.000000,0.000000,0.000000,0.000000,0.000000,0.000000,0.000000,0.000000,0.000000,0.000000,0.000000,0.000000,0.000000,0.000000,0.000000
0.000000,0.000000,0.000000,0.000000,0.000000,0.000000,0.000000,0.000000,0.000000,0.000000,0.000000,0.000000,0.000000,0.000000,0.000000,0.000000,0.000000,0.000000,0.000000,0.000000,0.000000,0.000000,0.000000,-0.032929,-0.029301,-0.030333,-0.031551,-0.031271,-0.032681,-0.034207,-0.027961,-0.021779,-0.012788,0.004990,0.014913,0.019399,0.022832,0.021971,0.020781,0.021645,0.019248,0.018424,0.020942,0.019467,0.019349,0.020815,0.021459,0.020594,0.020168,0.021565,0.021539,0.020527,0.019910,0.019411,0.020038,0.021261,0.020912,0.020329,0.020000,0.020663,0.021090,0.019060,0.019832,0.020986,0.019860,0.020879,0.023050,0.019400,0.014294,0.004237,-0.014700,-0.023116,-0.027552,-0.033563,-0.032314,-0.030844,-0.029803,-0.027931,-0.028791,-0.030565,0.000000,0.000000,0.000000,0.000000,0.000000,0.000000,0.000000,0.000000,0.000000,0.000000,0.000000,0.000000,0.000000,0.000000,0.000000,0.000000,0.000000,0.000000,0.000000,0.000000,0.000000,0.000000,0.000000
0.000000,0.000000,0.000000,0.000000,0.000000,0.000000,0.000000,0.000000,0.000000,0.000000,0.000000,0.000000,0.000000,0.000000,0.000000,0.000000,0.000000,0.000000,0.000000,0.000000,0.000000,0.000000,0.000000,0.000000,-0.031146,-0.031603,-0.028996,-0.029742,-0.032669,-0.031622,-0.031026,-0.031839,-0.026213,-0.021096,-0.011552,0.006134,0.011914,0.014298,0.021069,0.023207,0.021136,0.020480,0.021037,0.020659,0.019176,0.019236,0.020850,0.020371,0.020003,0.020457,0.020682,0.020810,0.020788,0.020466,0.020648,0.020651,0.020316,0.019551,0.020572,0.021748,0.021374,0.021700,0.022903,0.023379,0.020886,0.014183,0.011193,0.005533,-0.012338,-0.022617,-0.028620,-0.033833,-0.030602,-0.029729,-0.030497,-0.029109,-0.028988,-0.030134,-0.033137,0.000000,0.000000,0.000000,0.000000,0.000000,0.000000,0.000000,0.000000,0.000000,0.000000,0.000000,0.000000,0.000000,0.000000,0.000000,0.000000,0.000000,0.000000,0.000000,0.000000,0.000000,0.000000,0.000000,0.000000
0.000000,0.000000,0.000000,0.000000,0.000000,0.000000,0.000000,0.000000,0.000000,0.000000,0.000000,0.000000,0.000000,0.000000,0.000000,0.000000,0.000000,0.000000,0.000000,0.000000,0.000000,0.000000,0.000000,0.000000,0.000000,0.000000,-0.031814,-0.029482,-0.030664,-0.030364,-0.029903,-0.029222,-0.029926,-0.031636,-0.028871,-0.019990,-0.016847,-0.011071,0.006289,0.010734,0.008215,0.012730,0.019778,0.023447,0.023002,0.023573,0.023501,0.022709,0.021960,0.021220,0.020853,0.020982,0.021641,0.021867,0.021784,0.022661,0.022932,0.023151,0.024227,0.024748,0.020753,0.014343,0.010594,0.012201,0.007044,-0.010174,-0.017831,-0.020912,-0.029498,-0.032812,-0.031235,-0.031394,-0.030454,-0.028373,-0.029616,-0.030940,-0.031536,0.000000,0.000000,0.000000,0.000000,0.000000,0.000000,0.000000,0.000000,0.000000,0.000000,0.000000,0.000000,0.000000,0.000000,0.000000,0.000000,0.000000,0.000000,0.000000,0.000000,0.000000,0.000000,0.000000,0.000000,0.000000,0.000000
0.000000,0.000000,0.000000,0.000000,0.000000,0.000000,0.000000,0.000000,0.000000,0.000000,0.000000,0.000000,0.000000,0.000000,0.000000,0.000000,0.000000,0.000000,0.000000,0.000000,0.000000,0.000000,0.000000,0.000000,0.000000,0.000000,0.000000,0.000000,-0.034392,-0.032177,-0.029519,-0.029603,-0.031736,-0.031126,-0.032188,-0.032597,-0.030314,-0.027549,-0.022452,-0.017715,-0.020093,-0.014782,0.005250,0.013199,0.013062,0.013740,0.012238,0.010748,0.008168,0.006526,0.004687,0.003150,0.003152,0.004316,0.005895,0.008978,0.010873,0.012401,0.013063,0.014058,0.006608,-0.012839,-0.018913,-0.016703,-0.021006,-0.026792,-0.031083,-0.032647,-0.031315,-0.030262,-0.030566,-0.029659,-0.029109,-0.029765,-0.032905,0.000000,0.000000,0.000000,0.000000,0.000000,0.000000,0.000000,0.000000,0.000000,0.000000,0.000000,0.000000,0.000000,0.000000,0.000000,0.000000,0.000000,0.000000,0.000000,0.000000,0.000000,0.000000,0.000000,0.000000,0.000000,0.000000,0.000000,0.000000
0.000000,0.000000,0.000000,0.000000,0.000000,0.000000,0.000000,0.000000,0.000000,0.000000,0.000000,0.000000,0.000000,0.000000,0.000000,0.000000,0.000000,0.000000,0.000000,0.000000,0.000000,0.000000,0.000000,0.000000,0.000000,0.000000,0.000000,0.000000,0.000000,0.000000,-0.034424,-0.031748,-0.029797,-0.030934,-0.031836,-0.031219,-0.030127,-0.030896,-0.031988,-0.030932,-0.034243,-0.031550,-0.021390,-0.016671,-0.015648,-0.017095,-0.018594,-0.020435,-0.022305,-0.022183,-0.023750,-0.025848,-0.026599,-0.025549,-0.023343,-0.020861,-0.019096,-0.018319,-0.016686,-0.016127,-0.021040,-0.029261,-0.032289,-0.030693,-0.030033,-0.030036,-0.029869,-0.028944,-0.029695,-0.030222,-0.030116,-0.031971,-0.032535,0.000000,0.000000,0.000000,0.000000,0.000000,0.000000,0.000000,0.000000,0.000000,0.000000,0.000000,0.000000,0.000000,0.000000,0.000000,0.000000,0.000000,0.000000,0.000000,0.000000,0.000000,0.000000,0.000000,0.000000,0.000000,0.000000,0.000000,0.000000,0.000000,0.000000
0.000000,0.000000,0.000000,0.000000,0.000000,0.000000,0.000000,0.000000,0.000000,0.000000,0.000000,0.000000,0.000000,0.000000,0.000000,0.000000,0.000000,0.000000,0.000000,0.000000,0.000000,0.000000,0.000000,0.000000,0.000000,0.000000,0.000000,0.000000,0.000000,0.000000,0.000000,0.000000,-0.035426,-0.031414,-0.029687,-0.029889,-0.030416,-0.031151,-0.029288,-0.029873,-0.032566,-0.031819,-0.030625,-0.031008,-0.031339,-0.031370,-0.032241,-0.032992,-0.032311,-0.031077,-0.031072,-0.032450,-0.033393,-0.033084,-0.032170,-0.031329,-0.031166,-0.032387,-0.033115,-0.031998,-0.030324,-0.030213,-0.031711,-0.028861,-0.026964,-0.029917,-0.029001,-0.028719,-0.030497,-0.030516,-0.035365,0.000000,0.000000,0.000000,0.000000,0.000000,0.000000,0.000000,0.000000,0.000000,0.000000,0.000000,0.000000,0.000000,0.000000,0.000000,0.000000,0.000000,0.000000,0.000000,0.000000,0.000000,0.000000,0.000000,0.000000,0.000000,0.000000,0.000000,0.000000,0.000000,0.000000,0.000000,0.000000
0.000000,0.000000,0.000000,0.000000,0.000000,0.000000,0.000000,0.000000,0.000000,0.000000,0.000000,0.000000,0.000000,0.000000,0.000000,0.000000,0.000000,0.000000,0.000000,0.000000,0.000000,0.000000,0.000000,0.000000,0.000000,0.000000,0.000000,0.000000,0.000000,0.000000,0.000000,0.000000,0.000000,0.000000,-0.031835,-0.033214,-0.031781,-0.030736,-0.029718,-0.029958,-0.029710,-0.028867,-0.030357,-0.030797,-0.030979,-0.029813,-0.028645,-0.029134,-0.029632,-0.029861,-0.029263,-0.030192,-0.031525,-0.031029,-0.030213,-0.029785,-0.028515,-0.029355,-0.032252,-0.032236,-0.030520,-0.029455,-0.029467,-0.028759,-0.028538,-0.028963,-0.029898,-0.032041,-0.032817,0.000000,0.000000,0.000000,0.000000,0.000000,0.000000,0.000000,0.000000,0.000000,0.000000,0.000000,0.000000,0.000000,0.000000,0.000000,0.000000,0.000000,0.000000,0.000000,0.000000,0.000000,0.000000,0.000000,0.000000,0.000000,0.000000,0.000000,0.000000,0.000000,0.000000,0.000000,0.000000,0.000000,0.000000
0.000000,0.000000,0.000000,0.000000,0.000000,0.000000,0.000000,0.000000,0.000000,0.000000,0.000000,0.000000,0.000000,0.000000,0.000000,0.000000,0.000000,0.000000,0.000000,0.000000,0.000000,0.000000,0.000000,0.000000,0.000000,0.000000,0.000000,0.000000,0.000000,0.000000,0.000000,0.000000,0.000000,0.000000,0.000000,0.000000,0.000000,-0.033304,-0.033846,-0.033176,-0.032940,-0.032469,-0.030539,-0.030998,-0.030337,-0.027947,-0.027953,-0.029614,-0.031466,-0.030927,-0.030299,-0.031632,-0.032194,-0.031798,-0.030938,-0.029998,-0.028355,-0.027483,-0.028682,-0.031061,-0.032331,-0.031957,-0.030893,-0.031246,-0.032452,-0.033121,0.000000,0.000000,0.000000,0.000000,0.000000,0.000000,0.000000,0.000000,0.000000,0.000000,0.000000,0.000000,0.000000,0.000000,0.000000,0.000000,0.000000,0.000000,0.000000,0.000000,0.000000,0.000000,0.000000,0.000000,0.000000,0.000000,0.000000,0.000000,0.000000,0.000000,0.000000,0.000000,0.000000,0.000000,0.000000,0.000000,0.000000
0.000000,0.000000,0.000000,0.000000,0.000000,0.000000,0.000000,0.000000,0.000000,0.000000,0.000000,0.000000,0.000000,0.000000,0.000000,0.000000,0.000000,0.000000,0.000000,0.000000,0.000000,0.000000,0.000000,0.000000,0.000000,0.000000,0.000000,0.000000,0.000000,0.000000,0.000000,0.000000,0.000000,0.000000,0.000000,0.000000,0.000000,0.000000,0.000000,0.000000,0.000000,0.000000,-0.033087,-0.031080,-0.032287,-0.032502,-0.030253,-0.031934,-0.033902,-0.032479,-0.030876,-0.029856,-0.032294,-0.033511,-0.032623,-0.032383,-0.030629,-0.029733,-0.029920,-0.031161,-0.033628,0.000000,0.000000,0.000000,0.000000,0.000000,0.000000,0.000000,0.000000,0.000000,0.000000,0.000000,0.000000,0.000000,0.000000,0.000000,0.000000,0.000000,0.000000,0.000000,0.000000,0.000000,0.000000,0.000000,0.000000,0.000000,0.000000,0.000000,0.000000,0.000000,0.000000,0.000000,0.000000,0.000000,0.000000,0.000000,0.000000,0.000000,0.000000,0.000000,0.000000,0.000000,0.000000
0.000000,0.000000,0.000000,0.000000,0.000000,0.000000,0.000000,0.000000,0.000000,0.000000,0.000000,0.000000,0.000000,0.000000,0.000000,0.000000,0.000000,0.000000,0.000000,0.000000,0.000000,0.000000,0.000000,0.000000,0.000000,0.000000,0.000000,0.000000,0.000000,0.000000,0.000000,0.000000,0.000000,0.000000,0.000000,0.000000,0.000000,0.000000,0.000000,0.000000,0.000000,0.000000,0.000000,0.000000,0.000000,0.000000,0.000000,0.000000,0.000000,0.000000,0.000000,-0.032880,0.000000,0.000000,0.000000,0.000000,0.000000,0.000000,0.000000,0.000000,0.000000,0.000000,0.000000,0.000000,0.000000,0.000000,0.000000,0.000000,0.000000,0.000000,0.000000,0.000000,0.000000,0.000000,0.000000,0.000000,0.000000,0.000000,0.000000,0.000000,0.000000,0.000000,0.000000,0.000000,0.000000,0.000000,0.000000,0.000000,0.000000,0.000000,0.000000,0.000000,0.000000,0.000000,0.000000,0.000000,0.000000,0.000000,0.000000,0.000000,0.000000,0.000000,0.000000
0.000000,0.000000,0.000000,0.000000,0.000000,0.000000,0.000000,0.000000,0.000000,0.000000,0.000000,0.000000,0.000000,0.000000,0.000000,0.000000,0.000000,0.000000,0.000000,0.000000,0.000000,0.000000,0.000000,0.000000,0.000000,0.000000,0.000000,0.000000,0.000000,0.000000,0.000000,0.000000,0.000000,0.000000,0.000000,0.000000,0.000000,0.000000,0.000000,0.000000,0.000000,0.000000,0.000000,0.000000,0.000000,0.000000,0.000000,0.000000,0.000000,0.000000,0.000000,0.000000,0.000000,0.000000,0.000000,0.000000,0.000000,0.000000,0.000000,0.000000,0.000000,0.000000,0.000000,0.000000,0.000000,0.000000,0.000000,0.000000,0.000000,0.000000,0.000000,0.000000,0.000000,0.000000,0.000000,0.000000,0.000000,0.000000,0.000000,0.000000,0.000000,0.000000,0.000000,0.000000,0.000000,0.000000,0.000000,0.000000,0.000000,0.000000,0.000000,0.000000,0.000000,0.000000,0.000000,0.000000,0.000000,0.000000,0.000000,0.000000,0.000000,0.000000,0.000000
