0.000000,0.000000,0.000000,0.000000,0.000000,0.000000,0.000000,0.000000,0.000000,0.000000,0.000000,0.000000,0.000000,0.000000,0.000000,0.000000,0.000000,0.000000,0.000000,0.000000,0.000000,0.000000,0.000000,0.000000,0.000000,0.000000,0.000000,0.000000,0.000000,0.000000,0.000000,0.000000,0.000000,0.000000,0.000000,0.000000,0.000000,0.000000,0.000000,0.000000,0.000000,0.000000,0.000000,0.000000,0.000000,0.000000,0.000000,0.000000,0.000000,0.000000,0.000000,0.000000,0.000000,0.000000,0.000000,0.000000,0.000000,0.000000,0.000000,0.000000,0.000000,0.000000,0.000000,0.000000,0.000000,0.000000,0.000000,0.000000,0.000000,0.000000,0.000000,0.000000,0.000000,0.000000,0.000000,0.000000,0.000000,0.000000,0.000000,0.000000,0.000000,0.000000,0.000000,0.000000,0.000000,0.000000,0.000000,0.000000,0.000000,0.000000,0.000000,0.000000,0.000000,0.000000,0.000000,0.000000,0.000000,0.000000,0.000000,0.000000,0.000000,0.000000,0.000000
0.000000,0.000000,0.000000,0.000000,0.000000,0.000000,0.000000,0.000000,0.000000,0.000000,0.000000,0.000000,0.000000,0.000000,0.000000,0.000000,0.000000,0.000000,0.000000,0.000000,0.000000,0.000000,0.000000,0.000000,0.000000,0.000000,0.000000,0.000000,0.000000,0.000000,0.000000,0.000000,0.000000,0.000000,0.000000,0.000000,0.000000,0.000000,0.000000,0.000000,0.000000,0.000000,0.000000,0.000000,0.000000,0.000000,0.000000,0.000000,0.000000,0.000000,0.000000,-0.000002,0.000000,0.000000,0.000000,0.000000,0.000000,0.000000,0.000000,0.000000,0.000000,0.000000,0.000000,0.000000,0.000000,0.000000,0.000000,0.000000,0.000000,0.000000,0.000000,0.000000,0.000000,0.000000,0.000000,0.000000,0.000000,0.000000,0.000000,0.000000,0.000000,0.000000,0.000000,0.000000,0.000000,0.000000,0.000000,0.000000,0.000000,0.000000,0.000000,0.000000,0.000000,0.000000,0.000000,0.000000,0.000000,0.000000,0.000000,0.000000,0.000000,0.000000,0.000000
0.000000,0.000000,0.000000,0.000000,0.000000,0.000000,0.000000,0.000000,0.000000,0.000000,0.000000,0.000000,0.000000,0.000000,0.000000,0.000000,0.000000,0.000000,0.000000,0.000000,0.000000,0.000000,0.000000,0.000000,0.000000,0.000000,0.000000,0.000000,0.000000,0.000000,0.000000,0.000000,0.000000,0.000000,0.000000,0.000000,0.000000,0.000000,0.000000,0.000000,0.000000,0.000000,-0.000001,0.000000,-0.000001,-0.000000,-0.000001,-0.000000,-0.000002,0.000001,0.000003,-0.000000,-0.000002,0.000001,-0.000001,-0.000000,0.000000,-0.000000,0.000001,-0.000000,0.000003,0.000000,0.000000,0.000000,0.000000,0.000000,0.000000,0.000000,0.000000,0.000000,0.000000,0.000000,0.000000,0.000000,0.000000,0.000000,0.000000,0.000000,0.000000,0.000000,0.000000,0.000000,0.000000,0.000000,0.000000,0.000000,0.000000,0.000000,0.000000,0.000000,0.000000,0.000000,0.000000,0.000000,0.000000,0.000000,0.000000,0.000000,0.000000,0.000000,0.000000,0.000000,0.000000
0.000000,0.000000,0.000000,0.000000,0.000000,0.000000,0.000000,0.000000,0.000000,0.000000,0.000000,0.000000,0.000000,0.000000,0.000000,0.000000,0.000000,0.000000,0.000000,0.000000,0.000000,0.000000,0.000000,0.000000,0.000000,0.000000,0.000000,0.000000,0.000000,0.000000,0.000000,0.000000,0.000000,0.000000,0.000000,0.000000,0.000000,-0.000001,0.000000,0.000001,-0.000000,-0.000000,0.000000,0.000001,0.000000,0.000001,0.000000,0.000002,0.000000,-0.000001,0.000000,0.000001,-0.000001,0.000000,-0.000000,0.000000,-0.000001,-0.000000,-0.000001,-0.000003,-0.000001,-0.000000,-0.000002,-0.000002,0.000000,-0.000003,0.000000,0.000000,0.000000,0.000000,0.000000,0.000000,0.000000,0.000000,0.000000,0.000000,0.000000,0.000000,0.000000,0.000000,0.000000,0.000000,0.000000,0.000000,0.000000,0.000000,0.000000,0.000000,0.000000,0.000000,0.000000,0.000000,0.000000,0.000000,0.000000,0.000000,0.000000,0.000000,0.000000,0.000000,0.000000,0.000000,0.000000
0.000000,0.000000,0.000000,0.000000,0.000000,0.000000,0.000000,0.000000,0.000000,0.000000,0.000000,0.000000,0.000000,0.000000,0.000000,0.000000,0.000000,0.000000,0.000000,0.000000,0.000000,0.000000,0.000000,0.000000,0.000000,0.000000,0.000000,0.000000,0.000000,0.000000,0.000000,0.000000,0.000000,0.000000,-0.000000,0.000000,-0.000000,-0.000001,-0.000000,0.000000,-0.000001,0.000000,-0.000001,0.000000,-0.000002,0.000001,-0.000001,0.000000,0.000000,0.000000,-0.000001,0.000000,0.000001,0.000000,0.000001,-0.000000,0.000002,0.000001,0.000003,0.000002,0.000001,0.000003,0.000003,0.000001,0.000003,0.000004,0.000002,-0.000001,-0.000001,0.000000,0.000000,0.000000,0.000000,0.000000,0.000000,0.000000,0.000000,0.000000,0.000000,0.000000,0.000000,0.000000,0.000000,0.000000,0.000000,0.000000,0.000000,0.000000,0.000000,0.000000,0.000000,0.000000,0.000000,0.000000,0.000000,0.000000,0.000000,0.000000,0.000000,0.000000,0.000000,0.000000,0.000000
0.000000,0.000000,0.000000,0.000000,0.000000,0.000000,0.000000,0.000000,0.000000,0.000000,0.000000,0.000000,0.000000,0.000000,0.000000,0.000000,0.000000,0.000000,0.000000,0.000000,0.000000,0.000000,0.000000,0.000000,0.000000,0.000000,0.000000,0.000000,0.000000,0.000000,0.000000,0.000000,0.000001,0.000000,0.000001,0.000000,0.000000,0.000002,0.000000,0.000000,0.000000,0.000001,0.000000,-0.000000,0.000000,0.000001,-0.000000,0.000000,-0.000000,0.000001,-0.000000,0.000001,-0.000001,-0.000001,-0.000001,-0.000001,-0.000002,-0.000003,-0.000002,-0.000002,-0.000003,-0.000003,-0.000001,-0.000003,-0.000003,-0.000002,0.000001,-0.000000,-0.000004,0.000001,0.000004,0.000000,0.000000,0.000000,0.000000,0.000000,0.000000,0.000000,0.000000,0.000000,0.000000,0.000000,0.000000,0.000000,0.000000,0.000000,0.000000,0.000000,0.000000,0.000000,0.000000,0.000000,0.000000,0.000000,0.000000,0.000000,0.000000,0.000000,0.000000,0.000000,0.000000,0.000000,0.000000
0.000000,0.000000,0.000000,0.000000,0.000000,0.000000,0.000000,0.000000,0.000000,0.000000,0.000000,0.000000,0.000000,0.000000,0.000000,0.000000,0.000000,0.000000,0.000000,0.000000,0.000000,0.000000,0.000000,0.000000,0.000000,0.000000,0.000000,0.000000,0.000000,0.000000,0.000000,-0.000000,-0.000002,-0.000000,-0.000001,-0.000001,-0.000001,-0.000001,-0.000000,-0.000001,-0.000001,0.000001,-0.000002,0.000001,-0.000001,0.000001,-0.000001,0.000001,-0.000001,0.000000,-0.000000,0.000001,0.000001,0.000001,0.000001,0.000001,0.000003,0.000003,0.000003,0.000002,0.000004,0.000002,0.000004,0.000001,0.000003,-0.000001,0.000001,0.000002,-0.000000,-0.000002,0.000002,0.000000,-0.000003,0.000000,0.000000,0.000000,0.000000,0.000000,0.000000,0.000000,0.000000,0.000000,0.000000,0.000000,0.000000,0.000000,0.000000,0.000000,0.000000,0.000000,0.000000,0.000000,0.000000,0.000000,0.000000,0.000000,0.000000,0.000000,0.000000,0.000000,0.000000,0.000000,0.000000
0.000000,0.000000,0.000000,0.000000,0.000000,0.000000,0.000000,0.000000,0.000000,0.000000,0.000000,0.000000,0.000000,0.000000,0.000000,0.000000,0.000000,0.000000,0.000000,0.000000,0.000000,0.000000,0.000000,0.000000,0.000000,0.000000,0.000000,0.000000,-0.000001,0.000001,0.000002,0.000000,0.000001,0.000002,0.000001,0.000001,0.000001,0.000001,-0.000001,0.000002,-0.000000,0.000001,-0.000001,0.000002,-0.000000,-0.000001,0.000000,0.000001,-0.000001,0.000000,-0.000000,-0.000001,-0.000000,-0.000002,-0.000002,-0.000004,-0.000002,-0.000003,-0.000003,-0.000003,-0.000002,-0.000004,-0.000002,-0.000001,-0.000000,-0.000000,-0.000001,0.000000,0.000002,-0.000001,0.000000,0.000002,-0.000002,0.000001,0.000002,0.000000,0.000000,0.000000,0.000000,0.000000,0.000000,0.000000,0.000000,0.000000,0.000000,0.000000,0.000000,0.000000,0.000000,0.000000,0.000000,0.000000,0.000000,0.000000,0.000000,0.000000,0.000000,0.000000,0.000000,0.000000,0.000000,0.000000,0.000000
0.000000,0.000000,0.000000,0.000000,0.000000,0.000000,0.000000,0.000000,0.000000,0.000000,0.000000,0.000000,0.000000,0.000000,0.000000,0.000000,0.000000,0.000000,0.000000,0.000000,0.000000,0.000000,0.000000,0.000000,0.000000,0.000000,0.000002,-0.000001,-0.000002,-0.000001,-0.000001,-0.000001,-0.000002,-0.000000,-0.000002,-0.000000,-0.000000,-0.000002,-0.000001,-0.000001,-0.000001,-0.000000,-0.000001,0.000000,-0.000002,0.000000,-0.000001,-0.000000,-0.000001,0.000001,0.000001,0.000001,0.000001,0.000002,0.000002,0.000004,0.000004,0.000003,0.000004,0.000002,0.000005,0.000000,0.000003,-0.000001,0.000001,-0.000000,-0.000000,-0.000002,0.000000,-0.000001,-0.000000,0.000000,-0.000000,-0.000001,0.000001,0.000000,-0.000003,0.000000,0.000000,0.000000,0.000000,0.000000,0.000000,0.000000,0.000000,0.000000,0.000000,0.000000,0.000000,0.000000,0.000000,0.000000,0.000000,0.000000,0.000000,0.000000,0.000000,0.000000,0.000000,0.000000,0.000000,0.000000,0.000000
0.000000,0.000000,0.000000,0.000000,0.000000,0.000000,0.000000,0.000000,0.000000,0.000000,0.000000,0.000000,0.000000,0.000000,0.000000,0.000000,0.000000,0.000000,0.000000,0.000000,0.000000,0.000000,0.000000,0.000000,-0.000003,0.000001,0.000004,0.000000,0.000001,0.000003,0.000001,0.000002,0.000002,0.000001,0.000001,0.000001,0.000000,0.000002,0.000000,0.000001,0.000000,0.000002,0.000000,0.000000,0.000000,0.000001,0.000001,-0.000000,0.000001,-0.000000,-0.000000,-0.000002,-0.000001,-0.000004,-0.000002,-0.000004,-0.000003,-0.000005,-0.000003,-0.000003,-0.000002,-0.000001,0.000001,0.000000,-0.000000,0.000001,0.000002,0.000000,0.000001,0.000001,-0.000000,0.000000,0.000000,0.000000,-0.000000,0.000001,-0.000000,0.000001,0.000001,0.000000,0.000000,0.000000,0.000000,0.000000,0.000000,0.000000,0.000000,0.000000,0.000000,0.000000,0.000000,0.000000,0.000000,0.000000,0.000000,0.000000,0.000000,0.000000,0.000000,0.000000,0.000000,0.000000,0.000000
0.000000,0.000000,0.000000,0.000000,0.000000,0.000000,0.000000,0.000000,0.000000,0.000000,0.000000,0.000000,0.000000,0.000000,0.000000,0.000000,0.000000,0.000000,0.000000,0.000000,0.000000,0.000000,0.000000,0.000001,-0.000002,0.000001,-0.000001,-0.000003,-0.000000,-0.000001,-0.000002,-0.000001,-0.000002,-0.000002,-0.000001,-0.000001,-0.000002,-0.000001,-0.000001,-0.000001,-0.000001,-0.000000,-0.000001,-0.000001,-0.000000,-0.000000,-0.000002,-0.000000,0.000000,-0.000000,-0.000000,0.000002,0.000003,0.000003,0.000004,0.000003,0.000006,0.000003,0.000005,0.000001,0.000002,-0.000001,-0.000000,-0.000002,-0.000001,-0.000001,-0.000001,-0.000000,-0.000001,0.000001,-0.000002,-0.000001,0.000001,-0.000001,-0.000001,-0.000000,-0.000000,0.000000,-0.000000,-0.000000,0.000000,0.000000,0.000000,0.000000,0.000000,0.000000,0.000000,0.000000,0.000000,0.000000,0.000000,0.000000,0.000000,0.000000,0.000000,0.000000,0.000000,0.000000,0.000000,0.000000,0.000000,0.000000,0.000000
0.000000,0.000000,0.000000,0.000000,0.000000,0.000000,0.000000,0.000000,0.000000,0.000000,0.000000,0.000000,0.000000,0.000000,0.000000,0.000000,0.000000,0.000000,0.000000,0.000000,0.000000,-0.000004,-0.000000,0.000002,0.000000,0.000001,-0.000000,0.000001,0.000002,0.000001,0.000001,0.000002,0.000001,0.000002,0.000001,0.000001,0.000001,0.000002,0.000001,0.000002,0.000000,0.000001,0.000001,0.000002,-0.000000,0.000001,0.000001,0.000001,0.000000,-0.000001,0.000001,-0.000003,-0.000002,-0.000005,-0.000002,-0.000006,-0.000002,-0.000006,-0.000002,-0.000003,0.000001,0.000002,0.000001,0.000003,0.000002,0.000001,-0.000000,0.000001,-0.000000,-0.000000,0.000000,0.000001,-0.000000,0.000001,-0.000000,0.000001,0.000001,-0.000000,-0.000000,-0.000001,0.000000,0.000001,0.000000,0.000000,0.000000,0.000000,0.000000,0.000000,0.000000,0.000000,0.000000,0.000000,0.000000,0.000000,0.000000,0.000000,0.000000,0.000000,0.000000,0.000000,0.000000,0.000000,0.000000
0.000000,0.000000,0.000000,0.000000,0.000000,0.000000,0.000000,0.000000,0.000000,0.000000,0.000000,0.000000,0.000000,0.000000,0.000000,0.000000,0.000000,0.000000,0.000000,0.000000,0.000003,0.000000,0.000005,0.000001,-0.000001,0.000000,-0.000001,0.000000,-0.000001,-0.000002,-0.000001,-0.000002,-0.000001,-0.000002,-0.000002,-0.000001,-0.000001,-0.000001,-0.000002,-0.000002,-0.000001,-0.000002,-0.000001,-0.000001,-0.000001,-0.000001,-0.000000,-0.000000,-0.000001,0.000000,0.000002,0.000002,0.000004,0.000003,0.000006,0.000004,0.000006,0.000002,0.000003,-0.000001,-0.000000,-0.000004,-0.000002,-0.000002,-0.000002,-0.000001,-0.000001,0.000002,-0.000001,0.000001,-0.000000,0.000000,-0.000002,0.000000,-0.000000,-0.000001,-0.000001,0.000000,-0.000000,0.000001,-0.000001,-0.000000,-0.000001,0.000000,0.000000,0.000000,0.000000,0.000000,0.000000,0.000000,0.000000,0.000000,0.000000,0.000000,0.000000,0.000000,0.000000,0.000000,0.000000,0.000000,0.000000,0.000000,0.000000
0.000000,0.000000,0.000000,0.000000,0.000000,0.000000,0.000000,0.000000,0.000000,0.000000,0.000000,0.000000,0.000000,0.000000,0.000000,0.000000,0.000000,0.000000,0.000000,-0.000002,-0.000004,-0.000003,-0.000004,-0.000003,-0.000002,-0.000000,-0.000000,0.000000,0.000001,0.000001,0.000002,0.000001,0.000001,0.000003,0.000002,0.000001,0.000002,0.000001,0.000002,0.000002,0.000002,0.000001,0.000001,0.000002,0.000001,0.000000,0.000001,-0.000000,0.000000,-0.000001,-0.000001,-0.000005,-0.000002,-0.000007,-0.000004,-0.000008,-0.000004,-0.000003,0.000001,0.000002,0.000002,0.000004,0.000002,0.000003,0.000000,0.000002,-0.000001,0.000001,-0.000001,0.000000,-0.000000,0.000001,-0.000001,0.000001,0.000000,0.000000,0.000001,-0.000000,0.000001,0.000000,-0.000000,0.000001,0.000000,0.000000,0.000000,0.000000,0.000000,0.000000,0.000000,0.000000,0.000000,0.000000,0.000000,0.000000,0.000000,0.000000,0.000000,0.000000,0.000000,0.000000,0.000000,0.000000,0.000000
0.000000,0.000000,0.000000,0.000000,0.000000,0.000000,0.000000,0.000000,0.000000,0.000000,0.000000,0.000000,0.000000,0.000000,0.000000,0.000000,0.000000,0.000000,-0.000000,0.000006,0.000004,0.000006,0.000005,0.000004,0.000004,0.000002,0.000000,0.000001,-0.000001,-0.000000,-0.000001,-0.000002,-0.000001,-0.000003,-0.000001,-0.000003,-0.000002,-0.000002,-0.000002,-0.000003,-0.000002,-0.000002,-0.000001,-0.000001,-0.000001,-0.000000,-0.000001,-0.000000,0.000002,0.000001,0.000002,0.000003,0.000008,0.000004,0.000008,0.000004,0.000005,-0.000000,-0.000001,-0.000005,-0.000004,-0.000004,-0.000003,-0.000001,-0.000002,0.000002,-0.000003,0.000001,-0.000001,0.000002,-0.000002,0.000001,-0.000001,0.000001,-0.000002,0.000000,-0.000001,0.000001,-0.000002,0.000000,0.000000,0.000000,-0.000001,0.000000,-0.000000,0.000000,0.000000,0.000000,0.000000,0.000000,0.000000,0.000000,0.000000,0.000000,0.000000,0.000000,0.000000,0.000000,0.000000,0.000000,0.000000,0.000000,0.000000
0.000000,0.000000,0.000000,0.000000,0.000000,0.000000,0.000000,0.000000,0.000000,0.000000,0.000000,0.000000,0.000000,0.000000,0.000000,0.000000,0.000000,0.000005,-0.000006,-0.000003,-0.000008,-0.000006,-0.000006,-0.000006,-0.000004,-0.000005,-0.000001,-0.000003,-0.000000,-0.000000,0.000003,0.000001,0.000002,0.000002,0.000003,0.000002,0.000003,0.000002,0.000003,0.000002,0.000002,0.000002,0.000002,0.000001,0.000001,-0.000000,0.000001,-0.000002,-0.000001,-0.000004,-0.000002,-0.000006,-0.000004,-0.000010,-0.000004,-0.000005,-0.000000,0.000002,0.000002,0.000005,0.000004,0.000004,0.000001,0.000003,-0.000001,0.000002,-0.000002,0.000001,-0.000001,0.000001,-0.000002,0.000002,-0.000000,-0.000000,0.000000,0.000000,0.000001,-0.000001,0.000001,0.000000,0.000000,-0.000000,0.000000,0.000001,0.000001,0.000000,0.000000,0.000000,0.000000,0.000000,0.000000,0.000000,0.000000,0.000000,0.000000,0.000000,0.000000,0.000000,0.000000,0.000000,0.000000,0.000000,0.000000
0.000000,0.000000,0.000000,0.000000,0.000000,0.000000,0.000000,0.000000,0.000000,0.000000,0.000000,0.000000,0.000000,0.000000,0.000000,0.000000,-0.000009,0.000003,-0.000003,0.000006,0.000005,0.000008,0.000007,0.000007,0.000007,0.000005,0.000004,0.000003,0.000002,0.000000,-0.000001,-0.000002,-0.000002,-0.000003,-0.000002,-0.000003,-0.000002,-0.000004,-0.000003,-0.000003,-0.000002,-0.000003,-0.000002,-0.000001,-0.000001,0.000000,0.000001,0.000001,0.000004,0.000003,0.000008,0.000004,0.000009,0.000005,0.000006,-0.000000,-0.000001,-0.000006,-0.000004,-0.000004,-0.000004,-0.000002,-0.000003,0.000001,-0.000002,0.000001,-0.000001,0.000002,-0.000002,0.000000,-0.000000,0.000001,-0.000001,0.000001,-0.000001,0.000002,-0.000003,0.000001,-0.000001,-0.000000,-0.000001,-0.000000,-0.000001,0.000000,-0.000002,-0.000000,-0.000000,0.000000,0.000000,0.000000,0.000000,0.000000,0.000000,0.000000,0.000000,0.000000,0.000000,0.000000,0.000000,0.000000,0.000000,0.000000,0.000000
0.000000,0.000000,0.000000,0.000000,0.000000,0.000000,0.000000,0.000000,0.000000,0.000000,0.000000,0.000000,0.000000,0.000000,0.000000,0.000005,0.000003,0.000010,-0.000003,0.000005,-0.000007,-0.000006,-0.000009,-0.000010,-0.000007,-0.000008,-0.000005,-0.000006,-0.000001,-0.000002,0.000001,0.000000,0.000002,0.000002,0.000003,0.000003,0.000003,0.000003,0.000004,0.000003,0.000003,0.000002,0.000002,0.000001,0.000001,-0.000002,-0.000001,-0.000004,-0.000003,-0.000008,-0.000005,-0.000011,-0.000005,-0.000007,-0.000001,0.000002,0.000005,0.000007,0.000005,0.000005,0.000001,0.000004,0.000000,0.000002,-0.000001,0.000001,-0.000001,0.000001,-0.000001,0.000001,-0.000000,0.000000,-0.000000,0.000001,0.000001,-0.000001,0.000001,0.000001,0.000001,-0.000001,0.000000,0.000001,0.000000,0.000000,0.000000,0.000001,0.000000,0.000001,0.000000,0.000000,0.000000,0.000000,0.000000,0.000000,0.000000,0.000000,0.000000,0.000000,0.000000,0.000000,0.000000,0.000000,0.000000
0.000000,0.000000,0.000000,0.000000,0.000000,0.000000,0.000000,0.000000,0.000000,0.000000,0.000000,0.000000,0.000000,0.000000,-0.000000,-0.000006,-0.000003,-0.000003,-0.000013,0.000001,-0.000005,0.000007,0.000009,0.000010,0.000011,0.000009,0.000010,0.000006,0.000005,0.000002,0.000002,0.000000,-0.000002,-0.000002,-0.000004,-0.000003,-0.000004,-0.000003,-0.000005,-0.000004,-0.000003,-0.000003,-0.000001,-0.000002,0.000001,0.000001,0.000005,0.000004,0.000008,0.000006,0.000012,0.000007,0.000009,0.000002,-0.000003,-0.000006,-0.000007,-0.000007,-0.000006,-0.000002,-0.000003,0.000001,-0.000003,0.000001,-0.000002,0.000002,-0.000002,0.000002,-0.000000,0.000001,-0.000000,-0.000001,0.000000,0.000001,-0.000002,-0.000000,0.000000,-0.000000,-0.000002,0.000001,-0.000000,0.000001,-0.000003,0.000001,-0.000000,0.000000,-0.000001,-0.000001,-0.000000,0.000000,0.000000,0.000000,0.000000,0.000000,0.000000,0.000000,0.000000,0.000000,0.000000,0.000000,0.000000,0.000000,0.000000
0.000000,0.000000,0.000000,0.000000,0.000000,0.000000,0.000000,0.000000,0.000000,0.000000,0.000000,0.000000,0.000000,-0.000002,0.000006,-0.000003,0.000006,0.000005,0.000001,0.000019,-0.000001,0.000007,-0.000007,-0.000012,-0.000011,-0.000014,-0.000010,-0.000011,-0.000006,-0.000006,-0.000003,-0.000002,0.000000,0.000003,0.000003,0.000004,0.000004,0.000005,0.000005,0.000005,0.000003,0.000004,0.000001,0.000000,-0.000001,-0.000005,-0.000003,-0.000010,-0.000006,-0.000014,-0.000007,-0.000011,-0.000003,0.000002,0.000007,0.000009,0.000008,0.000006,0.000001,0.000005,-0.000001,0.000003,-0.000001,0.000001,-0.000000,0.000001,-0.000001,0.000000,-0.000001,-0.000001,-0.000001,0.000001,-0.000000,0.000000,0.000000,0.000001,0.000001,-0.000001,0.000000,0.000001,0.000001,-0.000001,0.000001,0.000001,0.000000,-0.000000,0.000000,0.000002,-0.000000,0.000001,0.000000,0.000000,0.000000,0.000000,0.000000,0.000000,0.000000,0.000000,0.000000,0.000000,0.000000,0.000000,0.000000
0.000000,0.000000,0.000000,0.000000,0.000000,0.000000,0.000000,0.000000,0.000000,0.000000,0.000000,0.000000,0.000003,-0.000004,0.000004,-0.000008,0.000005,-0.000007,-0.000005,-0.000001,-0.000025,-0.000001,-0.000008,0.000007,0.000016,0.000012,0.000016,0.000011,0.000012,0.000007,0.000006,0.000002,0.000002,-0.000001,-0.000003,-0.000003,-0.000007,-0.000006,-0.000006,-0.000006,-0.000003,-0.000004,-0.000000,0.000001,0.000004,0.000004,0.000009,0.000008,0.000016,0.000009,0.000014,0.000003,-0.000002,-0.000009,-0.000011,-0.000009,-0.000008,-0.000002,-0.000004,0.000001,-0.000003,0.000000,-0.000002,0.000002,-0.000002,0.000001,-0.000001,0.000001,0.000000,0.000000,0.000001,-0.000000,0.000000,-0.000001,0.000000,-0.000001,-0.000001,-0.000001,0.000001,-0.000000,-0.000002,0.000001,0.000000,0.000000,-0.000002,-0.000001,0.000000,-0.000000,-0.000001,-0.000000,-0.000001,0.000000,0.000000,0.000000,0.000000,0.000000,0.000000,0.000000,0.000000,0.000000,0.000000,0.000000,0.000000
0.000000,0.000000,0.000000,0.000000,0.000000,0.000000,0.000000,0.000000,0.000000,0.000000,0.000000,-0.000004,0.000000,-0.000003,0.000006,-0.000006,0.000008,-0.000006,0.000007,0.000007,-0.000001,0.000036,0.000002,0.000011,-0.000008,-0.000019,-0.000016,-0.000018,-0.000013,-0.000013,-0.000009,-0.000006,-0.000003,-0.000001,0.000002,0.000004,0.000008,0.000007,0.000007,0.000006,0.000003,0.000002,-0.000000,-0.000003,-0.000004,-0.000011,-0.000006,-0.000019,-0.000010,-0.000019,-0.000006,0.000003,0.000010,0.000015,0.000012,0.000010,0.000003,0.000005,-0.000001,0.000002,-0.000001,0.000002,-0.000000,0.000001,-0.000000,0.000001,-0.000001,0.000001,-0.000001,-0.000000,-0.000001,0.000000,-0.000001,0.000002,-0.000000,0.000000,0.000001,0.000001,0.000001,-0.000001,0.000001,0.000000,0.000001,-0.000001,0.000001,0.000002,-0.000000,-0.000000,-0.000000,0.000001,0.000001,0.000002,0.000000,0.000000,0.000000,0.000000,0.000000,0.000000,0.000000,0.000000,0.000000,0.000000,0.000000
0.000000,0.000000,0.000000,0.000000,0.000000,0.000000,0.000000,0.000000,0.000000,0.000000,0.000000,-0.000000,0.000005,-0.000004,0.000005,-0.000006,0.000007,-0.000009,0.000009,-0.000007,-0.000008,0.000002,-0.000047,-0.000006,-0.000013,0.000007,0.000025,0.000018,0.000023,0.000014,0.000016,0.000009,0.000008,0.000003,0.000000,-0.000004,-0.000009,-0.000009,-0.000009,-0.000008,-0.000003,-0.000002,0.000003,0.000004,0.000011,0.000009,0.000020,0.000012,0.000023,0.000009,-0.000001,-0.000013,-0.000018,-0.000016,-0.000012,-0.000004,-0.000006,0.000001,-0.000004,0.000002,-0.000002,0.000002,-0.000002,0.000000,-0.000001,0.000001,0.000001,-0.000000,0.000000,0.000000,0.000000,-0.000000,0.000001,-0.000001,0.000001,-0.000001,0.000000,-0.000001,-0.000002,-0.000000,0.000001,-0.000000,-0.000001,0.000000,0.000001,-0.000000,-0.000002,-0.000001,0.000000,-0.000000,-0.000001,-0.000000,0.000000,0.000000,0.000000,0.000000,0.000000,0.000000,0.000000,0.000000,0.000000,0.000000,0.000000
0.000000,0.000000,0.000000,0.000000,0.000000,0.000000,0.000000,0.000000,0.000000,0.000000,0.000001,0.000002,0.000001,-0.000003,0.000004,-0.000006,0.000007,-0.000010,0.000010,-0.000012,0.000007,0.000011,-0.000006,0.000065,0.000010,0.000018,-0.000009,-0.000031,-0.000024,-0.000025,-0.000019,-0.000017,-0.000013,-0.000007,-0.000002,0.000001,0.000012,0.000010,0.000012,0.000007,0.000004,-0.000002,-0.000004,-0.000011,-0.000009,-0.000024,-0.000013,-0.000030,-0.000012,0.000000,0.000013,0.000022,0.000020,0.000014,0.000004,0.000008,-0.000001,0.000004,-0.000002,0.000002,-0.000002,0.000002,-0.000001,0.000002,-0.000001,0.000002,-0.000001,0.000001,-0.000001,0.000002,-0.000001,0.000001,-0.000000,-0.000000,-0.000000,0.000001,0.000000,0.000000,0.000000,0.000001,-0.000000,-0.000001,-0.000000,0.000001,-0.000001,0.000000,0.000000,0.000002,0.000000,0.000001,0.000000,-0.000001,-0.000000,0.000000,0.000000,0.000000,0.000000,0.000000,0.000000,0.000000,0.000000,0.000000,0.000000
0.000000,0.000000,0.000000,0.000000,0.000000,0.000000,0.000000,0.000000,0.000000,-0.000003,-0.000002,0.000000,-0.000001,-0.000002,0.000004,-0.000004,0.000007,-0.000007,0.000011,-0.000011,0.000016,-0.000008,-0.000013,0.000010,-0.000083,-0.000019,-0.000020,0.000006,0.000041,0.000028,0.000033,0.000022,0.000024,0.000011,0.000010,0.000000,-0.000012,-0.000013,-0.000014,-0.000009,0.000000,0.000001,0.000013,0.000010,0.000027,0.000017,0.000036,0.000020,0.000001,-0.000015,-0.000026,-0.000025,-0.000017,-0.000005,-0.000007,-0.000000,-0.000004,0.000001,-0.000002,0.000002,-0.000002,0.000000,-0.000000,-0.000001,0.000000,-0.000002,0.000001,-0.000001,0.000002,-0.000001,0.000000,-0.000000,0.000001,-0.000001,0.000001,-0.000002,-0.000001,-0.000001,0.000001,-0.000001,-0.000001,0.000000,0.000002,0.000000,-0.000001,0.000000,0.000000,-0.000000,-0.000003,-0.000000,-0.000000,0.000000,-0.000001,0.000001,0.000000,0.000000,0.000000,0.000000,0.000000,0.000000,0.000000,0.000000,0.000000
0.000000,0.000000,0.000000,0.000000,0.000000,0.000000,0.000000,0.000000,0.000000,0.000001,0.000001,0.000001,0.000000,-0.000000,0.000002,-0.000005,0.000005,-0.000008,0.000009,-0.000014,0.000012,-0.000019,0.000007,0.000018,-0.000019,0.000107,0.000031,0.000025,-0.000004,-0.000050,-0.000037,-0.000037,-0.000029,-0.000026,-0.000018,-0.000009,0.000016,0.000013,0.000018,0.000007,-0.000001,-0.000013,-0.000011,-0.000031,-0.000020,-0.000048,-0.000025,-0.000005,0.000017,0.000031,0.000032,0.000020,0.000005,0.000009,-0.000001,0.000006,-0.000002,0.000003,-0.000002,0.000001,-0.000000,0.000001,0.000000,0.000001,-0.000000,0.000002,0.000000,0.000000,-0.000001,0.000000,0.000000,-0.000000,-0.000000,-0.000000,0.000001,0.000001,0.000000,0.000001,0.000000,0.000000,0.000000,0.000001,-0.000001,-0.000001,-0.000001,0.000001,-0.000000,-0.000000,0.000000,0.000002,-0.000000,0.000001,-0.000000,0.000001,0.000000,0.000000,0.000000,0.000000,0.000000,0.000000,0.000000,0.000000,0.000000
0.000000,0.000000,0.000000,0.000000,0.000000,0.000000,0.000000,0.000000,0.000002,0.000004,-0.000001,-0.000000,-0.000001,-0.000000,0.000000,-0.000001,0.000004,-0.000005,0.000010,-0.000010,0.000016,-0.000016,0.000025,-0.000009,-0.000020,0.000031,-0.000132,-0.000051,-0.000031,-0.000004,0.000061,0.000043,0.000048,0.000033,0.000037,0.000018,-0.000015,-0.000017,-0.000016,-0.000013,0.000015,0.000013,0.000036,0.000024,0.000061,0.000035,0.000006,-0.000017,-0.000040,-0.000041,-0.000024,-0.000006,-0.000009,0.000002,-0.000005,0.000001,-0.000002,0.000001,-0.000000,-0.000000,0.000000,0.000000,-0.000000,-0.000001,0.000001,-0.000002,0.000001,-0.000002,0.000001,-0.000001,0.000001,-0.000000,0.000001,-0.000001,-0.000000,-0.000001,-0.000000,-0.000001,-0.000001,-0.000000,0.000001,0.000000,-0.000001,0.000000,0.000001,0.000001,-0.000002,0.000000,0.000001,-0.000001,-0.000002,0.000000,-0.000001,-0.000001,-0.000003,0.000000,0.000000,0.000000,0.000000,0.000000,0.000000,0.000000,0.000000
0.000000,0.000000,0.000000,0.000000,0.000000,0.000000,0.000000,0.000000,-0.000001,0.000000,-0.000003,0.000001,0.000000,0.000000,0.000001,-0.000003,0.000003,-0.000006,0.000006,-0.000011,0.000011,-0.000018,0.000018,-0.000031,0.000006,0.000025,-0.000051,0.000160,0.000077,0.000044,0.000014,-0.000065,-0.000053,-0.000053,-0.000049,-0.000039,0.000021,0.000012,0.000023,0.000003,-0.000018,-0.000043,-0.000030,-0.000077,-0.000044,-0.000008,0.000020,0.000052,0.000055,0.000028,0.000005,0.000012,-0.000003,0.000006,-0.000002,0.000003,-0.000001,0.000001,-0.000001,-0.000000,0.000000,-0.000001,0.000001,0.000001,0.000000,0.000000,0.000000,-0.000000,-0.000000,0.000000,0.000000,-0.000001,0.000001,0.000000,0.000001,-0.000000,0.000001,0.000001,0.000000,0.000001,-0.000001,-0.000000,-0.000000,0.000002,-0.000002,-0.000001,-0.000000,0.000002,-0.000001,0.000000,-0.000000,0.000002,0.000000,0.000002,0.000000,0.000000,0.000000,0.000000,0.000000,0.000000,0.000000,0.000000,0.000000
0.000000,0.000000,0.000000,0.000000,0.000000,0.000000,0.000000,-0.000001,-0.000002,0.000001,-0.000000,0.000002,-0.000001,0.000001,-0.000001,-0.000000,0.000002,-0.000001,0.000005,-0.000006,0.000012,-0.000013,0.000023,-0.000024,0.000041,-0.000004,-0.000031,0.000077,-0.000182,-0.000115,-0.000060,-0.000039,0.000070,0.000051,0.000072,0.000049,-0.000017,-0.000021,-0.000016,-0.000013,0.000056,0.000038,0.000096,0.000056,0.000006,-0.000024,-0.000067,-0.000073,-0.000036,-0.000003,-0.000012,0.000003,-0.000006,0.000003,-0.000003,0.000003,-0.000002,0.000000,0.000001,-0.000000,0.000001,-0.000001,0.000001,-0.000001,0.000001,-0.000002,0.000002,-0.000001,0.000001,-0.000001,0.000000,-0.000001,0.000001,-0.000000,0.000000,-0.000000,-0.000001,-0.000001,-0.000000,0.000001,-0.000000,0.000001,0.000000,0.000001,-0.000001,0.000001,0.000000,0.000000,-0.000001,0.000000,0.000000,-0.000001,-0.000002,0.000000,0.000001,0.000003,0.000000,0.000000,0.000000,0.000000,0.000000,0.000000,0.000000
0.000000,0.000000,0.000000,0.000000,0.000000,0.000000,0.000000,0.000001,-0.000001,0.000003,-0.000001,0.000001,-0.000002,0.000001,-0.000000,-0.000000,0.000000,-0.000002,0.000002,-0.000006,0.000007,-0.000013,0.000014,-0.000025,0.000028,-0.000050,-0.000004,0.000044,-0.000115,0.000197,0.000155,0.000089,0.000064,-0.000051,-0.000066,-0.000064,0.000046,0.000017,0.000038,-0.000006,-0.000049,-0.000116,-0.000062,-0.000000,0.000035,0.000089,0.000102,0.000043,0.000001,0.000013,-0.000006,0.000006,-0.000004,0.000002,-0.000001,-0.000001,0.000002,-0.000000,0.000001,-0.000001,0.000001,-0.000000,0.000001,-0.000002,0.000001,0.000000,0.000001,-0.000000,0.000000,-0.000000,0.000001,0.000000,0.000000,-0.000001,0.000000,0.000000,0.000000,0.000000,0.000000,0.000001,-0.000001,0.000000,-0.000001,-0.000000,-0.000001,0.000001,-0.000000,0.000001,-0.000000,0.000002,-0.000000,0.000000,0.000000,0.000001,-0.000001,0.000001,0.000000,0.000000,0.000000,0.000000,0.000000,0.000000,0.000000
0.000000,0.000000,0.000000,0.000000,0.000000,0.000000,0.000000,0.000002,-0.000001,0.000001,-0.000002,0.000001,-0.000001,0.000002,-0.000001,0.000003,-0.000001,0.000001,0.000002,-0.000003,0.000006,-0.000009,0.000016,-0.000019,0.000033,-0.000037,0.000061,0.000014,-0.000060,0.000155,-0.000187,-0.000202,-0.000110,-0.000117,0.000053,0.000037,-0.000083,-0.000072,-0.000036,-0.000053,0.000125,0.000065,-0.000026,-0.000052,-0.000124,-0.000139,-0.000055,0.000005,-0.000013,0.000007,-0.000005,0.000004,-0.000002,0.000001,-0.000001,-0.000001,-0.000000,-0.000000,0.000000,-0.000001,0.000001,-0.000001,0.000002,-0.000001,0.000001,-0.000001,-0.000000,-0.000001,0.000001,-0.000001,0.000000,-0.000000,-0.000000,0.000000,-0.000001,0.000001,-0.000000,0.000001,-0.000001,-0.000000,0.000001,0.000001,-0.000001,0.000001,0.000001,0.000001,-0.000002,-0.000001,-0.000000,-0.000000,-0.000002,0.000000,0.000001,0.000000,-0.000001,-0.000003,-0.000002,0.000000,0.000000,0.000000,0.000000,0.000000,0.000000
0.000000,0.000000,0.000000,0.000000,0.000000,0.000000,-0.000000,0.000000,-0.000001,0.000002,-0.000001,0.000002,-0.000002,0.000001,-0.000002,0.000001,-0.000002,0.000000,0.000000,-0.000002,0.000002,-0.000006,0.000009,-0.000017,0.000022,-0.000037,0.000043,-0.000065,-0.000039,0.000089,-0.000202,0.000160,0.000214,0.000148,0.000133,-0.000018,0.000189,0.000120,0.000146,0.000050,-0.000029,0.000061,0.000098,0.000167,0.000198,0.000066,-0.000018,0.000011,-0.000010,0.000004,-0.000006,0.000002,-0.000001,-0.000000,0.000000,0.000001,0.000001,-0.000001,0.000000,0.000000,0.000000,-0.000001,0.000000,-0.000000,0.000001,-0.000001,0.000001,0.000001,-0.000000,0.000001,0.000001,-0.000000,-0.000000,0.000000,0.000000,-0.000001,-0.000000,0.000000,0.000000,-0.000000,-0.000001,0.000000,-0.000001,0.000001,-0.000000,-0.000001,0.000000,0.000002,0.000000,0.000001,0.000000,0.000001,-0.000000,-0.000000,0.000002,0.000000,0.000000,0.000000,0.000000,0.000000,0.000000,0.000000,0.000000
0.000000,0.000000,0.000000,0.000000,0.000000,0.000001,-0.000002,0.000001,-0.000002,0.000002,-0.000002,0.000001,-0.000001,0.000001,-0.000001,0.000002,-0.000002,0.000002,-0.000002,0.000000,0.000002,-0.000003,0.000008,-0.000013,0.000024,-0.000029,0.000048,-0.000053,0.000070,0.000064,-0.000110,0.000214,-0.000077,-0.000225,-0.000114,-0.000165,-0.000225,-0.000267,-0.000182,-0.000254,-0.000166,-0.000132,-0.000242,-0.000260,-0.000083,0.000047,-0.000004,0.000011,-0.000001,0.000005,0.000001,0.000000,0.000001,-0.000000,-0.000000,-0.000001,-0.000000,-0.000000,0.000000,0.000000,-0.000000,0.000000,0.000000,-0.000000,-0.000001,-0.000000,0.000000,-0.000001,-0.000001,-0.000000,-0.000000,-0.000001,0.000000,0.000001,-0.000001,0.000001,-0.000000,0.000000,-0.000001,0.000001,-0.000000,0.000000,0.000000,0.000001,-0.000001,0.000000,-0.000000,-0.000001,-0.000002,-0.000000,0.000000,0.000000,-0.000002,-0.000001,0.000000,-0.000000,0.000001,0.000003,0.000000,0.000000,0.000000,0.000000,0.000000
0.000000,0.000000,0.000000,0.000000,0.000000,0.000000,-0.000000,0.000002,-0.000000,0.000001,-0.000002,0.000002,-0.000002,0.000003,-0.000003,0.000002,-0.000003,0.000002,-0.000002,0.000003,-0.000001,-0.000001,0.000003,-0.000007,0.000011,-0.000026,0.000033,-0.000053,0.000051,-0.000051,-0.000117,0.000148,-0.000225,0.000001,0.000169,0.000046,0.000426,0.000230,0.000307,0.000534,0.000235,0.000225,0.000345,0.000075,-0.000100,-0.000015,-0.000010,-0.000003,-0.000008,-0.000001,-0.000000,-0.000002,-0.000000,0.000001,-0.000001,0.000002,-0.000000,0.000001,-0.000000,-0.000001,-0.000000,0.000001,0.000000,-0.000001,0.000001,-0.000000,-0.000000,0.000000,0.000000,0.000001,-0.000000,0.000001,-0.000000,-0.000000,-0.000001,0.000000,0.000000,0.000000,-0.000000,0.000001,-0.000000,0.000000,-0.000000,0.000001,-0.000000,0.000002,-0.000000,0.000001,-0.000000,0.000002,-0.000000,0.000001,0.000001,0.000001,0.000001,-0.000003,0.000000,-0.000001,0.000000,0.000000,0.000000,0.000000,0.000000
0.000000,0.000000,0.000000,0.000000,-0.000000,0.000001,-0.000001,0.000001,-0.000002,0.000001,-0.000001,0.000001,-0.000002,0.000002,-0.000001,0.000003,-0.000002,0.000003,-0.000004,0.000003,-0.000003,0.000002,0.000000,-0.000002,0.000010,-0.000018,0.000037,-0.000049,0.000072,-0.000066,0.000053,0.000133,-0.000114,0.000169,0.000054,-0.000090,-0.000249,-0.000357,-0.000391,-0.000458,-0.000222,-0.000214,-0.000040,0.000215,0.000063,0.000003,0.000013,0.000006,0.000006,-0.000001,0.000002,-0.000001,0.000001,-0.000000,0.000001,-0.000002,0.000000,-0.000001,0.000001,0.000000,0.000000,0.000000,-0.000000,0.000000,0.000000,-0.000001,0.000000,-0.000000,0.000000,0.000001,-0.000002,0.000001,-0.000000,0.000001,-0.000000,0.000001,0.000000,0.000000,-0.000001,0.000001,-0.000001,0.000000,-0.000001,-0.000001,-0.000000,-0.000000,-0.000002,0.000000,-0.000000,0.000000,-0.000001,-0.000001,0.000000,-0.000000,0.000000,0.000000,0.000001,-0.000004,0.000002,0.000000,0.000000,0.000000,0.000000
0.000000,0.000000,0.000000,0.000000,0.000000,0.000000,-0.000001,0.000001,-0.000000,0.000001,-0.000001,0.000001,-0.000001,0.000001,-0.000003,0.000002,-0.000003,0.000003,-0.000003,0.000004,-0.000003,0.000004,-0.000004,0.000001,0.000000,-0.000009,0.000018,-0.000039,0.000049,-0.000064,0.000037,-0.000018,-0.000165,0.000046,-0.000090,-0.000004,0.000299,0.000478,0.000414,0.000237,0.000034,-0.000331,-0.000450,-0.000163,0.000006,-0.000017,-0.000016,-0.000008,0.000001,-0.000003,-0.000000,0.000000,-0.000000,0.000000,-0.000001,0.000002,-0.000001,0.000000,-0.000002,0.000001,-0.000000,-0.000001,-0.000000,0.000000,-0.000000,0.000000,0.000001,-0.000000,-0.000000,-0.000001,0.000001,-0.000000,-0.000000,0.000000,0.000000,0.000000,-0.000001,0.000001,0.000001,0.000000,0.000000,0.000001,0.000000,0.000001,0.000000,0.000002,0.000000,0.000002,-0.000000,0.000001,0.000000,0.000001,0.000000,-0.000001,0.000000,-0.000001,0.000002,-0.000003,0.000000,0.000000,0.000000,0.000000,0.000000
0.000000,0.000000,0.000000,0.000000,-0.000000,0.000000,-0.000001,0.000001,-0.000000,0.000000,-0.000002,0.000001,-0.000001,0.000002,-0.000002,0.000003,-0.000002,0.000003,-0.000004,0.000004,-0.000007,0.000008,-0.000009,0.000012,-0.000012,0.000016,-0.000015,0.000021,-0.000017,0.000046,-0.000083,0.000189,-0.000225,0.000426,-0.000249,0.000299,0.003333,0.003333,0.003333,0.003332,0.001933,0.000802,0.000446,-0.000067,0.000012,0.000037,0.000016,-0.000003,0.000007,-0.000001,0.000002,-0.000001,0.000001,-0.000002,0.000001,-0.000001,0.000001,0.000000,0.000000,0.000000,-0.000000,0.000000,0.000001,0.000000,-0.000001,-0.000001,0.000000,-0.000000,-0.000000,0.000000,-0.000001,0.000001,-0.000002,0.000001,0.000001,0.000000,0.000000,0.000000,-0.000001,-0.000001,-0.000001,-0.000000,-0.000002,-0.000000,-0.000002,-0.000001,-0.000001,0.000001,-0.000003,0.000001,-0.000001,0.000000,0.000000,-0.000001,0.000002,-0.000002,0.000002,-0.000001,0.000001,0.000000,0.000000,0.000000,0.000000
0.000000,0.000000,0.000000,-0.000001,-0.000001,0.000002,-0.000001,0.000001,-0.000002,0.000002,-0.000001,0.000002,-0.000001,0.000001,-0.000002,0.000002,-0.000004,0.000003,-0.000003,0.000005,-0.000006,0.000007,-0.000009,0.000010,-0.000013,0.000013,-0.000017,0.000012,-0.000021,0.000017,-0.000072,0.000120,-0.000267,0.000230,-0.000357,0.000478,0.003333,0.003333,0.003333,0.003332,0.003203,0.002243,0.000790,0.000042,-0.000077,-0.000029,-0.000004,-0.000009,-0.000003,-0.000003,0.000001,-0.000002,0.000000,0.000000,0.000000,-0.000001,-0.000001,-0.000000,0.000000,-0.000001,-0.000000,0.000001,-0.000002,0.000001,-0.000001,0.000001,-0.000000,0.000000,-0.000000,0.000001,0.000001,-0.000000,0.000001,-0.000000,-0.000001,0.000000,-0.000000,0.000000,0.000001,0.000000,0.000001,0.000002,0.000001,0.000002,0.000000,0.000002,-0.000000,0.000001,-0.000000,0.000002,-0.000000,-0.000000,-0.000000,-0.000000,0.000002,-0.000004,0.000001,-0.000002,0.000002,-0.000003,0.000000,0.000000,0.000000
0.000000,0.000000,0.000000,0.000000,-0.000000,0.000000,-0.000000,-0.000001,-0.000001,0.000000,-0.000001,0.000001,-0.000002,0.000002,-0.000002,0.000003,-0.000003,0.000004,-0.000005,0.000005,-0.000006,0.000007,-0.000009,0.000012,-0.000014,0.000018,-0.000016,0.000023,-0.000016,0.000038,-0.000036,0.000146,-0.000182,0.000307,-0.000391,0.000414,0.003333,0.003333,0.003333,0.003331,0.003393,0.002905,0.001409,0.000342,0.000015,-0.000036,0.000037,0.000005,0.000010,-0.000001,0.000006,-0.000002,0.000003,-0.000001,0.000002,-0.000001,0.000001,0.000000,0.000001,0.000000,0.000001,-0.000000,0.000000,-0.000001,0.000001,-0.000000,-0.000001,-0.000000,-0.000001,-0.000001,-0.000001,0.000001,-0.000000,0.000001,-0.000000,0.000000,-0.000000,-0.000000,-0.000002,-0.000001,-0.000002,-0.000002,-0.000002,-0.000000,-0.000003,0.000001,-0.000003,0.000001,-0.000001,0.000000,-0.000001,-0.000000,0.000002,-0.000002,0.000002,-0.000002,0.000003,-0.000002,0.000003,-0.000000,0.000000,0.000000,0.000000
0.000000,0.000000,0.000000,0.000001,0.000000,0.000000,-0.000001,0.000002,-0.000001,0.000001,-0.000001,0.000002,-0.000002,0.000002,-0.000003,0.000002,-0.000003,0.000003,-0.000004,0.000005,-0.000006,0.000006,-0.000008,0.000007,-0.000009,0.000007,-0.000013,0.000003,-0.000013,-0.000006,-0.000053,0.000050,-0.000254,0.000534,-0.000458,0.000237,0.003332,0.003332,0.003331,0.003330,0.003395,0.003066,0.001926,0.000540,-0.000128,-0.000040,0.000008,-0.000025,-0.000002,-0.000007,-0.000001,-0.000003,-0.000001,-0.000002,-0.000001,-0.000001,-0.000001,-0.000002,-0.000000,-0.000000,-0.000001,0.000000,-0.000001,0.000001,-0.000000,0.000000,0.000000,0.000001,0.000000,0.000001,0.000000,-0.000000,0.000000,-0.000001,0.000000,-0.000000,0.000000,0.000001,0.000001,0.000002,0.000001,0.000002,0.000001,0.000002,0.000000,0.000002,-0.000002,0.000002,-0.000002,0.000001,-0.000000,-0.000000,0.000001,-0.000003,0.000002,-0.000003,0.000001,-0.000003,0.000001,-0.000000,0.000000,0.000000,0.000000
0.000000,0.000000,0.000000,-0.000000,-0.000001,0.000000,-0.000001,-0.000000,-0.000001,0.000000,-0.000001,0.000000,-0.000001,0.000002,-0.000002,0.000002,-0.000002,0.000003,-0.000003,0.000003,-0.000003,0.000003,-0.000003,0.000004,0.000000,-0.000001,0.000015,-0.000018,0.000056,-0.000049,0.000125,-0.000029,-0.000166,0.000235,-0.000222,0.000034,0.001933,0.003203,0.003393,0.003395,0.003517,0.003243,0.001954,0.000566,-0.000006,0.000038,0.000007,-0.000005,0.000023,-0.000003,0.000009,-0.000001,0.000007,-0.000001,0.000003,-0.000000,0.000003,-0.000000,0.000002,0.000000,0.000001,-0.000000,0.000001,-0.000000,-0.000001,-0.000000,0.000001,-0.000000,-0.000001,-0.000000,0.000000,0.000001,-0.000001,0.000000,-0.000000,0.000001,-0.000002,-0.000000,-0.000002,-0.000001,-0.000003,0.000001,-0.000003,0.000001,-0.000004,0.000003,-0.000002,0.000002,0.000001,-0.000000,0.000003,-0.000003,0.000004,-0.000003,0.000004,-0.000002,0.000003,-0.000002,0.000002,-0.000001,0.000000,0.000000,0.000000
