0.000000,0.000000,0.000000,0.000000,0.000000,0.000000,0.000000,0.000000,0.000000,0.000000,0.000000,0.000000,0.000000,0.000000,0.000000,0.000000,0.000000,0.000000,0.000000,0.000000,0.000000,0.000000,0.000000,0.000000,0.000000,0.000000,0.000000,0.000000,0.000000,0.000000,0.000000,0.000000,0.000000,0.000000,0.000000,0.000000,0.000000,0.000000,0.000000,0.000000,0.000000,0.000000,0.000000,0.000000,0.000000,0.000000,0.000000,0.000000,0.000000,0.000000,0.000000,0.000000,0.000000,0.000000,0.000000,0.000000,0.000000,0.000000,0.000000,0.000000,0.000000,0.000000,0.000000,0.000000,0.000000,0.000000,0.000000,0.000000,0.000000,0.000000,0.000000,0.000000,0.000000,0.000000,0.000000,0.000000,0.000000,0.000000,0.000000,0.000000,0.000000,0.000000,0.000000,0.000000,0.000000,0.000000,0.000000,0.000000,0.000000,0.000000,0.000000,0.000000,0.000000,0.000000,0.000000,0.000000,0.000000,0.000000,0.000000,0.000000,0.000000,0.000000,0.000000
0.000000,0.000000,0.000000,0.000000,0.000000,0.000000,0.000000,0.000000,0.000000,0.000000,0.000000,0.000000,0.000000,0.000000,0.000000,0.000000,0.000000,0.000000,0.000000,0.000000,0.000000,0.000000,0.000000,0.000000,0.000000,0.000000,0.000000,0.000000,0.000000,0.000000,0.000000,0.000000,0.000000,0.000000,0.000000,0.000000,0.000000,0.000000,0.000000,0.000000,0.000000,0.000000,0.000000,0.000000,0.000000,0.000000,0.000000,0.000000,0.000000,0.000000,0.000000,-0.000002,0.000000,0.000000,0.000000,0.000000,0.000000,0.000000,0.000000,0.000000,0.000000,0.000000,0.000000,0.000000,0.000000,0.000000,0.000000,0.000000,0.000000,0.000000,0.000000,0.000000,0.000000,0.000000,0.000000,0.000000,0.000000,0.000000,0.000000,0.000000,0.000000,0.000000,0.000000,0.000000,0.000000,0.000000,0.000000,0.000000,0.000000,0.000000,0.000000,0.000000,0.000000,0.000000,0.000000,0.000000,0.000000,0.000000,0.000000,0.000000,0.000000,0.000000,0.000000
0.000000,0.000000,0.000000,0.000000,0.000000,0.000000,0.000000,0.000000,0.000000,0.000000,0.000000,0.000000,0.000000,0.000000,0.000000,0.000000,0.000000,0.000000,0.000000,0.000000,0.000000,0.000000,0.000000,0.000000,0.000000,0.000000,0.000000,0.000000,0.000000,0.000000,0.000000,0.000000,0.000000,0.000000,0.000000,0.000000,0.000000,0.000000,0.000000,0.000000,0.000000,0.000000,-0.000000,-0.000001,0.000000,-0.000001,-0.000000,-0.000001,-0.000001,0.000000,0.000003,-0.000001,-0.000002,0.000000,-0.000000,0.000000,-0.000000,-0.000000,0.000001,-0.000000,0.000004,0.000000,0.000000,0.000000,0.000000,0.000000,0.000000,0.000000,0.000000,0.000000,0.000000,0.000000,0.000000,0.000000,0.000000,0.000000,0.000000,0.000000,0.000000,0.000000,0.000000,0.000000,0.000000,0.000000,0.000000,0.000000,0.000000,0.000000,0.000000,0.000000,0.000000,0.000000,0.000000,0.000000,0.000000,0.000000,0.000000,0.000000,0.000000,0.000000,0.000000,0.000000,0.000000
0.000000,0.000000,0.000000,0.000000,0.000000,0.000000,0.000000,0.000000,0.000000,0.000000,0.000000,0.000000,0.000000,0.000000,0.000000,0.000000,0.000000,0.000000,0.000000,0.000000,0.000000,0.000000,0.000000,0.000000,0.000000,0.000000,0.000000,0.000000,0.000000,0.000000,0.000000,0.000000,0.000000,0.000000,0.000000,0.000000,0.000000,-0.000000,0.000001,0.000000,-0.000000,-0.000000,0.000001,0.000000,0.000000,0.000001,0.000001,0.000001,0.000001,-0.000001,0.000001,0.000001,0.000001,0.000000,0.000000,-0.000000,-0.000001,-0.000000,0.000000,-0.000003,-0.000001,-0.000001,-0.000002,-0.000002,0.000000,-0.000002,0.000000,0.000000,0.000000,0.000000,0.000000,0.000000,0.000000,0.000000,0.000000,0.000000,0.000000,0.000000,0.000000,0.000000,0.000000,0.000000,0.000000,0.000000,0.000000,0.000000,0.000000,0.000000,0.000000,0.000000,0.000000,0.000000,0.000000,0.000000,0.000000,0.000000,0.000000,0.000000,0.000000,0.000000,0.000000,0.000000,0.000000
0.000000,0.000000,0.000000,0.000000,0.000000,0.000000,0.000000,0.000000,0.000000,0.000000,0.000000,0.000000,0.000000,0.000000,0.000000,0.000000,0.000000,0.000000,0.000000,0.000000,0.000000,0.000000,0.000000,0.000000,0.000000,0.000000,0.000000,0.000000,0.000000,0.000000,0.000000,0.000000,0.000000,0.000000,-0.000000,0.000000,-0.000001,-0.000001,-0.000001,-0.000000,0.000000,-0.000001,-0.000001,-0.000001,-0.000000,-0.000001,-0.000001,-0.000002,0.000001,-0.000001,-0.000002,-0.000001,-0.000001,0.000000,-0.000000,0.000000,0.000001,0.000000,0.000003,0.000001,0.000001,0.000002,0.000003,0.000001,0.000003,0.000005,0.000001,-0.000002,-0.000001,0.000000,0.000000,0.000000,0.000000,0.000000,0.000000,0.000000,0.000000,0.000000,0.000000,0.000000,0.000000,0.000000,0.000000,0.000000,0.000000,0.000000,0.000000,0.000000,0.000000,0.000000,0.000000,0.000000,0.000000,0.000000,0.000000,0.000000,0.000000,0.000000,0.000000,0.000000,0.000000,0.000000,0.000000
0.000000,0.000000,0.000000,0.000000,0.000000,0.000000,0.000000,0.000000,0.000000,0.000000,0.000000,0.000000,0.000000,0.000000,0.000000,0.000000,0.000000,0.000000,0.000000,0.000000,0.000000,0.000000,0.000000,0.000000,0.000000,0.000000,0.000000,0.000000,0.000000,0.000000,0.000000,0.000000,0.000000,0.000001,0.000001,0.000001,0.000001,0.000001,0.000001,0.000000,0.000001,0.000000,0.000002,0.000000,0.000001,0.000001,0.000001,0.000001,0.000001,0.000001,0.000001,0.000000,0.000001,-0.000001,-0.000000,-0.000001,-0.000000,-0.000003,-0.000002,-0.000002,-0.000002,-0.000004,-0.000001,-0.000003,-0.000004,-0.000002,0.000001,0.000001,-0.000004,0.000001,0.000004,0.000000,0.000000,0.000000,0.000000,0.000000,0.000000,0.000000,0.000000,0.000000,0.000000,0.000000,0.000000,0.000000,0.000000,0.000000,0.000000,0.000000,0.000000,0.000000,0.000000,0.000000,0.000000,0.000000,0.000000,0.000000,0.000000,0.000000,0.000000,0.000000,0.000000,0.000000,0.000000
0.000000,0.000000,0.000000,0.000000,0.000000,0.000000,0.000000,0.000000,0.000000,0.000000,0.000000,0.000000,0.000000,0.000000,0.000000,0.000000,0.000000,0.000000,0.000000,0.000000,0.000000,0.000000,0.000000,0.000000,0.000000,0.000000,0.000000,0.000000,0.000000,0.000000,0.000000,-0.000001,-0.000001,-0.000001,-0.000001,-0.000001,-0.000001,-0.000001,-0.000001,-0.000001,-0.000000,-0.000001,-0.000001,-0.000001,-0.000001,-0.000001,-0.000000,-0.000001,-0.000001,-0.000001,-0.000001,0.000000,-0.000001,0.000001,0.000001,0.000002,0.000002,0.000001,0.000002,0.000002,0.000004,0.000002,0.000002,0.000003,0.000001,-0.000000,-0.000000,0.000002,-0.000002,-0.000002,0.000001,0.000000,-0.000004,0.000000,0.000000,0.000000,0.000000,0.000000,0.000000,0.000000,0.000000,0.000000,0.000000,0.000000,0.000000,0.000000,0.000000,0.000000,0.000000,0.000000,0.000000,0.000000,0.000000,0.000000,0.000000,0.000000,0.000000,0.000000,0.000000,0.000000,0.000000,0.000000,0.000000
0.000000,0.000000,0.000000,0.000000,0.000000,0.000000,0.000000,0.000000,0.000000,0.000000,0.000000,0.000000,0.000000,0.000000,0.000000,0.000000,0.000000,0.000000,0.000000,0.000000,0.000000,0.000000,0.000000,0.000000,0.000000,0.000000,0.000000,0.000000,-0.000000,0.000000,0.000003,0.000000,0.000001,0.000002,0.000001,0.000001,0.000001,0.000001,0.000001,0.000000,0.000002,0.000001,0.000001,0.000000,0.000002,0.000000,0.000001,0.000001,0.000001,0.000001,0.000001,-0.000000,-0.000001,-0.000001,-0.000001,-0.000003,-0.000003,-0.000002,-0.000002,-0.000004,-0.000002,-0.000003,-0.000002,-0.000001,-0.000000,0.000001,-0.000001,0.000001,0.000002,0.000000,0.000000,0.000002,-0.000002,0.000001,0.000002,0.000000,0.000000,0.000000,0.000000,0.000000,0.000000,0.000000,0.000000,0.000000,0.000000,0.000000,0.000000,0.000000,0.000000,0.000000,0.000000,0.000000,0.000000,0.000000,0.000000,0.000000,0.000000,0.000000,0.000000,0.000000,0.000000,0.000000,0.000000
0.000000,0.000000,0.000000,0.000000,0.000000,0.000000,0.000000,0.000000,0.000000,0.000000,0.000000,0.000000,0.000000,0.000000,0.000000,0.000000,0.000000,0.000000,0.000000,0.000000,0.000000,0.000000,0.000000,0.000000,0.000000,0.000000,0.000001,-0.000001,-0.000003,-0.000000,-0.000000,-0.000003,0.000000,-0.000001,-0.000001,-0.000002,-0.000001,-0.000001,-0.000001,-0.000001,-0.000001,-0.000001,-0.000001,-0.000001,-0.000001,-0.000001,-0.000001,-0.000001,-0.000001,-0.000001,-0.000000,0.000000,0.000001,0.000002,0.000001,0.000003,0.000003,0.000004,0.000003,0.000002,0.000003,0.000003,0.000001,-0.000001,-0.000000,0.000000,-0.000002,-0.000001,-0.000001,0.000001,-0.000003,0.000001,-0.000001,-0.000001,0.000000,0.000001,-0.000003,0.000000,0.000000,0.000000,0.000000,0.000000,0.000000,0.000000,0.000000,0.000000,0.000000,0.000000,0.000000,0.000000,0.000000,0.000000,0.000000,0.000000,0.000000,0.000000,0.000000,0.000000,0.000000,0.000000,0.000000,0.000000,0.000000
0.000000,0.000000,0.000000,0.000000,0.000000,0.000000,0.000000,0.000000,0.000000,0.000000,0.000000,0.000000,0.000000,0.000000,0.000000,0.000000,0.000000,0.000000,0.000000,0.000000,0.000000,0.000000,0.000000,0.000000,-0.000003,0.000000,0.000004,0.000000,0.000001,0.000002,0.000000,0.000001,0.000002,0.000001,0.000001,0.000002,0.000001,0.000001,0.000001,0.000001,0.000001,0.000000,0.000003,0.000001,0.000001,0.000002,0.000001,0.000001,0.000000,-0.000000,-0.000000,-0.000000,-0.000001,-0.000003,-0.000003,-0.000003,-0.000003,-0.000004,-0.000004,-0.000003,-0.000001,-0.000001,-0.000000,0.000002,0.000000,0.000002,0.000001,0.000001,0.000000,0.000001,-0.000002,0.000003,0.000001,-0.000001,-0.000000,0.000002,-0.000001,0.000000,0.000001,0.000000,0.000000,0.000000,0.000000,0.000000,0.000000,0.000000,0.000000,0.000000,0.000000,0.000000,0.000000,0.000000,0.000000,0.000000,0.000000,0.000000,0.000000,0.000000,0.000000,0.000000,0.000000,0.000000,0.000000
0.000000,0.000000,0.000000,0.000000,0.000000,0.000000,0.000000,0.000000,0.000000,0.000000,0.000000,0.000000,0.000000,0.000000,0.000000,0.000000,0.000000,0.000000,0.000000,0.000000,0.000000,0.000000,0.000000,0.000001,-0.000002,0.000001,-0.000001,-0.000002,-0.000001,-0.000001,-0.000002,-0.000002,-0.000001,-0.000003,-0.000001,-0.000002,-0.000001,-0.000002,-0.000001,-0.000000,-0.000001,-0.000001,-0.000000,-0.000002,-0.000001,-0.000002,-0.000000,-0.000001,-0.000000,0.000000,0.000001,0.000002,0.000001,0.000003,0.000004,0.000004,0.000004,0.000003,0.000004,0.000003,0.000000,-0.000001,-0.000001,-0.000001,-0.000002,-0.000001,-0.000002,0.000000,-0.000002,0.000000,-0.000001,0.000000,-0.000001,-0.000000,-0.000001,0.000001,-0.000002,-0.000000,0.000000,-0.000001,0.000000,0.000000,0.000000,0.000000,0.000000,0.000000,0.000000,0.000000,0.000000,0.000000,0.000000,0.000000,0.000000,0.000000,0.000000,0.000000,0.000000,0.000000,0.000000,0.000000,0.000000,0.000000,0.000000
0.000000,0.000000,0.000000,0.000000,0.000000,0.000000,0.000000,0.000000,0.000000,0.000000,0.000000,0.000000,0.000000,0.000000,0.000000,0.000000,0.000000,0.000000,0.000000,0.000000,0.000000,-0.000004,-0.000001,0.000002,0.000000,0.000000,-0.000000,0.000000,0.000002,0.000001,0.000002,0.000002,0.000001,0.000003,0.000002,0.000002,0.000001,0.000002,0.000001,0.000001,0.000002,0.000000,0.000001,0.000002,0.000001,0.000002,0.000001,0.000001,-0.000000,-0.000000,-0.000001,-0.000002,-0.000002,-0.000004,-0.000004,-0.000006,-0.000004,-0.000004,-0.000002,-0.000002,-0.000000,0.000002,0.000002,0.000003,0.000001,0.000003,0.000000,0.000002,-0.000000,0.000002,0.000000,-0.000000,-0.000000,0.000002,0.000001,-0.000001,0.000000,0.000001,-0.000000,-0.000001,-0.000000,0.000002,0.000000,0.000000,0.000000,0.000000,0.000000,0.000000,0.000000,0.000000,0.000000,0.000000,0.000000,0.000000,0.000000,0.000000,0.000000,0.000000,0.000000,0.000000,0.000000,0.000000,0.000000
0.000000,0.000000,0.000000,0.000000,0.000000,0.000000,0.000000,0.000000,0.000000,0.000000,0.000000,0.000000,0.000000,0.000000,0.000000,0.000000,0.000000,0.000000,0.000000,0.000000,0.000003,0.000001,0.000004,0.000002,-0.000001,0.000002,-0.000001,0.000001,-0.000002,-0.000001,-0.000002,-0.000002,-0.000003,-0.000001,-0.000002,-0.000002,-0.000002,-0.000001,-0.000002,-0.000003,-0.000001,-0.000001,-0.000001,-0.000001,-0.000001,-0.000002,-0.000001,-0.000000,0.000001,0.000001,0.000002,0.000002,0.000005,0.000004,0.000006,0.000004,0.000006,0.000003,0.000001,-0.000001,-0.000001,-0.000003,-0.000004,-0.000003,-0.000002,-0.000000,-0.000002,0.000000,-0.000001,0.000000,-0.000001,-0.000000,-0.000000,0.000001,-0.000002,-0.000000,0.000000,0.000000,-0.000000,-0.000000,-0.000001,-0.000000,-0.000001,0.000000,0.000000,0.000000,0.000000,0.000000,0.000000,0.000000,0.000000,0.000000,0.000000,0.000000,0.000000,0.000000,0.000000,0.000000,0.000000,0.000000,0.000000,0.000000,0.000000
0.000000,0.000000,0.000000,0.000000,0.000000,0.000000,0.000000,0.000000,0.000000,0.000000,0.000000,0.000000,0.000000,0.000000,0.000000,0.000000,0.000000,0.000000,0.000000,-0.000003,-0.000004,-0.000003,-0.000004,-0.000003,-0.000003,0.000000,-0.000001,0.000001,0.000000,0.000001,0.000002,0.000002,0.000003,0.000003,0.000001,0.000003,0.000002,0.000002,0.000002,0.000002,0.000001,0.000002,0.000001,0.000002,0.000001,0.000001,0.000002,-0.000001,-0.000000,-0.000002,-0.000003,-0.000004,-0.000004,-0.000007,-0.000005,-0.000007,-0.000003,-0.000003,0.000001,0.000002,0.000004,0.000003,0.000002,0.000004,0.000002,0.000001,-0.000000,0.000001,0.000001,0.000000,-0.000000,0.000001,-0.000000,0.000000,-0.000000,0.000001,0.000001,-0.000001,-0.000001,0.000002,-0.000000,-0.000000,0.000000,0.000000,0.000000,0.000000,0.000000,0.000000,0.000000,0.000000,0.000000,0.000000,0.000000,0.000000,0.000000,0.000000,0.000000,0.000000,0.000000,0.000000,0.000000,0.000000,0.000000
0.000000,0.000000,0.000000,0.000000,0.000000,0.000000,0.000000,0.000000,0.000000,0.000000,0.000000,0.000000,0.000000,0.000000,0.000000,0.000000,0.000000,0.000000,0.000000,0.000006,0.000004,0.000006,0.000005,0.000004,0.000004,0.000003,0.000001,0.000001,-0.000001,0.000000,-0.000003,-0.000001,-0.000004,-0.000001,-0.000004,-0.000000,-0.000003,-0.000002,-0.000003,-0.000002,-0.000002,-0.000002,-0.000002,-0.000002,-0.000001,-0.000000,-0.000000,0.000000,0.000001,0.000002,0.000005,0.000003,0.000008,0.000005,0.000008,0.000004,0.000003,0.000000,-0.000002,-0.000004,-0.000005,-0.000003,-0.000003,-0.000001,-0.000003,-0.000000,-0.000001,0.000001,-0.000002,0.000000,0.000000,0.000000,-0.000001,-0.000000,0.000000,0.000001,-0.000001,-0.000001,0.000001,-0.000000,-0.000001,0.000000,-0.000000,-0.000000,0.000000,0.000000,0.000000,0.000000,0.000000,0.000000,0.000000,0.000000,0.000000,0.000000,0.000000,0.000000,0.000000,0.000000,0.000000,0.000000,0.000000,0.000000,0.000000
0.000000,0.000000,0.000000,0.000000,0.000000,0.000000,0.000000,0.000000,0.000000,0.000000,0.000000,0.000000,0.000000,0.000000,0.000000,0.000000,0.000000,0.000005,-0.000006,-0.000003,-0.000007,-0.000006,-0.000007,-0.000005,-0.000006,-0.000003,-0.000004,-0.000001,-0.000001,0.000002,0.000000,0.000002,0.000003,0.000002,0.000003,0.000002,0.000002,0.000003,0.000003,0.000003,0.000001,0.000002,0.000001,0.000002,0.000001,-0.000000,-0.000000,-0.000002,-0.000001,-0.000005,-0.000004,-0.000008,-0.000006,-0.000008,-0.000005,-0.000005,-0.000000,0.000002,0.000005,0.000005,0.000005,0.000005,0.000002,0.000002,0.000001,0.000001,0.000001,-0.000001,-0.000000,0.000001,-0.000000,-0.000000,-0.000000,0.000001,-0.000000,-0.000000,-0.000001,0.000002,0.000000,-0.000001,0.000000,0.000001,0.000001,-0.000001,0.000000,-0.000000,0.000000,0.000000,0.000000,0.000000,0.000000,0.000000,0.000000,0.000000,0.000000,0.000000,0.000000,0.000000,0.000000,0.000000,0.000000,0.000000,0.000000
0.000000,0.000000,0.000000,0.000000,0.000000,0.000000,0.000000,0.000000,0.000000,0.000000,0.000000,0.000000,0.000000,0.000000,0.000000,0.000000,-0.000009,0.000003,-0.000004,0.000007,0.000005,0.000008,0.000008,0.000007,0.000007,0.000004,0.000005,0.000003,0.000001,0.000001,-0.000001,-0.000001,-0.000003,-0.000001,-0.000004,-0.000001,-0.000005,-0.000000,-0.000004,-0.000002,-0.000003,-0.000001,-0.000002,-0.000001,-0.000001,-0.000000,0.000001,0.000002,0.000005,0.000004,0.000009,0.000006,0.000011,0.000004,0.000007,0.000001,-0.000002,-0.000006,-0.000006,-0.000004,-0.000006,-0.000002,-0.000004,0.000000,-0.000003,0.000002,-0.000003,0.000001,-0.000001,0.000001,-0.000001,-0.000000,0.000001,-0.000000,-0.000000,-0.000001,0.000001,-0.000001,-0.000000,-0.000001,0.000001,0.000000,-0.000001,0.000000,0.000001,0.000000,0.000000,0.000000,0.000000,0.000000,0.000000,0.000000,0.000000,0.000000,0.000000,0.000000,0.000000,0.000000,0.000000,0.000000,0.000000,0.000000,0.000000
0.000000,0.000000,0.000000,0.000000,0.000000,0.000000,0.000000,0.000000,0.000000,0.000000,0.000000,0.000000,0.000000,0.000000,0.000000,0.000005,0.000003,0.000009,-0.000002,0.000004,-0.000007,-0.000006,-0.000010,-0.000008,-0.000009,-0.000007,-0.000006,-0.000004,-0.000003,-0.000001,-0.000001,0.000002,0.000002,0.000003,0.000003,0.000003,0.000004,0.000003,0.000002,0.000004,0.000003,0.000003,0.000001,0.000001,0.000001,-0.000001,-0.000001,-0.000005,-0.000004,-0.000010,-0.000006,-0.000012,-0.000006,-0.000007,-0.000002,0.000002,0.000006,0.000006,0.000006,0.000005,0.000003,0.000002,0.000002,0.000002,0.000000,0.000000,-0.000000,0.000001,0.000001,-0.000000,-0.000001,0.000001,-0.000001,-0.000000,-0.000001,0.000002,-0.000000,0.000000,-0.000000,0.000001,0.000000,-0.000001,0.000000,0.000001,-0.000000,-0.000001,-0.000000,-0.000000,0.000000,0.000000,0.000000,0.000000,0.000000,0.000000,0.000000,0.000000,0.000000,0.000000,0.000000,0.000000,0.000000,0.000000,0.000000
0.000000,0.000000,0.000000,0.000000,0.000000,0.000000,0.000000,0.000000,0.000000,0.000000,0.000000,0.000000,0.000000,0.000000,0.000000,-0.000006,-0.000004,-0.000002,-0.000014,0.000002,-0.000006,0.000006,0.000009,0.000009,0.000012,0.000008,0.000009,0.000006,0.000004,0.000004,0.000001,0.000001,-0.000002,-0.000001,-0.000004,-0.000002,-0.000005,-0.000003,-0.000005,-0.000003,-0.000004,-0.000002,-0.000002,-0.000001,0.000001,0.000000,0.000006,0.000004,0.000010,0.000007,0.000014,0.000006,0.000011,0.000002,-0.000001,-0.000008,-0.000007,-0.000006,-0.000006,-0.000002,-0.000005,0.000001,-0.000002,0.000001,-0.000003,0.000001,-0.000001,0.000001,-0.000002,0.000000,0.000000,0.000001,0.000000,-0.000000,0.000001,-0.000000,-0.000001,-0.000001,0.000001,-0.000000,-0.000001,-0.000000,0.000001,-0.000000,-0.000001,0.000000,0.000001,-0.000001,0.000000,0.000000,0.000000,0.000000,0.000000,0.000000,0.000000,0.000000,0.000000,0.000000,0.000000,0.000000,0.000000,0.000000,0.000000
0.000000,0.000000,0.000000,0.000000,0.000000,0.000000,0.000000,0.000000,0.000000,0.000000,0.000000,0.000000,0.000000,-0.000003,0.000006,-0.000003,0.000007,0.000004,0.000002,0.000019,0.000000,0.000008,-0.000007,-0.000010,-0.000013,-0.000012,-0.000010,-0.000009,-0.000007,-0.000006,-0.000004,-0.000001,-0.000000,0.000002,0.000003,0.000004,0.000004,0.000005,0.000005,0.000004,0.000004,0.000002,0.000003,-0.000000,-0.000001,-0.000005,-0.000003,-0.000011,-0.000007,-0.000017,-0.000007,-0.000013,-0.000003,0.000001,0.000008,0.000009,0.000008,0.000007,0.000003,0.000003,0.000001,0.000002,-0.000001,0.000001,-0.000000,0.000001,-0.000001,0.000001,-0.000000,0.000000,-0.000001,-0.000000,-0.000001,0.000002,-0.000001,0.000000,-0.000001,0.000002,-0.000001,-0.000000,-0.000000,0.000001,0.000000,-0.000001,-0.000000,0.000001,-0.000000,-0.000000,0.000000,0.000000,0.000000,0.000000,0.000000,0.000000,0.000000,0.000000,0.000000,0.000000,0.000000,0.000000,0.000000,0.000000,0.000000
0.000000,0.000000,0.000000,0.000000,0.000000,0.000000,0.000000,0.000000,0.000000,0.000000,0.000000,0.000000,0.000003,-0.000004,0.000004,-0.000007,0.000005,-0.000007,-0.000006,0.000000,-0.000028,-0.000001,-0.000009,0.000006,0.000015,0.000012,0.000015,0.000011,0.000011,0.000007,0.000007,0.000003,0.000001,-0.000001,-0.000003,-0.000003,-0.000006,-0.000005,-0.000007,-0.000005,-0.000005,-0.000001,-0.000001,-0.000000,0.000005,0.000004,0.000011,0.000007,0.000018,0.000008,0.000016,0.000005,-0.000001,-0.000009,-0.000011,-0.000009,-0.000007,-0.000003,-0.000005,0.000000,-0.000003,0.000001,-0.000002,0.000002,-0.000002,0.000002,-0.000001,0.000000,-0.000000,0.000001,-0.000001,0.000001,-0.000000,0.000001,-0.000000,-0.000000,0.000000,0.000000,-0.000001,0.000000,0.000001,0.000000,-0.000000,-0.000000,0.000002,-0.000001,-0.000000,0.000000,-0.000000,0.000000,-0.000001,0.000000,0.000000,0.000000,0.000000,0.000000,0.000000,0.000000,0.000000,0.000000,0.000000,0.000000,0.000000
0.000000,0.000000,0.000000,0.000000,0.000000,0.000000,0.000000,0.000000,0.000000,0.000000,0.000000,-0.000004,0.000001,-0.000003,0.000006,-0.000006,0.000008,-0.000006,0.000006,0.000008,-0.000001,0.000038,0.000002,0.000014,-0.000008,-0.000018,-0.000016,-0.000017,-0.000013,-0.000013,-0.000009,-0.000006,-0.000004,-0.000000,0.000001,0.000004,0.000007,0.000007,0.000007,0.000005,0.000006,0.000001,0.000001,-0.000005,-0.000002,-0.000012,-0.000008,-0.000020,-0.000010,-0.000021,-0.000007,0.000001,0.000010,0.000013,0.000012,0.000010,0.000002,0.000006,-0.000001,0.000004,-0.000002,0.000002,-0.000001,0.000002,-0.000002,0.000001,-0.000000,0.000001,-0.000002,0.000001,-0.000002,0.000001,-0.000000,-0.000001,-0.000000,0.000001,-0.000001,-0.000000,-0.000001,0.000001,-0.000000,-0.000000,-0.000001,0.000001,-0.000001,-0.000001,-0.000000,0.000001,-0.000000,0.000000,0.000001,0.000002,0.000000,0.000000,0.000000,0.000000,0.000000,0.000000,0.000000,0.000000,0.000000,0.000000,0.000000
0.000000,0.000000,0.000000,0.000000,0.000000,0.000000,0.000000,0.000000,0.000000,0.000000,0.000000,-0.000001,0.000004,-0.000004,0.000005,-0.000007,0.000008,-0.000010,0.000009,-0.000007,-0.000009,0.000002,-0.000050,-0.000007,-0.000015,0.000007,0.000025,0.000019,0.000021,0.000016,0.000015,0.000010,0.000009,0.000004,0.000000,-0.000004,-0.000008,-0.000009,-0.000009,-0.000007,-0.000003,-0.000002,0.000003,0.000004,0.000012,0.000009,0.000022,0.000011,0.000025,0.000010,0.000001,-0.000012,-0.000016,-0.000015,-0.000011,-0.000003,-0.000005,0.000001,-0.000003,0.000002,-0.000002,0.000002,-0.000002,0.000002,-0.000001,0.000001,-0.000001,0.000001,-0.000001,0.000001,-0.000000,-0.000000,0.000000,0.000001,-0.000000,0.000001,-0.000001,-0.000000,0.000001,0.000001,-0.000001,-0.000000,0.000001,0.000000,-0.000000,0.000000,0.000002,-0.000000,-0.000001,0.000000,-0.000001,-0.000000,0.000000,0.000000,0.000000,0.000000,0.000000,0.000000,0.000000,0.000000,0.000000,0.000000,0.000000
0.000000,0.000000,0.000000,0.000000,0.000000,0.000000,0.000000,0.000000,0.000000,0.000000,0.000001,0.000002,0.000002,-0.000003,0.000004,-0.000005,0.000007,-0.000008,0.000009,-0.000010,0.000006,0.000014,-0.000007,0.000068,0.000010,0.000019,-0.000008,-0.000031,-0.000024,-0.000025,-0.000019,-0.000018,-0.000013,-0.000009,-0.000004,0.000001,0.000011,0.000009,0.000012,0.000007,0.000004,-0.000003,-0.000001,-0.000013,-0.000009,-0.000026,-0.000013,-0.000031,-0.000015,-0.000001,0.000013,0.000020,0.000019,0.000014,0.000003,0.000007,-0.000002,0.000005,-0.000004,0.000003,-0.000002,0.000002,-0.000002,0.000000,-0.000001,0.000001,-0.000001,0.000000,-0.000000,0.000001,-0.000001,0.000001,-0.000001,0.000000,-0.000000,-0.000001,-0.000000,0.000000,-0.000000,-0.000001,-0.000000,0.000001,0.000000,-0.000001,-0.000001,0.000000,-0.000001,-0.000000,0.000001,0.000002,-0.000000,-0.000001,-0.000000,0.000000,0.000000,0.000000,0.000000,0.000000,0.000000,0.000000,0.000000,0.000000,0.000000
0.000000,0.000000,0.000000,0.000000,0.000000,0.000000,0.000000,0.000000,0.000000,-0.000003,-0.000002,0.000000,-0.000001,-0.000003,0.000004,-0.000006,0.000007,-0.000009,0.000012,-0.000013,0.000015,-0.000008,-0.000015,0.000010,-0.000087,-0.000020,-0.000022,0.000005,0.000040,0.000029,0.000032,0.000024,0.000023,0.000013,0.000012,0.000002,-0.000012,-0.000012,-0.000012,-0.000010,0.000001,0.000002,0.000013,0.000011,0.000027,0.000017,0.000039,0.000020,0.000003,-0.000015,-0.000025,-0.000024,-0.000016,-0.000004,-0.000008,0.000003,-0.000004,0.000002,-0.000003,0.000002,-0.000001,0.000002,-0.000001,0.000002,-0.000001,0.000001,-0.000001,0.000001,-0.000001,0.000001,0.000000,-0.000000,-0.000000,0.000001,0.000000,0.000000,0.000000,0.000001,-0.000000,0.000000,0.000001,-0.000000,-0.000000,-0.000000,0.000002,0.000000,-0.000000,-0.000000,0.000000,-0.000001,-0.000001,-0.000000,0.000000,0.000001,0.000000,0.000000,0.000000,0.000000,0.000000,0.000000,0.000000,0.000000,0.000000
0.000000,0.000000,0.000000,0.000000,0.000000,0.000000,0.000000,0.000000,0.000000,0.000000,0.000001,0.000000,0.000002,0.000000,0.000003,-0.000003,0.000004,-0.000007,0.000008,-0.000012,0.000012,-0.000018,0.000007,0.000019,-0.000020,0.000111,0.000033,0.000028,-0.000002,-0.000050,-0.000037,-0.000039,-0.000030,-0.000028,-0.000019,-0.000012,0.000016,0.000012,0.000018,0.000007,-0.000002,-0.000015,-0.000013,-0.000032,-0.000018,-0.000049,-0.000027,-0.000005,0.000016,0.000032,0.000032,0.000020,0.000004,0.000008,-0.000002,0.000005,-0.000004,0.000003,-0.000003,0.000003,-0.000003,0.000001,-0.000001,-0.000000,-0.000002,0.000001,-0.000001,0.000001,-0.000001,-0.000000,-0.000002,0.000001,-0.000001,-0.000000,-0.000001,0.000000,0.000000,-0.000001,0.000000,-0.000000,-0.000000,-0.000001,-0.000001,0.000001,-0.000001,-0.000000,0.000000,0.000001,-0.000000,-0.000001,0.000002,0.000001,-0.000000,0.000001,0.000000,0.000000,0.000000,0.000000,0.000000,0.000000,0.000000,0.000000,0.000000
0.000000,0.000000,0.000000,0.000000,0.000000,0.000000,0.000000,0.000000,0.000001,0.000004,-0.000001,-0.000000,-0.000001,-0.000001,0.000001,-0.000004,0.000005,-0.000006,0.000009,-0.000010,0.000015,-0.000016,0.000025,-0.000008,-0.000022,0.000033,-0.000137,-0.000054,-0.000034,-0.000006,0.000061,0.000043,0.000048,0.000036,0.000039,0.000020,-0.000014,-0.000016,-0.000016,-0.000011,0.000017,0.000015,0.000037,0.000024,0.000062,0.000036,0.000005,-0.000017,-0.000041,-0.000042,-0.000024,-0.000005,-0.000010,0.000003,-0.000004,0.000003,-0.000003,0.000003,-0.000001,0.000003,-0.000000,0.000001,-0.000000,0.000002,0.000000,0.000001,-0.000000,0.000000,0.000001,0.000001,0.000000,0.000001,-0.000000,0.000000,0.000001,0.000000,-0.000000,0.000000,0.000001,0.000000,-0.000000,-0.000000,0.000001,0.000000,-0.000000,-0.000001,0.000001,-0.000001,-0.000000,-0.000001,-0.000001,-0.000000,-0.000002,-0.000001,-0.000003,0.000000,0.000000,0.000000,0.000000,0.000000,0.000000,0.000000,0.000000
0.000000,0.000000,0.000000,0.000000,0.000000,0.000000,0.000000,0.000000,-0.000001,0.000000,-0.000002,0.000000,0.000001,0.000001,0.000001,-0.000001,0.000003,-0.000004,0.000006,-0.000009,0.000011,-0.000017,0.000019,-0.000031,0.000005,0.000028,-0.000054,0.000163,0.000082,0.000047,0.000018,-0.000065,-0.000053,-0.000054,-0.000051,-0.000042,0.000021,0.000010,0.000023,0.000002,-0.000020,-0.000046,-0.000031,-0.000078,-0.000046,-0.000008,0.000022,0.000051,0.000056,0.000028,0.000005,0.000010,-0.000003,0.000004,-0.000004,0.000003,-0.000003,0.000002,-0.000002,-0.000001,-0.000001,-0.000000,-0.000002,-0.000001,-0.000001,0.000000,-0.000001,-0.000000,-0.000001,0.000000,-0.000001,-0.000000,0.000000,-0.000000,-0.000001,0.000000,0.000000,-0.000000,-0.000000,-0.000001,0.000001,0.000000,-0.000000,-0.000001,-0.000000,0.000001,0.000000,-0.000001,0.000001,0.000001,0.000000,0.000000,0.000001,0.000002,0.000000,0.000000,0.000000,0.000000,0.000000,0.000000,0.000000,0.000000,0.000000
0.000000,0.000000,0.000000,0.000000,0.000000,0.000000,0.000000,-0.000000,-0.000003,0.000001,-0.000001,0.000002,-0.000002,0.000000,-0.000001,-0.000001,0.000001,-0.000003,0.000004,-0.000007,0.000011,-0.000013,0.000021,-0.000024,0.000040,-0.000002,-0.000034,0.000082,-0.000184,-0.000120,-0.000063,-0.000043,0.000068,0.000050,0.000073,0.000052,-0.000018,-0.000021,-0.000015,-0.000013,0.000058,0.000041,0.000098,0.000057,0.000006,-0.000024,-0.000068,-0.000075,-0.000035,-0.000003,-0.000012,0.000005,-0.000006,0.000005,-0.000004,0.000002,-0.000000,0.000002,-0.000001,0.000001,0.000000,0.000002,0.000000,0.000001,0.000000,0.000001,0.000001,0.000001,-0.000000,0.000000,0.000001,0.000000,0.000000,0.000001,0.000000,-0.000000,0.000000,0.000000,0.000000,-0.000000,0.000000,-0.000000,-0.000000,-0.000001,0.000002,-0.000000,-0.000001,-0.000001,-0.000000,-0.000001,-0.000002,0.000000,-0.000001,-0.000000,-0.000000,0.000003,0.000000,0.000000,0.000000,0.000000,0.000000,0.000000,0.000000
0.000000,0.000000,0.000000,0.000000,0.000000,0.000000,0.000000,0.000000,-0.000000,0.000002,-0.000001,0.000001,-0.000001,0.000001,0.000000,0.000002,0.000001,-0.000001,0.000004,-0.000006,0.000007,-0.000013,0.000016,-0.000025,0.000029,-0.000050,-0.000006,0.000047,-0.000120,0.000196,0.000159,0.000094,0.000069,-0.000047,-0.000063,-0.000064,0.000050,0.000018,0.000039,-0.000005,-0.000050,-0.000119,-0.000063,0.000001,0.000037,0.000091,0.000103,0.000043,0.000001,0.000012,-0.000006,0.000005,-0.000005,0.000002,-0.000002,0.000000,-0.000002,-0.000001,-0.000000,0.000000,-0.000001,-0.000001,-0.000001,0.000001,-0.000002,-0.000001,-0.000001,-0.000000,-0.000000,-0.000001,-0.000001,0.000000,-0.000001,-0.000001,0.000000,-0.000001,-0.000000,-0.000000,-0.000000,0.000000,0.000000,-0.000000,0.000001,0.000001,-0.000001,0.000000,0.000001,0.000001,0.000001,0.000000,0.000001,0.000002,-0.000000,-0.000000,-0.000001,0.000001,0.000000,0.000000,0.000000,0.000000,0.000000,0.000000,0.000000
0.000000,0.000000,0.000000,0.000000,0.000000,0.000000,0.000000,0.000003,-0.000000,0.000000,-0.000002,0.000002,-0.000002,0.000002,-0.000003,0.000000,-0.000001,-0.000001,0.000001,-0.000004,0.000007,-0.000009,0.000015,-0.000019,0.000032,-0.000037,0.000061,0.000018,-0.000063,0.000159,-0.000181,-0.000205,-0.000113,-0.000123,0.000048,0.000032,-0.000089,-0.000077,-0.000041,-0.000059,0.000125,0.000065,-0.000029,-0.000054,-0.000127,-0.000143,-0.000055,0.000007,-0.000012,0.000008,-0.000005,0.000006,-0.000002,0.000002,-0.000000,0.000001,0.000000,0.000001,0.000000,0.000001,0.000000,0.000000,0.000001,0.000000,0.000002,0.000001,0.000000,0.000001,0.000001,0.000000,0.000001,0.000000,0.000001,-0.000001,0.000001,0.000001,0.000000,-0.000000,0.000001,-0.000001,-0.000000,-0.000001,0.000001,-0.000001,-0.000001,-0.000001,-0.000000,-0.000001,-0.000002,-0.000001,-0.000001,-0.000001,-0.000002,0.000001,-0.000001,-0.000003,-0.000002,0.000000,0.000000,0.000000,0.000000,0.000000,0.000000
0.000000,0.000000,0.000000,0.000000,0.000000,0.000000,-0.000001,0.000000,-0.000003,0.000001,-0.000002,0.000002,-0.000002,0.000002,-0.000001,0.000002,-0.000001,0.000002,0.000001,-0.000001,0.000003,-0.000006,0.000010,-0.000018,0.000024,-0.000039,0.000043,-0.000065,-0.000043,0.000094,-0.000205,0.000151,0.000212,0.000149,0.000138,-0.000015,0.000196,0.000127,0.000157,0.000060,-0.000025,0.000065,0.000105,0.000170,0.000203,0.000065,-0.000019,0.000009,-0.000010,0.000002,-0.000006,0.000001,-0.000002,-0.000000,-0.000001,-0.000001,-0.000000,-0.000000,-0.000000,-0.000002,-0.000000,-0.000000,-0.000001,-0.000002,-0.000001,-0.000001,0.000000,-0.000002,0.000001,-0.000002,-0.000000,-0.000001,-0.000000,-0.000000,0.000000,-0.000001,0.000001,-0.000000,0.000000,0.000001,0.000001,0.000001,-0.000000,0.000000,0.000001,0.000001,0.000001,0.000001,0.000001,0.000001,0.000001,0.000000,-0.000000,0.000002,0.000001,0.000000,0.000000,0.000000,0.000000,0.000000,0.000000,0.000000,0.000000
0.000000,0.000000,0.000000,0.000000,0.000000,0.000000,-0.000001,0.000001,0.000000,0.000002,-0.000001,0.000001,-0.000003,0.000003,-0.000004,0.000003,-0.000003,0.000002,-0.000002,-0.000000,0.000001,-0.000004,0.000009,-0.000013,0.000023,-0.000030,0.000048,-0.000053,0.000068,0.000069,-0.000113,0.000212,-0.000064,-0.000216,-0.000111,-0.000164,-0.000224,-0.000271,-0.000188,-0.000264,-0.000174,-0.000137,-0.000246,-0.000265,-0.000082,0.000050,-0.000003,0.000011,0.000000,0.000007,0.000002,-0.000000,0.000002,0.000000,0.000002,-0.000001,0.000001,0.000000,0.000000,-0.000000,0.000001,-0.000000,0.000001,0.000000,0.000001,0.000000,0.000002,-0.000000,0.000001,0.000000,0.000001,-0.000001,0.000001,-0.000000,0.000001,-0.000000,0.000001,0.000000,-0.000001,-0.000001,-0.000000,-0.000001,-0.000000,-0.000002,0.000001,-0.000002,-0.000001,0.000000,-0.000001,-0.000000,-0.000002,0.000001,-0.000002,-0.000001,-0.000002,0.000000,0.000002,0.000003,0.000000,0.000000,0.000000,0.000000,0.000000
0.000000,0.000000,0.000000,0.000000,0.000000,0.000001,-0.000001,0.000002,-0.000001,0.000001,-0.000003,0.000003,-0.000001,0.000003,-0.000001,0.000002,-0.000001,0.000003,-0.000001,0.000002,-0.000001,-0.000000,0.000004,-0.000009,0.000013,-0.000028,0.000036,-0.000054,0.000050,-0.000047,-0.000123,0.000149,-0.000216,-0.000013,0.000160,0.000036,0.000414,0.000222,0.000296,0.000532,0.000235,0.000225,0.000346,0.000070,-0.000104,-0.000018,-0.000011,-0.000005,-0.000007,-0.000003,-0.000001,-0.000003,-0.000000,-0.000001,-0.000000,0.000000,-0.000001,-0.000001,0.000001,-0.000001,-0.000000,-0.000002,-0.000000,-0.000001,-0.000000,-0.000003,0.000000,-0.000001,0.000000,-0.000002,0.000001,-0.000001,-0.000001,-0.000001,0.000001,-0.000001,0.000001,-0.000000,0.000001,0.000000,0.000001,0.000001,0.000001,0.000001,0.000001,0.000001,0.000001,0.000001,0.000000,0.000001,0.000001,0.000000,0.000001,0.000000,0.000001,0.000000,-0.000001,-0.000001,0.000000,0.000000,0.000000,0.000000,0.000000
0.000000,0.000000,0.000000,0.000000,-0.000000,0.000001,-0.000001,0.000001,-0.000001,0.000001,-0.000001,0.000002,-0.000002,0.000001,-0.000004,0.000003,-0.000004,0.000003,-0.000004,0.000003,-0.000003,0.000001,0.000000,-0.000004,0.000012,-0.000019,0.000039,-0.000051,0.000073,-0.000063,0.000048,0.000138,-0.000111,0.000160,0.000052,-0.000084,-0.000237,-0.000342,-0.000372,-0.000436,-0.000203,-0.000203,-0.000026,0.000225,0.000069,0.000005,0.000013,0.000009,0.000008,-0.000003,0.000004,-0.000000,0.000002,-0.000001,0.000001,-0.000000,0.000001,-0.000001,0.000001,-0.000001,0.000002,-0.000000,0.000001,-0.000000,0.000002,-0.000001,0.000002,0.000000,0.000002,-0.000002,0.000002,-0.000000,0.000002,-0.000001,0.000001,-0.000000,-0.000000,-0.000002,0.000000,-0.000000,-0.000001,-0.000001,-0.000001,-0.000002,-0.000001,-0.000001,-0.000001,-0.000001,-0.000002,0.000001,-0.000003,0.000001,-0.000002,0.000001,-0.000000,0.000000,0.000000,-0.000003,0.000002,0.000000,0.000000,0.000000,0.000000
0.000000,0.000000,0.000000,0.000000,0.000000,0.000001,-0.000001,0.000001,-0.000002,0.000002,-0.000002,0.000002,-0.000002,0.000003,-0.000000,0.000002,-0.000001,0.000003,-0.000002,0.000004,-0.000003,0.000004,-0.000004,0.000001,0.000002,-0.000012,0.000020,-0.000042,0.000052,-0.000064,0.000032,-0.000015,-0.000164,0.000036,-0.000084,0.000011,0.000298,0.000475,0.000414,0.000228,0.000015,-0.000355,-0.000466,-0.000172,0.000004,-0.000019,-0.000017,-0.000010,0.000000,-0.000003,-0.000000,-0.000001,-0.000000,-0.000001,-0.000000,-0.000001,0.000000,0.000000,0.000000,-0.000001,-0.000000,-0.000001,0.000001,-0.000002,0.000001,-0.000001,0.000000,-0.000002,0.000000,-0.000001,-0.000000,-0.000002,-0.000000,-0.000001,0.000000,0.000000,0.000000,0.000000,0.000000,0.000001,0.000001,0.000002,0.000002,0.000001,0.000001,0.000002,0.000000,0.000001,0.000001,0.000001,0.000000,0.000000,0.000000,-0.000001,-0.000001,-0.000001,0.000003,-0.000003,-0.000000,0.000000,0.000000,0.000000,0.000000
0.000000,0.000000,0.000000,0.000000,-0.000001,0.000001,-0.000001,0.000001,-0.000001,0.000001,-0.000001,0.000001,-0.000002,0.000002,-0.000003,0.000002,-0.000005,0.000004,-0.000005,0.000004,-0.000006,0.000007,-0.000008,0.000011,-0.000012,0.000016,-0.000014,0.000021,-0.000018,0.000050,-0.000089,0.000196,-0.000224,0.000414,-0.000237,0.000298,0.003333,0.003333,0.003333,0.003332,0.001901,0.000768,0.000450,-0.000068,0.000007,0.000040,0.000020,-0.000003,0.000008,-0.000000,0.000004,-0.000002,0.000003,-0.000001,0.000002,-0.000001,0.000001,-0.000001,0.000001,-0.000001,0.000001,-0.000001,0.000001,-0.000001,0.000001,-0.000000,0.000002,-0.000001,0.000002,-0.000000,0.000002,-0.000002,0.000003,-0.000001,0.000001,-0.000002,0.000001,-0.000001,-0.000001,-0.000002,-0.000001,-0.000001,-0.000002,-0.000001,-0.000001,-0.000001,-0.000002,0.000001,-0.000002,0.000001,-0.000001,0.000000,0.000000,0.000001,0.000001,-0.000002,0.000002,-0.000001,0.000001,0.000000,0.000000,0.000000,0.000000
0.000000,0.000000,0.000000,-0.000000,-0.000001,0.000001,-0.000001,0.000001,-0.000001,0.000001,-0.000002,0.000002,-0.000001,0.000002,-0.000002,0.000003,-0.000000,0.000003,-0.000003,0.000005,-0.000005,0.000007,-0.000009,0.000009,-0.000012,0.000012,-0.000016,0.000010,-0.000021,0.000018,-0.000077,0.000127,-0.000271,0.000222,-0.000342,0.000475,0.003333,0.003333,0.003333,0.003332,0.003200,0.002263,0.000839,0.000072,-0.000077,-0.000033,-0.000004,-0.000009,-0.000005,-0.000005,0.000001,-0.000002,0.000000,-0.000000,0.000000,-0.000000,0.000001,-0.000001,0.000001,0.000001,0.000001,-0.000001,0.000001,-0.000001,0.000001,-0.000001,0.000000,-0.000000,-0.000000,-0.000002,-0.000000,-0.000000,-0.000001,0.000000,-0.000000,0.000001,0.000000,0.000001,0.000001,0.000002,0.000002,0.000002,0.000001,0.000003,0.000001,0.000002,0.000000,0.000002,-0.000001,0.000001,-0.000001,-0.000000,-0.000000,-0.000001,0.000002,-0.000003,0.000001,-0.000002,0.000003,-0.000003,0.000000,0.000000,0.000000
0.000000,0.000000,0.000000,0.000001,-0.000001,0.000001,-0.000001,0.000001,-0.000001,0.000001,-0.000001,0.000001,-0.000002,0.000002,-0.000003,0.000003,-0.000004,0.000002,-0.000005,0.000005,-0.000007,0.000007,-0.000009,0.000012,-0.000012,0.000018,-0.000016,0.000023,-0.000015,0.000039,-0.000041,0.000157,-0.000188,0.000296,-0.000372,0.000414,0.003333,0.003333,0.003333,0.003331,0.003400,0.002962,0.001507,0.000409,0.000025,-0.000044,0.000037,0.000007,0.000011,-0.000001,0.000006,-0.000002,0.000004,-0.000003,0.000002,-0.000002,0.000001,-0.000000,-0.000001,-0.000001,0.000000,-0.000001,0.000000,-0.000000,0.000001,-0.000001,0.000002,-0.000000,0.000002,-0.000001,0.000003,-0.000002,0.000002,-0.000003,0.000002,-0.000002,0.000001,-0.000003,-0.000001,-0.000003,-0.000002,-0.000002,-0.000002,-0.000001,-0.000004,0.000001,-0.000002,0.000001,-0.000003,0.000002,-0.000000,0.000000,0.000002,-0.000001,0.000002,-0.000001,0.000002,-0.000002,0.000002,-0.000000,0.000000,0.000000,0.000000
0.000000,0.000000,0.000000,0.000000,-0.000000,0.000000,-0.000001,0.000000,-0.000001,0.000001,-0.000000,0.000001,-0.000003,0.000002,-0.000002,0.000003,-0.000002,0.000004,-0.000003,0.000004,-0.000005,0.000005,-0.000007,0.000007,-0.000010,0.000007,-0.000011,0.000002,-0.000013,-0.000005,-0.000059,0.000060,-0.000264,0.000532,-0.000436,0.000228,0.003332,0.003332,0.003331,0.003330,0.003388,0.003125,0.002067,0.000640,-0.000113,-0.000046,0.000010,-0.000026,-0.000001,-0.000009,-0.000001,-0.000003,0.000000,-0.000001,0.000000,-0.000000,0.000000,-0.000001,0.000002,0.000000,0.000000,0.000001,0.000000,-0.000001,0.000001,-0.000001,0.000000,-0.000001,-0.000000,-0.000001,0.000000,-0.000001,0.000001,-0.000000,0.000000,0.000001,0.000000,0.000002,0.000003,0.000003,0.000001,0.000003,0.000001,0.000003,-0.000001,0.000004,-0.000002,0.000002,-0.000001,0.000001,-0.000001,-0.000002,0.000001,-0.000002,0.000002,-0.000002,0.000002,-0.000002,0.000001,-0.000001,0.000000,0.000000,0.000000
0.000000,0.000000,0.000000,-0.000000,0.000000,0.000001,-0.000000,0.000002,-0.000001,0.000001,-0.000001,0.000002,-0.000001,0.000001,-0.000002,0.000001,-0.000003,0.000003,-0.000004,0.000004,-0.000005,0.000006,-0.000003,0.000004,0.000001,-0.000002,0.000017,-0.000020,0.000058,-0.000050,0.000125,-0.000025,-0.000174,0.000235,-0.000203,0.000015,0.001901,0.003200,0.003400,0.003388,0.003512,0.003322,0.002110,0.000676,0.000015,0.000035,0.000007,-0.000007,0.000022,-0.000003,0.000010,-0.000002,0.000005,-0.000001,0.000003,-0.000001,0.000001,-0.000001,0.000001,-0.000001,-0.000000,-0.000001,0.000001,-0.000001,0.000001,0.000001,0.000001,-0.000001,0.000002,-0.000000,0.000001,-0.000002,0.000002,-0.000002,0.000001,-0.000004,0.000000,-0.000004,-0.000001,-0.000003,-0.000003,-0.000001,-0.000004,0.000001,-0.000004,0.000003,-0.000004,0.000002,-0.000000,0.000000,0.000001,-0.000001,0.000003,-0.000002,0.000003,-0.000003,0.000002,-0.000001,0.000001,-0.000001,0.000000,0.000000,0.000000
