0.000000,0.000000,0.000000,0.000000,0.000000,0.000000,0.000000,0.000000,0.000000,0.000000,0.000000,0.000000,0.000000,0.000000,0.000000,0.000000,0.000000,0.000000,0.000000,0.000000,0.000000,0.000000,0.000000,0.000000,0.000000,0.000000,0.000000,0.000000,0.000000,0.000000,0.000000,0.000000,0.000000,0.000000,0.000000,0.000000,0.000000,0.000000,0.000000,0.000000,0.000000,0.000000,0.000000,0.000000,0.000000,0.000000,0.000000,0.000000,0.000000,0.000000,0.000000,0.000000,0.000000,0.000000,0.000000,0.000000,0.000000,0.000000,0.000000,0.000000,0.000000,0.000000,0.000000,0.000000,0.000000,0.000000,0.000000,0.000000,0.000000,0.000000,0.000000,0.000000,0.000000,0.000000,0.000000,0.000000,0.000000,0.000000,0.000000,0.000000,0.000000,0.000000,0.000000,0.000000,0.000000,0.000000,0.000000,0.000000,0.000000,0.000000,0.000000,0.000000,0.000000,0.000000,0.000000,0.000000,0.000000,0.000000,0.000000,0.000000,0.000000,0.000000,0.000000
0.000000,0.000000,0.000000,0.000000,0.000000,0.000000,0.000000,0.000000,0.000000,0.000000,0.000000,0.000000,0.000000,0.000000,0.000000,0.000000,0.000000,0.000000,0.000000,0.000000,0.000000,0.000000,0.000000,0.000000,0.000000,0.000000,0.000000,0.000000,0.000000,0.000000,0.000000,0.000000,0.000000,0.000000,0.000000,0.000000,0.000000,0.000000,0.000000,0.000000,0.000000,0.000000,0.000000,0.000000,0.000000,0.000000,0.000000,0.000000,0.000000,0.000000,0.000000,-0.000002,0.000000,0.000000,0.000000,0.000000,0.000000,0.000000,0.000000,0.000000,0.000000,0.000000,0.000000,0.000000,0.000000,0.000000,0.000000,0.000000,0.000000,0.000000,0.000000,0.000000,0.000000,0.000000,0.000000,0.000000,0.000000,0.000000,0.000000,0.000000,0.000000,0.000000,0.000000,0.000000,0.000000,0.000000,0.000000,0.000000,0.000000,0.000000,0.000000,0.000000,0.000000,0.000000,0.000000,0.000000,0.000000,0.000000,0.000000,0.000000,0.000000,0.000000,0.000000
0.000000,0.000000,0.000000,0.000000,0.000000,0.000000,0.000000,0.000000,0.000000,0.000000,0.000000,0.000000,0.000000,0.000000,0.000000,0.000000,0.000000,0.000000,0.000000,0.000000,0.000000,0.000000,0.000000,0.000000,0.000000,0.000000,0.000000,0.000000,0.000000,0.000000,0.000000,0.000000,0.000000,0.000000,0.000000,0.000000,0.000000,0.000000,0.000000,0.000000,0.000000,0.000000,-0.000000,-0.000000,-0.000000,-0.000001,-0.000001,-0.000000,-0.000001,0.000001,0.000003,-0.000001,-0.000002,0.000000,-0.000000,0.000000,0.000000,0.000000,0.000001,0.000000,0.000004,0.000000,0.000000,0.000000,0.000000,0.000000,0.000000,0.000000,0.000000,0.000000,0.000000,0.000000,0.000000,0.000000,0.000000,0.000000,0.000000,0.000000,0.000000,0.000000,0.000000,0.000000,0.000000,0.000000,0.000000,0.000000,0.000000,0.000000,0.000000,0.000000,0.000000,0.000000,0.000000,0.000000,0.000000,0.000000,0.000000,0.000000,0.000000,0.000000,0.000000,0.000000,0.000000
0.000000,0.000000,0.000000,0.000000,0.000000,0.000000,0.000000,0.000000,0.000000,0.000000,0.000000,0.000000,0.000000,0.000000,0.000000,0.000000,0.000000,0.000000,0.000000,0.000000,0.000000,0.000000,0.000000,0.000000,0.000000,0.000000,0.000000,0.000000,0.000000,0.000000,0.000000,0.000000,0.000000,0.000000,0.000000,0.000000,0.000000,-0.000001,0.000000,0.000001,-0.000000,-0.000000,0.000001,0.000001,0.000000,0.000001,0.000001,0.000001,0.000000,-0.000001,0.000001,0.000002,0.000001,-0.000000,0.000000,-0.000001,0.000000,-0.000001,-0.000001,-0.000003,-0.000001,-0.000001,-0.000002,-0.000002,0.000000,-0.000003,0.000000,0.000000,0.000000,0.000000,0.000000,0.000000,0.000000,0.000000,0.000000,0.000000,0.000000,0.000000,0.000000,0.000000,0.000000,0.000000,0.000000,0.000000,0.000000,0.000000,0.000000,0.000000,0.000000,0.000000,0.000000,0.000000,0.000000,0.000000,0.000000,0.000000,0.000000,0.000000,0.000000,0.000000,0.000000,0.000000,0.000000
0.000000,0.000000,0.000000,0.000000,0.000000,0.000000,0.000000,0.000000,0.000000,0.000000,0.000000,0.000000,0.000000,0.000000,0.000000,0.000000,0.000000,0.000000,0.000000,0.000000,0.000000,0.000000,0.000000,0.000000,0.000000,0.000000,0.000000,0.000000,0.000000,0.000000,0.000000,0.000000,0.000000,0.000000,0.000000,-0.000000,0.000000,-0.000000,-0.000000,-0.000001,0.000000,-0.000001,-0.000001,-0.000001,-0.000000,-0.000001,-0.000001,-0.000001,0.000000,-0.000001,-0.000001,-0.000000,-0.000001,0.000000,0.000000,0.000001,0.000001,0.000001,0.000003,0.000002,0.000001,0.000002,0.000004,0.000001,0.000003,0.000004,0.000002,-0.000002,-0.000001,0.000000,0.000000,0.000000,0.000000,0.000000,0.000000,0.000000,0.000000,0.000000,0.000000,0.000000,0.000000,0.000000,0.000000,0.000000,0.000000,0.000000,0.000000,0.000000,0.000000,0.000000,0.000000,0.000000,0.000000,0.000000,0.000000,0.000000,0.000000,0.000000,0.000000,0.000000,0.000000,0.000000,0.000000
0.000000,0.000000,0.000000,0.000000,0.000000,0.000000,0.000000,0.000000,0.000000,0.000000,0.000000,0.000000,0.000000,0.000000,0.000000,0.000000,0.000000,0.000000,0.000000,0.000000,0.000000,0.000000,0.000000,0.000000,0.000000,0.000000,0.000000,0.000000,0.000000,0.000000,0.000000,0.000000,0.000001,0.000000,0.000001,0.000001,0.000000,0.000001,0.000000,0.000001,0.000000,0.000002,0.000001,0.000000,0.000001,0.000001,0.000001,-0.000001,0.000002,0.000000,0.000001,0.000000,-0.000000,-0.000000,0.000000,-0.000002,-0.000001,-0.000003,-0.000001,-0.000003,-0.000003,-0.000004,-0.000002,-0.000004,-0.000003,-0.000001,0.000001,-0.000001,-0.000003,0.000000,0.000005,0.000000,0.000000,0.000000,0.000000,0.000000,0.000000,0.000000,0.000000,0.000000,0.000000,0.000000,0.000000,0.000000,0.000000,0.000000,0.000000,0.000000,0.000000,0.000000,0.000000,0.000000,0.000000,0.000000,0.000000,0.000000,0.000000,0.000000,0.000000,0.000000,0.000000,0.000000,0.000000
0.000000,0.000000,0.000000,0.000000,0.000000,0.000000,0.000000,0.000000,0.000000,0.000000,0.000000,0.000000,0.000000,0.000000,0.000000,0.000000,0.000000,0.000000,0.000000,0.000000,0.000000,0.000000,0.000000,0.000000,0.000000,0.000000,0.000000,0.000000,0.000000,0.000000,0.000000,-0.000001,-0.000002,-0.000001,-0.000001,-0.000001,-0.000000,-0.000001,-0.000000,-0.000001,-0.000000,-0.000001,-0.000001,-0.000001,-0.000001,-0.000000,-0.000001,-0.000001,-0.000000,-0.000001,-0.000000,-0.000000,0.000001,0.000000,0.000001,0.000001,0.000002,0.000003,0.000003,0.000002,0.000005,0.000002,0.000004,0.000002,0.000003,-0.000001,-0.000000,0.000001,-0.000000,-0.000003,0.000001,-0.000001,-0.000003,0.000000,0.000000,0.000000,0.000000,0.000000,0.000000,0.000000,0.000000,0.000000,0.000000,0.000000,0.000000,0.000000,0.000000,0.000000,0.000000,0.000000,0.000000,0.000000,0.000000,0.000000,0.000000,0.000000,0.000000,0.000000,0.000000,0.000000,0.000000,0.000000,0.000000
0.000000,0.000000,0.000000,0.000000,0.000000,0.000000,0.000000,0.000000,0.000000,0.000000,0.000000,0.000000,0.000000,0.000000,0.000000,0.000000,0.000000,0.000000,0.000000,0.000000,0.000000,0.000000,0.000000,0.000000,0.000000,0.000000,0.000000,0.000000,-0.000000,0.000000,0.000002,0.000000,0.000001,0.000001,0.000001,0.000001,0.000001,0.000001,0.000000,0.000001,-0.000000,0.000001,-0.000000,0.000001,0.000001,-0.000000,0.000001,0.000001,0.000001,-0.000000,-0.000000,0.000000,-0.000000,-0.000001,-0.000001,-0.000003,-0.000001,-0.000004,-0.000003,-0.000004,-0.000001,-0.000004,-0.000003,-0.000001,0.000000,-0.000000,-0.000001,0.000002,0.000002,-0.000000,0.000000,0.000003,-0.000002,0.000001,0.000002,0.000000,0.000000,0.000000,0.000000,0.000000,0.000000,0.000000,0.000000,0.000000,0.000000,0.000000,0.000000,0.000000,0.000000,0.000000,0.000000,0.000000,0.000000,0.000000,0.000000,0.000000,0.000000,0.000000,0.000000,0.000000,0.000000,0.000000,0.000000
0.000000,0.000000,0.000000,0.000000,0.000000,0.000000,0.000000,0.000000,0.000000,0.000000,0.000000,0.000000,0.000000,0.000000,0.000000,0.000000,0.000000,0.000000,0.000000,0.000000,0.000000,0.000000,0.000000,0.000000,0.000000,0.000000,0.000002,-0.000001,-0.000003,-0.000000,-0.000001,-0.000002,-0.000001,-0.000001,-0.000002,-0.000000,-0.000001,-0.000000,-0.000001,-0.000001,-0.000001,-0.000001,-0.000001,-0.000001,-0.000002,-0.000000,-0.000001,-0.000000,-0.000001,0.000000,0.000001,0.000000,0.000001,0.000001,0.000003,0.000002,0.000003,0.000003,0.000005,0.000002,0.000005,0.000001,0.000003,-0.000001,-0.000000,-0.000001,0.000000,-0.000003,-0.000000,-0.000001,-0.000001,0.000000,-0.000001,-0.000002,0.000001,-0.000000,-0.000003,0.000000,0.000000,0.000000,0.000000,0.000000,0.000000,0.000000,0.000000,0.000000,0.000000,0.000000,0.000000,0.000000,0.000000,0.000000,0.000000,0.000000,0.000000,0.000000,0.000000,0.000000,0.000000,0.000000,0.000000,0.000000,0.000000
0.000000,0.000000,0.000000,0.000000,0.000000,0.000000,0.000000,0.000000,0.000000,0.000000,0.000000,0.000000,0.000000,0.000000,0.000000,0.000000,0.000000,0.000000,0.000000,0.000000,0.000000,0.000000,0.000000,0.000000,-0.000003,0.000001,0.000003,0.000001,0.000000,0.000003,0.000001,0.000002,0.000002,0.000001,0.000002,0.000001,0.000001,0.000001,-0.000000,0.000002,0.000000,0.000001,0.000000,0.000001,0.000000,0.000001,0.000001,0.000000,-0.000001,0.000001,-0.000001,-0.000002,-0.000002,-0.000002,-0.000002,-0.000004,-0.000003,-0.000005,-0.000002,-0.000004,-0.000003,-0.000002,0.000000,0.000001,0.000000,0.000003,0.000001,0.000001,-0.000000,0.000002,-0.000000,0.000000,0.000000,0.000001,0.000001,0.000002,-0.000000,0.000000,0.000001,0.000000,0.000000,0.000000,0.000000,0.000000,0.000000,0.000000,0.000000,0.000000,0.000000,0.000000,0.000000,0.000000,0.000000,0.000000,0.000000,0.000000,0.000000,0.000000,0.000000,0.000000,0.000000,0.000000,0.000000
0.000000,0.000000,0.000000,0.000000,0.000000,0.000000,0.000000,0.000000,0.000000,0.000000,0.000000,0.000000,0.000000,0.000000,0.000000,0.000000,0.000000,0.000000,0.000000,0.000000,0.000000,0.000000,0.000000,0.000001,-0.000001,0.000000,-0.000000,-0.000003,-0.000000,-0.000001,-0.000002,-0.000002,-0.000002,-0.000002,-0.000002,-0.000000,-0.000003,-0.000000,-0.000001,-0.000001,-0.000001,-0.000001,-0.000001,-0.000000,-0.000001,0.000000,-0.000001,0.000001,0.000001,0.000001,0.000001,0.000001,0.000004,0.000002,0.000004,0.000003,0.000005,0.000003,0.000005,0.000002,0.000002,0.000000,-0.000000,-0.000003,-0.000000,-0.000002,-0.000002,-0.000002,0.000000,-0.000000,-0.000002,-0.000001,0.000001,-0.000000,-0.000002,0.000000,-0.000000,-0.000001,0.000000,-0.000000,0.000000,0.000000,0.000000,0.000000,0.000000,0.000000,0.000000,0.000000,0.000000,0.000000,0.000000,0.000000,0.000000,0.000000,0.000000,0.000000,0.000000,0.000000,0.000000,0.000000,0.000000,0.000000,0.000000
0.000000,0.000000,0.000000,0.000000,0.000000,0.000000,0.000000,0.000000,0.000000,0.000000,0.000000,0.000000,0.000000,0.000000,0.000000,0.000000,0.000000,0.000000,0.000000,0.000000,0.000000,-0.000005,-0.000001,0.000002,-0.000000,0.000001,-0.000000,0.000001,0.000001,0.000001,0.000002,0.000002,0.000002,0.000002,0.000002,0.000002,0.000002,0.000001,0.000001,0.000002,0.000001,0.000002,0.000000,0.000001,0.000000,0.000001,-0.000001,0.000000,-0.000001,-0.000002,-0.000003,-0.000002,-0.000004,-0.000004,-0.000004,-0.000005,-0.000003,-0.000006,-0.000002,-0.000002,0.000000,0.000001,0.000002,0.000002,0.000002,0.000002,0.000000,0.000002,-0.000000,0.000000,0.000001,0.000001,0.000001,-0.000000,0.000000,0.000001,0.000000,0.000000,-0.000001,-0.000001,-0.000001,0.000002,0.000000,0.000000,0.000000,0.000000,0.000000,0.000000,0.000000,0.000000,0.000000,0.000000,0.000000,0.000000,0.000000,0.000000,0.000000,0.000000,0.000000,0.000000,0.000000,0.000000,0.000000
0.000000,0.000000,0.000000,0.000000,0.000000,0.000000,0.000000,0.000000,0.000000,0.000000,0.000000,0.000000,0.000000,0.000000,0.000000,0.000000,0.000000,0.000000,0.000000,0.000000,0.000003,0.000001,0.000004,0.000002,-0.000002,0.000001,-0.000001,0.000000,-0.000001,-0.000002,-0.000001,-0.000002,-0.000002,-0.000002,-0.000003,-0.000001,-0.000003,-0.000001,-0.000003,-0.000001,-0.000002,-0.000001,-0.000002,-0.000000,-0.000001,0.000000,-0.000000,0.000001,0.000001,0.000002,0.000004,0.000004,0.000004,0.000004,0.000007,0.000004,0.000005,0.000003,0.000003,-0.000000,-0.000001,-0.000003,-0.000002,-0.000002,-0.000002,-0.000001,-0.000002,0.000000,-0.000002,-0.000000,0.000000,-0.000000,-0.000001,-0.000000,0.000000,0.000000,-0.000001,-0.000000,0.000001,-0.000000,-0.000001,0.000000,-0.000001,0.000000,0.000000,0.000000,0.000000,0.000000,0.000000,0.000000,0.000000,0.000000,0.000000,0.000000,0.000000,0.000000,0.000000,0.000000,0.000000,0.000000,0.000000,0.000000,0.000000
0.000000,0.000000,0.000000,0.000000,0.000000,0.000000,0.000000,0.000000,0.000000,0.000000,0.000000,0.000000,0.000000,0.000000,0.000000,0.000000,0.000000,0.000000,0.000000,-0.000003,-0.000003,-0.000003,-0.000003,-0.000003,-0.000002,0.000000,-0.000001,0.000001,0.000000,0.000002,0.000002,0.000002,0.000001,0.000003,0.000002,0.000003,0.000002,0.000002,0.000002,0.000002,0.000002,0.000001,0.000001,0.000001,0.000000,0.000000,-0.000000,-0.000002,-0.000001,-0.000003,-0.000003,-0.000005,-0.000005,-0.000006,-0.000004,-0.000008,-0.000003,-0.000003,0.000001,0.000000,0.000003,0.000003,0.000002,0.000003,0.000001,0.000002,0.000002,0.000001,-0.000000,0.000002,-0.000000,0.000000,-0.000000,0.000001,0.000000,-0.000001,-0.000001,0.000001,-0.000000,0.000001,-0.000000,0.000001,-0.000000,0.000000,0.000000,0.000000,0.000000,0.000000,0.000000,0.000000,0.000000,0.000000,0.000000,0.000000,0.000000,0.000000,0.000000,0.000000,0.000000,0.000000,0.000000,0.000000,0.000000
0.000000,0.000000,0.000000,0.000000,0.000000,0.000000,0.000000,0.000000,0.000000,0.000000,0.000000,0.000000,0.000000,0.000000,0.000000,0.000000,0.000000,0.000000,0.000000,0.000006,0.000004,0.000006,0.000004,0.000004,0.000003,0.000003,-0.000000,0.000001,-0.000001,-0.000000,-0.000001,-0.000002,-0.000002,-0.000003,-0.000003,-0.000003,-0.000003,-0.000002,-0.000003,-0.000001,-0.000002,-0.000001,-0.000002,-0.000000,-0.000001,-0.000000,0.000001,0.000001,0.000004,0.000003,0.000005,0.000005,0.000008,0.000005,0.000007,0.000004,0.000004,0.000001,-0.000002,-0.000004,-0.000003,-0.000002,-0.000004,-0.000001,-0.000002,-0.000000,-0.000002,-0.000001,-0.000001,-0.000001,-0.000001,-0.000001,0.000001,0.000000,-0.000001,-0.000000,0.000002,0.000000,-0.000001,-0.000001,0.000000,0.000000,-0.000001,0.000000,-0.000000,0.000000,0.000000,0.000000,0.000000,0.000000,0.000000,0.000000,0.000000,0.000000,0.000000,0.000000,0.000000,0.000000,0.000000,0.000000,0.000000,0.000000,0.000000
0.000000,0.000000,0.000000,0.000000,0.000000,0.000000,0.000000,0.000000,0.000000,0.000000,0.000000,0.000000,0.000000,0.000000,0.000000,0.000000,0.000000,0.000005,-0.000006,-0.000003,-0.000008,-0.000006,-0.000007,-0.000005,-0.000005,-0.000004,-0.000002,-0.000001,-0.000001,0.000000,0.000000,0.000002,0.000003,0.000003,0.000003,0.000003,0.000003,0.000003,0.000003,0.000001,0.000002,0.000001,0.000001,0.000000,0.000001,-0.000001,-0.000001,-0.000003,-0.000003,-0.000006,-0.000005,-0.000008,-0.000006,-0.000010,-0.000006,-0.000004,0.000000,0.000001,0.000004,0.000005,0.000003,0.000003,0.000001,0.000002,0.000001,0.000001,-0.000000,0.000002,-0.000000,0.000001,0.000000,0.000001,0.000000,-0.000001,-0.000000,0.000001,-0.000001,-0.000000,-0.000001,0.000001,0.000000,-0.000000,-0.000001,0.000001,0.000000,0.000000,0.000000,0.000000,0.000000,0.000000,0.000000,0.000000,0.000000,0.000000,0.000000,0.000000,0.000000,0.000000,0.000000,0.000000,0.000000,0.000000,0.000000
0.000000,0.000000,0.000000,0.000000,0.000000,0.000000,0.000000,0.000000,0.000000,0.000000,0.000000,0.000000,0.000000,0.000000,0.000000,0.000000,-0.000009,0.000002,-0.000004,0.000007,0.000004,0.000009,0.000007,0.000007,0.000007,0.000005,0.000005,0.000002,0.000002,0.000001,-0.000001,-0.000002,-0.000002,-0.000003,-0.000005,-0.000003,-0.000004,-0.000003,-0.000004,-0.000002,-0.000003,-0.000001,-0.000002,-0.000001,0.000000,0.000001,0.000003,0.000003,0.000005,0.000005,0.000010,0.000006,0.000010,0.000006,0.000006,0.000001,-0.000003,-0.000005,-0.000005,-0.000003,-0.000005,-0.000001,-0.000002,0.000000,-0.000001,0.000000,-0.000001,-0.000000,-0.000000,-0.000001,0.000001,-0.000001,0.000000,-0.000001,0.000001,-0.000001,-0.000000,-0.000000,0.000001,-0.000000,-0.000000,-0.000000,-0.000000,0.000000,-0.000001,0.000000,0.000000,0.000000,0.000000,0.000000,0.000000,0.000000,0.000000,0.000000,0.000000,0.000000,0.000000,0.000000,0.000000,0.000000,0.000000,0.000000,0.000000
0.000000,0.000000,0.000000,0.000000,0.000000,0.000000,0.000000,0.000000,0.000000,0.000000,0.000000,0.000000,0.000000,0.000000,0.000000,0.000005,0.000002,0.000010,-0.000003,0.000005,-0.000007,-0.000006,-0.000009,-0.000009,-0.000008,-0.000007,-0.000006,-0.000005,-0.000003,-0.000001,-0.000001,0.000002,0.000002,0.000002,0.000004,0.000004,0.000004,0.000003,0.000004,0.000003,0.000003,0.000001,0.000002,-0.000000,-0.000000,-0.000003,-0.000002,-0.000006,-0.000005,-0.000010,-0.000007,-0.000013,-0.000007,-0.000007,-0.000002,0.000002,0.000005,0.000008,0.000004,0.000005,0.000001,0.000003,0.000000,0.000002,-0.000001,0.000001,-0.000000,0.000001,-0.000000,0.000001,-0.000000,0.000000,-0.000000,0.000001,0.000000,-0.000000,-0.000001,0.000001,-0.000001,-0.000000,-0.000000,0.000001,0.000000,0.000000,0.000000,0.000001,-0.000000,0.000000,0.000000,0.000000,0.000000,0.000000,0.000000,0.000000,0.000000,0.000000,0.000000,0.000000,0.000000,0.000000,0.000000,0.000000,0.000000
0.000000,0.000000,0.000000,0.000000,0.000000,0.000000,0.000000,0.000000,0.000000,0.000000,0.000000,0.000000,0.000000,0.000000,0.000000,-0.000006,-0.000004,-0.000003,-0.000014,0.000001,-0.000006,0.000006,0.000009,0.000010,0.000011,0.000009,0.000009,0.000006,0.000006,0.000002,0.000003,-0.000001,-0.000002,-0.000002,-0.000004,-0.000004,-0.000006,-0.000003,-0.000005,-0.000003,-0.000004,-0.000002,-0.000001,0.000001,0.000001,0.000003,0.000005,0.000006,0.000010,0.000008,0.000015,0.000007,0.000011,0.000002,-0.000003,-0.000006,-0.000008,-0.000006,-0.000007,-0.000002,-0.000003,0.000001,-0.000003,0.000000,-0.000001,0.000001,-0.000001,-0.000001,0.000000,-0.000002,0.000000,-0.000002,0.000001,-0.000001,-0.000000,-0.000000,0.000001,-0.000001,-0.000000,0.000000,0.000001,0.000000,-0.000002,0.000000,-0.000001,0.000000,-0.000001,0.000000,-0.000000,0.000000,0.000000,0.000000,0.000000,0.000000,0.000000,0.000000,0.000000,0.000000,0.000000,0.000000,0.000000,0.000000,0.000000
0.000000,0.000000,0.000000,0.000000,0.000000,0.000000,0.000000,0.000000,0.000000,0.000000,0.000000,0.000000,0.000000,-0.000003,0.000006,-0.000003,0.000007,0.000005,0.000001,0.000022,-0.000001,0.000009,-0.000007,-0.000011,-0.000011,-0.000013,-0.000011,-0.000010,-0.000007,-0.000006,-0.000004,-0.000001,-0.000000,0.000002,0.000005,0.000003,0.000007,0.000005,0.000005,0.000004,0.000004,0.000002,0.000001,-0.000002,-0.000002,-0.000005,-0.000005,-0.000011,-0.000008,-0.000016,-0.000010,-0.000011,-0.000005,0.000003,0.000008,0.000011,0.000007,0.000007,0.000002,0.000004,0.000000,0.000001,-0.000001,0.000002,-0.000000,0.000000,0.000000,0.000001,0.000000,0.000002,-0.000000,0.000001,-0.000000,-0.000000,-0.000000,0.000001,0.000000,0.000000,-0.000000,0.000000,-0.000000,-0.000001,0.000000,0.000001,0.000000,0.000000,0.000000,0.000000,-0.000000,0.000000,0.000000,0.000000,0.000000,0.000000,0.000000,0.000000,0.000000,0.000000,0.000000,0.000000,0.000000,0.000000,0.000000
0.000000,0.000000,0.000000,0.000000,0.000000,0.000000,0.000000,0.000000,0.000000,0.000000,0.000000,0.000000,0.000003,-0.000003,0.000004,-0.000008,0.000004,-0.000007,-0.000006,-0.000001,-0.000028,-0.000001,-0.000011,0.000007,0.000015,0.000013,0.000016,0.000011,0.000013,0.000007,0.000008,0.000003,0.000002,-0.000001,-0.000005,-0.000004,-0.000007,-0.000005,-0.000007,-0.000004,-0.000004,-0.000002,-0.000000,0.000003,0.000004,0.000006,0.000011,0.000009,0.000018,0.000011,0.000016,0.000005,-0.000002,-0.000009,-0.000012,-0.000009,-0.000009,-0.000002,-0.000004,0.000000,-0.000003,0.000001,-0.000001,0.000001,-0.000001,-0.000001,-0.000000,-0.000001,-0.000000,-0.000001,-0.000000,-0.000001,-0.000000,-0.000001,0.000001,-0.000000,-0.000001,-0.000000,0.000000,0.000000,-0.000001,0.000000,0.000000,0.000000,-0.000001,-0.000000,0.000000,-0.000001,0.000000,-0.000000,-0.000000,0.000000,0.000000,0.000000,0.000000,0.000000,0.000000,0.000000,0.000000,0.000000,0.000000,0.000000,0.000000
0.000000,0.000000,0.000000,0.000000,0.000000,0.000000,0.000000,0.000000,0.000000,0.000000,0.000000,-0.000005,0.000001,-0.000003,0.000006,-0.000006,0.000009,-0.000006,0.000006,0.000009,-0.000001,0.000038,0.000003,0.000012,-0.000008,-0.000019,-0.000016,-0.000018,-0.000014,-0.000013,-0.000010,-0.000008,-0.000003,-0.000001,0.000003,0.000003,0.000009,0.000007,0.000008,0.000006,0.000003,0.000000,0.000001,-0.000006,-0.000005,-0.000013,-0.000008,-0.000021,-0.000012,-0.000020,-0.000008,0.000001,0.000010,0.000016,0.000011,0.000011,0.000003,0.000006,-0.000001,0.000003,-0.000002,0.000002,-0.000001,0.000000,-0.000001,0.000001,0.000001,0.000001,0.000000,0.000001,0.000001,-0.000000,0.000001,0.000001,0.000000,-0.000001,0.000000,0.000001,0.000000,-0.000001,0.000000,-0.000000,0.000001,-0.000001,0.000001,-0.000000,0.000000,-0.000000,0.000000,-0.000000,-0.000000,0.000002,0.000000,0.000000,0.000000,0.000000,0.000000,0.000000,0.000000,0.000000,0.000000,0.000000,0.000000
0.000000,0.000000,0.000000,0.000000,0.000000,0.000000,0.000000,0.000000,0.000000,0.000000,0.000000,-0.000001,0.000004,-0.000003,0.000004,-0.000007,0.000007,-0.000009,0.000009,-0.000007,-0.000011,0.000003,-0.000052,-0.000006,-0.000016,0.000007,0.000027,0.000018,0.000023,0.000016,0.000017,0.000010,0.000008,0.000003,0.000000,-0.000003,-0.000010,-0.000009,-0.000009,-0.000007,-0.000002,-0.000001,0.000004,0.000004,0.000013,0.000010,0.000022,0.000015,0.000025,0.000012,0.000000,-0.000011,-0.000018,-0.000015,-0.000013,-0.000004,-0.000006,0.000000,-0.000004,0.000002,-0.000001,0.000001,-0.000001,0.000000,-0.000000,0.000000,-0.000000,-0.000002,-0.000001,-0.000001,-0.000001,-0.000000,-0.000000,-0.000001,0.000000,-0.000000,0.000001,-0.000000,-0.000000,0.000000,-0.000000,0.000000,-0.000000,-0.000000,0.000000,-0.000000,-0.000001,-0.000000,0.000001,-0.000000,-0.000001,-0.000000,0.000000,0.000000,0.000000,0.000000,0.000000,0.000000,0.000000,0.000000,0.000000,0.000000,0.000000
0.000000,0.000000,0.000000,0.000000,0.000000,0.000000,0.000000,0.000000,0.000000,0.000000,0.000001,0.000002,0.000002,-0.000003,0.000004,-0.000005,0.000007,-0.000009,0.000010,-0.000011,0.000007,0.000012,-0.000006,0.000069,0.000012,0.000018,-0.000008,-0.000032,-0.000024,-0.000027,-0.000020,-0.000019,-0.000013,-0.000009,-0.000003,0.000000,0.000012,0.000010,0.000012,0.000006,0.000003,-0.000003,-0.000005,-0.000014,-0.000010,-0.000025,-0.000015,-0.000033,-0.000016,-0.000001,0.000012,0.000021,0.000018,0.000015,0.000004,0.000008,-0.000001,0.000004,-0.000002,0.000002,-0.000002,0.000001,-0.000000,0.000000,-0.000000,0.000000,0.000000,0.000000,0.000002,-0.000000,0.000001,-0.000000,0.000001,-0.000001,0.000000,0.000000,-0.000000,-0.000001,-0.000000,-0.000001,0.000001,-0.000002,0.000001,0.000000,0.000001,-0.000001,-0.000000,0.000001,-0.000000,0.000001,-0.000000,-0.000001,-0.000000,0.000000,0.000000,0.000000,0.000000,0.000000,0.000000,0.000000,0.000000,0.000000,0.000000
0.000000,0.000000,0.000000,0.000000,0.000000,0.000000,0.000000,0.000000,0.000000,-0.000003,-0.000001,-0.000000,-0.000002,-0.000002,0.000003,-0.000005,0.000007,-0.000008,0.000011,-0.000011,0.000015,-0.000008,-0.000016,0.000012,-0.000088,-0.000021,-0.000022,0.000004,0.000043,0.000029,0.000034,0.000023,0.000024,0.000014,0.000011,0.000002,-0.000013,-0.000013,-0.000013,-0.000009,0.000002,0.000002,0.000016,0.000011,0.000029,0.000017,0.000040,0.000022,0.000004,-0.000015,-0.000026,-0.000024,-0.000017,-0.000005,-0.000008,0.000000,-0.000004,0.000002,-0.000002,0.000001,-0.000001,0.000001,0.000000,-0.000000,-0.000000,-0.000001,0.000001,-0.000001,-0.000001,-0.000001,-0.000000,-0.000001,-0.000000,-0.000001,0.000000,-0.000000,-0.000000,0.000000,0.000001,0.000001,-0.000000,0.000001,0.000000,-0.000000,-0.000000,-0.000002,0.000001,-0.000000,-0.000000,0.000000,0.000001,-0.000000,-0.000001,0.000002,0.000000,0.000000,0.000000,0.000000,0.000000,0.000000,0.000000,0.000000,0.000000
0.000000,0.000000,0.000000,0.000000,0.000000,0.000000,0.000000,0.000000,0.000000,0.000001,0.000000,0.000001,0.000001,0.000000,0.000003,-0.000004,0.000005,-0.000007,0.000009,-0.000013,0.000013,-0.000019,0.000007,0.000018,-0.000021,0.000113,0.000035,0.000027,-0.000002,-0.000052,-0.000038,-0.000038,-0.000032,-0.000027,-0.000021,-0.000012,0.000017,0.000012,0.000017,0.000007,-0.000003,-0.000015,-0.000013,-0.000033,-0.000021,-0.000050,-0.000028,-0.000006,0.000016,0.000032,0.000032,0.000020,0.000006,0.000009,-0.000001,0.000005,-0.000003,0.000003,-0.000002,0.000001,-0.000000,-0.000000,-0.000000,-0.000000,0.000001,-0.000000,0.000001,-0.000000,0.000002,-0.000001,0.000002,-0.000001,0.000002,-0.000000,0.000001,-0.000001,-0.000000,-0.000000,0.000000,-0.000002,0.000000,-0.000001,0.000001,-0.000000,-0.000000,0.000001,-0.000000,0.000000,-0.000000,-0.000001,-0.000000,0.000000,-0.000000,0.000000,0.000000,0.000000,0.000000,0.000000,0.000000,0.000000,0.000000,0.000000,0.000000
0.000000,0.000000,0.000000,0.000000,0.000000,0.000000,0.000000,0.000000,0.000002,0.000003,-0.000000,-0.000000,-0.000001,-0.000001,-0.000000,-0.000002,0.000005,-0.000006,0.000009,-0.000011,0.000016,-0.000016,0.000027,-0.000008,-0.000022,0.000035,-0.000138,-0.000057,-0.000035,-0.000007,0.000061,0.000043,0.000049,0.000035,0.000041,0.000021,-0.000014,-0.000017,-0.000015,-0.000011,0.000019,0.000015,0.000039,0.000025,0.000063,0.000037,0.000007,-0.000018,-0.000041,-0.000042,-0.000024,-0.000005,-0.000010,0.000003,-0.000005,0.000003,-0.000003,0.000001,-0.000001,0.000000,0.000000,0.000000,0.000000,-0.000001,0.000001,-0.000002,0.000001,-0.000001,0.000000,-0.000001,0.000000,-0.000000,0.000000,-0.000000,0.000000,0.000001,0.000001,0.000000,-0.000001,0.000001,0.000001,0.000001,-0.000001,-0.000000,0.000001,-0.000000,-0.000000,-0.000001,0.000001,0.000001,-0.000000,0.000001,-0.000001,-0.000001,-0.000003,0.000000,0.000000,0.000000,0.000000,0.000000,0.000000,0.000000,0.000000
0.000000,0.000000,0.000000,0.000000,0.000000,0.000000,0.000000,0.000000,-0.000001,0.000001,-0.000003,0.000001,0.000000,0.000001,0.000001,-0.000001,0.000002,-0.000005,0.000006,-0.000010,0.000011,-0.000018,0.000018,-0.000032,0.000004,0.000027,-0.000057,0.000165,0.000086,0.000050,0.000020,-0.000063,-0.000054,-0.000052,-0.000054,-0.000042,0.000020,0.000012,0.000023,0.000002,-0.000021,-0.000046,-0.000032,-0.000081,-0.000046,-0.000007,0.000020,0.000053,0.000057,0.000028,0.000006,0.000010,-0.000004,0.000006,-0.000004,0.000004,-0.000002,0.000001,-0.000000,0.000000,-0.000001,-0.000000,0.000001,-0.000001,0.000001,-0.000001,0.000001,-0.000001,0.000002,-0.000001,0.000002,-0.000001,0.000002,-0.000002,0.000001,-0.000001,-0.000000,-0.000001,0.000000,-0.000001,0.000001,-0.000001,-0.000001,0.000001,-0.000001,0.000001,-0.000001,0.000001,0.000000,-0.000001,-0.000001,0.000001,0.000001,0.000001,0.000000,0.000000,0.000000,0.000000,0.000000,0.000000,0.000000,0.000000,0.000000
0.000000,0.000000,0.000000,0.000000,0.000000,0.000000,0.000000,-0.000000,-0.000003,0.000000,-0.000000,0.000001,-0.000001,0.000000,-0.000001,-0.000001,0.000002,-0.000003,0.000006,-0.000007,0.000013,-0.000014,0.000023,-0.000024,0.000043,-0.000002,-0.000035,0.000086,-0.000185,-0.000125,-0.000067,-0.000048,0.000066,0.000048,0.000072,0.000051,-0.000020,-0.000021,-0.000016,-0.000014,0.000060,0.000042,0.000099,0.000058,0.000005,-0.000026,-0.000070,-0.000077,-0.000035,-0.000004,-0.000012,0.000004,-0.000005,0.000004,-0.000002,0.000001,-0.000000,-0.000000,-0.000000,0.000000,0.000001,-0.000001,0.000001,-0.000001,0.000001,-0.000002,0.000001,-0.000002,0.000001,-0.000002,0.000000,-0.000001,0.000000,0.000000,0.000000,0.000000,0.000000,0.000001,0.000000,0.000001,-0.000001,0.000001,0.000000,0.000000,-0.000000,-0.000001,0.000001,-0.000000,-0.000000,0.000000,0.000000,0.000001,-0.000002,0.000001,0.000001,0.000003,0.000000,0.000000,0.000000,0.000000,0.000000,0.000000,0.000000
0.000000,0.000000,0.000000,0.000000,0.000000,0.000000,0.000000,0.000000,-0.000000,0.000003,-0.000001,0.000001,-0.000002,0.000002,-0.000000,0.000000,0.000001,-0.000001,0.000002,-0.000006,0.000007,-0.000013,0.000016,-0.000027,0.000029,-0.000052,-0.000007,0.000050,-0.000125,0.000195,0.000163,0.000100,0.000075,-0.000041,-0.000061,-0.000060,0.000053,0.000023,0.000042,-0.000002,-0.000051,-0.000119,-0.000062,0.000003,0.000038,0.000094,0.000107,0.000044,0.000001,0.000013,-0.000006,0.000005,-0.000004,0.000003,-0.000002,0.000001,-0.000000,-0.000000,0.000000,-0.000001,0.000001,-0.000001,0.000000,-0.000001,0.000001,-0.000000,0.000001,-0.000000,0.000001,-0.000000,0.000001,-0.000001,0.000001,-0.000001,0.000001,-0.000001,0.000000,-0.000001,-0.000000,-0.000001,-0.000000,-0.000000,-0.000001,0.000001,-0.000001,0.000001,-0.000001,0.000001,-0.000002,0.000002,-0.000000,0.000000,-0.000001,-0.000001,-0.000001,0.000000,0.000000,0.000000,0.000000,0.000000,0.000000,0.000000,0.000000
0.000000,0.000000,0.000000,0.000000,0.000000,0.000000,0.000000,0.000002,-0.000001,0.000001,-0.000002,0.000002,-0.000001,0.000002,-0.000001,0.000000,-0.000001,-0.000001,0.000003,-0.000004,0.000008,-0.000010,0.000017,-0.000020,0.000034,-0.000038,0.000061,0.000020,-0.000067,0.000163,-0.000175,-0.000209,-0.000118,-0.000130,0.000041,0.000028,-0.000097,-0.000085,-0.000047,-0.000065,0.000123,0.000062,-0.000034,-0.000058,-0.000131,-0.000147,-0.000056,0.000006,-0.000013,0.000009,-0.000005,0.000005,-0.000002,0.000001,0.000001,-0.000001,0.000000,-0.000000,0.000000,-0.000000,0.000001,-0.000001,0.000002,-0.000001,0.000001,-0.000002,0.000002,-0.000002,0.000001,-0.000001,0.000001,0.000001,0.000000,0.000000,-0.000000,0.000001,0.000001,0.000002,-0.000001,0.000001,0.000000,0.000001,-0.000001,-0.000000,-0.000000,0.000000,-0.000001,-0.000000,-0.000000,0.000000,-0.000001,0.000001,-0.000000,0.000002,-0.000001,-0.000003,-0.000002,0.000000,0.000000,0.000000,0.000000,0.000000,0.000000
0.000000,0.000000,0.000000,0.000000,0.000000,0.000000,-0.000001,0.000000,-0.000002,0.000002,-0.000002,0.000002,-0.000002,0.000002,-0.000002,0.000002,-0.000002,0.000002,-0.000001,-0.000001,0.000003,-0.000008,0.000010,-0.000019,0.000023,-0.000038,0.000043,-0.000063,-0.000048,0.000100,-0.000209,0.000143,0.000209,0.000151,0.000142,-0.000009,0.000203,0.000138,0.000165,0.000072,-0.000019,0.000073,0.000110,0.000178,0.000207,0.000067,-0.000020,0.000010,-0.000010,0.000004,-0.000006,0.000000,-0.000001,-0.000000,-0.000000,0.000000,-0.000000,-0.000000,0.000001,-0.000001,0.000001,-0.000000,-0.000000,-0.000000,0.000000,0.000000,0.000000,0.000000,0.000001,-0.000000,-0.000000,-0.000001,0.000000,-0.000001,0.000000,-0.000001,-0.000001,-0.000001,-0.000000,-0.000000,-0.000001,0.000000,-0.000000,0.000002,-0.000000,0.000001,-0.000001,0.000002,-0.000000,0.000001,-0.000002,0.000001,-0.000000,-0.000000,0.000001,0.000001,0.000000,0.000000,0.000000,0.000000,0.000000,0.000000,0.000000
0.000000,0.000000,0.000000,0.000000,0.000000,0.000001,-0.000002,0.000001,-0.000001,0.000002,-0.000002,0.000002,-0.000002,0.000001,-0.000002,0.000003,-0.000002,0.000002,-0.000002,-0.000000,0.000002,-0.000003,0.000008,-0.000013,0.000024,-0.000032,0.000049,-0.000054,0.000066,0.000075,-0.000118,0.000209,-0.000053,-0.000206,-0.000108,-0.000162,-0.000222,-0.000274,-0.000195,-0.000275,-0.000182,-0.000143,-0.000253,-0.000270,-0.000081,0.000050,-0.000003,0.000012,-0.000001,0.000005,0.000001,-0.000000,0.000002,-0.000001,0.000001,-0.000001,0.000001,-0.000002,0.000001,-0.000001,0.000001,-0.000001,0.000001,-0.000002,0.000001,-0.000001,0.000000,-0.000001,0.000000,0.000000,0.000000,0.000001,0.000000,0.000001,-0.000000,0.000001,-0.000000,0.000002,0.000000,0.000001,-0.000001,0.000001,-0.000001,0.000001,-0.000002,0.000000,-0.000002,0.000000,-0.000002,0.000001,-0.000000,0.000001,-0.000001,-0.000000,-0.000000,0.000000,0.000001,0.000003,0.000000,0.000000,0.000000,0.000000,0.000000
0.000000,0.000000,0.000000,0.000000,0.000000,0.000000,-0.000001,0.000001,-0.000001,0.000001,-0.000002,0.000002,-0.000002,0.000003,-0.000003,0.000003,-0.000003,0.000002,-0.000002,0.000002,-0.000001,-0.000001,0.000003,-0.000009,0.000014,-0.000027,0.000035,-0.000052,0.000048,-0.000041,-0.000130,0.000151,-0.000206,-0.000022,0.000150,0.000028,0.000400,0.000214,0.000285,0.000529,0.000233,0.000224,0.000347,0.000067,-0.000109,-0.000018,-0.000011,-0.000003,-0.000007,-0.000003,0.000002,-0.000002,0.000001,-0.000001,0.000000,-0.000001,0.000001,-0.000000,0.000001,-0.000001,0.000001,-0.000001,0.000001,0.000001,0.000000,0.000000,0.000001,0.000000,0.000001,-0.000001,-0.000000,0.000000,-0.000001,-0.000001,-0.000001,-0.000000,-0.000001,0.000000,-0.000002,0.000000,-0.000001,0.000001,-0.000000,0.000001,-0.000000,0.000002,0.000001,0.000002,-0.000001,0.000002,-0.000001,0.000000,-0.000000,0.000001,-0.000001,-0.000001,-0.000000,-0.000001,0.000000,0.000000,0.000000,0.000000,0.000000
0.000000,0.000000,0.000000,0.000000,0.000000,0.000001,-0.000001,0.000001,-0.000002,0.000002,-0.000002,0.000002,-0.000003,0.000002,-0.000003,0.000003,-0.000005,0.000004,-0.000004,0.000005,-0.000005,0.000003,0.000000,-0.000003,0.000011,-0.000021,0.000041,-0.000054,0.000072,-0.000061,0.000041,0.000142,-0.000108,0.000150,0.000047,-0.000080,-0.000227,-0.000328,-0.000355,-0.000414,-0.000183,-0.000190,-0.000013,0.000235,0.000072,0.000006,0.000012,0.000007,0.000007,-0.000003,0.000003,-0.000002,0.000001,-0.000001,0.000002,-0.000001,0.000001,-0.000001,0.000001,-0.000001,0.000001,-0.000000,0.000001,-0.000001,-0.000000,-0.000001,0.000000,-0.000001,-0.000001,0.000001,0.000001,0.000001,0.000001,0.000001,0.000000,0.000001,0.000000,0.000001,-0.000001,0.000002,-0.000000,0.000000,-0.000002,0.000000,-0.000002,-0.000000,-0.000002,0.000000,-0.000001,0.000001,-0.000001,0.000000,-0.000000,0.000001,0.000001,0.000001,0.000000,-0.000004,0.000002,0.000000,0.000000,0.000000,0.000000
0.000000,0.000000,0.000000,0.000000,-0.000000,0.000001,-0.000001,0.000001,-0.000000,0.000001,-0.000000,0.000002,-0.000001,0.000003,-0.000003,0.000003,-0.000003,0.000004,-0.000004,0.000003,-0.000004,0.000003,-0.000003,0.000000,0.000002,-0.000012,0.000021,-0.000042,0.000051,-0.000060,0.000028,-0.000009,-0.000162,0.000028,-0.000080,0.000025,0.000298,0.000473,0.000415,0.000221,-0.000001,-0.000376,-0.000483,-0.000177,0.000003,-0.000015,-0.000017,-0.000009,0.000002,-0.000003,0.000000,-0.000001,0.000001,-0.000001,0.000001,-0.000001,0.000001,-0.000000,0.000001,-0.000000,0.000000,-0.000000,-0.000000,0.000000,0.000001,0.000000,0.000000,0.000000,0.000000,-0.000000,-0.000001,-0.000000,-0.000001,-0.000000,-0.000001,0.000000,-0.000002,0.000000,-0.000000,0.000001,-0.000001,0.000001,-0.000000,0.000002,0.000000,0.000002,-0.000000,0.000003,-0.000001,0.000001,-0.000002,0.000001,-0.000001,-0.000001,-0.000001,-0.000001,0.000003,-0.000002,0.000000,0.000000,0.000000,0.000000,0.000000
0.000000,0.000000,0.000000,0.000000,0.000000,0.000000,-0.000000,0.000001,-0.000001,0.000001,-0.000003,0.000002,-0.000003,0.000002,-0.000003,0.000003,-0.000004,0.000004,-0.000006,0.000007,-0.000007,0.000009,-0.000010,0.000012,-0.000013,0.000017,-0.000014,0.000020,-0.000020,0.000053,-0.000097,0.000203,-0.000222,0.000400,-0.000227,0.000298,0.003333,0.003333,0.003333,0.003331,0.001868,0.000729,0.000446,-0.000070,0.000001,0.000039,0.000019,-0.000004,0.000006,-0.000002,0.000003,-0.000002,0.000002,-0.000002,0.000001,-0.000001,0.000001,-0.000001,0.000001,-0.000002,0.000001,-0.000000,0.000000,0.000000,-0.000000,0.000000,-0.000001,0.000000,0.000000,0.000000,0.000000,0.000001,0.000001,0.000001,0.000000,0.000001,0.000000,0.000001,-0.000000,-0.000000,-0.000002,0.000000,-0.000002,-0.000001,-0.000002,0.000000,-0.000003,0.000000,-0.000001,0.000001,-0.000000,0.000001,0.000000,0.000000,0.000002,-0.000002,0.000002,-0.000001,0.000001,0.000000,0.000000,0.000000,0.000000
0.000000,0.000000,0.000000,-0.000001,-0.000000,0.000001,-0.000001,0.000001,-0.000000,0.000001,-0.000000,0.000001,-0.000001,0.000002,-0.000002,0.000003,-0.000003,0.000003,-0.000003,0.000005,-0.000005,0.000007,-0.000009,0.000010,-0.000013,0.000012,-0.000017,0.000012,-0.000021,0.000023,-0.000085,0.000138,-0.000274,0.000214,-0.000328,0.000473,0.003333,0.003333,0.003333,0.003332,0.003195,0.002276,0.000883,0.000106,-0.000078,-0.000035,-0.000002,-0.000009,-0.000003,-0.000004,0.000002,-0.000003,0.000002,-0.000001,0.000002,-0.000001,0.000001,-0.000000,0.000000,-0.000000,-0.000000,0.000000,-0.000000,-0.000000,-0.000000,-0.000000,-0.000000,0.000001,-0.000002,0.000001,-0.000002,0.000000,-0.000002,-0.000001,-0.000001,0.000000,-0.000001,0.000000,-0.000000,0.000001,0.000000,0.000002,-0.000000,0.000002,0.000001,0.000003,-0.000001,0.000002,-0.000002,0.000002,-0.000002,-0.000001,-0.000000,-0.000001,0.000001,-0.000002,0.000001,-0.000001,0.000002,-0.000004,0.000000,0.000000,0.000000
0.000000,0.000000,0.000000,0.000000,-0.000000,0.000000,-0.000000,0.000000,-0.000001,-0.000000,-0.000001,0.000001,-0.000003,0.000002,-0.000003,0.000003,-0.000004,0.000004,-0.000005,0.000005,-0.000007,0.000008,-0.000009,0.000012,-0.000013,0.000017,-0.000015,0.000023,-0.000016,0.000042,-0.000047,0.000165,-0.000195,0.000285,-0.000355,0.000415,0.003333,0.003333,0.003333,0.003331,0.003402,0.003010,0.001601,0.000478,0.000037,-0.000053,0.000036,0.000007,0.000010,-0.000000,0.000006,-0.000002,0.000003,-0.000002,0.000002,-0.000001,0.000001,-0.000001,0.000001,-0.000001,0.000000,0.000000,-0.000000,0.000001,-0.000000,0.000000,-0.000000,0.000000,0.000000,0.000001,0.000001,0.000000,0.000001,0.000001,0.000000,0.000000,-0.000000,0.000000,-0.000001,-0.000001,-0.000000,-0.000001,-0.000002,0.000001,-0.000003,0.000001,-0.000002,0.000002,-0.000002,0.000002,-0.000000,0.000001,0.000003,-0.000002,0.000003,-0.000002,0.000003,-0.000002,0.000003,-0.000000,0.000000,0.000000,0.000000
0.000000,0.000000,0.000000,0.000001,-0.000001,0.000001,-0.000001,0.000001,-0.000001,0.000002,-0.000001,0.000002,-0.000001,0.000002,-0.000001,0.000001,-0.000002,0.000003,-0.000003,0.000004,-0.000004,0.000006,-0.000007,0.000006,-0.000009,0.000007,-0.000011,0.000002,-0.000014,-0.000002,-0.000065,0.000072,-0.000275,0.000529,-0.000414,0.000221,0.003331,0.003332,0.003331,0.003330,0.003377,0.003173,0.002204,0.000746,-0.000091,-0.000052,0.000011,-0.000025,-0.000001,-0.000009,-0.000002,-0.000004,0.000001,-0.000002,0.000001,-0.000001,0.000001,-0.000001,0.000000,0.000000,-0.000001,-0.000000,-0.000001,0.000000,-0.000000,-0.000001,-0.000000,0.000000,-0.000001,0.000001,-0.000003,0.000001,-0.000001,0.000001,-0.000001,0.000000,-0.000000,0.000002,-0.000000,0.000002,-0.000000,0.000002,0.000000,0.000003,-0.000001,0.000003,-0.000002,0.000002,-0.000002,0.000001,-0.000001,-0.000001,0.000000,-0.000003,0.000001,-0.000002,0.000001,-0.000002,0.000001,-0.000001,0.000000,0.000000,0.000000
0.000000,0.000000,0.000000,-0.000000,0.000000,0.000000,-0.000000,-0.000000,-0.000001,0.000000,-0.000001,0.000001,-0.000002,0.000002,-0.000002,0.000002,-0.000003,0.000003,-0.000004,0.000004,-0.000004,0.000003,-0.000002,0.000003,0.000002,-0.000003,0.000019,-0.000021,0.000060,-0.000051,0.000123,-0.000019,-0.000182,0.000233,-0.000183,-0.000001,0.001868,0.003195,0.003402,0.003377,0.003499,0.003387,0.002264,0.000796,0.000044,0.000033,0.000005,-0.000008,0.000022,-0.000003,0.000010,-0.000001,0.000004,-0.000001,0.000003,-0.000001,0.000001,-0.000001,0.000001,-0.000001,0.000001,0.000001,-0.000000,0.000001,-0.000000,0.000001,0.000000,-0.000000,0.000000,0.000000,0.000002,-0.000000,0.000001,-0.000001,0.000000,-0.000000,-0.000001,-0.000002,-0.000000,-0.000002,-0.000001,0.000000,-0.000003,0.000001,-0.000004,0.000003,-0.000003,0.000003,-0.000001,0.000001,0.000002,-0.000002,0.000004,-0.000002,0.000004,-0.000003,0.000003,-0.000002,0.000002,-0.000001,0.000000,0.000000,0.000000
