0.000000,0.000000,0.000000,0.000000,0.000000,0.000000,0.000000,0.000000,0.000000,0.000000,0.000000,0.000000,0.000000,0.000000,0.000000,0.000000,0.000000,0.000000,0.000000,0.000000,0.000000,0.000000,0.000000,0.000000,0.000000,0.000000,0.000000,0.000000,0.000000,0.000000,0.000000,0.000000,0.000000,0.000000,0.000000,0.000000,0.000000,0.000000,0.000000,0.000000,0.000000,0.000000,0.000000,0.000000,0.000000,0.000000,0.000000,0.000000,0.000000,0.000000,0.000000,0.000000,0.000000,0.000000,0.000000,0.000000,0.000000,0.000000,0.000000,0.000000,0.000000,0.000000,0.000000,0.000000,0.000000,0.000000,0.000000,0.000000,0.000000,0.000000,0.000000,0.000000,0.000000,0.000000,0.000000,0.000000,0.000000,0.000000,0.000000,0.000000,0.000000,0.000000,0.000000,0.000000,0.000000,0.000000,0.000000,0.000000,0.000000,0.000000,0.000000,0.000000,0.000000,0.000000,0.000000,0.000000,0.000000,0.000000,0.000000,0.000000,0.000000,0.000000,0.000000
0.000000,0.000000,0.000000,0.000000,0.000000,0.000000,0.000000,0.000000,0.000000,0.000000,0.000000,0.000000,0.000000,0.000000,0.000000,0.000000,0.000000,0.000000,0.000000,0.000000,0.000000,0.000000,0.000000,0.000000,0.000000,0.000000,0.000000,0.000000,0.000000,0.000000,0.000000,0.000000,0.000000,0.000000,0.000000,0.000000,0.000000,0.000000,0.000000,0.000000,0.000000,0.000000,0.000000,0.000000,0.000000,0.000000,0.000000,0.000000,0.000000,0.000000,0.000000,-0.000002,0.000000,0.000000,0.000000,0.000000,0.000000,0.000000,0.000000,0.000000,0.000000,0.000000,0.000000,0.000000,0.000000,0.000000,0.000000,0.000000,0.000000,0.000000,0.000000,0.000000,0.000000,0.000000,0.000000,0.000000,0.000000,0.000000,0.000000,0.000000,0.000000,0.000000,0.000000,0.000000,0.000000,0.000000,0.000000,0.000000,0.000000,0.000000,0.000000,0.000000,0.000000,0.000000,0.000000,0.000000,0.000000,0.000000,0.000000,0.000000,0.000000,0.000000,0.000000
0.000000,0.000000,0.000000,0.000000,0.000000,0.000000,0.000000,0.000000,0.000000,0.000000,0.000000,0.000000,0.000000,0.000000,0.000000,0.000000,0.000000,0.000000,0.000000,0.000000,0.000000,0.000000,0.000000,0.000000,0.000000,0.000000,0.000000,0.000000,0.000000,0.000000,0.000000,0.000000,0.000000,0.000000,0.000000,0.000000,0.000000,0.000000,0.000000,0.000000,0.000000,0.000000,-0.000000,-0.000001,-0.000000,-0.000001,-0.000001,-0.000000,-0.000002,0.000000,0.000003,-0.000001,-0.000002,0.000000,-0.000001,0.000000,-0.000000,0.000000,0.000000,0.000000,0.000004,0.000000,0.000000,0.000000,0.000000,0.000000,0.000000,0.000000,0.000000,0.000000,0.000000,0.000000,0.000000,0.000000,0.000000,0.000000,0.000000,0.000000,0.000000,0.000000,0.000000,0.000000,0.000000,0.000000,0.000000,0.000000,0.000000,0.000000,0.000000,0.000000,0.000000,0.000000,0.000000,0.000000,0.000000,0.000000,0.000000,0.000000,0.000000,0.000000,0.000000,0.000000,0.000000
0.000000,0.000000,0.000000,0.000000,0.000000,0.000000,0.000000,0.000000,0.000000,0.000000,0.000000,0.000000,0.000000,0.000000,0.000000,0.000000,0.000000,0.000000,0.000000,0.000000,0.000000,0.000000,0.000000,0.000000,0.000000,0.000000,0.000000,0.000000,0.000000,0.000000,0.000000,0.000000,0.000000,0.000000,0.000000,0.000000,0.000000,-0.000000,0.000001,0.000001,-0.000000,-0.000000,0.000001,0.000000,0.000001,0.000001,0.000001,0.000002,0.000001,-0.000000,0.000001,0.000002,0.000000,0.000001,0.000001,-0.000000,0.000000,-0.000001,-0.000000,-0.000004,-0.000001,-0.000001,-0.000002,-0.000002,0.000000,-0.000002,0.000000,0.000000,0.000000,0.000000,0.000000,0.000000,0.000000,0.000000,0.000000,0.000000,0.000000,0.000000,0.000000,0.000000,0.000000,0.000000,0.000000,0.000000,0.000000,0.000000,0.000000,0.000000,0.000000,0.000000,0.000000,0.000000,0.000000,0.000000,0.000000,0.000000,0.000000,0.000000,0.000000,0.000000,0.000000,0.000000,0.000000
0.000000,0.000000,0.000000,0.000000,0.000000,0.000000,0.000000,0.000000,0.000000,0.000000,0.000000,0.000000,0.000000,0.000000,0.000000,0.000000,0.000000,0.000000,0.000000,0.000000,0.000000,0.000000,0.000000,0.000000,0.000000,0.000000,0.000000,0.000000,0.000000,0.000000,0.000000,0.000000,0.000000,0.000000,-0.000000,0.000000,-0.000000,-0.000000,-0.000002,0.000000,-0.000001,-0.000000,-0.000001,-0.000000,-0.000001,-0.000001,-0.000002,-0.000001,-0.000000,-0.000001,-0.000002,-0.000001,-0.000001,0.000000,-0.000000,0.000000,0.000001,0.000001,0.000002,0.000002,0.000001,0.000003,0.000003,0.000001,0.000003,0.000005,0.000001,-0.000002,-0.000001,0.000000,0.000000,0.000000,0.000000,0.000000,0.000000,0.000000,0.000000,0.000000,0.000000,0.000000,0.000000,0.000000,0.000000,0.000000,0.000000,0.000000,0.000000,0.000000,0.000000,0.000000,0.000000,0.000000,0.000000,0.000000,0.000000,0.000000,0.000000,0.000000,0.000000,0.000000,0.000000,0.000000,0.000000
0.000000,0.000000,0.000000,0.000000,0.000000,0.000000,0.000000,0.000000,0.000000,0.000000,0.000000,0.000000,0.000000,0.000000,0.000000,0.000000,0.000000,0.000000,0.000000,0.000000,0.000000,0.000000,0.000000,0.000000,0.000000,0.000000,0.000000,0.000000,0.000000,0.000000,0.000000,0.000000,0.000001,0.000000,0.000001,0.000001,0.000000,0.000001,0.000001,0.000001,0.000001,0.000001,0.000001,0.000001,0.000001,0.000002,0.000001,0.000000,0.000001,0.000002,0.000000,0.000002,0.000000,-0.000001,0.000000,-0.000001,-0.000001,-0.000003,-0.000001,-0.000002,-0.000002,-0.000004,-0.000001,-0.000003,-0.000003,-0.000002,0.000002,-0.000000,-0.000004,-0.000000,0.000005,0.000000,0.000000,0.000000,0.000000,0.000000,0.000000,0.000000,0.000000,0.000000,0.000000,0.000000,0.000000,0.000000,0.000000,0.000000,0.000000,0.000000,0.000000,0.000000,0.000000,0.000000,0.000000,0.000000,0.000000,0.000000,0.000000,0.000000,0.000000,0.000000,0.000000,0.000000,0.000000
0.000000,0.000000,0.000000,0.000000,0.000000,0.000000,0.000000,0.000000,0.000000,0.000000,0.000000,0.000000,0.000000,0.000000,0.000000,0.000000,0.000000,0.000000,0.000000,0.000000,0.000000,0.000000,0.000000,0.000000,0.000000,0.000000,0.000000,0.000000,0.000000,0.000000,0.000000,-0.000001,-0.000002,-0.000000,-0.000001,-0.000001,-0.000002,0.000000,-0.000001,0.000000,-0.000002,0.000000,-0.000002,0.000000,-0.000002,-0.000001,-0.000001,-0.000001,-0.000002,-0.000001,-0.000001,-0.000001,0.000000,-0.000000,0.000001,0.000001,0.000003,0.000002,0.000003,0.000002,0.000004,0.000001,0.000003,0.000003,0.000001,-0.000000,-0.000000,0.000002,-0.000001,-0.000002,0.000002,0.000000,-0.000004,0.000000,0.000000,0.000000,0.000000,0.000000,0.000000,0.000000,0.000000,0.000000,0.000000,0.000000,0.000000,0.000000,0.000000,0.000000,0.000000,0.000000,0.000000,0.000000,0.000000,0.000000,0.000000,0.000000,0.000000,0.000000,0.000000,0.000000,0.000000,0.000000,0.000000
0.000000,0.000000,0.000000,0.000000,0.000000,0.000000,0.000000,0.000000,0.000000,0.000000,0.000000,0.000000,0.000000,0.000000,0.000000,0.000000,0.000000,0.000000,0.000000,0.000000,0.000000,0.000000,0.000000,0.000000,0.000000,0.000000,0.000000,0.000000,-0.000001,0.000001,0.000003,0.000001,0.000001,0.000002,0.000001,0.000001,0.000001,0.000001,0.000001,0.000001,0.000001,0.000002,0.000001,0.000001,0.000001,0.000001,0.000001,0.000001,0.000001,0.000001,0.000000,0.000000,-0.000000,-0.000001,0.000000,-0.000003,-0.000002,-0.000003,-0.000002,-0.000004,-0.000002,-0.000004,-0.000001,-0.000002,0.000002,-0.000001,-0.000000,0.000000,0.000002,0.000000,0.000000,0.000002,-0.000003,0.000001,0.000002,0.000000,0.000000,0.000000,0.000000,0.000000,0.000000,0.000000,0.000000,0.000000,0.000000,0.000000,0.000000,0.000000,0.000000,0.000000,0.000000,0.000000,0.000000,0.000000,0.000000,0.000000,0.000000,0.000000,0.000000,0.000000,0.000000,0.000000,0.000000
0.000000,0.000000,0.000000,0.000000,0.000000,0.000000,0.000000,0.000000,0.000000,0.000000,0.000000,0.000000,0.000000,0.000000,0.000000,0.000000,0.000000,0.000000,0.000000,0.000000,0.000000,0.000000,0.000000,0.000000,0.000000,0.000000,0.000002,-0.000002,-0.000003,-0.000001,-0.000001,-0.000001,-0.000002,-0.000001,-0.000002,-0.000000,-0.000002,-0.000001,-0.000002,0.000000,-0.000002,-0.000000,-0.000003,-0.000001,-0.000001,-0.000001,-0.000002,-0.000001,-0.000000,-0.000001,-0.000000,-0.000000,0.000001,0.000000,0.000003,0.000002,0.000003,0.000002,0.000005,0.000001,0.000005,0.000002,0.000001,-0.000001,-0.000001,0.000000,-0.000001,-0.000002,0.000001,-0.000001,-0.000002,0.000001,-0.000000,-0.000001,0.000001,0.000000,-0.000003,0.000000,0.000000,0.000000,0.000000,0.000000,0.000000,0.000000,0.000000,0.000000,0.000000,0.000000,0.000000,0.000000,0.000000,0.000000,0.000000,0.000000,0.000000,0.000000,0.000000,0.000000,0.000000,0.000000,0.000000,0.000000,0.000000
0.000000,0.000000,0.000000,0.000000,0.000000,0.000000,0.000000,0.000000,0.000000,0.000000,0.000000,0.000000,0.000000,0.000000,0.000000,0.000000,0.000000,0.000000,0.000000,0.000000,0.000000,0.000000,0.000000,0.000000,-0.000004,0.000001,0.000004,0.000001,0.000001,0.000002,0.000000,0.000002,0.000002,0.000002,0.000002,0.000002,0.000001,0.000001,0.000001,0.000002,0.000001,0.000001,0.000002,0.000002,0.000001,0.000001,0.000001,0.000002,0.000001,0.000000,-0.000000,0.000000,-0.000001,-0.000002,-0.000002,-0.000003,-0.000002,-0.000004,-0.000003,-0.000003,-0.000002,-0.000002,0.000001,0.000000,0.000002,0.000001,0.000002,0.000001,0.000001,0.000001,-0.000001,0.000002,0.000001,-0.000001,-0.000000,0.000002,-0.000000,0.000000,0.000001,0.000000,0.000000,0.000000,0.000000,0.000000,0.000000,0.000000,0.000000,0.000000,0.000000,0.000000,0.000000,0.000000,0.000000,0.000000,0.000000,0.000000,0.000000,0.000000,0.000000,0.000000,0.000000,0.000000,0.000000
0.000000,0.000000,0.000000,0.000000,0.000000,0.000000,0.000000,0.000000,0.000000,0.000000,0.000000,0.000000,0.000000,0.000000,0.000000,0.000000,0.000000,0.000000,0.000000,0.000000,0.000000,0.000000,0.000000,0.000001,-0.000002,0.000001,-0.000000,-0.000003,-0.000000,-0.000001,-0.000003,-0.000001,-0.000002,-0.000002,-0.000002,-0.000002,-0.000002,-0.000001,-0.000002,-0.000001,-0.000003,-0.000001,-0.000001,-0.000001,-0.000002,-0.000001,-0.000001,-0.000001,-0.000001,0.000000,0.000001,0.000001,0.000002,0.000001,0.000004,0.000003,0.000005,0.000002,0.000005,0.000001,0.000002,-0.000001,-0.000001,-0.000001,-0.000003,-0.000002,-0.000001,-0.000001,-0.000001,0.000000,0.000000,-0.000000,-0.000000,-0.000000,-0.000000,0.000000,-0.000001,-0.000001,0.000000,0.000000,0.000000,0.000000,0.000000,0.000000,0.000000,0.000000,0.000000,0.000000,0.000000,0.000000,0.000000,0.000000,0.000000,0.000000,0.000000,0.000000,0.000000,0.000000,0.000000,0.000000,0.000000,0.000000,0.000000
0.000000,0.000000,0.000000,0.000000,0.000000,0.000000,0.000000,0.000000,0.000000,0.000000,0.000000,0.000000,0.000000,0.000000,0.000000,0.000000,0.000000,0.000000,0.000000,0.000000,0.000000,-0.000004,-0.000000,0.000002,0.000000,0.000000,-0.000000,0.000000,0.000002,0.000001,0.000002,0.000002,0.000001,0.000002,0.000002,0.000001,0.000002,0.000001,0.000001,0.000002,0.000002,0.000002,0.000001,0.000002,0.000001,0.000002,0.000001,-0.000000,0.000001,-0.000001,-0.000000,-0.000003,-0.000003,-0.000003,-0.000003,-0.000005,-0.000003,-0.000004,-0.000002,-0.000002,0.000000,0.000001,0.000003,0.000002,0.000002,0.000002,0.000001,0.000001,-0.000001,0.000002,-0.000000,-0.000001,-0.000001,0.000002,-0.000000,0.000000,-0.000000,0.000001,-0.000000,-0.000001,-0.000000,0.000002,0.000000,0.000000,0.000000,0.000000,0.000000,0.000000,0.000000,0.000000,0.000000,0.000000,0.000000,0.000000,0.000000,0.000000,0.000000,0.000000,0.000000,0.000000,0.000000,0.000000,0.000000
0.000000,0.000000,0.000000,0.000000,0.000000,0.000000,0.000000,0.000000,0.000000,0.000000,0.000000,0.000000,0.000000,0.000000,0.000000,0.000000,0.000000,0.000000,0.000000,0.000000,0.000004,0.000001,0.000003,0.000002,-0.000001,0.000001,0.000000,0.000001,-0.000001,-0.000002,-0.000001,-0.000002,-0.000003,-0.000002,-0.000002,-0.000002,-0.000003,-0.000001,-0.000002,-0.000002,-0.000002,-0.000002,-0.000002,-0.000001,-0.000000,-0.000002,-0.000002,0.000001,0.000001,0.000001,0.000002,0.000002,0.000005,0.000003,0.000005,0.000003,0.000006,0.000002,0.000003,-0.000002,-0.000001,-0.000003,-0.000003,-0.000003,-0.000002,-0.000000,-0.000003,0.000000,-0.000000,-0.000000,-0.000000,0.000000,0.000000,0.000001,-0.000001,-0.000000,0.000000,0.000000,-0.000001,-0.000000,-0.000001,0.000001,-0.000001,0.000000,0.000000,0.000000,0.000000,0.000000,0.000000,0.000000,0.000000,0.000000,0.000000,0.000000,0.000000,0.000000,0.000000,0.000000,0.000000,0.000000,0.000000,0.000000,0.000000
0.000000,0.000000,0.000000,0.000000,0.000000,0.000000,0.000000,0.000000,0.000000,0.000000,0.000000,0.000000,0.000000,0.000000,0.000000,0.000000,0.000000,0.000000,0.000000,-0.000003,-0.000003,-0.000003,-0.000003,-0.000004,-0.000002,-0.000001,-0.000000,-0.000000,0.000001,0.000001,0.000002,0.000002,0.000003,0.000002,0.000003,0.000002,0.000003,0.000002,0.000003,0.000002,0.000002,0.000002,0.000002,0.000001,0.000001,0.000001,0.000001,-0.000001,-0.000000,-0.000004,-0.000002,-0.000004,-0.000004,-0.000007,-0.000003,-0.000007,-0.000002,-0.000003,0.000000,0.000002,0.000003,0.000004,0.000002,0.000003,0.000002,0.000001,0.000000,0.000002,-0.000000,-0.000000,-0.000001,0.000001,-0.000001,-0.000001,-0.000000,0.000001,-0.000001,-0.000000,-0.000001,0.000002,-0.000000,0.000000,-0.000000,-0.000000,0.000000,0.000000,0.000000,0.000000,0.000000,0.000000,0.000000,0.000000,0.000000,0.000000,0.000000,0.000000,0.000000,0.000000,0.000000,0.000000,0.000000,0.000000,0.000000
0.000000,0.000000,0.000000,0.000000,0.000000,0.000000,0.000000,0.000000,0.000000,0.000000,0.000000,0.000000,0.000000,0.000000,0.000000,0.000000,0.000000,0.000000,0.000000,0.000005,0.000004,0.000006,0.000004,0.000004,0.000004,0.000003,-0.000000,0.000001,0.000000,-0.000001,-0.000002,-0.000002,-0.000002,-0.000003,-0.000003,-0.000003,-0.000002,-0.000003,-0.000002,-0.000003,-0.000001,-0.000002,-0.000002,-0.000002,-0.000001,-0.000000,0.000001,0.000000,0.000002,0.000003,0.000006,0.000004,0.000007,0.000005,0.000008,0.000003,0.000003,-0.000001,-0.000002,-0.000004,-0.000004,-0.000004,-0.000003,-0.000001,-0.000002,-0.000000,-0.000001,0.000000,-0.000001,0.000001,0.000000,0.000001,-0.000001,0.000002,0.000000,0.000001,-0.000001,0.000000,0.000000,0.000000,-0.000001,0.000000,0.000000,0.000000,0.000000,0.000000,0.000000,0.000000,0.000000,0.000000,0.000000,0.000000,0.000000,0.000000,0.000000,0.000000,0.000000,0.000000,0.000000,0.000000,0.000000,0.000000,0.000000
0.000000,0.000000,0.000000,0.000000,0.000000,0.000000,0.000000,0.000000,0.000000,0.000000,0.000000,0.000000,0.000000,0.000000,0.000000,0.000000,0.000000,0.000005,-0.000006,-0.000002,-0.000007,-0.000005,-0.000007,-0.000006,-0.000005,-0.000004,-0.000002,-0.000002,-0.000000,-0.000000,0.000002,0.000001,0.000003,0.000002,0.000004,0.000003,0.000003,0.000002,0.000003,0.000003,0.000002,0.000001,0.000002,0.000002,0.000001,-0.000000,-0.000001,-0.000003,-0.000002,-0.000005,-0.000004,-0.000010,-0.000004,-0.000009,-0.000004,-0.000005,0.000000,0.000003,0.000004,0.000006,0.000003,0.000004,0.000001,0.000002,-0.000000,0.000001,0.000001,0.000001,-0.000001,0.000001,-0.000001,-0.000001,-0.000001,0.000000,-0.000001,-0.000000,-0.000001,0.000002,-0.000000,-0.000000,-0.000001,0.000002,-0.000001,0.000000,-0.000000,-0.000000,0.000000,0.000000,0.000000,0.000000,0.000000,0.000000,0.000000,0.000000,0.000000,0.000000,0.000000,0.000000,0.000000,0.000000,0.000000,0.000000,0.000000
0.000000,0.000000,0.000000,0.000000,0.000000,0.000000,0.000000,0.000000,0.000000,0.000000,0.000000,0.000000,0.000000,0.000000,0.000000,0.000000,-0.000009,0.000002,-0.000004,0.000006,0.000004,0.000008,0.000008,0.000007,0.000007,0.000005,0.000005,0.000003,0.000002,0.000001,-0.000000,-0.000001,-0.000002,-0.000003,-0.000004,-0.000004,-0.000004,-0.000003,-0.000003,-0.000003,-0.000002,-0.000002,-0.000001,-0.000001,-0.000000,-0.000000,0.000003,0.000002,0.000006,0.000004,0.000009,0.000006,0.000010,0.000005,0.000005,0.000001,-0.000002,-0.000006,-0.000006,-0.000005,-0.000004,-0.000002,-0.000002,0.000000,-0.000002,0.000001,-0.000001,0.000000,-0.000000,0.000001,-0.000001,0.000001,0.000001,0.000001,-0.000001,0.000000,0.000000,0.000001,-0.000001,-0.000000,0.000001,-0.000001,-0.000001,-0.000001,0.000000,-0.000000,0.000000,0.000000,0.000000,0.000000,0.000000,0.000000,0.000000,0.000000,0.000000,0.000000,0.000000,0.000000,0.000000,0.000000,0.000000,0.000000,0.000000
0.000000,0.000000,0.000000,0.000000,0.000000,0.000000,0.000000,0.000000,0.000000,0.000000,0.000000,0.000000,0.000000,0.000000,0.000000,0.000005,0.000002,0.000011,-0.000003,0.000006,-0.000007,-0.000005,-0.000009,-0.000008,-0.000008,-0.000007,-0.000006,-0.000005,-0.000003,-0.000002,0.000000,-0.000000,0.000003,0.000002,0.000005,0.000003,0.000004,0.000004,0.000003,0.000003,0.000004,0.000002,0.000001,0.000000,0.000000,-0.000002,-0.000002,-0.000005,-0.000005,-0.000010,-0.000007,-0.000012,-0.000006,-0.000008,-0.000001,0.000003,0.000005,0.000008,0.000005,0.000006,0.000001,0.000003,-0.000000,0.000002,0.000000,-0.000000,-0.000000,0.000001,-0.000000,-0.000001,-0.000001,-0.000000,-0.000000,-0.000001,-0.000000,0.000001,-0.000000,-0.000000,-0.000001,0.000002,-0.000001,0.000000,-0.000001,0.000001,-0.000000,0.000000,0.000000,0.000000,0.000000,0.000000,0.000000,0.000000,0.000000,0.000000,0.000000,0.000000,0.000000,0.000000,0.000000,0.000000,0.000000,0.000000,0.000000
0.000000,0.000000,0.000000,0.000000,0.000000,0.000000,0.000000,0.000000,0.000000,0.000000,0.000000,0.000000,0.000000,0.000000,0.000000,-0.000006,-0.000004,-0.000003,-0.000014,0.000001,-0.000006,0.000006,0.000008,0.000010,0.000011,0.000009,0.000010,0.000006,0.000006,0.000003,0.000001,0.000000,-0.000001,-0.000003,-0.000004,-0.000004,-0.000004,-0.000005,-0.000004,-0.000004,-0.000002,-0.000002,-0.000001,-0.000001,0.000002,0.000003,0.000004,0.000005,0.000011,0.000007,0.000014,0.000007,0.000009,0.000003,-0.000003,-0.000007,-0.000010,-0.000006,-0.000007,-0.000002,-0.000004,0.000001,-0.000002,0.000001,-0.000002,0.000001,-0.000001,0.000001,-0.000000,0.000000,0.000001,0.000001,-0.000001,0.000001,0.000000,-0.000000,-0.000002,0.000000,0.000001,-0.000000,-0.000000,-0.000000,0.000001,-0.000000,-0.000001,-0.000001,0.000000,-0.000001,-0.000000,0.000000,0.000000,0.000000,0.000000,0.000000,0.000000,0.000000,0.000000,0.000000,0.000000,0.000000,0.000000,0.000000,0.000000
0.000000,0.000000,0.000000,0.000000,0.000000,0.000000,0.000000,0.000000,0.000000,0.000000,0.000000,0.000000,0.000000,-0.000003,0.000005,-0.000002,0.000006,0.000006,0.000001,0.000022,-0.000001,0.000010,-0.000007,-0.000010,-0.000011,-0.000013,-0.000011,-0.000010,-0.000007,-0.000006,-0.000003,-0.000002,0.000001,0.000001,0.000004,0.000004,0.000006,0.000004,0.000006,0.000004,0.000002,0.000002,0.000001,-0.000001,-0.000002,-0.000005,-0.000005,-0.000011,-0.000008,-0.000015,-0.000010,-0.000012,-0.000004,0.000003,0.000007,0.000011,0.000008,0.000008,0.000001,0.000005,-0.000001,0.000003,-0.000001,0.000001,-0.000001,0.000001,-0.000001,0.000000,-0.000001,0.000001,-0.000001,-0.000000,-0.000001,0.000000,-0.000001,-0.000000,-0.000000,0.000001,-0.000000,0.000000,-0.000000,0.000001,-0.000000,0.000000,-0.000000,0.000002,0.000000,-0.000000,-0.000000,0.000001,0.000000,0.000000,0.000000,0.000000,0.000000,0.000000,0.000000,0.000000,0.000000,0.000000,0.000000,0.000000,0.000000
0.000000,0.000000,0.000000,0.000000,0.000000,0.000000,0.000000,0.000000,0.000000,0.000000,0.000000,0.000000,0.000004,-0.000003,0.000004,-0.000007,0.000004,-0.000007,-0.000006,-0.000001,-0.000029,-0.000001,-0.000011,0.000007,0.000015,0.000012,0.000016,0.000012,0.000012,0.000007,0.000007,0.000004,0.000002,-0.000002,-0.000003,-0.000005,-0.000007,-0.000006,-0.000006,-0.000005,-0.000003,-0.000002,0.000001,0.000001,0.000005,0.000006,0.000011,0.000008,0.000018,0.000010,0.000016,0.000006,-0.000002,-0.000008,-0.000013,-0.000009,-0.000009,-0.000003,-0.000005,0.000001,-0.000003,0.000001,-0.000002,0.000001,-0.000001,0.000001,-0.000000,0.000000,0.000000,0.000001,-0.000001,0.000000,0.000000,0.000001,-0.000001,0.000001,0.000000,0.000000,-0.000002,0.000000,-0.000000,-0.000000,-0.000001,-0.000000,0.000000,-0.000000,-0.000001,0.000000,0.000000,-0.000001,-0.000001,0.000000,0.000000,0.000000,0.000000,0.000000,0.000000,0.000000,0.000000,0.000000,0.000000,0.000000,0.000000
0.000000,0.000000,0.000000,0.000000,0.000000,0.000000,0.000000,0.000000,0.000000,0.000000,0.000000,-0.000004,0.000001,-0.000003,0.000006,-0.000005,0.000008,-0.000005,0.000006,0.000010,-0.000001,0.000040,0.000002,0.000014,-0.000008,-0.000018,-0.000016,-0.000019,-0.000014,-0.000013,-0.000009,-0.000008,-0.000004,-0.000001,0.000003,0.000004,0.000010,0.000007,0.000008,0.000005,0.000004,0.000001,-0.000001,-0.000005,-0.000005,-0.000012,-0.000009,-0.000020,-0.000012,-0.000019,-0.000009,0.000001,0.000009,0.000015,0.000011,0.000011,0.000002,0.000006,-0.000001,0.000004,-0.000003,0.000002,-0.000001,0.000001,-0.000001,0.000001,-0.000001,0.000000,0.000000,-0.000001,-0.000000,-0.000000,0.000000,0.000000,-0.000000,0.000001,0.000000,0.000000,-0.000000,0.000001,0.000000,0.000001,-0.000000,0.000002,-0.000000,-0.000000,0.000000,0.000001,-0.000000,0.000000,0.000000,0.000002,0.000000,0.000000,0.000000,0.000000,0.000000,0.000000,0.000000,0.000000,0.000000,0.000000,0.000000
0.000000,0.000000,0.000000,0.000000,0.000000,0.000000,0.000000,0.000000,0.000000,0.000000,0.000000,-0.000000,0.000003,-0.000003,0.000004,-0.000007,0.000008,-0.000009,0.000008,-0.000007,-0.000011,0.000002,-0.000052,-0.000007,-0.000016,0.000007,0.000027,0.000019,0.000023,0.000016,0.000017,0.000010,0.000009,0.000004,-0.000000,-0.000004,-0.000010,-0.000008,-0.000010,-0.000007,-0.000002,-0.000001,0.000004,0.000004,0.000013,0.000010,0.000022,0.000013,0.000025,0.000012,-0.000000,-0.000011,-0.000018,-0.000015,-0.000012,-0.000003,-0.000007,0.000002,-0.000004,0.000002,-0.000002,0.000003,-0.000002,0.000001,-0.000001,0.000000,-0.000000,0.000001,-0.000000,0.000001,0.000000,0.000001,-0.000001,-0.000001,0.000001,0.000000,-0.000001,-0.000000,0.000000,-0.000000,-0.000002,-0.000000,-0.000001,-0.000000,-0.000001,0.000000,0.000000,-0.000001,-0.000001,0.000000,-0.000001,-0.000000,0.000000,0.000000,0.000000,0.000000,0.000000,0.000000,0.000000,0.000000,0.000000,0.000000,0.000000
0.000000,0.000000,0.000000,0.000000,0.000000,0.000000,0.000000,0.000000,0.000000,0.000000,0.000001,0.000002,0.000002,-0.000004,0.000004,-0.000006,0.000007,-0.000008,0.000010,-0.000010,0.000007,0.000014,-0.000007,0.000070,0.000012,0.000019,-0.000007,-0.000033,-0.000024,-0.000027,-0.000021,-0.000019,-0.000014,-0.000009,-0.000003,0.000001,0.000013,0.000009,0.000013,0.000007,0.000003,-0.000003,-0.000004,-0.000013,-0.000011,-0.000025,-0.000014,-0.000032,-0.000016,-0.000001,0.000012,0.000022,0.000019,0.000014,0.000004,0.000007,-0.000002,0.000005,-0.000003,0.000004,-0.000002,0.000001,-0.000001,0.000001,-0.000000,0.000000,-0.000000,0.000000,0.000000,-0.000001,0.000000,0.000000,-0.000000,0.000000,0.000000,0.000000,-0.000000,0.000002,-0.000001,0.000001,-0.000000,0.000002,0.000001,-0.000000,0.000000,0.000001,0.000000,-0.000000,-0.000000,0.000001,-0.000000,-0.000002,-0.000000,0.000000,0.000000,0.000000,0.000000,0.000000,0.000000,0.000000,0.000000,0.000000,0.000000
0.000000,0.000000,0.000000,0.000000,0.000000,0.000000,0.000000,0.000000,0.000000,-0.000004,-0.000002,0.000000,-0.000001,-0.000002,0.000004,-0.000005,0.000007,-0.000008,0.000011,-0.000011,0.000015,-0.000008,-0.000016,0.000012,-0.000089,-0.000022,-0.000023,0.000005,0.000043,0.000029,0.000034,0.000024,0.000025,0.000014,0.000012,0.000003,-0.000015,-0.000013,-0.000013,-0.000009,0.000002,0.000003,0.000015,0.000011,0.000028,0.000017,0.000040,0.000020,0.000003,-0.000014,-0.000026,-0.000025,-0.000017,-0.000004,-0.000008,0.000002,-0.000005,0.000002,-0.000003,0.000002,-0.000002,0.000001,-0.000000,0.000001,-0.000000,0.000000,0.000000,-0.000000,0.000000,0.000000,-0.000001,-0.000000,0.000001,-0.000000,-0.000000,-0.000001,0.000000,-0.000001,-0.000001,-0.000001,-0.000000,-0.000000,-0.000002,-0.000000,-0.000001,-0.000000,-0.000001,0.000001,-0.000000,0.000000,0.000000,0.000001,-0.000000,0.000002,0.000000,0.000000,0.000000,0.000000,0.000000,0.000000,0.000000,0.000000,0.000000
0.000000,0.000000,0.000000,0.000000,0.000000,0.000000,0.000000,0.000000,0.000000,0.000001,0.000001,0.000000,0.000001,-0.000001,0.000003,-0.000004,0.000005,-0.000007,0.000009,-0.000013,0.000012,-0.000018,0.000007,0.000019,-0.000022,0.000114,0.000036,0.000029,-0.000002,-0.000051,-0.000038,-0.000039,-0.000032,-0.000028,-0.000021,-0.000013,0.000018,0.000012,0.000019,0.000006,-0.000002,-0.000016,-0.000014,-0.000033,-0.000020,-0.000050,-0.000028,-0.000005,0.000017,0.000034,0.000033,0.000019,0.000005,0.000008,-0.000002,0.000004,-0.000003,0.000003,-0.000002,0.000001,-0.000001,0.000001,-0.000000,0.000000,-0.000001,0.000001,0.000001,-0.000001,0.000000,-0.000000,0.000001,-0.000001,0.000000,0.000001,-0.000001,0.000001,-0.000001,0.000001,-0.000001,0.000002,-0.000000,0.000001,-0.000001,0.000002,0.000001,-0.000000,0.000000,0.000001,0.000000,-0.000001,-0.000000,0.000000,-0.000001,0.000000,0.000000,0.000000,0.000000,0.000000,0.000000,0.000000,0.000000,0.000000,0.000000
0.000000,0.000000,0.000000,0.000000,0.000000,0.000000,0.000000,0.000000,0.000002,0.000004,-0.000000,-0.000000,0.000000,-0.000000,-0.000000,-0.000002,0.000005,-0.000006,0.000010,-0.000011,0.000016,-0.000016,0.000027,-0.000007,-0.000023,0.000036,-0.000140,-0.000059,-0.000036,-0.000009,0.000062,0.000043,0.000050,0.000037,0.000041,0.000021,-0.000014,-0.000017,-0.000017,-0.000010,0.000019,0.000017,0.000038,0.000025,0.000064,0.000036,0.000007,-0.000019,-0.000041,-0.000044,-0.000024,-0.000005,-0.000009,0.000003,-0.000005,0.000003,-0.000003,0.000003,-0.000001,0.000002,-0.000000,0.000001,-0.000001,0.000000,-0.000000,-0.000000,-0.000000,-0.000001,0.000000,-0.000000,0.000000,0.000001,-0.000001,-0.000000,0.000001,-0.000000,-0.000000,-0.000001,0.000001,-0.000000,-0.000001,-0.000000,-0.000000,-0.000001,-0.000001,-0.000000,-0.000000,-0.000000,-0.000000,0.000000,0.000000,0.000000,-0.000001,-0.000001,-0.000003,0.000000,0.000000,0.000000,0.000000,0.000000,0.000000,0.000000,0.000000
0.000000,0.000000,0.000000,0.000000,0.000000,0.000000,0.000000,0.000000,-0.000002,0.000001,-0.000003,0.000000,0.000001,-0.000000,0.000001,-0.000002,0.000003,-0.000005,0.000006,-0.000010,0.000012,-0.000019,0.000019,-0.000033,0.000005,0.000029,-0.000059,0.000166,0.000087,0.000052,0.000022,-0.000064,-0.000053,-0.000053,-0.000053,-0.000044,0.000022,0.000010,0.000025,0.000001,-0.000021,-0.000049,-0.000031,-0.000082,-0.000046,-0.000008,0.000022,0.000054,0.000059,0.000028,0.000006,0.000010,-0.000004,0.000004,-0.000004,0.000003,-0.000003,0.000001,-0.000001,0.000000,-0.000000,-0.000000,-0.000001,0.000001,0.000000,-0.000001,0.000000,0.000001,0.000001,-0.000001,-0.000000,0.000001,-0.000000,-0.000000,-0.000000,0.000001,-0.000001,0.000002,-0.000001,0.000000,-0.000000,0.000001,0.000001,0.000000,0.000000,0.000001,0.000001,-0.000001,0.000000,0.000000,-0.000000,0.000000,0.000001,0.000002,0.000000,0.000000,0.000000,0.000000,0.000000,0.000000,0.000000,0.000000,0.000000
0.000000,0.000000,0.000000,0.000000,0.000000,0.000000,0.000000,-0.000001,-0.000003,0.000001,-0.000000,0.000002,-0.000001,0.000001,0.000000,-0.000000,0.000002,-0.000003,0.000006,-0.000007,0.000012,-0.000014,0.000023,-0.000024,0.000043,-0.000002,-0.000036,0.000087,-0.000183,-0.000129,-0.000068,-0.000051,0.000065,0.000047,0.000072,0.000052,-0.000021,-0.000022,-0.000016,-0.000013,0.000060,0.000043,0.000100,0.000058,0.000005,-0.000026,-0.000071,-0.000080,-0.000036,-0.000003,-0.000011,0.000005,-0.000005,0.000005,-0.000002,0.000003,-0.000000,0.000001,0.000000,0.000001,0.000000,0.000000,0.000000,0.000000,-0.000000,-0.000001,0.000000,-0.000001,-0.000000,-0.000000,0.000001,-0.000001,0.000000,0.000000,0.000000,-0.000000,0.000000,0.000000,-0.000001,0.000001,-0.000000,-0.000000,-0.000002,-0.000000,-0.000001,-0.000000,-0.000001,0.000000,-0.000000,-0.000000,-0.000001,0.000000,-0.000001,0.000000,0.000001,0.000003,0.000000,0.000000,0.000000,0.000000,0.000000,0.000000,0.000000
0.000000,0.000000,0.000000,0.000000,0.000000,0.000000,0.000000,0.000001,-0.000001,0.000002,-0.000001,0.000001,-0.000002,0.000001,-0.000001,-0.000000,0.000001,-0.000002,0.000003,-0.000006,0.000007,-0.000013,0.000016,-0.000027,0.000029,-0.000051,-0.000009,0.000052,-0.000129,0.000193,0.000166,0.000102,0.000079,-0.000041,-0.000057,-0.000059,0.000057,0.000023,0.000044,-0.000003,-0.000049,-0.000120,-0.000061,0.000003,0.000040,0.000095,0.000109,0.000044,0.000001,0.000013,-0.000007,0.000004,-0.000005,0.000002,-0.000003,-0.000001,-0.000001,-0.000000,-0.000001,-0.000001,0.000000,-0.000001,0.000001,-0.000002,0.000001,0.000001,0.000002,-0.000002,0.000001,0.000001,-0.000000,-0.000001,-0.000001,0.000001,-0.000001,0.000000,-0.000000,0.000000,-0.000001,0.000001,0.000000,0.000000,0.000000,0.000001,0.000001,-0.000000,0.000000,0.000000,0.000000,0.000001,0.000000,0.000001,-0.000001,-0.000000,-0.000001,0.000001,0.000000,0.000000,0.000000,0.000000,0.000000,0.000000,0.000000
0.000000,0.000000,0.000000,0.000000,0.000000,0.000000,0.000000,0.000003,-0.000001,0.000000,-0.000003,0.000002,-0.000001,0.000002,-0.000002,0.000002,-0.000000,0.000000,0.000001,-0.000003,0.000007,-0.000009,0.000017,-0.000021,0.000034,-0.000038,0.000062,0.000022,-0.000068,0.000166,-0.000171,-0.000210,-0.000118,-0.000134,0.000039,0.000025,-0.000102,-0.000089,-0.000050,-0.000068,0.000121,0.000061,-0.000036,-0.000059,-0.000133,-0.000149,-0.000057,0.000006,-0.000013,0.000009,-0.000004,0.000006,-0.000000,0.000002,0.000001,0.000001,0.000002,-0.000000,0.000001,0.000000,0.000001,-0.000000,-0.000000,0.000001,-0.000000,-0.000001,0.000000,-0.000001,0.000000,-0.000001,0.000000,0.000000,0.000002,-0.000000,0.000000,0.000000,0.000001,0.000000,-0.000001,-0.000000,-0.000001,0.000000,-0.000001,-0.000001,-0.000001,-0.000001,-0.000001,0.000000,-0.000001,-0.000000,-0.000000,0.000000,-0.000000,0.000001,-0.000001,-0.000003,-0.000002,0.000000,0.000000,0.000000,0.000000,0.000000,0.000000
0.000000,0.000000,0.000000,0.000000,0.000000,0.000000,-0.000001,0.000001,-0.000001,0.000002,-0.000001,0.000002,-0.000002,0.000002,-0.000002,0.000001,-0.000001,-0.000000,0.000000,-0.000002,0.000004,-0.000008,0.000010,-0.000019,0.000024,-0.000039,0.000043,-0.000064,-0.000051,0.000102,-0.000210,0.000135,0.000208,0.000150,0.000146,-0.000009,0.000208,0.000142,0.000171,0.000077,-0.000016,0.000074,0.000113,0.000180,0.000210,0.000066,-0.000019,0.000010,-0.000011,0.000003,-0.000006,0.000001,-0.000003,-0.000001,-0.000001,-0.000001,-0.000001,-0.000001,-0.000001,-0.000001,-0.000001,-0.000001,0.000001,-0.000001,0.000002,-0.000002,0.000001,0.000000,0.000001,-0.000001,-0.000000,0.000001,-0.000002,-0.000001,-0.000001,0.000001,-0.000002,0.000001,-0.000000,0.000001,-0.000000,0.000001,0.000001,0.000001,0.000001,0.000002,0.000001,-0.000000,0.000001,0.000000,-0.000000,0.000000,-0.000001,0.000001,0.000001,0.000001,-0.000000,0.000000,0.000000,0.000000,0.000000,0.000000,0.000000
0.000000,0.000000,0.000000,0.000000,0.000000,0.000001,-0.000002,0.000001,-0.000002,0.000002,-0.000002,0.000001,-0.000003,0.000003,-0.000002,0.000003,-0.000002,0.000003,-0.000001,0.000001,0.000002,-0.000004,0.000009,-0.000014,0.000025,-0.000032,0.000050,-0.000053,0.000065,0.000079,-0.000118,0.000208,-0.000046,-0.000202,-0.000105,-0.000161,-0.000221,-0.000274,-0.000198,-0.000279,-0.000186,-0.000144,-0.000256,-0.000273,-0.000081,0.000052,-0.000002,0.000012,-0.000001,0.000006,0.000002,0.000000,0.000002,0.000001,0.000002,0.000000,0.000001,0.000000,0.000001,0.000000,0.000001,0.000000,0.000000,-0.000001,0.000001,-0.000000,0.000000,-0.000000,0.000000,0.000000,0.000001,0.000000,0.000001,-0.000000,0.000002,-0.000001,0.000000,-0.000000,0.000000,-0.000000,-0.000001,-0.000001,-0.000001,-0.000001,-0.000001,-0.000001,-0.000001,-0.000001,-0.000000,0.000001,-0.000000,0.000000,-0.000000,0.000000,-0.000001,-0.000000,0.000002,0.000003,0.000000,0.000000,0.000000,0.000000,0.000000
0.000000,0.000000,0.000000,0.000000,0.000000,0.000000,-0.000000,0.000002,-0.000001,0.000002,-0.000002,0.000002,-0.000002,0.000002,-0.000003,0.000002,-0.000003,0.000002,-0.000003,0.000001,-0.000002,-0.000001,0.000004,-0.000009,0.000014,-0.000028,0.000037,-0.000053,0.000047,-0.000041,-0.000134,0.000150,-0.000202,-0.000027,0.000145,0.000023,0.000393,0.000208,0.000278,0.000526,0.000232,0.000223,0.000347,0.000065,-0.000111,-0.000019,-0.000012,-0.000004,-0.000006,-0.000003,-0.000000,-0.000003,0.000000,-0.000001,-0.000001,-0.000002,-0.000001,-0.000001,-0.000000,-0.000002,-0.000000,-0.000001,0.000000,-0.000001,0.000000,0.000000,0.000001,-0.000001,0.000000,0.000000,-0.000000,-0.000002,-0.000000,0.000001,-0.000002,0.000000,-0.000001,0.000001,-0.000001,0.000001,0.000000,0.000001,0.000002,0.000001,0.000001,0.000000,0.000001,0.000001,-0.000000,0.000000,-0.000001,0.000001,0.000001,0.000000,0.000000,-0.000001,-0.000000,-0.000001,0.000000,0.000000,0.000000,0.000000,0.000000
0.000000,0.000000,0.000000,0.000000,-0.000000,0.000001,-0.000001,0.000001,-0.000002,0.000002,-0.000002,0.000002,-0.000002,0.000003,-0.000003,0.000004,-0.000004,0.000005,-0.000004,0.000004,-0.000003,0.000003,-0.000000,-0.000003,0.000012,-0.000021,0.000041,-0.000053,0.000072,-0.000057,0.000039,0.000146,-0.000105,0.000145,0.000045,-0.000079,-0.000222,-0.000321,-0.000346,-0.000403,-0.000174,-0.000183,-0.000006,0.000241,0.000075,0.000006,0.000012,0.000007,0.000008,-0.000003,0.000004,-0.000001,0.000003,-0.000001,0.000001,-0.000000,0.000002,0.000001,0.000001,0.000001,0.000001,-0.000000,0.000002,-0.000000,0.000000,-0.000002,0.000001,-0.000000,0.000001,0.000000,0.000000,0.000000,0.000001,-0.000001,0.000000,-0.000000,0.000002,-0.000001,-0.000000,-0.000001,0.000000,-0.000001,-0.000001,-0.000001,-0.000001,-0.000001,-0.000001,-0.000001,-0.000000,-0.000001,0.000000,0.000000,-0.000001,0.000000,0.000000,0.000000,-0.000000,-0.000004,0.000002,0.000000,0.000000,0.000000,0.000000
0.000000,0.000000,0.000000,0.000000,0.000000,0.000001,-0.000001,0.000001,-0.000000,0.000002,-0.000002,0.000001,-0.000002,0.000002,-0.000003,0.000003,-0.000004,0.000003,-0.000004,0.000004,-0.000005,0.000004,-0.000004,0.000001,0.000003,-0.000013,0.000021,-0.000044,0.000052,-0.000059,0.000025,-0.000009,-0.000161,0.000023,-0.000079,0.000032,0.000298,0.000472,0.000415,0.000218,-0.000008,-0.000387,-0.000491,-0.000181,0.000002,-0.000016,-0.000016,-0.000009,0.000001,-0.000003,-0.000001,-0.000001,-0.000000,-0.000002,0.000000,-0.000001,-0.000000,-0.000002,-0.000000,-0.000000,0.000000,-0.000002,-0.000000,0.000000,0.000000,0.000000,-0.000000,-0.000000,0.000000,-0.000002,0.000000,-0.000000,-0.000001,-0.000001,-0.000000,0.000001,-0.000001,0.000001,0.000000,0.000002,0.000001,0.000001,0.000001,0.000001,0.000002,0.000001,0.000000,0.000001,-0.000001,0.000002,-0.000001,0.000001,-0.000001,-0.000001,0.000000,-0.000001,0.000003,-0.000002,-0.000000,0.000000,0.000000,0.000000,0.000000
0.000000,0.000000,0.000000,0.000000,-0.000000,0.000000,-0.000002,0.000001,-0.000002,0.000001,-0.000002,0.000002,-0.000003,0.000003,-0.000002,0.000003,-0.000004,0.000004,-0.000004,0.000006,-0.000007,0.000010,-0.000010,0.000013,-0.000015,0.000018,-0.000014,0.000022,-0.000021,0.000057,-0.000102,0.000208,-0.000221,0.000393,-0.000222,0.000298,0.003333,0.003333,0.003333,0.003332,0.001852,0.000709,0.000443,-0.000071,-0.000002,0.000040,0.000020,-0.000005,0.000007,-0.000001,0.000004,-0.000002,0.000003,-0.000001,0.000002,-0.000001,0.000001,0.000001,0.000002,-0.000000,0.000001,-0.000000,0.000001,-0.000001,0.000002,-0.000001,0.000001,-0.000001,0.000001,-0.000000,0.000001,0.000000,0.000001,0.000000,0.000001,-0.000000,-0.000000,-0.000001,0.000001,-0.000003,-0.000000,-0.000002,-0.000000,-0.000002,-0.000000,-0.000001,-0.000001,-0.000000,-0.000001,0.000000,-0.000001,0.000001,-0.000000,0.000000,0.000001,-0.000002,0.000002,-0.000001,0.000000,0.000000,0.000000,0.000000,0.000000
0.000000,0.000000,0.000000,-0.000000,-0.000000,0.000001,0.000000,0.000001,-0.000001,0.000001,-0.000001,0.000001,-0.000001,0.000002,-0.000003,0.000002,-0.000003,0.000004,-0.000005,0.000004,-0.000006,0.000007,-0.000008,0.000009,-0.000013,0.000012,-0.000017,0.000010,-0.000022,0.000023,-0.000089,0.000142,-0.000274,0.000208,-0.000321,0.000472,0.003333,0.003333,0.003333,0.003332,0.003191,0.002279,0.000903,0.000121,-0.000076,-0.000038,-0.000003,-0.000008,-0.000003,-0.000004,0.000000,-0.000003,0.000000,-0.000001,0.000000,-0.000002,0.000001,-0.000001,0.000000,-0.000002,-0.000000,0.000000,0.000000,-0.000001,-0.000001,0.000001,-0.000000,0.000000,-0.000001,-0.000000,-0.000001,-0.000001,-0.000001,-0.000000,-0.000000,-0.000001,0.000002,0.000000,0.000001,0.000001,0.000001,0.000002,0.000000,0.000002,-0.000000,0.000002,-0.000000,0.000001,-0.000001,0.000002,-0.000001,-0.000000,0.000000,-0.000001,0.000001,-0.000002,0.000001,-0.000001,0.000002,-0.000003,0.000000,0.000000,0.000000
0.000000,0.000000,0.000000,0.000001,-0.000002,0.000001,-0.000001,0.000001,-0.000002,0.000001,-0.000002,0.000001,-0.000002,0.000003,-0.000002,0.000003,-0.000003,0.000003,-0.000004,0.000006,-0.000006,0.000008,-0.000010,0.000013,-0.000013,0.000019,-0.000017,0.000025,-0.000016,0.000044,-0.000050,0.000171,-0.000198,0.000278,-0.000346,0.000415,0.003333,0.003333,0.003333,0.003331,0.003403,0.003032,0.001646,0.000514,0.000045,-0.000058,0.000035,0.000007,0.000011,-0.000002,0.000006,-0.000002,0.000004,-0.000002,0.000002,-0.000000,0.000001,-0.000000,0.000001,0.000000,0.000001,-0.000001,0.000001,-0.000001,0.000001,-0.000001,0.000001,-0.000001,0.000001,-0.000001,0.000002,-0.000000,0.000002,0.000001,-0.000001,0.000000,-0.000000,-0.000001,-0.000002,-0.000001,-0.000001,-0.000002,-0.000001,-0.000001,-0.000002,-0.000001,-0.000001,0.000000,-0.000002,0.000002,-0.000000,0.000001,0.000002,-0.000001,0.000001,-0.000001,0.000001,-0.000002,0.000003,-0.000000,0.000000,0.000000,0.000000
0.000000,0.000000,0.000000,0.000001,0.000000,0.000001,0.000000,0.000001,0.000000,0.000002,-0.000001,0.000002,-0.000002,0.000002,-0.000003,0.000003,-0.000003,0.000003,-0.000004,0.000004,-0.000005,0.000005,-0.000007,0.000007,-0.000009,0.000006,-0.000010,0.000001,-0.000013,-0.000003,-0.000068,0.000077,-0.000279,0.000526,-0.000403,0.000218,0.003332,0.003332,0.003331,0.003330,0.003371,0.003193,0.002272,0.000802,-0.000079,-0.000053,0.000011,-0.000024,-0.000001,-0.000008,-0.000001,-0.000003,-0.000000,-0.000002,0.000000,-0.000001,0.000000,-0.000002,-0.000000,-0.000001,-0.000000,-0.000001,-0.000001,0.000001,0.000000,-0.000000,0.000000,-0.000000,-0.000001,0.000000,-0.000001,-0.000001,0.000000,-0.000001,0.000001,-0.000000,0.000002,0.000000,0.000002,0.000002,0.000001,0.000002,0.000000,0.000003,-0.000001,0.000003,-0.000002,0.000003,-0.000001,0.000001,-0.000001,-0.000002,0.000001,-0.000003,0.000003,-0.000002,0.000002,-0.000003,0.000002,-0.000001,0.000000,0.000000,0.000000
0.000000,0.000000,0.000000,-0.000000,-0.000001,0.000001,-0.000002,0.000001,-0.000002,0.000001,-0.000003,0.000002,-0.000002,0.000002,-0.000001,0.000002,-0.000002,0.000004,-0.000002,0.000002,-0.000003,0.000004,-0.000002,0.000003,0.000002,-0.000002,0.000019,-0.000021,0.000060,-0.000049,0.000121,-0.000016,-0.000186,0.000232,-0.000174,-0.000008,0.001852,0.003191,0.003403,0.003371,0.003490,0.003413,0.002339,0.000859,0.000061,0.000032,0.000004,-0.000009,0.000022,-0.000003,0.000009,-0.000001,0.000005,-0.000000,0.000003,-0.000001,0.000001,0.000001,0.000001,-0.000001,0.000001,0.000000,0.000002,-0.000001,0.000000,-0.000001,0.000001,-0.000001,0.000001,-0.000001,0.000001,0.000000,0.000000,-0.000001,0.000000,-0.000000,-0.000002,-0.000001,-0.000002,-0.000002,-0.000002,-0.000000,-0.000003,0.000000,-0.000003,0.000001,-0.000003,0.000002,-0.000001,0.000000,0.000001,-0.000000,0.000002,-0.000001,0.000002,-0.000002,0.000001,-0.000000,0.000001,-0.000001,0.000000,0.000000,0.000000
