0.000000,0.000000,0.000000,0.000000,0.000000,0.000000,0.000000,0.000000,0.000000,0.000000,0.000000,0.000000,0.000000,0.000000,0.000000,0.000000,0.000000,0.000000,0.000000,0.000000,0.000000,0.000000,0.000000,0.000000,0.000000,0.000000,0.000000,0.000000,0.000000,0.000000,0.000000,0.000000,0.000000,0.000000,0.000000,0.000000,0.000000,0.000000,0.000000,0.000000,0.000000,0.000000,0.000000,0.000000,0.000000,0.000000,0.000000,0.000000,0.000000,0.000000,0.000000,0.000000,0.000000,0.000000,0.000000,0.000000,0.000000,0.000000,0.000000,0.000000,0.000000,0.000000,0.000000,0.000000,0.000000,0.000000,0.000000,0.000000,0.000000,0.000000,0.000000,0.000000,0.000000,0.000000,0.000000,0.000000,0.000000,0.000000,0.000000,0.000000,0.000000,0.000000,0.000000,0.000000,0.000000,0.000000,0.000000,0.000000,0.000000,0.000000,0.000000,0.000000,0.000000,0.000000,0.000000,0.000000,0.000000,0.000000,0.000000,0.000000,0.000000,0.000000,0.000000
0.000000,0.000000,0.000000,0.000000,0.000000,0.000000,0.000000,0.000000,0.000000,0.000000,0.000000,0.000000,0.000000,0.000000,0.000000,0.000000,0.000000,0.000000,0.000000,0.000000,0.000000,0.000000,0.000000,0.000000,0.000000,0.000000,0.000000,0.000000,0.000000,0.000000,0.000000,0.000000,0.000000,0.000000,0.000000,0.000000,0.000000,0.000000,0.000000,0.000000,0.000000,0.000000,0.000000,0.000000,0.000000,0.000000,0.000000,0.000000,0.000000,0.000000,0.000000,-0.000002,0.000000,0.000000,0.000000,0.000000,0.000000,0.000000,0.000000,0.000000,0.000000,0.000000,0.000000,0.000000,0.000000,0.000000,0.000000,0.000000,0.000000,0.000000,0.000000,0.000000,0.000000,0.000000,0.000000,0.000000,0.000000,0.000000,0.000000,0.000000,0.000000,0.000000,0.000000,0.000000,0.000000,0.000000,0.000000,0.000000,0.000000,0.000000,0.000000,0.000000,0.000000,0.000000,0.000000,0.000000,0.000000,0.000000,0.000000,0.000000,0.000000,0.000000,0.000000
0.000000,0.000000,0.000000,0.000000,0.000000,0.000000,0.000000,0.000000,0.000000,0.000000,0.000000,0.000000,0.000000,0.000000,0.000000,0.000000,0.000000,0.000000,0.000000,0.000000,0.000000,0.000000,0.000000,0.000000,0.000000,0.000000,0.000000,0.000000,0.000000,0.000000,0.000000,0.000000,0.000000,0.000000,0.000000,0.000000,0.000000,0.000000,0.000000,0.000000,0.000000,0.000000,-0.000001,-0.000001,-0.000001,-0.000000,-0.000001,-0.000001,-0.000001,0.000001,0.000003,-0.000001,-0.000002,-0.000000,-0.000000,0.000000,-0.000000,0.000000,0.000001,-0.000000,0.000005,0.000000,0.000000,0.000000,0.000000,0.000000,0.000000,0.000000,0.000000,0.000000,0.000000,0.000000,0.000000,0.000000,0.000000,0.000000,0.000000,0.000000,0.000000,0.000000,0.000000,0.000000,0.000000,0.000000,0.000000,0.000000,0.000000,0.000000,0.000000,0.000000,0.000000,0.000000,0.000000,0.000000,0.000000,0.000000,0.000000,0.000000,0.000000,0.000000,0.000000,0.000000,0.000000
0.000000,0.000000,0.000000,0.000000,0.000000,0.000000,0.000000,0.000000,0.000000,0.000000,0.000000,0.000000,0.000000,0.000000,0.000000,0.000000,0.000000,0.000000,0.000000,0.000000,0.000000,0.000000,0.000000,0.000000,0.000000,0.000000,0.000000,0.000000,0.000000,0.000000,0.000000,0.000000,0.000000,0.000000,0.000000,0.000000,0.000000,-0.000000,0.000000,0.000001,-0.000000,0.000001,0.000000,0.000001,0.000001,0.000001,0.000001,0.000002,-0.000000,-0.000001,0.000001,0.000001,0.000000,0.000001,-0.000000,0.000000,-0.000000,-0.000001,-0.000000,-0.000003,-0.000001,-0.000001,-0.000003,-0.000002,0.000000,-0.000003,0.000000,0.000000,0.000000,0.000000,0.000000,0.000000,0.000000,0.000000,0.000000,0.000000,0.000000,0.000000,0.000000,0.000000,0.000000,0.000000,0.000000,0.000000,0.000000,0.000000,0.000000,0.000000,0.000000,0.000000,0.000000,0.000000,0.000000,0.000000,0.000000,0.000000,0.000000,0.000000,0.000000,0.000000,0.000000,0.000000,0.000000
0.000000,0.000000,0.000000,0.000000,0.000000,0.000000,0.000000,0.000000,0.000000,0.000000,0.000000,0.000000,0.000000,0.000000,0.000000,0.000000,0.000000,0.000000,0.000000,0.000000,0.000000,0.000000,0.000000,0.000000,0.000000,0.000000,0.000000,0.000000,0.000000,0.000000,0.000000,0.000000,0.000000,0.000000,-0.000000,0.000000,0.000000,-0.000000,-0.000001,-0.000001,-0.000001,-0.000001,-0.000001,-0.000001,-0.000001,-0.000001,-0.000002,-0.000000,-0.000001,-0.000000,-0.000002,-0.000000,-0.000001,0.000000,0.000000,-0.000000,0.000001,0.000001,0.000003,0.000001,0.000002,0.000002,0.000004,0.000001,0.000003,0.000005,0.000002,-0.000002,-0.000001,0.000000,0.000000,0.000000,0.000000,0.000000,0.000000,0.000000,0.000000,0.000000,0.000000,0.000000,0.000000,0.000000,0.000000,0.000000,0.000000,0.000000,0.000000,0.000000,0.000000,0.000000,0.000000,0.000000,0.000000,0.000000,0.000000,0.000000,0.000000,0.000000,0.000000,0.000000,0.000000,0.000000,0.000000
0.000000,0.000000,0.000000,0.000000,0.000000,0.000000,0.000000,0.000000,0.000000,0.000000,0.000000,0.000000,0.000000,0.000000,0.000000,0.000000,0.000000,0.000000,0.000000,0.000000,0.000000,0.000000,0.000000,0.000000,0.000000,0.000000,0.000000,0.000000,0.000000,0.000000,0.000000,0.000000,0.000000,0.000000,0.000001,0.000000,0.000000,0.000001,0.000001,0.000001,0.000001,0.000001,0.000001,0.000002,0.000000,0.000002,0.000001,0.000001,0.000002,0.000001,0.000001,0.000001,0.000001,-0.000000,-0.000000,-0.000001,-0.000001,-0.000002,-0.000002,-0.000002,-0.000002,-0.000003,-0.000002,-0.000003,-0.000004,-0.000001,0.000002,-0.000000,-0.000004,0.000000,0.000005,0.000000,0.000000,0.000000,0.000000,0.000000,0.000000,0.000000,0.000000,0.000000,0.000000,0.000000,0.000000,0.000000,0.000000,0.000000,0.000000,0.000000,0.000000,0.000000,0.000000,0.000000,0.000000,0.000000,0.000000,0.000000,0.000000,0.000000,0.000000,0.000000,0.000000,0.000000,0.000000
0.000000,0.000000,0.000000,0.000000,0.000000,0.000000,0.000000,0.000000,0.000000,0.000000,0.000000,0.000000,0.000000,0.000000,0.000000,0.000000,0.000000,0.000000,0.000000,0.000000,0.000000,0.000000,0.000000,0.000000,0.000000,0.000000,0.000000,0.000000,0.000000,0.000000,0.000000,-0.000000,-0.000002,-0.000001,-0.000001,-0.000000,-0.000001,-0.000000,-0.000002,-0.000000,-0.000002,-0.000001,-0.000002,-0.000001,-0.000002,-0.000001,-0.000001,-0.000001,-0.000002,-0.000001,-0.000002,0.000000,-0.000001,0.000000,0.000001,0.000001,0.000003,0.000001,0.000003,0.000002,0.000004,0.000001,0.000004,0.000002,0.000002,-0.000001,-0.000001,0.000002,-0.000001,-0.000002,0.000001,0.000001,-0.000004,0.000000,0.000000,0.000000,0.000000,0.000000,0.000000,0.000000,0.000000,0.000000,0.000000,0.000000,0.000000,0.000000,0.000000,0.000000,0.000000,0.000000,0.000000,0.000000,0.000000,0.000000,0.000000,0.000000,0.000000,0.000000,0.000000,0.000000,0.000000,0.000000,0.000000
0.000000,0.000000,0.000000,0.000000,0.000000,0.000000,0.000000,0.000000,0.000000,0.000000,0.000000,0.000000,0.000000,0.000000,0.000000,0.000000,0.000000,0.000000,0.000000,0.000000,0.000000,0.000000,0.000000,0.000000,0.000000,0.000000,0.000000,0.000000,-0.000001,0.000001,0.000002,0.000001,0.000001,0.000002,-0.000000,0.000002,0.000000,0.000001,0.000000,0.000002,0.000001,0.000002,0.000001,0.000003,0.000000,0.000002,0.000001,0.000002,0.000002,0.000001,0.000001,0.000000,0.000000,-0.000001,-0.000000,-0.000003,-0.000002,-0.000003,-0.000003,-0.000003,-0.000003,-0.000003,-0.000002,-0.000001,0.000001,0.000000,-0.000001,0.000002,0.000002,-0.000000,0.000000,0.000002,-0.000002,0.000001,0.000003,0.000000,0.000000,0.000000,0.000000,0.000000,0.000000,0.000000,0.000000,0.000000,0.000000,0.000000,0.000000,0.000000,0.000000,0.000000,0.000000,0.000000,0.000000,0.000000,0.000000,0.000000,0.000000,0.000000,0.000000,0.000000,0.000000,0.000000,0.000000
0.000000,0.000000,0.000000,0.000000,0.000000,0.000000,0.000000,0.000000,0.000000,0.000000,0.000000,0.000000,0.000000,0.000000,0.000000,0.000000,0.000000,0.000000,0.000000,0.000000,0.000000,0.000000,0.000000,0.000000,0.000000,0.000000,0.000002,-0.000001,-0.000003,-0.000000,-0.000001,-0.000002,-0.000000,-0.000001,-0.000001,-0.000001,-0.000001,-0.000000,-0.000002,-0.000001,-0.000002,-0.000001,-0.000002,-0.000002,-0.000001,-0.000002,-0.000002,-0.000002,-0.000001,-0.000001,-0.000001,0.000000,-0.000000,0.000002,0.000002,0.000002,0.000003,0.000003,0.000004,0.000002,0.000004,0.000002,0.000001,-0.000000,-0.000001,-0.000000,-0.000001,-0.000001,-0.000001,0.000000,-0.000002,0.000001,-0.000001,-0.000001,0.000001,0.000001,-0.000003,0.000000,0.000000,0.000000,0.000000,0.000000,0.000000,0.000000,0.000000,0.000000,0.000000,0.000000,0.000000,0.000000,0.000000,0.000000,0.000000,0.000000,0.000000,0.000000,0.000000,0.000000,0.000000,0.000000,0.000000,0.000000,0.000000
0.000000,0.000000,0.000000,0.000000,0.000000,0.000000,0.000000,0.000000,0.000000,0.000000,0.000000,0.000000,0.000000,0.000000,0.000000,0.000000,0.000000,0.000000,0.000000,0.000000,0.000000,0.000000,0.000000,0.000000,-0.000003,0.000001,0.000003,0.000000,0.000001,0.000003,0.000001,0.000001,0.000001,0.000001,0.000000,0.000003,0.000000,0.000002,0.000001,0.000001,0.000001,0.000003,0.000001,0.000002,0.000001,0.000002,0.000002,0.000001,0.000001,0.000001,0.000001,-0.000001,-0.000000,-0.000003,-0.000002,-0.000004,-0.000002,-0.000004,-0.000003,-0.000003,-0.000002,-0.000001,0.000000,0.000001,0.000001,0.000002,0.000002,0.000000,0.000000,0.000002,-0.000001,0.000001,0.000001,-0.000001,0.000000,0.000002,-0.000000,0.000001,0.000001,0.000000,0.000000,0.000000,0.000000,0.000000,0.000000,0.000000,0.000000,0.000000,0.000000,0.000000,0.000000,0.000000,0.000000,0.000000,0.000000,0.000000,0.000000,0.000000,0.000000,0.000000,0.000000,0.000000,0.000000
0.000000,0.000000,0.000000,0.000000,0.000000,0.000000,0.000000,0.000000,0.000000,0.000000,0.000000,0.000000,0.000000,0.000000,0.000000,0.000000,0.000000,0.000000,0.000000,0.000000,0.000000,0.000000,0.000000,0.000001,-0.000002,0.000001,-0.000001,-0.000002,-0.000001,-0.000000,-0.000003,-0.000001,-0.000002,-0.000001,-0.000001,-0.000001,-0.000002,-0.000002,-0.000002,-0.000002,-0.000002,-0.000002,-0.000002,-0.000002,-0.000002,-0.000002,-0.000001,-0.000002,-0.000001,-0.000001,-0.000000,0.000001,0.000002,0.000002,0.000004,0.000003,0.000004,0.000003,0.000004,0.000002,0.000001,-0.000001,-0.000001,-0.000001,-0.000003,-0.000002,-0.000002,-0.000000,-0.000002,0.000001,-0.000002,0.000000,-0.000001,0.000001,-0.000001,0.000001,-0.000001,0.000000,-0.000000,0.000000,0.000000,0.000000,0.000000,0.000000,0.000000,0.000000,0.000000,0.000000,0.000000,0.000000,0.000000,0.000000,0.000000,0.000000,0.000000,0.000000,0.000000,0.000000,0.000000,0.000000,0.000000,0.000000,0.000000
0.000000,0.000000,0.000000,0.000000,0.000000,0.000000,0.000000,0.000000,0.000000,0.000000,0.000000,0.000000,0.000000,0.000000,0.000000,0.000000,0.000000,0.000000,0.000000,0.000000,0.000000,-0.000004,-0.000001,0.000002,-0.000001,0.000001,-0.000001,0.000001,0.000002,0.000001,0.000001,0.000003,0.000001,0.000002,0.000001,0.000002,0.000002,0.000002,0.000002,0.000002,0.000002,0.000002,0.000002,0.000002,0.000002,0.000001,0.000002,0.000001,0.000001,0.000000,-0.000000,-0.000002,-0.000002,-0.000004,-0.000002,-0.000005,-0.000003,-0.000005,-0.000001,-0.000003,0.000001,0.000002,0.000002,0.000003,0.000002,0.000002,0.000000,0.000003,-0.000001,0.000002,-0.000000,0.000001,-0.000000,0.000000,-0.000000,0.000000,0.000000,0.000001,-0.000000,-0.000001,-0.000000,0.000002,0.000000,0.000000,0.000000,0.000000,0.000000,0.000000,0.000000,0.000000,0.000000,0.000000,0.000000,0.000000,0.000000,0.000000,0.000000,0.000000,0.000000,0.000000,0.000000,0.000000,0.000000
0.000000,0.000000,0.000000,0.000000,0.000000,0.000000,0.000000,0.000000,0.000000,0.000000,0.000000,0.000000,0.000000,0.000000,0.000000,0.000000,0.000000,0.000000,0.000000,0.000000,0.000003,0.000001,0.000004,0.000002,-0.000000,0.000000,-0.000001,0.000000,-0.000001,-0.000002,-0.000001,-0.000001,-0.000003,-0.000001,-0.000002,-0.000002,-0.000002,-0.000002,-0.000002,-0.000003,-0.000002,-0.000002,-0.000002,-0.000002,-0.000002,-0.000002,-0.000001,-0.000002,0.000000,-0.000000,0.000002,0.000001,0.000005,0.000003,0.000006,0.000003,0.000006,0.000003,0.000002,-0.000001,-0.000003,-0.000002,-0.000004,-0.000003,-0.000002,-0.000001,-0.000002,0.000000,-0.000002,0.000001,-0.000001,0.000001,-0.000002,0.000002,-0.000001,0.000001,-0.000001,0.000001,-0.000000,0.000000,-0.000002,0.000001,-0.000001,0.000000,0.000000,0.000000,0.000000,0.000000,0.000000,0.000000,0.000000,0.000000,0.000000,0.000000,0.000000,0.000000,0.000000,0.000000,0.000000,0.000000,0.000000,0.000000,0.000000
0.000000,0.000000,0.000000,0.000000,0.000000,0.000000,0.000000,0.000000,0.000000,0.000000,0.000000,0.000000,0.000000,0.000000,0.000000,0.000000,0.000000,0.000000,0.000000,-0.000003,-0.000004,-0.000004,-0.000004,-0.000003,-0.000002,0.000000,-0.000001,0.000001,-0.000001,0.000001,0.000002,0.000002,0.000002,0.000002,0.000002,0.000002,0.000002,0.000002,0.000003,0.000002,0.000002,0.000002,0.000003,0.000001,0.000003,0.000001,0.000002,0.000000,-0.000000,-0.000002,-0.000002,-0.000004,-0.000003,-0.000007,-0.000003,-0.000007,-0.000002,-0.000003,0.000002,0.000001,0.000005,0.000004,0.000003,0.000003,0.000002,0.000002,-0.000001,0.000002,-0.000000,0.000001,-0.000001,0.000001,-0.000001,0.000000,-0.000000,0.000000,-0.000000,0.000000,-0.000001,0.000001,0.000000,-0.000000,0.000000,0.000001,0.000000,0.000000,0.000000,0.000000,0.000000,0.000000,0.000000,0.000000,0.000000,0.000000,0.000000,0.000000,0.000000,0.000000,0.000000,0.000000,0.000000,0.000000,0.000000
0.000000,0.000000,0.000000,0.000000,0.000000,0.000000,0.000000,0.000000,0.000000,0.000000,0.000000,0.000000,0.000000,0.000000,0.000000,0.000000,0.000000,0.000000,0.000000,0.000006,0.000004,0.000006,0.000004,0.000004,0.000004,0.000002,0.000001,0.000000,0.000001,-0.000001,-0.000001,-0.000003,-0.000002,-0.000002,-0.000003,-0.000003,-0.000003,-0.000002,-0.000002,-0.000003,-0.000003,-0.000003,-0.000002,-0.000002,-0.000001,-0.000002,0.000000,-0.000001,0.000002,0.000001,0.000005,0.000002,0.000008,0.000005,0.000008,0.000003,0.000005,-0.000002,-0.000002,-0.000004,-0.000005,-0.000004,-0.000003,-0.000001,-0.000003,-0.000000,-0.000002,0.000001,-0.000001,0.000001,-0.000001,0.000001,-0.000001,0.000001,-0.000001,0.000001,-0.000000,0.000001,-0.000001,0.000001,-0.000001,0.000001,-0.000001,0.000000,-0.000000,0.000000,0.000000,0.000000,0.000000,0.000000,0.000000,0.000000,0.000000,0.000000,0.000000,0.000000,0.000000,0.000000,0.000000,0.000000,0.000000,0.000000,0.000000
0.000000,0.000000,0.000000,0.000000,0.000000,0.000000,0.000000,0.000000,0.000000,0.000000,0.000000,0.000000,0.000000,0.000000,0.000000,0.000000,0.000000,0.000005,-0.000006,-0.000003,-0.000008,-0.000005,-0.000006,-0.000005,-0.000005,-0.000004,-0.000003,-0.000001,-0.000002,0.000001,0.000001,0.000001,0.000002,0.000002,0.000003,0.000003,0.000004,0.000002,0.000003,0.000002,0.000003,0.000002,0.000003,0.000001,0.000002,0.000000,0.000001,-0.000001,-0.000002,-0.000004,-0.000003,-0.000008,-0.000005,-0.000010,-0.000003,-0.000005,0.000001,0.000002,0.000005,0.000005,0.000005,0.000003,0.000003,0.000003,0.000000,0.000002,0.000000,0.000000,-0.000001,0.000001,-0.000000,0.000000,-0.000000,0.000000,-0.000001,0.000000,0.000000,0.000001,-0.000000,-0.000000,-0.000000,-0.000000,0.000000,0.000000,-0.000000,0.000000,0.000000,0.000000,0.000000,0.000000,0.000000,0.000000,0.000000,0.000000,0.000000,0.000000,0.000000,0.000000,0.000000,0.000000,0.000000,0.000000,0.000000
0.000000,0.000000,0.000000,0.000000,0.000000,0.000000,0.000000,0.000000,0.000000,0.000000,0.000000,0.000000,0.000000,0.000000,0.000000,0.000000,-0.000009,0.000003,-0.000004,0.000007,0.000004,0.000008,0.000007,0.000007,0.000007,0.000005,0.000005,0.000003,0.000002,0.000000,0.000000,-0.000002,-0.000001,-0.000003,-0.000003,-0.000003,-0.000003,-0.000004,-0.000003,-0.000003,-0.000002,-0.000003,-0.000002,-0.000002,-0.000001,-0.000001,0.000002,0.000001,0.000005,0.000003,0.000009,0.000004,0.000012,0.000004,0.000007,-0.000001,-0.000002,-0.000006,-0.000006,-0.000006,-0.000004,-0.000002,-0.000003,-0.000001,-0.000002,0.000001,-0.000001,0.000000,-0.000001,0.000001,-0.000001,0.000001,-0.000001,0.000001,0.000000,0.000000,-0.000001,0.000001,-0.000001,0.000001,-0.000001,0.000000,-0.000000,0.000000,-0.000000,0.000000,-0.000000,0.000000,0.000000,0.000000,0.000000,0.000000,0.000000,0.000000,0.000000,0.000000,0.000000,0.000000,0.000000,0.000000,0.000000,0.000000,0.000000
0.000000,0.000000,0.000000,0.000000,0.000000,0.000000,0.000000,0.000000,0.000000,0.000000,0.000000,0.000000,0.000000,0.000000,0.000000,0.000005,0.000003,0.000010,-0.000002,0.000006,-0.000006,-0.000006,-0.000009,-0.000009,-0.000008,-0.000008,-0.000007,-0.000004,-0.000003,-0.000002,-0.000001,0.000001,0.000001,0.000004,0.000003,0.000003,0.000004,0.000003,0.000004,0.000003,0.000003,0.000002,0.000003,0.000001,0.000001,-0.000002,-0.000001,-0.000005,-0.000004,-0.000009,-0.000006,-0.000012,-0.000005,-0.000009,0.000000,0.000002,0.000007,0.000007,0.000007,0.000005,0.000003,0.000003,0.000000,0.000002,0.000001,0.000000,-0.000001,0.000001,-0.000000,-0.000000,-0.000000,-0.000000,0.000000,-0.000001,-0.000000,0.000001,-0.000000,-0.000000,-0.000000,-0.000000,0.000000,0.000000,-0.000000,0.000000,-0.000000,0.000000,-0.000000,0.000000,0.000000,0.000000,0.000000,0.000000,0.000000,0.000000,0.000000,0.000000,0.000000,0.000000,0.000000,0.000000,0.000000,0.000000,0.000000
0.000000,0.000000,0.000000,0.000000,0.000000,0.000000,0.000000,0.000000,0.000000,0.000000,0.000000,0.000000,0.000000,0.000000,0.000000,-0.000006,-0.000004,-0.000002,-0.000016,0.000001,-0.000008,0.000007,0.000008,0.000010,0.000012,0.000010,0.000009,0.000007,0.000006,0.000004,0.000002,-0.000000,-0.000001,-0.000003,-0.000003,-0.000004,-0.000005,-0.000004,-0.000004,-0.000004,-0.000002,-0.000003,-0.000002,-0.000001,-0.000000,0.000001,0.000005,0.000003,0.000010,0.000006,0.000014,0.000007,0.000011,0.000001,-0.000002,-0.000007,-0.000010,-0.000008,-0.000007,-0.000003,-0.000003,-0.000001,-0.000002,0.000000,-0.000001,0.000000,-0.000000,0.000000,0.000000,-0.000000,0.000000,0.000000,-0.000000,0.000000,0.000000,-0.000000,-0.000000,0.000001,-0.000000,0.000001,-0.000000,0.000000,-0.000001,0.000001,-0.000000,0.000000,0.000000,-0.000000,-0.000000,0.000000,0.000000,0.000000,0.000000,0.000000,0.000000,0.000000,0.000000,0.000000,0.000000,0.000000,0.000000,0.000000,0.000000
0.000000,0.000000,0.000000,0.000000,0.000000,0.000000,0.000000,0.000000,0.000000,0.000000,0.000000,0.000000,0.000000,-0.000003,0.000006,-0.000003,0.000007,0.000006,0.000001,0.000021,0.000000,0.000010,-0.000007,-0.000011,-0.000012,-0.000012,-0.000011,-0.000011,-0.000008,-0.000006,-0.000004,-0.000002,-0.000000,0.000002,0.000003,0.000004,0.000006,0.000005,0.000005,0.000003,0.000004,0.000002,0.000002,-0.000001,0.000000,-0.000005,-0.000003,-0.000010,-0.000007,-0.000016,-0.000008,-0.000014,-0.000002,0.000002,0.000009,0.000010,0.000010,0.000008,0.000003,0.000005,0.000000,0.000003,0.000000,0.000001,-0.000000,0.000001,0.000000,0.000000,-0.000001,0.000000,-0.000000,-0.000001,-0.000000,0.000000,0.000000,-0.000001,0.000000,-0.000000,0.000000,-0.000001,0.000000,-0.000000,0.000000,-0.000000,-0.000000,0.000000,-0.000000,0.000000,-0.000001,0.000001,0.000000,0.000000,0.000000,0.000000,0.000000,0.000000,0.000000,0.000000,0.000000,0.000000,0.000000,0.000000,0.000000
0.000000,0.000000,0.000000,0.000000,0.000000,0.000000,0.000000,0.000000,0.000000,0.000000,0.000000,0.000000,0.000003,-0.000004,0.000004,-0.000008,0.000004,-0.000006,-0.000008,0.000000,-0.000031,-0.000001,-0.000012,0.000008,0.000014,0.000014,0.000016,0.000012,0.000013,0.000008,0.000007,0.000003,0.000003,-0.000001,-0.000002,-0.000005,-0.000006,-0.000006,-0.000006,-0.000005,-0.000003,-0.000003,-0.000000,0.000001,0.000004,0.000004,0.000010,0.000007,0.000018,0.000009,0.000016,0.000005,-0.000002,-0.000010,-0.000013,-0.000011,-0.000009,-0.000003,-0.000005,-0.000000,-0.000003,0.000000,-0.000001,0.000001,-0.000001,0.000001,0.000000,-0.000001,0.000001,-0.000000,0.000001,-0.000001,0.000001,-0.000000,0.000001,-0.000000,-0.000000,-0.000000,-0.000000,0.000000,0.000000,0.000000,-0.000001,0.000000,-0.000000,0.000001,0.000000,0.000000,-0.000000,0.000000,-0.000001,0.000000,0.000000,0.000000,0.000000,0.000000,0.000000,0.000000,0.000000,0.000000,0.000000,0.000000,0.000000
0.000000,0.000000,0.000000,0.000000,0.000000,0.000000,0.000000,0.000000,0.000000,0.000000,0.000000,-0.000004,0.000001,-0.000004,0.000006,-0.000005,0.000008,-0.000006,0.000007,0.000010,-0.000001,0.000040,0.000004,0.000015,-0.000008,-0.000020,-0.000017,-0.000018,-0.000015,-0.000014,-0.000010,-0.000007,-0.000005,-0.000001,0.000002,0.000004,0.000007,0.000007,0.000008,0.000005,0.000004,0.000001,0.000000,-0.000005,-0.000003,-0.000012,-0.000006,-0.000021,-0.000010,-0.000021,-0.000007,0.000001,0.000011,0.000015,0.000014,0.000010,0.000003,0.000006,-0.000001,0.000003,-0.000000,0.000002,-0.000001,0.000001,0.000000,-0.000000,-0.000001,0.000000,0.000000,-0.000001,-0.000001,0.000000,0.000000,-0.000001,0.000000,0.000000,0.000001,-0.000001,0.000001,-0.000000,0.000000,-0.000000,0.000000,-0.000000,-0.000000,-0.000000,-0.000001,0.000000,-0.000000,0.000000,0.000000,0.000002,0.000000,0.000000,0.000000,0.000000,0.000000,0.000000,0.000000,0.000000,0.000000,0.000000,0.000000
0.000000,0.000000,0.000000,0.000000,0.000000,0.000000,0.000000,0.000000,0.000000,0.000000,0.000000,-0.000001,0.000004,-0.000004,0.000004,-0.000006,0.000007,-0.000009,0.000008,-0.000007,-0.000012,0.000004,-0.000055,-0.000006,-0.000017,0.000009,0.000026,0.000020,0.000023,0.000016,0.000017,0.000010,0.000009,0.000003,0.000001,-0.000003,-0.000010,-0.000009,-0.000009,-0.000007,-0.000002,-0.000002,0.000004,0.000003,0.000013,0.000009,0.000022,0.000013,0.000025,0.000011,-0.000001,-0.000011,-0.000018,-0.000017,-0.000011,-0.000004,-0.000007,0.000001,-0.000004,0.000002,-0.000003,0.000001,-0.000002,0.000001,-0.000001,-0.000000,0.000000,0.000000,0.000000,-0.000001,0.000001,-0.000001,0.000001,-0.000000,0.000000,-0.000001,0.000000,-0.000001,0.000001,-0.000001,-0.000000,-0.000000,0.000000,0.000001,-0.000000,0.000000,0.000000,0.000000,-0.000000,-0.000000,-0.000001,-0.000000,0.000000,0.000000,0.000000,0.000000,0.000000,0.000000,0.000000,0.000000,0.000000,0.000000,0.000000
0.000000,0.000000,0.000000,0.000000,0.000000,0.000000,0.000000,0.000000,0.000000,0.000000,0.000001,0.000002,0.000002,-0.000003,0.000004,-0.000005,0.000007,-0.000009,0.000010,-0.000011,0.000008,0.000015,-0.000006,0.000070,0.000013,0.000020,-0.000008,-0.000033,-0.000024,-0.000027,-0.000020,-0.000020,-0.000013,-0.000010,-0.000003,-0.000000,0.000013,0.000010,0.000013,0.000006,0.000003,-0.000004,-0.000003,-0.000014,-0.000009,-0.000026,-0.000013,-0.000033,-0.000014,-0.000002,0.000014,0.000022,0.000021,0.000014,0.000004,0.000007,-0.000000,0.000004,-0.000001,0.000002,-0.000001,0.000002,-0.000000,0.000000,-0.000000,0.000001,-0.000000,-0.000001,-0.000000,0.000001,-0.000001,-0.000001,-0.000001,0.000000,0.000001,0.000000,0.000000,0.000000,0.000000,0.000000,-0.000000,0.000000,-0.000000,-0.000000,-0.000000,0.000000,-0.000000,-0.000000,0.000000,0.000000,0.000000,-0.000001,0.000000,0.000000,0.000000,0.000000,0.000000,0.000000,0.000000,0.000000,0.000000,0.000000,0.000000
0.000000,0.000000,0.000000,0.000000,0.000000,0.000000,0.000000,0.000000,0.000000,-0.000003,-0.000002,-0.000001,-0.000000,-0.000002,0.000004,-0.000005,0.000007,-0.000008,0.000012,-0.000012,0.000014,-0.000008,-0.000017,0.000013,-0.000091,-0.000023,-0.000023,0.000005,0.000044,0.000029,0.000034,0.000025,0.000025,0.000016,0.000012,0.000003,-0.000013,-0.000013,-0.000013,-0.000010,0.000004,0.000003,0.000015,0.000011,0.000028,0.000017,0.000040,0.000021,0.000003,-0.000014,-0.000027,-0.000026,-0.000016,-0.000005,-0.000008,0.000002,-0.000005,0.000002,-0.000003,0.000002,-0.000002,0.000001,-0.000001,0.000000,-0.000000,0.000000,-0.000000,-0.000001,0.000001,-0.000001,0.000001,-0.000000,0.000001,-0.000000,0.000000,-0.000001,0.000000,-0.000001,0.000000,-0.000001,0.000000,-0.000000,0.000000,-0.000000,0.000001,-0.000000,-0.000000,-0.000000,-0.000000,-0.000000,0.000001,-0.000000,-0.000000,0.000001,0.000000,0.000000,0.000000,0.000000,0.000000,0.000000,0.000000,0.000000,0.000000
0.000000,0.000000,0.000000,0.000000,0.000000,0.000000,0.000000,0.000000,0.000000,0.000001,0.000001,0.000001,0.000000,0.000000,0.000002,-0.000004,0.000005,-0.000008,0.000010,-0.000012,0.000014,-0.000020,0.000009,0.000020,-0.000023,0.000116,0.000037,0.000029,-0.000001,-0.000052,-0.000038,-0.000040,-0.000031,-0.000030,-0.000020,-0.000014,0.000018,0.000011,0.000019,0.000006,-0.000003,-0.000016,-0.000014,-0.000033,-0.000020,-0.000052,-0.000027,-0.000006,0.000017,0.000033,0.000033,0.000019,0.000005,0.000008,-0.000002,0.000005,-0.000002,0.000002,-0.000001,0.000002,-0.000001,0.000001,-0.000001,0.000001,-0.000001,-0.000000,-0.000000,0.000001,-0.000001,-0.000000,-0.000001,0.000001,-0.000000,0.000000,-0.000001,0.000001,-0.000000,0.000001,-0.000001,0.000001,-0.000001,0.000001,-0.000001,0.000001,-0.000000,0.000000,-0.000000,0.000001,-0.000000,-0.000001,0.000000,-0.000000,-0.000000,0.000001,0.000000,0.000000,0.000000,0.000000,0.000000,0.000000,0.000000,0.000000,0.000000
0.000000,0.000000,0.000000,0.000000,0.000000,0.000000,0.000000,0.000000,0.000002,0.000003,-0.000001,-0.000001,-0.000001,-0.000001,0.000001,-0.000003,0.000005,-0.000007,0.000009,-0.000011,0.000016,-0.000017,0.000026,-0.000008,-0.000023,0.000037,-0.000140,-0.000061,-0.000036,-0.000010,0.000062,0.000043,0.000050,0.000037,0.000041,0.000024,-0.000015,-0.000016,-0.000015,-0.000011,0.000020,0.000016,0.000040,0.000025,0.000065,0.000037,0.000006,-0.000018,-0.000042,-0.000044,-0.000024,-0.000005,-0.000009,0.000002,-0.000005,0.000004,-0.000003,0.000002,-0.000001,0.000001,-0.000001,0.000001,0.000000,-0.000000,0.000000,-0.000000,0.000001,-0.000001,0.000001,-0.000000,0.000001,0.000000,-0.000000,-0.000000,0.000001,0.000000,-0.000001,-0.000001,0.000000,0.000000,-0.000001,-0.000001,0.000001,-0.000000,0.000001,-0.000001,0.000000,0.000000,0.000001,-0.000001,0.000000,-0.000000,-0.000001,-0.000002,-0.000003,0.000000,0.000000,0.000000,0.000000,0.000000,0.000000,0.000000,0.000000
0.000000,0.000000,0.000000,0.000000,0.000000,0.000000,0.000000,0.000000,-0.000001,0.000000,-0.000002,0.000001,0.000000,0.000001,0.000000,-0.000001,0.000003,-0.000004,0.000007,-0.000011,0.000012,-0.000018,0.000020,-0.000033,0.000005,0.000029,-0.000061,0.000167,0.000089,0.000053,0.000024,-0.000063,-0.000051,-0.000054,-0.000052,-0.000046,0.000022,0.000010,0.000024,0.000001,-0.000022,-0.000048,-0.000033,-0.000082,-0.000047,-0.000008,0.000022,0.000054,0.000059,0.000029,0.000005,0.000010,-0.000004,0.000005,-0.000004,0.000002,-0.000002,0.000001,-0.000001,-0.000000,0.000000,0.000001,-0.000001,0.000001,-0.000001,0.000001,-0.000001,0.000001,-0.000002,0.000002,-0.000001,-0.000000,-0.000001,0.000001,-0.000000,0.000001,-0.000001,0.000002,-0.000001,0.000001,-0.000000,0.000002,-0.000001,0.000000,-0.000001,0.000001,0.000000,-0.000000,0.000000,0.000000,-0.000000,0.000001,0.000000,0.000002,0.000000,0.000000,0.000000,0.000000,0.000000,0.000000,0.000000,0.000000,0.000000
0.000000,0.000000,0.000000,0.000000,0.000000,0.000000,0.000000,-0.000001,-0.000003,0.000001,-0.000001,0.000002,-0.000001,-0.000001,0.000001,-0.000002,0.000002,-0.000003,0.000006,-0.000008,0.000013,-0.000015,0.000023,-0.000024,0.000044,-0.000001,-0.000036,0.000089,-0.000183,-0.000131,-0.000070,-0.000053,0.000064,0.000045,0.000070,0.000052,-0.000021,-0.000022,-0.000016,-0.000015,0.000062,0.000042,0.000100,0.000057,0.000005,-0.000026,-0.000072,-0.000080,-0.000036,-0.000003,-0.000011,0.000005,-0.000005,0.000005,-0.000002,0.000002,-0.000001,0.000001,0.000001,0.000001,0.000001,-0.000000,0.000000,0.000000,0.000000,-0.000001,0.000001,-0.000001,0.000001,-0.000000,-0.000000,0.000001,0.000000,0.000000,-0.000001,0.000000,-0.000001,0.000000,-0.000001,-0.000000,0.000001,-0.000001,-0.000000,-0.000001,0.000001,-0.000001,-0.000000,-0.000001,0.000001,-0.000001,-0.000001,-0.000001,-0.000001,-0.000000,0.000001,0.000003,0.000000,0.000000,0.000000,0.000000,0.000000,0.000000,0.000000
0.000000,0.000000,0.000000,0.000000,0.000000,0.000000,0.000000,0.000001,-0.000000,0.000003,-0.000000,0.000001,-0.000002,0.000001,-0.000001,0.000001,0.000000,-0.000002,0.000004,-0.000006,0.000008,-0.000014,0.000016,-0.000027,0.000029,-0.000052,-0.000010,0.000053,-0.000131,0.000191,0.000168,0.000103,0.000082,-0.000038,-0.000054,-0.000059,0.000059,0.000025,0.000045,0.000000,-0.000050,-0.000120,-0.000061,0.000005,0.000040,0.000096,0.000110,0.000044,0.000001,0.000012,-0.000007,0.000005,-0.000005,0.000002,-0.000003,0.000001,-0.000001,0.000000,-0.000001,0.000000,-0.000001,-0.000000,-0.000000,0.000001,-0.000000,0.000001,-0.000001,0.000001,-0.000000,0.000000,-0.000001,0.000001,-0.000001,0.000000,0.000000,0.000001,0.000000,0.000000,0.000001,0.000001,0.000000,0.000000,-0.000000,0.000002,-0.000001,0.000001,-0.000000,0.000001,0.000000,0.000000,0.000000,0.000001,-0.000000,-0.000000,-0.000001,0.000000,0.000000,0.000000,0.000000,0.000000,0.000000,0.000000,0.000000
0.000000,0.000000,0.000000,0.000000,0.000000,0.000000,0.000000,0.000002,-0.000001,0.000001,-0.000003,0.000001,-0.000001,0.000002,-0.000001,0.000001,0.000000,-0.000001,0.000002,-0.000004,0.000007,-0.000010,0.000017,-0.000020,0.000034,-0.000038,0.000062,0.000024,-0.000070,0.000168,-0.000167,-0.000210,-0.000121,-0.000135,0.000036,0.000022,-0.000106,-0.000093,-0.000053,-0.000072,0.000120,0.000059,-0.000037,-0.000061,-0.000136,-0.000151,-0.000056,0.000007,-0.000013,0.000009,-0.000005,0.000006,-0.000001,0.000002,0.000000,0.000001,0.000001,0.000000,0.000000,0.000001,0.000001,-0.000000,0.000000,-0.000001,-0.000000,-0.000001,0.000001,-0.000001,0.000000,0.000001,0.000000,0.000000,-0.000001,0.000001,-0.000001,0.000000,-0.000001,0.000000,-0.000001,-0.000000,-0.000001,-0.000001,0.000001,-0.000001,0.000000,-0.000002,0.000001,-0.000001,-0.000001,-0.000000,-0.000001,-0.000000,-0.000000,0.000001,-0.000001,-0.000003,-0.000002,0.000000,0.000000,0.000000,0.000000,0.000000,0.000000
0.000000,0.000000,0.000000,0.000000,0.000000,0.000000,-0.000000,0.000001,-0.000002,0.000001,-0.000001,0.000003,-0.000001,0.000002,-0.000003,0.000001,-0.000002,0.000001,-0.000000,-0.000002,0.000003,-0.000007,0.000010,-0.000020,0.000025,-0.000040,0.000043,-0.000063,-0.000053,0.000103,-0.000210,0.000130,0.000207,0.000148,0.000148,-0.000008,0.000212,0.000147,0.000177,0.000082,-0.000012,0.000079,0.000116,0.000181,0.000213,0.000067,-0.000021,0.000010,-0.000011,0.000003,-0.000006,-0.000000,-0.000003,-0.000000,-0.000001,0.000000,-0.000002,0.000000,-0.000001,0.000000,-0.000001,0.000000,0.000000,-0.000000,0.000001,0.000001,0.000000,-0.000000,-0.000001,0.000000,-0.000001,-0.000000,-0.000000,0.000000,0.000000,-0.000000,0.000001,0.000001,0.000001,-0.000000,0.000001,0.000001,-0.000000,0.000000,0.000000,0.000001,0.000000,0.000000,0.000001,0.000001,0.000001,0.000000,-0.000000,0.000001,0.000002,0.000001,0.000000,0.000000,0.000000,0.000000,0.000000,0.000000,0.000000
0.000000,0.000000,0.000000,0.000000,0.000000,0.000000,-0.000002,0.000001,-0.000000,0.000001,-0.000002,0.000001,-0.000003,0.000002,-0.000002,0.000002,-0.000001,0.000001,-0.000001,-0.000000,0.000003,-0.000005,0.000009,-0.000013,0.000025,-0.000031,0.000050,-0.000051,0.000064,0.000082,-0.000121,0.000207,-0.000041,-0.000196,-0.000104,-0.000158,-0.000220,-0.000275,-0.000201,-0.000283,-0.000189,-0.000147,-0.000259,-0.000275,-0.000080,0.000054,-0.000002,0.000013,-0.000001,0.000008,0.000002,0.000001,0.000002,0.000001,0.000001,0.000000,0.000001,0.000001,0.000001,0.000000,0.000000,-0.000001,0.000000,-0.000000,-0.000000,-0.000001,-0.000000,-0.000000,0.000001,-0.000001,0.000000,0.000001,0.000000,0.000000,-0.000000,-0.000000,-0.000001,-0.000000,-0.000001,-0.000000,-0.000000,-0.000001,0.000000,-0.000001,0.000001,-0.000001,-0.000001,-0.000001,-0.000001,-0.000000,-0.000001,0.000001,-0.000002,-0.000001,-0.000002,-0.000000,0.000001,0.000003,0.000000,0.000000,0.000000,0.000000,0.000000
0.000000,0.000000,0.000000,0.000000,0.000000,0.000000,-0.000001,0.000002,-0.000001,0.000001,-0.000001,0.000002,-0.000001,0.000002,-0.000002,0.000002,-0.000003,0.000004,-0.000003,0.000002,-0.000001,-0.000001,0.000003,-0.000010,0.000016,-0.000030,0.000037,-0.000054,0.000045,-0.000038,-0.000135,0.000148,-0.000196,-0.000031,0.000141,0.000019,0.000387,0.000203,0.000273,0.000523,0.000231,0.000221,0.000347,0.000062,-0.000115,-0.000021,-0.000014,-0.000004,-0.000007,-0.000004,-0.000000,-0.000002,-0.000001,-0.000001,-0.000002,-0.000000,-0.000002,0.000000,-0.000001,-0.000000,-0.000000,0.000001,-0.000000,0.000000,0.000000,0.000000,0.000001,0.000000,0.000000,-0.000000,-0.000000,-0.000000,-0.000000,-0.000000,0.000000,0.000001,0.000000,-0.000000,0.000001,0.000000,0.000000,0.000001,0.000000,0.000001,0.000000,0.000000,0.000001,0.000002,0.000000,0.000000,0.000000,0.000001,0.000001,0.000001,0.000001,-0.000001,-0.000001,-0.000001,0.000000,0.000000,0.000000,0.000000,0.000000
0.000000,0.000000,0.000000,0.000000,-0.000000,0.000001,-0.000001,-0.000000,-0.000001,0.000000,-0.000001,0.000001,-0.000002,0.000002,-0.000003,0.000003,-0.000003,0.000003,-0.000003,0.000003,-0.000002,0.000002,0.000001,-0.000003,0.000012,-0.000020,0.000041,-0.000052,0.000070,-0.000054,0.000036,0.000148,-0.000104,0.000141,0.000042,-0.000078,-0.000219,-0.000314,-0.000338,-0.000393,-0.000164,-0.000176,0.000001,0.000247,0.000076,0.000009,0.000013,0.000009,0.000008,-0.000002,0.000004,0.000000,0.000002,0.000000,0.000001,0.000001,0.000001,0.000000,0.000000,-0.000000,0.000001,-0.000001,0.000000,-0.000001,0.000000,-0.000001,-0.000000,0.000000,-0.000000,0.000000,0.000001,-0.000000,0.000000,-0.000000,-0.000000,-0.000000,-0.000000,-0.000000,-0.000000,-0.000001,-0.000000,-0.000001,-0.000000,-0.000001,-0.000000,-0.000001,-0.000001,-0.000001,-0.000001,0.000000,-0.000002,0.000001,-0.000002,0.000000,0.000000,0.000000,0.000000,-0.000004,0.000002,0.000000,0.000000,0.000000,0.000000
0.000000,0.000000,0.000000,0.000000,0.000000,0.000000,-0.000000,0.000002,-0.000001,0.000003,-0.000001,0.000002,-0.000002,0.000002,-0.000003,0.000003,-0.000003,0.000003,-0.000004,0.000004,-0.000005,0.000004,-0.000003,-0.000000,0.000003,-0.000014,0.000024,-0.000046,0.000052,-0.000059,0.000022,-0.000008,-0.000158,0.000019,-0.000078,0.000038,0.000299,0.000471,0.000416,0.000216,-0.000013,-0.000397,-0.000500,-0.000185,0.000001,-0.000016,-0.000018,-0.000011,0.000000,-0.000003,-0.000002,-0.000001,-0.000002,-0.000000,-0.000001,-0.000001,-0.000001,-0.000001,-0.000000,0.000000,-0.000001,0.000000,0.000001,0.000001,-0.000000,0.000000,0.000000,-0.000001,0.000001,-0.000000,0.000000,-0.000000,-0.000001,0.000001,0.000000,-0.000000,0.000001,0.000001,0.000000,0.000001,0.000001,0.000001,0.000001,0.000000,0.000001,0.000001,-0.000000,0.000001,-0.000001,0.000002,0.000000,0.000001,-0.000001,0.000000,0.000000,-0.000001,0.000003,-0.000002,0.000000,0.000000,0.000000,0.000000,0.000000
0.000000,0.000000,0.000000,0.000000,0.000000,0.000000,-0.000001,0.000000,-0.000001,0.000000,-0.000002,0.000002,-0.000002,0.000002,-0.000003,0.000004,-0.000003,0.000004,-0.000005,0.000006,-0.000006,0.000007,-0.000010,0.000013,-0.000013,0.000018,-0.000015,0.000022,-0.000021,0.000059,-0.000106,0.000212,-0.000220,0.000387,-0.000219,0.000299,0.003333,0.003333,0.003333,0.003331,0.001836,0.000687,0.000440,-0.000070,-0.000005,0.000042,0.000021,-0.000004,0.000008,0.000000,0.000004,-0.000001,0.000002,-0.000000,0.000002,-0.000000,0.000001,0.000001,0.000000,-0.000000,0.000001,-0.000001,0.000001,-0.000000,-0.000001,-0.000001,-0.000000,-0.000000,0.000000,-0.000000,0.000000,-0.000000,0.000001,-0.000001,0.000001,-0.000001,0.000000,-0.000001,-0.000000,-0.000002,-0.000001,-0.000001,-0.000001,-0.000000,-0.000002,-0.000000,-0.000002,0.000001,-0.000001,0.000001,-0.000003,0.000001,0.000000,0.000000,-0.000000,-0.000002,0.000002,-0.000001,0.000001,0.000000,0.000000,0.000000,0.000000
0.000000,0.000000,0.000000,-0.000000,-0.000000,0.000001,-0.000000,0.000001,-0.000000,0.000002,-0.000002,0.000002,-0.000002,0.000002,-0.000002,0.000002,-0.000004,0.000003,-0.000004,0.000005,-0.000006,0.000007,-0.000009,0.000010,-0.000013,0.000011,-0.000016,0.000010,-0.000022,0.000025,-0.000093,0.000147,-0.000275,0.000203,-0.000314,0.000471,0.003333,0.003333,0.003333,0.003331,0.003186,0.002281,0.000921,0.000138,-0.000077,-0.000041,-0.000002,-0.000009,-0.000005,-0.000005,-0.000000,-0.000002,-0.000000,-0.000001,-0.000001,-0.000001,-0.000001,-0.000001,0.000000,-0.000001,0.000000,0.000000,-0.000000,0.000000,0.000001,0.000000,0.000001,-0.000000,0.000000,-0.000001,-0.000000,0.000000,0.000000,-0.000000,0.000000,0.000000,0.000001,0.000001,0.000001,0.000001,0.000001,0.000001,0.000001,0.000002,0.000000,0.000001,-0.000000,0.000002,-0.000001,0.000001,-0.000001,0.000001,-0.000000,-0.000001,0.000001,-0.000001,0.000001,-0.000001,0.000002,-0.000003,0.000000,0.000000,0.000000
0.000000,0.000000,0.000000,0.000000,-0.000001,0.000001,-0.000002,0.000000,-0.000002,0.000001,-0.000002,0.000002,-0.000002,0.000003,-0.000002,0.000003,-0.000003,0.000004,-0.000004,0.000005,-0.000006,0.000008,-0.000009,0.000013,-0.000013,0.000019,-0.000015,0.000024,-0.000016,0.000045,-0.000053,0.000177,-0.000201,0.000273,-0.000338,0.000416,0.003333,0.003333,0.003333,0.003331,0.003404,0.003051,0.001690,0.000551,0.000056,-0.000061,0.000035,0.000009,0.000011,-0.000000,0.000007,-0.000001,0.000004,-0.000001,0.000002,-0.000001,0.000002,-0.000000,0.000001,-0.000000,0.000001,-0.000000,-0.000000,-0.000001,0.000000,0.000000,-0.000001,0.000001,-0.000000,0.000000,0.000000,0.000000,-0.000001,-0.000000,0.000000,-0.000001,-0.000001,-0.000002,-0.000001,-0.000001,-0.000001,-0.000001,-0.000002,-0.000000,-0.000002,0.000002,-0.000003,0.000002,-0.000003,0.000003,-0.000001,0.000000,0.000000,-0.000002,0.000002,-0.000001,0.000002,-0.000003,0.000003,-0.000001,0.000000,0.000000,0.000000
0.000000,0.000000,0.000000,0.000001,-0.000001,0.000001,-0.000000,0.000002,-0.000001,0.000001,-0.000002,0.000002,-0.000003,0.000002,-0.000003,0.000002,-0.000003,0.000003,-0.000004,0.000003,-0.000005,0.000005,-0.000007,0.000006,-0.000010,0.000006,-0.000011,0.000001,-0.000015,0.000000,-0.000072,0.000082,-0.000283,0.000523,-0.000393,0.000216,0.003331,0.003331,0.003331,0.003330,0.003364,0.003211,0.002336,0.000858,-0.000066,-0.000056,0.000008,-0.000026,-0.000001,-0.000009,-0.000002,-0.000005,-0.000001,-0.000002,-0.000000,-0.000001,-0.000001,-0.000000,-0.000000,0.000000,-0.000000,-0.000000,0.000000,0.000001,-0.000000,-0.000000,0.000001,-0.000001,0.000000,0.000000,-0.000000,-0.000000,-0.000000,0.000000,0.000000,0.000001,0.000002,0.000002,0.000001,0.000002,0.000000,0.000002,0.000000,0.000002,-0.000001,0.000003,-0.000002,0.000002,-0.000001,0.000000,0.000001,-0.000002,0.000002,-0.000002,0.000002,-0.000001,0.000002,-0.000002,0.000001,-0.000001,0.000000,0.000000,0.000000
0.000000,0.000000,0.000000,-0.000000,-0.000001,0.000001,-0.000002,0.000001,-0.000002,0.000001,-0.000002,0.000002,-0.000002,0.000002,-0.000003,0.000003,-0.000002,0.000003,-0.000002,0.000004,-0.000003,0.000004,-0.000002,0.000003,0.000004,-0.000003,0.000020,-0.000022,0.000062,-0.000050,0.000120,-0.000012,-0.000189,0.000231,-0.000164,-0.000013,0.001836,0.003186,0.003404,0.003364,0.003479,0.003437,0.002415,0.000925,0.000083,0.000031,0.000005,-0.000008,0.000023,-0.000002,0.000010,0.000000,0.000006,-0.000000,0.000003,0.000000,0.000002,-0.000001,0.000002,-0.000001,0.000000,-0.000000,0.000000,-0.000000,-0.000000,0.000000,-0.000000,0.000001,-0.000001,0.000000,0.000000,0.000000,0.000000,-0.000000,-0.000001,-0.000001,-0.000002,-0.000001,-0.000002,-0.000000,-0.000003,-0.000000,-0.000003,0.000003,-0.000004,0.000003,-0.000004,0.000004,-0.000002,0.000001,-0.000000,-0.000001,0.000003,-0.000002,0.000002,-0.000003,0.000003,-0.000001,0.000002,-0.000002,0.000000,0.000000,0.000000
