0.000000,0.000000,0.000000,0.000000,0.000000,0.000000,0.000000,0.000000,0.000000,0.000000,0.000000,0.000000,0.000000,0.000000,0.000000,0.000000,0.000000,0.000000,0.000000,0.000000,0.000000,0.000000,0.000000,0.000000,0.000000,0.000000,0.000000,0.000000,0.000000,0.000000,0.000000,0.000000,0.000000,0.000000,0.000000,0.000000,0.000000,0.000000,0.000000,0.000000,0.000000,0.000000,0.000000,0.000000,0.000000,0.000000,0.000000,0.000000,0.000000,0.000000,0.000000,0.000000,0.000000,0.000000,0.000000,0.000000,0.000000,0.000000,0.000000,0.000000,0.000000,0.000000,0.000000,0.000000,0.000000,0.000000,0.000000,0.000000,0.000000,0.000000,0.000000,0.000000,0.000000,0.000000,0.000000,0.000000,0.000000,0.000000,0.000000,0.000000,0.000000,0.000000,0.000000,0.000000,0.000000,0.000000,0.000000,0.000000,0.000000,0.000000,0.000000,0.000000,0.000000,0.000000,0.000000,0.000000,0.000000,0.000000,0.000000,0.000000,0.000000,0.000000,0.000000
0.000000,0.000000,0.000000,0.000000,0.000000,0.000000,0.000000,0.000000,0.000000,0.000000,0.000000,0.000000,0.000000,0.000000,0.000000,0.000000,0.000000,0.000000,0.000000,0.000000,0.000000,0.000000,0.000000,0.000000,0.000000,0.000000,0.000000,0.000000,0.000000,0.000000,0.000000,0.000000,0.000000,0.000000,0.000000,0.000000,0.000000,0.000000,0.000000,0.000000,0.000000,0.000000,0.000000,0.000000,0.000000,0.000000,0.000000,0.000000,0.000000,0.000000,0.000000,0.000001,0.000000,0.000000,0.000000,0.000000,0.000000,0.000000,0.000000,0.000000,0.000000,0.000000,0.000000,0.000000,0.000000,0.000000,0.000000,0.000000,0.000000,0.000000,0.000000,0.000000,0.000000,0.000000,0.000000,0.000000,0.000000,0.000000,0.000000,0.000000,0.000000,0.000000,0.000000,0.000000,0.000000,0.000000,0.000000,0.000000,0.000000,0.000000,0.000000,0.000000,0.000000,0.000000,0.000000,0.000000,0.000000,0.000000,0.000000,0.000000,0.000000,0.000000,0.000000
0.000000,0.000000,0.000000,0.000000,0.000000,0.000000,0.000000,0.000000,0.000000,0.000000,0.000000,0.000000,0.000000,0.000000,0.000000,0.000000,0.000000,0.000000,0.000000,0.000000,0.000000,0.000000,0.000000,0.000000,0.000000,0.000000,0.000000,0.000000,0.000000,0.000000,0.000000,0.000000,0.000000,0.000000,0.000000,0.000000,0.000000,0.000000,0.000000,0.000000,0.000000,0.000000,0.000003,-0.000001,-0.000001,0.000003,0.000011,-0.000002,0.000003,-0.000008,0.000002,0.000003,-0.000006,0.000001,-0.000002,0.000000,0.000003,0.000005,0.000001,0.000008,0.000012,0.000000,0.000000,0.000000,0.000000,0.000000,0.000000,0.000000,0.000000,0.000000,0.000000,0.000000,0.000000,0.000000,0.000000,0.000000,0.000000,0.000000,0.000000,0.000000,0.000000,0.000000,0.000000,0.000000,0.000000,0.000000,0.000000,0.000000,0.000000,0.000000,0.000000,0.000000,0.000000,0.000000,0.000000,0.000000,0.000000,0.000000,0.000000,0.000000,0.000000,0.000000,0.000000
0.000000,0.000000,0.000000,0.000000,0.000000,0.000000,0.000000,0.000000,0.000000,0.000000,0.000000,0.000000,0.000000,0.000000,0.000000,0.000000,0.000000,0.000000,0.000000,0.000000,0.000000,0.000000,0.000000,0.000000,0.000000,0.000000,0.000000,0.000000,0.000000,0.000000,0.000000,0.000000,0.000000,0.000000,0.000000,0.000000,0.000000,0.000005,-0.000005,0.000009,0.000001,0.000006,-0.000015,0.000001,0.000001,-0.000014,-0.000010,-0.000004,-0.000009,-0.000003,0.000001,-0.000006,-0.000004,0.000015,0.000002,-0.000011,-0.000003,0.000005,-0.000014,-0.000006,-0.000011,-0.000002,-0.000012,0.000007,-0.000004,0.000004,0.000000,0.000000,0.000000,0.000000,0.000000,0.000000,0.000000,0.000000,0.000000,0.000000,0.000000,0.000000,0.000000,0.000000,0.000000,0.000000,0.000000,0.000000,0.000000,0.000000,0.000000,0.000000,0.000000,0.000000,0.000000,0.000000,0.000000,0.000000,0.000000,0.000000,0.000000,0.000000,0.000000,0.000000,0.000000,0.000000,0.000000
0.000000,0.000000,0.000000,0.000000,0.000000,0.000000,0.000000,0.000000,0.000000,0.000000,0.000000,0.000000,0.000000,0.000000,0.000000,0.000000,0.000000,0.000000,0.000000,0.000000,0.000000,0.000000,0.000000,0.000000,0.000000,0.000000,0.000000,0.000000,0.000000,0.000000,0.000000,0.000000,0.000000,0.000000,-0.000006,0.000011,-0.000003,-0.000002,-0.000002,-0.000003,0.000009,-0.000013,0.000005,0.000001,0.000003,0.000014,-0.000004,0.000021,0.000016,-0.000004,0.000010,0.000012,-0.000016,0.000012,-0.000016,0.000001,-0.000014,0.000003,0.000012,-0.000003,0.000002,0.000004,0.000026,0.000005,-0.000002,-0.000000,0.000006,0.000001,-0.000007,0.000000,0.000000,0.000000,0.000000,0.000000,0.000000,0.000000,0.000000,0.000000,0.000000,0.000000,0.000000,0.000000,0.000000,0.000000,0.000000,0.000000,0.000000,0.000000,0.000000,0.000000,0.000000,0.000000,0.000000,0.000000,0.000000,0.000000,0.000000,0.000000,0.000000,0.000000,0.000000,0.000000,0.000000
0.000000,0.000000,0.000000,0.000000,0.000000,0.000000,0.000000,0.000000,0.000000,0.000000,0.000000,0.000000,0.000000,0.000000,0.000000,0.000000,0.000000,0.000000,0.000000,0.000000,0.000000,0.000000,0.000000,0.000000,0.000000,0.000000,0.000000,0.000000,0.000000,0.000000,0.000000,0.000000,-0.000001,0.000000,-0.000002,0.000000,-0.000001,-0.000007,0.000003,-0.000010,0.000009,-0.000017,-0.000002,0.000002,-0.000004,0.000006,-0.000021,-0.000007,-0.000009,0.000008,-0.000010,0.000005,0.000007,-0.000001,-0.000002,0.000008,0.000019,-0.000000,0.000002,-0.000004,-0.000001,-0.000010,-0.000016,-0.000015,-0.000000,0.000002,-0.000008,-0.000005,0.000000,0.000003,0.000001,0.000000,0.000000,0.000000,0.000000,0.000000,0.000000,0.000000,0.000000,0.000000,0.000000,0.000000,0.000000,0.000000,0.000000,0.000000,0.000000,0.000000,0.000000,0.000000,0.000000,0.000000,0.000000,0.000000,0.000000,0.000000,0.000000,0.000000,0.000000,0.000000,0.000000,0.000000,0.000000
0.000000,0.000000,0.000000,0.000000,0.000000,0.000000,0.000000,0.000000,0.000000,0.000000,0.000000,0.000000,0.000000,0.000000,0.000000,0.000000,0.000000,0.000000,0.000000,0.000000,0.000000,0.000000,0.000000,0.000000,0.000000,0.000000,0.000000,0.000000,0.000000,0.000000,0.000011,0.000002,-0.000008,0.000011,-0.000012,0.000008,-0.000001,0.000010,0.000015,-0.000006,0.000001,0.000012,0.000004,0.000002,-0.000004,0.000017,0.000004,0.000004,-0.000003,-0.000004,-0.000008,-0.000006,0.000002,-0.000018,0.000017,-0.000020,0.000003,-0.000013,-0.000015,0.000014,0.000005,0.000007,0.000011,-0.000000,0.000012,-0.000009,0.000007,0.000001,-0.000001,0.000003,-0.000013,0.000000,0.000006,0.000000,0.000000,0.000000,0.000000,0.000000,0.000000,0.000000,0.000000,0.000000,0.000000,0.000000,0.000000,0.000000,0.000000,0.000000,0.000000,0.000000,0.000000,0.000000,0.000000,0.000000,0.000000,0.000000,0.000000,0.000000,0.000000,0.000000,0.000000,0.000000,0.000000
0.000000,0.000000,0.000000,0.000000,0.000000,0.000000,0.000000,0.000000,0.000000,0.000000,0.000000,0.000000,0.000000,0.000000,0.000000,0.000000,0.000000,0.000000,0.000000,0.000000,0.000000,0.000000,0.000000,0.000000,0.000000,0.000000,0.000000,0.000000,0.000007,-0.000003,-0.000000,-0.000009,0.000007,0.000004,-0.000003,-0.000006,-0.000012,-0.000008,0.000000,0.000001,-0.000006,-0.000001,0.000002,-0.000003,0.000012,-0.000007,-0.000008,0.000010,-0.000019,0.000015,0.000009,-0.000010,0.000017,-0.000002,0.000005,-0.000004,0.000009,0.000008,0.000001,0.000002,-0.000005,0.000001,-0.000008,-0.000007,0.000008,-0.000007,0.000004,-0.000009,0.000012,0.000005,0.000007,-0.000003,0.000003,-0.000005,-0.000005,0.000000,0.000000,0.000000,0.000000,0.000000,0.000000,0.000000,0.000000,0.000000,0.000000,0.000000,0.000000,0.000000,0.000000,0.000000,0.000000,0.000000,0.000000,0.000000,0.000000,0.000000,0.000000,0.000000,0.000000,0.000000,0.000000,0.000000,0.000000
0.000000,0.000000,0.000000,0.000000,0.000000,0.000000,0.000000,0.000000,0.000000,0.000000,0.000000,0.000000,0.000000,0.000000,0.000000,0.000000,0.000000,0.000000,0.000000,0.000000,0.000000,0.000000,0.000000,0.000000,0.000000,0.000000,-0.000018,0.000003,0.000009,-0.000007,0.000000,-0.000016,0.000014,-0.000001,-0.000011,0.000022,0.000006,-0.000002,0.000002,-0.000011,0.000004,0.000013,-0.000002,-0.000011,0.000004,-0.000018,-0.000004,-0.000002,0.000003,0.000001,0.000010,-0.000010,-0.000009,-0.000012,0.000017,-0.000008,0.000002,0.000002,-0.000008,-0.000007,-0.000001,-0.000001,0.000002,0.000003,-0.000005,0.000003,-0.000011,0.000005,0.000004,-0.000006,-0.000017,-0.000005,-0.000003,0.000010,-0.000001,-0.000000,-0.000005,0.000000,0.000000,0.000000,0.000000,0.000000,0.000000,0.000000,0.000000,0.000000,0.000000,0.000000,0.000000,0.000000,0.000000,0.000000,0.000000,0.000000,0.000000,0.000000,0.000000,0.000000,0.000000,0.000000,0.000000,0.000000,0.000000
0.000000,0.000000,0.000000,0.000000,0.000000,0.000000,0.000000,0.000000,0.000000,0.000000,0.000000,0.000000,0.000000,0.000000,0.000000,0.000000,0.000000,0.000000,0.000000,0.000000,0.000000,0.000000,0.000000,0.000000,-0.000002,0.000008,0.000019,0.000006,-0.000006,-0.000006,0.000009,-0.000008,0.000017,0.000000,-0.000017,0.000017,0.000002,-0.000017,0.000014,0.000002,-0.000015,0.000002,-0.000007,0.000008,0.000008,-0.000002,0.000012,-0.000010,0.000009,-0.000012,0.000006,0.000007,0.000009,0.000011,-0.000013,0.000008,-0.000022,-0.000001,-0.000001,0.000018,0.000008,0.000010,0.000002,-0.000004,-0.000000,0.000001,0.000011,-0.000006,0.000012,0.000001,0.000009,0.000013,-0.000003,0.000007,-0.000007,0.000007,-0.000011,0.000015,-0.000004,0.000000,0.000000,0.000000,0.000000,0.000000,0.000000,0.000000,0.000000,0.000000,0.000000,0.000000,0.000000,0.000000,0.000000,0.000000,0.000000,0.000000,0.000000,0.000000,0.000000,0.000000,0.000000,0.000000,0.000000
0.000000,0.000000,0.000000,0.000000,0.000000,0.000000,0.000000,0.000000,0.000000,0.000000,0.000000,0.000000,0.000000,0.000000,0.000000,0.000000,0.000000,0.000000,0.000000,0.000000,0.000000,0.000000,0.000000,0.000005,-0.000009,0.000010,-0.000003,-0.000023,0.000008,-0.000004,0.000018,-0.000004,-0.000005,-0.000001,0.000001,0.000004,0.000004,0.000004,-0.000011,-0.000002,0.000008,0.000009,-0.000008,-0.000001,0.000005,-0.000012,-0.000002,0.000010,-0.000007,0.000005,-0.000010,-0.000002,-0.000012,0.000002,-0.000004,0.000033,0.000002,0.000002,0.000001,-0.000010,-0.000004,-0.000004,-0.000004,0.000004,0.000008,-0.000005,-0.000004,-0.000004,-0.000017,-0.000008,0.000017,-0.000011,-0.000010,0.000004,0.000003,0.000007,0.000008,-0.000003,0.000002,-0.000001,0.000000,0.000000,0.000000,0.000000,0.000000,0.000000,0.000000,0.000000,0.000000,0.000000,0.000000,0.000000,0.000000,0.000000,0.000000,0.000000,0.000000,0.000000,0.000000,0.000000,0.000000,0.000000,0.000000
0.000000,0.000000,0.000000,0.000000,0.000000,0.000000,0.000000,0.000000,0.000000,0.000000,0.000000,0.000000,0.000000,0.000000,0.000000,0.000000,0.000000,0.000000,0.000000,0.000000,0.000000,-0.000009,0.000005,-0.000010,0.000007,-0.000002,-0.000000,-0.000001,0.000005,-0.000007,-0.000017,-0.000001,0.000001,-0.000001,0.000009,-0.000012,-0.000007,0.000021,-0.000009,-0.000004,-0.000004,0.000009,-0.000007,0.000016,-0.000007,0.000006,0.000006,0.000001,-0.000007,0.000001,0.000006,0.000008,-0.000003,0.000013,-0.000017,-0.000018,0.000006,-0.000022,0.000013,-0.000009,0.000006,-0.000005,0.000000,-0.000005,-0.000010,0.000006,0.000012,-0.000007,0.000009,-0.000008,0.000003,0.000001,-0.000001,0.000005,-0.000007,-0.000008,0.000004,-0.000003,-0.000003,0.000001,0.000001,0.000004,0.000000,0.000000,0.000000,0.000000,0.000000,0.000000,0.000000,0.000000,0.000000,0.000000,0.000000,0.000000,0.000000,0.000000,0.000000,0.000000,0.000000,0.000000,0.000000,0.000000,0.000000
0.000000,0.000000,0.000000,0.000000,0.000000,0.000000,0.000000,0.000000,0.000000,0.000000,0.000000,0.000000,0.000000,0.000000,0.000000,0.000000,0.000000,0.000000,0.000000,0.000000,-0.000002,0.000017,-0.000008,0.000020,-0.000019,-0.000004,0.000004,-0.000003,0.000017,-0.000002,0.000011,0.000020,0.000001,-0.000002,0.000000,-0.000007,0.000001,-0.000007,-0.000005,-0.000001,0.000008,-0.000007,0.000005,-0.000006,-0.000003,-0.000006,0.000002,0.000005,-0.000018,0.000004,0.000003,-0.000009,0.000003,-0.000007,0.000004,0.000007,0.000003,0.000004,0.000014,-0.000003,0.000005,-0.000001,0.000014,0.000002,-0.000006,0.000003,0.000004,-0.000020,0.000005,0.000002,-0.000006,-0.000001,0.000008,0.000005,-0.000005,0.000003,-0.000005,0.000013,-0.000009,-0.000008,-0.000007,-0.000010,0.000015,0.000000,0.000000,0.000000,0.000000,0.000000,0.000000,0.000000,0.000000,0.000000,0.000000,0.000000,0.000000,0.000000,0.000000,0.000000,0.000000,0.000000,0.000000,0.000000,0.000000
0.000000,0.000000,0.000000,0.000000,0.000000,0.000000,0.000000,0.000000,0.000000,0.000000,0.000000,0.000000,0.000000,0.000000,0.000000,0.000000,0.000000,0.000000,0.000000,0.000010,-0.000008,0.000014,-0.000005,-0.000011,0.000002,0.000014,0.000008,-0.000005,-0.000004,-0.000002,-0.000012,-0.000009,-0.000009,-0.000016,0.000010,-0.000010,0.000000,0.000008,0.000011,0.000007,-0.000001,-0.000005,0.000002,-0.000013,0.000014,0.000012,-0.000007,-0.000001,0.000007,0.000000,0.000011,-0.000011,-0.000006,-0.000009,0.000013,-0.000004,0.000006,-0.000016,-0.000000,0.000007,-0.000011,-0.000011,-0.000008,0.000007,-0.000004,0.000004,-0.000009,0.000011,0.000006,-0.000002,0.000005,0.000010,0.000003,-0.000000,-0.000009,-0.000013,0.000014,0.000000,0.000017,0.000004,0.000004,-0.000014,0.000012,-0.000013,0.000000,0.000000,0.000000,0.000000,0.000000,0.000000,0.000000,0.000000,0.000000,0.000000,0.000000,0.000000,0.000000,0.000000,0.000000,0.000000,0.000000,0.000000,0.000000
0.000000,0.000000,0.000000,0.000000,0.000000,0.000000,0.000000,0.000000,0.000000,0.000000,0.000000,0.000000,0.000000,0.000000,0.000000,0.000000,0.000000,0.000000,-0.000008,0.000006,-0.000012,-0.000013,0.000004,-0.000006,0.000011,-0.000006,0.000002,-0.000006,-0.000001,0.000003,0.000006,0.000004,0.000013,0.000010,-0.000013,0.000010,0.000025,-0.000035,0.000004,-0.000002,-0.000015,-0.000001,0.000003,0.000003,0.000003,-0.000001,-0.000008,0.000003,0.000013,0.000000,-0.000023,0.000020,0.000011,-0.000014,0.000015,-0.000013,0.000003,0.000000,-0.000010,-0.000000,0.000001,0.000013,-0.000009,0.000016,-0.000001,-0.000003,0.000012,-0.000001,-0.000019,0.000010,-0.000015,-0.000006,-0.000010,-0.000000,0.000018,-0.000003,0.000001,-0.000015,-0.000026,-0.000012,0.000014,0.000006,-0.000003,-0.000009,0.000017,0.000000,0.000000,0.000000,0.000000,0.000000,0.000000,0.000000,0.000000,0.000000,0.000000,0.000000,0.000000,0.000000,0.000000,0.000000,0.000000,0.000000,0.000000
0.000000,0.000000,0.000000,0.000000,0.000000,0.000000,0.000000,0.000000,0.000000,0.000000,0.000000,0.000000,0.000000,0.000000,0.000000,0.000000,0.000000,0.000013,-0.000009,-0.000000,0.000007,0.000019,-0.000005,-0.000000,-0.000003,-0.000014,0.000002,-0.000012,0.000019,0.000014,-0.000005,-0.000003,0.000002,-0.000010,-0.000012,0.000005,0.000004,-0.000014,0.000002,0.000013,-0.000002,0.000014,-0.000003,-0.000009,-0.000005,0.000002,-0.000015,-0.000003,-0.000001,-0.000002,0.000012,0.000008,0.000001,-0.000005,0.000004,-0.000008,0.000009,0.000007,0.000015,0.000007,0.000001,0.000002,-0.000007,0.000001,-0.000004,-0.000006,0.000006,0.000014,-0.000003,0.000004,0.000018,0.000005,-0.000010,0.000014,-0.000005,-0.000012,0.000009,0.000011,0.000015,0.000008,0.000012,-0.000002,-0.000004,-0.000019,0.000005,-0.000008,0.000000,0.000000,0.000000,0.000000,0.000000,0.000000,0.000000,0.000000,0.000000,0.000000,0.000000,0.000000,0.000000,0.000000,0.000000,0.000000,0.000000
0.000000,0.000000,0.000000,0.000000,0.000000,0.000000,0.000000,0.000000,0.000000,0.000000,0.000000,0.000000,0.000000,0.000000,0.000000,0.000000,-0.000018,0.000013,-0.000028,0.000001,-0.000004,-0.000003,0.000002,-0.000003,-0.000000,0.000011,-0.000000,0.000005,0.000001,-0.000017,-0.000001,-0.000005,-0.000001,0.000002,0.000004,0.000013,-0.000009,0.000015,0.000003,-0.000010,0.000002,0.000017,-0.000027,0.000021,-0.000001,0.000011,0.000001,0.000008,-0.000003,0.000013,0.000001,-0.000031,-0.000008,0.000006,-0.000003,-0.000004,-0.000011,-0.000001,-0.000021,-0.000005,-0.000008,-0.000004,-0.000003,0.000000,-0.000001,-0.000006,0.000000,-0.000010,-0.000010,-0.000012,-0.000014,-0.000002,-0.000003,0.000003,-0.000006,0.000010,-0.000000,-0.000011,0.000008,-0.000021,-0.000004,-0.000004,0.000022,0.000003,0.000004,-0.000004,-0.000002,0.000000,0.000000,0.000000,0.000000,0.000000,0.000000,0.000000,0.000000,0.000000,0.000000,0.000000,0.000000,0.000000,0.000000,0.000000,0.000000
0.000000,0.000000,0.000000,0.000000,0.000000,0.000000,0.000000,0.000000,0.000000,0.000000,0.000000,0.000000,0.000000,0.000000,0.000000,0.000013,0.000013,0.000023,-0.000005,0.000013,-0.000005,-0.000004,-0.000016,0.000004,-0.000003,-0.000000,-0.000007,-0.000011,0.000007,-0.000009,-0.000003,-0.000004,0.000008,0.000014,0.000002,-0.000003,-0.000011,0.000011,-0.000004,-0.000003,0.000004,-0.000008,-0.000000,0.000003,-0.000003,-0.000007,-0.000000,-0.000002,-0.000007,-0.000008,0.000000,0.000005,0.000009,0.000002,-0.000011,0.000019,0.000013,-0.000003,0.000005,0.000022,0.000007,-0.000006,0.000019,0.000012,0.000004,0.000005,0.000009,0.000002,0.000011,0.000002,-0.000000,0.000013,-0.000012,0.000006,-0.000005,-0.000003,0.000005,-0.000004,0.000014,0.000001,-0.000005,-0.000005,-0.000004,-0.000004,-0.000003,0.000004,0.000006,0.000005,0.000000,0.000000,0.000000,0.000000,0.000000,0.000000,0.000000,0.000000,0.000000,0.000000,0.000000,0.000000,0.000000,0.000000,0.000000
0.000000,0.000000,0.000000,0.000000,0.000000,0.000000,0.000000,0.000000,0.000000,0.000000,0.000000,0.000000,0.000000,0.000000,-0.000008,-0.000009,-0.000028,-0.000005,-0.000000,-0.000002,-0.000004,0.000008,-0.000002,0.000012,-0.000002,0.000004,0.000007,0.000004,0.000016,-0.000003,0.000031,-0.000014,-0.000012,-0.000002,-0.000017,-0.000004,-0.000000,0.000007,-0.000011,0.000005,-0.000009,-0.000002,0.000004,-0.000007,0.000004,-0.000011,0.000003,0.000003,0.000014,0.000021,-0.000010,-0.000012,0.000029,-0.000013,-0.000005,-0.000002,0.000004,-0.000019,-0.000009,-0.000005,-0.000000,-0.000015,-0.000015,-0.000009,-0.000014,-0.000008,-0.000004,-0.000002,0.000017,0.000000,-0.000004,0.000008,-0.000008,-0.000006,0.000005,0.000003,-0.000002,-0.000006,-0.000010,-0.000004,0.000009,-0.000001,0.000004,-0.000003,0.000011,-0.000019,0.000006,-0.000006,0.000008,0.000000,0.000000,0.000000,0.000000,0.000000,0.000000,0.000000,0.000000,0.000000,0.000000,0.000000,0.000000,0.000000,0.000000
0.000000,0.000000,0.000000,0.000000,0.000000,0.000000,0.000000,0.000000,0.000000,0.000000,0.000000,0.000000,0.000000,0.000010,0.000006,-0.000000,0.000001,0.000013,-0.000002,0.000004,0.000004,0.000019,-0.000014,0.000007,-0.000013,0.000006,-0.000006,-0.000011,-0.000010,0.000009,0.000002,-0.000024,0.000012,0.000018,-0.000004,0.000012,0.000000,-0.000015,-0.000004,0.000016,0.000006,-0.000003,0.000017,-0.000000,0.000006,0.000006,-0.000010,-0.000012,0.000005,-0.000012,-0.000007,-0.000007,0.000005,-0.000015,0.000017,-0.000012,0.000004,0.000005,0.000004,0.000007,-0.000002,0.000013,0.000001,0.000003,0.000006,0.000015,-0.000007,-0.000006,-0.000003,-0.000006,-0.000008,0.000003,-0.000003,0.000008,0.000005,-0.000001,-0.000006,0.000022,0.000013,-0.000014,0.000016,0.000003,0.000001,-0.000001,0.000009,-0.000007,-0.000015,0.000002,-0.000010,0.000000,0.000000,0.000000,0.000000,0.000000,0.000000,0.000000,0.000000,0.000000,0.000000,0.000000,0.000000,0.000000,0.000000
0.000000,0.000000,0.000000,0.000000,0.000000,0.000000,0.000000,0.000000,0.000000,0.000000,0.000000,0.000000,-0.000002,-0.000008,-0.000012,0.000007,-0.000004,-0.000005,-0.000004,0.000004,-0.000006,-0.000005,-0.000012,0.000005,0.000003,0.000004,-0.000003,0.000018,-0.000006,-0.000012,-0.000008,0.000002,-0.000007,-0.000002,-0.000003,-0.000003,-0.000001,-0.000005,0.000009,0.000001,-0.000012,0.000002,-0.000005,-0.000017,-0.000001,0.000004,0.000000,-0.000009,-0.000013,0.000005,0.000001,0.000009,0.000003,0.000007,0.000005,-0.000008,-0.000015,0.000010,-0.000008,0.000003,0.000000,-0.000010,-0.000009,0.000005,0.000002,-0.000023,0.000015,0.000003,-0.000009,0.000007,0.000012,-0.000003,0.000008,-0.000005,-0.000005,-0.000016,-0.000015,0.000017,-0.000016,0.000002,-0.000013,0.000006,-0.000003,-0.000002,0.000003,-0.000001,0.000005,0.000009,-0.000000,-0.000006,0.000007,0.000000,0.000000,0.000000,0.000000,0.000000,0.000000,0.000000,0.000000,0.000000,0.000000,0.000000,0.000000
0.000000,0.000000,0.000000,0.000000,0.000000,0.000000,0.000000,0.000000,0.000000,0.000000,0.000000,-0.000009,0.000017,0.000014,-0.000013,0.000019,-0.000003,-0.000004,0.000008,0.000019,-0.000005,0.000008,0.000002,-0.000000,0.000008,0.000001,-0.000011,-0.000007,0.000005,0.000002,0.000006,0.000017,0.000014,-0.000005,0.000007,0.000001,0.000011,-0.000001,-0.000000,-0.000009,0.000008,0.000013,0.000011,-0.000004,0.000000,-0.000003,0.000013,0.000027,0.000013,0.000005,0.000001,0.000006,-0.000027,-0.000004,0.000015,0.000011,0.000006,0.000019,-0.000014,0.000018,0.000001,0.000002,0.000000,0.000007,0.000002,0.000008,-0.000007,0.000001,-0.000003,0.000014,0.000006,-0.000008,0.000010,-0.000005,0.000009,0.000022,0.000006,0.000004,-0.000022,0.000009,0.000010,0.000002,0.000004,-0.000003,0.000016,-0.000010,0.000002,-0.000006,-0.000000,0.000007,0.000005,-0.000009,0.000000,0.000000,0.000000,0.000000,0.000000,0.000000,0.000000,0.000000,0.000000,0.000000,0.000000
0.000000,0.000000,0.000000,0.000000,0.000000,0.000000,0.000000,0.000000,0.000000,0.000000,0.000000,0.000005,-0.000008,-0.000005,0.000004,-0.000005,0.000002,-0.000016,-0.000002,-0.000014,-0.000012,0.000002,0.000003,-0.000002,-0.000012,0.000004,-0.000001,0.000012,0.000008,-0.000008,-0.000011,-0.000006,-0.000006,-0.000016,0.000008,-0.000013,-0.000024,0.000002,0.000022,-0.000021,0.000007,-0.000025,-0.000008,0.000009,0.000015,-0.000011,-0.000009,-0.000002,-0.000015,-0.000004,-0.000001,-0.000011,0.000006,0.000002,-0.000003,-0.000005,-0.000003,-0.000017,-0.000012,0.000007,-0.000009,-0.000003,0.000004,0.000001,-0.000001,-0.000005,-0.000014,0.000015,-0.000012,0.000002,-0.000019,-0.000013,-0.000002,-0.000003,-0.000004,-0.000010,-0.000002,0.000002,0.000001,0.000004,-0.000018,-0.000013,0.000001,-0.000005,0.000005,-0.000010,0.000002,0.000003,-0.000001,-0.000006,-0.000002,0.000011,0.000000,0.000000,0.000000,0.000000,0.000000,0.000000,0.000000,0.000000,0.000000,0.000000,0.000000
0.000000,0.000000,0.000000,0.000000,0.000000,0.000000,0.000000,0.000000,0.000000,0.000000,0.000005,-0.000010,0.000020,-0.000011,-0.000006,-0.000000,-0.000003,0.000004,0.000012,0.000007,0.000005,-0.000000,-0.000002,0.000019,0.000009,0.000005,-0.000013,-0.000008,-0.000006,0.000000,-0.000006,0.000003,-0.000000,-0.000002,0.000022,0.000004,0.000016,0.000001,-0.000006,0.000009,0.000007,0.000004,-0.000006,-0.000001,-0.000000,-0.000009,0.000004,-0.000005,-0.000008,0.000017,0.000009,0.000002,0.000017,-0.000007,-0.000003,-0.000003,-0.000005,0.000015,0.000009,0.000001,-0.000007,0.000001,0.000003,-0.000019,0.000028,0.000005,-0.000004,0.000010,0.000010,-0.000014,0.000015,0.000016,0.000012,-0.000010,-0.000006,-0.000012,0.000007,0.000001,-0.000005,0.000010,0.000014,0.000022,0.000007,-0.000001,-0.000008,0.000007,-0.000008,0.000003,-0.000005,0.000003,-0.000002,-0.000009,-0.000003,0.000000,0.000000,0.000000,0.000000,0.000000,0.000000,0.000000,0.000000,0.000000,0.000000
0.000000,0.000000,0.000000,0.000000,0.000000,0.000000,0.000000,0.000000,0.000000,-0.000002,-0.000009,0.000007,-0.000019,0.000002,0.000011,-0.000003,-0.000000,-0.000003,-0.000002,-0.000013,0.000003,0.000008,-0.000012,0.000009,-0.000027,0.000003,-0.000004,0.000007,0.000006,0.000004,0.000015,0.000013,0.000012,-0.000000,-0.000007,-0.000011,-0.000002,0.000006,-0.000010,-0.000016,-0.000011,0.000006,0.000013,0.000010,-0.000014,0.000009,0.000024,0.000007,-0.000000,-0.000002,-0.000009,-0.000009,0.000003,0.000004,-0.000003,0.000022,-0.000003,-0.000011,-0.000014,0.000010,-0.000004,0.000003,0.000011,-0.000008,-0.000005,-0.000020,0.000006,0.000004,0.000005,-0.000011,-0.000003,-0.000007,-0.000009,0.000012,0.000026,0.000002,-0.000003,0.000001,0.000006,0.000001,-0.000012,-0.000013,-0.000015,-0.000005,0.000008,0.000000,-0.000004,0.000001,-0.000002,0.000002,0.000001,0.000012,-0.000004,-0.000002,0.000000,0.000000,0.000000,0.000000,0.000000,0.000000,0.000000,0.000000,0.000000
0.000000,0.000000,0.000000,0.000000,0.000000,0.000000,0.000000,0.000000,0.000000,0.000008,0.000010,-0.000002,-0.000004,0.000014,-0.000006,-0.000014,0.000011,-0.000000,0.000004,0.000006,0.000004,0.000001,0.000004,0.000005,0.000003,0.000012,0.000002,0.000022,-0.000009,-0.000034,-0.000006,-0.000020,-0.000000,0.000008,-0.000002,-0.000006,0.000014,0.000004,0.000003,0.000022,0.000006,-0.000011,0.000012,-0.000019,-0.000019,-0.000005,-0.000027,-0.000009,-0.000003,0.000016,0.000013,0.000000,-0.000000,-0.000003,-0.000011,-0.000001,-0.000008,-0.000001,-0.000009,0.000007,-0.000003,-0.000009,-0.000003,-0.000010,0.000026,0.000003,0.000007,-0.000009,0.000002,-0.000001,-0.000006,0.000008,-0.000016,0.000018,-0.000019,-0.000004,0.000006,0.000003,-0.000006,-0.000005,0.000008,-0.000003,0.000001,0.000012,0.000006,0.000003,-0.000001,-0.000011,0.000006,0.000017,-0.000009,0.000004,-0.000006,0.000004,0.000000,0.000000,0.000000,0.000000,0.000000,0.000000,0.000000,0.000000,0.000000
0.000000,0.000000,0.000000,0.000000,0.000000,0.000000,0.000000,0.000000,-0.000018,0.000019,-0.000003,-0.000000,0.000004,0.000008,0.000002,0.000002,-0.000000,-0.000007,0.000007,-0.000006,-0.000003,-0.000011,-0.000001,-0.000013,-0.000004,0.000002,-0.000062,0.000006,0.000007,0.000017,0.000033,0.000014,0.000003,0.000002,-0.000008,0.000023,-0.000009,-0.000026,-0.000003,-0.000012,0.000005,-0.000007,0.000024,0.000005,0.000011,0.000026,0.000006,0.000005,0.000013,-0.000026,0.000005,-0.000016,-0.000006,0.000018,-0.000006,0.000006,-0.000005,0.000024,-0.000005,0.000009,0.000010,0.000006,0.000018,0.000003,0.000008,-0.000017,0.000026,-0.000010,0.000002,0.000001,-0.000009,0.000019,-0.000011,0.000007,-0.000005,-0.000006,-0.000004,-0.000001,0.000002,0.000015,0.000003,-0.000005,-0.000012,0.000014,-0.000007,-0.000001,-0.000003,-0.000020,0.000004,-0.000021,0.000004,-0.000001,-0.000009,0.000004,-0.000011,0.000000,0.000000,0.000000,0.000000,0.000000,0.000000,0.000000,0.000000
0.000000,0.000000,0.000000,0.000000,0.000000,0.000000,0.000000,0.000000,0.000003,0.000006,-0.000023,-0.000001,-0.000003,-0.000005,-0.000006,-0.000012,0.000005,-0.000011,0.000004,-0.000011,0.000018,-0.000007,0.000012,-0.000008,0.000007,0.000022,0.000006,0.000023,0.000001,-0.000003,-0.000011,-0.000030,-0.000018,-0.000007,-0.000018,-0.000008,0.000007,0.000019,0.000010,-0.000005,0.000011,-0.000012,-0.000013,-0.000029,-0.000004,-0.000013,-0.000001,0.000003,0.000012,-0.000008,0.000000,0.000014,-0.000014,0.000010,-0.000002,-0.000000,-0.000010,0.000012,-0.000019,-0.000015,-0.000013,-0.000009,-0.000014,-0.000008,-0.000013,-0.000002,-0.000022,-0.000002,0.000016,-0.000003,-0.000006,0.000001,-0.000014,0.000003,-0.000006,0.000011,-0.000003,-0.000006,-0.000009,-0.000012,-0.000013,0.000008,-0.000011,0.000004,0.000008,0.000015,0.000005,0.000005,0.000027,-0.000014,0.000007,0.000015,0.000001,0.000004,0.000014,0.000000,0.000000,0.000000,0.000000,0.000000,0.000000,0.000000,0.000000
0.000000,0.000000,0.000000,0.000000,0.000000,0.000000,0.000000,0.000007,0.000009,-0.000006,0.000008,0.000005,0.000017,-0.000004,-0.000001,0.000019,0.000001,0.000007,0.000016,-0.000010,-0.000006,0.000005,0.000008,-0.000006,0.000006,-0.000009,0.000007,0.000001,-0.000049,-0.000008,-0.000010,0.000010,0.000055,0.000027,0.000013,-0.000002,-0.000008,-0.000024,0.000004,-0.000020,0.000014,0.000009,0.000034,0.000015,0.000012,0.000001,-0.000007,-0.000043,-0.000003,0.000016,-0.000003,0.000001,0.000007,-0.000007,0.000006,-0.000001,0.000001,0.000004,-0.000009,0.000008,0.000021,0.000009,0.000002,0.000011,0.000016,0.000008,0.000013,-0.000002,0.000001,0.000012,-0.000008,0.000017,0.000004,0.000003,0.000002,0.000009,0.000001,0.000002,0.000010,0.000007,0.000015,0.000011,0.000003,0.000008,-0.000005,-0.000002,-0.000011,-0.000002,0.000002,-0.000003,-0.000004,-0.000006,0.000004,-0.000011,0.000005,0.000007,0.000000,0.000000,0.000000,0.000000,0.000000,0.000000,0.000000
0.000000,0.000000,0.000000,0.000000,0.000000,0.000000,0.000000,-0.000003,-0.000007,-0.000006,-0.000004,-0.000007,-0.000002,-0.000002,0.000003,0.000014,-0.000017,-0.000009,-0.000003,0.000009,-0.000012,0.000002,-0.000008,0.000000,0.000004,-0.000034,0.000017,-0.000003,-0.000008,0.000077,0.000010,0.000000,-0.000033,-0.000036,-0.000033,-0.000020,0.000011,0.000023,0.000019,-0.000016,-0.000005,-0.000046,-0.000027,-0.000007,-0.000001,0.000000,0.000066,0.000007,0.000003,0.000008,-0.000024,-0.000005,-0.000008,-0.000006,0.000003,0.000009,-0.000006,-0.000001,0.000009,0.000006,-0.000002,-0.000013,-0.000010,-0.000008,0.000003,-0.000009,-0.000012,-0.000003,-0.000002,-0.000016,-0.000012,-0.000012,-0.000004,0.000010,-0.000007,0.000001,-0.000002,0.000003,0.000001,-0.000009,-0.000007,0.000003,-0.000020,0.000009,-0.000016,0.000006,0.000008,-0.000021,0.000001,0.000018,0.000000,-0.000008,-0.000001,0.000005,0.000003,-0.000014,0.000000,0.000000,0.000000,0.000000,0.000000,0.000000,0.000000
0.000000,0.000000,0.000000,0.000000,0.000000,0.000000,0.000011,-0.000000,0.000000,0.000009,0.000018,-0.000017,0.000011,-0.000012,0.000006,-0.000005,-0.000001,-0.000003,0.000031,0.000002,-0.000008,0.000006,-0.000011,-0.000006,0.000015,-0.000006,0.000033,-0.000011,-0.000010,0.000010,-0.000090,-0.000024,-0.000006,0.000030,0.000056,0.000058,-0.000008,-0.000023,-0.000013,-0.000002,0.000065,0.000028,0.000022,0.000008,-0.000035,-0.000066,0.000003,-0.000005,-0.000014,0.000009,-0.000003,0.000007,0.000015,0.000019,-0.000019,0.000012,-0.000009,0.000003,-0.000007,0.000009,-0.000008,0.000014,0.000001,-0.000001,-0.000006,-0.000008,0.000007,0.000007,-0.000004,0.000013,0.000010,-0.000001,0.000000,-0.000003,0.000001,-0.000007,0.000009,0.000008,-0.000014,-0.000007,0.000001,0.000012,0.000004,-0.000002,-0.000012,0.000010,0.000010,0.000012,-0.000001,-0.000007,0.000003,-0.000006,0.000004,0.000003,-0.000009,-0.000001,0.000007,0.000000,0.000000,0.000000,0.000000,0.000000,0.000000
0.000000,0.000000,0.000000,0.000000,0.000000,0.000000,0.000002,-0.000009,-0.000016,-0.000008,-0.000004,-0.000001,0.000020,-0.000009,0.000004,-0.000003,-0.000005,-0.000004,-0.000014,-0.000024,0.000002,0.000017,-0.000006,0.000003,0.000013,-0.000020,0.000014,-0.000030,0.000010,0.000000,-0.000024,0.000158,0.000031,0.000010,-0.000035,-0.000092,-0.000023,0.000017,0.000024,-0.000032,-0.000074,-0.000013,-0.000001,0.000033,0.000116,-0.000013,-0.000022,0.000013,-0.000006,0.000030,-0.000017,0.000011,-0.000014,-0.000009,0.000010,-0.000006,-0.000002,-0.000009,-0.000005,0.000008,-0.000010,-0.000002,0.000014,-0.000007,0.000014,0.000008,-0.000018,0.000007,0.000006,-0.000006,0.000020,-0.000011,0.000008,0.000003,0.000007,-0.000006,0.000004,-0.000003,0.000004,0.000012,-0.000003,0.000004,-0.000019,0.000005,-0.000005,-0.000005,-0.000012,-0.000005,0.000010,-0.000004,0.000002,-0.000006,-0.000005,0.000003,-0.000003,-0.000005,0.000001,0.000000,0.000000,0.000000,0.000000,0.000000,0.000000
0.000000,0.000000,0.000000,0.000000,0.000000,-0.000001,-0.000008,0.000007,0.000014,0.000017,-0.000005,0.000001,0.000001,-0.000009,0.000013,0.000002,-0.000001,0.000008,-0.000012,0.000012,-0.000007,0.000014,-0.000006,-0.000000,0.000012,-0.000000,0.000003,-0.000018,0.000055,-0.000033,-0.000006,0.000031,-0.000195,-0.000059,0.000018,0.000036,0.000021,0.000014,0.000040,0.000010,0.000008,0.000026,-0.000046,-0.000163,0.000006,0.000017,-0.000017,0.000034,-0.000026,0.000003,-0.000009,-0.000004,-0.000007,0.000011,0.000006,-0.000014,0.000010,0.000007,0.000010,-0.000002,0.000004,0.000000,-0.000005,-0.000008,0.000005,-0.000007,-0.000010,0.000002,-0.000009,0.000003,-0.000002,-0.000010,0.000004,-0.000002,-0.000003,-0.000006,0.000001,-0.000005,-0.000011,0.000004,-0.000016,0.000007,-0.000001,0.000016,-0.000004,0.000004,-0.000003,-0.000004,-0.000007,-0.000013,0.000008,0.000023,-0.000004,0.000009,-0.000006,0.000006,-0.000006,0.000005,0.000000,0.000000,0.000000,0.000000,0.000000
0.000000,0.000000,0.000000,0.000000,0.000000,0.000000,0.000011,0.000004,-0.000001,0.000000,-0.000001,-0.000001,-0.000002,-0.000016,0.000010,-0.000010,0.000002,0.000014,-0.000002,0.000018,-0.000002,-0.000005,-0.000016,-0.000002,-0.000000,0.000008,0.000002,-0.000007,0.000027,-0.000036,0.000030,0.000010,-0.000059,0.000244,0.000074,-0.000008,0.000165,-0.000070,-0.000032,0.000144,0.000000,0.000049,0.000222,-0.000032,0.000001,0.000042,-0.000026,0.000018,-0.000014,-0.000013,0.000014,0.000012,0.000005,-0.000012,0.000008,-0.000009,0.000004,-0.000003,-0.000009,-0.000008,0.000000,0.000010,0.000009,-0.000000,0.000006,0.000011,-0.000001,0.000014,-0.000005,0.000009,0.000007,0.000005,0.000000,-0.000010,0.000004,-0.000004,0.000010,0.000005,0.000008,0.000001,0.000003,0.000005,-0.000010,0.000006,-0.000018,0.000018,-0.000003,-0.000002,0.000007,-0.000004,-0.000003,0.000011,-0.000015,-0.000013,0.000004,0.000010,-0.000009,0.000015,0.000000,0.000000,0.000000,0.000000,0.000000
0.000000,0.000000,0.000000,0.000000,-0.000006,-0.000002,-0.000012,-0.000003,-0.000011,-0.000017,0.000001,0.000009,0.000000,0.000010,-0.000013,-0.000012,0.000004,0.000002,-0.000017,-0.000004,-0.000003,0.000007,0.000008,0.000022,-0.000007,-0.000002,-0.000008,-0.000018,0.000013,-0.000033,0.000056,-0.000035,0.000018,0.000074,-0.000256,-0.000220,-0.000304,-0.000349,-0.000335,-0.000280,-0.000177,-0.000259,0.000009,0.000048,-0.000031,0.000008,-0.000039,0.000020,-0.000003,0.000013,0.000010,-0.000010,0.000004,-0.000013,0.000018,0.000001,0.000016,-0.000008,0.000001,-0.000002,-0.000001,-0.000005,-0.000009,-0.000003,-0.000003,-0.000005,0.000002,0.000016,-0.000038,0.000002,-0.000015,-0.000010,0.000011,-0.000017,0.000015,-0.000008,0.000011,-0.000009,0.000002,0.000006,-0.000012,0.000012,0.000008,-0.000006,-0.000003,0.000011,-0.000001,-0.000005,0.000017,0.000010,-0.000004,-0.000000,0.000014,0.000006,-0.000004,0.000012,-0.000021,0.000003,-0.000006,0.000000,0.000000,0.000000,0.000000
0.000000,0.000000,0.000000,0.000000,0.000011,0.000000,0.000008,-0.000006,0.000022,0.000017,0.000004,-0.000012,-0.000007,-0.000010,0.000010,0.000005,0.000013,-0.000003,-0.000004,0.000012,-0.000003,0.000001,-0.000013,0.000004,-0.000011,-0.000006,0.000023,-0.000008,-0.000002,-0.000020,0.000058,-0.000092,0.000036,-0.000008,-0.000220,0.000400,0.001159,0.001320,0.001304,0.001219,0.000593,-0.000136,-0.000059,0.000042,-0.000049,0.000020,0.000001,0.000002,-0.000016,-0.000000,-0.000015,-0.000013,-0.000006,0.000009,0.000006,-0.000022,0.000004,-0.000005,0.000018,-0.000007,-0.000003,0.000000,-0.000003,0.000012,-0.000008,0.000008,-0.000003,0.000007,-0.000005,0.000015,0.000015,0.000001,0.000009,-0.000006,0.000006,-0.000001,-0.000008,-0.000001,0.000000,-0.000012,-0.000017,0.000004,-0.000009,0.000019,-0.000010,0.000004,-0.000014,-0.000004,-0.000007,-0.000012,-0.000004,-0.000002,-0.000008,-0.000009,0.000002,-0.000012,-0.000007,0.000004,0.000007,0.000000,0.000000,0.000000,0.000000
0.000000,0.000000,0.000000,0.000000,-0.000003,-0.000001,-0.000001,-0.000012,0.000006,0.000002,0.000004,-0.000007,0.000001,0.000000,0.000025,0.000004,-0.000009,-0.000011,-0.000000,0.000000,-0.000001,0.000011,-0.000024,0.000016,-0.000002,0.000014,-0.000009,0.000007,-0.000008,0.000011,-0.000008,-0.000023,0.000021,0.000165,-0.000304,0.001159,0.003324,0.003337,0.003340,0.003335,0.001500,-0.000086,0.000093,0.000015,-0.000022,0.000018,0.000010,0.000002,-0.000001,0.000016,-0.000002,0.000015,0.000002,-0.000000,0.000003,-0.000011,0.000008,-0.000004,0.000014,-0.000009,-0.000007,-0.000001,0.000005,0.000004,-0.000008,-0.000003,-0.000011,0.000004,-0.000011,-0.000002,-0.000001,-0.000017,0.000009,-0.000010,0.000002,-0.000014,0.000024,0.000010,0.000008,-0.000003,0.000008,0.000006,-0.000015,0.000003,-0.000014,-0.000005,0.000014,0.000024,-0.000014,-0.000001,-0.000003,0.000020,0.000006,-0.000002,0.000006,0.000002,0.000004,0.000009,-0.000017,0.000000,0.000000,0.000000,0.000000
0.000000,0.000000,0.000000,0.000005,-0.000002,-0.000007,0.000010,-0.000008,-0.000002,-0.000017,0.000004,0.000021,-0.000007,0.000008,-0.000035,-0.000014,0.000015,0.000011,0.000007,-0.000015,-0.000005,-0.000001,0.000002,0.000001,0.000006,0.000004,-0.000026,0.000019,-0.000024,0.000023,-0.000023,0.000017,0.000014,-0.000070,-0.000349,0.001320,0.003337,0.003333,0.003333,0.003334,0.001690,-0.000075,-0.000137,0.000024,0.000008,-0.000024,-0.000004,0.000000,0.000003,-0.000001,-0.000001,0.000009,-0.000018,-0.000003,0.000001,0.000007,0.000000,-0.000007,-0.000008,0.000004,0.000012,0.000001,-0.000008,-0.000005,-0.000001,0.000015,-0.000005,0.000002,0.000004,-0.000006,0.000005,-0.000001,0.000015,-0.000014,0.000015,-0.000000,-0.000004,-0.000006,-0.000004,-0.000008,0.000005,0.000007,0.000012,0.000018,-0.000004,-0.000000,-0.000003,-0.000000,-0.000010,0.000013,0.000006,-0.000007,-0.000023,0.000005,-0.000017,0.000002,-0.000000,0.000008,-0.000007,-0.000003,0.000000,0.000000,0.000000
0.000000,0.000000,0.000000,-0.000005,-0.000002,0.000003,0.000015,0.000000,0.000002,0.000014,-0.000011,-0.000009,-0.000005,0.000011,0.000004,0.000002,0.000003,-0.000004,-0.000011,-0.000004,0.000009,-0.000000,0.000022,-0.000006,-0.000010,0.000003,-0.000003,0.000010,0.000004,0.000019,-0.000013,0.000024,0.000040,-0.000032,-0.000335,0.001304,0.003340,0.003333,0.003333,0.003330,0.001700,-0.000068,-0.000137,0.000020,0.000044,-0.000006,0.000011,-0.000002,0.000002,-0.000019,-0.000005,0.000004,0.000012,0.000001,0.000013,-0.000019,0.000005,-0.000005,-0.000005,0.000008,-0.000012,0.000006,0.000009,0.000006,-0.000004,0.000007,-0.000010,0.000007,0.000007,-0.000000,0.000001,-0.000005,0.000002,0.000001,-0.000003,-0.000010,-0.000005,-0.000004,-0.000004,0.000015,-0.000003,0.000003,-0.000037,-0.000004,0.000016,0.000009,-0.000010,-0.000001,0.000006,-0.000014,0.000007,-0.000006,0.000009,0.000015,0.000015,0.000001,-0.000000,0.000012,-0.000008,0.000012,0.000000,0.000000,0.000000
0.000000,0.000000,0.000000,0.000009,-0.000003,-0.000010,-0.000006,0.000001,-0.000011,0.000002,-0.000002,-0.000004,-0.000001,0.000007,-0.000002,0.000013,-0.000010,-0.000003,0.000005,0.000016,0.000001,-0.000009,-0.000021,0.000009,-0.000016,0.000022,-0.000012,-0.000005,-0.000020,-0.000016,-0.000002,-0.000032,0.000010,0.000144,-0.000280,0.001219,0.003335,0.003334,0.003330,0.003322,0.001589,-0.000044,0.000054,0.000016,-0.000020,-0.000026,-0.000010,-0.000007,0.000001,0.000014,0.000008,-0.000002,0.000004,0.000011,-0.000006,-0.000015,0.000017,0.000003,0.000006,-0.000008,0.000010,-0.000006,0.000009,-0.000012,-0.000009,0.000004,-0.000008,0.000011,-0.000010,0.000008,-0.000002,-0.000007,0.000000,-0.000008,-0.000005,0.000009,0.000009,0.000004,-0.000006,0.000003,0.000002,0.000005,0.000001,0.000009,-0.000019,0.000002,-0.000001,0.000005,0.000009,-0.000002,-0.000005,-0.000001,0.000007,-0.000016,-0.000024,-0.000001,0.000005,-0.000002,0.000014,-0.000005,0.000000,0.000000,0.000000
0.000000,0.000000,0.000000,0.000001,0.000009,0.000009,0.000001,-0.000006,0.000004,-0.000015,0.000008,-0.000004,0.000008,-0.000001,-0.000015,-0.000002,0.000002,0.000004,-0.000009,0.000006,-0.000012,0.000008,0.000007,0.000007,-0.000011,0.000006,0.000005,0.000011,0.000014,-0.000005,0.000065,-0.000074,0.000008,0.000000,-0.000177,0.000593,0.001500,0.001690,0.001700,0.001589,0.000823,-0.000052,-0.000036,0.000030,-0.000043,0.000044,0.000005,0.000018,-0.000001,-0.000001,-0.000003,-0.000015,-0.000022,0.000002,-0.000019,0.000010,0.000005,-0.000012,0.000007,-0.000017,0.000002,-0.000009,0.000006,0.000004,0.000013,0.000009,-0.000003,0.000008,-0.000010,0.000006,0.000005,0.000006,0.000020,0.000012,-0.000007,-0.000001,-0.000008,0.000001,-0.000001,-0.000000,-0.000001,-0.000003,0.000013,-0.000003,0.000001,0.000014,-0.000012,-0.000001,-0.000006,-0.000000,-0.000005,0.000005,-0.000015,0.000009,0.000010,0.000017,0.000004,0.000003,-0.000015,0.000003,0.000000,0.000000,0.000000
