0.000000,0.000000,0.000000,0.000000,0.000000,0.000000,0.000000,0.000000,0.000000,0.000000,0.000000,0.000000,0.000000,0.000000,0.000000,0.000000,0.000000,0.000000,0.000000,0.000000,0.000000,0.000000,0.000000,0.000000,0.000000,0.000000,0.000000,0.000000,0.000000,0.000000,0.000000,0.000000,0.000000,0.000000,0.000000,0.000000,0.000000,0.000000,0.000000,0.000000,0.000000,0.000000,0.000000,0.000000,0.000000,0.000000,0.000000,0.000000,0.000000,0.000000,0.000000,0.000000,0.000000,0.000000,0.000000,0.000000,0.000000,0.000000,0.000000,0.000000,0.000000,0.000000,0.000000,0.000000,0.000000,0.000000,0.000000,0.000000,0.000000,0.000000,0.000000,0.000000,0.000000,0.000000,0.000000,0.000000,0.000000,0.000000,0.000000,0.000000,0.000000,0.000000,0.000000,0.000000,0.000000,0.000000,0.000000,0.000000,0.000000,0.000000,0.000000,0.000000,0.000000,0.000000,0.000000,0.000000,0.000000,0.000000,0.000000,0.000000,0.000000,0.000000,0.000000
0.000000,0.000000,0.000000,0.000000,0.000000,0.000000,0.000000,0.000000,0.000000,0.000000,0.000000,0.000000,0.000000,0.000000,0.000000,0.000000,0.000000,0.000000,0.000000,0.000000,0.000000,0.000000,0.000000,0.000000,0.000000,0.000000,0.000000,0.000000,0.000000,0.000000,0.000000,0.000000,0.000000,0.000000,0.000000,0.000000,0.000000,0.000000,0.000000,0.000000,0.000000,0.000000,0.000000,0.000000,0.000000,0.000000,0.000000,0.000000,0.000000,0.000000,0.000000,-0.000002,0.000000,0.000000,0.000000,0.000000,0.000000,0.000000,0.000000,0.000000,0.000000,0.000000,0.000000,0.000000,0.000000,0.000000,0.000000,0.000000,0.000000,0.000000,0.000000,0.000000,0.000000,0.000000,0.000000,0.000000,0.000000,0.000000,0.000000,0.000000,0.000000,0.000000,0.000000,0.000000,0.000000,0.000000,0.000000,0.000000,0.000000,0.000000,0.000000,0.000000,0.000000,0.000000,0.000000,0.000000,0.000000,0.000000,0.000000,0.000000,0.000000,0.000000,0.000000
0.000000,0.000000,0.000000,0.000000,0.000000,0.000000,0.000000,0.000000,0.000000,0.000000,0.000000,0.000000,0.000000,0.000000,0.000000,0.000000,0.000000,0.000000,0.000000,0.000000,0.000000,0.000000,0.000000,0.000000,0.000000,0.000000,0.000000,0.000000,0.000000,0.000000,0.000000,0.000000,0.000000,0.000000,0.000000,0.000000,0.000000,0.000000,0.000000,0.000000,0.000000,0.000000,-0.000001,-0.000000,-0.000000,-0.000000,-0.000001,-0.000000,-0.000002,0.000000,0.000004,-0.000001,-0.000001,-0.000001,0.000001,-0.000000,0.000000,0.000000,0.000001,-0.000000,0.000004,0.000000,0.000000,0.000000,0.000000,0.000000,0.000000,0.000000,0.000000,0.000000,0.000000,0.000000,0.000000,0.000000,0.000000,0.000000,0.000000,0.000000,0.000000,0.000000,0.000000,0.000000,0.000000,0.000000,0.000000,0.000000,0.000000,0.000000,0.000000,0.000000,0.000000,0.000000,0.000000,0.000000,0.000000,0.000000,0.000000,0.000000,0.000000,0.000000,0.000000,0.000000,0.000000
0.000000,0.000000,0.000000,0.000000,0.000000,0.000000,0.000000,0.000000,0.000000,0.000000,0.000000,0.000000,0.000000,0.000000,0.000000,0.000000,0.000000,0.000000,0.000000,0.000000,0.000000,0.000000,0.000000,0.000000,0.000000,0.000000,0.000000,0.000000,0.000000,0.000000,0.000000,0.000000,0.000000,0.000000,0.000000,0.000000,0.000000,-0.000001,0.000000,0.000001,-0.000000,-0.000000,0.000001,0.000001,0.000001,0.000000,0.000001,0.000001,0.000001,-0.000001,0.000000,0.000001,-0.000000,-0.000000,-0.000000,-0.000000,-0.000000,-0.000001,-0.000001,-0.000003,-0.000002,-0.000000,-0.000002,-0.000002,0.000001,-0.000003,0.000000,0.000000,0.000000,0.000000,0.000000,0.000000,0.000000,0.000000,0.000000,0.000000,0.000000,0.000000,0.000000,0.000000,0.000000,0.000000,0.000000,0.000000,0.000000,0.000000,0.000000,0.000000,0.000000,0.000000,0.000000,0.000000,0.000000,0.000000,0.000000,0.000000,0.000000,0.000000,0.000000,0.000000,0.000000,0.000000,0.000000
0.000000,0.000000,0.000000,0.000000,0.000000,0.000000,0.000000,0.000000,0.000000,0.000000,0.000000,0.000000,0.000000,0.000000,0.000000,0.000000,0.000000,0.000000,0.000000,0.000000,0.000000,0.000000,0.000000,0.000000,0.000000,0.000000,0.000000,0.000000,0.000000,0.000000,0.000000,0.000000,0.000000,0.000000,-0.000000,0.000000,-0.000000,-0.000000,-0.000001,-0.000001,-0.000000,-0.000001,-0.000001,-0.000000,-0.000001,-0.000000,-0.000001,-0.000001,0.000000,-0.000002,0.000000,-0.000001,0.000001,-0.000001,0.000001,0.000001,0.000001,0.000001,0.000003,0.000001,0.000002,0.000003,0.000003,0.000001,0.000003,0.000005,0.000002,-0.000002,-0.000001,0.000000,0.000000,0.000000,0.000000,0.000000,0.000000,0.000000,0.000000,0.000000,0.000000,0.000000,0.000000,0.000000,0.000000,0.000000,0.000000,0.000000,0.000000,0.000000,0.000000,0.000000,0.000000,0.000000,0.000000,0.000000,0.000000,0.000000,0.000000,0.000000,0.000000,0.000000,0.000000,0.000000,0.000000
0.000000,0.000000,0.000000,0.000000,0.000000,0.000000,0.000000,0.000000,0.000000,0.000000,0.000000,0.000000,0.000000,0.000000,0.000000,0.000000,0.000000,0.000000,0.000000,0.000000,0.000000,0.000000,0.000000,0.000000,0.000000,0.000000,0.000000,0.000000,0.000000,0.000000,0.000000,0.000000,0.000000,-0.000000,0.000002,0.000000,0.000000,0.000001,0.000001,0.000000,0.000000,0.000001,0.000000,0.000000,0.000001,0.000001,0.000001,-0.000000,0.000001,0.000000,-0.000000,0.000000,-0.000001,-0.000000,-0.000002,-0.000001,-0.000002,-0.000003,-0.000002,-0.000003,-0.000002,-0.000004,-0.000002,-0.000003,-0.000003,-0.000002,0.000002,-0.000000,-0.000004,0.000001,0.000005,0.000000,0.000000,0.000000,0.000000,0.000000,0.000000,0.000000,0.000000,0.000000,0.000000,0.000000,0.000000,0.000000,0.000000,0.000000,0.000000,0.000000,0.000000,0.000000,0.000000,0.000000,0.000000,0.000000,0.000000,0.000000,0.000000,0.000000,0.000000,0.000000,0.000000,0.000000,0.000000
0.000000,0.000000,0.000000,0.000000,0.000000,0.000000,0.000000,0.000000,0.000000,0.000000,0.000000,0.000000,0.000000,0.000000,0.000000,0.000000,0.000000,0.000000,0.000000,0.000000,0.000000,0.000000,0.000000,0.000000,0.000000,0.000000,0.000000,0.000000,0.000000,0.000000,0.000001,-0.000001,-0.000001,-0.000001,-0.000001,-0.000001,-0.000001,-0.000000,-0.000001,-0.000001,-0.000000,-0.000001,-0.000001,-0.000001,-0.000001,-0.000001,-0.000000,-0.000001,-0.000001,-0.000000,0.000000,-0.000000,0.000002,0.000001,0.000002,0.000002,0.000003,0.000003,0.000003,0.000003,0.000004,0.000002,0.000003,0.000003,0.000002,-0.000001,-0.000001,0.000002,-0.000001,-0.000002,0.000001,-0.000000,-0.000003,0.000000,0.000000,0.000000,0.000000,0.000000,0.000000,0.000000,0.000000,0.000000,0.000000,0.000000,0.000000,0.000000,0.000000,0.000000,0.000000,0.000000,0.000000,0.000000,0.000000,0.000000,0.000000,0.000000,0.000000,0.000000,0.000000,0.000000,0.000000,0.000000,0.000000
0.000000,0.000000,0.000000,0.000000,0.000000,0.000000,0.000000,0.000000,0.000000,0.000000,0.000000,0.000000,0.000000,0.000000,0.000000,0.000000,0.000000,0.000000,0.000000,0.000000,0.000000,0.000000,0.000000,0.000000,0.000000,0.000000,0.000000,0.000000,-0.000000,0.000001,0.000002,0.000000,0.000001,0.000002,0.000000,0.000001,0.000001,0.000000,0.000001,0.000001,0.000001,0.000001,0.000001,0.000001,0.000001,0.000000,0.000001,0.000001,0.000001,0.000000,-0.000001,-0.000001,-0.000001,-0.000002,-0.000003,-0.000004,-0.000003,-0.000004,-0.000003,-0.000005,-0.000002,-0.000004,-0.000003,-0.000002,0.000000,0.000001,-0.000001,0.000002,0.000002,-0.000000,-0.000000,0.000003,-0.000002,0.000001,0.000002,0.000000,0.000000,0.000000,0.000000,0.000000,0.000000,0.000000,0.000000,0.000000,0.000000,0.000000,0.000000,0.000000,0.000000,0.000000,0.000000,0.000000,0.000000,0.000000,0.000000,0.000000,0.000000,0.000000,0.000000,0.000000,0.000000,0.000000,0.000000
0.000000,0.000000,0.000000,0.000000,0.000000,0.000000,0.000000,0.000000,0.000000,0.000000,0.000000,0.000000,0.000000,0.000000,0.000000,0.000000,0.000000,0.000000,0.000000,0.000000,0.000000,0.000000,0.000000,0.000000,0.000000,0.000000,0.000002,-0.000001,-0.000003,-0.000001,-0.000001,-0.000002,-0.000001,-0.000000,-0.000002,-0.000001,-0.000001,-0.000001,-0.000001,0.000000,-0.000001,-0.000000,-0.000001,-0.000001,-0.000001,-0.000001,-0.000000,-0.000001,-0.000001,-0.000000,0.000001,0.000002,0.000002,0.000002,0.000003,0.000004,0.000004,0.000003,0.000005,0.000004,0.000004,0.000002,0.000002,0.000000,-0.000001,-0.000000,-0.000001,-0.000002,-0.000001,-0.000001,-0.000001,0.000001,-0.000002,-0.000001,0.000001,0.000000,-0.000003,0.000000,0.000000,0.000000,0.000000,0.000000,0.000000,0.000000,0.000000,0.000000,0.000000,0.000000,0.000000,0.000000,0.000000,0.000000,0.000000,0.000000,0.000000,0.000000,0.000000,0.000000,0.000000,0.000000,0.000000,0.000000,0.000000
0.000000,0.000000,0.000000,0.000000,0.000000,0.000000,0.000000,0.000000,0.000000,0.000000,0.000000,0.000000,0.000000,0.000000,0.000000,0.000000,0.000000,0.000000,0.000000,0.000000,0.000000,0.000000,0.000000,0.000000,-0.000003,0.000002,0.000003,0.000000,0.000001,0.000003,0.000001,0.000002,0.000001,0.000002,0.000000,0.000002,0.000000,0.000002,0.000000,0.000001,0.000001,0.000001,0.000001,0.000001,0.000001,0.000001,0.000001,0.000000,0.000000,-0.000000,-0.000001,-0.000002,-0.000003,-0.000003,-0.000003,-0.000004,-0.000004,-0.000006,-0.000003,-0.000005,-0.000002,-0.000002,0.000000,0.000001,-0.000000,0.000003,0.000001,0.000002,0.000001,0.000003,-0.000001,0.000002,-0.000000,0.000001,0.000000,0.000002,-0.000000,0.000001,0.000001,0.000000,0.000000,0.000000,0.000000,0.000000,0.000000,0.000000,0.000000,0.000000,0.000000,0.000000,0.000000,0.000000,0.000000,0.000000,0.000000,0.000000,0.000000,0.000000,0.000000,0.000000,0.000000,0.000000,0.000000
0.000000,0.000000,0.000000,0.000000,0.000000,0.000000,0.000000,0.000000,0.000000,0.000000,0.000000,0.000000,0.000000,0.000000,0.000000,0.000000,0.000000,0.000000,0.000000,0.000000,0.000000,0.000000,0.000000,0.000002,-0.000002,0.000001,-0.000001,-0.000002,-0.000001,-0.000001,-0.000003,-0.000000,-0.000002,-0.000002,-0.000002,-0.000001,-0.000002,-0.000001,-0.000001,-0.000001,-0.000002,-0.000001,-0.000001,-0.000000,-0.000001,-0.000001,-0.000001,-0.000001,0.000001,0.000001,0.000002,0.000002,0.000004,0.000003,0.000005,0.000004,0.000006,0.000005,0.000005,0.000002,0.000002,0.000001,-0.000001,-0.000001,-0.000002,-0.000002,-0.000002,-0.000001,-0.000002,-0.000000,-0.000003,-0.000001,0.000000,0.000000,-0.000003,-0.000000,-0.000001,-0.000000,-0.000000,-0.000000,0.000000,0.000000,0.000000,0.000000,0.000000,0.000000,0.000000,0.000000,0.000000,0.000000,0.000000,0.000000,0.000000,0.000000,0.000000,0.000000,0.000000,0.000000,0.000000,0.000000,0.000000,0.000000,0.000000
0.000000,0.000000,0.000000,0.000000,0.000000,0.000000,0.000000,0.000000,0.000000,0.000000,0.000000,0.000000,0.000000,0.000000,0.000000,0.000000,0.000000,0.000000,0.000000,0.000000,0.000000,-0.000005,-0.000001,0.000003,-0.000001,0.000001,-0.000001,0.000001,0.000002,0.000001,0.000000,0.000003,0.000002,0.000002,0.000001,0.000002,0.000001,0.000003,0.000001,0.000002,0.000001,0.000001,0.000001,0.000001,0.000001,0.000001,0.000001,0.000001,-0.000000,-0.000002,-0.000002,-0.000003,-0.000003,-0.000005,-0.000004,-0.000007,-0.000004,-0.000006,-0.000002,-0.000003,0.000001,0.000001,0.000002,0.000002,0.000002,0.000003,-0.000000,0.000004,-0.000001,0.000002,0.000000,0.000002,-0.000000,0.000002,-0.000001,0.000002,0.000000,0.000000,-0.000001,-0.000001,0.000000,0.000002,0.000000,0.000000,0.000000,0.000000,0.000000,0.000000,0.000000,0.000000,0.000000,0.000000,0.000000,0.000000,0.000000,0.000000,0.000000,0.000000,0.000000,0.000000,0.000000,0.000000,0.000000
0.000000,0.000000,0.000000,0.000000,0.000000,0.000000,0.000000,0.000000,0.000000,0.000000,0.000000,0.000000,0.000000,0.000000,0.000000,0.000000,0.000000,0.000000,0.000000,0.000000,0.000004,0.000001,0.000003,0.000002,-0.000001,0.000001,-0.000001,0.000000,-0.000001,-0.000001,-0.000002,-0.000001,-0.000003,-0.000002,-0.000003,-0.000001,-0.000002,-0.000002,-0.000001,-0.000001,-0.000002,-0.000001,-0.000002,-0.000000,-0.000002,-0.000000,-0.000001,0.000001,-0.000000,0.000002,0.000003,0.000004,0.000005,0.000005,0.000008,0.000005,0.000007,0.000002,0.000003,-0.000000,-0.000002,-0.000002,-0.000004,-0.000001,-0.000003,-0.000001,-0.000002,-0.000000,-0.000003,-0.000000,-0.000001,-0.000001,-0.000002,-0.000000,-0.000000,0.000000,-0.000001,0.000000,0.000001,0.000000,-0.000001,0.000001,-0.000001,0.000000,0.000000,0.000000,0.000000,0.000000,0.000000,0.000000,0.000000,0.000000,0.000000,0.000000,0.000000,0.000000,0.000000,0.000000,0.000000,0.000000,0.000000,0.000000,0.000000
0.000000,0.000000,0.000000,0.000000,0.000000,0.000000,0.000000,0.000000,0.000000,0.000000,0.000000,0.000000,0.000000,0.000000,0.000000,0.000000,0.000000,0.000000,0.000000,-0.000003,-0.000004,-0.000002,-0.000004,-0.000004,-0.000003,0.000000,-0.000001,0.000001,-0.000001,0.000001,0.000002,0.000002,0.000002,0.000003,0.000002,0.000002,0.000002,0.000002,0.000001,0.000002,0.000001,0.000001,0.000001,0.000001,0.000002,0.000001,0.000001,-0.000001,-0.000001,-0.000003,-0.000003,-0.000006,-0.000005,-0.000008,-0.000005,-0.000008,-0.000004,-0.000003,-0.000000,0.000002,0.000002,0.000003,0.000003,0.000003,0.000001,0.000003,-0.000000,0.000003,-0.000001,0.000002,0.000000,0.000002,-0.000001,0.000003,-0.000001,0.000001,-0.000001,0.000001,-0.000001,-0.000000,-0.000001,0.000000,0.000000,0.000001,0.000000,0.000000,0.000000,0.000000,0.000000,0.000000,0.000000,0.000000,0.000000,0.000000,0.000000,0.000000,0.000000,0.000000,0.000000,0.000000,0.000000,0.000000,0.000000
0.000000,0.000000,0.000000,0.000000,0.000000,0.000000,0.000000,0.000000,0.000000,0.000000,0.000000,0.000000,0.000000,0.000000,0.000000,0.000000,0.000000,0.000000,0.000000,0.000006,0.000004,0.000006,0.000005,0.000005,0.000003,0.000003,0.000001,0.000001,-0.000000,0.000000,-0.000002,-0.000002,-0.000002,-0.000001,-0.000003,-0.000002,-0.000003,-0.000002,-0.000002,-0.000002,-0.000002,-0.000001,-0.000002,-0.000001,-0.000001,-0.000000,-0.000001,0.000002,0.000002,0.000003,0.000005,0.000005,0.000009,0.000006,0.000009,0.000004,0.000006,0.000000,-0.000001,-0.000004,-0.000004,-0.000003,-0.000003,-0.000002,-0.000003,0.000000,-0.000002,-0.000000,-0.000002,0.000001,-0.000003,0.000000,-0.000000,-0.000000,-0.000001,-0.000001,0.000001,0.000000,-0.000001,0.000000,0.000001,0.000001,-0.000001,-0.000000,-0.000001,0.000000,0.000000,0.000000,0.000000,0.000000,0.000000,0.000000,0.000000,0.000000,0.000000,0.000000,0.000000,0.000000,0.000000,0.000000,0.000000,0.000000,0.000000
0.000000,0.000000,0.000000,0.000000,0.000000,0.000000,0.000000,0.000000,0.000000,0.000000,0.000000,0.000000,0.000000,0.000000,0.000000,0.000000,0.000000,0.000005,-0.000007,-0.000002,-0.000008,-0.000005,-0.000007,-0.000005,-0.000005,-0.000004,-0.000004,-0.000001,-0.000001,0.000001,0.000000,0.000002,0.000002,0.000002,0.000003,0.000002,0.000003,0.000002,0.000002,0.000003,0.000001,0.000003,0.000001,0.000002,0.000001,-0.000000,-0.000001,-0.000003,-0.000002,-0.000006,-0.000004,-0.000009,-0.000006,-0.000010,-0.000005,-0.000006,-0.000000,0.000001,0.000003,0.000006,0.000003,0.000004,0.000001,0.000003,0.000001,0.000002,-0.000001,0.000002,0.000000,0.000002,-0.000000,0.000001,-0.000000,0.000001,-0.000002,0.000002,-0.000001,0.000000,-0.000002,0.000001,-0.000001,-0.000000,-0.000001,0.000001,-0.000000,0.000000,0.000000,0.000000,0.000000,0.000000,0.000000,0.000000,0.000000,0.000000,0.000000,0.000000,0.000000,0.000000,0.000000,0.000000,0.000000,0.000000,0.000000
0.000000,0.000000,0.000000,0.000000,0.000000,0.000000,0.000000,0.000000,0.000000,0.000000,0.000000,0.000000,0.000000,0.000000,0.000000,0.000000,-0.000009,0.000003,-0.000004,0.000006,0.000005,0.000008,0.000008,0.000007,0.000007,0.000006,0.000005,0.000003,0.000002,0.000001,-0.000001,-0.000000,-0.000002,-0.000003,-0.000003,-0.000002,-0.000004,-0.000003,-0.000003,-0.000002,-0.000003,-0.000002,-0.000002,-0.000001,-0.000001,0.000001,0.000002,0.000003,0.000004,0.000005,0.000008,0.000007,0.000010,0.000006,0.000007,0.000001,-0.000002,-0.000005,-0.000006,-0.000005,-0.000005,-0.000002,-0.000003,-0.000000,-0.000002,-0.000001,-0.000001,0.000000,-0.000002,-0.000001,-0.000001,-0.000001,-0.000000,-0.000001,0.000002,-0.000001,-0.000001,-0.000000,0.000002,0.000000,-0.000000,0.000000,0.000001,0.000000,-0.000000,-0.000000,-0.000000,0.000000,0.000000,0.000000,0.000000,0.000000,0.000000,0.000000,0.000000,0.000000,0.000000,0.000000,0.000000,0.000000,0.000000,0.000000,0.000000
0.000000,0.000000,0.000000,0.000000,0.000000,0.000000,0.000000,0.000000,0.000000,0.000000,0.000000,0.000000,0.000000,0.000000,0.000000,0.000005,0.000003,0.000011,-0.000002,0.000005,-0.000007,-0.000005,-0.000010,-0.000009,-0.000009,-0.000008,-0.000007,-0.000005,-0.000003,-0.000002,-0.000001,0.000002,0.000001,0.000003,0.000004,0.000003,0.000003,0.000004,0.000003,0.000003,0.000002,0.000003,0.000001,0.000001,-0.000001,-0.000001,-0.000003,-0.000006,-0.000004,-0.000010,-0.000007,-0.000013,-0.000006,-0.000009,-0.000002,0.000002,0.000006,0.000007,0.000006,0.000006,0.000002,0.000004,0.000000,0.000002,-0.000001,0.000002,-0.000000,0.000002,-0.000001,0.000001,0.000001,0.000001,-0.000000,0.000001,-0.000001,0.000001,-0.000000,0.000001,-0.000001,-0.000001,-0.000001,0.000001,-0.000001,-0.000001,-0.000001,0.000001,-0.000000,0.000001,0.000000,0.000000,0.000000,0.000000,0.000000,0.000000,0.000000,0.000000,0.000000,0.000000,0.000000,0.000000,0.000000,0.000000,0.000000
0.000000,0.000000,0.000000,0.000000,0.000000,0.000000,0.000000,0.000000,0.000000,0.000000,0.000000,0.000000,0.000000,0.000000,0.000000,-0.000007,-0.000004,-0.000002,-0.000015,0.000001,-0.000007,0.000006,0.000009,0.000010,0.000011,0.000009,0.000009,0.000007,0.000006,0.000004,0.000002,0.000000,-0.000002,-0.000002,-0.000004,-0.000003,-0.000005,-0.000003,-0.000005,-0.000003,-0.000003,-0.000002,-0.000001,0.000000,0.000001,0.000002,0.000006,0.000005,0.000010,0.000008,0.000013,0.000008,0.000010,0.000003,-0.000002,-0.000006,-0.000008,-0.000006,-0.000006,-0.000002,-0.000004,-0.000000,-0.000003,-0.000000,-0.000001,0.000000,-0.000001,-0.000000,-0.000001,-0.000000,-0.000000,-0.000001,0.000000,-0.000001,0.000000,-0.000001,0.000001,-0.000001,-0.000000,-0.000000,0.000002,0.000000,-0.000000,0.000000,0.000001,-0.000000,-0.000000,-0.000000,-0.000001,0.000000,0.000000,0.000000,0.000000,0.000000,0.000000,0.000000,0.000000,0.000000,0.000000,0.000000,0.000000,0.000000,0.000000
0.000000,0.000000,0.000000,0.000000,0.000000,0.000000,0.000000,0.000000,0.000000,0.000000,0.000000,0.000000,0.000000,-0.000003,0.000006,-0.000002,0.000006,0.000005,0.000001,0.000022,-0.000000,0.000009,-0.000008,-0.000011,-0.000013,-0.000014,-0.000010,-0.000011,-0.000008,-0.000006,-0.000004,-0.000002,0.000000,0.000003,0.000003,0.000004,0.000005,0.000005,0.000004,0.000004,0.000003,0.000002,-0.000000,-0.000000,-0.000003,-0.000005,-0.000005,-0.000011,-0.000008,-0.000016,-0.000008,-0.000013,-0.000003,0.000001,0.000008,0.000010,0.000008,0.000007,0.000003,0.000004,-0.000000,0.000003,-0.000001,0.000002,-0.000001,0.000001,-0.000001,0.000001,0.000001,0.000000,0.000000,0.000000,0.000001,-0.000000,0.000000,0.000000,-0.000000,-0.000001,0.000000,0.000001,-0.000001,-0.000001,-0.000001,0.000000,-0.000000,0.000000,-0.000001,0.000001,0.000000,0.000001,0.000000,0.000000,0.000000,0.000000,0.000000,0.000000,0.000000,0.000000,0.000000,0.000000,0.000000,0.000000,0.000000
0.000000,0.000000,0.000000,0.000000,0.000000,0.000000,0.000000,0.000000,0.000000,0.000000,0.000000,0.000000,0.000004,-0.000004,0.000004,-0.000008,0.000005,-0.000007,-0.000007,-0.000000,-0.000030,-0.000001,-0.000011,0.000007,0.000015,0.000014,0.000016,0.000012,0.000012,0.000009,0.000007,0.000004,0.000001,-0.000000,-0.000004,-0.000003,-0.000007,-0.000005,-0.000007,-0.000004,-0.000004,-0.000002,0.000000,0.000001,0.000005,0.000005,0.000012,0.000009,0.000018,0.000010,0.000016,0.000006,-0.000002,-0.000009,-0.000012,-0.000010,-0.000008,-0.000002,-0.000005,0.000000,-0.000003,0.000001,-0.000002,0.000001,-0.000001,0.000000,0.000000,-0.000000,-0.000000,-0.000001,0.000000,-0.000001,0.000001,-0.000001,0.000001,0.000000,0.000000,-0.000000,0.000002,-0.000000,0.000000,0.000000,0.000002,0.000000,-0.000000,-0.000000,0.000002,-0.000001,-0.000000,-0.000000,-0.000001,0.000000,0.000000,0.000000,0.000000,0.000000,0.000000,0.000000,0.000000,0.000000,0.000000,0.000000,0.000000
0.000000,0.000000,0.000000,0.000000,0.000000,0.000000,0.000000,0.000000,0.000000,0.000000,0.000000,-0.000005,0.000001,-0.000002,0.000006,-0.000005,0.000008,-0.000005,0.000006,0.000009,-0.000001,0.000041,0.000003,0.000014,-0.000008,-0.000020,-0.000017,-0.000019,-0.000014,-0.000015,-0.000009,-0.000007,-0.000004,-0.000002,0.000002,0.000004,0.000008,0.000007,0.000008,0.000005,0.000003,0.000001,-0.000000,-0.000004,-0.000005,-0.000012,-0.000009,-0.000021,-0.000011,-0.000021,-0.000008,0.000001,0.000011,0.000014,0.000013,0.000010,0.000003,0.000005,-0.000001,0.000003,-0.000001,0.000002,-0.000001,0.000001,-0.000001,0.000001,0.000000,-0.000000,-0.000000,-0.000001,0.000001,-0.000000,0.000000,-0.000001,0.000002,-0.000001,0.000001,-0.000001,0.000000,-0.000002,-0.000000,-0.000000,0.000000,-0.000002,-0.000000,0.000001,-0.000001,-0.000000,-0.000000,0.000001,0.000001,0.000002,0.000000,0.000000,0.000000,0.000000,0.000000,0.000000,0.000000,0.000000,0.000000,0.000000,0.000000
0.000000,0.000000,0.000000,0.000000,0.000000,0.000000,0.000000,0.000000,0.000000,0.000000,0.000000,-0.000001,0.000003,-0.000004,0.000005,-0.000007,0.000008,-0.000010,0.000009,-0.000008,-0.000011,0.000003,-0.000054,-0.000008,-0.000016,0.000008,0.000027,0.000020,0.000023,0.000017,0.000017,0.000011,0.000009,0.000004,0.000000,-0.000003,-0.000011,-0.000008,-0.000009,-0.000006,-0.000003,-0.000000,0.000004,0.000004,0.000013,0.000010,0.000023,0.000013,0.000026,0.000012,-0.000000,-0.000012,-0.000018,-0.000016,-0.000012,-0.000004,-0.000005,0.000001,-0.000003,0.000001,-0.000002,0.000001,-0.000001,0.000001,-0.000001,0.000000,-0.000000,-0.000000,0.000001,0.000000,0.000000,-0.000000,0.000000,0.000001,-0.000001,-0.000000,0.000000,0.000001,-0.000000,-0.000000,0.000002,0.000000,-0.000000,0.000001,0.000001,-0.000000,0.000000,0.000000,0.000001,-0.000000,-0.000001,-0.000001,0.000000,0.000000,0.000000,0.000000,0.000000,0.000000,0.000000,0.000000,0.000000,0.000000,0.000000
0.000000,0.000000,0.000000,0.000000,0.000000,0.000000,0.000000,0.000000,0.000000,0.000000,0.000002,0.000003,0.000002,-0.000004,0.000005,-0.000005,0.000007,-0.000009,0.000010,-0.000011,0.000007,0.000014,-0.000008,0.000073,0.000012,0.000020,-0.000008,-0.000034,-0.000024,-0.000027,-0.000020,-0.000019,-0.000014,-0.000010,-0.000003,-0.000001,0.000012,0.000010,0.000012,0.000006,0.000003,-0.000003,-0.000004,-0.000014,-0.000010,-0.000026,-0.000015,-0.000033,-0.000015,-0.000001,0.000013,0.000023,0.000020,0.000014,0.000004,0.000007,-0.000001,0.000004,-0.000003,0.000003,-0.000002,0.000002,-0.000001,0.000001,-0.000000,-0.000000,0.000000,-0.000001,0.000001,-0.000001,-0.000000,-0.000000,0.000000,-0.000001,0.000001,-0.000002,0.000002,-0.000002,0.000001,-0.000000,0.000000,-0.000003,0.000000,-0.000000,-0.000000,-0.000002,-0.000000,0.000000,0.000000,-0.000000,-0.000000,-0.000001,0.000000,0.000000,0.000000,0.000000,0.000000,0.000000,0.000000,0.000000,0.000000,0.000000,0.000000
0.000000,0.000000,0.000000,0.000000,0.000000,0.000000,0.000000,0.000000,0.000000,-0.000003,-0.000002,-0.000001,-0.000001,-0.000003,0.000003,-0.000005,0.000007,-0.000009,0.000011,-0.000013,0.000015,-0.000008,-0.000016,0.000012,-0.000092,-0.000023,-0.000023,0.000004,0.000044,0.000030,0.000033,0.000024,0.000025,0.000016,0.000012,0.000003,-0.000012,-0.000013,-0.000014,-0.000009,0.000003,0.000004,0.000014,0.000013,0.000029,0.000017,0.000040,0.000022,0.000003,-0.000016,-0.000027,-0.000027,-0.000017,-0.000005,-0.000008,0.000001,-0.000004,0.000002,-0.000002,0.000001,-0.000001,0.000001,-0.000000,0.000000,-0.000001,0.000001,0.000000,0.000001,-0.000000,0.000000,0.000000,0.000000,-0.000000,0.000000,-0.000001,0.000001,-0.000000,-0.000000,0.000001,0.000000,0.000000,0.000001,0.000002,0.000000,0.000000,0.000001,0.000001,0.000000,-0.000001,0.000000,0.000001,-0.000001,-0.000000,0.000001,0.000000,0.000000,0.000000,0.000000,0.000000,0.000000,0.000000,0.000000,0.000000
0.000000,0.000000,0.000000,0.000000,0.000000,0.000000,0.000000,0.000000,0.000000,0.000002,0.000001,0.000001,0.000001,0.000000,0.000003,-0.000004,0.000006,-0.000008,0.000009,-0.000014,0.000014,-0.000020,0.000008,0.000020,-0.000023,0.000117,0.000038,0.000030,0.000000,-0.000052,-0.000038,-0.000039,-0.000032,-0.000029,-0.000022,-0.000014,0.000017,0.000012,0.000018,0.000007,-0.000003,-0.000017,-0.000014,-0.000034,-0.000020,-0.000052,-0.000028,-0.000005,0.000016,0.000034,0.000034,0.000021,0.000005,0.000009,-0.000002,0.000005,-0.000003,0.000003,-0.000003,0.000002,-0.000002,0.000001,-0.000001,0.000001,-0.000001,-0.000000,-0.000000,-0.000001,-0.000000,-0.000001,-0.000000,0.000000,-0.000000,0.000000,0.000000,-0.000001,0.000001,-0.000001,0.000001,-0.000001,-0.000000,-0.000001,-0.000000,-0.000003,-0.000000,0.000000,-0.000000,-0.000001,0.000000,0.000000,0.000001,0.000000,-0.000001,0.000001,0.000000,0.000000,0.000000,0.000000,0.000000,0.000000,0.000000,0.000000,0.000000
0.000000,0.000000,0.000000,0.000000,0.000000,0.000000,0.000000,0.000000,0.000002,0.000003,-0.000001,-0.000001,-0.000001,-0.000001,0.000001,-0.000004,0.000005,-0.000007,0.000009,-0.000010,0.000016,-0.000017,0.000027,-0.000008,-0.000023,0.000038,-0.000142,-0.000062,-0.000037,-0.000011,0.000061,0.000042,0.000049,0.000037,0.000044,0.000023,-0.000015,-0.000017,-0.000015,-0.000011,0.000020,0.000017,0.000040,0.000026,0.000064,0.000038,0.000006,-0.000018,-0.000043,-0.000045,-0.000024,-0.000006,-0.000010,0.000002,-0.000005,0.000003,-0.000003,0.000002,-0.000000,0.000001,-0.000000,-0.000001,0.000001,0.000000,0.000000,0.000001,-0.000000,0.000001,0.000000,0.000001,-0.000000,-0.000000,0.000000,-0.000000,0.000000,0.000000,-0.000000,0.000000,-0.000000,0.000000,0.000001,0.000000,0.000000,0.000001,0.000001,0.000001,-0.000001,0.000000,0.000001,-0.000001,-0.000001,-0.000000,-0.000001,-0.000002,-0.000003,0.000000,0.000000,0.000000,0.000000,0.000000,0.000000,0.000000,0.000000
0.000000,0.000000,0.000000,0.000000,0.000000,0.000000,0.000000,0.000000,-0.000001,0.000000,-0.000002,0.000001,0.000000,0.000001,0.000001,-0.000001,0.000003,-0.000005,0.000007,-0.000011,0.000012,-0.000019,0.000020,-0.000034,0.000004,0.000030,-0.000062,0.000169,0.000092,0.000054,0.000026,-0.000061,-0.000052,-0.000052,-0.000055,-0.000045,0.000021,0.000011,0.000023,0.000001,-0.000024,-0.000048,-0.000033,-0.000083,-0.000047,-0.000008,0.000022,0.000055,0.000060,0.000030,0.000005,0.000011,-0.000003,0.000006,-0.000004,0.000003,-0.000001,0.000001,-0.000001,0.000000,-0.000000,0.000001,-0.000001,-0.000001,-0.000000,-0.000001,-0.000000,-0.000001,-0.000000,-0.000000,0.000000,-0.000000,-0.000000,0.000001,-0.000000,-0.000000,0.000000,-0.000000,0.000000,-0.000001,0.000001,-0.000002,-0.000001,-0.000000,0.000001,-0.000002,0.000000,0.000001,0.000000,-0.000000,-0.000000,0.000002,0.000000,0.000002,0.000000,0.000000,0.000000,0.000000,0.000000,0.000000,0.000000,0.000000,0.000000
0.000000,0.000000,0.000000,0.000000,0.000000,0.000000,0.000000,-0.000000,-0.000003,0.000001,-0.000001,0.000002,-0.000001,-0.000001,-0.000000,-0.000001,0.000002,-0.000003,0.000006,-0.000008,0.000012,-0.000014,0.000023,-0.000024,0.000044,0.000000,-0.000037,0.000092,-0.000185,-0.000133,-0.000073,-0.000057,0.000062,0.000044,0.000070,0.000051,-0.000021,-0.000023,-0.000016,-0.000015,0.000063,0.000042,0.000100,0.000058,0.000004,-0.000027,-0.000074,-0.000080,-0.000037,-0.000005,-0.000012,0.000005,-0.000006,0.000004,-0.000002,0.000001,-0.000001,0.000000,0.000000,-0.000000,0.000001,-0.000001,0.000001,-0.000001,0.000001,0.000001,0.000000,0.000001,0.000000,0.000000,-0.000000,0.000000,0.000000,-0.000001,0.000001,-0.000001,0.000001,-0.000000,0.000000,0.000000,0.000000,0.000001,0.000001,0.000001,-0.000001,0.000001,0.000000,0.000000,-0.000001,-0.000001,0.000000,-0.000001,-0.000002,-0.000000,0.000001,0.000003,0.000000,0.000000,0.000000,0.000000,0.000000,0.000000,0.000000
0.000000,0.000000,0.000000,0.000000,0.000000,0.000000,0.000000,0.000001,-0.000001,0.000003,-0.000001,0.000001,-0.000001,0.000001,0.000000,0.000001,0.000001,-0.000002,0.000004,-0.000006,0.000009,-0.000015,0.000017,-0.000027,0.000030,-0.000052,-0.000011,0.000054,-0.000133,0.000191,0.000169,0.000107,0.000084,-0.000033,-0.000054,-0.000055,0.000061,0.000027,0.000046,0.000002,-0.000050,-0.000120,-0.000060,0.000006,0.000041,0.000097,0.000112,0.000045,0.000001,0.000013,-0.000006,0.000006,-0.000005,0.000002,-0.000001,0.000001,-0.000000,-0.000001,0.000001,-0.000001,0.000000,-0.000001,-0.000000,-0.000000,0.000000,-0.000001,-0.000000,-0.000001,0.000000,-0.000001,0.000000,-0.000000,0.000000,0.000000,-0.000000,0.000001,-0.000001,0.000000,0.000000,-0.000001,-0.000001,-0.000001,0.000000,-0.000001,-0.000000,0.000000,0.000001,-0.000001,-0.000000,0.000002,0.000000,0.000001,-0.000000,0.000001,-0.000002,0.000001,0.000000,0.000000,0.000000,0.000000,0.000000,0.000000,0.000000
0.000000,0.000000,0.000000,0.000000,0.000000,0.000000,0.000001,0.000002,-0.000001,0.000001,-0.000003,0.000000,-0.000002,0.000002,-0.000002,0.000000,-0.000001,-0.000001,0.000002,-0.000004,0.000007,-0.000009,0.000017,-0.000020,0.000033,-0.000038,0.000061,0.000026,-0.000073,0.000169,-0.000164,-0.000212,-0.000122,-0.000140,0.000033,0.000019,-0.000110,-0.000097,-0.000055,-0.000076,0.000118,0.000058,-0.000040,-0.000063,-0.000138,-0.000152,-0.000057,0.000007,-0.000013,0.000009,-0.000005,0.000005,-0.000003,0.000001,-0.000000,-0.000000,0.000001,-0.000001,0.000001,-0.000001,0.000001,-0.000001,0.000001,-0.000001,0.000001,-0.000000,0.000001,-0.000000,0.000001,0.000000,0.000000,0.000000,-0.000000,0.000000,0.000000,-0.000000,-0.000000,-0.000000,0.000000,0.000001,-0.000000,0.000001,-0.000000,0.000001,0.000000,0.000001,-0.000001,0.000000,-0.000000,-0.000000,-0.000002,-0.000001,0.000001,0.000000,-0.000001,-0.000003,-0.000002,0.000000,0.000000,0.000000,0.000000,0.000000,0.000000
0.000000,0.000000,0.000000,0.000000,0.000000,0.000000,-0.000001,0.000000,-0.000002,0.000002,-0.000000,0.000003,-0.000001,0.000002,-0.000002,0.000002,-0.000000,0.000002,0.000000,-0.000002,0.000004,-0.000007,0.000011,-0.000019,0.000024,-0.000039,0.000042,-0.000061,-0.000057,0.000107,-0.000212,0.000128,0.000203,0.000150,0.000148,-0.000004,0.000214,0.000151,0.000181,0.000089,-0.000009,0.000082,0.000119,0.000184,0.000214,0.000068,-0.000021,0.000010,-0.000011,0.000004,-0.000006,0.000001,0.000000,-0.000000,0.000000,-0.000001,0.000001,-0.000000,0.000001,-0.000001,0.000001,-0.000001,0.000000,-0.000001,-0.000000,-0.000000,0.000001,-0.000001,-0.000000,0.000000,0.000000,-0.000001,0.000000,-0.000000,0.000000,0.000000,0.000000,-0.000000,-0.000000,-0.000000,-0.000000,-0.000000,-0.000000,0.000000,-0.000001,-0.000000,-0.000000,0.000002,0.000000,0.000000,-0.000001,0.000002,-0.000001,0.000001,0.000001,0.000001,-0.000000,0.000000,0.000000,0.000000,0.000000,0.000000,0.000000
0.000000,0.000000,0.000000,0.000000,0.000000,0.000000,-0.000001,0.000001,-0.000001,0.000001,-0.000002,0.000002,-0.000003,0.000002,-0.000002,0.000002,-0.000002,0.000001,-0.000002,0.000000,0.000001,-0.000004,0.000009,-0.000014,0.000025,-0.000032,0.000049,-0.000052,0.000062,0.000084,-0.000122,0.000203,-0.000036,-0.000192,-0.000101,-0.000157,-0.000218,-0.000275,-0.000203,-0.000288,-0.000193,-0.000150,-0.000262,-0.000276,-0.000079,0.000055,-0.000002,0.000013,-0.000000,0.000006,0.000001,0.000000,0.000001,-0.000001,0.000000,-0.000001,0.000000,-0.000002,0.000001,-0.000001,0.000001,-0.000001,0.000001,-0.000000,0.000001,-0.000000,0.000001,-0.000000,0.000001,-0.000000,0.000000,-0.000000,0.000000,-0.000000,-0.000000,-0.000000,0.000000,0.000001,-0.000001,0.000000,0.000000,0.000001,-0.000001,0.000000,-0.000001,0.000001,-0.000001,0.000001,-0.000003,0.000001,-0.000000,0.000001,-0.000002,-0.000002,0.000000,-0.000000,0.000002,0.000003,0.000000,0.000000,0.000000,0.000000,0.000000
0.000000,0.000000,0.000000,0.000000,0.000000,-0.000000,-0.000001,0.000002,-0.000000,0.000002,-0.000002,0.000002,-0.000002,0.000003,-0.000001,0.000002,-0.000003,0.000003,-0.000002,0.000003,-0.000000,-0.000002,0.000004,-0.000010,0.000016,-0.000029,0.000037,-0.000052,0.000044,-0.000033,-0.000140,0.000150,-0.000192,-0.000034,0.000136,0.000015,0.000380,0.000198,0.000266,0.000519,0.000229,0.000220,0.000347,0.000060,-0.000117,-0.000022,-0.000014,-0.000004,-0.000008,-0.000003,0.000001,-0.000001,-0.000000,-0.000000,0.000001,0.000000,0.000001,0.000000,0.000001,-0.000000,0.000001,-0.000000,0.000000,-0.000001,0.000001,-0.000002,0.000000,-0.000001,0.000000,-0.000001,-0.000000,0.000001,-0.000000,0.000000,0.000001,-0.000000,-0.000000,0.000000,0.000001,-0.000000,-0.000000,0.000000,0.000000,0.000000,-0.000000,0.000001,-0.000000,0.000001,0.000000,0.000002,-0.000000,0.000001,0.000000,0.000002,-0.000000,-0.000001,-0.000001,-0.000000,0.000000,0.000000,0.000000,0.000000,0.000000
0.000000,0.000000,0.000000,0.000000,-0.000000,0.000002,-0.000001,0.000000,-0.000002,0.000000,-0.000002,0.000001,-0.000003,0.000002,-0.000003,0.000003,-0.000003,0.000004,-0.000004,0.000003,-0.000004,0.000002,0.000000,-0.000003,0.000012,-0.000022,0.000044,-0.000055,0.000070,-0.000054,0.000033,0.000148,-0.000101,0.000136,0.000039,-0.000077,-0.000215,-0.000309,-0.000331,-0.000382,-0.000154,-0.000168,0.000009,0.000252,0.000078,0.000009,0.000013,0.000009,0.000007,-0.000003,0.000003,-0.000001,0.000001,-0.000001,0.000001,-0.000001,0.000000,-0.000001,0.000000,-0.000001,0.000001,-0.000001,0.000001,-0.000001,0.000001,-0.000000,0.000001,-0.000000,0.000001,-0.000000,0.000002,-0.000001,0.000000,-0.000000,-0.000000,0.000001,-0.000000,-0.000000,-0.000001,0.000000,-0.000001,0.000000,-0.000001,0.000001,-0.000001,-0.000000,-0.000002,0.000001,-0.000002,0.000001,-0.000003,-0.000000,-0.000001,0.000001,0.000000,0.000000,0.000001,-0.000004,0.000002,0.000000,0.000000,0.000000,0.000000
0.000000,0.000000,0.000000,0.000000,0.000000,0.000000,-0.000001,0.000001,-0.000001,0.000002,-0.000001,0.000002,-0.000001,0.000002,-0.000002,0.000002,-0.000002,0.000003,-0.000003,0.000004,-0.000003,0.000004,-0.000003,-0.000001,0.000003,-0.000014,0.000023,-0.000045,0.000051,-0.000055,0.000019,-0.000004,-0.000157,0.000015,-0.000077,0.000045,0.000299,0.000471,0.000417,0.000214,-0.000018,-0.000406,-0.000507,-0.000189,0.000000,-0.000015,-0.000019,-0.000011,0.000001,-0.000002,-0.000001,-0.000001,0.000000,0.000001,0.000001,-0.000000,0.000002,0.000000,0.000001,-0.000000,0.000000,0.000000,0.000000,-0.000001,0.000000,-0.000001,-0.000000,-0.000001,-0.000000,-0.000000,-0.000000,-0.000001,0.000000,-0.000000,0.000000,-0.000001,0.000001,-0.000000,0.000001,-0.000000,0.000001,0.000000,0.000000,0.000001,-0.000000,0.000001,-0.000000,0.000002,-0.000002,0.000002,-0.000000,0.000002,-0.000001,-0.000000,-0.000001,0.000000,0.000003,-0.000003,0.000000,0.000000,0.000000,0.000000,0.000000
0.000000,0.000000,0.000000,0.000000,-0.000000,0.000000,-0.000001,0.000001,-0.000001,0.000000,-0.000002,0.000001,-0.000002,0.000002,-0.000003,0.000003,-0.000004,0.000003,-0.000005,0.000005,-0.000007,0.000008,-0.000011,0.000012,-0.000012,0.000017,-0.000015,0.000021,-0.000021,0.000061,-0.000110,0.000214,-0.000218,0.000380,-0.000215,0.000299,0.003333,0.003333,0.003333,0.003332,0.001819,0.000665,0.000435,-0.000072,-0.000006,0.000042,0.000022,-0.000005,0.000008,-0.000001,0.000003,-0.000002,0.000002,-0.000002,0.000001,-0.000002,0.000000,-0.000002,-0.000000,-0.000000,0.000000,-0.000002,0.000001,-0.000001,0.000001,-0.000001,0.000002,-0.000001,0.000002,-0.000001,0.000001,-0.000001,0.000001,-0.000000,-0.000000,-0.000001,0.000000,0.000000,-0.000001,0.000000,-0.000001,0.000001,-0.000002,0.000001,-0.000003,0.000001,-0.000002,0.000001,-0.000003,0.000001,-0.000001,0.000000,-0.000000,-0.000000,0.000002,-0.000002,0.000001,-0.000001,0.000001,0.000000,0.000000,0.000000,0.000000
0.000000,0.000000,0.000000,-0.000001,-0.000000,0.000001,-0.000000,0.000000,-0.000001,0.000002,-0.000001,0.000003,-0.000002,0.000002,-0.000002,0.000002,-0.000003,0.000004,-0.000003,0.000005,-0.000005,0.000007,-0.000008,0.000010,-0.000013,0.000012,-0.000017,0.000011,-0.000023,0.000027,-0.000097,0.000151,-0.000275,0.000198,-0.000309,0.000471,0.003333,0.003333,0.003333,0.003332,0.003182,0.002280,0.000938,0.000153,-0.000076,-0.000043,-0.000002,-0.000008,-0.000005,-0.000005,0.000001,-0.000002,0.000001,-0.000001,0.000001,0.000000,0.000001,-0.000000,0.000002,0.000000,0.000001,-0.000000,-0.000000,-0.000000,-0.000000,0.000000,-0.000001,0.000000,-0.000001,-0.000001,0.000000,-0.000000,-0.000000,-0.000001,0.000001,0.000000,0.000000,-0.000000,0.000002,-0.000000,0.000001,0.000001,0.000001,0.000001,0.000000,0.000002,-0.000002,0.000004,-0.000001,0.000003,-0.000003,0.000001,-0.000000,-0.000000,0.000002,-0.000003,0.000001,-0.000001,0.000003,-0.000004,0.000000,0.000000,0.000000
0.000000,0.000000,0.000000,0.000000,-0.000001,0.000001,-0.000001,0.000001,-0.000001,0.000000,-0.000001,0.000001,-0.000001,0.000001,-0.000002,0.000002,-0.000003,0.000003,-0.000005,0.000004,-0.000007,0.000008,-0.000009,0.000012,-0.000014,0.000018,-0.000015,0.000023,-0.000016,0.000046,-0.000055,0.000181,-0.000203,0.000266,-0.000331,0.000417,0.003333,0.003333,0.003333,0.003331,0.003404,0.003069,0.001732,0.000589,0.000066,-0.000065,0.000035,0.000009,0.000011,-0.000001,0.000006,-0.000002,0.000003,-0.000001,0.000001,-0.000002,0.000001,-0.000001,-0.000000,-0.000001,-0.000000,-0.000000,0.000001,-0.000001,0.000001,-0.000000,0.000001,-0.000000,0.000001,-0.000000,0.000001,0.000000,0.000000,-0.000001,0.000001,-0.000001,-0.000001,-0.000001,-0.000001,-0.000001,-0.000002,-0.000000,-0.000003,0.000001,-0.000003,0.000002,-0.000003,0.000002,-0.000002,0.000001,-0.000001,0.000001,0.000001,-0.000001,0.000002,-0.000001,0.000002,-0.000003,0.000003,-0.000000,0.000000,0.000000,0.000000
0.000000,0.000000,0.000000,0.000001,-0.000001,0.000000,-0.000001,0.000001,0.000000,0.000001,-0.000001,0.000002,-0.000001,0.000002,-0.000002,0.000003,-0.000002,0.000003,-0.000003,0.000004,-0.000004,0.000005,-0.000006,0.000006,-0.000009,0.000007,-0.000011,0.000001,-0.000015,0.000002,-0.000076,0.000089,-0.000288,0.000519,-0.000382,0.000214,0.003332,0.003332,0.003331,0.003330,0.003358,0.003226,0.002400,0.000916,-0.000049,-0.000059,0.000009,-0.000026,-0.000001,-0.000008,-0.000002,-0.000005,0.000001,-0.000002,0.000002,-0.000001,0.000001,0.000000,0.000001,-0.000000,0.000000,0.000000,-0.000000,-0.000000,-0.000001,0.000000,-0.000001,0.000000,-0.000001,0.000000,-0.000001,-0.000000,-0.000000,0.000000,-0.000000,0.000000,0.000001,0.000001,0.000001,0.000001,0.000001,0.000002,0.000001,0.000003,-0.000002,0.000004,-0.000003,0.000004,-0.000003,0.000002,-0.000001,-0.000000,0.000001,-0.000003,0.000002,-0.000002,0.000002,-0.000003,0.000001,-0.000001,0.000000,0.000000,0.000000
0.000000,0.000000,0.000000,-0.000000,-0.000000,0.000000,-0.000000,0.000001,-0.000001,0.000001,-0.000002,0.000001,-0.000002,0.000001,-0.000002,0.000001,-0.000003,0.000002,-0.000003,0.000003,-0.000004,0.000003,-0.000003,0.000003,0.000003,-0.000003,0.000020,-0.000024,0.000063,-0.000050,0.000118,-0.000009,-0.000193,0.000229,-0.000154,-0.000018,0.001819,0.003182,0.003404,0.003358,0.003465,0.003458,0.002486,0.000993,0.000104,0.000031,0.000004,-0.000009,0.000024,-0.000003,0.000010,0.000000,0.000005,-0.000001,0.000002,-0.000001,0.000001,-0.000002,0.000001,-0.000001,0.000000,-0.000000,0.000000,-0.000000,0.000001,-0.000000,0.000001,-0.000000,0.000001,0.000000,0.000001,-0.000001,0.000002,-0.000000,-0.000000,-0.000001,-0.000000,-0.000002,-0.000002,-0.000001,-0.000003,-0.000000,-0.000004,0.000002,-0.000004,0.000002,-0.000003,0.000002,-0.000001,0.000000,0.000002,-0.000003,0.000003,-0.000001,0.000003,-0.000003,0.000003,-0.000002,0.000002,-0.000001,0.000000,0.000000,0.000000
