0.000000,0.000000,0.000000,0.000000,0.000000,0.000000,0.000000,0.000000,0.000000,0.000000,0.000000,0.000000,0.000000,0.000000,0.000000,0.000000,0.000000,0.000000,0.000000,0.000000,0.000000,0.000000,0.000000,0.000000,0.000000,0.000000,0.000000,0.000000,0.000000,0.000000,0.000000,0.000000,0.000000,0.000000,0.000000,0.000000,0.000000,0.000000,0.000000,0.000000,0.000000,0.000000,0.000000,0.000000,0.000000,0.000000,0.000000,0.000000,0.000000,0.000000,0.000000,0.000000,0.000000,0.000000,0.000000,0.000000,0.000000,0.000000,0.000000,0.000000,0.000000,0.000000,0.000000,0.000000,0.000000,0.000000,0.000000,0.000000,0.000000,0.000000,0.000000,0.000000,0.000000,0.000000,0.000000,0.000000,0.000000,0.000000,0.000000,0.000000,0.000000,0.000000,0.000000,0.000000,0.000000,0.000000,0.000000,0.000000,0.000000,0.000000,0.000000,0.000000,0.000000,0.000000,0.000000,0.000000,0.000000,0.000000,0.000000,0.000000,0.000000,0.000000,0.000000
0.000000,0.000000,0.000000,0.000000,0.000000,0.000000,0.000000,0.000000,0.000000,0.000000,0.000000,0.000000,0.000000,0.000000,0.000000,0.000000,0.000000,0.000000,0.000000,0.000000,0.000000,0.000000,0.000000,0.000000,0.000000,0.000000,0.000000,0.000000,0.000000,0.000000,0.000000,0.000000,0.000000,0.000000,0.000000,0.000000,0.000000,0.000000,0.000000,0.000000,0.000000,0.000000,0.000000,0.000000,0.000000,0.000000,0.000000,0.000000,0.000000,0.000000,0.000000,-0.000002,0.000000,0.000000,0.000000,0.000000,0.000000,0.000000,0.000000,0.000000,0.000000,0.000000,0.000000,0.000000,0.000000,0.000000,0.000000,0.000000,0.000000,0.000000,0.000000,0.000000,0.000000,0.000000,0.000000,0.000000,0.000000,0.000000,0.000000,0.000000,0.000000,0.000000,0.000000,0.000000,0.000000,0.000000,0.000000,0.000000,0.000000,0.000000,0.000000,0.000000,0.000000,0.000000,0.000000,0.000000,0.000000,0.000000,0.000000,0.000000,0.000000,0.000000,0.000000
0.000000,0.000000,0.000000,0.000000,0.000000,0.000000,0.000000,0.000000,0.000000,0.000000,0.000000,0.000000,0.000000,0.000000,0.000000,0.000000,0.000000,0.000000,0.000000,0.000000,0.000000,0.000000,0.000000,0.000000,0.000000,0.000000,0.000000,0.000000,0.000000,0.000000,0.000000,0.000000,0.000000,0.000000,0.000000,0.000000,0.000000,0.000000,0.000000,0.000000,0.000000,0.000000,-0.000000,-0.000001,-0.000000,-0.000000,-0.000001,-0.000000,-0.000001,0.000001,0.000003,-0.000001,-0.000002,-0.000000,0.000000,-0.000000,0.000000,0.000000,0.000001,-0.000000,0.000004,0.000000,0.000000,0.000000,0.000000,0.000000,0.000000,0.000000,0.000000,0.000000,0.000000,0.000000,0.000000,0.000000,0.000000,0.000000,0.000000,0.000000,0.000000,0.000000,0.000000,0.000000,0.000000,0.000000,0.000000,0.000000,0.000000,0.000000,0.000000,0.000000,0.000000,0.000000,0.000000,0.000000,0.000000,0.000000,0.000000,0.000000,0.000000,0.000000,0.000000,0.000000,0.000000
0.000000,0.000000,0.000000,0.000000,0.000000,0.000000,0.000000,0.000000,0.000000,0.000000,0.000000,0.000000,0.000000,0.000000,0.000000,0.000000,0.000000,0.000000,0.000000,0.000000,0.000000,0.000000,0.000000,0.000000,0.000000,0.000000,0.000000,0.000000,0.000000,0.000000,0.000000,0.000000,0.000000,0.000000,0.000000,0.000000,0.000000,-0.000000,0.000000,0.000001,-0.000000,-0.000000,0.000001,0.000001,0.000001,0.000001,0.000001,0.000001,0.000000,-0.000000,0.000001,0.000002,0.000000,0.000001,0.000000,0.000000,-0.000001,-0.000001,-0.000001,-0.000003,-0.000001,-0.000000,-0.000003,-0.000002,0.000000,-0.000003,0.000000,0.000000,0.000000,0.000000,0.000000,0.000000,0.000000,0.000000,0.000000,0.000000,0.000000,0.000000,0.000000,0.000000,0.000000,0.000000,0.000000,0.000000,0.000000,0.000000,0.000000,0.000000,0.000000,0.000000,0.000000,0.000000,0.000000,0.000000,0.000000,0.000000,0.000000,0.000000,0.000000,0.000000,0.000000,0.000000,0.000000
0.000000,0.000000,0.000000,0.000000,0.000000,0.000000,0.000000,0.000000,0.000000,0.000000,0.000000,0.000000,0.000000,0.000000,0.000000,0.000000,0.000000,0.000000,0.000000,0.000000,0.000000,0.000000,0.000000,0.000000,0.000000,0.000000,0.000000,0.000000,0.000000,0.000000,0.000000,0.000000,0.000000,0.000000,-0.000000,0.000000,0.000000,-0.000001,-0.000001,-0.000000,-0.000000,-0.000000,-0.000001,-0.000001,-0.000001,-0.000001,-0.000002,-0.000001,0.000000,-0.000001,-0.000001,-0.000001,-0.000001,-0.000001,-0.000000,-0.000000,0.000002,0.000000,0.000003,0.000002,0.000001,0.000003,0.000003,0.000001,0.000003,0.000005,0.000001,-0.000002,-0.000001,0.000000,0.000000,0.000000,0.000000,0.000000,0.000000,0.000000,0.000000,0.000000,0.000000,0.000000,0.000000,0.000000,0.000000,0.000000,0.000000,0.000000,0.000000,0.000000,0.000000,0.000000,0.000000,0.000000,0.000000,0.000000,0.000000,0.000000,0.000000,0.000000,0.000000,0.000000,0.000000,0.000000,0.000000
0.000000,0.000000,0.000000,0.000000,0.000000,0.000000,0.000000,0.000000,0.000000,0.000000,0.000000,0.000000,0.000000,0.000000,0.000000,0.000000,0.000000,0.000000,0.000000,0.000000,0.000000,0.000000,0.000000,0.000000,0.000000,0.000000,0.000000,0.000000,0.000000,0.000000,0.000000,0.000000,-0.000000,0.000001,0.000001,0.000001,0.000001,0.000001,0.000001,0.000000,0.000001,0.000001,0.000001,0.000001,0.000002,0.000001,0.000001,0.000001,0.000000,0.000001,0.000001,0.000002,-0.000001,0.000001,-0.000001,-0.000001,-0.000001,-0.000002,-0.000002,-0.000001,-0.000003,-0.000003,-0.000001,-0.000003,-0.000003,-0.000001,0.000002,-0.000000,-0.000004,0.000000,0.000005,0.000000,0.000000,0.000000,0.000000,0.000000,0.000000,0.000000,0.000000,0.000000,0.000000,0.000000,0.000000,0.000000,0.000000,0.000000,0.000000,0.000000,0.000000,0.000000,0.000000,0.000000,0.000000,0.000000,0.000000,0.000000,0.000000,0.000000,0.000000,0.000000,0.000000,0.000000,0.000000
0.000000,0.000000,0.000000,0.000000,0.000000,0.000000,0.000000,0.000000,0.000000,0.000000,0.000000,0.000000,0.000000,0.000000,0.000000,0.000000,0.000000,0.000000,0.000000,0.000000,0.000000,0.000000,0.000000,0.000000,0.000000,0.000000,0.000000,0.000000,0.000000,0.000000,0.000000,-0.000001,-0.000002,0.000000,-0.000002,-0.000001,-0.000001,-0.000001,-0.000000,-0.000001,-0.000001,-0.000001,-0.000002,-0.000001,-0.000002,-0.000001,-0.000001,-0.000001,-0.000000,-0.000001,-0.000001,-0.000001,-0.000000,0.000000,0.000001,0.000001,0.000002,0.000002,0.000003,0.000003,0.000003,0.000002,0.000003,0.000003,0.000001,-0.000001,-0.000001,0.000002,-0.000001,-0.000002,0.000001,-0.000000,-0.000004,0.000000,0.000000,0.000000,0.000000,0.000000,0.000000,0.000000,0.000000,0.000000,0.000000,0.000000,0.000000,0.000000,0.000000,0.000000,0.000000,0.000000,0.000000,0.000000,0.000000,0.000000,0.000000,0.000000,0.000000,0.000000,0.000000,0.000000,0.000000,0.000000,0.000000
0.000000,0.000000,0.000000,0.000000,0.000000,0.000000,0.000000,0.000000,0.000000,0.000000,0.000000,0.000000,0.000000,0.000000,0.000000,0.000000,0.000000,0.000000,0.000000,0.000000,0.000000,0.000000,0.000000,0.000000,0.000000,0.000000,0.000000,0.000000,-0.000001,0.000001,0.000002,0.000001,0.000001,0.000002,0.000001,0.000001,0.000001,0.000001,0.000001,0.000002,0.000001,0.000001,0.000001,0.000001,0.000002,0.000001,0.000001,0.000002,-0.000000,0.000002,-0.000000,0.000001,-0.000001,0.000000,-0.000001,-0.000002,-0.000002,-0.000002,-0.000003,-0.000004,-0.000002,-0.000003,-0.000002,-0.000002,0.000001,0.000001,-0.000000,0.000001,0.000002,0.000000,0.000001,0.000002,-0.000002,0.000001,0.000003,0.000000,0.000000,0.000000,0.000000,0.000000,0.000000,0.000000,0.000000,0.000000,0.000000,0.000000,0.000000,0.000000,0.000000,0.000000,0.000000,0.000000,0.000000,0.000000,0.000000,0.000000,0.000000,0.000000,0.000000,0.000000,0.000000,0.000000,0.000000
0.000000,0.000000,0.000000,0.000000,0.000000,0.000000,0.000000,0.000000,0.000000,0.000000,0.000000,0.000000,0.000000,0.000000,0.000000,0.000000,0.000000,0.000000,0.000000,0.000000,0.000000,0.000000,0.000000,0.000000,0.000000,0.000000,0.000002,-0.000001,-0.000003,-0.000000,-0.000001,-0.000002,-0.000001,-0.000001,-0.000002,-0.000001,-0.000001,-0.000001,-0.000001,-0.000002,-0.000002,-0.000002,-0.000001,-0.000001,-0.000002,-0.000001,-0.000001,-0.000001,-0.000001,-0.000001,-0.000001,-0.000000,0.000001,0.000000,0.000002,0.000002,0.000003,0.000003,0.000004,0.000003,0.000003,0.000002,0.000001,-0.000000,-0.000001,0.000000,-0.000002,-0.000002,-0.000001,-0.000001,-0.000002,0.000001,-0.000001,-0.000001,0.000000,-0.000000,-0.000003,0.000000,0.000000,0.000000,0.000000,0.000000,0.000000,0.000000,0.000000,0.000000,0.000000,0.000000,0.000000,0.000000,0.000000,0.000000,0.000000,0.000000,0.000000,0.000000,0.000000,0.000000,0.000000,0.000000,0.000000,0.000000,0.000000
0.000000,0.000000,0.000000,0.000000,0.000000,0.000000,0.000000,0.000000,0.000000,0.000000,0.000000,0.000000,0.000000,0.000000,0.000000,0.000000,0.000000,0.000000,0.000000,0.000000,0.000000,0.000000,0.000000,0.000000,-0.000004,0.000001,0.000004,0.000001,0.000001,0.000003,0.000001,0.000002,0.000002,0.000001,0.000001,0.000002,0.000001,0.000002,0.000001,0.000002,0.000001,0.000001,0.000001,0.000001,0.000001,0.000001,0.000001,0.000001,-0.000000,0.000002,-0.000001,0.000000,-0.000001,-0.000002,-0.000002,-0.000003,-0.000003,-0.000005,-0.000002,-0.000005,-0.000001,-0.000002,0.000001,0.000001,0.000002,0.000002,0.000003,0.000001,0.000001,0.000002,-0.000000,0.000002,0.000001,-0.000000,0.000000,0.000003,-0.000001,0.000001,0.000001,0.000000,0.000000,0.000000,0.000000,0.000000,0.000000,0.000000,0.000000,0.000000,0.000000,0.000000,0.000000,0.000000,0.000000,0.000000,0.000000,0.000000,0.000000,0.000000,0.000000,0.000000,0.000000,0.000000,0.000000
0.000000,0.000000,0.000000,0.000000,0.000000,0.000000,0.000000,0.000000,0.000000,0.000000,0.000000,0.000000,0.000000,0.000000,0.000000,0.000000,0.000000,0.000000,0.000000,0.000000,0.000000,0.000000,0.000000,0.000002,-0.000002,0.000001,-0.000001,-0.000003,-0.000001,-0.000001,-0.000003,-0.000001,-0.000001,-0.000002,-0.000001,-0.000002,-0.000002,-0.000002,-0.000002,-0.000002,-0.000001,-0.000001,-0.000002,-0.000001,-0.000001,-0.000001,-0.000001,-0.000000,-0.000000,-0.000000,0.000001,0.000000,0.000002,0.000002,0.000004,0.000003,0.000006,0.000003,0.000004,0.000003,0.000001,-0.000001,-0.000001,-0.000002,-0.000002,-0.000002,-0.000002,-0.000002,-0.000002,-0.000000,-0.000001,-0.000001,-0.000001,-0.000001,-0.000000,0.000000,-0.000001,-0.000001,0.000000,-0.000001,0.000000,0.000000,0.000000,0.000000,0.000000,0.000000,0.000000,0.000000,0.000000,0.000000,0.000000,0.000000,0.000000,0.000000,0.000000,0.000000,0.000000,0.000000,0.000000,0.000000,0.000000,0.000000,0.000000
0.000000,0.000000,0.000000,0.000000,0.000000,0.000000,0.000000,0.000000,0.000000,0.000000,0.000000,0.000000,0.000000,0.000000,0.000000,0.000000,0.000000,0.000000,0.000000,0.000000,0.000000,-0.000005,-0.000001,0.000002,-0.000001,0.000001,-0.000001,0.000001,0.000002,0.000002,0.000001,0.000003,0.000000,0.000003,0.000001,0.000003,0.000001,0.000003,0.000001,0.000002,0.000001,0.000002,0.000002,0.000002,0.000002,0.000001,0.000000,0.000001,-0.000001,-0.000000,-0.000001,-0.000002,-0.000002,-0.000003,-0.000003,-0.000006,-0.000004,-0.000006,-0.000002,-0.000003,0.000001,0.000001,0.000003,0.000002,0.000003,0.000003,0.000002,0.000002,0.000001,0.000001,0.000001,0.000000,0.000001,0.000001,-0.000000,0.000000,-0.000001,0.000002,-0.000000,-0.000001,0.000000,0.000002,0.000000,0.000000,0.000000,0.000000,0.000000,0.000000,0.000000,0.000000,0.000000,0.000000,0.000000,0.000000,0.000000,0.000000,0.000000,0.000000,0.000000,0.000000,0.000000,0.000000,0.000000
0.000000,0.000000,0.000000,0.000000,0.000000,0.000000,0.000000,0.000000,0.000000,0.000000,0.000000,0.000000,0.000000,0.000000,0.000000,0.000000,0.000000,0.000000,0.000000,0.000000,0.000004,0.000001,0.000005,0.000001,-0.000001,0.000001,-0.000000,0.000000,-0.000001,-0.000002,-0.000001,-0.000002,-0.000003,-0.000002,-0.000002,-0.000002,-0.000002,-0.000002,-0.000002,-0.000002,-0.000002,-0.000002,-0.000002,-0.000001,-0.000002,-0.000001,-0.000000,0.000000,0.000000,0.000001,0.000003,0.000002,0.000004,0.000004,0.000006,0.000004,0.000006,0.000003,0.000002,-0.000001,-0.000002,-0.000003,-0.000003,-0.000003,-0.000002,-0.000002,-0.000002,-0.000001,-0.000001,-0.000000,-0.000001,-0.000000,-0.000001,0.000000,-0.000001,-0.000000,0.000000,0.000000,-0.000000,-0.000000,-0.000001,-0.000000,-0.000001,0.000000,0.000000,0.000000,0.000000,0.000000,0.000000,0.000000,0.000000,0.000000,0.000000,0.000000,0.000000,0.000000,0.000000,0.000000,0.000000,0.000000,0.000000,0.000000,0.000000
0.000000,0.000000,0.000000,0.000000,0.000000,0.000000,0.000000,0.000000,0.000000,0.000000,0.000000,0.000000,0.000000,0.000000,0.000000,0.000000,0.000000,0.000000,0.000000,-0.000003,-0.000004,-0.000003,-0.000004,-0.000003,-0.000003,0.000000,-0.000001,0.000001,0.000000,0.000001,0.000001,0.000003,0.000002,0.000003,0.000002,0.000003,0.000001,0.000003,0.000002,0.000003,0.000002,0.000002,0.000002,0.000001,0.000001,0.000001,0.000000,-0.000000,-0.000001,-0.000002,-0.000002,-0.000005,-0.000003,-0.000007,-0.000004,-0.000007,-0.000003,-0.000003,0.000001,0.000002,0.000004,0.000004,0.000004,0.000003,0.000002,0.000002,0.000001,0.000001,0.000001,0.000000,0.000001,0.000000,-0.000000,-0.000000,0.000000,0.000001,-0.000000,-0.000001,-0.000000,0.000001,-0.000000,0.000000,0.000000,0.000001,0.000000,0.000000,0.000000,0.000000,0.000000,0.000000,0.000000,0.000000,0.000000,0.000000,0.000000,0.000000,0.000000,0.000000,0.000000,0.000000,0.000000,0.000000,0.000000
0.000000,0.000000,0.000000,0.000000,0.000000,0.000000,0.000000,0.000000,0.000000,0.000000,0.000000,0.000000,0.000000,0.000000,0.000000,0.000000,0.000000,0.000000,0.000000,0.000006,0.000004,0.000006,0.000005,0.000004,0.000005,0.000002,0.000001,0.000001,-0.000000,-0.000000,-0.000002,-0.000002,-0.000002,-0.000003,-0.000003,-0.000003,-0.000001,-0.000003,-0.000003,-0.000002,-0.000002,-0.000002,-0.000003,-0.000001,-0.000001,0.000000,-0.000001,0.000001,0.000002,0.000002,0.000004,0.000004,0.000007,0.000005,0.000008,0.000004,0.000004,-0.000001,-0.000002,-0.000005,-0.000005,-0.000004,-0.000004,-0.000002,-0.000003,-0.000001,-0.000001,-0.000000,-0.000001,-0.000000,-0.000001,0.000000,-0.000000,0.000000,0.000000,0.000000,-0.000001,0.000000,0.000000,-0.000000,-0.000001,-0.000000,-0.000000,0.000000,-0.000001,0.000000,0.000000,0.000000,0.000000,0.000000,0.000000,0.000000,0.000000,0.000000,0.000000,0.000000,0.000000,0.000000,0.000000,0.000000,0.000000,0.000000,0.000000
0.000000,0.000000,0.000000,0.000000,0.000000,0.000000,0.000000,0.000000,0.000000,0.000000,0.000000,0.000000,0.000000,0.000000,0.000000,0.000000,0.000000,0.000005,-0.000007,-0.000003,-0.000008,-0.000005,-0.000008,-0.000005,-0.000006,-0.000004,-0.000003,-0.000001,-0.000000,0.000000,0.000001,0.000001,0.000003,0.000003,0.000003,0.000003,0.000003,0.000003,0.000003,0.000002,0.000003,0.000002,0.000002,0.000001,0.000001,-0.000000,-0.000000,-0.000002,-0.000002,-0.000005,-0.000004,-0.000008,-0.000004,-0.000010,-0.000004,-0.000005,0.000001,0.000002,0.000005,0.000005,0.000005,0.000004,0.000003,0.000002,0.000001,0.000002,0.000000,0.000001,-0.000000,0.000001,0.000000,-0.000000,-0.000000,-0.000000,0.000001,-0.000001,0.000000,0.000001,-0.000000,0.000000,-0.000001,0.000002,-0.000001,0.000000,0.000000,0.000001,0.000000,0.000000,0.000000,0.000000,0.000000,0.000000,0.000000,0.000000,0.000000,0.000000,0.000000,0.000000,0.000000,0.000000,0.000000,0.000000,0.000000
0.000000,0.000000,0.000000,0.000000,0.000000,0.000000,0.000000,0.000000,0.000000,0.000000,0.000000,0.000000,0.000000,0.000000,0.000000,0.000000,-0.000009,0.000003,-0.000004,0.000007,0.000004,0.000008,0.000008,0.000008,0.000007,0.000006,0.000005,0.000002,0.000001,0.000000,-0.000000,-0.000001,-0.000002,-0.000003,-0.000003,-0.000003,-0.000003,-0.000004,-0.000003,-0.000003,-0.000003,-0.000002,-0.000002,-0.000001,-0.000001,-0.000000,0.000002,0.000002,0.000005,0.000003,0.000009,0.000005,0.000011,0.000005,0.000006,-0.000000,-0.000003,-0.000006,-0.000007,-0.000005,-0.000005,-0.000002,-0.000004,0.000000,-0.000002,0.000000,-0.000001,-0.000001,0.000000,0.000000,-0.000000,0.000000,-0.000000,0.000001,-0.000001,0.000001,-0.000000,0.000000,-0.000000,-0.000000,0.000001,-0.000001,-0.000001,-0.000001,0.000000,-0.000000,-0.000000,0.000000,0.000000,0.000000,0.000000,0.000000,0.000000,0.000000,0.000000,0.000000,0.000000,0.000000,0.000000,0.000000,0.000000,0.000000,0.000000
0.000000,0.000000,0.000000,0.000000,0.000000,0.000000,0.000000,0.000000,0.000000,0.000000,0.000000,0.000000,0.000000,0.000000,0.000000,0.000005,0.000003,0.000011,-0.000003,0.000006,-0.000007,-0.000006,-0.000010,-0.000009,-0.000009,-0.000008,-0.000006,-0.000005,-0.000003,-0.000002,-0.000000,0.000001,0.000002,0.000002,0.000004,0.000003,0.000005,0.000004,0.000004,0.000003,0.000003,0.000002,0.000003,-0.000000,0.000001,-0.000002,-0.000002,-0.000005,-0.000005,-0.000009,-0.000005,-0.000013,-0.000006,-0.000008,-0.000000,0.000002,0.000007,0.000007,0.000008,0.000005,0.000003,0.000003,0.000001,0.000002,0.000000,0.000001,-0.000000,0.000001,-0.000001,0.000000,-0.000000,-0.000000,0.000001,-0.000001,-0.000000,0.000000,0.000000,-0.000001,-0.000000,0.000001,-0.000000,-0.000000,-0.000000,0.000001,-0.000000,0.000000,0.000000,0.000000,0.000000,0.000000,0.000000,0.000000,0.000000,0.000000,0.000000,0.000000,0.000000,0.000000,0.000000,0.000000,0.000000,0.000000,0.000000
0.000000,0.000000,0.000000,0.000000,0.000000,0.000000,0.000000,0.000000,0.000000,0.000000,0.000000,0.000000,0.000000,0.000000,0.000000,-0.000007,-0.000004,-0.000003,-0.000016,0.000001,-0.000007,0.000007,0.000008,0.000010,0.000011,0.000009,0.000009,0.000007,0.000006,0.000003,0.000002,0.000000,-0.000001,-0.000002,-0.000004,-0.000004,-0.000005,-0.000005,-0.000004,-0.000004,-0.000003,-0.000003,-0.000002,-0.000001,0.000002,0.000001,0.000005,0.000005,0.000011,0.000006,0.000015,0.000006,0.000011,0.000001,-0.000003,-0.000008,-0.000009,-0.000007,-0.000007,-0.000003,-0.000004,-0.000000,-0.000002,0.000000,-0.000002,0.000000,-0.000001,0.000001,0.000000,0.000001,-0.000000,0.000001,-0.000000,0.000001,0.000000,0.000001,-0.000001,0.000001,0.000001,0.000001,-0.000001,0.000000,0.000000,-0.000001,-0.000001,-0.000001,-0.000000,-0.000000,-0.000000,0.000000,0.000000,0.000000,0.000000,0.000000,0.000000,0.000000,0.000000,0.000000,0.000000,0.000000,0.000000,0.000000,0.000000
0.000000,0.000000,0.000000,0.000000,0.000000,0.000000,0.000000,0.000000,0.000000,0.000000,0.000000,0.000000,0.000000,-0.000003,0.000006,-0.000003,0.000007,0.000006,0.000001,0.000022,-0.000000,0.000010,-0.000007,-0.000012,-0.000012,-0.000013,-0.000011,-0.000010,-0.000008,-0.000006,-0.000004,-0.000002,0.000000,0.000001,0.000005,0.000003,0.000006,0.000005,0.000005,0.000005,0.000004,0.000002,0.000002,-0.000001,-0.000001,-0.000006,-0.000004,-0.000011,-0.000006,-0.000017,-0.000008,-0.000013,-0.000003,0.000002,0.000009,0.000010,0.000010,0.000007,0.000003,0.000005,0.000000,0.000003,-0.000001,0.000002,-0.000000,0.000001,-0.000001,0.000000,-0.000002,-0.000000,-0.000000,-0.000001,-0.000000,-0.000000,-0.000001,-0.000001,-0.000001,-0.000000,0.000000,-0.000001,0.000001,0.000001,0.000001,-0.000001,0.000000,0.000001,-0.000000,0.000000,-0.000000,0.000001,0.000000,0.000000,0.000000,0.000000,0.000000,0.000000,0.000000,0.000000,0.000000,0.000000,0.000000,0.000000,0.000000
0.000000,0.000000,0.000000,0.000000,0.000000,0.000000,0.000000,0.000000,0.000000,0.000000,0.000000,0.000000,0.000004,-0.000004,0.000004,-0.000008,0.000004,-0.000007,-0.000007,-0.000000,-0.000031,-0.000001,-0.000012,0.000007,0.000015,0.000014,0.000016,0.000012,0.000012,0.000008,0.000007,0.000003,0.000002,-0.000001,-0.000003,-0.000004,-0.000007,-0.000006,-0.000006,-0.000006,-0.000003,-0.000003,0.000001,0.000000,0.000005,0.000005,0.000012,0.000007,0.000018,0.000009,0.000017,0.000004,-0.000002,-0.000011,-0.000012,-0.000011,-0.000009,-0.000004,-0.000005,-0.000001,-0.000003,-0.000000,-0.000001,0.000001,-0.000001,0.000001,-0.000000,0.000002,0.000000,0.000001,0.000000,0.000001,0.000001,0.000001,0.000000,0.000000,0.000001,0.000000,-0.000000,0.000000,0.000000,-0.000000,-0.000002,0.000000,0.000000,-0.000001,-0.000000,-0.000001,0.000000,-0.000000,-0.000001,0.000000,0.000000,0.000000,0.000000,0.000000,0.000000,0.000000,0.000000,0.000000,0.000000,0.000000,0.000000
0.000000,0.000000,0.000000,0.000000,0.000000,0.000000,0.000000,0.000000,0.000000,0.000000,0.000000,-0.000005,0.000001,-0.000003,0.000006,-0.000005,0.000008,-0.000006,0.000007,0.000010,-0.000001,0.000042,0.000003,0.000015,-0.000008,-0.000020,-0.000017,-0.000018,-0.000015,-0.000014,-0.000010,-0.000008,-0.000004,-0.000002,0.000002,0.000003,0.000009,0.000008,0.000008,0.000006,0.000004,0.000001,-0.000000,-0.000005,-0.000004,-0.000012,-0.000008,-0.000021,-0.000010,-0.000020,-0.000007,0.000001,0.000012,0.000016,0.000014,0.000010,0.000004,0.000006,0.000000,0.000004,-0.000002,0.000003,-0.000001,0.000002,-0.000001,0.000000,-0.000001,-0.000000,-0.000001,-0.000001,-0.000001,-0.000001,-0.000000,0.000000,-0.000001,-0.000000,-0.000000,-0.000001,-0.000000,0.000000,0.000001,-0.000002,0.000001,0.000001,0.000001,-0.000001,0.000000,0.000001,-0.000000,0.000001,-0.000000,0.000002,0.000000,0.000000,0.000000,0.000000,0.000000,0.000000,0.000000,0.000000,0.000000,0.000000,0.000000
0.000000,0.000000,0.000000,0.000000,0.000000,0.000000,0.000000,0.000000,0.000000,0.000000,0.000000,-0.000001,0.000005,-0.000004,0.000005,-0.000008,0.000008,-0.000010,0.000008,-0.000007,-0.000012,0.000003,-0.000056,-0.000008,-0.000016,0.000007,0.000027,0.000019,0.000023,0.000017,0.000017,0.000011,0.000010,0.000004,0.000001,-0.000002,-0.000010,-0.000009,-0.000010,-0.000007,-0.000002,-0.000001,0.000004,0.000005,0.000013,0.000009,0.000023,0.000013,0.000026,0.000011,-0.000001,-0.000013,-0.000019,-0.000017,-0.000012,-0.000005,-0.000006,-0.000000,-0.000004,0.000000,-0.000002,0.000001,-0.000001,-0.000000,-0.000000,0.000001,0.000000,0.000001,-0.000000,0.000001,0.000000,0.000001,0.000000,0.000000,0.000000,0.000000,0.000000,0.000000,0.000000,0.000000,-0.000001,0.000000,0.000000,-0.000001,-0.000001,-0.000001,0.000001,-0.000001,-0.000001,-0.000001,-0.000001,-0.000000,0.000000,0.000000,0.000000,0.000000,0.000000,0.000000,0.000000,0.000000,0.000000,0.000000,0.000000
0.000000,0.000000,0.000000,0.000000,0.000000,0.000000,0.000000,0.000000,0.000000,0.000000,0.000002,0.000002,0.000001,-0.000003,0.000004,-0.000005,0.000008,-0.000009,0.000010,-0.000012,0.000007,0.000015,-0.000008,0.000074,0.000013,0.000021,-0.000007,-0.000035,-0.000025,-0.000028,-0.000021,-0.000020,-0.000015,-0.000011,-0.000004,-0.000001,0.000013,0.000010,0.000013,0.000007,0.000002,-0.000004,-0.000004,-0.000014,-0.000010,-0.000026,-0.000014,-0.000033,-0.000015,-0.000002,0.000015,0.000023,0.000022,0.000015,0.000005,0.000007,-0.000000,0.000004,-0.000001,0.000003,-0.000001,0.000002,-0.000001,0.000001,-0.000001,0.000000,-0.000001,0.000000,-0.000001,-0.000000,-0.000001,-0.000000,-0.000001,-0.000000,-0.000000,0.000000,-0.000001,0.000000,0.000000,-0.000001,0.000000,0.000001,0.000000,-0.000000,0.000000,0.000002,0.000001,-0.000000,0.000000,0.000002,-0.000000,-0.000001,-0.000000,0.000000,0.000000,0.000000,0.000000,0.000000,0.000000,0.000000,0.000000,0.000000,0.000000
0.000000,0.000000,0.000000,0.000000,0.000000,0.000000,0.000000,0.000000,0.000000,-0.000004,-0.000002,-0.000001,-0.000001,-0.000003,0.000005,-0.000006,0.000007,-0.000009,0.000011,-0.000012,0.000015,-0.000008,-0.000016,0.000013,-0.000095,-0.000025,-0.000025,0.000004,0.000044,0.000030,0.000034,0.000025,0.000027,0.000017,0.000014,0.000005,-0.000014,-0.000013,-0.000014,-0.000010,0.000003,0.000005,0.000015,0.000011,0.000029,0.000018,0.000041,0.000021,0.000002,-0.000015,-0.000028,-0.000027,-0.000018,-0.000006,-0.000008,0.000000,-0.000004,0.000001,-0.000003,0.000002,-0.000002,0.000000,-0.000000,0.000001,-0.000000,-0.000000,-0.000000,0.000001,0.000001,0.000001,0.000000,0.000001,0.000000,0.000001,0.000001,0.000000,0.000000,-0.000000,0.000001,-0.000000,0.000000,-0.000001,-0.000001,-0.000001,0.000001,-0.000002,-0.000001,-0.000001,0.000000,-0.000002,0.000000,-0.000001,0.000000,0.000001,0.000000,0.000000,0.000000,0.000000,0.000000,0.000000,0.000000,0.000000,0.000000
0.000000,0.000000,0.000000,0.000000,0.000000,0.000000,0.000000,0.000000,0.000000,0.000001,0.000001,0.000001,0.000001,0.000000,0.000002,-0.000004,0.000006,-0.000008,0.000009,-0.000013,0.000014,-0.000020,0.000007,0.000021,-0.000025,0.000119,0.000041,0.000031,0.000002,-0.000053,-0.000038,-0.000040,-0.000034,-0.000031,-0.000023,-0.000017,0.000018,0.000011,0.000019,0.000007,-0.000005,-0.000016,-0.000014,-0.000034,-0.000021,-0.000052,-0.000028,-0.000005,0.000018,0.000034,0.000036,0.000020,0.000006,0.000009,-0.000002,0.000006,-0.000003,0.000003,-0.000001,0.000001,-0.000001,0.000001,-0.000001,0.000000,-0.000000,0.000001,-0.000000,-0.000001,-0.000001,0.000000,-0.000001,-0.000000,-0.000000,-0.000001,-0.000001,0.000000,-0.000001,0.000000,-0.000000,0.000000,0.000000,0.000000,-0.000000,0.000002,0.000001,-0.000000,0.000001,0.000002,0.000001,-0.000000,0.000001,0.000002,-0.000000,0.000001,0.000000,0.000000,0.000000,0.000000,0.000000,0.000000,0.000000,0.000000,0.000000
0.000000,0.000000,0.000000,0.000000,0.000000,0.000000,0.000000,0.000000,0.000002,0.000004,-0.000001,-0.000001,-0.000000,-0.000001,0.000001,-0.000003,0.000005,-0.000006,0.000009,-0.000011,0.000016,-0.000017,0.000027,-0.000007,-0.000025,0.000041,-0.000145,-0.000064,-0.000041,-0.000013,0.000063,0.000043,0.000051,0.000038,0.000044,0.000025,-0.000014,-0.000016,-0.000017,-0.000010,0.000021,0.000017,0.000040,0.000026,0.000066,0.000038,0.000006,-0.000019,-0.000045,-0.000045,-0.000025,-0.000006,-0.000010,0.000003,-0.000005,0.000002,-0.000002,0.000001,-0.000001,0.000001,-0.000001,0.000001,0.000001,-0.000000,0.000000,-0.000001,0.000001,0.000000,0.000000,0.000000,0.000001,0.000000,0.000001,0.000000,0.000000,0.000000,0.000001,-0.000001,0.000000,-0.000001,0.000000,-0.000001,0.000001,-0.000002,-0.000001,-0.000002,0.000000,-0.000001,-0.000001,-0.000001,0.000000,-0.000001,-0.000001,-0.000001,-0.000003,0.000000,0.000000,0.000000,0.000000,0.000000,0.000000,0.000000,0.000000
0.000000,0.000000,0.000000,0.000000,0.000000,0.000000,0.000000,0.000000,-0.000001,0.000001,-0.000003,0.000001,0.000000,0.000001,0.000001,-0.000001,0.000002,-0.000005,0.000007,-0.000010,0.000012,-0.000018,0.000019,-0.000035,0.000004,0.000031,-0.000064,0.000169,0.000096,0.000056,0.000030,-0.000062,-0.000051,-0.000052,-0.000055,-0.000049,0.000022,0.000010,0.000024,0.000002,-0.000024,-0.000049,-0.000034,-0.000082,-0.000048,-0.000007,0.000023,0.000056,0.000062,0.000030,0.000006,0.000011,-0.000004,0.000005,-0.000004,0.000003,-0.000002,0.000002,-0.000001,-0.000000,-0.000001,-0.000000,-0.000000,-0.000000,-0.000001,0.000000,-0.000001,-0.000000,-0.000000,0.000000,-0.000001,0.000000,-0.000001,0.000000,0.000000,-0.000000,-0.000000,0.000000,0.000000,0.000000,-0.000000,0.000001,0.000001,0.000000,0.000001,0.000002,0.000001,0.000000,0.000000,0.000002,0.000000,0.000000,0.000001,0.000002,0.000000,0.000000,0.000000,0.000000,0.000000,0.000000,0.000000,0.000000,0.000000
0.000000,0.000000,0.000000,0.000000,0.000000,0.000000,0.000000,-0.000001,-0.000003,0.000001,-0.000001,0.000002,-0.000001,0.000000,-0.000000,-0.000000,0.000001,-0.000003,0.000006,-0.000008,0.000012,-0.000015,0.000023,-0.000025,0.000044,0.000002,-0.000041,0.000096,-0.000183,-0.000137,-0.000076,-0.000061,0.000061,0.000041,0.000070,0.000052,-0.000024,-0.000024,-0.000018,-0.000016,0.000063,0.000044,0.000101,0.000058,0.000002,-0.000028,-0.000075,-0.000082,-0.000038,-0.000004,-0.000012,0.000005,-0.000006,0.000005,-0.000003,0.000002,-0.000001,0.000000,-0.000001,0.000001,0.000000,0.000000,-0.000000,0.000000,0.000001,-0.000001,0.000001,-0.000000,0.000001,-0.000000,0.000001,-0.000000,0.000001,-0.000001,0.000001,-0.000001,0.000001,-0.000000,0.000001,-0.000001,0.000000,-0.000002,0.000000,-0.000001,-0.000000,-0.000002,-0.000001,-0.000002,0.000001,-0.000001,-0.000002,-0.000001,-0.000000,0.000000,0.000001,0.000003,0.000000,0.000000,0.000000,0.000000,0.000000,0.000000,0.000000
0.000000,0.000000,0.000000,0.000000,0.000000,0.000000,0.000000,0.000001,-0.000000,0.000003,-0.000001,0.000002,-0.000002,0.000001,-0.000000,0.000000,0.000000,-0.000002,0.000003,-0.000006,0.000008,-0.000014,0.000017,-0.000028,0.000030,-0.000053,-0.000013,0.000056,-0.000137,0.000186,0.000174,0.000109,0.000090,-0.000031,-0.000049,-0.000054,0.000067,0.000030,0.000051,0.000005,-0.000051,-0.000119,-0.000059,0.000008,0.000043,0.000101,0.000115,0.000046,0.000001,0.000013,-0.000007,0.000005,-0.000006,0.000002,-0.000002,0.000001,-0.000001,0.000001,-0.000001,0.000000,-0.000000,-0.000000,-0.000000,-0.000000,-0.000001,0.000000,-0.000000,0.000000,-0.000000,-0.000001,0.000000,-0.000000,0.000000,0.000000,-0.000000,0.000001,0.000000,-0.000000,0.000000,0.000000,0.000001,0.000000,0.000001,0.000002,0.000001,0.000001,0.000001,0.000002,0.000001,0.000000,0.000000,0.000002,-0.000000,-0.000001,-0.000001,0.000001,0.000000,0.000000,0.000000,0.000000,0.000000,0.000000,0.000000
0.000000,0.000000,0.000000,0.000000,0.000000,0.000000,0.000000,0.000002,-0.000001,0.000001,-0.000003,0.000001,-0.000001,0.000001,-0.000002,0.000001,-0.000000,-0.000000,0.000002,-0.000004,0.000007,-0.000010,0.000017,-0.000021,0.000034,-0.000038,0.000063,0.000030,-0.000076,0.000174,-0.000156,-0.000211,-0.000124,-0.000145,0.000028,0.000015,-0.000118,-0.000105,-0.000062,-0.000083,0.000115,0.000055,-0.000045,-0.000066,-0.000141,-0.000156,-0.000058,0.000008,-0.000013,0.000009,-0.000005,0.000006,-0.000001,0.000002,0.000000,0.000000,0.000000,0.000000,0.000001,-0.000001,-0.000000,0.000000,0.000001,0.000000,0.000001,-0.000000,0.000001,-0.000000,0.000000,-0.000000,0.000000,-0.000001,0.000001,-0.000001,0.000001,-0.000001,0.000001,-0.000001,0.000000,-0.000001,0.000000,-0.000001,-0.000000,-0.000002,-0.000001,-0.000001,-0.000001,-0.000001,-0.000001,-0.000001,-0.000001,0.000000,-0.000001,0.000002,-0.000000,-0.000003,-0.000002,0.000000,0.000000,0.000000,0.000000,0.000000,0.000000
0.000000,0.000000,0.000000,0.000000,0.000000,0.000000,-0.000001,0.000001,-0.000002,0.000002,-0.000001,0.000003,-0.000002,0.000003,-0.000002,0.000001,-0.000001,0.000001,0.000000,-0.000002,0.000003,-0.000008,0.000011,-0.000020,0.000025,-0.000040,0.000043,-0.000062,-0.000061,0.000109,-0.000211,0.000114,0.000199,0.000146,0.000152,-0.000004,0.000220,0.000158,0.000190,0.000100,-0.000002,0.000089,0.000125,0.000190,0.000219,0.000067,-0.000022,0.000010,-0.000013,0.000003,-0.000007,0.000001,-0.000003,-0.000001,-0.000001,-0.000001,-0.000000,-0.000001,-0.000000,-0.000000,-0.000000,-0.000000,-0.000001,-0.000000,-0.000000,0.000000,-0.000000,-0.000000,0.000000,0.000000,0.000000,-0.000000,0.000001,0.000000,-0.000000,0.000000,-0.000001,0.000001,0.000000,0.000000,0.000000,0.000001,0.000001,0.000001,0.000001,0.000002,0.000001,0.000001,-0.000000,0.000003,-0.000000,-0.000000,-0.000001,0.000001,0.000001,0.000001,0.000000,0.000000,0.000000,0.000000,0.000000,0.000000,0.000000
0.000000,0.000000,0.000000,0.000000,0.000000,-0.000000,-0.000002,0.000001,-0.000001,0.000002,-0.000001,0.000000,-0.000003,0.000002,-0.000002,0.000003,-0.000002,0.000002,-0.000001,0.000000,0.000002,-0.000004,0.000010,-0.000015,0.000027,-0.000034,0.000051,-0.000051,0.000061,0.000090,-0.000124,0.000199,-0.000024,-0.000181,-0.000094,-0.000153,-0.000212,-0.000274,-0.000206,-0.000295,-0.000200,-0.000154,-0.000267,-0.000281,-0.000079,0.000058,-0.000002,0.000015,0.000000,0.000007,0.000003,0.000001,0.000002,-0.000000,0.000001,0.000001,0.000001,0.000000,-0.000000,0.000000,0.000001,-0.000000,0.000000,-0.000000,0.000001,-0.000000,0.000000,-0.000000,0.000000,-0.000001,-0.000000,-0.000000,-0.000000,-0.000001,0.000001,-0.000000,0.000000,-0.000001,0.000001,-0.000001,-0.000000,-0.000001,-0.000001,-0.000001,-0.000001,-0.000002,-0.000001,-0.000000,-0.000001,-0.000000,-0.000002,0.000000,-0.000000,-0.000000,-0.000001,0.000000,0.000002,0.000003,0.000000,0.000000,0.000000,0.000000,0.000000
0.000000,0.000000,0.000000,0.000000,0.000000,0.000001,0.000000,0.000002,-0.000001,0.000001,-0.000002,0.000003,-0.000002,0.000003,-0.000003,0.000003,-0.000003,0.000002,-0.000002,0.000001,-0.000001,-0.000002,0.000004,-0.000011,0.000017,-0.000031,0.000038,-0.000052,0.000041,-0.000031,-0.000145,0.000146,-0.000181,-0.000041,0.000128,0.000007,0.000366,0.000187,0.000252,0.000511,0.000224,0.000216,0.000346,0.000054,-0.000122,-0.000024,-0.000015,-0.000006,-0.000008,-0.000004,-0.000001,-0.000003,-0.000000,-0.000001,-0.000001,-0.000001,-0.000000,-0.000001,0.000000,-0.000001,-0.000001,-0.000000,-0.000001,0.000001,-0.000000,-0.000001,-0.000000,0.000000,0.000001,0.000000,0.000000,0.000000,0.000001,0.000000,-0.000001,0.000001,0.000000,0.000001,-0.000001,0.000001,0.000000,0.000001,0.000001,0.000001,0.000001,0.000001,0.000000,0.000003,-0.000001,0.000001,-0.000000,0.000002,-0.000000,0.000001,-0.000001,-0.000000,-0.000001,-0.000001,0.000000,0.000000,0.000000,0.000000,0.000000
0.000000,0.000000,0.000000,0.000000,-0.000000,0.000001,-0.000002,0.000001,-0.000002,0.000001,-0.000001,0.000001,-0.000002,0.000002,-0.000003,0.000003,-0.000003,0.000004,-0.000004,0.000005,-0.000003,0.000002,0.000001,-0.000004,0.000014,-0.000023,0.000044,-0.000055,0.000070,-0.000049,0.000028,0.000152,-0.000094,0.000128,0.000033,-0.000078,-0.000207,-0.000298,-0.000316,-0.000361,-0.000133,-0.000152,0.000024,0.000263,0.000082,0.000010,0.000013,0.000010,0.000009,-0.000002,0.000005,0.000000,0.000002,0.000001,0.000001,0.000000,0.000001,0.000000,0.000001,0.000000,-0.000000,0.000001,0.000001,0.000000,-0.000000,-0.000000,0.000001,-0.000000,-0.000000,-0.000000,0.000000,-0.000001,-0.000000,-0.000001,0.000000,-0.000001,-0.000000,-0.000001,0.000000,-0.000001,-0.000000,-0.000001,-0.000001,-0.000001,-0.000002,0.000000,-0.000001,-0.000000,-0.000002,0.000001,-0.000001,0.000001,-0.000002,0.000000,0.000001,0.000001,0.000000,-0.000004,0.000002,0.000000,0.000000,0.000000,0.000000
0.000000,0.000000,0.000000,0.000000,0.000000,0.000001,-0.000001,0.000001,-0.000001,0.000002,-0.000002,0.000003,-0.000002,0.000003,-0.000003,0.000003,-0.000003,0.000003,-0.000004,0.000003,-0.000004,0.000003,-0.000002,-0.000001,0.000005,-0.000017,0.000025,-0.000049,0.000052,-0.000054,0.000015,-0.000004,-0.000153,0.000007,-0.000078,0.000057,0.000301,0.000470,0.000420,0.000212,-0.000026,-0.000423,-0.000523,-0.000194,-0.000000,-0.000016,-0.000019,-0.000012,0.000000,-0.000004,-0.000001,-0.000002,-0.000001,-0.000002,-0.000001,0.000000,-0.000001,-0.000001,-0.000001,0.000000,0.000000,0.000000,-0.000000,-0.000001,-0.000000,0.000000,0.000000,-0.000000,0.000000,0.000000,0.000001,0.000001,-0.000000,0.000001,-0.000000,0.000001,-0.000000,0.000001,0.000000,0.000001,0.000001,0.000001,0.000001,0.000001,0.000001,0.000002,-0.000001,0.000002,-0.000000,0.000002,-0.000001,0.000001,-0.000001,0.000001,-0.000001,-0.000001,0.000002,-0.000002,-0.000000,0.000000,0.000000,0.000000,0.000000
0.000000,0.000000,0.000000,0.000000,0.000000,0.000001,-0.000001,0.000001,-0.000001,0.000001,-0.000002,0.000001,-0.000002,0.000001,-0.000001,0.000003,-0.000003,0.000005,-0.000005,0.000006,-0.000007,0.000009,-0.000010,0.000013,-0.000014,0.000018,-0.000014,0.000022,-0.000024,0.000067,-0.000118,0.000220,-0.000212,0.000366,-0.000207,0.000301,0.003333,0.003333,0.003333,0.003331,0.001786,0.000619,0.000421,-0.000076,-0.000011,0.000041,0.000025,-0.000004,0.000009,0.000001,0.000004,-0.000000,0.000003,-0.000000,0.000001,0.000000,0.000001,0.000000,0.000000,0.000000,-0.000000,0.000000,-0.000000,0.000001,0.000000,0.000000,-0.000001,-0.000000,-0.000001,-0.000000,-0.000001,-0.000001,0.000000,-0.000001,0.000000,-0.000000,-0.000000,-0.000001,-0.000000,-0.000001,-0.000002,0.000000,-0.000001,0.000000,-0.000002,0.000000,-0.000002,0.000001,-0.000002,0.000001,-0.000002,0.000001,0.000001,0.000001,0.000001,-0.000002,0.000003,-0.000000,0.000001,0.000000,0.000000,0.000000,0.000000
0.000000,0.000000,0.000000,-0.000000,-0.000001,0.000001,-0.000001,0.000001,-0.000001,0.000002,-0.000002,0.000003,-0.000002,0.000003,-0.000003,0.000003,-0.000004,0.000004,-0.000005,0.000005,-0.000006,0.000008,-0.000009,0.000010,-0.000013,0.000011,-0.000016,0.000010,-0.000024,0.000030,-0.000105,0.000158,-0.000274,0.000187,-0.000298,0.000470,0.003333,0.003333,0.003333,0.003331,0.003171,0.002275,0.000968,0.000185,-0.000071,-0.000046,-0.000002,-0.000009,-0.000006,-0.000006,-0.000000,-0.000004,-0.000000,-0.000001,-0.000001,-0.000001,-0.000001,-0.000000,-0.000000,0.000000,-0.000000,0.000000,-0.000001,0.000001,0.000000,0.000000,0.000000,0.000001,0.000001,0.000001,-0.000000,0.000001,0.000001,-0.000000,-0.000001,0.000001,0.000001,0.000001,0.000000,0.000001,0.000001,0.000002,-0.000000,0.000002,-0.000001,0.000002,-0.000001,0.000002,-0.000002,0.000002,-0.000001,0.000001,-0.000001,-0.000002,0.000001,-0.000002,0.000001,-0.000002,0.000002,-0.000004,0.000000,0.000000,0.000000
0.000000,0.000000,0.000000,0.000000,-0.000001,0.000001,-0.000000,0.000001,-0.000001,0.000001,-0.000002,0.000001,-0.000002,0.000002,-0.000003,0.000003,-0.000003,0.000004,-0.000004,0.000005,-0.000006,0.000008,-0.000010,0.000013,-0.000014,0.000019,-0.000017,0.000024,-0.000018,0.000051,-0.000062,0.000190,-0.000206,0.000252,-0.000316,0.000420,0.003333,0.003333,0.003333,0.003331,0.003402,0.003098,0.001811,0.000664,0.000088,-0.000073,0.000034,0.000009,0.000013,0.000001,0.000007,-0.000000,0.000003,-0.000000,0.000002,-0.000000,0.000001,0.000001,-0.000000,0.000000,0.000000,0.000001,0.000000,-0.000000,-0.000001,-0.000001,0.000000,-0.000000,-0.000001,-0.000001,0.000000,-0.000001,-0.000000,-0.000000,-0.000000,-0.000001,-0.000000,-0.000001,-0.000001,-0.000001,-0.000001,-0.000000,-0.000003,0.000000,-0.000002,0.000001,-0.000002,0.000002,-0.000003,0.000003,-0.000000,0.000001,0.000001,-0.000001,0.000003,-0.000001,0.000002,-0.000002,0.000003,0.000000,0.000000,0.000000,0.000000
0.000000,0.000000,0.000000,0.000001,-0.000000,0.000000,-0.000001,0.000002,-0.000002,0.000002,-0.000002,0.000002,-0.000002,0.000003,-0.000002,0.000002,-0.000003,0.000003,-0.000004,0.000005,-0.000006,0.000006,-0.000007,0.000007,-0.000010,0.000007,-0.000010,0.000002,-0.000016,0.000005,-0.000083,0.000100,-0.000295,0.000511,-0.000361,0.000212,0.003331,0.003331,0.003331,0.003330,0.003343,0.003252,0.002522,0.001039,-0.000013,-0.000063,0.000006,-0.000024,-0.000003,-0.000009,-0.000003,-0.000004,-0.000001,-0.000003,-0.000001,-0.000000,-0.000001,-0.000000,-0.000001,0.000000,-0.000001,0.000000,-0.000001,0.000001,0.000000,0.000001,0.000000,0.000000,-0.000000,0.000001,0.000001,-0.000000,-0.000000,0.000000,0.000001,0.000001,0.000000,0.000001,0.000001,0.000001,0.000000,0.000002,0.000000,0.000003,-0.000002,0.000003,-0.000003,0.000003,-0.000002,0.000001,-0.000001,-0.000002,0.000001,-0.000003,0.000001,-0.000003,0.000002,-0.000003,0.000001,-0.000001,0.000000,0.000000,0.000000
0.000000,0.000000,0.000000,-0.000000,-0.000000,0.000001,-0.000001,0.000001,-0.000002,0.000001,-0.000001,0.000001,-0.000002,0.000002,-0.000002,0.000003,-0.000003,0.000003,-0.000003,0.000004,-0.000003,0.000004,-0.000002,0.000002,0.000003,-0.000005,0.000021,-0.000024,0.000063,-0.000051,0.000115,-0.000002,-0.000200,0.000224,-0.000133,-0.000026,0.001786,0.003171,0.003402,0.003343,0.003434,0.003486,0.002623,0.001133,0.000154,0.000032,0.000002,-0.000010,0.000025,-0.000003,0.000011,0.000000,0.000006,0.000000,0.000004,-0.000000,0.000001,0.000000,0.000001,0.000001,-0.000000,0.000000,-0.000000,0.000000,-0.000001,-0.000000,-0.000001,0.000000,-0.000001,-0.000001,-0.000000,-0.000001,0.000000,-0.000000,-0.000000,-0.000002,-0.000000,-0.000001,-0.000002,-0.000000,-0.000003,0.000001,-0.000003,0.000001,-0.000004,0.000003,-0.000003,0.000003,-0.000001,0.000001,0.000001,-0.000001,0.000003,-0.000002,0.000002,-0.000001,0.000003,-0.000001,0.000002,-0.000001,0.000000,0.000000,0.000000
