0.000000,0.000000,0.000000,0.000000,0.000000,0.000000,0.000000,0.000000,0.000000,0.000000,0.000000,0.000000,0.000000,0.000000,0.000000,0.000000,0.000000,0.000000,0.000000,0.000000,0.000000,0.000000,0.000000,0.000000,0.000000,0.000000,0.000000,0.000000,0.000000,0.000000,0.000000,0.000000,0.000000,0.000000,0.000000,0.000000,0.000000,0.000000,0.000000,0.000000,0.000000,0.000000,0.000000,0.000000,0.000000,0.000000,0.000000,0.000000,0.000000,0.000000,0.000000,0.000000,0.000000,0.000000,0.000000,0.000000,0.000000,0.000000,0.000000,0.000000,0.000000,0.000000,0.000000,0.000000,0.000000,0.000000,0.000000,0.000000,0.000000,0.000000,0.000000,0.000000,0.000000,0.000000,0.000000,0.000000,0.000000,0.000000,0.000000,0.000000,0.000000,0.000000,0.000000,0.000000,0.000000,0.000000,0.000000,0.000000,0.000000,0.000000,0.000000,0.000000,0.000000,0.000000,0.000000,0.000000,0.000000,0.000000,0.000000,0.000000,0.000000,0.000000,0.000000
0.000000,0.000000,0.000000,0.000000,0.000000,0.000000,0.000000,0.000000,0.000000,0.000000,0.000000,0.000000,0.000000,0.000000,0.000000,0.000000,0.000000,0.000000,0.000000,0.000000,0.000000,0.000000,0.000000,0.000000,0.000000,0.000000,0.000000,0.000000,0.000000,0.000000,0.000000,0.000000,0.000000,0.000000,0.000000,0.000000,0.000000,0.000000,0.000000,0.000000,0.000000,0.000000,0.000000,0.000000,0.000000,0.000000,0.000000,0.000000,0.000000,0.000000,0.000000,-0.000000,0.000000,0.000000,0.000000,0.000000,0.000000,0.000000,0.000000,0.000000,0.000000,0.000000,0.000000,0.000000,0.000000,0.000000,0.000000,0.000000,0.000000,0.000000,0.000000,0.000000,0.000000,0.000000,0.000000,0.000000,0.000000,0.000000,0.000000,0.000000,0.000000,0.000000,0.000000,0.000000,0.000000,0.000000,0.000000,0.000000,0.000000,0.000000,0.000000,0.000000,0.000000,0.000000,0.000000,0.000000,0.000000,0.000000,0.000000,0.000000,0.000000,0.000000,0.000000
0.000000,0.000000,0.000000,0.000000,0.000000,0.000000,0.000000,0.000000,0.000000,0.000000,0.000000,0.000000,0.000000,0.000000,0.000000,0.000000,0.000000,0.000000,0.000000,0.000000,0.000000,0.000000,0.000000,0.000000,0.000000,0.000000,0.000000,0.000000,0.000000,0.000000,0.000000,0.000000,0.000000,0.000000,0.000000,0.000000,0.000000,0.000000,0.000000,0.000000,0.000000,0.000000,-0.000000,0.000009,-0.000003,-0.000004,-0.000002,-0.000005,-0.000006,0.000006,0.000004,-0.000002,0.000005,-0.000017,0.000004,0.000006,-0.000011,0.000003,0.000001,0.000007,0.000002,0.000000,0.000000,0.000000,0.000000,0.000000,0.000000,0.000000,0.000000,0.000000,0.000000,0.000000,0.000000,0.000000,0.000000,0.000000,0.000000,0.000000,0.000000,0.000000,0.000000,0.000000,0.000000,0.000000,0.000000,0.000000,0.000000,0.000000,0.000000,0.000000,0.000000,0.000000,0.000000,0.000000,0.000000,0.000000,0.000000,0.000000,0.000000,0.000000,0.000000,0.000000,0.000000
0.000000,0.000000,0.000000,0.000000,0.000000,0.000000,0.000000,0.000000,0.000000,0.000000,0.000000,0.000000,0.000000,0.000000,0.000000,0.000000,0.000000,0.000000,0.000000,0.000000,0.000000,0.000000,0.000000,0.000000,0.000000,0.000000,0.000000,0.000000,0.000000,0.000000,0.000000,0.000000,0.000000,0.000000,0.000000,0.000000,0.000000,-0.000002,0.000006,-0.000011,0.000003,-0.000001,-0.000001,-0.000005,0.000005,0.000015,0.000004,0.000002,-0.000003,-0.000001,-0.000002,0.000009,0.000010,-0.000005,0.000000,0.000012,0.000002,0.000015,-0.000008,-0.000008,-0.000001,0.000001,0.000004,-0.000003,0.000013,-0.000010,0.000000,0.000000,0.000000,0.000000,0.000000,0.000000,0.000000,0.000000,0.000000,0.000000,0.000000,0.000000,0.000000,0.000000,0.000000,0.000000,0.000000,0.000000,0.000000,0.000000,0.000000,0.000000,0.000000,0.000000,0.000000,0.000000,0.000000,0.000000,0.000000,0.000000,0.000000,0.000000,0.000000,0.000000,0.000000,0.000000,0.000000
0.000000,0.000000,0.000000,0.000000,0.000000,0.000000,0.000000,0.000000,0.000000,0.000000,0.000000,0.000000,0.000000,0.000000,0.000000,0.000000,0.000000,0.000000,0.000000,0.000000,0.000000,0.000000,0.000000,0.000000,0.000000,0.000000,0.000000,0.000000,0.000000,0.000000,0.000000,0.000000,0.000000,0.000000,0.000001,0.000002,0.000005,0.000006,0.000004,0.000003,-0.000004,-0.000013,0.000009,0.000004,-0.000005,-0.000001,-0.000012,0.000002,0.000002,0.000013,-0.000013,-0.000012,-0.000012,0.000004,-0.000004,0.000000,-0.000007,-0.000007,-0.000008,-0.000010,0.000003,0.000003,-0.000017,0.000005,0.000007,-0.000004,-0.000001,0.000010,0.000001,0.000000,0.000000,0.000000,0.000000,0.000000,0.000000,0.000000,0.000000,0.000000,0.000000,0.000000,0.000000,0.000000,0.000000,0.000000,0.000000,0.000000,0.000000,0.000000,0.000000,0.000000,0.000000,0.000000,0.000000,0.000000,0.000000,0.000000,0.000000,0.000000,0.000000,0.000000,0.000000,0.000000,0.000000
0.000000,0.000000,0.000000,0.000000,0.000000,0.000000,0.000000,0.000000,0.000000,0.000000,0.000000,0.000000,0.000000,0.000000,0.000000,0.000000,0.000000,0.000000,0.000000,0.000000,0.000000,0.000000,0.000000,0.000000,0.000000,0.000000,0.000000,0.000000,0.000000,0.000000,0.000000,0.000000,-0.000004,0.000002,0.000004,-0.000007,-0.000011,-0.000006,-0.000009,-0.000006,0.000000,-0.000001,0.000007,-0.000005,0.000009,-0.000027,0.000024,-0.000003,-0.000018,0.000024,-0.000003,0.000021,0.000006,-0.000005,0.000001,-0.000000,-0.000003,0.000009,0.000008,0.000003,0.000021,0.000010,-0.000008,-0.000000,-0.000001,-0.000002,-0.000005,-0.000015,-0.000002,0.000002,0.000009,0.000000,0.000000,0.000000,0.000000,0.000000,0.000000,0.000000,0.000000,0.000000,0.000000,0.000000,0.000000,0.000000,0.000000,0.000000,0.000000,0.000000,0.000000,0.000000,0.000000,0.000000,0.000000,0.000000,0.000000,0.000000,0.000000,0.000000,0.000000,0.000000,0.000000,0.000000,0.000000
0.000000,0.000000,0.000000,0.000000,0.000000,0.000000,0.000000,0.000000,0.000000,0.000000,0.000000,0.000000,0.000000,0.000000,0.000000,0.000000,0.000000,0.000000,0.000000,0.000000,0.000000,0.000000,0.000000,0.000000,0.000000,0.000000,0.000000,0.000000,0.000000,0.000000,0.000005,0.000011,0.000002,-0.000011,-0.000001,-0.000003,0.000008,0.000005,0.000019,0.000015,0.000014,-0.000005,-0.000011,0.000007,-0.000002,-0.000015,0.000015,-0.000011,-0.000003,0.000008,-0.000005,-0.000010,-0.000005,0.000005,0.000014,-0.000012,0.000011,0.000005,-0.000007,-0.000019,-0.000015,-0.000002,0.000004,0.000004,-0.000008,0.000002,0.000011,0.000004,0.000003,-0.000005,-0.000017,0.000011,-0.000010,0.000000,0.000000,0.000000,0.000000,0.000000,0.000000,0.000000,0.000000,0.000000,0.000000,0.000000,0.000000,0.000000,0.000000,0.000000,0.000000,0.000000,0.000000,0.000000,0.000000,0.000000,0.000000,0.000000,0.000000,0.000000,0.000000,0.000000,0.000000,0.000000,0.000000
0.000000,0.000000,0.000000,0.000000,0.000000,0.000000,0.000000,0.000000,0.000000,0.000000,0.000000,0.000000,0.000000,0.000000,0.000000,0.000000,0.000000,0.000000,0.000000,0.000000,0.000000,0.000000,0.000000,0.000000,0.000000,0.000000,0.000000,0.000000,-0.000001,0.000017,-0.000016,-0.000008,-0.000006,0.000002,0.000000,-0.000001,0.000002,-0.000010,-0.000017,-0.000015,-0.000009,-0.000006,-0.000001,0.000017,-0.000008,0.000017,0.000003,0.000004,-0.000000,0.000006,-0.000015,0.000004,0.000008,-0.000016,0.000000,-0.000005,0.000008,0.000004,-0.000001,0.000009,0.000003,0.000000,-0.000003,-0.000003,-0.000008,-0.000002,0.000006,-0.000004,0.000005,0.000006,0.000011,0.000004,-0.000003,-0.000007,0.000001,0.000000,0.000000,0.000000,0.000000,0.000000,0.000000,0.000000,0.000000,0.000000,0.000000,0.000000,0.000000,0.000000,0.000000,0.000000,0.000000,0.000000,0.000000,0.000000,0.000000,0.000000,0.000000,0.000000,0.000000,0.000000,0.000000,0.000000,0.000000
0.000000,0.000000,0.000000,0.000000,0.000000,0.000000,0.000000,0.000000,0.000000,0.000000,0.000000,0.000000,0.000000,0.000000,0.000000,0.000000,0.000000,0.000000,0.000000,0.000000,0.000000,0.000000,0.000000,0.000000,0.000000,0.000000,0.000008,-0.000017,-0.000001,-0.000013,0.000021,-0.000004,0.000001,0.000003,0.000000,-0.000000,0.000005,-0.000003,0.000008,0.000016,0.000000,0.000013,-0.000005,0.000007,-0.000013,0.000004,-0.000012,-0.000015,0.000011,0.000010,-0.000015,0.000017,-0.000015,0.000012,0.000006,0.000004,-0.000000,-0.000015,-0.000007,0.000014,0.000004,0.000001,0.000007,-0.000002,0.000007,-0.000002,-0.000002,-0.000008,-0.000003,-0.000018,0.000002,0.000002,-0.000001,0.000001,0.000012,-0.000003,-0.000003,0.000000,0.000000,0.000000,0.000000,0.000000,0.000000,0.000000,0.000000,0.000000,0.000000,0.000000,0.000000,0.000000,0.000000,0.000000,0.000000,0.000000,0.000000,0.000000,0.000000,0.000000,0.000000,0.000000,0.000000,0.000000,0.000000
0.000000,0.000000,0.000000,0.000000,0.000000,0.000000,0.000000,0.000000,0.000000,0.000000,0.000000,0.000000,0.000000,0.000000,0.000000,0.000000,0.000000,0.000000,0.000000,0.000000,0.000000,0.000000,0.000000,0.000000,-0.000013,0.000010,-0.000007,0.000011,0.000001,0.000010,-0.000003,-0.000015,0.000006,-0.000005,0.000003,-0.000018,0.000007,0.000009,-0.000002,0.000007,-0.000018,-0.000002,-0.000001,-0.000003,0.000002,0.000002,-0.000005,-0.000005,-0.000005,-0.000011,-0.000001,0.000015,0.000004,-0.000013,0.000006,-0.000010,-0.000006,0.000018,-0.000003,-0.000005,-0.000008,-0.000000,0.000003,-0.000006,0.000013,-0.000010,0.000017,-0.000003,0.000015,-0.000003,0.000003,0.000006,-0.000007,0.000016,-0.000007,0.000006,-0.000003,-0.000008,0.000011,0.000000,0.000000,0.000000,0.000000,0.000000,0.000000,0.000000,0.000000,0.000000,0.000000,0.000000,0.000000,0.000000,0.000000,0.000000,0.000000,0.000000,0.000000,0.000000,0.000000,0.000000,0.000000,0.000000,0.000000
0.000000,0.000000,0.000000,0.000000,0.000000,0.000000,0.000000,0.000000,0.000000,0.000000,0.000000,0.000000,0.000000,0.000000,0.000000,0.000000,0.000000,0.000000,0.000000,0.000000,0.000000,0.000000,0.000000,0.000006,0.000004,-0.000013,-0.000004,-0.000002,-0.000003,-0.000002,0.000003,-0.000003,0.000009,0.000003,-0.000005,0.000017,-0.000001,-0.000011,-0.000008,0.000011,-0.000001,0.000003,0.000009,0.000000,0.000003,0.000002,0.000011,0.000013,0.000010,0.000001,0.000007,-0.000009,-0.000012,0.000015,0.000005,-0.000020,-0.000003,0.000016,0.000002,0.000001,-0.000005,0.000008,-0.000005,-0.000010,0.000011,-0.000010,-0.000002,-0.000000,0.000002,-0.000006,-0.000001,-0.000012,-0.000015,0.000002,0.000002,-0.000005,0.000003,0.000005,-0.000001,-0.000006,0.000000,0.000000,0.000000,0.000000,0.000000,0.000000,0.000000,0.000000,0.000000,0.000000,0.000000,0.000000,0.000000,0.000000,0.000000,0.000000,0.000000,0.000000,0.000000,0.000000,0.000000,0.000000,0.000000
0.000000,0.000000,0.000000,0.000000,0.000000,0.000000,0.000000,0.000000,0.000000,0.000000,0.000000,0.000000,0.000000,0.000000,0.000000,0.000000,0.000000,0.000000,0.000000,0.000000,0.000000,0.000002,0.000004,0.000006,-0.000000,0.000009,0.000024,0.000000,0.000008,0.000004,0.000001,-0.000006,-0.000000,-0.000005,0.000001,-0.000004,0.000003,0.000003,0.000012,-0.000020,-0.000002,0.000009,-0.000005,-0.000017,-0.000007,-0.000010,0.000008,-0.000009,-0.000024,-0.000002,-0.000001,0.000009,-0.000011,0.000003,0.000002,0.000003,0.000010,-0.000008,-0.000018,-0.000000,0.000003,0.000001,-0.000004,-0.000004,-0.000008,0.000011,-0.000000,-0.000001,-0.000016,0.000019,0.000000,0.000009,0.000008,0.000009,-0.000002,-0.000001,0.000012,-0.000010,0.000003,-0.000011,0.000001,0.000004,0.000000,0.000000,0.000000,0.000000,0.000000,0.000000,0.000000,0.000000,0.000000,0.000000,0.000000,0.000000,0.000000,0.000000,0.000000,0.000000,0.000000,0.000000,0.000000,0.000000,0.000000
0.000000,0.000000,0.000000,0.000000,0.000000,0.000000,0.000000,0.000000,0.000000,0.000000,0.000000,0.000000,0.000000,0.000000,0.000000,0.000000,0.000000,0.000000,0.000000,0.000000,-0.000001,-0.000008,-0.000009,-0.000002,-0.000003,-0.000004,-0.000009,-0.000021,-0.000003,0.000005,-0.000006,0.000002,0.000003,0.000007,0.000004,-0.000019,0.000011,-0.000009,0.000002,0.000005,-0.000008,0.000008,-0.000009,0.000001,0.000008,0.000012,-0.000008,0.000011,-0.000002,0.000018,0.000002,-0.000008,0.000016,-0.000010,0.000001,0.000007,0.000001,-0.000001,0.000010,0.000009,-0.000003,0.000005,0.000005,-0.000002,0.000003,-0.000008,0.000001,0.000010,-0.000002,-0.000009,-0.000008,-0.000008,0.000005,0.000003,-0.000001,0.000003,-0.000009,0.000006,0.000010,-0.000007,-0.000002,-0.000009,0.000005,0.000000,0.000000,0.000000,0.000000,0.000000,0.000000,0.000000,0.000000,0.000000,0.000000,0.000000,0.000000,0.000000,0.000000,0.000000,0.000000,0.000000,0.000000,0.000000,0.000000
0.000000,0.000000,0.000000,0.000000,0.000000,0.000000,0.000000,0.000000,0.000000,0.000000,0.000000,0.000000,0.000000,0.000000,0.000000,0.000000,0.000000,0.000000,0.000000,-0.000006,-0.000004,0.000013,0.000009,-0.000002,-0.000004,0.000005,0.000019,0.000007,0.000002,-0.000004,-0.000009,-0.000010,-0.000007,-0.000005,0.000016,0.000011,-0.000008,-0.000000,0.000004,0.000007,-0.000002,0.000010,-0.000003,-0.000003,-0.000006,-0.000001,-0.000012,-0.000001,0.000009,-0.000003,-0.000005,-0.000019,0.000008,-0.000004,0.000009,-0.000020,-0.000004,-0.000011,0.000017,-0.000009,-0.000011,-0.000003,-0.000006,0.000004,0.000008,0.000002,-0.000005,0.000005,0.000015,-0.000018,0.000010,0.000006,-0.000007,-0.000018,0.000001,0.000008,-0.000008,-0.000018,0.000016,0.000003,-0.000000,-0.000004,0.000006,-0.000005,0.000000,0.000000,0.000000,0.000000,0.000000,0.000000,0.000000,0.000000,0.000000,0.000000,0.000000,0.000000,0.000000,0.000000,0.000000,0.000000,0.000000,0.000000,0.000000
0.000000,0.000000,0.000000,0.000000,0.000000,0.000000,0.000000,0.000000,0.000000,0.000000,0.000000,0.000000,0.000000,0.000000,0.000000,0.000000,0.000000,0.000000,-0.000007,0.000008,0.000020,-0.000013,-0.000000,0.000002,0.000002,0.000001,-0.000001,-0.000011,-0.000005,0.000004,0.000006,0.000021,0.000002,-0.000008,-0.000008,-0.000003,-0.000003,0.000001,0.000002,0.000000,-0.000002,0.000000,-0.000005,-0.000002,0.000011,0.000003,0.000010,0.000001,0.000010,-0.000009,0.000006,-0.000006,0.000003,0.000001,0.000005,0.000009,0.000012,0.000008,-0.000004,-0.000014,-0.000001,0.000018,-0.000005,0.000001,-0.000004,-0.000002,0.000002,-0.000011,-0.000003,0.000004,0.000006,-0.000003,0.000000,0.000006,0.000018,-0.000006,0.000007,0.000001,-0.000000,-0.000004,0.000011,0.000009,-0.000006,-0.000008,0.000014,0.000000,0.000000,0.000000,0.000000,0.000000,0.000000,0.000000,0.000000,0.000000,0.000000,0.000000,0.000000,0.000000,0.000000,0.000000,0.000000,0.000000,0.000000
0.000000,0.000000,0.000000,0.000000,0.000000,0.000000,0.000000,0.000000,0.000000,0.000000,0.000000,0.000000,0.000000,0.000000,0.000000,0.000000,0.000000,0.000009,-0.000004,0.000003,0.000001,-0.000009,-0.000009,0.000007,0.000010,-0.000014,-0.000002,0.000003,-0.000008,0.000001,0.000001,-0.000012,0.000009,0.000007,0.000004,-0.000004,0.000000,-0.000015,0.000011,-0.000005,-0.000007,0.000013,0.000003,-0.000005,-0.000002,0.000003,-0.000015,-0.000003,-0.000023,-0.000004,0.000007,0.000009,-0.000013,-0.000010,0.000007,-0.000014,0.000006,-0.000000,-0.000015,-0.000001,0.000008,0.000000,-0.000009,0.000003,0.000002,0.000001,0.000007,-0.000001,-0.000007,0.000002,-0.000001,-0.000004,0.000009,0.000007,-0.000018,-0.000009,0.000005,0.000006,0.000000,-0.000015,-0.000002,0.000001,0.000006,-0.000007,-0.000016,-0.000004,0.000000,0.000000,0.000000,0.000000,0.000000,0.000000,0.000000,0.000000,0.000000,0.000000,0.000000,0.000000,0.000000,0.000000,0.000000,0.000000,0.000000
0.000000,0.000000,0.000000,0.000000,0.000000,0.000000,0.000000,0.000000,0.000000,0.000000,0.000000,0.000000,0.000000,0.000000,0.000000,0.000000,-0.000019,0.000008,-0.000004,-0.000004,-0.000014,0.000015,0.000011,-0.000013,-0.000009,0.000017,-0.000005,0.000005,0.000015,0.000001,-0.000011,0.000002,0.000003,-0.000003,-0.000004,0.000012,0.000011,0.000017,-0.000008,0.000010,-0.000005,0.000004,0.000001,-0.000006,-0.000012,0.000000,0.000007,0.000012,0.000015,0.000015,-0.000005,0.000010,0.000009,0.000008,0.000021,-0.000016,0.000017,0.000002,-0.000001,0.000003,0.000010,-0.000010,0.000004,0.000004,-0.000003,-0.000001,0.000003,-0.000011,0.000006,-0.000002,0.000006,-0.000007,0.000011,-0.000003,-0.000007,-0.000002,-0.000002,0.000006,-0.000000,0.000012,0.000001,-0.000014,-0.000004,0.000007,0.000009,0.000004,0.000004,0.000000,0.000000,0.000000,0.000000,0.000000,0.000000,0.000000,0.000000,0.000000,0.000000,0.000000,0.000000,0.000000,0.000000,0.000000,0.000000
0.000000,0.000000,0.000000,0.000000,0.000000,0.000000,0.000000,0.000000,0.000000,0.000000,0.000000,0.000000,0.000000,0.000000,0.000000,0.000009,0.000008,-0.000010,0.000001,0.000017,-0.000005,-0.000000,-0.000002,-0.000002,-0.000001,0.000003,-0.000007,-0.000009,-0.000004,-0.000015,0.000014,0.000024,-0.000008,-0.000002,-0.000002,-0.000006,-0.000019,-0.000002,-0.000012,-0.000007,0.000010,0.000008,-0.000002,0.000002,0.000003,-0.000001,0.000001,-0.000008,-0.000012,-0.000009,-0.000010,-0.000012,-0.000003,-0.000006,-0.000016,0.000010,-0.000013,0.000004,0.000006,-0.000009,-0.000007,0.000004,0.000010,0.000010,-0.000007,0.000009,-0.000014,-0.000007,0.000010,0.000000,-0.000005,-0.000011,0.000008,-0.000014,0.000021,0.000007,-0.000017,-0.000004,0.000010,0.000010,-0.000006,0.000010,0.000004,-0.000005,0.000004,-0.000006,-0.000001,-0.000008,0.000000,0.000000,0.000000,0.000000,0.000000,0.000000,0.000000,0.000000,0.000000,0.000000,0.000000,0.000000,0.000000,0.000000,0.000000
0.000000,0.000000,0.000000,0.000000,0.000000,0.000000,0.000000,0.000000,0.000000,0.000000,0.000000,0.000000,0.000000,0.000000,-0.000007,-0.000004,-0.000004,0.000001,0.000015,-0.000013,-0.000013,0.000006,0.000000,0.000001,0.000002,0.000008,0.000000,-0.000005,0.000035,-0.000016,-0.000005,-0.000011,-0.000014,-0.000011,0.000015,-0.000002,-0.000000,0.000014,0.000009,-0.000006,0.000008,-0.000016,-0.000010,0.000010,0.000001,0.000011,0.000006,-0.000006,0.000010,0.000008,0.000006,0.000019,0.000010,-0.000002,0.000013,-0.000013,0.000005,-0.000003,0.000002,0.000004,-0.000006,0.000013,-0.000015,-0.000010,-0.000014,0.000029,-0.000010,0.000007,-0.000006,-0.000002,-0.000000,0.000010,-0.000010,-0.000003,-0.000001,0.000002,0.000004,0.000007,-0.000004,-0.000009,-0.000011,0.000002,-0.000006,-0.000003,0.000013,-0.000007,0.000004,0.000013,-0.000002,0.000000,0.000000,0.000000,0.000000,0.000000,0.000000,0.000000,0.000000,0.000000,0.000000,0.000000,0.000000,0.000000,0.000000
0.000000,0.000000,0.000000,0.000000,0.000000,0.000000,0.000000,0.000000,0.000000,0.000000,0.000000,0.000000,0.000000,-0.000006,0.000008,0.000003,-0.000004,0.000017,-0.000013,0.000002,0.000007,0.000020,-0.000007,0.000007,-0.000004,-0.000003,-0.000009,-0.000013,-0.000003,0.000003,0.000005,0.000008,0.000010,0.000013,-0.000002,0.000005,-0.000000,-0.000008,-0.000004,0.000011,-0.000019,0.000014,0.000001,0.000006,-0.000005,-0.000017,-0.000001,-0.000006,-0.000011,0.000004,-0.000011,-0.000020,-0.000007,0.000005,0.000007,-0.000008,0.000007,-0.000010,0.000013,-0.000007,-0.000001,-0.000012,-0.000010,0.000005,0.000012,0.000010,-0.000003,0.000009,-0.000006,-0.000007,0.000005,0.000008,-0.000004,-0.000011,-0.000004,0.000008,-0.000004,0.000009,0.000002,-0.000004,-0.000002,0.000007,-0.000002,0.000001,0.000012,-0.000008,-0.000004,0.000005,-0.000018,0.000004,0.000000,0.000000,0.000000,0.000000,0.000000,0.000000,0.000000,0.000000,0.000000,0.000000,0.000000,0.000000,0.000000
0.000000,0.000000,0.000000,0.000000,0.000000,0.000000,0.000000,0.000000,0.000000,0.000000,0.000000,0.000000,-0.000001,-0.000004,0.000020,0.000001,-0.000014,-0.000005,-0.000013,0.000007,-0.000012,-0.000011,-0.000016,0.000014,-0.000024,0.000017,0.000023,0.000010,-0.000009,-0.000001,-0.000006,-0.000007,0.000009,-0.000008,-0.000015,0.000012,-0.000008,-0.000009,-0.000006,0.000010,0.000007,-0.000017,0.000013,-0.000006,0.000004,-0.000001,0.000007,-0.000001,0.000017,-0.000006,0.000019,0.000020,-0.000017,0.000006,-0.000002,-0.000003,0.000005,-0.000002,-0.000006,-0.000004,0.000012,-0.000003,-0.000008,0.000018,-0.000007,-0.000017,-0.000009,0.000022,-0.000010,0.000005,0.000004,-0.000012,0.000006,0.000010,0.000003,-0.000010,0.000003,-0.000009,-0.000017,0.000005,0.000004,-0.000002,0.000000,-0.000001,-0.000004,-0.000004,0.000007,-0.000009,0.000007,0.000002,0.000010,0.000000,0.000000,0.000000,0.000000,0.000000,0.000000,0.000000,0.000000,0.000000,0.000000,0.000000,0.000000
0.000000,0.000000,0.000000,0.000000,0.000000,0.000000,0.000000,0.000000,0.000000,0.000000,0.000000,0.000002,-0.000008,0.000013,-0.000013,-0.000009,0.000015,-0.000000,0.000006,0.000020,-0.000011,0.000014,-0.000005,0.000014,0.000000,-0.000003,-0.000009,-0.000003,-0.000010,0.000010,0.000003,-0.000009,0.000001,-0.000005,0.000006,0.000004,0.000015,0.000009,0.000015,-0.000008,-0.000002,0.000004,-0.000002,-0.000015,0.000013,-0.000008,-0.000004,0.000006,-0.000007,-0.000013,-0.000001,-0.000013,-0.000010,0.000009,0.000012,-0.000008,-0.000001,0.000006,0.000005,-0.000002,-0.000003,0.000009,-0.000007,0.000006,0.000008,-0.000008,0.000010,-0.000001,0.000001,-0.000000,-0.000003,-0.000001,-0.000011,-0.000000,0.000005,0.000005,0.000008,0.000003,0.000009,0.000001,0.000007,0.000001,0.000006,-0.000002,0.000004,-0.000003,0.000017,-0.000017,0.000004,-0.000003,-0.000004,-0.000009,0.000000,0.000000,0.000000,0.000000,0.000000,0.000000,0.000000,0.000000,0.000000,0.000000,0.000000
0.000000,0.000000,0.000000,0.000000,0.000000,0.000000,0.000000,0.000000,0.000000,0.000000,0.000000,0.000004,-0.000009,0.000009,-0.000000,-0.000009,0.000011,-0.000002,0.000000,-0.000007,-0.000016,-0.000005,-0.000003,-0.000003,-0.000016,0.000004,-0.000000,-0.000008,0.000019,0.000004,0.000020,-0.000010,-0.000004,-0.000002,0.000007,-0.000011,-0.000002,-0.000021,-0.000000,-0.000004,0.000008,-0.000002,0.000008,0.000006,-0.000005,0.000005,0.000000,-0.000000,0.000005,0.000016,-0.000013,0.000003,-0.000011,0.000001,-0.000007,0.000001,-0.000003,0.000003,0.000002,0.000008,-0.000003,0.000002,0.000000,-0.000003,-0.000000,-0.000007,0.000003,-0.000008,0.000005,-0.000011,0.000010,0.000011,-0.000010,-0.000003,-0.000003,0.000002,0.000002,-0.000009,-0.000003,0.000003,-0.000006,-0.000014,-0.000009,0.000004,-0.000011,0.000005,-0.000012,0.000003,0.000005,0.000012,-0.000008,0.000002,0.000000,0.000000,0.000000,0.000000,0.000000,0.000000,0.000000,0.000000,0.000000,0.000000,0.000000
0.000000,0.000000,0.000000,0.000000,0.000000,0.000000,0.000000,0.000000,0.000000,0.000000,0.000006,0.000006,-0.000002,-0.000002,0.000002,0.000007,-0.000013,-0.000002,0.000001,0.000007,0.000014,0.000014,-0.000003,0.000008,0.000005,0.000023,-0.000006,-0.000002,-0.000015,-0.000027,-0.000016,0.000000,-0.000003,0.000001,0.000008,-0.000013,0.000018,0.000008,0.000000,-0.000000,0.000001,0.000001,-0.000007,0.000005,0.000002,-0.000001,-0.000011,0.000006,-0.000019,-0.000003,0.000004,0.000012,0.000021,0.000001,-0.000003,0.000013,-0.000004,0.000012,-0.000007,-0.000004,-0.000005,-0.000005,0.000012,0.000004,0.000006,0.000002,-0.000000,-0.000002,0.000014,-0.000002,-0.000003,0.000012,0.000006,-0.000016,0.000003,-0.000005,-0.000005,0.000005,-0.000006,-0.000002,0.000007,0.000005,-0.000007,0.000008,0.000001,0.000007,0.000008,0.000008,-0.000002,-0.000015,0.000007,-0.000008,0.000001,0.000000,0.000000,0.000000,0.000000,0.000000,0.000000,0.000000,0.000000,0.000000,0.000000
0.000000,0.000000,0.000000,0.000000,0.000000,0.000000,0.000000,0.000000,0.000000,-0.000013,0.000004,-0.000000,-0.000003,-0.000004,0.000002,0.000010,-0.000009,-0.000001,0.000002,-0.000004,-0.000024,0.000000,-0.000016,0.000005,-0.000016,-0.000010,-0.000011,-0.000001,0.000031,0.000020,0.000011,0.000004,0.000008,0.000006,-0.000009,-0.000008,0.000008,-0.000002,-0.000007,-0.000004,-0.000005,-0.000005,0.000003,-0.000001,-0.000008,0.000027,-0.000004,0.000007,0.000004,-0.000001,-0.000004,-0.000030,-0.000005,0.000001,-0.000022,0.000016,-0.000011,-0.000003,-0.000021,-0.000003,0.000002,-0.000002,0.000002,-0.000001,0.000003,0.000002,0.000008,-0.000017,0.000007,-0.000009,0.000001,-0.000001,0.000002,-0.000002,0.000020,-0.000000,0.000004,0.000007,-0.000000,0.000001,0.000007,0.000003,0.000001,-0.000006,0.000002,0.000001,-0.000007,-0.000005,0.000010,-0.000010,0.000018,-0.000001,0.000008,-0.000005,0.000000,0.000000,0.000000,0.000000,0.000000,0.000000,0.000000,0.000000,0.000000
0.000000,0.000000,0.000000,0.000000,0.000000,0.000000,0.000000,0.000000,0.000000,0.000010,-0.000013,0.000009,-0.000004,0.000005,0.000001,-0.000014,0.000017,0.000003,0.000008,-0.000003,0.000017,-0.000003,0.000004,0.000023,-0.000010,0.000016,0.000021,-0.000016,-0.000010,-0.000019,-0.000017,-0.000013,-0.000004,-0.000001,0.000004,-0.000001,0.000015,-0.000006,0.000007,0.000007,0.000011,-0.000005,0.000008,-0.000012,-0.000012,-0.000010,-0.000015,0.000003,0.000006,0.000010,0.000033,-0.000013,0.000007,0.000006,0.000007,0.000013,-0.000013,0.000032,0.000010,0.000018,-0.000003,-0.000000,-0.000012,-0.000005,0.000002,-0.000018,0.000014,-0.000010,-0.000000,0.000006,0.000005,-0.000001,-0.000005,0.000006,-0.000013,-0.000004,0.000002,-0.000011,-0.000003,0.000002,-0.000006,0.000010,-0.000006,0.000002,0.000008,-0.000005,-0.000013,0.000001,0.000011,-0.000011,0.000003,-0.000004,-0.000000,-0.000003,0.000000,0.000000,0.000000,0.000000,0.000000,0.000000,0.000000,0.000000,0.000000
0.000000,0.000000,0.000000,0.000000,0.000000,0.000000,0.000000,0.000000,0.000008,-0.000007,-0.000004,0.000024,-0.000009,0.000019,-0.000001,-0.000002,-0.000005,-0.000007,0.000000,-0.000009,0.000023,-0.000009,-0.000000,-0.000006,-0.000011,0.000021,0.000000,-0.000017,0.000002,0.000014,-0.000000,0.000044,0.000001,0.000005,-0.000002,0.000009,-0.000008,-0.000021,0.000002,-0.000005,-0.000011,-0.000015,0.000014,0.000017,0.000028,0.000009,-0.000001,-0.000020,-0.000007,-0.000033,0.000006,0.000009,-0.000004,0.000009,-0.000023,0.000015,-0.000020,-0.000005,-0.000006,0.000005,-0.000010,-0.000000,0.000011,-0.000010,-0.000002,-0.000004,0.000011,-0.000011,0.000002,0.000005,0.000006,-0.000006,-0.000001,0.000002,-0.000002,0.000008,-0.000001,0.000001,0.000005,0.000013,-0.000007,-0.000007,-0.000009,0.000011,-0.000000,0.000003,0.000011,0.000001,-0.000004,0.000002,0.000011,-0.000006,0.000008,-0.000003,0.000005,0.000000,0.000000,0.000000,0.000000,0.000000,0.000000,0.000000,0.000000
0.000000,0.000000,0.000000,0.000000,0.000000,0.000000,0.000000,0.000000,-0.000017,0.000011,-0.000002,0.000000,-0.000021,0.000007,-0.000011,0.000003,0.000005,-0.000009,-0.000005,-0.000013,0.000010,-0.000003,-0.000008,-0.000002,-0.000001,-0.000016,-0.000017,0.000036,0.000004,0.000008,-0.000018,0.000001,-0.000041,-0.000022,-0.000002,-0.000009,0.000011,0.000015,0.000015,-0.000003,0.000018,-0.000007,-0.000006,-0.000039,-0.000010,-0.000013,0.000015,0.000023,0.000042,-0.000004,-0.000005,0.000009,-0.000019,0.000015,-0.000017,0.000027,-0.000010,0.000008,-0.000019,0.000004,0.000003,-0.000002,0.000009,-0.000006,0.000017,0.000001,0.000003,-0.000004,0.000007,-0.000007,-0.000004,0.000006,0.000003,-0.000012,-0.000006,-0.000006,-0.000001,0.000005,-0.000014,-0.000005,0.000003,0.000011,-0.000003,-0.000010,0.000001,0.000003,0.000009,-0.000011,0.000009,-0.000003,-0.000001,-0.000004,-0.000001,-0.000015,0.000005,0.000000,0.000000,0.000000,0.000000,0.000000,0.000000,0.000000,0.000000
0.000000,0.000000,0.000000,0.000000,0.000000,0.000000,0.000000,-0.000001,-0.000001,0.000001,-0.000003,0.000008,-0.000003,0.000002,-0.000005,-0.000008,0.000015,-0.000004,0.000035,-0.000003,-0.000009,-0.000010,0.000019,-0.000015,0.000031,-0.000010,0.000002,0.000004,-0.000016,-0.000029,-0.000015,0.000012,0.000038,0.000028,0.000031,0.000010,-0.000017,-0.000018,-0.000007,-0.000029,0.000004,0.000014,0.000039,0.000029,-0.000002,0.000007,-0.000033,-0.000039,0.000007,-0.000007,-0.000011,0.000016,-0.000015,0.000022,-0.000014,0.000017,-0.000015,0.000001,0.000004,0.000001,-0.000004,0.000015,-0.000012,-0.000010,-0.000007,-0.000009,0.000010,0.000007,0.000010,-0.000010,0.000006,0.000005,0.000013,-0.000010,0.000027,-0.000001,-0.000005,0.000004,0.000001,-0.000002,0.000004,-0.000007,-0.000003,-0.000003,0.000004,-0.000005,-0.000025,0.000002,0.000011,0.000001,-0.000008,0.000004,0.000003,0.000003,0.000012,-0.000003,0.000000,0.000000,0.000000,0.000000,0.000000,0.000000,0.000000
0.000000,0.000000,0.000000,0.000000,0.000000,0.000000,0.000000,0.000017,-0.000013,0.000010,-0.000002,0.000004,0.000005,-0.000004,0.000004,0.000001,0.000001,-0.000015,-0.000016,0.000003,-0.000001,0.000010,0.000004,-0.000027,0.000020,-0.000019,0.000014,0.000008,-0.000029,0.000085,0.000020,0.000008,-0.000020,-0.000044,-0.000050,-0.000024,0.000014,0.000026,0.000011,0.000014,-0.000005,-0.000060,-0.000038,-0.000010,0.000011,0.000025,0.000060,-0.000008,-0.000010,0.000015,-0.000014,0.000008,-0.000009,0.000006,-0.000008,-0.000002,-0.000010,0.000015,-0.000006,0.000013,-0.000002,-0.000000,0.000004,-0.000002,0.000010,0.000001,-0.000006,-0.000020,0.000006,-0.000004,-0.000002,-0.000014,-0.000004,-0.000005,-0.000002,0.000003,0.000005,0.000001,0.000019,-0.000010,-0.000016,0.000004,-0.000001,0.000001,0.000003,0.000010,0.000012,-0.000003,0.000011,-0.000010,-0.000004,0.000008,-0.000003,0.000000,-0.000002,-0.000003,0.000000,0.000000,0.000000,0.000000,0.000000,0.000000,0.000000
0.000000,0.000000,0.000000,0.000000,0.000000,0.000000,0.000005,-0.000016,0.000021,-0.000003,0.000003,0.000001,-0.000006,-0.000009,0.000006,0.000001,-0.000011,0.000014,-0.000005,0.000005,-0.000006,0.000003,0.000020,-0.000016,0.000011,-0.000017,-0.000000,-0.000018,-0.000015,0.000020,-0.000087,-0.000027,0.000011,0.000024,0.000050,0.000066,0.000003,-0.000033,-0.000014,-0.000014,0.000076,0.000040,0.000026,0.000002,-0.000039,-0.000085,0.000014,0.000005,-0.000004,0.000013,-0.000007,0.000018,-0.000012,0.000008,0.000003,0.000015,0.000005,-0.000007,-0.000003,-0.000006,-0.000009,0.000004,-0.000011,0.000016,0.000007,0.000003,0.000018,-0.000013,0.000014,0.000001,0.000005,0.000005,0.000002,0.000010,-0.000011,-0.000000,-0.000003,-0.000006,-0.000006,-0.000001,0.000020,0.000012,0.000019,-0.000007,-0.000002,-0.000008,0.000002,0.000000,-0.000013,0.000008,0.000001,-0.000007,-0.000008,-0.000005,0.000012,0.000012,0.000001,0.000000,0.000000,0.000000,0.000000,0.000000,0.000000
0.000000,0.000000,0.000000,0.000000,0.000000,0.000000,0.000011,-0.000008,-0.000004,-0.000015,-0.000003,-0.000006,0.000002,-0.000010,0.000021,-0.000012,0.000002,0.000024,-0.000011,0.000008,-0.000007,-0.000009,-0.000010,0.000000,0.000004,-0.000013,0.000044,0.000001,0.000012,0.000008,-0.000027,0.000097,0.000053,0.000001,-0.000032,-0.000084,-0.000021,0.000005,0.000024,-0.000061,-0.000061,-0.000027,-0.000009,0.000036,0.000105,-0.000012,-0.000022,0.000015,-0.000021,0.000009,-0.000016,0.000001,-0.000010,-0.000008,0.000002,-0.000018,-0.000013,0.000010,-0.000013,0.000002,0.000002,0.000014,-0.000009,-0.000011,-0.000000,-0.000017,-0.000008,-0.000011,0.000009,-0.000013,-0.000010,0.000002,0.000001,0.000007,-0.000006,0.000000,0.000006,-0.000000,0.000001,-0.000013,0.000001,-0.000018,0.000005,-0.000004,-0.000010,0.000008,-0.000008,0.000004,-0.000002,0.000014,0.000003,-0.000004,0.000007,0.000010,-0.000020,-0.000007,0.000001,0.000000,0.000000,0.000000,0.000000,0.000000,0.000000
0.000000,0.000000,0.000000,0.000000,0.000000,-0.000004,0.000002,-0.000006,0.000001,0.000006,0.000009,-0.000000,0.000003,-0.000007,0.000002,0.000009,0.000003,-0.000008,-0.000014,0.000010,0.000009,0.000001,-0.000004,-0.000003,0.000008,-0.000004,0.000001,-0.000041,0.000038,-0.000020,0.000011,0.000053,-0.000184,-0.000077,0.000027,0.000022,0.000007,0.000036,0.000074,0.000002,0.000021,0.000033,-0.000054,-0.000147,0.000025,0.000014,0.000009,0.000022,-0.000021,0.000014,-0.000003,0.000005,0.000007,0.000002,0.000019,-0.000002,0.000000,0.000006,0.000008,-0.000005,0.000008,-0.000006,0.000005,0.000013,-0.000005,0.000007,0.000012,-0.000008,-0.000004,0.000011,0.000002,0.000010,-0.000015,0.000017,0.000016,-0.000002,-0.000012,0.000009,0.000004,-0.000007,0.000018,-0.000017,-0.000003,0.000007,0.000008,0.000005,-0.000004,0.000007,-0.000008,-0.000004,-0.000011,0.000001,-0.000003,-0.000007,0.000001,0.000005,0.000005,-0.000001,0.000000,0.000000,0.000000,0.000000,0.000000
0.000000,0.000000,0.000000,0.000000,0.000000,0.000002,-0.000011,0.000002,0.000003,-0.000005,0.000003,-0.000005,0.000007,-0.000005,-0.000008,0.000007,-0.000003,-0.000002,-0.000011,0.000013,-0.000008,-0.000005,-0.000002,0.000001,0.000006,-0.000001,0.000005,-0.000022,0.000028,-0.000044,0.000024,0.000001,-0.000077,0.000243,0.000083,0.000010,0.000163,-0.000057,-0.000041,0.000131,0.000003,0.000051,0.000211,-0.000021,-0.000033,0.000007,-0.000033,0.000014,0.000004,0.000001,0.000005,-0.000009,0.000010,-0.000010,-0.000010,0.000006,-0.000003,0.000005,-0.000003,-0.000004,-0.000009,0.000007,-0.000002,-0.000016,-0.000001,-0.000001,0.000011,-0.000020,0.000004,0.000009,-0.000009,0.000009,-0.000007,-0.000016,-0.000012,0.000005,-0.000004,-0.000012,0.000017,-0.000015,0.000011,0.000005,0.000004,-0.000012,-0.000015,0.000001,-0.000000,0.000005,-0.000011,0.000011,-0.000013,0.000012,-0.000006,0.000013,-0.000010,0.000003,-0.000004,-0.000004,0.000000,0.000000,0.000000,0.000000,0.000000
0.000000,0.000000,0.000000,0.000000,0.000001,0.000004,-0.000001,0.000000,0.000000,0.000003,-0.000005,0.000001,0.000004,0.000016,-0.000008,0.000004,-0.000004,-0.000002,0.000015,-0.000002,-0.000015,0.000006,0.000007,0.000008,-0.000009,0.000004,-0.000002,-0.000002,0.000031,-0.000050,0.000050,-0.000032,0.000027,0.000083,-0.000250,-0.000240,-0.000295,-0.000366,-0.000366,-0.000299,-0.000162,-0.000250,-0.000003,0.000059,-0.000028,0.000046,-0.000019,0.000001,-0.000010,-0.000015,0.000004,-0.000001,-0.000006,0.000002,0.000002,0.000004,-0.000002,0.000009,0.000000,0.000011,-0.000000,-0.000003,0.000003,0.000000,0.000012,-0.000006,0.000008,0.000001,0.000003,-0.000005,-0.000010,-0.000006,0.000016,-0.000004,0.000009,0.000004,0.000001,-0.000004,0.000013,-0.000009,0.000012,-0.000002,0.000003,0.000007,-0.000007,0.000014,-0.000003,0.000001,-0.000001,-0.000004,-0.000001,0.000014,-0.000003,-0.000006,0.000017,-0.000002,-0.000002,-0.000001,0.000009,0.000000,0.000000,0.000000,0.000000
0.000000,0.000000,0.000000,0.000000,0.000002,-0.000007,-0.000003,-0.000001,-0.000000,-0.000018,0.000017,-0.000004,-0.000019,0.000011,-0.000003,-0.000004,0.000012,-0.000006,-0.000002,0.000005,0.000012,0.000004,-0.000011,-0.000013,-0.000008,-0.000001,0.000009,-0.000009,0.000010,-0.000024,0.000066,-0.000084,0.000022,0.000010,-0.000240,0.000365,0.001131,0.001285,0.001279,0.001204,0.000584,-0.000121,-0.000079,0.000038,-0.000048,0.000040,-0.000004,0.000003,0.000008,-0.000010,0.000027,-0.000009,0.000005,0.000004,0.000005,-0.000002,-0.000004,-0.000004,-0.000024,-0.000001,0.000007,-0.000010,0.000010,-0.000000,0.000003,-0.000007,-0.000003,0.000010,-0.000009,0.000021,0.000007,-0.000004,0.000002,-0.000009,-0.000001,0.000002,-0.000004,-0.000011,0.000008,0.000003,-0.000020,-0.000002,-0.000004,0.000002,0.000002,-0.000006,0.000009,-0.000008,0.000004,0.000010,-0.000006,-0.000009,-0.000006,0.000002,-0.000015,-0.000005,0.000004,0.000000,0.000001,0.000000,0.000000,0.000000,0.000000
0.000000,0.000000,0.000000,0.000000,0.000005,-0.000011,0.000008,0.000002,0.000005,0.000007,-0.000001,0.000003,0.000011,-0.000008,-0.000003,0.000000,0.000011,-0.000019,-0.000000,-0.000000,-0.000008,0.000015,-0.000002,0.000018,0.000008,0.000015,-0.000008,0.000011,-0.000017,0.000014,0.000003,-0.000021,0.000007,0.000163,-0.000295,0.001131,0.003332,0.003332,0.003334,0.003337,0.001509,-0.000030,0.000069,0.000015,-0.000023,-0.000019,-0.000004,-0.000011,0.000019,-0.000026,0.000002,-0.000011,-0.000003,0.000004,-0.000007,0.000006,-0.000003,0.000017,-0.000002,-0.000001,0.000007,-0.000006,-0.000003,0.000000,0.000001,0.000001,0.000002,0.000003,0.000000,-0.000015,-0.000006,-0.000006,-0.000007,0.000002,0.000012,-0.000002,0.000014,-0.000002,-0.000013,0.000007,0.000009,-0.000002,0.000001,0.000006,0.000001,-0.000004,-0.000003,0.000004,-0.000008,-0.000003,-0.000004,0.000019,0.000010,0.000002,0.000004,-0.000000,-0.000001,-0.000007,0.000006,0.000000,0.000000,0.000000,0.000000
0.000000,0.000000,0.000000,-0.000002,0.000006,-0.000006,0.000005,-0.000010,-0.000003,0.000009,-0.000011,0.000003,-0.000009,-0.000000,0.000001,-0.000015,0.000017,-0.000002,0.000014,-0.000008,-0.000009,0.000009,-0.000021,0.000008,-0.000002,-0.000006,-0.000021,0.000015,-0.000018,0.000026,-0.000033,0.000005,0.000036,-0.000057,-0.000366,0.001285,0.003332,0.003333,0.003333,0.003334,0.001731,-0.000014,-0.000172,0.000042,0.000028,-0.000007,0.000013,-0.000001,0.000003,-0.000009,0.000026,0.000005,0.000006,0.000020,-0.000013,0.000001,-0.000012,0.000008,0.000001,0.000009,-0.000010,0.000011,0.000016,-0.000006,-0.000014,0.000013,-0.000002,-0.000005,-0.000001,0.000006,0.000014,0.000002,0.000012,-0.000006,-0.000006,-0.000011,-0.000001,0.000008,-0.000017,0.000009,0.000009,-0.000003,-0.000013,-0.000001,0.000001,0.000003,0.000005,0.000000,0.000011,-0.000017,-0.000002,0.000001,-0.000008,-0.000008,-0.000005,-0.000009,0.000003,-0.000012,-0.000001,0.000005,0.000000,0.000000,0.000000
0.000000,0.000000,0.000000,0.000006,0.000004,-0.000009,0.000019,-0.000017,0.000008,-0.000002,-0.000008,0.000012,0.000002,0.000004,0.000002,0.000011,-0.000008,-0.000012,0.000009,-0.000004,-0.000006,0.000015,-0.000000,0.000000,-0.000007,0.000007,0.000002,0.000015,-0.000007,0.000011,-0.000014,0.000024,0.000074,-0.000041,-0.000366,0.001279,0.003334,0.003333,0.003333,0.003332,0.001750,-0.000031,-0.000167,0.000025,0.000020,-0.000008,0.000013,-0.000012,0.000003,-0.000006,-0.000007,-0.000021,-0.000002,-0.000024,-0.000003,0.000009,-0.000002,0.000000,-0.000010,0.000011,-0.000016,0.000004,0.000001,-0.000005,0.000011,-0.000000,-0.000018,0.000008,0.000007,-0.000006,-0.000014,-0.000009,0.000011,0.000009,0.000013,-0.000003,0.000010,0.000004,0.000002,0.000002,0.000006,0.000005,0.000007,-0.000009,0.000005,0.000000,-0.000022,0.000010,-0.000022,-0.000004,0.000010,0.000001,-0.000003,0.000016,-0.000002,0.000002,0.000023,0.000000,0.000002,0.000001,0.000000,0.000000,0.000000
0.000000,0.000000,0.000000,-0.000011,0.000003,-0.000006,0.000015,-0.000015,0.000016,0.000007,0.000011,-0.000020,0.000005,0.000007,0.000000,-0.000005,0.000010,-0.000007,-0.000006,0.000011,0.000010,-0.000008,-0.000004,-0.000000,-0.000004,0.000007,-0.000005,-0.000003,-0.000029,0.000014,-0.000014,-0.000061,0.000002,0.000131,-0.000299,0.001204,0.003337,0.003334,0.003332,0.003324,0.001625,0.000001,0.000047,0.000028,-0.000025,-0.000009,-0.000010,-0.000002,0.000008,-0.000009,0.000019,0.000010,0.000016,-0.000002,0.000014,0.000010,-0.000001,0.000006,-0.000002,0.000005,0.000003,-0.000000,-0.000006,-0.000006,-0.000002,-0.000004,0.000009,-0.000008,-0.000005,0.000004,0.000003,0.000004,-0.000003,-0.000025,0.000001,0.000002,-0.000025,-0.000004,-0.000000,-0.000004,-0.000019,-0.000005,0.000016,-0.000007,-0.000009,0.000016,0.000004,0.000004,0.000007,0.000014,-0.000009,0.000005,-0.000006,0.000002,-0.000008,-0.000005,0.000011,0.000002,-0.000005,-0.000014,0.000000,0.000000,0.000000
0.000000,0.000000,0.000000,0.000003,-0.000004,0.000000,0.000014,-0.000009,0.000000,-0.000018,-0.000001,-0.000002,-0.000008,-0.000002,-0.000002,-0.000007,-0.000005,0.000010,0.000008,-0.000019,0.000007,-0.000002,0.000008,0.000001,-0.000005,0.000011,-0.000011,0.000018,0.000004,-0.000005,0.000076,-0.000061,0.000021,0.000003,-0.000162,0.000584,0.001509,0.001731,0.001750,0.001625,0.000864,-0.000025,-0.000062,0.000030,-0.000033,0.000044,0.000006,0.000002,0.000006,-0.000010,-0.000004,-0.000008,0.000005,-0.000011,-0.000001,-0.000021,-0.000009,0.000001,-0.000015,0.000006,0.000004,-0.000010,0.000008,-0.000006,0.000003,0.000005,0.000012,0.000002,-0.000009,0.000010,0.000003,-0.000005,0.000001,0.000008,-0.000013,0.000012,-0.000002,0.000006,0.000006,-0.000003,0.000008,0.000012,-0.000002,-0.000013,0.000013,0.000008,-0.000008,-0.000005,-0.000002,-0.000005,0.000002,-0.000011,0.000003,-0.000006,-0.000004,0.000009,-0.000013,-0.000016,0.000008,0.000009,0.000000,0.000000,0.000000
