0.000000,0.000000,0.000000,0.000000,0.000000,0.000000,0.000000,0.000000,0.000000,0.000000,0.000000,0.000000,0.000000,0.000000,0.000000,0.000000,0.000000,0.000000,0.000000,0.000000,0.000000,0.000000,0.000000,0.000000,0.000000,0.000000,0.000000,0.000000,0.000000,0.000000,0.000000,0.000000,0.000000,0.000000,0.000000,0.000000,0.000000,0.000000,0.000000,0.000000,0.000000,0.000000,0.000000,0.000000,0.000000,0.000000,0.000000,0.000000,0.000000,0.000000,0.000000,0.000000,0.000000,0.000000,0.000000,0.000000,0.000000,0.000000,0.000000,0.000000,0.000000,0.000000,0.000000,0.000000,0.000000,0.000000,0.000000,0.000000,0.000000,0.000000,0.000000,0.000000,0.000000,0.000000,0.000000,0.000000,0.000000,0.000000,0.000000,0.000000,0.000000,0.000000,0.000000,0.000000,0.000000,0.000000,0.000000,0.000000,0.000000,0.000000,0.000000,0.000000,0.000000,0.000000,0.000000,0.000000,0.000000,0.000000,0.000000,0.000000,0.000000,0.000000,0.000000
0.000000,0.000000,0.000000,0.000000,0.000000,0.000000,0.000000,0.000000,0.000000,0.000000,0.000000,0.000000,0.000000,0.000000,0.000000,0.000000,0.000000,0.000000,0.000000,0.000000,0.000000,0.000000,0.000000,0.000000,0.000000,0.000000,0.000000,0.000000,0.000000,0.000000,0.000000,0.000000,0.000000,0.000000,0.000000,0.000000,0.000000,0.000000,0.000000,0.000000,0.000000,0.000000,0.000000,0.000000,0.000000,0.000000,0.000000,0.000000,0.000000,0.000000,0.000000,0.000000,0.000000,0.000000,0.000000,0.000000,0.000000,0.000000,0.000000,0.000000,0.000000,0.000000,0.000000,0.000000,0.000000,0.000000,0.000000,0.000000,0.000000,0.000000,0.000000,0.000000,0.000000,0.000000,0.000000,0.000000,0.000000,0.000000,0.000000,0.000000,0.000000,0.000000,0.000000,0.000000,0.000000,0.000000,0.000000,0.000000,0.000000,0.000000,0.000000,0.000000,0.000000,0.000000,0.000000,0.000000,0.000000,0.000000,0.000000,0.000000,0.000000,0.000000,0.000000
0.000000,0.000000,0.000000,0.000000,0.000000,0.000000,0.000000,0.000000,0.000000,0.000000,0.000000,0.000000,0.000000,0.000000,0.000000,0.000000,0.000000,0.000000,0.000000,0.000000,0.000000,0.000000,0.000000,0.000000,0.000000,0.000000,0.000000,0.000000,0.000000,0.000000,0.000000,0.000000,0.000000,0.000000,0.000000,0.000000,0.000000,0.000000,0.000000,0.000000,0.000000,0.000000,-389555.090568,-378248.458624,-359244.219208,-336536.002755,-312883.865853,-291445.211409,-272825.328091,-256961.829218,-246136.129400,-241509.924139,-241809.805954,-245930.367679,-254004.052959,-265937.239430,-284389.854722,-314004.260543,-354839.530554,-400956.017380,-448957.222201,0.000000,0.000000,0.000000,0.000000,0.000000,0.000000,0.000000,0.000000,0.000000,0.000000,0.000000,0.000000,0.000000,0.000000,0.000000,0.000000,0.000000,0.000000,0.000000,0.000000,0.000000,0.000000,0.000000,0.000000,0.000000,0.000000,0.000000,0.000000,0.000000,0.000000,0.000000,0.000000,0.000000,0.000000,0.000000,0.000000,0.000000,0.000000,0.000000,0.000000,0.000000,0.000000
0.000000,0.000000,0.000000,0.000000,0.000000,0.000000,0.000000,0.000000,0.000000,0.000000,0.000000,0.000000,0.000000,0.000000,0.000000,0.000000,0.000000,0.000000,0.000000,0.000000,0.000000,0.000000,0.000000,0.000000,0.000000,0.000000,0.000000,0.000000,0.000000,0.000000,0.000000,0.000000,0.000000,0.000000,0.000000,0.000000,0.000000,0.000000,-386581.819330,-357264.134226,-322433.399044,-302258.023649,-293615.459500,-276356.284452,-251036.607191,-225692.607829,-201932.607160,-181775.657241,-165174.678994,-151826.989597,-143148.790857,-139397.960282,-140616.529057,-147192.688849,-157457.939728,-172150.477053,-193122.690715,-222194.073345,-262451.818147,-315705.666996,-363454.667109,-398881.631915,-440614.903405,-496739.236417,-562990.518497,0.000000,0.000000,0.000000,0.000000,0.000000,0.000000,0.000000,0.000000,0.000000,0.000000,0.000000,0.000000,0.000000,0.000000,0.000000,0.000000,0.000000,0.000000,0.000000,0.000000,0.000000,0.000000,0.000000,0.000000,0.000000,0.000000,0.000000,0.000000,0.000000,0.000000,0.000000,0.000000,0.000000,0.000000,0.000000,0.000000,0.000000,0.000000
0.000000,0.000000,0.000000,0.000000,0.000000,0.000000,0.000000,0.000000,0.000000,0.000000,0.000000,0.000000,0.000000,0.000000,0.000000,0.000000,0.000000,0.000000,0.000000,0.000000,0.000000,0.000000,0.000000,0.000000,0.000000,0.000000,0.000000,0.000000,0.000000,0.000000,0.000000,0.000000,0.000000,0.000000,-485588.368251,-434538.982158,-374323.203517,-329523.888742,-297884.390829,-257715.663235,-210289.870427,-169299.267749,-133660.734111,-99955.963809,-66055.159878,-36183.071076,-12037.748358,8057.326018,22388.161456,32027.873718,37942.471865,38780.982123,32824.420628,21150.026381,5428.868941,-14533.363115,-40517.659544,-72234.156357,-114610.722286,-168819.355842,-227265.530194,-284045.551426,-336891.929933,-403273.429116,-465184.066344,-516709.104411,-589825.536391,-702669.461221,-840457.420611,0.000000,0.000000,0.000000,0.000000,0.000000,0.000000,0.000000,0.000000,0.000000,0.000000,0.000000,0.000000,0.000000,0.000000,0.000000,0.000000,0.000000,0.000000,0.000000,0.000000,0.000000,0.000000,0.000000,0.000000,0.000000,0.000000,0.000000,0.000000,0.000000,0.000000,0.000000,0.000000,0.000000,0.000000
0.000000,0.000000,0.000000,0.000000,0.000000,0.000000,0.000000,0.000000,0.000000,0.000000,0.000000,0.000000,0.000000,0.000000,0.000000,0.000000,0.000000,0.000000,0.000000,0.000000,0.000000,0.000000,0.000000,0.000000,0.000000,0.000000,0.000000,0.000000,0.000000,0.000000,0.000000,0.000000,-497409.677888,-452494.555343,-401512.463633,-337313.444988,-265421.545580,-202463.012676,-144727.103093,-88180.818974,-28891.208577,24831.946450,70280.887545,113576.672150,151374.361049,182457.748594,207362.509251,225685.810037,238104.021826,245784.710535,247101.363914,242388.261612,232769.771112,217144.801044,196051.224189,170092.323314,138100.523103,99605.814226,54917.489650,1515.523787,-59970.233669,-119396.709430,-182080.142896,-252090.711912,-321766.989088,-392491.889547,-468997.839882,-581302.916917,-707966.122394,-858131.055749,-1047914.413973,0.000000,0.000000,0.000000,0.000000,0.000000,0.000000,0.000000,0.000000,0.000000,0.000000,0.000000,0.000000,0.000000,0.000000,0.000000,0.000000,0.000000,0.000000,0.000000,0.000000,0.000000,0.000000,0.000000,0.000000,0.000000,0.000000,0.000000,0.000000,0.000000,0.000000,0.000000,0.000000
0.000000,0.000000,0.000000,0.000000,0.000000,0.000000,0.000000,0.000000,0.000000,0.000000,0.000000,0.000000,0.000000,0.000000,0.000000,0.000000,0.000000,0.000000,0.000000,0.000000,0.000000,0.000000,0.000000,0.000000,0.000000,0.000000,0.000000,0.000000,0.000000,0.000000,-504856.394850,-457740.689358,-405545.431325,-340865.261276,-260623.000903,-177017.950178,-92464.495226,-15384.640572,51159.875343,114172.740563,173946.855202,226393.578716,272624.151966,313623.947224,348169.180561,377767.166182,401587.340365,416459.620027,426853.338402,433198.951551,429681.425146,420461.927058,408146.288829,390254.431539,367464.140247,338925.736216,303428.823585,263328.287009,218007.964069,165313.293346,105748.336874,43964.271742,-18338.978798,-86359.051499,-158914.895626,-227890.965154,-305920.382748,-407592.316815,-536508.688198,-710903.706190,-896880.805170,-1100408.732654,-1306442.728198,0.000000,0.000000,0.000000,0.000000,0.000000,0.000000,0.000000,0.000000,0.000000,0.000000,0.000000,0.000000,0.000000,0.000000,0.000000,0.000000,0.000000,0.000000,0.000000,0.000000,0.000000,0.000000,0.000000,0.000000,0.000000,0.000000,0.000000,0.000000,0.000000,0.000000
0.000000,0.000000,0.000000,0.000000,0.000000,0.000000,0.000000,0.000000,0.000000,0.000000,0.000000,0.000000,0.000000,0.000000,0.000000,0.000000,0.000000,0.000000,0.000000,0.000000,0.000000,0.000000,0.000000,0.000000,0.000000,0.000000,0.000000,0.000000,-526388.411902,-471604.621410,-412488.959901,-344087.005204,-258834.065991,-168106.316068,-74854.850618,17126.504401,102618.450632,177717.776452,243228.487410,302240.192155,354338.407211,397607.711756,434957.088045,467705.320299,496828.276541,522279.164284,540740.501467,555296.383554,563295.266290,562293.152267,557513.114613,548071.257957,532743.551588,513351.074586,488115.161343,457286.715801,423005.605236,384970.073454,342770.703477,296718.777778,244504.465213,187042.543931,127123.540402,64392.542474,-5614.451856,-77138.596947,-150505.008127,-238646.552860,-354201.334920,-510687.551874,-714097.313688,-955272.763800,-1161885.873413,-1256401.719124,-1245652.529198,0.000000,0.000000,0.000000,0.000000,0.000000,0.000000,0.000000,0.000000,0.000000,0.000000,0.000000,0.000000,0.000000,0.000000,0.000000,0.000000,0.000000,0.000000,0.000000,0.000000,0.000000,0.000000,0.000000,0.000000,0.000000,0.000000,0.000000,0.000000
0.000000,0.000000,0.000000,0.000000,0.000000,0.000000,0.000000,0.000000,0.000000,0.000000,0.000000,0.000000,0.000000,0.000000,0.000000,0.000000,0.000000,0.000000,0.000000,0.000000,0.000000,0.000000,0.000000,0.000000,0.000000,0.000000,-584264.508731,-510479.607532,-435568.991330,-358749.574908,-266258.633716,-169704.992198,-71334.355132,27277.436772,120922.253003,206837.769040,282757.691700,346085.312705,401906.201343,451127.558413,488492.293700,519324.415879,546954.752076,570999.506320,594319.594742,616295.289578,633807.355622,645235.771025,650084.526219,646411.971184,635524.402570,622873.066063,608681.032125,585444.847858,553308.884796,521315.513926,488255.688448,452357.776962,414933.226987,375772.591969,333552.346039,286545.510934,235236.458388,180737.535564,120311.114656,54441.537950,-18032.006754,-102259.041645,-205482.655299,-343723.568854,-535753.083947,-782786.226163,-1028795.736119,-1164546.697732,-1134113.592192,-1009984.417128,-896883.588935,0.000000,0.000000,0.000000,0.000000,0.000000,0.000000,0.000000,0.000000,0.000000,0.000000,0.000000,0.000000,0.000000,0.000000,0.000000,0.000000,0.000000,0.000000,0.000000,0.000000,0.000000,0.000000,0.000000,0.000000,0.000000,0.000000
0.000000,0.000000,0.000000,0.000000,0.000000,0.000000,0.000000,0.000000,0.000000,0.000000,0.000000,0.000000,0.000000,0.000000,0.000000,0.000000,0.000000,0.000000,0.000000,0.000000,0.000000,0.000000,0.000000,0.000000,-695634.658737,-597302.634196,-495834.914003,-398246.944400,-291324.598506,-185816.215403,-80179.256028,24189.954894,123134.612406,214032.481425,295553.280947,366084.799895,425973.254295,475694.639420,517131.419602,552916.610420,579639.203477,597034.445225,614039.156705,634338.093520,652393.680447,672864.554984,693930.658042,700396.861390,700810.174381,693885.710399,673763.714586,657921.235367,638106.188029,606383.307238,570733.777348,534899.691103,503555.975017,473732.838291,441530.716706,408940.664446,376822.393838,341400.233621,299259.172189,254072.669851,203041.033259,145463.332965,82958.069078,8504.629762,-87215.357996,-217911.650919,-404594.556514,-658843.223126,-924307.892293,-1072767.108293,-1041392.376987,-910085.417358,-789315.911805,-728772.246096,-708368.201940,0.000000,0.000000,0.000000,0.000000,0.000000,0.000000,0.000000,0.000000,0.000000,0.000000,0.000000,0.000000,0.000000,0.000000,0.000000,0.000000,0.000000,0.000000,0.000000,0.000000,0.000000,0.000000,0.000000,0.000000
0.000000,0.000000,0.000000,0.000000,0.000000,0.000000,0.000000,0.000000,0.000000,0.000000,0.000000,0.000000,0.000000,0.000000,0.000000,0.000000,0.000000,0.000000,0.000000,0.000000,0.000000,0.000000,0.000000,-688981.285846,-601437.534497,-483675.016451,-353149.448624,-226412.207552,-107268.161282,6098.649305,111459.340553,207264.388803,294065.575602,370629.785384,433568.381101,485787.421930,530406.728561,565406.238208,591362.990534,613731.421751,629993.719183,637960.607173,650724.241138,669350.633778,689046.149800,706577.048233,719622.108203,728489.531014,724277.370265,706781.231563,683609.864182,660417.618255,629223.211148,588253.778840,547045.868549,509165.907460,480235.440832,455433.747556,427160.668662,400750.475064,379984.838149,355301.365771,324683.524450,291329.733847,249994.273351,200227.262016,144393.230741,78541.992690,-5269.906001,-125870.922874,-310282.358329,-576737.500905,-858550.166698,-1004548.543848,-955610.895674,-801957.988695,-673499.776146,-622734.734846,-609250.389072,-606751.157278,0.000000,0.000000,0.000000,0.000000,0.000000,0.000000,0.000000,0.000000,0.000000,0.000000,0.000000,0.000000,0.000000,0.000000,0.000000,0.000000,0.000000,0.000000,0.000000,0.000000,0.000000,0.000000,0.000000
0.000000,0.000000,0.000000,0.000000,0.000000,0.000000,0.000000,0.000000,0.000000,0.000000,0.000000,0.000000,0.000000,0.000000,0.000000,0.000000,0.000000,0.000000,0.000000,0.000000,0.000000,0.000000,-666890.942987,-580354.703121,-458156.266925,-313215.160097,-167347.850809,-35131.491351,82972.190463,188397.747622,281655.810910,363891.806823,435230.372842,491591.258342,536104.660024,573888.583807,604654.119335,623184.687370,632985.791567,640153.073030,641860.943791,648322.155732,666034.815381,685814.235297,706570.824474,722927.674208,728142.440468,731440.343805,725415.904425,708565.479889,683126.622747,645995.280102,604166.310980,550828.673514,495272.696524,453326.703616,423188.494010,401329.793331,380344.719184,362472.061479,345036.012229,329058.168320,316070.504735,293629.094301,263625.624683,226408.424720,179565.447123,121967.541998,43467.970075,-74567.365812,-260685.649460,-533233.451401,-814969.006321,-945708.534298,-866022.764629,-686302.228058,-550650.331483,-495605.237196,-489967.559298,-515371.842300,-534228.114370,0.000000,0.000000,0.000000,0.000000,0.000000,0.000000,0.000000,0.000000,0.000000,0.000000,0.000000,0.000000,0.000000,0.000000,0.000000,0.000000,0.000000,0.000000,0.000000,0.000000,0.000000,0.000000
0.000000,0.000000,0.000000,0.000000,0.000000,0.000000,0.000000,0.000000,0.000000,0.000000,0.000000,0.000000,0.000000,0.000000,0.000000,0.000000,0.000000,0.000000,0.000000,0.000000,-783151.183531,-668911.757175,-550090.224134,-421451.455503,-272037.867541,-116746.168725,26559.142480,147857.204233,252681.985930,342758.793535,420235.376496,487121.627384,542631.349909,585130.735401,617274.413453,639784.164144,657209.675641,663219.729349,651791.873518,639752.554152,636416.829691,641447.655340,660149.107188,685254.810947,701567.052432,716056.292684,725828.918981,726005.179648,723512.260631,710381.681838,680710.245801,634849.270219,574055.280459,504720.067086,434969.498250,375435.688267,337542.720019,316469.042821,304418.834720,296071.669612,286598.064166,279543.418570,275348.776657,268467.764654,250274.423884,221801.235444,189481.028791,146435.335946,76562.102525,-43674.592490,-245188.397283,-528188.742562,-794229.727015,-887436.865968,-769627.490691,-567068.500598,-419760.177919,-362052.121231,-363927.445458,-398846.676271,-447439.953434,-502552.261295,-548343.687062,0.000000,0.000000,0.000000,0.000000,0.000000,0.000000,0.000000,0.000000,0.000000,0.000000,0.000000,0.000000,0.000000,0.000000,0.000000,0.000000,0.000000,0.000000,0.000000,0.000000
0.000000,0.000000,0.000000,0.000000,0.000000,0.000000,0.000000,0.000000,0.000000,0.000000,0.000000,0.000000,0.000000,0.000000,0.000000,0.000000,0.000000,0.000000,0.000000,-800376.678661,-680816.250052,-535623.971863,-378813.793852,-223362.320596,-67510.559612,78629.419866,200556.881809,302041.629515,388462.568030,460730.602020,519365.772413,568314.549837,612309.583827,648101.810185,666979.432436,677117.291945,684167.129968,677137.130716,655972.753838,633624.408281,624348.538288,626626.791361,638366.898533,658174.589094,675223.066778,689902.620691,705892.553976,720836.126813,727090.148669,714307.142952,677916.611779,618554.013062,538462.188345,449402.374642,363240.015280,289172.620031,237989.765909,213381.566938,205311.944651,203650.275709,209023.778495,214559.998121,218684.013386,225149.586627,221464.378343,204439.840217,181459.970621,147336.853199,89325.855610,-32521.799938,-253854.668345,-543591.915134,-782435.004239,-825694.953979,-666899.278608,-448697.744952,-294208.483680,-226273.031680,-224523.866819,-265863.738371,-327118.677599,-398472.078280,-461096.195097,-495934.377378,0.000000,0.000000,0.000000,0.000000,0.000000,0.000000,0.000000,0.000000,0.000000,0.000000,0.000000,0.000000,0.000000,0.000000,0.000000,0.000000,0.000000,0.000000,0.000000
0.000000,0.000000,0.000000,0.000000,0.000000,0.000000,0.000000,0.000000,0.000000,0.000000,0.000000,0.000000,0.000000,0.000000,0.000000,0.000000,0.000000,0.000000,-806363.961253,-685120.207090,-525146.827468,-347347.601795,-175102.700197,-17360.141102,124853.808013,244393.187632,340772.329935,421713.292407,486928.066267,537051.188716,578910.100061,613995.439104,643409.904812,665128.412482,674444.954784,674301.160477,667982.704784,654101.820270,633981.209674,612659.381356,597928.096096,594886.416176,600127.469499,610146.530165,628884.686869,652434.090722,678977.396218,708551.211302,724433.401319,715271.148820,675009.561468,601667.355987,503803.909695,393672.248787,287211.548992,198121.623905,136093.131784,105332.409851,99546.818515,108586.477701,122175.838503,139801.113325,165161.021741,181641.820734,187057.288806,184865.067220,169674.577091,143628.774226,83171.092491,-52990.725757,-287588.695020,-573616.737149,-770657.522970,-754609.688488,-559351.425053,-332502.198192,-177982.355807,-104570.373350,-89389.096228,-117871.106612,-178193.531347,-255326.656990,-332522.083484,-403763.981289,-451299.199428,0.000000,0.000000,0.000000,0.000000,0.000000,0.000000,0.000000,0.000000,0.000000,0.000000,0.000000,0.000000,0.000000,0.000000,0.000000,0.000000,0.000000,0.000000
0.000000,0.000000,0.000000,0.000000,0.000000,0.000000,0.000000,0.000000,0.000000,0.000000,0.000000,0.000000,0.000000,0.000000,0.000000,0.000000,0.000000,-818098.880311,-688512.401960,-516761.215285,-327074.547927,-138934.705531,27220.491736,166654.705514,283320.891924,375424.225440,449815.500377,509948.783127,554356.388574,587255.928495,613474.311572,634510.148308,648514.576316,654878.228385,654381.119140,639180.906985,619486.550064,605912.422023,585950.246232,565059.590909,549888.212853,540884.681691,542355.601599,553281.155015,575073.790267,608106.891708,648594.725876,688765.619873,715049.129068,713556.148685,674892.006753,595495.095071,480859.122201,349097.039643,221166.133601,114836.476802,43182.337346,7314.520998,2432.090314,19864.451982,47220.575736,79384.493751,117057.654992,146214.051199,162487.490115,168040.047085,159123.860749,135659.495390,68417.939576,-85781.114286,-334750.438096,-604358.491505,-745113.200147,-669381.899729,-451332.338767,-227398.161896,-76877.863815,-1453.018455,24201.443130,15066.993468,-25144.733122,-96324.428047,-183699.460305,-277251.221639,-364640.344045,-423130.349394,0.000000,0.000000,0.000000,0.000000,0.000000,0.000000,0.000000,0.000000,0.000000,0.000000,0.000000,0.000000,0.000000,0.000000,0.000000,0.000000,0.000000
0.000000,0.000000,0.000000,0.000000,0.000000,0.000000,0.000000,0.000000,0.000000,0.000000,0.000000,0.000000,0.000000,0.000000,0.000000,0.000000,-837080.154851,-698740.441147,-517714.083349,-315025.879766,-113918.090652,62145.418874,203258.376999,316736.379433,406936.134811,476012.521782,533081.464242,575970.256975,604123.825273,623561.108039,633283.638706,638449.749544,640792.709018,634394.212554,620598.406684,599108.189533,573201.647343,552822.651987,531438.018358,508678.712294,491449.069265,480591.042449,480283.602581,493060.050134,519793.406512,559199.814896,609267.529905,662171.726238,702214.856670,712866.424241,680807.683288,598871.835555,471811.127440,318681.604278,168591.386751,47148.790854,-34061.281459,-72412.051577,-74437.747428,-51723.718861,-12767.294303,33446.352838,78949.512482,119206.267170,147936.580825,159539.436484,154674.690078,123727.160031,40691.809993,-130594.573341,-383730.311977,-616005.478991,-697726.279256,-579160.031548,-346410.531968,-137469.690073,-387.986729,78639.731321,113443.560084,119130.142187,100155.933646,52194.006364,-27076.482899,-131845.210699,-242919.490551,-344575.783960,-415142.819119,0.000000,0.000000,0.000000,0.000000,0.000000,0.000000,0.000000,0.000000,0.000000,0.000000,0.000000,0.000000,0.000000,0.000000,0.000000,0.000000
0.000000,0.000000,0.000000,0.000000,0.000000,0.000000,0.000000,0.000000,0.000000,0.000000,0.000000,0.000000,0.000000,0.000000,0.000000,-857862.811594,-716489.471326,-525188.076782,-311759.684706,-98719.822648,87036.044648,231945.105031,343056.277962,430265.000945,497895.576120,548661.934789,591960.268042,626077.965123,640190.182098,639366.124438,639879.965924,635291.028738,617128.877576,600428.588530,584941.773248,560429.121076,531405.053859,504659.090030,479943.035664,455725.729874,436964.435516,426752.979996,425327.870462,435580.534382,461466.881532,504554.499944,562298.389141,627502.272956,683793.302008,710881.864753,690361.556933,610089.790209,473962.797723,304427.356399,135245.450001,-2152.027679,-91602.755084,-131752.263736,-129927.971931,-99889.304627,-54613.011148,-807.922277,55088.301443,102683.443525,136351.929733,153315.630264,147165.147446,104998.274797,-1713.523600,-191958.646780,-430132.770551,-615514.989119,-639658.424042,-488240.903334,-260508.672265,-70050.717751,54330.695369,134092.327771,177480.575859,194178.843077,192865.628934,169237.404051,114839.170353,23191.103417,-96237.581995,-223294.503405,-339240.925379,-419633.990484,0.000000,0.000000,0.000000,0.000000,0.000000,0.000000,0.000000,0.000000,0.000000,0.000000,0.000000,0.000000,0.000000,0.000000,0.000000
0.000000,0.000000,0.000000,0.000000,0.000000,0.000000,0.000000,0.000000,0.000000,0.000000,0.000000,0.000000,0.000000,0.000000,-888037.774079,-744033.729375,-547021.925618,-320929.700723,-95201.752594,100079.738650,250435.256933,362797.447199,448287.103417,513746.463736,563257.700392,602096.795052,631578.891402,652087.023257,655648.392371,644864.357983,634804.924944,617675.572562,587823.566033,560600.075990,539825.827960,511573.147736,479797.328639,451911.289602,425950.980135,402931.050370,386155.134237,377311.225047,375538.260289,383441.255256,406214.204715,448561.102535,510483.623110,585798.084812,658588.204490,705123.738126,700400.499440,627760.739160,488732.826779,306421.013922,119815.502601,-32520.791277,-129265.434900,-169723.789658,-165086.761471,-129249.009691,-76180.714330,-16906.109467,43000.690738,94330.501725,130484.682379,146107.431181,130174.213904,69179.705397,-58773.449533,-256907.738498,-472153.938909,-609631.976791,-580889.906245,-402921.535601,-189054.499646,-18594.771520,97009.205920,174361.144423,219432.061390,241448.846381,251912.562955,250276.330123,226533.831193,165365.456178,61927.406664,-75294.412248,-219647.449359,-349563.189028,-442195.404515,0.000000,0.000000,0.000000,0.000000,0.000000,0.000000,0.000000,0.000000,0.000000,0.000000,0.000000,0.000000,0.000000,0.000000
0.000000,0.000000,0.000000,0.000000,0.000000,0.000000,0.000000,0.000000,0.000000,0.000000,0.000000,0.000000,0.000000,-897796.228195,-778221.374895,-583780.377746,-348917.000681,-109954.477618,98133.789845,257097.477452,374837.709348,461332.732686,527339.365375,578702.226565,616980.946058,641983.888458,655228.293668,657799.924753,646535.916358,628762.045541,607838.160444,579013.011094,543892.283005,508214.693269,476741.650697,445101.044960,412310.518913,384341.655471,361641.665060,344225.185966,333322.087182,327291.480220,327158.375571,335385.039236,355722.356395,394367.795090,455873.476953,537869.568931,625129.990889,691565.251604,707364.244168,650045.894739,515482.483316,324699.212334,120943.066347,-48139.674207,-153118.381884,-192908.816687,-183113.156342,-141318.455864,-82633.489840,-19638.407261,40690.163678,91352.072976,124513.100759,131679.187202,101783.202358,19997.297607,-126098.201989,-321911.077107,-504040.366734,-584834.352309,-515604.506851,-328893.747087,-121803.508776,28398.074360,123657.723117,190381.534049,232018.208524,257115.531542,278457.082796,297928.024560,303101.054353,277280.818625,206595.405294,85829.402462,-69108.386064,-231293.522781,-375830.100057,-475969.423935,0.000000,0.000000,0.000000,0.000000,0.000000,0.000000,0.000000,0.000000,0.000000,0.000000,0.000000,0.000000,0.000000
0.000000,0.000000,0.000000,0.000000,0.000000,0.000000,0.000000,0.000000,0.000000,0.000000,0.000000,0.000000,-923476.456665,-824775.121911,-643549.511256,-407655.330586,-150711.376798,76094.271661,250283.149715,376518.815220,468302.650762,537561.772092,589947.222850,628901.781898,652877.031064,657593.390317,651166.505333,638120.165680,610443.503462,577400.148756,549761.655841,514110.277002,470539.619023,430836.395462,393926.418930,357360.606901,324699.351334,299799.806892,282285.719729,272102.273191,269201.028739,271016.977076,277521.336892,289736.630053,309406.693812,343509.230807,401150.689930,485152.636442,583637.676623,669403.642116,708212.669163,672014.526542,549685.673645,356900.244288,138832.015689,-48268.976035,-165775.860277,-208101.133196,-193338.162418,-144858.853669,-81055.408997,-15755.671186,43484.487919,88822.842570,112210.283136,105226.429523,56538.247919,-44338.465721,-199499.620993,-379749.622301,-517871.269953,-544648.981060,-440134.848617,-252417.252078,-65575.863905,58718.190637,127413.174641,173446.219742,203932.699773,234426.448203,275507.258268,318031.922003,349551.100062,354567.869535,318392.322619,230579.138299,91520.845434,-84034.710528,-260948.973600,-409315.896349,-505517.034654,0.000000,0.000000,0.000000,0.000000,0.000000,0.000000,0.000000,0.000000,0.000000,0.000000,0.000000,0.000000
0.000000,0.000000,0.000000,0.000000,0.000000,0.000000,0.000000,0.000000,0.000000,0.000000,0.000000,0.000000,-859140.071933,-721038.654638,-505898.240896,-235464.523171,21548.401292,221435.665790,363294.918112,465748.192812,538068.345627,590019.631340,628819.874578,650218.310159,652680.270867,636911.106638,613134.506664,587787.816288,551262.334072,509167.059346,468936.380945,425055.181865,378568.947151,334605.472414,292837.234210,253520.093418,221461.154091,198570.876705,184224.867361,180167.129201,186518.986327,200871.887952,220344.800915,241871.853781,265756.765138,297765.769609,349187.644742,430279.069350,535079.865170,637418.124789,700292.878635,689764.179271,587014.426128,400073.604076,171519.044559,-35396.341056,-169988.667577,-219612.321499,-202713.807222,-148476.716667,-80517.691477,-14585.876384,40468.749996,77407.286180,88325.682346,64237.238036,-4402.460214,-121484.970250,-275546.240493,-424910.595428,-512196.282018,-492586.710595,-363975.236740,-183010.293246,-24336.402840,72520.754867,115845.856317,137301.200208,160456.923262,201242.289057,262595.327289,327212.119791,377544.298721,404520.013177,396626.522197,341069.602725,233675.492924,73739.433898,-115901.646747,-297671.377420,-427986.025977,0.000000,0.000000,0.000000,0.000000,0.000000,0.000000,0.000000,0.000000,0.000000,0.000000,0.000000,0.000000
0.000000,0.000000,0.000000,0.000000,0.000000,0.000000,0.000000,0.000000,0.000000,0.000000,0.000000,-837388.960375,-783158.029780,-626262.526774,-369645.439252,-83979.580385,154787.655435,325789.744195,443562.149915,525654.697706,580887.575466,615100.478933,635132.443114,639150.168406,623829.488010,593879.985799,562306.581415,526106.132986,481453.837572,433571.553340,383617.092403,332710.090884,282048.530092,233566.179123,187345.623910,145539.051957,111782.194300,86746.271086,72416.554713,72219.421337,86245.740055,113064.002511,148352.522790,185516.397249,220729.696901,255823.433634,302129.875441,375995.923750,481167.718516,595929.855032,681325.237288,698845.521998,622708.649876,451157.871861,218314.018726,-9684.199597,-167705.973197,-231422.327040,-217575.239172,-160235.249776,-89378.156749,-24492.750530,24138.509672,49918.976014,45444.303370,3577.562707,-80412.247069,-202834.109991,-342578.668435,-455116.792118,-491876.589077,-430643.056046,-293143.286726,-130798.656834,1566.568459,77226.632279,104069.728149,111452.559247,132591.263492,186003.719611,264435.377183,339225.530905,399830.193575,440783.195449,449061.666654,418643.651517,342548.085551,214307.319820,35241.597425,-160033.669474,-328621.536393,-448006.260797,0.000000,0.000000,0.000000,0.000000,0.000000,0.000000,0.000000,0.000000,0.000000,0.000000,0.000000
0.000000,0.000000,0.000000,0.000000,0.000000,0.000000,0.000000,0.000000,0.000000,0.000000,-773970.358158,-790861.987495,-719182.504159,-532531.626460,-252021.979879,27634.911745,243266.157644,392979.492715,490982.433449,555739.276075,593229.711627,613220.678340,620623.920926,613366.192017,589770.935075,554670.978478,514576.707394,469751.959452,418581.741698,364735.582252,310936.361946,255239.050903,199946.182748,147042.207972,96143.351041,50041.062930,10526.026364,-20292.364950,-38667.701675,-41042.025665,-25064.916598,9988.840050,59806.507250,116281.426785,169727.292408,214663.763676,259725.875008,325296.431966,425380.366349,546993.566342,651478.444936,696227.917879,651033.314894,504553.316064,277275.667095,31244.325650,-156150.231443,-243939.187687,-241381.188406,-186328.798598,-115784.914394,-53437.903665,-11732.367097,2291.650438,-17465.924722,-74126.255980,-166864.034100,-282808.290321,-394739.827783,-464448.046271,-457734.192349,-369125.291017,-231471.211755,-92327.833255,12914.690963,69962.248873,92309.925897,104898.550973,133251.861702,196877.587013,284625.268974,363898.172547,424121.354845,467434.991878,482057.026823,464909.207488,414385.973923,320338.056064,173799.608799,-16755.173218,-211733.719811,-385503.878268,-513776.580607,0.000000,0.000000,0.000000,0.000000,0.000000,0.000000,0.000000,0.000000,0.000000,0.000000
0.000000,0.000000,0.000000,0.000000,0.000000,0.000000,0.000000,0.000000,0.000000,-718646.582066,-746272.434929,-749659.541248,-673818.864012,-464971.205334,-178687.918566,88737.030552,293131.910439,428263.103160,509294.038072,559122.266493,586755.882109,594475.179408,592112.756383,580900.854017,559231.920963,523166.582849,476356.443328,426914.002971,373269.220674,318350.807625,262576.697363,204812.794511,147370.891348,90290.432423,34298.893752,-18371.218848,-66103.445044,-105901.952291,-133491.509711,-145079.277468,-135341.441306,-99734.929585,-40747.932998,33319.766846,108516.233600,170788.580126,221302.946202,280142.814462,371027.950903,493382.880571,611892.434876,680590.797596,667103.107340,553334.094288,344084.078785,88341.373131,-131236.386358,-253258.605207,-272833.195461,-227744.899725,-161566.208020,-104128.274044,-70505.006651,-67521.965635,-98803.809333,-163140.032955,-253878.211761,-352380.523460,-429352.814795,-454314.465322,-411959.649121,-310698.287577,-183448.154481,-70150.383136,8094.812731,50878.769044,74470.718598,102122.115656,151959.539550,229343.392734,320397.825446,397816.371700,445153.050964,476873.438919,492459.689665,479100.289668,446056.593856,385788.594211,278117.246022,115623.979173,-85572.053022,-289294.110588,-474253.248400,-606574.428206,0.000000,0.000000,0.000000,0.000000,0.000000,0.000000,0.000000,0.000000,0.000000
0.000000,0.000000,0.000000,0.000000,0.000000,0.000000,0.000000,0.000000,0.000000,-683700.089340,-708397.499018,-726498.200402,-651360.886200,-444566.191009,-162777.292956,102907.261055,304825.987727,431721.165022,504111.926540,542578.041459,563428.782094,573441.331149,568812.966436,552776.682005,530158.368838,493914.287388,446720.294100,396089.386154,343357.450695,291051.482217,236353.802234,179120.252675,121192.383305,62181.922575,2770.957795,-55340.583476,-111240.251426,-161341.329650,-201540.188174,-227113.957769,-230253.084388,-203725.179170,-145218.486889,-59923.965809,36299.598499,121673.561108,185118.227250,241113.585454,321102.615986,438456.992828,564903.680229,652410.284942,667240.154776,590154.642624,412145.141394,160185.483869,-87963.697043,-252162.100219,-306440.550927,-281309.410626,-225087.583526,-174549.630905,-148761.199238,-154322.427159,-191887.839395,-255501.386035,-332520.015727,-402929.230355,-442249.085917,-429667.647558,-362972.492796,-260454.131473,-151775.915579,-65623.709990,-11912.063970,21047.243719,52846.813911,101619.942259,174192.012618,266763.944900,358963.166647,424344.808750,461045.887681,476418.662583,477641.422416,467785.331443,447672.963292,412311.333738,342775.036496,219779.004324,37097.280436,-179449.193531,-394959.758812,-561382.186303,0.000000,0.000000,0.000000,0.000000,0.000000,0.000000,0.000000,0.000000,0.000000
0.000000,0.000000,0.000000,0.000000,0.000000,0.000000,0.000000,0.000000,-622771.813157,-641764.087694,-679491.403558,-707303.144527,-649333.636843,-466158.245463,-202466.974209,60467.441298,268308.462814,399674.837760,468214.912266,507073.710965,533984.109788,549451.844330,546725.576807,526894.472973,497207.131666,458434.371428,411477.312312,361773.815084,312455.107459,262757.970716,211040.917133,157771.645304,103605.726902,47408.577305,-10664.181903,-70485.348672,-131072.867479,-189350.503381,-241303.875749,-281559.733432,-301471.386299,-291237.761332,-242966.981123,-155851.914212,-43875.796235,65631.946952,148280.377196,207506.041171,277360.111151,385178.662021,513966.906784,614108.387929,650609.960160,609020.365129,472329.966886,242221.119151,-22056.859166,-230666.150913,-331256.668642,-337905.237898,-299360.085641,-258790.486037,-239740.620785,-249206.816025,-285387.253107,-338788.151139,-394011.548406,-431873.420699,-435201.949097,-395089.180490,-318202.314717,-225253.810444,-140028.576413,-78598.932375,-39571.897511,-6058.993466,42497.111315,116063.520815,207839.537080,304734.359319,388968.515892,439959.044071,460297.956802,462469.479394,452602.190516,443764.919088,434843.386856,414637.299101,372602.300293,287577.941238,141428.062704,-67819.793083,-295995.605661,-500066.499024,-640137.080312,0.000000,0.000000,0.000000,0.000000,0.000000,0.000000,0.000000,0.000000
0.000000,0.000000,0.000000,0.000000,0.000000,0.000000,0.000000,0.000000,-591327.552207,-596676.631802,-640946.835767,-680409.719823,-655901.927166,-521980.611206,-293378.032025,-41800.225161,174014.059242,318697.776543,391737.845750,437209.049300,478264.892269,499042.339902,495485.921342,473343.446207,438924.762641,397109.346137,349927.490830,302463.007232,256697.366954,211052.767158,165083.566746,119620.886587,73132.619504,24222.756146,-27430.753306,-83206.931033,-142427.913960,-202618.635849,-260862.606056,-312172.730211,-348058.386174,-356441.362336,-324754.059753,-245341.356995,-126382.009603,3667.137497,109293.708541,178179.207939,240311.821380,336135.947347,462140.139615,569189.313600,619671.044137,606511.947406,515886.748208,326597.165773,66244.918988,-179567.474348,-333863.297830,-384786.495828,-372923.742076,-345717.277088,-332199.296908,-340960.016467,-368268.753321,-403696.078943,-432949.268076,-440342.032198,-416056.505786,-360714.444479,-286094.179290,-210402.123406,-148206.017258,-101824.003676,-60556.524340,-8012.397955,66557.789915,160489.138487,258423.493638,342503.531907,402006.801696,432359.094109,431469.723792,421709.552299,416524.249228,408159.164634,407575.631343,402839.097453,377735.313575,322668.534065,214781.922095,35924.417223,-192736.174651,-419602.118287,-597684.911088,0.000000,0.000000,0.000000,0.000000,0.000000,0.000000,0.000000,0.000000
0.000000,0.000000,0.000000,0.000000,0.000000,0.000000,0.000000,-566757.418725,-546926.962311,-547043.402680,-583328.859964,-635481.217367,-654411.313470,-581581.660531,-413817.751255,-192736.018973,17500.106818,166832.573268,258356.514695,317511.544108,365343.305047,396323.613101,395512.815502,371251.595766,336733.240585,295535.684819,250221.485239,206627.143920,165477.424686,126198.549136,88625.931338,52365.688368,16041.584618,-22020.064991,-62999.459970,-108836.649209,-160032.635121,-215374.984961,-272839.644551,-328971.777929,-375495.007558,-399983.018448,-386814.057448,-321642.807219,-204582.144444,-60070.651644,68579.989772,151960.303189,210217.762078,292815.487347,412130.813578,521487.474666,577821.254355,582167.508988,534375.600818,400441.711066,170287.170296,-93262.982346,-299602.254670,-405556.968879,-431539.515518,-422977.564830,-414282.645059,-418139.881490,-432526.261033,-447568.671238,-451388.422824,-434558.384698,-394485.913794,-336886.807609,-273123.356157,-213707.554721,-161951.959012,-111059.756506,-48546.211193,33922.581634,131490.116795,229078.569241,309692.339051,362801.190555,387700.386050,393213.562527,381924.317908,366818.314577,364686.027107,365526.078150,371068.248914,376830.712026,368278.691362,334517.504638,257869.735621,119057.209446,-94125.962631,-328910.417445,-541473.211018,-696982.404598,0.000000,0.000000,0.000000,0.000000,0.000000,0.000000,0.000000
0.000000,0.000000,0.000000,0.000000,0.000000,0.000000,0.000000,-545167.484594,-500836.659231,-484823.884310,-507691.268150,-565969.036281,-619233.661647,-610410.227785,-519760.672017,-362527.309507,-185705.605306,-39999.557557,63120.363685,139600.064964,198644.064162,232993.116195,237759.272293,220885.255597,192158.111232,156238.202660,117475.781493,80467.867528,46632.399989,16218.668403,-11378.388528,-37426.275820,-62557.828978,-88536.149830,-117518.291164,-151092.111767,-190585.964007,-236164.242842,-287266.025947,-341137.718185,-391379.811154,-426275.526751,-428877.129175,-380504.192065,-272033.018193,-120525.805711,27913.616616,128363.005658,186421.755206,255854.349429,365943.531951,474528.589507,530147.153278,539071.456050,521982.465249,448522.248035,275007.386775,24555.298730,-217682.150732,-381093.959547,-456363.806098,-476131.268995,-476020.371256,-474835.985336,-475778.757607,-472445.804285,-457072.228968,-425892.263714,-380398.076753,-326989.458899,-271291.596202,-213745.695728,-150095.260298,-73715.456719,18354.414387,120104.560166,215460.210197,287755.961658,329613.856214,343804.532175,343748.112897,334244.513463,322539.733835,316741.175244,313443.886391,320902.838549,335173.737824,345671.478359,349011.793699,332215.666587,279558.586010,174178.100885,-6639.534604,-240164.008491,-473425.857254,-668951.223621,0.000000,0.000000,0.000000,0.000000,0.000000,0.000000,0.000000
0.000000,0.000000,0.000000,0.000000,0.000000,0.000000,-598484.024610,-521829.191717,-450177.957297,-411527.709153,-414951.224921,-468450.762601,-538453.324981,-580913.403648,-565731.370689,-491942.955174,-375415.554323,-252466.075821,-159046.818436,-80544.589680,-11224.643222,28765.155343,43230.660351,39712.281543,22653.617524,-1211.734711,-27343.870661,-52298.382994,-74575.054707,-93438.487791,-110469.087554,-126371.827580,-142020.830561,-158578.210212,-177699.758121,-201166.729315,-229936.283111,-265109.594739,-306948.314610,-354113.844280,-402052.795363,-440863.294445,-454350.193686,-421155.865755,-324473.272909,-172281.459172,-9236.801293,107655.615360,168044.175136,225602.664608,324606.258101,430303.206822,481949.595639,483508.325011,479176.822481,458691.646644,359262.640918,158302.788509,-87394.482394,-295861.026403,-425925.901908,-485994.161413,-504974.347417,-505810.849378,-498015.103935,-482042.271025,-455378.373592,-416811.144492,-368333.023224,-312394.879503,-247684.523180,-170543.296017,-79271.525486,23024.746065,125631.141544,213549.538652,272796.804662,298395.638558,297409.285859,284305.057817,274369.264241,269792.302333,269812.577316,272898.899086,274113.282866,278417.308976,294007.060892,313924.293579,323435.085605,318620.964326,284364.050532,202565.232069,58689.143326,-161812.338871,-402443.726243,-633475.097760,-823725.304313,0.000000,0.000000,0.000000,0.000000,0.000000,0.000000
0.000000,0.000000,0.000000,0.000000,0.000000,0.000000,-619182.081034,-509313.224931,-405167.150645,-336398.812343,-317512.819954,-351706.425974,-416681.368378,-487215.278977,-531467.137734,-530415.749261,-482337.103634,-408656.096180,-339730.615868,-274018.987409,-213401.266626,-169124.220367,-143448.088602,-134476.657132,-134843.009728,-140989.768713,-149690.848832,-158849.561810,-166969.579934,-173908.137244,-181248.752168,-189079.168237,-198367.946282,-209857.314651,-224176.930039,-242273.363540,-265217.546668,-293598.122994,-327489.402211,-367336.678090,-409995.501790,-447881.378615,-467156.859307,-445421.794550,-360459.097252,-211389.528300,-39352.502126,90766.514186,154505.812654,201322.176992,288070.699354,389921.087010,436614.868621,423135.508225,412315.139085,425352.273263,401605.739414,280252.356328,74223.585360,-147051.898771,-321407.349734,-428033.520761,-478783.736828,-493773.782648,-487375.492446,-466197.075347,-431469.854365,-383558.222688,-323182.094759,-249355.674217,-160671.577352,-58596.302566,48127.696274,144980.685454,217536.185872,256998.364604,262874.966648,245246.400661,219855.170646,201348.623120,196649.225809,207144.714600,222042.970101,234840.657077,245240.682267,246506.817889,259182.066866,282316.337063,293181.424919,294137.951075,274057.018124,210159.115664,92273.535081,-99303.724097,-343430.207258,-594944.213176,-828553.851200,0.000000,0.000000,0.000000,0.000000,0.000000,0.000000
0.000000,0.000000,0.000000,0.000000,0.000000,-806511.916707,-663584.781640,-514820.291159,-383110.573456,-280485.972355,-232326.571031,-232918.009808,-275524.638715,-343500.167302,-413592.818492,-458754.731504,-465022.192509,-445263.489502,-412250.040604,-373696.844410,-335152.178176,-297836.123000,-268900.117409,-249925.325850,-235543.772360,-225100.378211,-217480.069893,-211260.958948,-206536.677365,-203730.629772,-203849.157487,-207309.152287,-214527.543847,-225553.997297,-240575.850019,-259373.373134,-282202.075665,-308887.959778,-339586.648565,-374794.513274,-412525.357243,-448085.574113,-469372.959244,-454703.004742,-379064.277162,-235228.386528,-59331.748967,79648.491951,145545.891030,182323.400693,256455.551250,353850.020151,395979.961585,364082.791207,331158.269579,352131.670169,387176.968923,356285.250806,228588.111751,41424.566812,-143342.934626,-283466.928362,-368099.560138,-405959.052132,-409597.377686,-387429.072823,-344144.949211,-282013.539289,-202714.052591,-109381.337859,-7871.592400,91107.535028,171849.549417,221228.082516,234597.190827,217638.795362,183220.143590,146145.870020,119202.069355,109948.698355,118249.628086,138890.650787,166389.185446,193638.494124,210578.925685,218360.537912,233791.087792,252417.840368,259097.196789,259313.706864,247624.526293,195960.078350,91650.379247,-71808.192934,-311035.912523,-571441.702396,-839572.063191,-1087080.412072,0.000000,0.000000,0.000000,0.000000,0.000000
0.000000,0.000000,0.000000,0.000000,0.000000,-919105.130477,-747344.716051,-573584.408480,-412272.294883,-280442.423377,-191932.693018,-148312.673215,-150237.004242,-186215.699780,-245417.045432,-301379.826398,-337860.899036,-355763.242965,-360022.781818,-353433.080473,-336755.507044,-316307.897205,-294664.370626,-272320.793306,-250964.884138,-231430.579310,-212848.276994,-196471.862242,-183795.515158,-175679.004999,-172975.305795,-176393.918184,-185975.538739,-200910.220223,-220821.157850,-244969.498293,-272377.339421,-302463.745875,-335054.105233,-369870.733391,-405973.997057,-439793.581245,-460984.706326,-449649.666236,-380026.520472,-241641.686364,-66534.836369,75802.458450,141076.657943,167862.600487,229522.036621,321579.701879,360101.444856,310288.307396,246417.249843,251580.646701,316016.936227,362129.468151,329293.125323,217683.443346,69923.487661,-67530.826367,-167088.550965,-221828.687992,-235686.586514,-215275.538093,-167351.380214,-98263.275773,-15888.617602,69184.375714,144671.707052,197002.180208,215806.618794,200938.560574,161072.919534,110793.698276,64157.539514,29825.249706,11800.015148,11361.036268,26121.201824,50718.301403,83447.897084,118210.071469,144979.295615,167885.876626,188974.047005,201863.514799,206643.045647,203864.873075,193042.638949,150572.099275,52645.317517,-98490.850342,-318028.892504,-588172.127097,-866443.569866,-1131544.202520,0.000000,0.000000,0.000000,0.000000,0.000000
0.000000,0.000000,0.000000,0.000000,-1246216.325805,-1063103.754029,-881638.025786,-708823.682726,-531976.209965,-374957.915074,-244941.651091,-148268.314409,-94354.891399,-79608.772112,-92185.975935,-124526.524210,-164489.263155,-195330.986011,-219427.601186,-232540.322654,-234621.562481,-231827.796453,-220606.848697,-203081.784795,-183227.801867,-162328.834678,-141207.195008,-122581.378630,-108322.267739,-100057.795518,-99048.728381,-105812.365842,-120413.540108,-141916.829074,-169351.827241,-201210.366335,-236040.475544,-273140.004606,-311191.429774,-349689.124719,-387533.451594,-420844.634636,-441149.826479,-430353.569321,-363559.971166,-229889.007008,-59184.354292,80247.512506,140594.128992,156501.181910,206321.869401,293172.695124,328469.892773,262823.596878,166324.423174,140288.386474,203534.509375,294648.701076,343727.217120,322675.630353,247134.393669,152881.751002,71006.253323,18631.452124,897.620664,14673.514772,52481.548136,103252.398577,153969.713858,192187.636880,207252.791510,193336.312897,152395.288504,94144.725545,32115.982290,-22029.203656,-62375.186807,-88016.089383,-100219.738030,-99645.913130,-87207.204299,-64771.521064,-35754.059583,-258.400461,34467.299920,64974.540192,93572.153813,106744.487467,107009.943175,103682.589889,90684.080819,50010.386821,-45113.315808,-195976.119690,-400329.844241,-666732.989697,-936143.334010,-1181917.971533,-1398115.753188,0.000000,0.000000,0.000000,0.000000
0.000000,0.000000,0.000000,0.000000,-1303119.270701,-1169660.983284,-1031429.078236,-884599.311037,-728594.858136,-568442.458997,-412325.833236,-271313.854955,-156690.923467,-72686.940701,-20433.791481,-1375.236440,-9473.959804,-31392.414191,-51529.409864,-67149.467821,-79767.893588,-85423.414147,-83006.197123,-74207.698758,-60912.632108,-44548.110035,-27774.546009,-13004.718200,-2387.458517,1967.175269,-1301.510405,-13360.959249,-33776.209379,-61785.135813,-96491.376718,-136110.815584,-179123.896024,-223908.681631,-269155.165336,-313384.577754,-354400.577945,-388761.886925,-408044.383646,-395374.964361,-329020.339047,-200076.619253,-37341.398206,92991.672341,143320.620134,147332.537407,186085.591354,268246.817666,300906.289862,221722.845398,95031.670030,32201.360648,72794.086403,173861.532471,270364.508883,321577.977343,321946.431110,289269.100287,247131.533400,213307.975660,196535.527884,196650.117955,206258.395886,214672.103587,211392.548518,189334.560756,146453.691824,86556.865662,18249.218422,-47928.201751,-104337.387558,-147742.009910,-178396.878530,-198940.104940,-211169.788631,-215166.410208,-210312.009092,-196674.306831,-175866.741670,-148701.074892,-118615.049829,-89450.967843,-63094.506730,-51694.753012,-57435.696477,-65987.970413,-86125.948745,-136026.824846,-231590.522577,-383289.135125,-575015.815636,-804027.972070,-1032430.556524,-1221149.353137,-1390964.373531,0.000000,0.000000,0.000000,0.000000
0.000000,0.000000,0.000000,0.000000,-1304007.738963,-1198725.027418,-1106089.239794,-1005986.473721,-901995.292517,-780586.635801,-639641.836015,-490768.639930,-336944.634745,-193696.496808,-79387.339682,7382.707776,58083.326976,75858.771140,81017.301957,78661.003360,71321.546040,66378.633761,65099.636746,67901.568707,75390.186845,84942.133881,94874.804330,103189.234196,107848.844451,106680.834155,98552.344527,82244.203981,57816.993575,25726.412014,-13693.282508,-59015.767613,-108371.275046,-159579.074837,-211069.003589,-260459.388259,-305067.687582,-340711.987105,-358305.883654,-343015.564407,-276520.924636,-153485.353383,-3186.045278,111845.311777,147557.051842,138777.995000,167895.728299,246017.621021,276777.043767,186698.449235,33808.234693,-64261.160534,-55236.145725,30953.006767,138156.980047,224833.419579,275122.075214,291992.832212,287160.209369,272930.330196,256347.960464,238338.261780,215196.292750,181819.878155,134600.553872,74458.839264,6705.692540,-61855.051350,-124485.902530,-176017.901032,-215857.189034,-245793.526843,-267908.323634,-285068.185150,-298748.179488,-308802.433197,-314861.614334,-315684.111860,-310986.527512,-301890.099715,-289274.793950,-273688.719775,-263176.468517,-265340.784011,-280308.829435,-303276.291788,-339596.593565,-402949.467253,-497566.572842,-633047.326301,-790715.316970,-951820.890505,-1105666.300600,-1214553.396443,-1302896.180651,0.000000,0.000000,0.000000,0.000000
0.000000,0.000000,0.000000,0.000000,-1190328.534125,-1106370.814624,-1031708.705148,-975900.041992,-929689.259175,-875320.194307,-799465.844752,-695410.912585,-563506.687711,-412498.954145,-258637.186679,-121038.463817,-7191.807902,73922.733908,124105.834603,153252.128066,167306.991200,174455.767743,178395.541559,182263.216627,187237.514303,192116.509999,196635.107463,199250.657830,198640.831678,193674.271959,183036.478604,165747.011805,141122.513241,108797.610376,68510.111512,21465.680759,-30257.456999,-84845.413061,-139791.441045,-192521.634338,-239445.064620,-275129.100272,-290649.233950,-272652.909014,-207039.826064,-92753.437589,40134.507353,134205.382553,151646.696784,129500.490624,150583.752796,226013.266489,255678.957049,157072.537187,-17144.196295,-145218.844118,-167397.705267,-106703.036207,-13000.704250,76197.324289,142311.598735,181043.517137,195462.998702,190713.215382,171710.425931,140366.244463,97372.602431,44239.439741,-16721.522019,-80092.321767,-139577.797209,-190783.596130,-231020.752969,-260301.168574,-280970.683156,-296141.822943,-308428.301228,-320703.378441,-334859.578531,-350676.745632,-368191.954997,-385999.994246,-402211.289142,-416121.805402,-429114.580468,-441221.127051,-455808.204443,-479749.535461,-511299.912590,-548388.059714,-597723.205770,-662494.764267,-740379.287652,-833556.980891,-929260.272278,-1008482.805591,-1073769.734604,-1107178.673465,-1123627.411104,0.000000,0.000000,0.000000,0.000000
0.000000,0.000000,0.000000,-1127036.915523,-1023993.641684,-920827.726585,-837187.908123,-792729.339928,-777372.804992,-780567.033263,-782701.322695,-762084.046755,-704625.882963,-607364.617207,-477872.662504,-330020.558956,-177338.532653,-44097.877591,56759.010080,129301.984758,177473.421590,208093.537854,227462.094227,240069.308577,248244.982564,253644.437874,256848.880334,257089.849085,254545.187276,249355.910981,240391.259949,226146.955218,205885.792750,178061.288622,142023.586710,98725.445521,49490.227106,-3661.657054,-58458.199078,-111794.782947,-158603.310496,-193003.719383,-206144.437149,-186221.498584,-123757.847343,-22385.514951,88205.576226,156989.353056,154065.749492,118947.085223,133077.784188,207197.239627,237358.784473,132686.780286,-58346.988036,-210518.702693,-258652.385101,-223164.197985,-151757.029302,-78079.305198,-18823.767289,19284.660716,35606.393548,31773.992801,10972.927502,-22999.125624,-66708.740908,-115491.936809,-164124.044569,-207448.843255,-241582.104479,-265374.074368,-278892.431027,-283730.032424,-283732.525287,-282980.030629,-284592.132800,-291247.755220,-304909.606894,-325449.159696,-351558.556202,-382122.777589,-415977.682794,-450513.963658,-485825.297872,-522794.936838,-561341.536922,-604306.835524,-648299.914193,-687747.800469,-728649.481670,-775081.750410,-820068.216647,-860413.011777,-894088.135222,-913515.201931,-921351.709444,-930319.116887,-928557.188765,-925145.185392,0.000000,0.000000,0.000000
0.000000,0.000000,0.000000,-972787.646501,-854178.709501,-719475.452200,-608223.601327,-543491.749638,-524874.825585,-548667.492795,-598768.643099,-651321.255084,-677009.776240,-666301.025688,-611160.979127,-506517.258838,-370222.838087,-224630.653257,-92363.219435,15518.692720,99119.534363,159182.737308,200852.037216,228848.504137,246967.906213,258486.031102,264784.268013,267057.709078,267150.352421,265879.537591,262663.855458,256185.487156,244675.837140,226275.671693,199987.462083,165799.302728,124674.555268,77791.020146,27592.782760,-21969.744905,-66027.452583,-97786.674618,-108435.947122,-88759.256573,-33473.722890,50706.712126,135144.366595,176132.581730,152387.665326,105810.252035,115024.825309,188968.452014,221425.541749,113855.258364,-90065.648885,-261194.475006,-329220.539742,-314138.751389,-263555.124742,-209071.614318,-164715.448045,-136270.118590,-125351.018116,-130194.508084,-148152.417557,-174952.902477,-205377.687925,-234707.140871,-258308.884105,-272692.920995,-276690.512909,-271341.194228,-258427.844615,-241055.894597,-223390.402012,-209964.652241,-204207.310015,-207352.698956,-220350.226199,-242795.229349,-272997.387230,-309078.697507,-350376.719363,-394404.864001,-438865.037291,-485128.419413,-532901.652807,-579370.808080,-622082.209654,-652888.663414,-675915.889081,-698522.212389,-714344.403372,-722285.327524,-728811.099178,-734198.497383,-740228.344732,-760103.580055,-785827.413812,-822769.851216,0.000000,0.000000,0.000000
0.000000,0.000000,0.000000,-828919.859808,-700727.996916,-543128.289090,-408555.218148,-318004.452752,-278752.611595,-292038.392025,-346772.397070,-428455.009671,-513072.069015,-572431.457413,-594555.317012,-573228.998343,-500893.098496,-390015.444507,-265891.575482,-146362.483002,-41611.590075,42661.368980,106625.779175,152554.370471,184447.924420,206127.747933,219760.591993,228407.558911,234832.452564,240946.615344,246911.895379,251278.205888,252018.688181,246764.291134,234251.818765,213589.074742,185020.420979,149314.927054,108689.418243,67162.102309,29695.925002,2367.776293,-6755.481456,9807.858670,54059.157242,117170.589035,173394.213493,187207.296094,144957.831127,89242.994230,95372.653536,170926.499827,207638.413485,100412.345552,-112658.638636,-298976.640808,-382436.805731,-382458.162189,-347493.978210,-308415.056263,-277405.721086,-257873.361981,-250687.713826,-253760.992054,-263055.915550,-274827.603549,-284345.317758,-287504.096114,-281814.777528,-266027.884068,-241535.498402,-211299.676890,-178436.211462,-147022.384723,-120969.504076,-103494.131209,-96520.356374,-100188.228973,-113864.523589,-136696.199849,-167650.959356,-204212.697759,-244661.331136,-287408.891016,-330814.091429,-373559.475778,-417375.111240,-458769.252560,-494108.129042,-524245.747448,-544890.528231,-558555.084714,-570933.066535,-580216.754149,-591842.000550,-610899.673037,-631057.217510,-663242.096254,-704544.422758,-741926.603751,0.000000,0.000000,0.000000
0.000000,0.000000,0.000000,-731040.259671,-588520.558708,-411345.165820,-261575.480590,-149107.549744,-88550.125345,-78930.134782,-115651.626540,-191885.616863,-289464.586084,-383347.816815,-464437.076696,-518313.626030,-521820.707099,-477977.812983,-399426.063653,-300492.755282,-199223.096568,-107405.540216,-30300.926062,29935.147494,74840.335475,107843.409971,131311.332332,148629.791574,163467.173342,178723.046987,194983.837895,210812.606100,224649.942008,233883.464514,236671.155719,231612.833561,218194.669871,197308.533874,170309.389190,140500.469589,112607.155169,91473.429409,83766.029240,95263.972675,126134.019446,166997.229001,196432.617358,187081.865849,130979.762305,69362.582746,73858.231899,152419.905708,195992.916282,92868.264048,-125680.601670,-324828.863682,-421425.556238,-432692.639743,-408334.483172,-379051.037173,-355647.443481,-339987.585766,-331019.736641,-326104.853911,-321089.027088,-311962.530149,-295895.566347,-271218.580548,-237763.533861,-197056.526553,-152617.841770,-108974.809127,-69288.959839,-36567.588164,-13913.003342,-2245.105582,-873.815792,-9297.900514,-26837.513828,-51940.309695,-83288.360327,-119399.072348,-158334.846095,-198403.045860,-240398.364465,-281466.868689,-320697.645016,-362833.500147,-402591.656409,-440293.905209,-477232.337636,-504283.906303,-531089.342068,-558731.989637,-584449.317735,-612746.354032,-637145.455719,-662303.250223,-690797.468068,-719893.496686,0.000000,0.000000,0.000000
0.000000,0.000000,-784505.265785,-666235.809716,-498122.507796,-312015.229448,-148237.607703,-23776.643617,48334.640995,75051.798951,59948.880307,6772.400246,-75209.307575,-173457.454691,-277926.239434,-373361.854163,-440827.357682,-466549.666225,-448190.266311,-396843.097963,-325633.433964,-247676.616153,-173841.471451,-110092.786414,-58082.241024,-16900.072080,15154.962945,40897.762397,64287.099505,88395.005725,113782.773228,139636.679012,164655.901008,186787.862024,203704.168159,213556.101930,215689.469062,209893.452055,197937.498021,182028.276080,165170.626727,151714.385470,146507.897080,153443.803406,171574.413637,192931.485027,200936.740309,174751.641324,110212.171602,46272.596437,50454.448866,132251.057508,185680.439173,91795.741372,-128132.358794,-338464.304477,-447795.104771,-468452.392487,-450889.738698,-426076.168674,-403767.763377,-385261.578509,-367812.958877,-347866.680811,-322587.915774,-289332.042582,-247522.244215,-198868.239130,-146063.313832,-92988.723379,-43959.474285,-2531.779963,29186.647347,50149.811483,60017.391983,59409.921281,49897.246944,33110.055371,9385.312433,-20396.363641,-54702.442986,-92746.481775,-133445.724940,-175472.460673,-219549.671118,-265666.563825,-311262.305062,-358504.255801,-409181.631616,-455190.262674,-501658.635115,-544179.231760,-577353.711955,-613926.852140,-647351.420426,-675766.651780,-701389.671873,-716256.384779,-726426.188772,-739261.756745,-765723.880835,0.000000,0.000000
0.000000,0.000000,-720181.455627,-601682.787812,-418398.906872,-225343.463469,-55905.150473,68389.171665,141794.725237,177044.860522,181504.544414,157536.309545,97953.446532,15828.016086,-82049.964467,-193450.576131,-296525.654937,-371197.544825,-410136.027615,-414246.667314,-387729.535639,-341730.927123,-288240.124471,-234654.282281,-185594.812810,-143266.418971,-107609.137258,-76492.342675,-46980.780936,-16734.418489,14884.888428,47693.829163,80753.361119,112137.543364,139527.855334,160957.676335,175770.758147,183427.347321,185005.643550,181960.196555,176577.537134,171750.241814,170473.308024,175256.054175,184683.093695,192499.685303,186406.701833,150915.978857,83790.314149,20280.171604,24468.285856,109840.002516,175749.526030,96604.816522,-119786.356025,-339880.573649,-462343.061865,-491705.435459,-477675.432921,-452511.744030,-425686.273200,-397098.209320,-364166.094552,-324218.256162,-275866.472288,-219775.626513,-158682.589357,-97244.640216,-40210.017848,8348.782511,45434.164462,70096.363323,82579.854610,84077.501422,76670.741698,61861.841461,40898.882801,15388.415088,-14376.813917,-48596.168292,-86117.885910,-126260.626519,-169169.402058,-213843.702139,-259316.046118,-307597.710056,-357789.200375,-404143.963110,-450334.516881,-490625.689150,-523370.887710,-555271.422501,-581478.972483,-608764.678088,-643481.578194,-682236.594365,-725105.387799,-758302.261740,-773672.255236,-780286.225811,-785052.860810,0.000000,0.000000
0.000000,0.000000,-660773.869593,-533763.298574,-349582.310766,-156341.618481,12713.515157,133332.144777,206136.253498,248082.842754,263614.606145,257630.494593,229883.563054,171996.114972,85499.894985,-19947.495251,-131583.655643,-233112.803129,-312460.924444,-361308.057352,-378918.893627,-372723.525786,-349794.658811,-317336.624586,-281922.202860,-246963.382649,-214348.491248,-183567.817140,-152794.454233,-120616.135364,-86534.409376,-50792.440156,-13976.457490,22110.646127,55159.486332,83537.265570,106507.122462,123790.536795,135705.048916,143175.752643,147827.047840,151216.252388,155312.273327,160791.276125,166348.462173,167625.905323,155165.230661,117485.701714,52914.581136,-7762.282149,-3596.608799,84750.420872,165221.805729,106611.924643,-100743.822593,-329214.089904,-465537.284601,-503285.278149,-490269.082337,-460168.149208,-423355.607583,-379520.290217,-326726.713456,-265086.049432,-196473.731480,-125165.224457,-57348.907949,781.440418,44776.259006,73322.312874,86641.679142,86167.853349,75416.265162,57396.732891,34433.611357,8396.391634,-20062.117898,-50271.519389,-82297.235442,-116314.088028,-152089.895348,-189116.071221,-226905.000858,-265628.714701,-303109.523119,-338671.412779,-371629.499971,-400759.944642,-418825.731428,-427696.676692,-435333.108050,-439311.896979,-446321.964182,-461364.636446,-498414.444038,-563443.555092,-650250.751467,-737115.602421,-795207.820587,-821661.136198,-833838.460973,0.000000,0.000000
0.000000,0.000000,-610471.625192,-484529.224466,-299429.613098,-105776.862844,62576.659228,181982.203677,256401.099755,297848.300935,319024.963518,327389.257139,315265.213164,276264.745800,208987.945176,118644.344705,14707.362985,-91856.147936,-187835.491639,-263360.242660,-315552.500244,-344541.310706,-353337.798533,-347620.079075,-332397.822612,-311745.835259,-288749.840585,-264003.093114,-237297.001908,-207970.401666,-175572.303425,-140868.644104,-104627.596519,-68506.102410,-34229.797677,-3108.706105,24010.062049,46661.535403,65189.123141,80337.792617,92753.660343,103147.079970,112251.460391,119966.540536,125413.056031,125320.200353,112460.800302,77836.709343,19592.586008,-36335.488047,-32967.846489,56336.868574,152574.246462,120599.104004,-71316.563164,-305774.208070,-457250.503303,-504004.952781,-490011.845161,-451717.705569,-400811.462347,-338740.859291,-265827.049135,-185354.366712,-104327.855963,-30352.607657,28927.477333,68014.608599,85989.083348,85309.361435,70323.607847,45633.259437,15540.392758,-16239.013555,-47450.460878,-77306.226534,-105853.126993,-133337.526695,-160156.022802,-186080.606884,-211600.038896,-236401.372076,-258625.008143,-278404.439184,-294348.850249,-302482.480739,-302421.190729,-293828.218268,-274332.917704,-248741.587887,-228839.163634,-214623.824010,-204741.780341,-212336.902275,-256011.067016,-345153.139512,-480300.848095,-636867.090526,-769049.919131,-850260.255571,-888601.986136,0.000000,0.000000
0.000000,0.000000,-576078.613606,-451818.214256,-266044.262860,-67702.876235,100784.583859,218702.544070,292824.783512,333513.951548,360513.771889,373603.963983,360966.293731,330727.333135,278368.794642,206546.438562,121701.408827,26422.455302,-68080.505992,-153521.890655,-223916.169892,-275790.758501,-310263.826368,-329337.324241,-335541.005715,-332568.849398,-323202.150004,-309112.568785,-290643.918820,-267747.450244,-240764.162550,-210510.654916,-177995.101957,-144695.299008,-112064.736903,-81199.906100,-52531.332371,-27127.392921,-4984.764225,14774.174671,32235.082153,47439.672723,60058.668292,69865.139953,76250.887277,76906.233661,66539.851682,37351.408481,-13053.132060,-63862.543615,-62969.657652,24393.129702,135778.160057,135383.774556,-32735.977200,-268753.498448,-436545.864947,-494514.713111,-479333.727103,-430763.739152,-364171.563000,-283322.682881,-193114.261373,-101388.254911,-18714.945802,44586.397515,81767.344354,91351.649619,77623.652725,47483.763389,8312.985473,-33132.879030,-72722.196784,-108060.964398,-137544.132820,-161597.215956,-181387.930530,-197594.861005,-211028.383646,-221625.619705,-229128.478445,-233718.168403,-234089.880153,-228714.354449,-216316.420055,-195023.731341,-163088.472559,-119700.028742,-70778.717944,-21851.024375,15855.469792,35610.600861,47954.928849,42389.727183,-6415.181167,-108047.999262,-270610.026666,-482824.917797,-695295.455212,-850847.691358,-935970.998547,0.000000,0.000000
0.000000,0.000000,-555792.647087,-431100.566797,-242000.464242,-40002.031041,129382.485119,245310.747548,315625.583688,360300.109784,388251.459238,394718.917737,386010.259779,354153.132015,305391.921531,253796.089031,188620.336075,109974.363042,26099.665387,-55574.091269,-128896.526960,-191164.029817,-241181.270011,-277658.778376,-301523.359530,-314826.346093,-319531.588146,-317557.117878,-308945.524269,-294239.254352,-274258.596312,-250147.092951,-222764.986631,-193229.527152,-163226.915537,-133500.258320,-104933.502449,-78651.511310,-54583.550919,-32768.779239,-13252.412647,3743.920752,17631.395851,28109.833437,34451.425270,35246.815635,26514.321776,1744.438014,-41616.175158,-88293.526862,-92139.951494,-10714.346325,112815.460221,147356.422716,12313.589525,-218442.079719,-402611.267864,-474788.697625,-460475.708069,-401367.709203,-318723.782875,-221677.556797,-119467.559684,-25049.228094,47987.370494,89483.569559,96258.453949,73218.400897,30026.016109,-22559.496385,-75465.251298,-122381.002233,-159944.656351,-187517.415141,-205559.821079,-215288.277212,-218902.363390,-217659.801344,-212352.227800,-203838.057629,-191510.565267,-174925.916840,-153969.993274,-126951.809399,-92703.558369,-50542.196155,643.275472,59350.962411,121850.213906,180111.959334,220963.320822,242670.720006,249429.258474,235485.773825,187611.064776,86797.577386,-82579.409658,-322767.800850,-595140.469279,-823955.795063,-964238.740095,0.000000,0.000000
0.000000,0.000000,-542761.760827,-417547.410836,-225252.232202,-19791.865923,151351.295546,266107.428622,333101.563771,373587.642581,399798.463159,407884.916464,392726.105381,359323.554447,318719.395208,275743.519625,224613.732344,161341.819210,90892.498559,20385.151093,-47411.524341,-109996.221796,-164609.242985,-209141.984642,-243416.490505,-268079.279905,-283704.274857,-291162.569947,-290921.514455,-283726.689063,-270383.573168,-252083.000470,-229348.970047,-203570.345240,-176463.953315,-148776.436854,-121446.517816,-95569.080725,-71687.894546,-50207.522932,-31199.668123,-14970.414076,-1978.963984,7368.732004,12247.518336,11061.939288,623.295898,-23134.462687,-62691.031943,-107664.877507,-118387.891662,-47679.186078,82740.592927,153204.001863,59843.810287,-156213.854798,-354461.547004,-444660.757010,-434768.635232,-367257.523927,-270553.609851,-160855.106248,-52943.605435,35908.836423,90474.930347,103491.992330,78078.783443,25923.942759,-38519.959539,-102394.259809,-156840.307124,-196998.848714,-222135.435913,-233735.396413,-233860.418655,-224587.949476,-208773.593555,-188995.449486,-165797.865035,-140026.720751,-111903.020517,-80553.861389,-45491.200792,-6008.789740,38436.635083,88307.290103,143317.199557,201407.113045,260853.964884,315974.159061,353829.726479,372616.372767,374563.645356,353348.373314,306310.236008,217809.481103,59245.320868,-187690.680226,-495261.409675,-780333.898479,-970028.707968,0.000000,0.000000
0.000000,0.000000,-535063.357319,-409104.930640,-214265.239520,-5876.178659,167486.047047,282456.015269,348273.908657,384597.920963,407920.584215,413574.024646,395781.210645,364781.549204,326749.638297,288425.440840,245629.335141,192971.139577,135333.454242,76632.760898,18371.046828,-37362.410971,-88086.333896,-132402.476942,-169107.370904,-197888.773187,-218376.389291,-230896.622283,-235605.131163,-233142.318909,-225004.057754,-211656.985501,-193479.287829,-172037.881524,-148870.978035,-125250.280109,-101427.910841,-78488.550758,-57511.445744,-38677.204291,-22511.483302,-8621.774846,3006.813614,10669.242408,13078.079597,8528.787450,-5621.008323,-31924.235195,-72346.775094,-118982.180261,-139045.297976,-83850.029475,46348.526792,149657.488632,104953.476100,-84891.161635,-292240.661913,-403645.786024,-403228.683226,-331343.032613,-224336.514253,-105935.453674,1913.224894,78712.178631,110223.692951,93615.531002,39388.612726,-34163.797780,-109127.616764,-172378.441770,-217316.448066,-241911.874344,-248191.925382,-240062.424011,-220896.812652,-193955.054540,-162300.985617,-128548.061052,-93545.445761,-57760.420714,-21459.880462,16205.527174,55640.154482,97452.687891,141946.637178,188743.917499,237903.346733,287337.890301,336284.236944,382995.059534,417204.742884,429911.932309,428994.932878,411257.824772,366999.162649,292056.774383,153511.208933,-86587.683823,-410156.162595,-732549.408231,-957573.836462,0.000000,0.000000
0.000000,0.000000,-532713.322274,-405603.256418,-208938.598094,2718.201699,178290.854923,295221.719945,361182.878754,398808.665113,419711.422551,423303.364103,410126.897248,378170.651398,340785.213009,305035.769613,264812.268431,220251.011695,173234.806755,125893.647780,78731.772855,33280.554776,-9179.070044,-47139.784402,-79712.764704,-106393.563832,-126507.804885,-139986.392380,-146583.444416,-147443.653280,-143763.968511,-135561.165928,-123577.524072,-108955.221542,-92605.073328,-75748.987996,-58949.508671,-42560.466429,-27129.898689,-13181.774797,-805.575512,10665.017791,21144.606768,28690.341851,30698.251795,24744.263110,8097.993261,-22084.096396,-66255.673037,-118111.464582,-150893.365838,-115804.489098,5196.910732,134317.467231,142017.880442,-9834.655431,-217753.489672,-351128.554296,-366530.615436,-295918.715393,-182497.859116,-59697.818869,44251.259992,106143.529840,113363.227731,69849.859553,-6667.396581,-92647.493683,-168077.320545,-221683.752484,-249737.526158,-254402.544233,-240830.609481,-214412.417034,-179883.082682,-140843.064856,-99979.198644,-59198.025774,-19593.370939,18602.751129,55844.098575,92745.342208,129481.041771,166672.557618,204732.281701,244013.417412,284368.053874,324372.755074,364833.773948,402833.792007,434373.681603,451138.863119,448218.803121,430287.410833,396228.683242,333709.358308,210372.334448,-17357.094257,-345586.869882,-688792.684399,-934573.525079,0.000000,0.000000
0.000000,0.000000,-533501.732218,-405935.237025,-206467.792554,8008.370356,185621.792507,304147.526135,369363.616151,405533.537807,426339.080333,431417.450916,419388.675941,389026.716362,355028.212901,320765.646904,283552.466752,246692.585092,209653.947109,173184.400447,137326.330352,102746.663305,70342.607213,41151.667284,15295.565897,-6770.316195,-24407.809554,-37327.663541,-45644.142327,-50316.054792,-51935.145146,-50740.131848,-46890.641689,-41448.898097,-35035.713900,-27761.221608,-20375.992297,-12743.459402,-4795.229858,3261.531689,12259.436400,22458.412377,33510.630097,44140.605669,50891.423617,49638.189300,35807.333752,5049.328599,-43017.614490,-102450.387507,-150549.777614,-140184.706929,-37989.211128,106186.116052,165351.362325,62744.324030,-133411.498097,-286568.526454,-323946.116815,-261032.284499,-145871.620890,-21831.855063,76106.376715,122247.438341,107042.101608,40945.269270,-50800.110311,-140849.494649,-209407.899744,-247813.922922,-256607.088609,-241721.456360,-210995.719298,-170767.880692,-125502.247259,-78099.824334,-31136.355633,13247.746222,54198.701827,91676.705490,126124.317784,158544.056544,189212.780796,218452.080398,248240.840325,278440.242151,308599.823345,339775.490026,373005.496485,405910.123442,432727.914042,450552.877155,453022.987480,435062.563868,407002.743634,356695.947185,245054.478097,27755.275665,-298892.690433,-651341.084580,-907110.467395,0.000000,0.000000
0.000000,0.000000,-537978.432578,-409512.044469,-208604.330991,8672.382421,189255.522536,309205.260134,372881.483537,403464.662772,418605.835711,421011.045341,411667.543255,386923.808494,354663.233095,324029.702043,293176.319137,263208.637618,235010.349252,207454.219374,180657.463216,155070.582979,130884.624714,108386.241730,87978.889142,69744.598520,53604.981438,39925.610938,28332.372222,18776.190530,10965.770620,4446.945014,-645.618790,-4717.009052,-8019.897900,-10612.076265,-12643.232345,-13561.688047,-12669.412698,-9498.377197,-3218.663491,6947.106757,21247.496000,38593.431696,55792.043593,67252.223737,65275.515561,42078.494716,-5200.010725,-71061.399235,-135186.594643,-152817.138525,-78241.408171,67437.325751,171294.243805,126759.884949,-43193.459415,-210003.001825,-273227.098789,-225447.060332,-113583.148655,9349.287890,100321.292372,131269.601954,96257.292862,12514.862095,-88325.317277,-176220.390155,-233349.872886,-254477.116737,-245045.439465,-214098.685582,-169090.810686,-115748.399186,-57926.234024,293.698718,54598.405039,102224.273044,142519.849665,176366.411655,205433.986269,231596.715072,255341.373592,277312.238216,299257.227589,321184.407758,342931.237004,367228.824386,391448.707468,415489.530908,435610.250421,445177.128012,448216.089323,435269.901801,410825.740490,369153.288315,265878.041836,55388.076238,-267551.728947,-621294.201907,-878305.225236,0.000000,0.000000
0.000000,0.000000,-547385.838004,-418496.594125,-217087.927079,3009.817864,188705.729811,310707.356237,376163.946183,401674.831571,405632.081751,403625.034150,390404.129255,366489.128734,341032.062085,313955.473750,287002.422794,261844.472081,238177.872353,215366.874130,193224.166457,171801.233825,150987.650521,131183.098838,112238.039415,94053.683192,76763.423733,60240.195439,44634.739574,30211.813037,16610.686086,3863.329984,-8153.731769,-19450.144835,-29727.262072,-39228.894040,-47774.802609,-54610.229970,-58703.968995,-58926.569660,-54330.440871,-43704.220774,-25855.354870,-313.006061,30692.822672,60836.289669,79849.564287,75361.871512,39192.437089,-26504.929259,-103640.836795,-149796.893932,-110133.634868,22658.246800,159045.554887,175447.542332,46635.066599,-122860.493481,-212644.506487,-186835.405777,-83766.210827,35698.985360,119683.622947,137066.569443,85200.725459,-11723.376143,-117017.193454,-199076.956773,-242617.742287,-247465.240071,-222024.946678,-175493.985962,-113074.562034,-40484.324749,33604.724624,99878.687917,151400.825807,187882.016039,212958.546478,231409.622541,249011.646317,268007.403329,288787.887659,311721.029226,335460.777194,359003.791414,382945.459263,406044.966972,426413.293329,439961.207016,449816.417132,455512.836445,450606.200176,437803.465493,419078.593276,379841.361026,279578.531465,71029.992430,-248438.582134,-598682.339192,-852377.060319,0.000000,0.000000
0.000000,0.000000,-561820.719671,-433235.716667,-230664.716263,-8808.758571,180634.746178,307353.960522,377101.116455,402843.947964,395704.697972,383586.061638,367068.309634,342601.669542,321875.211867,298546.163153,272657.032595,249212.644676,226436.348188,203231.991300,180247.719387,157122.287753,133852.581709,111058.761297,88345.020749,66142.857478,44400.116648,23468.746363,3775.962447,-14688.982766,-32178.634382,-48632.295084,-64388.779665,-79350.877118,-93034.415222,-105583.576259,-116811.696889,-126198.543406,-133100.599027,-135836.433747,-132758.182436,-122669.683319,-103284.471876,-72178.676987,-29458.543506,19823.598016,64890.366587,89545.163728,77780.924624,24158.396845,-58039.488876,-129111.858505,-128156.782554,-22504.967642,130054.822737,203427.921252,128256.124192,-28814.345956,-141180.693905,-142116.984950,-53875.436775,59150.776701,136291.715407,142337.613937,76862.929328,-30197.151377,-136922.399241,-211574.721868,-241844.993780,-231664.536373,-189432.691377,-121190.532946,-33999.897940,57111.662761,130712.862170,172732.322238,182824.482733,172297.695622,156055.764669,145689.693326,148349.300504,165530.071067,195595.528944,235344.442964,280578.539244,327431.216684,373010.005163,413065.249549,446467.749920,464056.722743,469682.133092,474002.188103,467634.177549,452495.338952,431806.016467,389881.138885,287047.476185,77619.847051,-238768.374603,-582915.293529,-831161.948248,0.000000,0.000000
0.000000,0.000000,-581673.176995,-451973.262335,-249039.102257,-26260.351335,164963.873623,298310.338454,370442.219450,396548.150731,391274.284364,370402.260069,351824.565492,330327.019982,310241.722808,291230.249651,266096.496672,241467.047342,216827.935604,189158.624292,159681.078895,129000.670977,97860.400177,66723.927682,35958.042106,6707.130301,-20974.929691,-46416.231371,-69631.400675,-90690.870958,-109488.108650,-126802.753779,-143317.404316,-158512.610182,-172306.698270,-185122.151986,-196735.721423,-206768.356182,-214741.642634,-219583.471681,-219303.615584,-211887.565665,-194501.026415,-163411.255497,-116144.375731,-53910.482917,15143.987799,73344.553832,97315.550622,70286.860126,-4195.260478,-91528.091596,-128474.123106,-61121.104850,88730.275786,208255.388575,194310.874687,66336.907243,-58932.588363,-88760.528744,-21421.622972,81696.045285,151948.860415,148499.678717,71964.464993,-42580.343447,-149504.697941,-217026.768357,-235254.885916,-208548.097357,-142934.725148,-46013.288905,60237.792491,138762.517527,159219.394594,119650.844026,44347.416273,-35402.012577,-96083.000962,-126134.609530,-124459.527165,-94928.402845,-42416.414311,26135.035329,105341.363639,190643.091162,274824.660806,353214.385939,418496.514574,460881.586559,483830.580795,493399.428873,490092.199361,472408.379344,444881.647877,397209.257005,287473.010049,74951.192613,-238217.338972,-575141.803607,-814937.278554,0.000000,0.000000
0.000000,0.000000,-605093.604919,-475468.895605,-274923.900088,-51371.750383,142714.351620,279902.770341,357877.759891,387564.505273,385659.926749,369117.073687,351118.471537,331839.194278,315935.410075,299413.658303,274837.137032,246755.966957,215547.366088,178477.764399,137221.802216,93909.156416,50349.134213,7937.762269,-32139.365816,-68337.579773,-100223.668537,-127611.572183,-151250.542872,-171460.913359,-188731.867569,-203837.106115,-217599.730356,-230442.208460,-242590.627358,-253970.064470,-264764.291873,-274797.240642,-283499.035481,-290369.171295,-293655.363120,-291108.033992,-279667.947456,-254775.327048,-211811.138441,-147089.951918,-63377.401038,23835.986386,87629.102656,99769.748015,48948.003674,-41299.345874,-109746.520748,-86501.451496,42228.988889,190899.909054,238782.730575,155639.452830,31401.113297,-25081.115936,16284.629981,105576.519468,168426.950962,156913.573526,71394.426383,-49492.272607,-156631.955831,-217783.082908,-223642.281434,-175845.757516,-80489.038791,38838.569668,129353.788714,135085.075767,43230.633866,-107511.093537,-260842.258806,-376097.572064,-438960.269577,-452909.209383,-427596.166854,-373143.050769,-297239.222166,-205620.585445,-101697.709252,10156.760633,125467.291177,239672.668548,341512.807079,417851.176376,465471.590976,491317.929147,497178.357526,481454.749085,452093.622240,397864.468219,279715.902257,62841.576241,-247944.302913,-575473.690949,-805823.632171,0.000000,0.000000
0.000000,0.000000,-631953.196968,-505413.834012,-308203.916225,-85820.947588,112831.769727,252736.840025,337461.485388,372036.030288,371225.307119,368550.811893,360984.251315,347793.702773,335601.473741,317889.239875,291467.934299,256285.383163,213097.055977,160944.764680,103453.591302,44311.703730,-13250.091703,-66225.354056,-112390.074014,-150749.377696,-181564.741736,-205363.481289,-223856.159167,-238370.622929,-250011.726414,-259677.263621,-268601.556169,-277507.480401,-286706.356975,-296217.066212,-305942.978534,-315951.782415,-325881.952847,-335085.093847,-342515.519290,-346434.005591,-343514.907692,-329220.355171,-297485.978454,-240982.123768,-156256.682376,-51796.397308,46957.659518,103608.255257,90698.257245,14432.816636,-73258.157055,-93942.411312,-1401.279468,156062.132104,258108.137046,231070.105817,124293.964546,48352.388754,61479.361267,132642.881057,186907.426143,168769.471868,75604.707288,-51270.532767,-159273.154571,-214938.065505,-206523.023207,-133062.878823,-10530.844338,104307.638531,126499.264835,10390.514895,-203805.393444,-426823.809035,-590891.937383,-676166.716815,-694913.291539,-667636.503064,-610139.475708,-533077.741685,-443226.369518,-343314.574231,-234679.230846,-120647.139797,-60.465774,124498.380605,243096.475156,340801.752401,408822.224765,453237.253227,475078.007295,473548.256343,448401.639477,388745.002544,263702.297560,40753.536035,-266497.793408,-583009.214466,-803568.937111,0.000000,0.000000
0.000000,0.000000,-663212.671665,-540659.135954,-349437.504067,-129013.203260,72556.966858,219103.614124,304405.018866,341464.306548,353231.009416,364691.050569,371420.315452,367830.868614,359998.895024,339848.003068,304873.115108,256820.710517,195601.562869,124759.427430,49243.583730,-25233.282256,-93011.895490,-150451.985035,-195615.060259,-228246.045405,-250067.126746,-263320.546539,-270962.159403,-275160.570461,-277734.860473,-280157.551709,-283409.264167,-287987.789896,-294083.413602,-301951.963654,-311518.164269,-322499.716176,-334583.394239,-347250.936176,-359957.485180,-370871.586457,-377433.445398,-375837.805992,-359210.184465,-318600.974228,-245428.858744,-139388.249505,-18528.124181,79352.083033,112809.199819,66889.363113,-23754.348691,-81374.245644,-34231.574686,110979.874713,252193.036057,285538.503628,212755.316134,129075.289142,115124.108723,164616.446448,208341.615145,184216.826937,84586.291245,-48063.874174,-158442.683603,-209560.028448,-185214.026764,-85957.148178,49611.826455,124765.070287,42079.975667,-196938.972862,-483609.609158,-703927.363867,-817275.030161,-843546.329062,-816814.028164,-759697.820903,-683472.369442,-594170.065881,-495928.497708,-391372.635874,-283652.269393,-175041.710823,-63686.613473,48659.999037,161802.827813,265926.205904,347483.113922,408207.646610,445911.586874,457924.608684,438314.995224,373438.416441,239051.463021,8956.880188,-296134.163350,-598120.228510,-807140.648737,0.000000,0.000000
0.000000,0.000000,-692032.057503,-577621.725077,-393402.758024,-178349.455183,24412.408295,178344.416027,267976.838809,312400.174954,336106.346745,358176.607029,379837.254793,386735.838943,377898.127442,351793.283971,304087.487642,237778.065558,156230.516234,65771.644689,-25562.096113,-109709.760746,-179673.269220,-232006.341733,-265880.867647,-283199.532838,-288151.504461,-285102.200699,-277713.937795,-269271.879303,-261968.652970,-256773.056827,-254678.530121,-255924.926874,-260133.342347,-267321.401689,-277803.466875,-291264.673404,-307103.503004,-324725.472365,-343653.569650,-362470.260008,-379028.052250,-390221.861490,-390210.404171,-369424.633615,-316248.099095,-223120.393349,-96880.850028,30900.318011,110809.510532,106998.396539,31140.200151,-50185.904247,-50170.787360,64638.661254,224809.774084,314560.745432,288937.441401,212851.419873,177339.374313,202740.754559,233492.027778,203842.402749,98913.497337,-39960.981490,-154422.585748,-202217.476002,-162568.725824,-43019.959221,87699.376246,100378.501183,-87708.482634,-408757.872184,-703191.570431,-873284.802223,-928981.924403,-920232.478659,-880775.833044,-821472.256240,-744798.467960,-652399.035304,-546685.628563,-432726.736397,-316420.907946,-202550.217428,-94613.247944,6634.442277,110049.835222,212797.943739,301990.006771,374371.690563,421199.072966,439004.338802,421092.904868,350078.674068,202448.831294,-34622.227351,-332574.515489,-619990.950326,-810833.841669,0.000000,0.000000
0.000000,0.000000,-715272.402618,-602259.279057,-433712.497596,-228495.161864,-26803.233374,132804.565529,233596.887917,287929.378883,320814.302585,350966.217057,374386.419893,383350.378410,376364.959293,343230.140316,280422.944272,194902.243750,93661.231948,-13351.273481,-114276.930385,-198637.158769,-259637.010277,-295472.939322,-307856.784491,-301937.296585,-284566.843915,-261991.791902,-238884.820952,-218436.080855,-202119.784608,-190625.858457,-184631.410055,-183504.004652,-186919.584477,-194646.062692,-206790.349336,-223365.616619,-243535.365707,-266984.883238,-293093.783456,-320887.640929,-348409.792214,-372542.487946,-388940.129540,-389049.029851,-360184.392516,-289541.628446,-173387.709605,-32390.953819,85389.717068,128688.964397,82851.593057,-5382.054557,-46351.023242,25878.139021,183008.011720,316778.144621,345738.646089,293737.350953,246392.403061,248208.841358,263670.219175,228238.908578,119120.390372,-26304.939041,-146714.531622,-193745.341727,-142672.479214,-10921.918373,104043.763059,54508.412123,-211129.393196,-565317.484201,-830644.329511,-950103.252220,-976794.267790,-967241.488246,-940544.097759,-897084.588141,-834927.848352,-752760.203840,-650168.854700,-530111.463490,-399191.692422,-266506.985579,-144531.996148,-36037.501614,63830.705881,165890.607618,265419.610307,339738.367959,389215.051808,410297.404735,388592.966506,310733.038039,153150.816140,-87288.653205,-370650.391183,-631878.415382,-815692.021090,0.000000,0.000000
0.000000,0.000000,0.000000,-611836.788171,-470399.152200,-275737.879292,-80299.795549,84240.360141,195576.011548,261149.490929,302689.852976,332776.152854,348109.118333,355591.207264,349630.279188,308161.860845,230731.749044,127098.069236,8299.360839,-108574.338302,-208616.513455,-281416.194710,-321013.266541,-328882.855826,-311764.931738,-278577.072459,-237733.206365,-196667.823007,-160402.811661,-130671.885416,-108186.158264,-92852.115289,-83944.318706,-80886.245043,-83325.058512,-90971.084356,-104175.191348,-122556.536845,-145826.701927,-174435.227738,-207832.110896,-244765.609134,-283668.965330,-321900.994936,-355012.991321,-375745.427188,-372251.612408,-329261.736968,-235209.740755,-97886.229661,43406.971575,130286.454698,124377.728791,46412.465849,-23464.758962,1470.154086,135459.518180,295139.626483,378282.221278,364449.930618,318594.493193,301215.336201,300031.007543,257899.637790,145628.462641,-6234.839313,-134708.231462,-184848.895324,-128393.601148,8360.518369,107775.664027,16662.254613,-288014.248786,-643483.115414,-876602.797913,-966636.833917,-987243.303245,-987697.641608,-977022.410953,-955963.713074,-922241.593246,-870191.699913,-793626.113775,-687723.551596,-554890.372412,-405058.689451,-255460.874978,-122110.185598,-5368.621973,106778.079382,210706.327807,290762.285224,343553.749287,364520.152956,339857.493083,254737.021574,90630.917892,-144068.086776,-411610.467354,-624769.544519,0.000000,0.000000,0.000000
0.000000,0.000000,0.000000,-627201.474502,-506928.384500,-329709.061688,-138080.245590,30020.597453,150523.077505,227061.254648,274336.367959,299252.099327,309835.151915,313589.433582,298635.411670,245923.640406,152936.176181,32696.583859,-96403.268311,-213197.661967,-299576.246610,-346693.272739,-353266.727059,-325560.475844,-275353.713314,-215049.318701,-154530.261600,-100462.141909,-55820.283384,-21331.789082,3858.515302,21407.510488,32404.865597,37749.742669,37913.738026,32309.514288,20673.955134,3359.291755,-20183.901639,-50857.042636,-89033.316619,-133563.094820,-182958.359552,-235252.471484,-285633.329554,-327292.932597,-349595.925671,-336656.321291,-272498.932141,-153179.751923,-5178.603346,114559.835434,151653.919036,98294.826649,14783.500917,-4302.893553,91604.849698,256024.980149,384491.118751,417845.277747,388646.998196,359894.167638,342761.472921,293568.924288,178946.124819,21460.361528,-116884.874978,-175510.796382,-121514.220692,15040.223007,108660.504014,6939.622203,-300517.072724,-642813.580077,-856879.104516,-935942.031366,-953742.417743,-955049.318306,-951850.004908,-949994.185690,-948055.985737,-938112.944009,-909331.747858,-849254.743597,-749948.445004,-610959.554351,-445023.245510,-278529.402486,-126570.159122,6809.859948,120681.262491,215194.190615,275324.434532,298201.811965,273512.653346,181217.571007,13376.459988,-216276.558833,-456606.195098,-629755.142344,0.000000,0.000000,0.000000
0.000000,0.000000,0.000000,-657192.884288,-553399.397028,-389218.773062,-202788.201077,-32242.809336,97102.120332,180039.203621,230872.872365,254587.905390,255268.234329,246871.578064,221911.827064,155174.315802,45156.435057,-87148.182254,-216041.095507,-317652.201330,-374901.323169,-382261.094452,-346572.264083,-280943.765603,-200772.004475,-119981.713320,-47795.057060,11926.918839,58611.207323,93173.366794,118402.880145,136177.153312,148170.411052,155694.190671,158494.990468,156219.037086,148761.389700,135854.636099,116383.860713,88743.901789,51934.547324,5694.843440,-49958.107188,-112864.762266,-178755.292474,-241146.105823,-289254.589955,-307583.802178,-277736.242159,-187487.606825,-49409.705921,88705.365339,164093.130834,144247.183842,63181.681669,9362.294362,59541.434753,207805.415390,365811.618710,448492.769685,449537.941346,420801.135198,391509.344477,335545.947156,219771.222024,57994.260186,-91756.991549,-164673.975580,-122355.603261,9584.880609,110218.904463,29607.016486,-248839.187964,-569917.164993,-778628.553397,-858117.380705,-869208.838107,-858207.358468,-846770.740973,-846887.035463,-860991.709865,-885696.390974,-912035.694933,-923029.440050,-898467.896553,-819576.880341,-682468.461062,-506209.001899,-321183.633089,-152445.195606,-11167.659200,101094.185573,177443.126777,209048.053842,184526.601853,89372.303561,-78589.879673,-298684.373636,-516260.319161,-663876.743503,0.000000,0.000000,0.000000
0.000000,0.000000,0.000000,-693767.997735,-592910.654447,-444674.046010,-270265.029516,-102659.164254,31725.123366,119077.789755,169126.437689,184865.210042,176258.612799,157644.121539,114651.446059,30903.059487,-90407.256499,-225361.204740,-339176.030252,-406599.249539,-417663.018576,-376121.598432,-296335.708088,-197131.422505,-96453.016790,-6497.402814,67387.856574,124594.906214,167122.910741,197566.667871,218971.664438,233256.907892,242549.946298,248072.046093,250140.791512,249454.190420,246101.055635,239992.165591,229603.990904,212266.675437,186202.111766,149176.451777,98567.014164,34662.728909,-39550.461820,-117674.734105,-189160.376637,-238457.056263,-245389.759244,-192029.869419,-78259.883264,61521.805589,164789.268539,180841.668259,115770.309848,40529.066732,44670.123483,160005.578071,327603.771802,453311.556871,494557.572059,479465.701824,444797.254086,383665.207150,268390.581458,104400.045926,-57288.053147,-150016.263611,-128578.047890,-7710.465237,107691.181608,74279.730766,-146296.132358,-434317.199605,-643346.221526,-731997.689207,-738698.884503,-709530.486889,-675450.965273,-655130.342586,-658845.203513,-692201.856977,-753193.675773,-829372.990706,-897163.085287,-924539.843942,-881791.040325,-757318.699168,-574978.489481,-377112.417509,-197702.255999,-52701.832580,46533.551660,90773.821994,71725.699700,-18840.176645,-176995.565303,-377295.707429,-568767.619594,-703432.570680,0.000000,0.000000,0.000000
0.000000,0.000000,0.000000,0.000000,-621535.081385,-499552.056092,-337263.626525,-178803.885513,-45765.562272,42526.791743,87911.336377,95582.271129,76630.148451,40461.025570,-20486.417800,-120829.929070,-248502.593692,-368090.115215,-445937.626802,-460431.113317,-412931.224097,-320424.382760,-204157.659553,-84415.222555,22863.907255,109911.655328,175940.169924,223211.393273,255370.388259,275409.413467,286148.376406,289955.686464,288974.370162,285217.394907,280603.638051,276917.029032,275272.337909,275777.205449,277094.697714,276801.553910,271348.386956,256651.616605,227410.642294,179519.513349,113081.756823,32195.170369,-54121.963830,-129635.739886,-172520.368774,-160241.911396,-81935.128957,42777.697484,159576.951818,207566.849714,167049.068363,85183.199409,49700.365453,121387.188452,278062.810901,433401.954289,518215.353619,529658.396371,499523.420121,437107.686450,324489.250627,160928.934961,-11374.355442,-127309.445987,-135680.057814,-35751.084862,92531.666265,119600.484849,-18819.777886,-252172.000543,-453259.441699,-556569.452369,-570326.529172,-531149.988833,-473781.992386,-422166.386849,-393659.960729,-402813.562706,-457479.010231,-558560.118915,-693055.897752,-830357.807675,-926793.737623,-929828.817221,-825959.600577,-648103.149423,-440894.129816,-253261.404086,-121855.655367,-58791.884168,-63491.904101,-139692.882709,-278390.818152,-454956.710913,-603411.794979,0.000000,0.000000,0.000000,0.000000
0.000000,0.000000,0.000000,0.000000,-660506.136199,-556609.140693,-411990.144754,-262647.958926,-135897.252807,-50285.182203,-10168.969330,-8812.254986,-41515.717621,-98613.186696,-179839.581981,-292356.187595,-411651.601833,-493946.260131,-510513.302602,-457738.126706,-352317.338897,-218179.577174,-80733.140385,42216.580243,141362.200293,214219.448701,264165.298245,294939.288787,309653.822530,311308.388839,303256.261394,288343.130644,269851.916609,251344.486921,235232.066491,224227.555225,220594.066812,224713.831386,236151.811375,253172.758854,272258.481845,288499.684229,293993.089585,280863.521201,243909.836990,181560.053033,99026.304259,10709.637301,-60849.534643,-88873.148156,-52924.922677,42559.527735,156437.936984,226748.414242,213956.997034,138189.126950,74266.303704,99031.453193,226632.174725,393393.623058,517332.342074,564509.882105,550889.162825,493881.826688,386900.381850,227409.623505,48100.282795,-91342.442811,-136133.125579,-69363.670149,58639.527306,141286.574015,97145.908740,-55429.234858,-225175.823425,-335937.425965,-366542.204547,-334655.202190,-268659.172071,-194574.919252,-133058.330401,-102982.573675,-120162.810843,-195860.702531,-335785.904680,-529474.392291,-742712.702446,-908976.864250,-962760.186384,-887181.484842,-711779.341967,-497925.761844,-324144.462342,-231413.194186,-214639.611786,-269617.244260,-388064.223519,-533719.586987,-649925.785733,0.000000,0.000000,0.000000,0.000000
0.000000,0.000000,0.000000,0.000000,-712331.822065,-623600.647818,-494380.287467,-357735.808523,-241804.040792,-161624.232600,-127667.025887,-138977.760029,-187263.824402,-261921.167450,-364390.902438,-472566.174608,-548191.312714,-565971.757131,-506915.468726,-386606.462488,-237203.345320,-82422.861883,55682.339816,165380.437268,243992.592814,294270.067024,321471.468482,329156.385415,320035.893218,297526.350282,265777.885982,229360.947641,192615.899457,159199.429650,131805.783877,112818.403763,104346.528411,107681.503588,123231.759260,150574.449163,187899.849838,231346.276715,273497.016303,304316.500164,313676.057083,293131.070252,239846.587164,161788.890323,78781.838193,19820.890311,13120.756537,69353.641305,164430.282652,243396.106365,255455.522714,194777.229335,115357.029796,97286.092871,183173.322402,340987.261289,492385.699541,578608.952119,592616.515878,549694.962665,452949.787120,302215.574024,121397.673596,-38074.707411,-121129.700402,-98482.999094,8476.236034,124039.099789,165258.179928,109046.979114,1432.681141,-92688.235670,-134664.560709,-121025.657082,-66013.101218,9077.252019,84906.790658,143583.084678,168127.441969,143081.682003,48992.593115,-126926.791095,-375808.114034,-655274.044214,-885777.754364,-992862.786218,-940512.042233,-757360.768996,-553075.633236,-418824.764405,-372764.766196,-406929.280303,-500236.580036,-618523.495852,-719233.886009,0.000000,0.000000,0.000000,0.000000
0.000000,0.000000,0.000000,0.000000,-766907.569333,-685476.724081,-577194.682533,-459200.277223,-358806.318374,-290560.761120,-268542.200500,-296404.815665,-365251.014710,-460004.923040,-557991.858405,-623361.320878,-624669.562584,-553747.566348,-422889.853294,-256317.781706,-85518.334823,65829.496949,185389.262003,268778.705031,318932.069816,341200.693428,341293.807503,322261.517049,287332.641755,241080.183680,188581.099452,135632.794621,86763.488080,44487.606752,10702.290716,-13191.281495,-26017.984368,-26647.242099,-14045.038034,13276.642255,55284.009737,110856.422889,176423.259589,243509.035994,300429.021554,333871.542262,331705.941239,290994.042092,223095.932003,153151.667441,113511.235065,127995.763205,191699.645778,264431.837956,293048.568350,251400.798378,168876.436979,116846.918304,156028.086635,286695.141326,447942.433603,568981.284989,618049.002213,598657.252249,519137.562772,382689.199061,207002.651256,34466.439402,-83516.193004,-109747.422162,-43671.858555,71183.470777,167080.065107,198691.281386,171700.398756,123738.873718,92149.612585,94927.673509,131701.393138,191633.319733,261662.127354,326991.757626,373714.073955,386511.888912,346193.815675,234469.870899,31638.017538,-260648.815870,-597895.983295,-892673.890261,-1033762.589676,-971941.193163,-787765.049139,-613425.478380,-528676.305578,-536491.078940,-602739.271766,-696365.919676,-782407.669429,0.000000,0.000000,0.000000,0.000000
0.000000,0.000000,0.000000,0.000000,0.000000,-739448.818032,-659548.242817,-561499.191937,-479816.175185,-430258.769226,-428018.543503,-477329.787427,-561216.690795,-653392.683498,-707685.201572,-691619.798674,-604733.165629,-452969.747278,-271143.281806,-89786.308768,74108.706269,202339.030363,291060.256435,341640.306150,359987.293207,352436.948111,324382.036088,280639.794854,224959.730385,162383.530985,98686.578398,38751.033972,-13738.839925,-57072.464549,-90866.039136,-115190.990094,-129729.258066,-134081.359926,-127586.458970,-108421.862838,-74849.854178,-24460.895034,43315.493381,125286.932635,213374.628889,293742.509093,349070.185795,365191.493847,339661.605476,286628.193140,234917.940320,216307.757838,243928.302561,297176.241062,330765.520714,306753.081738,230446.192792,156027.746704,150472.815177,240940.746387,392407.133051,536659.353748,622214.947057,634823.687918,580119.568988,464373.052281,301582.454605,125054.154825,-19264.429990,-91835.140830,-77650.224037,5810.352104,113694.201748,199990.878346,244869.182290,257596.217730,260350.101673,272195.262343,301040.654268,345674.028057,401619.759812,458633.433970,507377.172851,536797.831999,531355.353979,476039.855083,348913.145538,125080.479458,-208798.121206,-609833.663267,-941878.560875,-1071821.793792,-986414.555377,-806052.892800,-682377.836588,-652227.901140,-688493.905214,-761456.053408,0.000000,0.000000,0.000000,0.000000,0.000000
0.000000,0.000000,0.000000,0.000000,0.000000,-793237.034632,-730455.165445,-659960.656652,-598495.982632,-573679.436634,-596698.950667,-661457.889718,-736445.580079,-778482.411064,-752664.274800,-646925.320199,-475977.613213,-281385.491357,-92677.651745,79762.972995,216584.341023,309263.397220,362339.662658,379214.612930,367050.415333,332825.795463,281781.439648,220398.550804,153588.772338,85182.418661,19301.878668,-39955.352992,-89475.139706,-128534.050997,-157847.056125,-177848.576582,-189790.955258,-195027.776668,-193710.831896,-184602.440733,-165315.545920,-131962.296887,-79707.396726,-5779.188774,87932.484956,192505.378720,291712.422775,365841.638772,398922.553312,389404.048454,353865.685521,322087.022637,319822.661218,346994.617741,373790.940935,361253.131171,296187.171831,211311.523427,168329.031666,212320.264802,336625.525280,487026.537038,602954.684829,651915.061365,629319.918330,541149.505584,399376.655619,229786.599204,71181.005020,-38329.584330,-75710.136604,-41152.589872,41941.760915,139438.859066,223828.893545,285290.658929,329216.190254,366022.235005,403156.226799,445192.934277,493175.069235,541962.622194,587961.593142,623736.694522,633437.467334,605421.076064,534885.000370,398618.224479,140953.884045,-255479.545983,-701845.440557,-1027856.241045,-1101708.908838,-975474.670636,-826001.461886,-754597.259625,-763795.436325,-806026.139873,0.000000,0.000000,0.000000,0.000000,0.000000
0.000000,0.000000,0.000000,0.000000,0.000000,0.000000,-801739.837860,-750767.462357,-716199.325982,-721283.777155,-763318.022568,-820148.975132,-843261.692292,-797153.565019,-674250.941149,-489862.015080,-281930.094332,-87915.185584,81302.548082,224268.832883,324176.012251,378426.883537,396727.252473,383951.685692,347057.875256,293327.056901,229331.846220,160214.283192,90284.438516,22581.439098,-40933.916621,-96397.317775,-140184.137551,-171995.296977,-192750.036009,-204287.174268,-209491.758566,-211412.318817,-211720.590101,-210011.402276,-204635.591502,-191302.116810,-162757.797142,-111841.716327,-35062.668895,66554.022104,183606.710758,297940.571669,387355.602873,435383.886933,441723.221567,423918.318854,409180.302610,413662.967892,426382.519329,416995.854324,363517.442607,278053.340176,208460.159461,207214.397874,291622.284631,429438.928884,562852.318051,645985.053230,660462.751982,606188.933996,493029.105886,341115.910238,181671.950386,49594.621997,-29552.657906,-45608.074425,-6210.080807,67927.051719,153794.946227,235601.255170,307136.036140,368795.917625,422894.813838,474558.191842,525845.434564,573507.029621,620109.637021,659744.593192,679544.427050,667348.398613,626325.343583,545596.292226,370168.642566,49089.215630,-415113.190774,-878784.096705,-1121655.379475,-1102010.383580,-954946.034013,-838317.163212,-836699.850864,0.000000,0.000000,0.000000,0.000000,0.000000,0.000000
0.000000,0.000000,0.000000,0.000000,0.000000,0.000000,-867780.942393,-840755.563389,-837504.414050,-864421.065396,-904306.637480,-914074.214727,-848317.075396,-700778.602946,-498580.390074,-277165.864531,-80670.843764,85458.273014,225758.398070,327389.550839,387752.649657,408827.971231,398540.924087,365186.617425,313413.418051,249906.073704,181877.756241,112531.655805,42582.222268,-25021.036590,-86465.067105,-137305.582134,-173731.438122,-194737.474958,-202395.272960,-201325.945847,-196316.639023,-191742.270999,-190674.415974,-193523.631233,-199218.754689,-203344.569726,-198350.287247,-175560.365380,-127289.148514,-48786.185023,59053.647270,185973.898314,312178.047803,413940.882534,474970.472766,495721.844416,493338.189450,488787.886926,488293.225326,476357.254553,431577.846444,351523.709284,267165.570437,228002.665673,266940.766577,375715.515073,509670.295489,617808.277635,668530.870963,652256.307277,574265.623509,449552.470968,302863.276996,164012.624339,58885.051787,2684.655102,-2899.674194,33118.986657,95431.068264,170123.876970,246819.587741,319574.682870,387049.621231,450892.028671,510859.757284,565674.440591,617091.865242,660225.354206,688424.086610,688198.502006,660917.312623,607956.454593,491484.154183,247487.790081,-180243.785061,-699680.220796,-1078906.166411,-1172686.120786,-1055078.843904,-931830.626962,-879838.304547,0.000000,0.000000,0.000000,0.000000,0.000000,0.000000
0.000000,0.000000,0.000000,0.000000,0.000000,0.000000,0.000000,-953212.901239,-953837.812504,-990692.646379,-992316.007744,-916437.481760,-752215.699911,-521180.950065,-283302.291579,-77875.842854,90110.998814,221284.409216,315739.735561,382840.594143,412876.343313,405621.131857,377914.580012,334028.680645,278571.853287,215450.926229,147598.478376,77697.841544,6326.127945,-63614.551203,-124809.399539,-169883.263694,-194980.576598,-200201.904525,-190712.684695,-173455.203765,-155539.889910,-143648.765574,-140544.251657,-146576.432087,-160752.592290,-178835.155169,-193769.481363,-196672.531315,-178646.569166,-132304.927397,-51972.900666,61927.891676,197477.159248,333212.458515,444616.737582,516061.595954,548656.433768,556452.752104,553465.937898,539051.547705,499801.465030,427695.078554,338834.126572,272705.578829,268704.375425,337719.148136,454450.956506,572987.463034,653076.308838,674709.695430,635571.102118,545359.493719,422711.611316,292175.225922,177902.897076,97350.125185,57920.127442,58048.493685,89315.358492,142111.865293,207008.629275,277056.841712,348068.279353,417831.634472,484210.637084,547297.136617,603850.179070,648596.113085,678964.261219,684747.414876,672708.941627,636697.883802,547696.611000,348639.626167,-38811.946092,-564160.464954,-1028283.973119,-1212380.537666,-1118273.314518,-1032140.549254,0.000000,0.000000,0.000000,0.000000,0.000000,0.000000,0.000000
0.000000,0.000000,0.000000,0.000000,0.000000,0.000000,0.000000,-1050553.762631,-1070441.794322,-1081485.557751,-1017701.353235,-846380.797448,-598690.306210,-329040.806033,-94059.092107,80779.353378,209270.618768,303789.670032,368403.783397,406553.466197,412436.673416,386509.308683,350202.809661,304484.226049,250002.385622,192103.543940,124822.211643,49466.523901,-28663.803677,-101996.568550,-161001.838813,-196049.413044,-203568.608985,-187718.462650,-157166.653991,-122190.434932,-91950.334575,-73570.832817,-69526.542728,-78942.833366,-100645.448736,-129894.620556,-160042.596492,-183382.497975,-192092.909560,-177853.791443,-131603.604983,-47294.826710,73152.593175,216052.522612,358705.457555,476905.113224,556271.200293,596892.159594,608759.393553,599552.567161,566429.439955,503466.717971,417658.536211,336519.193458,297479.900138,323995.824017,409713.185984,521432.754485,618551.124574,672201.388158,671404.540246,619224.564416,528591.672006,418761.587024,310738.975883,222363.384824,164317.986735,139271.865206,144285.127746,174479.333383,222153.801445,281138.238748,346383.299068,413618.848529,480190.779286,543006.031030,596859.270975,641610.458811,670120.948088,675724.733483,672421.456505,643580.091966,560713.748225,373696.340395,9892.673533,-513118.205409,-1011406.395298,-1233813.835367,-1201934.671153,-1087165.807268,0.000000,0.000000,0.000000,0.000000,0.000000,0.000000,0.000000
0.000000,0.000000,0.000000,0.000000,0.000000,0.000000,0.000000,0.000000,-1194783.164851,-1134546.663175,-1009532.090425,-756674.825058,-453490.555630,-178230.484226,34514.992566,180956.384791,277900.124279,344519.120825,391129.228931,407902.912879,398093.565023,369314.153494,327863.278616,281647.645171,230815.355147,173358.762976,103992.315695,20337.821524,-67511.365774,-144099.020441,-195831.609735,-213660.799710,-197448.866323,-155724.566223,-102257.003817,-50361.889799,-10358.708085,11570.070493,14231.111027,-140.332710,-28851.645932,-66921.003287,-108217.784556,-146763.016483,-175871.198066,-188152.282061,-174667.164355,-125722.049585,-35893.043485,90434.770221,238692.319557,386014.996056,509031.619455,593267.336344,637115.255062,646771.174891,626310.232410,575200.681374,497809.966445,412375.224836,349546.432620,337950.039520,386044.947617,475947.888119,574159.300596,648668.150616,680610.964318,665685.489027,610847.776214,529810.547436,439746.815184,357295.821697,294232.269236,257006.731455,246160.030179,259380.031109,290874.061958,336314.605274,391102.133352,450969.445040,508501.337927,562740.629373,612682.843789,648191.259764,669384.200504,671530.249557,662311.355058,631293.655637,544442.544384,347171.294991,-23233.116266,-552652.001849,-1047255.855753,-1254610.644288,-1294759.861418,0.000000,0.000000,0.000000,0.000000,0.000000,0.000000,0.000000,0.000000
0.000000,0.000000,0.000000,0.000000,0.000000,0.000000,0.000000,0.000000,-1287896.742464,-1189227.308136,-994346.540237,-699595.815203,-368834.743832,-93608.451445,99527.938535,223189.845599,303649.295913,352259.584762,374383.977207,383092.626812,374266.312958,346678.155192,310446.437771,268631.954754,219686.181706,156705.344652,76899.175681,-16847.035391,-112323.662041,-188010.744288,-226182.113073,-219364.656583,-173434.829961,-103606.396576,-28574.946591,36724.878271,82281.468977,103612.574062,101815.846216,80992.192672,45566.203544,664.957934,-48704.241547,-97492.461680,-140474.999254,-172339.644861,-185338.172491,-169242.404749,-115352.856008,-20508.960516,110812.241484,263604.462485,414304.532600,539436.877399,624756.796119,667042.329389,669715.206502,636678.258446,573189.848982,492390.271322,418167.789308,377872.960872,389072.470046,448111.312573,532846.420389,613877.083863,667975.643048,684692.010045,664328.373561,614962.576222,549911.583206,483298.713259,426586.443750,387937.287206,370450.568066,372733.867043,392330.306148,426149.634990,470191.287196,519423.512541,564878.339216,607871.453253,645364.466486,668400.077857,676425.570024,671291.533468,656777.884917,609454.155502,497959.217045,269143.174245,-138529.401323,-668054.554371,-1114904.149292,-1341515.960062,-1349698.003971,0.000000,0.000000,0.000000,0.000000,0.000000,0.000000,0.000000,0.000000
0.000000,0.000000,0.000000,0.000000,0.000000,0.000000,0.000000,0.000000,0.000000,-1244011.819667,-1002445.854857,-692886.756595,-363497.873955,-81242.829510,109804.921497,226069.879778,296902.966894,331260.358821,343766.985725,347977.082945,340283.828706,320156.232355,297759.308469,263968.420548,209699.825814,136072.952274,44873.912134,-60738.570610,-162363.336702,-230646.272373,-248221.423014,-211065.964379,-131396.090992,-33695.176329,59038.914956,132383.861191,177955.563607,194257.746224,185368.145242,157243.159448,115033.735539,64306.958462,9660.349190,-45351.152732,-97161.252271,-141953.732746,-173492.183418,-183687.045349,-163096.055782,-103784.172908,-2911.414925,134331.462747,291199.710762,442894.227864,566873.119054,648949.523462,685321.395450,679273.359969,636821.025099,568856.715828,494389.465822,437291.208601,418543.579117,445047.285788,506263.546906,579899.782811,643311.873163,681817.160275,689830.440118,670475.959405,632748.683139,586981.112291,543329.436233,510639.635861,492733.715039,490343.437123,502884.018803,527913.961559,560429.152423,596676.931825,633060.174463,660505.174858,676102.266042,686424.169077,681711.530402,668074.012078,640829.159382,560696.924570,410619.947379,121856.756030,-326644.905082,-829048.879109,-1215372.115321,-1445377.195963,0.000000,0.000000,0.000000,0.000000,0.000000,0.000000,0.000000,0.000000,0.000000
0.000000,0.000000,0.000000,0.000000,0.000000,0.000000,0.000000,0.000000,0.000000,-1296741.924559,-1044874.850632,-732048.738966,-420895.328123,-136075.257561,73981.381588,200765.980119,272684.251981,307377.629688,317950.637683,319275.001347,311540.772381,298345.015605,282095.841217,252458.771580,195970.154608,112741.887906,9663.982564,-108098.199202,-213683.902547,-269932.331861,-259737.765190,-187123.453986,-73697.114326,48657.343424,153180.388477,227810.289177,268267.983392,276438.258184,258946.473247,223283.553455,175050.355002,119579.469828,60996.718655,2038.540289,-54740.098601,-107025.656080,-150562.631425,-179172.153680,-184210.953816,-156578.839680,-89432.562398,19684.720601,163096.459566,321619.090853,471299.773739,590156.709232,665488.075707,694270.945883,680262.094276,633190.621931,568542.463936,506790.862782,469045.567438,467754.760833,501861.249341,558329.017348,618967.028756,667532.054970,694629.543990,699401.064629,686135.999703,661305.465928,633730.976154,611432.702926,597948.934958,594859.827157,603446.398678,621060.501638,642374.071958,664360.968538,684731.594711,698059.232527,699181.130584,691218.782653,677405.875775,654114.742544,596932.581676,480777.274876,272835.683021,-93256.100037,-571001.420768,-1017940.063833,-1375139.530262,-1543090.971585,0.000000,0.000000,0.000000,0.000000,0.000000,0.000000,0.000000,0.000000,0.000000
0.000000,0.000000,0.000000,0.000000,0.000000,0.000000,0.000000,0.000000,0.000000,0.000000,-1066278.394462,-801657.207313,-517657.593405,-248104.947448,-11329.285156,145319.300052,233511.522715,278963.461527,294343.185795,296811.260714,292578.396623,276119.374217,257686.391691,230347.001892,174231.295580,88156.938398,-27537.308958,-157678.453129,-263550.649849,-304999.567303,-261565.095816,-149237.185191,-4534.713495,136623.580886,246239.708754,315544.334794,346502.815152,344851.045871,318574.335762,275697.668304,222600.940618,163657.787890,102352.200264,40907.571964,-18559.554090,-74542.291189,-124659.275387,-163989.309897,-185805.128195,-182403.700922,-144955.319332,-67175.369559,50531.721178,198085.582925,355770.095669,499671.007357,610061.501077,676204.891142,696563.711935,677541.504375,631743.697749,576728.542984,531626.109741,511105.065386,521168.589106,556950.969488,605812.660920,653568.365984,689868.909103,710212.938032,715044.273007,708565.074954,697348.325494,685996.043867,677993.570583,677413.636484,682336.765616,690518.703767,699953.417327,708066.995040,714103.964672,716188.876888,705917.675231,688596.020384,664288.103114,618913.156768,523417.587370,356483.087770,58455.708242,-380084.720758,-837806.254879,-1240980.761199,-1487942.422182,0.000000,0.000000,0.000000,0.000000,0.000000,0.000000,0.000000,0.000000,0.000000,0.000000
0.000000,0.000000,0.000000,0.000000,0.000000,0.000000,0.000000,0.000000,0.000000,0.000000,0.000000,-861709.995076,-631124.026753,-382467.469928,-139149.448559,54897.019459,171400.566822,233840.303902,263287.216770,272013.512428,266857.966894,253003.041372,232173.367146,202355.759481,147968.693435,59279.666940,-65830.197878,-208011.213559,-313903.376615,-333958.476679,-253621.904131,-102143.737984,70724.953036,223294.794996,331333.453181,390782.635233,409138.198814,396845.508955,362681.834757,313893.793355,256476.505180,195248.979840,133060.581422,70924.865734,10614.370883,-46359.243902,-98575.093770,-142957.747415,-174475.735038,-186695.905367,-171842.486648,-122406.608752,-33439.609640,91906.544922,241041.856063,393585.075637,527470.992728,626631.269351,682579.964429,696038.099740,676229.414901,637118.859438,595439.892897,566556.884925,560191.742893,577022.300091,610404.492433,650036.513946,686557.649123,714009.946824,730096.050329,736933.444113,737775.319379,734732.020146,733098.761242,733142.119558,733080.287275,733469.458165,730393.882129,728941.436867,728154.678769,717360.771955,700773.469803,676922.095588,632398.819148,550157.074860,404176.670597,158235.681160,-223430.383429,-681573.811754,-1105568.827626,-1446437.827807,0.000000,0.000000,0.000000,0.000000,0.000000,0.000000,0.000000,0.000000,0.000000,0.000000,0.000000
0.000000,0.000000,0.000000,0.000000,0.000000,0.000000,0.000000,0.000000,0.000000,0.000000,0.000000,0.000000,-722440.332860,-512612.619323,-277451.792397,-72115.097067,79584.121043,168605.628399,215294.925246,235804.237165,236708.966614,225178.687990,204505.731836,172820.000163,119157.071696,24700.193216,-108581.244459,-257572.183194,-361112.101195,-355268.206202,-238411.504862,-49496.625816,147925.882318,303514.385636,403331.847505,450543.733333,456040.831822,432710.161080,391232.471852,338410.448129,278875.466703,217001.248469,155661.026987,94952.552971,36259.327706,-19169.893198,-70578.875820,-116311.242043,-152634.788215,-173934.006292,-174561.992834,-147145.641829,-84423.661337,14818.372976,144413.754254,290595.617695,433789.915654,555128.230667,641264.981033,687245.841342,696709.651146,679649.614846,650575.253067,623894.576569,609844.548033,613045.180215,632220.078127,661393.699653,692906.037979,720380.953634,741168.869286,755189.924956,762699.311625,767581.360141,769890.808523,766892.945903,764174.652697,761645.670344,753132.645931,742292.192407,730059.791423,712595.226294,686249.573232,641427.556403,562813.767665,430937.182031,214745.183611,-109623.091265,-517825.062188,-947575.568432,-1350998.086213,0.000000,0.000000,0.000000,0.000000,0.000000,0.000000,0.000000,0.000000,0.000000,0.000000,0.000000,0.000000
0.000000,0.000000,0.000000,0.000000,0.000000,0.000000,0.000000,0.000000,0.000000,0.000000,0.000000,0.000000,-787551.879724,-616170.221642,-409747.951778,-214363.136171,-45088.675145,76132.990659,148125.896727,184534.665362,198725.497537,192374.406025,172855.915339,138040.620349,77566.428420,-19005.252239,-158012.384378,-308592.952992,-400856.031203,-373097.034295,-218814.893086,3600.088257,217360.888207,372416.259866,459718.587638,493941.953177,488333.562664,456172.898407,408753.607812,353503.317380,294655.366344,234833.615301,176109.749667,119280.033564,64982.308278,13109.228944,-35406.435004,-79917.586613,-117925.360267,-144571.332935,-155117.495660,-143339.277615,-102267.748035,-28035.393505,77765.355540,207398.020603,346359.747735,476309.767549,582323.743447,655192.102514,692718.327483,700854.478088,690512.494294,673338.525781,659767.944959,656747.643015,666521.082118,686399.210606,710442.247928,733743.305795,754421.224818,771290.498829,781561.454587,787697.646863,791568.424746,791669.173674,787036.857431,777328.081451,766271.945429,747263.980702,723154.404150,694809.896422,647164.633983,568882.538928,444380.209846,244660.714203,-44866.886698,-411628.199847,-799048.940807,-1201731.736447,-1541864.814175,0.000000,0.000000,0.000000,0.000000,0.000000,0.000000,0.000000,0.000000,0.000000,0.000000,0.000000,0.000000
0.000000,0.000000,0.000000,0.000000,0.000000,0.000000,0.000000,0.000000,0.000000,0.000000,0.000000,0.000000,0.000000,-665196.089558,-515115.334062,-345656.877051,-188273.586927,-49406.539007,52505.077913,112823.965636,142403.608581,148330.970250,132649.338652,93644.847725,28559.365816,-70080.647082,-212451.857116,-360689.601278,-438417.687952,-386797.613940,-198737.129935,51530.198062,274333.211986,426188.594856,501874.854635,521428.794866,506736.154017,471502.487931,422613.741226,367128.322474,311405.574131,256421.646922,202935.724361,152754.849246,105172.485058,58735.231413,14158.692296,-27918.991556,-65630.147451,-95020.521122,-112395.517376,-112066.205904,-87553.015057,-35135.897782,46487.920193,154646.207711,279281.973748,405759.084737,519847.569853,610037.392534,670167.619509,701531.918302,711092.486003,708021.581570,701694.719209,700072.267057,705622.471639,717751.218526,735327.864769,754658.326815,771546.239405,786837.872336,796067.264716,795919.599318,796296.455287,796046.159416,788424.247404,774599.613494,755693.579854,730602.680846,697251.321843,646920.407687,568474.862463,446415.612301,257624.188173,-15292.499172,-351861.344521,-708192.778443,-1062799.178802,-1361083.792482,0.000000,0.000000,0.000000,0.000000,0.000000,0.000000,0.000000,0.000000,0.000000,0.000000,0.000000,0.000000,0.000000
0.000000,0.000000,0.000000,0.000000,0.000000,0.000000,0.000000,0.000000,0.000000,0.000000,0.000000,0.000000,0.000000,0.000000,-572171.995046,-455778.212165,-323468.372033,-192504.309771,-73862.841046,13007.544667,64806.823227,84613.404231,76860.079296,41149.042966,-25700.743026,-130165.570946,-270188.955414,-412980.397839,-476533.399107,-395145.922139,-180476.460053,89313.467419,317957.267626,461943.598433,526629.609722,537559.420466,518788.524554,482300.829030,436361.397481,385847.289780,336167.563146,289421.076884,244393.339782,202282.719536,162448.277664,123472.230355,84574.494915,45351.417402,9249.354551,-21447.259704,-43776.443325,-52363.045165,-42106.894095,-8373.998676,51490.678066,137026.926569,242268.369006,356241.137820,467279.188759,563825.513010,637929.261500,687247.003955,714896.757066,727268.148774,731290.567391,734420.839698,740517.590211,749540.978941,763080.434542,777831.562456,792443.090682,801046.144538,801068.566767,799542.336637,792157.567930,780699.758734,771561.002608,756511.843685,729145.024338,694539.801621,643877.708966,562743.692092,441114.041408,257680.861550,-3085.285963,-322643.437747,-659026.038964,-983266.571512,-1269443.396383,0.000000,0.000000,0.000000,0.000000,0.000000,0.000000,0.000000,0.000000,0.000000,0.000000,0.000000,0.000000,0.000000,0.000000
0.000000,0.000000,0.000000,0.000000,0.000000,0.000000,0.000000,0.000000,0.000000,0.000000,0.000000,0.000000,0.000000,0.000000,0.000000,-521026.974224,-431947.210450,-322571.249198,-212172.773591,-112351.883986,-39193.828517,-831.948429,3965.902824,-23449.227927,-87376.635157,-190996.172975,-331200.686345,-468203.419897,-514890.747799,-406053.931577,-164806.517372,113304.466690,342297.666178,479193.133316,536418.026113,545787.471081,525966.635226,493352.694477,454755.585226,413582.849004,373074.143118,335993.697428,302103.202857,269419.392707,238161.007518,207474.664050,174631.332099,139975.419853,106297.897128,74898.464256,49729.591096,35036.598844,32784.631418,51105.998089,93151.617467,155699.942442,237993.727313,334956.505271,435076.304664,527319.864184,605854.246790,666069.420232,707046.862668,732662.437163,746925.959571,756257.408932,765033.192910,773913.903736,784636.119013,796060.473629,804542.399414,807964.772571,801192.267458,792514.174655,782394.912457,764617.024191,747346.490323,722071.736342,686503.202423,634276.103104,550030.136904,426085.967837,246404.713962,-4485.411900,-308656.211197,-624644.634354,-927062.815177,-1178943.681552,0.000000,0.000000,0.000000,0.000000,0.000000,0.000000,0.000000,0.000000,0.000000,0.000000,0.000000,0.000000,0.000000,0.000000,0.000000
0.000000,0.000000,0.000000,0.000000,0.000000,0.000000,0.000000,0.000000,0.000000,0.000000,0.000000,0.000000,0.000000,0.000000,0.000000,0.000000,-499831.160396,-428879.949396,-338464.356363,-245106.235671,-162429.860907,-106635.778974,-84229.048344,-99509.435194,-152758.878207,-250092.675390,-387462.066675,-515654.070241,-547030.337828,-418589.539584,-157942.381719,128335.483685,349467.920168,480915.715245,537793.487669,546200.443643,531656.418154,509906.005796,481037.601356,448920.164107,419370.749289,393833.914133,371304.278818,349605.853332,327540.702750,303761.289701,277640.379055,249468.832728,220458.663675,189712.875728,163058.929787,144321.136732,133731.080579,139240.617754,163781.994867,206284.958228,268277.646689,344490.107064,427057.158367,509810.638473,585480.734203,647486.860544,693767.545920,728073.344042,751104.888334,767112.999583,777963.143205,782861.234569,790838.523114,797681.710826,795341.463558,792641.461427,789604.266126,776494.231145,758955.730853,738046.024508,709018.574361,670467.550955,615118.462109,527038.228410,397801.547178,220959.087409,-20477.675572,-311012.898667,-611681.432347,-892347.900516,-1125366.362083,0.000000,0.000000,0.000000,0.000000,0.000000,0.000000,0.000000,0.000000,0.000000,0.000000,0.000000,0.000000,0.000000,0.000000,0.000000,0.000000
0.000000,0.000000,0.000000,0.000000,0.000000,0.000000,0.000000,0.000000,0.000000,0.000000,0.000000,0.000000,0.000000,0.000000,0.000000,0.000000,0.000000,-496512.338357,-439651.515783,-363548.222232,-287350.700418,-223756.712301,-184999.411064,-184257.067019,-223706.583297,-309274.477234,-434226.828742,-552936.649001,-574276.399833,-434318.411815,-164485.657187,125943.575444,342156.708685,467649.235122,526232.067578,546671.387283,541829.845070,526323.408924,507481.550311,486251.879079,467923.499694,453394.485466,442825.306472,430170.015084,416089.159358,400814.647729,382597.383293,362143.450331,337394.401049,311690.756480,287845.721524,265973.387344,251381.760134,247253.188863,254862.051546,280295.168632,324313.060903,381138.951944,446635.070455,515341.336804,580495.680422,636664.479372,682546.780485,720312.900859,750201.776972,769586.558050,781658.115088,786870.396189,782685.786261,777717.210238,773648.214613,765421.230941,757952.437515,748010.677932,724504.797424,692544.958175,649344.516291,586562.687375,493388.237024,355513.435096,176917.067927,-51293.519529,-324805.294375,-606745.526199,-869121.993940,-1081781.263456,0.000000,0.000000,0.000000,0.000000,0.000000,0.000000,0.000000,0.000000,0.000000,0.000000,0.000000,0.000000,0.000000,0.000000,0.000000,0.000000,0.000000
0.000000,0.000000,0.000000,0.000000,0.000000,0.000000,0.000000,0.000000,0.000000,0.000000,0.000000,0.000000,0.000000,0.000000,0.000000,0.000000,0.000000,0.000000,-507037.057758,-460519.288714,-398330.762545,-337729.494382,-292498.341013,-277681.474430,-300671.751969,-368602.544521,-477922.803350,-586374.689730,-604982.094928,-463641.215274,-194539.321616,92323.037687,309294.057559,435421.982804,500045.509575,534420.815054,541595.148139,535057.042294,528779.607355,517948.425092,507801.297745,504675.063771,503031.245710,496159.134734,488571.801782,481507.035252,470956.640172,457126.527626,441437.448482,423305.485057,402533.436065,385276.904641,373200.597690,361384.356411,358603.140076,369685.823608,394011.550327,434792.304487,483397.173838,535535.115837,589233.112544,634378.604685,672276.767607,712542.361582,745972.313971,765660.878547,778827.319735,782673.586538,772771.968691,756508.970453,744876.902148,736231.435841,720746.673304,699843.195081,669449.105421,618938.806123,547102.960272,445604.385534,301156.032553,113007.311708,-107730.139577,-356139.772523,-619636.730382,-860462.076896,-1051820.008118,0.000000,0.000000,0.000000,0.000000,0.000000,0.000000,0.000000,0.000000,0.000000,0.000000,0.000000,0.000000,0.000000,0.000000,0.000000,0.000000,0.000000,0.000000
0.000000,0.000000,0.000000,0.000000,0.000000,0.000000,0.000000,0.000000,0.000000,0.000000,0.000000,0.000000,0.000000,0.000000,0.000000,0.000000,0.000000,0.000000,0.000000,-526351.594715,-486179.103250,-434933.980798,-391362.660515,-371734.963263,-379997.745275,-428995.873489,-520036.879344,-616498.522238,-636901.192339,-508438.542018,-251645.826222,30572.837575,247618.338021,382133.655376,458492.436014,498613.365206,518439.094602,526457.387023,530610.145629,531456.294164,533989.982903,540313.985881,539087.356844,536143.709507,532887.763274,532099.722943,531792.310917,524000.081158,519739.007072,509871.116846,493990.692093,484350.454340,474638.020841,464896.062121,459719.300691,460398.288103,471544.779221,496292.616913,528118.426770,568034.369463,612366.149406,644901.484463,673841.499718,711954.078135,739351.341646,755035.352877,766629.425186,767088.196601,758424.456069,736499.521646,712147.443560,694469.158131,670180.562356,630613.364875,574332.107540,493892.574072,381628.165239,232707.968068,35941.597844,-186766.076587,-413302.913961,-641889.776641,-853001.963523,-1040409.035493,0.000000,0.000000,0.000000,0.000000,0.000000,0.000000,0.000000,0.000000,0.000000,0.000000,0.000000,0.000000,0.000000,0.000000,0.000000,0.000000,0.000000,0.000000,0.000000
0.000000,0.000000,0.000000,0.000000,0.000000,0.000000,0.000000,0.000000,0.000000,0.000000,0.000000,0.000000,0.000000,0.000000,0.000000,0.000000,0.000000,0.000000,0.000000,0.000000,-543407.577201,-504580.181870,-471863.829634,-454717.681177,-454676.912113,-486462.074946,-557562.078685,-644177.523430,-671179.006700,-565028.759612,-330851.504780,-58323.614584,163734.733229,307511.912305,395400.072061,446945.822193,472142.589477,489843.578724,502684.368101,514088.085306,528641.106327,537597.870501,541305.726912,539773.170628,541068.951816,550611.218493,556178.420304,557720.331304,560667.910350,561282.888204,554232.354927,543531.902932,537865.718123,540818.389816,540211.984113,538873.524047,545151.118154,557202.353917,582797.157996,614430.273634,643154.291277,667473.942950,690665.053247,717452.497031,735362.860924,737443.106390,740167.072052,741771.620543,725217.609281,698411.750260,668267.314657,631158.943269,582691.519687,514708.386625,422003.973155,299619.327899,145284.864269,-48989.723426,-270543.016627,-491214.889286,-680158.424334,-847671.344030,-1012845.353885,0.000000,0.000000,0.000000,0.000000,0.000000,0.000000,0.000000,0.000000,0.000000,0.000000,0.000000,0.000000,0.000000,0.000000,0.000000,0.000000,0.000000,0.000000,0.000000,0.000000
0.000000,0.000000,0.000000,0.000000,0.000000,0.000000,0.000000,0.000000,0.000000,0.000000,0.000000,0.000000,0.000000,0.000000,0.000000,0.000000,0.000000,0.000000,0.000000,0.000000,0.000000,0.000000,-528866.831659,-523987.385369,-521013.497300,-539400.132864,-588982.791689,-666178.243572,-707745.303136,-635541.765400,-436966.756006,-179515.624558,49988.986157,208442.215589,306241.545146,367640.555289,403813.176351,430185.757383,450490.012632,463371.590257,476950.155799,490884.499408,500918.839896,505921.896807,516838.781220,531613.619789,542452.007826,552198.286988,563466.871896,574030.785825,571387.826456,563684.509548,566851.496842,576165.985401,586156.896507,593766.092132,598044.971956,606493.550835,625982.569067,647150.655402,663717.617008,680962.940055,693900.123940,709657.619682,718686.136058,707883.023495,698995.012993,691543.565305,667520.124998,628622.100469,579681.987632,517805.439571,435823.431541,329176.017418,196858.432532,37556.714916,-146059.568986,-350339.243675,-558629.362661,-735534.713597,-864813.165972,0.000000,0.000000,0.000000,0.000000,0.000000,0.000000,0.000000,0.000000,0.000000,0.000000,0.000000,0.000000,0.000000,0.000000,0.000000,0.000000,0.000000,0.000000,0.000000,0.000000,0.000000,0.000000
0.000000,0.000000,0.000000,0.000000,0.000000,0.000000,0.000000,0.000000,0.000000,0.000000,0.000000,0.000000,0.000000,0.000000,0.000000,0.000000,0.000000,0.000000,0.000000,0.000000,0.000000,0.000000,0.000000,-577717.823842,-575810.267067,-585448.382138,-616709.290156,-682031.517980,-733114.580192,-706074.986306,-564077.150200,-340311.216748,-110782.753472,70187.524592,188682.156230,261768.279722,309639.961738,343493.189419,367194.923377,382920.823473,398295.206083,414310.456508,425251.368951,439797.164530,456581.472108,470708.295483,487918.233560,501408.662878,517485.252117,534898.126612,541576.028848,546015.487594,556084.497803,572146.134636,592036.934622,606134.743590,612165.504640,626020.373451,639266.300516,644711.265897,653423.160049,660173.308350,666156.611773,673147.318513,668288.215641,651166.767980,630012.341654,602974.568231,562353.482318,502151.367482,423840.984886,328682.076432,211544.394095,71010.778878,-88481.340219,-258911.477189,-437328.241742,-617742.341878,-779721.998938,-904283.979585,0.000000,0.000000,0.000000,0.000000,0.000000,0.000000,0.000000,0.000000,0.000000,0.000000,0.000000,0.000000,0.000000,0.000000,0.000000,0.000000,0.000000,0.000000,0.000000,0.000000,0.000000,0.000000,0.000000
0.000000,0.000000,0.000000,0.000000,0.000000,0.000000,0.000000,0.000000,0.000000,0.000000,0.000000,0.000000,0.000000,0.000000,0.000000,0.000000,0.000000,0.000000,0.000000,0.000000,0.000000,0.000000,0.000000,0.000000,-621532.056080,-618579.495349,-638080.388174,-692778.797960,-750410.953039,-764709.670369,-683959.693093,-518188.932643,-315687.125676,-125151.370921,21605.563686,119716.779509,181907.531466,224573.604038,254194.145085,274840.526552,292484.204005,308316.024980,323184.306671,338554.788005,353334.598781,369349.408351,385465.623338,401954.530693,421825.160450,442771.509679,461061.679402,477408.027823,497273.634496,521989.975506,544388.190282,561827.271041,575181.823602,590527.383895,601105.242305,599642.381278,599413.340398,600500.411234,599201.906900,592455.558195,573265.279646,542445.025311,502209.781449,451000.541396,383068.981557,296740.222609,191085.681139,65483.792420,-75535.160498,-224708.705892,-377963.536272,-530817.494503,-665727.288503,-798792.389479,-926819.781950,0.000000,0.000000,0.000000,0.000000,0.000000,0.000000,0.000000,0.000000,0.000000,0.000000,0.000000,0.000000,0.000000,0.000000,0.000000,0.000000,0.000000,0.000000,0.000000,0.000000,0.000000,0.000000,0.000000,0.000000
0.000000,0.000000,0.000000,0.000000,0.000000,0.000000,0.000000,0.000000,0.000000,0.000000,0.000000,0.000000,0.000000,0.000000,0.000000,0.000000,0.000000,0.000000,0.000000,0.000000,0.000000,0.000000,0.000000,0.000000,0.000000,0.000000,-663894.376772,-698525.247634,-758982.222074,-808964.783818,-788849.608554,-690276.377619,-532647.008812,-359520.235237,-203886.719743,-81180.158558,4719.211755,63271.008224,105357.556520,135706.141906,157007.085443,175516.465231,192757.811188,207245.298874,220302.165166,235916.334408,253013.185618,272014.728984,293751.358308,316413.069823,340211.121283,365120.674915,391562.076404,417556.595732,440277.230504,460926.503469,479215.189110,492810.912044,500001.079866,497781.634518,491856.763065,485964.507193,469926.277058,444069.914538,408306.262643,358215.411409,296964.750795,222875.828262,131222.344567,21807.373502,-101598.299303,-231654.887672,-363775.282124,-494489.046810,-608195.814162,-712214.383115,-811644.891936,0.000000,0.000000,0.000000,0.000000,0.000000,0.000000,0.000000,0.000000,0.000000,0.000000,0.000000,0.000000,0.000000,0.000000,0.000000,0.000000,0.000000,0.000000,0.000000,0.000000,0.000000,0.000000,0.000000,0.000000,0.000000,0.000000
0.000000,0.000000,0.000000,0.000000,0.000000,0.000000,0.000000,0.000000,0.000000,0.000000,0.000000,0.000000,0.000000,0.000000,0.000000,0.000000,0.000000,0.000000,0.000000,0.000000,0.000000,0.000000,0.000000,0.000000,0.000000,0.000000,0.000000,0.000000,-777952.985725,-827438.443065,-862781.336748,-839313.452516,-742153.442924,-604360.789359,-457585.687679,-326713.247222,-224911.320003,-151469.878099,-94053.820814,-47110.585092,-12338.775723,13533.764841,36285.005930,57016.186744,71719.437463,86073.253918,104292.024419,122727.913760,142110.400221,164329.377510,188236.190337,213907.080989,239891.404323,265200.231822,288495.577112,307930.070736,323628.080831,335062.670604,338004.890388,330672.516205,318066.785234,299878.201191,269605.182185,227935.350897,173839.698969,105157.252352,26051.472313,-63501.281895,-164433.388889,-272180.759306,-384320.426902,-495414.232125,-589688.762987,-673444.263060,-753153.391423,0.000000,0.000000,0.000000,0.000000,0.000000,0.000000,0.000000,0.000000,0.000000,0.000000,0.000000,0.000000,0.000000,0.000000,0.000000,0.000000,0.000000,0.000000,0.000000,0.000000,0.000000,0.000000,0.000000,0.000000,0.000000,0.000000,0.000000,0.000000
0.000000,0.000000,0.000000,0.000000,0.000000,0.000000,0.000000,0.000000,0.000000,0.000000,0.000000,0.000000,0.000000,0.000000,0.000000,0.000000,0.000000,0.000000,0.000000,0.000000,0.000000,0.000000,0.000000,0.000000,0.000000,0.000000,0.000000,0.000000,0.000000,0.000000,-919807.531556,-924494.118515,-903899.363533,-827634.127513,-712648.781571,-595678.720401,-487214.243379,-401257.035742,-333086.713390,-270230.335286,-220122.607634,-181433.599784,-146775.853696,-116321.514128,-93261.469110,-76568.632408,-60427.407770,-44687.528836,-27894.200201,-8942.523309,9670.405342,29957.668061,52056.808403,73934.376045,94127.308100,110451.737128,121487.691134,127302.118643,125266.354834,114184.110460,94031.676906,61895.540110,18063.694491,-35066.393815,-99640.523807,-175911.785391,-260782.208309,-349084.332611,-437523.607738,-525147.502157,-602974.616384,-670855.098304,-731382.697629,0.000000,0.000000,0.000000,0.000000,0.000000,0.000000,0.000000,0.000000,0.000000,0.000000,0.000000,0.000000,0.000000,0.000000,0.000000,0.000000,0.000000,0.000000,0.000000,0.000000,0.000000,0.000000,0.000000,0.000000,0.000000,0.000000,0.000000,0.000000,0.000000,0.000000
0.000000,0.000000,0.000000,0.000000,0.000000,0.000000,0.000000,0.000000,0.000000,0.000000,0.000000,0.000000,0.000000,0.000000,0.000000,0.000000,0.000000,0.000000,0.000000,0.000000,0.000000,0.000000,0.000000,0.000000,0.000000,0.000000,0.000000,0.000000,0.000000,0.000000,0.000000,0.000000,-1016975.977706,-972937.309854,-921937.886890,-835532.077702,-742072.050860,-666547.607239,-590958.108233,-518242.141531,-450078.408429,-395529.536427,-351617.089508,-308049.245687,-272792.321477,-249342.981307,-232760.032305,-219031.870603,-205944.070054,-192338.940828,-179226.343522,-165309.385278,-150194.120283,-134848.033815,-120656.513910,-109427.536082,-102542.613713,-101614.690557,-108763.517414,-124805.478242,-151284.398723,-190520.344686,-239135.547252,-292747.332375,-354088.949877,-424640.134848,-499689.512053,-572624.287268,-636014.562912,-691225.100860,-740852.665688,0.000000,0.000000,0.000000,0.000000,0.000000,0.000000,0.000000,0.000000,0.000000,0.000000,0.000000,0.000000,0.000000,0.000000,0.000000,0.000000,0.000000,0.000000,0.000000,0.000000,0.000000,0.000000,0.000000,0.000000,0.000000,0.000000,0.000000,0.000000,0.000000,0.000000,0.000000,0.000000
0.000000,0.000000,0.000000,0.000000,0.000000,0.000000,0.000000,0.000000,0.000000,0.000000,0.000000,0.000000,0.000000,0.000000,0.000000,0.000000,0.000000,0.000000,0.000000,0.000000,0.000000,0.000000,0.000000,0.000000,0.000000,0.000000,0.000000,0.000000,0.000000,0.000000,0.000000,0.000000,0.000000,0.000000,-1069911.998609,-993141.206628,-927439.901894,-873094.212436,-823527.310838,-752345.770226,-675444.464873,-618395.348459,-563572.866433,-508261.246365,-457219.654355,-420985.785737,-399417.227250,-384575.091814,-373808.409525,-364461.391846,-356319.645097,-348867.328730,-340937.229816,-332301.022801,-325016.775148,-320223.359222,-318412.565183,-322049.038368,-332004.298576,-347789.990514,-372413.870462,-407274.457544,-448256.763537,-489788.691304,-534167.700588,-583897.781333,-645121.196885,-711254.115546,-756964.813825,0.000000,0.000000,0.000000,0.000000,0.000000,0.000000,0.000000,0.000000,0.000000,0.000000,0.000000,0.000000,0.000000,0.000000,0.000000,0.000000,0.000000,0.000000,0.000000,0.000000,0.000000,0.000000,0.000000,0.000000,0.000000,0.000000,0.000000,0.000000,0.000000,0.000000,0.000000,0.000000,0.000000,0.000000
0.000000,0.000000,0.000000,0.000000,0.000000,0.000000,0.000000,0.000000,0.000000,0.000000,0.000000,0.000000,0.000000,0.000000,0.000000,0.000000,0.000000,0.000000,0.000000,0.000000,0.000000,0.000000,0.000000,0.000000,0.000000,0.000000,0.000000,0.000000,0.000000,0.000000,0.000000,0.000000,0.000000,0.000000,0.000000,0.000000,0.000000,0.000000,-997910.396646,-914270.898227,-841382.098823,-790344.980161,-749741.437497,-694069.677470,-628856.175620,-579116.658193,-547138.764805,-527861.921035,-515082.762435,-505543.873673,-499318.356254,-495922.661657,-493442.170806,-490812.930596,-489105.303447,-489196.745869,-491695.228482,-497991.740292,-506918.271398,-517468.236844,-531913.420558,-548436.744391,-574412.522035,-610700.524081,-634630.676265,0.000000,0.000000,0.000000,0.000000,0.000000,0.000000,0.000000,0.000000,0.000000,0.000000,0.000000,0.000000,0.000000,0.000000,0.000000,0.000000,0.000000,0.000000,0.000000,0.000000,0.000000,0.000000,0.000000,0.000000,0.000000,0.000000,0.000000,0.000000,0.000000,0.000000,0.000000,0.000000,0.000000,0.000000,0.000000,0.000000,0.000000,0.000000
0.000000,0.000000,0.000000,0.000000,0.000000,0.000000,0.000000,0.000000,0.000000,0.000000,0.000000,0.000000,0.000000,0.000000,0.000000,0.000000,0.000000,0.000000,0.000000,0.000000,0.000000,0.000000,0.000000,0.000000,0.000000,0.000000,0.000000,0.000000,0.000000,0.000000,0.000000,0.000000,0.000000,0.000000,0.000000,0.000000,0.000000,0.000000,0.000000,0.000000,0.000000,0.000000,-889986.632710,-823009.034704,-752689.452088,-692237.184940,-649637.334835,-624494.903781,-608592.606774,-596584.948269,-589169.198556,-586311.628335,-586755.230642,-587645.420012,-588970.029242,-591878.102221,-596326.794286,-603467.069465,-613363.866266,-624999.847527,-627550.897599,0.000000,0.000000,0.000000,0.000000,0.000000,0.000000,0.000000,0.000000,0.000000,0.000000,0.000000,0.000000,0.000000,0.000000,0.000000,0.000000,0.000000,0.000000,0.000000,0.000000,0.000000,0.000000,0.000000,0.000000,0.000000,0.000000,0.000000,0.000000,0.000000,0.000000,0.000000,0.000000,0.000000,0.000000,0.000000,0.000000,0.000000,0.000000,0.000000,0.000000,0.000000,0.000000
0.000000,0.000000,0.000000,0.000000,0.000000,0.000000,0.000000,0.000000,0.000000,0.000000,0.000000,0.000000,0.000000,0.000000,0.000000,0.000000,0.000000,0.000000,0.000000,0.000000,0.000000,0.000000,0.000000,0.000000,0.000000,0.000000,0.000000,0.000000,0.000000,0.000000,0.000000,0.000000,0.000000,0.000000,0.000000,0.000000,0.000000,0.000000,0.000000,0.000000,0.000000,0.000000,0.000000,0.000000,0.000000,0.000000,0.000000,0.000000,0.000000,0.000000,0.000000,0.000000,0.000000,0.000000,0.000000,0.000000,0.000000,0.000000,0.000000,0.000000,0.000000,0.000000,0.000000,0.000000,0.000000,0.000000,0.000000,0.000000,0.000000,0.000000,0.000000,0.000000,0.000000,0.000000,0.000000,0.000000,0.000000,0.000000,0.000000,0.000000,0.000000,0.000000,0.000000,0.000000,0.000000,0.000000,0.000000,0.000000,0.000000,0.000000,0.000000,0.000000,0.000000,0.000000,0.000000,0.000000,0.000000,0.000000,0.000000,0.000000,0.000000,0.000000,0.000000
0.000000,0.000000,0.000000,0.000000,0.000000,0.000000,0.000000,0.000000,0.000000,0.000000,0.000000,0.000000,0.000000,0.000000,0.000000,0.000000,0.000000,0.000000,0.000000,0.000000,0.000000,0.000000,0.000000,0.000000,0.000000,0.000000,0.000000,0.000000,0.000000,0.000000,0.000000,0.000000,0.000000,0.000000,0.000000,0.000000,0.000000,0.000000,0.000000,0.000000,0.000000,0.000000,0.000000,0.000000,0.000000,0.000000,0.000000,0.000000,0.000000,0.000000,0.000000,0.000000,0.000000,0.000000,0.000000,0.000000,0.000000,0.000000,0.000000,0.000000,0.000000,0.000000,0.000000,0.000000,0.000000,0.000000,0.000000,0.000000,0.000000,0.000000,0.000000,0.000000,0.000000,0.000000,0.000000,0.000000,0.000000,0.000000,0.000000,0.000000,0.000000,0.000000,0.000000,0.000000,0.000000,0.000000,0.000000,0.000000,0.000000,0.000000,0.000000,0.000000,0.000000,0.000000,0.000000,0.000000,0.000000,0.000000,0.000000,0.000000,0.000000,0.000000,0.000000
