0.000000,0.000000,0.000000,0.000000,0.000000,0.000000,0.000000,0.000000,0.000000,0.000000,0.000000,0.000000,0.000000,0.000000,0.000000,0.000000,0.000000,0.000000,0.000000,0.000000,0.000000,0.000000,0.000000,0.000000,0.000000,0.000000,0.000000,0.000000,0.000000,0.000000,0.000000,0.000000,0.000000,0.000000,0.000000,0.000000,0.000000,0.000000,0.000000,0.000000,0.000000,0.000000,0.000000,0.000000,0.000000,0.000000,0.000000,0.000000,0.000000,0.000000,0.000000,0.000000,0.000000,0.000000,0.000000,0.000000,0.000000,0.000000,0.000000,0.000000,0.000000,0.000000,0.000000,0.000000,0.000000,0.000000,0.000000,0.000000,0.000000,0.000000,0.000000,0.000000,0.000000,0.000000,0.000000,0.000000,0.000000,0.000000,0.000000,0.000000,0.000000,0.000000,0.000000,0.000000,0.000000,0.000000,0.000000,0.000000,0.000000,0.000000,0.000000,0.000000,0.000000,0.000000,0.000000,0.000000,0.000000,0.000000,0.000000,0.000000,0.000000,0.000000,0.000000
0.000000,0.000000,0.000000,0.000000,0.000000,0.000000,0.000000,0.000000,0.000000,0.000000,0.000000,0.000000,0.000000,0.000000,0.000000,0.000000,0.000000,0.000000,0.000000,0.000000,0.000000,0.000000,0.000000,0.000000,0.000000,0.000000,0.000000,0.000000,0.000000,0.000000,0.000000,0.000000,0.000000,0.000000,0.000000,0.000000,0.000000,0.000000,0.000000,0.000000,0.000000,0.000000,0.000000,0.000000,0.000000,0.000000,0.000000,0.000000,0.000000,0.000000,0.000000,0.000000,0.000000,0.000000,0.000000,0.000000,0.000000,0.000000,0.000000,0.000000,0.000000,0.000000,0.000000,0.000000,0.000000,0.000000,0.000000,0.000000,0.000000,0.000000,0.000000,0.000000,0.000000,0.000000,0.000000,0.000000,0.000000,0.000000,0.000000,0.000000,0.000000,0.000000,0.000000,0.000000,0.000000,0.000000,0.000000,0.000000,0.000000,0.000000,0.000000,0.000000,0.000000,0.000000,0.000000,0.000000,0.000000,0.000000,0.000000,0.000000,0.000000,0.000000,0.000000
0.000000,0.000000,0.000000,0.000000,0.000000,0.000000,0.000000,0.000000,0.000000,0.000000,0.000000,0.000000,0.000000,0.000000,0.000000,0.000000,0.000000,0.000000,0.000000,0.000000,0.000000,0.000000,0.000000,0.000000,0.000000,0.000000,0.000000,0.000000,0.000000,0.000000,0.000000,0.000000,0.000000,0.000000,0.000000,0.000000,0.000000,0.000000,0.000000,0.000000,0.000000,0.000000,-167243.335150,-164728.428325,-162823.924152,-161722.417431,-160229.407911,-159343.137964,-158286.701307,-156686.016488,-156748.701803,-159217.782903,-161991.737165,-163225.440405,-162816.730040,-161156.504344,-160298.310413,-161706.562652,-162607.228730,-161353.763517,-161098.940875,0.000000,0.000000,0.000000,0.000000,0.000000,0.000000,0.000000,0.000000,0.000000,0.000000,0.000000,0.000000,0.000000,0.000000,0.000000,0.000000,0.000000,0.000000,0.000000,0.000000,0.000000,0.000000,0.000000,0.000000,0.000000,0.000000,0.000000,0.000000,0.000000,0.000000,0.000000,0.000000,0.000000,0.000000,0.000000,0.000000,0.000000,0.000000,0.000000,0.000000,0.000000,0.000000
0.000000,0.000000,0.000000,0.000000,0.000000,0.000000,0.000000,0.000000,0.000000,0.000000,0.000000,0.000000,0.000000,0.000000,0.000000,0.000000,0.000000,0.000000,0.000000,0.000000,0.000000,0.000000,0.000000,0.000000,0.000000,0.000000,0.000000,0.000000,0.000000,0.000000,0.000000,0.000000,0.000000,0.000000,0.000000,0.000000,0.000000,0.000000,-168586.683669,-167196.669824,-165180.081248,-164340.798942,-165220.667537,-164367.718537,-162138.355762,-160720.898284,-159825.731835,-159589.845447,-159079.013960,-157979.557269,-158048.752799,-159237.937210,-161067.193210,-162883.214648,-162702.605280,-161925.048319,-161987.438427,-162158.402372,-162295.684734,-161925.458431,-161957.159317,-163330.340832,-164671.105348,-164580.359574,-163931.658869,0.000000,0.000000,0.000000,0.000000,0.000000,0.000000,0.000000,0.000000,0.000000,0.000000,0.000000,0.000000,0.000000,0.000000,0.000000,0.000000,0.000000,0.000000,0.000000,0.000000,0.000000,0.000000,0.000000,0.000000,0.000000,0.000000,0.000000,0.000000,0.000000,0.000000,0.000000,0.000000,0.000000,0.000000,0.000000,0.000000,0.000000,0.000000
0.000000,0.000000,0.000000,0.000000,0.000000,0.000000,0.000000,0.000000,0.000000,0.000000,0.000000,0.000000,0.000000,0.000000,0.000000,0.000000,0.000000,0.000000,0.000000,0.000000,0.000000,0.000000,0.000000,0.000000,0.000000,0.000000,0.000000,0.000000,0.000000,0.000000,0.000000,0.000000,0.000000,0.000000,-162992.764034,-164364.455368,-165363.618929,-166323.134604,-166672.904766,-165672.968559,-164009.608504,-163303.855497,-163993.674810,-163039.557686,-160619.647879,-159984.581721,-160401.221703,-160348.513880,-160539.079472,-160203.183399,-159168.249679,-159124.631845,-160816.519153,-162737.408052,-163085.002648,-162689.442026,-162263.375294,-161904.864636,-162051.487653,-162425.267016,-162994.547374,-163639.177709,-163668.056362,-162836.802687,-161798.651098,-161895.340504,-161958.433381,-161119.051680,-161360.003160,0.000000,0.000000,0.000000,0.000000,0.000000,0.000000,0.000000,0.000000,0.000000,0.000000,0.000000,0.000000,0.000000,0.000000,0.000000,0.000000,0.000000,0.000000,0.000000,0.000000,0.000000,0.000000,0.000000,0.000000,0.000000,0.000000,0.000000,0.000000,0.000000,0.000000,0.000000,0.000000,0.000000,0.000000
0.000000,0.000000,0.000000,0.000000,0.000000,0.000000,0.000000,0.000000,0.000000,0.000000,0.000000,0.000000,0.000000,0.000000,0.000000,0.000000,0.000000,0.000000,0.000000,0.000000,0.000000,0.000000,0.000000,0.000000,0.000000,0.000000,0.000000,0.000000,0.000000,0.000000,0.000000,0.000000,-166493.014940,-164523.384514,-163879.041495,-163577.858506,-163353.471218,-163854.117917,-164021.936525,-163203.746298,-161967.925201,-162333.809288,-162511.166741,-161084.491675,-159836.629605,-159254.463012,-159685.651005,-160590.607424,-160717.927504,-159812.761667,-159404.205868,-159075.135230,-159001.519179,-159858.299343,-160324.158929,-160632.122239,-160714.276582,-160977.761963,-161539.372464,-162202.442303,-163225.026842,-163455.609418,-162983.702314,-162557.671544,-161630.058718,-160468.216028,-159662.140368,-159618.860820,-160407.121921,-161734.495552,-163465.180903,0.000000,0.000000,0.000000,0.000000,0.000000,0.000000,0.000000,0.000000,0.000000,0.000000,0.000000,0.000000,0.000000,0.000000,0.000000,0.000000,0.000000,0.000000,0.000000,0.000000,0.000000,0.000000,0.000000,0.000000,0.000000,0.000000,0.000000,0.000000,0.000000,0.000000,0.000000,0.000000
0.000000,0.000000,0.000000,0.000000,0.000000,0.000000,0.000000,0.000000,0.000000,0.000000,0.000000,0.000000,0.000000,0.000000,0.000000,0.000000,0.000000,0.000000,0.000000,0.000000,0.000000,0.000000,0.000000,0.000000,0.000000,0.000000,0.000000,0.000000,0.000000,0.000000,-165026.880333,-164293.740380,-163979.916952,-163618.044207,-163499.613085,-163087.587588,-162234.771859,-161056.351712,-160604.202931,-160497.843927,-159808.274355,-160348.567014,-161119.384650,-160289.330985,-159038.286227,-157027.381890,-156185.086494,-158035.189669,-157095.935689,-154767.318090,-155197.176190,-154409.377712,-153587.547010,-154878.476560,-155408.648732,-156809.957403,-158214.306299,-157918.538408,-159127.133254,-161254.161346,-162379.449045,-162226.091901,-161555.081931,-161551.794697,-161224.946601,-159941.857785,-158762.618438,-158615.834708,-159712.833182,-161035.026346,-161615.291231,-162459.974667,-164280.717312,0.000000,0.000000,0.000000,0.000000,0.000000,0.000000,0.000000,0.000000,0.000000,0.000000,0.000000,0.000000,0.000000,0.000000,0.000000,0.000000,0.000000,0.000000,0.000000,0.000000,0.000000,0.000000,0.000000,0.000000,0.000000,0.000000,0.000000,0.000000,0.000000,0.000000
0.000000,0.000000,0.000000,0.000000,0.000000,0.000000,0.000000,0.000000,0.000000,0.000000,0.000000,0.000000,0.000000,0.000000,0.000000,0.000000,0.000000,0.000000,0.000000,0.000000,0.000000,0.000000,0.000000,0.000000,0.000000,0.000000,0.000000,0.000000,-161122.525576,-161906.458337,-162262.906469,-162174.157326,-162223.773090,-162437.437700,-162697.691679,-162534.075881,-160990.420589,-158782.692597,-158527.160316,-158021.036943,-156812.528256,-158027.144086,-159257.805797,-158708.162744,-155300.210377,-151141.498708,-149599.903746,-146749.320200,-144696.761883,-144571.392520,-140457.332617,-136305.710551,-138029.292076,-143453.884368,-148838.781549,-152393.653913,-153469.375593,-154035.927898,-155630.987541,-157139.135135,-158436.318442,-159622.200016,-159949.693242,-159633.687460,-159334.510243,-158688.020919,-158122.128327,-158338.693321,-159021.197021,-159783.703633,-160452.244413,-161801.367601,-163498.836659,-163355.934880,-162393.814807,0.000000,0.000000,0.000000,0.000000,0.000000,0.000000,0.000000,0.000000,0.000000,0.000000,0.000000,0.000000,0.000000,0.000000,0.000000,0.000000,0.000000,0.000000,0.000000,0.000000,0.000000,0.000000,0.000000,0.000000,0.000000,0.000000,0.000000,0.000000
0.000000,0.000000,0.000000,0.000000,0.000000,0.000000,0.000000,0.000000,0.000000,0.000000,0.000000,0.000000,0.000000,0.000000,0.000000,0.000000,0.000000,0.000000,0.000000,0.000000,0.000000,0.000000,0.000000,0.000000,0.000000,0.000000,-161834.044842,-160988.466619,-159922.394723,-160334.315579,-160654.939655,-160503.952360,-160551.090567,-160626.473428,-161193.338896,-160534.327239,-158400.467293,-157369.418415,-155066.304671,-151138.923428,-151342.266003,-153542.727924,-154644.552272,-153648.606947,-147505.807844,-138117.517317,-129445.580583,-122712.081625,-118184.996374,-115033.634071,-109182.753155,-102240.650405,-103514.124653,-117946.638988,-132955.325723,-137800.420243,-140854.074409,-145810.381428,-148803.228619,-149357.973860,-150209.944814,-151846.352576,-154113.943794,-157507.234364,-158726.841710,-157429.387897,-156714.739743,-157831.543587,-159159.060132,-159282.351852,-159587.147074,-161712.196633,-164204.107360,-164642.331023,-162757.506614,-161119.429346,-162231.806982,0.000000,0.000000,0.000000,0.000000,0.000000,0.000000,0.000000,0.000000,0.000000,0.000000,0.000000,0.000000,0.000000,0.000000,0.000000,0.000000,0.000000,0.000000,0.000000,0.000000,0.000000,0.000000,0.000000,0.000000,0.000000,0.000000
0.000000,0.000000,0.000000,0.000000,0.000000,0.000000,0.000000,0.000000,0.000000,0.000000,0.000000,0.000000,0.000000,0.000000,0.000000,0.000000,0.000000,0.000000,0.000000,0.000000,0.000000,0.000000,0.000000,0.000000,-164410.562595,-162691.229666,-162181.303048,-160861.968913,-159991.380961,-159996.589038,-159707.974117,-159565.482650,-159282.864697,-158850.486457,-158140.613117,-156836.174951,-153966.935766,-150009.299585,-145513.319141,-139130.917950,-136975.250937,-142731.907194,-147170.265995,-143875.581771,-135703.690393,-117958.703150,-95341.374583,-85075.192649,-77089.818728,-70684.668162,-66796.313439,-55878.965580,-59967.497054,-81279.160159,-98574.319806,-105827.261021,-109571.627550,-118955.583251,-129184.846710,-133262.484959,-133917.964694,-137254.581038,-142671.176922,-148408.136178,-154970.433291,-157105.932533,-154750.820535,-154500.155043,-157463.858590,-158855.868502,-158554.027670,-160484.894084,-163699.696526,-164684.892523,-162608.867562,-160341.238878,-160510.096333,-162314.110669,-163742.060677,0.000000,0.000000,0.000000,0.000000,0.000000,0.000000,0.000000,0.000000,0.000000,0.000000,0.000000,0.000000,0.000000,0.000000,0.000000,0.000000,0.000000,0.000000,0.000000,0.000000,0.000000,0.000000,0.000000,0.000000
0.000000,0.000000,0.000000,0.000000,0.000000,0.000000,0.000000,0.000000,0.000000,0.000000,0.000000,0.000000,0.000000,0.000000,0.000000,0.000000,0.000000,0.000000,0.000000,0.000000,0.000000,0.000000,0.000000,-162554.255587,-162405.569242,-162766.961530,-162604.868683,-161472.287841,-160761.835401,-160194.739439,-159696.109230,-159616.913404,-157930.013038,-154083.636817,-152539.181866,-150334.219000,-142770.853373,-133578.802837,-126941.524070,-120451.537840,-119128.500597,-128765.625095,-133939.326726,-127841.292756,-111995.849896,-88768.897386,-63915.800111,-42679.845476,-33791.021028,-32800.022899,-26675.502807,-16127.439636,-22610.581833,-43112.477081,-55982.609770,-58658.829532,-59043.805433,-71945.159574,-94122.723755,-106920.363682,-109844.779331,-116243.086977,-124368.239382,-133642.929489,-145066.457904,-150362.305915,-149334.056728,-147518.331584,-148469.182421,-152506.545376,-156197.615437,-158806.602389,-161788.433371,-162608.396866,-161350.942820,-159991.434136,-160585.467421,-162606.371464,-164493.297282,-165915.273469,0.000000,0.000000,0.000000,0.000000,0.000000,0.000000,0.000000,0.000000,0.000000,0.000000,0.000000,0.000000,0.000000,0.000000,0.000000,0.000000,0.000000,0.000000,0.000000,0.000000,0.000000,0.000000,0.000000
0.000000,0.000000,0.000000,0.000000,0.000000,0.000000,0.000000,0.000000,0.000000,0.000000,0.000000,0.000000,0.000000,0.000000,0.000000,0.000000,0.000000,0.000000,0.000000,0.000000,0.000000,0.000000,-159828.652242,-160043.494356,-161247.142732,-162712.633112,-162582.576654,-161971.154771,-161317.855487,-160272.075505,-159471.636351,-156595.702142,-149811.540138,-143617.257602,-138526.472539,-130352.226709,-116994.616658,-105388.557247,-99863.111217,-99170.555492,-107774.173463,-115478.472481,-110804.301884,-97321.001942,-73525.825823,-48000.691056,-30783.080345,-14296.481382,-6851.000171,-2941.432852,5940.125174,12077.472952,11117.450657,-4914.381156,-15820.627310,-10276.613791,-6695.726797,-19859.499348,-47274.950678,-69927.895664,-86580.260419,-95328.497914,-99180.894824,-114250.094540,-130295.434828,-137044.947661,-134526.310347,-128302.126926,-130300.395017,-138500.055906,-146687.847790,-154461.027709,-159585.249937,-161151.349409,-160900.379679,-160048.833200,-160864.893315,-163641.502223,-165252.047544,-164386.070325,-163626.643367,0.000000,0.000000,0.000000,0.000000,0.000000,0.000000,0.000000,0.000000,0.000000,0.000000,0.000000,0.000000,0.000000,0.000000,0.000000,0.000000,0.000000,0.000000,0.000000,0.000000,0.000000,0.000000
0.000000,0.000000,0.000000,0.000000,0.000000,0.000000,0.000000,0.000000,0.000000,0.000000,0.000000,0.000000,0.000000,0.000000,0.000000,0.000000,0.000000,0.000000,0.000000,0.000000,-162502.994654,-161067.863607,-159515.641164,-159056.473452,-160552.184151,-161906.932367,-161736.972084,-161424.207743,-160855.491127,-159149.125740,-156259.635727,-149273.015993,-136708.581542,-121591.843887,-106158.806931,-91958.524082,-73096.488182,-57710.515641,-61998.284208,-76075.087286,-88027.130782,-92256.746676,-77320.293342,-48620.845714,-25183.084453,-5107.222181,6092.487151,7117.246336,12619.785554,21654.701574,33423.546070,43788.036793,43610.428382,34527.552094,26438.704476,27507.915029,33332.969950,24543.461765,-639.447850,-31162.235544,-56984.120475,-70717.078863,-78351.020520,-90343.262211,-109036.713813,-118585.897585,-110855.633028,-99097.717879,-99302.451014,-112421.180129,-130820.300089,-146030.120598,-153432.528829,-157081.003694,-159736.106693,-161068.572262,-161484.484459,-162806.525848,-164047.112611,-163320.322069,-162475.605595,-163445.660511,-164911.468913,0.000000,0.000000,0.000000,0.000000,0.000000,0.000000,0.000000,0.000000,0.000000,0.000000,0.000000,0.000000,0.000000,0.000000,0.000000,0.000000,0.000000,0.000000,0.000000,0.000000
0.000000,0.000000,0.000000,0.000000,0.000000,0.000000,0.000000,0.000000,0.000000,0.000000,0.000000,0.000000,0.000000,0.000000,0.000000,0.000000,0.000000,0.000000,0.000000,-160979.508567,-161231.043192,-161007.077604,-160213.524527,-159144.247303,-159157.830667,-159746.016484,-160143.964432,-160694.679728,-158695.216945,-154828.205106,-151362.351873,-143437.627029,-123472.571096,-94023.293239,-69551.120826,-47372.066221,-21294.277451,-5703.726294,-11415.429346,-31205.422273,-44702.714964,-44485.834940,-27535.870766,2213.780447,23512.552611,31663.082506,33233.406893,33792.098699,39406.208878,47897.721729,58664.184319,68944.688558,69878.211568,64999.039176,59698.171662,57596.953018,59206.866952,54366.810506,32789.701251,508.560768,-23395.668753,-38443.474183,-50313.107701,-62553.530288,-79875.457601,-88164.489708,-80549.054346,-68291.900818,-64089.266474,-81530.752499,-111556.098287,-132011.545816,-142101.815928,-147899.651544,-151933.396442,-157425.079994,-160700.642725,-160625.804195,-161311.328306,-161439.056992,-161448.255309,-162609.813460,-163443.645792,-164469.749220,0.000000,0.000000,0.000000,0.000000,0.000000,0.000000,0.000000,0.000000,0.000000,0.000000,0.000000,0.000000,0.000000,0.000000,0.000000,0.000000,0.000000,0.000000,0.000000
0.000000,0.000000,0.000000,0.000000,0.000000,0.000000,0.000000,0.000000,0.000000,0.000000,0.000000,0.000000,0.000000,0.000000,0.000000,0.000000,0.000000,0.000000,-159687.195583,-159802.674195,-160278.525759,-161557.766070,-160956.080801,-159115.347484,-158045.707091,-157963.152924,-158284.686132,-154972.272671,-149967.349253,-147421.461611,-142910.167952,-131877.766844,-110342.200766,-77794.854702,-43974.616932,-14475.620453,11075.094939,29106.388910,33324.957636,23820.723298,13448.568725,15639.546267,28646.416985,43093.648839,55091.582340,56694.181594,52831.556979,56571.127793,62982.616007,69950.661100,76162.181886,79912.806433,82277.242480,80819.362849,77760.838003,75645.100332,74775.309570,70042.229341,55059.620234,32247.652283,8553.558617,-3879.782954,-7005.809651,-22072.385733,-40025.002426,-45688.111665,-41375.332463,-28994.798801,-30749.676377,-53466.507936,-82395.546366,-106603.055482,-119018.378357,-126410.495920,-136879.408275,-147253.289647,-154181.365991,-157665.963101,-158256.324619,-158373.242069,-159400.898603,-160807.977277,-160953.555557,-161219.036556,-162554.755436,0.000000,0.000000,0.000000,0.000000,0.000000,0.000000,0.000000,0.000000,0.000000,0.000000,0.000000,0.000000,0.000000,0.000000,0.000000,0.000000,0.000000,0.000000
0.000000,0.000000,0.000000,0.000000,0.000000,0.000000,0.000000,0.000000,0.000000,0.000000,0.000000,0.000000,0.000000,0.000000,0.000000,0.000000,0.000000,-160059.154236,-159844.654647,-159427.606301,-160231.419014,-161913.354827,-161337.754812,-158831.799154,-156489.175209,-154128.510837,-148928.741245,-138887.123237,-129431.300648,-125080.583561,-120455.080872,-108585.254674,-88138.576850,-59249.274998,-23660.502836,2291.486385,21124.967448,44851.309155,57755.444893,59210.967409,57970.102770,58376.018654,64703.497492,70344.711146,71929.113700,70472.350090,69235.546156,71954.971407,76977.035980,81033.377493,83508.322529,84718.661423,85140.670116,85952.776927,85269.390923,83537.091267,83508.508548,80109.075329,70934.442082,57801.140341,44091.863749,36420.200066,33041.861910,21317.268118,7296.959014,2337.035393,4872.741114,12575.539817,9001.299722,-12102.437738,-39969.768554,-64568.018168,-79005.621227,-92103.193096,-114789.944431,-134898.122115,-144988.994148,-150512.463834,-154047.847766,-156053.190110,-156716.740796,-157909.900305,-158396.316662,-159069.157415,-161103.456082,-163521.692783,0.000000,0.000000,0.000000,0.000000,0.000000,0.000000,0.000000,0.000000,0.000000,0.000000,0.000000,0.000000,0.000000,0.000000,0.000000,0.000000,0.000000
0.000000,0.000000,0.000000,0.000000,0.000000,0.000000,0.000000,0.000000,0.000000,0.000000,0.000000,0.000000,0.000000,0.000000,0.000000,0.000000,-161931.602746,-160869.397723,-160451.667764,-159945.982337,-160345.019824,-160582.140240,-158892.337384,-155834.105101,-150468.417276,-143640.241476,-129922.443135,-110043.673506,-94395.393895,-86415.262144,-83221.364909,-73694.208825,-54815.123592,-32467.541530,-5661.119635,18606.698844,34874.946375,54000.344752,69604.268173,75552.100529,77420.753725,77235.338989,78972.682900,81968.091466,82704.079480,80442.886984,79460.268100,81645.963584,84084.358632,85088.857986,86075.945519,87326.375737,87690.169335,86857.335822,86251.288994,86426.206039,86281.431978,85635.198107,81925.358293,74869.481867,69538.969585,66946.702127,62055.485389,54602.906484,47160.094364,43760.614818,46186.376534,47700.199711,42130.780765,25507.277959,2511.620365,-16838.021878,-40456.470785,-68175.360877,-92820.448524,-119767.694685,-135872.683509,-139606.711108,-144495.212564,-150250.956959,-153926.225464,-155645.638831,-156905.474277,-158024.204093,-160223.985559,-162887.139620,-165177.968363,0.000000,0.000000,0.000000,0.000000,0.000000,0.000000,0.000000,0.000000,0.000000,0.000000,0.000000,0.000000,0.000000,0.000000,0.000000,0.000000
0.000000,0.000000,0.000000,0.000000,0.000000,0.000000,0.000000,0.000000,0.000000,0.000000,0.000000,0.000000,0.000000,0.000000,0.000000,-160822.370300,-161424.910384,-161113.197601,-160338.761170,-159640.208891,-158456.563764,-156631.992546,-154229.850858,-148820.904108,-138410.931979,-125687.608624,-104591.672130,-73039.631950,-51847.122742,-48085.564169,-40246.812362,-27232.178220,-21422.496051,-8089.733584,17633.579886,40069.197864,54612.466749,67256.393250,78663.308398,83037.954690,83242.765143,84002.159633,84767.395015,85294.255413,86088.470556,86004.552672,85209.765697,85975.485334,86382.574588,86143.484626,87352.014261,88404.535877,88149.126273,87123.966464,86661.689554,87028.314591,87094.348235,86844.421826,86731.928955,84972.005425,81329.995317,79966.155666,79199.055829,75062.709678,70719.021440,69814.711761,70327.768306,69468.096167,60107.052517,43913.711402,27529.161431,5078.423676,-23766.377888,-53698.826054,-80388.663228,-103365.501486,-116002.376342,-118088.063116,-124991.220411,-137606.796920,-147515.109567,-153645.415544,-156797.670732,-158266.562508,-159608.550392,-161351.609743,-163069.997996,-163349.421370,0.000000,0.000000,0.000000,0.000000,0.000000,0.000000,0.000000,0.000000,0.000000,0.000000,0.000000,0.000000,0.000000,0.000000,0.000000
0.000000,0.000000,0.000000,0.000000,0.000000,0.000000,0.000000,0.000000,0.000000,0.000000,0.000000,0.000000,0.000000,0.000000,-157642.443178,-159266.572695,-160006.467258,-159807.002029,-159482.641994,-158284.791781,-155836.270489,-152096.150011,-145203.423146,-132535.883314,-114642.434164,-93943.107974,-69756.874376,-37497.755161,-13292.466445,-6132.719908,4062.958619,16433.283168,18352.049313,22864.824010,42315.710724,60348.473780,70638.071347,79228.435486,84601.415828,85295.040656,84636.799680,85904.104244,87031.500108,87030.686026,86939.180025,87414.983701,87321.383687,87012.950752,86925.023819,87425.517692,88361.951001,88332.683019,87528.882125,86901.606008,86970.833577,87690.425247,88261.150980,88082.344588,87414.616668,87320.281876,86778.254678,85963.834106,85350.323206,83446.034660,82120.459463,82280.560511,81316.237829,78434.152999,70817.332329,58009.156035,40566.356077,11506.388777,-16531.476886,-35505.808924,-55851.491908,-73758.781999,-81482.822514,-82856.816303,-94298.715112,-116597.955242,-137355.184178,-150391.923449,-156194.185439,-158501.067863,-159133.753833,-159901.532708,-161136.231342,-161915.737403,-162109.991935,0.000000,0.000000,0.000000,0.000000,0.000000,0.000000,0.000000,0.000000,0.000000,0.000000,0.000000,0.000000,0.000000,0.000000
0.000000,0.000000,0.000000,0.000000,0.000000,0.000000,0.000000,0.000000,0.000000,0.000000,0.000000,0.000000,0.000000,-156598.800994,-157033.941604,-158024.070384,-158658.632736,-158904.633423,-158896.903912,-156584.230623,-150841.840513,-142671.668229,-127521.584346,-102168.903567,-72430.681378,-47153.350035,-24660.793438,1099.925471,19087.541309,28705.322495,39532.577902,50175.155914,54415.429060,55005.597040,63751.694218,75677.957255,81048.180541,83868.758957,85681.715202,85463.649448,85634.594796,85809.751918,86325.729598,87182.631109,87670.801018,87863.646808,87535.491905,87283.688325,87256.379700,87899.379325,88637.337417,88437.224830,87794.947074,87269.985078,87085.178467,87230.425925,87990.851485,88451.537900,87806.112370,87782.904143,88193.794935,87782.353232,87116.393874,86393.213707,85713.323920,85290.213706,85222.042013,84056.408280,79572.604450,69976.042129,54994.185172,32742.768224,7404.005345,-6142.717795,-12259.923649,-29868.732834,-48097.783346,-56881.550058,-72746.808241,-99701.996291,-127607.664638,-146285.538113,-154618.482695,-157296.694179,-157751.386448,-157959.015201,-158413.611648,-159949.456733,-161474.466991,-162338.436837,0.000000,0.000000,0.000000,0.000000,0.000000,0.000000,0.000000,0.000000,0.000000,0.000000,0.000000,0.000000,0.000000
0.000000,0.000000,0.000000,0.000000,0.000000,0.000000,0.000000,0.000000,0.000000,0.000000,0.000000,0.000000,-158506.140426,-157962.721200,-157874.381178,-158495.883735,-158602.561353,-158405.824091,-156540.839571,-150669.847800,-141267.188016,-124695.415547,-98460.153966,-63151.677156,-26731.083926,-3185.750862,13316.336879,33252.866945,44121.534959,47301.895741,59835.222388,71462.620053,73227.901622,74808.532974,79838.672585,83767.249106,84617.300407,85323.082598,85992.056240,85958.640883,86210.376439,85692.819142,85379.384896,86318.151457,87147.148897,87520.326595,87433.702444,87357.177542,87719.866451,88539.421367,88958.051747,88643.272424,88076.888560,87674.734265,87685.043436,87794.857431,87843.138428,88034.696949,87731.999494,87689.923704,88148.910953,87915.752371,87730.084090,87149.008105,86328.755126,85867.346867,85622.531594,85753.621417,84266.448537,79722.131027,71157.113608,57171.927631,43253.021487,35426.550450,27167.355558,2382.226222,-29609.698921,-52869.094596,-77770.635860,-103067.409115,-124494.634314,-142264.957517,-151580.155507,-154396.338448,-156019.748206,-156912.469149,-156667.767176,-158033.388850,-159570.602625,-161001.162351,-163709.582156,0.000000,0.000000,0.000000,0.000000,0.000000,0.000000,0.000000,0.000000,0.000000,0.000000,0.000000,0.000000
0.000000,0.000000,0.000000,0.000000,0.000000,0.000000,0.000000,0.000000,0.000000,0.000000,0.000000,0.000000,-160689.947513,-159988.224201,-159477.404024,-159210.531725,-158248.293533,-156265.669832,-152042.832610,-140828.112403,-124732.009307,-103812.769287,-71647.553641,-32904.802478,1728.168874,21000.333505,32397.451727,49677.574450,60990.755902,64491.885653,71771.739550,79692.771613,82873.128625,84750.707228,86944.711655,86851.433049,86258.954298,86700.024382,86450.472183,85996.447369,86043.926662,85889.765157,85801.242205,85967.485571,86749.942743,87497.572581,87365.211895,87695.338681,88596.339331,89314.653246,89469.648402,88991.291417,88147.532612,87546.869662,87722.704524,88201.544377,88407.249952,88313.598507,88166.666833,88171.160909,88306.273695,87845.745285,87158.056362,86642.704381,86635.860360,86909.936468,86944.115925,86251.463408,84723.100273,84581.927034,82331.553057,75061.677847,69062.688009,64993.160904,53366.999137,24818.242069,-16163.025498,-54646.871065,-84924.242291,-105745.303208,-119429.557560,-132623.558100,-143690.831802,-148595.969271,-151482.291001,-155900.253919,-157583.256485,-157487.144045,-159068.627489,-160663.333929,-162164.275593,0.000000,0.000000,0.000000,0.000000,0.000000,0.000000,0.000000,0.000000,0.000000,0.000000,0.000000,0.000000
0.000000,0.000000,0.000000,0.000000,0.000000,0.000000,0.000000,0.000000,0.000000,0.000000,0.000000,-163266.807960,-162557.025113,-161433.373829,-160138.473540,-158676.362766,-157283.488116,-153476.712952,-145393.449204,-130003.806692,-109933.232869,-87972.404959,-57345.068290,-18418.174165,15432.456341,33689.575937,47793.955711,62549.363175,72423.004837,77485.999659,80803.758382,84557.775378,86622.268393,87959.590517,88448.610555,87726.734854,87559.947768,87230.571221,86415.874801,86430.174544,86543.235896,86540.229094,86483.235852,86288.161730,86979.307993,87959.754601,88121.931140,88445.395672,89330.830443,89632.683936,89192.772402,88705.342998,87862.253195,87193.670696,87207.960908,87652.439723,88449.554631,88899.179108,88952.433362,89046.010622,88993.233513,88189.638702,87142.078209,86647.595241,86702.862828,87147.559295,87805.278567,87852.814031,86700.401888,85777.871341,85834.001272,85038.632184,81550.613685,77754.040186,69045.122860,46842.903777,8955.116725,-35108.532517,-69265.446662,-86784.541266,-97337.158473,-114260.147303,-127285.496279,-133065.321705,-140792.890840,-149280.017184,-155564.790749,-158512.072930,-159870.621407,-160790.234420,-162347.900498,-164695.809321,0.000000,0.000000,0.000000,0.000000,0.000000,0.000000,0.000000,0.000000,0.000000,0.000000,0.000000
0.000000,0.000000,0.000000,0.000000,0.000000,0.000000,0.000000,0.000000,0.000000,0.000000,-165788.924466,-163940.856934,-163679.603374,-162125.883868,-159373.510224,-157593.371607,-153353.804624,-146475.753403,-136758.226871,-120681.969036,-101871.460074,-79692.989815,-48179.051209,-9532.139748,25795.782104,49408.877121,64095.244699,75084.472340,81475.601147,83647.436356,86056.216694,87182.290710,87075.298245,87808.804937,87884.490509,87821.444159,87829.448481,87504.523911,87297.824721,87395.477246,87493.918156,87728.917312,87519.189009,87294.676077,87758.690958,88166.430672,88319.598463,88552.969864,89086.542601,89219.113040,88660.148081,88265.717489,87746.499742,87256.483565,87133.205974,87415.390747,88521.946847,89285.583568,89664.652808,89704.956833,89191.275382,88416.939364,87855.985993,87699.691827,87556.838681,87718.173402,87669.393592,87747.022410,88106.626919,87783.541943,87146.086328,87488.545749,86989.058955,84193.724695,78670.177033,64517.468901,39418.575781,5562.177141,-26889.220377,-46071.197231,-60951.849522,-84204.521072,-102818.151491,-110498.105723,-123273.089739,-138827.544894,-149736.223210,-156596.280996,-159363.524851,-160547.461800,-161887.202384,-163415.926542,-165329.560073,0.000000,0.000000,0.000000,0.000000,0.000000,0.000000,0.000000,0.000000,0.000000,0.000000
0.000000,0.000000,0.000000,0.000000,0.000000,0.000000,0.000000,0.000000,0.000000,-165600.398562,-164577.238396,-164143.585727,-163485.815972,-161152.375330,-158224.282971,-153751.955834,-144566.764481,-132429.546447,-123433.442448,-111092.636467,-91309.759257,-69663.793030,-40445.618340,-3125.961511,35513.181886,62704.303219,75483.282738,83235.486532,86293.197590,87231.705104,88447.686846,88250.817414,87988.549195,87997.726713,87678.231395,87723.332954,87940.107677,88181.759690,88682.036499,88556.159991,88309.466307,89055.253327,89191.609135,88628.308253,88360.185406,87986.763936,87859.316924,88051.952944,88121.838997,88186.525592,88180.788895,88302.519178,88489.969835,88347.737174,87987.707031,88119.500268,88900.085413,89608.877477,90107.518104,89993.371313,89469.217129,88801.673887,88460.401384,88507.526449,88377.260292,88222.860872,87621.807287,87146.064660,87554.986687,88446.429125,88365.057793,88411.344711,88593.051241,86485.566453,83231.418608,76952.941335,63803.374017,44351.234419,23917.853548,5347.729563,-16393.090028,-46880.456352,-78953.928906,-94940.538532,-107771.455943,-130798.402946,-145642.440887,-152645.895308,-158086.910739,-159426.651081,-160373.800097,-162367.638722,-164314.984149,-166558.633039,0.000000,0.000000,0.000000,0.000000,0.000000,0.000000,0.000000,0.000000,0.000000
0.000000,0.000000,0.000000,0.000000,0.000000,0.000000,0.000000,0.000000,0.000000,-163326.878116,-163249.362727,-162941.842916,-162050.050770,-160301.273170,-157475.513915,-147378.997148,-130506.715526,-114461.913066,-104753.353916,-97834.002874,-79061.462392,-47151.719239,-15380.343809,14270.258388,47199.844681,71157.772544,82183.841103,86769.073245,87809.670603,89502.977973,90337.729612,89376.961921,88653.661569,88059.007756,87575.191587,87969.874344,88290.157580,88881.764034,89593.187685,89515.960663,89544.642034,90187.506316,90347.438283,89652.773771,88714.192632,88009.901724,87634.411906,87492.091923,87403.100671,87499.403806,87772.289966,88584.503458,89442.264595,89553.293016,89299.633143,89077.866572,89352.743835,89871.067833,90061.547254,89701.761414,89316.060679,89057.471339,88951.426525,88983.755370,88575.487200,87946.077327,87572.567504,87490.115856,87522.247113,88123.088251,88399.126185,88281.278782,88831.435127,87843.831285,85066.863231,82537.193550,78306.689512,70502.341094,58888.893115,45842.701873,22949.372494,-15619.192533,-51978.274969,-78270.467748,-100470.516196,-122896.632417,-140499.387788,-149102.561279,-154728.904499,-157787.028581,-159296.716512,-161240.530528,-163078.848798,-165256.818836,0.000000,0.000000,0.000000,0.000000,0.000000,0.000000,0.000000,0.000000,0.000000
0.000000,0.000000,0.000000,0.000000,0.000000,0.000000,0.000000,0.000000,-161240.155773,-162004.980821,-162559.830997,-161536.239322,-160941.827167,-160476.979498,-154264.722187,-140394.558466,-116812.884328,-96504.233704,-92819.828432,-84092.330838,-55363.471338,-14749.459515,20833.842543,44774.097118,64365.794399,79300.009027,86028.600286,87766.594446,88906.353186,89991.575353,89844.626025,88789.374397,88320.895395,88007.322957,88143.148613,88574.687502,88795.818431,89235.801569,89817.824013,89951.605865,90138.746914,90511.487921,90527.385770,90143.179866,89281.101077,88440.677597,87631.463471,87165.283995,87175.987289,87145.644407,87725.560556,88869.535434,89604.236066,89796.409517,89334.611202,88956.101266,89503.398279,89936.404206,89853.529302,89410.215714,88908.798987,88694.233011,88780.865262,89031.632645,88713.444469,88092.366515,87769.393627,87834.526761,87914.121200,87946.977022,87836.065249,87739.866766,88481.915837,88540.070031,87166.273790,85295.815383,84126.585465,82288.190772,76476.653093,67578.489301,49039.046032,12745.403764,-25058.787825,-55314.492013,-84193.966526,-106325.038151,-124694.287602,-141163.418447,-150933.402429,-155721.915799,-157957.225984,-159753.992549,-161672.936962,-163409.143756,-164699.258726,0.000000,0.000000,0.000000,0.000000,0.000000,0.000000,0.000000,0.000000
0.000000,0.000000,0.000000,0.000000,0.000000,0.000000,0.000000,0.000000,-160551.926499,-161151.014173,-160932.462541,-160081.155888,-160100.697432,-158146.814791,-148766.727621,-132999.668815,-108458.127216,-88136.854731,-86806.215429,-72833.961141,-30531.153294,14866.948923,48172.845099,67401.520493,77998.671170,84717.033395,86963.529017,87506.506897,88723.706182,89105.336871,88449.995686,88113.650021,87947.558816,87702.025949,88039.419347,88058.220833,87983.524849,88576.659810,89325.985966,89679.747820,89706.445380,89959.424019,90100.882142,90110.494607,89604.449612,88529.005541,87565.016794,87071.129553,86929.784783,87025.408169,87812.927026,88947.403564,89593.176857,89349.232898,88644.580113,88583.051700,89338.012662,89737.920632,89564.782412,89112.692017,88507.737119,88132.041515,88052.620266,88356.106038,88787.500007,88698.727744,88194.486260,88084.319454,87944.271050,87411.352836,87239.537516,87504.877740,87944.603646,88149.066402,87943.735595,87527.868747,86995.197947,86162.538052,83908.266997,77478.959776,62268.334555,33639.534895,-6972.835169,-38249.099367,-60307.440777,-86065.921861,-105805.722709,-126939.531965,-146724.436607,-154457.789014,-157130.761218,-158803.214964,-160328.523276,-162176.509246,-164035.223616,0.000000,0.000000,0.000000,0.000000,0.000000,0.000000,0.000000,0.000000
0.000000,0.000000,0.000000,0.000000,0.000000,0.000000,0.000000,-160131.323972,-159460.709357,-159302.312147,-158665.425997,-158611.590281,-157322.670932,-152058.828774,-144050.592850,-126541.419683,-103329.569184,-90836.632751,-80413.349257,-56571.815189,-13213.467653,35473.306252,65160.394515,77282.961548,83748.610177,86854.854853,86784.491531,87308.712636,88303.446093,88504.426319,88079.825688,87546.927724,87190.891902,86865.307853,87009.172187,86952.323296,86851.115601,87421.362902,88272.760967,88397.330799,88337.509618,88499.694045,88717.353788,89289.636807,89218.124600,88296.280301,87400.177140,86958.781195,86921.493502,87199.709200,87928.243846,88917.403674,89400.711004,88873.244146,88372.881548,88605.892991,89248.753557,89558.029147,89251.784954,88671.057268,88067.924418,87580.005069,87327.070740,87759.425685,88345.549243,88400.922706,88190.989910,88145.169384,87995.390543,87361.557678,87092.485088,87728.233908,88367.699756,88048.197124,87523.867983,87866.145468,88217.561461,87903.001549,86871.018171,82236.480260,67899.298671,42912.578387,6914.090733,-25831.186529,-46366.300542,-68514.144123,-90553.541192,-114369.561731,-138821.329507,-152606.449693,-156899.456256,-157934.639733,-159752.756101,-161583.676877,-162974.646122,-164270.773406,0.000000,0.000000,0.000000,0.000000,0.000000,0.000000,0.000000
0.000000,0.000000,0.000000,0.000000,0.000000,0.000000,0.000000,-159026.989719,-158558.553701,-158027.575680,-157105.803654,-156014.850778,-152278.850723,-144125.586891,-134048.537624,-118834.125222,-98626.228009,-83679.542900,-67431.891824,-34058.891269,11356.019515,50381.229165,72572.129129,82525.533773,87011.614265,87930.210411,87133.054473,87028.866925,87525.389380,87829.492402,87729.809696,86999.958087,86743.592069,86652.215865,86488.721181,86418.955666,86529.297421,87119.745266,87554.666303,87474.549444,87054.359690,86978.607693,87453.241789,88206.329721,88425.209731,87730.156906,87130.748044,87149.261135,87346.021054,87409.515272,88139.864527,88985.342863,88848.013433,88360.651268,88122.481500,88427.248180,88940.497689,88842.142859,88409.139587,88293.717568,88022.596592,87301.242277,86816.060828,87110.613049,87493.558482,87669.359502,87802.970225,87884.134963,88121.104488,87616.472074,87163.627576,87870.699000,88594.596452,88242.023261,87554.200032,87867.901567,88492.222445,88507.606923,87716.381052,84079.728242,74836.930253,50564.947625,17958.763079,-11568.557600,-40605.439999,-60650.920121,-79196.000930,-104585.137061,-130013.867773,-148570.446824,-155423.941988,-157596.305652,-159711.693247,-161397.288162,-162762.618108,-163945.064765,0.000000,0.000000,0.000000,0.000000,0.000000,0.000000,0.000000
0.000000,0.000000,0.000000,0.000000,0.000000,0.000000,-159871.342030,-159055.595882,-159194.540314,-158524.192806,-157323.698080,-154365.048888,-147906.450662,-136619.654391,-121223.919497,-106455.932930,-83433.536657,-57879.480764,-40561.396068,-8877.882398,34539.048733,62765.033724,77420.238104,85285.411649,87714.758666,87648.322231,86716.965080,86407.494253,86814.963783,87663.288491,87779.800731,87460.477231,87200.685680,87021.413549,86823.639938,86498.644440,86715.123593,87296.046514,87663.788381,87450.324670,86815.333338,86583.595343,86975.158798,87697.628696,87980.958269,87568.499063,87487.945190,87966.597922,88074.461085,88069.253555,88692.473457,88967.404532,88370.621187,87666.643674,87655.238061,88068.234998,88105.440496,87718.259432,87525.340446,88139.434908,88474.385152,87757.357547,86752.812391,86406.601024,86817.304775,87201.213636,87455.179369,87996.285054,88392.718165,87785.546620,87385.571275,87914.135967,88260.797980,87929.799307,87598.270707,88155.929719,88965.348129,89138.327268,88122.179503,85350.105115,79031.405417,60486.752904,31673.176645,-180.037824,-34477.410894,-62613.878842,-80918.750086,-99549.775234,-124694.601963,-144716.775933,-154128.579578,-157764.802734,-159324.378261,-161538.064409,-163148.629289,-164511.022287,-166058.348123,0.000000,0.000000,0.000000,0.000000,0.000000,0.000000
0.000000,0.000000,0.000000,0.000000,0.000000,0.000000,-158032.789129,-159516.052406,-160640.306199,-160192.172824,-159134.450436,-154271.907148,-144213.321968,-130740.399964,-111898.807042,-87152.613599,-54066.717184,-22930.112329,-1865.773801,24417.184744,52785.153070,72164.947205,81931.563505,85210.338783,86759.600678,86927.801765,86508.079736,86042.796614,86453.781181,87341.400676,87599.940689,87857.459467,87954.464406,87734.341149,87416.063479,87004.756630,86714.470537,86896.892936,87548.729149,87439.538700,87030.873006,86952.668370,86975.595741,87350.603382,87566.108350,87812.184915,88244.258636,88628.695650,88662.841809,88646.370303,88975.405100,88781.809571,88003.609522,87437.965087,87659.168679,87982.861277,87679.907914,87274.834200,87507.551685,88563.434263,89303.695175,88833.862113,87589.823945,86768.190869,86791.404403,87033.961102,87753.057774,88747.710489,89036.748230,88490.893344,87915.455597,88146.289630,88377.086656,87689.816639,87408.957975,88441.222469,89300.961345,89269.455926,88639.496531,86850.967674,81116.189378,70174.304480,46837.283975,14809.531657,-18748.934908,-55462.087007,-78403.017041,-95668.464455,-122377.598996,-143319.818747,-153418.514964,-157585.310328,-159503.059017,-161274.915740,-162892.263731,-164434.073278,-165260.003145,0.000000,0.000000,0.000000,0.000000,0.000000,0.000000
0.000000,0.000000,0.000000,0.000000,0.000000,-156353.935252,-157882.242097,-159859.110730,-160635.139699,-160767.355822,-158520.707058,-151303.259091,-138658.599464,-118918.020320,-94023.879848,-59278.778453,-17611.462416,13843.839206,36818.052656,55581.244238,69616.833359,80297.621434,84949.721451,85801.798726,86468.259192,86561.935989,86066.254000,85734.631550,85864.178409,86425.137556,86944.174513,87524.637624,88066.765249,88269.396908,87890.788003,87258.051039,86603.314869,86607.243693,87176.010667,87443.872730,87656.152321,87463.119904,87078.161888,87020.267648,87158.938021,87738.457789,88559.485449,88932.670818,88789.548029,88652.098657,88814.820242,88674.892266,87918.050741,87657.020845,88117.441604,88289.551337,87789.584821,87270.770904,87674.753173,88902.285611,89866.214106,89742.619315,88932.121130,88009.389062,87405.549742,87662.597260,88544.670642,89469.764985,89970.137184,89444.487277,88690.433702,88581.013301,88254.104161,87541.222009,87478.220952,88438.494923,89445.701907,89113.646459,88104.945453,87266.513234,84658.120326,76945.833256,62575.567572,40647.302230,7823.522349,-28916.353853,-55111.452043,-80671.126448,-115236.065602,-141201.816127,-152383.811075,-157280.343297,-159857.530353,-161183.865543,-162126.186003,-163393.214538,-164190.746464,-164579.643149,0.000000,0.000000,0.000000,0.000000,0.000000
0.000000,0.000000,0.000000,0.000000,0.000000,-159264.189504,-159367.783011,-159938.946154,-159910.944439,-160189.960415,-156170.071741,-147865.948518,-130756.017186,-102865.650253,-71323.825517,-31532.300376,8031.621768,37656.731475,57899.931698,71671.077834,81541.579921,85475.154625,86677.009227,87499.216954,87183.714329,86304.513725,86001.503020,85965.060109,85897.048847,86102.620572,86584.228291,87074.326855,87564.975207,88080.582226,88096.354052,87574.928086,87114.687411,87035.391800,87336.322872,87889.737173,88273.310980,88067.358433,87500.658378,87060.112678,87110.358430,87625.332190,88292.725933,88715.451979,88610.577789,88453.821566,88511.832578,88224.159501,87831.663053,87984.697776,88483.637426,88580.684958,87987.863113,87544.265394,87775.182289,88692.544601,89698.296984,90039.502382,89837.839255,89158.599656,88434.800409,88434.309991,89164.366254,90106.862156,90481.985508,89802.170822,89246.238991,89064.167564,88337.680557,87772.472346,87776.636151,88424.365929,89310.909187,89089.268332,87866.154999,87394.755776,86799.768140,82288.863723,74555.501646,60749.444763,35115.970604,6843.192733,-20774.741614,-57372.444696,-100068.240169,-134800.331313,-151415.831961,-156064.668873,-159083.533088,-160816.590914,-161006.700823,-161699.376077,-162268.878401,-162330.925746,0.000000,0.000000,0.000000,0.000000,0.000000
0.000000,0.000000,0.000000,0.000000,-165482.244444,-162718.519037,-161018.403108,-160775.393871,-160482.422634,-159682.823807,-156593.501092,-146225.057955,-125530.322546,-94275.454594,-52377.982038,-13099.045269,16275.186960,42530.840157,61671.086809,76341.935814,85256.435486,86874.861313,88388.069044,89000.702251,87869.702979,86482.359051,86013.764137,85994.710327,86107.020660,86377.367998,86649.998595,87027.347140,87385.756370,87772.895610,87873.629506,87806.408035,87758.725054,87465.935820,87593.799564,87885.545270,88036.057032,88266.564280,87912.824437,87286.759523,87264.576863,87751.109474,88136.028466,88344.193088,88295.424644,87948.756251,87864.633735,87626.876398,87364.020601,87736.102763,88457.435711,88734.776052,88185.561312,87762.719404,88091.890661,88878.700939,89365.318303,89786.896481,90068.017463,89594.082656,88970.084817,88883.603849,89719.728566,90567.801173,90382.494803,89602.973199,89145.068910,89083.258779,88967.643972,88592.511137,88441.929063,88674.519404,89010.753599,88975.713521,88327.477009,87916.002915,87781.045003,86133.954617,80125.792174,71518.662994,56181.521433,34091.493430,11499.615837,-26704.732561,-79658.317798,-122755.014088,-146363.899143,-154906.523490,-157413.947370,-159233.615249,-160137.556088,-159698.897717,-160138.740694,-161458.665227,-161865.309912,0.000000,0.000000,0.000000,0.000000
0.000000,0.000000,0.000000,0.000000,-167122.596216,-164442.363422,-162142.615496,-161889.909643,-161309.881488,-159628.068084,-156895.763317,-145623.878775,-121496.207666,-84691.327625,-40423.180381,-1362.632949,25143.126521,43691.278942,63317.278878,78347.903347,84754.122194,87868.975477,89618.096000,89358.255026,87611.448024,86219.834780,85579.991805,85801.794940,86350.295120,87062.138813,87504.533510,87424.279658,87458.192608,87607.135680,87664.938758,87850.568140,87913.883448,87779.631768,87472.042268,87288.803581,87562.573717,87849.087267,87784.339550,87739.359430,87904.118072,88196.911714,88485.305012,88549.222901,88238.043458,87621.953121,87191.169284,87114.009634,86879.837036,86979.066472,87874.864425,88445.170793,88040.642582,87702.107338,88305.748867,89137.927091,89509.323038,89627.896511,89698.312998,89295.189566,88768.444396,88999.359331,89773.841372,90251.766969,89884.952492,89085.403099,88714.852530,88910.921742,89082.431060,89144.853879,88980.012205,88577.017486,88646.484790,88855.205225,88756.592446,88420.275991,88274.733099,87624.347666,84699.751192,79194.616774,69909.943247,55837.590481,38562.438563,4849.480528,-51766.569771,-103286.706769,-134568.187643,-151095.293271,-156166.867221,-157975.130922,-159732.690587,-159131.549123,-159340.734372,-161343.208519,-162731.142940,0.000000,0.000000,0.000000,0.000000
0.000000,0.000000,0.000000,0.000000,-167225.634403,-164333.985313,-162144.193453,-161205.311169,-161142.709509,-160109.882165,-155760.670930,-144014.532968,-117160.293591,-80231.206537,-41496.811489,555.637944,32342.593484,52067.078013,69866.294054,81209.592636,85506.179799,88154.415124,89285.393497,88501.312444,87320.259013,86009.385123,85513.862693,85935.967391,86922.801140,87843.480438,88282.268617,88115.504264,87963.966869,88055.397672,88030.366268,88069.249137,88102.700882,88110.027068,87719.742397,87544.133207,87726.388872,87953.038571,88344.230352,88525.262110,88581.206942,88522.444408,88507.906846,88472.802118,88034.830511,87401.818082,86939.171187,86795.019091,86594.547337,86522.199855,87094.699078,87728.544392,87606.885310,87431.899747,88228.234799,89100.257294,89523.017879,89603.199118,89382.588089,89100.639611,88791.356107,88691.121800,88999.645285,89426.146788,89135.892856,88395.268173,88408.083330,88894.851673,88965.165128,88934.518121,88551.129885,87851.159236,87877.870484,88275.212169,88477.529815,88416.261063,88149.347871,87878.933724,87096.035026,83985.986300,78226.514898,71863.022277,58772.338436,27974.756778,-23698.751535,-79660.080329,-119362.898887,-143119.541931,-154239.455408,-157217.361821,-158412.496440,-158885.922294,-159420.296952,-160717.591499,-163231.920266,0.000000,0.000000,0.000000,0.000000
0.000000,0.000000,0.000000,0.000000,-166340.768864,-163606.028191,-161212.956814,-160147.471053,-160316.364055,-159519.895370,-153975.572530,-140194.181814,-119201.276291,-88116.371980,-49541.432641,-9439.371661,31119.957730,59772.648224,75763.441299,84328.393334,86834.762180,88345.224076,88557.756283,87801.600997,87042.134930,86070.802073,85760.397692,86153.572957,87146.685084,88293.399991,88795.106344,88922.735053,88831.208083,88729.632707,88318.969505,88110.767773,88333.624904,88373.573133,88326.103287,88235.920428,88355.749600,88826.696889,89370.664950,89432.444967,88876.059509,88176.512006,87709.253782,87622.965312,87380.906705,86963.349723,86978.032339,86949.124464,86557.027203,86305.213857,86666.221244,87323.534189,87339.489801,87316.042712,88008.511668,88899.646030,89196.931941,89276.083770,89515.955916,89249.418858,88920.089569,88555.890398,88154.290057,88317.118898,88196.075209,87942.207268,88377.903501,88755.689369,88622.987764,88234.688828,87766.640340,87226.997395,87203.104776,87529.029271,87702.609708,88047.417206,88234.848799,88182.039654,88076.289302,87095.656839,83453.747609,77624.002218,66299.921283,35781.413283,-13494.566215,-66082.486134,-109379.186810,-135743.439164,-150183.004052,-156700.786168,-157509.093659,-158305.514581,-159608.900195,-160520.089794,-161415.428827,0.000000,0.000000,0.000000,0.000000
0.000000,0.000000,0.000000,-165903.057064,-165621.734365,-163668.083579,-161823.177952,-161115.809002,-160063.316028,-157110.322239,-149780.165786,-135248.570436,-113226.030721,-85429.666324,-52977.438329,-11621.192997,34460.102165,65590.123201,79880.287755,86359.664770,88158.517387,88473.630407,88056.587387,87464.694830,86982.318952,86637.484463,86578.795316,86683.693334,87315.195978,88528.719063,89285.505093,89291.070543,89117.786248,88610.359323,87902.803459,87826.477444,88151.593871,88549.494630,88528.201384,88134.827014,88288.930463,88814.408074,89369.399661,89575.081914,88794.363986,87474.107718,86752.142526,86879.999034,87200.457259,87173.214441,87149.916628,87241.539231,86928.218949,86476.506272,86748.495190,87386.077296,87651.955400,88071.576075,88566.685598,88841.618529,88969.827999,89032.764555,89416.367342,89454.280928,88902.062251,88390.706937,87828.126474,87476.552240,87418.282403,87621.641994,88305.410235,88400.229734,87627.912050,87206.753049,87222.786764,87107.188078,87073.163864,87311.737997,87472.107739,87639.057150,88419.198959,89186.860957,88807.717995,87873.310045,85721.046150,79301.173914,65418.244108,32380.829332,-18640.260063,-66479.283737,-104007.364135,-130755.858980,-146617.167414,-154824.577213,-157175.004025,-157904.212031,-159204.793098,-160209.500745,-159576.862641,-157904.749546,0.000000,0.000000,0.000000
0.000000,0.000000,0.000000,-166249.960263,-164972.642709,-163794.605116,-163045.409261,-162281.716028,-160497.082635,-155056.166547,-145775.599499,-127661.443549,-95159.094781,-63835.911246,-33006.145054,6967.884991,45149.852892,72357.341591,84308.282403,87383.461956,88864.266107,88476.608801,87811.255845,87428.170104,87375.040174,87448.060260,87090.183427,86625.384387,87070.895418,88280.737235,89124.780900,89286.957157,88819.164674,88031.762007,87402.641087,87477.839050,88104.492466,88404.895159,88054.321449,87574.935184,87216.918561,87428.285084,88293.055667,88900.989120,88300.327074,87271.009592,86829.880732,87082.660666,87643.117678,87922.632434,87821.484466,87529.321058,87404.081196,87216.661195,87304.286018,87769.557936,88484.778546,89404.049873,89953.337335,89686.472761,89227.911126,89168.118871,89198.967214,89360.964200,89078.951184,88399.734649,88026.376167,87717.154682,87461.626436,87719.196466,88390.033393,88313.573235,87392.034369,86757.781726,87030.094255,87381.084934,87084.551720,87038.121113,87261.164278,87505.209591,88265.208870,89292.146160,89021.828060,87670.178340,86665.544191,81636.173474,66592.645150,35095.370225,-14376.553320,-60926.782236,-95513.377202,-124752.671804,-142018.299591,-150413.669395,-155434.760075,-157314.701326,-158687.848513,-159484.196119,-159216.883698,-158581.539605,0.000000,0.000000,0.000000
0.000000,0.000000,0.000000,-165913.098932,-164589.213411,-163564.041628,-162830.308874,-162315.351207,-160622.319014,-156076.292109,-143575.545111,-119402.486499,-82733.150743,-38371.323375,-971.191717,27696.754240,55198.424506,76078.700901,85144.299396,88194.875941,89191.403100,88503.843151,87794.550932,87273.259698,87310.537789,87542.627085,86814.311341,86027.706742,86284.844119,87506.125604,88559.578273,88891.946766,88524.214978,87727.868533,87287.437884,87473.523711,88016.445466,88121.181350,87539.187422,86931.399807,86546.795698,86479.518968,87178.502150,88158.710465,88213.164754,87706.726132,87518.834922,87852.273212,88477.246322,88676.332000,88356.551459,87943.649876,87805.751687,87841.755422,87753.126266,87918.282592,88870.115381,90200.301163,91035.704164,90770.751242,89840.299755,89539.745163,89477.092348,89134.653103,89016.694023,88692.027857,88344.310413,88171.296985,87841.193168,88055.236815,88716.208073,88656.757875,87998.454598,87520.562027,87669.023272,87769.815721,87151.736895,86626.405951,86921.647362,87646.303799,88081.838076,88587.266270,88607.303057,88002.046805,87220.759278,84488.831641,73236.851046,48203.896759,8153.938613,-40197.510974,-81587.067488,-113201.589262,-134904.790645,-145565.870602,-152131.513439,-156661.515811,-158432.506491,-159120.558946,-159803.902336,-160623.563336,0.000000,0.000000,0.000000
0.000000,0.000000,0.000000,-164635.437984,-163905.411729,-163114.170534,-162980.140092,-162772.219292,-160672.152480,-155101.511830,-141123.632184,-114963.138491,-73112.200193,-21202.821451,17113.029000,40945.104634,63143.242614,77594.144258,84289.864148,88207.741433,89259.446515,88561.189659,87852.140482,87345.505782,87311.503389,87605.327947,86832.720478,85824.945182,85879.195264,86972.044173,87965.058049,88164.461496,88037.394903,87591.907456,87337.271561,87445.918120,87527.696463,87653.214760,87187.886534,86593.122354,86415.075235,86296.107852,86772.025148,87798.012860,88317.031799,88005.540481,87795.332280,88305.073282,89211.969287,89268.694046,88601.016357,88378.156895,88227.494045,88061.968232,87794.918540,87663.529499,88513.192349,89992.094942,90991.029025,91014.949400,90474.297337,90122.438568,89982.091903,89481.401143,88783.031760,88423.895445,88295.833567,88071.239677,87742.939369,87943.240025,88705.423618,88779.565825,88453.127517,88642.679119,88676.466750,87986.696561,87047.450916,86483.707272,86632.717216,87353.584434,87976.523299,88240.910693,88233.374458,88513.033897,87775.271552,85370.634423,80439.028198,62925.970127,31390.624107,-10652.989377,-57668.325252,-94688.822796,-120731.979354,-137735.344416,-147627.176103,-154630.087105,-157904.774554,-159472.002112,-160955.107012,-162773.150088,0.000000,0.000000,0.000000
0.000000,0.000000,-162932.023477,-163483.234970,-163173.632138,-162591.295452,-163156.775215,-162896.360682,-158888.032686,-150190.095159,-133729.931620,-105220.833844,-61874.791504,-11705.634279,28135.593797,53770.157187,70094.473673,80636.122350,86742.690550,88843.522874,89301.102440,88984.755554,88115.068913,87541.842900,87660.883968,87794.501045,87049.234551,86079.972366,86147.132678,87026.969929,87564.279678,87477.618346,87287.174187,87302.711621,87341.240124,87413.759925,87421.282304,86983.951691,86630.849196,86427.005624,86180.576999,86230.893327,86840.430653,87885.268093,88264.741450,87872.838854,87741.166414,88300.070427,89222.382290,89406.853890,88801.365044,88352.300030,88249.940656,88081.294857,87753.498556,87671.048548,88213.236251,89350.022570,90151.551571,90464.362261,90769.439747,90684.122633,90342.870431,89917.881241,88875.880201,87902.122988,87665.595757,87541.323993,87341.791060,87527.889847,88149.570254,88630.092447,88863.746705,89180.309921,89277.610802,88482.313617,87140.943342,86637.349746,86979.812150,87498.379876,87982.410822,88004.523013,88062.144759,88811.425741,88972.670236,86927.520615,81880.182184,69430.954927,42511.341247,7503.940584,-34188.669642,-77170.489546,-106157.307561,-129212.839194,-145848.443250,-153169.699376,-157661.885234,-159902.436392,-162021.370228,-165251.650159,-169001.925276,0.000000,0.000000
0.000000,0.000000,-163920.087040,-163008.636018,-162584.765487,-162203.458410,-162310.953776,-161615.461715,-157013.918870,-146795.338455,-123688.948631,-87626.176846,-46796.028076,491.238491,41335.092860,63756.712565,76789.126845,85343.985406,88846.152611,89303.493196,89669.103651,89484.502325,88498.564192,88191.586886,88571.957271,88515.106289,87572.270348,86794.549524,86879.707820,87288.365281,87179.806131,86846.632048,86905.806851,87362.055574,87708.363606,87794.509372,87707.657457,87081.924195,86450.169020,85985.352191,85840.419506,86194.426809,86955.352660,88042.345504,88376.957323,87913.820919,87662.303063,88099.120988,88847.904053,88837.278492,88266.054303,87948.950172,87791.762009,87505.067738,87404.290440,87694.244726,88118.724782,88784.747617,89429.014288,89993.593738,90527.949670,90872.614761,90771.600881,90025.690384,88775.616571,87557.420039,87122.478628,87130.627939,86988.260505,87123.069338,87727.752054,88508.467806,89026.842809,89097.504022,89070.271414,88610.519396,87588.448317,87252.582106,87786.937528,88065.738924,88227.043664,88258.948977,88139.550875,88721.085089,89644.937723,87949.286732,79709.079358,65793.086814,41300.899494,9190.704831,-25421.631165,-67787.449991,-104571.727309,-129946.063876,-147341.351485,-154680.063514,-157230.072795,-159193.877561,-161774.353830,-165303.015054,-168310.203483,0.000000,0.000000
0.000000,0.000000,-164257.065914,-162867.758260,-162114.395631,-162159.743207,-161873.926953,-160634.732382,-157272.738884,-142923.486626,-115392.328555,-76171.398127,-25883.278138,19709.994015,51581.291487,71542.674242,82208.217305,87038.239782,88179.685319,89008.712971,89851.830814,89361.164072,88868.160175,89253.950807,89788.369534,89819.050786,88868.565705,87928.337136,87671.824800,87641.902173,87267.180772,86849.921425,87173.791529,87934.462016,88445.082499,88583.250102,88257.406865,87542.654076,86582.879866,85775.747953,85526.429240,85835.129358,86857.328758,87867.364769,88177.631245,87992.006163,87640.404704,87798.538447,88127.886964,87780.546859,87437.439269,87558.537203,87357.706948,86805.154455,86746.710550,87113.528634,87639.780309,88286.717121,88969.931153,89932.473069,90627.229638,90729.327263,90549.011511,89735.985821,88462.026153,87582.672483,87458.254675,87586.143762,87195.640233,87096.033224,87834.337898,88405.742765,88746.453360,88777.150478,88494.759339,88315.662779,87981.719268,87911.828987,88156.199759,88185.970328,88110.144616,88168.599747,88421.122497,88568.803256,89021.011285,87203.215686,80557.487475,63518.065597,41819.250694,17068.831278,-20304.197185,-64339.673796,-107364.370403,-135509.121225,-148494.204072,-154835.052516,-156711.118588,-158579.867980,-160582.408428,-163611.113498,-167062.807365,0.000000,0.000000
0.000000,0.000000,-162761.130072,-162116.176768,-161538.798818,-161675.523014,-161660.501330,-159465.030558,-153464.935266,-138111.289240,-107873.166316,-62731.401718,-12228.328624,29572.682217,57595.129099,73817.146893,82599.023190,86177.267602,87618.250070,89095.002807,89277.076108,88753.925120,88554.248243,89105.345924,90105.066990,90485.197200,89795.933478,89032.954944,88523.164026,88235.143584,88009.633609,87783.065017,88072.922786,88545.288577,88974.271438,89259.077277,88958.439593,87954.359331,86820.336436,86138.444375,85898.681721,86126.226962,86751.788815,87268.146441,87604.242419,87740.555373,87536.791693,87434.325186,87359.636946,86980.208983,86931.438908,87262.152600,87216.723187,86723.093047,86190.757173,86238.052063,86705.585916,87425.862130,88560.954601,89651.819940,90368.973789,90154.904944,89385.201879,88843.858751,88142.892596,87936.004952,88526.779472,88714.703771,88221.834142,87763.214592,87979.880181,88527.875230,88674.426435,88343.060835,88061.624141,88209.898915,88467.509302,88540.975305,88332.571049,88166.979335,87800.474787,87642.668725,88449.947606,88937.639264,88418.135943,87012.972407,82568.987677,71370.188629,55071.806502,32976.621547,-6837.877241,-60671.540302,-107756.764766,-137534.211781,-150170.226851,-153509.920618,-155964.158123,-158577.063347,-160955.748682,-164031.412834,-166555.570943,0.000000,0.000000
0.000000,0.000000,-161795.272614,-161448.053962,-161143.143627,-160982.296354,-160920.175912,-157254.941525,-147477.280924,-130204.489421,-94565.319503,-46976.521361,-5426.167387,30087.956180,53538.966590,68126.989078,79707.933961,84814.107994,87270.863836,88480.507612,88655.780242,88449.818886,87910.560844,88218.283020,89214.740619,89807.974373,89660.113811,89057.848887,88790.408410,88844.428229,88756.013290,88654.097011,88789.254318,89004.111471,89198.609799,89387.067127,89437.588163,88603.412296,87476.098388,87011.082812,86942.980495,87122.682150,87104.062048,87000.589239,87115.368431,87448.609386,87741.377013,87628.678017,87261.175552,86819.532933,86734.365914,87118.964798,87213.078048,86618.215602,85944.267727,85850.193967,86090.802999,86536.506393,87755.825292,88958.153587,89357.591632,89198.735268,88364.256687,87731.795263,87940.421554,88700.928367,89582.729597,89686.313149,89200.515966,88746.375202,88459.926683,88690.641311,88927.754440,88432.582232,88086.503174,88464.280103,89024.871080,89236.749247,88782.908950,88224.525246,87917.237290,87894.248887,88534.399307,89164.882511,88988.607176,87420.399142,84090.024710,79387.864748,68414.810044,47893.990842,8327.273040,-51979.266806,-102738.402349,-132178.530151,-148859.710827,-154577.753969,-156592.002412,-159487.231881,-162717.372306,-165464.824646,-167082.564611,0.000000,0.000000
0.000000,0.000000,-162979.296272,-161808.436809,-161276.316635,-160727.647028,-159613.852598,-155074.527887,-144994.623065,-119918.868631,-80569.047740,-37752.506675,5597.454118,31710.088370,45172.731057,63225.873845,77307.237743,83958.327117,86864.423460,88292.565514,89121.572283,88687.017473,87469.229553,87108.892409,87508.038991,88082.167463,88219.922436,87906.119447,88207.880749,88675.441707,88846.035692,88731.954428,88782.927274,89020.824750,89142.084566,89597.645639,89873.983334,89335.818248,88712.067775,88346.026067,88209.434397,88087.714010,87656.187331,87239.307043,87104.587792,87587.197144,88164.852531,88067.779729,87795.986434,87341.597685,86863.640172,87048.710749,87004.573469,86231.001361,85921.686520,86068.312358,86141.871146,86445.098143,87102.104558,88147.642043,88841.085328,88601.957221,88028.982712,87812.074475,88428.590462,89500.912691,89984.619124,89799.174095,89482.586582,89314.472937,89173.568779,89079.842505,89180.928330,88910.684626,88351.250594,88550.368486,89212.337518,89613.429145,89501.837673,88846.362181,88373.366604,88393.226356,88626.932666,88969.428103,88842.537225,87489.094266,85659.806355,82757.543145,76193.343717,59898.133306,22003.031401,-33220.980708,-83743.116374,-118718.603615,-140041.123893,-152993.802855,-159527.769521,-162069.881131,-164666.203741,-166450.197561,-167669.748592,0.000000,0.000000
0.000000,0.000000,-163438.292120,-161939.683593,-160437.685961,-159770.911305,-157837.622895,-154000.073258,-144326.340123,-119354.855697,-77952.505341,-29414.546760,9332.881532,31370.064893,45782.910793,61351.368209,76131.445542,83913.773589,86919.320114,89146.183603,90016.790507,89146.942714,87630.586825,86776.365519,86521.470798,86356.359249,86300.459744,86693.360119,87443.408552,87941.686129,88009.840314,87939.363701,88395.802545,88845.614108,89061.947836,89674.793307,90339.371405,90484.471333,90186.799329,89674.265270,89283.090210,88916.912085,88362.008364,87870.177056,87782.739896,88108.733495,88171.534705,88034.617065,88009.528941,87693.610208,87216.503888,87042.381679,86746.427902,86102.343635,86068.814356,86764.622246,87147.463399,87167.534561,87364.012208,87963.613614,88645.062521,88621.266103,88335.314336,88376.959075,88878.798012,89389.023430,89237.540783,88835.871563,88785.171535,89080.001649,89209.623518,89395.361603,89547.664917,89052.727799,88067.955134,87966.253157,88898.635879,89507.574182,89692.990240,89381.536324,88704.908341,88186.255874,88111.953498,88393.366655,88347.550548,87900.140638,87028.964529,84765.180298,80124.271683,67225.835585,34482.795559,-13048.332702,-60616.196350,-102166.945860,-131380.946538,-149138.854756,-159478.074442,-163832.161487,-165209.748648,-165633.818548,-166934.131116,0.000000,0.000000
0.000000,0.000000,-163373.596804,-161504.361093,-159927.659930,-159511.482017,-157732.215232,-154199.230458,-144224.491447,-121449.586607,-79889.919098,-29869.953591,8673.610451,34434.306039,49226.432988,63249.641134,77267.712540,84066.607571,87241.776276,89268.450196,90019.156540,89361.861544,88360.154078,87330.231076,86479.440826,85752.978684,85699.966631,86284.879519,87153.554787,87676.079507,87263.021468,87141.680506,87823.710227,88506.183629,88980.562599,89435.147016,90422.284554,91119.380114,90973.566663,90398.162938,89499.157369,89076.349384,89123.469929,88658.802550,88096.307939,87814.733070,87535.349910,87491.983640,87513.943192,87663.647900,87686.581699,87367.257615,87020.555394,86304.471867,86315.382880,87583.879558,88216.439126,87993.197762,88163.341623,88400.936628,88524.954441,88721.357623,88426.347824,88163.510367,88551.832022,88693.806789,88133.429985,87627.867304,87685.620672,88335.013299,88850.047757,89362.410863,89827.788384,89283.570409,88085.176326,87616.015625,88243.857951,88898.107909,89202.485900,88921.094741,88064.380960,87384.373745,87135.729524,87354.039909,87733.519419,87737.789545,87386.944420,85451.451931,80887.930904,70090.935554,42573.898248,-3970.299988,-50901.081542,-91648.278459,-128421.137945,-149160.429058,-157956.013876,-163170.398497,-163893.760667,-163517.812737,-164657.062717,0.000000,0.000000
0.000000,0.000000,-164075.713768,-161750.621401,-160671.670054,-160221.782194,-158650.727129,-154120.164214,-143179.440886,-117644.129640,-76394.990233,-27129.653952,18445.186634,45166.423100,58970.556033,71591.637254,80584.268743,85220.277372,87597.870905,89012.724286,89647.098539,89440.994898,88754.767992,88002.954492,87098.609545,86348.930737,86286.998333,86832.745528,87788.737870,87972.325337,87243.748883,87088.121479,87445.625349,87819.366890,88325.181292,88895.264381,89654.499417,90380.300691,90589.118450,90050.745763,89223.553500,88975.507217,89126.697151,88690.516614,87592.190257,86778.262653,86611.389718,86692.318547,87251.079625,87957.292693,88107.192446,87902.498081,87330.304671,86481.157240,86452.667129,87582.597506,88224.358391,88273.477049,88520.426500,88487.846185,88458.768681,88359.082186,87892.551069,87731.307086,87960.026351,88299.161832,88050.215137,87337.223716,87159.227509,87500.069438,88388.241854,89448.433409,90021.000709,89737.059390,88609.559904,87838.597233,87984.543026,88357.224332,88342.132315,87625.443315,86704.737890,86258.970432,86168.066740,86350.049575,86567.457852,86943.772550,86922.573409,85446.000032,81954.439074,70780.943007,46782.700151,5916.482116,-45856.968737,-92037.441877,-127820.398489,-149766.540932,-158500.909504,-162012.685073,-162569.737045,-162001.605664,-162590.505436,0.000000,0.000000
0.000000,0.000000,-163927.722159,-161981.968952,-160442.863235,-160055.695142,-158959.969051,-153374.514824,-141344.530484,-114359.477439,-70973.485821,-19457.627939,27697.920565,55705.454638,70630.422006,80217.411627,84308.693487,86618.626926,88085.965511,88962.855213,89548.063345,89451.422735,89028.440142,88608.222370,87880.221582,87203.752262,87042.176539,87557.101360,88237.743311,88143.476985,87442.334122,87001.904577,87171.621153,87219.132507,87211.919869,87603.779398,88028.681529,88674.801268,89124.349691,88935.991339,88904.326697,88996.866668,88848.002914,88337.850670,87256.323151,86456.700147,86430.690407,86691.703135,87477.891438,88346.579968,88410.275619,88051.042238,87249.712331,86331.398204,86401.195293,87222.997748,87880.445585,88124.984163,88203.862995,88325.262049,88241.992905,87851.941095,87254.504711,87067.347315,87656.156088,88300.832621,88435.495150,87797.763126,87067.328489,87013.320741,87808.241667,89092.854914,89915.472039,89888.586317,89087.006043,88458.428715,88374.782763,88127.597898,87502.928020,86620.823193,85831.367648,85783.293888,86031.694112,85936.937231,86475.581239,86882.461898,86016.611475,84283.308883,81067.134849,71270.957385,47182.541199,9640.600052,-40619.681025,-93812.565643,-130422.788876,-150349.908599,-159182.664901,-161265.492009,-161399.407005,-160968.850509,-161746.534215,0.000000,0.000000
0.000000,0.000000,-163283.165811,-161260.528815,-159990.081304,-159542.359387,-158086.350560,-151895.328265,-138913.728507,-113317.150920,-72262.432689,-22674.947620,26037.751617,58370.026557,72974.267897,82005.644868,86347.371848,87561.954172,88919.507013,89592.620271,89838.707510,89688.390083,89279.097746,88643.795842,88178.404968,87873.774414,87669.546252,87935.245930,88037.217778,87872.748995,87472.804925,86985.092973,86808.642442,86717.205572,86613.041393,86500.792409,86398.817238,86726.697023,87450.851789,88114.405740,88621.192248,88934.047913,89016.318803,88713.955277,88035.212800,87553.221264,87569.440035,87731.855854,88163.857313,88764.892520,88628.564179,88015.500713,87384.014878,86646.214484,86718.975919,87621.179028,88030.632395,87870.445518,87806.313854,87894.660416,87926.516092,87618.158500,86936.563312,86595.011778,87313.797709,88249.633249,88467.709425,88024.578551,87100.821167,86942.009000,87576.027238,88226.629314,89041.885692,89391.191222,89296.523883,89170.099103,88972.213349,88464.315865,87618.401338,86691.661561,86066.353234,86316.202591,86545.409235,86299.226911,86539.100046,86424.253853,85172.030471,83722.097354,77073.485981,64751.684760,39892.710167,-1516.451881,-49093.230006,-99478.529474,-136245.361089,-153075.375457,-160309.052286,-161720.242031,-161206.395344,-160652.121115,-160867.457716,0.000000,0.000000
0.000000,0.000000,-163258.936785,-161521.837224,-161043.557689,-160109.580916,-156493.880549,-149697.606876,-133337.068242,-107333.755542,-73007.732651,-26951.500964,17115.403614,48274.907175,68661.281010,80393.973757,86059.677299,88252.771076,89365.207776,89921.397131,89939.249678,89548.056258,89018.279322,88672.925359,88484.637045,88244.485192,88127.642830,87973.005361,87844.779984,87801.267806,87485.704838,87116.034934,86707.629234,86494.139711,86522.134983,86212.125228,85815.089823,85844.082662,86549.361703,87738.355528,88693.377166,89139.195200,89299.227983,89504.449485,89480.636636,89148.575300,88855.518301,88634.608722,88683.768844,88967.978608,88757.349274,88009.557718,87640.033419,87608.165330,87692.788704,88305.599485,88344.530553,87638.108537,87285.714758,87306.325854,87592.794477,87530.897448,86928.903812,86598.292620,87267.162066,88346.495113,88543.517935,88133.511250,87537.596255,87263.931516,87607.176976,87704.716837,87998.413328,88641.039170,89119.491677,89580.089579,89411.395623,88822.172271,88091.488117,86956.766428,86641.478650,86909.742626,86866.584711,86916.181385,86539.964199,85752.497798,85077.319315,81700.804491,70461.505526,48438.364472,19408.850573,-18477.200415,-67598.417744,-112448.058173,-141127.706262,-155138.912117,-160615.248646,-162469.554978,-161924.297638,-160968.274118,-161064.175118,0.000000,0.000000
0.000000,0.000000,-163622.957289,-162851.354857,-161833.209460,-160801.957818,-156216.393726,-147070.296338,-125748.654415,-95125.810536,-67402.423293,-30529.979246,8639.303988,36703.688439,61244.772923,77674.260956,84548.506300,87985.424581,89393.219684,89519.485675,89430.521687,89055.840043,88707.368824,88788.821783,88777.430092,88678.823124,88315.187246,87861.580609,87761.735661,87827.561942,87605.593009,87185.645484,86582.084015,86248.679943,86357.255186,86288.678336,86167.248045,86245.869840,86519.687172,87453.808404,88634.670489,89186.146538,89442.830424,89886.699966,90107.032537,89621.256730,88938.533059,88638.427743,88589.786079,88637.695892,88302.742480,87695.075606,87864.988433,88273.621958,88548.969395,88794.987039,88334.759724,87501.379274,86973.984329,87205.636662,87621.069659,87447.214748,86863.839624,86769.597355,87603.195743,88501.542156,88824.646148,88467.045790,88058.652165,87842.304645,87866.814091,87738.221470,87523.385795,88194.401458,89046.709741,89559.169450,89364.266620,88552.829165,87854.743527,87135.046968,86893.297591,87174.464913,87320.403596,87159.997436,86440.655329,85321.255138,82768.834312,74746.251556,58810.511300,28324.841358,-8125.872712,-41818.570644,-83657.423296,-121855.183203,-144292.221834,-155244.104614,-159783.607698,-162017.913145,-161914.665581,-161158.690009,-162037.392571,0.000000,0.000000
0.000000,0.000000,-164343.340273,-162692.559838,-161295.706347,-160165.328482,-156913.487365,-144572.586685,-121914.420370,-89805.063790,-58163.540210,-30060.870724,4124.104954,32308.018454,55326.667676,75425.717286,83623.370756,86934.518343,89081.940872,89190.747335,88739.082268,88466.735471,88729.866931,89094.899285,89165.660079,89080.701151,88545.789815,88008.107176,87613.161112,87463.111582,87609.458594,87273.055530,86430.052402,86175.367076,86527.867684,86737.018347,86825.948498,86948.599638,87125.445539,87501.239124,88211.816067,88852.310118,89348.290363,89767.485110,89606.932420,88878.343727,88184.029040,87911.677535,87891.423718,87754.137007,87171.498044,86901.876175,87665.683927,88533.400420,89035.645558,89118.989568,88525.662027,87787.161111,87544.612265,87798.569634,88014.564382,87624.926149,86956.839390,86805.010922,87539.301744,88616.942995,89013.313395,88568.914374,88039.376355,88142.859504,88439.209265,88118.987765,87657.351417,88049.533243,88956.036587,89279.769928,88953.639377,88206.119160,87407.537494,87078.480253,86965.209751,87193.597348,87740.176581,87301.751519,86051.298837,84931.944096,80730.613400,71123.424125,50243.457956,15505.957587,-21841.294792,-55923.894859,-90338.768340,-123815.259091,-145270.588110,-154286.987085,-159374.486718,-161547.193687,-161854.291377,-161899.677974,-162499.377134,0.000000,0.000000
0.000000,0.000000,-163140.303120,-161281.398317,-160736.732162,-159321.916449,-156492.980832,-145454.716601,-121458.145594,-88456.753587,-55793.276285,-26283.806851,4778.595922,30627.370814,54177.924362,74377.205716,83080.914507,86208.705329,88200.856471,88405.842343,87795.064130,87725.377968,88408.689024,89130.221501,89369.058102,89230.540648,88825.727445,88331.087355,87627.615217,87226.166859,87231.465923,87088.260459,86730.439687,86538.771823,86629.021487,86973.522821,87203.915826,87338.711401,87498.109019,87562.844018,87906.902382,88436.864230,88902.634718,89113.931520,88496.855386,87819.882617,87460.160924,86933.702924,86553.536255,86360.963284,85893.535445,85886.484182,87124.054307,88568.459790,89236.764539,89221.140130,88941.625385,88570.944290,88485.446535,88682.304757,88575.640952,88196.430878,87649.884854,87249.171107,87676.631480,88517.890376,88956.487009,88731.189298,88255.831203,88634.201228,89230.655284,88894.776609,88343.417700,88259.240250,88638.030317,88900.976344,88462.890412,87895.899256,87446.246666,86888.918110,86890.069604,87427.723749,87777.388128,87429.770060,86671.370254,85078.659751,81252.188449,73158.763949,52261.044915,15814.192402,-25853.315422,-61813.882231,-93949.753859,-125541.534052,-145663.533759,-154721.291852,-159982.229136,-161829.116163,-162690.199280,-163216.826913,-163424.375972,0.000000,0.000000
0.000000,0.000000,-160271.469201,-160343.543456,-160864.032144,-159910.098024,-156029.285556,-148433.525934,-125680.871221,-95362.949825,-69038.763766,-32440.993287,4136.859110,31064.200280,54737.949813,72349.933637,81766.662990,85763.452668,87866.547139,88026.462310,87604.113190,87724.750705,88212.998503,88756.832648,89274.900055,89376.552660,89026.133742,88578.926112,87893.857316,87281.949451,87070.717918,87067.770425,86893.124218,86683.513136,86602.573076,86695.811838,86981.079963,87220.730360,87361.670964,87520.376630,87694.229065,87852.665727,88164.543825,88246.515651,87845.571290,87505.862719,87193.481109,86576.608773,85835.689667,85270.332524,85022.709339,85533.122117,87068.976036,88534.560850,89117.792695,89266.563983,89230.386931,89006.611260,88808.175791,88813.270966,88680.757647,88542.496238,88391.342119,88045.118872,87956.649651,88267.642638,88872.548511,88973.814975,88734.748471,89243.783647,90014.417038,89741.212037,88895.814335,88556.268226,88367.260937,88212.118361,88067.422972,88008.141659,87885.711702,87298.444135,87125.199504,87712.016289,87759.057355,87632.226884,87572.019920,85126.402027,81241.477614,73902.196535,53279.006892,12121.220091,-38997.305860,-80520.323285,-110899.617615,-134665.693085,-150489.826319,-158399.006768,-161440.351661,-163166.679385,-163801.525693,-163620.657666,-164171.968727,0.000000,0.000000
0.000000,0.000000,-158996.967962,-160125.822090,-161329.068475,-161612.597322,-158823.846059,-151820.821548,-138027.768704,-117316.995169,-89769.548164,-48338.102646,-4240.710673,28696.571564,55420.650569,73087.187456,81755.772207,86419.386877,88187.693246,88758.740341,88539.425890,88385.252635,88728.825093,89070.568226,89325.744738,89463.088043,89208.400284,88740.397457,88033.092204,87445.835471,87242.285700,87012.333689,86712.631587,86598.206908,86781.743065,86853.917630,86848.607988,87006.861905,87267.182370,87485.709959,87390.770607,87626.467608,87987.771095,87985.392237,88059.130599,88130.940149,87831.449602,86936.170127,85840.933327,85217.698741,85240.528906,86075.682306,87543.610442,88660.536149,88940.283244,89103.559119,89191.713651,88905.026864,88472.924028,88125.960768,88141.243897,88486.812494,88697.677435,88381.297240,87903.052689,87989.142196,88536.805098,88780.347015,88741.727662,89194.087707,89903.077316,89677.619471,88992.679036,88667.014114,88174.153953,87587.245378,87640.456297,88214.813258,88369.975682,88028.340877,87617.940415,87663.783169,87642.130545,87798.352844,87540.958170,85124.509995,81385.598036,70846.754288,45888.963457,1462.586365,-54495.202082,-100241.352148,-129005.265139,-145563.892142,-155484.617968,-161253.538714,-163100.229491,-164472.734273,-165025.777258,-164273.484411,-164593.143441,0.000000,0.000000
0.000000,0.000000,-159208.775036,-159903.856452,-160826.441328,-162283.176450,-161832.690622,-156731.075164,-149203.295516,-134439.741007,-107227.821217,-64893.800077,-12737.608840,28540.109589,56331.073693,75064.979670,83829.944906,87826.262597,89514.011609,90061.787758,89788.594238,89207.524007,89053.509844,88963.459613,88964.138484,89132.343490,88921.682100,88245.296483,87712.952444,87239.648523,86970.126614,86867.726225,86717.639361,86708.380751,87116.672348,87471.644763,87316.016103,87148.333386,87187.113195,87271.486034,87218.252258,87489.683953,88010.338869,88306.036817,88461.894569,88720.212850,88533.807814,87286.226724,86002.340362,85633.211772,85845.648810,86589.568608,87952.386965,88767.455490,88760.915313,88884.487603,88932.680344,88522.852805,87773.126714,87467.130800,87952.689923,88394.568171,88757.672096,88630.974557,87856.816555,87662.086904,88123.290019,88413.065368,88323.449113,88501.543130,88910.801662,88769.852215,88693.733480,88624.017140,88055.363527,87527.575531,87603.348793,88308.463454,88567.081117,88257.969801,87820.249463,87591.754174,87847.545542,88062.216822,87040.494592,84646.442610,78809.846717,62084.836302,33259.022217,-9580.622000,-62055.595332,-105067.640436,-133612.318170,-149843.489862,-156813.851263,-161474.329958,-164210.127968,-165036.392236,-165614.601335,-165659.400393,-165385.865639,0.000000,0.000000
0.000000,0.000000,-159948.294667,-159068.775847,-159652.173233,-161275.861907,-162071.739345,-159786.798347,-153373.400408,-141184.810188,-115743.209000,-73006.408134,-24188.086605,18430.991229,52913.787143,75116.899316,84659.708313,88797.878019,90596.627880,90798.412906,90282.996714,89685.850037,89043.470944,88412.925719,88157.298209,88177.021653,87928.560411,87292.847691,86798.536355,86459.488740,86679.366442,87079.668898,87165.212096,87463.034619,87804.101795,87949.164458,87654.735442,87237.750855,87125.230421,86934.488927,86855.455588,86914.297506,87218.569794,87841.448063,88240.894007,88531.145901,88416.106939,87458.632241,86517.933775,86099.554931,86267.051476,87050.983904,87959.229987,88497.847761,88495.866935,88524.603147,88454.652587,87804.717532,87225.074789,87476.402357,88280.811650,88890.551317,89221.466409,88940.286626,87968.924305,87483.044048,87880.385871,88177.921519,87882.037614,87851.315012,88165.103072,87985.048098,88009.049033,88303.198545,87981.247385,87595.453059,87910.746085,88418.560235,88303.715636,87710.392399,87448.635872,87694.762539,88294.161583,88682.206671,87178.244532,83566.503262,72108.054066,48670.121170,12457.590524,-26681.353031,-62008.674733,-101299.250814,-131791.675861,-148859.362258,-158535.859294,-161689.149062,-163634.311110,-164605.334905,-165346.014501,-166394.303668,-167124.151287,0.000000,0.000000
0.000000,0.000000,0.000000,-158786.063319,-159066.709185,-160533.124639,-161926.405859,-160683.655045,-154858.925061,-143303.589058,-118568.035932,-81127.689424,-42854.797448,380.460185,44560.648081,71826.395273,83964.027839,89104.091859,90134.659916,90335.014110,90212.217431,89503.277890,88897.385139,88420.292058,87866.125333,87309.192583,87058.923917,86660.414471,86141.446320,86183.869822,86770.071526,87353.210658,87899.304382,88335.300249,88405.386276,88123.906692,87437.099115,87152.934756,87203.776373,86772.638527,86323.728019,86298.007600,86450.579737,86698.855858,87208.320228,87767.287012,88045.010487,87695.636982,87091.124021,86803.049456,87019.721249,87625.147218,88081.550990,88277.085067,88169.489765,87977.880001,87809.056133,87416.207860,87264.526211,87769.137915,88743.318246,89674.547796,89808.848749,89068.660072,88026.092325,87358.833017,87682.737769,88177.105552,88081.762009,88066.751336,88023.128588,87792.214977,87770.891275,87811.158926,87541.823235,87561.106754,88151.157654,88489.642690,88337.512004,87510.047535,87227.297734,87913.278513,88333.861191,88845.606430,87748.473640,82247.200425,66835.402357,34452.891293,-8198.955361,-41099.651664,-66056.865007,-97909.044457,-128106.122684,-147831.237753,-158207.982420,-161425.123485,-162245.242522,-163451.907024,-164815.650247,-166370.031338,0.000000,0.000000,0.000000
0.000000,0.000000,0.000000,-160115.185510,-159932.400259,-161446.507890,-162793.168723,-161613.951346,-156432.835839,-144179.839499,-121768.915162,-92849.002341,-57671.236770,-10462.397415,37191.023157,68560.764332,82980.446761,88159.776556,89480.127467,89816.539203,89880.311206,89078.109484,88303.811449,87997.843547,87519.518428,87068.164824,86897.901447,86549.308855,86379.266641,86372.811349,86622.910709,87255.839157,87879.592515,88379.074362,88602.635006,88075.102935,87340.892593,87289.637479,87440.609555,87130.807757,86488.312139,86287.679112,86305.400996,86107.569170,86512.287205,87191.581708,87657.511906,87848.678098,87518.356980,87543.358037,87944.304418,88235.764880,88611.893155,88396.371573,87875.075575,87646.982348,87377.421242,87290.293756,87333.021432,87767.986120,88779.415109,89637.673801,89729.057177,89017.213613,87960.761517,87353.363598,87742.725225,88289.104077,88546.936943,88643.201971,88373.823555,88061.000830,87929.301470,87778.994648,87591.557026,87806.827159,88524.338157,88913.503341,88631.330811,87797.719833,87560.584350,88000.031667,88413.207948,89065.638701,87671.797496,80740.995084,64429.295670,27915.121475,-16845.015784,-51558.839901,-78612.089580,-101706.095508,-129053.365282,-149061.322708,-156431.531798,-160539.244180,-161582.784115,-162103.645364,-163292.167156,-165352.380377,0.000000,0.000000,0.000000
0.000000,0.000000,0.000000,-162220.535320,-161465.488038,-162765.235727,-163978.310262,-162435.012662,-157747.784489,-147896.635314,-128193.039594,-101033.506139,-68702.528302,-20529.617758,33810.088282,68243.620577,81627.618527,86400.971379,88425.940976,88902.769651,88672.613499,88325.685563,87648.433239,87309.401885,87231.609126,87153.597876,87124.373695,87173.726527,87191.430994,86788.467460,86714.033196,86916.276842,87420.936442,88325.289719,88694.774411,88359.350553,88013.217029,88076.751346,88073.381160,87583.872263,87214.023978,87105.926759,86593.039190,86275.561803,86608.761208,87076.632115,87628.419545,88001.378158,87991.928135,88086.794790,88571.764786,89075.015889,89123.199398,88567.137156,87875.441748,87328.705027,87022.831917,86994.021927,87075.234823,87594.176317,88303.315102,88921.138607,89259.017384,88904.866216,88113.828872,87558.803416,87627.349464,88028.557219,88357.937187,88686.700682,88686.901248,88120.860632,87878.963811,88121.072926,88149.558742,88130.011250,88555.393508,88970.987589,88871.112882,88421.584871,88198.382951,88360.222727,88644.869836,88783.107845,86805.963403,80417.888984,65082.624220,32161.280292,-13125.153462,-55733.277045,-90138.492045,-116484.308468,-137208.292828,-151015.015655,-157245.926660,-160326.378088,-161610.065071,-161351.174740,-161678.837566,-163302.918909,0.000000,0.000000,0.000000
0.000000,0.000000,0.000000,-163809.197025,-162236.832767,-162953.683951,-164219.823851,-162544.238739,-158788.234425,-152043.903775,-137444.676553,-116442.864737,-82580.212595,-27703.696790,28871.001210,65206.636257,79850.458269,84021.191290,86623.808928,88043.092900,87907.775097,87337.604192,86913.076469,87039.497289,87389.525854,87434.185869,87623.855736,87908.249834,87958.334085,87725.020487,87601.068611,87542.989604,88017.575639,88774.477625,89022.518179,88941.889415,88783.225025,88900.750027,88810.987741,88074.673715,87886.362777,88054.613625,87500.428864,86984.529548,87039.346936,87523.986514,88015.681759,88222.936888,88199.226967,88170.938494,88645.401917,89351.417073,89302.826609,88538.878320,87837.442708,87092.425824,86630.149998,86682.332968,86811.105833,87240.823435,87988.164173,88635.763787,88983.105564,88979.787651,88568.025581,87951.131971,87342.318600,87161.948314,87526.268794,88008.548677,88213.353880,87901.762586,87843.020729,88163.289258,88353.497672,88289.858006,88175.139498,88531.190288,88982.558261,89054.512521,88857.356534,88430.166492,88318.981524,87909.660781,85915.216414,80140.948279,65673.254526,37598.863065,-2812.274063,-50107.263359,-96809.463748,-129489.438497,-145047.123543,-153319.622922,-158721.098926,-161247.831402,-162201.585966,-162240.698810,-161763.727215,-161263.350410,0.000000,0.000000,0.000000
0.000000,0.000000,0.000000,0.000000,-163695.196854,-163273.439938,-163948.712583,-162296.102636,-159514.720252,-155228.365863,-146898.989365,-130194.591398,-94470.383654,-37033.255527,23377.621188,60363.923223,74479.827539,79721.461319,82625.252748,85984.547506,87411.565748,86793.628136,86318.932614,86601.238168,87205.975589,87701.550885,88245.085702,88635.542309,88815.389744,88837.824284,88770.705798,88874.765596,89072.995994,89175.828831,89100.722674,89023.555987,89130.486166,89194.055744,88907.495309,88471.322343,88331.152957,88592.517951,88373.963099,87668.289373,87631.370465,87980.103787,87908.849560,87764.379109,87699.977338,87756.375495,88304.870510,88964.040908,88967.090811,88189.298833,87436.338053,86992.996509,86438.163342,86259.030233,86659.268492,87145.339358,87902.057987,88739.093368,89106.116046,89305.529284,89236.380105,88370.090529,87225.567519,86590.424908,86568.618241,86987.216528,87387.012984,87554.692167,87926.355624,88271.748893,88563.883721,88243.567762,87510.470452,87819.330625,88356.616804,88746.927544,88906.462872,88335.376747,88145.219525,87311.455377,83785.739573,75954.351041,57107.242782,30731.394071,-662.941091,-47288.311986,-98574.934684,-133868.959097,-149462.127204,-155640.944887,-160181.212413,-162612.287844,-163293.752813,-163156.981728,-163014.434925,0.000000,0.000000,0.000000,0.000000
0.000000,0.000000,0.000000,0.000000,-165154.878048,-163510.493164,-163395.833661,-162457.682478,-159805.702184,-156955.901651,-151241.341824,-133642.990762,-97296.267859,-39730.804582,21699.040180,55916.910858,64894.583933,69252.235312,76014.419053,82757.894767,85944.860505,86451.882758,86056.716860,86057.490931,86811.392983,87525.792173,88447.559822,89374.075385,89702.387849,89727.909342,89766.086977,89655.523553,89417.726510,89356.307941,89024.183838,88764.294478,89053.851093,89100.133925,88822.113673,88450.312452,88368.446315,88792.936986,88605.432640,88017.897661,87995.334132,87944.886872,87459.390051,87074.852934,87073.766834,87404.345729,88099.556636,88747.851229,88541.546731,87662.885232,87078.197097,86824.992434,86353.475344,86059.383801,86502.941847,87105.820797,87803.749770,88597.472384,89107.693453,89515.788802,89457.401775,88699.812698,87672.094121,86849.069724,86374.287522,86432.354399,86876.347797,87300.893762,87908.786967,88484.363175,88568.599852,87967.204616,87155.016533,87236.738113,88002.463124,88706.101720,88975.866713,88674.694633,87617.738855,85158.647593,80217.748824,68443.358948,41984.442412,9899.249632,-14450.869391,-48621.349799,-97586.076762,-134663.443302,-150389.416912,-156514.784114,-160543.381693,-162777.490716,-163080.936094,-162276.741552,-162301.226676,0.000000,0.000000,0.000000,0.000000
0.000000,0.000000,0.000000,0.000000,-163272.007415,-161941.296507,-162099.112037,-162622.650199,-161078.957887,-157946.942129,-150825.031018,-134223.053339,-95757.596063,-35219.143953,16505.926489,45424.561592,55715.618506,58476.338103,69942.118508,80885.625142,84820.140441,86141.315819,85971.271351,85992.721742,86468.779186,87272.009645,88488.202529,89749.146141,90182.399314,90147.027663,89866.124219,89571.963119,89387.068802,89331.258389,89160.491354,88891.902216,88842.874638,88855.066268,88709.089161,88439.555467,88421.124130,88707.227695,88666.777779,88199.224714,88111.737961,88040.531255,87389.397813,86828.437349,86938.153045,87767.707886,88641.276349,89010.830102,88409.863525,87231.390610,86753.720115,86566.489398,86281.238946,86341.238782,86604.468299,87058.370119,87774.796715,88353.512101,88765.723623,89019.106496,88872.165042,88515.430124,87993.114121,87426.607039,86972.725320,86714.771234,86936.582691,87487.876585,87928.986189,88389.272012,88450.292775,87888.775697,87375.342158,87229.628281,88012.302937,88953.781956,89078.494329,88665.815253,86607.513450,83659.541278,77802.443315,59882.537655,26465.365488,-10041.986717,-31657.320894,-55840.651785,-99341.985298,-133962.454948,-149084.258770,-156157.534392,-159730.241392,-161718.009794,-161331.753746,-160168.992443,-160243.446130,0.000000,0.000000,0.000000,0.000000
0.000000,0.000000,0.000000,0.000000,-159748.276387,-159798.302029,-160892.452197,-162445.958457,-162610.430129,-160052.064350,-153005.315698,-137440.709144,-103290.925943,-53150.265827,-8159.404182,21999.847652,40502.471293,53544.017309,66925.992817,79169.661535,85341.548092,86647.268992,86718.344997,86339.264112,86235.474477,86800.240608,88228.056542,89679.832634,90234.959534,90013.641315,89141.112715,88579.351669,88753.197533,88992.608357,89113.795943,89032.867020,88859.974142,88642.942227,88430.716511,88603.932167,88727.002053,88673.559942,88670.248337,88296.825682,88044.575700,88059.208410,87522.392293,86957.971161,87310.896759,88360.130732,89342.964794,89470.472584,88483.370669,87322.230687,86881.328902,86700.348291,86574.920351,86745.513381,87025.902022,87400.960786,87815.040491,88191.125627,88321.107359,88123.899034,88287.601889,88370.098938,88136.272786,87852.559859,87502.409808,87647.000975,87675.771372,87889.238380,88263.180562,88166.891694,88166.729190,87847.628456,87483.117390,87615.578620,88109.439300,88808.616257,89178.168638,88784.044342,86678.478591,81979.574422,71480.569072,48895.360321,10947.623179,-27653.582362,-49595.592093,-72086.833871,-108029.397402,-137278.566524,-150454.297635,-155958.919733,-159497.065039,-161298.983542,-160420.876770,-159191.621066,-159708.001223,0.000000,0.000000,0.000000,0.000000
0.000000,0.000000,0.000000,0.000000,0.000000,-159454.130710,-160627.806322,-162591.805879,-163224.566314,-161647.014682,-157737.036514,-147372.862245,-124133.114110,-92232.246779,-52126.381696,-12247.958665,16020.021875,43135.263668,64107.108284,75825.631516,83826.972578,86607.369178,87525.864765,87192.998810,86534.844256,86604.493434,87388.261750,88993.698557,89866.521688,89445.566021,88372.117337,87532.502882,87713.172229,88453.983439,88972.352724,88866.775749,88553.062924,88360.397154,88403.597034,88724.734099,88763.757753,88739.436479,88562.684367,88117.463262,87892.211401,87845.520494,87689.981116,87457.339981,87776.385983,88644.743607,89335.461425,89540.182986,88951.526914,87942.670768,87573.835736,87496.512414,87240.432490,87122.437682,87230.189582,87321.251336,87466.495992,87788.848667,87865.528711,87663.702847,87873.335113,88375.076011,88431.007534,88054.712653,87927.670837,88235.192321,88444.916636,88598.007081,88559.077127,88157.323297,87896.631605,87903.124188,87844.407991,87993.572601,88072.230151,88238.001755,88915.063650,88438.078976,85051.245270,76768.285431,59251.516180,31055.899379,-7653.201710,-46363.651819,-71403.812840,-94779.410012,-123465.781185,-144607.120498,-153678.210866,-156697.655633,-159798.565345,-161964.620499,-161484.548483,-161138.476081,0.000000,0.000000,0.000000,0.000000,0.000000
0.000000,0.000000,0.000000,0.000000,0.000000,-160952.809696,-161471.724618,-162519.406460,-162839.933421,-161762.592322,-160210.237941,-156009.970347,-144905.004513,-123045.567808,-90920.932856,-49864.656253,-5804.236202,26235.746150,47903.664922,66665.755160,78874.457830,84614.354660,87454.649053,87953.041086,87280.002267,87120.459775,87131.466854,88077.459866,89253.772445,89217.367922,88091.142222,87053.475881,87327.686076,88211.831400,88512.111040,88424.801769,88238.730452,88099.395450,88355.503953,88825.978051,89025.114082,88738.462315,88414.703645,88141.142417,88062.263614,88027.197564,88030.769265,88218.355630,88293.499007,88675.685511,89004.017664,88981.365854,88827.732196,88445.416411,88191.884390,88207.663788,88007.770141,87530.239115,86992.028160,86623.637332,86826.806012,87102.298957,87191.574121,87254.366883,87488.575269,88070.416743,88405.135320,88423.661398,88403.217519,88438.056933,88551.275766,88652.978066,88471.988102,88083.828229,87799.587046,87690.494801,87902.901013,87901.702563,87501.319396,87653.710854,88357.070917,87380.006970,82838.755011,72460.841658,48500.066484,12562.128945,-25487.252027,-59082.863889,-86665.922979,-114113.754343,-137835.209135,-150856.594820,-155414.408187,-157844.778225,-160857.304636,-162507.407871,-163020.578513,-164432.526301,0.000000,0.000000,0.000000,0.000000,0.000000
0.000000,0.000000,0.000000,0.000000,0.000000,0.000000,-163073.754054,-161992.736935,-161841.407474,-161627.936383,-160819.495370,-159429.359829,-154368.099784,-139808.433176,-113449.415661,-74792.497855,-31215.656801,-553.267876,23365.714679,51326.159398,71304.386800,80818.699203,85749.182927,87673.721007,87623.074631,87084.054847,86978.093877,87275.553722,88092.917749,88740.164493,88063.295084,87227.282620,87671.043613,88213.751847,88144.658794,87798.571632,87597.506748,87644.733569,88221.407022,89182.307812,89524.180767,88993.608349,88599.292264,88646.482234,88381.346660,88150.689490,88301.465033,88749.605087,89037.376155,88882.492771,88726.399350,88241.940808,87872.074713,88028.267149,88193.220945,88413.159578,88548.521633,87875.178273,86846.691942,86357.886751,86409.700548,86749.701264,86920.959639,87038.037819,87317.697307,87685.134637,88318.206638,88801.551581,88778.560779,88522.749634,88033.313318,87948.593627,88058.683145,87646.316240,87292.894292,87518.088507,88151.580806,88125.869915,87272.517350,87395.471941,87664.936108,85604.766323,81415.326629,68870.730259,38716.885198,-3152.988824,-40885.764430,-73292.707808,-103940.254518,-128444.434617,-146415.639538,-155240.869091,-157121.853562,-159222.709373,-161210.829906,-161972.637089,-162808.096047,0.000000,0.000000,0.000000,0.000000,0.000000,0.000000
0.000000,0.000000,0.000000,0.000000,0.000000,0.000000,-165264.089437,-163047.791604,-162009.183741,-162266.088420,-161859.378526,-160982.208193,-157436.770275,-149248.862551,-127357.633055,-93150.389755,-64457.285082,-35133.376496,635.524875,32962.629777,58205.584929,73472.574417,80928.684848,85732.267165,87433.133699,86652.083534,86250.405716,86787.235684,87142.714679,87406.068382,87507.431147,87553.217060,88043.125993,88460.481454,88427.052316,87713.890197,87173.006638,87333.421019,88136.729706,89285.211686,89560.219115,89050.611753,88709.010294,88694.063694,88590.034873,88136.935264,88008.745235,88546.932675,89339.501294,89416.746063,88597.291825,87559.530690,86849.835975,86816.668673,87396.834684,88200.987994,88617.625276,87926.725192,86942.133108,86777.227542,86881.438202,87232.241705,87597.039951,87652.016051,87410.360140,87455.522832,88242.455568,89187.284354,89495.860564,88862.148011,88097.230783,87774.746949,87554.460469,87289.001846,87174.939290,87899.439672,88549.730526,87725.142612,86804.844351,86328.966227,85345.296644,82829.841790,76512.974584,59299.928299,23516.789598,-24901.269900,-66998.610910,-97890.858976,-124206.642323,-143177.045669,-153458.485331,-157922.211280,-159318.747251,-160174.422871,-160787.518497,-161030.799965,-161796.540866,0.000000,0.000000,0.000000,0.000000,0.000000,0.000000
0.000000,0.000000,0.000000,0.000000,0.000000,0.000000,0.000000,-165253.057464,-163949.939784,-163327.112624,-162682.232077,-161930.465868,-159766.137857,-153854.037925,-139634.280438,-120360.620925,-94411.900476,-62458.523613,-30107.225771,8790.317604,41306.696221,58926.515522,71082.417229,79747.682170,84849.642666,86331.611893,85779.086374,86060.264597,86943.207166,87058.185988,87168.308694,87733.982557,88352.737057,88964.732219,88706.336957,87942.961722,87626.760643,87389.306927,87907.473563,88932.404215,89149.687731,88552.731996,88006.770765,88057.246299,88367.483817,87846.910091,87326.156608,88004.413846,89164.715180,89728.093521,88797.285986,87183.169243,86096.587098,85926.949042,86836.719368,87947.647429,88201.441776,87573.324537,86924.435470,87212.102867,87952.441882,88191.743900,88378.757586,88338.622957,87777.207047,87426.970987,88016.262928,89448.161914,90087.049194,89445.508001,88425.760696,87626.574854,87240.328242,87117.722389,87271.823404,87866.623434,88001.825165,87284.493941,86515.769324,84494.366600,80827.656622,76297.487803,65826.356701,42439.040944,1630.670831,-47916.214390,-88705.836348,-117796.556044,-138726.689678,-152148.417122,-157430.519879,-158733.776269,-160290.792669,-160808.111557,-160869.854344,-161110.845101,0.000000,0.000000,0.000000,0.000000,0.000000,0.000000,0.000000
0.000000,0.000000,0.000000,0.000000,0.000000,0.000000,0.000000,-167050.787849,-165258.161774,-164004.675292,-162328.330814,-161328.209820,-161016.705364,-157798.713570,-150945.911357,-138703.205005,-116431.391981,-86119.195779,-51714.703948,-10585.433997,24833.053382,43578.253767,59649.259001,72053.434941,78719.752279,84587.553253,86144.361097,85828.259320,86406.030600,87151.584051,87409.645911,87984.735817,88947.116256,89411.864041,89203.651038,88542.717154,88153.160045,87731.593148,87820.032347,88665.573436,88537.885292,87710.620853,87179.145042,87404.552577,87733.017101,87380.389742,87088.618649,87693.664139,89053.176384,89667.593853,88840.005904,87199.472052,86148.481835,86138.996546,86896.765549,87825.316895,87759.702614,87057.007325,86814.341357,87527.721001,88429.959725,88752.043151,88688.860233,88422.105382,87693.848595,86946.770178,87338.005645,88753.335260,89616.385172,89434.586340,88478.677789,87456.978339,87140.753414,86953.433472,87059.679777,87669.954722,87783.986913,87373.028310,85047.248423,79224.191960,71781.353759,60733.912953,41810.734182,12957.927037,-30649.106064,-74058.027948,-103177.623483,-128738.661308,-147374.452498,-155248.823252,-158662.171630,-160368.109274,-161195.800449,-161126.754895,-161495.817335,-161960.770749,0.000000,0.000000,0.000000,0.000000,0.000000,0.000000,0.000000
0.000000,0.000000,0.000000,0.000000,0.000000,0.000000,0.000000,0.000000,-165681.463420,-164317.675151,-162127.419435,-160803.865126,-160821.841752,-160026.238969,-156525.993626,-146119.640531,-127425.941107,-99093.999956,-61220.025226,-23773.157357,9742.629525,35289.516578,50210.663415,61456.014171,70656.504236,78636.901689,85096.972953,86959.570671,86572.541926,86745.791531,87184.653004,87878.444259,88670.059979,89230.376430,89315.104168,89037.833285,88631.195496,88164.309389,88026.454312,88401.626392,88153.760652,87391.037616,87058.198719,87207.635325,87733.096392,87942.552396,87766.992379,88176.292692,89231.489041,89356.551126,88374.990881,87216.414800,86666.651118,86878.355946,87305.819992,87608.988900,87294.760203,86560.217432,86510.012556,87401.504506,88196.137976,88573.005398,88654.014538,88306.121626,87408.350930,86492.771320,86644.884472,87800.391959,89049.543566,89480.658189,88678.823291,87363.546447,86723.957457,86836.821561,87221.900093,87526.260196,87226.890785,85810.350323,80616.946230,69481.534824,51683.242827,31738.771268,6760.530394,-31281.264038,-72216.502106,-105274.934517,-126904.750901,-140697.219440,-152460.514768,-158917.384135,-160766.436976,-161892.730344,-161312.971005,-160466.111547,-161859.335445,0.000000,0.000000,0.000000,0.000000,0.000000,0.000000,0.000000,0.000000
0.000000,0.000000,0.000000,0.000000,0.000000,0.000000,0.000000,0.000000,-167432.946802,-165190.893586,-163322.897494,-161562.518456,-160673.883347,-159782.844850,-157278.219809,-152159.830163,-134874.623799,-108270.847280,-83714.923131,-49585.874809,-11095.993843,16065.107763,34345.076427,49093.384497,62432.692158,71737.250631,79759.092508,85480.592651,86534.871138,86159.298989,86277.956077,87114.148721,88060.014056,88739.864378,88811.612409,88868.590960,88803.124817,88283.764913,87853.255725,87821.715094,87733.295166,87462.707855,87260.013595,87519.967135,88427.290669,88993.247937,88944.695875,89175.817973,89507.951093,88804.908313,87557.306012,86986.486239,87045.330899,87389.595115,87691.182618,87447.282302,86676.911016,86164.815405,86228.903875,86883.028825,87679.139997,88269.623316,88553.859856,88161.629378,87413.121124,86531.046081,86339.472605,87480.698994,88944.713479,89518.970960,88724.892195,87583.989175,86989.045193,87170.064554,87419.164134,86540.002822,85637.325418,83271.287843,76279.738708,59846.761005,31445.255058,2407.119969,-27724.069337,-67168.413255,-104094.792432,-129919.188040,-144623.348035,-151533.767716,-157032.279609,-160322.313866,-161128.554006,-161032.133647,-160163.421713,-160127.600181,-161027.203069,0.000000,0.000000,0.000000,0.000000,0.000000,0.000000,0.000000,0.000000
0.000000,0.000000,0.000000,0.000000,0.000000,0.000000,0.000000,0.000000,0.000000,-166426.173360,-164406.980823,-162182.666391,-160345.939856,-158847.251676,-157996.936047,-155327.521533,-145660.505921,-130025.833478,-112359.143065,-83262.591741,-47080.230435,-16925.261820,12686.840905,37295.935765,51314.579946,60788.686005,72001.718437,81146.478800,84126.798466,84979.727009,85076.948505,85803.516117,87623.963808,88686.733442,88611.372704,88826.151317,88829.632694,87991.466192,87212.410589,87066.523099,86885.816502,86793.199162,87121.908215,87753.732566,88757.842900,89455.605648,89742.559484,89544.296931,89000.947078,88061.126114,86712.435415,86367.207155,87054.582219,87628.294040,87872.958998,87410.011234,86491.427172,86155.950486,86178.335986,86505.432081,87261.987257,87947.272842,88254.608263,87887.140139,87128.564174,86378.904947,86503.936907,87554.828107,88704.089170,89404.707485,89321.706530,88348.237668,87331.981367,87097.482325,86273.441549,84643.355467,83390.706022,79959.639913,70600.417264,52371.344932,23893.447838,-16812.396801,-57681.872515,-89738.844262,-121859.161956,-143455.330172,-151728.916951,-156979.307132,-158727.312632,-158842.348545,-159837.702061,-160408.631285,-159771.783317,-160343.269441,0.000000,0.000000,0.000000,0.000000,0.000000,0.000000,0.000000,0.000000,0.000000
0.000000,0.000000,0.000000,0.000000,0.000000,0.000000,0.000000,0.000000,0.000000,-167118.780080,-164806.628257,-162266.951082,-159595.662916,-158408.909972,-158873.395405,-158282.955025,-154509.278290,-146883.238445,-133643.046916,-110074.606428,-79347.115555,-47361.891666,-14382.970938,15352.406644,33715.182502,45488.400528,61908.562618,75034.706733,80082.764332,83022.373502,84756.981334,85604.071913,87451.520167,89025.071220,88668.402744,88465.111331,88381.904760,87501.966711,86664.492356,86634.923102,86623.817962,86605.937906,87010.490166,87648.075643,88623.585375,89295.258056,89348.338821,88714.984249,87908.956230,87300.586148,86413.778687,86232.551355,87024.897708,87930.447040,88461.355715,88090.748284,87417.718826,86942.899038,86575.991433,86849.570307,87474.589008,88035.231703,88353.977149,87962.427428,86991.278608,86430.186252,86894.315656,87670.679161,88273.982183,89119.346588,89362.013219,88124.305308,86966.098726,86377.911695,83852.492786,80123.633346,75904.105170,68578.716510,57806.569507,41139.589066,11225.355926,-34167.853815,-80529.259225,-114433.159291,-136818.663679,-150147.451621,-156883.574455,-159120.617720,-159105.332950,-159287.432447,-160148.971922,-161147.104467,-160892.569680,-160439.727368,0.000000,0.000000,0.000000,0.000000,0.000000,0.000000,0.000000,0.000000,0.000000
0.000000,0.000000,0.000000,0.000000,0.000000,0.000000,0.000000,0.000000,0.000000,0.000000,-166109.252412,-163016.966765,-160614.601414,-159471.269601,-159766.838248,-161125.058897,-159885.617001,-154497.351573,-145920.447855,-126129.865812,-96927.002063,-74556.316896,-50257.297767,-19412.274382,4857.933747,26978.793197,49936.316482,66648.188461,75075.993291,78940.709647,83104.488470,86211.985267,87628.268636,89116.074813,88614.985896,87470.452851,87146.462945,86814.059241,86572.980447,86809.034409,87286.955403,87431.920131,87622.306006,87854.229845,88424.883584,88860.341735,88527.486896,87917.128151,87401.605553,86995.603940,86883.665898,87031.737379,87505.099664,88507.609862,89311.333740,89204.793129,88503.683179,87849.270610,87559.023747,87825.229748,88410.490551,89184.573091,89443.516479,88620.026798,87468.295313,86957.680920,87161.190442,87497.743887,88074.543071,88483.159199,88344.704708,87722.989321,87008.768527,83830.563982,77044.441051,68653.922936,56474.127742,40556.419779,25848.630869,9965.018602,-16408.780599,-56469.300408,-101561.975752,-133686.562411,-147773.439121,-154423.027221,-158658.512790,-160268.302931,-160274.395263,-160737.690119,-161833.377995,-162612.557739,-163550.011500,0.000000,0.000000,0.000000,0.000000,0.000000,0.000000,0.000000,0.000000,0.000000,0.000000
0.000000,0.000000,0.000000,0.000000,0.000000,0.000000,0.000000,0.000000,0.000000,0.000000,0.000000,-164886.961801,-163036.914721,-161872.281002,-161654.439494,-162696.018138,-163074.560402,-161168.879770,-153325.989012,-137597.990429,-117788.355435,-100986.669857,-85201.799121,-59624.437777,-28230.128417,6666.959131,38630.805359,55960.360745,63826.304867,70633.231133,78889.618648,84483.271271,86628.512991,88127.036264,87967.957024,86616.688053,85798.356850,86141.027239,87168.286881,87956.439346,88260.466335,88450.699960,88743.966293,88593.265644,88408.033496,88452.434271,88222.721681,87761.611564,87317.520861,87364.135805,87673.175391,87789.991805,88386.706596,89217.279656,89685.956804,89458.048936,88535.289912,88098.079966,88090.871968,88508.300819,89363.010286,89978.627463,89966.104577,89170.803201,88059.672059,87366.654063,87210.953469,87340.012510,87703.853094,87628.945792,87357.823746,86925.884625,83338.048069,75507.414160,63669.319178,45249.353755,22860.281831,-2353.204485,-27791.965720,-42116.313875,-57956.086754,-90334.299502,-123135.685945,-143508.886211,-152568.143265,-155818.240726,-158177.438436,-160562.957010,-162156.470401,-162325.020929,-162915.415933,-164596.763628,0.000000,0.000000,0.000000,0.000000,0.000000,0.000000,0.000000,0.000000,0.000000,0.000000,0.000000
0.000000,0.000000,0.000000,0.000000,0.000000,0.000000,0.000000,0.000000,0.000000,0.000000,0.000000,0.000000,-164532.411638,-163461.773254,-162397.768405,-162578.703048,-163636.272476,-163878.468405,-160159.110742,-149864.810344,-137915.582374,-127269.167458,-115326.010234,-92255.869541,-53202.271190,-10322.682703,26949.656688,44423.412392,48462.367643,59783.904748,71229.680948,80026.861524,85965.015771,87028.803601,87110.248347,86542.901821,85825.038529,85951.954256,87291.791200,88634.698189,89005.941848,88971.677585,89320.258380,89013.900890,88460.564760,88438.700918,88536.895626,88152.422543,87495.994969,87793.091654,88147.115238,88203.373074,88858.706157,89476.148291,89348.643100,88821.582406,88137.741264,87587.924664,87641.149287,88442.936322,89297.959019,89626.182439,89696.053585,89151.785969,87734.544574,86648.545412,86624.963201,87262.824600,87169.395377,86176.361957,86050.178690,82436.566917,74022.971585,65141.968856,48499.152588,20851.929490,-8801.112754,-39855.498298,-69862.638902,-88815.485994,-102860.321382,-121754.338645,-139701.658135,-150484.784833,-154641.041125,-156010.470813,-158248.390199,-161458.026590,-163170.739181,-163289.889968,-163541.230874,0.000000,0.000000,0.000000,0.000000,0.000000,0.000000,0.000000,0.000000,0.000000,0.000000,0.000000,0.000000
0.000000,0.000000,0.000000,0.000000,0.000000,0.000000,0.000000,0.000000,0.000000,0.000000,0.000000,0.000000,-164753.116467,-162500.081271,-160881.690178,-161241.351679,-162733.172941,-163099.201743,-163208.595621,-159490.946312,-151638.274737,-146056.239521,-136456.815701,-113928.580909,-76377.337141,-27752.367704,12576.327970,30420.562919,35797.825815,43765.240015,57272.527324,70834.357899,80934.655074,85395.068083,85998.785834,86768.107233,86763.883267,86562.035972,87424.900288,88522.939202,89162.869866,89062.645777,88703.213713,88274.880254,88035.887886,88253.257363,88873.859574,88698.806076,87698.519707,87556.104298,87890.640888,88290.217521,88926.075827,89511.363003,89332.357278,88579.784067,87865.410503,87120.659910,87098.317938,87790.181072,88333.913287,88952.168501,89332.150735,88314.793102,86572.557451,85768.259391,86029.910603,86442.402789,85863.738621,84168.453020,81243.369280,73152.541008,58995.383025,45784.498056,30859.764951,9175.638193,-22406.024873,-58779.978320,-88191.232938,-113626.367072,-130521.156115,-140958.071112,-150918.529804,-155191.608635,-156395.989578,-157391.249188,-158991.862884,-161412.348832,-162534.163603,-162895.614087,-164587.521278,0.000000,0.000000,0.000000,0.000000,0.000000,0.000000,0.000000,0.000000,0.000000,0.000000,0.000000,0.000000
0.000000,0.000000,0.000000,0.000000,0.000000,0.000000,0.000000,0.000000,0.000000,0.000000,0.000000,0.000000,0.000000,-160719.976439,-159045.229905,-159469.099386,-161845.364030,-163035.281645,-163724.967212,-163629.770813,-160501.499178,-155489.593246,-147360.207223,-130296.276544,-96743.281749,-46885.794211,-6396.854970,12796.219921,19663.221358,21518.853986,33680.697045,51926.585722,67520.551376,80052.522881,85210.150709,84907.489116,84422.626761,86345.620204,88242.470551,88474.353975,88934.959442,88967.040734,87808.194473,87202.781460,87498.590167,88102.653932,88837.978048,88799.896466,87804.358259,87344.721368,87330.326428,87822.946311,88921.041839,89411.737253,88987.355449,88514.600484,87928.307285,87057.658166,86911.893322,87539.151379,88116.150179,88419.115667,88313.942440,87121.345197,85739.007108,85800.157493,84796.887063,82819.224050,82636.709504,80293.069472,70092.729054,53831.127755,32669.238748,11883.233700,141.723247,-12913.751078,-37855.835353,-70426.419553,-102783.954729,-127995.016956,-144327.435859,-154118.153224,-157986.629793,-158617.392938,-159085.239290,-159629.679396,-159982.701522,-160039.961661,-160776.309617,-161821.178026,0.000000,0.000000,0.000000,0.000000,0.000000,0.000000,0.000000,0.000000,0.000000,0.000000,0.000000,0.000000,0.000000
0.000000,0.000000,0.000000,0.000000,0.000000,0.000000,0.000000,0.000000,0.000000,0.000000,0.000000,0.000000,0.000000,0.000000,-158057.654505,-158380.249874,-160818.502623,-163683.439534,-164939.224150,-164760.140696,-163123.104364,-159584.973847,-153861.036971,-141089.157500,-114043.810541,-73110.850727,-32183.734679,-11386.852078,-7121.702226,-6575.984799,12.508246,21207.514310,46702.191266,67226.145909,77587.244154,79161.440703,80044.137482,82258.198395,86062.434372,88032.171962,88105.084310,88436.073286,87484.003183,86618.922405,86961.359804,88328.005447,89537.450006,88914.625142,88042.500100,87378.833680,86970.977692,87546.584374,88039.941592,88271.891062,88432.052384,88386.700228,87936.448213,87126.460411,86857.529958,86841.765375,87250.380357,87679.595162,87474.006641,86720.321089,85090.264497,83108.155366,80117.479611,76523.815871,73341.436287,66048.445095,51936.054967,25200.125502,-4997.088480,-23845.793326,-38673.824594,-52134.180841,-65285.169261,-87512.175583,-117712.823482,-139953.049581,-152711.196639,-160069.895723,-161308.815256,-161237.915008,-161443.214990,-160994.072209,-160126.416378,-159721.698002,-159525.758128,0.000000,0.000000,0.000000,0.000000,0.000000,0.000000,0.000000,0.000000,0.000000,0.000000,0.000000,0.000000,0.000000,0.000000
0.000000,0.000000,0.000000,0.000000,0.000000,0.000000,0.000000,0.000000,0.000000,0.000000,0.000000,0.000000,0.000000,0.000000,0.000000,-159085.396293,-159963.903392,-162832.975513,-164992.811014,-165082.030815,-163822.343460,-161241.062813,-157756.466382,-149355.364084,-132411.724678,-102741.493526,-71165.507697,-54485.179284,-50279.598981,-48837.086133,-40546.395573,-19755.862528,15114.783029,44487.010535,59382.229685,66750.297317,68754.061981,72743.837503,80344.975205,85997.625786,86417.787615,85569.166685,85777.909551,85506.889199,85763.705642,87699.425546,88915.371631,88191.553069,87287.131894,86217.826328,85693.918123,87021.446096,86637.584886,86653.463342,88350.364105,87257.068482,85396.814353,85957.355323,86425.906397,85303.576921,85593.846173,85512.623012,84564.116533,84738.358530,82933.571929,78246.329818,70387.463729,59743.722114,49131.207046,34862.267736,14964.866229,-8919.918754,-37895.734855,-58985.338249,-72825.426364,-85933.274001,-95419.411314,-112651.743122,-132658.422494,-147278.053855,-157143.354541,-161481.851156,-162900.898649,-162339.217124,-161398.258025,-161133.972654,-160825.277917,-160497.026779,0.000000,0.000000,0.000000,0.000000,0.000000,0.000000,0.000000,0.000000,0.000000,0.000000,0.000000,0.000000,0.000000,0.000000,0.000000
0.000000,0.000000,0.000000,0.000000,0.000000,0.000000,0.000000,0.000000,0.000000,0.000000,0.000000,0.000000,0.000000,0.000000,0.000000,0.000000,-160140.177929,-161509.637786,-163304.706016,-163732.313633,-163257.036011,-161896.706035,-159063.714019,-155340.557335,-146175.975598,-129702.910439,-114125.779765,-103510.785119,-97940.359460,-94108.566133,-80983.633168,-54600.804439,-19060.360778,14363.456605,35083.368696,44444.557119,51118.893528,62452.737406,73423.902430,79109.862536,79523.553616,78834.758031,80473.579639,82755.726824,83583.757481,83687.931518,84328.396444,84391.100799,84852.832059,83512.078603,82193.527840,83937.152451,84349.486488,84511.558335,84532.782150,81886.172947,80636.536806,80894.942841,80905.822608,81906.056415,82649.881178,80332.483559,77335.103441,78669.269342,78404.065985,72378.671980,57093.056732,32051.513934,9632.543792,-12162.218652,-36825.695909,-52639.991337,-64956.979700,-84601.386142,-102502.870789,-115268.601992,-125391.046690,-135276.861744,-146045.299530,-154514.184873,-159822.901534,-162466.345929,-163437.962111,-162324.949034,-160683.928884,-160770.931835,-162222.628939,0.000000,0.000000,0.000000,0.000000,0.000000,0.000000,0.000000,0.000000,0.000000,0.000000,0.000000,0.000000,0.000000,0.000000,0.000000,0.000000
0.000000,0.000000,0.000000,0.000000,0.000000,0.000000,0.000000,0.000000,0.000000,0.000000,0.000000,0.000000,0.000000,0.000000,0.000000,0.000000,0.000000,-160619.696665,-161271.697143,-161490.254251,-161365.439975,-160482.045300,-158316.484170,-156558.180281,-153381.642326,-147849.745305,-141403.367488,-136527.524704,-130659.139904,-123491.759351,-107064.632083,-76568.449075,-43579.336858,-15955.631618,2806.149669,20770.514003,35648.099752,48010.854495,60325.710216,65529.781304,64766.387549,64316.886954,70291.127679,75067.363986,74858.543929,74457.808985,74648.586008,75540.519187,75495.297817,75624.729912,76226.737326,76033.069210,78161.801587,80162.040578,76316.661397,70654.210868,67811.221402,66902.630504,68547.302531,71189.340920,71458.372931,67715.297738,64087.290592,66271.623016,69200.879391,60452.067718,40951.456404,10633.006820,-30420.015456,-62154.767016,-78284.878560,-88727.157421,-94685.496306,-104347.396212,-124261.399656,-139103.871797,-144935.957746,-149415.981299,-154651.799062,-158658.324555,-160500.116015,-162817.466115,-163075.924609,-161387.803163,-160533.943972,-160473.933517,0.000000,0.000000,0.000000,0.000000,0.000000,0.000000,0.000000,0.000000,0.000000,0.000000,0.000000,0.000000,0.000000,0.000000,0.000000,0.000000,0.000000
0.000000,0.000000,0.000000,0.000000,0.000000,0.000000,0.000000,0.000000,0.000000,0.000000,0.000000,0.000000,0.000000,0.000000,0.000000,0.000000,0.000000,0.000000,-160327.427240,-160444.323719,-159914.083146,-159268.177466,-158087.456108,-156855.635961,-156828.515960,-156061.958965,-154475.052038,-152747.600543,-148498.420370,-139425.742702,-124076.259427,-100420.789785,-71415.243474,-50342.779768,-34476.401498,-9259.090240,11556.985931,23422.921056,36785.393565,41721.902865,39089.316629,44368.404966,56111.609581,59615.951814,55829.065508,53648.488945,53768.931678,54176.393046,56101.703938,59901.829498,60327.821598,60423.760091,65613.289391,66606.056112,62745.381156,55808.567367,46091.017029,43163.563930,44298.468276,47498.529589,52596.271127,48715.997525,41501.134605,46086.904691,48633.603422,36874.833915,17089.741936,-13846.599435,-55958.835441,-92843.284805,-108072.145993,-110312.512346,-118361.557748,-129061.964863,-141246.799136,-151800.669433,-154245.378273,-155906.528224,-157654.349367,-158148.276896,-160174.411556,-162514.208973,-162674.776801,-161275.144730,-160273.585413,0.000000,0.000000,0.000000,0.000000,0.000000,0.000000,0.000000,0.000000,0.000000,0.000000,0.000000,0.000000,0.000000,0.000000,0.000000,0.000000,0.000000,0.000000
0.000000,0.000000,0.000000,0.000000,0.000000,0.000000,0.000000,0.000000,0.000000,0.000000,0.000000,0.000000,0.000000,0.000000,0.000000,0.000000,0.000000,0.000000,0.000000,-161963.220591,-160630.145488,-159642.249528,-158995.432155,-158687.581136,-159047.251806,-160246.694204,-160901.906202,-159274.725198,-156277.259938,-150898.056174,-141539.989806,-126218.213216,-108443.224903,-92409.077551,-73609.215668,-50113.823489,-27311.544176,-12994.589857,-2633.114489,3043.057266,7855.259843,23608.188812,35167.972080,35446.433650,26200.218253,19594.317797,22998.256201,22171.956642,28074.589205,37172.805380,37674.973244,37046.164395,35994.392177,36938.889983,38704.793530,33838.506202,23180.525250,15798.438251,13764.653529,20342.535688,31980.957267,29264.165716,20702.486153,23336.333389,16578.470690,-1090.751200,-20417.757245,-47374.254280,-77905.138036,-110261.849299,-129045.767532,-131961.368071,-137429.158202,-147505.093173,-154996.767840,-158147.764850,-158238.133404,-157496.791657,-157781.976831,-158123.260232,-159945.702036,-161803.666158,-162079.299854,-162940.301939,0.000000,0.000000,0.000000,0.000000,0.000000,0.000000,0.000000,0.000000,0.000000,0.000000,0.000000,0.000000,0.000000,0.000000,0.000000,0.000000,0.000000,0.000000,0.000000
0.000000,0.000000,0.000000,0.000000,0.000000,0.000000,0.000000,0.000000,0.000000,0.000000,0.000000,0.000000,0.000000,0.000000,0.000000,0.000000,0.000000,0.000000,0.000000,0.000000,-162994.320893,-161604.148159,-160718.387216,-160565.837566,-160473.782086,-161312.209997,-162843.402764,-161868.103793,-158899.131677,-156764.378894,-153149.081864,-146039.221212,-135959.785476,-126092.659848,-110208.490627,-88309.228477,-73753.874414,-62097.993388,-51985.551058,-44157.503414,-30286.175175,-13295.333183,-361.221785,-4087.925831,-17364.581885,-18664.780229,-14442.779954,-12580.081266,-4444.389757,11037.817739,16358.509179,3508.548802,-11384.257422,-9303.363752,-1905.202242,-195.795111,-4104.007904,-14255.366001,-13057.066590,-3514.979752,2522.475856,1757.203136,-4847.410784,-9281.631266,-20838.147110,-47108.778193,-67509.095121,-82324.478077,-107909.497587,-130513.677507,-141774.301481,-147819.409642,-152517.774892,-157564.387850,-160761.929121,-160601.119509,-159028.747079,-158493.432589,-158091.038574,-157920.898624,-159124.779951,-160982.683969,-162699.996991,0.000000,0.000000,0.000000,0.000000,0.000000,0.000000,0.000000,0.000000,0.000000,0.000000,0.000000,0.000000,0.000000,0.000000,0.000000,0.000000,0.000000,0.000000,0.000000,0.000000
0.000000,0.000000,0.000000,0.000000,0.000000,0.000000,0.000000,0.000000,0.000000,0.000000,0.000000,0.000000,0.000000,0.000000,0.000000,0.000000,0.000000,0.000000,0.000000,0.000000,0.000000,0.000000,-163126.330607,-161904.017435,-161610.621030,-162276.553368,-162919.329619,-162944.832191,-161579.775504,-159215.791155,-157898.970528,-156429.418491,-150981.682942,-144351.518725,-135756.351802,-122285.932678,-113945.958458,-106012.617320,-95086.903614,-89198.842857,-80814.028849,-64866.897976,-51661.252739,-54953.374732,-60774.023627,-56910.637760,-50723.424752,-45469.350441,-35018.614201,-15058.475606,-10984.409489,-33514.305330,-56439.739001,-62947.779895,-52274.149021,-38794.016543,-38674.590321,-45501.632525,-43450.254336,-39430.108860,-42135.836039,-45647.182414,-54566.994266,-59389.074449,-66666.994252,-91140.975004,-109567.864241,-118833.656392,-133053.703542,-146665.134304,-153098.943298,-155275.762047,-158229.439043,-161140.027600,-161985.314897,-161176.557139,-159448.589265,-158508.641582,-157862.702377,-157502.968581,-158925.894199,0.000000,0.000000,0.000000,0.000000,0.000000,0.000000,0.000000,0.000000,0.000000,0.000000,0.000000,0.000000,0.000000,0.000000,0.000000,0.000000,0.000000,0.000000,0.000000,0.000000,0.000000,0.000000
0.000000,0.000000,0.000000,0.000000,0.000000,0.000000,0.000000,0.000000,0.000000,0.000000,0.000000,0.000000,0.000000,0.000000,0.000000,0.000000,0.000000,0.000000,0.000000,0.000000,0.000000,0.000000,0.000000,-162563.519395,-161754.847486,-162201.920531,-162563.807047,-163349.274938,-163802.565826,-162482.739462,-160310.342817,-158969.535850,-157389.944544,-153948.196469,-149971.522281,-145069.498511,-140087.970962,-134805.875809,-128258.120368,-124916.261355,-120921.532999,-110224.863386,-102992.986435,-98812.549334,-94321.493450,-90487.228008,-80675.515838,-76383.992995,-69589.620126,-52060.427219,-49417.187055,-69378.017009,-94740.106688,-105620.277096,-94807.954974,-80146.214390,-79623.240377,-77202.063269,-73609.353568,-81639.175042,-90610.847861,-100306.447374,-107667.948670,-108030.876990,-113008.523161,-125476.240975,-136670.297105,-143252.996495,-148439.363545,-154918.652766,-158823.938844,-158821.643905,-159411.226151,-160882.450253,-161581.972138,-160909.127858,-159105.331581,-158057.798993,-157896.704404,-157601.293938,0.000000,0.000000,0.000000,0.000000,0.000000,0.000000,0.000000,0.000000,0.000000,0.000000,0.000000,0.000000,0.000000,0.000000,0.000000,0.000000,0.000000,0.000000,0.000000,0.000000,0.000000,0.000000,0.000000
0.000000,0.000000,0.000000,0.000000,0.000000,0.000000,0.000000,0.000000,0.000000,0.000000,0.000000,0.000000,0.000000,0.000000,0.000000,0.000000,0.000000,0.000000,0.000000,0.000000,0.000000,0.000000,0.000000,0.000000,-161018.234272,-161803.343482,-161707.102365,-162635.368236,-164021.173840,-163589.760587,-161454.721858,-159184.975951,-158092.683821,-158248.406031,-157058.368503,-155189.702566,-154465.683949,-151414.047131,-147598.306052,-145978.145023,-143845.418057,-140453.331408,-135421.941568,-129368.403756,-125215.987121,-120498.313886,-115210.365217,-113202.531428,-108919.594625,-99605.874427,-97040.836234,-109907.141583,-127537.340815,-133416.803013,-127924.507888,-119965.392837,-116215.999197,-110170.114979,-104423.937990,-113908.753142,-127598.049834,-136472.096992,-140210.315663,-139816.657952,-141310.500849,-145822.585106,-150764.207584,-153836.478136,-156959.633619,-159322.293542,-160069.455300,-160283.612275,-160294.434653,-160500.114945,-160514.218613,-159918.036809,-158843.681807,-158492.146467,-159298.842352,0.000000,0.000000,0.000000,0.000000,0.000000,0.000000,0.000000,0.000000,0.000000,0.000000,0.000000,0.000000,0.000000,0.000000,0.000000,0.000000,0.000000,0.000000,0.000000,0.000000,0.000000,0.000000,0.000000,0.000000
0.000000,0.000000,0.000000,0.000000,0.000000,0.000000,0.000000,0.000000,0.000000,0.000000,0.000000,0.000000,0.000000,0.000000,0.000000,0.000000,0.000000,0.000000,0.000000,0.000000,0.000000,0.000000,0.000000,0.000000,0.000000,0.000000,-161275.696953,-162301.194962,-164255.656114,-164025.460825,-161864.504010,-160331.698871,-159885.997114,-160352.905981,-160483.186529,-159535.873658,-159239.053322,-158574.212971,-156881.981619,-156137.387187,-155511.492527,-154530.575033,-152058.919926,-148421.800000,-146735.954161,-145333.214589,-143700.304289,-141876.875746,-139038.114612,-135548.048575,-134337.883135,-139632.697022,-146991.365807,-150129.248809,-148821.232897,-145157.231465,-141246.632411,-137227.128730,-133163.125843,-138100.894070,-149007.320205,-152743.583006,-154539.228703,-155177.446105,-153270.247805,-154612.368151,-156918.634510,-158421.158222,-159983.036035,-160914.814662,-161564.151813,-161641.436110,-160527.724872,-159764.094340,-160027.347328,-159782.046011,-158851.666475,0.000000,0.000000,0.000000,0.000000,0.000000,0.000000,0.000000,0.000000,0.000000,0.000000,0.000000,0.000000,0.000000,0.000000,0.000000,0.000000,0.000000,0.000000,0.000000,0.000000,0.000000,0.000000,0.000000,0.000000,0.000000,0.000000
0.000000,0.000000,0.000000,0.000000,0.000000,0.000000,0.000000,0.000000,0.000000,0.000000,0.000000,0.000000,0.000000,0.000000,0.000000,0.000000,0.000000,0.000000,0.000000,0.000000,0.000000,0.000000,0.000000,0.000000,0.000000,0.000000,0.000000,0.000000,-165825.207088,-165066.205052,-163623.173926,-162920.537779,-162666.495886,-162915.356311,-163005.683777,-161401.726587,-160330.473867,-160785.460037,-161213.257885,-160968.730291,-160076.425171,-160336.910062,-160540.754040,-157426.646618,-155533.672008,-156979.161231,-155942.148537,-153944.589122,-153288.447193,-151353.590786,-150583.492460,-152876.750289,-155893.813047,-157140.191431,-156202.539003,-155417.671643,-155145.234832,-152520.394323,-149811.805048,-153705.522328,-159049.496513,-159145.999224,-159202.990585,-158987.200695,-156851.569066,-156701.346463,-157798.391134,-159085.551362,-160741.757386,-161601.613608,-162202.689071,-162209.578721,-160783.248511,-159916.263601,-160628.990975,0.000000,0.000000,0.000000,0.000000,0.000000,0.000000,0.000000,0.000000,0.000000,0.000000,0.000000,0.000000,0.000000,0.000000,0.000000,0.000000,0.000000,0.000000,0.000000,0.000000,0.000000,0.000000,0.000000,0.000000,0.000000,0.000000,0.000000,0.000000
0.000000,0.000000,0.000000,0.000000,0.000000,0.000000,0.000000,0.000000,0.000000,0.000000,0.000000,0.000000,0.000000,0.000000,0.000000,0.000000,0.000000,0.000000,0.000000,0.000000,0.000000,0.000000,0.000000,0.000000,0.000000,0.000000,0.000000,0.000000,0.000000,0.000000,-165625.018341,-165113.039157,-164748.537541,-164626.413432,-164340.322786,-163272.948413,-161651.396891,-161362.336051,-162141.583010,-162403.694061,-163246.661010,-163346.338296,-162334.486224,-160758.681178,-158864.944887,-159154.180287,-159589.790651,-159081.501537,-158092.309324,-156252.995539,-156671.925588,-159136.470348,-160643.772372,-160703.723881,-159472.366602,-158308.574538,-158551.967805,-158501.134363,-158544.651158,-160631.348087,-161327.965919,-160044.847443,-159737.248669,-158416.311149,-156627.943063,-156413.966824,-157197.593592,-158961.541382,-160955.755897,-162512.143658,-163494.684336,-163210.771185,-161886.982717,0.000000,0.000000,0.000000,0.000000,0.000000,0.000000,0.000000,0.000000,0.000000,0.000000,0.000000,0.000000,0.000000,0.000000,0.000000,0.000000,0.000000,0.000000,0.000000,0.000000,0.000000,0.000000,0.000000,0.000000,0.000000,0.000000,0.000000,0.000000,0.000000,0.000000
0.000000,0.000000,0.000000,0.000000,0.000000,0.000000,0.000000,0.000000,0.000000,0.000000,0.000000,0.000000,0.000000,0.000000,0.000000,0.000000,0.000000,0.000000,0.000000,0.000000,0.000000,0.000000,0.000000,0.000000,0.000000,0.000000,0.000000,0.000000,0.000000,0.000000,0.000000,0.000000,-167322.642804,-165075.680602,-163814.861054,-163807.599032,-163335.392234,-163047.716087,-163156.472133,-163000.492104,-163421.706906,-163443.911027,-162515.688701,-161680.920660,-160174.775689,-159109.065502,-159387.427535,-160058.377301,-159927.660772,-159016.914649,-159382.456000,-161272.043857,-163070.031660,-163174.430719,-161563.370598,-159599.815889,-158672.198210,-159435.074940,-161596.033494,-162904.557568,-161846.374283,-160649.314092,-159615.793129,-157645.989531,-156465.124601,-156696.695051,-157442.637328,-159404.103002,-161344.781030,-162879.577170,-165798.881284,0.000000,0.000000,0.000000,0.000000,0.000000,0.000000,0.000000,0.000000,0.000000,0.000000,0.000000,0.000000,0.000000,0.000000,0.000000,0.000000,0.000000,0.000000,0.000000,0.000000,0.000000,0.000000,0.000000,0.000000,0.000000,0.000000,0.000000,0.000000,0.000000,0.000000,0.000000,0.000000
0.000000,0.000000,0.000000,0.000000,0.000000,0.000000,0.000000,0.000000,0.000000,0.000000,0.000000,0.000000,0.000000,0.000000,0.000000,0.000000,0.000000,0.000000,0.000000,0.000000,0.000000,0.000000,0.000000,0.000000,0.000000,0.000000,0.000000,0.000000,0.000000,0.000000,0.000000,0.000000,0.000000,0.000000,-163472.732463,-164619.956029,-164874.678827,-164862.407330,-164507.540848,-164334.805770,-164045.535533,-163349.063305,-163013.072084,-162102.325688,-160609.884924,-159211.305257,-158889.864843,-159886.295126,-160882.821095,-161215.828026,-161632.254489,-163413.746178,-165254.792212,-164950.864054,-163049.856053,-160757.766913,-158643.223966,-158514.481889,-160882.987056,-163077.994205,-163300.039813,-162003.487021,-160021.070779,-158136.616859,-157460.456794,-157373.499528,-158106.216372,-160199.847342,-161465.107960,0.000000,0.000000,0.000000,0.000000,0.000000,0.000000,0.000000,0.000000,0.000000,0.000000,0.000000,0.000000,0.000000,0.000000,0.000000,0.000000,0.000000,0.000000,0.000000,0.000000,0.000000,0.000000,0.000000,0.000000,0.000000,0.000000,0.000000,0.000000,0.000000,0.000000,0.000000,0.000000,0.000000,0.000000
0.000000,0.000000,0.000000,0.000000,0.000000,0.000000,0.000000,0.000000,0.000000,0.000000,0.000000,0.000000,0.000000,0.000000,0.000000,0.000000,0.000000,0.000000,0.000000,0.000000,0.000000,0.000000,0.000000,0.000000,0.000000,0.000000,0.000000,0.000000,0.000000,0.000000,0.000000,0.000000,0.000000,0.000000,0.000000,0.000000,0.000000,0.000000,-166942.454477,-166227.702580,-165814.571703,-164673.962996,-163154.877179,-162593.866194,-161288.839674,-159411.675299,-159223.402966,-161006.725776,-162690.882246,-162802.863555,-163031.051837,-164635.679791,-166329.969554,-166116.055407,-164127.056312,-161238.062360,-158343.905418,-157529.957617,-159377.719366,-162318.950917,-163760.974329,-162820.309580,-160690.103001,-159469.590813,-159756.200465,0.000000,0.000000,0.000000,0.000000,0.000000,0.000000,0.000000,0.000000,0.000000,0.000000,0.000000,0.000000,0.000000,0.000000,0.000000,0.000000,0.000000,0.000000,0.000000,0.000000,0.000000,0.000000,0.000000,0.000000,0.000000,0.000000,0.000000,0.000000,0.000000,0.000000,0.000000,0.000000,0.000000,0.000000,0.000000,0.000000,0.000000,0.000000
0.000000,0.000000,0.000000,0.000000,0.000000,0.000000,0.000000,0.000000,0.000000,0.000000,0.000000,0.000000,0.000000,0.000000,0.000000,0.000000,0.000000,0.000000,0.000000,0.000000,0.000000,0.000000,0.000000,0.000000,0.000000,0.000000,0.000000,0.000000,0.000000,0.000000,0.000000,0.000000,0.000000,0.000000,0.000000,0.000000,0.000000,0.000000,0.000000,0.000000,0.000000,0.000000,-164375.587953,-162998.149966,-162176.421673,-160816.014313,-159821.574813,-162143.911662,-164557.480833,-164262.761779,-163577.100786,-164353.899505,-166467.826915,-166961.469186,-165143.602506,-162162.498089,-158613.193639,-157051.700566,-158502.647266,-161774.169971,-164655.578583,0.000000,0.000000,0.000000,0.000000,0.000000,0.000000,0.000000,0.000000,0.000000,0.000000,0.000000,0.000000,0.000000,0.000000,0.000000,0.000000,0.000000,0.000000,0.000000,0.000000,0.000000,0.000000,0.000000,0.000000,0.000000,0.000000,0.000000,0.000000,0.000000,0.000000,0.000000,0.000000,0.000000,0.000000,0.000000,0.000000,0.000000,0.000000,0.000000,0.000000,0.000000,0.000000
0.000000,0.000000,0.000000,0.000000,0.000000,0.000000,0.000000,0.000000,0.000000,0.000000,0.000000,0.000000,0.000000,0.000000,0.000000,0.000000,0.000000,0.000000,0.000000,0.000000,0.000000,0.000000,0.000000,0.000000,0.000000,0.000000,0.000000,0.000000,0.000000,0.000000,0.000000,0.000000,0.000000,0.000000,0.000000,0.000000,0.000000,0.000000,0.000000,0.000000,0.000000,0.000000,0.000000,0.000000,0.000000,0.000000,0.000000,0.000000,0.000000,0.000000,0.000000,0.000000,0.000000,0.000000,0.000000,0.000000,0.000000,0.000000,0.000000,0.000000,0.000000,0.000000,0.000000,0.000000,0.000000,0.000000,0.000000,0.000000,0.000000,0.000000,0.000000,0.000000,0.000000,0.000000,0.000000,0.000000,0.000000,0.000000,0.000000,0.000000,0.000000,0.000000,0.000000,0.000000,0.000000,0.000000,0.000000,0.000000,0.000000,0.000000,0.000000,0.000000,0.000000,0.000000,0.000000,0.000000,0.000000,0.000000,0.000000,0.000000,0.000000,0.000000,0.000000
0.000000,0.000000,0.000000,0.000000,0.000000,0.000000,0.000000,0.000000,0.000000,0.000000,0.000000,0.000000,0.000000,0.000000,0.000000,0.000000,0.000000,0.000000,0.000000,0.000000,0.000000,0.000000,0.000000,0.000000,0.000000,0.000000,0.000000,0.000000,0.000000,0.000000,0.000000,0.000000,0.000000,0.000000,0.000000,0.000000,0.000000,0.000000,0.000000,0.000000,0.000000,0.000000,0.000000,0.000000,0.000000,0.000000,0.000000,0.000000,0.000000,0.000000,0.000000,0.000000,0.000000,0.000000,0.000000,0.000000,0.000000,0.000000,0.000000,0.000000,0.000000,0.000000,0.000000,0.000000,0.000000,0.000000,0.000000,0.000000,0.000000,0.000000,0.000000,0.000000,0.000000,0.000000,0.000000,0.000000,0.000000,0.000000,0.000000,0.000000,0.000000,0.000000,0.000000,0.000000,0.000000,0.000000,0.000000,0.000000,0.000000,0.000000,0.000000,0.000000,0.000000,0.000000,0.000000,0.000000,0.000000,0.000000,0.000000,0.000000,0.000000,0.000000,0.000000
