0.000000,0.000000,0.000000,0.000000,0.000000,0.000000,0.000000,0.000000,0.000000,0.000000,0.000000,0.000000,0.000000,0.000000,0.000000,0.000000,0.000000,0.000000,0.000000,0.000000,0.000000,0.000000,0.000000,0.000000,0.000000,0.000000,0.000000,0.000000,0.000000,0.000000,0.000000,0.000000,0.000000,0.000000,0.000000,0.000000,0.000000,0.000000,0.000000,0.000000,0.000000,0.000000,0.000000,0.000000,0.000000,0.000000,0.000000,0.000000,0.000000,0.000000,0.000000,0.000000,0.000000,0.000000,0.000000,0.000000,0.000000,0.000000,0.000000,0.000000,0.000000,0.000000,0.000000,0.000000,0.000000,0.000000,0.000000,0.000000,0.000000,0.000000,0.000000,0.000000,0.000000,0.000000,0.000000,0.000000,0.000000,0.000000,0.000000,0.000000,0.000000,0.000000,0.000000,0.000000,0.000000,0.000000,0.000000,0.000000,0.000000,0.000000,0.000000,0.000000,0.000000,0.000000,0.000000,0.000000,0.000000,0.000000,0.000000,0.000000,0.000000,0.000000,0.000000
0.000000,0.000000,0.000000,0.000000,0.000000,0.000000,0.000000,0.000000,0.000000,0.000000,0.000000,0.000000,0.000000,0.000000,0.000000,0.000000,0.000000,0.000000,0.000000,0.000000,0.000000,0.000000,0.000000,0.000000,0.000000,0.000000,0.000000,0.000000,0.000000,0.000000,0.000000,0.000000,0.000000,0.000000,0.000000,0.000000,0.000000,0.000000,0.000000,0.000000,0.000000,0.000000,0.000000,0.000000,0.000000,0.000000,0.000000,0.000000,0.000000,0.000000,0.000000,1000.130916,0.000000,0.000000,0.000000,0.000000,0.000000,0.000000,0.000000,0.000000,0.000000,0.000000,0.000000,0.000000,0.000000,0.000000,0.000000,0.000000,0.000000,0.000000,0.000000,0.000000,0.000000,0.000000,0.000000,0.000000,0.000000,0.000000,0.000000,0.000000,0.000000,0.000000,0.000000,0.000000,0.000000,0.000000,0.000000,0.000000,0.000000,0.000000,0.000000,0.000000,0.000000,0.000000,0.000000,0.000000,0.000000,0.000000,0.000000,0.000000,0.000000,0.000000,0.000000
0.000000,0.000000,0.000000,0.000000,0.000000,0.000000,0.000000,0.000000,0.000000,0.000000,0.000000,0.000000,0.000000,0.000000,0.000000,0.000000,0.000000,0.000000,0.000000,0.000000,0.000000,0.000000,0.000000,0.000000,0.000000,0.000000,0.000000,0.000000,0.000000,0.000000,0.000000,0.000000,0.000000,0.000000,0.000000,0.000000,0.000000,0.000000,0.000000,0.000000,0.000000,0.000000,1000.136495,1000.134128,1000.132024,1000.129725,1000.127064,1000.124251,1000.121773,1000.120079,1000.119028,1000.117908,1000.118191,1000.118195,1000.118671,1000.119893,1000.121589,1000.123731,1000.126276,1000.128908,1000.130899,0.000000,0.000000,0.000000,0.000000,0.000000,0.000000,0.000000,0.000000,0.000000,0.000000,0.000000,0.000000,0.000000,0.000000,0.000000,0.000000,0.000000,0.000000,0.000000,0.000000,0.000000,0.000000,0.000000,0.000000,0.000000,0.000000,0.000000,0.000000,0.000000,0.000000,0.000000,0.000000,0.000000,0.000000,0.000000,0.000000,0.000000,0.000000,0.000000,0.000000,0.000000,0.000000
0.000000,0.000000,0.000000,0.000000,0.000000,0.000000,0.000000,0.000000,0.000000,0.000000,0.000000,0.000000,0.000000,0.000000,0.000000,0.000000,0.000000,0.000000,0.000000,0.000000,0.000000,0.000000,0.000000,0.000000,0.000000,0.000000,0.000000,0.000000,0.000000,0.000000,0.000000,0.000000,0.000000,0.000000,0.000000,0.000000,0.000000,1000.139176,1000.134883,1000.131217,1000.128201,1000.125684,1000.122782,1000.120533,1000.118262,1000.115937,1000.113660,1000.111489,1000.109571,1000.107985,1000.106804,1000.106069,1000.105954,1000.105953,1000.106499,1000.107482,1000.108990,1000.110994,1000.113334,1000.115774,1000.118366,1000.122800,1000.126323,1000.129603,1000.132841,1000.135792,0.000000,0.000000,0.000000,0.000000,0.000000,0.000000,0.000000,0.000000,0.000000,0.000000,0.000000,0.000000,0.000000,0.000000,0.000000,0.000000,0.000000,0.000000,0.000000,0.000000,0.000000,0.000000,0.000000,0.000000,0.000000,0.000000,0.000000,0.000000,0.000000,0.000000,0.000000,0.000000,0.000000,0.000000,0.000000,0.000000,0.000000
0.000000,0.000000,0.000000,0.000000,0.000000,0.000000,0.000000,0.000000,0.000000,0.000000,0.000000,0.000000,0.000000,0.000000,0.000000,0.000000,0.000000,0.000000,0.000000,0.000000,0.000000,0.000000,0.000000,0.000000,0.000000,0.000000,0.000000,0.000000,0.000000,0.000000,0.000000,0.000000,0.000000,0.000000,1000.136585,1000.132716,1000.129298,1000.125280,1000.121703,1000.118268,1000.115019,1000.112104,1000.109298,1000.106782,1000.104360,1000.102133,1000.100077,1000.098262,1000.096727,1000.095404,1000.094333,1000.093688,1000.093343,1000.093414,1000.093882,1000.094725,1000.096072,1000.097933,1000.100274,1000.103055,1000.106104,1000.109718,1000.113589,1000.117147,1000.120480,1000.123969,1000.129477,1000.134549,1000.138854,0.000000,0.000000,0.000000,0.000000,0.000000,0.000000,0.000000,0.000000,0.000000,0.000000,0.000000,0.000000,0.000000,0.000000,0.000000,0.000000,0.000000,0.000000,0.000000,0.000000,0.000000,0.000000,0.000000,0.000000,0.000000,0.000000,0.000000,0.000000,0.000000,0.000000,0.000000,0.000000,0.000000,0.000000
0.000000,0.000000,0.000000,0.000000,0.000000,0.000000,0.000000,0.000000,0.000000,0.000000,0.000000,0.000000,0.000000,0.000000,0.000000,0.000000,0.000000,0.000000,0.000000,0.000000,0.000000,0.000000,0.000000,0.000000,0.000000,0.000000,0.000000,0.000000,0.000000,0.000000,0.000000,0.000000,1000.132438,1000.128154,1000.123537,1000.119518,1000.115662,1000.111705,1000.108046,1000.104590,1000.101381,1000.098331,1000.095512,1000.092884,1000.090492,1000.088322,1000.086418,1000.084857,1000.083566,1000.082489,1000.081608,1000.080990,1000.080652,1000.080695,1000.081091,1000.081925,1000.083204,1000.084955,1000.087210,1000.089962,1000.093208,1000.096699,1000.100506,1000.104337,1000.108319,1000.112403,1000.117072,1000.122048,1000.126987,1000.133800,1000.139200,0.000000,0.000000,0.000000,0.000000,0.000000,0.000000,0.000000,0.000000,0.000000,0.000000,0.000000,0.000000,0.000000,0.000000,0.000000,0.000000,0.000000,0.000000,0.000000,0.000000,0.000000,0.000000,0.000000,0.000000,0.000000,0.000000,0.000000,0.000000,0.000000,0.000000,0.000000,0.000000
0.000000,0.000000,0.000000,0.000000,0.000000,0.000000,0.000000,0.000000,0.000000,0.000000,0.000000,0.000000,0.000000,0.000000,0.000000,0.000000,0.000000,0.000000,0.000000,0.000000,0.000000,0.000000,0.000000,0.000000,0.000000,0.000000,0.000000,0.000000,0.000000,0.000000,1000.132070,1000.126806,1000.120352,1000.115586,1000.110956,1000.106469,1000.102028,1000.097938,1000.094179,1000.090726,1000.087518,1000.084469,1000.081629,1000.078993,1000.076598,1000.074477,1000.072735,1000.071374,1000.070314,1000.069465,1000.068773,1000.068245,1000.067969,1000.068001,1000.068395,1000.069214,1000.070448,1000.072131,1000.074285,1000.076917,1000.080046,1000.083533,1000.087332,1000.091290,1000.095429,1000.099856,1000.104504,1000.109660,1000.114967,1000.120636,1000.126608,1000.134118,1000.140483,0.000000,0.000000,0.000000,0.000000,0.000000,0.000000,0.000000,0.000000,0.000000,0.000000,0.000000,0.000000,0.000000,0.000000,0.000000,0.000000,0.000000,0.000000,0.000000,0.000000,0.000000,0.000000,0.000000,0.000000,0.000000,0.000000,0.000000,0.000000,0.000000,0.000000
0.000000,0.000000,0.000000,0.000000,0.000000,0.000000,0.000000,0.000000,0.000000,0.000000,0.000000,0.000000,0.000000,0.000000,0.000000,0.000000,0.000000,0.000000,0.000000,0.000000,0.000000,0.000000,0.000000,0.000000,0.000000,0.000000,0.000000,0.000000,1000.135492,1000.129194,1000.120728,1000.114540,1000.108811,1000.103477,1000.098239,1000.093316,1000.088707,1000.084474,1000.080576,1000.077013,1000.073715,1000.070653,1000.067791,1000.065115,1000.062706,1000.060677,1000.059086,1000.057924,1000.057102,1000.056470,1000.055971,1000.055615,1000.055438,1000.055512,1000.055924,1000.056708,1000.057892,1000.059492,1000.061520,1000.064004,1000.066963,1000.070360,1000.074121,1000.078147,1000.082326,1000.086768,1000.091451,1000.096524,1000.102096,1000.107925,1000.114052,1000.120501,1000.127116,1000.134533,1000.141353,0.000000,0.000000,0.000000,0.000000,0.000000,0.000000,0.000000,0.000000,0.000000,0.000000,0.000000,0.000000,0.000000,0.000000,0.000000,0.000000,0.000000,0.000000,0.000000,0.000000,0.000000,0.000000,0.000000,0.000000,0.000000,0.000000,0.000000,0.000000
0.000000,0.000000,0.000000,0.000000,0.000000,0.000000,0.000000,0.000000,0.000000,0.000000,0.000000,0.000000,0.000000,0.000000,0.000000,0.000000,0.000000,0.000000,0.000000,0.000000,0.000000,0.000000,0.000000,0.000000,0.000000,0.000000,1000.140736,1000.133547,1000.124060,1000.116616,1000.109637,1000.103131,1000.096934,1000.091053,1000.085622,1000.080570,1000.075854,1000.071464,1000.067402,1000.063672,1000.060249,1000.057107,1000.054184,1000.051467,1000.049057,1000.047082,1000.045616,1000.044614,1000.043933,1000.043472,1000.043181,1000.043033,1000.043025,1000.043215,1000.043678,1000.044453,1000.045583,1000.047084,1000.048991,1000.051324,1000.054107,1000.057372,1000.061027,1000.064990,1000.069165,1000.073545,1000.078227,1000.083259,1000.088735,1000.094600,1000.100905,1000.107427,1000.114251,1000.121172,1000.127757,1000.134120,1000.140741,0.000000,0.000000,0.000000,0.000000,0.000000,0.000000,0.000000,0.000000,0.000000,0.000000,0.000000,0.000000,0.000000,0.000000,0.000000,0.000000,0.000000,0.000000,0.000000,0.000000,0.000000,0.000000,0.000000,0.000000,0.000000,0.000000
0.000000,0.000000,0.000000,0.000000,0.000000,0.000000,0.000000,0.000000,0.000000,0.000000,0.000000,0.000000,0.000000,0.000000,0.000000,0.000000,0.000000,0.000000,0.000000,0.000000,0.000000,0.000000,0.000000,0.000000,1000.147172,1000.138920,1000.129090,1000.120830,1000.112889,1000.105289,1000.098050,1000.091120,1000.084769,1000.078838,1000.073330,1000.068180,1000.063367,1000.058857,1000.054649,1000.050759,1000.047214,1000.043971,1000.040966,1000.038226,1000.035832,1000.033908,1000.032504,1000.031519,1000.030860,1000.030484,1000.030343,1000.030389,1000.030606,1000.030981,1000.031544,1000.032357,1000.033470,1000.034907,1000.036697,1000.038895,1000.041535,1000.044638,1000.048157,1000.052007,1000.056117,1000.060430,1000.065035,1000.070029,1000.075446,1000.081269,1000.087490,1000.094022,1000.100873,1000.107849,1000.114811,1000.121479,1000.127493,1000.133063,1000.139566,0.000000,0.000000,0.000000,0.000000,0.000000,0.000000,0.000000,0.000000,0.000000,0.000000,0.000000,0.000000,0.000000,0.000000,0.000000,0.000000,0.000000,0.000000,0.000000,0.000000,0.000000,0.000000,0.000000,0.000000
0.000000,0.000000,0.000000,0.000000,0.000000,0.000000,0.000000,0.000000,0.000000,0.000000,0.000000,0.000000,0.000000,0.000000,0.000000,0.000000,0.000000,0.000000,0.000000,0.000000,0.000000,0.000000,0.000000,1000.143519,1000.134474,1000.125982,1000.117517,1000.109181,1000.101168,1000.093329,1000.086022,1000.079158,1000.072773,1000.066822,1000.061275,1000.056066,1000.051155,1000.046527,1000.042203,1000.038209,1000.034556,1000.031199,1000.028120,1000.025368,1000.023025,1000.021170,1000.019775,1000.018749,1000.018045,1000.017644,1000.017554,1000.017743,1000.018147,1000.018715,1000.019427,1000.020332,1000.021470,1000.022882,1000.024599,1000.026670,1000.029172,1000.032129,1000.035522,1000.039264,1000.043274,1000.047540,1000.052086,1000.056989,1000.062311,1000.068043,1000.074149,1000.080635,1000.087431,1000.094425,1000.101543,1000.108603,1000.115302,1000.121756,1000.127999,1000.135334,0.000000,0.000000,0.000000,0.000000,0.000000,0.000000,0.000000,0.000000,0.000000,0.000000,0.000000,0.000000,0.000000,0.000000,0.000000,0.000000,0.000000,0.000000,0.000000,0.000000,0.000000,0.000000,0.000000
0.000000,0.000000,0.000000,0.000000,0.000000,0.000000,0.000000,0.000000,0.000000,0.000000,0.000000,0.000000,0.000000,0.000000,0.000000,0.000000,0.000000,0.000000,0.000000,0.000000,0.000000,1000.147604,1000.139445,1000.130807,1000.122447,1000.113949,1000.105441,1000.096988,1000.088958,1000.081281,1000.074035,1000.067230,1000.060887,1000.054975,1000.049406,1000.044132,1000.039130,1000.034406,1000.030006,1000.025947,1000.022175,1000.018690,1000.015543,1000.012791,1000.010515,1000.008718,1000.007337,1000.006300,1000.005544,1000.005090,1000.004979,1000.005205,1000.005700,1000.006406,1000.007280,1000.008311,1000.009522,1000.010948,1000.012632,1000.014617,1000.016986,1000.019819,1000.023114,1000.026775,1000.030709,1000.034903,1000.039376,1000.044188,1000.049394,1000.055007,1000.061015,1000.067420,1000.074183,1000.081240,1000.088476,1000.095752,1000.102930,1000.110080,1000.116892,1000.123957,1000.131830,1000.140255,0.000000,0.000000,0.000000,0.000000,0.000000,0.000000,0.000000,0.000000,0.000000,0.000000,0.000000,0.000000,0.000000,0.000000,0.000000,0.000000,0.000000,0.000000,0.000000,0.000000,0.000000
0.000000,0.000000,0.000000,0.000000,0.000000,0.000000,0.000000,0.000000,0.000000,0.000000,0.000000,0.000000,0.000000,0.000000,0.000000,0.000000,0.000000,0.000000,0.000000,0.000000,1000.145149,1000.135920,1000.127633,1000.119087,1000.110483,1000.101700,1000.093103,1000.084726,1000.076702,1000.069125,1000.061992,1000.055314,1000.049075,1000.043210,1000.037644,1000.032342,1000.027300,1000.022545,1000.018102,1000.013948,1000.010059,1000.006472,1000.003257,1000.000517,999.998287,999.996525,999.995159,999.994108,999.993336,999.992849,999.992666,999.992826,999.993329,999.994110,999.995099,999.996245,999.997555,999.999042,1000.000726,1000.002683,1000.004996,1000.007752,1000.010968,1000.014570,1000.018454,1000.022559,1000.026928,1000.031653,1000.036761,1000.042273,1000.048229,1000.054611,1000.061351,1000.068420,1000.075744,1000.083176,1000.090603,1000.098026,1000.105532,1000.113097,1000.121118,1000.129429,1000.138656,0.000000,0.000000,0.000000,0.000000,0.000000,0.000000,0.000000,0.000000,0.000000,0.000000,0.000000,0.000000,0.000000,0.000000,0.000000,0.000000,0.000000,0.000000,0.000000,0.000000
0.000000,0.000000,0.000000,0.000000,0.000000,0.000000,0.000000,0.000000,0.000000,0.000000,0.000000,0.000000,0.000000,0.000000,0.000000,0.000000,0.000000,0.000000,0.000000,1000.142722,1000.133159,1000.124517,1000.115947,1000.107097,1000.098252,1000.089470,1000.080815,1000.072414,1000.064434,1000.056975,1000.049995,1000.043448,1000.037307,1000.031519,1000.026015,1000.020759,1000.015743,1000.010993,1000.006496,1000.002235,999.998252,999.994590,999.991362,999.988657,999.986457,999.984712,999.983328,999.982241,999.981435,999.980889,999.980614,999.980662,999.981091,999.981875,999.982919,999.984150,999.985527,999.987074,999.988823,999.990822,999.993155,999.995899,999.999073,1000.002629,1000.006473,1000.010539,1000.014851,1000.019492,1000.024532,1000.029992,1000.035901,1000.042274,1000.049040,1000.056109,1000.063449,1000.070967,1000.078541,1000.086122,1000.093858,1000.101863,1000.110328,1000.118988,1000.128124,1000.138337,0.000000,0.000000,0.000000,0.000000,0.000000,0.000000,0.000000,0.000000,0.000000,0.000000,0.000000,0.000000,0.000000,0.000000,0.000000,0.000000,0.000000,0.000000,0.000000
0.000000,0.000000,0.000000,0.000000,0.000000,0.000000,0.000000,0.000000,0.000000,0.000000,0.000000,0.000000,0.000000,0.000000,0.000000,0.000000,0.000000,0.000000,1000.140248,1000.130671,1000.121784,1000.113010,1000.103951,1000.094993,1000.086103,1000.077281,1000.068588,1000.060221,1000.052339,1000.044997,1000.038137,1000.031687,1000.025638,1000.019943,1000.014525,1000.009352,1000.004390,999.999617,999.995057,999.990743,999.986702,999.983034,999.979865,999.977216,999.975057,999.973313,999.971884,999.970728,999.969825,999.969168,999.968782,999.968717,999.969039,999.969760,999.970805,999.972079,999.973511,999.975113,999.976952,999.979055,999.981453,999.984209,999.987364,999.990900,999.994743,999.998843,1000.003189,1000.007823,1000.012824,1000.018242,1000.024111,1000.030444,1000.037197,1000.044280,1000.051619,1000.059152,1000.066800,1000.074516,1000.082378,1000.090552,1000.099199,1000.108370,1000.117720,1000.127514,1000.138339,0.000000,0.000000,0.000000,0.000000,0.000000,0.000000,0.000000,0.000000,0.000000,0.000000,0.000000,0.000000,0.000000,0.000000,0.000000,0.000000,0.000000,0.000000
0.000000,0.000000,0.000000,0.000000,0.000000,0.000000,0.000000,0.000000,0.000000,0.000000,0.000000,0.000000,0.000000,0.000000,0.000000,0.000000,0.000000,1000.137981,1000.128513,1000.119509,1000.110520,1000.101264,1000.092098,1000.083086,1000.074140,1000.065295,1000.056637,1000.048327,1000.040523,1000.033273,1000.026478,1000.020072,1000.014053,1000.008396,1000.003038,999.997909,999.992968,999.988200,999.983652,999.979355,999.975364,999.971802,999.968721,999.966130,999.963994,999.962221,999.960724,999.959452,999.958411,999.957622,999.957123,999.956981,999.957225,999.957873,999.958876,999.960141,999.961618,999.963302,999.965228,999.967431,999.969914,999.972699,999.975843,999.979380,999.983277,999.987461,999.991898,999.996606,1000.001623,1000.007005,1000.012823,1000.019100,1000.025789,1000.032841,1000.040175,1000.047705,1000.055383,1000.063173,1000.071122,1000.079378,1000.088058,1000.097303,1000.107050,1000.116909,1000.127015,1000.137923,0.000000,0.000000,0.000000,0.000000,0.000000,0.000000,0.000000,0.000000,0.000000,0.000000,0.000000,0.000000,0.000000,0.000000,0.000000,0.000000,0.000000
0.000000,0.000000,0.000000,0.000000,0.000000,0.000000,0.000000,0.000000,0.000000,0.000000,0.000000,0.000000,0.000000,0.000000,0.000000,0.000000,1000.136487,1000.126858,1000.117726,1000.108570,1000.099136,1000.089791,1000.080585,1000.071482,1000.062520,1000.053684,1000.045043,1000.036767,1000.029010,1000.021792,1000.015007,1000.008575,1000.002515,999.996825,999.991440,999.986296,999.981366,999.976669,999.972230,999.968072,999.964258,999.960855,999.957886,999.955338,999.953177,999.951336,999.949740,999.948344,999.947168,999.946269,999.945711,999.945532,999.945738,999.946320,999.947250,999.948472,999.949953,999.951692,999.953695,999.955976,999.958527,999.961367,999.964550,999.968117,999.972068,999.976341,999.980873,999.985662,999.990729,999.996122,1000.001905,1000.008114,1000.014741,1000.021736,1000.029039,1000.036581,1000.044286,1000.052116,1000.060119,1000.068412,1000.077097,1000.086266,1000.096000,1000.106166,1000.116220,1000.126303,1000.136934,0.000000,0.000000,0.000000,0.000000,0.000000,0.000000,0.000000,0.000000,0.000000,0.000000,0.000000,0.000000,0.000000,0.000000,0.000000,0.000000
0.000000,0.000000,0.000000,0.000000,0.000000,0.000000,0.000000,0.000000,0.000000,0.000000,0.000000,0.000000,0.000000,0.000000,0.000000,1000.136303,1000.125984,1000.116501,1000.107144,1000.097534,1000.088023,1000.078644,1000.069342,1000.060204,1000.051233,1000.042377,1000.033734,1000.025472,1000.017714,1000.010483,1000.003680,999.997213,999.991105,999.985348,999.979885,999.974707,999.969809,999.965206,999.960933,999.956985,999.953371,999.950128,999.947268,999.944754,999.942555,999.940635,999.938936,999.937442,999.936173,999.935214,999.934639,999.934453,999.934630,999.935144,999.935991,999.937159,999.938614,999.940354,999.942387,999.944711,999.947328,999.950244,999.953494,999.957113,999.961089,999.965398,999.969994,999.974842,999.979962,999.985406,999.991209,999.997393,1000.003978,1000.010943,1000.018230,1000.025776,1000.033516,1000.041394,1000.049441,1000.057760,1000.066443,1000.075555,1000.085152,1000.095221,1000.105527,1000.115538,1000.125380,1000.135353,0.000000,0.000000,0.000000,0.000000,0.000000,0.000000,0.000000,0.000000,0.000000,0.000000,0.000000,0.000000,0.000000,0.000000,0.000000
0.000000,0.000000,0.000000,0.000000,0.000000,0.000000,0.000000,0.000000,0.000000,0.000000,0.000000,0.000000,0.000000,0.000000,1000.136771,1000.125886,1000.115943,1000.106246,1000.096416,1000.086726,1000.077193,1000.067713,1000.058344,1000.049164,1000.040137,1000.031257,1000.022624,1000.014358,1000.006589,999.999354,999.992536,999.986056,999.979929,999.974131,999.968633,999.963445,999.958589,999.954101,999.949980,999.946186,999.942729,999.939623,999.936845,999.934373,999.932169,999.930188,999.928403,999.926827,999.925514,999.924546,999.923970,999.923769,999.923910,999.924378,999.925167,999.926283,999.927707,999.929424,999.931439,999.933764,999.936422,999.939414,999.942722,999.946357,999.950329,999.954628,999.959241,999.964131,999.969310,999.974826,999.980697,999.986925,999.993511,1000.000470,1000.007771,1000.015326,1000.023083,1000.031010,1000.039116,1000.047480,1000.056177,1000.065258,1000.074780,1000.084695,1000.094904,1000.105207,1000.115105,1000.124664,1000.134098,0.000000,0.000000,0.000000,0.000000,0.000000,0.000000,0.000000,0.000000,0.000000,0.000000,0.000000,0.000000,0.000000,0.000000
0.000000,0.000000,0.000000,0.000000,0.000000,0.000000,0.000000,0.000000,0.000000,0.000000,0.000000,0.000000,0.000000,1000.137320,1000.126297,1000.116059,1000.106014,1000.095861,1000.085936,1000.076242,1000.066625,1000.057056,1000.047607,1000.038334,1000.029233,1000.020334,1000.011712,1000.003479,999.995746,999.988517,999.981685,999.975200,999.969070,999.963270,999.957785,999.952632,999.947850,999.943458,999.939425,999.935737,999.932393,999.929389,999.926707,999.924296,999.922110,999.920107,999.918269,999.916641,999.915312,999.914356,999.913787,999.913578,999.913697,999.914145,999.914913,999.915987,999.917373,999.919056,999.921025,999.923321,999.925970,999.928975,999.932307,999.935925,999.939864,999.944142,999.948741,999.953653,999.958885,999.964473,999.970423,999.976712,999.983334,999.990303,999.997607,1000.005186,1000.012963,1000.020917,1000.029089,1000.037527,1000.046274,1000.055374,1000.064875,1000.074750,1000.084862,1000.095156,1000.105460,1000.115255,1000.124697,1000.134364,0.000000,0.000000,0.000000,0.000000,0.000000,0.000000,0.000000,0.000000,0.000000,0.000000,0.000000,0.000000,0.000000
0.000000,0.000000,0.000000,0.000000,0.000000,0.000000,0.000000,0.000000,0.000000,0.000000,0.000000,0.000000,1000.138191,1000.127200,1000.116770,1000.106498,1000.096053,1000.085796,1000.075850,1000.066090,1000.056383,1000.046721,1000.037174,1000.027801,1000.018629,1000.009718,1000.001156,999.993011,999.985328,999.978100,999.971259,999.964764,999.958627,999.952835,999.947384,999.942307,999.937604,999.933247,999.929257,999.925641,999.922381,999.919477,999.916897,999.914571,999.912439,999.910461,999.908637,999.907029,999.905727,999.904793,999.904246,999.904063,999.904202,999.904652,999.905410,999.906458,999.907797,999.909426,999.911335,999.913552,999.916128,999.919072,999.922354,999.925947,999.929843,999.934075,999.938649,999.943551,999.948797,999.954427,999.960432,999.966761,999.973416,999.980406,999.987703,999.995285,1000.003090,1000.011069,1000.019290,1000.027816,1000.036645,1000.045811,1000.055343,1000.065222,1000.075341,1000.085599,1000.095985,1000.106281,1000.116049,1000.125659,1000.136066,0.000000,0.000000,0.000000,0.000000,0.000000,0.000000,0.000000,0.000000,0.000000,0.000000,0.000000,0.000000
0.000000,0.000000,0.000000,0.000000,0.000000,0.000000,0.000000,0.000000,0.000000,0.000000,0.000000,1000.139779,1000.128834,1000.118149,1000.107596,1000.096912,1000.086389,1000.076117,1000.066102,1000.056264,1000.046472,1000.036724,1000.027095,1000.017649,1000.008450,999.999599,999.991149,999.983085,999.975427,999.968189,999.961317,999.954799,999.948661,999.942895,999.937505,999.932499,999.927833,999.923492,999.919524,999.915948,999.912770,999.909973,999.907495,999.905274,999.903236,999.901341,999.899623,999.898141,999.896950,999.896104,999.895621,999.895483,999.895664,999.896133,999.896876,999.897897,999.899184,999.900729,999.902536,999.904618,999.907041,999.909853,999.913029,999.916540,999.920364,999.924517,999.929024,999.933874,999.939087,999.944707,999.950724,999.957083,999.963762,999.970760,999.978055,999.985626,999.993448,1000.001473,1000.009735,1000.018326,1000.027239,1000.036457,1000.046018,1000.055915,1000.066056,1000.076344,1000.086732,1000.097177,1000.107503,1000.117414,1000.127345,1000.138038,0.000000,0.000000,0.000000,0.000000,0.000000,0.000000,0.000000,0.000000,0.000000,0.000000,0.000000
0.000000,0.000000,0.000000,0.000000,0.000000,0.000000,0.000000,0.000000,0.000000,0.000000,0.000000,1000.131583,1000.120258,1000.109351,1000.098336,1000.087553,1000.077037,1000.066714,1000.056641,1000.046742,1000.036882,1000.027074,1000.017406,1000.007950,999.998806,999.990067,999.981717,999.973706,999.966045,999.958746,999.951822,999.945293,999.939172,999.933456,999.928128,999.923163,999.918526,999.914231,999.910328,999.906846,999.903779,999.901102,999.898764,999.896679,999.894778,999.893060,999.891568,999.890326,999.889359,999.888692,999.888319,999.888244,999.888457,999.888916,999.889610,999.890553,999.891732,999.893135,999.894764,999.896648,999.898853,999.901450,999.904452,999.907796,999.911474,999.915497,999.919874,999.924626,999.929770,999.935330,999.941301,999.947655,999.954349,999.961355,999.968650,999.976234,999.984080,999.992153,1000.000483,1000.009119,1000.018069,1000.027302,1000.036837,1000.046719,1000.056890,1000.067229,1000.077681,1000.088196,1000.098731,1000.109225,1000.119426,1000.129693,0.000000,0.000000,0.000000,0.000000,0.000000,0.000000,0.000000,0.000000,0.000000,0.000000,0.000000
0.000000,0.000000,0.000000,0.000000,0.000000,0.000000,0.000000,0.000000,0.000000,0.000000,1000.134572,1000.122630,1000.111672,1000.100506,1000.089327,1000.078507,1000.067941,1000.057585,1000.047478,1000.037512,1000.027582,1000.017743,1000.008098,999.998712,999.989672,999.981029,999.972752,999.964771,999.957062,999.949694,999.942738,999.936214,999.930131,999.924469,999.919196,999.914289,999.909737,999.905575,999.901852,999.898579,999.895713,999.893232,999.891100,999.889237,999.887600,999.886207,999.885069,999.884190,999.883554,999.883124,999.882899,999.882891,999.883083,999.883470,999.884035,999.884776,999.885710,999.886840,999.888187,999.889788,999.891698,999.893997,999.896710,999.899804,999.903249,999.907061,999.911264,999.915868,999.920887,999.926340,999.932226,999.938514,999.945181,999.952190,999.959499,999.967114,999.975006,999.983131,999.991531,1000.000232,1000.009198,1000.018419,1000.027915,1000.037751,1000.047934,1000.058326,1000.068859,1000.079526,1000.090226,1000.100934,1000.111555,1000.121896,1000.132956,0.000000,0.000000,0.000000,0.000000,0.000000,0.000000,0.000000,0.000000,0.000000,0.000000
0.000000,0.000000,0.000000,0.000000,0.000000,0.000000,0.000000,0.000000,0.000000,1000.138889,1000.126406,1000.114716,1000.103372,1000.091833,1000.080627,1000.069770,1000.059171,1000.048809,1000.038647,1000.028584,1000.018583,1000.008746,999.999166,999.989887,999.980949,999.972383,999.964149,999.956151,999.948399,999.941007,999.934047,999.927555,999.921535,999.915955,999.910784,999.906004,999.901634,999.897727,999.894320,999.891393,999.888889,999.886765,999.884987,999.883516,999.882349,999.881480,999.880881,999.880505,999.880278,999.880138,999.880077,999.880100,999.880211,999.880428,999.880738,999.881120,999.881608,999.882267,999.883161,999.884338,999.885842,999.887726,999.890023,999.892741,999.895851,999.899366,999.903326,999.907717,999.912543,999.917832,999.923578,999.929755,999.936353,999.943333,999.950655,999.958294,999.966212,999.974389,999.982853,999.991618,1000.000634,1000.009863,1000.019343,1000.029152,1000.039316,1000.049741,1000.060345,1000.071146,1000.082073,1000.093019,1000.104021,1000.114735,1000.125188,1000.135975,0.000000,0.000000,0.000000,0.000000,0.000000,0.000000,0.000000,0.000000,0.000000
0.000000,0.000000,0.000000,0.000000,0.000000,0.000000,0.000000,0.000000,0.000000,1000.131147,1000.119055,1000.107100,1000.095127,1000.083505,1000.072289,1000.061391,1000.050785,1000.040397,1000.030167,1000.020035,1000.009998,1000.000183,999.990680,999.981495,999.972639,999.964119,999.955868,999.947828,999.940057,999.932664,999.925747,999.919349,999.913451,999.908029,999.903041,999.898486,999.894423,999.890919,999.888000,999.885621,999.883705,999.882187,999.881027,999.880227,999.879797,999.879711,999.879874,999.880150,999.880433,999.880660,999.880779,999.880798,999.880774,999.880708,999.880603,999.880451,999.880273,999.880206,999.880389,999.880896,999.881772,999.883050,999.884764,999.886928,999.889545,999.892641,999.896238,999.900327,999.904882,999.909920,999.915448,999.921447,999.927918,999.934836,999.942154,999.949807,999.957732,999.965929,999.974447,999.983262,999.992327,1000.001616,1000.011130,1000.020939,1000.031077,1000.041497,1000.052168,1000.063111,1000.074262,1000.085475,1000.096757,1000.108106,1000.118994,1000.129039,0.000000,0.000000,0.000000,0.000000,0.000000,0.000000,0.000000,0.000000,0.000000
0.000000,0.000000,0.000000,0.000000,0.000000,0.000000,0.000000,0.000000,1000.136482,1000.123824,1000.111777,1000.099458,1000.087301,1000.075597,1000.064308,1000.053409,1000.042793,1000.032370,1000.022113,1000.011958,1000.001924,999.992151,999.982713,999.973587,999.964757,999.956212,999.947897,999.939802,999.932011,999.924664,999.917867,999.911635,999.905948,999.900776,999.896081,999.891905,999.888347,999.885470,999.883281,999.881732,999.880724,999.880166,999.880017,999.880275,999.880936,999.881911,999.883005,999.884046,999.884936,999.885592,999.885952,999.886012,999.885805,999.885376,999.884730,999.883864,999.882841,999.881796,999.880924,999.880386,999.880245,999.880571,999.881408,999.882757,999.884652,999.887129,999.890198,999.893834,999.897997,999.902675,999.907887,999.913623,999.919884,999.926687,999.933972,999.941637,999.949583,999.957801,999.966345,999.975190,999.984290,999.993651,1000.003253,1000.013097,1000.023224,1000.033626,1000.044335,1000.055398,1000.066766,1000.078306,1000.089897,1000.101513,1000.113068,1000.124276,1000.136486,0.000000,0.000000,0.000000,0.000000,0.000000,0.000000,0.000000,0.000000
0.000000,0.000000,0.000000,0.000000,0.000000,0.000000,0.000000,0.000000,1000.129591,1000.117316,1000.104789,1000.092140,1000.079873,1000.068070,1000.056751,1000.045851,1000.035226,1000.024801,1000.014534,1000.004377,999.994369,999.984634,999.975222,999.966082,999.957209,999.948590,999.940181,999.932027,999.924270,999.917061,999.910452,999.904448,999.899055,999.894241,999.890008,999.886452,999.883687,999.881755,999.880644,999.880305,999.880619,999.881468,999.882778,999.884515,999.886600,999.888797,999.890863,999.892672,999.894152,999.895229,999.895873,999.896047,999.895712,999.894925,999.893706,999.892086,999.890160,999.888025,999.885849,999.883851,999.882219,999.881103,999.880601,999.880744,999.881560,999.883103,999.885396,999.888367,999.891951,999.896139,999.900924,999.906303,999.912283,999.918887,999.926089,999.933760,999.941745,999.950003,999.958569,999.967424,999.976548,999.985970,999.995665,1000.005566,1000.015689,1000.026087,1000.036818,1000.047938,1000.059445,1000.071247,1000.083214,1000.095280,1000.107469,1000.119555,1000.130358,0.000000,0.000000,0.000000,0.000000,0.000000,0.000000,0.000000,0.000000
0.000000,0.000000,0.000000,0.000000,0.000000,0.000000,0.000000,1000.136295,1000.123276,1000.110758,1000.097877,1000.085174,1000.072830,1000.060942,1000.049593,1000.038690,1000.028083,1000.017668,1000.007387,999.997227,999.987237,999.977506,999.968050,999.958842,999.949894,999.941181,999.932694,999.924540,999.916908,999.909910,999.903549,999.897848,999.892846,999.888561,999.885041,999.882415,999.880796,999.880201,999.880602,999.881909,999.883966,999.886604,999.889686,999.893107,999.896647,999.899980,999.902889,999.905326,999.907286,999.908741,999.909641,999.909941,999.909601,999.908561,999.906879,999.904655,999.901946,999.898817,999.895367,999.891779,999.888356,999.885386,999.883078,999.881540,999.880803,999.880964,999.882089,999.884099,999.886890,999.890418,999.894660,999.899592,999.905215,999.911543,999.918576,999.926208,999.934236,999.942547,999.951131,999.959979,999.969102,999.978555,999.988299,999.998234,1000.008362,1000.018762,1000.029502,1000.040642,1000.052215,1000.064199,1000.076505,1000.089000,1000.101572,1000.114364,1000.126863,1000.140568,0.000000,0.000000,0.000000,0.000000,0.000000,0.000000,0.000000
0.000000,0.000000,0.000000,0.000000,0.000000,0.000000,0.000000,1000.129998,1000.117352,1000.104354,1000.091273,1000.078513,1000.066093,1000.054157,1000.042778,1000.031879,1000.021298,1000.010878,1000.000562,999.990377,999.980377,999.970607,999.961078,999.951797,999.942768,999.933993,999.925504,999.917435,999.909993,999.903253,999.897217,999.891943,999.887521,999.884020,999.881532,999.880216,999.880165,999.881349,999.883673,999.886966,999.890998,999.895511,999.900306,999.905188,999.909865,999.914047,999.917579,999.920495,999.922853,999.924609,999.925712,999.926136,999.925800,999.924622,999.922650,999.919993,999.916712,999.912821,999.908359,999.903450,999.898372,999.893521,999.889223,999.885660,999.882950,999.881254,999.880717,999.881349,999.883053,999.885722,999.889272,999.893645,999.898821,999.904798,999.911569,999.919058,999.927076,999.935432,999.944042,999.952873,999.961961,999.971389,999.981125,999.991057,1000.001192,1000.011600,1000.022336,1000.033478,1000.045082,1000.057176,1000.069723,1000.082628,1000.095739,1000.108997,1000.122321,1000.134148,0.000000,0.000000,0.000000,0.000000,0.000000,0.000000,0.000000
0.000000,0.000000,0.000000,0.000000,0.000000,0.000000,1000.137701,1000.124136,1000.111236,1000.098002,1000.084930,1000.072108,1000.059637,1000.047679,1000.036285,1000.025380,1000.014792,1000.004326,999.993933,999.983694,999.973661,999.963849,999.954261,999.944907,999.935831,999.927071,999.918663,999.910767,999.903576,999.897166,999.891586,999.886940,999.883352,999.880939,999.879885,999.880345,999.882326,999.885687,999.890177,999.895526,999.901399,999.907492,999.913599,999.919497,999.924917,999.929629,999.933613,999.936948,999.939633,999.941606,999.942854,999.943334,999.942932,999.941626,999.939452,999.936487,999.932796,999.928371,999.923232,999.917450,999.911186,999.904794,999.898691,999.893141,999.888334,999.884487,999.881851,999.880608,999.880778,999.882267,999.884921,999.888588,999.893191,999.898711,999.905134,999.912377,999.920271,999.928620,999.937258,999.946092,999.955136,999.964487,999.974163,999.984070,999.994199,1000.004622,1000.015368,1000.026488,1000.038101,1000.050289,1000.063020,1000.076191,1000.089669,1000.103208,1000.116985,1000.130334,1000.144772,0.000000,0.000000,0.000000,0.000000,0.000000,0.000000
0.000000,0.000000,0.000000,0.000000,0.000000,0.000000,1000.131698,1000.118384,1000.105153,1000.091874,1000.078786,1000.065923,1000.053443,1000.041475,1000.030072,1000.019139,1000.008467,999.997892,999.987407,999.977106,999.967054,999.957219,999.947573,999.938178,999.929119,999.920436,999.912205,999.904589,999.897750,999.891807,999.886871,999.883081,999.880602,999.879674,999.880517,999.883194,999.887554,999.893216,999.899801,999.906930,999.914218,999.921442,999.928414,999.934928,999.940787,999.945869,999.950214,999.953874,999.956791,999.958915,999.960224,999.960655,999.960153,999.958707,999.956369,999.953196,999.949209,999.944437,999.938901,999.932622,999.925645,999.918192,999.910673,999.903463,999.896784,999.890835,999.885920,999.882386,999.880511,999.880345,999.881746,999.884490,999.888374,999.893311,999.899278,999.906187,999.913857,999.922108,999.930743,999.939590,999.948603,999.957870,999.967455,999.977314,999.987436,999.997864,1000.008614,1000.019741,1000.031374,1000.043627,1000.056485,1000.069815,1000.083525,1000.097449,1000.111482,1000.125573,1000.138348,0.000000,0.000000,0.000000,0.000000,0.000000,0.000000
0.000000,0.000000,0.000000,0.000000,0.000000,1000.138519,1000.125262,1000.112422,1000.099195,1000.085959,1000.072851,1000.059974,1000.047483,1000.035530,1000.024114,1000.013075,1000.002252,999.991556,999.980994,999.970663,999.960603,999.950745,999.941074,999.931687,999.922696,999.914177,999.906235,999.899007,999.892654,999.887344,999.883239,999.880556,999.879580,999.880594,999.883738,999.888895,999.895611,999.903331,999.911620,999.920054,999.928339,999.936306,999.943781,999.950634,999.956763,999.962139,999.966768,999.970631,999.973681,999.975875,999.977186,999.977564,999.976970,999.975426,999.972991,999.969679,999.965504,999.960517,999.954766,999.948222,999.940848,999.932764,999.924287,999.915812,999.907632,999.899921,999.892906,999.886987,999.882689,999.880381,999.880056,999.881494,999.884435,999.888654,999.894052,999.900527,999.907886,999.915948,999.924523,999.933363,999.942348,999.951545,999.961038,999.970832,999.980937,999.991369,1000.002128,1000.013291,1000.024983,1000.037297,1000.050226,1000.063637,1000.077437,1000.091580,1000.105806,1000.120218,1000.134157,1000.148988,0.000000,0.000000,0.000000,0.000000,0.000000
0.000000,0.000000,0.000000,0.000000,0.000000,1000.132519,1000.119472,1000.106635,1000.093467,1000.080284,1000.067161,1000.054269,1000.041794,1000.029856,1000.018368,1000.007175,999.996207,999.985419,999.974817,999.964479,999.954409,999.944542,999.934878,999.925546,999.916701,999.908442,999.900867,999.894117,999.888381,999.883845,999.880777,999.879563,999.880546,999.883908,999.889598,999.897148,999.905866,999.915199,999.924687,999.934015,999.942971,999.951366,999.959115,999.966151,999.972436,999.977987,999.982790,999.986775,999.989883,999.992094,999.993384,999.993726,999.993094,999.991523,999.989047,999.985656,999.981378,999.976265,999.970367,999.963661,999.956095,999.947693,999.938663,999.929344,999.920055,999.910991,999.902281,999.894265,999.887533,999.882749,999.880249,999.879923,999.881540,999.884826,999.889525,999.895454,999.902415,999.910214,999.918645,999.927436,999.936390,999.945534,999.954957,999.964680,999.974736,999.985166,999.995967,1000.007186,1000.018961,1000.031356,1000.044306,1000.057714,1000.071528,1000.085767,1000.100269,1000.114874,1000.129478,1000.143220,0.000000,0.000000,0.000000,0.000000,0.000000
0.000000,0.000000,0.000000,0.000000,1000.137792,1000.125958,1000.113929,1000.101167,1000.088067,1000.074875,1000.061728,1000.048851,1000.036403,1000.024424,1000.012826,1000.001506,999.990427,999.979590,999.968995,999.958652,999.948569,999.938707,999.929084,999.919872,999.911244,999.903293,999.896128,999.889938,999.884931,999.881343,999.879623,999.880287,999.883604,999.889550,999.897681,999.907230,999.917514,999.927987,999.938281,999.948188,999.957509,999.966151,999.974066,999.981193,999.987567,999.993211,999.998078,1000.002098,1000.005212,1000.007399,1000.008647,1000.008938,1000.008308,1000.006777,1000.004317,1000.000915,999.996605,999.991442,999.985447,999.978609,999.970921,999.962388,999.953091,999.943272,999.933247,999.923213,999.913256,999.903598,999.894783,999.887558,999.882574,999.880062,999.879935,999.881952,999.885747,999.891002,999.897473,999.904933,999.913152,999.921833,999.930744,999.939858,999.949237,999.958898,999.968897,999.979302,999.990131,1000.001432,1000.013305,1000.025775,1000.038726,1000.052087,1000.065885,1000.080131,1000.094753,1000.109503,1000.124442,1000.138984,1000.154140,0.000000,0.000000,0.000000,0.000000
0.000000,0.000000,0.000000,0.000000,1000.133315,1000.121067,1000.108806,1000.095943,1000.082902,1000.069704,1000.056566,1000.043714,1000.031265,1000.019223,1000.007527,999.996116,999.984988,999.974154,999.963567,999.953213,999.943120,999.933282,999.923751,999.914709,999.906329,999.898712,999.892001,999.886450,999.882308,999.879939,999.879938,999.882818,999.888684,999.897109,999.907270,999.918363,999.929755,999.940985,999.951802,999.962006,999.971514,999.980313,999.988332,999.995567,1000.002051,1000.007762,1000.012630,1000.016605,1000.019655,1000.021757,1000.022926,1000.023175,1000.022539,1000.021047,1000.018656,1000.015311,1000.011027,1000.005878,999.999864,999.992963,999.985173,999.976537,999.967103,999.956998,999.946504,999.935825,999.925011,999.914169,999.903746,999.894461,999.887033,999.882048,999.879800,999.880185,999.882803,999.887211,999.893079,999.900125,999.908062,999.916579,999.925426,999.934521,999.943873,999.953487,999.963431,999.973811,999.984661,999.996037,1000.007996,1000.020511,1000.033466,1000.046772,1000.060506,1000.074737,1000.089424,1000.104388,1000.119464,1000.134351,1000.148745,0.000000,0.000000,0.000000,0.000000
0.000000,0.000000,0.000000,0.000000,1000.128838,1000.116500,1000.103904,1000.091043,1000.077997,1000.064787,1000.051657,1000.038823,1000.026375,1000.014293,1000.002536,999.991092,999.979970,999.969140,999.958542,999.948169,999.938072,999.928283,999.918871,999.910021,999.901914,999.894663,999.888475,999.883670,999.880595,999.879761,999.881810,999.887141,999.895502,999.906030,999.917765,999.929935,999.942025,999.953753,999.964872,999.975245,999.984869,999.993736,1000.001852,1000.009228,1000.015820,1000.021559,1000.026388,1000.030274,1000.033215,1000.035214,1000.036295,1000.036511,1000.035875,1000.034393,1000.032051,1000.028770,1000.024546,1000.019449,1000.013484,1000.006593,999.998773,999.990048,999.980477,999.970196,999.959390,999.948253,999.936858,999.925229,999.913660,999.902781,999.893268,999.885834,999.881217,999.879664,999.880822,999.884170,999.889287,999.895817,999.903396,999.911695,999.920455,999.929520,999.938842,999.948423,999.958328,999.968687,999.979575,999.991020,1000.003044,1000.015581,1000.028511,1000.041759,1000.055414,1000.069616,1000.084333,1000.099403,1000.114595,1000.129915,1000.144869,0.000000,0.000000,0.000000,0.000000
0.000000,0.000000,0.000000,1000.137059,1000.124327,1000.112133,1000.099427,1000.086482,1000.073361,1000.060137,1000.047022,1000.034208,1000.021772,1000.009694,999.997944,999.986522,999.975407,999.964559,999.953935,999.943532,999.933425,999.923688,999.914411,999.905775,999.897951,999.891105,999.885539,999.881634,999.879875,999.880881,999.885236,999.893045,999.903595,999.915775,999.928606,999.941436,999.953979,999.966025,999.977355,999.987875,999.997565,1000.006478,1000.014671,1000.022114,1000.028729,1000.034430,1000.039171,1000.042959,1000.045818,1000.047774,1000.048849,1000.049061,1000.048426,1000.046951,1000.044617,1000.041369,1000.037191,1000.032128,1000.026215,1000.019379,1000.011580,1000.002841,999.993183,999.982752,999.971730,999.960233,999.948376,999.936211,999.923890,999.911857,999.900670,999.891085,999.884114,999.880414,999.879873,999.881969,999.886168,999.892031,999.899160,999.907181,999.915809,999.924831,999.934119,999.943673,999.953565,999.963918,999.974844,999.986357,999.998433,1000.010990,1000.023882,1000.037061,1000.050635,1000.064788,1000.079547,1000.094691,1000.109949,1000.125285,1000.140457,1000.155748,0.000000,0.000000,0.000000
0.000000,0.000000,0.000000,1000.133264,1000.120883,1000.108300,1000.095309,1000.082233,1000.069041,1000.055797,1000.042676,1000.029881,1000.017492,1000.005469,999.993768,999.982378,999.971267,999.960395,999.949724,999.939282,999.929170,999.919489,999.910359,999.901934,999.894391,999.888006,999.883177,999.880380,999.880189,999.883260,999.890007,999.900066,999.912359,999.925704,999.939210,999.952466,999.965318,999.977588,999.989090,999.999698,1000.009438,1000.018399,1000.026613,1000.034057,1000.040639,1000.046254,1000.050902,1000.054646,1000.057514,1000.059511,1000.060650,1000.060914,1000.060289,1000.058811,1000.056486,1000.053265,1000.049105,1000.044037,1000.038103,1000.031288,1000.023528,1000.014811,1000.005158,999.994627,999.983416,999.971660,999.959429,999.946831,999.933993,999.921159,999.908704,999.897341,999.888227,999.882328,999.879897,999.880581,999.883742,999.888813,999.895373,999.903035,999.911467,999.920405,999.929664,999.939208,999.949111,999.959488,999.970443,999.982003,999.994122,1000.006693,1000.019576,1000.032713,1000.046222,1000.060334,1000.075096,1000.090260,1000.105537,1000.120827,1000.136020,1000.150777,0.000000,0.000000,0.000000
0.000000,0.000000,0.000000,1000.129936,1000.117723,1000.104809,1000.091616,1000.078362,1000.065045,1000.051751,1000.038637,1000.025883,1000.013549,1000.001586,999.989941,999.978572,999.967461,999.956567,999.945860,999.935406,999.925306,999.915683,999.906690,999.898461,999.891217,999.885375,999.881443,999.879956,999.881528,999.886756,999.895724,999.907629,999.921184,999.935264,999.949210,999.962779,999.975863,999.988297,999.999872,1000.010505,1000.020268,1000.029240,1000.037468,1000.044932,1000.051502,1000.057086,1000.061732,1000.065516,1000.068461,1000.070547,1000.071755,1000.072073,1000.071489,1000.070032,1000.067736,1000.064556,1000.060426,1000.055342,1000.049329,1000.042431,1000.034657,1000.025942,1000.016289,1000.005747,999.994411,999.982463,999.969988,999.957041,999.943782,999.930366,999.916988,999.904239,999.893263,999.885246,999.880812,999.879908,999.881946,999.886184,999.892095,999.899305,999.907459,999.916239,999.925436,999.934993,999.944953,999.955378,999.966355,999.977945,999.990090,1000.002667,1000.015562,1000.028712,1000.042220,1000.056319,1000.071059,1000.086179,1000.101386,1000.116553,1000.131643,1000.146278,0.000000,0.000000,0.000000
0.000000,0.000000,0.000000,1000.127519,1000.114832,1000.101695,1000.088322,1000.074853,1000.061367,1000.048005,1000.034929,1000.022242,1000.009953,999.998022,999.986387,999.975022,999.963914,999.953008,999.942311,999.931889,999.921824,999.912261,999.903369,999.895327,999.888450,999.883271,999.880388,999.880362,999.883796,999.891115,999.901983,999.915258,999.929647,999.944209,999.958481,999.972305,999.985566,999.998071,1000.009651,1000.020276,1000.030035,1000.039025,1000.047286,1000.054793,1000.061423,1000.067089,1000.071823,1000.075685,1000.078707,1000.080875,1000.082143,1000.082496,1000.081970,1000.080577,1000.078328,1000.075204,1000.071132,1000.066053,1000.059968,1000.052940,1000.045050,1000.036278,1000.026570,1000.016010,1000.004668,999.992618,999.979976,999.966794,999.953195,999.939313,999.925245,999.911473,999.898988,999.889005,999.882538,999.879910,999.880699,999.884083,999.889344,999.896051,999.903848,999.912396,999.921480,999.931039,999.941066,999.951564,999.962591,999.974197,999.986343,999.998917,1000.011827,1000.025046,1000.038635,1000.052746,1000.067436,1000.082465,1000.097560,1000.112607,1000.127495,1000.141988,0.000000,0.000000,0.000000
0.000000,0.000000,0.000000,1000.125797,1000.112539,1000.098949,1000.085330,1000.071670,1000.058032,1000.044604,1000.031561,1000.018941,1000.006702,999.994764,999.983078,999.971685,999.960569,999.949687,999.939050,999.928690,999.918687,999.909178,999.900371,999.892550,999.886137,999.881731,999.879982,999.881499,999.886809,999.896023,999.908405,999.922632,999.937539,999.952430,999.966971,999.981005,999.994373,1000.006913,1000.018499,1000.029128,1000.038916,1000.047941,1000.056236,1000.063800,1000.070529,1000.076310,1000.081138,1000.085082,1000.088179,1000.090398,1000.091706,1000.092113,1000.091647,1000.090321,1000.088128,1000.085053,1000.081045,1000.076002,1000.069893,1000.062776,1000.054743,1000.045849,1000.036067,1000.025432,1000.014071,1000.002019,999.989280,999.975919,999.962062,999.947815,999.933234,999.918705,999.905077,999.893428,999.884993,999.880566,999.879978,999.882437,999.887068,999.893275,999.900683,999.908958,999.917883,999.927395,999.937456,999.948030,999.959121,999.970750,999.982891,999.995449,1000.008376,1000.021698,1000.035418,1000.049564,1000.064172,1000.079098,1000.094085,1000.108991,1000.123681,1000.137994,0.000000,0.000000,0.000000
0.000000,0.000000,1000.137806,1000.123978,1000.110285,1000.096453,1000.082659,1000.068840,1000.055062,1000.041562,1000.028537,1000.015974,1000.003751,999.991764,999.980017,999.968563,999.957431,999.946609,999.936049,999.925774,999.915847,999.906404,999.897729,999.890199,999.884322,999.880741,999.880146,999.883208,999.890319,999.901168,999.914676,999.929511,999.944725,999.959848,999.974617,999.988820,1000.002294,1000.014881,1000.026486,1000.037169,1000.047012,1000.056074,1000.064416,1000.072035,1000.078831,1000.084676,1000.089571,1000.093587,1000.096748,1000.099012,1000.100357,1000.100821,1000.100424,1000.099168,1000.097033,1000.093998,1000.090026,1000.085019,1000.078922,1000.071784,1000.063675,1000.054655,1000.044779,1000.034077,1000.022641,1000.010555,999.997766,999.984268,999.970198,999.955663,999.940721,999.925649,999.911144,999.898212,999.888072,999.881847,999.879794,999.881233,999.885201,999.890931,999.897961,999.905965,999.914712,999.924127,999.934179,999.944802,999.955945,999.967595,999.979721,999.992270,1000.005234,1000.018643,1000.032467,1000.046656,1000.061210,1000.076045,1000.090974,1000.105828,1000.120315,1000.133933,1000.147173,0.000000,0.000000
0.000000,0.000000,1000.135165,1000.122099,1000.108239,1000.094218,1000.080267,1000.066329,1000.052469,1000.038932,1000.025894,1000.013329,1000.001086,999.989044,999.977213,999.965685,999.954554,999.943786,999.933309,999.923129,999.913289,999.903959,999.895478,999.888299,999.882991,999.880224,999.880768,999.885330,999.894062,999.906234,999.920532,999.935739,999.951161,999.966483,999.981444,999.995801,1000.009385,1000.022035,1000.033702,1000.044439,1000.054324,1000.063447,1000.071843,1000.079497,1000.086305,1000.092163,1000.097088,1000.101142,1000.104336,1000.106634,1000.108015,1000.108524,1000.108201,1000.107031,1000.104977,1000.101999,1000.098046,1000.093053,1000.086975,1000.079839,1000.071713,1000.062647,1000.052695,1000.041933,1000.030443,1000.018281,1000.005408,999.991778,999.977521,999.962760,999.947543,999.932084,999.916918,999.902993,999.891518,999.883686,999.880137,999.880479,999.883722,999.888964,999.895638,999.903389,999.911972,999.921281,999.931291,999.941942,999.953124,999.964770,999.976872,999.989424,1000.002429,1000.015876,1000.029716,1000.043920,1000.058475,1000.073281,1000.088158,1000.102955,1000.117529,1000.131359,1000.144733,0.000000,0.000000
0.000000,0.000000,1000.133578,1000.120302,1000.106309,1000.092203,1000.078129,1000.064122,1000.050268,1000.036749,1000.023688,1000.011065,999.998746,999.986614,999.974683,999.963088,999.951936,999.941214,999.930842,999.920753,999.911005,999.901826,999.893585,999.886794,999.882060,999.880085,999.881733,999.887685,999.897776,999.910936,999.925799,999.941307,999.956930,999.972424,999.987529,1000.002010,1000.015693,1000.028426,1000.040158,1000.050936,1000.060873,1000.070051,1000.078494,1000.086161,1000.092939,1000.098775,1000.103697,1000.107747,1000.110936,1000.113233,1000.114642,1000.115204,1000.114942,1000.113846,1000.111882,1000.108982,1000.105072,1000.100099,1000.094045,1000.086925,1000.078788,1000.069721,1000.059776,1000.049001,1000.037492,1000.025275,1000.012284,999.998494,999.984051,999.969106,999.953654,999.937854,999.922200,999.907518,999.894990,999.885837,999.880913,999.880154,999.882626,999.887344,999.893665,999.901182,999.909614,999.918827,999.928810,999.939491,999.950697,999.962343,999.974437,999.986991,999.999992,1000.013397,1000.027187,1000.041366,1000.055929,1000.070761,1000.085637,1000.100409,1000.115005,1000.129148,1000.142554,0.000000,0.000000
0.000000,0.000000,1000.132309,1000.118650,1000.104586,1000.090396,1000.076241,1000.062241,1000.048472,1000.035022,1000.021955,1000.009241,999.996763,999.984470,999.972423,999.960755,999.949584,999.938909,999.928617,999.918620,999.908985,999.899964,999.891986,999.885597,999.881439,999.880265,999.882941,999.890068,999.901241,999.915151,999.930467,999.946273,999.962103,999.977714,999.992882,1000.007431,1000.021197,1000.034018,1000.045813,1000.056654,1000.066665,1000.075904,1000.084373,1000.091999,1000.098714,1000.104510,1000.109403,1000.113422,1000.116577,1000.118859,1000.120293,1000.120903,1000.120686,1000.119634,1000.117723,1000.114882,1000.111032,1000.106120,1000.100109,1000.093015,1000.084886,1000.075819,1000.065928,1000.055234,1000.043757,1000.031513,1000.018420,1000.004488,999.989877,999.974729,999.959067,999.942970,999.926876,999.911598,999.898230,999.888008,999.881932,999.880148,999.881855,999.886045,999.892002,999.899285,999.907588,999.916737,999.926707,999.937419,999.948675,999.960349,999.972461,999.985016,999.997947,1000.011239,1000.024923,1000.039051,1000.053625,1000.068465,1000.083339,1000.098143,1000.112825,1000.127202,1000.140780,0.000000,0.000000
0.000000,0.000000,1000.131036,1000.117169,1000.103021,1000.088780,1000.074645,1000.060724,1000.047080,1000.033734,1000.020655,1000.007803,999.995127,999.982634,999.970438,999.958705,999.947530,999.936889,999.926648,999.916720,999.907192,999.898340,999.890625,999.884643,999.881069,999.880662,999.884263,999.892342,999.904330,999.918853,999.934581,999.950644,999.966618,999.982282,999.997461,1000.012010,1000.025824,1000.038743,1000.050643,1000.061594,1000.071707,1000.081010,1000.089468,1000.097017,1000.103648,1000.109384,1000.114240,1000.118222,1000.121331,1000.123592,1000.125036,1000.125668,1000.125476,1000.124444,1000.122542,1000.119718,1000.115907,1000.111057,1000.105117,1000.098060,1000.089961,1000.080938,1000.071105,1000.060524,1000.049137,1000.036880,1000.023719,1000.009717,999.995016,999.979690,999.963799,999.947452,999.930978,999.915154,999.901083,999.890004,999.883000,999.880333,999.881315,999.884982,999.890592,999.897663,999.905859,999.914992,999.924978,999.935714,999.947032,999.958779,999.970925,999.983447,999.996272,1000.009417,1000.022975,1000.037032,1000.051569,1000.066387,1000.081266,1000.096137,1000.110981,1000.125592,1000.139454,0.000000,0.000000
0.000000,0.000000,1000.129719,1000.115790,1000.101609,1000.087422,1000.073383,1000.059591,1000.046071,1000.032782,1000.019669,1000.006686,999.993817,999.981124,999.968794,999.957008,999.945824,999.935186,999.924958,999.915056,999.905603,999.896922,999.889475,999.883886,999.880865,999.881163,999.885556,999.894392,999.907028,999.922052,999.938106,999.954338,999.970366,999.986036,1000.001186,1000.015709,1000.029558,1000.042567,1000.054615,1000.065730,1000.075956,1000.085303,1000.093730,1000.101209,1000.107762,1000.113434,1000.118251,1000.122189,1000.125254,1000.127485,1000.128909,1000.129533,1000.129339,1000.128304,1000.126398,1000.123564,1000.119753,1000.114927,1000.109042,1000.102061,1000.094024,1000.085072,1000.075334,1000.064840,1000.053514,1000.041247,1000.028059,1000.014075,999.999373,999.983959,999.967879,999.951289,999.934502,999.918196,999.903503,999.891735,999.883996,999.880591,999.880920,999.884099,999.889398,999.896300,999.904437,999.913588,999.923626,999.934407,999.945768,999.957581,999.969755,999.982217,999.994921,1000.007915,1000.021356,1000.035325,1000.049766,1000.064540,1000.079441,1000.094407,1000.109442,1000.124301,1000.138530,0.000000,0.000000
0.000000,0.000000,1000.128391,1000.114525,1000.100433,1000.086357,1000.072464,1000.058813,1000.045366,1000.032060,1000.018886,1000.005819,999.992827,999.980007,999.967569,999.955715,999.944515,999.933855,999.923570,999.913641,999.904241,999.895708,999.888525,999.883300,999.880752,999.881650,999.886689,999.896146,999.909329,999.924747,999.941003,999.957277,999.973295,999.988949,1000.004060,1000.018545,1000.032389,1000.045488,1000.057710,1000.068988,1000.079308,1000.088678,1000.097089,1000.104536,1000.111044,1000.116667,1000.121423,1000.125303,1000.128333,1000.130535,1000.131926,1000.132520,1000.132302,1000.131255,1000.129345,1000.126495,1000.122658,1000.117824,1000.111962,1000.105052,1000.097115,1000.088258,1000.078607,1000.068174,1000.056857,1000.044575,1000.031394,1000.017465,1000.002818,999.987395,999.971230,999.954473,999.937400,999.920681,999.905490,999.893177,999.884826,999.880800,999.880605,999.883396,999.888445,999.895213,999.903332,999.912539,999.922654,999.933504,999.944903,999.956723,999.968873,999.981261,999.993859,1000.006738,1000.020053,1000.033902,1000.048241,1000.062956,1000.077896,1000.092981,1000.108183,1000.123265,1000.137837,0.000000,0.000000
0.000000,0.000000,1000.127178,1000.113468,1000.099552,1000.085606,1000.071847,1000.058296,1000.044858,1000.031501,1000.018273,1000.005169,999.992162,999.979317,999.966812,999.954886,999.943629,999.932903,999.922540,999.912546,999.903145,999.894726,999.887778,999.882860,999.880678,999.882015,999.887572,999.897563,999.911177,999.926882,999.943245,999.959496,999.975465,999.991060,1000.006118,1000.020545,1000.034348,1000.047501,1000.059849,1000.071255,1000.081651,1000.091037,1000.099475,1000.106953,1000.113451,1000.119016,1000.123698,1000.127530,1000.130534,1000.132720,1000.134092,1000.134653,1000.134403,1000.133335,1000.131413,1000.128548,1000.124680,1000.119824,1000.113968,1000.107094,1000.099247,1000.090487,1000.080900,1000.070517,1000.059225,1000.046937,1000.033762,1000.019858,1000.005257,999.989882,999.973721,999.956891,999.939629,999.922613,999.907038,999.894258,999.885407,999.880899,999.880319,999.882869,999.887774,999.894455,999.902562,999.911850,999.922074,999.933004,999.944432,999.956207,999.968254,999.980554,999.993081,1000.005876,1000.019077,1000.032782,1000.047001,1000.061665,1000.076647,1000.091850,1000.107170,1000.122382,1000.137249,0.000000,0.000000
0.000000,0.000000,1000.126092,1000.112760,1000.098996,1000.085161,1000.071477,1000.057965,1000.044502,1000.031086,1000.017833,1000.004769,999.991835,999.979026,999.966511,999.954539,999.943187,999.932351,999.921901,999.911831,999.902388,999.894024,999.887226,999.882526,999.880590,999.882221,999.888167,999.898555,999.912490,999.928381,999.944779,999.961013,999.976936,999.992431,1000.007380,1000.021728,1000.035467,1000.048579,1000.060958,1000.072438,1000.082899,1000.092353,1000.100860,1000.108393,1000.114901,1000.120424,1000.125059,1000.128865,1000.131858,1000.134044,1000.135406,1000.135940,1000.135656,1000.134556,1000.132605,1000.129714,1000.125822,1000.120947,1000.115085,1000.108237,1000.100441,1000.091749,1000.082236,1000.071914,1000.060681,1000.048442,1000.035256,1000.021308,1000.006688,999.991361,999.975270,999.958429,999.941097,999.923946,999.908112,999.894961,999.885696,999.880849,999.880067,999.882522,999.887385,999.894050,999.902176,999.911541,999.921881,999.932896,999.944325,999.956005,999.967914,999.980119,999.992598,1000.005333,1000.018440,1000.032012,1000.046102,1000.060707,1000.075697,1000.090956,1000.106345,1000.121608,1000.136663,0.000000,0.000000
0.000000,1000.137547,1000.124835,1000.112293,1000.098811,1000.085044,1000.071358,1000.057815,1000.044310,1000.030865,1000.017627,1000.004639,999.991812,999.979095,999.966623,999.954621,999.943177,999.932222,999.921656,999.911503,999.902016,999.893639,999.886887,999.882293,999.880478,999.882268,999.888439,999.899062,999.913160,999.929121,999.945555,999.961785,999.977649,999.993055,1000.007885,1000.022118,1000.035743,1000.048740,1000.061059,1000.072541,1000.083072,1000.092643,1000.101241,1000.108829,1000.115370,1000.120902,1000.125534,1000.129334,1000.132325,1000.134507,1000.135856,1000.136367,1000.136052,1000.134917,1000.132926,1000.129995,1000.126076,1000.121181,1000.115322,1000.108502,1000.100741,1000.092099,1000.082654,1000.072420,1000.061276,1000.049095,1000.035907,1000.021883,1000.007193,999.991861,999.975803,999.959003,999.941713,999.924573,999.908635,999.895249,999.885709,999.880690,999.879880,999.882369,999.887276,999.893997,999.902188,999.911637,999.922074,999.933135,999.944527,999.956097,999.967875,999.979981,999.992414,1000.005127,1000.018157,1000.031610,1000.045579,1000.060084,1000.075045,1000.090333,1000.105785,1000.121019,1000.135530,1000.150444,0.000000
0.000000,0.000000,1000.125077,1000.112310,1000.098867,1000.085196,1000.071503,1000.057893,1000.044338,1000.030898,1000.017707,1000.004780,999.992043,999.979455,999.967087,999.955091,999.943563,999.932475,999.921784,999.911553,999.902013,999.893594,999.886814,999.882187,999.880363,999.882178,999.888365,999.899018,999.913124,999.929052,999.945498,999.961754,999.977565,999.992865,1000.007602,1000.021737,1000.035226,1000.048061,1000.060243,1000.071690,1000.082286,1000.091949,1000.100628,1000.108284,1000.114889,1000.120475,1000.125134,1000.128936,1000.131916,1000.134083,1000.135420,1000.135918,1000.135588,1000.134429,1000.132397,1000.129418,1000.125456,1000.120542,1000.114697,1000.107914,1000.100199,1000.091601,1000.082208,1000.072052,1000.060993,1000.048862,1000.035678,1000.021608,1000.006849,999.991459,999.975343,999.958565,999.941409,999.924418,999.908524,999.895052,999.885465,999.880499,999.879787,999.882411,999.887451,999.894286,999.902586,999.912130,999.922619,999.933672,999.944997,999.956465,999.968143,999.980169,999.992556,1000.005240,1000.018214,1000.031567,1000.045413,1000.059819,1000.074710,1000.089933,1000.105346,1000.120809,1000.135740,0.000000,0.000000
0.000000,0.000000,1000.125306,1000.112516,1000.099293,1000.085679,1000.071920,1000.058226,1000.044645,1000.031220,1000.018049,1000.005167,999.992527,999.980082,999.967843,999.955891,999.944284,999.933051,999.922238,999.911932,999.902358,999.893905,999.887024,999.882248,999.880276,999.881931,999.887941,999.898418,999.912369,999.928202,999.944621,999.960875,999.976638,999.991835,1000.006487,1000.020548,1000.033932,1000.046630,1000.058663,1000.070023,1000.080627,1000.090339,1000.099065,1000.106776,1000.113459,1000.119116,1000.123805,1000.127610,1000.130579,1000.132734,1000.134068,1000.134574,1000.134256,1000.133088,1000.131019,1000.127992,1000.123989,1000.119064,1000.113242,1000.106506,1000.098839,1000.090277,1000.080923,1000.070816,1000.059812,1000.047715,1000.034539,1000.020468,1000.005664,999.990185,999.973987,999.957202,999.940193,999.923433,999.907723,999.894388,999.884973,999.880261,999.879813,999.882661,999.887906,999.894914,999.903347,999.912961,999.923453,999.934464,999.945704,999.957088,999.968706,999.980680,999.993020,1000.005659,1000.018593,1000.031877,1000.045624,1000.059932,1000.074737,1000.089883,1000.105170,1000.120293,1000.135120,0.000000,0.000000
0.000000,0.000000,1000.125984,1000.113300,1000.100076,1000.086445,1000.072641,1000.058874,1000.045265,1000.031842,1000.018668,1000.005806,999.993253,999.980967,999.968870,999.956948,999.945266,999.933912,999.922987,999.912616,999.903033,999.894543,999.887512,999.882497,999.880225,999.881521,999.887171,999.897310,999.910962,999.926598,999.942923,999.959135,999.974844,999.989957,1000.004529,1000.018521,1000.031840,1000.044465,1000.056392,1000.067626,1000.078153,1000.087852,1000.096593,1000.104338,1000.111074,1000.116780,1000.121494,1000.125304,1000.128276,1000.130431,1000.131775,1000.132312,1000.132027,1000.130868,1000.128778,1000.125716,1000.121697,1000.116780,1000.110991,1000.104294,1000.096650,1000.088110,1000.078785,1000.068701,1000.057704,1000.045627,1000.032473,1000.018409,1000.003594,999.988060,999.971805,999.955013,999.938129,999.921641,999.906242,999.893258,999.884262,999.879994,999.879951,999.883128,999.888645,999.895874,999.904436,999.914074,999.924523,999.935456,999.946616,999.957949,999.969534,999.981474,999.993783,1000.006403,1000.019324,1000.032582,1000.046269,1000.060483,1000.075155,1000.090112,1000.105209,1000.120115,1000.134524,0.000000,0.000000
0.000000,0.000000,1000.127304,1000.114497,1000.101179,1000.087525,1000.073701,1000.059902,1000.046247,1000.032797,1000.019613,1000.006753,999.994257,999.982084,999.970100,999.958215,999.946481,999.935041,999.924044,999.913632,999.904017,999.895463,999.888271,999.882941,999.880226,999.880996,999.886086,999.895727,999.908972,999.924260,999.940372,999.956519,999.972184,999.987232,1000.001738,1000.015675,1000.028945,1000.041515,1000.053372,1000.064504,1000.074908,1000.084523,1000.093243,1000.101006,1000.107760,1000.113486,1000.118222,1000.122043,1000.125018,1000.127185,1000.128553,1000.129130,1000.128887,1000.127750,1000.125655,1000.122583,1000.118576,1000.113685,1000.107918,1000.101234,1000.093606,1000.085089,1000.075771,1000.065663,1000.054652,1000.042584,1000.029444,1000.015399,1000.000615,999.985101,999.968822,999.952030,999.935274,999.919085,999.904134,999.891719,999.883387,999.879750,999.880230,999.883821,999.889659,999.897122,999.905792,999.915420,999.925785,999.936619,999.947711,999.959017,999.970610,999.982559,999.994862,1000.007494,1000.020449,1000.033722,1000.047378,1000.061484,1000.075964,1000.090673,1000.105460,1000.120088,1000.134246,0.000000,0.000000
0.000000,0.000000,1000.129165,1000.116048,1000.102586,1000.088904,1000.075088,1000.061310,1000.047643,1000.034152,1000.020936,1000.008076,999.995608,999.983464,999.971511,999.959663,999.947934,999.936470,999.925443,999.914997,999.905327,999.896671,999.889284,999.883603,999.880360,999.880449,999.884771,999.893697,999.906370,999.921222,999.937029,999.953013,999.968638,999.983688,999.998151,1000.012019,1000.025240,1000.037757,1000.049549,1000.060598,1000.070889,1000.080397,1000.089064,1000.096817,1000.103577,1000.109316,1000.114077,1000.117915,1000.120888,1000.123060,1000.124458,1000.125074,1000.124861,1000.123733,1000.121632,1000.118567,1000.114577,1000.109697,1000.103933,1000.097257,1000.089663,1000.081186,1000.071856,1000.061688,1000.050624,1000.038551,1000.025457,1000.011456,999.996715,999.981246,999.964994,999.948267,999.931679,999.915829,999.901469,999.889877,999.882433,999.879588,999.880692,999.884737,999.890901,999.898575,999.907336,999.916947,999.927219,999.937952,999.948994,999.960313,999.971969,999.983966,999.996276,1000.008949,1000.021975,1000.035289,1000.048916,1000.062874,1000.077128,1000.091585,1000.106053,1000.120316,1000.134056,0.000000,0.000000
0.000000,0.000000,1000.131354,1000.117935,1000.104276,1000.090560,1000.076792,1000.063069,1000.049429,1000.035915,1000.022672,1000.009817,999.997333,999.985150,999.973187,999.961354,999.949648,999.938210,999.927201,999.916745,999.907008,999.898198,999.890577,999.884540,999.880733,999.880023,999.883364,999.891297,999.903168,999.917471,999.932916,999.948686,999.964237,999.979291,999.993764,1000.007601,1000.020759,1000.033210,1000.044924,1000.055887,1000.066083,1000.075496,1000.084096,1000.091817,1000.098584,1000.104353,1000.109143,1000.112997,1000.115973,1000.118147,1000.119562,1000.120196,1000.119978,1000.118824,1000.116702,1000.113633,1000.109639,1000.104747,1000.098979,1000.092330,1000.084796,1000.076367,1000.067016,1000.056757,1000.045608,1000.033542,1000.020510,1000.006559,999.991857,999.976441,999.960281,999.943714,999.927407,999.912013,999.898384,999.887826,999.881499,999.879587,999.881342,999.885833,999.892303,999.900159,999.909014,999.918626,999.928826,999.939484,999.950513,999.961908,999.973660,999.985707,999.998054,1000.010775,1000.023864,1000.037227,1000.050806,1000.064613,1000.078654,1000.092845,1000.107008,1000.120921,1000.134100,0.000000,0.000000
0.000000,0.000000,1000.133645,1000.120066,1000.106292,1000.092501,1000.078789,1000.065148,1000.051558,1000.038048,1000.024779,1000.011903,999.999402,999.987182,999.975188,999.963365,999.951679,999.940257,999.929300,999.918883,999.909079,999.900093,999.892204,999.885792,999.881415,999.879852,999.882053,999.888708,999.899472,999.913028,999.928037,999.943564,999.959006,999.974042,999.988548,1000.002420,1000.015547,1000.027907,1000.039522,1000.050392,1000.060484,1000.069799,1000.078339,1000.086025,1000.092785,1000.098590,1000.103425,1000.107300,1000.110285,1000.112469,1000.113882,1000.114492,1000.114232,1000.113026,1000.110862,1000.107766,1000.103748,1000.098840,1000.093083,1000.086494,1000.079042,1000.070641,1000.061245,1000.050890,1000.039664,1000.027598,1000.014613,1000.000718,999.986057,999.970709,999.954716,999.938449,999.922578,999.907789,999.895070,999.885732,999.880676,999.879765,999.882178,999.887103,999.893852,999.901876,999.910826,999.920467,999.930653,999.941286,999.952340,999.963834,999.975692,999.987807,1000.000199,1000.012965,1000.026106,1000.039482,1000.052998,1000.066669,1000.080518,1000.094479,1000.108378,1000.121958,1000.134676,0.000000,0.000000
0.000000,0.000000,1000.135958,1000.122294,1000.108667,1000.094816,1000.081087,1000.067499,1000.053977,1000.040492,1000.027187,1000.014260,1000.001748,999.989530,999.977527,999.965707,999.954039,999.942644,999.931731,999.921351,999.911507,999.902362,999.894191,999.887376,999.882428,999.880012,999.881007,999.886170,999.895503,999.908033,999.922429,999.937635,999.952952,999.967971,999.982495,999.996401,1000.009539,1000.021841,1000.033361,1000.044119,1000.054099,1000.063298,1000.071742,1000.079387,1000.086141,1000.091972,1000.096864,1000.100795,1000.103814,1000.106002,1000.107390,1000.107948,1000.107614,1000.106339,1000.104121,1000.100980,1000.096932,1000.092018,1000.086309,1000.079813,1000.072418,1000.064013,1000.054570,1000.044128,1000.032832,1000.020764,1000.007834,999.994005,999.979406,999.964174,999.948434,999.932595,999.917300,999.903289,999.891687,999.883755,999.880051,999.880149,999.883232,999.888580,999.895597,999.903792,999.912835,999.922540,999.932763,999.943412,999.954518,999.966098,999.978059,999.990267,1000.002717,1000.015540,1000.028723,1000.042068,1000.055488,1000.069029,1000.082728,1000.096512,1000.110187,1000.123412,1000.136023,0.000000,0.000000
0.000000,0.000000,1000.138325,1000.124675,1000.111300,1000.097557,1000.083775,1000.070141,1000.056637,1000.043172,1000.029840,1000.016878,1000.004352,999.992141,999.980162,999.968371,999.956737,999.945385,999.934503,999.924123,999.914229,999.904943,999.896530,999.889330,999.883797,999.880535,999.880323,999.883918,999.891571,999.902711,999.916221,999.930965,999.946076,999.961045,999.975593,999.989510,1000.002646,1000.014940,1000.026427,1000.037105,1000.046969,1000.056049,1000.064365,1000.071913,1000.078645,1000.084503,1000.089453,1000.093463,1000.096539,1000.098737,1000.100092,1000.100585,1000.100159,1000.098797,1000.096507,1000.093307,1000.089231,1000.084338,1000.078695,1000.072255,1000.064878,1000.056461,1000.046966,1000.036461,1000.025134,1000.013083,1000.000222,999.986487,999.972010,999.956974,999.941554,999.926209,999.911623,999.898619,999.888383,999.882019,999.879714,999.880830,999.884578,999.890334,999.897609,999.905967,999.915118,999.924909,999.935197,999.945903,999.957060,999.968703,999.980765,999.993090,1000.005641,1000.018532,1000.031724,1000.045014,1000.058323,1000.071728,1000.085284,1000.098880,1000.112302,1000.125255,1000.138392,0.000000,0.000000
0.000000,0.000000,0.000000,1000.128133,1000.114466,1000.100665,1000.086841,1000.073127,1000.059554,1000.046064,1000.032721,1000.019742,1000.007223,999.995038,999.983081,999.971333,999.959780,999.948502,999.937636,999.927202,999.917215,999.907807,999.899197,999.891657,999.885566,999.881478,999.880090,999.882101,999.887913,999.897361,999.909651,999.923655,999.938387,999.953229,999.967782,999.981719,999.994856,1000.007167,1000.018686,1000.029362,1000.039147,1000.048120,1000.056326,1000.063746,1000.070395,1000.076241,1000.081224,1000.085293,1000.088419,1000.090640,1000.091976,1000.092402,1000.091897,1000.090439,1000.088055,1000.084793,1000.080694,1000.075822,1000.070196,1000.063748,1000.056365,1000.047927,1000.038404,1000.027906,1000.016600,1000.004581,999.991801,999.978197,999.963901,999.949113,999.934091,999.919362,999.905648,999.893915,999.885344,999.880695,999.879799,999.881912,999.886299,999.892448,999.899957,999.908464,999.917732,999.927621,999.937995,999.948771,999.959979,999.971686,999.983839,999.996286,1000.008967,1000.021915,1000.035088,1000.048323,1000.061525,1000.074770,1000.088148,1000.101572,1000.114845,1000.127624,0.000000,0.000000,0.000000
0.000000,0.000000,0.000000,1000.131314,1000.117961,1000.104212,1000.090331,1000.076499,1000.062785,1000.049212,1000.035856,1000.022875,1000.010363,999.998214,999.986302,999.974611,999.963155,999.951976,999.941123,999.930606,999.920500,999.910967,999.902178,999.894339,999.887747,999.882883,999.880372,999.880822,999.884733,999.892287,999.903011,999.915934,999.930049,999.944591,999.959051,999.973001,999.986165,999.998518,1000.010084,1000.020792,1000.030583,1000.039507,1000.047622,1000.054937,1000.061475,1000.067245,1000.072198,1000.076270,1000.079416,1000.081642,1000.082961,1000.083350,1000.082779,1000.081239,1000.078776,1000.075453,1000.071325,1000.066436,1000.060779,1000.054305,1000.046896,1000.038450,1000.028972,1000.018540,1000.007280,999.995294,999.982568,999.969100,999.955035,999.940590,999.926099,999.912142,999.899575,999.889464,999.882794,999.879922,999.880402,999.883455,999.888450,999.894975,999.902707,999.911369,999.920750,999.930717,999.941171,999.952029,999.963310,999.975076,999.987286,999.999832,1000.012621,1000.025618,1000.038776,1000.051945,1000.065043,1000.078158,1000.091365,1000.104574,1000.117603,1000.130293,0.000000,0.000000,0.000000
0.000000,0.000000,0.000000,1000.134857,1000.121720,1000.108041,1000.094170,1000.080270,1000.066412,1000.052729,1000.039312,1000.026311,1000.013805,1000.001677,999.989824,999.978218,999.966854,999.955758,999.944928,999.934354,999.924137,999.914468,999.905514,999.897405,999.890355,999.884780,999.881211,999.880188,999.882234,999.887747,999.896636,999.908155,999.921333,999.935333,999.949504,999.963336,999.976500,999.988909,1000.000530,1000.011264,1000.021096,1000.030063,1000.038155,1000.045390,1000.051825,1000.057494,1000.062363,1000.066371,1000.069483,1000.071678,1000.072971,1000.073342,1000.072728,1000.071142,1000.068638,1000.065268,1000.061110,1000.056192,1000.050506,1000.044006,1000.036589,1000.028186,1000.018783,1000.008427,999.997212,999.985227,999.972529,999.959216,999.945473,999.931530,999.917739,999.904810,999.893763,999.885591,999.880952,999.879818,999.881565,999.885480,999.891066,999.897980,999.905954,999.914764,999.924219,999.934226,999.944736,999.955682,999.967043,999.978849,999.991086,1000.003669,1000.016524,1000.029592,1000.042747,1000.055846,1000.068860,1000.081872,1000.094911,1000.107963,1000.120846,1000.133452,0.000000,0.000000,0.000000
0.000000,0.000000,0.000000,1000.138861,1000.125559,1000.112144,1000.098328,1000.084407,1000.070464,1000.056667,1000.043164,1000.030103,1000.017558,1000.005455,999.993664,999.982136,999.970858,999.959830,999.949027,999.938428,999.928139,999.918364,999.909264,999.900910,999.893441,999.887210,999.882681,999.880305,999.880566,999.883988,999.890807,999.900590,999.912487,999.925639,999.939259,999.952766,999.965820,999.978237,999.989901,1000.000685,1000.010560,1000.019596,1000.027746,1000.034957,1000.041314,1000.046881,1000.051631,1000.055536,1000.058577,1000.060737,1000.062006,1000.062351,1000.061724,1000.060126,1000.057611,1000.054246,1000.050078,1000.045142,1000.039446,1000.032939,1000.025546,1000.017193,1000.007851,999.997561,999.986386,999.974406,999.961787,999.948733,999.935446,999.922156,999.909318,999.897790,999.888611,999.882589,999.879993,999.880460,999.883329,999.888044,999.894211,999.901519,999.909737,999.918659,999.928139,999.938155,999.948693,999.959701,999.971136,999.982977,999.995200,1000.007764,1000.020673,1000.033824,1000.047001,1000.060053,1000.072978,1000.085891,1000.098836,1000.111769,1000.124283,1000.136991,0.000000,0.000000,0.000000
0.000000,0.000000,0.000000,1000.143003,1000.129536,1000.116434,1000.102820,1000.088924,1000.074937,1000.061034,1000.047424,1000.034277,1000.021654,1000.009536,999.997805,999.986347,999.975134,999.964168,999.953404,999.942811,999.932507,999.922678,999.913451,999.904889,999.897059,999.890232,999.884846,999.881264,999.879895,999.881273,999.885822,999.893524,999.903772,999.915714,999.928507,999.941476,999.954248,999.966568,999.978207,999.989011,999.998939,1000.008034,1000.016249,1000.023498,1000.029832,1000.035318,1000.039962,1000.043771,1000.046756,1000.048900,1000.050162,1000.050487,1000.049841,1000.048237,1000.045740,1000.042407,1000.038258,1000.033331,1000.027644,1000.021140,1000.013754,1000.005421,999.996122,999.985894,999.974772,999.962896,999.950523,999.937882,999.925189,999.912774,999.901232,999.891476,999.884459,999.880682,999.879996,999.881875,999.885762,999.891217,999.897909,999.905576,999.913997,999.922989,999.932470,999.942470,999.953022,999.964068,999.975535,999.987391,999.999589,1000.012151,1000.025123,1000.038351,1000.051566,1000.064567,1000.077402,1000.090259,1000.103172,1000.115893,1000.127972,1000.140398,0.000000,0.000000,0.000000
0.000000,0.000000,0.000000,0.000000,1000.134621,1000.121111,1000.107540,1000.093759,1000.079830,1000.065873,1000.052130,1000.038844,1000.026130,1000.013951,1000.002221,999.990813,999.979656,999.968749,999.958046,999.947511,999.937241,999.927397,999.918084,999.909333,999.901197,999.893886,999.887764,999.883151,999.880351,999.879842,999.882117,999.887448,999.895617,999.905937,999.917585,999.929792,999.942059,999.954093,999.965601,999.976357,999.986292,999.995419,1000.003679,1000.010979,1000.017336,1000.022812,1000.027417,1000.031175,1000.034128,1000.036274,1000.037535,1000.037839,1000.037159,1000.035545,1000.033077,1000.029780,1000.025680,1000.020805,1000.015125,1000.008609,1000.001211,999.992870,999.983595,999.973421,999.962424,999.950827,999.938881,999.926816,999.914938,999.903725,999.893868,999.886245,999.881570,999.879944,999.880966,999.884104,999.888894,999.894989,999.902123,999.910067,999.918621,999.927655,999.937141,999.947141,999.957703,999.968744,999.980192,999.992047,1000.004277,1000.016902,1000.029935,1000.043216,1000.056434,1000.069377,1000.082141,1000.094908,1000.107778,1000.120526,1000.133174,0.000000,0.000000,0.000000,0.000000
0.000000,0.000000,0.000000,0.000000,1000.138917,1000.125777,1000.112578,1000.098896,1000.085084,1000.071146,1000.057321,1000.043887,1000.031024,1000.018748,1000.006960,999.995543,999.984425,999.973568,999.962941,999.952514,999.942327,999.932499,999.923119,999.914204,999.905818,999.898143,999.891443,999.885983,999.881992,999.879843,999.880028,999.882913,999.888630,999.896870,999.906929,999.918047,999.929577,999.941083,999.952268,999.962887,999.972771,999.981863,999.990129,999.997461,1000.003850,1000.009370,1000.014004,1000.017759,1000.020699,1000.022825,1000.024070,1000.024350,1000.023659,1000.022074,1000.019656,1000.016415,1000.012379,1000.007551,1000.001881,999.995358,999.987942,999.979603,999.970363,999.960295,999.949580,999.938418,999.927034,999.915741,999.904995,999.895394,999.887628,999.882405,999.880054,999.880376,999.882899,999.887124,999.892679,999.899300,999.906766,999.914885,999.923517,999.932589,999.942111,999.952141,999.962701,999.973712,999.985128,999.996992,1000.009310,1000.022045,1000.035142,1000.048404,1000.061544,1000.074428,1000.087141,1000.099881,1000.112774,1000.125329,1000.138156,0.000000,0.000000,0.000000,0.000000
0.000000,0.000000,0.000000,0.000000,1000.143268,1000.130442,1000.117625,1000.104252,1000.090598,1000.076772,1000.062931,1000.049399,1000.036379,1000.023954,1000.012079,1000.000602,999.989465,999.978656,999.968101,999.957783,999.947725,999.937947,999.928500,999.919453,999.910884,999.902935,999.895808,999.889693,999.884765,999.881281,999.879662,999.880291,999.883427,999.889165,999.897152,999.906700,999.917129,999.927862,999.938495,999.948780,999.958497,999.967496,999.975696,999.983017,999.989431,999.994984,999.999677,1000.003469,1000.006385,1000.008445,1000.009624,1000.009900,1000.009270,1000.007776,1000.005453,1000.002304,999.998326,999.993515,999.987860,999.981335,999.973932,999.965663,999.956559,999.946769,999.936499,999.925914,999.915288,999.905067,999.895852,999.888282,999.882927,999.880152,999.879944,999.881974,999.885760,999.890881,999.897057,999.904075,999.911765,999.919992,999.928671,999.937792,999.947370,999.957442,999.968005,999.978991,999.990399,1000.002299,1000.014709,1000.027553,1000.040664,1000.053823,1000.066847,1000.079686,1000.092409,1000.105202,1000.117898,1000.130183,1000.142788,0.000000,0.000000,0.000000,0.000000
0.000000,0.000000,0.000000,0.000000,0.000000,1000.136231,1000.122903,1000.109814,1000.096297,1000.082628,1000.068856,1000.055279,1000.042153,1000.029587,1000.017596,1000.006058,999.994866,999.984045,999.973560,999.963350,999.953403,999.943690,999.934220,999.925075,999.916362,999.908213,999.900772,999.894166,999.888521,999.884023,999.880963,999.879669,999.880434,999.883516,999.888982,999.896454,999.905275,999.914830,999.924633,999.934351,999.943713,999.952485,999.960540,999.967793,999.974198,999.979752,999.984463,999.988285,999.991162,999.993131,999.994218,999.994464,999.993907,999.992537,999.990349,999.987330,999.983443,999.978674,999.973031,999.966540,999.959255,999.951181,999.942382,999.933049,999.923384,999.913619,999.904107,999.895408,999.888187,999.882997,999.880132,999.879625,999.881290,999.884729,999.889522,999.895356,999.901998,999.909297,999.917145,999.925439,999.934156,999.943319,999.952937,999.963043,999.973611,999.984603,999.996041,1000.007984,1000.020461,1000.033346,1000.046402,1000.059438,1000.072368,1000.085191,1000.097947,1000.110762,1000.123349,1000.136428,0.000000,0.000000,0.000000,0.000000,0.000000
0.000000,0.000000,0.000000,0.000000,0.000000,1000.141860,1000.128438,1000.115623,1000.102309,1000.088714,1000.075042,1000.061479,1000.048284,1000.035629,1000.023534,1000.011920,1000.000678,999.989803,999.979339,999.969230,999.959383,999.949735,999.940274,999.931076,999.922262,999.913952,999.906261,999.899283,999.893099,999.887842,999.883707,999.880900,999.879686,999.880367,999.883171,999.888112,999.894803,999.902652,999.911181,999.920011,999.928780,999.937138,999.944909,999.951999,999.958293,999.963771,999.968424,999.972221,999.975089,999.976996,999.978007,999.978184,999.977617,999.976346,999.974309,999.971455,999.967726,999.963074,999.957541,999.951235,999.944206,999.936475,999.928152,999.919454,999.910654,999.902077,999.894170,999.887514,999.882689,999.879993,999.879430,999.880886,999.884071,999.888596,999.894156,999.900516,999.907496,999.914998,999.922949,999.931295,999.940040,999.949210,999.958841,999.968946,999.979524,999.990573,1000.002070,1000.014057,1000.026543,1000.039393,1000.052384,1000.065322,1000.078193,1000.091030,1000.103872,1000.116600,1000.128954,1000.141864,0.000000,0.000000,0.000000,0.000000,0.000000
0.000000,0.000000,0.000000,0.000000,0.000000,0.000000,1000.135249,1000.121855,1000.108643,1000.095099,1000.081513,1000.067994,1000.054769,1000.042045,1000.029877,1000.018177,1000.006866,999.995935,999.985438,999.975375,999.965624,999.956051,999.946626,999.937424,999.928557,999.920121,999.912222,999.904951,999.898360,999.892526,999.887591,999.883682,999.880949,999.879673,999.880128,999.882451,999.886600,999.892232,999.898937,999.906386,999.914166,999.921839,999.929114,999.935857,999.941920,999.947195,999.951681,999.955382,999.958258,999.960192,999.961173,999.961307,999.960707,999.959464,999.957559,999.954889,999.951355,999.946922,999.941689,999.935764,999.929162,999.921969,999.914343,999.906574,999.899042,999.892148,999.886352,999.882120,999.879782,999.879373,999.880783,999.883813,999.888136,999.893455,999.899562,999.906289,999.913507,999.921141,999.929161,999.937553,999.946308,999.955463,999.965075,999.975165,999.985780,999.996903,1000.008486,1000.020513,1000.032960,1000.045750,1000.058665,1000.071538,1000.084383,1000.097200,1000.110046,1000.122677,1000.135555,0.000000,0.000000,0.000000,0.000000,0.000000,0.000000
0.000000,0.000000,0.000000,0.000000,0.000000,0.000000,1000.141734,1000.128175,1000.115257,1000.101864,1000.088313,1000.074831,1000.061614,1000.048837,1000.036595,1000.024836,1000.013440,1000.002416,999.991852,999.981765,999.972050,999.962552,999.953196,999.944040,999.935185,999.926693,999.918636,999.911122,999.904221,999.897967,999.892423,999.887697,999.883891,999.881158,999.879740,999.879816,999.881447,999.884569,999.888979,999.894471,999.900724,999.907258,999.913693,999.919826,999.925488,999.930445,999.934639,999.938148,999.940952,999.942942,999.943989,999.944157,999.943594,999.942406,999.940616,999.938105,999.934766,999.930642,999.925861,999.920495,999.914568,999.908179,999.901609,999.895248,999.889515,999.884796,999.881407,999.879605,999.879488,999.880986,999.883940,999.888117,999.893253,999.899122,999.905586,999.912555,999.919933,999.927656,999.935731,999.944152,999.952914,999.962054,999.971633,999.981729,999.992385,1000.003591,1000.015271,1000.027317,1000.039723,1000.052441,1000.065272,1000.078087,1000.090881,1000.103689,1000.116404,1000.128674,1000.141477,0.000000,0.000000,0.000000,0.000000,0.000000,0.000000
0.000000,0.000000,0.000000,0.000000,0.000000,0.000000,0.000000,1000.134982,1000.121968,1000.108830,1000.095366,1000.081949,1000.068781,1000.056015,1000.043720,1000.031896,1000.020435,1000.009314,999.998634,999.988452,999.978700,999.969228,999.959951,999.950881,999.942084,999.933605,999.925477,999.917789,999.910643,999.904089,999.898127,999.892793,999.888196,999.884449,999.881664,999.880000,999.879558,999.880350,999.882364,999.885550,999.889749,999.894604,999.899732,999.904885,999.909825,999.914269,999.918056,999.921229,999.923817,999.925750,999.926897,999.927204,999.926791,999.925755,999.924090,999.921731,999.918638,999.914926,999.910745,999.906155,999.901178,999.895990,999.890982,999.886548,999.883016,999.880625,999.879530,999.879831,999.881513,999.884467,999.888531,999.893516,999.899205,999.905417,999.912098,999.919232,999.926726,999.934519,999.942638,999.951086,999.959844,999.968953,999.978525,999.988638,999.999332,1000.010624,1000.022373,1000.034440,1000.046818,1000.059445,1000.072173,1000.084903,1000.097608,1000.110350,1000.122816,1000.135128,0.000000,0.000000,0.000000,0.000000,0.000000,0.000000,0.000000
0.000000,0.000000,0.000000,0.000000,0.000000,0.000000,0.000000,1000.141408,1000.128333,1000.115747,1000.102570,1000.089272,1000.076189,1000.063483,1000.051197,1000.039317,1000.027798,1000.016612,1000.005817,999.995496,999.985649,999.976151,999.966920,999.957946,999.949228,999.940787,999.932653,999.924885,999.917579,999.910814,999.904589,999.898858,999.893681,999.889185,999.885452,999.882550,999.880569,999.879543,999.879506,999.880508,999.882505,999.885325,999.888707,999.892421,999.896228,999.899830,999.902973,999.905608,999.907800,999.909507,999.910653,999.911143,999.910957,999.910123,999.908647,999.906552,999.903889,999.900805,999.897464,999.893908,999.890219,999.886678,999.883618,999.881316,999.879942,999.879601,999.880383,999.882313,999.885342,999.889356,999.894209,999.899748,999.905786,999.912210,999.919048,999.926305,999.933893,999.941762,999.949924,999.958368,999.967083,999.976163,999.985740,999.995878,1000.006629,1000.017975,1000.029764,1000.041855,1000.054195,1000.066716,1000.079324,1000.091941,1000.104548,1000.117058,1000.129035,1000.141378,0.000000,0.000000,0.000000,0.000000,0.000000,0.000000,0.000000
0.000000,0.000000,0.000000,0.000000,0.000000,0.000000,0.000000,0.000000,1000.134804,1000.122590,1000.109835,1000.096714,1000.083773,1000.071141,1000.058881,1000.046984,1000.035419,1000.024193,1000.013329,1000.002887,999.992921,999.983377,999.974154,999.965234,999.956593,999.948211,999.940108,999.932321,999.924939,999.918050,999.911669,999.905717,999.900177,999.895145,999.890720,999.886956,999.883889,999.881569,999.880017,999.879286,999.879408,999.880294,999.881797,999.883783,999.886110,999.888526,999.890739,999.892636,999.894235,999.895542,999.896527,999.897098,999.897108,999.896531,999.895399,999.893767,999.891784,999.889611,999.887354,999.885068,999.882912,999.881147,999.880000,999.879597,999.879985,999.881222,999.883385,999.886501,999.890513,999.895288,999.900690,999.906593,999.912859,999.919449,999.926419,999.933778,999.941471,999.949418,999.957578,999.965963,999.974623,999.983680,999.993271,1000.003464,1000.014268,1000.025639,1000.037452,1000.049549,1000.061828,1000.074248,1000.086748,1000.099215,1000.111672,1000.123861,1000.135757,0.000000,0.000000,0.000000,0.000000,0.000000,0.000000,0.000000,0.000000
0.000000,0.000000,0.000000,0.000000,0.000000,0.000000,0.000000,0.000000,1000.141601,1000.129215,1000.117033,1000.104299,1000.091525,1000.079001,1000.066764,1000.054854,1000.043274,1000.032032,1000.021137,1000.010619,1000.000545,999.990934,999.981700,999.972785,999.964170,999.955842,999.947800,999.940031,999.932611,999.925663,999.919213,999.913167,999.907454,999.902110,999.897209,999.892825,999.888988,999.885743,999.883147,999.881207,999.879940,999.879314,999.879229,999.879615,999.880426,999.881520,999.882678,999.883732,999.884635,999.885421,999.886088,999.886558,999.886695,999.886415,999.885737,999.884755,999.883626,999.882484,999.881384,999.880396,999.879674,999.879433,999.879821,999.880851,999.882522,999.884899,999.888063,999.892036,999.896736,999.902024,999.907794,999.913935,999.920370,999.927111,999.934196,999.941665,999.949457,999.957424,999.965524,999.973825,999.982429,999.991471,1000.001097,1000.011361,1000.022223,1000.033612,1000.045425,1000.057505,1000.069721,1000.082050,1000.094407,1000.106728,1000.118867,1000.130571,1000.142925,0.000000,0.000000,0.000000,0.000000,0.000000,0.000000,0.000000,0.000000
0.000000,0.000000,0.000000,0.000000,0.000000,0.000000,0.000000,0.000000,0.000000,1000.136339,1000.124376,1000.112122,1000.099521,1000.087108,1000.074943,1000.063028,1000.051432,1000.040190,1000.029283,1000.018720,1000.008575,999.998881,999.989600,999.980655,999.972016,999.963694,999.955686,999.947948,999.940508,999.933517,999.927048,999.921003,999.915256,999.909791,999.904638,999.899851,999.895489,999.891598,999.888254,999.885485,999.883268,999.881581,999.880356,999.879545,999.879151,999.879118,999.879303,999.879552,999.879804,999.880069,999.880336,999.880581,999.880744,999.880716,999.880497,999.880184,999.879873,999.879649,999.879559,999.879658,999.880081,999.880995,999.882465,999.884475,999.887048,999.890250,999.894128,999.898677,999.903814,999.909429,999.915417,999.921702,999.928275,999.935148,999.942356,999.949929,999.957763,999.965706,999.973729,999.981934,999.990488,999.999544,1000.009216,1000.019556,1000.030486,1000.041889,1000.053678,1000.065699,1000.077823,1000.090012,1000.102234,1000.114448,1000.126143,1000.137639,0.000000,0.000000,0.000000,0.000000,0.000000,0.000000,0.000000,0.000000,0.000000
0.000000,0.000000,0.000000,0.000000,0.000000,0.000000,0.000000,0.000000,0.000000,1000.144010,1000.131778,1000.119902,1000.107865,1000.095586,1000.083492,1000.071603,1000.059981,1000.048710,1000.037789,1000.027199,1000.016998,1000.007239,999.997900,999.988912,999.980223,999.971859,999.963831,999.956087,999.948631,999.941602,999.935109,999.929082,999.923375,999.917918,999.912699,999.907724,999.903059,999.898774,999.894925,999.891561,999.888685,999.886283,999.884311,999.882714,999.881504,999.880669,999.880105,999.879714,999.879442,999.879263,999.879178,999.879191,999.879281,999.879406,999.879550,999.879739,999.880041,999.880514,999.881181,999.882098,999.883374,999.885102,999.887311,999.890003,999.893214,999.896992,999.901353,999.906268,999.911669,999.917453,999.923532,999.929891,999.936557,999.943542,999.950858,999.958478,999.966309,999.974216,999.982158,999.990300,999.998863,1000.007960,1000.017691,1000.028109,1000.039089,1000.050484,1000.062201,1000.074105,1000.086087,1000.098130,1000.110240,1000.122058,1000.133405,1000.145214,0.000000,0.000000,0.000000,0.000000,0.000000,0.000000,0.000000,0.000000,0.000000
0.000000,0.000000,0.000000,0.000000,0.000000,0.000000,0.000000,0.000000,0.000000,0.000000,1000.140304,1000.127894,1000.116286,1000.104386,1000.092417,1000.080605,1000.068976,1000.057636,1000.046671,1000.036062,1000.025809,1000.015990,1000.006614,999.997600,999.988883,999.980467,999.972379,999.964592,999.957108,999.950044,999.943498,999.937432,999.931740,999.926324,999.921133,999.916143,999.911361,999.906873,999.902752,999.899021,999.895702,999.892827,999.890384,999.888312,999.886596,999.885233,999.884161,999.883310,999.882646,999.882147,999.881817,999.881661,999.881677,999.881870,999.882216,999.882722,999.883423,999.884346,999.885516,999.886989,999.888840,999.891110,999.893825,999.897003,999.900663,999.904847,999.909552,999.914712,999.920255,999.926093,999.932183,999.938558,999.945273,999.952326,999.959666,999.967261,999.975047,999.982894,999.990798,999.998965,1000.007592,1000.016760,1000.026564,1000.037032,1000.048021,1000.059361,1000.070950,1000.082697,1000.094515,1000.106413,1000.118265,1000.129746,1000.141883,0.000000,0.000000,0.000000,0.000000,0.000000,0.000000,0.000000,0.000000,0.000000,0.000000
0.000000,0.000000,0.000000,0.000000,0.000000,0.000000,0.000000,0.000000,0.000000,0.000000,0.000000,1000.136436,1000.124917,1000.113426,1000.101636,1000.089908,1000.078344,1000.066971,1000.055943,1000.045319,1000.035046,1000.025161,1000.015739,1000.006725,999.998016,999.989585,999.981444,999.973605,999.966087,999.958979,999.952354,999.946190,999.940428,999.934998,999.929835,999.924887,999.920118,999.915575,999.911340,999.907435,999.903884,999.900734,999.898007,999.895661,999.893658,999.891983,999.890587,999.889419,999.888477,999.887770,999.887283,999.887021,999.886996,999.887210,999.887654,999.888335,999.889266,999.890456,999.891942,999.893756,999.895948,999.898559,999.901609,999.905111,999.909103,999.913595,999.918532,999.923851,999.929454,999.935275,999.941335,999.947705,999.954430,999.961462,999.968746,999.976274,999.983980,999.991778,999.999719,1000.007964,1000.016665,1000.025919,1000.035776,1000.046232,1000.057176,1000.068422,1000.079862,1000.091444,1000.103178,1000.115003,1000.126449,1000.137490,0.000000,0.000000,0.000000,0.000000,0.000000,0.000000,0.000000,0.000000,0.000000,0.000000,0.000000
0.000000,0.000000,0.000000,0.000000,0.000000,0.000000,0.000000,0.000000,0.000000,0.000000,0.000000,1000.145169,1000.133531,1000.122301,1000.111052,1000.099485,1000.087968,1000.076637,1000.065598,1000.054963,1000.044697,1000.034783,1000.025292,1000.016248,1000.007557,999.999140,999.990983,999.983108,999.975568,999.968424,999.961725,999.955447,999.949566,999.944065,999.938878,999.933938,999.929206,999.924689,999.920435,999.916479,999.912836,999.909555,999.906692,999.904212,999.902063,999.900226,999.898659,999.897316,999.896202,999.895344,999.894746,999.894404,999.894328,999.894527,999.895007,999.895769,999.896823,999.898192,999.899890,999.901932,999.904345,999.907172,999.910435,999.914154,999.918368,999.923044,999.928115,999.933498,999.939084,999.944857,999.950886,999.957237,999.963913,999.970860,999.978058,999.985505,999.993147,1000.000948,1000.008953,1000.017267,1000.026036,1000.035342,1000.045191,1000.055599,1000.066461,1000.077583,1000.088889,1000.100397,1000.112031,1000.123417,1000.134660,1000.146302,0.000000,0.000000,0.000000,0.000000,0.000000,0.000000,0.000000,0.000000,0.000000,0.000000,0.000000
0.000000,0.000000,0.000000,0.000000,0.000000,0.000000,0.000000,0.000000,0.000000,0.000000,0.000000,0.000000,1000.143166,1000.131396,1000.120315,1000.109273,1000.097906,1000.086611,1000.075615,1000.064991,1000.054729,1000.044804,1000.035257,1000.026144,1000.017436,1000.009033,1000.000881,999.993001,999.985448,999.978284,999.971539,999.965184,999.959199,999.953596,999.948334,999.943355,999.938621,999.934128,999.929911,999.925973,999.922327,999.919020,999.916094,999.913555,999.911350,999.909443,999.907814,999.906421,999.905241,999.904289,999.903588,999.903146,999.902994,999.903149,999.903624,999.904418,999.905548,999.907050,999.908917,999.911154,999.913768,999.916760,999.920162,999.924017,999.928327,999.933061,999.938151,999.943483,999.949005,999.954736,999.960738,999.967055,999.973644,999.980476,999.987574,999.994944,1000.002549,1000.010367,1000.018414,1000.026778,1000.035591,1000.044912,1000.054747,1000.065090,1000.075825,1000.086801,1000.098010,1000.109384,1000.120592,1000.131895,1000.143895,0.000000,0.000000,0.000000,0.000000,0.000000,0.000000,0.000000,0.000000,0.000000,0.000000,0.000000,0.000000
0.000000,0.000000,0.000000,0.000000,0.000000,0.000000,0.000000,0.000000,0.000000,0.000000,0.000000,0.000000,0.000000,1000.141443,1000.129843,1000.118947,1000.108080,1000.096927,1000.085948,1000.075341,1000.065084,1000.055153,1000.045571,1000.036397,1000.027649,1000.019248,1000.011115,1000.003239,999.995673,999.988489,999.981697,999.975277,999.969222,999.963526,999.958171,999.953120,999.948363,999.943895,999.939730,999.935859,999.932275,999.929003,999.926063,999.923481,999.921241,999.919306,999.917663,999.916284,999.915106,999.914098,999.913292,999.912752,999.912526,999.912646,999.913115,999.913928,999.915119,999.916721,999.918739,999.921157,999.923948,999.927089,999.930599,999.934520,999.938848,999.943543,999.948521,999.953728,999.959162,999.964859,999.970867,999.977147,999.983632,999.990347,999.997349,1000.004651,1000.012212,1000.020011,1000.028076,1000.036471,1000.045306,1000.054641,1000.064457,1000.074683,1000.085221,1000.096043,1000.107067,1000.117974,1000.129050,1000.140855,0.000000,0.000000,0.000000,0.000000,0.000000,0.000000,0.000000,0.000000,0.000000,0.000000,0.000000,0.000000,0.000000
0.000000,0.000000,0.000000,0.000000,0.000000,0.000000,0.000000,0.000000,0.000000,0.000000,0.000000,0.000000,0.000000,0.000000,1000.140150,1000.128755,1000.118024,1000.107382,1000.096533,1000.085913,1000.075669,1000.065760,1000.056172,1000.046951,1000.038161,1000.029756,1000.021650,1000.013797,1000.006215,999.998987,999.992143,999.985654,999.979527,999.973770,999.968348,999.963226,999.958431,999.953989,999.949877,999.946089,999.942587,999.939358,999.936446,999.933853,999.931583,999.929635,999.927995,999.926623,999.925444,999.924391,999.923502,999.922892,999.922625,999.922738,999.923228,999.924093,999.925355,999.927041,999.929178,999.931733,999.934650,999.937908,999.941503,999.945454,999.949762,999.954351,999.959169,999.964232,999.969577,999.975263,999.981272,999.987496,999.993906,1000.000554,1000.007491,1000.014727,1000.022225,1000.029995,1000.038065,1000.046470,1000.055303,1000.064613,1000.074322,1000.084321,1000.094615,1000.105146,1000.115616,1000.126340,1000.137884,0.000000,0.000000,0.000000,0.000000,0.000000,0.000000,0.000000,0.000000,0.000000,0.000000,0.000000,0.000000,0.000000,0.000000
0.000000,0.000000,0.000000,0.000000,0.000000,0.000000,0.000000,0.000000,0.000000,0.000000,0.000000,0.000000,0.000000,0.000000,0.000000,1000.139237,1000.127900,1000.117449,1000.107145,1000.096655,1000.086422,1000.076557,1000.066997,1000.057756,1000.048907,1000.040473,1000.032379,1000.024563,1000.017001,1000.009740,1000.002848,999.996306,999.990111,999.984295,999.978827,999.973662,999.968822,999.964374,999.960303,999.956566,999.953127,999.949948,999.947057,999.944485,999.942234,999.940289,999.938642,999.937255,999.936056,999.934988,999.934075,999.933426,999.933150,999.933275,999.933808,999.934756,999.936110,999.937886,999.940100,999.942727,999.945724,999.949045,999.952681,999.956646,999.960899,999.965373,999.970056,999.975004,999.980300,999.985963,999.991925,999.998112,1000.004495,1000.011112,1000.018015,1000.025189,1000.032630,1000.040371,1000.048430,1000.056824,1000.065603,1000.074780,1000.084248,1000.093941,1000.103831,1000.113678,1000.123856,1000.135089,0.000000,0.000000,0.000000,0.000000,0.000000,0.000000,0.000000,0.000000,0.000000,0.000000,0.000000,0.000000,0.000000,0.000000,0.000000
0.000000,0.000000,0.000000,0.000000,0.000000,0.000000,0.000000,0.000000,0.000000,0.000000,0.000000,0.000000,0.000000,0.000000,0.000000,0.000000,1000.138175,1000.127312,1000.117287,1000.107364,1000.097289,1000.087472,1000.077966,1000.068736,1000.059851,1000.051368,1000.043265,1000.035467,1000.027956,1000.020747,1000.013848,1000.007266,1000.001016,999.995125,999.989602,999.984405,999.979534,999.975054,999.970996,999.967284,999.963865,999.960720,999.957844,999.955293,999.953069,999.951127,999.949454,999.948051,999.946865,999.945848,999.945006,999.944397,999.944124,999.944256,999.944828,999.945843,999.947281,999.949140,999.951396,999.954052,999.957083,999.960413,999.964049,999.967994,999.972178,999.976561,999.981158,999.986052,999.991320,999.996952,1000.002888,1000.009057,1000.015423,1000.022018,1000.028878,1000.035989,1000.043361,1000.051057,1000.059090,1000.067427,1000.076057,1000.084972,1000.094117,1000.103367,1000.112473,1000.121853,1000.132319,0.000000,0.000000,0.000000,0.000000,0.000000,0.000000,0.000000,0.000000,0.000000,0.000000,0.000000,0.000000,0.000000,0.000000,0.000000,0.000000
0.000000,0.000000,0.000000,0.000000,0.000000,0.000000,0.000000,0.000000,0.000000,0.000000,0.000000,0.000000,0.000000,0.000000,0.000000,0.000000,0.000000,1000.137437,1000.127184,1000.117604,1000.108087,1000.098428,1000.088962,1000.079782,1000.070908,1000.062414,1000.054316,1000.046549,1000.039090,1000.031969,1000.025143,1000.018567,1000.012262,1000.006303,1000.000718,999.995479,999.990580,999.986067,999.981983,999.978280,999.974868,999.971716,999.968853,999.966306,999.964072,999.962117,999.960427,999.959020,999.957902,999.957021,999.956328,999.955835,999.955604,999.955742,999.956326,999.957371,999.958859,999.960748,999.963022,999.965682,999.968681,999.971980,999.975580,999.979475,999.983611,999.987938,999.992502,999.997400,1000.002680,1000.008315,1000.014242,1000.020388,1000.026719,1000.033254,1000.040021,1000.047041,1000.054341,1000.061982,1000.069952,1000.078164,1000.086548,1000.095166,1000.103874,1000.112333,1000.120842,1000.130121,0.000000,0.000000,0.000000,0.000000,0.000000,0.000000,0.000000,0.000000,0.000000,0.000000,0.000000,0.000000,0.000000,0.000000,0.000000,0.000000,0.000000
0.000000,0.000000,0.000000,0.000000,0.000000,0.000000,0.000000,0.000000,0.000000,0.000000,0.000000,0.000000,0.000000,0.000000,0.000000,0.000000,0.000000,0.000000,1000.137507,1000.127665,1000.118473,1000.109336,1000.099976,1000.090843,1000.082015,1000.073578,1000.065516,1000.057799,1000.050400,1000.043339,1000.036595,1000.030086,1000.023793,1000.017803,1000.012172,1000.006887,1000.001944,999.997381,999.993242,999.989519,999.986134,999.983005,999.980143,999.977584,999.975341,999.973388,999.971709,999.970328,999.969283,999.968545,999.968020,999.967673,999.967542,999.967720,999.968305,999.969341,999.970813,999.972693,999.974970,999.977601,999.980542,999.983783,999.987330,999.991183,999.995293,999.999607,1000.004186,1000.009139,1000.014463,1000.020104,1000.026011,1000.032103,1000.038321,1000.044710,1000.051350,1000.058273,1000.065509,1000.073085,1000.080965,1000.089004,1000.097149,1000.105397,1000.113360,1000.121244,1000.129508,0.000000,0.000000,0.000000,0.000000,0.000000,0.000000,0.000000,0.000000,0.000000,0.000000,0.000000,0.000000,0.000000,0.000000,0.000000,0.000000,0.000000,0.000000
0.000000,0.000000,0.000000,0.000000,0.000000,0.000000,0.000000,0.000000,0.000000,0.000000,0.000000,0.000000,0.000000,0.000000,0.000000,0.000000,0.000000,0.000000,0.000000,1000.138205,1000.128874,1000.120016,1000.111101,1000.102081,1000.093268,1000.084863,1000.076884,1000.069209,1000.061849,1000.054835,1000.048150,1000.041742,1000.035560,1000.029605,1000.023951,1000.018625,1000.013613,1000.008964,1000.004758,1000.001014,999.997659,999.994591,999.991758,999.989200,999.986966,999.985045,999.983410,999.982074,999.981064,999.980378,999.979976,999.979783,999.979798,999.980082,999.980699,999.981701,999.983117,999.984968,999.987218,999.989817,999.992722,999.995910,999.999429,1000.003273,1000.007361,1000.011681,1000.016321,1000.021330,1000.026684,1000.032323,1000.038163,1000.044114,1000.050146,1000.056356,1000.062868,1000.069711,1000.076889,1000.084404,1000.092189,1000.100019,1000.107912,1000.115469,1000.123007,1000.130769,0.000000,0.000000,0.000000,0.000000,0.000000,0.000000,0.000000,0.000000,0.000000,0.000000,0.000000,0.000000,0.000000,0.000000,0.000000,0.000000,0.000000,0.000000,0.000000
0.000000,0.000000,0.000000,0.000000,0.000000,0.000000,0.000000,0.000000,0.000000,0.000000,0.000000,0.000000,0.000000,0.000000,0.000000,0.000000,0.000000,0.000000,0.000000,0.000000,1000.140034,1000.130966,1000.122268,1000.113431,1000.104855,1000.096423,1000.088462,1000.080831,1000.073518,1000.066552,1000.059949,1000.053663,1000.047626,1000.041776,1000.036135,1000.030757,1000.025675,1000.020939,1000.016648,1000.012859,1000.009509,1000.006478,1000.003682,1000.001145,999.998933,999.997049,999.995459,999.994153,999.993140,999.992450,999.992096,999.992040,999.992241,999.992691,999.993398,999.994407,999.995799,999.997609,999.999822,1000.002394,1000.005265,1000.008439,1000.011963,1000.015802,1000.019879,1000.024220,1000.028904,1000.033946,1000.039308,1000.044892,1000.050590,1000.056349,1000.062190,1000.068242,1000.074641,1000.081410,1000.088543,1000.096012,1000.103706,1000.111206,1000.118579,1000.125743,1000.133641,0.000000,0.000000,0.000000,0.000000,0.000000,0.000000,0.000000,0.000000,0.000000,0.000000,0.000000,0.000000,0.000000,0.000000,0.000000,0.000000,0.000000,0.000000,0.000000,0.000000
0.000000,0.000000,0.000000,0.000000,0.000000,0.000000,0.000000,0.000000,0.000000,0.000000,0.000000,0.000000,0.000000,0.000000,0.000000,0.000000,0.000000,0.000000,0.000000,0.000000,0.000000,1000.142849,1000.134133,1000.124631,1000.116311,1000.108309,1000.100383,1000.092763,1000.085514,1000.078622,1000.072122,1000.065960,1000.060057,1000.054336,1000.048757,1000.043364,1000.038239,1000.033443,1000.029055,1000.025161,1000.021739,1000.018676,1000.015889,1000.013383,1000.011196,1000.009321,1000.007746,1000.006456,1000.005449,1000.004768,1000.004437,1000.004470,1000.004828,1000.005439,1000.006289,1000.007409,1000.008844,1000.010640,1000.012826,1000.015348,1000.018178,1000.021355,1000.024876,1000.028690,1000.032765,1000.037118,1000.041803,1000.046838,1000.052131,1000.057567,1000.063085,1000.068653,1000.074330,1000.080252,1000.086556,1000.093249,1000.100368,1000.107819,1000.115205,1000.122374,1000.129220,1000.136855,0.000000,0.000000,0.000000,0.000000,0.000000,0.000000,0.000000,0.000000,0.000000,0.000000,0.000000,0.000000,0.000000,0.000000,0.000000,0.000000,0.000000,0.000000,0.000000,0.000000,0.000000
0.000000,0.000000,0.000000,0.000000,0.000000,0.000000,0.000000,0.000000,0.000000,0.000000,0.000000,0.000000,0.000000,0.000000,0.000000,0.000000,0.000000,0.000000,0.000000,0.000000,0.000000,0.000000,0.000000,1000.136538,1000.127954,1000.120191,1000.112473,1000.105110,1000.097931,1000.091104,1000.084682,1000.078615,1000.072835,1000.067217,1000.061725,1000.056399,1000.051289,1000.046454,1000.041979,1000.037947,1000.034382,1000.031226,1000.028418,1000.025932,1000.023747,1000.021859,1000.020278,1000.019004,1000.018037,1000.017395,1000.017106,1000.017185,1000.017610,1000.018337,1000.019341,1000.020614,1000.022151,1000.023980,1000.026122,1000.028576,1000.031361,1000.034511,1000.038003,1000.041777,1000.045813,1000.050138,1000.054793,1000.059729,1000.064847,1000.070079,1000.075383,1000.080753,1000.086297,1000.092125,1000.098373,1000.105033,1000.112007,1000.119238,1000.126463,1000.134508,0.000000,0.000000,0.000000,0.000000,0.000000,0.000000,0.000000,0.000000,0.000000,0.000000,0.000000,0.000000,0.000000,0.000000,0.000000,0.000000,0.000000,0.000000,0.000000,0.000000,0.000000,0.000000,0.000000
0.000000,0.000000,0.000000,0.000000,0.000000,0.000000,0.000000,0.000000,0.000000,0.000000,0.000000,0.000000,0.000000,0.000000,0.000000,0.000000,0.000000,0.000000,0.000000,0.000000,0.000000,0.000000,0.000000,0.000000,1000.140136,1000.132414,1000.124486,1000.117502,1000.110597,1000.104007,1000.097605,1000.091573,1000.085867,1000.080350,1000.074959,1000.069709,1000.064667,1000.059853,1000.055331,1000.051182,1000.047478,1000.044214,1000.041331,1000.038798,1000.036589,1000.034681,1000.033076,1000.031803,1000.030885,1000.030303,1000.030074,1000.030200,1000.030667,1000.031482,1000.032605,1000.034004,1000.035652,1000.037517,1000.039611,1000.041998,1000.044734,1000.047828,1000.051258,1000.054959,1000.058897,1000.063135,1000.067663,1000.072400,1000.077293,1000.082271,1000.087326,1000.092509,1000.097926,1000.103697,1000.109749,1000.116287,1000.123075,1000.130598,1000.138296,0.000000,0.000000,0.000000,0.000000,0.000000,0.000000,0.000000,0.000000,0.000000,0.000000,0.000000,0.000000,0.000000,0.000000,0.000000,0.000000,0.000000,0.000000,0.000000,0.000000,0.000000,0.000000,0.000000,0.000000
0.000000,0.000000,0.000000,0.000000,0.000000,0.000000,0.000000,0.000000,0.000000,0.000000,0.000000,0.000000,0.000000,0.000000,0.000000,0.000000,0.000000,0.000000,0.000000,0.000000,0.000000,0.000000,0.000000,0.000000,0.000000,0.000000,1000.137342,1000.130137,1000.123079,1000.116832,1000.110652,1000.104806,1000.099111,1000.093686,1000.088412,1000.083259,1000.078289,1000.073526,1000.068998,1000.064795,1000.060995,1000.057609,1000.054595,1000.051947,1000.049665,1000.047724,1000.046112,1000.044849,1000.043952,1000.043428,1000.043262,1000.043450,1000.044002,1000.044899,1000.046125,1000.047632,1000.049346,1000.051237,1000.053327,1000.055671,1000.058339,1000.061363,1000.064688,1000.068245,1000.072022,1000.076070,1000.080354,1000.084838,1000.089452,1000.094161,1000.098973,1000.104006,1000.109111,1000.114584,1000.120299,1000.127170,1000.134315,0.000000,0.000000,0.000000,0.000000,0.000000,0.000000,0.000000,0.000000,0.000000,0.000000,0.000000,0.000000,0.000000,0.000000,0.000000,0.000000,0.000000,0.000000,0.000000,0.000000,0.000000,0.000000,0.000000,0.000000,0.000000,0.000000
0.000000,0.000000,0.000000,0.000000,0.000000,0.000000,0.000000,0.000000,0.000000,0.000000,0.000000,0.000000,0.000000,0.000000,0.000000,0.000000,0.000000,0.000000,0.000000,0.000000,0.000000,0.000000,0.000000,0.000000,0.000000,0.000000,0.000000,0.000000,1000.136339,1000.129567,1000.123264,1000.117831,1000.112451,1000.107255,1000.102073,1000.097037,1000.092123,1000.087400,1000.082857,1000.078633,1000.074770,1000.071269,1000.068108,1000.065312,1000.062914,1000.060918,1000.059321,1000.058099,1000.057235,1000.056753,1000.056644,1000.056895,1000.057540,1000.058545,1000.059876,1000.061459,1000.063233,1000.065177,1000.067292,1000.069609,1000.072195,1000.075094,1000.078259,1000.081617,1000.085184,1000.088966,1000.092958,1000.097155,1000.101458,1000.105976,1000.110477,1000.115097,1000.119710,1000.125044,1000.130985,0.000000,0.000000,0.000000,0.000000,0.000000,0.000000,0.000000,0.000000,0.000000,0.000000,0.000000,0.000000,0.000000,0.000000,0.000000,0.000000,0.000000,0.000000,0.000000,0.000000,0.000000,0.000000,0.000000,0.000000,0.000000,0.000000,0.000000,0.000000
0.000000,0.000000,0.000000,0.000000,0.000000,0.000000,0.000000,0.000000,0.000000,0.000000,0.000000,0.000000,0.000000,0.000000,0.000000,0.000000,0.000000,0.000000,0.000000,0.000000,0.000000,0.000000,0.000000,0.000000,0.000000,0.000000,0.000000,0.000000,0.000000,0.000000,1000.136377,1000.130445,1000.125312,1000.120649,1000.115809,1000.110971,1000.106071,1000.101385,1000.096833,1000.092576,1000.088669,1000.085075,1000.081795,1000.078840,1000.076328,1000.074272,1000.072673,1000.071508,1000.070729,1000.070305,1000.070234,1000.070564,1000.071290,1000.072400,1000.073812,1000.075442,1000.077265,1000.079244,1000.081373,1000.083671,1000.086184,1000.088897,1000.091848,1000.094967,1000.098297,1000.101802,1000.105545,1000.109491,1000.113551,1000.117682,1000.121648,1000.125827,1000.130872,0.000000,0.000000,0.000000,0.000000,0.000000,0.000000,0.000000,0.000000,0.000000,0.000000,0.000000,0.000000,0.000000,0.000000,0.000000,0.000000,0.000000,0.000000,0.000000,0.000000,0.000000,0.000000,0.000000,0.000000,0.000000,0.000000,0.000000,0.000000,0.000000,0.000000
0.000000,0.000000,0.000000,0.000000,0.000000,0.000000,0.000000,0.000000,0.000000,0.000000,0.000000,0.000000,0.000000,0.000000,0.000000,0.000000,0.000000,0.000000,0.000000,0.000000,0.000000,0.000000,0.000000,0.000000,0.000000,0.000000,0.000000,0.000000,0.000000,0.000000,0.000000,0.000000,1000.138570,1000.133677,1000.129033,1000.124598,1000.119997,1000.115274,1000.110837,1000.106557,1000.102578,1000.098867,1000.095520,1000.092475,1000.089893,1000.087822,1000.086241,1000.085129,1000.084432,1000.084092,1000.084076,1000.084515,1000.085315,1000.086480,1000.087908,1000.089531,1000.091304,1000.093251,1000.095365,1000.097649,1000.100094,1000.102632,1000.105331,1000.108183,1000.111250,1000.114520,1000.118074,1000.121553,1000.125326,1000.129068,1000.133564,0.000000,0.000000,0.000000,0.000000,0.000000,0.000000,0.000000,0.000000,0.000000,0.000000,0.000000,0.000000,0.000000,0.000000,0.000000,0.000000,0.000000,0.000000,0.000000,0.000000,0.000000,0.000000,0.000000,0.000000,0.000000,0.000000,0.000000,0.000000,0.000000,0.000000,0.000000,0.000000
0.000000,0.000000,0.000000,0.000000,0.000000,0.000000,0.000000,0.000000,0.000000,0.000000,0.000000,0.000000,0.000000,0.000000,0.000000,0.000000,0.000000,0.000000,0.000000,0.000000,0.000000,0.000000,0.000000,0.000000,0.000000,0.000000,0.000000,0.000000,0.000000,0.000000,0.000000,0.000000,0.000000,0.000000,1000.142490,1000.137823,1000.133633,1000.128622,1000.124462,1000.120330,1000.116245,1000.112379,1000.108936,1000.106096,1000.103569,1000.101512,1000.099964,1000.098886,1000.098260,1000.097997,1000.098134,1000.098694,1000.099526,1000.100707,1000.102068,1000.103575,1000.105230,1000.107096,1000.109178,1000.111461,1000.113829,1000.116312,1000.118610,1000.121131,1000.123892,1000.126943,1000.130019,1000.133127,1000.137372,0.000000,0.000000,0.000000,0.000000,0.000000,0.000000,0.000000,0.000000,0.000000,0.000000,0.000000,0.000000,0.000000,0.000000,0.000000,0.000000,0.000000,0.000000,0.000000,0.000000,0.000000,0.000000,0.000000,0.000000,0.000000,0.000000,0.000000,0.000000,0.000000,0.000000,0.000000,0.000000,0.000000,0.000000
0.000000,0.000000,0.000000,0.000000,0.000000,0.000000,0.000000,0.000000,0.000000,0.000000,0.000000,0.000000,0.000000,0.000000,0.000000,0.000000,0.000000,0.000000,0.000000,0.000000,0.000000,0.000000,0.000000,0.000000,0.000000,0.000000,0.000000,0.000000,0.000000,0.000000,0.000000,0.000000,0.000000,0.000000,0.000000,0.000000,0.000000,1000.141969,1000.137938,1000.133604,1000.129363,1000.125518,1000.121725,1000.119316,1000.117136,1000.115127,1000.113490,1000.112361,1000.111789,1000.111739,1000.112379,1000.112838,1000.113705,1000.114843,1000.116047,1000.117380,1000.118936,1000.120752,1000.122824,1000.125042,1000.127366,1000.130093,1000.131737,1000.133396,1000.135831,1000.139566,0.000000,0.000000,0.000000,0.000000,0.000000,0.000000,0.000000,0.000000,0.000000,0.000000,0.000000,0.000000,0.000000,0.000000,0.000000,0.000000,0.000000,0.000000,0.000000,0.000000,0.000000,0.000000,0.000000,0.000000,0.000000,0.000000,0.000000,0.000000,0.000000,0.000000,0.000000,0.000000,0.000000,0.000000,0.000000,0.000000,0.000000
0.000000,0.000000,0.000000,0.000000,0.000000,0.000000,0.000000,0.000000,0.000000,0.000000,0.000000,0.000000,0.000000,0.000000,0.000000,0.000000,0.000000,0.000000,0.000000,0.000000,0.000000,0.000000,0.000000,0.000000,0.000000,0.000000,0.000000,0.000000,0.000000,0.000000,0.000000,0.000000,0.000000,0.000000,0.000000,0.000000,0.000000,0.000000,0.000000,0.000000,0.000000,0.000000,1000.134918,1000.132624,1000.130339,1000.128180,1000.126267,1000.124934,1000.124465,1000.125159,1000.126318,1000.126542,1000.127889,1000.128676,1000.129475,1000.130578,1000.132137,1000.133999,1000.136069,1000.138401,1000.141112,0.000000,0.000000,0.000000,0.000000,0.000000,0.000000,0.000000,0.000000,0.000000,0.000000,0.000000,0.000000,0.000000,0.000000,0.000000,0.000000,0.000000,0.000000,0.000000,0.000000,0.000000,0.000000,0.000000,0.000000,0.000000,0.000000,0.000000,0.000000,0.000000,0.000000,0.000000,0.000000,0.000000,0.000000,0.000000,0.000000,0.000000,0.000000,0.000000,0.000000,0.000000,0.000000
0.000000,0.000000,0.000000,0.000000,0.000000,0.000000,0.000000,0.000000,0.000000,0.000000,0.000000,0.000000,0.000000,0.000000,0.000000,0.000000,0.000000,0.000000,0.000000,0.000000,0.000000,0.000000,0.000000,0.000000,0.000000,0.000000,0.000000,0.000000,0.000000,0.000000,0.000000,0.000000,0.000000,0.000000,0.000000,0.000000,0.000000,0.000000,0.000000,0.000000,0.000000,0.000000,0.000000,0.000000,0.000000,0.000000,0.000000,0.000000,0.000000,0.000000,0.000000,1000.140808,0.000000,0.000000,0.000000,0.000000,0.000000,0.000000,0.000000,0.000000,0.000000,0.000000,0.000000,0.000000,0.000000,0.000000,0.000000,0.000000,0.000000,0.000000,0.000000,0.000000,0.000000,0.000000,0.000000,0.000000,0.000000,0.000000,0.000000,0.000000,0.000000,0.000000,0.000000,0.000000,0.000000,0.000000,0.000000,0.000000,0.000000,0.000000,0.000000,0.000000,0.000000,0.000000,0.000000,0.000000,0.000000,0.000000,0.000000,0.000000,0.000000,0.000000,0.000000
0.000000,0.000000,0.000000,0.000000,0.000000,0.000000,0.000000,0.000000,0.000000,0.000000,0.000000,0.000000,0.000000,0.000000,0.000000,0.000000,0.000000,0.000000,0.000000,0.000000,0.000000,0.000000,0.000000,0.000000,0.000000,0.000000,0.000000,0.000000,0.000000,0.000000,0.000000,0.000000,0.000000,0.000000,0.000000,0.000000,0.000000,0.000000,0.000000,0.000000,0.000000,0.000000,0.000000,0.000000,0.000000,0.000000,0.000000,0.000000,0.000000,0.000000,0.000000,0.000000,0.000000,0.000000,0.000000,0.000000,0.000000,0.000000,0.000000,0.000000,0.000000,0.000000,0.000000,0.000000,0.000000,0.000000,0.000000,0.000000,0.000000,0.000000,0.000000,0.000000,0.000000,0.000000,0.000000,0.000000,0.000000,0.000000,0.000000,0.000000,0.000000,0.000000,0.000000,0.000000,0.000000,0.000000,0.000000,0.000000,0.000000,0.000000,0.000000,0.000000,0.000000,0.000000,0.000000,0.000000,0.000000,0.000000,0.000000,0.000000,0.000000,0.000000,0.000000
