0.000000,0.000000,0.000000,0.000000,0.000000,0.000000,0.000000,0.000000,0.000000,0.000000,0.000000,0.000000,0.000000,0.000000,0.000000,0.000000,0.000000,0.000000,0.000000,0.000000,0.000000,0.000000,0.000000,0.000000,0.000000,0.000000,0.000000,0.000000,0.000000,0.000000,0.000000,0.000000,0.000000,0.000000,0.000000,0.000000,0.000000,0.000000,0.000000,0.000000,0.000000,0.000000,0.000000,0.000000,0.000000,0.000000,0.000000,0.000000,0.000000,0.000000,0.000000,0.000000,0.000000,0.000000,0.000000,0.000000,0.000000,0.000000,0.000000,0.000000,0.000000,0.000000,0.000000,0.000000,0.000000,0.000000,0.000000,0.000000,0.000000,0.000000,0.000000,0.000000,0.000000,0.000000,0.000000,0.000000,0.000000,0.000000,0.000000,0.000000,0.000000,0.000000,0.000000,0.000000,0.000000,0.000000,0.000000,0.000000,0.000000,0.000000,0.000000,0.000000,0.000000,0.000000,0.000000,0.000000,0.000000,0.000000,0.000000,0.000000,0.000000,0.000000,0.000000
0.000000,0.000000,0.000000,0.000000,0.000000,0.000000,0.000000,0.000000,0.000000,0.000000,0.000000,0.000000,0.000000,0.000000,0.000000,0.000000,0.000000,0.000000,0.000000,0.000000,0.000000,0.000000,0.000000,0.000000,0.000000,0.000000,0.000000,0.000000,0.000000,0.000000,0.000000,0.000000,0.000000,0.000000,0.000000,0.000000,0.000000,0.000000,0.000000,0.000000,0.000000,0.000000,0.000000,0.000000,0.000000,0.000000,0.000000,0.000000,0.000000,0.000000,0.000000,1000.124043,0.000000,0.000000,0.000000,0.000000,0.000000,0.000000,0.000000,0.000000,0.000000,0.000000,0.000000,0.000000,0.000000,0.000000,0.000000,0.000000,0.000000,0.000000,0.000000,0.000000,0.000000,0.000000,0.000000,0.000000,0.000000,0.000000,0.000000,0.000000,0.000000,0.000000,0.000000,0.000000,0.000000,0.000000,0.000000,0.000000,0.000000,0.000000,0.000000,0.000000,0.000000,0.000000,0.000000,0.000000,0.000000,0.000000,0.000000,0.000000,0.000000,0.000000,0.000000
0.000000,0.000000,0.000000,0.000000,0.000000,0.000000,0.000000,0.000000,0.000000,0.000000,0.000000,0.000000,0.000000,0.000000,0.000000,0.000000,0.000000,0.000000,0.000000,0.000000,0.000000,0.000000,0.000000,0.000000,0.000000,0.000000,0.000000,0.000000,0.000000,0.000000,0.000000,0.000000,0.000000,0.000000,0.000000,0.000000,0.000000,0.000000,0.000000,0.000000,0.000000,0.000000,1000.129311,1000.127042,1000.125034,1000.122835,1000.120276,1000.117568,1000.115197,1000.113603,1000.112635,1000.111586,1000.111871,1000.111878,1000.112326,1000.113479,1000.115079,1000.117108,1000.119531,1000.122047,1000.123967,0.000000,0.000000,0.000000,0.000000,0.000000,0.000000,0.000000,0.000000,0.000000,0.000000,0.000000,0.000000,0.000000,0.000000,0.000000,0.000000,0.000000,0.000000,0.000000,0.000000,0.000000,0.000000,0.000000,0.000000,0.000000,0.000000,0.000000,0.000000,0.000000,0.000000,0.000000,0.000000,0.000000,0.000000,0.000000,0.000000,0.000000,0.000000,0.000000,0.000000,0.000000,0.000000
0.000000,0.000000,0.000000,0.000000,0.000000,0.000000,0.000000,0.000000,0.000000,0.000000,0.000000,0.000000,0.000000,0.000000,0.000000,0.000000,0.000000,0.000000,0.000000,0.000000,0.000000,0.000000,0.000000,0.000000,0.000000,0.000000,0.000000,0.000000,0.000000,0.000000,0.000000,0.000000,0.000000,0.000000,0.000000,0.000000,0.000000,1000.131926,1000.127781,1000.124246,1000.121349,1000.118947,1000.116188,1000.114047,1000.111882,1000.109662,1000.107492,1000.105424,1000.103603,1000.102104,1000.100995,1000.100304,1000.100200,1000.100198,1000.100705,1000.101623,1000.103041,1000.104937,1000.107162,1000.109493,1000.111976,1000.116213,1000.119559,1000.122650,1000.125701,1000.128514,0.000000,0.000000,0.000000,0.000000,0.000000,0.000000,0.000000,0.000000,0.000000,0.000000,0.000000,0.000000,0.000000,0.000000,0.000000,0.000000,0.000000,0.000000,0.000000,0.000000,0.000000,0.000000,0.000000,0.000000,0.000000,0.000000,0.000000,0.000000,0.000000,0.000000,0.000000,0.000000,0.000000,0.000000,0.000000,0.000000,0.000000
0.000000,0.000000,0.000000,0.000000,0.000000,0.000000,0.000000,0.000000,0.000000,0.000000,0.000000,0.000000,0.000000,0.000000,0.000000,0.000000,0.000000,0.000000,0.000000,0.000000,0.000000,0.000000,0.000000,0.000000,0.000000,0.000000,0.000000,0.000000,0.000000,0.000000,0.000000,0.000000,0.000000,0.000000,1000.129401,1000.125693,1000.122440,1000.118597,1000.115172,1000.111885,1000.108784,1000.106009,1000.103342,1000.100951,1000.098650,1000.096537,1000.094587,1000.092871,1000.091426,1000.090179,1000.089168,1000.088558,1000.088227,1000.088285,1000.088713,1000.089492,1000.090753,1000.092508,1000.094727,1000.097374,1000.100281,1000.103727,1000.107406,1000.110778,1000.113927,1000.117223,1000.122425,1000.127241,1000.131348,0.000000,0.000000,0.000000,0.000000,0.000000,0.000000,0.000000,0.000000,0.000000,0.000000,0.000000,0.000000,0.000000,0.000000,0.000000,0.000000,0.000000,0.000000,0.000000,0.000000,0.000000,0.000000,0.000000,0.000000,0.000000,0.000000,0.000000,0.000000,0.000000,0.000000,0.000000,0.000000,0.000000,0.000000
0.000000,0.000000,0.000000,0.000000,0.000000,0.000000,0.000000,0.000000,0.000000,0.000000,0.000000,0.000000,0.000000,0.000000,0.000000,0.000000,0.000000,0.000000,0.000000,0.000000,0.000000,0.000000,0.000000,0.000000,0.000000,0.000000,0.000000,0.000000,0.000000,0.000000,0.000000,0.000000,1000.125327,1000.121239,1000.116878,1000.113056,1000.109387,1000.105621,1000.102142,1000.098862,1000.095818,1000.092924,1000.090251,1000.087761,1000.085497,1000.083443,1000.081646,1000.080180,1000.078972,1000.077963,1000.077131,1000.076544,1000.076215,1000.076242,1000.076599,1000.077370,1000.078563,1000.080207,1000.082336,1000.084945,1000.088029,1000.091349,1000.094966,1000.098598,1000.102366,1000.106224,1000.110640,1000.115354,1000.120052,1000.126559,1000.131726,0.000000,0.000000,0.000000,0.000000,0.000000,0.000000,0.000000,0.000000,0.000000,0.000000,0.000000,0.000000,0.000000,0.000000,0.000000,0.000000,0.000000,0.000000,0.000000,0.000000,0.000000,0.000000,0.000000,0.000000,0.000000,0.000000,0.000000,0.000000,0.000000,0.000000,0.000000,0.000000
0.000000,0.000000,0.000000,0.000000,0.000000,0.000000,0.000000,0.000000,0.000000,0.000000,0.000000,0.000000,0.000000,0.000000,0.000000,0.000000,0.000000,0.000000,0.000000,0.000000,0.000000,0.000000,0.000000,0.000000,0.000000,0.000000,0.000000,0.000000,0.000000,0.000000,1000.124859,1000.119844,1000.113747,1000.109242,1000.104855,1000.100599,1000.096388,1000.092513,1000.088958,1000.085696,1000.082667,1000.079785,1000.077100,1000.074608,1000.072343,1000.070340,1000.068702,1000.067433,1000.066448,1000.065661,1000.065013,1000.064512,1000.064241,1000.064257,1000.064613,1000.065371,1000.066519,1000.068094,1000.070119,1000.072602,1000.075564,1000.078870,1000.082476,1000.086228,1000.090145,1000.094327,1000.098720,1000.103601,1000.108636,1000.114026,1000.119724,1000.126928,1000.133034,0.000000,0.000000,0.000000,0.000000,0.000000,0.000000,0.000000,0.000000,0.000000,0.000000,0.000000,0.000000,0.000000,0.000000,0.000000,0.000000,0.000000,0.000000,0.000000,0.000000,0.000000,0.000000,0.000000,0.000000,0.000000,0.000000,0.000000,0.000000,0.000000,0.000000
0.000000,0.000000,0.000000,0.000000,0.000000,0.000000,0.000000,0.000000,0.000000,0.000000,0.000000,0.000000,0.000000,0.000000,0.000000,0.000000,0.000000,0.000000,0.000000,0.000000,0.000000,0.000000,0.000000,0.000000,0.000000,0.000000,0.000000,0.000000,1000.128073,1000.122066,1000.114025,1000.108167,1000.102749,1000.097708,1000.092754,1000.088100,1000.083742,1000.079744,1000.076067,1000.072708,1000.069599,1000.066711,1000.064009,1000.061480,1000.059202,1000.057290,1000.055800,1000.054724,1000.053972,1000.053396,1000.052937,1000.052606,1000.052435,1000.052494,1000.052869,1000.053593,1000.054694,1000.056188,1000.058086,1000.060419,1000.063207,1000.066417,1000.069980,1000.073793,1000.077745,1000.081941,1000.086362,1000.091156,1000.096432,1000.101963,1000.107787,1000.113936,1000.120266,1000.127391,1000.133931,0.000000,0.000000,0.000000,0.000000,0.000000,0.000000,0.000000,0.000000,0.000000,0.000000,0.000000,0.000000,0.000000,0.000000,0.000000,0.000000,0.000000,0.000000,0.000000,0.000000,0.000000,0.000000,0.000000,0.000000,0.000000,0.000000,0.000000,0.000000
0.000000,0.000000,0.000000,0.000000,0.000000,0.000000,0.000000,0.000000,0.000000,0.000000,0.000000,0.000000,0.000000,0.000000,0.000000,0.000000,0.000000,0.000000,0.000000,0.000000,0.000000,0.000000,0.000000,0.000000,0.000000,0.000000,1000.133086,1000.126218,1000.117172,1000.110102,1000.103486,1000.097335,1000.091479,1000.085928,1000.080802,1000.076037,1000.071589,1000.067451,1000.063620,1000.060103,1000.056876,1000.053913,1000.051153,1000.048583,1000.046303,1000.044441,1000.043073,1000.042151,1000.041535,1000.041125,1000.040871,1000.040746,1000.040744,1000.040922,1000.041351,1000.042070,1000.043121,1000.044518,1000.046298,1000.048480,1000.051091,1000.054167,1000.057620,1000.061368,1000.065313,1000.069446,1000.073861,1000.078609,1000.083784,1000.089338,1000.095320,1000.101519,1000.108022,1000.114632,1000.120929,1000.127009,1000.133332,0.000000,0.000000,0.000000,0.000000,0.000000,0.000000,0.000000,0.000000,0.000000,0.000000,0.000000,0.000000,0.000000,0.000000,0.000000,0.000000,0.000000,0.000000,0.000000,0.000000,0.000000,0.000000,0.000000,0.000000,0.000000,0.000000
0.000000,0.000000,0.000000,0.000000,0.000000,0.000000,0.000000,0.000000,0.000000,0.000000,0.000000,0.000000,0.000000,0.000000,0.000000,0.000000,0.000000,0.000000,0.000000,0.000000,0.000000,0.000000,0.000000,0.000000,1000.139322,1000.131405,1000.121993,1000.114121,1000.106574,1000.099370,1000.092519,1000.085973,1000.079980,1000.074390,1000.069201,1000.064351,1000.059818,1000.055567,1000.051597,1000.047926,1000.044581,1000.041519,1000.038679,1000.036085,1000.033819,1000.032006,1000.030695,1000.029786,1000.029187,1000.028857,1000.028748,1000.028814,1000.029037,1000.029401,1000.029935,1000.030697,1000.031736,1000.033075,1000.034741,1000.036791,1000.039260,1000.042176,1000.045492,1000.049126,1000.053005,1000.057070,1000.061408,1000.066115,1000.071228,1000.076732,1000.082621,1000.088814,1000.095322,1000.101958,1000.108589,1000.114938,1000.120657,1000.125936,1000.132128,0.000000,0.000000,0.000000,0.000000,0.000000,0.000000,0.000000,0.000000,0.000000,0.000000,0.000000,0.000000,0.000000,0.000000,0.000000,0.000000,0.000000,0.000000,0.000000,0.000000,0.000000,0.000000,0.000000,0.000000
0.000000,0.000000,0.000000,0.000000,0.000000,0.000000,0.000000,0.000000,0.000000,0.000000,0.000000,0.000000,0.000000,0.000000,0.000000,0.000000,0.000000,0.000000,0.000000,0.000000,0.000000,0.000000,0.000000,1000.135825,1000.127171,1000.119063,1000.111002,1000.103085,1000.095490,1000.088073,1000.081170,1000.074695,1000.068678,1000.063076,1000.057856,1000.052951,1000.048323,1000.043957,1000.039875,1000.036103,1000.032652,1000.029478,1000.026563,1000.023957,1000.021741,1000.019995,1000.018690,1000.017737,1000.017089,1000.016729,1000.016666,1000.016869,1000.017274,1000.017832,1000.018518,1000.019376,1000.020446,1000.021766,1000.023365,1000.025294,1000.027630,1000.030401,1000.033593,1000.037119,1000.040899,1000.044918,1000.049198,1000.053815,1000.058832,1000.064242,1000.070010,1000.076146,1000.082585,1000.089219,1000.095979,1000.102684,1000.109041,1000.115164,1000.121091,1000.128079,0.000000,0.000000,0.000000,0.000000,0.000000,0.000000,0.000000,0.000000,0.000000,0.000000,0.000000,0.000000,0.000000,0.000000,0.000000,0.000000,0.000000,0.000000,0.000000,0.000000,0.000000,0.000000,0.000000
0.000000,0.000000,0.000000,0.000000,0.000000,0.000000,0.000000,0.000000,0.000000,0.000000,0.000000,0.000000,0.000000,0.000000,0.000000,0.000000,0.000000,0.000000,0.000000,0.000000,0.000000,1000.139704,1000.131917,1000.123679,1000.115717,1000.107638,1000.099566,1000.091560,1000.083968,1000.076719,1000.069886,1000.063475,1000.057505,1000.051944,1000.046702,1000.041732,1000.037012,1000.032550,1000.028393,1000.024555,1000.020985,1000.017684,1000.014702,1000.012096,1000.009947,1000.008257,1000.006966,1000.005999,1000.005297,1000.004879,1000.004789,1000.005022,1000.005513,1000.006204,1000.007050,1000.008037,1000.009186,1000.010525,1000.012100,1000.013949,1000.016159,1000.018812,1000.021908,1000.025355,1000.029060,1000.033008,1000.037217,1000.041746,1000.046647,1000.051937,1000.057605,1000.063655,1000.070050,1000.076732,1000.083589,1000.090486,1000.097287,1000.104063,1000.110520,1000.117235,1000.124757,1000.132826,0.000000,0.000000,0.000000,0.000000,0.000000,0.000000,0.000000,0.000000,0.000000,0.000000,0.000000,0.000000,0.000000,0.000000,0.000000,0.000000,0.000000,0.000000,0.000000,0.000000,0.000000
0.000000,0.000000,0.000000,0.000000,0.000000,0.000000,0.000000,0.000000,0.000000,0.000000,0.000000,0.000000,0.000000,0.000000,0.000000,0.000000,0.000000,0.000000,0.000000,0.000000,1000.137375,1000.128551,1000.120658,1000.112533,1000.104368,1000.096044,1000.087909,1000.079991,1000.072417,1000.065275,1000.058559,1000.052276,1000.046408,1000.040891,1000.035650,1000.030649,1000.025887,1000.021393,1000.017190,1000.013256,1000.009569,1000.006165,1000.003116,1000.000522,999.998420,999.996767,999.995490,999.994509,999.993789,999.993335,999.993167,999.993328,999.993818,999.994577,999.995534,999.996635,999.997884,999.999290,1000.000871,1000.002701,1000.004862,1000.007445,1000.010468,1000.013859,1000.017516,1000.021376,1000.025483,1000.029925,1000.034731,1000.039921,1000.045536,1000.051559,1000.057927,1000.064612,1000.071542,1000.078575,1000.085602,1000.092623,1000.099728,1000.106902,1000.114537,1000.122474,1000.131307,0.000000,0.000000,0.000000,0.000000,0.000000,0.000000,0.000000,0.000000,0.000000,0.000000,0.000000,0.000000,0.000000,0.000000,0.000000,0.000000,0.000000,0.000000,0.000000,0.000000
0.000000,0.000000,0.000000,0.000000,0.000000,0.000000,0.000000,0.000000,0.000000,0.000000,0.000000,0.000000,0.000000,0.000000,0.000000,0.000000,0.000000,0.000000,0.000000,1000.135076,1000.125924,1000.117691,1000.109552,1000.101164,1000.092794,1000.084492,1000.076315,1000.068385,1000.060861,1000.053837,1000.047272,1000.041117,1000.035345,1000.029902,1000.024718,1000.019760,1000.015021,1000.010528,1000.006268,1000.002226,999.998444,999.994967,999.991905,999.989349,999.987278,999.985642,999.984349,999.983334,999.982580,999.982064,999.981801,999.981843,999.982252,999.983004,999.984009,999.985191,999.986506,999.987975,999.989626,999.991505,999.993695,999.996273,999.999260,1000.002609,1000.006229,1000.010051,1000.014101,1000.018462,1000.023200,1000.028339,1000.033907,1000.039921,1000.046311,1000.052991,1000.059928,1000.067033,1000.074188,1000.081346,1000.088655,1000.096234,1000.104271,1000.112522,1000.121255,1000.131052,0.000000,0.000000,0.000000,0.000000,0.000000,0.000000,0.000000,0.000000,0.000000,0.000000,0.000000,0.000000,0.000000,0.000000,0.000000,0.000000,0.000000,0.000000,0.000000
0.000000,0.000000,0.000000,0.000000,0.000000,0.000000,0.000000,0.000000,0.000000,0.000000,0.000000,0.000000,0.000000,0.000000,0.000000,0.000000,0.000000,0.000000,1000.132716,1000.123558,1000.115090,1000.106758,1000.098177,1000.089710,1000.081317,1000.072992,1000.064788,1000.056895,1000.049468,1000.042560,1000.036110,1000.030049,1000.024363,1000.019008,1000.013906,1000.009026,1000.004337,999.999817,999.995492,999.991397,999.987558,999.984076,999.981076,999.978578,999.976550,999.974918,999.973582,999.972500,999.971648,999.971023,999.970646,999.970572,999.970867,999.971549,999.972546,999.973764,999.975131,999.976655,999.978400,999.980388,999.982650,999.985247,999.988221,999.991554,999.995175,999.999033,1000.003118,1000.007471,1000.012172,1000.017269,1000.022797,1000.028771,1000.035147,1000.041837,1000.048768,1000.055882,1000.063098,1000.070374,1000.077791,1000.085513,1000.093705,1000.102422,1000.111338,1000.120710,1000.131103,0.000000,0.000000,0.000000,0.000000,0.000000,0.000000,0.000000,0.000000,0.000000,0.000000,0.000000,0.000000,0.000000,0.000000,0.000000,0.000000,0.000000,0.000000
0.000000,0.000000,0.000000,0.000000,0.000000,0.000000,0.000000,0.000000,0.000000,0.000000,0.000000,0.000000,0.000000,0.000000,0.000000,0.000000,0.000000,1000.130550,1000.121506,1000.112929,1000.104392,1000.095625,1000.086964,1000.078463,1000.070031,1000.061693,1000.053528,1000.045693,1000.038341,1000.031519,1000.025131,1000.019106,1000.013446,1000.008122,1000.003074,999.998234,999.993561,999.989044,999.984730,999.980654,999.976866,999.973493,999.970583,999.968144,999.966142,999.964483,999.963083,999.961886,999.960899,999.960143,999.959654,999.959500,999.959715,999.960318,999.961268,999.962471,999.963878,999.965481,999.967312,999.969404,999.971755,999.974386,999.977354,999.980693,999.984370,999.988313,999.992490,999.996918,1000.001633,1000.006695,1000.012172,1000.018090,1000.024401,1000.031057,1000.037981,1000.045087,1000.052326,1000.059667,1000.067156,1000.074943,1000.083148,1000.091913,1000.101184,1000.110591,1000.120260,1000.130728,0.000000,0.000000,0.000000,0.000000,0.000000,0.000000,0.000000,0.000000,0.000000,0.000000,0.000000,0.000000,0.000000,0.000000,0.000000,0.000000,0.000000
0.000000,0.000000,0.000000,0.000000,0.000000,0.000000,0.000000,0.000000,0.000000,0.000000,0.000000,0.000000,0.000000,0.000000,0.000000,0.000000,1000.129140,1000.119938,1000.111237,1000.102543,1000.093607,1000.084779,1000.076097,1000.067523,1000.059084,1000.050759,1000.042611,1000.034807,1000.027498,1000.020704,1000.014320,1000.008265,1000.002557,999.997196,999.992115,999.987255,999.982589,999.978142,999.973937,999.970000,999.966391,999.963178,999.960380,999.957986,999.955960,999.954236,999.952739,999.951423,999.950303,999.949438,999.948891,999.948702,999.948879,999.949415,999.950288,999.951442,999.952848,999.954503,999.956410,999.958579,999.961001,999.963689,999.966700,999.970072,999.973807,999.977841,999.982114,999.986622,999.991388,999.996460,1000.001901,1000.007750,1000.013998,1000.020596,1000.027486,1000.034601,1000.041865,1000.049241,1000.056775,1000.064587,1000.072781,1000.081454,1000.090688,1000.100360,1000.109949,1000.119589,1000.129778,0.000000,0.000000,0.000000,0.000000,0.000000,0.000000,0.000000,0.000000,0.000000,0.000000,0.000000,0.000000,0.000000,0.000000,0.000000,0.000000
0.000000,0.000000,0.000000,0.000000,0.000000,0.000000,0.000000,0.000000,0.000000,0.000000,0.000000,0.000000,0.000000,0.000000,0.000000,1000.129012,1000.119125,1000.110080,1000.101190,1000.092088,1000.083103,1000.074261,1000.065500,1000.056900,1000.048457,1000.040113,1000.031962,1000.024167,1000.016853,1000.010042,1000.003636,999.997542,999.991782,999.986350,999.981188,999.976291,999.971654,999.967299,999.963258,999.959528,999.956118,999.953064,999.950375,999.948015,999.945952,999.944151,999.942554,999.941140,999.939931,999.939008,999.938447,999.938253,999.938404,999.938874,999.939663,999.940761,999.942138,999.943790,999.945724,999.947935,999.950423,999.953189,999.956269,999.959696,999.963458,999.967530,999.971868,999.976435,999.981254,999.986375,999.991835,999.997657,1000.003861,1000.010430,1000.017304,1000.024421,1000.031718,1000.039139,1000.046711,1000.054543,1000.062725,1000.071326,1000.080408,1000.089962,1000.099763,1000.109303,1000.118699,1000.128230,0.000000,0.000000,0.000000,0.000000,0.000000,0.000000,0.000000,0.000000,0.000000,0.000000,0.000000,0.000000,0.000000,0.000000,0.000000
0.000000,0.000000,0.000000,0.000000,0.000000,0.000000,0.000000,0.000000,0.000000,0.000000,0.000000,0.000000,0.000000,0.000000,1000.129494,1000.119053,1000.109560,1000.100339,1000.091024,1000.081869,1000.072883,1000.063956,1000.055138,1000.046501,1000.038003,1000.029634,1000.021489,1000.013687,1000.006359,999.999541,999.993117,999.987008,999.981227,999.975753,999.970555,999.965645,999.961049,999.956805,999.952913,999.949333,999.946075,999.943153,999.940543,999.938223,999.936156,999.934294,999.932611,999.931116,999.929865,999.928935,999.928376,999.928171,999.928289,999.928716,999.929449,999.930497,999.931841,999.933468,999.935382,999.937593,999.940121,999.942966,999.946105,999.949549,999.953309,999.957374,999.961730,999.966339,999.971216,999.976409,999.981936,999.987801,999.994005,1000.000567,1000.007454,1000.014580,1000.021894,1000.029361,1000.036990,1000.044862,1000.053052,1000.061613,1000.070607,1000.079992,1000.089675,1000.099468,1000.108891,1000.118005,1000.126997,0.000000,0.000000,0.000000,0.000000,0.000000,0.000000,0.000000,0.000000,0.000000,0.000000,0.000000,0.000000,0.000000,0.000000
0.000000,0.000000,0.000000,0.000000,0.000000,0.000000,0.000000,0.000000,0.000000,0.000000,0.000000,0.000000,0.000000,1000.130017,1000.119453,1000.109678,1000.100121,1000.090492,1000.081112,1000.071973,1000.062920,1000.053913,1000.045021,1000.036292,1000.027720,1000.019328,1000.011191,1000.003418,999.996124,999.989311,999.982872,999.976757,999.970974,999.965497,999.960311,999.955436,999.950912,999.946760,999.942949,999.939469,999.936317,999.933490,999.930971,999.928709,999.926657,999.924771,999.923034,999.921487,999.920219,999.919301,999.918751,999.918541,999.918641,999.919053,999.919770,999.920779,999.922088,999.923682,999.925550,999.927732,999.930252,999.933111,999.936275,999.939705,999.943434,999.947479,999.951823,999.956455,999.961386,999.966650,999.972256,999.978182,999.984422,999.990993,999.997883,1000.005032,1000.012365,1000.019857,1000.027551,1000.035493,1000.043729,1000.052304,1000.061268,1000.070600,1000.080172,1000.089933,1000.099723,1000.109042,1000.118037,1000.127264,0.000000,0.000000,0.000000,0.000000,0.000000,0.000000,0.000000,0.000000,0.000000,0.000000,0.000000,0.000000,0.000000
0.000000,0.000000,0.000000,0.000000,0.000000,0.000000,0.000000,0.000000,0.000000,0.000000,0.000000,0.000000,1000.130831,1000.120310,1000.110354,1000.100583,1000.090675,1000.080972,1000.071591,1000.062403,1000.053270,1000.044176,1000.035187,1000.026358,1000.017711,1000.009305,1000.001224,999.993538,999.986293,999.979481,999.973033,999.966908,999.961116,999.955647,999.950496,999.945695,999.941246,999.937125,999.933350,999.929933,999.926856,999.924122,999.921698,999.919513,999.917509,999.915644,999.913915,999.912383,999.911138,999.910240,999.909712,999.909530,999.909655,999.910076,999.910790,999.911779,999.913047,999.914591,999.916402,999.918508,999.920958,999.923758,999.926878,999.930287,999.933976,999.937979,999.942300,999.946925,999.951872,999.957179,999.962840,999.968806,999.975080,999.981672,999.988555,999.995707,1000.003066,1000.010582,1000.018323,1000.026351,1000.034665,1000.043301,1000.052291,1000.061618,1000.071182,1000.080892,1000.090740,1000.100518,1000.109807,1000.118965,1000.128928,0.000000,0.000000,0.000000,0.000000,0.000000,0.000000,0.000000,0.000000,0.000000,0.000000,0.000000,0.000000
0.000000,0.000000,0.000000,0.000000,0.000000,0.000000,0.000000,0.000000,0.000000,0.000000,0.000000,1000.132329,1000.121862,1000.111663,1000.101622,1000.091486,1000.081530,1000.071834,1000.062402,1000.053148,1000.043934,1000.034757,1000.025686,1000.016780,1000.008104,999.999754,999.991783,999.984178,999.976958,999.970135,999.963655,999.957507,999.951714,999.946269,999.941176,999.936443,999.932027,999.927915,999.924154,999.920768,999.917763,999.915124,999.912792,999.910703,999.908782,999.906988,999.905354,999.903938,999.902794,999.901980,999.901512,999.901376,999.901548,999.901995,999.902703,999.903677,999.904901,999.906370,999.908088,999.910066,999.912371,999.915046,999.918067,999.921401,999.925026,999.928957,999.933216,999.937795,999.942712,999.948012,999.953688,999.959686,999.965985,999.972586,999.979467,999.986607,999.993981,1000.001541,1000.009322,1000.017412,1000.025808,1000.034492,1000.043505,1000.052843,1000.062420,1000.072143,1000.081975,1000.091875,1000.101677,1000.111104,1000.120581,1000.130837,0.000000,0.000000,0.000000,0.000000,0.000000,0.000000,0.000000,0.000000,0.000000,0.000000,0.000000
0.000000,0.000000,0.000000,0.000000,0.000000,0.000000,0.000000,0.000000,0.000000,0.000000,0.000000,1000.124485,1000.113670,1000.103284,1000.092826,1000.082621,1000.072693,1000.062964,1000.053487,1000.044177,1000.034899,1000.025661,1000.016549,1000.007632,999.999007,999.990768,999.982896,999.975345,999.968120,999.961237,999.954703,999.948540,999.942761,999.937361,999.932325,999.927626,999.923232,999.919157,999.915452,999.912148,999.909241,999.906708,999.904500,999.902529,999.900727,999.899091,999.897665,999.896471,999.895537,999.894890,999.894526,999.894453,999.894662,999.895108,999.895780,999.896689,999.897822,999.899165,999.900718,999.902513,999.904613,999.907088,999.909948,999.913130,999.916621,999.920433,999.924574,999.929063,999.933919,999.939165,999.944800,999.950796,999.957113,999.963722,999.970604,999.977756,999.985154,999.992760,1000.000606,1000.008740,1000.017170,1000.025867,1000.034849,1000.044166,1000.053763,1000.063525,1000.073402,1000.083352,1000.093333,1000.103292,1000.113000,1000.122830,0.000000,0.000000,0.000000,0.000000,0.000000,0.000000,0.000000,0.000000,0.000000,0.000000,0.000000
0.000000,0.000000,0.000000,0.000000,0.000000,0.000000,0.000000,0.000000,0.000000,0.000000,1000.127374,1000.115934,1000.105486,1000.094875,1000.084284,1000.074065,1000.064107,1000.054359,1000.044854,1000.035482,1000.026134,1000.016864,1000.007772,999.998922,999.990399,999.982255,999.974456,999.966933,999.959661,999.952704,999.946136,999.939973,999.934224,999.928871,999.923879,999.919228,999.914907,999.910951,999.907412,999.904300,999.901575,999.899216,999.897189,999.895413,999.893847,999.892508,999.891408,999.890551,999.889928,999.889502,999.889279,999.889271,999.889464,999.889848,999.890408,999.891134,999.892044,999.893137,999.894432,999.895968,999.897796,999.899996,999.902591,999.905544,999.908825,999.912444,999.916428,999.920784,999.925527,999.930677,999.936235,999.942172,999.948466,999.955082,999.961978,999.969162,999.976603,999.984260,999.992173,1000.000370,1000.008815,1000.017497,1000.026437,1000.035703,1000.045303,1000.055108,1000.065050,1000.075130,1000.085253,1000.095395,1000.105470,1000.115292,1000.125816,0.000000,0.000000,0.000000,0.000000,0.000000,0.000000,0.000000,0.000000,0.000000,0.000000
0.000000,0.000000,0.000000,0.000000,0.000000,0.000000,0.000000,0.000000,0.000000,1000.131542,1000.119557,1000.108387,1000.097590,1000.086645,1000.076049,1000.065813,1000.055837,1000.046092,1000.036537,1000.027069,1000.017650,1000.008380,999.999351,999.990604,999.982182,999.974113,999.966356,999.958815,999.951496,999.944512,999.937933,999.931793,999.926097,999.920811,999.915907,999.911366,999.907207,999.903485,999.900238,999.897446,999.895053,999.893018,999.891307,999.889886,999.888748,999.887894,999.887295,999.886910,999.886670,999.886516,999.886446,999.886468,999.886584,999.886812,999.887135,999.887527,999.888020,999.888674,999.889552,999.890698,999.892157,999.893978,999.896191,999.898803,999.901780,999.905132,999.908900,999.913067,999.917637,999.922639,999.928069,999.933905,999.940136,999.946727,999.953640,999.960848,999.968315,999.976022,999.983997,999.992256,1000.000749,1000.009438,1000.018360,1000.027595,1000.037170,1000.046998,1000.056999,1000.067195,1000.077518,1000.087866,1000.098280,1000.108427,1000.118352,1000.128603,0.000000,0.000000,0.000000,0.000000,0.000000,0.000000,0.000000,0.000000,0.000000
0.000000,0.000000,0.000000,0.000000,0.000000,0.000000,0.000000,0.000000,0.000000,1000.124107,1000.112540,1000.101140,1000.089762,1000.078758,1000.068172,1000.057911,1000.047938,1000.038173,1000.028554,1000.019017,1000.009559,1000.000309,999.991353,999.982698,999.974355,999.966329,999.958554,999.950968,999.943627,999.936634,999.930089,999.924030,999.918440,999.913293,999.908549,999.904207,999.900326,999.896975,999.894179,999.891894,999.890044,999.888566,999.887423,999.886618,999.886166,999.886045,999.886164,999.886395,999.886635,999.886830,999.886929,999.886943,999.886929,999.886886,999.886814,999.886702,999.886563,999.886533,999.886746,999.887271,999.888151,999.889416,999.891097,999.893203,999.895733,999.898710,999.902153,999.906052,999.910380,999.915155,999.920387,999.926059,999.932174,999.938711,999.945623,999.952847,999.960322,999.968048,999.976075,999.984381,999.992921,1000.001671,1000.010626,1000.019859,1000.029406,1000.039221,1000.049277,1000.059598,1000.070124,1000.080711,1000.091371,1000.102103,1000.112413,1000.121957,0.000000,0.000000,0.000000,0.000000,0.000000,0.000000,0.000000,0.000000,0.000000
0.000000,0.000000,0.000000,0.000000,0.000000,0.000000,0.000000,0.000000,1000.129239,1000.117112,1000.105609,1000.093881,1000.082350,1000.071286,1000.060646,1000.050395,1000.040419,1000.030623,1000.020977,1000.011416,1000.001959,999.992745,999.983851,999.975252,999.966932,999.958880,999.951038,999.943393,999.936025,999.929070,999.922630,999.916718,999.911316,999.906392,999.901910,999.897910,999.894493,999.891722,999.889603,999.888091,999.887086,999.886503,999.886304,999.886492,999.887071,999.887956,999.888959,999.889917,999.890738,999.891342,999.891672,999.891722,999.891529,999.891135,999.890541,999.889742,999.888797,999.887834,999.887045,999.886584,999.886510,999.886888,999.887757,999.889112,999.890981,999.893398,999.896367,999.899861,999.903837,999.908287,999.913230,999.918660,999.924583,999.931015,999.937902,999.945143,999.952640,999.960386,999.968438,999.976773,999.985347,999.994167,1000.003212,1000.012482,1000.022015,1000.031808,1000.041894,1000.052322,1000.063046,1000.073936,1000.084875,1000.095846,1000.106766,1000.117372,1000.128959,0.000000,0.000000,0.000000,0.000000,0.000000,0.000000,0.000000,0.000000
0.000000,0.000000,0.000000,0.000000,0.000000,0.000000,0.000000,0.000000,1000.122636,1000.110911,1000.098970,1000.086950,1000.075331,1000.064189,1000.053533,1000.043289,1000.033308,1000.023512,1000.013855,1000.004288,999.994852,999.985673,999.976800,999.968184,999.959818,999.951690,999.943751,999.936041,999.928699,999.921868,999.915597,999.909889,999.904749,999.900147,999.896083,999.892654,999.889974,999.888085,999.886975,999.886596,999.886837,999.887582,999.888766,999.890364,999.892304,999.894358,999.896291,999.897983,999.899369,999.900378,999.900982,999.901144,999.900825,999.900081,999.898930,999.897402,999.895587,999.893578,999.891537,999.889679,999.888183,999.887192,999.886799,999.887026,999.887894,999.889451,999.891713,999.894604,999.898056,999.902063,999.906618,999.911722,999.917387,999.923637,999.930453,999.937706,999.945247,999.953036,999.961109,999.969454,999.978051,999.986932,999.996070,1000.005399,1000.014931,1000.024719,1000.034821,1000.045297,1000.056146,1000.067278,1000.078566,1000.089951,1000.101466,1000.112896,1000.123148,0.000000,0.000000,0.000000,0.000000,0.000000,0.000000,0.000000,0.000000
0.000000,0.000000,0.000000,0.000000,0.000000,0.000000,0.000000,1000.129075,1000.116617,1000.104673,1000.092415,1000.080367,1000.068693,1000.057480,1000.046803,1000.036563,1000.026602,1000.016814,1000.007139,999.997564,999.988142,999.978964,999.970043,999.961357,999.952915,999.944689,999.936667,999.928950,999.921720,999.915081,999.909033,999.903595,999.898807,999.894686,999.891280,999.888716,999.887110,999.886477,999.886793,999.887974,999.889869,999.892321,999.895203,999.898420,999.901760,999.904906,999.907646,999.909941,999.911786,999.913161,999.914013,999.914299,999.913976,999.912986,999.911383,999.909270,999.906698,999.903731,999.900461,999.897067,999.893844,999.891074,999.888955,999.887586,999.886989,999.887251,999.888429,999.890438,999.893169,999.896577,999.900639,999.905339,999.910680,999.916679,999.923343,999.930569,999.938160,999.946004,999.954099,999.962437,999.971033,999.979945,999.989136,999.998501,1000.008041,1000.017832,1000.027942,1000.038432,1000.049335,1000.060634,1000.072239,1000.084026,1000.095897,1000.107997,1000.119852,1000.132912,0.000000,0.000000,0.000000,0.000000,0.000000,0.000000,0.000000
0.000000,0.000000,0.000000,0.000000,0.000000,0.000000,0.000000,1000.123048,1000.110975,1000.098591,1000.086168,1000.074084,1000.062350,1000.051100,1000.040401,1000.030167,1000.020231,1000.010434,1000.000718,999.991114,999.981679,999.972458,999.963463,999.954702,999.946177,999.937886,999.929855,999.922213,999.915155,999.908750,999.902993,999.897941,999.893681,999.890284,999.887839,999.886507,999.886380,999.887432,999.889576,999.892650,999.896434,999.900685,999.905216,999.909840,999.914275,999.918235,999.921573,999.924328,999.926559,999.928224,999.929274,999.929681,999.929363,999.928239,999.926357,999.923823,999.920700,999.916996,999.912748,999.908076,999.903250,999.898661,999.894624,999.891312,999.888832,999.887332,999.886944,999.887668,999.889398,999.892023,999.895461,999.899657,999.904595,999.910278,999.916704,999.923805,999.931396,999.939294,999.947418,999.955742,999.964305,999.973193,999.982376,999.991742,1000.001292,1000.011093,1000.021200,1000.031688,1000.042616,1000.054011,1000.065841,1000.078016,1000.090397,1000.102938,1000.115570,1000.126810,0.000000,0.000000,0.000000,0.000000,0.000000,0.000000,0.000000
0.000000,0.000000,0.000000,0.000000,0.000000,0.000000,1000.130448,1000.117460,1000.105156,1000.092570,1000.080176,1000.068047,1000.056275,1000.045012,1000.034300,1000.024059,1000.014113,1000.004265,999.994468,999.984808,999.975337,999.966073,999.957018,999.948182,999.939609,999.931327,999.923369,999.915884,999.909054,999.902946,999.897602,999.893125,999.889636,999.887251,999.886155,999.886504,999.888309,999.891439,999.895653,999.900696,999.906247,999.912016,999.917808,999.923410,999.928556,999.933024,999.936797,999.939957,999.942506,999.944382,999.945572,999.946034,999.945651,999.944403,999.942324,999.939493,999.935974,999.931755,999.926854,999.921338,999.915364,999.909281,999.903499,999.898271,999.893775,999.890215,999.887826,999.886775,999.887070,999.888608,999.891231,999.894791,999.899213,999.904486,999.910599,999.917477,999.924961,999.932861,999.941021,999.949353,999.957875,999.966688,999.975814,999.985157,999.994703,1000.004522,1000.014639,1000.025104,1000.036035,1000.047516,1000.059518,1000.071945,1000.084672,1000.097472,1000.110527,1000.123215,1000.137002,0.000000,0.000000,0.000000,0.000000,0.000000,0.000000
0.000000,0.000000,0.000000,0.000000,0.000000,0.000000,1000.124698,1000.111974,1000.099374,1000.086769,1000.074377,1000.062221,1000.050447,1000.039178,1000.028458,1000.018186,1000.008152,999.998191,999.988300,999.978576,999.969085,999.959798,999.950685,999.941808,999.933247,999.925036,999.917241,999.910015,999.903505,999.897822,999.893070,999.889382,999.886924,999.885934,999.886637,999.889099,999.893180,999.898513,999.904737,999.911488,999.918395,999.925249,999.931870,999.938059,999.943625,999.948448,999.952570,999.956047,999.958822,999.960844,999.962094,999.962505,999.962024,999.960638,999.958401,999.955369,999.951564,999.947011,999.941729,999.935738,999.929077,999.921967,999.914811,999.907977,999.901676,999.896093,999.891516,999.888275,999.886629,999.886615,999.888081,999.890802,999.894578,999.899325,999.905029,999.911606,999.918888,999.926705,999.934873,999.943224,999.951720,999.960453,999.969489,999.978786,999.988327,999.998152,1000.008274,1000.018744,1000.029692,1000.041233,1000.053354,1000.065929,1000.078874,1000.092036,1000.105324,1000.118705,1000.130865,0.000000,0.000000,0.000000,0.000000,0.000000,0.000000
0.000000,0.000000,0.000000,0.000000,0.000000,1000.131212,1000.118530,1000.106290,1000.093720,1000.081175,1000.068776,1000.056615,1000.044835,1000.033582,1000.022848,1000.012468,1000.002280,999.992196,999.982228,999.972475,999.962978,999.953667,999.944528,999.935657,999.927158,999.919100,999.911575,999.904707,999.898644,999.893541,999.889553,999.886893,999.885845,999.886696,999.889593,999.894430,999.900771,999.908079,999.915937,999.923938,999.931800,999.939364,999.946463,999.952973,999.958794,999.963901,999.968301,999.971976,999.974880,999.976970,999.978219,999.978577,999.978006,999.976525,999.974195,999.971030,999.967044,999.962286,999.956801,999.950560,999.943521,999.935803,999.927720,999.919660,999.911908,999.904625,999.898023,999.892486,999.888518,999.886470,999.886315,999.887829,999.890746,999.894847,999.900038,999.906225,999.913227,999.920877,999.928997,999.937351,999.945825,999.954492,999.963438,999.972671,999.982196,999.992025,1000.002157,1000.012662,1000.023667,1000.035266,1000.047454,1000.060104,1000.073129,1000.086492,1000.099954,1000.113626,1000.126890,1000.141066,0.000000,0.000000,0.000000,0.000000,0.000000
0.000000,0.000000,0.000000,0.000000,0.000000,1000.125444,1000.112989,1000.100782,1000.088292,1000.075812,1000.063407,1000.051236,1000.039475,1000.028237,1000.017430,1000.006894,999.996560,999.986386,999.976380,999.966621,999.957115,999.947796,999.938663,999.929842,999.921480,999.913665,999.906481,999.900054,999.894558,999.890164,999.887135,999.885850,999.886658,999.889749,999.895086,999.902220,999.910481,999.919335,999.928341,999.937196,999.945700,999.953670,999.961026,999.967706,999.973675,999.978949,999.983519,999.987313,999.990272,999.992378,999.993605,999.993928,999.993320,999.991816,999.989448,999.986210,999.982126,999.977249,999.971627,999.965235,999.958018,999.949999,999.941384,999.932508,999.923682,999.915092,999.906853,999.899293,999.892978,999.888555,999.886334,999.886189,999.887880,999.891131,999.895692,999.901387,999.908031,999.915445,999.923440,999.931756,999.940206,999.948826,999.957706,999.966868,999.976345,999.986173,999.996345,1000.006907,1000.017995,1000.029673,1000.041881,1000.054523,1000.067555,1000.081002,1000.094720,1000.108563,1000.122447,1000.135555,0.000000,0.000000,0.000000,0.000000,0.000000
0.000000,0.000000,0.000000,0.000000,1000.130418,1000.119141,1000.107701,1000.095590,1000.083181,1000.070702,1000.058279,1000.046125,1000.034393,1000.023114,1000.012196,1000.001534,999.991091,999.980871,999.970874,999.961113,999.951596,999.942282,999.933187,999.924478,999.916318,999.908789,999.901982,999.896069,999.891240,999.887719,999.885945,999.886435,999.889469,999.895039,999.902721,999.911774,999.921535,999.931480,999.941256,999.950664,999.959513,999.967716,999.975226,999.981988,999.988038,999.993401,999.998031,1000.001857,1000.004821,1000.006902,1000.008088,1000.008361,1000.007757,1000.006297,1000.003950,1000.000705,999.996594,999.991673,999.985960,999.979445,999.972118,999.963981,999.955114,999.945758,999.936222,999.926694,999.917251,999.908102,999.899776,999.892999,999.888395,999.886171,999.886222,999.888299,999.892037,999.897123,999.903326,999.910437,999.918243,999.926464,999.934881,999.943476,999.952316,999.961417,999.970837,999.980640,999.990840,1000.001485,1000.012671,1000.024425,1000.036632,1000.049225,1000.062235,1000.075682,1000.089504,1000.103473,1000.117667,1000.131535,1000.146061,0.000000,0.000000,0.000000,0.000000
0.000000,0.000000,0.000000,0.000000,1000.126145,1000.114472,1000.102827,1000.090633,1000.078291,1000.065813,1000.053403,1000.041278,1000.029546,1000.018204,1000.007190,999.996439,999.985950,999.975736,999.965750,999.955981,999.946455,999.937162,999.928155,999.919604,999.911675,999.904450,999.898055,999.892725,999.888690,999.886300,999.886144,999.888744,999.894221,999.902174,999.911806,999.922341,999.933164,999.943831,999.954105,999.963793,999.972816,999.981165,999.988771,999.995634,1000.001788,1000.007215,1000.011843,1000.015621,1000.018521,1000.020515,1000.021623,1000.021856,1000.021249,1000.019831,1000.017558,1000.014374,1000.010294,1000.005391,999.999666,999.993095,999.985673,999.977443,999.968452,999.958824,999.948838,999.938689,999.928420,999.918128,999.908247,999.899480,999.892518,999.887921,999.885957,999.886503,999.889153,999.893466,999.899125,999.905866,999.913420,999.921497,999.929862,999.938446,999.947262,999.956318,999.965683,999.975461,999.985685,999.996405,1000.007678,1000.019477,1000.031687,1000.044224,1000.057166,1000.070591,1000.084469,1000.098635,1000.112946,1000.127126,1000.140893,0.000000,0.000000,0.000000,0.000000
0.000000,0.000000,0.000000,0.000000,1000.121872,1000.110122,1000.098166,1000.085985,1000.073647,1000.061162,1000.048763,1000.036658,1000.024929,1000.013549,1000.002476,999.991695,999.981215,999.971009,999.961014,999.951227,999.941697,999.932451,999.923554,999.915183,999.907501,999.900607,999.894686,999.890036,999.886987,999.886036,999.887826,999.892772,999.900650,999.910627,999.921772,999.933338,999.944825,999.955967,999.966526,999.976370,999.985500,999.993909,1000.001607,1000.008606,1000.014864,1000.020314,1000.024900,1000.028589,1000.031377,1000.033270,1000.034290,1000.034491,1000.033886,1000.032482,1000.030261,1000.027145,1000.023130,1000.018284,1000.012612,1000.006056,999.998611,999.990299,999.981180,999.971388,999.961104,999.950516,999.939690,999.928640,999.917652,999.907344,999.898367,999.891408,999.887173,999.885884,999.887170,999.890506,999.895482,999.901756,999.908989,999.916872,999.925166,999.933729,999.942520,999.951546,999.960874,999.970632,999.980894,999.991684,1000.003024,1000.014844,1000.027029,1000.039507,1000.052368,1000.065760,1000.079660,1000.093920,1000.108332,1000.122917,1000.137210,0.000000,0.000000,0.000000,0.000000
0.000000,0.000000,0.000000,1000.129751,1000.117571,1000.105967,1000.093912,1000.081659,1000.069254,1000.056761,1000.044380,1000.032297,1000.020582,1000.009209,999.998145,999.987388,999.976919,999.966696,999.956678,999.946861,999.937320,999.928121,999.919350,999.911174,999.903747,999.897216,999.891860,999.888037,999.886214,999.887002,999.890997,999.898328,999.908315,999.919884,999.932080,999.944272,999.956190,999.967634,999.978392,999.988375,999.997564,1000.006013,1000.013782,1000.020844,1000.027123,1000.032532,1000.037028,1000.040616,1000.043322,1000.045171,1000.046185,1000.046384,1000.045782,1000.044386,1000.042176,1000.039097,1000.035130,1000.030323,1000.024708,1000.018210,1000.010791,1000.002471,999.993272,999.983337,999.972849,999.961915,999.950646,999.939084,999.927376,999.915952,999.905355,999.896316,999.889814,999.886474,999.886157,999.888331,999.892461,999.898128,999.904954,999.912589,999.920771,999.929301,999.938065,999.947068,999.956385,999.966139,999.976441,999.987300,999.998691,1000.010531,1000.022678,1000.035085,1000.047864,1000.061205,1000.075141,1000.089467,1000.103930,1000.118518,1000.133017,1000.147697,0.000000,0.000000,0.000000
0.000000,0.000000,0.000000,1000.126117,1000.114295,1000.102325,1000.090003,1000.077629,1000.065161,1000.052652,1000.040271,1000.028210,1000.016545,1000.005229,999.994215,999.983491,999.973027,999.962781,999.952717,999.942861,999.933311,999.924164,999.915527,999.907540,999.900361,999.894244,999.889561,999.886766,999.886417,999.889173,999.895467,999.904969,999.916638,999.929325,999.942164,999.954759,999.966970,999.978626,999.989549,999.999613,1000.008846,1000.017338,1000.025124,1000.032184,1000.038425,1000.043747,1000.048148,1000.051690,1000.054403,1000.056293,1000.057372,1000.057623,1000.057032,1000.055635,1000.053437,1000.050386,1000.046440,1000.041631,1000.035997,1000.029524,1000.022148,1000.013855,1000.004665,999.994638,999.983968,999.972788,999.961159,999.949184,999.936982,999.924789,999.912965,999.902203,999.893631,999.888179,999.886064,999.886914,999.890087,999.895025,999.901331,999.908642,999.916650,999.925112,999.933856,999.942855,999.952186,999.961966,999.972298,999.983204,999.994639,1000.006494,1000.018631,1000.030995,1000.043707,1000.057004,1000.070941,1000.085281,1000.099754,1000.114280,1000.128775,1000.142912,0.000000,0.000000,0.000000
0.000000,0.000000,0.000000,1000.122936,1000.111289,1000.099011,1000.086502,1000.073961,1000.061376,1000.048823,1000.036452,1000.024436,1000.012827,1000.001573,999.990616,999.979915,999.969450,999.959182,999.949082,999.939213,999.929671,999.920574,999.912059,999.904244,999.897327,999.891700,999.887845,999.886275,999.887597,999.892419,999.900854,999.912138,999.925024,999.938413,999.951667,999.964559,999.976990,999.988803,999.999791,1000.009875,1000.019125,1000.027623,1000.035420,1000.042496,1000.048724,1000.054012,1000.058409,1000.061991,1000.064781,1000.066760,1000.067908,1000.068213,1000.067664,1000.066288,1000.064120,1000.061111,1000.057197,1000.052373,1000.046661,1000.040109,1000.032721,1000.024433,1000.015249,1000.005216,999.994429,999.983065,999.971203,999.958896,999.946295,999.933544,999.920830,999.908725,999.898348,999.890851,999.886818,999.886167,999.888297,999.892470,999.898180,999.905079,999.912837,999.921160,999.929852,999.938871,999.948264,999.958094,999.968448,999.979386,999.990846,1000.002707,1000.014856,1000.027231,1000.039941,1000.053224,1000.067136,1000.081429,1000.095826,1000.110219,1000.124591,1000.138589,0.000000,0.000000,0.000000
0.000000,0.000000,0.000000,1000.120637,1000.108543,1000.096058,1000.083383,1000.070640,1000.057894,1000.045279,1000.032952,1000.021005,1000.009443,999.998221,999.987274,999.976576,999.966114,999.955834,999.945741,999.935901,999.926391,999.917342,999.908912,999.901257,999.894667,999.889647,999.886769,999.886576,999.889672,999.896504,999.906772,999.919379,999.933063,999.946909,999.960471,999.973606,999.986204,999.998082,1000.009070,1000.019139,1000.028380,1000.036891,1000.044717,1000.051835,1000.058121,1000.063492,1000.067976,1000.071636,1000.074504,1000.076564,1000.077771,1000.078111,1000.077618,1000.076306,1000.074185,1000.071234,1000.067379,1000.062560,1000.056777,1000.050096,1000.042595,1000.034253,1000.025019,1000.014973,1000.004184,999.992726,999.980709,999.968179,999.955255,999.942060,999.928681,999.915588,999.903748,999.894345,999.888354,999.886060,999.887017,999.890405,999.895522,999.901961,999.909393,999.917505,999.926099,999.935128,999.944592,999.954498,999.964903,999.975857,999.987319,999.999177,1000.011339,1000.023784,1000.036574,1000.049868,1000.063728,1000.077928,1000.092208,1000.106472,1000.120631,1000.134468,0.000000,0.000000,0.000000
0.000000,0.000000,0.000000,1000.119009,1000.106371,1000.093458,1000.080552,1000.067628,1000.054739,1000.042066,1000.029775,1000.017898,1000.006387,999.995157,999.984159,999.973432,999.962961,999.952703,999.942669,999.932888,999.923432,999.914427,999.906063,999.898601,999.892432,999.888127,999.886310,999.887579,999.892472,999.901129,999.912859,999.926378,999.940553,999.954710,999.968528,999.981862,999.994561,1000.006467,1000.017455,1000.027521,1000.036786,1000.045329,1000.053188,1000.060361,1000.066747,1000.072234,1000.076814,1000.080556,1000.083498,1000.085609,1000.086854,1000.087245,1000.086811,1000.085565,1000.083498,1000.080597,1000.076806,1000.072024,1000.066219,1000.059449,1000.051807,1000.043347,1000.034041,1000.023925,1000.013123,1000.001669,999.989564,999.976867,999.963698,999.950156,999.936286,999.922464,999.909517,999.898498,999.890601,999.886579,999.886233,999.888763,999.893307,999.899291,999.906369,999.914231,999.922683,999.931674,999.941179,999.951163,999.961633,999.972610,999.984066,999.995908,1000.008088,1000.020635,1000.033556,1000.046883,1000.060661,1000.074756,1000.088924,1000.103044,1000.116997,1000.130637,0.000000,0.000000,0.000000
0.000000,0.000000,1000.130523,1000.117292,1000.104236,1000.091096,1000.078028,1000.064956,1000.051936,1000.039196,1000.026927,1000.015109,1000.003614,999.992335,999.981275,999.970485,999.959997,999.949799,999.939838,999.930137,999.920750,999.911799,999.903548,999.896346,999.890670,999.887132,999.886398,999.889136,999.895760,999.905995,999.918808,999.932907,999.947369,999.961742,999.975777,999.989271,1000.002070,1000.014017,1000.025017,1000.035133,1000.044449,1000.053026,1000.060930,1000.068160,1000.074615,1000.080167,1000.084815,1000.088630,1000.091635,1000.093788,1000.095067,1000.095512,1000.095145,1000.093966,1000.091957,1000.089096,1000.085343,1000.080598,1000.074806,1000.068016,1000.060300,1000.051716,1000.042318,1000.032138,1000.021266,1000.009785,999.997637,999.984812,999.971444,999.957628,999.943416,999.929073,999.915280,999.903017,999.893467,999.887709,999.885965,999.887539,999.891475,999.897027,999.903762,999.911379,999.919670,999.928576,999.938078,999.948114,999.958638,999.969635,999.981076,999.992910,1000.005126,1000.017761,1000.030785,1000.044155,1000.057878,1000.071880,1000.085988,1000.100050,1000.113799,1000.126758,1000.139390,0.000000,0.000000
0.000000,0.000000,1000.127989,1000.115506,1000.102299,1000.088983,1000.075769,1000.062587,1000.049492,1000.036720,1000.024441,1000.012624,1000.001109,999.989775,999.978629,999.967767,999.957279,999.947132,999.937252,999.927640,999.918331,999.909480,999.901403,999.894521,999.889370,999.886589,999.886928,999.891099,999.899282,999.910794,999.924365,999.938813,999.953467,999.968027,999.982245,999.995887,1000.008789,1000.020793,1000.031850,1000.042016,1000.051370,1000.060006,1000.067965,1000.075230,1000.081699,1000.087266,1000.091946,1000.095798,1000.098835,1000.101019,1000.102331,1000.102817,1000.102520,1000.101425,1000.099496,1000.096692,1000.092959,1000.088230,1000.082459,1000.075673,1000.067941,1000.059313,1000.049841,1000.039605,1000.028682,1000.017130,1000.004903,999.991955,999.978409,999.964381,999.949910,999.935199,999.920770,999.907547,999.896705,999.889394,999.886213,999.886748,999.890010,999.895118,999.901530,999.908921,999.917067,999.925880,999.935347,999.945415,999.955978,999.966971,999.978388,999.990224,1000.002482,1000.015155,1000.028196,1000.041580,1000.055303,1000.069275,1000.083329,1000.097332,1000.111156,1000.124307,1000.137059,0.000000,0.000000
0.000000,0.000000,1000.126479,1000.113798,1000.100471,1000.087079,1000.073751,1000.060507,1000.047424,1000.034673,1000.022374,1000.010499,999.998909,999.987486,999.976241,999.965311,999.954803,999.944700,999.934922,999.925395,999.916170,999.907456,999.899597,999.893074,999.888454,999.886409,999.887792,999.893294,999.902787,999.915249,999.929360,999.944091,999.958933,999.973655,999.988010,1000.001771,1000.014766,1000.026849,1000.037966,1000.048168,1000.057572,1000.066264,1000.074269,1000.081549,1000.087989,1000.093535,1000.098212,1000.102060,1000.105090,1000.107271,1000.108606,1000.109142,1000.108902,1000.107878,1000.106039,1000.103313,1000.099623,1000.094916,1000.089172,1000.082405,1000.074663,1000.066035,1000.056573,1000.046325,1000.035387,1000.023783,1000.011444,999.998343,999.984619,999.970418,999.955725,999.940689,999.925793,999.911841,999.899982,999.891395,999.886890,999.886376,999.888914,999.893538,999.899631,999.906812,999.914826,999.923555,999.933003,999.943104,999.953693,999.964687,999.976096,999.987933,1000.000187,1000.012818,1000.025809,1000.039169,1000.052900,1000.066897,1000.080948,1000.094922,1000.108762,1000.122209,1000.134992,0.000000,0.000000
0.000000,0.000000,1000.125281,1000.112229,1000.098839,1000.085370,1000.071967,1000.058736,1000.045742,1000.033064,1000.020759,1000.008794,999.997046,999.985463,999.974105,999.963103,999.952576,999.942520,999.932818,999.923377,999.914255,999.905685,999.898068,999.891916,999.887832,999.886540,999.888897,999.895524,999.906058,999.919243,999.933787,999.948802,999.963841,999.978673,999.993086,1000.006909,1000.019983,1000.032149,1000.043325,1000.053588,1000.063064,1000.071815,1000.079846,1000.087087,1000.093464,1000.098971,1000.103619,1000.107436,1000.110430,1000.112593,1000.113951,1000.114531,1000.114332,1000.113350,1000.111562,1000.108894,1000.105267,1000.100623,1000.094924,1000.088185,1000.080454,1000.071828,1000.062421,1000.052256,1000.041352,1000.029725,1000.017288,1000.004048,999.990163,999.975766,999.960874,999.945557,999.930238,999.915713,999.903044,999.893426,999.887812,999.886318,999.888134,999.892265,999.898023,999.904995,999.912896,999.921574,999.931016,999.941153,999.951794,999.962815,999.974242,999.986079,999.998264,1000.010783,1000.023670,1000.036980,1000.050721,1000.064725,1000.078773,1000.092773,1000.106694,1000.120368,1000.133321,0.000000,0.000000
0.000000,0.000000,1000.124077,1000.110823,1000.097353,1000.083839,1000.070462,1000.057313,1000.044445,1000.031872,1000.019558,1000.007455,999.995511,999.983730,999.972225,999.961161,999.950631,999.940607,999.930953,999.921576,999.912551,999.904136,999.896761,999.890988,999.887450,999.886882,999.890120,999.897659,999.908977,999.922752,999.937693,999.952955,999.968130,999.983010,999.997429,1000.011247,1000.024365,1000.036625,1000.047903,1000.058274,1000.067850,1000.076665,1000.084686,1000.091849,1000.098144,1000.103589,1000.108200,1000.111980,1000.114928,1000.117069,1000.118434,1000.119033,1000.118856,1000.117892,1000.116110,1000.113459,1000.109871,1000.105290,1000.099666,1000.092966,1000.085267,1000.076686,1000.067340,1000.057290,1000.046478,1000.034839,1000.022337,1000.009032,999.995061,999.980493,999.965380,999.949823,999.934139,999.919086,999.905739,999.895295,999.888791,999.886452,999.887579,999.891220,999.896658,999.903438,999.911248,999.919919,999.929383,999.939547,999.950252,999.961348,999.972807,999.984613,999.996693,1000.009065,1000.021827,1000.035068,1000.048774,1000.062755,1000.076805,1000.090868,1000.104946,1000.118849,1000.132083,0.000000,0.000000
0.000000,0.000000,1000.122827,1000.109510,1000.096011,1000.082554,1000.069274,1000.056256,1000.043514,1000.030998,1000.018650,1000.006417,999.994281,999.982304,999.970668,999.959554,999.949016,999.938996,999.929352,999.919994,999.911034,999.902776,999.895650,999.890244,999.887229,999.887330,999.891324,999.899589,999.911531,999.925790,999.941045,999.956469,999.971692,999.986574,1000.000959,1000.014749,1000.027898,1000.040244,1000.051668,1000.062201,1000.071891,1000.080749,1000.088739,1000.095831,1000.102047,1000.107429,1000.112001,1000.115737,1000.118640,1000.120750,1000.122095,1000.122684,1000.122504,1000.121534,1000.119747,1000.117084,1000.113496,1000.108940,1000.103371,1000.096750,1000.089114,1000.080607,1000.071356,1000.061395,1000.050645,1000.038998,1000.026472,1000.013187,999.999219,999.984567,999.969272,999.953480,999.937494,999.921976,999.908026,999.896919,999.889708,999.886662,999.887168,999.890349,999.895498,999.902126,999.909889,999.918586,999.928107,999.938318,999.949067,999.960229,999.971720,999.983466,999.995426,1000.007650,1000.020296,1000.033451,1000.047062,1000.060999,1000.075069,1000.089224,1000.103486,1000.117633,1000.131230,0.000000,0.000000
0.000000,0.000000,1000.121556,1000.108303,1000.094893,1000.081547,1000.068414,1000.055536,1000.042867,1000.030334,1000.017925,1000.005609,999.993353,999.981250,999.969510,999.958331,999.947780,999.937737,999.928033,999.918643,999.909727,999.901604,999.894726,999.889661,999.887095,999.887770,999.892385,999.901248,999.913720,999.928361,999.943809,999.959268,999.974476,999.989337,1000.003680,1000.017428,1000.030570,1000.043004,1000.054602,1000.065297,1000.075080,1000.083962,1000.091935,1000.098995,1000.105165,1000.110499,1000.115010,1000.118688,1000.121556,1000.123638,1000.124949,1000.125508,1000.125302,1000.124319,1000.122525,1000.119845,1000.116230,1000.111665,1000.106119,1000.099570,1000.092036,1000.083624,1000.074463,1000.064562,1000.053824,1000.042162,1000.029644,1000.016416,1000.002507,999.987850,999.972476,999.956524,999.940260,999.924340,999.909908,999.898274,999.890475,999.886834,999.886840,999.889655,999.894571,999.901079,999.908831,999.917590,999.927190,999.937472,999.948259,999.959431,999.970898,999.982574,999.994430,1000.006541,1000.019064,1000.032100,1000.045610,1000.059489,1000.073596,1000.087867,1000.102292,1000.116654,1000.130588,0.000000,0.000000
0.000000,0.000000,1000.120387,1000.107294,1000.094058,1000.080840,1000.067839,1000.055061,1000.042399,1000.029815,1000.017352,1000.005000,999.992730,999.980604,999.968800,999.957554,999.946947,999.936839,999.927055,999.917595,999.908671,999.900651,999.893993,999.889219,999.887000,999.888097,999.893214,999.902597,999.915490,999.930408,999.945956,999.961386,999.976541,999.991339,1000.005627,1000.019315,1000.032414,1000.044901,1000.056624,1000.067448,1000.077307,1000.086205,1000.094204,1000.101295,1000.107455,1000.112730,1000.117167,1000.120797,1000.123641,1000.125706,1000.127000,1000.127527,1000.127289,1000.126283,1000.124477,1000.121780,1000.118132,1000.113544,1000.108003,1000.101490,1000.094045,1000.085732,1000.076635,1000.066785,1000.056070,1000.044404,1000.031892,1000.018692,1000.004831,999.990228,999.974861,999.958841,999.942395,999.926186,999.911380,999.899293,999.891011,999.886907,999.886547,999.889137,999.893922,999.900350,999.908095,999.916935,999.926644,999.937005,999.947823,999.958952,999.970320,999.981909,999.993698,1000.005728,1000.018141,1000.031035,1000.044427,1000.058255,1000.072404,1000.086790,1000.101328,1000.115814,1000.130030,0.000000,0.000000
0.000000,0.000000,1000.119336,1000.106620,1000.093535,1000.080425,1000.067496,1000.054753,1000.042065,1000.029422,1000.016934,1000.004623,999.992427,999.980339,999.968527,999.957236,999.946538,999.936320,999.926448,999.916910,999.907938,999.899964,999.893447,999.888880,999.886896,999.888279,999.893777,999.903551,999.916758,999.931857,999.947436,999.962843,999.977948,999.992643,1000.006820,1000.020428,1000.033462,1000.045908,1000.057662,1000.068560,1000.078485,1000.087451,1000.095520,1000.102665,1000.108834,1000.114066,1000.118457,1000.122061,1000.124894,1000.126962,1000.128247,1000.128748,1000.128477,1000.127439,1000.125603,1000.122878,1000.119205,1000.114596,1000.109048,1000.102558,1000.095165,1000.086920,1000.077896,1000.068108,1000.057451,1000.045832,1000.033310,1000.020068,1000.006191,999.991638,999.976345,999.960319,999.943808,999.927468,999.912410,999.899961,999.891277,999.886847,999.886298,999.888803,999.893552,999.899965,999.907728,999.916641,999.926464,999.936910,999.947729,999.958765,999.969999,999.981497,999.993242,1000.005216,1000.017537,1000.030302,1000.043568,1000.057337,1000.071493,1000.085934,1000.100538,1000.115069,1000.129462,0.000000,0.000000
0.000000,1000.130263,1000.118123,1000.106176,1000.093364,1000.080319,1000.067385,1000.054610,1000.041879,1000.029206,1000.016733,1000.004498,999.992409,999.980414,999.968647,999.957328,999.946539,999.936205,999.926218,999.916595,999.907576,999.899584,999.893107,999.888641,999.886776,999.888316,999.894040,999.904049,999.917418,999.932585,999.948196,999.963597,999.978639,999.993244,1000.007301,1000.020792,1000.033712,1000.046043,1000.057737,1000.068639,1000.078634,1000.087717,1000.095876,1000.103076,1000.109279,1000.114521,1000.118907,1000.122505,1000.125337,1000.127402,1000.128677,1000.129156,1000.128856,1000.127784,1000.125907,1000.123142,1000.119439,1000.114807,1000.109260,1000.102797,1000.095438,1000.087241,1000.078285,1000.068585,1000.058016,1000.046455,1000.033930,1000.020612,1000.006668,999.992112,999.976856,999.960874,999.944407,999.928080,999.912921,999.900240,999.891287,999.886694,999.886123,999.888665,999.893457,999.899922,999.907744,999.916736,999.926650,999.937141,999.947924,999.958852,999.969958,999.981361,999.993064,1000.005020,1000.017269,1000.029919,1000.043065,1000.056737,1000.070864,1000.085332,1000.099997,1000.114498,1000.128360,1000.142672,0.000000
0.000000,0.000000,1000.118349,1000.106191,1000.093419,1000.080466,1000.067521,1000.054678,1000.041895,1000.029226,1000.016800,1000.004627,999.992628,999.980763,999.969099,999.957787,999.946916,999.936450,999.926341,999.916641,999.907570,999.899535,999.893028,999.888531,999.886661,999.888232,999.893979,999.904024,999.917405,999.932540,999.948162,999.963588,999.978576,999.993073,1000.007035,1000.020429,1000.033214,1000.045383,1000.056942,1000.067809,1000.077870,1000.087046,1000.095286,1000.102554,1000.108821,1000.114115,1000.118528,1000.122129,1000.124950,1000.127002,1000.128266,1000.128735,1000.128422,1000.127327,1000.125409,1000.122594,1000.118846,1000.114193,1000.108657,1000.102229,1000.094915,1000.086761,1000.077857,1000.068233,1000.057750,1000.046239,1000.033718,1000.020353,1000.006340,999.991728,999.976415,999.960456,999.944124,999.927947,999.912829,999.900063,999.891064,999.886524,999.886050,999.888724,999.893641,999.900210,999.908130,999.917209,999.927171,999.937651,999.948368,999.959196,999.970203,999.981530,999.993191,1000.005122,1000.017319,1000.029872,1000.042901,1000.056476,1000.070537,1000.084941,1000.099567,1000.114288,1000.128546,0.000000,0.000000
0.000000,0.000000,1000.118569,1000.106383,1000.093825,1000.080924,1000.067912,1000.054983,1000.042173,1000.029519,1000.017113,1000.004985,999.993083,999.981361,999.969826,999.958557,999.947608,999.936999,999.926771,999.916999,999.907897,999.899831,999.893228,999.888588,999.886580,999.888006,999.893590,999.903472,999.916706,999.931751,999.947347,999.962771,999.977712,999.992106,1000.005983,1000.019304,1000.031985,1000.044018,1000.055428,1000.066209,1000.076279,1000.085505,1000.093794,1000.101115,1000.107459,1000.112824,1000.117267,1000.120870,1000.123681,1000.125721,1000.126984,1000.127463,1000.127164,1000.126062,1000.124108,1000.121243,1000.117452,1000.112786,1000.107271,1000.100888,1000.093619,1000.085500,1000.076635,1000.067060,1000.056633,1000.045155,1000.032643,1000.019277,1000.005217,999.990515,999.975120,999.959155,999.942968,999.927018,999.912081,999.899446,999.890614,999.886322,999.886103,999.888988,999.894097,999.900825,999.908866,999.918004,999.927964,999.938401,999.949032,999.959776,999.970724,999.982001,999.993617,1000.005507,1000.017669,1000.030159,1000.043092,1000.056575,1000.070553,1000.084884,1000.099386,1000.113777,1000.127934,0.000000,0.000000
0.000000,0.000000,1000.119219,1000.107129,1000.094568,1000.081650,1000.068590,1000.055586,1000.042747,1000.030095,1000.017686,1000.005576,999.993763,999.982199,999.970804,999.959565,999.948541,999.937814,999.927477,999.917647,999.908541,999.900445,999.893700,999.888834,999.886543,999.887629,999.892874,999.902437,999.915387,999.930242,999.945750,999.961134,999.976022,999.990334,1000.004133,1000.017386,1000.030003,1000.041965,1000.053270,1000.063927,1000.073921,1000.083134,1000.091438,1000.098794,1000.105190,1000.110604,1000.115071,1000.118678,1000.121491,1000.123532,1000.124806,1000.125318,1000.125054,1000.123962,1000.121987,1000.119087,1000.115279,1000.110619,1000.105134,1000.098788,1000.091541,1000.083443,1000.074606,1000.065055,1000.054635,1000.043178,1000.030687,1000.017329,1000.003257,999.988498,999.973044,999.957067,999.941003,999.925318,999.910684,999.898389,999.889964,999.886101,999.886270,999.889465,999.894826,999.901757,999.909912,999.919067,999.928977,999.939333,999.949883,999.960575,999.971491,999.982734,999.994321,1000.006195,1000.018348,1000.030817,1000.043698,1000.057094,1000.070946,1000.085094,1000.099412,1000.113591,1000.127348,0.000000,0.000000
0.000000,0.000000,1000.120483,1000.108269,1000.095614,1000.082671,1000.069590,1000.056552,1000.043666,1000.030986,1000.018566,1000.006459,999.994702,999.983250,999.971968,999.960764,999.949688,999.938877,999.928474,999.918609,999.909478,999.901329,999.894436,999.889273,999.886561,999.887148,999.891862,999.900952,999.913514,999.928036,999.943338,999.958661,999.973509,999.987758,1000.001494,1000.014694,1000.027264,1000.039173,1000.050410,1000.060966,1000.070839,1000.079969,1000.088253,1000.095626,1000.102041,1000.107473,1000.111962,1000.115578,1000.118395,1000.120447,1000.121745,1000.122298,1000.122077,1000.121008,1000.119028,1000.116119,1000.112320,1000.107685,1000.102222,1000.095887,1000.088654,1000.080578,1000.071748,1000.062174,1000.051741,1000.040293,1000.027816,1000.014476,1000.000433,999.985691,999.970208,999.954227,999.938283,999.922889,999.908690,999.896948,999.889165,999.885909,999.886576,999.890159,999.895817,999.902963,999.911212,999.920347,999.930168,999.940421,999.950900,999.961563,999.972485,999.983737,999.995319,1000.007207,1000.019398,1000.031888,1000.044746,1000.058043,1000.071712,1000.085623,1000.099642,1000.113553,1000.127067,0.000000,0.000000
0.000000,0.000000,1000.122269,1000.109746,1000.096946,1000.083974,1000.070900,1000.057881,1000.044981,1000.032258,1000.019805,1000.007699,999.995969,999.984546,999.973294,999.962126,999.951055,999.940223,999.929794,999.919901,999.910725,999.902486,999.895416,999.889925,999.886714,999.886653,999.890634,999.899041,999.911057,999.925160,999.940168,999.955337,999.970149,999.984405,999.998101,1000.011236,1000.023760,1000.035619,1000.046794,1000.057269,1000.067029,1000.076054,1000.084284,1000.091649,1000.098070,1000.103515,1000.108028,1000.111661,1000.114475,1000.116531,1000.117859,1000.118451,1000.118260,1000.117201,1000.115215,1000.112312,1000.108530,1000.103905,1000.098442,1000.092115,1000.084914,1000.076878,1000.068035,1000.058401,1000.047915,1000.036464,1000.024032,1000.010734,999.996733,999.982032,999.966569,999.950647,999.934862,999.919793,999.906167,999.895224,999.888299,999.885801,999.887055,999.891061,999.897020,999.904357,999.912685,999.921795,999.931517,999.941664,999.952089,999.962761,999.973744,999.985043,999.996632,1000.008563,1000.020828,1000.033367,1000.046204,1000.059363,1000.072819,1000.086490,1000.100204,1000.113763,1000.126870,0.000000,0.000000
0.000000,0.000000,1000.124368,1000.111541,1000.098544,1000.085536,1000.072509,1000.059543,1000.046669,1000.033921,1000.021440,1000.009337,999.997592,999.986129,999.974866,999.963713,999.952665,999.941861,999.931454,999.921558,999.912325,999.903948,999.896664,999.890844,999.887103,999.886283,999.889324,999.896777,999.908023,999.921602,999.936265,999.951229,999.965976,999.980241,999.993953,1000.007060,1000.019525,1000.031322,1000.042422,1000.052813,1000.062480,1000.071410,1000.079574,1000.086908,1000.093335,1000.098811,1000.103353,1000.107003,1000.109819,1000.111877,1000.113221,1000.113830,1000.113633,1000.112547,1000.110539,1000.107631,1000.103845,1000.099207,1000.093740,1000.087439,1000.080299,1000.072309,1000.063444,1000.053718,1000.043148,1000.031703,1000.019333,1000.006083,999.992116,999.977464,999.962087,999.946314,999.930797,999.916168,999.903248,999.893306,999.887457,999.885847,999.887711,999.892128,999.898366,999.905867,999.914277,999.923380,999.933025,999.943092,999.953499,999.964243,999.975318,999.986664,999.998289,1000.010269,1000.022602,1000.035196,1000.047995,1000.061014,1000.074269,1000.087690,1000.101116,1000.114342,1000.126908,0.000000,0.000000
0.000000,0.000000,1000.126558,1000.113570,1000.100452,1000.087365,1000.074391,1000.061507,1000.048681,1000.035937,1000.023428,1000.011304,999.999540,999.988038,999.976745,999.965602,999.954574,999.943788,999.933437,999.923587,999.914297,999.905759,999.898231,999.892065,999.887794,999.886166,999.888116,999.894338,999.904517,999.917377,999.931625,999.946362,999.961010,999.975265,999.989015,1000.002164,1000.014603,1000.026313,1000.037317,1000.047617,1000.057182,1000.066015,1000.074120,1000.081420,1000.087841,1000.093353,1000.097941,1000.101613,1000.104438,1000.106506,1000.107846,1000.108429,1000.108189,1000.107050,1000.105000,1000.102063,1000.098253,1000.093600,1000.088143,1000.081902,1000.074843,1000.066880,1000.057969,1000.048146,1000.037497,1000.026051,1000.013727,1000.000530,999.986599,999.972009,999.956790,999.941306,999.926208,999.912162,999.900120,999.891355,999.886726,999.886063,999.888537,999.893351,999.899842,999.907495,999.915989,999.925115,999.934739,999.944775,999.955201,999.966040,999.977217,999.988629,1000.000298,1000.012324,1000.024711,1000.037325,1000.050069,1000.062964,1000.076041,1000.089248,1000.102427,1000.115338,1000.127471,0.000000,0.000000
0.000000,0.000000,1000.128766,1000.115693,1000.102701,1000.089549,1000.076555,1000.063723,1000.050965,1000.038245,1000.025700,1000.013524,1000.001747,999.990248,999.978943,999.967803,999.956795,999.946037,999.935732,999.925924,999.916606,999.907925,999.900138,999.893603,999.888802,999.886372,999.887172,999.891958,999.900753,999.912625,999.926288,999.940722,999.955258,999.969506,999.983282,999.996471,1000.008927,1000.020584,1000.031497,1000.041688,1000.051143,1000.059862,1000.067871,1000.075129,1000.081544,1000.087084,1000.091731,1000.095460,1000.098319,1000.100390,1000.101705,1000.102236,1000.101920,1000.100710,1000.098604,1000.095623,1000.091782,1000.087123,1000.081715,1000.075567,1000.068564,1000.060597,1000.051637,1000.041725,1000.031003,1000.019553,1000.007281,999.994145,999.980272,999.965789,999.950814,999.935743,999.921201,999.907902,999.896936,999.889524,999.886185,999.886471,999.889565,999.894764,999.901498,999.909307,999.917884,999.927066,999.936722,999.946769,999.957241,999.968161,999.979437,999.990940,1000.002664,1000.014747,1000.027181,1000.039769,1000.052426,1000.065201,1000.078142,1000.091188,1000.104160,1000.116737,1000.128781,0.000000,0.000000
0.000000,0.000000,1000.131042,1000.117962,1000.105196,1000.092138,1000.079088,1000.066210,1000.053471,1000.040771,1000.028199,1000.015987,1000.004196,999.992703,999.981421,999.970310,999.959335,999.948620,999.938350,999.928548,999.919189,999.910384,999.902379,999.895491,999.890148,999.886926,999.886581,999.889862,999.897035,999.907565,999.920375,999.934372,999.948719,999.962930,999.976738,999.989946,1000.002405,1000.014060,1000.024945,1000.035060,1000.044402,1000.053003,1000.060885,1000.068046,1000.074439,1000.080006,1000.084712,1000.088521,1000.091439,1000.093521,1000.094804,1000.095268,1000.094859,1000.093560,1000.091381,1000.088340,1000.084471,1000.079834,1000.074493,1000.068401,1000.061416,1000.053436,1000.044421,1000.034443,1000.023688,1000.012252,1000.000045,999.986997,999.973238,999.958942,999.944274,999.929679,999.915819,999.903488,999.893838,999.887931,999.885921,999.887162,999.890868,999.896438,999.903406,999.911361,999.920037,999.929300,999.939016,999.949114,999.959632,999.970609,999.981982,999.993598,1000.005423,1000.017575,1000.030020,1000.042558,1000.055111,1000.067760,1000.080571,1000.093447,1000.106186,1000.118511,1000.131050,0.000000,0.000000
0.000000,0.000000,0.000000,1000.121238,1000.108200,1000.095080,1000.081982,1000.069022,1000.056213,1000.043489,1000.030907,1000.018678,1000.006893,999.995425,999.984166,999.973097,999.962203,999.951563,999.941310,999.931459,999.922016,999.913103,999.904923,999.897728,999.891871,999.887878,999.886424,999.888193,999.893593,999.902488,999.914123,999.927410,999.941399,999.955498,999.969323,999.982559,999.995025,1000.006703,1000.017625,1000.027743,1000.037011,1000.045508,1000.053281,1000.060315,1000.066624,1000.072178,1000.076916,1000.080785,1000.083754,1000.085861,1000.087124,1000.087521,1000.087033,1000.085638,1000.083364,1000.080260,1000.076369,1000.071753,1000.066430,1000.060331,1000.053340,1000.045337,1000.036293,1000.026318,1000.015581,1000.004172,999.992040,999.979118,999.965531,999.951470,999.937182,999.923179,999.910156,999.899051,999.891004,999.886739,999.886065,999.888236,999.892530,999.898454,999.905632,999.913722,999.922506,999.931860,999.941657,999.951820,999.962385,999.973422,999.984881,999.996617,1000.008570,1000.020780,1000.033208,1000.045696,1000.058147,1000.070645,1000.083289,1000.096007,1000.108619,1000.120810,0.000000,0.000000,0.000000
0.000000,0.000000,0.000000,1000.124254,1000.111515,1000.098444,1000.085283,1000.072201,1000.059251,1000.046444,1000.033849,1000.021618,1000.009842,999.998410,999.987196,999.976183,999.965385,999.954845,999.944606,999.934676,999.925122,999.916097,999.907760,999.900296,999.893980,999.889267,999.886757,999.887042,999.890620,999.897689,999.907813,999.920061,999.933460,999.947277,999.961022,999.974280,999.986781,999.998506,1000.009481,1000.019637,1000.028915,1000.037368,1000.045053,1000.051983,1000.058181,1000.063657,1000.068364,1000.072235,1000.075224,1000.077336,1000.078585,1000.078946,1000.078392,1000.076915,1000.074562,1000.071398,1000.067478,1000.062845,1000.057493,1000.051368,1000.044351,1000.036339,1000.027337,1000.017425,1000.006729,999.995347,999.983262,999.970467,999.957099,999.943366,999.929588,999.916325,999.904408,999.894867,999.888650,999.886083,999.886709,999.889753,999.894603,999.900867,999.908244,999.916474,999.925362,999.934787,999.944658,999.954900,999.965534,999.976625,999.988139,999.999971,1000.012031,1000.024290,1000.036705,1000.049129,1000.061481,1000.073856,1000.086340,1000.098859,1000.111252,1000.123374,0.000000,0.000000,0.000000
0.000000,0.000000,0.000000,1000.127626,1000.115093,1000.102079,1000.088919,1000.075762,1000.062665,1000.049747,1000.037092,1000.024842,1000.013072,1000.001662,999.990507,999.979580,999.968874,999.958416,999.948202,999.938218,999.928560,999.919411,999.910927,999.903220,999.896486,999.891115,999.887616,999.886509,999.888306,999.893415,999.901772,999.912667,999.925167,999.938467,999.951939,999.965089,999.977598,999.989385,1000.000421,1000.010607,1000.019932,1000.028432,1000.036098,1000.042950,1000.049046,1000.054421,1000.059042,1000.062848,1000.065803,1000.067886,1000.069109,1000.069454,1000.068859,1000.067336,1000.064944,1000.061734,1000.057784,1000.053124,1000.047742,1000.041591,1000.034566,1000.026596,1000.017667,1000.007826,999.997168,999.985780,999.973715,999.961063,999.948003,999.934751,999.921644,999.909372,999.898922,999.891253,999.886987,999.886074,999.887888,999.891730,999.897121,999.903739,999.911334,999.919696,999.928649,999.938108,999.948031,999.958356,999.969067,999.980196,999.991733,1000.003600,1000.015725,1000.028054,1000.040467,1000.052821,1000.065094,1000.077372,1000.089700,1000.102074,1000.114334,1000.126386,0.000000,0.000000,0.000000
0.000000,0.000000,0.000000,1000.131460,1000.118755,1000.105978,1000.092861,1000.079672,1000.066484,1000.053451,1000.040710,1000.028401,1000.016594,1000.005210,999.994119,999.983269,999.972650,999.962260,999.952074,999.942068,999.932343,999.923100,999.914485,999.906558,999.899440,999.893464,999.889070,999.886689,999.886792,999.889901,999.896269,999.905494,999.916761,999.929245,999.942187,999.955028,999.967436,999.979237,999.990321,1000.000562,1000.009935,1000.018508,1000.026238,1000.033069,1000.039089,1000.044363,1000.048864,1000.052567,1000.055452,1000.057500,1000.058701,1000.059022,1000.058415,1000.056882,1000.054480,1000.051276,1000.047317,1000.042639,1000.037247,1000.031088,1000.024085,1000.016163,1000.007292,999.997513,999.986887,999.975496,999.963497,999.951091,999.938467,999.925843,999.913653,999.902734,999.894089,999.888490,999.886180,999.886782,999.889641,999.894220,999.900143,999.907121,999.914937,999.923397,999.932366,999.941827,999.951774,999.962158,999.972939,999.984101,999.995623,1000.007469,1000.019646,1000.032058,1000.044492,1000.056801,1000.068986,1000.081172,1000.093416,1000.105685,1000.117601,1000.129747,0.000000,0.000000,0.000000
0.000000,0.000000,0.000000,1000.135450,1000.122552,1000.110058,1000.097122,1000.083948,1000.070709,1000.057566,1000.044717,1000.032323,1000.020439,1000.009042,999.998011,999.987233,999.976679,999.966352,999.956206,999.946207,999.936473,999.927183,999.918456,999.910342,999.902895,999.896368,999.891178,999.887668,999.886231,999.887394,999.891586,999.898809,999.908489,999.919808,999.931955,999.944276,999.956416,999.968128,999.979193,999.989461,999.998890,1000.007526,1000.015325,1000.022198,1000.028198,1000.033393,1000.037792,1000.041400,1000.044229,1000.046264,1000.047460,1000.047762,1000.047137,1000.045600,1000.043217,1000.040045,1000.036106,1000.031436,1000.026052,1000.019894,1000.012896,1000.004990,999.996157,999.986433,999.975853,999.964555,999.952789,999.940777,999.928723,999.916939,999.906001,999.896792,999.890233,999.886791,999.886298,999.888225,999.892028,999.897286,999.903690,999.910994,999.918991,999.927508,999.936468,999.945909,999.955865,999.966284,999.977096,999.988272,999.999767,1000.011610,1000.023848,1000.036336,1000.048807,1000.061065,1000.073163,1000.085299,1000.097518,1000.109596,1000.121108,1000.132998,0.000000,0.000000,0.000000
0.000000,0.000000,0.000000,0.000000,1000.127400,1000.114509,1000.101603,1000.088530,1000.075338,1000.062135,1000.049150,1000.036617,1000.024644,1000.013187,1000.002159,999.991432,999.980935,999.970667,999.960583,999.950645,999.940948,999.931650,999.922848,999.914565,999.906839,999.899867,999.893997,999.889528,999.886748,999.886123,999.888144,999.893090,999.900768,999.910525,999.921568,999.933156,999.944810,999.956249,999.967193,999.977417,999.986859,999.995531,1000.003378,1000.010307,1000.016335,1000.021524,1000.025886,1000.029446,1000.032247,1000.034284,1000.035481,1000.035764,1000.035107,1000.033560,1000.031208,1000.028072,1000.024182,1000.019562,1000.014182,1000.008009,1000.000994,999.993076,999.984260,999.974582,999.964118,999.953085,999.941729,999.930267,999.918996,999.908371,999.899060,999.891910,999.887604,999.886217,999.887336,999.890437,999.895073,999.900916,999.907720,999.915273,999.923383,999.931928,999.940885,999.950320,999.960284,999.970696,999.981486,999.992660,1000.004188,1000.016092,1000.028391,1000.040929,1000.053403,1000.065604,1000.077635,1000.089690,1000.101878,1000.113993,1000.126046,0.000000,0.000000,0.000000,0.000000
0.000000,0.000000,0.000000,0.000000,1000.131489,1000.118948,1000.106388,1000.093402,1000.080314,1000.067122,1000.054051,1000.041369,1000.029247,1000.017695,1000.006610,999.995875,999.985418,999.975202,999.965194,999.955366,999.945755,999.936479,999.927619,999.919186,999.911235,999.903933,999.897532,999.892281,999.888393,999.886225,999.886261,999.888866,999.894186,999.901938,999.911450,999.921990,999.932934,999.943866,999.954499,999.964596,999.973993,999.982637,999.990494,999.997459,1000.003523,1000.008759,1000.013155,1000.016716,1000.019506,1000.021526,1000.022708,1000.022969,1000.022303,1000.020788,1000.018486,1000.015407,1000.011580,1000.007004,1000.001631,999.995446,999.988406,999.980481,999.971692,999.962110,999.951914,999.941298,999.930479,999.919759,999.909577,999.900507,999.893215,999.888377,999.886294,999.886753,999.889279,999.893387,999.898723,999.905044,999.912144,999.919846,999.928017,999.936589,999.945575,999.955036,999.964995,999.975375,999.986133,999.997316,1000.008930,1000.020945,1000.033306,1000.045825,1000.058221,1000.070365,1000.082351,1000.094387,1000.106610,1000.118552,1000.130792,0.000000,0.000000,0.000000,0.000000
0.000000,0.000000,0.000000,0.000000,1000.135647,1000.123394,1000.111183,1000.098479,1000.085537,1000.072446,1000.059354,1000.046571,1000.034291,1000.022591,1000.011421,1000.000628,999.990153,999.979985,999.970051,999.960332,999.950853,999.941631,999.932711,999.924159,999.916043,999.908496,999.901709,999.895859,999.891107,999.887696,999.886031,999.886491,999.889337,999.894681,999.902195,999.911222,999.921107,999.931294,999.941395,999.951172,999.960412,999.968971,999.976767,999.983726,999.989819,999.995094,999.999552,1000.003152,1000.005922,1000.007878,1000.008997,1000.009256,1000.008654,1000.007232,1000.005027,1000.002040,999.998269,999.993708,999.988343,999.982149,999.975113,999.967249,999.958584,999.949265,999.939496,999.929432,999.919338,999.909647,999.900940,999.893830,999.888860,999.886368,999.886322,999.888386,999.892086,999.897017,999.902918,999.909593,999.916888,999.924677,999.932882,999.941493,999.950530,999.960029,999.969989,999.980343,999.991093,1000.002310,1000.014017,1000.026139,1000.038515,1000.050931,1000.063212,1000.075314,1000.087318,1000.099418,1000.111469,1000.123173,1000.135233,0.000000,0.000000,0.000000,0.000000
0.000000,0.000000,0.000000,0.000000,0.000000,1000.128918,1000.116201,1000.103755,1000.090933,1000.077987,1000.064955,1000.052123,1000.039735,1000.027894,1000.016609,1000.005756,999.995228,999.985049,999.975187,999.965577,999.956211,999.947056,999.938119,999.929478,999.921233,999.913509,999.906442,999.900148,999.894742,999.890396,999.887387,999.886034,999.886622,999.889419,999.894507,999.901533,999.909867,999.918917,999.928218,999.937450,999.946351,999.954694,999.962354,999.969251,999.975341,999.980620,999.985100,999.988734,999.991467,999.993335,999.994364,999.994596,999.994070,999.992776,999.990707,999.987851,999.984167,999.979643,999.974284,999.968114,999.961186,999.953502,999.945126,999.936245,999.927054,999.917776,999.908753,999.900527,999.893741,999.888922,999.886339,999.886003,999.887722,999.891099,999.895725,999.901306,999.907626,999.914550,999.921980,999.929819,999.938050,999.946698,999.955769,999.965299,999.975263,999.985622,999.996402,1000.007662,1000.019435,1000.031598,1000.043919,1000.056213,1000.068404,1000.080497,1000.092545,1000.104683,1000.116649,1000.129124,0.000000,0.000000,0.000000,0.000000,0.000000
0.000000,0.000000,0.000000,0.000000,0.000000,1000.134321,1000.121480,1000.109275,1000.096631,1000.083745,1000.070802,1000.057977,1000.045518,1000.033586,1000.022197,1000.011270,1000.000694,999.990463,999.980622,999.971116,999.961851,999.952763,999.943839,999.935150,999.926815,999.918950,999.911659,999.905031,999.899137,999.894100,999.890101,999.887335,999.886057,999.886568,999.889104,999.893694,999.899976,999.907380,999.915450,999.923826,999.932157,999.940103,999.947494,999.954237,999.960223,999.965431,999.969857,999.973470,999.976197,999.978005,999.978961,999.979127,999.978594,999.977401,999.975485,999.972792,999.969263,999.964848,999.959591,999.953594,999.946907,999.939549,999.931626,999.923351,999.914988,999.906852,999.899375,999.893118,999.888638,999.886209,999.885815,999.887331,999.890467,999.894842,999.900167,999.906223,999.912846,999.919947,999.927463,999.935344,999.943594,999.952243,999.961325,999.970852,999.980824,999.991239,1000.002077,1000.013381,1000.025162,1000.037291,1000.049548,1000.061747,1000.073885,1000.086001,1000.098147,1000.110222,1000.121985,1000.134334,0.000000,0.000000,0.000000,0.000000,0.000000
0.000000,0.000000,0.000000,0.000000,0.000000,0.000000,1000.128003,1000.115215,1000.102645,1000.089792,1000.076921,1000.064131,1000.051635,1000.039633,1000.028171,1000.017159,1000.006515,999.996230,999.986358,999.976900,999.967732,999.958720,999.949834,999.941147,999.932767,999.924788,999.917310,999.910419,999.904159,999.898599,999.893869,999.890089,999.887394,999.886062,999.886365,999.888447,999.892284,999.897551,999.903860,999.910902,999.918280,999.925567,999.932481,999.938892,999.944657,999.949672,999.953935,999.957456,999.960195,999.962035,999.962964,999.963089,999.962525,999.961360,999.959574,999.957062,999.953723,999.949518,999.944548,999.938917,999.932638,999.925792,999.918534,999.911149,999.904004,999.897490,999.892048,999.888124,999.886026,999.885770,999.887235,999.890219,999.894402,999.899499,999.905318,999.911703,999.918537,999.925754,999.933327,999.941247,999.949502,999.958132,999.967191,999.976701,999.986708,999.997197,1000.008119,1000.019462,1000.031205,1000.043274,1000.055458,1000.067598,1000.079718,1000.091830,1000.103999,1000.116003,1000.128278,0.000000,0.000000,0.000000,0.000000,0.000000,0.000000
0.000000,0.000000,0.000000,0.000000,0.000000,0.000000,1000.134232,1000.121255,1000.108942,1000.096212,1000.083359,1000.070592,1000.058098,1000.046038,1000.034500,1000.023429,1000.012701,1000.002326,999.992389,999.982909,999.973778,999.964843,999.956028,999.947390,999.939028,999.931002,999.923381,999.916269,999.909729,999.903790,999.898508,999.893979,999.890300,999.887613,999.886155,999.886105,999.887534,999.890390,999.894487,999.899638,999.905540,999.911728,999.917833,999.923657,999.929038,999.933747,999.937729,999.941064,999.943735,999.945635,999.946633,999.946793,999.946265,999.945153,999.943478,999.941117,999.937962,999.934055,999.929520,999.924427,999.918794,999.912717,999.906473,999.900442,999.895031,999.890614,999.887487,999.885890,999.885901,999.887440,999.890344,999.894384,999.899305,999.904897,999.911031,999.917632,999.924609,999.931904,999.939526,999.947470,999.955730,999.964341,999.973364,999.982878,999.992924,1000.003493,1000.014511,1000.025872,1000.037575,1000.049575,1000.061680,1000.073771,1000.085853,1000.097972,1000.110036,1000.121713,1000.133948,0.000000,0.000000,0.000000,0.000000,0.000000,0.000000
0.000000,0.000000,0.000000,0.000000,0.000000,0.000000,0.000000,1000.127761,1000.115340,1000.102832,1000.090044,1000.077326,1000.064867,1000.052812,1000.041218,1000.030081,1000.019290,1000.008819,999.998768,999.989194,999.980029,999.971122,999.962387,999.953838,999.945538,999.937531,999.929850,999.922578,999.915816,999.909607,999.903947,999.898866,999.894465,999.890847,999.888122,999.886442,999.885909,999.886543,999.888343,999.891274,999.895193,999.899759,999.904601,999.909481,999.914168,999.918383,999.921973,999.924982,999.927445,999.929291,999.930391,999.930691,999.930309,999.929342,999.927782,999.925560,999.922636,999.919121,999.915162,999.910814,999.906094,999.901173,999.896433,999.892261,999.888973,999.886793,999.885859,999.886257,999.887959,999.890853,999.894777,999.899552,999.904970,999.910863,999.917188,999.923936,999.931019,999.938379,999.946041,999.954010,999.962263,999.970840,999.979854,999.989381,999.999463,1000.010115,1000.021201,1000.032583,1000.044260,1000.056173,1000.068184,1000.080203,1000.092214,1000.104288,1000.116132,1000.127857,0.000000,0.000000,0.000000,0.000000,0.000000,0.000000,0.000000
0.000000,0.000000,0.000000,0.000000,0.000000,0.000000,0.000000,1000.133905,1000.121404,1000.109409,1000.096877,1000.084257,1000.071868,1000.059862,1000.048272,1000.037077,1000.026227,1000.015692,1000.005528,999.995817,999.986558,999.977628,999.968941,999.960489,999.952271,999.944308,999.936627,999.929286,999.922379,999.915981,999.910087,999.904648,999.899718,999.895418,999.891824,999.888999,999.887029,999.885951,999.885804,999.886647,999.888452,999.891058,999.894216,999.897707,999.901301,999.904706,999.907675,999.910162,999.912239,999.913866,999.914966,999.915447,999.915285,999.914509,999.913122,999.911146,999.908629,999.905714,999.902560,999.899205,999.895723,999.892389,999.889530,999.887411,999.886193,999.885967,999.886810,999.888737,999.891692,999.895560,999.900204,999.905477,999.911204,999.917282,999.923747,999.930608,999.937780,999.945214,999.952919,999.960881,999.969089,999.977633,999.986648,999.996198,1000.006333,1000.017038,1000.028162,1000.039570,1000.051212,1000.063028,1000.074930,1000.086851,1000.098783,1000.110655,1000.122049,1000.133826,0.000000,0.000000,0.000000,0.000000,0.000000,0.000000,0.000000
0.000000,0.000000,0.000000,0.000000,0.000000,0.000000,0.000000,0.000000,1000.127561,1000.115918,1000.103772,1000.091304,1000.079038,1000.067091,1000.055519,1000.044302,1000.033405,1000.022829,1000.012598,1000.002767,999.993391,999.984416,999.975739,999.967345,999.959206,999.951305,999.943661,999.936308,999.929334,999.922826,999.916796,999.911165,999.905908,999.901120,999.896894,999.893279,999.890308,999.888028,999.886462,999.885670,999.885693,999.886449,999.887804,999.889632,999.891800,999.894062,999.896133,999.897908,999.899407,999.900643,999.901586,999.902143,999.902168,999.901633,999.900570,999.899031,999.897163,999.895121,999.893007,999.890869,999.888860,999.887235,999.886215,999.885915,999.886371,999.887632,999.889766,999.892793,999.896653,999.901219,999.906360,999.911959,999.917887,999.924114,999.930701,999.937659,999.944934,999.952445,999.960147,999.968048,999.976197,999.984716,999.993741,1000.003340,1000.013526,1000.024254,1000.035403,1000.046821,1000.058408,1000.070132,1000.081940,1000.093732,1000.105539,1000.117122,1000.128454,0.000000,0.000000,0.000000,0.000000,0.000000,0.000000,0.000000,0.000000
0.000000,0.000000,0.000000,0.000000,0.000000,0.000000,0.000000,0.000000,1000.134054,1000.122222,1000.110608,1000.098492,1000.086370,1000.074514,1000.062952,1000.051716,1000.040799,1000.030207,1000.019944,1000.010038,1000.000558,999.991516,999.982831,999.974443,999.966332,999.958488,999.950908,999.943579,999.936575,999.930017,999.923931,999.918223,999.912819,999.907751,999.903092,999.898911,999.895233,999.892101,999.889573,999.887658,999.886377,999.885705,999.885550,999.885850,999.886564,999.887557,999.888617,999.889581,999.890408,999.891135,999.891764,999.892218,999.892359,999.892104,999.891470,999.890550,999.889498,999.888443,999.887434,999.886537,999.885899,999.885731,999.886172,999.887227,999.888889,999.891213,999.894272,999.898088,999.902578,999.907611,999.913084,999.918896,999.924978,999.931345,999.938041,999.945106,999.952480,999.960011,999.967651,999.975466,999.983555,999.992053,1000.001108,1000.010777,1000.021017,1000.031763,1000.042915,1000.054319,1000.065852,1000.077497,1000.089182,1000.100851,1000.112373,1000.123512,1000.135315,0.000000,0.000000,0.000000,0.000000,0.000000,0.000000,0.000000,0.000000
0.000000,0.000000,0.000000,0.000000,0.000000,0.000000,0.000000,0.000000,0.000000,1000.129014,1000.117595,1000.105921,1000.093944,1000.082178,1000.070671,1000.059419,1000.048481,1000.037886,1000.027610,1000.017661,1000.008108,999.998987,999.990255,999.981839,999.973707,999.965871,999.958328,999.951033,999.944014,999.937420,999.931324,999.925628,999.920206,999.915039,999.910156,999.905608,999.901452,999.897729,999.894515,999.891838,999.889678,999.888018,999.886794,999.885964,999.885535,999.885458,999.885592,999.885788,999.885992,999.886215,999.886452,999.886679,999.886836,999.886815,999.886616,999.886333,999.886059,999.885877,999.885829,999.885963,999.886411,999.887336,999.888794,999.890764,999.893263,999.896348,999.900064,999.904405,999.909291,999.914618,999.920287,999.926227,999.932436,999.938931,999.945746,999.952915,999.960331,999.967835,999.975395,999.983110,999.991144,999.999652,1000.008750,1000.018490,1000.028799,1000.039561,1000.050692,1000.062045,1000.073496,1000.085019,1000.096590,1000.108177,1000.119293,1000.130249,0.000000,0.000000,0.000000,0.000000,0.000000,0.000000,0.000000,0.000000,0.000000
0.000000,0.000000,0.000000,0.000000,0.000000,0.000000,0.000000,0.000000,0.000000,1000.136362,1000.124655,1000.113322,1000.101866,1000.090209,1000.078753,1000.067513,1000.056539,1000.045910,1000.035618,1000.025641,1000.016034,1000.006848,999.998061,999.989602,999.981423,999.973546,999.965985,999.958687,999.951656,999.945028,999.938913,999.933244,999.927872,999.922727,999.917797,999.913085,999.908657,999.904577,999.900901,999.897680,999.894914,999.892595,999.890681,999.889121,999.887930,999.887099,999.886529,999.886123,999.885831,999.885630,999.885525,999.885522,999.885600,999.885719,999.885860,999.886052,999.886357,999.886833,999.887496,999.888402,999.889654,999.891340,999.893484,999.896082,999.899166,999.902779,999.906935,999.911606,999.916729,999.922205,999.927950,999.933956,999.940253,999.946856,999.953778,999.960993,999.968402,999.975867,999.983342,999.990989,999.999028,1000.007573,1000.016727,1000.026545,1000.036905,1000.047661,1000.058727,1000.069973,1000.081299,1000.092696,1000.104178,1000.115408,1000.126213,1000.137495,0.000000,0.000000,0.000000,0.000000,0.000000,0.000000,0.000000,0.000000,0.000000
0.000000,0.000000,0.000000,0.000000,0.000000,0.000000,0.000000,0.000000,0.000000,0.000000,1000.132815,1000.120943,1000.109877,1000.098563,1000.087208,1000.076025,1000.065032,1000.054326,1000.043985,1000.033987,1000.024327,1000.015082,1000.006259,999.997777,999.989570,999.981644,999.974024,999.966685,999.959628,999.952969,999.946806,999.941103,999.935753,999.930658,999.925769,999.921057,999.916530,999.912272,999.908354,999.904798,999.901627,999.898875,999.896531,999.894537,999.892881,999.891561,999.890518,999.889684,999.889025,999.888524,999.888188,999.888020,999.888023,999.888200,999.888530,999.889017,999.889695,999.890591,999.891724,999.893149,999.894936,999.897122,999.899730,999.902772,999.906265,999.910249,999.914718,999.919611,999.924858,999.930376,999.936124,999.942141,999.948483,999.955152,999.962097,999.969284,999.976644,999.984045,999.991476,999.999144,1000.007243,1000.015857,1000.025084,1000.034953,1000.045324,1000.056033,1000.066980,1000.078083,1000.089263,1000.100539,1000.111798,1000.122730,1000.134317,0.000000,0.000000,0.000000,0.000000,0.000000,0.000000,0.000000,0.000000,0.000000,0.000000
0.000000,0.000000,0.000000,0.000000,0.000000,0.000000,0.000000,0.000000,0.000000,0.000000,0.000000,1000.129109,1000.118106,1000.107160,1000.095956,1000.084835,1000.073888,1000.063137,1000.052727,1000.042710,1000.033029,1000.023718,1000.014849,1000.006368,999.998171,999.990231,999.982560,999.975170,999.968081,999.961380,999.955142,999.949344,999.943929,999.938827,999.933972,999.929312,999.924811,999.920513,999.916499,999.912791,999.909413,999.906411,999.903811,999.901570,999.899654,999.898049,999.896707,999.895580,999.894666,999.893974,999.893493,999.893230,999.893194,999.893391,999.893809,999.894458,999.895349,999.896490,999.897914,999.899652,999.901750,999.904246,999.907156,999.910491,999.914287,999.918552,999.923233,999.928270,999.933568,999.939061,999.944776,999.950785,999.957135,999.963782,999.970668,999.977783,999.985059,999.992404,999.999867,1000.007608,1000.015780,1000.024482,1000.033763,1000.043624,1000.053957,1000.064580,1000.075391,1000.086347,1000.097464,1000.108692,1000.119586,1000.130120,0.000000,0.000000,0.000000,0.000000,0.000000,0.000000,0.000000,0.000000,0.000000,0.000000,0.000000
0.000000,0.000000,0.000000,0.000000,0.000000,0.000000,0.000000,0.000000,0.000000,0.000000,0.000000,1000.137478,1000.126334,1000.115614,1000.104905,1000.093917,1000.082997,1000.072271,1000.061840,1000.051806,1000.042128,1000.032786,1000.023849,1000.015339,1000.007161,999.999236,999.991550,999.984126,999.977015,999.970280,999.963970,999.958062,999.952532,999.947363,999.942489,999.937844,999.933386,999.929123,999.925101,999.921355,999.917898,999.914781,999.912061,999.909705,999.907660,999.905910,999.904416,999.903129,999.902058,999.901231,999.900652,999.900317,999.900237,999.900421,999.900873,999.901596,999.902599,999.903903,999.905522,999.907467,999.909764,999.912453,999.915553,999.919081,999.923077,999.927509,999.932312,999.937404,999.942679,999.948121,999.953801,999.959790,999.966092,999.972652,999.979450,999.986480,999.993684,1000.001027,1000.008550,1000.016358,1000.024599,1000.033354,1000.042633,1000.052453,1000.062713,1000.073225,1000.083919,1000.094818,1000.105860,1000.116692,1000.127418,1000.138559,0.000000,0.000000,0.000000,0.000000,0.000000,0.000000,0.000000,0.000000,0.000000,0.000000,0.000000
0.000000,0.000000,0.000000,0.000000,0.000000,0.000000,0.000000,0.000000,0.000000,0.000000,0.000000,0.000000,1000.135569,1000.124300,1000.113725,1000.103217,1000.092420,1000.081711,1000.071306,1000.061273,1000.051593,1000.042237,1000.033243,1000.024664,1000.016469,1000.008559,1000.000880,999.993452,999.986330,999.979577,999.973222,999.967239,999.961607,999.956340,999.951395,999.946713,999.942259,999.938025,999.934046,999.930325,999.926874,999.923740,999.920967,999.918562,999.916471,999.914662,999.913116,999.911791,999.910665,999.909754,999.909082,999.908657,999.908508,999.908651,999.909099,999.909851,999.910923,999.912350,999.914125,999.916250,999.918732,999.921568,999.924789,999.928438,999.932517,999.936996,999.941810,999.946846,999.952053,999.957451,999.963105,999.969060,999.975275,999.981718,999.988412,999.995360,1000.002523,1000.009879,1000.017442,1000.025300,1000.033587,1000.042363,1000.051637,1000.061401,1000.071548,1000.081930,1000.092544,1000.103334,1000.113990,1000.124768,1000.136247,0.000000,0.000000,0.000000,0.000000,0.000000,0.000000,0.000000,0.000000,0.000000,0.000000,0.000000,0.000000
0.000000,0.000000,0.000000,0.000000,0.000000,0.000000,0.000000,0.000000,0.000000,0.000000,0.000000,0.000000,0.000000,1000.133929,1000.122825,1000.112429,1000.102088,1000.091494,1000.081087,1000.071054,1000.061370,1000.052003,1000.042970,1000.034329,1000.026095,1000.018188,1000.010528,1000.003106,999.995971,999.989200,999.982799,999.976753,999.971054,999.965695,999.960659,999.955909,999.951434,999.947228,999.943305,999.939654,999.936269,999.933176,999.930394,999.927952,999.925834,999.924004,999.922451,999.921147,999.920031,999.919071,999.918302,999.917784,999.917567,999.917679,999.918122,999.918891,999.920019,999.921539,999.923455,999.925749,999.928396,999.931369,999.934687,999.938391,999.942480,999.946914,999.951612,999.956520,999.961637,999.967000,999.972661,999.978579,999.984690,999.991016,999.997611,1000.004489,1000.011605,1000.018941,1000.026523,1000.034414,1000.042729,1000.051527,1000.060793,1000.070456,1000.080423,1000.090669,1000.101121,1000.111484,1000.122035,1000.133314,0.000000,0.000000,0.000000,0.000000,0.000000,0.000000,0.000000,0.000000,0.000000,0.000000,0.000000,0.000000,0.000000
0.000000,0.000000,0.000000,0.000000,0.000000,0.000000,0.000000,0.000000,0.000000,0.000000,0.000000,0.000000,0.000000,0.000000,1000.132697,1000.121793,1000.111554,1000.101425,1000.091123,1000.081059,1000.071372,1000.062017,1000.052972,1000.044281,1000.036004,1000.028093,1000.020461,1000.013062,1000.005912,999.999097,999.992647,999.986532,999.980763,999.975345,999.970244,999.965425,999.960913,999.956736,999.952868,999.949303,999.946002,999.942955,999.940206,999.937756,999.935613,999.933776,999.932231,999.930939,999.929826,999.928826,999.927977,999.927392,999.927137,999.927243,999.927707,999.928526,999.929721,999.931318,999.933345,999.935769,999.938532,999.941614,999.945009,999.948737,999.952802,999.957128,999.961664,999.966427,999.971454,999.976806,999.982468,999.988332,999.994368,1000.000627,1000.007157,1000.013969,1000.021024,1000.028332,1000.035922,1000.043830,1000.052152,1000.060938,1000.070114,1000.079569,1000.089310,1000.099289,1000.109226,1000.119432,1000.130449,0.000000,0.000000,0.000000,0.000000,0.000000,0.000000,0.000000,0.000000,0.000000,0.000000,0.000000,0.000000,0.000000,0.000000
0.000000,0.000000,0.000000,0.000000,0.000000,0.000000,0.000000,0.000000,0.000000,0.000000,0.000000,0.000000,0.000000,0.000000,0.000000,1000.131825,1000.120971,1000.111001,1000.101199,1000.091239,1000.081544,1000.072217,1000.063190,1000.054472,1000.046134,1000.038193,1000.030573,1000.023210,1000.016081,1000.009234,1000.002736,999.996569,999.990734,999.985257,999.980112,999.975252,999.970697,999.966515,999.962690,999.959177,999.955942,999.952947,999.950220,999.947796,999.945674,999.943844,999.942296,999.940993,999.939864,999.938851,999.937978,999.937356,999.937091,999.937208,999.937713,999.938612,999.939894,999.941576,999.943673,999.946162,999.948998,999.952137,999.955569,999.959308,999.963316,999.967527,999.971927,999.976576,999.981555,999.986885,999.992501,999.998329,1000.004340,1000.010570,1000.017069,1000.023823,1000.030825,1000.038109,1000.045695,1000.053604,1000.061884,1000.070554,1000.079510,1000.088681,1000.098044,1000.107378,1000.117049,1000.127760,0.000000,0.000000,0.000000,0.000000,0.000000,0.000000,0.000000,0.000000,0.000000,0.000000,0.000000,0.000000,0.000000,0.000000,0.000000
0.000000,0.000000,0.000000,0.000000,0.000000,0.000000,0.000000,0.000000,0.000000,0.000000,0.000000,0.000000,0.000000,0.000000,0.000000,0.000000,1000.130784,1000.120395,1000.110839,1000.101401,1000.091838,1000.082540,1000.073550,1000.064833,1000.056452,1000.048458,1000.040827,1000.033481,1000.026403,1000.019608,1000.013104,1000.006898,1000.001006,999.995458,999.990258,999.985367,999.980783,999.976571,999.972759,999.969274,999.966060,999.963100,999.960392,999.957989,999.955898,999.954072,999.952501,999.951186,999.950072,999.949110,999.948309,999.947724,999.947459,999.947582,999.948123,999.949084,999.950446,999.952206,999.954339,999.956850,999.959716,999.962860,999.966288,999.970006,999.973946,999.978065,999.982381,999.986976,999.991929,999.997231,1000.002823,1000.008637,1000.014634,1000.020846,1000.027309,1000.034005,1000.040946,1000.048194,1000.055766,1000.063630,1000.071781,1000.080212,1000.088866,1000.097622,1000.106246,1000.115140,1000.125098,0.000000,0.000000,0.000000,0.000000,0.000000,0.000000,0.000000,0.000000,0.000000,0.000000,0.000000,0.000000,0.000000,0.000000,0.000000,0.000000
0.000000,0.000000,0.000000,0.000000,0.000000,0.000000,0.000000,0.000000,0.000000,0.000000,0.000000,0.000000,0.000000,0.000000,0.000000,0.000000,0.000000,1000.130048,1000.120257,1000.111130,1000.102081,1000.092913,1000.083944,1000.075260,1000.066877,1000.058865,1000.051234,1000.043917,1000.036890,1000.030182,1000.023751,1000.017551,1000.011604,1000.005988,1000.000728,999.995795,999.991184,999.986941,999.983105,999.979630,999.976424,999.973459,999.970763,999.968367,999.966266,999.964430,999.962843,999.961525,999.960480,999.959656,999.959003,999.958533,999.958307,999.958430,999.958979,999.959966,999.961374,999.963158,999.965305,999.967816,999.970646,999.973755,999.977146,999.980813,999.984704,999.988770,999.993054,999.997655,1000.002621,1000.007931,1000.013518,1000.019313,1000.025282,1000.031441,1000.037819,1000.044434,1000.051312,1000.058518,1000.066041,1000.073799,1000.081726,1000.089885,1000.098132,1000.106145,1000.114204,1000.123006,0.000000,0.000000,0.000000,0.000000,0.000000,0.000000,0.000000,0.000000,0.000000,0.000000,0.000000,0.000000,0.000000,0.000000,0.000000,0.000000,0.000000
0.000000,0.000000,0.000000,0.000000,0.000000,0.000000,0.000000,0.000000,0.000000,0.000000,0.000000,0.000000,0.000000,0.000000,0.000000,0.000000,0.000000,0.000000,1000.130103,1000.120706,1000.111948,1000.103257,1000.094368,1000.085709,1000.077355,1000.069387,1000.061784,1000.054511,1000.047540,1000.040891,1000.034539,1000.028405,1000.022471,1000.016823,1000.011516,1000.006539,1000.001885,999.997592,999.993703,999.990210,999.987032,999.984091,999.981396,999.978988,999.976878,999.975043,999.973468,999.972177,999.971207,999.970527,999.970042,999.969716,999.969586,999.969745,999.970290,999.971263,999.972650,999.974422,999.976568,999.979047,999.981817,999.984866,999.988203,999.991828,999.995694,999.999746,1000.004047,1000.008706,1000.013721,1000.019040,1000.024614,1000.030362,1000.036226,1000.042249,1000.048509,1000.055038,1000.061864,1000.069019,1000.076471,1000.084079,1000.091792,1000.099610,1000.107162,1000.114637,1000.122470,0.000000,0.000000,0.000000,0.000000,0.000000,0.000000,0.000000,0.000000,0.000000,0.000000,0.000000,0.000000,0.000000,0.000000,0.000000,0.000000,0.000000,0.000000
0.000000,0.000000,0.000000,0.000000,0.000000,0.000000,0.000000,0.000000,0.000000,0.000000,0.000000,0.000000,0.000000,0.000000,0.000000,0.000000,0.000000,0.000000,0.000000,1000.130764,1000.121859,1000.113412,1000.104923,1000.096348,1000.087989,1000.080036,1000.072500,1000.065259,1000.058320,1000.051712,1000.045418,1000.039382,1000.033557,1000.027943,1000.022612,1000.017594,1000.012872,1000.008494,1000.004539,1000.001026,999.997880,999.995000,999.992334,999.989926,999.987825,999.986022,999.984491,999.983245,999.982310,999.981683,999.981320,999.981146,999.981158,999.981419,999.981992,999.982927,999.984253,999.985993,999.988110,999.990556,999.993288,999.996284,999.999592,1000.003209,1000.007053,1000.011114,1000.015478,1000.020196,1000.025247,1000.030571,1000.036085,1000.041701,1000.047389,1000.053244,1000.059386,1000.065846,1000.072629,1000.079741,1000.087118,1000.094541,1000.102032,1000.109206,1000.116370,1000.123746,0.000000,0.000000,0.000000,0.000000,0.000000,0.000000,0.000000,0.000000,0.000000,0.000000,0.000000,0.000000,0.000000,0.000000,0.000000,0.000000,0.000000,0.000000,0.000000
0.000000,0.000000,0.000000,0.000000,0.000000,0.000000,0.000000,0.000000,0.000000,0.000000,0.000000,0.000000,0.000000,0.000000,0.000000,0.000000,0.000000,0.000000,0.000000,0.000000,1000.132536,1000.123864,1000.115557,1000.107132,1000.098973,1000.090971,1000.083433,1000.076220,1000.069316,1000.062747,1000.056529,1000.050612,1000.044927,1000.039415,1000.034096,1000.029024,1000.024232,1000.019768,1000.015729,1000.012172,1000.009033,1000.006190,1000.003562,1000.001175,999.999096,999.997329,999.995842,999.994624,999.993685,999.993051,999.992735,999.992696,999.992891,999.993314,999.993972,999.994911,999.996212,999.997910,999.999989,1000.002407,1000.005105,1000.008088,1000.011403,1000.015016,1000.018851,1000.022935,1000.027348,1000.032105,1000.037171,1000.042449,1000.047832,1000.053267,1000.058774,1000.064481,1000.070523,1000.076924,1000.083679,1000.090764,1000.098071,1000.105198,1000.112204,1000.119019,1000.126561,0.000000,0.000000,0.000000,0.000000,0.000000,0.000000,0.000000,0.000000,0.000000,0.000000,0.000000,0.000000,0.000000,0.000000,0.000000,0.000000,0.000000,0.000000,0.000000,0.000000
0.000000,0.000000,0.000000,0.000000,0.000000,0.000000,0.000000,0.000000,0.000000,0.000000,0.000000,0.000000,0.000000,0.000000,0.000000,0.000000,0.000000,0.000000,0.000000,0.000000,0.000000,1000.135262,1000.126900,1000.117813,1000.109872,1000.102254,1000.094725,1000.087503,1000.080645,1000.074135,1000.068008,1000.062207,1000.056651,1000.051263,1000.046002,1000.040913,1000.036077,1000.031552,1000.027417,1000.023755,1000.020545,1000.017672,1000.015054,1000.012698,1000.010643,1000.008885,1000.007411,1000.006207,1000.005269,1000.004641,1000.004344,1000.004390,1000.004740,1000.005321,1000.006120,1000.007169,1000.008511,1000.010195,1000.012248,1000.014618,1000.017278,1000.020265,1000.023579,1000.027171,1000.031009,1000.035111,1000.039531,1000.044291,1000.049298,1000.054439,1000.059653,1000.064909,1000.070263,1000.075855,1000.081816,1000.088158,1000.094915,1000.102005,1000.109041,1000.115870,1000.122360,1000.129669,0.000000,0.000000,0.000000,0.000000,0.000000,0.000000,0.000000,0.000000,0.000000,0.000000,0.000000,0.000000,0.000000,0.000000,0.000000,0.000000,0.000000,0.000000,0.000000,0.000000,0.000000
0.000000,0.000000,0.000000,0.000000,0.000000,0.000000,0.000000,0.000000,0.000000,0.000000,0.000000,0.000000,0.000000,0.000000,0.000000,0.000000,0.000000,0.000000,0.000000,0.000000,0.000000,0.000000,0.000000,1000.129211,1000.120990,1000.113577,1000.106221,1000.099221,1000.092409,1000.085945,1000.079878,1000.074159,1000.068715,1000.063423,1000.058244,1000.053217,1000.048393,1000.043826,1000.039604,1000.035804,1000.032451,1000.029486,1000.026848,1000.024512,1000.022460,1000.020687,1000.019204,1000.018012,1000.017112,1000.016517,1000.016257,1000.016345,1000.016757,1000.017452,1000.018404,1000.019605,1000.021051,1000.022769,1000.024781,1000.027086,1000.029703,1000.032669,1000.035959,1000.039518,1000.043323,1000.047405,1000.051807,1000.056479,1000.061324,1000.066274,1000.071289,1000.076360,1000.081597,1000.087110,1000.093033,1000.099359,1000.105999,1000.112897,1000.119799,1000.127503,0.000000,0.000000,0.000000,0.000000,0.000000,0.000000,0.000000,0.000000,0.000000,0.000000,0.000000,0.000000,0.000000,0.000000,0.000000,0.000000,0.000000,0.000000,0.000000,0.000000,0.000000,0.000000,0.000000
0.000000,0.000000,0.000000,0.000000,0.000000,0.000000,0.000000,0.000000,0.000000,0.000000,0.000000,0.000000,0.000000,0.000000,0.000000,0.000000,0.000000,0.000000,0.000000,0.000000,0.000000,0.000000,0.000000,0.000000,1000.132670,1000.125264,1000.117693,1000.111032,1000.104457,1000.098196,1000.092127,1000.086424,1000.081038,1000.075834,1000.070746,1000.065789,1000.061026,1000.056477,1000.052205,1000.048287,1000.044794,1000.041722,1000.039010,1000.036628,1000.034551,1000.032758,1000.031248,1000.030053,1000.029196,1000.028656,1000.028450,1000.028579,1000.029030,1000.029809,1000.030878,1000.032205,1000.033763,1000.035521,1000.037489,1000.039732,1000.042307,1000.045223,1000.048459,1000.051953,1000.055671,1000.059677,1000.063965,1000.068453,1000.073087,1000.077800,1000.082581,1000.087484,1000.092614,1000.098088,1000.103841,1000.110073,1000.116559,1000.123755,1000.131144,0.000000,0.000000,0.000000,0.000000,0.000000,0.000000,0.000000,0.000000,0.000000,0.000000,0.000000,0.000000,0.000000,0.000000,0.000000,0.000000,0.000000,0.000000,0.000000,0.000000,0.000000,0.000000,0.000000,0.000000
0.000000,0.000000,0.000000,0.000000,0.000000,0.000000,0.000000,0.000000,0.000000,0.000000,0.000000,0.000000,0.000000,0.000000,0.000000,0.000000,0.000000,0.000000,0.000000,0.000000,0.000000,0.000000,0.000000,0.000000,0.000000,0.000000,1000.130029,1000.123113,1000.116375,1000.110417,1000.104534,1000.098984,1000.093588,1000.088458,1000.083473,1000.078600,1000.073902,1000.069397,1000.065114,1000.061140,1000.057550,1000.054355,1000.051513,1000.049017,1000.046867,1000.045038,1000.043518,1000.042328,1000.041486,1000.040998,1000.040850,1000.041034,1000.041565,1000.042423,1000.043593,1000.045029,1000.046655,1000.048442,1000.050411,1000.052618,1000.055132,1000.057987,1000.061129,1000.064490,1000.068060,1000.071891,1000.075950,1000.080201,1000.084574,1000.089035,1000.093596,1000.098367,1000.103214,1000.108420,1000.113872,1000.120450,1000.127302,0.000000,0.000000,0.000000,0.000000,0.000000,0.000000,0.000000,0.000000,0.000000,0.000000,0.000000,0.000000,0.000000,0.000000,0.000000,0.000000,0.000000,0.000000,0.000000,0.000000,0.000000,0.000000,0.000000,0.000000,0.000000,0.000000
0.000000,0.000000,0.000000,0.000000,0.000000,0.000000,0.000000,0.000000,0.000000,0.000000,0.000000,0.000000,0.000000,0.000000,0.000000,0.000000,0.000000,0.000000,0.000000,0.000000,0.000000,0.000000,0.000000,0.000000,0.000000,0.000000,0.000000,0.000000,1000.129094,1000.122584,1000.116559,1000.111382,1000.106268,1000.101338,1000.096425,1000.091653,1000.086998,1000.082524,1000.078220,1000.074220,1000.070565,1000.067254,1000.064265,1000.061620,1000.059352,1000.057466,1000.055957,1000.054802,1000.053987,1000.053536,1000.053437,1000.053680,1000.054297,1000.055260,1000.056533,1000.058044,1000.059733,1000.061576,1000.063576,1000.065764,1000.068205,1000.070947,1000.073941,1000.077117,1000.080492,1000.084075,1000.087859,1000.091842,1000.095926,1000.100215,1000.104489,1000.108880,1000.113272,1000.118368,1000.124046,0.000000,0.000000,0.000000,0.000000,0.000000,0.000000,0.000000,0.000000,0.000000,0.000000,0.000000,0.000000,0.000000,0.000000,0.000000,0.000000,0.000000,0.000000,0.000000,0.000000,0.000000,0.000000,0.000000,0.000000,0.000000,0.000000,0.000000,0.000000
0.000000,0.000000,0.000000,0.000000,0.000000,0.000000,0.000000,0.000000,0.000000,0.000000,0.000000,0.000000,0.000000,0.000000,0.000000,0.000000,0.000000,0.000000,0.000000,0.000000,0.000000,0.000000,0.000000,0.000000,0.000000,0.000000,0.000000,0.000000,0.000000,0.000000,1000.129103,1000.123409,1000.118521,1000.114087,1000.109487,1000.104889,1000.100232,1000.095781,1000.091459,1000.087420,1000.083717,1000.080311,1000.077200,1000.074395,1000.072011,1000.070060,1000.068544,1000.067441,1000.066704,1000.066303,1000.066237,1000.066552,1000.067247,1000.068311,1000.069664,1000.071222,1000.072961,1000.074843,1000.076862,1000.079038,1000.081417,1000.083986,1000.086780,1000.089735,1000.092891,1000.096218,1000.099774,1000.103526,1000.107388,1000.111319,1000.115096,1000.119084,1000.123896,0.000000,0.000000,0.000000,0.000000,0.000000,0.000000,0.000000,0.000000,0.000000,0.000000,0.000000,0.000000,0.000000,0.000000,0.000000,0.000000,0.000000,0.000000,0.000000,0.000000,0.000000,0.000000,0.000000,0.000000,0.000000,0.000000,0.000000,0.000000,0.000000,0.000000
0.000000,0.000000,0.000000,0.000000,0.000000,0.000000,0.000000,0.000000,0.000000,0.000000,0.000000,0.000000,0.000000,0.000000,0.000000,0.000000,0.000000,0.000000,0.000000,0.000000,0.000000,0.000000,0.000000,0.000000,0.000000,0.000000,0.000000,0.000000,0.000000,0.000000,0.000000,0.000000,1000.131187,1000.126511,1000.122094,1000.117866,1000.113484,1000.108984,1000.104759,1000.100688,1000.096907,1000.093381,1000.090200,1000.087301,1000.084842,1000.082870,1000.081366,1000.080309,1000.079648,1000.079323,1000.079307,1000.079725,1000.080491,1000.081608,1000.082975,1000.084526,1000.086217,1000.088070,1000.090079,1000.092248,1000.094570,1000.096978,1000.099540,1000.102248,1000.105161,1000.108273,1000.111663,1000.114984,1000.118583,1000.122165,1000.126450,0.000000,0.000000,0.000000,0.000000,0.000000,0.000000,0.000000,0.000000,0.000000,0.000000,0.000000,0.000000,0.000000,0.000000,0.000000,0.000000,0.000000,0.000000,0.000000,0.000000,0.000000,0.000000,0.000000,0.000000,0.000000,0.000000,0.000000,0.000000,0.000000,0.000000,0.000000,0.000000
0.000000,0.000000,0.000000,0.000000,0.000000,0.000000,0.000000,0.000000,0.000000,0.000000,0.000000,0.000000,0.000000,0.000000,0.000000,0.000000,0.000000,0.000000,0.000000,0.000000,0.000000,0.000000,0.000000,0.000000,0.000000,0.000000,0.000000,0.000000,0.000000,0.000000,0.000000,0.000000,0.000000,0.000000,1000.134964,1000.130491,1000.126493,1000.121713,1000.117739,1000.113794,1000.109899,1000.106219,1000.102940,1000.100234,1000.097822,1000.095858,1000.094379,1000.093349,1000.092750,1000.092496,1000.092625,1000.093161,1000.093957,1000.095087,1000.096386,1000.097822,1000.099395,1000.101171,1000.103154,1000.105329,1000.107585,1000.109952,1000.112142,1000.114539,1000.117164,1000.120075,1000.123036,1000.126020,1000.130074,0.000000,0.000000,0.000000,0.000000,0.000000,0.000000,0.000000,0.000000,0.000000,0.000000,0.000000,0.000000,0.000000,0.000000,0.000000,0.000000,0.000000,0.000000,0.000000,0.000000,0.000000,0.000000,0.000000,0.000000,0.000000,0.000000,0.000000,0.000000,0.000000,0.000000,0.000000,0.000000,0.000000,0.000000
0.000000,0.000000,0.000000,0.000000,0.000000,0.000000,0.000000,0.000000,0.000000,0.000000,0.000000,0.000000,0.000000,0.000000,0.000000,0.000000,0.000000,0.000000,0.000000,0.000000,0.000000,0.000000,0.000000,0.000000,0.000000,0.000000,0.000000,0.000000,0.000000,0.000000,0.000000,0.000000,0.000000,0.000000,0.000000,0.000000,0.000000,1000.134482,1000.130615,1000.126461,1000.122405,1000.118739,1000.115127,1000.112832,1000.110750,1000.108826,1000.107253,1000.106163,1000.105608,1000.105557,1000.106172,1000.106615,1000.107446,1000.108531,1000.109672,1000.110933,1000.112407,1000.114136,1000.116115,1000.118235,1000.120457,1000.123079,1000.124647,1000.126224,1000.128550,1000.132112,0.000000,0.000000,0.000000,0.000000,0.000000,0.000000,0.000000,0.000000,0.000000,0.000000,0.000000,0.000000,0.000000,0.000000,0.000000,0.000000,0.000000,0.000000,0.000000,0.000000,0.000000,0.000000,0.000000,0.000000,0.000000,0.000000,0.000000,0.000000,0.000000,0.000000,0.000000,0.000000,0.000000,0.000000,0.000000,0.000000,0.000000
0.000000,0.000000,0.000000,0.000000,0.000000,0.000000,0.000000,0.000000,0.000000,0.000000,0.000000,0.000000,0.000000,0.000000,0.000000,0.000000,0.000000,0.000000,0.000000,0.000000,0.000000,0.000000,0.000000,0.000000,0.000000,0.000000,0.000000,0.000000,0.000000,0.000000,0.000000,0.000000,0.000000,0.000000,0.000000,0.000000,0.000000,0.000000,0.000000,0.000000,0.000000,0.000000,1000.127759,1000.125566,1000.123384,1000.121310,1000.119454,1000.118152,1000.117687,1000.118354,1000.119484,1000.119709,1000.121003,1000.121741,1000.122477,1000.123504,1000.124980,1000.126758,1000.128747,1000.130994,1000.133594,0.000000,0.000000,0.000000,0.000000,0.000000,0.000000,0.000000,0.000000,0.000000,0.000000,0.000000,0.000000,0.000000,0.000000,0.000000,0.000000,0.000000,0.000000,0.000000,0.000000,0.000000,0.000000,0.000000,0.000000,0.000000,0.000000,0.000000,0.000000,0.000000,0.000000,0.000000,0.000000,0.000000,0.000000,0.000000,0.000000,0.000000,0.000000,0.000000,0.000000,0.000000,0.000000
0.000000,0.000000,0.000000,0.000000,0.000000,0.000000,0.000000,0.000000,0.000000,0.000000,0.000000,0.000000,0.000000,0.000000,0.000000,0.000000,0.000000,0.000000,0.000000,0.000000,0.000000,0.000000,0.000000,0.000000,0.000000,0.000000,0.000000,0.000000,0.000000,0.000000,0.000000,0.000000,0.000000,0.000000,0.000000,0.000000,0.000000,0.000000,0.000000,0.000000,0.000000,0.000000,0.000000,0.000000,0.000000,0.000000,0.000000,0.000000,0.000000,0.000000,0.000000,1000.133404,0.000000,0.000000,0.000000,0.000000,0.000000,0.000000,0.000000,0.000000,0.000000,0.000000,0.000000,0.000000,0.000000,0.000000,0.000000,0.000000,0.000000,0.000000,0.000000,0.000000,0.000000,0.000000,0.000000,0.000000,0.000000,0.000000,0.000000,0.000000,0.000000,0.000000,0.000000,0.000000,0.000000,0.000000,0.000000,0.000000,0.000000,0.000000,0.000000,0.000000,0.000000,0.000000,0.000000,0.000000,0.000000,0.000000,0.000000,0.000000,0.000000,0.000000,0.000000
0.000000,0.000000,0.000000,0.000000,0.000000,0.000000,0.000000,0.000000,0.000000,0.000000,0.000000,0.000000,0.000000,0.000000,0.000000,0.000000,0.000000,0.000000,0.000000,0.000000,0.000000,0.000000,0.000000,0.000000,0.000000,0.000000,0.000000,0.000000,0.000000,0.000000,0.000000,0.000000,0.000000,0.000000,0.000000,0.000000,0.000000,0.000000,0.000000,0.000000,0.000000,0.000000,0.000000,0.000000,0.000000,0.000000,0.000000,0.000000,0.000000,0.000000,0.000000,0.000000,0.000000,0.000000,0.000000,0.000000,0.000000,0.000000,0.000000,0.000000,0.000000,0.000000,0.000000,0.000000,0.000000,0.000000,0.000000,0.000000,0.000000,0.000000,0.000000,0.000000,0.000000,0.000000,0.000000,0.000000,0.000000,0.000000,0.000000,0.000000,0.000000,0.000000,0.000000,0.000000,0.000000,0.000000,0.000000,0.000000,0.000000,0.000000,0.000000,0.000000,0.000000,0.000000,0.000000,0.000000,0.000000,0.000000,0.000000,0.000000,0.000000,0.000000,0.000000
