0.000000,0.000000,0.000000,0.000000,0.000000,0.000000,0.000000,0.000000,0.000000,0.000000,0.000000,0.000000,0.000000,0.000000,0.000000,0.000000,0.000000,0.000000,0.000000,0.000000,0.000000,0.000000,0.000000,0.000000,0.000000,0.000000,0.000000,0.000000,0.000000,0.000000,0.000000,0.000000,0.000000,0.000000,0.000000,0.000000,0.000000,0.000000,0.000000,0.000000,0.000000,0.000000,0.000000,0.000000,0.000000,0.000000,0.000000,0.000000,0.000000,0.000000,0.000000,0.000000,0.000000,0.000000,0.000000,0.000000,0.000000,0.000000,0.000000,0.000000,0.000000,0.000000,0.000000,0.000000,0.000000,0.000000,0.000000,0.000000,0.000000,0.000000,0.000000,0.000000,0.000000,0.000000,0.000000,0.000000,0.000000,0.000000,0.000000,0.000000,0.000000,0.000000,0.000000,0.000000,0.000000,0.000000,0.000000,0.000000,0.000000,0.000000,0.000000,0.000000,0.000000,0.000000,0.000000,0.000000,0.000000,0.000000,0.000000,0.000000,0.000000,0.000000,0.000000
0.000000,0.000000,0.000000,0.000000,0.000000,0.000000,0.000000,0.000000,0.000000,0.000000,0.000000,0.000000,0.000000,0.000000,0.000000,0.000000,0.000000,0.000000,0.000000,0.000000,0.000000,0.000000,0.000000,0.000000,0.000000,0.000000,0.000000,0.000000,0.000000,0.000000,0.000000,0.000000,0.000000,0.000000,0.000000,0.000000,0.000000,0.000000,0.000000,0.000000,0.000000,0.000000,0.000000,0.000000,0.000000,0.000000,0.000000,0.000000,0.000000,0.000000,0.000000,1000.000881,0.000000,0.000000,0.000000,0.000000,0.000000,0.000000,0.000000,0.000000,0.000000,0.000000,0.000000,0.000000,0.000000,0.000000,0.000000,0.000000,0.000000,0.000000,0.000000,0.000000,0.000000,0.000000,0.000000,0.000000,0.000000,0.000000,0.000000,0.000000,0.000000,0.000000,0.000000,0.000000,0.000000,0.000000,0.000000,0.000000,0.000000,0.000000,0.000000,0.000000,0.000000,0.000000,0.000000,0.000000,0.000000,0.000000,0.000000,0.000000,0.000000,0.000000,0.000000
0.000000,0.000000,0.000000,0.000000,0.000000,0.000000,0.000000,0.000000,0.000000,0.000000,0.000000,0.000000,0.000000,0.000000,0.000000,0.000000,0.000000,0.000000,0.000000,0.000000,0.000000,0.000000,0.000000,0.000000,0.000000,0.000000,0.000000,0.000000,0.000000,0.000000,0.000000,0.000000,0.000000,0.000000,0.000000,0.000000,0.000000,0.000000,0.000000,0.000000,0.000000,0.000000,1000.000853,1000.001013,1000.001170,1000.001297,1000.001387,1000.001441,1000.001475,1000.001484,1000.001463,1000.001436,1000.001343,1000.001275,1000.001241,1000.001226,1000.001194,1000.001129,1000.001044,1000.000950,1000.000818,0.000000,0.000000,0.000000,0.000000,0.000000,0.000000,0.000000,0.000000,0.000000,0.000000,0.000000,0.000000,0.000000,0.000000,0.000000,0.000000,0.000000,0.000000,0.000000,0.000000,0.000000,0.000000,0.000000,0.000000,0.000000,0.000000,0.000000,0.000000,0.000000,0.000000,0.000000,0.000000,0.000000,0.000000,0.000000,0.000000,0.000000,0.000000,0.000000,0.000000,0.000000,0.000000
0.000000,0.000000,0.000000,0.000000,0.000000,0.000000,0.000000,0.000000,0.000000,0.000000,0.000000,0.000000,0.000000,0.000000,0.000000,0.000000,0.000000,0.000000,0.000000,0.000000,0.000000,0.000000,0.000000,0.000000,0.000000,0.000000,0.000000,0.000000,0.000000,0.000000,0.000000,0.000000,0.000000,0.000000,0.000000,0.000000,0.000000,1000.000534,1000.000773,1000.000997,1000.001202,1000.001380,1000.001570,1000.001689,1000.001794,1000.001879,1000.001935,1000.001968,1000.001982,1000.001983,1000.001968,1000.001956,1000.001929,1000.001897,1000.001865,1000.001832,1000.001790,1000.001736,1000.001660,1000.001564,1000.001455,1000.001322,1000.001215,1000.001116,1000.000994,1000.000797,0.000000,0.000000,0.000000,0.000000,0.000000,0.000000,0.000000,0.000000,0.000000,0.000000,0.000000,0.000000,0.000000,0.000000,0.000000,0.000000,0.000000,0.000000,0.000000,0.000000,0.000000,0.000000,0.000000,0.000000,0.000000,0.000000,0.000000,0.000000,0.000000,0.000000,0.000000,0.000000,0.000000,0.000000,0.000000,0.000000,0.000000
0.000000,0.000000,0.000000,0.000000,0.000000,0.000000,0.000000,0.000000,0.000000,0.000000,0.000000,0.000000,0.000000,0.000000,0.000000,0.000000,0.000000,0.000000,0.000000,0.000000,0.000000,0.000000,0.000000,0.000000,0.000000,0.000000,0.000000,0.000000,0.000000,0.000000,0.000000,0.000000,0.000000,0.000000,1000.000678,1000.000899,1000.001105,1000.001341,1000.001532,1000.001713,1000.001882,1000.002035,1000.002173,1000.002279,1000.002361,1000.002418,1000.002453,1000.002472,1000.002476,1000.002473,1000.002468,1000.002462,1000.002458,1000.002451,1000.002436,1000.002409,1000.002371,1000.002315,1000.002243,1000.002155,1000.002060,1000.001958,1000.001860,1000.001743,1000.001618,1000.001482,1000.001346,1000.001184,1000.000966,0.000000,0.000000,0.000000,0.000000,0.000000,0.000000,0.000000,0.000000,0.000000,0.000000,0.000000,0.000000,0.000000,0.000000,0.000000,0.000000,0.000000,0.000000,0.000000,0.000000,0.000000,0.000000,0.000000,0.000000,0.000000,0.000000,0.000000,0.000000,0.000000,0.000000,0.000000,0.000000,0.000000,0.000000
0.000000,0.000000,0.000000,0.000000,0.000000,0.000000,0.000000,0.000000,0.000000,0.000000,0.000000,0.000000,0.000000,0.000000,0.000000,0.000000,0.000000,0.000000,0.000000,0.000000,0.000000,0.000000,0.000000,0.000000,0.000000,0.000000,0.000000,0.000000,0.000000,0.000000,0.000000,0.000000,1000.000809,1000.001085,1000.001351,1000.001573,1000.001787,1000.001997,1000.002177,1000.002337,1000.002470,1000.002588,1000.002686,1000.002769,1000.002827,1000.002866,1000.002893,1000.002907,1000.002910,1000.002905,1000.002897,1000.002893,1000.002899,1000.002905,1000.002903,1000.002887,1000.002856,1000.002807,1000.002746,1000.002676,1000.002601,1000.002517,1000.002421,1000.002311,1000.002190,1000.002058,1000.001903,1000.001738,1000.001532,1000.001259,1000.000964,0.000000,0.000000,0.000000,0.000000,0.000000,0.000000,0.000000,0.000000,0.000000,0.000000,0.000000,0.000000,0.000000,0.000000,0.000000,0.000000,0.000000,0.000000,0.000000,0.000000,0.000000,0.000000,0.000000,0.000000,0.000000,0.000000,0.000000,0.000000,0.000000,0.000000,0.000000,0.000000
0.000000,0.000000,0.000000,0.000000,0.000000,0.000000,0.000000,0.000000,0.000000,0.000000,0.000000,0.000000,0.000000,0.000000,0.000000,0.000000,0.000000,0.000000,0.000000,0.000000,0.000000,0.000000,0.000000,0.000000,0.000000,0.000000,0.000000,0.000000,0.000000,0.000000,1000.000945,1000.001229,1000.001504,1000.001731,1000.001953,1000.002163,1000.002364,1000.002543,1000.002697,1000.002819,1000.002913,1000.002989,1000.003050,1000.003098,1000.003131,1000.003156,1000.003177,1000.003190,1000.003193,1000.003189,1000.003182,1000.003179,1000.003182,1000.003186,1000.003187,1000.003179,1000.003160,1000.003132,1000.003095,1000.003052,1000.003003,1000.002943,1000.002866,1000.002778,1000.002674,1000.002552,1000.002404,1000.002233,1000.002038,1000.001814,1000.001568,1000.001262,1000.000915,0.000000,0.000000,0.000000,0.000000,0.000000,0.000000,0.000000,0.000000,0.000000,0.000000,0.000000,0.000000,0.000000,0.000000,0.000000,0.000000,0.000000,0.000000,0.000000,0.000000,0.000000,0.000000,0.000000,0.000000,0.000000,0.000000,0.000000,0.000000,0.000000,0.000000
0.000000,0.000000,0.000000,0.000000,0.000000,0.000000,0.000000,0.000000,0.000000,0.000000,0.000000,0.000000,0.000000,0.000000,0.000000,0.000000,0.000000,0.000000,0.000000,0.000000,0.000000,0.000000,0.000000,0.000000,0.000000,0.000000,0.000000,0.000000,1000.001032,1000.001311,1000.001590,1000.001832,1000.002070,1000.002289,1000.002489,1000.002666,1000.002820,1000.002948,1000.003048,1000.003119,1000.003164,1000.003192,1000.003209,1000.003219,1000.003225,1000.003234,1000.003242,1000.003250,1000.003253,1000.003252,1000.003251,1000.003250,1000.003249,1000.003246,1000.003242,1000.003239,1000.003237,1000.003232,1000.003224,1000.003212,1000.003195,1000.003170,1000.003132,1000.003081,1000.003013,1000.002923,1000.002809,1000.002668,1000.002501,1000.002306,1000.002083,1000.001830,1000.001561,1000.001283,1000.000967,0.000000,0.000000,0.000000,0.000000,0.000000,0.000000,0.000000,0.000000,0.000000,0.000000,0.000000,0.000000,0.000000,0.000000,0.000000,0.000000,0.000000,0.000000,0.000000,0.000000,0.000000,0.000000,0.000000,0.000000,0.000000,0.000000,0.000000,0.000000
0.000000,0.000000,0.000000,0.000000,0.000000,0.000000,0.000000,0.000000,0.000000,0.000000,0.000000,0.000000,0.000000,0.000000,0.000000,0.000000,0.000000,0.000000,0.000000,0.000000,0.000000,0.000000,0.000000,0.000000,0.000000,0.000000,1000.000958,1000.001292,1000.001600,1000.001854,1000.002105,1000.002338,1000.002557,1000.002747,1000.002903,1000.003027,1000.003116,1000.003174,1000.003204,1000.003213,1000.003204,1000.003183,1000.003160,1000.003138,1000.003122,1000.003112,1000.003106,1000.003102,1000.003101,1000.003104,1000.003107,1000.003111,1000.003110,1000.003104,1000.003098,1000.003099,1000.003109,1000.003123,1000.003138,1000.003151,1000.003163,1000.003174,1000.003180,1000.003176,1000.003163,1000.003132,1000.003077,1000.002994,1000.002880,1000.002735,1000.002559,1000.002353,1000.002115,1000.001858,1000.001620,1000.001413,1000.001103,0.000000,0.000000,0.000000,0.000000,0.000000,0.000000,0.000000,0.000000,0.000000,0.000000,0.000000,0.000000,0.000000,0.000000,0.000000,0.000000,0.000000,0.000000,0.000000,0.000000,0.000000,0.000000,0.000000,0.000000,0.000000,0.000000
0.000000,0.000000,0.000000,0.000000,0.000000,0.000000,0.000000,0.000000,0.000000,0.000000,0.000000,0.000000,0.000000,0.000000,0.000000,0.000000,0.000000,0.000000,0.000000,0.000000,0.000000,0.000000,0.000000,0.000000,1000.000799,1000.001178,1000.001525,1000.001815,1000.002083,1000.002324,1000.002549,1000.002751,1000.002920,1000.003053,1000.003146,1000.003199,1000.003215,1000.003202,1000.003167,1000.003119,1000.003064,1000.003011,1000.002963,1000.002922,1000.002889,1000.002862,1000.002841,1000.002826,1000.002818,1000.002820,1000.002826,1000.002831,1000.002832,1000.002829,1000.002827,1000.002833,1000.002851,1000.002877,1000.002906,1000.002937,1000.002972,1000.003011,1000.003050,1000.003090,1000.003128,1000.003161,1000.003179,1000.003175,1000.003138,1000.003062,1000.002950,1000.002806,1000.002623,1000.002404,1000.002172,1000.001932,1000.001680,1000.001340,1000.000914,0.000000,0.000000,0.000000,0.000000,0.000000,0.000000,0.000000,0.000000,0.000000,0.000000,0.000000,0.000000,0.000000,0.000000,0.000000,0.000000,0.000000,0.000000,0.000000,0.000000,0.000000,0.000000,0.000000,0.000000
0.000000,0.000000,0.000000,0.000000,0.000000,0.000000,0.000000,0.000000,0.000000,0.000000,0.000000,0.000000,0.000000,0.000000,0.000000,0.000000,0.000000,0.000000,0.000000,0.000000,0.000000,0.000000,0.000000,1000.001023,1000.001401,1000.001721,1000.002025,1000.002294,1000.002530,1000.002730,1000.002898,1000.003034,1000.003128,1000.003181,1000.003195,1000.003174,1000.003128,1000.003062,1000.002981,1000.002895,1000.002814,1000.002744,1000.002684,1000.002633,1000.002589,1000.002549,1000.002513,1000.002487,1000.002473,1000.002470,1000.002475,1000.002481,1000.002486,1000.002489,1000.002493,1000.002506,1000.002531,1000.002567,1000.002608,1000.002653,1000.002703,1000.002758,1000.002819,1000.002884,1000.002958,1000.003039,1000.003118,1000.003186,1000.003231,1000.003239,1000.003207,1000.003136,1000.003019,1000.002858,1000.002663,1000.002430,1000.002173,1000.001862,1000.001503,1000.001036,0.000000,0.000000,0.000000,0.000000,0.000000,0.000000,0.000000,0.000000,0.000000,0.000000,0.000000,0.000000,0.000000,0.000000,0.000000,0.000000,0.000000,0.000000,0.000000,0.000000,0.000000,0.000000,0.000000
0.000000,0.000000,0.000000,0.000000,0.000000,0.000000,0.000000,0.000000,0.000000,0.000000,0.000000,0.000000,0.000000,0.000000,0.000000,0.000000,0.000000,0.000000,0.000000,0.000000,0.000000,1000.000793,1000.001207,1000.001586,1000.001908,1000.002209,1000.002489,1000.002722,1000.002900,1000.003029,1000.003116,1000.003162,1000.003167,1000.003136,1000.003077,1000.003001,1000.002912,1000.002814,1000.002709,1000.002605,1000.002512,1000.002435,1000.002371,1000.002315,1000.002261,1000.002208,1000.002161,1000.002125,1000.002106,1000.002098,1000.002099,1000.002105,1000.002115,1000.002125,1000.002137,1000.002157,1000.002189,1000.002234,1000.002287,1000.002342,1000.002400,1000.002466,1000.002538,1000.002618,1000.002710,1000.002816,1000.002931,1000.003048,1000.003154,1000.003235,1000.003284,1000.003293,1000.003257,1000.003172,1000.003042,1000.002865,1000.002640,1000.002354,1000.002030,1000.001674,1000.001297,1000.000847,0.000000,0.000000,0.000000,0.000000,0.000000,0.000000,0.000000,0.000000,0.000000,0.000000,0.000000,0.000000,0.000000,0.000000,0.000000,0.000000,0.000000,0.000000,0.000000,0.000000,0.000000
0.000000,0.000000,0.000000,0.000000,0.000000,0.000000,0.000000,0.000000,0.000000,0.000000,0.000000,0.000000,0.000000,0.000000,0.000000,0.000000,0.000000,0.000000,0.000000,0.000000,1000.000889,1000.001329,1000.001698,1000.002041,1000.002352,1000.002638,1000.002870,1000.003036,1000.003132,1000.003171,1000.003165,1000.003123,1000.003052,1000.002958,1000.002852,1000.002741,1000.002627,1000.002512,1000.002396,1000.002288,1000.002194,1000.002115,1000.002048,1000.001985,1000.001922,1000.001861,1000.001808,1000.001769,1000.001743,1000.001730,1000.001726,1000.001731,1000.001744,1000.001761,1000.001781,1000.001808,1000.001846,1000.001897,1000.001956,1000.002020,1000.002086,1000.002157,1000.002235,1000.002325,1000.002427,1000.002543,1000.002673,1000.002813,1000.002953,1000.003080,1000.003185,1000.003262,1000.003305,1000.003310,1000.003269,1000.003177,1000.003022,1000.002803,1000.002517,1000.002195,1000.001848,1000.001477,1000.001015,0.000000,0.000000,0.000000,0.000000,0.000000,0.000000,0.000000,0.000000,0.000000,0.000000,0.000000,0.000000,0.000000,0.000000,0.000000,0.000000,0.000000,0.000000,0.000000,0.000000
0.000000,0.000000,0.000000,0.000000,0.000000,0.000000,0.000000,0.000000,0.000000,0.000000,0.000000,0.000000,0.000000,0.000000,0.000000,0.000000,0.000000,0.000000,0.000000,1000.000999,1000.001417,1000.001786,1000.002129,1000.002452,1000.002732,1000.002958,1000.003114,1000.003188,1000.003187,1000.003134,1000.003051,1000.002948,1000.002827,1000.002699,1000.002567,1000.002437,1000.002308,1000.002184,1000.002068,1000.001963,1000.001871,1000.001791,1000.001718,1000.001648,1000.001579,1000.001516,1000.001463,1000.001424,1000.001396,1000.001378,1000.001370,1000.001372,1000.001386,1000.001407,1000.001434,1000.001468,1000.001513,1000.001567,1000.001630,1000.001699,1000.001772,1000.001847,1000.001931,1000.002025,1000.002132,1000.002252,1000.002385,1000.002530,1000.002683,1000.002831,1000.002966,1000.003086,1000.003187,1000.003267,1000.003319,1000.003327,1000.003268,1000.003133,1000.002923,1000.002654,1000.002337,1000.002004,1000.001633,1000.001199,0.000000,0.000000,0.000000,0.000000,0.000000,0.000000,0.000000,0.000000,0.000000,0.000000,0.000000,0.000000,0.000000,0.000000,0.000000,0.000000,0.000000,0.000000,0.000000
0.000000,0.000000,0.000000,0.000000,0.000000,0.000000,0.000000,0.000000,0.000000,0.000000,0.000000,0.000000,0.000000,0.000000,0.000000,0.000000,0.000000,0.000000,1000.001101,1000.001502,1000.001860,1000.002198,1000.002524,1000.002799,1000.003008,1000.003147,1000.003202,1000.003173,1000.003084,1000.002963,1000.002830,1000.002692,1000.002549,1000.002404,1000.002260,1000.002117,1000.001979,1000.001852,1000.001736,1000.001632,1000.001540,1000.001458,1000.001381,1000.001307,1000.001238,1000.001178,1000.001129,1000.001092,1000.001065,1000.001047,1000.001038,1000.001039,1000.001050,1000.001071,1000.001102,1000.001143,1000.001194,1000.001252,1000.001318,1000.001390,1000.001464,1000.001542,1000.001628,1000.001724,1000.001830,1000.001949,1000.002080,1000.002224,1000.002379,1000.002535,1000.002684,1000.002826,1000.002962,1000.003095,1000.003216,1000.003308,1000.003348,1000.003313,1000.003198,1000.003010,1000.002759,1000.002455,1000.002128,1000.001766,1000.001335,0.000000,0.000000,0.000000,0.000000,0.000000,0.000000,0.000000,0.000000,0.000000,0.000000,0.000000,0.000000,0.000000,0.000000,0.000000,0.000000,0.000000,0.000000
0.000000,0.000000,0.000000,0.000000,0.000000,0.000000,0.000000,0.000000,0.000000,0.000000,0.000000,0.000000,0.000000,0.000000,0.000000,0.000000,0.000000,1000.001147,1000.001565,1000.001929,1000.002262,1000.002579,1000.002853,1000.003052,1000.003168,1000.003199,1000.003149,1000.003035,1000.002884,1000.002721,1000.002562,1000.002408,1000.002257,1000.002105,1000.001953,1000.001803,1000.001660,1000.001529,1000.001409,1000.001302,1000.001208,1000.001124,1000.001048,1000.000976,1000.000912,1000.000856,1000.000812,1000.000777,1000.000751,1000.000735,1000.000729,1000.000729,1000.000737,1000.000755,1000.000787,1000.000831,1000.000886,1000.000947,1000.001015,1000.001089,1000.001165,1000.001244,1000.001327,1000.001421,1000.001525,1000.001638,1000.001764,1000.001904,1000.002057,1000.002216,1000.002372,1000.002526,1000.002682,1000.002845,1000.003009,1000.003159,1000.003275,1000.003336,1000.003326,1000.003236,1000.003070,1000.002831,1000.002536,1000.002213,1000.001838,1000.001368,0.000000,0.000000,0.000000,0.000000,0.000000,0.000000,0.000000,0.000000,0.000000,0.000000,0.000000,0.000000,0.000000,0.000000,0.000000,0.000000,0.000000
0.000000,0.000000,0.000000,0.000000,0.000000,0.000000,0.000000,0.000000,0.000000,0.000000,0.000000,0.000000,0.000000,0.000000,0.000000,0.000000,1000.001151,1000.001598,1000.001977,1000.002318,1000.002629,1000.002892,1000.003083,1000.003187,1000.003197,1000.003128,1000.002996,1000.002824,1000.002636,1000.002452,1000.002282,1000.002122,1000.001966,1000.001811,1000.001656,1000.001502,1000.001356,1000.001221,1000.001097,1000.000985,1000.000890,1000.000807,1000.000733,1000.000667,1000.000607,1000.000556,1000.000513,1000.000479,1000.000455,1000.000442,1000.000436,1000.000435,1000.000442,1000.000459,1000.000489,1000.000532,1000.000586,1000.000648,1000.000717,1000.000791,1000.000869,1000.000949,1000.001032,1000.001120,1000.001217,1000.001324,1000.001442,1000.001577,1000.001727,1000.001885,1000.002046,1000.002208,1000.002376,1000.002555,1000.002743,1000.002929,1000.003095,1000.003227,1000.003310,1000.003325,1000.003257,1000.003104,1000.002876,1000.002587,1000.002259,1000.001868,1000.001373,0.000000,0.000000,0.000000,0.000000,0.000000,0.000000,0.000000,0.000000,0.000000,0.000000,0.000000,0.000000,0.000000,0.000000,0.000000,0.000000
0.000000,0.000000,0.000000,0.000000,0.000000,0.000000,0.000000,0.000000,0.000000,0.000000,0.000000,0.000000,0.000000,0.000000,0.000000,1000.001169,1000.001607,1000.001995,1000.002349,1000.002668,1000.002921,1000.003097,1000.003188,1000.003188,1000.003106,1000.002963,1000.002778,1000.002572,1000.002366,1000.002175,1000.002002,1000.001839,1000.001680,1000.001524,1000.001366,1000.001210,1000.001062,1000.000926,1000.000799,1000.000688,1000.000593,1000.000513,1000.000441,1000.000376,1000.000320,1000.000271,1000.000229,1000.000195,1000.000173,1000.000160,1000.000153,1000.000152,1000.000158,1000.000175,1000.000205,1000.000245,1000.000295,1000.000355,1000.000422,1000.000495,1000.000573,1000.000655,1000.000739,1000.000826,1000.000916,1000.001015,1000.001127,1000.001256,1000.001403,1000.001561,1000.001724,1000.001891,1000.002068,1000.002256,1000.002455,1000.002658,1000.002853,1000.003030,1000.003178,1000.003281,1000.003315,1000.003263,1000.003125,1000.002907,1000.002621,1000.002287,1000.001892,1000.001422,0.000000,0.000000,0.000000,0.000000,0.000000,0.000000,0.000000,0.000000,0.000000,0.000000,0.000000,0.000000,0.000000,0.000000,0.000000
0.000000,0.000000,0.000000,0.000000,0.000000,0.000000,0.000000,0.000000,0.000000,0.000000,0.000000,0.000000,0.000000,0.000000,1000.001177,1000.001593,1000.001983,1000.002347,1000.002678,1000.002936,1000.003103,1000.003176,1000.003164,1000.003076,1000.002928,1000.002738,1000.002522,1000.002300,1000.002088,1000.001896,1000.001721,1000.001556,1000.001397,1000.001239,1000.001079,1000.000923,1000.000777,1000.000641,1000.000517,1000.000409,1000.000317,1000.000236,1000.000164,1000.000099,1000.000044,999.999995,999.999953,999.999921,999.999899,999.999886,999.999878,999.999876,999.999883,999.999901,999.999930,999.999967,1000.000013,1000.000068,1000.000132,1000.000204,1000.000281,1000.000364,1000.000449,1000.000536,1000.000626,1000.000721,1000.000828,1000.000953,1000.001097,1000.001255,1000.001422,1000.001594,1000.001774,1000.001966,1000.002167,1000.002373,1000.002577,1000.002775,1000.002963,1000.003128,1000.003250,1000.003303,1000.003269,1000.003143,1000.002931,1000.002646,1000.002306,1000.001911,1000.001453,0.000000,0.000000,0.000000,0.000000,0.000000,0.000000,0.000000,0.000000,0.000000,0.000000,0.000000,0.000000,0.000000,0.000000
0.000000,0.000000,0.000000,0.000000,0.000000,0.000000,0.000000,0.000000,0.000000,0.000000,0.000000,0.000000,0.000000,1000.001091,1000.001534,1000.001935,1000.002309,1000.002653,1000.002926,1000.003100,1000.003166,1000.003138,1000.003040,1000.002888,1000.002696,1000.002477,1000.002245,1000.002017,1000.001805,1000.001613,1000.001439,1000.001274,1000.001113,1000.000956,1000.000798,1000.000644,1000.000500,1000.000368,1000.000250,1000.000147,1000.000058,999.999977,999.999902,999.999835,999.999777,999.999727,999.999686,999.999655,999.999633,999.999619,999.999609,999.999606,999.999614,999.999633,999.999660,999.999696,999.999740,999.999793,999.999854,999.999924,1000.000000,1000.000082,1000.000167,1000.000256,1000.000348,1000.000446,1000.000553,1000.000676,1000.000816,1000.000971,1000.001139,1000.001317,1000.001499,1000.001688,1000.001885,1000.002087,1000.002291,1000.002495,1000.002701,1000.002905,1000.003090,1000.003232,1000.003303,1000.003281,1000.003160,1000.002948,1000.002652,1000.002299,1000.001889,1000.001405,0.000000,0.000000,0.000000,0.000000,0.000000,0.000000,0.000000,0.000000,0.000000,0.000000,0.000000,0.000000,0.000000
0.000000,0.000000,0.000000,0.000000,0.000000,0.000000,0.000000,0.000000,0.000000,0.000000,0.000000,0.000000,1000.000890,1000.001416,1000.001853,1000.002244,1000.002603,1000.002894,1000.003084,1000.003157,1000.003122,1000.003010,1000.002849,1000.002654,1000.002435,1000.002200,1000.001962,1000.001734,1000.001525,1000.001336,1000.001161,1000.000994,1000.000834,1000.000677,1000.000521,1000.000372,1000.000235,1000.000110,999.999999,999.999901,999.999814,999.999733,999.999656,999.999586,999.999524,999.999471,999.999428,999.999396,999.999373,999.999355,999.999343,999.999340,999.999348,999.999367,999.999394,999.999430,999.999475,999.999529,999.999591,999.999659,999.999734,999.999814,999.999899,999.999990,1000.000085,1000.000188,1000.000299,1000.000421,1000.000558,1000.000708,1000.000873,1000.001048,1000.001231,1000.001419,1000.001613,1000.001812,1000.002014,1000.002220,1000.002433,1000.002654,1000.002876,1000.003079,1000.003234,1000.003312,1000.003293,1000.003168,1000.002939,1000.002619,1000.002240,1000.001804,1000.001283,0.000000,0.000000,0.000000,0.000000,0.000000,0.000000,0.000000,0.000000,0.000000,0.000000,0.000000,0.000000
0.000000,0.000000,0.000000,0.000000,0.000000,0.000000,0.000000,0.000000,0.000000,0.000000,0.000000,1000.000665,1000.001259,1000.001741,1000.002162,1000.002540,1000.002852,1000.003062,1000.003148,1000.003116,1000.002996,1000.002822,1000.002618,1000.002397,1000.002164,1000.001923,1000.001686,1000.001464,1000.001260,1000.001073,1000.000895,1000.000724,1000.000561,1000.000403,1000.000250,1000.000107,999.999979,999.999864,999.999760,999.999667,999.999581,999.999499,999.999421,999.999348,999.999282,999.999225,999.999178,999.999141,999.999113,999.999090,999.999077,999.999075,999.999084,999.999103,999.999131,999.999168,999.999215,999.999272,999.999335,999.999404,999.999479,999.999559,999.999645,999.999737,999.999836,999.999941,1000.000056,1000.000179,1000.000313,1000.000459,1000.000618,1000.000789,1000.000971,1000.001160,1000.001355,1000.001555,1000.001760,1000.001967,1000.002181,1000.002405,1000.002639,1000.002873,1000.003084,1000.003243,1000.003324,1000.003298,1000.003153,1000.002893,1000.002539,1000.002130,1000.001673,1000.001146,0.000000,0.000000,0.000000,0.000000,0.000000,0.000000,0.000000,0.000000,0.000000,0.000000,0.000000
0.000000,0.000000,0.000000,0.000000,0.000000,0.000000,0.000000,0.000000,0.000000,0.000000,0.000000,1000.001071,1000.001609,1000.002072,1000.002477,1000.002806,1000.003038,1000.003143,1000.003120,1000.002998,1000.002814,1000.002599,1000.002372,1000.002138,1000.001900,1000.001660,1000.001428,1000.001211,1000.001012,1000.000825,1000.000643,1000.000468,1000.000299,1000.000138,999.999987,999.999852,999.999733,999.999626,999.999528,999.999437,999.999351,999.999269,999.999190,999.999115,999.999044,999.998980,999.998927,999.998884,999.998851,999.998827,999.998815,999.998816,999.998829,999.998849,999.998877,999.998912,999.998959,999.999016,999.999080,999.999150,999.999227,999.999310,999.999400,999.999494,999.999594,999.999700,999.999814,999.999938,1000.000072,1000.000216,1000.000372,1000.000541,1000.000723,1000.000915,1000.001112,1000.001315,1000.001523,1000.001733,1000.001946,1000.002167,1000.002400,1000.002641,1000.002880,1000.003097,1000.003260,1000.003334,1000.003289,1000.003111,1000.002812,1000.002423,1000.001987,1000.001512,0.000000,0.000000,0.000000,0.000000,0.000000,0.000000,0.000000,0.000000,0.000000,0.000000,0.000000
0.000000,0.000000,0.000000,0.000000,0.000000,0.000000,0.000000,0.000000,0.000000,0.000000,1000.000869,1000.001477,1000.001970,1000.002407,1000.002761,1000.003012,1000.003141,1000.003136,1000.003018,1000.002828,1000.002603,1000.002365,1000.002126,1000.001888,1000.001650,1000.001412,1000.001183,1000.000971,1000.000774,1000.000586,1000.000401,1000.000219,1000.000047,999.999886,999.999739,999.999610,999.999496,999.999393,999.999297,999.999205,999.999119,999.999036,999.998955,999.998876,999.998802,999.998733,999.998675,999.998628,999.998592,999.998570,999.998562,999.998568,999.998585,999.998608,999.998634,999.998667,999.998709,999.998762,999.998825,999.998896,999.998974,999.999061,999.999155,999.999253,999.999354,999.999461,999.999575,999.999698,999.999832,999.999976,1000.000132,1000.000301,1000.000485,1000.000679,1000.000880,1000.001084,1000.001295,1000.001508,1000.001722,1000.001940,1000.002170,1000.002411,1000.002659,1000.002906,1000.003127,1000.003285,1000.003341,1000.003260,1000.003040,1000.002709,1000.002294,1000.001809,1000.001191,0.000000,0.000000,0.000000,0.000000,0.000000,0.000000,0.000000,0.000000,0.000000,0.000000
0.000000,0.000000,0.000000,0.000000,0.000000,0.000000,0.000000,0.000000,0.000000,1000.000731,1000.001336,1000.001854,1000.002315,1000.002706,1000.002983,1000.003133,1000.003150,1000.003047,1000.002858,1000.002627,1000.002381,1000.002133,1000.001889,1000.001650,1000.001412,1000.001174,1000.000945,1000.000733,1000.000536,1000.000345,1000.000156,999.999973,999.999803,999.999646,999.999505,999.999379,999.999264,999.999160,999.999061,999.998968,999.998879,999.998794,999.998712,999.998632,999.998556,999.998488,999.998430,999.998382,999.998347,999.998327,999.998322,999.998330,999.998347,999.998370,999.998396,999.998426,999.998464,999.998513,999.998573,999.998643,999.998723,999.998812,999.998908,999.999009,999.999114,999.999224,999.999340,999.999464,999.999598,999.999742,999.999898,1000.000067,1000.000252,1000.000450,1000.000653,1000.000859,1000.001070,1000.001285,1000.001502,1000.001720,1000.001948,1000.002189,1000.002440,1000.002698,1000.002952,1000.003171,1000.003311,1000.003330,1000.003204,1000.002945,1000.002578,1000.002122,1000.001598,1000.000946,0.000000,0.000000,0.000000,0.000000,0.000000,0.000000,0.000000,0.000000,0.000000
0.000000,0.000000,0.000000,0.000000,0.000000,0.000000,0.000000,0.000000,0.000000,1000.001168,1000.001719,1000.002200,1000.002625,1000.002940,1000.003119,1000.003156,1000.003070,1000.002893,1000.002662,1000.002413,1000.002161,1000.001909,1000.001662,1000.001422,1000.001181,1000.000938,1000.000706,1000.000493,1000.000293,1000.000098,999.999908,999.999728,999.999563,999.999414,999.999277,999.999151,999.999034,999.998924,999.998821,999.998723,999.998632,999.998545,999.998462,999.998384,999.998313,999.998250,999.998195,999.998150,999.998118,999.998098,999.998092,999.998097,999.998109,999.998129,999.998153,999.998183,999.998221,999.998269,999.998328,999.998398,999.998477,999.998566,999.998662,999.998766,999.998877,999.998993,999.999113,999.999240,999.999374,999.999517,999.999673,999.999841,1000.000026,1000.000226,1000.000431,1000.000637,1000.000847,1000.001063,1000.001281,1000.001503,1000.001733,1000.001973,1000.002226,1000.002490,1000.002756,1000.003009,1000.003212,1000.003318,1000.003290,1000.003122,1000.002825,1000.002407,1000.001913,1000.001358,0.000000,0.000000,0.000000,0.000000,0.000000,0.000000,0.000000,0.000000,0.000000
0.000000,0.000000,0.000000,0.000000,0.000000,0.000000,0.000000,0.000000,1000.001057,1000.001583,1000.002058,1000.002502,1000.002862,1000.003087,1000.003157,1000.003089,1000.002925,1000.002703,1000.002455,1000.002202,1000.001948,1000.001694,1000.001443,1000.001196,1000.000949,1000.000703,1000.000470,1000.000255,1000.000054,999.999858,999.999668,999.999493,999.999334,999.999188,999.999052,999.998924,999.998803,999.998689,999.998581,999.998480,999.998385,999.998296,999.998214,999.998141,999.998076,999.998019,999.997969,999.997929,999.997899,999.997880,999.997871,999.997870,999.997877,999.997891,999.997913,999.997944,999.997984,999.998033,999.998093,999.998164,999.998243,999.998330,999.998425,999.998531,999.998646,999.998767,999.998893,999.999023,999.999159,999.999303,999.999458,999.999625,999.999809,1000.000007,1000.000211,1000.000416,1000.000625,1000.000841,1000.001063,1000.001290,1000.001523,1000.001765,1000.002016,1000.002280,1000.002552,1000.002821,1000.003062,1000.003233,1000.003296,1000.003224,1000.003009,1000.002659,1000.002196,1000.001660,1000.001005,0.000000,0.000000,0.000000,0.000000,0.000000,0.000000,0.000000,0.000000
0.000000,0.000000,0.000000,0.000000,0.000000,0.000000,0.000000,0.000000,1000.001400,1000.001893,1000.002343,1000.002742,1000.003023,1000.003146,1000.003110,1000.002961,1000.002747,1000.002503,1000.002251,1000.001998,1000.001742,1000.001483,1000.001226,1000.000972,1000.000721,1000.000474,1000.000242,1000.000030,999.999830,999.999635,999.999448,999.999277,999.999119,999.998973,999.998835,999.998704,999.998580,999.998464,999.998352,999.998246,999.998148,999.998058,999.997979,999.997909,999.997849,999.997797,999.997753,999.997718,999.997691,999.997671,999.997658,999.997652,999.997654,999.997665,999.997686,999.997717,999.997758,999.997809,999.997870,999.997942,999.998022,999.998109,999.998203,999.998308,999.998423,999.998547,999.998677,999.998811,999.998952,999.999100,999.999255,999.999421,999.999602,999.999795,999.999995,1000.000197,1000.000406,1000.000624,1000.000850,1000.001083,1000.001322,1000.001566,1000.001816,1000.002075,1000.002347,1000.002624,1000.002887,1000.003104,1000.003241,1000.003261,1000.003134,1000.002853,1000.002436,1000.001922,1000.001367,0.000000,0.000000,0.000000,0.000000,0.000000,0.000000,0.000000,0.000000
0.000000,0.000000,0.000000,0.000000,0.000000,0.000000,0.000000,1000.001193,1000.001708,1000.002158,1000.002576,1000.002912,1000.003107,1000.003131,1000.003010,1000.002803,1000.002561,1000.002309,1000.002055,1000.001800,1000.001539,1000.001275,1000.001011,1000.000754,1000.000501,1000.000256,1000.000029,999.999822,999.999625,999.999433,999.999250,999.999081,999.998924,999.998776,999.998635,999.998503,999.998378,999.998259,999.998143,999.998033,999.997932,999.997842,999.997764,999.997695,999.997637,999.997588,999.997549,999.997518,999.997492,999.997470,999.997454,999.997445,999.997443,999.997453,999.997474,999.997505,999.997545,999.997596,999.997659,999.997734,999.997817,999.997906,999.997999,999.998101,999.998213,999.998337,999.998469,999.998608,999.998754,999.998905,999.999061,999.999225,999.999404,999.999593,999.999787,999.999987,1000.000196,1000.000416,1000.000646,1000.000885,1000.001130,1000.001378,1000.001627,1000.001883,1000.002152,1000.002433,1000.002709,1000.002958,1000.003151,1000.003251,1000.003210,1000.003006,1000.002652,1000.002171,1000.001615,1000.000936,0.000000,0.000000,0.000000,0.000000,0.000000,0.000000,0.000000
0.000000,0.000000,0.000000,0.000000,0.000000,0.000000,0.000000,1000.001466,1000.001933,1000.002369,1000.002753,1000.003019,1000.003126,1000.003066,1000.002883,1000.002641,1000.002385,1000.002128,1000.001869,1000.001608,1000.001340,1000.001070,1000.000805,1000.000545,1000.000293,1000.000053,999.999832,999.999630,999.999437,999.999249,999.999070,999.998903,999.998746,999.998596,999.998454,999.998320,999.998194,999.998073,999.997954,999.997843,999.997742,999.997652,999.997573,999.997503,999.997443,999.997396,999.997358,999.997328,999.997301,999.997278,999.997259,999.997247,999.997244,999.997254,999.997274,999.997305,999.997345,999.997396,999.997461,999.997539,999.997626,999.997718,999.997811,999.997910,999.998020,999.998141,999.998273,999.998414,999.998564,999.998718,999.998874,999.999037,999.999213,999.999398,999.999588,999.999786,999.999996,1000.000219,1000.000451,1000.000694,1000.000947,1000.001200,1000.001451,1000.001706,1000.001973,1000.002254,1000.002539,1000.002809,1000.003042,1000.003205,1000.003246,1000.003123,1000.002833,1000.002397,1000.001857,1000.001269,0.000000,0.000000,0.000000,0.000000,0.000000,0.000000,0.000000
0.000000,0.000000,0.000000,0.000000,0.000000,0.000000,1000.001144,1000.001674,1000.002131,1000.002553,1000.002885,1000.003077,1000.003102,1000.002974,1000.002749,1000.002489,1000.002225,1000.001960,1000.001694,1000.001425,1000.001151,1000.000877,1000.000610,1000.000351,1000.000101,999.999865,999.999649,999.999452,999.999264,999.999080,999.998904,999.998738,999.998580,999.998429,999.998285,999.998148,999.998020,999.997897,999.997779,999.997669,999.997569,999.997480,999.997399,999.997327,999.997265,999.997217,999.997178,999.997145,999.997115,999.997090,999.997071,999.997059,999.997057,999.997067,999.997088,999.997119,999.997160,999.997212,999.997277,999.997355,999.997445,999.997540,999.997636,999.997735,999.997841,999.997959,999.998089,999.998231,999.998382,999.998538,999.998694,999.998856,999.999030,999.999212,999.999399,999.999595,999.999806,1000.000031,1000.000265,1000.000510,1000.000767,1000.001028,1000.001284,1000.001541,1000.001809,1000.002088,1000.002376,1000.002660,1000.002920,1000.003132,1000.003246,1000.003205,1000.002987,1000.002612,1000.002108,1000.001529,1000.000823,0.000000,0.000000,0.000000,0.000000,0.000000,0.000000
0.000000,0.000000,0.000000,0.000000,0.000000,0.000000,1000.001394,1000.001855,1000.002314,1000.002710,1000.002985,1000.003101,1000.003050,1000.002871,1000.002622,1000.002350,1000.002077,1000.001803,1000.001529,1000.001252,1000.000972,1000.000696,1000.000429,1000.000172,999.999925,999.999694,999.999481,999.999287,999.999102,999.998921,999.998746,999.998579,999.998420,999.998267,999.998120,999.997982,999.997852,999.997729,999.997613,999.997505,999.997407,999.997317,999.997234,999.997160,999.997097,999.997046,999.997003,999.996966,999.996933,999.996908,999.996889,999.996879,999.996880,999.996892,999.996915,999.996946,999.996988,999.997039,999.997103,999.997179,999.997268,999.997366,999.997466,999.997567,999.997673,999.997787,999.997914,999.998054,999.998205,999.998363,999.998521,999.998684,999.998856,999.999036,999.999219,999.999414,999.999626,999.999853,1000.000087,1000.000333,1000.000592,1000.000857,1000.001120,1000.001382,1000.001652,1000.001932,1000.002222,1000.002513,1000.002793,1000.003039,1000.003211,1000.003250,1000.003111,1000.002799,1000.002347,1000.001796,1000.001175,0.000000,0.000000,0.000000,0.000000,0.000000,0.000000
0.000000,0.000000,0.000000,0.000000,0.000000,1000.001044,1000.001567,1000.002045,1000.002493,1000.002842,1000.003051,1000.003091,1000.002977,1000.002761,1000.002496,1000.002215,1000.001932,1000.001648,1000.001367,1000.001084,1000.000802,1000.000527,1000.000262,1000.000006,999.999763,999.999536,999.999327,999.999135,999.998951,999.998772,999.998597,999.998428,999.998266,999.998110,999.997961,999.997822,999.997693,999.997571,999.997456,999.997349,999.997250,999.997159,999.997076,999.997001,999.996937,999.996882,999.996834,999.996793,999.996759,999.996732,999.996715,999.996707,999.996711,999.996725,999.996748,999.996781,999.996823,999.996874,999.996934,999.997007,999.997093,999.997191,999.997295,999.997400,999.997506,999.997619,999.997743,999.997880,999.998031,999.998189,999.998350,999.998516,999.998689,999.998867,999.999049,999.999243,999.999455,999.999684,999.999919,1000.000163,1000.000421,1000.000688,1000.000954,1000.001221,1000.001496,1000.001780,1000.002072,1000.002369,1000.002660,1000.002930,1000.003147,1000.003254,1000.003196,1000.002956,1000.002563,1000.002060,1000.001502,1000.000861,0.000000,0.000000,0.000000,0.000000,0.000000
0.000000,0.000000,0.000000,0.000000,0.000000,1000.001218,1000.001731,1000.002227,1000.002651,1000.002946,1000.003077,1000.003043,1000.002882,1000.002642,1000.002366,1000.002078,1000.001784,1000.001494,1000.001207,1000.000922,1000.000641,1000.000367,1000.000103,999.999848,999.999606,999.999384,999.999181,999.998992,999.998810,999.998633,999.998457,999.998285,999.998119,999.997960,999.997810,999.997670,999.997541,999.997419,999.997305,999.997197,999.997097,999.997005,999.996923,999.996849,999.996784,999.996726,999.996674,999.996630,999.996595,999.996568,999.996551,999.996545,999.996549,999.996564,999.996587,999.996621,999.996663,999.996714,999.996773,999.996842,999.996924,999.997019,999.997123,999.997231,999.997340,999.997452,999.997574,999.997711,999.997860,999.998018,999.998180,999.998350,999.998526,999.998706,999.998890,999.999083,999.999294,999.999522,999.999758,1000.000000,1000.000257,1000.000523,1000.000790,1000.001060,1000.001338,1000.001626,1000.001924,1000.002227,1000.002525,1000.002809,1000.003056,1000.003217,1000.003236,1000.003075,1000.002748,1000.002294,1000.001769,1000.001186,0.000000,0.000000,0.000000,0.000000,0.000000
0.000000,0.000000,0.000000,0.000000,1000.000652,1000.001347,1000.001910,1000.002403,1000.002785,1000.003013,1000.003064,1000.002966,1000.002770,1000.002517,1000.002235,1000.001939,1000.001641,1000.001347,1000.001057,1000.000771,1000.000490,1000.000217,999.999951,999.999694,999.999453,999.999237,999.999041,999.998856,999.998678,999.998500,999.998323,999.998149,999.997980,999.997818,999.997666,999.997525,999.997394,999.997272,999.997156,999.997048,999.996948,999.996858,999.996776,999.996703,999.996637,999.996577,999.996524,999.996479,999.996443,999.996416,999.996400,999.996394,999.996398,999.996411,999.996434,999.996468,999.996510,999.996560,999.996619,999.996687,999.996767,999.996858,999.996959,999.997066,999.997176,999.997290,999.997412,999.997548,999.997697,999.997854,999.998016,999.998187,999.998367,999.998550,999.998737,999.998932,999.999141,999.999366,999.999601,999.999843,1000.000098,1000.000364,1000.000632,1000.000902,1000.001181,1000.001472,1000.001775,1000.002085,1000.002391,1000.002683,1000.002947,1000.003147,1000.003231,1000.003149,1000.002890,1000.002494,1000.002009,1000.001481,1000.000891,0.000000,0.000000,0.000000,0.000000
0.000000,0.000000,0.000000,0.000000,1000.000882,1000.001521,1000.002082,1000.002552,1000.002889,1000.003047,1000.003024,1000.002875,1000.002653,1000.002393,1000.002107,1000.001809,1000.001510,1000.001214,1000.000922,1000.000634,1000.000351,1000.000076,999.999807,999.999547,999.999309,999.999099,999.998909,999.998729,999.998552,999.998373,999.998193,999.998015,999.997845,999.997682,999.997529,999.997386,999.997254,999.997130,999.997014,999.996907,999.996809,999.996718,999.996636,999.996563,999.996496,999.996435,999.996382,999.996337,999.996302,999.996277,999.996262,999.996256,999.996259,999.996270,999.996292,999.996324,999.996365,999.996415,999.996473,999.996541,999.996619,999.996708,999.996806,999.996912,999.997023,999.997137,999.997259,999.997395,999.997543,999.997700,999.997863,999.998034,999.998214,999.998400,999.998592,999.998788,999.998994,999.999216,999.999450,999.999692,999.999945,1000.000211,1000.000481,1000.000752,1000.001031,1000.001322,1000.001627,1000.001944,1000.002259,1000.002559,1000.002833,1000.003058,1000.003191,1000.003182,1000.002996,1000.002657,1000.002210,1000.001702,1000.001126,0.000000,0.000000,0.000000,0.000000
0.000000,0.000000,0.000000,0.000000,1000.001044,1000.001680,1000.002240,1000.002677,1000.002959,1000.003052,1000.002971,1000.002781,1000.002540,1000.002273,1000.001988,1000.001692,1000.001393,1000.001096,1000.000802,1000.000510,1000.000223,999.999944,999.999671,999.999413,999.999180,999.998974,999.998787,999.998608,999.998429,999.998248,999.998064,999.997885,999.997713,999.997550,999.997396,999.997252,999.997119,999.996995,999.996880,999.996774,999.996676,999.996586,999.996504,999.996429,999.996360,999.996298,999.996245,999.996203,999.996170,999.996148,999.996135,999.996130,999.996132,999.996143,999.996162,999.996192,999.996232,999.996280,999.996337,999.996404,999.996481,999.996570,999.996667,999.996773,999.996883,999.996998,999.997120,999.997255,999.997402,999.997558,999.997721,999.997893,999.998074,999.998262,999.998455,999.998653,999.998857,999.999074,999.999305,999.999547,999.999800,1000.000065,1000.000339,1000.000615,1000.000893,1000.001181,1000.001486,1000.001807,1000.002129,1000.002438,1000.002722,1000.002964,1000.003135,1000.003186,1000.003072,1000.002790,1000.002380,1000.001883,1000.001330,0.000000,0.000000,0.000000,0.000000
0.000000,0.000000,0.000000,1000.000512,1000.001206,1000.001840,1000.002376,1000.002774,1000.003003,1000.003038,1000.002910,1000.002691,1000.002434,1000.002162,1000.001879,1000.001587,1000.001290,1000.000991,1000.000691,1000.000392,1000.000101,999.999818,999.999547,999.999294,999.999066,999.998861,999.998672,999.998490,999.998309,999.998125,999.997939,999.997758,999.997584,999.997419,999.997266,999.997124,999.996992,999.996867,999.996751,999.996645,999.996548,999.996458,999.996376,999.996299,999.996230,999.996170,999.996120,999.996080,999.996051,999.996030,999.996018,999.996013,999.996015,999.996025,999.996043,999.996071,999.996110,999.996157,999.996213,999.996278,999.996355,999.996442,999.996539,999.996645,999.996756,999.996874,999.996997,999.997130,999.997275,999.997429,999.997592,999.997766,999.997948,999.998136,999.998330,999.998529,999.998734,999.998948,999.999174,999.999412,999.999663,999.999928,1000.000204,1000.000486,1000.000766,1000.001054,1000.001358,1000.001679,1000.002005,1000.002321,1000.002614,1000.002872,1000.003072,1000.003172,1000.003120,1000.002894,1000.002519,1000.002041,1000.001509,1000.000923,0.000000,0.000000,0.000000
0.000000,0.000000,0.000000,1000.000721,1000.001370,1000.001984,1000.002494,1000.002856,1000.003030,1000.003009,1000.002845,1000.002606,1000.002338,1000.002062,1000.001781,1000.001493,1000.001196,1000.000892,1000.000585,1000.000280,999.999984,999.999701,999.999434,999.999188,999.998963,999.998755,999.998559,999.998373,999.998191,999.998006,999.997819,999.997635,999.997460,999.997295,999.997144,999.997004,999.996872,999.996747,999.996629,999.996522,999.996424,999.996335,999.996253,999.996178,999.996110,999.996054,999.996007,999.995970,999.995942,999.995921,999.995908,999.995902,999.995904,999.995914,999.995931,999.995958,999.995995,999.996042,999.996098,999.996164,999.996239,999.996325,999.996421,999.996527,999.996640,999.996759,999.996885,999.997018,999.997159,999.997311,999.997476,999.997652,999.997835,999.998023,999.998217,999.998418,999.998623,999.998834,999.999056,999.999289,999.999536,999.999800,1000.000077,1000.000360,1000.000646,1000.000937,1000.001243,1000.001564,1000.001890,1000.002209,1000.002512,1000.002783,1000.003006,1000.003147,1000.003148,1000.002970,1000.002629,1000.002171,1000.001655,1000.001137,0.000000,0.000000,0.000000
0.000000,0.000000,0.000000,1000.000874,1000.001526,1000.002120,1000.002604,1000.002925,1000.003042,1000.002970,1000.002777,1000.002525,1000.002251,1000.001971,1000.001690,1000.001403,1000.001105,1000.000796,1000.000483,1000.000174,999.999876,999.999594,999.999332,999.999090,999.998865,999.998651,999.998449,999.998260,999.998078,999.997894,999.997706,999.997522,999.997346,999.997183,999.997034,999.996895,999.996763,999.996635,999.996516,999.996409,999.996312,999.996224,999.996144,999.996070,999.996004,999.995950,999.995906,999.995869,999.995840,999.995818,999.995804,999.995797,999.995799,999.995808,999.995824,999.995849,999.995884,999.995930,999.995988,999.996055,999.996131,999.996217,999.996313,999.996418,999.996533,999.996653,999.996780,999.996913,999.997054,999.997204,999.997369,999.997547,999.997732,999.997921,999.998115,999.998317,999.998523,999.998731,999.998948,999.999177,999.999421,999.999682,999.999958,1000.000241,1000.000528,1000.000826,1000.001136,1000.001459,1000.001786,1000.002108,1000.002417,1000.002701,1000.002943,1000.003115,1000.003159,1000.003025,1000.002717,1000.002283,1000.001782,1000.001279,0.000000,0.000000,0.000000
0.000000,0.000000,0.000000,1000.001010,1000.001670,1000.002243,1000.002698,1000.002976,1000.003041,1000.002927,1000.002709,1000.002448,1000.002171,1000.001889,1000.001603,1000.001313,1000.001014,1000.000703,1000.000388,1000.000079,999.999781,999.999500,999.999239,999.998999,999.998772,999.998554,999.998347,999.998156,999.997973,999.997790,999.997603,999.997419,999.997245,999.997084,999.996936,999.996797,999.996662,999.996534,999.996416,999.996310,999.996215,999.996128,999.996048,999.995975,999.995910,999.995856,999.995811,999.995773,999.995743,999.995720,999.995704,999.995697,999.995698,999.995707,999.995722,999.995745,999.995777,999.995822,999.995880,999.995950,999.996029,999.996116,999.996214,999.996319,999.996433,999.996554,999.996681,999.996814,999.996955,999.997104,999.997268,999.997447,999.997634,999.997825,999.998022,999.998225,999.998432,999.998638,999.998851,999.999078,999.999319,999.999577,999.999849,1000.000129,1000.000418,1000.000720,1000.001034,1000.001358,1000.001689,1000.002016,1000.002331,1000.002626,1000.002885,1000.003078,1000.003156,1000.003064,1000.002792,1000.002382,1000.001891,1000.001346,0.000000,0.000000,0.000000
0.000000,0.000000,0.000000,1000.001139,1000.001784,1000.002346,1000.002773,1000.003009,1000.003028,1000.002879,1000.002644,1000.002376,1000.002097,1000.001811,1000.001520,1000.001226,1000.000926,1000.000616,1000.000303,999.999996,999.999699,999.999416,999.999156,999.998916,999.998687,999.998465,999.998255,999.998062,999.997879,999.997696,999.997510,999.997328,999.997157,999.996998,999.996849,999.996707,999.996571,999.996443,999.996326,999.996222,999.996128,999.996043,999.995964,999.995891,999.995825,999.995768,999.995721,999.995682,999.995651,999.995626,999.995611,999.995604,999.995604,999.995612,999.995627,999.995650,999.995680,999.995723,999.995779,999.995849,999.995931,999.996021,999.996121,999.996229,999.996343,999.996462,999.996588,999.996722,999.996862,999.997011,999.997174,999.997351,999.997538,999.997732,999.997934,999.998141,999.998348,999.998554,999.998766,999.998991,999.999231,999.999485,999.999751,1000.000026,1000.000316,1000.000621,1000.000937,1000.001262,1000.001594,1000.001926,1000.002248,1000.002552,1000.002825,1000.003037,1000.003142,1000.003091,1000.002860,1000.002470,1000.001958,1000.001371,0.000000,0.000000,0.000000
0.000000,0.000000,1000.000578,1000.001261,1000.001887,1000.002429,1000.002828,1000.003024,1000.003005,1000.002834,1000.002588,1000.002313,1000.002028,1000.001736,1000.001440,1000.001144,1000.000843,1000.000536,1000.000226,999.999922,999.999625,999.999342,999.999082,999.998841,999.998610,999.998385,999.998173,999.997977,999.997793,999.997609,999.997425,999.997247,999.997080,999.996922,999.996772,999.996628,999.996491,999.996363,999.996248,999.996144,999.996050,999.995966,999.995888,999.995814,999.995746,999.995688,999.995639,999.995599,999.995566,999.995541,999.995525,999.995518,999.995519,999.995527,999.995542,999.995565,999.995595,999.995636,999.995691,999.995759,999.995841,999.995933,999.996035,999.996145,999.996260,999.996380,999.996505,999.996639,999.996779,999.996928,999.997089,999.997264,999.997450,999.997645,999.997850,999.998061,999.998270,999.998477,999.998691,999.998916,999.999155,999.999405,999.999664,999.999936,1000.000225,1000.000532,1000.000849,1000.001173,1000.001503,1000.001837,1000.002165,1000.002476,1000.002759,1000.002987,1000.003117,1000.003105,1000.002916,1000.002552,1000.002039,1000.001396,1000.000607,0.000000,0.000000
0.000000,0.000000,1000.000714,1000.001358,1000.001966,1000.002491,1000.002863,1000.003029,1000.002984,1000.002797,1000.002542,1000.002259,1000.001965,1000.001666,1000.001364,1000.001066,1000.000767,1000.000462,1000.000155,999.999853,999.999557,999.999276,999.999017,999.998775,999.998541,999.998313,999.998098,999.997901,999.997714,999.997530,999.997349,999.997176,999.997013,999.996856,999.996704,999.996558,999.996420,999.996292,999.996177,999.996074,999.995981,999.995897,999.995818,999.995744,999.995675,999.995616,999.995566,999.995525,999.995491,999.995466,999.995450,999.995444,999.995445,999.995453,999.995468,999.995490,999.995521,999.995561,999.995614,999.995681,999.995761,999.995854,999.995957,999.996068,999.996184,999.996305,999.996431,999.996565,999.996707,999.996855,999.997014,999.997187,999.997373,999.997568,999.997773,999.997984,999.998195,999.998406,999.998623,999.998851,999.999088,999.999336,999.999591,999.999860,1000.000149,1000.000456,1000.000772,1000.001093,1000.001421,1000.001752,1000.002081,1000.002400,1000.002692,1000.002933,1000.003089,1000.003111,1000.002954,1000.002611,1000.002109,1000.001479,1000.000787,0.000000,0.000000
0.000000,0.000000,1000.000793,1000.001431,1000.002024,1000.002528,1000.002884,1000.003031,1000.002970,1000.002771,1000.002507,1000.002214,1000.001908,1000.001600,1000.001294,1000.000994,1000.000697,1000.000395,1000.000091,999.999791,999.999497,999.999218,999.998959,999.998716,999.998479,999.998248,999.998031,999.997831,999.997643,999.997459,999.997282,999.997113,999.996952,999.996796,999.996642,999.996495,999.996356,999.996228,999.996114,999.996012,999.995920,999.995835,999.995755,999.995680,999.995611,999.995552,999.995502,999.995460,999.995427,999.995402,999.995387,999.995381,999.995382,999.995390,999.995405,999.995427,999.995457,999.995498,999.995550,999.995615,999.995694,999.995785,999.995887,999.995998,999.996114,999.996236,999.996364,999.996500,999.996643,999.996792,999.996950,999.997122,999.997307,999.997502,999.997704,999.997913,999.998126,999.998343,999.998565,999.998795,999.999032,999.999276,999.999531,999.999799,1000.000087,1000.000392,1000.000705,1000.001022,1000.001345,1000.001675,1000.002006,1000.002329,1000.002630,1000.002886,1000.003063,1000.003112,1000.002978,1000.002650,1000.002157,1000.001539,1000.000854,0.000000,0.000000
0.000000,0.000000,1000.000851,1000.001479,1000.002058,1000.002547,1000.002895,1000.003035,1000.002964,1000.002756,1000.002481,1000.002175,1000.001857,1000.001540,1000.001232,1000.000934,1000.000637,1000.000338,1000.000039,999.999741,999.999446,999.999165,999.998905,999.998661,999.998423,999.998191,999.997973,999.997771,999.997582,999.997400,999.997224,999.997057,999.996896,999.996740,999.996587,999.996440,999.996301,999.996173,999.996059,999.995957,999.995865,999.995779,999.995698,999.995623,999.995556,999.995497,999.995447,999.995406,999.995373,999.995349,999.995334,999.995328,999.995330,999.995339,999.995354,999.995376,999.995406,999.995445,999.995496,999.995560,999.995638,999.995729,999.995829,999.995936,999.996051,999.996172,999.996302,999.996441,999.996586,999.996736,999.996895,999.997067,999.997252,999.997446,999.997646,999.997852,999.998066,999.998288,999.998516,999.998749,999.998986,999.999228,999.999481,999.999752,1000.000040,1000.000340,1000.000647,1000.000958,1000.001276,1000.001606,1000.001941,1000.002269,1000.002579,1000.002852,1000.003049,1000.003115,1000.002993,1000.002669,1000.002177,1000.001557,1000.000853,0.000000,0.000000
0.000000,0.000000,1000.000886,1000.001509,1000.002078,1000.002560,1000.002900,1000.003037,1000.002963,1000.002748,1000.002461,1000.002143,1000.001815,1000.001493,1000.001184,1000.000887,1000.000591,1000.000295,999.999998,999.999701,999.999404,999.999118,999.998855,999.998610,999.998373,999.998143,999.997926,999.997723,999.997533,999.997351,999.997175,999.997007,999.996847,999.996691,999.996539,999.996394,999.996255,999.996127,999.996013,999.995910,999.995816,999.995729,999.995648,999.995574,999.995508,999.995451,999.995401,999.995361,999.995329,999.995306,999.995291,999.995285,999.995286,999.995296,999.995312,999.995335,999.995366,999.995405,999.995454,999.995518,999.995594,999.995683,999.995781,999.995886,999.995997,999.996117,999.996247,999.996387,999.996534,999.996686,999.996847,999.997020,999.997205,999.997400,999.997597,999.997801,999.998016,999.998242,999.998476,999.998711,999.998949,999.999191,999.999444,999.999715,1000.000002,1000.000299,1000.000597,1000.000899,1000.001214,1000.001543,1000.001883,1000.002221,1000.002542,1000.002831,1000.003047,1000.003126,1000.003006,1000.002676,1000.002174,1000.001542,1000.000814,0.000000,0.000000
0.000000,0.000000,1000.000900,1000.001532,1000.002099,1000.002571,1000.002903,1000.003034,1000.002958,1000.002739,1000.002446,1000.002120,1000.001785,1000.001458,1000.001149,1000.000852,1000.000557,1000.000264,999.999968,999.999669,999.999367,999.999076,999.998809,999.998563,999.998329,999.998104,999.997889,999.997688,999.997497,999.997312,999.997135,999.996966,999.996806,999.996651,999.996501,999.996358,999.996220,999.996091,999.995975,999.995869,999.995773,999.995685,999.995604,999.995532,999.995468,999.995411,999.995363,999.995323,999.995292,999.995269,999.995255,999.995249,999.995251,999.995261,999.995278,999.995302,999.995334,999.995374,999.995424,999.995485,999.995561,999.995648,999.995743,999.995845,999.995954,999.996074,999.996204,999.996343,999.996488,999.996642,999.996805,999.996979,999.997166,999.997361,999.997560,999.997763,999.997977,999.998205,999.998442,999.998682,999.998922,999.999165,999.999417,999.999685,999.999969,1000.000261,1000.000554,1000.000851,1000.001159,1000.001487,1000.001832,1000.002179,1000.002515,1000.002819,1000.003051,1000.003139,1000.003015,1000.002673,1000.002158,1000.001517,1000.000774,0.000000,0.000000
0.000000,0.000000,1000.000914,1000.001554,1000.002118,1000.002582,1000.002904,1000.003028,1000.002948,1000.002728,1000.002436,1000.002107,1000.001767,1000.001437,1000.001125,1000.000827,1000.000533,1000.000240,999.999945,999.999643,999.999338,999.999043,999.998772,999.998524,999.998291,999.998070,999.997862,999.997663,999.997470,999.997282,999.997102,999.996934,999.996775,999.996620,999.996472,999.996330,999.996193,999.996064,999.995945,999.995837,999.995739,999.995650,999.995569,999.995498,999.995434,999.995379,999.995332,999.995293,999.995262,999.995241,999.995227,999.995222,999.995224,999.995234,999.995251,999.995276,999.995309,999.995350,999.995401,999.995463,999.995537,999.995622,999.995715,999.995814,999.995923,999.996042,999.996172,999.996309,999.996452,999.996605,999.996768,999.996944,999.997134,999.997333,999.997534,999.997737,999.997950,999.998179,999.998418,999.998662,999.998905,999.999148,999.999398,999.999662,999.999940,1000.000227,1000.000518,1000.000812,1000.001117,1000.001442,1000.001789,1000.002144,1000.002492,1000.002808,1000.003049,1000.003143,1000.003015,1000.002660,1000.002135,1000.001500,1000.000771,0.000000,0.000000
0.000000,0.000000,1000.000930,1000.001574,1000.002135,1000.002594,1000.002908,1000.003023,1000.002939,1000.002719,1000.002428,1000.002102,1000.001761,1000.001426,1000.001109,1000.000808,1000.000514,1000.000221,999.999925,999.999622,999.999316,999.999021,999.998747,999.998495,999.998262,999.998045,999.997840,999.997643,999.997448,999.997257,999.997077,999.996910,999.996752,999.996599,999.996452,999.996311,999.996176,999.996046,999.995925,999.995815,999.995715,999.995626,999.995545,999.995472,999.995409,999.995355,999.995309,999.995271,999.995242,999.995220,999.995207,999.995202,999.995205,999.995215,999.995232,999.995256,999.995290,999.995333,999.995385,999.995448,999.995521,999.995604,999.995696,999.995794,999.995902,999.996022,999.996152,999.996287,999.996428,999.996578,999.996741,999.996917,999.997109,999.997311,999.997516,999.997722,999.997937,999.998166,999.998406,999.998651,999.998895,999.999138,999.999387,999.999646,999.999918,1000.000201,1000.000491,1000.000784,1000.001088,1000.001411,1000.001757,1000.002117,1000.002470,1000.002791,1000.003037,1000.003130,1000.002999,1000.002639,1000.002115,1000.001496,1000.000804,0.000000,0.000000
0.000000,0.000000,1000.000945,1000.001587,1000.002148,1000.002606,1000.002917,1000.003025,1000.002935,1000.002714,1000.002425,1000.002101,1000.001761,1000.001423,1000.001103,1000.000797,1000.000499,1000.000205,999.999909,999.999607,999.999303,999.999009,999.998734,999.998479,999.998244,999.998027,999.997824,999.997626,999.997430,999.997238,999.997058,999.996892,999.996735,999.996583,999.996438,999.996300,999.996167,999.996039,999.995917,999.995805,999.995705,999.995614,999.995531,999.995457,999.995394,999.995340,999.995296,999.995259,999.995230,999.995208,999.995194,999.995189,999.995192,999.995203,999.995220,999.995245,999.995280,999.995324,999.995377,999.995440,999.995513,999.995596,999.995686,999.995783,999.995890,999.996010,999.996139,999.996275,999.996416,999.996564,999.996724,999.996899,999.997092,999.997296,999.997505,999.997716,999.997934,999.998165,999.998406,999.998649,999.998891,999.999133,999.999381,999.999638,999.999906,1000.000186,1000.000474,1000.000768,1000.001072,1000.001394,1000.001741,1000.002101,1000.002454,1000.002772,1000.003014,1000.003106,1000.002972,1000.002612,1000.002094,1000.001492,1000.000857,0.000000,0.000000
0.000000,1000.000293,1000.000987,1000.001599,1000.002154,1000.002614,1000.002927,1000.003033,1000.002939,1000.002715,1000.002426,1000.002102,1000.001763,1000.001426,1000.001104,1000.000794,1000.000492,1000.000196,999.999899,999.999599,999.999298,999.999006,999.998731,999.998475,999.998238,999.998019,999.997812,999.997613,999.997416,999.997225,999.997046,999.996881,999.996724,999.996574,999.996432,999.996295,999.996165,999.996040,999.995921,999.995809,999.995707,999.995614,999.995529,999.995453,999.995389,999.995335,999.995291,999.995254,999.995225,999.995203,999.995190,999.995185,999.995188,999.995199,999.995216,999.995242,999.995277,999.995322,999.995377,999.995440,999.995514,999.995596,999.995685,999.995781,999.995886,999.996005,999.996135,999.996273,999.996414,999.996561,999.996719,999.996893,999.997084,999.997288,999.997499,999.997715,999.997939,999.998172,999.998413,999.998653,999.998892,999.999133,999.999382,999.999640,999.999905,1000.000182,1000.000468,1000.000761,1000.001066,1000.001391,1000.001737,1000.002095,1000.002444,1000.002757,1000.002991,1000.003076,1000.002941,1000.002581,1000.002072,1000.001498,1000.000919,1000.000318,0.000000
0.000000,0.000000,1000.000959,1000.001596,1000.002161,1000.002624,1000.002936,1000.003042,1000.002948,1000.002723,1000.002431,1000.002106,1000.001768,1000.001434,1000.001112,1000.000800,1000.000495,1000.000198,999.999900,999.999599,999.999301,999.999012,999.998738,999.998482,999.998243,999.998019,999.997809,999.997606,999.997410,999.997221,999.997043,999.996877,999.996721,999.996573,999.996432,999.996298,999.996170,999.996049,999.995933,999.995822,999.995719,999.995623,999.995536,999.995459,999.995394,999.995339,999.995294,999.995258,999.995229,999.995208,999.995194,999.995189,999.995192,999.995202,999.995220,999.995247,999.995284,999.995330,999.995385,999.995448,999.995521,999.995603,999.995692,999.995787,999.995890,999.996008,999.996138,999.996277,999.996420,999.996568,999.996727,999.996899,999.997087,999.997288,999.997499,999.997719,999.997948,999.998184,999.998423,999.998661,999.998897,999.999139,999.999390,999.999650,999.999916,1000.000190,1000.000472,1000.000764,1000.001071,1000.001399,1000.001744,1000.002098,1000.002441,1000.002747,1000.002973,1000.003051,1000.002912,1000.002554,1000.002052,1000.001484,1000.000895,0.000000,0.000000
0.000000,0.000000,1000.000954,1000.001599,1000.002162,1000.002629,1000.002944,1000.003051,1000.002960,1000.002736,1000.002442,1000.002114,1000.001776,1000.001445,1000.001127,1000.000816,1000.000510,1000.000211,999.999911,999.999609,999.999312,999.999027,999.998756,999.998500,999.998258,999.998030,999.997814,999.997609,999.997414,999.997227,999.997049,999.996883,999.996728,999.996581,999.996442,999.996308,999.996182,999.996064,999.995951,999.995842,999.995738,999.995641,999.995553,999.995475,999.995408,999.995352,999.995306,999.995270,999.995242,999.995221,999.995208,999.995203,999.995205,999.995215,999.995233,999.995261,999.995299,999.995345,999.995400,999.995463,999.995536,999.995618,999.995706,999.995800,999.995903,999.996020,999.996150,999.996289,999.996434,999.996584,999.996744,999.996917,999.997101,999.997298,999.997508,999.997730,999.997962,999.998199,999.998437,999.998673,999.998908,999.999151,999.999406,999.999668,999.999937,1000.000209,1000.000488,1000.000779,1000.001087,1000.001415,1000.001758,1000.002107,1000.002444,1000.002741,1000.002960,1000.003031,1000.002887,1000.002529,1000.002027,1000.001457,1000.000855,0.000000,0.000000
0.000000,0.000000,1000.000949,1000.001593,1000.002160,1000.002628,1000.002947,1000.003059,1000.002972,1000.002752,1000.002458,1000.002127,1000.001789,1000.001462,1000.001148,1000.000839,1000.000536,1000.000235,999.999932,999.999629,999.999335,999.999053,999.998785,999.998528,999.998283,999.998049,999.997828,999.997622,999.997428,999.997242,999.997065,999.996899,999.996744,999.996599,999.996460,999.996327,999.996202,999.996083,999.995972,999.995865,999.995763,999.995666,999.995578,999.995500,999.995432,999.995375,999.995329,999.995293,999.995265,999.995245,999.995232,999.995226,999.995227,999.995236,999.995254,999.995283,999.995321,999.995368,999.995422,999.995485,999.995558,999.995640,999.995728,999.995822,999.995924,999.996041,999.996171,999.996310,999.996455,999.996607,999.996769,999.996943,999.997126,999.997319,999.997527,999.997750,999.997983,999.998219,999.998454,999.998688,999.998924,999.999169,999.999427,999.999694,999.999965,1000.000238,1000.000515,1000.000802,1000.001110,1000.001438,1000.001778,1000.002121,1000.002451,1000.002741,1000.002951,1000.003014,1000.002866,1000.002506,1000.002000,1000.001420,1000.000799,0.000000,0.000000
0.000000,0.000000,1000.000949,1000.001589,1000.002154,1000.002621,1000.002942,1000.003060,1000.002982,1000.002769,1000.002478,1000.002147,1000.001809,1000.001484,1000.001175,1000.000870,1000.000568,1000.000268,999.999963,999.999658,999.999366,999.999089,999.998823,999.998564,999.998315,999.998078,999.997854,999.997646,999.997451,999.997267,999.997092,999.996925,999.996770,999.996625,999.996487,999.996355,999.996229,999.996110,999.995999,999.995893,999.995793,999.995699,999.995612,999.995533,999.995465,999.995407,999.995361,999.995325,999.995297,999.995277,999.995264,999.995258,999.995258,999.995266,999.995284,999.995313,999.995351,999.995398,999.995452,999.995516,999.995589,999.995670,999.995758,999.995852,999.995955,999.996072,999.996201,999.996340,999.996484,999.996637,999.996801,999.996977,999.997160,999.997352,999.997559,999.997780,999.998010,999.998243,999.998475,999.998709,999.998946,999.999193,999.999453,999.999725,1000.000000,1000.000274,1000.000548,1000.000834,1000.001141,1000.001468,1000.001804,1000.002141,1000.002463,1000.002746,1000.002946,1000.003002,1000.002849,1000.002485,1000.001971,1000.001375,1000.000732,0.000000,0.000000
0.000000,0.000000,1000.000970,1000.001583,1000.002137,1000.002608,1000.002935,1000.003060,1000.002990,1000.002787,1000.002503,1000.002176,1000.001839,1000.001514,1000.001206,1000.000905,1000.000607,1000.000307,1000.000001,999.999695,999.999404,999.999130,999.998865,999.998607,999.998356,999.998117,999.997891,999.997681,999.997485,999.997302,999.997129,999.996963,999.996807,999.996661,999.996522,999.996390,999.996263,999.996144,999.996033,999.995928,999.995830,999.995737,999.995652,999.995573,999.995505,999.995447,999.995400,999.995364,999.995336,999.995317,999.995303,999.995296,999.995296,999.995305,999.995324,999.995353,999.995391,999.995437,999.995492,999.995555,999.995628,999.995709,999.995797,999.995892,999.995997,999.996112,999.996241,999.996378,999.996522,999.996675,999.996841,999.997019,999.997204,999.997396,999.997600,999.997817,999.998042,999.998271,999.998503,999.998737,999.998974,999.999223,999.999485,999.999759,1000.000037,1000.000312,1000.000589,1000.000877,1000.001184,1000.001509,1000.001841,1000.002169,1000.002481,1000.002753,1000.002945,1000.002995,1000.002837,1000.002464,1000.001937,1000.001321,1000.000653,0.000000,0.000000
0.000000,0.000000,1000.000993,1000.001564,1000.002111,1000.002588,1000.002927,1000.003063,1000.003002,1000.002808,1000.002534,1000.002216,1000.001882,1000.001555,1000.001244,1000.000946,1000.000651,1000.000352,1000.000044,999.999737,999.999446,999.999173,999.998910,999.998654,999.998405,999.998166,999.997939,999.997728,999.997531,999.997348,999.997176,999.997011,999.996853,999.996705,999.996565,999.996431,999.996305,999.996186,999.996074,999.995970,999.995873,999.995782,999.995698,999.995621,999.995552,999.995494,999.995446,999.995409,999.995381,999.995362,999.995348,999.995342,999.995342,999.995352,999.995372,999.995402,999.995440,999.995487,999.995542,999.995605,999.995676,999.995756,999.995845,999.995943,999.996048,999.996164,999.996290,999.996427,999.996570,999.996724,999.996891,999.997070,999.997256,999.997448,999.997650,999.997861,999.998079,999.998304,999.998536,999.998772,999.999011,999.999261,999.999524,999.999797,1000.000077,1000.000358,1000.000640,1000.000932,1000.001241,1000.001564,1000.001889,1000.002206,1000.002504,1000.002763,1000.002948,1000.002993,1000.002827,1000.002439,1000.001891,1000.001254,1000.000569,0.000000,0.000000
0.000000,0.000000,1000.000992,1000.001526,1000.002070,1000.002557,1000.002914,1000.003070,1000.003023,1000.002838,1000.002576,1000.002268,1000.001937,1000.001608,1000.001295,1000.000996,1000.000701,1000.000400,1000.000092,999.999785,999.999493,999.999219,999.998958,999.998705,999.998461,999.998225,999.997999,999.997788,999.997591,999.997407,999.997234,999.997067,999.996909,999.996758,999.996615,999.996479,999.996352,999.996233,999.996122,999.996019,999.995923,999.995834,999.995752,999.995676,999.995608,999.995548,999.995499,999.995461,999.995433,999.995413,999.995400,999.995394,999.995396,999.995408,999.995429,999.995460,999.995499,999.995547,999.995601,999.995663,999.995732,999.995812,999.995902,999.996002,999.996109,999.996225,999.996350,999.996486,999.996630,999.996784,999.996951,999.997129,999.997314,999.997506,999.997706,999.997911,999.998123,999.998346,999.998578,999.998816,999.999057,999.999307,999.999568,999.999841,1000.000124,1000.000412,1000.000702,1000.001000,1000.001310,1000.001628,1000.001945,1000.002250,1000.002534,1000.002782,1000.002958,1000.002991,1000.002810,1000.002403,1000.001833,1000.001173,1000.000480,0.000000,0.000000
0.000000,0.000000,1000.000946,1000.001472,1000.002011,1000.002508,1000.002889,1000.003076,1000.003054,1000.002884,1000.002631,1000.002331,1000.002006,1000.001677,1000.001362,1000.001059,1000.000760,1000.000455,1000.000146,999.999841,999.999547,999.999272,999.999012,999.998764,999.998524,999.998292,999.998069,999.997859,999.997662,999.997478,999.997303,999.997135,999.996973,999.996820,999.996674,999.996535,999.996405,999.996286,999.996176,999.996074,999.995980,999.995894,999.995814,999.995739,999.995672,999.995612,999.995562,999.995522,999.995492,999.995472,999.995459,999.995455,999.995459,999.995473,999.995496,999.995528,999.995568,999.995615,999.995668,999.995728,999.995796,999.995876,999.995967,999.996070,999.996179,999.996294,999.996419,999.996554,999.996699,999.996853,999.997019,999.997195,999.997378,999.997568,999.997765,999.997967,999.998176,999.998398,999.998631,999.998870,999.999111,999.999359,999.999618,999.999893,1000.000181,1000.000475,1000.000774,1000.001077,1000.001383,1000.001694,1000.002003,1000.002301,1000.002576,1000.002813,1000.002974,1000.002986,1000.002779,1000.002351,1000.001763,1000.001076,1000.000368,0.000000,0.000000
0.000000,0.000000,1000.000820,1000.001403,1000.001940,1000.002442,1000.002848,1000.003076,1000.003091,1000.002941,1000.002697,1000.002404,1000.002085,1000.001760,1000.001443,1000.001135,1000.000829,1000.000521,1000.000211,999.999906,999.999614,999.999338,999.999078,999.998832,999.998596,999.998368,999.998148,999.997939,999.997743,999.997558,999.997382,999.997211,999.997046,999.996889,999.996740,999.996599,999.996468,999.996348,999.996238,999.996137,999.996044,999.995960,999.995882,999.995810,999.995744,999.995685,999.995634,999.995592,999.995561,999.995540,999.995527,999.995524,999.995530,999.995546,999.995571,999.995604,999.995645,999.995691,999.995742,999.995800,999.995868,999.995948,999.996042,999.996146,999.996257,999.996372,999.996495,999.996630,999.996775,999.996928,999.997093,999.997267,999.997447,999.997636,999.997831,999.998030,999.998238,999.998460,999.998695,999.998933,999.999172,999.999418,999.999677,999.999954,1000.000246,1000.000548,1000.000854,1000.001158,1000.001459,1000.001760,1000.002064,1000.002359,1000.002629,1000.002857,1000.002996,1000.002973,1000.002733,1000.002287,1000.001684,1000.000971,1000.000182,0.000000,0.000000
0.000000,0.000000,0.000000,1000.001337,1000.001855,1000.002359,1000.002792,1000.003068,1000.003128,1000.003004,1000.002772,1000.002485,1000.002173,1000.001851,1000.001532,1000.001218,1000.000907,1000.000596,1000.000287,999.999985,999.999693,999.999418,999.999159,999.998913,999.998679,999.998453,999.998235,999.998026,999.997829,999.997644,999.997467,999.997296,999.997129,999.996969,999.996816,999.996672,999.996540,999.996420,999.996308,999.996205,999.996113,999.996030,999.995955,999.995886,999.995823,999.995765,999.995714,999.995671,999.995639,999.995617,999.995605,999.995602,999.995610,999.995628,999.995655,999.995689,999.995729,999.995774,999.995824,999.995882,999.995950,999.996032,999.996127,999.996232,999.996343,999.996458,999.996580,999.996713,999.996857,999.997011,999.997174,999.997345,999.997524,999.997710,999.997903,999.998101,999.998309,999.998533,999.998767,999.999004,999.999241,999.999487,999.999748,1000.000026,1000.000322,1000.000628,1000.000936,1000.001240,1000.001535,1000.001831,1000.002132,1000.002426,1000.002694,1000.002908,1000.003019,1000.002954,1000.002675,1000.002209,1000.001603,1000.000900,0.000000,0.000000,0.000000
0.000000,0.000000,0.000000,1000.001221,1000.001755,1000.002265,1000.002724,1000.003047,1000.003157,1000.003066,1000.002849,1000.002571,1000.002265,1000.001947,1000.001625,1000.001305,1000.000990,1000.000679,1000.000373,1000.000074,999.999783,999.999509,999.999253,999.999010,999.998775,999.998549,999.998331,999.998121,999.997922,999.997734,999.997557,999.997386,999.997219,999.997057,999.996902,999.996756,999.996622,999.996500,999.996386,999.996282,999.996189,999.996106,999.996032,999.995965,999.995904,999.995850,999.995801,999.995759,999.995727,999.995705,999.995693,999.995691,999.995700,999.995719,999.995746,999.995781,999.995820,999.995865,999.995916,999.995974,999.996043,999.996125,999.996220,999.996324,999.996435,999.996550,999.996673,999.996806,999.996949,999.997101,999.997263,999.997432,999.997609,999.997793,999.997984,999.998182,999.998391,999.998614,999.998847,999.999083,999.999322,999.999571,999.999832,1000.000112,1000.000408,1000.000713,1000.001020,1000.001320,1000.001614,1000.001909,1000.002211,1000.002506,1000.002767,1000.002964,1000.003041,1000.002927,1000.002605,1000.002121,1000.001539,1000.000871,0.000000,0.000000,0.000000
0.000000,0.000000,0.000000,1000.001058,1000.001611,1000.002147,1000.002639,1000.003008,1000.003171,1000.003122,1000.002928,1000.002660,1000.002360,1000.002045,1000.001722,1000.001398,1000.001080,1000.000771,1000.000467,1000.000170,999.999882,999.999611,999.999358,999.999118,999.998885,999.998658,999.998439,999.998226,999.998023,999.997831,999.997651,999.997480,999.997315,999.997154,999.996997,999.996850,999.996715,999.996591,999.996476,999.996372,999.996277,999.996192,999.996117,999.996051,999.995993,999.995940,999.995894,999.995856,999.995825,999.995804,999.995792,999.995790,999.995799,999.995819,999.995846,999.995881,999.995920,999.995965,999.996016,999.996074,999.996144,999.996226,999.996319,999.996423,999.996534,999.996651,999.996776,999.996909,999.997050,999.997201,999.997361,999.997528,999.997702,999.997884,999.998076,999.998276,999.998486,999.998706,999.998937,999.999173,999.999416,999.999667,999.999931,1000.000210,1000.000503,1000.000804,1000.001105,1000.001402,1000.001697,1000.001997,1000.002302,1000.002595,1000.002849,1000.003024,1000.003059,1000.002895,1000.002528,1000.002019,1000.001433,1000.000826,0.000000,0.000000,0.000000
0.000000,0.000000,0.000000,1000.000866,1000.001447,1000.002009,1000.002531,1000.002946,1000.003167,1000.003169,1000.003007,1000.002754,1000.002460,1000.002147,1000.001823,1000.001498,1000.001178,1000.000869,1000.000569,1000.000274,999.999987,999.999719,999.999470,999.999235,999.999005,999.998779,999.998558,999.998343,999.998135,999.997939,999.997755,999.997582,999.997418,999.997258,999.997104,999.996958,999.996823,999.996697,999.996580,999.996474,999.996379,999.996292,999.996214,999.996148,999.996091,999.996041,999.995997,999.995962,999.995933,999.995913,999.995902,999.995900,999.995909,999.995928,999.995955,999.995988,999.996027,999.996072,999.996123,999.996182,999.996251,999.996332,999.996425,999.996528,999.996640,999.996760,999.996887,999.997020,999.997159,999.997308,999.997466,999.997631,999.997803,999.997986,999.998180,999.998383,999.998592,999.998809,999.999036,999.999274,999.999520,999.999776,1000.000042,1000.000318,1000.000607,1000.000902,1000.001197,1000.001491,1000.001789,1000.002094,1000.002402,1000.002692,1000.002935,1000.003081,1000.003068,1000.002847,1000.002436,1000.001903,1000.001299,1000.000714,0.000000,0.000000,0.000000
0.000000,0.000000,0.000000,1000.000643,1000.001271,1000.001857,1000.002403,1000.002856,1000.003137,1000.003202,1000.003085,1000.002855,1000.002569,1000.002257,1000.001931,1000.001603,1000.001283,1000.000976,1000.000678,1000.000385,1000.000099,999.999833,999.999588,999.999358,999.999133,999.998910,999.998689,999.998471,999.998261,999.998061,999.997874,999.997699,999.997533,999.997374,999.997223,999.997079,999.996943,999.996816,999.996698,999.996591,999.996494,999.996406,999.996326,999.996258,999.996201,999.996152,999.996110,999.996076,999.996049,999.996029,999.996018,999.996017,999.996026,999.996045,999.996071,999.996103,999.996141,999.996186,999.996237,999.996297,999.996367,999.996448,999.996540,999.996643,999.996756,999.996877,999.997003,999.997134,999.997273,999.997419,999.997575,999.997739,999.997912,999.998097,999.998294,999.998500,999.998708,999.998921,999.999145,999.999383,999.999634,999.999895,1000.000161,1000.000435,1000.000719,1000.001008,1000.001299,1000.001592,1000.001891,1000.002200,1000.002508,1000.002794,1000.003018,1000.003126,1000.003057,1000.002777,1000.002330,1000.001774,1000.001151,1000.000479,0.000000,0.000000,0.000000
0.000000,0.000000,0.000000,0.000000,1000.001088,1000.001687,1000.002250,1000.002736,1000.003076,1000.003215,1000.003157,1000.002958,1000.002685,1000.002376,1000.002048,1000.001716,1000.001396,1000.001091,1000.000794,1000.000502,1000.000218,999.999952,999.999709,999.999484,999.999265,999.999047,999.998829,999.998611,999.998398,999.998196,999.998008,999.997831,999.997664,999.997505,999.997353,999.997210,999.997074,999.996947,999.996828,999.996720,999.996621,999.996532,999.996451,999.996381,999.996322,999.996273,999.996231,999.996197,999.996170,999.996150,999.996139,999.996139,999.996149,999.996167,999.996192,999.996224,999.996262,999.996306,999.996358,999.996420,999.996491,999.996573,999.996666,999.996769,999.996881,999.997000,999.997124,999.997253,999.997390,999.997536,999.997691,999.997856,999.998031,999.998219,999.998418,999.998624,999.998830,999.999040,999.999262,999.999501,999.999755,1000.000019,1000.000287,1000.000560,1000.000838,1000.001123,1000.001413,1000.001705,1000.002006,1000.002315,1000.002620,1000.002893,1000.003090,1000.003152,1000.003020,1000.002684,1000.002203,1000.001641,1000.001070,0.000000,0.000000,0.000000,0.000000
0.000000,0.000000,0.000000,0.000000,1000.000928,1000.001516,1000.002070,1000.002582,1000.002982,1000.003200,1000.003212,1000.003058,1000.002806,1000.002503,1000.002175,1000.001843,1000.001522,1000.001216,1000.000921,1000.000630,1000.000346,1000.000078,999.999834,999.999610,999.999397,999.999187,999.998975,999.998760,999.998546,999.998343,999.998154,999.997978,999.997810,999.997649,999.997495,999.997350,999.997215,999.997088,999.996968,999.996858,999.996758,999.996668,999.996586,999.996515,999.996455,999.996403,999.996360,999.996325,999.996298,999.996279,999.996268,999.996268,999.996278,999.996296,999.996320,999.996351,999.996389,999.996434,999.996488,999.996551,999.996624,999.996708,999.996801,999.996904,999.997013,999.997129,999.997250,999.997379,999.997515,999.997660,999.997815,999.997983,999.998162,999.998352,999.998551,999.998754,999.998959,999.999168,999.999390,999.999629,999.999884,1000.000150,1000.000420,1000.000691,1000.000967,1000.001250,1000.001538,1000.001831,1000.002133,1000.002441,1000.002736,1000.002987,1000.003145,1000.003152,1000.002958,1000.002575,1000.002069,1000.001524,1000.000986,0.000000,0.000000,0.000000,0.000000
0.000000,0.000000,0.000000,0.000000,1000.000729,1000.001328,1000.001877,1000.002409,1000.002856,1000.003151,1000.003243,1000.003145,1000.002921,1000.002632,1000.002311,1000.001982,1000.001663,1000.001356,1000.001060,1000.000770,1000.000487,1000.000218,999.999968,999.999740,999.999529,999.999327,999.999124,999.998914,999.998701,999.998497,999.998308,999.998134,999.997967,999.997804,999.997648,999.997502,999.997365,999.997237,999.997118,999.997007,999.996905,999.996813,999.996731,999.996659,999.996597,999.996544,999.996499,999.996463,999.996436,999.996418,999.996409,999.996409,999.996417,999.996433,999.996456,999.996486,999.996524,999.996571,999.996627,999.996693,999.996767,999.996851,999.996944,999.997044,999.997150,999.997263,999.997384,999.997513,999.997649,999.997795,999.997953,999.998123,999.998304,999.998495,999.998692,999.998893,999.999097,999.999308,999.999531,999.999769,1000.000023,1000.000290,1000.000560,1000.000832,1000.001108,1000.001389,1000.001676,1000.001970,1000.002272,1000.002575,1000.002852,1000.003070,1000.003180,1000.003128,1000.002879,1000.002457,1000.001924,1000.001373,1000.000778,0.000000,0.000000,0.000000,0.000000
0.000000,0.000000,0.000000,0.000000,0.000000,1000.001137,1000.001677,1000.002217,1000.002706,1000.003067,1000.003241,1000.003210,1000.003025,1000.002757,1000.002450,1000.002131,1000.001815,1000.001510,1000.001213,1000.000926,1000.000644,1000.000373,1000.000117,999.999881,999.999667,999.999467,999.999272,999.999070,999.998862,999.998658,999.998467,999.998293,999.998128,999.997966,999.997809,999.997661,999.997524,999.997397,999.997277,999.997164,999.997061,999.996968,999.996885,999.996812,999.996749,999.996694,999.996648,999.996610,999.996584,999.996568,999.996561,999.996562,999.996569,999.996582,999.996603,999.996632,999.996671,999.996720,999.996778,999.996844,999.996918,999.997001,999.997092,999.997189,999.997293,999.997405,999.997527,999.997656,999.997795,999.997944,999.998105,999.998277,999.998459,999.998648,999.998842,999.999040,999.999245,999.999459,999.999684,999.999920,1000.000171,1000.000436,1000.000707,1000.000981,1000.001257,1000.001539,1000.001827,1000.002121,1000.002421,1000.002713,1000.002966,1000.003141,1000.003193,1000.003076,1000.002773,1000.002311,1000.001767,1000.001232,0.000000,0.000000,0.000000,0.000000,0.000000
0.000000,0.000000,0.000000,0.000000,0.000000,1000.000874,1000.001475,1000.002020,1000.002537,1000.002952,1000.003202,1000.003250,1000.003120,1000.002880,1000.002590,1000.002283,1000.001974,1000.001671,1000.001378,1000.001094,1000.000816,1000.000544,1000.000283,1000.000038,999.999815,999.999613,999.999421,999.999229,999.999027,999.998824,999.998633,999.998457,999.998290,999.998129,999.997973,999.997826,999.997690,999.997564,999.997444,999.997331,999.997225,999.997131,999.997048,999.996974,999.996910,999.996855,999.996808,999.996770,999.996743,999.996728,999.996723,999.996726,999.996734,999.996746,999.996765,999.996792,999.996830,999.996878,999.996936,999.997001,999.997073,999.997154,999.997243,999.997340,999.997445,999.997557,999.997678,999.997809,999.997951,999.998105,999.998270,999.998443,999.998624,999.998811,999.999000,999.999196,999.999401,999.999619,999.999844,1000.000078,1000.000326,1000.000588,1000.000859,1000.001135,1000.001416,1000.001701,1000.001988,1000.002281,1000.002577,1000.002853,1000.003073,1000.003195,1000.003178,1000.002989,1000.002634,1000.002144,1000.001597,1000.000945,0.000000,0.000000,0.000000,0.000000,0.000000
0.000000,0.000000,0.000000,0.000000,0.000000,0.000000,1000.001235,1000.001807,1000.002345,1000.002809,1000.003131,1000.003262,1000.003203,1000.003004,1000.002732,1000.002437,1000.002136,1000.001837,1000.001548,1000.001269,1000.000995,1000.000725,1000.000463,1000.000212,999.999979,999.999769,999.999576,999.999389,999.999196,999.998998,999.998807,999.998629,999.998460,999.998296,999.998139,999.997994,999.997861,999.997736,999.997619,999.997506,999.997400,999.997306,999.997222,999.997148,999.997083,999.997027,999.996981,999.996942,999.996913,999.996896,999.996892,999.996897,999.996907,999.996920,999.996937,999.996963,999.996999,999.997046,999.997100,999.997161,999.997231,999.997310,999.997399,999.997498,999.997605,999.997718,999.997839,999.997971,999.998117,999.998275,999.998443,999.998616,999.998796,999.998979,999.999165,999.999359,999.999566,999.999786,1000.000012,1000.000244,1000.000490,1000.000750,1000.001020,1000.001300,1000.001588,1000.001875,1000.002162,1000.002450,1000.002735,1000.002988,1000.003166,1000.003222,1000.003122,1000.002859,1000.002448,1000.001943,1000.001410,0.000000,0.000000,0.000000,0.000000,0.000000,0.000000
0.000000,0.000000,0.000000,0.000000,0.000000,0.000000,1000.000911,1000.001576,1000.002132,1000.002635,1000.003020,1000.003237,1000.003261,1000.003119,1000.002877,1000.002594,1000.002301,1000.002008,1000.001723,1000.001447,1000.001177,1000.000912,1000.000651,1000.000398,1000.000159,999.999939,999.999740,999.999552,999.999365,999.999176,999.998989,999.998810,999.998638,999.998470,999.998312,999.998166,999.998034,999.997913,999.997799,999.997690,999.997586,999.997492,999.997408,999.997333,999.997266,999.997209,999.997163,999.997124,999.997093,999.997074,999.997068,999.997072,999.997083,999.997097,999.997115,999.997141,999.997177,999.997222,999.997272,999.997329,999.997395,999.997474,999.997565,999.997667,999.997776,999.997891,999.998012,999.998145,999.998292,999.998453,999.998621,999.998794,999.998973,999.999153,999.999337,999.999531,999.999739,999.999960,1000.000185,1000.000419,1000.000665,1000.000924,1000.001194,1000.001478,1000.001770,1000.002059,1000.002342,1000.002620,1000.002885,1000.003106,1000.003229,1000.003203,1000.003015,1000.002684,1000.002238,1000.001735,1000.001140,0.000000,0.000000,0.000000,0.000000,0.000000,0.000000
0.000000,0.000000,0.000000,0.000000,0.000000,0.000000,0.000000,1000.001285,1000.001879,1000.002418,1000.002863,1000.003159,1000.003274,1000.003208,1000.003013,1000.002753,1000.002471,1000.002184,1000.001903,1000.001630,1000.001362,1000.001101,1000.000843,1000.000591,1000.000349,1000.000122,999.999914,999.999721,999.999537,999.999356,999.999176,999.999000,999.998826,999.998656,999.998495,999.998347,999.998215,999.998095,999.997985,999.997879,999.997777,999.997685,999.997601,999.997525,999.997456,999.997397,999.997349,999.997311,999.997281,999.997260,999.997251,999.997253,999.997261,999.997273,999.997293,999.997322,999.997360,999.997405,999.997453,999.997507,999.997573,999.997653,999.997746,999.997850,999.997962,999.998077,999.998198,999.998330,999.998479,999.998640,999.998808,999.998980,999.999155,999.999334,999.999518,999.999713,999.999922,1000.000141,1000.000367,1000.000603,1000.000852,1000.001111,1000.001382,1000.001666,1000.001959,1000.002246,1000.002521,1000.002784,1000.003022,1000.003195,1000.003245,1000.003130,1000.002860,1000.002467,1000.001998,1000.001497,0.000000,0.000000,0.000000,0.000000,0.000000,0.000000,0.000000
0.000000,0.000000,0.000000,0.000000,0.000000,0.000000,0.000000,1000.000909,1000.001602,1000.002168,1000.002660,1000.003026,1000.003232,1000.003258,1000.003131,1000.002910,1000.002645,1000.002366,1000.002090,1000.001819,1000.001553,1000.001293,1000.001039,1000.000789,1000.000547,1000.000317,1000.000101,999.999901,999.999717,999.999542,999.999370,999.999198,999.999026,999.998856,999.998692,999.998542,999.998407,999.998286,999.998177,999.998073,999.997973,999.997881,999.997796,999.997719,999.997649,999.997587,999.997538,999.997501,999.997473,999.997455,999.997444,999.997441,999.997444,999.997454,999.997476,999.997508,999.997548,999.997593,999.997641,999.997697,999.997765,999.997847,999.997941,999.998046,999.998158,999.998273,999.998393,999.998525,999.998672,999.998832,999.999000,999.999171,999.999345,999.999522,999.999708,999.999905,1000.000115,1000.000334,1000.000561,1000.000801,1000.001053,1000.001313,1000.001581,1000.001863,1000.002151,1000.002431,1000.002697,1000.002942,1000.003139,1000.003245,1000.003206,1000.003001,1000.002659,1000.002227,1000.001750,1000.001186,0.000000,0.000000,0.000000,0.000000,0.000000,0.000000,0.000000
0.000000,0.000000,0.000000,0.000000,0.000000,0.000000,0.000000,0.000000,1000.001287,1000.001888,1000.002417,1000.002845,1000.003134,1000.003257,1000.003218,1000.003057,1000.002824,1000.002559,1000.002289,1000.002021,1000.001757,1000.001497,1000.001242,1000.000992,1000.000751,1000.000521,1000.000303,1000.000098,999.999910,999.999739,999.999574,999.999406,999.999236,999.999065,999.998901,999.998749,999.998611,999.998488,999.998378,999.998275,999.998174,999.998081,999.997995,999.997917,999.997845,999.997782,999.997733,999.997697,999.997673,999.997658,999.997647,999.997639,999.997637,999.997645,999.997666,999.997699,999.997741,999.997786,999.997836,999.997895,999.997966,999.998048,999.998143,999.998248,999.998359,999.998474,999.998593,999.998723,999.998868,999.999027,999.999196,999.999367,999.999539,999.999718,999.999908,1000.000109,1000.000319,1000.000539,1000.000769,1000.001013,1000.001267,1000.001525,1000.001790,1000.002066,1000.002346,1000.002618,1000.002871,1000.003085,1000.003224,1000.003243,1000.003108,1000.002819,1000.002418,1000.001964,1000.001464,0.000000,0.000000,0.000000,0.000000,0.000000,0.000000,0.000000,0.000000
0.000000,0.000000,0.000000,0.000000,0.000000,0.000000,0.000000,0.000000,1000.000896,1000.001590,1000.002145,1000.002617,1000.002974,1000.003190,1000.003254,1000.003178,1000.002998,1000.002760,1000.002500,1000.002238,1000.001975,1000.001715,1000.001459,1000.001208,1000.000966,1000.000738,1000.000519,1000.000311,1000.000120,999.999946,999.999782,999.999618,999.999448,999.999278,999.999115,999.998964,999.998825,999.998700,999.998588,999.998484,999.998383,999.998288,999.998202,999.998123,999.998052,999.997991,999.997942,999.997908,999.997885,999.997869,999.997856,999.997846,999.997840,999.997846,999.997865,999.997897,999.997938,999.997983,999.998036,999.998098,999.998170,999.998254,999.998350,999.998456,999.998566,999.998680,999.998797,999.998926,999.999070,999.999229,999.999398,999.999569,999.999742,999.999924,1000.000118,1000.000322,1000.000534,1000.000756,1000.000990,1000.001235,1000.001487,1000.001743,1000.002004,1000.002274,1000.002544,1000.002803,1000.003031,1000.003196,1000.003256,1000.003176,1000.002947,1000.002590,1000.002159,1000.001695,1000.001150,0.000000,0.000000,0.000000,0.000000,0.000000,0.000000,0.000000,0.000000
0.000000,0.000000,0.000000,0.000000,0.000000,0.000000,0.000000,0.000000,0.000000,1000.001238,1000.001831,1000.002336,1000.002753,1000.003049,1000.003214,1000.003243,1000.003144,1000.002952,1000.002713,1000.002459,1000.002202,1000.001945,1000.001692,1000.001441,1000.001197,1000.000967,1000.000747,1000.000536,1000.000340,1000.000160,999.999992,999.999828,999.999660,999.999492,999.999331,999.999183,999.999045,999.998919,999.998804,999.998696,999.998595,999.998501,999.998415,999.998339,999.998272,999.998214,999.998168,999.998133,999.998108,999.998087,999.998070,999.998057,999.998051,999.998056,999.998072,999.998101,999.998140,999.998186,999.998241,999.998304,999.998378,999.998464,999.998562,999.998669,999.998780,999.998893,999.999010,999.999139,999.999284,999.999442,999.999609,999.999779,999.999955,1000.000141,1000.000339,1000.000545,1000.000761,1000.000986,1000.001221,1000.001465,1000.001716,1000.001969,1000.002225,1000.002485,1000.002742,1000.002977,1000.003162,1000.003258,1000.003222,1000.003043,1000.002734,1000.002326,1000.001875,1000.001388,0.000000,0.000000,0.000000,0.000000,0.000000,0.000000,0.000000,0.000000,0.000000
0.000000,0.000000,0.000000,0.000000,0.000000,0.000000,0.000000,0.000000,0.000000,1000.000830,1000.001495,1000.002032,1000.002472,1000.002835,1000.003092,1000.003230,1000.003232,1000.003113,1000.002914,1000.002677,1000.002430,1000.002181,1000.001933,1000.001685,1000.001440,1000.001204,1000.000981,1000.000767,1000.000566,1000.000381,1000.000208,1000.000040,999.999874,999.999708,999.999551,999.999407,999.999272,999.999143,999.999023,999.998911,999.998807,999.998714,999.998632,999.998561,999.998499,999.998446,999.998401,999.998365,999.998335,999.998309,999.998287,999.998273,999.998269,999.998274,999.998290,999.998318,999.998356,999.998403,999.998457,999.998520,999.998594,999.998681,999.998780,999.998889,999.999001,999.999114,999.999233,999.999363,999.999508,999.999664,999.999829,1000.000000,1000.000179,1000.000369,1000.000571,1000.000781,1000.001000,1000.001228,1000.001463,1000.001706,1000.001955,1000.002204,1000.002453,1000.002699,1000.002931,1000.003125,1000.003246,1000.003253,1000.003116,1000.002848,1000.002474,1000.002041,1000.001566,1000.001044,0.000000,0.000000,0.000000,0.000000,0.000000,0.000000,0.000000,0.000000,0.000000
0.000000,0.000000,0.000000,0.000000,0.000000,0.000000,0.000000,0.000000,0.000000,0.000000,1000.001086,1000.001686,1000.002153,1000.002557,1000.002888,1000.003123,1000.003237,1000.003216,1000.003084,1000.002884,1000.002653,1000.002415,1000.002175,1000.001932,1000.001688,1000.001448,1000.001218,1000.001003,1000.000800,1000.000611,1000.000434,1000.000264,1000.000096,999.999931,999.999776,999.999634,999.999500,999.999371,999.999248,999.999132,999.999027,999.998935,999.998856,999.998789,999.998732,999.998681,999.998636,999.998598,999.998565,999.998537,999.998515,999.998501,999.998498,999.998506,999.998525,999.998555,999.998594,999.998639,999.998692,999.998753,999.998827,999.998914,999.999014,999.999123,999.999235,999.999348,999.999468,999.999598,999.999740,999.999893,1000.000057,1000.000231,1000.000415,1000.000609,1000.000812,1000.001024,1000.001246,1000.001476,1000.001713,1000.001957,1000.002204,1000.002448,1000.002683,1000.002905,1000.003095,1000.003226,1000.003263,1000.003168,1000.002935,1000.002589,1000.002169,1000.001707,1000.001162,0.000000,0.000000,0.000000,0.000000,0.000000,0.000000,0.000000,0.000000,0.000000,0.000000
0.000000,0.000000,0.000000,0.000000,0.000000,0.000000,0.000000,0.000000,0.000000,0.000000,0.000000,1000.001259,1000.001782,1000.002221,1000.002606,1000.002919,1000.003137,1000.003233,1000.003197,1000.003061,1000.002866,1000.002644,1000.002413,1000.002178,1000.001936,1000.001695,1000.001462,1000.001244,1000.001043,1000.000854,1000.000673,1000.000500,1000.000329,1000.000161,1000.000003,999.999860,999.999728,999.999602,999.999481,999.999366,999.999263,999.999173,999.999095,999.999030,999.998973,999.998922,999.998875,999.998835,999.998803,999.998777,999.998758,999.998747,999.998746,999.998757,999.998779,999.998811,999.998850,999.998895,999.998947,999.999008,999.999081,999.999170,999.999270,999.999377,999.999486,999.999597,999.999713,999.999840,999.999978,1000.000129,1000.000293,1000.000471,1000.000658,1000.000853,1000.001056,1000.001270,1000.001494,1000.001727,1000.001968,1000.002214,1000.002457,1000.002690,1000.002902,1000.003082,1000.003209,1000.003254,1000.003189,1000.002994,1000.002676,1000.002266,1000.001808,1000.001279,0.000000,0.000000,0.000000,0.000000,0.000000,0.000000,0.000000,0.000000,0.000000,0.000000,0.000000
0.000000,0.000000,0.000000,0.000000,0.000000,0.000000,0.000000,0.000000,0.000000,0.000000,0.000000,1000.000825,1000.001380,1000.001849,1000.002258,1000.002625,1000.002929,1000.003140,1000.003223,1000.003180,1000.003048,1000.002859,1000.002645,1000.002421,1000.002188,1000.001950,1000.001715,1000.001495,1000.001294,1000.001107,1000.000926,1000.000749,1000.000574,1000.000402,1000.000239,1000.000091,999.999960,999.999839,999.999724,999.999615,999.999516,999.999429,999.999354,999.999288,999.999229,999.999174,999.999125,999.999084,999.999054,999.999033,999.999019,999.999011,999.999011,999.999022,999.999044,999.999076,999.999114,999.999159,999.999212,999.999275,999.999350,999.999438,999.999537,999.999642,999.999747,999.999853,999.999964,1000.000086,1000.000222,1000.000373,1000.000539,1000.000720,1000.000908,1000.001102,1000.001305,1000.001519,1000.001746,1000.001983,1000.002226,1000.002467,1000.002699,1000.002910,1000.003084,1000.003202,1000.003242,1000.003183,1000.003014,1000.002728,1000.002342,1000.001902,1000.001411,1000.000827,0.000000,0.000000,0.000000,0.000000,0.000000,0.000000,0.000000,0.000000,0.000000,0.000000,0.000000
0.000000,0.000000,0.000000,0.000000,0.000000,0.000000,0.000000,0.000000,0.000000,0.000000,0.000000,0.000000,1000.000920,1000.001456,1000.001888,1000.002272,1000.002632,1000.002935,1000.003137,1000.003213,1000.003170,1000.003041,1000.002862,1000.002657,1000.002440,1000.002211,1000.001979,1000.001760,1000.001558,1000.001371,1000.001192,1000.001015,1000.000838,1000.000662,1000.000495,1000.000343,1000.000209,1000.000090,999.999979,999.999875,999.999779,999.999696,999.999624,999.999558,999.999497,999.999438,999.999386,999.999346,999.999318,999.999302,999.999292,999.999287,999.999289,999.999299,999.999318,999.999345,999.999380,999.999425,999.999479,999.999545,999.999621,999.999709,999.999806,999.999908,1000.000009,1000.000110,1000.000217,1000.000338,1000.000476,1000.000630,1000.000799,1000.000981,1000.001170,1000.001364,1000.001565,1000.001779,1000.002007,1000.002245,1000.002483,1000.002711,1000.002919,1000.003091,1000.003204,1000.003235,1000.003169,1000.003003,1000.002740,1000.002386,1000.001975,1000.001509,1000.000946,0.000000,0.000000,0.000000,0.000000,0.000000,0.000000,0.000000,0.000000,0.000000,0.000000,0.000000,0.000000
0.000000,0.000000,0.000000,0.000000,0.000000,0.000000,0.000000,0.000000,0.000000,0.000000,0.000000,0.000000,0.000000,1000.001032,1000.001504,1000.001899,1000.002273,1000.002634,1000.002934,1000.003131,1000.003202,1000.003160,1000.003041,1000.002875,1000.002682,1000.002471,1000.002253,1000.002040,1000.001840,1000.001653,1000.001474,1000.001298,1000.001121,1000.000945,1000.000775,1000.000620,1000.000483,1000.000363,1000.000252,1000.000148,1000.000053,999.999969,999.999897,999.999832,999.999770,999.999710,999.999658,999.999618,999.999592,999.999579,999.999573,999.999573,999.999576,999.999585,999.999600,999.999621,999.999652,999.999694,999.999749,999.999815,999.999892,999.999980,1000.000075,1000.000173,1000.000270,1000.000369,1000.000478,1000.000604,1000.000748,1000.000907,1000.001080,1000.001262,1000.001450,1000.001640,1000.001839,1000.002052,1000.002279,1000.002510,1000.002736,1000.002940,1000.003107,1000.003216,1000.003239,1000.003161,1000.002986,1000.002725,1000.002391,1000.002014,1000.001586,1000.001075,0.000000,0.000000,0.000000,0.000000,0.000000,0.000000,0.000000,0.000000,0.000000,0.000000,0.000000,0.000000,0.000000
0.000000,0.000000,0.000000,0.000000,0.000000,0.000000,0.000000,0.000000,0.000000,0.000000,0.000000,0.000000,0.000000,0.000000,1000.001096,1000.001505,1000.001884,1000.002261,1000.002626,1000.002923,1000.003112,1000.003182,1000.003152,1000.003051,1000.002901,1000.002722,1000.002527,1000.002329,1000.002138,1000.001953,1000.001774,1000.001597,1000.001421,1000.001246,1000.001075,1000.000917,1000.000777,1000.000653,1000.000541,1000.000436,1000.000340,1000.000254,1000.000179,1000.000112,1000.000051,999.999993,999.999941,999.999902,999.999876,999.999864,999.999861,999.999863,999.999869,999.999878,999.999889,999.999906,999.999934,999.999974,1000.000026,1000.000092,1000.000169,1000.000256,1000.000348,1000.000442,1000.000538,1000.000640,1000.000757,1000.000892,1000.001044,1000.001209,1000.001383,1000.001563,1000.001744,1000.001928,1000.002123,1000.002333,1000.002553,1000.002772,1000.002971,1000.003133,1000.003235,1000.003252,1000.003163,1000.002972,1000.002701,1000.002369,1000.002008,1000.001615,1000.001169,0.000000,0.000000,0.000000,0.000000,0.000000,0.000000,0.000000,0.000000,0.000000,0.000000,0.000000,0.000000,0.000000,0.000000
0.000000,0.000000,0.000000,0.000000,0.000000,0.000000,0.000000,0.000000,0.000000,0.000000,0.000000,0.000000,0.000000,0.000000,0.000000,1000.001055,1000.001464,1000.001853,1000.002242,1000.002607,1000.002894,1000.003078,1000.003160,1000.003150,1000.003071,1000.002944,1000.002786,1000.002613,1000.002437,1000.002260,1000.002082,1000.001906,1000.001731,1000.001557,1000.001387,1000.001227,1000.001083,1000.000954,1000.000840,1000.000736,1000.000640,1000.000551,1000.000473,1000.000405,1000.000344,1000.000289,1000.000240,1000.000199,1000.000172,1000.000159,1000.000156,1000.000159,1000.000166,1000.000176,1000.000187,1000.000204,1000.000230,1000.000266,1000.000316,1000.000380,1000.000455,1000.000538,1000.000627,1000.000720,1000.000817,1000.000927,1000.001054,1000.001199,1000.001359,1000.001526,1000.001699,1000.001873,1000.002045,1000.002222,1000.002412,1000.002614,1000.002821,1000.003011,1000.003164,1000.003256,1000.003267,1000.003171,1000.002967,1000.002678,1000.002337,1000.001976,1000.001588,1000.001155,0.000000,0.000000,0.000000,0.000000,0.000000,0.000000,0.000000,0.000000,0.000000,0.000000,0.000000,0.000000,0.000000,0.000000,0.000000
0.000000,0.000000,0.000000,0.000000,0.000000,0.000000,0.000000,0.000000,0.000000,0.000000,0.000000,0.000000,0.000000,0.000000,0.000000,0.000000,1000.000976,1000.001418,1000.001829,1000.002220,1000.002573,1000.002850,1000.003039,1000.003138,1000.003154,1000.003103,1000.003001,1000.002866,1000.002712,1000.002551,1000.002383,1000.002211,1000.002041,1000.001871,1000.001705,1000.001546,1000.001399,1000.001267,1000.001151,1000.001046,1000.000948,1000.000858,1000.000777,1000.000708,1000.000648,1000.000595,1000.000547,1000.000506,1000.000477,1000.000461,1000.000455,1000.000458,1000.000466,1000.000478,1000.000494,1000.000514,1000.000540,1000.000576,1000.000623,1000.000682,1000.000752,1000.000832,1000.000918,1000.001010,1000.001112,1000.001228,1000.001362,1000.001513,1000.001676,1000.001845,1000.002015,1000.002183,1000.002348,1000.002518,1000.002698,1000.002884,1000.003059,1000.003197,1000.003275,1000.003273,1000.003174,1000.002968,1000.002668,1000.002310,1000.001939,1000.001545,1000.001088,0.000000,0.000000,0.000000,0.000000,0.000000,0.000000,0.000000,0.000000,0.000000,0.000000,0.000000,0.000000,0.000000,0.000000,0.000000,0.000000
0.000000,0.000000,0.000000,0.000000,0.000000,0.000000,0.000000,0.000000,0.000000,0.000000,0.000000,0.000000,0.000000,0.000000,0.000000,0.000000,0.000000,1000.000931,1000.001403,1000.001819,1000.002197,1000.002534,1000.002804,1000.002998,1000.003118,1000.003163,1000.003138,1000.003060,1000.002946,1000.002810,1000.002661,1000.002504,1000.002343,1000.002184,1000.002027,1000.001873,1000.001728,1000.001597,1000.001478,1000.001370,1000.001270,1000.001177,1000.001092,1000.001021,1000.000962,1000.000909,1000.000861,1000.000820,1000.000787,1000.000767,1000.000760,1000.000761,1000.000770,1000.000786,1000.000808,1000.000833,1000.000862,1000.000899,1000.000944,1000.000999,1000.001064,1000.001139,1000.001225,1000.001321,1000.001426,1000.001546,1000.001681,1000.001832,1000.001994,1000.002162,1000.002329,1000.002491,1000.002650,1000.002808,1000.002967,1000.003116,1000.003231,1000.003289,1000.003270,1000.003161,1000.002960,1000.002665,1000.002300,1000.001913,1000.001506,1000.001051,0.000000,0.000000,0.000000,0.000000,0.000000,0.000000,0.000000,0.000000,0.000000,0.000000,0.000000,0.000000,0.000000,0.000000,0.000000,0.000000,0.000000
0.000000,0.000000,0.000000,0.000000,0.000000,0.000000,0.000000,0.000000,0.000000,0.000000,0.000000,0.000000,0.000000,0.000000,0.000000,0.000000,0.000000,0.000000,1000.000943,1000.001411,1000.001811,1000.002167,1000.002487,1000.002750,1000.002954,1000.003096,1000.003169,1000.003171,1000.003119,1000.003028,1000.002910,1000.002775,1000.002633,1000.002488,1000.002345,1000.002203,1000.002064,1000.001937,1000.001820,1000.001711,1000.001609,1000.001512,1000.001425,1000.001351,1000.001289,1000.001236,1000.001187,1000.001144,1000.001108,1000.001085,1000.001076,1000.001078,1000.001088,1000.001105,1000.001128,1000.001155,1000.001188,1000.001226,1000.001270,1000.001323,1000.001385,1000.001461,1000.001550,1000.001649,1000.001760,1000.001881,1000.002015,1000.002162,1000.002318,1000.002481,1000.002642,1000.002795,1000.002940,1000.003075,1000.003192,1000.003273,1000.003302,1000.003259,1000.003135,1000.002931,1000.002652,1000.002298,1000.001905,1000.001483,1000.001013,0.000000,0.000000,0.000000,0.000000,0.000000,0.000000,0.000000,0.000000,0.000000,0.000000,0.000000,0.000000,0.000000,0.000000,0.000000,0.000000,0.000000,0.000000
0.000000,0.000000,0.000000,0.000000,0.000000,0.000000,0.000000,0.000000,0.000000,0.000000,0.000000,0.000000,0.000000,0.000000,0.000000,0.000000,0.000000,0.000000,0.000000,1000.000949,1000.001400,1000.001773,1000.002105,1000.002412,1000.002676,1000.002896,1000.003064,1000.003165,1000.003199,1000.003177,1000.003111,1000.003012,1000.002896,1000.002773,1000.002647,1000.002521,1000.002395,1000.002276,1000.002165,1000.002060,1000.001960,1000.001864,1000.001775,1000.001697,1000.001631,1000.001574,1000.001523,1000.001479,1000.001442,1000.001417,1000.001407,1000.001411,1000.001423,1000.001438,1000.001457,1000.001482,1000.001513,1000.001551,1000.001595,1000.001647,1000.001712,1000.001792,1000.001885,1000.001988,1000.002102,1000.002225,1000.002357,1000.002497,1000.002646,1000.002797,1000.002941,1000.003071,1000.003184,1000.003271,1000.003317,1000.003309,1000.003239,1000.003100,1000.002889,1000.002615,1000.002288,1000.001909,1000.001485,1000.000978,0.000000,0.000000,0.000000,0.000000,0.000000,0.000000,0.000000,0.000000,0.000000,0.000000,0.000000,0.000000,0.000000,0.000000,0.000000,0.000000,0.000000,0.000000,0.000000
0.000000,0.000000,0.000000,0.000000,0.000000,0.000000,0.000000,0.000000,0.000000,0.000000,0.000000,0.000000,0.000000,0.000000,0.000000,0.000000,0.000000,0.000000,0.000000,0.000000,1000.000913,1000.001331,1000.001677,1000.002000,1000.002295,1000.002572,1000.002813,1000.003009,1000.003144,1000.003214,1000.003224,1000.003184,1000.003111,1000.003022,1000.002923,1000.002817,1000.002707,1000.002600,1000.002498,1000.002402,1000.002311,1000.002221,1000.002131,1000.002048,1000.001976,1000.001915,1000.001863,1000.001820,1000.001785,1000.001762,1000.001753,1000.001758,1000.001769,1000.001782,1000.001796,1000.001814,1000.001841,1000.001877,1000.001921,1000.001976,1000.002047,1000.002132,1000.002227,1000.002331,1000.002441,1000.002560,1000.002687,1000.002820,1000.002955,1000.003081,1000.003188,1000.003269,1000.003318,1000.003327,1000.003284,1000.003184,1000.003028,1000.002820,1000.002558,1000.002257,1000.001899,1000.001489,1000.001004,0.000000,0.000000,0.000000,0.000000,0.000000,0.000000,0.000000,0.000000,0.000000,0.000000,0.000000,0.000000,0.000000,0.000000,0.000000,0.000000,0.000000,0.000000,0.000000,0.000000
0.000000,0.000000,0.000000,0.000000,0.000000,0.000000,0.000000,0.000000,0.000000,0.000000,0.000000,0.000000,0.000000,0.000000,0.000000,0.000000,0.000000,0.000000,0.000000,0.000000,0.000000,1000.000817,1000.001185,1000.001535,1000.001844,1000.002141,1000.002433,1000.002699,1000.002924,1000.003093,1000.003196,1000.003238,1000.003233,1000.003198,1000.003143,1000.003070,1000.002983,1000.002892,1000.002805,1000.002722,1000.002644,1000.002562,1000.002475,1000.002390,1000.002313,1000.002249,1000.002198,1000.002160,1000.002134,1000.002117,1000.002110,1000.002112,1000.002120,1000.002130,1000.002139,1000.002153,1000.002176,1000.002208,1000.002252,1000.002312,1000.002387,1000.002472,1000.002563,1000.002659,1000.002761,1000.002868,1000.002982,1000.003098,1000.003202,1000.003281,1000.003325,1000.003326,1000.003285,1000.003202,1000.003072,1000.002899,1000.002694,1000.002456,1000.002199,1000.001892,1000.001445,1000.001017,0.000000,0.000000,0.000000,0.000000,0.000000,0.000000,0.000000,0.000000,0.000000,0.000000,0.000000,0.000000,0.000000,0.000000,0.000000,0.000000,0.000000,0.000000,0.000000,0.000000,0.000000
0.000000,0.000000,0.000000,0.000000,0.000000,0.000000,0.000000,0.000000,0.000000,0.000000,0.000000,0.000000,0.000000,0.000000,0.000000,0.000000,0.000000,0.000000,0.000000,0.000000,0.000000,0.000000,0.000000,1000.000974,1000.001338,1000.001650,1000.001962,1000.002264,1000.002551,1000.002803,1000.002994,1000.003125,1000.003206,1000.003249,1000.003258,1000.003236,1000.003188,1000.003126,1000.003062,1000.002999,1000.002936,1000.002866,1000.002788,1000.002707,1000.002633,1000.002571,1000.002524,1000.002494,1000.002479,1000.002472,1000.002469,1000.002469,1000.002472,1000.002476,1000.002482,1000.002493,1000.002513,1000.002542,1000.002586,1000.002646,1000.002718,1000.002794,1000.002870,1000.002947,1000.003029,1000.003114,1000.003202,1000.003278,1000.003327,1000.003334,1000.003292,1000.003202,1000.003072,1000.002910,1000.002720,1000.002506,1000.002287,1000.002048,1000.001793,1000.001491,0.000000,0.000000,0.000000,0.000000,0.000000,0.000000,0.000000,0.000000,0.000000,0.000000,0.000000,0.000000,0.000000,0.000000,0.000000,0.000000,0.000000,0.000000,0.000000,0.000000,0.000000,0.000000,0.000000
0.000000,0.000000,0.000000,0.000000,0.000000,0.000000,0.000000,0.000000,0.000000,0.000000,0.000000,0.000000,0.000000,0.000000,0.000000,0.000000,0.000000,0.000000,0.000000,0.000000,0.000000,0.000000,0.000000,0.000000,1000.000770,1000.001105,1000.001446,1000.001758,1000.002076,1000.002375,1000.002634,1000.002845,1000.003005,1000.003127,1000.003211,1000.003254,1000.003263,1000.003250,1000.003223,1000.003192,1000.003155,1000.003108,1000.003048,1000.002981,1000.002918,1000.002864,1000.002827,1000.002805,1000.002799,1000.002801,1000.002805,1000.002807,1000.002806,1000.002806,1000.002808,1000.002816,1000.002832,1000.002860,1000.002902,1000.002956,1000.003014,1000.003069,1000.003119,1000.003163,1000.003207,1000.003252,1000.003289,1000.003300,1000.003274,1000.003198,1000.003072,1000.002908,1000.002715,1000.002502,1000.002284,1000.002059,1000.001846,1000.001615,1000.001336,0.000000,0.000000,0.000000,0.000000,0.000000,0.000000,0.000000,0.000000,0.000000,0.000000,0.000000,0.000000,0.000000,0.000000,0.000000,0.000000,0.000000,0.000000,0.000000,0.000000,0.000000,0.000000,0.000000,0.000000
0.000000,0.000000,0.000000,0.000000,0.000000,0.000000,0.000000,0.000000,0.000000,0.000000,0.000000,0.000000,0.000000,0.000000,0.000000,0.000000,0.000000,0.000000,0.000000,0.000000,0.000000,0.000000,0.000000,0.000000,0.000000,0.000000,1000.000863,1000.001181,1000.001545,1000.001868,1000.002169,1000.002424,1000.002645,1000.002827,1000.002973,1000.003082,1000.003154,1000.003199,1000.003226,1000.003239,1000.003243,1000.003234,1000.003207,1000.003169,1000.003129,1000.003094,1000.003069,1000.003055,1000.003052,1000.003058,1000.003067,1000.003075,1000.003077,1000.003075,1000.003072,1000.003074,1000.003088,1000.003114,1000.003150,1000.003188,1000.003221,1000.003244,1000.003254,1000.003252,1000.003245,1000.003231,1000.003199,1000.003138,1000.003034,1000.002888,1000.002701,1000.002487,1000.002259,1000.002028,1000.001808,1000.001587,1000.001328,0.000000,0.000000,0.000000,0.000000,0.000000,0.000000,0.000000,0.000000,0.000000,0.000000,0.000000,0.000000,0.000000,0.000000,0.000000,0.000000,0.000000,0.000000,0.000000,0.000000,0.000000,0.000000,0.000000,0.000000,0.000000,0.000000
0.000000,0.000000,0.000000,0.000000,0.000000,0.000000,0.000000,0.000000,0.000000,0.000000,0.000000,0.000000,0.000000,0.000000,0.000000,0.000000,0.000000,0.000000,0.000000,0.000000,0.000000,0.000000,0.000000,0.000000,0.000000,0.000000,0.000000,0.000000,1000.000908,1000.001262,1000.001638,1000.001911,1000.002156,1000.002369,1000.002562,1000.002723,1000.002850,1000.002948,1000.003026,1000.003087,1000.003138,1000.003178,1000.003199,1000.003205,1000.003201,1000.003194,1000.003187,1000.003181,1000.003178,1000.003179,1000.003187,1000.003198,1000.003204,1000.003202,1000.003195,1000.003193,1000.003202,1000.003223,1000.003247,1000.003263,1000.003263,1000.003243,1000.003208,1000.003162,1000.003106,1000.003035,1000.002943,1000.002818,1000.002653,1000.002456,1000.002229,1000.001983,1000.001748,1000.001517,1000.001244,0.000000,0.000000,0.000000,0.000000,0.000000,0.000000,0.000000,0.000000,0.000000,0.000000,0.000000,0.000000,0.000000,0.000000,0.000000,0.000000,0.000000,0.000000,0.000000,0.000000,0.000000,0.000000,0.000000,0.000000,0.000000,0.000000,0.000000,0.000000
0.000000,0.000000,0.000000,0.000000,0.000000,0.000000,0.000000,0.000000,0.000000,0.000000,0.000000,0.000000,0.000000,0.000000,0.000000,0.000000,0.000000,0.000000,0.000000,0.000000,0.000000,0.000000,0.000000,0.000000,0.000000,0.000000,0.000000,0.000000,0.000000,0.000000,1000.000989,1000.001290,1000.001580,1000.001807,1000.002020,1000.002215,1000.002385,1000.002523,1000.002637,1000.002736,1000.002827,1000.002912,1000.002983,1000.003037,1000.003072,1000.003093,1000.003105,1000.003110,1000.003109,1000.003105,1000.003105,1000.003109,1000.003113,1000.003111,1000.003104,1000.003099,1000.003103,1000.003114,1000.003124,1000.003119,1000.003090,1000.003038,1000.002971,1000.002897,1000.002810,1000.002705,1000.002568,1000.002396,1000.002193,1000.001954,1000.001696,1000.001404,1000.001133,0.000000,0.000000,0.000000,0.000000,0.000000,0.000000,0.000000,0.000000,0.000000,0.000000,0.000000,0.000000,0.000000,0.000000,0.000000,0.000000,0.000000,0.000000,0.000000,0.000000,0.000000,0.000000,0.000000,0.000000,0.000000,0.000000,0.000000,0.000000,0.000000,0.000000
0.000000,0.000000,0.000000,0.000000,0.000000,0.000000,0.000000,0.000000,0.000000,0.000000,0.000000,0.000000,0.000000,0.000000,0.000000,0.000000,0.000000,0.000000,0.000000,0.000000,0.000000,0.000000,0.000000,0.000000,0.000000,0.000000,0.000000,0.000000,0.000000,0.000000,0.000000,0.000000,1000.000873,1000.001164,1000.001417,1000.001629,1000.001804,1000.001968,1000.002106,1000.002237,1000.002357,1000.002474,1000.002582,1000.002675,1000.002743,1000.002786,1000.002813,1000.002827,1000.002829,1000.002821,1000.002809,1000.002799,1000.002797,1000.002795,1000.002793,1000.002791,1000.002790,1000.002789,1000.002784,1000.002764,1000.002724,1000.002664,1000.002594,1000.002509,1000.002411,1000.002289,1000.002126,1000.001931,1000.001698,1000.001368,1000.001050,0.000000,0.000000,0.000000,0.000000,0.000000,0.000000,0.000000,0.000000,0.000000,0.000000,0.000000,0.000000,0.000000,0.000000,0.000000,0.000000,0.000000,0.000000,0.000000,0.000000,0.000000,0.000000,0.000000,0.000000,0.000000,0.000000,0.000000,0.000000,0.000000,0.000000,0.000000,0.000000
0.000000,0.000000,0.000000,0.000000,0.000000,0.000000,0.000000,0.000000,0.000000,0.000000,0.000000,0.000000,0.000000,0.000000,0.000000,0.000000,0.000000,0.000000,0.000000,0.000000,0.000000,0.000000,0.000000,0.000000,0.000000,0.000000,0.000000,0.000000,0.000000,0.000000,0.000000,0.000000,0.000000,0.000000,1000.000746,1000.000984,1000.001163,1000.001324,1000.001482,1000.001630,1000.001776,1000.001918,1000.002058,1000.002177,1000.002273,1000.002335,1000.002371,1000.002387,1000.002384,1000.002364,1000.002335,1000.002307,1000.002298,1000.002298,1000.002309,1000.002322,1000.002329,1000.002324,1000.002305,1000.002269,1000.002218,1000.002163,1000.002123,1000.002049,1000.001955,1000.001831,1000.001643,1000.001399,1000.001146,0.000000,0.000000,0.000000,0.000000,0.000000,0.000000,0.000000,0.000000,0.000000,0.000000,0.000000,0.000000,0.000000,0.000000,0.000000,0.000000,0.000000,0.000000,0.000000,0.000000,0.000000,0.000000,0.000000,0.000000,0.000000,0.000000,0.000000,0.000000,0.000000,0.000000,0.000000,0.000000,0.000000,0.000000
0.000000,0.000000,0.000000,0.000000,0.000000,0.000000,0.000000,0.000000,0.000000,0.000000,0.000000,0.000000,0.000000,0.000000,0.000000,0.000000,0.000000,0.000000,0.000000,0.000000,0.000000,0.000000,0.000000,0.000000,0.000000,0.000000,0.000000,0.000000,0.000000,0.000000,0.000000,0.000000,0.000000,0.000000,0.000000,0.000000,0.000000,1000.000577,1000.000797,1000.000952,1000.001100,1000.001265,1000.001468,1000.001607,1000.001724,1000.001808,1000.001849,1000.001852,1000.001828,1000.001784,1000.001721,1000.001684,1000.001658,1000.001668,1000.001706,1000.001758,1000.001797,1000.001804,1000.001769,1000.001698,1000.001615,1000.001583,1000.001586,1000.001557,1000.001455,1000.001289,0.000000,0.000000,0.000000,0.000000,0.000000,0.000000,0.000000,0.000000,0.000000,0.000000,0.000000,0.000000,0.000000,0.000000,0.000000,0.000000,0.000000,0.000000,0.000000,0.000000,0.000000,0.000000,0.000000,0.000000,0.000000,0.000000,0.000000,0.000000,0.000000,0.000000,0.000000,0.000000,0.000000,0.000000,0.000000,0.000000,0.000000
0.000000,0.000000,0.000000,0.000000,0.000000,0.000000,0.000000,0.000000,0.000000,0.000000,0.000000,0.000000,0.000000,0.000000,0.000000,0.000000,0.000000,0.000000,0.000000,0.000000,0.000000,0.000000,0.000000,0.000000,0.000000,0.000000,0.000000,0.000000,0.000000,0.000000,0.000000,0.000000,0.000000,0.000000,0.000000,0.000000,0.000000,0.000000,0.000000,0.000000,0.000000,0.000000,1000.000810,1000.000977,1000.001135,1000.001256,1000.001306,1000.001273,1000.001199,1000.001110,1000.001025,1000.000989,1000.000904,1000.000918,1000.001013,1000.001145,1000.001259,1000.001299,1000.001249,1000.001129,1000.000933,0.000000,0.000000,0.000000,0.000000,0.000000,0.000000,0.000000,0.000000,0.000000,0.000000,0.000000,0.000000,0.000000,0.000000,0.000000,0.000000,0.000000,0.000000,0.000000,0.000000,0.000000,0.000000,0.000000,0.000000,0.000000,0.000000,0.000000,0.000000,0.000000,0.000000,0.000000,0.000000,0.000000,0.000000,0.000000,0.000000,0.000000,0.000000,0.000000,0.000000,0.000000,0.000000
0.000000,0.000000,0.000000,0.000000,0.000000,0.000000,0.000000,0.000000,0.000000,0.000000,0.000000,0.000000,0.000000,0.000000,0.000000,0.000000,0.000000,0.000000,0.000000,0.000000,0.000000,0.000000,0.000000,0.000000,0.000000,0.000000,0.000000,0.000000,0.000000,0.000000,0.000000,0.000000,0.000000,0.000000,0.000000,0.000000,0.000000,0.000000,0.000000,0.000000,0.000000,0.000000,0.000000,0.000000,0.000000,0.000000,0.000000,0.000000,0.000000,0.000000,0.000000,1000.000247,0.000000,0.000000,0.000000,0.000000,0.000000,0.000000,0.000000,0.000000,0.000000,0.000000,0.000000,0.000000,0.000000,0.000000,0.000000,0.000000,0.000000,0.000000,0.000000,0.000000,0.000000,0.000000,0.000000,0.000000,0.000000,0.000000,0.000000,0.000000,0.000000,0.000000,0.000000,0.000000,0.000000,0.000000,0.000000,0.000000,0.000000,0.000000,0.000000,0.000000,0.000000,0.000000,0.000000,0.000000,0.000000,0.000000,0.000000,0.000000,0.000000,0.000000,0.000000
0.000000,0.000000,0.000000,0.000000,0.000000,0.000000,0.000000,0.000000,0.000000,0.000000,0.000000,0.000000,0.000000,0.000000,0.000000,0.000000,0.000000,0.000000,0.000000,0.000000,0.000000,0.000000,0.000000,0.000000,0.000000,0.000000,0.000000,0.000000,0.000000,0.000000,0.000000,0.000000,0.000000,0.000000,0.000000,0.000000,0.000000,0.000000,0.000000,0.000000,0.000000,0.000000,0.000000,0.000000,0.000000,0.000000,0.000000,0.000000,0.000000,0.000000,0.000000,0.000000,0.000000,0.000000,0.000000,0.000000,0.000000,0.000000,0.000000,0.000000,0.000000,0.000000,0.000000,0.000000,0.000000,0.000000,0.000000,0.000000,0.000000,0.000000,0.000000,0.000000,0.000000,0.000000,0.000000,0.000000,0.000000,0.000000,0.000000,0.000000,0.000000,0.000000,0.000000,0.000000,0.000000,0.000000,0.000000,0.000000,0.000000,0.000000,0.000000,0.000000,0.000000,0.000000,0.000000,0.000000,0.000000,0.000000,0.000000,0.000000,0.000000,0.000000,0.000000
