0.000000,0.000000,0.000000,0.000000,0.000000,0.000000,0.000000,0.000000,0.000000,0.000000,0.000000,0.000000,0.000000,0.000000,0.000000,0.000000,0.000000,0.000000,0.000000,0.000000,0.000000,0.000000,0.000000,0.000000,0.000000,0.000000,0.000000,0.000000,0.000000,0.000000,0.000000,0.000000,0.000000,0.000000,0.000000,0.000000,0.000000,0.000000,0.000000,0.000000,0.000000,0.000000,0.000000,0.000000,0.000000,0.000000,0.000000,0.000000,0.000000,0.000000,0.000000,0.000000,0.000000,0.000000,0.000000,0.000000,0.000000,0.000000,0.000000,0.000000,0.000000,0.000000,0.000000,0.000000,0.000000,0.000000,0.000000,0.000000,0.000000,0.000000,0.000000,0.000000,0.000000,0.000000,0.000000,0.000000,0.000000,0.000000,0.000000,0.000000,0.000000,0.000000,0.000000,0.000000,0.000000,0.000000,0.000000,0.000000,0.000000,0.000000,0.000000,0.000000,0.000000,0.000000,0.000000,0.000000,0.000000,0.000000,0.000000,0.000000,0.000000,0.000000,0.000000
0.000000,0.000000,0.000000,0.000000,0.000000,0.000000,0.000000,0.000000,0.000000,0.000000,0.000000,0.000000,0.000000,0.000000,0.000000,0.000000,0.000000,0.000000,0.000000,0.000000,0.000000,0.000000,0.000000,0.000000,0.000000,0.000000,0.000000,0.000000,0.000000,0.000000,0.000000,0.000000,0.000000,0.000000,0.000000,0.000000,0.000000,0.000000,0.000000,0.000000,0.000000,0.000000,0.000000,0.000000,0.000000,0.000000,0.000000,0.000000,0.000000,0.000000,0.000000,1000.055751,0.000000,0.000000,0.000000,0.000000,0.000000,0.000000,0.000000,0.000000,0.000000,0.000000,0.000000,0.000000,0.000000,0.000000,0.000000,0.000000,0.000000,0.000000,0.000000,0.000000,0.000000,0.000000,0.000000,0.000000,0.000000,0.000000,0.000000,0.000000,0.000000,0.000000,0.000000,0.000000,0.000000,0.000000,0.000000,0.000000,0.000000,0.000000,0.000000,0.000000,0.000000,0.000000,0.000000,0.000000,0.000000,0.000000,0.000000,0.000000,0.000000,0.000000,0.000000
0.000000,0.000000,0.000000,0.000000,0.000000,0.000000,0.000000,0.000000,0.000000,0.000000,0.000000,0.000000,0.000000,0.000000,0.000000,0.000000,0.000000,0.000000,0.000000,0.000000,0.000000,0.000000,0.000000,0.000000,0.000000,0.000000,0.000000,0.000000,0.000000,0.000000,0.000000,0.000000,0.000000,0.000000,0.000000,0.000000,0.000000,0.000000,0.000000,0.000000,0.000000,0.000000,1000.047153,1000.033873,1000.036262,1000.041461,1000.046163,1000.050397,1000.054392,1000.059318,1000.063276,1000.064105,1000.064029,1000.067116,1000.070558,1000.072171,1000.073250,1000.073957,1000.074268,1000.072741,1000.063835,0.000000,0.000000,0.000000,0.000000,0.000000,0.000000,0.000000,0.000000,0.000000,0.000000,0.000000,0.000000,0.000000,0.000000,0.000000,0.000000,0.000000,0.000000,0.000000,0.000000,0.000000,0.000000,0.000000,0.000000,0.000000,0.000000,0.000000,0.000000,0.000000,0.000000,0.000000,0.000000,0.000000,0.000000,0.000000,0.000000,0.000000,0.000000,0.000000,0.000000,0.000000,0.000000
0.000000,0.000000,0.000000,0.000000,0.000000,0.000000,0.000000,0.000000,0.000000,0.000000,0.000000,0.000000,0.000000,0.000000,0.000000,0.000000,0.000000,0.000000,0.000000,0.000000,0.000000,0.000000,0.000000,0.000000,0.000000,0.000000,0.000000,0.000000,0.000000,0.000000,0.000000,0.000000,0.000000,0.000000,0.000000,0.000000,0.000000,1000.008313,999.993711,999.998552,1000.011980,1000.028914,1000.048682,1000.046823,1000.046194,1000.048884,1000.052949,1000.057146,1000.060978,1000.064530,1000.069070,1000.070219,1000.070928,1000.074537,1000.076424,1000.077904,1000.079000,1000.079433,1000.078719,1000.076169,1000.072882,1000.078170,1000.081148,1000.081744,1000.078635,1000.069988,0.000000,0.000000,0.000000,0.000000,0.000000,0.000000,0.000000,0.000000,0.000000,0.000000,0.000000,0.000000,0.000000,0.000000,0.000000,0.000000,0.000000,0.000000,0.000000,0.000000,0.000000,0.000000,0.000000,0.000000,0.000000,0.000000,0.000000,0.000000,0.000000,0.000000,0.000000,0.000000,0.000000,0.000000,0.000000,0.000000,0.000000
0.000000,0.000000,0.000000,0.000000,0.000000,0.000000,0.000000,0.000000,0.000000,0.000000,0.000000,0.000000,0.000000,0.000000,0.000000,0.000000,0.000000,0.000000,0.000000,0.000000,0.000000,0.000000,0.000000,0.000000,0.000000,0.000000,0.000000,0.000000,0.000000,0.000000,0.000000,0.000000,0.000000,0.000000,999.976702,999.966904,999.982236,1000.009029,1000.010363,1000.012938,1000.020368,1000.034988,1000.044355,1000.048537,1000.052369,1000.056036,1000.059804,1000.063597,1000.067371,1000.070616,1000.073655,1000.076089,1000.078270,1000.080368,1000.082028,1000.083631,1000.084619,1000.084995,1000.084769,1000.084079,1000.083131,1000.083757,1000.085965,1000.084759,1000.081794,1000.078203,1000.080611,1000.079547,1000.072128,0.000000,0.000000,0.000000,0.000000,0.000000,0.000000,0.000000,0.000000,0.000000,0.000000,0.000000,0.000000,0.000000,0.000000,0.000000,0.000000,0.000000,0.000000,0.000000,0.000000,0.000000,0.000000,0.000000,0.000000,0.000000,0.000000,0.000000,0.000000,0.000000,0.000000,0.000000,0.000000,0.000000,0.000000
0.000000,0.000000,0.000000,0.000000,0.000000,0.000000,0.000000,0.000000,0.000000,0.000000,0.000000,0.000000,0.000000,0.000000,0.000000,0.000000,0.000000,0.000000,0.000000,0.000000,0.000000,0.000000,0.000000,0.000000,0.000000,0.000000,0.000000,0.000000,0.000000,0.000000,0.000000,0.000000,999.962214,999.954414,999.979499,999.983931,999.995520,1000.005490,1000.012490,1000.020640,1000.029023,1000.038503,1000.045681,1000.052832,1000.057705,1000.061608,1000.065305,1000.068824,1000.072207,1000.075360,1000.078049,1000.080633,1000.082990,1000.084923,1000.086815,1000.088379,1000.089527,1000.090230,1000.090436,1000.090471,1000.090844,1000.090565,1000.090715,1000.089895,1000.088563,1000.086492,1000.084816,1000.083350,1000.079740,1000.080386,1000.072898,0.000000,0.000000,0.000000,0.000000,0.000000,0.000000,0.000000,0.000000,0.000000,0.000000,0.000000,0.000000,0.000000,0.000000,0.000000,0.000000,0.000000,0.000000,0.000000,0.000000,0.000000,0.000000,0.000000,0.000000,0.000000,0.000000,0.000000,0.000000,0.000000,0.000000,0.000000,0.000000
0.000000,0.000000,0.000000,0.000000,0.000000,0.000000,0.000000,0.000000,0.000000,0.000000,0.000000,0.000000,0.000000,0.000000,0.000000,0.000000,0.000000,0.000000,0.000000,0.000000,0.000000,0.000000,0.000000,0.000000,0.000000,0.000000,0.000000,0.000000,0.000000,0.000000,999.940137,999.932663,999.961190,999.972672,999.981245,999.988309,999.998470,1000.007217,1000.017526,1000.026420,1000.034856,1000.042694,1000.049634,1000.055648,1000.060128,1000.063925,1000.067254,1000.070340,1000.073275,1000.076130,1000.078802,1000.081387,1000.083826,1000.086082,1000.088234,1000.090125,1000.091778,1000.093142,1000.094204,1000.094947,1000.095638,1000.095951,1000.095874,1000.095370,1000.094388,1000.093271,1000.091375,1000.089519,1000.086642,1000.083915,1000.081721,1000.083170,1000.075300,0.000000,0.000000,0.000000,0.000000,0.000000,0.000000,0.000000,0.000000,0.000000,0.000000,0.000000,0.000000,0.000000,0.000000,0.000000,0.000000,0.000000,0.000000,0.000000,0.000000,0.000000,0.000000,0.000000,0.000000,0.000000,0.000000,0.000000,0.000000,0.000000,0.000000
0.000000,0.000000,0.000000,0.000000,0.000000,0.000000,0.000000,0.000000,0.000000,0.000000,0.000000,0.000000,0.000000,0.000000,0.000000,0.000000,0.000000,0.000000,0.000000,0.000000,0.000000,0.000000,0.000000,0.000000,0.000000,0.000000,0.000000,0.000000,999.919730,999.913400,999.940566,999.953419,999.963035,999.972538,999.981293,999.992349,1000.002171,1000.011790,1000.021714,1000.030458,1000.038315,1000.044733,1000.050120,1000.054335,1000.057791,1000.060730,1000.063373,1000.065945,1000.068512,1000.071119,1000.073763,1000.076412,1000.079066,1000.081713,1000.084303,1000.086819,1000.089222,1000.091466,1000.093554,1000.095424,1000.097001,1000.098296,1000.099065,1000.099415,1000.099164,1000.098483,1000.097168,1000.095488,1000.093757,1000.091210,1000.088628,1000.085870,1000.083950,1000.085759,1000.077945,0.000000,0.000000,0.000000,0.000000,0.000000,0.000000,0.000000,0.000000,0.000000,0.000000,0.000000,0.000000,0.000000,0.000000,0.000000,0.000000,0.000000,0.000000,0.000000,0.000000,0.000000,0.000000,0.000000,0.000000,0.000000,0.000000,0.000000,0.000000
0.000000,0.000000,0.000000,0.000000,0.000000,0.000000,0.000000,0.000000,0.000000,0.000000,0.000000,0.000000,0.000000,0.000000,0.000000,0.000000,0.000000,0.000000,0.000000,0.000000,0.000000,0.000000,0.000000,0.000000,0.000000,0.000000,999.903472,999.898577,999.922122,999.934214,999.943792,999.954098,999.963287,999.974706,999.984603,999.994967,1000.005027,1000.015262,1000.024293,1000.031729,1000.037471,1000.041736,1000.045087,1000.047762,1000.050133,1000.052299,1000.054419,1000.056596,1000.058891,1000.061316,1000.063884,1000.066570,1000.069379,1000.072292,1000.075272,1000.078324,1000.081419,1000.084522,1000.087595,1000.090612,1000.093439,1000.096019,1000.098206,1000.099930,1000.101085,1000.101604,1000.101478,1000.100590,1000.099261,1000.097429,1000.095654,1000.093092,1000.090589,1000.087855,1000.086045,1000.087873,1000.080202,0.000000,0.000000,0.000000,0.000000,0.000000,0.000000,0.000000,0.000000,0.000000,0.000000,0.000000,0.000000,0.000000,0.000000,0.000000,0.000000,0.000000,0.000000,0.000000,0.000000,0.000000,0.000000,0.000000,0.000000,0.000000,0.000000
0.000000,0.000000,0.000000,0.000000,0.000000,0.000000,0.000000,0.000000,0.000000,0.000000,0.000000,0.000000,0.000000,0.000000,0.000000,0.000000,0.000000,0.000000,0.000000,0.000000,0.000000,0.000000,0.000000,0.000000,999.891199,999.889228,999.907615,999.917921,999.926687,999.936558,999.945461,999.956604,999.966386,999.976309,999.986409,999.996914,1000.007233,1000.016388,1000.023394,1000.028352,1000.031654,1000.034065,1000.036065,1000.037907,1000.039701,1000.041487,1000.043337,1000.045296,1000.047389,1000.049632,1000.052054,1000.054655,1000.057430,1000.060386,1000.063520,1000.066818,1000.070264,1000.073860,1000.077578,1000.081377,1000.085197,1000.088953,1000.092549,1000.095835,1000.098689,1000.100953,1000.102537,1000.103305,1000.103270,1000.102486,1000.101116,1000.099303,1000.097522,1000.094904,1000.092448,1000.089760,1000.087731,1000.088407,1000.080817,0.000000,0.000000,0.000000,0.000000,0.000000,0.000000,0.000000,0.000000,0.000000,0.000000,0.000000,0.000000,0.000000,0.000000,0.000000,0.000000,0.000000,0.000000,0.000000,0.000000,0.000000,0.000000,0.000000,0.000000
0.000000,0.000000,0.000000,0.000000,0.000000,0.000000,0.000000,0.000000,0.000000,0.000000,0.000000,0.000000,0.000000,0.000000,0.000000,0.000000,0.000000,0.000000,0.000000,0.000000,0.000000,0.000000,0.000000,999.895455,999.897774,999.905160,999.913140,999.921947,999.929895,999.940124,999.949350,999.958588,999.967883,999.977494,999.987748,999.997947,1000.007139,1000.014097,1000.018561,1000.021180,1000.022893,1000.024395,1000.025884,1000.027403,1000.028937,1000.030524,1000.032202,1000.033993,1000.035912,1000.037981,1000.040223,1000.042667,1000.045319,1000.048188,1000.051279,1000.054590,1000.058119,1000.061862,1000.065813,1000.069950,1000.074253,1000.078677,1000.083165,1000.087629,1000.091939,1000.095914,1000.099384,1000.102168,1000.104081,1000.105104,1000.105178,1000.104414,1000.103003,1000.101112,1000.099177,1000.096369,1000.093825,1000.091047,1000.087723,1000.080799,0.000000,0.000000,0.000000,0.000000,0.000000,0.000000,0.000000,0.000000,0.000000,0.000000,0.000000,0.000000,0.000000,0.000000,0.000000,0.000000,0.000000,0.000000,0.000000,0.000000,0.000000,0.000000,0.000000
0.000000,0.000000,0.000000,0.000000,0.000000,0.000000,0.000000,0.000000,0.000000,0.000000,0.000000,0.000000,0.000000,0.000000,0.000000,0.000000,0.000000,0.000000,0.000000,0.000000,0.000000,999.876939,999.877124,999.897568,999.905166,999.911717,999.917659,999.926275,999.934644,999.943173,999.951645,999.960085,999.968962,999.978272,999.987990,999.997114,1000.004336,1000.008848,1000.011166,1000.012443,1000.013565,1000.014753,1000.015966,1000.017201,1000.018490,1000.019870,1000.021353,1000.022960,1000.024715,1000.026631,1000.028723,1000.031020,1000.033552,1000.036322,1000.039335,1000.042597,1000.046119,1000.049891,1000.053893,1000.058122,1000.062569,1000.067218,1000.072057,1000.077073,1000.082202,1000.087324,1000.092277,1000.096867,1000.100844,1000.103989,1000.106129,1000.107222,1000.107221,1000.106314,1000.104720,1000.102600,1000.100271,1000.096732,1000.093303,1000.090156,1000.092432,1000.084407,0.000000,0.000000,0.000000,0.000000,0.000000,0.000000,0.000000,0.000000,0.000000,0.000000,0.000000,0.000000,0.000000,0.000000,0.000000,0.000000,0.000000,0.000000,0.000000,0.000000,0.000000
0.000000,0.000000,0.000000,0.000000,0.000000,0.000000,0.000000,0.000000,0.000000,0.000000,0.000000,0.000000,0.000000,0.000000,0.000000,0.000000,0.000000,0.000000,0.000000,0.000000,999.881438,999.885244,999.892583,999.900927,999.908116,999.915612,999.922752,999.930319,999.938061,999.945703,999.953459,999.961257,999.969476,999.978173,999.986856,999.994329,999.999397,1000.001939,1000.003014,1000.003770,1000.004626,1000.005498,1000.006357,1000.007278,1000.008315,1000.009457,1000.010710,1000.012104,1000.013666,1000.015419,1000.017376,1000.019554,1000.021974,1000.024655,1000.027613,1000.030852,1000.034364,1000.038153,1000.042214,1000.046514,1000.051030,1000.055758,1000.060706,1000.065872,1000.071266,1000.076873,1000.082601,1000.088314,1000.093830,1000.098881,1000.103164,1000.106451,1000.108575,1000.109483,1000.109195,1000.107976,1000.106027,1000.103484,1000.100752,1000.097646,1000.094693,1000.090929,1000.084044,0.000000,0.000000,0.000000,0.000000,0.000000,0.000000,0.000000,0.000000,0.000000,0.000000,0.000000,0.000000,0.000000,0.000000,0.000000,0.000000,0.000000,0.000000,0.000000,0.000000
0.000000,0.000000,0.000000,0.000000,0.000000,0.000000,0.000000,0.000000,0.000000,0.000000,0.000000,0.000000,0.000000,0.000000,0.000000,0.000000,0.000000,0.000000,0.000000,999.879097,999.886460,999.892295,999.899364,999.905230,999.912774,999.919728,999.926734,999.933758,999.940910,999.947891,999.954853,999.961977,999.969443,999.977145,999.984389,999.990055,999.993339,999.994629,999.995104,999.995564,999.996085,999.996582,999.997114,999.997769,999.998544,999.999415,1000.000413,1000.001577,1000.002932,1000.004493,1000.006277,1000.008306,1000.010595,1000.013170,1000.016048,1000.019239,1000.022744,1000.026553,1000.030663,1000.035055,1000.039689,1000.044536,1000.049588,1000.054840,1000.060305,1000.066008,1000.071953,1000.078106,1000.084378,1000.090603,1000.096529,1000.101828,1000.106198,1000.109391,1000.111221,1000.111715,1000.110966,1000.109301,1000.106978,1000.104382,1000.100454,1000.096907,1000.092245,1000.086859,0.000000,0.000000,0.000000,0.000000,0.000000,0.000000,0.000000,0.000000,0.000000,0.000000,0.000000,0.000000,0.000000,0.000000,0.000000,0.000000,0.000000,0.000000,0.000000
0.000000,0.000000,0.000000,0.000000,0.000000,0.000000,0.000000,0.000000,0.000000,0.000000,0.000000,0.000000,0.000000,0.000000,0.000000,0.000000,0.000000,0.000000,999.876420,999.884441,999.891182,999.897612,999.904146,999.910392,999.917044,999.923479,999.930200,999.936848,999.943365,999.949700,999.955969,999.962354,999.968877,999.975321,999.981013,999.985038,999.987018,999.987584,999.987720,999.987890,999.988070,999.988251,999.988532,999.988942,999.989447,999.990074,999.990867,999.991834,999.992981,999.994321,999.995880,999.997684,999.999761,1000.002142,1000.004852,1000.007906,1000.011322,1000.015094,1000.019205,1000.023645,1000.028390,1000.033394,1000.038607,1000.044010,1000.049594,1000.055357,1000.061332,1000.067553,1000.074023,1000.080693,1000.087445,1000.094062,1000.100229,1000.105588,1000.109806,1000.112617,1000.113913,1000.113799,1000.112391,1000.110145,1000.106944,1000.103308,1000.099482,1000.095286,1000.090420,0.000000,0.000000,0.000000,0.000000,0.000000,0.000000,0.000000,0.000000,0.000000,0.000000,0.000000,0.000000,0.000000,0.000000,0.000000,0.000000,0.000000,0.000000
0.000000,0.000000,0.000000,0.000000,0.000000,0.000000,0.000000,0.000000,0.000000,0.000000,0.000000,0.000000,0.000000,0.000000,0.000000,0.000000,0.000000,999.874147,999.882131,999.889173,999.895759,999.902367,999.908625,999.914856,999.920928,999.927118,999.933402,999.939586,999.945540,999.951274,999.956890,999.962475,999.967973,999.973109,999.977309,999.979958,999.981000,999.981088,999.980960,999.980882,999.980800,999.980756,999.980846,999.981050,999.981360,999.981828,999.982482,999.983299,999.984261,999.985397,999.986731,999.988280,999.990073,999.992144,999.994546,999.997317,1000.000479,1000.004047,1000.008026,1000.012407,1000.017162,1000.022246,1000.027611,1000.033195,1000.038960,1000.044886,1000.050966,1000.057225,1000.063709,1000.070446,1000.077419,1000.084561,1000.091717,1000.098592,1000.104826,1000.110011,1000.113777,1000.115899,1000.116313,1000.115185,1000.112925,1000.109750,1000.106184,1000.102503,1000.098666,1000.094250,0.000000,0.000000,0.000000,0.000000,0.000000,0.000000,0.000000,0.000000,0.000000,0.000000,0.000000,0.000000,0.000000,0.000000,0.000000,0.000000,0.000000
0.000000,0.000000,0.000000,0.000000,0.000000,0.000000,0.000000,0.000000,0.000000,0.000000,0.000000,0.000000,0.000000,0.000000,0.000000,0.000000,999.872224,999.880003,999.887001,999.893688,999.900313,999.906724,999.912845,999.918824,999.924613,999.930490,999.936351,999.942080,999.947529,999.952713,999.957705,999.962518,999.967030,999.970953,999.973864,999.975418,999.975710,999.975340,999.974914,999.974610,999.974379,999.974232,999.974204,999.974289,999.974503,999.974887,999.975444,999.976155,999.977015,999.978032,999.979208,999.980550,999.982073,999.983807,999.985809,999.988144,999.990861,999.994006,999.997616,1000.001708,1000.006274,1000.011270,1000.016643,1000.022334,1000.028269,1000.034395,1000.040676,1000.047090,1000.053658,1000.060420,1000.067413,1000.074651,1000.082106,1000.089680,1000.097134,1000.104105,1000.110154,1000.114804,1000.117678,1000.118597,1000.117795,1000.115596,1000.112532,1000.109050,1000.105598,1000.102037,1000.098010,0.000000,0.000000,0.000000,0.000000,0.000000,0.000000,0.000000,0.000000,0.000000,0.000000,0.000000,0.000000,0.000000,0.000000,0.000000,0.000000
0.000000,0.000000,0.000000,0.000000,0.000000,0.000000,0.000000,0.000000,0.000000,0.000000,0.000000,0.000000,0.000000,0.000000,0.000000,999.869958,999.878034,999.885007,999.891613,999.898218,999.904619,999.910802,999.916790,999.922506,999.928058,999.933607,999.939096,999.944399,999.949411,999.954111,999.958533,999.962652,999.966305,999.969248,999.971178,999.971879,999.971514,999.970645,999.969821,999.969257,999.968927,999.968755,999.968706,999.968780,999.968997,999.969370,999.969889,999.970555,999.971380,999.972346,999.973436,999.974647,999.975991,999.977485,999.979142,999.981013,999.983175,999.985712,999.988701,999.992201,999.996258,1000.000879,1000.006012,1000.011599,1000.017572,1000.023832,1000.030302,1000.036929,1000.043684,1000.050576,1000.057640,1000.064913,1000.072414,1000.080151,1000.088072,1000.095997,1000.103592,1000.110390,1000.115823,1000.119371,1000.120803,1000.120253,1000.118174,1000.115183,1000.111823,1000.108506,1000.105180,1000.101684,0.000000,0.000000,0.000000,0.000000,0.000000,0.000000,0.000000,0.000000,0.000000,0.000000,0.000000,0.000000,0.000000,0.000000,0.000000
0.000000,0.000000,0.000000,0.000000,0.000000,0.000000,0.000000,0.000000,0.000000,0.000000,0.000000,0.000000,0.000000,0.000000,999.867830,999.876152,999.883208,999.889761,999.896246,999.902555,999.908690,999.914701,999.920496,999.925983,999.931298,999.936539,999.941683,999.946629,999.951265,999.955535,999.959463,999.963000,999.965991,999.968236,999.969492,999.969611,999.968759,999.967414,999.966128,999.965222,999.964702,999.964473,999.964453,999.964597,999.964900,999.965344,999.965915,999.966615,999.967439,999.968372,999.969406,999.970547,999.971797,999.973156,999.974607,999.976145,999.977828,999.979741,999.981986,999.984677,999.987914,999.991776,999.996296,1000.001443,1000.007152,1000.013331,1000.019863,1000.026650,1000.033608,1000.040703,1000.047936,1000.055328,1000.062911,1000.070704,1000.078730,1000.086981,1000.095315,1000.103438,1000.110875,1000.116983,1000.121132,1000.122989,1000.122633,1000.120627,1000.117664,1000.114313,1000.111031,1000.107847,1000.104661,0.000000,0.000000,0.000000,0.000000,0.000000,0.000000,0.000000,0.000000,0.000000,0.000000,0.000000,0.000000,0.000000,0.000000
0.000000,0.000000,0.000000,0.000000,0.000000,0.000000,0.000000,0.000000,0.000000,0.000000,0.000000,0.000000,0.000000,999.866560,999.874568,999.881550,999.888102,999.894523,999.900696,999.906685,999.912600,999.918420,999.924011,999.929306,999.934390,999.939345,999.944185,999.948823,999.953127,999.957037,999.960565,999.963650,999.966166,999.967955,999.968831,999.968686,999.967606,999.965962,999.964297,999.962989,999.962158,999.961756,999.961680,999.961867,999.962263,999.962821,999.963513,999.964310,999.965181,999.966115,999.967109,999.968178,999.969337,999.970583,999.971907,999.973282,999.974686,999.976159,999.977783,999.979668,999.981963,999.984809,999.988332,999.992603,999.997613,1000.003315,1000.009610,1000.016357,1000.023419,1000.030697,1000.038140,1000.045731,1000.053480,1000.061411,1000.069539,1000.077888,1000.086469,1000.095174,1000.103744,1000.111720,1000.118396,1000.123036,1000.125190,1000.124952,1000.122934,1000.119877,1000.116424,1000.113086,1000.109822,1000.106222,0.000000,0.000000,0.000000,0.000000,0.000000,0.000000,0.000000,0.000000,0.000000,0.000000,0.000000,0.000000,0.000000
0.000000,0.000000,0.000000,0.000000,0.000000,0.000000,0.000000,0.000000,0.000000,0.000000,0.000000,0.000000,999.865790,999.873322,999.880080,999.886488,999.892879,999.899027,999.904898,999.910640,999.916346,999.921966,999.927371,999.932491,999.937370,999.942085,999.946655,999.951009,999.955031,999.958656,999.961866,999.964612,999.966809,999.968347,999.969092,999.968934,999.967899,999.966268,999.964462,999.962864,999.961710,999.961029,999.960771,999.960873,999.961261,999.961874,999.962654,999.963533,999.964468,999.965441,999.966428,999.967429,999.968470,999.969572,999.970754,999.972005,999.973267,999.974506,999.975752,999.977076,999.978588,999.980460,999.982858,999.985933,999.989817,999.994557,1000.000129,1000.006439,1000.013331,1000.020636,1000.028227,1000.036026,1000.043987,1000.052117,1000.060431,1000.068928,1000.077633,1000.086552,1000.095590,1000.104546,1000.112971,1000.120089,1000.125072,1000.127408,1000.127191,1000.125048,1000.121793,1000.118162,1000.114614,1000.110967,1000.106475,0.000000,0.000000,0.000000,0.000000,0.000000,0.000000,0.000000,0.000000,0.000000,0.000000,0.000000,0.000000
0.000000,0.000000,0.000000,0.000000,0.000000,0.000000,0.000000,0.000000,0.000000,0.000000,0.000000,999.866129,999.872583,999.878759,999.884947,999.891204,999.897331,999.903226,999.908886,999.914426,999.919938,999.925364,999.930592,999.935562,999.940280,999.944788,999.949111,999.953217,999.957001,999.960383,999.963347,999.965863,999.967869,999.969296,999.970048,999.970026,999.969257,999.967910,999.966262,999.964648,999.963318,999.962396,999.961912,999.961819,999.962065,999.962596,999.963325,999.964185,999.965124,999.966100,999.967091,999.968061,999.969004,999.969955,999.970951,999.972007,999.973106,999.974189,999.975230,999.976252,999.977305,999.978493,999.979970,999.981908,999.984505,999.987933,999.992305,999.997643,1000.003873,1000.010838,1000.018351,1000.026242,1000.034390,1000.042739,1000.051274,1000.059990,1000.068882,1000.077955,1000.087195,1000.096541,1000.105831,1000.114605,1000.122038,1000.127223,1000.129605,1000.129260,1000.126861,1000.123350,1000.119448,1000.115414,1000.110668,1000.104640,0.000000,0.000000,0.000000,0.000000,0.000000,0.000000,0.000000,0.000000,0.000000,0.000000,0.000000
0.000000,0.000000,0.000000,0.000000,0.000000,0.000000,0.000000,0.000000,0.000000,0.000000,0.000000,999.872235,999.877313,999.883355,999.889615,999.895647,999.901491,999.907195,999.912690,999.918056,999.923383,999.928627,999.933698,999.938544,999.943132,999.947457,999.951564,999.955450,999.959019,999.962209,999.965003,999.967366,999.969263,999.970659,999.971478,999.971670,999.971254,999.970322,999.969055,999.967684,999.966423,999.965430,999.964780,999.964491,999.964545,999.964880,999.965427,999.966142,999.966971,999.967867,999.968809,999.969741,999.970613,999.971436,999.972239,999.973060,999.973926,999.974811,999.975669,999.976494,999.977309,999.978144,999.979073,999.980232,999.981771,999.983913,999.986886,999.990846,999.995872,1000.001943,1000.008927,1000.016613,1000.024789,1000.033297,1000.042046,1000.050991,1000.060118,1000.069404,1000.078824,1000.088370,1000.098001,1000.107560,1000.116582,1000.124190,1000.129416,1000.131654,1000.130968,1000.128168,1000.124339,1000.120143,1000.115449,1000.108448,0.000000,0.000000,0.000000,0.000000,0.000000,0.000000,0.000000,0.000000,0.000000,0.000000,0.000000
0.000000,0.000000,0.000000,0.000000,0.000000,0.000000,0.000000,0.000000,0.000000,0.000000,999.866113,999.874661,999.881554,999.887989,999.893997,999.899768,999.905435,999.910984,999.916326,999.921536,999.926703,999.931785,999.936712,999.941444,999.945912,999.950087,999.954010,999.957693,999.961088,999.964141,999.966808,999.969065,999.970905,999.972313,999.973240,999.973653,999.973573,999.973070,999.972252,999.971253,999.970245,999.969364,999.968697,999.968307,999.968196,999.968325,999.968661,999.969167,999.969806,999.970555,999.971367,999.972194,999.972977,999.973659,999.974267,999.974858,999.975465,999.976104,999.976736,999.977353,999.977979,999.978628,999.979313,999.980068,999.980983,999.982211,999.983983,999.986548,999.990102,999.994795,1000.000674,1000.007637,1000.015471,1000.023930,1000.032805,1000.041956,1000.051318,1000.060843,1000.070485,1000.080230,1000.090063,1000.099924,1000.109676,1000.118830,1000.126466,1000.131552,1000.133394,1000.132147,1000.128836,1000.124568,1000.120355,1000.116380,1000.112018,0.000000,0.000000,0.000000,0.000000,0.000000,0.000000,0.000000,0.000000,0.000000,0.000000
0.000000,0.000000,0.000000,0.000000,0.000000,0.000000,0.000000,0.000000,0.000000,999.863425,999.871855,999.878747,999.885708,999.892043,999.897998,999.903681,999.909204,999.914584,999.919792,999.924891,999.929933,999.934869,999.939657,999.944262,999.948615,999.952670,999.956440,999.959963,999.963224,999.966157,999.968727,999.970923,999.972740,999.974178,999.975215,999.975827,999.976038,999.975902,999.975483,999.974871,999.974184,999.973527,999.972980,999.972606,999.972425,999.972422,999.972588,999.972901,999.973349,999.973912,999.974539,999.975184,999.975792,999.976293,999.976683,999.977026,999.977387,999.977777,999.978177,999.978578,999.978999,999.979481,999.980028,999.980606,999.981237,999.981987,999.983002,999.984519,999.986765,999.989969,999.994365,1000.000063,1000.006998,1000.014982,1000.023731,1000.032979,1000.042544,1000.052299,1000.062166,1000.072132,1000.082171,1000.092225,1000.102255,1000.112127,1000.121328,1000.128865,1000.133543,1000.134669,1000.132734,1000.129011,1000.124626,1000.120759,1000.115923,1000.110797,0.000000,0.000000,0.000000,0.000000,0.000000,0.000000,0.000000,0.000000,0.000000
0.000000,0.000000,0.000000,0.000000,0.000000,0.000000,0.000000,0.000000,0.000000,999.868949,999.876032,999.882887,999.889674,999.895907,999.901791,999.907378,999.912769,999.918020,999.923133,999.928140,999.933077,999.937888,999.942538,999.947011,999.951257,999.955208,999.958863,999.962263,999.965398,999.968237,999.970749,999.972907,999.974714,999.976181,999.977313,999.978101,999.978553,999.978705,999.978606,999.978327,999.977947,999.977539,999.977177,999.976909,999.976762,999.976728,999.976793,999.976963,999.977237,999.977581,999.977973,999.978379,999.978723,999.978989,999.979151,999.979241,999.979362,999.979535,999.979733,999.979945,999.980194,999.980510,999.980912,999.981382,999.981884,999.982423,999.983078,999.983992,999.985355,999.987376,999.990334,999.994517,1000.000088,1000.007046,1000.015213,1000.024277,1000.033913,1000.043855,1000.053928,1000.064095,1000.074337,1000.084586,1000.094798,1000.104956,1000.114922,1000.124106,1000.131311,1000.135206,1000.135365,1000.132715,1000.128589,1000.124182,1000.119595,1000.114525,0.000000,0.000000,0.000000,0.000000,0.000000,0.000000,0.000000,0.000000,0.000000
0.000000,0.000000,0.000000,0.000000,0.000000,0.000000,0.000000,0.000000,999.864450,999.872624,999.879881,999.886908,999.893427,999.899568,999.905376,999.910879,999.916186,999.921354,999.926374,999.931291,999.936133,999.940836,999.945358,999.949703,999.953841,999.957701,999.961265,999.964558,999.967602,999.970381,999.972848,999.974979,999.976782,999.978276,999.979483,999.980407,999.981050,999.981432,999.981591,999.981574,999.981442,999.981260,999.981084,999.980958,999.980897,999.980882,999.980901,999.980964,999.981060,999.981169,999.981279,999.981378,999.981445,999.981448,999.981379,999.981268,999.981168,999.981149,999.981201,999.981277,999.981405,999.981598,999.981866,999.982224,999.982630,999.983060,999.983548,999.984177,999.985064,999.986356,999.988264,999.991096,999.995176,1000.000728,1000.007808,1000.016238,1000.025663,1000.035652,1000.045881,1000.056213,1000.066607,1000.077019,1000.087404,1000.097746,1000.108036,1000.118071,1000.127054,1000.133565,1000.136339,1000.135364,1000.131889,1000.127365,1000.122932,1000.118665,1000.113621,0.000000,0.000000,0.000000,0.000000,0.000000,0.000000,0.000000,0.000000
0.000000,0.000000,0.000000,0.000000,0.000000,0.000000,0.000000,0.000000,999.868969,999.876448,999.883685,999.890541,999.896960,999.903046,999.908779,999.914227,999.919483,999.924578,999.929518,999.934352,999.939099,999.943702,999.948112,999.952340,999.956369,999.960139,999.963626,999.966852,999.969836,999.972555,999.974980,999.977104,999.978917,999.980437,999.981696,999.982715,999.983501,999.984062,999.984421,999.984606,999.984668,999.984667,999.984641,999.984621,999.984599,999.984569,999.984539,999.984498,999.984434,999.984341,999.984194,999.983999,999.983802,999.983574,999.983312,999.983033,999.982762,999.982573,999.982494,999.982485,999.982524,999.982630,999.982807,999.983050,999.983360,999.983714,999.984104,999.984586,999.985234,999.986136,999.987432,999.989331,999.992151,999.996271,1000.001974,1000.009329,1000.018131,1000.027916,1000.038176,1000.048610,1000.059095,1000.069590,1000.080094,1000.090605,1000.101098,1000.111503,1000.121474,1000.129978,1000.135421,1000.136759,1000.134545,1000.130338,1000.125580,1000.121121,1000.116824,0.000000,0.000000,0.000000,0.000000,0.000000,0.000000,0.000000,0.000000
0.000000,0.000000,0.000000,0.000000,0.000000,0.000000,0.000000,999.865226,999.873081,999.880314,999.887387,999.894036,999.900361,999.906374,999.912061,999.917477,999.922679,999.927702,999.932572,999.937322,999.941974,999.946482,999.950798,999.954924,999.958846,999.962532,999.965966,999.969147,999.972069,999.974726,999.977123,999.979249,999.981084,999.982638,999.983944,999.985034,999.985916,999.986597,999.987095,999.987434,999.987647,999.987766,999.987823,999.987823,999.987762,999.987662,999.987548,999.987413,999.987240,999.987004,999.986697,999.986332,999.985918,999.985508,999.985100,999.984672,999.984272,999.983943,999.983717,999.983600,999.983551,999.983567,999.983655,999.983797,999.984015,999.984300,999.984622,999.985007,999.985506,999.986189,999.987151,999.988514,999.990481,999.993427,999.997795,1000.003873,1000.011684,1000.020915,1000.030993,1000.041416,1000.051921,1000.062415,1000.072940,1000.083556,1000.094216,1000.104825,1000.115263,1000.125000,1000.132682,1000.136628,1000.136286,1000.132864,1000.128146,1000.123286,1000.118595,1000.112734,0.000000,0.000000,0.000000,0.000000,0.000000,0.000000,0.000000
0.000000,0.000000,0.000000,0.000000,0.000000,0.000000,0.000000,999.868871,999.877059,999.884205,999.891000,999.897455,999.903680,999.909639,999.915304,999.920681,999.925812,999.930757,999.935551,999.940217,999.944769,999.949178,999.953411,999.957451,999.961291,999.964908,999.968283,999.971414,999.974286,999.976900,999.979268,999.981384,999.983242,999.984842,999.986204,999.987354,999.988300,999.989059,999.989653,999.990093,999.990387,999.990558,999.990631,999.990606,999.990489,999.990304,999.990099,999.989891,999.989633,999.989304,999.988914,999.988450,999.987916,999.987373,999.986841,999.986315,999.985812,999.985372,999.985010,999.984732,999.984546,999.984434,999.984398,999.984440,999.984563,999.984765,999.985027,999.985343,999.985738,999.986272,999.987025,999.988080,999.989546,999.991686,999.994968,999.999850,1000.006543,1000.014927,1000.024531,1000.034755,1000.045172,1000.055594,1000.066040,1000.076636,1000.087384,1000.098152,1000.108838,1000.119232,1000.128477,1000.134857,1000.136878,1000.134772,1000.130278,1000.125029,1000.119922,1000.116272,0.000000,0.000000,0.000000,0.000000,0.000000,0.000000,0.000000
0.000000,0.000000,0.000000,0.000000,0.000000,0.000000,999.866283,999.873957,999.880998,999.887856,999.894480,999.900828,999.906968,999.912875,999.918509,999.923842,999.928896,999.933759,999.938483,999.943063,999.947507,999.951811,999.955954,999.959925,999.963699,999.967243,999.970558,999.973648,999.976488,999.979072,999.981403,999.983502,999.985372,999.987011,999.988428,999.989631,999.990635,999.991450,999.992096,999.992573,999.992885,999.993064,999.993120,999.993060,999.992892,999.992655,999.992387,999.992086,999.991737,999.991334,999.990866,999.990318,999.989732,999.989123,999.988513,999.987917,999.987335,999.986802,999.986320,999.985877,999.985510,999.985248,999.985080,999.984995,999.984997,999.985097,999.985284,999.985536,999.985859,999.986293,999.986900,999.987736,999.988887,999.990538,999.993058,999.996963,1000.002627,1000.010074,1000.018974,1000.028759,1000.038914,1000.049167,1000.059460,1000.069914,1000.080630,1000.091499,1000.102360,1000.113116,1000.123330,1000.131627,1000.136072,1000.135818,1000.132079,1000.126951,1000.121397,1000.115956,1000.108811,0.000000,0.000000,0.000000,0.000000,0.000000,0.000000
0.000000,0.000000,0.000000,0.000000,0.000000,0.000000,999.869210,999.878076,999.884867,999.891475,999.897867,999.904111,999.910193,999.916069,999.921653,999.926920,999.931920,999.936727,999.941380,999.945881,999.950221,999.954410,999.958457,999.962341,999.966033,999.969517,999.972795,999.975849,999.978659,999.981213,999.983522,999.985608,999.987477,999.989133,999.990581,999.991829,999.992869,999.993706,999.994355,999.994822,999.995135,999.995303,999.995330,999.995232,999.995025,999.994752,999.994426,999.994036,999.993592,999.993104,999.992558,999.991962,999.991333,999.990685,999.990031,999.989370,999.988721,999.988095,999.987499,999.986926,999.986407,999.985997,999.985699,999.985486,999.985356,999.985328,999.985403,999.985577,999.985835,999.986191,999.986696,999.987371,999.988278,999.989604,999.991649,999.994857,999.999673,1000.006244,1000.014345,1000.023501,1000.033204,1000.043140,1000.053199,1000.063442,1000.074005,1000.084884,1000.095901,1000.106893,1000.117662,1000.127309,1000.133929,1000.135858,1000.133349,1000.128358,1000.122593,1000.116604,1000.112981,0.000000,0.000000,0.000000,0.000000,0.000000,0.000000
0.000000,0.000000,0.000000,0.000000,0.000000,999.868235,999.875187,999.881820,999.888277,999.894803,999.901113,999.907300,999.913353,999.919171,999.924678,999.929899,999.934875,999.939640,999.944235,999.948667,999.952918,999.957002,999.960934,999.964710,999.968319,999.971751,999.974978,999.977984,999.980764,999.983305,999.985608,999.987684,999.989543,999.991201,999.992666,999.993923,999.994954,999.995778,999.996404,999.996853,999.997154,999.997299,999.997303,999.997181,999.996949,999.996626,999.996230,999.995773,999.995254,999.994684,999.994074,999.993425,999.992748,999.992058,999.991349,999.990626,999.989914,999.989214,999.988520,999.987846,999.987227,999.986694,999.986260,999.985924,999.985672,999.985505,999.985440,999.985496,999.985673,999.985951,999.986349,999.986903,999.987637,999.988714,999.990444,999.993205,999.997395,1000.003214,1000.010519,1000.018937,1000.028032,1000.037495,1000.047213,1000.057198,1000.067550,1000.078341,1000.089457,1000.100656,1000.111759,1000.122268,1000.130623,1000.134753,1000.133934,1000.129606,1000.124013,1000.117700,1000.111378,1000.103047,0.000000,0.000000,0.000000,0.000000,0.000000
0.000000,0.000000,0.000000,0.000000,0.000000,999.870244,999.878856,999.885181,999.891631,999.897953,999.904211,999.910391,999.916402,999.922139,999.927581,999.932769,999.937714,999.942443,999.946999,999.951370,999.955545,999.959539,999.963374,999.967064,999.970592,999.973937,999.977084,999.980038,999.982788,999.985317,999.987618,999.989691,999.991551,999.993215,999.994666,999.995877,999.996870,999.997660,999.998260,999.998691,999.998952,999.999072,999.999062,999.998921,999.998669,999.998316,999.997869,999.997345,999.996766,999.996133,999.995458,999.994746,999.994011,999.993265,999.992498,999.991720,999.990948,999.990188,999.989431,999.988686,999.987980,999.987342,999.986790,999.986325,999.985949,999.985651,999.985444,999.985346,999.985393,999.985585,999.985872,999.986290,999.986899,999.987814,999.989324,999.991793,999.995541,1000.000740,1000.007297,1000.014927,1000.023306,1000.032178,1000.041440,1000.051115,1000.061253,1000.071909,1000.083041,1000.094420,1000.105781,1000.116807,1000.126436,1000.132599,1000.133743,1000.130438,1000.124860,1000.118646,1000.111890,1000.107557,0.000000,0.000000,0.000000,0.000000,0.000000
0.000000,0.000000,0.000000,0.000000,999.868849,999.875570,999.881891,999.888114,999.894637,999.900978,999.907260,999.913408,999.919344,999.925010,999.930394,999.935524,999.940431,999.945126,999.949615,999.953913,999.958024,999.961956,999.965736,999.969360,999.972801,999.976056,999.979133,999.982029,999.984726,999.987220,999.989515,999.991600,999.993476,999.995126,999.996520,999.997678,999.998623,999.999366,999.999931,1000.000315,1000.000536,1000.000625,1000.000583,1000.000428,1000.000171,999.999808,999.999342,999.998786,999.998161,999.997479,999.996745,999.995981,999.995191,999.994372,999.993546,999.992717,999.991886,999.991057,999.990239,999.989442,999.988671,999.987942,999.987277,999.986696,999.986198,999.985769,999.985421,999.985176,999.985060,999.985108,999.985289,999.985574,999.986056,999.986874,999.988256,999.990522,999.993933,999.998607,1000.004463,1000.011294,1000.018895,1000.027098,1000.035831,1000.045143,1000.055063,1000.065588,1000.076705,1000.088222,1000.099809,1000.111183,1000.121692,1000.129550,1000.132675,1000.130785,1000.125740,1000.119777,1000.112842,1000.105740,1000.097189,0.000000,0.000000,0.000000,0.000000
0.000000,0.000000,0.000000,0.000000,999.868851,999.877552,999.884484,999.891230,999.897658,999.904000,999.910277,999.916381,999.922242,999.927831,999.933145,999.938211,999.943056,999.947672,999.952074,999.956294,999.960344,999.964226,999.967948,999.971506,999.974888,999.978093,999.981119,999.983950,999.986581,999.989032,999.991311,999.993398,999.995258,999.996860,999.998211,999.999331,1000.000222,1000.000913,1000.001422,1000.001757,1000.001946,1000.001992,1000.001910,1000.001729,1000.001448,1000.001066,1000.000595,1000.000038,999.999394,999.998685,999.997920,999.997117,999.996289,999.995426,999.994538,999.993644,999.992757,999.991868,999.990980,999.990111,999.989276,999.988478,999.987718,999.987028,999.986413,999.985856,999.985364,999.984976,999.984712,999.984582,999.984608,999.984783,999.985166,999.985909,999.987219,999.989340,999.992462,999.996645,1000.001832,1000.007883,1000.014681,1000.022172,1000.030348,1000.039263,1000.048960,1000.059377,1000.070468,1000.082093,1000.093899,1000.105562,1000.116668,1000.125854,1000.130862,1000.130571,1000.126254,1000.120250,1000.113969,1000.107549,1000.102534,0.000000,0.000000,0.000000,0.000000
0.000000,0.000000,0.000000,0.000000,999.871845,999.880681,999.887531,999.894178,999.900621,999.907029,999.913293,999.919336,999.925105,999.930599,999.935831,999.940814,999.945562,999.950084,999.954405,999.958554,999.962534,999.966344,999.969997,999.973501,999.976840,999.979999,999.982973,999.985757,999.988351,999.990773,999.993021,999.995069,999.996871,999.998421,999.999732,1000.000801,1000.001651,1000.002298,1000.002759,1000.003065,1000.003221,1000.003228,1000.003110,1000.002878,1000.002546,1000.002127,1000.001622,1000.001037,1000.000381,999.999664,999.998900,999.998086,999.997229,999.996345,999.995426,999.994483,999.993540,999.992600,999.991655,999.990718,999.989804,999.988922,999.988086,999.987295,999.986559,999.985887,999.985267,999.984733,999.984329,999.984046,999.983895,999.983946,999.984266,999.984963,999.986218,999.988212,999.991056,999.994764,999.999300,1000.004601,1000.010618,1000.017391,1000.024993,1000.033498,1000.042957,1000.053289,1000.064365,1000.076064,1000.088072,1000.100011,1000.111566,1000.121752,1000.128409,1000.129792,1000.126533,1000.120791,1000.114370,1000.107341,1000.101912,0.000000,0.000000,0.000000,0.000000
0.000000,0.000000,0.000000,999.870553,999.877661,999.883601,999.890223,999.897080,999.903667,999.910066,999.916266,999.922222,999.927893,999.933277,999.938399,999.943277,999.947930,999.952377,999.956629,999.960706,999.964614,999.968354,999.971944,999.975385,999.978658,999.981753,999.984676,999.987430,999.990009,999.992403,999.994613,999.996599,999.998334,999.999823,1000.001059,1000.002071,1000.002885,1000.003499,1000.003936,1000.004210,1000.004328,1000.004312,1000.004167,1000.003898,1000.003522,1000.003046,1000.002483,1000.001857,1000.001179,1000.000448,999.999671,999.998852,999.997986,999.997082,999.996145,999.995182,999.994201,999.993215,999.992222,999.991226,999.990244,999.989279,999.988349,999.987466,999.986619,999.985831,999.985116,999.984461,999.983911,999.983487,999.983197,999.983131,999.983393,999.984073,999.985288,999.987144,999.989703,999.992962,999.996887,1000.001478,1000.006765,1000.012838,1000.019848,1000.027918,1000.037108,1000.047348,1000.058432,1000.070192,1000.082371,1000.094564,1000.106488,1000.117450,1000.125507,1000.128506,1000.126354,1000.121139,1000.114950,1000.107562,1000.098287,1000.088198,0.000000,0.000000,0.000000
0.000000,0.000000,0.000000,999.868594,999.878769,999.885926,999.893260,999.900119,999.906675,999.913035,999.919175,999.925028,999.930570,999.935827,999.940839,999.945622,999.950195,999.954574,999.958765,999.962778,999.966621,999.970300,999.973821,999.977178,999.980366,999.983396,999.986274,999.988988,999.991526,999.993888,999.996052,999.997976,999.999642,1000.001040,1000.002199,1000.003163,1000.003934,1000.004519,1000.004920,1000.005151,1000.005239,1000.005198,1000.005035,1000.004748,1000.004341,1000.003831,1000.003245,1000.002597,1000.001887,1000.001126,1000.000320,999.999474,999.998592,999.997671,999.996712,999.995724,999.994717,999.993692,999.992654,999.991608,999.990563,999.989534,999.988516,999.987538,999.986607,999.985719,999.984903,999.984155,999.983480,999.982920,999.982519,999.982382,999.982618,999.983295,999.984480,999.986202,999.988478,999.991315,999.994696,999.998648,1000.003258,1000.008657,1000.015049,1000.022636,1000.031512,1000.041613,1000.052702,1000.064533,1000.076856,1000.089285,1000.101509,1000.113060,1000.122297,1000.126834,1000.125880,1000.121144,1000.114930,1000.108288,1000.100404,1000.095109,0.000000,0.000000,0.000000
0.000000,0.000000,0.000000,999.869616,999.880134,999.888717,999.896198,999.903074,999.909659,999.915970,999.922000,999.927719,999.933138,999.938286,999.943195,999.947899,999.952409,999.956719,999.960843,999.964792,999.968572,999.972185,999.975621,999.978883,999.981997,999.984972,999.987790,999.990438,999.992922,999.995244,999.997353,999.999196,1000.000767,1000.002084,1000.003191,1000.004105,1000.004827,1000.005360,1000.005712,1000.005909,1000.005971,1000.005903,1000.005712,1000.005405,1000.004989,1000.004485,1000.003902,1000.003238,1000.002504,1000.001720,1000.000891,1000.000010,999.999091,999.998144,999.997164,999.996145,999.995099,999.994031,999.992948,999.991862,999.990768,999.989680,999.988603,999.987546,999.986539,999.985579,999.984659,999.983804,999.983031,999.982375,999.981917,999.981768,999.982024,999.982724,999.983877,999.985479,999.987506,999.989959,999.992862,999.996257,1000.000244,1000.004996,1000.010761,1000.017799,1000.026273,1000.036167,1000.047234,1000.059131,1000.071580,1000.084223,1000.096707,1000.108705,1000.118895,1000.124803,1000.125078,1000.121033,1000.115000,1000.108557,1000.102119,1000.096703,0.000000,0.000000,0.000000
0.000000,0.000000,0.000000,999.873178,999.882768,999.891756,999.899265,999.906115,999.912626,999.918839,999.924742,999.930331,999.935637,999.940686,999.945516,999.950153,999.954584,999.958822,999.962879,999.966750,999.970445,999.973967,999.977313,999.980499,999.983546,999.986452,999.989196,999.991782,999.994223,999.996487,999.998509,1000.000259,1000.001741,1000.002996,1000.004049,1000.004899,1000.005558,1000.006039,1000.006354,1000.006521,1000.006552,1000.006451,1000.006236,1000.005918,1000.005501,1000.004991,1000.004396,1000.003729,1000.002998,1000.002204,1000.001348,1000.000447,999.999505,999.998527,999.997519,999.996472,999.995388,999.994277,999.993153,999.992026,999.990894,999.989756,999.988635,999.987533,999.986453,999.985410,999.984401,999.983450,999.982612,999.981939,999.981515,999.981425,999.981727,999.982450,999.983568,999.985045,999.986855,999.988987,999.991478,999.994384,999.997812,1000.001952,1000.007083,1000.013522,1000.021509,1000.031102,1000.042074,1000.054016,1000.066579,1000.079407,1000.092131,1000.104477,1000.115408,1000.122525,1000.123985,1000.120632,1000.114882,1000.108516,1000.102410,1000.095406,0.000000,0.000000,0.000000
0.000000,0.000000,0.000000,999.878938,999.888344,999.895497,999.902410,999.909109,999.915540,999.921663,999.927447,999.932914,999.938105,999.943060,999.947820,999.952375,999.956726,999.960883,999.964842,999.968617,999.972210,999.975628,999.978894,999.982011,999.984979,999.987803,999.990482,999.993018,999.995404,999.997589,999.999518,1000.001181,1000.002597,1000.003781,1000.004754,1000.005534,1000.006142,1000.006581,1000.006854,1000.006984,1000.006982,1000.006859,1000.006634,1000.006308,1000.005870,1000.005338,1000.004735,1000.004070,1000.003338,1000.002535,1000.001671,1000.000763,999.999813,999.998819,999.997784,999.996714,999.995611,999.994476,999.993318,999.992150,999.990982,999.989814,999.988653,999.987507,999.986366,999.985241,999.984166,999.983195,999.982386,999.981789,999.981466,999.981470,999.981805,999.982495,999.983540,999.984882,999.986485,999.988344,999.990486,999.992979,999.995925,999.999515,1000.004040,1000.009859,1000.017300,1000.026501,1000.037285,1000.049219,1000.061867,1000.074855,1000.087807,1000.100430,1000.111915,1000.120060,1000.122691,1000.120108,1000.114610,1000.107861,1000.100120,1000.092576,0.000000,0.000000,0.000000
0.000000,0.000000,999.881937,999.888075,999.892449,999.898539,999.905539,999.912170,999.918470,999.924470,999.930133,999.935486,999.940575,999.945441,999.950098,999.954553,999.958811,999.962853,999.966701,999.970364,999.973843,999.977168,999.980351,999.983381,999.986269,999.989024,999.991644,999.994120,999.996427,999.998526,1000.000379,1000.001968,1000.003312,1000.004425,1000.005323,1000.006043,1000.006596,1000.006976,1000.007204,1000.007298,1000.007270,1000.007137,1000.006897,1000.006548,1000.006099,1000.005565,1000.004959,1000.004280,1000.003534,1000.002729,1000.001873,1000.000963,1000.000005,999.999003,999.997961,999.996889,999.995780,999.994633,999.993458,999.992268,999.991076,999.989884,999.988681,999.987472,999.986285,999.985149,999.984107,999.983218,999.982529,999.982060,999.981831,999.981863,999.982172,999.982765,999.983661,999.984841,999.986247,999.987863,999.989715,999.991868,999.994428,999.997564,1000.001561,1000.006798,1000.013667,1000.022413,1000.032935,1000.044786,1000.057473,1000.070594,1000.083742,1000.096594,1000.108508,1000.117505,1000.121211,1000.119407,1000.114234,1000.107653,1000.099260,1000.088597,1000.078634,0.000000,0.000000
0.000000,0.000000,999.876580,999.888154,999.894811,999.902015,999.908738,999.915175,999.921388,999.927285,999.932843,999.938095,999.943073,999.947817,999.952353,999.956684,999.960800,999.964708,999.968428,999.971962,999.975330,999.978556,999.981638,999.984585,999.987406,999.990096,999.992651,999.995061,999.997291,999.999302,1000.001071,1000.002590,1000.003872,1000.004931,1000.005782,1000.006439,1000.006911,1000.007228,1000.007417,1000.007480,1000.007430,1000.007268,1000.007002,1000.006648,1000.006205,1000.005673,1000.005058,1000.004375,1000.003634,1000.002833,1000.001976,1000.001070,1000.000117,999.999121,999.998091,999.997022,999.995911,999.994763,999.993594,999.992406,999.991194,999.989959,999.988717,999.987500,999.986352,999.985315,999.984414,999.983663,999.983085,999.982685,999.982460,999.982429,999.982626,999.983075,999.983782,999.984760,999.985968,999.987370,999.988981,999.990864,999.993126,999.995922,999.999506,1000.004248,1000.010581,1000.018840,1000.029029,1000.040747,1000.053439,1000.066651,1000.079946,1000.092983,1000.105245,1000.114961,1000.119658,1000.118676,1000.113796,1000.107160,1000.099729,1000.091055,1000.085553,0.000000,0.000000
0.000000,0.000000,999.877909,999.888760,999.897277,999.904905,999.911732,999.918241,999.924387,999.930172,999.935624,999.940766,999.945616,999.950212,999.954581,999.958737,999.962685,999.966433,999.969989,999.973382,999.976639,999.979757,999.982743,999.985615,999.988368,999.990995,999.993496,999.995850,999.998008,999.999927,1000.001595,1000.003041,1000.004285,1000.005308,1000.006101,1000.006685,1000.007091,1000.007357,1000.007499,1000.007523,1000.007439,1000.007251,1000.006978,1000.006619,1000.006167,1000.005628,1000.005021,1000.004360,1000.003637,1000.002845,1000.001999,1000.001111,1000.000183,999.999214,999.998195,999.997130,999.996031,999.994903,999.993742,999.992540,999.991307,999.990075,999.988881,999.987774,999.986782,999.985899,999.985117,999.984441,999.983882,999.983438,999.983124,999.982976,999.983016,999.983285,999.983804,999.984577,999.985584,999.986781,999.988178,999.989841,999.991869,999.994413,999.997708,1000.002087,1000.007968,1000.015745,1000.025559,1000.037096,1000.049764,1000.063034,1000.076442,1000.089631,1000.102169,1000.112498,1000.118083,1000.117891,1000.113512,1000.107131,1000.100181,1000.092985,1000.086794,0.000000,0.000000
0.000000,0.000000,999.880910,999.891037,999.900010,999.907806,999.914863,999.921412,999.927502,999.933195,999.938535,999.943533,999.948214,999.952612,999.956759,999.960692,999.964423,999.967969,999.971353,999.974599,999.977724,999.980742,999.983658,999.986464,999.989148,999.991716,999.994182,999.996499,999.998576,1000.000397,1000.001988,1000.003368,1000.004551,1000.005517,1000.006255,1000.006784,1000.007142,1000.007354,1000.007438,1000.007418,1000.007307,1000.007113,1000.006830,1000.006447,1000.005981,1000.005451,1000.004869,1000.004227,1000.003520,1000.002756,1000.001948,1000.001097,1000.000197,999.999250,999.998257,999.997224,999.996155,999.995040,999.993875,999.992686,999.991512,999.990407,999.989391,999.988463,999.987612,999.986802,999.986029,999.985321,999.984693,999.984152,999.983710,999.983409,999.983293,999.983384,999.983708,999.984285,999.985103,999.986116,999.987313,999.988762,999.990590,999.992944,999.996032,1000.000167,1000.005723,1000.013084,1000.022505,1000.033814,1000.046424,1000.059727,1000.073232,1000.086550,1000.099311,1000.110159,1000.116540,1000.117089,1000.113190,1000.107175,1000.100457,1000.093649,1000.086784,0.000000,0.000000
0.000000,0.000000,999.884341,999.894363,999.903210,999.911084,999.918230,999.924776,999.930822,999.936415,999.941608,999.946412,999.950849,999.954974,999.958843,999.962493,999.965962,999.969281,999.972471,999.975561,999.978567,999.981501,999.984356,999.987108,999.989747,999.992280,999.994709,999.996973,999.998991,1000.000751,1000.002278,1000.003583,1000.004669,1000.005555,1000.006249,1000.006748,1000.007057,1000.007196,1000.007225,1000.007181,1000.007056,1000.006840,1000.006529,1000.006134,1000.005678,1000.005167,1000.004598,1000.003969,1000.003294,1000.002581,1000.001821,1000.001006,1000.000138,999.999228,999.998283,999.997295,999.996251,999.995164,999.994064,999.993007,999.992028,999.991127,999.990287,999.989462,999.988627,999.987790,999.986967,999.986184,999.985453,999.984788,999.984212,999.983748,999.983450,999.983366,999.983509,999.983905,999.984543,999.985378,999.986402,999.987673,999.989316,999.991496,999.994427,999.998394,1000.003730,1000.010787,1000.019849,1000.030886,1000.043395,1000.056717,1000.070303,1000.083736,1000.096683,1000.107956,1000.115039,1000.116294,1000.112826,1000.107053,1000.100460,1000.093615,1000.086664,0.000000,0.000000
0.000000,0.000000,999.888221,999.898341,999.906981,999.914768,999.921939,999.928456,999.934410,999.939867,999.944856,999.949382,999.953496,999.957274,999.960784,999.964091,999.967262,999.970326,999.973309,999.976248,999.979159,999.982024,999.984826,999.987550,999.990174,999.992684,999.995067,999.997281,999.999269,1000.000996,1000.002452,1000.003661,1000.004666,1000.005485,1000.006117,1000.006562,1000.006812,1000.006898,1000.006891,1000.006812,1000.006655,1000.006412,1000.006089,1000.005702,1000.005258,1000.004757,1000.004200,1000.003605,1000.002982,1000.002316,1000.001596,1000.000830,1000.000023,999.999176,999.998277,999.997328,999.996354,999.995404,999.994515,999.993689,999.992910,999.992143,999.991352,999.990522,999.989656,999.988771,999.987893,999.987031,999.986183,999.985368,999.984630,999.984000,999.983510,999.983224,999.983188,999.983416,999.983887,999.984556,999.985436,999.986583,999.988088,999.990115,999.992907,999.996744,1000.001923,1000.008765,1000.017552,1000.028313,1000.040666,1000.053987,1000.067649,1000.081189,1000.094279,1000.105889,1000.113598,1000.115486,1000.112408,1000.106797,1000.100214,1000.093288,1000.086398,0.000000,0.000000
0.000000,0.000000,999.892871,999.902691,999.911432,999.918989,999.926027,999.932478,999.938311,999.943571,999.948278,999.952447,999.956152,999.959482,999.962549,999.965463,999.968282,999.971059,999.973846,999.976657,999.979483,999.982305,999.985089,999.987805,999.990425,999.992915,999.995271,999.997463,999.999413,1000.001081,1000.002475,1000.003625,1000.004573,1000.005319,1000.005862,1000.006229,1000.006431,1000.006485,1000.006426,1000.006288,1000.006095,1000.005845,1000.005530,1000.005147,1000.004703,1000.004215,1000.003697,1000.003155,1000.002575,1000.001952,1000.001296,1000.000608,999.999873,999.999087,999.998258,999.997433,999.996664,999.995968,999.995316,999.994660,999.993965,999.993216,999.992415,999.991569,999.990682,999.989762,999.988820,999.987856,999.986877,999.985907,999.984988,999.984154,999.983454,999.982963,999.982730,999.982770,999.983088,999.983638,999.984405,999.985463,999.986897,999.988838,999.991519,999.995238,1000.000299,1000.006983,1000.015554,1000.026077,1000.038255,1000.051529,1000.065256,1000.078895,1000.092096,1000.103976,1000.112215,1000.114678,1000.111943,1000.106394,1000.099730,1000.092879,1000.085883,0.000000,0.000000
0.000000,0.000000,999.900039,999.907577,999.915960,999.923697,999.930611,999.936892,999.942538,999.947546,999.951908,999.955642,999.958829,999.961593,999.964114,999.966542,999.968963,999.971449,999.974042,999.976746,999.979534,999.982355,999.985149,999.987876,999.990504,999.993001,999.995355,999.997517,999.999413,1000.001010,1000.002340,1000.003459,1000.004363,1000.005030,1000.005487,1000.005785,1000.005942,1000.005936,1000.005804,1000.005615,1000.005400,1000.005153,1000.004836,1000.004447,1000.004016,1000.003567,1000.003098,1000.002603,1000.002080,1000.001539,1000.000971,1000.000358,999.999698,999.999026,999.998391,999.997825,999.997325,999.996836,999.996299,999.995694,999.995015,999.994273,999.993483,999.992634,999.991718,999.990747,999.989727,999.988656,999.987546,999.986418,999.985302,999.984233,999.983283,999.982550,999.982100,999.981957,999.982117,999.982559,999.983274,999.984299,999.985707,999.987637,999.990290,999.993929,999.998883,1000.005444,1000.013836,1000.024149,1000.036166,1000.049361,1000.063114,1000.076833,1000.090123,1000.102225,1000.110910,1000.113867,1000.111396,1000.105876,1000.099310,1000.092365,1000.084410,0.000000,0.000000
0.000000,0.000000,999.906768,999.914903,999.921190,999.928570,999.935531,999.941719,999.947151,999.951864,999.955817,999.958999,999.961512,999.963565,999.965409,999.967252,999.969238,999.971442,999.973870,999.976506,999.979300,999.982163,999.985011,999.987785,999.990444,999.992969,999.995327,999.997454,999.999284,1000.000803,1000.002066,1000.003122,1000.003964,1000.004593,1000.005012,1000.005238,1000.005307,1000.005234,1000.005054,1000.004824,1000.004577,1000.004311,1000.003995,1000.003623,1000.003223,1000.002813,1000.002394,1000.001971,1000.001549,1000.001108,1000.000622,1000.000108,999.999617,999.999200,999.998861,999.998549,999.998206,999.997786,999.997282,999.996706,999.996059,999.995343,999.994558,999.993695,999.992746,999.991715,999.990618,999.989455,999.988221,999.986923,999.985578,999.984257,999.983045,999.982028,999.981305,999.980936,999.980929,999.981276,999.981972,999.983022,999.984477,999.986472,999.989186,999.992835,999.997722,1000.004170,1000.012406,1000.022530,1000.034389,1000.047490,1000.061227,1000.074998,1000.088356,1000.100626,1000.109675,1000.113039,1000.110825,1000.105414,1000.098720,1000.090925,1000.083258,0.000000,0.000000
0.000000,999.902711,999.909837,999.918372,999.926556,999.934112,999.940932,999.946963,999.952205,999.956600,999.960034,999.962486,999.964120,999.965273,999.966320,999.967541,999.969095,999.971039,999.973356,999.975979,999.978812,999.981753,999.984698,999.987547,999.990261,999.992828,999.995189,999.997283,999.999055,1000.000488,1000.001647,1000.002606,1000.003390,1000.003986,1000.004376,1000.004543,1000.004528,1000.004406,1000.004188,1000.003905,1000.003614,1000.003328,1000.003030,1000.002690,1000.002314,1000.001950,1000.001619,1000.001309,1000.000997,1000.000658,1000.000315,1000.000029,999.999840,999.999721,999.999593,999.999389,999.999090,999.998709,999.998258,999.997727,999.997107,999.996400,999.995614,999.994742,999.993770,999.992696,999.991526,999.990271,999.988910,999.987437,999.985883,999.984311,999.982816,999.981491,999.980435,999.979754,999.979522,999.979751,999.980419,999.981529,999.983122,999.985283,999.988151,999.991916,999.996827,1000.003197,1000.011286,1000.021230,1000.032922,1000.045913,1000.059610,1000.073384,1000.086785,1000.099177,1000.108507,1000.112205,1000.110153,1000.104740,1000.098128,1000.091242,1000.084251,1000.075249,0.000000
0.000000,0.000000,999.912448,999.922253,999.932475,999.940128,999.946783,999.952691,999.957759,999.961760,999.964474,999.965923,999.966450,999.966582,999.966814,999.967456,999.968643,999.970394,999.972645,999.975279,999.978180,999.981218,999.984253,999.987188,999.989973,999.992570,999.994944,999.997018,999.998721,1000.000064,1000.001102,1000.001948,1000.002660,1000.003199,1000.003539,1000.003668,1000.003616,1000.003445,1000.003176,1000.002843,1000.002520,1000.002235,1000.001947,1000.001620,1000.001293,1000.001026,1000.000819,1000.000631,1000.000451,1000.000308,1000.000249,1000.000293,1000.000380,1000.000420,1000.000357,1000.000190,999.999949,999.999642,999.999243,999.998733,999.998119,999.997427,999.996662,999.995795,999.994797,999.993682,999.992462,999.991119,999.989637,999.988010,999.986277,999.984487,999.982703,999.981041,999.979614,999.978563,999.978007,999.978003,999.978589,999.979765,999.981546,999.983973,999.987111,999.991100,999.996150,1000.002531,1000.010504,1000.020266,1000.031775,1000.044635,1000.058259,1000.072001,1000.085406,1000.097873,1000.107404,1000.111337,1000.109384,1000.103959,1000.097434,1000.091251,1000.084409,0.000000,0.000000
0.000000,0.000000,999.920775,999.931306,999.939125,999.946304,999.953034,999.958943,999.963791,999.967198,999.968877,999.969027,999.968308,999.967457,999.967002,999.967208,999.968144,999.969772,999.971978,999.974627,999.977574,999.980668,999.983769,999.986775,999.989611,999.992226,999.994600,999.996646,999.998277,999.999517,1000.000448,1000.001174,1000.001764,1000.002229,1000.002527,1000.002623,1000.002534,1000.002307,1000.001998,1000.001649,1000.001307,1000.001007,1000.000726,1000.000449,1000.000223,1000.000089,1000.000024,1000.000009,1000.000080,1000.000265,1000.000538,1000.000819,1000.001016,1000.001096,1000.001078,1000.000985,1000.000824,1000.000566,1000.000186,999.999693,999.999110,999.998452,999.997702,999.996826,999.995812,999.994686,999.993432,999.992014,999.990428,999.988671,999.986771,999.984783,999.982757,999.980782,999.978976,999.977510,999.976550,999.976198,999.976566,999.977737,999.979714,999.982464,999.985973,999.990311,999.995626,1000.002119,1000.010049,1000.019652,1000.030959,1000.043654,1000.057169,1000.070857,1000.084229,1000.096714,1000.106365,1000.110419,1000.108509,1000.103080,1000.096369,1000.089387,1000.082897,0.000000,0.000000
0.000000,0.000000,999.930734,999.938633,999.945919,999.953169,999.959789,999.965609,999.970112,999.972610,999.972899,999.971586,999.969691,999.968052,999.967124,999.967070,999.967871,999.969429,999.971596,999.974225,999.977161,999.980248,999.983359,999.986384,999.989228,999.991840,999.994177,999.996159,999.997720,999.998857,999.999658,1000.000251,1000.000716,1000.001103,1000.001360,1000.001405,1000.001255,1000.000979,1000.000652,1000.000305,999.999948,999.999636,999.999405,999.999247,999.999169,999.999200,999.999357,999.999646,1000.000065,1000.000555,1000.001017,1000.001370,1000.001598,1000.001737,1000.001805,1000.001789,1000.001670,1000.001432,1000.001085,1000.000635,1000.000091,999.999450,999.998696,999.997824,999.996838,999.995717,999.994422,999.992931,999.991249,999.989379,999.987336,999.985190,999.982983,999.980745,999.978600,999.976732,999.975314,999.974514,999.974537,999.975569,999.977658,999.980724,999.984672,999.989478,999.995178,1000.001894,1000.009873,1000.019364,1000.030468,1000.042972,1000.056347,1000.069942,1000.083251,1000.095709,1000.105388,1000.109434,1000.107425,1000.101879,1000.095172,1000.088044,1000.080711,0.000000,0.000000
0.000000,0.000000,999.938826,999.946124,999.953291,999.960210,999.966756,999.972529,999.976455,999.977677,999.976357,999.973646,999.970802,999.968624,999.967416,999.967213,999.967949,999.969476,999.971600,999.974166,999.977042,999.980061,999.983101,999.986078,999.988883,999.991438,999.993704,999.995586,999.997024,999.998051,999.998723,999.999159,999.999524,999.999849,1000.000029,999.999994,999.999785,999.999481,999.999131,999.998769,999.998431,999.998186,999.998077,999.998082,999.998212,999.998517,999.999013,999.999653,1000.000337,1000.000959,1000.001464,1000.001854,1000.002155,1000.002385,1000.002522,1000.002544,1000.002454,1000.002264,1000.001968,1000.001551,1000.001020,1000.000384,999.999648,999.998820,999.997866,999.996729,999.995381,999.993820,999.992061,999.990094,999.987948,999.985697,999.983350,999.980908,999.978482,999.976259,999.974404,999.973119,999.972704,999.973451,999.975499,999.978802,999.983209,999.988554,999.994730,1000.001781,1000.009913,1000.019359,1000.030284,1000.042581,1000.055783,1000.069251,1000.082463,1000.094849,1000.104440,1000.108333,1000.106163,1000.100459,1000.093629,1000.086499,1000.078951,0.000000,0.000000
0.000000,0.000000,999.946632,999.953669,999.960267,999.967146,999.973851,999.979485,999.982544,999.982261,999.979372,999.975497,999.971959,999.969399,999.967978,999.967660,999.968352,999.969857,999.971940,999.974435,999.977205,999.980105,999.983020,999.985876,999.988573,999.991034,999.993205,999.994935,999.996182,999.997065,999.997620,999.997933,999.998197,999.998432,999.998522,999.998408,999.998138,999.997792,999.997418,999.997074,999.996837,999.996751,999.996828,999.997073,999.997525,999.998198,999.999019,999.999869,1000.000643,1000.001297,1000.001845,1000.002315,1000.002706,1000.003000,1000.003178,1000.003241,1000.003207,1000.003071,1000.002802,1000.002399,1000.001885,1000.001270,1000.000573,999.999787,999.998845,999.997678,999.996270,999.994662,999.992849,999.990806,999.988596,999.986273,999.983816,999.981218,999.978578,999.976065,999.973838,999.972106,999.971211,999.971557,999.973421,999.976845,999.981647,999.987525,999.994233,1000.001719,1000.010101,1000.019579,1000.030365,1000.042448,1000.055454,1000.068767,1000.081847,1000.094104,1000.103480,1000.107075,1000.104664,1000.098853,1000.092012,1000.084671,1000.077061,0.000000,0.000000
0.000000,0.000000,999.954398,999.960400,999.966604,999.973787,999.980879,999.986259,999.988292,999.986503,999.982267,999.977502,999.973427,999.970508,999.968832,999.968369,999.969004,999.970484,999.972523,999.974929,999.977574,999.980329,999.983075,999.985743,999.988277,999.990618,999.992657,999.994188,999.995209,999.995908,999.996340,999.996565,999.996725,999.996848,999.996838,999.996643,999.996301,999.995909,999.995561,999.995337,999.995288,999.995436,999.995797,999.996395,999.997219,999.998186,999.999165,1000.000065,1000.000864,1000.001578,1000.002214,1000.002761,1000.003207,1000.003548,1000.003779,1000.003901,1000.003916,1000.003807,1000.003558,1000.003183,1000.002693,1000.002104,1000.001442,1000.000677,999.999737,999.998544,999.997095,999.995449,999.993591,999.991509,999.989272,999.986904,999.984348,999.981614,999.978830,999.976113,999.973573,999.971435,999.970099,999.970032,999.971621,999.975031,999.980094,999.986436,999.993698,1000.001681,1000.010375,1000.019945,1000.030648,1000.042539,1000.055329,1000.068460,1000.081377,1000.093433,1000.102456,1000.105587,1000.102846,1000.097077,1000.090375,1000.082839,1000.074913,0.000000,0.000000
0.000000,0.000000,999.961940,999.964700,999.972070,999.979922,999.987755,999.992881,999.993818,999.990676,999.985387,999.979944,999.975357,999.972006,999.970016,999.969353,999.969878,999.971301,999.973273,999.975574,999.978079,999.980660,999.983205,999.985648,999.987976,999.990152,999.992013,999.993318,999.994104,999.994607,999.994895,999.995021,999.995099,999.995116,999.994971,999.994655,999.994267,999.993916,999.993703,999.993690,999.993915,999.994394,999.995133,999.996100,999.997190,999.998270,999.999275,1000.000206,1000.001071,1000.001859,1000.002559,1000.003155,1000.003650,1000.004048,1000.004333,1000.004495,1000.004538,1000.004459,1000.004248,1000.003896,1000.003420,1000.002861,1000.002224,1000.001477,1000.000536,999.999318,999.997841,999.996165,999.994292,999.992214,999.989970,999.987553,999.984905,999.982079,999.979190,999.976300,999.973490,999.971018,999.969332,999.968921,999.970228,999.973515,999.978697,999.985406,999.993180,1000.001650,1000.010681,1000.020400,1000.031073,1000.042792,1000.055366,1000.068294,1000.081017,1000.092795,1000.101267,1000.103693,1000.100602,1000.095139,1000.088739,1000.081884,1000.072370,0.000000,0.000000
0.000000,0.000000,999.964885,999.964390,999.976868,999.986245,999.994439,999.999392,999.999370,999.995086,999.988962,999.982934,999.977807,999.973961,999.971591,999.970656,999.970990,999.972279,999.974146,999.976325,999.978660,999.981035,999.983363,999.985574,999.987660,999.989606,999.991230,999.992302,999.992861,999.993158,999.993301,999.993336,999.993317,999.993188,999.992891,999.992490,999.992141,999.991955,999.991990,999.992288,999.992878,999.993761,999.994857,999.996049,999.997230,999.998332,999.999366,1000.000355,1000.001279,1000.002113,1000.002848,1000.003493,1000.004047,1000.004488,1000.004804,1000.004998,1000.005080,1000.005043,1000.004853,1000.004511,1000.004064,1000.003535,1000.002915,1000.002180,1000.001228,999.999988,999.998505,999.996833,999.994968,999.992899,999.990655,999.988201,999.985487,999.982598,999.979607,999.976518,999.973452,999.970745,999.968840,999.968202,999.969287,999.972417,999.977625,999.984585,999.992749,1000.001632,1000.010992,1000.020905,1000.031578,1000.043143,1000.055527,1000.068235,1000.080718,1000.092102,1000.099764,1000.101283,1000.097829,1000.092483,1000.086931,1000.083219,1000.071524,0.000000,0.000000
0.000000,0.000000,999.947181,999.962186,999.981424,999.994146,1000.001685,1000.005831,1000.005019,999.999917,999.993122,999.986521,999.980819,999.976434,999.973622,999.972325,999.972365,999.973428,999.975119,999.977136,999.979275,999.981422,999.983503,999.985470,999.987309,999.988971,999.990294,999.991105,999.991458,999.991580,999.991588,999.991508,999.991340,999.991036,999.990636,999.990285,999.990114,999.990197,999.990574,999.991276,999.992278,999.993498,999.994802,999.996070,999.997263,999.998397,999.999481,1000.000505,1000.001449,1000.002309,1000.003087,1000.003777,1000.004366,1000.004835,1000.005185,1000.005422,1000.005543,1000.005523,1000.005348,1000.005042,1000.004629,1000.004116,1000.003506,1000.002765,1000.001802,1000.000573,999.999112,999.997454,999.995596,999.993543,999.991316,999.988848,999.986099,999.983143,999.980003,999.976693,999.973424,999.970575,999.968568,999.967843,999.968808,999.971819,999.977007,999.984081,999.992480,1000.001667,1000.011326,1000.021432,1000.032112,1000.043559,1000.055767,1000.068228,1000.080426,1000.091258,1000.097857,1000.098240,1000.093965,1000.088246,1000.084912,1000.085428,1000.081079,0.000000,0.000000
0.000000,0.000000,0.000000,999.984359,999.990819,1000.000845,1000.008653,1000.012458,1000.010990,1000.005246,999.997889,999.990745,999.984464,999.979497,999.976166,999.974416,999.974052,999.974777,999.976202,999.977995,999.979898,999.981782,999.983595,999.985298,999.986865,999.988210,999.989191,999.989727,999.989907,999.989890,999.989746,999.989499,999.989160,999.988749,999.988388,999.988231,999.988359,999.988806,999.989586,999.990694,999.992025,999.993418,999.994776,999.996071,999.997304,999.998480,999.999586,1000.000620,1000.001586,1000.002473,1000.003280,1000.003994,1000.004595,1000.005095,1000.005485,1000.005751,1000.005891,1000.005890,1000.005755,1000.005489,1000.005093,1000.004586,1000.003976,1000.003226,1000.002274,1000.001078,999.999643,999.998003,999.996169,999.994158,999.991949,999.989467,999.986699,999.983661,999.980345,999.976847,999.973458,999.970555,999.968539,999.967820,999.968770,999.971744,999.976891,999.983965,999.992460,1000.001841,1000.011725,1000.021962,1000.032639,1000.044012,1000.056034,1000.068223,1000.080092,1000.090117,1000.095293,1000.094344,1000.089498,1000.083939,1000.079147,1000.072760,0.000000,0.000000,0.000000
0.000000,0.000000,0.000000,1000.001103,1000.005188,1000.009187,1000.015295,1000.018824,1000.017162,1000.011102,1000.003299,999.995648,999.988799,999.983235,999.979303,999.976989,999.976120,999.976402,999.977449,999.978923,999.980531,999.982118,999.983639,999.985045,999.986295,999.987289,999.987927,999.988219,999.988243,999.988067,999.987753,999.987339,999.986890,999.986524,999.986366,999.986512,999.987011,999.987869,999.989042,999.990431,999.991902,999.993342,999.994719,999.996045,999.997316,999.998515,999.999636,1000.000690,1000.001681,1000.002592,1000.003406,1000.004128,1000.004755,1000.005276,1000.005680,1000.005965,1000.006125,1000.006161,1000.006063,1000.005813,1000.005430,1000.004934,1000.004319,1000.003570,1000.002638,1000.001471,1000.000077,999.998481,999.996690,999.994709,999.992512,999.990038,999.987244,999.984121,999.980687,999.977096,999.973659,999.970757,999.968787,999.968130,999.969147,999.972149,999.977257,999.984280,999.992778,1000.002227,1000.012199,1000.022474,1000.033157,1000.044473,1000.056276,1000.068184,1000.079597,1000.088471,1000.091981,1000.089769,1000.084465,1000.078015,1000.069635,1000.061570,0.000000,0.000000,0.000000
0.000000,0.000000,0.000000,1000.012029,1000.010285,1000.015236,1000.021445,1000.025256,1000.023632,1000.017440,1000.009328,1000.001263,999.993888,999.987706,999.983116,999.980142,999.978658,999.978392,999.978945,999.979987,999.981226,999.982469,999.983654,999.984721,999.985607,999.986233,999.986560,999.986626,999.986470,999.986119,999.985648,999.985159,999.984760,999.984581,999.984728,999.985248,999.986142,999.987357,999.988790,999.990299,999.991779,999.993218,999.994625,999.995979,999.997262,999.998468,999.999612,1000.000692,1000.001697,1000.002619,1000.003448,1000.004185,1000.004829,1000.005354,1000.005762,1000.006066,1000.006250,1000.006312,1000.006232,1000.006002,1000.005643,1000.005152,1000.004535,1000.003787,1000.002871,1000.001745,1000.000407,999.998864,999.997107,999.995150,999.992982,999.990522,999.987716,999.984563,999.981104,999.977519,999.974111,999.971252,999.969338,999.968771,999.969900,999.972965,999.978063,999.985030,999.993443,1000.002806,1000.012721,1000.022990,1000.033691,1000.044904,1000.056449,1000.068059,1000.078782,1000.086072,1000.087654,1000.084283,1000.079031,1000.072721,1000.065091,1000.052485,0.000000,0.000000,0.000000
0.000000,0.000000,0.000000,1000.012511,1000.010005,1000.020193,1000.027021,1000.031260,1000.030259,1000.024294,1000.016013,1000.007598,999.999774,999.992977,999.987686,999.983990,999.981783,999.980846,999.980799,999.981306,999.982079,999.982901,999.983689,999.984367,999.984858,999.985127,999.985160,999.984986,999.984642,999.984149,999.983599,999.983167,999.982968,999.983078,999.983574,999.984472,999.985703,999.987137,999.988647,999.990158,999.991634,999.993072,999.994485,999.995848,999.997139,999.998366,999.999527,1000.000608,1000.001611,1000.002537,1000.003383,1000.004137,1000.004782,1000.005314,1000.005736,1000.006045,1000.006244,1000.006321,1000.006259,1000.006061,1000.005722,1000.005236,1000.004618,1000.003871,1000.002974,1000.001893,1000.000600,999.999093,999.997382,999.995476,999.993340,999.990899,999.988122,999.985015,999.981642,999.978165,999.974850,999.972056,999.970211,999.969746,999.970990,999.974139,999.979248,999.986121,999.994357,1000.003537,1000.013332,1000.023570,1000.034228,1000.045249,1000.056531,1000.067745,1000.077317,1000.082542,1000.082233,1000.078220,1000.073110,1000.067402,1000.064261,1000.049534,0.000000,0.000000,0.000000
0.000000,0.000000,0.000000,999.994311,1000.007954,1000.023302,1000.033081,1000.037417,1000.036990,1000.031493,1000.023321,1000.014679,1000.006473,999.999116,999.993104,999.988634,999.985624,999.983902,999.983147,999.983013,999.983212,999.983526,999.983845,999.984079,999.984166,999.984083,999.983821,999.983409,999.982890,999.982335,999.981853,999.981579,999.981634,999.982081,999.982931,999.984121,999.985532,999.987031,999.988528,999.990006,999.991469,999.992900,999.994295,999.995651,999.996953,999.998196,999.999357,1000.000426,1000.001415,1000.002339,1000.003188,1000.003945,1000.004601,1000.005148,1000.005579,1000.005892,1000.006094,1000.006182,1000.006145,1000.005972,1000.005647,1000.005176,1000.004564,1000.003817,1000.002941,1000.001886,1000.000620,999.999160,999.997516,999.995662,999.993557,999.991167,999.988471,999.985499,999.982318,999.979031,999.975859,999.973168,999.971419,999.971058,999.972406,999.975634,999.980728,999.987459,999.995477,1000.004454,1000.014103,1000.024218,1000.034697,1000.045473,1000.056476,1000.066959,1000.074754,1000.077664,1000.075686,1000.071150,1000.065789,1000.062830,1000.064378,1000.061899,0.000000,0.000000,0.000000
0.000000,0.000000,0.000000,0.000000,1000.027280,1000.028275,1000.037223,1000.042796,1000.043891,1000.039178,1000.031211,1000.022478,1000.013989,1000.006142,999.999443,999.994171,999.990304,999.987717,999.986141,999.985256,999.984789,999.984506,999.984278,999.984033,999.983696,999.983241,999.982687,999.982063,999.981423,999.980882,999.980550,999.980498,999.980823,999.981573,999.982690,999.984043,999.985484,999.986940,999.988401,999.989852,999.991275,999.992665,999.994031,999.995372,999.996667,999.997901,999.999060,1000.000136,1000.001124,1000.002028,1000.002861,1000.003617,1000.004283,1000.004839,1000.005273,1000.005594,1000.005797,1000.005891,1000.005874,1000.005716,1000.005408,1000.004959,1000.004354,1000.003612,1000.002741,1000.001701,1000.000476,999.999073,999.997478,999.995668,999.993623,999.991321,999.988767,999.986010,999.983082,999.980048,999.977104,999.974595,999.972978,999.972717,999.974150,999.977416,999.982450,999.989016,999.996811,1000.005563,1000.014978,1000.024830,1000.035038,1000.045569,1000.056094,1000.065175,1000.070541,1000.071067,1000.067982,1000.064022,1000.059333,1000.055709,1000.043905,0.000000,0.000000,0.000000,0.000000
0.000000,0.000000,0.000000,0.000000,1000.035668,1000.034303,1000.042143,1000.048071,1000.050330,1000.047134,1000.039695,1000.030977,1000.022312,1000.014055,1000.006715,1000.000669,999.995928,999.992430,999.989960,999.988223,999.986995,999.986041,999.985203,999.984423,999.983628,999.982783,999.981920,999.981101,999.980402,999.979910,999.979720,999.979909,999.980499,999.981466,999.982706,999.984074,999.985471,999.986864,999.988259,999.989644,999.991011,999.992355,999.993680,999.994989,999.996253,999.997466,999.998637,999.999732,1000.000726,1000.001620,1000.002429,1000.003171,1000.003827,1000.004372,1000.004810,1000.005138,1000.005348,1000.005446,1000.005432,1000.005285,1000.005001,1000.004564,1000.003969,1000.003228,1000.002350,1000.001335,1000.000158,999.998797,999.997242,999.995494,999.993538,999.991357,999.988990,999.986479,999.983846,999.981147,999.978532,999.976294,999.974869,999.974720,999.976198,999.979442,999.984363,999.990729,999.998274,1000.006725,1000.015803,1000.025341,1000.035273,1000.045395,1000.054788,1000.061580,1000.064232,1000.062947,1000.059871,1000.056180,1000.051485,1000.047436,1000.032317,0.000000,0.000000,0.000000,0.000000
0.000000,0.000000,0.000000,0.000000,1000.021929,1000.033369,1000.043945,1000.054089,1000.057040,1000.055259,1000.048652,1000.040098,1000.031371,1000.022833,1000.014912,1000.008130,1000.002554,999.998125,999.994733,999.992099,999.990014,999.988315,999.986815,999.985422,999.984105,999.982838,999.981648,999.980622,999.979851,999.979406,999.979351,999.979745,999.980546,999.981627,999.982861,999.984151,999.985460,999.986777,999.988089,999.989392,999.990692,999.991987,999.993268,999.994521,999.995741,999.996922,999.998071,999.999169,1000.000174,1000.001085,1000.001894,1000.002597,1000.003214,1000.003750,1000.004189,1000.004520,1000.004731,1000.004827,1000.004812,1000.004679,1000.004408,1000.003978,1000.003393,1000.002654,1000.001778,1000.000782,999.999633,999.998305,999.996801,999.995128,999.993270,999.991240,999.989083,999.986834,999.984525,999.982208,999.979995,999.978127,999.976979,999.976980,999.978484,999.981644,999.986385,999.992500,999.999738,1000.007827,1000.016550,1000.025757,1000.035215,1000.044286,1000.051575,1000.055565,1000.055874,1000.053626,1000.050748,1000.046651,1000.046335,1000.044824,1000.042681,0.000000,0.000000,0.000000,0.000000
0.000000,0.000000,0.000000,0.000000,0.000000,1000.048530,1000.046453,1000.057694,1000.063289,1000.063363,1000.058092,1000.049825,1000.041070,1000.032370,1000.023990,1000.016503,1000.010141,1000.004822,1000.000487,999.996941,999.993967,999.991431,999.989184,999.987112,999.985193,999.983435,999.981885,999.980619,999.979727,999.979296,999.979364,999.979910,999.980823,999.981925,999.983078,999.984252,999.985452,999.986670,999.987895,999.989127,999.990368,999.991605,999.992822,999.994011,999.995166,999.996285,999.997363,999.998420,999.999438,1000.000361,1000.001173,1000.001862,1000.002452,1000.002971,1000.003404,1000.003726,1000.003933,1000.004023,1000.004005,1000.003870,1000.003597,1000.003181,1000.002609,1000.001882,1000.001016,1000.000023,999.998889,999.997595,999.996141,999.994536,999.992795,999.990939,999.988992,999.986998,999.985003,999.983067,999.981288,999.979854,999.979063,999.979280,999.980828,999.983878,999.988408,999.994237,1000.001125,1000.008828,1000.017120,1000.025700,1000.034023,1000.041087,1000.045616,1000.047005,1000.045777,1000.043614,1000.041278,1000.038827,1000.039837,1000.022968,0.000000,0.000000,0.000000,0.000000,0.000000
0.000000,0.000000,0.000000,0.000000,0.000000,1000.035733,1000.051091,1000.061408,1000.070391,1000.071412,1000.067599,1000.059982,1000.051300,1000.042523,1000.033824,1000.025713,1000.018582,1000.012419,1000.007152,1000.002675,999.998786,999.995349,999.992265,999.989439,999.986847,999.984529,999.982548,999.980991,999.979951,999.979501,999.979652,999.980290,999.981213,999.982248,999.983305,999.984360,999.985443,999.986563,999.987703,999.988862,999.990036,999.991212,999.992357,999.993477,999.994568,999.995600,999.996586,999.997548,999.998504,999.999411,1000.000216,1000.000919,1000.001508,1000.001999,1000.002413,1000.002734,1000.002944,1000.003031,1000.002990,1000.002833,1000.002563,1000.002160,1000.001605,1000.000887,1000.000027,999.999040,999.997918,999.996653,999.995243,999.993722,999.992112,999.990415,999.988661,999.986895,999.985180,999.983585,999.982205,999.981191,999.980772,999.981235,999.982861,999.985819,999.990123,999.995627,1000.002089,1000.009239,1000.016729,1000.024032,1000.030394,1000.034878,1000.036861,1000.036568,1000.034866,1000.032943,1000.029709,1000.030506,1000.030135,1000.032841,0.000000,0.000000,0.000000,0.000000,0.000000
0.000000,0.000000,0.000000,0.000000,0.000000,0.000000,1000.069212,1000.064680,1000.074966,1000.079011,1000.077068,1000.070495,1000.061926,1000.053117,1000.044226,1000.035604,1000.027748,1000.020760,1000.014574,1000.009136,1000.004299,999.999923,999.995934,999.992281,999.988955,999.986012,999.983532,999.981632,999.980426,999.979952,999.980131,999.980768,999.981625,999.982537,999.983474,999.984441,999.985431,999.986458,999.987512,999.988583,999.989673,999.990767,999.991844,999.992885,999.993895,999.994851,999.995745,999.996590,999.997412,999.998244,999.999034,999.999730,1000.000315,1000.000793,1000.001192,1000.001518,1000.001737,1000.001821,1000.001762,1000.001591,1000.001315,1000.000909,1000.000359,999.999653,999.998801,999.997815,999.996700,999.995463,999.994117,999.992692,999.991191,999.989630,999.988047,999.986480,999.984994,999.983668,999.982597,999.981912,999.981787,999.982448,999.984117,999.986935,999.990926,999.995951,1000.001742,1000.007954,1000.014091,1000.019542,1000.023639,1000.025835,1000.026146,1000.025058,1000.023552,1000.021889,1000.020135,1000.021761,1000.001341,0.000000,0.000000,0.000000,0.000000,0.000000,0.000000
0.000000,0.000000,0.000000,0.000000,0.000000,0.000000,1000.056513,1000.070710,1000.079824,1000.087008,1000.086195,1000.080901,1000.072752,1000.063970,1000.054992,1000.045968,1000.037447,1000.029668,1000.022580,1000.016161,1000.010343,1000.004996,1000.000062,999.995528,999.991398,999.987757,999.984734,999.982473,999.981091,999.980575,999.980729,999.981271,999.981978,999.982744,999.983549,999.984420,999.985346,999.986305,999.987288,999.988271,999.989253,999.990241,999.991212,999.992137,999.993022,999.993892,999.994704,999.995449,999.996163,999.996880,999.997610,999.998280,999.998857,999.999333,999.999723,1000.000045,1000.000274,1000.000372,1000.000327,1000.000147,999.999845,999.999427,999.998875,999.998180,999.997330,999.996341,999.995241,999.994046,999.992768,999.991414,999.990001,999.988560,999.987117,999.985708,999.984394,999.983257,999.982389,999.981903,999.981938,999.982662,999.984225,999.986744,999.990212,999.994469,999.999246,1000.004125,1000.008594,1000.012158,1000.014375,1000.015129,1000.014698,1000.013474,1000.011949,1000.008883,1000.009554,1000.008862,1000.011745,0.000000,0.000000,0.000000,0.000000,0.000000,0.000000
0.000000,0.000000,0.000000,0.000000,0.000000,0.000000,0.000000,1000.088857,1000.083585,1000.092113,1000.094527,1000.091058,1000.083686,1000.074918,1000.065895,1000.056618,1000.047494,1000.038942,1000.030995,1000.023611,1000.016791,1000.010460,1000.004551,999.999080,999.994090,999.989694,999.986087,999.983463,999.981905,999.981302,999.981362,999.981740,999.982233,999.982808,999.983479,999.984237,999.985073,999.985969,999.986896,999.987815,999.988706,999.989566,999.990373,999.991122,999.991855,999.992600,999.993320,999.993993,999.994640,999.995275,999.995920,999.996555,999.997122,999.997608,999.998001,999.998312,999.998547,999.998667,999.998643,999.998467,999.998153,999.997714,999.997148,999.996449,999.995611,999.994649,999.993581,999.992421,999.991180,999.989876,999.988532,999.987173,999.985825,999.984528,999.983329,999.982303,999.981540,999.981128,999.981171,999.981783,999.983074,999.985103,999.987819,999.991082,999.994617,999.998029,1000.000948,1000.003021,1000.004026,1000.004021,1000.003162,1000.001907,1000.000252,999.998350,999.999215,999.976822,0.000000,0.000000,0.000000,0.000000,0.000000,0.000000,0.000000
0.000000,0.000000,0.000000,0.000000,0.000000,0.000000,0.000000,1000.077181,1000.089588,1000.097290,1000.102591,1000.100490,1000.094245,1000.085806,1000.076785,1000.067397,1000.057787,1000.048476,1000.039691,1000.031385,1000.023573,1000.016259,1000.009362,1000.002902,999.996997,999.991814,999.987601,999.984589,999.982825,999.982076,999.981952,999.982108,999.982360,999.982712,999.983202,999.983811,999.984515,999.985308,999.986155,999.987000,999.987808,999.988544,999.989186,999.989749,999.990297,999.990877,999.991496,999.992117,999.992721,999.993320,999.993913,999.994515,999.995090,999.995596,999.996012,999.996330,999.996558,999.996684,999.996683,999.996539,999.996232,999.995768,999.995183,999.994489,999.993685,999.992761,999.991719,999.990578,999.989359,999.988086,999.986777,999.985455,999.984157,999.982914,999.981766,999.980782,999.980034,999.979584,999.979510,999.979896,999.980799,999.982216,999.984096,999.986309,999.988608,999.990727,999.992409,999.993416,999.993674,999.993211,999.992109,999.990369,999.987066,999.986668,999.984950,999.986856,0.000000,0.000000,0.000000,0.000000,0.000000,0.000000,0.000000
0.000000,0.000000,0.000000,0.000000,0.000000,0.000000,0.000000,0.000000,1000.105500,1000.100830,1000.107347,1000.108616,1000.104222,1000.096508,1000.087545,1000.078133,1000.068243,1000.058263,1000.048649,1000.039471,1000.030699,1000.022384,1000.014509,1000.007057,1000.000184,999.994166,999.989320,999.985873,999.983816,999.982836,999.982459,999.982335,999.982325,999.982436,999.982698,999.983098,999.983612,999.984233,999.984945,999.985673,999.986344,999.986939,999.987437,999.987848,999.988218,999.988631,999.989133,999.989691,999.990278,999.990884,999.991486,999.992092,999.992702,999.993250,999.993706,999.994061,999.994299,999.994433,999.994466,999.994361,999.994080,999.993628,999.993043,999.992358,999.991571,999.990665,999.989639,999.988510,999.987303,999.986035,999.984726,999.983407,999.982113,999.980868,999.979712,999.978699,999.977879,999.977312,999.977055,999.977149,999.977602,999.978399,999.979485,999.980741,999.981997,999.983078,999.983798,999.984015,999.983674,999.982715,999.981305,999.979111,999.976839,999.975742,999.952862,0.000000,0.000000,0.000000,0.000000,0.000000,0.000000,0.000000,0.000000
0.000000,0.000000,0.000000,0.000000,0.000000,0.000000,0.000000,0.000000,1000.095181,1000.105503,1000.111845,1000.115489,1000.113017,1000.106554,1000.098027,1000.088679,1000.078718,1000.068287,1000.057900,1000.047884,1000.038234,1000.028941,1000.020061,1000.011632,1000.003802,999.996897,999.991323,999.987340,999.984871,999.983545,999.982853,999.982422,999.982117,999.981952,999.981955,999.982102,999.982379,999.982778,999.983274,999.983816,999.984320,999.984740,999.985071,999.985324,999.985546,999.985814,999.986185,999.986672,999.987249,999.987890,999.988565,999.989241,999.989909,999.990540,999.991083,999.991502,999.991790,999.991964,999.992032,999.991969,999.991739,999.991328,999.990762,999.990070,999.989268,999.988359,999.987336,999.986210,999.984998,999.983715,999.982383,999.981040,999.979706,999.978410,999.977190,999.976081,999.975137,999.974406,999.973909,999.973661,999.973663,999.973888,999.974277,999.974740,999.975156,999.975395,999.975329,999.974887,999.974023,999.972774,999.970797,999.967305,999.965218,999.961956,999.961157,0.000000,0.000000,0.000000,0.000000,0.000000,0.000000,0.000000,0.000000
0.000000,0.000000,0.000000,0.000000,0.000000,0.000000,0.000000,0.000000,0.000000,1000.116334,1000.114418,1000.118320,1000.119925,1000.115805,1000.108152,1000.098923,1000.088998,1000.078424,1000.067486,1000.056675,1000.046205,1000.036042,1000.026199,1000.016791,1000.008013,1000.000198,999.993780,999.989077,999.986030,999.984224,999.983140,999.982375,999.981758,999.981282,999.980988,999.980858,999.980868,999.981021,999.981277,999.981596,999.981913,999.982152,999.982303,999.982382,999.982437,999.982549,999.982791,999.983200,999.983759,999.984437,999.985203,999.985995,999.986772,999.987523,999.988189,999.988719,999.989102,999.989345,999.989453,999.989429,999.989248,999.988879,999.988331,999.987627,999.986794,999.985856,999.984818,999.983674,999.982440,999.981131,999.979769,999.978372,999.976965,999.975581,999.974250,999.973005,999.971898,999.970949,999.970172,999.969577,999.969150,999.968859,999.968649,999.968445,999.968172,999.967733,999.967019,999.965946,999.964490,999.962916,999.960867,999.959579,999.954151,999.934515,0.000000,0.000000,0.000000,0.000000,0.000000,0.000000,0.000000,0.000000,0.000000
0.000000,0.000000,0.000000,0.000000,0.000000,0.000000,0.000000,0.000000,0.000000,1000.107579,1000.115647,1000.120409,1000.124999,1000.123496,1000.117399,1000.108758,1000.098984,1000.088481,1000.077342,1000.065940,1000.054691,1000.043740,1000.033071,1000.022755,1000.013035,1000.004282,999.996921,999.991298,999.987436,999.984972,999.983385,999.982238,999.981294,999.980493,999.979862,999.979429,999.979156,999.979035,999.979060,999.979181,999.979332,999.979420,999.979400,999.979303,999.979169,999.979090,999.979170,999.979461,999.979971,999.980672,999.981512,999.982427,999.983355,999.984250,999.985065,999.985754,999.986270,999.986601,999.986769,999.986777,999.986626,999.986293,999.985761,999.985047,999.984178,999.983185,999.982092,999.980907,999.979633,999.978286,999.976876,999.975410,999.973917,999.972426,999.970960,999.969558,999.968248,999.967055,999.965996,999.965056,999.964215,999.963450,999.962710,999.961949,999.961113,999.960098,999.958828,999.957279,999.955463,999.953067,999.950248,999.950880,999.944313,999.940166,0.000000,0.000000,0.000000,0.000000,0.000000,0.000000,0.000000,0.000000,0.000000
0.000000,0.000000,0.000000,0.000000,0.000000,0.000000,0.000000,0.000000,0.000000,0.000000,1000.110649,1000.121397,1000.127703,1000.129398,1000.125443,1000.117888,1000.108521,1000.098244,1000.087219,1000.075611,1000.063799,1000.052130,1000.040743,1000.029679,1000.019112,1000.009414,1000.001031,999.994324,999.989400,999.986021,999.983740,999.982106,999.980796,999.979664,999.978691,999.977912,999.977340,999.976943,999.976717,999.976648,999.976668,999.976653,999.976508,999.976248,999.975925,999.975627,999.975486,999.975598,999.976000,999.976676,999.977566,999.978599,999.979687,999.980753,999.981749,999.982615,999.983290,999.983745,999.983989,999.984038,999.983903,999.983586,999.983068,999.982341,999.981430,999.980366,999.979196,999.977939,999.976597,999.975178,999.973692,999.972152,999.970568,999.968962,999.967363,999.965794,999.964279,999.962849,999.961499,999.960207,999.958972,999.957775,999.956577,999.955345,999.954029,999.952578,999.950945,999.948966,999.946217,999.942377,999.940306,999.940411,999.944128,0.000000,0.000000,0.000000,0.000000,0.000000,0.000000,0.000000,0.000000,0.000000,0.000000
0.000000,0.000000,0.000000,0.000000,0.000000,0.000000,0.000000,0.000000,0.000000,0.000000,0.000000,1000.130146,1000.128920,1000.131277,1000.130888,1000.125861,1000.117536,1000.107614,1000.096840,1000.085377,1000.073413,1000.061281,1000.049286,1000.037606,1000.026371,1000.015839,1000.006434,999.998546,999.992365,999.987798,999.984536,999.982195,999.980399,999.978903,999.977598,999.976471,999.975566,999.974883,999.974394,999.974105,999.973973,999.973876,999.973671,999.973310,999.972831,999.972316,999.971916,999.971783,999.971993,999.972555,999.973444,999.974570,999.975821,999.977086,999.978286,999.979345,999.980200,999.980807,999.981142,999.981235,999.981112,999.980784,999.980253,999.979508,999.978549,999.977416,999.976158,999.974798,999.973359,999.971840,999.970251,999.968604,999.966909,999.965189,999.963457,999.961725,999.960020,999.958352,999.956711,999.955095,999.953505,999.951923,999.950328,999.948690,999.946979,999.945149,999.943095,999.940717,999.938078,999.935074,999.928715,999.907522,0.000000,0.000000,0.000000,0.000000,0.000000,0.000000,0.000000,0.000000,0.000000,0.000000,0.000000
0.000000,0.000000,0.000000,0.000000,0.000000,0.000000,0.000000,0.000000,0.000000,0.000000,0.000000,1000.123198,1000.128202,1000.131832,1000.133574,1000.131529,1000.125396,1000.116453,1000.106073,1000.094909,1000.083155,1000.070984,1000.058674,1000.046531,1000.034791,1000.023638,1000.013372,1000.004357,999.996847,999.990897,999.986362,999.982984,999.980444,999.978425,999.976729,999.975263,999.974018,999.973015,999.972249,999.971710,999.971385,999.971188,999.970952,999.970563,999.970007,999.969331,999.968673,999.968231,999.968149,999.968489,999.969261,999.970411,999.971807,999.973292,999.974723,999.975999,999.977050,999.977816,999.978262,999.978401,999.978277,999.977919,999.977341,999.976547,999.975539,999.974337,999.972974,999.971498,999.969941,999.968303,999.966587,999.964805,999.962976,999.961119,999.959237,999.957340,999.955440,999.953540,999.951640,999.949743,999.947838,999.945915,999.943963,999.941957,999.939883,999.937716,999.935409,999.932864,999.929829,999.925806,999.918919,999.910193,0.000000,0.000000,0.000000,0.000000,0.000000,0.000000,0.000000,0.000000,0.000000,0.000000,0.000000
0.000000,0.000000,0.000000,0.000000,0.000000,0.000000,0.000000,0.000000,0.000000,0.000000,0.000000,0.000000,1000.123406,1000.129564,1000.133444,1000.134245,1000.131093,1000.124155,1000.114704,1000.103985,1000.092616,1000.080774,1000.068592,1000.056324,1000.044280,1000.032715,1000.021853,1000.011955,1000.003265,999.995929,999.989949,999.985230,999.981584,999.978731,999.976429,999.974513,999.972895,999.971556,999.970483,999.969666,999.969110,999.968760,999.968483,999.968113,999.967562,999.966825,999.965982,999.965226,999.964769,999.964754,999.965260,999.966300,999.967754,999.969428,999.971105,999.972628,999.973890,999.974816,999.975382,999.975575,999.975435,999.975027,999.974370,999.973486,999.972403,999.971116,999.969649,999.968050,999.966349,999.964569,999.962715,999.960794,999.958823,999.956810,999.954757,999.952676,999.950577,999.948457,999.946323,999.944163,999.941964,999.939725,999.937435,999.935082,999.932664,999.930156,999.927480,999.924635,999.921785,999.918953,999.916200,0.000000,0.000000,0.000000,0.000000,0.000000,0.000000,0.000000,0.000000,0.000000,0.000000,0.000000,0.000000
0.000000,0.000000,0.000000,0.000000,0.000000,0.000000,0.000000,0.000000,0.000000,0.000000,0.000000,0.000000,0.000000,1000.126405,1000.131126,1000.133763,1000.133491,1000.129529,1000.122106,1000.112402,1000.101576,1000.090217,1000.078496,1000.066537,1000.054550,1000.042833,1000.031645,1000.021192,1000.011661,1000.003191,999.995868,999.989722,999.984701,999.980671,999.977430,999.974794,999.972625,999.970846,999.969401,999.968257,999.967408,999.966825,999.966433,999.966070,999.965580,999.964887,999.963995,999.963022,999.962192,999.961741,999.961839,999.962570,999.963901,999.965641,999.967527,999.969307,999.970787,999.971879,999.972548,999.972785,999.972626,999.972139,999.971375,999.970367,999.969154,999.967755,999.966177,999.964441,999.962584,999.960638,999.958626,999.956569,999.954460,999.952290,999.950063,999.947797,999.945501,999.943169,999.940797,999.938372,999.935878,999.933317,999.930678,999.927961,999.925168,999.922251,999.919249,999.916385,999.913497,999.910465,0.000000,0.000000,0.000000,0.000000,0.000000,0.000000,0.000000,0.000000,0.000000,0.000000,0.000000,0.000000,0.000000
0.000000,0.000000,0.000000,0.000000,0.000000,0.000000,0.000000,0.000000,0.000000,0.000000,0.000000,0.000000,0.000000,0.000000,1000.127613,1000.130903,1000.132489,1000.131401,1000.126986,1000.119446,1000.109808,1000.099127,1000.087974,1000.076587,1000.065040,1000.053535,1000.042330,1000.031645,1000.021651,1000.012458,1000.004149,999.996805,999.990461,999.985099,999.980646,999.976981,999.973972,999.971502,999.969504,999.967904,999.966655,999.965742,999.965101,999.964630,999.964174,999.963573,999.962741,999.961709,999.960640,999.959791,999.959408,999.959661,999.960632,999.962228,999.964188,999.966161,999.967847,999.969093,999.969835,999.970080,999.969875,999.969281,999.968378,999.967209,999.965819,999.964263,999.962545,999.960660,999.958636,999.956509,999.954331,999.952122,999.949853,999.947518,999.945127,999.942686,999.940195,999.937643,999.935026,999.932330,999.929526,999.926620,999.923612,999.920517,999.917293,999.913972,999.910783,999.907538,999.903910,0.000000,0.000000,0.000000,0.000000,0.000000,0.000000,0.000000,0.000000,0.000000,0.000000,0.000000,0.000000,0.000000,0.000000
0.000000,0.000000,0.000000,0.000000,0.000000,0.000000,0.000000,0.000000,0.000000,0.000000,0.000000,0.000000,0.000000,0.000000,0.000000,1000.126526,1000.128872,1000.129649,1000.128115,1000.123685,1000.116420,1000.107171,1000.096871,1000.086139,1000.075216,1000.064214,1000.053330,1000.042743,1000.032633,1000.023128,1000.014276,1000.006146,999.998819,999.992317,999.986654,999.981815,999.977741,999.974334,999.971521,999.969242,999.967416,999.966008,999.964969,999.964214,999.963622,999.963027,999.962275,999.961303,999.960175,999.959078,999.958270,999.957995,999.958421,999.959612,999.961402,999.963412,999.965231,999.966570,999.967331,999.967526,999.967206,999.966465,999.965381,999.964007,999.962414,999.960655,999.958747,999.956689,999.954493,999.952201,999.949847,999.947442,999.944991,999.942484,999.939918,999.937291,999.934592,999.931815,999.928951,999.925968,999.922848,999.919591,999.916215,999.912708,999.909077,999.905546,999.901839,999.897419,0.000000,0.000000,0.000000,0.000000,0.000000,0.000000,0.000000,0.000000,0.000000,0.000000,0.000000,0.000000,0.000000,0.000000,0.000000
0.000000,0.000000,0.000000,0.000000,0.000000,0.000000,0.000000,0.000000,0.000000,0.000000,0.000000,0.000000,0.000000,0.000000,0.000000,0.000000,1000.123645,1000.125146,1000.125457,1000.123891,1000.119846,1000.113196,1000.104665,1000.094978,1000.084836,1000.074447,1000.064078,1000.053869,1000.043962,1000.034470,1000.025469,1000.016993,1000.009105,1000.001865,999.995298,999.989437,999.984307,999.979880,999.976096,999.972924,999.970317,999.968209,999.966570,999.965330,999.964377,999.963588,999.962808,999.961893,999.960809,999.959643,999.958565,999.957819,999.957646,999.958229,999.959567,999.961366,999.963141,999.964459,999.965142,999.965182,999.964657,999.963697,999.962376,999.960759,999.958926,999.956923,999.954780,999.952521,999.950155,999.947694,999.945154,999.942553,999.939905,999.937201,999.934435,999.931607,999.928702,999.925698,999.922584,999.919309,999.915904,999.912315,999.908570,999.904677,999.900845,999.896771,999.891769,0.000000,0.000000,0.000000,0.000000,0.000000,0.000000,0.000000,0.000000,0.000000,0.000000,0.000000,0.000000,0.000000,0.000000,0.000000,0.000000
0.000000,0.000000,0.000000,0.000000,0.000000,0.000000,0.000000,0.000000,0.000000,0.000000,0.000000,0.000000,0.000000,0.000000,0.000000,0.000000,0.000000,1000.118946,1000.119990,1000.120215,1000.119001,1000.115584,1000.109961,1000.102297,1000.093500,1000.084011,1000.074260,1000.064558,1000.055057,1000.045823,1000.036944,1000.028466,1000.020419,1000.012846,1000.005783,999.999267,999.993340,999.988036,999.983339,999.979236,999.975729,999.972789,999.970372,999.968439,999.966920,999.965709,999.964678,999.963687,999.962620,999.961453,999.960258,999.959187,999.958482,999.958396,999.959070,999.960370,999.961828,999.962925,999.963359,999.963095,999.962260,999.960982,999.959356,999.957452,999.955326,999.953047,999.950651,999.948152,999.945582,999.942951,999.940253,999.937485,999.934639,999.931723,999.928750,999.925714,999.922591,999.919365,999.916013,999.912512,999.908883,999.904944,999.900874,999.896788,999.892468,999.887210,0.000000,0.000000,0.000000,0.000000,0.000000,0.000000,0.000000,0.000000,0.000000,0.000000,0.000000,0.000000,0.000000,0.000000,0.000000,0.000000,0.000000
0.000000,0.000000,0.000000,0.000000,0.000000,0.000000,0.000000,0.000000,0.000000,0.000000,0.000000,0.000000,0.000000,0.000000,0.000000,0.000000,0.000000,0.000000,1000.112567,1000.113814,1000.114399,1000.113665,1000.111147,1000.106647,1000.099916,1000.092128,1000.083473,1000.074537,1000.065565,1000.056741,1000.048148,1000.039857,1000.031922,1000.024348,1000.017151,1000.010359,1000.004007,999.998131,999.992763,999.987906,999.983575,999.979793,999.976552,999.973827,999.971583,999.969754,999.968251,999.966963,999.965753,999.964511,999.963225,999.961961,999.960867,999.960179,999.960123,999.960699,999.961549,999.962126,999.962056,999.961304,999.960004,999.958299,999.956295,999.954041,999.951589,999.949013,999.946338,999.943568,999.940768,999.937968,999.935129,999.932227,999.929242,999.926155,999.922976,999.919722,999.916374,999.912947,999.909387,999.905834,999.901883,999.897706,999.893478,999.888917,999.883547,0.000000,0.000000,0.000000,0.000000,0.000000,0.000000,0.000000,0.000000,0.000000,0.000000,0.000000,0.000000,0.000000,0.000000,0.000000,0.000000,0.000000,0.000000
0.000000,0.000000,0.000000,0.000000,0.000000,0.000000,0.000000,0.000000,0.000000,0.000000,0.000000,0.000000,0.000000,0.000000,0.000000,0.000000,0.000000,0.000000,0.000000,1000.105497,1000.107230,1000.108679,1000.107906,1000.106856,1000.102507,1000.097036,1000.090420,1000.083033,1000.075048,1000.066896,1000.058759,1000.050797,1000.043091,1000.035693,1000.028605,1000.021821,1000.015370,1000.009274,1000.003558,999.998235,999.993328,999.988862,999.984879,999.981394,999.978391,999.975845,999.973713,999.971914,999.970331,999.968846,999.967379,999.965932,999.964563,999.963404,999.962667,999.962426,999.962412,999.962125,999.961253,999.959781,999.957847,999.955612,999.953147,999.950486,999.947691,999.944801,999.941814,999.938776,999.935738,999.932730,999.929744,999.926740,999.923658,999.920447,999.917099,999.913644,999.910075,999.906430,999.902834,999.899387,999.895007,999.891041,999.886119,999.880546,0.000000,0.000000,0.000000,0.000000,0.000000,0.000000,0.000000,0.000000,0.000000,0.000000,0.000000,0.000000,0.000000,0.000000,0.000000,0.000000,0.000000,0.000000,0.000000
0.000000,0.000000,0.000000,0.000000,0.000000,0.000000,0.000000,0.000000,0.000000,0.000000,0.000000,0.000000,0.000000,0.000000,0.000000,0.000000,0.000000,0.000000,0.000000,0.000000,1000.098043,1000.102836,1000.103029,1000.101794,1000.100326,1000.097433,1000.093537,1000.088320,1000.082181,1000.075406,1000.068181,1000.060869,1000.053589,1000.046489,1000.039628,1000.033021,1000.026678,1000.020613,1000.014835,1000.009345,1000.004151,999.999281,999.994776,999.990686,999.987028,999.983800,999.980988,999.978551,999.976422,999.974507,999.972718,999.971002,999.969341,999.967782,999.966452,999.965374,999.964279,999.962814,999.960831,999.958407,999.955710,999.952848,999.949857,999.946759,999.943591,999.940364,999.937086,999.933788,999.930500,999.927271,999.924110,999.920966,999.917774,999.914444,999.910957,999.907320,999.903618,999.899811,999.896127,999.892387,999.889060,999.885056,999.877954,0.000000,0.000000,0.000000,0.000000,0.000000,0.000000,0.000000,0.000000,0.000000,0.000000,0.000000,0.000000,0.000000,0.000000,0.000000,0.000000,0.000000,0.000000,0.000000,0.000000
0.000000,0.000000,0.000000,0.000000,0.000000,0.000000,0.000000,0.000000,0.000000,0.000000,0.000000,0.000000,0.000000,0.000000,0.000000,0.000000,0.000000,0.000000,0.000000,0.000000,0.000000,1000.095740,1000.103177,1000.092931,1000.092636,1000.092642,1000.092306,1000.089165,1000.085263,1000.080443,1000.074953,1000.068973,1000.062634,1000.056215,1000.049818,1000.043572,1000.037482,1000.031590,1000.025912,1000.020460,1000.015216,1000.010202,1000.005455,1000.001009,999.996897,999.993138,999.989738,999.986683,999.983954,999.981489,999.979226,999.977088,999.975019,999.973038,999.971136,999.969146,999.966777,999.963873,999.960531,999.957003,999.953454,999.949905,999.946354,999.942807,999.939250,999.935689,999.932147,999.928604,999.925110,999.921684,999.918324,999.914983,999.911617,999.908103,999.904485,999.900780,999.896995,999.892630,999.888278,999.884680,999.886185,999.878680,0.000000,0.000000,0.000000,0.000000,0.000000,0.000000,0.000000,0.000000,0.000000,0.000000,0.000000,0.000000,0.000000,0.000000,0.000000,0.000000,0.000000,0.000000,0.000000,0.000000,0.000000
0.000000,0.000000,0.000000,0.000000,0.000000,0.000000,0.000000,0.000000,0.000000,0.000000,0.000000,0.000000,0.000000,0.000000,0.000000,0.000000,0.000000,0.000000,0.000000,0.000000,0.000000,0.000000,0.000000,1000.079966,1000.086184,1000.086725,1000.086349,1000.085207,1000.083972,1000.080773,1000.077360,1000.073273,1000.068659,1000.063624,1000.058258,1000.052792,1000.047276,1000.041812,1000.036420,1000.031141,1000.026012,1000.021031,1000.016232,1000.011635,1000.007283,1000.003193,999.999374,999.995831,999.992557,999.989526,999.986689,999.983992,999.981414,999.978912,999.976279,999.973158,999.969281,999.964746,999.959970,999.955327,999.950904,999.946666,999.942551,999.938547,999.934616,999.930764,999.926971,999.923239,999.919607,999.916014,999.912486,999.908927,999.905302,999.901606,999.897819,999.893894,999.889805,999.885920,999.881751,999.875124,0.000000,0.000000,0.000000,0.000000,0.000000,0.000000,0.000000,0.000000,0.000000,0.000000,0.000000,0.000000,0.000000,0.000000,0.000000,0.000000,0.000000,0.000000,0.000000,0.000000,0.000000,0.000000,0.000000
0.000000,0.000000,0.000000,0.000000,0.000000,0.000000,0.000000,0.000000,0.000000,0.000000,0.000000,0.000000,0.000000,0.000000,0.000000,0.000000,0.000000,0.000000,0.000000,0.000000,0.000000,0.000000,0.000000,0.000000,1000.076679,1000.085105,1000.078676,1000.077560,1000.077432,1000.076513,1000.075484,1000.072803,1000.070131,1000.066937,1000.063333,1000.059302,1000.054954,1000.050372,1000.045697,1000.040911,1000.036128,1000.031361,1000.026669,1000.022085,1000.017648,1000.013391,1000.009318,1000.005435,1000.001719,999.998172,999.994765,999.991470,999.988261,999.984962,999.981194,999.976546,999.970937,999.964787,999.958727,999.953080,999.947862,999.942975,999.938324,999.933881,999.929613,999.925525,999.921533,999.917702,999.913961,999.910278,999.906588,999.902870,999.898966,999.895096,999.890857,999.886603,999.882486,999.879938,999.873672,0.000000,0.000000,0.000000,0.000000,0.000000,0.000000,0.000000,0.000000,0.000000,0.000000,0.000000,0.000000,0.000000,0.000000,0.000000,0.000000,0.000000,0.000000,0.000000,0.000000,0.000000,0.000000,0.000000,0.000000
0.000000,0.000000,0.000000,0.000000,0.000000,0.000000,0.000000,0.000000,0.000000,0.000000,0.000000,0.000000,0.000000,0.000000,0.000000,0.000000,0.000000,0.000000,0.000000,0.000000,0.000000,0.000000,0.000000,0.000000,0.000000,0.000000,1000.067887,1000.077125,1000.069378,1000.068190,1000.068390,1000.067997,1000.067505,1000.065574,1000.063796,1000.061497,1000.058928,1000.055743,1000.052262,1000.048492,1000.044475,1000.040317,1000.036029,1000.031746,1000.027446,1000.023221,1000.019073,1000.014983,1000.010940,1000.006948,1000.002962,999.998963,999.994803,999.990181,999.984736,999.978224,999.970922,999.963480,999.956456,999.950024,999.944181,999.938685,999.933571,999.928735,999.924201,999.919911,999.915798,999.911977,999.908127,999.904432,999.900512,999.896806,999.892693,999.888484,999.884125,999.880090,999.874400,0.000000,0.000000,0.000000,0.000000,0.000000,0.000000,0.000000,0.000000,0.000000,0.000000,0.000000,0.000000,0.000000,0.000000,0.000000,0.000000,0.000000,0.000000,0.000000,0.000000,0.000000,0.000000,0.000000,0.000000,0.000000,0.000000
0.000000,0.000000,0.000000,0.000000,0.000000,0.000000,0.000000,0.000000,0.000000,0.000000,0.000000,0.000000,0.000000,0.000000,0.000000,0.000000,0.000000,0.000000,0.000000,0.000000,0.000000,0.000000,0.000000,0.000000,0.000000,0.000000,0.000000,0.000000,1000.057875,1000.067427,1000.060093,1000.059354,1000.059999,1000.060322,1000.060451,1000.059257,1000.058149,1000.056688,1000.054566,1000.052195,1000.049308,1000.046169,1000.042656,1000.039052,1000.035301,1000.031440,1000.027476,1000.023348,1000.019075,1000.014613,1000.009895,1000.004866,999.999290,999.992882,999.985506,999.977306,999.968791,999.960599,999.953029,999.946123,999.939777,999.933731,999.928246,999.923052,999.918359,999.913847,999.909810,999.905900,999.901876,999.898343,999.894549,999.890727,999.886537,999.881331,999.877148,0.000000,0.000000,0.000000,0.000000,0.000000,0.000000,0.000000,0.000000,0.000000,0.000000,0.000000,0.000000,0.000000,0.000000,0.000000,0.000000,0.000000,0.000000,0.000000,0.000000,0.000000,0.000000,0.000000,0.000000,0.000000,0.000000,0.000000,0.000000
0.000000,0.000000,0.000000,0.000000,0.000000,0.000000,0.000000,0.000000,0.000000,0.000000,0.000000,0.000000,0.000000,0.000000,0.000000,0.000000,0.000000,0.000000,0.000000,0.000000,0.000000,0.000000,0.000000,0.000000,0.000000,0.000000,0.000000,0.000000,0.000000,0.000000,1000.048565,1000.057999,1000.051612,1000.051701,1000.052766,1000.054023,1000.053714,1000.053573,1000.052389,1000.051195,1000.049500,1000.047339,1000.044802,1000.041910,1000.039076,1000.035906,1000.032342,1000.028321,1000.023835,1000.018751,1000.013200,1000.006887,999.999740,999.991743,999.982857,999.973682,999.964657,999.956236,999.948546,999.941515,999.934548,999.928192,999.922269,999.916831,999.911954,999.907223,999.903387,999.899170,999.895846,999.892219,999.888388,999.882518,999.880206,0.000000,0.000000,0.000000,0.000000,0.000000,0.000000,0.000000,0.000000,0.000000,0.000000,0.000000,0.000000,0.000000,0.000000,0.000000,0.000000,0.000000,0.000000,0.000000,0.000000,0.000000,0.000000,0.000000,0.000000,0.000000,0.000000,0.000000,0.000000,0.000000,0.000000
0.000000,0.000000,0.000000,0.000000,0.000000,0.000000,0.000000,0.000000,0.000000,0.000000,0.000000,0.000000,0.000000,0.000000,0.000000,0.000000,0.000000,0.000000,0.000000,0.000000,0.000000,0.000000,0.000000,0.000000,0.000000,0.000000,0.000000,0.000000,0.000000,0.000000,0.000000,0.000000,1000.040593,1000.049204,1000.044586,1000.047218,1000.046702,1000.046612,1000.047257,1000.046940,1000.045991,1000.043764,1000.042143,1000.039687,1000.037687,1000.035372,1000.032266,1000.028340,1000.023486,1000.017777,1000.011579,1000.004201,999.995941,999.987163,999.977563,999.967961,999.958901,999.950626,999.943262,999.936273,999.928657,999.922343,999.915119,999.909569,999.904775,999.901064,999.896613,999.891827,999.889456,999.883057,999.882127,0.000000,0.000000,0.000000,0.000000,0.000000,0.000000,0.000000,0.000000,0.000000,0.000000,0.000000,0.000000,0.000000,0.000000,0.000000,0.000000,0.000000,0.000000,0.000000,0.000000,0.000000,0.000000,0.000000,0.000000,0.000000,0.000000,0.000000,0.000000,0.000000,0.000000,0.000000,0.000000
0.000000,0.000000,0.000000,0.000000,0.000000,0.000000,0.000000,0.000000,0.000000,0.000000,0.000000,0.000000,0.000000,0.000000,0.000000,0.000000,0.000000,0.000000,0.000000,0.000000,0.000000,0.000000,0.000000,0.000000,0.000000,0.000000,0.000000,0.000000,0.000000,0.000000,0.000000,0.000000,0.000000,0.000000,1000.035600,1000.044289,1000.042852,1000.036529,1000.039620,1000.041936,1000.041789,1000.037071,1000.034488,1000.033949,1000.032975,1000.031199,1000.028338,1000.024302,1000.018985,1000.013143,1000.006110,999.998507,999.990070,999.980570,999.970966,999.961001,999.951824,999.943624,999.936527,999.930347,999.924690,999.916235,999.905250,999.900214,999.897830,999.896192,999.886591,999.881873,999.882451,0.000000,0.000000,0.000000,0.000000,0.000000,0.000000,0.000000,0.000000,0.000000,0.000000,0.000000,0.000000,0.000000,0.000000,0.000000,0.000000,0.000000,0.000000,0.000000,0.000000,0.000000,0.000000,0.000000,0.000000,0.000000,0.000000,0.000000,0.000000,0.000000,0.000000,0.000000,0.000000,0.000000,0.000000
0.000000,0.000000,0.000000,0.000000,0.000000,0.000000,0.000000,0.000000,0.000000,0.000000,0.000000,0.000000,0.000000,0.000000,0.000000,0.000000,0.000000,0.000000,0.000000,0.000000,0.000000,0.000000,0.000000,0.000000,0.000000,0.000000,0.000000,0.000000,0.000000,0.000000,0.000000,0.000000,0.000000,0.000000,0.000000,0.000000,0.000000,1000.026961,1000.037197,1000.039394,1000.036853,1000.031389,1000.022716,1000.025495,1000.027106,1000.026042,1000.023110,1000.018867,1000.013659,1000.007313,999.997621,999.992113,999.985626,999.973412,999.963135,999.953020,999.943294,999.934721,999.928387,999.925554,999.924058,999.905883,999.894067,999.886970,999.885489,999.890271,0.000000,0.000000,0.000000,0.000000,0.000000,0.000000,0.000000,0.000000,0.000000,0.000000,0.000000,0.000000,0.000000,0.000000,0.000000,0.000000,0.000000,0.000000,0.000000,0.000000,0.000000,0.000000,0.000000,0.000000,0.000000,0.000000,0.000000,0.000000,0.000000,0.000000,0.000000,0.000000,0.000000,0.000000,0.000000,0.000000,0.000000
0.000000,0.000000,0.000000,0.000000,0.000000,0.000000,0.000000,0.000000,0.000000,0.000000,0.000000,0.000000,0.000000,0.000000,0.000000,0.000000,0.000000,0.000000,0.000000,0.000000,0.000000,0.000000,0.000000,0.000000,0.000000,0.000000,0.000000,0.000000,0.000000,0.000000,0.000000,0.000000,0.000000,0.000000,0.000000,0.000000,0.000000,0.000000,0.000000,0.000000,0.000000,0.000000,1000.012254,1000.022878,1000.023331,1000.021058,1000.018028,1000.014109,1000.008792,999.999893,999.990832,999.986038,999.979857,999.967925,999.954576,999.943679,999.933575,999.924227,999.915862,999.911216,999.920441,0.000000,0.000000,0.000000,0.000000,0.000000,0.000000,0.000000,0.000000,0.000000,0.000000,0.000000,0.000000,0.000000,0.000000,0.000000,0.000000,0.000000,0.000000,0.000000,0.000000,0.000000,0.000000,0.000000,0.000000,0.000000,0.000000,0.000000,0.000000,0.000000,0.000000,0.000000,0.000000,0.000000,0.000000,0.000000,0.000000,0.000000,0.000000,0.000000,0.000000,0.000000,0.000000
0.000000,0.000000,0.000000,0.000000,0.000000,0.000000,0.000000,0.000000,0.000000,0.000000,0.000000,0.000000,0.000000,0.000000,0.000000,0.000000,0.000000,0.000000,0.000000,0.000000,0.000000,0.000000,0.000000,0.000000,0.000000,0.000000,0.000000,0.000000,0.000000,0.000000,0.000000,0.000000,0.000000,0.000000,0.000000,0.000000,0.000000,0.000000,0.000000,0.000000,0.000000,0.000000,0.000000,0.000000,0.000000,0.000000,0.000000,0.000000,0.000000,0.000000,0.000000,999.977535,0.000000,0.000000,0.000000,0.000000,0.000000,0.000000,0.000000,0.000000,0.000000,0.000000,0.000000,0.000000,0.000000,0.000000,0.000000,0.000000,0.000000,0.000000,0.000000,0.000000,0.000000,0.000000,0.000000,0.000000,0.000000,0.000000,0.000000,0.000000,0.000000,0.000000,0.000000,0.000000,0.000000,0.000000,0.000000,0.000000,0.000000,0.000000,0.000000,0.000000,0.000000,0.000000,0.000000,0.000000,0.000000,0.000000,0.000000,0.000000,0.000000,0.000000,0.000000
0.000000,0.000000,0.000000,0.000000,0.000000,0.000000,0.000000,0.000000,0.000000,0.000000,0.000000,0.000000,0.000000,0.000000,0.000000,0.000000,0.000000,0.000000,0.000000,0.000000,0.000000,0.000000,0.000000,0.000000,0.000000,0.000000,0.000000,0.000000,0.000000,0.000000,0.000000,0.000000,0.000000,0.000000,0.000000,0.000000,0.000000,0.000000,0.000000,0.000000,0.000000,0.000000,0.000000,0.000000,0.000000,0.000000,0.000000,0.000000,0.000000,0.000000,0.000000,0.000000,0.000000,0.000000,0.000000,0.000000,0.000000,0.000000,0.000000,0.000000,0.000000,0.000000,0.000000,0.000000,0.000000,0.000000,0.000000,0.000000,0.000000,0.000000,0.000000,0.000000,0.000000,0.000000,0.000000,0.000000,0.000000,0.000000,0.000000,0.000000,0.000000,0.000000,0.000000,0.000000,0.000000,0.000000,0.000000,0.000000,0.000000,0.000000,0.000000,0.000000,0.000000,0.000000,0.000000,0.000000,0.000000,0.000000,0.000000,0.000000,0.000000,0.000000,0.000000
