0.000000,0.000000,0.000000,0.000000,0.000000,0.000000,0.000000,0.000000,0.000000,0.000000,0.000000,0.000000,0.000000,0.000000,0.000000,0.000000,0.000000,0.000000,0.000000,0.000000,0.000000,0.000000,0.000000,0.000000,0.000000,0.000000,0.000000,0.000000,0.000000,0.000000,0.000000,0.000000,0.000000,0.000000,0.000000,0.000000,0.000000,0.000000,0.000000,0.000000,0.000000,0.000000,0.000000,0.000000,0.000000,0.000000,0.000000,0.000000,0.000000,0.000000,0.000000,0.000000,0.000000,0.000000,0.000000,0.000000,0.000000,0.000000,0.000000,0.000000,0.000000,0.000000,0.000000,0.000000,0.000000,0.000000,0.000000,0.000000,0.000000,0.000000,0.000000,0.000000,0.000000,0.000000,0.000000,0.000000,0.000000,0.000000,0.000000,0.000000,0.000000,0.000000,0.000000,0.000000,0.000000,0.000000,0.000000,0.000000,0.000000,0.000000,0.000000,0.000000,0.000000,0.000000,0.000000,0.000000,0.000000,0.000000,0.000000,0.000000,0.000000,0.000000,0.000000
0.000000,0.000000,0.000000,0.000000,0.000000,0.000000,0.000000,0.000000,0.000000,0.000000,0.000000,0.000000,0.000000,0.000000,0.000000,0.000000,0.000000,0.000000,0.000000,0.000000,0.000000,0.000000,0.000000,0.000000,0.000000,0.000000,0.000000,0.000000,0.000000,0.000000,0.000000,0.000000,0.000000,0.000000,0.000000,0.000000,0.000000,0.000000,0.000000,0.000000,0.000000,0.000000,0.000000,0.000000,0.000000,0.000000,0.000000,0.000000,0.000000,0.000000,0.000000,999.984460,0.000000,0.000000,0.000000,0.000000,0.000000,0.000000,0.000000,0.000000,0.000000,0.000000,0.000000,0.000000,0.000000,0.000000,0.000000,0.000000,0.000000,0.000000,0.000000,0.000000,0.000000,0.000000,0.000000,0.000000,0.000000,0.000000,0.000000,0.000000,0.000000,0.000000,0.000000,0.000000,0.000000,0.000000,0.000000,0.000000,0.000000,0.000000,0.000000,0.000000,0.000000,0.000000,0.000000,0.000000,0.000000,0.000000,0.000000,0.000000,0.000000,0.000000,0.000000
0.000000,0.000000,0.000000,0.000000,0.000000,0.000000,0.000000,0.000000,0.000000,0.000000,0.000000,0.000000,0.000000,0.000000,0.000000,0.000000,0.000000,0.000000,0.000000,0.000000,0.000000,0.000000,0.000000,0.000000,0.000000,0.000000,0.000000,0.000000,0.000000,0.000000,0.000000,0.000000,0.000000,0.000000,0.000000,0.000000,0.000000,0.000000,0.000000,0.000000,0.000000,0.000000,999.983736,999.983889,999.984049,999.984362,999.984933,999.985644,999.986202,999.986408,999.986414,999.986524,999.986471,999.986542,999.986545,999.986426,999.986302,999.986107,999.985796,999.985426,999.984990,0.000000,0.000000,0.000000,0.000000,0.000000,0.000000,0.000000,0.000000,0.000000,0.000000,0.000000,0.000000,0.000000,0.000000,0.000000,0.000000,0.000000,0.000000,0.000000,0.000000,0.000000,0.000000,0.000000,0.000000,0.000000,0.000000,0.000000,0.000000,0.000000,0.000000,0.000000,0.000000,0.000000,0.000000,0.000000,0.000000,0.000000,0.000000,0.000000,0.000000,0.000000,0.000000
0.000000,0.000000,0.000000,0.000000,0.000000,0.000000,0.000000,0.000000,0.000000,0.000000,0.000000,0.000000,0.000000,0.000000,0.000000,0.000000,0.000000,0.000000,0.000000,0.000000,0.000000,0.000000,0.000000,0.000000,0.000000,0.000000,0.000000,0.000000,0.000000,0.000000,0.000000,0.000000,0.000000,0.000000,0.000000,0.000000,0.000000,999.982889,999.983627,999.984335,999.984858,999.985194,999.985583,999.985774,999.986038,999.986372,999.986734,999.987116,999.987441,999.987691,999.987892,999.987980,999.987980,999.988060,999.988106,999.988123,999.988031,999.987824,999.987520,999.987112,999.986619,999.985988,999.985621,999.985428,999.985189,999.984668,0.000000,0.000000,0.000000,0.000000,0.000000,0.000000,0.000000,0.000000,0.000000,0.000000,0.000000,0.000000,0.000000,0.000000,0.000000,0.000000,0.000000,0.000000,0.000000,0.000000,0.000000,0.000000,0.000000,0.000000,0.000000,0.000000,0.000000,0.000000,0.000000,0.000000,0.000000,0.000000,0.000000,0.000000,0.000000,0.000000,0.000000
0.000000,0.000000,0.000000,0.000000,0.000000,0.000000,0.000000,0.000000,0.000000,0.000000,0.000000,0.000000,0.000000,0.000000,0.000000,0.000000,0.000000,0.000000,0.000000,0.000000,0.000000,0.000000,0.000000,0.000000,0.000000,0.000000,0.000000,0.000000,0.000000,0.000000,0.000000,0.000000,0.000000,0.000000,999.983524,999.983844,999.984213,999.984905,999.985414,999.985899,999.986362,999.986802,999.987173,999.987472,999.987769,999.988059,999.988358,999.988611,999.988806,999.989013,999.989216,999.989340,999.989445,999.989527,999.989585,999.989628,999.989579,999.989408,999.989113,999.988711,999.988239,999.987713,999.987232,999.986846,999.986548,999.986220,999.985803,999.985263,999.984602,0.000000,0.000000,0.000000,0.000000,0.000000,0.000000,0.000000,0.000000,0.000000,0.000000,0.000000,0.000000,0.000000,0.000000,0.000000,0.000000,0.000000,0.000000,0.000000,0.000000,0.000000,0.000000,0.000000,0.000000,0.000000,0.000000,0.000000,0.000000,0.000000,0.000000,0.000000,0.000000,0.000000,0.000000
0.000000,0.000000,0.000000,0.000000,0.000000,0.000000,0.000000,0.000000,0.000000,0.000000,0.000000,0.000000,0.000000,0.000000,0.000000,0.000000,0.000000,0.000000,0.000000,0.000000,0.000000,0.000000,0.000000,0.000000,0.000000,0.000000,0.000000,0.000000,0.000000,0.000000,0.000000,0.000000,999.984344,999.984824,999.985318,999.985776,999.986262,999.986753,999.987186,999.987573,999.987950,999.988358,999.988722,999.989047,999.989339,999.989642,999.989916,999.990098,999.990251,999.990413,999.990583,999.990745,999.990877,999.990967,999.991019,999.991009,999.990951,999.990821,999.990575,999.990236,999.989818,999.989328,999.988822,999.988373,999.987963,999.987585,999.987125,999.986582,999.985965,999.985210,999.984406,0.000000,0.000000,0.000000,0.000000,0.000000,0.000000,0.000000,0.000000,0.000000,0.000000,0.000000,0.000000,0.000000,0.000000,0.000000,0.000000,0.000000,0.000000,0.000000,0.000000,0.000000,0.000000,0.000000,0.000000,0.000000,0.000000,0.000000,0.000000,0.000000,0.000000,0.000000,0.000000
0.000000,0.000000,0.000000,0.000000,0.000000,0.000000,0.000000,0.000000,0.000000,0.000000,0.000000,0.000000,0.000000,0.000000,0.000000,0.000000,0.000000,0.000000,0.000000,0.000000,0.000000,0.000000,0.000000,0.000000,0.000000,0.000000,0.000000,0.000000,0.000000,0.000000,999.984565,999.985224,999.985984,999.986471,999.986982,999.987514,999.988069,999.988539,999.988931,999.989262,999.989591,999.989942,999.990288,999.990615,999.990942,999.991258,999.991488,999.991629,999.991728,999.991829,999.991958,999.992115,999.992247,999.992339,999.992374,999.992332,999.992251,999.992126,999.991946,999.991684,999.991334,999.990907,999.990412,999.989924,999.989467,999.989030,999.988563,999.988003,999.987366,999.986719,999.986025,999.985131,999.984090,0.000000,0.000000,0.000000,0.000000,0.000000,0.000000,0.000000,0.000000,0.000000,0.000000,0.000000,0.000000,0.000000,0.000000,0.000000,0.000000,0.000000,0.000000,0.000000,0.000000,0.000000,0.000000,0.000000,0.000000,0.000000,0.000000,0.000000,0.000000,0.000000,0.000000
0.000000,0.000000,0.000000,0.000000,0.000000,0.000000,0.000000,0.000000,0.000000,0.000000,0.000000,0.000000,0.000000,0.000000,0.000000,0.000000,0.000000,0.000000,0.000000,0.000000,0.000000,0.000000,0.000000,0.000000,0.000000,0.000000,0.000000,0.000000,999.984039,999.984870,999.986051,999.986773,999.987383,999.987950,999.988543,999.989112,999.989648,999.990121,999.990527,999.990886,999.991229,999.991557,999.991897,999.992272,999.992640,999.992930,999.993114,999.993188,999.993195,999.993226,999.993300,999.993394,999.993503,999.993590,999.993617,999.993589,999.993509,999.993392,999.993251,999.993064,999.992794,999.992435,999.991974,999.991474,999.991013,999.990555,999.990085,999.989564,999.988938,999.988261,999.987575,999.986801,999.985932,999.984959,999.983890,0.000000,0.000000,0.000000,0.000000,0.000000,0.000000,0.000000,0.000000,0.000000,0.000000,0.000000,0.000000,0.000000,0.000000,0.000000,0.000000,0.000000,0.000000,0.000000,0.000000,0.000000,0.000000,0.000000,0.000000,0.000000,0.000000,0.000000,0.000000
0.000000,0.000000,0.000000,0.000000,0.000000,0.000000,0.000000,0.000000,0.000000,0.000000,0.000000,0.000000,0.000000,0.000000,0.000000,0.000000,0.000000,0.000000,0.000000,0.000000,0.000000,0.000000,0.000000,0.000000,0.000000,0.000000,999.983524,999.984346,999.985601,999.986519,999.987342,999.988061,999.988728,999.989378,999.989970,999.990502,999.991003,999.991487,999.991951,999.992379,999.992764,999.993117,999.993486,999.993898,999.994290,999.994581,999.994719,999.994732,999.994712,999.994694,999.994688,999.994701,999.994747,999.994793,999.994808,999.994789,999.994728,999.994638,999.994516,999.994370,999.994172,999.993863,999.993461,999.992996,999.992530,999.992095,999.991643,999.991132,999.990533,999.989850,999.989125,999.988351,999.987477,999.986530,999.985675,999.985054,999.984184,0.000000,0.000000,0.000000,0.000000,0.000000,0.000000,0.000000,0.000000,0.000000,0.000000,0.000000,0.000000,0.000000,0.000000,0.000000,0.000000,0.000000,0.000000,0.000000,0.000000,0.000000,0.000000,0.000000,0.000000,0.000000,0.000000
0.000000,0.000000,0.000000,0.000000,0.000000,0.000000,0.000000,0.000000,0.000000,0.000000,0.000000,0.000000,0.000000,0.000000,0.000000,0.000000,0.000000,0.000000,0.000000,0.000000,0.000000,0.000000,0.000000,0.000000,999.981964,999.983298,999.984823,999.985890,999.986860,999.987761,999.988602,999.989385,999.990068,999.990691,999.991247,999.991760,999.992266,999.992780,999.993290,999.993769,999.994182,999.994565,999.994972,999.995392,999.995781,999.996055,999.996182,999.996236,999.996262,999.996248,999.996205,999.996155,999.996103,999.996073,999.996058,999.996027,999.995962,999.995877,999.995780,999.995652,999.995478,999.995218,999.994868,999.994450,999.994001,999.993577,999.993142,999.992635,999.992044,999.991381,999.990654,999.989890,999.989082,999.988206,999.987326,999.986572,999.986034,999.985799,999.985072,0.000000,0.000000,0.000000,0.000000,0.000000,0.000000,0.000000,0.000000,0.000000,0.000000,0.000000,0.000000,0.000000,0.000000,0.000000,0.000000,0.000000,0.000000,0.000000,0.000000,0.000000,0.000000,0.000000,0.000000
0.000000,0.000000,0.000000,0.000000,0.000000,0.000000,0.000000,0.000000,0.000000,0.000000,0.000000,0.000000,0.000000,0.000000,0.000000,0.000000,0.000000,0.000000,0.000000,0.000000,0.000000,0.000000,0.000000,999.982545,999.983854,999.985033,999.986120,999.987140,999.988077,999.989004,999.989853,999.990617,999.991293,999.991891,999.992446,999.992996,999.993556,999.994113,999.994642,999.995124,999.995555,999.995976,999.996404,999.996811,999.997151,999.997375,999.997515,999.997629,999.997724,999.997781,999.997765,999.997682,999.997573,999.997475,999.997408,999.997340,999.997259,999.997163,999.997067,999.996964,999.996807,999.996574,999.996246,999.995856,999.995439,999.995004,999.994555,999.994060,999.993484,999.992854,999.992189,999.991461,999.990686,999.989869,999.989016,999.988191,999.987522,999.986954,999.986395,999.985513,0.000000,0.000000,0.000000,0.000000,0.000000,0.000000,0.000000,0.000000,0.000000,0.000000,0.000000,0.000000,0.000000,0.000000,0.000000,0.000000,0.000000,0.000000,0.000000,0.000000,0.000000,0.000000,0.000000
0.000000,0.000000,0.000000,0.000000,0.000000,0.000000,0.000000,0.000000,0.000000,0.000000,0.000000,0.000000,0.000000,0.000000,0.000000,0.000000,0.000000,0.000000,0.000000,0.000000,0.000000,999.982442,999.983279,999.984323,999.985384,999.986437,999.987447,999.988436,999.989346,999.990219,999.991035,999.991778,999.992438,999.993047,999.993660,999.994280,999.994895,999.995483,999.996010,999.996479,999.996954,999.997432,999.997872,999.998250,999.998520,999.998699,999.998827,999.998946,999.999083,999.999198,999.999235,999.999183,999.999082,999.998961,999.998840,999.998726,999.998614,999.998504,999.998397,999.998302,999.998176,999.997956,999.997627,999.997237,999.996832,999.996408,999.995964,999.995481,999.994939,999.994347,999.993717,999.993036,999.992288,999.991476,999.990618,999.989763,999.988999,999.988274,999.987624,999.986872,999.985984,999.984731,0.000000,0.000000,0.000000,0.000000,0.000000,0.000000,0.000000,0.000000,0.000000,0.000000,0.000000,0.000000,0.000000,0.000000,0.000000,0.000000,0.000000,0.000000,0.000000,0.000000,0.000000
0.000000,0.000000,0.000000,0.000000,0.000000,0.000000,0.000000,0.000000,0.000000,0.000000,0.000000,0.000000,0.000000,0.000000,0.000000,0.000000,0.000000,0.000000,0.000000,0.000000,999.982495,999.983747,999.984720,999.985738,999.986748,999.987772,999.988768,999.989739,999.990654,999.991487,999.992257,999.992968,999.993620,999.994261,999.994916,999.995574,999.996206,999.996785,999.997307,999.997820,999.998349,999.998864,999.999320,999.999662,999.999888,1000.000038,1000.000150,1000.000264,1000.000387,1000.000507,1000.000602,1000.000630,1000.000573,1000.000458,1000.000319,1000.000181,1000.000037,999.999897,999.999782,999.999670,999.999529,999.999303,999.998973,999.998579,999.998172,999.997790,999.997397,999.996938,999.996425,999.995866,999.995233,999.994534,999.993797,999.992996,999.992132,999.991273,999.990465,999.989713,999.988993,999.988215,999.987283,999.986224,999.985072,0.000000,0.000000,0.000000,0.000000,0.000000,0.000000,0.000000,0.000000,0.000000,0.000000,0.000000,0.000000,0.000000,0.000000,0.000000,0.000000,0.000000,0.000000,0.000000,0.000000
0.000000,0.000000,0.000000,0.000000,0.000000,0.000000,0.000000,0.000000,0.000000,0.000000,0.000000,0.000000,0.000000,0.000000,0.000000,0.000000,0.000000,0.000000,0.000000,999.982640,999.984063,999.985137,999.986127,999.987130,999.988117,999.989104,999.990116,999.991112,999.992022,999.992821,999.993546,999.994228,999.994872,999.995503,999.996141,999.996773,999.997384,999.997952,999.998511,999.999092,999.999663,1000.000201,1000.000636,1000.000934,1000.001137,1000.001277,1000.001398,1000.001517,1000.001630,1000.001756,1000.001893,1000.002001,1000.002016,1000.001935,1000.001805,1000.001661,1000.001523,1000.001376,1000.001221,1000.001063,1000.000875,1000.000619,1000.000284,999.999895,999.999500,999.999135,999.998774,999.998364,999.997876,999.997322,999.996690,999.995963,999.995181,999.994381,999.993532,999.992665,999.991851,999.991098,999.990359,999.989558,999.988582,999.987484,999.986240,999.984810,0.000000,0.000000,0.000000,0.000000,0.000000,0.000000,0.000000,0.000000,0.000000,0.000000,0.000000,0.000000,0.000000,0.000000,0.000000,0.000000,0.000000,0.000000,0.000000
0.000000,0.000000,0.000000,0.000000,0.000000,0.000000,0.000000,0.000000,0.000000,0.000000,0.000000,0.000000,0.000000,0.000000,0.000000,0.000000,0.000000,0.000000,999.983062,999.984380,999.985518,999.986558,999.987588,999.988565,999.989519,999.990499,999.991521,999.992511,999.993396,999.994160,999.994851,999.995513,999.996133,999.996724,999.997318,999.997901,999.998485,999.999094,999.999713,1000.000325,1000.000923,1000.001444,1000.001822,1000.002083,1000.002263,1000.002402,1000.002542,1000.002682,1000.002828,1000.002990,1000.003167,1000.003325,1000.003404,1000.003376,1000.003268,1000.003129,1000.002996,1000.002853,1000.002659,1000.002437,1000.002203,1000.001937,1000.001609,1000.001225,1000.000826,1000.000432,1000.000045,999.999643,999.999180,999.998641,999.998018,999.997297,999.996501,999.995673,999.994829,999.993969,999.993138,999.992369,999.991624,999.990817,999.989857,999.988739,999.987485,999.986092,999.984513,0.000000,0.000000,0.000000,0.000000,0.000000,0.000000,0.000000,0.000000,0.000000,0.000000,0.000000,0.000000,0.000000,0.000000,0.000000,0.000000,0.000000,0.000000
0.000000,0.000000,0.000000,0.000000,0.000000,0.000000,0.000000,0.000000,0.000000,0.000000,0.000000,0.000000,0.000000,0.000000,0.000000,0.000000,0.000000,999.983553,999.984695,999.985818,999.986897,999.987969,999.988988,999.989951,999.990897,999.991871,999.992872,999.993843,999.994705,999.995436,999.996117,999.996785,999.997413,999.997999,999.998562,999.999134,999.999733,1000.000363,1000.000985,1000.001587,1000.002147,1000.002594,1000.002933,1000.003184,1000.003365,1000.003522,1000.003684,1000.003870,1000.004067,1000.004275,1000.004481,1000.004643,1000.004740,1000.004743,1000.004663,1000.004548,1000.004409,1000.004240,1000.004025,1000.003767,1000.003501,1000.003235,1000.002931,1000.002553,1000.002116,1000.001667,1000.001223,1000.000773,1000.000306,999.999797,999.999205,999.998513,999.997753,999.996935,999.996086,999.995236,999.994393,999.993595,999.992835,999.992038,999.991126,999.990051,999.988813,999.987448,999.986017,999.984463,0.000000,0.000000,0.000000,0.000000,0.000000,0.000000,0.000000,0.000000,0.000000,0.000000,0.000000,0.000000,0.000000,0.000000,0.000000,0.000000,0.000000
0.000000,0.000000,0.000000,0.000000,0.000000,0.000000,0.000000,0.000000,0.000000,0.000000,0.000000,0.000000,0.000000,0.000000,0.000000,0.000000,999.983807,999.984944,999.986046,999.987137,999.988215,999.989245,999.990250,999.991217,999.992145,999.993100,999.994096,999.995061,999.995912,999.996647,999.997346,999.998058,999.998739,999.999364,999.999964,1000.000570,1000.001187,1000.001784,1000.002343,1000.002864,1000.003323,1000.003702,1000.004018,1000.004287,1000.004512,1000.004708,1000.004905,1000.005126,1000.005367,1000.005597,1000.005787,1000.005919,1000.005995,1000.006013,1000.005972,1000.005890,1000.005764,1000.005585,1000.005355,1000.005084,1000.004806,1000.004527,1000.004212,1000.003828,1000.003365,1000.002866,1000.002370,1000.001878,1000.001388,1000.000880,1000.000320,999.999682,999.998964,999.998186,999.997357,999.996495,999.995635,999.994815,999.994028,999.993227,999.992364,999.991364,999.990188,999.988860,999.987499,999.986123,999.984632,0.000000,0.000000,0.000000,0.000000,0.000000,0.000000,0.000000,0.000000,0.000000,0.000000,0.000000,0.000000,0.000000,0.000000,0.000000,0.000000
0.000000,0.000000,0.000000,0.000000,0.000000,0.000000,0.000000,0.000000,0.000000,0.000000,0.000000,0.000000,0.000000,0.000000,0.000000,999.983518,999.984999,999.986212,999.987324,999.988411,999.989431,999.990429,999.991432,999.992374,999.993280,999.994237,999.995238,999.996213,999.997095,999.997866,999.998592,999.999339,1000.000060,1000.000736,1000.001402,1000.002047,1000.002660,1000.003218,1000.003694,1000.004113,1000.004499,1000.004845,1000.005154,1000.005445,1000.005711,1000.005946,1000.006175,1000.006411,1000.006661,1000.006881,1000.007031,1000.007125,1000.007186,1000.007226,1000.007226,1000.007172,1000.007070,1000.006913,1000.006693,1000.006425,1000.006125,1000.005809,1000.005461,1000.005056,1000.004600,1000.004097,1000.003575,1000.003064,1000.002554,1000.002023,1000.001460,1000.000853,1000.000173,999.999415,999.998596,999.997732,999.996849,999.995998,999.995186,999.994363,999.993510,999.992582,999.991501,999.990269,999.988973,999.987689,999.986424,999.985242,0.000000,0.000000,0.000000,0.000000,0.000000,0.000000,0.000000,0.000000,0.000000,0.000000,0.000000,0.000000,0.000000,0.000000,0.000000
0.000000,0.000000,0.000000,0.000000,0.000000,0.000000,0.000000,0.000000,0.000000,0.000000,0.000000,0.000000,0.000000,0.000000,999.983287,999.984943,999.986283,999.987481,999.988598,999.989626,999.990602,999.991600,999.992593,999.993523,999.994439,999.995402,999.996408,999.997417,999.998342,999.999135,999.999877,1000.000626,1000.001345,1000.002038,1000.002722,1000.003381,1000.003984,1000.004494,1000.004918,1000.005310,1000.005677,1000.006015,1000.006337,1000.006633,1000.006905,1000.007165,1000.007423,1000.007678,1000.007912,1000.008096,1000.008217,1000.008303,1000.008375,1000.008428,1000.008449,1000.008413,1000.008324,1000.008187,1000.007995,1000.007743,1000.007425,1000.007059,1000.006683,1000.006286,1000.005851,1000.005374,1000.004858,1000.004336,1000.003805,1000.003241,1000.002643,1000.002014,1000.001344,1000.000597,999.999767,999.998900,999.998014,999.997137,999.996291,999.995442,999.994570,999.993665,999.992657,999.991524,999.990327,999.989090,999.987857,999.986717,999.985858,0.000000,0.000000,0.000000,0.000000,0.000000,0.000000,0.000000,0.000000,0.000000,0.000000,0.000000,0.000000,0.000000,0.000000
0.000000,0.000000,0.000000,0.000000,0.000000,0.000000,0.000000,0.000000,0.000000,0.000000,0.000000,0.000000,0.000000,999.983380,999.984957,999.986289,999.987525,999.988714,999.989788,999.990762,999.991728,999.992740,999.993750,999.994715,999.995671,999.996661,999.997689,999.998709,999.999629,1000.000424,1000.001171,1000.001905,1000.002603,1000.003280,1000.003945,1000.004581,1000.005146,1000.005624,1000.006053,1000.006453,1000.006831,1000.007180,1000.007489,1000.007770,1000.008036,1000.008304,1000.008587,1000.008864,1000.009093,1000.009254,1000.009365,1000.009457,1000.009543,1000.009598,1000.009612,1000.009586,1000.009504,1000.009374,1000.009206,1000.008969,1000.008653,1000.008275,1000.007878,1000.007497,1000.007089,1000.006627,1000.006128,1000.005601,1000.005049,1000.004454,1000.003816,1000.003157,1000.002471,1000.001724,1000.000901,1000.000021,999.999135,999.998261,999.997384,999.996496,999.995593,999.994661,999.993662,999.992572,999.991436,999.990255,999.989013,999.987822,999.986762,999.985751,0.000000,0.000000,0.000000,0.000000,0.000000,0.000000,0.000000,0.000000,0.000000,0.000000,0.000000,0.000000,0.000000
0.000000,0.000000,0.000000,0.000000,0.000000,0.000000,0.000000,0.000000,0.000000,0.000000,0.000000,0.000000,999.983484,999.984955,999.986275,999.987461,999.988650,999.989811,999.990853,999.991808,999.992799,999.993849,999.994900,999.995926,999.996953,999.997992,999.999017,999.999994,1000.000880,1000.001664,1000.002397,1000.003117,1000.003806,1000.004468,1000.005105,1000.005684,1000.006202,1000.006697,1000.007160,1000.007584,1000.007985,1000.008334,1000.008624,1000.008882,1000.009132,1000.009395,1000.009682,1000.009960,1000.010191,1000.010362,1000.010479,1000.010565,1000.010638,1000.010684,1000.010686,1000.010651,1000.010570,1000.010443,1000.010283,1000.010072,1000.009779,1000.009420,1000.009032,1000.008638,1000.008237,1000.007790,1000.007296,1000.006776,1000.006225,1000.005613,1000.004950,1000.004276,1000.003574,1000.002817,1000.002009,1000.001141,1000.000251,999.999387,999.998505,999.997573,999.996623,999.995642,999.994603,999.993505,999.992387,999.991244,999.990029,999.988793,999.987657,999.986566,999.985110,0.000000,0.000000,0.000000,0.000000,0.000000,0.000000,0.000000,0.000000,0.000000,0.000000,0.000000,0.000000
0.000000,0.000000,0.000000,0.000000,0.000000,0.000000,0.000000,0.000000,0.000000,0.000000,0.000000,999.983590,999.984832,999.986163,999.987395,999.988551,999.989695,999.990818,999.991843,999.992818,999.993852,999.994940,999.996037,999.997132,999.998220,999.999261,1000.000232,1000.001159,1000.002016,1000.002783,1000.003516,1000.004239,1000.004921,1000.005563,1000.006156,1000.006686,1000.007200,1000.007729,1000.008240,1000.008715,1000.009134,1000.009482,1000.009769,1000.010013,1000.010251,1000.010513,1000.010778,1000.011026,1000.011246,1000.011417,1000.011538,1000.011620,1000.011665,1000.011683,1000.011667,1000.011605,1000.011505,1000.011376,1000.011221,1000.011041,1000.010796,1000.010465,1000.010087,1000.009690,1000.009286,1000.008853,1000.008376,1000.007874,1000.007339,1000.006734,1000.006064,1000.005368,1000.004647,1000.003885,1000.003085,1000.002242,1000.001362,1000.000493,999.999618,999.998669,999.997670,999.996660,999.995599,999.994478,999.993348,999.992226,999.991058,999.989842,999.988644,999.987504,999.986280,999.984658,0.000000,0.000000,0.000000,0.000000,0.000000,0.000000,0.000000,0.000000,0.000000,0.000000,0.000000
0.000000,0.000000,0.000000,0.000000,0.000000,0.000000,0.000000,0.000000,0.000000,0.000000,0.000000,999.984573,999.985945,999.987243,999.988495,999.989631,999.990718,999.991807,999.992833,999.993833,999.994899,999.996019,999.997151,999.998280,999.999369,1000.000361,1000.001277,1000.002161,1000.003002,1000.003797,1000.004559,1000.005283,1000.005953,1000.006565,1000.007124,1000.007650,1000.008189,1000.008746,1000.009286,1000.009778,1000.010210,1000.010572,1000.010862,1000.011119,1000.011380,1000.011637,1000.011864,1000.012068,1000.012250,1000.012400,1000.012520,1000.012593,1000.012612,1000.012603,1000.012562,1000.012476,1000.012357,1000.012220,1000.012077,1000.011919,1000.011710,1000.011414,1000.011045,1000.010667,1000.010279,1000.009864,1000.009421,1000.008941,1000.008419,1000.007833,1000.007179,1000.006469,1000.005721,1000.004946,1000.004148,1000.003307,1000.002432,1000.001555,1000.000661,999.999712,999.998711,999.997700,999.996672,999.995567,999.994408,999.993269,999.992126,999.990940,999.989743,999.988540,999.987319,999.985903,0.000000,0.000000,0.000000,0.000000,0.000000,0.000000,0.000000,0.000000,0.000000,0.000000,0.000000
0.000000,0.000000,0.000000,0.000000,0.000000,0.000000,0.000000,0.000000,0.000000,0.000000,999.984017,999.985702,999.987031,999.988319,999.989562,999.990658,999.991715,999.992788,999.993815,999.994851,999.995964,999.997112,999.998242,999.999349,1000.000393,1000.001339,1000.002208,1000.003058,1000.003923,1000.004766,1000.005550,1000.006277,1000.006935,1000.007533,1000.008092,1000.008636,1000.009193,1000.009751,1000.010268,1000.010730,1000.011158,1000.011539,1000.011859,1000.012153,1000.012433,1000.012674,1000.012873,1000.013033,1000.013169,1000.013307,1000.013421,1000.013483,1000.013495,1000.013461,1000.013399,1000.013321,1000.013216,1000.013094,1000.012953,1000.012787,1000.012585,1000.012310,1000.011969,1000.011607,1000.011242,1000.010859,1000.010437,1000.009978,1000.009474,1000.008905,1000.008264,1000.007564,1000.006808,1000.006012,1000.005199,1000.004343,1000.003453,1000.002566,1000.001649,1000.000678,999.999690,999.998704,999.997712,999.996652,999.995489,999.994319,999.993173,999.991987,999.990789,999.989600,999.988379,999.987139,999.985693,0.000000,0.000000,0.000000,0.000000,0.000000,0.000000,0.000000,0.000000,0.000000,0.000000
0.000000,0.000000,0.000000,0.000000,0.000000,0.000000,0.000000,0.000000,0.000000,999.983172,999.985133,999.986705,999.988055,999.989354,999.990534,999.991603,999.992657,999.993714,999.994769,999.995878,999.997053,999.998211,999.999314,1000.000370,1000.001364,1000.002267,1000.003099,1000.003952,1000.004843,1000.005702,1000.006502,1000.007234,1000.007889,1000.008486,1000.009050,1000.009610,1000.010173,1000.010707,1000.011183,1000.011607,1000.012015,1000.012412,1000.012787,1000.013131,1000.013416,1000.013626,1000.013777,1000.013892,1000.014006,1000.014139,1000.014257,1000.014327,1000.014340,1000.014290,1000.014218,1000.014169,1000.014127,1000.014050,1000.013912,1000.013714,1000.013472,1000.013187,1000.012865,1000.012515,1000.012167,1000.011803,1000.011389,1000.010945,1000.010466,1000.009914,1000.009289,1000.008602,1000.007846,1000.007042,1000.006205,1000.005337,1000.004450,1000.003554,1000.002618,1000.001623,1000.000616,999.999637,999.998662,999.997625,999.996489,999.995319,999.994171,999.992983,999.991759,999.990573,999.989375,999.988176,999.986966,999.985746,0.000000,0.000000,0.000000,0.000000,0.000000,0.000000,0.000000,0.000000,0.000000
0.000000,0.000000,0.000000,0.000000,0.000000,0.000000,0.000000,0.000000,0.000000,999.984419,999.986079,999.987621,999.989037,999.990295,999.991420,999.992483,999.993533,999.994606,999.995712,999.996877,999.998088,999.999244,1000.000311,1000.001321,1000.002271,1000.003137,1000.003974,1000.004849,1000.005747,1000.006623,1000.007426,1000.008141,1000.008785,1000.009372,1000.009945,1000.010529,1000.011100,1000.011617,1000.012058,1000.012451,1000.012842,1000.013257,1000.013684,1000.014062,1000.014330,1000.014472,1000.014533,1000.014584,1000.014662,1000.014760,1000.014876,1000.014969,1000.014980,1000.014942,1000.014895,1000.014889,1000.014944,1000.014961,1000.014865,1000.014658,1000.014377,1000.014057,1000.013715,1000.013370,1000.013024,1000.012656,1000.012249,1000.011809,1000.011347,1000.010827,1000.010231,1000.009568,1000.008827,1000.008015,1000.007153,1000.006272,1000.005402,1000.004523,1000.003575,1000.002573,1000.001553,1000.000539,999.999539,999.998499,999.997389,999.996254,999.995114,999.993913,999.992654,999.991424,999.990223,999.989020,999.987868,999.986785,0.000000,0.000000,0.000000,0.000000,0.000000,0.000000,0.000000,0.000000,0.000000
0.000000,0.000000,0.000000,0.000000,0.000000,0.000000,0.000000,0.000000,999.983656,999.985354,999.986942,999.988500,999.989909,999.991142,999.992250,999.993296,999.994362,999.995472,999.996603,999.997790,999.999005,1000.000142,1000.001174,1000.002150,1000.003077,1000.003950,1000.004822,1000.005731,1000.006658,1000.007536,1000.008311,1000.008995,1000.009609,1000.010188,1000.010786,1000.011399,1000.011972,1000.012471,1000.012891,1000.013256,1000.013625,1000.014030,1000.014435,1000.014754,1000.014907,1000.014901,1000.014840,1000.014799,1000.014783,1000.014798,1000.014847,1000.014907,1000.014945,1000.014950,1000.014972,1000.015068,1000.015234,1000.015404,1000.015472,1000.015383,1000.015177,1000.014883,1000.014535,1000.014188,1000.013833,1000.013448,1000.013030,1000.012592,1000.012145,1000.011666,1000.011115,1000.010494,1000.009792,1000.008981,1000.008092,1000.007182,1000.006304,1000.005434,1000.004497,1000.003504,1000.002490,1000.001440,1000.000370,999.999291,999.998187,999.997083,999.995963,999.994756,999.993458,999.992155,999.990908,999.989707,999.988555,999.987414,999.986010,0.000000,0.000000,0.000000,0.000000,0.000000,0.000000,0.000000,0.000000
0.000000,0.000000,0.000000,0.000000,0.000000,0.000000,0.000000,0.000000,999.984538,999.986116,999.987728,999.989282,999.990677,999.991905,999.993001,999.994047,999.995131,999.996256,999.997410,999.998607,999.999805,1000.000913,1000.001925,1000.002905,1000.003847,1000.004753,1000.005684,1000.006648,1000.007581,1000.008415,1000.009151,1000.009814,1000.010417,1000.011014,1000.011644,1000.012267,1000.012817,1000.013279,1000.013659,1000.013966,1000.014246,1000.014519,1000.014735,1000.014795,1000.014650,1000.014419,1000.014223,1000.014077,1000.013959,1000.013872,1000.013803,1000.013766,1000.013801,1000.013873,1000.014001,1000.014213,1000.014491,1000.014834,1000.015177,1000.015424,1000.015515,1000.015437,1000.015221,1000.014938,1000.014619,1000.014244,1000.013807,1000.013368,1000.012944,1000.012495,1000.011991,1000.011415,1000.010754,1000.009974,1000.009066,1000.008107,1000.007189,1000.006299,1000.005367,1000.004394,1000.003394,1000.002321,1000.001181,1000.000046,999.998932,999.997826,999.996710,999.995524,999.994228,999.992869,999.991550,999.990291,999.989048,999.987817,999.986643,0.000000,0.000000,0.000000,0.000000,0.000000,0.000000,0.000000,0.000000
0.000000,0.000000,0.000000,0.000000,0.000000,0.000000,0.000000,999.983604,999.985242,999.986874,999.988500,999.989989,999.991359,999.992605,999.993714,999.994763,999.995843,999.996978,999.998161,999.999364,1000.000541,1000.001636,1000.002671,1000.003678,1000.004644,1000.005600,1000.006592,1000.007582,1000.008476,1000.009251,1000.009964,1000.010635,1000.011267,1000.011896,1000.012543,1000.013153,1000.013658,1000.014049,1000.014314,1000.014456,1000.014503,1000.014464,1000.014294,1000.013919,1000.013409,1000.012955,1000.012653,1000.012446,1000.012263,1000.012076,1000.011905,1000.011781,1000.011741,1000.011846,1000.012056,1000.012323,1000.012678,1000.013156,1000.013762,1000.014430,1000.014996,1000.015347,1000.015465,1000.015412,1000.015271,1000.015021,1000.014641,1000.014209,1000.013782,1000.013339,1000.012850,1000.012301,1000.011670,1000.010929,1000.010038,1000.009041,1000.008055,1000.007117,1000.006179,1000.005229,1000.004250,1000.003173,1000.002002,1000.000833,999.999699,999.998574,999.997439,999.996265,999.995005,999.993646,999.992251,999.990896,999.989565,999.988195,999.986790,999.985021,0.000000,0.000000,0.000000,0.000000,0.000000,0.000000,0.000000
0.000000,0.000000,0.000000,0.000000,0.000000,0.000000,0.000000,999.984393,999.985939,999.987607,999.989190,999.990639,999.992018,999.993289,999.994419,999.995469,999.996536,999.997689,999.998907,1000.000121,1000.001285,1000.002391,1000.003456,1000.004484,1000.005481,1000.006476,1000.007491,1000.008474,1000.009328,1000.010075,1000.010791,1000.011487,1000.012148,1000.012797,1000.013443,1000.014002,1000.014402,1000.014626,1000.014654,1000.014489,1000.014161,1000.013705,1000.013101,1000.012351,1000.011600,1000.011021,1000.010666,1000.010418,1000.010164,1000.009907,1000.009670,1000.009469,1000.009378,1000.009466,1000.009690,1000.009986,1000.010371,1000.010922,1000.011684,1000.012632,1000.013617,1000.014429,1000.014981,1000.015325,1000.015529,1000.015572,1000.015412,1000.015084,1000.014659,1000.014180,1000.013660,1000.013102,1000.012483,1000.011768,1000.010920,1000.009935,1000.008901,1000.007897,1000.006927,1000.005987,1000.005038,1000.003988,1000.002830,1000.001659,1000.000506,999.999350,999.998195,999.997019,999.995786,999.994459,999.993031,999.991560,999.990091,999.988615,999.987113,999.985800,0.000000,0.000000,0.000000,0.000000,0.000000,0.000000,0.000000
0.000000,0.000000,0.000000,0.000000,0.000000,0.000000,999.983136,999.984998,999.986670,999.988315,999.989826,999.991274,999.992677,999.993962,999.995107,999.996163,999.997236,999.998425,999.999690,1000.000917,1000.002075,1000.003184,1000.004266,1000.005323,1000.006343,1000.007342,1000.008354,1000.009317,1000.010155,1000.010909,1000.011638,1000.012342,1000.013019,1000.013684,1000.014266,1000.014658,1000.014800,1000.014682,1000.014334,1000.013771,1000.013066,1000.012274,1000.011383,1000.010445,1000.009611,1000.009022,1000.008625,1000.008279,1000.007941,1000.007641,1000.007365,1000.007143,1000.007078,1000.007178,1000.007412,1000.007738,1000.008154,1000.008736,1000.009527,1000.010536,1000.011706,1000.012846,1000.013780,1000.014515,1000.015113,1000.015568,1000.015811,1000.015782,1000.015502,1000.015029,1000.014447,1000.013834,1000.013203,1000.012509,1000.011698,1000.010759,1000.009734,1000.008685,1000.007659,1000.006688,1000.005751,1000.004749,1000.003633,1000.002478,1000.001321,1000.000132,999.998946,999.997785,999.996582,999.995264,999.993818,999.992284,999.990718,999.989178,999.987606,999.986055,999.984133,0.000000,0.000000,0.000000,0.000000,0.000000,0.000000
0.000000,0.000000,0.000000,0.000000,0.000000,0.000000,999.983881,999.985714,999.987405,999.988968,999.990456,999.991919,999.993332,999.994631,999.995782,999.996853,999.997978,999.999227,1000.000526,1000.001760,1000.002894,1000.003994,1000.005105,1000.006189,1000.007214,1000.008213,1000.009200,1000.010123,1000.010952,1000.011709,1000.012433,1000.013149,1000.013858,1000.014475,1000.014860,1000.014908,1000.014594,1000.014020,1000.013246,1000.012338,1000.011399,1000.010419,1000.009401,1000.008420,1000.007596,1000.006995,1000.006520,1000.006071,1000.005667,1000.005332,1000.005062,1000.004906,1000.004905,1000.005059,1000.005324,1000.005676,1000.006133,1000.006711,1000.007444,1000.008375,1000.009537,1000.010824,1000.012032,1000.013056,1000.013953,1000.014786,1000.015505,1000.015985,1000.016091,1000.015811,1000.015255,1000.014573,1000.013886,1000.013194,1000.012415,1000.011518,1000.010536,1000.009485,1000.008407,1000.007380,1000.006423,1000.005455,1000.004391,1000.003265,1000.002105,1000.000905,999.999709,999.998548,999.997361,999.996048,999.994583,999.993022,999.991406,999.989785,999.988189,999.986563,999.985076,0.000000,0.000000,0.000000,0.000000,0.000000,0.000000
0.000000,0.000000,0.000000,0.000000,0.000000,999.982934,999.984816,999.986502,999.988094,999.989605,999.991089,999.992569,999.994001,999.995285,999.996434,999.997571,999.998782,1000.000073,1000.001375,1000.002584,1000.003695,1000.004806,1000.005944,1000.007046,1000.008077,1000.009058,1000.009989,1000.010860,1000.011663,1000.012412,1000.013154,1000.013897,1000.014561,1000.014984,1000.015003,1000.014546,1000.013742,1000.012765,1000.011673,1000.010572,1000.009500,1000.008431,1000.007399,1000.006449,1000.005642,1000.004971,1000.004391,1000.003877,1000.003442,1000.003100,1000.002859,1000.002756,1000.002817,1000.003014,1000.003300,1000.003681,1000.004167,1000.004734,1000.005387,1000.006210,1000.007290,1000.008576,1000.009910,1000.011139,1000.012238,1000.013306,1000.014404,1000.015433,1000.016128,1000.016278,1000.015944,1000.015317,1000.014579,1000.013842,1000.013071,1000.012210,1000.011275,1000.010253,1000.009150,1000.008070,1000.007083,1000.006121,1000.005098,1000.004008,1000.002856,1000.001656,1000.000464,999.999293,999.998088,999.996762,999.995286,999.993724,999.992115,999.990455,999.988814,999.987180,999.985576,999.983700,0.000000,0.000000,0.000000,0.000000,0.000000
0.000000,0.000000,0.000000,0.000000,0.000000,999.983999,999.985707,999.987229,999.988717,999.990207,999.991714,999.993219,999.994636,999.995896,999.997081,999.998307,999.999578,1000.000874,1000.002148,1000.003329,1000.004439,1000.005565,1000.006727,1000.007843,1000.008859,1000.009792,1000.010667,1000.011491,1000.012267,1000.013048,1000.013839,1000.014536,1000.014984,1000.015019,1000.014502,1000.013538,1000.012378,1000.011135,1000.009895,1000.008690,1000.007527,1000.006452,1000.005457,1000.004557,1000.003766,1000.003051,1000.002392,1000.001824,1000.001370,1000.001023,1000.000796,1000.000708,1000.000782,1000.000980,1000.001280,1000.001696,1000.002206,1000.002779,1000.003411,1000.004175,1000.005147,1000.006342,1000.007670,1000.008989,1000.010220,1000.011417,1000.012724,1000.014133,1000.015406,1000.016170,1000.016273,1000.015895,1000.015239,1000.014464,1000.013666,1000.012827,1000.011931,1000.010945,1000.009851,1000.008744,1000.007725,1000.006751,1000.005740,1000.004682,1000.003566,1000.002379,1000.001176,999.999989,999.998744,999.997375,999.995898,999.994370,999.992794,999.991135,999.989443,999.987794,999.986138,999.984477,0.000000,0.000000,0.000000,0.000000,0.000000
0.000000,0.000000,0.000000,0.000000,999.983887,999.985123,999.986448,999.987844,999.989287,999.990788,999.992329,999.993826,999.995210,999.996485,999.997730,999.999012,1000.000313,1000.001587,1000.002811,1000.003979,1000.005103,1000.006247,1000.007423,1000.008528,1000.009506,1000.010400,1000.011246,1000.012042,1000.012828,1000.013671,1000.014459,1000.014962,1000.015017,1000.014488,1000.013433,1000.012115,1000.010713,1000.009340,1000.008032,1000.006766,1000.005599,1000.004537,1000.003577,1000.002744,1000.001985,1000.001253,1000.000566,999.999968,999.999490,999.999134,999.998908,999.998832,999.998876,999.999025,999.999313,999.999745,1000.000276,1000.000860,1000.001517,1000.002296,1000.003219,1000.004301,1000.005544,1000.006867,1000.008152,1000.009411,1000.010795,1000.012389,1000.014033,1000.015371,1000.016084,1000.016154,1000.015749,1000.015041,1000.014227,1000.013393,1000.012520,1000.011564,1000.010496,1000.009390,1000.008346,1000.007343,1000.006320,1000.005282,1000.004204,1000.003051,1000.001856,1000.000634,999.999334,999.997915,999.996442,999.994955,999.993412,999.991784,999.990094,999.988415,999.986717,999.984964,999.982838,0.000000,0.000000,0.000000,0.000000
0.000000,0.000000,0.000000,0.000000,999.984360,999.985755,999.987071,999.988440,999.989862,999.991383,999.992928,999.994396,999.995767,999.997075,999.998371,999.999685,1000.000977,1000.002202,1000.003392,1000.004563,1000.005706,1000.006860,1000.008018,1000.009091,1000.010038,1000.010917,1000.011763,1000.012566,1000.013394,1000.014253,1000.014912,1000.015078,1000.014590,1000.013500,1000.012072,1000.010527,1000.009004,1000.007583,1000.006239,1000.004998,1000.003862,1000.002802,1000.001869,1000.001043,1000.000256,999.999494,999.998802,999.998214,999.997748,999.997422,999.997222,999.997148,999.997172,999.997276,999.997507,999.997909,999.998440,999.999026,999.999693,1000.000490,1000.001428,1000.002480,1000.003655,1000.004953,1000.006256,1000.007532,1000.008914,1000.010552,1000.012360,1000.014045,1000.015332,1000.016011,1000.016022,1000.015513,1000.014751,1000.013929,1000.013069,1000.012129,1000.011091,1000.010004,1000.008940,1000.007900,1000.006856,1000.005825,1000.004779,1000.003655,1000.002470,1000.001221,999.999874,999.998429,999.996947,999.995489,999.993994,999.992391,999.990704,999.988981,999.987254,999.985508,999.983621,0.000000,0.000000,0.000000,0.000000
0.000000,0.000000,0.000000,0.000000,999.984808,999.986279,999.987665,999.989024,999.990447,999.991979,999.993518,999.994965,999.996323,999.997649,999.998976,1000.000288,1000.001542,1000.002738,1000.003923,1000.005107,1000.006263,1000.007407,1000.008536,1000.009573,1000.010495,1000.011372,1000.012233,1000.013070,1000.013927,1000.014709,1000.015101,1000.014783,1000.013722,1000.012210,1000.010540,1000.008902,1000.007378,1000.005934,1000.004601,1000.003397,1000.002277,1000.001245,1000.000296,999.999391,999.998527,999.997733,999.997047,999.996500,999.996097,999.995835,999.995697,999.995637,999.995649,999.995736,999.995925,999.996283,999.996790,999.997365,999.998012,999.998799,999.999730,1000.000792,1000.001981,1000.003262,1000.004587,1000.005901,1000.007266,1000.008856,1000.010680,1000.012513,1000.014169,1000.015439,1000.015998,1000.015802,1000.015172,1000.014400,1000.013563,1000.012643,1000.011640,1000.010577,1000.009494,1000.008423,1000.007368,1000.006336,1000.005307,1000.004204,1000.003006,1000.001729,1000.000352,999.998901,999.997437,999.996007,999.994556,999.992976,999.991274,999.989523,999.987761,999.985923,999.983993,0.000000,0.000000,0.000000,0.000000
0.000000,0.000000,0.000000,999.983426,999.985305,999.986790,999.988199,999.989577,999.991020,999.992558,999.994083,999.995508,999.996851,999.998171,999.999485,1000.000764,1000.001998,1000.003200,1000.004399,1000.005605,1000.006779,1000.007912,1000.009002,1000.009998,1000.010910,1000.011802,1000.012678,1000.013547,1000.014376,1000.014959,1000.014929,1000.014043,1000.012501,1000.010697,1000.008928,1000.007329,1000.005826,1000.004373,1000.003026,1000.001793,1000.000683,999.999663,999.998680,999.997730,999.996840,999.996059,999.995427,999.994953,999.994622,999.994409,999.994288,999.994240,999.994254,999.994338,999.994520,999.994850,999.995332,999.995908,999.996544,999.997301,999.998202,999.999230,1000.000420,1000.001723,1000.003069,1000.004457,1000.005874,1000.007410,1000.009149,1000.010997,1000.012867,1000.014573,1000.015666,1000.015886,1000.015464,1000.014765,1000.013977,1000.013112,1000.012154,1000.011121,1000.010027,1000.008924,1000.007861,1000.006831,1000.005801,1000.004706,1000.003490,1000.002176,1000.000777,999.999322,999.997893,999.996515,999.995112,999.993557,999.991814,999.990020,999.988260,999.986407,999.984369,999.982083,0.000000,0.000000,0.000000
0.000000,0.000000,0.000000,999.984086,999.985711,999.987222,999.988677,999.990091,999.991553,999.993088,999.994606,999.996018,999.997326,999.998607,999.999888,1000.001144,1000.002375,1000.003595,1000.004830,1000.006068,1000.007256,1000.008375,1000.009419,1000.010390,1000.011326,1000.012247,1000.013137,1000.013989,1000.014704,1000.014971,1000.014406,1000.012991,1000.011107,1000.009166,1000.007430,1000.005883,1000.004381,1000.002893,1000.001470,1000.000199,999.999075,999.998039,999.997066,999.996139,999.995293,999.994600,999.994068,999.993658,999.993350,999.993131,999.992979,999.992905,999.992930,999.993030,999.993207,999.993508,999.993965,999.994551,999.995226,999.995985,999.996855,999.997843,999.998973,1000.000281,1000.001676,1000.003113,1000.004612,1000.006167,1000.007824,1000.009612,1000.011575,1000.013577,1000.015114,1000.015794,1000.015674,1000.015073,1000.014314,1000.013516,1000.012633,1000.011641,1000.010560,1000.009442,1000.008359,1000.007319,1000.006273,1000.005164,1000.003941,1000.002604,1000.001182,999.999727,999.998315,999.996982,999.995637,999.994103,999.992332,999.990487,999.988714,999.986937,999.984982,999.982902,0.000000,0.000000,0.000000
0.000000,0.000000,0.000000,999.984617,999.986083,999.987601,999.989087,999.990549,999.992048,999.993583,999.995079,999.996459,999.997741,999.998993,1000.000243,1000.001493,1000.002729,1000.003970,1000.005236,1000.006486,1000.007680,1000.008789,1000.009804,1000.010783,1000.011772,1000.012723,1000.013593,1000.014366,1000.014879,1000.014741,1000.013662,1000.011843,1000.009771,1000.007833,1000.006148,1000.004604,1000.003062,1000.001504,1000.000042,999.998759,999.997629,999.996613,999.995666,999.994767,999.993981,999.993370,999.992894,999.992498,999.992165,999.991903,999.991719,999.991623,999.991639,999.991748,999.991916,999.992177,999.992586,999.993157,999.993883,999.994713,999.995601,999.996588,999.997698,999.998960,1000.000374,1000.001848,1000.003371,1000.004972,1000.006615,1000.008350,1000.010327,1000.012491,1000.014389,1000.015537,1000.015810,1000.015395,1000.014645,1000.013850,1000.013034,1000.012107,1000.011065,1000.009971,1000.008889,1000.007814,1000.006717,1000.005582,1000.004363,1000.003016,1000.001583,1000.000134,999.998728,999.997407,999.996083,999.994556,999.992780,999.990930,999.989164,999.987445,999.985616,999.983652,0.000000,0.000000,0.000000
0.000000,0.000000,0.000000,999.984886,999.986410,999.987940,999.989437,999.990951,999.992513,999.994050,999.995485,999.996815,999.998087,999.999342,1000.000605,1000.001860,1000.003095,1000.004350,1000.005615,1000.006849,1000.008038,1000.009152,1000.010188,1000.011212,1000.012244,1000.013194,1000.013999,1000.014637,1000.014875,1000.014292,1000.012783,1000.010727,1000.008609,1000.006707,1000.005032,1000.003443,1000.001836,1000.000250,999.998799,999.997540,999.996443,999.995453,999.994529,999.993649,999.992871,999.992245,999.991749,999.991340,999.990985,999.990686,999.990480,999.990390,999.990394,999.990485,999.990647,999.990877,999.991224,999.991749,999.992481,999.993380,999.994351,999.995385,999.996544,999.997804,999.999165,1000.000628,1000.002151,1000.003756,1000.005413,1000.007138,1000.009113,1000.011326,1000.013462,1000.015081,1000.015830,1000.015706,1000.015023,1000.014179,1000.013356,1000.012482,1000.011505,1000.010469,1000.009412,1000.008308,1000.007154,1000.005974,1000.004735,1000.003393,1000.001969,1000.000534,999.999136,999.997783,999.996419,999.994895,999.993142,999.991329,999.989607,999.987919,999.986173,999.984334,0.000000,0.000000,0.000000
0.000000,0.000000,0.000000,999.984983,999.986635,999.988224,999.989750,999.991316,999.992929,999.994462,999.995839,999.997117,999.998372,999.999661,1000.000979,1000.002253,1000.003491,1000.004729,1000.005957,1000.007169,1000.008352,1000.009494,1000.010594,1000.011667,1000.012701,1000.013617,1000.014349,1000.014800,1000.014681,1000.013662,1000.011833,1000.009681,1000.007610,1000.005744,1000.004033,1000.002374,1000.000732,999.999150,999.997721,999.996497,999.995419,999.994449,999.993552,999.992676,999.991853,999.991165,999.990629,999.990193,999.989813,999.989503,999.989300,999.989209,999.989212,999.989298,999.989464,999.989695,999.990005,999.990475,999.991167,999.992066,999.993103,999.994215,999.995429,999.996753,999.998109,999.999506,1000.001002,1000.002603,1000.004265,1000.005993,1000.007951,1000.010162,1000.012402,1000.014386,1000.015661,1000.015933,1000.015415,1000.014546,1000.013654,1000.012785,1000.011860,1000.010887,1000.009871,1000.008770,1000.007586,1000.006358,1000.005086,1000.003743,1000.002335,1000.000924,999.999529,999.998110,999.996658,999.995127,999.993446,999.991693,999.989999,999.988337,999.986627,999.984890,0.000000,0.000000,0.000000
0.000000,0.000000,999.983200,999.985090,999.986853,999.988479,999.990019,999.991618,999.993278,999.994828,999.996167,999.997392,999.998644,999.999981,1000.001341,1000.002650,1000.003888,1000.005080,1000.006274,1000.007462,1000.008646,1000.009832,1000.010977,1000.012069,1000.013086,1000.013966,1000.014629,1000.014853,1000.014313,1000.012889,1000.010871,1000.008746,1000.006776,1000.004943,1000.003174,1000.001451,999.999769,999.998188,999.996791,999.995566,999.994488,999.993539,999.992652,999.991763,999.990902,999.990176,999.989606,999.989133,999.988722,999.988401,999.988206,999.988119,999.988126,999.988220,999.988399,999.988652,999.988969,999.989413,999.990059,999.990909,999.991935,999.993101,999.994369,999.995738,999.997152,999.998544,999.999999,1000.001593,1000.003263,1000.004996,1000.006909,1000.009073,1000.011360,1000.013539,1000.015236,1000.015983,1000.015734,1000.014919,1000.013966,1000.013055,1000.012149,1000.011208,1000.010231,1000.009164,1000.007981,1000.006727,1000.005434,1000.004090,1000.002705,1000.001307,999.999887,999.998403,999.996876,999.995324,999.993699,999.992013,999.990336,999.988672,999.986989,999.985354,999.983805,0.000000,0.000000
0.000000,0.000000,999.983642,999.985275,999.987045,999.988698,999.990254,999.991879,999.993566,999.995126,999.996464,999.997676,999.998921,1000.000273,1000.001672,1000.003013,1000.004233,1000.005390,1000.006553,1000.007724,1000.008918,1000.010121,1000.011279,1000.012366,1000.013365,1000.014241,1000.014828,1000.014775,1000.013817,1000.012075,1000.009994,1000.007976,1000.006102,1000.004265,1000.002434,1000.000646,999.998924,999.997344,999.995948,999.994728,999.993667,999.992713,999.991806,999.990897,999.990026,999.989291,999.988700,999.988202,999.987768,999.987436,999.987248,999.987181,999.987196,999.987288,999.987466,999.987722,999.988062,999.988517,999.989140,999.989952,999.990940,999.992091,999.993387,999.994787,999.996232,999.997666,999.999137,1000.000746,1000.002438,1000.004169,1000.006036,1000.008128,1000.010421,1000.012702,1000.014633,1000.015786,1000.015895,1000.015222,1000.014264,1000.013313,1000.012397,1000.011462,1000.010499,1000.009463,1000.008304,1000.007038,1000.005739,1000.004425,1000.003073,1000.001670,1000.000205,999.998680,999.997135,999.995572,999.993949,999.992281,999.990620,999.988961,999.987284,999.985675,999.984145,0.000000,0.000000
0.000000,0.000000,999.983835,999.985474,999.987221,999.988882,999.990488,999.992133,999.993796,999.995339,999.996691,999.997921,999.999171,1000.000531,1000.001955,1000.003315,1000.004540,1000.005672,1000.006787,1000.007948,1000.009153,1000.010350,1000.011499,1000.012566,1000.013557,1000.014441,1000.014930,1000.014585,1000.013290,1000.011372,1000.009295,1000.007342,1000.005494,1000.003627,1000.001748,999.999914,999.998165,999.996575,999.995188,999.993998,999.992949,999.991979,999.991035,999.990096,999.989232,999.988505,999.987908,999.987401,999.986968,999.986650,999.986474,999.986413,999.986437,999.986537,999.986700,999.986939,999.987280,999.987742,999.988352,999.989138,999.990116,999.991248,999.992515,999.993909,999.995351,999.996802,999.998330,1000.000006,1000.001751,1000.003480,1000.005323,1000.007389,1000.009646,1000.011963,1000.014025,1000.015445,1000.015881,1000.015395,1000.014489,1000.013539,1000.012611,1000.011671,1000.010711,1000.009697,1000.008543,1000.007264,1000.005976,1000.004696,1000.003367,1000.001957,1000.000473,999.998958,999.997428,999.995863,999.994219,999.992520,999.990866,999.989242,999.987579,999.985928,999.984329,0.000000,0.000000
0.000000,0.000000,999.983900,999.985660,999.987387,999.989073,999.990729,999.992368,999.993967,999.995461,999.996807,999.998065,999.999367,1000.000770,1000.002214,1000.003591,1000.004819,1000.005923,1000.007007,1000.008148,1000.009341,1000.010533,1000.011661,1000.012706,1000.013684,1000.014530,1000.014914,1000.014362,1000.012845,1000.010832,1000.008746,1000.006770,1000.004874,1000.002983,1000.001108,999.999268,999.997505,999.995908,999.994546,999.993379,999.992320,999.991318,999.990332,999.989391,999.988553,999.987838,999.987242,999.986740,999.986326,999.986031,999.985856,999.985784,999.985810,999.985921,999.986093,999.986334,999.986667,999.987107,999.987694,999.988461,999.989431,999.990574,999.991810,999.993131,999.994528,999.995971,999.997548,999.999295,1000.001104,1000.002889,1000.004731,1000.006792,1000.009064,1000.011390,1000.013528,1000.015116,1000.015768,1000.015458,1000.014632,1000.013704,1000.012790,1000.011857,1000.010893,1000.009880,1000.008728,1000.007439,1000.006139,1000.004871,1000.003546,1000.002128,1000.000677,999.999215,999.997723,999.996153,999.994467,999.992750,999.991110,999.989514,999.987844,999.986107,999.984451,0.000000,0.000000
0.000000,0.000000,999.983971,999.985825,999.987578,999.989292,999.990951,999.992553,999.994072,999.995485,999.996821,999.998138,999.999514,1000.000983,1000.002470,1000.003851,1000.005064,1000.006144,1000.007207,1000.008332,1000.009508,1000.010682,1000.011792,1000.012807,1000.013739,1000.014524,1000.014813,1000.014147,1000.012535,1000.010434,1000.008273,1000.006231,1000.004291,1000.002397,1000.000545,999.998745,999.996996,999.995388,999.994023,999.992841,999.991746,999.990694,999.989692,999.988784,999.987986,999.987294,999.986697,999.986195,999.985803,999.985524,999.985346,999.985265,999.985285,999.985401,999.985598,999.985865,999.986212,999.986645,999.987199,999.987951,999.988911,999.990042,999.991263,999.992507,999.993815,999.995248,999.996857,999.998625,1000.000454,1000.002305,1000.004215,1000.006285,1000.008588,1000.010978,1000.013186,1000.014872,1000.015640,1000.015452,1000.014722,1000.013846,1000.012953,1000.012027,1000.011060,1000.010023,1000.008863,1000.007583,1000.006262,1000.004956,1000.003615,1000.002217,1000.000824,999.999431,999.997975,999.996399,999.994699,999.992986,999.991356,999.989757,999.988045,999.986223,999.984486,0.000000,0.000000
0.000000,0.000000,999.984087,999.986015,999.987802,999.989493,999.991117,999.992653,999.994094,999.995465,999.996806,999.998176,999.999630,1000.001173,1000.002694,1000.004069,1000.005263,1000.006329,1000.007381,1000.008506,1000.009677,1000.010822,1000.011902,1000.012882,1000.013755,1000.014465,1000.014683,1000.013975,1000.012310,1000.010121,1000.007873,1000.005781,1000.003833,1000.001943,1000.000122,999.998364,999.996628,999.995014,999.993605,999.992355,999.991207,999.990129,999.989138,999.988265,999.987506,999.986832,999.986227,999.985729,999.985354,999.985088,999.984919,999.984841,999.984860,999.984980,999.985185,999.985477,999.985855,999.986314,999.986871,999.987593,999.988532,999.989636,999.990813,999.992010,999.993273,999.994706,999.996328,999.998057,999.999844,1000.001715,1000.003701,1000.005835,1000.008174,1000.010652,1000.012964,1000.014706,1000.015523,1000.015417,1000.014788,1000.013985,1000.013121,1000.012191,1000.011200,1000.010133,1000.008952,1000.007675,1000.006350,1000.004998,1000.003628,1000.002263,1000.000932,999.999602,999.998166,999.996589,999.994921,999.993224,999.991588,999.989958,999.988187,999.986301,999.984430,0.000000,0.000000
0.000000,0.000000,999.984268,999.986223,999.988004,999.989653,999.991204,999.992662,999.994065,999.995457,999.996833,999.998229,999.999723,1000.001301,1000.002849,1000.004234,1000.005405,1000.006455,1000.007531,1000.008676,1000.009842,1000.010963,1000.011997,1000.012936,1000.013765,1000.014409,1000.014581,1000.013840,1000.012106,1000.009834,1000.007543,1000.005467,1000.003533,1000.001633,999.999821,999.998091,999.996386,999.994750,999.993257,999.991933,999.990751,999.989675,999.988701,999.987840,999.987088,999.986417,999.985827,999.985352,999.984988,999.984731,999.984574,999.984508,999.984536,999.984656,999.984852,999.985145,999.985552,999.986049,999.986638,999.987356,999.988257,999.989320,999.990455,999.991628,999.992901,999.994361,999.995978,999.997646,999.999359,1000.001202,1000.003208,1000.005390,1000.007814,1000.010400,1000.012792,1000.014567,1000.015432,1000.015409,1000.014855,1000.014104,1000.013267,1000.012344,1000.011323,1000.010212,1000.009005,1000.007714,1000.006385,1000.005025,1000.003648,1000.002305,1000.001010,999.999709,999.998303,999.996755,999.995119,999.993445,999.991781,999.990097,999.988287,999.986366,999.984405,0.000000,0.000000
0.000000,0.000000,999.984508,999.986381,999.988127,999.989756,999.991239,999.992637,999.994050,999.995491,999.996908,999.998320,999.999794,1000.001349,1000.002911,1000.004315,1000.005487,1000.006539,1000.007628,1000.008800,1000.009988,1000.011095,1000.012080,1000.012977,1000.013787,1000.014410,1000.014532,1000.013710,1000.011901,1000.009566,1000.007268,1000.005235,1000.003320,1000.001424,999.999605,999.997895,999.996229,999.994574,999.993021,999.991638,999.990437,999.989383,999.988402,999.987507,999.986741,999.986091,999.985542,999.985092,999.984739,999.984482,999.984322,999.984261,999.984299,999.984420,999.984604,999.984888,999.985309,999.985835,999.986456,999.987202,999.988084,999.989107,999.990224,999.991383,999.992662,999.994149,999.995771,999.997410,999.999062,1000.000838,1000.002810,1000.004999,1000.007484,1000.010154,1000.012619,1000.014465,1000.015397,1000.015446,1000.014943,1000.014196,1000.013357,1000.012453,1000.011435,1000.010279,1000.009023,1000.007706,1000.006364,1000.005024,1000.003690,1000.002361,1000.001057,999.999756,999.998375,999.996885,999.995296,999.993633,999.991936,999.990193,999.988361,999.986448,999.984471,0.000000,0.000000
0.000000,0.000000,999.984748,999.986462,999.988169,999.989792,999.991259,999.992640,999.994078,999.995575,999.997023,999.998410,999.999825,1000.001343,1000.002894,1000.004300,1000.005498,1000.006576,1000.007665,1000.008851,1000.010073,1000.011192,1000.012159,1000.013029,1000.013838,1000.014462,1000.014517,1000.013602,1000.011710,1000.009332,1000.007058,1000.005040,1000.003122,1000.001251,999.999461,999.997763,999.996124,999.994509,999.992954,999.991544,999.990327,999.989251,999.988235,999.987304,999.986526,999.985903,999.985386,999.984953,999.984604,999.984335,999.984164,999.984104,999.984147,999.984271,999.984457,999.984741,999.985165,999.985706,999.986354,999.987122,999.988012,999.989026,999.990118,999.991260,999.992523,999.993993,999.995637,999.997308,999.998958,1000.000667,1000.002548,1000.004716,1000.007210,1000.009894,1000.012419,1000.014366,1000.015416,1000.015537,1000.015033,1000.014255,1000.013399,1000.012507,1000.011506,1000.010331,1000.009016,1000.007649,1000.006299,1000.005003,1000.003730,1000.002410,1000.001070,999.999751,999.998385,999.996945,999.995414,999.993770,999.992065,999.990296,999.988442,999.986555,999.984595,0.000000,0.000000
0.000000,999.983554,999.984992,999.986495,999.988152,999.989775,999.991263,999.992671,999.994141,999.995667,999.997119,999.998472,999.999832,1000.001300,1000.002817,1000.004221,1000.005440,1000.006543,1000.007652,1000.008845,1000.010079,1000.011230,1000.012219,1000.013085,1000.013901,1000.014520,1000.014517,1000.013522,1000.011586,1000.009211,1000.006931,1000.004899,1000.002982,1000.001118,999.999358,999.997690,999.996095,999.994554,999.993051,999.991656,999.990406,999.989260,999.988202,999.987254,999.986465,999.985842,999.985331,999.984903,999.984553,999.984279,999.984106,999.984046,999.984092,999.984219,999.984413,999.984710,999.985143,999.985698,999.986357,999.987129,999.988031,999.989048,999.990126,999.991232,999.992456,999.993904,999.995560,999.997292,999.998982,1000.000663,1000.002484,1000.004596,1000.007036,1000.009674,1000.012218,1000.014271,1000.015452,1000.015630,1000.015091,1000.014269,1000.013402,1000.012517,1000.011526,1000.010338,1000.008974,1000.007567,1000.006217,1000.004962,1000.003737,1000.002432,1000.001062,999.999694,999.998334,999.996941,999.995464,999.993871,999.992175,999.990396,999.988527,999.986662,999.984854,999.982696,0.000000
0.000000,0.000000,999.985031,999.986521,999.988119,999.989717,999.991241,999.992704,999.994206,999.995723,999.997154,999.998499,999.999844,1000.001253,1000.002703,1000.004083,1000.005323,1000.006469,1000.007609,1000.008802,1000.010035,1000.011202,1000.012213,1000.013113,1000.013939,1000.014535,1000.014520,1000.013502,1000.011565,1000.009234,1000.006940,1000.004848,1000.002921,1000.001086,999.999335,999.997674,999.996125,999.994673,999.993262,999.991891,999.990595,999.989396,999.988307,999.987341,999.986531,999.985881,999.985356,999.984929,999.984588,999.984325,999.984158,999.984100,999.984139,999.984260,999.984460,999.984777,999.985236,999.985808,999.986466,999.987230,999.988125,999.989144,999.990219,999.991300,999.992485,999.993917,999.995579,999.997342,999.999069,1000.000768,1000.002614,1000.004695,1000.007018,1000.009541,1000.012070,1000.014224,1000.015474,1000.015649,1000.015096,1000.014248,1000.013369,1000.012488,1000.011493,1000.010283,1000.008896,1000.007474,1000.006129,1000.004895,1000.003695,1000.002404,1000.001018,999.999622,999.998260,999.996905,999.995487,999.993935,999.992256,999.990484,999.988612,999.986702,999.984900,0.000000,0.000000
0.000000,0.000000,999.984996,999.986554,999.988057,999.989623,999.991200,999.992725,999.994231,999.995731,999.997164,999.998517,999.999843,1000.001192,1000.002565,1000.003902,1000.005170,1000.006384,1000.007566,1000.008764,1000.009968,1000.011105,1000.012137,1000.013084,1000.013926,1000.014522,1000.014523,1000.013538,1000.011652,1000.009354,1000.007050,1000.004912,1000.002966,1000.001167,999.999434,999.997767,999.996231,999.994826,999.993491,999.992166,999.990858,999.989630,999.988531,999.987558,999.986716,999.986031,999.985495,999.985073,999.984744,999.984495,999.984335,999.984271,999.984293,999.984399,999.984607,999.984947,999.985432,999.986015,999.986666,999.987412,999.988296,999.989318,999.990390,999.991459,999.992624,999.994046,999.995708,999.997463,999.999209,1000.000964,1000.002865,1000.004948,1000.007166,1000.009550,1000.012030,1000.014215,1000.015488,1000.015628,1000.015042,1000.014191,1000.013304,1000.012409,1000.011396,1000.010179,1000.008792,1000.007366,1000.006031,1000.004807,1000.003608,1000.002323,1000.000947,999.999561,999.998198,999.996860,999.995477,999.993946,999.992275,999.990514,999.988667,999.986793,999.984961,0.000000,0.000000
0.000000,0.000000,999.984920,999.986471,999.987949,999.989504,999.991119,999.992699,999.994215,999.995706,999.997157,999.998533,999.999839,1000.001105,1000.002393,1000.003712,1000.005023,1000.006299,1000.007531,1000.008736,1000.009889,1000.010972,1000.012015,1000.013001,1000.013878,1000.014518,1000.014547,1000.013600,1000.011784,1000.009539,1000.007244,1000.005085,1000.003132,1000.001361,999.999658,999.998000,999.996451,999.995026,999.993707,999.992441,999.991172,999.989953,999.988857,999.987882,999.987023,999.986320,999.985780,999.985362,999.985037,999.984797,999.984643,999.984568,999.984565,999.984656,999.984869,999.985226,999.985719,999.986295,999.986931,999.987667,999.988560,999.989589,999.990653,999.991714,999.992885,999.994299,999.995945,999.997688,999.999435,1000.001228,1000.003175,1000.005283,1000.007445,1000.009708,1000.012119,1000.014275,1000.015505,1000.015592,1000.014967,1000.014105,1000.013198,1000.012264,1000.011230,1000.010027,1000.008665,1000.007257,1000.005931,1000.004703,1000.003501,1000.002231,1000.000875,999.999499,999.998134,999.996782,999.995393,999.993862,999.992203,999.990490,999.988711,999.986871,999.984977,0.000000,0.000000
0.000000,0.000000,999.984769,999.986322,999.987808,999.989361,999.990981,999.992580,999.994133,999.995646,999.997113,999.998510,999.999805,1000.001017,1000.002240,1000.003541,1000.004889,1000.006215,1000.007478,1000.008681,1000.009806,1000.010845,1000.011868,1000.012890,1000.013830,1000.014528,1000.014611,1000.013694,1000.011915,1000.009771,1000.007551,1000.005381,1000.003418,1000.001668,999.999988,999.998340,999.996779,999.995327,999.993984,999.992731,999.991523,999.990355,999.989272,999.988291,999.987434,999.986732,999.986185,999.985767,999.985448,999.985213,999.985060,999.984974,999.984951,999.985030,999.985246,999.985609,999.986090,999.986648,999.987279,999.988028,999.988931,999.989954,999.991015,999.992093,999.993270,999.994671,999.996306,999.998038,999.999757,1000.001535,1000.003523,1000.005682,1000.007838,1000.010026,1000.012346,1000.014416,1000.015538,1000.015543,1000.014876,1000.013983,1000.013036,1000.012050,1000.011001,1000.009827,1000.008514,1000.007147,1000.005841,1000.004616,1000.003400,1000.002125,1000.000790,999.999423,999.998032,999.996640,999.995210,999.993677,999.992067,999.990419,999.988719,999.986945,999.985031,0.000000,0.000000
0.000000,0.000000,999.984462,999.986143,999.987670,999.989207,999.990801,999.992384,999.993953,999.995507,999.997003,999.998407,999.999695,1000.000910,1000.002133,1000.003416,1000.004761,1000.006099,1000.007372,1000.008581,1000.009701,1000.010723,1000.011727,1000.012764,1000.013755,1000.014528,1000.014703,1000.013854,1000.012123,1000.010056,1000.007931,1000.005819,1000.003848,1000.002061,1000.000389,999.998770,999.997207,999.995738,999.994371,999.993107,999.991931,999.990815,999.989759,999.988779,999.987923,999.987221,999.986658,999.986229,999.985921,999.985699,999.985543,999.985446,999.985419,999.985506,999.985737,999.986100,999.986568,999.987124,999.987770,999.988534,999.989426,999.990417,999.991481,999.992594,999.993799,999.995191,999.996782,999.998483,1000.000179,1000.001939,1000.003956,1000.006159,1000.008344,1000.010519,1000.012735,1000.014625,1000.015578,1000.015472,1000.014745,1000.013817,1000.012831,1000.011807,1000.010746,1000.009599,1000.008344,1000.007042,1000.005771,1000.004544,1000.003286,1000.001983,1000.000675,999.999314,999.997880,999.996428,999.994954,999.993446,999.991896,999.990299,999.988664,999.986962,999.985179,0.000000,0.000000
0.000000,0.000000,999.984077,999.985914,999.987534,999.989063,999.990603,999.992142,999.993700,999.995284,999.996802,999.998195,999.999500,1000.000763,1000.002009,1000.003292,1000.004629,1000.005952,1000.007209,1000.008406,1000.009533,1000.010580,1000.011586,1000.012606,1000.013613,1000.014462,1000.014777,1000.014090,1000.012470,1000.010461,1000.008400,1000.006352,1000.004390,1000.002571,1000.000865,999.999245,999.997697,999.996229,999.994859,999.993590,999.992421,999.991334,999.990305,999.989342,999.988482,999.987759,999.987176,999.986735,999.986430,999.986218,999.986063,999.985966,999.985959,999.986081,999.986339,999.986708,999.987183,999.987758,999.988424,999.989185,999.990039,999.990990,999.992058,999.993230,999.994484,999.995850,999.997381,999.999055,1000.000748,1000.002516,1000.004546,1000.006775,1000.008977,1000.011145,1000.013263,1000.014914,1000.015603,1000.015340,1000.014572,1000.013632,1000.012623,1000.011583,1000.010505,1000.009369,1000.008170,1000.006934,1000.005698,1000.004437,1000.003121,1000.001803,1000.000508,999.999157,999.997696,999.996179,999.994676,999.993194,999.991688,999.990142,999.988548,999.986895,999.985301,0.000000,0.000000
0.000000,0.000000,999.983742,999.985648,999.987352,999.988924,999.990417,999.991885,999.993408,999.994997,999.996539,999.997942,999.999253,1000.000548,1000.001829,1000.003116,1000.004458,1000.005790,1000.007010,1000.008158,1000.009291,1000.010379,1000.011409,1000.012411,1000.013399,1000.014291,1000.014764,1000.014341,1000.012951,1000.011047,1000.009009,1000.006976,1000.005025,1000.003193,1000.001442,999.999763,999.998204,999.996766,999.995421,999.994159,999.993007,999.991947,999.990934,999.989989,999.989143,999.988402,999.987789,999.987335,999.987024,999.986804,999.986654,999.986580,999.986607,999.986769,999.987056,999.987441,999.987933,999.988526,999.989196,999.989922,999.990720,999.991651,999.992750,999.993984,999.995280,999.996628,999.998122,999.999776,1000.001492,1000.003292,1000.005323,1000.007520,1000.009696,1000.011849,1000.013847,1000.015215,1000.015590,1000.015163,1000.014373,1000.013435,1000.012422,1000.011374,1000.010285,1000.009152,1000.007979,1000.006787,1000.005571,1000.004270,1000.002902,1000.001569,1000.000289,999.998954,999.997472,999.995916,999.994401,999.992933,999.991455,999.989924,999.988352,999.986771,999.985219,0.000000,0.000000
0.000000,0.000000,999.983466,999.985354,999.987113,999.988740,999.990235,999.991651,999.993112,999.994678,999.996251,999.997693,999.999005,1000.000292,1000.001590,1000.002895,1000.004249,1000.005588,1000.006789,1000.007893,1000.009005,1000.010114,1000.011182,1000.012189,1000.013146,1000.014036,1000.014630,1000.014516,1000.013481,1000.011770,1000.009783,1000.007743,1000.005759,1000.003886,1000.002103,1000.000378,999.998780,999.997354,999.996041,999.994813,999.993688,999.992669,999.991702,999.990780,999.989948,999.989207,999.988565,999.988073,999.987733,999.987505,999.987365,999.987318,999.987388,999.987585,999.987892,999.988294,999.988799,999.989394,999.990029,999.990687,999.991453,999.992399,999.993534,999.994829,999.996168,999.997509,999.998972,1000.000618,1000.002368,1000.004203,1000.006214,1000.008340,1000.010470,1000.012589,1000.014419,1000.015452,1000.015521,1000.014961,1000.014149,1000.013217,1000.012202,1000.011143,1000.010054,1000.008914,1000.007739,1000.006573,1000.005363,1000.004041,1000.002643,1000.001291,1000.000025,999.998685,999.997174,999.995615,999.994118,999.992661,999.991174,999.989629,999.988086,999.986592,999.984947,0.000000,0.000000
0.000000,0.000000,999.983094,999.985035,999.986832,999.988487,999.990005,999.991425,999.992843,999.994377,999.995966,999.997432,999.998751,1000.000037,1000.001330,1000.002638,1000.004000,1000.005335,1000.006528,1000.007623,1000.008724,1000.009838,1000.010910,1000.011921,1000.012872,1000.013750,1000.014414,1000.014556,1000.013920,1000.012542,1000.010689,1000.008642,1000.006614,1000.004683,1000.002840,1000.001094,999.999491,999.998055,999.996736,999.995525,999.994438,999.993458,999.992554,999.991695,999.990888,999.990147,999.989485,999.988947,999.988563,999.988318,999.988185,999.988163,999.988275,999.988506,999.988835,999.989256,999.989762,999.990327,999.990903,999.991526,999.992293,999.993261,999.994447,999.995792,999.997150,999.998479,999.999911,1000.001544,1000.003306,1000.005150,1000.007150,1000.009241,1000.011329,1000.013351,1000.014929,1000.015592,1000.015377,1000.014703,1000.013873,1000.012954,1000.011937,1000.010874,1000.009781,1000.008625,1000.007445,1000.006279,1000.005077,1000.003765,1000.002352,1000.000974,999.999681,999.998311,999.996787,999.995242,999.993776,999.992340,999.990844,999.989288,999.987769,999.986329,999.984741,0.000000,0.000000
0.000000,0.000000,0.000000,999.984713,999.986474,999.988135,999.989697,999.991161,999.992601,999.994119,999.995693,999.997163,999.998475,999.999752,1000.001055,1000.002365,1000.003697,1000.005003,1000.006203,1000.007339,1000.008466,1000.009570,1000.010620,1000.011615,1000.012567,1000.013444,1000.014145,1000.014484,1000.014238,1000.013259,1000.011635,1000.009666,1000.007630,1000.005631,1000.003701,1000.001915,1000.000320,999.998878,999.997521,999.996279,999.995211,999.994262,999.993392,999.992606,999.991861,999.991147,999.990490,999.989932,999.989525,999.989256,999.989116,999.989114,999.989245,999.989508,999.989871,999.990304,999.990798,999.991325,999.991883,999.992520,999.993304,999.994305,999.995527,999.996873,999.998220,999.999538,1000.000939,1000.002542,1000.004295,1000.006161,1000.008166,1000.010233,1000.012283,1000.014122,1000.015312,1000.015568,1000.015109,1000.014353,1000.013523,1000.012621,1000.011621,1000.010564,1000.009458,1000.008285,1000.007089,1000.005918,1000.004727,1000.003421,1000.002003,1000.000594,999.999239,999.997837,999.996322,999.994790,999.993352,999.991959,999.990496,999.988953,999.987388,999.985798,0.000000,0.000000,0.000000
0.000000,0.000000,0.000000,999.984430,999.986073,999.987688,999.989286,999.990823,999.992340,999.993882,999.995427,999.996876,999.998181,999.999443,1000.000742,1000.002052,1000.003347,1000.004604,1000.005814,1000.007014,1000.008193,1000.009300,1000.010328,1000.011302,1000.012247,1000.013127,1000.013858,1000.014360,1000.014449,1000.013855,1000.012542,1000.010743,1000.008742,1000.006710,1000.004710,1000.002855,1000.001237,999.999783,999.998403,999.997134,999.996038,999.995087,999.994239,999.993491,999.992810,999.992159,999.991547,999.991018,999.990616,999.990347,999.990203,999.990197,999.990339,999.990620,999.990998,999.991438,999.991922,999.992441,999.993015,999.993673,999.994487,999.995510,999.996712,999.998021,999.999353,1000.000676,1000.002090,1000.003680,1000.005422,1000.007298,1000.009301,1000.011352,1000.013282,1000.014784,1000.015499,1000.015364,1000.014714,1000.013921,1000.013108,1000.012229,1000.011249,1000.010187,1000.009066,1000.007890,1000.006683,1000.005496,1000.004292,1000.002989,1000.001587,1000.000154,999.998742,999.997312,999.995804,999.994302,999.992899,999.991536,999.990109,999.988601,999.987010,999.985298,0.000000,0.000000,0.000000
0.000000,0.000000,0.000000,999.984053,999.985581,999.987199,999.988805,999.990408,999.992010,999.993590,999.995134,999.996567,999.997857,999.999114,1000.000396,1000.001680,1000.002948,1000.004175,1000.005386,1000.006628,1000.007860,1000.008995,1000.010014,1000.010975,1000.011923,1000.012812,1000.013584,1000.014207,1000.014555,1000.014332,1000.013343,1000.011753,1000.009847,1000.007826,1000.005817,1000.003946,1000.002295,1000.000804,999.999408,999.998152,999.997036,999.996033,999.995170,999.994445,999.993810,999.993216,999.992671,999.992207,999.991845,999.991604,999.991470,999.991452,999.991595,999.991871,999.992237,999.992675,999.993153,999.993674,999.994257,999.994933,999.995759,999.996760,999.997921,999.999198,1000.000535,1000.001918,1000.003396,1000.004999,1000.006712,1000.008553,1000.010545,1000.012523,1000.014177,1000.015214,1000.015446,1000.015002,1000.014254,1000.013463,1000.012652,1000.011767,1000.010781,1000.009710,1000.008598,1000.007441,1000.006233,1000.005013,1000.003782,1000.002488,1000.001112,999.999693,999.998254,999.996773,999.995268,999.993814,999.992440,999.991088,999.989693,999.988229,999.986673,999.984860,0.000000,0.000000,0.000000
0.000000,0.000000,0.000000,999.983415,999.985058,999.986705,999.988310,999.989940,999.991593,999.993220,999.994778,999.996217,999.997517,999.998751,1000.000002,1000.001262,1000.002507,1000.003720,1000.004934,1000.006197,1000.007462,1000.008619,1000.009639,1000.010600,1000.011568,1000.012489,1000.013303,1000.014023,1000.014581,1000.014695,1000.014057,1000.012716,1000.010949,1000.008986,1000.007037,1000.005220,1000.003559,1000.002032,1000.000618,999.999360,999.998248,999.997207,999.996287,999.995559,999.994951,999.994404,999.993932,999.993539,999.993224,999.993001,999.992874,999.992866,999.992997,999.993254,999.993598,999.994005,999.994472,999.994995,999.995578,999.996258,999.997072,999.998047,999.999181,1000.000438,1000.001800,1000.003271,1000.004817,1000.006407,1000.008069,1000.009877,1000.011800,1000.013562,1000.014816,1000.015346,1000.015159,1000.014532,1000.013773,1000.012984,1000.012138,1000.011211,1000.010198,1000.009140,1000.008069,1000.006941,1000.005740,1000.004497,1000.003234,1000.001941,1000.000612,999.999244,999.997780,999.996237,999.994720,999.993300,999.991971,999.990643,999.989248,999.987789,999.986316,999.984520,0.000000,0.000000,0.000000
0.000000,0.000000,0.000000,999.982539,999.984501,999.986188,999.987789,999.989422,999.991096,999.992775,999.994372,999.995827,999.997153,999.998381,999.999584,1000.000814,1000.002046,1000.003249,1000.004462,1000.005736,1000.007003,1000.008163,1000.009193,1000.010156,1000.011143,1000.012123,1000.012993,1000.013789,1000.014505,1000.014914,1000.014695,1000.013697,1000.012122,1000.010268,1000.008392,1000.006646,1000.005006,1000.003454,1000.002032,1000.000774,999.999657,999.998603,999.997652,999.996889,999.996275,999.995759,999.995335,999.994984,999.994686,999.994454,999.994324,999.994330,999.994473,999.994724,999.995041,999.995415,999.995868,999.996387,999.996971,999.997662,999.998485,999.999462,1000.000583,1000.001825,1000.003216,1000.004721,1000.006250,1000.007798,1000.009430,1000.011182,1000.012929,1000.014355,1000.015125,1000.015167,1000.014704,1000.014019,1000.013261,1000.012447,1000.011553,1000.010576,1000.009548,1000.008523,1000.007502,1000.006412,1000.005214,1000.003957,1000.002687,1000.001403,1000.000120,999.998777,999.997276,999.995679,999.994135,999.992754,999.991484,999.990167,999.988745,999.987296,999.985915,999.984306,0.000000,0.000000,0.000000
0.000000,0.000000,0.000000,0.000000,999.983898,999.985632,999.987237,999.988836,999.990507,999.992216,999.993884,999.995401,999.996747,999.997988,999.999177,1000.000375,1000.001589,1000.002780,1000.003979,1000.005233,1000.006483,1000.007636,1000.008671,1000.009654,1000.010664,1000.011681,1000.012610,1000.013464,1000.014291,1000.014935,1000.015114,1000.014576,1000.013332,1000.011662,1000.009859,1000.008144,1000.006545,1000.005007,1000.003580,1000.002325,1000.001207,1000.000157,999.999198,999.998408,999.997767,999.997232,999.996802,999.996458,999.996157,999.995908,999.995775,999.995801,999.995974,999.996235,999.996535,999.996899,999.997334,999.997837,999.998447,999.999175,1000.000031,1000.001037,1000.002167,1000.003417,1000.004800,1000.006241,1000.007694,1000.009198,1000.010785,1000.012397,1000.013850,1000.014823,1000.015089,1000.014774,1000.014168,1000.013458,1000.012693,1000.011851,1000.010916,1000.009912,1000.008901,1000.007918,1000.006930,1000.005855,1000.004657,1000.003417,1000.002178,1000.000907,999.999608,999.998228,999.996693,999.995064,999.993520,999.992185,999.990957,999.989656,999.988213,999.986731,999.985199,0.000000,0.000000,0.000000,0.000000
0.000000,0.000000,0.000000,0.000000,999.983557,999.985114,999.986669,999.988225,999.989836,999.991548,999.993264,999.994859,999.996273,999.997544,999.998750,999.999947,1000.001139,1000.002319,1000.003496,1000.004696,1000.005906,1000.007050,1000.008101,1000.009120,1000.010152,1000.011176,1000.012138,1000.013033,1000.013921,1000.014723,1000.015206,1000.015152,1000.014407,1000.013061,1000.011417,1000.009726,1000.008131,1000.006644,1000.005247,1000.003971,1000.002837,1000.001808,1000.000858,1000.000058,999.999399,999.998817,999.998343,999.997983,999.997683,999.997445,999.997323,999.997362,999.997539,999.997781,999.998067,999.998428,999.998863,999.999384,1000.000035,1000.000806,1000.001706,1000.002742,1000.003893,1000.005144,1000.006446,1000.007789,1000.009196,1000.010668,1000.012144,1000.013492,1000.014515,1000.014965,1000.014814,1000.014282,1000.013596,1000.012867,1000.012090,1000.011223,1000.010274,1000.009289,1000.008313,1000.007350,1000.006358,1000.005271,1000.004083,1000.002879,1000.001674,1000.000400,999.999034,999.997574,999.996005,999.994402,999.992923,999.991624,999.990410,999.989107,999.987636,999.986141,999.984434,0.000000,0.000000,0.000000,0.000000
0.000000,0.000000,0.000000,0.000000,999.983086,999.984605,999.986146,999.987663,999.989177,999.990829,999.992553,999.994198,999.995694,999.997033,999.998263,999.999484,1000.000692,1000.001850,1000.003005,1000.004162,1000.005301,1000.006423,1000.007516,1000.008576,1000.009622,1000.010644,1000.011606,1000.012515,1000.013416,1000.014294,1000.014983,1000.015310,1000.015130,1000.014302,1000.012960,1000.011402,1000.009830,1000.008359,1000.007005,1000.005737,1000.004581,1000.003549,1000.002626,1000.001828,1000.001152,1000.000546,1000.000022,999.999631,999.999356,999.999178,999.999101,999.999124,999.999238,999.999420,999.999674,1000.000028,1000.000497,1000.001085,1000.001788,1000.002607,1000.003538,1000.004571,1000.005708,1000.006889,1000.008085,1000.009370,1000.010760,1000.012170,1000.013436,1000.014392,1000.014890,1000.014864,1000.014423,1000.013753,1000.013020,1000.012276,1000.011479,1000.010608,1000.009677,1000.008726,1000.007776,1000.006804,1000.005779,1000.004669,1000.003491,1000.002315,1000.001120,999.999823,999.998389,999.996853,999.995286,999.993775,999.992380,999.991099,999.989853,999.988497,999.987047,999.985540,999.983824,0.000000,0.000000,0.000000,0.000000
0.000000,0.000000,0.000000,0.000000,0.000000,999.984002,999.985634,999.987111,999.988581,999.990150,999.991836,999.993501,999.995042,999.996447,999.997719,999.998947,1000.000184,1000.001360,1000.002482,1000.003591,1000.004683,1000.005783,1000.006900,1000.008003,1000.009072,1000.010090,1000.011040,1000.011943,1000.012832,1000.013707,1000.014491,1000.015076,1000.015345,1000.015125,1000.014298,1000.013029,1000.011605,1000.010196,1000.008866,1000.007607,1000.006439,1000.005405,1000.004491,1000.003691,1000.002995,1000.002385,1000.001847,1000.001430,1000.001191,1000.001086,1000.001075,1000.001110,1000.001165,1000.001278,1000.001485,1000.001814,1000.002301,1000.002942,1000.003711,1000.004571,1000.005486,1000.006488,1000.007568,1000.008666,1000.009800,1000.011027,1000.012332,1000.013553,1000.014466,1000.014929,1000.014937,1000.014571,1000.013936,1000.013192,1000.012435,1000.011665,1000.010861,1000.010000,1000.009086,1000.008164,1000.007221,1000.006225,1000.005174,1000.004046,1000.002877,1000.001705,1000.000492,999.999174,999.997703,999.996145,999.994627,999.993206,999.991866,999.990567,999.989255,999.987850,999.986376,999.984577,0.000000,0.000000,0.000000,0.000000,0.000000
0.000000,0.000000,0.000000,0.000000,0.000000,999.983037,999.984994,999.986508,999.987987,999.989526,999.991153,999.992800,999.994371,999.995800,999.997104,999.998344,999.999586,1000.000800,1000.001915,1000.002964,1000.004014,1000.005099,1000.006229,1000.007365,1000.008460,1000.009490,1000.010447,1000.011342,1000.012212,1000.013054,1000.013839,1000.014550,1000.015107,1000.015355,1000.015135,1000.014383,1000.013281,1000.012076,1000.010845,1000.009600,1000.008405,1000.007363,1000.006451,1000.005635,1000.004948,1000.004359,1000.003845,1000.003424,1000.003164,1000.003091,1000.003132,1000.003232,1000.003326,1000.003408,1000.003562,1000.003842,1000.004290,1000.004931,1000.005705,1000.006532,1000.007415,1000.008391,1000.009435,1000.010499,1000.011576,1000.012681,1000.013747,1000.014592,1000.015013,1000.014995,1000.014658,1000.014069,1000.013332,1000.012565,1000.011791,1000.011002,1000.010191,1000.009335,1000.008438,1000.007524,1000.006576,1000.005577,1000.004515,1000.003400,1000.002240,1000.001033,999.999790,999.998457,999.996997,999.995472,999.993989,999.992619,999.991296,999.989953,999.988550,999.987108,999.985607,999.983844,0.000000,0.000000,0.000000,0.000000,0.000000
0.000000,0.000000,0.000000,0.000000,0.000000,0.000000,999.984033,999.985705,999.987283,999.988859,999.990470,999.992094,999.993674,999.995121,999.996434,999.997694,999.998950,1000.000181,1000.001314,1000.002331,1000.003322,1000.004380,1000.005509,1000.006656,1000.007771,1000.008833,1000.009820,1000.010724,1000.011581,1000.012405,1000.013168,1000.013888,1000.014577,1000.015104,1000.015324,1000.015157,1000.014591,1000.013776,1000.012813,1000.011700,1000.010540,1000.009484,1000.008572,1000.007755,1000.007063,1000.006519,1000.006063,1000.005653,1000.005319,1000.005177,1000.005234,1000.005388,1000.005555,1000.005681,1000.005807,1000.006032,1000.006434,1000.007021,1000.007702,1000.008436,1000.009285,1000.010240,1000.011262,1000.012271,1000.013207,1000.014043,1000.014697,1000.015038,1000.014990,1000.014646,1000.014094,1000.013384,1000.012619,1000.011852,1000.011070,1000.010269,1000.009448,1000.008601,1000.007718,1000.006795,1000.005847,1000.004858,1000.003814,1000.002722,1000.001549,1000.000304,999.999015,999.997674,999.996261,999.994772,999.993318,999.991958,999.990613,999.989230,999.987772,999.986266,999.984512,0.000000,0.000000,0.000000,0.000000,0.000000,0.000000
0.000000,0.000000,0.000000,0.000000,0.000000,0.000000,999.982865,999.984805,999.986438,999.988077,999.989721,999.991354,999.992922,999.994392,999.995727,999.996987,999.998267,999.999534,1000.000691,1000.001712,1000.002676,1000.003690,1000.004791,1000.005922,1000.007024,1000.008095,1000.009123,1000.010069,1000.010930,1000.011743,1000.012512,1000.013230,1000.013913,1000.014544,1000.015011,1000.015240,1000.015213,1000.014934,1000.014434,1000.013675,1000.012715,1000.011750,1000.010878,1000.010074,1000.009346,1000.008808,1000.008418,1000.008038,1000.007670,1000.007414,1000.007394,1000.007541,1000.007729,1000.007890,1000.008023,1000.008250,1000.008653,1000.009180,1000.009751,1000.010386,1000.011156,1000.012055,1000.012961,1000.013752,1000.014358,1000.014751,1000.014923,1000.014833,1000.014499,1000.013983,1000.013333,1000.012599,1000.011836,1000.011076,1000.010305,1000.009502,1000.008680,1000.007843,1000.006959,1000.006027,1000.005071,1000.004090,1000.003075,1000.001988,1000.000805,999.999523,999.998185,999.996852,999.995473,999.994017,999.992583,999.991217,999.989853,999.988410,999.986919,999.985422,999.983776,0.000000,0.000000,0.000000,0.000000,0.000000,0.000000
0.000000,0.000000,0.000000,0.000000,0.000000,0.000000,0.000000,999.983992,999.985564,999.987221,999.988907,999.990571,999.992126,999.993575,999.994929,999.996204,999.997489,999.998790,1000.000002,1000.001069,1000.002046,1000.003040,1000.004093,1000.005176,1000.006245,1000.007293,1000.008330,1000.009319,1000.010217,1000.011028,1000.011799,1000.012542,1000.013223,1000.013838,1000.014384,1000.014811,1000.015103,1000.015271,1000.015265,1000.015004,1000.014468,1000.013786,1000.013078,1000.012348,1000.011644,1000.011096,1000.010731,1000.010419,1000.010089,1000.009794,1000.009649,1000.009696,1000.009825,1000.009965,1000.010141,1000.010420,1000.010841,1000.011320,1000.011790,1000.012303,1000.012939,1000.013641,1000.014224,1000.014589,1000.014730,1000.014689,1000.014503,1000.014170,1000.013705,1000.013136,1000.012481,1000.011753,1000.011002,1000.010276,1000.009537,1000.008739,1000.007917,1000.007082,1000.006185,1000.005228,1000.004261,1000.003299,1000.002289,1000.001204,1000.000020,999.998703,999.997339,999.996004,999.994635,999.993215,999.991808,999.990438,999.989050,999.987573,999.986086,999.984497,0.000000,0.000000,0.000000,0.000000,0.000000,0.000000,0.000000
0.000000,0.000000,0.000000,0.000000,0.000000,0.000000,0.000000,999.983218,999.984848,999.986408,999.988094,999.989766,999.991318,999.992728,999.994062,999.995356,999.996646,999.997950,999.999210,1000.000352,1000.001375,1000.002375,1000.003394,1000.004414,1000.005437,1000.006459,1000.007480,1000.008477,1000.009404,1000.010231,1000.010992,1000.011749,1000.012470,1000.013092,1000.013627,1000.014102,1000.014514,1000.014888,1000.015196,1000.015340,1000.015271,1000.015016,1000.014638,1000.014149,1000.013598,1000.013119,1000.012816,1000.012617,1000.012391,1000.012146,1000.011936,1000.011833,1000.011850,1000.011963,1000.012172,1000.012469,1000.012837,1000.013203,1000.013519,1000.013860,1000.014252,1000.014562,1000.014679,1000.014595,1000.014378,1000.014094,1000.013747,1000.013324,1000.012821,1000.012243,1000.011589,1000.010870,1000.010154,1000.009476,1000.008764,1000.007975,1000.007147,1000.006281,1000.005344,1000.004367,1000.003416,1000.002471,1000.001465,1000.000383,999.999186,999.997862,999.996492,999.995137,999.993773,999.992391,999.991016,999.989636,999.988208,999.986737,999.985310,999.983910,0.000000,0.000000,0.000000,0.000000,0.000000,0.000000,0.000000
0.000000,0.000000,0.000000,0.000000,0.000000,0.000000,0.000000,0.000000,999.984368,999.985663,999.987300,999.988970,999.990513,999.991919,999.993237,999.994529,999.995822,999.997112,999.998381,999.999579,1000.000659,1000.001666,1000.002668,1000.003650,1000.004621,1000.005602,1000.006590,1000.007573,1000.008501,1000.009336,1000.010089,1000.010836,1000.011585,1000.012260,1000.012821,1000.013297,1000.013730,1000.014139,1000.014540,1000.014878,1000.015087,1000.015181,1000.015178,1000.015057,1000.014800,1000.014514,1000.014345,1000.014275,1000.014203,1000.014069,1000.013873,1000.013679,1000.013607,1000.013666,1000.013822,1000.014053,1000.014273,1000.014427,1000.014532,1000.014644,1000.014718,1000.014644,1000.014392,1000.014034,1000.013667,1000.013317,1000.012941,1000.012493,1000.011957,1000.011353,1000.010691,1000.009987,1000.009309,1000.008660,1000.007966,1000.007182,1000.006311,1000.005378,1000.004411,1000.003449,1000.002523,1000.001597,1000.000604,999.999511,999.998309,999.996997,999.995621,999.994246,999.992894,999.991536,999.990155,999.988770,999.987355,999.985899,999.984322,0.000000,0.000000,0.000000,0.000000,0.000000,0.000000,0.000000,0.000000
0.000000,0.000000,0.000000,0.000000,0.000000,0.000000,0.000000,0.000000,999.983567,999.984969,999.986534,999.988179,999.989707,999.991121,999.992455,999.993752,999.995032,999.996294,999.997543,999.998762,999.999891,1000.000916,1000.001902,1000.002875,1000.003826,1000.004759,1000.005684,1000.006633,1000.007559,1000.008385,1000.009114,1000.009830,1000.010570,1000.011279,1000.011903,1000.012426,1000.012889,1000.013314,1000.013695,1000.014048,1000.014350,1000.014599,1000.014823,1000.014985,1000.015025,1000.014976,1000.014940,1000.014974,1000.015031,1000.015021,1000.014908,1000.014736,1000.014606,1000.014578,1000.014634,1000.014719,1000.014751,1000.014702,1000.014621,1000.014537,1000.014399,1000.014125,1000.013719,1000.013288,1000.012907,1000.012553,1000.012157,1000.011669,1000.011095,1000.010465,1000.009787,1000.009099,1000.008444,1000.007801,1000.007115,1000.006303,1000.005359,1000.004380,1000.003422,1000.002494,1000.001605,1000.000711,999.999728,999.998619,999.997405,999.996100,999.994721,999.993330,999.991978,999.990622,999.989241,999.987846,999.986451,999.985037,999.983380,0.000000,0.000000,0.000000,0.000000,0.000000,0.000000,0.000000,0.000000
0.000000,0.000000,0.000000,0.000000,0.000000,0.000000,0.000000,0.000000,0.000000,999.984273,999.985712,999.987290,999.988843,999.990275,999.991631,999.992949,999.994224,999.995451,999.996671,999.997888,999.999039,1000.000097,1000.001092,1000.002072,1000.003033,1000.003949,1000.004826,1000.005725,1000.006643,1000.007467,1000.008157,1000.008805,1000.009491,1000.010187,1000.010846,1000.011439,1000.011961,1000.012429,1000.012826,1000.013159,1000.013462,1000.013742,1000.014026,1000.014298,1000.014484,1000.014571,1000.014626,1000.014716,1000.014824,1000.014888,1000.014880,1000.014795,1000.014664,1000.014578,1000.014538,1000.014485,1000.014384,1000.014228,1000.014049,1000.013868,1000.013639,1000.013300,1000.012891,1000.012496,1000.012130,1000.011752,1000.011321,1000.010804,1000.010210,1000.009559,1000.008882,1000.008218,1000.007567,1000.006910,1000.006189,1000.005314,1000.004316,1000.003317,1000.002385,1000.001526,1000.000693,999.999824,999.998850,999.997722,999.996476,999.995164,999.993783,999.992394,999.991051,999.989707,999.988326,999.986929,999.985556,999.984092,0.000000,0.000000,0.000000,0.000000,0.000000,0.000000,0.000000,0.000000,0.000000
0.000000,0.000000,0.000000,0.000000,0.000000,0.000000,0.000000,0.000000,0.000000,999.983191,999.984828,999.986364,999.987872,999.989317,999.990697,999.992040,999.993340,999.994570,999.995767,999.996968,999.998130,999.999208,1000.000219,1000.001210,1000.002196,1000.003132,1000.004004,1000.004881,1000.005785,1000.006611,1000.007279,1000.007855,1000.008449,1000.009075,1000.009705,1000.010328,1000.010902,1000.011411,1000.011857,1000.012230,1000.012554,1000.012840,1000.013110,1000.013381,1000.013595,1000.013721,1000.013812,1000.013907,1000.014007,1000.014096,1000.014143,1000.014127,1000.014056,1000.013959,1000.013860,1000.013755,1000.013613,1000.013425,1000.013220,1000.012995,1000.012713,1000.012365,1000.011988,1000.011620,1000.011251,1000.010847,1000.010386,1000.009853,1000.009250,1000.008606,1000.007967,1000.007333,1000.006679,1000.005979,1000.005184,1000.004254,1000.003223,1000.002214,1000.001340,1000.000556,999.999753,999.998895,999.997919,999.996758,999.995480,999.994156,999.992794,999.991445,999.990136,999.988798,999.987389,999.986028,999.984689,999.983229,0.000000,0.000000,0.000000,0.000000,0.000000,0.000000,0.000000,0.000000,0.000000
0.000000,0.000000,0.000000,0.000000,0.000000,0.000000,0.000000,0.000000,0.000000,0.000000,999.983642,999.985376,999.986843,999.988262,999.989649,999.991003,999.992337,999.993620,999.994830,999.996014,999.997188,999.998283,999.999290,1000.000273,1000.001261,1000.002223,1000.003128,1000.004018,1000.004918,1000.005744,1000.006418,1000.006977,1000.007501,1000.008041,1000.008600,1000.009175,1000.009760,1000.010298,1000.010766,1000.011185,1000.011562,1000.011877,1000.012136,1000.012375,1000.012580,1000.012720,1000.012823,1000.012917,1000.013002,1000.013074,1000.013114,1000.013113,1000.013071,1000.012987,1000.012888,1000.012778,1000.012640,1000.012471,1000.012276,1000.012040,1000.011745,1000.011407,1000.011047,1000.010676,1000.010288,1000.009845,1000.009334,1000.008772,1000.008169,1000.007561,1000.006973,1000.006373,1000.005704,1000.004945,1000.004104,1000.003157,1000.002126,1000.001156,1000.000338,999.999575,999.998763,999.997889,999.996885,999.995701,999.994407,999.993091,999.991787,999.990494,999.989196,999.987829,999.986410,999.985048,999.983646,0.000000,0.000000,0.000000,0.000000,0.000000,0.000000,0.000000,0.000000,0.000000,0.000000
0.000000,0.000000,0.000000,0.000000,0.000000,0.000000,0.000000,0.000000,0.000000,0.000000,0.000000,999.984408,999.985788,999.987161,999.988546,999.989909,999.991263,999.992598,999.993846,999.995014,999.996177,999.997302,999.998317,999.999266,1000.000220,1000.001176,1000.002111,1000.003027,1000.003932,1000.004767,1000.005474,1000.006074,1000.006605,1000.007104,1000.007598,1000.008101,1000.008635,1000.009163,1000.009636,1000.010068,1000.010471,1000.010816,1000.011084,1000.011308,1000.011501,1000.011648,1000.011770,1000.011886,1000.011976,1000.012017,1000.012025,1000.012001,1000.011945,1000.011865,1000.011776,1000.011673,1000.011549,1000.011408,1000.011229,1000.011011,1000.010743,1000.010427,1000.010077,1000.009700,1000.009267,1000.008758,1000.008199,1000.007597,1000.006997,1000.006436,1000.005886,1000.005287,1000.004584,1000.003800,1000.002960,1000.002030,1000.001053,1000.000145,999.999336,999.998553,999.997725,999.996810,999.995782,999.994610,999.993327,999.992043,999.990782,999.989508,999.988192,999.986782,999.985323,999.983784,0.000000,0.000000,0.000000,0.000000,0.000000,0.000000,0.000000,0.000000,0.000000,0.000000,0.000000
0.000000,0.000000,0.000000,0.000000,0.000000,0.000000,0.000000,0.000000,0.000000,0.000000,0.000000,999.983252,999.984739,999.986129,999.987462,999.988811,999.990177,999.991540,999.992813,999.993971,999.995101,999.996227,999.997276,999.998221,999.999133,1000.000057,1000.000992,1000.001922,1000.002823,1000.003661,1000.004401,1000.005061,1000.005648,1000.006157,1000.006625,1000.007089,1000.007568,1000.008054,1000.008516,1000.008944,1000.009355,1000.009720,1000.009993,1000.010205,1000.010391,1000.010542,1000.010671,1000.010800,1000.010901,1000.010940,1000.010926,1000.010882,1000.010819,1000.010744,1000.010661,1000.010568,1000.010458,1000.010312,1000.010129,1000.009912,1000.009661,1000.009363,1000.009023,1000.008634,1000.008159,1000.007611,1000.007012,1000.006394,1000.005822,1000.005294,1000.004746,1000.004116,1000.003393,1000.002618,1000.001793,1000.000900,999.999981,999.999099,999.998276,999.997484,999.996642,999.995714,999.994703,999.993553,999.992291,999.991026,999.989760,999.988467,999.987111,999.985683,999.984214,999.982629,0.000000,0.000000,0.000000,0.000000,0.000000,0.000000,0.000000,0.000000,0.000000,0.000000,0.000000
0.000000,0.000000,0.000000,0.000000,0.000000,0.000000,0.000000,0.000000,0.000000,0.000000,0.000000,0.000000,999.983378,999.985007,999.986377,999.987678,999.989034,999.990413,999.991709,999.992870,999.993976,999.995088,999.996163,999.997143,999.998043,999.998936,999.999855,1000.000778,1000.001669,1000.002493,1000.003235,1000.003919,1000.004551,1000.005100,1000.005587,1000.006052,1000.006517,1000.006982,1000.007419,1000.007834,1000.008238,1000.008601,1000.008891,1000.009103,1000.009277,1000.009426,1000.009545,1000.009648,1000.009735,1000.009783,1000.009784,1000.009761,1000.009716,1000.009658,1000.009587,1000.009504,1000.009395,1000.009228,1000.009016,1000.008763,1000.008474,1000.008169,1000.007831,1000.007427,1000.006950,1000.006404,1000.005809,1000.005232,1000.004694,1000.004167,1000.003595,1000.002932,1000.002214,1000.001470,1000.000675,999.999816,999.998927,999.998052,999.997232,999.996445,999.995611,999.994695,999.993678,999.992525,999.991273,999.989999,999.988714,999.987396,999.986038,999.984618,999.983065,0.000000,0.000000,0.000000,0.000000,0.000000,0.000000,0.000000,0.000000,0.000000,0.000000,0.000000,0.000000
0.000000,0.000000,0.000000,0.000000,0.000000,0.000000,0.000000,0.000000,0.000000,0.000000,0.000000,0.000000,0.000000,999.983595,999.985146,999.986481,999.987800,999.989172,999.990505,999.991712,999.992824,999.993918,999.995000,999.996009,999.996917,999.997790,999.998683,999.999597,1000.000487,1000.001298,1000.002038,1000.002727,1000.003368,1000.003951,1000.004479,1000.004978,1000.005451,1000.005902,1000.006314,1000.006699,1000.007069,1000.007410,1000.007713,1000.007954,1000.008141,1000.008293,1000.008399,1000.008460,1000.008511,1000.008572,1000.008624,1000.008644,1000.008627,1000.008577,1000.008508,1000.008432,1000.008317,1000.008135,1000.007883,1000.007576,1000.007237,1000.006896,1000.006539,1000.006130,1000.005660,1000.005145,1000.004623,1000.004113,1000.003604,1000.003059,1000.002428,1000.001742,1000.001060,1000.000364,999.999606,999.998774,999.997915,999.997076,999.996275,999.995498,999.994671,999.993729,999.992656,999.991472,999.990224,999.988948,999.987656,999.986355,999.985005,999.983580,0.000000,0.000000,0.000000,0.000000,0.000000,0.000000,0.000000,0.000000,0.000000,0.000000,0.000000,0.000000,0.000000
0.000000,0.000000,0.000000,0.000000,0.000000,0.000000,0.000000,0.000000,0.000000,0.000000,0.000000,0.000000,0.000000,0.000000,999.983749,999.985193,999.986548,999.987876,999.989221,999.990499,999.991658,999.992738,999.993801,999.994825,999.995745,999.996599,999.997458,999.998351,999.999253,1000.000087,1000.000837,1000.001540,1000.002189,1000.002774,1000.003321,1000.003856,1000.004352,1000.004785,1000.005174,1000.005516,1000.005842,1000.006168,1000.006459,1000.006718,1000.006934,1000.007092,1000.007185,1000.007229,1000.007270,1000.007363,1000.007479,1000.007544,1000.007546,1000.007493,1000.007411,1000.007309,1000.007173,1000.006984,1000.006709,1000.006370,1000.006008,1000.005633,1000.005246,1000.004826,1000.004357,1000.003891,1000.003449,1000.002999,1000.002506,1000.001916,1000.001239,1000.000567,999.999917,999.999240,999.998500,999.997699,999.996889,999.996088,999.995301,999.994523,999.993673,999.992672,999.991539,999.990349,999.989131,999.987891,999.986655,999.985361,999.983985,0.000000,0.000000,0.000000,0.000000,0.000000,0.000000,0.000000,0.000000,0.000000,0.000000,0.000000,0.000000,0.000000,0.000000
0.000000,0.000000,0.000000,0.000000,0.000000,0.000000,0.000000,0.000000,0.000000,0.000000,0.000000,0.000000,0.000000,0.000000,0.000000,999.983758,999.985318,999.986639,999.987921,999.989226,999.990435,999.991531,999.992574,999.993592,999.994543,999.995403,999.996241,999.997102,999.997993,999.998860,999.999641,1000.000358,1000.001020,1000.001604,1000.002145,1000.002686,1000.003208,1000.003647,1000.004015,1000.004337,1000.004632,1000.004934,1000.005223,1000.005470,1000.005669,1000.005819,1000.005913,1000.005969,1000.006037,1000.006161,1000.006319,1000.006435,1000.006455,1000.006403,1000.006300,1000.006152,1000.005978,1000.005765,1000.005493,1000.005162,1000.004792,1000.004408,1000.004007,1000.003566,1000.003110,1000.002684,1000.002287,1000.001864,1000.001350,1000.000734,1000.000070,999.999408,999.998755,999.998072,999.997324,999.996547,999.995771,999.994989,999.994198,999.993388,999.992500,999.991458,999.990318,999.989177,999.988036,999.986911,999.985715,999.984259,0.000000,0.000000,0.000000,0.000000,0.000000,0.000000,0.000000,0.000000,0.000000,0.000000,0.000000,0.000000,0.000000,0.000000,0.000000
0.000000,0.000000,0.000000,0.000000,0.000000,0.000000,0.000000,0.000000,0.000000,0.000000,0.000000,0.000000,0.000000,0.000000,0.000000,0.000000,999.984108,999.985480,999.986703,999.987941,999.989162,999.990274,999.991327,999.992341,999.993308,999.994201,999.995043,999.995894,999.996749,999.997584,999.998381,999.999128,999.999812,1000.000420,1000.000964,1000.001494,1000.002019,1000.002479,1000.002839,1000.003152,1000.003448,1000.003736,1000.004021,1000.004253,1000.004420,1000.004562,1000.004679,1000.004759,1000.004839,1000.004956,1000.005093,1000.005217,1000.005273,1000.005244,1000.005135,1000.004963,1000.004755,1000.004514,1000.004252,1000.003941,1000.003574,1000.003205,1000.002808,1000.002366,1000.001930,1000.001528,1000.001141,1000.000706,1000.000170,999.999552,999.998891,999.998222,999.997552,999.996844,999.996083,999.995319,999.994568,999.993790,999.992968,999.992123,999.991213,999.990189,999.989105,999.988035,999.987034,999.986015,999.984718,0.000000,0.000000,0.000000,0.000000,0.000000,0.000000,0.000000,0.000000,0.000000,0.000000,0.000000,0.000000,0.000000,0.000000,0.000000,0.000000
0.000000,0.000000,0.000000,0.000000,0.000000,0.000000,0.000000,0.000000,0.000000,0.000000,0.000000,0.000000,0.000000,0.000000,0.000000,0.000000,0.000000,999.984414,999.985586,999.986733,999.987906,999.989033,999.990106,999.991134,999.992102,999.992999,999.993834,999.994665,999.995488,999.996260,999.997012,999.997773,999.998511,999.999163,999.999728,1000.000257,1000.000772,1000.001239,1000.001614,1000.001922,1000.002225,1000.002534,1000.002818,1000.003049,1000.003229,1000.003387,1000.003533,1000.003639,1000.003691,1000.003724,1000.003778,1000.003852,1000.003923,1000.003934,1000.003853,1000.003692,1000.003475,1000.003240,1000.002984,1000.002682,1000.002353,1000.002010,1000.001634,1000.001213,1000.000785,1000.000392,999.999997,999.999527,999.998961,999.998322,999.997646,999.996962,999.996270,999.995549,999.994806,999.994063,999.993322,999.992532,999.991682,999.990819,999.989926,999.988949,999.987925,999.986969,999.986107,999.985145,0.000000,0.000000,0.000000,0.000000,0.000000,0.000000,0.000000,0.000000,0.000000,0.000000,0.000000,0.000000,0.000000,0.000000,0.000000,0.000000,0.000000
0.000000,0.000000,0.000000,0.000000,0.000000,0.000000,0.000000,0.000000,0.000000,0.000000,0.000000,0.000000,0.000000,0.000000,0.000000,0.000000,0.000000,0.000000,999.984405,999.985602,999.986716,999.987832,999.988945,999.990002,999.990968,999.991837,999.992641,999.993430,999.994212,999.994949,999.995655,999.996389,999.997148,999.997841,999.998437,999.998976,999.999492,999.999970,1000.000374,1000.000694,1000.000978,1000.001278,1000.001577,1000.001835,1000.002042,1000.002221,1000.002384,1000.002497,1000.002510,1000.002446,1000.002396,1000.002401,1000.002445,1000.002477,1000.002441,1000.002326,1000.002151,1000.001937,1000.001678,1000.001393,1000.001101,1000.000794,1000.000445,1000.000039,999.999612,999.999213,999.998794,999.998273,999.997665,999.997010,999.996318,999.995623,999.994956,999.994280,999.993568,999.992837,999.992087,999.991278,999.990399,999.989523,999.988651,999.987717,999.986781,999.985931,999.985133,0.000000,0.000000,0.000000,0.000000,0.000000,0.000000,0.000000,0.000000,0.000000,0.000000,0.000000,0.000000,0.000000,0.000000,0.000000,0.000000,0.000000,0.000000
0.000000,0.000000,0.000000,0.000000,0.000000,0.000000,0.000000,0.000000,0.000000,0.000000,0.000000,0.000000,0.000000,0.000000,0.000000,0.000000,0.000000,0.000000,0.000000,999.984438,999.985489,999.986598,999.987730,999.988838,999.989843,999.990706,999.991480,999.992246,999.993006,999.993726,999.994413,999.995101,999.995803,999.996498,999.997122,999.997678,999.998218,999.998734,999.999166,999.999488,999.999738,999.999988,1000.000274,1000.000554,1000.000779,1000.000957,1000.001106,1000.001201,1000.001209,1000.001134,1000.001026,1000.000964,1000.000956,1000.000961,1000.000948,1000.000896,1000.000789,1000.000599,1000.000351,1000.000072,999.999789,999.999505,999.999160,999.998745,999.998331,999.997926,999.997458,999.996897,999.996263,999.995588,999.994905,999.994258,999.993660,999.993044,999.992351,999.991614,999.990840,999.989982,999.989071,999.988212,999.987348,999.986512,999.985621,999.984781,0.000000,0.000000,0.000000,0.000000,0.000000,0.000000,0.000000,0.000000,0.000000,0.000000,0.000000,0.000000,0.000000,0.000000,0.000000,0.000000,0.000000,0.000000,0.000000
0.000000,0.000000,0.000000,0.000000,0.000000,0.000000,0.000000,0.000000,0.000000,0.000000,0.000000,0.000000,0.000000,0.000000,0.000000,0.000000,0.000000,0.000000,0.000000,0.000000,999.984046,999.985182,999.986353,999.987515,999.988583,999.989524,999.990324,999.991096,999.991858,999.992568,999.993222,999.993845,999.994464,999.995104,999.995734,999.996330,999.996901,999.997451,999.997918,999.998246,999.998470,999.998678,999.998935,999.999212,999.999437,999.999597,999.999719,999.999806,999.999848,999.999828,999.999745,999.999643,999.999555,999.999489,999.999453,999.999426,999.999346,999.999185,999.998951,999.998674,999.998396,999.998100,999.997731,999.997309,999.996901,999.996479,999.995974,999.995379,999.994717,999.994042,999.993407,999.992832,999.992295,999.991714,999.991030,999.990269,999.989445,999.988540,999.987616,999.986785,999.986036,999.985241,999.984188,0.000000,0.000000,0.000000,0.000000,0.000000,0.000000,0.000000,0.000000,0.000000,0.000000,0.000000,0.000000,0.000000,0.000000,0.000000,0.000000,0.000000,0.000000,0.000000,0.000000
0.000000,0.000000,0.000000,0.000000,0.000000,0.000000,0.000000,0.000000,0.000000,0.000000,0.000000,0.000000,0.000000,0.000000,0.000000,0.000000,0.000000,0.000000,0.000000,0.000000,0.000000,999.983342,999.984724,999.986097,999.987210,999.988198,999.989096,999.989899,999.990663,999.991369,999.991989,999.992546,999.993090,999.993653,999.994254,999.994869,999.995458,999.996020,999.996522,999.996899,999.997151,999.997366,999.997605,999.997852,999.998057,999.998212,999.998327,999.998418,999.998494,999.998522,999.998493,999.998396,999.998256,999.998134,999.998038,999.997948,999.997840,999.997684,999.997454,999.997196,999.996926,999.996599,999.996209,999.995791,999.995365,999.994912,999.994382,999.993752,999.993088,999.992455,999.991869,999.991341,999.990835,999.990258,999.989565,999.988784,999.987925,999.986968,999.986033,999.985248,999.984807,999.983738,0.000000,0.000000,0.000000,0.000000,0.000000,0.000000,0.000000,0.000000,0.000000,0.000000,0.000000,0.000000,0.000000,0.000000,0.000000,0.000000,0.000000,0.000000,0.000000,0.000000,0.000000
0.000000,0.000000,0.000000,0.000000,0.000000,0.000000,0.000000,0.000000,0.000000,0.000000,0.000000,0.000000,0.000000,0.000000,0.000000,0.000000,0.000000,0.000000,0.000000,0.000000,0.000000,0.000000,0.000000,999.984550,999.985741,999.986744,999.987706,999.988538,999.989321,999.990028,999.990656,999.991194,999.991684,999.992197,999.992758,999.993331,999.993902,999.994469,999.994999,999.995443,999.995778,999.996038,999.996263,999.996466,999.996651,999.996813,999.996939,999.997035,999.997109,999.997155,999.997150,999.997087,999.996977,999.996844,999.996696,999.996529,999.996355,999.996168,999.995958,999.995727,999.995457,999.995111,999.994705,999.994279,999.993841,999.993355,999.992781,999.992151,999.991533,999.990948,999.990411,999.989911,999.989385,999.988778,999.988067,999.987263,999.986373,999.985438,999.984538,999.983527,0.000000,0.000000,0.000000,0.000000,0.000000,0.000000,0.000000,0.000000,0.000000,0.000000,0.000000,0.000000,0.000000,0.000000,0.000000,0.000000,0.000000,0.000000,0.000000,0.000000,0.000000,0.000000,0.000000
0.000000,0.000000,0.000000,0.000000,0.000000,0.000000,0.000000,0.000000,0.000000,0.000000,0.000000,0.000000,0.000000,0.000000,0.000000,0.000000,0.000000,0.000000,0.000000,0.000000,0.000000,0.000000,0.000000,0.000000,999.984067,999.985176,999.986136,999.986979,999.987774,999.988494,999.989176,999.989757,999.990266,999.990762,999.991289,999.991828,999.992355,999.992885,999.993418,999.993911,999.994311,999.994608,999.994843,999.995035,999.995203,999.995365,999.995517,999.995633,999.995695,999.995729,999.995725,999.995686,999.995623,999.995508,999.995346,999.995142,999.994911,999.994698,999.994510,999.994296,999.994013,999.993659,999.993243,999.992810,999.992374,999.991864,999.991283,999.990695,999.990126,999.989598,999.989104,999.988598,999.988042,999.987390,999.986659,999.985803,999.984887,999.984003,999.982861,0.000000,0.000000,0.000000,0.000000,0.000000,0.000000,0.000000,0.000000,0.000000,0.000000,0.000000,0.000000,0.000000,0.000000,0.000000,0.000000,0.000000,0.000000,0.000000,0.000000,0.000000,0.000000,0.000000,0.000000
0.000000,0.000000,0.000000,0.000000,0.000000,0.000000,0.000000,0.000000,0.000000,0.000000,0.000000,0.000000,0.000000,0.000000,0.000000,0.000000,0.000000,0.000000,0.000000,0.000000,0.000000,0.000000,0.000000,0.000000,0.000000,0.000000,999.984218,999.985309,999.986088,999.986830,999.987557,999.988192,999.988783,999.989291,999.989808,999.990330,999.990829,999.991317,999.991827,999.992318,999.992733,999.993067,999.993341,999.993567,999.993745,999.993909,999.994069,999.994199,999.994279,999.994301,999.994292,999.994263,999.994203,999.994102,999.993934,999.993700,999.993456,999.993230,999.993021,999.992799,999.992515,999.992146,999.991733,999.991326,999.990909,999.990430,999.989911,999.989381,999.988864,999.988376,999.987894,999.987366,999.986817,999.986165,999.985441,999.984542,999.983448,0.000000,0.000000,0.000000,0.000000,0.000000,0.000000,0.000000,0.000000,0.000000,0.000000,0.000000,0.000000,0.000000,0.000000,0.000000,0.000000,0.000000,0.000000,0.000000,0.000000,0.000000,0.000000,0.000000,0.000000,0.000000,0.000000
0.000000,0.000000,0.000000,0.000000,0.000000,0.000000,0.000000,0.000000,0.000000,0.000000,0.000000,0.000000,0.000000,0.000000,0.000000,0.000000,0.000000,0.000000,0.000000,0.000000,0.000000,0.000000,0.000000,0.000000,0.000000,0.000000,0.000000,0.000000,999.984066,999.985183,999.985949,999.986575,999.987149,999.987676,999.988217,999.988726,999.989239,999.989744,999.990248,999.990723,999.991130,999.991489,999.991814,999.992099,999.992327,999.992509,999.992656,999.992775,999.992863,999.992893,999.992887,999.992867,999.992798,999.992669,999.992469,999.992220,999.991953,999.991685,999.991433,999.991187,999.990909,999.990555,999.990170,999.989801,999.989417,999.989008,999.988560,999.988089,999.987630,999.987131,999.986650,999.986163,999.985653,999.985080,999.984241,0.000000,0.000000,0.000000,0.000000,0.000000,0.000000,0.000000,0.000000,0.000000,0.000000,0.000000,0.000000,0.000000,0.000000,0.000000,0.000000,0.000000,0.000000,0.000000,0.000000,0.000000,0.000000,0.000000,0.000000,0.000000,0.000000,0.000000,0.000000
0.000000,0.000000,0.000000,0.000000,0.000000,0.000000,0.000000,0.000000,0.000000,0.000000,0.000000,0.000000,0.000000,0.000000,0.000000,0.000000,0.000000,0.000000,0.000000,0.000000,0.000000,0.000000,0.000000,0.000000,0.000000,0.000000,0.000000,0.000000,0.000000,0.000000,999.984181,999.985146,999.985546,999.985971,999.986458,999.986997,999.987551,999.988107,999.988632,999.989115,999.989525,999.989895,999.990266,999.990623,999.990925,999.991151,999.991310,999.991407,999.991456,999.991485,999.991497,999.991468,999.991381,999.991203,999.990961,999.990693,999.990394,999.990096,999.989814,999.989539,999.989255,999.988953,999.988625,999.988288,999.987931,999.987549,999.987129,999.986680,999.986221,999.985755,999.985340,999.984968,999.984254,0.000000,0.000000,0.000000,0.000000,0.000000,0.000000,0.000000,0.000000,0.000000,0.000000,0.000000,0.000000,0.000000,0.000000,0.000000,0.000000,0.000000,0.000000,0.000000,0.000000,0.000000,0.000000,0.000000,0.000000,0.000000,0.000000,0.000000,0.000000,0.000000,0.000000
0.000000,0.000000,0.000000,0.000000,0.000000,0.000000,0.000000,0.000000,0.000000,0.000000,0.000000,0.000000,0.000000,0.000000,0.000000,0.000000,0.000000,0.000000,0.000000,0.000000,0.000000,0.000000,0.000000,0.000000,0.000000,0.000000,0.000000,0.000000,0.000000,0.000000,0.000000,0.000000,999.983895,999.984442,999.984743,999.985253,999.985775,999.986358,999.986928,999.987441,999.987885,999.988286,999.988691,999.989089,999.989453,999.989726,999.989897,999.989977,999.990004,999.990024,999.990031,999.989968,999.989831,999.989618,999.989358,999.989088,999.988829,999.988554,999.988261,999.987969,999.987674,999.987398,999.987111,999.986816,999.986489,999.986091,999.985623,999.985179,999.984706,999.984326,999.983759,0.000000,0.000000,0.000000,0.000000,0.000000,0.000000,0.000000,0.000000,0.000000,0.000000,0.000000,0.000000,0.000000,0.000000,0.000000,0.000000,0.000000,0.000000,0.000000,0.000000,0.000000,0.000000,0.000000,0.000000,0.000000,0.000000,0.000000,0.000000,0.000000,0.000000,0.000000,0.000000
0.000000,0.000000,0.000000,0.000000,0.000000,0.000000,0.000000,0.000000,0.000000,0.000000,0.000000,0.000000,0.000000,0.000000,0.000000,0.000000,0.000000,0.000000,0.000000,0.000000,0.000000,0.000000,0.000000,0.000000,0.000000,0.000000,0.000000,0.000000,0.000000,0.000000,0.000000,0.000000,0.000000,0.000000,999.982982,999.983709,999.984113,999.984570,999.985167,999.985768,999.986306,999.986731,999.987132,999.987495,999.987838,999.988115,999.988283,999.988384,999.988445,999.988463,999.988426,999.988308,999.988121,999.987883,999.987648,999.987444,999.987268,999.987046,999.986769,999.986463,999.986144,999.985833,999.985588,999.985357,999.985061,999.984634,999.984171,999.983750,999.983123,0.000000,0.000000,0.000000,0.000000,0.000000,0.000000,0.000000,0.000000,0.000000,0.000000,0.000000,0.000000,0.000000,0.000000,0.000000,0.000000,0.000000,0.000000,0.000000,0.000000,0.000000,0.000000,0.000000,0.000000,0.000000,0.000000,0.000000,0.000000,0.000000,0.000000,0.000000,0.000000,0.000000,0.000000
0.000000,0.000000,0.000000,0.000000,0.000000,0.000000,0.000000,0.000000,0.000000,0.000000,0.000000,0.000000,0.000000,0.000000,0.000000,0.000000,0.000000,0.000000,0.000000,0.000000,0.000000,0.000000,0.000000,0.000000,0.000000,0.000000,0.000000,0.000000,0.000000,0.000000,0.000000,0.000000,0.000000,0.000000,0.000000,0.000000,0.000000,999.982767,999.983452,999.984186,999.984822,999.985248,999.985542,999.985823,999.986084,999.986336,999.986572,999.986763,999.986863,999.986853,999.986669,999.986511,999.986298,999.986063,999.985906,999.985794,999.985669,999.985480,999.985204,999.984874,999.984508,999.984032,999.983929,999.983895,999.983599,999.983019,0.000000,0.000000,0.000000,0.000000,0.000000,0.000000,0.000000,0.000000,0.000000,0.000000,0.000000,0.000000,0.000000,0.000000,0.000000,0.000000,0.000000,0.000000,0.000000,0.000000,0.000000,0.000000,0.000000,0.000000,0.000000,0.000000,0.000000,0.000000,0.000000,0.000000,0.000000,0.000000,0.000000,0.000000,0.000000,0.000000,0.000000
0.000000,0.000000,0.000000,0.000000,0.000000,0.000000,0.000000,0.000000,0.000000,0.000000,0.000000,0.000000,0.000000,0.000000,0.000000,0.000000,0.000000,0.000000,0.000000,0.000000,0.000000,0.000000,0.000000,0.000000,0.000000,0.000000,0.000000,0.000000,0.000000,0.000000,0.000000,0.000000,0.000000,0.000000,0.000000,0.000000,0.000000,0.000000,0.000000,0.000000,0.000000,0.000000,999.983680,999.984015,999.984216,999.984509,999.984933,999.985300,999.985463,999.985261,999.984821,999.984586,999.984273,999.984179,999.984221,999.984229,999.984068,999.983839,999.983545,999.983082,999.982556,0.000000,0.000000,0.000000,0.000000,0.000000,0.000000,0.000000,0.000000,0.000000,0.000000,0.000000,0.000000,0.000000,0.000000,0.000000,0.000000,0.000000,0.000000,0.000000,0.000000,0.000000,0.000000,0.000000,0.000000,0.000000,0.000000,0.000000,0.000000,0.000000,0.000000,0.000000,0.000000,0.000000,0.000000,0.000000,0.000000,0.000000,0.000000,0.000000,0.000000,0.000000,0.000000
0.000000,0.000000,0.000000,0.000000,0.000000,0.000000,0.000000,0.000000,0.000000,0.000000,0.000000,0.000000,0.000000,0.000000,0.000000,0.000000,0.000000,0.000000,0.000000,0.000000,0.000000,0.000000,0.000000,0.000000,0.000000,0.000000,0.000000,0.000000,0.000000,0.000000,0.000000,0.000000,0.000000,0.000000,0.000000,0.000000,0.000000,0.000000,0.000000,0.000000,0.000000,0.000000,0.000000,0.000000,0.000000,0.000000,0.000000,0.000000,0.000000,0.000000,0.000000,999.982433,0.000000,0.000000,0.000000,0.000000,0.000000,0.000000,0.000000,0.000000,0.000000,0.000000,0.000000,0.000000,0.000000,0.000000,0.000000,0.000000,0.000000,0.000000,0.000000,0.000000,0.000000,0.000000,0.000000,0.000000,0.000000,0.000000,0.000000,0.000000,0.000000,0.000000,0.000000,0.000000,0.000000,0.000000,0.000000,0.000000,0.000000,0.000000,0.000000,0.000000,0.000000,0.000000,0.000000,0.000000,0.000000,0.000000,0.000000,0.000000,0.000000,0.000000,0.000000
0.000000,0.000000,0.000000,0.000000,0.000000,0.000000,0.000000,0.000000,0.000000,0.000000,0.000000,0.000000,0.000000,0.000000,0.000000,0.000000,0.000000,0.000000,0.000000,0.000000,0.000000,0.000000,0.000000,0.000000,0.000000,0.000000,0.000000,0.000000,0.000000,0.000000,0.000000,0.000000,0.000000,0.000000,0.000000,0.000000,0.000000,0.000000,0.000000,0.000000,0.000000,0.000000,0.000000,0.000000,0.000000,0.000000,0.000000,0.000000,0.000000,0.000000,0.000000,0.000000,0.000000,0.000000,0.000000,0.000000,0.000000,0.000000,0.000000,0.000000,0.000000,0.000000,0.000000,0.000000,0.000000,0.000000,0.000000,0.000000,0.000000,0.000000,0.000000,0.000000,0.000000,0.000000,0.000000,0.000000,0.000000,0.000000,0.000000,0.000000,0.000000,0.000000,0.000000,0.000000,0.000000,0.000000,0.000000,0.000000,0.000000,0.000000,0.000000,0.000000,0.000000,0.000000,0.000000,0.000000,0.000000,0.000000,0.000000,0.000000,0.000000,0.000000,0.000000
