0.000000,0.000000,0.000000,0.000000,0.000000,0.000000,0.000000,0.000000,0.000000,0.000000,0.000000,0.000000,0.000000,0.000000,0.000000,0.000000,0.000000,0.000000,0.000000,0.000000,0.000000,0.000000,0.000000,0.000000,0.000000,0.000000,0.000000,0.000000,0.000000,0.000000,0.000000,0.000000,0.000000,0.000000,0.000000,0.000000,0.000000,0.000000,0.000000,0.000000,0.000000,0.000000,0.000000,0.000000,0.000000,0.000000,0.000000,0.000000,0.000000,0.000000,0.000000,0.000000,0.000000,0.000000,0.000000,0.000000,0.000000,0.000000,0.000000,0.000000,0.000000,0.000000,0.000000,0.000000,0.000000,0.000000,0.000000,0.000000,0.000000,0.000000,0.000000,0.000000,0.000000,0.000000,0.000000,0.000000,0.000000,0.000000,0.000000,0.000000,0.000000,0.000000,0.000000,0.000000,0.000000,0.000000,0.000000,0.000000,0.000000,0.000000,0.000000,0.000000,0.000000,0.000000,0.000000,0.000000,0.000000,0.000000,0.000000,0.000000,0.000000,0.000000,0.000000
0.000000,0.000000,0.000000,0.000000,0.000000,0.000000,0.000000,0.000000,0.000000,0.000000,0.000000,0.000000,0.000000,0.000000,0.000000,0.000000,0.000000,0.000000,0.000000,0.000000,0.000000,0.000000,0.000000,0.000000,0.000000,0.000000,0.000000,0.000000,0.000000,0.000000,0.000000,0.000000,0.000000,0.000000,0.000000,0.000000,0.000000,0.000000,0.000000,0.000000,0.000000,0.000000,0.000000,0.000000,0.000000,0.000000,0.000000,0.000000,0.000000,0.000000,0.000000,-0.001624,0.000000,0.000000,0.000000,0.000000,0.000000,0.000000,0.000000,0.000000,0.000000,0.000000,0.000000,0.000000,0.000000,0.000000,0.000000,0.000000,0.000000,0.000000,0.000000,0.000000,0.000000,0.000000,0.000000,0.000000,0.000000,0.000000,0.000000,0.000000,0.000000,0.000000,0.000000,0.000000,0.000000,0.000000,0.000000,0.000000,0.000000,0.000000,0.000000,0.000000,0.000000,0.000000,0.000000,0.000000,0.000000,0.000000,0.000000,0.000000,0.000000,0.000000,0.000000
0.000000,0.000000,0.000000,0.000000,0.000000,0.000000,0.000000,0.000000,0.000000,0.000000,0.000000,0.000000,0.000000,0.000000,0.000000,0.000000,0.000000,0.000000,0.000000,0.000000,0.000000,0.000000,0.000000,0.000000,0.000000,0.000000,0.000000,0.000000,0.000000,0.000000,0.000000,0.000000,0.000000,0.000000,0.000000,0.000000,0.000000,0.000000,0.000000,0.000000,0.000000,0.000000,-0.002260,-0.002112,-0.001978,-0.001881,-0.001766,-0.001690,-0.001613,-0.001529,-0.001540,-0.001662,-0.001823,-0.001941,-0.001947,-0.001861,-0.001824,-0.001908,-0.001970,-0.001917,-0.001897,0.000000,0.000000,0.000000,0.000000,0.000000,0.000000,0.000000,0.000000,0.000000,0.000000,0.000000,0.000000,0.000000,0.000000,0.000000,0.000000,0.000000,0.000000,0.000000,0.000000,0.000000,0.000000,0.000000,0.000000,0.000000,0.000000,0.000000,0.000000,0.000000,0.000000,0.000000,0.000000,0.000000,0.000000,0.000000,0.000000,0.000000,0.000000,0.000000,0.000000,0.000000,0.000000
0.000000,0.000000,0.000000,0.000000,0.000000,0.000000,0.000000,0.000000,0.000000,0.000000,0.000000,0.000000,0.000000,0.000000,0.000000,0.000000,0.000000,0.000000,0.000000,0.000000,0.000000,0.000000,0.000000,0.000000,0.000000,0.000000,0.000000,0.000000,0.000000,0.000000,0.000000,0.000000,0.000000,0.000000,0.000000,0.000000,0.000000,-0.002515,-0.002454,-0.002332,-0.002178,-0.002111,-0.002135,-0.002053,-0.001901,-0.001782,-0.001695,-0.001663,-0.001616,-0.001554,-0.001575,-0.001650,-0.001760,-0.001891,-0.001904,-0.001867,-0.001880,-0.001891,-0.001912,-0.001917,-0.001933,-0.002010,-0.002086,-0.002101,-0.002079,-0.002073,0.000000,0.000000,0.000000,0.000000,0.000000,0.000000,0.000000,0.000000,0.000000,0.000000,0.000000,0.000000,0.000000,0.000000,0.000000,0.000000,0.000000,0.000000,0.000000,0.000000,0.000000,0.000000,0.000000,0.000000,0.000000,0.000000,0.000000,0.000000,0.000000,0.000000,0.000000,0.000000,0.000000,0.000000,0.000000,0.000000,0.000000
0.000000,0.000000,0.000000,0.000000,0.000000,0.000000,0.000000,0.000000,0.000000,0.000000,0.000000,0.000000,0.000000,0.000000,0.000000,0.000000,0.000000,0.000000,0.000000,0.000000,0.000000,0.000000,0.000000,0.000000,0.000000,0.000000,0.000000,0.000000,0.000000,0.000000,0.000000,0.000000,0.000000,0.000000,-0.002071,-0.002170,-0.002262,-0.002321,-0.002297,-0.002183,-0.002042,-0.001950,-0.001910,-0.001813,-0.001658,-0.001568,-0.001550,-0.001535,-0.001536,-0.001515,-0.001475,-0.001513,-0.001622,-0.001717,-0.001741,-0.001725,-0.001725,-0.001734,-0.001763,-0.001809,-0.001858,-0.001926,-0.001964,-0.001949,-0.001932,-0.001937,-0.001899,-0.001835,-0.001851,0.000000,0.000000,0.000000,0.000000,0.000000,0.000000,0.000000,0.000000,0.000000,0.000000,0.000000,0.000000,0.000000,0.000000,0.000000,0.000000,0.000000,0.000000,0.000000,0.000000,0.000000,0.000000,0.000000,0.000000,0.000000,0.000000,0.000000,0.000000,0.000000,0.000000,0.000000,0.000000,0.000000,0.000000
0.000000,0.000000,0.000000,0.000000,0.000000,0.000000,0.000000,0.000000,0.000000,0.000000,0.000000,0.000000,0.000000,0.000000,0.000000,0.000000,0.000000,0.000000,0.000000,0.000000,0.000000,0.000000,0.000000,0.000000,0.000000,0.000000,0.000000,0.000000,0.000000,0.000000,0.000000,0.000000,-0.002212,-0.002125,-0.002099,-0.002080,-0.002043,-0.002019,-0.001970,-0.001864,-0.001710,-0.001609,-0.001523,-0.001395,-0.001272,-0.001194,-0.001195,-0.001217,-0.001237,-0.001239,-0.001216,-0.001236,-0.001294,-0.001318,-0.001299,-0.001272,-0.001276,-0.001353,-0.001443,-0.001514,-0.001595,-0.001669,-0.001722,-0.001735,-0.001725,-0.001728,-0.001718,-0.001731,-0.001792,-0.001881,-0.001983,0.000000,0.000000,0.000000,0.000000,0.000000,0.000000,0.000000,0.000000,0.000000,0.000000,0.000000,0.000000,0.000000,0.000000,0.000000,0.000000,0.000000,0.000000,0.000000,0.000000,0.000000,0.000000,0.000000,0.000000,0.000000,0.000000,0.000000,0.000000,0.000000,0.000000,0.000000,0.000000
0.000000,0.000000,0.000000,0.000000,0.000000,0.000000,0.000000,0.000000,0.000000,0.000000,0.000000,0.000000,0.000000,0.000000,0.000000,0.000000,0.000000,0.000000,0.000000,0.000000,0.000000,0.000000,0.000000,0.000000,0.000000,0.000000,0.000000,0.000000,0.000000,0.000000,-0.002084,-0.002064,-0.002049,-0.002016,-0.001974,-0.001878,-0.001751,-0.001616,-0.001487,-0.001354,-0.001198,-0.001064,-0.000945,-0.000795,-0.000662,-0.000590,-0.000552,-0.000572,-0.000603,-0.000622,-0.000664,-0.000690,-0.000697,-0.000667,-0.000590,-0.000547,-0.000588,-0.000706,-0.000850,-0.000967,-0.001053,-0.001161,-0.001282,-0.001344,-0.001374,-0.001412,-0.001466,-0.001553,-0.001684,-0.001810,-0.001883,-0.001963,-0.002073,0.000000,0.000000,0.000000,0.000000,0.000000,0.000000,0.000000,0.000000,0.000000,0.000000,0.000000,0.000000,0.000000,0.000000,0.000000,0.000000,0.000000,0.000000,0.000000,0.000000,0.000000,0.000000,0.000000,0.000000,0.000000,0.000000,0.000000,0.000000,0.000000,0.000000
0.000000,0.000000,0.000000,0.000000,0.000000,0.000000,0.000000,0.000000,0.000000,0.000000,0.000000,0.000000,0.000000,0.000000,0.000000,0.000000,0.000000,0.000000,0.000000,0.000000,0.000000,0.000000,0.000000,0.000000,0.000000,0.000000,0.000000,0.000000,-0.001850,-0.001899,-0.001911,-0.001885,-0.001838,-0.001767,-0.001679,-0.001553,-0.001360,-0.001104,-0.000875,-0.000686,-0.000515,-0.000366,-0.000218,-0.000071,0.000057,0.000142,0.000209,0.000238,0.000199,0.000150,0.000108,0.000059,0.000042,0.000087,0.000175,0.000234,0.000185,0.000051,-0.000099,-0.000199,-0.000276,-0.000438,-0.000602,-0.000690,-0.000789,-0.000935,-0.001095,-0.001272,-0.001461,-0.001626,-0.001741,-0.001875,-0.002019,-0.002029,-0.001969,0.000000,0.000000,0.000000,0.000000,0.000000,0.000000,0.000000,0.000000,0.000000,0.000000,0.000000,0.000000,0.000000,0.000000,0.000000,0.000000,0.000000,0.000000,0.000000,0.000000,0.000000,0.000000,0.000000,0.000000,0.000000,0.000000,0.000000,0.000000
0.000000,0.000000,0.000000,0.000000,0.000000,0.000000,0.000000,0.000000,0.000000,0.000000,0.000000,0.000000,0.000000,0.000000,0.000000,0.000000,0.000000,0.000000,0.000000,0.000000,0.000000,0.000000,0.000000,0.000000,0.000000,0.000000,-0.001895,-0.001847,-0.001771,-0.001751,-0.001707,-0.001623,-0.001506,-0.001346,-0.001194,-0.001014,-0.000770,-0.000467,-0.000180,0.000035,0.000200,0.000307,0.000405,0.000513,0.000614,0.000724,0.000803,0.000841,0.000827,0.000775,0.000730,0.000694,0.000675,0.000693,0.000757,0.000808,0.000778,0.000669,0.000547,0.000475,0.000403,0.000263,0.000114,0.000018,-0.000099,-0.000322,-0.000589,-0.000870,-0.001154,-0.001377,-0.001545,-0.001739,-0.001941,-0.002028,-0.001958,-0.001882,-0.001932,0.000000,0.000000,0.000000,0.000000,0.000000,0.000000,0.000000,0.000000,0.000000,0.000000,0.000000,0.000000,0.000000,0.000000,0.000000,0.000000,0.000000,0.000000,0.000000,0.000000,0.000000,0.000000,0.000000,0.000000,0.000000,0.000000
0.000000,0.000000,0.000000,0.000000,0.000000,0.000000,0.000000,0.000000,0.000000,0.000000,0.000000,0.000000,0.000000,0.000000,0.000000,0.000000,0.000000,0.000000,0.000000,0.000000,0.000000,0.000000,0.000000,0.000000,-0.002059,-0.001963,-0.001902,-0.001791,-0.001671,-0.001570,-0.001457,-0.001289,-0.001038,-0.000772,-0.000515,-0.000278,-0.000055,0.000193,0.000440,0.000627,0.000736,0.000771,0.000802,0.000872,0.000950,0.001055,0.001162,0.001192,0.001179,0.001151,0.001120,0.001113,0.001089,0.001070,0.001102,0.001140,0.001119,0.001031,0.000933,0.000869,0.000804,0.000703,0.000614,0.000568,0.000481,0.000265,-0.000013,-0.000325,-0.000681,-0.000974,-0.001208,-0.001473,-0.001731,-0.001852,-0.001824,-0.001774,-0.001826,-0.001968,-0.002067,0.000000,0.000000,0.000000,0.000000,0.000000,0.000000,0.000000,0.000000,0.000000,0.000000,0.000000,0.000000,0.000000,0.000000,0.000000,0.000000,0.000000,0.000000,0.000000,0.000000,0.000000,0.000000,0.000000,0.000000
0.000000,0.000000,0.000000,0.000000,0.000000,0.000000,0.000000,0.000000,0.000000,0.000000,0.000000,0.000000,0.000000,0.000000,0.000000,0.000000,0.000000,0.000000,0.000000,0.000000,0.000000,0.000000,0.000000,-0.001975,-0.001955,-0.001922,-0.001833,-0.001673,-0.001495,-0.001324,-0.001114,-0.000821,-0.000484,-0.000120,0.000191,0.000403,0.000563,0.000713,0.000868,0.000993,0.001043,0.001032,0.001029,0.001065,0.001145,0.001252,0.001349,0.001388,0.001365,0.001346,0.001353,0.001350,0.001323,0.001288,0.001286,0.001309,0.001290,0.001207,0.001109,0.001053,0.001008,0.000936,0.000902,0.000909,0.000859,0.000710,0.000503,0.000253,-0.000034,-0.000351,-0.000666,-0.000981,-0.001285,-0.001456,-0.001512,-0.001577,-0.001728,-0.001926,-0.002102,-0.002214,0.000000,0.000000,0.000000,0.000000,0.000000,0.000000,0.000000,0.000000,0.000000,0.000000,0.000000,0.000000,0.000000,0.000000,0.000000,0.000000,0.000000,0.000000,0.000000,0.000000,0.000000,0.000000,0.000000
0.000000,0.000000,0.000000,0.000000,0.000000,0.000000,0.000000,0.000000,0.000000,0.000000,0.000000,0.000000,0.000000,0.000000,0.000000,0.000000,0.000000,0.000000,0.000000,0.000000,0.000000,-0.001983,-0.001875,-0.001829,-0.001826,-0.001775,-0.001618,-0.001400,-0.001135,-0.000876,-0.000603,-0.000245,0.000111,0.000434,0.000708,0.000875,0.000972,0.001054,0.001123,0.001174,0.001180,0.001154,0.001139,0.001168,0.001261,0.001364,0.001419,0.001438,0.001433,0.001434,0.001450,0.001458,0.001442,0.001393,0.001365,0.001370,0.001357,0.001300,0.001219,0.001158,0.001106,0.001073,0.001079,0.001081,0.001052,0.000975,0.000854,0.000715,0.000540,0.000291,0.000004,-0.000311,-0.000630,-0.000857,-0.001039,-0.001257,-0.001539,-0.001851,-0.002055,-0.002106,-0.002132,-0.002199,0.000000,0.000000,0.000000,0.000000,0.000000,0.000000,0.000000,0.000000,0.000000,0.000000,0.000000,0.000000,0.000000,0.000000,0.000000,0.000000,0.000000,0.000000,0.000000,0.000000,0.000000
0.000000,0.000000,0.000000,0.000000,0.000000,0.000000,0.000000,0.000000,0.000000,0.000000,0.000000,0.000000,0.000000,0.000000,0.000000,0.000000,0.000000,0.000000,0.000000,0.000000,-0.001953,-0.001908,-0.001796,-0.001683,-0.001608,-0.001472,-0.001213,-0.000870,-0.000520,-0.000217,0.000047,0.000324,0.000604,0.000830,0.001021,0.001154,0.001222,0.001264,0.001272,0.001254,0.001228,0.001197,0.001201,0.001256,0.001328,0.001407,0.001440,0.001420,0.001419,0.001435,0.001460,0.001490,0.001483,0.001440,0.001401,0.001382,0.001363,0.001331,0.001289,0.001229,0.001166,0.001141,0.001159,0.001164,0.001128,0.001078,0.001037,0.001011,0.000937,0.000788,0.000581,0.000337,0.000106,-0.000108,-0.000396,-0.000773,-0.001188,-0.001584,-0.001846,-0.001941,-0.002002,-0.002099,-0.002155,0.000000,0.000000,0.000000,0.000000,0.000000,0.000000,0.000000,0.000000,0.000000,0.000000,0.000000,0.000000,0.000000,0.000000,0.000000,0.000000,0.000000,0.000000,0.000000,0.000000
0.000000,0.000000,0.000000,0.000000,0.000000,0.000000,0.000000,0.000000,0.000000,0.000000,0.000000,0.000000,0.000000,0.000000,0.000000,0.000000,0.000000,0.000000,0.000000,-0.001840,-0.001867,-0.001826,-0.001705,-0.001504,-0.001275,-0.001010,-0.000626,-0.000183,0.000184,0.000426,0.000597,0.000761,0.000922,0.001066,0.001193,0.001304,0.001373,0.001390,0.001366,0.001313,0.001274,0.001260,0.001281,0.001333,0.001393,0.001429,0.001425,0.001411,0.001397,0.001400,0.001419,0.001445,0.001472,0.001451,0.001398,0.001360,0.001334,0.001316,0.001286,0.001238,0.001195,0.001174,0.001185,0.001190,0.001162,0.001131,0.001142,0.001183,0.001189,0.001099,0.000953,0.000816,0.000696,0.000533,0.000264,-0.000153,-0.000664,-0.001109,-0.001448,-0.001659,-0.001800,-0.001945,-0.002035,-0.002069,0.000000,0.000000,0.000000,0.000000,0.000000,0.000000,0.000000,0.000000,0.000000,0.000000,0.000000,0.000000,0.000000,0.000000,0.000000,0.000000,0.000000,0.000000,0.000000
0.000000,0.000000,0.000000,0.000000,0.000000,0.000000,0.000000,0.000000,0.000000,0.000000,0.000000,0.000000,0.000000,0.000000,0.000000,0.000000,0.000000,0.000000,-0.001740,-0.001765,-0.001758,-0.001737,-0.001569,-0.001246,-0.000888,-0.000472,0.000006,0.000431,0.000722,0.000862,0.000930,0.001000,0.001062,0.001145,0.001255,0.001355,0.001407,0.001422,0.001415,0.001367,0.001332,0.001335,0.001356,0.001377,0.001404,0.001414,0.001394,0.001388,0.001380,0.001360,0.001347,0.001380,0.001424,0.001413,0.001373,0.001332,0.001310,0.001296,0.001272,0.001240,0.001200,0.001186,0.001216,0.001214,0.001190,0.001200,0.001243,0.001324,0.001349,0.001271,0.001176,0.001110,0.001057,0.000959,0.000756,0.000411,-0.000040,-0.000505,-0.000907,-0.001217,-0.001483,-0.001692,-0.001789,-0.001862,-0.001936,0.000000,0.000000,0.000000,0.000000,0.000000,0.000000,0.000000,0.000000,0.000000,0.000000,0.000000,0.000000,0.000000,0.000000,0.000000,0.000000,0.000000,0.000000
0.000000,0.000000,0.000000,0.000000,0.000000,0.000000,0.000000,0.000000,0.000000,0.000000,0.000000,0.000000,0.000000,0.000000,0.000000,0.000000,0.000000,-0.001750,-0.001743,-0.001689,-0.001631,-0.001553,-0.001304,-0.000887,-0.000423,0.000071,0.000521,0.000855,0.001049,0.001103,0.001093,0.001099,0.001126,0.001173,0.001258,0.001325,0.001361,0.001393,0.001404,0.001383,0.001337,0.001333,0.001358,0.001352,0.001348,0.001354,0.001352,0.001352,0.001344,0.001311,0.001300,0.001343,0.001369,0.001351,0.001328,0.001314,0.001313,0.001304,0.001293,0.001268,0.001220,0.001209,0.001235,0.001233,0.001229,0.001263,0.001337,0.001431,0.001466,0.001412,0.001338,0.001296,0.001274,0.001232,0.001082,0.000818,0.000497,0.000115,-0.000297,-0.000690,-0.001050,-0.001335,-0.001516,-0.001657,-0.001825,-0.001968,0.000000,0.000000,0.000000,0.000000,0.000000,0.000000,0.000000,0.000000,0.000000,0.000000,0.000000,0.000000,0.000000,0.000000,0.000000,0.000000,0.000000
0.000000,0.000000,0.000000,0.000000,0.000000,0.000000,0.000000,0.000000,0.000000,0.000000,0.000000,0.000000,0.000000,0.000000,0.000000,0.000000,-0.001840,-0.001777,-0.001705,-0.001576,-0.001407,-0.001201,-0.000855,-0.000377,0.000103,0.000530,0.000884,0.001122,0.001228,0.001225,0.001176,0.001159,0.001172,0.001199,0.001256,0.001306,0.001327,0.001357,0.001370,0.001336,0.001281,0.001272,0.001303,0.001304,0.001303,0.001302,0.001309,0.001326,0.001299,0.001279,0.001302,0.001332,0.001341,0.001303,0.001268,0.001282,0.001317,0.001327,0.001319,0.001299,0.001270,0.001256,0.001240,0.001236,0.001259,0.001304,0.001396,0.001490,0.001521,0.001479,0.001432,0.001413,0.001392,0.001352,0.001259,0.001087,0.000863,0.000592,0.000277,-0.000114,-0.000544,-0.000916,-0.001219,-0.001472,-0.001709,-0.001919,-0.002043,0.000000,0.000000,0.000000,0.000000,0.000000,0.000000,0.000000,0.000000,0.000000,0.000000,0.000000,0.000000,0.000000,0.000000,0.000000,0.000000
0.000000,0.000000,0.000000,0.000000,0.000000,0.000000,0.000000,0.000000,0.000000,0.000000,0.000000,0.000000,0.000000,0.000000,0.000000,-0.001763,-0.001781,-0.001716,-0.001572,-0.001341,-0.001029,-0.000678,-0.000268,0.000169,0.000562,0.000881,0.001133,0.001284,0.001323,0.001290,0.001244,0.001220,0.001207,0.001234,0.001285,0.001310,0.001311,0.001330,0.001336,0.001272,0.001210,0.001214,0.001253,0.001278,0.001279,0.001290,0.001305,0.001299,0.001277,0.001280,0.001318,0.001343,0.001319,0.001268,0.001242,0.001262,0.001311,0.001351,0.001347,0.001333,0.001325,0.001302,0.001280,0.001257,0.001264,0.001317,0.001392,0.001486,0.001514,0.001469,0.001432,0.001411,0.001397,0.001369,0.001319,0.001233,0.001107,0.000950,0.000743,0.000432,0.000018,-0.000435,-0.000869,-0.001236,-0.001525,-0.001762,-0.001920,-0.001945,0.000000,0.000000,0.000000,0.000000,0.000000,0.000000,0.000000,0.000000,0.000000,0.000000,0.000000,0.000000,0.000000,0.000000,0.000000
0.000000,0.000000,0.000000,0.000000,0.000000,0.000000,0.000000,0.000000,0.000000,0.000000,0.000000,0.000000,0.000000,0.000000,-0.001588,-0.001666,-0.001652,-0.001549,-0.001323,-0.000960,-0.000536,-0.000109,0.000279,0.000614,0.000896,0.001130,0.001286,0.001367,0.001387,0.001353,0.001314,0.001290,0.001277,0.001288,0.001316,0.001309,0.001303,0.001310,0.001288,0.001228,0.001161,0.001163,0.001221,0.001254,0.001276,0.001301,0.001301,0.001285,0.001277,0.001294,0.001334,0.001352,0.001301,0.001246,0.001246,0.001272,0.001318,0.001356,0.001356,0.001351,0.001345,0.001339,0.001318,0.001278,0.001258,0.001283,0.001348,0.001415,0.001444,0.001423,0.001382,0.001346,0.001340,0.001355,0.001353,0.001328,0.001277,0.001215,0.001092,0.000861,0.000516,0.000054,-0.000466,-0.000916,-0.001250,-0.001527,-0.001731,-0.001835,-0.001871,0.000000,0.000000,0.000000,0.000000,0.000000,0.000000,0.000000,0.000000,0.000000,0.000000,0.000000,0.000000,0.000000,0.000000
0.000000,0.000000,0.000000,0.000000,0.000000,0.000000,0.000000,0.000000,0.000000,0.000000,0.000000,0.000000,0.000000,-0.001559,-0.001570,-0.001556,-0.001485,-0.001295,-0.000973,-0.000510,-0.000011,0.000379,0.000692,0.000942,0.001136,0.001292,0.001386,0.001418,0.001410,0.001387,0.001365,0.001359,0.001343,0.001343,0.001354,0.001318,0.001284,0.001270,0.001236,0.001182,0.001126,0.001119,0.001163,0.001213,0.001266,0.001292,0.001287,0.001278,0.001282,0.001319,0.001362,0.001359,0.001303,0.001260,0.001260,0.001281,0.001319,0.001341,0.001330,0.001335,0.001347,0.001339,0.001308,0.001275,0.001242,0.001233,0.001274,0.001320,0.001342,0.001338,0.001338,0.001337,0.001335,0.001360,0.001395,0.001397,0.001360,0.001321,0.001243,0.001093,0.000828,0.000448,-0.000002,-0.000485,-0.000877,-0.001183,-0.001454,-0.001648,-0.001795,-0.001875,0.000000,0.000000,0.000000,0.000000,0.000000,0.000000,0.000000,0.000000,0.000000,0.000000,0.000000,0.000000,0.000000
0.000000,0.000000,0.000000,0.000000,0.000000,0.000000,0.000000,0.000000,0.000000,0.000000,0.000000,0.000000,-0.001760,-0.001678,-0.001579,-0.001485,-0.001310,-0.000995,-0.000551,-0.000027,0.000431,0.000758,0.000998,0.001171,0.001307,0.001402,0.001434,0.001420,0.001384,0.001361,0.001379,0.001383,0.001372,0.001400,0.001398,0.001341,0.001273,0.001227,0.001190,0.001140,0.001117,0.001107,0.001108,0.001159,0.001231,0.001264,0.001269,0.001274,0.001309,0.001373,0.001403,0.001376,0.001327,0.001294,0.001289,0.001304,0.001326,0.001335,0.001319,0.001325,0.001340,0.001320,0.001290,0.001246,0.001210,0.001208,0.001224,0.001253,0.001271,0.001282,0.001326,0.001363,0.001382,0.001400,0.001407,0.001389,0.001334,0.001273,0.001210,0.001121,0.000980,0.000757,0.000436,0.000044,-0.000369,-0.000771,-0.001136,-0.001445,-0.001640,-0.001768,-0.001884,0.000000,0.000000,0.000000,0.000000,0.000000,0.000000,0.000000,0.000000,0.000000,0.000000,0.000000,0.000000
0.000000,0.000000,0.000000,0.000000,0.000000,0.000000,0.000000,0.000000,0.000000,0.000000,0.000000,-0.002023,-0.001896,-0.001756,-0.001598,-0.001413,-0.001098,-0.000616,-0.000077,0.000412,0.000770,0.001019,0.001185,0.001299,0.001395,0.001437,0.001417,0.001372,0.001330,0.001319,0.001344,0.001363,0.001387,0.001430,0.001430,0.001368,0.001288,0.001220,0.001176,0.001148,0.001139,0.001135,0.001119,0.001136,0.001210,0.001268,0.001275,0.001307,0.001373,0.001422,0.001433,0.001399,0.001342,0.001304,0.001304,0.001331,0.001358,0.001364,0.001356,0.001361,0.001360,0.001323,0.001266,0.001217,0.001198,0.001209,0.001240,0.001251,0.001243,0.001276,0.001326,0.001367,0.001403,0.001402,0.001378,0.001327,0.001246,0.001172,0.001126,0.001092,0.001071,0.001013,0.000833,0.000563,0.000178,-0.000330,-0.000809,-0.001214,-0.001520,-0.001703,-0.001800,-0.001817,0.000000,0.000000,0.000000,0.000000,0.000000,0.000000,0.000000,0.000000,0.000000,0.000000,0.000000
0.000000,0.000000,0.000000,0.000000,0.000000,0.000000,0.000000,0.000000,0.000000,0.000000,0.000000,-0.002040,-0.001952,-0.001765,-0.001546,-0.001243,-0.000771,-0.000182,0.000349,0.000739,0.001007,0.001162,0.001263,0.001347,0.001412,0.001432,0.001399,0.001335,0.001288,0.001289,0.001311,0.001337,0.001370,0.001405,0.001415,0.001362,0.001293,0.001245,0.001204,0.001192,0.001191,0.001189,0.001183,0.001184,0.001236,0.001302,0.001325,0.001356,0.001424,0.001449,0.001425,0.001388,0.001326,0.001279,0.001283,0.001318,0.001376,0.001415,0.001418,0.001425,0.001410,0.001346,0.001268,0.001230,0.001229,0.001244,0.001278,0.001278,0.001267,0.001296,0.001336,0.001373,0.001395,0.001381,0.001333,0.001274,0.001194,0.001109,0.001071,0.001093,0.001139,0.001164,0.001131,0.000961,0.000625,0.000139,-0.000434,-0.000980,-0.001402,-0.001638,-0.001794,-0.001922,0.000000,0.000000,0.000000,0.000000,0.000000,0.000000,0.000000,0.000000,0.000000,0.000000,0.000000
0.000000,0.000000,0.000000,0.000000,0.000000,0.000000,0.000000,0.000000,0.000000,0.000000,-0.002173,-0.002052,-0.001927,-0.001702,-0.001360,-0.000920,-0.000352,0.000232,0.000693,0.000978,0.001133,0.001223,0.001285,0.001346,0.001407,0.001440,0.001408,0.001347,0.001310,0.001321,0.001349,0.001344,0.001345,0.001358,0.001349,0.001327,0.001305,0.001293,0.001278,0.001262,0.001273,0.001293,0.001282,0.001274,0.001301,0.001331,0.001347,0.001365,0.001408,0.001421,0.001390,0.001364,0.001327,0.001291,0.001284,0.001312,0.001388,0.001452,0.001481,0.001485,0.001443,0.001378,0.001322,0.001295,0.001282,0.001293,0.001300,0.001286,0.001297,0.001325,0.001352,0.001384,0.001406,0.001378,0.001302,0.001233,0.001171,0.001105,0.001081,0.001124,0.001193,0.001246,0.001267,0.001192,0.000941,0.000525,-0.000033,-0.000667,-0.001181,-0.001522,-0.001753,-0.001924,-0.002062,0.000000,0.000000,0.000000,0.000000,0.000000,0.000000,0.000000,0.000000,0.000000,0.000000
0.000000,0.000000,0.000000,0.000000,0.000000,0.000000,0.000000,0.000000,0.000000,-0.002159,-0.002097,-0.001988,-0.001797,-0.001465,-0.001006,-0.000468,0.000096,0.000606,0.000951,0.001124,0.001212,0.001255,0.001274,0.001312,0.001396,0.001460,0.001443,0.001398,0.001390,0.001424,0.001433,0.001403,0.001364,0.001328,0.001310,0.001310,0.001325,0.001350,0.001376,0.001372,0.001371,0.001414,0.001418,0.001379,0.001354,0.001330,0.001319,0.001331,0.001341,0.001348,0.001354,0.001364,0.001382,0.001375,0.001355,0.001372,0.001428,0.001485,0.001517,0.001507,0.001465,0.001412,0.001380,0.001366,0.001345,0.001320,0.001288,0.001275,0.001295,0.001334,0.001360,0.001381,0.001401,0.001362,0.001274,0.001205,0.001167,0.001151,0.001158,0.001197,0.001271,0.001324,0.001327,0.001283,0.001138,0.000822,0.000338,-0.000263,-0.000846,-0.001270,-0.001586,-0.001855,-0.002046,-0.002191,0.000000,0.000000,0.000000,0.000000,0.000000,0.000000,0.000000,0.000000,0.000000
0.000000,0.000000,0.000000,0.000000,0.000000,0.000000,0.000000,0.000000,0.000000,-0.002014,-0.001953,-0.001792,-0.001510,-0.001065,-0.000516,0.000038,0.000518,0.000876,0.001088,0.001185,0.001247,0.001276,0.001275,0.001304,0.001400,0.001480,0.001477,0.001450,0.001458,0.001495,0.001496,0.001442,0.001378,0.001334,0.001316,0.001332,0.001357,0.001398,0.001449,0.001456,0.001464,0.001502,0.001515,0.001467,0.001395,0.001340,0.001304,0.001291,0.001288,0.001299,0.001326,0.001384,0.001445,0.001458,0.001446,0.001442,0.001466,0.001510,0.001523,0.001496,0.001460,0.001428,0.001411,0.001403,0.001374,0.001321,0.001283,0.001278,0.001297,0.001331,0.001351,0.001358,0.001375,0.001352,0.001267,0.001215,0.001215,0.001231,0.001257,0.001294,0.001341,0.001369,0.001375,0.001339,0.001241,0.001045,0.000684,0.000166,-0.000393,-0.000883,-0.001322,-0.001698,-0.001959,-0.002124,0.000000,0.000000,0.000000,0.000000,0.000000,0.000000,0.000000,0.000000,0.000000
0.000000,0.000000,0.000000,0.000000,0.000000,0.000000,0.000000,0.000000,-0.001849,-0.001874,-0.001799,-0.001542,-0.001136,-0.000578,0.000026,0.000495,0.000824,0.001034,0.001128,0.001194,0.001260,0.001297,0.001310,0.001341,0.001416,0.001470,0.001464,0.001445,0.001452,0.001475,0.001467,0.001411,0.001356,0.001334,0.001334,0.001353,0.001381,0.001420,0.001472,0.001493,0.001510,0.001538,0.001541,0.001505,0.001436,0.001368,0.001301,0.001265,0.001264,0.001268,0.001318,0.001403,0.001462,0.001482,0.001458,0.001440,0.001479,0.001512,0.001506,0.001473,0.001432,0.001404,0.001398,0.001401,0.001376,0.001337,0.001313,0.001304,0.001311,0.001317,0.001307,0.001317,0.001355,0.001345,0.001290,0.001262,0.001279,0.001313,0.001337,0.001361,0.001380,0.001388,0.001388,0.001376,0.001310,0.001194,0.000956,0.000553,0.000069,-0.000475,-0.001012,-0.001463,-0.001800,-0.002010,-0.002101,0.000000,0.000000,0.000000,0.000000,0.000000,0.000000,0.000000,0.000000
0.000000,0.000000,0.000000,0.000000,0.000000,0.000000,0.000000,0.000000,-0.001780,-0.001756,-0.001600,-0.001280,-0.000737,-0.000077,0.000475,0.000821,0.001011,0.001112,0.001143,0.001191,0.001271,0.001336,0.001365,0.001376,0.001414,0.001429,0.001397,0.001377,0.001402,0.001420,0.001385,0.001344,0.001311,0.001295,0.001310,0.001316,0.001326,0.001370,0.001432,0.001465,0.001476,0.001498,0.001506,0.001497,0.001455,0.001371,0.001295,0.001256,0.001246,0.001259,0.001321,0.001407,0.001460,0.001453,0.001412,0.001413,0.001465,0.001493,0.001479,0.001443,0.001394,0.001359,0.001346,0.001357,0.001377,0.001366,0.001337,0.001327,0.001315,0.001285,0.001266,0.001289,0.001331,0.001335,0.001307,0.001299,0.001329,0.001367,0.001388,0.001397,0.001405,0.001394,0.001364,0.001355,0.001339,0.001259,0.001091,0.000798,0.000394,-0.000125,-0.000730,-0.001257,-0.001630,-0.001905,-0.002065,0.000000,0.000000,0.000000,0.000000,0.000000,0.000000,0.000000,0.000000
0.000000,0.000000,0.000000,0.000000,0.000000,0.000000,0.000000,-0.001729,-0.001677,-0.001575,-0.001353,-0.000952,-0.000343,0.000316,0.000785,0.001025,0.001119,0.001147,0.001175,0.001218,0.001288,0.001360,0.001389,0.001400,0.001410,0.001386,0.001323,0.001304,0.001343,0.001364,0.001326,0.001281,0.001256,0.001236,0.001235,0.001236,0.001234,0.001277,0.001347,0.001364,0.001370,0.001386,0.001401,0.001434,0.001422,0.001350,0.001281,0.001247,0.001244,0.001271,0.001329,0.001405,0.001445,0.001417,0.001388,0.001405,0.001448,0.001469,0.001448,0.001404,0.001356,0.001312,0.001286,0.001309,0.001346,0.001345,0.001332,0.001331,0.001318,0.001283,0.001262,0.001297,0.001343,0.001335,0.001307,0.001320,0.001356,0.001387,0.001420,0.001432,0.001407,0.001366,0.001319,0.001292,0.001293,0.001248,0.001129,0.000916,0.000599,0.000134,-0.000472,-0.001034,-0.001488,-0.001814,-0.001999,-0.002089,0.000000,0.000000,0.000000,0.000000,0.000000,0.000000,0.000000
0.000000,0.000000,0.000000,0.000000,0.000000,0.000000,0.000000,-0.001653,-0.001578,-0.001410,-0.001114,-0.000622,0.000007,0.000598,0.000980,0.001119,0.001151,0.001172,0.001195,0.001241,0.001298,0.001336,0.001364,0.001387,0.001390,0.001348,0.001266,0.001239,0.001278,0.001304,0.001289,0.001243,0.001222,0.001205,0.001186,0.001186,0.001197,0.001244,0.001285,0.001285,0.001267,0.001265,0.001298,0.001346,0.001356,0.001306,0.001263,0.001263,0.001277,0.001289,0.001344,0.001408,0.001404,0.001376,0.001361,0.001381,0.001415,0.001409,0.001381,0.001368,0.001345,0.001290,0.001249,0.001260,0.001284,0.001299,0.001310,0.001320,0.001333,0.001301,0.001275,0.001317,0.001359,0.001334,0.001305,0.001334,0.001382,0.001415,0.001434,0.001450,0.001421,0.001327,0.001252,0.001228,0.001224,0.001215,0.001146,0.000990,0.000759,0.000379,-0.000174,-0.000793,-0.001340,-0.001720,-0.001960,-0.002085,0.000000,0.000000,0.000000,0.000000,0.000000,0.000000,0.000000
0.000000,0.000000,0.000000,0.000000,0.000000,0.000000,-0.001685,-0.001633,-0.001551,-0.001334,-0.000922,-0.000363,0.000261,0.000778,0.001054,0.001136,0.001163,0.001189,0.001203,0.001244,0.001285,0.001296,0.001308,0.001322,0.001334,0.001298,0.001220,0.001185,0.001219,0.001265,0.001273,0.001257,0.001236,0.001222,0.001208,0.001190,0.001203,0.001246,0.001274,0.001265,0.001231,0.001220,0.001249,0.001298,0.001317,0.001291,0.001287,0.001320,0.001330,0.001337,0.001382,0.001405,0.001367,0.001322,0.001320,0.001346,0.001350,0.001327,0.001316,0.001354,0.001372,0.001320,0.001248,0.001219,0.001242,0.001271,0.001291,0.001335,0.001363,0.001322,0.001294,0.001328,0.001352,0.001327,0.001307,0.001350,0.001414,0.001443,0.001442,0.001446,0.001418,0.001311,0.001220,0.001191,0.001182,0.001184,0.001151,0.001055,0.000885,0.000600,0.000101,-0.000551,-0.001149,-0.001615,-0.001920,-0.002103,-0.002209,0.000000,0.000000,0.000000,0.000000,0.000000,0.000000
0.000000,0.000000,0.000000,0.000000,0.000000,0.000000,-0.001601,-0.001629,-0.001541,-0.001256,-0.000777,-0.000139,0.000453,0.000867,0.001084,0.001166,0.001209,0.001236,0.001260,0.001295,0.001305,0.001281,0.001257,0.001248,0.001252,0.001227,0.001170,0.001134,0.001166,0.001226,0.001256,0.001279,0.001285,0.001272,0.001248,0.001218,0.001198,0.001214,0.001260,0.001258,0.001236,0.001233,0.001238,0.001265,0.001284,0.001304,0.001337,0.001367,0.001374,0.001378,0.001401,0.001389,0.001338,0.001299,0.001311,0.001331,0.001313,0.001290,0.001310,0.001382,0.001430,0.001397,0.001311,0.001253,0.001252,0.001273,0.001325,0.001397,0.001421,0.001385,0.001342,0.001348,0.001362,0.001319,0.001305,0.001377,0.001441,0.001446,0.001429,0.001416,0.001387,0.001320,0.001236,0.001195,0.001193,0.001186,0.001169,0.001113,0.000990,0.000761,0.000338,-0.000267,-0.000930,-0.001468,-0.001821,-0.002054,-0.002153,0.000000,0.000000,0.000000,0.000000,0.000000,0.000000
0.000000,0.000000,0.000000,0.000000,0.000000,-0.001543,-0.001594,-0.001595,-0.001424,-0.001068,-0.000538,0.000098,0.000629,0.000965,0.001142,0.001236,0.001297,0.001328,0.001356,0.001378,0.001359,0.001313,0.001274,0.001233,0.001197,0.001167,0.001128,0.001108,0.001122,0.001163,0.001210,0.001252,0.001293,0.001308,0.001281,0.001239,0.001197,0.001200,0.001237,0.001258,0.001273,0.001262,0.001241,0.001241,0.001256,0.001301,0.001361,0.001391,0.001386,0.001379,0.001387,0.001376,0.001324,0.001304,0.001333,0.001344,0.001316,0.001287,0.001322,0.001409,0.001477,0.001470,0.001413,0.001350,0.001307,0.001328,0.001392,0.001459,0.001496,0.001461,0.001409,0.001392,0.001364,0.001314,0.001311,0.001378,0.001451,0.001445,0.001390,0.001379,0.001382,0.001332,0.001268,0.001251,0.001243,0.001227,0.001220,0.001178,0.001084,0.000910,0.000577,0.000025,-0.000654,-0.001246,-0.001667,-0.001929,-0.002061,-0.002100,0.000000,0.000000,0.000000,0.000000,0.000000
0.000000,0.000000,0.000000,0.000000,0.000000,-0.001723,-0.001668,-0.001528,-0.001237,-0.000773,-0.000184,0.000354,0.000783,0.001063,0.001201,0.001302,0.001370,0.001393,0.001407,0.001426,0.001420,0.001380,0.001339,0.001299,0.001229,0.001159,0.001126,0.001116,0.001111,0.001134,0.001181,0.001223,0.001267,0.001303,0.001304,0.001269,0.001237,0.001232,0.001252,0.001291,0.001317,0.001307,0.001273,0.001248,0.001256,0.001296,0.001345,0.001377,0.001372,0.001361,0.001361,0.001338,0.001309,0.001317,0.001349,0.001358,0.001326,0.001305,0.001331,0.001402,0.001476,0.001503,0.001488,0.001442,0.001392,0.001394,0.001447,0.001515,0.001542,0.001494,0.001452,0.001431,0.001378,0.001337,0.001335,0.001377,0.001435,0.001426,0.001365,0.001354,0.001379,0.001344,0.001298,0.001296,0.001293,0.001293,0.001282,0.001237,0.001157,0.001033,0.000773,0.000309,-0.000305,-0.000946,-0.001441,-0.001752,-0.001911,-0.001954,0.000000,0.000000,0.000000,0.000000,0.000000
0.000000,0.000000,0.000000,0.000000,-0.002113,-0.001934,-0.001733,-0.001476,-0.001040,-0.000444,0.000143,0.000584,0.000889,0.001096,0.001239,0.001322,0.001356,0.001380,0.001402,0.001422,0.001420,0.001417,0.001409,0.001365,0.001273,0.001166,0.001113,0.001111,0.001127,0.001160,0.001194,0.001230,0.001264,0.001290,0.001298,0.001291,0.001286,0.001268,0.001277,0.001299,0.001310,0.001328,0.001306,0.001269,0.001272,0.001307,0.001336,0.001351,0.001346,0.001319,0.001308,0.001287,0.001267,0.001290,0.001340,0.001363,0.001336,0.001319,0.001354,0.001420,0.001463,0.001498,0.001516,0.001483,0.001439,0.001434,0.001492,0.001551,0.001541,0.001487,0.001450,0.001436,0.001420,0.001391,0.001379,0.001395,0.001417,0.001413,0.001369,0.001362,0.001385,0.001366,0.001323,0.001319,0.001342,0.001351,0.001348,0.001307,0.001221,0.001111,0.000918,0.000569,0.000032,-0.000610,-0.001159,-0.001512,-0.001738,-0.001877,-0.001902,0.000000,0.000000,0.000000,0.000000
0.000000,0.000000,0.000000,0.000000,-0.002190,-0.002014,-0.001747,-0.001414,-0.000853,-0.000165,0.000392,0.000750,0.000954,0.001110,0.001242,0.001307,0.001325,0.001335,0.001357,0.001382,0.001389,0.001408,0.001438,0.001389,0.001266,0.001148,0.001093,0.001111,0.001153,0.001212,0.001256,0.001263,0.001276,0.001288,0.001294,0.001304,0.001307,0.001297,0.001277,0.001268,0.001288,0.001311,0.001308,0.001308,0.001319,0.001339,0.001357,0.001358,0.001334,0.001288,0.001253,0.001241,0.001224,0.001231,0.001294,0.001339,0.001324,0.001316,0.001370,0.001440,0.001477,0.001494,0.001499,0.001471,0.001433,0.001446,0.001496,0.001527,0.001503,0.001448,0.001418,0.001423,0.001426,0.001423,0.001406,0.001377,0.001384,0.001402,0.001390,0.001379,0.001390,0.001377,0.001336,0.001334,0.001352,0.001367,0.001396,0.001377,0.001286,0.001164,0.001000,0.000719,0.000277,-0.000309,-0.000907,-0.001323,-0.001611,-0.001829,-0.001918,0.000000,0.000000,0.000000,0.000000
0.000000,0.000000,0.000000,0.000000,-0.002147,-0.001969,-0.001684,-0.001265,-0.000681,0.000012,0.000557,0.000842,0.001001,0.001122,0.001216,0.001286,0.001317,0.001317,0.001334,0.001363,0.001378,0.001404,0.001416,0.001359,0.001242,0.001133,0.001095,0.001123,0.001196,0.001273,0.001320,0.001322,0.001321,0.001327,0.001325,0.001324,0.001325,0.001324,0.001299,0.001291,0.001305,0.001325,0.001352,0.001365,0.001367,0.001361,0.001355,0.001348,0.001313,0.001265,0.001228,0.001212,0.001197,0.001194,0.001238,0.001289,0.001296,0.001300,0.001369,0.001442,0.001482,0.001495,0.001482,0.001460,0.001435,0.001423,0.001440,0.001465,0.001444,0.001393,0.001388,0.001414,0.001411,0.001403,0.001372,0.001322,0.001319,0.001348,0.001364,0.001357,0.001363,0.001373,0.001353,0.001323,0.001315,0.001348,0.001398,0.001406,0.001337,0.001210,0.001037,0.000792,0.000442,-0.000069,-0.000681,-0.001182,-0.001515,-0.001749,-0.001903,0.000000,0.000000,0.000000,0.000000
0.000000,0.000000,0.000000,-0.002035,-0.002076,-0.001900,-0.001558,-0.001098,-0.000494,0.000160,0.000651,0.000895,0.001013,0.001102,0.001182,0.001253,0.001306,0.001335,0.001372,0.001388,0.001385,0.001399,0.001373,0.001300,0.001214,0.001142,0.001119,0.001145,0.001225,0.001317,0.001366,0.001384,0.001383,0.001375,0.001347,0.001330,0.001344,0.001344,0.001341,0.001336,0.001347,0.001382,0.001420,0.001426,0.001387,0.001338,0.001302,0.001289,0.001267,0.001233,0.001227,0.001219,0.001192,0.001178,0.001209,0.001264,0.001282,0.001299,0.001362,0.001436,0.001466,0.001477,0.001491,0.001469,0.001439,0.001407,0.001374,0.001380,0.001369,0.001350,0.001374,0.001394,0.001379,0.001347,0.001310,0.001272,0.001265,0.001287,0.001308,0.001330,0.001347,0.001379,0.001395,0.001355,0.001321,0.001336,0.001384,0.001401,0.001348,0.001238,0.001080,0.000881,0.000592,0.000139,-0.000445,-0.001013,-0.001436,-0.001698,-0.001812,-0.001813,0.000000,0.000000,0.000000
0.000000,0.000000,0.000000,-0.002096,-0.002071,-0.001864,-0.001486,-0.000971,-0.000304,0.000309,0.000708,0.000927,0.001022,0.001075,0.001139,0.001222,0.001317,0.001394,0.001435,0.001442,0.001427,0.001386,0.001336,0.001276,0.001222,0.001191,0.001174,0.001184,0.001241,0.001335,0.001401,0.001412,0.001405,0.001370,0.001321,0.001312,0.001331,0.001352,0.001349,0.001324,0.001336,0.001376,0.001416,0.001432,0.001379,0.001290,0.001238,0.001241,0.001257,0.001249,0.001243,0.001243,0.001220,0.001193,0.001219,0.001274,0.001310,0.001358,0.001409,0.001442,0.001460,0.001467,0.001488,0.001482,0.001435,0.001391,0.001344,0.001314,0.001306,0.001317,0.001359,0.001364,0.001309,0.001275,0.001265,0.001251,0.001246,0.001258,0.001279,0.001300,0.001354,0.001411,0.001422,0.001394,0.001354,0.001345,0.001377,0.001378,0.001322,0.001251,0.001130,0.000958,0.000730,0.000332,-0.000258,-0.000881,-0.001350,-0.001634,-0.001735,-0.001705,0.000000,0.000000,0.000000
0.000000,0.000000,0.000000,-0.002161,-0.002056,-0.001833,-0.001431,-0.000823,-0.000120,0.000438,0.000763,0.000936,0.001031,0.001079,0.001125,0.001218,0.001342,0.001441,0.001489,0.001495,0.001453,0.001384,0.001322,0.001272,0.001251,0.001240,0.001207,0.001183,0.001227,0.001321,0.001392,0.001411,0.001382,0.001329,0.001284,0.001284,0.001321,0.001336,0.001309,0.001276,0.001255,0.001275,0.001336,0.001380,0.001342,0.001275,0.001243,0.001257,0.001291,0.001306,0.001295,0.001271,0.001260,0.001249,0.001263,0.001308,0.001374,0.001456,0.001512,0.001510,0.001488,0.001484,0.001479,0.001477,0.001444,0.001386,0.001349,0.001320,0.001299,0.001315,0.001358,0.001353,0.001290,0.001244,0.001251,0.001265,0.001242,0.001237,0.001255,0.001285,0.001351,0.001411,0.001413,0.001380,0.001370,0.001385,0.001395,0.001384,0.001335,0.001270,0.001176,0.001013,0.000803,0.000436,-0.000153,-0.000792,-0.001283,-0.001574,-0.001699,-0.001701,0.000000,0.000000,0.000000
0.000000,0.000000,0.000000,-0.002151,-0.002014,-0.001748,-0.001292,-0.000637,0.000076,0.000580,0.000838,0.000960,0.001032,0.001098,0.001149,0.001220,0.001334,0.001429,0.001478,0.001489,0.001450,0.001389,0.001325,0.001267,0.001257,0.001253,0.001199,0.001150,0.001175,0.001267,0.001347,0.001376,0.001354,0.001302,0.001270,0.001278,0.001308,0.001307,0.001263,0.001220,0.001196,0.001197,0.001251,0.001322,0.001331,0.001300,0.001289,0.001312,0.001353,0.001365,0.001341,0.001309,0.001296,0.001298,0.001300,0.001326,0.001408,0.001518,0.001593,0.001592,0.001539,0.001517,0.001504,0.001467,0.001441,0.001402,0.001364,0.001343,0.001317,0.001331,0.001376,0.001375,0.001331,0.001295,0.001296,0.001291,0.001245,0.001210,0.001231,0.001284,0.001335,0.001379,0.001390,0.001383,0.001409,0.001437,0.001445,0.001446,0.001405,0.001318,0.001216,0.001068,0.000834,0.000472,-0.000067,-0.000697,-0.001219,-0.001535,-0.001715,-0.001814,0.000000,0.000000,0.000000
0.000000,0.000000,0.000000,-0.002086,-0.001941,-0.001630,-0.001134,-0.000428,0.000272,0.000720,0.000924,0.001009,0.001067,0.001127,0.001178,0.001225,0.001308,0.001399,0.001431,0.001449,0.001457,0.001404,0.001331,0.001282,0.001269,0.001267,0.001210,0.001140,0.001148,0.001229,0.001302,0.001321,0.001316,0.001287,0.001268,0.001271,0.001269,0.001268,0.001228,0.001183,0.001171,0.001170,0.001212,0.001289,0.001331,0.001318,0.001309,0.001346,0.001406,0.001410,0.001364,0.001344,0.001329,0.001317,0.001305,0.001312,0.001388,0.001509,0.001597,0.001615,0.001588,0.001562,0.001542,0.001492,0.001426,0.001382,0.001357,0.001332,0.001306,0.001321,0.001375,0.001385,0.001366,0.001374,0.001369,0.001314,0.001244,0.001204,0.001217,0.001268,0.001319,0.001356,0.001367,0.001397,0.001456,0.001485,0.001499,0.001499,0.001471,0.001401,0.001272,0.001119,0.000898,0.000550,0.000057,-0.000537,-0.001086,-0.001497,-0.001780,-0.001964,0.000000,0.000000,0.000000
0.000000,0.000000,-0.002014,-0.002023,-0.001859,-0.001516,-0.000971,-0.000225,0.000427,0.000812,0.000995,0.001072,0.001123,0.001177,0.001219,0.001261,0.001331,0.001396,0.001434,0.001465,0.001476,0.001432,0.001355,0.001309,0.001304,0.001295,0.001239,0.001169,0.001174,0.001234,0.001272,0.001272,0.001263,0.001266,0.001268,0.001269,0.001261,0.001221,0.001186,0.001163,0.001145,0.001154,0.001206,0.001286,0.001323,0.001307,0.001305,0.001346,0.001408,0.001420,0.001377,0.001342,0.001328,0.001315,0.001298,0.001306,0.001363,0.001462,0.001539,0.001579,0.001608,0.001601,0.001567,0.001521,0.001432,0.001347,0.001315,0.001296,0.001280,0.001295,0.001341,0.001378,0.001397,0.001415,0.001415,0.001355,0.001260,0.001221,0.001244,0.001286,0.001323,0.001341,0.001365,0.001421,0.001492,0.001534,0.001534,0.001523,0.001500,0.001444,0.001334,0.001183,0.000985,0.000667,0.000226,-0.000321,-0.000932,-0.001454,-0.001823,-0.002133,-0.002376,0.000000,0.000000
0.000000,0.000000,-0.002063,-0.001990,-0.001805,-0.001420,-0.000828,-0.000091,0.000527,0.000872,0.001049,0.001139,0.001186,0.001243,0.001280,0.001303,0.001371,0.001432,0.001468,0.001494,0.001499,0.001460,0.001395,0.001366,0.001379,0.001362,0.001291,0.001230,0.001231,0.001256,0.001250,0.001234,0.001242,0.001276,0.001299,0.001301,0.001285,0.001231,0.001175,0.001132,0.001119,0.001147,0.001208,0.001291,0.001326,0.001306,0.001297,0.001329,0.001379,0.001377,0.001335,0.001308,0.001290,0.001268,0.001264,0.001294,0.001342,0.001412,0.001481,0.001539,0.001586,0.001608,0.001591,0.001525,0.001423,0.001325,0.001281,0.001272,0.001260,0.001271,0.001317,0.001374,0.001413,0.001417,0.001411,0.001373,0.001300,0.001271,0.001302,0.001326,0.001345,0.001357,0.001374,0.001437,0.001515,0.001549,0.001524,0.001503,0.001468,0.001405,0.001341,0.001221,0.001035,0.000772,0.000389,-0.000147,-0.000790,-0.001367,-0.001809,-0.002154,-0.002354,0.000000,0.000000
0.000000,0.000000,-0.002075,-0.001971,-0.001760,-0.001390,-0.000787,-0.000032,0.000582,0.000915,0.001092,0.001202,0.001263,0.001301,0.001317,0.001320,0.001360,0.001429,0.001456,0.001472,0.001490,0.001451,0.001423,0.001437,0.001465,0.001459,0.001387,0.001318,0.001296,0.001291,0.001266,0.001244,0.001269,0.001324,0.001359,0.001365,0.001334,0.001273,0.001194,0.001128,0.001106,0.001127,0.001202,0.001278,0.001310,0.001306,0.001290,0.001303,0.001324,0.001298,0.001270,0.001270,0.001249,0.001208,0.001205,0.001239,0.001292,0.001360,0.001433,0.001518,0.001578,0.001587,0.001568,0.001500,0.001401,0.001328,0.001308,0.001309,0.001281,0.001277,0.001330,0.001373,0.001399,0.001401,0.001380,0.001362,0.001336,0.001328,0.001341,0.001345,0.001345,0.001355,0.001374,0.001425,0.001490,0.001509,0.001479,0.001425,0.001391,0.001362,0.001297,0.001213,0.001073,0.000840,0.000494,-0.000037,-0.000691,-0.001289,-0.001749,-0.002085,-0.002304,0.000000,0.000000
0.000000,0.000000,-0.001994,-0.001916,-0.001719,-0.001400,-0.000837,-0.000068,0.000568,0.000924,0.001128,0.001254,0.001310,0.001320,0.001303,0.001298,0.001330,0.001365,0.001389,0.001427,0.001446,0.001419,0.001402,0.001429,0.001489,0.001507,0.001453,0.001399,0.001360,0.001338,0.001323,0.001313,0.001338,0.001377,0.001409,0.001427,0.001400,0.001321,0.001230,0.001171,0.001146,0.001158,0.001203,0.001243,0.001273,0.001287,0.001278,0.001272,0.001265,0.001236,0.001226,0.001238,0.001226,0.001189,0.001154,0.001166,0.001214,0.001285,0.001386,0.001480,0.001542,0.001534,0.001480,0.001434,0.001377,0.001353,0.001383,0.001391,0.001358,0.001331,0.001348,0.001388,0.001400,0.001379,0.001359,0.001364,0.001376,0.001378,0.001363,0.001349,0.001328,0.001329,0.001379,0.001428,0.001449,0.001443,0.001409,0.001365,0.001352,0.001351,0.001296,0.001212,0.001103,0.000896,0.000547,0.000003,-0.000682,-0.001291,-0.001754,-0.002110,-0.002291,0.000000,0.000000
0.000000,0.000000,-0.001942,-0.001877,-0.001709,-0.001417,-0.000889,-0.000136,0.000527,0.000927,0.001151,0.001265,0.001301,0.001294,0.001259,0.001256,0.001287,0.001310,0.001340,0.001388,0.001420,0.001392,0.001346,0.001362,0.001420,0.001452,0.001437,0.001398,0.001378,0.001382,0.001378,0.001377,0.001394,0.001417,0.001438,0.001453,0.001452,0.001388,0.001300,0.001254,0.001238,0.001242,0.001240,0.001234,0.001245,0.001268,0.001288,0.001279,0.001253,0.001219,0.001205,0.001220,0.001217,0.001172,0.001128,0.001130,0.001161,0.001213,0.001317,0.001417,0.001458,0.001455,0.001400,0.001353,0.001360,0.001404,0.001458,0.001463,0.001432,0.001404,0.001388,0.001406,0.001423,0.001390,0.001365,0.001387,0.001421,0.001432,0.001401,0.001362,0.001337,0.001342,0.001383,0.001425,0.001433,0.001389,0.001329,0.001323,0.001346,0.001357,0.001338,0.001252,0.001128,0.000938,0.000563,-0.000046,-0.000768,-0.001402,-0.001868,-0.002183,-0.002326,0.000000,0.000000
0.000000,0.000000,-0.001996,-0.001893,-0.001706,-0.001404,-0.000878,-0.000147,0.000506,0.000916,0.001143,0.001253,0.001286,0.001244,0.001205,0.001219,0.001241,0.001280,0.001333,0.001395,0.001439,0.001394,0.001311,0.001282,0.001296,0.001327,0.001332,0.001313,0.001334,0.001368,0.001382,0.001382,0.001395,0.001422,0.001442,0.001479,0.001498,0.001458,0.001407,0.001369,0.001346,0.001328,0.001292,0.001261,0.001250,0.001278,0.001314,0.001305,0.001284,0.001249,0.001211,0.001213,0.001200,0.001144,0.001123,0.001139,0.001159,0.001199,0.001264,0.001351,0.001409,0.001400,0.001364,0.001348,0.001386,0.001454,0.001486,0.001474,0.001455,0.001446,0.001441,0.001437,0.001444,0.001425,0.001386,0.001396,0.001437,0.001461,0.001449,0.001404,0.001364,0.001357,0.001377,0.001403,0.001395,0.001342,0.001295,0.001293,0.001334,0.001384,0.001391,0.001329,0.001202,0.000974,0.000560,-0.000114,-0.000909,-0.001552,-0.001978,-0.002230,-0.002351,0.000000,0.000000
0.000000,0.000000,-0.002006,-0.001897,-0.001666,-0.001342,-0.000831,-0.000126,0.000488,0.000862,0.001093,0.001231,0.001264,0.001222,0.001180,0.001188,0.001227,0.001274,0.001346,0.001442,0.001485,0.001427,0.001322,0.001249,0.001218,0.001201,0.001193,0.001222,0.001274,0.001312,0.001321,0.001325,0.001365,0.001407,0.001435,0.001487,0.001536,0.001546,0.001521,0.001477,0.001439,0.001403,0.001355,0.001314,0.001300,0.001314,0.001314,0.001302,0.001298,0.001273,0.001235,0.001214,0.001186,0.001138,0.001135,0.001187,0.001226,0.001245,0.001276,0.001331,0.001385,0.001388,0.001371,0.001374,0.001407,0.001441,0.001434,0.001409,0.001407,0.001429,0.001443,0.001460,0.001472,0.001439,0.001372,0.001361,0.001417,0.001452,0.001456,0.001429,0.001376,0.001332,0.001330,0.001344,0.001339,0.001319,0.001297,0.001294,0.001329,0.001406,0.001444,0.001405,0.001291,0.001035,0.000591,-0.000113,-0.000956,-0.001616,-0.001985,-0.002175,-0.002285,0.000000,0.000000
0.000000,0.000000,-0.001990,-0.001869,-0.001633,-0.001302,-0.000773,-0.000093,0.000480,0.000836,0.001044,0.001189,0.001257,0.001244,0.001204,0.001195,0.001225,0.001280,0.001363,0.001457,0.001495,0.001450,0.001367,0.001280,0.001210,0.001155,0.001146,0.001187,0.001247,0.001286,0.001264,0.001263,0.001315,0.001371,0.001416,0.001460,0.001535,0.001586,0.001576,0.001534,0.001467,0.001428,0.001418,0.001375,0.001326,0.001298,0.001275,0.001269,0.001269,0.001276,0.001271,0.001242,0.001210,0.001158,0.001159,0.001248,0.001301,0.001302,0.001327,0.001353,0.001368,0.001383,0.001365,0.001349,0.001376,0.001387,0.001354,0.001322,0.001328,0.001374,0.001415,0.001455,0.001490,0.001455,0.001374,0.001340,0.001373,0.001409,0.001418,0.001387,0.001319,0.001266,0.001242,0.001246,0.001277,0.001292,0.001278,0.001277,0.001309,0.001376,0.001437,0.001415,0.001302,0.001073,0.000636,-0.000075,-0.000905,-0.001552,-0.001897,-0.002035,-0.002110,0.000000,0.000000
0.000000,0.000000,-0.002018,-0.001863,-0.001641,-0.001306,-0.000742,-0.000044,0.000514,0.000859,0.001060,0.001197,0.001293,0.001291,0.001255,0.001255,0.001263,0.001299,0.001368,0.001438,0.001478,0.001456,0.001396,0.001333,0.001256,0.001195,0.001185,0.001220,0.001283,0.001298,0.001253,0.001247,0.001275,0.001308,0.001353,0.001403,0.001466,0.001523,0.001542,0.001509,0.001452,0.001429,0.001427,0.001385,0.001301,0.001238,0.001220,0.001223,0.001258,0.001302,0.001306,0.001285,0.001240,0.001180,0.001178,0.001258,0.001309,0.001325,0.001350,0.001355,0.001356,0.001349,0.001319,0.001309,0.001326,0.001351,0.001337,0.001292,0.001283,0.001310,0.001377,0.001455,0.001500,0.001485,0.001409,0.001354,0.001353,0.001367,0.001352,0.001286,0.001213,0.001173,0.001159,0.001171,0.001199,0.001220,0.001230,0.001233,0.001260,0.001320,0.001383,0.001369,0.001246,0.001030,0.000629,-0.000050,-0.000855,-0.001469,-0.001784,-0.001896,-0.001916,0.000000,0.000000
0.000000,-0.002048,-0.002008,-0.001867,-0.001639,-0.001307,-0.000747,-0.000011,0.000569,0.000899,0.001107,0.001241,0.001326,0.001340,0.001326,0.001332,0.001327,0.001349,0.001395,0.001441,0.001483,0.001467,0.001424,0.001381,0.001314,0.001257,0.001241,0.001271,0.001314,0.001307,0.001260,0.001230,0.001240,0.001247,0.001255,0.001292,0.001332,0.001387,0.001427,0.001424,0.001426,0.001431,0.001415,0.001372,0.001290,0.001227,0.001217,0.001230,0.001280,0.001334,0.001334,0.001304,0.001245,0.001182,0.001187,0.001246,0.001296,0.001319,0.001330,0.001340,0.001334,0.001306,0.001267,0.001255,0.001297,0.001342,0.001354,0.001314,0.001269,0.001270,0.001331,0.001424,0.001487,0.001491,0.001439,0.001394,0.001376,0.001347,0.001288,0.001212,0.001147,0.001129,0.001136,0.001135,0.001158,0.001183,0.001192,0.001207,0.001249,0.001313,0.001348,0.001323,0.001205,0.000970,0.000581,-0.000051,-0.000823,-0.001421,-0.001697,-0.001803,-0.001819,-0.001734,0.000000
0.000000,0.000000,-0.001982,-0.001837,-0.001627,-0.001294,-0.000721,-0.000002,0.000586,0.000934,0.001135,0.001272,0.001350,0.001369,0.001373,0.001387,0.001381,0.001397,0.001443,0.001480,0.001500,0.001487,0.001449,0.001393,0.001348,0.001315,0.001294,0.001303,0.001305,0.001289,0.001257,0.001219,0.001203,0.001196,0.001193,0.001194,0.001199,0.001234,0.001296,0.001353,0.001397,0.001424,0.001430,0.001404,0.001350,0.001308,0.001301,0.001305,0.001331,0.001366,0.001353,0.001308,0.001263,0.001213,0.001220,0.001282,0.001313,0.001307,0.001304,0.001308,0.001307,0.001283,0.001238,0.001217,0.001268,0.001334,0.001352,0.001325,0.001267,0.001260,0.001309,0.001362,0.001426,0.001455,0.001451,0.001438,0.001414,0.001366,0.001289,0.001211,0.001153,0.001151,0.001161,0.001146,0.001153,0.001180,0.001194,0.001226,0.001278,0.001326,0.001345,0.001295,0.001174,0.000942,0.000549,-0.000076,-0.000840,-0.001409,-0.001678,-0.001784,-0.001794,0.000000,0.000000
0.000000,0.000000,-0.001993,-0.001863,-0.001664,-0.001331,-0.000735,-0.000005,0.000579,0.000944,0.001164,0.001299,0.001354,0.001356,0.001367,0.001396,0.001406,0.001416,0.001467,0.001507,0.001503,0.001478,0.001436,0.001402,0.001380,0.001352,0.001335,0.001315,0.001298,0.001286,0.001255,0.001221,0.001186,0.001168,0.001169,0.001154,0.001138,0.001155,0.001217,0.001313,0.001391,0.001433,0.001449,0.001461,0.001452,0.001419,0.001390,0.001368,0.001365,0.001378,0.001361,0.001310,0.001285,0.001285,0.001294,0.001338,0.001343,0.001297,0.001272,0.001269,0.001282,0.001274,0.001233,0.001214,0.001263,0.001340,0.001359,0.001335,0.001298,0.001282,0.001310,0.001325,0.001354,0.001402,0.001437,0.001462,0.001442,0.001387,0.001318,0.001228,0.001186,0.001193,0.001189,0.001182,0.001166,0.001161,0.001187,0.001225,0.001267,0.001299,0.001306,0.001255,0.001121,0.000889,0.000510,-0.000120,-0.000879,-0.001441,-0.001720,-0.001821,-0.001845,0.000000,0.000000
0.000000,0.000000,-0.002012,-0.001937,-0.001712,-0.001381,-0.000803,-0.000051,0.000544,0.000935,0.001172,0.001298,0.001332,0.001307,0.001324,0.001351,0.001363,0.001406,0.001460,0.001481,0.001468,0.001444,0.001420,0.001415,0.001408,0.001390,0.001358,0.001316,0.001298,0.001288,0.001261,0.001221,0.001172,0.001144,0.001149,0.001148,0.001148,0.001167,0.001202,0.001282,0.001378,0.001429,0.001456,0.001486,0.001494,0.001452,0.001396,0.001364,0.001351,0.001348,0.001323,0.001285,0.001301,0.001335,0.001360,0.001381,0.001352,0.001296,0.001257,0.001266,0.001286,0.001270,0.001231,0.001227,0.001288,0.001354,0.001382,0.001363,0.001338,0.001326,0.001330,0.001328,0.001322,0.001370,0.001428,0.001457,0.001437,0.001368,0.001305,0.001242,0.001206,0.001221,0.001219,0.001193,0.001171,0.001138,0.001124,0.001159,0.001220,0.001251,0.001237,0.001194,0.001066,0.000828,0.000446,-0.000176,-0.000902,-0.001460,-0.001752,-0.001856,-0.001926,0.000000,0.000000
0.000000,0.000000,-0.002040,-0.001923,-0.001711,-0.001373,-0.000810,-0.000101,0.000497,0.000893,0.001147,0.001274,0.001293,0.001251,0.001251,0.001290,0.001308,0.001360,0.001427,0.001439,0.001411,0.001398,0.001416,0.001437,0.001440,0.001426,0.001381,0.001332,0.001291,0.001265,0.001260,0.001225,0.001160,0.001138,0.001157,0.001174,0.001186,0.001206,0.001234,0.001277,0.001342,0.001399,0.001443,0.001473,0.001457,0.001399,0.001340,0.001306,0.001292,0.001274,0.001236,0.001224,0.001285,0.001355,0.001400,0.001412,0.001375,0.001324,0.001302,0.001311,0.001318,0.001289,0.001244,0.001236,0.001289,0.001367,0.001401,0.001378,0.001346,0.001355,0.001376,0.001359,0.001332,0.001359,0.001418,0.001434,0.001406,0.001344,0.001277,0.001239,0.001217,0.001229,0.001247,0.001221,0.001164,0.001109,0.001080,0.001121,0.001201,0.001240,0.001235,0.001185,0.001060,0.000817,0.000421,-0.000183,-0.000904,-0.001467,-0.001773,-0.001915,-0.001981,0.000000,0.000000
0.000000,0.000000,-0.001966,-0.001834,-0.001662,-0.001339,-0.000784,-0.000093,0.000477,0.000859,0.001119,0.001245,0.001259,0.001217,0.001196,0.001223,0.001252,0.001309,0.001377,0.001386,0.001356,0.001351,0.001396,0.001440,0.001454,0.001438,0.001402,0.001355,0.001294,0.001250,0.001235,0.001213,0.001181,0.001163,0.001167,0.001191,0.001212,0.001231,0.001254,0.001274,0.001313,0.001362,0.001403,0.001420,0.001376,0.001321,0.001281,0.001229,0.001188,0.001167,0.001137,0.001148,0.001245,0.001358,0.001418,0.001426,0.001410,0.001382,0.001370,0.001376,0.001363,0.001335,0.001298,0.001273,0.001305,0.001367,0.001403,0.001395,0.001368,0.001395,0.001434,0.001414,0.001377,0.001371,0.001393,0.001405,0.001371,0.001322,0.001281,0.001231,0.001225,0.001253,0.001265,0.001256,0.001197,0.001132,0.001114,0.001152,0.001226,0.001269,0.001258,0.001205,0.001076,0.000828,0.000442,-0.000160,-0.000904,-0.001488,-0.001831,-0.002012,-0.002062,0.000000,0.000000
0.000000,0.000000,-0.001800,-0.001771,-0.001637,-0.001340,-0.000785,-0.000079,0.000483,0.000847,0.001079,0.001217,0.001255,0.001219,0.001177,0.001164,0.001191,0.001265,0.001350,0.001360,0.001337,0.001349,0.001382,0.001419,0.001449,0.001449,0.001414,0.001368,0.001307,0.001250,0.001223,0.001212,0.001193,0.001177,0.001171,0.001180,0.001203,0.001225,0.001244,0.001265,0.001289,0.001311,0.001341,0.001350,0.001322,0.001289,0.001252,0.001193,0.001129,0.001083,0.001070,0.001117,0.001238,0.001355,0.001412,0.001432,0.001432,0.001414,0.001395,0.001391,0.001378,0.001367,0.001355,0.001333,0.001329,0.001354,0.001399,0.001412,0.001402,0.001439,0.001490,0.001472,0.001415,0.001389,0.001372,0.001355,0.001339,0.001325,0.001310,0.001262,0.001248,0.001274,0.001277,0.001274,0.001251,0.001204,0.001189,0.001212,0.001260,0.001272,0.001219,0.001155,0.001034,0.000819,0.000460,-0.000156,-0.000921,-0.001554,-0.001909,-0.002062,-0.002130,0.000000,0.000000
0.000000,0.000000,-0.001710,-0.001752,-0.001676,-0.001395,-0.000842,-0.000118,0.000477,0.000827,0.001045,0.001204,0.001272,0.001248,0.001201,0.001179,0.001210,0.001298,0.001386,0.001420,0.001409,0.001398,0.001417,0.001437,0.001447,0.001449,0.001420,0.001373,0.001310,0.001256,0.001232,0.001209,0.001186,0.001179,0.001192,0.001198,0.001201,0.001214,0.001236,0.001256,0.001259,0.001283,0.001315,0.001320,0.001323,0.001320,0.001285,0.001210,0.001123,0.001075,0.001081,0.001150,0.001268,0.001363,0.001400,0.001420,0.001427,0.001406,0.001374,0.001349,0.001349,0.001371,0.001384,0.001362,0.001331,0.001338,0.001377,0.001399,0.001402,0.001435,0.001482,0.001466,0.001417,0.001391,0.001352,0.001310,0.001309,0.001339,0.001345,0.001315,0.001286,0.001284,0.001291,0.001296,0.001287,0.001253,0.001244,0.001254,0.001258,0.001232,0.001157,0.001065,0.000951,0.000774,0.000434,-0.000187,-0.000972,-0.001628,-0.001991,-0.002123,-0.002176,0.000000,0.000000
0.000000,0.000000,-0.001706,-0.001731,-0.001669,-0.001445,-0.000927,-0.000194,0.000429,0.000814,0.001044,0.001204,0.001296,0.001302,0.001271,0.001268,0.001330,0.001421,0.001486,0.001517,0.001501,0.001461,0.001439,0.001427,0.001415,0.001414,0.001388,0.001329,0.001280,0.001237,0.001211,0.001202,0.001193,0.001195,0.001224,0.001248,0.001239,0.001227,0.001231,0.001237,0.001238,0.001261,0.001301,0.001326,0.001338,0.001350,0.001327,0.001233,0.001137,0.001107,0.001126,0.001189,0.001297,0.001370,0.001385,0.001400,0.001403,0.001374,0.001324,0.001305,0.001340,0.001371,0.001395,0.001385,0.001331,0.001316,0.001347,0.001370,0.001369,0.001384,0.001412,0.001402,0.001393,0.001383,0.001341,0.001304,0.001304,0.001344,0.001359,0.001333,0.001307,0.001295,0.001314,0.001330,0.001324,0.001303,0.001273,0.001245,0.001215,0.001181,0.001112,0.001005,0.000888,0.000707,0.000352,-0.000276,-0.001065,-0.001681,-0.002045,-0.002217,-0.002232,0.000000,0.000000
0.000000,0.000000,-0.001737,-0.001682,-0.001609,-0.001454,-0.001028,-0.000340,0.000322,0.000770,0.001028,0.001198,0.001300,0.001330,0.001337,0.001377,0.001447,0.001517,0.001570,0.001569,0.001533,0.001491,0.001434,0.001384,0.001356,0.001342,0.001311,0.001256,0.001211,0.001182,0.001192,0.001220,0.001230,0.001255,0.001281,0.001290,0.001270,0.001239,0.001229,0.001213,0.001208,0.001214,0.001238,0.001284,0.001313,0.001332,0.001319,0.001249,0.001180,0.001150,0.001166,0.001230,0.001305,0.001354,0.001364,0.001368,0.001361,0.001317,0.001281,0.001302,0.001361,0.001406,0.001430,0.001409,0.001340,0.001303,0.001327,0.001348,0.001333,0.001335,0.001357,0.001343,0.001341,0.001355,0.001330,0.001303,0.001321,0.001356,0.001350,0.001309,0.001294,0.001307,0.001346,0.001391,0.001394,0.001364,0.001305,0.001227,0.001166,0.001136,0.001093,0.000993,0.000857,0.000638,0.000226,-0.000427,-0.001165,-0.001724,-0.002067,-0.002260,-0.002324,0.000000,0.000000
0.000000,0.000000,0.000000,-0.001672,-0.001610,-0.001490,-0.001182,-0.000565,0.000153,0.000671,0.000970,0.001157,0.001266,0.001329,0.001378,0.001426,0.001491,0.001541,0.001556,0.001557,0.001533,0.001478,0.001419,0.001367,0.001318,0.001272,0.001242,0.001207,0.001163,0.001162,0.001201,0.001244,0.001288,0.001324,0.001334,0.001315,0.001269,0.001243,0.001240,0.001205,0.001172,0.001169,0.001181,0.001202,0.001240,0.001279,0.001297,0.001271,0.001229,0.001212,0.001232,0.001281,0.001322,0.001342,0.001337,0.001322,0.001307,0.001279,0.001273,0.001314,0.001389,0.001458,0.001471,0.001420,0.001345,0.001295,0.001310,0.001342,0.001338,0.001340,0.001338,0.001322,0.001319,0.001318,0.001300,0.001302,0.001342,0.001367,0.001354,0.001299,0.001284,0.001327,0.001374,0.001436,0.001456,0.001417,0.001342,0.001231,0.001146,0.001120,0.001100,0.001012,0.000840,0.000574,0.000089,-0.000606,-0.001260,-0.001747,-0.002061,-0.002235,0.000000,0.000000,0.000000
0.000000,0.000000,0.000000,-0.001753,-0.001704,-0.001619,-0.001368,-0.000784,-0.000028,0.000560,0.000902,0.001103,0.001230,0.001328,0.001396,0.001435,0.001477,0.001498,0.001504,0.001515,0.001494,0.001428,0.001370,0.001332,0.001283,0.001246,0.001225,0.001199,0.001182,0.001182,0.001201,0.001250,0.001300,0.001341,0.001362,0.001328,0.001277,0.001266,0.001267,0.001237,0.001188,0.001171,0.001171,0.001161,0.001192,0.001241,0.001274,0.001289,0.001269,0.001275,0.001308,0.001334,0.001364,0.001351,0.001313,0.001290,0.001266,0.001259,0.001267,0.001307,0.001387,0.001455,0.001467,0.001419,0.001342,0.001293,0.001309,0.001342,0.001359,0.001368,0.001353,0.001334,0.001325,0.001314,0.001303,0.001318,0.001365,0.001393,0.001374,0.001329,0.001317,0.001344,0.001389,0.001451,0.001469,0.001440,0.001373,0.001257,0.001172,0.001148,0.001119,0.001018,0.000819,0.000509,-0.000029,-0.000737,-0.001341,-0.001740,-0.001995,-0.002163,0.000000,0.000000,0.000000
0.000000,0.000000,0.000000,-0.001873,-0.001818,-0.001751,-0.001534,-0.000980,-0.000205,0.000447,0.000852,0.001086,0.001218,0.001320,0.001405,0.001447,0.001450,0.001451,0.001464,0.001457,0.001421,0.001361,0.001301,0.001271,0.001254,0.001246,0.001239,0.001244,0.001245,0.001224,0.001225,0.001246,0.001289,0.001354,0.001384,0.001362,0.001336,0.001332,0.001322,0.001281,0.001248,0.001234,0.001197,0.001177,0.001201,0.001235,0.001275,0.001304,0.001309,0.001322,0.001360,0.001399,0.001403,0.001362,0.001307,0.001259,0.001231,0.001227,0.001239,0.001287,0.001351,0.001406,0.001437,0.001413,0.001353,0.001306,0.001300,0.001320,0.001339,0.001362,0.001364,0.001330,0.001316,0.001333,0.001338,0.001339,0.001371,0.001403,0.001401,0.001378,0.001357,0.001367,0.001399,0.001435,0.001460,0.001435,0.001378,0.001307,0.001246,0.001212,0.001146,0.001006,0.000780,0.000405,-0.000183,-0.000879,-0.001441,-0.001752,-0.001933,-0.002054,0.000000,0.000000,0.000000
0.000000,0.000000,0.000000,-0.001929,-0.001870,-0.001817,-0.001648,-0.001156,-0.000392,0.000322,0.000800,0.001068,0.001213,0.001317,0.001389,0.001418,0.001420,0.001409,0.001397,0.001398,0.001374,0.001299,0.001239,0.001235,0.001252,0.001263,0.001279,0.001307,0.001315,0.001306,0.001304,0.001306,0.001345,0.001399,0.001420,0.001414,0.001400,0.001401,0.001385,0.001328,0.001307,0.001309,0.001268,0.001232,0.001235,0.001268,0.001303,0.001322,0.001327,0.001334,0.001372,0.001422,0.001416,0.001357,0.001297,0.001235,0.001195,0.001196,0.001213,0.001257,0.001325,0.001384,0.001417,0.001417,0.001382,0.001330,0.001278,0.001258,0.001276,0.001309,0.001326,0.001311,0.001312,0.001337,0.001352,0.001350,0.001347,0.001371,0.001403,0.001409,0.001397,0.001392,0.001394,0.001410,0.001434,0.001415,0.001374,0.001351,0.001327,0.001287,0.001196,0.001010,0.000710,0.000250,-0.000398,-0.001098,-0.001591,-0.001831,-0.001942,-0.001970,0.000000,0.000000,0.000000
0.000000,0.000000,0.000000,-0.001900,-0.001931,-0.001889,-0.001734,-0.001300,-0.000586,0.000150,0.000698,0.001022,0.001183,0.001286,0.001367,0.001383,0.001371,0.001351,0.001340,0.001355,0.001330,0.001253,0.001199,0.001204,0.001238,0.001280,0.001327,0.001369,0.001393,0.001401,0.001403,0.001412,0.001429,0.001439,0.001436,0.001429,0.001433,0.001431,0.001405,0.001369,0.001352,0.001360,0.001339,0.001288,0.001282,0.001303,0.001299,0.001294,0.001298,0.001311,0.001354,0.001399,0.001394,0.001331,0.001265,0.001221,0.001174,0.001161,0.001195,0.001243,0.001312,0.001384,0.001420,0.001436,0.001425,0.001357,0.001270,0.001218,0.001211,0.001238,0.001267,0.001284,0.001313,0.001340,0.001361,0.001343,0.001301,0.001323,0.001367,0.001399,0.001418,0.001389,0.001365,0.001384,0.001384,0.001372,0.001363,0.001356,0.001364,0.001333,0.001233,0.001014,0.000632,0.000077,-0.000646,-0.001321,-0.001722,-0.001908,-0.001983,-0.001986,0.000000,0.000000,0.000000
0.000000,0.000000,0.000000,0.000000,-0.002020,-0.001941,-0.001797,-0.001443,-0.000823,-0.000100,0.000517,0.000913,0.001122,0.001259,0.001369,0.001390,0.001342,0.001319,0.001325,0.001327,0.001300,0.001230,0.001166,0.001163,0.001212,0.001275,0.001351,0.001428,0.001465,0.001475,0.001483,0.001477,0.001462,0.001459,0.001438,0.001420,0.001434,0.001432,0.001408,0.001378,0.001366,0.001387,0.001367,0.001322,0.001314,0.001306,0.001274,0.001252,0.001259,0.001290,0.001342,0.001386,0.001366,0.001295,0.001239,0.001206,0.001165,0.001145,0.001181,0.001235,0.001300,0.001369,0.001414,0.001444,0.001436,0.001377,0.001298,0.001234,0.001197,0.001200,0.001231,0.001266,0.001312,0.001355,0.001363,0.001327,0.001275,0.001283,0.001343,0.001391,0.001409,0.001388,0.001351,0.001331,0.001340,0.001349,0.001337,0.001336,0.001359,0.001338,0.001221,0.000970,0.000536,-0.000097,-0.000849,-0.001451,-0.001765,-0.001887,-0.001931,0.000000,0.000000,0.000000,0.000000
0.000000,0.000000,0.000000,0.000000,-0.001968,-0.001902,-0.001798,-0.001577,-0.001097,-0.000416,0.000249,0.000746,0.001051,0.001256,0.001377,0.001398,0.001360,0.001321,0.001323,0.001333,0.001310,0.001240,0.001173,0.001157,0.001191,0.001258,0.001361,0.001462,0.001508,0.001512,0.001496,0.001476,0.001462,0.001456,0.001444,0.001427,0.001421,0.001419,0.001406,0.001385,0.001379,0.001391,0.001381,0.001343,0.001329,0.001318,0.001274,0.001240,0.001254,0.001316,0.001379,0.001404,0.001357,0.001267,0.001218,0.001191,0.001162,0.001163,0.001186,0.001228,0.001291,0.001344,0.001383,0.001404,0.001394,0.001364,0.001322,0.001275,0.001241,0.001223,0.001240,0.001282,0.001315,0.001347,0.001351,0.001315,0.001282,0.001280,0.001338,0.001400,0.001424,0.001415,0.001358,0.001320,0.001335,0.001343,0.001331,0.001331,0.001344,0.001306,0.001160,0.000863,0.000377,-0.000281,-0.000986,-0.001508,-0.001738,-0.001800,-0.001822,0.000000,0.000000,0.000000,0.000000
0.000000,0.000000,0.000000,0.000000,-0.001805,-0.001809,-0.001790,-0.001683,-0.001356,-0.000770,-0.000041,0.000577,0.000963,0.001212,0.001351,0.001386,0.001378,0.001354,0.001352,0.001365,0.001343,0.001299,0.001241,0.001196,0.001187,0.001229,0.001341,0.001450,0.001506,0.001502,0.001445,0.001406,0.001416,0.001431,0.001435,0.001430,0.001416,0.001401,0.001386,0.001397,0.001403,0.001396,0.001389,0.001356,0.001331,0.001325,0.001288,0.001254,0.001283,0.001359,0.001428,0.001436,0.001364,0.001276,0.001230,0.001205,0.001186,0.001193,0.001214,0.001246,0.001286,0.001323,0.001343,0.001338,0.001350,0.001353,0.001333,0.001308,0.001283,0.001290,0.001295,0.001311,0.001335,0.001333,0.001333,0.001312,0.001291,0.001307,0.001340,0.001394,0.001441,0.001429,0.001374,0.001337,0.001325,0.001324,0.001330,0.001332,0.001322,0.001242,0.001043,0.000709,0.000195,-0.000474,-0.001139,-0.001584,-0.001738,-0.001761,-0.001787,0.000000,0.000000,0.000000,0.000000
0.000000,0.000000,0.000000,0.000000,0.000000,-0.001792,-0.001826,-0.001790,-0.001565,-0.001056,-0.000317,0.000386,0.000861,0.001128,0.001284,0.001354,0.001365,0.001388,0.001395,0.001389,0.001391,0.001364,0.001319,0.001263,0.001217,0.001222,0.001293,0.001404,0.001470,0.001452,0.001386,0.001326,0.001334,0.001385,0.001417,0.001411,0.001391,0.001379,0.001382,0.001405,0.001407,0.001402,0.001385,0.001348,0.001326,0.001317,0.001306,0.001294,0.001320,0.001383,0.001430,0.001441,0.001394,0.001317,0.001279,0.001263,0.001237,0.001224,0.001230,0.001240,0.001257,0.001288,0.001303,0.001297,0.001315,0.001350,0.001355,0.001331,0.001322,0.001340,0.001354,0.001362,0.001360,0.001336,0.001314,0.001311,0.001309,0.001319,0.001330,0.001360,0.001416,0.001420,0.001378,0.001332,0.001304,0.001303,0.001306,0.001306,0.001274,0.001150,0.000898,0.000515,-0.000017,-0.000677,-0.001298,-0.001695,-0.001834,-0.001862,0.000000,0.000000,0.000000,0.000000,0.000000
0.000000,0.000000,0.000000,0.000000,0.000000,-0.001867,-0.001897,-0.001862,-0.001663,-0.001229,-0.000562,0.000178,0.000734,0.001052,0.001212,0.001294,0.001354,0.001377,0.001375,0.001381,0.001397,0.001398,0.001392,0.001349,0.001280,0.001247,0.001261,0.001338,0.001418,0.001414,0.001350,0.001288,0.001299,0.001358,0.001377,0.001371,0.001360,0.001354,0.001375,0.001410,0.001425,0.001404,0.001378,0.001352,0.001341,0.001333,0.001334,0.001350,0.001361,0.001390,0.001411,0.001404,0.001384,0.001348,0.001321,0.001313,0.001293,0.001256,0.001218,0.001194,0.001212,0.001237,0.001251,0.001263,0.001286,0.001330,0.001357,0.001362,0.001362,0.001362,0.001368,0.001368,0.001354,0.001324,0.001297,0.001297,0.001316,0.001317,0.001305,0.001327,0.001379,0.001408,0.001388,0.001354,0.001323,0.001294,0.001284,0.001282,0.001221,0.001034,0.000722,0.000280,-0.000303,-0.000920,-0.001461,-0.001800,-0.001937,-0.002031,0.000000,0.000000,0.000000,0.000000,0.000000
0.000000,0.000000,0.000000,0.000000,0.000000,0.000000,-0.002006,-0.001901,-0.001715,-0.001373,-0.000789,-0.000083,0.000534,0.000955,0.001155,0.001255,0.001337,0.001346,0.001336,0.001350,0.001373,0.001409,0.001423,0.001408,0.001352,0.001276,0.001241,0.001266,0.001337,0.001371,0.001322,0.001282,0.001315,0.001352,0.001351,0.001328,0.001315,0.001320,0.001361,0.001428,0.001453,0.001417,0.001388,0.001384,0.001362,0.001345,0.001356,0.001390,0.001413,0.001405,0.001391,0.001351,0.001315,0.001316,0.001319,0.001328,0.001331,0.001282,0.001212,0.001180,0.001186,0.001213,0.001231,0.001246,0.001271,0.001301,0.001351,0.001390,0.001394,0.001378,0.001341,0.001325,0.001326,0.001291,0.001271,0.001293,0.001324,0.001326,0.001290,0.001308,0.001364,0.001392,0.001414,0.001415,0.001371,0.001306,0.001271,0.001240,0.001136,0.000883,0.000476,-0.000043,-0.000629,-0.001179,-0.001603,-0.001837,-0.001933,0.000000,0.000000,0.000000,0.000000,0.000000,0.000000
0.000000,0.000000,0.000000,0.000000,0.000000,0.000000,-0.002134,-0.002008,-0.001841,-0.001578,-0.001098,-0.000462,0.000227,0.000776,0.001084,0.001226,0.001287,0.001313,0.001319,0.001327,0.001356,0.001397,0.001416,0.001417,0.001378,0.001291,0.001223,0.001214,0.001250,0.001288,0.001284,0.001291,0.001332,0.001363,0.001363,0.001319,0.001283,0.001297,0.001352,0.001430,0.001451,0.001415,0.001389,0.001383,0.001373,0.001344,0.001339,0.001380,0.001434,0.001439,0.001378,0.001299,0.001240,0.001229,0.001262,0.001310,0.001334,0.001285,0.001219,0.001209,0.001219,0.001247,0.001277,0.001285,0.001276,0.001287,0.001350,0.001420,0.001446,0.001403,0.001342,0.001311,0.001290,0.001264,0.001260,0.001301,0.001340,0.001325,0.001291,0.001302,0.001346,0.001378,0.001423,0.001452,0.001397,0.001300,0.001214,0.001131,0.000986,0.000678,0.000166,-0.000446,-0.000979,-0.001404,-0.001697,-0.001815,-0.001873,0.000000,0.000000,0.000000,0.000000,0.000000,0.000000
0.000000,0.000000,0.000000,0.000000,0.000000,0.000000,0.000000,-0.002154,-0.002027,-0.001807,-0.001423,-0.000845,-0.000130,0.000514,0.000934,0.001135,0.001226,0.001277,0.001287,0.001312,0.001341,0.001361,0.001388,0.001390,0.001356,0.001298,0.001238,0.001203,0.001211,0.001237,0.001260,0.001301,0.001354,0.001401,0.001388,0.001338,0.001312,0.001297,0.001332,0.001398,0.001415,0.001374,0.001335,0.001336,0.001355,0.001325,0.001296,0.001346,0.001423,0.001455,0.001384,0.001265,0.001182,0.001162,0.001218,0.001288,0.001303,0.001260,0.001218,0.001240,0.001293,0.001315,0.001332,0.001331,0.001299,0.001283,0.001330,0.001430,0.001480,0.001440,0.001367,0.001308,0.001268,0.001247,0.001260,0.001297,0.001338,0.001338,0.001318,0.001329,0.001347,0.001369,0.001413,0.001445,0.001398,0.001273,0.001146,0.001025,0.000816,0.000417,-0.000179,-0.000805,-0.001279,-0.001590,-0.001768,-0.001825,0.000000,0.000000,0.000000,0.000000,0.000000,0.000000,0.000000
0.000000,0.000000,0.000000,0.000000,0.000000,0.000000,0.000000,-0.002263,-0.002144,-0.001958,-0.001618,-0.001120,-0.000474,0.000217,0.000722,0.001021,0.001188,0.001256,0.001290,0.001327,0.001342,0.001337,0.001347,0.001350,0.001336,0.001307,0.001276,0.001244,0.001216,0.001235,0.001263,0.001310,0.001385,0.001427,0.001418,0.001381,0.001350,0.001317,0.001323,0.001372,0.001363,0.001308,0.001272,0.001287,0.001311,0.001296,0.001283,0.001328,0.001414,0.001447,0.001380,0.001258,0.001178,0.001169,0.001215,0.001273,0.001269,0.001223,0.001209,0.001261,0.001326,0.001355,0.001355,0.001338,0.001292,0.001246,0.001280,0.001384,0.001454,0.001441,0.001371,0.001291,0.001250,0.001236,0.001250,0.001297,0.001339,0.001358,0.001364,0.001383,0.001388,0.001369,0.001387,0.001421,0.001368,0.001246,0.001116,0.000925,0.000623,0.000136,-0.000514,-0.001103,-0.001489,-0.001712,-0.001830,-0.001865,0.000000,0.000000,0.000000,0.000000,0.000000,0.000000,0.000000
0.000000,0.000000,0.000000,0.000000,0.000000,0.000000,0.000000,0.000000,-0.002201,-0.002054,-0.001745,-0.001343,-0.000802,-0.000138,0.000446,0.000878,0.001148,0.001269,0.001324,0.001348,0.001346,0.001343,0.001346,0.001344,0.001330,0.001324,0.001334,0.001317,0.001257,0.001222,0.001249,0.001303,0.001371,0.001421,0.001425,0.001408,0.001379,0.001338,0.001327,0.001347,0.001327,0.001277,0.001257,0.001271,0.001310,0.001333,0.001328,0.001359,0.001423,0.001422,0.001345,0.001254,0.001207,0.001214,0.001240,0.001258,0.001237,0.001189,0.001188,0.001253,0.001314,0.001348,0.001355,0.001332,0.001270,0.001211,0.001230,0.001319,0.001406,0.001433,0.001381,0.001285,0.001234,0.001245,0.001261,0.001285,0.001319,0.001353,0.001390,0.001412,0.001395,0.001356,0.001359,0.001366,0.001307,0.001206,0.001039,0.000747,0.000334,-0.000222,-0.000849,-0.001355,-0.001621,-0.001749,-0.001860,0.000000,0.000000,0.000000,0.000000,0.000000,0.000000,0.000000,0.000000
0.000000,0.000000,0.000000,0.000000,0.000000,0.000000,0.000000,0.000000,-0.002305,-0.002155,-0.001923,-0.001579,-0.001124,-0.000553,0.000068,0.000614,0.001002,0.001207,0.001279,0.001312,0.001341,0.001351,0.001366,0.001382,0.001371,0.001369,0.001384,0.001358,0.001284,0.001198,0.001188,0.001244,0.001316,0.001388,0.001398,0.001394,0.001389,0.001341,0.001303,0.001298,0.001289,0.001270,0.001263,0.001289,0.001357,0.001405,0.001407,0.001425,0.001439,0.001381,0.001286,0.001235,0.001231,0.001250,0.001269,0.001250,0.001198,0.001162,0.001171,0.001222,0.001285,0.001331,0.001350,0.001324,0.001267,0.001209,0.001205,0.001286,0.001390,0.001442,0.001399,0.001307,0.001260,0.001265,0.001272,0.001271,0.001300,0.001349,0.001384,0.001404,0.001379,0.001342,0.001335,0.001313,0.001241,0.001114,0.000878,0.000479,-0.000050,-0.000632,-0.001164,-0.001518,-0.001682,-0.001767,-0.001813,0.000000,0.000000,0.000000,0.000000,0.000000,0.000000,0.000000,0.000000
0.000000,0.000000,0.000000,0.000000,0.000000,0.000000,0.000000,0.000000,0.000000,-0.002240,-0.002065,-0.001776,-0.001390,-0.000908,-0.000370,0.000201,0.000688,0.001000,0.001157,0.001232,0.001298,0.001344,0.001384,0.001425,0.001418,0.001383,0.001383,0.001344,0.001242,0.001163,0.001135,0.001179,0.001285,0.001366,0.001378,0.001378,0.001376,0.001318,0.001254,0.001241,0.001230,0.001228,0.001254,0.001305,0.001380,0.001437,0.001458,0.001443,0.001400,0.001326,0.001228,0.001197,0.001238,0.001275,0.001291,0.001258,0.001196,0.001170,0.001175,0.001203,0.001262,0.001316,0.001337,0.001308,0.001247,0.001199,0.001209,0.001286,0.001380,0.001439,0.001420,0.001346,0.001297,0.001295,0.001291,0.001288,0.001308,0.001338,0.001371,0.001392,0.001382,0.001343,0.001310,0.001273,0.001159,0.000953,0.000633,0.000146,-0.000449,-0.000968,-0.001376,-0.001635,-0.001726,-0.001791,0.000000,0.000000,0.000000,0.000000,0.000000,0.000000,0.000000,0.000000,0.000000
0.000000,0.000000,0.000000,0.000000,0.000000,0.000000,0.000000,0.000000,0.000000,-0.002269,-0.002119,-0.001883,-0.001566,-0.001203,-0.000801,-0.000297,0.000254,0.000699,0.000993,0.001151,0.001237,0.001307,0.001363,0.001406,0.001402,0.001363,0.001329,0.001283,0.001204,0.001143,0.001138,0.001193,0.001300,0.001383,0.001383,0.001356,0.001332,0.001272,0.001214,0.001207,0.001208,0.001218,0.001252,0.001304,0.001376,0.001428,0.001434,0.001388,0.001327,0.001274,0.001207,0.001191,0.001243,0.001306,0.001342,0.001316,0.001268,0.001231,0.001210,0.001234,0.001288,0.001334,0.001351,0.001317,0.001243,0.001203,0.001226,0.001290,0.001352,0.001402,0.001425,0.001385,0.001343,0.001342,0.001324,0.001302,0.001303,0.001312,0.001340,0.001368,0.001365,0.001331,0.001283,0.001201,0.001023,0.000732,0.000298,-0.000270,-0.000828,-0.001264,-0.001573,-0.001770,-0.001829,-0.001809,0.000000,0.000000,0.000000,0.000000,0.000000,0.000000,0.000000,0.000000,0.000000
0.000000,0.000000,0.000000,0.000000,0.000000,0.000000,0.000000,0.000000,0.000000,0.000000,-0.002167,-0.001964,-0.001732,-0.001497,-0.001201,-0.000803,-0.000258,0.000304,0.000747,0.001031,0.001163,0.001228,0.001282,0.001327,0.001341,0.001328,0.001284,0.001234,0.001203,0.001168,0.001180,0.001252,0.001340,0.001391,0.001356,0.001294,0.001251,0.001218,0.001210,0.001231,0.001259,0.001278,0.001297,0.001326,0.001368,0.001397,0.001379,0.001331,0.001287,0.001250,0.001238,0.001249,0.001288,0.001362,0.001415,0.001403,0.001352,0.001302,0.001286,0.001312,0.001360,0.001412,0.001423,0.001365,0.001282,0.001238,0.001245,0.001286,0.001328,0.001366,0.001407,0.001410,0.001390,0.001363,0.001326,0.001303,0.001286,0.001274,0.001288,0.001316,0.001314,0.001272,0.001200,0.001070,0.000804,0.000419,-0.000099,-0.000721,-0.001211,-0.001552,-0.001798,-0.001929,-0.001986,0.000000,0.000000,0.000000,0.000000,0.000000,0.000000,0.000000,0.000000,0.000000,0.000000
0.000000,0.000000,0.000000,0.000000,0.000000,0.000000,0.000000,0.000000,0.000000,0.000000,0.000000,-0.002042,-0.001911,-0.001756,-0.001552,-0.001248,-0.000793,-0.000179,0.000389,0.000778,0.001013,0.001127,0.001183,0.001235,0.001276,0.001294,0.001284,0.001232,0.001199,0.001209,0.001237,0.001293,0.001360,0.001383,0.001314,0.001224,0.001179,0.001180,0.001240,0.001305,0.001338,0.001361,0.001376,0.001378,0.001372,0.001369,0.001357,0.001318,0.001278,0.001277,0.001297,0.001308,0.001353,0.001416,0.001449,0.001431,0.001368,0.001331,0.001331,0.001364,0.001424,0.001469,0.001473,0.001412,0.001311,0.001254,0.001256,0.001277,0.001304,0.001347,0.001399,0.001420,0.001395,0.001353,0.001325,0.001303,0.001272,0.001250,0.001238,0.001227,0.001197,0.001117,0.000992,0.000796,0.000473,0.000000,-0.000563,-0.001122,-0.001558,-0.001798,-0.001950,-0.002066,0.000000,0.000000,0.000000,0.000000,0.000000,0.000000,0.000000,0.000000,0.000000,0.000000,0.000000
0.000000,0.000000,0.000000,0.000000,0.000000,0.000000,0.000000,0.000000,0.000000,0.000000,0.000000,-0.002050,-0.002020,-0.001916,-0.001749,-0.001525,-0.001213,-0.000711,-0.000097,0.000397,0.000745,0.000968,0.001073,0.001145,0.001233,0.001294,0.001299,0.001257,0.001219,0.001235,0.001282,0.001333,0.001386,0.001401,0.001329,0.001229,0.001185,0.001199,0.001275,0.001360,0.001392,0.001411,0.001423,0.001404,0.001377,0.001371,0.001379,0.001342,0.001296,0.001308,0.001325,0.001339,0.001395,0.001444,0.001440,0.001402,0.001349,0.001304,0.001304,0.001363,0.001424,0.001450,0.001452,0.001395,0.001291,0.001230,0.001234,0.001269,0.001305,0.001342,0.001404,0.001426,0.001397,0.001376,0.001352,0.001321,0.001290,0.001254,0.001198,0.001118,0.001018,0.000877,0.000663,0.000368,-0.000023,-0.000489,-0.000996,-0.001475,-0.001796,-0.001951,-0.002038,-0.002121,0.000000,0.000000,0.000000,0.000000,0.000000,0.000000,0.000000,0.000000,0.000000,0.000000,0.000000
0.000000,0.000000,0.000000,0.000000,0.000000,0.000000,0.000000,0.000000,0.000000,0.000000,0.000000,0.000000,-0.002039,-0.001915,-0.001768,-0.001646,-0.001482,-0.001158,-0.000663,-0.000108,0.000358,0.000694,0.000916,0.001039,0.001156,0.001273,0.001317,0.001296,0.001268,0.001275,0.001319,0.001377,0.001429,0.001436,0.001390,0.001326,0.001266,0.001266,0.001333,0.001395,0.001411,0.001412,0.001402,0.001364,0.001344,0.001363,0.001395,0.001373,0.001314,0.001296,0.001310,0.001354,0.001407,0.001446,0.001443,0.001388,0.001327,0.001282,0.001278,0.001323,0.001369,0.001405,0.001407,0.001334,0.001243,0.001198,0.001214,0.001277,0.001339,0.001380,0.001431,0.001455,0.001434,0.001416,0.001402,0.001386,0.001342,0.001262,0.001155,0.001014,0.000841,0.000595,0.000264,-0.000139,-0.000577,-0.000972,-0.001338,-0.001675,-0.001879,-0.001981,-0.002085,0.000000,0.000000,0.000000,0.000000,0.000000,0.000000,0.000000,0.000000,0.000000,0.000000,0.000000,0.000000
0.000000,0.000000,0.000000,0.000000,0.000000,0.000000,0.000000,0.000000,0.000000,0.000000,0.000000,0.000000,0.000000,-0.001821,-0.001719,-0.001670,-0.001650,-0.001500,-0.001197,-0.000718,-0.000149,0.000315,0.000641,0.000876,0.001056,0.001217,0.001313,0.001324,0.001321,0.001332,0.001361,0.001401,0.001445,0.001475,0.001462,0.001408,0.001348,0.001342,0.001397,0.001439,0.001441,0.001416,0.001356,0.001302,0.001303,0.001357,0.001408,0.001391,0.001326,0.001282,0.001289,0.001328,0.001388,0.001428,0.001430,0.001398,0.001342,0.001299,0.001274,0.001297,0.001340,0.001373,0.001369,0.001297,0.001213,0.001196,0.001251,0.001325,0.001398,0.001451,0.001480,0.001492,0.001467,0.001430,0.001435,0.001429,0.001364,0.001250,0.001083,0.000878,0.000612,0.000243,-0.000217,-0.000684,-0.001065,-0.001371,-0.001592,-0.001718,-0.001831,-0.001915,0.000000,0.000000,0.000000,0.000000,0.000000,0.000000,0.000000,0.000000,0.000000,0.000000,0.000000,0.000000,0.000000
0.000000,0.000000,0.000000,0.000000,0.000000,0.000000,0.000000,0.000000,0.000000,0.000000,0.000000,0.000000,0.000000,0.000000,-0.001660,-0.001675,-0.001730,-0.001753,-0.001605,-0.001253,-0.000728,-0.000181,0.000253,0.000617,0.000909,0.001118,0.001253,0.001310,0.001332,0.001351,0.001380,0.001408,0.001445,0.001495,0.001488,0.001438,0.001400,0.001381,0.001418,0.001472,0.001475,0.001426,0.001348,0.001287,0.001297,0.001387,0.001454,0.001430,0.001353,0.001287,0.001275,0.001295,0.001345,0.001392,0.001404,0.001411,0.001387,0.001330,0.001301,0.001311,0.001336,0.001346,0.001334,0.001291,0.001227,0.001232,0.001307,0.001394,0.001462,0.001492,0.001510,0.001496,0.001446,0.001429,0.001433,0.001411,0.001341,0.001189,0.000939,0.000623,0.000242,-0.000243,-0.000761,-0.001165,-0.001460,-0.001644,-0.001717,-0.001755,-0.001763,0.000000,0.000000,0.000000,0.000000,0.000000,0.000000,0.000000,0.000000,0.000000,0.000000,0.000000,0.000000,0.000000,0.000000
0.000000,0.000000,0.000000,0.000000,0.000000,0.000000,0.000000,0.000000,0.000000,0.000000,0.000000,0.000000,0.000000,0.000000,0.000000,-0.001722,-0.001763,-0.001855,-0.001847,-0.001618,-0.001226,-0.000757,-0.000248,0.000236,0.000620,0.000903,0.001097,0.001184,0.001229,0.001285,0.001332,0.001360,0.001412,0.001468,0.001472,0.001454,0.001421,0.001397,0.001433,0.001476,0.001464,0.001418,0.001349,0.001290,0.001318,0.001404,0.001474,0.001461,0.001377,0.001293,0.001253,0.001272,0.001299,0.001338,0.001397,0.001429,0.001417,0.001386,0.001363,0.001339,0.001331,0.001335,0.001317,0.001281,0.001265,0.001286,0.001336,0.001402,0.001446,0.001460,0.001467,0.001448,0.001405,0.001399,0.001402,0.001362,0.001242,0.001007,0.000671,0.000243,-0.000262,-0.000805,-0.001253,-0.001515,-0.001675,-0.001784,-0.001813,-0.001798,0.000000,0.000000,0.000000,0.000000,0.000000,0.000000,0.000000,0.000000,0.000000,0.000000,0.000000,0.000000,0.000000,0.000000,0.000000
0.000000,0.000000,0.000000,0.000000,0.000000,0.000000,0.000000,0.000000,0.000000,0.000000,0.000000,0.000000,0.000000,0.000000,0.000000,0.000000,-0.001789,-0.001859,-0.001907,-0.001804,-0.001550,-0.001206,-0.000762,-0.000261,0.000178,0.000527,0.000778,0.000933,0.001034,0.001119,0.001203,0.001273,0.001346,0.001421,0.001455,0.001451,0.001447,0.001459,0.001471,0.001470,0.001448,0.001404,0.001336,0.001289,0.001322,0.001397,0.001457,0.001454,0.001375,0.001283,0.001228,0.001232,0.001254,0.001292,0.001371,0.001425,0.001444,0.001441,0.001413,0.001383,0.001356,0.001344,0.001331,0.001313,0.001316,0.001336,0.001361,0.001370,0.001376,0.001383,0.001363,0.001345,0.001347,0.001336,0.001317,0.001225,0.001002,0.000664,0.000237,-0.000254,-0.000799,-0.001284,-0.001597,-0.001737,-0.001771,-0.001821,-0.001889,0.000000,0.000000,0.000000,0.000000,0.000000,0.000000,0.000000,0.000000,0.000000,0.000000,0.000000,0.000000,0.000000,0.000000,0.000000,0.000000
0.000000,0.000000,0.000000,0.000000,0.000000,0.000000,0.000000,0.000000,0.000000,0.000000,0.000000,0.000000,0.000000,0.000000,0.000000,0.000000,0.000000,-0.001818,-0.001849,-0.001812,-0.001681,-0.001441,-0.001108,-0.000743,-0.000360,0.000010,0.000332,0.000588,0.000778,0.000915,0.001048,0.001177,0.001278,0.001353,0.001401,0.001445,0.001484,0.001505,0.001499,0.001483,0.001455,0.001404,0.001360,0.001319,0.001325,0.001397,0.001456,0.001448,0.001377,0.001285,0.001230,0.001222,0.001242,0.001278,0.001328,0.001383,0.001433,0.001450,0.001434,0.001405,0.001387,0.001375,0.001366,0.001370,0.001382,0.001397,0.001403,0.001387,0.001347,0.001308,0.001277,0.001242,0.001232,0.001230,0.001153,0.000948,0.000627,0.000199,-0.000296,-0.000774,-0.001231,-0.001609,-0.001794,-0.001825,-0.001825,-0.001816,0.000000,0.000000,0.000000,0.000000,0.000000,0.000000,0.000000,0.000000,0.000000,0.000000,0.000000,0.000000,0.000000,0.000000,0.000000,0.000000,0.000000
0.000000,0.000000,0.000000,0.000000,0.000000,0.000000,0.000000,0.000000,0.000000,0.000000,0.000000,0.000000,0.000000,0.000000,0.000000,0.000000,0.000000,0.000000,-0.001802,-0.001799,-0.001720,-0.001567,-0.001357,-0.001114,-0.000866,-0.000568,-0.000184,0.000163,0.000435,0.000673,0.000872,0.001043,0.001173,0.001244,0.001303,0.001399,0.001468,0.001483,0.001488,0.001476,0.001446,0.001428,0.001407,0.001365,0.001356,0.001406,0.001455,0.001449,0.001402,0.001327,0.001257,0.001248,0.001276,0.001286,0.001301,0.001339,0.001379,0.001408,0.001402,0.001382,0.001390,0.001397,0.001382,0.001383,0.001405,0.001427,0.001433,0.001407,0.001350,0.001263,0.001177,0.001112,0.001049,0.000978,0.000820,0.000534,0.000140,-0.000329,-0.000771,-0.001151,-0.001505,-0.001779,-0.001894,-0.001881,-0.001821,0.000000,0.000000,0.000000,0.000000,0.000000,0.000000,0.000000,0.000000,0.000000,0.000000,0.000000,0.000000,0.000000,0.000000,0.000000,0.000000,0.000000,0.000000
0.000000,0.000000,0.000000,0.000000,0.000000,0.000000,0.000000,0.000000,0.000000,0.000000,0.000000,0.000000,0.000000,0.000000,0.000000,0.000000,0.000000,0.000000,0.000000,-0.001870,-0.001800,-0.001695,-0.001574,-0.001446,-0.001290,-0.001075,-0.000776,-0.000387,-0.000022,0.000293,0.000595,0.000834,0.000981,0.001084,0.001181,0.001287,0.001379,0.001410,0.001411,0.001408,0.001411,0.001432,0.001417,0.001379,0.001362,0.001390,0.001440,0.001437,0.001410,0.001367,0.001300,0.001274,0.001285,0.001289,0.001295,0.001314,0.001335,0.001351,0.001352,0.001364,0.001391,0.001399,0.001387,0.001376,0.001369,0.001373,0.001381,0.001354,0.001296,0.001174,0.001000,0.000845,0.000701,0.000496,0.000237,-0.000058,-0.000429,-0.000810,-0.001132,-0.001390,-0.001641,-0.001842,-0.001927,-0.001977,0.000000,0.000000,0.000000,0.000000,0.000000,0.000000,0.000000,0.000000,0.000000,0.000000,0.000000,0.000000,0.000000,0.000000,0.000000,0.000000,0.000000,0.000000,0.000000
0.000000,0.000000,0.000000,0.000000,0.000000,0.000000,0.000000,0.000000,0.000000,0.000000,0.000000,0.000000,0.000000,0.000000,0.000000,0.000000,0.000000,0.000000,0.000000,0.000000,-0.001895,-0.001814,-0.001745,-0.001701,-0.001608,-0.001478,-0.001298,-0.000998,-0.000621,-0.000241,0.000140,0.000474,0.000693,0.000844,0.000994,0.001139,0.001230,0.001265,0.001279,0.001286,0.001314,0.001347,0.001359,0.001335,0.001312,0.001345,0.001392,0.001401,0.001399,0.001388,0.001336,0.001274,0.001243,0.001255,0.001277,0.001296,0.001313,0.001311,0.001330,0.001370,0.001394,0.001393,0.001361,0.001320,0.001294,0.001264,0.001245,0.001218,0.001107,0.000928,0.000687,0.000396,0.000119,-0.000178,-0.000496,-0.000750,-0.000966,-0.001191,-0.001381,-0.001527,-0.001694,-0.001871,-0.001973,0.000000,0.000000,0.000000,0.000000,0.000000,0.000000,0.000000,0.000000,0.000000,0.000000,0.000000,0.000000,0.000000,0.000000,0.000000,0.000000,0.000000,0.000000,0.000000,0.000000
0.000000,0.000000,0.000000,0.000000,0.000000,0.000000,0.000000,0.000000,0.000000,0.000000,0.000000,0.000000,0.000000,0.000000,0.000000,0.000000,0.000000,0.000000,0.000000,0.000000,0.000000,-0.001842,-0.001876,-0.001844,-0.001805,-0.001775,-0.001661,-0.001487,-0.001236,-0.000883,-0.000474,-0.000080,0.000224,0.000455,0.000668,0.000861,0.000985,0.001053,0.001101,0.001116,0.001122,0.001172,0.001225,0.001225,0.001235,0.001287,0.001329,0.001348,0.001369,0.001385,0.001337,0.001245,0.001191,0.001186,0.001225,0.001276,0.001292,0.001287,0.001314,0.001354,0.001352,0.001315,0.001249,0.001180,0.001126,0.001066,0.001013,0.000922,0.000739,0.000469,0.000139,-0.000209,-0.000546,-0.000864,-0.001131,-0.001275,-0.001337,-0.001431,-0.001514,-0.001575,-0.001728,-0.001897,0.000000,0.000000,0.000000,0.000000,0.000000,0.000000,0.000000,0.000000,0.000000,0.000000,0.000000,0.000000,0.000000,0.000000,0.000000,0.000000,0.000000,0.000000,0.000000,0.000000,0.000000
0.000000,0.000000,0.000000,0.000000,0.000000,0.000000,0.000000,0.000000,0.000000,0.000000,0.000000,0.000000,0.000000,0.000000,0.000000,0.000000,0.000000,0.000000,0.000000,0.000000,0.000000,0.000000,0.000000,-0.001906,-0.001883,-0.001897,-0.001868,-0.001801,-0.001693,-0.001454,-0.001095,-0.000723,-0.000407,-0.000121,0.000145,0.000379,0.000592,0.000734,0.000804,0.000846,0.000857,0.000920,0.001020,0.001072,0.001131,0.001205,0.001267,0.001278,0.001279,0.001302,0.001267,0.001181,0.001117,0.001101,0.001151,0.001218,0.001232,0.001237,0.001268,0.001279,0.001234,0.001144,0.001050,0.000957,0.000849,0.000744,0.000614,0.000400,0.000139,-0.000184,-0.000552,-0.000852,-0.001099,-0.001336,-0.001496,-0.001540,-0.001531,-0.001544,-0.001577,-0.001580,0.000000,0.000000,0.000000,0.000000,0.000000,0.000000,0.000000,0.000000,0.000000,0.000000,0.000000,0.000000,0.000000,0.000000,0.000000,0.000000,0.000000,0.000000,0.000000,0.000000,0.000000,0.000000,0.000000
0.000000,0.000000,0.000000,0.000000,0.000000,0.000000,0.000000,0.000000,0.000000,0.000000,0.000000,0.000000,0.000000,0.000000,0.000000,0.000000,0.000000,0.000000,0.000000,0.000000,0.000000,0.000000,0.000000,0.000000,-0.001862,-0.001915,-0.001914,-0.001941,-0.001941,-0.001803,-0.001545,-0.001246,-0.000987,-0.000778,-0.000545,-0.000263,0.000006,0.000204,0.000333,0.000406,0.000452,0.000563,0.000714,0.000839,0.000937,0.001040,0.001117,0.001116,0.001089,0.001075,0.001041,0.000988,0.000945,0.000943,0.000991,0.001046,0.001073,0.001087,0.001107,0.001083,0.000982,0.000856,0.000731,0.000601,0.000458,0.000279,0.000035,-0.000257,-0.000580,-0.000889,-0.001159,-0.001366,-0.001483,-0.001575,-0.001647,-0.001659,-0.001627,-0.001614,-0.001642,0.000000,0.000000,0.000000,0.000000,0.000000,0.000000,0.000000,0.000000,0.000000,0.000000,0.000000,0.000000,0.000000,0.000000,0.000000,0.000000,0.000000,0.000000,0.000000,0.000000,0.000000,0.000000,0.000000,0.000000
0.000000,0.000000,0.000000,0.000000,0.000000,0.000000,0.000000,0.000000,0.000000,0.000000,0.000000,0.000000,0.000000,0.000000,0.000000,0.000000,0.000000,0.000000,0.000000,0.000000,0.000000,0.000000,0.000000,0.000000,0.000000,0.000000,-0.001905,-0.001970,-0.002068,-0.002013,-0.001817,-0.001635,-0.001492,-0.001359,-0.001201,-0.000947,-0.000689,-0.000489,-0.000318,-0.000237,-0.000160,0.000013,0.000235,0.000423,0.000580,0.000726,0.000796,0.000785,0.000739,0.000683,0.000630,0.000586,0.000570,0.000584,0.000628,0.000691,0.000724,0.000726,0.000706,0.000642,0.000509,0.000331,0.000173,0.000052,-0.000091,-0.000317,-0.000593,-0.000889,-0.001182,-0.001407,-0.001579,-0.001682,-0.001693,-0.001704,-0.001733,-0.001713,-0.001647,0.000000,0.000000,0.000000,0.000000,0.000000,0.000000,0.000000,0.000000,0.000000,0.000000,0.000000,0.000000,0.000000,0.000000,0.000000,0.000000,0.000000,0.000000,0.000000,0.000000,0.000000,0.000000,0.000000,0.000000,0.000000,0.000000
0.000000,0.000000,0.000000,0.000000,0.000000,0.000000,0.000000,0.000000,0.000000,0.000000,0.000000,0.000000,0.000000,0.000000,0.000000,0.000000,0.000000,0.000000,0.000000,0.000000,0.000000,0.000000,0.000000,0.000000,0.000000,0.000000,0.000000,0.000000,-0.002171,-0.002133,-0.002036,-0.001955,-0.001888,-0.001805,-0.001700,-0.001510,-0.001286,-0.001130,-0.001027,-0.000954,-0.000878,-0.000703,-0.000439,-0.000203,-0.000006,0.000148,0.000224,0.000221,0.000168,0.000103,0.000017,-0.000067,-0.000100,-0.000075,-0.000007,0.000081,0.000120,0.000087,0.000022,-0.000067,-0.000200,-0.000380,-0.000523,-0.000598,-0.000683,-0.000838,-0.001067,-0.001323,-0.001542,-0.001702,-0.001817,-0.001866,-0.001821,-0.001772,-0.001782,0.000000,0.000000,0.000000,0.000000,0.000000,0.000000,0.000000,0.000000,0.000000,0.000000,0.000000,0.000000,0.000000,0.000000,0.000000,0.000000,0.000000,0.000000,0.000000,0.000000,0.000000,0.000000,0.000000,0.000000,0.000000,0.000000,0.000000,0.000000
0.000000,0.000000,0.000000,0.000000,0.000000,0.000000,0.000000,0.000000,0.000000,0.000000,0.000000,0.000000,0.000000,0.000000,0.000000,0.000000,0.000000,0.000000,0.000000,0.000000,0.000000,0.000000,0.000000,0.000000,0.000000,0.000000,0.000000,0.000000,0.000000,0.000000,-0.002179,-0.002146,-0.002114,-0.002076,-0.001996,-0.001874,-0.001714,-0.001613,-0.001571,-0.001512,-0.001470,-0.001337,-0.001110,-0.000912,-0.000721,-0.000586,-0.000524,-0.000527,-0.000561,-0.000596,-0.000700,-0.000831,-0.000899,-0.000869,-0.000764,-0.000651,-0.000609,-0.000667,-0.000768,-0.000862,-0.000942,-0.001012,-0.001062,-0.001087,-0.001109,-0.001193,-0.001358,-0.001546,-0.001730,-0.001891,-0.001987,-0.001983,-0.001901,0.000000,0.000000,0.000000,0.000000,0.000000,0.000000,0.000000,0.000000,0.000000,0.000000,0.000000,0.000000,0.000000,0.000000,0.000000,0.000000,0.000000,0.000000,0.000000,0.000000,0.000000,0.000000,0.000000,0.000000,0.000000,0.000000,0.000000,0.000000,0.000000,0.000000
0.000000,0.000000,0.000000,0.000000,0.000000,0.000000,0.000000,0.000000,0.000000,0.000000,0.000000,0.000000,0.000000,0.000000,0.000000,0.000000,0.000000,0.000000,0.000000,0.000000,0.000000,0.000000,0.000000,0.000000,0.000000,0.000000,0.000000,0.000000,0.000000,0.000000,0.000000,0.000000,-0.002277,-0.002169,-0.002089,-0.002056,-0.001999,-0.001946,-0.001905,-0.001865,-0.001826,-0.001732,-0.001590,-0.001447,-0.001289,-0.001165,-0.001134,-0.001161,-0.001189,-0.001217,-0.001304,-0.001443,-0.001540,-0.001518,-0.001391,-0.001246,-0.001173,-0.001222,-0.001361,-0.001469,-0.001480,-0.001452,-0.001426,-0.001384,-0.001369,-0.001438,-0.001543,-0.001689,-0.001838,-0.001961,-0.002121,0.000000,0.000000,0.000000,0.000000,0.000000,0.000000,0.000000,0.000000,0.000000,0.000000,0.000000,0.000000,0.000000,0.000000,0.000000,0.000000,0.000000,0.000000,0.000000,0.000000,0.000000,0.000000,0.000000,0.000000,0.000000,0.000000,0.000000,0.000000,0.000000,0.000000,0.000000,0.000000
0.000000,0.000000,0.000000,0.000000,0.000000,0.000000,0.000000,0.000000,0.000000,0.000000,0.000000,0.000000,0.000000,0.000000,0.000000,0.000000,0.000000,0.000000,0.000000,0.000000,0.000000,0.000000,0.000000,0.000000,0.000000,0.000000,0.000000,0.000000,0.000000,0.000000,0.000000,0.000000,0.000000,0.000000,-0.002090,-0.002142,-0.002146,-0.002144,-0.002118,-0.002097,-0.002049,-0.001957,-0.001878,-0.001767,-0.001629,-0.001514,-0.001480,-0.001539,-0.001618,-0.001670,-0.001738,-0.001872,-0.001971,-0.001944,-0.001811,-0.001633,-0.001494,-0.001492,-0.001636,-0.001776,-0.001804,-0.001749,-0.001671,-0.001596,-0.001575,-0.001598,-0.001649,-0.001765,-0.001852,0.000000,0.000000,0.000000,0.000000,0.000000,0.000000,0.000000,0.000000,0.000000,0.000000,0.000000,0.000000,0.000000,0.000000,0.000000,0.000000,0.000000,0.000000,0.000000,0.000000,0.000000,0.000000,0.000000,0.000000,0.000000,0.000000,0.000000,0.000000,0.000000,0.000000,0.000000,0.000000,0.000000,0.000000
0.000000,0.000000,0.000000,0.000000,0.000000,0.000000,0.000000,0.000000,0.000000,0.000000,0.000000,0.000000,0.000000,0.000000,0.000000,0.000000,0.000000,0.000000,0.000000,0.000000,0.000000,0.000000,0.000000,0.000000,0.000000,0.000000,0.000000,0.000000,0.000000,0.000000,0.000000,0.000000,0.000000,0.000000,0.000000,0.000000,0.000000,-0.002241,-0.002259,-0.002230,-0.002183,-0.002104,-0.002009,-0.001947,-0.001838,-0.001705,-0.001680,-0.001785,-0.001907,-0.001952,-0.002002,-0.002109,-0.002197,-0.002175,-0.002039,-0.001842,-0.001657,-0.001596,-0.001698,-0.001876,-0.001963,-0.001899,-0.001773,-0.001703,-0.001710,-0.001720,0.000000,0.000000,0.000000,0.000000,0.000000,0.000000,0.000000,0.000000,0.000000,0.000000,0.000000,0.000000,0.000000,0.000000,0.000000,0.000000,0.000000,0.000000,0.000000,0.000000,0.000000,0.000000,0.000000,0.000000,0.000000,0.000000,0.000000,0.000000,0.000000,0.000000,0.000000,0.000000,0.000000,0.000000,0.000000,0.000000,0.000000
0.000000,0.000000,0.000000,0.000000,0.000000,0.000000,0.000000,0.000000,0.000000,0.000000,0.000000,0.000000,0.000000,0.000000,0.000000,0.000000,0.000000,0.000000,0.000000,0.000000,0.000000,0.000000,0.000000,0.000000,0.000000,0.000000,0.000000,0.000000,0.000000,0.000000,0.000000,0.000000,0.000000,0.000000,0.000000,0.000000,0.000000,0.000000,0.000000,0.000000,0.000000,0.000000,-0.002082,-0.001990,-0.001919,-0.001828,-0.001767,-0.001895,-0.002047,-0.002079,-0.002102,-0.002170,-0.002263,-0.002264,-0.002132,-0.001929,-0.001707,-0.001606,-0.001686,-0.001875,-0.002034,0.000000,0.000000,0.000000,0.000000,0.000000,0.000000,0.000000,0.000000,0.000000,0.000000,0.000000,0.000000,0.000000,0.000000,0.000000,0.000000,0.000000,0.000000,0.000000,0.000000,0.000000,0.000000,0.000000,0.000000,0.000000,0.000000,0.000000,0.000000,0.000000,0.000000,0.000000,0.000000,0.000000,0.000000,0.000000,0.000000,0.000000,0.000000,0.000000,0.000000,0.000000,0.000000
0.000000,0.000000,0.000000,0.000000,0.000000,0.000000,0.000000,0.000000,0.000000,0.000000,0.000000,0.000000,0.000000,0.000000,0.000000,0.000000,0.000000,0.000000,0.000000,0.000000,0.000000,0.000000,0.000000,0.000000,0.000000,0.000000,0.000000,0.000000,0.000000,0.000000,0.000000,0.000000,0.000000,0.000000,0.000000,0.000000,0.000000,0.000000,0.000000,0.000000,0.000000,0.000000,0.000000,0.000000,0.000000,0.000000,0.000000,0.000000,0.000000,0.000000,0.000000,-0.002203,0.000000,0.000000,0.000000,0.000000,0.000000,0.000000,0.000000,0.000000,0.000000,0.000000,0.000000,0.000000,0.000000,0.000000,0.000000,0.000000,0.000000,0.000000,0.000000,0.000000,0.000000,0.000000,0.000000,0.000000,0.000000,0.000000,0.000000,0.000000,0.000000,0.000000,0.000000,0.000000,0.000000,0.000000,0.000000,0.000000,0.000000,0.000000,0.000000,0.000000,0.000000,0.000000,0.000000,0.000000,0.000000,0.000000,0.000000,0.000000,0.000000,0.000000,0.000000
0.000000,0.000000,0.000000,0.000000,0.000000,0.000000,0.000000,0.000000,0.000000,0.000000,0.000000,0.000000,0.000000,0.000000,0.000000,0.000000,0.000000,0.000000,0.000000,0.000000,0.000000,0.000000,0.000000,0.000000,0.000000,0.000000,0.000000,0.000000,0.000000,0.000000,0.000000,0.000000,0.000000,0.000000,0.000000,0.000000,0.000000,0.000000,0.000000,0.000000,0.000000,0.000000,0.000000,0.000000,0.000000,0.000000,0.000000,0.000000,0.000000,0.000000,0.000000,0.000000,0.000000,0.000000,0.000000,0.000000,0.000000,0.000000,0.000000,0.000000,0.000000,0.000000,0.000000,0.000000,0.000000,0.000000,0.000000,0.000000,0.000000,0.000000,0.000000,0.000000,0.000000,0.000000,0.000000,0.000000,0.000000,0.000000,0.000000,0.000000,0.000000,0.000000,0.000000,0.000000,0.000000,0.000000,0.000000,0.000000,0.000000,0.000000,0.000000,0.000000,0.000000,0.000000,0.000000,0.000000,0.000000,0.000000,0.000000,0.000000,0.000000,0.000000,0.000000
