0.000000,0.000000,0.000000,0.000000,0.000000,0.000000,0.000000,0.000000,0.000000,0.000000,0.000000,0.000000,0.000000,0.000000,0.000000,0.000000,0.000000,0.000000,0.000000,0.000000,0.000000,0.000000,0.000000,0.000000,0.000000,0.000000,0.000000,0.000000,0.000000,0.000000,0.000000,0.000000,0.000000,0.000000,0.000000,0.000000,0.000000,0.000000,0.000000,0.000000,0.000000,0.000000,0.000000,0.000000,0.000000,0.000000,0.000000,0.000000,0.000000,0.000000,0.000000,0.000000,0.000000,0.000000,0.000000,0.000000,0.000000,0.000000,0.000000,0.000000,0.000000,0.000000,0.000000,0.000000,0.000000,0.000000,0.000000,0.000000,0.000000,0.000000,0.000000,0.000000,0.000000,0.000000,0.000000,0.000000,0.000000,0.000000,0.000000,0.000000,0.000000,0.000000,0.000000,0.000000,0.000000,0.000000,0.000000,0.000000,0.000000,0.000000,0.000000,0.000000,0.000000,0.000000,0.000000,0.000000,0.000000,0.000000,0.000000,0.000000,0.000000,0.000000,0.000000
0.000000,0.000000,0.000000,0.000000,0.000000,0.000000,0.000000,0.000000,0.000000,0.000000,0.000000,0.000000,0.000000,0.000000,0.000000,0.000000,0.000000,0.000000,0.000000,0.000000,0.000000,0.000000,0.000000,0.000000,0.000000,0.000000,0.000000,0.000000,0.000000,0.000000,0.000000,0.000000,0.000000,0.000000,0.000000,0.000000,0.000000,0.000000,0.000000,0.000000,0.000000,0.000000,0.000000,0.000000,0.000000,0.000000,0.000000,0.000000,0.000000,0.000000,0.000000,-0.002173,0.000000,0.000000,0.000000,0.000000,0.000000,0.000000,0.000000,0.000000,0.000000,0.000000,0.000000,0.000000,0.000000,0.000000,0.000000,0.000000,0.000000,0.000000,0.000000,0.000000,0.000000,0.000000,0.000000,0.000000,0.000000,0.000000,0.000000,0.000000,0.000000,0.000000,0.000000,0.000000,0.000000,0.000000,0.000000,0.000000,0.000000,0.000000,0.000000,0.000000,0.000000,0.000000,0.000000,0.000000,0.000000,0.000000,0.000000,0.000000,0.000000,0.000000,0.000000
0.000000,0.000000,0.000000,0.000000,0.000000,0.000000,0.000000,0.000000,0.000000,0.000000,0.000000,0.000000,0.000000,0.000000,0.000000,0.000000,0.000000,0.000000,0.000000,0.000000,0.000000,0.000000,0.000000,0.000000,0.000000,0.000000,0.000000,0.000000,0.000000,0.000000,0.000000,0.000000,0.000000,0.000000,0.000000,0.000000,0.000000,0.000000,0.000000,0.000000,0.000000,0.000000,-0.002871,-0.002709,-0.002554,-0.002435,-0.002299,-0.002207,-0.002121,-0.002037,-0.002057,-0.002189,-0.002357,-0.002481,-0.002497,-0.002421,-0.002393,-0.002486,-0.002557,-0.002512,-0.002496,0.000000,0.000000,0.000000,0.000000,0.000000,0.000000,0.000000,0.000000,0.000000,0.000000,0.000000,0.000000,0.000000,0.000000,0.000000,0.000000,0.000000,0.000000,0.000000,0.000000,0.000000,0.000000,0.000000,0.000000,0.000000,0.000000,0.000000,0.000000,0.000000,0.000000,0.000000,0.000000,0.000000,0.000000,0.000000,0.000000,0.000000,0.000000,0.000000,0.000000,0.000000,0.000000
0.000000,0.000000,0.000000,0.000000,0.000000,0.000000,0.000000,0.000000,0.000000,0.000000,0.000000,0.000000,0.000000,0.000000,0.000000,0.000000,0.000000,0.000000,0.000000,0.000000,0.000000,0.000000,0.000000,0.000000,0.000000,0.000000,0.000000,0.000000,0.000000,0.000000,0.000000,0.000000,0.000000,0.000000,0.000000,0.000000,0.000000,-0.003183,-0.003112,-0.002969,-0.002791,-0.002704,-0.002712,-0.002612,-0.002437,-0.002294,-0.002187,-0.002141,-0.002084,-0.002021,-0.002047,-0.002130,-0.002250,-0.002389,-0.002412,-0.002384,-0.002406,-0.002428,-0.002460,-0.002475,-0.002498,-0.002578,-0.002659,-0.002681,-0.002666,-0.002662,0.000000,0.000000,0.000000,0.000000,0.000000,0.000000,0.000000,0.000000,0.000000,0.000000,0.000000,0.000000,0.000000,0.000000,0.000000,0.000000,0.000000,0.000000,0.000000,0.000000,0.000000,0.000000,0.000000,0.000000,0.000000,0.000000,0.000000,0.000000,0.000000,0.000000,0.000000,0.000000,0.000000,0.000000,0.000000,0.000000,0.000000
0.000000,0.000000,0.000000,0.000000,0.000000,0.000000,0.000000,0.000000,0.000000,0.000000,0.000000,0.000000,0.000000,0.000000,0.000000,0.000000,0.000000,0.000000,0.000000,0.000000,0.000000,0.000000,0.000000,0.000000,0.000000,0.000000,0.000000,0.000000,0.000000,0.000000,0.000000,0.000000,0.000000,0.000000,-0.002715,-0.002811,-0.002899,-0.002951,-0.002911,-0.002773,-0.002604,-0.002484,-0.002418,-0.002295,-0.002114,-0.002000,-0.001962,-0.001933,-0.001927,-0.001904,-0.001867,-0.001913,-0.002030,-0.002134,-0.002167,-0.002160,-0.002171,-0.002191,-0.002234,-0.002294,-0.002357,-0.002439,-0.002489,-0.002487,-0.002480,-0.002492,-0.002455,-0.002396,-0.002418,0.000000,0.000000,0.000000,0.000000,0.000000,0.000000,0.000000,0.000000,0.000000,0.000000,0.000000,0.000000,0.000000,0.000000,0.000000,0.000000,0.000000,0.000000,0.000000,0.000000,0.000000,0.000000,0.000000,0.000000,0.000000,0.000000,0.000000,0.000000,0.000000,0.000000,0.000000,0.000000,0.000000,0.000000
0.000000,0.000000,0.000000,0.000000,0.000000,0.000000,0.000000,0.000000,0.000000,0.000000,0.000000,0.000000,0.000000,0.000000,0.000000,0.000000,0.000000,0.000000,0.000000,0.000000,0.000000,0.000000,0.000000,0.000000,0.000000,0.000000,0.000000,0.000000,0.000000,0.000000,0.000000,0.000000,-0.002823,-0.002737,-0.002707,-0.002676,-0.002622,-0.002577,-0.002501,-0.002364,-0.002177,-0.002042,-0.001924,-0.001766,-0.001615,-0.001512,-0.001494,-0.001504,-0.001518,-0.001518,-0.001498,-0.001524,-0.001589,-0.001620,-0.001610,-0.001591,-0.001606,-0.001697,-0.001804,-0.001893,-0.001995,-0.002088,-0.002160,-0.002193,-0.002200,-0.002220,-0.002225,-0.002255,-0.002334,-0.002440,-0.002556,0.000000,0.000000,0.000000,0.000000,0.000000,0.000000,0.000000,0.000000,0.000000,0.000000,0.000000,0.000000,0.000000,0.000000,0.000000,0.000000,0.000000,0.000000,0.000000,0.000000,0.000000,0.000000,0.000000,0.000000,0.000000,0.000000,0.000000,0.000000,0.000000,0.000000,0.000000,0.000000
0.000000,0.000000,0.000000,0.000000,0.000000,0.000000,0.000000,0.000000,0.000000,0.000000,0.000000,0.000000,0.000000,0.000000,0.000000,0.000000,0.000000,0.000000,0.000000,0.000000,0.000000,0.000000,0.000000,0.000000,0.000000,0.000000,0.000000,0.000000,0.000000,0.000000,-0.002665,-0.002643,-0.002622,-0.002576,-0.002514,-0.002393,-0.002234,-0.002067,-0.001901,-0.001730,-0.001536,-0.001365,-0.001212,-0.001029,-0.000868,-0.000773,-0.000716,-0.000724,-0.000749,-0.000767,-0.000812,-0.000843,-0.000856,-0.000832,-0.000762,-0.000727,-0.000780,-0.000913,-0.001076,-0.001215,-0.001324,-0.001458,-0.001603,-0.001690,-0.001746,-0.001810,-0.001892,-0.002010,-0.002174,-0.002331,-0.002430,-0.002533,-0.002660,0.000000,0.000000,0.000000,0.000000,0.000000,0.000000,0.000000,0.000000,0.000000,0.000000,0.000000,0.000000,0.000000,0.000000,0.000000,0.000000,0.000000,0.000000,0.000000,0.000000,0.000000,0.000000,0.000000,0.000000,0.000000,0.000000,0.000000,0.000000,0.000000,0.000000
0.000000,0.000000,0.000000,0.000000,0.000000,0.000000,0.000000,0.000000,0.000000,0.000000,0.000000,0.000000,0.000000,0.000000,0.000000,0.000000,0.000000,0.000000,0.000000,0.000000,0.000000,0.000000,0.000000,0.000000,0.000000,0.000000,0.000000,0.000000,-0.002415,-0.002456,-0.002456,-0.002415,-0.002343,-0.002243,-0.002120,-0.001955,-0.001719,-0.001421,-0.001149,-0.000918,-0.000707,-0.000520,-0.000337,-0.000158,-0.000003,0.000105,0.000190,0.000230,0.000196,0.000148,0.000103,0.000051,0.000030,0.000070,0.000151,0.000202,0.000141,-0.000009,-0.000180,-0.000304,-0.000406,-0.000595,-0.000788,-0.000904,-0.001035,-0.001216,-0.001415,-0.001635,-0.001869,-0.002078,-0.002236,-0.002406,-0.002577,-0.002605,-0.002557,0.000000,0.000000,0.000000,0.000000,0.000000,0.000000,0.000000,0.000000,0.000000,0.000000,0.000000,0.000000,0.000000,0.000000,0.000000,0.000000,0.000000,0.000000,0.000000,0.000000,0.000000,0.000000,0.000000,0.000000,0.000000,0.000000,0.000000,0.000000
0.000000,0.000000,0.000000,0.000000,0.000000,0.000000,0.000000,0.000000,0.000000,0.000000,0.000000,0.000000,0.000000,0.000000,0.000000,0.000000,0.000000,0.000000,0.000000,0.000000,0.000000,0.000000,0.000000,0.000000,0.000000,0.000000,-0.002464,-0.002401,-0.002306,-0.002264,-0.002190,-0.002071,-0.001915,-0.001710,-0.001510,-0.001281,-0.000988,-0.000637,-0.000304,-0.000047,0.000158,0.000301,0.000432,0.000569,0.000696,0.000827,0.000922,0.000971,0.000962,0.000912,0.000865,0.000826,0.000803,0.000817,0.000875,0.000918,0.000876,0.000751,0.000607,0.000512,0.000414,0.000247,0.000069,-0.000059,-0.000211,-0.000473,-0.000786,-0.001117,-0.001456,-0.001734,-0.001956,-0.002198,-0.002441,-0.002560,-0.002515,-0.002457,-0.002521,0.000000,0.000000,0.000000,0.000000,0.000000,0.000000,0.000000,0.000000,0.000000,0.000000,0.000000,0.000000,0.000000,0.000000,0.000000,0.000000,0.000000,0.000000,0.000000,0.000000,0.000000,0.000000,0.000000,0.000000,0.000000,0.000000
0.000000,0.000000,0.000000,0.000000,0.000000,0.000000,0.000000,0.000000,0.000000,0.000000,0.000000,0.000000,0.000000,0.000000,0.000000,0.000000,0.000000,0.000000,0.000000,0.000000,0.000000,0.000000,0.000000,0.000000,-0.002641,-0.002529,-0.002445,-0.002305,-0.002149,-0.002008,-0.001850,-0.001632,-0.001328,-0.001007,-0.000694,-0.000402,-0.000126,0.000171,0.000462,0.000689,0.000834,0.000900,0.000959,0.001055,0.001155,0.001280,0.001402,0.001442,0.001434,0.001408,0.001376,0.001366,0.001339,0.001316,0.001343,0.001372,0.001340,0.001236,0.001118,0.001031,0.000943,0.000816,0.000699,0.000623,0.000501,0.000244,-0.000081,-0.000447,-0.000861,-0.001214,-0.001509,-0.001832,-0.002142,-0.002309,-0.002322,-0.002307,-0.002388,-0.002557,-0.002676,0.000000,0.000000,0.000000,0.000000,0.000000,0.000000,0.000000,0.000000,0.000000,0.000000,0.000000,0.000000,0.000000,0.000000,0.000000,0.000000,0.000000,0.000000,0.000000,0.000000,0.000000,0.000000,0.000000,0.000000
0.000000,0.000000,0.000000,0.000000,0.000000,0.000000,0.000000,0.000000,0.000000,0.000000,0.000000,0.000000,0.000000,0.000000,0.000000,0.000000,0.000000,0.000000,0.000000,0.000000,0.000000,0.000000,0.000000,-0.002548,-0.002513,-0.002451,-0.002323,-0.002118,-0.001888,-0.001662,-0.001395,-0.001042,-0.000644,-0.000220,0.000151,0.000420,0.000631,0.000827,0.001021,0.001180,0.001259,0.001273,0.001293,0.001350,0.001449,0.001573,0.001683,0.001731,0.001714,0.001696,0.001702,0.001698,0.001668,0.001629,0.001621,0.001636,0.001606,0.001508,0.001392,0.001316,0.001250,0.001156,0.001098,0.001079,0.000998,0.000811,0.000560,0.000259,-0.000085,-0.000462,-0.000840,-0.001217,-0.001581,-0.001810,-0.001920,-0.002037,-0.002236,-0.002477,-0.002687,-0.002819,0.000000,0.000000,0.000000,0.000000,0.000000,0.000000,0.000000,0.000000,0.000000,0.000000,0.000000,0.000000,0.000000,0.000000,0.000000,0.000000,0.000000,0.000000,0.000000,0.000000,0.000000,0.000000,0.000000
0.000000,0.000000,0.000000,0.000000,0.000000,0.000000,0.000000,0.000000,0.000000,0.000000,0.000000,0.000000,0.000000,0.000000,0.000000,0.000000,0.000000,0.000000,0.000000,0.000000,0.000000,-0.002565,-0.002442,-0.002373,-0.002336,-0.002240,-0.002028,-0.001749,-0.001421,-0.001098,-0.000760,-0.000337,0.000082,0.000467,0.000799,0.001018,0.001161,0.001282,0.001384,0.001460,0.001488,0.001481,0.001482,0.001527,0.001635,0.001752,0.001818,0.001845,0.001845,0.001848,0.001864,0.001870,0.001852,0.001799,0.001765,0.001762,0.001739,0.001669,0.001573,0.001495,0.001426,0.001375,0.001362,0.001343,0.001289,0.001182,0.001024,0.000841,0.000616,0.000310,-0.000037,-0.000413,-0.000795,-0.001086,-0.001333,-0.001615,-0.001962,-0.002334,-0.002590,-0.002680,-0.002734,-0.002819,0.000000,0.000000,0.000000,0.000000,0.000000,0.000000,0.000000,0.000000,0.000000,0.000000,0.000000,0.000000,0.000000,0.000000,0.000000,0.000000,0.000000,0.000000,0.000000,0.000000,0.000000
0.000000,0.000000,0.000000,0.000000,0.000000,0.000000,0.000000,0.000000,0.000000,0.000000,0.000000,0.000000,0.000000,0.000000,0.000000,0.000000,0.000000,0.000000,0.000000,0.000000,-0.002526,-0.002468,-0.002328,-0.002174,-0.002047,-0.001849,-0.001520,-0.001106,-0.000686,-0.000313,0.000017,0.000357,0.000698,0.000981,0.001223,0.001401,0.001508,0.001582,0.001613,0.001614,0.001601,0.001583,0.001598,0.001664,0.001748,0.001838,0.001879,0.001866,0.001869,0.001886,0.001912,0.001941,0.001932,0.001885,0.001841,0.001814,0.001786,0.001743,0.001688,0.001615,0.001538,0.001499,0.001504,0.001494,0.001440,0.001369,0.001302,0.001242,0.001127,0.000931,0.000672,0.000370,0.000077,-0.000203,-0.000561,-0.001012,-0.001503,-0.001973,-0.002304,-0.002457,-0.002562,-0.002690,-0.002758,0.000000,0.000000,0.000000,0.000000,0.000000,0.000000,0.000000,0.000000,0.000000,0.000000,0.000000,0.000000,0.000000,0.000000,0.000000,0.000000,0.000000,0.000000,0.000000,0.000000
0.000000,0.000000,0.000000,0.000000,0.000000,0.000000,0.000000,0.000000,0.000000,0.000000,0.000000,0.000000,0.000000,0.000000,0.000000,0.000000,0.000000,0.000000,0.000000,-0.002400,-0.002414,-0.002344,-0.002179,-0.001920,-0.001621,-0.001280,-0.000818,-0.000298,0.000143,0.000454,0.000687,0.000909,0.001122,0.001313,0.001483,0.001631,0.001730,0.001770,0.001761,0.001720,0.001689,0.001682,0.001710,0.001770,0.001837,0.001882,0.001883,0.001875,0.001864,0.001869,0.001888,0.001913,0.001939,0.001914,0.001856,0.001812,0.001779,0.001752,0.001711,0.001653,0.001599,0.001569,0.001571,0.001567,0.001529,0.001486,0.001480,0.001498,0.001474,0.001349,0.001160,0.000973,0.000798,0.000571,0.000231,-0.000263,-0.000856,-0.001385,-0.001804,-0.002088,-0.002290,-0.002482,-0.002602,-0.002647,0.000000,0.000000,0.000000,0.000000,0.000000,0.000000,0.000000,0.000000,0.000000,0.000000,0.000000,0.000000,0.000000,0.000000,0.000000,0.000000,0.000000,0.000000,0.000000
0.000000,0.000000,0.000000,0.000000,0.000000,0.000000,0.000000,0.000000,0.000000,0.000000,0.000000,0.000000,0.000000,0.000000,0.000000,0.000000,0.000000,0.000000,-0.002285,-0.002297,-0.002260,-0.002193,-0.001965,-0.001568,-0.001129,-0.000627,-0.000066,0.000439,0.000801,0.001004,0.001125,0.001242,0.001347,0.001467,0.001609,0.001737,0.001810,0.001840,0.001843,0.001801,0.001769,0.001776,0.001801,0.001827,0.001859,0.001875,0.001860,0.001858,0.001852,0.001833,0.001821,0.001852,0.001895,0.001881,0.001837,0.001792,0.001763,0.001743,0.001712,0.001672,0.001624,0.001604,0.001628,0.001622,0.001594,0.001599,0.001633,0.001702,0.001709,0.001607,0.001480,0.001373,0.001273,0.001118,0.000849,0.000429,-0.000105,-0.000656,-0.001146,-0.001540,-0.001882,-0.002154,-0.002300,-0.002405,-0.002494,0.000000,0.000000,0.000000,0.000000,0.000000,0.000000,0.000000,0.000000,0.000000,0.000000,0.000000,0.000000,0.000000,0.000000,0.000000,0.000000,0.000000,0.000000
0.000000,0.000000,0.000000,0.000000,0.000000,0.000000,0.000000,0.000000,0.000000,0.000000,0.000000,0.000000,0.000000,0.000000,0.000000,0.000000,0.000000,-0.002282,-0.002260,-0.002176,-0.002071,-0.001930,-0.001605,-0.001104,-0.000551,0.000033,0.000568,0.000977,0.001235,0.001343,0.001376,0.001417,0.001475,0.001548,0.001656,0.001742,0.001791,0.001833,0.001848,0.001829,0.001783,0.001780,0.001807,0.001804,0.001804,0.001815,0.001817,0.001820,0.001813,0.001782,0.001771,0.001813,0.001838,0.001818,0.001792,0.001774,0.001770,0.001756,0.001740,0.001709,0.001656,0.001640,0.001664,0.001660,0.001655,0.001690,0.001762,0.001852,0.001878,0.001809,0.001714,0.001642,0.001583,0.001494,0.001286,0.000954,0.000556,0.000088,-0.000413,-0.000895,-0.001340,-0.001703,-0.001953,-0.002146,-0.002350,-0.002511,0.000000,0.000000,0.000000,0.000000,0.000000,0.000000,0.000000,0.000000,0.000000,0.000000,0.000000,0.000000,0.000000,0.000000,0.000000,0.000000,0.000000
0.000000,0.000000,0.000000,0.000000,0.000000,0.000000,0.000000,0.000000,0.000000,0.000000,0.000000,0.000000,0.000000,0.000000,0.000000,0.000000,-0.002361,-0.002282,-0.002177,-0.001999,-0.001766,-0.001484,-0.001051,-0.000482,0.000090,0.000605,0.001038,0.001343,0.001504,0.001543,0.001526,0.001533,0.001566,0.001610,0.001681,0.001742,0.001771,0.001805,0.001819,0.001784,0.001727,0.001717,0.001749,0.001753,0.001756,0.001759,0.001770,0.001789,0.001764,0.001745,0.001769,0.001798,0.001806,0.001767,0.001729,0.001741,0.001773,0.001781,0.001770,0.001746,0.001713,0.001696,0.001678,0.001674,0.001698,0.001747,0.001841,0.001936,0.001965,0.001916,0.001855,0.001817,0.001769,0.001693,0.001553,0.001323,0.001030,0.000682,0.000282,-0.000198,-0.000719,-0.001179,-0.001564,-0.001889,-0.002183,-0.002432,-0.002578,0.000000,0.000000,0.000000,0.000000,0.000000,0.000000,0.000000,0.000000,0.000000,0.000000,0.000000,0.000000,0.000000,0.000000,0.000000,0.000000
0.000000,0.000000,0.000000,0.000000,0.000000,0.000000,0.000000,0.000000,0.000000,0.000000,0.000000,0.000000,0.000000,0.000000,0.000000,-0.002279,-0.002278,-0.002178,-0.001983,-0.001685,-0.001294,-0.000856,-0.000355,0.000176,0.000657,0.001057,0.001379,0.001586,0.001669,0.001666,0.001642,0.001633,0.001631,0.001667,0.001726,0.001756,0.001759,0.001779,0.001782,0.001715,0.001651,0.001654,0.001694,0.001722,0.001726,0.001741,0.001760,0.001757,0.001738,0.001742,0.001781,0.001805,0.001780,0.001728,0.001700,0.001720,0.001768,0.001807,0.001801,0.001785,0.001774,0.001748,0.001724,0.001701,0.001710,0.001767,0.001846,0.001944,0.001974,0.001927,0.001884,0.001851,0.001819,0.001765,0.001679,0.001548,0.001365,0.001141,0.000857,0.000461,-0.000044,-0.000589,-0.001113,-0.001566,-0.001930,-0.002226,-0.002426,-0.002474,0.000000,0.000000,0.000000,0.000000,0.000000,0.000000,0.000000,0.000000,0.000000,0.000000,0.000000,0.000000,0.000000,0.000000,0.000000
0.000000,0.000000,0.000000,0.000000,0.000000,0.000000,0.000000,0.000000,0.000000,0.000000,0.000000,0.000000,0.000000,0.000000,-0.002110,-0.002164,-0.002110,-0.001954,-0.001658,-0.001213,-0.000700,-0.000180,0.000301,0.000725,0.001088,0.001393,0.001607,0.001733,0.001784,0.001770,0.001745,0.001729,0.001721,0.001736,0.001766,0.001759,0.001752,0.001757,0.001730,0.001666,0.001595,0.001596,0.001655,0.001691,0.001717,0.001748,0.001752,0.001741,0.001735,0.001754,0.001796,0.001813,0.001761,0.001705,0.001704,0.001730,0.001777,0.001814,0.001814,0.001807,0.001799,0.001789,0.001765,0.001725,0.001706,0.001734,0.001805,0.001877,0.001909,0.001890,0.001848,0.001805,0.001789,0.001786,0.001759,0.001699,0.001604,0.001487,0.001298,0.000991,0.000562,0.000009,-0.000605,-0.001148,-0.001571,-0.001926,-0.002190,-0.002339,-0.002399,0.000000,0.000000,0.000000,0.000000,0.000000,0.000000,0.000000,0.000000,0.000000,0.000000,0.000000,0.000000,0.000000,0.000000
0.000000,0.000000,0.000000,0.000000,0.000000,0.000000,0.000000,0.000000,0.000000,0.000000,0.000000,0.000000,0.000000,-0.002098,-0.002080,-0.002022,-0.001892,-0.001628,-0.001222,-0.000666,-0.000072,0.000413,0.000816,0.001147,0.001411,0.001625,0.001764,0.001829,0.001842,0.001831,0.001817,0.001813,0.001799,0.001800,0.001809,0.001771,0.001734,0.001714,0.001674,0.001615,0.001556,0.001548,0.001592,0.001646,0.001705,0.001736,0.001737,0.001733,0.001740,0.001780,0.001824,0.001821,0.001763,0.001720,0.001719,0.001741,0.001780,0.001803,0.001793,0.001796,0.001805,0.001793,0.001759,0.001724,0.001691,0.001683,0.001729,0.001780,0.001807,0.001806,0.001807,0.001804,0.001797,0.001810,0.001828,0.001805,0.001735,0.001652,0.001522,0.001308,0.000969,0.000505,-0.000036,-0.000614,-0.001102,-0.001499,-0.001851,-0.002109,-0.002302,-0.002410,0.000000,0.000000,0.000000,0.000000,0.000000,0.000000,0.000000,0.000000,0.000000,0.000000,0.000000,0.000000,0.000000
0.000000,0.000000,0.000000,0.000000,0.000000,0.000000,0.000000,0.000000,0.000000,0.000000,0.000000,0.000000,-0.002325,-0.002211,-0.002064,-0.001907,-0.001654,-0.001249,-0.000708,-0.000086,0.000471,0.000889,0.001211,0.001454,0.001648,0.001788,0.001853,0.001862,0.001838,0.001822,0.001843,0.001847,0.001836,0.001862,0.001858,0.001796,0.001723,0.001671,0.001628,0.001573,0.001545,0.001534,0.001537,0.001593,0.001669,0.001708,0.001720,0.001730,0.001769,0.001836,0.001867,0.001840,0.001790,0.001756,0.001751,0.001767,0.001791,0.001802,0.001787,0.001792,0.001804,0.001779,0.001745,0.001696,0.001659,0.001657,0.001676,0.001709,0.001732,0.001747,0.001794,0.001832,0.001848,0.001859,0.001854,0.001818,0.001739,0.001646,0.001542,0.001403,0.001201,0.000907,0.000501,0.000017,-0.000495,-0.000995,-0.001455,-0.001848,-0.002109,-0.002287,-0.002432,0.000000,0.000000,0.000000,0.000000,0.000000,0.000000,0.000000,0.000000,0.000000,0.000000,0.000000,0.000000
0.000000,0.000000,0.000000,0.000000,0.000000,0.000000,0.000000,0.000000,0.000000,0.000000,0.000000,-0.002610,-0.002455,-0.002268,-0.002044,-0.001777,-0.001368,-0.000785,-0.000143,0.000448,0.000901,0.001234,0.001471,0.001644,0.001786,0.001862,0.001865,0.001833,0.001798,0.001790,0.001815,0.001833,0.001855,0.001896,0.001893,0.001826,0.001740,0.001666,0.001617,0.001584,0.001572,0.001567,0.001553,0.001574,0.001652,0.001715,0.001728,0.001765,0.001835,0.001888,0.001900,0.001866,0.001809,0.001770,0.001770,0.001799,0.001829,0.001837,0.001830,0.001833,0.001829,0.001787,0.001724,0.001670,0.001648,0.001658,0.001690,0.001704,0.001701,0.001738,0.001791,0.001834,0.001869,0.001864,0.001830,0.001767,0.001667,0.001571,0.001496,0.001426,0.001357,0.001241,0.000989,0.000634,0.000152,-0.000459,-0.001041,-0.001546,-0.001939,-0.002190,-0.002336,-0.002379,0.000000,0.000000,0.000000,0.000000,0.000000,0.000000,0.000000,0.000000,0.000000,0.000000,0.000000
0.000000,0.000000,0.000000,0.000000,0.000000,0.000000,0.000000,0.000000,0.000000,0.000000,0.000000,-0.002618,-0.002490,-0.002240,-0.001939,-0.001538,-0.000961,-0.000265,0.000372,0.000861,0.001216,0.001446,0.001607,0.001738,0.001838,0.001882,0.001864,0.001809,0.001765,0.001766,0.001786,0.001810,0.001841,0.001874,0.001880,0.001823,0.001749,0.001696,0.001651,0.001636,0.001632,0.001631,0.001626,0.001628,0.001684,0.001754,0.001781,0.001817,0.001889,0.001917,0.001894,0.001858,0.001796,0.001750,0.001755,0.001793,0.001853,0.001894,0.001899,0.001904,0.001885,0.001816,0.001731,0.001687,0.001681,0.001694,0.001728,0.001730,0.001723,0.001756,0.001800,0.001838,0.001860,0.001841,0.001787,0.001718,0.001625,0.001525,0.001467,0.001465,0.001478,0.001458,0.001366,0.001121,0.000694,0.000105,-0.000577,-0.001232,-0.001756,-0.002080,-0.002303,-0.002474,0.000000,0.000000,0.000000,0.000000,0.000000,0.000000,0.000000,0.000000,0.000000,0.000000,0.000000
0.000000,0.000000,0.000000,0.000000,0.000000,0.000000,0.000000,0.000000,0.000000,0.000000,-0.002762,-0.002609,-0.002428,-0.002125,-0.001685,-0.001138,-0.000458,0.000235,0.000799,0.001175,0.001407,0.001561,0.001672,0.001769,0.001856,0.001905,0.001884,0.001827,0.001791,0.001801,0.001826,0.001819,0.001817,0.001827,0.001816,0.001790,0.001764,0.001750,0.001733,0.001716,0.001726,0.001746,0.001735,0.001729,0.001757,0.001788,0.001807,0.001827,0.001873,0.001889,0.001860,0.001836,0.001801,0.001766,0.001762,0.001792,0.001872,0.001939,0.001968,0.001970,0.001924,0.001853,0.001790,0.001756,0.001738,0.001746,0.001752,0.001739,0.001753,0.001784,0.001814,0.001847,0.001868,0.001836,0.001755,0.001678,0.001607,0.001531,0.001497,0.001525,0.001572,0.001594,0.001568,0.001429,0.001095,0.000581,-0.000087,-0.000837,-0.001464,-0.001908,-0.002224,-0.002458,-0.002633,0.000000,0.000000,0.000000,0.000000,0.000000,0.000000,0.000000,0.000000,0.000000,0.000000
0.000000,0.000000,0.000000,0.000000,0.000000,0.000000,0.000000,0.000000,0.000000,-0.002752,-0.002667,-0.002509,-0.002245,-0.001820,-0.001253,-0.000602,0.000075,0.000692,0.001132,0.001385,0.001539,0.001633,0.001690,0.001756,0.001859,0.001935,0.001924,0.001881,0.001873,0.001905,0.001911,0.001878,0.001836,0.001797,0.001776,0.001775,0.001788,0.001812,0.001839,0.001836,0.001835,0.001879,0.001883,0.001843,0.001818,0.001793,0.001782,0.001794,0.001806,0.001816,0.001825,0.001838,0.001859,0.001854,0.001837,0.001858,0.001917,0.001976,0.002009,0.001997,0.001951,0.001891,0.001851,0.001831,0.001805,0.001776,0.001743,0.001730,0.001751,0.001792,0.001821,0.001842,0.001862,0.001820,0.001727,0.001652,0.001608,0.001587,0.001588,0.001620,0.001681,0.001713,0.001681,0.001583,0.001366,0.000959,0.000368,-0.000350,-0.001053,-0.001592,-0.002010,-0.002359,-0.002606,-0.002783,0.000000,0.000000,0.000000,0.000000,0.000000,0.000000,0.000000,0.000000,0.000000
0.000000,0.000000,0.000000,0.000000,0.000000,0.000000,0.000000,0.000000,0.000000,-0.002581,-0.002485,-0.002261,-0.001891,-0.001341,-0.000677,-0.000008,0.000581,0.001038,0.001334,0.001499,0.001614,0.001683,0.001711,0.001760,0.001870,0.001957,0.001959,0.001933,0.001940,0.001975,0.001972,0.001915,0.001848,0.001800,0.001780,0.001796,0.001822,0.001864,0.001917,0.001927,0.001937,0.001977,0.001989,0.001939,0.001865,0.001807,0.001768,0.001755,0.001752,0.001766,0.001797,0.001859,0.001924,0.001941,0.001933,0.001932,0.001960,0.002005,0.002017,0.001988,0.001947,0.001909,0.001885,0.001870,0.001836,0.001780,0.001739,0.001734,0.001754,0.001790,0.001811,0.001818,0.001835,0.001809,0.001721,0.001665,0.001662,0.001676,0.001700,0.001735,0.001775,0.001788,0.001768,0.001689,0.001529,0.001252,0.000791,0.000158,-0.000523,-0.001134,-0.001688,-0.002161,-0.002496,-0.002705,0.000000,0.000000,0.000000,0.000000,0.000000,0.000000,0.000000,0.000000,0.000000
0.000000,0.000000,0.000000,0.000000,0.000000,0.000000,0.000000,0.000000,-0.002399,-0.002403,-0.002280,-0.001946,-0.001439,-0.000769,-0.000047,0.000534,0.000965,0.001262,0.001427,0.001548,0.001656,0.001723,0.001757,0.001803,0.001888,0.001946,0.001943,0.001924,0.001930,0.001951,0.001939,0.001880,0.001821,0.001796,0.001794,0.001814,0.001844,0.001886,0.001942,0.001967,0.001987,0.002017,0.002019,0.001981,0.001909,0.001836,0.001766,0.001728,0.001728,0.001734,0.001789,0.001879,0.001941,0.001967,0.001946,0.001932,0.001973,0.002007,0.002000,0.001965,0.001919,0.001885,0.001872,0.001869,0.001840,0.001797,0.001771,0.001761,0.001769,0.001776,0.001767,0.001777,0.001815,0.001803,0.001746,0.001716,0.001733,0.001767,0.001792,0.001815,0.001830,0.001827,0.001807,0.001761,0.001644,0.001457,0.001130,0.000618,0.000015,-0.000655,-0.001314,-0.001876,-0.002302,-0.002573,-0.002697,0.000000,0.000000,0.000000,0.000000,0.000000,0.000000,0.000000,0.000000
0.000000,0.000000,0.000000,0.000000,0.000000,0.000000,0.000000,0.000000,-0.002302,-0.002244,-0.002023,-0.001612,-0.000959,-0.000182,0.000486,0.000939,0.001221,0.001397,0.001485,0.001576,0.001687,0.001774,0.001818,0.001839,0.001883,0.001901,0.001870,0.001849,0.001872,0.001889,0.001850,0.001806,0.001770,0.001751,0.001764,0.001771,0.001784,0.001832,0.001899,0.001937,0.001951,0.001975,0.001983,0.001973,0.001926,0.001839,0.001759,0.001718,0.001708,0.001725,0.001791,0.001882,0.001939,0.001936,0.001899,0.001903,0.001957,0.001986,0.001971,0.001931,0.001878,0.001837,0.001819,0.001824,0.001840,0.001827,0.001797,0.001786,0.001774,0.001744,0.001726,0.001750,0.001791,0.001795,0.001767,0.001759,0.001789,0.001829,0.001851,0.001860,0.001866,0.001847,0.001800,0.001764,0.001706,0.001567,0.001320,0.000929,0.000411,-0.000234,-0.000966,-0.001613,-0.002091,-0.002444,-0.002650,0.000000,0.000000,0.000000,0.000000,0.000000,0.000000,0.000000,0.000000
0.000000,0.000000,0.000000,0.000000,0.000000,0.000000,0.000000,-0.002243,-0.002167,-0.002016,-0.001715,-0.001210,-0.000486,0.000292,0.000873,0.001212,0.001387,0.001477,0.001551,0.001625,0.001718,0.001805,0.001844,0.001861,0.001874,0.001850,0.001787,0.001766,0.001804,0.001824,0.001783,0.001735,0.001707,0.001685,0.001683,0.001685,0.001686,0.001733,0.001808,0.001830,0.001839,0.001857,0.001873,0.001905,0.001890,0.001815,0.001744,0.001708,0.001707,0.001736,0.001798,0.001879,0.001923,0.001899,0.001872,0.001891,0.001936,0.001957,0.001936,0.001889,0.001837,0.001788,0.001757,0.001776,0.001809,0.001807,0.001793,0.001792,0.001779,0.001744,0.001724,0.001759,0.001805,0.001798,0.001771,0.001784,0.001823,0.001856,0.001890,0.001902,0.001873,0.001826,0.001764,0.001716,0.001684,0.001590,0.001403,0.001102,0.000680,0.000093,-0.000641,-0.001331,-0.001901,-0.002320,-0.002568,-0.002693,0.000000,0.000000,0.000000,0.000000,0.000000,0.000000,0.000000
0.000000,0.000000,0.000000,0.000000,0.000000,0.000000,0.000000,-0.002150,-0.002038,-0.001803,-0.001415,-0.000811,-0.000062,0.000646,0.001135,0.001364,0.001466,0.001537,0.001596,0.001666,0.001737,0.001786,0.001819,0.001844,0.001846,0.001803,0.001720,0.001690,0.001728,0.001753,0.001736,0.001689,0.001666,0.001649,0.001629,0.001629,0.001642,0.001694,0.001738,0.001743,0.001728,0.001729,0.001763,0.001811,0.001820,0.001768,0.001725,0.001724,0.001739,0.001754,0.001812,0.001880,0.001879,0.001854,0.001841,0.001863,0.001898,0.001892,0.001863,0.001849,0.001823,0.001764,0.001719,0.001727,0.001749,0.001763,0.001774,0.001785,0.001799,0.001767,0.001740,0.001782,0.001824,0.001800,0.001772,0.001804,0.001855,0.001890,0.001909,0.001924,0.001890,0.001789,0.001702,0.001661,0.001630,0.001581,0.001456,0.001224,0.000897,0.000402,-0.000279,-0.001029,-0.001701,-0.002187,-0.002507,-0.002678,0.000000,0.000000,0.000000,0.000000,0.000000,0.000000,0.000000
0.000000,0.000000,0.000000,0.000000,0.000000,0.000000,-0.002193,-0.002113,-0.001977,-0.001680,-0.001163,-0.000487,0.000258,0.000890,0.001266,0.001428,0.001514,0.001582,0.001623,0.001681,0.001732,0.001748,0.001761,0.001775,0.001784,0.001744,0.001663,0.001625,0.001658,0.001704,0.001712,0.001696,0.001675,0.001660,0.001647,0.001629,0.001643,0.001689,0.001721,0.001715,0.001685,0.001676,0.001707,0.001757,0.001777,0.001751,0.001747,0.001781,0.001793,0.001802,0.001849,0.001874,0.001839,0.001795,0.001794,0.001821,0.001827,0.001805,0.001795,0.001832,0.001849,0.001794,0.001720,0.001688,0.001710,0.001739,0.001761,0.001806,0.001834,0.001793,0.001765,0.001798,0.001822,0.001797,0.001779,0.001824,0.001890,0.001921,0.001920,0.001922,0.001888,0.001774,0.001673,0.001629,0.001599,0.001570,0.001491,0.001330,0.001074,0.000681,0.000059,-0.000725,-0.001454,-0.002037,-0.002435,-0.002680,-0.002818,0.000000,0.000000,0.000000,0.000000,0.000000,0.000000
0.000000,0.000000,0.000000,0.000000,0.000000,0.000000,-0.002106,-0.002092,-0.001933,-0.001554,-0.000962,-0.000203,0.000509,0.001033,0.001342,0.001495,0.001589,0.001650,0.001695,0.001742,0.001758,0.001736,0.001711,0.001697,0.001696,0.001664,0.001602,0.001564,0.001595,0.001656,0.001688,0.001713,0.001721,0.001709,0.001685,0.001655,0.001636,0.001655,0.001703,0.001704,0.001685,0.001684,0.001691,0.001720,0.001740,0.001762,0.001797,0.001828,0.001837,0.001842,0.001866,0.001856,0.001805,0.001767,0.001780,0.001801,0.001786,0.001764,0.001787,0.001859,0.001909,0.001874,0.001787,0.001728,0.001726,0.001748,0.001801,0.001874,0.001899,0.001863,0.001819,0.001823,0.001836,0.001793,0.001779,0.001854,0.001920,0.001925,0.001908,0.001892,0.001858,0.001784,0.001691,0.001638,0.001620,0.001587,0.001533,0.001422,0.001223,0.000896,0.000356,-0.000379,-0.001175,-0.001838,-0.002295,-0.002605,-0.002746,0.000000,0.000000,0.000000,0.000000,0.000000,0.000000
0.000000,0.000000,0.000000,0.000000,0.000000,-0.002078,-0.002095,-0.002038,-0.001783,-0.001319,-0.000670,0.000089,0.000738,0.001177,0.001437,0.001594,0.001699,0.001758,0.001802,0.001833,0.001818,0.001771,0.001727,0.001680,0.001636,0.001598,0.001554,0.001530,0.001544,0.001588,0.001639,0.001684,0.001728,0.001745,0.001719,0.001678,0.001636,0.001640,0.001679,0.001702,0.001719,0.001711,0.001692,0.001694,0.001711,0.001758,0.001820,0.001852,0.001848,0.001841,0.001850,0.001839,0.001786,0.001767,0.001797,0.001810,0.001784,0.001760,0.001798,0.001888,0.001959,0.001952,0.001895,0.001831,0.001788,0.001810,0.001875,0.001944,0.001981,0.001946,0.001891,0.001872,0.001842,0.001791,0.001788,0.001856,0.001931,0.001925,0.001869,0.001855,0.001853,0.001796,0.001725,0.001698,0.001678,0.001643,0.001607,0.001519,0.001359,0.001095,0.000652,-0.000026,-0.000838,-0.001559,-0.002093,-0.002444,-0.002633,-0.002699,0.000000,0.000000,0.000000,0.000000,0.000000
0.000000,0.000000,0.000000,0.000000,0.000000,-0.002266,-0.002164,-0.001948,-0.001559,-0.000979,-0.000266,0.000395,0.000937,0.001312,0.001526,0.001682,0.001787,0.001835,0.001863,0.001888,0.001883,0.001841,0.001794,0.001745,0.001666,0.001587,0.001547,0.001534,0.001529,0.001557,0.001609,0.001656,0.001704,0.001743,0.001745,0.001710,0.001679,0.001674,0.001695,0.001736,0.001764,0.001756,0.001724,0.001701,0.001712,0.001753,0.001804,0.001837,0.001832,0.001821,0.001820,0.001796,0.001766,0.001774,0.001808,0.001820,0.001791,0.001776,0.001808,0.001883,0.001962,0.001991,0.001977,0.001930,0.001880,0.001884,0.001937,0.002005,0.002032,0.001983,0.001939,0.001915,0.001859,0.001816,0.001813,0.001855,0.001913,0.001905,0.001843,0.001829,0.001850,0.001809,0.001758,0.001749,0.001737,0.001723,0.001689,0.001606,0.001468,0.001265,0.000903,0.000318,-0.000427,-0.001199,-0.001814,-0.002224,-0.002453,-0.002534,0.000000,0.000000,0.000000,0.000000,0.000000
0.000000,0.000000,0.000000,0.000000,-0.002697,-0.002482,-0.002219,-0.001873,-0.001325,-0.000605,0.000108,0.000669,0.001082,0.001376,0.001587,0.001719,0.001786,0.001830,0.001864,0.001890,0.001889,0.001881,0.001866,0.001812,0.001709,0.001592,0.001533,0.001528,0.001545,0.001583,0.001624,0.001666,0.001705,0.001734,0.001743,0.001737,0.001732,0.001714,0.001724,0.001747,0.001760,0.001779,0.001760,0.001725,0.001729,0.001766,0.001795,0.001810,0.001804,0.001776,0.001762,0.001740,0.001719,0.001743,0.001794,0.001821,0.001800,0.001790,0.001832,0.001905,0.001954,0.001992,0.002011,0.001978,0.001934,0.001929,0.001986,0.002045,0.002035,0.001979,0.001939,0.001921,0.001902,0.001869,0.001855,0.001871,0.001893,0.001888,0.001844,0.001835,0.001856,0.001833,0.001787,0.001777,0.001795,0.001793,0.001771,0.001699,0.001564,0.001383,0.001097,0.000635,-0.000030,-0.000803,-0.001476,-0.001937,-0.002245,-0.002434,-0.002482,0.000000,0.000000,0.000000,0.000000
0.000000,0.000000,0.000000,0.000000,-0.002777,-0.002560,-0.002218,-0.001783,-0.001101,-0.000284,0.000401,0.000876,0.001179,0.001415,0.001607,0.001715,0.001762,0.001791,0.001824,0.001854,0.001860,0.001874,0.001896,0.001837,0.001703,0.001575,0.001513,0.001529,0.001574,0.001639,0.001689,0.001703,0.001721,0.001736,0.001744,0.001754,0.001756,0.001747,0.001727,0.001719,0.001741,0.001765,0.001765,0.001766,0.001778,0.001798,0.001815,0.001816,0.001789,0.001740,0.001703,0.001689,0.001671,0.001679,0.001746,0.001796,0.001788,0.001788,0.001851,0.001929,0.001972,0.001992,0.001999,0.001971,0.001932,0.001943,0.001992,0.002022,0.001996,0.001939,0.001906,0.001907,0.001906,0.001899,0.001880,0.001850,0.001856,0.001873,0.001861,0.001850,0.001860,0.001846,0.001803,0.001798,0.001812,0.001819,0.001834,0.001789,0.001656,0.001472,0.001223,0.000836,0.000272,-0.000444,-0.001170,-0.001700,-0.002080,-0.002361,-0.002483,0.000000,0.000000,0.000000,0.000000
0.000000,0.000000,0.000000,0.000000,-0.002738,-0.002507,-0.002136,-0.001605,-0.000892,-0.000067,0.000605,0.001003,0.001254,0.001448,0.001594,0.001702,0.001759,0.001776,0.001804,0.001837,0.001852,0.001873,0.001876,0.001808,0.001680,0.001561,0.001517,0.001545,0.001620,0.001704,0.001758,0.001767,0.001771,0.001780,0.001779,0.001777,0.001778,0.001776,0.001751,0.001744,0.001760,0.001781,0.001810,0.001825,0.001827,0.001820,0.001813,0.001804,0.001766,0.001715,0.001674,0.001656,0.001641,0.001640,0.001688,0.001745,0.001760,0.001775,0.001852,0.001934,0.001981,0.001998,0.001985,0.001963,0.001935,0.001920,0.001934,0.001957,0.001934,0.001880,0.001872,0.001894,0.001888,0.001876,0.001842,0.001789,0.001785,0.001814,0.001831,0.001825,0.001832,0.001842,0.001823,0.001792,0.001782,0.001810,0.001848,0.001834,0.001730,0.001548,0.001298,0.000955,0.000488,-0.000151,-0.000892,-0.001513,-0.001947,-0.002255,-0.002449,0.000000,0.000000,0.000000,0.000000
0.000000,0.000000,0.000000,-0.002662,-0.002667,-0.002425,-0.001987,-0.001406,-0.000668,0.000120,0.000735,0.001086,0.001289,0.001443,0.001570,0.001675,0.001752,0.001797,0.001844,0.001864,0.001861,0.001870,0.001834,0.001750,0.001653,0.001573,0.001544,0.001570,0.001653,0.001752,0.001808,0.001833,0.001837,0.001831,0.001803,0.001786,0.001798,0.001797,0.001793,0.001789,0.001801,0.001838,0.001878,0.001885,0.001847,0.001797,0.001759,0.001744,0.001719,0.001682,0.001673,0.001662,0.001635,0.001623,0.001659,0.001721,0.001749,0.001777,0.001850,0.001933,0.001970,0.001984,0.001998,0.001973,0.001939,0.001903,0.001866,0.001867,0.001853,0.001832,0.001853,0.001870,0.001851,0.001815,0.001774,0.001734,0.001726,0.001748,0.001770,0.001794,0.001815,0.001849,0.001867,0.001828,0.001793,0.001805,0.001844,0.001843,0.001759,0.001600,0.001373,0.001083,0.000683,0.000105,-0.000610,-0.001302,-0.001833,-0.002178,-0.002346,-0.002371,0.000000,0.000000,0.000000
0.000000,0.000000,0.000000,-0.002717,-0.002653,-0.002371,-0.001888,-0.001244,-0.000440,0.000306,0.000826,0.001144,0.001318,0.001429,0.001534,0.001648,0.001765,0.001858,0.001908,0.001921,0.001905,0.001858,0.001800,0.001728,0.001664,0.001625,0.001603,0.001612,0.001672,0.001773,0.001846,0.001863,0.001860,0.001827,0.001778,0.001768,0.001784,0.001804,0.001800,0.001774,0.001788,0.001829,0.001872,0.001889,0.001837,0.001748,0.001695,0.001695,0.001709,0.001699,0.001689,0.001687,0.001664,0.001640,0.001671,0.001734,0.001781,0.001840,0.001902,0.001944,0.001968,0.001977,0.001997,0.001987,0.001935,0.001884,0.001832,0.001797,0.001785,0.001793,0.001833,0.001835,0.001777,0.001739,0.001726,0.001709,0.001702,0.001714,0.001737,0.001762,0.001820,0.001881,0.001896,0.001870,0.001832,0.001821,0.001846,0.001832,0.001749,0.001634,0.001450,0.001193,0.000859,0.000339,-0.000381,-0.001132,-0.001716,-0.002093,-0.002258,-0.002259,0.000000,0.000000,0.000000
0.000000,0.000000,0.000000,-0.002769,-0.002621,-0.002318,-0.001803,-0.001062,-0.000220,0.000470,0.000911,0.001178,0.001344,0.001444,0.001527,0.001648,0.001792,0.001906,0.001965,0.001976,0.001934,0.001859,0.001788,0.001727,0.001696,0.001677,0.001639,0.001615,0.001662,0.001761,0.001838,0.001862,0.001838,0.001785,0.001740,0.001738,0.001772,0.001784,0.001756,0.001722,0.001702,0.001723,0.001787,0.001834,0.001798,0.001731,0.001699,0.001712,0.001744,0.001757,0.001744,0.001719,0.001707,0.001699,0.001718,0.001772,0.001849,0.001943,0.002010,0.002017,0.002001,0.001998,0.001991,0.001983,0.001943,0.001876,0.001832,0.001798,0.001773,0.001786,0.001828,0.001821,0.001756,0.001706,0.001710,0.001721,0.001696,0.001691,0.001711,0.001744,0.001815,0.001881,0.001889,0.001861,0.001853,0.001868,0.001872,0.001848,0.001774,0.001670,0.001518,0.001277,0.000966,0.000480,-0.000239,-0.001009,-0.001622,-0.002015,-0.002211,-0.002250,0.000000,0.000000,0.000000
0.000000,0.000000,0.000000,-0.002745,-0.002561,-0.002207,-0.001633,-0.000842,0.000011,0.000646,0.001015,0.001225,0.001362,0.001475,0.001558,0.001654,0.001788,0.001897,0.001957,0.001972,0.001933,0.001867,0.001794,0.001727,0.001707,0.001695,0.001636,0.001586,0.001612,0.001708,0.001794,0.001827,0.001808,0.001757,0.001724,0.001730,0.001756,0.001752,0.001705,0.001660,0.001636,0.001640,0.001697,0.001771,0.001783,0.001755,0.001745,0.001768,0.001808,0.001818,0.001792,0.001759,0.001746,0.001750,0.001757,0.001792,0.001886,0.002008,0.002095,0.002103,0.002056,0.002035,0.002018,0.001973,0.001939,0.001890,0.001844,0.001817,0.001788,0.001800,0.001844,0.001842,0.001796,0.001757,0.001754,0.001747,0.001698,0.001662,0.001685,0.001742,0.001799,0.001851,0.001868,0.001866,0.001896,0.001925,0.001929,0.001919,0.001856,0.001733,0.001578,0.001355,0.001026,0.000548,-0.000122,-0.000885,-0.001535,-0.001960,-0.002222,-0.002366,0.000000,0.000000,0.000000
0.000000,0.000000,0.000000,-0.002671,-0.002470,-0.002064,-0.001445,-0.000600,0.000240,0.000816,0.001128,0.001295,0.001413,0.001514,0.001595,0.001664,0.001765,0.001870,0.001911,0.001935,0.001943,0.001885,0.001805,0.001747,0.001725,0.001715,0.001652,0.001580,0.001589,0.001673,0.001749,0.001772,0.001769,0.001741,0.001721,0.001721,0.001715,0.001709,0.001666,0.001618,0.001606,0.001606,0.001652,0.001733,0.001780,0.001770,0.001764,0.001802,0.001862,0.001865,0.001817,0.001795,0.001779,0.001769,0.001763,0.001778,0.001866,0.002000,0.002100,0.002128,0.002107,0.002082,0.002057,0.001999,0.001923,0.001869,0.001835,0.001804,0.001775,0.001789,0.001842,0.001853,0.001833,0.001838,0.001830,0.001771,0.001699,0.001658,0.001673,0.001727,0.001784,0.001828,0.001846,0.001883,0.001947,0.001977,0.001988,0.001979,0.001930,0.001828,0.001650,0.001428,0.001115,0.000654,0.000031,-0.000699,-0.001382,-0.001911,-0.002287,-0.002531,0.000000,0.000000,0.000000
0.000000,0.000000,-0.002628,-0.002603,-0.002372,-0.001928,-0.001255,-0.000368,0.000425,0.000935,0.001223,0.001378,0.001484,0.001575,0.001644,0.001705,0.001791,0.001869,0.001916,0.001952,0.001963,0.001917,0.001833,0.001779,0.001766,0.001750,0.001688,0.001615,0.001618,0.001680,0.001720,0.001723,0.001716,0.001720,0.001721,0.001719,0.001707,0.001662,0.001621,0.001595,0.001575,0.001586,0.001641,0.001727,0.001768,0.001757,0.001758,0.001801,0.001864,0.001874,0.001829,0.001792,0.001778,0.001765,0.001753,0.001769,0.001838,0.001950,0.002041,0.002091,0.002126,0.002119,0.002082,0.002027,0.001928,0.001834,0.001793,0.001769,0.001749,0.001763,0.001809,0.001847,0.001866,0.001883,0.001880,0.001817,0.001719,0.001678,0.001703,0.001748,0.001790,0.001815,0.001847,0.001908,0.001985,0.002029,0.002026,0.002006,0.001966,0.001881,0.001726,0.001509,0.001224,0.000796,0.000226,-0.000461,-0.001211,-0.001861,-0.002334,-0.002717,-0.003002,0.000000,0.000000
0.000000,0.000000,-0.002673,-0.002563,-0.002305,-0.001813,-0.001090,-0.000209,0.000548,0.001018,0.001295,0.001461,0.001559,0.001651,0.001711,0.001751,0.001832,0.001905,0.001949,0.001981,0.001987,0.001946,0.001876,0.001841,0.001847,0.001823,0.001746,0.001682,0.001681,0.001706,0.001701,0.001688,0.001698,0.001733,0.001755,0.001755,0.001735,0.001675,0.001612,0.001565,0.001550,0.001578,0.001642,0.001730,0.001769,0.001754,0.001748,0.001783,0.001832,0.001829,0.001785,0.001755,0.001735,0.001713,0.001713,0.001751,0.001811,0.001894,0.001976,0.002046,0.002099,0.002123,0.002103,0.002029,0.001919,0.001811,0.001759,0.001745,0.001730,0.001742,0.001788,0.001847,0.001886,0.001889,0.001881,0.001840,0.001764,0.001734,0.001765,0.001792,0.001814,0.001832,0.001855,0.001925,0.002007,0.002043,0.002016,0.001987,0.001937,0.001849,0.001743,0.001562,0.001293,0.000923,0.000411,-0.000267,-0.001055,-0.001767,-0.002321,-0.002747,-0.002989,0.000000,0.000000
0.000000,0.000000,-0.002679,-0.002536,-0.002248,-0.001768,-0.001031,-0.000133,0.000621,0.001077,0.001353,0.001536,0.001646,0.001716,0.001751,0.001769,0.001822,0.001901,0.001936,0.001957,0.001977,0.001938,0.001906,0.001914,0.001936,0.001924,0.001847,0.001775,0.001750,0.001745,0.001721,0.001701,0.001729,0.001786,0.001821,0.001826,0.001791,0.001724,0.001638,0.001567,0.001540,0.001561,0.001638,0.001717,0.001753,0.001753,0.001739,0.001753,0.001774,0.001747,0.001715,0.001712,0.001688,0.001647,0.001648,0.001689,0.001753,0.001834,0.001920,0.002017,0.002084,0.002096,0.002074,0.002002,0.001895,0.001814,0.001788,0.001784,0.001755,0.001751,0.001805,0.001849,0.001876,0.001878,0.001855,0.001835,0.001806,0.001796,0.001809,0.001813,0.001816,0.001830,0.001855,0.001910,0.001979,0.002000,0.001968,0.001908,0.001861,0.001809,0.001707,0.001567,0.001346,0.001008,0.000533,-0.000142,-0.000945,-0.001683,-0.002261,-0.002682,-0.002946,0.000000,0.000000
0.000000,0.000000,-0.002591,-0.002472,-0.002196,-0.001767,-0.001070,-0.000156,0.000619,0.001097,0.001399,0.001596,0.001699,0.001739,0.001740,0.001747,0.001790,0.001835,0.001867,0.001910,0.001932,0.001904,0.001884,0.001906,0.001961,0.001974,0.001916,0.001858,0.001817,0.001795,0.001782,0.001775,0.001803,0.001844,0.001878,0.001896,0.001865,0.001781,0.001684,0.001618,0.001589,0.001599,0.001643,0.001685,0.001717,0.001733,0.001725,0.001720,0.001712,0.001680,0.001666,0.001675,0.001660,0.001621,0.001589,0.001608,0.001666,0.001750,0.001864,0.001969,0.002039,0.002034,0.001980,0.001931,0.001869,0.001839,0.001865,0.001869,0.001836,0.001808,0.001827,0.001868,0.001882,0.001860,0.001838,0.001841,0.001851,0.001851,0.001835,0.001821,0.001801,0.001804,0.001857,0.001909,0.001932,0.001927,0.001892,0.001844,0.001820,0.001800,0.001712,0.001575,0.001388,0.001078,0.000600,-0.000091,-0.000928,-0.001681,-0.002265,-0.002709,-0.002936,0.000000,0.000000
0.000000,0.000000,-0.002532,-0.002426,-0.002179,-0.001776,-0.001114,-0.000216,0.000585,0.001107,0.001428,0.001611,0.001694,0.001714,0.001697,0.001705,0.001745,0.001777,0.001815,0.001868,0.001903,0.001875,0.001826,0.001837,0.001890,0.001918,0.001899,0.001857,0.001836,0.001841,0.001839,0.001841,0.001862,0.001889,0.001913,0.001930,0.001927,0.001859,0.001765,0.001713,0.001691,0.001692,0.001687,0.001681,0.001691,0.001715,0.001734,0.001725,0.001696,0.001659,0.001641,0.001652,0.001645,0.001599,0.001557,0.001565,0.001606,0.001670,0.001786,0.001897,0.001946,0.001947,0.001893,0.001845,0.001848,0.001889,0.001940,0.001943,0.001912,0.001885,0.001871,0.001890,0.001908,0.001874,0.001849,0.001868,0.001899,0.001908,0.001875,0.001834,0.001809,0.001814,0.001856,0.001899,0.001909,0.001866,0.001805,0.001796,0.001811,0.001806,0.001757,0.001621,0.001422,0.001129,0.000625,-0.000132,-0.001009,-0.001789,-0.002378,-0.002781,-0.002971,0.000000,0.000000
0.000000,0.000000,-0.002581,-0.002437,-0.002171,-0.001757,-0.001098,-0.000223,0.000568,0.001099,0.001423,0.001602,0.001681,0.001665,0.001642,0.001667,0.001698,0.001745,0.001806,0.001873,0.001920,0.001875,0.001788,0.001755,0.001763,0.001789,0.001790,0.001770,0.001790,0.001825,0.001842,0.001846,0.001864,0.001896,0.001920,0.001961,0.001980,0.001938,0.001882,0.001839,0.001811,0.001787,0.001748,0.001713,0.001700,0.001727,0.001760,0.001750,0.001726,0.001688,0.001645,0.001643,0.001626,0.001568,0.001549,0.001571,0.001599,0.001650,0.001725,0.001822,0.001888,0.001884,0.001850,0.001833,0.001870,0.001936,0.001967,0.001955,0.001936,0.001929,0.001925,0.001924,0.001932,0.001913,0.001872,0.001880,0.001918,0.001939,0.001924,0.001875,0.001832,0.001823,0.001842,0.001869,0.001861,0.001809,0.001762,0.001759,0.001795,0.001831,0.001812,0.001703,0.001503,0.001171,0.000628,-0.000195,-0.001145,-0.001934,-0.002484,-0.002824,-0.002991,0.000000,0.000000
0.000000,0.000000,-0.002588,-0.002438,-0.002127,-0.001691,-0.001046,-0.000199,0.000553,0.001048,0.001374,0.001581,0.001659,0.001644,0.001619,0.001636,0.001684,0.001739,0.001819,0.001920,0.001966,0.001907,0.001798,0.001719,0.001681,0.001659,0.001648,0.001675,0.001727,0.001766,0.001779,0.001786,0.001831,0.001879,0.001913,0.001969,0.002021,0.002031,0.002004,0.001956,0.001913,0.001872,0.001819,0.001773,0.001755,0.001766,0.001762,0.001748,0.001740,0.001712,0.001670,0.001645,0.001613,0.001563,0.001562,0.001618,0.001664,0.001692,0.001733,0.001796,0.001856,0.001864,0.001849,0.001852,0.001885,0.001919,0.001912,0.001887,0.001888,0.001912,0.001928,0.001947,0.001961,0.001928,0.001860,0.001847,0.001899,0.001930,0.001928,0.001896,0.001838,0.001791,0.001786,0.001799,0.001794,0.001775,0.001755,0.001753,0.001785,0.001851,0.001865,0.001781,0.001594,0.001237,0.000662,-0.000191,-0.001188,-0.001994,-0.002484,-0.002760,-0.002915,0.000000,0.000000
0.000000,0.000000,-0.002573,-0.002409,-0.002092,-0.001649,-0.000985,-0.000163,0.000548,0.001023,0.001328,0.001542,0.001654,0.001669,0.001645,0.001646,0.001684,0.001747,0.001837,0.001937,0.001977,0.001930,0.001843,0.001749,0.001672,0.001610,0.001597,0.001636,0.001696,0.001736,0.001717,0.001719,0.001776,0.001837,0.001888,0.001938,0.002017,0.002071,0.002062,0.002018,0.001948,0.001905,0.001889,0.001840,0.001786,0.001754,0.001726,0.001717,0.001714,0.001717,0.001708,0.001675,0.001640,0.001587,0.001588,0.001681,0.001740,0.001748,0.001781,0.001814,0.001833,0.001852,0.001835,0.001820,0.001848,0.001860,0.001828,0.001798,0.001806,0.001855,0.001899,0.001942,0.001979,0.001945,0.001862,0.001825,0.001854,0.001884,0.001887,0.001848,0.001774,0.001716,0.001688,0.001690,0.001721,0.001738,0.001726,0.001727,0.001759,0.001818,0.001856,0.001791,0.001606,0.001276,0.000709,-0.000150,-0.001133,-0.001924,-0.002387,-0.002610,-0.002728,0.000000,0.000000
0.000000,0.000000,-0.002606,-0.002404,-0.002098,-0.001651,-0.000952,-0.000111,0.000584,0.001049,0.001346,0.001553,0.001693,0.001719,0.001699,0.001709,0.001725,0.001770,0.001846,0.001921,0.001963,0.001938,0.001874,0.001803,0.001719,0.001651,0.001635,0.001668,0.001730,0.001744,0.001701,0.001696,0.001728,0.001765,0.001815,0.001872,0.001940,0.002002,0.002025,0.001993,0.001936,0.001910,0.001904,0.001856,0.001767,0.001698,0.001675,0.001674,0.001706,0.001746,0.001747,0.001722,0.001674,0.001613,0.001612,0.001695,0.001751,0.001772,0.001803,0.001812,0.001816,0.001812,0.001782,0.001774,0.001792,0.001818,0.001807,0.001764,0.001757,0.001787,0.001858,0.001940,0.001987,0.001973,0.001897,0.001839,0.001832,0.001839,0.001816,0.001741,0.001660,0.001614,0.001595,0.001605,0.001633,0.001656,0.001669,0.001676,0.001703,0.001757,0.001798,0.001741,0.001548,0.001231,0.000701,-0.000124,-0.001080,-0.001834,-0.002265,-0.002460,-0.002524,0.000000,0.000000
0.000000,-0.002666,-0.002600,-0.002407,-0.002096,-0.001649,-0.000955,-0.000077,0.000641,0.001092,0.001395,0.001599,0.001730,0.001772,0.001774,0.001790,0.001793,0.001823,0.001876,0.001927,0.001971,0.001953,0.001905,0.001855,0.001779,0.001716,0.001693,0.001719,0.001759,0.001750,0.001702,0.001672,0.001684,0.001694,0.001706,0.001749,0.001796,0.001857,0.001903,0.001904,0.001908,0.001913,0.001894,0.001847,0.001759,0.001691,0.001676,0.001685,0.001731,0.001781,0.001778,0.001745,0.001684,0.001620,0.001627,0.001688,0.001741,0.001769,0.001783,0.001795,0.001790,0.001764,0.001725,0.001715,0.001758,0.001805,0.001819,0.001782,0.001739,0.001744,0.001809,0.001906,0.001973,0.001978,0.001925,0.001877,0.001853,0.001816,0.001747,0.001662,0.001588,0.001562,0.001564,0.001561,0.001584,0.001611,0.001623,0.001642,0.001685,0.001743,0.001758,0.001690,0.001501,0.001167,0.000651,-0.000125,-0.001046,-0.001781,-0.002171,-0.002358,-0.002419,-0.002355,0.000000
0.000000,0.000000,-0.002569,-0.002376,-0.002083,-0.001636,-0.000928,-0.000067,0.000660,0.001128,0.001426,0.001632,0.001756,0.001802,0.001823,0.001847,0.001850,0.001873,0.001926,0.001969,0.001991,0.001976,0.001933,0.001871,0.001818,0.001778,0.001750,0.001754,0.001751,0.001731,0.001696,0.001656,0.001639,0.001633,0.001632,0.001638,0.001650,0.001693,0.001762,0.001826,0.001875,0.001904,0.001910,0.001882,0.001824,0.001776,0.001763,0.001762,0.001783,0.001815,0.001800,0.001753,0.001706,0.001657,0.001665,0.001730,0.001764,0.001760,0.001758,0.001763,0.001761,0.001738,0.001692,0.001673,0.001726,0.001794,0.001815,0.001791,0.001736,0.001732,0.001785,0.001842,0.001909,0.001940,0.001935,0.001919,0.001889,0.001832,0.001745,0.001657,0.001589,0.001579,0.001585,0.001567,0.001572,0.001602,0.001619,0.001655,0.001708,0.001750,0.001747,0.001655,0.001464,0.001133,0.000615,-0.000153,-0.001064,-0.001768,-0.002148,-0.002333,-0.002386,0.000000,0.000000
0.000000,0.000000,-0.002571,-0.002398,-0.002118,-0.001673,-0.000943,-0.000070,0.000652,0.001138,0.001454,0.001659,0.001760,0.001790,0.001817,0.001857,0.001875,0.001893,0.001950,0.001995,0.001994,0.001969,0.001924,0.001884,0.001855,0.001820,0.001796,0.001769,0.001746,0.001728,0.001692,0.001653,0.001615,0.001596,0.001599,0.001588,0.001578,0.001603,0.001674,0.001778,0.001863,0.001910,0.001928,0.001939,0.001926,0.001889,0.001853,0.001825,0.001817,0.001827,0.001807,0.001756,0.001732,0.001733,0.001745,0.001791,0.001798,0.001754,0.001729,0.001725,0.001737,0.001727,0.001687,0.001669,0.001720,0.001800,0.001821,0.001801,0.001766,0.001754,0.001785,0.001804,0.001836,0.001885,0.001919,0.001941,0.001915,0.001851,0.001772,0.001672,0.001620,0.001620,0.001611,0.001600,0.001584,0.001580,0.001609,0.001649,0.001691,0.001715,0.001701,0.001607,0.001403,0.001073,0.000569,-0.000203,-0.001107,-0.001803,-0.002191,-0.002369,-0.002434,0.000000,0.000000
0.000000,0.000000,-0.002586,-0.002469,-0.002165,-0.001723,-0.001012,-0.000117,0.000615,0.001127,0.001460,0.001657,0.001737,0.001739,0.001773,0.001810,0.001831,0.001881,0.001943,0.001969,0.001959,0.001936,0.001909,0.001900,0.001888,0.001863,0.001823,0.001774,0.001748,0.001731,0.001696,0.001650,0.001597,0.001567,0.001572,0.001574,0.001580,0.001606,0.001650,0.001740,0.001844,0.001902,0.001932,0.001963,0.001968,0.001921,0.001857,0.001819,0.001801,0.001794,0.001768,0.001730,0.001749,0.001786,0.001816,0.001840,0.001813,0.001757,0.001717,0.001724,0.001742,0.001725,0.001685,0.001683,0.001745,0.001815,0.001846,0.001830,0.001808,0.001799,0.001806,0.001807,0.001803,0.001852,0.001909,0.001935,0.001908,0.001831,0.001758,0.001686,0.001641,0.001650,0.001642,0.001612,0.001589,0.001556,0.001544,0.001580,0.001639,0.001661,0.001624,0.001537,0.001339,0.001003,0.000496,-0.000266,-0.001137,-0.001829,-0.002230,-0.002411,-0.002520,0.000000,0.000000
0.000000,0.000000,-0.002609,-0.002452,-0.002163,-0.001716,-0.001022,-0.000171,0.000564,0.001081,0.001431,0.001628,0.001693,0.001680,0.001697,0.001746,0.001773,0.001833,0.001907,0.001925,0.001901,0.001889,0.001907,0.001924,0.001922,0.001902,0.001849,0.001792,0.001742,0.001707,0.001694,0.001652,0.001583,0.001557,0.001577,0.001595,0.001612,0.001639,0.001675,0.001728,0.001801,0.001866,0.001914,0.001945,0.001928,0.001864,0.001798,0.001757,0.001737,0.001716,0.001676,0.001667,0.001733,0.001808,0.001859,0.001875,0.001841,0.001789,0.001766,0.001772,0.001778,0.001746,0.001701,0.001694,0.001749,0.001830,0.001867,0.001847,0.001819,0.001830,0.001853,0.001838,0.001813,0.001840,0.001897,0.001910,0.001876,0.001806,0.001731,0.001685,0.001655,0.001661,0.001674,0.001644,0.001585,0.001528,0.001500,0.001541,0.001617,0.001645,0.001615,0.001520,0.001324,0.000982,0.000461,-0.000284,-0.001149,-0.001846,-0.002262,-0.002482,-0.002587,0.000000,0.000000
0.000000,0.000000,-0.002530,-0.002360,-0.002113,-0.001684,-0.001000,-0.000169,0.000537,0.001040,0.001398,0.001594,0.001656,0.001642,0.001639,0.001677,0.001715,0.001781,0.001857,0.001871,0.001845,0.001842,0.001886,0.001928,0.001938,0.001915,0.001872,0.001816,0.001745,0.001692,0.001669,0.001640,0.001602,0.001582,0.001585,0.001612,0.001636,0.001661,0.001692,0.001720,0.001767,0.001823,0.001868,0.001886,0.001841,0.001780,0.001733,0.001674,0.001627,0.001602,0.001574,0.001588,0.001692,0.001812,0.001879,0.001892,0.001879,0.001851,0.001837,0.001841,0.001826,0.001796,0.001759,0.001735,0.001769,0.001833,0.001872,0.001867,0.001843,0.001872,0.001913,0.001894,0.001858,0.001850,0.001871,0.001879,0.001839,0.001784,0.001735,0.001679,0.001666,0.001689,0.001697,0.001685,0.001623,0.001556,0.001536,0.001571,0.001640,0.001669,0.001631,0.001532,0.001331,0.000983,0.000471,-0.000273,-0.001162,-0.001880,-0.002334,-0.002593,-0.002684,0.000000,0.000000
0.000000,0.000000,-0.002359,-0.002294,-0.002088,-0.001689,-0.001008,-0.000164,0.000534,0.001019,0.001350,0.001561,0.001648,0.001642,0.001619,0.001619,0.001655,0.001738,0.001831,0.001846,0.001828,0.001841,0.001873,0.001907,0.001932,0.001925,0.001883,0.001828,0.001757,0.001691,0.001656,0.001639,0.001616,0.001598,0.001592,0.001602,0.001628,0.001655,0.001679,0.001707,0.001737,0.001765,0.001799,0.001810,0.001780,0.001743,0.001699,0.001633,0.001562,0.001514,0.001502,0.001554,0.001683,0.001810,0.001874,0.001900,0.001902,0.001885,0.001865,0.001859,0.001845,0.001833,0.001821,0.001799,0.001796,0.001823,0.001870,0.001887,0.001879,0.001917,0.001970,0.001952,0.001894,0.001867,0.001847,0.001826,0.001806,0.001787,0.001766,0.001714,0.001694,0.001717,0.001717,0.001710,0.001684,0.001635,0.001615,0.001633,0.001672,0.001668,0.001586,0.001472,0.001277,0.000961,0.000476,-0.000283,-0.001193,-0.001961,-0.002428,-0.002660,-0.002768,0.000000,0.000000
0.000000,0.000000,-0.002265,-0.002274,-0.002130,-0.001751,-0.001075,-0.000216,0.000514,0.000987,0.001306,0.001541,0.001661,0.001670,0.001644,0.001636,0.001678,0.001775,0.001870,0.001910,0.001901,0.001890,0.001908,0.001924,0.001928,0.001922,0.001886,0.001829,0.001758,0.001696,0.001665,0.001638,0.001612,0.001603,0.001616,0.001624,0.001629,0.001645,0.001670,0.001695,0.001702,0.001731,0.001766,0.001772,0.001775,0.001767,0.001727,0.001645,0.001554,0.001504,0.001512,0.001587,0.001713,0.001817,0.001862,0.001887,0.001897,0.001876,0.001844,0.001818,0.001818,0.001840,0.001853,0.001831,0.001800,0.001808,0.001849,0.001873,0.001878,0.001913,0.001961,0.001945,0.001895,0.001866,0.001825,0.001780,0.001775,0.001801,0.001804,0.001770,0.001738,0.001733,0.001739,0.001741,0.001729,0.001690,0.001676,0.001678,0.001670,0.001624,0.001517,0.001373,0.001182,0.000901,0.000434,-0.000331,-0.001262,-0.002051,-0.002525,-0.002735,-0.002828,0.000000,0.000000
0.000000,0.000000,-0.002259,-0.002254,-0.002129,-0.001812,-0.001176,-0.000310,0.000449,0.000958,0.001293,0.001534,0.001682,0.001724,0.001717,0.001730,0.001803,0.001903,0.001975,0.002010,0.001995,0.001954,0.001928,0.001911,0.001892,0.001883,0.001849,0.001782,0.001724,0.001675,0.001644,0.001632,0.001622,0.001625,0.001655,0.001679,0.001671,0.001661,0.001665,0.001674,0.001677,0.001703,0.001746,0.001772,0.001783,0.001793,0.001766,0.001667,0.001568,0.001537,0.001558,0.001627,0.001743,0.001824,0.001846,0.001865,0.001870,0.001842,0.001793,0.001775,0.001810,0.001843,0.001867,0.001856,0.001802,0.001788,0.001819,0.001843,0.001843,0.001860,0.001889,0.001878,0.001867,0.001856,0.001811,0.001772,0.001769,0.001807,0.001820,0.001792,0.001765,0.001751,0.001769,0.001784,0.001774,0.001748,0.001711,0.001672,0.001628,0.001571,0.001465,0.001302,0.001104,0.000817,0.000333,-0.000439,-0.001373,-0.002121,-0.002593,-0.002839,-0.002893,0.000000,0.000000
0.000000,0.000000,-0.002289,-0.002208,-0.002080,-0.001838,-0.001298,-0.000479,0.000319,0.000894,0.001262,0.001517,0.001681,0.001752,0.001786,0.001843,0.001926,0.002005,0.002063,0.002065,0.002027,0.001982,0.001919,0.001862,0.001827,0.001806,0.001767,0.001705,0.001654,0.001620,0.001627,0.001654,0.001665,0.001691,0.001718,0.001728,0.001708,0.001677,0.001666,0.001650,0.001645,0.001652,0.001678,0.001725,0.001755,0.001772,0.001757,0.001684,0.001613,0.001584,0.001603,0.001672,0.001753,0.001809,0.001822,0.001829,0.001825,0.001781,0.001746,0.001769,0.001831,0.001879,0.001903,0.001882,0.001812,0.001775,0.001797,0.001819,0.001805,0.001807,0.001829,0.001816,0.001812,0.001825,0.001798,0.001770,0.001787,0.001820,0.001813,0.001772,0.001757,0.001770,0.001808,0.001852,0.001852,0.001817,0.001749,0.001659,0.001580,0.001523,0.001439,0.001278,0.001057,0.000728,0.000185,-0.000612,-0.001492,-0.002180,-0.002624,-0.002886,-0.002987,0.000000,0.000000
0.000000,0.000000,0.000000,-0.002204,-0.002096,-0.001896,-0.001479,-0.000733,0.000122,0.000770,0.001184,0.001463,0.001640,0.001750,0.001829,0.001896,0.001973,0.002032,0.002051,0.002053,0.002026,0.001966,0.001899,0.001840,0.001783,0.001730,0.001694,0.001653,0.001605,0.001602,0.001640,0.001684,0.001731,0.001768,0.001780,0.001762,0.001714,0.001687,0.001681,0.001645,0.001610,0.001607,0.001619,0.001640,0.001679,0.001718,0.001735,0.001709,0.001667,0.001651,0.001674,0.001728,0.001773,0.001797,0.001794,0.001780,0.001765,0.001738,0.001734,0.001779,0.001857,0.001931,0.001945,0.001895,0.001818,0.001765,0.001779,0.001809,0.001805,0.001807,0.001806,0.001790,0.001786,0.001786,0.001767,0.001769,0.001808,0.001833,0.001820,0.001766,0.001751,0.001796,0.001844,0.001904,0.001922,0.001876,0.001792,0.001667,0.001561,0.001505,0.001440,0.001286,0.001023,0.000643,0.000024,-0.000813,-0.001607,-0.002216,-0.002625,-0.002856,0.000000,0.000000,0.000000
0.000000,0.000000,0.000000,-0.002298,-0.002210,-0.002052,-0.001696,-0.000985,-0.000093,0.000629,0.001092,0.001392,0.001593,0.001743,0.001845,0.001906,0.001961,0.001989,0.001997,0.002007,0.001982,0.001910,0.001843,0.001797,0.001741,0.001699,0.001674,0.001645,0.001627,0.001627,0.001647,0.001697,0.001751,0.001794,0.001817,0.001783,0.001731,0.001717,0.001715,0.001682,0.001630,0.001610,0.001609,0.001599,0.001631,0.001681,0.001715,0.001730,0.001712,0.001720,0.001756,0.001786,0.001818,0.001806,0.001767,0.001743,0.001718,0.001711,0.001722,0.001767,0.001853,0.001926,0.001941,0.001893,0.001814,0.001762,0.001776,0.001806,0.001822,0.001831,0.001816,0.001798,0.001789,0.001779,0.001768,0.001783,0.001832,0.001861,0.001843,0.001799,0.001788,0.001818,0.001863,0.001925,0.001940,0.001905,0.001828,0.001697,0.001589,0.001531,0.001451,0.001279,0.000983,0.000554,-0.000120,-0.000970,-0.001709,-0.002224,-0.002564,-0.002778,0.000000,0.000000,0.000000
0.000000,0.000000,0.000000,-0.002437,-0.002347,-0.002213,-0.001896,-0.001220,-0.000308,0.000482,0.001013,0.001353,0.001566,0.001726,0.001849,0.001916,0.001931,0.001938,0.001953,0.001943,0.001902,0.001835,0.001766,0.001729,0.001708,0.001696,0.001688,0.001693,0.001695,0.001676,0.001679,0.001703,0.001750,0.001818,0.001849,0.001827,0.001799,0.001792,0.001778,0.001732,0.001695,0.001678,0.001639,0.001617,0.001642,0.001677,0.001718,0.001749,0.001756,0.001772,0.001814,0.001854,0.001859,0.001816,0.001758,0.001708,0.001677,0.001674,0.001689,0.001743,0.001813,0.001875,0.001909,0.001886,0.001825,0.001774,0.001763,0.001780,0.001798,0.001820,0.001823,0.001790,0.001777,0.001796,0.001802,0.001804,0.001838,0.001871,0.001872,0.001851,0.001832,0.001844,0.001876,0.001911,0.001934,0.001903,0.001836,0.001751,0.001665,0.001592,0.001471,0.001251,0.000922,0.000424,-0.000302,-0.001138,-0.001831,-0.002251,-0.002508,-0.002669,0.000000,0.000000,0.000000
0.000000,0.000000,0.000000,-0.002512,-0.002422,-0.002308,-0.002046,-0.001435,-0.000536,0.000317,0.000926,0.001307,0.001541,0.001710,0.001825,0.001881,0.001897,0.001892,0.001880,0.001877,0.001847,0.001764,0.001697,0.001687,0.001702,0.001712,0.001730,0.001761,0.001772,0.001766,0.001768,0.001773,0.001816,0.001872,0.001894,0.001888,0.001872,0.001869,0.001849,0.001788,0.001761,0.001760,0.001715,0.001677,0.001680,0.001713,0.001750,0.001771,0.001779,0.001789,0.001830,0.001881,0.001874,0.001811,0.001747,0.001679,0.001636,0.001638,0.001658,0.001708,0.001783,0.001850,0.001887,0.001888,0.001852,0.001796,0.001740,0.001716,0.001732,0.001764,0.001781,0.001768,0.001771,0.001798,0.001815,0.001814,0.001813,0.001840,0.001875,0.001883,0.001873,0.001870,0.001873,0.001888,0.001910,0.001885,0.001834,0.001795,0.001744,0.001663,0.001510,0.001238,0.000829,0.000240,-0.000548,-0.001386,-0.002003,-0.002343,-0.002524,-0.002587,0.000000,0.000000,0.000000
0.000000,0.000000,0.000000,-0.002495,-0.002500,-0.002405,-0.002165,-0.001619,-0.000774,0.000102,0.000786,0.001228,0.001487,0.001661,0.001791,0.001837,0.001841,0.001827,0.001817,0.001827,0.001796,0.001712,0.001652,0.001652,0.001685,0.001730,0.001781,0.001828,0.001857,0.001871,0.001876,0.001889,0.001908,0.001920,0.001917,0.001910,0.001911,0.001907,0.001877,0.001836,0.001814,0.001818,0.001793,0.001739,0.001731,0.001752,0.001750,0.001747,0.001753,0.001769,0.001815,0.001860,0.001852,0.001785,0.001713,0.001662,0.001611,0.001598,0.001635,0.001690,0.001767,0.001847,0.001888,0.001905,0.001893,0.001822,0.001731,0.001675,0.001665,0.001691,0.001721,0.001739,0.001771,0.001799,0.001822,0.001807,0.001767,0.001791,0.001839,0.001873,0.001895,0.001867,0.001843,0.001861,0.001858,0.001841,0.001822,0.001798,0.001777,0.001701,0.001532,0.001220,0.000722,0.000034,-0.000829,-0.001638,-0.002156,-0.002433,-0.002569,-0.002603,0.000000,0.000000,0.000000
0.000000,0.000000,0.000000,0.000000,-0.002601,-0.002480,-0.002261,-0.001802,-0.001056,-0.000194,0.000560,0.001082,0.001395,0.001612,0.001778,0.001834,0.001805,0.001789,0.001796,0.001794,0.001762,0.001685,0.001616,0.001610,0.001660,0.001726,0.001808,0.001893,0.001936,0.001951,0.001963,0.001960,0.001947,0.001944,0.001924,0.001905,0.001917,0.001913,0.001885,0.001852,0.001836,0.001852,0.001828,0.001780,0.001769,0.001760,0.001728,0.001708,0.001718,0.001751,0.001805,0.001848,0.001825,0.001748,0.001685,0.001645,0.001600,0.001578,0.001618,0.001678,0.001750,0.001827,0.001878,0.001911,0.001902,0.001840,0.001758,0.001690,0.001650,0.001652,0.001684,0.001721,0.001769,0.001813,0.001823,0.001789,0.001740,0.001751,0.001814,0.001865,0.001886,0.001865,0.001829,0.001807,0.001813,0.001816,0.001794,0.001773,0.001764,0.001691,0.001499,0.001148,0.000593,-0.000176,-0.001067,-0.001798,-0.002222,-0.002424,-0.002516,0.000000,0.000000,0.000000,0.000000
0.000000,0.000000,0.000000,0.000000,-0.002560,-0.002461,-0.002292,-0.001977,-0.001376,-0.000560,0.000244,0.000872,0.001289,0.001583,0.001768,0.001829,0.001814,0.001786,0.001791,0.001798,0.001770,0.001695,0.001623,0.001605,0.001639,0.001711,0.001820,0.001929,0.001983,0.001992,0.001980,0.001962,0.001949,0.001944,0.001931,0.001914,0.001906,0.001902,0.001887,0.001863,0.001853,0.001862,0.001848,0.001805,0.001789,0.001776,0.001731,0.001699,0.001715,0.001780,0.001844,0.001868,0.001817,0.001720,0.001664,0.001629,0.001596,0.001596,0.001621,0.001668,0.001737,0.001797,0.001842,0.001867,0.001857,0.001826,0.001781,0.001732,0.001696,0.001677,0.001694,0.001738,0.001771,0.001805,0.001811,0.001776,0.001745,0.001746,0.001808,0.001873,0.001899,0.001891,0.001834,0.001795,0.001805,0.001806,0.001782,0.001758,0.001734,0.001639,0.001410,0.001007,0.000395,-0.000400,-0.001242,-0.001887,-0.002216,-0.002347,-0.002406,0.000000,0.000000,0.000000,0.000000
0.000000,0.000000,0.000000,0.000000,-0.002406,-0.002384,-0.002312,-0.002121,-0.001683,-0.000966,-0.000099,0.000655,0.001161,0.001508,0.001719,0.001803,0.001824,0.001814,0.001817,0.001829,0.001804,0.001755,0.001693,0.001646,0.001637,0.001684,0.001802,0.001918,0.001981,0.001981,0.001928,0.001891,0.001902,0.001917,0.001921,0.001915,0.001900,0.001884,0.001868,0.001877,0.001881,0.001870,0.001860,0.001823,0.001795,0.001787,0.001749,0.001716,0.001747,0.001825,0.001894,0.001900,0.001824,0.001729,0.001677,0.001644,0.001621,0.001626,0.001648,0.001684,0.001729,0.001773,0.001799,0.001797,0.001811,0.001814,0.001793,0.001767,0.001741,0.001747,0.001751,0.001768,0.001792,0.001791,0.001792,0.001772,0.001753,0.001772,0.001809,0.001866,0.001915,0.001905,0.001849,0.001810,0.001792,0.001781,0.001771,0.001745,0.001691,0.001546,0.001257,0.000811,0.000167,-0.000638,-0.001435,-0.001995,-0.002238,-0.002318,-0.002373,0.000000,0.000000,0.000000,0.000000
0.000000,0.000000,0.000000,0.000000,0.000000,-0.002379,-0.002374,-0.002267,-0.001940,-0.001307,-0.000431,0.000411,0.001013,0.001387,0.001625,0.001752,0.001799,0.001842,0.001857,0.001853,0.001853,0.001824,0.001775,0.001716,0.001671,0.001678,0.001753,0.001870,0.001941,0.001927,0.001865,0.001807,0.001815,0.001867,0.001899,0.001893,0.001873,0.001860,0.001864,0.001886,0.001886,0.001879,0.001859,0.001818,0.001793,0.001782,0.001770,0.001759,0.001788,0.001851,0.001898,0.001906,0.001854,0.001771,0.001726,0.001703,0.001673,0.001658,0.001664,0.001676,0.001698,0.001734,0.001754,0.001752,0.001774,0.001810,0.001816,0.001792,0.001783,0.001800,0.001813,0.001821,0.001818,0.001794,0.001772,0.001769,0.001769,0.001783,0.001797,0.001830,0.001889,0.001895,0.001852,0.001802,0.001767,0.001752,0.001734,0.001700,0.001615,0.001417,0.001067,0.000567,-0.000097,-0.000890,-0.001635,-0.002137,-0.002352,-0.002424,0.000000,0.000000,0.000000,0.000000,0.000000
0.000000,0.000000,0.000000,0.000000,0.000000,-0.002464,-0.002466,-0.002375,-0.002087,-0.001535,-0.000735,0.000145,0.000835,0.001268,0.001519,0.001668,0.001773,0.001821,0.001833,0.001845,0.001861,0.001861,0.001852,0.001807,0.001736,0.001704,0.001720,0.001800,0.001884,0.001883,0.001822,0.001763,0.001775,0.001835,0.001855,0.001849,0.001839,0.001833,0.001854,0.001890,0.001904,0.001881,0.001853,0.001824,0.001810,0.001801,0.001801,0.001818,0.001830,0.001859,0.001879,0.001868,0.001843,0.001801,0.001768,0.001755,0.001730,0.001690,0.001652,0.001630,0.001651,0.001681,0.001700,0.001716,0.001743,0.001790,0.001820,0.001826,0.001826,0.001826,0.001830,0.001829,0.001813,0.001781,0.001754,0.001755,0.001775,0.001779,0.001771,0.001797,0.001852,0.001882,0.001861,0.001821,0.001781,0.001733,0.001695,0.001650,0.001527,0.001256,0.000838,0.000274,-0.000439,-0.001184,-0.001841,-0.002271,-0.002469,-0.002596,0.000000,0.000000,0.000000,0.000000,0.000000
0.000000,0.000000,0.000000,0.000000,0.000000,0.000000,-0.002594,-0.002447,-0.002186,-0.001736,-0.001024,-0.000179,0.000576,0.001120,0.001422,0.001599,0.001735,0.001778,0.001788,0.001812,0.001838,0.001875,0.001887,0.001869,0.001810,0.001733,0.001697,0.001724,0.001797,0.001834,0.001788,0.001750,0.001785,0.001825,0.001825,0.001803,0.001791,0.001797,0.001838,0.001905,0.001930,0.001893,0.001862,0.001856,0.001832,0.001814,0.001825,0.001860,0.001884,0.001875,0.001858,0.001814,0.001773,0.001767,0.001765,0.001768,0.001768,0.001717,0.001646,0.001616,0.001625,0.001656,0.001678,0.001697,0.001726,0.001761,0.001814,0.001856,0.001860,0.001845,0.001806,0.001787,0.001785,0.001747,0.001726,0.001749,0.001783,0.001788,0.001756,0.001778,0.001837,0.001866,0.001885,0.001879,0.001820,0.001732,0.001660,0.001575,0.001399,0.001052,0.000532,-0.000112,-0.000825,-0.001496,-0.002023,-0.002334,-0.002475,0.000000,0.000000,0.000000,0.000000,0.000000,0.000000
0.000000,0.000000,0.000000,0.000000,0.000000,0.000000,-0.002738,-0.002583,-0.002355,-0.001998,-0.001396,-0.000623,0.000205,0.000883,0.001303,0.001533,0.001658,0.001728,0.001761,0.001783,0.001820,0.001863,0.001882,0.001880,0.001838,0.001748,0.001678,0.001668,0.001705,0.001744,0.001743,0.001754,0.001798,0.001832,0.001834,0.001791,0.001756,0.001771,0.001826,0.001903,0.001924,0.001888,0.001861,0.001853,0.001842,0.001814,0.001810,0.001851,0.001905,0.001908,0.001843,0.001759,0.001695,0.001677,0.001705,0.001750,0.001771,0.001721,0.001654,0.001645,0.001658,0.001690,0.001723,0.001735,0.001730,0.001745,0.001813,0.001887,0.001914,0.001871,0.001808,0.001773,0.001749,0.001720,0.001715,0.001756,0.001798,0.001786,0.001757,0.001772,0.001818,0.001850,0.001891,0.001910,0.001836,0.001708,0.001575,0.001427,0.001197,0.000786,0.000157,-0.000580,-0.001236,-0.001772,-0.002153,-0.002332,-0.002422,0.000000,0.000000,0.000000,0.000000,0.000000,0.000000
0.000000,0.000000,0.000000,0.000000,0.000000,0.000000,0.000000,-0.002753,-0.002580,-0.002280,-0.001785,-0.001075,-0.000221,0.000556,0.001097,0.001396,0.001563,0.001667,0.001713,0.001760,0.001800,0.001826,0.001854,0.001855,0.001818,0.001756,0.001692,0.001654,0.001661,0.001688,0.001713,0.001758,0.001816,0.001868,0.001856,0.001809,0.001783,0.001767,0.001802,0.001867,0.001884,0.001843,0.001803,0.001804,0.001823,0.001794,0.001767,0.001818,0.001893,0.001923,0.001847,0.001722,0.001633,0.001608,0.001659,0.001726,0.001739,0.001696,0.001654,0.001677,0.001733,0.001758,0.001779,0.001781,0.001752,0.001740,0.001792,0.001896,0.001948,0.001908,0.001833,0.001770,0.001727,0.001702,0.001714,0.001752,0.001795,0.001800,0.001784,0.001799,0.001819,0.001839,0.001876,0.001893,0.001821,0.001655,0.001471,0.001273,0.000969,0.000459,-0.000259,-0.001006,-0.001596,-0.002006,-0.002257,-0.002357,0.000000,0.000000,0.000000,0.000000,0.000000,0.000000,0.000000
0.000000,0.000000,0.000000,0.000000,0.000000,0.000000,0.000000,-0.002880,-0.002729,-0.002478,-0.002040,-0.001419,-0.000638,0.000188,0.000818,0.001226,0.001480,0.001613,0.001693,0.001760,0.001793,0.001799,0.001812,0.001815,0.001798,0.001765,0.001730,0.001693,0.001663,0.001682,0.001713,0.001764,0.001845,0.001891,0.001885,0.001849,0.001818,0.001784,0.001789,0.001837,0.001827,0.001772,0.001736,0.001752,0.001778,0.001765,0.001754,0.001800,0.001884,0.001913,0.001840,0.001712,0.001626,0.001611,0.001654,0.001710,0.001704,0.001658,0.001646,0.001699,0.001768,0.001800,0.001803,0.001788,0.001745,0.001703,0.001740,0.001849,0.001921,0.001909,0.001838,0.001754,0.001709,0.001692,0.001704,0.001752,0.001797,0.001819,0.001830,0.001852,0.001857,0.001834,0.001842,0.001855,0.001767,0.001595,0.001396,0.001117,0.000711,0.000107,-0.000666,-0.001372,-0.001863,-0.002169,-0.002343,-0.002408,0.000000,0.000000,0.000000,0.000000,0.000000,0.000000,0.000000
0.000000,0.000000,0.000000,0.000000,0.000000,0.000000,0.000000,0.000000,-0.002809,-0.002614,-0.002223,-0.001710,-0.001042,-0.000244,0.000468,0.001016,0.001384,0.001582,0.001695,0.001758,0.001783,0.001795,0.001807,0.001808,0.001792,0.001783,0.001787,0.001765,0.001702,0.001667,0.001696,0.001754,0.001828,0.001883,0.001890,0.001875,0.001844,0.001802,0.001788,0.001806,0.001786,0.001737,0.001718,0.001734,0.001776,0.001801,0.001798,0.001829,0.001891,0.001886,0.001802,0.001705,0.001653,0.001656,0.001679,0.001695,0.001673,0.001625,0.001625,0.001693,0.001758,0.001795,0.001804,0.001783,0.001722,0.001666,0.001688,0.001781,0.001872,0.001900,0.001847,0.001748,0.001694,0.001701,0.001716,0.001741,0.001777,0.001814,0.001854,0.001878,0.001859,0.001813,0.001799,0.001778,0.001675,0.001513,0.001265,0.000875,0.000350,-0.000327,-0.001073,-0.001688,-0.002047,-0.002243,-0.002393,0.000000,0.000000,0.000000,0.000000,0.000000,0.000000,0.000000,0.000000
0.000000,0.000000,0.000000,0.000000,0.000000,0.000000,0.000000,0.000000,-0.002929,-0.002745,-0.002448,-0.002010,-0.001438,-0.000740,0.000009,0.000676,0.001170,0.001464,0.001605,0.001690,0.001755,0.001789,0.001819,0.001841,0.001831,0.001826,0.001836,0.001805,0.001727,0.001641,0.001633,0.001693,0.001771,0.001848,0.001861,0.001857,0.001851,0.001801,0.001760,0.001753,0.001744,0.001726,0.001721,0.001751,0.001822,0.001874,0.001877,0.001894,0.001905,0.001843,0.001742,0.001686,0.001678,0.001693,0.001709,0.001689,0.001636,0.001601,0.001612,0.001665,0.001731,0.001780,0.001801,0.001775,0.001719,0.001663,0.001661,0.001746,0.001855,0.001909,0.001866,0.001772,0.001721,0.001724,0.001728,0.001727,0.001758,0.001809,0.001845,0.001864,0.001833,0.001783,0.001753,0.001694,0.001568,0.001367,0.001039,0.000533,-0.000113,-0.000815,-0.001460,-0.001913,-0.002154,-0.002290,-0.002361,0.000000,0.000000,0.000000,0.000000,0.000000,0.000000,0.000000,0.000000
0.000000,0.000000,0.000000,0.000000,0.000000,0.000000,0.000000,0.000000,0.000000,-0.002851,-0.002630,-0.002262,-0.001776,-0.001176,-0.000515,0.000177,0.000776,0.001187,0.001426,0.001566,0.001680,0.001759,0.001822,0.001874,0.001872,0.001837,0.001834,0.001790,0.001684,0.001605,0.001578,0.001627,0.001739,0.001824,0.001838,0.001839,0.001835,0.001774,0.001707,0.001693,0.001683,0.001683,0.001712,0.001767,0.001846,0.001906,0.001927,0.001911,0.001865,0.001787,0.001684,0.001649,0.001687,0.001721,0.001736,0.001702,0.001639,0.001613,0.001620,0.001650,0.001712,0.001768,0.001790,0.001761,0.001699,0.001652,0.001664,0.001744,0.001843,0.001905,0.001888,0.001813,0.001761,0.001756,0.001749,0.001745,0.001765,0.001794,0.001826,0.001841,0.001820,0.001760,0.001696,0.001610,0.001431,0.001140,0.000720,0.000119,-0.000594,-0.001229,-0.001742,-0.002086,-0.002239,-0.002339,0.000000,0.000000,0.000000,0.000000,0.000000,0.000000,0.000000,0.000000,0.000000
0.000000,0.000000,0.000000,0.000000,0.000000,0.000000,0.000000,0.000000,0.000000,-0.002892,-0.002709,-0.002415,-0.002016,-0.001550,-0.001034,-0.000413,0.000253,0.000804,0.001190,0.001425,0.001573,0.001688,0.001776,0.001839,0.001847,0.001811,0.001777,0.001727,0.001646,0.001584,0.001582,0.001641,0.001753,0.001840,0.001842,0.001814,0.001788,0.001725,0.001665,0.001658,0.001661,0.001673,0.001711,0.001767,0.001842,0.001897,0.001903,0.001855,0.001791,0.001734,0.001663,0.001645,0.001696,0.001757,0.001793,0.001766,0.001718,0.001681,0.001661,0.001686,0.001743,0.001791,0.001808,0.001772,0.001696,0.001655,0.001680,0.001748,0.001815,0.001869,0.001895,0.001854,0.001810,0.001806,0.001785,0.001761,0.001758,0.001763,0.001784,0.001800,0.001778,0.001714,0.001623,0.001481,0.001226,0.000841,0.000300,-0.000384,-0.001059,-0.001602,-0.002004,-0.002270,-0.002373,-0.002375,0.000000,0.000000,0.000000,0.000000,0.000000,0.000000,0.000000,0.000000,0.000000
0.000000,0.000000,0.000000,0.000000,0.000000,0.000000,0.000000,0.000000,0.000000,0.000000,-0.002770,-0.002529,-0.002235,-0.001916,-0.001518,-0.001012,-0.000354,0.000317,0.000861,0.001233,0.001439,0.001562,0.001660,0.001736,0.001768,0.001766,0.001725,0.001676,0.001645,0.001611,0.001626,0.001702,0.001794,0.001849,0.001815,0.001752,0.001706,0.001671,0.001662,0.001684,0.001713,0.001736,0.001758,0.001791,0.001837,0.001867,0.001849,0.001799,0.001751,0.001711,0.001696,0.001706,0.001745,0.001819,0.001873,0.001860,0.001808,0.001758,0.001743,0.001770,0.001819,0.001873,0.001882,0.001822,0.001736,0.001691,0.001699,0.001744,0.001792,0.001835,0.001879,0.001883,0.001862,0.001832,0.001790,0.001762,0.001737,0.001715,0.001715,0.001722,0.001691,0.001607,0.001480,0.001279,0.000926,0.000441,-0.000189,-0.000924,-0.001524,-0.001963,-0.002287,-0.002469,-0.002552,0.000000,0.000000,0.000000,0.000000,0.000000,0.000000,0.000000,0.000000,0.000000,0.000000
0.000000,0.000000,0.000000,0.000000,0.000000,0.000000,0.000000,0.000000,0.000000,0.000000,0.000000,-0.002627,-0.002455,-0.002235,-0.001948,-0.001546,-0.000986,-0.000265,0.000408,0.000893,0.001214,0.001399,0.001512,0.001607,0.001678,0.001714,0.001715,0.001669,0.001640,0.001654,0.001685,0.001746,0.001818,0.001844,0.001776,0.001684,0.001637,0.001636,0.001696,0.001762,0.001797,0.001823,0.001841,0.001846,0.001843,0.001840,0.001827,0.001786,0.001742,0.001739,0.001757,0.001768,0.001815,0.001879,0.001913,0.001895,0.001831,0.001793,0.001793,0.001827,0.001888,0.001932,0.001935,0.001870,0.001766,0.001708,0.001711,0.001736,0.001769,0.001818,0.001874,0.001897,0.001871,0.001825,0.001791,0.001759,0.001716,0.001677,0.001641,0.001598,0.001524,0.001390,0.001197,0.000920,0.000503,-0.000074,-0.000747,-0.001413,-0.001949,-0.002273,-0.002486,-0.002637,0.000000,0.000000,0.000000,0.000000,0.000000,0.000000,0.000000,0.000000,0.000000,0.000000,0.000000
0.000000,0.000000,0.000000,0.000000,0.000000,0.000000,0.000000,0.000000,0.000000,0.000000,0.000000,-0.002648,-0.002592,-0.002442,-0.002209,-0.001904,-0.001499,-0.000896,-0.000179,0.000416,0.000858,0.001165,0.001340,0.001469,0.001599,0.001690,0.001715,0.001686,0.001657,0.001680,0.001734,0.001791,0.001848,0.001866,0.001795,0.001694,0.001648,0.001661,0.001737,0.001823,0.001857,0.001878,0.001892,0.001875,0.001849,0.001843,0.001849,0.001810,0.001761,0.001771,0.001787,0.001802,0.001861,0.001911,0.001909,0.001871,0.001817,0.001771,0.001770,0.001829,0.001890,0.001915,0.001915,0.001855,0.001748,0.001685,0.001691,0.001731,0.001772,0.001816,0.001883,0.001907,0.001877,0.001851,0.001818,0.001772,0.001721,0.001658,0.001566,0.001440,0.001284,0.001074,0.000780,0.000396,-0.000094,-0.000662,-0.001272,-0.001847,-0.002254,-0.002476,-0.002608,-0.002716,0.000000,0.000000,0.000000,0.000000,0.000000,0.000000,0.000000,0.000000,0.000000,0.000000,0.000000
0.000000,0.000000,0.000000,0.000000,0.000000,0.000000,0.000000,0.000000,0.000000,0.000000,0.000000,0.000000,-0.002624,-0.002471,-0.002278,-0.002093,-0.001852,-0.001439,-0.000847,-0.000192,0.000373,0.000802,0.001106,0.001299,0.001472,0.001633,0.001709,0.001709,0.001697,0.001717,0.001770,0.001837,0.001896,0.001906,0.001862,0.001797,0.001736,0.001735,0.001803,0.001866,0.001883,0.001885,0.001876,0.001838,0.001818,0.001836,0.001867,0.001842,0.001780,0.001760,0.001773,0.001818,0.001874,0.001916,0.001915,0.001860,0.001799,0.001752,0.001747,0.001792,0.001837,0.001871,0.001871,0.001794,0.001700,0.001655,0.001673,0.001741,0.001809,0.001857,0.001912,0.001938,0.001914,0.001889,0.001862,0.001826,0.001753,0.001634,0.001477,0.001276,0.001031,0.000703,0.000282,-0.000216,-0.000751,-0.001242,-0.001699,-0.002118,-0.002388,-0.002539,-0.002672,0.000000,0.000000,0.000000,0.000000,0.000000,0.000000,0.000000,0.000000,0.000000,0.000000,0.000000,0.000000
0.000000,0.000000,0.000000,0.000000,0.000000,0.000000,0.000000,0.000000,0.000000,0.000000,0.000000,0.000000,0.000000,-0.002390,-0.002262,-0.002170,-0.002092,-0.001868,-0.001478,-0.000905,-0.000237,0.000325,0.000742,0.001059,0.001309,0.001526,0.001666,0.001710,0.001732,0.001762,0.001807,0.001859,0.001912,0.001949,0.001939,0.001885,0.001826,0.001819,0.001875,0.001917,0.001919,0.001894,0.001833,0.001779,0.001779,0.001832,0.001881,0.001862,0.001793,0.001747,0.001752,0.001793,0.001855,0.001898,0.001903,0.001871,0.001816,0.001771,0.001745,0.001766,0.001808,0.001840,0.001833,0.001759,0.001673,0.001656,0.001713,0.001792,0.001870,0.001929,0.001961,0.001973,0.001943,0.001895,0.001881,0.001847,0.001743,0.001577,0.001346,0.001064,0.000713,0.000252,-0.000303,-0.000866,-0.001338,-0.001730,-0.002027,-0.002214,-0.002374,-0.002487,0.000000,0.000000,0.000000,0.000000,0.000000,0.000000,0.000000,0.000000,0.000000,0.000000,0.000000,0.000000,0.000000
0.000000,0.000000,0.000000,0.000000,0.000000,0.000000,0.000000,0.000000,0.000000,0.000000,0.000000,0.000000,0.000000,0.000000,-0.002219,-0.002211,-0.002227,-0.002195,-0.001975,-0.001538,-0.000920,-0.000275,0.000256,0.000710,0.001082,0.001361,0.001551,0.001652,0.001710,0.001757,0.001809,0.001856,0.001907,0.001966,0.001966,0.001920,0.001883,0.001866,0.001903,0.001957,0.001959,0.001909,0.001828,0.001765,0.001774,0.001863,0.001929,0.001901,0.001821,0.001752,0.001738,0.001759,0.001810,0.001861,0.001876,0.001885,0.001861,0.001804,0.001774,0.001782,0.001806,0.001813,0.001800,0.001753,0.001689,0.001694,0.001772,0.001862,0.001934,0.001967,0.001986,0.001968,0.001908,0.001874,0.001852,0.001793,0.001672,0.001456,0.001128,0.000724,0.000246,-0.000338,-0.000952,-0.001447,-0.001825,-0.002079,-0.002208,-0.002289,-0.002322,0.000000,0.000000,0.000000,0.000000,0.000000,0.000000,0.000000,0.000000,0.000000,0.000000,0.000000,0.000000,0.000000,0.000000
0.000000,0.000000,0.000000,0.000000,0.000000,0.000000,0.000000,0.000000,0.000000,0.000000,0.000000,0.000000,0.000000,0.000000,0.000000,-0.002278,-0.002300,-0.002354,-0.002292,-0.001992,-0.001515,-0.000953,-0.000348,0.000229,0.000701,0.001061,0.001321,0.001464,0.001556,0.001652,0.001730,0.001784,0.001858,0.001930,0.001945,0.001935,0.001906,0.001885,0.001922,0.001965,0.001951,0.001902,0.001830,0.001770,0.001797,0.001882,0.001950,0.001934,0.001846,0.001759,0.001715,0.001734,0.001762,0.001804,0.001867,0.001902,0.001891,0.001860,0.001838,0.001812,0.001802,0.001804,0.001784,0.001746,0.001729,0.001750,0.001801,0.001868,0.001913,0.001925,0.001927,0.001898,0.001840,0.001809,0.001777,0.001690,0.001508,0.001197,0.000772,0.000247,-0.000359,-0.001003,-0.001544,-0.001889,-0.002118,-0.002279,-0.002345,-0.002351,0.000000,0.000000,0.000000,0.000000,0.000000,0.000000,0.000000,0.000000,0.000000,0.000000,0.000000,0.000000,0.000000,0.000000,0.000000
0.000000,0.000000,0.000000,0.000000,0.000000,0.000000,0.000000,0.000000,0.000000,0.000000,0.000000,0.000000,0.000000,0.000000,0.000000,0.000000,-0.002348,-0.002398,-0.002408,-0.002252,-0.001927,-0.001500,-0.000966,-0.000374,0.000153,0.000585,0.000911,0.001132,0.001290,0.001425,0.001552,0.001658,0.001762,0.001860,0.001912,0.001921,0.001926,0.001944,0.001959,0.001958,0.001935,0.001888,0.001817,0.001769,0.001801,0.001875,0.001933,0.001928,0.001845,0.001748,0.001689,0.001691,0.001714,0.001755,0.001837,0.001896,0.001917,0.001916,0.001888,0.001857,0.001829,0.001814,0.001799,0.001778,0.001779,0.001798,0.001822,0.001828,0.001828,0.001828,0.001795,0.001758,0.001735,0.001691,0.001627,0.001478,0.001184,0.000762,0.000240,-0.000352,-0.000999,-0.001579,-0.001978,-0.002188,-0.002274,-0.002359,-0.002445,0.000000,0.000000,0.000000,0.000000,0.000000,0.000000,0.000000,0.000000,0.000000,0.000000,0.000000,0.000000,0.000000,0.000000,0.000000,0.000000
0.000000,0.000000,0.000000,0.000000,0.000000,0.000000,0.000000,0.000000,0.000000,0.000000,0.000000,0.000000,0.000000,0.000000,0.000000,0.000000,0.000000,-0.002379,-0.002390,-0.002315,-0.002130,-0.001822,-0.001411,-0.000963,-0.000495,-0.000042,0.000358,0.000687,0.000943,0.001142,0.001328,0.001505,0.001646,0.001754,0.001829,0.001893,0.001946,0.001977,0.001976,0.001963,0.001934,0.001882,0.001837,0.001795,0.001801,0.001874,0.001932,0.001921,0.001846,0.001749,0.001689,0.001678,0.001698,0.001736,0.001790,0.001850,0.001903,0.001923,0.001907,0.001878,0.001858,0.001844,0.001832,0.001833,0.001841,0.001851,0.001850,0.001825,0.001772,0.001716,0.001661,0.001598,0.001553,0.001508,0.001377,0.001107,0.000710,0.000194,-0.000397,-0.000974,-0.001526,-0.001992,-0.002250,-0.002335,-0.002371,-0.002380,0.000000,0.000000,0.000000,0.000000,0.000000,0.000000,0.000000,0.000000,0.000000,0.000000,0.000000,0.000000,0.000000,0.000000,0.000000,0.000000,0.000000
0.000000,0.000000,0.000000,0.000000,0.000000,0.000000,0.000000,0.000000,0.000000,0.000000,0.000000,0.000000,0.000000,0.000000,0.000000,0.000000,0.000000,0.000000,-0.002363,-0.002340,-0.002224,-0.002021,-0.001748,-0.001434,-0.001112,-0.000737,-0.000276,0.000147,0.000492,0.000800,0.001063,0.001292,0.001473,0.001588,0.001682,0.001806,0.001896,0.001926,0.001942,0.001935,0.001908,0.001891,0.001871,0.001831,0.001824,0.001876,0.001925,0.001918,0.001868,0.001787,0.001712,0.001698,0.001725,0.001737,0.001755,0.001798,0.001842,0.001875,0.001870,0.001850,0.001855,0.001859,0.001838,0.001834,0.001848,0.001860,0.001852,0.001809,0.001730,0.001613,0.001494,0.001389,0.001281,0.001157,0.000938,0.000584,0.000111,-0.000443,-0.000975,-0.001446,-0.001885,-0.002233,-0.002405,-0.002431,-0.002391,0.000000,0.000000,0.000000,0.000000,0.000000,0.000000,0.000000,0.000000,0.000000,0.000000,0.000000,0.000000,0.000000,0.000000,0.000000,0.000000,0.000000,0.000000
0.000000,0.000000,0.000000,0.000000,0.000000,0.000000,0.000000,0.000000,0.000000,0.000000,0.000000,0.000000,0.000000,0.000000,0.000000,0.000000,0.000000,0.000000,0.000000,-0.002430,-0.002342,-0.002204,-0.002039,-0.001858,-0.001639,-0.001357,-0.000987,-0.000525,-0.000086,0.000303,0.000678,0.000983,0.001191,0.001348,0.001490,0.001632,0.001754,0.001806,0.001823,0.001830,0.001841,0.001867,0.001858,0.001824,0.001813,0.001845,0.001898,0.001895,0.001865,0.001816,0.001744,0.001713,0.001722,0.001727,0.001736,0.001759,0.001785,0.001805,0.001806,0.001817,0.001840,0.001842,0.001821,0.001800,0.001779,0.001767,0.001753,0.001699,0.001607,0.001445,0.001226,0.001020,0.000822,0.000559,0.000236,-0.000128,-0.000572,-0.001031,-0.001432,-0.001768,-0.002089,-0.002348,-0.002473,-0.002548,0.000000,0.000000,0.000000,0.000000,0.000000,0.000000,0.000000,0.000000,0.000000,0.000000,0.000000,0.000000,0.000000,0.000000,0.000000,0.000000,0.000000,0.000000,0.000000
0.000000,0.000000,0.000000,0.000000,0.000000,0.000000,0.000000,0.000000,0.000000,0.000000,0.000000,0.000000,0.000000,0.000000,0.000000,0.000000,0.000000,0.000000,0.000000,0.000000,-0.002457,-0.002361,-0.002265,-0.002185,-0.002048,-0.001865,-0.001625,-0.001258,-0.000810,-0.000356,0.000100,0.000506,0.000793,0.001005,0.001208,0.001398,0.001526,0.001589,0.001625,0.001650,0.001691,0.001735,0.001758,0.001745,0.001731,0.001772,0.001824,0.001835,0.001831,0.001815,0.001757,0.001690,0.001656,0.001668,0.001692,0.001716,0.001737,0.001738,0.001757,0.001794,0.001812,0.001801,0.001756,0.001699,0.001652,0.001597,0.001547,0.001481,0.001327,0.001097,0.000801,0.000452,0.000115,-0.000242,-0.000622,-0.000939,-0.001220,-0.001509,-0.001763,-0.001969,-0.002189,-0.002408,-0.002536,0.000000,0.000000,0.000000,0.000000,0.000000,0.000000,0.000000,0.000000,0.000000,0.000000,0.000000,0.000000,0.000000,0.000000,0.000000,0.000000,0.000000,0.000000,0.000000,0.000000
0.000000,0.000000,0.000000,0.000000,0.000000,0.000000,0.000000,0.000000,0.000000,0.000000,0.000000,0.000000,0.000000,0.000000,0.000000,0.000000,0.000000,0.000000,0.000000,0.000000,0.000000,-0.002408,-0.002431,-0.002381,-0.002316,-0.002249,-0.002090,-0.001861,-0.001546,-0.001125,-0.000644,-0.000178,0.000197,0.000493,0.000765,0.001009,0.001177,0.001280,0.001357,0.001395,0.001422,0.001490,0.001560,0.001577,0.001602,0.001667,0.001717,0.001740,0.001761,0.001772,0.001717,0.001620,0.001561,0.001556,0.001598,0.001653,0.001672,0.001669,0.001694,0.001728,0.001716,0.001665,0.001580,0.001489,0.001407,0.001313,0.001220,0.001082,0.000846,0.000517,0.000126,-0.000283,-0.000680,-0.001056,-0.001378,-0.001575,-0.001688,-0.001831,-0.001958,-0.002059,-0.002249,-0.002446,0.000000,0.000000,0.000000,0.000000,0.000000,0.000000,0.000000,0.000000,0.000000,0.000000,0.000000,0.000000,0.000000,0.000000,0.000000,0.000000,0.000000,0.000000,0.000000,0.000000,0.000000
0.000000,0.000000,0.000000,0.000000,0.000000,0.000000,0.000000,0.000000,0.000000,0.000000,0.000000,0.000000,0.000000,0.000000,0.000000,0.000000,0.000000,0.000000,0.000000,0.000000,0.000000,0.000000,0.000000,-0.002474,-0.002443,-0.002438,-0.002378,-0.002271,-0.002114,-0.001816,-0.001393,-0.000953,-0.000571,-0.000219,0.000107,0.000396,0.000656,0.000839,0.000943,0.001015,0.001053,0.001142,0.001265,0.001342,0.001421,0.001513,0.001587,0.001604,0.001605,0.001624,0.001582,0.001489,0.001421,0.001404,0.001456,0.001527,0.001544,0.001549,0.001576,0.001579,0.001520,0.001410,0.001293,0.001172,0.001029,0.000883,0.000706,0.000438,0.000117,-0.000268,-0.000698,-0.001057,-0.001360,-0.001647,-0.001851,-0.001934,-0.001960,-0.002002,-0.002062,-0.002084,0.000000,0.000000,0.000000,0.000000,0.000000,0.000000,0.000000,0.000000,0.000000,0.000000,0.000000,0.000000,0.000000,0.000000,0.000000,0.000000,0.000000,0.000000,0.000000,0.000000,0.000000,0.000000,0.000000
0.000000,0.000000,0.000000,0.000000,0.000000,0.000000,0.000000,0.000000,0.000000,0.000000,0.000000,0.000000,0.000000,0.000000,0.000000,0.000000,0.000000,0.000000,0.000000,0.000000,0.000000,0.000000,0.000000,0.000000,-0.002449,-0.002495,-0.002480,-0.002485,-0.002450,-0.002269,-0.001960,-0.001604,-0.001285,-0.001016,-0.000725,-0.000390,-0.000073,0.000169,0.000336,0.000442,0.000521,0.000663,0.000846,0.001001,0.001125,0.001249,0.001341,0.001348,0.001321,0.001302,0.001261,0.001200,0.001154,0.001150,0.001201,0.001260,0.001289,0.001302,0.001316,0.001280,0.001162,0.001014,0.000862,0.000699,0.000518,0.000294,-0.000001,-0.000350,-0.000734,-0.001104,-0.001433,-0.001693,-0.001856,-0.001986,-0.002088,-0.002124,-0.002108,-0.002108,-0.002145,0.000000,0.000000,0.000000,0.000000,0.000000,0.000000,0.000000,0.000000,0.000000,0.000000,0.000000,0.000000,0.000000,0.000000,0.000000,0.000000,0.000000,0.000000,0.000000,0.000000,0.000000,0.000000,0.000000,0.000000
0.000000,0.000000,0.000000,0.000000,0.000000,0.000000,0.000000,0.000000,0.000000,0.000000,0.000000,0.000000,0.000000,0.000000,0.000000,0.000000,0.000000,0.000000,0.000000,0.000000,0.000000,0.000000,0.000000,0.000000,0.000000,0.000000,-0.002501,-0.002556,-0.002637,-0.002558,-0.002326,-0.002102,-0.001913,-0.001729,-0.001521,-0.001218,-0.000914,-0.000673,-0.000464,-0.000346,-0.000234,-0.000026,0.000232,0.000455,0.000642,0.000813,0.000900,0.000897,0.000851,0.000789,0.000727,0.000676,0.000655,0.000669,0.000716,0.000783,0.000819,0.000818,0.000791,0.000713,0.000561,0.000360,0.000174,0.000020,-0.000162,-0.000433,-0.000760,-0.001111,-0.001461,-0.001743,-0.001967,-0.002111,-0.002155,-0.002190,-0.002233,-0.002219,-0.002156,0.000000,0.000000,0.000000,0.000000,0.000000,0.000000,0.000000,0.000000,0.000000,0.000000,0.000000,0.000000,0.000000,0.000000,0.000000,0.000000,0.000000,0.000000,0.000000,0.000000,0.000000,0.000000,0.000000,0.000000,0.000000,0.000000
0.000000,0.000000,0.000000,0.000000,0.000000,0.000000,0.000000,0.000000,0.000000,0.000000,0.000000,0.000000,0.000000,0.000000,0.000000,0.000000,0.000000,0.000000,0.000000,0.000000,0.000000,0.000000,0.000000,0.000000,0.000000,0.000000,0.000000,0.000000,-0.002773,-0.002724,-0.002611,-0.002506,-0.002407,-0.002288,-0.002145,-0.001914,-0.001652,-0.001458,-0.001320,-0.001212,-0.001100,-0.000889,-0.000586,-0.000314,-0.000085,0.000096,0.000189,0.000194,0.000139,0.000067,-0.000029,-0.000121,-0.000159,-0.000133,-0.000062,0.000033,0.000075,0.000039,-0.000033,-0.000136,-0.000287,-0.000490,-0.000659,-0.000763,-0.000883,-0.001079,-0.001355,-0.001661,-0.001931,-0.002137,-0.002292,-0.002372,-0.002345,-0.002304,-0.002316,0.000000,0.000000,0.000000,0.000000,0.000000,0.000000,0.000000,0.000000,0.000000,0.000000,0.000000,0.000000,0.000000,0.000000,0.000000,0.000000,0.000000,0.000000,0.000000,0.000000,0.000000,0.000000,0.000000,0.000000,0.000000,0.000000,0.000000,0.000000
0.000000,0.000000,0.000000,0.000000,0.000000,0.000000,0.000000,0.000000,0.000000,0.000000,0.000000,0.000000,0.000000,0.000000,0.000000,0.000000,0.000000,0.000000,0.000000,0.000000,0.000000,0.000000,0.000000,0.000000,0.000000,0.000000,0.000000,0.000000,0.000000,0.000000,-0.002788,-0.002745,-0.002701,-0.002643,-0.002539,-0.002388,-0.002199,-0.002069,-0.001997,-0.001906,-0.001832,-0.001663,-0.001399,-0.001165,-0.000942,-0.000782,-0.000704,-0.000702,-0.000739,-0.000783,-0.000897,-0.001037,-0.001110,-0.001079,-0.000967,-0.000848,-0.000801,-0.000859,-0.000967,-0.001073,-0.001169,-0.001257,-0.001328,-0.001376,-0.001426,-0.001544,-0.001747,-0.001976,-0.002201,-0.002397,-0.002520,-0.002532,-0.002458,0.000000,0.000000,0.000000,0.000000,0.000000,0.000000,0.000000,0.000000,0.000000,0.000000,0.000000,0.000000,0.000000,0.000000,0.000000,0.000000,0.000000,0.000000,0.000000,0.000000,0.000000,0.000000,0.000000,0.000000,0.000000,0.000000,0.000000,0.000000,0.000000,0.000000
0.000000,0.000000,0.000000,0.000000,0.000000,0.000000,0.000000,0.000000,0.000000,0.000000,0.000000,0.000000,0.000000,0.000000,0.000000,0.000000,0.000000,0.000000,0.000000,0.000000,0.000000,0.000000,0.000000,0.000000,0.000000,0.000000,0.000000,0.000000,0.000000,0.000000,0.000000,0.000000,-0.002899,-0.002786,-0.002696,-0.002649,-0.002574,-0.002502,-0.002439,-0.002374,-0.002305,-0.002180,-0.002005,-0.001829,-0.001642,-0.001496,-0.001451,-0.001474,-0.001508,-0.001547,-0.001646,-0.001795,-0.001895,-0.001870,-0.001736,-0.001581,-0.001500,-0.001548,-0.001692,-0.001809,-0.001832,-0.001815,-0.001803,-0.001777,-0.001781,-0.001874,-0.002007,-0.002183,-0.002359,-0.002506,-0.002684,0.000000,0.000000,0.000000,0.000000,0.000000,0.000000,0.000000,0.000000,0.000000,0.000000,0.000000,0.000000,0.000000,0.000000,0.000000,0.000000,0.000000,0.000000,0.000000,0.000000,0.000000,0.000000,0.000000,0.000000,0.000000,0.000000,0.000000,0.000000,0.000000,0.000000,0.000000,0.000000
0.000000,0.000000,0.000000,0.000000,0.000000,0.000000,0.000000,0.000000,0.000000,0.000000,0.000000,0.000000,0.000000,0.000000,0.000000,0.000000,0.000000,0.000000,0.000000,0.000000,0.000000,0.000000,0.000000,0.000000,0.000000,0.000000,0.000000,0.000000,0.000000,0.000000,0.000000,0.000000,0.000000,0.000000,-0.002731,-0.002776,-0.002773,-0.002765,-0.002726,-0.002686,-0.002614,-0.002496,-0.002391,-0.002253,-0.002090,-0.001956,-0.001912,-0.001970,-0.002058,-0.002121,-0.002204,-0.002350,-0.002449,-0.002418,-0.002274,-0.002083,-0.001935,-0.001929,-0.002074,-0.002220,-0.002254,-0.002203,-0.002129,-0.002062,-0.002052,-0.002087,-0.002154,-0.002291,-0.002397,0.000000,0.000000,0.000000,0.000000,0.000000,0.000000,0.000000,0.000000,0.000000,0.000000,0.000000,0.000000,0.000000,0.000000,0.000000,0.000000,0.000000,0.000000,0.000000,0.000000,0.000000,0.000000,0.000000,0.000000,0.000000,0.000000,0.000000,0.000000,0.000000,0.000000,0.000000,0.000000,0.000000,0.000000
0.000000,0.000000,0.000000,0.000000,0.000000,0.000000,0.000000,0.000000,0.000000,0.000000,0.000000,0.000000,0.000000,0.000000,0.000000,0.000000,0.000000,0.000000,0.000000,0.000000,0.000000,0.000000,0.000000,0.000000,0.000000,0.000000,0.000000,0.000000,0.000000,0.000000,0.000000,0.000000,0.000000,0.000000,0.000000,0.000000,0.000000,-0.002896,-0.002906,-0.002861,-0.002794,-0.002695,-0.002583,-0.002504,-0.002375,-0.002227,-0.002194,-0.002301,-0.002433,-0.002493,-0.002560,-0.002679,-0.002767,-0.002737,-0.002587,-0.002375,-0.002178,-0.002111,-0.002212,-0.002392,-0.002478,-0.002408,-0.002276,-0.002207,-0.002219,-0.002234,0.000000,0.000000,0.000000,0.000000,0.000000,0.000000,0.000000,0.000000,0.000000,0.000000,0.000000,0.000000,0.000000,0.000000,0.000000,0.000000,0.000000,0.000000,0.000000,0.000000,0.000000,0.000000,0.000000,0.000000,0.000000,0.000000,0.000000,0.000000,0.000000,0.000000,0.000000,0.000000,0.000000,0.000000,0.000000,0.000000,0.000000
0.000000,0.000000,0.000000,0.000000,0.000000,0.000000,0.000000,0.000000,0.000000,0.000000,0.000000,0.000000,0.000000,0.000000,0.000000,0.000000,0.000000,0.000000,0.000000,0.000000,0.000000,0.000000,0.000000,0.000000,0.000000,0.000000,0.000000,0.000000,0.000000,0.000000,0.000000,0.000000,0.000000,0.000000,0.000000,0.000000,0.000000,0.000000,0.000000,0.000000,0.000000,0.000000,-0.002686,-0.002582,-0.002495,-0.002390,-0.002324,-0.002454,-0.002617,-0.002668,-0.002715,-0.002799,-0.002887,-0.002872,-0.002724,-0.002505,-0.002269,-0.002160,-0.002238,-0.002427,-0.002585,0.000000,0.000000,0.000000,0.000000,0.000000,0.000000,0.000000,0.000000,0.000000,0.000000,0.000000,0.000000,0.000000,0.000000,0.000000,0.000000,0.000000,0.000000,0.000000,0.000000,0.000000,0.000000,0.000000,0.000000,0.000000,0.000000,0.000000,0.000000,0.000000,0.000000,0.000000,0.000000,0.000000,0.000000,0.000000,0.000000,0.000000,0.000000,0.000000,0.000000,0.000000,0.000000
0.000000,0.000000,0.000000,0.000000,0.000000,0.000000,0.000000,0.000000,0.000000,0.000000,0.000000,0.000000,0.000000,0.000000,0.000000,0.000000,0.000000,0.000000,0.000000,0.000000,0.000000,0.000000,0.000000,0.000000,0.000000,0.000000,0.000000,0.000000,0.000000,0.000000,0.000000,0.000000,0.000000,0.000000,0.000000,0.000000,0.000000,0.000000,0.000000,0.000000,0.000000,0.000000,0.000000,0.000000,0.000000,0.000000,0.000000,0.000000,0.000000,0.000000,0.000000,-0.002866,0.000000,0.000000,0.000000,0.000000,0.000000,0.000000,0.000000,0.000000,0.000000,0.000000,0.000000,0.000000,0.000000,0.000000,0.000000,0.000000,0.000000,0.000000,0.000000,0.000000,0.000000,0.000000,0.000000,0.000000,0.000000,0.000000,0.000000,0.000000,0.000000,0.000000,0.000000,0.000000,0.000000,0.000000,0.000000,0.000000,0.000000,0.000000,0.000000,0.000000,0.000000,0.000000,0.000000,0.000000,0.000000,0.000000,0.000000,0.000000,0.000000,0.000000,0.000000
0.000000,0.000000,0.000000,0.000000,0.000000,0.000000,0.000000,0.000000,0.000000,0.000000,0.000000,0.000000,0.000000,0.000000,0.000000,0.000000,0.000000,0.000000,0.000000,0.000000,0.000000,0.000000,0.000000,0.000000,0.000000,0.000000,0.000000,0.000000,0.000000,0.000000,0.000000,0.000000,0.000000,0.000000,0.000000,0.000000,0.000000,0.000000,0.000000,0.000000,0.000000,0.000000,0.000000,0.000000,0.000000,0.000000,0.000000,0.000000,0.000000,0.000000,0.000000,0.000000,0.000000,0.000000,0.000000,0.000000,0.000000,0.000000,0.000000,0.000000,0.000000,0.000000,0.000000,0.000000,0.000000,0.000000,0.000000,0.000000,0.000000,0.000000,0.000000,0.000000,0.000000,0.000000,0.000000,0.000000,0.000000,0.000000,0.000000,0.000000,0.000000,0.000000,0.000000,0.000000,0.000000,0.000000,0.000000,0.000000,0.000000,0.000000,0.000000,0.000000,0.000000,0.000000,0.000000,0.000000,0.000000,0.000000,0.000000,0.000000,0.000000,0.000000,0.000000
