0.000000,0.000000,0.000000,0.000000,0.000000,0.000000,0.000000,0.000000,0.000000,0.000000,0.000000,0.000000,0.000000,0.000000,0.000000,0.000000,0.000000,0.000000,0.000000,0.000000,0.000000,0.000000,0.000000,0.000000,0.000000,0.000000,0.000000,0.000000,0.000000,0.000000,0.000000,0.000000,0.000000,0.000000,0.000000,0.000000,0.000000,0.000000,0.000000,0.000000,0.000000,0.000000,0.000000,0.000000,0.000000,0.000000,0.000000,0.000000,0.000000,0.000000,0.000000,0.000000,0.000000,0.000000,0.000000,0.000000,0.000000,0.000000,0.000000,0.000000,0.000000,0.000000,0.000000,0.000000,0.000000,0.000000,0.000000,0.000000,0.000000,0.000000,0.000000,0.000000,0.000000,0.000000,0.000000,0.000000,0.000000,0.000000,0.000000,0.000000,0.000000,0.000000,0.000000,0.000000,0.000000,0.000000,0.000000,0.000000,0.000000,0.000000,0.000000,0.000000,0.000000,0.000000,0.000000,0.000000,0.000000,0.000000,0.000000,0.000000,0.000000,0.000000,0.000000
0.000000,0.000000,0.000000,0.000000,0.000000,0.000000,0.000000,0.000000,0.000000,0.000000,0.000000,0.000000,0.000000,0.000000,0.000000,0.000000,0.000000,0.000000,0.000000,0.000000,0.000000,0.000000,0.000000,0.000000,0.000000,0.000000,0.000000,0.000000,0.000000,0.000000,0.000000,0.000000,0.000000,0.000000,0.000000,0.000000,0.000000,0.000000,0.000000,0.000000,0.000000,0.000000,0.000000,0.000000,0.000000,0.000000,0.000000,0.000000,0.000000,0.000000,0.000000,1000.000065,0.000000,0.000000,0.000000,0.000000,0.000000,0.000000,0.000000,0.000000,0.000000,0.000000,0.000000,0.000000,0.000000,0.000000,0.000000,0.000000,0.000000,0.000000,0.000000,0.000000,0.000000,0.000000,0.000000,0.000000,0.000000,0.000000,0.000000,0.000000,0.000000,0.000000,0.000000,0.000000,0.000000,0.000000,0.000000,0.000000,0.000000,0.000000,0.000000,0.000000,0.000000,0.000000,0.000000,0.000000,0.000000,0.000000,0.000000,0.000000,0.000000,0.000000,0.000000
0.000000,0.000000,0.000000,0.000000,0.000000,0.000000,0.000000,0.000000,0.000000,0.000000,0.000000,0.000000,0.000000,0.000000,0.000000,0.000000,0.000000,0.000000,0.000000,0.000000,0.000000,0.000000,0.000000,0.000000,0.000000,0.000000,0.000000,0.000000,0.000000,0.000000,0.000000,0.000000,0.000000,0.000000,0.000000,0.000000,0.000000,0.000000,0.000000,0.000000,0.000000,0.000000,1000.000119,1000.000138,1000.000148,1000.000153,1000.000156,1000.000157,1000.000157,1000.000156,1000.000155,1000.000160,1000.000155,1000.000156,1000.000157,1000.000157,1000.000156,1000.000153,1000.000148,1000.000138,1000.000119,0.000000,0.000000,0.000000,0.000000,0.000000,0.000000,0.000000,0.000000,0.000000,0.000000,0.000000,0.000000,0.000000,0.000000,0.000000,0.000000,0.000000,0.000000,0.000000,0.000000,0.000000,0.000000,0.000000,0.000000,0.000000,0.000000,0.000000,0.000000,0.000000,0.000000,0.000000,0.000000,0.000000,0.000000,0.000000,0.000000,0.000000,0.000000,0.000000,0.000000,0.000000,0.000000
0.000000,0.000000,0.000000,0.000000,0.000000,0.000000,0.000000,0.000000,0.000000,0.000000,0.000000,0.000000,0.000000,0.000000,0.000000,0.000000,0.000000,0.000000,0.000000,0.000000,0.000000,0.000000,0.000000,0.000000,0.000000,0.000000,0.000000,0.000000,0.000000,0.000000,0.000000,0.000000,0.000000,0.000000,0.000000,0.000000,0.000000,1000.000114,1000.000143,1000.000166,1000.000184,1000.000199,1000.000213,1000.000225,1000.000235,1000.000241,1000.000245,1000.000247,1000.000248,1000.000248,1000.000248,1000.000248,1000.000248,1000.000248,1000.000248,1000.000247,1000.000245,1000.000241,1000.000235,1000.000225,1000.000213,1000.000199,1000.000184,1000.000166,1000.000143,1000.000114,0.000000,0.000000,0.000000,0.000000,0.000000,0.000000,0.000000,0.000000,0.000000,0.000000,0.000000,0.000000,0.000000,0.000000,0.000000,0.000000,0.000000,0.000000,0.000000,0.000000,0.000000,0.000000,0.000000,0.000000,0.000000,0.000000,0.000000,0.000000,0.000000,0.000000,0.000000,0.000000,0.000000,0.000000,0.000000,0.000000,0.000000
0.000000,0.000000,0.000000,0.000000,0.000000,0.000000,0.000000,0.000000,0.000000,0.000000,0.000000,0.000000,0.000000,0.000000,0.000000,0.000000,0.000000,0.000000,0.000000,0.000000,0.000000,0.000000,0.000000,0.000000,0.000000,0.000000,0.000000,0.000000,0.000000,0.000000,0.000000,0.000000,0.000000,0.000000,1000.000119,1000.000152,1000.000179,1000.000206,1000.000229,1000.000250,1000.000270,1000.000286,1000.000302,1000.000314,1000.000323,1000.000329,1000.000333,1000.000335,1000.000335,1000.000336,1000.000336,1000.000336,1000.000336,1000.000336,1000.000335,1000.000335,1000.000333,1000.000329,1000.000323,1000.000314,1000.000302,1000.000286,1000.000270,1000.000250,1000.000229,1000.000206,1000.000179,1000.000152,1000.000119,0.000000,0.000000,0.000000,0.000000,0.000000,0.000000,0.000000,0.000000,0.000000,0.000000,0.000000,0.000000,0.000000,0.000000,0.000000,0.000000,0.000000,0.000000,0.000000,0.000000,0.000000,0.000000,0.000000,0.000000,0.000000,0.000000,0.000000,0.000000,0.000000,0.000000,0.000000,0.000000,0.000000,0.000000
0.000000,0.000000,0.000000,0.000000,0.000000,0.000000,0.000000,0.000000,0.000000,0.000000,0.000000,0.000000,0.000000,0.000000,0.000000,0.000000,0.000000,0.000000,0.000000,0.000000,0.000000,0.000000,0.000000,0.000000,0.000000,0.000000,0.000000,0.000000,0.000000,0.000000,0.000000,0.000000,1000.000136,1000.000173,1000.000208,1000.000237,1000.000264,1000.000290,1000.000314,1000.000335,1000.000354,1000.000373,1000.000390,1000.000403,1000.000411,1000.000415,1000.000418,1000.000419,1000.000420,1000.000420,1000.000421,1000.000421,1000.000421,1000.000420,1000.000420,1000.000419,1000.000418,1000.000415,1000.000411,1000.000403,1000.000390,1000.000373,1000.000354,1000.000335,1000.000314,1000.000290,1000.000264,1000.000237,1000.000208,1000.000173,1000.000136,0.000000,0.000000,0.000000,0.000000,0.000000,0.000000,0.000000,0.000000,0.000000,0.000000,0.000000,0.000000,0.000000,0.000000,0.000000,0.000000,0.000000,0.000000,0.000000,0.000000,0.000000,0.000000,0.000000,0.000000,0.000000,0.000000,0.000000,0.000000,0.000000,0.000000,0.000000,0.000000
0.000000,0.000000,0.000000,0.000000,0.000000,0.000000,0.000000,0.000000,0.000000,0.000000,0.000000,0.000000,0.000000,0.000000,0.000000,0.000000,0.000000,0.000000,0.000000,0.000000,0.000000,0.000000,0.000000,0.000000,0.000000,0.000000,0.000000,0.000000,0.000000,0.000000,1000.000143,1000.000184,1000.000224,1000.000257,1000.000290,1000.000319,1000.000348,1000.000375,1000.000399,1000.000419,1000.000436,1000.000452,1000.000466,1000.000475,1000.000479,1000.000482,1000.000483,1000.000484,1000.000484,1000.000484,1000.000484,1000.000484,1000.000484,1000.000484,1000.000484,1000.000484,1000.000483,1000.000482,1000.000479,1000.000475,1000.000466,1000.000452,1000.000436,1000.000419,1000.000399,1000.000375,1000.000348,1000.000319,1000.000290,1000.000257,1000.000224,1000.000184,1000.000143,0.000000,0.000000,0.000000,0.000000,0.000000,0.000000,0.000000,0.000000,0.000000,0.000000,0.000000,0.000000,0.000000,0.000000,0.000000,0.000000,0.000000,0.000000,0.000000,0.000000,0.000000,0.000000,0.000000,0.000000,0.000000,0.000000,0.000000,0.000000,0.000000,0.000000
0.000000,0.000000,0.000000,0.000000,0.000000,0.000000,0.000000,0.000000,0.000000,0.000000,0.000000,0.000000,0.000000,0.000000,0.000000,0.000000,0.000000,0.000000,0.000000,0.000000,0.000000,0.000000,0.000000,0.000000,0.000000,0.000000,0.000000,0.000000,1000.000142,1000.000186,1000.000229,1000.000266,1000.000303,1000.000338,1000.000372,1000.000403,1000.000430,1000.000453,1000.000472,1000.000484,1000.000493,1000.000498,1000.000500,1000.000499,1000.000497,1000.000497,1000.000496,1000.000495,1000.000495,1000.000494,1000.000494,1000.000494,1000.000494,1000.000494,1000.000495,1000.000495,1000.000496,1000.000497,1000.000497,1000.000499,1000.000500,1000.000498,1000.000493,1000.000484,1000.000472,1000.000453,1000.000430,1000.000403,1000.000372,1000.000338,1000.000303,1000.000266,1000.000229,1000.000186,1000.000142,0.000000,0.000000,0.000000,0.000000,0.000000,0.000000,0.000000,0.000000,0.000000,0.000000,0.000000,0.000000,0.000000,0.000000,0.000000,0.000000,0.000000,0.000000,0.000000,0.000000,0.000000,0.000000,0.000000,0.000000,0.000000,0.000000,0.000000,0.000000
0.000000,0.000000,0.000000,0.000000,0.000000,0.000000,0.000000,0.000000,0.000000,0.000000,0.000000,0.000000,0.000000,0.000000,0.000000,0.000000,0.000000,0.000000,0.000000,0.000000,0.000000,0.000000,0.000000,0.000000,0.000000,0.000000,1000.000135,1000.000182,1000.000227,1000.000267,1000.000307,1000.000345,1000.000383,1000.000418,1000.000449,1000.000473,1000.000490,1000.000500,1000.000504,1000.000503,1000.000499,1000.000492,1000.000482,1000.000472,1000.000465,1000.000461,1000.000459,1000.000457,1000.000456,1000.000455,1000.000454,1000.000454,1000.000454,1000.000455,1000.000456,1000.000457,1000.000459,1000.000461,1000.000465,1000.000472,1000.000482,1000.000492,1000.000499,1000.000503,1000.000504,1000.000500,1000.000490,1000.000473,1000.000449,1000.000418,1000.000383,1000.000345,1000.000307,1000.000267,1000.000227,1000.000182,1000.000135,0.000000,0.000000,0.000000,0.000000,0.000000,0.000000,0.000000,0.000000,0.000000,0.000000,0.000000,0.000000,0.000000,0.000000,0.000000,0.000000,0.000000,0.000000,0.000000,0.000000,0.000000,0.000000,0.000000,0.000000,0.000000,0.000000
0.000000,0.000000,0.000000,0.000000,0.000000,0.000000,0.000000,0.000000,0.000000,0.000000,0.000000,0.000000,0.000000,0.000000,0.000000,0.000000,0.000000,0.000000,0.000000,0.000000,0.000000,0.000000,0.000000,0.000000,1000.000116,1000.000168,1000.000218,1000.000261,1000.000304,1000.000345,1000.000385,1000.000423,1000.000456,1000.000482,1000.000498,1000.000504,1000.000503,1000.000496,1000.000485,1000.000473,1000.000461,1000.000449,1000.000436,1000.000424,1000.000415,1000.000410,1000.000406,1000.000403,1000.000401,1000.000400,1000.000399,1000.000398,1000.000399,1000.000400,1000.000401,1000.000403,1000.000406,1000.000410,1000.000415,1000.000424,1000.000436,1000.000449,1000.000461,1000.000473,1000.000485,1000.000496,1000.000503,1000.000504,1000.000498,1000.000482,1000.000456,1000.000423,1000.000385,1000.000345,1000.000304,1000.000261,1000.000218,1000.000168,1000.000116,0.000000,0.000000,0.000000,0.000000,0.000000,0.000000,0.000000,0.000000,0.000000,0.000000,0.000000,0.000000,0.000000,0.000000,0.000000,0.000000,0.000000,0.000000,0.000000,0.000000,0.000000,0.000000,0.000000,0.000000
0.000000,0.000000,0.000000,0.000000,0.000000,0.000000,0.000000,0.000000,0.000000,0.000000,0.000000,0.000000,0.000000,0.000000,0.000000,0.000000,0.000000,0.000000,0.000000,0.000000,0.000000,0.000000,0.000000,1000.000140,1000.000197,1000.000245,1000.000293,1000.000338,1000.000382,1000.000422,1000.000456,1000.000484,1000.000500,1000.000506,1000.000500,1000.000487,1000.000472,1000.000455,1000.000439,1000.000423,1000.000409,1000.000397,1000.000385,1000.000374,1000.000366,1000.000359,1000.000354,1000.000351,1000.000348,1000.000346,1000.000345,1000.000345,1000.000345,1000.000346,1000.000348,1000.000351,1000.000354,1000.000359,1000.000366,1000.000374,1000.000385,1000.000397,1000.000409,1000.000423,1000.000439,1000.000455,1000.000472,1000.000487,1000.000500,1000.000506,1000.000500,1000.000484,1000.000456,1000.000422,1000.000382,1000.000338,1000.000293,1000.000245,1000.000197,1000.000140,0.000000,0.000000,0.000000,0.000000,0.000000,0.000000,0.000000,0.000000,0.000000,0.000000,0.000000,0.000000,0.000000,0.000000,0.000000,0.000000,0.000000,0.000000,0.000000,0.000000,0.000000,0.000000,0.000000
0.000000,0.000000,0.000000,0.000000,0.000000,0.000000,0.000000,0.000000,0.000000,0.000000,0.000000,0.000000,0.000000,0.000000,0.000000,0.000000,0.000000,0.000000,0.000000,0.000000,0.000000,1000.000103,1000.000162,1000.000218,1000.000269,1000.000319,1000.000369,1000.000414,1000.000453,1000.000483,1000.000501,1000.000506,1000.000500,1000.000484,1000.000464,1000.000443,1000.000423,1000.000405,1000.000389,1000.000373,1000.000360,1000.000347,1000.000336,1000.000326,1000.000317,1000.000310,1000.000304,1000.000300,1000.000297,1000.000295,1000.000294,1000.000293,1000.000294,1000.000295,1000.000297,1000.000300,1000.000304,1000.000310,1000.000317,1000.000326,1000.000336,1000.000347,1000.000360,1000.000373,1000.000389,1000.000405,1000.000423,1000.000443,1000.000464,1000.000484,1000.000500,1000.000506,1000.000501,1000.000483,1000.000453,1000.000414,1000.000369,1000.000319,1000.000269,1000.000218,1000.000162,1000.000103,0.000000,0.000000,0.000000,0.000000,0.000000,0.000000,0.000000,0.000000,0.000000,0.000000,0.000000,0.000000,0.000000,0.000000,0.000000,0.000000,0.000000,0.000000,0.000000,0.000000,0.000000
0.000000,0.000000,0.000000,0.000000,0.000000,0.000000,0.000000,0.000000,0.000000,0.000000,0.000000,0.000000,0.000000,0.000000,0.000000,0.000000,0.000000,0.000000,0.000000,0.000000,1000.000120,1000.000182,1000.000235,1000.000288,1000.000340,1000.000393,1000.000440,1000.000476,1000.000498,1000.000505,1000.000500,1000.000484,1000.000463,1000.000439,1000.000416,1000.000394,1000.000375,1000.000357,1000.000341,1000.000326,1000.000312,1000.000299,1000.000287,1000.000277,1000.000269,1000.000261,1000.000256,1000.000251,1000.000248,1000.000245,1000.000244,1000.000243,1000.000244,1000.000245,1000.000248,1000.000251,1000.000256,1000.000261,1000.000269,1000.000277,1000.000287,1000.000299,1000.000312,1000.000326,1000.000341,1000.000357,1000.000375,1000.000394,1000.000416,1000.000439,1000.000463,1000.000484,1000.000500,1000.000505,1000.000498,1000.000476,1000.000440,1000.000393,1000.000340,1000.000288,1000.000235,1000.000182,1000.000120,0.000000,0.000000,0.000000,0.000000,0.000000,0.000000,0.000000,0.000000,0.000000,0.000000,0.000000,0.000000,0.000000,0.000000,0.000000,0.000000,0.000000,0.000000,0.000000,0.000000
0.000000,0.000000,0.000000,0.000000,0.000000,0.000000,0.000000,0.000000,0.000000,0.000000,0.000000,0.000000,0.000000,0.000000,0.000000,0.000000,0.000000,0.000000,0.000000,1000.000134,1000.000197,1000.000252,1000.000305,1000.000358,1000.000410,1000.000456,1000.000490,1000.000504,1000.000500,1000.000485,1000.000464,1000.000439,1000.000414,1000.000390,1000.000368,1000.000348,1000.000328,1000.000310,1000.000294,1000.000278,1000.000264,1000.000252,1000.000240,1000.000230,1000.000222,1000.000214,1000.000208,1000.000203,1000.000200,1000.000197,1000.000196,1000.000195,1000.000196,1000.000197,1000.000200,1000.000203,1000.000208,1000.000214,1000.000222,1000.000230,1000.000240,1000.000252,1000.000264,1000.000278,1000.000294,1000.000310,1000.000328,1000.000348,1000.000368,1000.000390,1000.000414,1000.000439,1000.000464,1000.000485,1000.000500,1000.000504,1000.000490,1000.000456,1000.000410,1000.000358,1000.000305,1000.000252,1000.000197,1000.000134,0.000000,0.000000,0.000000,0.000000,0.000000,0.000000,0.000000,0.000000,0.000000,0.000000,0.000000,0.000000,0.000000,0.000000,0.000000,0.000000,0.000000,0.000000,0.000000
0.000000,0.000000,0.000000,0.000000,0.000000,0.000000,0.000000,0.000000,0.000000,0.000000,0.000000,0.000000,0.000000,0.000000,0.000000,0.000000,0.000000,0.000000,1000.000143,1000.000208,1000.000265,1000.000321,1000.000376,1000.000426,1000.000468,1000.000497,1000.000504,1000.000491,1000.000468,1000.000442,1000.000416,1000.000391,1000.000367,1000.000344,1000.000323,1000.000302,1000.000283,1000.000264,1000.000248,1000.000233,1000.000219,1000.000206,1000.000195,1000.000184,1000.000176,1000.000168,1000.000162,1000.000157,1000.000153,1000.000150,1000.000149,1000.000148,1000.000149,1000.000150,1000.000153,1000.000157,1000.000162,1000.000168,1000.000176,1000.000184,1000.000195,1000.000206,1000.000219,1000.000233,1000.000248,1000.000264,1000.000283,1000.000302,1000.000323,1000.000344,1000.000367,1000.000391,1000.000416,1000.000442,1000.000468,1000.000491,1000.000504,1000.000497,1000.000468,1000.000426,1000.000376,1000.000321,1000.000265,1000.000208,1000.000143,0.000000,0.000000,0.000000,0.000000,0.000000,0.000000,0.000000,0.000000,0.000000,0.000000,0.000000,0.000000,0.000000,0.000000,0.000000,0.000000,0.000000,0.000000
0.000000,0.000000,0.000000,0.000000,0.000000,0.000000,0.000000,0.000000,0.000000,0.000000,0.000000,0.000000,0.000000,0.000000,0.000000,0.000000,0.000000,1000.000147,1000.000215,1000.000274,1000.000333,1000.000391,1000.000442,1000.000481,1000.000502,1000.000503,1000.000484,1000.000455,1000.000425,1000.000396,1000.000370,1000.000346,1000.000322,1000.000300,1000.000278,1000.000257,1000.000238,1000.000220,1000.000203,1000.000188,1000.000174,1000.000161,1000.000150,1000.000140,1000.000131,1000.000123,1000.000117,1000.000112,1000.000108,1000.000105,1000.000103,1000.000103,1000.000103,1000.000105,1000.000108,1000.000112,1000.000117,1000.000123,1000.000131,1000.000140,1000.000150,1000.000161,1000.000174,1000.000188,1000.000203,1000.000220,1000.000238,1000.000257,1000.000278,1000.000300,1000.000322,1000.000346,1000.000370,1000.000396,1000.000425,1000.000455,1000.000484,1000.000503,1000.000502,1000.000481,1000.000442,1000.000391,1000.000333,1000.000274,1000.000215,1000.000147,0.000000,0.000000,0.000000,0.000000,0.000000,0.000000,0.000000,0.000000,0.000000,0.000000,0.000000,0.000000,0.000000,0.000000,0.000000,0.000000,0.000000
0.000000,0.000000,0.000000,0.000000,0.000000,0.000000,0.000000,0.000000,0.000000,0.000000,0.000000,0.000000,0.000000,0.000000,0.000000,0.000000,1000.000148,1000.000217,1000.000278,1000.000339,1000.000399,1000.000452,1000.000490,1000.000504,1000.000498,1000.000476,1000.000446,1000.000412,1000.000381,1000.000353,1000.000328,1000.000303,1000.000278,1000.000255,1000.000234,1000.000213,1000.000194,1000.000176,1000.000160,1000.000144,1000.000130,1000.000118,1000.000106,1000.000096,1000.000087,1000.000079,1000.000073,1000.000068,1000.000064,1000.000061,1000.000059,1000.000058,1000.000059,1000.000061,1000.000064,1000.000068,1000.000073,1000.000079,1000.000087,1000.000096,1000.000106,1000.000118,1000.000130,1000.000144,1000.000160,1000.000176,1000.000194,1000.000213,1000.000234,1000.000255,1000.000278,1000.000303,1000.000328,1000.000353,1000.000381,1000.000412,1000.000446,1000.000476,1000.000498,1000.000504,1000.000490,1000.000452,1000.000399,1000.000339,1000.000278,1000.000217,1000.000148,0.000000,0.000000,0.000000,0.000000,0.000000,0.000000,0.000000,0.000000,0.000000,0.000000,0.000000,0.000000,0.000000,0.000000,0.000000,0.000000
0.000000,0.000000,0.000000,0.000000,0.000000,0.000000,0.000000,0.000000,0.000000,0.000000,0.000000,0.000000,0.000000,0.000000,0.000000,1000.000147,1000.000217,1000.000280,1000.000342,1000.000403,1000.000457,1000.000494,1000.000504,1000.000490,1000.000465,1000.000434,1000.000401,1000.000369,1000.000340,1000.000312,1000.000285,1000.000260,1000.000236,1000.000213,1000.000192,1000.000171,1000.000152,1000.000134,1000.000117,1000.000102,1000.000088,1000.000075,1000.000064,1000.000054,1000.000045,1000.000037,1000.000030,1000.000025,1000.000021,1000.000018,1000.000016,1000.000016,1000.000016,1000.000018,1000.000021,1000.000025,1000.000030,1000.000037,1000.000045,1000.000054,1000.000064,1000.000075,1000.000088,1000.000102,1000.000117,1000.000134,1000.000152,1000.000171,1000.000192,1000.000213,1000.000236,1000.000260,1000.000285,1000.000312,1000.000340,1000.000369,1000.000401,1000.000434,1000.000465,1000.000490,1000.000504,1000.000494,1000.000457,1000.000403,1000.000342,1000.000280,1000.000217,1000.000147,0.000000,0.000000,0.000000,0.000000,0.000000,0.000000,0.000000,0.000000,0.000000,0.000000,0.000000,0.000000,0.000000,0.000000,0.000000
0.000000,0.000000,0.000000,0.000000,0.000000,0.000000,0.000000,0.000000,0.000000,0.000000,0.000000,0.000000,0.000000,0.000000,1000.000143,1000.000215,1000.000278,1000.000342,1000.000404,1000.000459,1000.000496,1000.000505,1000.000487,1000.000456,1000.000422,1000.000389,1000.000358,1000.000328,1000.000299,1000.000271,1000.000244,1000.000219,1000.000195,1000.000172,1000.000150,1000.000130,1000.000111,1000.000093,1000.000076,1000.000061,1000.000047,1000.000034,1000.000023,1000.000012,1000.000003,999.999995,999.999989,999.999984,999.999979,999.999976,999.999975,999.999974,999.999975,999.999976,999.999979,999.999984,999.999989,999.999995,1000.000003,1000.000012,1000.000023,1000.000034,1000.000047,1000.000061,1000.000076,1000.000093,1000.000111,1000.000130,1000.000150,1000.000172,1000.000195,1000.000219,1000.000244,1000.000271,1000.000299,1000.000328,1000.000358,1000.000389,1000.000422,1000.000456,1000.000487,1000.000505,1000.000496,1000.000459,1000.000404,1000.000342,1000.000278,1000.000215,1000.000143,0.000000,0.000000,0.000000,0.000000,0.000000,0.000000,0.000000,0.000000,0.000000,0.000000,0.000000,0.000000,0.000000,0.000000
0.000000,0.000000,0.000000,0.000000,0.000000,0.000000,0.000000,0.000000,0.000000,0.000000,0.000000,0.000000,0.000000,1000.000134,1000.000208,1000.000274,1000.000339,1000.000403,1000.000459,1000.000496,1000.000505,1000.000486,1000.000453,1000.000416,1000.000381,1000.000349,1000.000319,1000.000288,1000.000259,1000.000231,1000.000204,1000.000179,1000.000155,1000.000132,1000.000110,1000.000090,1000.000071,1000.000053,1000.000036,1000.000021,1000.000007,999.999994,999.999983,999.999972,999.999963,999.999955,999.999949,999.999943,999.999939,999.999936,999.999934,999.999934,999.999934,999.999936,999.999939,999.999943,999.999949,999.999955,999.999963,999.999972,999.999983,999.999994,1000.000007,1000.000021,1000.000036,1000.000053,1000.000071,1000.000090,1000.000110,1000.000132,1000.000155,1000.000179,1000.000204,1000.000231,1000.000259,1000.000288,1000.000319,1000.000349,1000.000381,1000.000416,1000.000453,1000.000486,1000.000505,1000.000496,1000.000459,1000.000403,1000.000339,1000.000274,1000.000208,1000.000134,0.000000,0.000000,0.000000,0.000000,0.000000,0.000000,0.000000,0.000000,0.000000,0.000000,0.000000,0.000000,0.000000
0.000000,0.000000,0.000000,0.000000,0.000000,0.000000,0.000000,0.000000,0.000000,0.000000,0.000000,0.000000,1000.000120,1000.000197,1000.000265,1000.000333,1000.000399,1000.000457,1000.000496,1000.000505,1000.000485,1000.000451,1000.000413,1000.000376,1000.000343,1000.000311,1000.000279,1000.000249,1000.000220,1000.000192,1000.000166,1000.000140,1000.000116,1000.000093,1000.000072,1000.000051,1000.000032,1000.000014,999.999998,999.999982,999.999968,999.999955,999.999944,999.999934,999.999924,999.999917,999.999910,999.999904,999.999900,999.999897,999.999895,999.999895,999.999895,999.999897,999.999900,999.999904,999.999910,999.999917,999.999924,999.999934,999.999944,999.999955,999.999968,999.999982,999.999998,1000.000014,1000.000032,1000.000051,1000.000072,1000.000093,1000.000116,1000.000140,1000.000166,1000.000192,1000.000220,1000.000249,1000.000279,1000.000311,1000.000343,1000.000376,1000.000413,1000.000451,1000.000485,1000.000505,1000.000496,1000.000457,1000.000399,1000.000333,1000.000265,1000.000197,1000.000120,0.000000,0.000000,0.000000,0.000000,0.000000,0.000000,0.000000,0.000000,0.000000,0.000000,0.000000,0.000000
0.000000,0.000000,0.000000,0.000000,0.000000,0.000000,0.000000,0.000000,0.000000,0.000000,0.000000,1000.000103,1000.000182,1000.000252,1000.000321,1000.000391,1000.000452,1000.000494,1000.000505,1000.000486,1000.000451,1000.000412,1000.000374,1000.000340,1000.000306,1000.000273,1000.000241,1000.000211,1000.000182,1000.000155,1000.000128,1000.000103,1000.000079,1000.000056,1000.000034,1000.000014,999.999995,999.999977,999.999960,999.999945,999.999931,999.999918,999.999906,999.999896,999.999887,999.999879,999.999872,999.999867,999.999863,999.999860,999.999858,999.999857,999.999858,999.999860,999.999863,999.999867,999.999872,999.999879,999.999887,999.999896,999.999906,999.999918,999.999931,999.999945,999.999960,999.999977,999.999995,1000.000014,1000.000034,1000.000056,1000.000079,1000.000103,1000.000128,1000.000155,1000.000182,1000.000211,1000.000241,1000.000273,1000.000306,1000.000340,1000.000374,1000.000412,1000.000451,1000.000486,1000.000505,1000.000494,1000.000452,1000.000391,1000.000321,1000.000252,1000.000182,1000.000103,0.000000,0.000000,0.000000,0.000000,0.000000,0.000000,0.000000,0.000000,0.000000,0.000000,0.000000
0.000000,0.000000,0.000000,0.000000,0.000000,0.000000,0.000000,0.000000,0.000000,0.000000,0.000000,1000.000162,1000.000235,1000.000305,1000.000376,1000.000442,1000.000490,1000.000504,1000.000487,1000.000453,1000.000413,1000.000374,1000.000339,1000.000304,1000.000269,1000.000236,1000.000205,1000.000175,1000.000146,1000.000118,1000.000092,1000.000066,1000.000042,1000.000019,999.999998,999.999978,999.999958,999.999941,999.999924,999.999909,999.999895,999.999882,999.999870,999.999860,999.999850,999.999843,999.999836,999.999830,999.999826,999.999823,999.999821,999.999821,999.999821,999.999823,999.999826,999.999830,999.999836,999.999843,999.999850,999.999860,999.999870,999.999882,999.999895,999.999909,999.999924,999.999941,999.999958,999.999978,999.999998,1000.000019,1000.000042,1000.000066,1000.000092,1000.000118,1000.000146,1000.000175,1000.000205,1000.000236,1000.000269,1000.000304,1000.000339,1000.000374,1000.000413,1000.000453,1000.000487,1000.000504,1000.000490,1000.000442,1000.000376,1000.000305,1000.000235,1000.000162,0.000000,0.000000,0.000000,0.000000,0.000000,0.000000,0.000000,0.000000,0.000000,0.000000,0.000000
0.000000,0.000000,0.000000,0.000000,0.000000,0.000000,0.000000,0.000000,0.000000,0.000000,1000.000140,1000.000218,1000.000288,1000.000358,1000.000426,1000.000481,1000.000504,1000.000490,1000.000456,1000.000416,1000.000376,1000.000340,1000.000304,1000.000268,1000.000234,1000.000202,1000.000170,1000.000140,1000.000111,1000.000083,1000.000057,1000.000031,1000.000007,999.999984,999.999963,999.999943,999.999923,999.999906,999.999889,999.999874,999.999859,999.999847,999.999835,999.999825,999.999815,999.999807,999.999801,999.999795,999.999791,999.999788,999.999786,999.999785,999.999786,999.999788,999.999791,999.999795,999.999801,999.999807,999.999815,999.999825,999.999835,999.999847,999.999859,999.999874,999.999889,999.999906,999.999923,999.999943,999.999963,999.999984,1000.000007,1000.000031,1000.000057,1000.000083,1000.000111,1000.000140,1000.000170,1000.000202,1000.000234,1000.000268,1000.000304,1000.000340,1000.000376,1000.000416,1000.000456,1000.000490,1000.000504,1000.000481,1000.000426,1000.000358,1000.000288,1000.000218,1000.000140,0.000000,0.000000,0.000000,0.000000,0.000000,0.000000,0.000000,0.000000,0.000000,0.000000
0.000000,0.000000,0.000000,0.000000,0.000000,0.000000,0.000000,0.000000,0.000000,1000.000116,1000.000197,1000.000269,1000.000340,1000.000410,1000.000468,1000.000502,1000.000498,1000.000465,1000.000422,1000.000381,1000.000343,1000.000306,1000.000269,1000.000234,1000.000200,1000.000168,1000.000136,1000.000106,1000.000077,1000.000049,1000.000023,999.999997,999.999973,999.999951,999.999929,999.999909,999.999890,999.999872,999.999855,999.999840,999.999826,999.999813,999.999801,999.999791,999.999781,999.999774,999.999767,999.999761,999.999757,999.999754,999.999752,999.999752,999.999752,999.999754,999.999757,999.999761,999.999767,999.999774,999.999781,999.999791,999.999801,999.999813,999.999826,999.999840,999.999855,999.999872,999.999890,999.999909,999.999929,999.999951,999.999973,999.999997,1000.000023,1000.000049,1000.000077,1000.000106,1000.000136,1000.000168,1000.000200,1000.000234,1000.000269,1000.000306,1000.000343,1000.000381,1000.000422,1000.000465,1000.000498,1000.000502,1000.000468,1000.000410,1000.000340,1000.000269,1000.000197,1000.000116,0.000000,0.000000,0.000000,0.000000,0.000000,0.000000,0.000000,0.000000,0.000000
0.000000,0.000000,0.000000,0.000000,0.000000,0.000000,0.000000,0.000000,0.000000,1000.000168,1000.000245,1000.000319,1000.000393,1000.000456,1000.000497,1000.000503,1000.000476,1000.000434,1000.000389,1000.000349,1000.000311,1000.000273,1000.000236,1000.000202,1000.000168,1000.000135,1000.000103,1000.000073,1000.000044,1000.000017,999.999990,999.999965,999.999941,999.999918,999.999896,999.999876,999.999857,999.999839,999.999823,999.999807,999.999793,999.999780,999.999768,999.999758,999.999749,999.999741,999.999734,999.999729,999.999724,999.999721,999.999719,999.999719,999.999719,999.999721,999.999724,999.999729,999.999734,999.999741,999.999749,999.999758,999.999768,999.999780,999.999793,999.999807,999.999823,999.999839,999.999857,999.999876,999.999896,999.999918,999.999941,999.999965,999.999990,1000.000017,1000.000044,1000.000073,1000.000103,1000.000135,1000.000168,1000.000202,1000.000236,1000.000273,1000.000311,1000.000349,1000.000389,1000.000434,1000.000476,1000.000503,1000.000497,1000.000456,1000.000393,1000.000319,1000.000245,1000.000168,0.000000,0.000000,0.000000,0.000000,0.000000,0.000000,0.000000,0.000000,0.000000
0.000000,0.000000,0.000000,0.000000,0.000000,0.000000,0.000000,0.000000,1000.000135,1000.000218,1000.000293,1000.000369,1000.000440,1000.000490,1000.000504,1000.000484,1000.000446,1000.000401,1000.000358,1000.000319,1000.000279,1000.000241,1000.000205,1000.000170,1000.000136,1000.000103,1000.000072,1000.000042,1000.000013,999.999985,999.999959,999.999933,999.999909,999.999887,999.999865,999.999845,999.999826,999.999808,999.999791,999.999776,999.999762,999.999749,999.999737,999.999727,999.999717,999.999709,999.999703,999.999697,999.999693,999.999690,999.999688,999.999687,999.999688,999.999690,999.999693,999.999697,999.999703,999.999709,999.999717,999.999727,999.999737,999.999749,999.999762,999.999776,999.999791,999.999808,999.999826,999.999845,999.999865,999.999887,999.999909,999.999933,999.999959,999.999985,1000.000013,1000.000042,1000.000072,1000.000103,1000.000136,1000.000170,1000.000205,1000.000241,1000.000279,1000.000319,1000.000358,1000.000401,1000.000446,1000.000484,1000.000504,1000.000490,1000.000440,1000.000369,1000.000293,1000.000218,1000.000135,0.000000,0.000000,0.000000,0.000000,0.000000,0.000000,0.000000,0.000000
0.000000,0.000000,0.000000,0.000000,0.000000,0.000000,0.000000,0.000000,1000.000182,1000.000261,1000.000338,1000.000414,1000.000476,1000.000504,1000.000491,1000.000455,1000.000412,1000.000369,1000.000328,1000.000288,1000.000249,1000.000211,1000.000175,1000.000140,1000.000106,1000.000073,1000.000042,1000.000012,999.999983,999.999955,999.999929,999.999903,999.999879,999.999856,999.999835,999.999815,999.999795,999.999778,999.999761,999.999746,999.999731,999.999719,999.999707,999.999696,999.999687,999.999679,999.999672,999.999667,999.999663,999.999660,999.999658,999.999657,999.999658,999.999660,999.999663,999.999667,999.999672,999.999679,999.999687,999.999696,999.999707,999.999719,999.999731,999.999746,999.999761,999.999778,999.999795,999.999815,999.999835,999.999856,999.999879,999.999903,999.999929,999.999955,999.999983,1000.000012,1000.000042,1000.000073,1000.000106,1000.000140,1000.000175,1000.000211,1000.000249,1000.000288,1000.000328,1000.000369,1000.000412,1000.000455,1000.000491,1000.000504,1000.000476,1000.000414,1000.000338,1000.000261,1000.000182,0.000000,0.000000,0.000000,0.000000,0.000000,0.000000,0.000000,0.000000
0.000000,0.000000,0.000000,0.000000,0.000000,0.000000,0.000000,1000.000142,1000.000227,1000.000304,1000.000382,1000.000453,1000.000498,1000.000500,1000.000468,1000.000425,1000.000381,1000.000340,1000.000299,1000.000259,1000.000220,1000.000182,1000.000146,1000.000111,1000.000077,1000.000044,1000.000013,999.999983,999.999954,999.999926,999.999900,999.999874,999.999850,999.999827,999.999806,999.999786,999.999767,999.999749,999.999732,999.999717,999.999703,999.999690,999.999678,999.999667,999.999658,999.999650,999.999644,999.999638,999.999634,999.999631,999.999629,999.999628,999.999629,999.999631,999.999634,999.999638,999.999644,999.999650,999.999658,999.999667,999.999678,999.999690,999.999703,999.999717,999.999732,999.999749,999.999767,999.999786,999.999806,999.999827,999.999850,999.999874,999.999900,999.999926,999.999954,999.999983,1000.000013,1000.000044,1000.000077,1000.000111,1000.000146,1000.000182,1000.000220,1000.000259,1000.000299,1000.000340,1000.000381,1000.000425,1000.000468,1000.000500,1000.000498,1000.000453,1000.000382,1000.000304,1000.000227,1000.000142,0.000000,0.000000,0.000000,0.000000,0.000000,0.000000,0.000000
0.000000,0.000000,0.000000,0.000000,0.000000,0.000000,0.000000,1000.000186,1000.000267,1000.000345,1000.000422,1000.000483,1000.000505,1000.000485,1000.000442,1000.000396,1000.000353,1000.000312,1000.000271,1000.000231,1000.000192,1000.000155,1000.000118,1000.000083,1000.000049,1000.000017,999.999985,999.999955,999.999926,999.999898,999.999872,999.999847,999.999823,999.999800,999.999778,999.999758,999.999739,999.999721,999.999704,999.999689,999.999675,999.999662,999.999650,999.999640,999.999631,999.999623,999.999616,999.999610,999.999606,999.999603,999.999601,999.999600,999.999601,999.999603,999.999606,999.999610,999.999616,999.999623,999.999631,999.999640,999.999650,999.999662,999.999675,999.999689,999.999704,999.999721,999.999739,999.999758,999.999778,999.999800,999.999823,999.999847,999.999872,999.999898,999.999926,999.999955,999.999985,1000.000017,1000.000049,1000.000083,1000.000118,1000.000155,1000.000192,1000.000231,1000.000271,1000.000312,1000.000353,1000.000396,1000.000442,1000.000485,1000.000505,1000.000483,1000.000422,1000.000345,1000.000267,1000.000186,0.000000,0.000000,0.000000,0.000000,0.000000,0.000000,0.000000
0.000000,0.000000,0.000000,0.000000,0.000000,0.000000,1000.000143,1000.000229,1000.000307,1000.000385,1000.000456,1000.000501,1000.000500,1000.000464,1000.000416,1000.000370,1000.000328,1000.000285,1000.000244,1000.000204,1000.000166,1000.000128,1000.000092,1000.000057,1000.000023,999.999990,999.999959,999.999929,999.999900,999.999872,999.999845,999.999820,999.999796,999.999773,999.999752,999.999731,999.999712,999.999694,999.999678,999.999662,999.999648,999.999635,999.999624,999.999613,999.999604,999.999596,999.999589,999.999584,999.999579,999.999576,999.999575,999.999574,999.999575,999.999576,999.999579,999.999584,999.999589,999.999596,999.999604,999.999613,999.999624,999.999635,999.999648,999.999662,999.999678,999.999694,999.999712,999.999731,999.999752,999.999773,999.999796,999.999820,999.999845,999.999872,999.999900,999.999929,999.999959,999.999990,1000.000023,1000.000057,1000.000092,1000.000128,1000.000166,1000.000204,1000.000244,1000.000285,1000.000328,1000.000370,1000.000416,1000.000464,1000.000500,1000.000501,1000.000456,1000.000385,1000.000307,1000.000229,1000.000143,0.000000,0.000000,0.000000,0.000000,0.000000,0.000000
0.000000,0.000000,0.000000,0.000000,0.000000,0.000000,1000.000184,1000.000266,1000.000345,1000.000423,1000.000484,1000.000506,1000.000484,1000.000439,1000.000391,1000.000346,1000.000303,1000.000260,1000.000219,1000.000179,1000.000140,1000.000103,1000.000066,1000.000031,999.999997,999.999965,999.999933,999.999903,999.999874,999.999847,999.999820,999.999795,999.999771,999.999748,999.999726,999.999706,999.999687,999.999669,999.999653,999.999637,999.999623,999.999610,999.999598,999.999588,999.999579,999.999571,999.999564,999.999559,999.999554,999.999551,999.999549,999.999549,999.999549,999.999551,999.999554,999.999559,999.999564,999.999571,999.999579,999.999588,999.999598,999.999610,999.999623,999.999637,999.999653,999.999669,999.999687,999.999706,999.999726,999.999748,999.999771,999.999795,999.999820,999.999847,999.999874,999.999903,999.999933,999.999965,999.999997,1000.000031,1000.000066,1000.000103,1000.000140,1000.000179,1000.000219,1000.000260,1000.000303,1000.000346,1000.000391,1000.000439,1000.000484,1000.000506,1000.000484,1000.000423,1000.000345,1000.000266,1000.000184,0.000000,0.000000,0.000000,0.000000,0.000000,0.000000
0.000000,0.000000,0.000000,0.000000,0.000000,1000.000136,1000.000224,1000.000303,1000.000383,1000.000456,1000.000500,1000.000500,1000.000463,1000.000414,1000.000367,1000.000322,1000.000278,1000.000236,1000.000195,1000.000155,1000.000116,1000.000079,1000.000042,1000.000007,999.999973,999.999941,999.999909,999.999879,999.999850,999.999823,999.999796,999.999771,999.999747,999.999724,999.999702,999.999682,999.999663,999.999645,999.999629,999.999613,999.999599,999.999586,999.999574,999.999564,999.999555,999.999547,999.999540,999.999534,999.999530,999.999527,999.999525,999.999525,999.999525,999.999527,999.999530,999.999534,999.999540,999.999547,999.999555,999.999564,999.999574,999.999586,999.999599,999.999613,999.999629,999.999645,999.999663,999.999682,999.999702,999.999724,999.999747,999.999771,999.999796,999.999823,999.999850,999.999879,999.999909,999.999941,999.999973,1000.000007,1000.000042,1000.000079,1000.000116,1000.000155,1000.000195,1000.000236,1000.000278,1000.000322,1000.000367,1000.000414,1000.000463,1000.000500,1000.000500,1000.000456,1000.000383,1000.000303,1000.000224,1000.000136,0.000000,0.000000,0.000000,0.000000,0.000000
0.000000,0.000000,0.000000,0.000000,0.000000,1000.000173,1000.000257,1000.000338,1000.000418,1000.000482,1000.000506,1000.000484,1000.000439,1000.000390,1000.000344,1000.000300,1000.000255,1000.000213,1000.000172,1000.000132,1000.000093,1000.000056,1000.000019,999.999984,999.999951,999.999918,999.999887,999.999856,999.999827,999.999800,999.999773,999.999748,999.999724,999.999701,999.999680,999.999659,999.999640,999.999622,999.999606,999.999590,999.999576,999.999563,999.999552,999.999541,999.999532,999.999524,999.999517,999.999512,999.999507,999.999504,999.999502,999.999502,999.999502,999.999504,999.999507,999.999512,999.999517,999.999524,999.999532,999.999541,999.999552,999.999563,999.999576,999.999590,999.999606,999.999622,999.999640,999.999659,999.999680,999.999701,999.999724,999.999748,999.999773,999.999800,999.999827,999.999856,999.999887,999.999918,999.999951,999.999984,1000.000019,1000.000056,1000.000093,1000.000132,1000.000172,1000.000213,1000.000255,1000.000300,1000.000344,1000.000390,1000.000439,1000.000484,1000.000506,1000.000482,1000.000418,1000.000338,1000.000257,1000.000173,0.000000,0.000000,0.000000,0.000000,0.000000
0.000000,0.000000,0.000000,0.000000,1000.000119,1000.000208,1000.000290,1000.000372,1000.000449,1000.000498,1000.000500,1000.000464,1000.000416,1000.000368,1000.000323,1000.000278,1000.000234,1000.000192,1000.000150,1000.000110,1000.000072,1000.000034,999.999998,999.999963,999.999929,999.999896,999.999865,999.999835,999.999806,999.999778,999.999752,999.999726,999.999702,999.999680,999.999658,999.999638,999.999619,999.999601,999.999584,999.999569,999.999555,999.999542,999.999530,999.999520,999.999510,999.999502,999.999496,999.999490,999.999486,999.999483,999.999481,999.999480,999.999481,999.999483,999.999486,999.999490,999.999496,999.999502,999.999510,999.999520,999.999530,999.999542,999.999555,999.999569,999.999584,999.999601,999.999619,999.999638,999.999658,999.999680,999.999702,999.999726,999.999752,999.999778,999.999806,999.999835,999.999865,999.999896,999.999929,999.999963,999.999998,1000.000034,1000.000072,1000.000110,1000.000150,1000.000192,1000.000234,1000.000278,1000.000323,1000.000368,1000.000416,1000.000464,1000.000500,1000.000498,1000.000449,1000.000372,1000.000290,1000.000208,1000.000119,0.000000,0.000000,0.000000,0.000000
0.000000,0.000000,0.000000,0.000000,1000.000152,1000.000237,1000.000319,1000.000403,1000.000473,1000.000504,1000.000487,1000.000443,1000.000394,1000.000348,1000.000302,1000.000257,1000.000213,1000.000171,1000.000130,1000.000090,1000.000051,1000.000014,999.999978,999.999943,999.999909,999.999876,999.999845,999.999815,999.999786,999.999758,999.999731,999.999706,999.999682,999.999659,999.999638,999.999618,999.999598,999.999581,999.999564,999.999549,999.999534,999.999521,999.999510,999.999499,999.999490,999.999482,999.999475,999.999470,999.999465,999.999462,999.999461,999.999460,999.999461,999.999462,999.999465,999.999470,999.999475,999.999482,999.999490,999.999499,999.999510,999.999521,999.999534,999.999549,999.999564,999.999581,999.999598,999.999618,999.999638,999.999659,999.999682,999.999706,999.999731,999.999758,999.999786,999.999815,999.999845,999.999876,999.999909,999.999943,999.999978,1000.000014,1000.000051,1000.000090,1000.000130,1000.000171,1000.000213,1000.000257,1000.000302,1000.000348,1000.000394,1000.000443,1000.000487,1000.000504,1000.000473,1000.000403,1000.000319,1000.000237,1000.000152,0.000000,0.000000,0.000000,0.000000
