0.000000,0.000000,0.000000,0.000000,0.000000,0.000000,0.000000,0.000000,0.000000,0.000000,0.000000,0.000000,0.000000,0.000000,0.000000,0.000000,0.000000,0.000000,0.000000,0.000000,0.000000,0.000000,0.000000,0.000000,0.000000,0.000000,0.000000,0.000000,0.000000,0.000000,0.000000,0.000000,0.000000,0.000000,0.000000,0.000000,0.000000,0.000000,0.000000,0.000000,0.000000,0.000000,0.000000,0.000000,0.000000,0.000000,0.000000,0.000000,0.000000,0.000000,0.000000,0.000000,0.000000,0.000000,0.000000,0.000000,0.000000,0.000000,0.000000,0.000000,0.000000,0.000000,0.000000,0.000000,0.000000,0.000000,0.000000,0.000000,0.000000,0.000000,0.000000,0.000000,0.000000,0.000000,0.000000,0.000000,0.000000,0.000000,0.000000,0.000000,0.000000,0.000000,0.000000,0.000000,0.000000,0.000000,0.000000,0.000000,0.000000,0.000000,0.000000,0.000000,0.000000,0.000000,0.000000,0.000000,0.000000,0.000000,0.000000,0.000000,0.000000,0.000000,0.000000
0.000000,0.000000,0.000000,0.000000,0.000000,0.000000,0.000000,0.000000,0.000000,0.000000,0.000000,0.000000,0.000000,0.000000,0.000000,0.000000,0.000000,0.000000,0.000000,0.000000,0.000000,0.000000,0.000000,0.000000,0.000000,0.000000,0.000000,0.000000,0.000000,0.000000,0.000000,0.000000,0.000000,0.000000,0.000000,0.000000,0.000000,0.000000,0.000000,0.000000,0.000000,0.000000,0.000000,0.000000,0.000000,0.000000,0.000000,0.000000,0.000000,0.000000,0.000000,1000.000079,0.000000,0.000000,0.000000,0.000000,0.000000,0.000000,0.000000,0.000000,0.000000,0.000000,0.000000,0.000000,0.000000,0.000000,0.000000,0.000000,0.000000,0.000000,0.000000,0.000000,0.000000,0.000000,0.000000,0.000000,0.000000,0.000000,0.000000,0.000000,0.000000,0.000000,0.000000,0.000000,0.000000,0.000000,0.000000,0.000000,0.000000,0.000000,0.000000,0.000000,0.000000,0.000000,0.000000,0.000000,0.000000,0.000000,0.000000,0.000000,0.000000,0.000000,0.000000
0.000000,0.000000,0.000000,0.000000,0.000000,0.000000,0.000000,0.000000,0.000000,0.000000,0.000000,0.000000,0.000000,0.000000,0.000000,0.000000,0.000000,0.000000,0.000000,0.000000,0.000000,0.000000,0.000000,0.000000,0.000000,0.000000,0.000000,0.000000,0.000000,0.000000,0.000000,0.000000,0.000000,0.000000,0.000000,0.000000,0.000000,0.000000,0.000000,0.000000,0.000000,0.000000,1000.000143,1000.000167,1000.000178,1000.000185,1000.000188,1000.000189,1000.000189,1000.000188,1000.000187,1000.000193,1000.000187,1000.000188,1000.000189,1000.000189,1000.000188,1000.000185,1000.000178,1000.000167,1000.000143,0.000000,0.000000,0.000000,0.000000,0.000000,0.000000,0.000000,0.000000,0.000000,0.000000,0.000000,0.000000,0.000000,0.000000,0.000000,0.000000,0.000000,0.000000,0.000000,0.000000,0.000000,0.000000,0.000000,0.000000,0.000000,0.000000,0.000000,0.000000,0.000000,0.000000,0.000000,0.000000,0.000000,0.000000,0.000000,0.000000,0.000000,0.000000,0.000000,0.000000,0.000000,0.000000
0.000000,0.000000,0.000000,0.000000,0.000000,0.000000,0.000000,0.000000,0.000000,0.000000,0.000000,0.000000,0.000000,0.000000,0.000000,0.000000,0.000000,0.000000,0.000000,0.000000,0.000000,0.000000,0.000000,0.000000,0.000000,0.000000,0.000000,0.000000,0.000000,0.000000,0.000000,0.000000,0.000000,0.000000,0.000000,0.000000,0.000000,1000.000138,1000.000172,1000.000200,1000.000222,1000.000240,1000.000256,1000.000271,1000.000283,1000.000291,1000.000295,1000.000297,1000.000298,1000.000299,1000.000298,1000.000299,1000.000298,1000.000299,1000.000298,1000.000297,1000.000295,1000.000291,1000.000283,1000.000271,1000.000256,1000.000240,1000.000222,1000.000200,1000.000172,1000.000138,0.000000,0.000000,0.000000,0.000000,0.000000,0.000000,0.000000,0.000000,0.000000,0.000000,0.000000,0.000000,0.000000,0.000000,0.000000,0.000000,0.000000,0.000000,0.000000,0.000000,0.000000,0.000000,0.000000,0.000000,0.000000,0.000000,0.000000,0.000000,0.000000,0.000000,0.000000,0.000000,0.000000,0.000000,0.000000,0.000000,0.000000
0.000000,0.000000,0.000000,0.000000,0.000000,0.000000,0.000000,0.000000,0.000000,0.000000,0.000000,0.000000,0.000000,0.000000,0.000000,0.000000,0.000000,0.000000,0.000000,0.000000,0.000000,0.000000,0.000000,0.000000,0.000000,0.000000,0.000000,0.000000,0.000000,0.000000,0.000000,0.000000,0.000000,0.000000,1000.000144,1000.000183,1000.000216,1000.000248,1000.000276,1000.000301,1000.000325,1000.000345,1000.000364,1000.000378,1000.000389,1000.000396,1000.000401,1000.000403,1000.000404,1000.000405,1000.000405,1000.000405,1000.000405,1000.000405,1000.000404,1000.000403,1000.000401,1000.000396,1000.000389,1000.000378,1000.000364,1000.000345,1000.000325,1000.000301,1000.000276,1000.000248,1000.000216,1000.000183,1000.000144,0.000000,0.000000,0.000000,0.000000,0.000000,0.000000,0.000000,0.000000,0.000000,0.000000,0.000000,0.000000,0.000000,0.000000,0.000000,0.000000,0.000000,0.000000,0.000000,0.000000,0.000000,0.000000,0.000000,0.000000,0.000000,0.000000,0.000000,0.000000,0.000000,0.000000,0.000000,0.000000,0.000000,0.000000
0.000000,0.000000,0.000000,0.000000,0.000000,0.000000,0.000000,0.000000,0.000000,0.000000,0.000000,0.000000,0.000000,0.000000,0.000000,0.000000,0.000000,0.000000,0.000000,0.000000,0.000000,0.000000,0.000000,0.000000,0.000000,0.000000,0.000000,0.000000,0.000000,0.000000,0.000000,0.000000,1000.000164,1000.000208,1000.000251,1000.000286,1000.000318,1000.000350,1000.000378,1000.000404,1000.000427,1000.000449,1000.000469,1000.000484,1000.000494,1000.000500,1000.000503,1000.000504,1000.000505,1000.000506,1000.000506,1000.000506,1000.000506,1000.000506,1000.000505,1000.000504,1000.000503,1000.000500,1000.000494,1000.000484,1000.000469,1000.000449,1000.000427,1000.000404,1000.000378,1000.000350,1000.000318,1000.000286,1000.000251,1000.000208,1000.000164,0.000000,0.000000,0.000000,0.000000,0.000000,0.000000,0.000000,0.000000,0.000000,0.000000,0.000000,0.000000,0.000000,0.000000,0.000000,0.000000,0.000000,0.000000,0.000000,0.000000,0.000000,0.000000,0.000000,0.000000,0.000000,0.000000,0.000000,0.000000,0.000000,0.000000,0.000000,0.000000
0.000000,0.000000,0.000000,0.000000,0.000000,0.000000,0.000000,0.000000,0.000000,0.000000,0.000000,0.000000,0.000000,0.000000,0.000000,0.000000,0.000000,0.000000,0.000000,0.000000,0.000000,0.000000,0.000000,0.000000,0.000000,0.000000,0.000000,0.000000,0.000000,0.000000,1000.000172,1000.000221,1000.000269,1000.000310,1000.000349,1000.000385,1000.000420,1000.000452,1000.000480,1000.000504,1000.000524,1000.000543,1000.000559,1000.000569,1000.000575,1000.000578,1000.000580,1000.000580,1000.000581,1000.000581,1000.000581,1000.000581,1000.000581,1000.000581,1000.000581,1000.000580,1000.000580,1000.000578,1000.000575,1000.000569,1000.000559,1000.000543,1000.000524,1000.000504,1000.000480,1000.000452,1000.000420,1000.000385,1000.000349,1000.000310,1000.000269,1000.000221,1000.000172,0.000000,0.000000,0.000000,0.000000,0.000000,0.000000,0.000000,0.000000,0.000000,0.000000,0.000000,0.000000,0.000000,0.000000,0.000000,0.000000,0.000000,0.000000,0.000000,0.000000,0.000000,0.000000,0.000000,0.000000,0.000000,0.000000,0.000000,0.000000,0.000000,0.000000
0.000000,0.000000,0.000000,0.000000,0.000000,0.000000,0.000000,0.000000,0.000000,0.000000,0.000000,0.000000,0.000000,0.000000,0.000000,0.000000,0.000000,0.000000,0.000000,0.000000,0.000000,0.000000,0.000000,0.000000,0.000000,0.000000,0.000000,0.000000,1000.000171,1000.000224,1000.000276,1000.000320,1000.000365,1000.000408,1000.000448,1000.000485,1000.000517,1000.000544,1000.000566,1000.000581,1000.000591,1000.000598,1000.000600,1000.000598,1000.000597,1000.000596,1000.000595,1000.000594,1000.000594,1000.000593,1000.000593,1000.000593,1000.000593,1000.000593,1000.000594,1000.000594,1000.000595,1000.000596,1000.000597,1000.000598,1000.000600,1000.000598,1000.000591,1000.000581,1000.000566,1000.000544,1000.000517,1000.000485,1000.000448,1000.000408,1000.000365,1000.000320,1000.000276,1000.000224,1000.000171,0.000000,0.000000,0.000000,0.000000,0.000000,0.000000,0.000000,0.000000,0.000000,0.000000,0.000000,0.000000,0.000000,0.000000,0.000000,0.000000,0.000000,0.000000,0.000000,0.000000,0.000000,0.000000,0.000000,0.000000,0.000000,0.000000,0.000000,0.000000
0.000000,0.000000,0.000000,0.000000,0.000000,0.000000,0.000000,0.000000,0.000000,0.000000,0.000000,0.000000,0.000000,0.000000,0.000000,0.000000,0.000000,0.000000,0.000000,0.000000,0.000000,0.000000,0.000000,0.000000,0.000000,0.000000,1000.000162,1000.000220,1000.000274,1000.000322,1000.000370,1000.000416,1000.000461,1000.000503,1000.000540,1000.000568,1000.000588,1000.000600,1000.000605,1000.000603,1000.000599,1000.000591,1000.000579,1000.000568,1000.000560,1000.000555,1000.000552,1000.000550,1000.000548,1000.000547,1000.000546,1000.000546,1000.000546,1000.000547,1000.000548,1000.000550,1000.000552,1000.000555,1000.000560,1000.000568,1000.000579,1000.000591,1000.000599,1000.000603,1000.000605,1000.000600,1000.000588,1000.000568,1000.000540,1000.000503,1000.000461,1000.000416,1000.000370,1000.000322,1000.000274,1000.000220,1000.000162,0.000000,0.000000,0.000000,0.000000,0.000000,0.000000,0.000000,0.000000,0.000000,0.000000,0.000000,0.000000,0.000000,0.000000,0.000000,0.000000,0.000000,0.000000,0.000000,0.000000,0.000000,0.000000,0.000000,0.000000,0.000000,0.000000
0.000000,0.000000,0.000000,0.000000,0.000000,0.000000,0.000000,0.000000,0.000000,0.000000,0.000000,0.000000,0.000000,0.000000,0.000000,0.000000,0.000000,0.000000,0.000000,0.000000,0.000000,0.000000,0.000000,0.000000,1000.000140,1000.000202,1000.000263,1000.000315,1000.000366,1000.000416,1000.000464,1000.000509,1000.000547,1000.000578,1000.000598,1000.000605,1000.000604,1000.000596,1000.000583,1000.000569,1000.000555,1000.000540,1000.000525,1000.000510,1000.000500,1000.000493,1000.000489,1000.000485,1000.000483,1000.000481,1000.000480,1000.000480,1000.000480,1000.000481,1000.000483,1000.000485,1000.000489,1000.000493,1000.000500,1000.000510,1000.000525,1000.000540,1000.000555,1000.000569,1000.000583,1000.000596,1000.000604,1000.000605,1000.000598,1000.000578,1000.000547,1000.000509,1000.000464,1000.000416,1000.000366,1000.000315,1000.000263,1000.000202,1000.000140,0.000000,0.000000,0.000000,0.000000,0.000000,0.000000,0.000000,0.000000,0.000000,0.000000,0.000000,0.000000,0.000000,0.000000,0.000000,0.000000,0.000000,0.000000,0.000000,0.000000,0.000000,0.000000,0.000000,0.000000
0.000000,0.000000,0.000000,0.000000,0.000000,0.000000,0.000000,0.000000,0.000000,0.000000,0.000000,0.000000,0.000000,0.000000,0.000000,0.000000,0.000000,0.000000,0.000000,0.000000,0.000000,0.000000,0.000000,1000.000168,1000.000237,1000.000295,1000.000352,1000.000407,1000.000459,1000.000507,1000.000548,1000.000581,1000.000600,1000.000607,1000.000600,1000.000586,1000.000567,1000.000548,1000.000528,1000.000509,1000.000493,1000.000478,1000.000464,1000.000451,1000.000441,1000.000433,1000.000427,1000.000422,1000.000419,1000.000417,1000.000416,1000.000415,1000.000416,1000.000417,1000.000419,1000.000422,1000.000427,1000.000433,1000.000441,1000.000451,1000.000464,1000.000478,1000.000493,1000.000509,1000.000528,1000.000548,1000.000567,1000.000586,1000.000600,1000.000607,1000.000600,1000.000581,1000.000548,1000.000507,1000.000459,1000.000407,1000.000352,1000.000295,1000.000237,1000.000168,0.000000,0.000000,0.000000,0.000000,0.000000,0.000000,0.000000,0.000000,0.000000,0.000000,0.000000,0.000000,0.000000,0.000000,0.000000,0.000000,0.000000,0.000000,0.000000,0.000000,0.000000,0.000000,0.000000
0.000000,0.000000,0.000000,0.000000,0.000000,0.000000,0.000000,0.000000,0.000000,0.000000,0.000000,0.000000,0.000000,0.000000,0.000000,0.000000,0.000000,0.000000,0.000000,0.000000,0.000000,1000.000124,1000.000195,1000.000263,1000.000324,1000.000384,1000.000444,1000.000498,1000.000544,1000.000579,1000.000600,1000.000607,1000.000600,1000.000582,1000.000559,1000.000533,1000.000509,1000.000488,1000.000468,1000.000450,1000.000433,1000.000418,1000.000404,1000.000392,1000.000382,1000.000373,1000.000367,1000.000362,1000.000358,1000.000355,1000.000354,1000.000353,1000.000354,1000.000355,1000.000358,1000.000362,1000.000367,1000.000373,1000.000382,1000.000392,1000.000404,1000.000418,1000.000433,1000.000450,1000.000468,1000.000488,1000.000509,1000.000533,1000.000559,1000.000582,1000.000600,1000.000607,1000.000600,1000.000579,1000.000544,1000.000498,1000.000444,1000.000384,1000.000324,1000.000263,1000.000195,1000.000124,0.000000,0.000000,0.000000,0.000000,0.000000,0.000000,0.000000,0.000000,0.000000,0.000000,0.000000,0.000000,0.000000,0.000000,0.000000,0.000000,0.000000,0.000000,0.000000,0.000000,0.000000
0.000000,0.000000,0.000000,0.000000,0.000000,0.000000,0.000000,0.000000,0.000000,0.000000,0.000000,0.000000,0.000000,0.000000,0.000000,0.000000,0.000000,0.000000,0.000000,0.000000,1000.000145,1000.000219,1000.000284,1000.000347,1000.000410,1000.000473,1000.000529,1000.000572,1000.000597,1000.000606,1000.000600,1000.000582,1000.000557,1000.000529,1000.000501,1000.000475,1000.000451,1000.000430,1000.000410,1000.000392,1000.000375,1000.000360,1000.000346,1000.000334,1000.000324,1000.000315,1000.000308,1000.000303,1000.000298,1000.000295,1000.000294,1000.000293,1000.000294,1000.000295,1000.000298,1000.000303,1000.000308,1000.000315,1000.000324,1000.000334,1000.000346,1000.000360,1000.000375,1000.000392,1000.000410,1000.000430,1000.000451,1000.000475,1000.000501,1000.000529,1000.000557,1000.000582,1000.000600,1000.000606,1000.000597,1000.000572,1000.000529,1000.000473,1000.000410,1000.000347,1000.000284,1000.000219,1000.000145,0.000000,0.000000,0.000000,0.000000,0.000000,0.000000,0.000000,0.000000,0.000000,0.000000,0.000000,0.000000,0.000000,0.000000,0.000000,0.000000,0.000000,0.000000,0.000000,0.000000
0.000000,0.000000,0.000000,0.000000,0.000000,0.000000,0.000000,0.000000,0.000000,0.000000,0.000000,0.000000,0.000000,0.000000,0.000000,0.000000,0.000000,0.000000,0.000000,1000.000161,1000.000238,1000.000304,1000.000367,1000.000431,1000.000493,1000.000548,1000.000588,1000.000604,1000.000600,1000.000583,1000.000558,1000.000529,1000.000499,1000.000470,1000.000443,1000.000419,1000.000396,1000.000374,1000.000354,1000.000335,1000.000318,1000.000303,1000.000290,1000.000278,1000.000267,1000.000258,1000.000251,1000.000245,1000.000240,1000.000237,1000.000236,1000.000235,1000.000236,1000.000237,1000.000240,1000.000245,1000.000251,1000.000258,1000.000267,1000.000278,1000.000290,1000.000303,1000.000318,1000.000335,1000.000354,1000.000374,1000.000396,1000.000419,1000.000443,1000.000470,1000.000499,1000.000529,1000.000558,1000.000583,1000.000600,1000.000604,1000.000588,1000.000548,1000.000493,1000.000431,1000.000367,1000.000304,1000.000238,1000.000161,0.000000,0.000000,0.000000,0.000000,0.000000,0.000000,0.000000,0.000000,0.000000,0.000000,0.000000,0.000000,0.000000,0.000000,0.000000,0.000000,0.000000,0.000000,0.000000
0.000000,0.000000,0.000000,0.000000,0.000000,0.000000,0.000000,0.000000,0.000000,0.000000,0.000000,0.000000,0.000000,0.000000,0.000000,0.000000,0.000000,0.000000,1000.000172,1000.000251,1000.000320,1000.000387,1000.000453,1000.000513,1000.000562,1000.000597,1000.000605,1000.000590,1000.000563,1000.000533,1000.000501,1000.000471,1000.000442,1000.000414,1000.000388,1000.000364,1000.000340,1000.000318,1000.000298,1000.000280,1000.000263,1000.000248,1000.000234,1000.000222,1000.000212,1000.000203,1000.000195,1000.000189,1000.000184,1000.000181,1000.000179,1000.000178,1000.000179,1000.000181,1000.000184,1000.000189,1000.000195,1000.000203,1000.000212,1000.000222,1000.000234,1000.000248,1000.000263,1000.000280,1000.000298,1000.000318,1000.000340,1000.000364,1000.000388,1000.000414,1000.000442,1000.000471,1000.000501,1000.000533,1000.000563,1000.000590,1000.000605,1000.000597,1000.000562,1000.000513,1000.000453,1000.000387,1000.000320,1000.000251,1000.000172,0.000000,0.000000,0.000000,0.000000,0.000000,0.000000,0.000000,0.000000,0.000000,0.000000,0.000000,0.000000,0.000000,0.000000,0.000000,0.000000,0.000000,0.000000
0.000000,0.000000,0.000000,0.000000,0.000000,0.000000,0.000000,0.000000,0.000000,0.000000,0.000000,0.000000,0.000000,0.000000,0.000000,0.000000,0.000000,1000.000177,1000.000258,1000.000330,1000.000401,1000.000471,1000.000532,1000.000577,1000.000602,1000.000604,1000.000582,1000.000548,1000.000512,1000.000477,1000.000446,1000.000417,1000.000388,1000.000361,1000.000334,1000.000309,1000.000286,1000.000265,1000.000245,1000.000227,1000.000210,1000.000194,1000.000180,1000.000168,1000.000158,1000.000148,1000.000141,1000.000135,1000.000130,1000.000126,1000.000124,1000.000124,1000.000124,1000.000126,1000.000130,1000.000135,1000.000141,1000.000148,1000.000158,1000.000168,1000.000180,1000.000194,1000.000210,1000.000227,1000.000245,1000.000265,1000.000286,1000.000309,1000.000334,1000.000361,1000.000388,1000.000417,1000.000446,1000.000477,1000.000512,1000.000548,1000.000582,1000.000604,1000.000602,1000.000577,1000.000532,1000.000471,1000.000401,1000.000330,1000.000258,1000.000177,0.000000,0.000000,0.000000,0.000000,0.000000,0.000000,0.000000,0.000000,0.000000,0.000000,0.000000,0.000000,0.000000,0.000000,0.000000,0.000000,0.000000
0.000000,0.000000,0.000000,0.000000,0.000000,0.000000,0.000000,0.000000,0.000000,0.000000,0.000000,0.000000,0.000000,0.000000,0.000000,0.000000,1000.000179,1000.000262,1000.000336,1000.000408,1000.000480,1000.000543,1000.000588,1000.000605,1000.000598,1000.000573,1000.000536,1000.000496,1000.000459,1000.000426,1000.000395,1000.000364,1000.000335,1000.000308,1000.000282,1000.000257,1000.000234,1000.000213,1000.000193,1000.000174,1000.000157,1000.000142,1000.000128,1000.000116,1000.000105,1000.000096,1000.000088,1000.000082,1000.000077,1000.000073,1000.000071,1000.000071,1000.000071,1000.000073,1000.000077,1000.000082,1000.000088,1000.000096,1000.000105,1000.000116,1000.000128,1000.000142,1000.000157,1000.000174,1000.000193,1000.000213,1000.000234,1000.000257,1000.000282,1000.000308,1000.000335,1000.000364,1000.000395,1000.000426,1000.000459,1000.000496,1000.000536,1000.000573,1000.000598,1000.000605,1000.000588,1000.000543,1000.000480,1000.000408,1000.000336,1000.000262,1000.000179,0.000000,0.000000,0.000000,0.000000,0.000000,0.000000,0.000000,0.000000,0.000000,0.000000,0.000000,0.000000,0.000000,0.000000,0.000000,0.000000
0.000000,0.000000,0.000000,0.000000,0.000000,0.000000,0.000000,0.000000,0.000000,0.000000,0.000000,0.000000,0.000000,0.000000,0.000000,1000.000177,1000.000262,1000.000337,1000.000411,1000.000485,1000.000549,1000.000593,1000.000605,1000.000589,1000.000559,1000.000522,1000.000483,1000.000444,1000.000409,1000.000376,1000.000344,1000.000313,1000.000284,1000.000257,1000.000231,1000.000206,1000.000183,1000.000162,1000.000142,1000.000123,1000.000106,1000.000091,1000.000077,1000.000065,1000.000054,1000.000044,1000.000037,1000.000030,1000.000025,1000.000022,1000.000020,1000.000019,1000.000020,1000.000022,1000.000025,1000.000030,1000.000037,1000.000044,1000.000054,1000.000065,1000.000077,1000.000091,1000.000106,1000.000123,1000.000142,1000.000162,1000.000183,1000.000206,1000.000231,1000.000257,1000.000284,1000.000313,1000.000344,1000.000376,1000.000409,1000.000444,1000.000483,1000.000522,1000.000559,1000.000589,1000.000605,1000.000593,1000.000549,1000.000485,1000.000411,1000.000337,1000.000262,1000.000177,0.000000,0.000000,0.000000,0.000000,0.000000,0.000000,0.000000,0.000000,0.000000,0.000000,0.000000,0.000000,0.000000,0.000000,0.000000
0.000000,0.000000,0.000000,0.000000,0.000000,0.000000,0.000000,0.000000,0.000000,0.000000,0.000000,0.000000,0.000000,0.000000,1000.000172,1000.000258,1000.000336,1000.000411,1000.000486,1000.000551,1000.000595,1000.000605,1000.000585,1000.000549,1000.000509,1000.000469,1000.000431,1000.000395,1000.000360,1000.000326,1000.000294,1000.000264,1000.000235,1000.000207,1000.000181,1000.000157,1000.000134,1000.000112,1000.000092,1000.000074,1000.000057,1000.000041,1000.000027,1000.000015,1000.000004,999.999995,999.999987,999.999980,999.999975,999.999972,999.999970,999.999969,999.999970,999.999972,999.999975,999.999980,999.999987,999.999995,1000.000004,1000.000015,1000.000027,1000.000041,1000.000057,1000.000074,1000.000092,1000.000112,1000.000134,1000.000157,1000.000181,1000.000207,1000.000235,1000.000264,1000.000294,1000.000326,1000.000360,1000.000395,1000.000431,1000.000469,1000.000509,1000.000549,1000.000585,1000.000605,1000.000595,1000.000551,1000.000486,1000.000411,1000.000336,1000.000258,1000.000172,0.000000,0.000000,0.000000,0.000000,0.000000,0.000000,0.000000,0.000000,0.000000,0.000000,0.000000,0.000000,0.000000,0.000000
0.000000,0.000000,0.000000,0.000000,0.000000,0.000000,0.000000,0.000000,0.000000,0.000000,0.000000,0.000000,0.000000,1000.000161,1000.000251,1000.000330,1000.000408,1000.000485,1000.000551,1000.000595,1000.000606,1000.000583,1000.000545,1000.000501,1000.000459,1000.000421,1000.000384,1000.000347,1000.000312,1000.000278,1000.000246,1000.000216,1000.000187,1000.000159,1000.000133,1000.000109,1000.000086,1000.000064,1000.000044,1000.000026,1000.000009,999.999993,999.999979,999.999967,999.999956,999.999946,999.999939,999.999932,999.999927,999.999923,999.999921,999.999921,999.999921,999.999923,999.999927,999.999932,999.999939,999.999946,999.999956,999.999967,999.999979,999.999993,1000.000009,1000.000026,1000.000044,1000.000064,1000.000086,1000.000109,1000.000133,1000.000159,1000.000187,1000.000216,1000.000246,1000.000278,1000.000312,1000.000347,1000.000384,1000.000421,1000.000459,1000.000501,1000.000545,1000.000583,1000.000606,1000.000595,1000.000551,1000.000485,1000.000408,1000.000330,1000.000251,1000.000161,0.000000,0.000000,0.000000,0.000000,0.000000,0.000000,0.000000,0.000000,0.000000,0.000000,0.000000,0.000000,0.000000
0.000000,0.000000,0.000000,0.000000,0.000000,0.000000,0.000000,0.000000,0.000000,0.000000,0.000000,0.000000,1000.000145,1000.000238,1000.000320,1000.000401,1000.000480,1000.000549,1000.000595,1000.000606,1000.000583,1000.000543,1000.000498,1000.000453,1000.000413,1000.000375,1000.000336,1000.000300,1000.000265,1000.000232,1000.000200,1000.000169,1000.000140,1000.000112,1000.000086,1000.000062,1000.000039,1000.000017,999.999997,999.999979,999.999962,999.999947,999.999933,999.999920,999.999909,999.999900,999.999892,999.999885,999.999880,999.999876,999.999874,999.999874,999.999874,999.999876,999.999880,999.999885,999.999892,999.999900,999.999909,999.999920,999.999933,999.999947,999.999962,999.999979,999.999997,1000.000017,1000.000039,1000.000062,1000.000086,1000.000112,1000.000140,1000.000169,1000.000200,1000.000232,1000.000265,1000.000300,1000.000336,1000.000375,1000.000413,1000.000453,1000.000498,1000.000543,1000.000583,1000.000606,1000.000595,1000.000549,1000.000480,1000.000401,1000.000320,1000.000238,1000.000145,0.000000,0.000000,0.000000,0.000000,0.000000,0.000000,0.000000,0.000000,0.000000,0.000000,0.000000,0.000000
0.000000,0.000000,0.000000,0.000000,0.000000,0.000000,0.000000,0.000000,0.000000,0.000000,0.000000,1000.000124,1000.000219,1000.000304,1000.000387,1000.000471,1000.000543,1000.000593,1000.000605,1000.000583,1000.000543,1000.000496,1000.000451,1000.000409,1000.000369,1000.000329,1000.000291,1000.000255,1000.000220,1000.000186,1000.000154,1000.000124,1000.000095,1000.000067,1000.000041,1000.000017,999.999994,999.999972,999.999952,999.999934,999.999917,999.999901,999.999887,999.999875,999.999864,999.999854,999.999846,999.999840,999.999835,999.999831,999.999829,999.999828,999.999829,999.999831,999.999835,999.999840,999.999846,999.999854,999.999864,999.999875,999.999887,999.999901,999.999917,999.999934,999.999952,999.999972,999.999994,1000.000017,1000.000041,1000.000067,1000.000095,1000.000124,1000.000154,1000.000186,1000.000220,1000.000255,1000.000291,1000.000329,1000.000369,1000.000409,1000.000451,1000.000496,1000.000543,1000.000583,1000.000605,1000.000593,1000.000543,1000.000471,1000.000387,1000.000304,1000.000219,1000.000124,0.000000,0.000000,0.000000,0.000000,0.000000,0.000000,0.000000,0.000000,0.000000,0.000000,0.000000
0.000000,0.000000,0.000000,0.000000,0.000000,0.000000,0.000000,0.000000,0.000000,0.000000,0.000000,1000.000195,1000.000284,1000.000367,1000.000453,1000.000532,1000.000588,1000.000605,1000.000585,1000.000545,1000.000498,1000.000451,1000.000408,1000.000366,1000.000325,1000.000285,1000.000247,1000.000211,1000.000176,1000.000142,1000.000111,1000.000080,1000.000051,1000.000024,999.999998,999.999973,999.999950,999.999929,999.999909,999.999890,999.999873,999.999858,999.999844,999.999831,999.999820,999.999811,999.999803,999.999796,999.999791,999.999787,999.999785,999.999784,999.999785,999.999787,999.999791,999.999796,999.999803,999.999811,999.999820,999.999831,999.999844,999.999858,999.999873,999.999890,999.999909,999.999929,999.999950,999.999973,999.999998,1000.000024,1000.000051,1000.000080,1000.000111,1000.000142,1000.000176,1000.000211,1000.000247,1000.000285,1000.000325,1000.000366,1000.000408,1000.000451,1000.000498,1000.000545,1000.000585,1000.000605,1000.000588,1000.000532,1000.000453,1000.000367,1000.000284,1000.000195,0.000000,0.000000,0.000000,0.000000,0.000000,0.000000,0.000000,0.000000,0.000000,0.000000,0.000000
0.000000,0.000000,0.000000,0.000000,0.000000,0.000000,0.000000,0.000000,0.000000,0.000000,1000.000168,1000.000263,1000.000347,1000.000431,1000.000513,1000.000577,1000.000605,1000.000589,1000.000549,1000.000501,1000.000453,1000.000409,1000.000366,1000.000323,1000.000282,1000.000243,1000.000205,1000.000169,1000.000134,1000.000100,1000.000068,1000.000038,1000.000009,999.999981,999.999955,999.999931,999.999908,999.999886,999.999867,999.999848,999.999831,999.999816,999.999801,999.999789,999.999778,999.999768,999.999760,999.999754,999.999749,999.999745,999.999743,999.999742,999.999743,999.999745,999.999749,999.999754,999.999760,999.999768,999.999778,999.999789,999.999801,999.999816,999.999831,999.999848,999.999867,999.999886,999.999908,999.999931,999.999955,999.999981,1000.000009,1000.000038,1000.000068,1000.000100,1000.000134,1000.000169,1000.000205,1000.000243,1000.000282,1000.000323,1000.000366,1000.000409,1000.000453,1000.000501,1000.000549,1000.000589,1000.000605,1000.000577,1000.000513,1000.000431,1000.000347,1000.000263,1000.000168,0.000000,0.000000,0.000000,0.000000,0.000000,0.000000,0.000000,0.000000,0.000000,0.000000
0.000000,0.000000,0.000000,0.000000,0.000000,0.000000,0.000000,0.000000,0.000000,1000.000140,1000.000237,1000.000324,1000.000410,1000.000493,1000.000562,1000.000602,1000.000598,1000.000559,1000.000509,1000.000459,1000.000413,1000.000369,1000.000325,1000.000282,1000.000241,1000.000202,1000.000164,1000.000128,1000.000093,1000.000060,1000.000028,999.999997,999.999968,999.999941,999.999915,999.999890,999.999867,999.999846,999.999826,999.999807,999.999790,999.999775,999.999761,999.999748,999.999737,999.999728,999.999719,999.999713,999.999708,999.999704,999.999702,999.999701,999.999702,999.999704,999.999708,999.999713,999.999719,999.999728,999.999737,999.999748,999.999761,999.999775,999.999790,999.999807,999.999826,999.999846,999.999867,999.999890,999.999915,999.999941,999.999968,999.999997,1000.000028,1000.000060,1000.000093,1000.000128,1000.000164,1000.000202,1000.000241,1000.000282,1000.000325,1000.000369,1000.000413,1000.000459,1000.000509,1000.000559,1000.000598,1000.000602,1000.000562,1000.000493,1000.000410,1000.000324,1000.000237,1000.000140,0.000000,0.000000,0.000000,0.000000,0.000000,0.000000,0.000000,0.000000,0.000000
0.000000,0.000000,0.000000,0.000000,0.000000,0.000000,0.000000,0.000000,0.000000,1000.000202,1000.000295,1000.000384,1000.000473,1000.000548,1000.000597,1000.000604,1000.000573,1000.000522,1000.000469,1000.000421,1000.000375,1000.000329,1000.000285,1000.000243,1000.000202,1000.000163,1000.000125,1000.000088,1000.000054,1000.000020,999.999988,999.999958,999.999929,999.999901,999.999875,999.999851,999.999828,999.999807,999.999787,999.999768,999.999751,999.999735,999.999721,999.999709,999.999698,999.999688,999.999680,999.999674,999.999668,999.999665,999.999662,999.999662,999.999662,999.999665,999.999668,999.999674,999.999680,999.999688,999.999698,999.999709,999.999721,999.999735,999.999751,999.999768,999.999787,999.999807,999.999828,999.999851,999.999875,999.999901,999.999929,999.999958,999.999988,1000.000020,1000.000054,1000.000088,1000.000125,1000.000163,1000.000202,1000.000243,1000.000285,1000.000329,1000.000375,1000.000421,1000.000469,1000.000522,1000.000573,1000.000604,1000.000597,1000.000548,1000.000473,1000.000384,1000.000295,1000.000202,0.000000,0.000000,0.000000,0.000000,0.000000,0.000000,0.000000,0.000000,0.000000
0.000000,0.000000,0.000000,0.000000,0.000000,0.000000,0.000000,0.000000,1000.000162,1000.000263,1000.000352,1000.000444,1000.000529,1000.000588,1000.000605,1000.000582,1000.000536,1000.000483,1000.000431,1000.000384,1000.000336,1000.000291,1000.000247,1000.000205,1000.000164,1000.000125,1000.000087,1000.000051,1000.000016,999.999982,999.999950,999.999920,999.999891,999.999864,999.999838,999.999813,999.999790,999.999769,999.999749,999.999730,999.999713,999.999698,999.999684,999.999671,999.999660,999.999650,999.999642,999.999636,999.999630,999.999627,999.999625,999.999624,999.999625,999.999627,999.999630,999.999636,999.999642,999.999650,999.999660,999.999671,999.999684,999.999698,999.999713,999.999730,999.999749,999.999769,999.999790,999.999813,999.999838,999.999864,999.999891,999.999920,999.999950,999.999982,1000.000016,1000.000051,1000.000087,1000.000125,1000.000164,1000.000205,1000.000247,1000.000291,1000.000336,1000.000384,1000.000431,1000.000483,1000.000536,1000.000582,1000.000605,1000.000588,1000.000529,1000.000444,1000.000352,1000.000263,1000.000162,0.000000,0.000000,0.000000,0.000000,0.000000,0.000000,0.000000,0.000000
0.000000,0.000000,0.000000,0.000000,0.000000,0.000000,0.000000,0.000000,1000.000220,1000.000315,1000.000407,1000.000498,1000.000572,1000.000604,1000.000590,1000.000548,1000.000496,1000.000444,1000.000395,1000.000347,1000.000300,1000.000255,1000.000211,1000.000169,1000.000128,1000.000088,1000.000051,1000.000014,999.999979,999.999946,999.999914,999.999884,999.999855,999.999827,999.999801,999.999777,999.999754,999.999732,999.999712,999.999694,999.999677,999.999661,999.999647,999.999635,999.999624,999.999614,999.999606,999.999599,999.999594,999.999590,999.999588,999.999587,999.999588,999.999590,999.999594,999.999599,999.999606,999.999614,999.999624,999.999635,999.999647,999.999661,999.999677,999.999694,999.999712,999.999732,999.999754,999.999777,999.999801,999.999827,999.999855,999.999884,999.999914,999.999946,999.999979,1000.000014,1000.000051,1000.000088,1000.000128,1000.000169,1000.000211,1000.000255,1000.000300,1000.000347,1000.000395,1000.000444,1000.000496,1000.000548,1000.000590,1000.000604,1000.000572,1000.000498,1000.000407,1000.000315,1000.000220,0.000000,0.000000,0.000000,0.000000,0.000000,0.000000,0.000000,0.000000
0.000000,0.000000,0.000000,0.000000,0.000000,0.000000,0.000000,1000.000171,1000.000274,1000.000366,1000.000459,1000.000544,1000.000597,1000.000600,1000.000563,1000.000512,1000.000459,1000.000409,1000.000360,1000.000312,1000.000265,1000.000220,1000.000176,1000.000134,1000.000093,1000.000054,1000.000016,999.999979,999.999945,999.999911,999.999879,999.999849,999.999820,999.999792,999.999767,999.999742,999.999719,999.999698,999.999678,999.999659,999.999642,999.999627,999.999612,999.999600,999.999589,999.999579,999.999571,999.999564,999.999559,999.999556,999.999553,999.999553,999.999553,999.999556,999.999559,999.999564,999.999571,999.999579,999.999589,999.999600,999.999612,999.999627,999.999642,999.999659,999.999678,999.999698,999.999719,999.999742,999.999767,999.999792,999.999820,999.999849,999.999879,999.999911,999.999945,999.999979,1000.000016,1000.000054,1000.000093,1000.000134,1000.000176,1000.000220,1000.000265,1000.000312,1000.000360,1000.000409,1000.000459,1000.000512,1000.000563,1000.000600,1000.000597,1000.000544,1000.000459,1000.000366,1000.000274,1000.000171,0.000000,0.000000,0.000000,0.000000,0.000000,0.000000,0.000000
0.000000,0.000000,0.000000,0.000000,0.000000,0.000000,0.000000,1000.000224,1000.000322,1000.000416,1000.000507,1000.000579,1000.000606,1000.000583,1000.000533,1000.000477,1000.000426,1000.000376,1000.000326,1000.000278,1000.000232,1000.000186,1000.000142,1000.000100,1000.000060,1000.000020,999.999982,999.999946,999.999911,999.999878,999.999846,999.999816,999.999787,999.999759,999.999733,999.999709,999.999686,999.999664,999.999644,999.999626,999.999609,999.999593,999.999579,999.999567,999.999555,999.999546,999.999538,999.999531,999.999526,999.999522,999.999520,999.999519,999.999520,999.999522,999.999526,999.999531,999.999538,999.999546,999.999555,999.999567,999.999579,999.999593,999.999609,999.999626,999.999644,999.999664,999.999686,999.999709,999.999733,999.999759,999.999787,999.999816,999.999846,999.999878,999.999911,999.999946,999.999982,1000.000020,1000.000060,1000.000100,1000.000142,1000.000186,1000.000232,1000.000278,1000.000326,1000.000376,1000.000426,1000.000477,1000.000533,1000.000583,1000.000606,1000.000579,1000.000507,1000.000416,1000.000322,1000.000224,0.000000,0.000000,0.000000,0.000000,0.000000,0.000000,0.000000
0.000000,0.000000,0.000000,0.000000,0.000000,0.000000,1000.000172,1000.000276,1000.000370,1000.000464,1000.000548,1000.000600,1000.000600,1000.000558,1000.000501,1000.000446,1000.000395,1000.000344,1000.000294,1000.000246,1000.000200,1000.000154,1000.000111,1000.000068,1000.000028,999.999988,999.999950,999.999914,999.999879,999.999846,999.999814,999.999784,999.999755,999.999727,999.999701,999.999677,999.999654,999.999632,999.999612,999.999594,999.999577,999.999561,999.999547,999.999535,999.999524,999.999514,999.999506,999.999499,999.999494,999.999490,999.999488,999.999487,999.999488,999.999490,999.999494,999.999499,999.999506,999.999514,999.999524,999.999535,999.999547,999.999561,999.999577,999.999594,999.999612,999.999632,999.999654,999.999677,999.999701,999.999727,999.999755,999.999784,999.999814,999.999846,999.999879,999.999914,999.999950,999.999988,1000.000028,1000.000068,1000.000111,1000.000154,1000.000200,1000.000246,1000.000294,1000.000344,1000.000395,1000.000446,1000.000501,1000.000558,1000.000600,1000.000600,1000.000548,1000.000464,1000.000370,1000.000276,1000.000172,0.000000,0.000000,0.000000,0.000000,0.000000,0.000000
0.000000,0.000000,0.000000,0.000000,0.000000,0.000000,1000.000221,1000.000320,1000.000416,1000.000509,1000.000581,1000.000607,1000.000582,1000.000529,1000.000471,1000.000417,1000.000364,1000.000313,1000.000264,1000.000216,1000.000169,1000.000124,1000.000080,1000.000038,999.999997,999.999958,999.999920,999.999884,999.999849,999.999816,999.999784,999.999753,999.999724,999.999697,999.999671,999.999646,999.999623,999.999602,999.999582,999.999563,999.999546,999.999531,999.999517,999.999504,999.999493,999.999484,999.999475,999.999469,999.999464,999.999460,999.999458,999.999457,999.999458,999.999460,999.999464,999.999469,999.999475,999.999484,999.999493,999.999504,999.999517,999.999531,999.999546,999.999563,999.999582,999.999602,999.999623,999.999646,999.999671,999.999697,999.999724,999.999753,999.999784,999.999816,999.999849,999.999884,999.999920,999.999958,999.999997,1000.000038,1000.000080,1000.000124,1000.000169,1000.000216,1000.000264,1000.000313,1000.000364,1000.000417,1000.000471,1000.000529,1000.000582,1000.000607,1000.000581,1000.000509,1000.000416,1000.000320,1000.000221,0.000000,0.000000,0.000000,0.000000,0.000000,0.000000
0.000000,0.000000,0.000000,0.000000,0.000000,1000.000164,1000.000269,1000.000365,1000.000461,1000.000547,1000.000600,1000.000600,1000.000557,1000.000499,1000.000442,1000.000388,1000.000335,1000.000284,1000.000235,1000.000187,1000.000140,1000.000095,1000.000051,1000.000009,999.999968,999.999929,999.999891,999.999855,999.999820,999.999787,999.999755,999.999724,999.999695,999.999668,999.999642,999.999618,999.999595,999.999573,999.999553,999.999535,999.999518,999.999502,999.999488,999.999475,999.999464,999.999455,999.999446,999.999440,999.999435,999.999431,999.999429,999.999428,999.999429,999.999431,999.999435,999.999440,999.999446,999.999455,999.999464,999.999475,999.999488,999.999502,999.999518,999.999535,999.999553,999.999573,999.999595,999.999618,999.999642,999.999668,999.999695,999.999724,999.999755,999.999787,999.999820,999.999855,999.999891,999.999929,999.999968,1000.000009,1000.000051,1000.000095,1000.000140,1000.000187,1000.000235,1000.000284,1000.000335,1000.000388,1000.000442,1000.000499,1000.000557,1000.000600,1000.000600,1000.000547,1000.000461,1000.000365,1000.000269,1000.000164,0.000000,0.000000,0.000000,0.000000,0.000000
0.000000,0.000000,0.000000,0.000000,0.000000,1000.000208,1000.000310,1000.000408,1000.000503,1000.000578,1000.000607,1000.000582,1000.000529,1000.000470,1000.000414,1000.000361,1000.000308,1000.000257,1000.000207,1000.000159,1000.000112,1000.000067,1000.000024,999.999981,999.999941,999.999901,999.999864,999.999827,999.999792,999.999759,999.999727,999.999697,999.999668,999.999641,999.999615,999.999590,999.999567,999.999546,999.999526,999.999507,999.999490,999.999475,999.999460,999.999448,999.999437,999.999427,999.999419,999.999412,999.999407,999.999403,999.999401,999.999400,999.999401,999.999403,999.999407,999.999412,999.999419,999.999427,999.999437,999.999448,999.999460,999.999475,999.999490,999.999507,999.999526,999.999546,999.999567,999.999590,999.999615,999.999641,999.999668,999.999697,999.999727,999.999759,999.999792,999.999827,999.999864,999.999901,999.999941,999.999981,1000.000024,1000.000067,1000.000112,1000.000159,1000.000207,1000.000257,1000.000308,1000.000361,1000.000414,1000.000470,1000.000529,1000.000582,1000.000607,1000.000578,1000.000503,1000.000408,1000.000310,1000.000208,0.000000,0.000000,0.000000,0.000000,0.000000
0.000000,0.000000,0.000000,0.000000,1000.000144,1000.000251,1000.000349,1000.000448,1000.000540,1000.000598,1000.000600,1000.000559,1000.000501,1000.000443,1000.000388,1000.000334,1000.000282,1000.000231,1000.000181,1000.000133,1000.000086,1000.000041,999.999998,999.999955,999.999915,999.999875,999.999838,999.999801,999.999767,999.999733,999.999701,999.999671,999.999642,999.999615,999.999589,999.999564,999.999541,999.999520,999.999500,999.999481,999.999464,999.999449,999.999435,999.999422,999.999411,999.999401,999.999393,999.999386,999.999381,999.999377,999.999375,999.999375,999.999375,999.999377,999.999381,999.999386,999.999393,999.999401,999.999411,999.999422,999.999435,999.999449,999.999464,999.999481,999.999500,999.999520,999.999541,999.999564,999.999589,999.999615,999.999642,999.999671,999.999701,999.999733,999.999767,999.999801,999.999838,999.999875,999.999915,999.999955,999.999998,1000.000041,1000.000086,1000.000133,1000.000181,1000.000231,1000.000282,1000.000334,1000.000388,1000.000443,1000.000501,1000.000559,1000.000600,1000.000598,1000.000540,1000.000448,1000.000349,1000.000251,1000.000144,0.000000,0.000000,0.000000,0.000000
0.000000,0.000000,0.000000,0.000000,1000.000183,1000.000286,1000.000385,1000.000485,1000.000568,1000.000605,1000.000586,1000.000533,1000.000475,1000.000419,1000.000364,1000.000309,1000.000257,1000.000206,1000.000157,1000.000109,1000.000062,1000.000017,999.999973,999.999931,999.999890,999.999851,999.999813,999.999777,999.999742,999.999709,999.999677,999.999646,999.999618,999.999590,999.999564,999.999540,999.999517,999.999495,999.999475,999.999457,999.999440,999.999424,999.999410,999.999397,999.999386,999.999377,999.999369,999.999362,999.999357,999.999353,999.999351,999.999350,999.999351,999.999353,999.999357,999.999362,999.999369,999.999377,999.999386,999.999397,999.999410,999.999424,999.999440,999.999457,999.999475,999.999495,999.999517,999.999540,999.999564,999.999590,999.999618,999.999646,999.999677,999.999709,999.999742,999.999777,999.999813,999.999851,999.999890,999.999931,999.999973,1000.000017,1000.000062,1000.000109,1000.000157,1000.000206,1000.000257,1000.000309,1000.000364,1000.000419,1000.000475,1000.000533,1000.000586,1000.000605,1000.000568,1000.000485,1000.000385,1000.000286,1000.000183,0.000000,0.000000,0.000000,0.000000
