0.000000,0.000000,0.000000,0.000000,0.000000,0.000000,0.000000,0.000000,0.000000,0.000000,0.000000,0.000000,0.000000,0.000000,0.000000,0.000000,0.000000,0.000000,0.000000,0.000000,0.000000,0.000000,0.000000,0.000000,0.000000,0.000000,0.000000,0.000000,0.000000,0.000000,0.000000,0.000000,0.000000,0.000000,0.000000,0.000000,0.000000,0.000000,0.000000,0.000000,0.000000,0.000000,0.000000,0.000000,0.000000,0.000000,0.000000,0.000000,0.000000,0.000000,0.000000,0.000000,0.000000,0.000000,0.000000,0.000000,0.000000,0.000000,0.000000,0.000000,0.000000,0.000000,0.000000,0.000000,0.000000,0.000000,0.000000,0.000000,0.000000,0.000000,0.000000,0.000000,0.000000,0.000000,0.000000,0.000000,0.000000,0.000000,0.000000,0.000000,0.000000,0.000000,0.000000,0.000000,0.000000,0.000000,0.000000,0.000000,0.000000,0.000000,0.000000,0.000000,0.000000,0.000000,0.000000,0.000000,0.000000,0.000000,0.000000,0.000000,0.000000,0.000000,0.000000
0.000000,0.000000,0.000000,0.000000,0.000000,0.000000,0.000000,0.000000,0.000000,0.000000,0.000000,0.000000,0.000000,0.000000,0.000000,0.000000,0.000000,0.000000,0.000000,0.000000,0.000000,0.000000,0.000000,0.000000,0.000000,0.000000,0.000000,0.000000,0.000000,0.000000,0.000000,0.000000,0.000000,0.000000,0.000000,0.000000,0.000000,0.000000,0.000000,0.000000,0.000000,0.000000,0.000000,0.000000,0.000000,0.000000,0.000000,0.000000,0.000000,0.000000,0.000000,1000.000063,0.000000,0.000000,0.000000,0.000000,0.000000,0.000000,0.000000,0.000000,0.000000,0.000000,0.000000,0.000000,0.000000,0.000000,0.000000,0.000000,0.000000,0.000000,0.000000,0.000000,0.000000,0.000000,0.000000,0.000000,0.000000,0.000000,0.000000,0.000000,0.000000,0.000000,0.000000,0.000000,0.000000,0.000000,0.000000,0.000000,0.000000,0.000000,0.000000,0.000000,0.000000,0.000000,0.000000,0.000000,0.000000,0.000000,0.000000,0.000000,0.000000,0.000000,0.000000
0.000000,0.000000,0.000000,0.000000,0.000000,0.000000,0.000000,0.000000,0.000000,0.000000,0.000000,0.000000,0.000000,0.000000,0.000000,0.000000,0.000000,0.000000,0.000000,0.000000,0.000000,0.000000,0.000000,0.000000,0.000000,0.000000,0.000000,0.000000,0.000000,0.000000,0.000000,0.000000,0.000000,0.000000,0.000000,0.000000,0.000000,0.000000,0.000000,0.000000,0.000000,0.000000,1000.000115,1000.000134,1000.000143,1000.000148,1000.000151,1000.000152,1000.000152,1000.000151,1000.000150,1000.000155,1000.000150,1000.000151,1000.000152,1000.000152,1000.000151,1000.000148,1000.000143,1000.000134,1000.000115,0.000000,0.000000,0.000000,0.000000,0.000000,0.000000,0.000000,0.000000,0.000000,0.000000,0.000000,0.000000,0.000000,0.000000,0.000000,0.000000,0.000000,0.000000,0.000000,0.000000,0.000000,0.000000,0.000000,0.000000,0.000000,0.000000,0.000000,0.000000,0.000000,0.000000,0.000000,0.000000,0.000000,0.000000,0.000000,0.000000,0.000000,0.000000,0.000000,0.000000,0.000000,0.000000
0.000000,0.000000,0.000000,0.000000,0.000000,0.000000,0.000000,0.000000,0.000000,0.000000,0.000000,0.000000,0.000000,0.000000,0.000000,0.000000,0.000000,0.000000,0.000000,0.000000,0.000000,0.000000,0.000000,0.000000,0.000000,0.000000,0.000000,0.000000,0.000000,0.000000,0.000000,0.000000,0.000000,0.000000,0.000000,0.000000,0.000000,1000.000111,1000.000138,1000.000160,1000.000178,1000.000193,1000.000206,1000.000218,1000.000227,1000.000234,1000.000237,1000.000239,1000.000240,1000.000240,1000.000240,1000.000240,1000.000240,1000.000240,1000.000240,1000.000239,1000.000237,1000.000234,1000.000227,1000.000218,1000.000206,1000.000193,1000.000178,1000.000160,1000.000138,1000.000111,0.000000,0.000000,0.000000,0.000000,0.000000,0.000000,0.000000,0.000000,0.000000,0.000000,0.000000,0.000000,0.000000,0.000000,0.000000,0.000000,0.000000,0.000000,0.000000,0.000000,0.000000,0.000000,0.000000,0.000000,0.000000,0.000000,0.000000,0.000000,0.000000,0.000000,0.000000,0.000000,0.000000,0.000000,0.000000,0.000000,0.000000
0.000000,0.000000,0.000000,0.000000,0.000000,0.000000,0.000000,0.000000,0.000000,0.000000,0.000000,0.000000,0.000000,0.000000,0.000000,0.000000,0.000000,0.000000,0.000000,0.000000,0.000000,0.000000,0.000000,0.000000,0.000000,0.000000,0.000000,0.000000,0.000000,0.000000,0.000000,0.000000,0.000000,0.000000,1000.000115,1000.000147,1000.000173,1000.000199,1000.000222,1000.000242,1000.000261,1000.000277,1000.000292,1000.000304,1000.000313,1000.000318,1000.000322,1000.000324,1000.000325,1000.000325,1000.000325,1000.000325,1000.000325,1000.000325,1000.000325,1000.000324,1000.000322,1000.000318,1000.000313,1000.000304,1000.000292,1000.000277,1000.000261,1000.000242,1000.000222,1000.000199,1000.000173,1000.000147,1000.000115,0.000000,0.000000,0.000000,0.000000,0.000000,0.000000,0.000000,0.000000,0.000000,0.000000,0.000000,0.000000,0.000000,0.000000,0.000000,0.000000,0.000000,0.000000,0.000000,0.000000,0.000000,0.000000,0.000000,0.000000,0.000000,0.000000,0.000000,0.000000,0.000000,0.000000,0.000000,0.000000,0.000000,0.000000
0.000000,0.000000,0.000000,0.000000,0.000000,0.000000,0.000000,0.000000,0.000000,0.000000,0.000000,0.000000,0.000000,0.000000,0.000000,0.000000,0.000000,0.000000,0.000000,0.000000,0.000000,0.000000,0.000000,0.000000,0.000000,0.000000,0.000000,0.000000,0.000000,0.000000,0.000000,0.000000,1000.000132,1000.000167,1000.000201,1000.000230,1000.000255,1000.000281,1000.000304,1000.000324,1000.000343,1000.000361,1000.000378,1000.000390,1000.000398,1000.000402,1000.000405,1000.000406,1000.000407,1000.000407,1000.000407,1000.000407,1000.000407,1000.000407,1000.000407,1000.000406,1000.000405,1000.000402,1000.000398,1000.000390,1000.000378,1000.000361,1000.000343,1000.000324,1000.000304,1000.000281,1000.000255,1000.000230,1000.000201,1000.000167,1000.000132,0.000000,0.000000,0.000000,0.000000,0.000000,0.000000,0.000000,0.000000,0.000000,0.000000,0.000000,0.000000,0.000000,0.000000,0.000000,0.000000,0.000000,0.000000,0.000000,0.000000,0.000000,0.000000,0.000000,0.000000,0.000000,0.000000,0.000000,0.000000,0.000000,0.000000,0.000000,0.000000
0.000000,0.000000,0.000000,0.000000,0.000000,0.000000,0.000000,0.000000,0.000000,0.000000,0.000000,0.000000,0.000000,0.000000,0.000000,0.000000,0.000000,0.000000,0.000000,0.000000,0.000000,0.000000,0.000000,0.000000,0.000000,0.000000,0.000000,0.000000,0.000000,0.000000,1000.000138,1000.000178,1000.000216,1000.000249,1000.000280,1000.000309,1000.000337,1000.000363,1000.000386,1000.000405,1000.000422,1000.000437,1000.000451,1000.000460,1000.000464,1000.000467,1000.000468,1000.000469,1000.000469,1000.000469,1000.000469,1000.000469,1000.000469,1000.000469,1000.000469,1000.000469,1000.000468,1000.000467,1000.000464,1000.000460,1000.000451,1000.000437,1000.000422,1000.000405,1000.000386,1000.000363,1000.000337,1000.000309,1000.000280,1000.000249,1000.000216,1000.000178,1000.000138,0.000000,0.000000,0.000000,0.000000,0.000000,0.000000,0.000000,0.000000,0.000000,0.000000,0.000000,0.000000,0.000000,0.000000,0.000000,0.000000,0.000000,0.000000,0.000000,0.000000,0.000000,0.000000,0.000000,0.000000,0.000000,0.000000,0.000000,0.000000,0.000000,0.000000
0.000000,0.000000,0.000000,0.000000,0.000000,0.000000,0.000000,0.000000,0.000000,0.000000,0.000000,0.000000,0.000000,0.000000,0.000000,0.000000,0.000000,0.000000,0.000000,0.000000,0.000000,0.000000,0.000000,0.000000,0.000000,0.000000,0.000000,0.000000,1000.000137,1000.000180,1000.000222,1000.000257,1000.000293,1000.000328,1000.000361,1000.000390,1000.000416,1000.000438,1000.000457,1000.000469,1000.000477,1000.000483,1000.000484,1000.000483,1000.000482,1000.000481,1000.000480,1000.000480,1000.000479,1000.000479,1000.000479,1000.000479,1000.000479,1000.000479,1000.000479,1000.000480,1000.000480,1000.000481,1000.000482,1000.000483,1000.000484,1000.000483,1000.000477,1000.000469,1000.000457,1000.000438,1000.000416,1000.000390,1000.000361,1000.000328,1000.000293,1000.000257,1000.000222,1000.000180,1000.000137,0.000000,0.000000,0.000000,0.000000,0.000000,0.000000,0.000000,0.000000,0.000000,0.000000,0.000000,0.000000,0.000000,0.000000,0.000000,0.000000,0.000000,0.000000,0.000000,0.000000,0.000000,0.000000,0.000000,0.000000,0.000000,0.000000,0.000000,0.000000
0.000000,0.000000,0.000000,0.000000,0.000000,0.000000,0.000000,0.000000,0.000000,0.000000,0.000000,0.000000,0.000000,0.000000,0.000000,0.000000,0.000000,0.000000,0.000000,0.000000,0.000000,0.000000,0.000000,0.000000,0.000000,0.000000,1000.000130,1000.000176,1000.000220,1000.000258,1000.000297,1000.000334,1000.000371,1000.000405,1000.000435,1000.000459,1000.000474,1000.000484,1000.000488,1000.000487,1000.000483,1000.000477,1000.000467,1000.000457,1000.000450,1000.000446,1000.000444,1000.000442,1000.000441,1000.000440,1000.000440,1000.000440,1000.000440,1000.000440,1000.000441,1000.000442,1000.000444,1000.000446,1000.000450,1000.000457,1000.000467,1000.000477,1000.000483,1000.000487,1000.000488,1000.000484,1000.000474,1000.000459,1000.000435,1000.000405,1000.000371,1000.000334,1000.000297,1000.000258,1000.000220,1000.000176,1000.000130,0.000000,0.000000,0.000000,0.000000,0.000000,0.000000,0.000000,0.000000,0.000000,0.000000,0.000000,0.000000,0.000000,0.000000,0.000000,0.000000,0.000000,0.000000,0.000000,0.000000,0.000000,0.000000,0.000000,0.000000,0.000000,0.000000
0.000000,0.000000,0.000000,0.000000,0.000000,0.000000,0.000000,0.000000,0.000000,0.000000,0.000000,0.000000,0.000000,0.000000,0.000000,0.000000,0.000000,0.000000,0.000000,0.000000,0.000000,0.000000,0.000000,0.000000,1000.000112,1000.000163,1000.000211,1000.000253,1000.000294,1000.000334,1000.000373,1000.000409,1000.000441,1000.000467,1000.000483,1000.000489,1000.000487,1000.000481,1000.000470,1000.000458,1000.000446,1000.000434,1000.000422,1000.000410,1000.000402,1000.000397,1000.000393,1000.000390,1000.000388,1000.000387,1000.000386,1000.000386,1000.000386,1000.000387,1000.000388,1000.000390,1000.000393,1000.000397,1000.000402,1000.000410,1000.000422,1000.000434,1000.000446,1000.000458,1000.000470,1000.000481,1000.000487,1000.000489,1000.000483,1000.000467,1000.000441,1000.000409,1000.000373,1000.000334,1000.000294,1000.000253,1000.000211,1000.000163,1000.000112,0.000000,0.000000,0.000000,0.000000,0.000000,0.000000,0.000000,0.000000,0.000000,0.000000,0.000000,0.000000,0.000000,0.000000,0.000000,0.000000,0.000000,0.000000,0.000000,0.000000,0.000000,0.000000,0.000000,0.000000
0.000000,0.000000,0.000000,0.000000,0.000000,0.000000,0.000000,0.000000,0.000000,0.000000,0.000000,0.000000,0.000000,0.000000,0.000000,0.000000,0.000000,0.000000,0.000000,0.000000,0.000000,0.000000,0.000000,1000.000135,1000.000190,1000.000237,1000.000283,1000.000327,1000.000369,1000.000408,1000.000442,1000.000469,1000.000485,1000.000490,1000.000484,1000.000472,1000.000457,1000.000441,1000.000425,1000.000409,1000.000396,1000.000384,1000.000373,1000.000362,1000.000354,1000.000348,1000.000343,1000.000340,1000.000337,1000.000335,1000.000334,1000.000334,1000.000334,1000.000335,1000.000337,1000.000340,1000.000343,1000.000348,1000.000354,1000.000362,1000.000373,1000.000384,1000.000396,1000.000409,1000.000425,1000.000441,1000.000457,1000.000472,1000.000484,1000.000490,1000.000485,1000.000469,1000.000442,1000.000408,1000.000369,1000.000327,1000.000283,1000.000237,1000.000190,1000.000135,0.000000,0.000000,0.000000,0.000000,0.000000,0.000000,0.000000,0.000000,0.000000,0.000000,0.000000,0.000000,0.000000,0.000000,0.000000,0.000000,0.000000,0.000000,0.000000,0.000000,0.000000,0.000000,0.000000
0.000000,0.000000,0.000000,0.000000,0.000000,0.000000,0.000000,0.000000,0.000000,0.000000,0.000000,0.000000,0.000000,0.000000,0.000000,0.000000,0.000000,0.000000,0.000000,0.000000,0.000000,1000.000100,1000.000157,1000.000211,1000.000260,1000.000309,1000.000357,1000.000401,1000.000438,1000.000467,1000.000485,1000.000490,1000.000484,1000.000469,1000.000450,1000.000429,1000.000409,1000.000392,1000.000376,1000.000361,1000.000348,1000.000336,1000.000325,1000.000315,1000.000307,1000.000300,1000.000295,1000.000291,1000.000288,1000.000286,1000.000284,1000.000284,1000.000284,1000.000286,1000.000288,1000.000291,1000.000295,1000.000300,1000.000307,1000.000315,1000.000325,1000.000336,1000.000348,1000.000361,1000.000376,1000.000392,1000.000409,1000.000429,1000.000450,1000.000469,1000.000484,1000.000490,1000.000485,1000.000467,1000.000438,1000.000401,1000.000357,1000.000309,1000.000260,1000.000211,1000.000157,1000.000100,0.000000,0.000000,0.000000,0.000000,0.000000,0.000000,0.000000,0.000000,0.000000,0.000000,0.000000,0.000000,0.000000,0.000000,0.000000,0.000000,0.000000,0.000000,0.000000,0.000000,0.000000
0.000000,0.000000,0.000000,0.000000,0.000000,0.000000,0.000000,0.000000,0.000000,0.000000,0.000000,0.000000,0.000000,0.000000,0.000000,0.000000,0.000000,0.000000,0.000000,0.000000,1000.000116,1000.000176,1000.000228,1000.000278,1000.000329,1000.000380,1000.000426,1000.000461,1000.000483,1000.000490,1000.000484,1000.000469,1000.000448,1000.000425,1000.000403,1000.000381,1000.000363,1000.000346,1000.000330,1000.000315,1000.000302,1000.000289,1000.000278,1000.000269,1000.000260,1000.000253,1000.000248,1000.000243,1000.000240,1000.000237,1000.000236,1000.000236,1000.000236,1000.000237,1000.000240,1000.000243,1000.000248,1000.000253,1000.000260,1000.000269,1000.000278,1000.000289,1000.000302,1000.000315,1000.000330,1000.000346,1000.000363,1000.000381,1000.000403,1000.000425,1000.000448,1000.000469,1000.000484,1000.000490,1000.000483,1000.000461,1000.000426,1000.000380,1000.000329,1000.000278,1000.000228,1000.000176,1000.000116,0.000000,0.000000,0.000000,0.000000,0.000000,0.000000,0.000000,0.000000,0.000000,0.000000,0.000000,0.000000,0.000000,0.000000,0.000000,0.000000,0.000000,0.000000,0.000000,0.000000
0.000000,0.000000,0.000000,0.000000,0.000000,0.000000,0.000000,0.000000,0.000000,0.000000,0.000000,0.000000,0.000000,0.000000,0.000000,0.000000,0.000000,0.000000,0.000000,1000.000130,1000.000191,1000.000244,1000.000295,1000.000347,1000.000397,1000.000442,1000.000475,1000.000488,1000.000484,1000.000470,1000.000449,1000.000425,1000.000401,1000.000378,1000.000356,1000.000337,1000.000318,1000.000301,1000.000284,1000.000269,1000.000256,1000.000244,1000.000233,1000.000223,1000.000215,1000.000207,1000.000202,1000.000197,1000.000193,1000.000191,1000.000189,1000.000189,1000.000189,1000.000191,1000.000193,1000.000197,1000.000202,1000.000207,1000.000215,1000.000223,1000.000233,1000.000244,1000.000256,1000.000269,1000.000284,1000.000301,1000.000318,1000.000337,1000.000356,1000.000378,1000.000401,1000.000425,1000.000449,1000.000470,1000.000484,1000.000488,1000.000475,1000.000442,1000.000397,1000.000347,1000.000295,1000.000244,1000.000191,1000.000130,0.000000,0.000000,0.000000,0.000000,0.000000,0.000000,0.000000,0.000000,0.000000,0.000000,0.000000,0.000000,0.000000,0.000000,0.000000,0.000000,0.000000,0.000000,0.000000
0.000000,0.000000,0.000000,0.000000,0.000000,0.000000,0.000000,0.000000,0.000000,0.000000,0.000000,0.000000,0.000000,0.000000,0.000000,0.000000,0.000000,0.000000,1000.000138,1000.000201,1000.000257,1000.000311,1000.000364,1000.000413,1000.000453,1000.000482,1000.000489,1000.000475,1000.000453,1000.000428,1000.000403,1000.000378,1000.000355,1000.000333,1000.000312,1000.000292,1000.000273,1000.000256,1000.000240,1000.000225,1000.000212,1000.000199,1000.000188,1000.000178,1000.000170,1000.000163,1000.000157,1000.000152,1000.000148,1000.000145,1000.000144,1000.000143,1000.000144,1000.000145,1000.000148,1000.000152,1000.000157,1000.000163,1000.000170,1000.000178,1000.000188,1000.000199,1000.000212,1000.000225,1000.000240,1000.000256,1000.000273,1000.000292,1000.000312,1000.000333,1000.000355,1000.000378,1000.000403,1000.000428,1000.000453,1000.000475,1000.000489,1000.000482,1000.000453,1000.000413,1000.000364,1000.000311,1000.000257,1000.000201,1000.000138,0.000000,0.000000,0.000000,0.000000,0.000000,0.000000,0.000000,0.000000,0.000000,0.000000,0.000000,0.000000,0.000000,0.000000,0.000000,0.000000,0.000000,0.000000
0.000000,0.000000,0.000000,0.000000,0.000000,0.000000,0.000000,0.000000,0.000000,0.000000,0.000000,0.000000,0.000000,0.000000,0.000000,0.000000,0.000000,1000.000142,1000.000208,1000.000265,1000.000322,1000.000379,1000.000428,1000.000466,1000.000487,1000.000488,1000.000469,1000.000441,1000.000411,1000.000384,1000.000359,1000.000335,1000.000312,1000.000290,1000.000269,1000.000249,1000.000230,1000.000213,1000.000197,1000.000182,1000.000168,1000.000156,1000.000145,1000.000135,1000.000127,1000.000119,1000.000113,1000.000108,1000.000104,1000.000101,1000.000100,1000.000099,1000.000100,1000.000101,1000.000104,1000.000108,1000.000113,1000.000119,1000.000127,1000.000135,1000.000145,1000.000156,1000.000168,1000.000182,1000.000197,1000.000213,1000.000230,1000.000249,1000.000269,1000.000290,1000.000312,1000.000335,1000.000359,1000.000384,1000.000411,1000.000441,1000.000469,1000.000488,1000.000487,1000.000466,1000.000428,1000.000379,1000.000322,1000.000265,1000.000208,1000.000142,0.000000,0.000000,0.000000,0.000000,0.000000,0.000000,0.000000,0.000000,0.000000,0.000000,0.000000,0.000000,0.000000,0.000000,0.000000,0.000000,0.000000
0.000000,0.000000,0.000000,0.000000,0.000000,0.000000,0.000000,0.000000,0.000000,0.000000,0.000000,0.000000,0.000000,0.000000,0.000000,0.000000,1000.000143,1000.000211,1000.000270,1000.000328,1000.000386,1000.000438,1000.000475,1000.000488,1000.000482,1000.000461,1000.000431,1000.000399,1000.000369,1000.000342,1000.000317,1000.000293,1000.000269,1000.000247,1000.000226,1000.000207,1000.000188,1000.000171,1000.000155,1000.000140,1000.000126,1000.000114,1000.000103,1000.000093,1000.000084,1000.000077,1000.000071,1000.000065,1000.000062,1000.000059,1000.000057,1000.000057,1000.000057,1000.000059,1000.000062,1000.000065,1000.000071,1000.000077,1000.000084,1000.000093,1000.000103,1000.000114,1000.000126,1000.000140,1000.000155,1000.000171,1000.000188,1000.000207,1000.000226,1000.000247,1000.000269,1000.000293,1000.000317,1000.000342,1000.000369,1000.000399,1000.000431,1000.000461,1000.000482,1000.000488,1000.000475,1000.000438,1000.000386,1000.000328,1000.000270,1000.000211,1000.000143,0.000000,0.000000,0.000000,0.000000,0.000000,0.000000,0.000000,0.000000,0.000000,0.000000,0.000000,0.000000,0.000000,0.000000,0.000000,0.000000
0.000000,0.000000,0.000000,0.000000,0.000000,0.000000,0.000000,0.000000,0.000000,0.000000,0.000000,0.000000,0.000000,0.000000,0.000000,1000.000142,1000.000211,1000.000271,1000.000331,1000.000390,1000.000442,1000.000479,1000.000488,1000.000475,1000.000450,1000.000420,1000.000388,1000.000357,1000.000329,1000.000302,1000.000276,1000.000251,1000.000228,1000.000206,1000.000185,1000.000166,1000.000147,1000.000130,1000.000114,1000.000099,1000.000085,1000.000073,1000.000062,1000.000052,1000.000043,1000.000036,1000.000029,1000.000024,1000.000020,1000.000017,1000.000016,1000.000015,1000.000016,1000.000017,1000.000020,1000.000024,1000.000029,1000.000036,1000.000043,1000.000052,1000.000062,1000.000073,1000.000085,1000.000099,1000.000114,1000.000130,1000.000147,1000.000166,1000.000185,1000.000206,1000.000228,1000.000251,1000.000276,1000.000302,1000.000329,1000.000357,1000.000388,1000.000420,1000.000450,1000.000475,1000.000488,1000.000479,1000.000442,1000.000390,1000.000331,1000.000271,1000.000211,1000.000142,0.000000,0.000000,0.000000,0.000000,0.000000,0.000000,0.000000,0.000000,0.000000,0.000000,0.000000,0.000000,0.000000,0.000000,0.000000
0.000000,0.000000,0.000000,0.000000,0.000000,0.000000,0.000000,0.000000,0.000000,0.000000,0.000000,0.000000,0.000000,0.000000,1000.000138,1000.000208,1000.000270,1000.000331,1000.000391,1000.000444,1000.000480,1000.000489,1000.000471,1000.000442,1000.000409,1000.000377,1000.000347,1000.000318,1000.000290,1000.000262,1000.000236,1000.000212,1000.000189,1000.000166,1000.000145,1000.000126,1000.000107,1000.000090,1000.000074,1000.000059,1000.000045,1000.000033,1000.000022,1000.000012,1000.000003,999.999996,999.999989,999.999984,999.999980,999.999977,999.999975,999.999975,999.999975,999.999977,999.999980,999.999984,999.999989,999.999996,1000.000003,1000.000012,1000.000022,1000.000033,1000.000045,1000.000059,1000.000074,1000.000090,1000.000107,1000.000126,1000.000145,1000.000166,1000.000189,1000.000212,1000.000236,1000.000262,1000.000290,1000.000318,1000.000347,1000.000377,1000.000409,1000.000442,1000.000471,1000.000489,1000.000480,1000.000444,1000.000391,1000.000331,1000.000270,1000.000208,1000.000138,0.000000,0.000000,0.000000,0.000000,0.000000,0.000000,0.000000,0.000000,0.000000,0.000000,0.000000,0.000000,0.000000,0.000000
0.000000,0.000000,0.000000,0.000000,0.000000,0.000000,0.000000,0.000000,0.000000,0.000000,0.000000,0.000000,0.000000,1000.000130,1000.000201,1000.000265,1000.000328,1000.000390,1000.000444,1000.000481,1000.000489,1000.000470,1000.000438,1000.000403,1000.000369,1000.000338,1000.000308,1000.000279,1000.000250,1000.000223,1000.000198,1000.000173,1000.000150,1000.000128,1000.000107,1000.000087,1000.000069,1000.000051,1000.000035,1000.000020,1000.000007,999.999994,999.999983,999.999973,999.999964,999.999957,999.999950,999.999945,999.999941,999.999938,999.999936,999.999936,999.999936,999.999938,999.999941,999.999945,999.999950,999.999957,999.999964,999.999973,999.999983,999.999994,1000.000007,1000.000020,1000.000035,1000.000051,1000.000069,1000.000087,1000.000107,1000.000128,1000.000150,1000.000173,1000.000198,1000.000223,1000.000250,1000.000279,1000.000308,1000.000338,1000.000369,1000.000403,1000.000438,1000.000470,1000.000489,1000.000481,1000.000444,1000.000390,1000.000328,1000.000265,1000.000201,1000.000130,0.000000,0.000000,0.000000,0.000000,0.000000,0.000000,0.000000,0.000000,0.000000,0.000000,0.000000,0.000000,0.000000
0.000000,0.000000,0.000000,0.000000,0.000000,0.000000,0.000000,0.000000,0.000000,0.000000,0.000000,0.000000,1000.000116,1000.000191,1000.000257,1000.000322,1000.000386,1000.000442,1000.000480,1000.000489,1000.000470,1000.000437,1000.000400,1000.000364,1000.000332,1000.000301,1000.000270,1000.000241,1000.000213,1000.000186,1000.000160,1000.000136,1000.000112,1000.000090,1000.000069,1000.000050,1000.000031,1000.000014,999.999998,999.999983,999.999969,999.999957,999.999946,999.999936,999.999927,999.999919,999.999913,999.999907,999.999903,999.999900,999.999899,999.999898,999.999899,999.999900,999.999903,999.999907,999.999913,999.999919,999.999927,999.999936,999.999946,999.999957,999.999969,999.999983,999.999998,1000.000014,1000.000031,1000.000050,1000.000069,1000.000090,1000.000112,1000.000136,1000.000160,1000.000186,1000.000213,1000.000241,1000.000270,1000.000301,1000.000332,1000.000364,1000.000400,1000.000437,1000.000470,1000.000489,1000.000480,1000.000442,1000.000386,1000.000322,1000.000257,1000.000191,1000.000116,0.000000,0.000000,0.000000,0.000000,0.000000,0.000000,0.000000,0.000000,0.000000,0.000000,0.000000,0.000000
0.000000,0.000000,0.000000,0.000000,0.000000,0.000000,0.000000,0.000000,0.000000,0.000000,0.000000,1000.000100,1000.000176,1000.000244,1000.000311,1000.000379,1000.000438,1000.000479,1000.000489,1000.000470,1000.000437,1000.000399,1000.000362,1000.000329,1000.000297,1000.000264,1000.000234,1000.000205,1000.000177,1000.000150,1000.000124,1000.000099,1000.000076,1000.000054,1000.000033,1000.000013,999.999995,999.999978,999.999962,999.999947,999.999933,999.999921,999.999909,999.999899,999.999890,999.999883,999.999876,999.999871,999.999867,999.999864,999.999862,999.999862,999.999862,999.999864,999.999867,999.999871,999.999876,999.999883,999.999890,999.999899,999.999909,999.999921,999.999933,999.999947,999.999962,999.999978,999.999995,1000.000013,1000.000033,1000.000054,1000.000076,1000.000099,1000.000124,1000.000150,1000.000177,1000.000205,1000.000234,1000.000264,1000.000297,1000.000329,1000.000362,1000.000399,1000.000437,1000.000470,1000.000489,1000.000479,1000.000438,1000.000379,1000.000311,1000.000244,1000.000176,1000.000100,0.000000,0.000000,0.000000,0.000000,0.000000,0.000000,0.000000,0.000000,0.000000,0.000000,0.000000
0.000000,0.000000,0.000000,0.000000,0.000000,0.000000,0.000000,0.000000,0.000000,0.000000,0.000000,1000.000157,1000.000228,1000.000295,1000.000364,1000.000428,1000.000475,1000.000488,1000.000471,1000.000438,1000.000400,1000.000362,1000.000328,1000.000294,1000.000261,1000.000229,1000.000199,1000.000170,1000.000141,1000.000114,1000.000089,1000.000064,1000.000041,1000.000019,999.999998,999.999978,999.999960,999.999942,999.999926,999.999912,999.999898,999.999885,999.999874,999.999864,999.999855,999.999848,999.999841,999.999836,999.999832,999.999829,999.999827,999.999826,999.999827,999.999829,999.999832,999.999836,999.999841,999.999848,999.999855,999.999864,999.999874,999.999885,999.999898,999.999912,999.999926,999.999942,999.999960,999.999978,999.999998,1000.000019,1000.000041,1000.000064,1000.000089,1000.000114,1000.000141,1000.000170,1000.000199,1000.000229,1000.000261,1000.000294,1000.000328,1000.000362,1000.000400,1000.000438,1000.000471,1000.000488,1000.000475,1000.000428,1000.000364,1000.000295,1000.000228,1000.000157,0.000000,0.000000,0.000000,0.000000,0.000000,0.000000,0.000000,0.000000,0.000000,0.000000,0.000000
0.000000,0.000000,0.000000,0.000000,0.000000,0.000000,0.000000,0.000000,0.000000,0.000000,1000.000135,1000.000211,1000.000278,1000.000347,1000.000413,1000.000466,1000.000488,1000.000475,1000.000442,1000.000403,1000.000364,1000.000329,1000.000294,1000.000260,1000.000227,1000.000195,1000.000165,1000.000135,1000.000107,1000.000080,1000.000055,1000.000030,1000.000007,999.999985,999.999964,999.999944,999.999926,999.999909,999.999892,999.999878,999.999864,999.999851,999.999840,999.999830,999.999821,999.999814,999.999807,999.999802,999.999798,999.999795,999.999793,999.999792,999.999793,999.999795,999.999798,999.999802,999.999807,999.999814,999.999821,999.999830,999.999840,999.999851,999.999864,999.999878,999.999892,999.999909,999.999926,999.999944,999.999964,999.999985,1000.000007,1000.000030,1000.000055,1000.000080,1000.000107,1000.000135,1000.000165,1000.000195,1000.000227,1000.000260,1000.000294,1000.000329,1000.000364,1000.000403,1000.000442,1000.000475,1000.000488,1000.000466,1000.000413,1000.000347,1000.000278,1000.000211,1000.000135,0.000000,0.000000,0.000000,0.000000,0.000000,0.000000,0.000000,0.000000,0.000000,0.000000
0.000000,0.000000,0.000000,0.000000,0.000000,0.000000,0.000000,0.000000,0.000000,1000.000112,1000.000190,1000.000260,1000.000329,1000.000397,1000.000453,1000.000487,1000.000482,1000.000450,1000.000409,1000.000369,1000.000332,1000.000297,1000.000261,1000.000227,1000.000194,1000.000162,1000.000132,1000.000103,1000.000075,1000.000048,1000.000022,999.999997,999.999974,999.999952,999.999931,999.999912,999.999893,999.999876,999.999860,999.999845,999.999831,999.999819,999.999807,999.999797,999.999788,999.999781,999.999774,999.999769,999.999765,999.999762,999.999760,999.999759,999.999760,999.999762,999.999765,999.999769,999.999774,999.999781,999.999788,999.999797,999.999807,999.999819,999.999831,999.999845,999.999860,999.999876,999.999893,999.999912,999.999931,999.999952,999.999974,999.999997,1000.000022,1000.000048,1000.000075,1000.000103,1000.000132,1000.000162,1000.000194,1000.000227,1000.000261,1000.000297,1000.000332,1000.000369,1000.000409,1000.000450,1000.000482,1000.000487,1000.000453,1000.000397,1000.000329,1000.000260,1000.000190,1000.000112,0.000000,0.000000,0.000000,0.000000,0.000000,0.000000,0.000000,0.000000,0.000000
0.000000,0.000000,0.000000,0.000000,0.000000,0.000000,0.000000,0.000000,0.000000,1000.000163,1000.000237,1000.000309,1000.000380,1000.000442,1000.000482,1000.000488,1000.000461,1000.000420,1000.000377,1000.000338,1000.000301,1000.000264,1000.000229,1000.000195,1000.000162,1000.000131,1000.000100,1000.000071,1000.000043,1000.000016,999.999990,999.999966,999.999943,999.999921,999.999900,999.999880,999.999862,999.999844,999.999828,999.999813,999.999800,999.999787,999.999776,999.999766,999.999757,999.999749,999.999743,999.999737,999.999733,999.999730,999.999728,999.999728,999.999728,999.999730,999.999733,999.999737,999.999743,999.999749,999.999757,999.999766,999.999776,999.999787,999.999800,999.999813,999.999828,999.999844,999.999862,999.999880,999.999900,999.999921,999.999943,999.999966,999.999990,1000.000016,1000.000043,1000.000071,1000.000100,1000.000131,1000.000162,1000.000195,1000.000229,1000.000264,1000.000301,1000.000338,1000.000377,1000.000420,1000.000461,1000.000488,1000.000482,1000.000442,1000.000380,1000.000309,1000.000237,1000.000163,0.000000,0.000000,0.000000,0.000000,0.000000,0.000000,0.000000,0.000000,0.000000
0.000000,0.000000,0.000000,0.000000,0.000000,0.000000,0.000000,0.000000,1000.000130,1000.000211,1000.000283,1000.000357,1000.000426,1000.000475,1000.000489,1000.000469,1000.000431,1000.000388,1000.000347,1000.000308,1000.000270,1000.000234,1000.000199,1000.000165,1000.000132,1000.000100,1000.000070,1000.000041,1000.000012,999.999986,999.999960,999.999936,999.999912,999.999890,999.999869,999.999850,999.999831,999.999814,999.999798,999.999783,999.999769,999.999757,999.999745,999.999735,999.999726,999.999719,999.999712,999.999707,999.999703,999.999700,999.999698,999.999697,999.999698,999.999700,999.999703,999.999707,999.999712,999.999719,999.999726,999.999735,999.999745,999.999757,999.999769,999.999783,999.999798,999.999814,999.999831,999.999850,999.999869,999.999890,999.999912,999.999936,999.999960,999.999986,1000.000012,1000.000041,1000.000070,1000.000100,1000.000132,1000.000165,1000.000199,1000.000234,1000.000270,1000.000308,1000.000347,1000.000388,1000.000431,1000.000469,1000.000489,1000.000475,1000.000426,1000.000357,1000.000283,1000.000211,1000.000130,0.000000,0.000000,0.000000,0.000000,0.000000,0.000000,0.000000,0.000000
0.000000,0.000000,0.000000,0.000000,0.000000,0.000000,0.000000,0.000000,1000.000176,1000.000253,1000.000327,1000.000401,1000.000461,1000.000488,1000.000475,1000.000441,1000.000399,1000.000357,1000.000318,1000.000279,1000.000241,1000.000205,1000.000170,1000.000135,1000.000103,1000.000071,1000.000041,1000.000011,999.999983,999.999956,999.999931,999.999906,999.999883,999.999861,999.999840,999.999820,999.999802,999.999785,999.999769,999.999754,999.999740,999.999727,999.999716,999.999706,999.999697,999.999689,999.999683,999.999678,999.999673,999.999670,999.999669,999.999668,999.999669,999.999670,999.999673,999.999678,999.999683,999.999689,999.999697,999.999706,999.999716,999.999727,999.999740,999.999754,999.999769,999.999785,999.999802,999.999820,999.999840,999.999861,999.999883,999.999906,999.999931,999.999956,999.999983,1000.000011,1000.000041,1000.000071,1000.000103,1000.000135,1000.000170,1000.000205,1000.000241,1000.000279,1000.000318,1000.000357,1000.000399,1000.000441,1000.000475,1000.000488,1000.000461,1000.000401,1000.000327,1000.000253,1000.000176,0.000000,0.000000,0.000000,0.000000,0.000000,0.000000,0.000000,0.000000
0.000000,0.000000,0.000000,0.000000,0.000000,0.000000,0.000000,1000.000137,1000.000220,1000.000294,1000.000369,1000.000438,1000.000483,1000.000484,1000.000453,1000.000411,1000.000369,1000.000329,1000.000290,1000.000250,1000.000213,1000.000177,1000.000141,1000.000107,1000.000075,1000.000043,1000.000012,999.999983,999.999955,999.999928,999.999903,999.999878,999.999855,999.999833,999.999812,999.999792,999.999774,999.999757,999.999741,999.999726,999.999712,999.999699,999.999688,999.999678,999.999669,999.999661,999.999655,999.999650,999.999645,999.999642,999.999641,999.999640,999.999641,999.999642,999.999645,999.999650,999.999655,999.999661,999.999669,999.999678,999.999688,999.999699,999.999712,999.999726,999.999741,999.999757,999.999774,999.999792,999.999812,999.999833,999.999855,999.999878,999.999903,999.999928,999.999955,999.999983,1000.000012,1000.000043,1000.000075,1000.000107,1000.000141,1000.000177,1000.000213,1000.000250,1000.000290,1000.000329,1000.000369,1000.000411,1000.000453,1000.000484,1000.000483,1000.000438,1000.000369,1000.000294,1000.000220,1000.000137,0.000000,0.000000,0.000000,0.000000,0.000000,0.000000,0.000000
0.000000,0.000000,0.000000,0.000000,0.000000,0.000000,0.000000,1000.000180,1000.000258,1000.000334,1000.000408,1000.000467,1000.000490,1000.000470,1000.000428,1000.000384,1000.000342,1000.000302,1000.000262,1000.000223,1000.000186,1000.000150,1000.000114,1000.000080,1000.000048,1000.000016,999.999986,999.999956,999.999928,999.999902,999.999876,999.999851,999.999828,999.999806,999.999785,999.999766,999.999747,999.999730,999.999714,999.999699,999.999685,999.999673,999.999661,999.999651,999.999642,999.999635,999.999628,999.999623,999.999618,999.999616,999.999614,999.999613,999.999614,999.999616,999.999618,999.999623,999.999628,999.999635,999.999642,999.999651,999.999661,999.999673,999.999685,999.999699,999.999714,999.999730,999.999747,999.999766,999.999785,999.999806,999.999828,999.999851,999.999876,999.999902,999.999928,999.999956,999.999986,1000.000016,1000.000048,1000.000080,1000.000114,1000.000150,1000.000186,1000.000223,1000.000262,1000.000302,1000.000342,1000.000384,1000.000428,1000.000470,1000.000490,1000.000467,1000.000408,1000.000334,1000.000258,1000.000180,0.000000,0.000000,0.000000,0.000000,0.000000,0.000000,0.000000
0.000000,0.000000,0.000000,0.000000,0.000000,0.000000,1000.000138,1000.000222,1000.000297,1000.000373,1000.000442,1000.000485,1000.000484,1000.000449,1000.000403,1000.000359,1000.000317,1000.000276,1000.000236,1000.000198,1000.000160,1000.000124,1000.000089,1000.000055,1000.000022,999.999990,999.999960,999.999931,999.999903,999.999876,999.999850,999.999826,999.999803,999.999780,999.999760,999.999740,999.999721,999.999704,999.999688,999.999673,999.999659,999.999647,999.999636,999.999626,999.999617,999.999609,999.999602,999.999597,999.999593,999.999590,999.999588,999.999587,999.999588,999.999590,999.999593,999.999597,999.999602,999.999609,999.999617,999.999626,999.999636,999.999647,999.999659,999.999673,999.999688,999.999704,999.999721,999.999740,999.999760,999.999780,999.999803,999.999826,999.999850,999.999876,999.999903,999.999931,999.999960,999.999990,1000.000022,1000.000055,1000.000089,1000.000124,1000.000160,1000.000198,1000.000236,1000.000276,1000.000317,1000.000359,1000.000403,1000.000449,1000.000484,1000.000485,1000.000442,1000.000373,1000.000297,1000.000222,1000.000138,0.000000,0.000000,0.000000,0.000000,0.000000,0.000000
0.000000,0.000000,0.000000,0.000000,0.000000,0.000000,1000.000178,1000.000257,1000.000334,1000.000409,1000.000469,1000.000490,1000.000469,1000.000425,1000.000378,1000.000335,1000.000293,1000.000251,1000.000212,1000.000173,1000.000136,1000.000099,1000.000064,1000.000030,999.999997,999.999966,999.999936,999.999906,999.999878,999.999851,999.999826,999.999801,999.999778,999.999756,999.999735,999.999716,999.999697,999.999680,999.999664,999.999649,999.999635,999.999623,999.999611,999.999601,999.999592,999.999584,999.999578,999.999573,999.999568,999.999565,999.999564,999.999563,999.999564,999.999565,999.999568,999.999573,999.999578,999.999584,999.999592,999.999601,999.999611,999.999623,999.999635,999.999649,999.999664,999.999680,999.999697,999.999716,999.999735,999.999756,999.999778,999.999801,999.999826,999.999851,999.999878,999.999906,999.999936,999.999966,999.999997,1000.000030,1000.000064,1000.000099,1000.000136,1000.000173,1000.000212,1000.000251,1000.000293,1000.000335,1000.000378,1000.000425,1000.000469,1000.000490,1000.000469,1000.000409,1000.000334,1000.000257,1000.000178,0.000000,0.000000,0.000000,0.000000,0.000000,0.000000
0.000000,0.000000,0.000000,0.000000,0.000000,1000.000132,1000.000216,1000.000293,1000.000371,1000.000441,1000.000485,1000.000484,1000.000448,1000.000401,1000.000355,1000.000312,1000.000269,1000.000228,1000.000189,1000.000150,1000.000112,1000.000076,1000.000041,1000.000007,999.999974,999.999943,999.999912,999.999883,999.999855,999.999828,999.999803,999.999778,999.999755,999.999733,999.999712,999.999692,999.999674,999.999656,999.999640,999.999626,999.999612,999.999599,999.999588,999.999578,999.999569,999.999561,999.999555,999.999549,999.999545,999.999542,999.999540,999.999540,999.999540,999.999542,999.999545,999.999549,999.999555,999.999561,999.999569,999.999578,999.999588,999.999599,999.999612,999.999626,999.999640,999.999656,999.999674,999.999692,999.999712,999.999733,999.999755,999.999778,999.999803,999.999828,999.999855,999.999883,999.999912,999.999943,999.999974,1000.000007,1000.000041,1000.000076,1000.000112,1000.000150,1000.000189,1000.000228,1000.000269,1000.000312,1000.000355,1000.000401,1000.000448,1000.000484,1000.000485,1000.000441,1000.000371,1000.000293,1000.000216,1000.000132,0.000000,0.000000,0.000000,0.000000,0.000000
0.000000,0.000000,0.000000,0.000000,0.000000,1000.000167,1000.000249,1000.000328,1000.000405,1000.000467,1000.000490,1000.000469,1000.000425,1000.000378,1000.000333,1000.000290,1000.000247,1000.000206,1000.000166,1000.000128,1000.000090,1000.000054,1000.000019,999.999985,999.999952,999.999921,999.999890,999.999861,999.999833,999.999806,999.999780,999.999756,999.999733,999.999711,999.999690,999.999670,999.999652,999.999634,999.999618,999.999603,999.999590,999.999577,999.999566,999.999556,999.999547,999.999539,999.999533,999.999527,999.999523,999.999520,999.999518,999.999518,999.999518,999.999520,999.999523,999.999527,999.999533,999.999539,999.999547,999.999556,999.999566,999.999577,999.999590,999.999603,999.999618,999.999634,999.999652,999.999670,999.999690,999.999711,999.999733,999.999756,999.999780,999.999806,999.999833,999.999861,999.999890,999.999921,999.999952,999.999985,1000.000019,1000.000054,1000.000090,1000.000128,1000.000166,1000.000206,1000.000247,1000.000290,1000.000333,1000.000378,1000.000425,1000.000469,1000.000490,1000.000467,1000.000405,1000.000328,1000.000249,1000.000167,0.000000,0.000000,0.000000,0.000000,0.000000
0.000000,0.000000,0.000000,0.000000,1000.000115,1000.000201,1000.000280,1000.000361,1000.000435,1000.000483,1000.000484,1000.000450,1000.000403,1000.000356,1000.000312,1000.000269,1000.000226,1000.000185,1000.000145,1000.000107,1000.000069,1000.000033,999.999998,999.999964,999.999931,999.999900,999.999869,999.999840,999.999812,999.999785,999.999760,999.999735,999.999712,999.999690,999.999669,999.999649,999.999631,999.999614,999.999597,999.999583,999.999569,999.999556,999.999545,999.999535,999.999526,999.999518,999.999512,999.999506,999.999502,999.999499,999.999497,999.999497,999.999497,999.999499,999.999502,999.999506,999.999512,999.999518,999.999526,999.999535,999.999545,999.999556,999.999569,999.999583,999.999597,999.999614,999.999631,999.999649,999.999669,999.999690,999.999712,999.999735,999.999760,999.999785,999.999812,999.999840,999.999869,999.999900,999.999931,999.999964,999.999998,1000.000033,1000.000069,1000.000107,1000.000145,1000.000185,1000.000226,1000.000269,1000.000312,1000.000356,1000.000403,1000.000450,1000.000484,1000.000483,1000.000435,1000.000361,1000.000280,1000.000201,1000.000115,0.000000,0.000000,0.000000,0.000000
0.000000,0.000000,0.000000,0.000000,1000.000147,1000.000230,1000.000309,1000.000390,1000.000459,1000.000489,1000.000472,1000.000429,1000.000381,1000.000337,1000.000292,1000.000249,1000.000207,1000.000166,1000.000126,1000.000087,1000.000050,1000.000013,999.999978,999.999944,999.999912,999.999880,999.999850,999.999820,999.999792,999.999766,999.999740,999.999716,999.999692,999.999670,999.999649,999.999630,999.999611,999.999594,999.999578,999.999563,999.999549,999.999537,999.999525,999.999515,999.999506,999.999499,999.999492,999.999487,999.999482,999.999479,999.999478,999.999477,999.999478,999.999479,999.999482,999.999487,999.999492,999.999499,999.999506,999.999515,999.999525,999.999537,999.999549,999.999563,999.999578,999.999594,999.999611,999.999630,999.999649,999.999670,999.999692,999.999716,999.999740,999.999766,999.999792,999.999820,999.999850,999.999880,999.999912,999.999944,999.999978,1000.000013,1000.000050,1000.000087,1000.000126,1000.000166,1000.000207,1000.000249,1000.000292,1000.000337,1000.000381,1000.000429,1000.000472,1000.000489,1000.000459,1000.000390,1000.000309,1000.000230,1000.000147,0.000000,0.000000,0.000000,0.000000
