0.000000,0.000000,0.000000,0.000000,0.000000,0.000000,0.000000,0.000000,0.000000,0.000000,0.000000,0.000000,0.000000,0.000000,0.000000,0.000000,0.000000,0.000000,0.000000,0.000000,0.000000,0.000000,0.000000,0.000000,0.000000,0.000000,0.000000,0.000000,0.000000,0.000000,0.000000,0.000000,0.000000,0.000000,0.000000,0.000000,0.000000,0.000000,0.000000,0.000000,0.000000,0.000000,0.000000,0.000000,0.000000,0.000000,0.000000,0.000000,0.000000,0.000000,0.000000,0.000000,0.000000,0.000000,0.000000,0.000000,0.000000,0.000000,0.000000,0.000000,0.000000,0.000000,0.000000,0.000000,0.000000,0.000000,0.000000,0.000000,0.000000,0.000000,0.000000,0.000000,0.000000,0.000000,0.000000,0.000000,0.000000,0.000000,0.000000,0.000000,0.000000,0.000000,0.000000,0.000000,0.000000,0.000000,0.000000,0.000000,0.000000,0.000000,0.000000,0.000000,0.000000,0.000000,0.000000,0.000000,0.000000,0.000000,0.000000,0.000000,0.000000,0.000000,0.000000
0.000000,0.000000,0.000000,0.000000,0.000000,0.000000,0.000000,0.000000,0.000000,0.000000,0.000000,0.000000,0.000000,0.000000,0.000000,0.000000,0.000000,0.000000,0.000000,0.000000,0.000000,0.000000,0.000000,0.000000,0.000000,0.000000,0.000000,0.000000,0.000000,0.000000,0.000000,0.000000,0.000000,0.000000,0.000000,0.000000,0.000000,0.000000,0.000000,0.000000,0.000000,0.000000,0.000000,0.000000,0.000000,0.000000,0.000000,0.000000,0.000000,0.000000,0.000000,1000.000063,0.000000,0.000000,0.000000,0.000000,0.000000,0.000000,0.000000,0.000000,0.000000,0.000000,0.000000,0.000000,0.000000,0.000000,0.000000,0.000000,0.000000,0.000000,0.000000,0.000000,0.000000,0.000000,0.000000,0.000000,0.000000,0.000000,0.000000,0.000000,0.000000,0.000000,0.000000,0.000000,0.000000,0.000000,0.000000,0.000000,0.000000,0.000000,0.000000,0.000000,0.000000,0.000000,0.000000,0.000000,0.000000,0.000000,0.000000,0.000000,0.000000,0.000000,0.000000
0.000000,0.000000,0.000000,0.000000,0.000000,0.000000,0.000000,0.000000,0.000000,0.000000,0.000000,0.000000,0.000000,0.000000,0.000000,0.000000,0.000000,0.000000,0.000000,0.000000,0.000000,0.000000,0.000000,0.000000,0.000000,0.000000,0.000000,0.000000,0.000000,0.000000,0.000000,0.000000,0.000000,0.000000,0.000000,0.000000,0.000000,0.000000,0.000000,0.000000,0.000000,0.000000,1000.000116,1000.000135,1000.000144,1000.000149,1000.000152,1000.000153,1000.000153,1000.000152,1000.000151,1000.000156,1000.000151,1000.000152,1000.000153,1000.000153,1000.000152,1000.000149,1000.000144,1000.000135,1000.000116,0.000000,0.000000,0.000000,0.000000,0.000000,0.000000,0.000000,0.000000,0.000000,0.000000,0.000000,0.000000,0.000000,0.000000,0.000000,0.000000,0.000000,0.000000,0.000000,0.000000,0.000000,0.000000,0.000000,0.000000,0.000000,0.000000,0.000000,0.000000,0.000000,0.000000,0.000000,0.000000,0.000000,0.000000,0.000000,0.000000,0.000000,0.000000,0.000000,0.000000,0.000000,0.000000
0.000000,0.000000,0.000000,0.000000,0.000000,0.000000,0.000000,0.000000,0.000000,0.000000,0.000000,0.000000,0.000000,0.000000,0.000000,0.000000,0.000000,0.000000,0.000000,0.000000,0.000000,0.000000,0.000000,0.000000,0.000000,0.000000,0.000000,0.000000,0.000000,0.000000,0.000000,0.000000,0.000000,0.000000,0.000000,0.000000,0.000000,1000.000111,1000.000139,1000.000161,1000.000179,1000.000194,1000.000207,1000.000219,1000.000229,1000.000235,1000.000239,1000.000241,1000.000241,1000.000242,1000.000241,1000.000242,1000.000241,1000.000242,1000.000241,1000.000241,1000.000239,1000.000235,1000.000229,1000.000219,1000.000207,1000.000194,1000.000179,1000.000161,1000.000139,1000.000111,0.000000,0.000000,0.000000,0.000000,0.000000,0.000000,0.000000,0.000000,0.000000,0.000000,0.000000,0.000000,0.000000,0.000000,0.000000,0.000000,0.000000,0.000000,0.000000,0.000000,0.000000,0.000000,0.000000,0.000000,0.000000,0.000000,0.000000,0.000000,0.000000,0.000000,0.000000,0.000000,0.000000,0.000000,0.000000,0.000000,0.000000
0.000000,0.000000,0.000000,0.000000,0.000000,0.000000,0.000000,0.000000,0.000000,0.000000,0.000000,0.000000,0.000000,0.000000,0.000000,0.000000,0.000000,0.000000,0.000000,0.000000,0.000000,0.000000,0.000000,0.000000,0.000000,0.000000,0.000000,0.000000,0.000000,0.000000,0.000000,0.000000,0.000000,0.000000,1000.000116,1000.000148,1000.000174,1000.000201,1000.000223,1000.000244,1000.000263,1000.000279,1000.000294,1000.000306,1000.000315,1000.000320,1000.000324,1000.000326,1000.000327,1000.000327,1000.000328,1000.000327,1000.000328,1000.000327,1000.000327,1000.000326,1000.000324,1000.000320,1000.000315,1000.000306,1000.000294,1000.000279,1000.000263,1000.000244,1000.000223,1000.000201,1000.000174,1000.000148,1000.000116,0.000000,0.000000,0.000000,0.000000,0.000000,0.000000,0.000000,0.000000,0.000000,0.000000,0.000000,0.000000,0.000000,0.000000,0.000000,0.000000,0.000000,0.000000,0.000000,0.000000,0.000000,0.000000,0.000000,0.000000,0.000000,0.000000,0.000000,0.000000,0.000000,0.000000,0.000000,0.000000,0.000000,0.000000
0.000000,0.000000,0.000000,0.000000,0.000000,0.000000,0.000000,0.000000,0.000000,0.000000,0.000000,0.000000,0.000000,0.000000,0.000000,0.000000,0.000000,0.000000,0.000000,0.000000,0.000000,0.000000,0.000000,0.000000,0.000000,0.000000,0.000000,0.000000,0.000000,0.000000,0.000000,0.000000,1000.000133,1000.000168,1000.000203,1000.000231,1000.000257,1000.000283,1000.000306,1000.000326,1000.000345,1000.000364,1000.000380,1000.000392,1000.000400,1000.000405,1000.000407,1000.000409,1000.000409,1000.000410,1000.000410,1000.000410,1000.000410,1000.000410,1000.000409,1000.000409,1000.000407,1000.000405,1000.000400,1000.000392,1000.000380,1000.000364,1000.000345,1000.000326,1000.000306,1000.000283,1000.000257,1000.000231,1000.000203,1000.000168,1000.000133,0.000000,0.000000,0.000000,0.000000,0.000000,0.000000,0.000000,0.000000,0.000000,0.000000,0.000000,0.000000,0.000000,0.000000,0.000000,0.000000,0.000000,0.000000,0.000000,0.000000,0.000000,0.000000,0.000000,0.000000,0.000000,0.000000,0.000000,0.000000,0.000000,0.000000,0.000000,0.000000
0.000000,0.000000,0.000000,0.000000,0.000000,0.000000,0.000000,0.000000,0.000000,0.000000,0.000000,0.000000,0.000000,0.000000,0.000000,0.000000,0.000000,0.000000,0.000000,0.000000,0.000000,0.000000,0.000000,0.000000,0.000000,0.000000,0.000000,0.000000,0.000000,0.000000,1000.000139,1000.000179,1000.000218,1000.000251,1000.000282,1000.000311,1000.000339,1000.000366,1000.000388,1000.000408,1000.000425,1000.000440,1000.000454,1000.000463,1000.000467,1000.000470,1000.000471,1000.000472,1000.000472,1000.000472,1000.000472,1000.000472,1000.000472,1000.000472,1000.000472,1000.000472,1000.000471,1000.000470,1000.000467,1000.000463,1000.000454,1000.000440,1000.000425,1000.000408,1000.000388,1000.000366,1000.000339,1000.000311,1000.000282,1000.000251,1000.000218,1000.000179,1000.000139,0.000000,0.000000,0.000000,0.000000,0.000000,0.000000,0.000000,0.000000,0.000000,0.000000,0.000000,0.000000,0.000000,0.000000,0.000000,0.000000,0.000000,0.000000,0.000000,0.000000,0.000000,0.000000,0.000000,0.000000,0.000000,0.000000,0.000000,0.000000,0.000000,0.000000
0.000000,0.000000,0.000000,0.000000,0.000000,0.000000,0.000000,0.000000,0.000000,0.000000,0.000000,0.000000,0.000000,0.000000,0.000000,0.000000,0.000000,0.000000,0.000000,0.000000,0.000000,0.000000,0.000000,0.000000,0.000000,0.000000,0.000000,0.000000,1000.000138,1000.000181,1000.000223,1000.000259,1000.000295,1000.000330,1000.000363,1000.000393,1000.000419,1000.000441,1000.000460,1000.000472,1000.000480,1000.000486,1000.000487,1000.000486,1000.000485,1000.000484,1000.000484,1000.000483,1000.000482,1000.000482,1000.000482,1000.000482,1000.000482,1000.000482,1000.000482,1000.000483,1000.000484,1000.000484,1000.000485,1000.000486,1000.000487,1000.000486,1000.000480,1000.000472,1000.000460,1000.000441,1000.000419,1000.000393,1000.000363,1000.000330,1000.000295,1000.000259,1000.000223,1000.000181,1000.000138,0.000000,0.000000,0.000000,0.000000,0.000000,0.000000,0.000000,0.000000,0.000000,0.000000,0.000000,0.000000,0.000000,0.000000,0.000000,0.000000,0.000000,0.000000,0.000000,0.000000,0.000000,0.000000,0.000000,0.000000,0.000000,0.000000,0.000000,0.000000
0.000000,0.000000,0.000000,0.000000,0.000000,0.000000,0.000000,0.000000,0.000000,0.000000,0.000000,0.000000,0.000000,0.000000,0.000000,0.000000,0.000000,0.000000,0.000000,0.000000,0.000000,0.000000,0.000000,0.000000,0.000000,0.000000,1000.000131,1000.000178,1000.000222,1000.000260,1000.000299,1000.000336,1000.000373,1000.000408,1000.000438,1000.000462,1000.000477,1000.000487,1000.000491,1000.000490,1000.000487,1000.000480,1000.000470,1000.000460,1000.000453,1000.000449,1000.000447,1000.000445,1000.000444,1000.000443,1000.000443,1000.000442,1000.000443,1000.000443,1000.000444,1000.000445,1000.000447,1000.000449,1000.000453,1000.000460,1000.000470,1000.000480,1000.000487,1000.000490,1000.000491,1000.000487,1000.000477,1000.000462,1000.000438,1000.000408,1000.000373,1000.000336,1000.000299,1000.000260,1000.000222,1000.000178,1000.000131,0.000000,0.000000,0.000000,0.000000,0.000000,0.000000,0.000000,0.000000,0.000000,0.000000,0.000000,0.000000,0.000000,0.000000,0.000000,0.000000,0.000000,0.000000,0.000000,0.000000,0.000000,0.000000,0.000000,0.000000,0.000000,0.000000
0.000000,0.000000,0.000000,0.000000,0.000000,0.000000,0.000000,0.000000,0.000000,0.000000,0.000000,0.000000,0.000000,0.000000,0.000000,0.000000,0.000000,0.000000,0.000000,0.000000,0.000000,0.000000,0.000000,0.000000,1000.000113,1000.000164,1000.000212,1000.000254,1000.000296,1000.000336,1000.000376,1000.000412,1000.000444,1000.000470,1000.000486,1000.000492,1000.000490,1000.000484,1000.000473,1000.000461,1000.000449,1000.000437,1000.000425,1000.000413,1000.000404,1000.000399,1000.000395,1000.000393,1000.000391,1000.000389,1000.000389,1000.000388,1000.000389,1000.000389,1000.000391,1000.000393,1000.000395,1000.000399,1000.000404,1000.000413,1000.000425,1000.000437,1000.000449,1000.000461,1000.000473,1000.000484,1000.000490,1000.000492,1000.000486,1000.000470,1000.000444,1000.000412,1000.000376,1000.000336,1000.000296,1000.000254,1000.000212,1000.000164,1000.000113,0.000000,0.000000,0.000000,0.000000,0.000000,0.000000,0.000000,0.000000,0.000000,0.000000,0.000000,0.000000,0.000000,0.000000,0.000000,0.000000,0.000000,0.000000,0.000000,0.000000,0.000000,0.000000,0.000000,0.000000
0.000000,0.000000,0.000000,0.000000,0.000000,0.000000,0.000000,0.000000,0.000000,0.000000,0.000000,0.000000,0.000000,0.000000,0.000000,0.000000,0.000000,0.000000,0.000000,0.000000,0.000000,0.000000,0.000000,1000.000136,1000.000192,1000.000239,1000.000285,1000.000329,1000.000372,1000.000411,1000.000445,1000.000472,1000.000488,1000.000493,1000.000488,1000.000475,1000.000460,1000.000444,1000.000427,1000.000412,1000.000399,1000.000387,1000.000375,1000.000365,1000.000356,1000.000350,1000.000345,1000.000342,1000.000339,1000.000337,1000.000336,1000.000336,1000.000336,1000.000337,1000.000339,1000.000342,1000.000345,1000.000350,1000.000356,1000.000365,1000.000375,1000.000387,1000.000399,1000.000412,1000.000427,1000.000444,1000.000460,1000.000475,1000.000488,1000.000493,1000.000488,1000.000472,1000.000445,1000.000411,1000.000372,1000.000329,1000.000285,1000.000239,1000.000192,1000.000136,0.000000,0.000000,0.000000,0.000000,0.000000,0.000000,0.000000,0.000000,0.000000,0.000000,0.000000,0.000000,0.000000,0.000000,0.000000,0.000000,0.000000,0.000000,0.000000,0.000000,0.000000,0.000000,0.000000
0.000000,0.000000,0.000000,0.000000,0.000000,0.000000,0.000000,0.000000,0.000000,0.000000,0.000000,0.000000,0.000000,0.000000,0.000000,0.000000,0.000000,0.000000,0.000000,0.000000,0.000000,1000.000100,1000.000158,1000.000213,1000.000262,1000.000311,1000.000359,1000.000404,1000.000441,1000.000470,1000.000488,1000.000493,1000.000487,1000.000472,1000.000452,1000.000432,1000.000412,1000.000395,1000.000379,1000.000364,1000.000350,1000.000338,1000.000327,1000.000317,1000.000309,1000.000302,1000.000297,1000.000293,1000.000290,1000.000287,1000.000286,1000.000286,1000.000286,1000.000287,1000.000290,1000.000293,1000.000297,1000.000302,1000.000309,1000.000317,1000.000327,1000.000338,1000.000350,1000.000364,1000.000379,1000.000395,1000.000412,1000.000432,1000.000452,1000.000472,1000.000487,1000.000493,1000.000488,1000.000470,1000.000441,1000.000404,1000.000359,1000.000311,1000.000262,1000.000213,1000.000158,1000.000100,0.000000,0.000000,0.000000,0.000000,0.000000,0.000000,0.000000,0.000000,0.000000,0.000000,0.000000,0.000000,0.000000,0.000000,0.000000,0.000000,0.000000,0.000000,0.000000,0.000000,0.000000
0.000000,0.000000,0.000000,0.000000,0.000000,0.000000,0.000000,0.000000,0.000000,0.000000,0.000000,0.000000,0.000000,0.000000,0.000000,0.000000,0.000000,0.000000,0.000000,0.000000,1000.000117,1000.000178,1000.000229,1000.000280,1000.000332,1000.000383,1000.000429,1000.000464,1000.000486,1000.000493,1000.000487,1000.000472,1000.000451,1000.000428,1000.000405,1000.000384,1000.000365,1000.000348,1000.000332,1000.000317,1000.000304,1000.000291,1000.000280,1000.000270,1000.000262,1000.000255,1000.000249,1000.000245,1000.000241,1000.000239,1000.000238,1000.000237,1000.000238,1000.000239,1000.000241,1000.000245,1000.000249,1000.000255,1000.000262,1000.000270,1000.000280,1000.000291,1000.000304,1000.000317,1000.000332,1000.000348,1000.000365,1000.000384,1000.000405,1000.000428,1000.000451,1000.000472,1000.000487,1000.000493,1000.000486,1000.000464,1000.000429,1000.000383,1000.000332,1000.000280,1000.000229,1000.000178,1000.000117,0.000000,0.000000,0.000000,0.000000,0.000000,0.000000,0.000000,0.000000,0.000000,0.000000,0.000000,0.000000,0.000000,0.000000,0.000000,0.000000,0.000000,0.000000,0.000000,0.000000
0.000000,0.000000,0.000000,0.000000,0.000000,0.000000,0.000000,0.000000,0.000000,0.000000,0.000000,0.000000,0.000000,0.000000,0.000000,0.000000,0.000000,0.000000,0.000000,1000.000130,1000.000192,1000.000246,1000.000297,1000.000349,1000.000399,1000.000445,1000.000478,1000.000491,1000.000488,1000.000473,1000.000452,1000.000428,1000.000403,1000.000380,1000.000359,1000.000339,1000.000320,1000.000302,1000.000286,1000.000271,1000.000258,1000.000245,1000.000234,1000.000224,1000.000216,1000.000209,1000.000203,1000.000198,1000.000194,1000.000192,1000.000191,1000.000190,1000.000191,1000.000192,1000.000194,1000.000198,1000.000203,1000.000209,1000.000216,1000.000224,1000.000234,1000.000245,1000.000258,1000.000271,1000.000286,1000.000302,1000.000320,1000.000339,1000.000359,1000.000380,1000.000403,1000.000428,1000.000452,1000.000473,1000.000488,1000.000491,1000.000478,1000.000445,1000.000399,1000.000349,1000.000297,1000.000246,1000.000192,1000.000130,0.000000,0.000000,0.000000,0.000000,0.000000,0.000000,0.000000,0.000000,0.000000,0.000000,0.000000,0.000000,0.000000,0.000000,0.000000,0.000000,0.000000,0.000000,0.000000
0.000000,0.000000,0.000000,0.000000,0.000000,0.000000,0.000000,0.000000,0.000000,0.000000,0.000000,0.000000,0.000000,0.000000,0.000000,0.000000,0.000000,0.000000,1000.000139,1000.000203,1000.000259,1000.000313,1000.000367,1000.000415,1000.000456,1000.000485,1000.000492,1000.000478,1000.000456,1000.000431,1000.000405,1000.000381,1000.000357,1000.000335,1000.000314,1000.000294,1000.000275,1000.000258,1000.000241,1000.000227,1000.000213,1000.000201,1000.000190,1000.000180,1000.000171,1000.000164,1000.000158,1000.000153,1000.000149,1000.000146,1000.000145,1000.000144,1000.000145,1000.000146,1000.000149,1000.000153,1000.000158,1000.000164,1000.000171,1000.000180,1000.000190,1000.000201,1000.000213,1000.000227,1000.000241,1000.000258,1000.000275,1000.000294,1000.000314,1000.000335,1000.000357,1000.000381,1000.000405,1000.000431,1000.000456,1000.000478,1000.000492,1000.000485,1000.000456,1000.000415,1000.000367,1000.000313,1000.000259,1000.000203,1000.000139,0.000000,0.000000,0.000000,0.000000,0.000000,0.000000,0.000000,0.000000,0.000000,0.000000,0.000000,0.000000,0.000000,0.000000,0.000000,0.000000,0.000000,0.000000
0.000000,0.000000,0.000000,0.000000,0.000000,0.000000,0.000000,0.000000,0.000000,0.000000,0.000000,0.000000,0.000000,0.000000,0.000000,0.000000,0.000000,1000.000143,1000.000209,1000.000267,1000.000324,1000.000381,1000.000431,1000.000469,1000.000490,1000.000491,1000.000472,1000.000444,1000.000414,1000.000386,1000.000361,1000.000337,1000.000314,1000.000292,1000.000270,1000.000250,1000.000232,1000.000214,1000.000198,1000.000183,1000.000169,1000.000157,1000.000146,1000.000136,1000.000127,1000.000120,1000.000114,1000.000109,1000.000105,1000.000102,1000.000100,1000.000100,1000.000100,1000.000102,1000.000105,1000.000109,1000.000114,1000.000120,1000.000127,1000.000136,1000.000146,1000.000157,1000.000169,1000.000183,1000.000198,1000.000214,1000.000232,1000.000250,1000.000270,1000.000292,1000.000314,1000.000337,1000.000361,1000.000386,1000.000414,1000.000444,1000.000472,1000.000491,1000.000490,1000.000469,1000.000431,1000.000381,1000.000324,1000.000267,1000.000209,1000.000143,0.000000,0.000000,0.000000,0.000000,0.000000,0.000000,0.000000,0.000000,0.000000,0.000000,0.000000,0.000000,0.000000,0.000000,0.000000,0.000000,0.000000
0.000000,0.000000,0.000000,0.000000,0.000000,0.000000,0.000000,0.000000,0.000000,0.000000,0.000000,0.000000,0.000000,0.000000,0.000000,0.000000,1000.000144,1000.000212,1000.000271,1000.000330,1000.000389,1000.000441,1000.000478,1000.000492,1000.000485,1000.000464,1000.000434,1000.000402,1000.000371,1000.000344,1000.000319,1000.000295,1000.000271,1000.000249,1000.000228,1000.000208,1000.000189,1000.000172,1000.000156,1000.000141,1000.000127,1000.000115,1000.000103,1000.000094,1000.000085,1000.000077,1000.000071,1000.000066,1000.000062,1000.000059,1000.000057,1000.000057,1000.000057,1000.000059,1000.000062,1000.000066,1000.000071,1000.000077,1000.000085,1000.000094,1000.000103,1000.000115,1000.000127,1000.000141,1000.000156,1000.000172,1000.000189,1000.000208,1000.000228,1000.000249,1000.000271,1000.000295,1000.000319,1000.000344,1000.000371,1000.000402,1000.000434,1000.000464,1000.000485,1000.000492,1000.000478,1000.000441,1000.000389,1000.000330,1000.000271,1000.000212,1000.000144,0.000000,0.000000,0.000000,0.000000,0.000000,0.000000,0.000000,0.000000,0.000000,0.000000,0.000000,0.000000,0.000000,0.000000,0.000000,0.000000
0.000000,0.000000,0.000000,0.000000,0.000000,0.000000,0.000000,0.000000,0.000000,0.000000,0.000000,0.000000,0.000000,0.000000,0.000000,1000.000143,1000.000212,1000.000273,1000.000333,1000.000393,1000.000445,1000.000482,1000.000492,1000.000478,1000.000453,1000.000423,1000.000391,1000.000359,1000.000331,1000.000304,1000.000278,1000.000253,1000.000230,1000.000208,1000.000187,1000.000167,1000.000148,1000.000131,1000.000114,1000.000100,1000.000086,1000.000073,1000.000062,1000.000052,1000.000043,1000.000036,1000.000029,1000.000024,1000.000020,1000.000017,1000.000016,1000.000015,1000.000016,1000.000017,1000.000020,1000.000024,1000.000029,1000.000036,1000.000043,1000.000052,1000.000062,1000.000073,1000.000086,1000.000100,1000.000114,1000.000131,1000.000148,1000.000167,1000.000187,1000.000208,1000.000230,1000.000253,1000.000278,1000.000304,1000.000331,1000.000359,1000.000391,1000.000423,1000.000453,1000.000478,1000.000492,1000.000482,1000.000445,1000.000393,1000.000333,1000.000273,1000.000212,1000.000143,0.000000,0.000000,0.000000,0.000000,0.000000,0.000000,0.000000,0.000000,0.000000,0.000000,0.000000,0.000000,0.000000,0.000000,0.000000
0.000000,0.000000,0.000000,0.000000,0.000000,0.000000,0.000000,0.000000,0.000000,0.000000,0.000000,0.000000,0.000000,0.000000,1000.000139,1000.000209,1000.000271,1000.000333,1000.000394,1000.000447,1000.000483,1000.000492,1000.000474,1000.000445,1000.000411,1000.000379,1000.000349,1000.000320,1000.000292,1000.000264,1000.000238,1000.000213,1000.000190,1000.000168,1000.000146,1000.000127,1000.000108,1000.000091,1000.000074,1000.000059,1000.000046,1000.000033,1000.000022,1000.000012,1000.000003,999.999996,999.999989,999.999984,999.999980,999.999977,999.999975,999.999975,999.999975,999.999977,999.999980,999.999984,999.999989,999.999996,1000.000003,1000.000012,1000.000022,1000.000033,1000.000046,1000.000059,1000.000074,1000.000091,1000.000108,1000.000127,1000.000146,1000.000168,1000.000190,1000.000213,1000.000238,1000.000264,1000.000292,1000.000320,1000.000349,1000.000379,1000.000411,1000.000445,1000.000474,1000.000492,1000.000483,1000.000447,1000.000394,1000.000333,1000.000271,1000.000209,1000.000139,0.000000,0.000000,0.000000,0.000000,0.000000,0.000000,0.000000,0.000000,0.000000,0.000000,0.000000,0.000000,0.000000,0.000000
0.000000,0.000000,0.000000,0.000000,0.000000,0.000000,0.000000,0.000000,0.000000,0.000000,0.000000,0.000000,0.000000,1000.000130,1000.000203,1000.000267,1000.000330,1000.000393,1000.000447,1000.000484,1000.000492,1000.000473,1000.000441,1000.000405,1000.000371,1000.000340,1000.000310,1000.000281,1000.000252,1000.000225,1000.000199,1000.000174,1000.000151,1000.000128,1000.000107,1000.000088,1000.000069,1000.000052,1000.000036,1000.000021,1000.000007,999.999994,999.999983,999.999973,999.999964,999.999956,999.999950,999.999945,999.999941,999.999938,999.999936,999.999935,999.999936,999.999938,999.999941,999.999945,999.999950,999.999956,999.999964,999.999973,999.999983,999.999994,1000.000007,1000.000021,1000.000036,1000.000052,1000.000069,1000.000088,1000.000107,1000.000128,1000.000151,1000.000174,1000.000199,1000.000225,1000.000252,1000.000281,1000.000310,1000.000340,1000.000371,1000.000405,1000.000441,1000.000473,1000.000492,1000.000484,1000.000447,1000.000393,1000.000330,1000.000267,1000.000203,1000.000130,0.000000,0.000000,0.000000,0.000000,0.000000,0.000000,0.000000,0.000000,0.000000,0.000000,0.000000,0.000000,0.000000
0.000000,0.000000,0.000000,0.000000,0.000000,0.000000,0.000000,0.000000,0.000000,0.000000,0.000000,0.000000,1000.000117,1000.000192,1000.000259,1000.000324,1000.000389,1000.000445,1000.000483,1000.000492,1000.000473,1000.000440,1000.000403,1000.000367,1000.000334,1000.000303,1000.000272,1000.000242,1000.000214,1000.000187,1000.000161,1000.000137,1000.000113,1000.000091,1000.000070,1000.000050,1000.000031,1000.000014,999.999998,999.999983,999.999969,999.999957,999.999945,999.999935,999.999926,999.999919,999.999912,999.999907,999.999903,999.999900,999.999898,999.999897,999.999898,999.999900,999.999903,999.999907,999.999912,999.999919,999.999926,999.999935,999.999945,999.999957,999.999969,999.999983,999.999998,1000.000014,1000.000031,1000.000050,1000.000070,1000.000091,1000.000113,1000.000137,1000.000161,1000.000187,1000.000214,1000.000242,1000.000272,1000.000303,1000.000334,1000.000367,1000.000403,1000.000440,1000.000473,1000.000492,1000.000483,1000.000445,1000.000389,1000.000324,1000.000259,1000.000192,1000.000117,0.000000,0.000000,0.000000,0.000000,0.000000,0.000000,0.000000,0.000000,0.000000,0.000000,0.000000,0.000000
0.000000,0.000000,0.000000,0.000000,0.000000,0.000000,0.000000,0.000000,0.000000,0.000000,0.000000,1000.000100,1000.000178,1000.000246,1000.000313,1000.000381,1000.000441,1000.000482,1000.000492,1000.000473,1000.000440,1000.000402,1000.000365,1000.000331,1000.000299,1000.000266,1000.000235,1000.000206,1000.000178,1000.000151,1000.000125,1000.000100,1000.000077,1000.000054,1000.000033,1000.000013,999.999995,999.999977,999.999961,999.999946,999.999933,999.999920,999.999909,999.999899,999.999890,999.999882,999.999875,999.999870,999.999866,999.999863,999.999861,999.999861,999.999861,999.999863,999.999866,999.999870,999.999875,999.999882,999.999890,999.999899,999.999909,999.999920,999.999933,999.999946,999.999961,999.999977,999.999995,1000.000013,1000.000033,1000.000054,1000.000077,1000.000100,1000.000125,1000.000151,1000.000178,1000.000206,1000.000235,1000.000266,1000.000299,1000.000331,1000.000365,1000.000402,1000.000440,1000.000473,1000.000492,1000.000482,1000.000441,1000.000381,1000.000313,1000.000246,1000.000178,1000.000100,0.000000,0.000000,0.000000,0.000000,0.000000,0.000000,0.000000,0.000000,0.000000,0.000000,0.000000
0.000000,0.000000,0.000000,0.000000,0.000000,0.000000,0.000000,0.000000,0.000000,0.000000,0.000000,1000.000158,1000.000229,1000.000297,1000.000367,1000.000431,1000.000478,1000.000492,1000.000474,1000.000441,1000.000403,1000.000365,1000.000330,1000.000296,1000.000263,1000.000230,1000.000200,1000.000171,1000.000142,1000.000115,1000.000089,1000.000065,1000.000041,1000.000019,999.999998,999.999978,999.999960,999.999942,999.999926,999.999911,999.999897,999.999885,999.999873,999.999863,999.999854,999.999847,999.999840,999.999835,999.999831,999.999828,999.999826,999.999825,999.999826,999.999828,999.999831,999.999835,999.999840,999.999847,999.999854,999.999863,999.999873,999.999885,999.999897,999.999911,999.999926,999.999942,999.999960,999.999978,999.999998,1000.000019,1000.000041,1000.000065,1000.000089,1000.000115,1000.000142,1000.000171,1000.000200,1000.000230,1000.000263,1000.000296,1000.000330,1000.000365,1000.000403,1000.000441,1000.000474,1000.000492,1000.000478,1000.000431,1000.000367,1000.000297,1000.000229,1000.000158,0.000000,0.000000,0.000000,0.000000,0.000000,0.000000,0.000000,0.000000,0.000000,0.000000,0.000000
0.000000,0.000000,0.000000,0.000000,0.000000,0.000000,0.000000,0.000000,0.000000,0.000000,1000.000136,1000.000213,1000.000280,1000.000349,1000.000415,1000.000469,1000.000492,1000.000478,1000.000445,1000.000405,1000.000367,1000.000331,1000.000296,1000.000261,1000.000228,1000.000196,1000.000166,1000.000136,1000.000108,1000.000081,1000.000055,1000.000030,1000.000007,999.999985,999.999964,999.999944,999.999925,999.999908,999.999892,999.999877,999.999863,999.999850,999.999839,999.999829,999.999820,999.999812,999.999806,999.999800,999.999796,999.999793,999.999792,999.999791,999.999792,999.999793,999.999796,999.999800,999.999806,999.999812,999.999820,999.999829,999.999839,999.999850,999.999863,999.999877,999.999892,999.999908,999.999925,999.999944,999.999964,999.999985,1000.000007,1000.000030,1000.000055,1000.000081,1000.000108,1000.000136,1000.000166,1000.000196,1000.000228,1000.000261,1000.000296,1000.000331,1000.000367,1000.000405,1000.000445,1000.000478,1000.000492,1000.000469,1000.000415,1000.000349,1000.000280,1000.000213,1000.000136,0.000000,0.000000,0.000000,0.000000,0.000000,0.000000,0.000000,0.000000,0.000000,0.000000
0.000000,0.000000,0.000000,0.000000,0.000000,0.000000,0.000000,0.000000,0.000000,1000.000113,1000.000192,1000.000262,1000.000332,1000.000399,1000.000456,1000.000490,1000.000485,1000.000453,1000.000411,1000.000371,1000.000334,1000.000299,1000.000263,1000.000228,1000.000195,1000.000164,1000.000133,1000.000103,1000.000075,1000.000048,1000.000022,999.999997,999.999974,999.999952,999.999931,999.999911,999.999892,999.999875,999.999859,999.999844,999.999830,999.999817,999.999806,999.999796,999.999787,999.999779,999.999773,999.999767,999.999763,999.999760,999.999758,999.999758,999.999758,999.999760,999.999763,999.999767,999.999773,999.999779,999.999787,999.999796,999.999806,999.999817,999.999830,999.999844,999.999859,999.999875,999.999892,999.999911,999.999931,999.999952,999.999974,999.999997,1000.000022,1000.000048,1000.000075,1000.000103,1000.000133,1000.000164,1000.000195,1000.000228,1000.000263,1000.000299,1000.000334,1000.000371,1000.000411,1000.000453,1000.000485,1000.000490,1000.000456,1000.000399,1000.000332,1000.000262,1000.000192,1000.000113,0.000000,0.000000,0.000000,0.000000,0.000000,0.000000,0.000000,0.000000,0.000000
0.000000,0.000000,0.000000,0.000000,0.000000,0.000000,0.000000,0.000000,0.000000,1000.000164,1000.000239,1000.000311,1000.000383,1000.000445,1000.000485,1000.000491,1000.000464,1000.000423,1000.000379,1000.000340,1000.000303,1000.000266,1000.000230,1000.000196,1000.000164,1000.000132,1000.000101,1000.000071,1000.000043,1000.000016,999.999990,999.999966,999.999942,999.999920,999.999899,999.999879,999.999861,999.999843,999.999827,999.999812,999.999798,999.999786,999.999774,999.999764,999.999755,999.999747,999.999741,999.999736,999.999731,999.999728,999.999727,999.999726,999.999727,999.999728,999.999731,999.999736,999.999741,999.999747,999.999755,999.999764,999.999774,999.999786,999.999798,999.999812,999.999827,999.999843,999.999861,999.999879,999.999899,999.999920,999.999942,999.999966,999.999990,1000.000016,1000.000043,1000.000071,1000.000101,1000.000132,1000.000164,1000.000196,1000.000230,1000.000266,1000.000303,1000.000340,1000.000379,1000.000423,1000.000464,1000.000491,1000.000485,1000.000445,1000.000383,1000.000311,1000.000239,1000.000164,0.000000,0.000000,0.000000,0.000000,0.000000,0.000000,0.000000,0.000000,0.000000
0.000000,0.000000,0.000000,0.000000,0.000000,0.000000,0.000000,0.000000,1000.000131,1000.000212,1000.000285,1000.000359,1000.000429,1000.000478,1000.000492,1000.000472,1000.000434,1000.000391,1000.000349,1000.000310,1000.000272,1000.000235,1000.000200,1000.000166,1000.000133,1000.000101,1000.000070,1000.000041,1000.000013,999.999986,999.999960,999.999935,999.999912,999.999889,999.999868,999.999849,999.999830,999.999813,999.999796,999.999781,999.999768,999.999755,999.999744,999.999734,999.999725,999.999717,999.999710,999.999705,999.999701,999.999698,999.999696,999.999695,999.999696,999.999698,999.999701,999.999705,999.999710,999.999717,999.999725,999.999734,999.999744,999.999755,999.999768,999.999781,999.999796,999.999813,999.999830,999.999849,999.999868,999.999889,999.999912,999.999935,999.999960,999.999986,1000.000013,1000.000041,1000.000070,1000.000101,1000.000133,1000.000166,1000.000200,1000.000235,1000.000272,1000.000310,1000.000349,1000.000391,1000.000434,1000.000472,1000.000492,1000.000478,1000.000429,1000.000359,1000.000285,1000.000212,1000.000131,0.000000,0.000000,0.000000,0.000000,0.000000,0.000000,0.000000,0.000000
0.000000,0.000000,0.000000,0.000000,0.000000,0.000000,0.000000,0.000000,1000.000178,1000.000254,1000.000329,1000.000404,1000.000464,1000.000491,1000.000478,1000.000444,1000.000402,1000.000359,1000.000320,1000.000281,1000.000242,1000.000206,1000.000171,1000.000136,1000.000103,1000.000071,1000.000041,1000.000011,999.999983,999.999956,999.999930,999.999906,999.999882,999.999860,999.999839,999.999819,999.999801,999.999783,999.999767,999.999752,999.999738,999.999726,999.999714,999.999704,999.999695,999.999687,999.999681,999.999675,999.999671,999.999668,999.999666,999.999666,999.999666,999.999668,999.999671,999.999675,999.999681,999.999687,999.999695,999.999704,999.999714,999.999726,999.999738,999.999752,999.999767,999.999783,999.999801,999.999819,999.999839,999.999860,999.999882,999.999906,999.999930,999.999956,999.999983,1000.000011,1000.000041,1000.000071,1000.000103,1000.000136,1000.000171,1000.000206,1000.000242,1000.000281,1000.000320,1000.000359,1000.000402,1000.000444,1000.000478,1000.000491,1000.000464,1000.000404,1000.000329,1000.000254,1000.000178,0.000000,0.000000,0.000000,0.000000,0.000000,0.000000,0.000000,0.000000
0.000000,0.000000,0.000000,0.000000,0.000000,0.000000,0.000000,1000.000138,1000.000222,1000.000296,1000.000372,1000.000441,1000.000486,1000.000488,1000.000456,1000.000414,1000.000371,1000.000331,1000.000292,1000.000252,1000.000214,1000.000178,1000.000142,1000.000108,1000.000075,1000.000043,1000.000013,999.999983,999.999955,999.999928,999.999902,999.999877,999.999854,999.999832,999.999811,999.999791,999.999772,999.999755,999.999739,999.999724,999.999710,999.999697,999.999686,999.999676,999.999667,999.999659,999.999653,999.999647,999.999643,999.999640,999.999638,999.999638,999.999638,999.999640,999.999643,999.999647,999.999653,999.999659,999.999667,999.999676,999.999686,999.999697,999.999710,999.999724,999.999739,999.999755,999.999772,999.999791,999.999811,999.999832,999.999854,999.999877,999.999902,999.999928,999.999955,999.999983,1000.000013,1000.000043,1000.000075,1000.000108,1000.000142,1000.000178,1000.000214,1000.000252,1000.000292,1000.000331,1000.000371,1000.000414,1000.000456,1000.000488,1000.000486,1000.000441,1000.000372,1000.000296,1000.000222,1000.000138,0.000000,0.000000,0.000000,0.000000,0.000000,0.000000,0.000000
0.000000,0.000000,0.000000,0.000000,0.000000,0.000000,0.000000,1000.000181,1000.000260,1000.000336,1000.000411,1000.000470,1000.000493,1000.000473,1000.000431,1000.000386,1000.000344,1000.000304,1000.000264,1000.000225,1000.000187,1000.000151,1000.000115,1000.000081,1000.000048,1000.000016,999.999986,999.999956,999.999928,999.999901,999.999875,999.999850,999.999827,999.999805,999.999784,999.999764,999.999745,999.999728,999.999712,999.999697,999.999683,999.999670,999.999659,999.999649,999.999640,999.999632,999.999626,999.999620,999.999616,999.999613,999.999611,999.999611,999.999611,999.999613,999.999616,999.999620,999.999626,999.999632,999.999640,999.999649,999.999659,999.999670,999.999683,999.999697,999.999712,999.999728,999.999745,999.999764,999.999784,999.999805,999.999827,999.999850,999.999875,999.999901,999.999928,999.999956,999.999986,1000.000016,1000.000048,1000.000081,1000.000115,1000.000151,1000.000187,1000.000225,1000.000264,1000.000304,1000.000344,1000.000386,1000.000431,1000.000473,1000.000493,1000.000470,1000.000411,1000.000336,1000.000260,1000.000181,0.000000,0.000000,0.000000,0.000000,0.000000,0.000000,0.000000
0.000000,0.000000,0.000000,0.000000,0.000000,0.000000,1000.000139,1000.000223,1000.000299,1000.000376,1000.000445,1000.000488,1000.000487,1000.000452,1000.000405,1000.000361,1000.000319,1000.000278,1000.000238,1000.000199,1000.000161,1000.000125,1000.000089,1000.000055,1000.000022,999.999990,999.999960,999.999930,999.999902,999.999875,999.999849,999.999825,999.999801,999.999779,999.999758,999.999738,999.999720,999.999702,999.999686,999.999671,999.999657,999.999645,999.999633,999.999623,999.999614,999.999606,999.999600,999.999594,999.999590,999.999587,999.999585,999.999585,999.999585,999.999587,999.999590,999.999594,999.999600,999.999606,999.999614,999.999623,999.999633,999.999645,999.999657,999.999671,999.999686,999.999702,999.999720,999.999738,999.999758,999.999779,999.999801,999.999825,999.999849,999.999875,999.999902,999.999930,999.999960,999.999990,1000.000022,1000.000055,1000.000089,1000.000125,1000.000161,1000.000199,1000.000238,1000.000278,1000.000319,1000.000361,1000.000405,1000.000452,1000.000487,1000.000488,1000.000445,1000.000376,1000.000299,1000.000223,1000.000139,0.000000,0.000000,0.000000,0.000000,0.000000,0.000000
0.000000,0.000000,0.000000,0.000000,0.000000,0.000000,1000.000179,1000.000259,1000.000336,1000.000412,1000.000472,1000.000493,1000.000472,1000.000428,1000.000381,1000.000337,1000.000295,1000.000253,1000.000213,1000.000174,1000.000137,1000.000100,1000.000065,1000.000030,999.999997,999.999966,999.999935,999.999906,999.999877,999.999850,999.999825,999.999800,999.999777,999.999754,999.999733,999.999714,999.999695,999.999678,999.999661,999.999646,999.999633,999.999620,999.999609,999.999598,999.999590,999.999582,999.999575,999.999570,999.999566,999.999563,999.999561,999.999560,999.999561,999.999563,999.999566,999.999570,999.999575,999.999582,999.999590,999.999598,999.999609,999.999620,999.999633,999.999646,999.999661,999.999678,999.999695,999.999714,999.999733,999.999754,999.999777,999.999800,999.999825,999.999850,999.999877,999.999906,999.999935,999.999966,999.999997,1000.000030,1000.000065,1000.000100,1000.000137,1000.000174,1000.000213,1000.000253,1000.000295,1000.000337,1000.000381,1000.000428,1000.000472,1000.000493,1000.000472,1000.000412,1000.000336,1000.000259,1000.000179,0.000000,0.000000,0.000000,0.000000,0.000000,0.000000
0.000000,0.000000,0.000000,0.000000,0.000000,1000.000133,1000.000218,1000.000295,1000.000373,1000.000444,1000.000488,1000.000487,1000.000451,1000.000403,1000.000357,1000.000314,1000.000271,1000.000230,1000.000190,1000.000151,1000.000113,1000.000077,1000.000041,1000.000007,999.999974,999.999942,999.999912,999.999882,999.999854,999.999827,999.999801,999.999777,999.999753,999.999731,999.999710,999.999690,999.999672,999.999654,999.999638,999.999623,999.999609,999.999597,999.999585,999.999575,999.999566,999.999558,999.999552,999.999546,999.999542,999.999539,999.999537,999.999537,999.999537,999.999539,999.999542,999.999546,999.999552,999.999558,999.999566,999.999575,999.999585,999.999597,999.999609,999.999623,999.999638,999.999654,999.999672,999.999690,999.999710,999.999731,999.999753,999.999777,999.999801,999.999827,999.999854,999.999882,999.999912,999.999942,999.999974,1000.000007,1000.000041,1000.000077,1000.000113,1000.000151,1000.000190,1000.000230,1000.000271,1000.000314,1000.000357,1000.000403,1000.000451,1000.000487,1000.000488,1000.000444,1000.000373,1000.000295,1000.000218,1000.000133,0.000000,0.000000,0.000000,0.000000,0.000000
0.000000,0.000000,0.000000,0.000000,0.000000,1000.000168,1000.000251,1000.000330,1000.000408,1000.000470,1000.000493,1000.000472,1000.000428,1000.000380,1000.000335,1000.000292,1000.000249,1000.000208,1000.000168,1000.000128,1000.000091,1000.000054,1000.000019,999.999985,999.999952,999.999920,999.999889,999.999860,999.999832,999.999805,999.999779,999.999754,999.999731,999.999709,999.999688,999.999668,999.999649,999.999632,999.999616,999.999601,999.999587,999.999574,999.999563,999.999553,999.999544,999.999536,999.999529,999.999524,999.999520,999.999517,999.999515,999.999515,999.999515,999.999517,999.999520,999.999524,999.999529,999.999536,999.999544,999.999553,999.999563,999.999574,999.999587,999.999601,999.999616,999.999632,999.999649,999.999668,999.999688,999.999709,999.999731,999.999754,999.999779,999.999805,999.999832,999.999860,999.999889,999.999920,999.999952,999.999985,1000.000019,1000.000054,1000.000091,1000.000128,1000.000168,1000.000208,1000.000249,1000.000292,1000.000335,1000.000380,1000.000428,1000.000472,1000.000493,1000.000470,1000.000408,1000.000330,1000.000251,1000.000168,0.000000,0.000000,0.000000,0.000000,0.000000
0.000000,0.000000,0.000000,0.000000,1000.000116,1000.000203,1000.000282,1000.000363,1000.000438,1000.000486,1000.000488,1000.000452,1000.000405,1000.000359,1000.000314,1000.000270,1000.000228,1000.000187,1000.000146,1000.000107,1000.000070,1000.000033,999.999998,999.999964,999.999931,999.999899,999.999868,999.999839,999.999811,999.999784,999.999758,999.999733,999.999710,999.999688,999.999667,999.999647,999.999628,999.999611,999.999595,999.999580,999.999566,999.999553,999.999542,999.999532,999.999523,999.999515,999.999508,999.999503,999.999499,999.999496,999.999494,999.999493,999.999494,999.999496,999.999499,999.999503,999.999508,999.999515,999.999523,999.999532,999.999542,999.999553,999.999566,999.999580,999.999595,999.999611,999.999628,999.999647,999.999667,999.999688,999.999710,999.999733,999.999758,999.999784,999.999811,999.999839,999.999868,999.999899,999.999931,999.999964,999.999998,1000.000033,1000.000070,1000.000107,1000.000146,1000.000187,1000.000228,1000.000270,1000.000314,1000.000359,1000.000405,1000.000452,1000.000488,1000.000486,1000.000438,1000.000363,1000.000282,1000.000203,1000.000116,0.000000,0.000000,0.000000,0.000000
0.000000,0.000000,0.000000,0.000000,1000.000148,1000.000231,1000.000311,1000.000393,1000.000462,1000.000492,1000.000475,1000.000432,1000.000384,1000.000339,1000.000294,1000.000250,1000.000208,1000.000167,1000.000127,1000.000088,1000.000050,1000.000013,999.999978,999.999944,999.999911,999.999879,999.999849,999.999819,999.999791,999.999764,999.999738,999.999714,999.999690,999.999668,999.999647,999.999627,999.999609,999.999591,999.999575,999.999560,999.999546,999.999534,999.999522,999.999512,999.999503,999.999495,999.999489,999.999483,999.999479,999.999476,999.999474,999.999474,999.999474,999.999476,999.999479,999.999483,999.999489,999.999495,999.999503,999.999512,999.999522,999.999534,999.999546,999.999560,999.999575,999.999591,999.999609,999.999627,999.999647,999.999668,999.999690,999.999714,999.999738,999.999764,999.999791,999.999819,999.999849,999.999879,999.999911,999.999944,999.999978,1000.000013,1000.000050,1000.000088,1000.000127,1000.000167,1000.000208,1000.000250,1000.000294,1000.000339,1000.000384,1000.000432,1000.000475,1000.000492,1000.000462,1000.000393,1000.000311,1000.000231,1000.000148,0.000000,0.000000,0.000000,0.000000
