0.000000,0.000000,0.000000,0.000000,0.000000,0.000000,0.000000,0.000000,0.000000,0.000000,0.000000,0.000000,0.000000,0.000000,0.000000,0.000000,0.000000,0.000000,0.000000,0.000000,0.000000,0.000000,0.000000,0.000000,0.000000,0.000000,0.000000,0.000000,0.000000,0.000000,0.000000,0.000000,0.000000,0.000000,0.000000,0.000000,0.000000,0.000000,0.000000,0.000000,0.000000,0.000000,0.000000,0.000000,0.000000,0.000000,0.000000,0.000000,0.000000,0.000000,0.000000,0.000000,0.000000,0.000000,0.000000,0.000000,0.000000,0.000000,0.000000,0.000000,0.000000,0.000000,0.000000,0.000000,0.000000,0.000000,0.000000,0.000000,0.000000,0.000000,0.000000,0.000000,0.000000,0.000000,0.000000,0.000000,0.000000,0.000000,0.000000,0.000000,0.000000,0.000000,0.000000,0.000000,0.000000,0.000000,0.000000,0.000000,0.000000,0.000000,0.000000,0.000000,0.000000,0.000000,0.000000,0.000000,0.000000,0.000000,0.000000,0.000000,0.000000,0.000000,0.000000
0.000000,0.000000,0.000000,0.000000,0.000000,0.000000,0.000000,0.000000,0.000000,0.000000,0.000000,0.000000,0.000000,0.000000,0.000000,0.000000,0.000000,0.000000,0.000000,0.000000,0.000000,0.000000,0.000000,0.000000,0.000000,0.000000,0.000000,0.000000,0.000000,0.000000,0.000000,0.000000,0.000000,0.000000,0.000000,0.000000,0.000000,0.000000,0.000000,0.000000,0.000000,0.000000,0.000000,0.000000,0.000000,0.000000,0.000000,0.000000,0.000000,0.000000,0.000000,1000.000068,0.000000,0.000000,0.000000,0.000000,0.000000,0.000000,0.000000,0.000000,0.000000,0.000000,0.000000,0.000000,0.000000,0.000000,0.000000,0.000000,0.000000,0.000000,0.000000,0.000000,0.000000,0.000000,0.000000,0.000000,0.000000,0.000000,0.000000,0.000000,0.000000,0.000000,0.000000,0.000000,0.000000,0.000000,0.000000,0.000000,0.000000,0.000000,0.000000,0.000000,0.000000,0.000000,0.000000,0.000000,0.000000,0.000000,0.000000,0.000000,0.000000,0.000000,0.000000
0.000000,0.000000,0.000000,0.000000,0.000000,0.000000,0.000000,0.000000,0.000000,0.000000,0.000000,0.000000,0.000000,0.000000,0.000000,0.000000,0.000000,0.000000,0.000000,0.000000,0.000000,0.000000,0.000000,0.000000,0.000000,0.000000,0.000000,0.000000,0.000000,0.000000,0.000000,0.000000,0.000000,0.000000,0.000000,0.000000,0.000000,0.000000,0.000000,0.000000,0.000000,0.000000,1000.000125,1000.000145,1000.000156,1000.000161,1000.000164,1000.000165,1000.000165,1000.000164,1000.000163,1000.000168,1000.000163,1000.000164,1000.000165,1000.000165,1000.000164,1000.000161,1000.000156,1000.000145,1000.000125,0.000000,0.000000,0.000000,0.000000,0.000000,0.000000,0.000000,0.000000,0.000000,0.000000,0.000000,0.000000,0.000000,0.000000,0.000000,0.000000,0.000000,0.000000,0.000000,0.000000,0.000000,0.000000,0.000000,0.000000,0.000000,0.000000,0.000000,0.000000,0.000000,0.000000,0.000000,0.000000,0.000000,0.000000,0.000000,0.000000,0.000000,0.000000,0.000000,0.000000,0.000000,0.000000
0.000000,0.000000,0.000000,0.000000,0.000000,0.000000,0.000000,0.000000,0.000000,0.000000,0.000000,0.000000,0.000000,0.000000,0.000000,0.000000,0.000000,0.000000,0.000000,0.000000,0.000000,0.000000,0.000000,0.000000,0.000000,0.000000,0.000000,0.000000,0.000000,0.000000,0.000000,0.000000,0.000000,0.000000,0.000000,0.000000,0.000000,1000.000120,1000.000150,1000.000174,1000.000193,1000.000209,1000.000224,1000.000237,1000.000247,1000.000254,1000.000258,1000.000260,1000.000260,1000.000261,1000.000260,1000.000261,1000.000260,1000.000261,1000.000260,1000.000260,1000.000258,1000.000254,1000.000247,1000.000237,1000.000224,1000.000209,1000.000193,1000.000174,1000.000150,1000.000120,0.000000,0.000000,0.000000,0.000000,0.000000,0.000000,0.000000,0.000000,0.000000,0.000000,0.000000,0.000000,0.000000,0.000000,0.000000,0.000000,0.000000,0.000000,0.000000,0.000000,0.000000,0.000000,0.000000,0.000000,0.000000,0.000000,0.000000,0.000000,0.000000,0.000000,0.000000,0.000000,0.000000,0.000000,0.000000,0.000000,0.000000
0.000000,0.000000,0.000000,0.000000,0.000000,0.000000,0.000000,0.000000,0.000000,0.000000,0.000000,0.000000,0.000000,0.000000,0.000000,0.000000,0.000000,0.000000,0.000000,0.000000,0.000000,0.000000,0.000000,0.000000,0.000000,0.000000,0.000000,0.000000,0.000000,0.000000,0.000000,0.000000,0.000000,0.000000,1000.000125,1000.000160,1000.000188,1000.000216,1000.000241,1000.000263,1000.000284,1000.000301,1000.000317,1000.000330,1000.000340,1000.000346,1000.000350,1000.000352,1000.000353,1000.000353,1000.000353,1000.000353,1000.000353,1000.000353,1000.000353,1000.000352,1000.000350,1000.000346,1000.000340,1000.000330,1000.000317,1000.000301,1000.000284,1000.000263,1000.000241,1000.000216,1000.000188,1000.000160,1000.000125,0.000000,0.000000,0.000000,0.000000,0.000000,0.000000,0.000000,0.000000,0.000000,0.000000,0.000000,0.000000,0.000000,0.000000,0.000000,0.000000,0.000000,0.000000,0.000000,0.000000,0.000000,0.000000,0.000000,0.000000,0.000000,0.000000,0.000000,0.000000,0.000000,0.000000,0.000000,0.000000,0.000000,0.000000
0.000000,0.000000,0.000000,0.000000,0.000000,0.000000,0.000000,0.000000,0.000000,0.000000,0.000000,0.000000,0.000000,0.000000,0.000000,0.000000,0.000000,0.000000,0.000000,0.000000,0.000000,0.000000,0.000000,0.000000,0.000000,0.000000,0.000000,0.000000,0.000000,0.000000,0.000000,0.000000,1000.000143,1000.000182,1000.000219,1000.000249,1000.000277,1000.000305,1000.000330,1000.000352,1000.000373,1000.000392,1000.000410,1000.000423,1000.000432,1000.000436,1000.000439,1000.000441,1000.000441,1000.000442,1000.000442,1000.000442,1000.000442,1000.000442,1000.000441,1000.000441,1000.000439,1000.000436,1000.000432,1000.000423,1000.000410,1000.000392,1000.000373,1000.000352,1000.000330,1000.000305,1000.000277,1000.000249,1000.000219,1000.000182,1000.000143,0.000000,0.000000,0.000000,0.000000,0.000000,0.000000,0.000000,0.000000,0.000000,0.000000,0.000000,0.000000,0.000000,0.000000,0.000000,0.000000,0.000000,0.000000,0.000000,0.000000,0.000000,0.000000,0.000000,0.000000,0.000000,0.000000,0.000000,0.000000,0.000000,0.000000,0.000000,0.000000
0.000000,0.000000,0.000000,0.000000,0.000000,0.000000,0.000000,0.000000,0.000000,0.000000,0.000000,0.000000,0.000000,0.000000,0.000000,0.000000,0.000000,0.000000,0.000000,0.000000,0.000000,0.000000,0.000000,0.000000,0.000000,0.000000,0.000000,0.000000,0.000000,0.000000,1000.000150,1000.000193,1000.000235,1000.000270,1000.000304,1000.000336,1000.000366,1000.000394,1000.000419,1000.000440,1000.000458,1000.000474,1000.000489,1000.000498,1000.000503,1000.000506,1000.000507,1000.000508,1000.000508,1000.000508,1000.000508,1000.000508,1000.000508,1000.000508,1000.000508,1000.000508,1000.000507,1000.000506,1000.000503,1000.000498,1000.000489,1000.000474,1000.000458,1000.000440,1000.000419,1000.000394,1000.000366,1000.000336,1000.000304,1000.000270,1000.000235,1000.000193,1000.000150,0.000000,0.000000,0.000000,0.000000,0.000000,0.000000,0.000000,0.000000,0.000000,0.000000,0.000000,0.000000,0.000000,0.000000,0.000000,0.000000,0.000000,0.000000,0.000000,0.000000,0.000000,0.000000,0.000000,0.000000,0.000000,0.000000,0.000000,0.000000,0.000000,0.000000
0.000000,0.000000,0.000000,0.000000,0.000000,0.000000,0.000000,0.000000,0.000000,0.000000,0.000000,0.000000,0.000000,0.000000,0.000000,0.000000,0.000000,0.000000,0.000000,0.000000,0.000000,0.000000,0.000000,0.000000,0.000000,0.000000,0.000000,0.000000,1000.000149,1000.000196,1000.000241,1000.000280,1000.000318,1000.000356,1000.000391,1000.000423,1000.000451,1000.000475,1000.000495,1000.000508,1000.000517,1000.000523,1000.000525,1000.000524,1000.000522,1000.000522,1000.000521,1000.000520,1000.000520,1000.000519,1000.000519,1000.000519,1000.000519,1000.000519,1000.000520,1000.000520,1000.000521,1000.000522,1000.000522,1000.000524,1000.000525,1000.000523,1000.000517,1000.000508,1000.000495,1000.000475,1000.000451,1000.000423,1000.000391,1000.000356,1000.000318,1000.000280,1000.000241,1000.000196,1000.000149,0.000000,0.000000,0.000000,0.000000,0.000000,0.000000,0.000000,0.000000,0.000000,0.000000,0.000000,0.000000,0.000000,0.000000,0.000000,0.000000,0.000000,0.000000,0.000000,0.000000,0.000000,0.000000,0.000000,0.000000,0.000000,0.000000,0.000000,0.000000
0.000000,0.000000,0.000000,0.000000,0.000000,0.000000,0.000000,0.000000,0.000000,0.000000,0.000000,0.000000,0.000000,0.000000,0.000000,0.000000,0.000000,0.000000,0.000000,0.000000,0.000000,0.000000,0.000000,0.000000,0.000000,0.000000,1000.000142,1000.000192,1000.000239,1000.000281,1000.000322,1000.000363,1000.000403,1000.000440,1000.000472,1000.000497,1000.000514,1000.000525,1000.000529,1000.000528,1000.000524,1000.000517,1000.000506,1000.000496,1000.000489,1000.000484,1000.000482,1000.000480,1000.000479,1000.000478,1000.000477,1000.000477,1000.000477,1000.000478,1000.000479,1000.000480,1000.000482,1000.000484,1000.000489,1000.000496,1000.000506,1000.000517,1000.000524,1000.000528,1000.000529,1000.000525,1000.000514,1000.000497,1000.000472,1000.000440,1000.000403,1000.000363,1000.000322,1000.000281,1000.000239,1000.000192,1000.000142,0.000000,0.000000,0.000000,0.000000,0.000000,0.000000,0.000000,0.000000,0.000000,0.000000,0.000000,0.000000,0.000000,0.000000,0.000000,0.000000,0.000000,0.000000,0.000000,0.000000,0.000000,0.000000,0.000000,0.000000,0.000000,0.000000
0.000000,0.000000,0.000000,0.000000,0.000000,0.000000,0.000000,0.000000,0.000000,0.000000,0.000000,0.000000,0.000000,0.000000,0.000000,0.000000,0.000000,0.000000,0.000000,0.000000,0.000000,0.000000,0.000000,0.000000,1000.000122,1000.000177,1000.000229,1000.000275,1000.000319,1000.000363,1000.000405,1000.000444,1000.000479,1000.000506,1000.000523,1000.000530,1000.000528,1000.000521,1000.000510,1000.000497,1000.000485,1000.000471,1000.000458,1000.000445,1000.000436,1000.000431,1000.000427,1000.000424,1000.000421,1000.000420,1000.000419,1000.000419,1000.000419,1000.000420,1000.000421,1000.000424,1000.000427,1000.000431,1000.000436,1000.000445,1000.000458,1000.000471,1000.000485,1000.000497,1000.000510,1000.000521,1000.000528,1000.000530,1000.000523,1000.000506,1000.000479,1000.000444,1000.000405,1000.000363,1000.000319,1000.000275,1000.000229,1000.000177,1000.000122,0.000000,0.000000,0.000000,0.000000,0.000000,0.000000,0.000000,0.000000,0.000000,0.000000,0.000000,0.000000,0.000000,0.000000,0.000000,0.000000,0.000000,0.000000,0.000000,0.000000,0.000000,0.000000,0.000000,0.000000
0.000000,0.000000,0.000000,0.000000,0.000000,0.000000,0.000000,0.000000,0.000000,0.000000,0.000000,0.000000,0.000000,0.000000,0.000000,0.000000,0.000000,0.000000,0.000000,0.000000,0.000000,0.000000,0.000000,1000.000147,1000.000207,1000.000258,1000.000308,1000.000355,1000.000401,1000.000443,1000.000479,1000.000508,1000.000526,1000.000531,1000.000525,1000.000512,1000.000496,1000.000479,1000.000461,1000.000445,1000.000430,1000.000417,1000.000405,1000.000393,1000.000384,1000.000378,1000.000373,1000.000369,1000.000366,1000.000364,1000.000363,1000.000363,1000.000363,1000.000364,1000.000366,1000.000369,1000.000373,1000.000378,1000.000384,1000.000393,1000.000405,1000.000417,1000.000430,1000.000445,1000.000461,1000.000479,1000.000496,1000.000512,1000.000525,1000.000531,1000.000526,1000.000508,1000.000479,1000.000443,1000.000401,1000.000355,1000.000308,1000.000258,1000.000207,1000.000147,0.000000,0.000000,0.000000,0.000000,0.000000,0.000000,0.000000,0.000000,0.000000,0.000000,0.000000,0.000000,0.000000,0.000000,0.000000,0.000000,0.000000,0.000000,0.000000,0.000000,0.000000,0.000000,0.000000
0.000000,0.000000,0.000000,0.000000,0.000000,0.000000,0.000000,0.000000,0.000000,0.000000,0.000000,0.000000,0.000000,0.000000,0.000000,0.000000,0.000000,0.000000,0.000000,0.000000,0.000000,1000.000108,1000.000170,1000.000230,1000.000283,1000.000335,1000.000388,1000.000435,1000.000476,1000.000507,1000.000526,1000.000531,1000.000525,1000.000509,1000.000488,1000.000466,1000.000445,1000.000426,1000.000409,1000.000392,1000.000378,1000.000365,1000.000353,1000.000342,1000.000333,1000.000326,1000.000320,1000.000316,1000.000312,1000.000310,1000.000309,1000.000308,1000.000309,1000.000310,1000.000312,1000.000316,1000.000320,1000.000326,1000.000333,1000.000342,1000.000353,1000.000365,1000.000378,1000.000392,1000.000409,1000.000426,1000.000445,1000.000466,1000.000488,1000.000509,1000.000525,1000.000531,1000.000526,1000.000507,1000.000476,1000.000435,1000.000388,1000.000335,1000.000283,1000.000230,1000.000170,1000.000108,0.000000,0.000000,0.000000,0.000000,0.000000,0.000000,0.000000,0.000000,0.000000,0.000000,0.000000,0.000000,0.000000,0.000000,0.000000,0.000000,0.000000,0.000000,0.000000,0.000000,0.000000
0.000000,0.000000,0.000000,0.000000,0.000000,0.000000,0.000000,0.000000,0.000000,0.000000,0.000000,0.000000,0.000000,0.000000,0.000000,0.000000,0.000000,0.000000,0.000000,0.000000,1000.000126,1000.000192,1000.000247,1000.000302,1000.000358,1000.000413,1000.000462,1000.000500,1000.000523,1000.000531,1000.000525,1000.000508,1000.000486,1000.000462,1000.000437,1000.000414,1000.000394,1000.000375,1000.000358,1000.000342,1000.000327,1000.000314,1000.000302,1000.000292,1000.000282,1000.000275,1000.000269,1000.000264,1000.000260,1000.000258,1000.000256,1000.000256,1000.000256,1000.000258,1000.000260,1000.000264,1000.000269,1000.000275,1000.000282,1000.000292,1000.000302,1000.000314,1000.000327,1000.000342,1000.000358,1000.000375,1000.000394,1000.000414,1000.000437,1000.000462,1000.000486,1000.000508,1000.000525,1000.000531,1000.000523,1000.000500,1000.000462,1000.000413,1000.000358,1000.000302,1000.000247,1000.000192,1000.000126,0.000000,0.000000,0.000000,0.000000,0.000000,0.000000,0.000000,0.000000,0.000000,0.000000,0.000000,0.000000,0.000000,0.000000,0.000000,0.000000,0.000000,0.000000,0.000000,0.000000
0.000000,0.000000,0.000000,0.000000,0.000000,0.000000,0.000000,0.000000,0.000000,0.000000,0.000000,0.000000,0.000000,0.000000,0.000000,0.000000,0.000000,0.000000,0.000000,1000.000141,1000.000207,1000.000265,1000.000320,1000.000376,1000.000430,1000.000479,1000.000514,1000.000529,1000.000525,1000.000510,1000.000487,1000.000462,1000.000435,1000.000410,1000.000387,1000.000365,1000.000345,1000.000326,1000.000309,1000.000293,1000.000278,1000.000265,1000.000253,1000.000242,1000.000233,1000.000225,1000.000219,1000.000214,1000.000210,1000.000207,1000.000206,1000.000205,1000.000206,1000.000207,1000.000210,1000.000214,1000.000219,1000.000225,1000.000233,1000.000242,1000.000253,1000.000265,1000.000278,1000.000293,1000.000309,1000.000326,1000.000345,1000.000365,1000.000387,1000.000410,1000.000435,1000.000462,1000.000487,1000.000510,1000.000525,1000.000529,1000.000514,1000.000479,1000.000430,1000.000376,1000.000320,1000.000265,1000.000207,1000.000141,0.000000,0.000000,0.000000,0.000000,0.000000,0.000000,0.000000,0.000000,0.000000,0.000000,0.000000,0.000000,0.000000,0.000000,0.000000,0.000000,0.000000,0.000000,0.000000
0.000000,0.000000,0.000000,0.000000,0.000000,0.000000,0.000000,0.000000,0.000000,0.000000,0.000000,0.000000,0.000000,0.000000,0.000000,0.000000,0.000000,0.000000,1000.000150,1000.000219,1000.000279,1000.000338,1000.000396,1000.000448,1000.000492,1000.000522,1000.000530,1000.000516,1000.000492,1000.000465,1000.000437,1000.000411,1000.000386,1000.000362,1000.000339,1000.000317,1000.000297,1000.000278,1000.000260,1000.000244,1000.000230,1000.000216,1000.000204,1000.000194,1000.000185,1000.000177,1000.000170,1000.000165,1000.000161,1000.000158,1000.000156,1000.000156,1000.000156,1000.000158,1000.000161,1000.000165,1000.000170,1000.000177,1000.000185,1000.000194,1000.000204,1000.000216,1000.000230,1000.000244,1000.000260,1000.000278,1000.000297,1000.000317,1000.000339,1000.000362,1000.000386,1000.000411,1000.000437,1000.000465,1000.000492,1000.000516,1000.000530,1000.000522,1000.000492,1000.000448,1000.000396,1000.000338,1000.000279,1000.000219,1000.000150,0.000000,0.000000,0.000000,0.000000,0.000000,0.000000,0.000000,0.000000,0.000000,0.000000,0.000000,0.000000,0.000000,0.000000,0.000000,0.000000,0.000000,0.000000
0.000000,0.000000,0.000000,0.000000,0.000000,0.000000,0.000000,0.000000,0.000000,0.000000,0.000000,0.000000,0.000000,0.000000,0.000000,0.000000,0.000000,1000.000154,1000.000226,1000.000288,1000.000350,1000.000411,1000.000465,1000.000505,1000.000527,1000.000529,1000.000509,1000.000478,1000.000446,1000.000417,1000.000389,1000.000363,1000.000339,1000.000315,1000.000292,1000.000270,1000.000250,1000.000231,1000.000214,1000.000198,1000.000183,1000.000169,1000.000157,1000.000147,1000.000137,1000.000129,1000.000123,1000.000117,1000.000113,1000.000110,1000.000108,1000.000108,1000.000108,1000.000110,1000.000113,1000.000117,1000.000123,1000.000129,1000.000137,1000.000147,1000.000157,1000.000169,1000.000183,1000.000198,1000.000214,1000.000231,1000.000250,1000.000270,1000.000292,1000.000315,1000.000339,1000.000363,1000.000389,1000.000417,1000.000446,1000.000478,1000.000509,1000.000529,1000.000527,1000.000505,1000.000465,1000.000411,1000.000350,1000.000288,1000.000226,1000.000154,0.000000,0.000000,0.000000,0.000000,0.000000,0.000000,0.000000,0.000000,0.000000,0.000000,0.000000,0.000000,0.000000,0.000000,0.000000,0.000000,0.000000
0.000000,0.000000,0.000000,0.000000,0.000000,0.000000,0.000000,0.000000,0.000000,0.000000,0.000000,0.000000,0.000000,0.000000,0.000000,0.000000,1000.000156,1000.000229,1000.000293,1000.000356,1000.000419,1000.000475,1000.000514,1000.000529,1000.000523,1000.000500,1000.000468,1000.000433,1000.000400,1000.000372,1000.000344,1000.000318,1000.000293,1000.000268,1000.000246,1000.000224,1000.000204,1000.000185,1000.000168,1000.000152,1000.000137,1000.000124,1000.000112,1000.000101,1000.000092,1000.000083,1000.000077,1000.000071,1000.000067,1000.000064,1000.000062,1000.000061,1000.000062,1000.000064,1000.000067,1000.000071,1000.000077,1000.000083,1000.000092,1000.000101,1000.000112,1000.000124,1000.000137,1000.000152,1000.000168,1000.000185,1000.000204,1000.000224,1000.000246,1000.000268,1000.000293,1000.000318,1000.000344,1000.000372,1000.000400,1000.000433,1000.000468,1000.000500,1000.000523,1000.000529,1000.000514,1000.000475,1000.000419,1000.000356,1000.000293,1000.000229,1000.000156,0.000000,0.000000,0.000000,0.000000,0.000000,0.000000,0.000000,0.000000,0.000000,0.000000,0.000000,0.000000,0.000000,0.000000,0.000000,0.000000
0.000000,0.000000,0.000000,0.000000,0.000000,0.000000,0.000000,0.000000,0.000000,0.000000,0.000000,0.000000,0.000000,0.000000,0.000000,1000.000154,1000.000229,1000.000294,1000.000359,1000.000423,1000.000480,1000.000519,1000.000530,1000.000515,1000.000488,1000.000456,1000.000421,1000.000388,1000.000357,1000.000328,1000.000300,1000.000273,1000.000248,1000.000224,1000.000201,1000.000180,1000.000160,1000.000141,1000.000123,1000.000107,1000.000093,1000.000079,1000.000067,1000.000056,1000.000047,1000.000039,1000.000032,1000.000026,1000.000022,1000.000019,1000.000017,1000.000016,1000.000017,1000.000019,1000.000022,1000.000026,1000.000032,1000.000039,1000.000047,1000.000056,1000.000067,1000.000079,1000.000093,1000.000107,1000.000123,1000.000141,1000.000160,1000.000180,1000.000201,1000.000224,1000.000248,1000.000273,1000.000300,1000.000328,1000.000357,1000.000388,1000.000421,1000.000456,1000.000488,1000.000515,1000.000530,1000.000519,1000.000480,1000.000423,1000.000359,1000.000294,1000.000229,1000.000154,0.000000,0.000000,0.000000,0.000000,0.000000,0.000000,0.000000,0.000000,0.000000,0.000000,0.000000,0.000000,0.000000,0.000000,0.000000
0.000000,0.000000,0.000000,0.000000,0.000000,0.000000,0.000000,0.000000,0.000000,0.000000,0.000000,0.000000,0.000000,0.000000,1000.000150,1000.000226,1000.000293,1000.000359,1000.000425,1000.000482,1000.000521,1000.000530,1000.000511,1000.000479,1000.000444,1000.000409,1000.000376,1000.000345,1000.000315,1000.000285,1000.000256,1000.000230,1000.000205,1000.000181,1000.000158,1000.000137,1000.000116,1000.000098,1000.000080,1000.000064,1000.000049,1000.000036,1000.000024,1000.000013,1000.000003,999.999995,999.999988,999.999983,999.999978,999.999975,999.999973,999.999973,999.999973,999.999975,999.999978,999.999983,999.999988,999.999995,1000.000003,1000.000013,1000.000024,1000.000036,1000.000049,1000.000064,1000.000080,1000.000098,1000.000116,1000.000137,1000.000158,1000.000181,1000.000205,1000.000230,1000.000256,1000.000285,1000.000315,1000.000345,1000.000376,1000.000409,1000.000444,1000.000479,1000.000511,1000.000530,1000.000521,1000.000482,1000.000425,1000.000359,1000.000293,1000.000226,1000.000150,0.000000,0.000000,0.000000,0.000000,0.000000,0.000000,0.000000,0.000000,0.000000,0.000000,0.000000,0.000000,0.000000,0.000000
0.000000,0.000000,0.000000,0.000000,0.000000,0.000000,0.000000,0.000000,0.000000,0.000000,0.000000,0.000000,0.000000,1000.000141,1000.000219,1000.000288,1000.000356,1000.000423,1000.000482,1000.000521,1000.000530,1000.000510,1000.000476,1000.000437,1000.000400,1000.000367,1000.000335,1000.000303,1000.000272,1000.000242,1000.000215,1000.000188,1000.000163,1000.000139,1000.000116,1000.000095,1000.000075,1000.000056,1000.000038,1000.000022,1000.000007,999.999994,999.999982,999.999971,999.999961,999.999953,999.999946,999.999941,999.999936,999.999933,999.999931,999.999930,999.999931,999.999933,999.999936,999.999941,999.999946,999.999953,999.999961,999.999971,999.999982,999.999994,1000.000007,1000.000022,1000.000038,1000.000056,1000.000075,1000.000095,1000.000116,1000.000139,1000.000163,1000.000188,1000.000215,1000.000242,1000.000272,1000.000303,1000.000335,1000.000367,1000.000400,1000.000437,1000.000476,1000.000510,1000.000530,1000.000521,1000.000482,1000.000423,1000.000356,1000.000288,1000.000219,1000.000141,0.000000,0.000000,0.000000,0.000000,0.000000,0.000000,0.000000,0.000000,0.000000,0.000000,0.000000,0.000000,0.000000
0.000000,0.000000,0.000000,0.000000,0.000000,0.000000,0.000000,0.000000,0.000000,0.000000,0.000000,0.000000,1000.000126,1000.000207,1000.000279,1000.000350,1000.000419,1000.000480,1000.000521,1000.000530,1000.000510,1000.000474,1000.000434,1000.000395,1000.000361,1000.000327,1000.000294,1000.000262,1000.000231,1000.000202,1000.000174,1000.000147,1000.000122,1000.000098,1000.000075,1000.000054,1000.000034,1000.000015,999.999998,999.999982,999.999967,999.999953,999.999941,999.999930,999.999921,999.999912,999.999905,999.999900,999.999895,999.999892,999.999890,999.999890,999.999890,999.999892,999.999895,999.999900,999.999905,999.999912,999.999921,999.999930,999.999941,999.999953,999.999967,999.999982,999.999998,1000.000015,1000.000034,1000.000054,1000.000075,1000.000098,1000.000122,1000.000147,1000.000174,1000.000202,1000.000231,1000.000262,1000.000294,1000.000327,1000.000361,1000.000395,1000.000434,1000.000474,1000.000510,1000.000530,1000.000521,1000.000480,1000.000419,1000.000350,1000.000279,1000.000207,1000.000126,0.000000,0.000000,0.000000,0.000000,0.000000,0.000000,0.000000,0.000000,0.000000,0.000000,0.000000,0.000000
0.000000,0.000000,0.000000,0.000000,0.000000,0.000000,0.000000,0.000000,0.000000,0.000000,0.000000,1000.000108,1000.000192,1000.000265,1000.000338,1000.000411,1000.000475,1000.000519,1000.000530,1000.000510,1000.000474,1000.000433,1000.000393,1000.000357,1000.000322,1000.000287,1000.000254,1000.000222,1000.000192,1000.000163,1000.000134,1000.000108,1000.000083,1000.000059,1000.000036,1000.000015,999.999994,999.999976,999.999958,999.999942,999.999927,999.999914,999.999902,999.999891,999.999881,999.999873,999.999866,999.999860,999.999856,999.999852,999.999851,999.999850,999.999851,999.999852,999.999856,999.999860,999.999866,999.999873,999.999881,999.999891,999.999902,999.999914,999.999927,999.999942,999.999958,999.999976,999.999994,1000.000015,1000.000036,1000.000059,1000.000083,1000.000108,1000.000134,1000.000163,1000.000192,1000.000222,1000.000254,1000.000287,1000.000322,1000.000357,1000.000393,1000.000433,1000.000474,1000.000510,1000.000530,1000.000519,1000.000475,1000.000411,1000.000338,1000.000265,1000.000192,1000.000108,0.000000,0.000000,0.000000,0.000000,0.000000,0.000000,0.000000,0.000000,0.000000,0.000000,0.000000
0.000000,0.000000,0.000000,0.000000,0.000000,0.000000,0.000000,0.000000,0.000000,0.000000,0.000000,1000.000170,1000.000247,1000.000320,1000.000396,1000.000465,1000.000514,1000.000530,1000.000511,1000.000476,1000.000434,1000.000393,1000.000356,1000.000319,1000.000283,1000.000249,1000.000216,1000.000184,1000.000153,1000.000124,1000.000096,1000.000070,1000.000045,1000.000020,999.999998,999.999976,999.999956,999.999938,999.999920,999.999904,999.999889,999.999876,999.999863,999.999853,999.999843,999.999835,999.999828,999.999822,999.999817,999.999814,999.999812,999.999812,999.999812,999.999814,999.999817,999.999822,999.999828,999.999835,999.999843,999.999853,999.999863,999.999876,999.999889,999.999904,999.999920,999.999938,999.999956,999.999976,999.999998,1000.000020,1000.000045,1000.000070,1000.000096,1000.000124,1000.000153,1000.000184,1000.000216,1000.000249,1000.000283,1000.000319,1000.000356,1000.000393,1000.000434,1000.000476,1000.000511,1000.000530,1000.000514,1000.000465,1000.000396,1000.000320,1000.000247,1000.000170,0.000000,0.000000,0.000000,0.000000,0.000000,0.000000,0.000000,0.000000,0.000000,0.000000,0.000000
0.000000,0.000000,0.000000,0.000000,0.000000,0.000000,0.000000,0.000000,0.000000,0.000000,1000.000147,1000.000230,1000.000302,1000.000376,1000.000448,1000.000505,1000.000529,1000.000515,1000.000479,1000.000437,1000.000395,1000.000357,1000.000319,1000.000282,1000.000246,1000.000212,1000.000179,1000.000147,1000.000116,1000.000087,1000.000060,1000.000033,1000.000008,999.999984,999.999961,999.999940,999.999920,999.999901,999.999883,999.999867,999.999852,999.999839,999.999827,999.999816,999.999806,999.999798,999.999791,999.999785,999.999780,999.999777,999.999775,999.999775,999.999775,999.999777,999.999780,999.999785,999.999791,999.999798,999.999806,999.999816,999.999827,999.999839,999.999852,999.999867,999.999883,999.999901,999.999920,999.999940,999.999961,999.999984,1000.000008,1000.000033,1000.000060,1000.000087,1000.000116,1000.000147,1000.000179,1000.000212,1000.000246,1000.000282,1000.000319,1000.000357,1000.000395,1000.000437,1000.000479,1000.000515,1000.000529,1000.000505,1000.000448,1000.000376,1000.000302,1000.000230,1000.000147,0.000000,0.000000,0.000000,0.000000,0.000000,0.000000,0.000000,0.000000,0.000000,0.000000
0.000000,0.000000,0.000000,0.000000,0.000000,0.000000,0.000000,0.000000,0.000000,1000.000122,1000.000207,1000.000283,1000.000358,1000.000430,1000.000492,1000.000527,1000.000523,1000.000488,1000.000444,1000.000400,1000.000361,1000.000322,1000.000283,1000.000246,1000.000211,1000.000176,1000.000143,1000.000111,1000.000081,1000.000052,1000.000024,999.999997,999.999972,999.999948,999.999925,999.999904,999.999884,999.999865,999.999848,999.999832,999.999817,999.999803,999.999791,999.999780,999.999770,999.999762,999.999755,999.999749,999.999745,999.999741,999.999740,999.999739,999.999740,999.999741,999.999745,999.999749,999.999755,999.999762,999.999770,999.999780,999.999791,999.999803,999.999817,999.999832,999.999848,999.999865,999.999884,999.999904,999.999925,999.999948,999.999972,999.999997,1000.000024,1000.000052,1000.000081,1000.000111,1000.000143,1000.000176,1000.000211,1000.000246,1000.000283,1000.000322,1000.000361,1000.000400,1000.000444,1000.000488,1000.000523,1000.000527,1000.000492,1000.000430,1000.000358,1000.000283,1000.000207,1000.000122,0.000000,0.000000,0.000000,0.000000,0.000000,0.000000,0.000000,0.000000,0.000000
0.000000,0.000000,0.000000,0.000000,0.000000,0.000000,0.000000,0.000000,0.000000,1000.000177,1000.000258,1000.000335,1000.000413,1000.000479,1000.000522,1000.000529,1000.000500,1000.000456,1000.000409,1000.000367,1000.000327,1000.000287,1000.000249,1000.000212,1000.000176,1000.000142,1000.000109,1000.000077,1000.000047,1000.000017,999.999990,999.999963,999.999938,999.999914,999.999891,999.999870,999.999850,999.999831,999.999814,999.999797,999.999782,999.999769,999.999757,999.999746,999.999736,999.999728,999.999721,999.999715,999.999710,999.999707,999.999705,999.999705,999.999705,999.999707,999.999710,999.999715,999.999721,999.999728,999.999736,999.999746,999.999757,999.999769,999.999782,999.999797,999.999814,999.999831,999.999850,999.999870,999.999891,999.999914,999.999938,999.999963,999.999990,1000.000017,1000.000047,1000.000077,1000.000109,1000.000142,1000.000176,1000.000212,1000.000249,1000.000287,1000.000327,1000.000367,1000.000409,1000.000456,1000.000500,1000.000529,1000.000522,1000.000479,1000.000413,1000.000335,1000.000258,1000.000177,0.000000,0.000000,0.000000,0.000000,0.000000,0.000000,0.000000,0.000000,0.000000
0.000000,0.000000,0.000000,0.000000,0.000000,0.000000,0.000000,0.000000,1000.000142,1000.000229,1000.000308,1000.000388,1000.000462,1000.000514,1000.000530,1000.000509,1000.000468,1000.000421,1000.000376,1000.000335,1000.000294,1000.000254,1000.000216,1000.000179,1000.000143,1000.000109,1000.000076,1000.000044,1000.000014,999.999984,999.999957,999.999930,999.999905,999.999881,999.999858,999.999837,999.999817,999.999798,999.999781,999.999764,999.999750,999.999736,999.999724,999.999713,999.999703,999.999695,999.999688,999.999682,999.999677,999.999674,999.999672,999.999672,999.999672,999.999674,999.999677,999.999682,999.999688,999.999695,999.999703,999.999713,999.999724,999.999736,999.999750,999.999764,999.999781,999.999798,999.999817,999.999837,999.999858,999.999881,999.999905,999.999930,999.999957,999.999984,1000.000014,1000.000044,1000.000076,1000.000109,1000.000143,1000.000179,1000.000216,1000.000254,1000.000294,1000.000335,1000.000376,1000.000421,1000.000468,1000.000509,1000.000530,1000.000514,1000.000462,1000.000388,1000.000308,1000.000229,1000.000142,0.000000,0.000000,0.000000,0.000000,0.000000,0.000000,0.000000,0.000000
0.000000,0.000000,0.000000,0.000000,0.000000,0.000000,0.000000,0.000000,1000.000192,1000.000275,1000.000355,1000.000435,1000.000500,1000.000529,1000.000516,1000.000478,1000.000433,1000.000388,1000.000345,1000.000303,1000.000262,1000.000222,1000.000184,1000.000147,1000.000111,1000.000077,1000.000044,1000.000012,999.999982,999.999953,999.999925,999.999898,999.999873,999.999849,999.999826,999.999805,999.999785,999.999766,999.999749,999.999733,999.999718,999.999704,999.999692,999.999681,999.999671,999.999663,999.999656,999.999650,999.999646,999.999642,999.999640,999.999640,999.999640,999.999642,999.999646,999.999650,999.999656,999.999663,999.999671,999.999681,999.999692,999.999704,999.999718,999.999733,999.999749,999.999766,999.999785,999.999805,999.999826,999.999849,999.999873,999.999898,999.999925,999.999953,999.999982,1000.000012,1000.000044,1000.000077,1000.000111,1000.000147,1000.000184,1000.000222,1000.000262,1000.000303,1000.000345,1000.000388,1000.000433,1000.000478,1000.000516,1000.000529,1000.000500,1000.000435,1000.000355,1000.000275,1000.000192,0.000000,0.000000,0.000000,0.000000,0.000000,0.000000,0.000000,0.000000
0.000000,0.000000,0.000000,0.000000,0.000000,0.000000,0.000000,1000.000149,1000.000239,1000.000319,1000.000401,1000.000476,1000.000523,1000.000525,1000.000492,1000.000446,1000.000400,1000.000357,1000.000315,1000.000272,1000.000231,1000.000192,1000.000153,1000.000116,1000.000081,1000.000047,1000.000014,999.999982,999.999951,999.999922,999.999894,999.999868,999.999843,999.999819,999.999796,999.999775,999.999755,999.999736,999.999718,999.999702,999.999687,999.999674,999.999662,999.999651,999.999641,999.999633,999.999625,999.999620,999.999615,999.999612,999.999610,999.999609,999.999610,999.999612,999.999615,999.999620,999.999625,999.999633,999.999641,999.999651,999.999662,999.999674,999.999687,999.999702,999.999718,999.999736,999.999755,999.999775,999.999796,999.999819,999.999843,999.999868,999.999894,999.999922,999.999951,999.999982,1000.000014,1000.000047,1000.000081,1000.000116,1000.000153,1000.000192,1000.000231,1000.000272,1000.000315,1000.000357,1000.000400,1000.000446,1000.000492,1000.000525,1000.000523,1000.000476,1000.000401,1000.000319,1000.000239,1000.000149,0.000000,0.000000,0.000000,0.000000,0.000000,0.000000,0.000000
0.000000,0.000000,0.000000,0.000000,0.000000,0.000000,0.000000,1000.000196,1000.000281,1000.000363,1000.000443,1000.000507,1000.000531,1000.000510,1000.000465,1000.000417,1000.000372,1000.000328,1000.000285,1000.000242,1000.000202,1000.000163,1000.000124,1000.000087,1000.000052,1000.000017,999.999984,999.999953,999.999922,999.999893,999.999865,999.999839,999.999814,999.999790,999.999767,999.999746,999.999726,999.999707,999.999689,999.999673,999.999658,999.999645,999.999632,999.999621,999.999612,999.999603,999.999596,999.999590,999.999586,999.999583,999.999581,999.999580,999.999581,999.999583,999.999586,999.999590,999.999596,999.999603,999.999612,999.999621,999.999632,999.999645,999.999658,999.999673,999.999689,999.999707,999.999726,999.999746,999.999767,999.999790,999.999814,999.999839,999.999865,999.999893,999.999922,999.999953,999.999984,1000.000017,1000.000052,1000.000087,1000.000124,1000.000163,1000.000202,1000.000242,1000.000285,1000.000328,1000.000372,1000.000417,1000.000465,1000.000510,1000.000531,1000.000507,1000.000443,1000.000363,1000.000281,1000.000196,0.000000,0.000000,0.000000,0.000000,0.000000,0.000000,0.000000
0.000000,0.000000,0.000000,0.000000,0.000000,0.000000,1000.000150,1000.000241,1000.000322,1000.000405,1000.000479,1000.000526,1000.000525,1000.000487,1000.000437,1000.000389,1000.000344,1000.000300,1000.000256,1000.000215,1000.000174,1000.000134,1000.000096,1000.000060,1000.000024,999.999990,999.999957,999.999925,999.999894,999.999865,999.999838,999.999811,999.999786,999.999762,999.999739,999.999718,999.999698,999.999679,999.999661,999.999645,999.999630,999.999617,999.999605,999.999594,999.999584,999.999576,999.999568,999.999563,999.999558,999.999555,999.999553,999.999552,999.999553,999.999555,999.999558,999.999563,999.999568,999.999576,999.999584,999.999594,999.999605,999.999617,999.999630,999.999645,999.999661,999.999679,999.999698,999.999718,999.999739,999.999762,999.999786,999.999811,999.999838,999.999865,999.999894,999.999925,999.999957,999.999990,1000.000024,1000.000060,1000.000096,1000.000134,1000.000174,1000.000215,1000.000256,1000.000300,1000.000344,1000.000389,1000.000437,1000.000487,1000.000525,1000.000526,1000.000479,1000.000405,1000.000322,1000.000241,1000.000150,0.000000,0.000000,0.000000,0.000000,0.000000,0.000000
0.000000,0.000000,0.000000,0.000000,0.000000,0.000000,1000.000193,1000.000280,1000.000363,1000.000444,1000.000508,1000.000531,1000.000508,1000.000462,1000.000411,1000.000363,1000.000318,1000.000273,1000.000230,1000.000188,1000.000147,1000.000108,1000.000070,1000.000033,999.999997,999.999963,999.999930,999.999898,999.999868,999.999839,999.999811,999.999784,999.999759,999.999735,999.999713,999.999691,999.999671,999.999652,999.999635,999.999619,999.999604,999.999590,999.999578,999.999567,999.999557,999.999549,999.999542,999.999536,999.999532,999.999528,999.999526,999.999526,999.999526,999.999528,999.999532,999.999536,999.999542,999.999549,999.999557,999.999567,999.999578,999.999590,999.999604,999.999619,999.999635,999.999652,999.999671,999.999691,999.999713,999.999735,999.999759,999.999784,999.999811,999.999839,999.999868,999.999898,999.999930,999.999963,999.999997,1000.000033,1000.000070,1000.000108,1000.000147,1000.000188,1000.000230,1000.000273,1000.000318,1000.000363,1000.000411,1000.000462,1000.000508,1000.000531,1000.000508,1000.000444,1000.000363,1000.000280,1000.000193,0.000000,0.000000,0.000000,0.000000,0.000000,0.000000
0.000000,0.000000,0.000000,0.000000,0.000000,1000.000143,1000.000235,1000.000318,1000.000403,1000.000479,1000.000526,1000.000525,1000.000486,1000.000435,1000.000386,1000.000339,1000.000293,1000.000248,1000.000205,1000.000163,1000.000122,1000.000083,1000.000045,1000.000008,999.999972,999.999938,999.999905,999.999873,999.999843,999.999814,999.999786,999.999759,999.999734,999.999710,999.999687,999.999666,999.999646,999.999627,999.999610,999.999594,999.999579,999.999565,999.999553,999.999542,999.999532,999.999524,999.999517,999.999511,999.999506,999.999503,999.999501,999.999500,999.999501,999.999503,999.999506,999.999511,999.999517,999.999524,999.999532,999.999542,999.999553,999.999565,999.999579,999.999594,999.999610,999.999627,999.999646,999.999666,999.999687,999.999710,999.999734,999.999759,999.999786,999.999814,999.999843,999.999873,999.999905,999.999938,999.999972,1000.000008,1000.000045,1000.000083,1000.000122,1000.000163,1000.000205,1000.000248,1000.000293,1000.000339,1000.000386,1000.000435,1000.000486,1000.000525,1000.000526,1000.000479,1000.000403,1000.000318,1000.000235,1000.000143,0.000000,0.000000,0.000000,0.000000,0.000000
0.000000,0.000000,0.000000,0.000000,0.000000,1000.000182,1000.000270,1000.000356,1000.000440,1000.000506,1000.000531,1000.000509,1000.000462,1000.000410,1000.000362,1000.000315,1000.000268,1000.000224,1000.000181,1000.000139,1000.000098,1000.000059,1000.000020,999.999984,999.999948,999.999914,999.999881,999.999849,999.999819,999.999790,999.999762,999.999735,999.999710,999.999686,999.999663,999.999642,999.999622,999.999603,999.999586,999.999570,999.999555,999.999541,999.999529,999.999518,999.999508,999.999500,999.999493,999.999487,999.999482,999.999479,999.999477,999.999476,999.999477,999.999479,999.999482,999.999487,999.999493,999.999500,999.999508,999.999518,999.999529,999.999541,999.999555,999.999570,999.999586,999.999603,999.999622,999.999642,999.999663,999.999686,999.999710,999.999735,999.999762,999.999790,999.999819,999.999849,999.999881,999.999914,999.999948,999.999984,1000.000020,1000.000059,1000.000098,1000.000139,1000.000181,1000.000224,1000.000268,1000.000315,1000.000362,1000.000410,1000.000462,1000.000509,1000.000531,1000.000506,1000.000440,1000.000356,1000.000270,1000.000182,0.000000,0.000000,0.000000,0.000000,0.000000
0.000000,0.000000,0.000000,0.000000,1000.000125,1000.000219,1000.000304,1000.000391,1000.000472,1000.000523,1000.000525,1000.000488,1000.000437,1000.000387,1000.000339,1000.000292,1000.000246,1000.000201,1000.000158,1000.000116,1000.000075,1000.000036,999.999998,999.999961,999.999925,999.999891,999.999858,999.999826,999.999796,999.999767,999.999739,999.999713,999.999687,999.999663,999.999641,999.999619,999.999599,999.999581,999.999563,999.999547,999.999532,999.999518,999.999506,999.999495,999.999486,999.999477,999.999470,999.999464,999.999460,999.999456,999.999454,999.999454,999.999454,999.999456,999.999460,999.999464,999.999470,999.999477,999.999486,999.999495,999.999506,999.999518,999.999532,999.999547,999.999563,999.999581,999.999599,999.999619,999.999641,999.999663,999.999687,999.999713,999.999739,999.999767,999.999796,999.999826,999.999858,999.999891,999.999925,999.999961,999.999998,1000.000036,1000.000075,1000.000116,1000.000158,1000.000201,1000.000246,1000.000292,1000.000339,1000.000387,1000.000437,1000.000488,1000.000525,1000.000523,1000.000472,1000.000391,1000.000304,1000.000219,1000.000125,0.000000,0.000000,0.000000,0.000000
0.000000,0.000000,0.000000,0.000000,1000.000160,1000.000249,1000.000336,1000.000423,1000.000497,1000.000530,1000.000512,1000.000466,1000.000414,1000.000365,1000.000317,1000.000270,1000.000224,1000.000180,1000.000137,1000.000095,1000.000054,1000.000015,999.999976,999.999940,999.999904,999.999870,999.999837,999.999805,999.999775,999.999746,999.999718,999.999691,999.999666,999.999642,999.999619,999.999598,999.999578,999.999559,999.999542,999.999526,999.999511,999.999497,999.999485,999.999474,999.999464,999.999456,999.999449,999.999443,999.999438,999.999435,999.999433,999.999432,999.999433,999.999435,999.999438,999.999443,999.999449,999.999456,999.999464,999.999474,999.999485,999.999497,999.999511,999.999526,999.999542,999.999559,999.999578,999.999598,999.999619,999.999642,999.999666,999.999691,999.999718,999.999746,999.999775,999.999805,999.999837,999.999870,999.999904,999.999940,999.999976,1000.000015,1000.000054,1000.000095,1000.000137,1000.000180,1000.000224,1000.000270,1000.000317,1000.000365,1000.000414,1000.000466,1000.000512,1000.000530,1000.000497,1000.000423,1000.000336,1000.000249,1000.000160,0.000000,0.000000,0.000000,0.000000
