0.000000,0.000000,0.000000,0.000000,0.000000,0.000000,0.000000,0.000000,0.000000,0.000000,0.000000,0.000000,0.000000,0.000000,0.000000,0.000000,0.000000,0.000000,0.000000,0.000000,0.000000,0.000000,0.000000,0.000000,0.000000,0.000000,0.000000,0.000000,0.000000,0.000000,0.000000,0.000000,0.000000,0.000000,0.000000,0.000000,0.000000,0.000000,0.000000,0.000000,0.000000,0.000000,0.000000,0.000000,0.000000,0.000000,0.000000,0.000000,0.000000,0.000000,0.000000,0.000000,0.000000,0.000000,0.000000,0.000000,0.000000,0.000000,0.000000,0.000000,0.000000,0.000000,0.000000,0.000000,0.000000,0.000000,0.000000,0.000000,0.000000,0.000000,0.000000,0.000000,0.000000,0.000000,0.000000,0.000000,0.000000,0.000000,0.000000,0.000000,0.000000,0.000000,0.000000,0.000000,0.000000,0.000000,0.000000,0.000000,0.000000,0.000000,0.000000,0.000000,0.000000,0.000000,0.000000,0.000000,0.000000,0.000000,0.000000,0.000000,0.000000,0.000000,0.000000
0.000000,0.000000,0.000000,0.000000,0.000000,0.000000,0.000000,0.000000,0.000000,0.000000,0.000000,0.000000,0.000000,0.000000,0.000000,0.000000,0.000000,0.000000,0.000000,0.000000,0.000000,0.000000,0.000000,0.000000,0.000000,0.000000,0.000000,0.000000,0.000000,0.000000,0.000000,0.000000,0.000000,0.000000,0.000000,0.000000,0.000000,0.000000,0.000000,0.000000,0.000000,0.000000,0.000000,0.000000,0.000000,0.000000,0.000000,0.000000,0.000000,0.000000,0.000000,1000.000059,0.000000,0.000000,0.000000,0.000000,0.000000,0.000000,0.000000,0.000000,0.000000,0.000000,0.000000,0.000000,0.000000,0.000000,0.000000,0.000000,0.000000,0.000000,0.000000,0.000000,0.000000,0.000000,0.000000,0.000000,0.000000,0.000000,0.000000,0.000000,0.000000,0.000000,0.000000,0.000000,0.000000,0.000000,0.000000,0.000000,0.000000,0.000000,0.000000,0.000000,0.000000,0.000000,0.000000,0.000000,0.000000,0.000000,0.000000,0.000000,0.000000,0.000000,0.000000
0.000000,0.000000,0.000000,0.000000,0.000000,0.000000,0.000000,0.000000,0.000000,0.000000,0.000000,0.000000,0.000000,0.000000,0.000000,0.000000,0.000000,0.000000,0.000000,0.000000,0.000000,0.000000,0.000000,0.000000,0.000000,0.000000,0.000000,0.000000,0.000000,0.000000,0.000000,0.000000,0.000000,0.000000,0.000000,0.000000,0.000000,0.000000,0.000000,0.000000,0.000000,0.000000,1000.000108,1000.000126,1000.000135,1000.000140,1000.000142,1000.000143,1000.000143,1000.000142,1000.000142,1000.000146,1000.000142,1000.000142,1000.000143,1000.000143,1000.000142,1000.000140,1000.000135,1000.000126,1000.000108,0.000000,0.000000,0.000000,0.000000,0.000000,0.000000,0.000000,0.000000,0.000000,0.000000,0.000000,0.000000,0.000000,0.000000,0.000000,0.000000,0.000000,0.000000,0.000000,0.000000,0.000000,0.000000,0.000000,0.000000,0.000000,0.000000,0.000000,0.000000,0.000000,0.000000,0.000000,0.000000,0.000000,0.000000,0.000000,0.000000,0.000000,0.000000,0.000000,0.000000,0.000000,0.000000
0.000000,0.000000,0.000000,0.000000,0.000000,0.000000,0.000000,0.000000,0.000000,0.000000,0.000000,0.000000,0.000000,0.000000,0.000000,0.000000,0.000000,0.000000,0.000000,0.000000,0.000000,0.000000,0.000000,0.000000,0.000000,0.000000,0.000000,0.000000,0.000000,0.000000,0.000000,0.000000,0.000000,0.000000,0.000000,0.000000,0.000000,1000.000104,1000.000130,1000.000151,1000.000168,1000.000181,1000.000194,1000.000205,1000.000214,1000.000220,1000.000223,1000.000225,1000.000226,1000.000226,1000.000226,1000.000226,1000.000226,1000.000226,1000.000226,1000.000225,1000.000223,1000.000220,1000.000214,1000.000205,1000.000194,1000.000181,1000.000168,1000.000151,1000.000130,1000.000104,0.000000,0.000000,0.000000,0.000000,0.000000,0.000000,0.000000,0.000000,0.000000,0.000000,0.000000,0.000000,0.000000,0.000000,0.000000,0.000000,0.000000,0.000000,0.000000,0.000000,0.000000,0.000000,0.000000,0.000000,0.000000,0.000000,0.000000,0.000000,0.000000,0.000000,0.000000,0.000000,0.000000,0.000000,0.000000,0.000000,0.000000
0.000000,0.000000,0.000000,0.000000,0.000000,0.000000,0.000000,0.000000,0.000000,0.000000,0.000000,0.000000,0.000000,0.000000,0.000000,0.000000,0.000000,0.000000,0.000000,0.000000,0.000000,0.000000,0.000000,0.000000,0.000000,0.000000,0.000000,0.000000,0.000000,0.000000,0.000000,0.000000,0.000000,0.000000,1000.000109,1000.000138,1000.000163,1000.000187,1000.000209,1000.000228,1000.000246,1000.000261,1000.000275,1000.000286,1000.000294,1000.000299,1000.000303,1000.000305,1000.000305,1000.000306,1000.000306,1000.000306,1000.000306,1000.000306,1000.000305,1000.000305,1000.000303,1000.000299,1000.000294,1000.000286,1000.000275,1000.000261,1000.000246,1000.000228,1000.000209,1000.000187,1000.000163,1000.000138,1000.000109,0.000000,0.000000,0.000000,0.000000,0.000000,0.000000,0.000000,0.000000,0.000000,0.000000,0.000000,0.000000,0.000000,0.000000,0.000000,0.000000,0.000000,0.000000,0.000000,0.000000,0.000000,0.000000,0.000000,0.000000,0.000000,0.000000,0.000000,0.000000,0.000000,0.000000,0.000000,0.000000,0.000000,0.000000
0.000000,0.000000,0.000000,0.000000,0.000000,0.000000,0.000000,0.000000,0.000000,0.000000,0.000000,0.000000,0.000000,0.000000,0.000000,0.000000,0.000000,0.000000,0.000000,0.000000,0.000000,0.000000,0.000000,0.000000,0.000000,0.000000,0.000000,0.000000,0.000000,0.000000,0.000000,0.000000,1000.000124,1000.000157,1000.000189,1000.000216,1000.000240,1000.000264,1000.000286,1000.000305,1000.000323,1000.000340,1000.000355,1000.000367,1000.000374,1000.000378,1000.000381,1000.000382,1000.000383,1000.000383,1000.000383,1000.000383,1000.000383,1000.000383,1000.000383,1000.000382,1000.000381,1000.000378,1000.000374,1000.000367,1000.000355,1000.000340,1000.000323,1000.000305,1000.000286,1000.000264,1000.000240,1000.000216,1000.000189,1000.000157,1000.000124,0.000000,0.000000,0.000000,0.000000,0.000000,0.000000,0.000000,0.000000,0.000000,0.000000,0.000000,0.000000,0.000000,0.000000,0.000000,0.000000,0.000000,0.000000,0.000000,0.000000,0.000000,0.000000,0.000000,0.000000,0.000000,0.000000,0.000000,0.000000,0.000000,0.000000,0.000000,0.000000
0.000000,0.000000,0.000000,0.000000,0.000000,0.000000,0.000000,0.000000,0.000000,0.000000,0.000000,0.000000,0.000000,0.000000,0.000000,0.000000,0.000000,0.000000,0.000000,0.000000,0.000000,0.000000,0.000000,0.000000,0.000000,0.000000,0.000000,0.000000,0.000000,0.000000,1000.000130,1000.000167,1000.000204,1000.000234,1000.000264,1000.000291,1000.000317,1000.000342,1000.000363,1000.000381,1000.000397,1000.000412,1000.000425,1000.000433,1000.000437,1000.000440,1000.000441,1000.000441,1000.000441,1000.000441,1000.000441,1000.000441,1000.000441,1000.000441,1000.000441,1000.000441,1000.000441,1000.000440,1000.000437,1000.000433,1000.000425,1000.000412,1000.000397,1000.000381,1000.000363,1000.000342,1000.000317,1000.000291,1000.000264,1000.000234,1000.000204,1000.000167,1000.000130,0.000000,0.000000,0.000000,0.000000,0.000000,0.000000,0.000000,0.000000,0.000000,0.000000,0.000000,0.000000,0.000000,0.000000,0.000000,0.000000,0.000000,0.000000,0.000000,0.000000,0.000000,0.000000,0.000000,0.000000,0.000000,0.000000,0.000000,0.000000,0.000000,0.000000
0.000000,0.000000,0.000000,0.000000,0.000000,0.000000,0.000000,0.000000,0.000000,0.000000,0.000000,0.000000,0.000000,0.000000,0.000000,0.000000,0.000000,0.000000,0.000000,0.000000,0.000000,0.000000,0.000000,0.000000,0.000000,0.000000,0.000000,0.000000,1000.000129,1000.000170,1000.000208,1000.000242,1000.000276,1000.000308,1000.000339,1000.000367,1000.000391,1000.000413,1000.000430,1000.000442,1000.000449,1000.000455,1000.000456,1000.000455,1000.000454,1000.000453,1000.000452,1000.000452,1000.000451,1000.000451,1000.000451,1000.000451,1000.000451,1000.000451,1000.000451,1000.000452,1000.000452,1000.000453,1000.000454,1000.000455,1000.000456,1000.000455,1000.000449,1000.000442,1000.000430,1000.000413,1000.000391,1000.000367,1000.000339,1000.000308,1000.000276,1000.000242,1000.000208,1000.000170,1000.000129,0.000000,0.000000,0.000000,0.000000,0.000000,0.000000,0.000000,0.000000,0.000000,0.000000,0.000000,0.000000,0.000000,0.000000,0.000000,0.000000,0.000000,0.000000,0.000000,0.000000,0.000000,0.000000,0.000000,0.000000,0.000000,0.000000,0.000000,0.000000
0.000000,0.000000,0.000000,0.000000,0.000000,0.000000,0.000000,0.000000,0.000000,0.000000,0.000000,0.000000,0.000000,0.000000,0.000000,0.000000,0.000000,0.000000,0.000000,0.000000,0.000000,0.000000,0.000000,0.000000,0.000000,0.000000,1000.000123,1000.000166,1000.000207,1000.000243,1000.000279,1000.000314,1000.000349,1000.000381,1000.000409,1000.000432,1000.000447,1000.000456,1000.000460,1000.000458,1000.000455,1000.000449,1000.000439,1000.000430,1000.000424,1000.000420,1000.000418,1000.000416,1000.000415,1000.000414,1000.000414,1000.000414,1000.000414,1000.000414,1000.000415,1000.000416,1000.000418,1000.000420,1000.000424,1000.000430,1000.000439,1000.000449,1000.000455,1000.000458,1000.000460,1000.000456,1000.000447,1000.000432,1000.000409,1000.000381,1000.000349,1000.000314,1000.000279,1000.000243,1000.000207,1000.000166,1000.000123,0.000000,0.000000,0.000000,0.000000,0.000000,0.000000,0.000000,0.000000,0.000000,0.000000,0.000000,0.000000,0.000000,0.000000,0.000000,0.000000,0.000000,0.000000,0.000000,0.000000,0.000000,0.000000,0.000000,0.000000,0.000000,0.000000
0.000000,0.000000,0.000000,0.000000,0.000000,0.000000,0.000000,0.000000,0.000000,0.000000,0.000000,0.000000,0.000000,0.000000,0.000000,0.000000,0.000000,0.000000,0.000000,0.000000,0.000000,0.000000,0.000000,0.000000,1000.000105,1000.000153,1000.000198,1000.000238,1000.000277,1000.000314,1000.000351,1000.000385,1000.000415,1000.000440,1000.000455,1000.000460,1000.000459,1000.000453,1000.000442,1000.000431,1000.000420,1000.000409,1000.000397,1000.000386,1000.000378,1000.000373,1000.000370,1000.000367,1000.000365,1000.000364,1000.000363,1000.000363,1000.000363,1000.000364,1000.000365,1000.000367,1000.000370,1000.000373,1000.000378,1000.000386,1000.000397,1000.000409,1000.000420,1000.000431,1000.000442,1000.000453,1000.000459,1000.000460,1000.000455,1000.000440,1000.000415,1000.000385,1000.000351,1000.000314,1000.000277,1000.000238,1000.000198,1000.000153,1000.000105,0.000000,0.000000,0.000000,0.000000,0.000000,0.000000,0.000000,0.000000,0.000000,0.000000,0.000000,0.000000,0.000000,0.000000,0.000000,0.000000,0.000000,0.000000,0.000000,0.000000,0.000000,0.000000,0.000000,0.000000
0.000000,0.000000,0.000000,0.000000,0.000000,0.000000,0.000000,0.000000,0.000000,0.000000,0.000000,0.000000,0.000000,0.000000,0.000000,0.000000,0.000000,0.000000,0.000000,0.000000,0.000000,0.000000,0.000000,1000.000127,1000.000179,1000.000223,1000.000266,1000.000308,1000.000348,1000.000384,1000.000416,1000.000441,1000.000457,1000.000461,1000.000456,1000.000444,1000.000430,1000.000415,1000.000399,1000.000385,1000.000373,1000.000361,1000.000351,1000.000341,1000.000333,1000.000327,1000.000323,1000.000319,1000.000317,1000.000315,1000.000314,1000.000314,1000.000314,1000.000315,1000.000317,1000.000319,1000.000323,1000.000327,1000.000333,1000.000341,1000.000351,1000.000361,1000.000373,1000.000385,1000.000399,1000.000415,1000.000430,1000.000444,1000.000456,1000.000461,1000.000457,1000.000441,1000.000416,1000.000384,1000.000348,1000.000308,1000.000266,1000.000223,1000.000179,1000.000127,0.000000,0.000000,0.000000,0.000000,0.000000,0.000000,0.000000,0.000000,0.000000,0.000000,0.000000,0.000000,0.000000,0.000000,0.000000,0.000000,0.000000,0.000000,0.000000,0.000000,0.000000,0.000000,0.000000
0.000000,0.000000,0.000000,0.000000,0.000000,0.000000,0.000000,0.000000,0.000000,0.000000,0.000000,0.000000,0.000000,0.000000,0.000000,0.000000,0.000000,0.000000,0.000000,0.000000,0.000000,1000.000094,1000.000147,1000.000199,1000.000245,1000.000291,1000.000336,1000.000377,1000.000413,1000.000440,1000.000457,1000.000462,1000.000456,1000.000441,1000.000423,1000.000404,1000.000385,1000.000369,1000.000354,1000.000340,1000.000327,1000.000316,1000.000306,1000.000296,1000.000289,1000.000282,1000.000277,1000.000273,1000.000271,1000.000269,1000.000268,1000.000267,1000.000268,1000.000269,1000.000271,1000.000273,1000.000277,1000.000282,1000.000289,1000.000296,1000.000306,1000.000316,1000.000327,1000.000340,1000.000354,1000.000369,1000.000385,1000.000404,1000.000423,1000.000441,1000.000456,1000.000462,1000.000457,1000.000440,1000.000413,1000.000377,1000.000336,1000.000291,1000.000245,1000.000199,1000.000147,1000.000094,0.000000,0.000000,0.000000,0.000000,0.000000,0.000000,0.000000,0.000000,0.000000,0.000000,0.000000,0.000000,0.000000,0.000000,0.000000,0.000000,0.000000,0.000000,0.000000,0.000000,0.000000
0.000000,0.000000,0.000000,0.000000,0.000000,0.000000,0.000000,0.000000,0.000000,0.000000,0.000000,0.000000,0.000000,0.000000,0.000000,0.000000,0.000000,0.000000,0.000000,0.000000,1000.000109,1000.000166,1000.000214,1000.000262,1000.000310,1000.000358,1000.000401,1000.000434,1000.000454,1000.000461,1000.000456,1000.000441,1000.000422,1000.000400,1000.000379,1000.000359,1000.000341,1000.000325,1000.000310,1000.000296,1000.000284,1000.000272,1000.000262,1000.000253,1000.000245,1000.000238,1000.000233,1000.000229,1000.000226,1000.000223,1000.000222,1000.000222,1000.000222,1000.000223,1000.000226,1000.000229,1000.000233,1000.000238,1000.000245,1000.000253,1000.000262,1000.000272,1000.000284,1000.000296,1000.000310,1000.000325,1000.000341,1000.000359,1000.000379,1000.000400,1000.000422,1000.000441,1000.000456,1000.000461,1000.000454,1000.000434,1000.000401,1000.000358,1000.000310,1000.000262,1000.000214,1000.000166,1000.000109,0.000000,0.000000,0.000000,0.000000,0.000000,0.000000,0.000000,0.000000,0.000000,0.000000,0.000000,0.000000,0.000000,0.000000,0.000000,0.000000,0.000000,0.000000,0.000000,0.000000
0.000000,0.000000,0.000000,0.000000,0.000000,0.000000,0.000000,0.000000,0.000000,0.000000,0.000000,0.000000,0.000000,0.000000,0.000000,0.000000,0.000000,0.000000,0.000000,1000.000122,1000.000180,1000.000230,1000.000278,1000.000326,1000.000373,1000.000416,1000.000447,1000.000460,1000.000456,1000.000442,1000.000422,1000.000400,1000.000377,1000.000355,1000.000335,1000.000317,1000.000299,1000.000283,1000.000267,1000.000253,1000.000241,1000.000229,1000.000219,1000.000210,1000.000202,1000.000195,1000.000190,1000.000185,1000.000182,1000.000179,1000.000178,1000.000178,1000.000178,1000.000179,1000.000182,1000.000185,1000.000190,1000.000195,1000.000202,1000.000210,1000.000219,1000.000229,1000.000241,1000.000253,1000.000267,1000.000283,1000.000299,1000.000317,1000.000335,1000.000355,1000.000377,1000.000400,1000.000422,1000.000442,1000.000456,1000.000460,1000.000447,1000.000416,1000.000373,1000.000326,1000.000278,1000.000230,1000.000180,1000.000122,0.000000,0.000000,0.000000,0.000000,0.000000,0.000000,0.000000,0.000000,0.000000,0.000000,0.000000,0.000000,0.000000,0.000000,0.000000,0.000000,0.000000,0.000000,0.000000
0.000000,0.000000,0.000000,0.000000,0.000000,0.000000,0.000000,0.000000,0.000000,0.000000,0.000000,0.000000,0.000000,0.000000,0.000000,0.000000,0.000000,0.000000,1000.000130,1000.000189,1000.000242,1000.000292,1000.000343,1000.000388,1000.000427,1000.000454,1000.000460,1000.000447,1000.000427,1000.000403,1000.000379,1000.000356,1000.000334,1000.000313,1000.000294,1000.000275,1000.000257,1000.000241,1000.000226,1000.000212,1000.000199,1000.000188,1000.000177,1000.000168,1000.000160,1000.000153,1000.000147,1000.000143,1000.000139,1000.000137,1000.000135,1000.000135,1000.000135,1000.000137,1000.000139,1000.000143,1000.000147,1000.000153,1000.000160,1000.000168,1000.000177,1000.000188,1000.000199,1000.000212,1000.000226,1000.000241,1000.000257,1000.000275,1000.000294,1000.000313,1000.000334,1000.000356,1000.000379,1000.000403,1000.000427,1000.000447,1000.000460,1000.000454,1000.000427,1000.000388,1000.000343,1000.000292,1000.000242,1000.000189,1000.000130,0.000000,0.000000,0.000000,0.000000,0.000000,0.000000,0.000000,0.000000,0.000000,0.000000,0.000000,0.000000,0.000000,0.000000,0.000000,0.000000,0.000000,0.000000
0.000000,0.000000,0.000000,0.000000,0.000000,0.000000,0.000000,0.000000,0.000000,0.000000,0.000000,0.000000,0.000000,0.000000,0.000000,0.000000,0.000000,1000.000134,1000.000195,1000.000249,1000.000303,1000.000356,1000.000403,1000.000438,1000.000458,1000.000459,1000.000442,1000.000415,1000.000387,1000.000361,1000.000337,1000.000315,1000.000294,1000.000273,1000.000253,1000.000234,1000.000216,1000.000200,1000.000185,1000.000171,1000.000158,1000.000147,1000.000136,1000.000127,1000.000119,1000.000112,1000.000106,1000.000102,1000.000098,1000.000095,1000.000094,1000.000093,1000.000094,1000.000095,1000.000098,1000.000102,1000.000106,1000.000112,1000.000119,1000.000127,1000.000136,1000.000147,1000.000158,1000.000171,1000.000185,1000.000200,1000.000216,1000.000234,1000.000253,1000.000273,1000.000294,1000.000315,1000.000337,1000.000361,1000.000387,1000.000415,1000.000442,1000.000459,1000.000458,1000.000438,1000.000403,1000.000356,1000.000303,1000.000249,1000.000195,1000.000134,0.000000,0.000000,0.000000,0.000000,0.000000,0.000000,0.000000,0.000000,0.000000,0.000000,0.000000,0.000000,0.000000,0.000000,0.000000,0.000000,0.000000
0.000000,0.000000,0.000000,0.000000,0.000000,0.000000,0.000000,0.000000,0.000000,0.000000,0.000000,0.000000,0.000000,0.000000,0.000000,0.000000,1000.000135,1000.000198,1000.000254,1000.000309,1000.000364,1000.000412,1000.000447,1000.000460,1000.000454,1000.000434,1000.000406,1000.000375,1000.000347,1000.000322,1000.000299,1000.000276,1000.000253,1000.000232,1000.000213,1000.000194,1000.000177,1000.000161,1000.000145,1000.000131,1000.000119,1000.000107,1000.000097,1000.000087,1000.000079,1000.000072,1000.000066,1000.000062,1000.000058,1000.000055,1000.000054,1000.000053,1000.000054,1000.000055,1000.000058,1000.000062,1000.000066,1000.000072,1000.000079,1000.000087,1000.000097,1000.000107,1000.000119,1000.000131,1000.000145,1000.000161,1000.000177,1000.000194,1000.000213,1000.000232,1000.000253,1000.000276,1000.000299,1000.000322,1000.000347,1000.000375,1000.000406,1000.000434,1000.000454,1000.000460,1000.000447,1000.000412,1000.000364,1000.000309,1000.000254,1000.000198,1000.000135,0.000000,0.000000,0.000000,0.000000,0.000000,0.000000,0.000000,0.000000,0.000000,0.000000,0.000000,0.000000,0.000000,0.000000,0.000000,0.000000
0.000000,0.000000,0.000000,0.000000,0.000000,0.000000,0.000000,0.000000,0.000000,0.000000,0.000000,0.000000,0.000000,0.000000,0.000000,1000.000134,1000.000198,1000.000255,1000.000311,1000.000367,1000.000416,1000.000451,1000.000460,1000.000447,1000.000423,1000.000395,1000.000365,1000.000336,1000.000309,1000.000284,1000.000260,1000.000236,1000.000215,1000.000194,1000.000174,1000.000156,1000.000138,1000.000122,1000.000107,1000.000093,1000.000080,1000.000069,1000.000058,1000.000049,1000.000040,1000.000033,1000.000027,1000.000023,1000.000019,1000.000016,1000.000015,1000.000014,1000.000015,1000.000016,1000.000019,1000.000023,1000.000027,1000.000033,1000.000040,1000.000049,1000.000058,1000.000069,1000.000080,1000.000093,1000.000107,1000.000122,1000.000138,1000.000156,1000.000174,1000.000194,1000.000215,1000.000236,1000.000260,1000.000284,1000.000309,1000.000336,1000.000365,1000.000395,1000.000423,1000.000447,1000.000460,1000.000451,1000.000416,1000.000367,1000.000311,1000.000255,1000.000198,1000.000134,0.000000,0.000000,0.000000,0.000000,0.000000,0.000000,0.000000,0.000000,0.000000,0.000000,0.000000,0.000000,0.000000,0.000000,0.000000
0.000000,0.000000,0.000000,0.000000,0.000000,0.000000,0.000000,0.000000,0.000000,0.000000,0.000000,0.000000,0.000000,0.000000,1000.000130,1000.000195,1000.000254,1000.000311,1000.000368,1000.000418,1000.000452,1000.000460,1000.000444,1000.000416,1000.000385,1000.000354,1000.000326,1000.000299,1000.000273,1000.000247,1000.000222,1000.000199,1000.000177,1000.000157,1000.000137,1000.000118,1000.000101,1000.000085,1000.000070,1000.000056,1000.000043,1000.000031,1000.000021,1000.000011,1000.000003,999.999996,999.999990,999.999985,999.999981,999.999978,999.999977,999.999976,999.999977,999.999978,999.999981,999.999985,999.999990,999.999996,1000.000003,1000.000011,1000.000021,1000.000031,1000.000043,1000.000056,1000.000070,1000.000085,1000.000101,1000.000118,1000.000137,1000.000157,1000.000177,1000.000199,1000.000222,1000.000247,1000.000273,1000.000299,1000.000326,1000.000354,1000.000385,1000.000416,1000.000444,1000.000460,1000.000452,1000.000418,1000.000368,1000.000311,1000.000254,1000.000195,1000.000130,0.000000,0.000000,0.000000,0.000000,0.000000,0.000000,0.000000,0.000000,0.000000,0.000000,0.000000,0.000000,0.000000,0.000000
0.000000,0.000000,0.000000,0.000000,0.000000,0.000000,0.000000,0.000000,0.000000,0.000000,0.000000,0.000000,0.000000,1000.000122,1000.000189,1000.000249,1000.000309,1000.000367,1000.000418,1000.000453,1000.000460,1000.000443,1000.000412,1000.000379,1000.000347,1000.000318,1000.000290,1000.000262,1000.000236,1000.000210,1000.000186,1000.000163,1000.000141,1000.000120,1000.000100,1000.000082,1000.000065,1000.000048,1000.000033,1000.000019,1000.000006,999.999995,999.999984,999.999975,999.999966,999.999959,999.999953,999.999948,999.999945,999.999942,999.999940,999.999940,999.999940,999.999942,999.999945,999.999948,999.999953,999.999959,999.999966,999.999975,999.999984,999.999995,1000.000006,1000.000019,1000.000033,1000.000048,1000.000065,1000.000082,1000.000100,1000.000120,1000.000141,1000.000163,1000.000186,1000.000210,1000.000236,1000.000262,1000.000290,1000.000318,1000.000347,1000.000379,1000.000412,1000.000443,1000.000460,1000.000453,1000.000418,1000.000367,1000.000309,1000.000249,1000.000189,1000.000122,0.000000,0.000000,0.000000,0.000000,0.000000,0.000000,0.000000,0.000000,0.000000,0.000000,0.000000,0.000000,0.000000
0.000000,0.000000,0.000000,0.000000,0.000000,0.000000,0.000000,0.000000,0.000000,0.000000,0.000000,0.000000,1000.000109,1000.000180,1000.000242,1000.000303,1000.000364,1000.000416,1000.000452,1000.000460,1000.000442,1000.000411,1000.000376,1000.000343,1000.000312,1000.000283,1000.000254,1000.000227,1000.000200,1000.000175,1000.000151,1000.000128,1000.000106,1000.000085,1000.000065,1000.000047,1000.000029,1000.000013,999.999998,999.999984,999.999971,999.999959,999.999949,999.999939,999.999931,999.999924,999.999918,999.999913,999.999909,999.999906,999.999905,999.999904,999.999905,999.999906,999.999909,999.999913,999.999918,999.999924,999.999931,999.999939,999.999949,999.999959,999.999971,999.999984,999.999998,1000.000013,1000.000029,1000.000047,1000.000065,1000.000085,1000.000106,1000.000128,1000.000151,1000.000175,1000.000200,1000.000227,1000.000254,1000.000283,1000.000312,1000.000343,1000.000376,1000.000411,1000.000442,1000.000460,1000.000452,1000.000416,1000.000364,1000.000303,1000.000242,1000.000180,1000.000109,0.000000,0.000000,0.000000,0.000000,0.000000,0.000000,0.000000,0.000000,0.000000,0.000000,0.000000,0.000000
0.000000,0.000000,0.000000,0.000000,0.000000,0.000000,0.000000,0.000000,0.000000,0.000000,0.000000,1000.000094,1000.000166,1000.000230,1000.000292,1000.000356,1000.000412,1000.000451,1000.000460,1000.000443,1000.000411,1000.000375,1000.000341,1000.000309,1000.000279,1000.000249,1000.000220,1000.000192,1000.000166,1000.000141,1000.000116,1000.000093,1000.000072,1000.000051,1000.000031,1000.000012,999.999995,999.999979,999.999964,999.999950,999.999937,999.999925,999.999915,999.999905,999.999897,999.999890,999.999884,999.999879,999.999875,999.999872,999.999870,999.999870,999.999870,999.999872,999.999875,999.999879,999.999884,999.999890,999.999897,999.999905,999.999915,999.999925,999.999937,999.999950,999.999964,999.999979,999.999995,1000.000012,1000.000031,1000.000051,1000.000072,1000.000093,1000.000116,1000.000141,1000.000166,1000.000192,1000.000220,1000.000249,1000.000279,1000.000309,1000.000341,1000.000375,1000.000411,1000.000443,1000.000460,1000.000451,1000.000412,1000.000356,1000.000292,1000.000230,1000.000166,1000.000094,0.000000,0.000000,0.000000,0.000000,0.000000,0.000000,0.000000,0.000000,0.000000,0.000000,0.000000
0.000000,0.000000,0.000000,0.000000,0.000000,0.000000,0.000000,0.000000,0.000000,0.000000,0.000000,1000.000147,1000.000214,1000.000278,1000.000343,1000.000403,1000.000447,1000.000460,1000.000444,1000.000412,1000.000376,1000.000341,1000.000308,1000.000277,1000.000245,1000.000215,1000.000187,1000.000159,1000.000133,1000.000108,1000.000083,1000.000060,1000.000038,1000.000018,999.999998,999.999979,999.999962,999.999946,999.999931,999.999917,999.999904,999.999892,999.999882,999.999872,999.999864,999.999857,999.999850,999.999845,999.999842,999.999839,999.999837,999.999837,999.999837,999.999839,999.999842,999.999845,999.999850,999.999857,999.999864,999.999872,999.999882,999.999892,999.999904,999.999917,999.999931,999.999946,999.999962,999.999979,999.999998,1000.000018,1000.000038,1000.000060,1000.000083,1000.000108,1000.000133,1000.000159,1000.000187,1000.000215,1000.000245,1000.000277,1000.000308,1000.000341,1000.000376,1000.000412,1000.000444,1000.000460,1000.000447,1000.000403,1000.000343,1000.000278,1000.000214,1000.000147,0.000000,0.000000,0.000000,0.000000,0.000000,0.000000,0.000000,0.000000,0.000000,0.000000,0.000000
0.000000,0.000000,0.000000,0.000000,0.000000,0.000000,0.000000,0.000000,0.000000,0.000000,1000.000127,1000.000199,1000.000262,1000.000326,1000.000388,1000.000438,1000.000460,1000.000447,1000.000416,1000.000379,1000.000343,1000.000309,1000.000277,1000.000244,1000.000213,1000.000184,1000.000155,1000.000127,1000.000101,1000.000076,1000.000052,1000.000028,1000.000006,999.999986,999.999966,999.999948,999.999930,999.999914,999.999899,999.999885,999.999872,999.999860,999.999850,999.999840,999.999832,999.999825,999.999818,999.999813,999.999810,999.999807,999.999805,999.999805,999.999805,999.999807,999.999810,999.999813,999.999818,999.999825,999.999832,999.999840,999.999850,999.999860,999.999872,999.999885,999.999899,999.999914,999.999930,999.999948,999.999966,999.999986,1000.000006,1000.000028,1000.000052,1000.000076,1000.000101,1000.000127,1000.000155,1000.000184,1000.000213,1000.000244,1000.000277,1000.000309,1000.000343,1000.000379,1000.000416,1000.000447,1000.000460,1000.000438,1000.000388,1000.000326,1000.000262,1000.000199,1000.000127,0.000000,0.000000,0.000000,0.000000,0.000000,0.000000,0.000000,0.000000,0.000000,0.000000
0.000000,0.000000,0.000000,0.000000,0.000000,0.000000,0.000000,0.000000,0.000000,1000.000105,1000.000179,1000.000245,1000.000310,1000.000373,1000.000427,1000.000458,1000.000454,1000.000423,1000.000385,1000.000347,1000.000312,1000.000279,1000.000245,1000.000213,1000.000182,1000.000153,1000.000124,1000.000096,1000.000070,1000.000045,1000.000021,999.999998,999.999976,999.999955,999.999935,999.999917,999.999899,999.999883,999.999868,999.999854,999.999841,999.999829,999.999819,999.999809,999.999801,999.999794,999.999788,999.999783,999.999779,999.999776,999.999774,999.999774,999.999774,999.999776,999.999779,999.999783,999.999788,999.999794,999.999801,999.999809,999.999819,999.999829,999.999841,999.999854,999.999868,999.999883,999.999899,999.999917,999.999935,999.999955,999.999976,999.999998,1000.000021,1000.000045,1000.000070,1000.000096,1000.000124,1000.000153,1000.000182,1000.000213,1000.000245,1000.000279,1000.000312,1000.000347,1000.000385,1000.000423,1000.000454,1000.000458,1000.000427,1000.000373,1000.000310,1000.000245,1000.000179,1000.000105,0.000000,0.000000,0.000000,0.000000,0.000000,0.000000,0.000000,0.000000,0.000000
0.000000,0.000000,0.000000,0.000000,0.000000,0.000000,0.000000,0.000000,0.000000,1000.000153,1000.000223,1000.000291,1000.000358,1000.000416,1000.000454,1000.000459,1000.000434,1000.000395,1000.000354,1000.000318,1000.000283,1000.000249,1000.000215,1000.000184,1000.000153,1000.000123,1000.000094,1000.000067,1000.000040,1000.000015,999.999991,999.999968,999.999946,999.999925,999.999906,999.999887,999.999870,999.999853,999.999838,999.999824,999.999811,999.999800,999.999789,999.999780,999.999771,999.999764,999.999758,999.999753,999.999749,999.999746,999.999744,999.999744,999.999744,999.999746,999.999749,999.999753,999.999758,999.999764,999.999771,999.999780,999.999789,999.999800,999.999811,999.999824,999.999838,999.999853,999.999870,999.999887,999.999906,999.999925,999.999946,999.999968,999.999991,1000.000015,1000.000040,1000.000067,1000.000094,1000.000123,1000.000153,1000.000184,1000.000215,1000.000249,1000.000283,1000.000318,1000.000354,1000.000395,1000.000434,1000.000459,1000.000454,1000.000416,1000.000358,1000.000291,1000.000223,1000.000153,0.000000,0.000000,0.000000,0.000000,0.000000,0.000000,0.000000,0.000000,0.000000
0.000000,0.000000,0.000000,0.000000,0.000000,0.000000,0.000000,0.000000,1000.000123,1000.000198,1000.000266,1000.000336,1000.000401,1000.000447,1000.000460,1000.000442,1000.000406,1000.000365,1000.000326,1000.000290,1000.000254,1000.000220,1000.000187,1000.000155,1000.000124,1000.000094,1000.000066,1000.000038,1000.000012,999.999986,999.999962,999.999939,999.999917,999.999897,999.999877,999.999858,999.999841,999.999825,999.999810,999.999796,999.999783,999.999771,999.999760,999.999751,999.999743,999.999735,999.999729,999.999724,999.999720,999.999717,999.999716,999.999715,999.999716,999.999717,999.999720,999.999724,999.999729,999.999735,999.999743,999.999751,999.999760,999.999771,999.999783,999.999796,999.999810,999.999825,999.999841,999.999858,999.999877,999.999897,999.999917,999.999939,999.999962,999.999986,1000.000012,1000.000038,1000.000066,1000.000094,1000.000124,1000.000155,1000.000187,1000.000220,1000.000254,1000.000290,1000.000326,1000.000365,1000.000406,1000.000442,1000.000460,1000.000447,1000.000401,1000.000336,1000.000266,1000.000198,1000.000123,0.000000,0.000000,0.000000,0.000000,0.000000,0.000000,0.000000,0.000000
0.000000,0.000000,0.000000,0.000000,0.000000,0.000000,0.000000,0.000000,1000.000166,1000.000238,1000.000308,1000.000377,1000.000434,1000.000460,1000.000447,1000.000415,1000.000375,1000.000336,1000.000299,1000.000262,1000.000227,1000.000192,1000.000159,1000.000127,1000.000096,1000.000067,1000.000038,1000.000011,999.999984,999.999959,999.999935,999.999912,999.999890,999.999869,999.999850,999.999831,999.999814,999.999797,999.999782,999.999768,999.999755,999.999744,999.999733,999.999723,999.999715,999.999708,999.999702,999.999697,999.999693,999.999690,999.999688,999.999688,999.999688,999.999690,999.999693,999.999697,999.999702,999.999708,999.999715,999.999723,999.999733,999.999744,999.999755,999.999768,999.999782,999.999797,999.999814,999.999831,999.999850,999.999869,999.999890,999.999912,999.999935,999.999959,999.999984,1000.000011,1000.000038,1000.000067,1000.000096,1000.000127,1000.000159,1000.000192,1000.000227,1000.000262,1000.000299,1000.000336,1000.000375,1000.000415,1000.000447,1000.000460,1000.000434,1000.000377,1000.000308,1000.000238,1000.000166,0.000000,0.000000,0.000000,0.000000,0.000000,0.000000,0.000000,0.000000
0.000000,0.000000,0.000000,0.000000,0.000000,0.000000,0.000000,1000.000129,1000.000207,1000.000277,1000.000348,1000.000413,1000.000454,1000.000456,1000.000427,1000.000387,1000.000347,1000.000309,1000.000273,1000.000236,1000.000200,1000.000166,1000.000133,1000.000101,1000.000070,1000.000040,1000.000012,999.999984,999.999958,999.999933,999.999908,999.999885,999.999864,999.999843,999.999823,999.999805,999.999787,999.999771,999.999756,999.999742,999.999729,999.999717,999.999707,999.999697,999.999689,999.999681,999.999675,999.999670,999.999666,999.999664,999.999662,999.999661,999.999662,999.999664,999.999666,999.999670,999.999675,999.999681,999.999689,999.999697,999.999707,999.999717,999.999729,999.999742,999.999756,999.999771,999.999787,999.999805,999.999823,999.999843,999.999864,999.999885,999.999908,999.999933,999.999958,999.999984,1000.000012,1000.000040,1000.000070,1000.000101,1000.000133,1000.000166,1000.000200,1000.000236,1000.000273,1000.000309,1000.000347,1000.000387,1000.000427,1000.000456,1000.000454,1000.000413,1000.000348,1000.000277,1000.000207,1000.000129,0.000000,0.000000,0.000000,0.000000,0.000000,0.000000,0.000000
0.000000,0.000000,0.000000,0.000000,0.000000,0.000000,0.000000,1000.000170,1000.000243,1000.000314,1000.000384,1000.000440,1000.000461,1000.000442,1000.000403,1000.000361,1000.000322,1000.000284,1000.000247,1000.000210,1000.000175,1000.000141,1000.000108,1000.000076,1000.000045,1000.000015,999.999986,999.999959,999.999933,999.999907,999.999883,999.999860,999.999838,999.999818,999.999798,999.999779,999.999762,999.999746,999.999731,999.999717,999.999704,999.999692,999.999681,999.999672,999.999663,999.999656,999.999650,999.999645,999.999641,999.999638,999.999637,999.999636,999.999637,999.999638,999.999641,999.999645,999.999650,999.999656,999.999663,999.999672,999.999681,999.999692,999.999704,999.999717,999.999731,999.999746,999.999762,999.999779,999.999798,999.999818,999.999838,999.999860,999.999883,999.999907,999.999933,999.999959,999.999986,1000.000015,1000.000045,1000.000076,1000.000108,1000.000141,1000.000175,1000.000210,1000.000247,1000.000284,1000.000322,1000.000361,1000.000403,1000.000442,1000.000461,1000.000440,1000.000384,1000.000314,1000.000243,1000.000170,0.000000,0.000000,0.000000,0.000000,0.000000,0.000000,0.000000
0.000000,0.000000,0.000000,0.000000,0.000000,0.000000,1000.000130,1000.000208,1000.000279,1000.000351,1000.000416,1000.000457,1000.000456,1000.000422,1000.000379,1000.000337,1000.000299,1000.000260,1000.000222,1000.000186,1000.000151,1000.000116,1000.000083,1000.000052,1000.000021,999.999991,999.999962,999.999935,999.999908,999.999883,999.999859,999.999836,999.999814,999.999793,999.999774,999.999755,999.999738,999.999722,999.999707,999.999693,999.999680,999.999668,999.999657,999.999648,999.999639,999.999632,999.999626,999.999621,999.999617,999.999614,999.999612,999.999612,999.999612,999.999614,999.999617,999.999621,999.999626,999.999632,999.999639,999.999648,999.999657,999.999668,999.999680,999.999693,999.999707,999.999722,999.999738,999.999755,999.999774,999.999793,999.999814,999.999836,999.999859,999.999883,999.999908,999.999935,999.999962,999.999991,1000.000021,1000.000052,1000.000083,1000.000116,1000.000151,1000.000186,1000.000222,1000.000260,1000.000299,1000.000337,1000.000379,1000.000422,1000.000456,1000.000457,1000.000416,1000.000351,1000.000279,1000.000208,1000.000130,0.000000,0.000000,0.000000,0.000000,0.000000,0.000000
0.000000,0.000000,0.000000,0.000000,0.000000,0.000000,1000.000167,1000.000242,1000.000314,1000.000385,1000.000441,1000.000462,1000.000441,1000.000400,1000.000356,1000.000315,1000.000276,1000.000236,1000.000199,1000.000163,1000.000128,1000.000093,1000.000060,1000.000028,999.999998,999.999968,999.999939,999.999912,999.999885,999.999860,999.999836,999.999813,999.999791,999.999770,999.999751,999.999732,999.999715,999.999699,999.999684,999.999670,999.999657,999.999645,999.999634,999.999625,999.999616,999.999609,999.999603,999.999598,999.999594,999.999591,999.999589,999.999589,999.999589,999.999591,999.999594,999.999598,999.999603,999.999609,999.999616,999.999625,999.999634,999.999645,999.999657,999.999670,999.999684,999.999699,999.999715,999.999732,999.999751,999.999770,999.999791,999.999813,999.999836,999.999860,999.999885,999.999912,999.999939,999.999968,999.999998,1000.000028,1000.000060,1000.000093,1000.000128,1000.000163,1000.000199,1000.000236,1000.000276,1000.000315,1000.000356,1000.000400,1000.000441,1000.000462,1000.000441,1000.000385,1000.000314,1000.000242,1000.000167,0.000000,0.000000,0.000000,0.000000,0.000000,0.000000
0.000000,0.000000,0.000000,0.000000,0.000000,1000.000124,1000.000204,1000.000276,1000.000349,1000.000415,1000.000457,1000.000456,1000.000422,1000.000377,1000.000334,1000.000294,1000.000253,1000.000215,1000.000177,1000.000141,1000.000106,1000.000072,1000.000038,1000.000006,999.999976,999.999946,999.999917,999.999890,999.999864,999.999838,999.999814,999.999791,999.999769,999.999749,999.999729,999.999710,999.999693,999.999677,999.999662,999.999648,999.999635,999.999623,999.999612,999.999603,999.999594,999.999587,999.999581,999.999576,999.999572,999.999569,999.999568,999.999567,999.999568,999.999569,999.999572,999.999576,999.999581,999.999587,999.999594,999.999603,999.999612,999.999623,999.999635,999.999648,999.999662,999.999677,999.999693,999.999710,999.999729,999.999749,999.999769,999.999791,999.999814,999.999838,999.999864,999.999890,999.999917,999.999946,999.999976,1000.000006,1000.000038,1000.000072,1000.000106,1000.000141,1000.000177,1000.000215,1000.000253,1000.000294,1000.000334,1000.000377,1000.000422,1000.000456,1000.000457,1000.000415,1000.000349,1000.000276,1000.000204,1000.000124,0.000000,0.000000,0.000000,0.000000,0.000000
0.000000,0.000000,0.000000,0.000000,0.000000,1000.000157,1000.000234,1000.000308,1000.000381,1000.000440,1000.000461,1000.000441,1000.000400,1000.000355,1000.000313,1000.000273,1000.000232,1000.000194,1000.000157,1000.000120,1000.000085,1000.000051,1000.000018,999.999986,999.999955,999.999925,999.999897,999.999869,999.999843,999.999818,999.999793,999.999770,999.999749,999.999728,999.999708,999.999690,999.999672,999.999656,999.999641,999.999627,999.999614,999.999602,999.999592,999.999582,999.999574,999.999566,999.999560,999.999555,999.999551,999.999548,999.999547,999.999546,999.999547,999.999548,999.999551,999.999555,999.999560,999.999566,999.999574,999.999582,999.999592,999.999602,999.999614,999.999627,999.999641,999.999656,999.999672,999.999690,999.999708,999.999728,999.999749,999.999770,999.999793,999.999818,999.999843,999.999869,999.999897,999.999925,999.999955,999.999986,1000.000018,1000.000051,1000.000085,1000.000120,1000.000157,1000.000194,1000.000232,1000.000273,1000.000313,1000.000355,1000.000400,1000.000441,1000.000461,1000.000440,1000.000381,1000.000308,1000.000234,1000.000157,0.000000,0.000000,0.000000,0.000000,0.000000
0.000000,0.000000,0.000000,0.000000,1000.000109,1000.000189,1000.000264,1000.000339,1000.000409,1000.000455,1000.000456,1000.000423,1000.000379,1000.000335,1000.000294,1000.000253,1000.000213,1000.000174,1000.000137,1000.000100,1000.000065,1000.000031,999.999998,999.999966,999.999935,999.999906,999.999877,999.999850,999.999823,999.999798,999.999774,999.999751,999.999729,999.999708,999.999689,999.999670,999.999653,999.999636,999.999621,999.999607,999.999594,999.999583,999.999572,999.999562,999.999554,999.999547,999.999541,999.999536,999.999532,999.999529,999.999527,999.999527,999.999527,999.999529,999.999532,999.999536,999.999541,999.999547,999.999554,999.999562,999.999572,999.999583,999.999594,999.999607,999.999621,999.999636,999.999653,999.999670,999.999689,999.999708,999.999729,999.999751,999.999774,999.999798,999.999823,999.999850,999.999877,999.999906,999.999935,999.999966,999.999998,1000.000031,1000.000065,1000.000100,1000.000137,1000.000174,1000.000213,1000.000253,1000.000294,1000.000335,1000.000379,1000.000423,1000.000456,1000.000455,1000.000409,1000.000339,1000.000264,1000.000189,1000.000109,0.000000,0.000000,0.000000,0.000000
0.000000,0.000000,0.000000,0.000000,1000.000138,1000.000216,1000.000291,1000.000367,1000.000432,1000.000460,1000.000444,1000.000404,1000.000359,1000.000317,1000.000275,1000.000234,1000.000194,1000.000156,1000.000118,1000.000082,1000.000047,1000.000012,999.999979,999.999948,999.999917,999.999887,999.999858,999.999831,999.999805,999.999779,999.999755,999.999732,999.999710,999.999690,999.999670,999.999652,999.999634,999.999618,999.999603,999.999589,999.999576,999.999564,999.999553,999.999544,999.999535,999.999528,999.999522,999.999517,999.999513,999.999510,999.999509,999.999508,999.999509,999.999510,999.999513,999.999517,999.999522,999.999528,999.999535,999.999544,999.999553,999.999564,999.999576,999.999589,999.999603,999.999618,999.999634,999.999652,999.999670,999.999690,999.999710,999.999732,999.999755,999.999779,999.999805,999.999831,999.999858,999.999887,999.999917,999.999948,999.999979,1000.000012,1000.000047,1000.000082,1000.000118,1000.000156,1000.000194,1000.000234,1000.000275,1000.000317,1000.000359,1000.000404,1000.000444,1000.000460,1000.000432,1000.000367,1000.000291,1000.000216,1000.000138,0.000000,0.000000,0.000000,0.000000
