0.000000,0.000000,0.000000,0.000000,0.000000,0.000000,0.000000,0.000000,0.000000,0.000000,0.000000,0.000000,0.000000,0.000000,0.000000,0.000000,0.000000,0.000000,0.000000,0.000000,0.000000,0.000000,0.000000,0.000000,0.000000,0.000000,0.000000,0.000000,0.000000,0.000000,0.000000,0.000000,0.000000,0.000000,0.000000,0.000000,0.000000,0.000000,0.000000,0.000000,0.000000,0.000000,0.000000,0.000000,0.000000,0.000000,0.000000,0.000000,0.000000,0.000000,0.000000,0.000000,0.000000,0.000000,0.000000,0.000000,0.000000,0.000000,0.000000,0.000000,0.000000,0.000000,0.000000,0.000000,0.000000,0.000000,0.000000,0.000000,0.000000,0.000000,0.000000,0.000000,0.000000,0.000000,0.000000,0.000000,0.000000,0.000000,0.000000,0.000000,0.000000,0.000000,0.000000,0.000000,0.000000,0.000000,0.000000,0.000000,0.000000,0.000000,0.000000,0.000000,0.000000,0.000000,0.000000,0.000000,0.000000,0.000000,0.000000,0.000000,0.000000,0.000000,0.000000
0.000000,0.000000,0.000000,0.000000,0.000000,0.000000,0.000000,0.000000,0.000000,0.000000,0.000000,0.000000,0.000000,0.000000,0.000000,0.000000,0.000000,0.000000,0.000000,0.000000,0.000000,0.000000,0.000000,0.000000,0.000000,0.000000,0.000000,0.000000,0.000000,0.000000,0.000000,0.000000,0.000000,0.000000,0.000000,0.000000,0.000000,0.000000,0.000000,0.000000,0.000000,0.000000,0.000000,0.000000,0.000000,0.000000,0.000000,0.000000,0.000000,0.000000,0.000000,1000.000081,0.000000,0.000000,0.000000,0.000000,0.000000,0.000000,0.000000,0.000000,0.000000,0.000000,0.000000,0.000000,0.000000,0.000000,0.000000,0.000000,0.000000,0.000000,0.000000,0.000000,0.000000,0.000000,0.000000,0.000000,0.000000,0.000000,0.000000,0.000000,0.000000,0.000000,0.000000,0.000000,0.000000,0.000000,0.000000,0.000000,0.000000,0.000000,0.000000,0.000000,0.000000,0.000000,0.000000,0.000000,0.000000,0.000000,0.000000,0.000000,0.000000,0.000000,0.000000
0.000000,0.000000,0.000000,0.000000,0.000000,0.000000,0.000000,0.000000,0.000000,0.000000,0.000000,0.000000,0.000000,0.000000,0.000000,0.000000,0.000000,0.000000,0.000000,0.000000,0.000000,0.000000,0.000000,0.000000,0.000000,0.000000,0.000000,0.000000,0.000000,0.000000,0.000000,0.000000,0.000000,0.000000,0.000000,0.000000,0.000000,0.000000,0.000000,0.000000,0.000000,0.000000,1000.000147,1000.000171,1000.000183,1000.000190,1000.000193,1000.000194,1000.000194,1000.000193,1000.000192,1000.000198,1000.000192,1000.000193,1000.000194,1000.000194,1000.000193,1000.000190,1000.000183,1000.000171,1000.000147,0.000000,0.000000,0.000000,0.000000,0.000000,0.000000,0.000000,0.000000,0.000000,0.000000,0.000000,0.000000,0.000000,0.000000,0.000000,0.000000,0.000000,0.000000,0.000000,0.000000,0.000000,0.000000,0.000000,0.000000,0.000000,0.000000,0.000000,0.000000,0.000000,0.000000,0.000000,0.000000,0.000000,0.000000,0.000000,0.000000,0.000000,0.000000,0.000000,0.000000,0.000000,0.000000
0.000000,0.000000,0.000000,0.000000,0.000000,0.000000,0.000000,0.000000,0.000000,0.000000,0.000000,0.000000,0.000000,0.000000,0.000000,0.000000,0.000000,0.000000,0.000000,0.000000,0.000000,0.000000,0.000000,0.000000,0.000000,0.000000,0.000000,0.000000,0.000000,0.000000,0.000000,0.000000,0.000000,0.000000,0.000000,0.000000,0.000000,1000.000141,1000.000177,1000.000205,1000.000228,1000.000246,1000.000263,1000.000279,1000.000290,1000.000299,1000.000303,1000.000305,1000.000306,1000.000307,1000.000306,1000.000307,1000.000306,1000.000307,1000.000306,1000.000305,1000.000303,1000.000299,1000.000290,1000.000279,1000.000263,1000.000246,1000.000228,1000.000205,1000.000177,1000.000141,0.000000,0.000000,0.000000,0.000000,0.000000,0.000000,0.000000,0.000000,0.000000,0.000000,0.000000,0.000000,0.000000,0.000000,0.000000,0.000000,0.000000,0.000000,0.000000,0.000000,0.000000,0.000000,0.000000,0.000000,0.000000,0.000000,0.000000,0.000000,0.000000,0.000000,0.000000,0.000000,0.000000,0.000000,0.000000,0.000000,0.000000
0.000000,0.000000,0.000000,0.000000,0.000000,0.000000,0.000000,0.000000,0.000000,0.000000,0.000000,0.000000,0.000000,0.000000,0.000000,0.000000,0.000000,0.000000,0.000000,0.000000,0.000000,0.000000,0.000000,0.000000,0.000000,0.000000,0.000000,0.000000,0.000000,0.000000,0.000000,0.000000,0.000000,0.000000,1000.000147,1000.000188,1000.000221,1000.000254,1000.000283,1000.000309,1000.000334,1000.000354,1000.000373,1000.000388,1000.000400,1000.000407,1000.000411,1000.000414,1000.000415,1000.000415,1000.000416,1000.000415,1000.000416,1000.000415,1000.000415,1000.000414,1000.000411,1000.000407,1000.000400,1000.000388,1000.000373,1000.000354,1000.000334,1000.000309,1000.000283,1000.000254,1000.000221,1000.000188,1000.000147,0.000000,0.000000,0.000000,0.000000,0.000000,0.000000,0.000000,0.000000,0.000000,0.000000,0.000000,0.000000,0.000000,0.000000,0.000000,0.000000,0.000000,0.000000,0.000000,0.000000,0.000000,0.000000,0.000000,0.000000,0.000000,0.000000,0.000000,0.000000,0.000000,0.000000,0.000000,0.000000,0.000000,0.000000
0.000000,0.000000,0.000000,0.000000,0.000000,0.000000,0.000000,0.000000,0.000000,0.000000,0.000000,0.000000,0.000000,0.000000,0.000000,0.000000,0.000000,0.000000,0.000000,0.000000,0.000000,0.000000,0.000000,0.000000,0.000000,0.000000,0.000000,0.000000,0.000000,0.000000,0.000000,0.000000,1000.000168,1000.000214,1000.000257,1000.000293,1000.000326,1000.000359,1000.000388,1000.000414,1000.000438,1000.000461,1000.000482,1000.000497,1000.000507,1000.000513,1000.000516,1000.000518,1000.000519,1000.000519,1000.000519,1000.000519,1000.000519,1000.000519,1000.000519,1000.000518,1000.000516,1000.000513,1000.000507,1000.000497,1000.000482,1000.000461,1000.000438,1000.000414,1000.000388,1000.000359,1000.000326,1000.000293,1000.000257,1000.000214,1000.000168,0.000000,0.000000,0.000000,0.000000,0.000000,0.000000,0.000000,0.000000,0.000000,0.000000,0.000000,0.000000,0.000000,0.000000,0.000000,0.000000,0.000000,0.000000,0.000000,0.000000,0.000000,0.000000,0.000000,0.000000,0.000000,0.000000,0.000000,0.000000,0.000000,0.000000,0.000000,0.000000
0.000000,0.000000,0.000000,0.000000,0.000000,0.000000,0.000000,0.000000,0.000000,0.000000,0.000000,0.000000,0.000000,0.000000,0.000000,0.000000,0.000000,0.000000,0.000000,0.000000,0.000000,0.000000,0.000000,0.000000,0.000000,0.000000,0.000000,0.000000,0.000000,0.000000,1000.000176,1000.000227,1000.000276,1000.000318,1000.000358,1000.000395,1000.000431,1000.000464,1000.000492,1000.000517,1000.000538,1000.000557,1000.000573,1000.000584,1000.000590,1000.000593,1000.000595,1000.000596,1000.000596,1000.000596,1000.000596,1000.000596,1000.000596,1000.000596,1000.000596,1000.000596,1000.000595,1000.000593,1000.000590,1000.000584,1000.000573,1000.000557,1000.000538,1000.000517,1000.000492,1000.000464,1000.000431,1000.000395,1000.000358,1000.000318,1000.000276,1000.000227,1000.000176,0.000000,0.000000,0.000000,0.000000,0.000000,0.000000,0.000000,0.000000,0.000000,0.000000,0.000000,0.000000,0.000000,0.000000,0.000000,0.000000,0.000000,0.000000,0.000000,0.000000,0.000000,0.000000,0.000000,0.000000,0.000000,0.000000,0.000000,0.000000,0.000000,0.000000
0.000000,0.000000,0.000000,0.000000,0.000000,0.000000,0.000000,0.000000,0.000000,0.000000,0.000000,0.000000,0.000000,0.000000,0.000000,0.000000,0.000000,0.000000,0.000000,0.000000,0.000000,0.000000,0.000000,0.000000,0.000000,0.000000,0.000000,0.000000,1000.000176,1000.000230,1000.000283,1000.000329,1000.000375,1000.000418,1000.000460,1000.000498,1000.000530,1000.000558,1000.000581,1000.000596,1000.000606,1000.000613,1000.000615,1000.000614,1000.000612,1000.000611,1000.000611,1000.000610,1000.000609,1000.000609,1000.000608,1000.000608,1000.000608,1000.000609,1000.000609,1000.000610,1000.000611,1000.000611,1000.000612,1000.000614,1000.000615,1000.000613,1000.000606,1000.000596,1000.000581,1000.000558,1000.000530,1000.000498,1000.000460,1000.000418,1000.000375,1000.000329,1000.000283,1000.000230,1000.000176,0.000000,0.000000,0.000000,0.000000,0.000000,0.000000,0.000000,0.000000,0.000000,0.000000,0.000000,0.000000,0.000000,0.000000,0.000000,0.000000,0.000000,0.000000,0.000000,0.000000,0.000000,0.000000,0.000000,0.000000,0.000000,0.000000,0.000000,0.000000
0.000000,0.000000,0.000000,0.000000,0.000000,0.000000,0.000000,0.000000,0.000000,0.000000,0.000000,0.000000,0.000000,0.000000,0.000000,0.000000,0.000000,0.000000,0.000000,0.000000,0.000000,0.000000,0.000000,0.000000,0.000000,0.000000,1000.000167,1000.000225,1000.000281,1000.000330,1000.000379,1000.000427,1000.000473,1000.000516,1000.000554,1000.000583,1000.000603,1000.000615,1000.000620,1000.000619,1000.000615,1000.000607,1000.000594,1000.000583,1000.000574,1000.000569,1000.000566,1000.000564,1000.000563,1000.000561,1000.000561,1000.000561,1000.000561,1000.000561,1000.000563,1000.000564,1000.000566,1000.000569,1000.000574,1000.000583,1000.000594,1000.000607,1000.000615,1000.000619,1000.000620,1000.000615,1000.000603,1000.000583,1000.000554,1000.000516,1000.000473,1000.000427,1000.000379,1000.000330,1000.000281,1000.000225,1000.000167,0.000000,0.000000,0.000000,0.000000,0.000000,0.000000,0.000000,0.000000,0.000000,0.000000,0.000000,0.000000,0.000000,0.000000,0.000000,0.000000,0.000000,0.000000,0.000000,0.000000,0.000000,0.000000,0.000000,0.000000,0.000000,0.000000
0.000000,0.000000,0.000000,0.000000,0.000000,0.000000,0.000000,0.000000,0.000000,0.000000,0.000000,0.000000,0.000000,0.000000,0.000000,0.000000,0.000000,0.000000,0.000000,0.000000,0.000000,0.000000,0.000000,0.000000,1000.000143,1000.000208,1000.000270,1000.000323,1000.000376,1000.000427,1000.000476,1000.000522,1000.000562,1000.000593,1000.000613,1000.000621,1000.000619,1000.000611,1000.000598,1000.000584,1000.000569,1000.000554,1000.000538,1000.000524,1000.000513,1000.000507,1000.000502,1000.000498,1000.000496,1000.000494,1000.000493,1000.000493,1000.000493,1000.000494,1000.000496,1000.000498,1000.000502,1000.000507,1000.000513,1000.000524,1000.000538,1000.000554,1000.000569,1000.000584,1000.000598,1000.000611,1000.000619,1000.000621,1000.000613,1000.000593,1000.000562,1000.000522,1000.000476,1000.000427,1000.000376,1000.000323,1000.000270,1000.000208,1000.000143,0.000000,0.000000,0.000000,0.000000,0.000000,0.000000,0.000000,0.000000,0.000000,0.000000,0.000000,0.000000,0.000000,0.000000,0.000000,0.000000,0.000000,0.000000,0.000000,0.000000,0.000000,0.000000,0.000000,0.000000
0.000000,0.000000,0.000000,0.000000,0.000000,0.000000,0.000000,0.000000,0.000000,0.000000,0.000000,0.000000,0.000000,0.000000,0.000000,0.000000,0.000000,0.000000,0.000000,0.000000,0.000000,0.000000,0.000000,1000.000173,1000.000243,1000.000303,1000.000362,1000.000418,1000.000472,1000.000521,1000.000563,1000.000596,1000.000616,1000.000622,1000.000616,1000.000601,1000.000582,1000.000562,1000.000542,1000.000523,1000.000506,1000.000491,1000.000476,1000.000463,1000.000452,1000.000444,1000.000438,1000.000434,1000.000430,1000.000428,1000.000427,1000.000426,1000.000427,1000.000428,1000.000430,1000.000434,1000.000438,1000.000444,1000.000452,1000.000463,1000.000476,1000.000491,1000.000506,1000.000523,1000.000542,1000.000562,1000.000582,1000.000601,1000.000616,1000.000622,1000.000616,1000.000596,1000.000563,1000.000521,1000.000472,1000.000418,1000.000362,1000.000303,1000.000243,1000.000173,0.000000,0.000000,0.000000,0.000000,0.000000,0.000000,0.000000,0.000000,0.000000,0.000000,0.000000,0.000000,0.000000,0.000000,0.000000,0.000000,0.000000,0.000000,0.000000,0.000000,0.000000,0.000000,0.000000
0.000000,0.000000,0.000000,0.000000,0.000000,0.000000,0.000000,0.000000,0.000000,0.000000,0.000000,0.000000,0.000000,0.000000,0.000000,0.000000,0.000000,0.000000,0.000000,0.000000,0.000000,1000.000128,1000.000200,1000.000270,1000.000333,1000.000395,1000.000456,1000.000511,1000.000558,1000.000594,1000.000616,1000.000623,1000.000616,1000.000597,1000.000573,1000.000548,1000.000523,1000.000501,1000.000481,1000.000461,1000.000444,1000.000429,1000.000415,1000.000402,1000.000392,1000.000383,1000.000376,1000.000371,1000.000367,1000.000365,1000.000363,1000.000363,1000.000363,1000.000365,1000.000367,1000.000371,1000.000376,1000.000383,1000.000392,1000.000402,1000.000415,1000.000429,1000.000444,1000.000461,1000.000481,1000.000501,1000.000523,1000.000548,1000.000573,1000.000597,1000.000616,1000.000623,1000.000616,1000.000594,1000.000558,1000.000511,1000.000456,1000.000395,1000.000333,1000.000270,1000.000200,1000.000128,0.000000,0.000000,0.000000,0.000000,0.000000,0.000000,0.000000,0.000000,0.000000,0.000000,0.000000,0.000000,0.000000,0.000000,0.000000,0.000000,0.000000,0.000000,0.000000,0.000000,0.000000
0.000000,0.000000,0.000000,0.000000,0.000000,0.000000,0.000000,0.000000,0.000000,0.000000,0.000000,0.000000,0.000000,0.000000,0.000000,0.000000,0.000000,0.000000,0.000000,0.000000,1000.000149,1000.000225,1000.000291,1000.000356,1000.000421,1000.000485,1000.000542,1000.000587,1000.000613,1000.000622,1000.000616,1000.000597,1000.000571,1000.000543,1000.000514,1000.000487,1000.000463,1000.000441,1000.000421,1000.000402,1000.000385,1000.000369,1000.000355,1000.000343,1000.000332,1000.000323,1000.000316,1000.000311,1000.000306,1000.000303,1000.000302,1000.000301,1000.000302,1000.000303,1000.000306,1000.000311,1000.000316,1000.000323,1000.000332,1000.000343,1000.000355,1000.000369,1000.000385,1000.000402,1000.000421,1000.000441,1000.000463,1000.000487,1000.000514,1000.000543,1000.000571,1000.000597,1000.000616,1000.000622,1000.000613,1000.000587,1000.000542,1000.000485,1000.000421,1000.000356,1000.000291,1000.000225,1000.000149,0.000000,0.000000,0.000000,0.000000,0.000000,0.000000,0.000000,0.000000,0.000000,0.000000,0.000000,0.000000,0.000000,0.000000,0.000000,0.000000,0.000000,0.000000,0.000000,0.000000
0.000000,0.000000,0.000000,0.000000,0.000000,0.000000,0.000000,0.000000,0.000000,0.000000,0.000000,0.000000,0.000000,0.000000,0.000000,0.000000,0.000000,0.000000,0.000000,1000.000166,1000.000244,1000.000312,1000.000377,1000.000443,1000.000506,1000.000562,1000.000603,1000.000620,1000.000616,1000.000598,1000.000572,1000.000543,1000.000512,1000.000482,1000.000455,1000.000430,1000.000406,1000.000384,1000.000363,1000.000344,1000.000327,1000.000311,1000.000297,1000.000285,1000.000274,1000.000265,1000.000257,1000.000251,1000.000247,1000.000244,1000.000242,1000.000241,1000.000242,1000.000244,1000.000247,1000.000251,1000.000257,1000.000265,1000.000274,1000.000285,1000.000297,1000.000311,1000.000327,1000.000344,1000.000363,1000.000384,1000.000406,1000.000430,1000.000455,1000.000482,1000.000512,1000.000543,1000.000572,1000.000598,1000.000616,1000.000620,1000.000603,1000.000562,1000.000506,1000.000443,1000.000377,1000.000312,1000.000244,1000.000166,0.000000,0.000000,0.000000,0.000000,0.000000,0.000000,0.000000,0.000000,0.000000,0.000000,0.000000,0.000000,0.000000,0.000000,0.000000,0.000000,0.000000,0.000000,0.000000
0.000000,0.000000,0.000000,0.000000,0.000000,0.000000,0.000000,0.000000,0.000000,0.000000,0.000000,0.000000,0.000000,0.000000,0.000000,0.000000,0.000000,0.000000,1000.000176,1000.000257,1000.000328,1000.000397,1000.000465,1000.000526,1000.000577,1000.000612,1000.000621,1000.000605,1000.000578,1000.000547,1000.000514,1000.000483,1000.000454,1000.000425,1000.000399,1000.000373,1000.000349,1000.000327,1000.000306,1000.000288,1000.000270,1000.000255,1000.000241,1000.000228,1000.000217,1000.000208,1000.000200,1000.000194,1000.000189,1000.000186,1000.000184,1000.000183,1000.000184,1000.000186,1000.000189,1000.000194,1000.000200,1000.000208,1000.000217,1000.000228,1000.000241,1000.000255,1000.000270,1000.000288,1000.000306,1000.000327,1000.000349,1000.000373,1000.000399,1000.000425,1000.000454,1000.000483,1000.000514,1000.000547,1000.000578,1000.000605,1000.000621,1000.000612,1000.000577,1000.000526,1000.000465,1000.000397,1000.000328,1000.000257,1000.000176,0.000000,0.000000,0.000000,0.000000,0.000000,0.000000,0.000000,0.000000,0.000000,0.000000,0.000000,0.000000,0.000000,0.000000,0.000000,0.000000,0.000000,0.000000
0.000000,0.000000,0.000000,0.000000,0.000000,0.000000,0.000000,0.000000,0.000000,0.000000,0.000000,0.000000,0.000000,0.000000,0.000000,0.000000,0.000000,1000.000182,1000.000265,1000.000339,1000.000411,1000.000483,1000.000546,1000.000592,1000.000618,1000.000620,1000.000597,1000.000562,1000.000525,1000.000490,1000.000458,1000.000428,1000.000398,1000.000370,1000.000343,1000.000318,1000.000294,1000.000272,1000.000251,1000.000233,1000.000215,1000.000199,1000.000185,1000.000173,1000.000162,1000.000152,1000.000144,1000.000138,1000.000133,1000.000130,1000.000128,1000.000127,1000.000128,1000.000130,1000.000133,1000.000138,1000.000144,1000.000152,1000.000162,1000.000173,1000.000185,1000.000199,1000.000215,1000.000233,1000.000251,1000.000272,1000.000294,1000.000318,1000.000343,1000.000370,1000.000398,1000.000428,1000.000458,1000.000490,1000.000525,1000.000562,1000.000597,1000.000620,1000.000618,1000.000592,1000.000546,1000.000483,1000.000411,1000.000339,1000.000265,1000.000182,0.000000,0.000000,0.000000,0.000000,0.000000,0.000000,0.000000,0.000000,0.000000,0.000000,0.000000,0.000000,0.000000,0.000000,0.000000,0.000000,0.000000
0.000000,0.000000,0.000000,0.000000,0.000000,0.000000,0.000000,0.000000,0.000000,0.000000,0.000000,0.000000,0.000000,0.000000,0.000000,0.000000,1000.000183,1000.000269,1000.000345,1000.000419,1000.000493,1000.000558,1000.000603,1000.000620,1000.000613,1000.000588,1000.000550,1000.000510,1000.000471,1000.000437,1000.000405,1000.000374,1000.000344,1000.000316,1000.000289,1000.000264,1000.000240,1000.000218,1000.000198,1000.000179,1000.000161,1000.000146,1000.000131,1000.000119,1000.000108,1000.000098,1000.000090,1000.000084,1000.000079,1000.000075,1000.000073,1000.000072,1000.000073,1000.000075,1000.000079,1000.000084,1000.000090,1000.000098,1000.000108,1000.000119,1000.000131,1000.000146,1000.000161,1000.000179,1000.000198,1000.000218,1000.000240,1000.000264,1000.000289,1000.000316,1000.000344,1000.000374,1000.000405,1000.000437,1000.000471,1000.000510,1000.000550,1000.000588,1000.000613,1000.000620,1000.000603,1000.000558,1000.000493,1000.000419,1000.000345,1000.000269,1000.000183,0.000000,0.000000,0.000000,0.000000,0.000000,0.000000,0.000000,0.000000,0.000000,0.000000,0.000000,0.000000,0.000000,0.000000,0.000000,0.000000
0.000000,0.000000,0.000000,0.000000,0.000000,0.000000,0.000000,0.000000,0.000000,0.000000,0.000000,0.000000,0.000000,0.000000,0.000000,1000.000182,1000.000269,1000.000346,1000.000422,1000.000498,1000.000563,1000.000608,1000.000621,1000.000605,1000.000574,1000.000536,1000.000496,1000.000456,1000.000420,1000.000386,1000.000353,1000.000321,1000.000292,1000.000264,1000.000237,1000.000212,1000.000188,1000.000166,1000.000145,1000.000126,1000.000109,1000.000093,1000.000079,1000.000066,1000.000055,1000.000046,1000.000038,1000.000031,1000.000026,1000.000022,1000.000020,1000.000019,1000.000020,1000.000022,1000.000026,1000.000031,1000.000038,1000.000046,1000.000055,1000.000066,1000.000079,1000.000093,1000.000109,1000.000126,1000.000145,1000.000166,1000.000188,1000.000212,1000.000237,1000.000264,1000.000292,1000.000321,1000.000353,1000.000386,1000.000420,1000.000456,1000.000496,1000.000536,1000.000574,1000.000605,1000.000621,1000.000608,1000.000563,1000.000498,1000.000422,1000.000346,1000.000269,1000.000182,0.000000,0.000000,0.000000,0.000000,0.000000,0.000000,0.000000,0.000000,0.000000,0.000000,0.000000,0.000000,0.000000,0.000000,0.000000
0.000000,0.000000,0.000000,0.000000,0.000000,0.000000,0.000000,0.000000,0.000000,0.000000,0.000000,0.000000,0.000000,0.000000,1000.000176,1000.000265,1000.000345,1000.000422,1000.000499,1000.000565,1000.000610,1000.000621,1000.000600,1000.000564,1000.000522,1000.000481,1000.000443,1000.000406,1000.000370,1000.000335,1000.000302,1000.000271,1000.000241,1000.000213,1000.000186,1000.000161,1000.000137,1000.000115,1000.000095,1000.000076,1000.000058,1000.000042,1000.000028,1000.000015,1000.000004,999.999995,999.999987,999.999980,999.999975,999.999971,999.999969,999.999968,999.999969,999.999971,999.999975,999.999980,999.999987,999.999995,1000.000004,1000.000015,1000.000028,1000.000042,1000.000058,1000.000076,1000.000095,1000.000115,1000.000137,1000.000161,1000.000186,1000.000213,1000.000241,1000.000271,1000.000302,1000.000335,1000.000370,1000.000406,1000.000443,1000.000481,1000.000522,1000.000564,1000.000600,1000.000621,1000.000610,1000.000565,1000.000499,1000.000422,1000.000345,1000.000265,1000.000176,0.000000,0.000000,0.000000,0.000000,0.000000,0.000000,0.000000,0.000000,0.000000,0.000000,0.000000,0.000000,0.000000,0.000000
0.000000,0.000000,0.000000,0.000000,0.000000,0.000000,0.000000,0.000000,0.000000,0.000000,0.000000,0.000000,0.000000,1000.000166,1000.000257,1000.000339,1000.000419,1000.000498,1000.000565,1000.000611,1000.000621,1000.000599,1000.000559,1000.000514,1000.000471,1000.000432,1000.000394,1000.000356,1000.000320,1000.000285,1000.000253,1000.000221,1000.000191,1000.000163,1000.000137,1000.000111,1000.000088,1000.000066,1000.000045,1000.000026,1000.000009,999.999993,999.999979,999.999966,999.999955,999.999945,999.999937,999.999930,999.999925,999.999921,999.999919,999.999918,999.999919,999.999921,999.999925,999.999930,999.999937,999.999945,999.999955,999.999966,999.999979,999.999993,1000.000009,1000.000026,1000.000045,1000.000066,1000.000088,1000.000111,1000.000137,1000.000163,1000.000191,1000.000221,1000.000253,1000.000285,1000.000320,1000.000356,1000.000394,1000.000432,1000.000471,1000.000514,1000.000559,1000.000599,1000.000621,1000.000611,1000.000565,1000.000498,1000.000419,1000.000339,1000.000257,1000.000166,0.000000,0.000000,0.000000,0.000000,0.000000,0.000000,0.000000,0.000000,0.000000,0.000000,0.000000,0.000000,0.000000
0.000000,0.000000,0.000000,0.000000,0.000000,0.000000,0.000000,0.000000,0.000000,0.000000,0.000000,0.000000,1000.000149,1000.000244,1000.000328,1000.000411,1000.000493,1000.000563,1000.000610,1000.000621,1000.000598,1000.000558,1000.000511,1000.000465,1000.000424,1000.000385,1000.000345,1000.000308,1000.000272,1000.000238,1000.000205,1000.000173,1000.000144,1000.000115,1000.000089,1000.000064,1000.000040,1000.000018,999.999997,999.999979,999.999961,999.999945,999.999931,999.999918,999.999907,999.999897,999.999889,999.999882,999.999877,999.999873,999.999871,999.999870,999.999871,999.999873,999.999877,999.999882,999.999889,999.999897,999.999907,999.999918,999.999931,999.999945,999.999961,999.999979,999.999997,1000.000018,1000.000040,1000.000064,1000.000089,1000.000115,1000.000144,1000.000173,1000.000205,1000.000238,1000.000272,1000.000308,1000.000345,1000.000385,1000.000424,1000.000465,1000.000511,1000.000558,1000.000598,1000.000621,1000.000610,1000.000563,1000.000493,1000.000411,1000.000328,1000.000244,1000.000149,0.000000,0.000000,0.000000,0.000000,0.000000,0.000000,0.000000,0.000000,0.000000,0.000000,0.000000,0.000000
0.000000,0.000000,0.000000,0.000000,0.000000,0.000000,0.000000,0.000000,0.000000,0.000000,0.000000,1000.000128,1000.000225,1000.000312,1000.000397,1000.000483,1000.000558,1000.000608,1000.000621,1000.000599,1000.000558,1000.000510,1000.000463,1000.000420,1000.000379,1000.000338,1000.000298,1000.000261,1000.000226,1000.000191,1000.000158,1000.000127,1000.000097,1000.000069,1000.000042,1000.000017,999.999994,999.999972,999.999951,999.999932,999.999915,999.999899,999.999885,999.999872,999.999860,999.999851,999.999842,999.999836,999.999830,999.999827,999.999824,999.999824,999.999824,999.999827,999.999830,999.999836,999.999842,999.999851,999.999860,999.999872,999.999885,999.999899,999.999915,999.999932,999.999951,999.999972,999.999994,1000.000017,1000.000042,1000.000069,1000.000097,1000.000127,1000.000158,1000.000191,1000.000226,1000.000261,1000.000298,1000.000338,1000.000379,1000.000420,1000.000463,1000.000510,1000.000558,1000.000599,1000.000621,1000.000608,1000.000558,1000.000483,1000.000397,1000.000312,1000.000225,1000.000128,0.000000,0.000000,0.000000,0.000000,0.000000,0.000000,0.000000,0.000000,0.000000,0.000000,0.000000
0.000000,0.000000,0.000000,0.000000,0.000000,0.000000,0.000000,0.000000,0.000000,0.000000,0.000000,1000.000200,1000.000291,1000.000377,1000.000465,1000.000546,1000.000603,1000.000621,1000.000600,1000.000559,1000.000511,1000.000463,1000.000419,1000.000376,1000.000333,1000.000292,1000.000254,1000.000217,1000.000181,1000.000146,1000.000113,1000.000082,1000.000053,1000.000024,999.999998,999.999972,999.999949,999.999927,999.999906,999.999887,999.999870,999.999854,999.999840,999.999827,999.999815,999.999806,999.999797,999.999791,999.999785,999.999782,999.999779,999.999779,999.999779,999.999782,999.999785,999.999791,999.999797,999.999806,999.999815,999.999827,999.999840,999.999854,999.999870,999.999887,999.999906,999.999927,999.999949,999.999972,999.999998,1000.000024,1000.000053,1000.000082,1000.000113,1000.000146,1000.000181,1000.000217,1000.000254,1000.000292,1000.000333,1000.000376,1000.000419,1000.000463,1000.000511,1000.000559,1000.000600,1000.000621,1000.000603,1000.000546,1000.000465,1000.000377,1000.000291,1000.000200,0.000000,0.000000,0.000000,0.000000,0.000000,0.000000,0.000000,0.000000,0.000000,0.000000,0.000000
0.000000,0.000000,0.000000,0.000000,0.000000,0.000000,0.000000,0.000000,0.000000,0.000000,1000.000173,1000.000270,1000.000356,1000.000443,1000.000526,1000.000592,1000.000620,1000.000605,1000.000564,1000.000514,1000.000465,1000.000420,1000.000376,1000.000332,1000.000289,1000.000249,1000.000211,1000.000173,1000.000137,1000.000103,1000.000070,1000.000039,1000.000009,999.999981,999.999954,999.999929,999.999906,999.999884,999.999863,999.999844,999.999827,999.999811,999.999796,999.999783,999.999772,999.999762,999.999754,999.999747,999.999742,999.999738,999.999736,999.999735,999.999736,999.999738,999.999742,999.999747,999.999754,999.999762,999.999772,999.999783,999.999796,999.999811,999.999827,999.999844,999.999863,999.999884,999.999906,999.999929,999.999954,999.999981,1000.000009,1000.000039,1000.000070,1000.000103,1000.000137,1000.000173,1000.000211,1000.000249,1000.000289,1000.000332,1000.000376,1000.000420,1000.000465,1000.000514,1000.000564,1000.000605,1000.000620,1000.000592,1000.000526,1000.000443,1000.000356,1000.000270,1000.000173,0.000000,0.000000,0.000000,0.000000,0.000000,0.000000,0.000000,0.000000,0.000000,0.000000
0.000000,0.000000,0.000000,0.000000,0.000000,0.000000,0.000000,0.000000,0.000000,1000.000143,1000.000243,1000.000333,1000.000421,1000.000506,1000.000577,1000.000618,1000.000613,1000.000574,1000.000522,1000.000471,1000.000424,1000.000379,1000.000333,1000.000289,1000.000248,1000.000208,1000.000169,1000.000131,1000.000095,1000.000061,1000.000028,999.999997,999.999967,999.999939,999.999912,999.999887,999.999864,999.999842,999.999821,999.999802,999.999785,999.999769,999.999754,999.999742,999.999730,999.999720,999.999712,999.999705,999.999700,999.999696,999.999694,999.999693,999.999694,999.999696,999.999700,999.999705,999.999712,999.999720,999.999730,999.999742,999.999754,999.999769,999.999785,999.999802,999.999821,999.999842,999.999864,999.999887,999.999912,999.999939,999.999967,999.999997,1000.000028,1000.000061,1000.000095,1000.000131,1000.000169,1000.000208,1000.000248,1000.000289,1000.000333,1000.000379,1000.000424,1000.000471,1000.000522,1000.000574,1000.000613,1000.000618,1000.000577,1000.000506,1000.000421,1000.000333,1000.000243,1000.000143,0.000000,0.000000,0.000000,0.000000,0.000000,0.000000,0.000000,0.000000,0.000000
0.000000,0.000000,0.000000,0.000000,0.000000,0.000000,0.000000,0.000000,0.000000,1000.000208,1000.000303,1000.000395,1000.000485,1000.000562,1000.000612,1000.000620,1000.000588,1000.000536,1000.000481,1000.000432,1000.000385,1000.000338,1000.000292,1000.000249,1000.000208,1000.000167,1000.000128,1000.000091,1000.000055,1000.000021,999.999988,999.999957,999.999927,999.999899,999.999872,999.999847,999.999823,999.999801,999.999781,999.999762,999.999744,999.999729,999.999714,999.999701,999.999690,999.999680,999.999672,999.999665,999.999660,999.999656,999.999654,999.999653,999.999654,999.999656,999.999660,999.999665,999.999672,999.999680,999.999690,999.999701,999.999714,999.999729,999.999744,999.999762,999.999781,999.999801,999.999823,999.999847,999.999872,999.999899,999.999927,999.999957,999.999988,1000.000021,1000.000055,1000.000091,1000.000128,1000.000167,1000.000208,1000.000249,1000.000292,1000.000338,1000.000385,1000.000432,1000.000481,1000.000536,1000.000588,1000.000620,1000.000612,1000.000562,1000.000485,1000.000395,1000.000303,1000.000208,0.000000,0.000000,0.000000,0.000000,0.000000,0.000000,0.000000,0.000000,0.000000
0.000000,0.000000,0.000000,0.000000,0.000000,0.000000,0.000000,0.000000,1000.000167,1000.000270,1000.000362,1000.000456,1000.000542,1000.000603,1000.000621,1000.000597,1000.000550,1000.000496,1000.000443,1000.000394,1000.000345,1000.000298,1000.000254,1000.000211,1000.000169,1000.000128,1000.000089,1000.000052,1000.000016,999.999982,999.999949,999.999918,999.999888,999.999860,999.999833,999.999808,999.999785,999.999763,999.999742,999.999723,999.999706,999.999690,999.999675,999.999662,999.999651,999.999641,999.999633,999.999626,999.999621,999.999617,999.999615,999.999614,999.999615,999.999617,999.999621,999.999626,999.999633,999.999641,999.999651,999.999662,999.999675,999.999690,999.999706,999.999723,999.999742,999.999763,999.999785,999.999808,999.999833,999.999860,999.999888,999.999918,999.999949,999.999982,1000.000016,1000.000052,1000.000089,1000.000128,1000.000169,1000.000211,1000.000254,1000.000298,1000.000345,1000.000394,1000.000443,1000.000496,1000.000550,1000.000597,1000.000621,1000.000603,1000.000542,1000.000456,1000.000362,1000.000270,1000.000167,0.000000,0.000000,0.000000,0.000000,0.000000,0.000000,0.000000,0.000000
0.000000,0.000000,0.000000,0.000000,0.000000,0.000000,0.000000,0.000000,1000.000225,1000.000323,1000.000418,1000.000511,1000.000587,1000.000620,1000.000605,1000.000562,1000.000510,1000.000456,1000.000406,1000.000356,1000.000308,1000.000261,1000.000217,1000.000173,1000.000131,1000.000091,1000.000052,1000.000015,999.999979,999.999945,999.999912,999.999881,999.999851,999.999823,999.999796,999.999771,999.999747,999.999725,999.999705,999.999686,999.999668,999.999652,999.999638,999.999625,999.999614,999.999604,999.999596,999.999589,999.999583,999.999580,999.999577,999.999577,999.999577,999.999580,999.999583,999.999589,999.999596,999.999604,999.999614,999.999625,999.999638,999.999652,999.999668,999.999686,999.999705,999.999725,999.999747,999.999771,999.999796,999.999823,999.999851,999.999881,999.999912,999.999945,999.999979,1000.000015,1000.000052,1000.000091,1000.000131,1000.000173,1000.000217,1000.000261,1000.000308,1000.000356,1000.000406,1000.000456,1000.000510,1000.000562,1000.000605,1000.000620,1000.000587,1000.000511,1000.000418,1000.000323,1000.000225,0.000000,0.000000,0.000000,0.000000,0.000000,0.000000,0.000000,0.000000
0.000000,0.000000,0.000000,0.000000,0.000000,0.000000,0.000000,1000.000176,1000.000281,1000.000376,1000.000472,1000.000558,1000.000613,1000.000616,1000.000578,1000.000525,1000.000471,1000.000420,1000.000370,1000.000320,1000.000272,1000.000226,1000.000181,1000.000137,1000.000095,1000.000055,1000.000016,999.999979,999.999943,999.999909,999.999876,999.999845,999.999815,999.999787,999.999760,999.999735,999.999712,999.999690,999.999669,999.999650,999.999633,999.999617,999.999602,999.999589,999.999578,999.999568,999.999560,999.999553,999.999548,999.999544,999.999542,999.999541,999.999542,999.999544,999.999548,999.999553,999.999560,999.999568,999.999578,999.999589,999.999602,999.999617,999.999633,999.999650,999.999669,999.999690,999.999712,999.999735,999.999760,999.999787,999.999815,999.999845,999.999876,999.999909,999.999943,999.999979,1000.000016,1000.000055,1000.000095,1000.000137,1000.000181,1000.000226,1000.000272,1000.000320,1000.000370,1000.000420,1000.000471,1000.000525,1000.000578,1000.000616,1000.000613,1000.000558,1000.000472,1000.000376,1000.000281,1000.000176,0.000000,0.000000,0.000000,0.000000,0.000000,0.000000,0.000000
0.000000,0.000000,0.000000,0.000000,0.000000,0.000000,0.000000,1000.000230,1000.000330,1000.000427,1000.000521,1000.000594,1000.000622,1000.000598,1000.000547,1000.000490,1000.000437,1000.000386,1000.000335,1000.000285,1000.000238,1000.000191,1000.000146,1000.000103,1000.000061,1000.000021,999.999982,999.999945,999.999909,999.999875,999.999842,999.999811,999.999781,999.999753,999.999726,999.999701,999.999677,999.999655,999.999635,999.999616,999.999598,999.999582,999.999568,999.999555,999.999544,999.999534,999.999525,999.999519,999.999513,999.999510,999.999507,999.999507,999.999507,999.999510,999.999513,999.999519,999.999525,999.999534,999.999544,999.999555,999.999568,999.999582,999.999598,999.999616,999.999635,999.999655,999.999677,999.999701,999.999726,999.999753,999.999781,999.999811,999.999842,999.999875,999.999909,999.999945,999.999982,1000.000021,1000.000061,1000.000103,1000.000146,1000.000191,1000.000238,1000.000285,1000.000335,1000.000386,1000.000437,1000.000490,1000.000547,1000.000598,1000.000622,1000.000594,1000.000521,1000.000427,1000.000330,1000.000230,0.000000,0.000000,0.000000,0.000000,0.000000,0.000000,0.000000
0.000000,0.000000,0.000000,0.000000,0.000000,0.000000,1000.000176,1000.000283,1000.000379,1000.000476,1000.000563,1000.000616,1000.000616,1000.000572,1000.000514,1000.000458,1000.000405,1000.000353,1000.000302,1000.000253,1000.000205,1000.000158,1000.000113,1000.000070,1000.000028,999.999988,999.999949,999.999912,999.999876,999.999842,999.999809,999.999778,999.999748,999.999720,999.999693,999.999668,999.999645,999.999623,999.999602,999.999583,999.999566,999.999550,999.999535,999.999522,999.999511,999.999501,999.999493,999.999486,999.999481,999.999477,999.999475,999.999474,999.999475,999.999477,999.999481,999.999486,999.999493,999.999501,999.999511,999.999522,999.999535,999.999550,999.999566,999.999583,999.999602,999.999623,999.999645,999.999668,999.999693,999.999720,999.999748,999.999778,999.999809,999.999842,999.999876,999.999912,999.999949,999.999988,1000.000028,1000.000070,1000.000113,1000.000158,1000.000205,1000.000253,1000.000302,1000.000353,1000.000405,1000.000458,1000.000514,1000.000572,1000.000616,1000.000616,1000.000563,1000.000476,1000.000379,1000.000283,1000.000176,0.000000,0.000000,0.000000,0.000000,0.000000,0.000000
0.000000,0.000000,0.000000,0.000000,0.000000,0.000000,1000.000227,1000.000329,1000.000427,1000.000522,1000.000596,1000.000623,1000.000597,1000.000543,1000.000483,1000.000428,1000.000374,1000.000321,1000.000271,1000.000221,1000.000173,1000.000127,1000.000082,1000.000039,999.999997,999.999957,999.999918,999.999881,999.999845,999.999811,999.999778,999.999747,999.999717,999.999689,999.999662,999.999637,999.999614,999.999592,999.999571,999.999552,999.999534,999.999519,999.999504,999.999491,999.999480,999.999470,999.999462,999.999455,999.999449,999.999446,999.999443,999.999443,999.999443,999.999446,999.999449,999.999455,999.999462,999.999470,999.999480,999.999491,999.999504,999.999519,999.999534,999.999552,999.999571,999.999592,999.999614,999.999637,999.999662,999.999689,999.999717,999.999747,999.999778,999.999811,999.999845,999.999881,999.999918,999.999957,999.999997,1000.000039,1000.000082,1000.000127,1000.000173,1000.000221,1000.000271,1000.000321,1000.000374,1000.000428,1000.000483,1000.000543,1000.000597,1000.000623,1000.000596,1000.000522,1000.000427,1000.000329,1000.000227,0.000000,0.000000,0.000000,0.000000,0.000000,0.000000
0.000000,0.000000,0.000000,0.000000,0.000000,1000.000168,1000.000276,1000.000375,1000.000473,1000.000562,1000.000616,1000.000616,1000.000571,1000.000512,1000.000454,1000.000398,1000.000344,1000.000292,1000.000241,1000.000191,1000.000144,1000.000097,1000.000053,1000.000009,999.999967,999.999927,999.999888,999.999851,999.999815,999.999781,999.999748,999.999717,999.999687,999.999659,999.999633,999.999607,999.999584,999.999562,999.999541,999.999522,999.999505,999.999489,999.999474,999.999461,999.999450,999.999440,999.999432,999.999425,999.999420,999.999416,999.999414,999.999413,999.999414,999.999416,999.999420,999.999425,999.999432,999.999440,999.999450,999.999461,999.999474,999.999489,999.999505,999.999522,999.999541,999.999562,999.999584,999.999607,999.999633,999.999659,999.999687,999.999717,999.999748,999.999781,999.999815,999.999851,999.999888,999.999927,999.999967,1000.000009,1000.000053,1000.000097,1000.000144,1000.000191,1000.000241,1000.000292,1000.000344,1000.000398,1000.000454,1000.000512,1000.000571,1000.000616,1000.000616,1000.000562,1000.000473,1000.000375,1000.000276,1000.000168,0.000000,0.000000,0.000000,0.000000,0.000000
0.000000,0.000000,0.000000,0.000000,0.000000,1000.000214,1000.000318,1000.000418,1000.000516,1000.000593,1000.000622,1000.000597,1000.000543,1000.000482,1000.000425,1000.000370,1000.000316,1000.000264,1000.000213,1000.000163,1000.000115,1000.000069,1000.000024,999.999981,999.999939,999.999899,999.999860,999.999823,999.999787,999.999753,999.999720,999.999689,999.999659,999.999631,999.999604,999.999579,999.999556,999.999534,999.999513,999.999494,999.999477,999.999461,999.999446,999.999433,999.999422,999.999412,999.999404,999.999397,999.999391,999.999388,999.999385,999.999385,999.999385,999.999388,999.999391,999.999397,999.999404,999.999412,999.999422,999.999433,999.999446,999.999461,999.999477,999.999494,999.999513,999.999534,999.999556,999.999579,999.999604,999.999631,999.999659,999.999689,999.999720,999.999753,999.999787,999.999823,999.999860,999.999899,999.999939,999.999981,1000.000024,1000.000069,1000.000115,1000.000163,1000.000213,1000.000264,1000.000316,1000.000370,1000.000425,1000.000482,1000.000543,1000.000597,1000.000622,1000.000593,1000.000516,1000.000418,1000.000318,1000.000214,0.000000,0.000000,0.000000,0.000000,0.000000
0.000000,0.000000,0.000000,0.000000,1000.000147,1000.000257,1000.000358,1000.000460,1000.000554,1000.000613,1000.000616,1000.000573,1000.000514,1000.000455,1000.000399,1000.000343,1000.000289,1000.000237,1000.000186,1000.000137,1000.000089,1000.000042,999.999998,999.999954,999.999912,999.999872,999.999833,999.999796,999.999760,999.999726,999.999693,999.999662,999.999633,999.999604,999.999578,999.999553,999.999529,999.999507,999.999487,999.999467,999.999450,999.999434,999.999420,999.999407,999.999395,999.999385,999.999377,999.999370,999.999365,999.999361,999.999359,999.999358,999.999359,999.999361,999.999365,999.999370,999.999377,999.999385,999.999395,999.999407,999.999420,999.999434,999.999450,999.999467,999.999487,999.999507,999.999529,999.999553,999.999578,999.999604,999.999633,999.999662,999.999693,999.999726,999.999760,999.999796,999.999833,999.999872,999.999912,999.999954,999.999998,1000.000042,1000.000089,1000.000137,1000.000186,1000.000237,1000.000289,1000.000343,1000.000399,1000.000455,1000.000514,1000.000573,1000.000616,1000.000613,1000.000554,1000.000460,1000.000358,1000.000257,1000.000147,0.000000,0.000000,0.000000,0.000000
0.000000,0.000000,0.000000,0.000000,1000.000188,1000.000293,1000.000395,1000.000498,1000.000583,1000.000621,1000.000601,1000.000548,1000.000487,1000.000430,1000.000373,1000.000318,1000.000264,1000.000212,1000.000161,1000.000111,1000.000064,1000.000017,999.999972,999.999929,999.999887,999.999847,999.999808,999.999771,999.999735,999.999701,999.999668,999.999637,999.999607,999.999579,999.999553,999.999528,999.999504,999.999482,999.999461,999.999442,999.999425,999.999409,999.999394,999.999382,999.999370,999.999360,999.999352,999.999345,999.999340,999.999336,999.999334,999.999333,999.999334,999.999336,999.999340,999.999345,999.999352,999.999360,999.999370,999.999382,999.999394,999.999409,999.999425,999.999442,999.999461,999.999482,999.999504,999.999528,999.999553,999.999579,999.999607,999.999637,999.999668,999.999701,999.999735,999.999771,999.999808,999.999847,999.999887,999.999929,999.999972,1000.000017,1000.000064,1000.000111,1000.000161,1000.000212,1000.000264,1000.000318,1000.000373,1000.000430,1000.000487,1000.000548,1000.000601,1000.000621,1000.000583,1000.000498,1000.000395,1000.000293,1000.000188,0.000000,0.000000,0.000000,0.000000
