0.000000,0.000000,0.000000,0.000000,0.000000,0.000000,0.000000,0.000000,0.000000,0.000000,0.000000,0.000000,0.000000,0.000000,0.000000,0.000000,0.000000,0.000000,0.000000,0.000000,0.000000,0.000000,0.000000,0.000000,0.000000,0.000000,0.000000,0.000000,0.000000,0.000000,0.000000,0.000000,0.000000,0.000000,0.000000,0.000000,0.000000,0.000000,0.000000,0.000000,0.000000,0.000000,0.000000,0.000000,0.000000,0.000000,0.000000,0.000000,0.000000,0.000000,0.000000,0.000000,0.000000,0.000000,0.000000,0.000000,0.000000,0.000000,0.000000,0.000000,0.000000,0.000000,0.000000,0.000000,0.000000,0.000000,0.000000,0.000000,0.000000,0.000000,0.000000,0.000000,0.000000,0.000000,0.000000,0.000000,0.000000,0.000000,0.000000,0.000000,0.000000,0.000000,0.000000,0.000000,0.000000,0.000000,0.000000,0.000000,0.000000,0.000000,0.000000,0.000000,0.000000,0.000000,0.000000,0.000000,0.000000,0.000000,0.000000,0.000000,0.000000,0.000000,0.000000
0.000000,0.000000,0.000000,0.000000,0.000000,0.000000,0.000000,0.000000,0.000000,0.000000,0.000000,0.000000,0.000000,0.000000,0.000000,0.000000,0.000000,0.000000,0.000000,0.000000,0.000000,0.000000,0.000000,0.000000,0.000000,0.000000,0.000000,0.000000,0.000000,0.000000,0.000000,0.000000,0.000000,0.000000,0.000000,0.000000,0.000000,0.000000,0.000000,0.000000,0.000000,0.000000,0.000000,0.000000,0.000000,0.000000,0.000000,0.000000,0.000000,0.000000,0.000000,1000.000072,0.000000,0.000000,0.000000,0.000000,0.000000,0.000000,0.000000,0.000000,0.000000,0.000000,0.000000,0.000000,0.000000,0.000000,0.000000,0.000000,0.000000,0.000000,0.000000,0.000000,0.000000,0.000000,0.000000,0.000000,0.000000,0.000000,0.000000,0.000000,0.000000,0.000000,0.000000,0.000000,0.000000,0.000000,0.000000,0.000000,0.000000,0.000000,0.000000,0.000000,0.000000,0.000000,0.000000,0.000000,0.000000,0.000000,0.000000,0.000000,0.000000,0.000000,0.000000
0.000000,0.000000,0.000000,0.000000,0.000000,0.000000,0.000000,0.000000,0.000000,0.000000,0.000000,0.000000,0.000000,0.000000,0.000000,0.000000,0.000000,0.000000,0.000000,0.000000,0.000000,0.000000,0.000000,0.000000,0.000000,0.000000,0.000000,0.000000,0.000000,0.000000,0.000000,0.000000,0.000000,0.000000,0.000000,0.000000,0.000000,0.000000,0.000000,0.000000,0.000000,0.000000,1000.000131,1000.000152,1000.000163,1000.000169,1000.000172,1000.000173,1000.000173,1000.000172,1000.000171,1000.000176,1000.000171,1000.000172,1000.000173,1000.000173,1000.000172,1000.000169,1000.000163,1000.000152,1000.000131,0.000000,0.000000,0.000000,0.000000,0.000000,0.000000,0.000000,0.000000,0.000000,0.000000,0.000000,0.000000,0.000000,0.000000,0.000000,0.000000,0.000000,0.000000,0.000000,0.000000,0.000000,0.000000,0.000000,0.000000,0.000000,0.000000,0.000000,0.000000,0.000000,0.000000,0.000000,0.000000,0.000000,0.000000,0.000000,0.000000,0.000000,0.000000,0.000000,0.000000,0.000000,0.000000
0.000000,0.000000,0.000000,0.000000,0.000000,0.000000,0.000000,0.000000,0.000000,0.000000,0.000000,0.000000,0.000000,0.000000,0.000000,0.000000,0.000000,0.000000,0.000000,0.000000,0.000000,0.000000,0.000000,0.000000,0.000000,0.000000,0.000000,0.000000,0.000000,0.000000,0.000000,0.000000,0.000000,0.000000,0.000000,0.000000,0.000000,1000.000126,1000.000157,1000.000183,1000.000203,1000.000219,1000.000235,1000.000248,1000.000259,1000.000266,1000.000270,1000.000272,1000.000273,1000.000274,1000.000273,1000.000274,1000.000273,1000.000274,1000.000273,1000.000272,1000.000270,1000.000266,1000.000259,1000.000248,1000.000235,1000.000219,1000.000203,1000.000183,1000.000157,1000.000126,0.000000,0.000000,0.000000,0.000000,0.000000,0.000000,0.000000,0.000000,0.000000,0.000000,0.000000,0.000000,0.000000,0.000000,0.000000,0.000000,0.000000,0.000000,0.000000,0.000000,0.000000,0.000000,0.000000,0.000000,0.000000,0.000000,0.000000,0.000000,0.000000,0.000000,0.000000,0.000000,0.000000,0.000000,0.000000,0.000000,0.000000
0.000000,0.000000,0.000000,0.000000,0.000000,0.000000,0.000000,0.000000,0.000000,0.000000,0.000000,0.000000,0.000000,0.000000,0.000000,0.000000,0.000000,0.000000,0.000000,0.000000,0.000000,0.000000,0.000000,0.000000,0.000000,0.000000,0.000000,0.000000,0.000000,0.000000,0.000000,0.000000,0.000000,0.000000,1000.000131,1000.000167,1000.000197,1000.000227,1000.000253,1000.000276,1000.000298,1000.000316,1000.000333,1000.000346,1000.000356,1000.000363,1000.000367,1000.000369,1000.000370,1000.000370,1000.000371,1000.000370,1000.000371,1000.000370,1000.000370,1000.000369,1000.000367,1000.000363,1000.000356,1000.000346,1000.000333,1000.000316,1000.000298,1000.000276,1000.000253,1000.000227,1000.000197,1000.000167,1000.000131,0.000000,0.000000,0.000000,0.000000,0.000000,0.000000,0.000000,0.000000,0.000000,0.000000,0.000000,0.000000,0.000000,0.000000,0.000000,0.000000,0.000000,0.000000,0.000000,0.000000,0.000000,0.000000,0.000000,0.000000,0.000000,0.000000,0.000000,0.000000,0.000000,0.000000,0.000000,0.000000,0.000000,0.000000
0.000000,0.000000,0.000000,0.000000,0.000000,0.000000,0.000000,0.000000,0.000000,0.000000,0.000000,0.000000,0.000000,0.000000,0.000000,0.000000,0.000000,0.000000,0.000000,0.000000,0.000000,0.000000,0.000000,0.000000,0.000000,0.000000,0.000000,0.000000,0.000000,0.000000,0.000000,0.000000,1000.000150,1000.000190,1000.000229,1000.000262,1000.000291,1000.000320,1000.000346,1000.000369,1000.000391,1000.000411,1000.000430,1000.000444,1000.000453,1000.000457,1000.000460,1000.000462,1000.000463,1000.000463,1000.000463,1000.000463,1000.000463,1000.000463,1000.000463,1000.000462,1000.000460,1000.000457,1000.000453,1000.000444,1000.000430,1000.000411,1000.000391,1000.000369,1000.000346,1000.000320,1000.000291,1000.000262,1000.000229,1000.000190,1000.000150,0.000000,0.000000,0.000000,0.000000,0.000000,0.000000,0.000000,0.000000,0.000000,0.000000,0.000000,0.000000,0.000000,0.000000,0.000000,0.000000,0.000000,0.000000,0.000000,0.000000,0.000000,0.000000,0.000000,0.000000,0.000000,0.000000,0.000000,0.000000,0.000000,0.000000,0.000000,0.000000
0.000000,0.000000,0.000000,0.000000,0.000000,0.000000,0.000000,0.000000,0.000000,0.000000,0.000000,0.000000,0.000000,0.000000,0.000000,0.000000,0.000000,0.000000,0.000000,0.000000,0.000000,0.000000,0.000000,0.000000,0.000000,0.000000,0.000000,0.000000,0.000000,0.000000,1000.000157,1000.000202,1000.000246,1000.000283,1000.000319,1000.000352,1000.000384,1000.000413,1000.000439,1000.000461,1000.000480,1000.000497,1000.000512,1000.000522,1000.000527,1000.000530,1000.000532,1000.000532,1000.000532,1000.000532,1000.000532,1000.000532,1000.000532,1000.000532,1000.000532,1000.000532,1000.000532,1000.000530,1000.000527,1000.000522,1000.000512,1000.000497,1000.000480,1000.000461,1000.000439,1000.000413,1000.000384,1000.000352,1000.000319,1000.000283,1000.000246,1000.000202,1000.000157,0.000000,0.000000,0.000000,0.000000,0.000000,0.000000,0.000000,0.000000,0.000000,0.000000,0.000000,0.000000,0.000000,0.000000,0.000000,0.000000,0.000000,0.000000,0.000000,0.000000,0.000000,0.000000,0.000000,0.000000,0.000000,0.000000,0.000000,0.000000,0.000000,0.000000
0.000000,0.000000,0.000000,0.000000,0.000000,0.000000,0.000000,0.000000,0.000000,0.000000,0.000000,0.000000,0.000000,0.000000,0.000000,0.000000,0.000000,0.000000,0.000000,0.000000,0.000000,0.000000,0.000000,0.000000,0.000000,0.000000,0.000000,0.000000,1000.000156,1000.000205,1000.000252,1000.000293,1000.000334,1000.000373,1000.000410,1000.000444,1000.000473,1000.000498,1000.000519,1000.000533,1000.000542,1000.000548,1000.000550,1000.000549,1000.000547,1000.000546,1000.000546,1000.000545,1000.000544,1000.000544,1000.000544,1000.000544,1000.000544,1000.000544,1000.000544,1000.000545,1000.000546,1000.000546,1000.000547,1000.000549,1000.000550,1000.000548,1000.000542,1000.000533,1000.000519,1000.000498,1000.000473,1000.000444,1000.000410,1000.000373,1000.000334,1000.000293,1000.000252,1000.000205,1000.000156,0.000000,0.000000,0.000000,0.000000,0.000000,0.000000,0.000000,0.000000,0.000000,0.000000,0.000000,0.000000,0.000000,0.000000,0.000000,0.000000,0.000000,0.000000,0.000000,0.000000,0.000000,0.000000,0.000000,0.000000,0.000000,0.000000,0.000000,0.000000
0.000000,0.000000,0.000000,0.000000,0.000000,0.000000,0.000000,0.000000,0.000000,0.000000,0.000000,0.000000,0.000000,0.000000,0.000000,0.000000,0.000000,0.000000,0.000000,0.000000,0.000000,0.000000,0.000000,0.000000,0.000000,0.000000,1000.000149,1000.000201,1000.000251,1000.000294,1000.000338,1000.000380,1000.000422,1000.000461,1000.000494,1000.000521,1000.000539,1000.000550,1000.000554,1000.000553,1000.000549,1000.000542,1000.000530,1000.000520,1000.000512,1000.000508,1000.000505,1000.000503,1000.000502,1000.000501,1000.000500,1000.000500,1000.000500,1000.000501,1000.000502,1000.000503,1000.000505,1000.000508,1000.000512,1000.000520,1000.000530,1000.000542,1000.000549,1000.000553,1000.000554,1000.000550,1000.000539,1000.000521,1000.000494,1000.000461,1000.000422,1000.000380,1000.000338,1000.000294,1000.000251,1000.000201,1000.000149,0.000000,0.000000,0.000000,0.000000,0.000000,0.000000,0.000000,0.000000,0.000000,0.000000,0.000000,0.000000,0.000000,0.000000,0.000000,0.000000,0.000000,0.000000,0.000000,0.000000,0.000000,0.000000,0.000000,0.000000,0.000000,0.000000
0.000000,0.000000,0.000000,0.000000,0.000000,0.000000,0.000000,0.000000,0.000000,0.000000,0.000000,0.000000,0.000000,0.000000,0.000000,0.000000,0.000000,0.000000,0.000000,0.000000,0.000000,0.000000,0.000000,0.000000,1000.000128,1000.000185,1000.000240,1000.000288,1000.000335,1000.000380,1000.000425,1000.000466,1000.000502,1000.000530,1000.000548,1000.000555,1000.000553,1000.000546,1000.000534,1000.000521,1000.000508,1000.000494,1000.000480,1000.000467,1000.000458,1000.000452,1000.000447,1000.000444,1000.000442,1000.000440,1000.000439,1000.000439,1000.000439,1000.000440,1000.000442,1000.000444,1000.000447,1000.000452,1000.000458,1000.000467,1000.000480,1000.000494,1000.000508,1000.000521,1000.000534,1000.000546,1000.000553,1000.000555,1000.000548,1000.000530,1000.000502,1000.000466,1000.000425,1000.000380,1000.000335,1000.000288,1000.000240,1000.000185,1000.000128,0.000000,0.000000,0.000000,0.000000,0.000000,0.000000,0.000000,0.000000,0.000000,0.000000,0.000000,0.000000,0.000000,0.000000,0.000000,0.000000,0.000000,0.000000,0.000000,0.000000,0.000000,0.000000,0.000000,0.000000
0.000000,0.000000,0.000000,0.000000,0.000000,0.000000,0.000000,0.000000,0.000000,0.000000,0.000000,0.000000,0.000000,0.000000,0.000000,0.000000,0.000000,0.000000,0.000000,0.000000,0.000000,0.000000,0.000000,1000.000154,1000.000217,1000.000270,1000.000323,1000.000372,1000.000421,1000.000465,1000.000502,1000.000533,1000.000551,1000.000556,1000.000550,1000.000536,1000.000520,1000.000502,1000.000483,1000.000466,1000.000451,1000.000437,1000.000424,1000.000412,1000.000403,1000.000396,1000.000391,1000.000387,1000.000384,1000.000382,1000.000381,1000.000380,1000.000381,1000.000382,1000.000384,1000.000387,1000.000391,1000.000396,1000.000403,1000.000412,1000.000424,1000.000437,1000.000451,1000.000466,1000.000483,1000.000502,1000.000520,1000.000536,1000.000550,1000.000556,1000.000551,1000.000533,1000.000502,1000.000465,1000.000421,1000.000372,1000.000323,1000.000270,1000.000217,1000.000154,0.000000,0.000000,0.000000,0.000000,0.000000,0.000000,0.000000,0.000000,0.000000,0.000000,0.000000,0.000000,0.000000,0.000000,0.000000,0.000000,0.000000,0.000000,0.000000,0.000000,0.000000,0.000000,0.000000
0.000000,0.000000,0.000000,0.000000,0.000000,0.000000,0.000000,0.000000,0.000000,0.000000,0.000000,0.000000,0.000000,0.000000,0.000000,0.000000,0.000000,0.000000,0.000000,0.000000,0.000000,1000.000114,1000.000178,1000.000241,1000.000297,1000.000352,1000.000406,1000.000456,1000.000498,1000.000531,1000.000551,1000.000557,1000.000550,1000.000533,1000.000511,1000.000488,1000.000466,1000.000446,1000.000428,1000.000411,1000.000396,1000.000383,1000.000370,1000.000359,1000.000350,1000.000342,1000.000335,1000.000331,1000.000328,1000.000325,1000.000324,1000.000323,1000.000324,1000.000325,1000.000328,1000.000331,1000.000335,1000.000342,1000.000350,1000.000359,1000.000370,1000.000383,1000.000396,1000.000411,1000.000428,1000.000446,1000.000466,1000.000488,1000.000511,1000.000533,1000.000550,1000.000557,1000.000551,1000.000531,1000.000498,1000.000456,1000.000406,1000.000352,1000.000297,1000.000241,1000.000178,1000.000114,0.000000,0.000000,0.000000,0.000000,0.000000,0.000000,0.000000,0.000000,0.000000,0.000000,0.000000,0.000000,0.000000,0.000000,0.000000,0.000000,0.000000,0.000000,0.000000,0.000000,0.000000
0.000000,0.000000,0.000000,0.000000,0.000000,0.000000,0.000000,0.000000,0.000000,0.000000,0.000000,0.000000,0.000000,0.000000,0.000000,0.000000,0.000000,0.000000,0.000000,0.000000,1000.000133,1000.000201,1000.000259,1000.000317,1000.000375,1000.000433,1000.000484,1000.000524,1000.000548,1000.000556,1000.000550,1000.000533,1000.000510,1000.000484,1000.000458,1000.000434,1000.000413,1000.000394,1000.000376,1000.000359,1000.000343,1000.000329,1000.000317,1000.000306,1000.000296,1000.000288,1000.000282,1000.000277,1000.000273,1000.000270,1000.000269,1000.000268,1000.000269,1000.000270,1000.000273,1000.000277,1000.000282,1000.000288,1000.000296,1000.000306,1000.000317,1000.000329,1000.000343,1000.000359,1000.000376,1000.000394,1000.000413,1000.000434,1000.000458,1000.000484,1000.000510,1000.000533,1000.000550,1000.000556,1000.000548,1000.000524,1000.000484,1000.000433,1000.000375,1000.000317,1000.000259,1000.000201,1000.000133,0.000000,0.000000,0.000000,0.000000,0.000000,0.000000,0.000000,0.000000,0.000000,0.000000,0.000000,0.000000,0.000000,0.000000,0.000000,0.000000,0.000000,0.000000,0.000000,0.000000
0.000000,0.000000,0.000000,0.000000,0.000000,0.000000,0.000000,0.000000,0.000000,0.000000,0.000000,0.000000,0.000000,0.000000,0.000000,0.000000,0.000000,0.000000,0.000000,1000.000148,1000.000217,1000.000278,1000.000336,1000.000395,1000.000451,1000.000502,1000.000539,1000.000554,1000.000550,1000.000534,1000.000511,1000.000484,1000.000456,1000.000430,1000.000406,1000.000383,1000.000362,1000.000342,1000.000324,1000.000307,1000.000291,1000.000277,1000.000265,1000.000254,1000.000244,1000.000236,1000.000230,1000.000224,1000.000220,1000.000217,1000.000216,1000.000215,1000.000216,1000.000217,1000.000220,1000.000224,1000.000230,1000.000236,1000.000244,1000.000254,1000.000265,1000.000277,1000.000291,1000.000307,1000.000324,1000.000342,1000.000362,1000.000383,1000.000406,1000.000430,1000.000456,1000.000484,1000.000511,1000.000534,1000.000550,1000.000554,1000.000539,1000.000502,1000.000451,1000.000395,1000.000336,1000.000278,1000.000217,1000.000148,0.000000,0.000000,0.000000,0.000000,0.000000,0.000000,0.000000,0.000000,0.000000,0.000000,0.000000,0.000000,0.000000,0.000000,0.000000,0.000000,0.000000,0.000000,0.000000
0.000000,0.000000,0.000000,0.000000,0.000000,0.000000,0.000000,0.000000,0.000000,0.000000,0.000000,0.000000,0.000000,0.000000,0.000000,0.000000,0.000000,0.000000,1000.000157,1000.000229,1000.000293,1000.000354,1000.000415,1000.000469,1000.000515,1000.000547,1000.000555,1000.000540,1000.000516,1000.000488,1000.000459,1000.000431,1000.000404,1000.000379,1000.000356,1000.000333,1000.000311,1000.000291,1000.000273,1000.000256,1000.000241,1000.000227,1000.000214,1000.000203,1000.000194,1000.000185,1000.000178,1000.000173,1000.000169,1000.000166,1000.000164,1000.000163,1000.000164,1000.000166,1000.000169,1000.000173,1000.000178,1000.000185,1000.000194,1000.000203,1000.000214,1000.000227,1000.000241,1000.000256,1000.000273,1000.000291,1000.000311,1000.000333,1000.000356,1000.000379,1000.000404,1000.000431,1000.000459,1000.000488,1000.000516,1000.000540,1000.000555,1000.000547,1000.000515,1000.000469,1000.000415,1000.000354,1000.000293,1000.000229,1000.000157,0.000000,0.000000,0.000000,0.000000,0.000000,0.000000,0.000000,0.000000,0.000000,0.000000,0.000000,0.000000,0.000000,0.000000,0.000000,0.000000,0.000000,0.000000
0.000000,0.000000,0.000000,0.000000,0.000000,0.000000,0.000000,0.000000,0.000000,0.000000,0.000000,0.000000,0.000000,0.000000,0.000000,0.000000,0.000000,1000.000162,1000.000236,1000.000302,1000.000367,1000.000431,1000.000487,1000.000529,1000.000552,1000.000554,1000.000533,1000.000502,1000.000468,1000.000437,1000.000408,1000.000381,1000.000355,1000.000330,1000.000306,1000.000283,1000.000262,1000.000242,1000.000224,1000.000207,1000.000192,1000.000178,1000.000165,1000.000154,1000.000144,1000.000136,1000.000129,1000.000123,1000.000119,1000.000116,1000.000114,1000.000113,1000.000114,1000.000116,1000.000119,1000.000123,1000.000129,1000.000136,1000.000144,1000.000154,1000.000165,1000.000178,1000.000192,1000.000207,1000.000224,1000.000242,1000.000262,1000.000283,1000.000306,1000.000330,1000.000355,1000.000381,1000.000408,1000.000437,1000.000468,1000.000502,1000.000533,1000.000554,1000.000552,1000.000529,1000.000487,1000.000431,1000.000367,1000.000302,1000.000236,1000.000162,0.000000,0.000000,0.000000,0.000000,0.000000,0.000000,0.000000,0.000000,0.000000,0.000000,0.000000,0.000000,0.000000,0.000000,0.000000,0.000000,0.000000
0.000000,0.000000,0.000000,0.000000,0.000000,0.000000,0.000000,0.000000,0.000000,0.000000,0.000000,0.000000,0.000000,0.000000,0.000000,0.000000,1000.000163,1000.000240,1000.000307,1000.000374,1000.000440,1000.000498,1000.000539,1000.000555,1000.000548,1000.000525,1000.000491,1000.000454,1000.000420,1000.000390,1000.000361,1000.000333,1000.000307,1000.000281,1000.000258,1000.000235,1000.000214,1000.000195,1000.000176,1000.000159,1000.000144,1000.000130,1000.000117,1000.000106,1000.000096,1000.000087,1000.000080,1000.000075,1000.000070,1000.000067,1000.000065,1000.000064,1000.000065,1000.000067,1000.000070,1000.000075,1000.000080,1000.000087,1000.000096,1000.000106,1000.000117,1000.000130,1000.000144,1000.000159,1000.000176,1000.000195,1000.000214,1000.000235,1000.000258,1000.000281,1000.000307,1000.000333,1000.000361,1000.000390,1000.000420,1000.000454,1000.000491,1000.000525,1000.000548,1000.000555,1000.000539,1000.000498,1000.000440,1000.000374,1000.000307,1000.000240,1000.000163,0.000000,0.000000,0.000000,0.000000,0.000000,0.000000,0.000000,0.000000,0.000000,0.000000,0.000000,0.000000,0.000000,0.000000,0.000000,0.000000
0.000000,0.000000,0.000000,0.000000,0.000000,0.000000,0.000000,0.000000,0.000000,0.000000,0.000000,0.000000,0.000000,0.000000,0.000000,1000.000162,1000.000240,1000.000309,1000.000377,1000.000444,1000.000503,1000.000543,1000.000555,1000.000540,1000.000512,1000.000478,1000.000442,1000.000407,1000.000375,1000.000344,1000.000314,1000.000286,1000.000260,1000.000235,1000.000211,1000.000189,1000.000168,1000.000148,1000.000130,1000.000113,1000.000097,1000.000083,1000.000070,1000.000059,1000.000049,1000.000041,1000.000033,1000.000028,1000.000023,1000.000020,1000.000018,1000.000017,1000.000018,1000.000020,1000.000023,1000.000028,1000.000033,1000.000041,1000.000049,1000.000059,1000.000070,1000.000083,1000.000097,1000.000113,1000.000130,1000.000148,1000.000168,1000.000189,1000.000211,1000.000235,1000.000260,1000.000286,1000.000314,1000.000344,1000.000375,1000.000407,1000.000442,1000.000478,1000.000512,1000.000540,1000.000555,1000.000543,1000.000503,1000.000444,1000.000377,1000.000309,1000.000240,1000.000162,0.000000,0.000000,0.000000,0.000000,0.000000,0.000000,0.000000,0.000000,0.000000,0.000000,0.000000,0.000000,0.000000,0.000000,0.000000
0.000000,0.000000,0.000000,0.000000,0.000000,0.000000,0.000000,0.000000,0.000000,0.000000,0.000000,0.000000,0.000000,0.000000,1000.000157,1000.000236,1000.000307,1000.000377,1000.000445,1000.000505,1000.000545,1000.000555,1000.000536,1000.000503,1000.000465,1000.000429,1000.000395,1000.000362,1000.000330,1000.000298,1000.000269,1000.000241,1000.000215,1000.000190,1000.000166,1000.000143,1000.000122,1000.000103,1000.000084,1000.000067,1000.000052,1000.000038,1000.000025,1000.000014,1000.000004,999.999995,999.999988,999.999982,999.999977,999.999974,999.999972,999.999971,999.999972,999.999974,999.999977,999.999982,999.999988,999.999995,1000.000004,1000.000014,1000.000025,1000.000038,1000.000052,1000.000067,1000.000084,1000.000103,1000.000122,1000.000143,1000.000166,1000.000190,1000.000215,1000.000241,1000.000269,1000.000298,1000.000330,1000.000362,1000.000395,1000.000429,1000.000465,1000.000503,1000.000536,1000.000555,1000.000545,1000.000505,1000.000445,1000.000377,1000.000307,1000.000236,1000.000157,0.000000,0.000000,0.000000,0.000000,0.000000,0.000000,0.000000,0.000000,0.000000,0.000000,0.000000,0.000000,0.000000,0.000000
0.000000,0.000000,0.000000,0.000000,0.000000,0.000000,0.000000,0.000000,0.000000,0.000000,0.000000,0.000000,0.000000,1000.000148,1000.000229,1000.000302,1000.000374,1000.000444,1000.000505,1000.000546,1000.000555,1000.000535,1000.000499,1000.000459,1000.000420,1000.000385,1000.000351,1000.000318,1000.000285,1000.000254,1000.000225,1000.000197,1000.000171,1000.000145,1000.000122,1000.000099,1000.000078,1000.000059,1000.000040,1000.000023,1000.000008,999.999994,999.999981,999.999970,999.999960,999.999951,999.999944,999.999938,999.999933,999.999930,999.999928,999.999927,999.999928,999.999930,999.999933,999.999938,999.999944,999.999951,999.999960,999.999970,999.999981,999.999994,1000.000008,1000.000023,1000.000040,1000.000059,1000.000078,1000.000099,1000.000122,1000.000145,1000.000171,1000.000197,1000.000225,1000.000254,1000.000285,1000.000318,1000.000351,1000.000385,1000.000420,1000.000459,1000.000499,1000.000535,1000.000555,1000.000546,1000.000505,1000.000444,1000.000374,1000.000302,1000.000229,1000.000148,0.000000,0.000000,0.000000,0.000000,0.000000,0.000000,0.000000,0.000000,0.000000,0.000000,0.000000,0.000000,0.000000
0.000000,0.000000,0.000000,0.000000,0.000000,0.000000,0.000000,0.000000,0.000000,0.000000,0.000000,0.000000,1000.000133,1000.000217,1000.000293,1000.000367,1000.000440,1000.000503,1000.000545,1000.000555,1000.000534,1000.000497,1000.000455,1000.000415,1000.000378,1000.000343,1000.000308,1000.000274,1000.000242,1000.000212,1000.000183,1000.000154,1000.000128,1000.000103,1000.000079,1000.000057,1000.000036,1000.000016,999.999998,999.999981,999.999965,999.999951,999.999938,999.999927,999.999917,999.999908,999.999901,999.999895,999.999890,999.999887,999.999885,999.999884,999.999885,999.999887,999.999890,999.999895,999.999901,999.999908,999.999917,999.999927,999.999938,999.999951,999.999965,999.999981,999.999998,1000.000016,1000.000036,1000.000057,1000.000079,1000.000103,1000.000128,1000.000154,1000.000183,1000.000212,1000.000242,1000.000274,1000.000308,1000.000343,1000.000378,1000.000415,1000.000455,1000.000497,1000.000534,1000.000555,1000.000545,1000.000503,1000.000440,1000.000367,1000.000293,1000.000217,1000.000133,0.000000,0.000000,0.000000,0.000000,0.000000,0.000000,0.000000,0.000000,0.000000,0.000000,0.000000,0.000000
0.000000,0.000000,0.000000,0.000000,0.000000,0.000000,0.000000,0.000000,0.000000,0.000000,0.000000,1000.000114,1000.000201,1000.000278,1000.000354,1000.000431,1000.000498,1000.000543,1000.000555,1000.000535,1000.000497,1000.000454,1000.000412,1000.000374,1000.000338,1000.000301,1000.000266,1000.000233,1000.000201,1000.000170,1000.000141,1000.000113,1000.000087,1000.000062,1000.000038,1000.000015,999.999994,999.999975,999.999956,999.999939,999.999924,999.999910,999.999897,999.999885,999.999875,999.999867,999.999859,999.999853,999.999849,999.999845,999.999843,999.999843,999.999843,999.999845,999.999849,999.999853,999.999859,999.999867,999.999875,999.999885,999.999897,999.999910,999.999924,999.999939,999.999956,999.999975,999.999994,1000.000015,1000.000038,1000.000062,1000.000087,1000.000113,1000.000141,1000.000170,1000.000201,1000.000233,1000.000266,1000.000301,1000.000338,1000.000374,1000.000412,1000.000454,1000.000497,1000.000535,1000.000555,1000.000543,1000.000498,1000.000431,1000.000354,1000.000278,1000.000201,1000.000114,0.000000,0.000000,0.000000,0.000000,0.000000,0.000000,0.000000,0.000000,0.000000,0.000000,0.000000
0.000000,0.000000,0.000000,0.000000,0.000000,0.000000,0.000000,0.000000,0.000000,0.000000,0.000000,1000.000178,1000.000259,1000.000336,1000.000415,1000.000487,1000.000539,1000.000555,1000.000536,1000.000499,1000.000455,1000.000412,1000.000373,1000.000335,1000.000297,1000.000261,1000.000226,1000.000193,1000.000161,1000.000130,1000.000101,1000.000073,1000.000047,1000.000022,999.999998,999.999975,999.999954,999.999935,999.999916,999.999899,999.999884,999.999870,999.999857,999.999845,999.999835,999.999827,999.999819,999.999813,999.999809,999.999805,999.999803,999.999803,999.999803,999.999805,999.999809,999.999813,999.999819,999.999827,999.999835,999.999845,999.999857,999.999870,999.999884,999.999899,999.999916,999.999935,999.999954,999.999975,999.999998,1000.000022,1000.000047,1000.000073,1000.000101,1000.000130,1000.000161,1000.000193,1000.000226,1000.000261,1000.000297,1000.000335,1000.000373,1000.000412,1000.000455,1000.000499,1000.000536,1000.000555,1000.000539,1000.000487,1000.000415,1000.000336,1000.000259,1000.000178,0.000000,0.000000,0.000000,0.000000,0.000000,0.000000,0.000000,0.000000,0.000000,0.000000,0.000000
0.000000,0.000000,0.000000,0.000000,0.000000,0.000000,0.000000,0.000000,0.000000,0.000000,1000.000154,1000.000241,1000.000317,1000.000395,1000.000469,1000.000529,1000.000555,1000.000540,1000.000503,1000.000459,1000.000415,1000.000374,1000.000335,1000.000296,1000.000258,1000.000222,1000.000188,1000.000154,1000.000122,1000.000092,1000.000062,1000.000035,1000.000008,999.999983,999.999959,999.999937,999.999916,999.999896,999.999878,999.999861,999.999845,999.999831,999.999818,999.999807,999.999797,999.999788,999.999781,999.999774,999.999770,999.999766,999.999764,999.999764,999.999764,999.999766,999.999770,999.999774,999.999781,999.999788,999.999797,999.999807,999.999818,999.999831,999.999845,999.999861,999.999878,999.999896,999.999916,999.999937,999.999959,999.999983,1000.000008,1000.000035,1000.000062,1000.000092,1000.000122,1000.000154,1000.000188,1000.000222,1000.000258,1000.000296,1000.000335,1000.000374,1000.000415,1000.000459,1000.000503,1000.000540,1000.000555,1000.000529,1000.000469,1000.000395,1000.000317,1000.000241,1000.000154,0.000000,0.000000,0.000000,0.000000,0.000000,0.000000,0.000000,0.000000,0.000000,0.000000
0.000000,0.000000,0.000000,0.000000,0.000000,0.000000,0.000000,0.000000,0.000000,1000.000128,1000.000217,1000.000297,1000.000375,1000.000451,1000.000515,1000.000552,1000.000548,1000.000512,1000.000465,1000.000420,1000.000378,1000.000338,1000.000297,1000.000258,1000.000221,1000.000185,1000.000150,1000.000117,1000.000085,1000.000054,1000.000025,999.999997,999.999971,999.999946,999.999922,999.999899,999.999878,999.999859,999.999840,999.999824,999.999808,999.999794,999.999781,999.999769,999.999759,999.999751,999.999743,999.999737,999.999732,999.999729,999.999727,999.999726,999.999727,999.999729,999.999732,999.999737,999.999743,999.999751,999.999759,999.999769,999.999781,999.999794,999.999808,999.999824,999.999840,999.999859,999.999878,999.999899,999.999922,999.999946,999.999971,999.999997,1000.000025,1000.000054,1000.000085,1000.000117,1000.000150,1000.000185,1000.000221,1000.000258,1000.000297,1000.000338,1000.000378,1000.000420,1000.000465,1000.000512,1000.000548,1000.000552,1000.000515,1000.000451,1000.000375,1000.000297,1000.000217,1000.000128,0.000000,0.000000,0.000000,0.000000,0.000000,0.000000,0.000000,0.000000,0.000000
0.000000,0.000000,0.000000,0.000000,0.000000,0.000000,0.000000,0.000000,0.000000,1000.000185,1000.000270,1000.000352,1000.000433,1000.000502,1000.000547,1000.000554,1000.000525,1000.000478,1000.000429,1000.000385,1000.000343,1000.000301,1000.000261,1000.000222,1000.000185,1000.000149,1000.000114,1000.000081,1000.000049,1000.000018,999.999989,999.999961,999.999935,999.999910,999.999886,999.999864,999.999842,999.999823,999.999805,999.999788,999.999772,999.999758,999.999745,999.999733,999.999723,999.999715,999.999707,999.999701,999.999696,999.999693,999.999691,999.999690,999.999691,999.999693,999.999696,999.999701,999.999707,999.999715,999.999723,999.999733,999.999745,999.999758,999.999772,999.999788,999.999805,999.999823,999.999842,999.999864,999.999886,999.999910,999.999935,999.999961,999.999989,1000.000018,1000.000049,1000.000081,1000.000114,1000.000149,1000.000185,1000.000222,1000.000261,1000.000301,1000.000343,1000.000385,1000.000429,1000.000478,1000.000525,1000.000554,1000.000547,1000.000502,1000.000433,1000.000352,1000.000270,1000.000185,0.000000,0.000000,0.000000,0.000000,0.000000,0.000000,0.000000,0.000000,0.000000
0.000000,0.000000,0.000000,0.000000,0.000000,0.000000,0.000000,0.000000,1000.000149,1000.000240,1000.000323,1000.000406,1000.000484,1000.000539,1000.000555,1000.000533,1000.000491,1000.000442,1000.000395,1000.000351,1000.000308,1000.000266,1000.000226,1000.000188,1000.000150,1000.000114,1000.000080,1000.000046,1000.000014,999.999984,999.999955,999.999927,999.999900,999.999875,999.999851,999.999829,999.999808,999.999788,999.999770,999.999753,999.999737,999.999723,999.999710,999.999699,999.999689,999.999680,999.999672,999.999666,999.999662,999.999658,999.999656,999.999656,999.999656,999.999658,999.999662,999.999666,999.999672,999.999680,999.999689,999.999699,999.999710,999.999723,999.999737,999.999753,999.999770,999.999788,999.999808,999.999829,999.999851,999.999875,999.999900,999.999927,999.999955,999.999984,1000.000014,1000.000046,1000.000080,1000.000114,1000.000150,1000.000188,1000.000226,1000.000266,1000.000308,1000.000351,1000.000395,1000.000442,1000.000491,1000.000533,1000.000555,1000.000539,1000.000484,1000.000406,1000.000323,1000.000240,1000.000149,0.000000,0.000000,0.000000,0.000000,0.000000,0.000000,0.000000,0.000000
0.000000,0.000000,0.000000,0.000000,0.000000,0.000000,0.000000,0.000000,1000.000201,1000.000288,1000.000372,1000.000456,1000.000524,1000.000554,1000.000540,1000.000502,1000.000454,1000.000407,1000.000362,1000.000318,1000.000274,1000.000233,1000.000193,1000.000154,1000.000117,1000.000081,1000.000046,1000.000013,999.999981,999.999951,999.999921,999.999893,999.999867,999.999842,999.999818,999.999796,999.999775,999.999755,999.999737,999.999720,999.999704,999.999690,999.999677,999.999666,999.999655,999.999647,999.999639,999.999633,999.999628,999.999625,999.999623,999.999622,999.999623,999.999625,999.999628,999.999633,999.999639,999.999647,999.999655,999.999666,999.999677,999.999690,999.999704,999.999720,999.999737,999.999755,999.999775,999.999796,999.999818,999.999842,999.999867,999.999893,999.999921,999.999951,999.999981,1000.000013,1000.000046,1000.000081,1000.000117,1000.000154,1000.000193,1000.000233,1000.000274,1000.000318,1000.000362,1000.000407,1000.000454,1000.000502,1000.000540,1000.000554,1000.000524,1000.000456,1000.000372,1000.000288,1000.000201,0.000000,0.000000,0.000000,0.000000,0.000000,0.000000,0.000000,0.000000
0.000000,0.000000,0.000000,0.000000,0.000000,0.000000,0.000000,1000.000156,1000.000251,1000.000335,1000.000421,1000.000498,1000.000548,1000.000550,1000.000516,1000.000468,1000.000420,1000.000375,1000.000330,1000.000285,1000.000242,1000.000201,1000.000161,1000.000122,1000.000085,1000.000049,1000.000014,999.999981,999.999949,999.999919,999.999889,999.999862,999.999835,999.999810,999.999786,999.999764,999.999743,999.999723,999.999705,999.999688,999.999672,999.999658,999.999645,999.999634,999.999624,999.999615,999.999607,999.999601,999.999596,999.999593,999.999591,999.999590,999.999591,999.999593,999.999596,999.999601,999.999607,999.999615,999.999624,999.999634,999.999645,999.999658,999.999672,999.999688,999.999705,999.999723,999.999743,999.999764,999.999786,999.999810,999.999835,999.999862,999.999889,999.999919,999.999949,999.999981,1000.000014,1000.000049,1000.000085,1000.000122,1000.000161,1000.000201,1000.000242,1000.000285,1000.000330,1000.000375,1000.000420,1000.000468,1000.000516,1000.000550,1000.000548,1000.000498,1000.000421,1000.000335,1000.000251,1000.000156,0.000000,0.000000,0.000000,0.000000,0.000000,0.000000,0.000000
0.000000,0.000000,0.000000,0.000000,0.000000,0.000000,0.000000,1000.000205,1000.000294,1000.000380,1000.000465,1000.000531,1000.000556,1000.000534,1000.000488,1000.000437,1000.000390,1000.000344,1000.000298,1000.000254,1000.000212,1000.000170,1000.000130,1000.000092,1000.000054,1000.000018,999.999984,999.999951,999.999919,999.999888,999.999859,999.999831,999.999805,999.999779,999.999756,999.999733,999.999712,999.999693,999.999674,999.999657,999.999642,999.999628,999.999615,999.999603,999.999593,999.999584,999.999577,999.999571,999.999566,999.999563,999.999560,999.999560,999.999560,999.999563,999.999566,999.999571,999.999577,999.999584,999.999593,999.999603,999.999615,999.999628,999.999642,999.999657,999.999674,999.999693,999.999712,999.999733,999.999756,999.999779,999.999805,999.999831,999.999859,999.999888,999.999919,999.999951,999.999984,1000.000018,1000.000054,1000.000092,1000.000130,1000.000170,1000.000212,1000.000254,1000.000298,1000.000344,1000.000390,1000.000437,1000.000488,1000.000534,1000.000556,1000.000531,1000.000465,1000.000380,1000.000294,1000.000205,0.000000,0.000000,0.000000,0.000000,0.000000,0.000000,0.000000
0.000000,0.000000,0.000000,0.000000,0.000000,0.000000,1000.000157,1000.000252,1000.000338,1000.000425,1000.000502,1000.000551,1000.000550,1000.000511,1000.000459,1000.000408,1000.000361,1000.000314,1000.000269,1000.000225,1000.000183,1000.000141,1000.000101,1000.000062,1000.000025,999.999989,999.999955,999.999921,999.999889,999.999859,999.999830,999.999802,999.999775,999.999750,999.999727,999.999704,999.999683,999.999663,999.999645,999.999628,999.999613,999.999598,999.999585,999.999574,999.999564,999.999555,999.999548,999.999541,999.999537,999.999533,999.999531,999.999531,999.999531,999.999533,999.999537,999.999541,999.999548,999.999555,999.999564,999.999574,999.999585,999.999598,999.999613,999.999628,999.999645,999.999663,999.999683,999.999704,999.999727,999.999750,999.999775,999.999802,999.999830,999.999859,999.999889,999.999921,999.999955,999.999989,1000.000025,1000.000062,1000.000101,1000.000141,1000.000183,1000.000225,1000.000269,1000.000314,1000.000361,1000.000408,1000.000459,1000.000511,1000.000550,1000.000551,1000.000502,1000.000425,1000.000338,1000.000252,1000.000157,0.000000,0.000000,0.000000,0.000000,0.000000,0.000000
0.000000,0.000000,0.000000,0.000000,0.000000,0.000000,1000.000202,1000.000293,1000.000380,1000.000466,1000.000533,1000.000557,1000.000533,1000.000484,1000.000431,1000.000381,1000.000333,1000.000286,1000.000241,1000.000197,1000.000154,1000.000113,1000.000073,1000.000035,999.999997,999.999961,999.999927,999.999893,999.999862,999.999831,999.999802,999.999774,999.999748,999.999722,999.999699,999.999676,999.999655,999.999636,999.999617,999.999600,999.999585,999.999571,999.999558,999.999546,999.999536,999.999527,999.999520,999.999514,999.999509,999.999505,999.999503,999.999503,999.999503,999.999505,999.999509,999.999514,999.999520,999.999527,999.999536,999.999546,999.999558,999.999571,999.999585,999.999600,999.999617,999.999636,999.999655,999.999676,999.999699,999.999722,999.999748,999.999774,999.999802,999.999831,999.999862,999.999893,999.999927,999.999961,999.999997,1000.000035,1000.000073,1000.000113,1000.000154,1000.000197,1000.000241,1000.000286,1000.000333,1000.000381,1000.000431,1000.000484,1000.000533,1000.000557,1000.000533,1000.000466,1000.000380,1000.000293,1000.000202,0.000000,0.000000,0.000000,0.000000,0.000000,0.000000
0.000000,0.000000,0.000000,0.000000,0.000000,1000.000150,1000.000246,1000.000334,1000.000422,1000.000502,1000.000551,1000.000550,1000.000510,1000.000456,1000.000404,1000.000355,1000.000307,1000.000260,1000.000215,1000.000171,1000.000128,1000.000087,1000.000047,1000.000008,999.999971,999.999935,999.999900,999.999867,999.999835,999.999805,999.999775,999.999748,999.999721,999.999696,999.999672,999.999650,999.999629,999.999609,999.999591,999.999574,999.999558,999.999544,999.999531,999.999520,999.999509,999.999501,999.999493,999.999487,999.999482,999.999479,999.999477,999.999476,999.999477,999.999479,999.999482,999.999487,999.999493,999.999501,999.999509,999.999520,999.999531,999.999544,999.999558,999.999574,999.999591,999.999609,999.999629,999.999650,999.999672,999.999696,999.999721,999.999748,999.999775,999.999805,999.999835,999.999867,999.999900,999.999935,999.999971,1000.000008,1000.000047,1000.000087,1000.000128,1000.000171,1000.000215,1000.000260,1000.000307,1000.000355,1000.000404,1000.000456,1000.000510,1000.000550,1000.000551,1000.000502,1000.000422,1000.000334,1000.000246,1000.000150,0.000000,0.000000,0.000000,0.000000,0.000000
0.000000,0.000000,0.000000,0.000000,0.000000,1000.000190,1000.000283,1000.000373,1000.000461,1000.000530,1000.000556,1000.000533,1000.000484,1000.000430,1000.000379,1000.000330,1000.000281,1000.000235,1000.000190,1000.000145,1000.000103,1000.000062,1000.000022,999.999983,999.999946,999.999910,999.999875,999.999842,999.999810,999.999779,999.999750,999.999722,999.999696,999.999671,999.999647,999.999625,999.999604,999.999584,999.999566,999.999549,999.999533,999.999519,999.999506,999.999495,999.999484,999.999476,999.999468,999.999462,999.999457,999.999454,999.999452,999.999451,999.999452,999.999454,999.999457,999.999462,999.999468,999.999476,999.999484,999.999495,999.999506,999.999519,999.999533,999.999549,999.999566,999.999584,999.999604,999.999625,999.999647,999.999671,999.999696,999.999722,999.999750,999.999779,999.999810,999.999842,999.999875,999.999910,999.999946,999.999983,1000.000022,1000.000062,1000.000103,1000.000145,1000.000190,1000.000235,1000.000281,1000.000330,1000.000379,1000.000430,1000.000484,1000.000533,1000.000556,1000.000530,1000.000461,1000.000373,1000.000283,1000.000190,0.000000,0.000000,0.000000,0.000000,0.000000
0.000000,0.000000,0.000000,0.000000,1000.000131,1000.000229,1000.000319,1000.000410,1000.000494,1000.000548,1000.000550,1000.000511,1000.000458,1000.000406,1000.000356,1000.000306,1000.000258,1000.000211,1000.000166,1000.000122,1000.000079,1000.000038,999.999998,999.999959,999.999922,999.999886,999.999851,999.999818,999.999786,999.999756,999.999727,999.999699,999.999672,999.999647,999.999623,999.999601,999.999580,999.999560,999.999542,999.999525,999.999509,999.999495,999.999482,999.999471,999.999461,999.999452,999.999444,999.999438,999.999433,999.999430,999.999428,999.999427,999.999428,999.999430,999.999433,999.999438,999.999444,999.999452,999.999461,999.999471,999.999482,999.999495,999.999509,999.999525,999.999542,999.999560,999.999580,999.999601,999.999623,999.999647,999.999672,999.999699,999.999727,999.999756,999.999786,999.999818,999.999851,999.999886,999.999922,999.999959,999.999998,1000.000038,1000.000079,1000.000122,1000.000166,1000.000211,1000.000258,1000.000306,1000.000356,1000.000406,1000.000458,1000.000511,1000.000550,1000.000548,1000.000494,1000.000410,1000.000319,1000.000229,1000.000131,0.000000,0.000000,0.000000,0.000000
0.000000,0.000000,0.000000,0.000000,1000.000167,1000.000262,1000.000352,1000.000444,1000.000521,1000.000555,1000.000536,1000.000488,1000.000434,1000.000383,1000.000333,1000.000283,1000.000235,1000.000189,1000.000143,1000.000099,1000.000057,1000.000015,999.999975,999.999937,999.999899,999.999864,999.999829,999.999796,999.999764,999.999733,999.999704,999.999676,999.999650,999.999625,999.999601,999.999579,999.999558,999.999538,999.999520,999.999503,999.999487,999.999473,999.999460,999.999448,999.999438,999.999429,999.999422,999.999416,999.999411,999.999408,999.999406,999.999405,999.999406,999.999408,999.999411,999.999416,999.999422,999.999429,999.999438,999.999448,999.999460,999.999473,999.999487,999.999503,999.999520,999.999538,999.999558,999.999579,999.999601,999.999625,999.999650,999.999676,999.999704,999.999733,999.999764,999.999796,999.999829,999.999864,999.999899,999.999937,999.999975,1000.000015,1000.000057,1000.000099,1000.000143,1000.000189,1000.000235,1000.000283,1000.000333,1000.000383,1000.000434,1000.000488,1000.000536,1000.000555,1000.000521,1000.000444,1000.000352,1000.000262,1000.000167,0.000000,0.000000,0.000000,0.000000
