0.000000,0.000000,0.000000,0.000000,0.000000,0.000000,0.000000,0.000000,0.000000,0.000000,0.000000,0.000000,0.000000,0.000000,0.000000,0.000000,0.000000,0.000000,0.000000,0.000000,0.000000,0.000000,0.000000,0.000000,0.000000,0.000000,0.000000,0.000000,0.000000,0.000000,0.000000,0.000000,0.000000,0.000000,0.000000,0.000000,0.000000,0.000000,0.000000,0.000000,0.000000,0.000000,0.000000,0.000000,0.000000,0.000000,0.000000,0.000000,0.000000,0.000000,0.000000,0.000000,0.000000,0.000000,0.000000,0.000000,0.000000,0.000000,0.000000,0.000000,0.000000,0.000000,0.000000,0.000000,0.000000,0.000000,0.000000,0.000000,0.000000,0.000000,0.000000,0.000000,0.000000,0.000000,0.000000,0.000000,0.000000,0.000000,0.000000,0.000000,0.000000,0.000000,0.000000,0.000000,0.000000,0.000000,0.000000,0.000000,0.000000,0.000000,0.000000,0.000000,0.000000,0.000000,0.000000,0.000000,0.000000,0.000000,0.000000,0.000000,0.000000,0.000000,0.000000
0.000000,0.000000,0.000000,0.000000,0.000000,0.000000,0.000000,0.000000,0.000000,0.000000,0.000000,0.000000,0.000000,0.000000,0.000000,0.000000,0.000000,0.000000,0.000000,0.000000,0.000000,0.000000,0.000000,0.000000,0.000000,0.000000,0.000000,0.000000,0.000000,0.000000,0.000000,0.000000,0.000000,0.000000,0.000000,0.000000,0.000000,0.000000,0.000000,0.000000,0.000000,0.000000,0.000000,0.000000,0.000000,0.000000,0.000000,0.000000,0.000000,0.000000,0.000000,1000.000061,0.000000,0.000000,0.000000,0.000000,0.000000,0.000000,0.000000,0.000000,0.000000,0.000000,0.000000,0.000000,0.000000,0.000000,0.000000,0.000000,0.000000,0.000000,0.000000,0.000000,0.000000,0.000000,0.000000,0.000000,0.000000,0.000000,0.000000,0.000000,0.000000,0.000000,0.000000,0.000000,0.000000,0.000000,0.000000,0.000000,0.000000,0.000000,0.000000,0.000000,0.000000,0.000000,0.000000,0.000000,0.000000,0.000000,0.000000,0.000000,0.000000,0.000000,0.000000
0.000000,0.000000,0.000000,0.000000,0.000000,0.000000,0.000000,0.000000,0.000000,0.000000,0.000000,0.000000,0.000000,0.000000,0.000000,0.000000,0.000000,0.000000,0.000000,0.000000,0.000000,0.000000,0.000000,0.000000,0.000000,0.000000,0.000000,0.000000,0.000000,0.000000,0.000000,0.000000,0.000000,0.000000,0.000000,0.000000,0.000000,0.000000,0.000000,0.000000,0.000000,0.000000,1000.000111,1000.000129,1000.000139,1000.000143,1000.000146,1000.000147,1000.000147,1000.000146,1000.000146,1000.000150,1000.000146,1000.000146,1000.000147,1000.000147,1000.000146,1000.000143,1000.000139,1000.000129,1000.000111,0.000000,0.000000,0.000000,0.000000,0.000000,0.000000,0.000000,0.000000,0.000000,0.000000,0.000000,0.000000,0.000000,0.000000,0.000000,0.000000,0.000000,0.000000,0.000000,0.000000,0.000000,0.000000,0.000000,0.000000,0.000000,0.000000,0.000000,0.000000,0.000000,0.000000,0.000000,0.000000,0.000000,0.000000,0.000000,0.000000,0.000000,0.000000,0.000000,0.000000,0.000000,0.000000
0.000000,0.000000,0.000000,0.000000,0.000000,0.000000,0.000000,0.000000,0.000000,0.000000,0.000000,0.000000,0.000000,0.000000,0.000000,0.000000,0.000000,0.000000,0.000000,0.000000,0.000000,0.000000,0.000000,0.000000,0.000000,0.000000,0.000000,0.000000,0.000000,0.000000,0.000000,0.000000,0.000000,0.000000,0.000000,0.000000,0.000000,1000.000107,1000.000134,1000.000155,1000.000172,1000.000186,1000.000199,1000.000211,1000.000220,1000.000226,1000.000230,1000.000231,1000.000232,1000.000232,1000.000232,1000.000233,1000.000232,1000.000232,1000.000232,1000.000231,1000.000230,1000.000226,1000.000220,1000.000211,1000.000199,1000.000186,1000.000172,1000.000155,1000.000134,1000.000107,0.000000,0.000000,0.000000,0.000000,0.000000,0.000000,0.000000,0.000000,0.000000,0.000000,0.000000,0.000000,0.000000,0.000000,0.000000,0.000000,0.000000,0.000000,0.000000,0.000000,0.000000,0.000000,0.000000,0.000000,0.000000,0.000000,0.000000,0.000000,0.000000,0.000000,0.000000,0.000000,0.000000,0.000000,0.000000,0.000000,0.000000
0.000000,0.000000,0.000000,0.000000,0.000000,0.000000,0.000000,0.000000,0.000000,0.000000,0.000000,0.000000,0.000000,0.000000,0.000000,0.000000,0.000000,0.000000,0.000000,0.000000,0.000000,0.000000,0.000000,0.000000,0.000000,0.000000,0.000000,0.000000,0.000000,0.000000,0.000000,0.000000,0.000000,0.000000,1000.000112,1000.000142,1000.000168,1000.000193,1000.000214,1000.000234,1000.000253,1000.000268,1000.000283,1000.000294,1000.000302,1000.000308,1000.000311,1000.000313,1000.000314,1000.000314,1000.000315,1000.000314,1000.000315,1000.000314,1000.000314,1000.000313,1000.000311,1000.000308,1000.000302,1000.000294,1000.000283,1000.000268,1000.000253,1000.000234,1000.000214,1000.000193,1000.000168,1000.000142,1000.000112,0.000000,0.000000,0.000000,0.000000,0.000000,0.000000,0.000000,0.000000,0.000000,0.000000,0.000000,0.000000,0.000000,0.000000,0.000000,0.000000,0.000000,0.000000,0.000000,0.000000,0.000000,0.000000,0.000000,0.000000,0.000000,0.000000,0.000000,0.000000,0.000000,0.000000,0.000000,0.000000,0.000000,0.000000
0.000000,0.000000,0.000000,0.000000,0.000000,0.000000,0.000000,0.000000,0.000000,0.000000,0.000000,0.000000,0.000000,0.000000,0.000000,0.000000,0.000000,0.000000,0.000000,0.000000,0.000000,0.000000,0.000000,0.000000,0.000000,0.000000,0.000000,0.000000,0.000000,0.000000,0.000000,0.000000,1000.000127,1000.000162,1000.000195,1000.000222,1000.000247,1000.000272,1000.000294,1000.000314,1000.000332,1000.000349,1000.000365,1000.000377,1000.000385,1000.000389,1000.000391,1000.000393,1000.000393,1000.000394,1000.000394,1000.000394,1000.000394,1000.000394,1000.000393,1000.000393,1000.000391,1000.000389,1000.000385,1000.000377,1000.000365,1000.000349,1000.000332,1000.000314,1000.000294,1000.000272,1000.000247,1000.000222,1000.000195,1000.000162,1000.000127,0.000000,0.000000,0.000000,0.000000,0.000000,0.000000,0.000000,0.000000,0.000000,0.000000,0.000000,0.000000,0.000000,0.000000,0.000000,0.000000,0.000000,0.000000,0.000000,0.000000,0.000000,0.000000,0.000000,0.000000,0.000000,0.000000,0.000000,0.000000,0.000000,0.000000,0.000000,0.000000
0.000000,0.000000,0.000000,0.000000,0.000000,0.000000,0.000000,0.000000,0.000000,0.000000,0.000000,0.000000,0.000000,0.000000,0.000000,0.000000,0.000000,0.000000,0.000000,0.000000,0.000000,0.000000,0.000000,0.000000,0.000000,0.000000,0.000000,0.000000,0.000000,0.000000,1000.000133,1000.000172,1000.000209,1000.000241,1000.000271,1000.000299,1000.000326,1000.000351,1000.000373,1000.000392,1000.000408,1000.000423,1000.000436,1000.000445,1000.000449,1000.000452,1000.000453,1000.000453,1000.000454,1000.000454,1000.000454,1000.000454,1000.000454,1000.000454,1000.000454,1000.000453,1000.000453,1000.000452,1000.000449,1000.000445,1000.000436,1000.000423,1000.000408,1000.000392,1000.000373,1000.000351,1000.000326,1000.000299,1000.000271,1000.000241,1000.000209,1000.000172,1000.000133,0.000000,0.000000,0.000000,0.000000,0.000000,0.000000,0.000000,0.000000,0.000000,0.000000,0.000000,0.000000,0.000000,0.000000,0.000000,0.000000,0.000000,0.000000,0.000000,0.000000,0.000000,0.000000,0.000000,0.000000,0.000000,0.000000,0.000000,0.000000,0.000000,0.000000
0.000000,0.000000,0.000000,0.000000,0.000000,0.000000,0.000000,0.000000,0.000000,0.000000,0.000000,0.000000,0.000000,0.000000,0.000000,0.000000,0.000000,0.000000,0.000000,0.000000,0.000000,0.000000,0.000000,0.000000,0.000000,0.000000,0.000000,0.000000,1000.000133,1000.000174,1000.000214,1000.000249,1000.000284,1000.000317,1000.000349,1000.000377,1000.000402,1000.000424,1000.000442,1000.000454,1000.000462,1000.000467,1000.000468,1000.000467,1000.000466,1000.000465,1000.000465,1000.000464,1000.000464,1000.000463,1000.000463,1000.000463,1000.000463,1000.000463,1000.000464,1000.000464,1000.000465,1000.000465,1000.000466,1000.000467,1000.000468,1000.000467,1000.000462,1000.000454,1000.000442,1000.000424,1000.000402,1000.000377,1000.000349,1000.000317,1000.000284,1000.000249,1000.000214,1000.000174,1000.000133,0.000000,0.000000,0.000000,0.000000,0.000000,0.000000,0.000000,0.000000,0.000000,0.000000,0.000000,0.000000,0.000000,0.000000,0.000000,0.000000,0.000000,0.000000,0.000000,0.000000,0.000000,0.000000,0.000000,0.000000,0.000000,0.000000,0.000000,0.000000
0.000000,0.000000,0.000000,0.000000,0.000000,0.000000,0.000000,0.000000,0.000000,0.000000,0.000000,0.000000,0.000000,0.000000,0.000000,0.000000,0.000000,0.000000,0.000000,0.000000,0.000000,0.000000,0.000000,0.000000,0.000000,0.000000,1000.000126,1000.000171,1000.000213,1000.000250,1000.000287,1000.000323,1000.000359,1000.000392,1000.000421,1000.000444,1000.000459,1000.000468,1000.000472,1000.000471,1000.000468,1000.000461,1000.000451,1000.000442,1000.000436,1000.000432,1000.000430,1000.000428,1000.000427,1000.000426,1000.000425,1000.000425,1000.000425,1000.000426,1000.000427,1000.000428,1000.000430,1000.000432,1000.000436,1000.000442,1000.000451,1000.000461,1000.000468,1000.000471,1000.000472,1000.000468,1000.000459,1000.000444,1000.000421,1000.000392,1000.000359,1000.000323,1000.000287,1000.000250,1000.000213,1000.000171,1000.000126,0.000000,0.000000,0.000000,0.000000,0.000000,0.000000,0.000000,0.000000,0.000000,0.000000,0.000000,0.000000,0.000000,0.000000,0.000000,0.000000,0.000000,0.000000,0.000000,0.000000,0.000000,0.000000,0.000000,0.000000,0.000000,0.000000
0.000000,0.000000,0.000000,0.000000,0.000000,0.000000,0.000000,0.000000,0.000000,0.000000,0.000000,0.000000,0.000000,0.000000,0.000000,0.000000,0.000000,0.000000,0.000000,0.000000,0.000000,0.000000,0.000000,0.000000,1000.000108,1000.000157,1000.000204,1000.000244,1000.000284,1000.000323,1000.000361,1000.000396,1000.000427,1000.000452,1000.000467,1000.000473,1000.000471,1000.000465,1000.000454,1000.000443,1000.000432,1000.000420,1000.000408,1000.000397,1000.000389,1000.000383,1000.000380,1000.000377,1000.000375,1000.000374,1000.000373,1000.000373,1000.000373,1000.000374,1000.000375,1000.000377,1000.000380,1000.000383,1000.000389,1000.000397,1000.000408,1000.000420,1000.000432,1000.000443,1000.000454,1000.000465,1000.000471,1000.000473,1000.000467,1000.000452,1000.000427,1000.000396,1000.000361,1000.000323,1000.000284,1000.000244,1000.000204,1000.000157,1000.000108,0.000000,0.000000,0.000000,0.000000,0.000000,0.000000,0.000000,0.000000,0.000000,0.000000,0.000000,0.000000,0.000000,0.000000,0.000000,0.000000,0.000000,0.000000,0.000000,0.000000,0.000000,0.000000,0.000000,0.000000
0.000000,0.000000,0.000000,0.000000,0.000000,0.000000,0.000000,0.000000,0.000000,0.000000,0.000000,0.000000,0.000000,0.000000,0.000000,0.000000,0.000000,0.000000,0.000000,0.000000,0.000000,0.000000,0.000000,1000.000131,1000.000184,1000.000229,1000.000274,1000.000316,1000.000357,1000.000395,1000.000428,1000.000454,1000.000469,1000.000474,1000.000469,1000.000456,1000.000442,1000.000426,1000.000411,1000.000396,1000.000383,1000.000371,1000.000360,1000.000350,1000.000342,1000.000337,1000.000332,1000.000328,1000.000326,1000.000324,1000.000323,1000.000323,1000.000323,1000.000324,1000.000326,1000.000328,1000.000332,1000.000337,1000.000342,1000.000350,1000.000360,1000.000371,1000.000383,1000.000396,1000.000411,1000.000426,1000.000442,1000.000456,1000.000469,1000.000474,1000.000469,1000.000454,1000.000428,1000.000395,1000.000357,1000.000316,1000.000274,1000.000229,1000.000184,1000.000131,0.000000,0.000000,0.000000,0.000000,0.000000,0.000000,0.000000,0.000000,0.000000,0.000000,0.000000,0.000000,0.000000,0.000000,0.000000,0.000000,0.000000,0.000000,0.000000,0.000000,0.000000,0.000000,0.000000
0.000000,0.000000,0.000000,0.000000,0.000000,0.000000,0.000000,0.000000,0.000000,0.000000,0.000000,0.000000,0.000000,0.000000,0.000000,0.000000,0.000000,0.000000,0.000000,0.000000,0.000000,1000.000097,1000.000151,1000.000204,1000.000252,1000.000299,1000.000345,1000.000388,1000.000424,1000.000452,1000.000469,1000.000474,1000.000469,1000.000454,1000.000435,1000.000415,1000.000396,1000.000379,1000.000364,1000.000349,1000.000337,1000.000325,1000.000314,1000.000305,1000.000297,1000.000290,1000.000285,1000.000281,1000.000278,1000.000276,1000.000275,1000.000275,1000.000275,1000.000276,1000.000278,1000.000281,1000.000285,1000.000290,1000.000297,1000.000305,1000.000314,1000.000325,1000.000337,1000.000349,1000.000364,1000.000379,1000.000396,1000.000415,1000.000435,1000.000454,1000.000469,1000.000474,1000.000469,1000.000452,1000.000424,1000.000388,1000.000345,1000.000299,1000.000252,1000.000204,1000.000151,1000.000097,0.000000,0.000000,0.000000,0.000000,0.000000,0.000000,0.000000,0.000000,0.000000,0.000000,0.000000,0.000000,0.000000,0.000000,0.000000,0.000000,0.000000,0.000000,0.000000,0.000000,0.000000
0.000000,0.000000,0.000000,0.000000,0.000000,0.000000,0.000000,0.000000,0.000000,0.000000,0.000000,0.000000,0.000000,0.000000,0.000000,0.000000,0.000000,0.000000,0.000000,0.000000,1000.000112,1000.000171,1000.000220,1000.000269,1000.000318,1000.000368,1000.000412,1000.000446,1000.000467,1000.000474,1000.000468,1000.000453,1000.000433,1000.000411,1000.000389,1000.000369,1000.000351,1000.000334,1000.000319,1000.000305,1000.000292,1000.000280,1000.000269,1000.000260,1000.000252,1000.000245,1000.000239,1000.000235,1000.000232,1000.000230,1000.000228,1000.000228,1000.000228,1000.000230,1000.000232,1000.000235,1000.000239,1000.000245,1000.000252,1000.000260,1000.000269,1000.000280,1000.000292,1000.000305,1000.000319,1000.000334,1000.000351,1000.000369,1000.000389,1000.000411,1000.000433,1000.000453,1000.000468,1000.000474,1000.000467,1000.000446,1000.000412,1000.000368,1000.000318,1000.000269,1000.000220,1000.000171,1000.000112,0.000000,0.000000,0.000000,0.000000,0.000000,0.000000,0.000000,0.000000,0.000000,0.000000,0.000000,0.000000,0.000000,0.000000,0.000000,0.000000,0.000000,0.000000,0.000000,0.000000
0.000000,0.000000,0.000000,0.000000,0.000000,0.000000,0.000000,0.000000,0.000000,0.000000,0.000000,0.000000,0.000000,0.000000,0.000000,0.000000,0.000000,0.000000,0.000000,1000.000125,1000.000185,1000.000236,1000.000285,1000.000335,1000.000384,1000.000427,1000.000459,1000.000472,1000.000469,1000.000454,1000.000434,1000.000411,1000.000387,1000.000365,1000.000345,1000.000325,1000.000308,1000.000291,1000.000275,1000.000261,1000.000247,1000.000236,1000.000225,1000.000216,1000.000207,1000.000201,1000.000195,1000.000190,1000.000187,1000.000184,1000.000183,1000.000183,1000.000183,1000.000184,1000.000187,1000.000190,1000.000195,1000.000201,1000.000207,1000.000216,1000.000225,1000.000236,1000.000247,1000.000261,1000.000275,1000.000291,1000.000308,1000.000325,1000.000345,1000.000365,1000.000387,1000.000411,1000.000434,1000.000454,1000.000469,1000.000472,1000.000459,1000.000427,1000.000384,1000.000335,1000.000285,1000.000236,1000.000185,1000.000125,0.000000,0.000000,0.000000,0.000000,0.000000,0.000000,0.000000,0.000000,0.000000,0.000000,0.000000,0.000000,0.000000,0.000000,0.000000,0.000000,0.000000,0.000000,0.000000
0.000000,0.000000,0.000000,0.000000,0.000000,0.000000,0.000000,0.000000,0.000000,0.000000,0.000000,0.000000,0.000000,0.000000,0.000000,0.000000,0.000000,0.000000,1000.000133,1000.000195,1000.000248,1000.000301,1000.000352,1000.000399,1000.000439,1000.000466,1000.000473,1000.000460,1000.000438,1000.000414,1000.000389,1000.000366,1000.000343,1000.000322,1000.000302,1000.000283,1000.000264,1000.000247,1000.000232,1000.000218,1000.000205,1000.000193,1000.000182,1000.000173,1000.000164,1000.000157,1000.000151,1000.000147,1000.000143,1000.000141,1000.000139,1000.000139,1000.000139,1000.000141,1000.000143,1000.000147,1000.000151,1000.000157,1000.000164,1000.000173,1000.000182,1000.000193,1000.000205,1000.000218,1000.000232,1000.000247,1000.000264,1000.000283,1000.000302,1000.000322,1000.000343,1000.000366,1000.000389,1000.000414,1000.000438,1000.000460,1000.000473,1000.000466,1000.000439,1000.000399,1000.000352,1000.000301,1000.000248,1000.000195,1000.000133,0.000000,0.000000,0.000000,0.000000,0.000000,0.000000,0.000000,0.000000,0.000000,0.000000,0.000000,0.000000,0.000000,0.000000,0.000000,0.000000,0.000000,0.000000
0.000000,0.000000,0.000000,0.000000,0.000000,0.000000,0.000000,0.000000,0.000000,0.000000,0.000000,0.000000,0.000000,0.000000,0.000000,0.000000,0.000000,1000.000137,1000.000201,1000.000256,1000.000311,1000.000366,1000.000414,1000.000451,1000.000471,1000.000472,1000.000454,1000.000426,1000.000398,1000.000371,1000.000347,1000.000324,1000.000302,1000.000280,1000.000260,1000.000240,1000.000222,1000.000206,1000.000190,1000.000176,1000.000163,1000.000151,1000.000140,1000.000131,1000.000122,1000.000115,1000.000109,1000.000104,1000.000101,1000.000098,1000.000097,1000.000096,1000.000097,1000.000098,1000.000101,1000.000104,1000.000109,1000.000115,1000.000122,1000.000131,1000.000140,1000.000151,1000.000163,1000.000176,1000.000190,1000.000206,1000.000222,1000.000240,1000.000260,1000.000280,1000.000302,1000.000324,1000.000347,1000.000371,1000.000398,1000.000426,1000.000454,1000.000472,1000.000471,1000.000451,1000.000414,1000.000366,1000.000311,1000.000256,1000.000201,1000.000137,0.000000,0.000000,0.000000,0.000000,0.000000,0.000000,0.000000,0.000000,0.000000,0.000000,0.000000,0.000000,0.000000,0.000000,0.000000,0.000000,0.000000
0.000000,0.000000,0.000000,0.000000,0.000000,0.000000,0.000000,0.000000,0.000000,0.000000,0.000000,0.000000,0.000000,0.000000,0.000000,0.000000,1000.000139,1000.000204,1000.000261,1000.000317,1000.000374,1000.000424,1000.000459,1000.000473,1000.000466,1000.000446,1000.000417,1000.000386,1000.000357,1000.000331,1000.000307,1000.000283,1000.000261,1000.000239,1000.000219,1000.000200,1000.000182,1000.000165,1000.000150,1000.000135,1000.000122,1000.000110,1000.000099,1000.000090,1000.000081,1000.000074,1000.000068,1000.000063,1000.000059,1000.000057,1000.000055,1000.000055,1000.000055,1000.000057,1000.000059,1000.000063,1000.000068,1000.000074,1000.000081,1000.000090,1000.000099,1000.000110,1000.000122,1000.000135,1000.000150,1000.000165,1000.000182,1000.000200,1000.000219,1000.000239,1000.000261,1000.000283,1000.000307,1000.000331,1000.000357,1000.000386,1000.000417,1000.000446,1000.000466,1000.000473,1000.000459,1000.000424,1000.000374,1000.000317,1000.000261,1000.000204,1000.000139,0.000000,0.000000,0.000000,0.000000,0.000000,0.000000,0.000000,0.000000,0.000000,0.000000,0.000000,0.000000,0.000000,0.000000,0.000000,0.000000
0.000000,0.000000,0.000000,0.000000,0.000000,0.000000,0.000000,0.000000,0.000000,0.000000,0.000000,0.000000,0.000000,0.000000,0.000000,1000.000137,1000.000204,1000.000262,1000.000320,1000.000377,1000.000428,1000.000463,1000.000473,1000.000459,1000.000435,1000.000406,1000.000375,1000.000345,1000.000318,1000.000292,1000.000267,1000.000243,1000.000221,1000.000199,1000.000179,1000.000160,1000.000142,1000.000125,1000.000110,1000.000096,1000.000082,1000.000070,1000.000060,1000.000050,1000.000042,1000.000034,1000.000028,1000.000023,1000.000019,1000.000017,1000.000015,1000.000015,1000.000015,1000.000017,1000.000019,1000.000023,1000.000028,1000.000034,1000.000042,1000.000050,1000.000060,1000.000070,1000.000082,1000.000096,1000.000110,1000.000125,1000.000142,1000.000160,1000.000179,1000.000199,1000.000221,1000.000243,1000.000267,1000.000292,1000.000318,1000.000345,1000.000375,1000.000406,1000.000435,1000.000459,1000.000473,1000.000463,1000.000428,1000.000377,1000.000320,1000.000262,1000.000204,1000.000137,0.000000,0.000000,0.000000,0.000000,0.000000,0.000000,0.000000,0.000000,0.000000,0.000000,0.000000,0.000000,0.000000,0.000000,0.000000
0.000000,0.000000,0.000000,0.000000,0.000000,0.000000,0.000000,0.000000,0.000000,0.000000,0.000000,0.000000,0.000000,0.000000,1000.000133,1000.000201,1000.000261,1000.000320,1000.000379,1000.000430,1000.000465,1000.000473,1000.000456,1000.000427,1000.000395,1000.000364,1000.000335,1000.000307,1000.000280,1000.000253,1000.000228,1000.000205,1000.000182,1000.000161,1000.000141,1000.000122,1000.000104,1000.000087,1000.000072,1000.000057,1000.000044,1000.000032,1000.000021,1000.000011,1000.000003,999.999996,999.999990,999.999985,999.999981,999.999978,999.999976,999.999976,999.999976,999.999978,999.999981,999.999985,999.999990,999.999996,1000.000003,1000.000011,1000.000021,1000.000032,1000.000044,1000.000057,1000.000072,1000.000087,1000.000104,1000.000122,1000.000141,1000.000161,1000.000182,1000.000205,1000.000228,1000.000253,1000.000280,1000.000307,1000.000335,1000.000364,1000.000395,1000.000427,1000.000456,1000.000473,1000.000465,1000.000430,1000.000379,1000.000320,1000.000261,1000.000201,1000.000133,0.000000,0.000000,0.000000,0.000000,0.000000,0.000000,0.000000,0.000000,0.000000,0.000000,0.000000,0.000000,0.000000,0.000000
0.000000,0.000000,0.000000,0.000000,0.000000,0.000000,0.000000,0.000000,0.000000,0.000000,0.000000,0.000000,0.000000,1000.000125,1000.000195,1000.000256,1000.000317,1000.000377,1000.000430,1000.000465,1000.000473,1000.000455,1000.000424,1000.000389,1000.000357,1000.000327,1000.000298,1000.000270,1000.000242,1000.000216,1000.000191,1000.000168,1000.000145,1000.000123,1000.000103,1000.000084,1000.000066,1000.000050,1000.000034,1000.000020,1000.000007,999.999995,999.999984,999.999974,999.999966,999.999958,999.999952,999.999947,999.999943,999.999940,999.999939,999.999938,999.999939,999.999940,999.999943,999.999947,999.999952,999.999958,999.999966,999.999974,999.999984,999.999995,1000.000007,1000.000020,1000.000034,1000.000050,1000.000066,1000.000084,1000.000103,1000.000123,1000.000145,1000.000168,1000.000191,1000.000216,1000.000242,1000.000270,1000.000298,1000.000327,1000.000357,1000.000389,1000.000424,1000.000455,1000.000473,1000.000465,1000.000430,1000.000377,1000.000317,1000.000256,1000.000195,1000.000125,0.000000,0.000000,0.000000,0.000000,0.000000,0.000000,0.000000,0.000000,0.000000,0.000000,0.000000,0.000000,0.000000
0.000000,0.000000,0.000000,0.000000,0.000000,0.000000,0.000000,0.000000,0.000000,0.000000,0.000000,0.000000,1000.000112,1000.000185,1000.000248,1000.000311,1000.000374,1000.000428,1000.000465,1000.000473,1000.000454,1000.000423,1000.000387,1000.000352,1000.000321,1000.000291,1000.000261,1000.000233,1000.000206,1000.000180,1000.000155,1000.000131,1000.000109,1000.000087,1000.000067,1000.000048,1000.000030,1000.000013,999.999998,999.999984,999.999970,999.999958,999.999947,999.999938,999.999929,999.999922,999.999916,999.999911,999.999907,999.999904,999.999902,999.999901,999.999902,999.999904,999.999907,999.999911,999.999916,999.999922,999.999929,999.999938,999.999947,999.999958,999.999970,999.999984,999.999998,1000.000013,1000.000030,1000.000048,1000.000067,1000.000087,1000.000109,1000.000131,1000.000155,1000.000180,1000.000206,1000.000233,1000.000261,1000.000291,1000.000321,1000.000352,1000.000387,1000.000423,1000.000454,1000.000473,1000.000465,1000.000428,1000.000374,1000.000311,1000.000248,1000.000185,1000.000112,0.000000,0.000000,0.000000,0.000000,0.000000,0.000000,0.000000,0.000000,0.000000,0.000000,0.000000,0.000000
0.000000,0.000000,0.000000,0.000000,0.000000,0.000000,0.000000,0.000000,0.000000,0.000000,0.000000,1000.000097,1000.000171,1000.000236,1000.000301,1000.000366,1000.000424,1000.000463,1000.000473,1000.000455,1000.000423,1000.000386,1000.000350,1000.000318,1000.000287,1000.000256,1000.000226,1000.000198,1000.000171,1000.000145,1000.000120,1000.000096,1000.000074,1000.000052,1000.000032,1000.000013,999.999995,999.999978,999.999963,999.999948,999.999935,999.999923,999.999912,999.999903,999.999894,999.999887,999.999880,999.999875,999.999871,999.999868,999.999867,999.999866,999.999867,999.999868,999.999871,999.999875,999.999880,999.999887,999.999894,999.999903,999.999912,999.999923,999.999935,999.999948,999.999963,999.999978,999.999995,1000.000013,1000.000032,1000.000052,1000.000074,1000.000096,1000.000120,1000.000145,1000.000171,1000.000198,1000.000226,1000.000256,1000.000287,1000.000318,1000.000350,1000.000386,1000.000423,1000.000455,1000.000473,1000.000463,1000.000424,1000.000366,1000.000301,1000.000236,1000.000171,1000.000097,0.000000,0.000000,0.000000,0.000000,0.000000,0.000000,0.000000,0.000000,0.000000,0.000000,0.000000
0.000000,0.000000,0.000000,0.000000,0.000000,0.000000,0.000000,0.000000,0.000000,0.000000,0.000000,1000.000151,1000.000220,1000.000285,1000.000352,1000.000414,1000.000459,1000.000473,1000.000456,1000.000424,1000.000387,1000.000350,1000.000317,1000.000285,1000.000252,1000.000221,1000.000192,1000.000164,1000.000137,1000.000111,1000.000086,1000.000062,1000.000040,1000.000018,999.999998,999.999979,999.999961,999.999944,999.999929,999.999914,999.999901,999.999889,999.999878,999.999869,999.999860,999.999853,999.999846,999.999841,999.999837,999.999834,999.999833,999.999832,999.999833,999.999834,999.999837,999.999841,999.999846,999.999853,999.999860,999.999869,999.999878,999.999889,999.999901,999.999914,999.999929,999.999944,999.999961,999.999979,999.999998,1000.000018,1000.000040,1000.000062,1000.000086,1000.000111,1000.000137,1000.000164,1000.000192,1000.000221,1000.000252,1000.000285,1000.000317,1000.000350,1000.000387,1000.000424,1000.000456,1000.000473,1000.000459,1000.000414,1000.000352,1000.000285,1000.000220,1000.000151,0.000000,0.000000,0.000000,0.000000,0.000000,0.000000,0.000000,0.000000,0.000000,0.000000,0.000000
0.000000,0.000000,0.000000,0.000000,0.000000,0.000000,0.000000,0.000000,0.000000,0.000000,1000.000131,1000.000204,1000.000269,1000.000335,1000.000399,1000.000451,1000.000473,1000.000459,1000.000427,1000.000389,1000.000352,1000.000318,1000.000285,1000.000251,1000.000219,1000.000189,1000.000159,1000.000131,1000.000104,1000.000078,1000.000053,1000.000029,1000.000007,999.999985,999.999965,999.999946,999.999928,999.999912,999.999896,999.999882,999.999868,999.999856,999.999845,999.999836,999.999827,999.999820,999.999813,999.999808,999.999804,999.999801,999.999800,999.999799,999.999800,999.999801,999.999804,999.999808,999.999813,999.999820,999.999827,999.999836,999.999845,999.999856,999.999868,999.999882,999.999896,999.999912,999.999928,999.999946,999.999965,999.999985,1000.000007,1000.000029,1000.000053,1000.000078,1000.000104,1000.000131,1000.000159,1000.000189,1000.000219,1000.000251,1000.000285,1000.000318,1000.000352,1000.000389,1000.000427,1000.000459,1000.000473,1000.000451,1000.000399,1000.000335,1000.000269,1000.000204,1000.000131,0.000000,0.000000,0.000000,0.000000,0.000000,0.000000,0.000000,0.000000,0.000000,0.000000
0.000000,0.000000,0.000000,0.000000,0.000000,0.000000,0.000000,0.000000,0.000000,1000.000108,1000.000184,1000.000252,1000.000318,1000.000384,1000.000439,1000.000471,1000.000466,1000.000435,1000.000395,1000.000357,1000.000321,1000.000287,1000.000252,1000.000219,1000.000188,1000.000157,1000.000127,1000.000099,1000.000072,1000.000046,1000.000021,999.999998,999.999975,999.999954,999.999933,999.999914,999.999897,999.999880,999.999864,999.999850,999.999837,999.999825,999.999814,999.999804,999.999795,999.999788,999.999782,999.999776,999.999772,999.999770,999.999768,999.999767,999.999768,999.999770,999.999772,999.999776,999.999782,999.999788,999.999795,999.999804,999.999814,999.999825,999.999837,999.999850,999.999864,999.999880,999.999897,999.999914,999.999933,999.999954,999.999975,999.999998,1000.000021,1000.000046,1000.000072,1000.000099,1000.000127,1000.000157,1000.000188,1000.000219,1000.000252,1000.000287,1000.000321,1000.000357,1000.000395,1000.000435,1000.000466,1000.000471,1000.000439,1000.000384,1000.000318,1000.000252,1000.000184,1000.000108,0.000000,0.000000,0.000000,0.000000,0.000000,0.000000,0.000000,0.000000,0.000000
0.000000,0.000000,0.000000,0.000000,0.000000,0.000000,0.000000,0.000000,0.000000,1000.000157,1000.000229,1000.000299,1000.000368,1000.000427,1000.000466,1000.000472,1000.000446,1000.000406,1000.000364,1000.000327,1000.000291,1000.000256,1000.000221,1000.000189,1000.000157,1000.000126,1000.000097,1000.000069,1000.000042,1000.000015,999.999991,999.999967,999.999944,999.999923,999.999903,999.999884,999.999866,999.999849,999.999834,999.999819,999.999806,999.999794,999.999783,999.999773,999.999765,999.999757,999.999751,999.999746,999.999742,999.999739,999.999737,999.999737,999.999737,999.999739,999.999742,999.999746,999.999751,999.999757,999.999765,999.999773,999.999783,999.999794,999.999806,999.999819,999.999834,999.999849,999.999866,999.999884,999.999903,999.999923,999.999944,999.999967,999.999991,1000.000015,1000.000042,1000.000069,1000.000097,1000.000126,1000.000157,1000.000189,1000.000221,1000.000256,1000.000291,1000.000327,1000.000364,1000.000406,1000.000446,1000.000472,1000.000466,1000.000427,1000.000368,1000.000299,1000.000229,1000.000157,0.000000,0.000000,0.000000,0.000000,0.000000,0.000000,0.000000,0.000000,0.000000
0.000000,0.000000,0.000000,0.000000,0.000000,0.000000,0.000000,0.000000,1000.000126,1000.000204,1000.000274,1000.000345,1000.000412,1000.000459,1000.000473,1000.000454,1000.000417,1000.000375,1000.000335,1000.000298,1000.000261,1000.000226,1000.000192,1000.000159,1000.000127,1000.000097,1000.000067,1000.000039,1000.000012,999.999986,999.999961,999.999938,999.999915,999.999894,999.999874,999.999855,999.999837,999.999820,999.999804,999.999790,999.999777,999.999765,999.999754,999.999744,999.999735,999.999728,999.999722,999.999716,999.999712,999.999710,999.999708,999.999707,999.999708,999.999710,999.999712,999.999716,999.999722,999.999728,999.999735,999.999744,999.999754,999.999765,999.999777,999.999790,999.999804,999.999820,999.999837,999.999855,999.999874,999.999894,999.999915,999.999938,999.999961,999.999986,1000.000012,1000.000039,1000.000067,1000.000097,1000.000127,1000.000159,1000.000192,1000.000226,1000.000261,1000.000298,1000.000335,1000.000375,1000.000417,1000.000454,1000.000473,1000.000459,1000.000412,1000.000345,1000.000274,1000.000204,1000.000126,0.000000,0.000000,0.000000,0.000000,0.000000,0.000000,0.000000,0.000000
0.000000,0.000000,0.000000,0.000000,0.000000,0.000000,0.000000,0.000000,1000.000171,1000.000244,1000.000316,1000.000388,1000.000446,1000.000472,1000.000460,1000.000426,1000.000386,1000.000345,1000.000307,1000.000270,1000.000233,1000.000198,1000.000164,1000.000131,1000.000099,1000.000069,1000.000039,1000.000011,999.999984,999.999958,999.999933,999.999909,999.999887,999.999866,999.999845,999.999826,999.999808,999.999792,999.999776,999.999762,999.999749,999.999736,999.999725,999.999716,999.999707,999.999700,999.999693,999.999688,999.999684,999.999681,999.999680,999.999679,999.999680,999.999681,999.999684,999.999688,999.999693,999.999700,999.999707,999.999716,999.999725,999.999736,999.999749,999.999762,999.999776,999.999792,999.999808,999.999826,999.999845,999.999866,999.999887,999.999909,999.999933,999.999958,999.999984,1000.000011,1000.000039,1000.000069,1000.000099,1000.000131,1000.000164,1000.000198,1000.000233,1000.000270,1000.000307,1000.000345,1000.000386,1000.000426,1000.000460,1000.000472,1000.000446,1000.000388,1000.000316,1000.000244,1000.000171,0.000000,0.000000,0.000000,0.000000,0.000000,0.000000,0.000000,0.000000
0.000000,0.000000,0.000000,0.000000,0.000000,0.000000,0.000000,1000.000133,1000.000213,1000.000284,1000.000357,1000.000424,1000.000467,1000.000469,1000.000438,1000.000398,1000.000357,1000.000318,1000.000280,1000.000242,1000.000206,1000.000171,1000.000137,1000.000104,1000.000072,1000.000042,1000.000012,999.999984,999.999957,999.999931,999.999906,999.999882,999.999860,999.999838,999.999818,999.999799,999.999781,999.999765,999.999749,999.999735,999.999721,999.999709,999.999698,999.999689,999.999680,999.999673,999.999666,999.999661,999.999657,999.999654,999.999652,999.999652,999.999652,999.999654,999.999657,999.999661,999.999666,999.999673,999.999680,999.999689,999.999698,999.999709,999.999721,999.999735,999.999749,999.999765,999.999781,999.999799,999.999818,999.999838,999.999860,999.999882,999.999906,999.999931,999.999957,999.999984,1000.000012,1000.000042,1000.000072,1000.000104,1000.000137,1000.000171,1000.000206,1000.000242,1000.000280,1000.000318,1000.000357,1000.000398,1000.000438,1000.000469,1000.000467,1000.000424,1000.000357,1000.000284,1000.000213,1000.000133,0.000000,0.000000,0.000000,0.000000,0.000000,0.000000,0.000000
0.000000,0.000000,0.000000,0.000000,0.000000,0.000000,0.000000,1000.000174,1000.000250,1000.000323,1000.000395,1000.000452,1000.000474,1000.000454,1000.000414,1000.000371,1000.000331,1000.000292,1000.000253,1000.000216,1000.000180,1000.000145,1000.000111,1000.000078,1000.000046,1000.000015,999.999986,999.999958,999.999931,999.999905,999.999880,999.999856,999.999834,999.999812,999.999792,999.999773,999.999755,999.999739,999.999723,999.999709,999.999695,999.999683,999.999672,999.999663,999.999654,999.999647,999.999640,999.999635,999.999631,999.999628,999.999626,999.999626,999.999626,999.999628,999.999631,999.999635,999.999640,999.999647,999.999654,999.999663,999.999672,999.999683,999.999695,999.999709,999.999723,999.999739,999.999755,999.999773,999.999792,999.999812,999.999834,999.999856,999.999880,999.999905,999.999931,999.999958,999.999986,1000.000015,1000.000046,1000.000078,1000.000111,1000.000145,1000.000180,1000.000216,1000.000253,1000.000292,1000.000331,1000.000371,1000.000414,1000.000454,1000.000474,1000.000452,1000.000395,1000.000323,1000.000250,1000.000174,0.000000,0.000000,0.000000,0.000000,0.000000,0.000000,0.000000
0.000000,0.000000,0.000000,0.000000,0.000000,0.000000,1000.000133,1000.000214,1000.000287,1000.000361,1000.000428,1000.000469,1000.000468,1000.000434,1000.000389,1000.000347,1000.000307,1000.000267,1000.000228,1000.000191,1000.000155,1000.000120,1000.000086,1000.000053,1000.000021,999.999991,999.999961,999.999933,999.999906,999.999880,999.999855,999.999832,999.999809,999.999788,999.999768,999.999748,999.999731,999.999714,999.999698,999.999684,999.999671,999.999659,999.999648,999.999638,999.999629,999.999622,999.999615,999.999610,999.999606,999.999603,999.999602,999.999601,999.999602,999.999603,999.999606,999.999610,999.999615,999.999622,999.999629,999.999638,999.999648,999.999659,999.999671,999.999684,999.999698,999.999714,999.999731,999.999748,999.999768,999.999788,999.999809,999.999832,999.999855,999.999880,999.999906,999.999933,999.999961,999.999991,1000.000021,1000.000053,1000.000086,1000.000120,1000.000155,1000.000191,1000.000228,1000.000267,1000.000307,1000.000347,1000.000389,1000.000434,1000.000468,1000.000469,1000.000428,1000.000361,1000.000287,1000.000214,1000.000133,0.000000,0.000000,0.000000,0.000000,0.000000,0.000000
0.000000,0.000000,0.000000,0.000000,0.000000,0.000000,1000.000172,1000.000249,1000.000323,1000.000396,1000.000454,1000.000474,1000.000453,1000.000411,1000.000366,1000.000324,1000.000283,1000.000243,1000.000205,1000.000168,1000.000131,1000.000096,1000.000062,1000.000029,999.999998,999.999967,999.999938,999.999909,999.999882,999.999856,999.999832,999.999808,999.999785,999.999764,999.999744,999.999725,999.999707,999.999690,999.999675,999.999660,999.999647,999.999635,999.999624,999.999614,999.999606,999.999598,999.999592,999.999587,999.999583,999.999580,999.999578,999.999577,999.999578,999.999580,999.999583,999.999587,999.999592,999.999598,999.999606,999.999614,999.999624,999.999635,999.999647,999.999660,999.999675,999.999690,999.999707,999.999725,999.999744,999.999764,999.999785,999.999808,999.999832,999.999856,999.999882,999.999909,999.999938,999.999967,999.999998,1000.000029,1000.000062,1000.000096,1000.000131,1000.000168,1000.000205,1000.000243,1000.000283,1000.000324,1000.000366,1000.000411,1000.000453,1000.000474,1000.000454,1000.000396,1000.000323,1000.000249,1000.000172,0.000000,0.000000,0.000000,0.000000,0.000000,0.000000
0.000000,0.000000,0.000000,0.000000,0.000000,1000.000127,1000.000209,1000.000284,1000.000359,1000.000427,1000.000469,1000.000469,1000.000433,1000.000387,1000.000343,1000.000302,1000.000261,1000.000221,1000.000182,1000.000145,1000.000109,1000.000074,1000.000040,1000.000007,999.999975,999.999944,999.999915,999.999887,999.999860,999.999834,999.999809,999.999785,999.999763,999.999742,999.999721,999.999702,999.999684,999.999668,999.999652,999.999638,999.999625,999.999612,999.999602,999.999592,999.999583,999.999576,999.999569,999.999564,999.999560,999.999557,999.999555,999.999555,999.999555,999.999557,999.999560,999.999564,999.999569,999.999576,999.999583,999.999592,999.999602,999.999612,999.999625,999.999638,999.999652,999.999668,999.999684,999.999702,999.999721,999.999742,999.999763,999.999785,999.999809,999.999834,999.999860,999.999887,999.999915,999.999944,999.999975,1000.000007,1000.000040,1000.000074,1000.000109,1000.000145,1000.000182,1000.000221,1000.000261,1000.000302,1000.000343,1000.000387,1000.000433,1000.000469,1000.000469,1000.000427,1000.000359,1000.000284,1000.000209,1000.000127,0.000000,0.000000,0.000000,0.000000,0.000000
0.000000,0.000000,0.000000,0.000000,0.000000,1000.000162,1000.000241,1000.000317,1000.000392,1000.000452,1000.000474,1000.000454,1000.000411,1000.000365,1000.000322,1000.000280,1000.000239,1000.000199,1000.000161,1000.000123,1000.000087,1000.000052,1000.000018,999.999985,999.999954,999.999923,999.999894,999.999866,999.999838,999.999812,999.999788,999.999764,999.999742,999.999720,999.999700,999.999681,999.999663,999.999646,999.999631,999.999616,999.999603,999.999591,999.999580,999.999570,999.999562,999.999554,999.999548,999.999543,999.999539,999.999536,999.999534,999.999534,999.999534,999.999536,999.999539,999.999543,999.999548,999.999554,999.999562,999.999570,999.999580,999.999591,999.999603,999.999616,999.999631,999.999646,999.999663,999.999681,999.999700,999.999720,999.999742,999.999764,999.999788,999.999812,999.999838,999.999866,999.999894,999.999923,999.999954,999.999985,1000.000018,1000.000052,1000.000087,1000.000123,1000.000161,1000.000199,1000.000239,1000.000280,1000.000322,1000.000365,1000.000411,1000.000454,1000.000474,1000.000452,1000.000392,1000.000317,1000.000241,1000.000162,0.000000,0.000000,0.000000,0.000000,0.000000
0.000000,0.000000,0.000000,0.000000,1000.000112,1000.000195,1000.000271,1000.000349,1000.000421,1000.000467,1000.000469,1000.000435,1000.000389,1000.000345,1000.000302,1000.000260,1000.000219,1000.000179,1000.000141,1000.000103,1000.000067,1000.000032,999.999998,999.999965,999.999933,999.999903,999.999874,999.999845,999.999818,999.999792,999.999768,999.999744,999.999721,999.999700,999.999680,999.999661,999.999643,999.999626,999.999611,999.999596,999.999583,999.999571,999.999560,999.999550,999.999542,999.999534,999.999528,999.999523,999.999519,999.999516,999.999514,999.999513,999.999514,999.999516,999.999519,999.999523,999.999528,999.999534,999.999542,999.999550,999.999560,999.999571,999.999583,999.999596,999.999611,999.999626,999.999643,999.999661,999.999680,999.999700,999.999721,999.999744,999.999768,999.999792,999.999818,999.999845,999.999874,999.999903,999.999933,999.999965,999.999998,1000.000032,1000.000067,1000.000103,1000.000141,1000.000179,1000.000219,1000.000260,1000.000302,1000.000345,1000.000389,1000.000435,1000.000469,1000.000467,1000.000421,1000.000349,1000.000271,1000.000195,1000.000112,0.000000,0.000000,0.000000,0.000000
0.000000,0.000000,0.000000,0.000000,1000.000142,1000.000222,1000.000299,1000.000377,1000.000444,1000.000473,1000.000456,1000.000415,1000.000369,1000.000325,1000.000283,1000.000240,1000.000200,1000.000160,1000.000122,1000.000084,1000.000048,1000.000013,999.999979,999.999946,999.999914,999.999884,999.999855,999.999826,999.999799,999.999773,999.999748,999.999725,999.999702,999.999681,999.999661,999.999642,999.999624,999.999607,999.999592,999.999577,999.999564,999.999552,999.999541,999.999531,999.999523,999.999515,999.999509,999.999504,999.999499,999.999497,999.999495,999.999494,999.999495,999.999497,999.999499,999.999504,999.999509,999.999515,999.999523,999.999531,999.999541,999.999552,999.999564,999.999577,999.999592,999.999607,999.999624,999.999642,999.999661,999.999681,999.999702,999.999725,999.999748,999.999773,999.999799,999.999826,999.999855,999.999884,999.999914,999.999946,999.999979,1000.000013,1000.000048,1000.000084,1000.000122,1000.000160,1000.000200,1000.000240,1000.000283,1000.000325,1000.000369,1000.000415,1000.000456,1000.000473,1000.000444,1000.000377,1000.000299,1000.000222,1000.000142,0.000000,0.000000,0.000000,0.000000
