0.000000,0.000000,0.000000,0.000000,0.000000,0.000000,0.000000,0.000000,0.000000,0.000000,0.000000,0.000000,0.000000,0.000000,0.000000,0.000000,0.000000,0.000000,0.000000,0.000000,0.000000,0.000000,0.000000,0.000000,0.000000,0.000000,0.000000,0.000000,0.000000,0.000000,0.000000,0.000000,0.000000,0.000000,0.000000,0.000000,0.000000,0.000000,0.000000,0.000000,0.000000,0.000000,0.000000,0.000000,0.000000,0.000000,0.000000,0.000000,0.000000,0.000000,0.000000,0.000000,0.000000,0.000000,0.000000,0.000000,0.000000,0.000000,0.000000,0.000000,0.000000,0.000000,0.000000,0.000000,0.000000,0.000000,0.000000,0.000000,0.000000,0.000000,0.000000,0.000000,0.000000,0.000000,0.000000,0.000000,0.000000,0.000000,0.000000,0.000000,0.000000,0.000000,0.000000,0.000000,0.000000,0.000000,0.000000,0.000000,0.000000,0.000000,0.000000,0.000000,0.000000,0.000000,0.000000,0.000000,0.000000,0.000000,0.000000,0.000000,0.000000,0.000000,0.000000
0.000000,0.000000,0.000000,0.000000,0.000000,0.000000,0.000000,0.000000,0.000000,0.000000,0.000000,0.000000,0.000000,0.000000,0.000000,0.000000,0.000000,0.000000,0.000000,0.000000,0.000000,0.000000,0.000000,0.000000,0.000000,0.000000,0.000000,0.000000,0.000000,0.000000,0.000000,0.000000,0.000000,0.000000,0.000000,0.000000,0.000000,0.000000,0.000000,0.000000,0.000000,0.000000,0.000000,0.000000,0.000000,0.000000,0.000000,0.000000,0.000000,0.000000,0.000000,1000.000058,0.000000,0.000000,0.000000,0.000000,0.000000,0.000000,0.000000,0.000000,0.000000,0.000000,0.000000,0.000000,0.000000,0.000000,0.000000,0.000000,0.000000,0.000000,0.000000,0.000000,0.000000,0.000000,0.000000,0.000000,0.000000,0.000000,0.000000,0.000000,0.000000,0.000000,0.000000,0.000000,0.000000,0.000000,0.000000,0.000000,0.000000,0.000000,0.000000,0.000000,0.000000,0.000000,0.000000,0.000000,0.000000,0.000000,0.000000,0.000000,0.000000,0.000000,0.000000
0.000000,0.000000,0.000000,0.000000,0.000000,0.000000,0.000000,0.000000,0.000000,0.000000,0.000000,0.000000,0.000000,0.000000,0.000000,0.000000,0.000000,0.000000,0.000000,0.000000,0.000000,0.000000,0.000000,0.000000,0.000000,0.000000,0.000000,0.000000,0.000000,0.000000,0.000000,0.000000,0.000000,0.000000,0.000000,0.000000,0.000000,0.000000,0.000000,0.000000,0.000000,0.000000,1000.000106,1000.000123,1000.000132,1000.000137,1000.000139,1000.000140,1000.000140,1000.000139,1000.000139,1000.000142,1000.000139,1000.000139,1000.000140,1000.000140,1000.000139,1000.000137,1000.000132,1000.000123,1000.000106,0.000000,0.000000,0.000000,0.000000,0.000000,0.000000,0.000000,0.000000,0.000000,0.000000,0.000000,0.000000,0.000000,0.000000,0.000000,0.000000,0.000000,0.000000,0.000000,0.000000,0.000000,0.000000,0.000000,0.000000,0.000000,0.000000,0.000000,0.000000,0.000000,0.000000,0.000000,0.000000,0.000000,0.000000,0.000000,0.000000,0.000000,0.000000,0.000000,0.000000,0.000000,0.000000
0.000000,0.000000,0.000000,0.000000,0.000000,0.000000,0.000000,0.000000,0.000000,0.000000,0.000000,0.000000,0.000000,0.000000,0.000000,0.000000,0.000000,0.000000,0.000000,0.000000,0.000000,0.000000,0.000000,0.000000,0.000000,0.000000,0.000000,0.000000,0.000000,0.000000,0.000000,0.000000,0.000000,0.000000,0.000000,0.000000,0.000000,1000.000102,1000.000127,1000.000148,1000.000164,1000.000177,1000.000190,1000.000201,1000.000209,1000.000215,1000.000219,1000.000220,1000.000221,1000.000221,1000.000221,1000.000221,1000.000221,1000.000221,1000.000221,1000.000220,1000.000219,1000.000215,1000.000209,1000.000201,1000.000190,1000.000177,1000.000164,1000.000148,1000.000127,1000.000102,0.000000,0.000000,0.000000,0.000000,0.000000,0.000000,0.000000,0.000000,0.000000,0.000000,0.000000,0.000000,0.000000,0.000000,0.000000,0.000000,0.000000,0.000000,0.000000,0.000000,0.000000,0.000000,0.000000,0.000000,0.000000,0.000000,0.000000,0.000000,0.000000,0.000000,0.000000,0.000000,0.000000,0.000000,0.000000,0.000000,0.000000
0.000000,0.000000,0.000000,0.000000,0.000000,0.000000,0.000000,0.000000,0.000000,0.000000,0.000000,0.000000,0.000000,0.000000,0.000000,0.000000,0.000000,0.000000,0.000000,0.000000,0.000000,0.000000,0.000000,0.000000,0.000000,0.000000,0.000000,0.000000,0.000000,0.000000,0.000000,0.000000,0.000000,0.000000,1000.000106,1000.000135,1000.000160,1000.000183,1000.000204,1000.000223,1000.000241,1000.000255,1000.000269,1000.000280,1000.000288,1000.000293,1000.000296,1000.000298,1000.000299,1000.000299,1000.000300,1000.000299,1000.000300,1000.000299,1000.000299,1000.000298,1000.000296,1000.000293,1000.000288,1000.000280,1000.000269,1000.000255,1000.000241,1000.000223,1000.000204,1000.000183,1000.000160,1000.000135,1000.000106,0.000000,0.000000,0.000000,0.000000,0.000000,0.000000,0.000000,0.000000,0.000000,0.000000,0.000000,0.000000,0.000000,0.000000,0.000000,0.000000,0.000000,0.000000,0.000000,0.000000,0.000000,0.000000,0.000000,0.000000,0.000000,0.000000,0.000000,0.000000,0.000000,0.000000,0.000000,0.000000,0.000000,0.000000
0.000000,0.000000,0.000000,0.000000,0.000000,0.000000,0.000000,0.000000,0.000000,0.000000,0.000000,0.000000,0.000000,0.000000,0.000000,0.000000,0.000000,0.000000,0.000000,0.000000,0.000000,0.000000,0.000000,0.000000,0.000000,0.000000,0.000000,0.000000,0.000000,0.000000,0.000000,0.000000,1000.000121,1000.000154,1000.000185,1000.000212,1000.000235,1000.000259,1000.000280,1000.000299,1000.000316,1000.000333,1000.000348,1000.000359,1000.000367,1000.000371,1000.000373,1000.000374,1000.000375,1000.000375,1000.000375,1000.000375,1000.000375,1000.000375,1000.000375,1000.000374,1000.000373,1000.000371,1000.000367,1000.000359,1000.000348,1000.000333,1000.000316,1000.000299,1000.000280,1000.000259,1000.000235,1000.000212,1000.000185,1000.000154,1000.000121,0.000000,0.000000,0.000000,0.000000,0.000000,0.000000,0.000000,0.000000,0.000000,0.000000,0.000000,0.000000,0.000000,0.000000,0.000000,0.000000,0.000000,0.000000,0.000000,0.000000,0.000000,0.000000,0.000000,0.000000,0.000000,0.000000,0.000000,0.000000,0.000000,0.000000,0.000000,0.000000
0.000000,0.000000,0.000000,0.000000,0.000000,0.000000,0.000000,0.000000,0.000000,0.000000,0.000000,0.000000,0.000000,0.000000,0.000000,0.000000,0.000000,0.000000,0.000000,0.000000,0.000000,0.000000,0.000000,0.000000,0.000000,0.000000,0.000000,0.000000,0.000000,0.000000,1000.000127,1000.000164,1000.000199,1000.000229,1000.000258,1000.000285,1000.000311,1000.000335,1000.000355,1000.000374,1000.000389,1000.000403,1000.000416,1000.000424,1000.000428,1000.000431,1000.000432,1000.000432,1000.000432,1000.000432,1000.000432,1000.000432,1000.000432,1000.000432,1000.000432,1000.000432,1000.000432,1000.000431,1000.000428,1000.000424,1000.000416,1000.000403,1000.000389,1000.000374,1000.000355,1000.000335,1000.000311,1000.000285,1000.000258,1000.000229,1000.000199,1000.000164,1000.000127,0.000000,0.000000,0.000000,0.000000,0.000000,0.000000,0.000000,0.000000,0.000000,0.000000,0.000000,0.000000,0.000000,0.000000,0.000000,0.000000,0.000000,0.000000,0.000000,0.000000,0.000000,0.000000,0.000000,0.000000,0.000000,0.000000,0.000000,0.000000,0.000000,0.000000
0.000000,0.000000,0.000000,0.000000,0.000000,0.000000,0.000000,0.000000,0.000000,0.000000,0.000000,0.000000,0.000000,0.000000,0.000000,0.000000,0.000000,0.000000,0.000000,0.000000,0.000000,0.000000,0.000000,0.000000,0.000000,0.000000,0.000000,0.000000,1000.000126,1000.000166,1000.000204,1000.000237,1000.000270,1000.000302,1000.000332,1000.000359,1000.000383,1000.000404,1000.000421,1000.000432,1000.000440,1000.000445,1000.000446,1000.000446,1000.000444,1000.000444,1000.000443,1000.000442,1000.000442,1000.000442,1000.000441,1000.000441,1000.000441,1000.000442,1000.000442,1000.000442,1000.000443,1000.000444,1000.000444,1000.000446,1000.000446,1000.000445,1000.000440,1000.000432,1000.000421,1000.000404,1000.000383,1000.000359,1000.000332,1000.000302,1000.000270,1000.000237,1000.000204,1000.000166,1000.000126,0.000000,0.000000,0.000000,0.000000,0.000000,0.000000,0.000000,0.000000,0.000000,0.000000,0.000000,0.000000,0.000000,0.000000,0.000000,0.000000,0.000000,0.000000,0.000000,0.000000,0.000000,0.000000,0.000000,0.000000,0.000000,0.000000,0.000000,0.000000
0.000000,0.000000,0.000000,0.000000,0.000000,0.000000,0.000000,0.000000,0.000000,0.000000,0.000000,0.000000,0.000000,0.000000,0.000000,0.000000,0.000000,0.000000,0.000000,0.000000,0.000000,0.000000,0.000000,0.000000,0.000000,0.000000,1000.000120,1000.000162,1000.000203,1000.000238,1000.000273,1000.000308,1000.000342,1000.000373,1000.000401,1000.000423,1000.000437,1000.000447,1000.000450,1000.000449,1000.000446,1000.000440,1000.000430,1000.000421,1000.000415,1000.000411,1000.000409,1000.000408,1000.000406,1000.000406,1000.000405,1000.000405,1000.000405,1000.000406,1000.000406,1000.000408,1000.000409,1000.000411,1000.000415,1000.000421,1000.000430,1000.000440,1000.000446,1000.000449,1000.000450,1000.000447,1000.000437,1000.000423,1000.000401,1000.000373,1000.000342,1000.000308,1000.000273,1000.000238,1000.000203,1000.000162,1000.000120,0.000000,0.000000,0.000000,0.000000,0.000000,0.000000,0.000000,0.000000,0.000000,0.000000,0.000000,0.000000,0.000000,0.000000,0.000000,0.000000,0.000000,0.000000,0.000000,0.000000,0.000000,0.000000,0.000000,0.000000,0.000000,0.000000
0.000000,0.000000,0.000000,0.000000,0.000000,0.000000,0.000000,0.000000,0.000000,0.000000,0.000000,0.000000,0.000000,0.000000,0.000000,0.000000,0.000000,0.000000,0.000000,0.000000,0.000000,0.000000,0.000000,0.000000,1000.000103,1000.000150,1000.000194,1000.000233,1000.000271,1000.000308,1000.000344,1000.000377,1000.000407,1000.000430,1000.000445,1000.000451,1000.000449,1000.000443,1000.000433,1000.000422,1000.000411,1000.000400,1000.000389,1000.000378,1000.000370,1000.000365,1000.000362,1000.000359,1000.000357,1000.000356,1000.000355,1000.000355,1000.000355,1000.000356,1000.000357,1000.000359,1000.000362,1000.000365,1000.000370,1000.000378,1000.000389,1000.000400,1000.000411,1000.000422,1000.000433,1000.000443,1000.000449,1000.000451,1000.000445,1000.000430,1000.000407,1000.000377,1000.000344,1000.000308,1000.000271,1000.000233,1000.000194,1000.000150,1000.000103,0.000000,0.000000,0.000000,0.000000,0.000000,0.000000,0.000000,0.000000,0.000000,0.000000,0.000000,0.000000,0.000000,0.000000,0.000000,0.000000,0.000000,0.000000,0.000000,0.000000,0.000000,0.000000,0.000000,0.000000
0.000000,0.000000,0.000000,0.000000,0.000000,0.000000,0.000000,0.000000,0.000000,0.000000,0.000000,0.000000,0.000000,0.000000,0.000000,0.000000,0.000000,0.000000,0.000000,0.000000,0.000000,0.000000,0.000000,1000.000125,1000.000175,1000.000218,1000.000261,1000.000301,1000.000340,1000.000376,1000.000407,1000.000432,1000.000447,1000.000452,1000.000447,1000.000435,1000.000421,1000.000406,1000.000391,1000.000377,1000.000365,1000.000354,1000.000343,1000.000334,1000.000326,1000.000320,1000.000316,1000.000313,1000.000310,1000.000309,1000.000308,1000.000307,1000.000308,1000.000309,1000.000310,1000.000313,1000.000316,1000.000320,1000.000326,1000.000334,1000.000343,1000.000354,1000.000365,1000.000377,1000.000391,1000.000406,1000.000421,1000.000435,1000.000447,1000.000452,1000.000447,1000.000432,1000.000407,1000.000376,1000.000340,1000.000301,1000.000261,1000.000218,1000.000175,1000.000125,0.000000,0.000000,0.000000,0.000000,0.000000,0.000000,0.000000,0.000000,0.000000,0.000000,0.000000,0.000000,0.000000,0.000000,0.000000,0.000000,0.000000,0.000000,0.000000,0.000000,0.000000,0.000000,0.000000
0.000000,0.000000,0.000000,0.000000,0.000000,0.000000,0.000000,0.000000,0.000000,0.000000,0.000000,0.000000,0.000000,0.000000,0.000000,0.000000,0.000000,0.000000,0.000000,0.000000,0.000000,1000.000092,1000.000144,1000.000195,1000.000240,1000.000284,1000.000329,1000.000369,1000.000404,1000.000431,1000.000447,1000.000452,1000.000447,1000.000432,1000.000414,1000.000395,1000.000377,1000.000361,1000.000347,1000.000333,1000.000320,1000.000310,1000.000299,1000.000290,1000.000283,1000.000276,1000.000271,1000.000268,1000.000265,1000.000263,1000.000262,1000.000262,1000.000262,1000.000263,1000.000265,1000.000268,1000.000271,1000.000276,1000.000283,1000.000290,1000.000299,1000.000310,1000.000320,1000.000333,1000.000347,1000.000361,1000.000377,1000.000395,1000.000414,1000.000432,1000.000447,1000.000452,1000.000447,1000.000431,1000.000404,1000.000369,1000.000329,1000.000284,1000.000240,1000.000195,1000.000144,1000.000092,0.000000,0.000000,0.000000,0.000000,0.000000,0.000000,0.000000,0.000000,0.000000,0.000000,0.000000,0.000000,0.000000,0.000000,0.000000,0.000000,0.000000,0.000000,0.000000,0.000000,0.000000
0.000000,0.000000,0.000000,0.000000,0.000000,0.000000,0.000000,0.000000,0.000000,0.000000,0.000000,0.000000,0.000000,0.000000,0.000000,0.000000,0.000000,0.000000,0.000000,0.000000,1000.000107,1000.000162,1000.000210,1000.000256,1000.000303,1000.000350,1000.000393,1000.000425,1000.000445,1000.000451,1000.000446,1000.000432,1000.000413,1000.000392,1000.000371,1000.000351,1000.000334,1000.000318,1000.000304,1000.000290,1000.000278,1000.000266,1000.000256,1000.000247,1000.000240,1000.000233,1000.000228,1000.000224,1000.000221,1000.000219,1000.000217,1000.000217,1000.000217,1000.000219,1000.000221,1000.000224,1000.000228,1000.000233,1000.000240,1000.000247,1000.000256,1000.000266,1000.000278,1000.000290,1000.000304,1000.000318,1000.000334,1000.000351,1000.000371,1000.000392,1000.000413,1000.000432,1000.000446,1000.000451,1000.000445,1000.000425,1000.000393,1000.000350,1000.000303,1000.000256,1000.000210,1000.000162,1000.000107,0.000000,0.000000,0.000000,0.000000,0.000000,0.000000,0.000000,0.000000,0.000000,0.000000,0.000000,0.000000,0.000000,0.000000,0.000000,0.000000,0.000000,0.000000,0.000000,0.000000
0.000000,0.000000,0.000000,0.000000,0.000000,0.000000,0.000000,0.000000,0.000000,0.000000,0.000000,0.000000,0.000000,0.000000,0.000000,0.000000,0.000000,0.000000,0.000000,1000.000119,1000.000176,1000.000225,1000.000272,1000.000319,1000.000365,1000.000407,1000.000438,1000.000450,1000.000447,1000.000433,1000.000414,1000.000392,1000.000369,1000.000348,1000.000328,1000.000310,1000.000293,1000.000277,1000.000262,1000.000248,1000.000236,1000.000224,1000.000214,1000.000205,1000.000198,1000.000191,1000.000186,1000.000181,1000.000178,1000.000176,1000.000174,1000.000174,1000.000174,1000.000176,1000.000178,1000.000181,1000.000186,1000.000191,1000.000198,1000.000205,1000.000214,1000.000224,1000.000236,1000.000248,1000.000262,1000.000277,1000.000293,1000.000310,1000.000328,1000.000348,1000.000369,1000.000392,1000.000414,1000.000433,1000.000447,1000.000450,1000.000438,1000.000407,1000.000365,1000.000319,1000.000272,1000.000225,1000.000176,1000.000119,0.000000,0.000000,0.000000,0.000000,0.000000,0.000000,0.000000,0.000000,0.000000,0.000000,0.000000,0.000000,0.000000,0.000000,0.000000,0.000000,0.000000,0.000000,0.000000
0.000000,0.000000,0.000000,0.000000,0.000000,0.000000,0.000000,0.000000,0.000000,0.000000,0.000000,0.000000,0.000000,0.000000,0.000000,0.000000,0.000000,0.000000,1000.000127,1000.000185,1000.000237,1000.000286,1000.000336,1000.000380,1000.000418,1000.000444,1000.000451,1000.000438,1000.000418,1000.000395,1000.000371,1000.000348,1000.000327,1000.000307,1000.000288,1000.000269,1000.000252,1000.000236,1000.000221,1000.000207,1000.000195,1000.000184,1000.000173,1000.000164,1000.000156,1000.000150,1000.000144,1000.000140,1000.000136,1000.000134,1000.000132,1000.000132,1000.000132,1000.000134,1000.000136,1000.000140,1000.000144,1000.000150,1000.000156,1000.000164,1000.000173,1000.000184,1000.000195,1000.000207,1000.000221,1000.000236,1000.000252,1000.000269,1000.000288,1000.000307,1000.000327,1000.000348,1000.000371,1000.000395,1000.000418,1000.000438,1000.000451,1000.000444,1000.000418,1000.000380,1000.000336,1000.000286,1000.000237,1000.000185,1000.000127,0.000000,0.000000,0.000000,0.000000,0.000000,0.000000,0.000000,0.000000,0.000000,0.000000,0.000000,0.000000,0.000000,0.000000,0.000000,0.000000,0.000000,0.000000
0.000000,0.000000,0.000000,0.000000,0.000000,0.000000,0.000000,0.000000,0.000000,0.000000,0.000000,0.000000,0.000000,0.000000,0.000000,0.000000,0.000000,1000.000131,1000.000191,1000.000244,1000.000296,1000.000349,1000.000395,1000.000429,1000.000449,1000.000450,1000.000432,1000.000406,1000.000379,1000.000353,1000.000330,1000.000308,1000.000287,1000.000267,1000.000247,1000.000229,1000.000212,1000.000196,1000.000181,1000.000168,1000.000155,1000.000144,1000.000133,1000.000124,1000.000116,1000.000110,1000.000104,1000.000099,1000.000096,1000.000093,1000.000092,1000.000091,1000.000092,1000.000093,1000.000096,1000.000099,1000.000104,1000.000110,1000.000116,1000.000124,1000.000133,1000.000144,1000.000155,1000.000168,1000.000181,1000.000196,1000.000212,1000.000229,1000.000247,1000.000267,1000.000287,1000.000308,1000.000330,1000.000353,1000.000379,1000.000406,1000.000432,1000.000450,1000.000449,1000.000429,1000.000395,1000.000349,1000.000296,1000.000244,1000.000191,1000.000131,0.000000,0.000000,0.000000,0.000000,0.000000,0.000000,0.000000,0.000000,0.000000,0.000000,0.000000,0.000000,0.000000,0.000000,0.000000,0.000000,0.000000
0.000000,0.000000,0.000000,0.000000,0.000000,0.000000,0.000000,0.000000,0.000000,0.000000,0.000000,0.000000,0.000000,0.000000,0.000000,0.000000,1000.000132,1000.000194,1000.000248,1000.000302,1000.000356,1000.000404,1000.000438,1000.000450,1000.000445,1000.000425,1000.000397,1000.000367,1000.000340,1000.000315,1000.000292,1000.000270,1000.000248,1000.000228,1000.000208,1000.000190,1000.000173,1000.000157,1000.000142,1000.000129,1000.000116,1000.000105,1000.000095,1000.000086,1000.000078,1000.000071,1000.000065,1000.000060,1000.000057,1000.000054,1000.000053,1000.000052,1000.000053,1000.000054,1000.000057,1000.000060,1000.000065,1000.000071,1000.000078,1000.000086,1000.000095,1000.000105,1000.000116,1000.000129,1000.000142,1000.000157,1000.000173,1000.000190,1000.000208,1000.000228,1000.000248,1000.000270,1000.000292,1000.000315,1000.000340,1000.000367,1000.000397,1000.000425,1000.000445,1000.000450,1000.000438,1000.000404,1000.000356,1000.000302,1000.000248,1000.000194,1000.000132,0.000000,0.000000,0.000000,0.000000,0.000000,0.000000,0.000000,0.000000,0.000000,0.000000,0.000000,0.000000,0.000000,0.000000,0.000000,0.000000
0.000000,0.000000,0.000000,0.000000,0.000000,0.000000,0.000000,0.000000,0.000000,0.000000,0.000000,0.000000,0.000000,0.000000,0.000000,1000.000131,1000.000194,1000.000249,1000.000305,1000.000359,1000.000408,1000.000441,1000.000451,1000.000438,1000.000414,1000.000387,1000.000357,1000.000329,1000.000303,1000.000278,1000.000254,1000.000231,1000.000210,1000.000190,1000.000171,1000.000153,1000.000135,1000.000119,1000.000105,1000.000091,1000.000079,1000.000067,1000.000057,1000.000048,1000.000040,1000.000033,1000.000027,1000.000022,1000.000019,1000.000016,1000.000014,1000.000014,1000.000014,1000.000016,1000.000019,1000.000022,1000.000027,1000.000033,1000.000040,1000.000048,1000.000057,1000.000067,1000.000079,1000.000091,1000.000105,1000.000119,1000.000135,1000.000153,1000.000171,1000.000190,1000.000210,1000.000231,1000.000254,1000.000278,1000.000303,1000.000329,1000.000357,1000.000387,1000.000414,1000.000438,1000.000451,1000.000441,1000.000408,1000.000359,1000.000305,1000.000249,1000.000194,1000.000131,0.000000,0.000000,0.000000,0.000000,0.000000,0.000000,0.000000,0.000000,0.000000,0.000000,0.000000,0.000000,0.000000,0.000000,0.000000
0.000000,0.000000,0.000000,0.000000,0.000000,0.000000,0.000000,0.000000,0.000000,0.000000,0.000000,0.000000,0.000000,0.000000,1000.000127,1000.000191,1000.000248,1000.000305,1000.000360,1000.000409,1000.000443,1000.000451,1000.000434,1000.000407,1000.000376,1000.000347,1000.000319,1000.000293,1000.000267,1000.000241,1000.000217,1000.000195,1000.000174,1000.000153,1000.000134,1000.000116,1000.000099,1000.000083,1000.000068,1000.000054,1000.000042,1000.000030,1000.000020,1000.000011,1000.000003,999.999996,999.999990,999.999985,999.999982,999.999979,999.999977,999.999977,999.999977,999.999979,999.999982,999.999985,999.999990,999.999996,1000.000003,1000.000011,1000.000020,1000.000030,1000.000042,1000.000054,1000.000068,1000.000083,1000.000099,1000.000116,1000.000134,1000.000153,1000.000174,1000.000195,1000.000217,1000.000241,1000.000267,1000.000293,1000.000319,1000.000347,1000.000376,1000.000407,1000.000434,1000.000451,1000.000443,1000.000409,1000.000360,1000.000305,1000.000248,1000.000191,1000.000127,0.000000,0.000000,0.000000,0.000000,0.000000,0.000000,0.000000,0.000000,0.000000,0.000000,0.000000,0.000000,0.000000,0.000000
0.000000,0.000000,0.000000,0.000000,0.000000,0.000000,0.000000,0.000000,0.000000,0.000000,0.000000,0.000000,0.000000,1000.000119,1000.000185,1000.000244,1000.000302,1000.000359,1000.000409,1000.000443,1000.000451,1000.000433,1000.000404,1000.000371,1000.000339,1000.000311,1000.000284,1000.000257,1000.000231,1000.000206,1000.000182,1000.000160,1000.000138,1000.000118,1000.000098,1000.000080,1000.000063,1000.000047,1000.000032,1000.000019,1000.000006,999.999995,999.999984,999.999975,999.999967,999.999960,999.999954,999.999949,999.999946,999.999943,999.999941,999.999941,999.999941,999.999943,999.999946,999.999949,999.999954,999.999960,999.999967,999.999975,999.999984,999.999995,1000.000006,1000.000019,1000.000032,1000.000047,1000.000063,1000.000080,1000.000098,1000.000118,1000.000138,1000.000160,1000.000182,1000.000206,1000.000231,1000.000257,1000.000284,1000.000311,1000.000339,1000.000371,1000.000404,1000.000433,1000.000451,1000.000443,1000.000409,1000.000359,1000.000302,1000.000244,1000.000185,1000.000119,0.000000,0.000000,0.000000,0.000000,0.000000,0.000000,0.000000,0.000000,0.000000,0.000000,0.000000,0.000000,0.000000
0.000000,0.000000,0.000000,0.000000,0.000000,0.000000,0.000000,0.000000,0.000000,0.000000,0.000000,0.000000,1000.000107,1000.000176,1000.000237,1000.000296,1000.000356,1000.000408,1000.000443,1000.000451,1000.000433,1000.000403,1000.000368,1000.000335,1000.000306,1000.000277,1000.000249,1000.000222,1000.000196,1000.000171,1000.000148,1000.000125,1000.000103,1000.000083,1000.000064,1000.000046,1000.000029,1000.000013,999.999998,999.999984,999.999972,999.999960,999.999950,999.999941,999.999933,999.999926,999.999920,999.999915,999.999911,999.999908,999.999907,999.999906,999.999907,999.999908,999.999911,999.999915,999.999920,999.999926,999.999933,999.999941,999.999950,999.999960,999.999972,999.999984,999.999998,1000.000013,1000.000029,1000.000046,1000.000064,1000.000083,1000.000103,1000.000125,1000.000148,1000.000171,1000.000196,1000.000222,1000.000249,1000.000277,1000.000306,1000.000335,1000.000368,1000.000403,1000.000433,1000.000451,1000.000443,1000.000408,1000.000356,1000.000296,1000.000237,1000.000176,1000.000107,0.000000,0.000000,0.000000,0.000000,0.000000,0.000000,0.000000,0.000000,0.000000,0.000000,0.000000,0.000000
0.000000,0.000000,0.000000,0.000000,0.000000,0.000000,0.000000,0.000000,0.000000,0.000000,0.000000,1000.000092,1000.000162,1000.000225,1000.000286,1000.000349,1000.000404,1000.000441,1000.000451,1000.000433,1000.000403,1000.000367,1000.000333,1000.000303,1000.000273,1000.000243,1000.000215,1000.000188,1000.000163,1000.000138,1000.000114,1000.000091,1000.000070,1000.000050,1000.000030,1000.000012,999.999995,999.999979,999.999965,999.999951,999.999938,999.999927,999.999916,999.999907,999.999899,999.999892,999.999886,999.999881,999.999877,999.999875,999.999873,999.999873,999.999873,999.999875,999.999877,999.999881,999.999886,999.999892,999.999899,999.999907,999.999916,999.999927,999.999938,999.999951,999.999965,999.999979,999.999995,1000.000012,1000.000030,1000.000050,1000.000070,1000.000091,1000.000114,1000.000138,1000.000163,1000.000188,1000.000215,1000.000243,1000.000273,1000.000303,1000.000333,1000.000367,1000.000403,1000.000433,1000.000451,1000.000441,1000.000404,1000.000349,1000.000286,1000.000225,1000.000162,1000.000092,0.000000,0.000000,0.000000,0.000000,0.000000,0.000000,0.000000,0.000000,0.000000,0.000000,0.000000
0.000000,0.000000,0.000000,0.000000,0.000000,0.000000,0.000000,0.000000,0.000000,0.000000,0.000000,1000.000144,1000.000210,1000.000272,1000.000336,1000.000395,1000.000438,1000.000451,1000.000434,1000.000404,1000.000368,1000.000333,1000.000302,1000.000271,1000.000240,1000.000211,1000.000183,1000.000156,1000.000130,1000.000105,1000.000082,1000.000059,1000.000038,1000.000017,999.999998,999.999980,999.999963,999.999947,999.999932,999.999918,999.999906,999.999894,999.999884,999.999875,999.999867,999.999860,999.999854,999.999849,999.999845,999.999842,999.999841,999.999840,999.999841,999.999842,999.999845,999.999849,999.999854,999.999860,999.999867,999.999875,999.999884,999.999894,999.999906,999.999918,999.999932,999.999947,999.999963,999.999980,999.999998,1000.000017,1000.000038,1000.000059,1000.000082,1000.000105,1000.000130,1000.000156,1000.000183,1000.000211,1000.000240,1000.000271,1000.000302,1000.000333,1000.000368,1000.000404,1000.000434,1000.000451,1000.000438,1000.000395,1000.000336,1000.000272,1000.000210,1000.000144,0.000000,0.000000,0.000000,0.000000,0.000000,0.000000,0.000000,0.000000,0.000000,0.000000,0.000000
0.000000,0.000000,0.000000,0.000000,0.000000,0.000000,0.000000,0.000000,0.000000,0.000000,1000.000125,1000.000195,1000.000256,1000.000319,1000.000380,1000.000429,1000.000450,1000.000438,1000.000407,1000.000371,1000.000335,1000.000303,1000.000271,1000.000239,1000.000209,1000.000180,1000.000152,1000.000125,1000.000099,1000.000074,1000.000050,1000.000028,1000.000006,999.999986,999.999967,999.999949,999.999932,999.999916,999.999901,999.999887,999.999875,999.999863,999.999853,999.999843,999.999835,999.999828,999.999822,999.999817,999.999814,999.999811,999.999809,999.999809,999.999809,999.999811,999.999814,999.999817,999.999822,999.999828,999.999835,999.999843,999.999853,999.999863,999.999875,999.999887,999.999901,999.999916,999.999932,999.999949,999.999967,999.999986,1000.000006,1000.000028,1000.000050,1000.000074,1000.000099,1000.000125,1000.000152,1000.000180,1000.000209,1000.000239,1000.000271,1000.000303,1000.000335,1000.000371,1000.000407,1000.000438,1000.000450,1000.000429,1000.000380,1000.000319,1000.000256,1000.000195,1000.000125,0.000000,0.000000,0.000000,0.000000,0.000000,0.000000,0.000000,0.000000,0.000000,0.000000
0.000000,0.000000,0.000000,0.000000,0.000000,0.000000,0.000000,0.000000,0.000000,1000.000103,1000.000175,1000.000240,1000.000303,1000.000365,1000.000418,1000.000449,1000.000445,1000.000414,1000.000376,1000.000339,1000.000306,1000.000273,1000.000240,1000.000209,1000.000179,1000.000150,1000.000121,1000.000094,1000.000069,1000.000044,1000.000020,999.999998,999.999976,999.999956,999.999937,999.999918,999.999901,999.999886,999.999871,999.999857,999.999844,999.999833,999.999823,999.999813,999.999805,999.999798,999.999792,999.999787,999.999783,999.999781,999.999779,999.999778,999.999779,999.999781,999.999783,999.999787,999.999792,999.999798,999.999805,999.999813,999.999823,999.999833,999.999844,999.999857,999.999871,999.999886,999.999901,999.999918,999.999937,999.999956,999.999976,999.999998,1000.000020,1000.000044,1000.000069,1000.000094,1000.000121,1000.000150,1000.000179,1000.000209,1000.000240,1000.000273,1000.000306,1000.000339,1000.000376,1000.000414,1000.000445,1000.000449,1000.000418,1000.000365,1000.000303,1000.000240,1000.000175,1000.000103,0.000000,0.000000,0.000000,0.000000,0.000000,0.000000,0.000000,0.000000,0.000000
0.000000,0.000000,0.000000,0.000000,0.000000,0.000000,0.000000,0.000000,0.000000,1000.000150,1000.000218,1000.000284,1000.000350,1000.000407,1000.000444,1000.000450,1000.000425,1000.000387,1000.000347,1000.000311,1000.000277,1000.000243,1000.000211,1000.000180,1000.000150,1000.000120,1000.000092,1000.000065,1000.000040,1000.000015,999.999991,999.999969,999.999947,999.999927,999.999908,999.999889,999.999872,999.999856,999.999842,999.999828,999.999815,999.999804,999.999793,999.999784,999.999776,999.999769,999.999763,999.999758,999.999754,999.999751,999.999750,999.999749,999.999750,999.999751,999.999754,999.999758,999.999763,999.999769,999.999776,999.999784,999.999793,999.999804,999.999815,999.999828,999.999842,999.999856,999.999872,999.999889,999.999908,999.999927,999.999947,999.999969,999.999991,1000.000015,1000.000040,1000.000065,1000.000092,1000.000120,1000.000150,1000.000180,1000.000211,1000.000243,1000.000277,1000.000311,1000.000347,1000.000387,1000.000425,1000.000450,1000.000444,1000.000407,1000.000350,1000.000284,1000.000218,1000.000150,0.000000,0.000000,0.000000,0.000000,0.000000,0.000000,0.000000,0.000000,0.000000
0.000000,0.000000,0.000000,0.000000,0.000000,0.000000,0.000000,0.000000,1000.000120,1000.000194,1000.000261,1000.000329,1000.000393,1000.000438,1000.000451,1000.000432,1000.000397,1000.000357,1000.000319,1000.000284,1000.000249,1000.000215,1000.000183,1000.000152,1000.000121,1000.000092,1000.000064,1000.000037,1000.000011,999.999987,999.999963,999.999941,999.999919,999.999899,999.999880,999.999861,999.999844,999.999828,999.999814,999.999800,999.999787,999.999776,999.999765,999.999756,999.999748,999.999741,999.999735,999.999730,999.999726,999.999723,999.999722,999.999721,999.999722,999.999723,999.999726,999.999730,999.999735,999.999741,999.999748,999.999756,999.999765,999.999776,999.999787,999.999800,999.999814,999.999828,999.999844,999.999861,999.999880,999.999899,999.999919,999.999941,999.999963,999.999987,1000.000011,1000.000037,1000.000064,1000.000092,1000.000121,1000.000152,1000.000183,1000.000215,1000.000249,1000.000284,1000.000319,1000.000357,1000.000397,1000.000432,1000.000451,1000.000438,1000.000393,1000.000329,1000.000261,1000.000194,1000.000120,0.000000,0.000000,0.000000,0.000000,0.000000,0.000000,0.000000,0.000000
0.000000,0.000000,0.000000,0.000000,0.000000,0.000000,0.000000,0.000000,1000.000162,1000.000233,1000.000301,1000.000369,1000.000425,1000.000450,1000.000438,1000.000406,1000.000367,1000.000329,1000.000293,1000.000257,1000.000222,1000.000188,1000.000156,1000.000125,1000.000094,1000.000065,1000.000037,1000.000010,999.999985,999.999960,999.999936,999.999914,999.999892,999.999872,999.999853,999.999835,999.999818,999.999802,999.999787,999.999773,999.999760,999.999749,999.999739,999.999729,999.999721,999.999714,999.999708,999.999703,999.999699,999.999696,999.999695,999.999694,999.999695,999.999696,999.999699,999.999703,999.999708,999.999714,999.999721,999.999729,999.999739,999.999749,999.999760,999.999773,999.999787,999.999802,999.999818,999.999835,999.999853,999.999872,999.999892,999.999914,999.999936,999.999960,999.999985,1000.000010,1000.000037,1000.000065,1000.000094,1000.000125,1000.000156,1000.000188,1000.000222,1000.000257,1000.000293,1000.000329,1000.000367,1000.000406,1000.000438,1000.000450,1000.000425,1000.000369,1000.000301,1000.000233,1000.000162,0.000000,0.000000,0.000000,0.000000,0.000000,0.000000,0.000000,0.000000
0.000000,0.000000,0.000000,0.000000,0.000000,0.000000,0.000000,1000.000126,1000.000203,1000.000271,1000.000340,1000.000404,1000.000445,1000.000447,1000.000418,1000.000379,1000.000340,1000.000303,1000.000267,1000.000231,1000.000196,1000.000163,1000.000130,1000.000099,1000.000069,1000.000040,1000.000011,999.999985,999.999959,999.999934,999.999910,999.999888,999.999866,999.999846,999.999827,999.999809,999.999792,999.999776,999.999761,999.999747,999.999735,999.999723,999.999713,999.999703,999.999695,999.999688,999.999682,999.999677,999.999673,999.999671,999.999669,999.999668,999.999669,999.999671,999.999673,999.999677,999.999682,999.999688,999.999695,999.999703,999.999713,999.999723,999.999735,999.999747,999.999761,999.999776,999.999792,999.999809,999.999827,999.999846,999.999866,999.999888,999.999910,999.999934,999.999959,999.999985,1000.000011,1000.000040,1000.000069,1000.000099,1000.000130,1000.000163,1000.000196,1000.000231,1000.000267,1000.000303,1000.000340,1000.000379,1000.000418,1000.000447,1000.000445,1000.000404,1000.000340,1000.000271,1000.000203,1000.000126,0.000000,0.000000,0.000000,0.000000,0.000000,0.000000,0.000000
0.000000,0.000000,0.000000,0.000000,0.000000,0.000000,0.000000,1000.000166,1000.000238,1000.000308,1000.000376,1000.000431,1000.000451,1000.000433,1000.000395,1000.000353,1000.000315,1000.000278,1000.000241,1000.000206,1000.000171,1000.000138,1000.000105,1000.000074,1000.000044,1000.000015,999.999987,999.999960,999.999934,999.999909,999.999886,999.999863,999.999842,999.999821,999.999802,999.999784,999.999767,999.999751,999.999736,999.999723,999.999710,999.999698,999.999688,999.999679,999.999670,999.999663,999.999657,999.999652,999.999649,999.999646,999.999644,999.999644,999.999644,999.999646,999.999649,999.999652,999.999657,999.999663,999.999670,999.999679,999.999688,999.999698,999.999710,999.999723,999.999736,999.999751,999.999767,999.999784,999.999802,999.999821,999.999842,999.999863,999.999886,999.999909,999.999934,999.999960,999.999987,1000.000015,1000.000044,1000.000074,1000.000105,1000.000138,1000.000171,1000.000206,1000.000241,1000.000278,1000.000315,1000.000353,1000.000395,1000.000433,1000.000451,1000.000431,1000.000376,1000.000308,1000.000238,1000.000166,0.000000,0.000000,0.000000,0.000000,0.000000,0.000000,0.000000
0.000000,0.000000,0.000000,0.000000,0.000000,0.000000,1000.000127,1000.000204,1000.000273,1000.000344,1000.000407,1000.000447,1000.000446,1000.000414,1000.000371,1000.000330,1000.000292,1000.000254,1000.000217,1000.000182,1000.000148,1000.000114,1000.000082,1000.000050,1000.000020,999.999991,999.999963,999.999936,999.999910,999.999886,999.999862,999.999840,999.999818,999.999798,999.999779,999.999760,999.999743,999.999727,999.999713,999.999699,999.999686,999.999675,999.999664,999.999655,999.999647,999.999640,999.999634,999.999629,999.999625,999.999622,999.999621,999.999620,999.999621,999.999622,999.999625,999.999629,999.999634,999.999640,999.999647,999.999655,999.999664,999.999675,999.999686,999.999699,999.999713,999.999727,999.999743,999.999760,999.999779,999.999798,999.999818,999.999840,999.999862,999.999886,999.999910,999.999936,999.999963,999.999991,1000.000020,1000.000050,1000.000082,1000.000114,1000.000148,1000.000182,1000.000217,1000.000254,1000.000292,1000.000330,1000.000371,1000.000414,1000.000446,1000.000447,1000.000407,1000.000344,1000.000273,1000.000204,1000.000127,0.000000,0.000000,0.000000,0.000000,0.000000,0.000000
0.000000,0.000000,0.000000,0.000000,0.000000,0.000000,1000.000164,1000.000237,1000.000308,1000.000377,1000.000432,1000.000452,1000.000432,1000.000392,1000.000348,1000.000308,1000.000270,1000.000231,1000.000195,1000.000160,1000.000125,1000.000091,1000.000059,1000.000028,999.999998,999.999969,999.999941,999.999914,999.999888,999.999863,999.999840,999.999817,999.999796,999.999775,999.999756,999.999738,999.999721,999.999705,999.999690,999.999676,999.999664,999.999652,999.999642,999.999633,999.999624,999.999617,999.999611,999.999606,999.999602,999.999600,999.999598,999.999597,999.999598,999.999600,999.999602,999.999606,999.999611,999.999617,999.999624,999.999633,999.999642,999.999652,999.999664,999.999676,999.999690,999.999705,999.999721,999.999738,999.999756,999.999775,999.999796,999.999817,999.999840,999.999863,999.999888,999.999914,999.999941,999.999969,999.999998,1000.000028,1000.000059,1000.000091,1000.000125,1000.000160,1000.000195,1000.000231,1000.000270,1000.000308,1000.000348,1000.000392,1000.000432,1000.000452,1000.000432,1000.000377,1000.000308,1000.000237,1000.000164,0.000000,0.000000,0.000000,0.000000,0.000000,0.000000
0.000000,0.000000,0.000000,0.000000,0.000000,1000.000121,1000.000199,1000.000270,1000.000342,1000.000407,1000.000447,1000.000447,1000.000413,1000.000369,1000.000327,1000.000287,1000.000248,1000.000210,1000.000174,1000.000138,1000.000103,1000.000070,1000.000038,1000.000006,999.999976,999.999947,999.999919,999.999892,999.999866,999.999842,999.999818,999.999796,999.999774,999.999754,999.999735,999.999717,999.999699,999.999684,999.999669,999.999655,999.999642,999.999631,999.999620,999.999611,999.999603,999.999596,999.999590,999.999585,999.999581,999.999578,999.999577,999.999576,999.999577,999.999578,999.999581,999.999585,999.999590,999.999596,999.999603,999.999611,999.999620,999.999631,999.999642,999.999655,999.999669,999.999684,999.999699,999.999717,999.999735,999.999754,999.999774,999.999796,999.999818,999.999842,999.999866,999.999892,999.999919,999.999947,999.999976,1000.000006,1000.000038,1000.000070,1000.000103,1000.000138,1000.000174,1000.000210,1000.000248,1000.000287,1000.000327,1000.000369,1000.000413,1000.000447,1000.000447,1000.000407,1000.000342,1000.000270,1000.000199,1000.000121,0.000000,0.000000,0.000000,0.000000,0.000000
0.000000,0.000000,0.000000,0.000000,0.000000,1000.000154,1000.000229,1000.000302,1000.000373,1000.000430,1000.000452,1000.000432,1000.000392,1000.000348,1000.000307,1000.000267,1000.000228,1000.000190,1000.000153,1000.000118,1000.000083,1000.000050,1000.000017,999.999986,999.999956,999.999927,999.999899,999.999872,999.999846,999.999821,999.999798,999.999775,999.999754,999.999734,999.999714,999.999696,999.999679,999.999663,999.999648,999.999635,999.999622,999.999611,999.999600,999.999591,999.999583,999.999575,999.999569,999.999564,999.999561,999.999558,999.999556,999.999556,999.999556,999.999558,999.999561,999.999564,999.999569,999.999575,999.999583,999.999591,999.999600,999.999611,999.999622,999.999635,999.999648,999.999663,999.999679,999.999696,999.999714,999.999734,999.999754,999.999775,999.999798,999.999821,999.999846,999.999872,999.999899,999.999927,999.999956,999.999986,1000.000017,1000.000050,1000.000083,1000.000118,1000.000153,1000.000190,1000.000228,1000.000267,1000.000307,1000.000348,1000.000392,1000.000432,1000.000452,1000.000430,1000.000373,1000.000302,1000.000229,1000.000154,0.000000,0.000000,0.000000,0.000000,0.000000
0.000000,0.000000,0.000000,0.000000,1000.000106,1000.000185,1000.000258,1000.000332,1000.000401,1000.000445,1000.000447,1000.000414,1000.000371,1000.000328,1000.000288,1000.000247,1000.000208,1000.000171,1000.000134,1000.000098,1000.000064,1000.000030,999.999998,999.999967,999.999937,999.999908,999.999880,999.999853,999.999827,999.999802,999.999779,999.999756,999.999735,999.999714,999.999695,999.999677,999.999660,999.999644,999.999629,999.999615,999.999603,999.999591,999.999581,999.999572,999.999563,999.999556,999.999550,999.999545,999.999541,999.999539,999.999537,999.999536,999.999537,999.999539,999.999541,999.999545,999.999550,999.999556,999.999563,999.999572,999.999581,999.999591,999.999603,999.999615,999.999629,999.999644,999.999660,999.999677,999.999695,999.999714,999.999735,999.999756,999.999779,999.999802,999.999827,999.999853,999.999880,999.999908,999.999937,999.999967,999.999998,1000.000030,1000.000064,1000.000098,1000.000134,1000.000171,1000.000208,1000.000247,1000.000288,1000.000328,1000.000371,1000.000414,1000.000447,1000.000445,1000.000401,1000.000332,1000.000258,1000.000185,1000.000106,0.000000,0.000000,0.000000,0.000000
0.000000,0.000000,0.000000,0.000000,1000.000135,1000.000212,1000.000285,1000.000359,1000.000423,1000.000451,1000.000435,1000.000395,1000.000351,1000.000310,1000.000269,1000.000229,1000.000190,1000.000153,1000.000116,1000.000080,1000.000046,1000.000012,999.999980,999.999949,999.999918,999.999889,999.999861,999.999835,999.999809,999.999784,999.999760,999.999738,999.999717,999.999696,999.999677,999.999659,999.999642,999.999626,999.999611,999.999597,999.999585,999.999573,999.999563,999.999553,999.999545,999.999538,999.999532,999.999527,999.999523,999.999521,999.999519,999.999518,999.999519,999.999521,999.999523,999.999527,999.999532,999.999538,999.999545,999.999553,999.999563,999.999573,999.999585,999.999597,999.999611,999.999626,999.999642,999.999659,999.999677,999.999696,999.999717,999.999738,999.999760,999.999784,999.999809,999.999835,999.999861,999.999889,999.999918,999.999949,999.999980,1000.000012,1000.000046,1000.000080,1000.000116,1000.000153,1000.000190,1000.000229,1000.000269,1000.000310,1000.000351,1000.000395,1000.000435,1000.000451,1000.000423,1000.000359,1000.000285,1000.000212,1000.000135,0.000000,0.000000,0.000000,0.000000
