0.000000,0.000000,0.000000,0.000000,0.000000,0.000000,0.000000,0.000000,0.000000,0.000000,0.000000,0.000000,0.000000,0.000000,0.000000,0.000000,0.000000,0.000000,0.000000,0.000000,0.000000,0.000000,0.000000,0.000000,0.000000,0.000000,0.000000,0.000000,0.000000,0.000000,0.000000,0.000000,0.000000,0.000000,0.000000,0.000000,0.000000,0.000000,0.000000,0.000000,0.000000,0.000000,0.000000,0.000000,0.000000,0.000000,0.000000,0.000000,0.000000,0.000000,0.000000,0.000000,0.000000,0.000000,0.000000,0.000000,0.000000,0.000000,0.000000,0.000000,0.000000,0.000000,0.000000,0.000000,0.000000,0.000000,0.000000,0.000000,0.000000,0.000000,0.000000,0.000000,0.000000,0.000000,0.000000,0.000000,0.000000,0.000000,0.000000,0.000000,0.000000,0.000000,0.000000,0.000000,0.000000,0.000000,0.000000,0.000000,0.000000,0.000000,0.000000,0.000000,0.000000,0.000000,0.000000,0.000000,0.000000,0.000000,0.000000,0.000000,0.000000,0.000000,0.000000
0.000000,0.000000,0.000000,0.000000,0.000000,0.000000,0.000000,0.000000,0.000000,0.000000,0.000000,0.000000,0.000000,0.000000,0.000000,0.000000,0.000000,0.000000,0.000000,0.000000,0.000000,0.000000,0.000000,0.000000,0.000000,0.000000,0.000000,0.000000,0.000000,0.000000,0.000000,0.000000,0.000000,0.000000,0.000000,0.000000,0.000000,0.000000,0.000000,0.000000,0.000000,0.000000,0.000000,0.000000,0.000000,0.000000,0.000000,0.000000,0.000000,0.000000,0.000000,1000.000057,0.000000,0.000000,0.000000,0.000000,0.000000,0.000000,0.000000,0.000000,0.000000,0.000000,0.000000,0.000000,0.000000,0.000000,0.000000,0.000000,0.000000,0.000000,0.000000,0.000000,0.000000,0.000000,0.000000,0.000000,0.000000,0.000000,0.000000,0.000000,0.000000,0.000000,0.000000,0.000000,0.000000,0.000000,0.000000,0.000000,0.000000,0.000000,0.000000,0.000000,0.000000,0.000000,0.000000,0.000000,0.000000,0.000000,0.000000,0.000000,0.000000,0.000000,0.000000
0.000000,0.000000,0.000000,0.000000,0.000000,0.000000,0.000000,0.000000,0.000000,0.000000,0.000000,0.000000,0.000000,0.000000,0.000000,0.000000,0.000000,0.000000,0.000000,0.000000,0.000000,0.000000,0.000000,0.000000,0.000000,0.000000,0.000000,0.000000,0.000000,0.000000,0.000000,0.000000,0.000000,0.000000,0.000000,0.000000,0.000000,0.000000,0.000000,0.000000,0.000000,0.000000,1000.000103,1000.000120,1000.000129,1000.000134,1000.000136,1000.000137,1000.000137,1000.000136,1000.000136,1000.000139,1000.000136,1000.000136,1000.000137,1000.000137,1000.000136,1000.000134,1000.000129,1000.000120,1000.000103,0.000000,0.000000,0.000000,0.000000,0.000000,0.000000,0.000000,0.000000,0.000000,0.000000,0.000000,0.000000,0.000000,0.000000,0.000000,0.000000,0.000000,0.000000,0.000000,0.000000,0.000000,0.000000,0.000000,0.000000,0.000000,0.000000,0.000000,0.000000,0.000000,0.000000,0.000000,0.000000,0.000000,0.000000,0.000000,0.000000,0.000000,0.000000,0.000000,0.000000,0.000000,0.000000
0.000000,0.000000,0.000000,0.000000,0.000000,0.000000,0.000000,0.000000,0.000000,0.000000,0.000000,0.000000,0.000000,0.000000,0.000000,0.000000,0.000000,0.000000,0.000000,0.000000,0.000000,0.000000,0.000000,0.000000,0.000000,0.000000,0.000000,0.000000,0.000000,0.000000,0.000000,0.000000,0.000000,0.000000,0.000000,0.000000,0.000000,1000.000100,1000.000124,1000.000144,1000.000161,1000.000174,1000.000186,1000.000196,1000.000205,1000.000211,1000.000214,1000.000215,1000.000216,1000.000216,1000.000216,1000.000217,1000.000216,1000.000216,1000.000216,1000.000215,1000.000214,1000.000211,1000.000205,1000.000196,1000.000186,1000.000174,1000.000161,1000.000144,1000.000124,1000.000100,0.000000,0.000000,0.000000,0.000000,0.000000,0.000000,0.000000,0.000000,0.000000,0.000000,0.000000,0.000000,0.000000,0.000000,0.000000,0.000000,0.000000,0.000000,0.000000,0.000000,0.000000,0.000000,0.000000,0.000000,0.000000,0.000000,0.000000,0.000000,0.000000,0.000000,0.000000,0.000000,0.000000,0.000000,0.000000,0.000000,0.000000
0.000000,0.000000,0.000000,0.000000,0.000000,0.000000,0.000000,0.000000,0.000000,0.000000,0.000000,0.000000,0.000000,0.000000,0.000000,0.000000,0.000000,0.000000,0.000000,0.000000,0.000000,0.000000,0.000000,0.000000,0.000000,0.000000,0.000000,0.000000,0.000000,0.000000,0.000000,0.000000,0.000000,0.000000,1000.000104,1000.000133,1000.000156,1000.000179,1000.000200,1000.000218,1000.000235,1000.000250,1000.000263,1000.000274,1000.000282,1000.000287,1000.000290,1000.000292,1000.000293,1000.000293,1000.000293,1000.000293,1000.000293,1000.000293,1000.000293,1000.000292,1000.000290,1000.000287,1000.000282,1000.000274,1000.000263,1000.000250,1000.000235,1000.000218,1000.000200,1000.000179,1000.000156,1000.000133,1000.000104,0.000000,0.000000,0.000000,0.000000,0.000000,0.000000,0.000000,0.000000,0.000000,0.000000,0.000000,0.000000,0.000000,0.000000,0.000000,0.000000,0.000000,0.000000,0.000000,0.000000,0.000000,0.000000,0.000000,0.000000,0.000000,0.000000,0.000000,0.000000,0.000000,0.000000,0.000000,0.000000,0.000000,0.000000
0.000000,0.000000,0.000000,0.000000,0.000000,0.000000,0.000000,0.000000,0.000000,0.000000,0.000000,0.000000,0.000000,0.000000,0.000000,0.000000,0.000000,0.000000,0.000000,0.000000,0.000000,0.000000,0.000000,0.000000,0.000000,0.000000,0.000000,0.000000,0.000000,0.000000,0.000000,0.000000,1000.000119,1000.000151,1000.000181,1000.000207,1000.000230,1000.000253,1000.000274,1000.000292,1000.000309,1000.000326,1000.000340,1000.000352,1000.000359,1000.000363,1000.000365,1000.000366,1000.000367,1000.000367,1000.000367,1000.000367,1000.000367,1000.000367,1000.000367,1000.000366,1000.000365,1000.000363,1000.000359,1000.000352,1000.000340,1000.000326,1000.000309,1000.000292,1000.000274,1000.000253,1000.000230,1000.000207,1000.000181,1000.000151,1000.000119,0.000000,0.000000,0.000000,0.000000,0.000000,0.000000,0.000000,0.000000,0.000000,0.000000,0.000000,0.000000,0.000000,0.000000,0.000000,0.000000,0.000000,0.000000,0.000000,0.000000,0.000000,0.000000,0.000000,0.000000,0.000000,0.000000,0.000000,0.000000,0.000000,0.000000,0.000000,0.000000
0.000000,0.000000,0.000000,0.000000,0.000000,0.000000,0.000000,0.000000,0.000000,0.000000,0.000000,0.000000,0.000000,0.000000,0.000000,0.000000,0.000000,0.000000,0.000000,0.000000,0.000000,0.000000,0.000000,0.000000,0.000000,0.000000,0.000000,0.000000,0.000000,0.000000,1000.000124,1000.000160,1000.000195,1000.000224,1000.000253,1000.000279,1000.000304,1000.000327,1000.000348,1000.000366,1000.000380,1000.000394,1000.000407,1000.000415,1000.000419,1000.000422,1000.000423,1000.000423,1000.000423,1000.000423,1000.000423,1000.000423,1000.000423,1000.000423,1000.000423,1000.000423,1000.000423,1000.000422,1000.000419,1000.000415,1000.000407,1000.000394,1000.000380,1000.000366,1000.000348,1000.000327,1000.000304,1000.000279,1000.000253,1000.000224,1000.000195,1000.000160,1000.000124,0.000000,0.000000,0.000000,0.000000,0.000000,0.000000,0.000000,0.000000,0.000000,0.000000,0.000000,0.000000,0.000000,0.000000,0.000000,0.000000,0.000000,0.000000,0.000000,0.000000,0.000000,0.000000,0.000000,0.000000,0.000000,0.000000,0.000000,0.000000,0.000000,0.000000
0.000000,0.000000,0.000000,0.000000,0.000000,0.000000,0.000000,0.000000,0.000000,0.000000,0.000000,0.000000,0.000000,0.000000,0.000000,0.000000,0.000000,0.000000,0.000000,0.000000,0.000000,0.000000,0.000000,0.000000,0.000000,0.000000,0.000000,0.000000,1000.000124,1000.000162,1000.000200,1000.000232,1000.000264,1000.000295,1000.000325,1000.000352,1000.000375,1000.000395,1000.000412,1000.000423,1000.000431,1000.000436,1000.000437,1000.000436,1000.000435,1000.000434,1000.000434,1000.000433,1000.000433,1000.000432,1000.000432,1000.000432,1000.000432,1000.000432,1000.000433,1000.000433,1000.000434,1000.000434,1000.000435,1000.000436,1000.000437,1000.000436,1000.000431,1000.000423,1000.000412,1000.000395,1000.000375,1000.000352,1000.000325,1000.000295,1000.000264,1000.000232,1000.000200,1000.000162,1000.000124,0.000000,0.000000,0.000000,0.000000,0.000000,0.000000,0.000000,0.000000,0.000000,0.000000,0.000000,0.000000,0.000000,0.000000,0.000000,0.000000,0.000000,0.000000,0.000000,0.000000,0.000000,0.000000,0.000000,0.000000,0.000000,0.000000,0.000000,0.000000
0.000000,0.000000,0.000000,0.000000,0.000000,0.000000,0.000000,0.000000,0.000000,0.000000,0.000000,0.000000,0.000000,0.000000,0.000000,0.000000,0.000000,0.000000,0.000000,0.000000,0.000000,0.000000,0.000000,0.000000,0.000000,0.000000,1000.000117,1000.000159,1000.000198,1000.000233,1000.000267,1000.000301,1000.000334,1000.000365,1000.000392,1000.000414,1000.000428,1000.000437,1000.000441,1000.000440,1000.000436,1000.000430,1000.000421,1000.000412,1000.000406,1000.000402,1000.000400,1000.000399,1000.000398,1000.000397,1000.000396,1000.000396,1000.000396,1000.000397,1000.000398,1000.000399,1000.000400,1000.000402,1000.000406,1000.000412,1000.000421,1000.000430,1000.000436,1000.000440,1000.000441,1000.000437,1000.000428,1000.000414,1000.000392,1000.000365,1000.000334,1000.000301,1000.000267,1000.000233,1000.000198,1000.000159,1000.000117,0.000000,0.000000,0.000000,0.000000,0.000000,0.000000,0.000000,0.000000,0.000000,0.000000,0.000000,0.000000,0.000000,0.000000,0.000000,0.000000,0.000000,0.000000,0.000000,0.000000,0.000000,0.000000,0.000000,0.000000,0.000000,0.000000
0.000000,0.000000,0.000000,0.000000,0.000000,0.000000,0.000000,0.000000,0.000000,0.000000,0.000000,0.000000,0.000000,0.000000,0.000000,0.000000,0.000000,0.000000,0.000000,0.000000,0.000000,0.000000,0.000000,0.000000,1000.000101,1000.000147,1000.000190,1000.000228,1000.000265,1000.000301,1000.000336,1000.000369,1000.000398,1000.000421,1000.000436,1000.000441,1000.000440,1000.000434,1000.000424,1000.000413,1000.000403,1000.000392,1000.000380,1000.000370,1000.000362,1000.000357,1000.000354,1000.000352,1000.000350,1000.000349,1000.000348,1000.000348,1000.000348,1000.000349,1000.000350,1000.000352,1000.000354,1000.000357,1000.000362,1000.000370,1000.000380,1000.000392,1000.000403,1000.000413,1000.000424,1000.000434,1000.000440,1000.000441,1000.000436,1000.000421,1000.000398,1000.000369,1000.000336,1000.000301,1000.000265,1000.000228,1000.000190,1000.000147,1000.000101,0.000000,0.000000,0.000000,0.000000,0.000000,0.000000,0.000000,0.000000,0.000000,0.000000,0.000000,0.000000,0.000000,0.000000,0.000000,0.000000,0.000000,0.000000,0.000000,0.000000,0.000000,0.000000,0.000000,0.000000
0.000000,0.000000,0.000000,0.000000,0.000000,0.000000,0.000000,0.000000,0.000000,0.000000,0.000000,0.000000,0.000000,0.000000,0.000000,0.000000,0.000000,0.000000,0.000000,0.000000,0.000000,0.000000,0.000000,1000.000122,1000.000172,1000.000214,1000.000255,1000.000295,1000.000333,1000.000368,1000.000399,1000.000423,1000.000438,1000.000442,1000.000437,1000.000426,1000.000412,1000.000397,1000.000383,1000.000369,1000.000357,1000.000346,1000.000336,1000.000326,1000.000319,1000.000314,1000.000309,1000.000306,1000.000304,1000.000302,1000.000301,1000.000301,1000.000301,1000.000302,1000.000304,1000.000306,1000.000309,1000.000314,1000.000319,1000.000326,1000.000336,1000.000346,1000.000357,1000.000369,1000.000383,1000.000397,1000.000412,1000.000426,1000.000437,1000.000442,1000.000438,1000.000423,1000.000399,1000.000368,1000.000333,1000.000295,1000.000255,1000.000214,1000.000172,1000.000122,0.000000,0.000000,0.000000,0.000000,0.000000,0.000000,0.000000,0.000000,0.000000,0.000000,0.000000,0.000000,0.000000,0.000000,0.000000,0.000000,0.000000,0.000000,0.000000,0.000000,0.000000,0.000000,0.000000
0.000000,0.000000,0.000000,0.000000,0.000000,0.000000,0.000000,0.000000,0.000000,0.000000,0.000000,0.000000,0.000000,0.000000,0.000000,0.000000,0.000000,0.000000,0.000000,0.000000,0.000000,1000.000090,1000.000141,1000.000191,1000.000235,1000.000278,1000.000322,1000.000362,1000.000396,1000.000422,1000.000438,1000.000443,1000.000437,1000.000423,1000.000405,1000.000387,1000.000369,1000.000353,1000.000339,1000.000326,1000.000314,1000.000303,1000.000293,1000.000284,1000.000277,1000.000270,1000.000265,1000.000262,1000.000259,1000.000257,1000.000256,1000.000256,1000.000256,1000.000257,1000.000259,1000.000262,1000.000265,1000.000270,1000.000277,1000.000284,1000.000293,1000.000303,1000.000314,1000.000326,1000.000339,1000.000353,1000.000369,1000.000387,1000.000405,1000.000423,1000.000437,1000.000443,1000.000438,1000.000422,1000.000396,1000.000362,1000.000322,1000.000278,1000.000235,1000.000191,1000.000141,1000.000090,0.000000,0.000000,0.000000,0.000000,0.000000,0.000000,0.000000,0.000000,0.000000,0.000000,0.000000,0.000000,0.000000,0.000000,0.000000,0.000000,0.000000,0.000000,0.000000,0.000000,0.000000
0.000000,0.000000,0.000000,0.000000,0.000000,0.000000,0.000000,0.000000,0.000000,0.000000,0.000000,0.000000,0.000000,0.000000,0.000000,0.000000,0.000000,0.000000,0.000000,0.000000,1000.000105,1000.000159,1000.000205,1000.000251,1000.000297,1000.000343,1000.000384,1000.000416,1000.000436,1000.000442,1000.000437,1000.000423,1000.000404,1000.000383,1000.000363,1000.000344,1000.000327,1000.000312,1000.000297,1000.000284,1000.000272,1000.000261,1000.000251,1000.000242,1000.000234,1000.000228,1000.000223,1000.000219,1000.000216,1000.000214,1000.000213,1000.000212,1000.000213,1000.000214,1000.000216,1000.000219,1000.000223,1000.000228,1000.000234,1000.000242,1000.000251,1000.000261,1000.000272,1000.000284,1000.000297,1000.000312,1000.000327,1000.000344,1000.000363,1000.000383,1000.000404,1000.000423,1000.000437,1000.000442,1000.000436,1000.000416,1000.000384,1000.000343,1000.000297,1000.000251,1000.000205,1000.000159,1000.000105,0.000000,0.000000,0.000000,0.000000,0.000000,0.000000,0.000000,0.000000,0.000000,0.000000,0.000000,0.000000,0.000000,0.000000,0.000000,0.000000,0.000000,0.000000,0.000000,0.000000
0.000000,0.000000,0.000000,0.000000,0.000000,0.000000,0.000000,0.000000,0.000000,0.000000,0.000000,0.000000,0.000000,0.000000,0.000000,0.000000,0.000000,0.000000,0.000000,1000.000117,1000.000172,1000.000220,1000.000266,1000.000312,1000.000357,1000.000399,1000.000428,1000.000441,1000.000437,1000.000424,1000.000405,1000.000383,1000.000361,1000.000340,1000.000321,1000.000303,1000.000287,1000.000271,1000.000256,1000.000243,1000.000231,1000.000220,1000.000210,1000.000201,1000.000193,1000.000187,1000.000182,1000.000177,1000.000174,1000.000172,1000.000171,1000.000170,1000.000171,1000.000172,1000.000174,1000.000177,1000.000182,1000.000187,1000.000193,1000.000201,1000.000210,1000.000220,1000.000231,1000.000243,1000.000256,1000.000271,1000.000287,1000.000303,1000.000321,1000.000340,1000.000361,1000.000383,1000.000405,1000.000424,1000.000437,1000.000441,1000.000428,1000.000399,1000.000357,1000.000312,1000.000266,1000.000220,1000.000172,1000.000117,0.000000,0.000000,0.000000,0.000000,0.000000,0.000000,0.000000,0.000000,0.000000,0.000000,0.000000,0.000000,0.000000,0.000000,0.000000,0.000000,0.000000,0.000000,0.000000
0.000000,0.000000,0.000000,0.000000,0.000000,0.000000,0.000000,0.000000,0.000000,0.000000,0.000000,0.000000,0.000000,0.000000,0.000000,0.000000,0.000000,0.000000,1000.000124,1000.000181,1000.000232,1000.000280,1000.000328,1000.000372,1000.000409,1000.000435,1000.000441,1000.000429,1000.000409,1000.000386,1000.000363,1000.000341,1000.000320,1000.000300,1000.000281,1000.000263,1000.000246,1000.000231,1000.000216,1000.000203,1000.000191,1000.000180,1000.000170,1000.000161,1000.000153,1000.000147,1000.000141,1000.000137,1000.000133,1000.000131,1000.000130,1000.000129,1000.000130,1000.000131,1000.000133,1000.000137,1000.000141,1000.000147,1000.000153,1000.000161,1000.000170,1000.000180,1000.000191,1000.000203,1000.000216,1000.000231,1000.000246,1000.000263,1000.000281,1000.000300,1000.000320,1000.000341,1000.000363,1000.000386,1000.000409,1000.000429,1000.000441,1000.000435,1000.000409,1000.000372,1000.000328,1000.000280,1000.000232,1000.000181,1000.000124,0.000000,0.000000,0.000000,0.000000,0.000000,0.000000,0.000000,0.000000,0.000000,0.000000,0.000000,0.000000,0.000000,0.000000,0.000000,0.000000,0.000000,0.000000
0.000000,0.000000,0.000000,0.000000,0.000000,0.000000,0.000000,0.000000,0.000000,0.000000,0.000000,0.000000,0.000000,0.000000,0.000000,0.000000,0.000000,1000.000128,1000.000187,1000.000239,1000.000290,1000.000341,1000.000386,1000.000420,1000.000439,1000.000440,1000.000423,1000.000397,1000.000370,1000.000346,1000.000323,1000.000302,1000.000281,1000.000261,1000.000242,1000.000224,1000.000207,1000.000192,1000.000177,1000.000164,1000.000152,1000.000141,1000.000131,1000.000122,1000.000114,1000.000107,1000.000102,1000.000097,1000.000094,1000.000091,1000.000090,1000.000089,1000.000090,1000.000091,1000.000094,1000.000097,1000.000102,1000.000107,1000.000114,1000.000122,1000.000131,1000.000141,1000.000152,1000.000164,1000.000177,1000.000192,1000.000207,1000.000224,1000.000242,1000.000261,1000.000281,1000.000302,1000.000323,1000.000346,1000.000370,1000.000397,1000.000423,1000.000440,1000.000439,1000.000420,1000.000386,1000.000341,1000.000290,1000.000239,1000.000187,1000.000128,0.000000,0.000000,0.000000,0.000000,0.000000,0.000000,0.000000,0.000000,0.000000,0.000000,0.000000,0.000000,0.000000,0.000000,0.000000,0.000000,0.000000
0.000000,0.000000,0.000000,0.000000,0.000000,0.000000,0.000000,0.000000,0.000000,0.000000,0.000000,0.000000,0.000000,0.000000,0.000000,0.000000,1000.000129,1000.000190,1000.000243,1000.000296,1000.000348,1000.000395,1000.000428,1000.000441,1000.000435,1000.000416,1000.000389,1000.000360,1000.000332,1000.000308,1000.000286,1000.000264,1000.000243,1000.000223,1000.000204,1000.000186,1000.000170,1000.000154,1000.000139,1000.000126,1000.000114,1000.000103,1000.000093,1000.000084,1000.000076,1000.000069,1000.000063,1000.000059,1000.000055,1000.000053,1000.000051,1000.000051,1000.000051,1000.000053,1000.000055,1000.000059,1000.000063,1000.000069,1000.000076,1000.000084,1000.000093,1000.000103,1000.000114,1000.000126,1000.000139,1000.000154,1000.000170,1000.000186,1000.000204,1000.000223,1000.000243,1000.000264,1000.000286,1000.000308,1000.000332,1000.000360,1000.000389,1000.000416,1000.000435,1000.000441,1000.000428,1000.000395,1000.000348,1000.000296,1000.000243,1000.000190,1000.000129,0.000000,0.000000,0.000000,0.000000,0.000000,0.000000,0.000000,0.000000,0.000000,0.000000,0.000000,0.000000,0.000000,0.000000,0.000000,0.000000
0.000000,0.000000,0.000000,0.000000,0.000000,0.000000,0.000000,0.000000,0.000000,0.000000,0.000000,0.000000,0.000000,0.000000,0.000000,1000.000128,1000.000190,1000.000244,1000.000298,1000.000352,1000.000399,1000.000432,1000.000441,1000.000428,1000.000406,1000.000378,1000.000350,1000.000322,1000.000296,1000.000272,1000.000249,1000.000227,1000.000206,1000.000186,1000.000167,1000.000149,1000.000132,1000.000117,1000.000102,1000.000089,1000.000077,1000.000066,1000.000056,1000.000047,1000.000039,1000.000032,1000.000026,1000.000022,1000.000018,1000.000016,1000.000014,1000.000014,1000.000014,1000.000016,1000.000018,1000.000022,1000.000026,1000.000032,1000.000039,1000.000047,1000.000056,1000.000066,1000.000077,1000.000089,1000.000102,1000.000117,1000.000132,1000.000149,1000.000167,1000.000186,1000.000206,1000.000227,1000.000249,1000.000272,1000.000296,1000.000322,1000.000350,1000.000378,1000.000406,1000.000428,1000.000441,1000.000432,1000.000399,1000.000352,1000.000298,1000.000244,1000.000190,1000.000128,0.000000,0.000000,0.000000,0.000000,0.000000,0.000000,0.000000,0.000000,0.000000,0.000000,0.000000,0.000000,0.000000,0.000000,0.000000
0.000000,0.000000,0.000000,0.000000,0.000000,0.000000,0.000000,0.000000,0.000000,0.000000,0.000000,0.000000,0.000000,0.000000,1000.000124,1000.000187,1000.000243,1000.000298,1000.000353,1000.000401,1000.000434,1000.000441,1000.000425,1000.000398,1000.000368,1000.000340,1000.000312,1000.000286,1000.000261,1000.000236,1000.000213,1000.000191,1000.000170,1000.000150,1000.000131,1000.000113,1000.000097,1000.000081,1000.000067,1000.000053,1000.000041,1000.000030,1000.000020,1000.000011,1000.000003,999.999996,999.999990,999.999986,999.999982,999.999979,999.999978,999.999977,999.999978,999.999979,999.999982,999.999986,999.999990,999.999996,1000.000003,1000.000011,1000.000020,1000.000030,1000.000041,1000.000053,1000.000067,1000.000081,1000.000097,1000.000113,1000.000131,1000.000150,1000.000170,1000.000191,1000.000213,1000.000236,1000.000261,1000.000286,1000.000312,1000.000340,1000.000368,1000.000398,1000.000425,1000.000441,1000.000434,1000.000401,1000.000353,1000.000298,1000.000243,1000.000187,1000.000124,0.000000,0.000000,0.000000,0.000000,0.000000,0.000000,0.000000,0.000000,0.000000,0.000000,0.000000,0.000000,0.000000,0.000000
0.000000,0.000000,0.000000,0.000000,0.000000,0.000000,0.000000,0.000000,0.000000,0.000000,0.000000,0.000000,0.000000,1000.000117,1000.000181,1000.000239,1000.000296,1000.000352,1000.000401,1000.000434,1000.000441,1000.000424,1000.000395,1000.000363,1000.000332,1000.000305,1000.000278,1000.000251,1000.000226,1000.000201,1000.000178,1000.000156,1000.000135,1000.000115,1000.000096,1000.000078,1000.000062,1000.000046,1000.000032,1000.000018,1000.000006,999.999995,999.999985,999.999976,999.999968,999.999961,999.999955,999.999950,999.999947,999.999944,999.999943,999.999942,999.999943,999.999944,999.999947,999.999950,999.999955,999.999961,999.999968,999.999976,999.999985,999.999995,1000.000006,1000.000018,1000.000032,1000.000046,1000.000062,1000.000078,1000.000096,1000.000115,1000.000135,1000.000156,1000.000178,1000.000201,1000.000226,1000.000251,1000.000278,1000.000305,1000.000332,1000.000363,1000.000395,1000.000424,1000.000441,1000.000434,1000.000401,1000.000352,1000.000296,1000.000239,1000.000181,1000.000117,0.000000,0.000000,0.000000,0.000000,0.000000,0.000000,0.000000,0.000000,0.000000,0.000000,0.000000,0.000000,0.000000
0.000000,0.000000,0.000000,0.000000,0.000000,0.000000,0.000000,0.000000,0.000000,0.000000,0.000000,0.000000,1000.000105,1000.000172,1000.000232,1000.000290,1000.000348,1000.000399,1000.000434,1000.000441,1000.000424,1000.000394,1000.000360,1000.000328,1000.000299,1000.000271,1000.000244,1000.000217,1000.000192,1000.000168,1000.000144,1000.000122,1000.000101,1000.000081,1000.000062,1000.000045,1000.000028,1000.000012,999.999998,999.999985,999.999972,999.999961,999.999951,999.999942,999.999934,999.999927,999.999921,999.999917,999.999913,999.999910,999.999909,999.999908,999.999909,999.999910,999.999913,999.999917,999.999921,999.999927,999.999934,999.999942,999.999951,999.999961,999.999972,999.999985,999.999998,1000.000012,1000.000028,1000.000045,1000.000062,1000.000081,1000.000101,1000.000122,1000.000144,1000.000168,1000.000192,1000.000217,1000.000244,1000.000271,1000.000299,1000.000328,1000.000360,1000.000394,1000.000424,1000.000441,1000.000434,1000.000399,1000.000348,1000.000290,1000.000232,1000.000172,1000.000105,0.000000,0.000000,0.000000,0.000000,0.000000,0.000000,0.000000,0.000000,0.000000,0.000000,0.000000,0.000000
0.000000,0.000000,0.000000,0.000000,0.000000,0.000000,0.000000,0.000000,0.000000,0.000000,0.000000,1000.000090,1000.000159,1000.000220,1000.000280,1000.000341,1000.000395,1000.000432,1000.000441,1000.000424,1000.000394,1000.000360,1000.000326,1000.000296,1000.000267,1000.000238,1000.000210,1000.000184,1000.000159,1000.000135,1000.000112,1000.000089,1000.000068,1000.000049,1000.000030,1000.000012,999.999995,999.999980,999.999965,999.999952,999.999940,999.999928,999.999918,999.999909,999.999901,999.999894,999.999888,999.999884,999.999880,999.999877,999.999876,999.999875,999.999876,999.999877,999.999880,999.999884,999.999888,999.999894,999.999901,999.999909,999.999918,999.999928,999.999940,999.999952,999.999965,999.999980,999.999995,1000.000012,1000.000030,1000.000049,1000.000068,1000.000089,1000.000112,1000.000135,1000.000159,1000.000184,1000.000210,1000.000238,1000.000267,1000.000296,1000.000326,1000.000360,1000.000394,1000.000424,1000.000441,1000.000432,1000.000395,1000.000341,1000.000280,1000.000220,1000.000159,1000.000090,0.000000,0.000000,0.000000,0.000000,0.000000,0.000000,0.000000,0.000000,0.000000,0.000000,0.000000
0.000000,0.000000,0.000000,0.000000,0.000000,0.000000,0.000000,0.000000,0.000000,0.000000,0.000000,1000.000141,1000.000205,1000.000266,1000.000328,1000.000386,1000.000428,1000.000441,1000.000425,1000.000395,1000.000360,1000.000326,1000.000295,1000.000265,1000.000235,1000.000206,1000.000179,1000.000153,1000.000127,1000.000103,1000.000080,1000.000058,1000.000037,1000.000017,999.999998,999.999980,999.999964,999.999948,999.999934,999.999920,999.999908,999.999897,999.999887,999.999877,999.999869,999.999863,999.999857,999.999852,999.999848,999.999846,999.999844,999.999843,999.999844,999.999846,999.999848,999.999852,999.999857,999.999863,999.999869,999.999877,999.999887,999.999897,999.999908,999.999920,999.999934,999.999948,999.999964,999.999980,999.999998,1000.000017,1000.000037,1000.000058,1000.000080,1000.000103,1000.000127,1000.000153,1000.000179,1000.000206,1000.000235,1000.000265,1000.000295,1000.000326,1000.000360,1000.000395,1000.000425,1000.000441,1000.000428,1000.000386,1000.000328,1000.000266,1000.000205,1000.000141,0.000000,0.000000,0.000000,0.000000,0.000000,0.000000,0.000000,0.000000,0.000000,0.000000,0.000000
0.000000,0.000000,0.000000,0.000000,0.000000,0.000000,0.000000,0.000000,0.000000,0.000000,1000.000122,1000.000191,1000.000251,1000.000312,1000.000372,1000.000420,1000.000441,1000.000428,1000.000398,1000.000363,1000.000328,1000.000296,1000.000265,1000.000234,1000.000204,1000.000176,1000.000149,1000.000122,1000.000097,1000.000072,1000.000049,1000.000027,1000.000006,999.999986,999.999967,999.999950,999.999933,999.999917,999.999903,999.999890,999.999877,999.999866,999.999856,999.999847,999.999839,999.999832,999.999826,999.999821,999.999818,999.999815,999.999813,999.999813,999.999813,999.999815,999.999818,999.999821,999.999826,999.999832,999.999839,999.999847,999.999856,999.999866,999.999877,999.999890,999.999903,999.999917,999.999933,999.999950,999.999967,999.999986,1000.000006,1000.000027,1000.000049,1000.000072,1000.000097,1000.000122,1000.000149,1000.000176,1000.000204,1000.000234,1000.000265,1000.000296,1000.000328,1000.000363,1000.000398,1000.000428,1000.000441,1000.000420,1000.000372,1000.000312,1000.000251,1000.000191,1000.000122,0.000000,0.000000,0.000000,0.000000,0.000000,0.000000,0.000000,0.000000,0.000000,0.000000
0.000000,0.000000,0.000000,0.000000,0.000000,0.000000,0.000000,0.000000,0.000000,1000.000101,1000.000172,1000.000235,1000.000297,1000.000357,1000.000409,1000.000439,1000.000435,1000.000406,1000.000368,1000.000332,1000.000299,1000.000267,1000.000235,1000.000204,1000.000175,1000.000146,1000.000119,1000.000092,1000.000067,1000.000043,1000.000020,999.999998,999.999977,999.999957,999.999938,999.999920,999.999904,999.999888,999.999873,999.999860,999.999848,999.999837,999.999826,999.999817,999.999809,999.999802,999.999796,999.999792,999.999788,999.999785,999.999784,999.999783,999.999784,999.999785,999.999788,999.999792,999.999796,999.999802,999.999809,999.999817,999.999826,999.999837,999.999848,999.999860,999.999873,999.999888,999.999904,999.999920,999.999938,999.999957,999.999977,999.999998,1000.000020,1000.000043,1000.000067,1000.000092,1000.000119,1000.000146,1000.000175,1000.000204,1000.000235,1000.000267,1000.000299,1000.000332,1000.000368,1000.000406,1000.000435,1000.000439,1000.000409,1000.000357,1000.000297,1000.000235,1000.000172,1000.000101,0.000000,0.000000,0.000000,0.000000,0.000000,0.000000,0.000000,0.000000,0.000000
0.000000,0.000000,0.000000,0.000000,0.000000,0.000000,0.000000,0.000000,0.000000,1000.000147,1000.000214,1000.000278,1000.000343,1000.000399,1000.000435,1000.000440,1000.000416,1000.000378,1000.000340,1000.000305,1000.000271,1000.000238,1000.000206,1000.000176,1000.000146,1000.000118,1000.000090,1000.000064,1000.000039,1000.000014,999.999991,999.999969,999.999948,999.999928,999.999909,999.999892,999.999875,999.999860,999.999845,999.999832,999.999819,999.999808,999.999798,999.999789,999.999781,999.999774,999.999768,999.999763,999.999759,999.999757,999.999755,999.999755,999.999755,999.999757,999.999759,999.999763,999.999768,999.999774,999.999781,999.999789,999.999798,999.999808,999.999819,999.999832,999.999845,999.999860,999.999875,999.999892,999.999909,999.999928,999.999948,999.999969,999.999991,1000.000014,1000.000039,1000.000064,1000.000090,1000.000118,1000.000146,1000.000176,1000.000206,1000.000238,1000.000271,1000.000305,1000.000340,1000.000378,1000.000416,1000.000440,1000.000435,1000.000399,1000.000343,1000.000278,1000.000214,1000.000147,0.000000,0.000000,0.000000,0.000000,0.000000,0.000000,0.000000,0.000000,0.000000
0.000000,0.000000,0.000000,0.000000,0.000000,0.000000,0.000000,0.000000,1000.000117,1000.000190,1000.000255,1000.000322,1000.000384,1000.000428,1000.000441,1000.000423,1000.000389,1000.000350,1000.000312,1000.000278,1000.000244,1000.000210,1000.000179,1000.000149,1000.000119,1000.000090,1000.000063,1000.000037,1000.000011,999.999987,999.999964,999.999942,999.999921,999.999901,999.999882,999.999864,999.999848,999.999832,999.999818,999.999804,999.999792,999.999781,999.999770,999.999761,999.999753,999.999746,999.999740,999.999736,999.999732,999.999729,999.999728,999.999727,999.999728,999.999729,999.999732,999.999736,999.999740,999.999746,999.999753,999.999761,999.999770,999.999781,999.999792,999.999804,999.999818,999.999832,999.999848,999.999864,999.999882,999.999901,999.999921,999.999942,999.999964,999.999987,1000.000011,1000.000037,1000.000063,1000.000090,1000.000119,1000.000149,1000.000179,1000.000210,1000.000244,1000.000278,1000.000312,1000.000350,1000.000389,1000.000423,1000.000441,1000.000428,1000.000384,1000.000322,1000.000255,1000.000190,1000.000117,0.000000,0.000000,0.000000,0.000000,0.000000,0.000000,0.000000,0.000000
0.000000,0.000000,0.000000,0.000000,0.000000,0.000000,0.000000,0.000000,1000.000159,1000.000228,1000.000295,1000.000362,1000.000416,1000.000441,1000.000429,1000.000397,1000.000360,1000.000322,1000.000286,1000.000251,1000.000217,1000.000184,1000.000153,1000.000122,1000.000092,1000.000064,1000.000037,1000.000010,999.999985,999.999961,999.999938,999.999915,999.999894,999.999875,999.999856,999.999838,999.999821,999.999806,999.999791,999.999778,999.999766,999.999754,999.999744,999.999735,999.999727,999.999720,999.999714,999.999709,999.999706,999.999703,999.999701,999.999701,999.999701,999.999703,999.999706,999.999709,999.999714,999.999720,999.999727,999.999735,999.999744,999.999754,999.999766,999.999778,999.999791,999.999806,999.999821,999.999838,999.999856,999.999875,999.999894,999.999915,999.999938,999.999961,999.999985,1000.000010,1000.000037,1000.000064,1000.000092,1000.000122,1000.000153,1000.000184,1000.000217,1000.000251,1000.000286,1000.000322,1000.000360,1000.000397,1000.000429,1000.000441,1000.000416,1000.000362,1000.000295,1000.000228,1000.000159,0.000000,0.000000,0.000000,0.000000,0.000000,0.000000,0.000000,0.000000
0.000000,0.000000,0.000000,0.000000,0.000000,0.000000,0.000000,1000.000124,1000.000198,1000.000265,1000.000333,1000.000396,1000.000436,1000.000437,1000.000409,1000.000370,1000.000332,1000.000296,1000.000261,1000.000226,1000.000192,1000.000159,1000.000127,1000.000097,1000.000067,1000.000039,1000.000011,999.999985,999.999960,999.999935,999.999912,999.999890,999.999869,999.999849,999.999831,999.999813,999.999796,999.999781,999.999766,999.999753,999.999740,999.999729,999.999719,999.999710,999.999702,999.999695,999.999689,999.999684,999.999680,999.999678,999.999676,999.999675,999.999676,999.999678,999.999680,999.999684,999.999689,999.999695,999.999702,999.999710,999.999719,999.999729,999.999740,999.999753,999.999766,999.999781,999.999796,999.999813,999.999831,999.999849,999.999869,999.999890,999.999912,999.999935,999.999960,999.999985,1000.000011,1000.000039,1000.000067,1000.000097,1000.000127,1000.000159,1000.000192,1000.000226,1000.000261,1000.000296,1000.000332,1000.000370,1000.000409,1000.000437,1000.000436,1000.000396,1000.000333,1000.000265,1000.000198,1000.000124,0.000000,0.000000,0.000000,0.000000,0.000000,0.000000,0.000000
0.000000,0.000000,0.000000,0.000000,0.000000,0.000000,0.000000,1000.000162,1000.000233,1000.000301,1000.000368,1000.000422,1000.000442,1000.000424,1000.000386,1000.000346,1000.000308,1000.000272,1000.000236,1000.000201,1000.000168,1000.000135,1000.000103,1000.000072,1000.000043,1000.000014,999.999987,999.999961,999.999935,999.999911,999.999888,999.999866,999.999845,999.999825,999.999806,999.999789,999.999772,999.999756,999.999742,999.999728,999.999716,999.999705,999.999695,999.999686,999.999678,999.999671,999.999665,999.999660,999.999656,999.999653,999.999652,999.999651,999.999652,999.999653,999.999656,999.999660,999.999665,999.999671,999.999678,999.999686,999.999695,999.999705,999.999716,999.999728,999.999742,999.999756,999.999772,999.999789,999.999806,999.999825,999.999845,999.999866,999.999888,999.999911,999.999935,999.999961,999.999987,1000.000014,1000.000043,1000.000072,1000.000103,1000.000135,1000.000168,1000.000201,1000.000236,1000.000272,1000.000308,1000.000346,1000.000386,1000.000424,1000.000442,1000.000422,1000.000368,1000.000301,1000.000233,1000.000162,0.000000,0.000000,0.000000,0.000000,0.000000,0.000000,0.000000
0.000000,0.000000,0.000000,0.000000,0.000000,0.000000,1000.000124,1000.000200,1000.000267,1000.000336,1000.000399,1000.000438,1000.000437,1000.000405,1000.000363,1000.000323,1000.000286,1000.000249,1000.000213,1000.000178,1000.000144,1000.000112,1000.000080,1000.000049,1000.000020,999.999991,999.999964,999.999938,999.999912,999.999888,999.999865,999.999843,999.999822,999.999802,999.999783,999.999766,999.999749,999.999733,999.999719,999.999705,999.999693,999.999682,999.999672,999.999662,999.999654,999.999647,999.999642,999.999637,999.999633,999.999630,999.999629,999.999628,999.999629,999.999630,999.999633,999.999637,999.999642,999.999647,999.999654,999.999662,999.999672,999.999682,999.999693,999.999705,999.999719,999.999733,999.999749,999.999766,999.999783,999.999802,999.999822,999.999843,999.999865,999.999888,999.999912,999.999938,999.999964,999.999991,1000.000020,1000.000049,1000.000080,1000.000112,1000.000144,1000.000178,1000.000213,1000.000249,1000.000286,1000.000323,1000.000363,1000.000405,1000.000437,1000.000438,1000.000399,1000.000336,1000.000267,1000.000200,1000.000124,0.000000,0.000000,0.000000,0.000000,0.000000,0.000000
0.000000,0.000000,0.000000,0.000000,0.000000,0.000000,1000.000160,1000.000232,1000.000301,1000.000369,1000.000423,1000.000443,1000.000423,1000.000383,1000.000341,1000.000302,1000.000264,1000.000227,1000.000191,1000.000156,1000.000122,1000.000089,1000.000058,1000.000027,999.999998,999.999969,999.999942,999.999915,999.999890,999.999866,999.999843,999.999821,999.999800,999.999780,999.999761,999.999744,999.999727,999.999711,999.999697,999.999683,999.999671,999.999660,999.999650,999.999640,999.999632,999.999625,999.999619,999.999615,999.999611,999.999608,999.999607,999.999606,999.999607,999.999608,999.999611,999.999615,999.999619,999.999625,999.999632,999.999640,999.999650,999.999660,999.999671,999.999683,999.999697,999.999711,999.999727,999.999744,999.999761,999.999780,999.999800,999.999821,999.999843,999.999866,999.999890,999.999915,999.999942,999.999969,999.999998,1000.000027,1000.000058,1000.000089,1000.000122,1000.000156,1000.000191,1000.000227,1000.000264,1000.000302,1000.000341,1000.000383,1000.000423,1000.000443,1000.000423,1000.000369,1000.000301,1000.000232,1000.000160,0.000000,0.000000,0.000000,0.000000,0.000000,0.000000
0.000000,0.000000,0.000000,0.000000,0.000000,1000.000119,1000.000195,1000.000264,1000.000334,1000.000398,1000.000438,1000.000437,1000.000404,1000.000361,1000.000320,1000.000281,1000.000243,1000.000206,1000.000170,1000.000135,1000.000101,1000.000068,1000.000037,1000.000006,999.999977,999.999948,999.999921,999.999894,999.999869,999.999845,999.999822,999.999800,999.999779,999.999759,999.999740,999.999723,999.999706,999.999690,999.999676,999.999662,999.999650,999.999639,999.999629,999.999619,999.999611,999.999604,999.999599,999.999594,999.999590,999.999587,999.999586,999.999585,999.999586,999.999587,999.999590,999.999594,999.999599,999.999604,999.999611,999.999619,999.999629,999.999639,999.999650,999.999662,999.999676,999.999690,999.999706,999.999723,999.999740,999.999759,999.999779,999.999800,999.999822,999.999845,999.999869,999.999894,999.999921,999.999948,999.999977,1000.000006,1000.000037,1000.000068,1000.000101,1000.000135,1000.000170,1000.000206,1000.000243,1000.000281,1000.000320,1000.000361,1000.000404,1000.000437,1000.000438,1000.000398,1000.000334,1000.000264,1000.000195,1000.000119,0.000000,0.000000,0.000000,0.000000,0.000000
0.000000,0.000000,0.000000,0.000000,0.000000,1000.000151,1000.000224,1000.000295,1000.000365,1000.000421,1000.000442,1000.000423,1000.000383,1000.000340,1000.000300,1000.000261,1000.000223,1000.000186,1000.000150,1000.000115,1000.000081,1000.000049,1000.000017,999.999986,999.999957,999.999928,999.999901,999.999875,999.999849,999.999825,999.999802,999.999780,999.999759,999.999739,999.999720,999.999703,999.999686,999.999670,999.999656,999.999643,999.999630,999.999619,999.999609,999.999600,999.999592,999.999585,999.999579,999.999574,999.999570,999.999567,999.999566,999.999565,999.999566,999.999567,999.999570,999.999574,999.999579,999.999585,999.999592,999.999600,999.999609,999.999619,999.999630,999.999643,999.999656,999.999670,999.999686,999.999703,999.999720,999.999739,999.999759,999.999780,999.999802,999.999825,999.999849,999.999875,999.999901,999.999928,999.999957,999.999986,1000.000017,1000.000049,1000.000081,1000.000115,1000.000150,1000.000186,1000.000223,1000.000261,1000.000300,1000.000340,1000.000383,1000.000423,1000.000442,1000.000421,1000.000365,1000.000295,1000.000224,1000.000151,0.000000,0.000000,0.000000,0.000000,0.000000
0.000000,0.000000,0.000000,0.000000,1000.000104,1000.000181,1000.000253,1000.000325,1000.000392,1000.000436,1000.000437,1000.000405,1000.000363,1000.000321,1000.000281,1000.000242,1000.000204,1000.000167,1000.000131,1000.000096,1000.000062,1000.000030,999.999998,999.999967,999.999938,999.999909,999.999882,999.999856,999.999831,999.999806,999.999783,999.999761,999.999740,999.999720,999.999702,999.999684,999.999667,999.999652,999.999637,999.999624,999.999611,999.999600,999.999590,999.999581,999.999573,999.999566,999.999560,999.999555,999.999551,999.999549,999.999547,999.999546,999.999547,999.999549,999.999551,999.999555,999.999560,999.999566,999.999573,999.999581,999.999590,999.999600,999.999611,999.999624,999.999637,999.999652,999.999667,999.999684,999.999702,999.999720,999.999740,999.999761,999.999783,999.999806,999.999831,999.999856,999.999882,999.999909,999.999938,999.999967,999.999998,1000.000030,1000.000062,1000.000096,1000.000131,1000.000167,1000.000204,1000.000242,1000.000281,1000.000321,1000.000363,1000.000405,1000.000437,1000.000436,1000.000392,1000.000325,1000.000253,1000.000181,1000.000104,0.000000,0.000000,0.000000,0.000000
0.000000,0.000000,0.000000,0.000000,1000.000133,1000.000207,1000.000279,1000.000352,1000.000414,1000.000441,1000.000426,1000.000387,1000.000344,1000.000303,1000.000263,1000.000224,1000.000186,1000.000149,1000.000113,1000.000078,1000.000045,1000.000012,999.999980,999.999950,999.999920,999.999892,999.999864,999.999838,999.999813,999.999789,999.999766,999.999744,999.999723,999.999703,999.999684,999.999666,999.999649,999.999634,999.999619,999.999606,999.999594,999.999582,999.999572,999.999563,999.999555,999.999548,999.999542,999.999537,999.999533,999.999531,999.999529,999.999529,999.999529,999.999531,999.999533,999.999537,999.999542,999.999548,999.999555,999.999563,999.999572,999.999582,999.999594,999.999606,999.999619,999.999634,999.999649,999.999666,999.999684,999.999703,999.999723,999.999744,999.999766,999.999789,999.999813,999.999838,999.999864,999.999892,999.999920,999.999950,999.999980,1000.000012,1000.000045,1000.000078,1000.000113,1000.000149,1000.000186,1000.000224,1000.000263,1000.000303,1000.000344,1000.000387,1000.000426,1000.000441,1000.000414,1000.000352,1000.000279,1000.000207,1000.000133,0.000000,0.000000,0.000000,0.000000
