0.000000,0.000000,0.000000,0.000000,0.000000,0.000000,0.000000,0.000000,0.000000,0.000000,0.000000,0.000000,0.000000,0.000000,0.000000,0.000000,0.000000,0.000000,0.000000,0.000000,0.000000,0.000000,0.000000,0.000000,0.000000,0.000000,0.000000,0.000000,0.000000,0.000000,0.000000,0.000000,0.000000,0.000000,0.000000,0.000000,0.000000,0.000000,0.000000,0.000000,0.000000,0.000000,0.000000,0.000000,0.000000,0.000000,0.000000,0.000000,0.000000,0.000000,0.000000,0.000000,0.000000,0.000000,0.000000,0.000000,0.000000,0.000000,0.000000,0.000000,0.000000,0.000000,0.000000,0.000000,0.000000,0.000000,0.000000,0.000000,0.000000,0.000000,0.000000,0.000000,0.000000,0.000000,0.000000,0.000000,0.000000,0.000000,0.000000,0.000000,0.000000,0.000000,0.000000,0.000000,0.000000,0.000000,0.000000,0.000000,0.000000,0.000000,0.000000,0.000000,0.000000,0.000000,0.000000,0.000000,0.000000,0.000000,0.000000,0.000000,0.000000,0.000000,0.000000
0.000000,0.000000,0.000000,0.000000,0.000000,0.000000,0.000000,0.000000,0.000000,0.000000,0.000000,0.000000,0.000000,0.000000,0.000000,0.000000,0.000000,0.000000,0.000000,0.000000,0.000000,0.000000,0.000000,0.000000,0.000000,0.000000,0.000000,0.000000,0.000000,0.000000,0.000000,0.000000,0.000000,0.000000,0.000000,0.000000,0.000000,0.000000,0.000000,0.000000,0.000000,0.000000,0.000000,0.000000,0.000000,0.000000,0.000000,0.000000,0.000000,0.000000,0.000000,1000.000056,0.000000,0.000000,0.000000,0.000000,0.000000,0.000000,0.000000,0.000000,0.000000,0.000000,0.000000,0.000000,0.000000,0.000000,0.000000,0.000000,0.000000,0.000000,0.000000,0.000000,0.000000,0.000000,0.000000,0.000000,0.000000,0.000000,0.000000,0.000000,0.000000,0.000000,0.000000,0.000000,0.000000,0.000000,0.000000,0.000000,0.000000,0.000000,0.000000,0.000000,0.000000,0.000000,0.000000,0.000000,0.000000,0.000000,0.000000,0.000000,0.000000,0.000000,0.000000
0.000000,0.000000,0.000000,0.000000,0.000000,0.000000,0.000000,0.000000,0.000000,0.000000,0.000000,0.000000,0.000000,0.000000,0.000000,0.000000,0.000000,0.000000,0.000000,0.000000,0.000000,0.000000,0.000000,0.000000,0.000000,0.000000,0.000000,0.000000,0.000000,0.000000,0.000000,0.000000,0.000000,0.000000,0.000000,0.000000,0.000000,0.000000,0.000000,0.000000,0.000000,0.000000,1000.000102,1000.000119,1000.000127,1000.000132,1000.000134,1000.000135,1000.000135,1000.000134,1000.000134,1000.000137,1000.000134,1000.000134,1000.000135,1000.000135,1000.000134,1000.000132,1000.000127,1000.000119,1000.000102,0.000000,0.000000,0.000000,0.000000,0.000000,0.000000,0.000000,0.000000,0.000000,0.000000,0.000000,0.000000,0.000000,0.000000,0.000000,0.000000,0.000000,0.000000,0.000000,0.000000,0.000000,0.000000,0.000000,0.000000,0.000000,0.000000,0.000000,0.000000,0.000000,0.000000,0.000000,0.000000,0.000000,0.000000,0.000000,0.000000,0.000000,0.000000,0.000000,0.000000,0.000000,0.000000
0.000000,0.000000,0.000000,0.000000,0.000000,0.000000,0.000000,0.000000,0.000000,0.000000,0.000000,0.000000,0.000000,0.000000,0.000000,0.000000,0.000000,0.000000,0.000000,0.000000,0.000000,0.000000,0.000000,0.000000,0.000000,0.000000,0.000000,0.000000,0.000000,0.000000,0.000000,0.000000,0.000000,0.000000,0.000000,0.000000,0.000000,1000.000098,1000.000123,1000.000142,1000.000158,1000.000171,1000.000183,1000.000194,1000.000202,1000.000208,1000.000211,1000.000212,1000.000213,1000.000213,1000.000213,1000.000213,1000.000213,1000.000213,1000.000213,1000.000212,1000.000211,1000.000208,1000.000202,1000.000194,1000.000183,1000.000171,1000.000158,1000.000142,1000.000123,1000.000098,0.000000,0.000000,0.000000,0.000000,0.000000,0.000000,0.000000,0.000000,0.000000,0.000000,0.000000,0.000000,0.000000,0.000000,0.000000,0.000000,0.000000,0.000000,0.000000,0.000000,0.000000,0.000000,0.000000,0.000000,0.000000,0.000000,0.000000,0.000000,0.000000,0.000000,0.000000,0.000000,0.000000,0.000000,0.000000,0.000000,0.000000
0.000000,0.000000,0.000000,0.000000,0.000000,0.000000,0.000000,0.000000,0.000000,0.000000,0.000000,0.000000,0.000000,0.000000,0.000000,0.000000,0.000000,0.000000,0.000000,0.000000,0.000000,0.000000,0.000000,0.000000,0.000000,0.000000,0.000000,0.000000,0.000000,0.000000,0.000000,0.000000,0.000000,0.000000,1000.000102,1000.000131,1000.000154,1000.000177,1000.000197,1000.000215,1000.000232,1000.000246,1000.000260,1000.000270,1000.000278,1000.000283,1000.000286,1000.000288,1000.000288,1000.000289,1000.000289,1000.000289,1000.000289,1000.000289,1000.000288,1000.000288,1000.000286,1000.000283,1000.000278,1000.000270,1000.000260,1000.000246,1000.000232,1000.000215,1000.000197,1000.000177,1000.000154,1000.000131,1000.000102,0.000000,0.000000,0.000000,0.000000,0.000000,0.000000,0.000000,0.000000,0.000000,0.000000,0.000000,0.000000,0.000000,0.000000,0.000000,0.000000,0.000000,0.000000,0.000000,0.000000,0.000000,0.000000,0.000000,0.000000,0.000000,0.000000,0.000000,0.000000,0.000000,0.000000,0.000000,0.000000,0.000000,0.000000
0.000000,0.000000,0.000000,0.000000,0.000000,0.000000,0.000000,0.000000,0.000000,0.000000,0.000000,0.000000,0.000000,0.000000,0.000000,0.000000,0.000000,0.000000,0.000000,0.000000,0.000000,0.000000,0.000000,0.000000,0.000000,0.000000,0.000000,0.000000,0.000000,0.000000,0.000000,0.000000,1000.000117,1000.000148,1000.000179,1000.000204,1000.000227,1000.000250,1000.000270,1000.000288,1000.000305,1000.000321,1000.000335,1000.000346,1000.000354,1000.000357,1000.000360,1000.000361,1000.000361,1000.000362,1000.000362,1000.000362,1000.000362,1000.000362,1000.000361,1000.000361,1000.000360,1000.000357,1000.000354,1000.000346,1000.000335,1000.000321,1000.000305,1000.000288,1000.000270,1000.000250,1000.000227,1000.000204,1000.000179,1000.000148,1000.000117,0.000000,0.000000,0.000000,0.000000,0.000000,0.000000,0.000000,0.000000,0.000000,0.000000,0.000000,0.000000,0.000000,0.000000,0.000000,0.000000,0.000000,0.000000,0.000000,0.000000,0.000000,0.000000,0.000000,0.000000,0.000000,0.000000,0.000000,0.000000,0.000000,0.000000,0.000000,0.000000
0.000000,0.000000,0.000000,0.000000,0.000000,0.000000,0.000000,0.000000,0.000000,0.000000,0.000000,0.000000,0.000000,0.000000,0.000000,0.000000,0.000000,0.000000,0.000000,0.000000,0.000000,0.000000,0.000000,0.000000,0.000000,0.000000,0.000000,0.000000,0.000000,0.000000,1000.000122,1000.000158,1000.000192,1000.000221,1000.000249,1000.000274,1000.000299,1000.000323,1000.000343,1000.000360,1000.000375,1000.000389,1000.000401,1000.000409,1000.000413,1000.000416,1000.000416,1000.000417,1000.000417,1000.000417,1000.000417,1000.000417,1000.000417,1000.000417,1000.000417,1000.000417,1000.000416,1000.000416,1000.000413,1000.000409,1000.000401,1000.000389,1000.000375,1000.000360,1000.000343,1000.000323,1000.000299,1000.000274,1000.000249,1000.000221,1000.000192,1000.000158,1000.000122,0.000000,0.000000,0.000000,0.000000,0.000000,0.000000,0.000000,0.000000,0.000000,0.000000,0.000000,0.000000,0.000000,0.000000,0.000000,0.000000,0.000000,0.000000,0.000000,0.000000,0.000000,0.000000,0.000000,0.000000,0.000000,0.000000,0.000000,0.000000,0.000000,0.000000
0.000000,0.000000,0.000000,0.000000,0.000000,0.000000,0.000000,0.000000,0.000000,0.000000,0.000000,0.000000,0.000000,0.000000,0.000000,0.000000,0.000000,0.000000,0.000000,0.000000,0.000000,0.000000,0.000000,0.000000,0.000000,0.000000,0.000000,0.000000,1000.000122,1000.000160,1000.000197,1000.000229,1000.000260,1000.000291,1000.000320,1000.000347,1000.000370,1000.000390,1000.000406,1000.000417,1000.000425,1000.000429,1000.000431,1000.000430,1000.000429,1000.000428,1000.000427,1000.000427,1000.000426,1000.000426,1000.000426,1000.000426,1000.000426,1000.000426,1000.000426,1000.000427,1000.000427,1000.000428,1000.000429,1000.000430,1000.000431,1000.000429,1000.000425,1000.000417,1000.000406,1000.000390,1000.000370,1000.000347,1000.000320,1000.000291,1000.000260,1000.000229,1000.000197,1000.000160,1000.000122,0.000000,0.000000,0.000000,0.000000,0.000000,0.000000,0.000000,0.000000,0.000000,0.000000,0.000000,0.000000,0.000000,0.000000,0.000000,0.000000,0.000000,0.000000,0.000000,0.000000,0.000000,0.000000,0.000000,0.000000,0.000000,0.000000,0.000000,0.000000
0.000000,0.000000,0.000000,0.000000,0.000000,0.000000,0.000000,0.000000,0.000000,0.000000,0.000000,0.000000,0.000000,0.000000,0.000000,0.000000,0.000000,0.000000,0.000000,0.000000,0.000000,0.000000,0.000000,0.000000,0.000000,0.000000,1000.000116,1000.000157,1000.000195,1000.000229,1000.000264,1000.000297,1000.000329,1000.000360,1000.000387,1000.000408,1000.000422,1000.000431,1000.000434,1000.000433,1000.000430,1000.000424,1000.000415,1000.000406,1000.000400,1000.000397,1000.000395,1000.000393,1000.000392,1000.000391,1000.000391,1000.000391,1000.000391,1000.000391,1000.000392,1000.000393,1000.000395,1000.000397,1000.000400,1000.000406,1000.000415,1000.000424,1000.000430,1000.000433,1000.000434,1000.000431,1000.000422,1000.000408,1000.000387,1000.000360,1000.000329,1000.000297,1000.000264,1000.000229,1000.000195,1000.000157,1000.000116,0.000000,0.000000,0.000000,0.000000,0.000000,0.000000,0.000000,0.000000,0.000000,0.000000,0.000000,0.000000,0.000000,0.000000,0.000000,0.000000,0.000000,0.000000,0.000000,0.000000,0.000000,0.000000,0.000000,0.000000,0.000000,0.000000
0.000000,0.000000,0.000000,0.000000,0.000000,0.000000,0.000000,0.000000,0.000000,0.000000,0.000000,0.000000,0.000000,0.000000,0.000000,0.000000,0.000000,0.000000,0.000000,0.000000,0.000000,0.000000,0.000000,0.000000,1000.000100,1000.000144,1000.000187,1000.000224,1000.000261,1000.000296,1000.000331,1000.000364,1000.000392,1000.000415,1000.000430,1000.000435,1000.000433,1000.000428,1000.000418,1000.000407,1000.000397,1000.000386,1000.000375,1000.000364,1000.000357,1000.000352,1000.000349,1000.000346,1000.000345,1000.000343,1000.000343,1000.000342,1000.000343,1000.000343,1000.000345,1000.000346,1000.000349,1000.000352,1000.000357,1000.000364,1000.000375,1000.000386,1000.000397,1000.000407,1000.000418,1000.000428,1000.000433,1000.000435,1000.000430,1000.000415,1000.000392,1000.000364,1000.000331,1000.000296,1000.000261,1000.000224,1000.000187,1000.000144,1000.000100,0.000000,0.000000,0.000000,0.000000,0.000000,0.000000,0.000000,0.000000,0.000000,0.000000,0.000000,0.000000,0.000000,0.000000,0.000000,0.000000,0.000000,0.000000,0.000000,0.000000,0.000000,0.000000,0.000000,0.000000
0.000000,0.000000,0.000000,0.000000,0.000000,0.000000,0.000000,0.000000,0.000000,0.000000,0.000000,0.000000,0.000000,0.000000,0.000000,0.000000,0.000000,0.000000,0.000000,0.000000,0.000000,0.000000,0.000000,1000.000120,1000.000169,1000.000211,1000.000251,1000.000290,1000.000328,1000.000363,1000.000393,1000.000417,1000.000431,1000.000436,1000.000431,1000.000419,1000.000406,1000.000392,1000.000377,1000.000364,1000.000352,1000.000341,1000.000331,1000.000322,1000.000314,1000.000309,1000.000305,1000.000301,1000.000299,1000.000298,1000.000297,1000.000296,1000.000297,1000.000298,1000.000299,1000.000301,1000.000305,1000.000309,1000.000314,1000.000322,1000.000331,1000.000341,1000.000352,1000.000364,1000.000377,1000.000392,1000.000406,1000.000419,1000.000431,1000.000436,1000.000431,1000.000417,1000.000393,1000.000363,1000.000328,1000.000290,1000.000251,1000.000211,1000.000169,1000.000120,0.000000,0.000000,0.000000,0.000000,0.000000,0.000000,0.000000,0.000000,0.000000,0.000000,0.000000,0.000000,0.000000,0.000000,0.000000,0.000000,0.000000,0.000000,0.000000,0.000000,0.000000,0.000000,0.000000
0.000000,0.000000,0.000000,0.000000,0.000000,0.000000,0.000000,0.000000,0.000000,0.000000,0.000000,0.000000,0.000000,0.000000,0.000000,0.000000,0.000000,0.000000,0.000000,0.000000,0.000000,1000.000089,1000.000139,1000.000188,1000.000231,1000.000274,1000.000317,1000.000356,1000.000390,1000.000416,1000.000431,1000.000436,1000.000431,1000.000417,1000.000399,1000.000381,1000.000364,1000.000348,1000.000334,1000.000321,1000.000309,1000.000298,1000.000288,1000.000280,1000.000273,1000.000266,1000.000262,1000.000258,1000.000255,1000.000254,1000.000253,1000.000252,1000.000253,1000.000254,1000.000255,1000.000258,1000.000262,1000.000266,1000.000273,1000.000280,1000.000288,1000.000298,1000.000309,1000.000321,1000.000334,1000.000348,1000.000364,1000.000381,1000.000399,1000.000417,1000.000431,1000.000436,1000.000431,1000.000416,1000.000390,1000.000356,1000.000317,1000.000274,1000.000231,1000.000188,1000.000139,1000.000089,0.000000,0.000000,0.000000,0.000000,0.000000,0.000000,0.000000,0.000000,0.000000,0.000000,0.000000,0.000000,0.000000,0.000000,0.000000,0.000000,0.000000,0.000000,0.000000,0.000000,0.000000
0.000000,0.000000,0.000000,0.000000,0.000000,0.000000,0.000000,0.000000,0.000000,0.000000,0.000000,0.000000,0.000000,0.000000,0.000000,0.000000,0.000000,0.000000,0.000000,0.000000,1000.000103,1000.000157,1000.000202,1000.000247,1000.000292,1000.000338,1000.000379,1000.000410,1000.000429,1000.000436,1000.000431,1000.000417,1000.000398,1000.000378,1000.000357,1000.000339,1000.000322,1000.000307,1000.000293,1000.000280,1000.000268,1000.000257,1000.000247,1000.000238,1000.000231,1000.000225,1000.000220,1000.000216,1000.000213,1000.000211,1000.000210,1000.000209,1000.000210,1000.000211,1000.000213,1000.000216,1000.000220,1000.000225,1000.000231,1000.000238,1000.000247,1000.000257,1000.000268,1000.000280,1000.000293,1000.000307,1000.000322,1000.000339,1000.000357,1000.000378,1000.000398,1000.000417,1000.000431,1000.000436,1000.000429,1000.000410,1000.000379,1000.000338,1000.000292,1000.000247,1000.000202,1000.000157,1000.000103,0.000000,0.000000,0.000000,0.000000,0.000000,0.000000,0.000000,0.000000,0.000000,0.000000,0.000000,0.000000,0.000000,0.000000,0.000000,0.000000,0.000000,0.000000,0.000000,0.000000
0.000000,0.000000,0.000000,0.000000,0.000000,0.000000,0.000000,0.000000,0.000000,0.000000,0.000000,0.000000,0.000000,0.000000,0.000000,0.000000,0.000000,0.000000,0.000000,1000.000115,1000.000169,1000.000217,1000.000262,1000.000308,1000.000352,1000.000393,1000.000422,1000.000434,1000.000431,1000.000418,1000.000399,1000.000378,1000.000356,1000.000335,1000.000316,1000.000299,1000.000282,1000.000267,1000.000252,1000.000239,1000.000227,1000.000216,1000.000207,1000.000198,1000.000190,1000.000184,1000.000179,1000.000175,1000.000172,1000.000169,1000.000168,1000.000168,1000.000168,1000.000169,1000.000172,1000.000175,1000.000179,1000.000184,1000.000190,1000.000198,1000.000207,1000.000216,1000.000227,1000.000239,1000.000252,1000.000267,1000.000282,1000.000299,1000.000316,1000.000335,1000.000356,1000.000378,1000.000399,1000.000418,1000.000431,1000.000434,1000.000422,1000.000393,1000.000352,1000.000308,1000.000262,1000.000217,1000.000169,1000.000115,0.000000,0.000000,0.000000,0.000000,0.000000,0.000000,0.000000,0.000000,0.000000,0.000000,0.000000,0.000000,0.000000,0.000000,0.000000,0.000000,0.000000,0.000000,0.000000
0.000000,0.000000,0.000000,0.000000,0.000000,0.000000,0.000000,0.000000,0.000000,0.000000,0.000000,0.000000,0.000000,0.000000,0.000000,0.000000,0.000000,0.000000,1000.000122,1000.000179,1000.000228,1000.000276,1000.000324,1000.000367,1000.000403,1000.000429,1000.000435,1000.000423,1000.000403,1000.000380,1000.000358,1000.000336,1000.000315,1000.000296,1000.000277,1000.000260,1000.000243,1000.000227,1000.000213,1000.000200,1000.000188,1000.000177,1000.000167,1000.000158,1000.000151,1000.000144,1000.000139,1000.000135,1000.000131,1000.000129,1000.000128,1000.000127,1000.000128,1000.000129,1000.000131,1000.000135,1000.000139,1000.000144,1000.000151,1000.000158,1000.000167,1000.000177,1000.000188,1000.000200,1000.000213,1000.000227,1000.000243,1000.000260,1000.000277,1000.000296,1000.000315,1000.000336,1000.000358,1000.000380,1000.000403,1000.000423,1000.000435,1000.000429,1000.000403,1000.000367,1000.000324,1000.000276,1000.000228,1000.000179,1000.000122,0.000000,0.000000,0.000000,0.000000,0.000000,0.000000,0.000000,0.000000,0.000000,0.000000,0.000000,0.000000,0.000000,0.000000,0.000000,0.000000,0.000000,0.000000
0.000000,0.000000,0.000000,0.000000,0.000000,0.000000,0.000000,0.000000,0.000000,0.000000,0.000000,0.000000,0.000000,0.000000,0.000000,0.000000,0.000000,1000.000126,1000.000184,1000.000235,1000.000286,1000.000336,1000.000381,1000.000414,1000.000433,1000.000434,1000.000417,1000.000392,1000.000365,1000.000341,1000.000318,1000.000297,1000.000277,1000.000257,1000.000239,1000.000221,1000.000204,1000.000189,1000.000175,1000.000162,1000.000149,1000.000138,1000.000129,1000.000120,1000.000112,1000.000106,1000.000100,1000.000096,1000.000092,1000.000090,1000.000089,1000.000088,1000.000089,1000.000090,1000.000092,1000.000096,1000.000100,1000.000106,1000.000112,1000.000120,1000.000129,1000.000138,1000.000149,1000.000162,1000.000175,1000.000189,1000.000204,1000.000221,1000.000239,1000.000257,1000.000277,1000.000297,1000.000318,1000.000341,1000.000365,1000.000392,1000.000417,1000.000434,1000.000433,1000.000414,1000.000381,1000.000336,1000.000286,1000.000235,1000.000184,1000.000126,0.000000,0.000000,0.000000,0.000000,0.000000,0.000000,0.000000,0.000000,0.000000,0.000000,0.000000,0.000000,0.000000,0.000000,0.000000,0.000000,0.000000
0.000000,0.000000,0.000000,0.000000,0.000000,0.000000,0.000000,0.000000,0.000000,0.000000,0.000000,0.000000,0.000000,0.000000,0.000000,0.000000,1000.000127,1000.000187,1000.000239,1000.000291,1000.000343,1000.000389,1000.000422,1000.000435,1000.000429,1000.000410,1000.000383,1000.000354,1000.000327,1000.000304,1000.000282,1000.000260,1000.000239,1000.000219,1000.000201,1000.000183,1000.000167,1000.000152,1000.000137,1000.000124,1000.000112,1000.000101,1000.000091,1000.000082,1000.000075,1000.000068,1000.000063,1000.000058,1000.000055,1000.000052,1000.000051,1000.000050,1000.000051,1000.000052,1000.000055,1000.000058,1000.000063,1000.000068,1000.000075,1000.000082,1000.000091,1000.000101,1000.000112,1000.000124,1000.000137,1000.000152,1000.000167,1000.000183,1000.000201,1000.000219,1000.000239,1000.000260,1000.000282,1000.000304,1000.000327,1000.000354,1000.000383,1000.000410,1000.000429,1000.000435,1000.000422,1000.000389,1000.000343,1000.000291,1000.000239,1000.000187,1000.000127,0.000000,0.000000,0.000000,0.000000,0.000000,0.000000,0.000000,0.000000,0.000000,0.000000,0.000000,0.000000,0.000000,0.000000,0.000000,0.000000
0.000000,0.000000,0.000000,0.000000,0.000000,0.000000,0.000000,0.000000,0.000000,0.000000,0.000000,0.000000,0.000000,0.000000,0.000000,1000.000126,1000.000187,1000.000241,1000.000294,1000.000347,1000.000393,1000.000426,1000.000435,1000.000422,1000.000400,1000.000373,1000.000344,1000.000317,1000.000292,1000.000269,1000.000245,1000.000223,1000.000203,1000.000183,1000.000165,1000.000147,1000.000131,1000.000115,1000.000101,1000.000088,1000.000076,1000.000065,1000.000055,1000.000046,1000.000038,1000.000032,1000.000026,1000.000021,1000.000018,1000.000015,1000.000014,1000.000013,1000.000014,1000.000015,1000.000018,1000.000021,1000.000026,1000.000032,1000.000038,1000.000046,1000.000055,1000.000065,1000.000076,1000.000088,1000.000101,1000.000115,1000.000131,1000.000147,1000.000165,1000.000183,1000.000203,1000.000223,1000.000245,1000.000269,1000.000292,1000.000317,1000.000344,1000.000373,1000.000400,1000.000422,1000.000435,1000.000426,1000.000393,1000.000347,1000.000294,1000.000241,1000.000187,1000.000126,0.000000,0.000000,0.000000,0.000000,0.000000,0.000000,0.000000,0.000000,0.000000,0.000000,0.000000,0.000000,0.000000,0.000000,0.000000
0.000000,0.000000,0.000000,0.000000,0.000000,0.000000,0.000000,0.000000,0.000000,0.000000,0.000000,0.000000,0.000000,0.000000,1000.000122,1000.000184,1000.000239,1000.000294,1000.000348,1000.000395,1000.000427,1000.000435,1000.000419,1000.000392,1000.000363,1000.000335,1000.000308,1000.000282,1000.000257,1000.000233,1000.000210,1000.000188,1000.000167,1000.000148,1000.000129,1000.000112,1000.000095,1000.000080,1000.000066,1000.000052,1000.000040,1000.000029,1000.000019,1000.000011,1000.000003,999.999996,999.999990,999.999986,999.999982,999.999980,999.999978,999.999978,999.999978,999.999980,999.999982,999.999986,999.999990,999.999996,1000.000003,1000.000011,1000.000019,1000.000029,1000.000040,1000.000052,1000.000066,1000.000080,1000.000095,1000.000112,1000.000129,1000.000148,1000.000167,1000.000188,1000.000210,1000.000233,1000.000257,1000.000282,1000.000308,1000.000335,1000.000363,1000.000392,1000.000419,1000.000435,1000.000427,1000.000395,1000.000348,1000.000294,1000.000239,1000.000184,1000.000122,0.000000,0.000000,0.000000,0.000000,0.000000,0.000000,0.000000,0.000000,0.000000,0.000000,0.000000,0.000000,0.000000,0.000000
0.000000,0.000000,0.000000,0.000000,0.000000,0.000000,0.000000,0.000000,0.000000,0.000000,0.000000,0.000000,0.000000,1000.000115,1000.000179,1000.000235,1000.000291,1000.000347,1000.000395,1000.000428,1000.000435,1000.000418,1000.000389,1000.000358,1000.000327,1000.000300,1000.000274,1000.000248,1000.000222,1000.000198,1000.000176,1000.000154,1000.000133,1000.000113,1000.000095,1000.000077,1000.000061,1000.000046,1000.000031,1000.000018,1000.000006,999.999995,999.999985,999.999976,999.999968,999.999962,999.999956,999.999951,999.999948,999.999945,999.999944,999.999943,999.999944,999.999945,999.999948,999.999951,999.999956,999.999962,999.999968,999.999976,999.999985,999.999995,1000.000006,1000.000018,1000.000031,1000.000046,1000.000061,1000.000077,1000.000095,1000.000113,1000.000133,1000.000154,1000.000176,1000.000198,1000.000222,1000.000248,1000.000274,1000.000300,1000.000327,1000.000358,1000.000389,1000.000418,1000.000435,1000.000428,1000.000395,1000.000347,1000.000291,1000.000235,1000.000179,1000.000115,0.000000,0.000000,0.000000,0.000000,0.000000,0.000000,0.000000,0.000000,0.000000,0.000000,0.000000,0.000000,0.000000
0.000000,0.000000,0.000000,0.000000,0.000000,0.000000,0.000000,0.000000,0.000000,0.000000,0.000000,0.000000,1000.000103,1000.000169,1000.000228,1000.000286,1000.000343,1000.000393,1000.000427,1000.000435,1000.000418,1000.000388,1000.000355,1000.000323,1000.000295,1000.000268,1000.000240,1000.000214,1000.000189,1000.000165,1000.000142,1000.000120,1000.000100,1000.000080,1000.000062,1000.000044,1000.000028,1000.000012,999.999998,999.999985,999.999973,999.999962,999.999952,999.999943,999.999935,999.999928,999.999922,999.999918,999.999914,999.999912,999.999910,999.999909,999.999910,999.999912,999.999914,999.999918,999.999922,999.999928,999.999935,999.999943,999.999952,999.999962,999.999973,999.999985,999.999998,1000.000012,1000.000028,1000.000044,1000.000062,1000.000080,1000.000100,1000.000120,1000.000142,1000.000165,1000.000189,1000.000214,1000.000240,1000.000268,1000.000295,1000.000323,1000.000355,1000.000388,1000.000418,1000.000435,1000.000427,1000.000393,1000.000343,1000.000286,1000.000228,1000.000169,1000.000103,0.000000,0.000000,0.000000,0.000000,0.000000,0.000000,0.000000,0.000000,0.000000,0.000000,0.000000,0.000000
0.000000,0.000000,0.000000,0.000000,0.000000,0.000000,0.000000,0.000000,0.000000,0.000000,0.000000,1000.000089,1000.000157,1000.000217,1000.000276,1000.000336,1000.000389,1000.000426,1000.000435,1000.000418,1000.000388,1000.000354,1000.000322,1000.000292,1000.000263,1000.000235,1000.000207,1000.000182,1000.000157,1000.000133,1000.000110,1000.000088,1000.000067,1000.000048,1000.000029,1000.000012,999.999995,999.999980,999.999966,999.999953,999.999940,999.999929,999.999919,999.999910,999.999903,999.999896,999.999890,999.999885,999.999882,999.999879,999.999878,999.999877,999.999878,999.999879,999.999882,999.999885,999.999890,999.999896,999.999903,999.999910,999.999919,999.999929,999.999940,999.999953,999.999966,999.999980,999.999995,1000.000012,1000.000029,1000.000048,1000.000067,1000.000088,1000.000110,1000.000133,1000.000157,1000.000182,1000.000207,1000.000235,1000.000263,1000.000292,1000.000322,1000.000354,1000.000388,1000.000418,1000.000435,1000.000426,1000.000389,1000.000336,1000.000276,1000.000217,1000.000157,1000.000089,0.000000,0.000000,0.000000,0.000000,0.000000,0.000000,0.000000,0.000000,0.000000,0.000000,0.000000
0.000000,0.000000,0.000000,0.000000,0.000000,0.000000,0.000000,0.000000,0.000000,0.000000,0.000000,1000.000139,1000.000202,1000.000262,1000.000324,1000.000381,1000.000422,1000.000435,1000.000419,1000.000389,1000.000355,1000.000322,1000.000291,1000.000261,1000.000232,1000.000203,1000.000176,1000.000151,1000.000125,1000.000101,1000.000079,1000.000057,1000.000036,1000.000017,999.999998,999.999981,999.999964,999.999949,999.999935,999.999921,999.999909,999.999898,999.999888,999.999879,999.999871,999.999865,999.999859,999.999854,999.999850,999.999848,999.999846,999.999846,999.999846,999.999848,999.999850,999.999854,999.999859,999.999865,999.999871,999.999879,999.999888,999.999898,999.999909,999.999921,999.999935,999.999949,999.999964,999.999981,999.999998,1000.000017,1000.000036,1000.000057,1000.000079,1000.000101,1000.000125,1000.000151,1000.000176,1000.000203,1000.000232,1000.000261,1000.000291,1000.000322,1000.000355,1000.000389,1000.000419,1000.000435,1000.000422,1000.000381,1000.000324,1000.000262,1000.000202,1000.000139,0.000000,0.000000,0.000000,0.000000,0.000000,0.000000,0.000000,0.000000,0.000000,0.000000,0.000000
0.000000,0.000000,0.000000,0.000000,0.000000,0.000000,0.000000,0.000000,0.000000,0.000000,1000.000120,1000.000188,1000.000247,1000.000308,1000.000367,1000.000414,1000.000435,1000.000422,1000.000392,1000.000358,1000.000323,1000.000292,1000.000261,1000.000231,1000.000201,1000.000173,1000.000146,1000.000120,1000.000095,1000.000071,1000.000049,1000.000027,1000.000006,999.999986,999.999968,999.999950,999.999934,999.999919,999.999904,999.999891,999.999879,999.999868,999.999858,999.999849,999.999841,999.999834,999.999829,999.999824,999.999820,999.999818,999.999816,999.999815,999.999816,999.999818,999.999820,999.999824,999.999829,999.999834,999.999841,999.999849,999.999858,999.999868,999.999879,999.999891,999.999904,999.999919,999.999934,999.999950,999.999968,999.999986,1000.000006,1000.000027,1000.000049,1000.000071,1000.000095,1000.000120,1000.000146,1000.000173,1000.000201,1000.000231,1000.000261,1000.000292,1000.000323,1000.000358,1000.000392,1000.000422,1000.000435,1000.000414,1000.000367,1000.000308,1000.000247,1000.000188,1000.000120,0.000000,0.000000,0.000000,0.000000,0.000000,0.000000,0.000000,0.000000,0.000000,0.000000
0.000000,0.000000,0.000000,0.000000,0.000000,0.000000,0.000000,0.000000,0.000000,1000.000100,1000.000169,1000.000231,1000.000292,1000.000352,1000.000403,1000.000433,1000.000429,1000.000400,1000.000363,1000.000327,1000.000295,1000.000263,1000.000232,1000.000201,1000.000172,1000.000144,1000.000117,1000.000091,1000.000066,1000.000042,1000.000019,999.999998,999.999977,999.999957,999.999939,999.999921,999.999905,999.999890,999.999875,999.999862,999.999850,999.999839,999.999829,999.999820,999.999812,999.999805,999.999799,999.999795,999.999791,999.999788,999.999787,999.999786,999.999787,999.999788,999.999791,999.999795,999.999799,999.999805,999.999812,999.999820,999.999829,999.999839,999.999850,999.999862,999.999875,999.999890,999.999905,999.999921,999.999939,999.999957,999.999977,999.999998,1000.000019,1000.000042,1000.000066,1000.000091,1000.000117,1000.000144,1000.000172,1000.000201,1000.000232,1000.000263,1000.000295,1000.000327,1000.000363,1000.000400,1000.000429,1000.000433,1000.000403,1000.000352,1000.000292,1000.000231,1000.000169,1000.000100,0.000000,0.000000,0.000000,0.000000,0.000000,0.000000,0.000000,0.000000,0.000000
0.000000,0.000000,0.000000,0.000000,0.000000,0.000000,0.000000,0.000000,0.000000,1000.000144,1000.000211,1000.000274,1000.000338,1000.000393,1000.000429,1000.000434,1000.000410,1000.000373,1000.000335,1000.000300,1000.000268,1000.000235,1000.000203,1000.000173,1000.000144,1000.000116,1000.000089,1000.000063,1000.000038,1000.000014,999.999991,999.999970,999.999949,999.999929,999.999911,999.999893,999.999877,999.999862,999.999847,999.999834,999.999822,999.999811,999.999801,999.999792,999.999784,999.999777,999.999771,999.999767,999.999763,999.999760,999.999759,999.999758,999.999759,999.999760,999.999763,999.999767,999.999771,999.999777,999.999784,999.999792,999.999801,999.999811,999.999822,999.999834,999.999847,999.999862,999.999877,999.999893,999.999911,999.999929,999.999949,999.999970,999.999991,1000.000014,1000.000038,1000.000063,1000.000089,1000.000116,1000.000144,1000.000173,1000.000203,1000.000235,1000.000268,1000.000300,1000.000335,1000.000373,1000.000410,1000.000434,1000.000429,1000.000393,1000.000338,1000.000274,1000.000211,1000.000144,0.000000,0.000000,0.000000,0.000000,0.000000,0.000000,0.000000,0.000000,0.000000
0.000000,0.000000,0.000000,0.000000,0.000000,0.000000,0.000000,0.000000,1000.000116,1000.000187,1000.000251,1000.000317,1000.000379,1000.000422,1000.000435,1000.000417,1000.000383,1000.000344,1000.000308,1000.000274,1000.000240,1000.000207,1000.000176,1000.000146,1000.000117,1000.000089,1000.000062,1000.000036,1000.000011,999.999987,999.999964,999.999943,999.999922,999.999902,999.999884,999.999866,999.999850,999.999835,999.999820,999.999807,999.999795,999.999784,999.999774,999.999765,999.999757,999.999750,999.999744,999.999740,999.999736,999.999733,999.999732,999.999731,999.999732,999.999733,999.999736,999.999740,999.999744,999.999750,999.999757,999.999765,999.999774,999.999784,999.999795,999.999807,999.999820,999.999835,999.999850,999.999866,999.999884,999.999902,999.999922,999.999943,999.999964,999.999987,1000.000011,1000.000036,1000.000062,1000.000089,1000.000117,1000.000146,1000.000176,1000.000207,1000.000240,1000.000274,1000.000308,1000.000344,1000.000383,1000.000417,1000.000435,1000.000422,1000.000379,1000.000317,1000.000251,1000.000187,1000.000116,0.000000,0.000000,0.000000,0.000000,0.000000,0.000000,0.000000,0.000000
0.000000,0.000000,0.000000,0.000000,0.000000,0.000000,0.000000,0.000000,1000.000157,1000.000224,1000.000290,1000.000356,1000.000410,1000.000434,1000.000423,1000.000392,1000.000354,1000.000317,1000.000282,1000.000248,1000.000214,1000.000182,1000.000151,1000.000120,1000.000091,1000.000063,1000.000036,1000.000010,999.999985,999.999961,999.999938,999.999917,999.999896,999.999876,999.999858,999.999840,999.999824,999.999809,999.999794,999.999781,999.999769,999.999758,999.999748,999.999739,999.999731,999.999724,999.999718,999.999714,999.999710,999.999707,999.999706,999.999705,999.999706,999.999707,999.999710,999.999714,999.999718,999.999724,999.999731,999.999739,999.999748,999.999758,999.999769,999.999781,999.999794,999.999809,999.999824,999.999840,999.999858,999.999876,999.999896,999.999917,999.999938,999.999961,999.999985,1000.000010,1000.000036,1000.000063,1000.000091,1000.000120,1000.000151,1000.000182,1000.000214,1000.000248,1000.000282,1000.000317,1000.000354,1000.000392,1000.000423,1000.000434,1000.000410,1000.000356,1000.000290,1000.000224,1000.000157,0.000000,0.000000,0.000000,0.000000,0.000000,0.000000,0.000000,0.000000
0.000000,0.000000,0.000000,0.000000,0.000000,0.000000,0.000000,1000.000122,1000.000195,1000.000261,1000.000328,1000.000390,1000.000429,1000.000431,1000.000403,1000.000365,1000.000327,1000.000292,1000.000257,1000.000222,1000.000189,1000.000157,1000.000125,1000.000095,1000.000066,1000.000038,1000.000011,999.999985,999.999960,999.999936,999.999914,999.999892,999.999871,999.999852,999.999833,999.999816,999.999799,999.999784,999.999769,999.999756,999.999744,999.999733,999.999723,999.999714,999.999706,999.999699,999.999693,999.999689,999.999685,999.999682,999.999681,999.999680,999.999681,999.999682,999.999685,999.999689,999.999693,999.999699,999.999706,999.999714,999.999723,999.999733,999.999744,999.999756,999.999769,999.999784,999.999799,999.999816,999.999833,999.999852,999.999871,999.999892,999.999914,999.999936,999.999960,999.999985,1000.000011,1000.000038,1000.000066,1000.000095,1000.000125,1000.000157,1000.000189,1000.000222,1000.000257,1000.000292,1000.000327,1000.000365,1000.000403,1000.000431,1000.000429,1000.000390,1000.000328,1000.000261,1000.000195,1000.000122,0.000000,0.000000,0.000000,0.000000,0.000000,0.000000,0.000000
0.000000,0.000000,0.000000,0.000000,0.000000,0.000000,0.000000,1000.000160,1000.000229,1000.000296,1000.000363,1000.000416,1000.000436,1000.000418,1000.000380,1000.000341,1000.000304,1000.000269,1000.000233,1000.000198,1000.000165,1000.000133,1000.000101,1000.000071,1000.000042,1000.000014,999.999987,999.999961,999.999936,999.999912,999.999890,999.999868,999.999847,999.999828,999.999809,999.999792,999.999775,999.999760,999.999746,999.999732,999.999720,999.999709,999.999699,999.999690,999.999682,999.999675,999.999670,999.999665,999.999661,999.999658,999.999657,999.999656,999.999657,999.999658,999.999661,999.999665,999.999670,999.999675,999.999682,999.999690,999.999699,999.999709,999.999720,999.999732,999.999746,999.999760,999.999775,999.999792,999.999809,999.999828,999.999847,999.999868,999.999890,999.999912,999.999936,999.999961,999.999987,1000.000014,1000.000042,1000.000071,1000.000101,1000.000133,1000.000165,1000.000198,1000.000233,1000.000269,1000.000304,1000.000341,1000.000380,1000.000418,1000.000436,1000.000416,1000.000363,1000.000296,1000.000229,1000.000160,0.000000,0.000000,0.000000,0.000000,0.000000,0.000000,0.000000
0.000000,0.000000,0.000000,0.000000,0.000000,0.000000,1000.000122,1000.000197,1000.000264,1000.000331,1000.000393,1000.000431,1000.000431,1000.000399,1000.000358,1000.000318,1000.000282,1000.000245,1000.000210,1000.000176,1000.000142,1000.000110,1000.000079,1000.000049,1000.000019,999.999991,999.999964,999.999938,999.999914,999.999890,999.999867,999.999845,999.999825,999.999805,999.999786,999.999769,999.999753,999.999737,999.999723,999.999710,999.999698,999.999686,999.999676,999.999667,999.999659,999.999653,999.999647,999.999642,999.999638,999.999636,999.999634,999.999634,999.999634,999.999636,999.999638,999.999642,999.999647,999.999653,999.999659,999.999667,999.999676,999.999686,999.999698,999.999710,999.999723,999.999737,999.999753,999.999769,999.999786,999.999805,999.999825,999.999845,999.999867,999.999890,999.999914,999.999938,999.999964,999.999991,1000.000019,1000.000049,1000.000079,1000.000110,1000.000142,1000.000176,1000.000210,1000.000245,1000.000282,1000.000318,1000.000358,1000.000399,1000.000431,1000.000431,1000.000393,1000.000331,1000.000264,1000.000197,1000.000122,0.000000,0.000000,0.000000,0.000000,0.000000,0.000000
0.000000,0.000000,0.000000,0.000000,0.000000,0.000000,1000.000158,1000.000229,1000.000297,1000.000364,1000.000417,1000.000436,1000.000417,1000.000378,1000.000336,1000.000297,1000.000260,1000.000223,1000.000188,1000.000154,1000.000120,1000.000088,1000.000057,1000.000027,999.999998,999.999970,999.999943,999.999917,999.999892,999.999868,999.999845,999.999823,999.999803,999.999783,999.999765,999.999747,999.999731,999.999715,999.999701,999.999688,999.999676,999.999665,999.999655,999.999646,999.999638,999.999631,999.999625,999.999620,999.999617,999.999614,999.999612,999.999612,999.999612,999.999614,999.999617,999.999620,999.999625,999.999631,999.999638,999.999646,999.999655,999.999665,999.999676,999.999688,999.999701,999.999715,999.999731,999.999747,999.999765,999.999783,999.999803,999.999823,999.999845,999.999868,999.999892,999.999917,999.999943,999.999970,999.999998,1000.000027,1000.000057,1000.000088,1000.000120,1000.000154,1000.000188,1000.000223,1000.000260,1000.000297,1000.000336,1000.000378,1000.000417,1000.000436,1000.000417,1000.000364,1000.000297,1000.000229,1000.000158,0.000000,0.000000,0.000000,0.000000,0.000000,0.000000
0.000000,0.000000,0.000000,0.000000,0.000000,1000.000117,1000.000192,1000.000260,1000.000329,1000.000392,1000.000431,1000.000431,1000.000398,1000.000356,1000.000315,1000.000277,1000.000239,1000.000203,1000.000167,1000.000133,1000.000100,1000.000067,1000.000036,1000.000006,999.999977,999.999949,999.999922,999.999896,999.999871,999.999847,999.999825,999.999803,999.999782,999.999763,999.999744,999.999727,999.999710,999.999695,999.999681,999.999667,999.999655,999.999644,999.999634,999.999625,999.999617,999.999610,999.999604,999.999600,999.999596,999.999593,999.999592,999.999591,999.999592,999.999593,999.999596,999.999600,999.999604,999.999610,999.999617,999.999625,999.999634,999.999644,999.999655,999.999667,999.999681,999.999695,999.999710,999.999727,999.999744,999.999763,999.999782,999.999803,999.999825,999.999847,999.999871,999.999896,999.999922,999.999949,999.999977,1000.000006,1000.000036,1000.000067,1000.000100,1000.000133,1000.000167,1000.000203,1000.000239,1000.000277,1000.000315,1000.000356,1000.000398,1000.000431,1000.000431,1000.000392,1000.000329,1000.000260,1000.000192,1000.000117,0.000000,0.000000,0.000000,0.000000,0.000000
0.000000,0.000000,0.000000,0.000000,0.000000,1000.000148,1000.000221,1000.000291,1000.000360,1000.000415,1000.000436,1000.000417,1000.000378,1000.000335,1000.000296,1000.000257,1000.000219,1000.000183,1000.000148,1000.000113,1000.000080,1000.000048,1000.000017,999.999986,999.999957,999.999929,999.999902,999.999876,999.999852,999.999828,999.999805,999.999783,999.999763,999.999743,999.999724,999.999707,999.999691,999.999675,999.999661,999.999648,999.999636,999.999624,999.999614,999.999605,999.999597,999.999591,999.999585,999.999580,999.999576,999.999574,999.999572,999.999572,999.999572,999.999574,999.999576,999.999580,999.999585,999.999591,999.999597,999.999605,999.999614,999.999624,999.999636,999.999648,999.999661,999.999675,999.999691,999.999707,999.999724,999.999743,999.999763,999.999783,999.999805,999.999828,999.999852,999.999876,999.999902,999.999929,999.999957,999.999986,1000.000017,1000.000048,1000.000080,1000.000113,1000.000148,1000.000183,1000.000219,1000.000257,1000.000296,1000.000335,1000.000378,1000.000417,1000.000436,1000.000415,1000.000360,1000.000291,1000.000221,1000.000148,0.000000,0.000000,0.000000,0.000000,0.000000
0.000000,0.000000,0.000000,0.000000,1000.000102,1000.000179,1000.000249,1000.000320,1000.000387,1000.000430,1000.000431,1000.000399,1000.000357,1000.000316,1000.000277,1000.000239,1000.000201,1000.000165,1000.000129,1000.000095,1000.000062,1000.000029,999.999998,999.999968,999.999939,999.999911,999.999884,999.999858,999.999833,999.999809,999.999786,999.999765,999.999744,999.999724,999.999706,999.999688,999.999672,999.999657,999.999642,999.999629,999.999617,999.999606,999.999596,999.999587,999.999579,999.999572,999.999566,999.999561,999.999558,999.999555,999.999554,999.999553,999.999554,999.999555,999.999558,999.999561,999.999566,999.999572,999.999579,999.999587,999.999596,999.999606,999.999617,999.999629,999.999642,999.999657,999.999672,999.999688,999.999706,999.999724,999.999744,999.999765,999.999786,999.999809,999.999833,999.999858,999.999884,999.999911,999.999939,999.999968,999.999998,1000.000029,1000.000062,1000.000095,1000.000129,1000.000165,1000.000201,1000.000239,1000.000277,1000.000316,1000.000357,1000.000399,1000.000431,1000.000430,1000.000387,1000.000320,1000.000249,1000.000179,1000.000102,0.000000,0.000000,0.000000,0.000000
0.000000,0.000000,0.000000,0.000000,1000.000131,1000.000204,1000.000274,1000.000347,1000.000408,1000.000435,1000.000419,1000.000381,1000.000339,1000.000299,1000.000260,1000.000221,1000.000183,1000.000147,1000.000112,1000.000077,1000.000044,1000.000012,999.999981,999.999950,999.999921,999.999893,999.999866,999.999840,999.999816,999.999792,999.999769,999.999747,999.999727,999.999707,999.999688,999.999671,999.999655,999.999639,999.999625,999.999612,999.999600,999.999588,999.999578,999.999569,999.999561,999.999555,999.999549,999.999544,999.999540,999.999538,999.999536,999.999536,999.999536,999.999538,999.999540,999.999544,999.999549,999.999555,999.999561,999.999569,999.999578,999.999588,999.999600,999.999612,999.999625,999.999639,999.999655,999.999671,999.999688,999.999707,999.999727,999.999747,999.999769,999.999792,999.999816,999.999840,999.999866,999.999893,999.999921,999.999950,999.999981,1000.000012,1000.000044,1000.000077,1000.000112,1000.000147,1000.000183,1000.000221,1000.000260,1000.000299,1000.000339,1000.000381,1000.000419,1000.000435,1000.000408,1000.000347,1000.000274,1000.000204,1000.000131,0.000000,0.000000,0.000000,0.000000
