0.000000,0.000000,0.000000,0.000000,0.000000,0.000000,0.000000,0.000000,0.000000,0.000000,0.000000,0.000000,0.000000,0.000000,0.000000,0.000000,0.000000,0.000000,0.000000,0.000000,0.000000,0.000000,0.000000,0.000000,0.000000,0.000000,0.000000,0.000000,0.000000,0.000000,0.000000,0.000000,0.000000,0.000000,0.000000,0.000000,0.000000,0.000000,0.000000,0.000000,0.000000,0.000000,0.000000,0.000000,0.000000,0.000000,0.000000,0.000000,0.000000,0.000000,0.000000,0.000000,0.000000,0.000000,0.000000,0.000000,0.000000,0.000000,0.000000,0.000000,0.000000,0.000000,0.000000,0.000000,0.000000,0.000000,0.000000,0.000000,0.000000,0.000000,0.000000,0.000000,0.000000,0.000000,0.000000,0.000000,0.000000,0.000000,0.000000,0.000000,0.000000,0.000000,0.000000,0.000000,0.000000,0.000000,0.000000,0.000000,0.000000,0.000000,0.000000,0.000000,0.000000,0.000000,0.000000,0.000000,0.000000,0.000000,0.000000,0.000000,0.000000,0.000000,0.000000
0.000000,0.000000,0.000000,0.000000,0.000000,0.000000,0.000000,0.000000,0.000000,0.000000,0.000000,0.000000,0.000000,0.000000,0.000000,0.000000,0.000000,0.000000,0.000000,0.000000,0.000000,0.000000,0.000000,0.000000,0.000000,0.000000,0.000000,0.000000,0.000000,0.000000,0.000000,0.000000,0.000000,0.000000,0.000000,0.000000,0.000000,0.000000,0.000000,0.000000,0.000000,0.000000,0.000000,0.000000,0.000000,0.000000,0.000000,0.000000,0.000000,0.000000,0.000000,1000.000078,0.000000,0.000000,0.000000,0.000000,0.000000,0.000000,0.000000,0.000000,0.000000,0.000000,0.000000,0.000000,0.000000,0.000000,0.000000,0.000000,0.000000,0.000000,0.000000,0.000000,0.000000,0.000000,0.000000,0.000000,0.000000,0.000000,0.000000,0.000000,0.000000,0.000000,0.000000,0.000000,0.000000,0.000000,0.000000,0.000000,0.000000,0.000000,0.000000,0.000000,0.000000,0.000000,0.000000,0.000000,0.000000,0.000000,0.000000,0.000000,0.000000,0.000000,0.000000
0.000000,0.000000,0.000000,0.000000,0.000000,0.000000,0.000000,0.000000,0.000000,0.000000,0.000000,0.000000,0.000000,0.000000,0.000000,0.000000,0.000000,0.000000,0.000000,0.000000,0.000000,0.000000,0.000000,0.000000,0.000000,0.000000,0.000000,0.000000,0.000000,0.000000,0.000000,0.000000,0.000000,0.000000,0.000000,0.000000,0.000000,0.000000,0.000000,0.000000,0.000000,0.000000,1000.000142,1000.000165,1000.000177,1000.000183,1000.000186,1000.000187,1000.000187,1000.000186,1000.000185,1000.000191,1000.000185,1000.000186,1000.000187,1000.000187,1000.000186,1000.000183,1000.000177,1000.000165,1000.000142,0.000000,0.000000,0.000000,0.000000,0.000000,0.000000,0.000000,0.000000,0.000000,0.000000,0.000000,0.000000,0.000000,0.000000,0.000000,0.000000,0.000000,0.000000,0.000000,0.000000,0.000000,0.000000,0.000000,0.000000,0.000000,0.000000,0.000000,0.000000,0.000000,0.000000,0.000000,0.000000,0.000000,0.000000,0.000000,0.000000,0.000000,0.000000,0.000000,0.000000,0.000000,0.000000
0.000000,0.000000,0.000000,0.000000,0.000000,0.000000,0.000000,0.000000,0.000000,0.000000,0.000000,0.000000,0.000000,0.000000,0.000000,0.000000,0.000000,0.000000,0.000000,0.000000,0.000000,0.000000,0.000000,0.000000,0.000000,0.000000,0.000000,0.000000,0.000000,0.000000,0.000000,0.000000,0.000000,0.000000,0.000000,0.000000,0.000000,1000.000136,1000.000170,1000.000197,1000.000219,1000.000237,1000.000254,1000.000268,1000.000280,1000.000288,1000.000292,1000.000294,1000.000295,1000.000296,1000.000295,1000.000296,1000.000295,1000.000296,1000.000295,1000.000294,1000.000292,1000.000288,1000.000280,1000.000268,1000.000254,1000.000237,1000.000219,1000.000197,1000.000170,1000.000136,0.000000,0.000000,0.000000,0.000000,0.000000,0.000000,0.000000,0.000000,0.000000,0.000000,0.000000,0.000000,0.000000,0.000000,0.000000,0.000000,0.000000,0.000000,0.000000,0.000000,0.000000,0.000000,0.000000,0.000000,0.000000,0.000000,0.000000,0.000000,0.000000,0.000000,0.000000,0.000000,0.000000,0.000000,0.000000,0.000000,0.000000
0.000000,0.000000,0.000000,0.000000,0.000000,0.000000,0.000000,0.000000,0.000000,0.000000,0.000000,0.000000,0.000000,0.000000,0.000000,0.000000,0.000000,0.000000,0.000000,0.000000,0.000000,0.000000,0.000000,0.000000,0.000000,0.000000,0.000000,0.000000,0.000000,0.000000,0.000000,0.000000,0.000000,0.000000,1000.000142,1000.000181,1000.000213,1000.000245,1000.000273,1000.000298,1000.000322,1000.000341,1000.000360,1000.000374,1000.000385,1000.000392,1000.000396,1000.000399,1000.000400,1000.000400,1000.000401,1000.000400,1000.000401,1000.000400,1000.000400,1000.000399,1000.000396,1000.000392,1000.000385,1000.000374,1000.000360,1000.000341,1000.000322,1000.000298,1000.000273,1000.000245,1000.000213,1000.000181,1000.000142,0.000000,0.000000,0.000000,0.000000,0.000000,0.000000,0.000000,0.000000,0.000000,0.000000,0.000000,0.000000,0.000000,0.000000,0.000000,0.000000,0.000000,0.000000,0.000000,0.000000,0.000000,0.000000,0.000000,0.000000,0.000000,0.000000,0.000000,0.000000,0.000000,0.000000,0.000000,0.000000,0.000000,0.000000
0.000000,0.000000,0.000000,0.000000,0.000000,0.000000,0.000000,0.000000,0.000000,0.000000,0.000000,0.000000,0.000000,0.000000,0.000000,0.000000,0.000000,0.000000,0.000000,0.000000,0.000000,0.000000,0.000000,0.000000,0.000000,0.000000,0.000000,0.000000,0.000000,0.000000,0.000000,0.000000,1000.000162,1000.000206,1000.000248,1000.000283,1000.000315,1000.000346,1000.000374,1000.000399,1000.000422,1000.000444,1000.000464,1000.000479,1000.000489,1000.000494,1000.000497,1000.000499,1000.000500,1000.000500,1000.000501,1000.000501,1000.000501,1000.000500,1000.000500,1000.000499,1000.000497,1000.000494,1000.000489,1000.000479,1000.000464,1000.000444,1000.000422,1000.000399,1000.000374,1000.000346,1000.000315,1000.000283,1000.000248,1000.000206,1000.000162,0.000000,0.000000,0.000000,0.000000,0.000000,0.000000,0.000000,0.000000,0.000000,0.000000,0.000000,0.000000,0.000000,0.000000,0.000000,0.000000,0.000000,0.000000,0.000000,0.000000,0.000000,0.000000,0.000000,0.000000,0.000000,0.000000,0.000000,0.000000,0.000000,0.000000,0.000000,0.000000
0.000000,0.000000,0.000000,0.000000,0.000000,0.000000,0.000000,0.000000,0.000000,0.000000,0.000000,0.000000,0.000000,0.000000,0.000000,0.000000,0.000000,0.000000,0.000000,0.000000,0.000000,0.000000,0.000000,0.000000,0.000000,0.000000,0.000000,0.000000,0.000000,0.000000,1000.000170,1000.000219,1000.000266,1000.000306,1000.000345,1000.000381,1000.000415,1000.000447,1000.000475,1000.000498,1000.000518,1000.000537,1000.000553,1000.000563,1000.000569,1000.000572,1000.000574,1000.000574,1000.000575,1000.000575,1000.000575,1000.000575,1000.000575,1000.000575,1000.000575,1000.000574,1000.000574,1000.000572,1000.000569,1000.000563,1000.000553,1000.000537,1000.000518,1000.000498,1000.000475,1000.000447,1000.000415,1000.000381,1000.000345,1000.000306,1000.000266,1000.000219,1000.000170,0.000000,0.000000,0.000000,0.000000,0.000000,0.000000,0.000000,0.000000,0.000000,0.000000,0.000000,0.000000,0.000000,0.000000,0.000000,0.000000,0.000000,0.000000,0.000000,0.000000,0.000000,0.000000,0.000000,0.000000,0.000000,0.000000,0.000000,0.000000,0.000000,0.000000
0.000000,0.000000,0.000000,0.000000,0.000000,0.000000,0.000000,0.000000,0.000000,0.000000,0.000000,0.000000,0.000000,0.000000,0.000000,0.000000,0.000000,0.000000,0.000000,0.000000,0.000000,0.000000,0.000000,0.000000,0.000000,0.000000,0.000000,0.000000,1000.000169,1000.000222,1000.000273,1000.000317,1000.000361,1000.000403,1000.000444,1000.000480,1000.000511,1000.000538,1000.000560,1000.000575,1000.000585,1000.000592,1000.000593,1000.000592,1000.000591,1000.000590,1000.000589,1000.000588,1000.000588,1000.000587,1000.000587,1000.000587,1000.000587,1000.000587,1000.000588,1000.000588,1000.000589,1000.000590,1000.000591,1000.000592,1000.000593,1000.000592,1000.000585,1000.000575,1000.000560,1000.000538,1000.000511,1000.000480,1000.000444,1000.000403,1000.000361,1000.000317,1000.000273,1000.000222,1000.000169,0.000000,0.000000,0.000000,0.000000,0.000000,0.000000,0.000000,0.000000,0.000000,0.000000,0.000000,0.000000,0.000000,0.000000,0.000000,0.000000,0.000000,0.000000,0.000000,0.000000,0.000000,0.000000,0.000000,0.000000,0.000000,0.000000,0.000000,0.000000
0.000000,0.000000,0.000000,0.000000,0.000000,0.000000,0.000000,0.000000,0.000000,0.000000,0.000000,0.000000,0.000000,0.000000,0.000000,0.000000,0.000000,0.000000,0.000000,0.000000,0.000000,0.000000,0.000000,0.000000,0.000000,0.000000,1000.000161,1000.000217,1000.000271,1000.000318,1000.000366,1000.000411,1000.000456,1000.000498,1000.000534,1000.000562,1000.000581,1000.000593,1000.000598,1000.000597,1000.000593,1000.000585,1000.000573,1000.000562,1000.000554,1000.000549,1000.000546,1000.000544,1000.000542,1000.000541,1000.000541,1000.000540,1000.000541,1000.000541,1000.000542,1000.000544,1000.000546,1000.000549,1000.000554,1000.000562,1000.000573,1000.000585,1000.000593,1000.000597,1000.000598,1000.000593,1000.000581,1000.000562,1000.000534,1000.000498,1000.000456,1000.000411,1000.000366,1000.000318,1000.000271,1000.000217,1000.000161,0.000000,0.000000,0.000000,0.000000,0.000000,0.000000,0.000000,0.000000,0.000000,0.000000,0.000000,0.000000,0.000000,0.000000,0.000000,0.000000,0.000000,0.000000,0.000000,0.000000,0.000000,0.000000,0.000000,0.000000,0.000000,0.000000
0.000000,0.000000,0.000000,0.000000,0.000000,0.000000,0.000000,0.000000,0.000000,0.000000,0.000000,0.000000,0.000000,0.000000,0.000000,0.000000,0.000000,0.000000,0.000000,0.000000,0.000000,0.000000,0.000000,0.000000,1000.000138,1000.000200,1000.000260,1000.000311,1000.000362,1000.000411,1000.000459,1000.000503,1000.000542,1000.000572,1000.000592,1000.000599,1000.000597,1000.000590,1000.000577,1000.000563,1000.000549,1000.000534,1000.000519,1000.000505,1000.000495,1000.000488,1000.000484,1000.000480,1000.000478,1000.000476,1000.000475,1000.000475,1000.000475,1000.000476,1000.000478,1000.000480,1000.000484,1000.000488,1000.000495,1000.000505,1000.000519,1000.000534,1000.000549,1000.000563,1000.000577,1000.000590,1000.000597,1000.000599,1000.000592,1000.000572,1000.000542,1000.000503,1000.000459,1000.000411,1000.000362,1000.000311,1000.000260,1000.000200,1000.000138,0.000000,0.000000,0.000000,0.000000,0.000000,0.000000,0.000000,0.000000,0.000000,0.000000,0.000000,0.000000,0.000000,0.000000,0.000000,0.000000,0.000000,0.000000,0.000000,0.000000,0.000000,0.000000,0.000000,0.000000
0.000000,0.000000,0.000000,0.000000,0.000000,0.000000,0.000000,0.000000,0.000000,0.000000,0.000000,0.000000,0.000000,0.000000,0.000000,0.000000,0.000000,0.000000,0.000000,0.000000,0.000000,0.000000,0.000000,1000.000167,1000.000234,1000.000292,1000.000349,1000.000403,1000.000455,1000.000502,1000.000543,1000.000575,1000.000594,1000.000600,1000.000594,1000.000579,1000.000561,1000.000542,1000.000523,1000.000504,1000.000488,1000.000473,1000.000459,1000.000446,1000.000436,1000.000428,1000.000422,1000.000418,1000.000415,1000.000413,1000.000411,1000.000411,1000.000411,1000.000413,1000.000415,1000.000418,1000.000422,1000.000428,1000.000436,1000.000446,1000.000459,1000.000473,1000.000488,1000.000504,1000.000523,1000.000542,1000.000561,1000.000579,1000.000594,1000.000600,1000.000594,1000.000575,1000.000543,1000.000502,1000.000455,1000.000403,1000.000349,1000.000292,1000.000234,1000.000167,0.000000,0.000000,0.000000,0.000000,0.000000,0.000000,0.000000,0.000000,0.000000,0.000000,0.000000,0.000000,0.000000,0.000000,0.000000,0.000000,0.000000,0.000000,0.000000,0.000000,0.000000,0.000000,0.000000
0.000000,0.000000,0.000000,0.000000,0.000000,0.000000,0.000000,0.000000,0.000000,0.000000,0.000000,0.000000,0.000000,0.000000,0.000000,0.000000,0.000000,0.000000,0.000000,0.000000,0.000000,1000.000123,1000.000193,1000.000260,1000.000321,1000.000380,1000.000439,1000.000493,1000.000538,1000.000573,1000.000594,1000.000601,1000.000594,1000.000576,1000.000553,1000.000528,1000.000504,1000.000483,1000.000463,1000.000445,1000.000428,1000.000414,1000.000400,1000.000388,1000.000378,1000.000369,1000.000363,1000.000358,1000.000354,1000.000352,1000.000350,1000.000350,1000.000350,1000.000352,1000.000354,1000.000358,1000.000363,1000.000369,1000.000378,1000.000388,1000.000400,1000.000414,1000.000428,1000.000445,1000.000463,1000.000483,1000.000504,1000.000528,1000.000553,1000.000576,1000.000594,1000.000601,1000.000594,1000.000573,1000.000538,1000.000493,1000.000439,1000.000380,1000.000321,1000.000260,1000.000193,1000.000123,0.000000,0.000000,0.000000,0.000000,0.000000,0.000000,0.000000,0.000000,0.000000,0.000000,0.000000,0.000000,0.000000,0.000000,0.000000,0.000000,0.000000,0.000000,0.000000,0.000000,0.000000
0.000000,0.000000,0.000000,0.000000,0.000000,0.000000,0.000000,0.000000,0.000000,0.000000,0.000000,0.000000,0.000000,0.000000,0.000000,0.000000,0.000000,0.000000,0.000000,0.000000,1000.000143,1000.000217,1000.000281,1000.000343,1000.000405,1000.000468,1000.000523,1000.000566,1000.000591,1000.000600,1000.000594,1000.000576,1000.000551,1000.000523,1000.000495,1000.000470,1000.000446,1000.000425,1000.000406,1000.000388,1000.000371,1000.000356,1000.000342,1000.000331,1000.000320,1000.000312,1000.000305,1000.000299,1000.000295,1000.000292,1000.000291,1000.000290,1000.000291,1000.000292,1000.000295,1000.000299,1000.000305,1000.000312,1000.000320,1000.000331,1000.000342,1000.000356,1000.000371,1000.000388,1000.000406,1000.000425,1000.000446,1000.000470,1000.000495,1000.000523,1000.000551,1000.000576,1000.000594,1000.000600,1000.000591,1000.000566,1000.000523,1000.000468,1000.000405,1000.000343,1000.000281,1000.000217,1000.000143,0.000000,0.000000,0.000000,0.000000,0.000000,0.000000,0.000000,0.000000,0.000000,0.000000,0.000000,0.000000,0.000000,0.000000,0.000000,0.000000,0.000000,0.000000,0.000000,0.000000
0.000000,0.000000,0.000000,0.000000,0.000000,0.000000,0.000000,0.000000,0.000000,0.000000,0.000000,0.000000,0.000000,0.000000,0.000000,0.000000,0.000000,0.000000,0.000000,1000.000160,1000.000235,1000.000301,1000.000363,1000.000427,1000.000488,1000.000542,1000.000582,1000.000598,1000.000594,1000.000577,1000.000552,1000.000523,1000.000493,1000.000465,1000.000439,1000.000414,1000.000391,1000.000370,1000.000350,1000.000332,1000.000315,1000.000300,1000.000286,1000.000275,1000.000264,1000.000255,1000.000248,1000.000242,1000.000238,1000.000235,1000.000233,1000.000232,1000.000233,1000.000235,1000.000238,1000.000242,1000.000248,1000.000255,1000.000264,1000.000275,1000.000286,1000.000300,1000.000315,1000.000332,1000.000350,1000.000370,1000.000391,1000.000414,1000.000439,1000.000465,1000.000493,1000.000523,1000.000552,1000.000577,1000.000594,1000.000598,1000.000582,1000.000542,1000.000488,1000.000427,1000.000363,1000.000301,1000.000235,1000.000160,0.000000,0.000000,0.000000,0.000000,0.000000,0.000000,0.000000,0.000000,0.000000,0.000000,0.000000,0.000000,0.000000,0.000000,0.000000,0.000000,0.000000,0.000000,0.000000
0.000000,0.000000,0.000000,0.000000,0.000000,0.000000,0.000000,0.000000,0.000000,0.000000,0.000000,0.000000,0.000000,0.000000,0.000000,0.000000,0.000000,0.000000,1000.000170,1000.000248,1000.000316,1000.000383,1000.000448,1000.000507,1000.000557,1000.000590,1000.000599,1000.000584,1000.000557,1000.000527,1000.000496,1000.000466,1000.000437,1000.000410,1000.000384,1000.000360,1000.000337,1000.000315,1000.000295,1000.000277,1000.000261,1000.000245,1000.000232,1000.000220,1000.000209,1000.000200,1000.000193,1000.000187,1000.000182,1000.000179,1000.000177,1000.000177,1000.000177,1000.000179,1000.000182,1000.000187,1000.000193,1000.000200,1000.000209,1000.000220,1000.000232,1000.000245,1000.000261,1000.000277,1000.000295,1000.000315,1000.000337,1000.000360,1000.000384,1000.000410,1000.000437,1000.000466,1000.000496,1000.000527,1000.000557,1000.000584,1000.000599,1000.000590,1000.000557,1000.000507,1000.000448,1000.000383,1000.000316,1000.000248,1000.000170,0.000000,0.000000,0.000000,0.000000,0.000000,0.000000,0.000000,0.000000,0.000000,0.000000,0.000000,0.000000,0.000000,0.000000,0.000000,0.000000,0.000000,0.000000
0.000000,0.000000,0.000000,0.000000,0.000000,0.000000,0.000000,0.000000,0.000000,0.000000,0.000000,0.000000,0.000000,0.000000,0.000000,0.000000,0.000000,1000.000175,1000.000256,1000.000327,1000.000396,1000.000466,1000.000526,1000.000571,1000.000596,1000.000598,1000.000576,1000.000542,1000.000506,1000.000472,1000.000441,1000.000412,1000.000384,1000.000357,1000.000331,1000.000306,1000.000283,1000.000262,1000.000242,1000.000224,1000.000207,1000.000192,1000.000178,1000.000166,1000.000156,1000.000147,1000.000139,1000.000133,1000.000128,1000.000125,1000.000123,1000.000122,1000.000123,1000.000125,1000.000128,1000.000133,1000.000139,1000.000147,1000.000156,1000.000166,1000.000178,1000.000192,1000.000207,1000.000224,1000.000242,1000.000262,1000.000283,1000.000306,1000.000331,1000.000357,1000.000384,1000.000412,1000.000441,1000.000472,1000.000506,1000.000542,1000.000576,1000.000598,1000.000596,1000.000571,1000.000526,1000.000466,1000.000396,1000.000327,1000.000256,1000.000175,0.000000,0.000000,0.000000,0.000000,0.000000,0.000000,0.000000,0.000000,0.000000,0.000000,0.000000,0.000000,0.000000,0.000000,0.000000,0.000000,0.000000
0.000000,0.000000,0.000000,0.000000,0.000000,0.000000,0.000000,0.000000,0.000000,0.000000,0.000000,0.000000,0.000000,0.000000,0.000000,0.000000,1000.000177,1000.000259,1000.000332,1000.000404,1000.000475,1000.000538,1000.000582,1000.000599,1000.000591,1000.000567,1000.000531,1000.000491,1000.000454,1000.000421,1000.000391,1000.000360,1000.000332,1000.000304,1000.000279,1000.000254,1000.000232,1000.000210,1000.000190,1000.000172,1000.000155,1000.000140,1000.000127,1000.000114,1000.000104,1000.000095,1000.000087,1000.000081,1000.000076,1000.000072,1000.000070,1000.000070,1000.000070,1000.000072,1000.000076,1000.000081,1000.000087,1000.000095,1000.000104,1000.000114,1000.000127,1000.000140,1000.000155,1000.000172,1000.000190,1000.000210,1000.000232,1000.000254,1000.000279,1000.000304,1000.000332,1000.000360,1000.000391,1000.000421,1000.000454,1000.000491,1000.000531,1000.000567,1000.000591,1000.000599,1000.000582,1000.000538,1000.000475,1000.000404,1000.000332,1000.000259,1000.000177,0.000000,0.000000,0.000000,0.000000,0.000000,0.000000,0.000000,0.000000,0.000000,0.000000,0.000000,0.000000,0.000000,0.000000,0.000000,0.000000
0.000000,0.000000,0.000000,0.000000,0.000000,0.000000,0.000000,0.000000,0.000000,0.000000,0.000000,0.000000,0.000000,0.000000,0.000000,1000.000175,1000.000259,1000.000334,1000.000407,1000.000480,1000.000543,1000.000586,1000.000599,1000.000583,1000.000553,1000.000517,1000.000478,1000.000440,1000.000405,1000.000372,1000.000340,1000.000310,1000.000281,1000.000254,1000.000228,1000.000204,1000.000181,1000.000160,1000.000140,1000.000122,1000.000105,1000.000090,1000.000076,1000.000064,1000.000053,1000.000044,1000.000036,1000.000030,1000.000025,1000.000022,1000.000019,1000.000019,1000.000019,1000.000022,1000.000025,1000.000030,1000.000036,1000.000044,1000.000053,1000.000064,1000.000076,1000.000090,1000.000105,1000.000122,1000.000140,1000.000160,1000.000181,1000.000204,1000.000228,1000.000254,1000.000281,1000.000310,1000.000340,1000.000372,1000.000405,1000.000440,1000.000478,1000.000517,1000.000553,1000.000583,1000.000599,1000.000586,1000.000543,1000.000480,1000.000407,1000.000334,1000.000259,1000.000175,0.000000,0.000000,0.000000,0.000000,0.000000,0.000000,0.000000,0.000000,0.000000,0.000000,0.000000,0.000000,0.000000,0.000000,0.000000
0.000000,0.000000,0.000000,0.000000,0.000000,0.000000,0.000000,0.000000,0.000000,0.000000,0.000000,0.000000,0.000000,0.000000,1000.000170,1000.000256,1000.000332,1000.000407,1000.000481,1000.000545,1000.000589,1000.000599,1000.000579,1000.000543,1000.000503,1000.000464,1000.000427,1000.000391,1000.000357,1000.000323,1000.000291,1000.000261,1000.000232,1000.000205,1000.000179,1000.000155,1000.000132,1000.000111,1000.000091,1000.000073,1000.000056,1000.000041,1000.000027,1000.000015,1000.000004,999.999995,999.999987,999.999981,999.999976,999.999972,999.999970,999.999969,999.999970,999.999972,999.999976,999.999981,999.999987,999.999995,1000.000004,1000.000015,1000.000027,1000.000041,1000.000056,1000.000073,1000.000091,1000.000111,1000.000132,1000.000155,1000.000179,1000.000205,1000.000232,1000.000261,1000.000291,1000.000323,1000.000357,1000.000391,1000.000427,1000.000464,1000.000503,1000.000543,1000.000579,1000.000599,1000.000589,1000.000545,1000.000481,1000.000407,1000.000332,1000.000256,1000.000170,0.000000,0.000000,0.000000,0.000000,0.000000,0.000000,0.000000,0.000000,0.000000,0.000000,0.000000,0.000000,0.000000,0.000000
0.000000,0.000000,0.000000,0.000000,0.000000,0.000000,0.000000,0.000000,0.000000,0.000000,0.000000,0.000000,0.000000,1000.000160,1000.000248,1000.000327,1000.000404,1000.000480,1000.000545,1000.000589,1000.000599,1000.000577,1000.000539,1000.000496,1000.000454,1000.000416,1000.000380,1000.000343,1000.000308,1000.000275,1000.000243,1000.000213,1000.000185,1000.000157,1000.000132,1000.000107,1000.000085,1000.000063,1000.000044,1000.000025,1000.000009,999.999993,999.999980,999.999967,999.999956,999.999947,999.999939,999.999933,999.999928,999.999924,999.999922,999.999921,999.999922,999.999924,999.999928,999.999933,999.999939,999.999947,999.999956,999.999967,999.999980,999.999993,1000.000009,1000.000025,1000.000044,1000.000063,1000.000085,1000.000107,1000.000132,1000.000157,1000.000185,1000.000213,1000.000243,1000.000275,1000.000308,1000.000343,1000.000380,1000.000416,1000.000454,1000.000496,1000.000539,1000.000577,1000.000599,1000.000589,1000.000545,1000.000480,1000.000404,1000.000327,1000.000248,1000.000160,0.000000,0.000000,0.000000,0.000000,0.000000,0.000000,0.000000,0.000000,0.000000,0.000000,0.000000,0.000000,0.000000
0.000000,0.000000,0.000000,0.000000,0.000000,0.000000,0.000000,0.000000,0.000000,0.000000,0.000000,0.000000,1000.000143,1000.000235,1000.000316,1000.000396,1000.000475,1000.000543,1000.000589,1000.000599,1000.000577,1000.000538,1000.000492,1000.000448,1000.000409,1000.000371,1000.000333,1000.000297,1000.000262,1000.000229,1000.000197,1000.000167,1000.000138,1000.000111,1000.000086,1000.000061,1000.000039,1000.000017,999.999998,999.999979,999.999962,999.999947,999.999933,999.999921,999.999910,999.999901,999.999893,999.999886,999.999881,999.999878,999.999876,999.999875,999.999876,999.999878,999.999881,999.999886,999.999893,999.999901,999.999910,999.999921,999.999933,999.999947,999.999962,999.999979,999.999998,1000.000017,1000.000039,1000.000061,1000.000086,1000.000111,1000.000138,1000.000167,1000.000197,1000.000229,1000.000262,1000.000297,1000.000333,1000.000371,1000.000409,1000.000448,1000.000492,1000.000538,1000.000577,1000.000599,1000.000589,1000.000543,1000.000475,1000.000396,1000.000316,1000.000235,1000.000143,0.000000,0.000000,0.000000,0.000000,0.000000,0.000000,0.000000,0.000000,0.000000,0.000000,0.000000,0.000000
0.000000,0.000000,0.000000,0.000000,0.000000,0.000000,0.000000,0.000000,0.000000,0.000000,0.000000,1000.000123,1000.000217,1000.000301,1000.000383,1000.000466,1000.000538,1000.000586,1000.000599,1000.000577,1000.000538,1000.000491,1000.000446,1000.000405,1000.000365,1000.000325,1000.000288,1000.000252,1000.000217,1000.000184,1000.000153,1000.000122,1000.000094,1000.000067,1000.000041,1000.000017,999.999994,999.999973,999.999953,999.999935,999.999918,999.999902,999.999889,999.999876,999.999865,999.999856,999.999848,999.999842,999.999836,999.999833,999.999831,999.999830,999.999831,999.999833,999.999836,999.999842,999.999848,999.999856,999.999865,999.999876,999.999889,999.999902,999.999918,999.999935,999.999953,999.999973,999.999994,1000.000017,1000.000041,1000.000067,1000.000094,1000.000122,1000.000153,1000.000184,1000.000217,1000.000252,1000.000288,1000.000325,1000.000365,1000.000405,1000.000446,1000.000491,1000.000538,1000.000577,1000.000599,1000.000586,1000.000538,1000.000466,1000.000383,1000.000301,1000.000217,1000.000123,0.000000,0.000000,0.000000,0.000000,0.000000,0.000000,0.000000,0.000000,0.000000,0.000000,0.000000
0.000000,0.000000,0.000000,0.000000,0.000000,0.000000,0.000000,0.000000,0.000000,0.000000,0.000000,1000.000193,1000.000281,1000.000363,1000.000448,1000.000526,1000.000582,1000.000599,1000.000579,1000.000539,1000.000492,1000.000446,1000.000403,1000.000362,1000.000321,1000.000282,1000.000245,1000.000209,1000.000174,1000.000141,1000.000109,1000.000079,1000.000051,1000.000023,999.999998,999.999973,999.999951,999.999929,999.999910,999.999891,999.999875,999.999859,999.999845,999.999833,999.999822,999.999813,999.999805,999.999798,999.999793,999.999789,999.999787,999.999787,999.999787,999.999789,999.999793,999.999798,999.999805,999.999813,999.999822,999.999833,999.999845,999.999859,999.999875,999.999891,999.999910,999.999929,999.999951,999.999973,999.999998,1000.000023,1000.000051,1000.000079,1000.000109,1000.000141,1000.000174,1000.000209,1000.000245,1000.000282,1000.000321,1000.000362,1000.000403,1000.000446,1000.000492,1000.000539,1000.000579,1000.000599,1000.000582,1000.000526,1000.000448,1000.000363,1000.000281,1000.000193,0.000000,0.000000,0.000000,0.000000,0.000000,0.000000,0.000000,0.000000,0.000000,0.000000,0.000000
0.000000,0.000000,0.000000,0.000000,0.000000,0.000000,0.000000,0.000000,0.000000,0.000000,1000.000167,1000.000260,1000.000343,1000.000427,1000.000507,1000.000571,1000.000599,1000.000583,1000.000543,1000.000496,1000.000448,1000.000405,1000.000362,1000.000320,1000.000279,1000.000240,1000.000203,1000.000167,1000.000132,1000.000099,1000.000068,1000.000037,1000.000009,999.999982,999.999956,999.999932,999.999909,999.999888,999.999868,999.999850,999.999833,999.999817,999.999804,999.999791,999.999780,999.999771,999.999763,999.999756,999.999751,999.999748,999.999745,999.999745,999.999745,999.999748,999.999751,999.999756,999.999763,999.999771,999.999780,999.999791,999.999804,999.999817,999.999833,999.999850,999.999868,999.999888,999.999909,999.999932,999.999956,999.999982,1000.000009,1000.000037,1000.000068,1000.000099,1000.000132,1000.000167,1000.000203,1000.000240,1000.000279,1000.000320,1000.000362,1000.000405,1000.000448,1000.000496,1000.000543,1000.000583,1000.000599,1000.000571,1000.000507,1000.000427,1000.000343,1000.000260,1000.000167,0.000000,0.000000,0.000000,0.000000,0.000000,0.000000,0.000000,0.000000,0.000000,0.000000
0.000000,0.000000,0.000000,0.000000,0.000000,0.000000,0.000000,0.000000,0.000000,1000.000138,1000.000234,1000.000321,1000.000405,1000.000488,1000.000557,1000.000596,1000.000591,1000.000553,1000.000503,1000.000454,1000.000409,1000.000365,1000.000321,1000.000279,1000.000239,1000.000200,1000.000162,1000.000126,1000.000092,1000.000059,1000.000027,999.999997,999.999968,999.999941,999.999916,999.999891,999.999869,999.999847,999.999828,999.999809,999.999792,999.999777,999.999763,999.999751,999.999740,999.999730,999.999722,999.999716,999.999711,999.999707,999.999705,999.999704,999.999705,999.999707,999.999711,999.999716,999.999722,999.999730,999.999740,999.999751,999.999763,999.999777,999.999792,999.999809,999.999828,999.999847,999.999869,999.999891,999.999916,999.999941,999.999968,999.999997,1000.000027,1000.000059,1000.000092,1000.000126,1000.000162,1000.000200,1000.000239,1000.000279,1000.000321,1000.000365,1000.000409,1000.000454,1000.000503,1000.000553,1000.000591,1000.000596,1000.000557,1000.000488,1000.000405,1000.000321,1000.000234,1000.000138,0.000000,0.000000,0.000000,0.000000,0.000000,0.000000,0.000000,0.000000,0.000000
0.000000,0.000000,0.000000,0.000000,0.000000,0.000000,0.000000,0.000000,0.000000,1000.000200,1000.000292,1000.000380,1000.000468,1000.000542,1000.000590,1000.000598,1000.000567,1000.000517,1000.000464,1000.000416,1000.000371,1000.000325,1000.000282,1000.000240,1000.000200,1000.000161,1000.000123,1000.000088,1000.000053,1000.000020,999.999988,999.999958,999.999930,999.999902,999.999877,999.999853,999.999830,999.999809,999.999789,999.999770,999.999754,999.999738,999.999724,999.999712,999.999701,999.999692,999.999684,999.999677,999.999672,999.999668,999.999666,999.999665,999.999666,999.999668,999.999672,999.999677,999.999684,999.999692,999.999701,999.999712,999.999724,999.999738,999.999754,999.999770,999.999789,999.999809,999.999830,999.999853,999.999877,999.999902,999.999930,999.999958,999.999988,1000.000020,1000.000053,1000.000088,1000.000123,1000.000161,1000.000200,1000.000240,1000.000282,1000.000325,1000.000371,1000.000416,1000.000464,1000.000517,1000.000567,1000.000598,1000.000590,1000.000542,1000.000468,1000.000380,1000.000292,1000.000200,0.000000,0.000000,0.000000,0.000000,0.000000,0.000000,0.000000,0.000000,0.000000
0.000000,0.000000,0.000000,0.000000,0.000000,0.000000,0.000000,0.000000,1000.000161,1000.000260,1000.000349,1000.000439,1000.000523,1000.000582,1000.000599,1000.000576,1000.000531,1000.000478,1000.000427,1000.000380,1000.000333,1000.000288,1000.000245,1000.000203,1000.000162,1000.000123,1000.000086,1000.000050,1000.000016,999.999983,999.999951,999.999921,999.999892,999.999865,999.999839,999.999815,999.999792,999.999771,999.999751,999.999733,999.999716,999.999701,999.999687,999.999675,999.999664,999.999654,999.999646,999.999639,999.999634,999.999631,999.999629,999.999628,999.999629,999.999631,999.999634,999.999639,999.999646,999.999654,999.999664,999.999675,999.999687,999.999701,999.999716,999.999733,999.999751,999.999771,999.999792,999.999815,999.999839,999.999865,999.999892,999.999921,999.999951,999.999983,1000.000016,1000.000050,1000.000086,1000.000123,1000.000162,1000.000203,1000.000245,1000.000288,1000.000333,1000.000380,1000.000427,1000.000478,1000.000531,1000.000576,1000.000599,1000.000582,1000.000523,1000.000439,1000.000349,1000.000260,1000.000161,0.000000,0.000000,0.000000,0.000000,0.000000,0.000000,0.000000,0.000000
0.000000,0.000000,0.000000,0.000000,0.000000,0.000000,0.000000,0.000000,1000.000217,1000.000311,1000.000403,1000.000493,1000.000566,1000.000598,1000.000584,1000.000542,1000.000491,1000.000440,1000.000391,1000.000343,1000.000297,1000.000252,1000.000209,1000.000167,1000.000126,1000.000088,1000.000050,1000.000014,999.999980,999.999947,999.999915,999.999885,999.999856,999.999829,999.999803,999.999779,999.999757,999.999735,999.999715,999.999697,999.999680,999.999665,999.999651,999.999639,999.999628,999.999618,999.999610,999.999604,999.999598,999.999595,999.999593,999.999592,999.999593,999.999595,999.999598,999.999604,999.999610,999.999618,999.999628,999.999639,999.999651,999.999665,999.999680,999.999697,999.999715,999.999735,999.999757,999.999779,999.999803,999.999829,999.999856,999.999885,999.999915,999.999947,999.999980,1000.000014,1000.000050,1000.000088,1000.000126,1000.000167,1000.000209,1000.000252,1000.000297,1000.000343,1000.000391,1000.000440,1000.000491,1000.000542,1000.000584,1000.000598,1000.000566,1000.000493,1000.000403,1000.000311,1000.000217,0.000000,0.000000,0.000000,0.000000,0.000000,0.000000,0.000000,0.000000
0.000000,0.000000,0.000000,0.000000,0.000000,0.000000,0.000000,1000.000169,1000.000271,1000.000362,1000.000455,1000.000538,1000.000591,1000.000594,1000.000557,1000.000506,1000.000454,1000.000405,1000.000357,1000.000308,1000.000262,1000.000217,1000.000174,1000.000132,1000.000092,1000.000053,1000.000016,999.999980,999.999945,999.999912,999.999881,999.999850,999.999822,999.999795,999.999769,999.999745,999.999722,999.999701,999.999681,999.999663,999.999646,999.999630,999.999617,999.999604,999.999593,999.999584,999.999576,999.999569,999.999564,999.999560,999.999558,999.999557,999.999558,999.999560,999.999564,999.999569,999.999576,999.999584,999.999593,999.999604,999.999617,999.999630,999.999646,999.999663,999.999681,999.999701,999.999722,999.999745,999.999769,999.999795,999.999822,999.999850,999.999881,999.999912,999.999945,999.999980,1000.000016,1000.000053,1000.000092,1000.000132,1000.000174,1000.000217,1000.000262,1000.000308,1000.000357,1000.000405,1000.000454,1000.000506,1000.000557,1000.000594,1000.000591,1000.000538,1000.000455,1000.000362,1000.000271,1000.000169,0.000000,0.000000,0.000000,0.000000,0.000000,0.000000,0.000000
0.000000,0.000000,0.000000,0.000000,0.000000,0.000000,0.000000,1000.000222,1000.000318,1000.000411,1000.000502,1000.000573,1000.000600,1000.000577,1000.000527,1000.000472,1000.000421,1000.000372,1000.000323,1000.000275,1000.000229,1000.000184,1000.000141,1000.000099,1000.000059,1000.000020,999.999983,999.999947,999.999912,999.999879,999.999848,999.999817,999.999789,999.999762,999.999736,999.999712,999.999689,999.999668,999.999648,999.999630,999.999613,999.999597,999.999584,999.999571,999.999560,999.999551,999.999543,999.999536,999.999531,999.999527,999.999525,999.999524,999.999525,999.999527,999.999531,999.999536,999.999543,999.999551,999.999560,999.999571,999.999584,999.999597,999.999613,999.999630,999.999648,999.999668,999.999689,999.999712,999.999736,999.999762,999.999789,999.999817,999.999848,999.999879,999.999912,999.999947,999.999983,1000.000020,1000.000059,1000.000099,1000.000141,1000.000184,1000.000229,1000.000275,1000.000323,1000.000372,1000.000421,1000.000472,1000.000527,1000.000577,1000.000600,1000.000573,1000.000502,1000.000411,1000.000318,1000.000222,0.000000,0.000000,0.000000,0.000000,0.000000,0.000000,0.000000
0.000000,0.000000,0.000000,0.000000,0.000000,0.000000,1000.000170,1000.000273,1000.000366,1000.000459,1000.000543,1000.000594,1000.000594,1000.000552,1000.000496,1000.000441,1000.000391,1000.000340,1000.000291,1000.000243,1000.000197,1000.000153,1000.000109,1000.000068,1000.000027,999.999988,999.999951,999.999915,999.999881,999.999848,999.999816,999.999786,999.999757,999.999730,999.999704,999.999680,999.999658,999.999636,999.999616,999.999598,999.999581,999.999566,999.999552,999.999540,999.999529,999.999519,999.999511,999.999504,999.999499,999.999496,999.999493,999.999493,999.999493,999.999496,999.999499,999.999504,999.999511,999.999519,999.999529,999.999540,999.999552,999.999566,999.999581,999.999598,999.999616,999.999636,999.999658,999.999680,999.999704,999.999730,999.999757,999.999786,999.999816,999.999848,999.999881,999.999915,999.999951,999.999988,1000.000027,1000.000068,1000.000109,1000.000153,1000.000197,1000.000243,1000.000291,1000.000340,1000.000391,1000.000441,1000.000496,1000.000552,1000.000594,1000.000594,1000.000543,1000.000459,1000.000366,1000.000273,1000.000170,0.000000,0.000000,0.000000,0.000000,0.000000,0.000000
0.000000,0.000000,0.000000,0.000000,0.000000,0.000000,1000.000219,1000.000317,1000.000411,1000.000503,1000.000575,1000.000601,1000.000576,1000.000523,1000.000466,1000.000412,1000.000360,1000.000310,1000.000261,1000.000213,1000.000167,1000.000122,1000.000079,1000.000037,999.999997,999.999958,999.999921,999.999885,999.999850,999.999817,999.999786,999.999756,999.999727,999.999700,999.999674,999.999650,999.999627,999.999606,999.999586,999.999568,999.999551,999.999536,999.999522,999.999509,999.999498,999.999489,999.999481,999.999474,999.999469,999.999466,999.999463,999.999463,999.999463,999.999466,999.999469,999.999474,999.999481,999.999489,999.999498,999.999509,999.999522,999.999536,999.999551,999.999568,999.999586,999.999606,999.999627,999.999650,999.999674,999.999700,999.999727,999.999756,999.999786,999.999817,999.999850,999.999885,999.999921,999.999958,999.999997,1000.000037,1000.000079,1000.000122,1000.000167,1000.000213,1000.000261,1000.000310,1000.000360,1000.000412,1000.000466,1000.000523,1000.000576,1000.000601,1000.000575,1000.000503,1000.000411,1000.000317,1000.000219,0.000000,0.000000,0.000000,0.000000,0.000000,0.000000
0.000000,0.000000,0.000000,0.000000,0.000000,1000.000162,1000.000266,1000.000361,1000.000456,1000.000542,1000.000594,1000.000594,1000.000551,1000.000493,1000.000437,1000.000384,1000.000332,1000.000281,1000.000232,1000.000185,1000.000138,1000.000094,1000.000051,1000.000009,999.999968,999.999930,999.999892,999.999856,999.999822,999.999789,999.999757,999.999727,999.999699,999.999671,999.999646,999.999622,999.999599,999.999578,999.999558,999.999539,999.999523,999.999507,999.999493,999.999481,999.999470,999.999460,999.999452,999.999446,999.999441,999.999437,999.999435,999.999434,999.999435,999.999437,999.999441,999.999446,999.999452,999.999460,999.999470,999.999481,999.999493,999.999507,999.999523,999.999539,999.999558,999.999578,999.999599,999.999622,999.999646,999.999671,999.999699,999.999727,999.999757,999.999789,999.999822,999.999856,999.999892,999.999930,999.999968,1000.000009,1000.000051,1000.000094,1000.000138,1000.000185,1000.000232,1000.000281,1000.000332,1000.000384,1000.000437,1000.000493,1000.000551,1000.000594,1000.000594,1000.000542,1000.000456,1000.000361,1000.000266,1000.000162,0.000000,0.000000,0.000000,0.000000,0.000000
0.000000,0.000000,0.000000,0.000000,0.000000,1000.000206,1000.000306,1000.000403,1000.000498,1000.000572,1000.000600,1000.000576,1000.000523,1000.000465,1000.000410,1000.000357,1000.000304,1000.000254,1000.000205,1000.000157,1000.000111,1000.000067,1000.000023,999.999982,999.999941,999.999902,999.999865,999.999829,999.999795,999.999762,999.999730,999.999700,999.999671,999.999644,999.999619,999.999594,999.999572,999.999550,999.999531,999.999512,999.999495,999.999480,999.999466,999.999454,999.999443,999.999433,999.999425,999.999419,999.999413,999.999410,999.999408,999.999407,999.999408,999.999410,999.999413,999.999419,999.999425,999.999433,999.999443,999.999454,999.999466,999.999480,999.999495,999.999512,999.999531,999.999550,999.999572,999.999594,999.999619,999.999644,999.999671,999.999700,999.999730,999.999762,999.999795,999.999829,999.999865,999.999902,999.999941,999.999982,1000.000023,1000.000067,1000.000111,1000.000157,1000.000205,1000.000254,1000.000304,1000.000357,1000.000410,1000.000465,1000.000523,1000.000576,1000.000600,1000.000572,1000.000498,1000.000403,1000.000306,1000.000206,0.000000,0.000000,0.000000,0.000000,0.000000
0.000000,0.000000,0.000000,0.000000,1000.000142,1000.000248,1000.000345,1000.000444,1000.000534,1000.000592,1000.000594,1000.000553,1000.000495,1000.000439,1000.000384,1000.000331,1000.000279,1000.000228,1000.000179,1000.000132,1000.000086,1000.000041,999.999998,999.999956,999.999916,999.999877,999.999839,999.999803,999.999769,999.999736,999.999704,999.999674,999.999646,999.999619,999.999593,999.999569,999.999546,999.999525,999.999505,999.999487,999.999470,999.999454,999.999440,999.999428,999.999417,999.999408,999.999399,999.999393,999.999388,999.999384,999.999382,999.999381,999.999382,999.999384,999.999388,999.999393,999.999399,999.999408,999.999417,999.999428,999.999440,999.999454,999.999470,999.999487,999.999505,999.999525,999.999546,999.999569,999.999593,999.999619,999.999646,999.999674,999.999704,999.999736,999.999769,999.999803,999.999839,999.999877,999.999916,999.999956,999.999998,1000.000041,1000.000086,1000.000132,1000.000179,1000.000228,1000.000279,1000.000331,1000.000384,1000.000439,1000.000495,1000.000553,1000.000594,1000.000592,1000.000534,1000.000444,1000.000345,1000.000248,1000.000142,0.000000,0.000000,0.000000,0.000000
0.000000,0.000000,0.000000,0.000000,1000.000181,1000.000283,1000.000381,1000.000480,1000.000562,1000.000599,1000.000579,1000.000528,1000.000470,1000.000414,1000.000360,1000.000306,1000.000254,1000.000204,1000.000155,1000.000107,1000.000061,1000.000017,999.999973,999.999932,999.999891,999.999853,999.999815,999.999779,999.999745,999.999712,999.999680,999.999650,999.999622,999.999594,999.999569,999.999545,999.999522,999.999501,999.999481,999.999462,999.999446,999.999430,999.999416,999.999404,999.999393,999.999383,999.999375,999.999369,999.999364,999.999360,999.999358,999.999357,999.999358,999.999360,999.999364,999.999369,999.999375,999.999383,999.999393,999.999404,999.999416,999.999430,999.999446,999.999462,999.999481,999.999501,999.999522,999.999545,999.999569,999.999594,999.999622,999.999650,999.999680,999.999712,999.999745,999.999779,999.999815,999.999853,999.999891,999.999932,999.999973,1000.000017,1000.000061,1000.000107,1000.000155,1000.000204,1000.000254,1000.000306,1000.000360,1000.000414,1000.000470,1000.000528,1000.000579,1000.000599,1000.000562,1000.000480,1000.000381,1000.000283,1000.000181,0.000000,0.000000,0.000000,0.000000
