0.000000,0.000000,0.000000,0.000000,0.000000,0.000000,0.000000,0.000000,0.000000,0.000000,0.000000,0.000000,0.000000,0.000000,0.000000,0.000000,0.000000,0.000000,0.000000,0.000000,0.000000,0.000000,0.000000,0.000000,0.000000,0.000000,0.000000,0.000000,0.000000,0.000000,0.000000,0.000000,0.000000,0.000000,0.000000,0.000000,0.000000,0.000000,0.000000,0.000000,0.000000,0.000000,0.000000,0.000000,0.000000,0.000000,0.000000,0.000000,0.000000,0.000000,0.000000,0.000000,0.000000,0.000000,0.000000,0.000000,0.000000,0.000000,0.000000,0.000000,0.000000,0.000000,0.000000,0.000000,0.000000,0.000000,0.000000,0.000000,0.000000,0.000000,0.000000,0.000000,0.000000,0.000000,0.000000,0.000000,0.000000,0.000000,0.000000,0.000000,0.000000,0.000000,0.000000,0.000000,0.000000,0.000000,0.000000,0.000000,0.000000,0.000000,0.000000,0.000000,0.000000,0.000000,0.000000,0.000000,0.000000,0.000000,0.000000,0.000000,0.000000,0.000000,0.000000
0.000000,0.000000,0.000000,0.000000,0.000000,0.000000,0.000000,0.000000,0.000000,0.000000,0.000000,0.000000,0.000000,0.000000,0.000000,0.000000,0.000000,0.000000,0.000000,0.000000,0.000000,0.000000,0.000000,0.000000,0.000000,0.000000,0.000000,0.000000,0.000000,0.000000,0.000000,0.000000,0.000000,0.000000,0.000000,0.000000,0.000000,0.000000,0.000000,0.000000,0.000000,0.000000,0.000000,0.000000,0.000000,0.000000,0.000000,0.000000,0.000000,0.000000,0.000000,1000.000071,0.000000,0.000000,0.000000,0.000000,0.000000,0.000000,0.000000,0.000000,0.000000,0.000000,0.000000,0.000000,0.000000,0.000000,0.000000,0.000000,0.000000,0.000000,0.000000,0.000000,0.000000,0.000000,0.000000,0.000000,0.000000,0.000000,0.000000,0.000000,0.000000,0.000000,0.000000,0.000000,0.000000,0.000000,0.000000,0.000000,0.000000,0.000000,0.000000,0.000000,0.000000,0.000000,0.000000,0.000000,0.000000,0.000000,0.000000,0.000000,0.000000,0.000000,0.000000
0.000000,0.000000,0.000000,0.000000,0.000000,0.000000,0.000000,0.000000,0.000000,0.000000,0.000000,0.000000,0.000000,0.000000,0.000000,0.000000,0.000000,0.000000,0.000000,0.000000,0.000000,0.000000,0.000000,0.000000,0.000000,0.000000,0.000000,0.000000,0.000000,0.000000,0.000000,0.000000,0.000000,0.000000,0.000000,0.000000,0.000000,0.000000,0.000000,0.000000,0.000000,0.000000,1000.000129,1000.000151,1000.000161,1000.000167,1000.000170,1000.000171,1000.000171,1000.000170,1000.000169,1000.000174,1000.000169,1000.000170,1000.000171,1000.000171,1000.000170,1000.000167,1000.000161,1000.000151,1000.000129,0.000000,0.000000,0.000000,0.000000,0.000000,0.000000,0.000000,0.000000,0.000000,0.000000,0.000000,0.000000,0.000000,0.000000,0.000000,0.000000,0.000000,0.000000,0.000000,0.000000,0.000000,0.000000,0.000000,0.000000,0.000000,0.000000,0.000000,0.000000,0.000000,0.000000,0.000000,0.000000,0.000000,0.000000,0.000000,0.000000,0.000000,0.000000,0.000000,0.000000,0.000000,0.000000
0.000000,0.000000,0.000000,0.000000,0.000000,0.000000,0.000000,0.000000,0.000000,0.000000,0.000000,0.000000,0.000000,0.000000,0.000000,0.000000,0.000000,0.000000,0.000000,0.000000,0.000000,0.000000,0.000000,0.000000,0.000000,0.000000,0.000000,0.000000,0.000000,0.000000,0.000000,0.000000,0.000000,0.000000,0.000000,0.000000,0.000000,1000.000125,1000.000156,1000.000180,1000.000200,1000.000217,1000.000232,1000.000245,1000.000256,1000.000263,1000.000267,1000.000269,1000.000270,1000.000270,1000.000270,1000.000271,1000.000270,1000.000270,1000.000270,1000.000269,1000.000267,1000.000263,1000.000256,1000.000245,1000.000232,1000.000217,1000.000200,1000.000180,1000.000156,1000.000125,0.000000,0.000000,0.000000,0.000000,0.000000,0.000000,0.000000,0.000000,0.000000,0.000000,0.000000,0.000000,0.000000,0.000000,0.000000,0.000000,0.000000,0.000000,0.000000,0.000000,0.000000,0.000000,0.000000,0.000000,0.000000,0.000000,0.000000,0.000000,0.000000,0.000000,0.000000,0.000000,0.000000,0.000000,0.000000,0.000000,0.000000
0.000000,0.000000,0.000000,0.000000,0.000000,0.000000,0.000000,0.000000,0.000000,0.000000,0.000000,0.000000,0.000000,0.000000,0.000000,0.000000,0.000000,0.000000,0.000000,0.000000,0.000000,0.000000,0.000000,0.000000,0.000000,0.000000,0.000000,0.000000,0.000000,0.000000,0.000000,0.000000,0.000000,0.000000,1000.000130,1000.000166,1000.000195,1000.000224,1000.000250,1000.000273,1000.000294,1000.000312,1000.000329,1000.000342,1000.000352,1000.000358,1000.000362,1000.000364,1000.000365,1000.000366,1000.000366,1000.000366,1000.000366,1000.000366,1000.000365,1000.000364,1000.000362,1000.000358,1000.000352,1000.000342,1000.000329,1000.000312,1000.000294,1000.000273,1000.000250,1000.000224,1000.000195,1000.000166,1000.000130,0.000000,0.000000,0.000000,0.000000,0.000000,0.000000,0.000000,0.000000,0.000000,0.000000,0.000000,0.000000,0.000000,0.000000,0.000000,0.000000,0.000000,0.000000,0.000000,0.000000,0.000000,0.000000,0.000000,0.000000,0.000000,0.000000,0.000000,0.000000,0.000000,0.000000,0.000000,0.000000,0.000000,0.000000
0.000000,0.000000,0.000000,0.000000,0.000000,0.000000,0.000000,0.000000,0.000000,0.000000,0.000000,0.000000,0.000000,0.000000,0.000000,0.000000,0.000000,0.000000,0.000000,0.000000,0.000000,0.000000,0.000000,0.000000,0.000000,0.000000,0.000000,0.000000,0.000000,0.000000,0.000000,0.000000,1000.000148,1000.000188,1000.000227,1000.000259,1000.000287,1000.000316,1000.000342,1000.000365,1000.000386,1000.000406,1000.000425,1000.000438,1000.000447,1000.000452,1000.000455,1000.000457,1000.000457,1000.000458,1000.000458,1000.000458,1000.000458,1000.000458,1000.000457,1000.000457,1000.000455,1000.000452,1000.000447,1000.000438,1000.000425,1000.000406,1000.000386,1000.000365,1000.000342,1000.000316,1000.000287,1000.000259,1000.000227,1000.000188,1000.000148,0.000000,0.000000,0.000000,0.000000,0.000000,0.000000,0.000000,0.000000,0.000000,0.000000,0.000000,0.000000,0.000000,0.000000,0.000000,0.000000,0.000000,0.000000,0.000000,0.000000,0.000000,0.000000,0.000000,0.000000,0.000000,0.000000,0.000000,0.000000,0.000000,0.000000,0.000000,0.000000
0.000000,0.000000,0.000000,0.000000,0.000000,0.000000,0.000000,0.000000,0.000000,0.000000,0.000000,0.000000,0.000000,0.000000,0.000000,0.000000,0.000000,0.000000,0.000000,0.000000,0.000000,0.000000,0.000000,0.000000,0.000000,0.000000,0.000000,0.000000,0.000000,0.000000,1000.000155,1000.000200,1000.000244,1000.000280,1000.000316,1000.000348,1000.000380,1000.000409,1000.000434,1000.000456,1000.000474,1000.000491,1000.000506,1000.000516,1000.000521,1000.000524,1000.000526,1000.000526,1000.000526,1000.000526,1000.000526,1000.000526,1000.000526,1000.000526,1000.000526,1000.000526,1000.000526,1000.000524,1000.000521,1000.000516,1000.000506,1000.000491,1000.000474,1000.000456,1000.000434,1000.000409,1000.000380,1000.000348,1000.000316,1000.000280,1000.000244,1000.000200,1000.000155,0.000000,0.000000,0.000000,0.000000,0.000000,0.000000,0.000000,0.000000,0.000000,0.000000,0.000000,0.000000,0.000000,0.000000,0.000000,0.000000,0.000000,0.000000,0.000000,0.000000,0.000000,0.000000,0.000000,0.000000,0.000000,0.000000,0.000000,0.000000,0.000000,0.000000
0.000000,0.000000,0.000000,0.000000,0.000000,0.000000,0.000000,0.000000,0.000000,0.000000,0.000000,0.000000,0.000000,0.000000,0.000000,0.000000,0.000000,0.000000,0.000000,0.000000,0.000000,0.000000,0.000000,0.000000,0.000000,0.000000,0.000000,0.000000,1000.000155,1000.000203,1000.000249,1000.000290,1000.000330,1000.000369,1000.000406,1000.000439,1000.000468,1000.000493,1000.000513,1000.000527,1000.000536,1000.000542,1000.000543,1000.000542,1000.000541,1000.000540,1000.000539,1000.000539,1000.000538,1000.000538,1000.000537,1000.000537,1000.000537,1000.000538,1000.000538,1000.000539,1000.000539,1000.000540,1000.000541,1000.000542,1000.000543,1000.000542,1000.000536,1000.000527,1000.000513,1000.000493,1000.000468,1000.000439,1000.000406,1000.000369,1000.000330,1000.000290,1000.000249,1000.000203,1000.000155,0.000000,0.000000,0.000000,0.000000,0.000000,0.000000,0.000000,0.000000,0.000000,0.000000,0.000000,0.000000,0.000000,0.000000,0.000000,0.000000,0.000000,0.000000,0.000000,0.000000,0.000000,0.000000,0.000000,0.000000,0.000000,0.000000,0.000000,0.000000
0.000000,0.000000,0.000000,0.000000,0.000000,0.000000,0.000000,0.000000,0.000000,0.000000,0.000000,0.000000,0.000000,0.000000,0.000000,0.000000,0.000000,0.000000,0.000000,0.000000,0.000000,0.000000,0.000000,0.000000,0.000000,0.000000,1000.000147,1000.000199,1000.000248,1000.000291,1000.000334,1000.000376,1000.000417,1000.000456,1000.000489,1000.000515,1000.000533,1000.000544,1000.000548,1000.000547,1000.000543,1000.000536,1000.000524,1000.000514,1000.000506,1000.000502,1000.000499,1000.000498,1000.000496,1000.000495,1000.000495,1000.000494,1000.000495,1000.000495,1000.000496,1000.000498,1000.000499,1000.000502,1000.000506,1000.000514,1000.000524,1000.000536,1000.000543,1000.000547,1000.000548,1000.000544,1000.000533,1000.000515,1000.000489,1000.000456,1000.000417,1000.000376,1000.000334,1000.000291,1000.000248,1000.000199,1000.000147,0.000000,0.000000,0.000000,0.000000,0.000000,0.000000,0.000000,0.000000,0.000000,0.000000,0.000000,0.000000,0.000000,0.000000,0.000000,0.000000,0.000000,0.000000,0.000000,0.000000,0.000000,0.000000,0.000000,0.000000,0.000000,0.000000
0.000000,0.000000,0.000000,0.000000,0.000000,0.000000,0.000000,0.000000,0.000000,0.000000,0.000000,0.000000,0.000000,0.000000,0.000000,0.000000,0.000000,0.000000,0.000000,0.000000,0.000000,0.000000,0.000000,0.000000,1000.000126,1000.000183,1000.000237,1000.000285,1000.000331,1000.000376,1000.000420,1000.000460,1000.000496,1000.000524,1000.000542,1000.000548,1000.000547,1000.000540,1000.000528,1000.000515,1000.000502,1000.000489,1000.000475,1000.000462,1000.000452,1000.000446,1000.000442,1000.000439,1000.000437,1000.000435,1000.000434,1000.000434,1000.000434,1000.000435,1000.000437,1000.000439,1000.000442,1000.000446,1000.000452,1000.000462,1000.000475,1000.000489,1000.000502,1000.000515,1000.000528,1000.000540,1000.000547,1000.000548,1000.000542,1000.000524,1000.000496,1000.000460,1000.000420,1000.000376,1000.000331,1000.000285,1000.000237,1000.000183,1000.000126,0.000000,0.000000,0.000000,0.000000,0.000000,0.000000,0.000000,0.000000,0.000000,0.000000,0.000000,0.000000,0.000000,0.000000,0.000000,0.000000,0.000000,0.000000,0.000000,0.000000,0.000000,0.000000,0.000000,0.000000
0.000000,0.000000,0.000000,0.000000,0.000000,0.000000,0.000000,0.000000,0.000000,0.000000,0.000000,0.000000,0.000000,0.000000,0.000000,0.000000,0.000000,0.000000,0.000000,0.000000,0.000000,0.000000,0.000000,1000.000152,1000.000214,1000.000267,1000.000319,1000.000368,1000.000416,1000.000459,1000.000497,1000.000526,1000.000544,1000.000550,1000.000544,1000.000530,1000.000514,1000.000496,1000.000478,1000.000461,1000.000446,1000.000432,1000.000419,1000.000408,1000.000398,1000.000392,1000.000386,1000.000382,1000.000379,1000.000377,1000.000376,1000.000376,1000.000376,1000.000377,1000.000379,1000.000382,1000.000386,1000.000392,1000.000398,1000.000408,1000.000419,1000.000432,1000.000446,1000.000461,1000.000478,1000.000496,1000.000514,1000.000530,1000.000544,1000.000550,1000.000544,1000.000526,1000.000497,1000.000459,1000.000416,1000.000368,1000.000319,1000.000267,1000.000214,1000.000152,0.000000,0.000000,0.000000,0.000000,0.000000,0.000000,0.000000,0.000000,0.000000,0.000000,0.000000,0.000000,0.000000,0.000000,0.000000,0.000000,0.000000,0.000000,0.000000,0.000000,0.000000,0.000000,0.000000
0.000000,0.000000,0.000000,0.000000,0.000000,0.000000,0.000000,0.000000,0.000000,0.000000,0.000000,0.000000,0.000000,0.000000,0.000000,0.000000,0.000000,0.000000,0.000000,0.000000,0.000000,1000.000112,1000.000176,1000.000238,1000.000293,1000.000348,1000.000402,1000.000451,1000.000493,1000.000525,1000.000544,1000.000550,1000.000544,1000.000527,1000.000506,1000.000483,1000.000461,1000.000441,1000.000423,1000.000407,1000.000392,1000.000378,1000.000366,1000.000355,1000.000345,1000.000338,1000.000332,1000.000327,1000.000324,1000.000321,1000.000320,1000.000320,1000.000320,1000.000321,1000.000324,1000.000327,1000.000332,1000.000338,1000.000345,1000.000355,1000.000366,1000.000378,1000.000392,1000.000407,1000.000423,1000.000441,1000.000461,1000.000483,1000.000506,1000.000527,1000.000544,1000.000550,1000.000544,1000.000525,1000.000493,1000.000451,1000.000402,1000.000348,1000.000293,1000.000238,1000.000176,1000.000112,0.000000,0.000000,0.000000,0.000000,0.000000,0.000000,0.000000,0.000000,0.000000,0.000000,0.000000,0.000000,0.000000,0.000000,0.000000,0.000000,0.000000,0.000000,0.000000,0.000000,0.000000
0.000000,0.000000,0.000000,0.000000,0.000000,0.000000,0.000000,0.000000,0.000000,0.000000,0.000000,0.000000,0.000000,0.000000,0.000000,0.000000,0.000000,0.000000,0.000000,0.000000,1000.000131,1000.000199,1000.000256,1000.000313,1000.000371,1000.000428,1000.000479,1000.000518,1000.000542,1000.000550,1000.000544,1000.000527,1000.000504,1000.000479,1000.000453,1000.000429,1000.000408,1000.000389,1000.000371,1000.000355,1000.000339,1000.000325,1000.000313,1000.000302,1000.000293,1000.000285,1000.000279,1000.000274,1000.000270,1000.000267,1000.000266,1000.000265,1000.000266,1000.000267,1000.000270,1000.000274,1000.000279,1000.000285,1000.000293,1000.000302,1000.000313,1000.000325,1000.000339,1000.000355,1000.000371,1000.000389,1000.000408,1000.000429,1000.000453,1000.000479,1000.000504,1000.000527,1000.000544,1000.000550,1000.000542,1000.000518,1000.000479,1000.000428,1000.000371,1000.000313,1000.000256,1000.000199,1000.000131,0.000000,0.000000,0.000000,0.000000,0.000000,0.000000,0.000000,0.000000,0.000000,0.000000,0.000000,0.000000,0.000000,0.000000,0.000000,0.000000,0.000000,0.000000,0.000000,0.000000
0.000000,0.000000,0.000000,0.000000,0.000000,0.000000,0.000000,0.000000,0.000000,0.000000,0.000000,0.000000,0.000000,0.000000,0.000000,0.000000,0.000000,0.000000,0.000000,1000.000146,1000.000215,1000.000275,1000.000332,1000.000390,1000.000446,1000.000496,1000.000533,1000.000548,1000.000544,1000.000528,1000.000505,1000.000478,1000.000451,1000.000425,1000.000401,1000.000379,1000.000358,1000.000338,1000.000320,1000.000303,1000.000288,1000.000274,1000.000262,1000.000251,1000.000241,1000.000233,1000.000227,1000.000221,1000.000217,1000.000215,1000.000213,1000.000212,1000.000213,1000.000215,1000.000217,1000.000221,1000.000227,1000.000233,1000.000241,1000.000251,1000.000262,1000.000274,1000.000288,1000.000303,1000.000320,1000.000338,1000.000358,1000.000379,1000.000401,1000.000425,1000.000451,1000.000478,1000.000505,1000.000528,1000.000544,1000.000548,1000.000533,1000.000496,1000.000446,1000.000390,1000.000332,1000.000275,1000.000215,1000.000146,0.000000,0.000000,0.000000,0.000000,0.000000,0.000000,0.000000,0.000000,0.000000,0.000000,0.000000,0.000000,0.000000,0.000000,0.000000,0.000000,0.000000,0.000000,0.000000
0.000000,0.000000,0.000000,0.000000,0.000000,0.000000,0.000000,0.000000,0.000000,0.000000,0.000000,0.000000,0.000000,0.000000,0.000000,0.000000,0.000000,0.000000,1000.000155,1000.000227,1000.000289,1000.000350,1000.000410,1000.000464,1000.000509,1000.000541,1000.000549,1000.000534,1000.000510,1000.000482,1000.000453,1000.000426,1000.000400,1000.000375,1000.000351,1000.000329,1000.000308,1000.000288,1000.000270,1000.000253,1000.000238,1000.000224,1000.000212,1000.000201,1000.000191,1000.000183,1000.000176,1000.000171,1000.000167,1000.000164,1000.000162,1000.000161,1000.000162,1000.000164,1000.000167,1000.000171,1000.000176,1000.000183,1000.000191,1000.000201,1000.000212,1000.000224,1000.000238,1000.000253,1000.000270,1000.000288,1000.000308,1000.000329,1000.000351,1000.000375,1000.000400,1000.000426,1000.000453,1000.000482,1000.000510,1000.000534,1000.000549,1000.000541,1000.000509,1000.000464,1000.000410,1000.000350,1000.000289,1000.000227,1000.000155,0.000000,0.000000,0.000000,0.000000,0.000000,0.000000,0.000000,0.000000,0.000000,0.000000,0.000000,0.000000,0.000000,0.000000,0.000000,0.000000,0.000000,0.000000
0.000000,0.000000,0.000000,0.000000,0.000000,0.000000,0.000000,0.000000,0.000000,0.000000,0.000000,0.000000,0.000000,0.000000,0.000000,0.000000,0.000000,1000.000160,1000.000234,1000.000299,1000.000362,1000.000426,1000.000482,1000.000523,1000.000546,1000.000547,1000.000527,1000.000496,1000.000463,1000.000432,1000.000404,1000.000377,1000.000351,1000.000326,1000.000302,1000.000280,1000.000259,1000.000240,1000.000222,1000.000205,1000.000189,1000.000176,1000.000163,1000.000152,1000.000142,1000.000134,1000.000127,1000.000122,1000.000117,1000.000114,1000.000112,1000.000112,1000.000112,1000.000114,1000.000117,1000.000122,1000.000127,1000.000134,1000.000142,1000.000152,1000.000163,1000.000176,1000.000189,1000.000205,1000.000222,1000.000240,1000.000259,1000.000280,1000.000302,1000.000326,1000.000351,1000.000377,1000.000404,1000.000432,1000.000463,1000.000496,1000.000527,1000.000547,1000.000546,1000.000523,1000.000482,1000.000426,1000.000362,1000.000299,1000.000234,1000.000160,0.000000,0.000000,0.000000,0.000000,0.000000,0.000000,0.000000,0.000000,0.000000,0.000000,0.000000,0.000000,0.000000,0.000000,0.000000,0.000000,0.000000
0.000000,0.000000,0.000000,0.000000,0.000000,0.000000,0.000000,0.000000,0.000000,0.000000,0.000000,0.000000,0.000000,0.000000,0.000000,0.000000,1000.000161,1000.000237,1000.000303,1000.000369,1000.000435,1000.000492,1000.000533,1000.000548,1000.000542,1000.000519,1000.000485,1000.000449,1000.000415,1000.000385,1000.000357,1000.000330,1000.000303,1000.000278,1000.000255,1000.000233,1000.000212,1000.000192,1000.000174,1000.000157,1000.000142,1000.000128,1000.000116,1000.000105,1000.000095,1000.000086,1000.000079,1000.000074,1000.000069,1000.000066,1000.000064,1000.000064,1000.000064,1000.000066,1000.000069,1000.000074,1000.000079,1000.000086,1000.000095,1000.000105,1000.000116,1000.000128,1000.000142,1000.000157,1000.000174,1000.000192,1000.000212,1000.000233,1000.000255,1000.000278,1000.000303,1000.000330,1000.000357,1000.000385,1000.000415,1000.000449,1000.000485,1000.000519,1000.000542,1000.000548,1000.000533,1000.000492,1000.000435,1000.000369,1000.000303,1000.000237,1000.000161,0.000000,0.000000,0.000000,0.000000,0.000000,0.000000,0.000000,0.000000,0.000000,0.000000,0.000000,0.000000,0.000000,0.000000,0.000000,0.000000
0.000000,0.000000,0.000000,0.000000,0.000000,0.000000,0.000000,0.000000,0.000000,0.000000,0.000000,0.000000,0.000000,0.000000,0.000000,1000.000160,1000.000237,1000.000305,1000.000372,1000.000439,1000.000497,1000.000537,1000.000548,1000.000534,1000.000506,1000.000472,1000.000437,1000.000402,1000.000370,1000.000340,1000.000311,1000.000283,1000.000257,1000.000232,1000.000209,1000.000186,1000.000166,1000.000146,1000.000128,1000.000111,1000.000096,1000.000082,1000.000070,1000.000058,1000.000049,1000.000040,1000.000033,1000.000027,1000.000023,1000.000020,1000.000018,1000.000017,1000.000018,1000.000020,1000.000023,1000.000027,1000.000033,1000.000040,1000.000049,1000.000058,1000.000070,1000.000082,1000.000096,1000.000111,1000.000128,1000.000146,1000.000166,1000.000186,1000.000209,1000.000232,1000.000257,1000.000283,1000.000311,1000.000340,1000.000370,1000.000402,1000.000437,1000.000472,1000.000506,1000.000534,1000.000548,1000.000537,1000.000497,1000.000439,1000.000372,1000.000305,1000.000237,1000.000160,0.000000,0.000000,0.000000,0.000000,0.000000,0.000000,0.000000,0.000000,0.000000,0.000000,0.000000,0.000000,0.000000,0.000000,0.000000
0.000000,0.000000,0.000000,0.000000,0.000000,0.000000,0.000000,0.000000,0.000000,0.000000,0.000000,0.000000,0.000000,0.000000,1000.000155,1000.000234,1000.000303,1000.000372,1000.000440,1000.000499,1000.000539,1000.000549,1000.000530,1000.000497,1000.000460,1000.000424,1000.000390,1000.000358,1000.000326,1000.000295,1000.000266,1000.000238,1000.000212,1000.000187,1000.000164,1000.000142,1000.000121,1000.000101,1000.000083,1000.000067,1000.000051,1000.000037,1000.000025,1000.000013,1000.000004,999.999995,999.999988,999.999982,999.999978,999.999974,999.999972,999.999972,999.999972,999.999974,999.999978,999.999982,999.999988,999.999995,1000.000004,1000.000013,1000.000025,1000.000037,1000.000051,1000.000067,1000.000083,1000.000101,1000.000121,1000.000142,1000.000164,1000.000187,1000.000212,1000.000238,1000.000266,1000.000295,1000.000326,1000.000358,1000.000390,1000.000424,1000.000460,1000.000497,1000.000530,1000.000549,1000.000539,1000.000499,1000.000440,1000.000372,1000.000303,1000.000234,1000.000155,0.000000,0.000000,0.000000,0.000000,0.000000,0.000000,0.000000,0.000000,0.000000,0.000000,0.000000,0.000000,0.000000,0.000000
0.000000,0.000000,0.000000,0.000000,0.000000,0.000000,0.000000,0.000000,0.000000,0.000000,0.000000,0.000000,0.000000,1000.000146,1000.000227,1000.000299,1000.000369,1000.000439,1000.000499,1000.000540,1000.000549,1000.000528,1000.000493,1000.000453,1000.000415,1000.000380,1000.000347,1000.000314,1000.000282,1000.000251,1000.000223,1000.000195,1000.000169,1000.000144,1000.000120,1000.000098,1000.000077,1000.000058,1000.000040,1000.000023,1000.000008,999.999994,999.999981,999.999970,999.999960,999.999951,999.999944,999.999938,999.999934,999.999931,999.999929,999.999928,999.999929,999.999931,999.999934,999.999938,999.999944,999.999951,999.999960,999.999970,999.999981,999.999994,1000.000008,1000.000023,1000.000040,1000.000058,1000.000077,1000.000098,1000.000120,1000.000144,1000.000169,1000.000195,1000.000223,1000.000251,1000.000282,1000.000314,1000.000347,1000.000380,1000.000415,1000.000453,1000.000493,1000.000528,1000.000549,1000.000540,1000.000499,1000.000439,1000.000369,1000.000299,1000.000227,1000.000146,0.000000,0.000000,0.000000,0.000000,0.000000,0.000000,0.000000,0.000000,0.000000,0.000000,0.000000,0.000000,0.000000
0.000000,0.000000,0.000000,0.000000,0.000000,0.000000,0.000000,0.000000,0.000000,0.000000,0.000000,0.000000,1000.000131,1000.000215,1000.000289,1000.000362,1000.000435,1000.000497,1000.000539,1000.000549,1000.000528,1000.000492,1000.000450,1000.000410,1000.000374,1000.000339,1000.000304,1000.000271,1000.000239,1000.000209,1000.000180,1000.000153,1000.000126,1000.000102,1000.000078,1000.000056,1000.000035,1000.000016,999.999998,999.999981,999.999966,999.999952,999.999939,999.999928,999.999918,999.999909,999.999902,999.999896,999.999891,999.999888,999.999886,999.999886,999.999886,999.999888,999.999891,999.999896,999.999902,999.999909,999.999918,999.999928,999.999939,999.999952,999.999966,999.999981,999.999998,1000.000016,1000.000035,1000.000056,1000.000078,1000.000102,1000.000126,1000.000153,1000.000180,1000.000209,1000.000239,1000.000271,1000.000304,1000.000339,1000.000374,1000.000410,1000.000450,1000.000492,1000.000528,1000.000549,1000.000539,1000.000497,1000.000435,1000.000362,1000.000289,1000.000215,1000.000131,0.000000,0.000000,0.000000,0.000000,0.000000,0.000000,0.000000,0.000000,0.000000,0.000000,0.000000,0.000000
0.000000,0.000000,0.000000,0.000000,0.000000,0.000000,0.000000,0.000000,0.000000,0.000000,0.000000,1000.000112,1000.000199,1000.000275,1000.000350,1000.000426,1000.000492,1000.000537,1000.000549,1000.000528,1000.000492,1000.000449,1000.000408,1000.000370,1000.000334,1000.000297,1000.000263,1000.000230,1000.000199,1000.000168,1000.000139,1000.000112,1000.000086,1000.000061,1000.000037,1000.000015,999.999994,999.999975,999.999957,999.999940,999.999925,999.999911,999.999898,999.999887,999.999877,999.999868,999.999861,999.999855,999.999850,999.999847,999.999845,999.999844,999.999845,999.999847,999.999850,999.999855,999.999861,999.999868,999.999877,999.999887,999.999898,999.999911,999.999925,999.999940,999.999957,999.999975,999.999994,1000.000015,1000.000037,1000.000061,1000.000086,1000.000112,1000.000139,1000.000168,1000.000199,1000.000230,1000.000263,1000.000297,1000.000334,1000.000370,1000.000408,1000.000449,1000.000492,1000.000528,1000.000549,1000.000537,1000.000492,1000.000426,1000.000350,1000.000275,1000.000199,1000.000112,0.000000,0.000000,0.000000,0.000000,0.000000,0.000000,0.000000,0.000000,0.000000,0.000000,0.000000
0.000000,0.000000,0.000000,0.000000,0.000000,0.000000,0.000000,0.000000,0.000000,0.000000,0.000000,1000.000176,1000.000256,1000.000332,1000.000410,1000.000482,1000.000533,1000.000548,1000.000530,1000.000493,1000.000450,1000.000408,1000.000369,1000.000331,1000.000294,1000.000258,1000.000224,1000.000191,1000.000159,1000.000129,1000.000100,1000.000072,1000.000046,1000.000021,999.999998,999.999976,999.999955,999.999935,999.999917,999.999901,999.999885,999.999871,999.999859,999.999847,999.999837,999.999829,999.999821,999.999815,999.999811,999.999807,999.999805,999.999805,999.999805,999.999807,999.999811,999.999815,999.999821,999.999829,999.999837,999.999847,999.999859,999.999871,999.999885,999.999901,999.999917,999.999935,999.999955,999.999976,999.999998,1000.000021,1000.000046,1000.000072,1000.000100,1000.000129,1000.000159,1000.000191,1000.000224,1000.000258,1000.000294,1000.000331,1000.000369,1000.000408,1000.000450,1000.000493,1000.000530,1000.000548,1000.000533,1000.000482,1000.000410,1000.000332,1000.000256,1000.000176,0.000000,0.000000,0.000000,0.000000,0.000000,0.000000,0.000000,0.000000,0.000000,0.000000,0.000000
0.000000,0.000000,0.000000,0.000000,0.000000,0.000000,0.000000,0.000000,0.000000,0.000000,1000.000152,1000.000238,1000.000313,1000.000390,1000.000464,1000.000523,1000.000548,1000.000534,1000.000497,1000.000453,1000.000410,1000.000370,1000.000331,1000.000292,1000.000255,1000.000220,1000.000186,1000.000152,1000.000121,1000.000091,1000.000062,1000.000034,1000.000008,999.999983,999.999960,999.999937,999.999917,999.999897,999.999879,999.999862,999.999847,999.999833,999.999820,999.999809,999.999799,999.999790,999.999783,999.999777,999.999772,999.999769,999.999767,999.999766,999.999767,999.999769,999.999772,999.999777,999.999783,999.999790,999.999799,999.999809,999.999820,999.999833,999.999847,999.999862,999.999879,999.999897,999.999917,999.999937,999.999960,999.999983,1000.000008,1000.000034,1000.000062,1000.000091,1000.000121,1000.000152,1000.000186,1000.000220,1000.000255,1000.000292,1000.000331,1000.000370,1000.000410,1000.000453,1000.000497,1000.000534,1000.000548,1000.000523,1000.000464,1000.000390,1000.000313,1000.000238,1000.000152,0.000000,0.000000,0.000000,0.000000,0.000000,0.000000,0.000000,0.000000,0.000000,0.000000
0.000000,0.000000,0.000000,0.000000,0.000000,0.000000,0.000000,0.000000,0.000000,1000.000126,1000.000214,1000.000293,1000.000371,1000.000446,1000.000509,1000.000546,1000.000542,1000.000506,1000.000460,1000.000415,1000.000374,1000.000334,1000.000294,1000.000255,1000.000218,1000.000183,1000.000148,1000.000115,1000.000084,1000.000054,1000.000025,999.999997,999.999971,999.999946,999.999923,999.999901,999.999880,999.999860,999.999842,999.999826,999.999810,999.999796,999.999783,999.999772,999.999762,999.999753,999.999746,999.999740,999.999735,999.999732,999.999730,999.999729,999.999730,999.999732,999.999735,999.999740,999.999746,999.999753,999.999762,999.999772,999.999783,999.999796,999.999810,999.999826,999.999842,999.999860,999.999880,999.999901,999.999923,999.999946,999.999971,999.999997,1000.000025,1000.000054,1000.000084,1000.000115,1000.000148,1000.000183,1000.000218,1000.000255,1000.000294,1000.000334,1000.000374,1000.000415,1000.000460,1000.000506,1000.000542,1000.000546,1000.000509,1000.000446,1000.000371,1000.000293,1000.000214,1000.000126,0.000000,0.000000,0.000000,0.000000,0.000000,0.000000,0.000000,0.000000,0.000000
0.000000,0.000000,0.000000,0.000000,0.000000,0.000000,0.000000,0.000000,0.000000,1000.000183,1000.000267,1000.000348,1000.000428,1000.000496,1000.000541,1000.000547,1000.000519,1000.000472,1000.000424,1000.000380,1000.000339,1000.000297,1000.000258,1000.000220,1000.000183,1000.000147,1000.000113,1000.000080,1000.000048,1000.000018,999.999989,999.999962,999.999936,999.999911,999.999887,999.999865,999.999844,999.999825,999.999807,999.999790,999.999775,999.999761,999.999748,999.999737,999.999727,999.999718,999.999711,999.999705,999.999700,999.999697,999.999695,999.999694,999.999695,999.999697,999.999700,999.999705,999.999711,999.999718,999.999727,999.999737,999.999748,999.999761,999.999775,999.999790,999.999807,999.999825,999.999844,999.999865,999.999887,999.999911,999.999936,999.999962,999.999989,1000.000018,1000.000048,1000.000080,1000.000113,1000.000147,1000.000183,1000.000220,1000.000258,1000.000297,1000.000339,1000.000380,1000.000424,1000.000472,1000.000519,1000.000547,1000.000541,1000.000496,1000.000428,1000.000348,1000.000267,1000.000183,0.000000,0.000000,0.000000,0.000000,0.000000,0.000000,0.000000,0.000000,0.000000
0.000000,0.000000,0.000000,0.000000,0.000000,0.000000,0.000000,0.000000,1000.000147,1000.000237,1000.000319,1000.000402,1000.000479,1000.000533,1000.000549,1000.000527,1000.000485,1000.000437,1000.000390,1000.000347,1000.000304,1000.000263,1000.000224,1000.000186,1000.000148,1000.000113,1000.000079,1000.000046,1000.000014,999.999984,999.999955,999.999928,999.999901,999.999877,999.999853,999.999831,999.999810,999.999791,999.999773,999.999756,999.999740,999.999726,999.999714,999.999702,999.999692,999.999684,999.999676,999.999670,999.999666,999.999662,999.999660,999.999660,999.999660,999.999662,999.999666,999.999670,999.999676,999.999684,999.999692,999.999702,999.999714,999.999726,999.999740,999.999756,999.999773,999.999791,999.999810,999.999831,999.999853,999.999877,999.999901,999.999928,999.999955,999.999984,1000.000014,1000.000046,1000.000079,1000.000113,1000.000148,1000.000186,1000.000224,1000.000263,1000.000304,1000.000347,1000.000390,1000.000437,1000.000485,1000.000527,1000.000549,1000.000533,1000.000479,1000.000402,1000.000319,1000.000237,1000.000147,0.000000,0.000000,0.000000,0.000000,0.000000,0.000000,0.000000,0.000000
0.000000,0.000000,0.000000,0.000000,0.000000,0.000000,0.000000,0.000000,1000.000199,1000.000285,1000.000368,1000.000451,1000.000518,1000.000548,1000.000534,1000.000496,1000.000449,1000.000402,1000.000358,1000.000314,1000.000271,1000.000230,1000.000191,1000.000152,1000.000115,1000.000080,1000.000046,1000.000013,999.999981,999.999951,999.999922,999.999895,999.999868,999.999844,999.999820,999.999798,999.999777,999.999758,999.999740,999.999723,999.999708,999.999694,999.999681,999.999669,999.999659,999.999651,999.999643,999.999637,999.999633,999.999629,999.999627,999.999627,999.999627,999.999629,999.999633,999.999637,999.999643,999.999651,999.999659,999.999669,999.999681,999.999694,999.999708,999.999723,999.999740,999.999758,999.999777,999.999798,999.999820,999.999844,999.999868,999.999895,999.999922,999.999951,999.999981,1000.000013,1000.000046,1000.000080,1000.000115,1000.000152,1000.000191,1000.000230,1000.000271,1000.000314,1000.000358,1000.000402,1000.000449,1000.000496,1000.000534,1000.000548,1000.000518,1000.000451,1000.000368,1000.000285,1000.000199,0.000000,0.000000,0.000000,0.000000,0.000000,0.000000,0.000000,0.000000
0.000000,0.000000,0.000000,0.000000,0.000000,0.000000,0.000000,1000.000155,1000.000248,1000.000331,1000.000416,1000.000493,1000.000542,1000.000544,1000.000510,1000.000463,1000.000415,1000.000370,1000.000326,1000.000282,1000.000239,1000.000199,1000.000159,1000.000121,1000.000084,1000.000048,1000.000014,999.999981,999.999950,999.999920,999.999891,999.999863,999.999837,999.999812,999.999789,999.999767,999.999746,999.999726,999.999708,999.999691,999.999676,999.999662,999.999649,999.999638,999.999628,999.999619,999.999612,999.999606,999.999601,999.999598,999.999596,999.999595,999.999596,999.999598,999.999601,999.999606,999.999612,999.999619,999.999628,999.999638,999.999649,999.999662,999.999676,999.999691,999.999708,999.999726,999.999746,999.999767,999.999789,999.999812,999.999837,999.999863,999.999891,999.999920,999.999950,999.999981,1000.000014,1000.000048,1000.000084,1000.000121,1000.000159,1000.000199,1000.000239,1000.000282,1000.000326,1000.000370,1000.000415,1000.000463,1000.000510,1000.000544,1000.000542,1000.000493,1000.000416,1000.000331,1000.000248,1000.000155,0.000000,0.000000,0.000000,0.000000,0.000000,0.000000,0.000000
0.000000,0.000000,0.000000,0.000000,0.000000,0.000000,0.000000,1000.000203,1000.000291,1000.000376,1000.000459,1000.000525,1000.000550,1000.000528,1000.000482,1000.000432,1000.000385,1000.000340,1000.000295,1000.000251,1000.000209,1000.000168,1000.000129,1000.000091,1000.000054,1000.000018,999.999984,999.999951,999.999920,999.999889,999.999860,999.999833,999.999807,999.999782,999.999759,999.999736,999.999716,999.999696,999.999678,999.999661,999.999646,999.999632,999.999619,999.999608,999.999598,999.999589,999.999582,999.999576,999.999571,999.999568,999.999566,999.999565,999.999566,999.999568,999.999571,999.999576,999.999582,999.999589,999.999598,999.999608,999.999619,999.999632,999.999646,999.999661,999.999678,999.999696,999.999716,999.999736,999.999759,999.999782,999.999807,999.999833,999.999860,999.999889,999.999920,999.999951,999.999984,1000.000018,1000.000054,1000.000091,1000.000129,1000.000168,1000.000209,1000.000251,1000.000295,1000.000340,1000.000385,1000.000432,1000.000482,1000.000528,1000.000550,1000.000525,1000.000459,1000.000376,1000.000291,1000.000203,0.000000,0.000000,0.000000,0.000000,0.000000,0.000000,0.000000
0.000000,0.000000,0.000000,0.000000,0.000000,0.000000,1000.000155,1000.000249,1000.000334,1000.000420,1000.000497,1000.000544,1000.000544,1000.000505,1000.000453,1000.000404,1000.000357,1000.000311,1000.000266,1000.000223,1000.000180,1000.000139,1000.000100,1000.000062,1000.000025,999.999989,999.999955,999.999922,999.999891,999.999860,999.999832,999.999804,999.999778,999.999753,999.999730,999.999708,999.999687,999.999667,999.999649,999.999632,999.999617,999.999603,999.999590,999.999579,999.999569,999.999560,999.999553,999.999547,999.999542,999.999539,999.999537,999.999536,999.999537,999.999539,999.999542,999.999547,999.999553,999.999560,999.999569,999.999579,999.999590,999.999603,999.999617,999.999632,999.999649,999.999667,999.999687,999.999708,999.999730,999.999753,999.999778,999.999804,999.999832,999.999860,999.999891,999.999922,999.999955,999.999989,1000.000025,1000.000062,1000.000100,1000.000139,1000.000180,1000.000223,1000.000266,1000.000311,1000.000357,1000.000404,1000.000453,1000.000505,1000.000544,1000.000544,1000.000497,1000.000420,1000.000334,1000.000249,1000.000155,0.000000,0.000000,0.000000,0.000000,0.000000,0.000000
0.000000,0.000000,0.000000,0.000000,0.000000,0.000000,1000.000200,1000.000290,1000.000376,1000.000460,1000.000526,1000.000550,1000.000527,1000.000478,1000.000426,1000.000377,1000.000330,1000.000283,1000.000238,1000.000195,1000.000153,1000.000112,1000.000072,1000.000034,999.999997,999.999962,999.999928,999.999895,999.999863,999.999833,999.999804,999.999777,999.999750,999.999726,999.999702,999.999680,999.999659,999.999640,999.999622,999.999605,999.999590,999.999575,999.999563,999.999551,999.999541,999.999533,999.999525,999.999519,999.999515,999.999511,999.999509,999.999509,999.999509,999.999511,999.999515,999.999519,999.999525,999.999533,999.999541,999.999551,999.999563,999.999575,999.999590,999.999605,999.999622,999.999640,999.999659,999.999680,999.999702,999.999726,999.999750,999.999777,999.999804,999.999833,999.999863,999.999895,999.999928,999.999962,999.999997,1000.000034,1000.000072,1000.000112,1000.000153,1000.000195,1000.000238,1000.000283,1000.000330,1000.000377,1000.000426,1000.000478,1000.000527,1000.000550,1000.000526,1000.000460,1000.000376,1000.000290,1000.000200,0.000000,0.000000,0.000000,0.000000,0.000000,0.000000
0.000000,0.000000,0.000000,0.000000,0.000000,1000.000148,1000.000244,1000.000330,1000.000417,1000.000496,1000.000544,1000.000544,1000.000504,1000.000451,1000.000400,1000.000351,1000.000303,1000.000257,1000.000212,1000.000169,1000.000126,1000.000086,1000.000046,1000.000008,999.999971,999.999936,999.999901,999.999868,999.999837,999.999807,999.999778,999.999750,999.999724,999.999699,999.999676,999.999654,999.999633,999.999614,999.999596,999.999579,999.999563,999.999549,999.999537,999.999525,999.999515,999.999506,999.999499,999.999493,999.999488,999.999485,999.999483,999.999482,999.999483,999.999485,999.999488,999.999493,999.999499,999.999506,999.999515,999.999525,999.999537,999.999549,999.999563,999.999579,999.999596,999.999614,999.999633,999.999654,999.999676,999.999699,999.999724,999.999750,999.999778,999.999807,999.999837,999.999868,999.999901,999.999936,999.999971,1000.000008,1000.000046,1000.000086,1000.000126,1000.000169,1000.000212,1000.000257,1000.000303,1000.000351,1000.000400,1000.000451,1000.000504,1000.000544,1000.000544,1000.000496,1000.000417,1000.000330,1000.000244,1000.000148,0.000000,0.000000,0.000000,0.000000,0.000000
0.000000,0.000000,0.000000,0.000000,0.000000,1000.000188,1000.000280,1000.000369,1000.000456,1000.000524,1000.000550,1000.000527,1000.000479,1000.000425,1000.000375,1000.000326,1000.000278,1000.000232,1000.000187,1000.000144,1000.000102,1000.000061,1000.000021,999.999983,999.999946,999.999911,999.999877,999.999844,999.999812,999.999782,999.999753,999.999726,999.999699,999.999675,999.999651,999.999629,999.999608,999.999589,999.999571,999.999554,999.999539,999.999524,999.999512,999.999500,999.999490,999.999482,999.999474,999.999468,999.999464,999.999460,999.999458,999.999457,999.999458,999.999460,999.999464,999.999468,999.999474,999.999482,999.999490,999.999500,999.999512,999.999524,999.999539,999.999554,999.999571,999.999589,999.999608,999.999629,999.999651,999.999675,999.999699,999.999726,999.999753,999.999782,999.999812,999.999844,999.999877,999.999911,999.999946,999.999983,1000.000021,1000.000061,1000.000102,1000.000144,1000.000187,1000.000232,1000.000278,1000.000326,1000.000375,1000.000425,1000.000479,1000.000527,1000.000550,1000.000524,1000.000456,1000.000369,1000.000280,1000.000188,0.000000,0.000000,0.000000,0.000000,0.000000
0.000000,0.000000,0.000000,0.000000,1000.000130,1000.000227,1000.000316,1000.000406,1000.000489,1000.000542,1000.000544,1000.000506,1000.000453,1000.000401,1000.000351,1000.000302,1000.000255,1000.000209,1000.000164,1000.000120,1000.000078,1000.000037,999.999998,999.999960,999.999923,999.999887,999.999853,999.999820,999.999789,999.999759,999.999730,999.999702,999.999676,999.999651,999.999628,999.999606,999.999585,999.999565,999.999547,999.999531,999.999515,999.999501,999.999488,999.999477,999.999467,999.999458,999.999451,999.999445,999.999440,999.999437,999.999435,999.999434,999.999435,999.999437,999.999440,999.999445,999.999451,999.999458,999.999467,999.999477,999.999488,999.999501,999.999515,999.999531,999.999547,999.999565,999.999585,999.999606,999.999628,999.999651,999.999676,999.999702,999.999730,999.999759,999.999789,999.999820,999.999853,999.999887,999.999923,999.999960,999.999998,1000.000037,1000.000078,1000.000120,1000.000164,1000.000209,1000.000255,1000.000302,1000.000351,1000.000401,1000.000453,1000.000506,1000.000544,1000.000542,1000.000489,1000.000406,1000.000316,1000.000227,1000.000130,0.000000,0.000000,0.000000,0.000000
0.000000,0.000000,0.000000,0.000000,1000.000166,1000.000259,1000.000348,1000.000439,1000.000515,1000.000548,1000.000530,1000.000483,1000.000429,1000.000379,1000.000329,1000.000280,1000.000233,1000.000186,1000.000142,1000.000098,1000.000056,1000.000015,999.999976,999.999937,999.999901,999.999865,999.999831,999.999798,999.999767,999.999736,999.999708,999.999680,999.999654,999.999629,999.999606,999.999583,999.999563,999.999543,999.999525,999.999508,999.999493,999.999479,999.999466,999.999455,999.999445,999.999436,999.999429,999.999423,999.999418,999.999415,999.999413,999.999412,999.999413,999.999415,999.999418,999.999423,999.999429,999.999436,999.999445,999.999455,999.999466,999.999479,999.999493,999.999508,999.999525,999.999543,999.999563,999.999583,999.999606,999.999629,999.999654,999.999680,999.999708,999.999736,999.999767,999.999798,999.999831,999.999865,999.999901,999.999937,999.999976,1000.000015,1000.000056,1000.000098,1000.000142,1000.000186,1000.000233,1000.000280,1000.000329,1000.000379,1000.000429,1000.000483,1000.000530,1000.000548,1000.000515,1000.000439,1000.000348,1000.000259,1000.000166,0.000000,0.000000,0.000000,0.000000
