0.000000,0.000000,0.000000,0.000000,0.000000,0.000000,0.000000,0.000000,0.000000,0.000000,0.000000,0.000000,0.000000,0.000000,0.000000,0.000000,0.000000,0.000000,0.000000,0.000000,0.000000,0.000000,0.000000,0.000000,0.000000,0.000000,0.000000,0.000000,0.000000,0.000000,0.000000,0.000000,0.000000,0.000000,0.000000,0.000000,0.000000,0.000000,0.000000,0.000000,0.000000,0.000000,0.000000,0.000000,0.000000,0.000000,0.000000,0.000000,0.000000,0.000000,0.000000,0.000000,0.000000,0.000000,0.000000,0.000000,0.000000,0.000000,0.000000,0.000000,0.000000,0.000000,0.000000,0.000000,0.000000,0.000000,0.000000,0.000000,0.000000,0.000000,0.000000,0.000000,0.000000,0.000000,0.000000,0.000000,0.000000,0.000000,0.000000,0.000000,0.000000,0.000000,0.000000,0.000000,0.000000,0.000000,0.000000,0.000000,0.000000,0.000000,0.000000,0.000000,0.000000,0.000000,0.000000,0.000000,0.000000,0.000000,0.000000,0.000000,0.000000,0.000000,0.000000
0.000000,0.000000,0.000000,0.000000,0.000000,0.000000,0.000000,0.000000,0.000000,0.000000,0.000000,0.000000,0.000000,0.000000,0.000000,0.000000,0.000000,0.000000,0.000000,0.000000,0.000000,0.000000,0.000000,0.000000,0.000000,0.000000,0.000000,0.000000,0.000000,0.000000,0.000000,0.000000,0.000000,0.000000,0.000000,0.000000,0.000000,0.000000,0.000000,0.000000,0.000000,0.000000,0.000000,0.000000,0.000000,0.000000,0.000000,0.000000,0.000000,0.000000,0.000000,1000.000082,0.000000,0.000000,0.000000,0.000000,0.000000,0.000000,0.000000,0.000000,0.000000,0.000000,0.000000,0.000000,0.000000,0.000000,0.000000,0.000000,0.000000,0.000000,0.000000,0.000000,0.000000,0.000000,0.000000,0.000000,0.000000,0.000000,0.000000,0.000000,0.000000,0.000000,0.000000,0.000000,0.000000,0.000000,0.000000,0.000000,0.000000,0.000000,0.000000,0.000000,0.000000,0.000000,0.000000,0.000000,0.000000,0.000000,0.000000,0.000000,0.000000,0.000000,0.000000
0.000000,0.000000,0.000000,0.000000,0.000000,0.000000,0.000000,0.000000,0.000000,0.000000,0.000000,0.000000,0.000000,0.000000,0.000000,0.000000,0.000000,0.000000,0.000000,0.000000,0.000000,0.000000,0.000000,0.000000,0.000000,0.000000,0.000000,0.000000,0.000000,0.000000,0.000000,0.000000,0.000000,0.000000,0.000000,0.000000,0.000000,0.000000,0.000000,0.000000,0.000000,0.000000,1000.000149,1000.000174,1000.000186,1000.000192,1000.000196,1000.000197,1000.000197,1000.000196,1000.000195,1000.000201,1000.000195,1000.000196,1000.000197,1000.000197,1000.000196,1000.000192,1000.000186,1000.000174,1000.000149,0.000000,0.000000,0.000000,0.000000,0.000000,0.000000,0.000000,0.000000,0.000000,0.000000,0.000000,0.000000,0.000000,0.000000,0.000000,0.000000,0.000000,0.000000,0.000000,0.000000,0.000000,0.000000,0.000000,0.000000,0.000000,0.000000,0.000000,0.000000,0.000000,0.000000,0.000000,0.000000,0.000000,0.000000,0.000000,0.000000,0.000000,0.000000,0.000000,0.000000,0.000000,0.000000
0.000000,0.000000,0.000000,0.000000,0.000000,0.000000,0.000000,0.000000,0.000000,0.000000,0.000000,0.000000,0.000000,0.000000,0.000000,0.000000,0.000000,0.000000,0.000000,0.000000,0.000000,0.000000,0.000000,0.000000,0.000000,0.000000,0.000000,0.000000,0.000000,0.000000,0.000000,0.000000,0.000000,0.000000,0.000000,0.000000,0.000000,1000.000144,1000.000179,1000.000208,1000.000231,1000.000250,1000.000267,1000.000283,1000.000295,1000.000303,1000.000308,1000.000310,1000.000311,1000.000312,1000.000311,1000.000312,1000.000311,1000.000312,1000.000311,1000.000310,1000.000308,1000.000303,1000.000295,1000.000283,1000.000267,1000.000250,1000.000231,1000.000208,1000.000179,1000.000144,0.000000,0.000000,0.000000,0.000000,0.000000,0.000000,0.000000,0.000000,0.000000,0.000000,0.000000,0.000000,0.000000,0.000000,0.000000,0.000000,0.000000,0.000000,0.000000,0.000000,0.000000,0.000000,0.000000,0.000000,0.000000,0.000000,0.000000,0.000000,0.000000,0.000000,0.000000,0.000000,0.000000,0.000000,0.000000,0.000000,0.000000
0.000000,0.000000,0.000000,0.000000,0.000000,0.000000,0.000000,0.000000,0.000000,0.000000,0.000000,0.000000,0.000000,0.000000,0.000000,0.000000,0.000000,0.000000,0.000000,0.000000,0.000000,0.000000,0.000000,0.000000,0.000000,0.000000,0.000000,0.000000,0.000000,0.000000,0.000000,0.000000,0.000000,0.000000,1000.000150,1000.000191,1000.000225,1000.000258,1000.000288,1000.000314,1000.000339,1000.000360,1000.000379,1000.000394,1000.000406,1000.000413,1000.000418,1000.000420,1000.000421,1000.000422,1000.000422,1000.000422,1000.000422,1000.000422,1000.000421,1000.000420,1000.000418,1000.000413,1000.000406,1000.000394,1000.000379,1000.000360,1000.000339,1000.000314,1000.000288,1000.000258,1000.000225,1000.000191,1000.000150,0.000000,0.000000,0.000000,0.000000,0.000000,0.000000,0.000000,0.000000,0.000000,0.000000,0.000000,0.000000,0.000000,0.000000,0.000000,0.000000,0.000000,0.000000,0.000000,0.000000,0.000000,0.000000,0.000000,0.000000,0.000000,0.000000,0.000000,0.000000,0.000000,0.000000,0.000000,0.000000,0.000000,0.000000
0.000000,0.000000,0.000000,0.000000,0.000000,0.000000,0.000000,0.000000,0.000000,0.000000,0.000000,0.000000,0.000000,0.000000,0.000000,0.000000,0.000000,0.000000,0.000000,0.000000,0.000000,0.000000,0.000000,0.000000,0.000000,0.000000,0.000000,0.000000,0.000000,0.000000,0.000000,0.000000,1000.000171,1000.000217,1000.000261,1000.000298,1000.000331,1000.000365,1000.000394,1000.000421,1000.000445,1000.000468,1000.000489,1000.000505,1000.000515,1000.000521,1000.000524,1000.000526,1000.000527,1000.000527,1000.000527,1000.000527,1000.000527,1000.000527,1000.000527,1000.000526,1000.000524,1000.000521,1000.000515,1000.000505,1000.000489,1000.000468,1000.000445,1000.000421,1000.000394,1000.000365,1000.000331,1000.000298,1000.000261,1000.000217,1000.000171,0.000000,0.000000,0.000000,0.000000,0.000000,0.000000,0.000000,0.000000,0.000000,0.000000,0.000000,0.000000,0.000000,0.000000,0.000000,0.000000,0.000000,0.000000,0.000000,0.000000,0.000000,0.000000,0.000000,0.000000,0.000000,0.000000,0.000000,0.000000,0.000000,0.000000,0.000000,0.000000
0.000000,0.000000,0.000000,0.000000,0.000000,0.000000,0.000000,0.000000,0.000000,0.000000,0.000000,0.000000,0.000000,0.000000,0.000000,0.000000,0.000000,0.000000,0.000000,0.000000,0.000000,0.000000,0.000000,0.000000,0.000000,0.000000,0.000000,0.000000,0.000000,0.000000,1000.000179,1000.000231,1000.000281,1000.000323,1000.000364,1000.000401,1000.000437,1000.000471,1000.000500,1000.000525,1000.000546,1000.000565,1000.000582,1000.000593,1000.000599,1000.000602,1000.000604,1000.000605,1000.000605,1000.000605,1000.000605,1000.000605,1000.000605,1000.000605,1000.000605,1000.000605,1000.000604,1000.000602,1000.000599,1000.000593,1000.000582,1000.000565,1000.000546,1000.000525,1000.000500,1000.000471,1000.000437,1000.000401,1000.000364,1000.000323,1000.000281,1000.000231,1000.000179,0.000000,0.000000,0.000000,0.000000,0.000000,0.000000,0.000000,0.000000,0.000000,0.000000,0.000000,0.000000,0.000000,0.000000,0.000000,0.000000,0.000000,0.000000,0.000000,0.000000,0.000000,0.000000,0.000000,0.000000,0.000000,0.000000,0.000000,0.000000,0.000000,0.000000
0.000000,0.000000,0.000000,0.000000,0.000000,0.000000,0.000000,0.000000,0.000000,0.000000,0.000000,0.000000,0.000000,0.000000,0.000000,0.000000,0.000000,0.000000,0.000000,0.000000,0.000000,0.000000,0.000000,0.000000,0.000000,0.000000,0.000000,0.000000,1000.000178,1000.000234,1000.000287,1000.000334,1000.000380,1000.000425,1000.000467,1000.000505,1000.000538,1000.000567,1000.000590,1000.000605,1000.000616,1000.000622,1000.000624,1000.000623,1000.000622,1000.000621,1000.000620,1000.000619,1000.000618,1000.000618,1000.000618,1000.000618,1000.000618,1000.000618,1000.000618,1000.000619,1000.000620,1000.000621,1000.000622,1000.000623,1000.000624,1000.000622,1000.000616,1000.000605,1000.000590,1000.000567,1000.000538,1000.000505,1000.000467,1000.000425,1000.000380,1000.000334,1000.000287,1000.000234,1000.000178,0.000000,0.000000,0.000000,0.000000,0.000000,0.000000,0.000000,0.000000,0.000000,0.000000,0.000000,0.000000,0.000000,0.000000,0.000000,0.000000,0.000000,0.000000,0.000000,0.000000,0.000000,0.000000,0.000000,0.000000,0.000000,0.000000,0.000000,0.000000
0.000000,0.000000,0.000000,0.000000,0.000000,0.000000,0.000000,0.000000,0.000000,0.000000,0.000000,0.000000,0.000000,0.000000,0.000000,0.000000,0.000000,0.000000,0.000000,0.000000,0.000000,0.000000,0.000000,0.000000,0.000000,0.000000,1000.000169,1000.000229,1000.000286,1000.000335,1000.000385,1000.000433,1000.000481,1000.000524,1000.000562,1000.000592,1000.000612,1000.000624,1000.000630,1000.000628,1000.000624,1000.000616,1000.000603,1000.000591,1000.000583,1000.000578,1000.000575,1000.000573,1000.000571,1000.000570,1000.000569,1000.000569,1000.000569,1000.000570,1000.000571,1000.000573,1000.000575,1000.000578,1000.000583,1000.000591,1000.000603,1000.000616,1000.000624,1000.000628,1000.000630,1000.000624,1000.000612,1000.000592,1000.000562,1000.000524,1000.000481,1000.000433,1000.000385,1000.000335,1000.000286,1000.000229,1000.000169,0.000000,0.000000,0.000000,0.000000,0.000000,0.000000,0.000000,0.000000,0.000000,0.000000,0.000000,0.000000,0.000000,0.000000,0.000000,0.000000,0.000000,0.000000,0.000000,0.000000,0.000000,0.000000,0.000000,0.000000,0.000000,0.000000
0.000000,0.000000,0.000000,0.000000,0.000000,0.000000,0.000000,0.000000,0.000000,0.000000,0.000000,0.000000,0.000000,0.000000,0.000000,0.000000,0.000000,0.000000,0.000000,0.000000,0.000000,0.000000,0.000000,0.000000,1000.000146,1000.000211,1000.000274,1000.000328,1000.000382,1000.000433,1000.000484,1000.000530,1000.000570,1000.000602,1000.000623,1000.000630,1000.000629,1000.000621,1000.000607,1000.000593,1000.000578,1000.000563,1000.000547,1000.000532,1000.000521,1000.000514,1000.000510,1000.000506,1000.000503,1000.000502,1000.000501,1000.000500,1000.000501,1000.000502,1000.000503,1000.000506,1000.000510,1000.000514,1000.000521,1000.000532,1000.000547,1000.000563,1000.000578,1000.000593,1000.000607,1000.000621,1000.000629,1000.000630,1000.000623,1000.000602,1000.000570,1000.000530,1000.000484,1000.000433,1000.000382,1000.000328,1000.000274,1000.000211,1000.000146,0.000000,0.000000,0.000000,0.000000,0.000000,0.000000,0.000000,0.000000,0.000000,0.000000,0.000000,0.000000,0.000000,0.000000,0.000000,0.000000,0.000000,0.000000,0.000000,0.000000,0.000000,0.000000,0.000000,0.000000
0.000000,0.000000,0.000000,0.000000,0.000000,0.000000,0.000000,0.000000,0.000000,0.000000,0.000000,0.000000,0.000000,0.000000,0.000000,0.000000,0.000000,0.000000,0.000000,0.000000,0.000000,0.000000,0.000000,1000.000176,1000.000247,1000.000308,1000.000367,1000.000424,1000.000479,1000.000529,1000.000571,1000.000605,1000.000625,1000.000632,1000.000625,1000.000610,1000.000591,1000.000571,1000.000550,1000.000531,1000.000514,1000.000498,1000.000483,1000.000470,1000.000459,1000.000451,1000.000445,1000.000440,1000.000437,1000.000435,1000.000433,1000.000433,1000.000433,1000.000435,1000.000437,1000.000440,1000.000445,1000.000451,1000.000459,1000.000470,1000.000483,1000.000498,1000.000514,1000.000531,1000.000550,1000.000571,1000.000591,1000.000610,1000.000625,1000.000632,1000.000625,1000.000605,1000.000571,1000.000529,1000.000479,1000.000424,1000.000367,1000.000308,1000.000247,1000.000176,0.000000,0.000000,0.000000,0.000000,0.000000,0.000000,0.000000,0.000000,0.000000,0.000000,0.000000,0.000000,0.000000,0.000000,0.000000,0.000000,0.000000,0.000000,0.000000,0.000000,0.000000,0.000000,0.000000
0.000000,0.000000,0.000000,0.000000,0.000000,0.000000,0.000000,0.000000,0.000000,0.000000,0.000000,0.000000,0.000000,0.000000,0.000000,0.000000,0.000000,0.000000,0.000000,0.000000,0.000000,1000.000130,1000.000203,1000.000274,1000.000338,1000.000401,1000.000463,1000.000519,1000.000567,1000.000603,1000.000625,1000.000632,1000.000625,1000.000606,1000.000582,1000.000556,1000.000531,1000.000509,1000.000488,1000.000469,1000.000451,1000.000436,1000.000421,1000.000409,1000.000398,1000.000389,1000.000382,1000.000377,1000.000373,1000.000370,1000.000369,1000.000368,1000.000369,1000.000370,1000.000373,1000.000377,1000.000382,1000.000389,1000.000398,1000.000409,1000.000421,1000.000436,1000.000451,1000.000469,1000.000488,1000.000509,1000.000531,1000.000556,1000.000582,1000.000606,1000.000625,1000.000632,1000.000625,1000.000603,1000.000567,1000.000519,1000.000463,1000.000401,1000.000338,1000.000274,1000.000203,1000.000130,0.000000,0.000000,0.000000,0.000000,0.000000,0.000000,0.000000,0.000000,0.000000,0.000000,0.000000,0.000000,0.000000,0.000000,0.000000,0.000000,0.000000,0.000000,0.000000,0.000000,0.000000
0.000000,0.000000,0.000000,0.000000,0.000000,0.000000,0.000000,0.000000,0.000000,0.000000,0.000000,0.000000,0.000000,0.000000,0.000000,0.000000,0.000000,0.000000,0.000000,0.000000,1000.000151,1000.000229,1000.000296,1000.000361,1000.000427,1000.000493,1000.000551,1000.000595,1000.000622,1000.000631,1000.000625,1000.000606,1000.000580,1000.000551,1000.000522,1000.000495,1000.000470,1000.000448,1000.000428,1000.000409,1000.000391,1000.000375,1000.000361,1000.000348,1000.000337,1000.000328,1000.000321,1000.000315,1000.000311,1000.000308,1000.000306,1000.000306,1000.000306,1000.000308,1000.000311,1000.000315,1000.000321,1000.000328,1000.000337,1000.000348,1000.000361,1000.000375,1000.000391,1000.000409,1000.000428,1000.000448,1000.000470,1000.000495,1000.000522,1000.000551,1000.000580,1000.000606,1000.000625,1000.000631,1000.000622,1000.000595,1000.000551,1000.000493,1000.000427,1000.000361,1000.000296,1000.000229,1000.000151,0.000000,0.000000,0.000000,0.000000,0.000000,0.000000,0.000000,0.000000,0.000000,0.000000,0.000000,0.000000,0.000000,0.000000,0.000000,0.000000,0.000000,0.000000,0.000000,0.000000
0.000000,0.000000,0.000000,0.000000,0.000000,0.000000,0.000000,0.000000,0.000000,0.000000,0.000000,0.000000,0.000000,0.000000,0.000000,0.000000,0.000000,0.000000,0.000000,1000.000168,1000.000248,1000.000317,1000.000383,1000.000450,1000.000514,1000.000571,1000.000612,1000.000629,1000.000625,1000.000607,1000.000581,1000.000551,1000.000520,1000.000490,1000.000462,1000.000436,1000.000412,1000.000390,1000.000369,1000.000350,1000.000332,1000.000316,1000.000302,1000.000289,1000.000278,1000.000269,1000.000261,1000.000255,1000.000251,1000.000248,1000.000246,1000.000245,1000.000246,1000.000248,1000.000251,1000.000255,1000.000261,1000.000269,1000.000278,1000.000289,1000.000302,1000.000316,1000.000332,1000.000350,1000.000369,1000.000390,1000.000412,1000.000436,1000.000462,1000.000490,1000.000520,1000.000551,1000.000581,1000.000607,1000.000625,1000.000629,1000.000612,1000.000571,1000.000514,1000.000450,1000.000383,1000.000317,1000.000248,1000.000168,0.000000,0.000000,0.000000,0.000000,0.000000,0.000000,0.000000,0.000000,0.000000,0.000000,0.000000,0.000000,0.000000,0.000000,0.000000,0.000000,0.000000,0.000000,0.000000
0.000000,0.000000,0.000000,0.000000,0.000000,0.000000,0.000000,0.000000,0.000000,0.000000,0.000000,0.000000,0.000000,0.000000,0.000000,0.000000,0.000000,0.000000,1000.000179,1000.000261,1000.000333,1000.000403,1000.000472,1000.000534,1000.000586,1000.000621,1000.000630,1000.000614,1000.000587,1000.000555,1000.000522,1000.000491,1000.000461,1000.000432,1000.000405,1000.000379,1000.000355,1000.000332,1000.000311,1000.000292,1000.000275,1000.000259,1000.000244,1000.000232,1000.000221,1000.000211,1000.000203,1000.000197,1000.000192,1000.000189,1000.000187,1000.000186,1000.000187,1000.000189,1000.000192,1000.000197,1000.000203,1000.000211,1000.000221,1000.000232,1000.000244,1000.000259,1000.000275,1000.000292,1000.000311,1000.000332,1000.000355,1000.000379,1000.000405,1000.000432,1000.000461,1000.000491,1000.000522,1000.000555,1000.000587,1000.000614,1000.000630,1000.000621,1000.000586,1000.000534,1000.000472,1000.000403,1000.000333,1000.000261,1000.000179,0.000000,0.000000,0.000000,0.000000,0.000000,0.000000,0.000000,0.000000,0.000000,0.000000,0.000000,0.000000,0.000000,0.000000,0.000000,0.000000,0.000000,0.000000
0.000000,0.000000,0.000000,0.000000,0.000000,0.000000,0.000000,0.000000,0.000000,0.000000,0.000000,0.000000,0.000000,0.000000,0.000000,0.000000,0.000000,1000.000185,1000.000269,1000.000344,1000.000418,1000.000490,1000.000554,1000.000601,1000.000627,1000.000629,1000.000606,1000.000571,1000.000533,1000.000498,1000.000465,1000.000434,1000.000405,1000.000376,1000.000348,1000.000323,1000.000298,1000.000276,1000.000255,1000.000236,1000.000218,1000.000202,1000.000188,1000.000175,1000.000164,1000.000155,1000.000147,1000.000140,1000.000135,1000.000132,1000.000130,1000.000129,1000.000130,1000.000132,1000.000135,1000.000140,1000.000147,1000.000155,1000.000164,1000.000175,1000.000188,1000.000202,1000.000218,1000.000236,1000.000255,1000.000276,1000.000298,1000.000323,1000.000348,1000.000376,1000.000405,1000.000434,1000.000465,1000.000498,1000.000533,1000.000571,1000.000606,1000.000629,1000.000627,1000.000601,1000.000554,1000.000490,1000.000418,1000.000344,1000.000269,1000.000185,0.000000,0.000000,0.000000,0.000000,0.000000,0.000000,0.000000,0.000000,0.000000,0.000000,0.000000,0.000000,0.000000,0.000000,0.000000,0.000000,0.000000
0.000000,0.000000,0.000000,0.000000,0.000000,0.000000,0.000000,0.000000,0.000000,0.000000,0.000000,0.000000,0.000000,0.000000,0.000000,0.000000,1000.000186,1000.000273,1000.000350,1000.000426,1000.000501,1000.000566,1000.000612,1000.000630,1000.000623,1000.000597,1000.000559,1000.000517,1000.000478,1000.000444,1000.000411,1000.000380,1000.000349,1000.000321,1000.000294,1000.000268,1000.000244,1000.000222,1000.000201,1000.000181,1000.000164,1000.000148,1000.000133,1000.000121,1000.000109,1000.000100,1000.000092,1000.000085,1000.000080,1000.000076,1000.000074,1000.000074,1000.000074,1000.000076,1000.000080,1000.000085,1000.000092,1000.000100,1000.000109,1000.000121,1000.000133,1000.000148,1000.000164,1000.000181,1000.000201,1000.000222,1000.000244,1000.000268,1000.000294,1000.000321,1000.000349,1000.000380,1000.000411,1000.000444,1000.000478,1000.000517,1000.000559,1000.000597,1000.000623,1000.000630,1000.000612,1000.000566,1000.000501,1000.000426,1000.000350,1000.000273,1000.000186,0.000000,0.000000,0.000000,0.000000,0.000000,0.000000,0.000000,0.000000,0.000000,0.000000,0.000000,0.000000,0.000000,0.000000,0.000000,0.000000
0.000000,0.000000,0.000000,0.000000,0.000000,0.000000,0.000000,0.000000,0.000000,0.000000,0.000000,0.000000,0.000000,0.000000,0.000000,1000.000185,1000.000273,1000.000352,1000.000429,1000.000505,1000.000572,1000.000617,1000.000630,1000.000614,1000.000582,1000.000544,1000.000503,1000.000463,1000.000427,1000.000392,1000.000358,1000.000326,1000.000296,1000.000268,1000.000241,1000.000215,1000.000191,1000.000168,1000.000148,1000.000128,1000.000111,1000.000095,1000.000080,1000.000067,1000.000056,1000.000046,1000.000038,1000.000032,1000.000026,1000.000023,1000.000021,1000.000020,1000.000021,1000.000023,1000.000026,1000.000032,1000.000038,1000.000046,1000.000056,1000.000067,1000.000080,1000.000095,1000.000111,1000.000128,1000.000148,1000.000168,1000.000191,1000.000215,1000.000241,1000.000268,1000.000296,1000.000326,1000.000358,1000.000392,1000.000427,1000.000463,1000.000503,1000.000544,1000.000582,1000.000614,1000.000630,1000.000617,1000.000572,1000.000505,1000.000429,1000.000352,1000.000273,1000.000185,0.000000,0.000000,0.000000,0.000000,0.000000,0.000000,0.000000,0.000000,0.000000,0.000000,0.000000,0.000000,0.000000,0.000000,0.000000
0.000000,0.000000,0.000000,0.000000,0.000000,0.000000,0.000000,0.000000,0.000000,0.000000,0.000000,0.000000,0.000000,0.000000,1000.000179,1000.000269,1000.000350,1000.000429,1000.000507,1000.000574,1000.000619,1000.000630,1000.000609,1000.000572,1000.000530,1000.000489,1000.000450,1000.000412,1000.000376,1000.000340,1000.000306,1000.000275,1000.000245,1000.000216,1000.000189,1000.000163,1000.000139,1000.000117,1000.000096,1000.000077,1000.000059,1000.000043,1000.000029,1000.000016,1000.000004,999.999995,999.999986,999.999980,999.999974,999.999971,999.999968,999.999968,999.999968,999.999971,999.999974,999.999980,999.999986,999.999995,1000.000004,1000.000016,1000.000029,1000.000043,1000.000059,1000.000077,1000.000096,1000.000117,1000.000139,1000.000163,1000.000189,1000.000216,1000.000245,1000.000275,1000.000306,1000.000340,1000.000376,1000.000412,1000.000450,1000.000489,1000.000530,1000.000572,1000.000609,1000.000630,1000.000619,1000.000574,1000.000507,1000.000429,1000.000350,1000.000269,1000.000179,0.000000,0.000000,0.000000,0.000000,0.000000,0.000000,0.000000,0.000000,0.000000,0.000000,0.000000,0.000000,0.000000,0.000000
0.000000,0.000000,0.000000,0.000000,0.000000,0.000000,0.000000,0.000000,0.000000,0.000000,0.000000,0.000000,0.000000,1000.000168,1000.000261,1000.000344,1000.000426,1000.000505,1000.000574,1000.000620,1000.000631,1000.000608,1000.000568,1000.000522,1000.000478,1000.000438,1000.000400,1000.000362,1000.000325,1000.000290,1000.000257,1000.000225,1000.000194,1000.000166,1000.000139,1000.000113,1000.000089,1000.000067,1000.000046,1000.000027,1000.000009,999.999993,999.999978,999.999966,999.999954,999.999944,999.999936,999.999929,999.999924,999.999920,999.999918,999.999917,999.999918,999.999920,999.999924,999.999929,999.999936,999.999944,999.999954,999.999966,999.999978,999.999993,1000.000009,1000.000027,1000.000046,1000.000067,1000.000089,1000.000113,1000.000139,1000.000166,1000.000194,1000.000225,1000.000257,1000.000290,1000.000325,1000.000362,1000.000400,1000.000438,1000.000478,1000.000522,1000.000568,1000.000608,1000.000631,1000.000620,1000.000574,1000.000505,1000.000426,1000.000344,1000.000261,1000.000168,0.000000,0.000000,0.000000,0.000000,0.000000,0.000000,0.000000,0.000000,0.000000,0.000000,0.000000,0.000000,0.000000
0.000000,0.000000,0.000000,0.000000,0.000000,0.000000,0.000000,0.000000,0.000000,0.000000,0.000000,0.000000,1000.000151,1000.000248,1000.000333,1000.000418,1000.000501,1000.000572,1000.000619,1000.000631,1000.000607,1000.000566,1000.000519,1000.000472,1000.000431,1000.000391,1000.000351,1000.000312,1000.000276,1000.000241,1000.000208,1000.000176,1000.000146,1000.000117,1000.000090,1000.000065,1000.000041,1000.000018,999.999997,999.999978,999.999961,999.999944,999.999930,999.999917,999.999905,999.999896,999.999887,999.999880,999.999875,999.999871,999.999869,999.999868,999.999869,999.999871,999.999875,999.999880,999.999887,999.999896,999.999905,999.999917,999.999930,999.999944,999.999961,999.999978,999.999997,1000.000018,1000.000041,1000.000065,1000.000090,1000.000117,1000.000146,1000.000176,1000.000208,1000.000241,1000.000276,1000.000312,1000.000351,1000.000391,1000.000431,1000.000472,1000.000519,1000.000566,1000.000607,1000.000631,1000.000619,1000.000572,1000.000501,1000.000418,1000.000333,1000.000248,1000.000151,0.000000,0.000000,0.000000,0.000000,0.000000,0.000000,0.000000,0.000000,0.000000,0.000000,0.000000,0.000000
0.000000,0.000000,0.000000,0.000000,0.000000,0.000000,0.000000,0.000000,0.000000,0.000000,0.000000,1000.000130,1000.000229,1000.000317,1000.000403,1000.000490,1000.000566,1000.000617,1000.000630,1000.000608,1000.000566,1000.000518,1000.000470,1000.000426,1000.000384,1000.000343,1000.000303,1000.000265,1000.000229,1000.000194,1000.000161,1000.000129,1000.000099,1000.000070,1000.000043,1000.000018,999.999994,999.999971,999.999950,999.999931,999.999913,999.999897,999.999883,999.999870,999.999858,999.999848,999.999840,999.999833,999.999828,999.999824,999.999822,999.999821,999.999822,999.999824,999.999828,999.999833,999.999840,999.999848,999.999858,999.999870,999.999883,999.999897,999.999913,999.999931,999.999950,999.999971,999.999994,1000.000018,1000.000043,1000.000070,1000.000099,1000.000129,1000.000161,1000.000194,1000.000229,1000.000265,1000.000303,1000.000343,1000.000384,1000.000426,1000.000470,1000.000518,1000.000566,1000.000608,1000.000630,1000.000617,1000.000566,1000.000490,1000.000403,1000.000317,1000.000229,1000.000130,0.000000,0.000000,0.000000,0.000000,0.000000,0.000000,0.000000,0.000000,0.000000,0.000000,0.000000
0.000000,0.000000,0.000000,0.000000,0.000000,0.000000,0.000000,0.000000,0.000000,0.000000,0.000000,1000.000203,1000.000296,1000.000383,1000.000472,1000.000554,1000.000612,1000.000630,1000.000609,1000.000568,1000.000519,1000.000470,1000.000425,1000.000382,1000.000338,1000.000297,1000.000258,1000.000220,1000.000183,1000.000149,1000.000115,1000.000084,1000.000053,1000.000025,999.999998,999.999972,999.999948,999.999926,999.999905,999.999886,999.999868,999.999852,999.999837,999.999824,999.999813,999.999803,999.999794,999.999787,999.999782,999.999778,999.999776,999.999775,999.999776,999.999778,999.999782,999.999787,999.999794,999.999803,999.999813,999.999824,999.999837,999.999852,999.999868,999.999886,999.999905,999.999926,999.999948,999.999972,999.999998,1000.000025,1000.000053,1000.000084,1000.000115,1000.000149,1000.000183,1000.000220,1000.000258,1000.000297,1000.000338,1000.000382,1000.000425,1000.000470,1000.000519,1000.000568,1000.000609,1000.000630,1000.000612,1000.000554,1000.000472,1000.000383,1000.000296,1000.000203,0.000000,0.000000,0.000000,0.000000,0.000000,0.000000,0.000000,0.000000,0.000000,0.000000,0.000000
0.000000,0.000000,0.000000,0.000000,0.000000,0.000000,0.000000,0.000000,0.000000,0.000000,1000.000176,1000.000274,1000.000361,1000.000450,1000.000534,1000.000601,1000.000630,1000.000614,1000.000572,1000.000522,1000.000472,1000.000426,1000.000382,1000.000337,1000.000294,1000.000253,1000.000214,1000.000176,1000.000139,1000.000105,1000.000071,1000.000040,1000.000009,999.999981,999.999954,999.999928,999.999904,999.999882,999.999861,999.999842,999.999824,999.999808,999.999793,999.999780,999.999769,999.999759,999.999750,999.999743,999.999738,999.999734,999.999732,999.999731,999.999732,999.999734,999.999738,999.999743,999.999750,999.999759,999.999769,999.999780,999.999793,999.999808,999.999824,999.999842,999.999861,999.999882,999.999904,999.999928,999.999954,999.999981,1000.000009,1000.000040,1000.000071,1000.000105,1000.000139,1000.000176,1000.000214,1000.000253,1000.000294,1000.000337,1000.000382,1000.000426,1000.000472,1000.000522,1000.000572,1000.000614,1000.000630,1000.000601,1000.000534,1000.000450,1000.000361,1000.000274,1000.000176,0.000000,0.000000,0.000000,0.000000,0.000000,0.000000,0.000000,0.000000,0.000000,0.000000
0.000000,0.000000,0.000000,0.000000,0.000000,0.000000,0.000000,0.000000,0.000000,1000.000146,1000.000247,1000.000338,1000.000427,1000.000514,1000.000586,1000.000627,1000.000623,1000.000582,1000.000530,1000.000478,1000.000431,1000.000384,1000.000338,1000.000294,1000.000252,1000.000211,1000.000171,1000.000133,1000.000097,1000.000062,1000.000029,999.999997,999.999967,999.999938,999.999911,999.999886,999.999862,999.999839,999.999818,999.999799,999.999781,999.999765,999.999751,999.999738,999.999726,999.999716,999.999708,999.999701,999.999695,999.999692,999.999689,999.999689,999.999689,999.999692,999.999695,999.999701,999.999708,999.999716,999.999726,999.999738,999.999751,999.999765,999.999781,999.999799,999.999818,999.999839,999.999862,999.999886,999.999911,999.999938,999.999967,999.999997,1000.000029,1000.000062,1000.000097,1000.000133,1000.000171,1000.000211,1000.000252,1000.000294,1000.000338,1000.000384,1000.000431,1000.000478,1000.000530,1000.000582,1000.000623,1000.000627,1000.000586,1000.000514,1000.000427,1000.000338,1000.000247,1000.000146,0.000000,0.000000,0.000000,0.000000,0.000000,0.000000,0.000000,0.000000,0.000000
0.000000,0.000000,0.000000,0.000000,0.000000,0.000000,0.000000,0.000000,0.000000,1000.000211,1000.000308,1000.000401,1000.000493,1000.000571,1000.000621,1000.000629,1000.000597,1000.000544,1000.000489,1000.000438,1000.000391,1000.000343,1000.000297,1000.000253,1000.000211,1000.000170,1000.000130,1000.000092,1000.000056,1000.000021,999.999988,999.999956,999.999926,999.999897,999.999870,999.999845,999.999821,999.999798,999.999778,999.999758,999.999741,999.999724,999.999710,999.999697,999.999685,999.999675,999.999667,999.999660,999.999654,999.999651,999.999648,999.999647,999.999648,999.999651,999.999654,999.999660,999.999667,999.999675,999.999685,999.999697,999.999710,999.999724,999.999741,999.999758,999.999778,999.999798,999.999821,999.999845,999.999870,999.999897,999.999926,999.999956,999.999988,1000.000021,1000.000056,1000.000092,1000.000130,1000.000170,1000.000211,1000.000253,1000.000297,1000.000343,1000.000391,1000.000438,1000.000489,1000.000544,1000.000597,1000.000629,1000.000621,1000.000571,1000.000493,1000.000401,1000.000308,1000.000211,0.000000,0.000000,0.000000,0.000000,0.000000,0.000000,0.000000,0.000000,0.000000
0.000000,0.000000,0.000000,0.000000,0.000000,0.000000,0.000000,0.000000,1000.000169,1000.000274,1000.000367,1000.000463,1000.000551,1000.000612,1000.000630,1000.000606,1000.000559,1000.000503,1000.000450,1000.000400,1000.000351,1000.000303,1000.000258,1000.000214,1000.000171,1000.000130,1000.000091,1000.000053,1000.000016,999.999982,999.999948,999.999917,999.999887,999.999858,999.999831,999.999805,999.999781,999.999759,999.999738,999.999719,999.999701,999.999685,999.999670,999.999657,999.999646,999.999636,999.999627,999.999620,999.999615,999.999611,999.999609,999.999608,999.999609,999.999611,999.999615,999.999620,999.999627,999.999636,999.999646,999.999657,999.999670,999.999685,999.999701,999.999719,999.999738,999.999759,999.999781,999.999805,999.999831,999.999858,999.999887,999.999917,999.999948,999.999982,1000.000016,1000.000053,1000.000091,1000.000130,1000.000171,1000.000214,1000.000258,1000.000303,1000.000351,1000.000400,1000.000450,1000.000503,1000.000559,1000.000606,1000.000630,1000.000612,1000.000551,1000.000463,1000.000367,1000.000274,1000.000169,0.000000,0.000000,0.000000,0.000000,0.000000,0.000000,0.000000,0.000000
0.000000,0.000000,0.000000,0.000000,0.000000,0.000000,0.000000,0.000000,1000.000229,1000.000328,1000.000424,1000.000519,1000.000595,1000.000629,1000.000614,1000.000571,1000.000517,1000.000463,1000.000412,1000.000362,1000.000312,1000.000265,1000.000220,1000.000176,1000.000133,1000.000092,1000.000053,1000.000015,999.999979,999.999944,999.999911,999.999879,999.999849,999.999820,999.999793,999.999768,999.999744,999.999721,999.999700,999.999681,999.999663,999.999647,999.999632,999.999619,999.999608,999.999598,999.999589,999.999582,999.999577,999.999573,999.999571,999.999570,999.999571,999.999573,999.999577,999.999582,999.999589,999.999598,999.999608,999.999619,999.999632,999.999647,999.999663,999.999681,999.999700,999.999721,999.999744,999.999768,999.999793,999.999820,999.999849,999.999879,999.999911,999.999944,999.999979,1000.000015,1000.000053,1000.000092,1000.000133,1000.000176,1000.000220,1000.000265,1000.000312,1000.000362,1000.000412,1000.000463,1000.000517,1000.000571,1000.000614,1000.000629,1000.000595,1000.000519,1000.000424,1000.000328,1000.000229,0.000000,0.000000,0.000000,0.000000,0.000000,0.000000,0.000000,0.000000
0.000000,0.000000,0.000000,0.000000,0.000000,0.000000,0.000000,1000.000178,1000.000286,1000.000382,1000.000479,1000.000567,1000.000622,1000.000625,1000.000587,1000.000533,1000.000478,1000.000427,1000.000376,1000.000325,1000.000276,1000.000229,1000.000183,1000.000139,1000.000097,1000.000056,1000.000016,999.999979,999.999942,999.999907,999.999874,999.999843,999.999812,999.999784,999.999757,999.999731,999.999707,999.999685,999.999664,999.999645,999.999627,999.999611,999.999596,999.999583,999.999571,999.999561,999.999553,999.999546,999.999541,999.999537,999.999534,999.999534,999.999534,999.999537,999.999541,999.999546,999.999553,999.999561,999.999571,999.999583,999.999596,999.999611,999.999627,999.999645,999.999664,999.999685,999.999707,999.999731,999.999757,999.999784,999.999812,999.999843,999.999874,999.999907,999.999942,999.999979,1000.000016,1000.000056,1000.000097,1000.000139,1000.000183,1000.000229,1000.000276,1000.000325,1000.000376,1000.000427,1000.000478,1000.000533,1000.000587,1000.000625,1000.000622,1000.000567,1000.000479,1000.000382,1000.000286,1000.000178,0.000000,0.000000,0.000000,0.000000,0.000000,0.000000,0.000000
0.000000,0.000000,0.000000,0.000000,0.000000,0.000000,0.000000,1000.000234,1000.000335,1000.000433,1000.000529,1000.000603,1000.000631,1000.000607,1000.000555,1000.000498,1000.000444,1000.000392,1000.000340,1000.000290,1000.000241,1000.000194,1000.000149,1000.000105,1000.000062,1000.000021,999.999982,999.999944,999.999907,999.999873,999.999839,999.999808,999.999778,999.999749,999.999722,999.999696,999.999672,999.999650,999.999629,999.999610,999.999592,999.999576,999.999561,999.999548,999.999537,999.999527,999.999518,999.999511,999.999506,999.999502,999.999500,999.999499,999.999500,999.999502,999.999506,999.999511,999.999518,999.999527,999.999537,999.999548,999.999561,999.999576,999.999592,999.999610,999.999629,999.999650,999.999672,999.999696,999.999722,999.999749,999.999778,999.999808,999.999839,999.999873,999.999907,999.999944,999.999982,1000.000021,1000.000062,1000.000105,1000.000149,1000.000194,1000.000241,1000.000290,1000.000340,1000.000392,1000.000444,1000.000498,1000.000555,1000.000607,1000.000631,1000.000603,1000.000529,1000.000433,1000.000335,1000.000234,0.000000,0.000000,0.000000,0.000000,0.000000,0.000000,0.000000
0.000000,0.000000,0.000000,0.000000,0.000000,0.000000,1000.000179,1000.000287,1000.000385,1000.000484,1000.000571,1000.000625,1000.000625,1000.000581,1000.000522,1000.000465,1000.000411,1000.000358,1000.000306,1000.000257,1000.000208,1000.000161,1000.000115,1000.000071,1000.000029,999.999988,999.999948,999.999911,999.999874,999.999839,999.999806,999.999775,999.999744,999.999716,999.999689,999.999663,999.999639,999.999617,999.999596,999.999577,999.999559,999.999543,999.999528,999.999515,999.999503,999.999493,999.999485,999.999478,999.999473,999.999469,999.999466,999.999466,999.999466,999.999469,999.999473,999.999478,999.999485,999.999493,999.999503,999.999515,999.999528,999.999543,999.999559,999.999577,999.999596,999.999617,999.999639,999.999663,999.999689,999.999716,999.999744,999.999775,999.999806,999.999839,999.999874,999.999911,999.999948,999.999988,1000.000029,1000.000071,1000.000115,1000.000161,1000.000208,1000.000257,1000.000306,1000.000358,1000.000411,1000.000465,1000.000522,1000.000581,1000.000625,1000.000625,1000.000571,1000.000484,1000.000385,1000.000287,1000.000179,0.000000,0.000000,0.000000,0.000000,0.000000,0.000000
0.000000,0.000000,0.000000,0.000000,0.000000,0.000000,1000.000231,1000.000334,1000.000433,1000.000530,1000.000605,1000.000632,1000.000606,1000.000551,1000.000491,1000.000434,1000.000380,1000.000326,1000.000275,1000.000225,1000.000176,1000.000129,1000.000084,1000.000040,999.999997,999.999956,999.999917,999.999879,999.999843,999.999808,999.999775,999.999743,999.999713,999.999684,999.999657,999.999632,999.999608,999.999585,999.999564,999.999545,999.999527,999.999511,999.999496,999.999483,999.999472,999.999462,999.999453,999.999446,999.999441,999.999437,999.999435,999.999434,999.999435,999.999437,999.999441,999.999446,999.999453,999.999462,999.999472,999.999483,999.999496,999.999511,999.999527,999.999545,999.999564,999.999585,999.999608,999.999632,999.999657,999.999684,999.999713,999.999743,999.999775,999.999808,999.999843,999.999879,999.999917,999.999956,999.999997,1000.000040,1000.000084,1000.000129,1000.000176,1000.000225,1000.000275,1000.000326,1000.000380,1000.000434,1000.000491,1000.000551,1000.000606,1000.000632,1000.000605,1000.000530,1000.000433,1000.000334,1000.000231,0.000000,0.000000,0.000000,0.000000,0.000000,0.000000
0.000000,0.000000,0.000000,0.000000,0.000000,1000.000171,1000.000281,1000.000380,1000.000481,1000.000570,1000.000625,1000.000625,1000.000580,1000.000520,1000.000461,1000.000405,1000.000349,1000.000296,1000.000245,1000.000194,1000.000146,1000.000099,1000.000053,1000.000009,999.999967,999.999926,999.999887,999.999849,999.999812,999.999778,999.999744,999.999713,999.999683,999.999654,999.999627,999.999601,999.999577,999.999555,999.999534,999.999515,999.999497,999.999481,999.999466,999.999453,999.999442,999.999432,999.999423,999.999416,999.999411,999.999407,999.999405,999.999404,999.999405,999.999407,999.999411,999.999416,999.999423,999.999432,999.999442,999.999453,999.999466,999.999481,999.999497,999.999515,999.999534,999.999555,999.999577,999.999601,999.999627,999.999654,999.999683,999.999713,999.999744,999.999778,999.999812,999.999849,999.999887,999.999926,999.999967,1000.000009,1000.000053,1000.000099,1000.000146,1000.000194,1000.000245,1000.000296,1000.000349,1000.000405,1000.000461,1000.000520,1000.000580,1000.000625,1000.000625,1000.000570,1000.000481,1000.000380,1000.000281,1000.000171,0.000000,0.000000,0.000000,0.000000,0.000000
0.000000,0.000000,0.000000,0.000000,0.000000,1000.000217,1000.000323,1000.000425,1000.000524,1000.000602,1000.000632,1000.000606,1000.000551,1000.000490,1000.000432,1000.000376,1000.000321,1000.000268,1000.000216,1000.000166,1000.000117,1000.000070,1000.000025,999.999981,999.999938,999.999897,999.999858,999.999820,999.999784,999.999749,999.999716,999.999684,999.999654,999.999625,999.999598,999.999573,999.999549,999.999526,999.999506,999.999486,999.999469,999.999452,999.999438,999.999425,999.999413,999.999403,999.999394,999.999388,999.999382,999.999378,999.999376,999.999375,999.999376,999.999378,999.999382,999.999388,999.999394,999.999403,999.999413,999.999425,999.999438,999.999452,999.999469,999.999486,999.999506,999.999526,999.999549,999.999573,999.999598,999.999625,999.999654,999.999684,999.999716,999.999749,999.999784,999.999820,999.999858,999.999897,999.999938,999.999981,1000.000025,1000.000070,1000.000117,1000.000166,1000.000216,1000.000268,1000.000321,1000.000376,1000.000432,1000.000490,1000.000551,1000.000606,1000.000632,1000.000602,1000.000524,1000.000425,1000.000323,1000.000217,0.000000,0.000000,0.000000,0.000000,0.000000
0.000000,0.000000,0.000000,0.000000,1000.000150,1000.000261,1000.000364,1000.000467,1000.000562,1000.000623,1000.000625,1000.000582,1000.000522,1000.000462,1000.000405,1000.000348,1000.000294,1000.000241,1000.000189,1000.000139,1000.000090,1000.000043,999.999998,999.999954,999.999911,999.999870,999.999831,999.999793,999.999757,999.999722,999.999689,999.999657,999.999627,999.999598,999.999571,999.999546,999.999522,999.999499,999.999479,999.999459,999.999442,999.999425,999.999411,999.999398,999.999386,999.999376,999.999367,999.999360,999.999355,999.999351,999.999349,999.999348,999.999349,999.999351,999.999355,999.999360,999.999367,999.999376,999.999386,999.999398,999.999411,999.999425,999.999442,999.999459,999.999479,999.999499,999.999522,999.999546,999.999571,999.999598,999.999627,999.999657,999.999689,999.999722,999.999757,999.999793,999.999831,999.999870,999.999911,999.999954,999.999998,1000.000043,1000.000090,1000.000139,1000.000189,1000.000241,1000.000294,1000.000348,1000.000405,1000.000462,1000.000522,1000.000582,1000.000625,1000.000623,1000.000562,1000.000467,1000.000364,1000.000261,1000.000150,0.000000,0.000000,0.000000,0.000000
0.000000,0.000000,0.000000,0.000000,1000.000191,1000.000298,1000.000401,1000.000505,1000.000592,1000.000630,1000.000610,1000.000556,1000.000495,1000.000436,1000.000379,1000.000323,1000.000268,1000.000215,1000.000163,1000.000113,1000.000065,1000.000018,999.999972,999.999928,999.999886,999.999845,999.999805,999.999768,999.999731,999.999696,999.999663,999.999632,999.999601,999.999573,999.999546,999.999520,999.999496,999.999474,999.999453,999.999434,999.999416,999.999400,999.999385,999.999372,999.999360,999.999350,999.999342,999.999335,999.999330,999.999326,999.999323,999.999323,999.999323,999.999326,999.999330,999.999335,999.999342,999.999350,999.999360,999.999372,999.999385,999.999400,999.999416,999.999434,999.999453,999.999474,999.999496,999.999520,999.999546,999.999573,999.999601,999.999632,999.999663,999.999696,999.999731,999.999768,999.999805,999.999845,999.999886,999.999928,999.999972,1000.000018,1000.000065,1000.000113,1000.000163,1000.000215,1000.000268,1000.000323,1000.000379,1000.000436,1000.000495,1000.000556,1000.000610,1000.000630,1000.000592,1000.000505,1000.000401,1000.000298,1000.000191,0.000000,0.000000,0.000000,0.000000
