0.000000,0.000000,0.000000,0.000000,0.000000,0.000000,0.000000,0.000000,0.000000,0.000000,0.000000,0.000000,0.000000,0.000000,0.000000,0.000000,0.000000,0.000000,0.000000,0.000000,0.000000,0.000000,0.000000,0.000000,0.000000,0.000000,0.000000,0.000000,0.000000,0.000000,0.000000,0.000000,0.000000,0.000000,0.000000,0.000000,0.000000,0.000000,0.000000,0.000000,0.000000,0.000000,0.000000,0.000000,0.000000,0.000000,0.000000,0.000000,0.000000,0.000000,0.000000,0.000000,0.000000,0.000000,0.000000,0.000000,0.000000,0.000000,0.000000,0.000000,0.000000,0.000000,0.000000,0.000000,0.000000,0.000000,0.000000,0.000000,0.000000,0.000000,0.000000,0.000000,0.000000,0.000000,0.000000,0.000000,0.000000,0.000000,0.000000,0.000000,0.000000,0.000000,0.000000,0.000000,0.000000,0.000000,0.000000,0.000000,0.000000,0.000000,0.000000,0.000000,0.000000,0.000000,0.000000,0.000000,0.000000,0.000000,0.000000,0.000000,0.000000,0.000000,0.000000
0.000000,0.000000,0.000000,0.000000,0.000000,0.000000,0.000000,0.000000,0.000000,0.000000,0.000000,0.000000,0.000000,0.000000,0.000000,0.000000,0.000000,0.000000,0.000000,0.000000,0.000000,0.000000,0.000000,0.000000,0.000000,0.000000,0.000000,0.000000,0.000000,0.000000,0.000000,0.000000,0.000000,0.000000,0.000000,0.000000,0.000000,0.000000,0.000000,0.000000,0.000000,0.000000,0.000000,0.000000,0.000000,0.000000,0.000000,0.000000,0.000000,0.000000,0.000000,999.998250,0.000000,0.000000,0.000000,0.000000,0.000000,0.000000,0.000000,0.000000,0.000000,0.000000,0.000000,0.000000,0.000000,0.000000,0.000000,0.000000,0.000000,0.000000,0.000000,0.000000,0.000000,0.000000,0.000000,0.000000,0.000000,0.000000,0.000000,0.000000,0.000000,0.000000,0.000000,0.000000,0.000000,0.000000,0.000000,0.000000,0.000000,0.000000,0.000000,0.000000,0.000000,0.000000,0.000000,0.000000,0.000000,0.000000,0.000000,0.000000,0.000000,0.000000,0.000000
0.000000,0.000000,0.000000,0.000000,0.000000,0.000000,0.000000,0.000000,0.000000,0.000000,0.000000,0.000000,0.000000,0.000000,0.000000,0.000000,0.000000,0.000000,0.000000,0.000000,0.000000,0.000000,0.000000,0.000000,0.000000,0.000000,0.000000,0.000000,0.000000,0.000000,0.000000,0.000000,0.000000,0.000000,0.000000,0.000000,0.000000,0.000000,0.000000,0.000000,0.000000,0.000000,999.997501,999.995742,999.995782,999.996136,999.996559,999.996839,999.997319,999.997894,999.998468,999.998412,999.998480,999.999000,999.999449,999.999776,999.999937,1000.000080,1000.000270,1000.000167,999.998932,0.000000,0.000000,0.000000,0.000000,0.000000,0.000000,0.000000,0.000000,0.000000,0.000000,0.000000,0.000000,0.000000,0.000000,0.000000,0.000000,0.000000,0.000000,0.000000,0.000000,0.000000,0.000000,0.000000,0.000000,0.000000,0.000000,0.000000,0.000000,0.000000,0.000000,0.000000,0.000000,0.000000,0.000000,0.000000,0.000000,0.000000,0.000000,0.000000,0.000000,0.000000,0.000000
0.000000,0.000000,0.000000,0.000000,0.000000,0.000000,0.000000,0.000000,0.000000,0.000000,0.000000,0.000000,0.000000,0.000000,0.000000,0.000000,0.000000,0.000000,0.000000,0.000000,0.000000,0.000000,0.000000,0.000000,0.000000,0.000000,0.000000,0.000000,0.000000,0.000000,0.000000,0.000000,0.000000,0.000000,0.000000,0.000000,0.000000,999.994976,999.993374,999.993195,999.994012,999.995324,999.997051,999.996539,999.996195,999.996359,999.996564,999.997018,999.997354,999.997771,999.998218,999.998344,999.998479,999.998943,999.999200,999.999423,999.999656,999.999829,999.999843,999.999589,999.999329,1000.000318,1000.000843,1000.001192,1000.001028,1000.000046,0.000000,0.000000,0.000000,0.000000,0.000000,0.000000,0.000000,0.000000,0.000000,0.000000,0.000000,0.000000,0.000000,0.000000,0.000000,0.000000,0.000000,0.000000,0.000000,0.000000,0.000000,0.000000,0.000000,0.000000,0.000000,0.000000,0.000000,0.000000,0.000000,0.000000,0.000000,0.000000,0.000000,0.000000,0.000000,0.000000,0.000000
0.000000,0.000000,0.000000,0.000000,0.000000,0.000000,0.000000,0.000000,0.000000,0.000000,0.000000,0.000000,0.000000,0.000000,0.000000,0.000000,0.000000,0.000000,0.000000,0.000000,0.000000,0.000000,0.000000,0.000000,0.000000,0.000000,0.000000,0.000000,0.000000,0.000000,0.000000,0.000000,0.000000,0.000000,999.993448,999.992229,999.992914,999.994602,999.994261,999.994002,999.994365,999.995474,999.995942,999.996084,999.996227,999.996457,999.996695,999.997024,999.997376,999.997672,999.998043,999.998351,999.998565,999.998804,999.999026,999.999381,999.999626,999.999745,999.999765,999.999787,999.999808,1000.000108,1000.000664,1000.000701,1000.000572,1000.000299,1000.001069,1000.001215,1000.000595,0.000000,0.000000,0.000000,0.000000,0.000000,0.000000,0.000000,0.000000,0.000000,0.000000,0.000000,0.000000,0.000000,0.000000,0.000000,0.000000,0.000000,0.000000,0.000000,0.000000,0.000000,0.000000,0.000000,0.000000,0.000000,0.000000,0.000000,0.000000,0.000000,0.000000,0.000000,0.000000,0.000000,0.000000
0.000000,0.000000,0.000000,0.000000,0.000000,0.000000,0.000000,0.000000,0.000000,0.000000,0.000000,0.000000,0.000000,0.000000,0.000000,0.000000,0.000000,0.000000,0.000000,0.000000,0.000000,0.000000,0.000000,0.000000,0.000000,0.000000,0.000000,0.000000,0.000000,0.000000,0.000000,0.000000,999.992922,999.991789,999.993216,999.993081,999.993514,999.993928,999.994055,999.994319,999.994701,999.995215,999.995450,999.996017,999.996308,999.996439,999.996708,999.997005,999.997278,999.997571,999.998054,999.998275,999.998510,999.998717,999.999101,999.999248,999.999430,999.999542,999.999657,999.999723,999.999999,1000.000219,1000.000361,1000.000431,1000.000534,1000.000582,1000.000546,1000.000698,1000.000686,1000.001130,1000.000642,0.000000,0.000000,0.000000,0.000000,0.000000,0.000000,0.000000,0.000000,0.000000,0.000000,0.000000,0.000000,0.000000,0.000000,0.000000,0.000000,0.000000,0.000000,0.000000,0.000000,0.000000,0.000000,0.000000,0.000000,0.000000,0.000000,0.000000,0.000000,0.000000,0.000000,0.000000,0.000000
0.000000,0.000000,0.000000,0.000000,0.000000,0.000000,0.000000,0.000000,0.000000,0.000000,0.000000,0.000000,0.000000,0.000000,0.000000,0.000000,0.000000,0.000000,0.000000,0.000000,0.000000,0.000000,0.000000,0.000000,0.000000,0.000000,0.000000,0.000000,0.000000,0.000000,999.991746,999.990660,999.992450,999.992853,999.993003,999.993046,999.993446,999.993726,999.994061,999.994413,999.994749,999.995047,999.995503,999.995901,999.996156,999.996433,999.996691,999.997090,999.997308,999.997604,999.997848,999.998185,999.998447,999.998802,999.998972,999.999153,999.999349,999.999513,999.999749,999.999836,999.999979,1000.000088,1000.000266,1000.000311,1000.000412,1000.000549,1000.000642,1000.000666,1000.000706,1000.000743,1000.000766,1000.001317,1000.000873,0.000000,0.000000,0.000000,0.000000,0.000000,0.000000,0.000000,0.000000,0.000000,0.000000,0.000000,0.000000,0.000000,0.000000,0.000000,0.000000,0.000000,0.000000,0.000000,0.000000,0.000000,0.000000,0.000000,0.000000,0.000000,0.000000,0.000000,0.000000,0.000000,0.000000
0.000000,0.000000,0.000000,0.000000,0.000000,0.000000,0.000000,0.000000,0.000000,0.000000,0.000000,0.000000,0.000000,0.000000,0.000000,0.000000,0.000000,0.000000,0.000000,0.000000,0.000000,0.000000,0.000000,0.000000,0.000000,0.000000,0.000000,0.000000,999.990597,999.989656,999.991350,999.991903,999.992255,999.992483,999.992709,999.993041,999.993397,999.993631,999.993980,999.994383,999.994718,999.995007,999.995457,999.995686,999.995996,999.996405,999.996745,999.997022,999.997363,999.997701,999.997894,999.998190,999.998486,999.998730,999.998850,999.999146,999.999339,999.999573,999.999708,999.999920,999.999938,1000.000084,1000.000254,1000.000441,1000.000497,1000.000576,1000.000648,1000.000730,1000.000739,1000.000783,1000.000877,1000.000915,1000.001065,1000.001556,1000.001069,0.000000,0.000000,0.000000,0.000000,0.000000,0.000000,0.000000,0.000000,0.000000,0.000000,0.000000,0.000000,0.000000,0.000000,0.000000,0.000000,0.000000,0.000000,0.000000,0.000000,0.000000,0.000000,0.000000,0.000000,0.000000,0.000000,0.000000,0.000000
0.000000,0.000000,0.000000,0.000000,0.000000,0.000000,0.000000,0.000000,0.000000,0.000000,0.000000,0.000000,0.000000,0.000000,0.000000,0.000000,0.000000,0.000000,0.000000,0.000000,0.000000,0.000000,0.000000,0.000000,0.000000,0.000000,999.989491,999.988785,999.990237,999.990841,999.991130,999.991529,999.991842,999.992251,999.992603,999.992917,999.993236,999.993607,999.993902,999.994334,999.994593,999.994971,999.995403,999.995725,999.996056,999.996358,999.996660,999.996889,999.997334,999.997666,999.997937,999.998155,999.998430,999.998720,999.998981,999.999202,999.999309,999.999478,999.999641,999.999867,1000.000006,1000.000101,1000.000281,1000.000380,1000.000441,1000.000480,1000.000620,1000.000741,1000.000693,1000.000786,1000.000898,1000.001011,1000.000989,1000.001093,1000.001241,1000.001676,1000.001194,0.000000,0.000000,0.000000,0.000000,0.000000,0.000000,0.000000,0.000000,0.000000,0.000000,0.000000,0.000000,0.000000,0.000000,0.000000,0.000000,0.000000,0.000000,0.000000,0.000000,0.000000,0.000000,0.000000,0.000000,0.000000,0.000000
0.000000,0.000000,0.000000,0.000000,0.000000,0.000000,0.000000,0.000000,0.000000,0.000000,0.000000,0.000000,0.000000,0.000000,0.000000,0.000000,0.000000,0.000000,0.000000,0.000000,0.000000,0.000000,0.000000,0.000000,999.988761,999.988243,999.989416,999.989951,999.990241,999.990601,999.990960,999.991481,999.991833,999.992138,999.992525,999.992892,999.993139,999.993550,999.993854,999.994218,999.994471,999.994947,999.995273,999.995686,999.996010,999.996352,999.996643,999.997044,999.997280,999.997537,999.997857,999.998191,999.998432,999.998667,999.999030,999.999184,999.999391,999.999586,999.999751,999.999797,1000.000064,1000.000201,1000.000273,1000.000354,1000.000545,1000.000607,1000.000566,1000.000724,1000.000773,1000.000892,1000.000887,1000.000955,1000.001081,1000.001078,1000.001122,1000.001273,1000.001324,1000.001655,1000.001317,0.000000,0.000000,0.000000,0.000000,0.000000,0.000000,0.000000,0.000000,0.000000,0.000000,0.000000,0.000000,0.000000,0.000000,0.000000,0.000000,0.000000,0.000000,0.000000,0.000000,0.000000,0.000000,0.000000,0.000000
0.000000,0.000000,0.000000,0.000000,0.000000,0.000000,0.000000,0.000000,0.000000,0.000000,0.000000,0.000000,0.000000,0.000000,0.000000,0.000000,0.000000,0.000000,0.000000,0.000000,0.000000,0.000000,0.000000,999.989171,999.988745,999.989110,999.989440,999.989804,999.990064,999.990534,999.990966,999.991305,999.991645,999.991948,999.992414,999.992740,999.993079,999.993407,999.993761,999.994084,999.994620,999.994910,999.995232,999.995565,999.995916,999.996307,999.996676,999.997065,999.997309,999.997625,999.997937,999.998280,999.998520,999.998703,999.999020,999.999194,999.999421,999.999629,999.999820,999.999891,1000.000119,1000.000227,1000.000306,1000.000373,1000.000517,1000.000761,1000.000686,1000.000750,1000.000810,1000.000947,1000.000956,1000.000960,1000.001071,1000.001117,1000.001147,1000.001198,1000.001264,1000.001324,1000.001360,1000.001198,0.000000,0.000000,0.000000,0.000000,0.000000,0.000000,0.000000,0.000000,0.000000,0.000000,0.000000,0.000000,0.000000,0.000000,0.000000,0.000000,0.000000,0.000000,0.000000,0.000000,0.000000,0.000000,0.000000
0.000000,0.000000,0.000000,0.000000,0.000000,0.000000,0.000000,0.000000,0.000000,0.000000,0.000000,0.000000,0.000000,0.000000,0.000000,0.000000,0.000000,0.000000,0.000000,0.000000,0.000000,999.987721,999.987291,999.988674,999.989020,999.989323,999.989376,999.989702,999.990070,999.990512,999.990836,999.991221,999.991462,999.991868,999.992180,999.992565,999.993003,999.993284,999.993650,999.994099,999.994443,999.994798,999.995194,999.995539,999.995969,999.996264,999.996638,999.996895,999.997333,999.997646,999.997964,999.998315,999.998531,999.998869,999.998958,999.999278,999.999459,999.999616,999.999794,1000.000037,1000.000203,1000.000247,1000.000443,1000.000490,1000.000525,1000.000645,1000.000780,1000.000837,1000.000874,1000.000890,1000.000916,1000.000993,1000.001078,1000.001194,1000.001173,1000.001192,1000.001236,1000.001192,1000.001301,1000.001307,1000.001694,1000.001416,0.000000,0.000000,0.000000,0.000000,0.000000,0.000000,0.000000,0.000000,0.000000,0.000000,0.000000,0.000000,0.000000,0.000000,0.000000,0.000000,0.000000,0.000000,0.000000,0.000000,0.000000
0.000000,0.000000,0.000000,0.000000,0.000000,0.000000,0.000000,0.000000,0.000000,0.000000,0.000000,0.000000,0.000000,0.000000,0.000000,0.000000,0.000000,0.000000,0.000000,0.000000,999.988002,999.987943,999.988233,999.988574,999.988935,999.989107,999.989404,999.989728,999.990117,999.990429,999.990742,999.990998,999.991346,999.991823,999.992146,999.992468,999.992827,999.993195,999.993629,999.994009,999.994284,999.994741,999.995179,999.995529,999.995968,999.996344,999.996659,999.997013,999.997435,999.997729,999.998046,999.998304,999.998640,999.998879,999.999059,999.999364,999.999630,999.999817,999.999949,1000.000159,1000.000158,1000.000336,1000.000551,1000.000677,1000.000600,1000.000698,1000.000819,1000.000841,1000.000928,1000.001004,1000.001062,1000.001080,1000.001087,1000.001160,1000.001217,1000.001213,1000.001269,1000.001230,1000.001229,1000.001310,1000.001360,1000.001421,1000.001398,0.000000,0.000000,0.000000,0.000000,0.000000,0.000000,0.000000,0.000000,0.000000,0.000000,0.000000,0.000000,0.000000,0.000000,0.000000,0.000000,0.000000,0.000000,0.000000,0.000000
0.000000,0.000000,0.000000,0.000000,0.000000,0.000000,0.000000,0.000000,0.000000,0.000000,0.000000,0.000000,0.000000,0.000000,0.000000,0.000000,0.000000,0.000000,0.000000,999.987754,999.987947,999.988087,999.988366,999.988603,999.988890,999.989049,999.989431,999.989702,999.989994,999.990264,999.990481,999.990839,999.991297,999.991704,999.992008,999.992283,999.992648,999.993038,999.993466,999.993830,999.994265,999.994727,999.995088,999.995427,999.995871,999.996246,999.996675,999.997129,999.997367,999.997759,999.998100,999.998359,999.998617,999.998982,999.999260,999.999462,999.999671,999.999919,1000.000060,1000.000154,1000.000357,1000.000422,1000.000577,1000.000714,1000.000803,1000.000842,1000.000902,1000.000925,1000.000982,1000.001057,1000.001117,1000.001139,1000.001170,1000.001081,1000.001177,1000.001226,1000.001273,1000.001349,1000.001240,1000.001232,1000.001351,1000.001403,1000.001351,1000.001327,0.000000,0.000000,0.000000,0.000000,0.000000,0.000000,0.000000,0.000000,0.000000,0.000000,0.000000,0.000000,0.000000,0.000000,0.000000,0.000000,0.000000,0.000000,0.000000
0.000000,0.000000,0.000000,0.000000,0.000000,0.000000,0.000000,0.000000,0.000000,0.000000,0.000000,0.000000,0.000000,0.000000,0.000000,0.000000,0.000000,0.000000,999.987423,999.987777,999.988052,999.988179,999.988465,999.988702,999.988838,999.989080,999.989423,999.989634,999.989896,999.990128,999.990477,999.990877,999.991185,999.991449,999.991692,999.992122,999.992584,999.992973,999.993410,999.993722,999.994140,999.994620,999.994996,999.995453,999.995930,999.996257,999.996786,999.997139,999.997405,999.997774,999.998206,999.998527,999.998762,999.999163,999.999389,999.999591,999.999710,999.999958,1000.000149,1000.000324,1000.000526,1000.000638,1000.000632,1000.000758,1000.000920,1000.000985,1000.001069,1000.001076,1000.001100,1000.001117,1000.001148,1000.001137,1000.001273,1000.001241,1000.001253,1000.001197,1000.001275,1000.001347,1000.001440,1000.001212,1000.001301,1000.001343,1000.001335,1000.001410,1000.001478,0.000000,0.000000,0.000000,0.000000,0.000000,0.000000,0.000000,0.000000,0.000000,0.000000,0.000000,0.000000,0.000000,0.000000,0.000000,0.000000,0.000000,0.000000
0.000000,0.000000,0.000000,0.000000,0.000000,0.000000,0.000000,0.000000,0.000000,0.000000,0.000000,0.000000,0.000000,0.000000,0.000000,0.000000,0.000000,999.987430,999.987640,999.987940,999.988067,999.988280,999.988447,999.988558,999.988771,999.989096,999.989307,999.989493,999.989717,999.990013,999.990354,999.990623,999.990867,999.991165,999.991577,999.992023,999.992431,999.992834,999.993204,999.993680,999.994108,999.994534,999.994968,999.995508,999.995890,999.996316,999.996712,999.997081,999.997581,999.997938,999.998294,999.998577,999.998962,999.999189,999.999476,999.999737,999.999936,1000.000143,1000.000407,1000.000502,1000.000629,1000.000802,1000.000803,1000.000948,1000.000993,1000.001030,1000.001100,1000.001241,1000.001203,1000.001227,1000.001288,1000.001181,1000.001299,1000.001341,1000.001312,1000.001318,1000.001271,1000.001248,1000.001408,1000.001346,1000.001267,1000.001351,1000.001319,1000.001325,1000.001467,1000.001344,0.000000,0.000000,0.000000,0.000000,0.000000,0.000000,0.000000,0.000000,0.000000,0.000000,0.000000,0.000000,0.000000,0.000000,0.000000,0.000000,0.000000
0.000000,0.000000,0.000000,0.000000,0.000000,0.000000,0.000000,0.000000,0.000000,0.000000,0.000000,0.000000,0.000000,0.000000,0.000000,0.000000,999.987156,999.987575,999.987755,999.987905,999.988056,999.988259,999.988440,999.988662,999.988851,999.988999,999.989149,999.989375,999.989666,999.989926,999.990146,999.990459,999.990683,999.991135,999.991505,999.991833,999.992173,999.992496,999.993008,999.993535,999.994017,999.994430,999.994890,999.995435,999.995803,999.996301,999.996736,999.997185,999.997646,999.998095,999.998362,999.998729,999.999110,999.999257,999.999627,999.999843,1000.000126,1000.000290,1000.000489,1000.000565,1000.000737,1000.000924,1000.001007,1000.001138,1000.001179,1000.001228,1000.001234,1000.001265,1000.001339,1000.001390,1000.001405,1000.001403,1000.001323,1000.001405,1000.001339,1000.001353,1000.001353,1000.001307,1000.001284,1000.001405,1000.001326,1000.001394,1000.001352,1000.001354,1000.001462,1000.001446,1000.001561,0.000000,0.000000,0.000000,0.000000,0.000000,0.000000,0.000000,0.000000,0.000000,0.000000,0.000000,0.000000,0.000000,0.000000,0.000000,0.000000
0.000000,0.000000,0.000000,0.000000,0.000000,0.000000,0.000000,0.000000,0.000000,0.000000,0.000000,0.000000,0.000000,0.000000,0.000000,999.987430,999.987575,999.987651,999.987847,999.988014,999.988169,999.988335,999.988473,999.988592,999.988764,999.988885,999.989121,999.989338,999.989485,999.989694,999.989988,999.990203,999.990517,999.990871,999.991187,999.991608,999.991968,999.992462,999.992908,999.993347,999.993825,999.994379,999.994868,999.995365,999.995844,999.996421,999.996903,999.997295,999.997720,999.998157,999.998501,999.998915,999.999277,999.999580,999.999856,1000.000124,1000.000362,1000.000518,1000.000672,1000.000883,1000.001018,1000.001105,1000.001194,1000.001251,1000.001401,1000.001417,1000.001533,1000.001426,1000.001468,1000.001474,1000.001467,1000.001465,1000.001446,1000.001494,1000.001438,1000.001435,1000.001401,1000.001452,1000.001369,1000.001335,1000.001310,1000.001418,1000.001354,1000.001280,1000.001376,1000.001502,1000.001419,1000.001362,0.000000,0.000000,0.000000,0.000000,0.000000,0.000000,0.000000,0.000000,0.000000,0.000000,0.000000,0.000000,0.000000,0.000000,0.000000
0.000000,0.000000,0.000000,0.000000,0.000000,0.000000,0.000000,0.000000,0.000000,0.000000,0.000000,0.000000,0.000000,0.000000,999.987423,999.987640,999.987755,999.987847,999.988086,999.988162,999.988230,999.988392,999.988415,999.988542,999.988654,999.988846,999.988990,999.989110,999.989250,999.989503,999.989717,999.989959,999.990240,999.990573,999.990900,999.991342,999.991735,999.992278,999.992661,999.993111,999.993701,999.994286,999.994763,999.995307,999.995884,999.996433,999.996886,999.997412,999.997875,999.998253,999.998674,999.999110,999.999391,999.999739,999.999982,1000.000262,1000.000489,1000.000689,1000.000881,1000.001074,1000.001196,1000.001275,1000.001440,1000.001430,1000.001426,1000.001498,1000.001599,1000.001677,1000.001654,1000.001597,1000.001636,1000.001585,1000.001547,1000.001563,1000.001587,1000.001509,1000.001463,1000.001419,1000.001478,1000.001477,1000.001317,1000.001385,1000.001473,1000.001355,1000.001334,1000.001386,1000.001456,1000.001388,1000.001572,0.000000,0.000000,0.000000,0.000000,0.000000,0.000000,0.000000,0.000000,0.000000,0.000000,0.000000,0.000000,0.000000,0.000000
0.000000,0.000000,0.000000,0.000000,0.000000,0.000000,0.000000,0.000000,0.000000,0.000000,0.000000,0.000000,0.000000,999.987754,999.987777,999.987940,999.987905,999.988014,999.988162,999.988127,999.988239,999.988380,999.988476,999.988569,999.988668,999.988683,999.988783,999.988953,999.989105,999.989265,999.989493,999.989667,999.989971,999.990288,999.990646,999.990971,999.991453,999.991894,999.992487,999.993029,999.993611,999.994102,999.994761,999.995306,999.995921,999.996445,999.996965,999.997494,999.998055,999.998481,999.998972,999.999266,999.999647,999.999968,1000.000308,1000.000472,1000.000764,1000.000955,1000.001118,1000.001312,1000.001310,1000.001475,1000.001615,1000.001740,1000.001728,1000.001745,1000.001686,1000.001759,1000.001785,1000.001792,1000.001797,1000.001805,1000.001710,1000.001640,1000.001648,1000.001632,1000.001577,1000.001515,1000.001451,1000.001542,1000.001442,1000.001366,1000.001445,1000.001430,1000.001381,1000.001305,1000.001400,1000.001400,1000.001361,1000.001289,0.000000,0.000000,0.000000,0.000000,0.000000,0.000000,0.000000,0.000000,0.000000,0.000000,0.000000,0.000000,0.000000
0.000000,0.000000,0.000000,0.000000,0.000000,0.000000,0.000000,0.000000,0.000000,0.000000,0.000000,0.000000,999.988002,999.987947,999.988052,999.988067,999.988056,999.988169,999.988230,999.988239,999.988322,999.988401,999.988436,999.988401,999.988516,999.988574,999.988722,999.988745,999.988851,999.989002,999.989194,999.989308,999.989625,999.989944,999.990285,999.990627,999.991151,999.991641,999.992225,999.992815,999.993327,999.993967,999.994663,999.995323,999.995907,999.996505,999.997113,999.997643,999.998165,999.998651,999.999128,999.999436,999.999879,1000.000231,1000.000535,1000.000791,1000.001056,1000.001238,1000.001411,1000.001548,1000.001682,1000.001762,1000.001802,1000.001837,1000.001967,1000.002080,1000.001996,1000.001918,1000.001923,1000.001938,1000.001910,1000.001883,1000.001849,1000.001796,1000.001747,1000.001714,1000.001658,1000.001622,1000.001517,1000.001538,1000.001471,1000.001391,1000.001365,1000.001396,1000.001452,1000.001363,1000.001310,1000.001463,1000.001368,1000.001382,1000.001477,0.000000,0.000000,0.000000,0.000000,0.000000,0.000000,0.000000,0.000000,0.000000,0.000000,0.000000,0.000000
0.000000,0.000000,0.000000,0.000000,0.000000,0.000000,0.000000,0.000000,0.000000,0.000000,0.000000,999.987721,999.987943,999.988087,999.988179,999.988280,999.988259,999.988335,999.988392,999.988380,999.988401,999.988398,999.988358,999.988411,999.988491,999.988468,999.988439,999.988462,999.988564,999.988658,999.988766,999.988967,999.989237,999.989546,999.989829,999.990285,999.990799,999.991293,999.991840,999.992469,999.993205,999.993876,999.994580,999.995266,999.995916,999.996604,999.997273,999.997870,999.998371,999.998899,999.999362,999.999869,1000.000230,1000.000518,1000.000759,1000.001077,1000.001286,1000.001466,1000.001632,1000.001804,1000.001945,1000.002079,1000.002082,1000.002096,1000.002078,1000.002175,1000.002229,1000.002239,1000.002148,1000.002104,1000.002067,1000.002014,1000.001968,1000.001892,1000.001888,1000.001839,1000.001794,1000.001705,1000.001626,1000.001580,1000.001594,1000.001484,1000.001485,1000.001363,1000.001412,1000.001378,1000.001308,1000.001356,1000.001394,1000.001440,1000.001467,1000.001323,0.000000,0.000000,0.000000,0.000000,0.000000,0.000000,0.000000,0.000000,0.000000,0.000000,0.000000
0.000000,0.000000,0.000000,0.000000,0.000000,0.000000,0.000000,0.000000,0.000000,0.000000,0.000000,999.987291,999.988233,999.988366,999.988465,999.988447,999.988440,999.988473,999.988415,999.988476,999.988436,999.988358,999.988454,999.988359,999.988268,999.988164,999.988206,999.988289,999.988273,999.988339,999.988410,999.988584,999.988809,999.989002,999.989318,999.989836,999.990349,999.990846,999.991516,999.992209,999.993016,999.993751,999.994524,999.995236,999.996047,999.996792,999.997459,999.998094,999.998675,999.999189,999.999635,1000.000120,1000.000509,1000.000777,1000.001156,1000.001420,1000.001638,1000.001839,1000.001964,1000.002107,1000.002164,1000.002257,1000.002355,1000.002463,1000.002419,1000.002343,1000.002360,1000.002402,1000.002367,1000.002320,1000.002248,1000.002226,1000.002175,1000.002087,1000.001949,1000.001884,1000.001849,1000.001784,1000.001782,1000.001608,1000.001637,1000.001510,1000.001547,1000.001446,1000.001456,1000.001442,1000.001330,1000.001281,1000.001347,1000.001337,1000.001403,1000.001648,0.000000,0.000000,0.000000,0.000000,0.000000,0.000000,0.000000,0.000000,0.000000,0.000000,0.000000
0.000000,0.000000,0.000000,0.000000,0.000000,0.000000,0.000000,0.000000,0.000000,0.000000,999.989171,999.988674,999.988574,999.988603,999.988702,999.988558,999.988662,999.988592,999.988542,999.988569,999.988401,999.988411,999.988359,999.988192,999.988150,999.988147,999.988069,999.987992,999.987877,999.987883,999.987914,999.988014,999.988183,999.988438,999.988827,999.989309,999.989734,999.990410,999.991124,999.991925,999.992682,999.993531,999.994393,999.995280,999.996122,999.996855,999.997572,999.998299,999.998933,999.999519,1000.000000,1000.000470,1000.000784,1000.001192,1000.001523,1000.001781,1000.001940,1000.002162,1000.002342,1000.002380,1000.002518,1000.002551,1000.002586,1000.002695,1000.002708,1000.002657,1000.002615,1000.002572,1000.002547,1000.002536,1000.002446,1000.002357,1000.002301,1000.002235,1000.002192,1000.002111,1000.001930,1000.001859,1000.001821,1000.001755,1000.001610,1000.001637,1000.001478,1000.001464,1000.001386,1000.001502,1000.001421,1000.001352,1000.001397,1000.001399,1000.001333,1000.001378,1000.001330,0.000000,0.000000,0.000000,0.000000,0.000000,0.000000,0.000000,0.000000,0.000000,0.000000
0.000000,0.000000,0.000000,0.000000,0.000000,0.000000,0.000000,0.000000,0.000000,999.988761,999.988745,999.989020,999.988935,999.988890,999.988838,999.988771,999.988851,999.988764,999.988654,999.988668,999.988516,999.988491,999.988268,999.988150,999.988096,999.987827,999.987695,999.987549,999.987457,999.987465,999.987472,999.987506,999.987617,999.987860,999.988177,999.988554,999.989126,999.989842,999.990651,999.991491,999.992356,999.993420,999.994392,999.995355,999.996221,999.997105,999.997885,999.998606,999.999250,999.999887,1000.000428,1000.000874,1000.001259,1000.001671,1000.001920,1000.002102,1000.002341,1000.002485,1000.002653,1000.002770,1000.002892,1000.002934,1000.002913,1000.002890,1000.002921,1000.002937,1000.002885,1000.002842,1000.002760,1000.002715,1000.002659,1000.002555,1000.002497,1000.002292,1000.002245,1000.002250,1000.002126,1000.001971,1000.001909,1000.001864,1000.001722,1000.001647,1000.001631,1000.001542,1000.001388,1000.001390,1000.001370,1000.001344,1000.001306,1000.001344,1000.001343,1000.001380,1000.001355,1000.001303,0.000000,0.000000,0.000000,0.000000,0.000000,0.000000,0.000000,0.000000,0.000000
0.000000,0.000000,0.000000,0.000000,0.000000,0.000000,0.000000,0.000000,0.000000,999.988243,999.989110,999.989323,999.989107,999.989049,999.989080,999.989096,999.988999,999.988885,999.988846,999.988683,999.988574,999.988468,999.988164,999.988147,999.987827,999.987666,999.987561,999.987274,999.987179,999.986958,999.986799,999.986736,999.986846,999.987009,999.987321,999.987785,999.988411,999.989197,999.990028,999.991024,999.992126,999.993215,999.994250,999.995337,999.996384,999.997398,999.998287,999.999091,999.999753,1000.000370,1000.000831,1000.001296,1000.001733,1000.001999,1000.002351,1000.002536,1000.002775,1000.002908,1000.003025,1000.003122,1000.003170,1000.003228,1000.003242,1000.003217,1000.003223,1000.003203,1000.003154,1000.003056,1000.002987,1000.002863,1000.002778,1000.002723,1000.002667,1000.002532,1000.002393,1000.002274,1000.002237,1000.002094,1000.001979,1000.001900,1000.001858,1000.001713,1000.001599,1000.001606,1000.001538,1000.001446,1000.001448,1000.001373,1000.001282,1000.001236,1000.001288,1000.001300,1000.001383,1000.001633,0.000000,0.000000,0.000000,0.000000,0.000000,0.000000,0.000000,0.000000,0.000000
0.000000,0.000000,0.000000,0.000000,0.000000,0.000000,0.000000,0.000000,999.989491,999.989416,999.989440,999.989376,999.989404,999.989431,999.989423,999.989307,999.989149,999.989121,999.988990,999.988783,999.988722,999.988439,999.988206,999.988069,999.987695,999.987561,999.987176,999.986824,999.986543,999.986304,999.986115,999.986086,999.986073,999.986118,999.986443,999.986845,999.987531,999.988354,999.989332,999.990536,999.991762,999.992973,999.994298,999.995586,999.996694,999.997673,999.998559,999.999420,1000.000172,1000.000836,1000.001387,1000.001845,1000.002245,1000.002522,1000.002788,1000.003035,1000.003192,1000.003357,1000.003428,1000.003480,1000.003503,1000.003562,1000.003618,1000.003552,1000.003502,1000.003465,1000.003413,1000.003342,1000.003260,1000.003173,1000.003012,1000.002903,1000.002840,1000.002729,1000.002595,1000.002443,1000.002358,1000.002279,1000.002072,1000.001985,1000.001889,1000.001831,1000.001649,1000.001567,1000.001548,1000.001389,1000.001387,1000.001468,1000.001399,1000.001290,1000.001347,1000.001291,1000.001289,1000.001351,1000.001392,0.000000,0.000000,0.000000,0.000000,0.000000,0.000000,0.000000,0.000000
0.000000,0.000000,0.000000,0.000000,0.000000,0.000000,0.000000,0.000000,999.988785,999.989951,999.989804,999.989702,999.989728,999.989702,999.989634,999.989493,999.989375,999.989338,999.989110,999.988953,999.988745,999.988462,999.988289,999.987992,999.987549,999.987274,999.986824,999.986354,999.986276,999.985874,999.985459,999.985220,999.984953,999.984958,999.985222,999.985643,999.986458,999.987323,999.988517,999.989839,999.991266,999.992778,999.994305,999.995702,999.996976,999.998219,999.999263,1000.000153,1000.000811,1000.001415,1000.001998,1000.002392,1000.002829,1000.003109,1000.003307,1000.003527,1000.003695,1000.003757,1000.003858,1000.003914,1000.003923,1000.003894,1000.003883,1000.003896,1000.003763,1000.003712,1000.003641,1000.003539,1000.003461,1000.003376,1000.003272,1000.003086,1000.002966,1000.002851,1000.002748,1000.002579,1000.002429,1000.002367,1000.002183,1000.002086,1000.001969,1000.001873,1000.001757,1000.001706,1000.001551,1000.001526,1000.001397,1000.001343,1000.001321,1000.001223,1000.001351,1000.001303,1000.001192,1000.001391,1000.001590,0.000000,0.000000,0.000000,0.000000,0.000000,0.000000,0.000000,0.000000
0.000000,0.000000,0.000000,0.000000,0.000000,0.000000,0.000000,999.990597,999.990237,999.990241,999.990064,999.990070,999.990117,999.989994,999.989896,999.989717,999.989666,999.989485,999.989250,999.989105,999.988851,999.988564,999.988273,999.987877,999.987457,999.987179,999.986543,999.986276,999.985755,999.984804,999.984451,999.984087,999.983842,999.983794,999.983910,999.984334,999.985014,999.986058,999.987500,999.989103,999.990912,999.992782,999.994455,999.995961,999.997417,999.998676,999.999810,1000.000792,1000.001575,1000.002170,1000.002668,1000.003089,1000.003382,1000.003688,1000.003886,1000.004065,1000.004164,1000.004226,1000.004290,1000.004341,1000.004373,1000.004322,1000.004222,1000.004179,1000.004159,1000.004038,1000.003956,1000.003833,1000.003654,1000.003583,1000.003476,1000.003295,1000.003157,1000.003003,1000.002828,1000.002727,1000.002571,1000.002460,1000.002279,1000.002139,1000.002039,1000.001893,1000.001798,1000.001728,1000.001656,1000.001442,1000.001464,1000.001489,1000.001359,1000.001234,1000.001257,1000.001321,1000.001166,1000.001279,1000.001341,1000.001146,0.000000,0.000000,0.000000,0.000000,0.000000,0.000000,0.000000
0.000000,0.000000,0.000000,0.000000,0.000000,0.000000,0.000000,999.989656,999.990841,999.990601,999.990534,999.990512,999.990429,999.990264,999.990128,999.990013,999.989926,999.989694,999.989503,999.989265,999.989002,999.988658,999.988339,999.987883,999.987465,999.986958,999.986304,999.985874,999.984804,999.984286,999.984033,999.983178,999.982563,999.982199,999.982024,999.982355,999.983298,999.984569,999.986319,999.988192,999.990277,999.992528,999.994599,999.996565,999.998323,999.999657,1000.000662,1000.001532,1000.002361,1000.002967,1000.003462,1000.003834,1000.004077,1000.004335,1000.004493,1000.004592,1000.004653,1000.004780,1000.004776,1000.004718,1000.004695,1000.004697,1000.004629,1000.004531,1000.004449,1000.004343,1000.004195,1000.004136,1000.003938,1000.003762,1000.003686,1000.003483,1000.003338,1000.003251,1000.003027,1000.002874,1000.002735,1000.002531,1000.002424,1000.002264,1000.002159,1000.001985,1000.001827,1000.001700,1000.001717,1000.001570,1000.001380,1000.001326,1000.001366,1000.001306,1000.001246,1000.001264,1000.001220,1000.001202,1000.001177,1000.001604,0.000000,0.000000,0.000000,0.000000,0.000000,0.000000,0.000000
0.000000,0.000000,0.000000,0.000000,0.000000,0.000000,999.991746,999.991350,999.991130,999.990960,999.990966,999.990836,999.990742,999.990481,999.990477,999.990354,999.990146,999.989988,999.989717,999.989493,999.989194,999.988766,999.988410,999.987914,999.987472,999.986799,999.986115,999.985459,999.984451,999.984033,999.982884,999.981365,999.980745,999.980221,999.979985,999.980437,999.981204,999.982505,999.984662,999.987185,999.989946,999.992594,999.995015,999.997152,999.999006,1000.000632,1000.001825,1000.002713,1000.003379,1000.003885,1000.004298,1000.004642,1000.004869,1000.005030,1000.005137,1000.005236,1000.005247,1000.005282,1000.005249,1000.005212,1000.005119,1000.005068,1000.004970,1000.004894,1000.004729,1000.004635,1000.004457,1000.004357,1000.004185,1000.004001,1000.003866,1000.003694,1000.003486,1000.003353,1000.003176,1000.002968,1000.002873,1000.002693,1000.002480,1000.002364,1000.002216,1000.002111,1000.001916,1000.001710,1000.001632,1000.001585,1000.001530,1000.001376,1000.001273,1000.001275,1000.001190,1000.001144,1000.001159,1000.001148,1000.001156,1000.001150,1000.001022,0.000000,0.000000,0.000000,0.000000,0.000000,0.000000
0.000000,0.000000,0.000000,0.000000,0.000000,0.000000,999.990660,999.991903,999.991529,999.991481,999.991305,999.991221,999.990998,999.990839,999.990877,999.990623,999.990459,999.990203,999.989959,999.989667,999.989308,999.988967,999.988584,999.988014,999.987506,999.986736,999.986086,999.985220,999.984087,999.983178,999.981365,999.980270,999.979783,999.978414,999.977472,999.977274,999.977977,999.979748,999.982445,999.985934,999.989471,999.992868,999.996130,999.998663,1000.000385,1000.001827,1000.003040,1000.003901,1000.004547,1000.004946,1000.005267,1000.005484,1000.005651,1000.005760,1000.005810,1000.005867,1000.005843,1000.005776,1000.005733,1000.005688,1000.005598,1000.005479,1000.005340,1000.005234,1000.005076,1000.004935,1000.004780,1000.004586,1000.004459,1000.004225,1000.004085,1000.003883,1000.003678,1000.003483,1000.003343,1000.003115,1000.002922,1000.002748,1000.002555,1000.002356,1000.002231,1000.002101,1000.001977,1000.001909,1000.001728,1000.001557,1000.001516,1000.001386,1000.001311,1000.001272,1000.001275,1000.001154,1000.001176,1000.001186,1000.000985,1000.000966,1000.001473,0.000000,0.000000,0.000000,0.000000,0.000000,0.000000
0.000000,0.000000,0.000000,0.000000,0.000000,999.992922,999.992450,999.992255,999.991842,999.991833,999.991645,999.991462,999.991346,999.991297,999.991185,999.990867,999.990683,999.990517,999.990240,999.989971,999.989625,999.989237,999.988809,999.988183,999.987617,999.986846,999.986073,999.984953,999.983842,999.982563,999.980745,999.979783,999.977662,999.974678,999.973553,999.973321,999.973920,999.976358,999.979964,999.984160,999.988919,999.993308,999.997128,1000.000241,1000.002349,1000.003767,1000.004696,1000.005320,1000.005791,1000.006154,1000.006377,1000.006462,1000.006522,1000.006545,1000.006534,1000.006479,1000.006440,1000.006361,1000.006242,1000.006173,1000.006013,1000.005883,1000.005762,1000.005596,1000.005415,1000.005218,1000.005052,1000.004828,1000.004697,1000.004464,1000.004255,1000.004089,1000.003846,1000.003625,1000.003462,1000.003260,1000.003066,1000.002884,1000.002708,1000.002493,1000.002306,1000.002167,1000.001971,1000.001833,1000.001827,1000.001519,1000.001546,1000.001441,1000.001251,1000.001249,1000.001122,1000.001073,1000.001055,1000.001097,1000.001106,1000.001022,1000.000985,1000.000794,0.000000,0.000000,0.000000,0.000000,0.000000
0.000000,0.000000,0.000000,0.000000,0.000000,999.991789,999.992853,999.992483,999.992251,999.992138,999.991948,999.991868,999.991823,999.991704,999.991449,999.991165,999.991135,999.990871,999.990573,999.990288,999.989944,999.989546,999.989002,999.988438,999.987860,999.987009,999.986118,999.984958,999.983794,999.982199,999.980221,999.978414,999.974678,999.972178,999.970813,999.968575,999.968954,999.971798,999.976344,999.983066,999.989826,999.995412,999.999732,1000.002536,1000.004561,1000.005833,1000.006605,1000.007042,1000.007283,1000.007405,1000.007441,1000.007453,1000.007393,1000.007376,1000.007264,1000.007139,1000.007026,1000.006916,1000.006767,1000.006606,1000.006454,1000.006281,1000.006098,1000.005951,1000.005721,1000.005556,1000.005342,1000.005106,1000.004896,1000.004682,1000.004447,1000.004255,1000.004036,1000.003811,1000.003576,1000.003366,1000.003152,1000.002978,1000.002777,1000.002564,1000.002385,1000.002214,1000.002052,1000.001796,1000.001766,1000.001603,1000.001484,1000.001477,1000.001261,1000.001283,1000.001143,1000.001036,1000.001066,1000.001052,1000.000896,1000.000972,1000.000849,1000.001229,0.000000,0.000000,0.000000,0.000000,0.000000
0.000000,0.000000,0.000000,0.000000,999.993448,999.993216,999.993003,999.992709,999.992603,999.992525,999.992414,999.992180,999.992146,999.992008,999.991692,999.991577,999.991505,999.991187,999.990900,999.990646,999.990285,999.989829,999.989318,999.988827,999.988177,999.987321,999.986443,999.985222,999.983910,999.982024,999.979985,999.977472,999.973553,999.970813,999.965710,999.959620,999.958095,999.961055,999.968686,999.979367,999.990327,999.999015,1000.004040,1000.006462,1000.007763,1000.008379,1000.008756,1000.008859,1000.008869,1000.008720,1000.008624,1000.008493,1000.008354,1000.008180,1000.008035,1000.007853,1000.007656,1000.007469,1000.007320,1000.007130,1000.006930,1000.006711,1000.006465,1000.006269,1000.006057,1000.005832,1000.005633,1000.005375,1000.005128,1000.004908,1000.004645,1000.004408,1000.004177,1000.003962,1000.003712,1000.003460,1000.003199,1000.003067,1000.002858,1000.002603,1000.002434,1000.002246,1000.002109,1000.001913,1000.001770,1000.001635,1000.001410,1000.001398,1000.001285,1000.001188,1000.001171,1000.001086,1000.000997,1000.000958,1000.000945,1000.001035,1000.000910,1000.000794,1000.000856,0.000000,0.000000,0.000000,0.000000
0.000000,0.000000,0.000000,0.000000,999.992229,999.993081,999.993046,999.993041,999.992917,999.992892,999.992740,999.992565,999.992468,999.992283,999.992122,999.992023,999.991833,999.991608,999.991342,999.990971,999.990627,999.990285,999.989836,999.989309,999.988554,999.987785,999.986845,999.985643,999.984334,999.982355,999.980437,999.977274,999.973321,999.968575,999.959620,999.949101,999.946541,999.954135,999.965865,999.980682,999.996368,1000.005726,1000.009258,1000.011114,1000.011476,1000.011383,1000.011095,1000.010782,1000.010439,1000.010149,1000.009855,1000.009579,1000.009279,1000.008977,1000.008733,1000.008521,1000.008293,1000.008048,1000.007812,1000.007579,1000.007352,1000.007158,1000.006883,1000.006644,1000.006392,1000.006122,1000.005867,1000.005640,1000.005368,1000.005082,1000.004866,1000.004569,1000.004295,1000.004029,1000.003864,1000.003625,1000.003305,1000.003089,1000.002865,1000.002645,1000.002474,1000.002275,1000.002109,1000.001940,1000.001781,1000.001635,1000.001498,1000.001390,1000.001251,1000.001105,1000.001070,1000.001037,1000.000966,1000.000955,1000.000815,1000.000907,1000.000960,1000.000877,1000.001333,0.000000,0.000000,0.000000,0.000000
