0.000000,0.000000,0.000000,0.000000,0.000000,0.000000,0.000000,0.000000,0.000000,0.000000,0.000000,0.000000,0.000000,0.000000,0.000000,0.000000,0.000000,0.000000,0.000000,0.000000,0.000000,0.000000,0.000000,0.000000,0.000000,0.000000,0.000000,0.000000,0.000000,0.000000,0.000000,0.000000,0.000000,0.000000,0.000000,0.000000,0.000000,0.000000,0.000000,0.000000,0.000000,0.000000,0.000000,0.000000,0.000000,0.000000,0.000000,0.000000,0.000000,0.000000,0.000000,0.000000,0.000000,0.000000,0.000000,0.000000,0.000000,0.000000,0.000000,0.000000,0.000000,0.000000,0.000000,0.000000,0.000000,0.000000,0.000000,0.000000,0.000000,0.000000,0.000000,0.000000,0.000000,0.000000,0.000000,0.000000,0.000000,0.000000,0.000000,0.000000,0.000000,0.000000,0.000000,0.000000,0.000000,0.000000,0.000000,0.000000,0.000000,0.000000,0.000000,0.000000,0.000000,0.000000,0.000000,0.000000,0.000000,0.000000,0.000000,0.000000,0.000000,0.000000,0.000000
0.000000,0.000000,0.000000,0.000000,0.000000,0.000000,0.000000,0.000000,0.000000,0.000000,0.000000,0.000000,0.000000,0.000000,0.000000,0.000000,0.000000,0.000000,0.000000,0.000000,0.000000,0.000000,0.000000,0.000000,0.000000,0.000000,0.000000,0.000000,0.000000,0.000000,0.000000,0.000000,0.000000,0.000000,0.000000,0.000000,0.000000,0.000000,0.000000,0.000000,0.000000,0.000000,0.000000,0.000000,0.000000,0.000000,0.000000,0.000000,0.000000,0.000000,0.000000,1000.000067,0.000000,0.000000,0.000000,0.000000,0.000000,0.000000,0.000000,0.000000,0.000000,0.000000,0.000000,0.000000,0.000000,0.000000,0.000000,0.000000,0.000000,0.000000,0.000000,0.000000,0.000000,0.000000,0.000000,0.000000,0.000000,0.000000,0.000000,0.000000,0.000000,0.000000,0.000000,0.000000,0.000000,0.000000,0.000000,0.000000,0.000000,0.000000,0.000000,0.000000,0.000000,0.000000,0.000000,0.000000,0.000000,0.000000,0.000000,0.000000,0.000000,0.000000,0.000000
0.000000,0.000000,0.000000,0.000000,0.000000,0.000000,0.000000,0.000000,0.000000,0.000000,0.000000,0.000000,0.000000,0.000000,0.000000,0.000000,0.000000,0.000000,0.000000,0.000000,0.000000,0.000000,0.000000,0.000000,0.000000,0.000000,0.000000,0.000000,0.000000,0.000000,0.000000,0.000000,0.000000,0.000000,0.000000,0.000000,0.000000,0.000000,0.000000,0.000000,0.000000,0.000000,1000.000122,1000.000142,1000.000152,1000.000157,1000.000160,1000.000161,1000.000161,1000.000160,1000.000159,1000.000164,1000.000159,1000.000160,1000.000161,1000.000161,1000.000160,1000.000157,1000.000152,1000.000142,1000.000122,0.000000,0.000000,0.000000,0.000000,0.000000,0.000000,0.000000,0.000000,0.000000,0.000000,0.000000,0.000000,0.000000,0.000000,0.000000,0.000000,0.000000,0.000000,0.000000,0.000000,0.000000,0.000000,0.000000,0.000000,0.000000,0.000000,0.000000,0.000000,0.000000,0.000000,0.000000,0.000000,0.000000,0.000000,0.000000,0.000000,0.000000,0.000000,0.000000,0.000000,0.000000,0.000000
0.000000,0.000000,0.000000,0.000000,0.000000,0.000000,0.000000,0.000000,0.000000,0.000000,0.000000,0.000000,0.000000,0.000000,0.000000,0.000000,0.000000,0.000000,0.000000,0.000000,0.000000,0.000000,0.000000,0.000000,0.000000,0.000000,0.000000,0.000000,0.000000,0.000000,0.000000,0.000000,0.000000,0.000000,0.000000,0.000000,0.000000,1000.000117,1000.000146,1000.000170,1000.000189,1000.000204,1000.000218,1000.000231,1000.000241,1000.000248,1000.000251,1000.000253,1000.000254,1000.000254,1000.000254,1000.000255,1000.000254,1000.000254,1000.000254,1000.000253,1000.000251,1000.000248,1000.000241,1000.000231,1000.000218,1000.000204,1000.000189,1000.000170,1000.000146,1000.000117,0.000000,0.000000,0.000000,0.000000,0.000000,0.000000,0.000000,0.000000,0.000000,0.000000,0.000000,0.000000,0.000000,0.000000,0.000000,0.000000,0.000000,0.000000,0.000000,0.000000,0.000000,0.000000,0.000000,0.000000,0.000000,0.000000,0.000000,0.000000,0.000000,0.000000,0.000000,0.000000,0.000000,0.000000,0.000000,0.000000,0.000000
0.000000,0.000000,0.000000,0.000000,0.000000,0.000000,0.000000,0.000000,0.000000,0.000000,0.000000,0.000000,0.000000,0.000000,0.000000,0.000000,0.000000,0.000000,0.000000,0.000000,0.000000,0.000000,0.000000,0.000000,0.000000,0.000000,0.000000,0.000000,0.000000,0.000000,0.000000,0.000000,0.000000,0.000000,1000.000122,1000.000156,1000.000184,1000.000211,1000.000235,1000.000257,1000.000277,1000.000294,1000.000310,1000.000322,1000.000331,1000.000337,1000.000341,1000.000343,1000.000344,1000.000345,1000.000345,1000.000345,1000.000345,1000.000345,1000.000344,1000.000343,1000.000341,1000.000337,1000.000331,1000.000322,1000.000310,1000.000294,1000.000277,1000.000257,1000.000235,1000.000211,1000.000184,1000.000156,1000.000122,0.000000,0.000000,0.000000,0.000000,0.000000,0.000000,0.000000,0.000000,0.000000,0.000000,0.000000,0.000000,0.000000,0.000000,0.000000,0.000000,0.000000,0.000000,0.000000,0.000000,0.000000,0.000000,0.000000,0.000000,0.000000,0.000000,0.000000,0.000000,0.000000,0.000000,0.000000,0.000000,0.000000,0.000000
0.000000,0.000000,0.000000,0.000000,0.000000,0.000000,0.000000,0.000000,0.000000,0.000000,0.000000,0.000000,0.000000,0.000000,0.000000,0.000000,0.000000,0.000000,0.000000,0.000000,0.000000,0.000000,0.000000,0.000000,0.000000,0.000000,0.000000,0.000000,0.000000,0.000000,0.000000,0.000000,1000.000140,1000.000177,1000.000213,1000.000243,1000.000271,1000.000298,1000.000322,1000.000344,1000.000364,1000.000383,1000.000400,1000.000413,1000.000421,1000.000426,1000.000429,1000.000430,1000.000431,1000.000431,1000.000431,1000.000431,1000.000431,1000.000431,1000.000431,1000.000430,1000.000429,1000.000426,1000.000421,1000.000413,1000.000400,1000.000383,1000.000364,1000.000344,1000.000322,1000.000298,1000.000271,1000.000243,1000.000213,1000.000177,1000.000140,0.000000,0.000000,0.000000,0.000000,0.000000,0.000000,0.000000,0.000000,0.000000,0.000000,0.000000,0.000000,0.000000,0.000000,0.000000,0.000000,0.000000,0.000000,0.000000,0.000000,0.000000,0.000000,0.000000,0.000000,0.000000,0.000000,0.000000,0.000000,0.000000,0.000000,0.000000,0.000000
0.000000,0.000000,0.000000,0.000000,0.000000,0.000000,0.000000,0.000000,0.000000,0.000000,0.000000,0.000000,0.000000,0.000000,0.000000,0.000000,0.000000,0.000000,0.000000,0.000000,0.000000,0.000000,0.000000,0.000000,0.000000,0.000000,0.000000,0.000000,0.000000,0.000000,1000.000146,1000.000188,1000.000229,1000.000264,1000.000297,1000.000328,1000.000357,1000.000385,1000.000409,1000.000429,1000.000447,1000.000463,1000.000477,1000.000486,1000.000491,1000.000494,1000.000495,1000.000496,1000.000496,1000.000496,1000.000496,1000.000496,1000.000496,1000.000496,1000.000496,1000.000496,1000.000495,1000.000494,1000.000491,1000.000486,1000.000477,1000.000463,1000.000447,1000.000429,1000.000409,1000.000385,1000.000357,1000.000328,1000.000297,1000.000264,1000.000229,1000.000188,1000.000146,0.000000,0.000000,0.000000,0.000000,0.000000,0.000000,0.000000,0.000000,0.000000,0.000000,0.000000,0.000000,0.000000,0.000000,0.000000,0.000000,0.000000,0.000000,0.000000,0.000000,0.000000,0.000000,0.000000,0.000000,0.000000,0.000000,0.000000,0.000000,0.000000,0.000000
0.000000,0.000000,0.000000,0.000000,0.000000,0.000000,0.000000,0.000000,0.000000,0.000000,0.000000,0.000000,0.000000,0.000000,0.000000,0.000000,0.000000,0.000000,0.000000,0.000000,0.000000,0.000000,0.000000,0.000000,0.000000,0.000000,0.000000,0.000000,1000.000146,1000.000191,1000.000235,1000.000273,1000.000311,1000.000347,1000.000382,1000.000413,1000.000441,1000.000464,1000.000483,1000.000496,1000.000505,1000.000511,1000.000512,1000.000511,1000.000510,1000.000509,1000.000508,1000.000508,1000.000507,1000.000507,1000.000507,1000.000506,1000.000507,1000.000507,1000.000507,1000.000508,1000.000508,1000.000509,1000.000510,1000.000511,1000.000512,1000.000511,1000.000505,1000.000496,1000.000483,1000.000464,1000.000441,1000.000413,1000.000382,1000.000347,1000.000311,1000.000273,1000.000235,1000.000191,1000.000146,0.000000,0.000000,0.000000,0.000000,0.000000,0.000000,0.000000,0.000000,0.000000,0.000000,0.000000,0.000000,0.000000,0.000000,0.000000,0.000000,0.000000,0.000000,0.000000,0.000000,0.000000,0.000000,0.000000,0.000000,0.000000,0.000000,0.000000,0.000000
0.000000,0.000000,0.000000,0.000000,0.000000,0.000000,0.000000,0.000000,0.000000,0.000000,0.000000,0.000000,0.000000,0.000000,0.000000,0.000000,0.000000,0.000000,0.000000,0.000000,0.000000,0.000000,0.000000,0.000000,0.000000,0.000000,1000.000138,1000.000187,1000.000233,1000.000274,1000.000315,1000.000354,1000.000393,1000.000429,1000.000460,1000.000485,1000.000502,1000.000512,1000.000517,1000.000515,1000.000512,1000.000505,1000.000494,1000.000484,1000.000477,1000.000473,1000.000470,1000.000469,1000.000467,1000.000466,1000.000466,1000.000466,1000.000466,1000.000466,1000.000467,1000.000469,1000.000470,1000.000473,1000.000477,1000.000484,1000.000494,1000.000505,1000.000512,1000.000515,1000.000517,1000.000512,1000.000502,1000.000485,1000.000460,1000.000429,1000.000393,1000.000354,1000.000315,1000.000274,1000.000233,1000.000187,1000.000138,0.000000,0.000000,0.000000,0.000000,0.000000,0.000000,0.000000,0.000000,0.000000,0.000000,0.000000,0.000000,0.000000,0.000000,0.000000,0.000000,0.000000,0.000000,0.000000,0.000000,0.000000,0.000000,0.000000,0.000000,0.000000,0.000000
0.000000,0.000000,0.000000,0.000000,0.000000,0.000000,0.000000,0.000000,0.000000,0.000000,0.000000,0.000000,0.000000,0.000000,0.000000,0.000000,0.000000,0.000000,0.000000,0.000000,0.000000,0.000000,0.000000,0.000000,1000.000119,1000.000172,1000.000224,1000.000268,1000.000312,1000.000354,1000.000395,1000.000434,1000.000467,1000.000494,1000.000511,1000.000517,1000.000516,1000.000509,1000.000497,1000.000485,1000.000473,1000.000460,1000.000447,1000.000435,1000.000426,1000.000420,1000.000416,1000.000413,1000.000411,1000.000410,1000.000409,1000.000409,1000.000409,1000.000410,1000.000411,1000.000413,1000.000416,1000.000420,1000.000426,1000.000435,1000.000447,1000.000460,1000.000473,1000.000485,1000.000497,1000.000509,1000.000516,1000.000517,1000.000511,1000.000494,1000.000467,1000.000434,1000.000395,1000.000354,1000.000312,1000.000268,1000.000224,1000.000172,1000.000119,0.000000,0.000000,0.000000,0.000000,0.000000,0.000000,0.000000,0.000000,0.000000,0.000000,0.000000,0.000000,0.000000,0.000000,0.000000,0.000000,0.000000,0.000000,0.000000,0.000000,0.000000,0.000000,0.000000,0.000000
0.000000,0.000000,0.000000,0.000000,0.000000,0.000000,0.000000,0.000000,0.000000,0.000000,0.000000,0.000000,0.000000,0.000000,0.000000,0.000000,0.000000,0.000000,0.000000,0.000000,0.000000,0.000000,0.000000,1000.000143,1000.000202,1000.000251,1000.000300,1000.000346,1000.000391,1000.000432,1000.000468,1000.000496,1000.000513,1000.000518,1000.000513,1000.000500,1000.000484,1000.000467,1000.000450,1000.000434,1000.000420,1000.000407,1000.000395,1000.000384,1000.000375,1000.000369,1000.000363,1000.000360,1000.000357,1000.000355,1000.000354,1000.000354,1000.000354,1000.000355,1000.000357,1000.000360,1000.000363,1000.000369,1000.000375,1000.000384,1000.000395,1000.000407,1000.000420,1000.000434,1000.000450,1000.000467,1000.000484,1000.000500,1000.000513,1000.000518,1000.000513,1000.000496,1000.000468,1000.000432,1000.000391,1000.000346,1000.000300,1000.000251,1000.000202,1000.000143,0.000000,0.000000,0.000000,0.000000,0.000000,0.000000,0.000000,0.000000,0.000000,0.000000,0.000000,0.000000,0.000000,0.000000,0.000000,0.000000,0.000000,0.000000,0.000000,0.000000,0.000000,0.000000,0.000000
0.000000,0.000000,0.000000,0.000000,0.000000,0.000000,0.000000,0.000000,0.000000,0.000000,0.000000,0.000000,0.000000,0.000000,0.000000,0.000000,0.000000,0.000000,0.000000,0.000000,0.000000,1000.000106,1000.000166,1000.000224,1000.000276,1000.000327,1000.000378,1000.000425,1000.000464,1000.000495,1000.000513,1000.000519,1000.000513,1000.000497,1000.000476,1000.000454,1000.000434,1000.000415,1000.000399,1000.000383,1000.000369,1000.000356,1000.000344,1000.000334,1000.000325,1000.000318,1000.000312,1000.000308,1000.000305,1000.000303,1000.000301,1000.000301,1000.000301,1000.000303,1000.000305,1000.000308,1000.000312,1000.000318,1000.000325,1000.000334,1000.000344,1000.000356,1000.000369,1000.000383,1000.000399,1000.000415,1000.000434,1000.000454,1000.000476,1000.000497,1000.000513,1000.000519,1000.000513,1000.000495,1000.000464,1000.000425,1000.000378,1000.000327,1000.000276,1000.000224,1000.000166,1000.000106,0.000000,0.000000,0.000000,0.000000,0.000000,0.000000,0.000000,0.000000,0.000000,0.000000,0.000000,0.000000,0.000000,0.000000,0.000000,0.000000,0.000000,0.000000,0.000000,0.000000,0.000000
0.000000,0.000000,0.000000,0.000000,0.000000,0.000000,0.000000,0.000000,0.000000,0.000000,0.000000,0.000000,0.000000,0.000000,0.000000,0.000000,0.000000,0.000000,0.000000,0.000000,1000.000123,1000.000187,1000.000241,1000.000295,1000.000349,1000.000403,1000.000451,1000.000488,1000.000511,1000.000518,1000.000512,1000.000496,1000.000475,1000.000451,1000.000426,1000.000404,1000.000384,1000.000366,1000.000350,1000.000334,1000.000320,1000.000306,1000.000295,1000.000285,1000.000276,1000.000268,1000.000262,1000.000258,1000.000254,1000.000252,1000.000250,1000.000250,1000.000250,1000.000252,1000.000254,1000.000258,1000.000262,1000.000268,1000.000276,1000.000285,1000.000295,1000.000306,1000.000320,1000.000334,1000.000350,1000.000366,1000.000384,1000.000404,1000.000426,1000.000451,1000.000475,1000.000496,1000.000512,1000.000518,1000.000511,1000.000488,1000.000451,1000.000403,1000.000349,1000.000295,1000.000241,1000.000187,1000.000123,0.000000,0.000000,0.000000,0.000000,0.000000,0.000000,0.000000,0.000000,0.000000,0.000000,0.000000,0.000000,0.000000,0.000000,0.000000,0.000000,0.000000,0.000000,0.000000,0.000000
0.000000,0.000000,0.000000,0.000000,0.000000,0.000000,0.000000,0.000000,0.000000,0.000000,0.000000,0.000000,0.000000,0.000000,0.000000,0.000000,0.000000,0.000000,0.000000,1000.000137,1000.000202,1000.000259,1000.000313,1000.000367,1000.000420,1000.000468,1000.000502,1000.000516,1000.000513,1000.000497,1000.000475,1000.000450,1000.000424,1000.000400,1000.000378,1000.000356,1000.000337,1000.000318,1000.000301,1000.000285,1000.000271,1000.000258,1000.000247,1000.000236,1000.000227,1000.000220,1000.000214,1000.000208,1000.000205,1000.000202,1000.000201,1000.000200,1000.000201,1000.000202,1000.000205,1000.000208,1000.000214,1000.000220,1000.000227,1000.000236,1000.000247,1000.000258,1000.000271,1000.000285,1000.000301,1000.000318,1000.000337,1000.000356,1000.000378,1000.000400,1000.000424,1000.000450,1000.000475,1000.000497,1000.000513,1000.000516,1000.000502,1000.000468,1000.000420,1000.000367,1000.000313,1000.000259,1000.000202,1000.000137,0.000000,0.000000,0.000000,0.000000,0.000000,0.000000,0.000000,0.000000,0.000000,0.000000,0.000000,0.000000,0.000000,0.000000,0.000000,0.000000,0.000000,0.000000,0.000000
0.000000,0.000000,0.000000,0.000000,0.000000,0.000000,0.000000,0.000000,0.000000,0.000000,0.000000,0.000000,0.000000,0.000000,0.000000,0.000000,0.000000,0.000000,1000.000146,1000.000213,1000.000272,1000.000329,1000.000386,1000.000437,1000.000480,1000.000510,1000.000517,1000.000503,1000.000480,1000.000454,1000.000427,1000.000401,1000.000376,1000.000353,1000.000331,1000.000310,1000.000290,1000.000271,1000.000254,1000.000239,1000.000224,1000.000211,1000.000200,1000.000189,1000.000180,1000.000172,1000.000166,1000.000161,1000.000157,1000.000154,1000.000152,1000.000152,1000.000152,1000.000154,1000.000157,1000.000161,1000.000166,1000.000172,1000.000180,1000.000189,1000.000200,1000.000211,1000.000224,1000.000239,1000.000254,1000.000271,1000.000290,1000.000310,1000.000331,1000.000353,1000.000376,1000.000401,1000.000427,1000.000454,1000.000480,1000.000503,1000.000517,1000.000510,1000.000480,1000.000437,1000.000386,1000.000329,1000.000272,1000.000213,1000.000146,0.000000,0.000000,0.000000,0.000000,0.000000,0.000000,0.000000,0.000000,0.000000,0.000000,0.000000,0.000000,0.000000,0.000000,0.000000,0.000000,0.000000,0.000000
0.000000,0.000000,0.000000,0.000000,0.000000,0.000000,0.000000,0.000000,0.000000,0.000000,0.000000,0.000000,0.000000,0.000000,0.000000,0.000000,0.000000,1000.000151,1000.000220,1000.000281,1000.000341,1000.000401,1000.000454,1000.000493,1000.000515,1000.000516,1000.000497,1000.000467,1000.000436,1000.000406,1000.000380,1000.000355,1000.000331,1000.000307,1000.000285,1000.000263,1000.000244,1000.000225,1000.000209,1000.000193,1000.000178,1000.000165,1000.000154,1000.000143,1000.000134,1000.000126,1000.000120,1000.000114,1000.000110,1000.000107,1000.000106,1000.000105,1000.000106,1000.000107,1000.000110,1000.000114,1000.000120,1000.000126,1000.000134,1000.000143,1000.000154,1000.000165,1000.000178,1000.000193,1000.000209,1000.000225,1000.000244,1000.000263,1000.000285,1000.000307,1000.000331,1000.000355,1000.000380,1000.000406,1000.000436,1000.000467,1000.000497,1000.000516,1000.000515,1000.000493,1000.000454,1000.000401,1000.000341,1000.000281,1000.000220,1000.000151,0.000000,0.000000,0.000000,0.000000,0.000000,0.000000,0.000000,0.000000,0.000000,0.000000,0.000000,0.000000,0.000000,0.000000,0.000000,0.000000,0.000000
0.000000,0.000000,0.000000,0.000000,0.000000,0.000000,0.000000,0.000000,0.000000,0.000000,0.000000,0.000000,0.000000,0.000000,0.000000,0.000000,1000.000152,1000.000223,1000.000286,1000.000348,1000.000409,1000.000464,1000.000502,1000.000517,1000.000510,1000.000488,1000.000457,1000.000423,1000.000391,1000.000363,1000.000336,1000.000310,1000.000285,1000.000262,1000.000240,1000.000219,1000.000199,1000.000181,1000.000164,1000.000148,1000.000134,1000.000121,1000.000109,1000.000098,1000.000089,1000.000081,1000.000075,1000.000069,1000.000065,1000.000062,1000.000061,1000.000060,1000.000061,1000.000062,1000.000065,1000.000069,1000.000075,1000.000081,1000.000089,1000.000098,1000.000109,1000.000121,1000.000134,1000.000148,1000.000164,1000.000181,1000.000199,1000.000219,1000.000240,1000.000262,1000.000285,1000.000310,1000.000336,1000.000363,1000.000391,1000.000423,1000.000457,1000.000488,1000.000510,1000.000517,1000.000502,1000.000464,1000.000409,1000.000348,1000.000286,1000.000223,1000.000152,0.000000,0.000000,0.000000,0.000000,0.000000,0.000000,0.000000,0.000000,0.000000,0.000000,0.000000,0.000000,0.000000,0.000000,0.000000,0.000000
0.000000,0.000000,0.000000,0.000000,0.000000,0.000000,0.000000,0.000000,0.000000,0.000000,0.000000,0.000000,0.000000,0.000000,0.000000,1000.000151,1000.000223,1000.000287,1000.000350,1000.000413,1000.000468,1000.000506,1000.000517,1000.000503,1000.000476,1000.000445,1000.000411,1000.000378,1000.000348,1000.000320,1000.000293,1000.000266,1000.000242,1000.000219,1000.000196,1000.000176,1000.000156,1000.000137,1000.000120,1000.000105,1000.000090,1000.000077,1000.000065,1000.000055,1000.000046,1000.000038,1000.000031,1000.000026,1000.000021,1000.000018,1000.000017,1000.000016,1000.000017,1000.000018,1000.000021,1000.000026,1000.000031,1000.000038,1000.000046,1000.000055,1000.000065,1000.000077,1000.000090,1000.000105,1000.000120,1000.000137,1000.000156,1000.000176,1000.000196,1000.000219,1000.000242,1000.000266,1000.000293,1000.000320,1000.000348,1000.000378,1000.000411,1000.000445,1000.000476,1000.000503,1000.000517,1000.000506,1000.000468,1000.000413,1000.000350,1000.000287,1000.000223,1000.000151,0.000000,0.000000,0.000000,0.000000,0.000000,0.000000,0.000000,0.000000,0.000000,0.000000,0.000000,0.000000,0.000000,0.000000,0.000000
0.000000,0.000000,0.000000,0.000000,0.000000,0.000000,0.000000,0.000000,0.000000,0.000000,0.000000,0.000000,0.000000,0.000000,1000.000146,1000.000220,1000.000286,1000.000350,1000.000414,1000.000470,1000.000508,1000.000517,1000.000499,1000.000468,1000.000433,1000.000399,1000.000367,1000.000337,1000.000307,1000.000278,1000.000250,1000.000224,1000.000200,1000.000176,1000.000154,1000.000133,1000.000114,1000.000095,1000.000078,1000.000063,1000.000048,1000.000035,1000.000023,1000.000013,1000.000003,999.999995,999.999989,999.999983,999.999979,999.999976,999.999974,999.999973,999.999974,999.999976,999.999979,999.999983,999.999989,999.999995,1000.000003,1000.000013,1000.000023,1000.000035,1000.000048,1000.000063,1000.000078,1000.000095,1000.000114,1000.000133,1000.000154,1000.000176,1000.000200,1000.000224,1000.000250,1000.000278,1000.000307,1000.000337,1000.000367,1000.000399,1000.000433,1000.000468,1000.000499,1000.000517,1000.000508,1000.000470,1000.000414,1000.000350,1000.000286,1000.000220,1000.000146,0.000000,0.000000,0.000000,0.000000,0.000000,0.000000,0.000000,0.000000,0.000000,0.000000,0.000000,0.000000,0.000000,0.000000
0.000000,0.000000,0.000000,0.000000,0.000000,0.000000,0.000000,0.000000,0.000000,0.000000,0.000000,0.000000,0.000000,1000.000137,1000.000213,1000.000281,1000.000348,1000.000413,1000.000470,1000.000509,1000.000517,1000.000498,1000.000464,1000.000427,1000.000391,1000.000358,1000.000327,1000.000296,1000.000265,1000.000237,1000.000209,1000.000184,1000.000159,1000.000135,1000.000113,1000.000092,1000.000073,1000.000054,1000.000037,1000.000022,1000.000007,999.999994,999.999982,999.999972,999.999962,999.999954,999.999947,999.999942,999.999938,999.999935,999.999933,999.999932,999.999933,999.999935,999.999938,999.999942,999.999947,999.999954,999.999962,999.999972,999.999982,999.999994,1000.000007,1000.000022,1000.000037,1000.000054,1000.000073,1000.000092,1000.000113,1000.000135,1000.000159,1000.000184,1000.000209,1000.000237,1000.000265,1000.000296,1000.000327,1000.000358,1000.000391,1000.000427,1000.000464,1000.000498,1000.000517,1000.000509,1000.000470,1000.000413,1000.000348,1000.000281,1000.000213,1000.000137,0.000000,0.000000,0.000000,0.000000,0.000000,0.000000,0.000000,0.000000,0.000000,0.000000,0.000000,0.000000,0.000000
0.000000,0.000000,0.000000,0.000000,0.000000,0.000000,0.000000,0.000000,0.000000,0.000000,0.000000,0.000000,1000.000123,1000.000202,1000.000272,1000.000341,1000.000409,1000.000468,1000.000508,1000.000517,1000.000497,1000.000463,1000.000424,1000.000386,1000.000352,1000.000319,1000.000286,1000.000255,1000.000225,1000.000197,1000.000170,1000.000144,1000.000119,1000.000096,1000.000074,1000.000053,1000.000033,1000.000015,999.999998,999.999982,999.999968,999.999954,999.999942,999.999932,999.999923,999.999914,999.999908,999.999902,999.999898,999.999895,999.999893,999.999892,999.999893,999.999895,999.999898,999.999902,999.999908,999.999914,999.999923,999.999932,999.999942,999.999954,999.999968,999.999982,999.999998,1000.000015,1000.000033,1000.000053,1000.000074,1000.000096,1000.000119,1000.000144,1000.000170,1000.000197,1000.000225,1000.000255,1000.000286,1000.000319,1000.000352,1000.000386,1000.000424,1000.000463,1000.000497,1000.000517,1000.000508,1000.000468,1000.000409,1000.000341,1000.000272,1000.000202,1000.000123,0.000000,0.000000,0.000000,0.000000,0.000000,0.000000,0.000000,0.000000,0.000000,0.000000,0.000000,0.000000
0.000000,0.000000,0.000000,0.000000,0.000000,0.000000,0.000000,0.000000,0.000000,0.000000,0.000000,1000.000106,1000.000187,1000.000259,1000.000329,1000.000401,1000.000464,1000.000506,1000.000517,1000.000498,1000.000463,1000.000423,1000.000384,1000.000348,1000.000314,1000.000280,1000.000247,1000.000217,1000.000187,1000.000159,1000.000131,1000.000105,1000.000081,1000.000057,1000.000035,1000.000014,999.999995,999.999976,999.999959,999.999944,999.999929,999.999916,999.999904,999.999893,999.999884,999.999876,999.999869,999.999863,999.999859,999.999856,999.999854,999.999854,999.999854,999.999856,999.999859,999.999863,999.999869,999.999876,999.999884,999.999893,999.999904,999.999916,999.999929,999.999944,999.999959,999.999976,999.999995,1000.000014,1000.000035,1000.000057,1000.000081,1000.000105,1000.000131,1000.000159,1000.000187,1000.000217,1000.000247,1000.000280,1000.000314,1000.000348,1000.000384,1000.000423,1000.000463,1000.000498,1000.000517,1000.000506,1000.000464,1000.000401,1000.000329,1000.000259,1000.000187,1000.000106,0.000000,0.000000,0.000000,0.000000,0.000000,0.000000,0.000000,0.000000,0.000000,0.000000,0.000000
0.000000,0.000000,0.000000,0.000000,0.000000,0.000000,0.000000,0.000000,0.000000,0.000000,0.000000,1000.000166,1000.000241,1000.000313,1000.000386,1000.000454,1000.000502,1000.000517,1000.000499,1000.000464,1000.000424,1000.000384,1000.000347,1000.000312,1000.000276,1000.000242,1000.000211,1000.000180,1000.000150,1000.000121,1000.000094,1000.000068,1000.000043,1000.000020,999.999998,999.999977,999.999957,999.999939,999.999922,999.999906,999.999892,999.999879,999.999867,999.999856,999.999847,999.999839,999.999832,999.999826,999.999822,999.999819,999.999817,999.999816,999.999817,999.999819,999.999822,999.999826,999.999832,999.999839,999.999847,999.999856,999.999867,999.999879,999.999892,999.999906,999.999922,999.999939,999.999957,999.999977,999.999998,1000.000020,1000.000043,1000.000068,1000.000094,1000.000121,1000.000150,1000.000180,1000.000211,1000.000242,1000.000276,1000.000312,1000.000347,1000.000384,1000.000424,1000.000464,1000.000499,1000.000517,1000.000502,1000.000454,1000.000386,1000.000313,1000.000241,1000.000166,0.000000,0.000000,0.000000,0.000000,0.000000,0.000000,0.000000,0.000000,0.000000,0.000000,0.000000
0.000000,0.000000,0.000000,0.000000,0.000000,0.000000,0.000000,0.000000,0.000000,0.000000,1000.000143,1000.000224,1000.000295,1000.000367,1000.000437,1000.000493,1000.000517,1000.000503,1000.000468,1000.000427,1000.000386,1000.000348,1000.000312,1000.000275,1000.000240,1000.000207,1000.000175,1000.000143,1000.000114,1000.000085,1000.000058,1000.000032,1000.000007,999.999984,999.999962,999.999941,999.999921,999.999903,999.999886,999.999870,999.999856,999.999843,999.999831,999.999820,999.999811,999.999803,999.999796,999.999790,999.999786,999.999783,999.999781,999.999780,999.999781,999.999783,999.999786,999.999790,999.999796,999.999803,999.999811,999.999820,999.999831,999.999843,999.999856,999.999870,999.999886,999.999903,999.999921,999.999941,999.999962,999.999984,1000.000007,1000.000032,1000.000058,1000.000085,1000.000114,1000.000143,1000.000175,1000.000207,1000.000240,1000.000275,1000.000312,1000.000348,1000.000386,1000.000427,1000.000468,1000.000503,1000.000517,1000.000493,1000.000437,1000.000367,1000.000295,1000.000224,1000.000143,0.000000,0.000000,0.000000,0.000000,0.000000,0.000000,0.000000,0.000000,0.000000,0.000000
0.000000,0.000000,0.000000,0.000000,0.000000,0.000000,0.000000,0.000000,0.000000,1000.000119,1000.000202,1000.000276,1000.000349,1000.000420,1000.000480,1000.000515,1000.000510,1000.000476,1000.000433,1000.000391,1000.000352,1000.000314,1000.000276,1000.000240,1000.000206,1000.000172,1000.000140,1000.000109,1000.000079,1000.000051,1000.000023,999.999997,999.999973,999.999949,999.999927,999.999906,999.999887,999.999868,999.999851,999.999836,999.999821,999.999808,999.999796,999.999785,999.999776,999.999768,999.999761,999.999755,999.999751,999.999748,999.999746,999.999745,999.999746,999.999748,999.999751,999.999755,999.999761,999.999768,999.999776,999.999785,999.999796,999.999808,999.999821,999.999836,999.999851,999.999868,999.999887,999.999906,999.999927,999.999949,999.999973,999.999997,1000.000023,1000.000051,1000.000079,1000.000109,1000.000140,1000.000172,1000.000206,1000.000240,1000.000276,1000.000314,1000.000352,1000.000391,1000.000433,1000.000476,1000.000510,1000.000515,1000.000480,1000.000420,1000.000349,1000.000276,1000.000202,1000.000119,0.000000,0.000000,0.000000,0.000000,0.000000,0.000000,0.000000,0.000000,0.000000
0.000000,0.000000,0.000000,0.000000,0.000000,0.000000,0.000000,0.000000,0.000000,1000.000172,1000.000251,1000.000327,1000.000403,1000.000468,1000.000510,1000.000516,1000.000488,1000.000445,1000.000399,1000.000358,1000.000319,1000.000280,1000.000242,1000.000207,1000.000172,1000.000138,1000.000106,1000.000075,1000.000046,1000.000017,999.999990,999.999964,999.999939,999.999916,999.999894,999.999873,999.999853,999.999835,999.999818,999.999802,999.999788,999.999775,999.999763,999.999752,999.999742,999.999734,999.999727,999.999722,999.999717,999.999714,999.999712,999.999712,999.999712,999.999714,999.999717,999.999722,999.999727,999.999734,999.999742,999.999752,999.999763,999.999775,999.999788,999.999802,999.999818,999.999835,999.999853,999.999873,999.999894,999.999916,999.999939,999.999964,999.999990,1000.000017,1000.000046,1000.000075,1000.000106,1000.000138,1000.000172,1000.000207,1000.000242,1000.000280,1000.000319,1000.000358,1000.000399,1000.000445,1000.000488,1000.000516,1000.000510,1000.000468,1000.000403,1000.000327,1000.000251,1000.000172,0.000000,0.000000,0.000000,0.000000,0.000000,0.000000,0.000000,0.000000,0.000000
0.000000,0.000000,0.000000,0.000000,0.000000,0.000000,0.000000,0.000000,1000.000138,1000.000224,1000.000300,1000.000378,1000.000451,1000.000502,1000.000517,1000.000497,1000.000457,1000.000411,1000.000367,1000.000327,1000.000286,1000.000247,1000.000211,1000.000175,1000.000140,1000.000106,1000.000074,1000.000043,1000.000013,999.999985,999.999958,999.999932,999.999907,999.999884,999.999862,999.999841,999.999821,999.999803,999.999786,999.999770,999.999756,999.999742,999.999730,999.999720,999.999710,999.999702,999.999695,999.999689,999.999685,999.999682,999.999680,999.999679,999.999680,999.999682,999.999685,999.999689,999.999695,999.999702,999.999710,999.999720,999.999730,999.999742,999.999756,999.999770,999.999786,999.999803,999.999821,999.999841,999.999862,999.999884,999.999907,999.999932,999.999958,999.999985,1000.000013,1000.000043,1000.000074,1000.000106,1000.000140,1000.000175,1000.000211,1000.000247,1000.000286,1000.000327,1000.000367,1000.000411,1000.000457,1000.000497,1000.000517,1000.000502,1000.000451,1000.000378,1000.000300,1000.000224,1000.000138,0.000000,0.000000,0.000000,0.000000,0.000000,0.000000,0.000000,0.000000
0.000000,0.000000,0.000000,0.000000,0.000000,0.000000,0.000000,0.000000,1000.000187,1000.000268,1000.000346,1000.000425,1000.000488,1000.000516,1000.000503,1000.000467,1000.000423,1000.000378,1000.000337,1000.000296,1000.000255,1000.000217,1000.000180,1000.000143,1000.000109,1000.000075,1000.000043,1000.000012,999.999982,999.999954,999.999927,999.999901,999.999876,999.999853,999.999831,999.999810,999.999790,999.999772,999.999755,999.999739,999.999725,999.999711,999.999699,999.999689,999.999679,999.999671,999.999664,999.999659,999.999654,999.999651,999.999649,999.999648,999.999649,999.999651,999.999654,999.999659,999.999664,999.999671,999.999679,999.999689,999.999699,999.999711,999.999725,999.999739,999.999755,999.999772,999.999790,999.999810,999.999831,999.999853,999.999876,999.999901,999.999927,999.999954,999.999982,1000.000012,1000.000043,1000.000075,1000.000109,1000.000143,1000.000180,1000.000217,1000.000255,1000.000296,1000.000337,1000.000378,1000.000423,1000.000467,1000.000503,1000.000516,1000.000488,1000.000425,1000.000346,1000.000268,1000.000187,0.000000,0.000000,0.000000,0.000000,0.000000,0.000000,0.000000,0.000000
0.000000,0.000000,0.000000,0.000000,0.000000,0.000000,0.000000,1000.000146,1000.000233,1000.000312,1000.000391,1000.000464,1000.000511,1000.000513,1000.000480,1000.000436,1000.000391,1000.000348,1000.000307,1000.000265,1000.000225,1000.000187,1000.000150,1000.000114,1000.000079,1000.000046,1000.000013,999.999982,999.999953,999.999924,999.999897,999.999871,999.999846,999.999823,999.999801,999.999780,999.999761,999.999742,999.999725,999.999709,999.999695,999.999682,999.999670,999.999659,999.999650,999.999641,999.999634,999.999629,999.999624,999.999621,999.999619,999.999619,999.999619,999.999621,999.999624,999.999629,999.999634,999.999641,999.999650,999.999659,999.999670,999.999682,999.999695,999.999709,999.999725,999.999742,999.999761,999.999780,999.999801,999.999823,999.999846,999.999871,999.999897,999.999924,999.999953,999.999982,1000.000013,1000.000046,1000.000079,1000.000114,1000.000150,1000.000187,1000.000225,1000.000265,1000.000307,1000.000348,1000.000391,1000.000436,1000.000480,1000.000513,1000.000511,1000.000464,1000.000391,1000.000312,1000.000233,1000.000146,0.000000,0.000000,0.000000,0.000000,0.000000,0.000000,0.000000
0.000000,0.000000,0.000000,0.000000,0.000000,0.000000,0.000000,1000.000191,1000.000274,1000.000354,1000.000432,1000.000495,1000.000518,1000.000497,1000.000454,1000.000406,1000.000363,1000.000320,1000.000278,1000.000237,1000.000197,1000.000159,1000.000121,1000.000085,1000.000051,1000.000017,999.999985,999.999954,999.999924,999.999896,999.999869,999.999843,999.999818,999.999795,999.999773,999.999752,999.999732,999.999714,999.999697,999.999681,999.999667,999.999653,999.999641,999.999631,999.999621,999.999613,999.999606,999.999600,999.999596,999.999593,999.999591,999.999590,999.999591,999.999593,999.999596,999.999600,999.999606,999.999613,999.999621,999.999631,999.999641,999.999653,999.999667,999.999681,999.999697,999.999714,999.999732,999.999752,999.999773,999.999795,999.999818,999.999843,999.999869,999.999896,999.999924,999.999954,999.999985,1000.000017,1000.000051,1000.000085,1000.000121,1000.000159,1000.000197,1000.000237,1000.000278,1000.000320,1000.000363,1000.000406,1000.000454,1000.000497,1000.000518,1000.000495,1000.000432,1000.000354,1000.000274,1000.000191,0.000000,0.000000,0.000000,0.000000,0.000000,0.000000,0.000000
0.000000,0.000000,0.000000,0.000000,0.000000,0.000000,1000.000146,1000.000235,1000.000315,1000.000395,1000.000468,1000.000513,1000.000512,1000.000475,1000.000427,1000.000380,1000.000336,1000.000293,1000.000250,1000.000209,1000.000170,1000.000131,1000.000094,1000.000058,1000.000023,999.999990,999.999958,999.999927,999.999897,999.999869,999.999841,999.999816,999.999791,999.999768,999.999745,999.999725,999.999705,999.999687,999.999670,999.999654,999.999639,999.999626,999.999614,999.999603,999.999594,999.999586,999.999579,999.999573,999.999569,999.999566,999.999564,999.999563,999.999564,999.999566,999.999569,999.999573,999.999579,999.999586,999.999594,999.999603,999.999614,999.999626,999.999639,999.999654,999.999670,999.999687,999.999705,999.999725,999.999745,999.999768,999.999791,999.999816,999.999841,999.999869,999.999897,999.999927,999.999958,999.999990,1000.000023,1000.000058,1000.000094,1000.000131,1000.000170,1000.000209,1000.000250,1000.000293,1000.000336,1000.000380,1000.000427,1000.000475,1000.000512,1000.000513,1000.000468,1000.000395,1000.000315,1000.000235,1000.000146,0.000000,0.000000,0.000000,0.000000,0.000000,0.000000
0.000000,0.000000,0.000000,0.000000,0.000000,0.000000,1000.000188,1000.000273,1000.000354,1000.000434,1000.000496,1000.000519,1000.000496,1000.000450,1000.000401,1000.000355,1000.000310,1000.000266,1000.000224,1000.000184,1000.000144,1000.000105,1000.000068,1000.000032,999.999997,999.999964,999.999932,999.999901,999.999871,999.999843,999.999816,999.999790,999.999765,999.999742,999.999720,999.999699,999.999679,999.999661,999.999644,999.999628,999.999613,999.999600,999.999588,999.999578,999.999568,999.999560,999.999553,999.999547,999.999543,999.999540,999.999538,999.999537,999.999538,999.999540,999.999543,999.999547,999.999553,999.999560,999.999568,999.999578,999.999588,999.999600,999.999613,999.999628,999.999644,999.999661,999.999679,999.999699,999.999720,999.999742,999.999765,999.999790,999.999816,999.999843,999.999871,999.999901,999.999932,999.999964,999.999997,1000.000032,1000.000068,1000.000105,1000.000144,1000.000184,1000.000224,1000.000266,1000.000310,1000.000355,1000.000401,1000.000450,1000.000496,1000.000519,1000.000496,1000.000434,1000.000354,1000.000273,1000.000188,0.000000,0.000000,0.000000,0.000000,0.000000,0.000000
0.000000,0.000000,0.000000,0.000000,0.000000,1000.000140,1000.000229,1000.000311,1000.000393,1000.000467,1000.000513,1000.000513,1000.000475,1000.000424,1000.000376,1000.000331,1000.000285,1000.000242,1000.000200,1000.000159,1000.000119,1000.000081,1000.000043,1000.000007,999.999973,999.999939,999.999907,999.999876,999.999846,999.999818,999.999791,999.999765,999.999740,999.999717,999.999695,999.999674,999.999655,999.999636,999.999619,999.999603,999.999589,999.999576,999.999564,999.999553,999.999543,999.999535,999.999528,999.999523,999.999518,999.999515,999.999513,999.999513,999.999513,999.999515,999.999518,999.999523,999.999528,999.999535,999.999543,999.999553,999.999564,999.999576,999.999589,999.999603,999.999619,999.999636,999.999655,999.999674,999.999695,999.999717,999.999740,999.999765,999.999791,999.999818,999.999846,999.999876,999.999907,999.999939,999.999973,1000.000007,1000.000043,1000.000081,1000.000119,1000.000159,1000.000200,1000.000242,1000.000285,1000.000331,1000.000376,1000.000424,1000.000475,1000.000513,1000.000513,1000.000467,1000.000393,1000.000311,1000.000229,1000.000140,0.000000,0.000000,0.000000,0.000000,0.000000
0.000000,0.000000,0.000000,0.000000,0.000000,1000.000177,1000.000264,1000.000347,1000.000429,1000.000494,1000.000518,1000.000497,1000.000451,1000.000400,1000.000353,1000.000307,1000.000262,1000.000219,1000.000176,1000.000135,1000.000096,1000.000057,1000.000020,999.999984,999.999949,999.999916,999.999884,999.999853,999.999823,999.999795,999.999768,999.999742,999.999717,999.999694,999.999672,999.999651,999.999631,999.999613,999.999596,999.999580,999.999565,999.999552,999.999540,999.999530,999.999520,999.999512,999.999505,999.999499,999.999495,999.999492,999.999490,999.999489,999.999490,999.999492,999.999495,999.999499,999.999505,999.999512,999.999520,999.999530,999.999540,999.999552,999.999565,999.999580,999.999596,999.999613,999.999631,999.999651,999.999672,999.999694,999.999717,999.999742,999.999768,999.999795,999.999823,999.999853,999.999884,999.999916,999.999949,999.999984,1000.000020,1000.000057,1000.000096,1000.000135,1000.000176,1000.000219,1000.000262,1000.000307,1000.000353,1000.000400,1000.000451,1000.000497,1000.000518,1000.000494,1000.000429,1000.000347,1000.000264,1000.000177,0.000000,0.000000,0.000000,0.000000,0.000000
0.000000,0.000000,0.000000,0.000000,1000.000122,1000.000213,1000.000297,1000.000382,1000.000460,1000.000511,1000.000513,1000.000476,1000.000426,1000.000378,1000.000331,1000.000285,1000.000240,1000.000196,1000.000154,1000.000113,1000.000074,1000.000035,999.999998,999.999962,999.999927,999.999894,999.999862,999.999831,999.999801,999.999773,999.999745,999.999720,999.999695,999.999672,999.999649,999.999629,999.999609,999.999591,999.999574,999.999558,999.999543,999.999530,999.999518,999.999507,999.999498,999.999490,999.999483,999.999477,999.999473,999.999470,999.999468,999.999467,999.999468,999.999470,999.999473,999.999477,999.999483,999.999490,999.999498,999.999507,999.999518,999.999530,999.999543,999.999558,999.999574,999.999591,999.999609,999.999629,999.999649,999.999672,999.999695,999.999720,999.999745,999.999773,999.999801,999.999831,999.999862,999.999894,999.999927,999.999962,999.999998,1000.000035,1000.000074,1000.000113,1000.000154,1000.000196,1000.000240,1000.000285,1000.000331,1000.000378,1000.000426,1000.000476,1000.000513,1000.000511,1000.000460,1000.000382,1000.000297,1000.000213,1000.000122,0.000000,0.000000,0.000000,0.000000
0.000000,0.000000,0.000000,0.000000,1000.000156,1000.000243,1000.000328,1000.000413,1000.000485,1000.000517,1000.000500,1000.000454,1000.000404,1000.000356,1000.000310,1000.000263,1000.000219,1000.000176,1000.000133,1000.000092,1000.000053,1000.000014,999.999977,999.999941,999.999906,999.999873,999.999841,999.999810,999.999780,999.999752,999.999725,999.999699,999.999674,999.999651,999.999629,999.999608,999.999588,999.999570,999.999553,999.999537,999.999523,999.999509,999.999497,999.999487,999.999477,999.999469,999.999462,999.999456,999.999452,999.999449,999.999447,999.999446,999.999447,999.999449,999.999452,999.999456,999.999462,999.999469,999.999477,999.999487,999.999497,999.999509,999.999523,999.999537,999.999553,999.999570,999.999588,999.999608,999.999629,999.999651,999.999674,999.999699,999.999725,999.999752,999.999780,999.999810,999.999841,999.999873,999.999906,999.999941,999.999977,1000.000014,1000.000053,1000.000092,1000.000133,1000.000176,1000.000219,1000.000263,1000.000310,1000.000356,1000.000404,1000.000454,1000.000500,1000.000517,1000.000485,1000.000413,1000.000328,1000.000243,1000.000156,0.000000,0.000000,0.000000,0.000000
