0.000000,0.000000,0.000000,0.000000,0.000000,0.000000,0.000000,0.000000,0.000000,0.000000,0.000000,0.000000,0.000000,0.000000,0.000000,0.000000,0.000000,0.000000,0.000000,0.000000,0.000000,0.000000,0.000000,0.000000,0.000000,0.000000,0.000000,0.000000,0.000000,0.000000,0.000000,0.000000,0.000000,0.000000,0.000000,0.000000,0.000000,0.000000,0.000000,0.000000,0.000000,0.000000,0.000000,0.000000,0.000000,0.000000,0.000000,0.000000,0.000000,0.000000,0.000000,0.000000,0.000000,0.000000,0.000000,0.000000,0.000000,0.000000,0.000000,0.000000,0.000000,0.000000,0.000000,0.000000,0.000000,0.000000,0.000000,0.000000,0.000000,0.000000,0.000000,0.000000,0.000000,0.000000,0.000000,0.000000,0.000000,0.000000,0.000000,0.000000,0.000000,0.000000,0.000000,0.000000,0.000000,0.000000,0.000000,0.000000,0.000000,0.000000,0.000000,0.000000,0.000000,0.000000,0.000000,0.000000,0.000000,0.000000,0.000000,0.000000,0.000000,0.000000,0.000000
0.000000,0.000000,0.000000,0.000000,0.000000,0.000000,0.000000,0.000000,0.000000,0.000000,0.000000,0.000000,0.000000,0.000000,0.000000,0.000000,0.000000,0.000000,0.000000,0.000000,0.000000,0.000000,0.000000,0.000000,0.000000,0.000000,0.000000,0.000000,0.000000,0.000000,0.000000,0.000000,0.000000,0.000000,0.000000,0.000000,0.000000,0.000000,0.000000,0.000000,0.000000,0.000000,0.000000,0.000000,0.000000,0.000000,0.000000,0.000000,0.000000,0.000000,0.000000,1000.000063,0.000000,0.000000,0.000000,0.000000,0.000000,0.000000,0.000000,0.000000,0.000000,0.000000,0.000000,0.000000,0.000000,0.000000,0.000000,0.000000,0.000000,0.000000,0.000000,0.000000,0.000000,0.000000,0.000000,0.000000,0.000000,0.000000,0.000000,0.000000,0.000000,0.000000,0.000000,0.000000,0.000000,0.000000,0.000000,0.000000,0.000000,0.000000,0.000000,0.000000,0.000000,0.000000,0.000000,0.000000,0.000000,0.000000,0.000000,0.000000,0.000000,0.000000,0.000000
0.000000,0.000000,0.000000,0.000000,0.000000,0.000000,0.000000,0.000000,0.000000,0.000000,0.000000,0.000000,0.000000,0.000000,0.000000,0.000000,0.000000,0.000000,0.000000,0.000000,0.000000,0.000000,0.000000,0.000000,0.000000,0.000000,0.000000,0.000000,0.000000,0.000000,0.000000,0.000000,0.000000,0.000000,0.000000,0.000000,0.000000,0.000000,0.000000,0.000000,0.000000,0.000000,1000.000114,1000.000133,1000.000142,1000.000147,1000.000150,1000.000151,1000.000151,1000.000150,1000.000149,1000.000154,1000.000149,1000.000150,1000.000151,1000.000151,1000.000150,1000.000147,1000.000142,1000.000133,1000.000114,0.000000,0.000000,0.000000,0.000000,0.000000,0.000000,0.000000,0.000000,0.000000,0.000000,0.000000,0.000000,0.000000,0.000000,0.000000,0.000000,0.000000,0.000000,0.000000,0.000000,0.000000,0.000000,0.000000,0.000000,0.000000,0.000000,0.000000,0.000000,0.000000,0.000000,0.000000,0.000000,0.000000,0.000000,0.000000,0.000000,0.000000,0.000000,0.000000,0.000000,0.000000,0.000000
0.000000,0.000000,0.000000,0.000000,0.000000,0.000000,0.000000,0.000000,0.000000,0.000000,0.000000,0.000000,0.000000,0.000000,0.000000,0.000000,0.000000,0.000000,0.000000,0.000000,0.000000,0.000000,0.000000,0.000000,0.000000,0.000000,0.000000,0.000000,0.000000,0.000000,0.000000,0.000000,0.000000,0.000000,0.000000,0.000000,0.000000,1000.000110,1000.000137,1000.000159,1000.000177,1000.000191,1000.000205,1000.000217,1000.000226,1000.000232,1000.000236,1000.000237,1000.000238,1000.000239,1000.000238,1000.000239,1000.000238,1000.000239,1000.000238,1000.000237,1000.000236,1000.000232,1000.000226,1000.000217,1000.000205,1000.000191,1000.000177,1000.000159,1000.000137,1000.000110,0.000000,0.000000,0.000000,0.000000,0.000000,0.000000,0.000000,0.000000,0.000000,0.000000,0.000000,0.000000,0.000000,0.000000,0.000000,0.000000,0.000000,0.000000,0.000000,0.000000,0.000000,0.000000,0.000000,0.000000,0.000000,0.000000,0.000000,0.000000,0.000000,0.000000,0.000000,0.000000,0.000000,0.000000,0.000000,0.000000,0.000000
0.000000,0.000000,0.000000,0.000000,0.000000,0.000000,0.000000,0.000000,0.000000,0.000000,0.000000,0.000000,0.000000,0.000000,0.000000,0.000000,0.000000,0.000000,0.000000,0.000000,0.000000,0.000000,0.000000,0.000000,0.000000,0.000000,0.000000,0.000000,0.000000,0.000000,0.000000,0.000000,0.000000,0.000000,1000.000115,1000.000146,1000.000172,1000.000198,1000.000220,1000.000241,1000.000260,1000.000275,1000.000290,1000.000302,1000.000311,1000.000316,1000.000320,1000.000322,1000.000323,1000.000323,1000.000323,1000.000323,1000.000323,1000.000323,1000.000323,1000.000322,1000.000320,1000.000316,1000.000311,1000.000302,1000.000290,1000.000275,1000.000260,1000.000241,1000.000220,1000.000198,1000.000172,1000.000146,1000.000115,0.000000,0.000000,0.000000,0.000000,0.000000,0.000000,0.000000,0.000000,0.000000,0.000000,0.000000,0.000000,0.000000,0.000000,0.000000,0.000000,0.000000,0.000000,0.000000,0.000000,0.000000,0.000000,0.000000,0.000000,0.000000,0.000000,0.000000,0.000000,0.000000,0.000000,0.000000,0.000000,0.000000,0.000000
0.000000,0.000000,0.000000,0.000000,0.000000,0.000000,0.000000,0.000000,0.000000,0.000000,0.000000,0.000000,0.000000,0.000000,0.000000,0.000000,0.000000,0.000000,0.000000,0.000000,0.000000,0.000000,0.000000,0.000000,0.000000,0.000000,0.000000,0.000000,0.000000,0.000000,0.000000,0.000000,1000.000131,1000.000166,1000.000200,1000.000228,1000.000254,1000.000279,1000.000302,1000.000322,1000.000341,1000.000359,1000.000375,1000.000387,1000.000395,1000.000400,1000.000402,1000.000403,1000.000404,1000.000404,1000.000405,1000.000405,1000.000405,1000.000404,1000.000404,1000.000403,1000.000402,1000.000400,1000.000395,1000.000387,1000.000375,1000.000359,1000.000341,1000.000322,1000.000302,1000.000279,1000.000254,1000.000228,1000.000200,1000.000166,1000.000131,0.000000,0.000000,0.000000,0.000000,0.000000,0.000000,0.000000,0.000000,0.000000,0.000000,0.000000,0.000000,0.000000,0.000000,0.000000,0.000000,0.000000,0.000000,0.000000,0.000000,0.000000,0.000000,0.000000,0.000000,0.000000,0.000000,0.000000,0.000000,0.000000,0.000000,0.000000,0.000000
0.000000,0.000000,0.000000,0.000000,0.000000,0.000000,0.000000,0.000000,0.000000,0.000000,0.000000,0.000000,0.000000,0.000000,0.000000,0.000000,0.000000,0.000000,0.000000,0.000000,0.000000,0.000000,0.000000,0.000000,0.000000,0.000000,0.000000,0.000000,0.000000,0.000000,1000.000137,1000.000177,1000.000215,1000.000247,1000.000278,1000.000307,1000.000335,1000.000361,1000.000383,1000.000403,1000.000419,1000.000434,1000.000448,1000.000457,1000.000461,1000.000464,1000.000465,1000.000466,1000.000466,1000.000466,1000.000466,1000.000466,1000.000466,1000.000466,1000.000466,1000.000466,1000.000465,1000.000464,1000.000461,1000.000457,1000.000448,1000.000434,1000.000419,1000.000403,1000.000383,1000.000361,1000.000335,1000.000307,1000.000278,1000.000247,1000.000215,1000.000177,1000.000137,0.000000,0.000000,0.000000,0.000000,0.000000,0.000000,0.000000,0.000000,0.000000,0.000000,0.000000,0.000000,0.000000,0.000000,0.000000,0.000000,0.000000,0.000000,0.000000,0.000000,0.000000,0.000000,0.000000,0.000000,0.000000,0.000000,0.000000,0.000000,0.000000,0.000000
0.000000,0.000000,0.000000,0.000000,0.000000,0.000000,0.000000,0.000000,0.000000,0.000000,0.000000,0.000000,0.000000,0.000000,0.000000,0.000000,0.000000,0.000000,0.000000,0.000000,0.000000,0.000000,0.000000,0.000000,0.000000,0.000000,0.000000,0.000000,1000.000136,1000.000179,1000.000220,1000.000256,1000.000291,1000.000325,1000.000358,1000.000388,1000.000413,1000.000436,1000.000454,1000.000466,1000.000474,1000.000480,1000.000481,1000.000480,1000.000479,1000.000478,1000.000477,1000.000477,1000.000476,1000.000476,1000.000476,1000.000475,1000.000476,1000.000476,1000.000476,1000.000477,1000.000477,1000.000478,1000.000479,1000.000480,1000.000481,1000.000480,1000.000474,1000.000466,1000.000454,1000.000436,1000.000413,1000.000388,1000.000358,1000.000325,1000.000291,1000.000256,1000.000220,1000.000179,1000.000136,0.000000,0.000000,0.000000,0.000000,0.000000,0.000000,0.000000,0.000000,0.000000,0.000000,0.000000,0.000000,0.000000,0.000000,0.000000,0.000000,0.000000,0.000000,0.000000,0.000000,0.000000,0.000000,0.000000,0.000000,0.000000,0.000000,0.000000,0.000000
0.000000,0.000000,0.000000,0.000000,0.000000,0.000000,0.000000,0.000000,0.000000,0.000000,0.000000,0.000000,0.000000,0.000000,0.000000,0.000000,0.000000,0.000000,0.000000,0.000000,0.000000,0.000000,0.000000,0.000000,0.000000,0.000000,1000.000130,1000.000175,1000.000219,1000.000257,1000.000295,1000.000332,1000.000369,1000.000402,1000.000432,1000.000456,1000.000471,1000.000481,1000.000485,1000.000484,1000.000480,1000.000474,1000.000464,1000.000454,1000.000447,1000.000443,1000.000441,1000.000440,1000.000438,1000.000437,1000.000437,1000.000437,1000.000437,1000.000437,1000.000438,1000.000440,1000.000441,1000.000443,1000.000447,1000.000454,1000.000464,1000.000474,1000.000480,1000.000484,1000.000485,1000.000481,1000.000471,1000.000456,1000.000432,1000.000402,1000.000369,1000.000332,1000.000295,1000.000257,1000.000219,1000.000175,1000.000130,0.000000,0.000000,0.000000,0.000000,0.000000,0.000000,0.000000,0.000000,0.000000,0.000000,0.000000,0.000000,0.000000,0.000000,0.000000,0.000000,0.000000,0.000000,0.000000,0.000000,0.000000,0.000000,0.000000,0.000000,0.000000,0.000000
0.000000,0.000000,0.000000,0.000000,0.000000,0.000000,0.000000,0.000000,0.000000,0.000000,0.000000,0.000000,0.000000,0.000000,0.000000,0.000000,0.000000,0.000000,0.000000,0.000000,0.000000,0.000000,0.000000,0.000000,1000.000111,1000.000162,1000.000210,1000.000251,1000.000292,1000.000332,1000.000371,1000.000407,1000.000438,1000.000464,1000.000480,1000.000485,1000.000484,1000.000478,1000.000467,1000.000455,1000.000444,1000.000432,1000.000419,1000.000407,1000.000399,1000.000394,1000.000390,1000.000388,1000.000386,1000.000384,1000.000383,1000.000383,1000.000383,1000.000384,1000.000386,1000.000388,1000.000390,1000.000394,1000.000399,1000.000407,1000.000419,1000.000432,1000.000444,1000.000455,1000.000467,1000.000478,1000.000484,1000.000485,1000.000480,1000.000464,1000.000438,1000.000407,1000.000371,1000.000332,1000.000292,1000.000251,1000.000210,1000.000162,1000.000111,0.000000,0.000000,0.000000,0.000000,0.000000,0.000000,0.000000,0.000000,0.000000,0.000000,0.000000,0.000000,0.000000,0.000000,0.000000,0.000000,0.000000,0.000000,0.000000,0.000000,0.000000,0.000000,0.000000,0.000000
0.000000,0.000000,0.000000,0.000000,0.000000,0.000000,0.000000,0.000000,0.000000,0.000000,0.000000,0.000000,0.000000,0.000000,0.000000,0.000000,0.000000,0.000000,0.000000,0.000000,0.000000,0.000000,0.000000,1000.000134,1000.000189,1000.000236,1000.000281,1000.000325,1000.000367,1000.000406,1000.000439,1000.000466,1000.000482,1000.000487,1000.000481,1000.000469,1000.000454,1000.000438,1000.000422,1000.000407,1000.000393,1000.000382,1000.000370,1000.000360,1000.000352,1000.000346,1000.000341,1000.000337,1000.000335,1000.000333,1000.000332,1000.000332,1000.000332,1000.000333,1000.000335,1000.000337,1000.000341,1000.000346,1000.000352,1000.000360,1000.000370,1000.000382,1000.000393,1000.000407,1000.000422,1000.000438,1000.000454,1000.000469,1000.000481,1000.000487,1000.000482,1000.000466,1000.000439,1000.000406,1000.000367,1000.000325,1000.000281,1000.000236,1000.000189,1000.000134,0.000000,0.000000,0.000000,0.000000,0.000000,0.000000,0.000000,0.000000,0.000000,0.000000,0.000000,0.000000,0.000000,0.000000,0.000000,0.000000,0.000000,0.000000,0.000000,0.000000,0.000000,0.000000,0.000000
0.000000,0.000000,0.000000,0.000000,0.000000,0.000000,0.000000,0.000000,0.000000,0.000000,0.000000,0.000000,0.000000,0.000000,0.000000,0.000000,0.000000,0.000000,0.000000,0.000000,0.000000,1000.000099,1000.000156,1000.000210,1000.000259,1000.000307,1000.000355,1000.000398,1000.000436,1000.000464,1000.000482,1000.000487,1000.000481,1000.000466,1000.000447,1000.000426,1000.000407,1000.000390,1000.000374,1000.000359,1000.000346,1000.000334,1000.000323,1000.000313,1000.000305,1000.000298,1000.000293,1000.000289,1000.000286,1000.000284,1000.000283,1000.000282,1000.000283,1000.000284,1000.000286,1000.000289,1000.000293,1000.000298,1000.000305,1000.000313,1000.000323,1000.000334,1000.000346,1000.000359,1000.000374,1000.000390,1000.000407,1000.000426,1000.000447,1000.000466,1000.000481,1000.000487,1000.000482,1000.000464,1000.000436,1000.000398,1000.000355,1000.000307,1000.000259,1000.000210,1000.000156,1000.000099,0.000000,0.000000,0.000000,0.000000,0.000000,0.000000,0.000000,0.000000,0.000000,0.000000,0.000000,0.000000,0.000000,0.000000,0.000000,0.000000,0.000000,0.000000,0.000000,0.000000,0.000000
0.000000,0.000000,0.000000,0.000000,0.000000,0.000000,0.000000,0.000000,0.000000,0.000000,0.000000,0.000000,0.000000,0.000000,0.000000,0.000000,0.000000,0.000000,0.000000,0.000000,1000.000116,1000.000175,1000.000226,1000.000277,1000.000327,1000.000378,1000.000423,1000.000458,1000.000479,1000.000486,1000.000481,1000.000466,1000.000445,1000.000423,1000.000400,1000.000379,1000.000360,1000.000343,1000.000328,1000.000313,1000.000300,1000.000287,1000.000276,1000.000267,1000.000258,1000.000251,1000.000246,1000.000242,1000.000238,1000.000236,1000.000235,1000.000234,1000.000235,1000.000236,1000.000238,1000.000242,1000.000246,1000.000251,1000.000258,1000.000267,1000.000276,1000.000287,1000.000300,1000.000313,1000.000328,1000.000343,1000.000360,1000.000379,1000.000400,1000.000423,1000.000445,1000.000466,1000.000481,1000.000486,1000.000479,1000.000458,1000.000423,1000.000378,1000.000327,1000.000277,1000.000226,1000.000175,1000.000116,0.000000,0.000000,0.000000,0.000000,0.000000,0.000000,0.000000,0.000000,0.000000,0.000000,0.000000,0.000000,0.000000,0.000000,0.000000,0.000000,0.000000,0.000000,0.000000,0.000000
0.000000,0.000000,0.000000,0.000000,0.000000,0.000000,0.000000,0.000000,0.000000,0.000000,0.000000,0.000000,0.000000,0.000000,0.000000,0.000000,0.000000,0.000000,0.000000,1000.000129,1000.000190,1000.000243,1000.000293,1000.000344,1000.000394,1000.000439,1000.000472,1000.000485,1000.000481,1000.000467,1000.000446,1000.000422,1000.000398,1000.000375,1000.000354,1000.000334,1000.000316,1000.000299,1000.000282,1000.000268,1000.000254,1000.000242,1000.000231,1000.000222,1000.000213,1000.000206,1000.000200,1000.000195,1000.000192,1000.000189,1000.000188,1000.000188,1000.000188,1000.000189,1000.000192,1000.000195,1000.000200,1000.000206,1000.000213,1000.000222,1000.000231,1000.000242,1000.000254,1000.000268,1000.000282,1000.000299,1000.000316,1000.000334,1000.000354,1000.000375,1000.000398,1000.000422,1000.000446,1000.000467,1000.000481,1000.000485,1000.000472,1000.000439,1000.000394,1000.000344,1000.000293,1000.000243,1000.000190,1000.000129,0.000000,0.000000,0.000000,0.000000,0.000000,0.000000,0.000000,0.000000,0.000000,0.000000,0.000000,0.000000,0.000000,0.000000,0.000000,0.000000,0.000000,0.000000,0.000000
0.000000,0.000000,0.000000,0.000000,0.000000,0.000000,0.000000,0.000000,0.000000,0.000000,0.000000,0.000000,0.000000,0.000000,0.000000,0.000000,0.000000,0.000000,1000.000137,1000.000200,1000.000255,1000.000309,1000.000362,1000.000410,1000.000450,1000.000479,1000.000485,1000.000472,1000.000450,1000.000426,1000.000400,1000.000376,1000.000353,1000.000331,1000.000310,1000.000290,1000.000272,1000.000254,1000.000238,1000.000224,1000.000210,1000.000198,1000.000187,1000.000177,1000.000169,1000.000162,1000.000156,1000.000151,1000.000147,1000.000144,1000.000143,1000.000142,1000.000143,1000.000144,1000.000147,1000.000151,1000.000156,1000.000162,1000.000169,1000.000177,1000.000187,1000.000198,1000.000210,1000.000224,1000.000238,1000.000254,1000.000272,1000.000290,1000.000310,1000.000331,1000.000353,1000.000376,1000.000400,1000.000426,1000.000450,1000.000472,1000.000485,1000.000479,1000.000450,1000.000410,1000.000362,1000.000309,1000.000255,1000.000200,1000.000137,0.000000,0.000000,0.000000,0.000000,0.000000,0.000000,0.000000,0.000000,0.000000,0.000000,0.000000,0.000000,0.000000,0.000000,0.000000,0.000000,0.000000,0.000000
0.000000,0.000000,0.000000,0.000000,0.000000,0.000000,0.000000,0.000000,0.000000,0.000000,0.000000,0.000000,0.000000,0.000000,0.000000,0.000000,0.000000,1000.000141,1000.000206,1000.000263,1000.000320,1000.000376,1000.000426,1000.000463,1000.000483,1000.000484,1000.000466,1000.000438,1000.000408,1000.000381,1000.000356,1000.000333,1000.000310,1000.000288,1000.000267,1000.000247,1000.000229,1000.000211,1000.000196,1000.000181,1000.000167,1000.000155,1000.000144,1000.000134,1000.000126,1000.000118,1000.000112,1000.000107,1000.000103,1000.000101,1000.000099,1000.000099,1000.000099,1000.000101,1000.000103,1000.000107,1000.000112,1000.000118,1000.000126,1000.000134,1000.000144,1000.000155,1000.000167,1000.000181,1000.000196,1000.000211,1000.000229,1000.000247,1000.000267,1000.000288,1000.000310,1000.000333,1000.000356,1000.000381,1000.000408,1000.000438,1000.000466,1000.000484,1000.000483,1000.000463,1000.000426,1000.000376,1000.000320,1000.000263,1000.000206,1000.000141,0.000000,0.000000,0.000000,0.000000,0.000000,0.000000,0.000000,0.000000,0.000000,0.000000,0.000000,0.000000,0.000000,0.000000,0.000000,0.000000,0.000000
0.000000,0.000000,0.000000,0.000000,0.000000,0.000000,0.000000,0.000000,0.000000,0.000000,0.000000,0.000000,0.000000,0.000000,0.000000,0.000000,1000.000143,1000.000209,1000.000268,1000.000326,1000.000384,1000.000435,1000.000471,1000.000485,1000.000479,1000.000458,1000.000429,1000.000396,1000.000366,1000.000340,1000.000315,1000.000291,1000.000268,1000.000246,1000.000225,1000.000205,1000.000187,1000.000170,1000.000154,1000.000139,1000.000125,1000.000113,1000.000102,1000.000092,1000.000084,1000.000076,1000.000070,1000.000065,1000.000061,1000.000058,1000.000057,1000.000056,1000.000057,1000.000058,1000.000061,1000.000065,1000.000070,1000.000076,1000.000084,1000.000092,1000.000102,1000.000113,1000.000125,1000.000139,1000.000154,1000.000170,1000.000187,1000.000205,1000.000225,1000.000246,1000.000268,1000.000291,1000.000315,1000.000340,1000.000366,1000.000396,1000.000429,1000.000458,1000.000479,1000.000485,1000.000471,1000.000435,1000.000384,1000.000326,1000.000268,1000.000209,1000.000143,0.000000,0.000000,0.000000,0.000000,0.000000,0.000000,0.000000,0.000000,0.000000,0.000000,0.000000,0.000000,0.000000,0.000000,0.000000,0.000000
0.000000,0.000000,0.000000,0.000000,0.000000,0.000000,0.000000,0.000000,0.000000,0.000000,0.000000,0.000000,0.000000,0.000000,0.000000,1000.000141,1000.000209,1000.000269,1000.000329,1000.000388,1000.000439,1000.000475,1000.000485,1000.000472,1000.000447,1000.000417,1000.000385,1000.000355,1000.000327,1000.000300,1000.000274,1000.000250,1000.000227,1000.000205,1000.000184,1000.000165,1000.000146,1000.000129,1000.000113,1000.000098,1000.000085,1000.000072,1000.000061,1000.000051,1000.000043,1000.000035,1000.000029,1000.000024,1000.000020,1000.000017,1000.000016,1000.000015,1000.000016,1000.000017,1000.000020,1000.000024,1000.000029,1000.000035,1000.000043,1000.000051,1000.000061,1000.000072,1000.000085,1000.000098,1000.000113,1000.000129,1000.000146,1000.000165,1000.000184,1000.000205,1000.000227,1000.000250,1000.000274,1000.000300,1000.000327,1000.000355,1000.000385,1000.000417,1000.000447,1000.000472,1000.000485,1000.000475,1000.000439,1000.000388,1000.000329,1000.000269,1000.000209,1000.000141,0.000000,0.000000,0.000000,0.000000,0.000000,0.000000,0.000000,0.000000,0.000000,0.000000,0.000000,0.000000,0.000000,0.000000,0.000000
0.000000,0.000000,0.000000,0.000000,0.000000,0.000000,0.000000,0.000000,0.000000,0.000000,0.000000,0.000000,0.000000,0.000000,1000.000137,1000.000206,1000.000268,1000.000329,1000.000389,1000.000441,1000.000477,1000.000486,1000.000468,1000.000439,1000.000406,1000.000374,1000.000344,1000.000316,1000.000288,1000.000260,1000.000234,1000.000210,1000.000187,1000.000165,1000.000145,1000.000125,1000.000107,1000.000089,1000.000073,1000.000059,1000.000045,1000.000033,1000.000022,1000.000012,1000.000003,999.999996,999.999989,999.999984,999.999980,999.999977,999.999976,999.999975,999.999976,999.999977,999.999980,999.999984,999.999989,999.999996,1000.000003,1000.000012,1000.000022,1000.000033,1000.000045,1000.000059,1000.000073,1000.000089,1000.000107,1000.000125,1000.000145,1000.000165,1000.000187,1000.000210,1000.000234,1000.000260,1000.000288,1000.000316,1000.000344,1000.000374,1000.000406,1000.000439,1000.000468,1000.000486,1000.000477,1000.000441,1000.000389,1000.000329,1000.000268,1000.000206,1000.000137,0.000000,0.000000,0.000000,0.000000,0.000000,0.000000,0.000000,0.000000,0.000000,0.000000,0.000000,0.000000,0.000000,0.000000
0.000000,0.000000,0.000000,0.000000,0.000000,0.000000,0.000000,0.000000,0.000000,0.000000,0.000000,0.000000,0.000000,1000.000129,1000.000200,1000.000263,1000.000326,1000.000388,1000.000441,1000.000478,1000.000486,1000.000467,1000.000436,1000.000400,1000.000366,1000.000336,1000.000306,1000.000277,1000.000249,1000.000222,1000.000196,1000.000172,1000.000149,1000.000127,1000.000106,1000.000087,1000.000068,1000.000051,1000.000035,1000.000020,1000.000007,999.999994,999.999983,999.999973,999.999965,999.999957,999.999951,999.999945,999.999941,999.999939,999.999937,999.999936,999.999937,999.999939,999.999941,999.999945,999.999951,999.999957,999.999965,999.999973,999.999983,999.999994,1000.000007,1000.000020,1000.000035,1000.000051,1000.000068,1000.000087,1000.000106,1000.000127,1000.000149,1000.000172,1000.000196,1000.000222,1000.000249,1000.000277,1000.000306,1000.000336,1000.000366,1000.000400,1000.000436,1000.000467,1000.000486,1000.000478,1000.000441,1000.000388,1000.000326,1000.000263,1000.000200,1000.000129,0.000000,0.000000,0.000000,0.000000,0.000000,0.000000,0.000000,0.000000,0.000000,0.000000,0.000000,0.000000,0.000000
0.000000,0.000000,0.000000,0.000000,0.000000,0.000000,0.000000,0.000000,0.000000,0.000000,0.000000,0.000000,1000.000116,1000.000190,1000.000255,1000.000320,1000.000384,1000.000439,1000.000477,1000.000486,1000.000467,1000.000434,1000.000397,1000.000362,1000.000330,1000.000299,1000.000269,1000.000239,1000.000211,1000.000185,1000.000159,1000.000135,1000.000112,1000.000090,1000.000069,1000.000049,1000.000031,1000.000014,999.999998,999.999983,999.999970,999.999957,999.999946,999.999936,999.999927,999.999920,999.999913,999.999908,999.999904,999.999901,999.999899,999.999899,999.999899,999.999901,999.999904,999.999908,999.999913,999.999920,999.999927,999.999936,999.999946,999.999957,999.999970,999.999983,999.999998,1000.000014,1000.000031,1000.000049,1000.000069,1000.000090,1000.000112,1000.000135,1000.000159,1000.000185,1000.000211,1000.000239,1000.000269,1000.000299,1000.000330,1000.000362,1000.000397,1000.000434,1000.000467,1000.000486,1000.000477,1000.000439,1000.000384,1000.000320,1000.000255,1000.000190,1000.000116,0.000000,0.000000,0.000000,0.000000,0.000000,0.000000,0.000000,0.000000,0.000000,0.000000,0.000000,0.000000
0.000000,0.000000,0.000000,0.000000,0.000000,0.000000,0.000000,0.000000,0.000000,0.000000,0.000000,1000.000099,1000.000175,1000.000243,1000.000309,1000.000376,1000.000435,1000.000475,1000.000486,1000.000467,1000.000434,1000.000396,1000.000360,1000.000327,1000.000295,1000.000263,1000.000232,1000.000203,1000.000175,1000.000149,1000.000123,1000.000099,1000.000076,1000.000054,1000.000033,1000.000013,999.999995,999.999978,999.999962,999.999947,999.999933,999.999921,999.999910,999.999900,999.999891,999.999884,999.999877,999.999872,999.999868,999.999865,999.999863,999.999863,999.999863,999.999865,999.999868,999.999872,999.999877,999.999884,999.999891,999.999900,999.999910,999.999921,999.999933,999.999947,999.999962,999.999978,999.999995,1000.000013,1000.000033,1000.000054,1000.000076,1000.000099,1000.000123,1000.000149,1000.000175,1000.000203,1000.000232,1000.000263,1000.000295,1000.000327,1000.000360,1000.000396,1000.000434,1000.000467,1000.000486,1000.000475,1000.000435,1000.000376,1000.000309,1000.000243,1000.000175,1000.000099,0.000000,0.000000,0.000000,0.000000,0.000000,0.000000,0.000000,0.000000,0.000000,0.000000,0.000000
0.000000,0.000000,0.000000,0.000000,0.000000,0.000000,0.000000,0.000000,0.000000,0.000000,0.000000,1000.000156,1000.000226,1000.000293,1000.000362,1000.000426,1000.000471,1000.000485,1000.000468,1000.000436,1000.000397,1000.000360,1000.000326,1000.000292,1000.000259,1000.000227,1000.000197,1000.000168,1000.000140,1000.000114,1000.000088,1000.000064,1000.000041,1000.000019,999.999998,999.999978,999.999960,999.999943,999.999927,999.999912,999.999899,999.999886,999.999875,999.999865,999.999856,999.999849,999.999842,999.999837,999.999833,999.999830,999.999828,999.999828,999.999828,999.999830,999.999833,999.999837,999.999842,999.999849,999.999856,999.999865,999.999875,999.999886,999.999899,999.999912,999.999927,999.999943,999.999960,999.999978,999.999998,1000.000019,1000.000041,1000.000064,1000.000088,1000.000114,1000.000140,1000.000168,1000.000197,1000.000227,1000.000259,1000.000292,1000.000326,1000.000360,1000.000397,1000.000436,1000.000468,1000.000485,1000.000471,1000.000426,1000.000362,1000.000293,1000.000226,1000.000156,0.000000,0.000000,0.000000,0.000000,0.000000,0.000000,0.000000,0.000000,0.000000,0.000000,0.000000
0.000000,0.000000,0.000000,0.000000,0.000000,0.000000,0.000000,0.000000,0.000000,0.000000,1000.000134,1000.000210,1000.000277,1000.000344,1000.000410,1000.000463,1000.000485,1000.000472,1000.000439,1000.000400,1000.000362,1000.000327,1000.000292,1000.000258,1000.000225,1000.000194,1000.000164,1000.000134,1000.000107,1000.000080,1000.000054,1000.000030,1000.000007,999.999985,999.999964,999.999945,999.999926,999.999909,999.999893,999.999878,999.999865,999.999852,999.999841,999.999831,999.999822,999.999815,999.999808,999.999803,999.999799,999.999796,999.999794,999.999794,999.999794,999.999796,999.999799,999.999803,999.999808,999.999815,999.999822,999.999831,999.999841,999.999852,999.999865,999.999878,999.999893,999.999909,999.999926,999.999945,999.999964,999.999985,1000.000007,1000.000030,1000.000054,1000.000080,1000.000107,1000.000134,1000.000164,1000.000194,1000.000225,1000.000258,1000.000292,1000.000327,1000.000362,1000.000400,1000.000439,1000.000472,1000.000485,1000.000463,1000.000410,1000.000344,1000.000277,1000.000210,1000.000134,0.000000,0.000000,0.000000,0.000000,0.000000,0.000000,0.000000,0.000000,0.000000,0.000000
0.000000,0.000000,0.000000,0.000000,0.000000,0.000000,0.000000,0.000000,0.000000,1000.000111,1000.000189,1000.000259,1000.000327,1000.000394,1000.000450,1000.000483,1000.000479,1000.000447,1000.000406,1000.000366,1000.000330,1000.000295,1000.000259,1000.000225,1000.000193,1000.000161,1000.000131,1000.000102,1000.000074,1000.000047,1000.000022,999.999997,999.999974,999.999952,999.999932,999.999912,999.999894,999.999877,999.999861,999.999846,999.999832,999.999820,999.999809,999.999799,999.999790,999.999782,999.999776,999.999770,999.999766,999.999763,999.999762,999.999761,999.999762,999.999763,999.999766,999.999770,999.999776,999.999782,999.999790,999.999799,999.999809,999.999820,999.999832,999.999846,999.999861,999.999877,999.999894,999.999912,999.999932,999.999952,999.999974,999.999997,1000.000022,1000.000047,1000.000074,1000.000102,1000.000131,1000.000161,1000.000193,1000.000225,1000.000259,1000.000295,1000.000330,1000.000366,1000.000406,1000.000447,1000.000479,1000.000483,1000.000450,1000.000394,1000.000327,1000.000259,1000.000189,1000.000111,0.000000,0.000000,0.000000,0.000000,0.000000,0.000000,0.000000,0.000000,0.000000
0.000000,0.000000,0.000000,0.000000,0.000000,0.000000,0.000000,0.000000,0.000000,1000.000162,1000.000236,1000.000307,1000.000378,1000.000439,1000.000479,1000.000484,1000.000458,1000.000417,1000.000374,1000.000336,1000.000299,1000.000263,1000.000227,1000.000194,1000.000161,1000.000130,1000.000099,1000.000071,1000.000043,1000.000016,999.999990,999.999966,999.999943,999.999921,999.999900,999.999881,999.999862,999.999845,999.999829,999.999814,999.999801,999.999788,999.999777,999.999767,999.999758,999.999751,999.999744,999.999739,999.999735,999.999732,999.999730,999.999730,999.999730,999.999732,999.999735,999.999739,999.999744,999.999751,999.999758,999.999767,999.999777,999.999788,999.999801,999.999814,999.999829,999.999845,999.999862,999.999881,999.999900,999.999921,999.999943,999.999966,999.999990,1000.000016,1000.000043,1000.000071,1000.000099,1000.000130,1000.000161,1000.000194,1000.000227,1000.000263,1000.000299,1000.000336,1000.000374,1000.000417,1000.000458,1000.000484,1000.000479,1000.000439,1000.000378,1000.000307,1000.000236,1000.000162,0.000000,0.000000,0.000000,0.000000,0.000000,0.000000,0.000000,0.000000,0.000000
0.000000,0.000000,0.000000,0.000000,0.000000,0.000000,0.000000,0.000000,1000.000130,1000.000210,1000.000281,1000.000355,1000.000423,1000.000472,1000.000485,1000.000466,1000.000429,1000.000385,1000.000344,1000.000306,1000.000269,1000.000232,1000.000197,1000.000164,1000.000131,1000.000099,1000.000069,1000.000040,1000.000012,999.999986,999.999960,999.999936,999.999913,999.999891,999.999870,999.999851,999.999832,999.999815,999.999799,999.999784,999.999771,999.999758,999.999747,999.999737,999.999728,999.999721,999.999714,999.999709,999.999705,999.999702,999.999700,999.999699,999.999700,999.999702,999.999705,999.999709,999.999714,999.999721,999.999728,999.999737,999.999747,999.999758,999.999771,999.999784,999.999799,999.999815,999.999832,999.999851,999.999870,999.999891,999.999913,999.999936,999.999960,999.999986,1000.000012,1000.000040,1000.000069,1000.000099,1000.000131,1000.000164,1000.000197,1000.000232,1000.000269,1000.000306,1000.000344,1000.000385,1000.000429,1000.000466,1000.000485,1000.000472,1000.000423,1000.000355,1000.000281,1000.000210,1000.000130,0.000000,0.000000,0.000000,0.000000,0.000000,0.000000,0.000000,0.000000
0.000000,0.000000,0.000000,0.000000,0.000000,0.000000,0.000000,0.000000,1000.000175,1000.000251,1000.000325,1000.000398,1000.000458,1000.000485,1000.000472,1000.000438,1000.000396,1000.000355,1000.000316,1000.000277,1000.000239,1000.000203,1000.000168,1000.000134,1000.000102,1000.000071,1000.000040,1000.000011,999.999983,999.999957,999.999931,999.999907,999.999884,999.999862,999.999841,999.999822,999.999803,999.999786,999.999770,999.999755,999.999742,999.999729,999.999718,999.999708,999.999699,999.999691,999.999685,999.999680,999.999676,999.999673,999.999671,999.999670,999.999671,999.999673,999.999676,999.999680,999.999685,999.999691,999.999699,999.999708,999.999718,999.999729,999.999742,999.999755,999.999770,999.999786,999.999803,999.999822,999.999841,999.999862,999.999884,999.999907,999.999931,999.999957,999.999983,1000.000011,1000.000040,1000.000071,1000.000102,1000.000134,1000.000168,1000.000203,1000.000239,1000.000277,1000.000316,1000.000355,1000.000396,1000.000438,1000.000472,1000.000485,1000.000458,1000.000398,1000.000325,1000.000251,1000.000175,0.000000,0.000000,0.000000,0.000000,0.000000,0.000000,0.000000,0.000000
0.000000,0.000000,0.000000,0.000000,0.000000,0.000000,0.000000,1000.000136,1000.000219,1000.000292,1000.000367,1000.000436,1000.000479,1000.000481,1000.000450,1000.000408,1000.000366,1000.000327,1000.000288,1000.000249,1000.000211,1000.000175,1000.000140,1000.000107,1000.000074,1000.000043,1000.000012,999.999983,999.999956,999.999929,999.999903,999.999879,999.999856,999.999834,999.999813,999.999794,999.999775,999.999758,999.999742,999.999727,999.999714,999.999701,999.999690,999.999680,999.999671,999.999664,999.999657,999.999652,999.999648,999.999645,999.999643,999.999642,999.999643,999.999645,999.999648,999.999652,999.999657,999.999664,999.999671,999.999680,999.999690,999.999701,999.999714,999.999727,999.999742,999.999758,999.999775,999.999794,999.999813,999.999834,999.999856,999.999879,999.999903,999.999929,999.999956,999.999983,1000.000012,1000.000043,1000.000074,1000.000107,1000.000140,1000.000175,1000.000211,1000.000249,1000.000288,1000.000327,1000.000366,1000.000408,1000.000450,1000.000481,1000.000479,1000.000436,1000.000367,1000.000292,1000.000219,1000.000136,0.000000,0.000000,0.000000,0.000000,0.000000,0.000000,0.000000
0.000000,0.000000,0.000000,0.000000,0.000000,0.000000,0.000000,1000.000179,1000.000257,1000.000332,1000.000406,1000.000464,1000.000486,1000.000467,1000.000426,1000.000381,1000.000340,1000.000300,1000.000260,1000.000222,1000.000185,1000.000149,1000.000114,1000.000080,1000.000047,1000.000016,999.999986,999.999957,999.999929,999.999902,999.999877,999.999852,999.999829,999.999807,999.999787,999.999767,999.999749,999.999732,999.999716,999.999701,999.999687,999.999675,999.999664,999.999653,999.999645,999.999637,999.999630,999.999625,999.999621,999.999618,999.999616,999.999616,999.999616,999.999618,999.999621,999.999625,999.999630,999.999637,999.999645,999.999653,999.999664,999.999675,999.999687,999.999701,999.999716,999.999732,999.999749,999.999767,999.999787,999.999807,999.999829,999.999852,999.999877,999.999902,999.999929,999.999957,999.999986,1000.000016,1000.000047,1000.000080,1000.000114,1000.000149,1000.000185,1000.000222,1000.000260,1000.000300,1000.000340,1000.000381,1000.000426,1000.000467,1000.000486,1000.000464,1000.000406,1000.000332,1000.000257,1000.000179,0.000000,0.000000,0.000000,0.000000,0.000000,0.000000,0.000000
0.000000,0.000000,0.000000,0.000000,0.000000,0.000000,1000.000137,1000.000220,1000.000295,1000.000371,1000.000439,1000.000482,1000.000481,1000.000446,1000.000400,1000.000356,1000.000315,1000.000274,1000.000234,1000.000196,1000.000159,1000.000123,1000.000088,1000.000054,1000.000022,999.999990,999.999960,999.999931,999.999903,999.999877,999.999851,999.999827,999.999804,999.999782,999.999761,999.999742,999.999723,999.999706,999.999690,999.999675,999.999662,999.999649,999.999638,999.999628,999.999619,999.999611,999.999605,999.999600,999.999596,999.999593,999.999591,999.999590,999.999591,999.999593,999.999596,999.999600,999.999605,999.999611,999.999619,999.999628,999.999638,999.999649,999.999662,999.999675,999.999690,999.999706,999.999723,999.999742,999.999761,999.999782,999.999804,999.999827,999.999851,999.999877,999.999903,999.999931,999.999960,999.999990,1000.000022,1000.000054,1000.000088,1000.000123,1000.000159,1000.000196,1000.000234,1000.000274,1000.000315,1000.000356,1000.000400,1000.000446,1000.000481,1000.000482,1000.000439,1000.000371,1000.000295,1000.000220,1000.000137,0.000000,0.000000,0.000000,0.000000,0.000000,0.000000
0.000000,0.000000,0.000000,0.000000,0.000000,0.000000,1000.000177,1000.000256,1000.000332,1000.000407,1000.000466,1000.000487,1000.000466,1000.000422,1000.000376,1000.000333,1000.000291,1000.000250,1000.000210,1000.000172,1000.000135,1000.000099,1000.000064,1000.000030,999.999997,999.999966,999.999936,999.999907,999.999879,999.999852,999.999827,999.999803,999.999780,999.999758,999.999737,999.999717,999.999699,999.999682,999.999666,999.999651,999.999637,999.999625,999.999614,999.999604,999.999595,999.999587,999.999581,999.999575,999.999571,999.999568,999.999566,999.999566,999.999566,999.999568,999.999571,999.999575,999.999581,999.999587,999.999595,999.999604,999.999614,999.999625,999.999637,999.999651,999.999666,999.999682,999.999699,999.999717,999.999737,999.999758,999.999780,999.999803,999.999827,999.999852,999.999879,999.999907,999.999936,999.999966,999.999997,1000.000030,1000.000064,1000.000099,1000.000135,1000.000172,1000.000210,1000.000250,1000.000291,1000.000333,1000.000376,1000.000422,1000.000466,1000.000487,1000.000466,1000.000407,1000.000332,1000.000256,1000.000177,0.000000,0.000000,0.000000,0.000000,0.000000,0.000000
0.000000,0.000000,0.000000,0.000000,0.000000,1000.000131,1000.000215,1000.000291,1000.000369,1000.000438,1000.000482,1000.000481,1000.000445,1000.000398,1000.000353,1000.000310,1000.000268,1000.000227,1000.000187,1000.000149,1000.000112,1000.000076,1000.000041,1000.000007,999.999974,999.999943,999.999913,999.999884,999.999856,999.999829,999.999804,999.999780,999.999756,999.999735,999.999714,999.999694,999.999676,999.999659,999.999643,999.999628,999.999614,999.999602,999.999591,999.999581,999.999572,999.999564,999.999558,999.999552,999.999548,999.999545,999.999543,999.999543,999.999543,999.999545,999.999548,999.999552,999.999558,999.999564,999.999572,999.999581,999.999591,999.999602,999.999614,999.999628,999.999643,999.999659,999.999676,999.999694,999.999714,999.999735,999.999756,999.999780,999.999804,999.999829,999.999856,999.999884,999.999913,999.999943,999.999974,1000.000007,1000.000041,1000.000076,1000.000112,1000.000149,1000.000187,1000.000227,1000.000268,1000.000310,1000.000353,1000.000398,1000.000445,1000.000481,1000.000482,1000.000438,1000.000369,1000.000291,1000.000215,1000.000131,0.000000,0.000000,0.000000,0.000000,0.000000
0.000000,0.000000,0.000000,0.000000,0.000000,1000.000166,1000.000247,1000.000325,1000.000402,1000.000464,1000.000487,1000.000466,1000.000423,1000.000375,1000.000331,1000.000288,1000.000246,1000.000205,1000.000165,1000.000127,1000.000090,1000.000054,1000.000019,999.999985,999.999952,999.999921,999.999891,999.999862,999.999834,999.999807,999.999782,999.999758,999.999735,999.999713,999.999692,999.999672,999.999654,999.999637,999.999621,999.999606,999.999592,999.999580,999.999569,999.999559,999.999550,999.999542,999.999536,999.999530,999.999526,999.999523,999.999521,999.999521,999.999521,999.999523,999.999526,999.999530,999.999536,999.999542,999.999550,999.999559,999.999569,999.999580,999.999592,999.999606,999.999621,999.999637,999.999654,999.999672,999.999692,999.999713,999.999735,999.999758,999.999782,999.999807,999.999834,999.999862,999.999891,999.999921,999.999952,999.999985,1000.000019,1000.000054,1000.000090,1000.000127,1000.000165,1000.000205,1000.000246,1000.000288,1000.000331,1000.000375,1000.000423,1000.000466,1000.000487,1000.000464,1000.000402,1000.000325,1000.000247,1000.000166,0.000000,0.000000,0.000000,0.000000,0.000000
0.000000,0.000000,0.000000,0.000000,1000.000115,1000.000200,1000.000278,1000.000358,1000.000432,1000.000480,1000.000481,1000.000447,1000.000400,1000.000354,1000.000310,1000.000267,1000.000225,1000.000184,1000.000145,1000.000106,1000.000069,1000.000033,999.999998,999.999964,999.999932,999.999900,999.999870,999.999841,999.999813,999.999787,999.999761,999.999737,999.999714,999.999692,999.999671,999.999652,999.999633,999.999616,999.999600,999.999585,999.999572,999.999559,999.999548,999.999538,999.999529,999.999521,999.999515,999.999510,999.999505,999.999502,999.999501,999.999500,999.999501,999.999502,999.999505,999.999510,999.999515,999.999521,999.999529,999.999538,999.999548,999.999559,999.999572,999.999585,999.999600,999.999616,999.999633,999.999652,999.999671,999.999692,999.999714,999.999737,999.999761,999.999787,999.999813,999.999841,999.999870,999.999900,999.999932,999.999964,999.999998,1000.000033,1000.000069,1000.000106,1000.000145,1000.000184,1000.000225,1000.000267,1000.000310,1000.000354,1000.000400,1000.000447,1000.000481,1000.000480,1000.000432,1000.000358,1000.000278,1000.000200,1000.000115,0.000000,0.000000,0.000000,0.000000
0.000000,0.000000,0.000000,0.000000,1000.000146,1000.000228,1000.000307,1000.000388,1000.000456,1000.000485,1000.000469,1000.000426,1000.000379,1000.000334,1000.000290,1000.000247,1000.000205,1000.000165,1000.000125,1000.000087,1000.000049,1000.000013,999.999978,999.999945,999.999912,999.999881,999.999851,999.999822,999.999794,999.999767,999.999742,999.999717,999.999694,999.999672,999.999652,999.999632,999.999614,999.999597,999.999581,999.999566,999.999552,999.999540,999.999528,999.999518,999.999510,999.999502,999.999495,999.999490,999.999486,999.999483,999.999481,999.999481,999.999481,999.999483,999.999486,999.999490,999.999495,999.999502,999.999510,999.999518,999.999528,999.999540,999.999552,999.999566,999.999581,999.999597,999.999614,999.999632,999.999652,999.999672,999.999694,999.999717,999.999742,999.999767,999.999794,999.999822,999.999851,999.999881,999.999912,999.999945,999.999978,1000.000013,1000.000049,1000.000087,1000.000125,1000.000165,1000.000205,1000.000247,1000.000290,1000.000334,1000.000379,1000.000426,1000.000469,1000.000485,1000.000456,1000.000388,1000.000307,1000.000228,1000.000146,0.000000,0.000000,0.000000,0.000000
