0.000000,0.000000,0.000000,0.000000,0.000000,0.000000,0.000000,0.000000,0.000000,0.000000,0.000000,0.000000,0.000000,0.000000,0.000000,0.000000,0.000000,0.000000,0.000000,0.000000,0.000000,0.000000,0.000000,0.000000,0.000000,0.000000,0.000000,0.000000,0.000000,0.000000,0.000000,0.000000,0.000000,0.000000,0.000000,0.000000,0.000000,0.000000,0.000000,0.000000,0.000000,0.000000,0.000000,0.000000,0.000000,0.000000,0.000000,0.000000,0.000000,0.000000,0.000000,0.000000,0.000000,0.000000,0.000000,0.000000,0.000000,0.000000,0.000000,0.000000,0.000000,0.000000,0.000000,0.000000,0.000000,0.000000,0.000000,0.000000,0.000000,0.000000,0.000000,0.000000,0.000000,0.000000,0.000000,0.000000,0.000000,0.000000,0.000000,0.000000,0.000000,0.000000,0.000000,0.000000,0.000000,0.000000,0.000000,0.000000,0.000000,0.000000,0.000000,0.000000,0.000000,0.000000,0.000000,0.000000,0.000000,0.000000,0.000000,0.000000,0.000000,0.000000,0.000000
0.000000,0.000000,0.000000,0.000000,0.000000,0.000000,0.000000,0.000000,0.000000,0.000000,0.000000,0.000000,0.000000,0.000000,0.000000,0.000000,0.000000,0.000000,0.000000,0.000000,0.000000,0.000000,0.000000,0.000000,0.000000,0.000000,0.000000,0.000000,0.000000,0.000000,0.000000,0.000000,0.000000,0.000000,0.000000,0.000000,0.000000,0.000000,0.000000,0.000000,0.000000,0.000000,0.000000,0.000000,0.000000,0.000000,0.000000,0.000000,0.000000,0.000000,0.000000,1000.000075,0.000000,0.000000,0.000000,0.000000,0.000000,0.000000,0.000000,0.000000,0.000000,0.000000,0.000000,0.000000,0.000000,0.000000,0.000000,0.000000,0.000000,0.000000,0.000000,0.000000,0.000000,0.000000,0.000000,0.000000,0.000000,0.000000,0.000000,0.000000,0.000000,0.000000,0.000000,0.000000,0.000000,0.000000,0.000000,0.000000,0.000000,0.000000,0.000000,0.000000,0.000000,0.000000,0.000000,0.000000,0.000000,0.000000,0.000000,0.000000,0.000000,0.000000,0.000000
0.000000,0.000000,0.000000,0.000000,0.000000,0.000000,0.000000,0.000000,0.000000,0.000000,0.000000,0.000000,0.000000,0.000000,0.000000,0.000000,0.000000,0.000000,0.000000,0.000000,0.000000,0.000000,0.000000,0.000000,0.000000,0.000000,0.000000,0.000000,0.000000,0.000000,0.000000,0.000000,0.000000,0.000000,0.000000,0.000000,0.000000,0.000000,0.000000,0.000000,0.000000,0.000000,1000.000136,1000.000159,1000.000170,1000.000176,1000.000179,1000.000180,1000.000180,1000.000179,1000.000178,1000.000183,1000.000178,1000.000179,1000.000180,1000.000180,1000.000179,1000.000176,1000.000170,1000.000159,1000.000136,0.000000,0.000000,0.000000,0.000000,0.000000,0.000000,0.000000,0.000000,0.000000,0.000000,0.000000,0.000000,0.000000,0.000000,0.000000,0.000000,0.000000,0.000000,0.000000,0.000000,0.000000,0.000000,0.000000,0.000000,0.000000,0.000000,0.000000,0.000000,0.000000,0.000000,0.000000,0.000000,0.000000,0.000000,0.000000,0.000000,0.000000,0.000000,0.000000,0.000000,0.000000,0.000000
0.000000,0.000000,0.000000,0.000000,0.000000,0.000000,0.000000,0.000000,0.000000,0.000000,0.000000,0.000000,0.000000,0.000000,0.000000,0.000000,0.000000,0.000000,0.000000,0.000000,0.000000,0.000000,0.000000,0.000000,0.000000,0.000000,0.000000,0.000000,0.000000,0.000000,0.000000,0.000000,0.000000,0.000000,0.000000,0.000000,0.000000,1000.000131,1000.000164,1000.000190,1000.000211,1000.000228,1000.000244,1000.000258,1000.000269,1000.000277,1000.000281,1000.000283,1000.000284,1000.000285,1000.000284,1000.000285,1000.000284,1000.000285,1000.000284,1000.000283,1000.000281,1000.000277,1000.000269,1000.000258,1000.000244,1000.000228,1000.000211,1000.000190,1000.000164,1000.000131,0.000000,0.000000,0.000000,0.000000,0.000000,0.000000,0.000000,0.000000,0.000000,0.000000,0.000000,0.000000,0.000000,0.000000,0.000000,0.000000,0.000000,0.000000,0.000000,0.000000,0.000000,0.000000,0.000000,0.000000,0.000000,0.000000,0.000000,0.000000,0.000000,0.000000,0.000000,0.000000,0.000000,0.000000,0.000000,0.000000,0.000000
0.000000,0.000000,0.000000,0.000000,0.000000,0.000000,0.000000,0.000000,0.000000,0.000000,0.000000,0.000000,0.000000,0.000000,0.000000,0.000000,0.000000,0.000000,0.000000,0.000000,0.000000,0.000000,0.000000,0.000000,0.000000,0.000000,0.000000,0.000000,0.000000,0.000000,0.000000,0.000000,0.000000,0.000000,1000.000137,1000.000174,1000.000205,1000.000236,1000.000263,1000.000287,1000.000310,1000.000329,1000.000346,1000.000360,1000.000371,1000.000377,1000.000381,1000.000384,1000.000385,1000.000385,1000.000386,1000.000385,1000.000386,1000.000385,1000.000385,1000.000384,1000.000381,1000.000377,1000.000371,1000.000360,1000.000346,1000.000329,1000.000310,1000.000287,1000.000263,1000.000236,1000.000205,1000.000174,1000.000137,0.000000,0.000000,0.000000,0.000000,0.000000,0.000000,0.000000,0.000000,0.000000,0.000000,0.000000,0.000000,0.000000,0.000000,0.000000,0.000000,0.000000,0.000000,0.000000,0.000000,0.000000,0.000000,0.000000,0.000000,0.000000,0.000000,0.000000,0.000000,0.000000,0.000000,0.000000,0.000000,0.000000,0.000000
0.000000,0.000000,0.000000,0.000000,0.000000,0.000000,0.000000,0.000000,0.000000,0.000000,0.000000,0.000000,0.000000,0.000000,0.000000,0.000000,0.000000,0.000000,0.000000,0.000000,0.000000,0.000000,0.000000,0.000000,0.000000,0.000000,0.000000,0.000000,0.000000,0.000000,0.000000,0.000000,1000.000156,1000.000198,1000.000239,1000.000272,1000.000303,1000.000333,1000.000360,1000.000384,1000.000407,1000.000428,1000.000447,1000.000461,1000.000471,1000.000476,1000.000479,1000.000481,1000.000481,1000.000482,1000.000482,1000.000482,1000.000482,1000.000482,1000.000481,1000.000481,1000.000479,1000.000476,1000.000471,1000.000461,1000.000447,1000.000428,1000.000407,1000.000384,1000.000360,1000.000333,1000.000303,1000.000272,1000.000239,1000.000198,1000.000156,0.000000,0.000000,0.000000,0.000000,0.000000,0.000000,0.000000,0.000000,0.000000,0.000000,0.000000,0.000000,0.000000,0.000000,0.000000,0.000000,0.000000,0.000000,0.000000,0.000000,0.000000,0.000000,0.000000,0.000000,0.000000,0.000000,0.000000,0.000000,0.000000,0.000000,0.000000,0.000000
0.000000,0.000000,0.000000,0.000000,0.000000,0.000000,0.000000,0.000000,0.000000,0.000000,0.000000,0.000000,0.000000,0.000000,0.000000,0.000000,0.000000,0.000000,0.000000,0.000000,0.000000,0.000000,0.000000,0.000000,0.000000,0.000000,0.000000,0.000000,0.000000,0.000000,1000.000164,1000.000211,1000.000256,1000.000295,1000.000332,1000.000366,1000.000400,1000.000430,1000.000457,1000.000480,1000.000499,1000.000517,1000.000533,1000.000543,1000.000548,1000.000551,1000.000553,1000.000553,1000.000554,1000.000554,1000.000553,1000.000553,1000.000553,1000.000554,1000.000554,1000.000553,1000.000553,1000.000551,1000.000548,1000.000543,1000.000533,1000.000517,1000.000499,1000.000480,1000.000457,1000.000430,1000.000400,1000.000366,1000.000332,1000.000295,1000.000256,1000.000211,1000.000164,0.000000,0.000000,0.000000,0.000000,0.000000,0.000000,0.000000,0.000000,0.000000,0.000000,0.000000,0.000000,0.000000,0.000000,0.000000,0.000000,0.000000,0.000000,0.000000,0.000000,0.000000,0.000000,0.000000,0.000000,0.000000,0.000000,0.000000,0.000000,0.000000,0.000000
0.000000,0.000000,0.000000,0.000000,0.000000,0.000000,0.000000,0.000000,0.000000,0.000000,0.000000,0.000000,0.000000,0.000000,0.000000,0.000000,0.000000,0.000000,0.000000,0.000000,0.000000,0.000000,0.000000,0.000000,0.000000,0.000000,0.000000,0.000000,1000.000163,1000.000214,1000.000263,1000.000305,1000.000347,1000.000388,1000.000427,1000.000462,1000.000492,1000.000518,1000.000540,1000.000554,1000.000563,1000.000570,1000.000572,1000.000570,1000.000569,1000.000568,1000.000567,1000.000567,1000.000566,1000.000566,1000.000565,1000.000565,1000.000565,1000.000566,1000.000566,1000.000567,1000.000567,1000.000568,1000.000569,1000.000570,1000.000572,1000.000570,1000.000563,1000.000554,1000.000540,1000.000518,1000.000492,1000.000462,1000.000427,1000.000388,1000.000347,1000.000305,1000.000263,1000.000214,1000.000163,0.000000,0.000000,0.000000,0.000000,0.000000,0.000000,0.000000,0.000000,0.000000,0.000000,0.000000,0.000000,0.000000,0.000000,0.000000,0.000000,0.000000,0.000000,0.000000,0.000000,0.000000,0.000000,0.000000,0.000000,0.000000,0.000000,0.000000,0.000000
0.000000,0.000000,0.000000,0.000000,0.000000,0.000000,0.000000,0.000000,0.000000,0.000000,0.000000,0.000000,0.000000,0.000000,0.000000,0.000000,0.000000,0.000000,0.000000,0.000000,0.000000,0.000000,0.000000,0.000000,0.000000,0.000000,1000.000155,1000.000209,1000.000261,1000.000306,1000.000352,1000.000396,1000.000439,1000.000479,1000.000514,1000.000542,1000.000560,1000.000572,1000.000576,1000.000575,1000.000571,1000.000563,1000.000552,1000.000541,1000.000533,1000.000528,1000.000526,1000.000524,1000.000522,1000.000521,1000.000520,1000.000520,1000.000520,1000.000521,1000.000522,1000.000524,1000.000526,1000.000528,1000.000533,1000.000541,1000.000552,1000.000563,1000.000571,1000.000575,1000.000576,1000.000572,1000.000560,1000.000542,1000.000514,1000.000479,1000.000439,1000.000396,1000.000352,1000.000306,1000.000261,1000.000209,1000.000155,0.000000,0.000000,0.000000,0.000000,0.000000,0.000000,0.000000,0.000000,0.000000,0.000000,0.000000,0.000000,0.000000,0.000000,0.000000,0.000000,0.000000,0.000000,0.000000,0.000000,0.000000,0.000000,0.000000,0.000000,0.000000,0.000000
0.000000,0.000000,0.000000,0.000000,0.000000,0.000000,0.000000,0.000000,0.000000,0.000000,0.000000,0.000000,0.000000,0.000000,0.000000,0.000000,0.000000,0.000000,0.000000,0.000000,0.000000,0.000000,0.000000,0.000000,1000.000133,1000.000193,1000.000250,1000.000300,1000.000349,1000.000396,1000.000442,1000.000484,1000.000522,1000.000551,1000.000570,1000.000577,1000.000575,1000.000568,1000.000555,1000.000542,1000.000528,1000.000514,1000.000500,1000.000486,1000.000476,1000.000470,1000.000465,1000.000462,1000.000460,1000.000458,1000.000457,1000.000457,1000.000457,1000.000458,1000.000460,1000.000462,1000.000465,1000.000470,1000.000476,1000.000486,1000.000500,1000.000514,1000.000528,1000.000542,1000.000555,1000.000568,1000.000575,1000.000577,1000.000570,1000.000551,1000.000522,1000.000484,1000.000442,1000.000396,1000.000349,1000.000300,1000.000250,1000.000193,1000.000133,0.000000,0.000000,0.000000,0.000000,0.000000,0.000000,0.000000,0.000000,0.000000,0.000000,0.000000,0.000000,0.000000,0.000000,0.000000,0.000000,0.000000,0.000000,0.000000,0.000000,0.000000,0.000000,0.000000,0.000000
0.000000,0.000000,0.000000,0.000000,0.000000,0.000000,0.000000,0.000000,0.000000,0.000000,0.000000,0.000000,0.000000,0.000000,0.000000,0.000000,0.000000,0.000000,0.000000,0.000000,0.000000,0.000000,0.000000,1000.000160,1000.000226,1000.000281,1000.000336,1000.000387,1000.000438,1000.000483,1000.000523,1000.000554,1000.000572,1000.000578,1000.000572,1000.000558,1000.000540,1000.000522,1000.000503,1000.000485,1000.000469,1000.000455,1000.000441,1000.000429,1000.000420,1000.000412,1000.000406,1000.000402,1000.000399,1000.000397,1000.000396,1000.000396,1000.000396,1000.000397,1000.000399,1000.000402,1000.000406,1000.000412,1000.000420,1000.000429,1000.000441,1000.000455,1000.000469,1000.000485,1000.000503,1000.000522,1000.000540,1000.000558,1000.000572,1000.000578,1000.000572,1000.000554,1000.000523,1000.000483,1000.000438,1000.000387,1000.000336,1000.000281,1000.000226,1000.000160,0.000000,0.000000,0.000000,0.000000,0.000000,0.000000,0.000000,0.000000,0.000000,0.000000,0.000000,0.000000,0.000000,0.000000,0.000000,0.000000,0.000000,0.000000,0.000000,0.000000,0.000000,0.000000,0.000000
0.000000,0.000000,0.000000,0.000000,0.000000,0.000000,0.000000,0.000000,0.000000,0.000000,0.000000,0.000000,0.000000,0.000000,0.000000,0.000000,0.000000,0.000000,0.000000,0.000000,0.000000,1000.000118,1000.000186,1000.000251,1000.000309,1000.000366,1000.000423,1000.000475,1000.000518,1000.000552,1000.000572,1000.000579,1000.000572,1000.000555,1000.000532,1000.000508,1000.000485,1000.000465,1000.000446,1000.000428,1000.000412,1000.000398,1000.000385,1000.000373,1000.000364,1000.000355,1000.000349,1000.000344,1000.000341,1000.000338,1000.000337,1000.000336,1000.000337,1000.000338,1000.000341,1000.000344,1000.000349,1000.000355,1000.000364,1000.000373,1000.000385,1000.000398,1000.000412,1000.000428,1000.000446,1000.000465,1000.000485,1000.000508,1000.000532,1000.000555,1000.000572,1000.000579,1000.000572,1000.000552,1000.000518,1000.000475,1000.000423,1000.000366,1000.000309,1000.000251,1000.000186,1000.000118,0.000000,0.000000,0.000000,0.000000,0.000000,0.000000,0.000000,0.000000,0.000000,0.000000,0.000000,0.000000,0.000000,0.000000,0.000000,0.000000,0.000000,0.000000,0.000000,0.000000,0.000000
0.000000,0.000000,0.000000,0.000000,0.000000,0.000000,0.000000,0.000000,0.000000,0.000000,0.000000,0.000000,0.000000,0.000000,0.000000,0.000000,0.000000,0.000000,0.000000,0.000000,1000.000138,1000.000209,1000.000270,1000.000330,1000.000390,1000.000450,1000.000504,1000.000545,1000.000570,1000.000578,1000.000572,1000.000554,1000.000530,1000.000504,1000.000477,1000.000452,1000.000430,1000.000410,1000.000391,1000.000373,1000.000357,1000.000343,1000.000330,1000.000318,1000.000308,1000.000300,1000.000293,1000.000288,1000.000284,1000.000281,1000.000280,1000.000279,1000.000280,1000.000281,1000.000284,1000.000288,1000.000293,1000.000300,1000.000308,1000.000318,1000.000330,1000.000343,1000.000357,1000.000373,1000.000391,1000.000410,1000.000430,1000.000452,1000.000477,1000.000504,1000.000530,1000.000554,1000.000572,1000.000578,1000.000570,1000.000545,1000.000504,1000.000450,1000.000390,1000.000330,1000.000270,1000.000209,1000.000138,0.000000,0.000000,0.000000,0.000000,0.000000,0.000000,0.000000,0.000000,0.000000,0.000000,0.000000,0.000000,0.000000,0.000000,0.000000,0.000000,0.000000,0.000000,0.000000,0.000000
0.000000,0.000000,0.000000,0.000000,0.000000,0.000000,0.000000,0.000000,0.000000,0.000000,0.000000,0.000000,0.000000,0.000000,0.000000,0.000000,0.000000,0.000000,0.000000,1000.000154,1000.000226,1000.000289,1000.000350,1000.000411,1000.000470,1000.000522,1000.000560,1000.000576,1000.000572,1000.000556,1000.000531,1000.000503,1000.000475,1000.000448,1000.000422,1000.000399,1000.000377,1000.000356,1000.000337,1000.000319,1000.000303,1000.000289,1000.000276,1000.000264,1000.000254,1000.000246,1000.000239,1000.000233,1000.000229,1000.000226,1000.000224,1000.000224,1000.000224,1000.000226,1000.000229,1000.000233,1000.000239,1000.000246,1000.000254,1000.000264,1000.000276,1000.000289,1000.000303,1000.000319,1000.000337,1000.000356,1000.000377,1000.000399,1000.000422,1000.000448,1000.000475,1000.000503,1000.000531,1000.000556,1000.000572,1000.000576,1000.000560,1000.000522,1000.000470,1000.000411,1000.000350,1000.000289,1000.000226,1000.000154,0.000000,0.000000,0.000000,0.000000,0.000000,0.000000,0.000000,0.000000,0.000000,0.000000,0.000000,0.000000,0.000000,0.000000,0.000000,0.000000,0.000000,0.000000,0.000000
0.000000,0.000000,0.000000,0.000000,0.000000,0.000000,0.000000,0.000000,0.000000,0.000000,0.000000,0.000000,0.000000,0.000000,0.000000,0.000000,0.000000,0.000000,1000.000163,1000.000239,1000.000305,1000.000368,1000.000432,1000.000488,1000.000536,1000.000569,1000.000577,1000.000562,1000.000537,1000.000507,1000.000477,1000.000448,1000.000421,1000.000395,1000.000370,1000.000346,1000.000324,1000.000303,1000.000284,1000.000267,1000.000251,1000.000236,1000.000223,1000.000212,1000.000201,1000.000193,1000.000186,1000.000180,1000.000176,1000.000172,1000.000171,1000.000170,1000.000171,1000.000172,1000.000176,1000.000180,1000.000186,1000.000193,1000.000201,1000.000212,1000.000223,1000.000236,1000.000251,1000.000267,1000.000284,1000.000303,1000.000324,1000.000346,1000.000370,1000.000395,1000.000421,1000.000448,1000.000477,1000.000507,1000.000537,1000.000562,1000.000577,1000.000569,1000.000536,1000.000488,1000.000432,1000.000368,1000.000305,1000.000239,1000.000163,0.000000,0.000000,0.000000,0.000000,0.000000,0.000000,0.000000,0.000000,0.000000,0.000000,0.000000,0.000000,0.000000,0.000000,0.000000,0.000000,0.000000,0.000000
0.000000,0.000000,0.000000,0.000000,0.000000,0.000000,0.000000,0.000000,0.000000,0.000000,0.000000,0.000000,0.000000,0.000000,0.000000,0.000000,0.000000,1000.000169,1000.000246,1000.000314,1000.000382,1000.000448,1000.000507,1000.000550,1000.000574,1000.000576,1000.000555,1000.000522,1000.000487,1000.000455,1000.000425,1000.000397,1000.000370,1000.000343,1000.000318,1000.000295,1000.000273,1000.000252,1000.000233,1000.000216,1000.000200,1000.000185,1000.000172,1000.000160,1000.000150,1000.000141,1000.000134,1000.000128,1000.000124,1000.000120,1000.000118,1000.000118,1000.000118,1000.000120,1000.000124,1000.000128,1000.000134,1000.000141,1000.000150,1000.000160,1000.000172,1000.000185,1000.000200,1000.000216,1000.000233,1000.000252,1000.000273,1000.000295,1000.000318,1000.000343,1000.000370,1000.000397,1000.000425,1000.000455,1000.000487,1000.000522,1000.000555,1000.000576,1000.000574,1000.000550,1000.000507,1000.000448,1000.000382,1000.000314,1000.000246,1000.000169,0.000000,0.000000,0.000000,0.000000,0.000000,0.000000,0.000000,0.000000,0.000000,0.000000,0.000000,0.000000,0.000000,0.000000,0.000000,0.000000,0.000000
0.000000,0.000000,0.000000,0.000000,0.000000,0.000000,0.000000,0.000000,0.000000,0.000000,0.000000,0.000000,0.000000,0.000000,0.000000,0.000000,1000.000170,1000.000249,1000.000320,1000.000389,1000.000457,1000.000518,1000.000560,1000.000577,1000.000570,1000.000546,1000.000511,1000.000473,1000.000437,1000.000405,1000.000376,1000.000347,1000.000319,1000.000293,1000.000268,1000.000245,1000.000223,1000.000202,1000.000183,1000.000166,1000.000150,1000.000135,1000.000122,1000.000110,1000.000100,1000.000091,1000.000084,1000.000078,1000.000073,1000.000070,1000.000068,1000.000067,1000.000068,1000.000070,1000.000073,1000.000078,1000.000084,1000.000091,1000.000100,1000.000110,1000.000122,1000.000135,1000.000150,1000.000166,1000.000183,1000.000202,1000.000223,1000.000245,1000.000268,1000.000293,1000.000319,1000.000347,1000.000376,1000.000405,1000.000437,1000.000473,1000.000511,1000.000546,1000.000570,1000.000577,1000.000560,1000.000518,1000.000457,1000.000389,1000.000320,1000.000249,1000.000170,0.000000,0.000000,0.000000,0.000000,0.000000,0.000000,0.000000,0.000000,0.000000,0.000000,0.000000,0.000000,0.000000,0.000000,0.000000,0.000000
0.000000,0.000000,0.000000,0.000000,0.000000,0.000000,0.000000,0.000000,0.000000,0.000000,0.000000,0.000000,0.000000,0.000000,0.000000,1000.000169,1000.000249,1000.000321,1000.000392,1000.000462,1000.000523,1000.000565,1000.000577,1000.000561,1000.000532,1000.000497,1000.000460,1000.000423,1000.000390,1000.000358,1000.000327,1000.000298,1000.000270,1000.000244,1000.000220,1000.000196,1000.000174,1000.000154,1000.000135,1000.000117,1000.000101,1000.000086,1000.000073,1000.000061,1000.000051,1000.000042,1000.000035,1000.000029,1000.000024,1000.000021,1000.000019,1000.000018,1000.000019,1000.000021,1000.000024,1000.000029,1000.000035,1000.000042,1000.000051,1000.000061,1000.000073,1000.000086,1000.000101,1000.000117,1000.000135,1000.000154,1000.000174,1000.000196,1000.000220,1000.000244,1000.000270,1000.000298,1000.000327,1000.000358,1000.000390,1000.000423,1000.000460,1000.000497,1000.000532,1000.000561,1000.000577,1000.000565,1000.000523,1000.000462,1000.000392,1000.000321,1000.000249,1000.000169,0.000000,0.000000,0.000000,0.000000,0.000000,0.000000,0.000000,0.000000,0.000000,0.000000,0.000000,0.000000,0.000000,0.000000,0.000000
0.000000,0.000000,0.000000,0.000000,0.000000,0.000000,0.000000,0.000000,0.000000,0.000000,0.000000,0.000000,0.000000,0.000000,1000.000163,1000.000246,1000.000320,1000.000392,1000.000463,1000.000525,1000.000567,1000.000577,1000.000557,1000.000523,1000.000484,1000.000447,1000.000411,1000.000376,1000.000343,1000.000311,1000.000280,1000.000251,1000.000223,1000.000197,1000.000172,1000.000149,1000.000127,1000.000107,1000.000088,1000.000070,1000.000054,1000.000039,1000.000026,1000.000014,1000.000004,999.999995,999.999987,999.999981,999.999976,999.999973,999.999971,999.999970,999.999971,999.999973,999.999976,999.999981,999.999987,999.999995,1000.000004,1000.000014,1000.000026,1000.000039,1000.000054,1000.000070,1000.000088,1000.000107,1000.000127,1000.000149,1000.000172,1000.000197,1000.000223,1000.000251,1000.000280,1000.000311,1000.000343,1000.000376,1000.000411,1000.000447,1000.000484,1000.000523,1000.000557,1000.000577,1000.000567,1000.000525,1000.000463,1000.000392,1000.000320,1000.000246,1000.000163,0.000000,0.000000,0.000000,0.000000,0.000000,0.000000,0.000000,0.000000,0.000000,0.000000,0.000000,0.000000,0.000000,0.000000
0.000000,0.000000,0.000000,0.000000,0.000000,0.000000,0.000000,0.000000,0.000000,0.000000,0.000000,0.000000,0.000000,1000.000154,1000.000239,1000.000314,1000.000389,1000.000462,1000.000525,1000.000568,1000.000577,1000.000556,1000.000519,1000.000477,1000.000437,1000.000400,1000.000365,1000.000331,1000.000297,1000.000265,1000.000234,1000.000205,1000.000178,1000.000151,1000.000127,1000.000103,1000.000081,1000.000061,1000.000042,1000.000024,1000.000008,999.999994,999.999980,999.999968,999.999958,999.999949,999.999941,999.999935,999.999930,999.999927,999.999925,999.999924,999.999925,999.999927,999.999930,999.999935,999.999941,999.999949,999.999958,999.999968,999.999980,999.999994,1000.000008,1000.000024,1000.000042,1000.000061,1000.000081,1000.000103,1000.000127,1000.000151,1000.000178,1000.000205,1000.000234,1000.000265,1000.000297,1000.000331,1000.000365,1000.000400,1000.000437,1000.000477,1000.000519,1000.000556,1000.000577,1000.000568,1000.000525,1000.000462,1000.000389,1000.000314,1000.000239,1000.000154,0.000000,0.000000,0.000000,0.000000,0.000000,0.000000,0.000000,0.000000,0.000000,0.000000,0.000000,0.000000,0.000000
0.000000,0.000000,0.000000,0.000000,0.000000,0.000000,0.000000,0.000000,0.000000,0.000000,0.000000,0.000000,1000.000138,1000.000226,1000.000305,1000.000382,1000.000457,1000.000523,1000.000567,1000.000577,1000.000556,1000.000517,1000.000474,1000.000432,1000.000393,1000.000357,1000.000320,1000.000285,1000.000252,1000.000220,1000.000190,1000.000161,1000.000133,1000.000107,1000.000082,1000.000059,1000.000037,1000.000017,999.999998,999.999980,999.999964,999.999949,999.999936,999.999924,999.999913,999.999904,999.999897,999.999891,999.999886,999.999882,999.999880,999.999880,999.999880,999.999882,999.999886,999.999891,999.999897,999.999904,999.999913,999.999924,999.999936,999.999949,999.999964,999.999980,999.999998,1000.000017,1000.000037,1000.000059,1000.000082,1000.000107,1000.000133,1000.000161,1000.000190,1000.000220,1000.000252,1000.000285,1000.000320,1000.000357,1000.000393,1000.000432,1000.000474,1000.000517,1000.000556,1000.000577,1000.000567,1000.000523,1000.000457,1000.000382,1000.000305,1000.000226,1000.000138,0.000000,0.000000,0.000000,0.000000,0.000000,0.000000,0.000000,0.000000,0.000000,0.000000,0.000000,0.000000
0.000000,0.000000,0.000000,0.000000,0.000000,0.000000,0.000000,0.000000,0.000000,0.000000,0.000000,1000.000118,1000.000209,1000.000289,1000.000368,1000.000448,1000.000518,1000.000565,1000.000577,1000.000556,1000.000517,1000.000473,1000.000429,1000.000390,1000.000351,1000.000313,1000.000277,1000.000242,1000.000209,1000.000177,1000.000147,1000.000118,1000.000090,1000.000064,1000.000039,1000.000016,999.999994,999.999974,999.999955,999.999937,999.999921,999.999906,999.999893,999.999881,999.999870,999.999861,999.999854,999.999847,999.999843,999.999839,999.999837,999.999836,999.999837,999.999839,999.999843,999.999847,999.999854,999.999861,999.999870,999.999881,999.999893,999.999906,999.999921,999.999937,999.999955,999.999974,999.999994,1000.000016,1000.000039,1000.000064,1000.000090,1000.000118,1000.000147,1000.000177,1000.000209,1000.000242,1000.000277,1000.000313,1000.000351,1000.000390,1000.000429,1000.000473,1000.000517,1000.000556,1000.000577,1000.000565,1000.000518,1000.000448,1000.000368,1000.000289,1000.000209,1000.000118,0.000000,0.000000,0.000000,0.000000,0.000000,0.000000,0.000000,0.000000,0.000000,0.000000,0.000000
0.000000,0.000000,0.000000,0.000000,0.000000,0.000000,0.000000,0.000000,0.000000,0.000000,0.000000,1000.000186,1000.000270,1000.000350,1000.000432,1000.000507,1000.000560,1000.000577,1000.000557,1000.000519,1000.000474,1000.000429,1000.000388,1000.000349,1000.000309,1000.000271,1000.000235,1000.000201,1000.000168,1000.000136,1000.000105,1000.000076,1000.000049,1000.000022,999.999998,999.999974,999.999953,999.999932,999.999913,999.999895,999.999879,999.999864,999.999851,999.999839,999.999829,999.999820,999.999812,999.999806,999.999801,999.999797,999.999795,999.999795,999.999795,999.999797,999.999801,999.999806,999.999812,999.999820,999.999829,999.999839,999.999851,999.999864,999.999879,999.999895,999.999913,999.999932,999.999953,999.999974,999.999998,1000.000022,1000.000049,1000.000076,1000.000105,1000.000136,1000.000168,1000.000201,1000.000235,1000.000271,1000.000309,1000.000349,1000.000388,1000.000429,1000.000474,1000.000519,1000.000557,1000.000577,1000.000560,1000.000507,1000.000432,1000.000350,1000.000270,1000.000186,0.000000,0.000000,0.000000,0.000000,0.000000,0.000000,0.000000,0.000000,0.000000,0.000000,0.000000
0.000000,0.000000,0.000000,0.000000,0.000000,0.000000,0.000000,0.000000,0.000000,0.000000,1000.000160,1000.000251,1000.000330,1000.000411,1000.000488,1000.000550,1000.000577,1000.000561,1000.000523,1000.000477,1000.000432,1000.000390,1000.000349,1000.000308,1000.000268,1000.000231,1000.000195,1000.000160,1000.000127,1000.000095,1000.000065,1000.000036,1000.000008,999.999982,999.999958,999.999934,999.999912,999.999892,999.999873,999.999855,999.999839,999.999824,999.999811,999.999799,999.999788,999.999779,999.999772,999.999765,999.999760,999.999757,999.999755,999.999754,999.999755,999.999757,999.999760,999.999765,999.999772,999.999779,999.999788,999.999799,999.999811,999.999824,999.999839,999.999855,999.999873,999.999892,999.999912,999.999934,999.999958,999.999982,1000.000008,1000.000036,1000.000065,1000.000095,1000.000127,1000.000160,1000.000195,1000.000231,1000.000268,1000.000308,1000.000349,1000.000390,1000.000432,1000.000477,1000.000523,1000.000561,1000.000577,1000.000550,1000.000488,1000.000411,1000.000330,1000.000251,1000.000160,0.000000,0.000000,0.000000,0.000000,0.000000,0.000000,0.000000,0.000000,0.000000,0.000000
0.000000,0.000000,0.000000,0.000000,0.000000,0.000000,0.000000,0.000000,0.000000,1000.000133,1000.000226,1000.000309,1000.000390,1000.000470,1000.000536,1000.000574,1000.000570,1000.000532,1000.000484,1000.000437,1000.000393,1000.000351,1000.000309,1000.000268,1000.000230,1000.000193,1000.000156,1000.000122,1000.000088,1000.000057,1000.000026,999.999997,999.999970,999.999943,999.999919,999.999895,999.999874,999.999853,999.999834,999.999816,999.999800,999.999785,999.999772,999.999760,999.999750,999.999740,999.999733,999.999726,999.999722,999.999718,999.999716,999.999715,999.999716,999.999718,999.999722,999.999726,999.999733,999.999740,999.999750,999.999760,999.999772,999.999785,999.999800,999.999816,999.999834,999.999853,999.999874,999.999895,999.999919,999.999943,999.999970,999.999997,1000.000026,1000.000057,1000.000088,1000.000122,1000.000156,1000.000193,1000.000230,1000.000268,1000.000309,1000.000351,1000.000393,1000.000437,1000.000484,1000.000532,1000.000570,1000.000574,1000.000536,1000.000470,1000.000390,1000.000309,1000.000226,1000.000133,0.000000,0.000000,0.000000,0.000000,0.000000,0.000000,0.000000,0.000000,0.000000
0.000000,0.000000,0.000000,0.000000,0.000000,0.000000,0.000000,0.000000,0.000000,1000.000193,1000.000281,1000.000366,1000.000450,1000.000522,1000.000569,1000.000576,1000.000546,1000.000497,1000.000447,1000.000400,1000.000357,1000.000313,1000.000271,1000.000231,1000.000193,1000.000155,1000.000119,1000.000084,1000.000051,1000.000019,999.999989,999.999960,999.999932,999.999906,999.999881,999.999858,999.999836,999.999816,999.999797,999.999779,999.999763,999.999748,999.999735,999.999723,999.999712,999.999703,999.999695,999.999689,999.999684,999.999681,999.999678,999.999678,999.999678,999.999681,999.999684,999.999689,999.999695,999.999703,999.999712,999.999723,999.999735,999.999748,999.999763,999.999779,999.999797,999.999816,999.999836,999.999858,999.999881,999.999906,999.999932,999.999960,999.999989,1000.000019,1000.000051,1000.000084,1000.000119,1000.000155,1000.000193,1000.000231,1000.000271,1000.000313,1000.000357,1000.000400,1000.000447,1000.000497,1000.000546,1000.000576,1000.000569,1000.000522,1000.000450,1000.000366,1000.000281,1000.000193,0.000000,0.000000,0.000000,0.000000,0.000000,0.000000,0.000000,0.000000,0.000000
0.000000,0.000000,0.000000,0.000000,0.000000,0.000000,0.000000,0.000000,1000.000155,1000.000250,1000.000336,1000.000423,1000.000504,1000.000560,1000.000577,1000.000555,1000.000511,1000.000460,1000.000411,1000.000365,1000.000320,1000.000277,1000.000235,1000.000195,1000.000156,1000.000119,1000.000083,1000.000048,1000.000015,999.999983,999.999953,999.999924,999.999896,999.999870,999.999845,999.999822,999.999800,999.999780,999.999761,999.999743,999.999727,999.999712,999.999699,999.999687,999.999676,999.999667,999.999659,999.999653,999.999648,999.999645,999.999642,999.999642,999.999642,999.999645,999.999648,999.999653,999.999659,999.999667,999.999676,999.999687,999.999699,999.999712,999.999727,999.999743,999.999761,999.999780,999.999800,999.999822,999.999845,999.999870,999.999896,999.999924,999.999953,999.999983,1000.000015,1000.000048,1000.000083,1000.000119,1000.000156,1000.000195,1000.000235,1000.000277,1000.000320,1000.000365,1000.000411,1000.000460,1000.000511,1000.000555,1000.000577,1000.000560,1000.000504,1000.000423,1000.000336,1000.000250,1000.000155,0.000000,0.000000,0.000000,0.000000,0.000000,0.000000,0.000000,0.000000
0.000000,0.000000,0.000000,0.000000,0.000000,0.000000,0.000000,0.000000,1000.000209,1000.000300,1000.000387,1000.000475,1000.000545,1000.000576,1000.000562,1000.000522,1000.000473,1000.000423,1000.000376,1000.000331,1000.000285,1000.000242,1000.000201,1000.000160,1000.000122,1000.000084,1000.000048,1000.000014,999.999980,999.999949,999.999918,999.999889,999.999862,999.999836,999.999811,999.999787,999.999766,999.999745,999.999726,999.999708,999.999692,999.999677,999.999664,999.999652,999.999642,999.999632,999.999625,999.999618,999.999613,999.999610,999.999608,999.999607,999.999608,999.999610,999.999613,999.999618,999.999625,999.999632,999.999642,999.999652,999.999664,999.999677,999.999692,999.999708,999.999726,999.999745,999.999766,999.999787,999.999811,999.999836,999.999862,999.999889,999.999918,999.999949,999.999980,1000.000014,1000.000048,1000.000084,1000.000122,1000.000160,1000.000201,1000.000242,1000.000285,1000.000331,1000.000376,1000.000423,1000.000473,1000.000522,1000.000562,1000.000576,1000.000545,1000.000475,1000.000387,1000.000300,1000.000209,0.000000,0.000000,0.000000,0.000000,0.000000,0.000000,0.000000,0.000000
0.000000,0.000000,0.000000,0.000000,0.000000,0.000000,0.000000,1000.000163,1000.000261,1000.000349,1000.000438,1000.000518,1000.000570,1000.000572,1000.000537,1000.000487,1000.000437,1000.000390,1000.000343,1000.000297,1000.000252,1000.000209,1000.000168,1000.000127,1000.000088,1000.000051,1000.000015,999.999980,999.999947,999.999915,999.999885,999.999856,999.999828,999.999802,999.999778,999.999754,999.999732,999.999712,999.999693,999.999675,999.999659,999.999644,999.999631,999.999619,999.999608,999.999599,999.999591,999.999585,999.999580,999.999577,999.999575,999.999574,999.999575,999.999577,999.999580,999.999585,999.999591,999.999599,999.999608,999.999619,999.999631,999.999644,999.999659,999.999675,999.999693,999.999712,999.999732,999.999754,999.999778,999.999802,999.999828,999.999856,999.999885,999.999915,999.999947,999.999980,1000.000015,1000.000051,1000.000088,1000.000127,1000.000168,1000.000209,1000.000252,1000.000297,1000.000343,1000.000390,1000.000437,1000.000487,1000.000537,1000.000572,1000.000570,1000.000518,1000.000438,1000.000349,1000.000261,1000.000163,0.000000,0.000000,0.000000,0.000000,0.000000,0.000000,0.000000
0.000000,0.000000,0.000000,0.000000,0.000000,0.000000,0.000000,1000.000214,1000.000306,1000.000396,1000.000483,1000.000552,1000.000578,1000.000556,1000.000507,1000.000455,1000.000405,1000.000358,1000.000311,1000.000265,1000.000220,1000.000177,1000.000136,1000.000095,1000.000057,1000.000019,999.999983,999.999949,999.999915,999.999884,999.999853,999.999824,999.999797,999.999771,999.999746,999.999723,999.999701,999.999680,999.999661,999.999644,999.999627,999.999612,999.999599,999.999587,999.999577,999.999567,999.999560,999.999553,999.999548,999.999545,999.999543,999.999542,999.999543,999.999545,999.999548,999.999553,999.999560,999.999567,999.999577,999.999587,999.999599,999.999612,999.999627,999.999644,999.999661,999.999680,999.999701,999.999723,999.999746,999.999771,999.999797,999.999824,999.999853,999.999884,999.999915,999.999949,999.999983,1000.000019,1000.000057,1000.000095,1000.000136,1000.000177,1000.000220,1000.000265,1000.000311,1000.000358,1000.000405,1000.000455,1000.000507,1000.000556,1000.000578,1000.000552,1000.000483,1000.000396,1000.000306,1000.000214,0.000000,0.000000,0.000000,0.000000,0.000000,0.000000,0.000000
0.000000,0.000000,0.000000,0.000000,0.000000,0.000000,1000.000164,1000.000263,1000.000352,1000.000442,1000.000523,1000.000572,1000.000572,1000.000531,1000.000477,1000.000425,1000.000376,1000.000327,1000.000280,1000.000234,1000.000190,1000.000147,1000.000105,1000.000065,1000.000026,999.999989,999.999953,999.999918,999.999885,999.999853,999.999823,999.999794,999.999766,999.999740,999.999715,999.999692,999.999670,999.999650,999.999631,999.999613,999.999597,999.999582,999.999569,999.999557,999.999546,999.999537,999.999529,999.999523,999.999518,999.999514,999.999512,999.999512,999.999512,999.999514,999.999518,999.999523,999.999529,999.999537,999.999546,999.999557,999.999569,999.999582,999.999597,999.999613,999.999631,999.999650,999.999670,999.999692,999.999715,999.999740,999.999766,999.999794,999.999823,999.999853,999.999885,999.999918,999.999953,999.999989,1000.000026,1000.000065,1000.000105,1000.000147,1000.000190,1000.000234,1000.000280,1000.000327,1000.000376,1000.000425,1000.000477,1000.000531,1000.000572,1000.000572,1000.000523,1000.000442,1000.000352,1000.000263,1000.000164,0.000000,0.000000,0.000000,0.000000,0.000000,0.000000
0.000000,0.000000,0.000000,0.000000,0.000000,0.000000,1000.000211,1000.000305,1000.000396,1000.000484,1000.000554,1000.000579,1000.000554,1000.000503,1000.000448,1000.000397,1000.000347,1000.000298,1000.000251,1000.000205,1000.000161,1000.000118,1000.000076,1000.000036,999.999997,999.999960,999.999924,999.999889,999.999856,999.999824,999.999794,999.999765,999.999737,999.999711,999.999687,999.999663,999.999641,999.999621,999.999602,999.999584,999.999568,999.999553,999.999540,999.999528,999.999517,999.999508,999.999500,999.999494,999.999489,999.999486,999.999483,999.999483,999.999483,999.999486,999.999489,999.999494,999.999500,999.999508,999.999517,999.999528,999.999540,999.999553,999.999568,999.999584,999.999602,999.999621,999.999641,999.999663,999.999687,999.999711,999.999737,999.999765,999.999794,999.999824,999.999856,999.999889,999.999924,999.999960,999.999997,1000.000036,1000.000076,1000.000118,1000.000161,1000.000205,1000.000251,1000.000298,1000.000347,1000.000397,1000.000448,1000.000503,1000.000554,1000.000579,1000.000554,1000.000484,1000.000396,1000.000305,1000.000211,0.000000,0.000000,0.000000,0.000000,0.000000,0.000000
0.000000,0.000000,0.000000,0.000000,0.000000,1000.000156,1000.000256,1000.000347,1000.000439,1000.000522,1000.000572,1000.000572,1000.000530,1000.000475,1000.000421,1000.000370,1000.000319,1000.000270,1000.000223,1000.000178,1000.000133,1000.000090,1000.000049,1000.000008,999.999970,999.999932,999.999896,999.999862,999.999828,999.999797,999.999766,999.999737,999.999710,999.999684,999.999659,999.999636,999.999614,999.999593,999.999574,999.999557,999.999540,999.999526,999.999512,999.999500,999.999490,999.999481,999.999473,999.999466,999.999461,999.999458,999.999456,999.999455,999.999456,999.999458,999.999461,999.999466,999.999473,999.999481,999.999490,999.999500,999.999512,999.999526,999.999540,999.999557,999.999574,999.999593,999.999614,999.999636,999.999659,999.999684,999.999710,999.999737,999.999766,999.999797,999.999828,999.999862,999.999896,999.999932,999.999970,1000.000008,1000.000049,1000.000090,1000.000133,1000.000178,1000.000223,1000.000270,1000.000319,1000.000370,1000.000421,1000.000475,1000.000530,1000.000572,1000.000572,1000.000522,1000.000439,1000.000347,1000.000256,1000.000156,0.000000,0.000000,0.000000,0.000000,0.000000
0.000000,0.000000,0.000000,0.000000,0.000000,1000.000198,1000.000295,1000.000388,1000.000479,1000.000551,1000.000578,1000.000555,1000.000504,1000.000448,1000.000395,1000.000343,1000.000293,1000.000244,1000.000197,1000.000151,1000.000107,1000.000064,1000.000022,999.999982,999.999943,999.999906,999.999870,999.999836,999.999802,999.999771,999.999740,999.999711,999.999684,999.999658,999.999633,999.999610,999.999588,999.999567,999.999548,999.999531,999.999514,999.999500,999.999486,999.999474,999.999464,999.999454,999.999447,999.999440,999.999435,999.999432,999.999430,999.999429,999.999430,999.999432,999.999435,999.999440,999.999447,999.999454,999.999464,999.999474,999.999486,999.999500,999.999514,999.999531,999.999548,999.999567,999.999588,999.999610,999.999633,999.999658,999.999684,999.999711,999.999740,999.999771,999.999802,999.999836,999.999870,999.999906,999.999943,999.999982,1000.000022,1000.000064,1000.000107,1000.000151,1000.000197,1000.000244,1000.000293,1000.000343,1000.000395,1000.000448,1000.000504,1000.000555,1000.000578,1000.000551,1000.000479,1000.000388,1000.000295,1000.000198,0.000000,0.000000,0.000000,0.000000,0.000000
0.000000,0.000000,0.000000,0.000000,1000.000137,1000.000239,1000.000332,1000.000427,1000.000514,1000.000570,1000.000572,1000.000532,1000.000477,1000.000422,1000.000370,1000.000318,1000.000268,1000.000220,1000.000172,1000.000127,1000.000082,1000.000039,999.999998,999.999958,999.999919,999.999881,999.999845,999.999811,999.999778,999.999746,999.999715,999.999687,999.999659,999.999633,999.999608,999.999585,999.999563,999.999543,999.999523,999.999506,999.999490,999.999475,999.999461,999.999449,999.999439,999.999430,999.999422,999.999416,999.999411,999.999407,999.999405,999.999404,999.999405,999.999407,999.999411,999.999416,999.999422,999.999430,999.999439,999.999449,999.999461,999.999475,999.999490,999.999506,999.999523,999.999543,999.999563,999.999585,999.999608,999.999633,999.999659,999.999687,999.999715,999.999746,999.999778,999.999811,999.999845,999.999881,999.999919,999.999958,999.999998,1000.000039,1000.000082,1000.000127,1000.000172,1000.000220,1000.000268,1000.000318,1000.000370,1000.000422,1000.000477,1000.000532,1000.000572,1000.000570,1000.000514,1000.000427,1000.000332,1000.000239,1000.000137,0.000000,0.000000,0.000000,0.000000
0.000000,0.000000,0.000000,0.000000,1000.000174,1000.000272,1000.000366,1000.000462,1000.000542,1000.000577,1000.000558,1000.000508,1000.000452,1000.000399,1000.000346,1000.000295,1000.000245,1000.000196,1000.000149,1000.000103,1000.000059,1000.000016,999.999974,999.999934,999.999895,999.999858,999.999822,999.999787,999.999754,999.999723,999.999692,999.999663,999.999636,999.999610,999.999585,999.999562,999.999540,999.999519,999.999500,999.999483,999.999466,999.999451,999.999438,999.999426,999.999416,999.999406,999.999399,999.999392,999.999387,999.999384,999.999382,999.999381,999.999382,999.999384,999.999387,999.999392,999.999399,999.999406,999.999416,999.999426,999.999438,999.999451,999.999466,999.999483,999.999500,999.999519,999.999540,999.999562,999.999585,999.999610,999.999636,999.999663,999.999692,999.999723,999.999754,999.999787,999.999822,999.999858,999.999895,999.999934,999.999974,1000.000016,1000.000059,1000.000103,1000.000149,1000.000196,1000.000245,1000.000295,1000.000346,1000.000399,1000.000452,1000.000508,1000.000558,1000.000577,1000.000542,1000.000462,1000.000366,1000.000272,1000.000174,0.000000,0.000000,0.000000,0.000000
