0.000000,0.000000,0.000000,0.000000,0.000000,0.000000,0.000000,0.000000,0.000000,0.000000,0.000000,0.000000,0.000000,0.000000,0.000000,0.000000,0.000000,0.000000,0.000000,0.000000,0.000000,0.000000,0.000000,0.000000,0.000000,0.000000,0.000000,0.000000,0.000000,0.000000,0.000000,0.000000,0.000000,0.000000,0.000000,0.000000,0.000000,0.000000,0.000000,0.000000,0.000000,0.000000,0.000000,0.000000,0.000000,0.000000,0.000000,0.000000,0.000000,0.000000,0.000000,0.000000,0.000000,0.000000,0.000000,0.000000,0.000000,0.000000,0.000000,0.000000,0.000000,0.000000,0.000000,0.000000,0.000000,0.000000,0.000000,0.000000,0.000000,0.000000,0.000000,0.000000,0.000000,0.000000,0.000000,0.000000,0.000000,0.000000,0.000000,0.000000,0.000000,0.000000,0.000000,0.000000,0.000000,0.000000,0.000000,0.000000,0.000000,0.000000,0.000000,0.000000,0.000000,0.000000,0.000000,0.000000,0.000000,0.000000,0.000000,0.000000,0.000000,0.000000,0.000000
0.000000,0.000000,0.000000,0.000000,0.000000,0.000000,0.000000,0.000000,0.000000,0.000000,0.000000,0.000000,0.000000,0.000000,0.000000,0.000000,0.000000,0.000000,0.000000,0.000000,0.000000,0.000000,0.000000,0.000000,0.000000,0.000000,0.000000,0.000000,0.000000,0.000000,0.000000,0.000000,0.000000,0.000000,0.000000,0.000000,0.000000,0.000000,0.000000,0.000000,0.000000,0.000000,0.000000,0.000000,0.000000,0.000000,0.000000,0.000000,0.000000,0.000000,0.000000,1000.000064,0.000000,0.000000,0.000000,0.000000,0.000000,0.000000,0.000000,0.000000,0.000000,0.000000,0.000000,0.000000,0.000000,0.000000,0.000000,0.000000,0.000000,0.000000,0.000000,0.000000,0.000000,0.000000,0.000000,0.000000,0.000000,0.000000,0.000000,0.000000,0.000000,0.000000,0.000000,0.000000,0.000000,0.000000,0.000000,0.000000,0.000000,0.000000,0.000000,0.000000,0.000000,0.000000,0.000000,0.000000,0.000000,0.000000,0.000000,0.000000,0.000000,0.000000,0.000000
0.000000,0.000000,0.000000,0.000000,0.000000,0.000000,0.000000,0.000000,0.000000,0.000000,0.000000,0.000000,0.000000,0.000000,0.000000,0.000000,0.000000,0.000000,0.000000,0.000000,0.000000,0.000000,0.000000,0.000000,0.000000,0.000000,0.000000,0.000000,0.000000,0.000000,0.000000,0.000000,0.000000,0.000000,0.000000,0.000000,0.000000,0.000000,0.000000,0.000000,0.000000,0.000000,1000.000116,1000.000136,1000.000145,1000.000150,1000.000153,1000.000154,1000.000154,1000.000153,1000.000152,1000.000157,1000.000152,1000.000153,1000.000154,1000.000154,1000.000153,1000.000150,1000.000145,1000.000136,1000.000116,0.000000,0.000000,0.000000,0.000000,0.000000,0.000000,0.000000,0.000000,0.000000,0.000000,0.000000,0.000000,0.000000,0.000000,0.000000,0.000000,0.000000,0.000000,0.000000,0.000000,0.000000,0.000000,0.000000,0.000000,0.000000,0.000000,0.000000,0.000000,0.000000,0.000000,0.000000,0.000000,0.000000,0.000000,0.000000,0.000000,0.000000,0.000000,0.000000,0.000000,0.000000,0.000000
0.000000,0.000000,0.000000,0.000000,0.000000,0.000000,0.000000,0.000000,0.000000,0.000000,0.000000,0.000000,0.000000,0.000000,0.000000,0.000000,0.000000,0.000000,0.000000,0.000000,0.000000,0.000000,0.000000,0.000000,0.000000,0.000000,0.000000,0.000000,0.000000,0.000000,0.000000,0.000000,0.000000,0.000000,0.000000,0.000000,0.000000,1000.000112,1000.000140,1000.000162,1000.000180,1000.000195,1000.000209,1000.000221,1000.000230,1000.000237,1000.000240,1000.000242,1000.000243,1000.000243,1000.000243,1000.000244,1000.000243,1000.000243,1000.000243,1000.000242,1000.000240,1000.000237,1000.000230,1000.000221,1000.000209,1000.000195,1000.000180,1000.000162,1000.000140,1000.000112,0.000000,0.000000,0.000000,0.000000,0.000000,0.000000,0.000000,0.000000,0.000000,0.000000,0.000000,0.000000,0.000000,0.000000,0.000000,0.000000,0.000000,0.000000,0.000000,0.000000,0.000000,0.000000,0.000000,0.000000,0.000000,0.000000,0.000000,0.000000,0.000000,0.000000,0.000000,0.000000,0.000000,0.000000,0.000000,0.000000,0.000000
0.000000,0.000000,0.000000,0.000000,0.000000,0.000000,0.000000,0.000000,0.000000,0.000000,0.000000,0.000000,0.000000,0.000000,0.000000,0.000000,0.000000,0.000000,0.000000,0.000000,0.000000,0.000000,0.000000,0.000000,0.000000,0.000000,0.000000,0.000000,0.000000,0.000000,0.000000,0.000000,0.000000,0.000000,1000.000117,1000.000149,1000.000176,1000.000202,1000.000225,1000.000245,1000.000265,1000.000281,1000.000296,1000.000308,1000.000317,1000.000323,1000.000326,1000.000328,1000.000329,1000.000330,1000.000330,1000.000330,1000.000330,1000.000330,1000.000329,1000.000328,1000.000326,1000.000323,1000.000317,1000.000308,1000.000296,1000.000281,1000.000265,1000.000245,1000.000225,1000.000202,1000.000176,1000.000149,1000.000117,0.000000,0.000000,0.000000,0.000000,0.000000,0.000000,0.000000,0.000000,0.000000,0.000000,0.000000,0.000000,0.000000,0.000000,0.000000,0.000000,0.000000,0.000000,0.000000,0.000000,0.000000,0.000000,0.000000,0.000000,0.000000,0.000000,0.000000,0.000000,0.000000,0.000000,0.000000,0.000000,0.000000,0.000000
0.000000,0.000000,0.000000,0.000000,0.000000,0.000000,0.000000,0.000000,0.000000,0.000000,0.000000,0.000000,0.000000,0.000000,0.000000,0.000000,0.000000,0.000000,0.000000,0.000000,0.000000,0.000000,0.000000,0.000000,0.000000,0.000000,0.000000,0.000000,0.000000,0.000000,0.000000,0.000000,1000.000133,1000.000169,1000.000204,1000.000233,1000.000259,1000.000285,1000.000308,1000.000329,1000.000348,1000.000366,1000.000383,1000.000395,1000.000403,1000.000407,1000.000410,1000.000411,1000.000412,1000.000412,1000.000413,1000.000413,1000.000413,1000.000412,1000.000412,1000.000411,1000.000410,1000.000407,1000.000403,1000.000395,1000.000383,1000.000366,1000.000348,1000.000329,1000.000308,1000.000285,1000.000259,1000.000233,1000.000204,1000.000169,1000.000133,0.000000,0.000000,0.000000,0.000000,0.000000,0.000000,0.000000,0.000000,0.000000,0.000000,0.000000,0.000000,0.000000,0.000000,0.000000,0.000000,0.000000,0.000000,0.000000,0.000000,0.000000,0.000000,0.000000,0.000000,0.000000,0.000000,0.000000,0.000000,0.000000,0.000000,0.000000,0.000000
0.000000,0.000000,0.000000,0.000000,0.000000,0.000000,0.000000,0.000000,0.000000,0.000000,0.000000,0.000000,0.000000,0.000000,0.000000,0.000000,0.000000,0.000000,0.000000,0.000000,0.000000,0.000000,0.000000,0.000000,0.000000,0.000000,0.000000,0.000000,0.000000,0.000000,1000.000140,1000.000180,1000.000219,1000.000252,1000.000284,1000.000313,1000.000342,1000.000368,1000.000391,1000.000411,1000.000427,1000.000443,1000.000457,1000.000466,1000.000470,1000.000473,1000.000474,1000.000475,1000.000475,1000.000475,1000.000475,1000.000475,1000.000475,1000.000475,1000.000475,1000.000475,1000.000474,1000.000473,1000.000470,1000.000466,1000.000457,1000.000443,1000.000427,1000.000411,1000.000391,1000.000368,1000.000342,1000.000313,1000.000284,1000.000252,1000.000219,1000.000180,1000.000140,0.000000,0.000000,0.000000,0.000000,0.000000,0.000000,0.000000,0.000000,0.000000,0.000000,0.000000,0.000000,0.000000,0.000000,0.000000,0.000000,0.000000,0.000000,0.000000,0.000000,0.000000,0.000000,0.000000,0.000000,0.000000,0.000000,0.000000,0.000000,0.000000,0.000000
0.000000,0.000000,0.000000,0.000000,0.000000,0.000000,0.000000,0.000000,0.000000,0.000000,0.000000,0.000000,0.000000,0.000000,0.000000,0.000000,0.000000,0.000000,0.000000,0.000000,0.000000,0.000000,0.000000,0.000000,0.000000,0.000000,0.000000,0.000000,1000.000139,1000.000183,1000.000225,1000.000261,1000.000297,1000.000332,1000.000365,1000.000395,1000.000421,1000.000444,1000.000463,1000.000475,1000.000483,1000.000489,1000.000490,1000.000489,1000.000488,1000.000487,1000.000487,1000.000486,1000.000486,1000.000485,1000.000485,1000.000485,1000.000485,1000.000485,1000.000486,1000.000486,1000.000487,1000.000487,1000.000488,1000.000489,1000.000490,1000.000489,1000.000483,1000.000475,1000.000463,1000.000444,1000.000421,1000.000395,1000.000365,1000.000332,1000.000297,1000.000261,1000.000225,1000.000183,1000.000139,0.000000,0.000000,0.000000,0.000000,0.000000,0.000000,0.000000,0.000000,0.000000,0.000000,0.000000,0.000000,0.000000,0.000000,0.000000,0.000000,0.000000,0.000000,0.000000,0.000000,0.000000,0.000000,0.000000,0.000000,0.000000,0.000000,0.000000,0.000000
0.000000,0.000000,0.000000,0.000000,0.000000,0.000000,0.000000,0.000000,0.000000,0.000000,0.000000,0.000000,0.000000,0.000000,0.000000,0.000000,0.000000,0.000000,0.000000,0.000000,0.000000,0.000000,0.000000,0.000000,0.000000,0.000000,1000.000132,1000.000179,1000.000223,1000.000262,1000.000301,1000.000338,1000.000376,1000.000410,1000.000441,1000.000465,1000.000480,1000.000490,1000.000495,1000.000493,1000.000490,1000.000483,1000.000473,1000.000463,1000.000456,1000.000452,1000.000450,1000.000448,1000.000447,1000.000446,1000.000446,1000.000445,1000.000446,1000.000446,1000.000447,1000.000448,1000.000450,1000.000452,1000.000456,1000.000463,1000.000473,1000.000483,1000.000490,1000.000493,1000.000495,1000.000490,1000.000480,1000.000465,1000.000441,1000.000410,1000.000376,1000.000338,1000.000301,1000.000262,1000.000223,1000.000179,1000.000132,0.000000,0.000000,0.000000,0.000000,0.000000,0.000000,0.000000,0.000000,0.000000,0.000000,0.000000,0.000000,0.000000,0.000000,0.000000,0.000000,0.000000,0.000000,0.000000,0.000000,0.000000,0.000000,0.000000,0.000000,0.000000,0.000000
0.000000,0.000000,0.000000,0.000000,0.000000,0.000000,0.000000,0.000000,0.000000,0.000000,0.000000,0.000000,0.000000,0.000000,0.000000,0.000000,0.000000,0.000000,0.000000,0.000000,0.000000,0.000000,0.000000,0.000000,1000.000114,1000.000165,1000.000214,1000.000256,1000.000298,1000.000338,1000.000378,1000.000415,1000.000447,1000.000473,1000.000489,1000.000495,1000.000494,1000.000487,1000.000476,1000.000464,1000.000452,1000.000440,1000.000427,1000.000416,1000.000407,1000.000402,1000.000398,1000.000395,1000.000393,1000.000392,1000.000391,1000.000391,1000.000391,1000.000392,1000.000393,1000.000395,1000.000398,1000.000402,1000.000407,1000.000416,1000.000427,1000.000440,1000.000452,1000.000464,1000.000476,1000.000487,1000.000494,1000.000495,1000.000489,1000.000473,1000.000447,1000.000415,1000.000378,1000.000338,1000.000298,1000.000256,1000.000214,1000.000165,1000.000114,0.000000,0.000000,0.000000,0.000000,0.000000,0.000000,0.000000,0.000000,0.000000,0.000000,0.000000,0.000000,0.000000,0.000000,0.000000,0.000000,0.000000,0.000000,0.000000,0.000000,0.000000,0.000000,0.000000,0.000000
0.000000,0.000000,0.000000,0.000000,0.000000,0.000000,0.000000,0.000000,0.000000,0.000000,0.000000,0.000000,0.000000,0.000000,0.000000,0.000000,0.000000,0.000000,0.000000,0.000000,0.000000,0.000000,0.000000,1000.000137,1000.000193,1000.000240,1000.000287,1000.000331,1000.000374,1000.000414,1000.000448,1000.000475,1000.000491,1000.000496,1000.000491,1000.000478,1000.000463,1000.000447,1000.000430,1000.000415,1000.000401,1000.000389,1000.000378,1000.000367,1000.000359,1000.000353,1000.000348,1000.000344,1000.000341,1000.000340,1000.000339,1000.000338,1000.000339,1000.000340,1000.000341,1000.000344,1000.000348,1000.000353,1000.000359,1000.000367,1000.000378,1000.000389,1000.000401,1000.000415,1000.000430,1000.000447,1000.000463,1000.000478,1000.000491,1000.000496,1000.000491,1000.000475,1000.000448,1000.000414,1000.000374,1000.000331,1000.000287,1000.000240,1000.000193,1000.000137,0.000000,0.000000,0.000000,0.000000,0.000000,0.000000,0.000000,0.000000,0.000000,0.000000,0.000000,0.000000,0.000000,0.000000,0.000000,0.000000,0.000000,0.000000,0.000000,0.000000,0.000000,0.000000,0.000000
0.000000,0.000000,0.000000,0.000000,0.000000,0.000000,0.000000,0.000000,0.000000,0.000000,0.000000,0.000000,0.000000,0.000000,0.000000,0.000000,0.000000,0.000000,0.000000,0.000000,0.000000,1000.000101,1000.000159,1000.000214,1000.000264,1000.000313,1000.000362,1000.000406,1000.000444,1000.000473,1000.000491,1000.000497,1000.000491,1000.000475,1000.000455,1000.000435,1000.000415,1000.000397,1000.000381,1000.000366,1000.000353,1000.000341,1000.000329,1000.000319,1000.000311,1000.000304,1000.000299,1000.000294,1000.000291,1000.000289,1000.000288,1000.000288,1000.000288,1000.000289,1000.000291,1000.000294,1000.000299,1000.000304,1000.000311,1000.000319,1000.000329,1000.000341,1000.000353,1000.000366,1000.000381,1000.000397,1000.000415,1000.000435,1000.000455,1000.000475,1000.000491,1000.000497,1000.000491,1000.000473,1000.000444,1000.000406,1000.000362,1000.000313,1000.000264,1000.000214,1000.000159,1000.000101,0.000000,0.000000,0.000000,0.000000,0.000000,0.000000,0.000000,0.000000,0.000000,0.000000,0.000000,0.000000,0.000000,0.000000,0.000000,0.000000,0.000000,0.000000,0.000000,0.000000,0.000000
0.000000,0.000000,0.000000,0.000000,0.000000,0.000000,0.000000,0.000000,0.000000,0.000000,0.000000,0.000000,0.000000,0.000000,0.000000,0.000000,0.000000,0.000000,0.000000,0.000000,1000.000118,1000.000179,1000.000231,1000.000282,1000.000334,1000.000385,1000.000431,1000.000467,1000.000489,1000.000496,1000.000490,1000.000475,1000.000454,1000.000431,1000.000408,1000.000386,1000.000367,1000.000350,1000.000334,1000.000319,1000.000306,1000.000293,1000.000282,1000.000272,1000.000264,1000.000256,1000.000251,1000.000246,1000.000243,1000.000241,1000.000239,1000.000239,1000.000239,1000.000241,1000.000243,1000.000246,1000.000251,1000.000256,1000.000264,1000.000272,1000.000282,1000.000293,1000.000306,1000.000319,1000.000334,1000.000350,1000.000367,1000.000386,1000.000408,1000.000431,1000.000454,1000.000475,1000.000490,1000.000496,1000.000489,1000.000467,1000.000431,1000.000385,1000.000334,1000.000282,1000.000231,1000.000179,1000.000118,0.000000,0.000000,0.000000,0.000000,0.000000,0.000000,0.000000,0.000000,0.000000,0.000000,0.000000,0.000000,0.000000,0.000000,0.000000,0.000000,0.000000,0.000000,0.000000,0.000000
0.000000,0.000000,0.000000,0.000000,0.000000,0.000000,0.000000,0.000000,0.000000,0.000000,0.000000,0.000000,0.000000,0.000000,0.000000,0.000000,0.000000,0.000000,0.000000,1000.000131,1000.000193,1000.000247,1000.000299,1000.000351,1000.000402,1000.000448,1000.000481,1000.000494,1000.000491,1000.000476,1000.000455,1000.000431,1000.000406,1000.000383,1000.000361,1000.000341,1000.000322,1000.000304,1000.000288,1000.000273,1000.000259,1000.000247,1000.000236,1000.000226,1000.000217,1000.000210,1000.000204,1000.000199,1000.000196,1000.000193,1000.000192,1000.000191,1000.000192,1000.000193,1000.000196,1000.000199,1000.000204,1000.000210,1000.000217,1000.000226,1000.000236,1000.000247,1000.000259,1000.000273,1000.000288,1000.000304,1000.000322,1000.000341,1000.000361,1000.000383,1000.000406,1000.000431,1000.000455,1000.000476,1000.000491,1000.000494,1000.000481,1000.000448,1000.000402,1000.000351,1000.000299,1000.000247,1000.000193,1000.000131,0.000000,0.000000,0.000000,0.000000,0.000000,0.000000,0.000000,0.000000,0.000000,0.000000,0.000000,0.000000,0.000000,0.000000,0.000000,0.000000,0.000000,0.000000,0.000000
0.000000,0.000000,0.000000,0.000000,0.000000,0.000000,0.000000,0.000000,0.000000,0.000000,0.000000,0.000000,0.000000,0.000000,0.000000,0.000000,0.000000,0.000000,1000.000140,1000.000204,1000.000260,1000.000315,1000.000369,1000.000418,1000.000459,1000.000488,1000.000495,1000.000482,1000.000459,1000.000434,1000.000408,1000.000383,1000.000360,1000.000337,1000.000316,1000.000296,1000.000277,1000.000259,1000.000243,1000.000228,1000.000214,1000.000202,1000.000191,1000.000181,1000.000172,1000.000165,1000.000159,1000.000154,1000.000150,1000.000147,1000.000146,1000.000145,1000.000146,1000.000147,1000.000150,1000.000154,1000.000159,1000.000165,1000.000172,1000.000181,1000.000191,1000.000202,1000.000214,1000.000228,1000.000243,1000.000259,1000.000277,1000.000296,1000.000316,1000.000337,1000.000360,1000.000383,1000.000408,1000.000434,1000.000459,1000.000482,1000.000495,1000.000488,1000.000459,1000.000418,1000.000369,1000.000315,1000.000260,1000.000204,1000.000140,0.000000,0.000000,0.000000,0.000000,0.000000,0.000000,0.000000,0.000000,0.000000,0.000000,0.000000,0.000000,0.000000,0.000000,0.000000,0.000000,0.000000,0.000000
0.000000,0.000000,0.000000,0.000000,0.000000,0.000000,0.000000,0.000000,0.000000,0.000000,0.000000,0.000000,0.000000,0.000000,0.000000,0.000000,0.000000,1000.000144,1000.000210,1000.000269,1000.000326,1000.000384,1000.000434,1000.000472,1000.000493,1000.000494,1000.000475,1000.000447,1000.000417,1000.000389,1000.000363,1000.000339,1000.000316,1000.000294,1000.000272,1000.000252,1000.000233,1000.000216,1000.000199,1000.000184,1000.000171,1000.000158,1000.000147,1000.000137,1000.000128,1000.000121,1000.000114,1000.000109,1000.000106,1000.000103,1000.000101,1000.000101,1000.000101,1000.000103,1000.000106,1000.000109,1000.000114,1000.000121,1000.000128,1000.000137,1000.000147,1000.000158,1000.000171,1000.000184,1000.000199,1000.000216,1000.000233,1000.000252,1000.000272,1000.000294,1000.000316,1000.000339,1000.000363,1000.000389,1000.000417,1000.000447,1000.000475,1000.000494,1000.000493,1000.000472,1000.000434,1000.000384,1000.000326,1000.000269,1000.000210,1000.000144,0.000000,0.000000,0.000000,0.000000,0.000000,0.000000,0.000000,0.000000,0.000000,0.000000,0.000000,0.000000,0.000000,0.000000,0.000000,0.000000,0.000000
0.000000,0.000000,0.000000,0.000000,0.000000,0.000000,0.000000,0.000000,0.000000,0.000000,0.000000,0.000000,0.000000,0.000000,0.000000,0.000000,1000.000145,1000.000213,1000.000273,1000.000332,1000.000392,1000.000444,1000.000481,1000.000495,1000.000488,1000.000467,1000.000437,1000.000404,1000.000374,1000.000347,1000.000321,1000.000297,1000.000273,1000.000250,1000.000229,1000.000209,1000.000191,1000.000173,1000.000157,1000.000142,1000.000128,1000.000115,1000.000104,1000.000094,1000.000085,1000.000078,1000.000071,1000.000066,1000.000062,1000.000060,1000.000058,1000.000057,1000.000058,1000.000060,1000.000062,1000.000066,1000.000071,1000.000078,1000.000085,1000.000094,1000.000104,1000.000115,1000.000128,1000.000142,1000.000157,1000.000173,1000.000191,1000.000209,1000.000229,1000.000250,1000.000273,1000.000297,1000.000321,1000.000347,1000.000374,1000.000404,1000.000437,1000.000467,1000.000488,1000.000495,1000.000481,1000.000444,1000.000392,1000.000332,1000.000273,1000.000213,1000.000145,0.000000,0.000000,0.000000,0.000000,0.000000,0.000000,0.000000,0.000000,0.000000,0.000000,0.000000,0.000000,0.000000,0.000000,0.000000,0.000000
0.000000,0.000000,0.000000,0.000000,0.000000,0.000000,0.000000,0.000000,0.000000,0.000000,0.000000,0.000000,0.000000,0.000000,0.000000,1000.000144,1000.000213,1000.000275,1000.000335,1000.000395,1000.000448,1000.000485,1000.000495,1000.000481,1000.000456,1000.000425,1000.000393,1000.000362,1000.000333,1000.000306,1000.000280,1000.000255,1000.000231,1000.000209,1000.000188,1000.000168,1000.000149,1000.000131,1000.000115,1000.000100,1000.000086,1000.000074,1000.000063,1000.000052,1000.000044,1000.000036,1000.000030,1000.000024,1000.000020,1000.000018,1000.000016,1000.000015,1000.000016,1000.000018,1000.000020,1000.000024,1000.000030,1000.000036,1000.000044,1000.000052,1000.000063,1000.000074,1000.000086,1000.000100,1000.000115,1000.000131,1000.000149,1000.000168,1000.000188,1000.000209,1000.000231,1000.000255,1000.000280,1000.000306,1000.000333,1000.000362,1000.000393,1000.000425,1000.000456,1000.000481,1000.000495,1000.000485,1000.000448,1000.000395,1000.000335,1000.000275,1000.000213,1000.000144,0.000000,0.000000,0.000000,0.000000,0.000000,0.000000,0.000000,0.000000,0.000000,0.000000,0.000000,0.000000,0.000000,0.000000,0.000000
0.000000,0.000000,0.000000,0.000000,0.000000,0.000000,0.000000,0.000000,0.000000,0.000000,0.000000,0.000000,0.000000,0.000000,1000.000140,1000.000210,1000.000273,1000.000335,1000.000397,1000.000450,1000.000486,1000.000495,1000.000477,1000.000448,1000.000414,1000.000382,1000.000351,1000.000322,1000.000294,1000.000266,1000.000239,1000.000215,1000.000191,1000.000169,1000.000147,1000.000127,1000.000109,1000.000091,1000.000075,1000.000060,1000.000046,1000.000033,1000.000022,1000.000012,1000.000003,999.999996,999.999989,999.999984,999.999980,999.999977,999.999975,999.999975,999.999975,999.999977,999.999980,999.999984,999.999989,999.999996,1000.000003,1000.000012,1000.000022,1000.000033,1000.000046,1000.000060,1000.000075,1000.000091,1000.000109,1000.000127,1000.000147,1000.000169,1000.000191,1000.000215,1000.000239,1000.000266,1000.000294,1000.000322,1000.000351,1000.000382,1000.000414,1000.000448,1000.000477,1000.000495,1000.000486,1000.000450,1000.000397,1000.000335,1000.000273,1000.000210,1000.000140,0.000000,0.000000,0.000000,0.000000,0.000000,0.000000,0.000000,0.000000,0.000000,0.000000,0.000000,0.000000,0.000000,0.000000
0.000000,0.000000,0.000000,0.000000,0.000000,0.000000,0.000000,0.000000,0.000000,0.000000,0.000000,0.000000,0.000000,1000.000131,1000.000204,1000.000269,1000.000332,1000.000395,1000.000450,1000.000487,1000.000495,1000.000476,1000.000444,1000.000408,1000.000374,1000.000342,1000.000312,1000.000283,1000.000254,1000.000226,1000.000200,1000.000176,1000.000152,1000.000129,1000.000108,1000.000088,1000.000070,1000.000052,1000.000036,1000.000021,1000.000007,999.999994,999.999983,999.999973,999.999964,999.999956,999.999950,999.999944,999.999940,999.999937,999.999936,999.999935,999.999936,999.999937,999.999940,999.999944,999.999950,999.999956,999.999964,999.999973,999.999983,999.999994,1000.000007,1000.000021,1000.000036,1000.000052,1000.000070,1000.000088,1000.000108,1000.000129,1000.000152,1000.000176,1000.000200,1000.000226,1000.000254,1000.000283,1000.000312,1000.000342,1000.000374,1000.000408,1000.000444,1000.000476,1000.000495,1000.000487,1000.000450,1000.000395,1000.000332,1000.000269,1000.000204,1000.000131,0.000000,0.000000,0.000000,0.000000,0.000000,0.000000,0.000000,0.000000,0.000000,0.000000,0.000000,0.000000,0.000000
0.000000,0.000000,0.000000,0.000000,0.000000,0.000000,0.000000,0.000000,0.000000,0.000000,0.000000,0.000000,1000.000118,1000.000193,1000.000260,1000.000326,1000.000392,1000.000448,1000.000486,1000.000495,1000.000476,1000.000443,1000.000405,1000.000369,1000.000337,1000.000305,1000.000274,1000.000244,1000.000216,1000.000188,1000.000162,1000.000137,1000.000114,1000.000091,1000.000070,1000.000050,1000.000032,1000.000014,999.999998,999.999983,999.999969,999.999956,999.999945,999.999935,999.999926,999.999918,999.999912,999.999906,999.999902,999.999899,999.999897,999.999897,999.999897,999.999899,999.999902,999.999906,999.999912,999.999918,999.999926,999.999935,999.999945,999.999956,999.999969,999.999983,999.999998,1000.000014,1000.000032,1000.000050,1000.000070,1000.000091,1000.000114,1000.000137,1000.000162,1000.000188,1000.000216,1000.000244,1000.000274,1000.000305,1000.000337,1000.000369,1000.000405,1000.000443,1000.000476,1000.000495,1000.000486,1000.000448,1000.000392,1000.000326,1000.000260,1000.000193,1000.000118,0.000000,0.000000,0.000000,0.000000,0.000000,0.000000,0.000000,0.000000,0.000000,0.000000,0.000000,0.000000
0.000000,0.000000,0.000000,0.000000,0.000000,0.000000,0.000000,0.000000,0.000000,0.000000,0.000000,1000.000101,1000.000179,1000.000247,1000.000315,1000.000384,1000.000444,1000.000485,1000.000495,1000.000476,1000.000443,1000.000404,1000.000367,1000.000333,1000.000300,1000.000268,1000.000237,1000.000207,1000.000179,1000.000152,1000.000125,1000.000101,1000.000077,1000.000055,1000.000033,1000.000014,999.999995,999.999977,999.999961,999.999946,999.999932,999.999920,999.999908,999.999898,999.999889,999.999881,999.999875,999.999869,999.999865,999.999862,999.999860,999.999860,999.999860,999.999862,999.999865,999.999869,999.999875,999.999881,999.999889,999.999898,999.999908,999.999920,999.999932,999.999946,999.999961,999.999977,999.999995,1000.000014,1000.000033,1000.000055,1000.000077,1000.000101,1000.000125,1000.000152,1000.000179,1000.000207,1000.000237,1000.000268,1000.000300,1000.000333,1000.000367,1000.000404,1000.000443,1000.000476,1000.000495,1000.000485,1000.000444,1000.000384,1000.000315,1000.000247,1000.000179,1000.000101,0.000000,0.000000,0.000000,0.000000,0.000000,0.000000,0.000000,0.000000,0.000000,0.000000,0.000000
0.000000,0.000000,0.000000,0.000000,0.000000,0.000000,0.000000,0.000000,0.000000,0.000000,0.000000,1000.000159,1000.000231,1000.000299,1000.000369,1000.000434,1000.000481,1000.000495,1000.000477,1000.000444,1000.000405,1000.000367,1000.000332,1000.000298,1000.000264,1000.000232,1000.000201,1000.000172,1000.000143,1000.000116,1000.000090,1000.000065,1000.000041,1000.000019,999.999998,999.999978,999.999959,999.999942,999.999925,999.999910,999.999897,999.999884,999.999873,999.999862,999.999853,999.999846,999.999839,999.999834,999.999829,999.999826,999.999825,999.999824,999.999825,999.999826,999.999829,999.999834,999.999839,999.999846,999.999853,999.999862,999.999873,999.999884,999.999897,999.999910,999.999925,999.999942,999.999959,999.999978,999.999998,1000.000019,1000.000041,1000.000065,1000.000090,1000.000116,1000.000143,1000.000172,1000.000201,1000.000232,1000.000264,1000.000298,1000.000332,1000.000367,1000.000405,1000.000444,1000.000477,1000.000495,1000.000481,1000.000434,1000.000369,1000.000299,1000.000231,1000.000159,0.000000,0.000000,0.000000,0.000000,0.000000,0.000000,0.000000,0.000000,0.000000,0.000000,0.000000
0.000000,0.000000,0.000000,0.000000,0.000000,0.000000,0.000000,0.000000,0.000000,0.000000,1000.000137,1000.000214,1000.000282,1000.000351,1000.000418,1000.000472,1000.000495,1000.000481,1000.000448,1000.000408,1000.000369,1000.000333,1000.000298,1000.000263,1000.000230,1000.000198,1000.000167,1000.000137,1000.000109,1000.000082,1000.000056,1000.000031,1000.000007,999.999985,999.999964,999.999944,999.999925,999.999907,999.999891,999.999876,999.999862,999.999850,999.999838,999.999828,999.999819,999.999811,999.999805,999.999799,999.999795,999.999792,999.999790,999.999790,999.999790,999.999792,999.999795,999.999799,999.999805,999.999811,999.999819,999.999828,999.999838,999.999850,999.999862,999.999876,999.999891,999.999907,999.999925,999.999944,999.999964,999.999985,1000.000007,1000.000031,1000.000056,1000.000082,1000.000109,1000.000137,1000.000167,1000.000198,1000.000230,1000.000263,1000.000298,1000.000333,1000.000369,1000.000408,1000.000448,1000.000481,1000.000495,1000.000472,1000.000418,1000.000351,1000.000282,1000.000214,1000.000137,0.000000,0.000000,0.000000,0.000000,0.000000,0.000000,0.000000,0.000000,0.000000,0.000000
0.000000,0.000000,0.000000,0.000000,0.000000,0.000000,0.000000,0.000000,0.000000,1000.000114,1000.000193,1000.000264,1000.000334,1000.000402,1000.000459,1000.000493,1000.000488,1000.000456,1000.000414,1000.000374,1000.000337,1000.000300,1000.000264,1000.000230,1000.000197,1000.000165,1000.000134,1000.000104,1000.000076,1000.000048,1000.000022,999.999997,999.999974,999.999952,999.999930,999.999910,999.999892,999.999874,999.999858,999.999843,999.999829,999.999816,999.999805,999.999795,999.999786,999.999778,999.999771,999.999766,999.999762,999.999759,999.999757,999.999756,999.999757,999.999759,999.999762,999.999766,999.999771,999.999778,999.999786,999.999795,999.999805,999.999816,999.999829,999.999843,999.999858,999.999874,999.999892,999.999910,999.999930,999.999952,999.999974,999.999997,1000.000022,1000.000048,1000.000076,1000.000104,1000.000134,1000.000165,1000.000197,1000.000230,1000.000264,1000.000300,1000.000337,1000.000374,1000.000414,1000.000456,1000.000488,1000.000493,1000.000459,1000.000402,1000.000334,1000.000264,1000.000193,1000.000114,0.000000,0.000000,0.000000,0.000000,0.000000,0.000000,0.000000,0.000000,0.000000
0.000000,0.000000,0.000000,0.000000,0.000000,0.000000,0.000000,0.000000,0.000000,1000.000165,1000.000240,1000.000313,1000.000385,1000.000448,1000.000488,1000.000494,1000.000467,1000.000425,1000.000382,1000.000342,1000.000305,1000.000268,1000.000232,1000.000198,1000.000165,1000.000132,1000.000101,1000.000072,1000.000044,1000.000016,999.999990,999.999965,999.999942,999.999920,999.999898,999.999878,999.999860,999.999842,999.999826,999.999811,999.999797,999.999784,999.999773,999.999763,999.999754,999.999746,999.999739,999.999734,999.999730,999.999727,999.999725,999.999724,999.999725,999.999727,999.999730,999.999734,999.999739,999.999746,999.999754,999.999763,999.999773,999.999784,999.999797,999.999811,999.999826,999.999842,999.999860,999.999878,999.999898,999.999920,999.999942,999.999965,999.999990,1000.000016,1000.000044,1000.000072,1000.000101,1000.000132,1000.000165,1000.000198,1000.000232,1000.000268,1000.000305,1000.000342,1000.000382,1000.000425,1000.000467,1000.000494,1000.000488,1000.000448,1000.000385,1000.000313,1000.000240,1000.000165,0.000000,0.000000,0.000000,0.000000,0.000000,0.000000,0.000000,0.000000,0.000000
0.000000,0.000000,0.000000,0.000000,0.000000,0.000000,0.000000,0.000000,1000.000132,1000.000214,1000.000287,1000.000362,1000.000431,1000.000481,1000.000495,1000.000475,1000.000437,1000.000393,1000.000351,1000.000312,1000.000274,1000.000237,1000.000201,1000.000167,1000.000134,1000.000101,1000.000071,1000.000041,1000.000013,999.999985,999.999959,999.999935,999.999911,999.999889,999.999868,999.999848,999.999829,999.999811,999.999795,999.999780,999.999766,999.999753,999.999742,999.999732,999.999723,999.999715,999.999708,999.999703,999.999699,999.999696,999.999694,999.999693,999.999694,999.999696,999.999699,999.999703,999.999708,999.999715,999.999723,999.999732,999.999742,999.999753,999.999766,999.999780,999.999795,999.999811,999.999829,999.999848,999.999868,999.999889,999.999911,999.999935,999.999959,999.999985,1000.000013,1000.000041,1000.000071,1000.000101,1000.000134,1000.000167,1000.000201,1000.000237,1000.000274,1000.000312,1000.000351,1000.000393,1000.000437,1000.000475,1000.000495,1000.000481,1000.000431,1000.000362,1000.000287,1000.000214,1000.000132,0.000000,0.000000,0.000000,0.000000,0.000000,0.000000,0.000000,0.000000
0.000000,0.000000,0.000000,0.000000,0.000000,0.000000,0.000000,0.000000,1000.000179,1000.000256,1000.000331,1000.000406,1000.000467,1000.000494,1000.000482,1000.000447,1000.000404,1000.000362,1000.000322,1000.000283,1000.000244,1000.000207,1000.000172,1000.000137,1000.000104,1000.000072,1000.000041,1000.000011,999.999983,999.999956,999.999930,999.999905,999.999881,999.999859,999.999838,999.999818,999.999799,999.999782,999.999766,999.999750,999.999737,999.999724,999.999712,999.999702,999.999693,999.999685,999.999679,999.999673,999.999669,999.999666,999.999664,999.999664,999.999664,999.999666,999.999669,999.999673,999.999679,999.999685,999.999693,999.999702,999.999712,999.999724,999.999737,999.999750,999.999766,999.999782,999.999799,999.999818,999.999838,999.999859,999.999881,999.999905,999.999930,999.999956,999.999983,1000.000011,1000.000041,1000.000072,1000.000104,1000.000137,1000.000172,1000.000207,1000.000244,1000.000283,1000.000322,1000.000362,1000.000404,1000.000447,1000.000482,1000.000494,1000.000467,1000.000406,1000.000331,1000.000256,1000.000179,0.000000,0.000000,0.000000,0.000000,0.000000,0.000000,0.000000,0.000000
0.000000,0.000000,0.000000,0.000000,0.000000,0.000000,0.000000,1000.000139,1000.000223,1000.000298,1000.000374,1000.000444,1000.000489,1000.000491,1000.000459,1000.000417,1000.000374,1000.000333,1000.000294,1000.000254,1000.000216,1000.000179,1000.000143,1000.000109,1000.000076,1000.000044,1000.000013,999.999983,999.999955,999.999927,999.999901,999.999877,999.999853,999.999831,999.999810,999.999790,999.999771,999.999753,999.999737,999.999722,999.999708,999.999696,999.999684,999.999674,999.999665,999.999657,999.999650,999.999645,999.999641,999.999638,999.999636,999.999635,999.999636,999.999638,999.999641,999.999645,999.999650,999.999657,999.999665,999.999674,999.999684,999.999696,999.999708,999.999722,999.999737,999.999753,999.999771,999.999790,999.999810,999.999831,999.999853,999.999877,999.999901,999.999927,999.999955,999.999983,1000.000013,1000.000044,1000.000076,1000.000109,1000.000143,1000.000179,1000.000216,1000.000254,1000.000294,1000.000333,1000.000374,1000.000417,1000.000459,1000.000491,1000.000489,1000.000444,1000.000374,1000.000298,1000.000223,1000.000139,0.000000,0.000000,0.000000,0.000000,0.000000,0.000000,0.000000
0.000000,0.000000,0.000000,0.000000,0.000000,0.000000,0.000000,1000.000183,1000.000262,1000.000338,1000.000414,1000.000473,1000.000496,1000.000476,1000.000434,1000.000389,1000.000347,1000.000306,1000.000266,1000.000226,1000.000188,1000.000152,1000.000116,1000.000082,1000.000048,1000.000016,999.999985,999.999956,999.999927,999.999900,999.999874,999.999849,999.999826,999.999804,999.999782,999.999763,999.999744,999.999726,999.999710,999.999695,999.999681,999.999668,999.999657,999.999647,999.999638,999.999630,999.999623,999.999618,999.999613,999.999610,999.999609,999.999608,999.999609,999.999610,999.999613,999.999618,999.999623,999.999630,999.999638,999.999647,999.999657,999.999668,999.999681,999.999695,999.999710,999.999726,999.999744,999.999763,999.999782,999.999804,999.999826,999.999849,999.999874,999.999900,999.999927,999.999956,999.999985,1000.000016,1000.000048,1000.000082,1000.000116,1000.000152,1000.000188,1000.000226,1000.000266,1000.000306,1000.000347,1000.000389,1000.000434,1000.000476,1000.000496,1000.000473,1000.000414,1000.000338,1000.000262,1000.000183,0.000000,0.000000,0.000000,0.000000,0.000000,0.000000,0.000000
0.000000,0.000000,0.000000,0.000000,0.000000,0.000000,1000.000140,1000.000225,1000.000301,1000.000378,1000.000448,1000.000491,1000.000490,1000.000455,1000.000408,1000.000363,1000.000321,1000.000280,1000.000239,1000.000200,1000.000162,1000.000125,1000.000090,1000.000056,1000.000022,999.999990,999.999959,999.999930,999.999901,999.999874,999.999848,999.999824,999.999800,999.999778,999.999756,999.999737,999.999718,999.999700,999.999684,999.999669,999.999655,999.999642,999.999631,999.999621,999.999612,999.999604,999.999597,999.999592,999.999587,999.999584,999.999583,999.999582,999.999583,999.999584,999.999587,999.999592,999.999597,999.999604,999.999612,999.999621,999.999631,999.999642,999.999655,999.999669,999.999684,999.999700,999.999718,999.999737,999.999756,999.999778,999.999800,999.999824,999.999848,999.999874,999.999901,999.999930,999.999959,999.999990,1000.000022,1000.000056,1000.000090,1000.000125,1000.000162,1000.000200,1000.000239,1000.000280,1000.000321,1000.000363,1000.000408,1000.000455,1000.000490,1000.000491,1000.000448,1000.000378,1000.000301,1000.000225,1000.000140,0.000000,0.000000,0.000000,0.000000,0.000000,0.000000
0.000000,0.000000,0.000000,0.000000,0.000000,0.000000,1000.000180,1000.000261,1000.000338,1000.000415,1000.000475,1000.000497,1000.000475,1000.000431,1000.000383,1000.000339,1000.000297,1000.000255,1000.000215,1000.000176,1000.000137,1000.000101,1000.000065,1000.000031,999.999997,999.999965,999.999935,999.999905,999.999877,999.999849,999.999824,999.999799,999.999775,999.999753,999.999732,999.999712,999.999693,999.999676,999.999659,999.999644,999.999630,999.999618,999.999606,999.999596,999.999587,999.999579,999.999572,999.999567,999.999563,999.999560,999.999558,999.999557,999.999558,999.999560,999.999563,999.999567,999.999572,999.999579,999.999587,999.999596,999.999606,999.999618,999.999630,999.999644,999.999659,999.999676,999.999693,999.999712,999.999732,999.999753,999.999775,999.999799,999.999824,999.999849,999.999877,999.999905,999.999935,999.999965,999.999997,1000.000031,1000.000065,1000.000101,1000.000137,1000.000176,1000.000215,1000.000255,1000.000297,1000.000339,1000.000383,1000.000431,1000.000475,1000.000497,1000.000475,1000.000415,1000.000338,1000.000261,1000.000180,0.000000,0.000000,0.000000,0.000000,0.000000,0.000000
0.000000,0.000000,0.000000,0.000000,0.000000,1000.000133,1000.000219,1000.000297,1000.000376,1000.000447,1000.000491,1000.000491,1000.000454,1000.000406,1000.000360,1000.000316,1000.000273,1000.000231,1000.000191,1000.000152,1000.000114,1000.000077,1000.000041,1000.000007,999.999974,999.999942,999.999911,999.999881,999.999853,999.999826,999.999800,999.999775,999.999752,999.999729,999.999708,999.999688,999.999669,999.999652,999.999636,999.999621,999.999607,999.999594,999.999583,999.999572,999.999563,999.999555,999.999549,999.999543,999.999539,999.999536,999.999534,999.999534,999.999534,999.999536,999.999539,999.999543,999.999549,999.999555,999.999563,999.999572,999.999583,999.999594,999.999607,999.999621,999.999636,999.999652,999.999669,999.999688,999.999708,999.999729,999.999752,999.999775,999.999800,999.999826,999.999853,999.999881,999.999911,999.999942,999.999974,1000.000007,1000.000041,1000.000077,1000.000114,1000.000152,1000.000191,1000.000231,1000.000273,1000.000316,1000.000360,1000.000406,1000.000454,1000.000491,1000.000491,1000.000447,1000.000376,1000.000297,1000.000219,1000.000133,0.000000,0.000000,0.000000,0.000000,0.000000
0.000000,0.000000,0.000000,0.000000,0.000000,1000.000169,1000.000252,1000.000332,1000.000410,1000.000473,1000.000496,1000.000475,1000.000431,1000.000383,1000.000337,1000.000294,1000.000250,1000.000209,1000.000169,1000.000129,1000.000091,1000.000055,1000.000019,999.999985,999.999952,999.999920,999.999889,999.999859,999.999831,999.999804,999.999778,999.999753,999.999729,999.999707,999.999686,999.999666,999.999647,999.999630,999.999613,999.999598,999.999584,999.999572,999.999560,999.999550,999.999541,999.999533,999.999526,999.999521,999.999517,999.999514,999.999512,999.999511,999.999512,999.999514,999.999517,999.999521,999.999526,999.999533,999.999541,999.999550,999.999560,999.999572,999.999584,999.999598,999.999613,999.999630,999.999647,999.999666,999.999686,999.999707,999.999729,999.999753,999.999778,999.999804,999.999831,999.999859,999.999889,999.999920,999.999952,999.999985,1000.000019,1000.000055,1000.000091,1000.000129,1000.000169,1000.000209,1000.000250,1000.000294,1000.000337,1000.000383,1000.000431,1000.000475,1000.000496,1000.000473,1000.000410,1000.000332,1000.000252,1000.000169,0.000000,0.000000,0.000000,0.000000,0.000000
0.000000,0.000000,0.000000,0.000000,1000.000117,1000.000204,1000.000284,1000.000365,1000.000441,1000.000489,1000.000491,1000.000455,1000.000408,1000.000361,1000.000316,1000.000272,1000.000229,1000.000188,1000.000147,1000.000108,1000.000070,1000.000033,999.999998,999.999964,999.999930,999.999898,999.999868,999.999838,999.999810,999.999782,999.999756,999.999732,999.999708,999.999686,999.999665,999.999645,999.999626,999.999609,999.999592,999.999577,999.999563,999.999551,999.999539,999.999529,999.999520,999.999512,999.999505,999.999500,999.999496,999.999493,999.999491,999.999490,999.999491,999.999493,999.999496,999.999500,999.999505,999.999512,999.999520,999.999529,999.999539,999.999551,999.999563,999.999577,999.999592,999.999609,999.999626,999.999645,999.999665,999.999686,999.999708,999.999732,999.999756,999.999782,999.999810,999.999838,999.999868,999.999898,999.999930,999.999964,999.999998,1000.000033,1000.000070,1000.000108,1000.000147,1000.000188,1000.000229,1000.000272,1000.000316,1000.000361,1000.000408,1000.000455,1000.000491,1000.000489,1000.000441,1000.000365,1000.000284,1000.000204,1000.000117,0.000000,0.000000,0.000000,0.000000
0.000000,0.000000,0.000000,0.000000,1000.000149,1000.000233,1000.000313,1000.000395,1000.000465,1000.000495,1000.000478,1000.000435,1000.000386,1000.000341,1000.000296,1000.000252,1000.000209,1000.000168,1000.000127,1000.000088,1000.000050,1000.000014,999.999978,999.999944,999.999910,999.999878,999.999848,999.999818,999.999790,999.999763,999.999737,999.999712,999.999688,999.999666,999.999645,999.999625,999.999606,999.999589,999.999572,999.999557,999.999543,999.999531,999.999519,999.999509,999.999500,999.999492,999.999485,999.999480,999.999476,999.999473,999.999471,999.999470,999.999471,999.999473,999.999476,999.999480,999.999485,999.999492,999.999500,999.999509,999.999519,999.999531,999.999543,999.999557,999.999572,999.999589,999.999606,999.999625,999.999645,999.999666,999.999688,999.999712,999.999737,999.999763,999.999790,999.999818,999.999848,999.999878,999.999910,999.999944,999.999978,1000.000014,1000.000050,1000.000088,1000.000127,1000.000168,1000.000209,1000.000252,1000.000296,1000.000341,1000.000386,1000.000435,1000.000478,1000.000495,1000.000465,1000.000395,1000.000313,1000.000233,1000.000149,0.000000,0.000000,0.000000,0.000000
