0.000000,0.000000,0.000000,0.000000,0.000000,0.000000,0.000000,0.000000,0.000000,0.000000,0.000000,0.000000,0.000000,0.000000,0.000000,0.000000,0.000000,0.000000,0.000000,0.000000,0.000000,0.000000,0.000000,0.000000,0.000000,0.000000,0.000000,0.000000,0.000000,0.000000,0.000000,0.000000,0.000000,0.000000,0.000000,0.000000,0.000000,0.000000,0.000000,0.000000,0.000000,0.000000,0.000000,0.000000,0.000000,0.000000,0.000000,0.000000,0.000000,0.000000,0.000000,0.000000,0.000000,0.000000,0.000000,0.000000,0.000000,0.000000,0.000000,0.000000,0.000000,0.000000,0.000000,0.000000,0.000000,0.000000,0.000000,0.000000,0.000000,0.000000,0.000000,0.000000,0.000000,0.000000,0.000000,0.000000,0.000000,0.000000,0.000000,0.000000,0.000000,0.000000,0.000000,0.000000,0.000000,0.000000,0.000000,0.000000,0.000000,0.000000,0.000000,0.000000,0.000000,0.000000,0.000000,0.000000,0.000000,0.000000,0.000000,0.000000,0.000000,0.000000,0.000000
0.000000,0.000000,0.000000,0.000000,0.000000,0.000000,0.000000,0.000000,0.000000,0.000000,0.000000,0.000000,0.000000,0.000000,0.000000,0.000000,0.000000,0.000000,0.000000,0.000000,0.000000,0.000000,0.000000,0.000000,0.000000,0.000000,0.000000,0.000000,0.000000,0.000000,0.000000,0.000000,0.000000,0.000000,0.000000,0.000000,0.000000,0.000000,0.000000,0.000000,0.000000,0.000000,0.000000,0.000000,0.000000,0.000000,0.000000,0.000000,0.000000,0.000000,0.000000,999.998217,0.000000,0.000000,0.000000,0.000000,0.000000,0.000000,0.000000,0.000000,0.000000,0.000000,0.000000,0.000000,0.000000,0.000000,0.000000,0.000000,0.000000,0.000000,0.000000,0.000000,0.000000,0.000000,0.000000,0.000000,0.000000,0.000000,0.000000,0.000000,0.000000,0.000000,0.000000,0.000000,0.000000,0.000000,0.000000,0.000000,0.000000,0.000000,0.000000,0.000000,0.000000,0.000000,0.000000,0.000000,0.000000,0.000000,0.000000,0.000000,0.000000,0.000000,0.000000
0.000000,0.000000,0.000000,0.000000,0.000000,0.000000,0.000000,0.000000,0.000000,0.000000,0.000000,0.000000,0.000000,0.000000,0.000000,0.000000,0.000000,0.000000,0.000000,0.000000,0.000000,0.000000,0.000000,0.000000,0.000000,0.000000,0.000000,0.000000,0.000000,0.000000,0.000000,0.000000,0.000000,0.000000,0.000000,0.000000,0.000000,0.000000,0.000000,0.000000,0.000000,0.000000,999.996795,999.994846,999.994760,999.995299,999.995717,999.996190,999.996710,999.997539,999.998158,999.998294,999.998390,999.998950,999.999641,1000.000026,1000.000381,1000.000607,1000.000818,1000.000757,999.999370,0.000000,0.000000,0.000000,0.000000,0.000000,0.000000,0.000000,0.000000,0.000000,0.000000,0.000000,0.000000,0.000000,0.000000,0.000000,0.000000,0.000000,0.000000,0.000000,0.000000,0.000000,0.000000,0.000000,0.000000,0.000000,0.000000,0.000000,0.000000,0.000000,0.000000,0.000000,0.000000,0.000000,0.000000,0.000000,0.000000,0.000000,0.000000,0.000000,0.000000,0.000000,0.000000
0.000000,0.000000,0.000000,0.000000,0.000000,0.000000,0.000000,0.000000,0.000000,0.000000,0.000000,0.000000,0.000000,0.000000,0.000000,0.000000,0.000000,0.000000,0.000000,0.000000,0.000000,0.000000,0.000000,0.000000,0.000000,0.000000,0.000000,0.000000,0.000000,0.000000,0.000000,0.000000,0.000000,0.000000,0.000000,0.000000,0.000000,999.993696,999.991702,999.991693,999.992556,999.994158,999.996223,999.995697,999.995337,999.995466,999.995847,999.996339,999.996869,999.997338,999.998025,999.998165,999.998305,999.999015,999.999396,999.999780,1000.000101,1000.000364,1000.000436,1000.000160,999.999791,1000.001073,1000.001960,1000.002333,1000.002186,1000.001097,0.000000,0.000000,0.000000,0.000000,0.000000,0.000000,0.000000,0.000000,0.000000,0.000000,0.000000,0.000000,0.000000,0.000000,0.000000,0.000000,0.000000,0.000000,0.000000,0.000000,0.000000,0.000000,0.000000,0.000000,0.000000,0.000000,0.000000,0.000000,0.000000,0.000000,0.000000,0.000000,0.000000,0.000000,0.000000,0.000000,0.000000
0.000000,0.000000,0.000000,0.000000,0.000000,0.000000,0.000000,0.000000,0.000000,0.000000,0.000000,0.000000,0.000000,0.000000,0.000000,0.000000,0.000000,0.000000,0.000000,0.000000,0.000000,0.000000,0.000000,0.000000,0.000000,0.000000,0.000000,0.000000,0.000000,0.000000,0.000000,0.000000,0.000000,0.000000,999.991900,999.990405,999.991240,999.993220,999.992892,999.992634,999.993022,999.994290,999.995085,999.995226,999.995410,999.995629,999.995955,999.996399,999.996895,999.997240,999.997754,999.998091,999.998473,999.998890,999.999228,999.999566,999.999851,1000.000105,1000.000255,1000.000399,1000.000382,1000.000831,1000.001552,1000.001672,1000.001526,1000.001302,1000.002200,1000.002576,1000.001893,0.000000,0.000000,0.000000,0.000000,0.000000,0.000000,0.000000,0.000000,0.000000,0.000000,0.000000,0.000000,0.000000,0.000000,0.000000,0.000000,0.000000,0.000000,0.000000,0.000000,0.000000,0.000000,0.000000,0.000000,0.000000,0.000000,0.000000,0.000000,0.000000,0.000000,0.000000,0.000000,0.000000,0.000000
0.000000,0.000000,0.000000,0.000000,0.000000,0.000000,0.000000,0.000000,0.000000,0.000000,0.000000,0.000000,0.000000,0.000000,0.000000,0.000000,0.000000,0.000000,0.000000,0.000000,0.000000,0.000000,0.000000,0.000000,0.000000,0.000000,0.000000,0.000000,0.000000,0.000000,0.000000,0.000000,999.991288,999.989954,999.991631,999.991457,999.992068,999.992534,999.992700,999.992990,999.993428,999.994063,999.994545,999.995046,999.995394,999.995689,999.996020,999.996437,999.996807,999.997227,999.997707,999.998112,999.998441,999.998806,999.999191,999.999502,999.999706,999.999935,1000.000147,1000.000371,1000.000641,1000.000856,1000.001205,1000.001459,1000.001576,1000.001586,1000.001755,1000.001972,1000.001847,1000.002570,1000.001971,0.000000,0.000000,0.000000,0.000000,0.000000,0.000000,0.000000,0.000000,0.000000,0.000000,0.000000,0.000000,0.000000,0.000000,0.000000,0.000000,0.000000,0.000000,0.000000,0.000000,0.000000,0.000000,0.000000,0.000000,0.000000,0.000000,0.000000,0.000000,0.000000,0.000000,0.000000,0.000000
0.000000,0.000000,0.000000,0.000000,0.000000,0.000000,0.000000,0.000000,0.000000,0.000000,0.000000,0.000000,0.000000,0.000000,0.000000,0.000000,0.000000,0.000000,0.000000,0.000000,0.000000,0.000000,0.000000,0.000000,0.000000,0.000000,0.000000,0.000000,0.000000,0.000000,999.989882,999.988675,999.990634,999.991139,999.991378,999.991503,999.991907,999.992182,999.992693,999.993021,999.993545,999.993997,999.994407,999.994856,999.995230,999.995663,999.996074,999.996394,999.996841,999.997223,999.997620,999.998042,999.998347,999.998728,999.999108,999.999415,999.999692,999.999927,1000.000203,1000.000374,1000.000706,1000.000868,1000.001089,1000.001319,1000.001483,1000.001663,1000.001826,1000.001987,1000.001932,1000.001973,1000.002185,1000.002946,1000.002401,0.000000,0.000000,0.000000,0.000000,0.000000,0.000000,0.000000,0.000000,0.000000,0.000000,0.000000,0.000000,0.000000,0.000000,0.000000,0.000000,0.000000,0.000000,0.000000,0.000000,0.000000,0.000000,0.000000,0.000000,0.000000,0.000000,0.000000,0.000000,0.000000,0.000000
0.000000,0.000000,0.000000,0.000000,0.000000,0.000000,0.000000,0.000000,0.000000,0.000000,0.000000,0.000000,0.000000,0.000000,0.000000,0.000000,0.000000,0.000000,0.000000,0.000000,0.000000,0.000000,0.000000,0.000000,0.000000,0.000000,0.000000,0.000000,999.988560,999.987395,999.989442,999.990040,999.990334,999.990682,999.990970,999.991480,999.991828,999.992197,999.992614,999.993033,999.993520,999.993905,999.994374,999.994815,999.995250,999.995643,999.996069,999.996432,999.996840,999.997286,999.997586,999.998034,999.998395,999.998701,999.998999,999.999355,999.999720,999.999942,1000.000144,1000.000372,1000.000613,1000.000898,1000.001101,1000.001255,1000.001410,1000.001590,1000.001743,1000.001848,1000.002078,1000.002152,1000.002226,1000.002357,1000.002564,1000.003246,1000.002766,0.000000,0.000000,0.000000,0.000000,0.000000,0.000000,0.000000,0.000000,0.000000,0.000000,0.000000,0.000000,0.000000,0.000000,0.000000,0.000000,0.000000,0.000000,0.000000,0.000000,0.000000,0.000000,0.000000,0.000000,0.000000,0.000000,0.000000,0.000000
0.000000,0.000000,0.000000,0.000000,0.000000,0.000000,0.000000,0.000000,0.000000,0.000000,0.000000,0.000000,0.000000,0.000000,0.000000,0.000000,0.000000,0.000000,0.000000,0.000000,0.000000,0.000000,0.000000,0.000000,0.000000,0.000000,999.987299,999.986388,999.988185,999.988875,999.989204,999.989650,999.989989,999.990559,999.990974,999.991409,999.991767,999.992254,999.992591,999.993069,999.993424,999.993841,999.994331,999.994789,999.995237,999.995602,999.996042,999.996443,999.996837,999.997218,999.997630,999.997990,999.998385,999.998737,999.998971,999.999380,999.999710,999.999907,1000.000180,1000.000396,1000.000652,1000.000874,1000.001104,1000.001259,1000.001439,1000.001606,1000.001688,1000.001863,1000.001971,1000.002144,1000.002299,1000.002432,1000.002588,1000.002631,1000.002862,1000.003451,1000.003064,0.000000,0.000000,0.000000,0.000000,0.000000,0.000000,0.000000,0.000000,0.000000,0.000000,0.000000,0.000000,0.000000,0.000000,0.000000,0.000000,0.000000,0.000000,0.000000,0.000000,0.000000,0.000000,0.000000,0.000000,0.000000,0.000000
0.000000,0.000000,0.000000,0.000000,0.000000,0.000000,0.000000,0.000000,0.000000,0.000000,0.000000,0.000000,0.000000,0.000000,0.000000,0.000000,0.000000,0.000000,0.000000,0.000000,0.000000,0.000000,0.000000,0.000000,999.986503,999.985800,999.987161,999.987738,999.988138,999.988593,999.988928,999.989579,999.990048,999.990518,999.990840,999.991202,999.991621,999.992085,999.992462,999.992983,999.993375,999.993868,999.994281,999.994738,999.995167,999.995618,999.996007,999.996446,999.996849,999.997254,999.997654,999.997994,999.998405,999.998749,999.999132,999.999330,999.999605,999.999905,1000.000210,1000.000439,1000.000697,1000.000831,1000.001077,1000.001280,1000.001501,1000.001604,1000.001794,1000.001933,1000.002074,1000.002171,1000.002269,1000.002430,1000.002595,1000.002678,1000.002785,1000.002935,1000.003069,1000.003462,1000.003199,0.000000,0.000000,0.000000,0.000000,0.000000,0.000000,0.000000,0.000000,0.000000,0.000000,0.000000,0.000000,0.000000,0.000000,0.000000,0.000000,0.000000,0.000000,0.000000,0.000000,0.000000,0.000000,0.000000,0.000000
0.000000,0.000000,0.000000,0.000000,0.000000,0.000000,0.000000,0.000000,0.000000,0.000000,0.000000,0.000000,0.000000,0.000000,0.000000,0.000000,0.000000,0.000000,0.000000,0.000000,0.000000,0.000000,0.000000,999.986696,999.986507,999.986800,999.987197,999.987620,999.987995,999.988514,999.989010,999.989433,999.989835,999.990267,999.990696,999.991149,999.991624,999.992024,999.992435,999.992905,999.993362,999.993839,999.994259,999.994705,999.995162,999.995598,999.996015,999.996480,999.996895,999.997326,999.997721,999.998040,999.998424,999.998799,999.999147,999.999427,999.999678,1000.000006,1000.000254,1000.000535,1000.000736,1000.000910,1000.001120,1000.001328,1000.001468,1000.001644,1000.001796,1000.001943,1000.002031,1000.002213,1000.002318,1000.002457,1000.002545,1000.002702,1000.002839,1000.002940,1000.003020,1000.003112,1000.003159,1000.003054,0.000000,0.000000,0.000000,0.000000,0.000000,0.000000,0.000000,0.000000,0.000000,0.000000,0.000000,0.000000,0.000000,0.000000,0.000000,0.000000,0.000000,0.000000,0.000000,0.000000,0.000000,0.000000,0.000000
0.000000,0.000000,0.000000,0.000000,0.000000,0.000000,0.000000,0.000000,0.000000,0.000000,0.000000,0.000000,0.000000,0.000000,0.000000,0.000000,0.000000,0.000000,0.000000,0.000000,0.000000,999.985214,999.984865,999.986410,999.986743,999.986988,999.987180,999.987647,999.988032,999.988431,999.988936,999.989294,999.989749,999.990177,999.990651,999.991087,999.991533,999.991924,999.992425,999.992801,999.993280,999.993763,999.994323,999.994677,999.995197,999.995621,999.996064,999.996492,999.996906,999.997311,999.997739,999.998093,999.998456,999.998836,999.999109,999.999493,999.999813,1000.000058,1000.000285,1000.000518,1000.000795,1000.001020,1000.001190,1000.001380,1000.001514,1000.001709,1000.001768,1000.001969,1000.002094,1000.002203,1000.002335,1000.002475,1000.002558,1000.002701,1000.002783,1000.002888,1000.003020,1000.003005,1000.003077,1000.003149,1000.003568,1000.003423,0.000000,0.000000,0.000000,0.000000,0.000000,0.000000,0.000000,0.000000,0.000000,0.000000,0.000000,0.000000,0.000000,0.000000,0.000000,0.000000,0.000000,0.000000,0.000000,0.000000,0.000000
0.000000,0.000000,0.000000,0.000000,0.000000,0.000000,0.000000,0.000000,0.000000,0.000000,0.000000,0.000000,0.000000,0.000000,0.000000,0.000000,0.000000,0.000000,0.000000,0.000000,999.985550,999.985512,999.985849,999.986228,999.986541,999.986941,999.987262,999.987620,999.987997,999.988407,999.988813,999.989252,999.989679,999.990072,999.990529,999.990945,999.991393,999.991835,999.992327,999.992849,999.993262,999.993750,999.994213,999.994668,999.995157,999.995641,999.996114,999.996547,999.997005,999.997398,999.997789,999.998235,999.998595,999.998939,999.999240,999.999592,999.999864,1000.000163,1000.000385,1000.000617,1000.000829,1000.001066,1000.001244,1000.001431,1000.001650,1000.001761,1000.001905,1000.002001,1000.002176,1000.002303,1000.002350,1000.002456,1000.002607,1000.002677,1000.002763,1000.002825,1000.002960,1000.003018,1000.003096,1000.003164,1000.003253,1000.003302,1000.003265,0.000000,0.000000,0.000000,0.000000,0.000000,0.000000,0.000000,0.000000,0.000000,0.000000,0.000000,0.000000,0.000000,0.000000,0.000000,0.000000,0.000000,0.000000,0.000000,0.000000
0.000000,0.000000,0.000000,0.000000,0.000000,0.000000,0.000000,0.000000,0.000000,0.000000,0.000000,0.000000,0.000000,0.000000,0.000000,0.000000,0.000000,0.000000,0.000000,999.985294,999.985532,999.985714,999.986006,999.986181,999.986594,999.986966,999.987286,999.987614,999.987982,999.988327,999.988747,999.989140,999.989511,999.989982,999.990424,999.990848,999.991315,999.991770,999.992276,999.992767,999.993250,999.993688,999.994164,999.994706,999.995160,999.995659,999.996124,999.996608,999.997047,999.997463,999.997888,999.998299,999.998652,999.998998,999.999373,999.999659,999.999945,1000.000242,1000.000523,1000.000780,1000.000974,1000.001186,1000.001338,1000.001536,1000.001663,1000.001834,1000.001962,1000.002094,1000.002187,1000.002295,1000.002426,1000.002491,1000.002608,1000.002718,1000.002753,1000.002859,1000.002920,1000.002959,1000.003028,1000.003168,1000.003181,1000.003223,1000.003269,1000.003387,0.000000,0.000000,0.000000,0.000000,0.000000,0.000000,0.000000,0.000000,0.000000,0.000000,0.000000,0.000000,0.000000,0.000000,0.000000,0.000000,0.000000,0.000000,0.000000
0.000000,0.000000,0.000000,0.000000,0.000000,0.000000,0.000000,0.000000,0.000000,0.000000,0.000000,0.000000,0.000000,0.000000,0.000000,0.000000,0.000000,0.000000,999.985029,999.985328,999.985603,999.985851,999.986104,999.986341,999.986667,999.986939,999.987189,999.987581,999.987899,999.988287,999.988616,999.989011,999.989450,999.989865,999.990289,999.990725,999.991208,999.991674,999.992150,999.992598,999.993187,999.993679,999.994240,999.994746,999.995258,999.995730,999.996221,999.996666,999.997110,999.997614,999.998010,999.998444,999.998804,999.999127,999.999541,999.999798,1000.000125,1000.000361,1000.000625,1000.000869,1000.001055,1000.001308,1000.001442,1000.001604,1000.001737,1000.001928,1000.002042,1000.002175,1000.002265,1000.002358,1000.002497,1000.002560,1000.002618,1000.002703,1000.002806,1000.002820,1000.002948,1000.002973,1000.003030,1000.003092,1000.003152,1000.003177,1000.003199,1000.003303,1000.003316,0.000000,0.000000,0.000000,0.000000,0.000000,0.000000,0.000000,0.000000,0.000000,0.000000,0.000000,0.000000,0.000000,0.000000,0.000000,0.000000,0.000000,0.000000
0.000000,0.000000,0.000000,0.000000,0.000000,0.000000,0.000000,0.000000,0.000000,0.000000,0.000000,0.000000,0.000000,0.000000,0.000000,0.000000,0.000000,999.984781,999.985152,999.985447,999.985647,999.985877,999.986137,999.986369,999.986667,999.986890,999.987184,999.987562,999.987838,999.988184,999.988524,999.988960,999.989332,999.989735,999.990168,999.990614,999.991119,999.991612,999.992075,999.992598,999.993102,999.993688,999.994174,999.994709,999.995218,999.995725,999.996254,999.996776,999.997256,999.997699,999.998084,999.998553,999.998925,999.999316,999.999627,999.999992,1000.000249,1000.000559,1000.000778,1000.001020,1000.001212,1000.001405,1000.001622,1000.001741,1000.001909,1000.002040,1000.002197,1000.002249,1000.002339,1000.002460,1000.002552,1000.002593,1000.002708,1000.002743,1000.002832,1000.002860,1000.002935,1000.002973,1000.003046,1000.003053,1000.003108,1000.003149,1000.003183,1000.003217,1000.003291,1000.003485,0.000000,0.000000,0.000000,0.000000,0.000000,0.000000,0.000000,0.000000,0.000000,0.000000,0.000000,0.000000,0.000000,0.000000,0.000000,0.000000,0.000000
0.000000,0.000000,0.000000,0.000000,0.000000,0.000000,0.000000,0.000000,0.000000,0.000000,0.000000,0.000000,0.000000,0.000000,0.000000,0.000000,999.984781,999.985080,999.985321,999.985534,999.985737,999.985946,999.986200,999.986430,999.986691,999.986881,999.987209,999.987448,999.987754,999.988034,999.988451,999.988782,999.989102,999.989560,999.990003,999.990484,999.990931,999.991440,999.992007,999.992524,999.993039,999.993609,999.994137,999.994748,999.995290,999.995829,999.996358,999.996897,999.997388,999.997837,999.998288,999.998674,999.999128,999.999480,999.999807,1000.000102,1000.000434,1000.000704,1000.000958,1000.001172,1000.001405,1000.001548,1000.001754,1000.001951,1000.002026,1000.002130,1000.002236,1000.002374,1000.002451,1000.002517,1000.002589,1000.002665,1000.002737,1000.002771,1000.002861,1000.002864,1000.002952,1000.002934,1000.003031,1000.003017,1000.003132,1000.003145,1000.003181,1000.003240,1000.003220,1000.003295,1000.003334,0.000000,0.000000,0.000000,0.000000,0.000000,0.000000,0.000000,0.000000,0.000000,0.000000,0.000000,0.000000,0.000000,0.000000,0.000000,0.000000
0.000000,0.000000,0.000000,0.000000,0.000000,0.000000,0.000000,0.000000,0.000000,0.000000,0.000000,0.000000,0.000000,0.000000,0.000000,999.984781,999.985080,999.985231,999.985436,999.985675,999.985844,999.986053,999.986270,999.986430,999.986606,999.986841,999.987141,999.987393,999.987621,999.987947,999.988295,999.988575,999.988992,999.989452,999.989867,999.990301,999.990804,999.991303,999.991868,999.992439,999.993047,999.993579,999.994180,999.994766,999.995369,999.995960,999.996472,999.996992,999.997500,999.998031,999.998511,999.998897,999.999315,999.999698,1000.000056,1000.000360,1000.000679,1000.000934,1000.001162,1000.001376,1000.001562,1000.001765,1000.001895,1000.002059,1000.002176,1000.002260,1000.002386,1000.002473,1000.002579,1000.002630,1000.002708,1000.002756,1000.002816,1000.002818,1000.002882,1000.002910,1000.002991,1000.002999,1000.003026,1000.003015,1000.003060,1000.003135,1000.003124,1000.003226,1000.003234,1000.003253,1000.003337,1000.003374,0.000000,0.000000,0.000000,0.000000,0.000000,0.000000,0.000000,0.000000,0.000000,0.000000,0.000000,0.000000,0.000000,0.000000,0.000000
0.000000,0.000000,0.000000,0.000000,0.000000,0.000000,0.000000,0.000000,0.000000,0.000000,0.000000,0.000000,0.000000,0.000000,999.985029,999.985152,999.985321,999.985436,999.985604,999.985769,999.985905,999.986111,999.986288,999.986429,999.986636,999.986868,999.987072,999.987291,999.987525,999.987851,999.988095,999.988450,999.988837,999.989239,999.989622,999.990113,999.990649,999.991160,999.991704,999.992304,999.992921,999.993539,999.994185,999.994768,999.995375,999.995994,999.996594,999.997152,999.997660,999.998171,999.998685,999.999113,999.999471,999.999919,1000.000261,1000.000598,1000.000837,1000.001115,1000.001368,1000.001583,1000.001796,1000.001969,1000.002077,1000.002210,1000.002384,1000.002468,1000.002545,1000.002627,1000.002670,1000.002725,1000.002788,1000.002832,1000.002878,1000.002950,1000.002924,1000.002981,1000.002925,1000.003028,1000.003040,1000.003076,1000.003037,1000.003102,1000.003045,1000.003165,1000.003174,1000.003209,1000.003276,1000.003291,1000.003272,0.000000,0.000000,0.000000,0.000000,0.000000,0.000000,0.000000,0.000000,0.000000,0.000000,0.000000,0.000000,0.000000,0.000000
0.000000,0.000000,0.000000,0.000000,0.000000,0.000000,0.000000,0.000000,0.000000,0.000000,0.000000,0.000000,0.000000,999.985294,999.985328,999.985447,999.985534,999.985675,999.985769,999.985902,999.986029,999.986194,999.986309,999.986446,999.986642,999.986782,999.986929,999.987108,999.987353,999.987583,999.987955,999.988235,999.988593,999.988962,999.989383,999.989884,999.990436,999.990979,999.991581,999.992197,999.992794,999.993493,999.994200,999.994820,999.995475,999.996108,999.996767,999.997322,999.997898,999.998402,999.998914,999.999388,999.999819,1000.000188,1000.000526,1000.000838,1000.001139,1000.001399,1000.001620,1000.001805,1000.002021,1000.002190,1000.002294,1000.002408,1000.002540,1000.002641,1000.002682,1000.002770,1000.002827,1000.002881,1000.002899,1000.002878,1000.002934,1000.002988,1000.003009,1000.002990,1000.003029,1000.002995,1000.003060,1000.003055,1000.003080,1000.003104,1000.003092,1000.003129,1000.003086,1000.003104,1000.003158,1000.003192,1000.003219,1000.003291,0.000000,0.000000,0.000000,0.000000,0.000000,0.000000,0.000000,0.000000,0.000000,0.000000,0.000000,0.000000,0.000000
0.000000,0.000000,0.000000,0.000000,0.000000,0.000000,0.000000,0.000000,0.000000,0.000000,0.000000,0.000000,999.985550,999.985532,999.985603,999.985647,999.985737,999.985844,999.985905,999.986029,999.986200,999.986250,999.986315,999.986447,999.986599,999.986700,999.986855,999.987041,999.987234,999.987474,999.987685,999.987927,999.988282,999.988677,999.989132,999.989649,999.990154,999.990699,999.991395,999.992065,999.992744,999.993450,999.994157,999.994844,999.995602,999.996283,999.996897,999.997564,999.998153,999.998702,999.999151,999.999659,1000.000100,1000.000437,1000.000803,1000.001140,1000.001417,1000.001686,1000.001911,1000.002105,1000.002237,1000.002381,1000.002554,1000.002625,1000.002744,1000.002799,1000.002858,1000.002926,1000.002962,1000.002978,1000.003049,1000.003063,1000.003045,1000.003010,1000.003083,1000.003071,1000.003061,1000.003059,1000.003054,1000.003049,1000.003018,1000.003070,1000.003057,1000.003129,1000.003146,1000.003070,1000.003127,1000.003100,1000.003098,1000.003193,1000.003142,0.000000,0.000000,0.000000,0.000000,0.000000,0.000000,0.000000,0.000000,0.000000,0.000000,0.000000,0.000000
0.000000,0.000000,0.000000,0.000000,0.000000,0.000000,0.000000,0.000000,0.000000,0.000000,0.000000,999.985214,999.985512,999.985714,999.985851,999.985877,999.985946,999.986053,999.986111,999.986194,999.986250,999.986243,999.986433,999.986471,999.986536,999.986636,999.986736,999.986863,999.986994,999.987177,999.987341,999.987660,999.987993,999.988402,999.988799,999.989312,999.989820,999.990493,999.991147,999.991833,999.992595,999.993385,999.994111,999.994921,999.995703,999.996370,999.997078,999.997770,999.998386,999.998956,999.999483,999.999979,1000.000421,1000.000790,1000.001181,1000.001488,1000.001739,1000.001944,1000.002205,1000.002402,1000.002531,1000.002660,1000.002776,1000.002858,1000.002954,1000.003031,1000.003024,1000.003072,1000.003121,1000.003111,1000.003105,1000.003166,1000.003161,1000.003146,1000.003105,1000.003177,1000.003122,1000.003094,1000.003088,1000.003109,1000.003045,1000.003053,1000.003023,1000.002990,1000.003095,1000.003120,1000.003098,1000.003109,1000.003084,1000.003112,1000.003223,1000.003245,0.000000,0.000000,0.000000,0.000000,0.000000,0.000000,0.000000,0.000000,0.000000,0.000000,0.000000
0.000000,0.000000,0.000000,0.000000,0.000000,0.000000,0.000000,0.000000,0.000000,0.000000,0.000000,999.984865,999.985849,999.986006,999.986104,999.986137,999.986200,999.986270,999.986288,999.986309,999.986315,999.986433,999.986446,999.986394,999.986500,999.986528,999.986549,999.986694,999.986778,999.986923,999.987121,999.987366,999.987638,999.987962,999.988368,999.988893,999.989494,999.990175,999.990850,999.991608,999.992472,999.993294,999.994127,999.995017,999.995814,999.996639,999.997395,999.998074,999.998704,999.999320,999.999873,1000.000329,1000.000779,1000.001184,1000.001547,1000.001841,1000.002113,1000.002325,1000.002518,1000.002685,1000.002829,1000.002985,1000.003065,1000.003127,1000.003150,1000.003261,1000.003274,1000.003280,1000.003302,1000.003326,1000.003273,1000.003261,1000.003270,1000.003221,1000.003172,1000.003166,1000.003154,1000.003111,1000.003112,1000.003114,1000.003078,1000.003080,1000.003088,1000.002977,1000.002947,1000.003018,1000.003022,1000.003018,1000.003059,1000.003048,1000.003112,1000.003484,0.000000,0.000000,0.000000,0.000000,0.000000,0.000000,0.000000,0.000000,0.000000,0.000000,0.000000
0.000000,0.000000,0.000000,0.000000,0.000000,0.000000,0.000000,0.000000,0.000000,0.000000,999.986696,999.986410,999.986228,999.986181,999.986341,999.986369,999.986430,999.986430,999.986429,999.986446,999.986447,999.986471,999.986394,999.986446,999.986506,999.986430,999.986461,999.986475,999.986462,999.986546,999.986699,999.986860,999.987130,999.987471,999.987902,999.988451,999.989038,999.989738,999.990511,999.991428,999.992295,999.993177,999.994159,999.995072,999.995943,999.996813,999.997629,999.998361,999.999070,999.999731,1000.000268,1000.000775,1000.001198,1000.001580,1000.001894,1000.002177,1000.002473,1000.002709,1000.002870,1000.003022,1000.003121,1000.003231,1000.003326,1000.003418,1000.003397,1000.003438,1000.003512,1000.003470,1000.003437,1000.003472,1000.003444,1000.003366,1000.003387,1000.003391,1000.003288,1000.003254,1000.003270,1000.003168,1000.003138,1000.003083,1000.003036,1000.003039,1000.003048,1000.003045,1000.002981,1000.002966,1000.002938,1000.002965,1000.002966,1000.003015,1000.002997,1000.002929,1000.002876,0.000000,0.000000,0.000000,0.000000,0.000000,0.000000,0.000000,0.000000,0.000000,0.000000
0.000000,0.000000,0.000000,0.000000,0.000000,0.000000,0.000000,0.000000,0.000000,999.986503,999.986507,999.986743,999.986541,999.986594,999.986667,999.986667,999.986691,999.986606,999.986636,999.986642,999.986599,999.986536,999.986500,999.986506,999.986372,999.986187,999.986252,999.986170,999.986185,999.986289,999.986325,999.986418,999.986617,999.986905,999.987340,999.987871,999.988482,999.989248,999.990127,999.991086,999.992007,999.993098,999.994191,999.995208,999.996157,999.997136,999.997994,999.998749,999.999493,1000.000113,1000.000699,1000.001231,1000.001695,1000.002077,1000.002436,1000.002666,1000.002924,1000.003089,1000.003244,1000.003414,1000.003530,1000.003579,1000.003632,1000.003698,1000.003702,1000.003679,1000.003700,1000.003710,1000.003624,1000.003591,1000.003612,1000.003510,1000.003450,1000.003459,1000.003405,1000.003292,1000.003286,1000.003207,1000.003192,1000.003174,1000.003079,1000.003018,1000.002992,1000.002980,1000.002967,1000.002953,1000.002922,1000.002942,1000.002937,1000.002916,1000.003008,1000.002910,1000.002970,1000.003005,0.000000,0.000000,0.000000,0.000000,0.000000,0.000000,0.000000,0.000000,0.000000
0.000000,0.000000,0.000000,0.000000,0.000000,0.000000,0.000000,0.000000,0.000000,999.985800,999.986800,999.986988,999.986941,999.986966,999.986939,999.986890,999.986881,999.986841,999.986868,999.986782,999.986700,999.986636,999.986528,999.986430,999.986187,999.986194,999.986207,999.985971,999.985910,999.985799,999.985696,999.985781,999.985967,999.986242,999.986611,999.987137,999.987818,999.988667,999.989623,999.990641,999.991770,999.993016,999.994156,999.995271,999.996376,999.997468,999.998410,999.999299,1000.000081,1000.000707,1000.001261,1000.001735,1000.002164,1000.002532,1000.002878,1000.003139,1000.003383,1000.003538,1000.003670,1000.003765,1000.003874,1000.003925,1000.003950,1000.003967,1000.004000,1000.003982,1000.003898,1000.003930,1000.003899,1000.003802,1000.003757,1000.003709,1000.003610,1000.003524,1000.003511,1000.003405,1000.003375,1000.003247,1000.003206,1000.003159,1000.003131,1000.003037,1000.002993,1000.002975,1000.002887,1000.002871,1000.002866,1000.002836,1000.002789,1000.002852,1000.002860,1000.002862,1000.002976,1000.003277,0.000000,0.000000,0.000000,0.000000,0.000000,0.000000,0.000000,0.000000,0.000000
0.000000,0.000000,0.000000,0.000000,0.000000,0.000000,0.000000,0.000000,999.987299,999.987161,999.987197,999.987180,999.987262,999.987286,999.987189,999.987184,999.987209,999.987141,999.987072,999.986929,999.986855,999.986736,999.986549,999.986461,999.986252,999.986207,999.985880,999.985497,999.985404,999.985236,999.985173,999.985214,999.985296,999.985429,999.985748,999.986309,999.987001,999.987925,999.988989,999.990183,999.991577,999.992921,999.994225,999.995562,999.996798,999.997868,999.998809,999.999728,1000.000514,1000.001257,1000.001873,1000.002388,1000.002816,1000.003142,1000.003377,1000.003638,1000.003844,1000.004000,1000.004150,1000.004197,1000.004236,1000.004293,1000.004317,1000.004274,1000.004292,1000.004241,1000.004176,1000.004092,1000.004072,1000.003995,1000.003904,1000.003824,1000.003777,1000.003626,1000.003564,1000.003498,1000.003434,1000.003343,1000.003226,1000.003176,1000.003106,1000.003038,1000.002971,1000.002965,1000.002916,1000.002857,1000.002846,1000.002814,1000.002767,1000.002731,1000.002808,1000.002758,1000.002840,1000.002853,1000.002820,0.000000,0.000000,0.000000,0.000000,0.000000,0.000000,0.000000,0.000000
0.000000,0.000000,0.000000,0.000000,0.000000,0.000000,0.000000,0.000000,999.986388,999.987738,999.987620,999.987647,999.987620,999.987614,999.987581,999.987562,999.987448,999.987393,999.987291,999.987108,999.987041,999.986863,999.986694,999.986475,999.986170,999.985971,999.985497,999.985326,999.985301,999.984896,999.984613,999.984390,999.984237,999.984292,999.984679,999.985208,999.986006,999.987021,999.988259,999.989661,999.991172,999.992696,999.994200,999.995790,999.997183,999.998470,999.999574,1000.000559,1000.001256,1000.001936,1000.002520,1000.003012,1000.003431,1000.003780,1000.004043,1000.004242,1000.004373,1000.004502,1000.004588,1000.004665,1000.004668,1000.004676,1000.004671,1000.004635,1000.004571,1000.004525,1000.004453,1000.004370,1000.004253,1000.004169,1000.004123,1000.003987,1000.003889,1000.003822,1000.003656,1000.003560,1000.003470,1000.003406,1000.003271,1000.003193,1000.003136,1000.003069,1000.002901,1000.002888,1000.002837,1000.002805,1000.002754,1000.002735,1000.002743,1000.002705,1000.002631,1000.002669,1000.002774,1000.002722,1000.003174,0.000000,0.000000,0.000000,0.000000,0.000000,0.000000,0.000000,0.000000
0.000000,0.000000,0.000000,0.000000,0.000000,0.000000,0.000000,999.988560,999.988185,999.988138,999.987995,999.988032,999.987997,999.987982,999.987899,999.987838,999.987754,999.987621,999.987525,999.987353,999.987234,999.986994,999.986778,999.986462,999.986185,999.985910,999.985404,999.985301,999.984728,999.983899,999.983663,999.983399,999.983222,999.983302,999.983536,999.983944,999.984700,999.985817,999.987277,999.988949,999.990815,999.992749,999.994500,999.996170,999.997651,999.998961,1000.000193,1000.001284,1000.002144,1000.002815,1000.003361,1000.003764,1000.004111,1000.004392,1000.004661,1000.004822,1000.004937,1000.005035,1000.005089,1000.005102,1000.005121,1000.005054,1000.005011,1000.004971,1000.004881,1000.004814,1000.004736,1000.004634,1000.004518,1000.004356,1000.004253,1000.004151,1000.004006,1000.003890,1000.003813,1000.003650,1000.003533,1000.003438,1000.003347,1000.003209,1000.003117,1000.003102,1000.002963,1000.002882,1000.002807,1000.002743,1000.002680,1000.002670,1000.002626,1000.002628,1000.002612,1000.002551,1000.002635,1000.002612,1000.002629,1000.002498,0.000000,0.000000,0.000000,0.000000,0.000000,0.000000,0.000000
0.000000,0.000000,0.000000,0.000000,0.000000,0.000000,0.000000,999.987395,999.988875,999.988593,999.988514,999.988431,999.988407,999.988327,999.988287,999.988184,999.988034,999.987947,999.987851,999.987583,999.987474,999.987177,999.986923,999.986546,999.986289,999.985799,999.985236,999.984896,999.983899,999.983440,999.983421,999.982656,999.982110,999.981818,999.981681,999.982025,999.983056,999.984395,999.986119,999.988078,999.990225,999.992520,999.994778,999.996817,999.998645,1000.000114,1000.001199,1000.002126,1000.002983,1000.003649,1000.004211,1000.004613,1000.004937,1000.005156,1000.005331,1000.005474,1000.005551,1000.005588,1000.005599,1000.005604,1000.005567,1000.005511,1000.005435,1000.005338,1000.005260,1000.005095,1000.004983,1000.004861,1000.004751,1000.004579,1000.004457,1000.004295,1000.004170,1000.004014,1000.003877,1000.003731,1000.003608,1000.003470,1000.003358,1000.003250,1000.003099,1000.003018,1000.002939,1000.002884,1000.002795,1000.002711,1000.002643,1000.002592,1000.002544,1000.002534,1000.002540,1000.002503,1000.002428,1000.002458,1000.002424,1000.002982,0.000000,0.000000,0.000000,0.000000,0.000000,0.000000,0.000000
0.000000,0.000000,0.000000,0.000000,0.000000,0.000000,999.989882,999.989442,999.989204,999.988928,999.989010,999.988936,999.988813,999.988747,999.988616,999.988524,999.988451,999.988295,999.988095,999.987955,999.987685,999.987341,999.987121,999.986699,999.986325,999.985696,999.985173,999.984613,999.983663,999.983421,999.982425,999.980808,999.980298,999.979868,999.979720,999.980252,999.981092,999.982438,999.984567,999.987156,999.989915,999.992626,999.995157,999.997366,999.999338,1000.001115,1000.002456,1000.003402,1000.004165,1000.004727,1000.005156,1000.005536,1000.005795,1000.006001,1000.006082,1000.006153,1000.006189,1000.006182,1000.006139,1000.006081,1000.006021,1000.005940,1000.005825,1000.005688,1000.005562,1000.005439,1000.005261,1000.005096,1000.004967,1000.004799,1000.004608,1000.004474,1000.004296,1000.004168,1000.003989,1000.003829,1000.003681,1000.003566,1000.003359,1000.003293,1000.003153,1000.003016,1000.002896,1000.002798,1000.002736,1000.002648,1000.002590,1000.002506,1000.002465,1000.002419,1000.002403,1000.002347,1000.002372,1000.002394,1000.002297,1000.002281,1000.002194,0.000000,0.000000,0.000000,0.000000,0.000000,0.000000
0.000000,0.000000,0.000000,0.000000,0.000000,0.000000,999.988675,999.990040,999.989650,999.989579,999.989433,999.989294,999.989252,999.989140,999.989011,999.988960,999.988782,999.988575,999.988450,999.988235,999.987927,999.987660,999.987366,999.986860,999.986418,999.985781,999.985214,999.984390,999.983399,999.982656,999.980808,999.979726,999.979574,999.978385,999.977497,999.977331,999.978037,999.979724,999.982400,999.985890,999.989459,999.992976,999.996324,999.998970,1000.000864,1000.002404,1000.003715,1000.004710,1000.005437,1000.005923,1000.006260,1000.006514,1000.006681,1000.006783,1000.006848,1000.006866,1000.006863,1000.006802,1000.006733,1000.006616,1000.006496,1000.006384,1000.006229,1000.006063,1000.005897,1000.005762,1000.005563,1000.005382,1000.005179,1000.005028,1000.004822,1000.004605,1000.004415,1000.004251,1000.004079,1000.003886,1000.003718,1000.003602,1000.003407,1000.003252,1000.003148,1000.003013,1000.002908,1000.002790,1000.002673,1000.002589,1000.002510,1000.002436,1000.002436,1000.002320,1000.002248,1000.002238,1000.002237,1000.002262,1000.002181,1000.002082,1000.002653,0.000000,0.000000,0.000000,0.000000,0.000000,0.000000
0.000000,0.000000,0.000000,0.000000,0.000000,999.991288,999.990634,999.990334,999.989989,999.990048,999.989835,999.989749,999.989679,999.989511,999.989450,999.989332,999.989102,999.988992,999.988837,999.988593,999.988282,999.987993,999.987638,999.987130,999.986617,999.985967,999.985296,999.984237,999.983222,999.982110,999.980298,999.979574,999.977854,999.974672,999.973498,999.973378,999.973912,999.976244,999.979788,999.983922,999.988725,999.993270,999.997208,1000.000548,1000.002944,1000.004487,1000.005555,1000.006304,1000.006820,1000.007213,1000.007473,1000.007600,1000.007669,1000.007667,1000.007645,1000.007619,1000.007531,1000.007436,1000.007305,1000.007178,1000.006995,1000.006821,1000.006672,1000.006464,1000.006255,1000.006053,1000.005843,1000.005631,1000.005422,1000.005195,1000.005028,1000.004803,1000.004571,1000.004381,1000.004187,1000.003978,1000.003764,1000.003636,1000.003455,1000.003297,1000.003112,1000.002987,1000.002863,1000.002750,1000.002649,1000.002499,1000.002439,1000.002352,1000.002303,1000.002275,1000.002189,1000.002168,1000.002101,1000.002043,1000.002057,1000.002018,1000.001959,1000.001712,0.000000,0.000000,0.000000,0.000000,0.000000
0.000000,0.000000,0.000000,0.000000,0.000000,999.989954,999.991139,999.990682,999.990559,999.990518,999.990267,999.990177,999.990072,999.989982,999.989865,999.989735,999.989560,999.989452,999.989239,999.988962,999.988677,999.988402,999.987962,999.987471,999.986905,999.986242,999.985429,999.984292,999.983302,999.981818,999.979868,999.978385,999.974672,999.971956,999.970999,999.969077,999.969472,999.972180,999.976520,999.982975,999.989567,999.995235,999.999735,1000.002881,1000.005188,1000.006690,1000.007616,1000.008128,1000.008447,1000.008635,1000.008731,1000.008740,1000.008697,1000.008641,1000.008520,1000.008379,1000.008199,1000.008056,1000.007889,1000.007690,1000.007505,1000.007293,1000.007073,1000.006852,1000.006633,1000.006384,1000.006157,1000.005900,1000.005672,1000.005390,1000.005156,1000.004935,1000.004702,1000.004466,1000.004259,1000.004080,1000.003810,1000.003649,1000.003468,1000.003282,1000.003122,1000.002953,1000.002852,1000.002660,1000.002562,1000.002487,1000.002384,1000.002238,1000.002161,1000.002089,1000.002047,1000.002067,1000.001943,1000.001964,1000.001969,1000.001881,1000.001767,1000.002259,0.000000,0.000000,0.000000,0.000000,0.000000
0.000000,0.000000,0.000000,0.000000,999.991900,999.991631,999.991378,999.990970,999.990974,999.990840,999.990696,999.990651,999.990529,999.990424,999.990289,999.990168,999.990003,999.989867,999.989622,999.989383,999.989132,999.988799,999.988368,999.987902,999.987340,999.986611,999.985748,999.984679,999.983536,999.981681,999.979720,999.977497,999.973498,999.970999,999.966722,999.960896,999.959021,999.961439,999.968618,999.978717,999.989432,999.998477,1000.004100,1000.006993,1000.008586,1000.009434,1000.009908,1000.010145,1000.010201,1000.010159,1000.010022,1000.009894,1000.009715,1000.009564,1000.009365,1000.009174,1000.008920,1000.008734,1000.008498,1000.008269,1000.007998,1000.007760,1000.007492,1000.007234,1000.006962,1000.006705,1000.006444,1000.006159,1000.005903,1000.005627,1000.005354,1000.005079,1000.004857,1000.004600,1000.004327,1000.004116,1000.003910,1000.003670,1000.003484,1000.003224,1000.003127,1000.002939,1000.002775,1000.002633,1000.002471,1000.002346,1000.002297,1000.002211,1000.002095,1000.002052,1000.001970,1000.001897,1000.001820,1000.001784,1000.001833,1000.001799,1000.001677,1000.001651,1000.001630,0.000000,0.000000,0.000000,0.000000
0.000000,0.000000,0.000000,0.000000,999.990405,999.991457,999.991503,999.991480,999.991409,999.991202,999.991149,999.991087,999.990945,999.990848,999.990725,999.990614,999.990484,999.990301,999.990113,999.989884,999.989649,999.989312,999.988893,999.988451,999.987871,999.987137,999.986309,999.985208,999.983944,999.982025,999.980252,999.977331,999.973378,999.969077,999.960896,999.949841,999.945971,999.952813,999.963992,999.978243,999.994092,1000.004634,1000.009347,1000.011826,1000.012543,1000.012650,1000.012521,1000.012294,1000.012007,1000.011697,1000.011384,1000.011095,1000.010791,1000.010491,1000.010198,1000.009932,1000.009671,1000.009362,1000.009085,1000.008818,1000.008528,1000.008234,1000.007939,1000.007636,1000.007328,1000.007017,1000.006706,1000.006404,1000.006124,1000.005833,1000.005527,1000.005237,1000.004953,1000.004699,1000.004399,1000.004142,1000.003930,1000.003705,1000.003482,1000.003267,1000.003046,1000.002884,1000.002748,1000.002570,1000.002426,1000.002330,1000.002193,1000.002031,1000.001965,1000.001896,1000.001815,1000.001829,1000.001754,1000.001706,1000.001659,1000.001638,1000.001679,1000.001742,1000.002209,0.000000,0.000000,0.000000,0.000000
