0.000000,0.000000,0.000000,0.000000,0.000000,0.000000,0.000000,0.000000,0.000000,0.000000,0.000000,0.000000,0.000000,0.000000,0.000000,0.000000,0.000000,0.000000,0.000000,0.000000,0.000000,0.000000,0.000000,0.000000,0.000000,0.000000,0.000000,0.000000,0.000000,0.000000,0.000000,0.000000,0.000000,0.000000,0.000000,0.000000,0.000000,0.000000,0.000000,0.000000,0.000000,0.000000,0.000000,0.000000,0.000000,0.000000,0.000000,0.000000,0.000000,0.000000,0.000000,0.000000,0.000000,0.000000,0.000000,0.000000,0.000000,0.000000,0.000000,0.000000,0.000000,0.000000,0.000000,0.000000,0.000000,0.000000,0.000000,0.000000,0.000000,0.000000,0.000000,0.000000,0.000000,0.000000,0.000000,0.000000,0.000000,0.000000,0.000000,0.000000,0.000000,0.000000,0.000000,0.000000,0.000000,0.000000,0.000000,0.000000,0.000000,0.000000,0.000000,0.000000,0.000000,0.000000,0.000000,0.000000,0.000000,0.000000,0.000000,0.000000,0.000000,0.000000,0.000000
0.000000,0.000000,0.000000,0.000000,0.000000,0.000000,0.000000,0.000000,0.000000,0.000000,0.000000,0.000000,0.000000,0.000000,0.000000,0.000000,0.000000,0.000000,0.000000,0.000000,0.000000,0.000000,0.000000,0.000000,0.000000,0.000000,0.000000,0.000000,0.000000,0.000000,0.000000,0.000000,0.000000,0.000000,0.000000,0.000000,0.000000,0.000000,0.000000,0.000000,0.000000,0.000000,0.000000,0.000000,0.000000,0.000000,0.000000,0.000000,0.000000,0.000000,0.000000,1000.000074,0.000000,0.000000,0.000000,0.000000,0.000000,0.000000,0.000000,0.000000,0.000000,0.000000,0.000000,0.000000,0.000000,0.000000,0.000000,0.000000,0.000000,0.000000,0.000000,0.000000,0.000000,0.000000,0.000000,0.000000,0.000000,0.000000,0.000000,0.000000,0.000000,0.000000,0.000000,0.000000,0.000000,0.000000,0.000000,0.000000,0.000000,0.000000,0.000000,0.000000,0.000000,0.000000,0.000000,0.000000,0.000000,0.000000,0.000000,0.000000,0.000000,0.000000,0.000000
0.000000,0.000000,0.000000,0.000000,0.000000,0.000000,0.000000,0.000000,0.000000,0.000000,0.000000,0.000000,0.000000,0.000000,0.000000,0.000000,0.000000,0.000000,0.000000,0.000000,0.000000,0.000000,0.000000,0.000000,0.000000,0.000000,0.000000,0.000000,0.000000,0.000000,0.000000,0.000000,0.000000,0.000000,0.000000,0.000000,0.000000,0.000000,0.000000,0.000000,0.000000,0.000000,1000.000135,1000.000158,1000.000169,1000.000175,1000.000178,1000.000179,1000.000179,1000.000178,1000.000177,1000.000182,1000.000177,1000.000178,1000.000179,1000.000179,1000.000178,1000.000175,1000.000169,1000.000158,1000.000135,0.000000,0.000000,0.000000,0.000000,0.000000,0.000000,0.000000,0.000000,0.000000,0.000000,0.000000,0.000000,0.000000,0.000000,0.000000,0.000000,0.000000,0.000000,0.000000,0.000000,0.000000,0.000000,0.000000,0.000000,0.000000,0.000000,0.000000,0.000000,0.000000,0.000000,0.000000,0.000000,0.000000,0.000000,0.000000,0.000000,0.000000,0.000000,0.000000,0.000000,0.000000,0.000000
0.000000,0.000000,0.000000,0.000000,0.000000,0.000000,0.000000,0.000000,0.000000,0.000000,0.000000,0.000000,0.000000,0.000000,0.000000,0.000000,0.000000,0.000000,0.000000,0.000000,0.000000,0.000000,0.000000,0.000000,0.000000,0.000000,0.000000,0.000000,0.000000,0.000000,0.000000,0.000000,0.000000,0.000000,0.000000,0.000000,0.000000,1000.000130,1000.000163,1000.000189,1000.000210,1000.000227,1000.000243,1000.000257,1000.000268,1000.000275,1000.000280,1000.000282,1000.000283,1000.000283,1000.000283,1000.000283,1000.000283,1000.000283,1000.000283,1000.000282,1000.000280,1000.000275,1000.000268,1000.000257,1000.000243,1000.000227,1000.000210,1000.000189,1000.000163,1000.000130,0.000000,0.000000,0.000000,0.000000,0.000000,0.000000,0.000000,0.000000,0.000000,0.000000,0.000000,0.000000,0.000000,0.000000,0.000000,0.000000,0.000000,0.000000,0.000000,0.000000,0.000000,0.000000,0.000000,0.000000,0.000000,0.000000,0.000000,0.000000,0.000000,0.000000,0.000000,0.000000,0.000000,0.000000,0.000000,0.000000,0.000000
0.000000,0.000000,0.000000,0.000000,0.000000,0.000000,0.000000,0.000000,0.000000,0.000000,0.000000,0.000000,0.000000,0.000000,0.000000,0.000000,0.000000,0.000000,0.000000,0.000000,0.000000,0.000000,0.000000,0.000000,0.000000,0.000000,0.000000,0.000000,0.000000,0.000000,0.000000,0.000000,0.000000,0.000000,1000.000136,1000.000173,1000.000204,1000.000235,1000.000261,1000.000285,1000.000308,1000.000327,1000.000344,1000.000358,1000.000369,1000.000375,1000.000379,1000.000382,1000.000383,1000.000383,1000.000384,1000.000383,1000.000384,1000.000383,1000.000383,1000.000382,1000.000379,1000.000375,1000.000369,1000.000358,1000.000344,1000.000327,1000.000308,1000.000285,1000.000261,1000.000235,1000.000204,1000.000173,1000.000136,0.000000,0.000000,0.000000,0.000000,0.000000,0.000000,0.000000,0.000000,0.000000,0.000000,0.000000,0.000000,0.000000,0.000000,0.000000,0.000000,0.000000,0.000000,0.000000,0.000000,0.000000,0.000000,0.000000,0.000000,0.000000,0.000000,0.000000,0.000000,0.000000,0.000000,0.000000,0.000000,0.000000,0.000000
0.000000,0.000000,0.000000,0.000000,0.000000,0.000000,0.000000,0.000000,0.000000,0.000000,0.000000,0.000000,0.000000,0.000000,0.000000,0.000000,0.000000,0.000000,0.000000,0.000000,0.000000,0.000000,0.000000,0.000000,0.000000,0.000000,0.000000,0.000000,0.000000,0.000000,0.000000,0.000000,1000.000155,1000.000197,1000.000237,1000.000271,1000.000301,1000.000331,1000.000358,1000.000382,1000.000404,1000.000425,1000.000444,1000.000459,1000.000468,1000.000473,1000.000476,1000.000478,1000.000479,1000.000479,1000.000479,1000.000479,1000.000479,1000.000479,1000.000479,1000.000478,1000.000476,1000.000473,1000.000468,1000.000459,1000.000444,1000.000425,1000.000404,1000.000382,1000.000358,1000.000331,1000.000301,1000.000271,1000.000237,1000.000197,1000.000155,0.000000,0.000000,0.000000,0.000000,0.000000,0.000000,0.000000,0.000000,0.000000,0.000000,0.000000,0.000000,0.000000,0.000000,0.000000,0.000000,0.000000,0.000000,0.000000,0.000000,0.000000,0.000000,0.000000,0.000000,0.000000,0.000000,0.000000,0.000000,0.000000,0.000000,0.000000,0.000000
0.000000,0.000000,0.000000,0.000000,0.000000,0.000000,0.000000,0.000000,0.000000,0.000000,0.000000,0.000000,0.000000,0.000000,0.000000,0.000000,0.000000,0.000000,0.000000,0.000000,0.000000,0.000000,0.000000,0.000000,0.000000,0.000000,0.000000,0.000000,0.000000,0.000000,1000.000163,1000.000209,1000.000255,1000.000293,1000.000330,1000.000364,1000.000397,1000.000428,1000.000454,1000.000477,1000.000496,1000.000514,1000.000530,1000.000540,1000.000545,1000.000548,1000.000550,1000.000550,1000.000551,1000.000551,1000.000550,1000.000550,1000.000550,1000.000551,1000.000551,1000.000550,1000.000550,1000.000548,1000.000545,1000.000540,1000.000530,1000.000514,1000.000496,1000.000477,1000.000454,1000.000428,1000.000397,1000.000364,1000.000330,1000.000293,1000.000255,1000.000209,1000.000163,0.000000,0.000000,0.000000,0.000000,0.000000,0.000000,0.000000,0.000000,0.000000,0.000000,0.000000,0.000000,0.000000,0.000000,0.000000,0.000000,0.000000,0.000000,0.000000,0.000000,0.000000,0.000000,0.000000,0.000000,0.000000,0.000000,0.000000,0.000000,0.000000,0.000000
0.000000,0.000000,0.000000,0.000000,0.000000,0.000000,0.000000,0.000000,0.000000,0.000000,0.000000,0.000000,0.000000,0.000000,0.000000,0.000000,0.000000,0.000000,0.000000,0.000000,0.000000,0.000000,0.000000,0.000000,0.000000,0.000000,0.000000,0.000000,1000.000162,1000.000212,1000.000261,1000.000303,1000.000346,1000.000386,1000.000425,1000.000459,1000.000489,1000.000515,1000.000537,1000.000551,1000.000560,1000.000567,1000.000568,1000.000567,1000.000566,1000.000565,1000.000564,1000.000564,1000.000563,1000.000562,1000.000562,1000.000562,1000.000562,1000.000562,1000.000563,1000.000564,1000.000564,1000.000565,1000.000566,1000.000567,1000.000568,1000.000567,1000.000560,1000.000551,1000.000537,1000.000515,1000.000489,1000.000459,1000.000425,1000.000386,1000.000346,1000.000303,1000.000261,1000.000212,1000.000162,0.000000,0.000000,0.000000,0.000000,0.000000,0.000000,0.000000,0.000000,0.000000,0.000000,0.000000,0.000000,0.000000,0.000000,0.000000,0.000000,0.000000,0.000000,0.000000,0.000000,0.000000,0.000000,0.000000,0.000000,0.000000,0.000000,0.000000,0.000000
0.000000,0.000000,0.000000,0.000000,0.000000,0.000000,0.000000,0.000000,0.000000,0.000000,0.000000,0.000000,0.000000,0.000000,0.000000,0.000000,0.000000,0.000000,0.000000,0.000000,0.000000,0.000000,0.000000,0.000000,0.000000,0.000000,1000.000154,1000.000208,1000.000259,1000.000305,1000.000350,1000.000394,1000.000437,1000.000477,1000.000511,1000.000539,1000.000557,1000.000568,1000.000573,1000.000572,1000.000568,1000.000560,1000.000549,1000.000538,1000.000530,1000.000525,1000.000523,1000.000521,1000.000519,1000.000518,1000.000518,1000.000517,1000.000518,1000.000518,1000.000519,1000.000521,1000.000523,1000.000525,1000.000530,1000.000538,1000.000549,1000.000560,1000.000568,1000.000572,1000.000573,1000.000568,1000.000557,1000.000539,1000.000511,1000.000477,1000.000437,1000.000394,1000.000350,1000.000305,1000.000259,1000.000208,1000.000154,0.000000,0.000000,0.000000,0.000000,0.000000,0.000000,0.000000,0.000000,0.000000,0.000000,0.000000,0.000000,0.000000,0.000000,0.000000,0.000000,0.000000,0.000000,0.000000,0.000000,0.000000,0.000000,0.000000,0.000000,0.000000,0.000000
0.000000,0.000000,0.000000,0.000000,0.000000,0.000000,0.000000,0.000000,0.000000,0.000000,0.000000,0.000000,0.000000,0.000000,0.000000,0.000000,0.000000,0.000000,0.000000,0.000000,0.000000,0.000000,0.000000,0.000000,1000.000132,1000.000192,1000.000249,1000.000298,1000.000347,1000.000394,1000.000439,1000.000482,1000.000519,1000.000548,1000.000567,1000.000574,1000.000572,1000.000565,1000.000552,1000.000539,1000.000525,1000.000511,1000.000497,1000.000483,1000.000473,1000.000467,1000.000463,1000.000460,1000.000457,1000.000456,1000.000455,1000.000454,1000.000455,1000.000456,1000.000457,1000.000460,1000.000463,1000.000467,1000.000473,1000.000483,1000.000497,1000.000511,1000.000525,1000.000539,1000.000552,1000.000565,1000.000572,1000.000574,1000.000567,1000.000548,1000.000519,1000.000482,1000.000439,1000.000394,1000.000347,1000.000298,1000.000249,1000.000192,1000.000132,0.000000,0.000000,0.000000,0.000000,0.000000,0.000000,0.000000,0.000000,0.000000,0.000000,0.000000,0.000000,0.000000,0.000000,0.000000,0.000000,0.000000,0.000000,0.000000,0.000000,0.000000,0.000000,0.000000,0.000000
0.000000,0.000000,0.000000,0.000000,0.000000,0.000000,0.000000,0.000000,0.000000,0.000000,0.000000,0.000000,0.000000,0.000000,0.000000,0.000000,0.000000,0.000000,0.000000,0.000000,0.000000,0.000000,0.000000,1000.000159,1000.000224,1000.000280,1000.000334,1000.000385,1000.000435,1000.000481,1000.000520,1000.000551,1000.000569,1000.000575,1000.000569,1000.000555,1000.000537,1000.000519,1000.000500,1000.000482,1000.000467,1000.000453,1000.000439,1000.000427,1000.000417,1000.000410,1000.000404,1000.000400,1000.000397,1000.000395,1000.000394,1000.000393,1000.000394,1000.000395,1000.000397,1000.000400,1000.000404,1000.000410,1000.000417,1000.000427,1000.000439,1000.000453,1000.000467,1000.000482,1000.000500,1000.000519,1000.000537,1000.000555,1000.000569,1000.000575,1000.000569,1000.000551,1000.000520,1000.000481,1000.000435,1000.000385,1000.000334,1000.000280,1000.000224,1000.000159,0.000000,0.000000,0.000000,0.000000,0.000000,0.000000,0.000000,0.000000,0.000000,0.000000,0.000000,0.000000,0.000000,0.000000,0.000000,0.000000,0.000000,0.000000,0.000000,0.000000,0.000000,0.000000,0.000000
0.000000,0.000000,0.000000,0.000000,0.000000,0.000000,0.000000,0.000000,0.000000,0.000000,0.000000,0.000000,0.000000,0.000000,0.000000,0.000000,0.000000,0.000000,0.000000,0.000000,0.000000,1000.000118,1000.000185,1000.000249,1000.000307,1000.000364,1000.000421,1000.000472,1000.000516,1000.000549,1000.000569,1000.000576,1000.000569,1000.000552,1000.000529,1000.000505,1000.000482,1000.000462,1000.000443,1000.000426,1000.000410,1000.000396,1000.000383,1000.000371,1000.000362,1000.000354,1000.000347,1000.000342,1000.000339,1000.000336,1000.000335,1000.000335,1000.000335,1000.000336,1000.000339,1000.000342,1000.000347,1000.000354,1000.000362,1000.000371,1000.000383,1000.000396,1000.000410,1000.000426,1000.000443,1000.000462,1000.000482,1000.000505,1000.000529,1000.000552,1000.000569,1000.000576,1000.000569,1000.000549,1000.000516,1000.000472,1000.000421,1000.000364,1000.000307,1000.000249,1000.000185,1000.000118,0.000000,0.000000,0.000000,0.000000,0.000000,0.000000,0.000000,0.000000,0.000000,0.000000,0.000000,0.000000,0.000000,0.000000,0.000000,0.000000,0.000000,0.000000,0.000000,0.000000,0.000000
0.000000,0.000000,0.000000,0.000000,0.000000,0.000000,0.000000,0.000000,0.000000,0.000000,0.000000,0.000000,0.000000,0.000000,0.000000,0.000000,0.000000,0.000000,0.000000,0.000000,1000.000137,1000.000208,1000.000268,1000.000328,1000.000388,1000.000448,1000.000501,1000.000542,1000.000566,1000.000575,1000.000569,1000.000551,1000.000527,1000.000501,1000.000474,1000.000449,1000.000427,1000.000407,1000.000389,1000.000371,1000.000355,1000.000341,1000.000328,1000.000316,1000.000307,1000.000298,1000.000292,1000.000286,1000.000283,1000.000280,1000.000278,1000.000278,1000.000278,1000.000280,1000.000283,1000.000286,1000.000292,1000.000298,1000.000307,1000.000316,1000.000328,1000.000341,1000.000355,1000.000371,1000.000389,1000.000407,1000.000427,1000.000449,1000.000474,1000.000501,1000.000527,1000.000551,1000.000569,1000.000575,1000.000566,1000.000542,1000.000501,1000.000448,1000.000388,1000.000328,1000.000268,1000.000208,1000.000137,0.000000,0.000000,0.000000,0.000000,0.000000,0.000000,0.000000,0.000000,0.000000,0.000000,0.000000,0.000000,0.000000,0.000000,0.000000,0.000000,0.000000,0.000000,0.000000,0.000000
0.000000,0.000000,0.000000,0.000000,0.000000,0.000000,0.000000,0.000000,0.000000,0.000000,0.000000,0.000000,0.000000,0.000000,0.000000,0.000000,0.000000,0.000000,0.000000,1000.000153,1000.000225,1000.000288,1000.000348,1000.000408,1000.000467,1000.000519,1000.000557,1000.000573,1000.000569,1000.000552,1000.000528,1000.000501,1000.000472,1000.000445,1000.000420,1000.000396,1000.000375,1000.000354,1000.000335,1000.000318,1000.000302,1000.000287,1000.000274,1000.000263,1000.000253,1000.000244,1000.000237,1000.000232,1000.000228,1000.000225,1000.000223,1000.000222,1000.000223,1000.000225,1000.000228,1000.000232,1000.000237,1000.000244,1000.000253,1000.000263,1000.000274,1000.000287,1000.000302,1000.000318,1000.000335,1000.000354,1000.000375,1000.000396,1000.000420,1000.000445,1000.000472,1000.000501,1000.000528,1000.000552,1000.000569,1000.000573,1000.000557,1000.000519,1000.000467,1000.000408,1000.000348,1000.000288,1000.000225,1000.000153,0.000000,0.000000,0.000000,0.000000,0.000000,0.000000,0.000000,0.000000,0.000000,0.000000,0.000000,0.000000,0.000000,0.000000,0.000000,0.000000,0.000000,0.000000,0.000000
0.000000,0.000000,0.000000,0.000000,0.000000,0.000000,0.000000,0.000000,0.000000,0.000000,0.000000,0.000000,0.000000,0.000000,0.000000,0.000000,0.000000,0.000000,1000.000163,1000.000237,1000.000303,1000.000366,1000.000429,1000.000486,1000.000533,1000.000566,1000.000574,1000.000559,1000.000534,1000.000504,1000.000474,1000.000446,1000.000418,1000.000392,1000.000368,1000.000344,1000.000322,1000.000302,1000.000283,1000.000265,1000.000249,1000.000235,1000.000222,1000.000210,1000.000200,1000.000192,1000.000185,1000.000179,1000.000175,1000.000171,1000.000170,1000.000169,1000.000170,1000.000171,1000.000175,1000.000179,1000.000185,1000.000192,1000.000200,1000.000210,1000.000222,1000.000235,1000.000249,1000.000265,1000.000283,1000.000302,1000.000322,1000.000344,1000.000368,1000.000392,1000.000418,1000.000446,1000.000474,1000.000504,1000.000534,1000.000559,1000.000574,1000.000566,1000.000533,1000.000486,1000.000429,1000.000366,1000.000303,1000.000237,1000.000163,0.000000,0.000000,0.000000,0.000000,0.000000,0.000000,0.000000,0.000000,0.000000,0.000000,0.000000,0.000000,0.000000,0.000000,0.000000,0.000000,0.000000,0.000000
0.000000,0.000000,0.000000,0.000000,0.000000,0.000000,0.000000,0.000000,0.000000,0.000000,0.000000,0.000000,0.000000,0.000000,0.000000,0.000000,0.000000,1000.000168,1000.000245,1000.000313,1000.000379,1000.000446,1000.000504,1000.000547,1000.000571,1000.000573,1000.000552,1000.000519,1000.000484,1000.000452,1000.000423,1000.000394,1000.000368,1000.000342,1000.000317,1000.000293,1000.000271,1000.000251,1000.000232,1000.000214,1000.000198,1000.000184,1000.000171,1000.000159,1000.000149,1000.000140,1000.000133,1000.000127,1000.000123,1000.000120,1000.000118,1000.000117,1000.000118,1000.000120,1000.000123,1000.000127,1000.000133,1000.000140,1000.000149,1000.000159,1000.000171,1000.000184,1000.000198,1000.000214,1000.000232,1000.000251,1000.000271,1000.000293,1000.000317,1000.000342,1000.000368,1000.000394,1000.000423,1000.000452,1000.000484,1000.000519,1000.000552,1000.000573,1000.000571,1000.000547,1000.000504,1000.000446,1000.000379,1000.000313,1000.000245,1000.000168,0.000000,0.000000,0.000000,0.000000,0.000000,0.000000,0.000000,0.000000,0.000000,0.000000,0.000000,0.000000,0.000000,0.000000,0.000000,0.000000,0.000000
0.000000,0.000000,0.000000,0.000000,0.000000,0.000000,0.000000,0.000000,0.000000,0.000000,0.000000,0.000000,0.000000,0.000000,0.000000,0.000000,1000.000169,1000.000248,1000.000318,1000.000387,1000.000455,1000.000515,1000.000557,1000.000573,1000.000566,1000.000543,1000.000508,1000.000470,1000.000434,1000.000403,1000.000374,1000.000345,1000.000317,1000.000291,1000.000267,1000.000244,1000.000222,1000.000201,1000.000182,1000.000165,1000.000149,1000.000134,1000.000121,1000.000110,1000.000099,1000.000091,1000.000083,1000.000077,1000.000073,1000.000069,1000.000067,1000.000067,1000.000067,1000.000069,1000.000073,1000.000077,1000.000083,1000.000091,1000.000099,1000.000110,1000.000121,1000.000134,1000.000149,1000.000165,1000.000182,1000.000201,1000.000222,1000.000244,1000.000267,1000.000291,1000.000317,1000.000345,1000.000374,1000.000403,1000.000434,1000.000470,1000.000508,1000.000543,1000.000566,1000.000573,1000.000557,1000.000515,1000.000455,1000.000387,1000.000318,1000.000248,1000.000169,0.000000,0.000000,0.000000,0.000000,0.000000,0.000000,0.000000,0.000000,0.000000,0.000000,0.000000,0.000000,0.000000,0.000000,0.000000,0.000000
0.000000,0.000000,0.000000,0.000000,0.000000,0.000000,0.000000,0.000000,0.000000,0.000000,0.000000,0.000000,0.000000,0.000000,0.000000,1000.000168,1000.000248,1000.000319,1000.000390,1000.000459,1000.000520,1000.000562,1000.000574,1000.000558,1000.000529,1000.000495,1000.000457,1000.000421,1000.000388,1000.000356,1000.000325,1000.000296,1000.000269,1000.000243,1000.000219,1000.000195,1000.000173,1000.000153,1000.000134,1000.000117,1000.000101,1000.000086,1000.000073,1000.000061,1000.000051,1000.000042,1000.000035,1000.000029,1000.000024,1000.000021,1000.000019,1000.000018,1000.000019,1000.000021,1000.000024,1000.000029,1000.000035,1000.000042,1000.000051,1000.000061,1000.000073,1000.000086,1000.000101,1000.000117,1000.000134,1000.000153,1000.000173,1000.000195,1000.000219,1000.000243,1000.000269,1000.000296,1000.000325,1000.000356,1000.000388,1000.000421,1000.000457,1000.000495,1000.000529,1000.000558,1000.000574,1000.000562,1000.000520,1000.000459,1000.000390,1000.000319,1000.000248,1000.000168,0.000000,0.000000,0.000000,0.000000,0.000000,0.000000,0.000000,0.000000,0.000000,0.000000,0.000000,0.000000,0.000000,0.000000,0.000000
0.000000,0.000000,0.000000,0.000000,0.000000,0.000000,0.000000,0.000000,0.000000,0.000000,0.000000,0.000000,0.000000,0.000000,1000.000163,1000.000245,1000.000318,1000.000390,1000.000461,1000.000522,1000.000564,1000.000574,1000.000554,1000.000520,1000.000482,1000.000444,1000.000408,1000.000374,1000.000341,1000.000309,1000.000278,1000.000250,1000.000222,1000.000196,1000.000171,1000.000148,1000.000126,1000.000106,1000.000087,1000.000070,1000.000054,1000.000039,1000.000026,1000.000014,1000.000004,999.999995,999.999987,999.999981,999.999977,999.999973,999.999971,999.999971,999.999971,999.999973,999.999977,999.999981,999.999987,999.999995,1000.000004,1000.000014,1000.000026,1000.000039,1000.000054,1000.000070,1000.000087,1000.000106,1000.000126,1000.000148,1000.000171,1000.000196,1000.000222,1000.000250,1000.000278,1000.000309,1000.000341,1000.000374,1000.000408,1000.000444,1000.000482,1000.000520,1000.000554,1000.000574,1000.000564,1000.000522,1000.000461,1000.000390,1000.000318,1000.000245,1000.000163,0.000000,0.000000,0.000000,0.000000,0.000000,0.000000,0.000000,0.000000,0.000000,0.000000,0.000000,0.000000,0.000000,0.000000
0.000000,0.000000,0.000000,0.000000,0.000000,0.000000,0.000000,0.000000,0.000000,0.000000,0.000000,0.000000,0.000000,1000.000153,1000.000237,1000.000313,1000.000387,1000.000459,1000.000522,1000.000564,1000.000574,1000.000553,1000.000516,1000.000474,1000.000434,1000.000398,1000.000363,1000.000329,1000.000295,1000.000263,1000.000233,1000.000204,1000.000177,1000.000150,1000.000126,1000.000103,1000.000081,1000.000061,1000.000042,1000.000024,1000.000008,999.999994,999.999980,999.999969,999.999958,999.999949,999.999942,999.999936,999.999931,999.999927,999.999925,999.999925,999.999925,999.999927,999.999931,999.999936,999.999942,999.999949,999.999958,999.999969,999.999980,999.999994,1000.000008,1000.000024,1000.000042,1000.000061,1000.000081,1000.000103,1000.000126,1000.000150,1000.000177,1000.000204,1000.000233,1000.000263,1000.000295,1000.000329,1000.000363,1000.000398,1000.000434,1000.000474,1000.000516,1000.000553,1000.000574,1000.000564,1000.000522,1000.000459,1000.000387,1000.000313,1000.000237,1000.000153,0.000000,0.000000,0.000000,0.000000,0.000000,0.000000,0.000000,0.000000,0.000000,0.000000,0.000000,0.000000,0.000000
0.000000,0.000000,0.000000,0.000000,0.000000,0.000000,0.000000,0.000000,0.000000,0.000000,0.000000,0.000000,1000.000137,1000.000225,1000.000303,1000.000379,1000.000455,1000.000520,1000.000564,1000.000574,1000.000552,1000.000515,1000.000471,1000.000429,1000.000391,1000.000355,1000.000319,1000.000284,1000.000251,1000.000219,1000.000189,1000.000160,1000.000132,1000.000106,1000.000082,1000.000059,1000.000037,1000.000016,999.999998,999.999980,999.999964,999.999949,999.999936,999.999924,999.999914,999.999905,999.999897,999.999891,999.999886,999.999883,999.999881,999.999880,999.999881,999.999883,999.999886,999.999891,999.999897,999.999905,999.999914,999.999924,999.999936,999.999949,999.999964,999.999980,999.999998,1000.000016,1000.000037,1000.000059,1000.000082,1000.000106,1000.000132,1000.000160,1000.000189,1000.000219,1000.000251,1000.000284,1000.000319,1000.000355,1000.000391,1000.000429,1000.000471,1000.000515,1000.000552,1000.000574,1000.000564,1000.000520,1000.000455,1000.000379,1000.000303,1000.000225,1000.000137,0.000000,0.000000,0.000000,0.000000,0.000000,0.000000,0.000000,0.000000,0.000000,0.000000,0.000000,0.000000
0.000000,0.000000,0.000000,0.000000,0.000000,0.000000,0.000000,0.000000,0.000000,0.000000,0.000000,1000.000118,1000.000208,1000.000288,1000.000366,1000.000446,1000.000515,1000.000562,1000.000574,1000.000553,1000.000515,1000.000470,1000.000427,1000.000387,1000.000349,1000.000311,1000.000275,1000.000241,1000.000208,1000.000176,1000.000146,1000.000117,1000.000090,1000.000064,1000.000039,1000.000016,999.999994,999.999974,999.999955,999.999937,999.999921,999.999907,999.999893,999.999882,999.999871,999.999862,999.999854,999.999848,999.999843,999.999840,999.999838,999.999837,999.999838,999.999840,999.999843,999.999848,999.999854,999.999862,999.999871,999.999882,999.999893,999.999907,999.999921,999.999937,999.999955,999.999974,999.999994,1000.000016,1000.000039,1000.000064,1000.000090,1000.000117,1000.000146,1000.000176,1000.000208,1000.000241,1000.000275,1000.000311,1000.000349,1000.000387,1000.000427,1000.000470,1000.000515,1000.000553,1000.000574,1000.000562,1000.000515,1000.000446,1000.000366,1000.000288,1000.000208,1000.000118,0.000000,0.000000,0.000000,0.000000,0.000000,0.000000,0.000000,0.000000,0.000000,0.000000,0.000000
0.000000,0.000000,0.000000,0.000000,0.000000,0.000000,0.000000,0.000000,0.000000,0.000000,0.000000,1000.000185,1000.000268,1000.000348,1000.000429,1000.000504,1000.000557,1000.000574,1000.000554,1000.000516,1000.000471,1000.000427,1000.000386,1000.000347,1000.000307,1000.000270,1000.000234,1000.000200,1000.000167,1000.000135,1000.000105,1000.000076,1000.000048,1000.000022,999.999998,999.999975,999.999953,999.999932,999.999913,999.999896,999.999880,999.999865,999.999852,999.999840,999.999830,999.999821,999.999813,999.999807,999.999802,999.999798,999.999796,999.999796,999.999796,999.999798,999.999802,999.999807,999.999813,999.999821,999.999830,999.999840,999.999852,999.999865,999.999880,999.999896,999.999913,999.999932,999.999953,999.999975,999.999998,1000.000022,1000.000048,1000.000076,1000.000105,1000.000135,1000.000167,1000.000200,1000.000234,1000.000270,1000.000307,1000.000347,1000.000386,1000.000427,1000.000471,1000.000516,1000.000554,1000.000574,1000.000557,1000.000504,1000.000429,1000.000348,1000.000268,1000.000185,0.000000,0.000000,0.000000,0.000000,0.000000,0.000000,0.000000,0.000000,0.000000,0.000000,0.000000
0.000000,0.000000,0.000000,0.000000,0.000000,0.000000,0.000000,0.000000,0.000000,0.000000,1000.000159,1000.000249,1000.000328,1000.000408,1000.000486,1000.000547,1000.000573,1000.000558,1000.000520,1000.000474,1000.000429,1000.000387,1000.000347,1000.000306,1000.000267,1000.000230,1000.000194,1000.000160,1000.000126,1000.000095,1000.000065,1000.000036,1000.000008,999.999982,999.999958,999.999935,999.999913,999.999892,999.999874,999.999856,999.999840,999.999825,999.999812,999.999800,999.999790,999.999781,999.999773,999.999767,999.999762,999.999758,999.999756,999.999756,999.999756,999.999758,999.999762,999.999767,999.999773,999.999781,999.999790,999.999800,999.999812,999.999825,999.999840,999.999856,999.999874,999.999892,999.999913,999.999935,999.999958,999.999982,1000.000008,1000.000036,1000.000065,1000.000095,1000.000126,1000.000160,1000.000194,1000.000230,1000.000267,1000.000306,1000.000347,1000.000387,1000.000429,1000.000474,1000.000520,1000.000558,1000.000573,1000.000547,1000.000486,1000.000408,1000.000328,1000.000249,1000.000159,0.000000,0.000000,0.000000,0.000000,0.000000,0.000000,0.000000,0.000000,0.000000,0.000000
0.000000,0.000000,0.000000,0.000000,0.000000,0.000000,0.000000,0.000000,0.000000,1000.000132,1000.000224,1000.000307,1000.000388,1000.000467,1000.000533,1000.000571,1000.000566,1000.000529,1000.000482,1000.000434,1000.000391,1000.000349,1000.000307,1000.000267,1000.000229,1000.000191,1000.000155,1000.000121,1000.000088,1000.000056,1000.000026,999.999997,999.999970,999.999944,999.999919,999.999896,999.999874,999.999854,999.999835,999.999817,999.999801,999.999787,999.999773,999.999761,999.999751,999.999742,999.999734,999.999728,999.999723,999.999720,999.999718,999.999717,999.999718,999.999720,999.999723,999.999728,999.999734,999.999742,999.999751,999.999761,999.999773,999.999787,999.999801,999.999817,999.999835,999.999854,999.999874,999.999896,999.999919,999.999944,999.999970,999.999997,1000.000026,1000.000056,1000.000088,1000.000121,1000.000155,1000.000191,1000.000229,1000.000267,1000.000307,1000.000349,1000.000391,1000.000434,1000.000482,1000.000529,1000.000566,1000.000571,1000.000533,1000.000467,1000.000388,1000.000307,1000.000224,1000.000132,0.000000,0.000000,0.000000,0.000000,0.000000,0.000000,0.000000,0.000000,0.000000
0.000000,0.000000,0.000000,0.000000,0.000000,0.000000,0.000000,0.000000,0.000000,1000.000192,1000.000280,1000.000364,1000.000448,1000.000519,1000.000566,1000.000573,1000.000543,1000.000495,1000.000444,1000.000398,1000.000355,1000.000311,1000.000270,1000.000230,1000.000191,1000.000154,1000.000118,1000.000084,1000.000051,1000.000019,999.999989,999.999960,999.999933,999.999907,999.999882,999.999859,999.999837,999.999817,999.999798,999.999780,999.999764,999.999749,999.999736,999.999724,999.999714,999.999705,999.999697,999.999691,999.999686,999.999682,999.999680,999.999680,999.999680,999.999682,999.999686,999.999691,999.999697,999.999705,999.999714,999.999724,999.999736,999.999749,999.999764,999.999780,999.999798,999.999817,999.999837,999.999859,999.999882,999.999907,999.999933,999.999960,999.999989,1000.000019,1000.000051,1000.000084,1000.000118,1000.000154,1000.000191,1000.000230,1000.000270,1000.000311,1000.000355,1000.000398,1000.000444,1000.000495,1000.000543,1000.000573,1000.000566,1000.000519,1000.000448,1000.000364,1000.000280,1000.000192,0.000000,0.000000,0.000000,0.000000,0.000000,0.000000,0.000000,0.000000,0.000000
0.000000,0.000000,0.000000,0.000000,0.000000,0.000000,0.000000,0.000000,1000.000154,1000.000249,1000.000334,1000.000421,1000.000501,1000.000557,1000.000574,1000.000552,1000.000508,1000.000457,1000.000408,1000.000363,1000.000319,1000.000275,1000.000234,1000.000194,1000.000155,1000.000118,1000.000082,1000.000048,1000.000015,999.999983,999.999953,999.999924,999.999897,999.999871,999.999846,999.999823,999.999801,999.999781,999.999762,999.999744,999.999728,999.999714,999.999700,999.999688,999.999678,999.999669,999.999661,999.999655,999.999650,999.999647,999.999644,999.999644,999.999644,999.999647,999.999650,999.999655,999.999661,999.999669,999.999678,999.999688,999.999700,999.999714,999.999728,999.999744,999.999762,999.999781,999.999801,999.999823,999.999846,999.999871,999.999897,999.999924,999.999953,999.999983,1000.000015,1000.000048,1000.000082,1000.000118,1000.000155,1000.000194,1000.000234,1000.000275,1000.000319,1000.000363,1000.000408,1000.000457,1000.000508,1000.000552,1000.000574,1000.000557,1000.000501,1000.000421,1000.000334,1000.000249,1000.000154,0.000000,0.000000,0.000000,0.000000,0.000000,0.000000,0.000000,0.000000
0.000000,0.000000,0.000000,0.000000,0.000000,0.000000,0.000000,0.000000,1000.000208,1000.000298,1000.000385,1000.000472,1000.000542,1000.000573,1000.000559,1000.000519,1000.000470,1000.000421,1000.000374,1000.000329,1000.000284,1000.000241,1000.000200,1000.000160,1000.000121,1000.000084,1000.000048,1000.000013,999.999980,999.999949,999.999919,999.999890,999.999862,999.999836,999.999812,999.999789,999.999767,999.999747,999.999728,999.999710,999.999694,999.999679,999.999666,999.999654,999.999644,999.999634,999.999627,999.999620,999.999616,999.999612,999.999610,999.999609,999.999610,999.999612,999.999616,999.999620,999.999627,999.999634,999.999644,999.999654,999.999666,999.999679,999.999694,999.999710,999.999728,999.999747,999.999767,999.999789,999.999812,999.999836,999.999862,999.999890,999.999919,999.999949,999.999980,1000.000013,1000.000048,1000.000084,1000.000121,1000.000160,1000.000200,1000.000241,1000.000284,1000.000329,1000.000374,1000.000421,1000.000470,1000.000519,1000.000559,1000.000573,1000.000542,1000.000472,1000.000385,1000.000298,1000.000208,0.000000,0.000000,0.000000,0.000000,0.000000,0.000000,0.000000,0.000000
0.000000,0.000000,0.000000,0.000000,0.000000,0.000000,0.000000,1000.000162,1000.000259,1000.000347,1000.000435,1000.000516,1000.000566,1000.000569,1000.000534,1000.000484,1000.000434,1000.000388,1000.000341,1000.000295,1000.000251,1000.000208,1000.000167,1000.000126,1000.000088,1000.000051,1000.000015,999.999980,999.999947,999.999916,999.999886,999.999857,999.999829,999.999803,999.999779,999.999756,999.999734,999.999714,999.999695,999.999677,999.999661,999.999646,999.999633,999.999621,999.999610,999.999601,999.999594,999.999587,999.999583,999.999579,999.999577,999.999576,999.999577,999.999579,999.999583,999.999587,999.999594,999.999601,999.999610,999.999621,999.999633,999.999646,999.999661,999.999677,999.999695,999.999714,999.999734,999.999756,999.999779,999.999803,999.999829,999.999857,999.999886,999.999916,999.999947,999.999980,1000.000015,1000.000051,1000.000088,1000.000126,1000.000167,1000.000208,1000.000251,1000.000295,1000.000341,1000.000388,1000.000434,1000.000484,1000.000534,1000.000569,1000.000566,1000.000516,1000.000435,1000.000347,1000.000259,1000.000162,0.000000,0.000000,0.000000,0.000000,0.000000,0.000000,0.000000
0.000000,0.000000,0.000000,0.000000,0.000000,0.000000,0.000000,1000.000212,1000.000305,1000.000394,1000.000481,1000.000549,1000.000575,1000.000552,1000.000504,1000.000452,1000.000403,1000.000356,1000.000309,1000.000263,1000.000219,1000.000176,1000.000135,1000.000095,1000.000056,1000.000019,999.999983,999.999949,999.999916,999.999884,999.999854,999.999825,999.999798,999.999772,999.999747,999.999724,999.999702,999.999682,999.999663,999.999645,999.999629,999.999615,999.999601,999.999589,999.999579,999.999570,999.999562,999.999556,999.999551,999.999547,999.999545,999.999545,999.999545,999.999547,999.999551,999.999556,999.999562,999.999570,999.999579,999.999589,999.999601,999.999615,999.999629,999.999645,999.999663,999.999682,999.999702,999.999724,999.999747,999.999772,999.999798,999.999825,999.999854,999.999884,999.999916,999.999949,999.999983,1000.000019,1000.000056,1000.000095,1000.000135,1000.000176,1000.000219,1000.000263,1000.000309,1000.000356,1000.000403,1000.000452,1000.000504,1000.000552,1000.000575,1000.000549,1000.000481,1000.000394,1000.000305,1000.000212,0.000000,0.000000,0.000000,0.000000,0.000000,0.000000,0.000000
0.000000,0.000000,0.000000,0.000000,0.000000,0.000000,1000.000163,1000.000261,1000.000350,1000.000439,1000.000520,1000.000569,1000.000569,1000.000528,1000.000474,1000.000423,1000.000374,1000.000325,1000.000278,1000.000233,1000.000189,1000.000146,1000.000105,1000.000065,1000.000026,999.999989,999.999953,999.999919,999.999886,999.999854,999.999824,999.999795,999.999768,999.999742,999.999717,999.999694,999.999672,999.999652,999.999633,999.999615,999.999599,999.999584,999.999571,999.999559,999.999549,999.999540,999.999532,999.999526,999.999521,999.999517,999.999515,999.999514,999.999515,999.999517,999.999521,999.999526,999.999532,999.999540,999.999549,999.999559,999.999571,999.999584,999.999599,999.999615,999.999633,999.999652,999.999672,999.999694,999.999717,999.999742,999.999768,999.999795,999.999824,999.999854,999.999886,999.999919,999.999953,999.999989,1000.000026,1000.000065,1000.000105,1000.000146,1000.000189,1000.000233,1000.000278,1000.000325,1000.000374,1000.000423,1000.000474,1000.000528,1000.000569,1000.000569,1000.000520,1000.000439,1000.000350,1000.000261,1000.000163,0.000000,0.000000,0.000000,0.000000,0.000000,0.000000
0.000000,0.000000,0.000000,0.000000,0.000000,0.000000,1000.000209,1000.000303,1000.000394,1000.000482,1000.000551,1000.000576,1000.000551,1000.000501,1000.000446,1000.000394,1000.000345,1000.000296,1000.000250,1000.000204,1000.000160,1000.000117,1000.000076,1000.000036,999.999997,999.999960,999.999924,999.999890,999.999857,999.999825,999.999795,999.999766,999.999739,999.999713,999.999688,999.999665,999.999643,999.999623,999.999604,999.999587,999.999570,999.999556,999.999542,999.999530,999.999520,999.999511,999.999503,999.999497,999.999492,999.999488,999.999486,999.999486,999.999486,999.999488,999.999492,999.999497,999.999503,999.999511,999.999520,999.999530,999.999542,999.999556,999.999570,999.999587,999.999604,999.999623,999.999643,999.999665,999.999688,999.999713,999.999739,999.999766,999.999795,999.999825,999.999857,999.999890,999.999924,999.999960,999.999997,1000.000036,1000.000076,1000.000117,1000.000160,1000.000204,1000.000250,1000.000296,1000.000345,1000.000394,1000.000446,1000.000501,1000.000551,1000.000576,1000.000551,1000.000482,1000.000394,1000.000303,1000.000209,0.000000,0.000000,0.000000,0.000000,0.000000,0.000000
0.000000,0.000000,0.000000,0.000000,0.000000,1000.000155,1000.000255,1000.000346,1000.000437,1000.000519,1000.000569,1000.000569,1000.000527,1000.000472,1000.000418,1000.000368,1000.000317,1000.000269,1000.000222,1000.000177,1000.000132,1000.000090,1000.000048,1000.000008,999.999970,999.999933,999.999897,999.999862,999.999829,999.999798,999.999768,999.999739,999.999711,999.999685,999.999661,999.999638,999.999616,999.999596,999.999577,999.999559,999.999543,999.999528,999.999515,999.999503,999.999492,999.999483,999.999476,999.999469,999.999464,999.999461,999.999459,999.999458,999.999459,999.999461,999.999464,999.999469,999.999476,999.999483,999.999492,999.999503,999.999515,999.999528,999.999543,999.999559,999.999577,999.999596,999.999616,999.999638,999.999661,999.999685,999.999711,999.999739,999.999768,999.999798,999.999829,999.999862,999.999897,999.999933,999.999970,1000.000008,1000.000048,1000.000090,1000.000132,1000.000177,1000.000222,1000.000269,1000.000317,1000.000368,1000.000418,1000.000472,1000.000527,1000.000569,1000.000569,1000.000519,1000.000437,1000.000346,1000.000255,1000.000155,0.000000,0.000000,0.000000,0.000000,0.000000
0.000000,0.000000,0.000000,0.000000,0.000000,1000.000197,1000.000293,1000.000386,1000.000477,1000.000548,1000.000575,1000.000552,1000.000501,1000.000445,1000.000392,1000.000342,1000.000291,1000.000243,1000.000196,1000.000150,1000.000106,1000.000064,1000.000022,999.999982,999.999944,999.999907,999.999871,999.999836,999.999803,999.999772,999.999742,999.999713,999.999685,999.999660,999.999635,999.999612,999.999590,999.999570,999.999551,999.999533,999.999517,999.999502,999.999489,999.999477,999.999467,999.999457,999.999450,999.999443,999.999438,999.999435,999.999433,999.999432,999.999433,999.999435,999.999438,999.999443,999.999450,999.999457,999.999467,999.999477,999.999489,999.999502,999.999517,999.999533,999.999551,999.999570,999.999590,999.999612,999.999635,999.999660,999.999685,999.999713,999.999742,999.999772,999.999803,999.999836,999.999871,999.999907,999.999944,999.999982,1000.000022,1000.000064,1000.000106,1000.000150,1000.000196,1000.000243,1000.000291,1000.000342,1000.000392,1000.000445,1000.000501,1000.000552,1000.000575,1000.000548,1000.000477,1000.000386,1000.000293,1000.000197,0.000000,0.000000,0.000000,0.000000,0.000000
0.000000,0.000000,0.000000,0.000000,1000.000136,1000.000237,1000.000330,1000.000425,1000.000511,1000.000567,1000.000569,1000.000529,1000.000474,1000.000420,1000.000368,1000.000317,1000.000267,1000.000219,1000.000171,1000.000126,1000.000082,1000.000039,999.999998,999.999958,999.999919,999.999882,999.999846,999.999812,999.999779,999.999747,999.999717,999.999688,999.999661,999.999635,999.999610,999.999587,999.999565,999.999545,999.999526,999.999509,999.999492,999.999478,999.999464,999.999452,999.999442,999.999433,999.999425,999.999419,999.999414,999.999410,999.999408,999.999408,999.999408,999.999410,999.999414,999.999419,999.999425,999.999433,999.999442,999.999452,999.999464,999.999478,999.999492,999.999509,999.999526,999.999545,999.999565,999.999587,999.999610,999.999635,999.999661,999.999688,999.999717,999.999747,999.999779,999.999812,999.999846,999.999882,999.999919,999.999958,999.999998,1000.000039,1000.000082,1000.000126,1000.000171,1000.000219,1000.000267,1000.000317,1000.000368,1000.000420,1000.000474,1000.000529,1000.000569,1000.000567,1000.000511,1000.000425,1000.000330,1000.000237,1000.000136,0.000000,0.000000,0.000000,0.000000
0.000000,0.000000,0.000000,0.000000,1000.000173,1000.000271,1000.000364,1000.000459,1000.000539,1000.000574,1000.000555,1000.000505,1000.000449,1000.000396,1000.000344,1000.000293,1000.000244,1000.000195,1000.000148,1000.000103,1000.000059,1000.000016,999.999975,999.999935,999.999896,999.999859,999.999823,999.999789,999.999756,999.999724,999.999694,999.999665,999.999638,999.999612,999.999587,999.999564,999.999542,999.999522,999.999503,999.999485,999.999469,999.999455,999.999441,999.999429,999.999419,999.999410,999.999402,999.999396,999.999391,999.999387,999.999385,999.999384,999.999385,999.999387,999.999391,999.999396,999.999402,999.999410,999.999419,999.999429,999.999441,999.999455,999.999469,999.999485,999.999503,999.999522,999.999542,999.999564,999.999587,999.999612,999.999638,999.999665,999.999694,999.999724,999.999756,999.999789,999.999823,999.999859,999.999896,999.999935,999.999975,1000.000016,1000.000059,1000.000103,1000.000148,1000.000195,1000.000244,1000.000293,1000.000344,1000.000396,1000.000449,1000.000505,1000.000555,1000.000574,1000.000539,1000.000459,1000.000364,1000.000271,1000.000173,0.000000,0.000000,0.000000,0.000000
