0.000000,0.000000,0.000000,0.000000,0.000000,0.000000,0.000000,0.000000,0.000000,0.000000,0.000000,0.000000,0.000000,0.000000,0.000000,0.000000,0.000000,0.000000,0.000000,0.000000,0.000000,0.000000,0.000000,0.000000,0.000000,0.000000,0.000000,0.000000,0.000000,0.000000,0.000000,0.000000,0.000000,0.000000,0.000000,0.000000,0.000000,0.000000,0.000000,0.000000,0.000000,0.000000,0.000000,0.000000,0.000000,0.000000,0.000000,0.000000,0.000000,0.000000,0.000000,0.000000,0.000000,0.000000,0.000000,0.000000,0.000000,0.000000,0.000000,0.000000,0.000000,0.000000,0.000000,0.000000,0.000000,0.000000,0.000000,0.000000,0.000000,0.000000,0.000000,0.000000,0.000000,0.000000,0.000000,0.000000,0.000000,0.000000,0.000000,0.000000,0.000000,0.000000,0.000000,0.000000,0.000000,0.000000,0.000000,0.000000,0.000000,0.000000,0.000000,0.000000,0.000000,0.000000,0.000000,0.000000,0.000000,0.000000,0.000000,0.000000,0.000000,0.000000,0.000000
0.000000,0.000000,0.000000,0.000000,0.000000,0.000000,0.000000,0.000000,0.000000,0.000000,0.000000,0.000000,0.000000,0.000000,0.000000,0.000000,0.000000,0.000000,0.000000,0.000000,0.000000,0.000000,0.000000,0.000000,0.000000,0.000000,0.000000,0.000000,0.000000,0.000000,0.000000,0.000000,0.000000,0.000000,0.000000,0.000000,0.000000,0.000000,0.000000,0.000000,0.000000,0.000000,0.000000,0.000000,0.000000,0.000000,0.000000,0.000000,0.000000,0.000000,0.000000,999.999616,0.000000,0.000000,0.000000,0.000000,0.000000,0.000000,0.000000,0.000000,0.000000,0.000000,0.000000,0.000000,0.000000,0.000000,0.000000,0.000000,0.000000,0.000000,0.000000,0.000000,0.000000,0.000000,0.000000,0.000000,0.000000,0.000000,0.000000,0.000000,0.000000,0.000000,0.000000,0.000000,0.000000,0.000000,0.000000,0.000000,0.000000,0.000000,0.000000,0.000000,0.000000,0.000000,0.000000,0.000000,0.000000,0.000000,0.000000,0.000000,0.000000,0.000000,0.000000
0.000000,0.000000,0.000000,0.000000,0.000000,0.000000,0.000000,0.000000,0.000000,0.000000,0.000000,0.000000,0.000000,0.000000,0.000000,0.000000,0.000000,0.000000,0.000000,0.000000,0.000000,0.000000,0.000000,0.000000,0.000000,0.000000,0.000000,0.000000,0.000000,0.000000,0.000000,0.000000,0.000000,0.000000,0.000000,0.000000,0.000000,0.000000,0.000000,0.000000,0.000000,0.000000,999.997691,999.995885,999.995883,999.996460,999.996881,999.997374,999.998055,999.998818,999.999564,999.999647,999.999750,1000.000518,1000.001158,1000.001622,1000.001957,1000.002379,1000.002647,1000.002617,1000.001357,0.000000,0.000000,0.000000,0.000000,0.000000,0.000000,0.000000,0.000000,0.000000,0.000000,0.000000,0.000000,0.000000,0.000000,0.000000,0.000000,0.000000,0.000000,0.000000,0.000000,0.000000,0.000000,0.000000,0.000000,0.000000,0.000000,0.000000,0.000000,0.000000,0.000000,0.000000,0.000000,0.000000,0.000000,0.000000,0.000000,0.000000,0.000000,0.000000,0.000000,0.000000,0.000000
0.000000,0.000000,0.000000,0.000000,0.000000,0.000000,0.000000,0.000000,0.000000,0.000000,0.000000,0.000000,0.000000,0.000000,0.000000,0.000000,0.000000,0.000000,0.000000,0.000000,0.000000,0.000000,0.000000,0.000000,0.000000,0.000000,0.000000,0.000000,0.000000,0.000000,0.000000,0.000000,0.000000,0.000000,0.000000,0.000000,0.000000,999.994461,999.992571,999.992553,999.993573,999.995102,999.997142,999.996685,999.996397,999.996581,999.997004,999.997571,999.998076,999.998638,999.999385,999.999576,999.999767,1000.000524,1000.000976,1000.001381,1000.001749,1000.001963,1000.002109,1000.001922,1000.001685,1000.003008,1000.003870,1000.004378,1000.004144,1000.003213,0.000000,0.000000,0.000000,0.000000,0.000000,0.000000,0.000000,0.000000,0.000000,0.000000,0.000000,0.000000,0.000000,0.000000,0.000000,0.000000,0.000000,0.000000,0.000000,0.000000,0.000000,0.000000,0.000000,0.000000,0.000000,0.000000,0.000000,0.000000,0.000000,0.000000,0.000000,0.000000,0.000000,0.000000,0.000000,0.000000,0.000000
0.000000,0.000000,0.000000,0.000000,0.000000,0.000000,0.000000,0.000000,0.000000,0.000000,0.000000,0.000000,0.000000,0.000000,0.000000,0.000000,0.000000,0.000000,0.000000,0.000000,0.000000,0.000000,0.000000,0.000000,0.000000,0.000000,0.000000,0.000000,0.000000,0.000000,0.000000,0.000000,0.000000,0.000000,999.992509,999.991102,999.991999,999.993914,999.993681,999.993517,999.993901,999.995210,999.995946,999.996140,999.996362,999.996752,999.997129,999.997659,999.998055,999.998515,999.999007,999.999524,999.999921,1000.000332,1000.000775,1000.001241,1000.001560,1000.001743,1000.002014,1000.002180,1000.002317,1000.002720,1000.003545,1000.003727,1000.003602,1000.003462,1000.004425,1000.004820,1000.004129,0.000000,0.000000,0.000000,0.000000,0.000000,0.000000,0.000000,0.000000,0.000000,0.000000,0.000000,0.000000,0.000000,0.000000,0.000000,0.000000,0.000000,0.000000,0.000000,0.000000,0.000000,0.000000,0.000000,0.000000,0.000000,0.000000,0.000000,0.000000,0.000000,0.000000,0.000000,0.000000,0.000000,0.000000
0.000000,0.000000,0.000000,0.000000,0.000000,0.000000,0.000000,0.000000,0.000000,0.000000,0.000000,0.000000,0.000000,0.000000,0.000000,0.000000,0.000000,0.000000,0.000000,0.000000,0.000000,0.000000,0.000000,0.000000,0.000000,0.000000,0.000000,0.000000,0.000000,0.000000,0.000000,0.000000,999.991807,999.990526,999.992239,999.992197,999.992713,999.993186,999.993442,999.993777,999.994214,999.994915,999.995451,999.996027,999.996442,999.996779,999.997103,999.997578,999.998021,999.998542,999.998941,999.999412,999.999892,1000.000230,1000.000629,1000.000991,1000.001415,1000.001717,1000.001948,1000.002244,1000.002494,1000.002741,1000.003190,1000.003500,1000.003679,1000.003730,1000.003967,1000.004192,1000.004217,1000.004937,1000.004271,0.000000,0.000000,0.000000,0.000000,0.000000,0.000000,0.000000,0.000000,0.000000,0.000000,0.000000,0.000000,0.000000,0.000000,0.000000,0.000000,0.000000,0.000000,0.000000,0.000000,0.000000,0.000000,0.000000,0.000000,0.000000,0.000000,0.000000,0.000000,0.000000,0.000000,0.000000,0.000000
0.000000,0.000000,0.000000,0.000000,0.000000,0.000000,0.000000,0.000000,0.000000,0.000000,0.000000,0.000000,0.000000,0.000000,0.000000,0.000000,0.000000,0.000000,0.000000,0.000000,0.000000,0.000000,0.000000,0.000000,0.000000,0.000000,0.000000,0.000000,0.000000,0.000000,999.990342,999.989257,999.991146,999.991752,999.991993,999.992120,999.992556,999.992969,999.993460,999.993890,999.994353,999.994800,999.995372,999.995816,999.996284,999.996694,999.997109,999.997507,999.998056,999.998569,999.998869,999.999323,999.999777,1000.000212,1000.000625,1000.000915,1000.001263,1000.001615,1000.001868,1000.002156,1000.002475,1000.002828,1000.002992,1000.003300,1000.003553,1000.003771,1000.003942,1000.004192,1000.004155,1000.004322,1000.004550,1000.005349,1000.004834,0.000000,0.000000,0.000000,0.000000,0.000000,0.000000,0.000000,0.000000,0.000000,0.000000,0.000000,0.000000,0.000000,0.000000,0.000000,0.000000,0.000000,0.000000,0.000000,0.000000,0.000000,0.000000,0.000000,0.000000,0.000000,0.000000,0.000000,0.000000,0.000000,0.000000
0.000000,0.000000,0.000000,0.000000,0.000000,0.000000,0.000000,0.000000,0.000000,0.000000,0.000000,0.000000,0.000000,0.000000,0.000000,0.000000,0.000000,0.000000,0.000000,0.000000,0.000000,0.000000,0.000000,0.000000,0.000000,0.000000,0.000000,0.000000,999.989007,999.987883,999.989906,999.990532,999.990884,999.991280,999.991553,999.992038,999.992490,999.992925,999.993313,999.993730,999.994310,999.994735,999.995214,999.995626,999.996161,999.996565,999.997082,999.997476,999.997951,999.998338,999.998815,999.999296,999.999726,1000.000097,1000.000577,1000.000886,1000.001158,1000.001568,1000.001818,1000.002123,1000.002497,1000.002826,1000.003009,1000.003213,1000.003507,1000.003712,1000.003954,1000.004183,1000.004310,1000.004405,1000.004613,1000.004774,1000.004930,1000.005762,1000.005305,0.000000,0.000000,0.000000,0.000000,0.000000,0.000000,0.000000,0.000000,0.000000,0.000000,0.000000,0.000000,0.000000,0.000000,0.000000,0.000000,0.000000,0.000000,0.000000,0.000000,0.000000,0.000000,0.000000,0.000000,0.000000,0.000000,0.000000,0.000000
0.000000,0.000000,0.000000,0.000000,0.000000,0.000000,0.000000,0.000000,0.000000,0.000000,0.000000,0.000000,0.000000,0.000000,0.000000,0.000000,0.000000,0.000000,0.000000,0.000000,0.000000,0.000000,0.000000,0.000000,0.000000,0.000000,999.987644,999.986828,999.988611,999.989263,999.989741,999.990151,999.990556,999.991114,999.991473,999.991986,999.992397,999.992785,999.993189,999.993698,999.994163,999.994592,999.995122,999.995664,999.996104,999.996539,999.997010,999.997463,999.997902,999.998319,999.998824,999.999219,999.999609,999.999994,1000.000441,1000.000785,1000.001187,1000.001554,1000.001848,1000.002093,1000.002373,1000.002681,1000.003026,1000.003241,1000.003508,1000.003724,1000.003860,1000.004053,1000.004326,1000.004439,1000.004668,1000.004836,1000.005027,1000.005167,1000.005370,1000.006027,1000.005629,0.000000,0.000000,0.000000,0.000000,0.000000,0.000000,0.000000,0.000000,0.000000,0.000000,0.000000,0.000000,0.000000,0.000000,0.000000,0.000000,0.000000,0.000000,0.000000,0.000000,0.000000,0.000000,0.000000,0.000000,0.000000,0.000000
0.000000,0.000000,0.000000,0.000000,0.000000,0.000000,0.000000,0.000000,0.000000,0.000000,0.000000,0.000000,0.000000,0.000000,0.000000,0.000000,0.000000,0.000000,0.000000,0.000000,0.000000,0.000000,0.000000,0.000000,999.986862,999.986154,999.987547,999.988134,999.988553,999.988998,999.989433,999.990012,999.990461,999.990863,999.991355,999.991822,999.992212,999.992599,999.993163,999.993694,999.994034,999.994538,999.995071,999.995551,999.995998,999.996414,999.997001,999.997415,999.997851,999.998316,999.998801,999.999196,999.999549,1000.000069,1000.000409,1000.000765,1000.001172,1000.001434,1000.001776,1000.002155,1000.002406,1000.002671,1000.002936,1000.003204,1000.003442,1000.003702,1000.003878,1000.004015,1000.004310,1000.004453,1000.004655,1000.004783,1000.004978,1000.005162,1000.005337,1000.005525,1000.005690,1000.006113,1000.005855,0.000000,0.000000,0.000000,0.000000,0.000000,0.000000,0.000000,0.000000,0.000000,0.000000,0.000000,0.000000,0.000000,0.000000,0.000000,0.000000,0.000000,0.000000,0.000000,0.000000,0.000000,0.000000,0.000000,0.000000
0.000000,0.000000,0.000000,0.000000,0.000000,0.000000,0.000000,0.000000,0.000000,0.000000,0.000000,0.000000,0.000000,0.000000,0.000000,0.000000,0.000000,0.000000,0.000000,0.000000,0.000000,0.000000,0.000000,999.987047,999.986758,999.987162,999.987591,999.987981,999.988330,999.988907,999.989388,999.989744,999.990210,999.990719,999.991201,999.991603,999.992062,999.992524,999.993032,999.993499,999.993876,999.994526,999.994929,999.995391,999.995849,999.996386,999.996884,999.997344,999.997773,999.998258,999.998732,999.999139,999.999579,1000.000000,1000.000356,1000.000791,1000.001125,1000.001449,1000.001745,1000.002099,1000.002422,1000.002665,1000.002936,1000.003190,1000.003386,1000.003665,1000.003926,1000.004104,1000.004298,1000.004451,1000.004635,1000.004922,1000.004996,1000.005177,1000.005325,1000.005481,1000.005642,1000.005744,1000.005825,1000.005703,0.000000,0.000000,0.000000,0.000000,0.000000,0.000000,0.000000,0.000000,0.000000,0.000000,0.000000,0.000000,0.000000,0.000000,0.000000,0.000000,0.000000,0.000000,0.000000,0.000000,0.000000,0.000000,0.000000
0.000000,0.000000,0.000000,0.000000,0.000000,0.000000,0.000000,0.000000,0.000000,0.000000,0.000000,0.000000,0.000000,0.000000,0.000000,0.000000,0.000000,0.000000,0.000000,0.000000,0.000000,999.985538,999.985113,999.986644,999.987037,999.987337,999.987459,999.987916,999.988382,999.988809,999.989258,999.989696,999.990193,999.990614,999.991002,999.991476,999.991978,999.992449,999.992884,999.993301,999.993817,999.994386,999.994843,999.995299,999.995872,999.996408,999.996800,999.997256,999.997743,999.998239,999.998637,999.999100,999.999655,999.999936,1000.000315,1000.000751,1000.001078,1000.001482,1000.001845,1000.002035,1000.002364,1000.002647,1000.002961,1000.003272,1000.003439,1000.003612,1000.003881,1000.004065,1000.004253,1000.004488,1000.004577,1000.004837,1000.005096,1000.005149,1000.005324,1000.005403,1000.005578,1000.005665,1000.005852,1000.005893,1000.006327,1000.006168,0.000000,0.000000,0.000000,0.000000,0.000000,0.000000,0.000000,0.000000,0.000000,0.000000,0.000000,0.000000,0.000000,0.000000,0.000000,0.000000,0.000000,0.000000,0.000000,0.000000,0.000000
0.000000,0.000000,0.000000,0.000000,0.000000,0.000000,0.000000,0.000000,0.000000,0.000000,0.000000,0.000000,0.000000,0.000000,0.000000,0.000000,0.000000,0.000000,0.000000,0.000000,999.985770,999.985775,999.986114,999.986526,999.986900,999.987224,999.987526,999.987976,999.988323,999.988688,999.989105,999.989545,999.989936,999.990446,999.990860,999.991302,999.991765,999.992268,999.992724,999.993220,999.993796,999.994202,999.994730,999.995215,999.995784,999.996246,999.996699,999.997234,999.997780,999.998178,999.998632,999.999088,999.999537,999.999927,1000.000341,1000.000713,1000.001064,1000.001370,1000.001819,1000.002053,1000.002370,1000.002680,1000.002889,1000.003135,1000.003434,1000.003649,1000.003870,1000.004031,1000.004216,1000.004554,1000.004646,1000.004715,1000.005009,1000.005131,1000.005293,1000.005451,1000.005567,1000.005554,1000.005781,1000.005862,1000.005940,1000.006058,1000.006088,0.000000,0.000000,0.000000,0.000000,0.000000,0.000000,0.000000,0.000000,0.000000,0.000000,0.000000,0.000000,0.000000,0.000000,0.000000,0.000000,0.000000,0.000000,0.000000,0.000000
0.000000,0.000000,0.000000,0.000000,0.000000,0.000000,0.000000,0.000000,0.000000,0.000000,0.000000,0.000000,0.000000,0.000000,0.000000,0.000000,0.000000,0.000000,0.000000,999.985539,999.985809,999.985981,999.986277,999.986459,999.986872,999.987126,999.987474,999.987868,999.988215,999.988616,999.989017,999.989354,999.989786,999.990222,999.990674,999.991142,999.991602,999.992115,999.992591,999.993114,999.993615,999.994062,999.994615,999.995190,999.995671,999.996183,999.996693,999.997256,999.997739,999.998235,999.998710,999.999132,999.999475,999.999956,1000.000411,1000.000777,1000.001130,1000.001471,1000.001797,1000.002169,1000.002442,1000.002775,1000.002989,1000.003199,1000.003456,1000.003704,1000.003915,1000.004143,1000.004234,1000.004486,1000.004684,1000.004744,1000.004929,1000.005103,1000.005267,1000.005398,1000.005586,1000.005608,1000.005702,1000.005879,1000.005945,1000.005979,1000.006079,1000.006075,0.000000,0.000000,0.000000,0.000000,0.000000,0.000000,0.000000,0.000000,0.000000,0.000000,0.000000,0.000000,0.000000,0.000000,0.000000,0.000000,0.000000,0.000000,0.000000
0.000000,0.000000,0.000000,0.000000,0.000000,0.000000,0.000000,0.000000,0.000000,0.000000,0.000000,0.000000,0.000000,0.000000,0.000000,0.000000,0.000000,0.000000,999.985168,999.985635,999.985776,999.986075,999.986338,999.986590,999.986854,999.987151,999.987454,999.987831,999.988150,999.988477,999.988837,999.989238,999.989676,999.990082,999.990528,999.990994,999.991408,999.991913,999.992379,999.992904,999.993467,999.993989,999.994520,999.995063,999.995614,999.996085,999.996707,999.997158,999.997634,999.998102,999.998672,999.999105,999.999493,1000.000013,1000.000392,1000.000772,1000.001149,1000.001492,1000.001764,1000.002136,1000.002395,1000.002675,1000.003016,1000.003262,1000.003482,1000.003626,1000.003899,1000.004177,1000.004292,1000.004398,1000.004695,1000.004825,1000.004954,1000.005118,1000.005202,1000.005305,1000.005464,1000.005620,1000.005691,1000.005808,1000.005909,1000.005974,1000.006051,1000.006094,1000.006216,0.000000,0.000000,0.000000,0.000000,0.000000,0.000000,0.000000,0.000000,0.000000,0.000000,0.000000,0.000000,0.000000,0.000000,0.000000,0.000000,0.000000,0.000000
0.000000,0.000000,0.000000,0.000000,0.000000,0.000000,0.000000,0.000000,0.000000,0.000000,0.000000,0.000000,0.000000,0.000000,0.000000,0.000000,0.000000,999.985099,999.985415,999.985617,999.985830,999.986195,999.986285,999.986567,999.986810,999.987097,999.987372,999.987755,999.987952,999.988276,999.988651,999.989106,999.989478,999.989883,999.990262,999.990762,999.991225,999.991702,999.992240,999.992765,999.993324,999.993863,999.994391,999.994945,999.995519,999.996072,999.996641,999.997161,999.997686,999.998125,999.998642,999.999131,999.999605,1000.000023,1000.000379,1000.000734,1000.001198,1000.001516,1000.001863,1000.002187,1000.002457,1000.002683,1000.002931,1000.003242,1000.003504,1000.003742,1000.003830,1000.004121,1000.004265,1000.004477,1000.004647,1000.004845,1000.004868,1000.005119,1000.005229,1000.005318,1000.005416,1000.005570,1000.005660,1000.005770,1000.005813,1000.005924,1000.005978,1000.006071,1000.006148,1000.006161,0.000000,0.000000,0.000000,0.000000,0.000000,0.000000,0.000000,0.000000,0.000000,0.000000,0.000000,0.000000,0.000000,0.000000,0.000000,0.000000,0.000000
0.000000,0.000000,0.000000,0.000000,0.000000,0.000000,0.000000,0.000000,0.000000,0.000000,0.000000,0.000000,0.000000,0.000000,0.000000,0.000000,999.984933,999.985275,999.985536,999.985714,999.985960,999.986225,999.986300,999.986589,999.986800,999.987023,999.987357,999.987595,999.987773,999.988174,999.988546,999.988894,999.989145,999.989577,999.990045,999.990546,999.991059,999.991504,999.992106,999.992565,999.993076,999.993717,999.994340,999.994893,999.995437,999.996041,999.996555,999.997104,999.997695,999.998256,999.998655,999.999142,999.999707,1000.000060,1000.000451,1000.000850,1000.001224,1000.001589,1000.001902,1000.002233,1000.002547,1000.002813,1000.003087,1000.003287,1000.003516,1000.003784,1000.003915,1000.004149,1000.004345,1000.004456,1000.004622,1000.004809,1000.004924,1000.005021,1000.005209,1000.005365,1000.005406,1000.005524,1000.005619,1000.005710,1000.005809,1000.005868,1000.005958,1000.006036,1000.006147,1000.006152,1000.006276,0.000000,0.000000,0.000000,0.000000,0.000000,0.000000,0.000000,0.000000,0.000000,0.000000,0.000000,0.000000,0.000000,0.000000,0.000000,0.000000
0.000000,0.000000,0.000000,0.000000,0.000000,0.000000,0.000000,0.000000,0.000000,0.000000,0.000000,0.000000,0.000000,0.000000,0.000000,999.985099,999.985275,999.985463,999.985666,999.985823,999.986033,999.986219,999.986351,999.986612,999.986794,999.986972,999.987190,999.987395,999.987690,999.988013,999.988343,999.988577,999.989000,999.989421,999.989847,999.990254,999.990715,999.991259,999.991806,999.992366,999.992930,999.993550,999.994153,999.994765,999.995333,999.995961,999.996534,999.997082,999.997640,999.998245,999.998678,999.999201,999.999632,1000.000065,1000.000521,1000.000963,1000.001303,1000.001643,1000.001975,1000.002234,1000.002578,1000.002824,1000.003138,1000.003292,1000.003533,1000.003736,1000.003953,1000.004169,1000.004373,1000.004465,1000.004601,1000.004793,1000.004982,1000.005060,1000.005151,1000.005285,1000.005418,1000.005441,1000.005625,1000.005675,1000.005788,1000.005833,1000.005866,1000.005989,1000.006074,1000.006118,1000.006166,1000.006166,0.000000,0.000000,0.000000,0.000000,0.000000,0.000000,0.000000,0.000000,0.000000,0.000000,0.000000,0.000000,0.000000,0.000000,0.000000
0.000000,0.000000,0.000000,0.000000,0.000000,0.000000,0.000000,0.000000,0.000000,0.000000,0.000000,0.000000,0.000000,0.000000,999.985168,999.985415,999.985536,999.985666,999.985824,999.985898,999.986095,999.986201,999.986381,999.986542,999.986658,999.986880,999.987075,999.987267,999.987521,999.987819,999.988029,999.988317,999.988744,999.989108,999.989540,999.989973,999.990464,999.991017,999.991553,999.992168,999.992818,999.993403,999.993992,999.994660,999.995312,999.995940,999.996598,999.997200,999.997697,999.998268,999.998803,999.999328,999.999754,1000.000205,1000.000663,1000.001021,1000.001359,1000.001723,1000.002073,1000.002356,1000.002627,1000.002911,1000.003160,1000.003425,1000.003583,1000.003865,1000.003967,1000.004135,1000.004318,1000.004527,1000.004663,1000.004787,1000.004924,1000.005019,1000.005186,1000.005261,1000.005425,1000.005466,1000.005515,1000.005629,1000.005692,1000.005832,1000.005828,1000.005877,1000.005956,1000.006051,1000.006150,1000.006178,1000.006213,0.000000,0.000000,0.000000,0.000000,0.000000,0.000000,0.000000,0.000000,0.000000,0.000000,0.000000,0.000000,0.000000,0.000000
0.000000,0.000000,0.000000,0.000000,0.000000,0.000000,0.000000,0.000000,0.000000,0.000000,0.000000,0.000000,0.000000,999.985539,999.985635,999.985617,999.985714,999.985823,999.985898,999.986038,999.986216,999.986293,999.986389,999.986501,999.986662,999.986810,999.986934,999.987069,999.987297,999.987506,999.987703,999.988082,999.988354,999.988730,999.989210,999.989621,999.990145,999.990710,999.991262,999.991892,999.992561,999.993213,999.993877,999.994556,999.995229,999.995830,999.996512,999.997124,999.997717,999.998285,999.998845,999.999327,999.999866,1000.000285,1000.000736,1000.001108,1000.001451,1000.001828,1000.002099,1000.002456,1000.002693,1000.003017,1000.003180,1000.003464,1000.003676,1000.003841,1000.004103,1000.004189,1000.004354,1000.004517,1000.004720,1000.004759,1000.004912,1000.005028,1000.005157,1000.005241,1000.005327,1000.005490,1000.005533,1000.005582,1000.005628,1000.005739,1000.005872,1000.005882,1000.005897,1000.005895,1000.006068,1000.005995,1000.006100,1000.006105,0.000000,0.000000,0.000000,0.000000,0.000000,0.000000,0.000000,0.000000,0.000000,0.000000,0.000000,0.000000,0.000000
0.000000,0.000000,0.000000,0.000000,0.000000,0.000000,0.000000,0.000000,0.000000,0.000000,0.000000,0.000000,999.985770,999.985809,999.985776,999.985830,999.985960,999.986033,999.986095,999.986216,999.986263,999.986285,999.986390,999.986457,999.986568,999.986609,999.986779,999.986904,999.987090,999.987181,999.987485,999.987785,999.988038,999.988410,999.988813,999.989242,999.989817,999.990379,999.990993,999.991640,999.992307,999.993020,999.993759,999.994464,999.995219,999.995921,999.996558,999.997166,999.997856,999.998427,999.998989,999.999464,999.999970,1000.000388,1000.000821,1000.001229,1000.001607,1000.001992,1000.002254,1000.002577,1000.002820,1000.003071,1000.003297,1000.003471,1000.003753,1000.003864,1000.004080,1000.004323,1000.004415,1000.004477,1000.004660,1000.004839,1000.004892,1000.005018,1000.005113,1000.005231,1000.005247,1000.005370,1000.005501,1000.005595,1000.005605,1000.005692,1000.005727,1000.005854,1000.005910,1000.005893,1000.006006,1000.006000,1000.006018,1000.006079,1000.006080,0.000000,0.000000,0.000000,0.000000,0.000000,0.000000,0.000000,0.000000,0.000000,0.000000,0.000000,0.000000
0.000000,0.000000,0.000000,0.000000,0.000000,0.000000,0.000000,0.000000,0.000000,0.000000,0.000000,999.985538,999.985775,999.985981,999.986075,999.986195,999.986225,999.986219,999.986201,999.986293,999.986285,999.986318,999.986396,999.986451,999.986494,999.986496,999.986570,999.986614,999.986779,999.986886,999.987155,999.987342,999.987562,999.987986,999.988304,999.988862,999.989366,999.989942,999.990622,999.991298,999.992061,999.992798,999.993574,999.994332,999.995069,999.995863,999.996566,999.997269,999.997918,999.998505,999.999115,999.999659,1000.000139,1000.000611,1000.001020,1000.001387,1000.001740,1000.002043,1000.002372,1000.002683,1000.002907,1000.003122,1000.003404,1000.003605,1000.003777,1000.004000,1000.004054,1000.004263,1000.004469,1000.004512,1000.004668,1000.004848,1000.004956,1000.005028,1000.005089,1000.005252,1000.005298,1000.005322,1000.005432,1000.005516,1000.005525,1000.005625,1000.005642,1000.005713,1000.005789,1000.005815,1000.005946,1000.005961,1000.005938,1000.006044,1000.006102,1000.006125,0.000000,0.000000,0.000000,0.000000,0.000000,0.000000,0.000000,0.000000,0.000000,0.000000,0.000000
0.000000,0.000000,0.000000,0.000000,0.000000,0.000000,0.000000,0.000000,0.000000,0.000000,0.000000,999.985113,999.986114,999.986277,999.986338,999.986285,999.986300,999.986351,999.986381,999.986389,999.986390,999.986396,999.986401,999.986336,999.986365,999.986298,999.986389,999.986466,999.986496,999.986536,999.986735,999.986827,999.987099,999.987473,999.987818,999.988331,999.988884,999.989484,999.990178,999.990964,999.991745,999.992599,999.993434,999.994271,999.995085,999.995890,999.996639,999.997387,999.998066,999.998640,999.999252,999.999758,1000.000276,1000.000752,1000.001194,1000.001559,1000.001919,1000.002236,1000.002503,1000.002819,1000.003049,1000.003280,1000.003517,1000.003696,1000.003860,1000.004015,1000.004208,1000.004295,1000.004523,1000.004635,1000.004688,1000.004793,1000.004899,1000.005001,1000.005102,1000.005193,1000.005274,1000.005351,1000.005380,1000.005471,1000.005537,1000.005627,1000.005603,1000.005655,1000.005801,1000.005714,1000.005750,1000.005876,1000.005891,1000.005907,1000.006031,1000.006293,0.000000,0.000000,0.000000,0.000000,0.000000,0.000000,0.000000,0.000000,0.000000,0.000000,0.000000
0.000000,0.000000,0.000000,0.000000,0.000000,0.000000,0.000000,0.000000,0.000000,0.000000,999.987047,999.986644,999.986526,999.986459,999.986590,999.986567,999.986589,999.986612,999.986542,999.986501,999.986457,999.986451,999.986336,999.986334,999.986292,999.986244,999.986263,999.986101,999.986040,999.986132,999.986248,999.986322,999.986627,999.986890,999.987231,999.987802,999.988288,999.988987,999.989758,999.990563,999.991438,999.992337,999.993270,999.994223,999.995127,999.995941,999.996714,999.997533,999.998264,999.998920,999.999525,1000.000052,1000.000540,1000.000965,1000.001360,1000.001738,1000.002105,1000.002450,1000.002698,1000.002947,1000.003194,1000.003386,1000.003589,1000.003795,1000.003984,1000.004111,1000.004267,1000.004387,1000.004484,1000.004673,1000.004722,1000.004809,1000.004907,1000.004996,1000.005075,1000.005163,1000.005213,1000.005296,1000.005361,1000.005390,1000.005443,1000.005537,1000.005581,1000.005553,1000.005638,1000.005777,1000.005711,1000.005734,1000.005820,1000.005856,1000.005889,1000.005849,1000.005792,0.000000,0.000000,0.000000,0.000000,0.000000,0.000000,0.000000,0.000000,0.000000,0.000000
0.000000,0.000000,0.000000,0.000000,0.000000,0.000000,0.000000,0.000000,0.000000,999.986862,999.986758,999.987037,999.986900,999.986872,999.986854,999.986810,999.986800,999.986794,999.986658,999.986662,999.986568,999.986494,999.986365,999.986292,999.986128,999.985900,999.985844,999.985746,999.985733,999.985770,999.985710,999.985780,999.985962,999.986148,999.986563,999.987061,999.987577,999.988379,999.989192,999.990109,999.991093,999.992084,999.993089,999.994114,999.995070,999.996050,999.996939,999.997694,999.998410,999.999083,999.999696,1000.000312,1000.000810,1000.001249,1000.001662,1000.002012,1000.002312,1000.002618,1000.002874,1000.003079,1000.003382,1000.003555,1000.003721,1000.003872,1000.004019,1000.004198,1000.004319,1000.004440,1000.004490,1000.004607,1000.004764,1000.004860,1000.004925,1000.005002,1000.005052,1000.005091,1000.005192,1000.005240,1000.005323,1000.005303,1000.005409,1000.005428,1000.005545,1000.005549,1000.005532,1000.005582,1000.005678,1000.005688,1000.005695,1000.005784,1000.005773,1000.005776,1000.005855,1000.005876,0.000000,0.000000,0.000000,0.000000,0.000000,0.000000,0.000000,0.000000,0.000000
0.000000,0.000000,0.000000,0.000000,0.000000,0.000000,0.000000,0.000000,0.000000,999.986154,999.987162,999.987337,999.987224,999.987126,999.987151,999.987097,999.987023,999.986972,999.986880,999.986810,999.986609,999.986496,999.986298,999.986244,999.985900,999.985822,999.985813,999.985496,999.985370,999.985191,999.985022,999.985074,999.985174,999.985368,999.985731,999.986198,999.986846,999.987653,999.988548,999.989584,999.990684,999.991798,999.992980,999.994065,999.995164,999.996204,999.997197,999.997998,999.998816,999.999513,1000.000087,1000.000583,1000.001069,1000.001514,1000.001934,1000.002288,1000.002565,1000.002848,1000.003104,1000.003300,1000.003517,1000.003688,1000.003901,1000.003984,1000.004153,1000.004261,1000.004393,1000.004521,1000.004598,1000.004661,1000.004770,1000.004837,1000.004917,1000.004992,1000.005072,1000.005089,1000.005142,1000.005189,1000.005270,1000.005305,1000.005317,1000.005317,1000.005412,1000.005463,1000.005509,1000.005494,1000.005552,1000.005612,1000.005597,1000.005641,1000.005686,1000.005688,1000.005788,1000.006104,0.000000,0.000000,0.000000,0.000000,0.000000,0.000000,0.000000,0.000000,0.000000
0.000000,0.000000,0.000000,0.000000,0.000000,0.000000,0.000000,0.000000,999.987644,999.987547,999.987591,999.987459,999.987526,999.987474,999.987454,999.987372,999.987357,999.987190,999.987075,999.986934,999.986779,999.986570,999.986389,999.986263,999.985844,999.985813,999.985387,999.984947,999.984764,999.984534,999.984435,999.984419,999.984372,999.984474,999.984761,999.985218,999.985882,999.986760,999.987769,999.988933,999.990218,999.991544,999.992912,999.994200,999.995353,999.996422,999.997361,999.998313,999.999098,999.999880,1000.000476,1000.001043,1000.001474,1000.001894,1000.002218,1000.002555,1000.002840,1000.003109,1000.003330,1000.003560,1000.003688,1000.003844,1000.004007,1000.004150,1000.004285,1000.004385,1000.004451,1000.004574,1000.004681,1000.004751,1000.004792,1000.004835,1000.004880,1000.004965,1000.005015,1000.005091,1000.005130,1000.005131,1000.005175,1000.005237,1000.005342,1000.005304,1000.005272,1000.005429,1000.005392,1000.005410,1000.005442,1000.005504,1000.005503,1000.005476,1000.005570,1000.005660,1000.005637,1000.005712,1000.005708,0.000000,0.000000,0.000000,0.000000,0.000000,0.000000,0.000000,0.000000
0.000000,0.000000,0.000000,0.000000,0.000000,0.000000,0.000000,0.000000,999.986828,999.988134,999.987981,999.987916,999.987976,999.987868,999.987831,999.987755,999.987595,999.987395,999.987267,999.987069,999.986904,999.986614,999.986466,999.986101,999.985746,999.985496,999.984947,999.984655,999.984597,999.984072,999.983771,999.983424,999.983202,999.983282,999.983569,999.984027,999.984788,999.985736,999.986906,999.988249,999.989749,999.991237,999.992705,999.994178,999.995597,999.996805,999.997934,999.998909,999.999583,1000.000270,1000.000865,1000.001439,1000.001910,1000.002322,1000.002593,1000.002916,1000.003135,1000.003371,1000.003566,1000.003765,1000.003899,1000.004019,1000.004168,1000.004271,1000.004357,1000.004476,1000.004535,1000.004590,1000.004666,1000.004720,1000.004839,1000.004874,1000.004886,1000.004963,1000.004972,1000.005027,1000.005074,1000.005106,1000.005140,1000.005067,1000.005231,1000.005303,1000.005152,1000.005255,1000.005344,1000.005324,1000.005362,1000.005407,1000.005419,1000.005421,1000.005463,1000.005513,1000.005502,1000.005513,1000.006003,0.000000,0.000000,0.000000,0.000000,0.000000,0.000000,0.000000,0.000000
0.000000,0.000000,0.000000,0.000000,0.000000,0.000000,0.000000,999.989007,999.988611,999.988553,999.988330,999.988382,999.988323,999.988215,999.988150,999.987952,999.987773,999.987690,999.987521,999.987297,999.987090,999.986779,999.986496,999.986040,999.985733,999.985370,999.984764,999.984597,999.983947,999.983027,999.982741,999.982328,999.982136,999.982109,999.982238,999.982587,999.983302,999.984384,999.985793,999.987447,999.989229,999.991090,999.992824,999.994442,999.995915,999.997181,999.998324,999.999409,1000.000262,1000.000948,1000.001526,1000.001964,1000.002356,1000.002741,1000.003047,1000.003309,1000.003495,1000.003676,1000.003840,1000.003988,1000.004151,1000.004208,1000.004358,1000.004445,1000.004477,1000.004560,1000.004643,1000.004695,1000.004756,1000.004733,1000.004833,1000.004892,1000.004924,1000.004928,1000.004947,1000.005006,1000.005032,1000.005045,1000.005157,1000.005015,1000.005063,1000.005208,1000.005178,1000.005152,1000.005189,1000.005199,1000.005193,1000.005225,1000.005311,1000.005299,1000.005302,1000.005400,1000.005399,1000.005388,1000.005387,1000.005347,0.000000,0.000000,0.000000,0.000000,0.000000,0.000000,0.000000
0.000000,0.000000,0.000000,0.000000,0.000000,0.000000,0.000000,999.987883,999.989263,999.988998,999.988907,999.988809,999.988688,999.988616,999.988477,999.988276,999.988174,999.988013,999.987819,999.987506,999.987181,999.986886,999.986536,999.986132,999.985770,999.985191,999.984534,999.984072,999.983027,999.982516,999.982322,999.981494,999.980885,999.980478,999.980269,999.980603,999.981539,999.982833,999.984485,999.986398,999.988489,999.990757,999.992926,999.994889,999.996645,999.998063,999.999120,1000.000059,1000.000888,1000.001576,1000.002126,1000.002591,1000.002894,1000.003207,1000.003455,1000.003692,1000.003863,1000.004026,1000.004156,1000.004217,1000.004395,1000.004447,1000.004491,1000.004580,1000.004631,1000.004705,1000.004700,1000.004780,1000.004823,1000.004834,1000.004824,1000.004845,1000.004911,1000.004940,1000.004926,1000.004916,1000.004972,1000.004930,1000.005030,1000.005075,1000.004973,1000.005021,1000.005072,1000.005118,1000.005075,1000.005127,1000.005131,1000.005133,1000.005155,1000.005192,1000.005168,1000.005250,1000.005243,1000.005264,1000.005253,1000.005666,0.000000,0.000000,0.000000,0.000000,0.000000,0.000000,0.000000
0.000000,0.000000,0.000000,0.000000,0.000000,0.000000,999.990342,999.989906,999.989741,999.989433,999.989388,999.989258,999.989105,999.989017,999.988837,999.988651,999.988546,999.988343,999.988029,999.987703,999.987485,999.987155,999.986735,999.986248,999.985710,999.985022,999.984435,999.983771,999.982741,999.982322,999.981227,999.979583,999.978986,999.978440,999.978259,999.978700,999.979421,999.980719,999.982803,999.985375,999.988068,999.990737,999.993154,999.995281,999.997198,999.998906,1000.000234,1000.001097,1000.001830,1000.002388,1000.002854,1000.003254,1000.003567,1000.003774,1000.003975,1000.004113,1000.004278,1000.004360,1000.004477,1000.004515,1000.004595,1000.004675,1000.004672,1000.004718,1000.004750,1000.004818,1000.004798,1000.004797,1000.004845,1000.004871,1000.004861,1000.004861,1000.004882,1000.004918,1000.004878,1000.004907,1000.004925,1000.004887,1000.004859,1000.004985,1000.004928,1000.004906,1000.004927,1000.005002,1000.004980,1000.004979,1000.005005,1000.005028,1000.005008,1000.005032,1000.005078,1000.005046,1000.005065,1000.005142,1000.005093,1000.005053,1000.004974,0.000000,0.000000,0.000000,0.000000,0.000000,0.000000
0.000000,0.000000,0.000000,0.000000,0.000000,0.000000,999.989257,999.990532,999.990151,999.990012,999.989744,999.989696,999.989545,999.989354,999.989238,999.989106,999.988894,999.988577,999.988317,999.988082,999.987785,999.987342,999.986827,999.986322,999.985780,999.985074,999.984419,999.983424,999.982328,999.981494,999.979583,999.978421,999.978110,999.976721,999.975790,999.975534,999.976170,999.977893,999.980569,999.983934,999.987453,999.990921,999.994138,999.996775,999.998535,1000.000024,1000.001231,1000.002167,1000.002870,1000.003347,1000.003718,1000.003993,1000.004244,1000.004361,1000.004509,1000.004630,1000.004704,1000.004740,1000.004787,1000.004816,1000.004828,1000.004864,1000.004924,1000.004900,1000.004888,1000.004912,1000.004912,1000.004896,1000.004898,1000.004913,1000.004884,1000.004876,1000.004831,1000.004901,1000.004865,1000.004835,1000.004865,1000.004890,1000.004796,1000.004856,1000.004890,1000.004835,1000.004779,1000.004804,1000.004839,1000.004863,1000.004878,1000.004854,1000.004845,1000.004920,1000.004980,1000.004889,1000.004850,1000.004996,1000.004992,1000.004777,1000.005358,0.000000,0.000000,0.000000,0.000000,0.000000,0.000000
0.000000,0.000000,0.000000,0.000000,0.000000,999.991807,999.991146,999.990884,999.990556,999.990461,999.990210,999.990193,999.989936,999.989786,999.989676,999.989478,999.989145,999.989000,999.988744,999.988354,999.988038,999.987562,999.987099,999.986627,999.985962,999.985174,999.984372,999.983202,999.982136,999.980885,999.978986,999.978110,999.976138,999.972923,999.971764,999.971486,999.971997,999.974390,999.977824,999.981976,999.986768,999.991143,999.994990,999.998213,1000.000369,1000.001834,1000.002813,1000.003531,1000.004016,1000.004397,1000.004640,1000.004820,1000.004936,1000.005035,1000.005068,1000.005086,1000.005122,1000.005134,1000.005146,1000.005136,1000.005127,1000.005081,1000.005094,1000.005099,1000.005022,1000.005049,1000.005000,1000.004967,1000.004946,1000.004932,1000.004866,1000.004895,1000.004849,1000.004800,1000.004819,1000.004785,1000.004730,1000.004740,1000.004757,1000.004687,1000.004726,1000.004775,1000.004770,1000.004745,1000.004740,1000.004680,1000.004683,1000.004752,1000.004716,1000.004719,1000.004758,1000.004798,1000.004773,1000.004739,1000.004752,1000.004737,1000.004749,1000.004431,0.000000,0.000000,0.000000,0.000000,0.000000
0.000000,0.000000,0.000000,0.000000,0.000000,999.990526,999.991752,999.991280,999.991114,999.990863,999.990719,999.990614,999.990446,999.990222,999.990082,999.989883,999.989577,999.989421,999.989108,999.988730,999.988410,999.987986,999.987473,999.986890,999.986148,999.985368,999.984474,999.983282,999.982109,999.980478,999.978440,999.976721,999.972923,999.970258,999.969074,999.966901,999.967252,999.969926,999.974307,999.980882,999.987510,999.993063,999.997437,1000.000356,1000.002443,1000.003870,1000.004650,1000.005132,1000.005395,1000.005589,1000.005664,1000.005681,1000.005695,1000.005716,1000.005699,1000.005608,1000.005586,1000.005556,1000.005492,1000.005452,1000.005425,1000.005359,1000.005270,1000.005261,1000.005209,1000.005136,1000.005133,1000.005025,1000.004997,1000.004990,1000.004917,1000.004864,1000.004860,1000.004778,1000.004764,1000.004755,1000.004723,1000.004666,1000.004659,1000.004621,1000.004556,1000.004571,1000.004592,1000.004567,1000.004572,1000.004625,1000.004606,1000.004592,1000.004588,1000.004600,1000.004551,1000.004567,1000.004670,1000.004607,1000.004572,1000.004560,1000.004504,1000.004981,0.000000,0.000000,0.000000,0.000000,0.000000
0.000000,0.000000,0.000000,0.000000,999.992509,999.992239,999.991993,999.991553,999.991473,999.991355,999.991201,999.991002,999.990860,999.990674,999.990528,999.990262,999.990045,999.989847,999.989540,999.989210,999.988813,999.988304,999.987818,999.987231,999.986563,999.985731,999.984761,999.983569,999.982238,999.980269,999.978259,999.975790,999.971764,999.969074,999.964281,999.958194,999.956429,999.959049,999.966425,999.976813,999.987577,999.996374,1000.001640,1000.004215,1000.005638,1000.006318,1000.006660,1000.006854,1000.006872,1000.006838,1000.006733,1000.006622,1000.006495,1000.006383,1000.006274,1000.006171,1000.006076,1000.005967,1000.005882,1000.005745,1000.005682,1000.005606,1000.005515,1000.005416,1000.005360,1000.005260,1000.005203,1000.005133,1000.005033,1000.004970,1000.004926,1000.004853,1000.004803,1000.004729,1000.004677,1000.004647,1000.004627,1000.004586,1000.004553,1000.004550,1000.004506,1000.004420,1000.004463,1000.004449,1000.004363,1000.004387,1000.004471,1000.004406,1000.004367,1000.004447,1000.004516,1000.004416,1000.004430,1000.004435,1000.004427,1000.004481,1000.004378,1000.004332,1000.004305,0.000000,0.000000,0.000000,0.000000
0.000000,0.000000,0.000000,0.000000,999.991102,999.992197,999.992120,999.992038,999.991986,999.991822,999.991603,999.991476,999.991302,999.991142,999.990994,999.990762,999.990546,999.990254,999.989973,999.989621,999.989242,999.988862,999.988331,999.987802,999.987061,999.986198,999.985218,999.984027,999.982587,999.980603,999.978700,999.975534,999.971486,999.966901,999.958194,999.947301,999.944092,999.951273,999.962726,999.977234,999.992919,1000.002806,1000.006764,1000.008822,1000.009306,1000.009249,1000.009008,1000.008752,1000.008418,1000.008102,1000.007812,1000.007580,1000.007322,1000.007093,1000.006906,1000.006717,1000.006531,1000.006357,1000.006258,1000.006116,1000.005961,1000.005839,1000.005733,1000.005620,1000.005494,1000.005402,1000.005298,1000.005231,1000.005107,1000.005001,1000.004918,1000.004838,1000.004789,1000.004732,1000.004627,1000.004544,1000.004521,1000.004447,1000.004413,1000.004378,1000.004407,1000.004352,1000.004276,1000.004331,1000.004284,1000.004219,1000.004254,1000.004246,1000.004205,1000.004234,1000.004238,1000.004263,1000.004302,1000.004274,1000.004252,1000.004329,1000.004307,1000.004390,1000.004855,0.000000,0.000000,0.000000,0.000000
