0.000000,0.000000,0.000000,0.000000,0.000000,0.000000,0.000000,0.000000,0.000000,0.000000,0.000000,0.000000,0.000000,0.000000,0.000000,0.000000,0.000000,0.000000,0.000000,0.000000,0.000000,0.000000,0.000000,0.000000,0.000000,0.000000,0.000000,0.000000,0.000000,0.000000,0.000000,0.000000,0.000000,0.000000,0.000000,0.000000,0.000000,0.000000,0.000000,0.000000,0.000000,0.000000,0.000000,0.000000,0.000000,0.000000,0.000000,0.000000,0.000000,0.000000,0.000000,0.000000,0.000000,0.000000,0.000000,0.000000,0.000000,0.000000,0.000000,0.000000,0.000000,0.000000,0.000000,0.000000,0.000000,0.000000,0.000000,0.000000,0.000000,0.000000,0.000000,0.000000,0.000000,0.000000,0.000000,0.000000,0.000000,0.000000,0.000000,0.000000,0.000000,0.000000,0.000000,0.000000,0.000000,0.000000,0.000000,0.000000,0.000000,0.000000,0.000000,0.000000,0.000000,0.000000,0.000000,0.000000,0.000000,0.000000,0.000000,0.000000,0.000000,0.000000,0.000000
0.000000,0.000000,0.000000,0.000000,0.000000,0.000000,0.000000,0.000000,0.000000,0.000000,0.000000,0.000000,0.000000,0.000000,0.000000,0.000000,0.000000,0.000000,0.000000,0.000000,0.000000,0.000000,0.000000,0.000000,0.000000,0.000000,0.000000,0.000000,0.000000,0.000000,0.000000,0.000000,0.000000,0.000000,0.000000,0.000000,0.000000,0.000000,0.000000,0.000000,0.000000,0.000000,0.000000,0.000000,0.000000,0.000000,0.000000,0.000000,0.000000,0.000000,0.000000,1000.000057,0.000000,0.000000,0.000000,0.000000,0.000000,0.000000,0.000000,0.000000,0.000000,0.000000,0.000000,0.000000,0.000000,0.000000,0.000000,0.000000,0.000000,0.000000,0.000000,0.000000,0.000000,0.000000,0.000000,0.000000,0.000000,0.000000,0.000000,0.000000,0.000000,0.000000,0.000000,0.000000,0.000000,0.000000,0.000000,0.000000,0.000000,0.000000,0.000000,0.000000,0.000000,0.000000,0.000000,0.000000,0.000000,0.000000,0.000000,0.000000,0.000000,0.000000,0.000000
0.000000,0.000000,0.000000,0.000000,0.000000,0.000000,0.000000,0.000000,0.000000,0.000000,0.000000,0.000000,0.000000,0.000000,0.000000,0.000000,0.000000,0.000000,0.000000,0.000000,0.000000,0.000000,0.000000,0.000000,0.000000,0.000000,0.000000,0.000000,0.000000,0.000000,0.000000,0.000000,0.000000,0.000000,0.000000,0.000000,0.000000,0.000000,0.000000,0.000000,0.000000,0.000000,1000.000104,1000.000121,1000.000130,1000.000135,1000.000137,1000.000138,1000.000138,1000.000137,1000.000137,1000.000140,1000.000137,1000.000137,1000.000138,1000.000138,1000.000137,1000.000135,1000.000130,1000.000121,1000.000104,0.000000,0.000000,0.000000,0.000000,0.000000,0.000000,0.000000,0.000000,0.000000,0.000000,0.000000,0.000000,0.000000,0.000000,0.000000,0.000000,0.000000,0.000000,0.000000,0.000000,0.000000,0.000000,0.000000,0.000000,0.000000,0.000000,0.000000,0.000000,0.000000,0.000000,0.000000,0.000000,0.000000,0.000000,0.000000,0.000000,0.000000,0.000000,0.000000,0.000000,0.000000,0.000000
0.000000,0.000000,0.000000,0.000000,0.000000,0.000000,0.000000,0.000000,0.000000,0.000000,0.000000,0.000000,0.000000,0.000000,0.000000,0.000000,0.000000,0.000000,0.000000,0.000000,0.000000,0.000000,0.000000,0.000000,0.000000,0.000000,0.000000,0.000000,0.000000,0.000000,0.000000,0.000000,0.000000,0.000000,0.000000,0.000000,0.000000,1000.000100,1000.000125,1000.000145,1000.000162,1000.000175,1000.000187,1000.000198,1000.000206,1000.000212,1000.000215,1000.000217,1000.000218,1000.000218,1000.000218,1000.000218,1000.000218,1000.000218,1000.000218,1000.000217,1000.000215,1000.000212,1000.000206,1000.000198,1000.000187,1000.000175,1000.000162,1000.000145,1000.000125,1000.000100,0.000000,0.000000,0.000000,0.000000,0.000000,0.000000,0.000000,0.000000,0.000000,0.000000,0.000000,0.000000,0.000000,0.000000,0.000000,0.000000,0.000000,0.000000,0.000000,0.000000,0.000000,0.000000,0.000000,0.000000,0.000000,0.000000,0.000000,0.000000,0.000000,0.000000,0.000000,0.000000,0.000000,0.000000,0.000000,0.000000,0.000000
0.000000,0.000000,0.000000,0.000000,0.000000,0.000000,0.000000,0.000000,0.000000,0.000000,0.000000,0.000000,0.000000,0.000000,0.000000,0.000000,0.000000,0.000000,0.000000,0.000000,0.000000,0.000000,0.000000,0.000000,0.000000,0.000000,0.000000,0.000000,0.000000,0.000000,0.000000,0.000000,0.000000,0.000000,1000.000105,1000.000133,1000.000157,1000.000181,1000.000201,1000.000220,1000.000237,1000.000252,1000.000265,1000.000276,1000.000284,1000.000289,1000.000292,1000.000294,1000.000295,1000.000295,1000.000295,1000.000295,1000.000295,1000.000295,1000.000295,1000.000294,1000.000292,1000.000289,1000.000284,1000.000276,1000.000265,1000.000252,1000.000237,1000.000220,1000.000201,1000.000181,1000.000157,1000.000133,1000.000105,0.000000,0.000000,0.000000,0.000000,0.000000,0.000000,0.000000,0.000000,0.000000,0.000000,0.000000,0.000000,0.000000,0.000000,0.000000,0.000000,0.000000,0.000000,0.000000,0.000000,0.000000,0.000000,0.000000,0.000000,0.000000,0.000000,0.000000,0.000000,0.000000,0.000000,0.000000,0.000000,0.000000,0.000000
0.000000,0.000000,0.000000,0.000000,0.000000,0.000000,0.000000,0.000000,0.000000,0.000000,0.000000,0.000000,0.000000,0.000000,0.000000,0.000000,0.000000,0.000000,0.000000,0.000000,0.000000,0.000000,0.000000,0.000000,0.000000,0.000000,0.000000,0.000000,0.000000,0.000000,0.000000,0.000000,1000.000120,1000.000152,1000.000183,1000.000208,1000.000232,1000.000255,1000.000276,1000.000294,1000.000311,1000.000328,1000.000343,1000.000354,1000.000361,1000.000365,1000.000368,1000.000369,1000.000369,1000.000370,1000.000370,1000.000370,1000.000370,1000.000370,1000.000369,1000.000369,1000.000368,1000.000365,1000.000361,1000.000354,1000.000343,1000.000328,1000.000311,1000.000294,1000.000276,1000.000255,1000.000232,1000.000208,1000.000183,1000.000152,1000.000120,0.000000,0.000000,0.000000,0.000000,0.000000,0.000000,0.000000,0.000000,0.000000,0.000000,0.000000,0.000000,0.000000,0.000000,0.000000,0.000000,0.000000,0.000000,0.000000,0.000000,0.000000,0.000000,0.000000,0.000000,0.000000,0.000000,0.000000,0.000000,0.000000,0.000000,0.000000,0.000000
0.000000,0.000000,0.000000,0.000000,0.000000,0.000000,0.000000,0.000000,0.000000,0.000000,0.000000,0.000000,0.000000,0.000000,0.000000,0.000000,0.000000,0.000000,0.000000,0.000000,0.000000,0.000000,0.000000,0.000000,0.000000,0.000000,0.000000,0.000000,0.000000,0.000000,1000.000125,1000.000161,1000.000196,1000.000226,1000.000254,1000.000281,1000.000306,1000.000330,1000.000350,1000.000368,1000.000383,1000.000397,1000.000410,1000.000418,1000.000422,1000.000425,1000.000426,1000.000426,1000.000426,1000.000426,1000.000426,1000.000426,1000.000426,1000.000426,1000.000426,1000.000426,1000.000426,1000.000425,1000.000422,1000.000418,1000.000410,1000.000397,1000.000383,1000.000368,1000.000350,1000.000330,1000.000306,1000.000281,1000.000254,1000.000226,1000.000196,1000.000161,1000.000125,0.000000,0.000000,0.000000,0.000000,0.000000,0.000000,0.000000,0.000000,0.000000,0.000000,0.000000,0.000000,0.000000,0.000000,0.000000,0.000000,0.000000,0.000000,0.000000,0.000000,0.000000,0.000000,0.000000,0.000000,0.000000,0.000000,0.000000,0.000000,0.000000,0.000000
0.000000,0.000000,0.000000,0.000000,0.000000,0.000000,0.000000,0.000000,0.000000,0.000000,0.000000,0.000000,0.000000,0.000000,0.000000,0.000000,0.000000,0.000000,0.000000,0.000000,0.000000,0.000000,0.000000,0.000000,0.000000,0.000000,0.000000,0.000000,1000.000125,1000.000164,1000.000201,1000.000234,1000.000266,1000.000297,1000.000327,1000.000354,1000.000378,1000.000398,1000.000415,1000.000426,1000.000434,1000.000439,1000.000440,1000.000439,1000.000438,1000.000437,1000.000437,1000.000436,1000.000436,1000.000435,1000.000435,1000.000435,1000.000435,1000.000435,1000.000436,1000.000436,1000.000437,1000.000437,1000.000438,1000.000439,1000.000440,1000.000439,1000.000434,1000.000426,1000.000415,1000.000398,1000.000378,1000.000354,1000.000327,1000.000297,1000.000266,1000.000234,1000.000201,1000.000164,1000.000125,0.000000,0.000000,0.000000,0.000000,0.000000,0.000000,0.000000,0.000000,0.000000,0.000000,0.000000,0.000000,0.000000,0.000000,0.000000,0.000000,0.000000,0.000000,0.000000,0.000000,0.000000,0.000000,0.000000,0.000000,0.000000,0.000000,0.000000,0.000000
0.000000,0.000000,0.000000,0.000000,0.000000,0.000000,0.000000,0.000000,0.000000,0.000000,0.000000,0.000000,0.000000,0.000000,0.000000,0.000000,0.000000,0.000000,0.000000,0.000000,0.000000,0.000000,0.000000,0.000000,0.000000,0.000000,1000.000118,1000.000160,1000.000200,1000.000235,1000.000269,1000.000303,1000.000337,1000.000368,1000.000395,1000.000417,1000.000431,1000.000440,1000.000444,1000.000443,1000.000440,1000.000433,1000.000424,1000.000415,1000.000409,1000.000405,1000.000403,1000.000402,1000.000401,1000.000400,1000.000399,1000.000399,1000.000399,1000.000400,1000.000401,1000.000402,1000.000403,1000.000405,1000.000409,1000.000415,1000.000424,1000.000433,1000.000440,1000.000443,1000.000444,1000.000440,1000.000431,1000.000417,1000.000395,1000.000368,1000.000337,1000.000303,1000.000269,1000.000235,1000.000200,1000.000160,1000.000118,0.000000,0.000000,0.000000,0.000000,0.000000,0.000000,0.000000,0.000000,0.000000,0.000000,0.000000,0.000000,0.000000,0.000000,0.000000,0.000000,0.000000,0.000000,0.000000,0.000000,0.000000,0.000000,0.000000,0.000000,0.000000,0.000000
0.000000,0.000000,0.000000,0.000000,0.000000,0.000000,0.000000,0.000000,0.000000,0.000000,0.000000,0.000000,0.000000,0.000000,0.000000,0.000000,0.000000,0.000000,0.000000,0.000000,0.000000,0.000000,0.000000,0.000000,1000.000102,1000.000148,1000.000192,1000.000229,1000.000267,1000.000303,1000.000339,1000.000372,1000.000401,1000.000424,1000.000439,1000.000444,1000.000443,1000.000437,1000.000427,1000.000416,1000.000405,1000.000394,1000.000383,1000.000372,1000.000365,1000.000360,1000.000357,1000.000354,1000.000352,1000.000351,1000.000350,1000.000350,1000.000350,1000.000351,1000.000352,1000.000354,1000.000357,1000.000360,1000.000365,1000.000372,1000.000383,1000.000394,1000.000405,1000.000416,1000.000427,1000.000437,1000.000443,1000.000444,1000.000439,1000.000424,1000.000401,1000.000372,1000.000339,1000.000303,1000.000267,1000.000229,1000.000192,1000.000148,1000.000102,0.000000,0.000000,0.000000,0.000000,0.000000,0.000000,0.000000,0.000000,0.000000,0.000000,0.000000,0.000000,0.000000,0.000000,0.000000,0.000000,0.000000,0.000000,0.000000,0.000000,0.000000,0.000000,0.000000,0.000000
0.000000,0.000000,0.000000,0.000000,0.000000,0.000000,0.000000,0.000000,0.000000,0.000000,0.000000,0.000000,0.000000,0.000000,0.000000,0.000000,0.000000,0.000000,0.000000,0.000000,0.000000,0.000000,0.000000,1000.000123,1000.000173,1000.000215,1000.000257,1000.000297,1000.000335,1000.000371,1000.000402,1000.000426,1000.000441,1000.000445,1000.000440,1000.000429,1000.000415,1000.000400,1000.000385,1000.000372,1000.000359,1000.000349,1000.000338,1000.000329,1000.000321,1000.000316,1000.000311,1000.000308,1000.000306,1000.000304,1000.000303,1000.000303,1000.000303,1000.000304,1000.000306,1000.000308,1000.000311,1000.000316,1000.000321,1000.000329,1000.000338,1000.000349,1000.000359,1000.000372,1000.000385,1000.000400,1000.000415,1000.000429,1000.000440,1000.000445,1000.000441,1000.000426,1000.000402,1000.000371,1000.000335,1000.000297,1000.000257,1000.000215,1000.000173,1000.000123,0.000000,0.000000,0.000000,0.000000,0.000000,0.000000,0.000000,0.000000,0.000000,0.000000,0.000000,0.000000,0.000000,0.000000,0.000000,0.000000,0.000000,0.000000,0.000000,0.000000,0.000000,0.000000,0.000000
0.000000,0.000000,0.000000,0.000000,0.000000,0.000000,0.000000,0.000000,0.000000,0.000000,0.000000,0.000000,0.000000,0.000000,0.000000,0.000000,0.000000,0.000000,0.000000,0.000000,0.000000,1000.000091,1000.000142,1000.000192,1000.000236,1000.000280,1000.000324,1000.000364,1000.000398,1000.000425,1000.000441,1000.000446,1000.000440,1000.000426,1000.000408,1000.000389,1000.000372,1000.000356,1000.000342,1000.000328,1000.000316,1000.000305,1000.000295,1000.000286,1000.000279,1000.000272,1000.000267,1000.000264,1000.000261,1000.000259,1000.000258,1000.000258,1000.000258,1000.000259,1000.000261,1000.000264,1000.000267,1000.000272,1000.000279,1000.000286,1000.000295,1000.000305,1000.000316,1000.000328,1000.000342,1000.000356,1000.000372,1000.000389,1000.000408,1000.000426,1000.000440,1000.000446,1000.000441,1000.000425,1000.000398,1000.000364,1000.000324,1000.000280,1000.000236,1000.000192,1000.000142,1000.000091,0.000000,0.000000,0.000000,0.000000,0.000000,0.000000,0.000000,0.000000,0.000000,0.000000,0.000000,0.000000,0.000000,0.000000,0.000000,0.000000,0.000000,0.000000,0.000000,0.000000,0.000000
0.000000,0.000000,0.000000,0.000000,0.000000,0.000000,0.000000,0.000000,0.000000,0.000000,0.000000,0.000000,0.000000,0.000000,0.000000,0.000000,0.000000,0.000000,0.000000,0.000000,1000.000106,1000.000160,1000.000207,1000.000253,1000.000299,1000.000345,1000.000387,1000.000419,1000.000439,1000.000445,1000.000440,1000.000426,1000.000407,1000.000386,1000.000365,1000.000346,1000.000329,1000.000314,1000.000300,1000.000286,1000.000274,1000.000262,1000.000252,1000.000244,1000.000236,1000.000230,1000.000225,1000.000221,1000.000218,1000.000216,1000.000214,1000.000214,1000.000214,1000.000216,1000.000218,1000.000221,1000.000225,1000.000230,1000.000236,1000.000244,1000.000252,1000.000262,1000.000274,1000.000286,1000.000300,1000.000314,1000.000329,1000.000346,1000.000365,1000.000386,1000.000407,1000.000426,1000.000440,1000.000445,1000.000439,1000.000419,1000.000387,1000.000345,1000.000299,1000.000253,1000.000207,1000.000160,1000.000106,0.000000,0.000000,0.000000,0.000000,0.000000,0.000000,0.000000,0.000000,0.000000,0.000000,0.000000,0.000000,0.000000,0.000000,0.000000,0.000000,0.000000,0.000000,0.000000,0.000000
0.000000,0.000000,0.000000,0.000000,0.000000,0.000000,0.000000,0.000000,0.000000,0.000000,0.000000,0.000000,0.000000,0.000000,0.000000,0.000000,0.000000,0.000000,0.000000,1000.000118,1000.000173,1000.000222,1000.000268,1000.000315,1000.000360,1000.000401,1000.000432,1000.000444,1000.000440,1000.000427,1000.000408,1000.000386,1000.000364,1000.000343,1000.000323,1000.000305,1000.000289,1000.000273,1000.000258,1000.000245,1000.000232,1000.000221,1000.000211,1000.000202,1000.000195,1000.000188,1000.000183,1000.000179,1000.000175,1000.000173,1000.000172,1000.000171,1000.000172,1000.000173,1000.000175,1000.000179,1000.000183,1000.000188,1000.000195,1000.000202,1000.000211,1000.000221,1000.000232,1000.000245,1000.000258,1000.000273,1000.000289,1000.000305,1000.000323,1000.000343,1000.000364,1000.000386,1000.000408,1000.000427,1000.000440,1000.000444,1000.000432,1000.000401,1000.000360,1000.000315,1000.000268,1000.000222,1000.000173,1000.000118,0.000000,0.000000,0.000000,0.000000,0.000000,0.000000,0.000000,0.000000,0.000000,0.000000,0.000000,0.000000,0.000000,0.000000,0.000000,0.000000,0.000000,0.000000,0.000000
0.000000,0.000000,0.000000,0.000000,0.000000,0.000000,0.000000,0.000000,0.000000,0.000000,0.000000,0.000000,0.000000,0.000000,0.000000,0.000000,0.000000,0.000000,1000.000125,1000.000183,1000.000233,1000.000282,1000.000331,1000.000375,1000.000412,1000.000438,1000.000444,1000.000432,1000.000412,1000.000389,1000.000366,1000.000343,1000.000322,1000.000302,1000.000283,1000.000265,1000.000248,1000.000232,1000.000218,1000.000204,1000.000192,1000.000181,1000.000171,1000.000162,1000.000154,1000.000148,1000.000142,1000.000138,1000.000134,1000.000132,1000.000131,1000.000130,1000.000131,1000.000132,1000.000134,1000.000138,1000.000142,1000.000148,1000.000154,1000.000162,1000.000171,1000.000181,1000.000192,1000.000204,1000.000218,1000.000232,1000.000248,1000.000265,1000.000283,1000.000302,1000.000322,1000.000343,1000.000366,1000.000389,1000.000412,1000.000432,1000.000444,1000.000438,1000.000412,1000.000375,1000.000331,1000.000282,1000.000233,1000.000183,1000.000125,0.000000,0.000000,0.000000,0.000000,0.000000,0.000000,0.000000,0.000000,0.000000,0.000000,0.000000,0.000000,0.000000,0.000000,0.000000,0.000000,0.000000,0.000000
0.000000,0.000000,0.000000,0.000000,0.000000,0.000000,0.000000,0.000000,0.000000,0.000000,0.000000,0.000000,0.000000,0.000000,0.000000,0.000000,0.000000,1000.000129,1000.000188,1000.000241,1000.000292,1000.000344,1000.000389,1000.000423,1000.000442,1000.000443,1000.000426,1000.000400,1000.000373,1000.000348,1000.000326,1000.000304,1000.000283,1000.000263,1000.000244,1000.000226,1000.000209,1000.000193,1000.000179,1000.000165,1000.000153,1000.000142,1000.000131,1000.000123,1000.000115,1000.000108,1000.000103,1000.000098,1000.000095,1000.000092,1000.000091,1000.000090,1000.000091,1000.000092,1000.000095,1000.000098,1000.000103,1000.000108,1000.000115,1000.000123,1000.000131,1000.000142,1000.000153,1000.000165,1000.000179,1000.000193,1000.000209,1000.000226,1000.000244,1000.000263,1000.000283,1000.000304,1000.000326,1000.000348,1000.000373,1000.000400,1000.000426,1000.000443,1000.000442,1000.000423,1000.000389,1000.000344,1000.000292,1000.000241,1000.000188,1000.000129,0.000000,0.000000,0.000000,0.000000,0.000000,0.000000,0.000000,0.000000,0.000000,0.000000,0.000000,0.000000,0.000000,0.000000,0.000000,0.000000,0.000000
0.000000,0.000000,0.000000,0.000000,0.000000,0.000000,0.000000,0.000000,0.000000,0.000000,0.000000,0.000000,0.000000,0.000000,0.000000,0.000000,1000.000130,1000.000191,1000.000245,1000.000298,1000.000351,1000.000398,1000.000432,1000.000444,1000.000438,1000.000419,1000.000392,1000.000362,1000.000335,1000.000311,1000.000288,1000.000266,1000.000245,1000.000224,1000.000205,1000.000188,1000.000171,1000.000155,1000.000140,1000.000127,1000.000115,1000.000103,1000.000093,1000.000084,1000.000076,1000.000070,1000.000064,1000.000059,1000.000056,1000.000053,1000.000052,1000.000051,1000.000052,1000.000053,1000.000056,1000.000059,1000.000064,1000.000070,1000.000076,1000.000084,1000.000093,1000.000103,1000.000115,1000.000127,1000.000140,1000.000155,1000.000171,1000.000188,1000.000205,1000.000224,1000.000245,1000.000266,1000.000288,1000.000311,1000.000335,1000.000362,1000.000392,1000.000419,1000.000438,1000.000444,1000.000432,1000.000398,1000.000351,1000.000298,1000.000245,1000.000191,1000.000130,0.000000,0.000000,0.000000,0.000000,0.000000,0.000000,0.000000,0.000000,0.000000,0.000000,0.000000,0.000000,0.000000,0.000000,0.000000,0.000000
0.000000,0.000000,0.000000,0.000000,0.000000,0.000000,0.000000,0.000000,0.000000,0.000000,0.000000,0.000000,0.000000,0.000000,0.000000,1000.000129,1000.000191,1000.000246,1000.000300,1000.000354,1000.000402,1000.000435,1000.000444,1000.000431,1000.000408,1000.000381,1000.000352,1000.000324,1000.000299,1000.000274,1000.000251,1000.000228,1000.000207,1000.000187,1000.000168,1000.000150,1000.000133,1000.000118,1000.000103,1000.000090,1000.000077,1000.000066,1000.000056,1000.000047,1000.000039,1000.000032,1000.000027,1000.000022,1000.000018,1000.000016,1000.000014,1000.000014,1000.000014,1000.000016,1000.000018,1000.000022,1000.000027,1000.000032,1000.000039,1000.000047,1000.000056,1000.000066,1000.000077,1000.000090,1000.000103,1000.000118,1000.000133,1000.000150,1000.000168,1000.000187,1000.000207,1000.000228,1000.000251,1000.000274,1000.000299,1000.000324,1000.000352,1000.000381,1000.000408,1000.000431,1000.000444,1000.000435,1000.000402,1000.000354,1000.000300,1000.000246,1000.000191,1000.000129,0.000000,0.000000,0.000000,0.000000,0.000000,0.000000,0.000000,0.000000,0.000000,0.000000,0.000000,0.000000,0.000000,0.000000,0.000000
0.000000,0.000000,0.000000,0.000000,0.000000,0.000000,0.000000,0.000000,0.000000,0.000000,0.000000,0.000000,0.000000,0.000000,1000.000125,1000.000188,1000.000245,1000.000300,1000.000355,1000.000403,1000.000437,1000.000444,1000.000428,1000.000401,1000.000371,1000.000342,1000.000315,1000.000289,1000.000263,1000.000238,1000.000214,1000.000192,1000.000171,1000.000151,1000.000132,1000.000114,1000.000097,1000.000082,1000.000067,1000.000054,1000.000041,1000.000030,1000.000020,1000.000011,1000.000003,999.999996,999.999990,999.999985,999.999982,999.999979,999.999978,999.999977,999.999978,999.999979,999.999982,999.999985,999.999990,999.999996,1000.000003,1000.000011,1000.000020,1000.000030,1000.000041,1000.000054,1000.000067,1000.000082,1000.000097,1000.000114,1000.000132,1000.000151,1000.000171,1000.000192,1000.000214,1000.000238,1000.000263,1000.000289,1000.000315,1000.000342,1000.000371,1000.000401,1000.000428,1000.000444,1000.000437,1000.000403,1000.000355,1000.000300,1000.000245,1000.000188,1000.000125,0.000000,0.000000,0.000000,0.000000,0.000000,0.000000,0.000000,0.000000,0.000000,0.000000,0.000000,0.000000,0.000000,0.000000
0.000000,0.000000,0.000000,0.000000,0.000000,0.000000,0.000000,0.000000,0.000000,0.000000,0.000000,0.000000,0.000000,1000.000118,1000.000183,1000.000241,1000.000298,1000.000354,1000.000403,1000.000437,1000.000445,1000.000427,1000.000398,1000.000366,1000.000335,1000.000307,1000.000280,1000.000253,1000.000227,1000.000203,1000.000179,1000.000157,1000.000136,1000.000116,1000.000097,1000.000079,1000.000062,1000.000047,1000.000032,1000.000018,1000.000006,999.999995,999.999985,999.999976,999.999968,999.999961,999.999955,999.999950,999.999946,999.999944,999.999942,999.999942,999.999942,999.999944,999.999946,999.999950,999.999955,999.999961,999.999968,999.999976,999.999985,999.999995,1000.000006,1000.000018,1000.000032,1000.000047,1000.000062,1000.000079,1000.000097,1000.000116,1000.000136,1000.000157,1000.000179,1000.000203,1000.000227,1000.000253,1000.000280,1000.000307,1000.000335,1000.000366,1000.000398,1000.000427,1000.000445,1000.000437,1000.000403,1000.000354,1000.000298,1000.000241,1000.000183,1000.000118,0.000000,0.000000,0.000000,0.000000,0.000000,0.000000,0.000000,0.000000,0.000000,0.000000,0.000000,0.000000,0.000000
0.000000,0.000000,0.000000,0.000000,0.000000,0.000000,0.000000,0.000000,0.000000,0.000000,0.000000,0.000000,1000.000106,1000.000173,1000.000233,1000.000292,1000.000351,1000.000402,1000.000437,1000.000445,1000.000427,1000.000397,1000.000363,1000.000330,1000.000302,1000.000273,1000.000245,1000.000219,1000.000193,1000.000169,1000.000146,1000.000123,1000.000102,1000.000082,1000.000063,1000.000045,1000.000028,1000.000013,999.999998,999.999984,999.999972,999.999961,999.999951,999.999941,999.999933,999.999927,999.999921,999.999916,999.999912,999.999910,999.999908,999.999907,999.999908,999.999910,999.999912,999.999916,999.999921,999.999927,999.999933,999.999941,999.999951,999.999961,999.999972,999.999984,999.999998,1000.000013,1000.000028,1000.000045,1000.000063,1000.000082,1000.000102,1000.000123,1000.000146,1000.000169,1000.000193,1000.000219,1000.000245,1000.000273,1000.000302,1000.000330,1000.000363,1000.000397,1000.000427,1000.000445,1000.000437,1000.000402,1000.000351,1000.000292,1000.000233,1000.000173,1000.000106,0.000000,0.000000,0.000000,0.000000,0.000000,0.000000,0.000000,0.000000,0.000000,0.000000,0.000000,0.000000
0.000000,0.000000,0.000000,0.000000,0.000000,0.000000,0.000000,0.000000,0.000000,0.000000,0.000000,1000.000091,1000.000160,1000.000222,1000.000282,1000.000344,1000.000398,1000.000435,1000.000444,1000.000427,1000.000397,1000.000362,1000.000329,1000.000299,1000.000269,1000.000240,1000.000212,1000.000186,1000.000160,1000.000136,1000.000112,1000.000090,1000.000069,1000.000049,1000.000030,1000.000012,999.999995,999.999980,999.999965,999.999952,999.999939,999.999928,999.999918,999.999908,999.999900,999.999894,999.999888,999.999883,999.999879,999.999876,999.999875,999.999874,999.999875,999.999876,999.999879,999.999883,999.999888,999.999894,999.999900,999.999908,999.999918,999.999928,999.999939,999.999952,999.999965,999.999980,999.999995,1000.000012,1000.000030,1000.000049,1000.000069,1000.000090,1000.000112,1000.000136,1000.000160,1000.000186,1000.000212,1000.000240,1000.000269,1000.000299,1000.000329,1000.000362,1000.000397,1000.000427,1000.000444,1000.000435,1000.000398,1000.000344,1000.000282,1000.000222,1000.000160,1000.000091,0.000000,0.000000,0.000000,0.000000,0.000000,0.000000,0.000000,0.000000,0.000000,0.000000,0.000000
0.000000,0.000000,0.000000,0.000000,0.000000,0.000000,0.000000,0.000000,0.000000,0.000000,0.000000,1000.000142,1000.000207,1000.000268,1000.000331,1000.000389,1000.000432,1000.000444,1000.000428,1000.000398,1000.000363,1000.000329,1000.000298,1000.000267,1000.000237,1000.000208,1000.000180,1000.000154,1000.000128,1000.000104,1000.000080,1000.000058,1000.000037,1000.000017,999.999998,999.999980,999.999963,999.999948,999.999933,999.999920,999.999907,999.999896,999.999886,999.999877,999.999868,999.999862,999.999856,999.999851,999.999847,999.999844,999.999843,999.999842,999.999843,999.999844,999.999847,999.999851,999.999856,999.999862,999.999868,999.999877,999.999886,999.999896,999.999907,999.999920,999.999933,999.999948,999.999963,999.999980,999.999998,1000.000017,1000.000037,1000.000058,1000.000080,1000.000104,1000.000128,1000.000154,1000.000180,1000.000208,1000.000237,1000.000267,1000.000298,1000.000329,1000.000363,1000.000398,1000.000428,1000.000444,1000.000432,1000.000389,1000.000331,1000.000268,1000.000207,1000.000142,0.000000,0.000000,0.000000,0.000000,0.000000,0.000000,0.000000,0.000000,0.000000,0.000000,0.000000
0.000000,0.000000,0.000000,0.000000,0.000000,0.000000,0.000000,0.000000,0.000000,0.000000,1000.000123,1000.000192,1000.000253,1000.000315,1000.000375,1000.000423,1000.000444,1000.000431,1000.000401,1000.000366,1000.000330,1000.000299,1000.000267,1000.000236,1000.000206,1000.000177,1000.000150,1000.000123,1000.000097,1000.000073,1000.000050,1000.000027,1000.000006,999.999986,999.999967,999.999949,999.999933,999.999917,999.999902,999.999889,999.999876,999.999865,999.999855,999.999846,999.999838,999.999831,999.999825,999.999820,999.999816,999.999814,999.999812,999.999811,999.999812,999.999814,999.999816,999.999820,999.999825,999.999831,999.999838,999.999846,999.999855,999.999865,999.999876,999.999889,999.999902,999.999917,999.999933,999.999949,999.999967,999.999986,1000.000006,1000.000027,1000.000050,1000.000073,1000.000097,1000.000123,1000.000150,1000.000177,1000.000206,1000.000236,1000.000267,1000.000299,1000.000330,1000.000366,1000.000401,1000.000431,1000.000444,1000.000423,1000.000375,1000.000315,1000.000253,1000.000192,1000.000123,0.000000,0.000000,0.000000,0.000000,0.000000,0.000000,0.000000,0.000000,0.000000,0.000000
0.000000,0.000000,0.000000,0.000000,0.000000,0.000000,0.000000,0.000000,0.000000,1000.000102,1000.000173,1000.000236,1000.000299,1000.000360,1000.000412,1000.000442,1000.000438,1000.000408,1000.000371,1000.000335,1000.000302,1000.000269,1000.000237,1000.000206,1000.000176,1000.000147,1000.000120,1000.000093,1000.000068,1000.000043,1000.000020,999.999998,999.999977,999.999956,999.999938,999.999920,999.999903,999.999887,999.999873,999.999859,999.999847,999.999835,999.999825,999.999816,999.999808,999.999801,999.999795,999.999790,999.999786,999.999784,999.999782,999.999782,999.999782,999.999784,999.999786,999.999790,999.999795,999.999801,999.999808,999.999816,999.999825,999.999835,999.999847,999.999859,999.999873,999.999887,999.999903,999.999920,999.999938,999.999956,999.999977,999.999998,1000.000020,1000.000043,1000.000068,1000.000093,1000.000120,1000.000147,1000.000176,1000.000206,1000.000237,1000.000269,1000.000302,1000.000335,1000.000371,1000.000408,1000.000438,1000.000442,1000.000412,1000.000360,1000.000299,1000.000236,1000.000173,1000.000102,0.000000,0.000000,0.000000,0.000000,0.000000,0.000000,0.000000,0.000000,0.000000
0.000000,0.000000,0.000000,0.000000,0.000000,0.000000,0.000000,0.000000,0.000000,1000.000148,1000.000215,1000.000280,1000.000345,1000.000401,1000.000438,1000.000443,1000.000419,1000.000381,1000.000342,1000.000307,1000.000273,1000.000240,1000.000208,1000.000177,1000.000147,1000.000119,1000.000091,1000.000064,1000.000039,1000.000014,999.999991,999.999969,999.999948,999.999928,999.999909,999.999891,999.999874,999.999859,999.999844,999.999830,999.999818,999.999807,999.999796,999.999787,999.999779,999.999772,999.999766,999.999761,999.999758,999.999755,999.999753,999.999753,999.999753,999.999755,999.999758,999.999761,999.999766,999.999772,999.999779,999.999787,999.999796,999.999807,999.999818,999.999830,999.999844,999.999859,999.999874,999.999891,999.999909,999.999928,999.999948,999.999969,999.999991,1000.000014,1000.000039,1000.000064,1000.000091,1000.000119,1000.000147,1000.000177,1000.000208,1000.000240,1000.000273,1000.000307,1000.000342,1000.000381,1000.000419,1000.000443,1000.000438,1000.000401,1000.000345,1000.000280,1000.000215,1000.000148,0.000000,0.000000,0.000000,0.000000,0.000000,0.000000,0.000000,0.000000,0.000000
0.000000,0.000000,0.000000,0.000000,0.000000,0.000000,0.000000,0.000000,1000.000118,1000.000192,1000.000257,1000.000324,1000.000387,1000.000432,1000.000444,1000.000426,1000.000392,1000.000352,1000.000315,1000.000280,1000.000245,1000.000212,1000.000180,1000.000150,1000.000120,1000.000091,1000.000063,1000.000037,1000.000011,999.999987,999.999964,999.999941,999.999920,999.999900,999.999881,999.999863,999.999847,999.999831,999.999816,999.999803,999.999790,999.999779,999.999769,999.999760,999.999752,999.999745,999.999739,999.999734,999.999730,999.999727,999.999726,999.999725,999.999726,999.999727,999.999730,999.999734,999.999739,999.999745,999.999752,999.999760,999.999769,999.999779,999.999790,999.999803,999.999816,999.999831,999.999847,999.999863,999.999881,999.999900,999.999920,999.999941,999.999964,999.999987,1000.000011,1000.000037,1000.000063,1000.000091,1000.000120,1000.000150,1000.000180,1000.000212,1000.000245,1000.000280,1000.000315,1000.000352,1000.000392,1000.000426,1000.000444,1000.000432,1000.000387,1000.000324,1000.000257,1000.000192,1000.000118,0.000000,0.000000,0.000000,0.000000,0.000000,0.000000,0.000000,0.000000
0.000000,0.000000,0.000000,0.000000,0.000000,0.000000,0.000000,0.000000,1000.000160,1000.000229,1000.000297,1000.000364,1000.000419,1000.000444,1000.000432,1000.000400,1000.000362,1000.000324,1000.000289,1000.000253,1000.000219,1000.000186,1000.000154,1000.000123,1000.000093,1000.000064,1000.000037,1000.000010,999.999985,999.999960,999.999937,999.999915,999.999894,999.999874,999.999855,999.999837,999.999820,999.999804,999.999790,999.999776,999.999764,999.999753,999.999742,999.999733,999.999725,999.999718,999.999712,999.999707,999.999703,999.999701,999.999699,999.999699,999.999699,999.999701,999.999703,999.999707,999.999712,999.999718,999.999725,999.999733,999.999742,999.999753,999.999764,999.999776,999.999790,999.999804,999.999820,999.999837,999.999855,999.999874,999.999894,999.999915,999.999937,999.999960,999.999985,1000.000010,1000.000037,1000.000064,1000.000093,1000.000123,1000.000154,1000.000186,1000.000219,1000.000253,1000.000289,1000.000324,1000.000362,1000.000400,1000.000432,1000.000444,1000.000419,1000.000364,1000.000297,1000.000229,1000.000160,0.000000,0.000000,0.000000,0.000000,0.000000,0.000000,0.000000,0.000000
0.000000,0.000000,0.000000,0.000000,0.000000,0.000000,0.000000,1000.000125,1000.000200,1000.000267,1000.000335,1000.000398,1000.000439,1000.000440,1000.000412,1000.000373,1000.000335,1000.000299,1000.000263,1000.000227,1000.000193,1000.000160,1000.000128,1000.000097,1000.000068,1000.000039,1000.000011,999.999985,999.999959,999.999935,999.999912,999.999889,999.999868,999.999848,999.999829,999.999811,999.999795,999.999779,999.999764,999.999751,999.999738,999.999727,999.999717,999.999708,999.999700,999.999693,999.999687,999.999682,999.999678,999.999675,999.999674,999.999673,999.999674,999.999675,999.999678,999.999682,999.999687,999.999693,999.999700,999.999708,999.999717,999.999727,999.999738,999.999751,999.999764,999.999779,999.999795,999.999811,999.999829,999.999848,999.999868,999.999889,999.999912,999.999935,999.999959,999.999985,1000.000011,1000.000039,1000.000068,1000.000097,1000.000128,1000.000160,1000.000193,1000.000227,1000.000263,1000.000299,1000.000335,1000.000373,1000.000412,1000.000440,1000.000439,1000.000398,1000.000335,1000.000267,1000.000200,1000.000125,0.000000,0.000000,0.000000,0.000000,0.000000,0.000000,0.000000
0.000000,0.000000,0.000000,0.000000,0.000000,0.000000,0.000000,1000.000164,1000.000235,1000.000303,1000.000371,1000.000425,1000.000445,1000.000427,1000.000389,1000.000348,1000.000311,1000.000274,1000.000238,1000.000203,1000.000169,1000.000136,1000.000104,1000.000073,1000.000043,1000.000014,999.999987,999.999960,999.999935,999.999911,999.999887,999.999865,999.999844,999.999824,999.999805,999.999787,999.999770,999.999755,999.999740,999.999727,999.999714,999.999703,999.999692,999.999683,999.999675,999.999668,999.999662,999.999657,999.999654,999.999651,999.999649,999.999649,999.999649,999.999651,999.999654,999.999657,999.999662,999.999668,999.999675,999.999683,999.999692,999.999703,999.999714,999.999727,999.999740,999.999755,999.999770,999.999787,999.999805,999.999824,999.999844,999.999865,999.999887,999.999911,999.999935,999.999960,999.999987,1000.000014,1000.000043,1000.000073,1000.000104,1000.000136,1000.000169,1000.000203,1000.000238,1000.000274,1000.000311,1000.000348,1000.000389,1000.000427,1000.000445,1000.000425,1000.000371,1000.000303,1000.000235,1000.000164,0.000000,0.000000,0.000000,0.000000,0.000000,0.000000,0.000000
0.000000,0.000000,0.000000,0.000000,0.000000,0.000000,1000.000125,1000.000201,1000.000269,1000.000339,1000.000402,1000.000441,1000.000440,1000.000408,1000.000366,1000.000326,1000.000288,1000.000251,1000.000214,1000.000179,1000.000146,1000.000112,1000.000080,1000.000050,1000.000020,999.999991,999.999964,999.999937,999.999912,999.999887,999.999864,999.999842,999.999821,999.999801,999.999782,999.999764,999.999747,999.999731,999.999717,999.999703,999.999691,999.999679,999.999669,999.999660,999.999652,999.999645,999.999639,999.999634,999.999630,999.999628,999.999626,999.999625,999.999626,999.999628,999.999630,999.999634,999.999639,999.999645,999.999652,999.999660,999.999669,999.999679,999.999691,999.999703,999.999717,999.999731,999.999747,999.999764,999.999782,999.999801,999.999821,999.999842,999.999864,999.999887,999.999912,999.999937,999.999964,999.999991,1000.000020,1000.000050,1000.000080,1000.000112,1000.000146,1000.000179,1000.000214,1000.000251,1000.000288,1000.000326,1000.000366,1000.000408,1000.000440,1000.000441,1000.000402,1000.000339,1000.000269,1000.000201,1000.000125,0.000000,0.000000,0.000000,0.000000,0.000000,0.000000
0.000000,0.000000,0.000000,0.000000,0.000000,0.000000,1000.000161,1000.000234,1000.000303,1000.000372,1000.000426,1000.000446,1000.000426,1000.000386,1000.000343,1000.000304,1000.000266,1000.000228,1000.000192,1000.000157,1000.000123,1000.000090,1000.000058,1000.000027,999.999998,999.999969,999.999941,999.999915,999.999889,999.999865,999.999842,999.999820,999.999798,999.999778,999.999760,999.999742,999.999725,999.999709,999.999695,999.999681,999.999669,999.999657,999.999647,999.999638,999.999630,999.999623,999.999617,999.999612,999.999608,999.999605,999.999604,999.999603,999.999604,999.999605,999.999608,999.999612,999.999617,999.999623,999.999630,999.999638,999.999647,999.999657,999.999669,999.999681,999.999695,999.999709,999.999725,999.999742,999.999760,999.999778,999.999798,999.999820,999.999842,999.999865,999.999889,999.999915,999.999941,999.999969,999.999998,1000.000027,1000.000058,1000.000090,1000.000123,1000.000157,1000.000192,1000.000228,1000.000266,1000.000304,1000.000343,1000.000386,1000.000426,1000.000446,1000.000426,1000.000372,1000.000303,1000.000234,1000.000161,0.000000,0.000000,0.000000,0.000000,0.000000,0.000000
0.000000,0.000000,0.000000,0.000000,0.000000,1000.000120,1000.000196,1000.000266,1000.000337,1000.000401,1000.000441,1000.000440,1000.000407,1000.000364,1000.000322,1000.000283,1000.000245,1000.000207,1000.000171,1000.000136,1000.000102,1000.000069,1000.000037,1000.000006,999.999977,999.999948,999.999920,999.999894,999.999868,999.999844,999.999821,999.999798,999.999777,999.999757,999.999738,999.999721,999.999704,999.999688,999.999673,999.999660,999.999647,999.999636,999.999626,999.999617,999.999609,999.999602,999.999596,999.999591,999.999587,999.999584,999.999583,999.999582,999.999583,999.999584,999.999587,999.999591,999.999596,999.999602,999.999609,999.999617,999.999626,999.999636,999.999647,999.999660,999.999673,999.999688,999.999704,999.999721,999.999738,999.999757,999.999777,999.999798,999.999821,999.999844,999.999868,999.999894,999.999920,999.999948,999.999977,1000.000006,1000.000037,1000.000069,1000.000102,1000.000136,1000.000171,1000.000207,1000.000245,1000.000283,1000.000322,1000.000364,1000.000407,1000.000440,1000.000441,1000.000401,1000.000337,1000.000266,1000.000196,1000.000120,0.000000,0.000000,0.000000,0.000000,0.000000
0.000000,0.000000,0.000000,0.000000,0.000000,1000.000152,1000.000226,1000.000297,1000.000368,1000.000424,1000.000445,1000.000426,1000.000386,1000.000343,1000.000302,1000.000263,1000.000224,1000.000187,1000.000151,1000.000116,1000.000082,1000.000049,1000.000017,999.999986,999.999956,999.999928,999.999900,999.999874,999.999848,999.999824,999.999801,999.999778,999.999757,999.999737,999.999718,999.999701,999.999684,999.999668,999.999653,999.999640,999.999627,999.999616,999.999606,999.999597,999.999589,999.999582,999.999576,999.999571,999.999567,999.999564,999.999563,999.999562,999.999563,999.999564,999.999567,999.999571,999.999576,999.999582,999.999589,999.999597,999.999606,999.999616,999.999627,999.999640,999.999653,999.999668,999.999684,999.999701,999.999718,999.999737,999.999757,999.999778,999.999801,999.999824,999.999848,999.999874,999.999900,999.999928,999.999956,999.999986,1000.000017,1000.000049,1000.000082,1000.000116,1000.000151,1000.000187,1000.000224,1000.000263,1000.000302,1000.000343,1000.000386,1000.000426,1000.000445,1000.000424,1000.000368,1000.000297,1000.000226,1000.000152,0.000000,0.000000,0.000000,0.000000,0.000000
0.000000,0.000000,0.000000,0.000000,1000.000105,1000.000183,1000.000254,1000.000327,1000.000395,1000.000439,1000.000440,1000.000408,1000.000365,1000.000323,1000.000283,1000.000244,1000.000205,1000.000168,1000.000132,1000.000097,1000.000063,1000.000030,999.999998,999.999967,999.999938,999.999909,999.999881,999.999855,999.999829,999.999805,999.999782,999.999760,999.999738,999.999718,999.999699,999.999682,999.999665,999.999649,999.999634,999.999621,999.999609,999.999597,999.999587,999.999578,999.999570,999.999563,999.999557,999.999552,999.999548,999.999545,999.999544,999.999543,999.999544,999.999545,999.999548,999.999552,999.999557,999.999563,999.999570,999.999578,999.999587,999.999597,999.999609,999.999621,999.999634,999.999649,999.999665,999.999682,999.999699,999.999718,999.999738,999.999760,999.999782,999.999805,999.999829,999.999855,999.999881,999.999909,999.999938,999.999967,999.999998,1000.000030,1000.000063,1000.000097,1000.000132,1000.000168,1000.000205,1000.000244,1000.000283,1000.000323,1000.000365,1000.000408,1000.000440,1000.000439,1000.000395,1000.000327,1000.000254,1000.000183,1000.000105,0.000000,0.000000,0.000000,0.000000
0.000000,0.000000,0.000000,0.000000,1000.000133,1000.000208,1000.000281,1000.000354,1000.000417,1000.000444,1000.000429,1000.000389,1000.000346,1000.000305,1000.000265,1000.000226,1000.000188,1000.000150,1000.000114,1000.000079,1000.000045,1000.000012,999.999980,999.999949,999.999920,999.999891,999.999863,999.999837,999.999811,999.999787,999.999764,999.999742,999.999721,999.999701,999.999682,999.999664,999.999647,999.999631,999.999617,999.999603,999.999591,999.999579,999.999569,999.999560,999.999552,999.999545,999.999539,999.999534,999.999530,999.999527,999.999526,999.999525,999.999526,999.999527,999.999530,999.999534,999.999539,999.999545,999.999552,999.999560,999.999569,999.999579,999.999591,999.999603,999.999617,999.999631,999.999647,999.999664,999.999682,999.999701,999.999721,999.999742,999.999764,999.999787,999.999811,999.999837,999.999863,999.999891,999.999920,999.999949,999.999980,1000.000012,1000.000045,1000.000079,1000.000114,1000.000150,1000.000188,1000.000226,1000.000265,1000.000305,1000.000346,1000.000389,1000.000429,1000.000444,1000.000417,1000.000354,1000.000281,1000.000208,1000.000133,0.000000,0.000000,0.000000,0.000000
