0.000000,0.000000,0.000000,0.000000,0.000000,0.000000,0.000000,0.000000,0.000000,0.000000,0.000000,0.000000,0.000000,0.000000,0.000000,0.000000,0.000000,0.000000,0.000000,0.000000,0.000000,0.000000,0.000000,0.000000,0.000000,0.000000,0.000000,0.000000,0.000000,0.000000,0.000000,0.000000,0.000000,0.000000,0.000000,0.000000,0.000000,0.000000,0.000000,0.000000,0.000000,0.000000,0.000000,0.000000,0.000000,0.000000,0.000000,0.000000,0.000000,0.000000,0.000000,0.000000,0.000000,0.000000,0.000000,0.000000,0.000000,0.000000,0.000000,0.000000,0.000000,0.000000,0.000000,0.000000,0.000000,0.000000,0.000000,0.000000,0.000000,0.000000,0.000000,0.000000,0.000000,0.000000,0.000000,0.000000,0.000000,0.000000,0.000000,0.000000,0.000000,0.000000,0.000000,0.000000,0.000000,0.000000,0.000000,0.000000,0.000000,0.000000,0.000000,0.000000,0.000000,0.000000,0.000000,0.000000,0.000000,0.000000,0.000000,0.000000,0.000000,0.000000,0.000000
0.000000,0.000000,0.000000,0.000000,0.000000,0.000000,0.000000,0.000000,0.000000,0.000000,0.000000,0.000000,0.000000,0.000000,0.000000,0.000000,0.000000,0.000000,0.000000,0.000000,0.000000,0.000000,0.000000,0.000000,0.000000,0.000000,0.000000,0.000000,0.000000,0.000000,0.000000,0.000000,0.000000,0.000000,0.000000,0.000000,0.000000,0.000000,0.000000,0.000000,0.000000,0.000000,0.000000,0.000000,0.000000,0.000000,0.000000,0.000000,0.000000,0.000000,0.000000,1000.000056,0.000000,0.000000,0.000000,0.000000,0.000000,0.000000,0.000000,0.000000,0.000000,0.000000,0.000000,0.000000,0.000000,0.000000,0.000000,0.000000,0.000000,0.000000,0.000000,0.000000,0.000000,0.000000,0.000000,0.000000,0.000000,0.000000,0.000000,0.000000,0.000000,0.000000,0.000000,0.000000,0.000000,0.000000,0.000000,0.000000,0.000000,0.000000,0.000000,0.000000,0.000000,0.000000,0.000000,0.000000,0.000000,0.000000,0.000000,0.000000,0.000000,0.000000,0.000000
0.000000,0.000000,0.000000,0.000000,0.000000,0.000000,0.000000,0.000000,0.000000,0.000000,0.000000,0.000000,0.000000,0.000000,0.000000,0.000000,0.000000,0.000000,0.000000,0.000000,0.000000,0.000000,0.000000,0.000000,0.000000,0.000000,0.000000,0.000000,0.000000,0.000000,0.000000,0.000000,0.000000,0.000000,0.000000,0.000000,0.000000,0.000000,0.000000,0.000000,0.000000,0.000000,1000.000103,1000.000120,1000.000128,1000.000133,1000.000135,1000.000136,1000.000136,1000.000135,1000.000135,1000.000138,1000.000135,1000.000135,1000.000136,1000.000136,1000.000135,1000.000133,1000.000128,1000.000120,1000.000103,0.000000,0.000000,0.000000,0.000000,0.000000,0.000000,0.000000,0.000000,0.000000,0.000000,0.000000,0.000000,0.000000,0.000000,0.000000,0.000000,0.000000,0.000000,0.000000,0.000000,0.000000,0.000000,0.000000,0.000000,0.000000,0.000000,0.000000,0.000000,0.000000,0.000000,0.000000,0.000000,0.000000,0.000000,0.000000,0.000000,0.000000,0.000000,0.000000,0.000000,0.000000,0.000000
0.000000,0.000000,0.000000,0.000000,0.000000,0.000000,0.000000,0.000000,0.000000,0.000000,0.000000,0.000000,0.000000,0.000000,0.000000,0.000000,0.000000,0.000000,0.000000,0.000000,0.000000,0.000000,0.000000,0.000000,0.000000,0.000000,0.000000,0.000000,0.000000,0.000000,0.000000,0.000000,0.000000,0.000000,0.000000,0.000000,0.000000,1000.000099,1000.000124,1000.000143,1000.000159,1000.000172,1000.000184,1000.000195,1000.000203,1000.000209,1000.000212,1000.000214,1000.000214,1000.000215,1000.000214,1000.000215,1000.000214,1000.000215,1000.000214,1000.000214,1000.000212,1000.000209,1000.000203,1000.000195,1000.000184,1000.000172,1000.000159,1000.000143,1000.000124,1000.000099,0.000000,0.000000,0.000000,0.000000,0.000000,0.000000,0.000000,0.000000,0.000000,0.000000,0.000000,0.000000,0.000000,0.000000,0.000000,0.000000,0.000000,0.000000,0.000000,0.000000,0.000000,0.000000,0.000000,0.000000,0.000000,0.000000,0.000000,0.000000,0.000000,0.000000,0.000000,0.000000,0.000000,0.000000,0.000000,0.000000,0.000000
0.000000,0.000000,0.000000,0.000000,0.000000,0.000000,0.000000,0.000000,0.000000,0.000000,0.000000,0.000000,0.000000,0.000000,0.000000,0.000000,0.000000,0.000000,0.000000,0.000000,0.000000,0.000000,0.000000,0.000000,0.000000,0.000000,0.000000,0.000000,0.000000,0.000000,0.000000,0.000000,0.000000,0.000000,1000.000103,1000.000132,1000.000155,1000.000178,1000.000198,1000.000217,1000.000234,1000.000248,1000.000261,1000.000272,1000.000280,1000.000285,1000.000288,1000.000290,1000.000290,1000.000291,1000.000291,1000.000291,1000.000291,1000.000291,1000.000290,1000.000290,1000.000288,1000.000285,1000.000280,1000.000272,1000.000261,1000.000248,1000.000234,1000.000217,1000.000198,1000.000178,1000.000155,1000.000132,1000.000103,0.000000,0.000000,0.000000,0.000000,0.000000,0.000000,0.000000,0.000000,0.000000,0.000000,0.000000,0.000000,0.000000,0.000000,0.000000,0.000000,0.000000,0.000000,0.000000,0.000000,0.000000,0.000000,0.000000,0.000000,0.000000,0.000000,0.000000,0.000000,0.000000,0.000000,0.000000,0.000000,0.000000,0.000000
0.000000,0.000000,0.000000,0.000000,0.000000,0.000000,0.000000,0.000000,0.000000,0.000000,0.000000,0.000000,0.000000,0.000000,0.000000,0.000000,0.000000,0.000000,0.000000,0.000000,0.000000,0.000000,0.000000,0.000000,0.000000,0.000000,0.000000,0.000000,0.000000,0.000000,0.000000,0.000000,1000.000118,1000.000150,1000.000180,1000.000205,1000.000228,1000.000251,1000.000272,1000.000290,1000.000307,1000.000323,1000.000338,1000.000349,1000.000356,1000.000360,1000.000362,1000.000363,1000.000364,1000.000364,1000.000365,1000.000364,1000.000365,1000.000364,1000.000364,1000.000363,1000.000362,1000.000360,1000.000356,1000.000349,1000.000338,1000.000323,1000.000307,1000.000290,1000.000272,1000.000251,1000.000228,1000.000205,1000.000180,1000.000150,1000.000118,0.000000,0.000000,0.000000,0.000000,0.000000,0.000000,0.000000,0.000000,0.000000,0.000000,0.000000,0.000000,0.000000,0.000000,0.000000,0.000000,0.000000,0.000000,0.000000,0.000000,0.000000,0.000000,0.000000,0.000000,0.000000,0.000000,0.000000,0.000000,0.000000,0.000000,0.000000,0.000000
0.000000,0.000000,0.000000,0.000000,0.000000,0.000000,0.000000,0.000000,0.000000,0.000000,0.000000,0.000000,0.000000,0.000000,0.000000,0.000000,0.000000,0.000000,0.000000,0.000000,0.000000,0.000000,0.000000,0.000000,0.000000,0.000000,0.000000,0.000000,0.000000,0.000000,1000.000123,1000.000159,1000.000194,1000.000223,1000.000251,1000.000277,1000.000302,1000.000325,1000.000345,1000.000363,1000.000378,1000.000392,1000.000404,1000.000412,1000.000416,1000.000419,1000.000420,1000.000420,1000.000420,1000.000420,1000.000420,1000.000420,1000.000420,1000.000420,1000.000420,1000.000420,1000.000420,1000.000419,1000.000416,1000.000412,1000.000404,1000.000392,1000.000378,1000.000363,1000.000345,1000.000325,1000.000302,1000.000277,1000.000251,1000.000223,1000.000194,1000.000159,1000.000123,0.000000,0.000000,0.000000,0.000000,0.000000,0.000000,0.000000,0.000000,0.000000,0.000000,0.000000,0.000000,0.000000,0.000000,0.000000,0.000000,0.000000,0.000000,0.000000,0.000000,0.000000,0.000000,0.000000,0.000000,0.000000,0.000000,0.000000,0.000000,0.000000,0.000000
0.000000,0.000000,0.000000,0.000000,0.000000,0.000000,0.000000,0.000000,0.000000,0.000000,0.000000,0.000000,0.000000,0.000000,0.000000,0.000000,0.000000,0.000000,0.000000,0.000000,0.000000,0.000000,0.000000,0.000000,0.000000,0.000000,0.000000,0.000000,1000.000123,1000.000161,1000.000198,1000.000230,1000.000262,1000.000293,1000.000323,1000.000349,1000.000372,1000.000393,1000.000409,1000.000420,1000.000428,1000.000433,1000.000434,1000.000433,1000.000432,1000.000431,1000.000431,1000.000430,1000.000430,1000.000429,1000.000429,1000.000429,1000.000429,1000.000429,1000.000430,1000.000430,1000.000431,1000.000431,1000.000432,1000.000433,1000.000434,1000.000433,1000.000428,1000.000420,1000.000409,1000.000393,1000.000372,1000.000349,1000.000323,1000.000293,1000.000262,1000.000230,1000.000198,1000.000161,1000.000123,0.000000,0.000000,0.000000,0.000000,0.000000,0.000000,0.000000,0.000000,0.000000,0.000000,0.000000,0.000000,0.000000,0.000000,0.000000,0.000000,0.000000,0.000000,0.000000,0.000000,0.000000,0.000000,0.000000,0.000000,0.000000,0.000000,0.000000,0.000000
0.000000,0.000000,0.000000,0.000000,0.000000,0.000000,0.000000,0.000000,0.000000,0.000000,0.000000,0.000000,0.000000,0.000000,0.000000,0.000000,0.000000,0.000000,0.000000,0.000000,0.000000,0.000000,0.000000,0.000000,0.000000,0.000000,1000.000117,1000.000158,1000.000197,1000.000231,1000.000266,1000.000299,1000.000332,1000.000363,1000.000389,1000.000411,1000.000425,1000.000434,1000.000438,1000.000436,1000.000433,1000.000427,1000.000418,1000.000409,1000.000403,1000.000400,1000.000398,1000.000396,1000.000395,1000.000394,1000.000394,1000.000393,1000.000394,1000.000394,1000.000395,1000.000396,1000.000398,1000.000400,1000.000403,1000.000409,1000.000418,1000.000427,1000.000433,1000.000436,1000.000438,1000.000434,1000.000425,1000.000411,1000.000389,1000.000363,1000.000332,1000.000299,1000.000266,1000.000231,1000.000197,1000.000158,1000.000117,0.000000,0.000000,0.000000,0.000000,0.000000,0.000000,0.000000,0.000000,0.000000,0.000000,0.000000,0.000000,0.000000,0.000000,0.000000,0.000000,0.000000,0.000000,0.000000,0.000000,0.000000,0.000000,0.000000,0.000000,0.000000,0.000000
0.000000,0.000000,0.000000,0.000000,0.000000,0.000000,0.000000,0.000000,0.000000,0.000000,0.000000,0.000000,0.000000,0.000000,0.000000,0.000000,0.000000,0.000000,0.000000,0.000000,0.000000,0.000000,0.000000,0.000000,1000.000100,1000.000146,1000.000189,1000.000226,1000.000263,1000.000299,1000.000334,1000.000366,1000.000395,1000.000418,1000.000433,1000.000438,1000.000437,1000.000431,1000.000421,1000.000410,1000.000400,1000.000389,1000.000377,1000.000367,1000.000359,1000.000355,1000.000351,1000.000349,1000.000347,1000.000346,1000.000345,1000.000345,1000.000345,1000.000346,1000.000347,1000.000349,1000.000351,1000.000355,1000.000359,1000.000367,1000.000377,1000.000389,1000.000400,1000.000410,1000.000421,1000.000431,1000.000437,1000.000438,1000.000433,1000.000418,1000.000395,1000.000366,1000.000334,1000.000299,1000.000263,1000.000226,1000.000189,1000.000146,1000.000100,0.000000,0.000000,0.000000,0.000000,0.000000,0.000000,0.000000,0.000000,0.000000,0.000000,0.000000,0.000000,0.000000,0.000000,0.000000,0.000000,0.000000,0.000000,0.000000,0.000000,0.000000,0.000000,0.000000,0.000000
0.000000,0.000000,0.000000,0.000000,0.000000,0.000000,0.000000,0.000000,0.000000,0.000000,0.000000,0.000000,0.000000,0.000000,0.000000,0.000000,0.000000,0.000000,0.000000,0.000000,0.000000,0.000000,0.000000,1000.000121,1000.000170,1000.000212,1000.000253,1000.000292,1000.000331,1000.000365,1000.000396,1000.000420,1000.000435,1000.000439,1000.000434,1000.000423,1000.000409,1000.000395,1000.000380,1000.000366,1000.000354,1000.000344,1000.000333,1000.000324,1000.000317,1000.000311,1000.000307,1000.000304,1000.000301,1000.000300,1000.000299,1000.000299,1000.000299,1000.000300,1000.000301,1000.000304,1000.000307,1000.000311,1000.000317,1000.000324,1000.000333,1000.000344,1000.000354,1000.000366,1000.000380,1000.000395,1000.000409,1000.000423,1000.000434,1000.000439,1000.000435,1000.000420,1000.000396,1000.000365,1000.000331,1000.000292,1000.000253,1000.000212,1000.000170,1000.000121,0.000000,0.000000,0.000000,0.000000,0.000000,0.000000,0.000000,0.000000,0.000000,0.000000,0.000000,0.000000,0.000000,0.000000,0.000000,0.000000,0.000000,0.000000,0.000000,0.000000,0.000000,0.000000,0.000000
0.000000,0.000000,0.000000,0.000000,0.000000,0.000000,0.000000,0.000000,0.000000,0.000000,0.000000,0.000000,0.000000,0.000000,0.000000,0.000000,0.000000,0.000000,0.000000,0.000000,0.000000,1000.000089,1000.000140,1000.000189,1000.000233,1000.000276,1000.000319,1000.000359,1000.000393,1000.000419,1000.000435,1000.000439,1000.000434,1000.000420,1000.000402,1000.000384,1000.000366,1000.000351,1000.000337,1000.000323,1000.000311,1000.000301,1000.000291,1000.000282,1000.000275,1000.000268,1000.000264,1000.000260,1000.000257,1000.000255,1000.000254,1000.000254,1000.000254,1000.000255,1000.000257,1000.000260,1000.000264,1000.000268,1000.000275,1000.000282,1000.000291,1000.000301,1000.000311,1000.000323,1000.000337,1000.000351,1000.000366,1000.000384,1000.000402,1000.000420,1000.000434,1000.000439,1000.000435,1000.000419,1000.000393,1000.000359,1000.000319,1000.000276,1000.000233,1000.000189,1000.000140,1000.000089,0.000000,0.000000,0.000000,0.000000,0.000000,0.000000,0.000000,0.000000,0.000000,0.000000,0.000000,0.000000,0.000000,0.000000,0.000000,0.000000,0.000000,0.000000,0.000000,0.000000,0.000000
0.000000,0.000000,0.000000,0.000000,0.000000,0.000000,0.000000,0.000000,0.000000,0.000000,0.000000,0.000000,0.000000,0.000000,0.000000,0.000000,0.000000,0.000000,0.000000,0.000000,1000.000104,1000.000158,1000.000204,1000.000249,1000.000295,1000.000340,1000.000381,1000.000413,1000.000433,1000.000439,1000.000434,1000.000420,1000.000401,1000.000381,1000.000360,1000.000341,1000.000324,1000.000309,1000.000295,1000.000282,1000.000270,1000.000259,1000.000249,1000.000240,1000.000233,1000.000226,1000.000221,1000.000217,1000.000214,1000.000212,1000.000211,1000.000211,1000.000211,1000.000212,1000.000214,1000.000217,1000.000221,1000.000226,1000.000233,1000.000240,1000.000249,1000.000259,1000.000270,1000.000282,1000.000295,1000.000309,1000.000324,1000.000341,1000.000360,1000.000381,1000.000401,1000.000420,1000.000434,1000.000439,1000.000433,1000.000413,1000.000381,1000.000340,1000.000295,1000.000249,1000.000204,1000.000158,1000.000104,0.000000,0.000000,0.000000,0.000000,0.000000,0.000000,0.000000,0.000000,0.000000,0.000000,0.000000,0.000000,0.000000,0.000000,0.000000,0.000000,0.000000,0.000000,0.000000,0.000000
0.000000,0.000000,0.000000,0.000000,0.000000,0.000000,0.000000,0.000000,0.000000,0.000000,0.000000,0.000000,0.000000,0.000000,0.000000,0.000000,0.000000,0.000000,0.000000,1000.000116,1000.000171,1000.000218,1000.000264,1000.000310,1000.000355,1000.000396,1000.000425,1000.000437,1000.000434,1000.000421,1000.000402,1000.000380,1000.000358,1000.000338,1000.000319,1000.000301,1000.000285,1000.000269,1000.000254,1000.000241,1000.000229,1000.000218,1000.000208,1000.000199,1000.000192,1000.000186,1000.000180,1000.000176,1000.000173,1000.000171,1000.000169,1000.000169,1000.000169,1000.000171,1000.000173,1000.000176,1000.000180,1000.000186,1000.000192,1000.000199,1000.000208,1000.000218,1000.000229,1000.000241,1000.000254,1000.000269,1000.000285,1000.000301,1000.000319,1000.000338,1000.000358,1000.000380,1000.000402,1000.000421,1000.000434,1000.000437,1000.000425,1000.000396,1000.000355,1000.000310,1000.000264,1000.000218,1000.000171,1000.000116,0.000000,0.000000,0.000000,0.000000,0.000000,0.000000,0.000000,0.000000,0.000000,0.000000,0.000000,0.000000,0.000000,0.000000,0.000000,0.000000,0.000000,0.000000,0.000000
0.000000,0.000000,0.000000,0.000000,0.000000,0.000000,0.000000,0.000000,0.000000,0.000000,0.000000,0.000000,0.000000,0.000000,0.000000,0.000000,0.000000,0.000000,1000.000123,1000.000180,1000.000230,1000.000278,1000.000326,1000.000369,1000.000406,1000.000432,1000.000438,1000.000426,1000.000406,1000.000383,1000.000360,1000.000338,1000.000318,1000.000298,1000.000279,1000.000262,1000.000245,1000.000229,1000.000215,1000.000201,1000.000189,1000.000178,1000.000168,1000.000160,1000.000152,1000.000145,1000.000140,1000.000136,1000.000132,1000.000130,1000.000129,1000.000128,1000.000129,1000.000130,1000.000132,1000.000136,1000.000140,1000.000145,1000.000152,1000.000160,1000.000168,1000.000178,1000.000189,1000.000201,1000.000215,1000.000229,1000.000245,1000.000262,1000.000279,1000.000298,1000.000318,1000.000338,1000.000360,1000.000383,1000.000406,1000.000426,1000.000438,1000.000432,1000.000406,1000.000369,1000.000326,1000.000278,1000.000230,1000.000180,1000.000123,0.000000,0.000000,0.000000,0.000000,0.000000,0.000000,0.000000,0.000000,0.000000,0.000000,0.000000,0.000000,0.000000,0.000000,0.000000,0.000000,0.000000,0.000000
0.000000,0.000000,0.000000,0.000000,0.000000,0.000000,0.000000,0.000000,0.000000,0.000000,0.000000,0.000000,0.000000,0.000000,0.000000,0.000000,0.000000,1000.000127,1000.000186,1000.000237,1000.000288,1000.000339,1000.000384,1000.000417,1000.000436,1000.000437,1000.000420,1000.000394,1000.000368,1000.000343,1000.000321,1000.000299,1000.000279,1000.000259,1000.000240,1000.000222,1000.000206,1000.000190,1000.000176,1000.000163,1000.000151,1000.000139,1000.000130,1000.000121,1000.000113,1000.000107,1000.000101,1000.000097,1000.000093,1000.000091,1000.000089,1000.000089,1000.000089,1000.000091,1000.000093,1000.000097,1000.000101,1000.000107,1000.000113,1000.000121,1000.000130,1000.000139,1000.000151,1000.000163,1000.000176,1000.000190,1000.000206,1000.000222,1000.000240,1000.000259,1000.000279,1000.000299,1000.000321,1000.000343,1000.000368,1000.000394,1000.000420,1000.000437,1000.000436,1000.000417,1000.000384,1000.000339,1000.000288,1000.000237,1000.000186,1000.000127,0.000000,0.000000,0.000000,0.000000,0.000000,0.000000,0.000000,0.000000,0.000000,0.000000,0.000000,0.000000,0.000000,0.000000,0.000000,0.000000,0.000000
0.000000,0.000000,0.000000,0.000000,0.000000,0.000000,0.000000,0.000000,0.000000,0.000000,0.000000,0.000000,0.000000,0.000000,0.000000,0.000000,1000.000128,1000.000188,1000.000241,1000.000293,1000.000346,1000.000392,1000.000425,1000.000438,1000.000432,1000.000413,1000.000386,1000.000357,1000.000330,1000.000306,1000.000284,1000.000262,1000.000241,1000.000221,1000.000202,1000.000185,1000.000168,1000.000153,1000.000138,1000.000125,1000.000113,1000.000102,1000.000092,1000.000083,1000.000075,1000.000069,1000.000063,1000.000058,1000.000055,1000.000052,1000.000051,1000.000051,1000.000051,1000.000052,1000.000055,1000.000058,1000.000063,1000.000069,1000.000075,1000.000083,1000.000092,1000.000102,1000.000113,1000.000125,1000.000138,1000.000153,1000.000168,1000.000185,1000.000202,1000.000221,1000.000241,1000.000262,1000.000284,1000.000306,1000.000330,1000.000357,1000.000386,1000.000413,1000.000432,1000.000438,1000.000425,1000.000392,1000.000346,1000.000293,1000.000241,1000.000188,1000.000128,0.000000,0.000000,0.000000,0.000000,0.000000,0.000000,0.000000,0.000000,0.000000,0.000000,0.000000,0.000000,0.000000,0.000000,0.000000,0.000000
0.000000,0.000000,0.000000,0.000000,0.000000,0.000000,0.000000,0.000000,0.000000,0.000000,0.000000,0.000000,0.000000,0.000000,0.000000,1000.000127,1000.000188,1000.000242,1000.000296,1000.000349,1000.000396,1000.000429,1000.000438,1000.000425,1000.000403,1000.000376,1000.000347,1000.000319,1000.000294,1000.000271,1000.000247,1000.000225,1000.000204,1000.000184,1000.000166,1000.000148,1000.000132,1000.000116,1000.000102,1000.000088,1000.000076,1000.000065,1000.000055,1000.000046,1000.000038,1000.000032,1000.000026,1000.000022,1000.000018,1000.000015,1000.000014,1000.000013,1000.000014,1000.000015,1000.000018,1000.000022,1000.000026,1000.000032,1000.000038,1000.000046,1000.000055,1000.000065,1000.000076,1000.000088,1000.000102,1000.000116,1000.000132,1000.000148,1000.000166,1000.000184,1000.000204,1000.000225,1000.000247,1000.000271,1000.000294,1000.000319,1000.000347,1000.000376,1000.000403,1000.000425,1000.000438,1000.000429,1000.000396,1000.000349,1000.000296,1000.000242,1000.000188,1000.000127,0.000000,0.000000,0.000000,0.000000,0.000000,0.000000,0.000000,0.000000,0.000000,0.000000,0.000000,0.000000,0.000000,0.000000,0.000000
0.000000,0.000000,0.000000,0.000000,0.000000,0.000000,0.000000,0.000000,0.000000,0.000000,0.000000,0.000000,0.000000,0.000000,1000.000123,1000.000186,1000.000241,1000.000296,1000.000350,1000.000398,1000.000430,1000.000438,1000.000422,1000.000395,1000.000366,1000.000337,1000.000310,1000.000284,1000.000259,1000.000234,1000.000211,1000.000189,1000.000169,1000.000149,1000.000130,1000.000112,1000.000096,1000.000080,1000.000066,1000.000053,1000.000041,1000.000029,1000.000019,1000.000011,1000.000003,999.999996,999.999990,999.999986,999.999982,999.999979,999.999978,999.999977,999.999978,999.999979,999.999982,999.999986,999.999990,999.999996,1000.000003,1000.000011,1000.000019,1000.000029,1000.000041,1000.000053,1000.000066,1000.000080,1000.000096,1000.000112,1000.000130,1000.000149,1000.000169,1000.000189,1000.000211,1000.000234,1000.000259,1000.000284,1000.000310,1000.000337,1000.000366,1000.000395,1000.000422,1000.000438,1000.000430,1000.000398,1000.000350,1000.000296,1000.000241,1000.000186,1000.000123,0.000000,0.000000,0.000000,0.000000,0.000000,0.000000,0.000000,0.000000,0.000000,0.000000,0.000000,0.000000,0.000000,0.000000
0.000000,0.000000,0.000000,0.000000,0.000000,0.000000,0.000000,0.000000,0.000000,0.000000,0.000000,0.000000,0.000000,1000.000116,1000.000180,1000.000237,1000.000293,1000.000349,1000.000398,1000.000431,1000.000438,1000.000421,1000.000392,1000.000360,1000.000330,1000.000302,1000.000276,1000.000250,1000.000224,1000.000200,1000.000177,1000.000155,1000.000134,1000.000114,1000.000095,1000.000078,1000.000061,1000.000046,1000.000031,1000.000018,1000.000006,999.999995,999.999985,999.999976,999.999968,999.999961,999.999956,999.999951,999.999947,999.999945,999.999943,999.999943,999.999943,999.999945,999.999947,999.999951,999.999956,999.999961,999.999968,999.999976,999.999985,999.999995,1000.000006,1000.000018,1000.000031,1000.000046,1000.000061,1000.000078,1000.000095,1000.000114,1000.000134,1000.000155,1000.000177,1000.000200,1000.000224,1000.000250,1000.000276,1000.000302,1000.000330,1000.000360,1000.000392,1000.000421,1000.000438,1000.000431,1000.000398,1000.000349,1000.000293,1000.000237,1000.000180,1000.000116,0.000000,0.000000,0.000000,0.000000,0.000000,0.000000,0.000000,0.000000,0.000000,0.000000,0.000000,0.000000,0.000000
0.000000,0.000000,0.000000,0.000000,0.000000,0.000000,0.000000,0.000000,0.000000,0.000000,0.000000,0.000000,1000.000104,1000.000171,1000.000230,1000.000288,1000.000346,1000.000396,1000.000430,1000.000438,1000.000421,1000.000391,1000.000358,1000.000326,1000.000297,1000.000269,1000.000242,1000.000215,1000.000190,1000.000166,1000.000143,1000.000121,1000.000100,1000.000081,1000.000062,1000.000044,1000.000028,1000.000012,999.999998,999.999985,999.999972,999.999961,999.999951,999.999942,999.999934,999.999928,999.999922,999.999917,999.999914,999.999911,999.999909,999.999909,999.999909,999.999911,999.999914,999.999917,999.999922,999.999928,999.999934,999.999942,999.999951,999.999961,999.999972,999.999985,999.999998,1000.000012,1000.000028,1000.000044,1000.000062,1000.000081,1000.000100,1000.000121,1000.000143,1000.000166,1000.000190,1000.000215,1000.000242,1000.000269,1000.000297,1000.000326,1000.000358,1000.000391,1000.000421,1000.000438,1000.000430,1000.000396,1000.000346,1000.000288,1000.000230,1000.000171,1000.000104,0.000000,0.000000,0.000000,0.000000,0.000000,0.000000,0.000000,0.000000,0.000000,0.000000,0.000000,0.000000
0.000000,0.000000,0.000000,0.000000,0.000000,0.000000,0.000000,0.000000,0.000000,0.000000,0.000000,1000.000089,1000.000158,1000.000218,1000.000278,1000.000339,1000.000392,1000.000429,1000.000438,1000.000421,1000.000391,1000.000357,1000.000324,1000.000294,1000.000265,1000.000236,1000.000209,1000.000183,1000.000158,1000.000134,1000.000111,1000.000089,1000.000068,1000.000048,1000.000029,1000.000012,999.999995,999.999980,999.999966,999.999952,999.999940,999.999929,999.999919,999.999910,999.999902,999.999895,999.999889,999.999885,999.999881,999.999878,999.999877,999.999876,999.999877,999.999878,999.999881,999.999885,999.999889,999.999895,999.999902,999.999910,999.999919,999.999929,999.999940,999.999952,999.999966,999.999980,999.999995,1000.000012,1000.000029,1000.000048,1000.000068,1000.000089,1000.000111,1000.000134,1000.000158,1000.000183,1000.000209,1000.000236,1000.000265,1000.000294,1000.000324,1000.000357,1000.000391,1000.000421,1000.000438,1000.000429,1000.000392,1000.000339,1000.000278,1000.000218,1000.000158,1000.000089,0.000000,0.000000,0.000000,0.000000,0.000000,0.000000,0.000000,0.000000,0.000000,0.000000,0.000000
0.000000,0.000000,0.000000,0.000000,0.000000,0.000000,0.000000,0.000000,0.000000,0.000000,0.000000,1000.000140,1000.000204,1000.000264,1000.000326,1000.000384,1000.000425,1000.000438,1000.000422,1000.000392,1000.000358,1000.000324,1000.000293,1000.000263,1000.000233,1000.000205,1000.000178,1000.000152,1000.000126,1000.000102,1000.000079,1000.000057,1000.000037,1000.000017,999.999998,999.999980,999.999964,999.999948,999.999934,999.999921,999.999909,999.999897,999.999887,999.999878,999.999870,999.999864,999.999858,999.999853,999.999849,999.999847,999.999845,999.999845,999.999845,999.999847,999.999849,999.999853,999.999858,999.999864,999.999870,999.999878,999.999887,999.999897,999.999909,999.999921,999.999934,999.999948,999.999964,999.999980,999.999998,1000.000017,1000.000037,1000.000057,1000.000079,1000.000102,1000.000126,1000.000152,1000.000178,1000.000205,1000.000233,1000.000263,1000.000293,1000.000324,1000.000358,1000.000392,1000.000422,1000.000438,1000.000425,1000.000384,1000.000326,1000.000264,1000.000204,1000.000140,0.000000,0.000000,0.000000,0.000000,0.000000,0.000000,0.000000,0.000000,0.000000,0.000000,0.000000
0.000000,0.000000,0.000000,0.000000,0.000000,0.000000,0.000000,0.000000,0.000000,0.000000,1000.000121,1000.000189,1000.000249,1000.000310,1000.000369,1000.000417,1000.000438,1000.000425,1000.000395,1000.000360,1000.000326,1000.000294,1000.000263,1000.000232,1000.000203,1000.000175,1000.000147,1000.000121,1000.000096,1000.000072,1000.000049,1000.000027,1000.000006,999.999986,999.999968,999.999950,999.999934,999.999918,999.999904,999.999890,999.999878,999.999867,999.999857,999.999848,999.999840,999.999833,999.999827,999.999823,999.999819,999.999816,999.999815,999.999814,999.999815,999.999816,999.999819,999.999823,999.999827,999.999833,999.999840,999.999848,999.999857,999.999867,999.999878,999.999890,999.999904,999.999918,999.999934,999.999950,999.999968,999.999986,1000.000006,1000.000027,1000.000049,1000.000072,1000.000096,1000.000121,1000.000147,1000.000175,1000.000203,1000.000232,1000.000263,1000.000294,1000.000326,1000.000360,1000.000395,1000.000425,1000.000438,1000.000417,1000.000369,1000.000310,1000.000249,1000.000189,1000.000121,0.000000,0.000000,0.000000,0.000000,0.000000,0.000000,0.000000,0.000000,0.000000,0.000000
0.000000,0.000000,0.000000,0.000000,0.000000,0.000000,0.000000,0.000000,0.000000,1000.000100,1000.000170,1000.000233,1000.000295,1000.000355,1000.000406,1000.000436,1000.000432,1000.000403,1000.000366,1000.000330,1000.000297,1000.000265,1000.000233,1000.000203,1000.000174,1000.000145,1000.000118,1000.000092,1000.000067,1000.000043,1000.000020,999.999998,999.999977,999.999957,999.999938,999.999921,999.999904,999.999889,999.999874,999.999861,999.999849,999.999838,999.999828,999.999819,999.999811,999.999804,999.999798,999.999793,999.999789,999.999787,999.999785,999.999785,999.999785,999.999787,999.999789,999.999793,999.999798,999.999804,999.999811,999.999819,999.999828,999.999838,999.999849,999.999861,999.999874,999.999889,999.999904,999.999921,999.999938,999.999957,999.999977,999.999998,1000.000020,1000.000043,1000.000067,1000.000092,1000.000118,1000.000145,1000.000174,1000.000203,1000.000233,1000.000265,1000.000297,1000.000330,1000.000366,1000.000403,1000.000432,1000.000436,1000.000406,1000.000355,1000.000295,1000.000233,1000.000170,1000.000100,0.000000,0.000000,0.000000,0.000000,0.000000,0.000000,0.000000,0.000000,0.000000
0.000000,0.000000,0.000000,0.000000,0.000000,0.000000,0.000000,0.000000,0.000000,1000.000146,1000.000212,1000.000276,1000.000340,1000.000396,1000.000432,1000.000437,1000.000413,1000.000376,1000.000337,1000.000302,1000.000269,1000.000236,1000.000205,1000.000175,1000.000145,1000.000117,1000.000090,1000.000063,1000.000038,1000.000014,999.999991,999.999969,999.999949,999.999929,999.999910,999.999893,999.999876,999.999861,999.999846,999.999833,999.999821,999.999809,999.999799,999.999790,999.999782,999.999775,999.999770,999.999765,999.999761,999.999758,999.999757,999.999756,999.999757,999.999758,999.999761,999.999765,999.999770,999.999775,999.999782,999.999790,999.999799,999.999809,999.999821,999.999833,999.999846,999.999861,999.999876,999.999893,999.999910,999.999929,999.999949,999.999969,999.999991,1000.000014,1000.000038,1000.000063,1000.000090,1000.000117,1000.000145,1000.000175,1000.000205,1000.000236,1000.000269,1000.000302,1000.000337,1000.000376,1000.000413,1000.000437,1000.000432,1000.000396,1000.000340,1000.000276,1000.000212,1000.000146,0.000000,0.000000,0.000000,0.000000,0.000000,0.000000,0.000000,0.000000,0.000000
0.000000,0.000000,0.000000,0.000000,0.000000,0.000000,0.000000,0.000000,1000.000117,1000.000189,1000.000253,1000.000319,1000.000381,1000.000425,1000.000438,1000.000420,1000.000386,1000.000347,1000.000310,1000.000276,1000.000242,1000.000209,1000.000178,1000.000147,1000.000118,1000.000090,1000.000062,1000.000036,1000.000011,999.999987,999.999964,999.999942,999.999921,999.999902,999.999883,999.999865,999.999849,999.999833,999.999819,999.999806,999.999793,999.999782,999.999772,999.999763,999.999755,999.999748,999.999742,999.999738,999.999734,999.999731,999.999730,999.999729,999.999730,999.999731,999.999734,999.999738,999.999742,999.999748,999.999755,999.999763,999.999772,999.999782,999.999793,999.999806,999.999819,999.999833,999.999849,999.999865,999.999883,999.999902,999.999921,999.999942,999.999964,999.999987,1000.000011,1000.000036,1000.000062,1000.000090,1000.000118,1000.000147,1000.000178,1000.000209,1000.000242,1000.000276,1000.000310,1000.000347,1000.000386,1000.000420,1000.000438,1000.000425,1000.000381,1000.000319,1000.000253,1000.000189,1000.000117,0.000000,0.000000,0.000000,0.000000,0.000000,0.000000,0.000000,0.000000
0.000000,0.000000,0.000000,0.000000,0.000000,0.000000,0.000000,0.000000,1000.000158,1000.000226,1000.000292,1000.000359,1000.000413,1000.000437,1000.000426,1000.000394,1000.000357,1000.000319,1000.000284,1000.000250,1000.000215,1000.000183,1000.000152,1000.000121,1000.000092,1000.000063,1000.000036,1000.000010,999.999985,999.999961,999.999938,999.999916,999.999895,999.999876,999.999857,999.999839,999.999823,999.999807,999.999793,999.999780,999.999767,999.999756,999.999746,999.999737,999.999729,999.999722,999.999716,999.999711,999.999708,999.999705,999.999703,999.999703,999.999703,999.999705,999.999708,999.999711,999.999716,999.999722,999.999729,999.999737,999.999746,999.999756,999.999767,999.999780,999.999793,999.999807,999.999823,999.999839,999.999857,999.999876,999.999895,999.999916,999.999938,999.999961,999.999985,1000.000010,1000.000036,1000.000063,1000.000092,1000.000121,1000.000152,1000.000183,1000.000215,1000.000250,1000.000284,1000.000319,1000.000357,1000.000394,1000.000426,1000.000437,1000.000413,1000.000359,1000.000292,1000.000226,1000.000158,0.000000,0.000000,0.000000,0.000000,0.000000,0.000000,0.000000,0.000000
0.000000,0.000000,0.000000,0.000000,0.000000,0.000000,0.000000,1000.000123,1000.000197,1000.000263,1000.000331,1000.000393,1000.000433,1000.000434,1000.000406,1000.000368,1000.000330,1000.000294,1000.000259,1000.000224,1000.000190,1000.000158,1000.000126,1000.000096,1000.000067,1000.000038,1000.000011,999.999985,999.999960,999.999936,999.999913,999.999891,999.999870,999.999850,999.999832,999.999814,999.999798,999.999782,999.999768,999.999754,999.999742,999.999731,999.999721,999.999712,999.999704,999.999697,999.999691,999.999686,999.999683,999.999680,999.999678,999.999678,999.999678,999.999680,999.999683,999.999686,999.999691,999.999697,999.999704,999.999712,999.999721,999.999731,999.999742,999.999754,999.999768,999.999782,999.999798,999.999814,999.999832,999.999850,999.999870,999.999891,999.999913,999.999936,999.999960,999.999985,1000.000011,1000.000038,1000.000067,1000.000096,1000.000126,1000.000158,1000.000190,1000.000224,1000.000259,1000.000294,1000.000330,1000.000368,1000.000406,1000.000434,1000.000433,1000.000393,1000.000331,1000.000263,1000.000197,1000.000123,0.000000,0.000000,0.000000,0.000000,0.000000,0.000000,0.000000
0.000000,0.000000,0.000000,0.000000,0.000000,0.000000,0.000000,1000.000161,1000.000231,1000.000299,1000.000365,1000.000419,1000.000439,1000.000421,1000.000383,1000.000343,1000.000306,1000.000271,1000.000234,1000.000200,1000.000166,1000.000134,1000.000102,1000.000072,1000.000043,1000.000014,999.999987,999.999961,999.999936,999.999912,999.999889,999.999867,999.999846,999.999826,999.999808,999.999790,999.999774,999.999758,999.999744,999.999730,999.999718,999.999707,999.999697,999.999688,999.999680,999.999673,999.999667,999.999662,999.999659,999.999656,999.999654,999.999654,999.999654,999.999656,999.999659,999.999662,999.999667,999.999673,999.999680,999.999688,999.999697,999.999707,999.999718,999.999730,999.999744,999.999758,999.999774,999.999790,999.999808,999.999826,999.999846,999.999867,999.999889,999.999912,999.999936,999.999961,999.999987,1000.000014,1000.000043,1000.000072,1000.000102,1000.000134,1000.000166,1000.000200,1000.000234,1000.000271,1000.000306,1000.000343,1000.000383,1000.000421,1000.000439,1000.000419,1000.000365,1000.000299,1000.000231,1000.000161,0.000000,0.000000,0.000000,0.000000,0.000000,0.000000,0.000000
0.000000,0.000000,0.000000,0.000000,0.000000,0.000000,1000.000123,1000.000198,1000.000266,1000.000334,1000.000396,1000.000435,1000.000434,1000.000402,1000.000360,1000.000321,1000.000284,1000.000247,1000.000211,1000.000177,1000.000143,1000.000111,1000.000079,1000.000049,1000.000020,999.999991,999.999964,999.999938,999.999913,999.999889,999.999866,999.999844,999.999823,999.999804,999.999785,999.999767,999.999751,999.999735,999.999721,999.999708,999.999695,999.999684,999.999674,999.999665,999.999657,999.999650,999.999644,999.999639,999.999636,999.999633,999.999631,999.999631,999.999631,999.999633,999.999636,999.999639,999.999644,999.999650,999.999657,999.999665,999.999674,999.999684,999.999695,999.999708,999.999721,999.999735,999.999751,999.999767,999.999785,999.999804,999.999823,999.999844,999.999866,999.999889,999.999913,999.999938,999.999964,999.999991,1000.000020,1000.000049,1000.000079,1000.000111,1000.000143,1000.000177,1000.000211,1000.000247,1000.000284,1000.000321,1000.000360,1000.000402,1000.000434,1000.000435,1000.000396,1000.000334,1000.000266,1000.000198,1000.000123,0.000000,0.000000,0.000000,0.000000,0.000000,0.000000
0.000000,0.000000,0.000000,0.000000,0.000000,0.000000,1000.000159,1000.000230,1000.000299,1000.000366,1000.000420,1000.000439,1000.000420,1000.000380,1000.000338,1000.000299,1000.000262,1000.000225,1000.000189,1000.000155,1000.000121,1000.000089,1000.000057,1000.000027,999.999998,999.999969,999.999942,999.999916,999.999891,999.999867,999.999844,999.999822,999.999801,999.999782,999.999763,999.999745,999.999729,999.999713,999.999699,999.999686,999.999673,999.999662,999.999652,999.999643,999.999635,999.999628,999.999622,999.999617,999.999614,999.999611,999.999609,999.999609,999.999609,999.999611,999.999614,999.999617,999.999622,999.999628,999.999635,999.999643,999.999652,999.999662,999.999673,999.999686,999.999699,999.999713,999.999729,999.999745,999.999763,999.999782,999.999801,999.999822,999.999844,999.999867,999.999891,999.999916,999.999942,999.999969,999.999998,1000.000027,1000.000057,1000.000089,1000.000121,1000.000155,1000.000189,1000.000225,1000.000262,1000.000299,1000.000338,1000.000380,1000.000420,1000.000439,1000.000420,1000.000366,1000.000299,1000.000230,1000.000159,0.000000,0.000000,0.000000,0.000000,0.000000,0.000000
0.000000,0.000000,0.000000,0.000000,0.000000,1000.000118,1000.000194,1000.000262,1000.000332,1000.000395,1000.000435,1000.000434,1000.000401,1000.000358,1000.000318,1000.000279,1000.000241,1000.000204,1000.000169,1000.000134,1000.000100,1000.000068,1000.000037,1000.000006,999.999977,999.999949,999.999921,999.999895,999.999870,999.999846,999.999823,999.999801,999.999781,999.999761,999.999742,999.999725,999.999708,999.999693,999.999678,999.999665,999.999653,999.999641,999.999631,999.999622,999.999614,999.999607,999.999601,999.999597,999.999593,999.999590,999.999589,999.999588,999.999589,999.999590,999.999593,999.999597,999.999601,999.999607,999.999614,999.999622,999.999631,999.999641,999.999653,999.999665,999.999678,999.999693,999.999708,999.999725,999.999742,999.999761,999.999781,999.999801,999.999823,999.999846,999.999870,999.999895,999.999921,999.999949,999.999977,1000.000006,1000.000037,1000.000068,1000.000100,1000.000134,1000.000169,1000.000204,1000.000241,1000.000279,1000.000318,1000.000358,1000.000401,1000.000434,1000.000435,1000.000395,1000.000332,1000.000262,1000.000194,1000.000118,0.000000,0.000000,0.000000,0.000000,0.000000
0.000000,0.000000,0.000000,0.000000,0.000000,1000.000150,1000.000223,1000.000293,1000.000363,1000.000418,1000.000439,1000.000420,1000.000381,1000.000338,1000.000298,1000.000259,1000.000221,1000.000184,1000.000149,1000.000114,1000.000081,1000.000048,1000.000017,999.999986,999.999957,999.999929,999.999902,999.999876,999.999850,999.999826,999.999804,999.999782,999.999761,999.999741,999.999722,999.999705,999.999688,999.999673,999.999658,999.999645,999.999633,999.999622,999.999612,999.999602,999.999594,999.999588,999.999582,999.999577,999.999573,999.999571,999.999569,999.999568,999.999569,999.999571,999.999573,999.999577,999.999582,999.999588,999.999594,999.999602,999.999612,999.999622,999.999633,999.999645,999.999658,999.999673,999.999688,999.999705,999.999722,999.999741,999.999761,999.999782,999.999804,999.999826,999.999850,999.999876,999.999902,999.999929,999.999957,999.999986,1000.000017,1000.000048,1000.000081,1000.000114,1000.000149,1000.000184,1000.000221,1000.000259,1000.000298,1000.000338,1000.000381,1000.000420,1000.000439,1000.000418,1000.000363,1000.000293,1000.000223,1000.000150,0.000000,0.000000,0.000000,0.000000,0.000000
0.000000,0.000000,0.000000,0.000000,1000.000103,1000.000180,1000.000251,1000.000323,1000.000389,1000.000433,1000.000434,1000.000402,1000.000360,1000.000319,1000.000279,1000.000240,1000.000202,1000.000166,1000.000130,1000.000095,1000.000062,1000.000029,999.999998,999.999968,999.999938,999.999910,999.999883,999.999857,999.999832,999.999808,999.999785,999.999763,999.999742,999.999722,999.999704,999.999686,999.999670,999.999654,999.999640,999.999626,999.999614,999.999603,999.999593,999.999584,999.999576,999.999569,999.999563,999.999558,999.999554,999.999552,999.999550,999.999550,999.999550,999.999552,999.999554,999.999558,999.999563,999.999569,999.999576,999.999584,999.999593,999.999603,999.999614,999.999626,999.999640,999.999654,999.999670,999.999686,999.999704,999.999722,999.999742,999.999763,999.999785,999.999808,999.999832,999.999857,999.999883,999.999910,999.999938,999.999968,999.999998,1000.000029,1000.000062,1000.000095,1000.000130,1000.000166,1000.000202,1000.000240,1000.000279,1000.000319,1000.000360,1000.000402,1000.000434,1000.000433,1000.000389,1000.000323,1000.000251,1000.000180,1000.000103,0.000000,0.000000,0.000000,0.000000
0.000000,0.000000,0.000000,0.000000,1000.000132,1000.000205,1000.000277,1000.000349,1000.000411,1000.000438,1000.000423,1000.000384,1000.000341,1000.000301,1000.000262,1000.000222,1000.000185,1000.000148,1000.000112,1000.000078,1000.000044,1000.000012,999.999980,999.999950,999.999921,999.999893,999.999865,999.999839,999.999814,999.999790,999.999767,999.999745,999.999725,999.999705,999.999686,999.999669,999.999652,999.999637,999.999622,999.999609,999.999597,999.999585,999.999575,999.999566,999.999558,999.999551,999.999545,999.999541,999.999537,999.999534,999.999533,999.999532,999.999533,999.999534,999.999537,999.999541,999.999545,999.999551,999.999558,999.999566,999.999575,999.999585,999.999597,999.999609,999.999622,999.999637,999.999652,999.999669,999.999686,999.999705,999.999725,999.999745,999.999767,999.999790,999.999814,999.999839,999.999865,999.999893,999.999921,999.999950,999.999980,1000.000012,1000.000044,1000.000078,1000.000112,1000.000148,1000.000185,1000.000222,1000.000262,1000.000301,1000.000341,1000.000384,1000.000423,1000.000438,1000.000411,1000.000349,1000.000277,1000.000205,1000.000132,0.000000,0.000000,0.000000,0.000000
