0.000000,0.000000,0.000000,0.000000,0.000000,0.000000,0.000000,0.000000,0.000000,0.000000,0.000000,0.000000,0.000000,0.000000,0.000000,0.000000,0.000000,0.000000,0.000000,0.000000,0.000000,0.000000,0.000000,0.000000,0.000000,0.000000,0.000000,0.000000,0.000000,0.000000,0.000000,0.000000,0.000000,0.000000,0.000000,0.000000,0.000000,0.000000,0.000000,0.000000,0.000000,0.000000,0.000000,0.000000,0.000000,0.000000,0.000000,0.000000,0.000000,0.000000,0.000000,0.000000,0.000000,0.000000,0.000000,0.000000,0.000000,0.000000,0.000000,0.000000,0.000000,0.000000,0.000000,0.000000,0.000000,0.000000,0.000000,0.000000,0.000000,0.000000,0.000000,0.000000,0.000000,0.000000,0.000000,0.000000,0.000000,0.000000,0.000000,0.000000,0.000000,0.000000,0.000000,0.000000,0.000000,0.000000,0.000000,0.000000,0.000000,0.000000,0.000000,0.000000,0.000000,0.000000,0.000000,0.000000,0.000000,0.000000,0.000000,0.000000,0.000000,0.000000,0.000000
0.000000,0.000000,0.000000,0.000000,0.000000,0.000000,0.000000,0.000000,0.000000,0.000000,0.000000,0.000000,0.000000,0.000000,0.000000,0.000000,0.000000,0.000000,0.000000,0.000000,0.000000,0.000000,0.000000,0.000000,0.000000,0.000000,0.000000,0.000000,0.000000,0.000000,0.000000,0.000000,0.000000,0.000000,0.000000,0.000000,0.000000,0.000000,0.000000,0.000000,0.000000,0.000000,0.000000,0.000000,0.000000,0.000000,0.000000,0.000000,0.000000,0.000000,0.000000,1000.000080,0.000000,0.000000,0.000000,0.000000,0.000000,0.000000,0.000000,0.000000,0.000000,0.000000,0.000000,0.000000,0.000000,0.000000,0.000000,0.000000,0.000000,0.000000,0.000000,0.000000,0.000000,0.000000,0.000000,0.000000,0.000000,0.000000,0.000000,0.000000,0.000000,0.000000,0.000000,0.000000,0.000000,0.000000,0.000000,0.000000,0.000000,0.000000,0.000000,0.000000,0.000000,0.000000,0.000000,0.000000,0.000000,0.000000,0.000000,0.000000,0.000000,0.000000,0.000000
0.000000,0.000000,0.000000,0.000000,0.000000,0.000000,0.000000,0.000000,0.000000,0.000000,0.000000,0.000000,0.000000,0.000000,0.000000,0.000000,0.000000,0.000000,0.000000,0.000000,0.000000,0.000000,0.000000,0.000000,0.000000,0.000000,0.000000,0.000000,0.000000,0.000000,0.000000,0.000000,0.000000,0.000000,0.000000,0.000000,0.000000,0.000000,0.000000,0.000000,0.000000,0.000000,1000.000146,1000.000170,1000.000182,1000.000189,1000.000192,1000.000193,1000.000193,1000.000192,1000.000191,1000.000197,1000.000191,1000.000192,1000.000193,1000.000193,1000.000192,1000.000189,1000.000182,1000.000170,1000.000146,0.000000,0.000000,0.000000,0.000000,0.000000,0.000000,0.000000,0.000000,0.000000,0.000000,0.000000,0.000000,0.000000,0.000000,0.000000,0.000000,0.000000,0.000000,0.000000,0.000000,0.000000,0.000000,0.000000,0.000000,0.000000,0.000000,0.000000,0.000000,0.000000,0.000000,0.000000,0.000000,0.000000,0.000000,0.000000,0.000000,0.000000,0.000000,0.000000,0.000000,0.000000,0.000000
0.000000,0.000000,0.000000,0.000000,0.000000,0.000000,0.000000,0.000000,0.000000,0.000000,0.000000,0.000000,0.000000,0.000000,0.000000,0.000000,0.000000,0.000000,0.000000,0.000000,0.000000,0.000000,0.000000,0.000000,0.000000,0.000000,0.000000,0.000000,0.000000,0.000000,0.000000,0.000000,0.000000,0.000000,0.000000,0.000000,0.000000,1000.000141,1000.000176,1000.000204,1000.000226,1000.000245,1000.000262,1000.000277,1000.000289,1000.000297,1000.000302,1000.000304,1000.000305,1000.000305,1000.000305,1000.000306,1000.000305,1000.000305,1000.000305,1000.000304,1000.000302,1000.000297,1000.000289,1000.000277,1000.000262,1000.000245,1000.000226,1000.000204,1000.000176,1000.000141,0.000000,0.000000,0.000000,0.000000,0.000000,0.000000,0.000000,0.000000,0.000000,0.000000,0.000000,0.000000,0.000000,0.000000,0.000000,0.000000,0.000000,0.000000,0.000000,0.000000,0.000000,0.000000,0.000000,0.000000,0.000000,0.000000,0.000000,0.000000,0.000000,0.000000,0.000000,0.000000,0.000000,0.000000,0.000000,0.000000,0.000000
0.000000,0.000000,0.000000,0.000000,0.000000,0.000000,0.000000,0.000000,0.000000,0.000000,0.000000,0.000000,0.000000,0.000000,0.000000,0.000000,0.000000,0.000000,0.000000,0.000000,0.000000,0.000000,0.000000,0.000000,0.000000,0.000000,0.000000,0.000000,0.000000,0.000000,0.000000,0.000000,0.000000,0.000000,1000.000147,1000.000187,1000.000220,1000.000253,1000.000282,1000.000308,1000.000332,1000.000352,1000.000371,1000.000386,1000.000398,1000.000405,1000.000409,1000.000412,1000.000413,1000.000413,1000.000414,1000.000413,1000.000414,1000.000413,1000.000413,1000.000412,1000.000409,1000.000405,1000.000398,1000.000386,1000.000371,1000.000352,1000.000332,1000.000308,1000.000282,1000.000253,1000.000220,1000.000187,1000.000147,0.000000,0.000000,0.000000,0.000000,0.000000,0.000000,0.000000,0.000000,0.000000,0.000000,0.000000,0.000000,0.000000,0.000000,0.000000,0.000000,0.000000,0.000000,0.000000,0.000000,0.000000,0.000000,0.000000,0.000000,0.000000,0.000000,0.000000,0.000000,0.000000,0.000000,0.000000,0.000000,0.000000,0.000000
0.000000,0.000000,0.000000,0.000000,0.000000,0.000000,0.000000,0.000000,0.000000,0.000000,0.000000,0.000000,0.000000,0.000000,0.000000,0.000000,0.000000,0.000000,0.000000,0.000000,0.000000,0.000000,0.000000,0.000000,0.000000,0.000000,0.000000,0.000000,0.000000,0.000000,0.000000,0.000000,1000.000168,1000.000213,1000.000256,1000.000292,1000.000325,1000.000357,1000.000386,1000.000412,1000.000436,1000.000459,1000.000479,1000.000494,1000.000504,1000.000510,1000.000513,1000.000515,1000.000516,1000.000516,1000.000517,1000.000516,1000.000517,1000.000516,1000.000516,1000.000515,1000.000513,1000.000510,1000.000504,1000.000494,1000.000479,1000.000459,1000.000436,1000.000412,1000.000386,1000.000357,1000.000325,1000.000292,1000.000256,1000.000213,1000.000168,0.000000,0.000000,0.000000,0.000000,0.000000,0.000000,0.000000,0.000000,0.000000,0.000000,0.000000,0.000000,0.000000,0.000000,0.000000,0.000000,0.000000,0.000000,0.000000,0.000000,0.000000,0.000000,0.000000,0.000000,0.000000,0.000000,0.000000,0.000000,0.000000,0.000000,0.000000,0.000000
0.000000,0.000000,0.000000,0.000000,0.000000,0.000000,0.000000,0.000000,0.000000,0.000000,0.000000,0.000000,0.000000,0.000000,0.000000,0.000000,0.000000,0.000000,0.000000,0.000000,0.000000,0.000000,0.000000,0.000000,0.000000,0.000000,0.000000,0.000000,0.000000,0.000000,1000.000175,1000.000226,1000.000275,1000.000316,1000.000356,1000.000393,1000.000429,1000.000461,1000.000490,1000.000514,1000.000535,1000.000554,1000.000570,1000.000581,1000.000587,1000.000590,1000.000592,1000.000592,1000.000593,1000.000593,1000.000593,1000.000593,1000.000593,1000.000593,1000.000593,1000.000592,1000.000592,1000.000590,1000.000587,1000.000581,1000.000570,1000.000554,1000.000535,1000.000514,1000.000490,1000.000461,1000.000429,1000.000393,1000.000356,1000.000316,1000.000275,1000.000226,1000.000175,0.000000,0.000000,0.000000,0.000000,0.000000,0.000000,0.000000,0.000000,0.000000,0.000000,0.000000,0.000000,0.000000,0.000000,0.000000,0.000000,0.000000,0.000000,0.000000,0.000000,0.000000,0.000000,0.000000,0.000000,0.000000,0.000000,0.000000,0.000000,0.000000,0.000000
0.000000,0.000000,0.000000,0.000000,0.000000,0.000000,0.000000,0.000000,0.000000,0.000000,0.000000,0.000000,0.000000,0.000000,0.000000,0.000000,0.000000,0.000000,0.000000,0.000000,0.000000,0.000000,0.000000,0.000000,0.000000,0.000000,0.000000,0.000000,1000.000175,1000.000229,1000.000282,1000.000327,1000.000373,1000.000416,1000.000458,1000.000495,1000.000527,1000.000555,1000.000578,1000.000593,1000.000603,1000.000610,1000.000612,1000.000611,1000.000609,1000.000608,1000.000608,1000.000607,1000.000606,1000.000606,1000.000605,1000.000605,1000.000605,1000.000606,1000.000606,1000.000607,1000.000608,1000.000608,1000.000609,1000.000611,1000.000612,1000.000610,1000.000603,1000.000593,1000.000578,1000.000555,1000.000527,1000.000495,1000.000458,1000.000416,1000.000373,1000.000327,1000.000282,1000.000229,1000.000175,0.000000,0.000000,0.000000,0.000000,0.000000,0.000000,0.000000,0.000000,0.000000,0.000000,0.000000,0.000000,0.000000,0.000000,0.000000,0.000000,0.000000,0.000000,0.000000,0.000000,0.000000,0.000000,0.000000,0.000000,0.000000,0.000000,0.000000,0.000000
0.000000,0.000000,0.000000,0.000000,0.000000,0.000000,0.000000,0.000000,0.000000,0.000000,0.000000,0.000000,0.000000,0.000000,0.000000,0.000000,0.000000,0.000000,0.000000,0.000000,0.000000,0.000000,0.000000,0.000000,0.000000,0.000000,1000.000166,1000.000224,1000.000280,1000.000329,1000.000377,1000.000425,1000.000471,1000.000514,1000.000551,1000.000580,1000.000600,1000.000612,1000.000617,1000.000616,1000.000612,1000.000604,1000.000591,1000.000580,1000.000571,1000.000566,1000.000563,1000.000561,1000.000560,1000.000559,1000.000558,1000.000558,1000.000558,1000.000559,1000.000560,1000.000561,1000.000563,1000.000566,1000.000571,1000.000580,1000.000591,1000.000604,1000.000612,1000.000616,1000.000617,1000.000612,1000.000600,1000.000580,1000.000551,1000.000514,1000.000471,1000.000425,1000.000377,1000.000329,1000.000280,1000.000224,1000.000166,0.000000,0.000000,0.000000,0.000000,0.000000,0.000000,0.000000,0.000000,0.000000,0.000000,0.000000,0.000000,0.000000,0.000000,0.000000,0.000000,0.000000,0.000000,0.000000,0.000000,0.000000,0.000000,0.000000,0.000000,0.000000,0.000000
0.000000,0.000000,0.000000,0.000000,0.000000,0.000000,0.000000,0.000000,0.000000,0.000000,0.000000,0.000000,0.000000,0.000000,0.000000,0.000000,0.000000,0.000000,0.000000,0.000000,0.000000,0.000000,0.000000,0.000000,1000.000143,1000.000207,1000.000268,1000.000321,1000.000374,1000.000424,1000.000474,1000.000519,1000.000559,1000.000590,1000.000610,1000.000618,1000.000616,1000.000608,1000.000595,1000.000581,1000.000566,1000.000551,1000.000536,1000.000521,1000.000511,1000.000504,1000.000499,1000.000496,1000.000493,1000.000491,1000.000490,1000.000490,1000.000490,1000.000491,1000.000493,1000.000496,1000.000499,1000.000504,1000.000511,1000.000521,1000.000536,1000.000551,1000.000566,1000.000581,1000.000595,1000.000608,1000.000616,1000.000618,1000.000610,1000.000590,1000.000559,1000.000519,1000.000474,1000.000424,1000.000374,1000.000321,1000.000268,1000.000207,1000.000143,0.000000,0.000000,0.000000,0.000000,0.000000,0.000000,0.000000,0.000000,0.000000,0.000000,0.000000,0.000000,0.000000,0.000000,0.000000,0.000000,0.000000,0.000000,0.000000,0.000000,0.000000,0.000000,0.000000,0.000000
0.000000,0.000000,0.000000,0.000000,0.000000,0.000000,0.000000,0.000000,0.000000,0.000000,0.000000,0.000000,0.000000,0.000000,0.000000,0.000000,0.000000,0.000000,0.000000,0.000000,0.000000,0.000000,0.000000,1000.000172,1000.000242,1000.000302,1000.000360,1000.000416,1000.000469,1000.000518,1000.000560,1000.000593,1000.000613,1000.000619,1000.000613,1000.000598,1000.000579,1000.000560,1000.000539,1000.000520,1000.000503,1000.000488,1000.000473,1000.000460,1000.000450,1000.000442,1000.000436,1000.000431,1000.000428,1000.000426,1000.000425,1000.000424,1000.000425,1000.000426,1000.000428,1000.000431,1000.000436,1000.000442,1000.000450,1000.000460,1000.000473,1000.000488,1000.000503,1000.000520,1000.000539,1000.000560,1000.000579,1000.000598,1000.000613,1000.000619,1000.000613,1000.000593,1000.000560,1000.000518,1000.000469,1000.000416,1000.000360,1000.000302,1000.000242,1000.000172,0.000000,0.000000,0.000000,0.000000,0.000000,0.000000,0.000000,0.000000,0.000000,0.000000,0.000000,0.000000,0.000000,0.000000,0.000000,0.000000,0.000000,0.000000,0.000000,0.000000,0.000000,0.000000,0.000000
0.000000,0.000000,0.000000,0.000000,0.000000,0.000000,0.000000,0.000000,0.000000,0.000000,0.000000,0.000000,0.000000,0.000000,0.000000,0.000000,0.000000,0.000000,0.000000,0.000000,0.000000,1000.000127,1000.000199,1000.000269,1000.000331,1000.000393,1000.000453,1000.000509,1000.000555,1000.000591,1000.000613,1000.000620,1000.000613,1000.000594,1000.000570,1000.000545,1000.000520,1000.000498,1000.000478,1000.000459,1000.000442,1000.000427,1000.000413,1000.000400,1000.000390,1000.000381,1000.000374,1000.000369,1000.000366,1000.000363,1000.000361,1000.000361,1000.000361,1000.000363,1000.000366,1000.000369,1000.000374,1000.000381,1000.000390,1000.000400,1000.000413,1000.000427,1000.000442,1000.000459,1000.000478,1000.000498,1000.000520,1000.000545,1000.000570,1000.000594,1000.000613,1000.000620,1000.000613,1000.000591,1000.000555,1000.000509,1000.000453,1000.000393,1000.000331,1000.000269,1000.000199,1000.000127,0.000000,0.000000,0.000000,0.000000,0.000000,0.000000,0.000000,0.000000,0.000000,0.000000,0.000000,0.000000,0.000000,0.000000,0.000000,0.000000,0.000000,0.000000,0.000000,0.000000,0.000000
0.000000,0.000000,0.000000,0.000000,0.000000,0.000000,0.000000,0.000000,0.000000,0.000000,0.000000,0.000000,0.000000,0.000000,0.000000,0.000000,0.000000,0.000000,0.000000,0.000000,1000.000148,1000.000224,1000.000290,1000.000354,1000.000418,1000.000483,1000.000540,1000.000584,1000.000610,1000.000619,1000.000613,1000.000594,1000.000569,1000.000540,1000.000511,1000.000485,1000.000461,1000.000439,1000.000419,1000.000400,1000.000383,1000.000367,1000.000353,1000.000341,1000.000331,1000.000322,1000.000315,1000.000309,1000.000305,1000.000302,1000.000300,1000.000299,1000.000300,1000.000302,1000.000305,1000.000309,1000.000315,1000.000322,1000.000331,1000.000341,1000.000353,1000.000367,1000.000383,1000.000400,1000.000419,1000.000439,1000.000461,1000.000485,1000.000511,1000.000540,1000.000569,1000.000594,1000.000613,1000.000619,1000.000610,1000.000584,1000.000540,1000.000483,1000.000418,1000.000354,1000.000290,1000.000224,1000.000148,0.000000,0.000000,0.000000,0.000000,0.000000,0.000000,0.000000,0.000000,0.000000,0.000000,0.000000,0.000000,0.000000,0.000000,0.000000,0.000000,0.000000,0.000000,0.000000,0.000000
0.000000,0.000000,0.000000,0.000000,0.000000,0.000000,0.000000,0.000000,0.000000,0.000000,0.000000,0.000000,0.000000,0.000000,0.000000,0.000000,0.000000,0.000000,0.000000,1000.000165,1000.000243,1000.000310,1000.000375,1000.000441,1000.000503,1000.000560,1000.000600,1000.000617,1000.000613,1000.000595,1000.000569,1000.000540,1000.000509,1000.000480,1000.000453,1000.000428,1000.000404,1000.000382,1000.000361,1000.000342,1000.000325,1000.000310,1000.000296,1000.000283,1000.000273,1000.000264,1000.000256,1000.000250,1000.000246,1000.000242,1000.000241,1000.000240,1000.000241,1000.000242,1000.000246,1000.000250,1000.000256,1000.000264,1000.000273,1000.000283,1000.000296,1000.000310,1000.000325,1000.000342,1000.000361,1000.000382,1000.000404,1000.000428,1000.000453,1000.000480,1000.000509,1000.000540,1000.000569,1000.000595,1000.000613,1000.000617,1000.000600,1000.000560,1000.000503,1000.000441,1000.000375,1000.000310,1000.000243,1000.000165,0.000000,0.000000,0.000000,0.000000,0.000000,0.000000,0.000000,0.000000,0.000000,0.000000,0.000000,0.000000,0.000000,0.000000,0.000000,0.000000,0.000000,0.000000,0.000000
0.000000,0.000000,0.000000,0.000000,0.000000,0.000000,0.000000,0.000000,0.000000,0.000000,0.000000,0.000000,0.000000,0.000000,0.000000,0.000000,0.000000,0.000000,1000.000175,1000.000256,1000.000327,1000.000395,1000.000463,1000.000523,1000.000574,1000.000609,1000.000618,1000.000602,1000.000575,1000.000544,1000.000512,1000.000481,1000.000451,1000.000423,1000.000397,1000.000371,1000.000348,1000.000325,1000.000305,1000.000286,1000.000269,1000.000253,1000.000239,1000.000227,1000.000216,1000.000207,1000.000199,1000.000193,1000.000188,1000.000185,1000.000183,1000.000182,1000.000183,1000.000185,1000.000188,1000.000193,1000.000199,1000.000207,1000.000216,1000.000227,1000.000239,1000.000253,1000.000269,1000.000286,1000.000305,1000.000325,1000.000348,1000.000371,1000.000397,1000.000423,1000.000451,1000.000481,1000.000512,1000.000544,1000.000575,1000.000602,1000.000618,1000.000609,1000.000574,1000.000523,1000.000463,1000.000395,1000.000327,1000.000256,1000.000175,0.000000,0.000000,0.000000,0.000000,0.000000,0.000000,0.000000,0.000000,0.000000,0.000000,0.000000,0.000000,0.000000,0.000000,0.000000,0.000000,0.000000,0.000000
0.000000,0.000000,0.000000,0.000000,0.000000,0.000000,0.000000,0.000000,0.000000,0.000000,0.000000,0.000000,0.000000,0.000000,0.000000,0.000000,0.000000,1000.000181,1000.000264,1000.000337,1000.000409,1000.000481,1000.000543,1000.000589,1000.000615,1000.000616,1000.000594,1000.000560,1000.000522,1000.000488,1000.000456,1000.000425,1000.000396,1000.000368,1000.000341,1000.000316,1000.000292,1000.000271,1000.000250,1000.000231,1000.000214,1000.000198,1000.000184,1000.000172,1000.000161,1000.000152,1000.000144,1000.000137,1000.000133,1000.000129,1000.000127,1000.000126,1000.000127,1000.000129,1000.000133,1000.000137,1000.000144,1000.000152,1000.000161,1000.000172,1000.000184,1000.000198,1000.000214,1000.000231,1000.000250,1000.000271,1000.000292,1000.000316,1000.000341,1000.000368,1000.000396,1000.000425,1000.000456,1000.000488,1000.000522,1000.000560,1000.000594,1000.000616,1000.000615,1000.000589,1000.000543,1000.000481,1000.000409,1000.000337,1000.000264,1000.000181,0.000000,0.000000,0.000000,0.000000,0.000000,0.000000,0.000000,0.000000,0.000000,0.000000,0.000000,0.000000,0.000000,0.000000,0.000000,0.000000,0.000000
0.000000,0.000000,0.000000,0.000000,0.000000,0.000000,0.000000,0.000000,0.000000,0.000000,0.000000,0.000000,0.000000,0.000000,0.000000,0.000000,1000.000182,1000.000268,1000.000343,1000.000417,1000.000490,1000.000555,1000.000600,1000.000617,1000.000610,1000.000585,1000.000548,1000.000507,1000.000469,1000.000435,1000.000403,1000.000372,1000.000342,1000.000314,1000.000288,1000.000263,1000.000239,1000.000217,1000.000197,1000.000178,1000.000160,1000.000145,1000.000131,1000.000118,1000.000107,1000.000098,1000.000090,1000.000083,1000.000078,1000.000075,1000.000073,1000.000072,1000.000073,1000.000075,1000.000078,1000.000083,1000.000090,1000.000098,1000.000107,1000.000118,1000.000131,1000.000145,1000.000160,1000.000178,1000.000197,1000.000217,1000.000239,1000.000263,1000.000288,1000.000314,1000.000342,1000.000372,1000.000403,1000.000435,1000.000469,1000.000507,1000.000548,1000.000585,1000.000610,1000.000617,1000.000600,1000.000555,1000.000490,1000.000417,1000.000343,1000.000268,1000.000182,0.000000,0.000000,0.000000,0.000000,0.000000,0.000000,0.000000,0.000000,0.000000,0.000000,0.000000,0.000000,0.000000,0.000000,0.000000,0.000000
0.000000,0.000000,0.000000,0.000000,0.000000,0.000000,0.000000,0.000000,0.000000,0.000000,0.000000,0.000000,0.000000,0.000000,0.000000,1000.000181,1000.000268,1000.000345,1000.000420,1000.000495,1000.000560,1000.000605,1000.000618,1000.000601,1000.000571,1000.000533,1000.000493,1000.000454,1000.000418,1000.000384,1000.000351,1000.000320,1000.000290,1000.000262,1000.000236,1000.000211,1000.000187,1000.000165,1000.000145,1000.000126,1000.000109,1000.000093,1000.000079,1000.000066,1000.000055,1000.000045,1000.000037,1000.000031,1000.000026,1000.000022,1000.000020,1000.000019,1000.000020,1000.000022,1000.000026,1000.000031,1000.000037,1000.000045,1000.000055,1000.000066,1000.000079,1000.000093,1000.000109,1000.000126,1000.000145,1000.000165,1000.000187,1000.000211,1000.000236,1000.000262,1000.000290,1000.000320,1000.000351,1000.000384,1000.000418,1000.000454,1000.000493,1000.000533,1000.000571,1000.000601,1000.000618,1000.000605,1000.000560,1000.000495,1000.000420,1000.000345,1000.000268,1000.000181,0.000000,0.000000,0.000000,0.000000,0.000000,0.000000,0.000000,0.000000,0.000000,0.000000,0.000000,0.000000,0.000000,0.000000,0.000000
0.000000,0.000000,0.000000,0.000000,0.000000,0.000000,0.000000,0.000000,0.000000,0.000000,0.000000,0.000000,0.000000,0.000000,1000.000175,1000.000264,1000.000343,1000.000420,1000.000497,1000.000562,1000.000607,1000.000618,1000.000597,1000.000561,1000.000519,1000.000479,1000.000441,1000.000404,1000.000368,1000.000333,1000.000300,1000.000269,1000.000240,1000.000212,1000.000185,1000.000160,1000.000136,1000.000115,1000.000094,1000.000075,1000.000058,1000.000042,1000.000028,1000.000015,1000.000004,999.999995,999.999987,999.999980,999.999975,999.999971,999.999969,999.999968,999.999969,999.999971,999.999975,999.999980,999.999987,999.999995,1000.000004,1000.000015,1000.000028,1000.000042,1000.000058,1000.000075,1000.000094,1000.000115,1000.000136,1000.000160,1000.000185,1000.000212,1000.000240,1000.000269,1000.000300,1000.000333,1000.000368,1000.000404,1000.000441,1000.000479,1000.000519,1000.000561,1000.000597,1000.000618,1000.000607,1000.000562,1000.000497,1000.000420,1000.000343,1000.000264,1000.000175,0.000000,0.000000,0.000000,0.000000,0.000000,0.000000,0.000000,0.000000,0.000000,0.000000,0.000000,0.000000,0.000000,0.000000
0.000000,0.000000,0.000000,0.000000,0.000000,0.000000,0.000000,0.000000,0.000000,0.000000,0.000000,0.000000,0.000000,1000.000165,1000.000256,1000.000337,1000.000417,1000.000495,1000.000562,1000.000608,1000.000618,1000.000596,1000.000556,1000.000512,1000.000469,1000.000429,1000.000392,1000.000354,1000.000318,1000.000284,1000.000251,1000.000220,1000.000190,1000.000162,1000.000136,1000.000111,1000.000087,1000.000065,1000.000045,1000.000026,1000.000009,999.999993,999.999979,999.999966,999.999955,999.999945,999.999937,999.999931,999.999925,999.999922,999.999920,999.999919,999.999920,999.999922,999.999925,999.999931,999.999937,999.999945,999.999955,999.999966,999.999979,999.999993,1000.000009,1000.000026,1000.000045,1000.000065,1000.000087,1000.000111,1000.000136,1000.000162,1000.000190,1000.000220,1000.000251,1000.000284,1000.000318,1000.000354,1000.000392,1000.000429,1000.000469,1000.000512,1000.000556,1000.000596,1000.000618,1000.000608,1000.000562,1000.000495,1000.000417,1000.000337,1000.000256,1000.000165,0.000000,0.000000,0.000000,0.000000,0.000000,0.000000,0.000000,0.000000,0.000000,0.000000,0.000000,0.000000,0.000000
0.000000,0.000000,0.000000,0.000000,0.000000,0.000000,0.000000,0.000000,0.000000,0.000000,0.000000,0.000000,1000.000148,1000.000243,1000.000327,1000.000409,1000.000490,1000.000560,1000.000607,1000.000618,1000.000595,1000.000555,1000.000508,1000.000463,1000.000422,1000.000383,1000.000344,1000.000306,1000.000270,1000.000236,1000.000204,1000.000172,1000.000143,1000.000115,1000.000088,1000.000063,1000.000040,1000.000018,999.999997,999.999979,999.999961,999.999945,999.999931,999.999919,999.999907,999.999898,999.999889,999.999883,999.999878,999.999874,999.999872,999.999871,999.999872,999.999874,999.999878,999.999883,999.999889,999.999898,999.999907,999.999919,999.999931,999.999945,999.999961,999.999979,999.999997,1000.000018,1000.000040,1000.000063,1000.000088,1000.000115,1000.000143,1000.000172,1000.000204,1000.000236,1000.000270,1000.000306,1000.000344,1000.000383,1000.000422,1000.000463,1000.000508,1000.000555,1000.000595,1000.000618,1000.000607,1000.000560,1000.000490,1000.000409,1000.000327,1000.000243,1000.000148,0.000000,0.000000,0.000000,0.000000,0.000000,0.000000,0.000000,0.000000,0.000000,0.000000,0.000000,0.000000
0.000000,0.000000,0.000000,0.000000,0.000000,0.000000,0.000000,0.000000,0.000000,0.000000,0.000000,1000.000127,1000.000224,1000.000310,1000.000395,1000.000481,1000.000555,1000.000605,1000.000618,1000.000596,1000.000555,1000.000507,1000.000460,1000.000418,1000.000377,1000.000336,1000.000297,1000.000260,1000.000225,1000.000190,1000.000157,1000.000126,1000.000097,1000.000069,1000.000042,1000.000017,999.999994,999.999972,999.999951,999.999933,999.999915,999.999899,999.999885,999.999872,999.999861,999.999851,999.999843,999.999836,999.999831,999.999828,999.999825,999.999825,999.999825,999.999828,999.999831,999.999836,999.999843,999.999851,999.999861,999.999872,999.999885,999.999899,999.999915,999.999933,999.999951,999.999972,999.999994,1000.000017,1000.000042,1000.000069,1000.000097,1000.000126,1000.000157,1000.000190,1000.000225,1000.000260,1000.000297,1000.000336,1000.000377,1000.000418,1000.000460,1000.000507,1000.000555,1000.000596,1000.000618,1000.000605,1000.000555,1000.000481,1000.000395,1000.000310,1000.000224,1000.000127,0.000000,0.000000,0.000000,0.000000,0.000000,0.000000,0.000000,0.000000,0.000000,0.000000,0.000000
0.000000,0.000000,0.000000,0.000000,0.000000,0.000000,0.000000,0.000000,0.000000,0.000000,0.000000,1000.000199,1000.000290,1000.000375,1000.000463,1000.000543,1000.000600,1000.000618,1000.000597,1000.000556,1000.000508,1000.000460,1000.000416,1000.000374,1000.000331,1000.000291,1000.000253,1000.000216,1000.000180,1000.000145,1000.000113,1000.000082,1000.000052,1000.000024,999.999998,999.999973,999.999949,999.999927,999.999907,999.999888,999.999871,999.999855,999.999840,999.999828,999.999816,999.999807,999.999798,999.999792,999.999787,999.999783,999.999781,999.999780,999.999781,999.999783,999.999787,999.999792,999.999798,999.999807,999.999816,999.999828,999.999840,999.999855,999.999871,999.999888,999.999907,999.999927,999.999949,999.999973,999.999998,1000.000024,1000.000052,1000.000082,1000.000113,1000.000145,1000.000180,1000.000216,1000.000253,1000.000291,1000.000331,1000.000374,1000.000416,1000.000460,1000.000508,1000.000556,1000.000597,1000.000618,1000.000600,1000.000543,1000.000463,1000.000375,1000.000290,1000.000199,0.000000,0.000000,0.000000,0.000000,0.000000,0.000000,0.000000,0.000000,0.000000,0.000000,0.000000
0.000000,0.000000,0.000000,0.000000,0.000000,0.000000,0.000000,0.000000,0.000000,0.000000,1000.000172,1000.000269,1000.000354,1000.000441,1000.000523,1000.000589,1000.000617,1000.000601,1000.000561,1000.000512,1000.000463,1000.000418,1000.000374,1000.000330,1000.000288,1000.000248,1000.000209,1000.000172,1000.000136,1000.000102,1000.000070,1000.000039,1000.000009,999.999981,999.999955,999.999930,999.999906,999.999884,999.999864,999.999845,999.999827,999.999812,999.999797,999.999785,999.999773,999.999763,999.999755,999.999749,999.999743,999.999740,999.999737,999.999737,999.999737,999.999740,999.999743,999.999749,999.999755,999.999763,999.999773,999.999785,999.999797,999.999812,999.999827,999.999845,999.999864,999.999884,999.999906,999.999930,999.999955,999.999981,1000.000009,1000.000039,1000.000070,1000.000102,1000.000136,1000.000172,1000.000209,1000.000248,1000.000288,1000.000330,1000.000374,1000.000418,1000.000463,1000.000512,1000.000561,1000.000601,1000.000617,1000.000589,1000.000523,1000.000441,1000.000354,1000.000269,1000.000172,0.000000,0.000000,0.000000,0.000000,0.000000,0.000000,0.000000,0.000000,0.000000,0.000000
0.000000,0.000000,0.000000,0.000000,0.000000,0.000000,0.000000,0.000000,0.000000,1000.000143,1000.000242,1000.000331,1000.000418,1000.000503,1000.000574,1000.000615,1000.000610,1000.000571,1000.000519,1000.000469,1000.000422,1000.000377,1000.000331,1000.000288,1000.000247,1000.000206,1000.000168,1000.000130,1000.000095,1000.000061,1000.000028,999.999997,999.999967,999.999939,999.999913,999.999888,999.999864,999.999843,999.999822,999.999803,999.999786,999.999770,999.999756,999.999743,999.999732,999.999722,999.999714,999.999707,999.999702,999.999698,999.999696,999.999695,999.999696,999.999698,999.999702,999.999707,999.999714,999.999722,999.999732,999.999743,999.999756,999.999770,999.999786,999.999803,999.999822,999.999843,999.999864,999.999888,999.999913,999.999939,999.999967,999.999997,1000.000028,1000.000061,1000.000095,1000.000130,1000.000168,1000.000206,1000.000247,1000.000288,1000.000331,1000.000377,1000.000422,1000.000469,1000.000519,1000.000571,1000.000610,1000.000615,1000.000574,1000.000503,1000.000418,1000.000331,1000.000242,1000.000143,0.000000,0.000000,0.000000,0.000000,0.000000,0.000000,0.000000,0.000000,0.000000
0.000000,0.000000,0.000000,0.000000,0.000000,0.000000,0.000000,0.000000,0.000000,1000.000207,1000.000302,1000.000393,1000.000483,1000.000560,1000.000609,1000.000616,1000.000585,1000.000533,1000.000479,1000.000429,1000.000383,1000.000336,1000.000291,1000.000248,1000.000206,1000.000166,1000.000127,1000.000090,1000.000055,1000.000021,999.999988,999.999957,999.999927,999.999899,999.999873,999.999848,999.999824,999.999802,999.999782,999.999763,999.999746,999.999730,999.999716,999.999703,999.999691,999.999682,999.999673,999.999667,999.999661,999.999658,999.999655,999.999655,999.999655,999.999658,999.999661,999.999667,999.999673,999.999682,999.999691,999.999703,999.999716,999.999730,999.999746,999.999763,999.999782,999.999802,999.999824,999.999848,999.999873,999.999899,999.999927,999.999957,999.999988,1000.000021,1000.000055,1000.000090,1000.000127,1000.000166,1000.000206,1000.000248,1000.000291,1000.000336,1000.000383,1000.000429,1000.000479,1000.000533,1000.000585,1000.000616,1000.000609,1000.000560,1000.000483,1000.000393,1000.000302,1000.000207,0.000000,0.000000,0.000000,0.000000,0.000000,0.000000,0.000000,0.000000,0.000000
0.000000,0.000000,0.000000,0.000000,0.000000,0.000000,0.000000,0.000000,1000.000166,1000.000268,1000.000360,1000.000453,1000.000540,1000.000600,1000.000618,1000.000594,1000.000548,1000.000493,1000.000441,1000.000392,1000.000344,1000.000297,1000.000253,1000.000209,1000.000168,1000.000127,1000.000089,1000.000052,1000.000016,999.999982,999.999949,999.999918,999.999889,999.999861,999.999834,999.999809,999.999786,999.999764,999.999743,999.999725,999.999707,999.999691,999.999677,999.999664,999.999653,999.999643,999.999635,999.999628,999.999623,999.999619,999.999617,999.999616,999.999617,999.999619,999.999623,999.999628,999.999635,999.999643,999.999653,999.999664,999.999677,999.999691,999.999707,999.999725,999.999743,999.999764,999.999786,999.999809,999.999834,999.999861,999.999889,999.999918,999.999949,999.999982,1000.000016,1000.000052,1000.000089,1000.000127,1000.000168,1000.000209,1000.000253,1000.000297,1000.000344,1000.000392,1000.000441,1000.000493,1000.000548,1000.000594,1000.000618,1000.000600,1000.000540,1000.000453,1000.000360,1000.000268,1000.000166,0.000000,0.000000,0.000000,0.000000,0.000000,0.000000,0.000000,0.000000
0.000000,0.000000,0.000000,0.000000,0.000000,0.000000,0.000000,0.000000,1000.000224,1000.000321,1000.000416,1000.000509,1000.000584,1000.000617,1000.000602,1000.000560,1000.000507,1000.000454,1000.000404,1000.000354,1000.000306,1000.000260,1000.000216,1000.000172,1000.000130,1000.000090,1000.000052,1000.000015,999.999979,999.999945,999.999912,999.999881,999.999852,999.999824,999.999797,999.999772,999.999749,999.999727,999.999706,999.999687,999.999670,999.999654,999.999640,999.999627,999.999616,999.999606,999.999598,999.999591,999.999586,999.999582,999.999580,999.999579,999.999580,999.999582,999.999586,999.999591,999.999598,999.999606,999.999616,999.999627,999.999640,999.999654,999.999670,999.999687,999.999706,999.999727,999.999749,999.999772,999.999797,999.999824,999.999852,999.999881,999.999912,999.999945,999.999979,1000.000015,1000.000052,1000.000090,1000.000130,1000.000172,1000.000216,1000.000260,1000.000306,1000.000354,1000.000404,1000.000454,1000.000507,1000.000560,1000.000602,1000.000617,1000.000584,1000.000509,1000.000416,1000.000321,1000.000224,0.000000,0.000000,0.000000,0.000000,0.000000,0.000000,0.000000,0.000000
0.000000,0.000000,0.000000,0.000000,0.000000,0.000000,0.000000,1000.000175,1000.000280,1000.000374,1000.000469,1000.000555,1000.000610,1000.000613,1000.000575,1000.000522,1000.000469,1000.000418,1000.000368,1000.000318,1000.000270,1000.000225,1000.000180,1000.000136,1000.000095,1000.000055,1000.000016,999.999979,999.999943,999.999909,999.999877,999.999846,999.999816,999.999788,999.999762,999.999737,999.999713,999.999691,999.999671,999.999652,999.999635,999.999619,999.999604,999.999591,999.999580,999.999570,999.999562,999.999555,999.999550,999.999546,999.999544,999.999543,999.999544,999.999546,999.999550,999.999555,999.999562,999.999570,999.999580,999.999591,999.999604,999.999619,999.999635,999.999652,999.999671,999.999691,999.999713,999.999737,999.999762,999.999788,999.999816,999.999846,999.999877,999.999909,999.999943,999.999979,1000.000016,1000.000055,1000.000095,1000.000136,1000.000180,1000.000225,1000.000270,1000.000318,1000.000368,1000.000418,1000.000469,1000.000522,1000.000575,1000.000613,1000.000610,1000.000555,1000.000469,1000.000374,1000.000280,1000.000175,0.000000,0.000000,0.000000,0.000000,0.000000,0.000000,0.000000
0.000000,0.000000,0.000000,0.000000,0.000000,0.000000,0.000000,1000.000229,1000.000329,1000.000424,1000.000518,1000.000591,1000.000619,1000.000595,1000.000544,1000.000488,1000.000435,1000.000384,1000.000333,1000.000284,1000.000236,1000.000190,1000.000145,1000.000102,1000.000061,1000.000021,999.999982,999.999945,999.999909,999.999875,999.999843,999.999812,999.999782,999.999754,999.999728,999.999703,999.999679,999.999657,999.999637,999.999618,999.999600,999.999585,999.999570,999.999557,999.999546,999.999536,999.999528,999.999521,999.999516,999.999512,999.999510,999.999509,999.999510,999.999512,999.999516,999.999521,999.999528,999.999536,999.999546,999.999557,999.999570,999.999585,999.999600,999.999618,999.999637,999.999657,999.999679,999.999703,999.999728,999.999754,999.999782,999.999812,999.999843,999.999875,999.999909,999.999945,999.999982,1000.000021,1000.000061,1000.000102,1000.000145,1000.000190,1000.000236,1000.000284,1000.000333,1000.000384,1000.000435,1000.000488,1000.000544,1000.000595,1000.000619,1000.000591,1000.000518,1000.000424,1000.000329,1000.000229,0.000000,0.000000,0.000000,0.000000,0.000000,0.000000,0.000000
0.000000,0.000000,0.000000,0.000000,0.000000,0.000000,1000.000175,1000.000282,1000.000377,1000.000474,1000.000560,1000.000613,1000.000613,1000.000569,1000.000512,1000.000456,1000.000403,1000.000351,1000.000300,1000.000251,1000.000204,1000.000157,1000.000113,1000.000070,1000.000028,999.999988,999.999949,999.999912,999.999877,999.999843,999.999810,999.999779,999.999750,999.999722,999.999695,999.999670,999.999647,999.999625,999.999604,999.999585,999.999568,999.999552,999.999538,999.999525,999.999513,999.999504,999.999495,999.999489,999.999483,999.999479,999.999477,999.999476,999.999477,999.999479,999.999483,999.999489,999.999495,999.999504,999.999513,999.999525,999.999538,999.999552,999.999568,999.999585,999.999604,999.999625,999.999647,999.999670,999.999695,999.999722,999.999750,999.999779,999.999810,999.999843,999.999877,999.999912,999.999949,999.999988,1000.000028,1000.000070,1000.000113,1000.000157,1000.000204,1000.000251,1000.000300,1000.000351,1000.000403,1000.000456,1000.000512,1000.000569,1000.000613,1000.000613,1000.000560,1000.000474,1000.000377,1000.000282,1000.000175,0.000000,0.000000,0.000000,0.000000,0.000000,0.000000
0.000000,0.000000,0.000000,0.000000,0.000000,0.000000,1000.000226,1000.000327,1000.000425,1000.000519,1000.000593,1000.000620,1000.000594,1000.000540,1000.000481,1000.000425,1000.000372,1000.000320,1000.000269,1000.000220,1000.000172,1000.000126,1000.000082,1000.000039,999.999997,999.999957,999.999918,999.999881,999.999846,999.999812,999.999779,999.999748,999.999718,999.999690,999.999664,999.999639,999.999616,999.999594,999.999573,999.999554,999.999537,999.999521,999.999507,999.999494,999.999482,999.999473,999.999464,999.999457,999.999452,999.999448,999.999446,999.999445,999.999446,999.999448,999.999452,999.999457,999.999464,999.999473,999.999482,999.999494,999.999507,999.999521,999.999537,999.999554,999.999573,999.999594,999.999616,999.999639,999.999664,999.999690,999.999718,999.999748,999.999779,999.999812,999.999846,999.999881,999.999918,999.999957,999.999997,1000.000039,1000.000082,1000.000126,1000.000172,1000.000220,1000.000269,1000.000320,1000.000372,1000.000425,1000.000481,1000.000540,1000.000594,1000.000620,1000.000593,1000.000519,1000.000425,1000.000327,1000.000226,0.000000,0.000000,0.000000,0.000000,0.000000,0.000000
0.000000,0.000000,0.000000,0.000000,0.000000,1000.000168,1000.000275,1000.000373,1000.000471,1000.000559,1000.000613,1000.000613,1000.000569,1000.000509,1000.000451,1000.000396,1000.000342,1000.000290,1000.000240,1000.000190,1000.000143,1000.000097,1000.000052,1000.000009,999.999967,999.999927,999.999889,999.999852,999.999816,999.999782,999.999750,999.999718,999.999689,999.999661,999.999634,999.999609,999.999586,999.999564,999.999544,999.999525,999.999507,999.999491,999.999477,999.999464,999.999453,999.999443,999.999435,999.999428,999.999423,999.999419,999.999417,999.999416,999.999417,999.999419,999.999423,999.999428,999.999435,999.999443,999.999453,999.999464,999.999477,999.999491,999.999507,999.999525,999.999544,999.999564,999.999586,999.999609,999.999634,999.999661,999.999689,999.999718,999.999750,999.999782,999.999816,999.999852,999.999889,999.999927,999.999967,1000.000009,1000.000052,1000.000097,1000.000143,1000.000190,1000.000240,1000.000290,1000.000342,1000.000396,1000.000451,1000.000509,1000.000569,1000.000613,1000.000613,1000.000559,1000.000471,1000.000373,1000.000275,1000.000168,0.000000,0.000000,0.000000,0.000000,0.000000
0.000000,0.000000,0.000000,0.000000,0.000000,1000.000213,1000.000316,1000.000416,1000.000514,1000.000590,1000.000619,1000.000594,1000.000540,1000.000480,1000.000423,1000.000368,1000.000314,1000.000262,1000.000212,1000.000162,1000.000115,1000.000069,1000.000024,999.999981,999.999939,999.999899,999.999861,999.999824,999.999788,999.999754,999.999722,999.999690,999.999661,999.999633,999.999606,999.999581,999.999558,999.999536,999.999516,999.999497,999.999479,999.999463,999.999449,999.999436,999.999425,999.999415,999.999407,999.999400,999.999395,999.999391,999.999389,999.999388,999.999389,999.999391,999.999395,999.999400,999.999407,999.999415,999.999425,999.999436,999.999449,999.999463,999.999479,999.999497,999.999516,999.999536,999.999558,999.999581,999.999606,999.999633,999.999661,999.999690,999.999722,999.999754,999.999788,999.999824,999.999861,999.999899,999.999939,999.999981,1000.000024,1000.000069,1000.000115,1000.000162,1000.000212,1000.000262,1000.000314,1000.000368,1000.000423,1000.000480,1000.000540,1000.000594,1000.000619,1000.000590,1000.000514,1000.000416,1000.000316,1000.000213,0.000000,0.000000,0.000000,0.000000,0.000000
0.000000,0.000000,0.000000,0.000000,1000.000147,1000.000256,1000.000356,1000.000458,1000.000551,1000.000610,1000.000613,1000.000570,1000.000511,1000.000453,1000.000397,1000.000341,1000.000288,1000.000236,1000.000185,1000.000136,1000.000088,1000.000042,999.999998,999.999955,999.999913,999.999873,999.999834,999.999797,999.999762,999.999728,999.999695,999.999664,999.999634,999.999606,999.999580,999.999555,999.999532,999.999510,999.999489,999.999470,999.999453,999.999437,999.999423,999.999410,999.999398,999.999389,999.999380,999.999373,999.999368,999.999364,999.999362,999.999361,999.999362,999.999364,999.999368,999.999373,999.999380,999.999389,999.999398,999.999410,999.999423,999.999437,999.999453,999.999470,999.999489,999.999510,999.999532,999.999555,999.999580,999.999606,999.999634,999.999664,999.999695,999.999728,999.999762,999.999797,999.999834,999.999873,999.999913,999.999955,999.999998,1000.000042,1000.000088,1000.000136,1000.000185,1000.000236,1000.000288,1000.000341,1000.000397,1000.000453,1000.000511,1000.000570,1000.000613,1000.000610,1000.000551,1000.000458,1000.000356,1000.000256,1000.000147,0.000000,0.000000,0.000000,0.000000
0.000000,0.000000,0.000000,0.000000,1000.000187,1000.000292,1000.000393,1000.000495,1000.000580,1000.000618,1000.000598,1000.000545,1000.000485,1000.000428,1000.000371,1000.000316,1000.000263,1000.000211,1000.000160,1000.000111,1000.000063,1000.000017,999.999973,999.999930,999.999888,999.999848,999.999809,999.999772,999.999737,999.999703,999.999670,999.999639,999.999609,999.999581,999.999555,999.999530,999.999507,999.999485,999.999464,999.999445,999.999428,999.999412,999.999398,999.999385,999.999373,999.999364,999.999355,999.999348,999.999343,999.999339,999.999337,999.999336,999.999337,999.999339,999.999343,999.999348,999.999355,999.999364,999.999373,999.999385,999.999398,999.999412,999.999428,999.999445,999.999464,999.999485,999.999507,999.999530,999.999555,999.999581,999.999609,999.999639,999.999670,999.999703,999.999737,999.999772,999.999809,999.999848,999.999888,999.999930,999.999973,1000.000017,1000.000063,1000.000111,1000.000160,1000.000211,1000.000263,1000.000316,1000.000371,1000.000428,1000.000485,1000.000545,1000.000598,1000.000618,1000.000580,1000.000495,1000.000393,1000.000292,1000.000187,0.000000,0.000000,0.000000,0.000000
