0.000000,0.000000,0.000000,0.000000,0.000000,0.000000,0.000000,0.000000,0.000000,0.000000,0.000000,0.000000,0.000000,0.000000,0.000000,0.000000,0.000000,0.000000,0.000000,0.000000,0.000000,0.000000,0.000000,0.000000,0.000000,0.000000,0.000000,0.000000,0.000000,0.000000,0.000000,0.000000,0.000000,0.000000,0.000000,0.000000,0.000000,0.000000,0.000000,0.000000,0.000000,0.000000,0.000000,0.000000,0.000000,0.000000,0.000000,0.000000,0.000000,0.000000,0.000000,0.000000,0.000000,0.000000,0.000000,0.000000,0.000000,0.000000,0.000000,0.000000,0.000000,0.000000,0.000000,0.000000,0.000000,0.000000,0.000000,0.000000,0.000000,0.000000,0.000000,0.000000,0.000000,0.000000,0.000000,0.000000,0.000000,0.000000,0.000000,0.000000,0.000000,0.000000,0.000000,0.000000,0.000000,0.000000,0.000000,0.000000,0.000000,0.000000,0.000000,0.000000,0.000000,0.000000,0.000000,0.000000,0.000000,0.000000,0.000000,0.000000,0.000000,0.000000,0.000000
0.000000,0.000000,0.000000,0.000000,0.000000,0.000000,0.000000,0.000000,0.000000,0.000000,0.000000,0.000000,0.000000,0.000000,0.000000,0.000000,0.000000,0.000000,0.000000,0.000000,0.000000,0.000000,0.000000,0.000000,0.000000,0.000000,0.000000,0.000000,0.000000,0.000000,0.000000,0.000000,0.000000,0.000000,0.000000,0.000000,0.000000,0.000000,0.000000,0.000000,0.000000,0.000000,0.000000,0.000000,0.000000,0.000000,0.000000,0.000000,0.000000,0.000000,0.000000,1000.000062,0.000000,0.000000,0.000000,0.000000,0.000000,0.000000,0.000000,0.000000,0.000000,0.000000,0.000000,0.000000,0.000000,0.000000,0.000000,0.000000,0.000000,0.000000,0.000000,0.000000,0.000000,0.000000,0.000000,0.000000,0.000000,0.000000,0.000000,0.000000,0.000000,0.000000,0.000000,0.000000,0.000000,0.000000,0.000000,0.000000,0.000000,0.000000,0.000000,0.000000,0.000000,0.000000,0.000000,0.000000,0.000000,0.000000,0.000000,0.000000,0.000000,0.000000,0.000000
0.000000,0.000000,0.000000,0.000000,0.000000,0.000000,0.000000,0.000000,0.000000,0.000000,0.000000,0.000000,0.000000,0.000000,0.000000,0.000000,0.000000,0.000000,0.000000,0.000000,0.000000,0.000000,0.000000,0.000000,0.000000,0.000000,0.000000,0.000000,0.000000,0.000000,0.000000,0.000000,0.000000,0.000000,0.000000,0.000000,0.000000,0.000000,0.000000,0.000000,0.000000,0.000000,1000.000113,1000.000131,1000.000141,1000.000145,1000.000148,1000.000149,1000.000149,1000.000148,1000.000147,1000.000152,1000.000147,1000.000148,1000.000149,1000.000149,1000.000148,1000.000145,1000.000141,1000.000131,1000.000113,0.000000,0.000000,0.000000,0.000000,0.000000,0.000000,0.000000,0.000000,0.000000,0.000000,0.000000,0.000000,0.000000,0.000000,0.000000,0.000000,0.000000,0.000000,0.000000,0.000000,0.000000,0.000000,0.000000,0.000000,0.000000,0.000000,0.000000,0.000000,0.000000,0.000000,0.000000,0.000000,0.000000,0.000000,0.000000,0.000000,0.000000,0.000000,0.000000,0.000000,0.000000,0.000000
0.000000,0.000000,0.000000,0.000000,0.000000,0.000000,0.000000,0.000000,0.000000,0.000000,0.000000,0.000000,0.000000,0.000000,0.000000,0.000000,0.000000,0.000000,0.000000,0.000000,0.000000,0.000000,0.000000,0.000000,0.000000,0.000000,0.000000,0.000000,0.000000,0.000000,0.000000,0.000000,0.000000,0.000000,0.000000,0.000000,0.000000,1000.000108,1000.000135,1000.000157,1000.000175,1000.000189,1000.000202,1000.000214,1000.000223,1000.000229,1000.000233,1000.000234,1000.000235,1000.000235,1000.000235,1000.000236,1000.000235,1000.000235,1000.000235,1000.000234,1000.000233,1000.000229,1000.000223,1000.000214,1000.000202,1000.000189,1000.000175,1000.000157,1000.000135,1000.000108,0.000000,0.000000,0.000000,0.000000,0.000000,0.000000,0.000000,0.000000,0.000000,0.000000,0.000000,0.000000,0.000000,0.000000,0.000000,0.000000,0.000000,0.000000,0.000000,0.000000,0.000000,0.000000,0.000000,0.000000,0.000000,0.000000,0.000000,0.000000,0.000000,0.000000,0.000000,0.000000,0.000000,0.000000,0.000000,0.000000,0.000000
0.000000,0.000000,0.000000,0.000000,0.000000,0.000000,0.000000,0.000000,0.000000,0.000000,0.000000,0.000000,0.000000,0.000000,0.000000,0.000000,0.000000,0.000000,0.000000,0.000000,0.000000,0.000000,0.000000,0.000000,0.000000,0.000000,0.000000,0.000000,0.000000,0.000000,0.000000,0.000000,0.000000,0.000000,1000.000113,1000.000144,1000.000170,1000.000195,1000.000217,1000.000237,1000.000256,1000.000272,1000.000287,1000.000298,1000.000307,1000.000312,1000.000316,1000.000317,1000.000318,1000.000319,1000.000319,1000.000319,1000.000319,1000.000319,1000.000318,1000.000317,1000.000316,1000.000312,1000.000307,1000.000298,1000.000287,1000.000272,1000.000256,1000.000237,1000.000217,1000.000195,1000.000170,1000.000144,1000.000113,0.000000,0.000000,0.000000,0.000000,0.000000,0.000000,0.000000,0.000000,0.000000,0.000000,0.000000,0.000000,0.000000,0.000000,0.000000,0.000000,0.000000,0.000000,0.000000,0.000000,0.000000,0.000000,0.000000,0.000000,0.000000,0.000000,0.000000,0.000000,0.000000,0.000000,0.000000,0.000000,0.000000,0.000000
0.000000,0.000000,0.000000,0.000000,0.000000,0.000000,0.000000,0.000000,0.000000,0.000000,0.000000,0.000000,0.000000,0.000000,0.000000,0.000000,0.000000,0.000000,0.000000,0.000000,0.000000,0.000000,0.000000,0.000000,0.000000,0.000000,0.000000,0.000000,0.000000,0.000000,0.000000,0.000000,1000.000129,1000.000164,1000.000197,1000.000225,1000.000250,1000.000276,1000.000298,1000.000318,1000.000336,1000.000354,1000.000370,1000.000382,1000.000390,1000.000394,1000.000397,1000.000398,1000.000399,1000.000399,1000.000399,1000.000399,1000.000399,1000.000399,1000.000399,1000.000398,1000.000397,1000.000394,1000.000390,1000.000382,1000.000370,1000.000354,1000.000336,1000.000318,1000.000298,1000.000276,1000.000250,1000.000225,1000.000197,1000.000164,1000.000129,0.000000,0.000000,0.000000,0.000000,0.000000,0.000000,0.000000,0.000000,0.000000,0.000000,0.000000,0.000000,0.000000,0.000000,0.000000,0.000000,0.000000,0.000000,0.000000,0.000000,0.000000,0.000000,0.000000,0.000000,0.000000,0.000000,0.000000,0.000000,0.000000,0.000000,0.000000,0.000000
0.000000,0.000000,0.000000,0.000000,0.000000,0.000000,0.000000,0.000000,0.000000,0.000000,0.000000,0.000000,0.000000,0.000000,0.000000,0.000000,0.000000,0.000000,0.000000,0.000000,0.000000,0.000000,0.000000,0.000000,0.000000,0.000000,0.000000,0.000000,0.000000,0.000000,1000.000135,1000.000174,1000.000212,1000.000244,1000.000275,1000.000303,1000.000331,1000.000356,1000.000378,1000.000397,1000.000414,1000.000429,1000.000442,1000.000451,1000.000455,1000.000458,1000.000459,1000.000459,1000.000460,1000.000460,1000.000460,1000.000460,1000.000460,1000.000460,1000.000460,1000.000459,1000.000459,1000.000458,1000.000455,1000.000451,1000.000442,1000.000429,1000.000414,1000.000397,1000.000378,1000.000356,1000.000331,1000.000303,1000.000275,1000.000244,1000.000212,1000.000174,1000.000135,0.000000,0.000000,0.000000,0.000000,0.000000,0.000000,0.000000,0.000000,0.000000,0.000000,0.000000,0.000000,0.000000,0.000000,0.000000,0.000000,0.000000,0.000000,0.000000,0.000000,0.000000,0.000000,0.000000,0.000000,0.000000,0.000000,0.000000,0.000000,0.000000,0.000000
0.000000,0.000000,0.000000,0.000000,0.000000,0.000000,0.000000,0.000000,0.000000,0.000000,0.000000,0.000000,0.000000,0.000000,0.000000,0.000000,0.000000,0.000000,0.000000,0.000000,0.000000,0.000000,0.000000,0.000000,0.000000,0.000000,0.000000,0.000000,1000.000135,1000.000177,1000.000217,1000.000252,1000.000287,1000.000321,1000.000353,1000.000383,1000.000408,1000.000430,1000.000448,1000.000460,1000.000468,1000.000473,1000.000475,1000.000474,1000.000472,1000.000472,1000.000471,1000.000471,1000.000470,1000.000470,1000.000469,1000.000469,1000.000469,1000.000470,1000.000470,1000.000471,1000.000471,1000.000472,1000.000472,1000.000474,1000.000475,1000.000473,1000.000468,1000.000460,1000.000448,1000.000430,1000.000408,1000.000383,1000.000353,1000.000321,1000.000287,1000.000252,1000.000217,1000.000177,1000.000135,0.000000,0.000000,0.000000,0.000000,0.000000,0.000000,0.000000,0.000000,0.000000,0.000000,0.000000,0.000000,0.000000,0.000000,0.000000,0.000000,0.000000,0.000000,0.000000,0.000000,0.000000,0.000000,0.000000,0.000000,0.000000,0.000000,0.000000,0.000000
0.000000,0.000000,0.000000,0.000000,0.000000,0.000000,0.000000,0.000000,0.000000,0.000000,0.000000,0.000000,0.000000,0.000000,0.000000,0.000000,0.000000,0.000000,0.000000,0.000000,0.000000,0.000000,0.000000,0.000000,0.000000,0.000000,1000.000128,1000.000173,1000.000216,1000.000253,1000.000291,1000.000327,1000.000364,1000.000397,1000.000426,1000.000450,1000.000465,1000.000475,1000.000479,1000.000477,1000.000474,1000.000468,1000.000457,1000.000448,1000.000442,1000.000438,1000.000435,1000.000434,1000.000432,1000.000432,1000.000431,1000.000431,1000.000431,1000.000432,1000.000432,1000.000434,1000.000435,1000.000438,1000.000442,1000.000448,1000.000457,1000.000468,1000.000474,1000.000477,1000.000479,1000.000475,1000.000465,1000.000450,1000.000426,1000.000397,1000.000364,1000.000327,1000.000291,1000.000253,1000.000216,1000.000173,1000.000128,0.000000,0.000000,0.000000,0.000000,0.000000,0.000000,0.000000,0.000000,0.000000,0.000000,0.000000,0.000000,0.000000,0.000000,0.000000,0.000000,0.000000,0.000000,0.000000,0.000000,0.000000,0.000000,0.000000,0.000000,0.000000,0.000000
0.000000,0.000000,0.000000,0.000000,0.000000,0.000000,0.000000,0.000000,0.000000,0.000000,0.000000,0.000000,0.000000,0.000000,0.000000,0.000000,0.000000,0.000000,0.000000,0.000000,0.000000,0.000000,0.000000,0.000000,1000.000110,1000.000159,1000.000207,1000.000248,1000.000288,1000.000327,1000.000366,1000.000401,1000.000433,1000.000458,1000.000473,1000.000479,1000.000478,1000.000471,1000.000460,1000.000449,1000.000438,1000.000426,1000.000414,1000.000402,1000.000394,1000.000389,1000.000385,1000.000382,1000.000380,1000.000379,1000.000378,1000.000378,1000.000378,1000.000379,1000.000380,1000.000382,1000.000385,1000.000389,1000.000394,1000.000402,1000.000414,1000.000426,1000.000438,1000.000449,1000.000460,1000.000471,1000.000478,1000.000479,1000.000473,1000.000458,1000.000433,1000.000401,1000.000366,1000.000327,1000.000288,1000.000248,1000.000207,1000.000159,1000.000110,0.000000,0.000000,0.000000,0.000000,0.000000,0.000000,0.000000,0.000000,0.000000,0.000000,0.000000,0.000000,0.000000,0.000000,0.000000,0.000000,0.000000,0.000000,0.000000,0.000000,0.000000,0.000000,0.000000,0.000000
0.000000,0.000000,0.000000,0.000000,0.000000,0.000000,0.000000,0.000000,0.000000,0.000000,0.000000,0.000000,0.000000,0.000000,0.000000,0.000000,0.000000,0.000000,0.000000,0.000000,0.000000,0.000000,0.000000,1000.000133,1000.000187,1000.000233,1000.000278,1000.000321,1000.000362,1000.000400,1000.000433,1000.000460,1000.000475,1000.000480,1000.000475,1000.000463,1000.000448,1000.000432,1000.000416,1000.000401,1000.000388,1000.000377,1000.000365,1000.000355,1000.000347,1000.000341,1000.000336,1000.000333,1000.000330,1000.000329,1000.000328,1000.000327,1000.000328,1000.000329,1000.000330,1000.000333,1000.000336,1000.000341,1000.000347,1000.000355,1000.000365,1000.000377,1000.000388,1000.000401,1000.000416,1000.000432,1000.000448,1000.000463,1000.000475,1000.000480,1000.000475,1000.000460,1000.000433,1000.000400,1000.000362,1000.000321,1000.000278,1000.000233,1000.000187,1000.000133,0.000000,0.000000,0.000000,0.000000,0.000000,0.000000,0.000000,0.000000,0.000000,0.000000,0.000000,0.000000,0.000000,0.000000,0.000000,0.000000,0.000000,0.000000,0.000000,0.000000,0.000000,0.000000,0.000000
0.000000,0.000000,0.000000,0.000000,0.000000,0.000000,0.000000,0.000000,0.000000,0.000000,0.000000,0.000000,0.000000,0.000000,0.000000,0.000000,0.000000,0.000000,0.000000,0.000000,0.000000,1000.000098,1000.000154,1000.000207,1000.000255,1000.000303,1000.000350,1000.000393,1000.000430,1000.000458,1000.000475,1000.000481,1000.000475,1000.000460,1000.000441,1000.000421,1000.000401,1000.000384,1000.000369,1000.000354,1000.000341,1000.000329,1000.000318,1000.000309,1000.000301,1000.000294,1000.000289,1000.000285,1000.000282,1000.000280,1000.000279,1000.000278,1000.000279,1000.000280,1000.000282,1000.000285,1000.000289,1000.000294,1000.000301,1000.000309,1000.000318,1000.000329,1000.000341,1000.000354,1000.000369,1000.000384,1000.000401,1000.000421,1000.000441,1000.000460,1000.000475,1000.000481,1000.000475,1000.000458,1000.000430,1000.000393,1000.000350,1000.000303,1000.000255,1000.000207,1000.000154,1000.000098,0.000000,0.000000,0.000000,0.000000,0.000000,0.000000,0.000000,0.000000,0.000000,0.000000,0.000000,0.000000,0.000000,0.000000,0.000000,0.000000,0.000000,0.000000,0.000000,0.000000,0.000000
0.000000,0.000000,0.000000,0.000000,0.000000,0.000000,0.000000,0.000000,0.000000,0.000000,0.000000,0.000000,0.000000,0.000000,0.000000,0.000000,0.000000,0.000000,0.000000,0.000000,1000.000114,1000.000173,1000.000223,1000.000273,1000.000323,1000.000373,1000.000418,1000.000452,1000.000473,1000.000480,1000.000475,1000.000460,1000.000439,1000.000417,1000.000395,1000.000374,1000.000355,1000.000339,1000.000323,1000.000309,1000.000296,1000.000283,1000.000273,1000.000263,1000.000255,1000.000248,1000.000243,1000.000238,1000.000235,1000.000233,1000.000231,1000.000231,1000.000231,1000.000233,1000.000235,1000.000238,1000.000243,1000.000248,1000.000255,1000.000263,1000.000273,1000.000283,1000.000296,1000.000309,1000.000323,1000.000339,1000.000355,1000.000374,1000.000395,1000.000417,1000.000439,1000.000460,1000.000475,1000.000480,1000.000473,1000.000452,1000.000418,1000.000373,1000.000323,1000.000273,1000.000223,1000.000173,1000.000114,0.000000,0.000000,0.000000,0.000000,0.000000,0.000000,0.000000,0.000000,0.000000,0.000000,0.000000,0.000000,0.000000,0.000000,0.000000,0.000000,0.000000,0.000000,0.000000,0.000000
0.000000,0.000000,0.000000,0.000000,0.000000,0.000000,0.000000,0.000000,0.000000,0.000000,0.000000,0.000000,0.000000,0.000000,0.000000,0.000000,0.000000,0.000000,0.000000,1000.000127,1000.000187,1000.000239,1000.000289,1000.000340,1000.000389,1000.000433,1000.000465,1000.000479,1000.000475,1000.000461,1000.000440,1000.000417,1000.000393,1000.000370,1000.000349,1000.000330,1000.000312,1000.000295,1000.000279,1000.000264,1000.000251,1000.000239,1000.000228,1000.000219,1000.000210,1000.000203,1000.000198,1000.000193,1000.000189,1000.000187,1000.000186,1000.000185,1000.000186,1000.000187,1000.000189,1000.000193,1000.000198,1000.000203,1000.000210,1000.000219,1000.000228,1000.000239,1000.000251,1000.000264,1000.000279,1000.000295,1000.000312,1000.000330,1000.000349,1000.000370,1000.000393,1000.000417,1000.000440,1000.000461,1000.000475,1000.000479,1000.000465,1000.000433,1000.000389,1000.000340,1000.000289,1000.000239,1000.000187,1000.000127,0.000000,0.000000,0.000000,0.000000,0.000000,0.000000,0.000000,0.000000,0.000000,0.000000,0.000000,0.000000,0.000000,0.000000,0.000000,0.000000,0.000000,0.000000,0.000000
0.000000,0.000000,0.000000,0.000000,0.000000,0.000000,0.000000,0.000000,0.000000,0.000000,0.000000,0.000000,0.000000,0.000000,0.000000,0.000000,0.000000,0.000000,1000.000135,1000.000197,1000.000252,1000.000305,1000.000357,1000.000404,1000.000445,1000.000472,1000.000479,1000.000466,1000.000444,1000.000420,1000.000395,1000.000371,1000.000348,1000.000327,1000.000306,1000.000287,1000.000268,1000.000251,1000.000235,1000.000221,1000.000207,1000.000195,1000.000185,1000.000175,1000.000167,1000.000159,1000.000154,1000.000149,1000.000145,1000.000143,1000.000141,1000.000141,1000.000141,1000.000143,1000.000145,1000.000149,1000.000154,1000.000159,1000.000167,1000.000175,1000.000185,1000.000195,1000.000207,1000.000221,1000.000235,1000.000251,1000.000268,1000.000287,1000.000306,1000.000327,1000.000348,1000.000371,1000.000395,1000.000420,1000.000444,1000.000466,1000.000479,1000.000472,1000.000445,1000.000404,1000.000357,1000.000305,1000.000252,1000.000197,1000.000135,0.000000,0.000000,0.000000,0.000000,0.000000,0.000000,0.000000,0.000000,0.000000,0.000000,0.000000,0.000000,0.000000,0.000000,0.000000,0.000000,0.000000,0.000000
0.000000,0.000000,0.000000,0.000000,0.000000,0.000000,0.000000,0.000000,0.000000,0.000000,0.000000,0.000000,0.000000,0.000000,0.000000,0.000000,0.000000,1000.000139,1000.000204,1000.000260,1000.000316,1000.000371,1000.000420,1000.000457,1000.000477,1000.000478,1000.000460,1000.000432,1000.000403,1000.000376,1000.000352,1000.000328,1000.000306,1000.000284,1000.000263,1000.000244,1000.000225,1000.000209,1000.000193,1000.000178,1000.000165,1000.000153,1000.000142,1000.000132,1000.000124,1000.000117,1000.000111,1000.000106,1000.000102,1000.000099,1000.000098,1000.000097,1000.000098,1000.000099,1000.000102,1000.000106,1000.000111,1000.000117,1000.000124,1000.000132,1000.000142,1000.000153,1000.000165,1000.000178,1000.000193,1000.000209,1000.000225,1000.000244,1000.000263,1000.000284,1000.000306,1000.000328,1000.000352,1000.000376,1000.000403,1000.000432,1000.000460,1000.000478,1000.000477,1000.000457,1000.000420,1000.000371,1000.000316,1000.000260,1000.000204,1000.000139,0.000000,0.000000,0.000000,0.000000,0.000000,0.000000,0.000000,0.000000,0.000000,0.000000,0.000000,0.000000,0.000000,0.000000,0.000000,0.000000,0.000000
0.000000,0.000000,0.000000,0.000000,0.000000,0.000000,0.000000,0.000000,0.000000,0.000000,0.000000,0.000000,0.000000,0.000000,0.000000,0.000000,1000.000141,1000.000206,1000.000264,1000.000322,1000.000379,1000.000429,1000.000465,1000.000479,1000.000473,1000.000452,1000.000423,1000.000391,1000.000361,1000.000335,1000.000311,1000.000287,1000.000264,1000.000242,1000.000222,1000.000203,1000.000184,1000.000167,1000.000152,1000.000137,1000.000124,1000.000112,1000.000101,1000.000091,1000.000083,1000.000075,1000.000069,1000.000064,1000.000060,1000.000058,1000.000056,1000.000055,1000.000056,1000.000058,1000.000060,1000.000064,1000.000069,1000.000075,1000.000083,1000.000091,1000.000101,1000.000112,1000.000124,1000.000137,1000.000152,1000.000167,1000.000184,1000.000203,1000.000222,1000.000242,1000.000264,1000.000287,1000.000311,1000.000335,1000.000361,1000.000391,1000.000423,1000.000452,1000.000473,1000.000479,1000.000465,1000.000429,1000.000379,1000.000322,1000.000264,1000.000206,1000.000141,0.000000,0.000000,0.000000,0.000000,0.000000,0.000000,0.000000,0.000000,0.000000,0.000000,0.000000,0.000000,0.000000,0.000000,0.000000,0.000000
0.000000,0.000000,0.000000,0.000000,0.000000,0.000000,0.000000,0.000000,0.000000,0.000000,0.000000,0.000000,0.000000,0.000000,0.000000,1000.000139,1000.000206,1000.000266,1000.000324,1000.000382,1000.000434,1000.000469,1000.000479,1000.000466,1000.000441,1000.000412,1000.000380,1000.000350,1000.000322,1000.000296,1000.000271,1000.000246,1000.000224,1000.000202,1000.000182,1000.000162,1000.000144,1000.000127,1000.000111,1000.000097,1000.000084,1000.000071,1000.000060,1000.000051,1000.000042,1000.000035,1000.000029,1000.000024,1000.000020,1000.000017,1000.000015,1000.000015,1000.000015,1000.000017,1000.000020,1000.000024,1000.000029,1000.000035,1000.000042,1000.000051,1000.000060,1000.000071,1000.000084,1000.000097,1000.000111,1000.000127,1000.000144,1000.000162,1000.000182,1000.000202,1000.000224,1000.000246,1000.000271,1000.000296,1000.000322,1000.000350,1000.000380,1000.000412,1000.000441,1000.000466,1000.000479,1000.000469,1000.000434,1000.000382,1000.000324,1000.000266,1000.000206,1000.000139,0.000000,0.000000,0.000000,0.000000,0.000000,0.000000,0.000000,0.000000,0.000000,0.000000,0.000000,0.000000,0.000000,0.000000,0.000000
0.000000,0.000000,0.000000,0.000000,0.000000,0.000000,0.000000,0.000000,0.000000,0.000000,0.000000,0.000000,0.000000,0.000000,1000.000135,1000.000204,1000.000264,1000.000324,1000.000384,1000.000435,1000.000471,1000.000479,1000.000462,1000.000433,1000.000401,1000.000369,1000.000340,1000.000312,1000.000284,1000.000257,1000.000231,1000.000208,1000.000185,1000.000163,1000.000143,1000.000123,1000.000105,1000.000088,1000.000072,1000.000058,1000.000045,1000.000032,1000.000021,1000.000012,1000.000003,999.999996,999.999989,999.999984,999.999980,999.999978,999.999976,999.999975,999.999976,999.999978,999.999980,999.999984,999.999989,999.999996,1000.000003,1000.000012,1000.000021,1000.000032,1000.000045,1000.000058,1000.000072,1000.000088,1000.000105,1000.000123,1000.000143,1000.000163,1000.000185,1000.000208,1000.000231,1000.000257,1000.000284,1000.000312,1000.000340,1000.000369,1000.000401,1000.000433,1000.000462,1000.000479,1000.000471,1000.000435,1000.000384,1000.000324,1000.000264,1000.000204,1000.000135,0.000000,0.000000,0.000000,0.000000,0.000000,0.000000,0.000000,0.000000,0.000000,0.000000,0.000000,0.000000,0.000000,0.000000
0.000000,0.000000,0.000000,0.000000,0.000000,0.000000,0.000000,0.000000,0.000000,0.000000,0.000000,0.000000,0.000000,1000.000127,1000.000197,1000.000260,1000.000322,1000.000382,1000.000435,1000.000471,1000.000479,1000.000461,1000.000430,1000.000395,1000.000361,1000.000331,1000.000302,1000.000274,1000.000245,1000.000219,1000.000194,1000.000170,1000.000147,1000.000125,1000.000105,1000.000085,1000.000067,1000.000050,1000.000035,1000.000020,1000.000007,999.999994,999.999984,999.999974,999.999965,999.999958,999.999951,999.999946,999.999942,999.999939,999.999938,999.999937,999.999938,999.999939,999.999942,999.999946,999.999951,999.999958,999.999965,999.999974,999.999984,999.999994,1000.000007,1000.000020,1000.000035,1000.000050,1000.000067,1000.000085,1000.000105,1000.000125,1000.000147,1000.000170,1000.000194,1000.000219,1000.000245,1000.000274,1000.000302,1000.000331,1000.000361,1000.000395,1000.000430,1000.000461,1000.000479,1000.000471,1000.000435,1000.000382,1000.000322,1000.000260,1000.000197,1000.000127,0.000000,0.000000,0.000000,0.000000,0.000000,0.000000,0.000000,0.000000,0.000000,0.000000,0.000000,0.000000,0.000000
0.000000,0.000000,0.000000,0.000000,0.000000,0.000000,0.000000,0.000000,0.000000,0.000000,0.000000,0.000000,1000.000114,1000.000187,1000.000252,1000.000316,1000.000379,1000.000434,1000.000471,1000.000479,1000.000461,1000.000428,1000.000392,1000.000357,1000.000326,1000.000295,1000.000265,1000.000236,1000.000209,1000.000182,1000.000157,1000.000133,1000.000110,1000.000088,1000.000068,1000.000049,1000.000031,1000.000014,999.999998,999.999983,999.999970,999.999958,999.999947,999.999937,999.999928,999.999921,999.999914,999.999909,999.999905,999.999902,999.999901,999.999900,999.999901,999.999902,999.999905,999.999909,999.999914,999.999921,999.999928,999.999937,999.999947,999.999958,999.999970,999.999983,999.999998,1000.000014,1000.000031,1000.000049,1000.000068,1000.000088,1000.000110,1000.000133,1000.000157,1000.000182,1000.000209,1000.000236,1000.000265,1000.000295,1000.000326,1000.000357,1000.000392,1000.000428,1000.000461,1000.000479,1000.000471,1000.000434,1000.000379,1000.000316,1000.000252,1000.000187,1000.000114,0.000000,0.000000,0.000000,0.000000,0.000000,0.000000,0.000000,0.000000,0.000000,0.000000,0.000000,0.000000
0.000000,0.000000,0.000000,0.000000,0.000000,0.000000,0.000000,0.000000,0.000000,0.000000,0.000000,1000.000098,1000.000173,1000.000239,1000.000305,1000.000371,1000.000429,1000.000469,1000.000479,1000.000461,1000.000428,1000.000391,1000.000355,1000.000322,1000.000291,1000.000259,1000.000229,1000.000201,1000.000173,1000.000147,1000.000121,1000.000097,1000.000075,1000.000053,1000.000032,1000.000013,999.999995,999.999978,999.999962,999.999948,999.999934,999.999922,999.999911,999.999901,999.999893,999.999885,999.999879,999.999874,999.999870,999.999867,999.999865,999.999864,999.999865,999.999867,999.999870,999.999874,999.999879,999.999885,999.999893,999.999901,999.999911,999.999922,999.999934,999.999948,999.999962,999.999978,999.999995,1000.000013,1000.000032,1000.000053,1000.000075,1000.000097,1000.000121,1000.000147,1000.000173,1000.000201,1000.000229,1000.000259,1000.000291,1000.000322,1000.000355,1000.000391,1000.000428,1000.000461,1000.000479,1000.000469,1000.000429,1000.000371,1000.000305,1000.000239,1000.000173,1000.000098,0.000000,0.000000,0.000000,0.000000,0.000000,0.000000,0.000000,0.000000,0.000000,0.000000,0.000000
0.000000,0.000000,0.000000,0.000000,0.000000,0.000000,0.000000,0.000000,0.000000,0.000000,0.000000,1000.000154,1000.000223,1000.000289,1000.000357,1000.000420,1000.000465,1000.000479,1000.000462,1000.000430,1000.000392,1000.000355,1000.000321,1000.000288,1000.000256,1000.000224,1000.000195,1000.000166,1000.000139,1000.000112,1000.000087,1000.000063,1000.000040,1000.000018,999.999998,999.999979,999.999961,999.999944,999.999928,999.999913,999.999900,999.999888,999.999877,999.999867,999.999858,999.999851,999.999844,999.999839,999.999835,999.999832,999.999830,999.999830,999.999830,999.999832,999.999835,999.999839,999.999844,999.999851,999.999858,999.999867,999.999877,999.999888,999.999900,999.999913,999.999928,999.999944,999.999961,999.999979,999.999998,1000.000018,1000.000040,1000.000063,1000.000087,1000.000112,1000.000139,1000.000166,1000.000195,1000.000224,1000.000256,1000.000288,1000.000321,1000.000355,1000.000392,1000.000430,1000.000462,1000.000479,1000.000465,1000.000420,1000.000357,1000.000289,1000.000223,1000.000154,0.000000,0.000000,0.000000,0.000000,0.000000,0.000000,0.000000,0.000000,0.000000,0.000000,0.000000
0.000000,0.000000,0.000000,0.000000,0.000000,0.000000,0.000000,0.000000,0.000000,0.000000,1000.000133,1000.000207,1000.000273,1000.000340,1000.000404,1000.000457,1000.000479,1000.000466,1000.000433,1000.000395,1000.000357,1000.000322,1000.000288,1000.000255,1000.000222,1000.000191,1000.000162,1000.000133,1000.000105,1000.000079,1000.000054,1000.000030,1000.000007,999.999985,999.999965,999.999945,999.999927,999.999910,999.999895,999.999880,999.999867,999.999854,999.999843,999.999833,999.999825,999.999817,999.999811,999.999806,999.999802,999.999799,999.999797,999.999796,999.999797,999.999799,999.999802,999.999806,999.999811,999.999817,999.999825,999.999833,999.999843,999.999854,999.999867,999.999880,999.999895,999.999910,999.999927,999.999945,999.999965,999.999985,1000.000007,1000.000030,1000.000054,1000.000079,1000.000105,1000.000133,1000.000162,1000.000191,1000.000222,1000.000255,1000.000288,1000.000322,1000.000357,1000.000395,1000.000433,1000.000466,1000.000479,1000.000457,1000.000404,1000.000340,1000.000273,1000.000207,1000.000133,0.000000,0.000000,0.000000,0.000000,0.000000,0.000000,0.000000,0.000000,0.000000,0.000000
0.000000,0.000000,0.000000,0.000000,0.000000,0.000000,0.000000,0.000000,0.000000,1000.000110,1000.000187,1000.000255,1000.000323,1000.000389,1000.000445,1000.000477,1000.000473,1000.000441,1000.000401,1000.000361,1000.000326,1000.000291,1000.000256,1000.000222,1000.000190,1000.000159,1000.000129,1000.000100,1000.000073,1000.000047,1000.000022,999.999997,999.999975,999.999953,999.999933,999.999913,999.999895,999.999878,999.999862,999.999848,999.999834,999.999822,999.999811,999.999801,999.999793,999.999785,999.999779,999.999773,999.999769,999.999766,999.999765,999.999764,999.999765,999.999766,999.999769,999.999773,999.999779,999.999785,999.999793,999.999801,999.999811,999.999822,999.999834,999.999848,999.999862,999.999878,999.999895,999.999913,999.999933,999.999953,999.999975,999.999997,1000.000022,1000.000047,1000.000073,1000.000100,1000.000129,1000.000159,1000.000190,1000.000222,1000.000256,1000.000291,1000.000326,1000.000361,1000.000401,1000.000441,1000.000473,1000.000477,1000.000445,1000.000389,1000.000323,1000.000255,1000.000187,1000.000110,0.000000,0.000000,0.000000,0.000000,0.000000,0.000000,0.000000,0.000000,0.000000
0.000000,0.000000,0.000000,0.000000,0.000000,0.000000,0.000000,0.000000,0.000000,1000.000159,1000.000233,1000.000303,1000.000373,1000.000433,1000.000472,1000.000478,1000.000452,1000.000412,1000.000369,1000.000331,1000.000295,1000.000259,1000.000224,1000.000191,1000.000159,1000.000128,1000.000098,1000.000070,1000.000042,1000.000016,999.999991,999.999967,999.999944,999.999922,999.999902,999.999882,999.999864,999.999847,999.999832,999.999817,999.999804,999.999791,999.999780,999.999770,999.999762,999.999754,999.999748,999.999742,999.999738,999.999735,999.999734,999.999733,999.999734,999.999735,999.999738,999.999742,999.999748,999.999754,999.999762,999.999770,999.999780,999.999791,999.999804,999.999817,999.999832,999.999847,999.999864,999.999882,999.999902,999.999922,999.999944,999.999967,999.999991,1000.000016,1000.000042,1000.000070,1000.000098,1000.000128,1000.000159,1000.000191,1000.000224,1000.000259,1000.000295,1000.000331,1000.000369,1000.000412,1000.000452,1000.000478,1000.000472,1000.000433,1000.000373,1000.000303,1000.000233,1000.000159,0.000000,0.000000,0.000000,0.000000,0.000000,0.000000,0.000000,0.000000,0.000000
0.000000,0.000000,0.000000,0.000000,0.000000,0.000000,0.000000,0.000000,1000.000128,1000.000207,1000.000278,1000.000350,1000.000418,1000.000465,1000.000479,1000.000460,1000.000423,1000.000380,1000.000340,1000.000302,1000.000265,1000.000229,1000.000195,1000.000162,1000.000129,1000.000098,1000.000068,1000.000040,1000.000012,999.999986,999.999961,999.999937,999.999914,999.999892,999.999872,999.999853,999.999834,999.999817,999.999802,999.999787,999.999774,999.999761,999.999750,999.999741,999.999732,999.999724,999.999718,999.999713,999.999709,999.999706,999.999704,999.999703,999.999704,999.999706,999.999709,999.999713,999.999718,999.999724,999.999732,999.999741,999.999750,999.999761,999.999774,999.999787,999.999802,999.999817,999.999834,999.999853,999.999872,999.999892,999.999914,999.999937,999.999961,999.999986,1000.000012,1000.000040,1000.000068,1000.000098,1000.000129,1000.000162,1000.000195,1000.000229,1000.000265,1000.000302,1000.000340,1000.000380,1000.000423,1000.000460,1000.000479,1000.000465,1000.000418,1000.000350,1000.000278,1000.000207,1000.000128,0.000000,0.000000,0.000000,0.000000,0.000000,0.000000,0.000000,0.000000
0.000000,0.000000,0.000000,0.000000,0.000000,0.000000,0.000000,0.000000,1000.000173,1000.000248,1000.000321,1000.000393,1000.000452,1000.000479,1000.000466,1000.000432,1000.000391,1000.000350,1000.000312,1000.000274,1000.000236,1000.000201,1000.000166,1000.000133,1000.000100,1000.000070,1000.000040,1000.000011,999.999984,999.999957,999.999932,999.999908,999.999885,999.999864,999.999843,999.999824,999.999806,999.999789,999.999773,999.999759,999.999745,999.999733,999.999722,999.999712,999.999703,999.999696,999.999689,999.999684,999.999680,999.999677,999.999675,999.999675,999.999675,999.999677,999.999680,999.999684,999.999689,999.999696,999.999703,999.999712,999.999722,999.999733,999.999745,999.999759,999.999773,999.999789,999.999806,999.999824,999.999843,999.999864,999.999885,999.999908,999.999932,999.999957,999.999984,1000.000011,1000.000040,1000.000070,1000.000100,1000.000133,1000.000166,1000.000201,1000.000236,1000.000274,1000.000312,1000.000350,1000.000391,1000.000432,1000.000466,1000.000479,1000.000452,1000.000393,1000.000321,1000.000248,1000.000173,0.000000,0.000000,0.000000,0.000000,0.000000,0.000000,0.000000,0.000000
0.000000,0.000000,0.000000,0.000000,0.000000,0.000000,0.000000,1000.000135,1000.000216,1000.000288,1000.000362,1000.000430,1000.000473,1000.000475,1000.000444,1000.000403,1000.000361,1000.000322,1000.000284,1000.000245,1000.000209,1000.000173,1000.000139,1000.000105,1000.000073,1000.000042,1000.000012,999.999984,999.999956,999.999930,999.999905,999.999881,999.999858,999.999836,999.999816,999.999796,999.999778,999.999761,999.999746,999.999731,999.999718,999.999705,999.999694,999.999684,999.999676,999.999668,999.999662,999.999656,999.999652,999.999649,999.999648,999.999647,999.999648,999.999649,999.999652,999.999656,999.999662,999.999668,999.999676,999.999684,999.999694,999.999705,999.999718,999.999731,999.999746,999.999761,999.999778,999.999796,999.999816,999.999836,999.999858,999.999881,999.999905,999.999930,999.999956,999.999984,1000.000012,1000.000042,1000.000073,1000.000105,1000.000139,1000.000173,1000.000209,1000.000245,1000.000284,1000.000322,1000.000361,1000.000403,1000.000444,1000.000475,1000.000473,1000.000430,1000.000362,1000.000288,1000.000216,1000.000135,0.000000,0.000000,0.000000,0.000000,0.000000,0.000000,0.000000
0.000000,0.000000,0.000000,0.000000,0.000000,0.000000,0.000000,1000.000177,1000.000253,1000.000327,1000.000400,1000.000458,1000.000480,1000.000461,1000.000420,1000.000376,1000.000335,1000.000296,1000.000257,1000.000219,1000.000182,1000.000147,1000.000112,1000.000079,1000.000047,1000.000016,999.999986,999.999957,999.999930,999.999903,999.999878,999.999854,999.999832,999.999810,999.999789,999.999770,999.999752,999.999735,999.999719,999.999705,999.999691,999.999679,999.999668,999.999658,999.999649,999.999642,999.999635,999.999630,999.999626,999.999623,999.999621,999.999621,999.999621,999.999623,999.999626,999.999630,999.999635,999.999642,999.999649,999.999658,999.999668,999.999679,999.999691,999.999705,999.999719,999.999735,999.999752,999.999770,999.999789,999.999810,999.999832,999.999854,999.999878,999.999903,999.999930,999.999957,999.999986,1000.000016,1000.000047,1000.000079,1000.000112,1000.000147,1000.000182,1000.000219,1000.000257,1000.000296,1000.000335,1000.000376,1000.000420,1000.000461,1000.000480,1000.000458,1000.000400,1000.000327,1000.000253,1000.000177,0.000000,0.000000,0.000000,0.000000,0.000000,0.000000,0.000000
0.000000,0.000000,0.000000,0.000000,0.000000,0.000000,1000.000135,1000.000217,1000.000291,1000.000366,1000.000433,1000.000475,1000.000475,1000.000440,1000.000395,1000.000352,1000.000311,1000.000271,1000.000231,1000.000194,1000.000157,1000.000121,1000.000087,1000.000054,1000.000022,999.999991,999.999961,999.999932,999.999905,999.999878,999.999853,999.999829,999.999806,999.999785,999.999764,999.999745,999.999727,999.999710,999.999694,999.999680,999.999666,999.999654,999.999643,999.999633,999.999624,999.999617,999.999610,999.999605,999.999601,999.999598,999.999596,999.999596,999.999596,999.999598,999.999601,999.999605,999.999610,999.999617,999.999624,999.999633,999.999643,999.999654,999.999666,999.999680,999.999694,999.999710,999.999727,999.999745,999.999764,999.999785,999.999806,999.999829,999.999853,999.999878,999.999905,999.999932,999.999961,999.999991,1000.000022,1000.000054,1000.000087,1000.000121,1000.000157,1000.000194,1000.000231,1000.000271,1000.000311,1000.000352,1000.000395,1000.000440,1000.000475,1000.000475,1000.000433,1000.000366,1000.000291,1000.000217,1000.000135,0.000000,0.000000,0.000000,0.000000,0.000000,0.000000
0.000000,0.000000,0.000000,0.000000,0.000000,0.000000,1000.000174,1000.000252,1000.000327,1000.000401,1000.000460,1000.000481,1000.000460,1000.000417,1000.000371,1000.000328,1000.000287,1000.000246,1000.000208,1000.000170,1000.000133,1000.000097,1000.000063,1000.000030,999.999997,999.999967,999.999937,999.999908,999.999881,999.999854,999.999829,999.999805,999.999782,999.999761,999.999740,999.999721,999.999703,999.999686,999.999670,999.999656,999.999642,999.999630,999.999619,999.999609,999.999600,999.999593,999.999586,999.999581,999.999577,999.999574,999.999572,999.999572,999.999572,999.999574,999.999577,999.999581,999.999586,999.999593,999.999600,999.999609,999.999619,999.999630,999.999642,999.999656,999.999670,999.999686,999.999703,999.999721,999.999740,999.999761,999.999782,999.999805,999.999829,999.999854,999.999881,999.999908,999.999937,999.999967,999.999997,1000.000030,1000.000063,1000.000097,1000.000133,1000.000170,1000.000208,1000.000246,1000.000287,1000.000328,1000.000371,1000.000417,1000.000460,1000.000481,1000.000460,1000.000401,1000.000327,1000.000252,1000.000174,0.000000,0.000000,0.000000,0.000000,0.000000,0.000000
0.000000,0.000000,0.000000,0.000000,0.000000,1000.000129,1000.000212,1000.000287,1000.000364,1000.000433,1000.000475,1000.000475,1000.000439,1000.000393,1000.000348,1000.000306,1000.000264,1000.000224,1000.000185,1000.000147,1000.000110,1000.000075,1000.000040,1000.000007,999.999975,999.999944,999.999914,999.999885,999.999858,999.999832,999.999806,999.999782,999.999760,999.999738,999.999718,999.999698,999.999680,999.999663,999.999647,999.999633,999.999619,999.999607,999.999596,999.999586,999.999577,999.999570,999.999563,999.999558,999.999554,999.999551,999.999549,999.999549,999.999549,999.999551,999.999554,999.999558,999.999563,999.999570,999.999577,999.999586,999.999596,999.999607,999.999619,999.999633,999.999647,999.999663,999.999680,999.999698,999.999718,999.999738,999.999760,999.999782,999.999806,999.999832,999.999858,999.999885,999.999914,999.999944,999.999975,1000.000007,1000.000040,1000.000075,1000.000110,1000.000147,1000.000185,1000.000224,1000.000264,1000.000306,1000.000348,1000.000393,1000.000439,1000.000475,1000.000475,1000.000433,1000.000364,1000.000287,1000.000212,1000.000129,0.000000,0.000000,0.000000,0.000000,0.000000
0.000000,0.000000,0.000000,0.000000,0.000000,1000.000164,1000.000244,1000.000321,1000.000397,1000.000458,1000.000480,1000.000460,1000.000417,1000.000370,1000.000327,1000.000284,1000.000242,1000.000202,1000.000163,1000.000125,1000.000088,1000.000053,1000.000018,999.999985,999.999953,999.999922,999.999892,999.999864,999.999836,999.999810,999.999785,999.999761,999.999738,999.999716,999.999696,999.999677,999.999659,999.999642,999.999626,999.999611,999.999598,999.999586,999.999574,999.999565,999.999556,999.999548,999.999542,999.999537,999.999532,999.999530,999.999528,999.999527,999.999528,999.999530,999.999532,999.999537,999.999542,999.999548,999.999556,999.999565,999.999574,999.999586,999.999598,999.999611,999.999626,999.999642,999.999659,999.999677,999.999696,999.999716,999.999738,999.999761,999.999785,999.999810,999.999836,999.999864,999.999892,999.999922,999.999953,999.999985,1000.000018,1000.000053,1000.000088,1000.000125,1000.000163,1000.000202,1000.000242,1000.000284,1000.000327,1000.000370,1000.000417,1000.000460,1000.000480,1000.000458,1000.000397,1000.000321,1000.000244,1000.000164,0.000000,0.000000,0.000000,0.000000,0.000000
0.000000,0.000000,0.000000,0.000000,1000.000113,1000.000197,1000.000275,1000.000353,1000.000426,1000.000473,1000.000475,1000.000441,1000.000395,1000.000349,1000.000306,1000.000263,1000.000222,1000.000182,1000.000143,1000.000105,1000.000068,1000.000032,999.999998,999.999965,999.999933,999.999902,999.999872,999.999843,999.999816,999.999789,999.999764,999.999740,999.999718,999.999696,999.999676,999.999656,999.999638,999.999621,999.999605,999.999591,999.999577,999.999565,999.999554,999.999544,999.999535,999.999528,999.999521,999.999516,999.999512,999.999509,999.999507,999.999507,999.999507,999.999509,999.999512,999.999516,999.999521,999.999528,999.999535,999.999544,999.999554,999.999565,999.999577,999.999591,999.999605,999.999621,999.999638,999.999656,999.999676,999.999696,999.999718,999.999740,999.999764,999.999789,999.999816,999.999843,999.999872,999.999902,999.999933,999.999965,999.999998,1000.000032,1000.000068,1000.000105,1000.000143,1000.000182,1000.000222,1000.000263,1000.000306,1000.000349,1000.000395,1000.000441,1000.000475,1000.000473,1000.000426,1000.000353,1000.000275,1000.000197,1000.000113,0.000000,0.000000,0.000000,0.000000
0.000000,0.000000,0.000000,0.000000,1000.000144,1000.000225,1000.000303,1000.000383,1000.000450,1000.000479,1000.000463,1000.000421,1000.000374,1000.000330,1000.000287,1000.000244,1000.000203,1000.000162,1000.000123,1000.000085,1000.000049,1000.000013,999.999979,999.999945,999.999913,999.999882,999.999853,999.999824,999.999796,999.999770,999.999745,999.999721,999.999698,999.999677,999.999656,999.999637,999.999619,999.999602,999.999586,999.999572,999.999558,999.999546,999.999535,999.999525,999.999516,999.999508,999.999502,999.999497,999.999493,999.999490,999.999488,999.999487,999.999488,999.999490,999.999493,999.999497,999.999502,999.999508,999.999516,999.999525,999.999535,999.999546,999.999558,999.999572,999.999586,999.999602,999.999619,999.999637,999.999656,999.999677,999.999698,999.999721,999.999745,999.999770,999.999796,999.999824,999.999853,999.999882,999.999913,999.999945,999.999979,1000.000013,1000.000049,1000.000085,1000.000123,1000.000162,1000.000203,1000.000244,1000.000287,1000.000330,1000.000374,1000.000421,1000.000463,1000.000479,1000.000450,1000.000383,1000.000303,1000.000225,1000.000144,0.000000,0.000000,0.000000,0.000000
