0.000000,0.000000,0.000000,0.000000,0.000000,0.000000,0.000000,0.000000,0.000000,0.000000,0.000000,0.000000,0.000000,0.000000,0.000000,0.000000,0.000000,0.000000,0.000000,0.000000,0.000000,0.000000,0.000000,0.000000,0.000000,0.000000,0.000000,0.000000,0.000000,0.000000,0.000000,0.000000,0.000000,0.000000,0.000000,0.000000,0.000000,0.000000,0.000000,0.000000,0.000000,0.000000,0.000000,0.000000,0.000000,0.000000,0.000000,0.000000,0.000000,0.000000,0.000000,0.000000,0.000000,0.000000,0.000000,0.000000,0.000000,0.000000,0.000000,0.000000,0.000000,0.000000,0.000000,0.000000,0.000000,0.000000,0.000000,0.000000,0.000000,0.000000,0.000000,0.000000,0.000000,0.000000,0.000000,0.000000,0.000000,0.000000,0.000000,0.000000,0.000000,0.000000,0.000000,0.000000,0.000000,0.000000,0.000000,0.000000,0.000000,0.000000,0.000000,0.000000,0.000000,0.000000,0.000000,0.000000,0.000000,0.000000,0.000000,0.000000,0.000000,0.000000,0.000000
0.000000,0.000000,0.000000,0.000000,0.000000,0.000000,0.000000,0.000000,0.000000,0.000000,0.000000,0.000000,0.000000,0.000000,0.000000,0.000000,0.000000,0.000000,0.000000,0.000000,0.000000,0.000000,0.000000,0.000000,0.000000,0.000000,0.000000,0.000000,0.000000,0.000000,0.000000,0.000000,0.000000,0.000000,0.000000,0.000000,0.000000,0.000000,0.000000,0.000000,0.000000,0.000000,0.000000,0.000000,0.000000,0.000000,0.000000,0.000000,0.000000,0.000000,0.000000,1000.000072,0.000000,0.000000,0.000000,0.000000,0.000000,0.000000,0.000000,0.000000,0.000000,0.000000,0.000000,0.000000,0.000000,0.000000,0.000000,0.000000,0.000000,0.000000,0.000000,0.000000,0.000000,0.000000,0.000000,0.000000,0.000000,0.000000,0.000000,0.000000,0.000000,0.000000,0.000000,0.000000,0.000000,0.000000,0.000000,0.000000,0.000000,0.000000,0.000000,0.000000,0.000000,0.000000,0.000000,0.000000,0.000000,0.000000,0.000000,0.000000,0.000000,0.000000,0.000000
0.000000,0.000000,0.000000,0.000000,0.000000,0.000000,0.000000,0.000000,0.000000,0.000000,0.000000,0.000000,0.000000,0.000000,0.000000,0.000000,0.000000,0.000000,0.000000,0.000000,0.000000,0.000000,0.000000,0.000000,0.000000,0.000000,0.000000,0.000000,0.000000,0.000000,0.000000,0.000000,0.000000,0.000000,0.000000,0.000000,0.000000,0.000000,0.000000,0.000000,0.000000,0.000000,1000.000132,1000.000153,1000.000164,1000.000170,1000.000173,1000.000174,1000.000174,1000.000173,1000.000172,1000.000177,1000.000172,1000.000173,1000.000174,1000.000174,1000.000173,1000.000170,1000.000164,1000.000153,1000.000132,0.000000,0.000000,0.000000,0.000000,0.000000,0.000000,0.000000,0.000000,0.000000,0.000000,0.000000,0.000000,0.000000,0.000000,0.000000,0.000000,0.000000,0.000000,0.000000,0.000000,0.000000,0.000000,0.000000,0.000000,0.000000,0.000000,0.000000,0.000000,0.000000,0.000000,0.000000,0.000000,0.000000,0.000000,0.000000,0.000000,0.000000,0.000000,0.000000,0.000000,0.000000,0.000000
0.000000,0.000000,0.000000,0.000000,0.000000,0.000000,0.000000,0.000000,0.000000,0.000000,0.000000,0.000000,0.000000,0.000000,0.000000,0.000000,0.000000,0.000000,0.000000,0.000000,0.000000,0.000000,0.000000,0.000000,0.000000,0.000000,0.000000,0.000000,0.000000,0.000000,0.000000,0.000000,0.000000,0.000000,0.000000,0.000000,0.000000,1000.000127,1000.000158,1000.000184,1000.000204,1000.000221,1000.000236,1000.000250,1000.000260,1000.000268,1000.000272,1000.000274,1000.000275,1000.000275,1000.000275,1000.000275,1000.000275,1000.000275,1000.000275,1000.000274,1000.000272,1000.000268,1000.000260,1000.000250,1000.000236,1000.000221,1000.000204,1000.000184,1000.000158,1000.000127,0.000000,0.000000,0.000000,0.000000,0.000000,0.000000,0.000000,0.000000,0.000000,0.000000,0.000000,0.000000,0.000000,0.000000,0.000000,0.000000,0.000000,0.000000,0.000000,0.000000,0.000000,0.000000,0.000000,0.000000,0.000000,0.000000,0.000000,0.000000,0.000000,0.000000,0.000000,0.000000,0.000000,0.000000,0.000000,0.000000,0.000000
0.000000,0.000000,0.000000,0.000000,0.000000,0.000000,0.000000,0.000000,0.000000,0.000000,0.000000,0.000000,0.000000,0.000000,0.000000,0.000000,0.000000,0.000000,0.000000,0.000000,0.000000,0.000000,0.000000,0.000000,0.000000,0.000000,0.000000,0.000000,0.000000,0.000000,0.000000,0.000000,0.000000,0.000000,1000.000132,1000.000168,1000.000199,1000.000228,1000.000254,1000.000277,1000.000299,1000.000318,1000.000335,1000.000348,1000.000358,1000.000365,1000.000369,1000.000371,1000.000372,1000.000372,1000.000373,1000.000372,1000.000373,1000.000372,1000.000372,1000.000371,1000.000369,1000.000365,1000.000358,1000.000348,1000.000335,1000.000318,1000.000299,1000.000277,1000.000254,1000.000228,1000.000199,1000.000168,1000.000132,0.000000,0.000000,0.000000,0.000000,0.000000,0.000000,0.000000,0.000000,0.000000,0.000000,0.000000,0.000000,0.000000,0.000000,0.000000,0.000000,0.000000,0.000000,0.000000,0.000000,0.000000,0.000000,0.000000,0.000000,0.000000,0.000000,0.000000,0.000000,0.000000,0.000000,0.000000,0.000000,0.000000,0.000000
0.000000,0.000000,0.000000,0.000000,0.000000,0.000000,0.000000,0.000000,0.000000,0.000000,0.000000,0.000000,0.000000,0.000000,0.000000,0.000000,0.000000,0.000000,0.000000,0.000000,0.000000,0.000000,0.000000,0.000000,0.000000,0.000000,0.000000,0.000000,0.000000,0.000000,0.000000,0.000000,1000.000151,1000.000192,1000.000231,1000.000263,1000.000293,1000.000322,1000.000348,1000.000371,1000.000393,1000.000413,1000.000432,1000.000446,1000.000455,1000.000460,1000.000463,1000.000465,1000.000465,1000.000466,1000.000466,1000.000466,1000.000466,1000.000466,1000.000465,1000.000465,1000.000463,1000.000460,1000.000455,1000.000446,1000.000432,1000.000413,1000.000393,1000.000371,1000.000348,1000.000322,1000.000293,1000.000263,1000.000231,1000.000192,1000.000151,0.000000,0.000000,0.000000,0.000000,0.000000,0.000000,0.000000,0.000000,0.000000,0.000000,0.000000,0.000000,0.000000,0.000000,0.000000,0.000000,0.000000,0.000000,0.000000,0.000000,0.000000,0.000000,0.000000,0.000000,0.000000,0.000000,0.000000,0.000000,0.000000,0.000000,0.000000,0.000000
0.000000,0.000000,0.000000,0.000000,0.000000,0.000000,0.000000,0.000000,0.000000,0.000000,0.000000,0.000000,0.000000,0.000000,0.000000,0.000000,0.000000,0.000000,0.000000,0.000000,0.000000,0.000000,0.000000,0.000000,0.000000,0.000000,0.000000,0.000000,0.000000,0.000000,1000.000158,1000.000204,1000.000248,1000.000285,1000.000321,1000.000354,1000.000386,1000.000416,1000.000442,1000.000464,1000.000483,1000.000500,1000.000515,1000.000525,1000.000530,1000.000533,1000.000535,1000.000535,1000.000535,1000.000535,1000.000535,1000.000535,1000.000535,1000.000535,1000.000535,1000.000535,1000.000535,1000.000533,1000.000530,1000.000525,1000.000515,1000.000500,1000.000483,1000.000464,1000.000442,1000.000416,1000.000386,1000.000354,1000.000321,1000.000285,1000.000248,1000.000204,1000.000158,0.000000,0.000000,0.000000,0.000000,0.000000,0.000000,0.000000,0.000000,0.000000,0.000000,0.000000,0.000000,0.000000,0.000000,0.000000,0.000000,0.000000,0.000000,0.000000,0.000000,0.000000,0.000000,0.000000,0.000000,0.000000,0.000000,0.000000,0.000000,0.000000,0.000000
0.000000,0.000000,0.000000,0.000000,0.000000,0.000000,0.000000,0.000000,0.000000,0.000000,0.000000,0.000000,0.000000,0.000000,0.000000,0.000000,0.000000,0.000000,0.000000,0.000000,0.000000,0.000000,0.000000,0.000000,0.000000,0.000000,0.000000,0.000000,1000.000157,1000.000206,1000.000254,1000.000295,1000.000336,1000.000375,1000.000413,1000.000447,1000.000476,1000.000501,1000.000522,1000.000536,1000.000545,1000.000551,1000.000553,1000.000552,1000.000550,1000.000549,1000.000549,1000.000548,1000.000547,1000.000547,1000.000547,1000.000547,1000.000547,1000.000547,1000.000547,1000.000548,1000.000549,1000.000549,1000.000550,1000.000552,1000.000553,1000.000551,1000.000545,1000.000536,1000.000522,1000.000501,1000.000476,1000.000447,1000.000413,1000.000375,1000.000336,1000.000295,1000.000254,1000.000206,1000.000157,0.000000,0.000000,0.000000,0.000000,0.000000,0.000000,0.000000,0.000000,0.000000,0.000000,0.000000,0.000000,0.000000,0.000000,0.000000,0.000000,0.000000,0.000000,0.000000,0.000000,0.000000,0.000000,0.000000,0.000000,0.000000,0.000000,0.000000,0.000000
0.000000,0.000000,0.000000,0.000000,0.000000,0.000000,0.000000,0.000000,0.000000,0.000000,0.000000,0.000000,0.000000,0.000000,0.000000,0.000000,0.000000,0.000000,0.000000,0.000000,0.000000,0.000000,0.000000,0.000000,0.000000,0.000000,1000.000149,1000.000202,1000.000252,1000.000296,1000.000340,1000.000383,1000.000425,1000.000463,1000.000497,1000.000524,1000.000542,1000.000553,1000.000558,1000.000556,1000.000552,1000.000545,1000.000534,1000.000523,1000.000515,1000.000511,1000.000508,1000.000506,1000.000505,1000.000504,1000.000503,1000.000503,1000.000503,1000.000504,1000.000505,1000.000506,1000.000508,1000.000511,1000.000515,1000.000523,1000.000534,1000.000545,1000.000552,1000.000556,1000.000558,1000.000553,1000.000542,1000.000524,1000.000497,1000.000463,1000.000425,1000.000383,1000.000340,1000.000296,1000.000252,1000.000202,1000.000149,0.000000,0.000000,0.000000,0.000000,0.000000,0.000000,0.000000,0.000000,0.000000,0.000000,0.000000,0.000000,0.000000,0.000000,0.000000,0.000000,0.000000,0.000000,0.000000,0.000000,0.000000,0.000000,0.000000,0.000000,0.000000,0.000000
0.000000,0.000000,0.000000,0.000000,0.000000,0.000000,0.000000,0.000000,0.000000,0.000000,0.000000,0.000000,0.000000,0.000000,0.000000,0.000000,0.000000,0.000000,0.000000,0.000000,0.000000,0.000000,0.000000,0.000000,1000.000128,1000.000186,1000.000242,1000.000290,1000.000337,1000.000382,1000.000427,1000.000468,1000.000504,1000.000533,1000.000551,1000.000558,1000.000557,1000.000549,1000.000537,1000.000524,1000.000511,1000.000497,1000.000483,1000.000470,1000.000460,1000.000454,1000.000450,1000.000447,1000.000444,1000.000443,1000.000442,1000.000442,1000.000442,1000.000443,1000.000444,1000.000447,1000.000450,1000.000454,1000.000460,1000.000470,1000.000483,1000.000497,1000.000511,1000.000524,1000.000537,1000.000549,1000.000557,1000.000558,1000.000551,1000.000533,1000.000504,1000.000468,1000.000427,1000.000382,1000.000337,1000.000290,1000.000242,1000.000186,1000.000128,0.000000,0.000000,0.000000,0.000000,0.000000,0.000000,0.000000,0.000000,0.000000,0.000000,0.000000,0.000000,0.000000,0.000000,0.000000,0.000000,0.000000,0.000000,0.000000,0.000000,0.000000,0.000000,0.000000,0.000000
0.000000,0.000000,0.000000,0.000000,0.000000,0.000000,0.000000,0.000000,0.000000,0.000000,0.000000,0.000000,0.000000,0.000000,0.000000,0.000000,0.000000,0.000000,0.000000,0.000000,0.000000,0.000000,0.000000,1000.000155,1000.000218,1000.000272,1000.000324,1000.000375,1000.000423,1000.000467,1000.000505,1000.000536,1000.000554,1000.000559,1000.000554,1000.000539,1000.000523,1000.000505,1000.000486,1000.000469,1000.000454,1000.000440,1000.000427,1000.000415,1000.000406,1000.000398,1000.000393,1000.000389,1000.000386,1000.000384,1000.000383,1000.000382,1000.000383,1000.000384,1000.000386,1000.000389,1000.000393,1000.000398,1000.000406,1000.000415,1000.000427,1000.000440,1000.000454,1000.000469,1000.000486,1000.000505,1000.000523,1000.000539,1000.000554,1000.000559,1000.000554,1000.000536,1000.000505,1000.000467,1000.000423,1000.000375,1000.000324,1000.000272,1000.000218,1000.000155,0.000000,0.000000,0.000000,0.000000,0.000000,0.000000,0.000000,0.000000,0.000000,0.000000,0.000000,0.000000,0.000000,0.000000,0.000000,0.000000,0.000000,0.000000,0.000000,0.000000,0.000000,0.000000,0.000000
0.000000,0.000000,0.000000,0.000000,0.000000,0.000000,0.000000,0.000000,0.000000,0.000000,0.000000,0.000000,0.000000,0.000000,0.000000,0.000000,0.000000,0.000000,0.000000,0.000000,0.000000,1000.000114,1000.000179,1000.000242,1000.000298,1000.000354,1000.000409,1000.000459,1000.000501,1000.000534,1000.000554,1000.000560,1000.000553,1000.000536,1000.000514,1000.000491,1000.000469,1000.000449,1000.000431,1000.000414,1000.000399,1000.000385,1000.000372,1000.000361,1000.000352,1000.000344,1000.000337,1000.000333,1000.000329,1000.000327,1000.000326,1000.000325,1000.000326,1000.000327,1000.000329,1000.000333,1000.000337,1000.000344,1000.000352,1000.000361,1000.000372,1000.000385,1000.000399,1000.000414,1000.000431,1000.000449,1000.000469,1000.000491,1000.000514,1000.000536,1000.000553,1000.000560,1000.000554,1000.000534,1000.000501,1000.000459,1000.000409,1000.000354,1000.000298,1000.000242,1000.000179,1000.000114,0.000000,0.000000,0.000000,0.000000,0.000000,0.000000,0.000000,0.000000,0.000000,0.000000,0.000000,0.000000,0.000000,0.000000,0.000000,0.000000,0.000000,0.000000,0.000000,0.000000,0.000000
0.000000,0.000000,0.000000,0.000000,0.000000,0.000000,0.000000,0.000000,0.000000,0.000000,0.000000,0.000000,0.000000,0.000000,0.000000,0.000000,0.000000,0.000000,0.000000,0.000000,1000.000133,1000.000202,1000.000261,1000.000319,1000.000377,1000.000435,1000.000487,1000.000527,1000.000551,1000.000559,1000.000553,1000.000536,1000.000513,1000.000487,1000.000461,1000.000437,1000.000415,1000.000396,1000.000378,1000.000361,1000.000345,1000.000331,1000.000319,1000.000308,1000.000298,1000.000290,1000.000284,1000.000278,1000.000275,1000.000272,1000.000270,1000.000270,1000.000270,1000.000272,1000.000275,1000.000278,1000.000284,1000.000290,1000.000298,1000.000308,1000.000319,1000.000331,1000.000345,1000.000361,1000.000378,1000.000396,1000.000415,1000.000437,1000.000461,1000.000487,1000.000513,1000.000536,1000.000553,1000.000559,1000.000551,1000.000527,1000.000487,1000.000435,1000.000377,1000.000319,1000.000261,1000.000202,1000.000133,0.000000,0.000000,0.000000,0.000000,0.000000,0.000000,0.000000,0.000000,0.000000,0.000000,0.000000,0.000000,0.000000,0.000000,0.000000,0.000000,0.000000,0.000000,0.000000,0.000000
0.000000,0.000000,0.000000,0.000000,0.000000,0.000000,0.000000,0.000000,0.000000,0.000000,0.000000,0.000000,0.000000,0.000000,0.000000,0.000000,0.000000,0.000000,0.000000,1000.000148,1000.000219,1000.000280,1000.000338,1000.000397,1000.000454,1000.000505,1000.000542,1000.000557,1000.000553,1000.000537,1000.000514,1000.000487,1000.000459,1000.000433,1000.000408,1000.000385,1000.000364,1000.000344,1000.000326,1000.000309,1000.000293,1000.000279,1000.000267,1000.000255,1000.000246,1000.000238,1000.000231,1000.000225,1000.000221,1000.000218,1000.000217,1000.000216,1000.000217,1000.000218,1000.000221,1000.000225,1000.000231,1000.000238,1000.000246,1000.000255,1000.000267,1000.000279,1000.000293,1000.000309,1000.000326,1000.000344,1000.000364,1000.000385,1000.000408,1000.000433,1000.000459,1000.000487,1000.000514,1000.000537,1000.000553,1000.000557,1000.000542,1000.000505,1000.000454,1000.000397,1000.000338,1000.000280,1000.000219,1000.000148,0.000000,0.000000,0.000000,0.000000,0.000000,0.000000,0.000000,0.000000,0.000000,0.000000,0.000000,0.000000,0.000000,0.000000,0.000000,0.000000,0.000000,0.000000,0.000000
0.000000,0.000000,0.000000,0.000000,0.000000,0.000000,0.000000,0.000000,0.000000,0.000000,0.000000,0.000000,0.000000,0.000000,0.000000,0.000000,0.000000,0.000000,1000.000158,1000.000231,1000.000294,1000.000356,1000.000417,1000.000472,1000.000518,1000.000550,1000.000558,1000.000543,1000.000519,1000.000490,1000.000461,1000.000433,1000.000407,1000.000381,1000.000358,1000.000335,1000.000313,1000.000293,1000.000275,1000.000258,1000.000242,1000.000228,1000.000216,1000.000204,1000.000195,1000.000186,1000.000179,1000.000174,1000.000170,1000.000167,1000.000165,1000.000164,1000.000165,1000.000167,1000.000170,1000.000174,1000.000179,1000.000186,1000.000195,1000.000204,1000.000216,1000.000228,1000.000242,1000.000258,1000.000275,1000.000293,1000.000313,1000.000335,1000.000358,1000.000381,1000.000407,1000.000433,1000.000461,1000.000490,1000.000519,1000.000543,1000.000558,1000.000550,1000.000518,1000.000472,1000.000417,1000.000356,1000.000294,1000.000231,1000.000158,0.000000,0.000000,0.000000,0.000000,0.000000,0.000000,0.000000,0.000000,0.000000,0.000000,0.000000,0.000000,0.000000,0.000000,0.000000,0.000000,0.000000,0.000000
0.000000,0.000000,0.000000,0.000000,0.000000,0.000000,0.000000,0.000000,0.000000,0.000000,0.000000,0.000000,0.000000,0.000000,0.000000,0.000000,0.000000,1000.000163,1000.000238,1000.000304,1000.000369,1000.000433,1000.000490,1000.000532,1000.000556,1000.000557,1000.000536,1000.000505,1000.000471,1000.000439,1000.000411,1000.000383,1000.000357,1000.000332,1000.000308,1000.000285,1000.000263,1000.000244,1000.000225,1000.000208,1000.000193,1000.000179,1000.000166,1000.000155,1000.000145,1000.000137,1000.000129,1000.000124,1000.000119,1000.000116,1000.000114,1000.000114,1000.000114,1000.000116,1000.000119,1000.000124,1000.000129,1000.000137,1000.000145,1000.000155,1000.000166,1000.000179,1000.000193,1000.000208,1000.000225,1000.000244,1000.000263,1000.000285,1000.000308,1000.000332,1000.000357,1000.000383,1000.000411,1000.000439,1000.000471,1000.000505,1000.000536,1000.000557,1000.000556,1000.000532,1000.000490,1000.000433,1000.000369,1000.000304,1000.000238,1000.000163,0.000000,0.000000,0.000000,0.000000,0.000000,0.000000,0.000000,0.000000,0.000000,0.000000,0.000000,0.000000,0.000000,0.000000,0.000000,0.000000,0.000000
0.000000,0.000000,0.000000,0.000000,0.000000,0.000000,0.000000,0.000000,0.000000,0.000000,0.000000,0.000000,0.000000,0.000000,0.000000,0.000000,1000.000164,1000.000241,1000.000309,1000.000376,1000.000442,1000.000501,1000.000542,1000.000558,1000.000551,1000.000528,1000.000494,1000.000457,1000.000422,1000.000392,1000.000363,1000.000335,1000.000309,1000.000283,1000.000259,1000.000237,1000.000216,1000.000196,1000.000177,1000.000160,1000.000145,1000.000130,1000.000118,1000.000106,1000.000097,1000.000088,1000.000081,1000.000075,1000.000071,1000.000067,1000.000065,1000.000065,1000.000065,1000.000067,1000.000071,1000.000075,1000.000081,1000.000088,1000.000097,1000.000106,1000.000118,1000.000130,1000.000145,1000.000160,1000.000177,1000.000196,1000.000216,1000.000237,1000.000259,1000.000283,1000.000309,1000.000335,1000.000363,1000.000392,1000.000422,1000.000457,1000.000494,1000.000528,1000.000551,1000.000558,1000.000542,1000.000501,1000.000442,1000.000376,1000.000309,1000.000241,1000.000164,0.000000,0.000000,0.000000,0.000000,0.000000,0.000000,0.000000,0.000000,0.000000,0.000000,0.000000,0.000000,0.000000,0.000000,0.000000,0.000000
0.000000,0.000000,0.000000,0.000000,0.000000,0.000000,0.000000,0.000000,0.000000,0.000000,0.000000,0.000000,0.000000,0.000000,0.000000,1000.000163,1000.000241,1000.000310,1000.000379,1000.000447,1000.000506,1000.000546,1000.000558,1000.000543,1000.000515,1000.000481,1000.000444,1000.000409,1000.000377,1000.000346,1000.000316,1000.000288,1000.000261,1000.000236,1000.000212,1000.000190,1000.000168,1000.000149,1000.000130,1000.000113,1000.000098,1000.000084,1000.000071,1000.000059,1000.000049,1000.000041,1000.000034,1000.000028,1000.000023,1000.000020,1000.000018,1000.000017,1000.000018,1000.000020,1000.000023,1000.000028,1000.000034,1000.000041,1000.000049,1000.000059,1000.000071,1000.000084,1000.000098,1000.000113,1000.000130,1000.000149,1000.000168,1000.000190,1000.000212,1000.000236,1000.000261,1000.000288,1000.000316,1000.000346,1000.000377,1000.000409,1000.000444,1000.000481,1000.000515,1000.000543,1000.000558,1000.000546,1000.000506,1000.000447,1000.000379,1000.000310,1000.000241,1000.000163,0.000000,0.000000,0.000000,0.000000,0.000000,0.000000,0.000000,0.000000,0.000000,0.000000,0.000000,0.000000,0.000000,0.000000,0.000000
0.000000,0.000000,0.000000,0.000000,0.000000,0.000000,0.000000,0.000000,0.000000,0.000000,0.000000,0.000000,0.000000,0.000000,1000.000158,1000.000238,1000.000309,1000.000379,1000.000448,1000.000508,1000.000548,1000.000558,1000.000539,1000.000506,1000.000468,1000.000432,1000.000397,1000.000364,1000.000332,1000.000300,1000.000270,1000.000243,1000.000216,1000.000191,1000.000167,1000.000144,1000.000123,1000.000103,1000.000085,1000.000068,1000.000052,1000.000038,1000.000025,1000.000014,1000.000004,999.999995,999.999988,999.999982,999.999977,999.999974,999.999972,999.999971,999.999972,999.999974,999.999977,999.999982,999.999988,999.999995,1000.000004,1000.000014,1000.000025,1000.000038,1000.000052,1000.000068,1000.000085,1000.000103,1000.000123,1000.000144,1000.000167,1000.000191,1000.000216,1000.000243,1000.000270,1000.000300,1000.000332,1000.000364,1000.000397,1000.000432,1000.000468,1000.000506,1000.000539,1000.000558,1000.000548,1000.000508,1000.000448,1000.000379,1000.000309,1000.000238,1000.000158,0.000000,0.000000,0.000000,0.000000,0.000000,0.000000,0.000000,0.000000,0.000000,0.000000,0.000000,0.000000,0.000000,0.000000
0.000000,0.000000,0.000000,0.000000,0.000000,0.000000,0.000000,0.000000,0.000000,0.000000,0.000000,0.000000,0.000000,1000.000148,1000.000231,1000.000304,1000.000376,1000.000447,1000.000508,1000.000549,1000.000558,1000.000538,1000.000502,1000.000461,1000.000422,1000.000387,1000.000353,1000.000320,1000.000287,1000.000256,1000.000226,1000.000198,1000.000172,1000.000146,1000.000122,1000.000100,1000.000079,1000.000059,1000.000040,1000.000023,1000.000008,999.999994,999.999981,999.999969,999.999959,999.999951,999.999943,999.999937,999.999933,999.999929,999.999927,999.999927,999.999927,999.999929,999.999933,999.999937,999.999943,999.999951,999.999959,999.999969,999.999981,999.999994,1000.000008,1000.000023,1000.000040,1000.000059,1000.000079,1000.000100,1000.000122,1000.000146,1000.000172,1000.000198,1000.000226,1000.000256,1000.000287,1000.000320,1000.000353,1000.000387,1000.000422,1000.000461,1000.000502,1000.000538,1000.000558,1000.000549,1000.000508,1000.000447,1000.000376,1000.000304,1000.000231,1000.000148,0.000000,0.000000,0.000000,0.000000,0.000000,0.000000,0.000000,0.000000,0.000000,0.000000,0.000000,0.000000,0.000000
0.000000,0.000000,0.000000,0.000000,0.000000,0.000000,0.000000,0.000000,0.000000,0.000000,0.000000,0.000000,1000.000133,1000.000219,1000.000294,1000.000369,1000.000442,1000.000506,1000.000548,1000.000558,1000.000537,1000.000500,1000.000458,1000.000417,1000.000380,1000.000345,1000.000310,1000.000276,1000.000244,1000.000213,1000.000184,1000.000155,1000.000129,1000.000103,1000.000080,1000.000057,1000.000036,1000.000016,999.999998,999.999981,999.999965,999.999951,999.999938,999.999926,999.999916,999.999908,999.999900,999.999894,999.999890,999.999886,999.999884,999.999884,999.999884,999.999886,999.999890,999.999894,999.999900,999.999908,999.999916,999.999926,999.999938,999.999951,999.999965,999.999981,999.999998,1000.000016,1000.000036,1000.000057,1000.000080,1000.000103,1000.000129,1000.000155,1000.000184,1000.000213,1000.000244,1000.000276,1000.000310,1000.000345,1000.000380,1000.000417,1000.000458,1000.000500,1000.000537,1000.000558,1000.000548,1000.000506,1000.000442,1000.000369,1000.000294,1000.000219,1000.000133,0.000000,0.000000,0.000000,0.000000,0.000000,0.000000,0.000000,0.000000,0.000000,0.000000,0.000000,0.000000
0.000000,0.000000,0.000000,0.000000,0.000000,0.000000,0.000000,0.000000,0.000000,0.000000,0.000000,1000.000114,1000.000202,1000.000280,1000.000356,1000.000433,1000.000501,1000.000546,1000.000558,1000.000538,1000.000500,1000.000457,1000.000415,1000.000377,1000.000340,1000.000303,1000.000268,1000.000234,1000.000202,1000.000171,1000.000142,1000.000114,1000.000087,1000.000062,1000.000038,1000.000015,999.999994,999.999974,999.999956,999.999939,999.999923,999.999909,999.999896,999.999885,999.999875,999.999866,999.999859,999.999852,999.999848,999.999844,999.999842,999.999842,999.999842,999.999844,999.999848,999.999852,999.999859,999.999866,999.999875,999.999885,999.999896,999.999909,999.999923,999.999939,999.999956,999.999974,999.999994,1000.000015,1000.000038,1000.000062,1000.000087,1000.000114,1000.000142,1000.000171,1000.000202,1000.000234,1000.000268,1000.000303,1000.000340,1000.000377,1000.000415,1000.000457,1000.000500,1000.000538,1000.000558,1000.000546,1000.000501,1000.000433,1000.000356,1000.000280,1000.000202,1000.000114,0.000000,0.000000,0.000000,0.000000,0.000000,0.000000,0.000000,0.000000,0.000000,0.000000,0.000000
0.000000,0.000000,0.000000,0.000000,0.000000,0.000000,0.000000,0.000000,0.000000,0.000000,0.000000,1000.000179,1000.000261,1000.000338,1000.000417,1000.000490,1000.000542,1000.000558,1000.000539,1000.000502,1000.000458,1000.000415,1000.000375,1000.000337,1000.000299,1000.000262,1000.000228,1000.000194,1000.000162,1000.000131,1000.000102,1000.000074,1000.000047,1000.000022,999.999998,999.999975,999.999954,999.999934,999.999916,999.999899,999.999883,999.999869,999.999856,999.999845,999.999834,999.999826,999.999818,999.999812,999.999807,999.999804,999.999802,999.999801,999.999802,999.999804,999.999807,999.999812,999.999818,999.999826,999.999834,999.999845,999.999856,999.999869,999.999883,999.999899,999.999916,999.999934,999.999954,999.999975,999.999998,1000.000022,1000.000047,1000.000074,1000.000102,1000.000131,1000.000162,1000.000194,1000.000228,1000.000262,1000.000299,1000.000337,1000.000375,1000.000415,1000.000458,1000.000502,1000.000539,1000.000558,1000.000542,1000.000490,1000.000417,1000.000338,1000.000261,1000.000179,0.000000,0.000000,0.000000,0.000000,0.000000,0.000000,0.000000,0.000000,0.000000,0.000000,0.000000
0.000000,0.000000,0.000000,0.000000,0.000000,0.000000,0.000000,0.000000,0.000000,0.000000,1000.000155,1000.000242,1000.000319,1000.000397,1000.000472,1000.000532,1000.000558,1000.000543,1000.000506,1000.000461,1000.000417,1000.000377,1000.000337,1000.000297,1000.000259,1000.000224,1000.000189,1000.000155,1000.000123,1000.000092,1000.000063,1000.000035,1000.000008,999.999983,999.999959,999.999936,999.999915,999.999895,999.999877,999.999860,999.999844,999.999830,999.999817,999.999806,999.999795,999.999787,999.999779,999.999773,999.999768,999.999765,999.999763,999.999762,999.999763,999.999765,999.999768,999.999773,999.999779,999.999787,999.999795,999.999806,999.999817,999.999830,999.999844,999.999860,999.999877,999.999895,999.999915,999.999936,999.999959,999.999983,1000.000008,1000.000035,1000.000063,1000.000092,1000.000123,1000.000155,1000.000189,1000.000224,1000.000259,1000.000297,1000.000337,1000.000377,1000.000417,1000.000461,1000.000506,1000.000543,1000.000558,1000.000532,1000.000472,1000.000397,1000.000319,1000.000242,1000.000155,0.000000,0.000000,0.000000,0.000000,0.000000,0.000000,0.000000,0.000000,0.000000,0.000000
0.000000,0.000000,0.000000,0.000000,0.000000,0.000000,0.000000,0.000000,0.000000,1000.000128,1000.000218,1000.000298,1000.000377,1000.000454,1000.000518,1000.000556,1000.000551,1000.000515,1000.000468,1000.000422,1000.000380,1000.000340,1000.000299,1000.000259,1000.000222,1000.000186,1000.000151,1000.000117,1000.000085,1000.000055,1000.000025,999.999997,999.999971,999.999945,999.999921,999.999899,999.999878,999.999858,999.999840,999.999822,999.999807,999.999793,999.999780,999.999768,999.999758,999.999749,999.999742,999.999736,999.999731,999.999727,999.999725,999.999725,999.999725,999.999727,999.999731,999.999736,999.999742,999.999749,999.999758,999.999768,999.999780,999.999793,999.999807,999.999822,999.999840,999.999858,999.999878,999.999899,999.999921,999.999945,999.999971,999.999997,1000.000025,1000.000055,1000.000085,1000.000117,1000.000151,1000.000186,1000.000222,1000.000259,1000.000299,1000.000340,1000.000380,1000.000422,1000.000468,1000.000515,1000.000551,1000.000556,1000.000518,1000.000454,1000.000377,1000.000298,1000.000218,1000.000128,0.000000,0.000000,0.000000,0.000000,0.000000,0.000000,0.000000,0.000000,0.000000
0.000000,0.000000,0.000000,0.000000,0.000000,0.000000,0.000000,0.000000,0.000000,1000.000186,1000.000272,1000.000354,1000.000435,1000.000505,1000.000550,1000.000557,1000.000528,1000.000481,1000.000432,1000.000387,1000.000345,1000.000303,1000.000262,1000.000224,1000.000186,1000.000150,1000.000115,1000.000081,1000.000049,1000.000018,999.999989,999.999961,999.999934,999.999909,999.999885,999.999863,999.999842,999.999822,999.999803,999.999786,999.999771,999.999756,999.999743,999.999732,999.999722,999.999713,999.999705,999.999699,999.999695,999.999691,999.999689,999.999688,999.999689,999.999691,999.999695,999.999699,999.999705,999.999713,999.999722,999.999732,999.999743,999.999756,999.999771,999.999786,999.999803,999.999822,999.999842,999.999863,999.999885,999.999909,999.999934,999.999961,999.999989,1000.000018,1000.000049,1000.000081,1000.000115,1000.000150,1000.000186,1000.000224,1000.000262,1000.000303,1000.000345,1000.000387,1000.000432,1000.000481,1000.000528,1000.000557,1000.000550,1000.000505,1000.000435,1000.000354,1000.000272,1000.000186,0.000000,0.000000,0.000000,0.000000,0.000000,0.000000,0.000000,0.000000,0.000000
0.000000,0.000000,0.000000,0.000000,0.000000,0.000000,0.000000,0.000000,1000.000149,1000.000242,1000.000324,1000.000409,1000.000487,1000.000542,1000.000558,1000.000536,1000.000494,1000.000444,1000.000397,1000.000353,1000.000310,1000.000268,1000.000228,1000.000189,1000.000151,1000.000115,1000.000080,1000.000047,1000.000014,999.999984,999.999954,999.999926,999.999900,999.999874,999.999850,999.999828,999.999807,999.999787,999.999769,999.999752,999.999736,999.999722,999.999709,999.999697,999.999687,999.999678,999.999671,999.999664,999.999660,999.999656,999.999654,999.999654,999.999654,999.999656,999.999660,999.999664,999.999671,999.999678,999.999687,999.999697,999.999709,999.999722,999.999736,999.999752,999.999769,999.999787,999.999807,999.999828,999.999850,999.999874,999.999900,999.999926,999.999954,999.999984,1000.000014,1000.000047,1000.000080,1000.000115,1000.000151,1000.000189,1000.000228,1000.000268,1000.000310,1000.000353,1000.000397,1000.000444,1000.000494,1000.000536,1000.000558,1000.000542,1000.000487,1000.000409,1000.000324,1000.000242,1000.000149,0.000000,0.000000,0.000000,0.000000,0.000000,0.000000,0.000000,0.000000
0.000000,0.000000,0.000000,0.000000,0.000000,0.000000,0.000000,0.000000,1000.000202,1000.000290,1000.000375,1000.000459,1000.000527,1000.000557,1000.000543,1000.000505,1000.000457,1000.000409,1000.000364,1000.000320,1000.000276,1000.000234,1000.000194,1000.000155,1000.000117,1000.000081,1000.000047,1000.000013,999.999981,999.999950,999.999921,999.999893,999.999866,999.999841,999.999817,999.999795,999.999773,999.999754,999.999735,999.999718,999.999702,999.999688,999.999675,999.999664,999.999653,999.999645,999.999637,999.999631,999.999626,999.999623,999.999621,999.999620,999.999621,999.999623,999.999626,999.999631,999.999637,999.999645,999.999653,999.999664,999.999675,999.999688,999.999702,999.999718,999.999735,999.999754,999.999773,999.999795,999.999817,999.999841,999.999866,999.999893,999.999921,999.999950,999.999981,1000.000013,1000.000047,1000.000081,1000.000117,1000.000155,1000.000194,1000.000234,1000.000276,1000.000320,1000.000364,1000.000409,1000.000457,1000.000505,1000.000543,1000.000557,1000.000527,1000.000459,1000.000375,1000.000290,1000.000202,0.000000,0.000000,0.000000,0.000000,0.000000,0.000000,0.000000,0.000000
0.000000,0.000000,0.000000,0.000000,0.000000,0.000000,0.000000,1000.000157,1000.000252,1000.000337,1000.000423,1000.000501,1000.000551,1000.000553,1000.000519,1000.000471,1000.000422,1000.000377,1000.000332,1000.000287,1000.000244,1000.000202,1000.000162,1000.000123,1000.000085,1000.000049,1000.000014,999.999981,999.999949,999.999918,999.999889,999.999861,999.999834,999.999809,999.999785,999.999762,999.999741,999.999722,999.999703,999.999686,999.999670,999.999656,999.999643,999.999632,999.999621,999.999613,999.999605,999.999599,999.999594,999.999591,999.999589,999.999588,999.999589,999.999591,999.999594,999.999599,999.999605,999.999613,999.999621,999.999632,999.999643,999.999656,999.999670,999.999686,999.999703,999.999722,999.999741,999.999762,999.999785,999.999809,999.999834,999.999861,999.999889,999.999918,999.999949,999.999981,1000.000014,1000.000049,1000.000085,1000.000123,1000.000162,1000.000202,1000.000244,1000.000287,1000.000332,1000.000377,1000.000422,1000.000471,1000.000519,1000.000553,1000.000551,1000.000501,1000.000423,1000.000337,1000.000252,1000.000157,0.000000,0.000000,0.000000,0.000000,0.000000,0.000000,0.000000
0.000000,0.000000,0.000000,0.000000,0.000000,0.000000,0.000000,1000.000206,1000.000296,1000.000382,1000.000467,1000.000534,1000.000559,1000.000537,1000.000490,1000.000439,1000.000392,1000.000346,1000.000300,1000.000256,1000.000213,1000.000171,1000.000131,1000.000092,1000.000055,1000.000018,999.999984,999.999950,999.999918,999.999887,999.999858,999.999830,999.999803,999.999778,999.999754,999.999732,999.999711,999.999691,999.999672,999.999655,999.999640,999.999625,999.999612,999.999601,999.999591,999.999582,999.999574,999.999568,999.999563,999.999560,999.999558,999.999557,999.999558,999.999560,999.999563,999.999568,999.999574,999.999582,999.999591,999.999601,999.999612,999.999625,999.999640,999.999655,999.999672,999.999691,999.999711,999.999732,999.999754,999.999778,999.999803,999.999830,999.999858,999.999887,999.999918,999.999950,999.999984,1000.000018,1000.000055,1000.000092,1000.000131,1000.000171,1000.000213,1000.000256,1000.000300,1000.000346,1000.000392,1000.000439,1000.000490,1000.000537,1000.000559,1000.000534,1000.000467,1000.000382,1000.000296,1000.000206,0.000000,0.000000,0.000000,0.000000,0.000000,0.000000,0.000000
0.000000,0.000000,0.000000,0.000000,0.000000,0.000000,1000.000158,1000.000254,1000.000340,1000.000427,1000.000505,1000.000554,1000.000553,1000.000514,1000.000461,1000.000411,1000.000363,1000.000316,1000.000270,1000.000226,1000.000184,1000.000142,1000.000102,1000.000063,1000.000025,999.999989,999.999954,999.999921,999.999889,999.999858,999.999829,999.999801,999.999774,999.999749,999.999725,999.999702,999.999681,999.999661,999.999643,999.999626,999.999610,999.999596,999.999583,999.999571,999.999561,999.999552,999.999545,999.999539,999.999534,999.999531,999.999529,999.999528,999.999529,999.999531,999.999534,999.999539,999.999545,999.999552,999.999561,999.999571,999.999583,999.999596,999.999610,999.999626,999.999643,999.999661,999.999681,999.999702,999.999725,999.999749,999.999774,999.999801,999.999829,999.999858,999.999889,999.999921,999.999954,999.999989,1000.000025,1000.000063,1000.000102,1000.000142,1000.000184,1000.000226,1000.000270,1000.000316,1000.000363,1000.000411,1000.000461,1000.000514,1000.000553,1000.000554,1000.000505,1000.000427,1000.000340,1000.000254,1000.000158,0.000000,0.000000,0.000000,0.000000,0.000000,0.000000
0.000000,0.000000,0.000000,0.000000,0.000000,0.000000,1000.000204,1000.000295,1000.000383,1000.000468,1000.000536,1000.000560,1000.000536,1000.000487,1000.000433,1000.000383,1000.000335,1000.000288,1000.000243,1000.000198,1000.000155,1000.000114,1000.000074,1000.000035,999.999997,999.999961,999.999926,999.999893,999.999861,999.999830,999.999801,999.999773,999.999746,999.999721,999.999697,999.999674,999.999653,999.999634,999.999615,999.999598,999.999582,999.999568,999.999555,999.999543,999.999533,999.999524,999.999517,999.999511,999.999506,999.999503,999.999501,999.999500,999.999501,999.999503,999.999506,999.999511,999.999517,999.999524,999.999533,999.999543,999.999555,999.999568,999.999582,999.999598,999.999615,999.999634,999.999653,999.999674,999.999697,999.999721,999.999746,999.999773,999.999801,999.999830,999.999861,999.999893,999.999926,999.999961,999.999997,1000.000035,1000.000074,1000.000114,1000.000155,1000.000198,1000.000243,1000.000288,1000.000335,1000.000383,1000.000433,1000.000487,1000.000536,1000.000560,1000.000536,1000.000468,1000.000383,1000.000295,1000.000204,0.000000,0.000000,0.000000,0.000000,0.000000,0.000000
0.000000,0.000000,0.000000,0.000000,0.000000,1000.000151,1000.000248,1000.000336,1000.000425,1000.000504,1000.000554,1000.000553,1000.000513,1000.000459,1000.000407,1000.000357,1000.000309,1000.000261,1000.000216,1000.000172,1000.000129,1000.000087,1000.000047,1000.000008,999.999971,999.999934,999.999900,999.999866,999.999834,999.999803,999.999774,999.999746,999.999719,999.999694,999.999670,999.999648,999.999627,999.999607,999.999588,999.999571,999.999556,999.999541,999.999528,999.999517,999.999507,999.999498,999.999490,999.999484,999.999479,999.999476,999.999474,999.999473,999.999474,999.999476,999.999479,999.999484,999.999490,999.999498,999.999507,999.999517,999.999528,999.999541,999.999556,999.999571,999.999588,999.999607,999.999627,999.999648,999.999670,999.999694,999.999719,999.999746,999.999774,999.999803,999.999834,999.999866,999.999900,999.999934,999.999971,1000.000008,1000.000047,1000.000087,1000.000129,1000.000172,1000.000216,1000.000261,1000.000309,1000.000357,1000.000407,1000.000459,1000.000513,1000.000553,1000.000554,1000.000504,1000.000425,1000.000336,1000.000248,1000.000151,0.000000,0.000000,0.000000,0.000000,0.000000
0.000000,0.000000,0.000000,0.000000,0.000000,1000.000192,1000.000285,1000.000375,1000.000463,1000.000533,1000.000559,1000.000536,1000.000487,1000.000433,1000.000381,1000.000332,1000.000283,1000.000236,1000.000191,1000.000146,1000.000103,1000.000062,1000.000022,999.999983,999.999945,999.999909,999.999874,999.999841,999.999809,999.999778,999.999749,999.999721,999.999694,999.999669,999.999645,999.999623,999.999601,999.999582,999.999563,999.999546,999.999530,999.999516,999.999503,999.999492,999.999481,999.999473,999.999465,999.999459,999.999454,999.999451,999.999449,999.999448,999.999449,999.999451,999.999454,999.999459,999.999465,999.999473,999.999481,999.999492,999.999503,999.999516,999.999530,999.999546,999.999563,999.999582,999.999601,999.999623,999.999645,999.999669,999.999694,999.999721,999.999749,999.999778,999.999809,999.999841,999.999874,999.999909,999.999945,999.999983,1000.000022,1000.000062,1000.000103,1000.000146,1000.000191,1000.000236,1000.000283,1000.000332,1000.000381,1000.000433,1000.000487,1000.000536,1000.000559,1000.000533,1000.000463,1000.000375,1000.000285,1000.000192,0.000000,0.000000,0.000000,0.000000,0.000000
0.000000,0.000000,0.000000,0.000000,1000.000132,1000.000231,1000.000321,1000.000413,1000.000497,1000.000551,1000.000554,1000.000514,1000.000461,1000.000408,1000.000358,1000.000308,1000.000259,1000.000212,1000.000167,1000.000122,1000.000080,1000.000038,999.999998,999.999959,999.999921,999.999885,999.999850,999.999817,999.999785,999.999754,999.999725,999.999697,999.999670,999.999645,999.999621,999.999599,999.999578,999.999558,999.999539,999.999522,999.999507,999.999492,999.999479,999.999468,999.999457,999.999449,999.999441,999.999435,999.999430,999.999427,999.999425,999.999424,999.999425,999.999427,999.999430,999.999435,999.999441,999.999449,999.999457,999.999468,999.999479,999.999492,999.999507,999.999522,999.999539,999.999558,999.999578,999.999599,999.999621,999.999645,999.999670,999.999697,999.999725,999.999754,999.999785,999.999817,999.999850,999.999885,999.999921,999.999959,999.999998,1000.000038,1000.000080,1000.000122,1000.000167,1000.000212,1000.000259,1000.000308,1000.000358,1000.000408,1000.000461,1000.000514,1000.000554,1000.000551,1000.000497,1000.000413,1000.000321,1000.000231,1000.000132,0.000000,0.000000,0.000000,0.000000
0.000000,0.000000,0.000000,0.000000,1000.000168,1000.000263,1000.000354,1000.000447,1000.000524,1000.000558,1000.000539,1000.000491,1000.000437,1000.000385,1000.000335,1000.000285,1000.000237,1000.000190,1000.000144,1000.000100,1000.000057,1000.000015,999.999975,999.999936,999.999899,999.999863,999.999828,999.999795,999.999762,999.999732,999.999702,999.999674,999.999648,999.999623,999.999599,999.999576,999.999555,999.999535,999.999517,999.999500,999.999484,999.999470,999.999457,999.999445,999.999435,999.999426,999.999419,999.999412,999.999408,999.999404,999.999402,999.999402,999.999402,999.999404,999.999408,999.999412,999.999419,999.999426,999.999435,999.999445,999.999457,999.999470,999.999484,999.999500,999.999517,999.999535,999.999555,999.999576,999.999599,999.999623,999.999648,999.999674,999.999702,999.999732,999.999762,999.999795,999.999828,999.999863,999.999899,999.999936,999.999975,1000.000015,1000.000057,1000.000100,1000.000144,1000.000190,1000.000237,1000.000285,1000.000335,1000.000385,1000.000437,1000.000491,1000.000539,1000.000558,1000.000524,1000.000447,1000.000354,1000.000263,1000.000168,0.000000,0.000000,0.000000,0.000000
