0.000000,0.000000,0.000000,0.000000,0.000000,0.000000,0.000000,0.000000,0.000000,0.000000,0.000000,0.000000,0.000000,0.000000,0.000000,0.000000,0.000000,0.000000,0.000000,0.000000,0.000000,0.000000,0.000000,0.000000,0.000000,0.000000,0.000000,0.000000,0.000000,0.000000,0.000000,0.000000,0.000000,0.000000,0.000000,0.000000,0.000000,0.000000,0.000000,0.000000,0.000000,0.000000,0.000000,0.000000,0.000000,0.000000,0.000000,0.000000,0.000000,0.000000,0.000000,0.000000,0.000000,0.000000,0.000000,0.000000,0.000000,0.000000,0.000000,0.000000,0.000000,0.000000,0.000000,0.000000,0.000000,0.000000,0.000000,0.000000,0.000000,0.000000,0.000000,0.000000,0.000000,0.000000,0.000000,0.000000,0.000000,0.000000,0.000000,0.000000,0.000000,0.000000,0.000000,0.000000,0.000000,0.000000,0.000000,0.000000,0.000000,0.000000,0.000000,0.000000,0.000000,0.000000,0.000000,0.000000,0.000000,0.000000,0.000000,0.000000,0.000000,0.000000,0.000000
0.000000,0.000000,0.000000,0.000000,0.000000,0.000000,0.000000,0.000000,0.000000,0.000000,0.000000,0.000000,0.000000,0.000000,0.000000,0.000000,0.000000,0.000000,0.000000,0.000000,0.000000,0.000000,0.000000,0.000000,0.000000,0.000000,0.000000,0.000000,0.000000,0.000000,0.000000,0.000000,0.000000,0.000000,0.000000,0.000000,0.000000,0.000000,0.000000,0.000000,0.000000,0.000000,0.000000,0.000000,0.000000,0.000000,0.000000,0.000000,0.000000,0.000000,0.000000,1000.000077,0.000000,0.000000,0.000000,0.000000,0.000000,0.000000,0.000000,0.000000,0.000000,0.000000,0.000000,0.000000,0.000000,0.000000,0.000000,0.000000,0.000000,0.000000,0.000000,0.000000,0.000000,0.000000,0.000000,0.000000,0.000000,0.000000,0.000000,0.000000,0.000000,0.000000,0.000000,0.000000,0.000000,0.000000,0.000000,0.000000,0.000000,0.000000,0.000000,0.000000,0.000000,0.000000,0.000000,0.000000,0.000000,0.000000,0.000000,0.000000,0.000000,0.000000,0.000000
0.000000,0.000000,0.000000,0.000000,0.000000,0.000000,0.000000,0.000000,0.000000,0.000000,0.000000,0.000000,0.000000,0.000000,0.000000,0.000000,0.000000,0.000000,0.000000,0.000000,0.000000,0.000000,0.000000,0.000000,0.000000,0.000000,0.000000,0.000000,0.000000,0.000000,0.000000,0.000000,0.000000,0.000000,0.000000,0.000000,0.000000,0.000000,0.000000,0.000000,0.000000,0.000000,1000.000140,1000.000163,1000.000175,1000.000181,1000.000184,1000.000185,1000.000185,1000.000184,1000.000183,1000.000189,1000.000183,1000.000184,1000.000185,1000.000185,1000.000184,1000.000181,1000.000175,1000.000163,1000.000140,0.000000,0.000000,0.000000,0.000000,0.000000,0.000000,0.000000,0.000000,0.000000,0.000000,0.000000,0.000000,0.000000,0.000000,0.000000,0.000000,0.000000,0.000000,0.000000,0.000000,0.000000,0.000000,0.000000,0.000000,0.000000,0.000000,0.000000,0.000000,0.000000,0.000000,0.000000,0.000000,0.000000,0.000000,0.000000,0.000000,0.000000,0.000000,0.000000,0.000000,0.000000,0.000000
0.000000,0.000000,0.000000,0.000000,0.000000,0.000000,0.000000,0.000000,0.000000,0.000000,0.000000,0.000000,0.000000,0.000000,0.000000,0.000000,0.000000,0.000000,0.000000,0.000000,0.000000,0.000000,0.000000,0.000000,0.000000,0.000000,0.000000,0.000000,0.000000,0.000000,0.000000,0.000000,0.000000,0.000000,0.000000,0.000000,0.000000,1000.000135,1000.000168,1000.000195,1000.000217,1000.000235,1000.000251,1000.000266,1000.000277,1000.000285,1000.000289,1000.000291,1000.000292,1000.000293,1000.000292,1000.000293,1000.000292,1000.000293,1000.000292,1000.000291,1000.000289,1000.000285,1000.000277,1000.000266,1000.000251,1000.000235,1000.000217,1000.000195,1000.000168,1000.000135,0.000000,0.000000,0.000000,0.000000,0.000000,0.000000,0.000000,0.000000,0.000000,0.000000,0.000000,0.000000,0.000000,0.000000,0.000000,0.000000,0.000000,0.000000,0.000000,0.000000,0.000000,0.000000,0.000000,0.000000,0.000000,0.000000,0.000000,0.000000,0.000000,0.000000,0.000000,0.000000,0.000000,0.000000,0.000000,0.000000,0.000000
0.000000,0.000000,0.000000,0.000000,0.000000,0.000000,0.000000,0.000000,0.000000,0.000000,0.000000,0.000000,0.000000,0.000000,0.000000,0.000000,0.000000,0.000000,0.000000,0.000000,0.000000,0.000000,0.000000,0.000000,0.000000,0.000000,0.000000,0.000000,0.000000,0.000000,0.000000,0.000000,0.000000,0.000000,1000.000141,1000.000179,1000.000211,1000.000243,1000.000270,1000.000295,1000.000318,1000.000338,1000.000356,1000.000370,1000.000381,1000.000388,1000.000392,1000.000394,1000.000395,1000.000396,1000.000396,1000.000396,1000.000396,1000.000396,1000.000395,1000.000394,1000.000392,1000.000388,1000.000381,1000.000370,1000.000356,1000.000338,1000.000318,1000.000295,1000.000270,1000.000243,1000.000211,1000.000179,1000.000141,0.000000,0.000000,0.000000,0.000000,0.000000,0.000000,0.000000,0.000000,0.000000,0.000000,0.000000,0.000000,0.000000,0.000000,0.000000,0.000000,0.000000,0.000000,0.000000,0.000000,0.000000,0.000000,0.000000,0.000000,0.000000,0.000000,0.000000,0.000000,0.000000,0.000000,0.000000,0.000000,0.000000,0.000000
0.000000,0.000000,0.000000,0.000000,0.000000,0.000000,0.000000,0.000000,0.000000,0.000000,0.000000,0.000000,0.000000,0.000000,0.000000,0.000000,0.000000,0.000000,0.000000,0.000000,0.000000,0.000000,0.000000,0.000000,0.000000,0.000000,0.000000,0.000000,0.000000,0.000000,0.000000,0.000000,1000.000161,1000.000204,1000.000245,1000.000280,1000.000311,1000.000342,1000.000370,1000.000395,1000.000418,1000.000440,1000.000459,1000.000474,1000.000484,1000.000489,1000.000492,1000.000494,1000.000495,1000.000495,1000.000495,1000.000495,1000.000495,1000.000495,1000.000495,1000.000494,1000.000492,1000.000489,1000.000484,1000.000474,1000.000459,1000.000440,1000.000418,1000.000395,1000.000370,1000.000342,1000.000311,1000.000280,1000.000245,1000.000204,1000.000161,0.000000,0.000000,0.000000,0.000000,0.000000,0.000000,0.000000,0.000000,0.000000,0.000000,0.000000,0.000000,0.000000,0.000000,0.000000,0.000000,0.000000,0.000000,0.000000,0.000000,0.000000,0.000000,0.000000,0.000000,0.000000,0.000000,0.000000,0.000000,0.000000,0.000000,0.000000,0.000000
0.000000,0.000000,0.000000,0.000000,0.000000,0.000000,0.000000,0.000000,0.000000,0.000000,0.000000,0.000000,0.000000,0.000000,0.000000,0.000000,0.000000,0.000000,0.000000,0.000000,0.000000,0.000000,0.000000,0.000000,0.000000,0.000000,0.000000,0.000000,0.000000,0.000000,1000.000168,1000.000216,1000.000264,1000.000303,1000.000341,1000.000377,1000.000411,1000.000442,1000.000469,1000.000493,1000.000513,1000.000531,1000.000547,1000.000558,1000.000563,1000.000566,1000.000568,1000.000568,1000.000569,1000.000569,1000.000569,1000.000569,1000.000569,1000.000569,1000.000569,1000.000568,1000.000568,1000.000566,1000.000563,1000.000558,1000.000547,1000.000531,1000.000513,1000.000493,1000.000469,1000.000442,1000.000411,1000.000377,1000.000341,1000.000303,1000.000264,1000.000216,1000.000168,0.000000,0.000000,0.000000,0.000000,0.000000,0.000000,0.000000,0.000000,0.000000,0.000000,0.000000,0.000000,0.000000,0.000000,0.000000,0.000000,0.000000,0.000000,0.000000,0.000000,0.000000,0.000000,0.000000,0.000000,0.000000,0.000000,0.000000,0.000000,0.000000,0.000000
0.000000,0.000000,0.000000,0.000000,0.000000,0.000000,0.000000,0.000000,0.000000,0.000000,0.000000,0.000000,0.000000,0.000000,0.000000,0.000000,0.000000,0.000000,0.000000,0.000000,0.000000,0.000000,0.000000,0.000000,0.000000,0.000000,0.000000,0.000000,1000.000167,1000.000220,1000.000270,1000.000314,1000.000357,1000.000399,1000.000439,1000.000475,1000.000506,1000.000532,1000.000554,1000.000569,1000.000579,1000.000585,1000.000587,1000.000586,1000.000585,1000.000584,1000.000583,1000.000582,1000.000581,1000.000581,1000.000581,1000.000581,1000.000581,1000.000581,1000.000581,1000.000582,1000.000583,1000.000584,1000.000585,1000.000586,1000.000587,1000.000585,1000.000579,1000.000569,1000.000554,1000.000532,1000.000506,1000.000475,1000.000439,1000.000399,1000.000357,1000.000314,1000.000270,1000.000220,1000.000167,0.000000,0.000000,0.000000,0.000000,0.000000,0.000000,0.000000,0.000000,0.000000,0.000000,0.000000,0.000000,0.000000,0.000000,0.000000,0.000000,0.000000,0.000000,0.000000,0.000000,0.000000,0.000000,0.000000,0.000000,0.000000,0.000000,0.000000,0.000000
0.000000,0.000000,0.000000,0.000000,0.000000,0.000000,0.000000,0.000000,0.000000,0.000000,0.000000,0.000000,0.000000,0.000000,0.000000,0.000000,0.000000,0.000000,0.000000,0.000000,0.000000,0.000000,0.000000,0.000000,0.000000,0.000000,1000.000159,1000.000215,1000.000268,1000.000315,1000.000362,1000.000407,1000.000452,1000.000493,1000.000528,1000.000557,1000.000575,1000.000587,1000.000592,1000.000591,1000.000587,1000.000579,1000.000567,1000.000556,1000.000548,1000.000543,1000.000540,1000.000538,1000.000537,1000.000535,1000.000535,1000.000535,1000.000535,1000.000535,1000.000537,1000.000538,1000.000540,1000.000543,1000.000548,1000.000556,1000.000567,1000.000579,1000.000587,1000.000591,1000.000592,1000.000587,1000.000575,1000.000557,1000.000528,1000.000493,1000.000452,1000.000407,1000.000362,1000.000315,1000.000268,1000.000215,1000.000159,0.000000,0.000000,0.000000,0.000000,0.000000,0.000000,0.000000,0.000000,0.000000,0.000000,0.000000,0.000000,0.000000,0.000000,0.000000,0.000000,0.000000,0.000000,0.000000,0.000000,0.000000,0.000000,0.000000,0.000000,0.000000,0.000000
0.000000,0.000000,0.000000,0.000000,0.000000,0.000000,0.000000,0.000000,0.000000,0.000000,0.000000,0.000000,0.000000,0.000000,0.000000,0.000000,0.000000,0.000000,0.000000,0.000000,0.000000,0.000000,0.000000,0.000000,1000.000137,1000.000198,1000.000257,1000.000308,1000.000358,1000.000407,1000.000454,1000.000498,1000.000536,1000.000566,1000.000585,1000.000593,1000.000591,1000.000584,1000.000571,1000.000557,1000.000543,1000.000529,1000.000513,1000.000500,1000.000489,1000.000483,1000.000478,1000.000475,1000.000473,1000.000471,1000.000470,1000.000470,1000.000470,1000.000471,1000.000473,1000.000475,1000.000478,1000.000483,1000.000489,1000.000500,1000.000513,1000.000529,1000.000543,1000.000557,1000.000571,1000.000584,1000.000591,1000.000593,1000.000585,1000.000566,1000.000536,1000.000498,1000.000454,1000.000407,1000.000358,1000.000308,1000.000257,1000.000198,1000.000137,0.000000,0.000000,0.000000,0.000000,0.000000,0.000000,0.000000,0.000000,0.000000,0.000000,0.000000,0.000000,0.000000,0.000000,0.000000,0.000000,0.000000,0.000000,0.000000,0.000000,0.000000,0.000000,0.000000,0.000000
0.000000,0.000000,0.000000,0.000000,0.000000,0.000000,0.000000,0.000000,0.000000,0.000000,0.000000,0.000000,0.000000,0.000000,0.000000,0.000000,0.000000,0.000000,0.000000,0.000000,0.000000,0.000000,0.000000,1000.000165,1000.000232,1000.000289,1000.000345,1000.000398,1000.000450,1000.000497,1000.000537,1000.000569,1000.000588,1000.000594,1000.000588,1000.000573,1000.000555,1000.000536,1000.000517,1000.000499,1000.000482,1000.000468,1000.000454,1000.000441,1000.000431,1000.000424,1000.000418,1000.000413,1000.000410,1000.000408,1000.000407,1000.000407,1000.000407,1000.000408,1000.000410,1000.000413,1000.000418,1000.000424,1000.000431,1000.000441,1000.000454,1000.000468,1000.000482,1000.000499,1000.000517,1000.000536,1000.000555,1000.000573,1000.000588,1000.000594,1000.000588,1000.000569,1000.000537,1000.000497,1000.000450,1000.000398,1000.000345,1000.000289,1000.000232,1000.000165,0.000000,0.000000,0.000000,0.000000,0.000000,0.000000,0.000000,0.000000,0.000000,0.000000,0.000000,0.000000,0.000000,0.000000,0.000000,0.000000,0.000000,0.000000,0.000000,0.000000,0.000000,0.000000,0.000000
0.000000,0.000000,0.000000,0.000000,0.000000,0.000000,0.000000,0.000000,0.000000,0.000000,0.000000,0.000000,0.000000,0.000000,0.000000,0.000000,0.000000,0.000000,0.000000,0.000000,0.000000,1000.000122,1000.000191,1000.000258,1000.000317,1000.000376,1000.000435,1000.000488,1000.000533,1000.000567,1000.000588,1000.000594,1000.000588,1000.000570,1000.000547,1000.000522,1000.000499,1000.000478,1000.000458,1000.000440,1000.000424,1000.000409,1000.000396,1000.000384,1000.000374,1000.000365,1000.000359,1000.000354,1000.000350,1000.000348,1000.000346,1000.000346,1000.000346,1000.000348,1000.000350,1000.000354,1000.000359,1000.000365,1000.000374,1000.000384,1000.000396,1000.000409,1000.000424,1000.000440,1000.000458,1000.000478,1000.000499,1000.000522,1000.000547,1000.000570,1000.000588,1000.000594,1000.000588,1000.000567,1000.000533,1000.000488,1000.000435,1000.000376,1000.000317,1000.000258,1000.000191,1000.000122,0.000000,0.000000,0.000000,0.000000,0.000000,0.000000,0.000000,0.000000,0.000000,0.000000,0.000000,0.000000,0.000000,0.000000,0.000000,0.000000,0.000000,0.000000,0.000000,0.000000,0.000000
0.000000,0.000000,0.000000,0.000000,0.000000,0.000000,0.000000,0.000000,0.000000,0.000000,0.000000,0.000000,0.000000,0.000000,0.000000,0.000000,0.000000,0.000000,0.000000,0.000000,1000.000142,1000.000215,1000.000277,1000.000339,1000.000401,1000.000463,1000.000517,1000.000560,1000.000585,1000.000594,1000.000588,1000.000569,1000.000545,1000.000518,1000.000490,1000.000465,1000.000442,1000.000421,1000.000402,1000.000384,1000.000367,1000.000352,1000.000339,1000.000327,1000.000317,1000.000308,1000.000301,1000.000296,1000.000292,1000.000289,1000.000288,1000.000287,1000.000288,1000.000289,1000.000292,1000.000296,1000.000301,1000.000308,1000.000317,1000.000327,1000.000339,1000.000352,1000.000367,1000.000384,1000.000402,1000.000421,1000.000442,1000.000465,1000.000490,1000.000518,1000.000545,1000.000569,1000.000588,1000.000594,1000.000585,1000.000560,1000.000517,1000.000463,1000.000401,1000.000339,1000.000277,1000.000215,1000.000142,0.000000,0.000000,0.000000,0.000000,0.000000,0.000000,0.000000,0.000000,0.000000,0.000000,0.000000,0.000000,0.000000,0.000000,0.000000,0.000000,0.000000,0.000000,0.000000,0.000000
0.000000,0.000000,0.000000,0.000000,0.000000,0.000000,0.000000,0.000000,0.000000,0.000000,0.000000,0.000000,0.000000,0.000000,0.000000,0.000000,0.000000,0.000000,0.000000,1000.000158,1000.000232,1000.000297,1000.000360,1000.000422,1000.000483,1000.000537,1000.000576,1000.000592,1000.000588,1000.000571,1000.000546,1000.000517,1000.000488,1000.000460,1000.000434,1000.000410,1000.000387,1000.000366,1000.000346,1000.000328,1000.000312,1000.000297,1000.000283,1000.000272,1000.000261,1000.000253,1000.000245,1000.000240,1000.000235,1000.000232,1000.000231,1000.000230,1000.000231,1000.000232,1000.000235,1000.000240,1000.000245,1000.000253,1000.000261,1000.000272,1000.000283,1000.000297,1000.000312,1000.000328,1000.000346,1000.000366,1000.000387,1000.000410,1000.000434,1000.000460,1000.000488,1000.000517,1000.000546,1000.000571,1000.000588,1000.000592,1000.000576,1000.000537,1000.000483,1000.000422,1000.000360,1000.000297,1000.000232,1000.000158,0.000000,0.000000,0.000000,0.000000,0.000000,0.000000,0.000000,0.000000,0.000000,0.000000,0.000000,0.000000,0.000000,0.000000,0.000000,0.000000,0.000000,0.000000,0.000000
0.000000,0.000000,0.000000,0.000000,0.000000,0.000000,0.000000,0.000000,0.000000,0.000000,0.000000,0.000000,0.000000,0.000000,0.000000,0.000000,0.000000,0.000000,1000.000168,1000.000245,1000.000313,1000.000379,1000.000444,1000.000502,1000.000551,1000.000584,1000.000593,1000.000577,1000.000551,1000.000521,1000.000490,1000.000461,1000.000432,1000.000406,1000.000380,1000.000356,1000.000333,1000.000312,1000.000292,1000.000274,1000.000258,1000.000243,1000.000229,1000.000217,1000.000207,1000.000198,1000.000191,1000.000185,1000.000180,1000.000177,1000.000175,1000.000175,1000.000175,1000.000177,1000.000180,1000.000185,1000.000191,1000.000198,1000.000207,1000.000217,1000.000229,1000.000243,1000.000258,1000.000274,1000.000292,1000.000312,1000.000333,1000.000356,1000.000380,1000.000406,1000.000432,1000.000461,1000.000490,1000.000521,1000.000551,1000.000577,1000.000593,1000.000584,1000.000551,1000.000502,1000.000444,1000.000379,1000.000313,1000.000245,1000.000168,0.000000,0.000000,0.000000,0.000000,0.000000,0.000000,0.000000,0.000000,0.000000,0.000000,0.000000,0.000000,0.000000,0.000000,0.000000,0.000000,0.000000,0.000000
0.000000,0.000000,0.000000,0.000000,0.000000,0.000000,0.000000,0.000000,0.000000,0.000000,0.000000,0.000000,0.000000,0.000000,0.000000,0.000000,0.000000,1000.000173,1000.000253,1000.000323,1000.000392,1000.000461,1000.000521,1000.000565,1000.000590,1000.000591,1000.000570,1000.000536,1000.000501,1000.000467,1000.000437,1000.000408,1000.000380,1000.000353,1000.000327,1000.000303,1000.000280,1000.000259,1000.000240,1000.000222,1000.000205,1000.000190,1000.000177,1000.000165,1000.000154,1000.000145,1000.000138,1000.000132,1000.000127,1000.000124,1000.000122,1000.000121,1000.000122,1000.000124,1000.000127,1000.000132,1000.000138,1000.000145,1000.000154,1000.000165,1000.000177,1000.000190,1000.000205,1000.000222,1000.000240,1000.000259,1000.000280,1000.000303,1000.000327,1000.000353,1000.000380,1000.000408,1000.000437,1000.000467,1000.000501,1000.000536,1000.000570,1000.000591,1000.000590,1000.000565,1000.000521,1000.000461,1000.000392,1000.000323,1000.000253,1000.000173,0.000000,0.000000,0.000000,0.000000,0.000000,0.000000,0.000000,0.000000,0.000000,0.000000,0.000000,0.000000,0.000000,0.000000,0.000000,0.000000,0.000000
0.000000,0.000000,0.000000,0.000000,0.000000,0.000000,0.000000,0.000000,0.000000,0.000000,0.000000,0.000000,0.000000,0.000000,0.000000,0.000000,1000.000175,1000.000256,1000.000328,1000.000400,1000.000470,1000.000532,1000.000575,1000.000592,1000.000585,1000.000561,1000.000525,1000.000486,1000.000449,1000.000417,1000.000386,1000.000357,1000.000328,1000.000301,1000.000276,1000.000252,1000.000229,1000.000208,1000.000188,1000.000170,1000.000154,1000.000139,1000.000125,1000.000113,1000.000103,1000.000094,1000.000086,1000.000080,1000.000075,1000.000072,1000.000070,1000.000069,1000.000070,1000.000072,1000.000075,1000.000080,1000.000086,1000.000094,1000.000103,1000.000113,1000.000125,1000.000139,1000.000154,1000.000170,1000.000188,1000.000208,1000.000229,1000.000252,1000.000276,1000.000301,1000.000328,1000.000357,1000.000386,1000.000417,1000.000449,1000.000486,1000.000525,1000.000561,1000.000585,1000.000592,1000.000575,1000.000532,1000.000470,1000.000400,1000.000328,1000.000256,1000.000175,0.000000,0.000000,0.000000,0.000000,0.000000,0.000000,0.000000,0.000000,0.000000,0.000000,0.000000,0.000000,0.000000,0.000000,0.000000,0.000000
0.000000,0.000000,0.000000,0.000000,0.000000,0.000000,0.000000,0.000000,0.000000,0.000000,0.000000,0.000000,0.000000,0.000000,0.000000,1000.000173,1000.000256,1000.000330,1000.000403,1000.000475,1000.000537,1000.000580,1000.000592,1000.000577,1000.000547,1000.000511,1000.000472,1000.000435,1000.000401,1000.000368,1000.000336,1000.000306,1000.000278,1000.000251,1000.000226,1000.000202,1000.000179,1000.000158,1000.000139,1000.000121,1000.000104,1000.000089,1000.000075,1000.000063,1000.000053,1000.000043,1000.000036,1000.000030,1000.000025,1000.000021,1000.000019,1000.000019,1000.000019,1000.000021,1000.000025,1000.000030,1000.000036,1000.000043,1000.000053,1000.000063,1000.000075,1000.000089,1000.000104,1000.000121,1000.000139,1000.000158,1000.000179,1000.000202,1000.000226,1000.000251,1000.000278,1000.000306,1000.000336,1000.000368,1000.000401,1000.000435,1000.000472,1000.000511,1000.000547,1000.000577,1000.000592,1000.000580,1000.000537,1000.000475,1000.000403,1000.000330,1000.000256,1000.000173,0.000000,0.000000,0.000000,0.000000,0.000000,0.000000,0.000000,0.000000,0.000000,0.000000,0.000000,0.000000,0.000000,0.000000,0.000000
0.000000,0.000000,0.000000,0.000000,0.000000,0.000000,0.000000,0.000000,0.000000,0.000000,0.000000,0.000000,0.000000,0.000000,1000.000168,1000.000253,1000.000328,1000.000403,1000.000476,1000.000539,1000.000582,1000.000593,1000.000573,1000.000537,1000.000498,1000.000459,1000.000422,1000.000387,1000.000353,1000.000319,1000.000288,1000.000258,1000.000230,1000.000203,1000.000177,1000.000153,1000.000131,1000.000110,1000.000090,1000.000072,1000.000055,1000.000040,1000.000027,1000.000015,1000.000004,999.999995,999.999987,999.999981,999.999976,999.999972,999.999970,999.999970,999.999970,999.999972,999.999976,999.999981,999.999987,999.999995,1000.000004,1000.000015,1000.000027,1000.000040,1000.000055,1000.000072,1000.000090,1000.000110,1000.000131,1000.000153,1000.000177,1000.000203,1000.000230,1000.000258,1000.000288,1000.000319,1000.000353,1000.000387,1000.000422,1000.000459,1000.000498,1000.000537,1000.000573,1000.000593,1000.000582,1000.000539,1000.000476,1000.000403,1000.000328,1000.000253,1000.000168,0.000000,0.000000,0.000000,0.000000,0.000000,0.000000,0.000000,0.000000,0.000000,0.000000,0.000000,0.000000,0.000000,0.000000
0.000000,0.000000,0.000000,0.000000,0.000000,0.000000,0.000000,0.000000,0.000000,0.000000,0.000000,0.000000,0.000000,1000.000158,1000.000245,1000.000323,1000.000400,1000.000475,1000.000539,1000.000583,1000.000593,1000.000571,1000.000533,1000.000490,1000.000449,1000.000412,1000.000375,1000.000340,1000.000305,1000.000272,1000.000241,1000.000211,1000.000183,1000.000156,1000.000130,1000.000106,1000.000084,1000.000063,1000.000043,1000.000025,1000.000008,999.999993,999.999980,999.999968,999.999957,999.999948,999.999940,999.999933,999.999928,999.999925,999.999923,999.999922,999.999923,999.999925,999.999928,999.999933,999.999940,999.999948,999.999957,999.999968,999.999980,999.999993,1000.000008,1000.000025,1000.000043,1000.000063,1000.000084,1000.000106,1000.000130,1000.000156,1000.000183,1000.000211,1000.000241,1000.000272,1000.000305,1000.000340,1000.000375,1000.000412,1000.000449,1000.000490,1000.000533,1000.000571,1000.000593,1000.000583,1000.000539,1000.000475,1000.000400,1000.000323,1000.000245,1000.000158,0.000000,0.000000,0.000000,0.000000,0.000000,0.000000,0.000000,0.000000,0.000000,0.000000,0.000000,0.000000,0.000000
0.000000,0.000000,0.000000,0.000000,0.000000,0.000000,0.000000,0.000000,0.000000,0.000000,0.000000,0.000000,1000.000142,1000.000232,1000.000313,1000.000392,1000.000470,1000.000537,1000.000582,1000.000593,1000.000571,1000.000532,1000.000487,1000.000444,1000.000404,1000.000367,1000.000329,1000.000293,1000.000259,1000.000227,1000.000195,1000.000165,1000.000137,1000.000110,1000.000085,1000.000061,1000.000038,1000.000017,999.999998,999.999979,999.999963,999.999948,999.999934,999.999922,999.999911,999.999902,999.999894,999.999888,999.999883,999.999879,999.999877,999.999876,999.999877,999.999879,999.999883,999.999888,999.999894,999.999902,999.999911,999.999922,999.999934,999.999948,999.999963,999.999979,999.999998,1000.000017,1000.000038,1000.000061,1000.000085,1000.000110,1000.000137,1000.000165,1000.000195,1000.000227,1000.000259,1000.000293,1000.000329,1000.000367,1000.000404,1000.000444,1000.000487,1000.000532,1000.000571,1000.000593,1000.000582,1000.000537,1000.000470,1000.000392,1000.000313,1000.000232,1000.000142,0.000000,0.000000,0.000000,0.000000,0.000000,0.000000,0.000000,0.000000,0.000000,0.000000,0.000000,0.000000
0.000000,0.000000,0.000000,0.000000,0.000000,0.000000,0.000000,0.000000,0.000000,0.000000,0.000000,1000.000122,1000.000215,1000.000297,1000.000379,1000.000461,1000.000532,1000.000580,1000.000593,1000.000571,1000.000532,1000.000486,1000.000441,1000.000400,1000.000361,1000.000322,1000.000285,1000.000249,1000.000215,1000.000182,1000.000151,1000.000121,1000.000093,1000.000066,1000.000040,1000.000016,999.999994,999.999973,999.999953,999.999935,999.999919,999.999903,999.999890,999.999878,999.999867,999.999858,999.999850,999.999843,999.999838,999.999835,999.999833,999.999832,999.999833,999.999835,999.999838,999.999843,999.999850,999.999858,999.999867,999.999878,999.999890,999.999903,999.999919,999.999935,999.999953,999.999973,999.999994,1000.000016,1000.000040,1000.000066,1000.000093,1000.000121,1000.000151,1000.000182,1000.000215,1000.000249,1000.000285,1000.000322,1000.000361,1000.000400,1000.000441,1000.000486,1000.000532,1000.000571,1000.000593,1000.000580,1000.000532,1000.000461,1000.000379,1000.000297,1000.000215,1000.000122,0.000000,0.000000,0.000000,0.000000,0.000000,0.000000,0.000000,0.000000,0.000000,0.000000,0.000000
0.000000,0.000000,0.000000,0.000000,0.000000,0.000000,0.000000,0.000000,0.000000,0.000000,0.000000,1000.000191,1000.000277,1000.000360,1000.000444,1000.000521,1000.000575,1000.000592,1000.000573,1000.000533,1000.000487,1000.000441,1000.000399,1000.000358,1000.000318,1000.000279,1000.000242,1000.000207,1000.000172,1000.000139,1000.000108,1000.000078,1000.000050,1000.000023,999.999998,999.999974,999.999951,999.999930,999.999911,999.999893,999.999876,999.999861,999.999847,999.999835,999.999824,999.999815,999.999807,999.999800,999.999795,999.999792,999.999790,999.999789,999.999790,999.999792,999.999795,999.999800,999.999807,999.999815,999.999824,999.999835,999.999847,999.999861,999.999876,999.999893,999.999911,999.999930,999.999951,999.999974,999.999998,1000.000023,1000.000050,1000.000078,1000.000108,1000.000139,1000.000172,1000.000207,1000.000242,1000.000279,1000.000318,1000.000358,1000.000399,1000.000441,1000.000487,1000.000533,1000.000573,1000.000592,1000.000575,1000.000521,1000.000444,1000.000360,1000.000277,1000.000191,0.000000,0.000000,0.000000,0.000000,0.000000,0.000000,0.000000,0.000000,0.000000,0.000000,0.000000
0.000000,0.000000,0.000000,0.000000,0.000000,0.000000,0.000000,0.000000,0.000000,0.000000,1000.000165,1000.000258,1000.000339,1000.000422,1000.000502,1000.000565,1000.000592,1000.000577,1000.000537,1000.000490,1000.000444,1000.000400,1000.000358,1000.000316,1000.000276,1000.000238,1000.000201,1000.000165,1000.000131,1000.000098,1000.000067,1000.000037,1000.000009,999.999982,999.999956,999.999932,999.999910,999.999889,999.999869,999.999851,999.999835,999.999819,999.999806,999.999793,999.999783,999.999773,999.999765,999.999759,999.999754,999.999750,999.999748,999.999747,999.999748,999.999750,999.999754,999.999759,999.999765,999.999773,999.999783,999.999793,999.999806,999.999819,999.999835,999.999851,999.999869,999.999889,999.999910,999.999932,999.999956,999.999982,1000.000009,1000.000037,1000.000067,1000.000098,1000.000131,1000.000165,1000.000201,1000.000238,1000.000276,1000.000316,1000.000358,1000.000400,1000.000444,1000.000490,1000.000537,1000.000577,1000.000592,1000.000565,1000.000502,1000.000422,1000.000339,1000.000258,1000.000165,0.000000,0.000000,0.000000,0.000000,0.000000,0.000000,0.000000,0.000000,0.000000,0.000000
0.000000,0.000000,0.000000,0.000000,0.000000,0.000000,0.000000,0.000000,0.000000,1000.000137,1000.000232,1000.000317,1000.000401,1000.000483,1000.000551,1000.000590,1000.000585,1000.000547,1000.000498,1000.000449,1000.000404,1000.000361,1000.000318,1000.000276,1000.000236,1000.000198,1000.000161,1000.000125,1000.000091,1000.000058,1000.000027,999.999997,999.999969,999.999942,999.999917,999.999893,999.999870,999.999849,999.999829,999.999811,999.999795,999.999779,999.999766,999.999753,999.999743,999.999733,999.999725,999.999719,999.999714,999.999710,999.999708,999.999707,999.999708,999.999710,999.999714,999.999719,999.999725,999.999733,999.999743,999.999753,999.999766,999.999779,999.999795,999.999811,999.999829,999.999849,999.999870,999.999893,999.999917,999.999942,999.999969,999.999997,1000.000027,1000.000058,1000.000091,1000.000125,1000.000161,1000.000198,1000.000236,1000.000276,1000.000318,1000.000361,1000.000404,1000.000449,1000.000498,1000.000547,1000.000585,1000.000590,1000.000551,1000.000483,1000.000401,1000.000317,1000.000232,1000.000137,0.000000,0.000000,0.000000,0.000000,0.000000,0.000000,0.000000,0.000000,0.000000
0.000000,0.000000,0.000000,0.000000,0.000000,0.000000,0.000000,0.000000,0.000000,1000.000198,1000.000289,1000.000376,1000.000463,1000.000537,1000.000584,1000.000591,1000.000561,1000.000511,1000.000459,1000.000412,1000.000367,1000.000322,1000.000279,1000.000238,1000.000198,1000.000159,1000.000122,1000.000087,1000.000052,1000.000020,999.999988,999.999959,999.999930,999.999903,999.999878,999.999854,999.999832,999.999811,999.999791,999.999773,999.999756,999.999741,999.999727,999.999715,999.999704,999.999695,999.999687,999.999680,999.999675,999.999672,999.999670,999.999669,999.999670,999.999672,999.999675,999.999680,999.999687,999.999695,999.999704,999.999715,999.999727,999.999741,999.999756,999.999773,999.999791,999.999811,999.999832,999.999854,999.999878,999.999903,999.999930,999.999959,999.999988,1000.000020,1000.000052,1000.000087,1000.000122,1000.000159,1000.000198,1000.000238,1000.000279,1000.000322,1000.000367,1000.000412,1000.000459,1000.000511,1000.000561,1000.000591,1000.000584,1000.000537,1000.000463,1000.000376,1000.000289,1000.000198,0.000000,0.000000,0.000000,0.000000,0.000000,0.000000,0.000000,0.000000,0.000000
0.000000,0.000000,0.000000,0.000000,0.000000,0.000000,0.000000,0.000000,1000.000159,1000.000257,1000.000345,1000.000435,1000.000517,1000.000576,1000.000593,1000.000570,1000.000525,1000.000472,1000.000422,1000.000375,1000.000329,1000.000285,1000.000242,1000.000201,1000.000161,1000.000122,1000.000085,1000.000050,1000.000015,999.999983,999.999951,999.999922,999.999893,999.999866,999.999841,999.999817,999.999795,999.999774,999.999754,999.999736,999.999719,999.999704,999.999690,999.999678,999.999667,999.999658,999.999650,999.999643,999.999638,999.999635,999.999633,999.999632,999.999633,999.999635,999.999638,999.999643,999.999650,999.999658,999.999667,999.999678,999.999690,999.999704,999.999719,999.999736,999.999754,999.999774,999.999795,999.999817,999.999841,999.999866,999.999893,999.999922,999.999951,999.999983,1000.000015,1000.000050,1000.000085,1000.000122,1000.000161,1000.000201,1000.000242,1000.000285,1000.000329,1000.000375,1000.000422,1000.000472,1000.000525,1000.000570,1000.000593,1000.000576,1000.000517,1000.000435,1000.000345,1000.000257,1000.000159,0.000000,0.000000,0.000000,0.000000,0.000000,0.000000,0.000000,0.000000
0.000000,0.000000,0.000000,0.000000,0.000000,0.000000,0.000000,0.000000,1000.000215,1000.000308,1000.000398,1000.000488,1000.000560,1000.000592,1000.000577,1000.000536,1000.000486,1000.000435,1000.000387,1000.000340,1000.000293,1000.000249,1000.000207,1000.000165,1000.000125,1000.000087,1000.000050,1000.000014,999.999980,999.999947,999.999916,999.999886,999.999858,999.999831,999.999806,999.999782,999.999759,999.999738,999.999718,999.999700,999.999684,999.999669,999.999655,999.999642,999.999632,999.999622,999.999614,999.999608,999.999603,999.999599,999.999597,999.999596,999.999597,999.999599,999.999603,999.999608,999.999614,999.999622,999.999632,999.999642,999.999655,999.999669,999.999684,999.999700,999.999718,999.999738,999.999759,999.999782,999.999806,999.999831,999.999858,999.999886,999.999916,999.999947,999.999980,1000.000014,1000.000050,1000.000087,1000.000125,1000.000165,1000.000207,1000.000249,1000.000293,1000.000340,1000.000387,1000.000435,1000.000486,1000.000536,1000.000577,1000.000592,1000.000560,1000.000488,1000.000398,1000.000308,1000.000215,0.000000,0.000000,0.000000,0.000000,0.000000,0.000000,0.000000,0.000000
0.000000,0.000000,0.000000,0.000000,0.000000,0.000000,0.000000,1000.000167,1000.000268,1000.000358,1000.000450,1000.000533,1000.000585,1000.000588,1000.000551,1000.000501,1000.000449,1000.000401,1000.000353,1000.000305,1000.000259,1000.000215,1000.000172,1000.000131,1000.000091,1000.000052,1000.000015,999.999980,999.999946,999.999913,999.999882,999.999852,999.999824,999.999797,999.999771,999.999748,999.999725,999.999704,999.999684,999.999666,999.999650,999.999634,999.999621,999.999608,999.999597,999.999588,999.999580,999.999574,999.999569,999.999565,999.999563,999.999562,999.999563,999.999565,999.999569,999.999574,999.999580,999.999588,999.999597,999.999608,999.999621,999.999634,999.999650,999.999666,999.999684,999.999704,999.999725,999.999748,999.999771,999.999797,999.999824,999.999852,999.999882,999.999913,999.999946,999.999980,1000.000015,1000.000052,1000.000091,1000.000131,1000.000172,1000.000215,1000.000259,1000.000305,1000.000353,1000.000401,1000.000449,1000.000501,1000.000551,1000.000588,1000.000585,1000.000533,1000.000450,1000.000358,1000.000268,1000.000167,0.000000,0.000000,0.000000,0.000000,0.000000,0.000000,0.000000
0.000000,0.000000,0.000000,0.000000,0.000000,0.000000,0.000000,1000.000220,1000.000315,1000.000407,1000.000497,1000.000567,1000.000594,1000.000571,1000.000521,1000.000467,1000.000417,1000.000368,1000.000319,1000.000272,1000.000227,1000.000182,1000.000139,1000.000098,1000.000058,1000.000020,999.999983,999.999947,999.999913,999.999880,999.999849,999.999819,999.999791,999.999764,999.999739,999.999715,999.999692,999.999671,999.999652,999.999634,999.999617,999.999602,999.999588,999.999576,999.999565,999.999555,999.999547,999.999541,999.999536,999.999532,999.999530,999.999529,999.999530,999.999532,999.999536,999.999541,999.999547,999.999555,999.999565,999.999576,999.999588,999.999602,999.999617,999.999634,999.999652,999.999671,999.999692,999.999715,999.999739,999.999764,999.999791,999.999819,999.999849,999.999880,999.999913,999.999947,999.999983,1000.000020,1000.000058,1000.000098,1000.000139,1000.000182,1000.000227,1000.000272,1000.000319,1000.000368,1000.000417,1000.000467,1000.000521,1000.000571,1000.000594,1000.000567,1000.000497,1000.000407,1000.000315,1000.000220,0.000000,0.000000,0.000000,0.000000,0.000000,0.000000,0.000000
0.000000,0.000000,0.000000,0.000000,0.000000,0.000000,1000.000168,1000.000270,1000.000362,1000.000454,1000.000537,1000.000588,1000.000588,1000.000546,1000.000490,1000.000437,1000.000386,1000.000336,1000.000288,1000.000241,1000.000195,1000.000151,1000.000108,1000.000067,1000.000027,999.999988,999.999951,999.999916,999.999882,999.999849,999.999818,999.999788,999.999760,999.999733,999.999708,999.999684,999.999661,999.999640,999.999621,999.999602,999.999586,999.999571,999.999557,999.999544,999.999534,999.999524,999.999516,999.999510,999.999505,999.999501,999.999499,999.999498,999.999499,999.999501,999.999505,999.999510,999.999516,999.999524,999.999534,999.999544,999.999557,999.999571,999.999586,999.999602,999.999621,999.999640,999.999661,999.999684,999.999708,999.999733,999.999760,999.999788,999.999818,999.999849,999.999882,999.999916,999.999951,999.999988,1000.000027,1000.000067,1000.000108,1000.000151,1000.000195,1000.000241,1000.000288,1000.000336,1000.000386,1000.000437,1000.000490,1000.000546,1000.000588,1000.000588,1000.000537,1000.000454,1000.000362,1000.000270,1000.000168,0.000000,0.000000,0.000000,0.000000,0.000000,0.000000
0.000000,0.000000,0.000000,0.000000,0.000000,0.000000,1000.000216,1000.000314,1000.000407,1000.000498,1000.000569,1000.000594,1000.000569,1000.000517,1000.000461,1000.000408,1000.000357,1000.000306,1000.000258,1000.000211,1000.000165,1000.000121,1000.000078,1000.000037,999.999997,999.999959,999.999922,999.999886,999.999852,999.999819,999.999788,999.999758,999.999730,999.999703,999.999678,999.999654,999.999631,999.999610,999.999591,999.999573,999.999556,999.999541,999.999527,999.999515,999.999504,999.999494,999.999486,999.999480,999.999475,999.999471,999.999469,999.999468,999.999469,999.999471,999.999475,999.999480,999.999486,999.999494,999.999504,999.999515,999.999527,999.999541,999.999556,999.999573,999.999591,999.999610,999.999631,999.999654,999.999678,999.999703,999.999730,999.999758,999.999788,999.999819,999.999852,999.999886,999.999922,999.999959,999.999997,1000.000037,1000.000078,1000.000121,1000.000165,1000.000211,1000.000258,1000.000306,1000.000357,1000.000408,1000.000461,1000.000517,1000.000569,1000.000594,1000.000569,1000.000498,1000.000407,1000.000314,1000.000216,0.000000,0.000000,0.000000,0.000000,0.000000,0.000000
0.000000,0.000000,0.000000,0.000000,0.000000,1000.000161,1000.000264,1000.000357,1000.000452,1000.000536,1000.000588,1000.000588,1000.000545,1000.000488,1000.000432,1000.000380,1000.000328,1000.000278,1000.000230,1000.000183,1000.000137,1000.000093,1000.000050,1000.000009,999.999969,999.999930,999.999893,999.999858,999.999824,999.999791,999.999760,999.999730,999.999702,999.999675,999.999650,999.999626,999.999603,999.999582,999.999563,999.999544,999.999528,999.999512,999.999499,999.999486,999.999476,999.999466,999.999458,999.999452,999.999447,999.999443,999.999441,999.999440,999.999441,999.999443,999.999447,999.999452,999.999458,999.999466,999.999476,999.999486,999.999499,999.999512,999.999528,999.999544,999.999563,999.999582,999.999603,999.999626,999.999650,999.999675,999.999702,999.999730,999.999760,999.999791,999.999824,999.999858,999.999893,999.999930,999.999969,1000.000009,1000.000050,1000.000093,1000.000137,1000.000183,1000.000230,1000.000278,1000.000328,1000.000380,1000.000432,1000.000488,1000.000545,1000.000588,1000.000588,1000.000536,1000.000452,1000.000357,1000.000264,1000.000161,0.000000,0.000000,0.000000,0.000000,0.000000
0.000000,0.000000,0.000000,0.000000,0.000000,1000.000204,1000.000303,1000.000399,1000.000493,1000.000566,1000.000594,1000.000570,1000.000518,1000.000460,1000.000406,1000.000353,1000.000301,1000.000251,1000.000203,1000.000156,1000.000110,1000.000066,1000.000023,999.999982,999.999942,999.999903,999.999866,999.999831,999.999797,999.999764,999.999733,999.999703,999.999675,999.999648,999.999623,999.999599,999.999576,999.999555,999.999536,999.999518,999.999501,999.999486,999.999472,999.999460,999.999449,999.999439,999.999431,999.999425,999.999420,999.999416,999.999414,999.999413,999.999414,999.999416,999.999420,999.999425,999.999431,999.999439,999.999449,999.999460,999.999472,999.999486,999.999501,999.999518,999.999536,999.999555,999.999576,999.999599,999.999623,999.999648,999.999675,999.999703,999.999733,999.999764,999.999797,999.999831,999.999866,999.999903,999.999942,999.999982,1000.000023,1000.000066,1000.000110,1000.000156,1000.000203,1000.000251,1000.000301,1000.000353,1000.000406,1000.000460,1000.000518,1000.000570,1000.000594,1000.000566,1000.000493,1000.000399,1000.000303,1000.000204,0.000000,0.000000,0.000000,0.000000,0.000000
0.000000,0.000000,0.000000,0.000000,1000.000141,1000.000245,1000.000341,1000.000439,1000.000528,1000.000585,1000.000588,1000.000547,1000.000490,1000.000434,1000.000380,1000.000327,1000.000276,1000.000226,1000.000177,1000.000130,1000.000085,1000.000040,999.999998,999.999956,999.999917,999.999878,999.999841,999.999806,999.999771,999.999739,999.999708,999.999678,999.999650,999.999623,999.999597,999.999573,999.999551,999.999530,999.999510,999.999492,999.999475,999.999460,999.999446,999.999434,999.999423,999.999414,999.999406,999.999399,999.999394,999.999391,999.999388,999.999388,999.999388,999.999391,999.999394,999.999399,999.999406,999.999414,999.999423,999.999434,999.999446,999.999460,999.999475,999.999492,999.999510,999.999530,999.999551,999.999573,999.999597,999.999623,999.999650,999.999678,999.999708,999.999739,999.999771,999.999806,999.999841,999.999878,999.999917,999.999956,999.999998,1000.000040,1000.000085,1000.000130,1000.000177,1000.000226,1000.000276,1000.000327,1000.000380,1000.000434,1000.000490,1000.000547,1000.000588,1000.000585,1000.000528,1000.000439,1000.000341,1000.000245,1000.000141,0.000000,0.000000,0.000000,0.000000
0.000000,0.000000,0.000000,0.000000,1000.000179,1000.000280,1000.000377,1000.000475,1000.000557,1000.000593,1000.000573,1000.000522,1000.000465,1000.000410,1000.000356,1000.000303,1000.000252,1000.000202,1000.000153,1000.000106,1000.000061,1000.000016,999.999974,999.999932,999.999893,999.999854,999.999817,999.999782,999.999748,999.999715,999.999684,999.999654,999.999626,999.999599,999.999573,999.999549,999.999527,999.999506,999.999486,999.999468,999.999452,999.999436,999.999423,999.999410,999.999399,999.999390,999.999382,999.999375,999.999370,999.999367,999.999365,999.999364,999.999365,999.999367,999.999370,999.999375,999.999382,999.999390,999.999399,999.999410,999.999423,999.999436,999.999452,999.999468,999.999486,999.999506,999.999527,999.999549,999.999573,999.999599,999.999626,999.999654,999.999684,999.999715,999.999748,999.999782,999.999817,999.999854,999.999893,999.999932,999.999974,1000.000016,1000.000061,1000.000106,1000.000153,1000.000202,1000.000252,1000.000303,1000.000356,1000.000410,1000.000465,1000.000522,1000.000573,1000.000593,1000.000557,1000.000475,1000.000377,1000.000280,1000.000179,0.000000,0.000000,0.000000,0.000000
