0.000000,0.000000,0.000000,0.000000,0.000000,0.000000,0.000000,0.000000,0.000000,0.000000,0.000000,0.000000,0.000000,0.000000,0.000000,0.000000,0.000000,0.000000,0.000000,0.000000,0.000000,0.000000,0.000000,0.000000,0.000000,0.000000,0.000000,0.000000,0.000000,0.000000,0.000000,0.000000,0.000000,0.000000,0.000000,0.000000,0.000000,0.000000,0.000000,0.000000,0.000000,0.000000,0.000000,0.000000,0.000000,0.000000,0.000000,0.000000,0.000000,0.000000,0.000000,0.000000,0.000000,0.000000,0.000000,0.000000,0.000000,0.000000,0.000000,0.000000,0.000000,0.000000,0.000000,0.000000,0.000000,0.000000,0.000000,0.000000,0.000000,0.000000,0.000000,0.000000,0.000000,0.000000,0.000000,0.000000,0.000000,0.000000,0.000000,0.000000,0.000000,0.000000,0.000000,0.000000,0.000000,0.000000,0.000000,0.000000,0.000000,0.000000,0.000000,0.000000,0.000000,0.000000,0.000000,0.000000,0.000000,0.000000,0.000000,0.000000,0.000000,0.000000,0.000000
0.000000,0.000000,0.000000,0.000000,0.000000,0.000000,0.000000,0.000000,0.000000,0.000000,0.000000,0.000000,0.000000,0.000000,0.000000,0.000000,0.000000,0.000000,0.000000,0.000000,0.000000,0.000000,0.000000,0.000000,0.000000,0.000000,0.000000,0.000000,0.000000,0.000000,0.000000,0.000000,0.000000,0.000000,0.000000,0.000000,0.000000,0.000000,0.000000,0.000000,0.000000,0.000000,0.000000,0.000000,0.000000,0.000000,0.000000,0.000000,0.000000,0.000000,0.000000,1000.000053,0.000000,0.000000,0.000000,0.000000,0.000000,0.000000,0.000000,0.000000,0.000000,0.000000,0.000000,0.000000,0.000000,0.000000,0.000000,0.000000,0.000000,0.000000,0.000000,0.000000,0.000000,0.000000,0.000000,0.000000,0.000000,0.000000,0.000000,0.000000,0.000000,0.000000,0.000000,0.000000,0.000000,0.000000,0.000000,0.000000,0.000000,0.000000,0.000000,0.000000,0.000000,0.000000,0.000000,0.000000,0.000000,0.000000,0.000000,0.000000,0.000000,0.000000,0.000000
0.000000,0.000000,0.000000,0.000000,0.000000,0.000000,0.000000,0.000000,0.000000,0.000000,0.000000,0.000000,0.000000,0.000000,0.000000,0.000000,0.000000,0.000000,0.000000,0.000000,0.000000,0.000000,0.000000,0.000000,0.000000,0.000000,0.000000,0.000000,0.000000,0.000000,0.000000,0.000000,0.000000,0.000000,0.000000,0.000000,0.000000,0.000000,0.000000,0.000000,0.000000,0.000000,1000.000097,1000.000113,1000.000122,1000.000126,1000.000128,1000.000129,1000.000129,1000.000128,1000.000128,1000.000131,1000.000128,1000.000128,1000.000129,1000.000129,1000.000128,1000.000126,1000.000122,1000.000113,1000.000097,0.000000,0.000000,0.000000,0.000000,0.000000,0.000000,0.000000,0.000000,0.000000,0.000000,0.000000,0.000000,0.000000,0.000000,0.000000,0.000000,0.000000,0.000000,0.000000,0.000000,0.000000,0.000000,0.000000,0.000000,0.000000,0.000000,0.000000,0.000000,0.000000,0.000000,0.000000,0.000000,0.000000,0.000000,0.000000,0.000000,0.000000,0.000000,0.000000,0.000000,0.000000,0.000000
0.000000,0.000000,0.000000,0.000000,0.000000,0.000000,0.000000,0.000000,0.000000,0.000000,0.000000,0.000000,0.000000,0.000000,0.000000,0.000000,0.000000,0.000000,0.000000,0.000000,0.000000,0.000000,0.000000,0.000000,0.000000,0.000000,0.000000,0.000000,0.000000,0.000000,0.000000,0.000000,0.000000,0.000000,0.000000,0.000000,0.000000,1000.000094,1000.000117,1000.000136,1000.000151,1000.000163,1000.000175,1000.000185,1000.000193,1000.000198,1000.000201,1000.000203,1000.000203,1000.000204,1000.000203,1000.000204,1000.000203,1000.000204,1000.000203,1000.000203,1000.000201,1000.000198,1000.000193,1000.000185,1000.000175,1000.000163,1000.000151,1000.000136,1000.000117,1000.000094,0.000000,0.000000,0.000000,0.000000,0.000000,0.000000,0.000000,0.000000,0.000000,0.000000,0.000000,0.000000,0.000000,0.000000,0.000000,0.000000,0.000000,0.000000,0.000000,0.000000,0.000000,0.000000,0.000000,0.000000,0.000000,0.000000,0.000000,0.000000,0.000000,0.000000,0.000000,0.000000,0.000000,0.000000,0.000000,0.000000,0.000000
0.000000,0.000000,0.000000,0.000000,0.000000,0.000000,0.000000,0.000000,0.000000,0.000000,0.000000,0.000000,0.000000,0.000000,0.000000,0.000000,0.000000,0.000000,0.000000,0.000000,0.000000,0.000000,0.000000,0.000000,0.000000,0.000000,0.000000,0.000000,0.000000,0.000000,0.000000,0.000000,0.000000,0.000000,1000.000098,1000.000125,1000.000147,1000.000169,1000.000188,1000.000205,1000.000222,1000.000235,1000.000248,1000.000258,1000.000265,1000.000270,1000.000273,1000.000275,1000.000275,1000.000276,1000.000276,1000.000276,1000.000276,1000.000276,1000.000275,1000.000275,1000.000273,1000.000270,1000.000265,1000.000258,1000.000248,1000.000235,1000.000222,1000.000205,1000.000188,1000.000169,1000.000147,1000.000125,1000.000098,0.000000,0.000000,0.000000,0.000000,0.000000,0.000000,0.000000,0.000000,0.000000,0.000000,0.000000,0.000000,0.000000,0.000000,0.000000,0.000000,0.000000,0.000000,0.000000,0.000000,0.000000,0.000000,0.000000,0.000000,0.000000,0.000000,0.000000,0.000000,0.000000,0.000000,0.000000,0.000000,0.000000,0.000000
0.000000,0.000000,0.000000,0.000000,0.000000,0.000000,0.000000,0.000000,0.000000,0.000000,0.000000,0.000000,0.000000,0.000000,0.000000,0.000000,0.000000,0.000000,0.000000,0.000000,0.000000,0.000000,0.000000,0.000000,0.000000,0.000000,0.000000,0.000000,0.000000,0.000000,0.000000,0.000000,1000.000112,1000.000142,1000.000171,1000.000195,1000.000217,1000.000238,1000.000258,1000.000275,1000.000291,1000.000306,1000.000321,1000.000331,1000.000338,1000.000342,1000.000344,1000.000345,1000.000345,1000.000346,1000.000346,1000.000346,1000.000346,1000.000346,1000.000345,1000.000345,1000.000344,1000.000342,1000.000338,1000.000331,1000.000321,1000.000306,1000.000291,1000.000275,1000.000258,1000.000238,1000.000217,1000.000195,1000.000171,1000.000142,1000.000112,0.000000,0.000000,0.000000,0.000000,0.000000,0.000000,0.000000,0.000000,0.000000,0.000000,0.000000,0.000000,0.000000,0.000000,0.000000,0.000000,0.000000,0.000000,0.000000,0.000000,0.000000,0.000000,0.000000,0.000000,0.000000,0.000000,0.000000,0.000000,0.000000,0.000000,0.000000,0.000000
0.000000,0.000000,0.000000,0.000000,0.000000,0.000000,0.000000,0.000000,0.000000,0.000000,0.000000,0.000000,0.000000,0.000000,0.000000,0.000000,0.000000,0.000000,0.000000,0.000000,0.000000,0.000000,0.000000,0.000000,0.000000,0.000000,0.000000,0.000000,0.000000,0.000000,1000.000117,1000.000151,1000.000184,1000.000211,1000.000238,1000.000262,1000.000286,1000.000308,1000.000328,1000.000344,1000.000358,1000.000372,1000.000383,1000.000391,1000.000395,1000.000397,1000.000398,1000.000399,1000.000399,1000.000399,1000.000399,1000.000399,1000.000399,1000.000399,1000.000399,1000.000399,1000.000398,1000.000397,1000.000395,1000.000391,1000.000383,1000.000372,1000.000358,1000.000344,1000.000328,1000.000308,1000.000286,1000.000262,1000.000238,1000.000211,1000.000184,1000.000151,1000.000117,0.000000,0.000000,0.000000,0.000000,0.000000,0.000000,0.000000,0.000000,0.000000,0.000000,0.000000,0.000000,0.000000,0.000000,0.000000,0.000000,0.000000,0.000000,0.000000,0.000000,0.000000,0.000000,0.000000,0.000000,0.000000,0.000000,0.000000,0.000000,0.000000,0.000000
0.000000,0.000000,0.000000,0.000000,0.000000,0.000000,0.000000,0.000000,0.000000,0.000000,0.000000,0.000000,0.000000,0.000000,0.000000,0.000000,0.000000,0.000000,0.000000,0.000000,0.000000,0.000000,0.000000,0.000000,0.000000,0.000000,0.000000,0.000000,1000.000116,1000.000153,1000.000188,1000.000218,1000.000249,1000.000278,1000.000306,1000.000331,1000.000353,1000.000373,1000.000388,1000.000399,1000.000406,1000.000411,1000.000412,1000.000411,1000.000410,1000.000409,1000.000409,1000.000408,1000.000408,1000.000407,1000.000407,1000.000407,1000.000407,1000.000407,1000.000408,1000.000408,1000.000409,1000.000409,1000.000410,1000.000411,1000.000412,1000.000411,1000.000406,1000.000399,1000.000388,1000.000373,1000.000353,1000.000331,1000.000306,1000.000278,1000.000249,1000.000218,1000.000188,1000.000153,1000.000116,0.000000,0.000000,0.000000,0.000000,0.000000,0.000000,0.000000,0.000000,0.000000,0.000000,0.000000,0.000000,0.000000,0.000000,0.000000,0.000000,0.000000,0.000000,0.000000,0.000000,0.000000,0.000000,0.000000,0.000000,0.000000,0.000000,0.000000,0.000000
0.000000,0.000000,0.000000,0.000000,0.000000,0.000000,0.000000,0.000000,0.000000,0.000000,0.000000,0.000000,0.000000,0.000000,0.000000,0.000000,0.000000,0.000000,0.000000,0.000000,0.000000,0.000000,0.000000,0.000000,0.000000,0.000000,1000.000111,1000.000150,1000.000187,1000.000219,1000.000252,1000.000283,1000.000315,1000.000344,1000.000370,1000.000390,1000.000403,1000.000412,1000.000415,1000.000414,1000.000411,1000.000406,1000.000396,1000.000388,1000.000382,1000.000379,1000.000377,1000.000376,1000.000375,1000.000374,1000.000373,1000.000373,1000.000373,1000.000374,1000.000375,1000.000376,1000.000377,1000.000379,1000.000382,1000.000388,1000.000396,1000.000406,1000.000411,1000.000414,1000.000415,1000.000412,1000.000403,1000.000390,1000.000370,1000.000344,1000.000315,1000.000283,1000.000252,1000.000219,1000.000187,1000.000150,1000.000111,0.000000,0.000000,0.000000,0.000000,0.000000,0.000000,0.000000,0.000000,0.000000,0.000000,0.000000,0.000000,0.000000,0.000000,0.000000,0.000000,0.000000,0.000000,0.000000,0.000000,0.000000,0.000000,0.000000,0.000000,0.000000,0.000000
0.000000,0.000000,0.000000,0.000000,0.000000,0.000000,0.000000,0.000000,0.000000,0.000000,0.000000,0.000000,0.000000,0.000000,0.000000,0.000000,0.000000,0.000000,0.000000,0.000000,0.000000,0.000000,0.000000,0.000000,1000.000095,1000.000138,1000.000179,1000.000214,1000.000249,1000.000283,1000.000317,1000.000348,1000.000375,1000.000397,1000.000411,1000.000416,1000.000414,1000.000409,1000.000399,1000.000389,1000.000379,1000.000369,1000.000358,1000.000348,1000.000341,1000.000336,1000.000333,1000.000331,1000.000329,1000.000328,1000.000327,1000.000327,1000.000327,1000.000328,1000.000329,1000.000331,1000.000333,1000.000336,1000.000341,1000.000348,1000.000358,1000.000369,1000.000379,1000.000389,1000.000399,1000.000409,1000.000414,1000.000416,1000.000411,1000.000397,1000.000375,1000.000348,1000.000317,1000.000283,1000.000249,1000.000214,1000.000179,1000.000138,1000.000095,0.000000,0.000000,0.000000,0.000000,0.000000,0.000000,0.000000,0.000000,0.000000,0.000000,0.000000,0.000000,0.000000,0.000000,0.000000,0.000000,0.000000,0.000000,0.000000,0.000000,0.000000,0.000000,0.000000,0.000000
0.000000,0.000000,0.000000,0.000000,0.000000,0.000000,0.000000,0.000000,0.000000,0.000000,0.000000,0.000000,0.000000,0.000000,0.000000,0.000000,0.000000,0.000000,0.000000,0.000000,0.000000,0.000000,0.000000,1000.000115,1000.000162,1000.000201,1000.000240,1000.000277,1000.000314,1000.000347,1000.000376,1000.000399,1000.000413,1000.000417,1000.000412,1000.000401,1000.000388,1000.000374,1000.000360,1000.000347,1000.000336,1000.000326,1000.000316,1000.000307,1000.000300,1000.000295,1000.000291,1000.000288,1000.000286,1000.000284,1000.000284,1000.000283,1000.000284,1000.000284,1000.000286,1000.000288,1000.000291,1000.000295,1000.000300,1000.000307,1000.000316,1000.000326,1000.000336,1000.000347,1000.000360,1000.000374,1000.000388,1000.000401,1000.000412,1000.000417,1000.000413,1000.000399,1000.000376,1000.000347,1000.000314,1000.000277,1000.000240,1000.000201,1000.000162,1000.000115,0.000000,0.000000,0.000000,0.000000,0.000000,0.000000,0.000000,0.000000,0.000000,0.000000,0.000000,0.000000,0.000000,0.000000,0.000000,0.000000,0.000000,0.000000,0.000000,0.000000,0.000000,0.000000,0.000000
0.000000,0.000000,0.000000,0.000000,0.000000,0.000000,0.000000,0.000000,0.000000,0.000000,0.000000,0.000000,0.000000,0.000000,0.000000,0.000000,0.000000,0.000000,0.000000,0.000000,0.000000,1000.000085,1000.000133,1000.000179,1000.000221,1000.000262,1000.000303,1000.000340,1000.000373,1000.000398,1000.000413,1000.000417,1000.000412,1000.000399,1000.000382,1000.000364,1000.000347,1000.000333,1000.000319,1000.000307,1000.000295,1000.000285,1000.000276,1000.000267,1000.000260,1000.000255,1000.000250,1000.000247,1000.000244,1000.000242,1000.000241,1000.000241,1000.000241,1000.000242,1000.000244,1000.000247,1000.000250,1000.000255,1000.000260,1000.000267,1000.000276,1000.000285,1000.000295,1000.000307,1000.000319,1000.000333,1000.000347,1000.000364,1000.000382,1000.000399,1000.000412,1000.000417,1000.000413,1000.000398,1000.000373,1000.000340,1000.000303,1000.000262,1000.000221,1000.000179,1000.000133,1000.000085,0.000000,0.000000,0.000000,0.000000,0.000000,0.000000,0.000000,0.000000,0.000000,0.000000,0.000000,0.000000,0.000000,0.000000,0.000000,0.000000,0.000000,0.000000,0.000000,0.000000,0.000000
0.000000,0.000000,0.000000,0.000000,0.000000,0.000000,0.000000,0.000000,0.000000,0.000000,0.000000,0.000000,0.000000,0.000000,0.000000,0.000000,0.000000,0.000000,0.000000,0.000000,1000.000099,1000.000150,1000.000193,1000.000236,1000.000279,1000.000323,1000.000362,1000.000392,1000.000411,1000.000417,1000.000412,1000.000398,1000.000381,1000.000361,1000.000341,1000.000324,1000.000308,1000.000293,1000.000280,1000.000267,1000.000256,1000.000245,1000.000236,1000.000228,1000.000221,1000.000215,1000.000210,1000.000206,1000.000203,1000.000201,1000.000200,1000.000200,1000.000200,1000.000201,1000.000203,1000.000206,1000.000210,1000.000215,1000.000221,1000.000228,1000.000236,1000.000245,1000.000256,1000.000267,1000.000280,1000.000293,1000.000308,1000.000324,1000.000341,1000.000361,1000.000381,1000.000398,1000.000412,1000.000417,1000.000411,1000.000392,1000.000362,1000.000323,1000.000279,1000.000236,1000.000193,1000.000150,1000.000099,0.000000,0.000000,0.000000,0.000000,0.000000,0.000000,0.000000,0.000000,0.000000,0.000000,0.000000,0.000000,0.000000,0.000000,0.000000,0.000000,0.000000,0.000000,0.000000,0.000000
0.000000,0.000000,0.000000,0.000000,0.000000,0.000000,0.000000,0.000000,0.000000,0.000000,0.000000,0.000000,0.000000,0.000000,0.000000,0.000000,0.000000,0.000000,0.000000,1000.000110,1000.000162,1000.000207,1000.000250,1000.000294,1000.000337,1000.000375,1000.000404,1000.000415,1000.000412,1000.000399,1000.000381,1000.000361,1000.000340,1000.000320,1000.000302,1000.000286,1000.000270,1000.000255,1000.000241,1000.000229,1000.000217,1000.000207,1000.000197,1000.000189,1000.000182,1000.000176,1000.000171,1000.000167,1000.000164,1000.000162,1000.000161,1000.000160,1000.000161,1000.000162,1000.000164,1000.000167,1000.000171,1000.000176,1000.000182,1000.000189,1000.000197,1000.000207,1000.000217,1000.000229,1000.000241,1000.000255,1000.000270,1000.000286,1000.000302,1000.000320,1000.000340,1000.000361,1000.000381,1000.000399,1000.000412,1000.000415,1000.000404,1000.000375,1000.000337,1000.000294,1000.000250,1000.000207,1000.000162,1000.000110,0.000000,0.000000,0.000000,0.000000,0.000000,0.000000,0.000000,0.000000,0.000000,0.000000,0.000000,0.000000,0.000000,0.000000,0.000000,0.000000,0.000000,0.000000,0.000000
0.000000,0.000000,0.000000,0.000000,0.000000,0.000000,0.000000,0.000000,0.000000,0.000000,0.000000,0.000000,0.000000,0.000000,0.000000,0.000000,0.000000,0.000000,1000.000117,1000.000171,1000.000218,1000.000264,1000.000309,1000.000350,1000.000385,1000.000410,1000.000416,1000.000404,1000.000385,1000.000364,1000.000342,1000.000321,1000.000301,1000.000283,1000.000265,1000.000248,1000.000232,1000.000217,1000.000203,1000.000191,1000.000180,1000.000169,1000.000160,1000.000151,1000.000144,1000.000138,1000.000133,1000.000129,1000.000126,1000.000123,1000.000122,1000.000122,1000.000122,1000.000123,1000.000126,1000.000129,1000.000133,1000.000138,1000.000144,1000.000151,1000.000160,1000.000169,1000.000180,1000.000191,1000.000203,1000.000217,1000.000232,1000.000248,1000.000265,1000.000283,1000.000301,1000.000321,1000.000342,1000.000364,1000.000385,1000.000404,1000.000416,1000.000410,1000.000385,1000.000350,1000.000309,1000.000264,1000.000218,1000.000171,1000.000117,0.000000,0.000000,0.000000,0.000000,0.000000,0.000000,0.000000,0.000000,0.000000,0.000000,0.000000,0.000000,0.000000,0.000000,0.000000,0.000000,0.000000,0.000000
0.000000,0.000000,0.000000,0.000000,0.000000,0.000000,0.000000,0.000000,0.000000,0.000000,0.000000,0.000000,0.000000,0.000000,0.000000,0.000000,0.000000,1000.000121,1000.000176,1000.000225,1000.000273,1000.000321,1000.000364,1000.000396,1000.000414,1000.000415,1000.000399,1000.000374,1000.000349,1000.000325,1000.000304,1000.000284,1000.000265,1000.000246,1000.000228,1000.000211,1000.000195,1000.000181,1000.000167,1000.000154,1000.000143,1000.000132,1000.000123,1000.000115,1000.000107,1000.000101,1000.000096,1000.000092,1000.000088,1000.000086,1000.000085,1000.000084,1000.000085,1000.000086,1000.000088,1000.000092,1000.000096,1000.000101,1000.000107,1000.000115,1000.000123,1000.000132,1000.000143,1000.000154,1000.000167,1000.000181,1000.000195,1000.000211,1000.000228,1000.000246,1000.000265,1000.000284,1000.000304,1000.000325,1000.000349,1000.000374,1000.000399,1000.000415,1000.000414,1000.000396,1000.000364,1000.000321,1000.000273,1000.000225,1000.000176,1000.000121,0.000000,0.000000,0.000000,0.000000,0.000000,0.000000,0.000000,0.000000,0.000000,0.000000,0.000000,0.000000,0.000000,0.000000,0.000000,0.000000,0.000000
0.000000,0.000000,0.000000,0.000000,0.000000,0.000000,0.000000,0.000000,0.000000,0.000000,0.000000,0.000000,0.000000,0.000000,0.000000,0.000000,1000.000122,1000.000179,1000.000229,1000.000278,1000.000328,1000.000372,1000.000404,1000.000416,1000.000410,1000.000392,1000.000366,1000.000338,1000.000313,1000.000290,1000.000269,1000.000249,1000.000229,1000.000210,1000.000192,1000.000175,1000.000160,1000.000145,1000.000131,1000.000119,1000.000107,1000.000097,1000.000087,1000.000079,1000.000071,1000.000065,1000.000060,1000.000055,1000.000052,1000.000050,1000.000048,1000.000048,1000.000048,1000.000050,1000.000052,1000.000055,1000.000060,1000.000065,1000.000071,1000.000079,1000.000087,1000.000097,1000.000107,1000.000119,1000.000131,1000.000145,1000.000160,1000.000175,1000.000192,1000.000210,1000.000229,1000.000249,1000.000269,1000.000290,1000.000313,1000.000338,1000.000366,1000.000392,1000.000410,1000.000416,1000.000404,1000.000372,1000.000328,1000.000278,1000.000229,1000.000179,1000.000122,0.000000,0.000000,0.000000,0.000000,0.000000,0.000000,0.000000,0.000000,0.000000,0.000000,0.000000,0.000000,0.000000,0.000000,0.000000,0.000000
0.000000,0.000000,0.000000,0.000000,0.000000,0.000000,0.000000,0.000000,0.000000,0.000000,0.000000,0.000000,0.000000,0.000000,0.000000,1000.000121,1000.000179,1000.000230,1000.000281,1000.000331,1000.000376,1000.000407,1000.000416,1000.000404,1000.000382,1000.000356,1000.000329,1000.000303,1000.000279,1000.000257,1000.000234,1000.000213,1000.000194,1000.000175,1000.000157,1000.000141,1000.000125,1000.000110,1000.000096,1000.000084,1000.000072,1000.000062,1000.000052,1000.000044,1000.000036,1000.000030,1000.000025,1000.000020,1000.000017,1000.000015,1000.000013,1000.000013,1000.000013,1000.000015,1000.000017,1000.000020,1000.000025,1000.000030,1000.000036,1000.000044,1000.000052,1000.000062,1000.000072,1000.000084,1000.000096,1000.000110,1000.000125,1000.000141,1000.000157,1000.000175,1000.000194,1000.000213,1000.000234,1000.000257,1000.000279,1000.000303,1000.000329,1000.000356,1000.000382,1000.000404,1000.000416,1000.000407,1000.000376,1000.000331,1000.000281,1000.000230,1000.000179,1000.000121,0.000000,0.000000,0.000000,0.000000,0.000000,0.000000,0.000000,0.000000,0.000000,0.000000,0.000000,0.000000,0.000000,0.000000,0.000000
0.000000,0.000000,0.000000,0.000000,0.000000,0.000000,0.000000,0.000000,0.000000,0.000000,0.000000,0.000000,0.000000,0.000000,1000.000117,1000.000176,1000.000229,1000.000281,1000.000332,1000.000377,1000.000409,1000.000416,1000.000400,1000.000375,1000.000347,1000.000320,1000.000294,1000.000270,1000.000246,1000.000222,1000.000200,1000.000180,1000.000160,1000.000141,1000.000123,1000.000107,1000.000091,1000.000076,1000.000063,1000.000050,1000.000038,1000.000028,1000.000018,1000.000010,1000.000003,999.999996,999.999991,999.999986,999.999983,999.999981,999.999979,999.999979,999.999979,999.999981,999.999983,999.999986,999.999991,999.999996,1000.000003,1000.000010,1000.000018,1000.000028,1000.000038,1000.000050,1000.000063,1000.000076,1000.000091,1000.000107,1000.000123,1000.000141,1000.000160,1000.000180,1000.000200,1000.000222,1000.000246,1000.000270,1000.000294,1000.000320,1000.000347,1000.000375,1000.000400,1000.000416,1000.000409,1000.000377,1000.000332,1000.000281,1000.000229,1000.000176,1000.000117,0.000000,0.000000,0.000000,0.000000,0.000000,0.000000,0.000000,0.000000,0.000000,0.000000,0.000000,0.000000,0.000000,0.000000
0.000000,0.000000,0.000000,0.000000,0.000000,0.000000,0.000000,0.000000,0.000000,0.000000,0.000000,0.000000,0.000000,1000.000110,1000.000171,1000.000225,1000.000278,1000.000331,1000.000377,1000.000409,1000.000416,1000.000400,1000.000372,1000.000342,1000.000313,1000.000287,1000.000262,1000.000237,1000.000212,1000.000189,1000.000168,1000.000147,1000.000127,1000.000108,1000.000091,1000.000074,1000.000058,1000.000044,1000.000030,1000.000017,1000.000006,999.999995,999.999986,999.999977,999.999970,999.999963,999.999958,999.999953,999.999950,999.999947,999.999946,999.999946,999.999946,999.999947,999.999950,999.999953,999.999958,999.999963,999.999970,999.999977,999.999986,999.999995,1000.000006,1000.000017,1000.000030,1000.000044,1000.000058,1000.000074,1000.000091,1000.000108,1000.000127,1000.000147,1000.000168,1000.000189,1000.000212,1000.000237,1000.000262,1000.000287,1000.000313,1000.000342,1000.000372,1000.000400,1000.000416,1000.000409,1000.000377,1000.000331,1000.000278,1000.000225,1000.000171,1000.000110,0.000000,0.000000,0.000000,0.000000,0.000000,0.000000,0.000000,0.000000,0.000000,0.000000,0.000000,0.000000,0.000000
0.000000,0.000000,0.000000,0.000000,0.000000,0.000000,0.000000,0.000000,0.000000,0.000000,0.000000,0.000000,1000.000099,1000.000162,1000.000218,1000.000273,1000.000328,1000.000376,1000.000409,1000.000416,1000.000399,1000.000371,1000.000339,1000.000309,1000.000282,1000.000256,1000.000229,1000.000204,1000.000180,1000.000158,1000.000136,1000.000115,1000.000095,1000.000077,1000.000059,1000.000042,1000.000026,1000.000012,999.999998,999.999985,999.999974,999.999963,999.999954,999.999945,999.999938,999.999931,999.999926,999.999921,999.999918,999.999915,999.999914,999.999913,999.999914,999.999915,999.999918,999.999921,999.999926,999.999931,999.999938,999.999945,999.999954,999.999963,999.999974,999.999985,999.999998,1000.000012,1000.000026,1000.000042,1000.000059,1000.000077,1000.000095,1000.000115,1000.000136,1000.000158,1000.000180,1000.000204,1000.000229,1000.000256,1000.000282,1000.000309,1000.000339,1000.000371,1000.000399,1000.000416,1000.000409,1000.000376,1000.000328,1000.000273,1000.000218,1000.000162,1000.000099,0.000000,0.000000,0.000000,0.000000,0.000000,0.000000,0.000000,0.000000,0.000000,0.000000,0.000000,0.000000
0.000000,0.000000,0.000000,0.000000,0.000000,0.000000,0.000000,0.000000,0.000000,0.000000,0.000000,1000.000085,1000.000150,1000.000207,1000.000264,1000.000321,1000.000372,1000.000407,1000.000416,1000.000400,1000.000371,1000.000338,1000.000307,1000.000279,1000.000252,1000.000224,1000.000198,1000.000174,1000.000150,1000.000127,1000.000105,1000.000084,1000.000064,1000.000046,1000.000028,1000.000011,999.999996,999.999981,999.999967,999.999955,999.999943,999.999932,999.999923,999.999914,999.999907,999.999900,999.999895,999.999890,999.999887,999.999884,999.999883,999.999883,999.999883,999.999884,999.999887,999.999890,999.999895,999.999900,999.999907,999.999914,999.999923,999.999932,999.999943,999.999955,999.999967,999.999981,999.999996,1000.000011,1000.000028,1000.000046,1000.000064,1000.000084,1000.000105,1000.000127,1000.000150,1000.000174,1000.000198,1000.000224,1000.000252,1000.000279,1000.000307,1000.000338,1000.000371,1000.000400,1000.000416,1000.000407,1000.000372,1000.000321,1000.000264,1000.000207,1000.000150,1000.000085,0.000000,0.000000,0.000000,0.000000,0.000000,0.000000,0.000000,0.000000,0.000000,0.000000,0.000000
0.000000,0.000000,0.000000,0.000000,0.000000,0.000000,0.000000,0.000000,0.000000,0.000000,0.000000,1000.000133,1000.000193,1000.000250,1000.000309,1000.000364,1000.000404,1000.000416,1000.000400,1000.000372,1000.000339,1000.000307,1000.000278,1000.000250,1000.000221,1000.000194,1000.000169,1000.000144,1000.000120,1000.000097,1000.000075,1000.000054,1000.000035,1000.000016,999.999998,999.999981,999.999966,999.999951,999.999937,999.999925,999.999913,999.999903,999.999893,999.999885,999.999877,999.999871,999.999865,999.999861,999.999857,999.999855,999.999853,999.999853,999.999853,999.999855,999.999857,999.999861,999.999865,999.999871,999.999877,999.999885,999.999893,999.999903,999.999913,999.999925,999.999937,999.999951,999.999966,999.999981,999.999998,1000.000016,1000.000035,1000.000054,1000.000075,1000.000097,1000.000120,1000.000144,1000.000169,1000.000194,1000.000221,1000.000250,1000.000278,1000.000307,1000.000339,1000.000372,1000.000400,1000.000416,1000.000404,1000.000364,1000.000309,1000.000250,1000.000193,1000.000133,0.000000,0.000000,0.000000,0.000000,0.000000,0.000000,0.000000,0.000000,0.000000,0.000000,0.000000
0.000000,0.000000,0.000000,0.000000,0.000000,0.000000,0.000000,0.000000,0.000000,0.000000,1000.000115,1000.000179,1000.000236,1000.000294,1000.000350,1000.000396,1000.000416,1000.000404,1000.000375,1000.000342,1000.000309,1000.000279,1000.000250,1000.000220,1000.000192,1000.000166,1000.000140,1000.000115,1000.000091,1000.000068,1000.000046,1000.000026,1000.000006,999.999987,999.999969,999.999953,999.999937,999.999922,999.999909,999.999896,999.999884,999.999874,999.999864,999.999856,999.999848,999.999842,999.999836,999.999832,999.999828,999.999826,999.999824,999.999824,999.999824,999.999826,999.999828,999.999832,999.999836,999.999842,999.999848,999.999856,999.999864,999.999874,999.999884,999.999896,999.999909,999.999922,999.999937,999.999953,999.999969,999.999987,1000.000006,1000.000026,1000.000046,1000.000068,1000.000091,1000.000115,1000.000140,1000.000166,1000.000192,1000.000220,1000.000250,1000.000279,1000.000309,1000.000342,1000.000375,1000.000404,1000.000416,1000.000396,1000.000350,1000.000294,1000.000236,1000.000179,1000.000115,0.000000,0.000000,0.000000,0.000000,0.000000,0.000000,0.000000,0.000000,0.000000,0.000000
0.000000,0.000000,0.000000,0.000000,0.000000,0.000000,0.000000,0.000000,0.000000,1000.000095,1000.000162,1000.000221,1000.000279,1000.000337,1000.000385,1000.000414,1000.000410,1000.000382,1000.000347,1000.000313,1000.000282,1000.000252,1000.000221,1000.000192,1000.000165,1000.000138,1000.000112,1000.000087,1000.000063,1000.000040,1000.000019,999.999998,999.999978,999.999959,999.999942,999.999925,999.999909,999.999894,999.999881,999.999868,999.999857,999.999846,999.999836,999.999828,999.999820,999.999814,999.999808,999.999804,999.999800,999.999798,999.999796,999.999796,999.999796,999.999798,999.999800,999.999804,999.999808,999.999814,999.999820,999.999828,999.999836,999.999846,999.999857,999.999868,999.999881,999.999894,999.999909,999.999925,999.999942,999.999959,999.999978,999.999998,1000.000019,1000.000040,1000.000063,1000.000087,1000.000112,1000.000138,1000.000165,1000.000192,1000.000221,1000.000252,1000.000282,1000.000313,1000.000347,1000.000382,1000.000410,1000.000414,1000.000385,1000.000337,1000.000279,1000.000221,1000.000162,1000.000095,0.000000,0.000000,0.000000,0.000000,0.000000,0.000000,0.000000,0.000000,0.000000
0.000000,0.000000,0.000000,0.000000,0.000000,0.000000,0.000000,0.000000,0.000000,1000.000138,1000.000201,1000.000262,1000.000323,1000.000375,1000.000410,1000.000415,1000.000392,1000.000356,1000.000320,1000.000287,1000.000256,1000.000224,1000.000194,1000.000166,1000.000138,1000.000111,1000.000085,1000.000060,1000.000036,1000.000014,999.999992,999.999971,999.999951,999.999932,999.999915,999.999898,999.999882,999.999868,999.999854,999.999841,999.999830,999.999819,999.999810,999.999801,999.999794,999.999787,999.999781,999.999777,999.999773,999.999771,999.999769,999.999769,999.999769,999.999771,999.999773,999.999777,999.999781,999.999787,999.999794,999.999801,999.999810,999.999819,999.999830,999.999841,999.999854,999.999868,999.999882,999.999898,999.999915,999.999932,999.999951,999.999971,999.999992,1000.000014,1000.000036,1000.000060,1000.000085,1000.000111,1000.000138,1000.000166,1000.000194,1000.000224,1000.000256,1000.000287,1000.000320,1000.000356,1000.000392,1000.000415,1000.000410,1000.000375,1000.000323,1000.000262,1000.000201,1000.000138,0.000000,0.000000,0.000000,0.000000,0.000000,0.000000,0.000000,0.000000,0.000000
0.000000,0.000000,0.000000,0.000000,0.000000,0.000000,0.000000,0.000000,1000.000111,1000.000179,1000.000240,1000.000303,1000.000362,1000.000404,1000.000416,1000.000399,1000.000366,1000.000329,1000.000294,1000.000262,1000.000229,1000.000198,1000.000169,1000.000140,1000.000112,1000.000085,1000.000059,1000.000034,1000.000010,999.999988,999.999966,999.999945,999.999925,999.999907,999.999889,999.999872,999.999857,999.999842,999.999828,999.999816,999.999804,999.999793,999.999784,999.999775,999.999768,999.999761,999.999756,999.999751,999.999748,999.999745,999.999744,999.999743,999.999744,999.999745,999.999748,999.999751,999.999756,999.999761,999.999768,999.999775,999.999784,999.999793,999.999804,999.999816,999.999828,999.999842,999.999857,999.999872,999.999889,999.999907,999.999925,999.999945,999.999966,999.999988,1000.000010,1000.000034,1000.000059,1000.000085,1000.000112,1000.000140,1000.000169,1000.000198,1000.000229,1000.000262,1000.000294,1000.000329,1000.000366,1000.000399,1000.000416,1000.000404,1000.000362,1000.000303,1000.000240,1000.000179,1000.000111,0.000000,0.000000,0.000000,0.000000,0.000000,0.000000,0.000000,0.000000
0.000000,0.000000,0.000000,0.000000,0.000000,0.000000,0.000000,0.000000,1000.000150,1000.000214,1000.000277,1000.000340,1000.000392,1000.000415,1000.000404,1000.000374,1000.000338,1000.000303,1000.000270,1000.000237,1000.000204,1000.000174,1000.000144,1000.000115,1000.000087,1000.000060,1000.000034,1000.000009,999.999986,999.999963,999.999941,999.999920,999.999901,999.999882,999.999864,999.999847,999.999832,999.999817,999.999803,999.999791,999.999779,999.999769,999.999759,999.999750,999.999743,999.999736,999.999731,999.999726,999.999723,999.999720,999.999719,999.999718,999.999719,999.999720,999.999723,999.999726,999.999731,999.999736,999.999743,999.999750,999.999759,999.999769,999.999779,999.999791,999.999803,999.999817,999.999832,999.999847,999.999864,999.999882,999.999901,999.999920,999.999941,999.999963,999.999986,1000.000009,1000.000034,1000.000060,1000.000087,1000.000115,1000.000144,1000.000174,1000.000204,1000.000237,1000.000270,1000.000303,1000.000338,1000.000374,1000.000404,1000.000415,1000.000392,1000.000340,1000.000277,1000.000214,1000.000150,0.000000,0.000000,0.000000,0.000000,0.000000,0.000000,0.000000,0.000000
0.000000,0.000000,0.000000,0.000000,0.000000,0.000000,0.000000,1000.000116,1000.000187,1000.000249,1000.000314,1000.000373,1000.000411,1000.000412,1000.000385,1000.000349,1000.000313,1000.000279,1000.000246,1000.000212,1000.000180,1000.000150,1000.000120,1000.000091,1000.000063,1000.000036,1000.000010,999.999986,999.999962,999.999939,999.999917,999.999897,999.999877,999.999858,999.999840,999.999824,999.999808,999.999793,999.999780,999.999767,999.999755,999.999745,999.999735,999.999727,999.999719,999.999713,999.999707,999.999702,999.999699,999.999696,999.999695,999.999694,999.999695,999.999696,999.999699,999.999702,999.999707,999.999713,999.999719,999.999727,999.999735,999.999745,999.999755,999.999767,999.999780,999.999793,999.999808,999.999824,999.999840,999.999858,999.999877,999.999897,999.999917,999.999939,999.999962,999.999986,1000.000010,1000.000036,1000.000063,1000.000091,1000.000120,1000.000150,1000.000180,1000.000212,1000.000246,1000.000279,1000.000313,1000.000349,1000.000385,1000.000412,1000.000411,1000.000373,1000.000314,1000.000249,1000.000187,1000.000116,0.000000,0.000000,0.000000,0.000000,0.000000,0.000000,0.000000
0.000000,0.000000,0.000000,0.000000,0.000000,0.000000,0.000000,1000.000153,1000.000219,1000.000283,1000.000347,1000.000398,1000.000417,1000.000399,1000.000364,1000.000325,1000.000290,1000.000257,1000.000222,1000.000189,1000.000158,1000.000127,1000.000097,1000.000068,1000.000040,1000.000014,999.999988,999.999963,999.999939,999.999916,999.999895,999.999874,999.999854,999.999835,999.999818,999.999801,999.999785,999.999771,999.999757,999.999744,999.999733,999.999722,999.999712,999.999704,999.999696,999.999690,999.999684,999.999680,999.999676,999.999674,999.999672,999.999672,999.999672,999.999674,999.999676,999.999680,999.999684,999.999690,999.999696,999.999704,999.999712,999.999722,999.999733,999.999744,999.999757,999.999771,999.999785,999.999801,999.999818,999.999835,999.999854,999.999874,999.999895,999.999916,999.999939,999.999963,999.999988,1000.000014,1000.000040,1000.000068,1000.000097,1000.000127,1000.000158,1000.000189,1000.000222,1000.000257,1000.000290,1000.000325,1000.000364,1000.000399,1000.000417,1000.000398,1000.000347,1000.000283,1000.000219,1000.000153,0.000000,0.000000,0.000000,0.000000,0.000000,0.000000,0.000000
0.000000,0.000000,0.000000,0.000000,0.000000,0.000000,1000.000117,1000.000188,1000.000252,1000.000317,1000.000376,1000.000413,1000.000412,1000.000381,1000.000342,1000.000304,1000.000269,1000.000234,1000.000200,1000.000168,1000.000136,1000.000105,1000.000075,1000.000046,1000.000019,999.999992,999.999966,999.999941,999.999917,999.999895,999.999873,999.999852,999.999832,999.999814,999.999796,999.999779,999.999764,999.999749,999.999735,999.999723,999.999711,999.999700,999.999691,999.999682,999.999675,999.999668,999.999662,999.999658,999.999654,999.999652,999.999650,999.999650,999.999650,999.999652,999.999654,999.999658,999.999662,999.999668,999.999675,999.999682,999.999691,999.999700,999.999711,999.999723,999.999735,999.999749,999.999764,999.999779,999.999796,999.999814,999.999832,999.999852,999.999873,999.999895,999.999917,999.999941,999.999966,999.999992,1000.000019,1000.000046,1000.000075,1000.000105,1000.000136,1000.000168,1000.000200,1000.000234,1000.000269,1000.000304,1000.000342,1000.000381,1000.000412,1000.000413,1000.000376,1000.000317,1000.000252,1000.000188,1000.000117,0.000000,0.000000,0.000000,0.000000,0.000000,0.000000
0.000000,0.000000,0.000000,0.000000,0.000000,0.000000,1000.000151,1000.000218,1000.000283,1000.000348,1000.000399,1000.000417,1000.000398,1000.000361,1000.000321,1000.000284,1000.000249,1000.000213,1000.000180,1000.000147,1000.000115,1000.000084,1000.000054,1000.000026,999.999998,999.999971,999.999945,999.999920,999.999897,999.999874,999.999852,999.999831,999.999812,999.999793,999.999775,999.999758,999.999743,999.999728,999.999714,999.999702,999.999690,999.999680,999.999670,999.999661,999.999654,999.999647,999.999642,999.999637,999.999634,999.999631,999.999630,999.999629,999.999630,999.999631,999.999634,999.999637,999.999642,999.999647,999.999654,999.999661,999.999670,999.999680,999.999690,999.999702,999.999714,999.999728,999.999743,999.999758,999.999775,999.999793,999.999812,999.999831,999.999852,999.999874,999.999897,999.999920,999.999945,999.999971,999.999998,1000.000026,1000.000054,1000.000084,1000.000115,1000.000147,1000.000180,1000.000213,1000.000249,1000.000284,1000.000321,1000.000361,1000.000398,1000.000417,1000.000399,1000.000348,1000.000283,1000.000218,1000.000151,0.000000,0.000000,0.000000,0.000000,0.000000,0.000000
0.000000,0.000000,0.000000,0.000000,0.000000,1000.000112,1000.000184,1000.000249,1000.000315,1000.000375,1000.000413,1000.000412,1000.000381,1000.000340,1000.000301,1000.000265,1000.000229,1000.000194,1000.000160,1000.000127,1000.000095,1000.000064,1000.000035,1000.000006,999.999978,999.999951,999.999925,999.999901,999.999877,999.999854,999.999832,999.999812,999.999792,999.999773,999.999755,999.999739,999.999723,999.999708,999.999695,999.999682,999.999670,999.999660,999.999650,999.999642,999.999634,999.999627,999.999622,999.999617,999.999614,999.999611,999.999610,999.999609,999.999610,999.999611,999.999614,999.999617,999.999622,999.999627,999.999634,999.999642,999.999650,999.999660,999.999670,999.999682,999.999695,999.999708,999.999723,999.999739,999.999755,999.999773,999.999792,999.999812,999.999832,999.999854,999.999877,999.999901,999.999925,999.999951,999.999978,1000.000006,1000.000035,1000.000064,1000.000095,1000.000127,1000.000160,1000.000194,1000.000229,1000.000265,1000.000301,1000.000340,1000.000381,1000.000412,1000.000413,1000.000375,1000.000315,1000.000249,1000.000184,1000.000112,0.000000,0.000000,0.000000,0.000000,0.000000
0.000000,0.000000,0.000000,0.000000,0.000000,1000.000142,1000.000211,1000.000278,1000.000344,1000.000397,1000.000417,1000.000399,1000.000361,1000.000320,1000.000283,1000.000246,1000.000210,1000.000175,1000.000141,1000.000108,1000.000077,1000.000046,1000.000016,999.999987,999.999959,999.999932,999.999907,999.999882,999.999858,999.999835,999.999814,999.999793,999.999773,999.999754,999.999737,999.999720,999.999704,999.999690,999.999676,999.999663,999.999652,999.999641,999.999632,999.999623,999.999615,999.999609,999.999603,999.999599,999.999595,999.999593,999.999591,999.999591,999.999591,999.999593,999.999595,999.999599,999.999603,999.999609,999.999615,999.999623,999.999632,999.999641,999.999652,999.999663,999.999676,999.999690,999.999704,999.999720,999.999737,999.999754,999.999773,999.999793,999.999814,999.999835,999.999858,999.999882,999.999907,999.999932,999.999959,999.999987,1000.000016,1000.000046,1000.000077,1000.000108,1000.000141,1000.000175,1000.000210,1000.000246,1000.000283,1000.000320,1000.000361,1000.000399,1000.000417,1000.000397,1000.000344,1000.000278,1000.000211,1000.000142,0.000000,0.000000,0.000000,0.000000,0.000000
0.000000,0.000000,0.000000,0.000000,1000.000098,1000.000171,1000.000238,1000.000306,1000.000370,1000.000411,1000.000412,1000.000382,1000.000341,1000.000302,1000.000265,1000.000228,1000.000192,1000.000157,1000.000123,1000.000091,1000.000059,1000.000028,999.999998,999.999969,999.999942,999.999915,999.999889,999.999864,999.999840,999.999818,999.999796,999.999775,999.999755,999.999737,999.999719,999.999702,999.999687,999.999672,999.999658,999.999646,999.999634,999.999623,999.999614,999.999605,999.999598,999.999591,999.999585,999.999581,999.999577,999.999575,999.999573,999.999573,999.999573,999.999575,999.999577,999.999581,999.999585,999.999591,999.999598,999.999605,999.999614,999.999623,999.999634,999.999646,999.999658,999.999672,999.999687,999.999702,999.999719,999.999737,999.999755,999.999775,999.999796,999.999818,999.999840,999.999864,999.999889,999.999915,999.999942,999.999969,999.999998,1000.000028,1000.000059,1000.000091,1000.000123,1000.000157,1000.000192,1000.000228,1000.000265,1000.000302,1000.000341,1000.000382,1000.000412,1000.000411,1000.000370,1000.000306,1000.000238,1000.000171,1000.000098,0.000000,0.000000,0.000000,0.000000
0.000000,0.000000,0.000000,0.000000,1000.000125,1000.000195,1000.000262,1000.000331,1000.000390,1000.000416,1000.000401,1000.000364,1000.000324,1000.000286,1000.000248,1000.000211,1000.000175,1000.000141,1000.000107,1000.000074,1000.000042,1000.000011,999.999981,999.999953,999.999925,999.999898,999.999872,999.999847,999.999824,999.999801,999.999779,999.999758,999.999739,999.999720,999.999702,999.999686,999.999670,999.999655,999.999642,999.999629,999.999617,999.999607,999.999597,999.999588,999.999581,999.999574,999.999569,999.999564,999.999561,999.999558,999.999557,999.999556,999.999557,999.999558,999.999561,999.999564,999.999569,999.999574,999.999581,999.999588,999.999597,999.999607,999.999617,999.999629,999.999642,999.999655,999.999670,999.999686,999.999702,999.999720,999.999739,999.999758,999.999779,999.999801,999.999824,999.999847,999.999872,999.999898,999.999925,999.999953,999.999981,1000.000011,1000.000042,1000.000074,1000.000107,1000.000141,1000.000175,1000.000211,1000.000248,1000.000286,1000.000324,1000.000364,1000.000401,1000.000416,1000.000390,1000.000331,1000.000262,1000.000195,1000.000125,0.000000,0.000000,0.000000,0.000000
