0.000000,0.000000,0.000000,0.000000,0.000000,0.000000,0.000000,0.000000,0.000000,0.000000,0.000000,0.000000,0.000000,0.000000,0.000000,0.000000,0.000000,0.000000,0.000000,0.000000,0.000000,0.000000,0.000000,0.000000,0.000000,0.000000,0.000000,0.000000,0.000000,0.000000,0.000000,0.000000,0.000000,0.000000,0.000000,0.000000,0.000000,0.000000,0.000000,0.000000,0.000000,0.000000,0.000000,0.000000,0.000000,0.000000,0.000000,0.000000,0.000000,0.000000,0.000000,0.000000,0.000000,0.000000,0.000000,0.000000,0.000000,0.000000,0.000000,0.000000,0.000000,0.000000,0.000000,0.000000,0.000000,0.000000,0.000000,0.000000,0.000000,0.000000,0.000000,0.000000,0.000000,0.000000,0.000000,0.000000,0.000000,0.000000,0.000000,0.000000,0.000000,0.000000,0.000000,0.000000,0.000000,0.000000,0.000000,0.000000,0.000000,0.000000,0.000000,0.000000,0.000000,0.000000,0.000000,0.000000,0.000000,0.000000,0.000000,0.000000,0.000000,0.000000,0.000000
0.000000,0.000000,0.000000,0.000000,0.000000,0.000000,0.000000,0.000000,0.000000,0.000000,0.000000,0.000000,0.000000,0.000000,0.000000,0.000000,0.000000,0.000000,0.000000,0.000000,0.000000,0.000000,0.000000,0.000000,0.000000,0.000000,0.000000,0.000000,0.000000,0.000000,0.000000,0.000000,0.000000,0.000000,0.000000,0.000000,0.000000,0.000000,0.000000,0.000000,0.000000,0.000000,0.000000,0.000000,0.000000,0.000000,0.000000,0.000000,0.000000,0.000000,0.000000,999.998670,0.000000,0.000000,0.000000,0.000000,0.000000,0.000000,0.000000,0.000000,0.000000,0.000000,0.000000,0.000000,0.000000,0.000000,0.000000,0.000000,0.000000,0.000000,0.000000,0.000000,0.000000,0.000000,0.000000,0.000000,0.000000,0.000000,0.000000,0.000000,0.000000,0.000000,0.000000,0.000000,0.000000,0.000000,0.000000,0.000000,0.000000,0.000000,0.000000,0.000000,0.000000,0.000000,0.000000,0.000000,0.000000,0.000000,0.000000,0.000000,0.000000,0.000000,0.000000
0.000000,0.000000,0.000000,0.000000,0.000000,0.000000,0.000000,0.000000,0.000000,0.000000,0.000000,0.000000,0.000000,0.000000,0.000000,0.000000,0.000000,0.000000,0.000000,0.000000,0.000000,0.000000,0.000000,0.000000,0.000000,0.000000,0.000000,0.000000,0.000000,0.000000,0.000000,0.000000,0.000000,0.000000,0.000000,0.000000,0.000000,0.000000,0.000000,0.000000,0.000000,0.000000,999.997018,999.995066,999.995019,999.995535,999.995964,999.996453,999.997025,999.997826,999.998445,999.998583,999.998743,999.999264,999.999973,1000.000431,1000.000741,1000.001004,1000.001266,1000.001276,999.999939,0.000000,0.000000,0.000000,0.000000,0.000000,0.000000,0.000000,0.000000,0.000000,0.000000,0.000000,0.000000,0.000000,0.000000,0.000000,0.000000,0.000000,0.000000,0.000000,0.000000,0.000000,0.000000,0.000000,0.000000,0.000000,0.000000,0.000000,0.000000,0.000000,0.000000,0.000000,0.000000,0.000000,0.000000,0.000000,0.000000,0.000000,0.000000,0.000000,0.000000,0.000000,0.000000
0.000000,0.000000,0.000000,0.000000,0.000000,0.000000,0.000000,0.000000,0.000000,0.000000,0.000000,0.000000,0.000000,0.000000,0.000000,0.000000,0.000000,0.000000,0.000000,0.000000,0.000000,0.000000,0.000000,0.000000,0.000000,0.000000,0.000000,0.000000,0.000000,0.000000,0.000000,0.000000,0.000000,0.000000,0.000000,0.000000,0.000000,999.993874,999.991887,999.991933,999.992731,999.994336,999.996388,999.995857,999.995536,999.995666,999.996096,999.996617,999.997014,999.997569,999.998374,999.998461,999.998592,999.999384,999.999745,1000.000066,1000.000436,1000.000710,1000.000816,1000.000603,1000.000297,1000.001534,1000.002380,1000.002934,1000.002678,1000.001691,0.000000,0.000000,0.000000,0.000000,0.000000,0.000000,0.000000,0.000000,0.000000,0.000000,0.000000,0.000000,0.000000,0.000000,0.000000,0.000000,0.000000,0.000000,0.000000,0.000000,0.000000,0.000000,0.000000,0.000000,0.000000,0.000000,0.000000,0.000000,0.000000,0.000000,0.000000,0.000000,0.000000,0.000000,0.000000,0.000000,0.000000
0.000000,0.000000,0.000000,0.000000,0.000000,0.000000,0.000000,0.000000,0.000000,0.000000,0.000000,0.000000,0.000000,0.000000,0.000000,0.000000,0.000000,0.000000,0.000000,0.000000,0.000000,0.000000,0.000000,0.000000,0.000000,0.000000,0.000000,0.000000,0.000000,0.000000,0.000000,0.000000,0.000000,0.000000,999.992013,999.990603,999.991370,999.993376,999.993039,999.992838,999.993163,999.994507,999.995234,999.995402,999.995583,999.995854,999.996210,999.996640,999.997086,999.997511,999.998008,999.998383,999.998722,999.999215,999.999560,999.999914,1000.000294,1000.000510,1000.000647,1000.000749,1000.000891,1000.001347,1000.002020,1000.002184,1000.002119,1000.001862,1000.002827,1000.003194,1000.002540,0.000000,0.000000,0.000000,0.000000,0.000000,0.000000,0.000000,0.000000,0.000000,0.000000,0.000000,0.000000,0.000000,0.000000,0.000000,0.000000,0.000000,0.000000,0.000000,0.000000,0.000000,0.000000,0.000000,0.000000,0.000000,0.000000,0.000000,0.000000,0.000000,0.000000,0.000000,0.000000,0.000000,0.000000
0.000000,0.000000,0.000000,0.000000,0.000000,0.000000,0.000000,0.000000,0.000000,0.000000,0.000000,0.000000,0.000000,0.000000,0.000000,0.000000,0.000000,0.000000,0.000000,0.000000,0.000000,0.000000,0.000000,0.000000,0.000000,0.000000,0.000000,0.000000,0.000000,0.000000,0.000000,0.000000,999.991378,999.990135,999.991736,999.991598,999.992180,999.992643,999.992833,999.993159,999.993618,999.994227,999.994677,999.995199,999.995605,999.995884,999.996254,999.996604,999.997106,999.997527,999.997855,999.998337,999.998768,999.999070,999.999520,999.999852,1000.000119,1000.000366,1000.000599,1000.000772,1000.001028,1000.001414,1000.001777,1000.001967,1000.002119,1000.002210,1000.002357,1000.002603,1000.002513,1000.003293,1000.002681,0.000000,0.000000,0.000000,0.000000,0.000000,0.000000,0.000000,0.000000,0.000000,0.000000,0.000000,0.000000,0.000000,0.000000,0.000000,0.000000,0.000000,0.000000,0.000000,0.000000,0.000000,0.000000,0.000000,0.000000,0.000000,0.000000,0.000000,0.000000,0.000000,0.000000,0.000000,0.000000
0.000000,0.000000,0.000000,0.000000,0.000000,0.000000,0.000000,0.000000,0.000000,0.000000,0.000000,0.000000,0.000000,0.000000,0.000000,0.000000,0.000000,0.000000,0.000000,0.000000,0.000000,0.000000,0.000000,0.000000,0.000000,0.000000,0.000000,0.000000,0.000000,0.000000,999.989976,999.988813,999.990799,999.991215,999.991460,999.991545,999.992052,999.992351,999.992839,999.993197,999.993694,999.994077,999.994539,999.995024,999.995497,999.995835,999.996207,999.996621,999.997024,999.997438,999.997868,999.998316,999.998679,999.998991,999.999380,999.999740,999.999976,1000.000277,1000.000573,1000.000858,1000.001066,1000.001310,1000.001577,1000.001801,1000.001992,1000.002285,1000.002367,1000.002554,1000.002530,1000.002629,1000.002862,1000.003604,1000.003203,0.000000,0.000000,0.000000,0.000000,0.000000,0.000000,0.000000,0.000000,0.000000,0.000000,0.000000,0.000000,0.000000,0.000000,0.000000,0.000000,0.000000,0.000000,0.000000,0.000000,0.000000,0.000000,0.000000,0.000000,0.000000,0.000000,0.000000,0.000000,0.000000,0.000000
0.000000,0.000000,0.000000,0.000000,0.000000,0.000000,0.000000,0.000000,0.000000,0.000000,0.000000,0.000000,0.000000,0.000000,0.000000,0.000000,0.000000,0.000000,0.000000,0.000000,0.000000,0.000000,0.000000,0.000000,0.000000,0.000000,0.000000,0.000000,999.988702,999.987530,999.989486,999.990135,999.990431,999.990802,999.991096,999.991610,999.991964,999.992278,999.992721,999.993113,999.993614,999.994037,999.994522,999.994981,999.995365,999.995761,999.996190,999.996550,999.997016,999.997372,999.997841,999.998229,999.998633,999.998950,999.999367,999.999655,1000.000009,1000.000230,1000.000526,1000.000808,1000.001107,1000.001330,1000.001563,1000.001762,1000.002014,1000.002209,1000.002357,1000.002545,1000.002722,1000.002738,1000.002929,1000.003056,1000.003218,1000.003984,1000.003553,0.000000,0.000000,0.000000,0.000000,0.000000,0.000000,0.000000,0.000000,0.000000,0.000000,0.000000,0.000000,0.000000,0.000000,0.000000,0.000000,0.000000,0.000000,0.000000,0.000000,0.000000,0.000000,0.000000,0.000000,0.000000,0.000000,0.000000,0.000000
0.000000,0.000000,0.000000,0.000000,0.000000,0.000000,0.000000,0.000000,0.000000,0.000000,0.000000,0.000000,0.000000,0.000000,0.000000,0.000000,0.000000,0.000000,0.000000,0.000000,0.000000,0.000000,0.000000,0.000000,0.000000,0.000000,999.987422,999.986484,999.988269,999.988890,999.989331,999.989711,999.990092,999.990649,999.991073,999.991490,999.991800,999.992208,999.992667,999.993072,999.993540,999.993949,999.994444,999.994822,999.995255,999.995721,999.996114,999.996598,999.996978,999.997440,999.997762,999.998106,999.998580,999.998956,999.999326,999.999600,1000.000003,1000.000291,1000.000507,1000.000775,1000.001068,1000.001283,1000.001556,1000.001807,1000.001964,1000.002092,1000.002306,1000.002424,1000.002629,1000.002810,1000.002986,1000.003130,1000.003255,1000.003365,1000.003632,1000.004208,1000.003931,0.000000,0.000000,0.000000,0.000000,0.000000,0.000000,0.000000,0.000000,0.000000,0.000000,0.000000,0.000000,0.000000,0.000000,0.000000,0.000000,0.000000,0.000000,0.000000,0.000000,0.000000,0.000000,0.000000,0.000000,0.000000,0.000000
0.000000,0.000000,0.000000,0.000000,0.000000,0.000000,0.000000,0.000000,0.000000,0.000000,0.000000,0.000000,0.000000,0.000000,0.000000,0.000000,0.000000,0.000000,0.000000,0.000000,0.000000,0.000000,0.000000,0.000000,999.986612,999.985855,999.987213,999.987829,999.988165,999.988605,999.989011,999.989583,999.990055,999.990451,999.990863,999.991268,999.991676,999.992156,999.992597,999.993017,999.993446,999.993881,999.994287,999.994763,999.995249,999.995695,999.996071,999.996580,999.996956,999.997353,999.997807,999.998163,999.998555,999.998970,999.999221,999.999603,999.999865,1000.000270,1000.000473,1000.000769,1000.001026,1000.001273,1000.001508,1000.001805,1000.001954,1000.002142,1000.002346,1000.002484,1000.002634,1000.002821,1000.002954,1000.003076,1000.003359,1000.003460,1000.003586,1000.003731,1000.003905,1000.004284,1000.004077,0.000000,0.000000,0.000000,0.000000,0.000000,0.000000,0.000000,0.000000,0.000000,0.000000,0.000000,0.000000,0.000000,0.000000,0.000000,0.000000,0.000000,0.000000,0.000000,0.000000,0.000000,0.000000,0.000000,0.000000
0.000000,0.000000,0.000000,0.000000,0.000000,0.000000,0.000000,0.000000,0.000000,0.000000,0.000000,0.000000,0.000000,0.000000,0.000000,0.000000,0.000000,0.000000,0.000000,0.000000,0.000000,0.000000,0.000000,999.986765,999.986591,999.986882,999.987260,999.987659,999.987972,999.988535,999.988993,999.989473,999.989877,999.990305,999.990714,999.991137,999.991591,999.992066,999.992396,999.992896,999.993372,999.993787,999.994271,999.994742,999.995183,999.995589,999.996108,999.996505,999.996928,999.997296,999.997817,999.998259,999.998580,999.998904,999.999311,999.999703,999.999936,1000.000211,1000.000564,1000.000876,1000.001076,1000.001282,1000.001555,1000.001721,1000.001972,1000.002175,1000.002357,1000.002529,1000.002652,1000.002823,1000.002950,1000.003120,1000.003327,1000.003442,1000.003544,1000.003667,1000.003808,1000.003971,1000.004046,1000.003977,0.000000,0.000000,0.000000,0.000000,0.000000,0.000000,0.000000,0.000000,0.000000,0.000000,0.000000,0.000000,0.000000,0.000000,0.000000,0.000000,0.000000,0.000000,0.000000,0.000000,0.000000,0.000000,0.000000
0.000000,0.000000,0.000000,0.000000,0.000000,0.000000,0.000000,0.000000,0.000000,0.000000,0.000000,0.000000,0.000000,0.000000,0.000000,0.000000,0.000000,0.000000,0.000000,0.000000,0.000000,999.985364,999.984932,999.986454,999.986750,999.987039,999.987182,999.987652,999.988100,999.988550,999.988910,999.989288,999.989769,999.990139,999.990622,999.991021,999.991480,999.991881,999.992282,999.992795,999.993221,999.993724,999.994223,999.994673,999.995074,999.995566,999.996041,999.996464,999.996918,999.997344,999.997724,999.998176,999.998528,999.998856,999.999274,999.999638,999.999929,1000.000248,1000.000561,1000.000832,1000.001119,1000.001348,1000.001593,1000.001728,1000.001977,1000.002132,1000.002307,1000.002521,1000.002687,1000.002810,1000.003003,1000.003108,1000.003268,1000.003389,1000.003567,1000.003675,1000.003776,1000.003805,1000.003898,1000.003979,1000.004460,1000.004368,0.000000,0.000000,0.000000,0.000000,0.000000,0.000000,0.000000,0.000000,0.000000,0.000000,0.000000,0.000000,0.000000,0.000000,0.000000,0.000000,0.000000,0.000000,0.000000,0.000000,0.000000
0.000000,0.000000,0.000000,0.000000,0.000000,0.000000,0.000000,0.000000,0.000000,0.000000,0.000000,0.000000,0.000000,0.000000,0.000000,0.000000,0.000000,0.000000,0.000000,0.000000,999.985626,999.985574,999.985883,999.986258,999.986571,999.986975,999.987245,999.987646,999.988007,999.988356,999.988729,999.989227,999.989587,999.990025,999.990439,999.990864,999.991322,999.991771,999.992238,999.992762,999.993123,999.993637,999.994155,999.994619,999.995080,999.995623,999.996043,999.996446,999.996995,999.997410,999.997792,999.998205,999.998605,999.999097,999.999348,999.999671,1000.000042,1000.000391,1000.000558,1000.000807,1000.001128,1000.001394,1000.001587,1000.001841,1000.002051,1000.002228,1000.002369,1000.002545,1000.002749,1000.002844,1000.003037,1000.003112,1000.003299,1000.003451,1000.003540,1000.003656,1000.003762,1000.003854,1000.003996,1000.004044,1000.004134,1000.004306,1000.004152,0.000000,0.000000,0.000000,0.000000,0.000000,0.000000,0.000000,0.000000,0.000000,0.000000,0.000000,0.000000,0.000000,0.000000,0.000000,0.000000,0.000000,0.000000,0.000000,0.000000
0.000000,0.000000,0.000000,0.000000,0.000000,0.000000,0.000000,0.000000,0.000000,0.000000,0.000000,0.000000,0.000000,0.000000,0.000000,0.000000,0.000000,0.000000,0.000000,999.985311,999.985620,999.985747,999.986038,999.986246,999.986640,999.986940,999.987259,999.987562,999.987890,999.988248,999.988684,999.989079,999.989414,999.989877,999.990276,999.990745,999.991173,999.991598,999.992159,999.992606,999.993031,999.993554,999.994055,999.994522,999.995016,999.995555,999.995995,999.996437,999.996942,999.997413,999.997819,999.998232,999.998594,999.999044,999.999377,999.999692,1000.000091,1000.000401,1000.000659,1000.000952,1000.001233,1000.001397,1000.001641,1000.001872,1000.002051,1000.002230,1000.002447,1000.002565,1000.002718,1000.002882,1000.003020,1000.003122,1000.003277,1000.003393,1000.003502,1000.003641,1000.003681,1000.003794,1000.003922,1000.004051,1000.004030,1000.004132,1000.004238,1000.004343,0.000000,0.000000,0.000000,0.000000,0.000000,0.000000,0.000000,0.000000,0.000000,0.000000,0.000000,0.000000,0.000000,0.000000,0.000000,0.000000,0.000000,0.000000,0.000000
0.000000,0.000000,0.000000,0.000000,0.000000,0.000000,0.000000,0.000000,0.000000,0.000000,0.000000,0.000000,0.000000,0.000000,0.000000,0.000000,0.000000,0.000000,999.985076,999.985385,999.985628,999.985798,999.986087,999.986346,999.986597,999.986887,999.987191,999.987536,999.987905,999.988189,999.988543,999.988859,999.989298,999.989698,999.990102,999.990603,999.990966,999.991482,999.991954,999.992406,999.992958,999.993504,999.993933,999.994491,999.994980,999.995509,999.995979,999.996554,999.996970,999.997455,999.997905,999.998352,999.998702,999.999093,999.999492,999.999811,1000.000101,1000.000397,1000.000773,1000.001002,1000.001304,1000.001477,1000.001761,1000.001940,1000.002147,1000.002281,1000.002512,1000.002602,1000.002763,1000.002968,1000.003065,1000.003180,1000.003298,1000.003431,1000.003519,1000.003665,1000.003764,1000.003766,1000.003849,1000.004006,1000.004048,1000.004121,1000.004178,1000.004289,1000.004282,0.000000,0.000000,0.000000,0.000000,0.000000,0.000000,0.000000,0.000000,0.000000,0.000000,0.000000,0.000000,0.000000,0.000000,0.000000,0.000000,0.000000,0.000000
0.000000,0.000000,0.000000,0.000000,0.000000,0.000000,0.000000,0.000000,0.000000,0.000000,0.000000,0.000000,0.000000,0.000000,0.000000,0.000000,0.000000,999.984863,999.985193,999.985442,999.985649,999.985892,999.986175,999.986358,999.986563,999.986886,999.987102,999.987431,999.987710,999.987994,999.988388,999.988749,999.989157,999.989531,999.989943,999.990355,999.990857,999.991347,999.991797,999.992312,999.992852,999.993390,999.993860,999.994475,999.995061,999.995468,999.996077,999.996587,999.996996,999.997476,999.997933,999.998367,999.998815,999.999233,999.999591,999.999970,1000.000282,1000.000592,1000.000907,1000.001085,1000.001343,1000.001661,1000.001791,1000.001991,1000.002235,1000.002405,1000.002556,1000.002717,1000.002790,1000.002971,1000.003133,1000.003190,1000.003301,1000.003428,1000.003504,1000.003606,1000.003722,1000.003850,1000.003856,1000.003932,1000.004027,1000.004075,1000.004104,1000.004179,1000.004278,1000.004492,0.000000,0.000000,0.000000,0.000000,0.000000,0.000000,0.000000,0.000000,0.000000,0.000000,0.000000,0.000000,0.000000,0.000000,0.000000,0.000000,0.000000
0.000000,0.000000,0.000000,0.000000,0.000000,0.000000,0.000000,0.000000,0.000000,0.000000,0.000000,0.000000,0.000000,0.000000,0.000000,0.000000,999.984819,999.985080,999.985303,999.985553,999.985775,999.985944,999.986161,999.986334,999.986633,999.986817,999.987090,999.987335,999.987561,999.987894,999.988258,999.988555,999.988924,999.989276,999.989750,999.990169,999.990697,999.991125,999.991639,999.992176,999.992759,999.993278,999.993845,999.994428,999.994920,999.995461,999.996061,999.996548,999.997044,999.997584,999.998052,999.998485,999.998928,999.999285,999.999599,1000.000037,1000.000324,1000.000669,1000.000960,1000.001247,1000.001429,1000.001754,1000.001907,1000.002080,1000.002297,1000.002455,1000.002566,1000.002830,1000.002887,1000.003004,1000.003172,1000.003257,1000.003359,1000.003504,1000.003518,1000.003597,1000.003651,1000.003778,1000.003877,1000.003937,1000.003987,1000.004065,1000.004134,1000.004163,1000.004242,1000.004296,1000.004349,0.000000,0.000000,0.000000,0.000000,0.000000,0.000000,0.000000,0.000000,0.000000,0.000000,0.000000,0.000000,0.000000,0.000000,0.000000,0.000000
0.000000,0.000000,0.000000,0.000000,0.000000,0.000000,0.000000,0.000000,0.000000,0.000000,0.000000,0.000000,0.000000,0.000000,0.000000,999.984863,999.985080,999.985265,999.985465,999.985640,999.985766,999.985961,999.986183,999.986335,999.986530,999.986699,999.986961,999.987154,999.987421,999.987736,999.988065,999.988285,999.988695,999.989088,999.989545,999.989960,999.990429,999.990884,999.991478,999.992031,999.992586,999.993174,999.993811,999.994347,999.994912,999.995575,999.996068,999.996600,999.997187,999.997723,999.998145,999.998607,999.999084,999.999459,999.999875,1000.000247,1000.000543,1000.000806,1000.001093,1000.001415,1000.001638,1000.001803,1000.002100,1000.002229,1000.002449,1000.002561,1000.002672,1000.002880,1000.002990,1000.003038,1000.003213,1000.003328,1000.003356,1000.003477,1000.003612,1000.003640,1000.003737,1000.003776,1000.003796,1000.003919,1000.003931,1000.004056,1000.004121,1000.004125,1000.004204,1000.004232,1000.004347,1000.004468,0.000000,0.000000,0.000000,0.000000,0.000000,0.000000,0.000000,0.000000,0.000000,0.000000,0.000000,0.000000,0.000000,0.000000,0.000000
0.000000,0.000000,0.000000,0.000000,0.000000,0.000000,0.000000,0.000000,0.000000,0.000000,0.000000,0.000000,0.000000,0.000000,999.985076,999.985193,999.985303,999.985465,999.985607,999.985727,999.985903,999.986043,999.986208,999.986303,999.986516,999.986675,999.986853,999.987073,999.987260,999.987584,999.987822,999.988071,999.988482,999.988868,999.989269,999.989662,999.990172,999.990713,999.991359,999.991833,999.992450,999.993052,999.993671,999.994281,999.994985,999.995597,999.996115,999.996735,999.997312,999.997794,999.998263,999.998754,999.999224,999.999604,1000.000019,1000.000354,1000.000699,1000.000987,1000.001272,1000.001543,1000.001774,1000.001973,1000.002179,1000.002355,1000.002494,1000.002692,1000.002840,1000.002888,1000.003119,1000.003136,1000.003268,1000.003334,1000.003416,1000.003466,1000.003566,1000.003645,1000.003724,1000.003801,1000.003841,1000.003915,1000.003938,1000.003945,1000.004074,1000.004073,1000.004128,1000.004157,1000.004274,1000.004267,1000.004357,0.000000,0.000000,0.000000,0.000000,0.000000,0.000000,0.000000,0.000000,0.000000,0.000000,0.000000,0.000000,0.000000,0.000000
0.000000,0.000000,0.000000,0.000000,0.000000,0.000000,0.000000,0.000000,0.000000,0.000000,0.000000,0.000000,0.000000,999.985311,999.985385,999.985442,999.985553,999.985640,999.985727,999.985929,999.985962,999.986080,999.986179,999.986317,999.986479,999.986565,999.986732,999.986858,999.987105,999.987306,999.987481,999.987818,999.988206,999.988537,999.988884,999.989394,999.989920,999.990529,999.991051,999.991609,999.992312,999.992966,999.993633,999.994263,999.994948,999.995590,999.996233,999.996849,999.997422,999.997924,999.998515,999.999007,999.999441,999.999846,1000.000241,1000.000550,1000.000942,1000.001199,1000.001488,1000.001734,1000.001946,1000.002148,1000.002363,1000.002542,1000.002615,1000.002827,1000.002936,1000.003025,1000.003155,1000.003258,1000.003355,1000.003410,1000.003508,1000.003594,1000.003641,1000.003674,1000.003704,1000.003806,1000.003840,1000.003869,1000.003970,1000.003969,1000.004020,1000.004102,1000.004142,1000.004148,1000.004234,1000.004250,1000.004244,1000.004390,0.000000,0.000000,0.000000,0.000000,0.000000,0.000000,0.000000,0.000000,0.000000,0.000000,0.000000,0.000000,0.000000
0.000000,0.000000,0.000000,0.000000,0.000000,0.000000,0.000000,0.000000,0.000000,0.000000,0.000000,0.000000,999.985626,999.985620,999.985628,999.985649,999.985775,999.985766,999.985903,999.985962,999.985999,999.986109,999.986178,999.986260,999.986322,999.986411,999.986544,999.986717,999.986867,999.987051,999.987245,999.987553,999.987832,999.988181,999.988581,999.989114,999.989625,999.990154,999.990728,999.991417,999.992160,999.992844,999.993535,999.994290,999.994961,999.995645,999.996351,999.996977,999.997560,999.998118,999.998715,999.999142,999.999572,1000.000007,1000.000434,1000.000787,1000.001109,1000.001424,1000.001660,1000.001928,1000.002130,1000.002323,1000.002493,1000.002705,1000.002816,1000.002979,1000.003056,1000.003151,1000.003256,1000.003316,1000.003392,1000.003497,1000.003533,1000.003600,1000.003627,1000.003724,1000.003717,1000.003767,1000.003854,1000.003852,1000.003883,1000.003939,1000.003976,1000.004025,1000.004087,1000.004083,1000.004161,1000.004243,1000.004188,1000.004256,1000.004224,0.000000,0.000000,0.000000,0.000000,0.000000,0.000000,0.000000,0.000000,0.000000,0.000000,0.000000,0.000000
0.000000,0.000000,0.000000,0.000000,0.000000,0.000000,0.000000,0.000000,0.000000,0.000000,0.000000,999.985364,999.985574,999.985747,999.985798,999.985892,999.985944,999.985961,999.986043,999.986080,999.986109,999.986185,999.986217,999.986270,999.986316,999.986333,999.986400,999.986497,999.986582,999.986730,999.986868,999.987189,999.987427,999.987816,999.988211,999.988714,999.989219,999.989813,999.990448,999.991262,999.991962,999.992638,999.993472,999.994271,999.995023,999.995743,999.996440,999.997156,999.997772,999.998417,999.998965,999.999461,999.999930,1000.000389,1000.000733,1000.001074,1000.001379,1000.001689,1000.001927,1000.002174,1000.002367,1000.002575,1000.002685,1000.002840,1000.002957,1000.003099,1000.003215,1000.003291,1000.003352,1000.003459,1000.003512,1000.003568,1000.003604,1000.003657,1000.003666,1000.003747,1000.003779,1000.003786,1000.003811,1000.003873,1000.003936,1000.003915,1000.003956,1000.003934,1000.004050,1000.004032,1000.004011,1000.004153,1000.004178,1000.004228,1000.004352,1000.004446,0.000000,0.000000,0.000000,0.000000,0.000000,0.000000,0.000000,0.000000,0.000000,0.000000,0.000000
0.000000,0.000000,0.000000,0.000000,0.000000,0.000000,0.000000,0.000000,0.000000,0.000000,0.000000,999.984932,999.985883,999.986038,999.986087,999.986175,999.986161,999.986183,999.986208,999.986179,999.986178,999.986217,999.986155,999.986102,999.986156,999.986153,999.986204,999.986254,999.986284,999.986382,999.986590,999.986825,999.986992,999.987333,999.987735,999.988234,999.988805,999.989416,999.990144,999.990935,999.991685,999.992527,999.993460,999.994255,999.995117,999.995885,999.996670,999.997374,999.998040,999.998660,999.999160,999.999713,1000.000230,1000.000657,1000.001034,1000.001378,1000.001691,1000.001979,1000.002208,1000.002399,1000.002621,1000.002808,1000.002910,1000.003090,1000.003197,1000.003254,1000.003329,1000.003488,1000.003514,1000.003548,1000.003618,1000.003604,1000.003679,1000.003746,1000.003747,1000.003807,1000.003807,1000.003865,1000.003838,1000.003836,1000.003880,1000.003957,1000.003967,1000.003943,1000.004008,1000.004046,1000.004011,1000.004097,1000.004132,1000.004046,1000.004229,1000.004542,0.000000,0.000000,0.000000,0.000000,0.000000,0.000000,0.000000,0.000000,0.000000,0.000000,0.000000
0.000000,0.000000,0.000000,0.000000,0.000000,0.000000,0.000000,0.000000,0.000000,0.000000,999.986765,999.986454,999.986258,999.986246,999.986346,999.986358,999.986334,999.986335,999.986303,999.986317,999.986260,999.986270,999.986102,999.986181,999.986191,999.986042,999.986038,999.985986,999.985986,999.986014,999.986131,999.986237,999.986422,999.986835,999.987205,999.987680,999.988243,999.989002,999.989779,999.990590,999.991462,999.992423,999.993353,999.994231,999.995135,999.996024,999.996886,999.997628,999.998352,999.999015,999.999629,1000.000134,1000.000577,1000.000967,1000.001347,1000.001711,1000.001985,1000.002259,1000.002494,1000.002675,1000.002844,1000.003053,1000.003161,1000.003268,1000.003386,1000.003458,1000.003481,1000.003559,1000.003645,1000.003651,1000.003729,1000.003768,1000.003726,1000.003769,1000.003791,1000.003772,1000.003808,1000.003850,1000.003856,1000.003879,1000.003851,1000.003815,1000.003930,1000.003933,1000.003916,1000.004001,1000.003972,1000.003966,1000.004113,1000.004081,1000.004125,1000.004058,1000.004030,0.000000,0.000000,0.000000,0.000000,0.000000,0.000000,0.000000,0.000000,0.000000,0.000000
0.000000,0.000000,0.000000,0.000000,0.000000,0.000000,0.000000,0.000000,0.000000,999.986612,999.986591,999.986750,999.986571,999.986640,999.986597,999.986563,999.986633,999.986530,999.986516,999.986479,999.986322,999.986316,999.986156,999.986191,999.985924,999.985730,999.985728,999.985659,999.985610,999.985622,999.985680,999.985704,999.985902,999.986257,999.986511,999.987048,999.987695,999.988481,999.989294,999.990196,999.991228,999.992268,999.993302,999.994326,999.995353,999.996338,999.997159,999.997966,999.998660,999.999340,999.999947,1000.000517,1000.001011,1000.001432,1000.001800,1000.002104,1000.002405,1000.002600,1000.002835,1000.003056,1000.003186,1000.003294,1000.003438,1000.003500,1000.003551,1000.003687,1000.003748,1000.003735,1000.003787,1000.003776,1000.003812,1000.003874,1000.003849,1000.003836,1000.003837,1000.003867,1000.003847,1000.003859,1000.003817,1000.003871,1000.003947,1000.003832,1000.003837,1000.003916,1000.003866,1000.003917,1000.003955,1000.003918,1000.003965,1000.004041,1000.004068,1000.004040,1000.004122,1000.004157,0.000000,0.000000,0.000000,0.000000,0.000000,0.000000,0.000000,0.000000,0.000000
0.000000,0.000000,0.000000,0.000000,0.000000,0.000000,0.000000,0.000000,0.000000,999.985855,999.986882,999.987039,999.986975,999.986940,999.986887,999.986886,999.986817,999.986699,999.986675,999.986565,999.986411,999.986333,999.986153,999.986042,999.985730,999.985696,999.985726,999.985405,999.985257,999.985107,999.985035,999.985004,999.985210,999.985405,999.985755,999.986340,999.986984,999.987765,999.988686,999.989762,999.990905,999.992057,999.993243,999.994391,999.995524,999.996513,999.997488,999.998401,999.999209,999.999885,1000.000420,1000.000953,1000.001437,1000.001832,1000.002218,1000.002514,1000.002788,1000.003024,1000.003190,1000.003366,1000.003501,1000.003551,1000.003708,1000.003770,1000.003795,1000.003873,1000.003908,1000.003927,1000.003967,1000.003968,1000.003908,1000.003962,1000.003940,1000.003942,1000.003928,1000.003890,1000.003887,1000.003904,1000.003822,1000.003809,1000.003854,1000.003871,1000.003806,1000.003860,1000.003824,1000.003885,1000.003927,1000.003855,1000.003880,1000.003921,1000.003900,1000.003989,1000.004064,1000.004414,0.000000,0.000000,0.000000,0.000000,0.000000,0.000000,0.000000,0.000000,0.000000
0.000000,0.000000,0.000000,0.000000,0.000000,0.000000,0.000000,0.000000,999.987422,999.987213,999.987260,999.987182,999.987245,999.987259,999.987191,999.987102,999.987090,999.986961,999.986853,999.986732,999.986544,999.986400,999.986204,999.986038,999.985728,999.985726,999.985289,999.984800,999.984713,999.984511,999.984462,999.984430,999.984466,999.984552,999.984910,999.985410,999.986095,999.986953,999.988026,999.989296,999.990574,999.991909,999.993302,999.994625,999.995824,999.996878,999.997943,999.998819,999.999655,1000.000400,1000.001058,1000.001577,1000.001979,1000.002362,1000.002723,1000.002970,1000.003190,1000.003435,1000.003595,1000.003696,1000.003847,1000.003875,1000.003998,1000.004069,1000.004104,1000.004064,1000.004083,1000.004080,1000.004092,1000.004116,1000.004041,1000.004020,1000.004052,1000.003998,1000.003981,1000.003961,1000.003907,1000.003921,1000.003932,1000.003843,1000.003770,1000.003838,1000.003831,1000.003787,1000.003759,1000.003728,1000.003821,1000.003882,1000.003825,1000.003845,1000.003850,1000.003880,1000.003957,1000.003966,1000.004073,0.000000,0.000000,0.000000,0.000000,0.000000,0.000000,0.000000,0.000000
0.000000,0.000000,0.000000,0.000000,0.000000,0.000000,0.000000,0.000000,999.986484,999.987829,999.987659,999.987652,999.987646,999.987562,999.987536,999.987431,999.987335,999.987154,999.987073,999.986858,999.986717,999.986497,999.986254,999.985986,999.985659,999.985405,999.984800,999.984675,999.984616,999.984142,999.983808,999.983524,999.983322,999.983443,999.983730,999.984257,999.985029,999.986052,999.987314,999.988671,999.990172,999.991705,999.993244,999.994750,999.996183,999.997483,999.998645,999.999541,1000.000283,1000.000992,1000.001610,1000.002143,1000.002580,1000.002969,1000.003250,1000.003523,1000.003694,1000.003855,1000.003995,1000.004097,1000.004208,1000.004279,1000.004270,1000.004304,1000.004353,1000.004345,1000.004333,1000.004291,1000.004252,1000.004267,1000.004219,1000.004146,1000.004120,1000.004060,1000.004027,1000.003984,1000.003931,1000.003870,1000.003904,1000.003910,1000.003779,1000.003761,1000.003807,1000.003781,1000.003802,1000.003731,1000.003669,1000.003727,1000.003790,1000.003757,1000.003822,1000.003843,1000.003844,1000.003875,1000.004299,0.000000,0.000000,0.000000,0.000000,0.000000,0.000000,0.000000,0.000000
0.000000,0.000000,0.000000,0.000000,0.000000,0.000000,0.000000,999.988702,999.988269,999.988165,999.987972,999.988100,999.988007,999.987890,999.987905,999.987710,999.987561,999.987421,999.987260,999.987105,999.986867,999.986582,999.986284,999.985986,999.985610,999.985257,999.984713,999.984616,999.983928,999.983029,999.982805,999.982470,999.982325,999.982377,999.982561,999.982930,999.983676,999.984813,999.986252,999.987903,999.989770,999.991731,999.993468,999.995121,999.996601,999.997954,999.999134,1000.000219,1000.001156,1000.001828,1000.002376,1000.002830,1000.003243,1000.003562,1000.003779,1000.004053,1000.004258,1000.004349,1000.004457,1000.004554,1000.004565,1000.004644,1000.004630,1000.004599,1000.004575,1000.004593,1000.004566,1000.004530,1000.004433,1000.004395,1000.004355,1000.004258,1000.004237,1000.004171,1000.004119,1000.004077,1000.003997,1000.003911,1000.003834,1000.003859,1000.003826,1000.003749,1000.003713,1000.003649,1000.003707,1000.003704,1000.003667,1000.003648,1000.003640,1000.003651,1000.003701,1000.003731,1000.003713,1000.003754,1000.003813,1000.003700,0.000000,0.000000,0.000000,0.000000,0.000000,0.000000,0.000000
0.000000,0.000000,0.000000,0.000000,0.000000,0.000000,0.000000,999.987530,999.988890,999.988605,999.988535,999.988550,999.988356,999.988248,999.988189,999.987994,999.987894,999.987736,999.987584,999.987306,999.987051,999.986730,999.986382,999.986014,999.985622,999.985107,999.984511,999.984142,999.983029,999.982595,999.982547,999.981710,999.981170,999.980796,999.980638,999.981001,999.982030,999.983332,999.985051,999.987027,999.989157,999.991463,999.993700,999.995751,999.997566,999.999032,1000.000108,1000.001115,1000.001978,1000.002625,1000.003205,1000.003624,1000.004009,1000.004266,1000.004470,1000.004632,1000.004778,1000.004848,1000.004944,1000.004994,1000.004979,1000.004955,1000.004977,1000.004967,1000.004869,1000.004819,1000.004766,1000.004689,1000.004648,1000.004571,1000.004488,1000.004388,1000.004307,1000.004225,1000.004137,1000.004066,1000.004056,1000.003993,1000.003847,1000.003788,1000.003813,1000.003732,1000.003710,1000.003646,1000.003617,1000.003596,1000.003589,1000.003575,1000.003603,1000.003547,1000.003563,1000.003581,1000.003613,1000.003617,1000.003581,1000.004102,0.000000,0.000000,0.000000,0.000000,0.000000,0.000000,0.000000
0.000000,0.000000,0.000000,0.000000,0.000000,0.000000,999.989976,999.989486,999.989331,999.989011,999.988993,999.988910,999.988729,999.988684,999.988543,999.988388,999.988258,999.988065,999.987822,999.987481,999.987245,999.986868,999.986590,999.986131,999.985680,999.985035,999.984462,999.983808,999.982805,999.982547,999.981477,999.979816,999.979280,999.978818,999.978653,999.979195,999.980012,999.981347,999.983525,999.986089,999.988814,999.991573,999.994054,999.996274,999.998227,1000.000010,1000.001346,1000.002291,1000.003026,1000.003633,1000.004146,1000.004507,1000.004809,1000.005022,1000.005200,1000.005305,1000.005350,1000.005414,1000.005408,1000.005421,1000.005427,1000.005370,1000.005298,1000.005267,1000.005195,1000.005102,1000.005029,1000.004893,1000.004793,1000.004746,1000.004633,1000.004523,1000.004436,1000.004331,1000.004234,1000.004095,1000.004019,1000.004001,1000.003891,1000.003780,1000.003733,1000.003643,1000.003667,1000.003610,1000.003543,1000.003544,1000.003496,1000.003408,1000.003526,1000.003502,1000.003457,1000.003468,1000.003435,1000.003522,1000.003444,1000.003467,1000.003408,0.000000,0.000000,0.000000,0.000000,0.000000,0.000000
0.000000,0.000000,0.000000,0.000000,0.000000,0.000000,999.988813,999.990135,999.989711,999.989583,999.989473,999.989288,999.989227,999.989079,999.988859,999.988749,999.988555,999.988285,999.988071,999.987818,999.987553,999.987189,999.986825,999.986237,999.985704,999.985004,999.984430,999.983524,999.982470,999.981710,999.979816,999.978742,999.978560,999.977278,999.976377,999.976220,999.976885,999.978613,999.981313,999.984771,999.988357,999.991922,999.995206,999.997860,999.999696,1000.001289,1000.002570,1000.003545,1000.004285,1000.004816,1000.005170,1000.005471,1000.005634,1000.005771,1000.005907,1000.005939,1000.005981,1000.006020,1000.005965,1000.005880,1000.005860,1000.005791,1000.005695,1000.005591,1000.005481,1000.005371,1000.005287,1000.005172,1000.004993,1000.004878,1000.004776,1000.004632,1000.004489,1000.004405,1000.004317,1000.004161,1000.004045,1000.003990,1000.003888,1000.003836,1000.003782,1000.003622,1000.003561,1000.003530,1000.003485,1000.003481,1000.003442,1000.003383,1000.003360,1000.003341,1000.003301,1000.003418,1000.003355,1000.003353,1000.003341,1000.003259,1000.003795,0.000000,0.000000,0.000000,0.000000,0.000000,0.000000
0.000000,0.000000,0.000000,0.000000,0.000000,999.991378,999.990799,999.990431,999.990092,999.990055,999.989877,999.989769,999.989587,999.989414,999.989298,999.989157,999.988924,999.988695,999.988482,999.988206,999.987832,999.987427,999.986992,999.986422,999.985902,999.985210,999.984466,999.983322,999.982325,999.981170,999.979280,999.978560,999.976682,999.973509,999.972400,999.972236,999.972761,999.975158,999.978706,999.982876,999.987721,999.992214,999.996088,999.999437,1000.001801,1000.003312,1000.004344,1000.005107,1000.005713,1000.006050,1000.006296,1000.006504,1000.006611,1000.006658,1000.006704,1000.006651,1000.006619,1000.006582,1000.006519,1000.006413,1000.006292,1000.006199,1000.006061,1000.005961,1000.005794,1000.005645,1000.005517,1000.005359,1000.005218,1000.005048,1000.004891,1000.004778,1000.004615,1000.004450,1000.004336,1000.004241,1000.004086,1000.003962,1000.003827,1000.003731,1000.003694,1000.003626,1000.003558,1000.003437,1000.003367,1000.003349,1000.003312,1000.003308,1000.003288,1000.003258,1000.003194,1000.003195,1000.003221,1000.003210,1000.003234,1000.003181,1000.003152,1000.002955,0.000000,0.000000,0.000000,0.000000,0.000000
0.000000,0.000000,0.000000,0.000000,0.000000,999.990135,999.991215,999.990802,999.990649,999.990451,999.990305,999.990139,999.990025,999.989877,999.989698,999.989531,999.989276,999.989088,999.988868,999.988537,999.988181,999.987816,999.987333,999.986835,999.986257,999.985405,999.984552,999.983443,999.982377,999.980796,999.978818,999.977278,999.973509,999.970851,999.969838,999.967822,999.968209,999.970982,999.975376,999.981898,999.988561,999.994189,999.998652,1000.001791,1000.003996,1000.005444,1000.006355,1000.006920,1000.007220,1000.007434,1000.007529,1000.007584,1000.007587,1000.007545,1000.007472,1000.007418,1000.007287,1000.007150,1000.007037,1000.006937,1000.006770,1000.006618,1000.006437,1000.006308,1000.006101,1000.005916,1000.005747,1000.005605,1000.005386,1000.005227,1000.005043,1000.004862,1000.004709,1000.004577,1000.004372,1000.004211,1000.004109,1000.003997,1000.003860,1000.003749,1000.003609,1000.003517,1000.003472,1000.003412,1000.003329,1000.003275,1000.003217,1000.003153,1000.003119,1000.003155,1000.003161,1000.003084,1000.003071,1000.003048,1000.003053,1000.003024,1000.002923,1000.003492,0.000000,0.000000,0.000000,0.000000,0.000000
0.000000,0.000000,0.000000,0.000000,999.992013,999.991736,999.991460,999.991096,999.991073,999.990863,999.990714,999.990622,999.990439,999.990276,999.990102,999.989943,999.989750,999.989545,999.989269,999.988884,999.988581,999.988211,999.987735,999.987205,999.986511,999.985755,999.984910,999.983730,999.982561,999.980638,999.978653,999.976377,999.972400,999.969838,999.965349,999.959422,999.957629,999.960218,999.967483,999.977773,999.988574,999.997535,1000.003056,1000.005827,1000.007322,1000.008162,1000.008653,1000.008880,1000.008897,1000.008897,1000.008848,1000.008709,1000.008579,1000.008441,1000.008273,1000.008143,1000.007995,1000.007790,1000.007622,1000.007427,1000.007254,1000.007058,1000.006832,1000.006651,1000.006454,1000.006229,1000.005983,1000.005818,1000.005613,1000.005386,1000.005190,1000.004995,1000.004784,1000.004600,1000.004463,1000.004287,1000.004085,1000.003946,1000.003821,1000.003713,1000.003578,1000.003457,1000.003372,1000.003303,1000.003199,1000.003138,1000.003144,1000.003101,1000.002981,1000.002987,1000.003025,1000.002956,1000.002965,1000.003021,1000.002918,1000.002985,1000.002917,1000.002810,1000.002800,0.000000,0.000000,0.000000,0.000000
0.000000,0.000000,0.000000,0.000000,999.990603,999.991598,999.991545,999.991610,999.991490,999.991268,999.991137,999.991021,999.990864,999.990745,999.990603,999.990355,999.990169,999.989960,999.989662,999.989394,999.989114,999.988714,999.988234,999.987680,999.987048,999.986340,999.985410,999.984257,999.982930,999.981001,999.979195,999.976220,999.972236,999.967822,999.959422,999.948490,999.944970,999.952033,999.963381,999.977819,999.993664,1000.003897,1000.008315,1000.010600,1000.011215,1000.011350,1000.011178,1000.010946,1000.010684,1000.010410,1000.010162,1000.009853,1000.009630,1000.009372,1000.009118,1000.008869,1000.008634,1000.008413,1000.008206,1000.007952,1000.007705,1000.007488,1000.007245,1000.006977,1000.006779,1000.006505,1000.006263,1000.005995,1000.005793,1000.005544,1000.005337,1000.005092,1000.004878,1000.004641,1000.004444,1000.004319,1000.004125,1000.003937,1000.003781,1000.003656,1000.003548,1000.003407,1000.003340,1000.003188,1000.003114,1000.003091,1000.002951,1000.002951,1000.002901,1000.002826,1000.002826,1000.002813,1000.002826,1000.002821,1000.002809,1000.002790,1000.002867,1000.002957,1000.003405,0.000000,0.000000,0.000000,0.000000
