0.000000,0.000000,0.000000,0.000000,0.000000,0.000000,0.000000,0.000000,0.000000,0.000000,0.000000,0.000000,0.000000,0.000000,0.000000,0.000000,0.000000,0.000000,0.000000,0.000000,0.000000,0.000000,0.000000,0.000000,0.000000,0.000000,0.000000,0.000000,0.000000,0.000000,0.000000,0.000000,0.000000,0.000000,0.000000,0.000000,0.000000,0.000000,0.000000,0.000000,0.000000,0.000000,0.000000,0.000000,0.000000,0.000000,0.000000,0.000000,0.000000,0.000000,0.000000,0.000000,0.000000,0.000000,0.000000,0.000000,0.000000,0.000000,0.000000,0.000000,0.000000,0.000000,0.000000,0.000000,0.000000,0.000000,0.000000,0.000000,0.000000,0.000000,0.000000,0.000000,0.000000,0.000000,0.000000,0.000000,0.000000,0.000000,0.000000,0.000000,0.000000,0.000000,0.000000,0.000000,0.000000,0.000000,0.000000,0.000000,0.000000,0.000000,0.000000,0.000000,0.000000,0.000000,0.000000,0.000000,0.000000,0.000000,0.000000,0.000000,0.000000,0.000000,0.000000
0.000000,0.000000,0.000000,0.000000,0.000000,0.000000,0.000000,0.000000,0.000000,0.000000,0.000000,0.000000,0.000000,0.000000,0.000000,0.000000,0.000000,0.000000,0.000000,0.000000,0.000000,0.000000,0.000000,0.000000,0.000000,0.000000,0.000000,0.000000,0.000000,0.000000,0.000000,0.000000,0.000000,0.000000,0.000000,0.000000,0.000000,0.000000,0.000000,0.000000,0.000000,0.000000,0.000000,0.000000,0.000000,0.000000,0.000000,0.000000,0.000000,0.000000,0.000000,1000.000073,0.000000,0.000000,0.000000,0.000000,0.000000,0.000000,0.000000,0.000000,0.000000,0.000000,0.000000,0.000000,0.000000,0.000000,0.000000,0.000000,0.000000,0.000000,0.000000,0.000000,0.000000,0.000000,0.000000,0.000000,0.000000,0.000000,0.000000,0.000000,0.000000,0.000000,0.000000,0.000000,0.000000,0.000000,0.000000,0.000000,0.000000,0.000000,0.000000,0.000000,0.000000,0.000000,0.000000,0.000000,0.000000,0.000000,0.000000,0.000000,0.000000,0.000000,0.000000
0.000000,0.000000,0.000000,0.000000,0.000000,0.000000,0.000000,0.000000,0.000000,0.000000,0.000000,0.000000,0.000000,0.000000,0.000000,0.000000,0.000000,0.000000,0.000000,0.000000,0.000000,0.000000,0.000000,0.000000,0.000000,0.000000,0.000000,0.000000,0.000000,0.000000,0.000000,0.000000,0.000000,0.000000,0.000000,0.000000,0.000000,0.000000,0.000000,0.000000,0.000000,0.000000,1000.000133,1000.000155,1000.000166,1000.000172,1000.000175,1000.000176,1000.000176,1000.000175,1000.000174,1000.000179,1000.000174,1000.000175,1000.000176,1000.000176,1000.000175,1000.000172,1000.000166,1000.000155,1000.000133,0.000000,0.000000,0.000000,0.000000,0.000000,0.000000,0.000000,0.000000,0.000000,0.000000,0.000000,0.000000,0.000000,0.000000,0.000000,0.000000,0.000000,0.000000,0.000000,0.000000,0.000000,0.000000,0.000000,0.000000,0.000000,0.000000,0.000000,0.000000,0.000000,0.000000,0.000000,0.000000,0.000000,0.000000,0.000000,0.000000,0.000000,0.000000,0.000000,0.000000,0.000000,0.000000
0.000000,0.000000,0.000000,0.000000,0.000000,0.000000,0.000000,0.000000,0.000000,0.000000,0.000000,0.000000,0.000000,0.000000,0.000000,0.000000,0.000000,0.000000,0.000000,0.000000,0.000000,0.000000,0.000000,0.000000,0.000000,0.000000,0.000000,0.000000,0.000000,0.000000,0.000000,0.000000,0.000000,0.000000,0.000000,0.000000,0.000000,1000.000128,1000.000160,1000.000186,1000.000206,1000.000223,1000.000239,1000.000253,1000.000263,1000.000271,1000.000275,1000.000277,1000.000278,1000.000278,1000.000278,1000.000279,1000.000278,1000.000278,1000.000278,1000.000277,1000.000275,1000.000271,1000.000263,1000.000253,1000.000239,1000.000223,1000.000206,1000.000186,1000.000160,1000.000128,0.000000,0.000000,0.000000,0.000000,0.000000,0.000000,0.000000,0.000000,0.000000,0.000000,0.000000,0.000000,0.000000,0.000000,0.000000,0.000000,0.000000,0.000000,0.000000,0.000000,0.000000,0.000000,0.000000,0.000000,0.000000,0.000000,0.000000,0.000000,0.000000,0.000000,0.000000,0.000000,0.000000,0.000000,0.000000,0.000000,0.000000
0.000000,0.000000,0.000000,0.000000,0.000000,0.000000,0.000000,0.000000,0.000000,0.000000,0.000000,0.000000,0.000000,0.000000,0.000000,0.000000,0.000000,0.000000,0.000000,0.000000,0.000000,0.000000,0.000000,0.000000,0.000000,0.000000,0.000000,0.000000,0.000000,0.000000,0.000000,0.000000,0.000000,0.000000,1000.000134,1000.000170,1000.000201,1000.000231,1000.000257,1000.000281,1000.000303,1000.000321,1000.000339,1000.000352,1000.000362,1000.000369,1000.000373,1000.000375,1000.000376,1000.000377,1000.000377,1000.000377,1000.000377,1000.000377,1000.000376,1000.000375,1000.000373,1000.000369,1000.000362,1000.000352,1000.000339,1000.000321,1000.000303,1000.000281,1000.000257,1000.000231,1000.000201,1000.000170,1000.000134,0.000000,0.000000,0.000000,0.000000,0.000000,0.000000,0.000000,0.000000,0.000000,0.000000,0.000000,0.000000,0.000000,0.000000,0.000000,0.000000,0.000000,0.000000,0.000000,0.000000,0.000000,0.000000,0.000000,0.000000,0.000000,0.000000,0.000000,0.000000,0.000000,0.000000,0.000000,0.000000,0.000000,0.000000
0.000000,0.000000,0.000000,0.000000,0.000000,0.000000,0.000000,0.000000,0.000000,0.000000,0.000000,0.000000,0.000000,0.000000,0.000000,0.000000,0.000000,0.000000,0.000000,0.000000,0.000000,0.000000,0.000000,0.000000,0.000000,0.000000,0.000000,0.000000,0.000000,0.000000,0.000000,0.000000,1000.000153,1000.000194,1000.000233,1000.000266,1000.000296,1000.000326,1000.000352,1000.000376,1000.000398,1000.000418,1000.000437,1000.000451,1000.000460,1000.000465,1000.000468,1000.000470,1000.000471,1000.000471,1000.000471,1000.000471,1000.000471,1000.000471,1000.000471,1000.000470,1000.000468,1000.000465,1000.000460,1000.000451,1000.000437,1000.000418,1000.000398,1000.000376,1000.000352,1000.000326,1000.000296,1000.000266,1000.000233,1000.000194,1000.000153,0.000000,0.000000,0.000000,0.000000,0.000000,0.000000,0.000000,0.000000,0.000000,0.000000,0.000000,0.000000,0.000000,0.000000,0.000000,0.000000,0.000000,0.000000,0.000000,0.000000,0.000000,0.000000,0.000000,0.000000,0.000000,0.000000,0.000000,0.000000,0.000000,0.000000,0.000000,0.000000
0.000000,0.000000,0.000000,0.000000,0.000000,0.000000,0.000000,0.000000,0.000000,0.000000,0.000000,0.000000,0.000000,0.000000,0.000000,0.000000,0.000000,0.000000,0.000000,0.000000,0.000000,0.000000,0.000000,0.000000,0.000000,0.000000,0.000000,0.000000,0.000000,0.000000,1000.000160,1000.000206,1000.000251,1000.000288,1000.000325,1000.000358,1000.000391,1000.000421,1000.000447,1000.000469,1000.000488,1000.000506,1000.000521,1000.000531,1000.000536,1000.000539,1000.000541,1000.000541,1000.000541,1000.000541,1000.000541,1000.000541,1000.000541,1000.000541,1000.000541,1000.000541,1000.000541,1000.000539,1000.000536,1000.000531,1000.000521,1000.000506,1000.000488,1000.000469,1000.000447,1000.000421,1000.000391,1000.000358,1000.000325,1000.000288,1000.000251,1000.000206,1000.000160,0.000000,0.000000,0.000000,0.000000,0.000000,0.000000,0.000000,0.000000,0.000000,0.000000,0.000000,0.000000,0.000000,0.000000,0.000000,0.000000,0.000000,0.000000,0.000000,0.000000,0.000000,0.000000,0.000000,0.000000,0.000000,0.000000,0.000000,0.000000,0.000000,0.000000
0.000000,0.000000,0.000000,0.000000,0.000000,0.000000,0.000000,0.000000,0.000000,0.000000,0.000000,0.000000,0.000000,0.000000,0.000000,0.000000,0.000000,0.000000,0.000000,0.000000,0.000000,0.000000,0.000000,0.000000,0.000000,0.000000,0.000000,0.000000,1000.000159,1000.000209,1000.000257,1000.000298,1000.000340,1000.000379,1000.000418,1000.000452,1000.000481,1000.000507,1000.000528,1000.000542,1000.000551,1000.000557,1000.000559,1000.000558,1000.000557,1000.000556,1000.000555,1000.000554,1000.000554,1000.000553,1000.000553,1000.000553,1000.000553,1000.000553,1000.000554,1000.000554,1000.000555,1000.000556,1000.000557,1000.000558,1000.000559,1000.000557,1000.000551,1000.000542,1000.000528,1000.000507,1000.000481,1000.000452,1000.000418,1000.000379,1000.000340,1000.000298,1000.000257,1000.000209,1000.000159,0.000000,0.000000,0.000000,0.000000,0.000000,0.000000,0.000000,0.000000,0.000000,0.000000,0.000000,0.000000,0.000000,0.000000,0.000000,0.000000,0.000000,0.000000,0.000000,0.000000,0.000000,0.000000,0.000000,0.000000,0.000000,0.000000,0.000000,0.000000
0.000000,0.000000,0.000000,0.000000,0.000000,0.000000,0.000000,0.000000,0.000000,0.000000,0.000000,0.000000,0.000000,0.000000,0.000000,0.000000,0.000000,0.000000,0.000000,0.000000,0.000000,0.000000,0.000000,0.000000,0.000000,0.000000,1000.000151,1000.000204,1000.000255,1000.000299,1000.000344,1000.000387,1000.000430,1000.000469,1000.000503,1000.000530,1000.000548,1000.000559,1000.000564,1000.000562,1000.000559,1000.000551,1000.000540,1000.000529,1000.000521,1000.000517,1000.000514,1000.000512,1000.000511,1000.000510,1000.000509,1000.000509,1000.000509,1000.000510,1000.000511,1000.000512,1000.000514,1000.000517,1000.000521,1000.000529,1000.000540,1000.000551,1000.000559,1000.000562,1000.000564,1000.000559,1000.000548,1000.000530,1000.000503,1000.000469,1000.000430,1000.000387,1000.000344,1000.000299,1000.000255,1000.000204,1000.000151,0.000000,0.000000,0.000000,0.000000,0.000000,0.000000,0.000000,0.000000,0.000000,0.000000,0.000000,0.000000,0.000000,0.000000,0.000000,0.000000,0.000000,0.000000,0.000000,0.000000,0.000000,0.000000,0.000000,0.000000,0.000000,0.000000
0.000000,0.000000,0.000000,0.000000,0.000000,0.000000,0.000000,0.000000,0.000000,0.000000,0.000000,0.000000,0.000000,0.000000,0.000000,0.000000,0.000000,0.000000,0.000000,0.000000,0.000000,0.000000,0.000000,0.000000,1000.000130,1000.000188,1000.000244,1000.000293,1000.000341,1000.000387,1000.000432,1000.000474,1000.000510,1000.000539,1000.000557,1000.000564,1000.000563,1000.000556,1000.000543,1000.000530,1000.000517,1000.000503,1000.000488,1000.000475,1000.000465,1000.000459,1000.000455,1000.000452,1000.000450,1000.000448,1000.000447,1000.000447,1000.000447,1000.000448,1000.000450,1000.000452,1000.000455,1000.000459,1000.000465,1000.000475,1000.000488,1000.000503,1000.000517,1000.000530,1000.000543,1000.000556,1000.000563,1000.000564,1000.000557,1000.000539,1000.000510,1000.000474,1000.000432,1000.000387,1000.000341,1000.000293,1000.000244,1000.000188,1000.000130,0.000000,0.000000,0.000000,0.000000,0.000000,0.000000,0.000000,0.000000,0.000000,0.000000,0.000000,0.000000,0.000000,0.000000,0.000000,0.000000,0.000000,0.000000,0.000000,0.000000,0.000000,0.000000,0.000000,0.000000
0.000000,0.000000,0.000000,0.000000,0.000000,0.000000,0.000000,0.000000,0.000000,0.000000,0.000000,0.000000,0.000000,0.000000,0.000000,0.000000,0.000000,0.000000,0.000000,0.000000,0.000000,0.000000,0.000000,1000.000157,1000.000221,1000.000275,1000.000328,1000.000379,1000.000428,1000.000473,1000.000511,1000.000542,1000.000560,1000.000566,1000.000560,1000.000546,1000.000529,1000.000510,1000.000492,1000.000474,1000.000459,1000.000445,1000.000432,1000.000420,1000.000410,1000.000403,1000.000397,1000.000393,1000.000390,1000.000388,1000.000387,1000.000387,1000.000387,1000.000388,1000.000390,1000.000393,1000.000397,1000.000403,1000.000410,1000.000420,1000.000432,1000.000445,1000.000459,1000.000474,1000.000492,1000.000510,1000.000529,1000.000546,1000.000560,1000.000566,1000.000560,1000.000542,1000.000511,1000.000473,1000.000428,1000.000379,1000.000328,1000.000275,1000.000221,1000.000157,0.000000,0.000000,0.000000,0.000000,0.000000,0.000000,0.000000,0.000000,0.000000,0.000000,0.000000,0.000000,0.000000,0.000000,0.000000,0.000000,0.000000,0.000000,0.000000,0.000000,0.000000,0.000000,0.000000
0.000000,0.000000,0.000000,0.000000,0.000000,0.000000,0.000000,0.000000,0.000000,0.000000,0.000000,0.000000,0.000000,0.000000,0.000000,0.000000,0.000000,0.000000,0.000000,0.000000,0.000000,1000.000116,1000.000181,1000.000245,1000.000302,1000.000358,1000.000414,1000.000464,1000.000507,1000.000540,1000.000560,1000.000566,1000.000560,1000.000542,1000.000520,1000.000497,1000.000474,1000.000454,1000.000436,1000.000419,1000.000403,1000.000389,1000.000376,1000.000365,1000.000356,1000.000348,1000.000341,1000.000337,1000.000333,1000.000331,1000.000329,1000.000329,1000.000329,1000.000331,1000.000333,1000.000337,1000.000341,1000.000348,1000.000356,1000.000365,1000.000376,1000.000389,1000.000403,1000.000419,1000.000436,1000.000454,1000.000474,1000.000497,1000.000520,1000.000542,1000.000560,1000.000566,1000.000560,1000.000540,1000.000507,1000.000464,1000.000414,1000.000358,1000.000302,1000.000245,1000.000181,1000.000116,0.000000,0.000000,0.000000,0.000000,0.000000,0.000000,0.000000,0.000000,0.000000,0.000000,0.000000,0.000000,0.000000,0.000000,0.000000,0.000000,0.000000,0.000000,0.000000,0.000000,0.000000
0.000000,0.000000,0.000000,0.000000,0.000000,0.000000,0.000000,0.000000,0.000000,0.000000,0.000000,0.000000,0.000000,0.000000,0.000000,0.000000,0.000000,0.000000,0.000000,0.000000,1000.000135,1000.000204,1000.000264,1000.000323,1000.000382,1000.000440,1000.000493,1000.000533,1000.000557,1000.000565,1000.000559,1000.000542,1000.000519,1000.000493,1000.000466,1000.000442,1000.000420,1000.000400,1000.000382,1000.000365,1000.000349,1000.000335,1000.000322,1000.000311,1000.000301,1000.000293,1000.000287,1000.000282,1000.000278,1000.000275,1000.000273,1000.000273,1000.000273,1000.000275,1000.000278,1000.000282,1000.000287,1000.000293,1000.000301,1000.000311,1000.000322,1000.000335,1000.000349,1000.000365,1000.000382,1000.000400,1000.000420,1000.000442,1000.000466,1000.000493,1000.000519,1000.000542,1000.000559,1000.000565,1000.000557,1000.000533,1000.000493,1000.000440,1000.000382,1000.000323,1000.000264,1000.000204,1000.000135,0.000000,0.000000,0.000000,0.000000,0.000000,0.000000,0.000000,0.000000,0.000000,0.000000,0.000000,0.000000,0.000000,0.000000,0.000000,0.000000,0.000000,0.000000,0.000000,0.000000
0.000000,0.000000,0.000000,0.000000,0.000000,0.000000,0.000000,0.000000,0.000000,0.000000,0.000000,0.000000,0.000000,0.000000,0.000000,0.000000,0.000000,0.000000,0.000000,1000.000150,1000.000221,1000.000283,1000.000342,1000.000402,1000.000459,1000.000511,1000.000548,1000.000564,1000.000560,1000.000543,1000.000519,1000.000492,1000.000464,1000.000438,1000.000413,1000.000390,1000.000368,1000.000348,1000.000329,1000.000312,1000.000296,1000.000282,1000.000270,1000.000258,1000.000249,1000.000240,1000.000234,1000.000228,1000.000224,1000.000221,1000.000219,1000.000219,1000.000219,1000.000221,1000.000224,1000.000228,1000.000234,1000.000240,1000.000249,1000.000258,1000.000270,1000.000282,1000.000296,1000.000312,1000.000329,1000.000348,1000.000368,1000.000390,1000.000413,1000.000438,1000.000464,1000.000492,1000.000519,1000.000543,1000.000560,1000.000564,1000.000548,1000.000511,1000.000459,1000.000402,1000.000342,1000.000283,1000.000221,1000.000150,0.000000,0.000000,0.000000,0.000000,0.000000,0.000000,0.000000,0.000000,0.000000,0.000000,0.000000,0.000000,0.000000,0.000000,0.000000,0.000000,0.000000,0.000000,0.000000
0.000000,0.000000,0.000000,0.000000,0.000000,0.000000,0.000000,0.000000,0.000000,0.000000,0.000000,0.000000,0.000000,0.000000,0.000000,0.000000,0.000000,0.000000,1000.000160,1000.000233,1000.000298,1000.000360,1000.000422,1000.000477,1000.000524,1000.000556,1000.000564,1000.000550,1000.000525,1000.000496,1000.000467,1000.000438,1000.000411,1000.000386,1000.000362,1000.000339,1000.000317,1000.000296,1000.000278,1000.000261,1000.000245,1000.000231,1000.000218,1000.000207,1000.000197,1000.000189,1000.000181,1000.000176,1000.000172,1000.000169,1000.000167,1000.000166,1000.000167,1000.000169,1000.000172,1000.000176,1000.000181,1000.000189,1000.000197,1000.000207,1000.000218,1000.000231,1000.000245,1000.000261,1000.000278,1000.000296,1000.000317,1000.000339,1000.000362,1000.000386,1000.000411,1000.000438,1000.000467,1000.000496,1000.000525,1000.000550,1000.000564,1000.000556,1000.000524,1000.000477,1000.000422,1000.000360,1000.000298,1000.000233,1000.000160,0.000000,0.000000,0.000000,0.000000,0.000000,0.000000,0.000000,0.000000,0.000000,0.000000,0.000000,0.000000,0.000000,0.000000,0.000000,0.000000,0.000000,0.000000
0.000000,0.000000,0.000000,0.000000,0.000000,0.000000,0.000000,0.000000,0.000000,0.000000,0.000000,0.000000,0.000000,0.000000,0.000000,0.000000,0.000000,1000.000165,1000.000241,1000.000307,1000.000373,1000.000438,1000.000495,1000.000538,1000.000562,1000.000563,1000.000542,1000.000510,1000.000476,1000.000444,1000.000415,1000.000388,1000.000361,1000.000336,1000.000311,1000.000288,1000.000267,1000.000247,1000.000228,1000.000211,1000.000195,1000.000181,1000.000168,1000.000157,1000.000147,1000.000138,1000.000131,1000.000125,1000.000121,1000.000118,1000.000116,1000.000115,1000.000116,1000.000118,1000.000121,1000.000125,1000.000131,1000.000138,1000.000147,1000.000157,1000.000168,1000.000181,1000.000195,1000.000211,1000.000228,1000.000247,1000.000267,1000.000288,1000.000311,1000.000336,1000.000361,1000.000388,1000.000415,1000.000444,1000.000476,1000.000510,1000.000542,1000.000563,1000.000562,1000.000538,1000.000495,1000.000438,1000.000373,1000.000307,1000.000241,1000.000165,0.000000,0.000000,0.000000,0.000000,0.000000,0.000000,0.000000,0.000000,0.000000,0.000000,0.000000,0.000000,0.000000,0.000000,0.000000,0.000000,0.000000
0.000000,0.000000,0.000000,0.000000,0.000000,0.000000,0.000000,0.000000,0.000000,0.000000,0.000000,0.000000,0.000000,0.000000,0.000000,0.000000,1000.000166,1000.000244,1000.000312,1000.000380,1000.000447,1000.000506,1000.000548,1000.000564,1000.000557,1000.000534,1000.000499,1000.000462,1000.000427,1000.000396,1000.000367,1000.000339,1000.000312,1000.000286,1000.000262,1000.000239,1000.000218,1000.000198,1000.000179,1000.000162,1000.000146,1000.000132,1000.000119,1000.000108,1000.000098,1000.000089,1000.000082,1000.000076,1000.000071,1000.000068,1000.000066,1000.000066,1000.000066,1000.000068,1000.000071,1000.000076,1000.000082,1000.000089,1000.000098,1000.000108,1000.000119,1000.000132,1000.000146,1000.000162,1000.000179,1000.000198,1000.000218,1000.000239,1000.000262,1000.000286,1000.000312,1000.000339,1000.000367,1000.000396,1000.000427,1000.000462,1000.000499,1000.000534,1000.000557,1000.000564,1000.000548,1000.000506,1000.000447,1000.000380,1000.000312,1000.000244,1000.000166,0.000000,0.000000,0.000000,0.000000,0.000000,0.000000,0.000000,0.000000,0.000000,0.000000,0.000000,0.000000,0.000000,0.000000,0.000000,0.000000
0.000000,0.000000,0.000000,0.000000,0.000000,0.000000,0.000000,0.000000,0.000000,0.000000,0.000000,0.000000,0.000000,0.000000,0.000000,1000.000165,1000.000244,1000.000314,1000.000383,1000.000452,1000.000511,1000.000553,1000.000564,1000.000549,1000.000521,1000.000486,1000.000449,1000.000414,1000.000381,1000.000350,1000.000320,1000.000291,1000.000264,1000.000239,1000.000215,1000.000192,1000.000170,1000.000150,1000.000132,1000.000115,1000.000099,1000.000085,1000.000072,1000.000060,1000.000050,1000.000041,1000.000034,1000.000028,1000.000023,1000.000020,1000.000018,1000.000018,1000.000018,1000.000020,1000.000023,1000.000028,1000.000034,1000.000041,1000.000050,1000.000060,1000.000072,1000.000085,1000.000099,1000.000115,1000.000132,1000.000150,1000.000170,1000.000192,1000.000215,1000.000239,1000.000264,1000.000291,1000.000320,1000.000350,1000.000381,1000.000414,1000.000449,1000.000486,1000.000521,1000.000549,1000.000564,1000.000553,1000.000511,1000.000452,1000.000383,1000.000314,1000.000244,1000.000165,0.000000,0.000000,0.000000,0.000000,0.000000,0.000000,0.000000,0.000000,0.000000,0.000000,0.000000,0.000000,0.000000,0.000000,0.000000
0.000000,0.000000,0.000000,0.000000,0.000000,0.000000,0.000000,0.000000,0.000000,0.000000,0.000000,0.000000,0.000000,0.000000,1000.000160,1000.000241,1000.000312,1000.000383,1000.000453,1000.000513,1000.000555,1000.000564,1000.000545,1000.000511,1000.000474,1000.000437,1000.000402,1000.000368,1000.000336,1000.000304,1000.000273,1000.000245,1000.000219,1000.000193,1000.000169,1000.000146,1000.000124,1000.000104,1000.000086,1000.000069,1000.000053,1000.000038,1000.000025,1000.000014,1000.000004,999.999995,999.999988,999.999982,999.999977,999.999974,999.999972,999.999971,999.999972,999.999974,999.999977,999.999982,999.999988,999.999995,1000.000004,1000.000014,1000.000025,1000.000038,1000.000053,1000.000069,1000.000086,1000.000104,1000.000124,1000.000146,1000.000169,1000.000193,1000.000219,1000.000245,1000.000273,1000.000304,1000.000336,1000.000368,1000.000402,1000.000437,1000.000474,1000.000511,1000.000545,1000.000564,1000.000555,1000.000513,1000.000453,1000.000383,1000.000312,1000.000241,1000.000160,0.000000,0.000000,0.000000,0.000000,0.000000,0.000000,0.000000,0.000000,0.000000,0.000000,0.000000,0.000000,0.000000,0.000000
0.000000,0.000000,0.000000,0.000000,0.000000,0.000000,0.000000,0.000000,0.000000,0.000000,0.000000,0.000000,0.000000,1000.000150,1000.000233,1000.000307,1000.000380,1000.000452,1000.000513,1000.000555,1000.000565,1000.000544,1000.000508,1000.000467,1000.000427,1000.000392,1000.000357,1000.000323,1000.000290,1000.000259,1000.000229,1000.000201,1000.000174,1000.000148,1000.000124,1000.000101,1000.000080,1000.000060,1000.000041,1000.000024,1000.000008,999.999994,999.999981,999.999969,999.999959,999.999950,999.999943,999.999937,999.999932,999.999929,999.999927,999.999926,999.999927,999.999929,999.999932,999.999937,999.999943,999.999950,999.999959,999.999969,999.999981,999.999994,1000.000008,1000.000024,1000.000041,1000.000060,1000.000080,1000.000101,1000.000124,1000.000148,1000.000174,1000.000201,1000.000229,1000.000259,1000.000290,1000.000323,1000.000357,1000.000392,1000.000427,1000.000467,1000.000508,1000.000544,1000.000565,1000.000555,1000.000513,1000.000452,1000.000380,1000.000307,1000.000233,1000.000150,0.000000,0.000000,0.000000,0.000000,0.000000,0.000000,0.000000,0.000000,0.000000,0.000000,0.000000,0.000000,0.000000
0.000000,0.000000,0.000000,0.000000,0.000000,0.000000,0.000000,0.000000,0.000000,0.000000,0.000000,0.000000,1000.000135,1000.000221,1000.000298,1000.000373,1000.000447,1000.000511,1000.000555,1000.000565,1000.000543,1000.000506,1000.000463,1000.000422,1000.000385,1000.000349,1000.000313,1000.000279,1000.000247,1000.000216,1000.000186,1000.000157,1000.000130,1000.000105,1000.000080,1000.000058,1000.000036,1000.000016,999.999998,999.999980,999.999965,999.999950,999.999937,999.999926,999.999915,999.999907,999.999899,999.999893,999.999888,999.999885,999.999883,999.999882,999.999883,999.999885,999.999888,999.999893,999.999899,999.999907,999.999915,999.999926,999.999937,999.999950,999.999965,999.999980,999.999998,1000.000016,1000.000036,1000.000058,1000.000080,1000.000105,1000.000130,1000.000157,1000.000186,1000.000216,1000.000247,1000.000279,1000.000313,1000.000349,1000.000385,1000.000422,1000.000463,1000.000506,1000.000543,1000.000565,1000.000555,1000.000511,1000.000447,1000.000373,1000.000298,1000.000221,1000.000135,0.000000,0.000000,0.000000,0.000000,0.000000,0.000000,0.000000,0.000000,0.000000,0.000000,0.000000,0.000000
0.000000,0.000000,0.000000,0.000000,0.000000,0.000000,0.000000,0.000000,0.000000,0.000000,0.000000,1000.000116,1000.000204,1000.000283,1000.000360,1000.000438,1000.000506,1000.000553,1000.000564,1000.000544,1000.000506,1000.000462,1000.000420,1000.000381,1000.000343,1000.000306,1000.000271,1000.000237,1000.000205,1000.000173,1000.000144,1000.000115,1000.000088,1000.000063,1000.000038,1000.000016,999.999994,999.999974,999.999956,999.999938,999.999923,999.999908,999.999895,999.999883,999.999873,999.999864,999.999857,999.999851,999.999846,999.999843,999.999841,999.999840,999.999841,999.999843,999.999846,999.999851,999.999857,999.999864,999.999873,999.999883,999.999895,999.999908,999.999923,999.999938,999.999956,999.999974,999.999994,1000.000016,1000.000038,1000.000063,1000.000088,1000.000115,1000.000144,1000.000173,1000.000205,1000.000237,1000.000271,1000.000306,1000.000343,1000.000381,1000.000420,1000.000462,1000.000506,1000.000544,1000.000564,1000.000553,1000.000506,1000.000438,1000.000360,1000.000283,1000.000204,1000.000116,0.000000,0.000000,0.000000,0.000000,0.000000,0.000000,0.000000,0.000000,0.000000,0.000000,0.000000
0.000000,0.000000,0.000000,0.000000,0.000000,0.000000,0.000000,0.000000,0.000000,0.000000,0.000000,1000.000181,1000.000264,1000.000342,1000.000422,1000.000495,1000.000548,1000.000564,1000.000545,1000.000508,1000.000463,1000.000420,1000.000380,1000.000341,1000.000302,1000.000265,1000.000230,1000.000196,1000.000164,1000.000133,1000.000103,1000.000075,1000.000048,1000.000022,999.999998,999.999975,999.999954,999.999934,999.999915,999.999898,999.999882,999.999867,999.999854,999.999843,999.999832,999.999824,999.999816,999.999810,999.999805,999.999802,999.999800,999.999799,999.999800,999.999802,999.999805,999.999810,999.999816,999.999824,999.999832,999.999843,999.999854,999.999867,999.999882,999.999898,999.999915,999.999934,999.999954,999.999975,999.999998,1000.000022,1000.000048,1000.000075,1000.000103,1000.000133,1000.000164,1000.000196,1000.000230,1000.000265,1000.000302,1000.000341,1000.000380,1000.000420,1000.000463,1000.000508,1000.000545,1000.000564,1000.000548,1000.000495,1000.000422,1000.000342,1000.000264,1000.000181,0.000000,0.000000,0.000000,0.000000,0.000000,0.000000,0.000000,0.000000,0.000000,0.000000,0.000000
0.000000,0.000000,0.000000,0.000000,0.000000,0.000000,0.000000,0.000000,0.000000,0.000000,1000.000157,1000.000245,1000.000323,1000.000402,1000.000477,1000.000538,1000.000564,1000.000549,1000.000511,1000.000467,1000.000422,1000.000381,1000.000341,1000.000301,1000.000262,1000.000226,1000.000191,1000.000157,1000.000124,1000.000093,1000.000064,1000.000035,1000.000008,999.999983,999.999958,999.999936,999.999914,999.999894,999.999876,999.999858,999.999843,999.999828,999.999815,999.999803,999.999793,999.999784,999.999777,999.999771,999.999766,999.999762,999.999760,999.999760,999.999760,999.999762,999.999766,999.999771,999.999777,999.999784,999.999793,999.999803,999.999815,999.999828,999.999843,999.999858,999.999876,999.999894,999.999914,999.999936,999.999958,999.999983,1000.000008,1000.000035,1000.000064,1000.000093,1000.000124,1000.000157,1000.000191,1000.000226,1000.000262,1000.000301,1000.000341,1000.000381,1000.000422,1000.000467,1000.000511,1000.000549,1000.000564,1000.000538,1000.000477,1000.000402,1000.000323,1000.000245,1000.000157,0.000000,0.000000,0.000000,0.000000,0.000000,0.000000,0.000000,0.000000,0.000000,0.000000
0.000000,0.000000,0.000000,0.000000,0.000000,0.000000,0.000000,0.000000,0.000000,1000.000130,1000.000221,1000.000302,1000.000382,1000.000459,1000.000524,1000.000562,1000.000557,1000.000521,1000.000474,1000.000427,1000.000385,1000.000343,1000.000302,1000.000262,1000.000225,1000.000188,1000.000153,1000.000119,1000.000086,1000.000055,1000.000026,999.999997,999.999970,999.999945,999.999921,999.999898,999.999876,999.999856,999.999838,999.999820,999.999805,999.999790,999.999777,999.999765,999.999755,999.999746,999.999739,999.999733,999.999728,999.999724,999.999722,999.999722,999.999722,999.999724,999.999728,999.999733,999.999739,999.999746,999.999755,999.999765,999.999777,999.999790,999.999805,999.999820,999.999838,999.999856,999.999876,999.999898,999.999921,999.999945,999.999970,999.999997,1000.000026,1000.000055,1000.000086,1000.000119,1000.000153,1000.000188,1000.000225,1000.000262,1000.000302,1000.000343,1000.000385,1000.000427,1000.000474,1000.000521,1000.000557,1000.000562,1000.000524,1000.000459,1000.000382,1000.000302,1000.000221,1000.000130,0.000000,0.000000,0.000000,0.000000,0.000000,0.000000,0.000000,0.000000,0.000000
0.000000,0.000000,0.000000,0.000000,0.000000,0.000000,0.000000,0.000000,0.000000,1000.000188,1000.000275,1000.000358,1000.000440,1000.000511,1000.000556,1000.000563,1000.000534,1000.000486,1000.000437,1000.000392,1000.000349,1000.000306,1000.000265,1000.000226,1000.000188,1000.000151,1000.000116,1000.000082,1000.000050,1000.000019,999.999989,999.999961,999.999934,999.999908,999.999884,999.999861,999.999840,999.999820,999.999801,999.999784,999.999768,999.999754,999.999741,999.999729,999.999719,999.999710,999.999702,999.999696,999.999691,999.999688,999.999686,999.999685,999.999686,999.999688,999.999691,999.999696,999.999702,999.999710,999.999719,999.999729,999.999741,999.999754,999.999768,999.999784,999.999801,999.999820,999.999840,999.999861,999.999884,999.999908,999.999934,999.999961,999.999989,1000.000019,1000.000050,1000.000082,1000.000116,1000.000151,1000.000188,1000.000226,1000.000265,1000.000306,1000.000349,1000.000392,1000.000437,1000.000486,1000.000534,1000.000563,1000.000556,1000.000511,1000.000440,1000.000358,1000.000275,1000.000188,0.000000,0.000000,0.000000,0.000000,0.000000,0.000000,0.000000,0.000000,0.000000
0.000000,0.000000,0.000000,0.000000,0.000000,0.000000,0.000000,0.000000,1000.000151,1000.000244,1000.000328,1000.000414,1000.000493,1000.000548,1000.000564,1000.000542,1000.000499,1000.000449,1000.000402,1000.000357,1000.000313,1000.000271,1000.000230,1000.000191,1000.000153,1000.000116,1000.000081,1000.000047,1000.000015,999.999983,999.999954,999.999925,999.999898,999.999873,999.999849,999.999826,999.999805,999.999785,999.999766,999.999749,999.999733,999.999718,999.999705,999.999694,999.999683,999.999674,999.999667,999.999661,999.999656,999.999652,999.999650,999.999650,999.999650,999.999652,999.999656,999.999661,999.999667,999.999674,999.999683,999.999694,999.999705,999.999718,999.999733,999.999749,999.999766,999.999785,999.999805,999.999826,999.999849,999.999873,999.999898,999.999925,999.999954,999.999983,1000.000015,1000.000047,1000.000081,1000.000116,1000.000153,1000.000191,1000.000230,1000.000271,1000.000313,1000.000357,1000.000402,1000.000449,1000.000499,1000.000542,1000.000564,1000.000548,1000.000493,1000.000414,1000.000328,1000.000244,1000.000151,0.000000,0.000000,0.000000,0.000000,0.000000,0.000000,0.000000,0.000000
0.000000,0.000000,0.000000,0.000000,0.000000,0.000000,0.000000,0.000000,1000.000204,1000.000293,1000.000379,1000.000464,1000.000533,1000.000564,1000.000550,1000.000510,1000.000462,1000.000414,1000.000368,1000.000323,1000.000279,1000.000237,1000.000196,1000.000157,1000.000119,1000.000082,1000.000047,1000.000013,999.999981,999.999950,999.999920,999.999892,999.999865,999.999839,999.999815,999.999792,999.999771,999.999751,999.999732,999.999715,999.999699,999.999685,999.999671,999.999660,999.999649,999.999641,999.999633,999.999627,999.999622,999.999619,999.999616,999.999616,999.999616,999.999619,999.999622,999.999627,999.999633,999.999641,999.999649,999.999660,999.999671,999.999685,999.999699,999.999715,999.999732,999.999751,999.999771,999.999792,999.999815,999.999839,999.999865,999.999892,999.999920,999.999950,999.999981,1000.000013,1000.000047,1000.000082,1000.000119,1000.000157,1000.000196,1000.000237,1000.000279,1000.000323,1000.000368,1000.000414,1000.000462,1000.000510,1000.000550,1000.000564,1000.000533,1000.000464,1000.000379,1000.000293,1000.000204,0.000000,0.000000,0.000000,0.000000,0.000000,0.000000,0.000000,0.000000
0.000000,0.000000,0.000000,0.000000,0.000000,0.000000,0.000000,1000.000159,1000.000255,1000.000341,1000.000428,1000.000507,1000.000557,1000.000560,1000.000525,1000.000476,1000.000427,1000.000381,1000.000336,1000.000290,1000.000247,1000.000205,1000.000164,1000.000124,1000.000086,1000.000050,1000.000015,999.999981,999.999948,999.999917,999.999887,999.999859,999.999832,999.999807,999.999783,999.999760,999.999738,999.999718,999.999700,999.999682,999.999667,999.999652,999.999639,999.999627,999.999617,999.999608,999.999600,999.999594,999.999589,999.999586,999.999584,999.999583,999.999584,999.999586,999.999589,999.999594,999.999600,999.999608,999.999617,999.999627,999.999639,999.999652,999.999667,999.999682,999.999700,999.999718,999.999738,999.999760,999.999783,999.999807,999.999832,999.999859,999.999887,999.999917,999.999948,999.999981,1000.000015,1000.000050,1000.000086,1000.000124,1000.000164,1000.000205,1000.000247,1000.000290,1000.000336,1000.000381,1000.000427,1000.000476,1000.000525,1000.000560,1000.000557,1000.000507,1000.000428,1000.000341,1000.000255,1000.000159,0.000000,0.000000,0.000000,0.000000,0.000000,0.000000,0.000000
0.000000,0.000000,0.000000,0.000000,0.000000,0.000000,0.000000,1000.000209,1000.000299,1000.000387,1000.000473,1000.000540,1000.000565,1000.000543,1000.000496,1000.000444,1000.000396,1000.000350,1000.000304,1000.000259,1000.000216,1000.000173,1000.000133,1000.000093,1000.000055,1000.000019,999.999983,999.999950,999.999917,999.999886,999.999856,999.999828,999.999801,999.999776,999.999751,999.999729,999.999707,999.999687,999.999669,999.999651,999.999636,999.999621,999.999608,999.999596,999.999586,999.999577,999.999569,999.999563,999.999558,999.999555,999.999553,999.999552,999.999553,999.999555,999.999558,999.999563,999.999569,999.999577,999.999586,999.999596,999.999608,999.999621,999.999636,999.999651,999.999669,999.999687,999.999707,999.999729,999.999751,999.999776,999.999801,999.999828,999.999856,999.999886,999.999917,999.999950,999.999983,1000.000019,1000.000055,1000.000093,1000.000133,1000.000173,1000.000216,1000.000259,1000.000304,1000.000350,1000.000396,1000.000444,1000.000496,1000.000543,1000.000565,1000.000540,1000.000473,1000.000387,1000.000299,1000.000209,0.000000,0.000000,0.000000,0.000000,0.000000,0.000000,0.000000
0.000000,0.000000,0.000000,0.000000,0.000000,0.000000,1000.000160,1000.000257,1000.000344,1000.000432,1000.000511,1000.000560,1000.000559,1000.000519,1000.000467,1000.000415,1000.000367,1000.000320,1000.000273,1000.000229,1000.000186,1000.000144,1000.000103,1000.000064,1000.000026,999.999989,999.999954,999.999920,999.999887,999.999856,999.999827,999.999798,999.999772,999.999746,999.999722,999.999699,999.999678,999.999658,999.999639,999.999622,999.999606,999.999591,999.999578,999.999567,999.999556,999.999547,999.999540,999.999534,999.999529,999.999525,999.999523,999.999522,999.999523,999.999525,999.999529,999.999534,999.999540,999.999547,999.999556,999.999567,999.999578,999.999591,999.999606,999.999622,999.999639,999.999658,999.999678,999.999699,999.999722,999.999746,999.999772,999.999798,999.999827,999.999856,999.999887,999.999920,999.999954,999.999989,1000.000026,1000.000064,1000.000103,1000.000144,1000.000186,1000.000229,1000.000273,1000.000320,1000.000367,1000.000415,1000.000467,1000.000519,1000.000559,1000.000560,1000.000511,1000.000432,1000.000344,1000.000257,1000.000160,0.000000,0.000000,0.000000,0.000000,0.000000,0.000000
0.000000,0.000000,0.000000,0.000000,0.000000,0.000000,1000.000206,1000.000298,1000.000387,1000.000474,1000.000542,1000.000566,1000.000542,1000.000492,1000.000438,1000.000388,1000.000339,1000.000291,1000.000245,1000.000201,1000.000157,1000.000115,1000.000075,1000.000035,999.999997,999.999961,999.999925,999.999892,999.999859,999.999828,999.999798,999.999770,999.999743,999.999718,999.999693,999.999671,999.999649,999.999629,999.999611,999.999593,999.999578,999.999563,999.999550,999.999538,999.999528,999.999519,999.999511,999.999505,999.999500,999.999497,999.999495,999.999494,999.999495,999.999497,999.999500,999.999505,999.999511,999.999519,999.999528,999.999538,999.999550,999.999563,999.999578,999.999593,999.999611,999.999629,999.999649,999.999671,999.999693,999.999718,999.999743,999.999770,999.999798,999.999828,999.999859,999.999892,999.999925,999.999961,999.999997,1000.000035,1000.000075,1000.000115,1000.000157,1000.000201,1000.000245,1000.000291,1000.000339,1000.000388,1000.000438,1000.000492,1000.000542,1000.000566,1000.000542,1000.000474,1000.000387,1000.000298,1000.000206,0.000000,0.000000,0.000000,0.000000,0.000000,0.000000
0.000000,0.000000,0.000000,0.000000,0.000000,1000.000153,1000.000251,1000.000340,1000.000430,1000.000510,1000.000560,1000.000560,1000.000519,1000.000464,1000.000411,1000.000361,1000.000312,1000.000264,1000.000219,1000.000174,1000.000130,1000.000088,1000.000048,1000.000008,999.999970,999.999934,999.999898,999.999865,999.999832,999.999801,999.999772,999.999743,999.999716,999.999691,999.999667,999.999644,999.999622,999.999602,999.999584,999.999567,999.999551,999.999536,999.999523,999.999511,999.999501,999.999492,999.999484,999.999478,999.999473,999.999470,999.999468,999.999467,999.999468,999.999470,999.999473,999.999478,999.999484,999.999492,999.999501,999.999511,999.999523,999.999536,999.999551,999.999567,999.999584,999.999602,999.999622,999.999644,999.999667,999.999691,999.999716,999.999743,999.999772,999.999801,999.999832,999.999865,999.999898,999.999934,999.999970,1000.000008,1000.000048,1000.000088,1000.000130,1000.000174,1000.000219,1000.000264,1000.000312,1000.000361,1000.000411,1000.000464,1000.000519,1000.000560,1000.000560,1000.000510,1000.000430,1000.000340,1000.000251,1000.000153,0.000000,0.000000,0.000000,0.000000,0.000000
0.000000,0.000000,0.000000,0.000000,0.000000,1000.000194,1000.000288,1000.000379,1000.000469,1000.000539,1000.000566,1000.000542,1000.000493,1000.000438,1000.000386,1000.000336,1000.000286,1000.000239,1000.000193,1000.000148,1000.000105,1000.000063,1000.000022,999.999983,999.999945,999.999908,999.999873,999.999839,999.999807,999.999776,999.999746,999.999718,999.999691,999.999665,999.999641,999.999618,999.999597,999.999577,999.999558,999.999541,999.999525,999.999511,999.999498,999.999486,999.999475,999.999466,999.999459,999.999453,999.999448,999.999444,999.999442,999.999442,999.999442,999.999444,999.999448,999.999453,999.999459,999.999466,999.999475,999.999486,999.999498,999.999511,999.999525,999.999541,999.999558,999.999577,999.999597,999.999618,999.999641,999.999665,999.999691,999.999718,999.999746,999.999776,999.999807,999.999839,999.999873,999.999908,999.999945,999.999983,1000.000022,1000.000063,1000.000105,1000.000148,1000.000193,1000.000239,1000.000286,1000.000336,1000.000386,1000.000438,1000.000493,1000.000542,1000.000566,1000.000539,1000.000469,1000.000379,1000.000288,1000.000194,0.000000,0.000000,0.000000,0.000000,0.000000
0.000000,0.000000,0.000000,0.000000,1000.000134,1000.000233,1000.000325,1000.000418,1000.000503,1000.000557,1000.000560,1000.000520,1000.000466,1000.000413,1000.000362,1000.000311,1000.000262,1000.000215,1000.000169,1000.000124,1000.000080,1000.000038,999.999998,999.999958,999.999921,999.999884,999.999849,999.999815,999.999783,999.999751,999.999722,999.999693,999.999667,999.999641,999.999617,999.999594,999.999573,999.999553,999.999534,999.999517,999.999501,999.999486,999.999473,999.999462,999.999451,999.999442,999.999435,999.999429,999.999424,999.999420,999.999418,999.999417,999.999418,999.999420,999.999424,999.999429,999.999435,999.999442,999.999451,999.999462,999.999473,999.999486,999.999501,999.999517,999.999534,999.999553,999.999573,999.999594,999.999617,999.999641,999.999667,999.999693,999.999722,999.999751,999.999783,999.999815,999.999849,999.999884,999.999921,999.999958,999.999998,1000.000038,1000.000080,1000.000124,1000.000169,1000.000215,1000.000262,1000.000311,1000.000362,1000.000413,1000.000466,1000.000520,1000.000560,1000.000557,1000.000503,1000.000418,1000.000325,1000.000233,1000.000134,0.000000,0.000000,0.000000,0.000000
0.000000,0.000000,0.000000,0.000000,1000.000170,1000.000266,1000.000358,1000.000452,1000.000530,1000.000564,1000.000546,1000.000497,1000.000442,1000.000390,1000.000339,1000.000288,1000.000239,1000.000192,1000.000146,1000.000101,1000.000058,1000.000016,999.999975,999.999936,999.999898,999.999861,999.999826,999.999792,999.999760,999.999729,999.999699,999.999671,999.999644,999.999618,999.999594,999.999571,999.999550,999.999530,999.999511,999.999494,999.999478,999.999464,999.999451,999.999439,999.999428,999.999420,999.999412,999.999406,999.999401,999.999397,999.999395,999.999395,999.999395,999.999397,999.999401,999.999406,999.999412,999.999420,999.999428,999.999439,999.999451,999.999464,999.999478,999.999494,999.999511,999.999530,999.999550,999.999571,999.999594,999.999618,999.999644,999.999671,999.999699,999.999729,999.999760,999.999792,999.999826,999.999861,999.999898,999.999936,999.999975,1000.000016,1000.000058,1000.000101,1000.000146,1000.000192,1000.000239,1000.000288,1000.000339,1000.000390,1000.000442,1000.000497,1000.000546,1000.000564,1000.000530,1000.000452,1000.000358,1000.000266,1000.000170,0.000000,0.000000,0.000000,0.000000
