0.000000,0.000000,0.000000,0.000000,0.000000,0.000000,0.000000,0.000000,0.000000,0.000000,0.000000,0.000000,0.000000,0.000000,0.000000,0.000000,0.000000,0.000000,0.000000,0.000000,0.000000,0.000000,0.000000,0.000000,0.000000,0.000000,0.000000,0.000000,0.000000,0.000000,0.000000,0.000000,0.000000,0.000000,0.000000,0.000000,0.000000,0.000000,0.000000,0.000000,0.000000,0.000000,0.000000,0.000000,0.000000,0.000000,0.000000,0.000000,0.000000,0.000000,0.000000,0.000000,0.000000,0.000000,0.000000,0.000000,0.000000,0.000000,0.000000,0.000000,0.000000,0.000000,0.000000,0.000000,0.000000,0.000000,0.000000,0.000000,0.000000,0.000000,0.000000,0.000000,0.000000,0.000000,0.000000,0.000000,0.000000,0.000000,0.000000,0.000000,0.000000,0.000000,0.000000,0.000000,0.000000,0.000000,0.000000,0.000000,0.000000,0.000000,0.000000,0.000000,0.000000,0.000000,0.000000,0.000000,0.000000,0.000000,0.000000,0.000000,0.000000,0.000000,0.000000
0.000000,0.000000,0.000000,0.000000,0.000000,0.000000,0.000000,0.000000,0.000000,0.000000,0.000000,0.000000,0.000000,0.000000,0.000000,0.000000,0.000000,0.000000,0.000000,0.000000,0.000000,0.000000,0.000000,0.000000,0.000000,0.000000,0.000000,0.000000,0.000000,0.000000,0.000000,0.000000,0.000000,0.000000,0.000000,0.000000,0.000000,0.000000,0.000000,0.000000,0.000000,0.000000,0.000000,0.000000,0.000000,0.000000,0.000000,0.000000,0.000000,0.000000,0.000000,1000.000058,0.000000,0.000000,0.000000,0.000000,0.000000,0.000000,0.000000,0.000000,0.000000,0.000000,0.000000,0.000000,0.000000,0.000000,0.000000,0.000000,0.000000,0.000000,0.000000,0.000000,0.000000,0.000000,0.000000,0.000000,0.000000,0.000000,0.000000,0.000000,0.000000,0.000000,0.000000,0.000000,0.000000,0.000000,0.000000,0.000000,0.000000,0.000000,0.000000,0.000000,0.000000,0.000000,0.000000,0.000000,0.000000,0.000000,0.000000,0.000000,0.000000,0.000000,0.000000
0.000000,0.000000,0.000000,0.000000,0.000000,0.000000,0.000000,0.000000,0.000000,0.000000,0.000000,0.000000,0.000000,0.000000,0.000000,0.000000,0.000000,0.000000,0.000000,0.000000,0.000000,0.000000,0.000000,0.000000,0.000000,0.000000,0.000000,0.000000,0.000000,0.000000,0.000000,0.000000,0.000000,0.000000,0.000000,0.000000,0.000000,0.000000,0.000000,0.000000,0.000000,0.000000,1000.000106,1000.000124,1000.000133,1000.000138,1000.000140,1000.000141,1000.000141,1000.000140,1000.000140,1000.000144,1000.000140,1000.000140,1000.000141,1000.000141,1000.000140,1000.000138,1000.000133,1000.000124,1000.000106,0.000000,0.000000,0.000000,0.000000,0.000000,0.000000,0.000000,0.000000,0.000000,0.000000,0.000000,0.000000,0.000000,0.000000,0.000000,0.000000,0.000000,0.000000,0.000000,0.000000,0.000000,0.000000,0.000000,0.000000,0.000000,0.000000,0.000000,0.000000,0.000000,0.000000,0.000000,0.000000,0.000000,0.000000,0.000000,0.000000,0.000000,0.000000,0.000000,0.000000,0.000000,0.000000
0.000000,0.000000,0.000000,0.000000,0.000000,0.000000,0.000000,0.000000,0.000000,0.000000,0.000000,0.000000,0.000000,0.000000,0.000000,0.000000,0.000000,0.000000,0.000000,0.000000,0.000000,0.000000,0.000000,0.000000,0.000000,0.000000,0.000000,0.000000,0.000000,0.000000,0.000000,0.000000,0.000000,0.000000,0.000000,0.000000,0.000000,1000.000103,1000.000128,1000.000149,1000.000165,1000.000179,1000.000191,1000.000202,1000.000211,1000.000217,1000.000220,1000.000222,1000.000222,1000.000223,1000.000222,1000.000223,1000.000222,1000.000223,1000.000222,1000.000222,1000.000220,1000.000217,1000.000211,1000.000202,1000.000191,1000.000179,1000.000165,1000.000149,1000.000128,1000.000103,0.000000,0.000000,0.000000,0.000000,0.000000,0.000000,0.000000,0.000000,0.000000,0.000000,0.000000,0.000000,0.000000,0.000000,0.000000,0.000000,0.000000,0.000000,0.000000,0.000000,0.000000,0.000000,0.000000,0.000000,0.000000,0.000000,0.000000,0.000000,0.000000,0.000000,0.000000,0.000000,0.000000,0.000000,0.000000,0.000000,0.000000
0.000000,0.000000,0.000000,0.000000,0.000000,0.000000,0.000000,0.000000,0.000000,0.000000,0.000000,0.000000,0.000000,0.000000,0.000000,0.000000,0.000000,0.000000,0.000000,0.000000,0.000000,0.000000,0.000000,0.000000,0.000000,0.000000,0.000000,0.000000,0.000000,0.000000,0.000000,0.000000,0.000000,0.000000,1000.000107,1000.000136,1000.000161,1000.000185,1000.000206,1000.000225,1000.000242,1000.000257,1000.000271,1000.000282,1000.000290,1000.000295,1000.000299,1000.000300,1000.000301,1000.000302,1000.000302,1000.000302,1000.000302,1000.000302,1000.000301,1000.000300,1000.000299,1000.000295,1000.000290,1000.000282,1000.000271,1000.000257,1000.000242,1000.000225,1000.000206,1000.000185,1000.000161,1000.000136,1000.000107,0.000000,0.000000,0.000000,0.000000,0.000000,0.000000,0.000000,0.000000,0.000000,0.000000,0.000000,0.000000,0.000000,0.000000,0.000000,0.000000,0.000000,0.000000,0.000000,0.000000,0.000000,0.000000,0.000000,0.000000,0.000000,0.000000,0.000000,0.000000,0.000000,0.000000,0.000000,0.000000,0.000000,0.000000
0.000000,0.000000,0.000000,0.000000,0.000000,0.000000,0.000000,0.000000,0.000000,0.000000,0.000000,0.000000,0.000000,0.000000,0.000000,0.000000,0.000000,0.000000,0.000000,0.000000,0.000000,0.000000,0.000000,0.000000,0.000000,0.000000,0.000000,0.000000,0.000000,0.000000,0.000000,0.000000,1000.000122,1000.000155,1000.000187,1000.000213,1000.000237,1000.000261,1000.000282,1000.000301,1000.000318,1000.000335,1000.000350,1000.000362,1000.000369,1000.000373,1000.000375,1000.000377,1000.000377,1000.000378,1000.000378,1000.000378,1000.000378,1000.000378,1000.000377,1000.000377,1000.000375,1000.000373,1000.000369,1000.000362,1000.000350,1000.000335,1000.000318,1000.000301,1000.000282,1000.000261,1000.000237,1000.000213,1000.000187,1000.000155,1000.000122,0.000000,0.000000,0.000000,0.000000,0.000000,0.000000,0.000000,0.000000,0.000000,0.000000,0.000000,0.000000,0.000000,0.000000,0.000000,0.000000,0.000000,0.000000,0.000000,0.000000,0.000000,0.000000,0.000000,0.000000,0.000000,0.000000,0.000000,0.000000,0.000000,0.000000,0.000000,0.000000
0.000000,0.000000,0.000000,0.000000,0.000000,0.000000,0.000000,0.000000,0.000000,0.000000,0.000000,0.000000,0.000000,0.000000,0.000000,0.000000,0.000000,0.000000,0.000000,0.000000,0.000000,0.000000,0.000000,0.000000,0.000000,0.000000,0.000000,0.000000,0.000000,0.000000,1000.000128,1000.000165,1000.000201,1000.000231,1000.000260,1000.000287,1000.000313,1000.000337,1000.000358,1000.000376,1000.000392,1000.000406,1000.000419,1000.000427,1000.000431,1000.000434,1000.000435,1000.000435,1000.000435,1000.000435,1000.000435,1000.000435,1000.000435,1000.000435,1000.000435,1000.000435,1000.000435,1000.000434,1000.000431,1000.000427,1000.000419,1000.000406,1000.000392,1000.000376,1000.000358,1000.000337,1000.000313,1000.000287,1000.000260,1000.000231,1000.000201,1000.000165,1000.000128,0.000000,0.000000,0.000000,0.000000,0.000000,0.000000,0.000000,0.000000,0.000000,0.000000,0.000000,0.000000,0.000000,0.000000,0.000000,0.000000,0.000000,0.000000,0.000000,0.000000,0.000000,0.000000,0.000000,0.000000,0.000000,0.000000,0.000000,0.000000,0.000000,0.000000
0.000000,0.000000,0.000000,0.000000,0.000000,0.000000,0.000000,0.000000,0.000000,0.000000,0.000000,0.000000,0.000000,0.000000,0.000000,0.000000,0.000000,0.000000,0.000000,0.000000,0.000000,0.000000,0.000000,0.000000,0.000000,0.000000,0.000000,0.000000,1000.000127,1000.000167,1000.000205,1000.000239,1000.000272,1000.000304,1000.000334,1000.000362,1000.000386,1000.000407,1000.000424,1000.000436,1000.000443,1000.000448,1000.000450,1000.000449,1000.000447,1000.000447,1000.000446,1000.000446,1000.000445,1000.000445,1000.000444,1000.000444,1000.000444,1000.000445,1000.000445,1000.000446,1000.000446,1000.000447,1000.000447,1000.000449,1000.000450,1000.000448,1000.000443,1000.000436,1000.000424,1000.000407,1000.000386,1000.000362,1000.000334,1000.000304,1000.000272,1000.000239,1000.000205,1000.000167,1000.000127,0.000000,0.000000,0.000000,0.000000,0.000000,0.000000,0.000000,0.000000,0.000000,0.000000,0.000000,0.000000,0.000000,0.000000,0.000000,0.000000,0.000000,0.000000,0.000000,0.000000,0.000000,0.000000,0.000000,0.000000,0.000000,0.000000,0.000000,0.000000
0.000000,0.000000,0.000000,0.000000,0.000000,0.000000,0.000000,0.000000,0.000000,0.000000,0.000000,0.000000,0.000000,0.000000,0.000000,0.000000,0.000000,0.000000,0.000000,0.000000,0.000000,0.000000,0.000000,0.000000,0.000000,0.000000,1000.000121,1000.000164,1000.000204,1000.000240,1000.000275,1000.000310,1000.000344,1000.000376,1000.000404,1000.000426,1000.000440,1000.000450,1000.000453,1000.000452,1000.000449,1000.000443,1000.000433,1000.000424,1000.000418,1000.000414,1000.000412,1000.000411,1000.000409,1000.000409,1000.000408,1000.000408,1000.000408,1000.000409,1000.000409,1000.000411,1000.000412,1000.000414,1000.000418,1000.000424,1000.000433,1000.000443,1000.000449,1000.000452,1000.000453,1000.000450,1000.000440,1000.000426,1000.000404,1000.000376,1000.000344,1000.000310,1000.000275,1000.000240,1000.000204,1000.000164,1000.000121,0.000000,0.000000,0.000000,0.000000,0.000000,0.000000,0.000000,0.000000,0.000000,0.000000,0.000000,0.000000,0.000000,0.000000,0.000000,0.000000,0.000000,0.000000,0.000000,0.000000,0.000000,0.000000,0.000000,0.000000,0.000000,0.000000
0.000000,0.000000,0.000000,0.000000,0.000000,0.000000,0.000000,0.000000,0.000000,0.000000,0.000000,0.000000,0.000000,0.000000,0.000000,0.000000,0.000000,0.000000,0.000000,0.000000,0.000000,0.000000,0.000000,0.000000,1000.000104,1000.000151,1000.000196,1000.000234,1000.000273,1000.000310,1000.000346,1000.000380,1000.000410,1000.000433,1000.000448,1000.000454,1000.000452,1000.000446,1000.000436,1000.000425,1000.000414,1000.000403,1000.000391,1000.000380,1000.000373,1000.000368,1000.000364,1000.000362,1000.000360,1000.000359,1000.000358,1000.000358,1000.000358,1000.000359,1000.000360,1000.000362,1000.000364,1000.000368,1000.000373,1000.000380,1000.000391,1000.000403,1000.000414,1000.000425,1000.000436,1000.000446,1000.000452,1000.000454,1000.000448,1000.000433,1000.000410,1000.000380,1000.000346,1000.000310,1000.000273,1000.000234,1000.000196,1000.000151,1000.000104,0.000000,0.000000,0.000000,0.000000,0.000000,0.000000,0.000000,0.000000,0.000000,0.000000,0.000000,0.000000,0.000000,0.000000,0.000000,0.000000,0.000000,0.000000,0.000000,0.000000,0.000000,0.000000,0.000000,0.000000
0.000000,0.000000,0.000000,0.000000,0.000000,0.000000,0.000000,0.000000,0.000000,0.000000,0.000000,0.000000,0.000000,0.000000,0.000000,0.000000,0.000000,0.000000,0.000000,0.000000,0.000000,0.000000,0.000000,1000.000125,1000.000177,1000.000220,1000.000263,1000.000303,1000.000343,1000.000379,1000.000410,1000.000435,1000.000450,1000.000455,1000.000450,1000.000438,1000.000424,1000.000409,1000.000394,1000.000380,1000.000367,1000.000356,1000.000346,1000.000336,1000.000328,1000.000323,1000.000318,1000.000315,1000.000313,1000.000311,1000.000310,1000.000310,1000.000310,1000.000311,1000.000313,1000.000315,1000.000318,1000.000323,1000.000328,1000.000336,1000.000346,1000.000356,1000.000367,1000.000380,1000.000394,1000.000409,1000.000424,1000.000438,1000.000450,1000.000455,1000.000450,1000.000435,1000.000410,1000.000379,1000.000343,1000.000303,1000.000263,1000.000220,1000.000177,1000.000125,0.000000,0.000000,0.000000,0.000000,0.000000,0.000000,0.000000,0.000000,0.000000,0.000000,0.000000,0.000000,0.000000,0.000000,0.000000,0.000000,0.000000,0.000000,0.000000,0.000000,0.000000,0.000000,0.000000
0.000000,0.000000,0.000000,0.000000,0.000000,0.000000,0.000000,0.000000,0.000000,0.000000,0.000000,0.000000,0.000000,0.000000,0.000000,0.000000,0.000000,0.000000,0.000000,0.000000,0.000000,1000.000093,1000.000145,1000.000196,1000.000242,1000.000286,1000.000331,1000.000372,1000.000407,1000.000434,1000.000450,1000.000455,1000.000450,1000.000435,1000.000417,1000.000398,1000.000380,1000.000364,1000.000349,1000.000335,1000.000323,1000.000312,1000.000301,1000.000292,1000.000285,1000.000278,1000.000273,1000.000270,1000.000267,1000.000265,1000.000264,1000.000263,1000.000264,1000.000265,1000.000267,1000.000270,1000.000273,1000.000278,1000.000285,1000.000292,1000.000301,1000.000312,1000.000323,1000.000335,1000.000349,1000.000364,1000.000380,1000.000398,1000.000417,1000.000435,1000.000450,1000.000455,1000.000450,1000.000434,1000.000407,1000.000372,1000.000331,1000.000286,1000.000242,1000.000196,1000.000145,1000.000093,0.000000,0.000000,0.000000,0.000000,0.000000,0.000000,0.000000,0.000000,0.000000,0.000000,0.000000,0.000000,0.000000,0.000000,0.000000,0.000000,0.000000,0.000000,0.000000,0.000000,0.000000
0.000000,0.000000,0.000000,0.000000,0.000000,0.000000,0.000000,0.000000,0.000000,0.000000,0.000000,0.000000,0.000000,0.000000,0.000000,0.000000,0.000000,0.000000,0.000000,0.000000,1000.000108,1000.000164,1000.000211,1000.000258,1000.000305,1000.000353,1000.000395,1000.000428,1000.000448,1000.000455,1000.000450,1000.000435,1000.000416,1000.000395,1000.000373,1000.000354,1000.000336,1000.000321,1000.000306,1000.000292,1000.000280,1000.000268,1000.000258,1000.000249,1000.000241,1000.000235,1000.000230,1000.000226,1000.000222,1000.000220,1000.000219,1000.000219,1000.000219,1000.000220,1000.000222,1000.000226,1000.000230,1000.000235,1000.000241,1000.000249,1000.000258,1000.000268,1000.000280,1000.000292,1000.000306,1000.000321,1000.000336,1000.000354,1000.000373,1000.000395,1000.000416,1000.000435,1000.000450,1000.000455,1000.000448,1000.000428,1000.000395,1000.000353,1000.000305,1000.000258,1000.000211,1000.000164,1000.000108,0.000000,0.000000,0.000000,0.000000,0.000000,0.000000,0.000000,0.000000,0.000000,0.000000,0.000000,0.000000,0.000000,0.000000,0.000000,0.000000,0.000000,0.000000,0.000000,0.000000
0.000000,0.000000,0.000000,0.000000,0.000000,0.000000,0.000000,0.000000,0.000000,0.000000,0.000000,0.000000,0.000000,0.000000,0.000000,0.000000,0.000000,0.000000,0.000000,1000.000120,1000.000177,1000.000226,1000.000274,1000.000322,1000.000368,1000.000410,1000.000441,1000.000453,1000.000450,1000.000436,1000.000416,1000.000394,1000.000372,1000.000350,1000.000331,1000.000312,1000.000295,1000.000279,1000.000264,1000.000250,1000.000237,1000.000226,1000.000216,1000.000207,1000.000199,1000.000192,1000.000187,1000.000182,1000.000179,1000.000177,1000.000176,1000.000175,1000.000176,1000.000177,1000.000179,1000.000182,1000.000187,1000.000192,1000.000199,1000.000207,1000.000216,1000.000226,1000.000237,1000.000250,1000.000264,1000.000279,1000.000295,1000.000312,1000.000331,1000.000350,1000.000372,1000.000394,1000.000416,1000.000436,1000.000450,1000.000453,1000.000441,1000.000410,1000.000368,1000.000322,1000.000274,1000.000226,1000.000177,1000.000120,0.000000,0.000000,0.000000,0.000000,0.000000,0.000000,0.000000,0.000000,0.000000,0.000000,0.000000,0.000000,0.000000,0.000000,0.000000,0.000000,0.000000,0.000000,0.000000
0.000000,0.000000,0.000000,0.000000,0.000000,0.000000,0.000000,0.000000,0.000000,0.000000,0.000000,0.000000,0.000000,0.000000,0.000000,0.000000,0.000000,0.000000,1000.000128,1000.000187,1000.000238,1000.000288,1000.000338,1000.000383,1000.000421,1000.000447,1000.000454,1000.000441,1000.000421,1000.000397,1000.000373,1000.000351,1000.000329,1000.000309,1000.000290,1000.000271,1000.000254,1000.000237,1000.000222,1000.000209,1000.000196,1000.000185,1000.000175,1000.000166,1000.000158,1000.000151,1000.000145,1000.000141,1000.000137,1000.000135,1000.000133,1000.000133,1000.000133,1000.000135,1000.000137,1000.000141,1000.000145,1000.000151,1000.000158,1000.000166,1000.000175,1000.000185,1000.000196,1000.000209,1000.000222,1000.000237,1000.000254,1000.000271,1000.000290,1000.000309,1000.000329,1000.000351,1000.000373,1000.000397,1000.000421,1000.000441,1000.000454,1000.000447,1000.000421,1000.000383,1000.000338,1000.000288,1000.000238,1000.000187,1000.000128,0.000000,0.000000,0.000000,0.000000,0.000000,0.000000,0.000000,0.000000,0.000000,0.000000,0.000000,0.000000,0.000000,0.000000,0.000000,0.000000,0.000000,0.000000
0.000000,0.000000,0.000000,0.000000,0.000000,0.000000,0.000000,0.000000,0.000000,0.000000,0.000000,0.000000,0.000000,0.000000,0.000000,0.000000,0.000000,1000.000132,1000.000193,1000.000246,1000.000299,1000.000351,1000.000398,1000.000432,1000.000452,1000.000453,1000.000435,1000.000409,1000.000381,1000.000356,1000.000333,1000.000311,1000.000289,1000.000269,1000.000249,1000.000231,1000.000213,1000.000197,1000.000183,1000.000169,1000.000156,1000.000145,1000.000134,1000.000125,1000.000117,1000.000110,1000.000105,1000.000100,1000.000097,1000.000094,1000.000093,1000.000092,1000.000093,1000.000094,1000.000097,1000.000100,1000.000105,1000.000110,1000.000117,1000.000125,1000.000134,1000.000145,1000.000156,1000.000169,1000.000183,1000.000197,1000.000213,1000.000231,1000.000249,1000.000269,1000.000289,1000.000311,1000.000333,1000.000356,1000.000381,1000.000409,1000.000435,1000.000453,1000.000452,1000.000432,1000.000398,1000.000351,1000.000299,1000.000246,1000.000193,1000.000132,0.000000,0.000000,0.000000,0.000000,0.000000,0.000000,0.000000,0.000000,0.000000,0.000000,0.000000,0.000000,0.000000,0.000000,0.000000,0.000000,0.000000
0.000000,0.000000,0.000000,0.000000,0.000000,0.000000,0.000000,0.000000,0.000000,0.000000,0.000000,0.000000,0.000000,0.000000,0.000000,0.000000,1000.000133,1000.000195,1000.000250,1000.000304,1000.000358,1000.000407,1000.000441,1000.000454,1000.000448,1000.000428,1000.000400,1000.000370,1000.000342,1000.000317,1000.000294,1000.000272,1000.000250,1000.000229,1000.000210,1000.000192,1000.000175,1000.000158,1000.000143,1000.000130,1000.000117,1000.000106,1000.000095,1000.000086,1000.000078,1000.000071,1000.000065,1000.000061,1000.000057,1000.000054,1000.000053,1000.000052,1000.000053,1000.000054,1000.000057,1000.000061,1000.000065,1000.000071,1000.000078,1000.000086,1000.000095,1000.000106,1000.000117,1000.000130,1000.000143,1000.000158,1000.000175,1000.000192,1000.000210,1000.000229,1000.000250,1000.000272,1000.000294,1000.000317,1000.000342,1000.000370,1000.000400,1000.000428,1000.000448,1000.000454,1000.000441,1000.000407,1000.000358,1000.000304,1000.000250,1000.000195,1000.000133,0.000000,0.000000,0.000000,0.000000,0.000000,0.000000,0.000000,0.000000,0.000000,0.000000,0.000000,0.000000,0.000000,0.000000,0.000000,0.000000
0.000000,0.000000,0.000000,0.000000,0.000000,0.000000,0.000000,0.000000,0.000000,0.000000,0.000000,0.000000,0.000000,0.000000,0.000000,1000.000132,1000.000195,1000.000251,1000.000307,1000.000362,1000.000411,1000.000444,1000.000454,1000.000441,1000.000417,1000.000389,1000.000360,1000.000331,1000.000305,1000.000280,1000.000256,1000.000233,1000.000212,1000.000191,1000.000172,1000.000154,1000.000136,1000.000120,1000.000105,1000.000092,1000.000079,1000.000068,1000.000057,1000.000048,1000.000040,1000.000033,1000.000027,1000.000022,1000.000019,1000.000016,1000.000014,1000.000014,1000.000014,1000.000016,1000.000019,1000.000022,1000.000027,1000.000033,1000.000040,1000.000048,1000.000057,1000.000068,1000.000079,1000.000092,1000.000105,1000.000120,1000.000136,1000.000154,1000.000172,1000.000191,1000.000212,1000.000233,1000.000256,1000.000280,1000.000305,1000.000331,1000.000360,1000.000389,1000.000417,1000.000441,1000.000454,1000.000444,1000.000411,1000.000362,1000.000307,1000.000251,1000.000195,1000.000132,0.000000,0.000000,0.000000,0.000000,0.000000,0.000000,0.000000,0.000000,0.000000,0.000000,0.000000,0.000000,0.000000,0.000000,0.000000
0.000000,0.000000,0.000000,0.000000,0.000000,0.000000,0.000000,0.000000,0.000000,0.000000,0.000000,0.000000,0.000000,0.000000,1000.000128,1000.000193,1000.000250,1000.000307,1000.000363,1000.000412,1000.000446,1000.000454,1000.000437,1000.000410,1000.000379,1000.000349,1000.000322,1000.000295,1000.000269,1000.000243,1000.000219,1000.000196,1000.000175,1000.000154,1000.000135,1000.000117,1000.000099,1000.000083,1000.000069,1000.000055,1000.000042,1000.000031,1000.000020,1000.000011,1000.000003,999.999996,999.999990,999.999985,999.999981,999.999979,999.999977,999.999977,999.999977,999.999979,999.999981,999.999985,999.999990,999.999996,1000.000003,1000.000011,1000.000020,1000.000031,1000.000042,1000.000055,1000.000069,1000.000083,1000.000099,1000.000117,1000.000135,1000.000154,1000.000175,1000.000196,1000.000219,1000.000243,1000.000269,1000.000295,1000.000322,1000.000349,1000.000379,1000.000410,1000.000437,1000.000454,1000.000446,1000.000412,1000.000363,1000.000307,1000.000250,1000.000193,1000.000128,0.000000,0.000000,0.000000,0.000000,0.000000,0.000000,0.000000,0.000000,0.000000,0.000000,0.000000,0.000000,0.000000,0.000000
0.000000,0.000000,0.000000,0.000000,0.000000,0.000000,0.000000,0.000000,0.000000,0.000000,0.000000,0.000000,0.000000,1000.000120,1000.000187,1000.000246,1000.000304,1000.000362,1000.000412,1000.000447,1000.000454,1000.000436,1000.000407,1000.000374,1000.000342,1000.000314,1000.000286,1000.000259,1000.000232,1000.000207,1000.000183,1000.000161,1000.000139,1000.000118,1000.000099,1000.000081,1000.000064,1000.000048,1000.000033,1000.000019,1000.000006,999.999995,999.999984,999.999975,999.999967,999.999960,999.999954,999.999949,999.999945,999.999943,999.999941,999.999940,999.999941,999.999943,999.999945,999.999949,999.999954,999.999960,999.999967,999.999975,999.999984,999.999995,1000.000006,1000.000019,1000.000033,1000.000048,1000.000064,1000.000081,1000.000099,1000.000118,1000.000139,1000.000161,1000.000183,1000.000207,1000.000232,1000.000259,1000.000286,1000.000314,1000.000342,1000.000374,1000.000407,1000.000436,1000.000454,1000.000447,1000.000412,1000.000362,1000.000304,1000.000246,1000.000187,1000.000120,0.000000,0.000000,0.000000,0.000000,0.000000,0.000000,0.000000,0.000000,0.000000,0.000000,0.000000,0.000000,0.000000
0.000000,0.000000,0.000000,0.000000,0.000000,0.000000,0.000000,0.000000,0.000000,0.000000,0.000000,0.000000,1000.000108,1000.000177,1000.000238,1000.000299,1000.000358,1000.000411,1000.000446,1000.000454,1000.000436,1000.000406,1000.000371,1000.000338,1000.000308,1000.000279,1000.000251,1000.000223,1000.000197,1000.000173,1000.000149,1000.000126,1000.000104,1000.000084,1000.000064,1000.000046,1000.000029,1000.000013,999.999998,999.999984,999.999971,999.999960,999.999950,999.999940,999.999932,999.999925,999.999919,999.999914,999.999910,999.999908,999.999906,999.999905,999.999906,999.999908,999.999910,999.999914,999.999919,999.999925,999.999932,999.999940,999.999950,999.999960,999.999971,999.999984,999.999998,1000.000013,1000.000029,1000.000046,1000.000064,1000.000084,1000.000104,1000.000126,1000.000149,1000.000173,1000.000197,1000.000223,1000.000251,1000.000279,1000.000308,1000.000338,1000.000371,1000.000406,1000.000436,1000.000454,1000.000446,1000.000411,1000.000358,1000.000299,1000.000238,1000.000177,1000.000108,0.000000,0.000000,0.000000,0.000000,0.000000,0.000000,0.000000,0.000000,0.000000,0.000000,0.000000,0.000000
0.000000,0.000000,0.000000,0.000000,0.000000,0.000000,0.000000,0.000000,0.000000,0.000000,0.000000,1000.000093,1000.000164,1000.000226,1000.000288,1000.000351,1000.000407,1000.000444,1000.000454,1000.000436,1000.000406,1000.000370,1000.000336,1000.000305,1000.000275,1000.000245,1000.000217,1000.000190,1000.000164,1000.000139,1000.000115,1000.000092,1000.000071,1000.000050,1000.000031,1000.000012,999.999995,999.999979,999.999964,999.999950,999.999938,999.999926,999.999916,999.999907,999.999898,999.999891,999.999885,999.999880,999.999877,999.999874,999.999872,999.999872,999.999872,999.999874,999.999877,999.999880,999.999885,999.999891,999.999898,999.999907,999.999916,999.999926,999.999938,999.999950,999.999964,999.999979,999.999995,1000.000012,1000.000031,1000.000050,1000.000071,1000.000092,1000.000115,1000.000139,1000.000164,1000.000190,1000.000217,1000.000245,1000.000275,1000.000305,1000.000336,1000.000370,1000.000406,1000.000436,1000.000454,1000.000444,1000.000407,1000.000351,1000.000288,1000.000226,1000.000164,1000.000093,0.000000,0.000000,0.000000,0.000000,0.000000,0.000000,0.000000,0.000000,0.000000,0.000000,0.000000
0.000000,0.000000,0.000000,0.000000,0.000000,0.000000,0.000000,0.000000,0.000000,0.000000,0.000000,1000.000145,1000.000211,1000.000274,1000.000338,1000.000398,1000.000441,1000.000454,1000.000437,1000.000407,1000.000371,1000.000336,1000.000304,1000.000273,1000.000242,1000.000212,1000.000184,1000.000157,1000.000131,1000.000106,1000.000082,1000.000060,1000.000038,1000.000017,999.999998,999.999980,999.999963,999.999947,999.999932,999.999918,999.999905,999.999894,999.999883,999.999874,999.999866,999.999859,999.999853,999.999848,999.999844,999.999841,999.999839,999.999839,999.999839,999.999841,999.999844,999.999848,999.999853,999.999859,999.999866,999.999874,999.999883,999.999894,999.999905,999.999918,999.999932,999.999947,999.999963,999.999980,999.999998,1000.000017,1000.000038,1000.000060,1000.000082,1000.000106,1000.000131,1000.000157,1000.000184,1000.000212,1000.000242,1000.000273,1000.000304,1000.000336,1000.000371,1000.000407,1000.000437,1000.000454,1000.000441,1000.000398,1000.000338,1000.000274,1000.000211,1000.000145,0.000000,0.000000,0.000000,0.000000,0.000000,0.000000,0.000000,0.000000,0.000000,0.000000,0.000000
0.000000,0.000000,0.000000,0.000000,0.000000,0.000000,0.000000,0.000000,0.000000,0.000000,1000.000125,1000.000196,1000.000258,1000.000322,1000.000383,1000.000432,1000.000454,1000.000441,1000.000410,1000.000374,1000.000338,1000.000305,1000.000273,1000.000241,1000.000210,1000.000181,1000.000153,1000.000126,1000.000099,1000.000075,1000.000051,1000.000028,1000.000006,999.999986,999.999967,999.999948,999.999931,999.999915,999.999900,999.999886,999.999874,999.999862,999.999852,999.999842,999.999834,999.999827,999.999821,999.999816,999.999812,999.999809,999.999808,999.999807,999.999808,999.999809,999.999812,999.999816,999.999821,999.999827,999.999834,999.999842,999.999852,999.999862,999.999874,999.999886,999.999900,999.999915,999.999931,999.999948,999.999967,999.999986,1000.000006,1000.000028,1000.000051,1000.000075,1000.000099,1000.000126,1000.000153,1000.000181,1000.000210,1000.000241,1000.000273,1000.000305,1000.000338,1000.000374,1000.000410,1000.000441,1000.000454,1000.000432,1000.000383,1000.000322,1000.000258,1000.000196,1000.000125,0.000000,0.000000,0.000000,0.000000,0.000000,0.000000,0.000000,0.000000,0.000000,0.000000
0.000000,0.000000,0.000000,0.000000,0.000000,0.000000,0.000000,0.000000,0.000000,1000.000104,1000.000177,1000.000242,1000.000305,1000.000368,1000.000421,1000.000452,1000.000448,1000.000417,1000.000379,1000.000342,1000.000308,1000.000275,1000.000242,1000.000210,1000.000180,1000.000151,1000.000122,1000.000095,1000.000069,1000.000044,1000.000020,999.999998,999.999976,999.999956,999.999936,999.999918,999.999901,999.999885,999.999870,999.999856,999.999843,999.999832,999.999821,999.999812,999.999804,999.999797,999.999791,999.999786,999.999782,999.999779,999.999777,999.999777,999.999777,999.999779,999.999782,999.999786,999.999791,999.999797,999.999804,999.999812,999.999821,999.999832,999.999843,999.999856,999.999870,999.999885,999.999901,999.999918,999.999936,999.999956,999.999976,999.999998,1000.000020,1000.000044,1000.000069,1000.000095,1000.000122,1000.000151,1000.000180,1000.000210,1000.000242,1000.000275,1000.000308,1000.000342,1000.000379,1000.000417,1000.000448,1000.000452,1000.000421,1000.000368,1000.000305,1000.000242,1000.000177,1000.000104,0.000000,0.000000,0.000000,0.000000,0.000000,0.000000,0.000000,0.000000,0.000000
0.000000,0.000000,0.000000,0.000000,0.000000,0.000000,0.000000,0.000000,0.000000,1000.000151,1000.000220,1000.000286,1000.000353,1000.000410,1000.000447,1000.000453,1000.000428,1000.000389,1000.000349,1000.000314,1000.000279,1000.000245,1000.000212,1000.000181,1000.000151,1000.000121,1000.000093,1000.000066,1000.000040,1000.000015,999.999991,999.999968,999.999947,999.999926,999.999907,999.999889,999.999871,999.999855,999.999841,999.999827,999.999814,999.999802,999.999792,999.999783,999.999774,999.999767,999.999761,999.999756,999.999752,999.999750,999.999748,999.999747,999.999748,999.999750,999.999752,999.999756,999.999761,999.999767,999.999774,999.999783,999.999792,999.999802,999.999814,999.999827,999.999841,999.999855,999.999871,999.999889,999.999907,999.999926,999.999947,999.999968,999.999991,1000.000015,1000.000040,1000.000066,1000.000093,1000.000121,1000.000151,1000.000181,1000.000212,1000.000245,1000.000279,1000.000314,1000.000349,1000.000389,1000.000428,1000.000453,1000.000447,1000.000410,1000.000353,1000.000286,1000.000220,1000.000151,0.000000,0.000000,0.000000,0.000000,0.000000,0.000000,0.000000,0.000000,0.000000
0.000000,0.000000,0.000000,0.000000,0.000000,0.000000,0.000000,0.000000,1000.000121,1000.000196,1000.000263,1000.000331,1000.000395,1000.000441,1000.000454,1000.000435,1000.000400,1000.000360,1000.000322,1000.000286,1000.000251,1000.000217,1000.000184,1000.000153,1000.000122,1000.000093,1000.000065,1000.000038,1000.000012,999.999987,999.999963,999.999940,999.999919,999.999898,999.999879,999.999860,999.999843,999.999827,999.999812,999.999799,999.999786,999.999774,999.999764,999.999754,999.999746,999.999739,999.999733,999.999728,999.999724,999.999721,999.999720,999.999719,999.999720,999.999721,999.999724,999.999728,999.999733,999.999739,999.999746,999.999754,999.999764,999.999774,999.999786,999.999799,999.999812,999.999827,999.999843,999.999860,999.999879,999.999898,999.999919,999.999940,999.999963,999.999987,1000.000012,1000.000038,1000.000065,1000.000093,1000.000122,1000.000153,1000.000184,1000.000217,1000.000251,1000.000286,1000.000322,1000.000360,1000.000400,1000.000435,1000.000454,1000.000441,1000.000395,1000.000331,1000.000263,1000.000196,1000.000121,0.000000,0.000000,0.000000,0.000000,0.000000,0.000000,0.000000,0.000000
0.000000,0.000000,0.000000,0.000000,0.000000,0.000000,0.000000,0.000000,1000.000164,1000.000234,1000.000303,1000.000372,1000.000428,1000.000453,1000.000441,1000.000409,1000.000370,1000.000331,1000.000295,1000.000259,1000.000223,1000.000190,1000.000157,1000.000126,1000.000095,1000.000066,1000.000038,1000.000010,999.999984,999.999960,999.999936,999.999913,999.999891,999.999871,999.999852,999.999833,999.999816,999.999800,999.999785,999.999771,999.999759,999.999747,999.999737,999.999727,999.999719,999.999712,999.999706,999.999701,999.999697,999.999694,999.999693,999.999692,999.999693,999.999694,999.999697,999.999701,999.999706,999.999712,999.999719,999.999727,999.999737,999.999747,999.999759,999.999771,999.999785,999.999800,999.999816,999.999833,999.999852,999.999871,999.999891,999.999913,999.999936,999.999960,999.999984,1000.000010,1000.000038,1000.000066,1000.000095,1000.000126,1000.000157,1000.000190,1000.000223,1000.000259,1000.000295,1000.000331,1000.000370,1000.000409,1000.000441,1000.000453,1000.000428,1000.000372,1000.000303,1000.000234,1000.000164,0.000000,0.000000,0.000000,0.000000,0.000000,0.000000,0.000000,0.000000
0.000000,0.000000,0.000000,0.000000,0.000000,0.000000,0.000000,1000.000127,1000.000204,1000.000273,1000.000343,1000.000407,1000.000448,1000.000450,1000.000421,1000.000381,1000.000342,1000.000305,1000.000269,1000.000232,1000.000197,1000.000164,1000.000131,1000.000099,1000.000069,1000.000040,1000.000012,999.999984,999.999958,999.999934,999.999910,999.999887,999.999865,999.999845,999.999826,999.999807,999.999790,999.999774,999.999759,999.999745,999.999733,999.999721,999.999711,999.999701,999.999693,999.999686,999.999680,999.999675,999.999671,999.999668,999.999667,999.999666,999.999667,999.999668,999.999671,999.999675,999.999680,999.999686,999.999693,999.999701,999.999711,999.999721,999.999733,999.999745,999.999759,999.999774,999.999790,999.999807,999.999826,999.999845,999.999865,999.999887,999.999910,999.999934,999.999958,999.999984,1000.000012,1000.000040,1000.000069,1000.000099,1000.000131,1000.000164,1000.000197,1000.000232,1000.000269,1000.000305,1000.000342,1000.000381,1000.000421,1000.000450,1000.000448,1000.000407,1000.000343,1000.000273,1000.000204,1000.000127,0.000000,0.000000,0.000000,0.000000,0.000000,0.000000,0.000000
0.000000,0.000000,0.000000,0.000000,0.000000,0.000000,0.000000,1000.000167,1000.000240,1000.000310,1000.000379,1000.000434,1000.000455,1000.000436,1000.000397,1000.000356,1000.000317,1000.000280,1000.000243,1000.000207,1000.000173,1000.000139,1000.000106,1000.000075,1000.000044,1000.000015,999.999987,999.999960,999.999934,999.999909,999.999885,999.999862,999.999841,999.999820,999.999801,999.999782,999.999765,999.999749,999.999734,999.999721,999.999708,999.999696,999.999686,999.999676,999.999668,999.999661,999.999655,999.999650,999.999646,999.999643,999.999642,999.999641,999.999642,999.999643,999.999646,999.999650,999.999655,999.999661,999.999668,999.999676,999.999686,999.999696,999.999708,999.999721,999.999734,999.999749,999.999765,999.999782,999.999801,999.999820,999.999841,999.999862,999.999885,999.999909,999.999934,999.999960,999.999987,1000.000015,1000.000044,1000.000075,1000.000106,1000.000139,1000.000173,1000.000207,1000.000243,1000.000280,1000.000317,1000.000356,1000.000397,1000.000436,1000.000455,1000.000434,1000.000379,1000.000310,1000.000240,1000.000167,0.000000,0.000000,0.000000,0.000000,0.000000,0.000000,0.000000
0.000000,0.000000,0.000000,0.000000,0.000000,0.000000,1000.000128,1000.000205,1000.000275,1000.000346,1000.000410,1000.000450,1000.000450,1000.000416,1000.000373,1000.000333,1000.000294,1000.000256,1000.000219,1000.000183,1000.000149,1000.000115,1000.000082,1000.000051,1000.000020,999.999991,999.999963,999.999936,999.999910,999.999885,999.999861,999.999838,999.999817,999.999796,999.999777,999.999759,999.999742,999.999726,999.999711,999.999697,999.999684,999.999672,999.999662,999.999653,999.999644,999.999637,999.999631,999.999626,999.999622,999.999620,999.999618,999.999617,999.999618,999.999620,999.999622,999.999626,999.999631,999.999637,999.999644,999.999653,999.999662,999.999672,999.999684,999.999697,999.999711,999.999726,999.999742,999.999759,999.999777,999.999796,999.999817,999.999838,999.999861,999.999885,999.999910,999.999936,999.999963,999.999991,1000.000020,1000.000051,1000.000082,1000.000115,1000.000149,1000.000183,1000.000219,1000.000256,1000.000294,1000.000333,1000.000373,1000.000416,1000.000450,1000.000450,1000.000410,1000.000346,1000.000275,1000.000205,1000.000128,0.000000,0.000000,0.000000,0.000000,0.000000,0.000000
0.000000,0.000000,0.000000,0.000000,0.000000,0.000000,1000.000165,1000.000239,1000.000310,1000.000380,1000.000435,1000.000455,1000.000435,1000.000394,1000.000351,1000.000311,1000.000272,1000.000233,1000.000196,1000.000161,1000.000126,1000.000092,1000.000060,1000.000028,999.999998,999.999968,999.999940,999.999913,999.999887,999.999862,999.999838,999.999816,999.999794,999.999774,999.999754,999.999736,999.999719,999.999703,999.999688,999.999674,999.999661,999.999650,999.999639,999.999630,999.999622,999.999614,999.999608,999.999603,999.999600,999.999597,999.999595,999.999595,999.999595,999.999597,999.999600,999.999603,999.999608,999.999614,999.999622,999.999630,999.999639,999.999650,999.999661,999.999674,999.999688,999.999703,999.999719,999.999736,999.999754,999.999774,999.999794,999.999816,999.999838,999.999862,999.999887,999.999913,999.999940,999.999968,999.999998,1000.000028,1000.000060,1000.000092,1000.000126,1000.000161,1000.000196,1000.000233,1000.000272,1000.000311,1000.000351,1000.000394,1000.000435,1000.000455,1000.000435,1000.000380,1000.000310,1000.000239,1000.000165,0.000000,0.000000,0.000000,0.000000,0.000000,0.000000
0.000000,0.000000,0.000000,0.000000,0.000000,1000.000122,1000.000201,1000.000272,1000.000344,1000.000410,1000.000450,1000.000450,1000.000416,1000.000372,1000.000329,1000.000289,1000.000250,1000.000212,1000.000175,1000.000139,1000.000104,1000.000071,1000.000038,1000.000006,999.999976,999.999947,999.999919,999.999891,999.999865,999.999841,999.999817,999.999794,999.999773,999.999752,999.999733,999.999714,999.999697,999.999681,999.999666,999.999653,999.999640,999.999628,999.999618,999.999608,999.999600,999.999593,999.999587,999.999582,999.999578,999.999575,999.999574,999.999573,999.999574,999.999575,999.999578,999.999582,999.999587,999.999593,999.999600,999.999608,999.999618,999.999628,999.999640,999.999653,999.999666,999.999681,999.999697,999.999714,999.999733,999.999752,999.999773,999.999794,999.999817,999.999841,999.999865,999.999891,999.999919,999.999947,999.999976,1000.000006,1000.000038,1000.000071,1000.000104,1000.000139,1000.000175,1000.000212,1000.000250,1000.000289,1000.000329,1000.000372,1000.000416,1000.000450,1000.000450,1000.000410,1000.000344,1000.000272,1000.000201,1000.000122,0.000000,0.000000,0.000000,0.000000,0.000000
0.000000,0.000000,0.000000,0.000000,0.000000,1000.000155,1000.000231,1000.000304,1000.000376,1000.000433,1000.000455,1000.000435,1000.000395,1000.000350,1000.000309,1000.000269,1000.000229,1000.000191,1000.000154,1000.000118,1000.000084,1000.000050,1000.000017,999.999986,999.999956,999.999926,999.999898,999.999871,999.999845,999.999820,999.999796,999.999774,999.999752,999.999732,999.999712,999.999694,999.999677,999.999661,999.999646,999.999632,999.999619,999.999608,999.999597,999.999588,999.999580,999.999572,999.999566,999.999561,999.999558,999.999555,999.999553,999.999553,999.999553,999.999555,999.999558,999.999561,999.999566,999.999572,999.999580,999.999588,999.999597,999.999608,999.999619,999.999632,999.999646,999.999661,999.999677,999.999694,999.999712,999.999732,999.999752,999.999774,999.999796,999.999820,999.999845,999.999871,999.999898,999.999926,999.999956,999.999986,1000.000017,1000.000050,1000.000084,1000.000118,1000.000154,1000.000191,1000.000229,1000.000269,1000.000309,1000.000350,1000.000395,1000.000435,1000.000455,1000.000433,1000.000376,1000.000304,1000.000231,1000.000155,0.000000,0.000000,0.000000,0.000000,0.000000
0.000000,0.000000,0.000000,0.000000,1000.000107,1000.000187,1000.000260,1000.000334,1000.000404,1000.000448,1000.000450,1000.000417,1000.000373,1000.000331,1000.000290,1000.000249,1000.000210,1000.000172,1000.000135,1000.000099,1000.000064,1000.000031,999.999998,999.999967,999.999936,999.999907,999.999879,999.999852,999.999826,999.999801,999.999777,999.999754,999.999733,999.999712,999.999693,999.999675,999.999658,999.999641,999.999627,999.999613,999.999600,999.999588,999.999578,999.999569,999.999560,999.999553,999.999547,999.999542,999.999538,999.999535,999.999534,999.999533,999.999534,999.999535,999.999538,999.999542,999.999547,999.999553,999.999560,999.999569,999.999578,999.999588,999.999600,999.999613,999.999627,999.999641,999.999658,999.999675,999.999693,999.999712,999.999733,999.999754,999.999777,999.999801,999.999826,999.999852,999.999879,999.999907,999.999936,999.999967,999.999998,1000.000031,1000.000064,1000.000099,1000.000135,1000.000172,1000.000210,1000.000249,1000.000290,1000.000331,1000.000373,1000.000417,1000.000450,1000.000448,1000.000404,1000.000334,1000.000260,1000.000187,1000.000107,0.000000,0.000000,0.000000,0.000000
0.000000,0.000000,0.000000,0.000000,1000.000136,1000.000213,1000.000287,1000.000362,1000.000426,1000.000454,1000.000438,1000.000398,1000.000354,1000.000312,1000.000271,1000.000231,1000.000192,1000.000154,1000.000117,1000.000081,1000.000046,1000.000012,999.999980,999.999948,999.999918,999.999889,999.999860,999.999833,999.999807,999.999782,999.999759,999.999736,999.999714,999.999694,999.999675,999.999656,999.999639,999.999623,999.999608,999.999594,999.999582,999.999570,999.999560,999.999550,999.999542,999.999535,999.999529,999.999524,999.999520,999.999517,999.999515,999.999515,999.999515,999.999517,999.999520,999.999524,999.999529,999.999535,999.999542,999.999550,999.999560,999.999570,999.999582,999.999594,999.999608,999.999623,999.999639,999.999656,999.999675,999.999694,999.999714,999.999736,999.999759,999.999782,999.999807,999.999833,999.999860,999.999889,999.999918,999.999948,999.999980,1000.000012,1000.000046,1000.000081,1000.000117,1000.000154,1000.000192,1000.000231,1000.000271,1000.000312,1000.000354,1000.000398,1000.000438,1000.000454,1000.000426,1000.000362,1000.000287,1000.000213,1000.000136,0.000000,0.000000,0.000000,0.000000
