0.000000,0.000000,0.000000,0.000000,0.000000,0.000000,0.000000,0.000000,0.000000,0.000000,0.000000,0.000000,0.000000,0.000000,0.000000,0.000000,0.000000,0.000000,0.000000,0.000000,0.000000,0.000000,0.000000,0.000000,0.000000,0.000000,0.000000,0.000000,0.000000,0.000000,0.000000,0.000000,0.000000,0.000000,0.000000,0.000000,0.000000,0.000000,0.000000,0.000000,0.000000,0.000000,0.000000,0.000000,0.000000,0.000000,0.000000,0.000000,0.000000,0.000000,0.000000,0.000000,0.000000,0.000000,0.000000,0.000000,0.000000,0.000000,0.000000,0.000000,0.000000,0.000000,0.000000,0.000000,0.000000,0.000000,0.000000,0.000000,0.000000,0.000000,0.000000,0.000000,0.000000,0.000000,0.000000,0.000000,0.000000,0.000000,0.000000,0.000000,0.000000,0.000000,0.000000,0.000000,0.000000,0.000000,0.000000,0.000000,0.000000,0.000000,0.000000,0.000000,0.000000,0.000000,0.000000,0.000000,0.000000,0.000000,0.000000,0.000000,0.000000,0.000000,0.000000
0.000000,0.000000,0.000000,0.000000,0.000000,0.000000,0.000000,0.000000,0.000000,0.000000,0.000000,0.000000,0.000000,0.000000,0.000000,0.000000,0.000000,0.000000,0.000000,0.000000,0.000000,0.000000,0.000000,0.000000,0.000000,0.000000,0.000000,0.000000,0.000000,0.000000,0.000000,0.000000,0.000000,0.000000,0.000000,0.000000,0.000000,0.000000,0.000000,0.000000,0.000000,0.000000,0.000000,0.000000,0.000000,0.000000,0.000000,0.000000,0.000000,0.000000,0.000000,1000.000074,0.000000,0.000000,0.000000,0.000000,0.000000,0.000000,0.000000,0.000000,0.000000,0.000000,0.000000,0.000000,0.000000,0.000000,0.000000,0.000000,0.000000,0.000000,0.000000,0.000000,0.000000,0.000000,0.000000,0.000000,0.000000,0.000000,0.000000,0.000000,0.000000,0.000000,0.000000,0.000000,0.000000,0.000000,0.000000,0.000000,0.000000,0.000000,0.000000,0.000000,0.000000,0.000000,0.000000,0.000000,0.000000,0.000000,0.000000,0.000000,0.000000,0.000000,0.000000
0.000000,0.000000,0.000000,0.000000,0.000000,0.000000,0.000000,0.000000,0.000000,0.000000,0.000000,0.000000,0.000000,0.000000,0.000000,0.000000,0.000000,0.000000,0.000000,0.000000,0.000000,0.000000,0.000000,0.000000,0.000000,0.000000,0.000000,0.000000,0.000000,0.000000,0.000000,0.000000,0.000000,0.000000,0.000000,0.000000,0.000000,0.000000,0.000000,0.000000,0.000000,0.000000,1000.000135,1000.000157,1000.000168,1000.000174,1000.000177,1000.000178,1000.000178,1000.000177,1000.000176,1000.000181,1000.000176,1000.000177,1000.000178,1000.000178,1000.000177,1000.000174,1000.000168,1000.000157,1000.000135,0.000000,0.000000,0.000000,0.000000,0.000000,0.000000,0.000000,0.000000,0.000000,0.000000,0.000000,0.000000,0.000000,0.000000,0.000000,0.000000,0.000000,0.000000,0.000000,0.000000,0.000000,0.000000,0.000000,0.000000,0.000000,0.000000,0.000000,0.000000,0.000000,0.000000,0.000000,0.000000,0.000000,0.000000,0.000000,0.000000,0.000000,0.000000,0.000000,0.000000,0.000000,0.000000
0.000000,0.000000,0.000000,0.000000,0.000000,0.000000,0.000000,0.000000,0.000000,0.000000,0.000000,0.000000,0.000000,0.000000,0.000000,0.000000,0.000000,0.000000,0.000000,0.000000,0.000000,0.000000,0.000000,0.000000,0.000000,0.000000,0.000000,0.000000,0.000000,0.000000,0.000000,0.000000,0.000000,0.000000,0.000000,0.000000,0.000000,1000.000130,1000.000162,1000.000188,1000.000209,1000.000226,1000.000241,1000.000255,1000.000266,1000.000274,1000.000278,1000.000280,1000.000281,1000.000281,1000.000281,1000.000282,1000.000281,1000.000281,1000.000281,1000.000280,1000.000278,1000.000274,1000.000266,1000.000255,1000.000241,1000.000226,1000.000209,1000.000188,1000.000162,1000.000130,0.000000,0.000000,0.000000,0.000000,0.000000,0.000000,0.000000,0.000000,0.000000,0.000000,0.000000,0.000000,0.000000,0.000000,0.000000,0.000000,0.000000,0.000000,0.000000,0.000000,0.000000,0.000000,0.000000,0.000000,0.000000,0.000000,0.000000,0.000000,0.000000,0.000000,0.000000,0.000000,0.000000,0.000000,0.000000,0.000000,0.000000
0.000000,0.000000,0.000000,0.000000,0.000000,0.000000,0.000000,0.000000,0.000000,0.000000,0.000000,0.000000,0.000000,0.000000,0.000000,0.000000,0.000000,0.000000,0.000000,0.000000,0.000000,0.000000,0.000000,0.000000,0.000000,0.000000,0.000000,0.000000,0.000000,0.000000,0.000000,0.000000,0.000000,0.000000,1000.000135,1000.000172,1000.000203,1000.000233,1000.000260,1000.000284,1000.000306,1000.000325,1000.000342,1000.000356,1000.000367,1000.000373,1000.000377,1000.000379,1000.000380,1000.000381,1000.000381,1000.000381,1000.000381,1000.000381,1000.000380,1000.000379,1000.000377,1000.000373,1000.000367,1000.000356,1000.000342,1000.000325,1000.000306,1000.000284,1000.000260,1000.000233,1000.000203,1000.000172,1000.000135,0.000000,0.000000,0.000000,0.000000,0.000000,0.000000,0.000000,0.000000,0.000000,0.000000,0.000000,0.000000,0.000000,0.000000,0.000000,0.000000,0.000000,0.000000,0.000000,0.000000,0.000000,0.000000,0.000000,0.000000,0.000000,0.000000,0.000000,0.000000,0.000000,0.000000,0.000000,0.000000,0.000000,0.000000
0.000000,0.000000,0.000000,0.000000,0.000000,0.000000,0.000000,0.000000,0.000000,0.000000,0.000000,0.000000,0.000000,0.000000,0.000000,0.000000,0.000000,0.000000,0.000000,0.000000,0.000000,0.000000,0.000000,0.000000,0.000000,0.000000,0.000000,0.000000,0.000000,0.000000,0.000000,0.000000,1000.000154,1000.000196,1000.000236,1000.000269,1000.000299,1000.000329,1000.000356,1000.000380,1000.000402,1000.000423,1000.000442,1000.000456,1000.000466,1000.000471,1000.000474,1000.000475,1000.000476,1000.000476,1000.000477,1000.000477,1000.000477,1000.000476,1000.000476,1000.000475,1000.000474,1000.000471,1000.000466,1000.000456,1000.000442,1000.000423,1000.000402,1000.000380,1000.000356,1000.000329,1000.000299,1000.000269,1000.000236,1000.000196,1000.000154,0.000000,0.000000,0.000000,0.000000,0.000000,0.000000,0.000000,0.000000,0.000000,0.000000,0.000000,0.000000,0.000000,0.000000,0.000000,0.000000,0.000000,0.000000,0.000000,0.000000,0.000000,0.000000,0.000000,0.000000,0.000000,0.000000,0.000000,0.000000,0.000000,0.000000,0.000000,0.000000
0.000000,0.000000,0.000000,0.000000,0.000000,0.000000,0.000000,0.000000,0.000000,0.000000,0.000000,0.000000,0.000000,0.000000,0.000000,0.000000,0.000000,0.000000,0.000000,0.000000,0.000000,0.000000,0.000000,0.000000,0.000000,0.000000,0.000000,0.000000,0.000000,0.000000,1000.000162,1000.000208,1000.000254,1000.000292,1000.000328,1000.000362,1000.000395,1000.000425,1000.000452,1000.000474,1000.000494,1000.000511,1000.000527,1000.000537,1000.000542,1000.000545,1000.000547,1000.000547,1000.000547,1000.000547,1000.000547,1000.000547,1000.000547,1000.000547,1000.000547,1000.000547,1000.000547,1000.000545,1000.000542,1000.000537,1000.000527,1000.000511,1000.000494,1000.000474,1000.000452,1000.000425,1000.000395,1000.000362,1000.000328,1000.000292,1000.000254,1000.000208,1000.000162,0.000000,0.000000,0.000000,0.000000,0.000000,0.000000,0.000000,0.000000,0.000000,0.000000,0.000000,0.000000,0.000000,0.000000,0.000000,0.000000,0.000000,0.000000,0.000000,0.000000,0.000000,0.000000,0.000000,0.000000,0.000000,0.000000,0.000000,0.000000,0.000000,0.000000
0.000000,0.000000,0.000000,0.000000,0.000000,0.000000,0.000000,0.000000,0.000000,0.000000,0.000000,0.000000,0.000000,0.000000,0.000000,0.000000,0.000000,0.000000,0.000000,0.000000,0.000000,0.000000,0.000000,0.000000,0.000000,0.000000,0.000000,0.000000,1000.000161,1000.000211,1000.000260,1000.000302,1000.000344,1000.000384,1000.000422,1000.000457,1000.000487,1000.000513,1000.000534,1000.000548,1000.000557,1000.000564,1000.000565,1000.000564,1000.000563,1000.000562,1000.000561,1000.000560,1000.000560,1000.000559,1000.000559,1000.000559,1000.000559,1000.000559,1000.000560,1000.000560,1000.000561,1000.000562,1000.000563,1000.000564,1000.000565,1000.000564,1000.000557,1000.000548,1000.000534,1000.000513,1000.000487,1000.000457,1000.000422,1000.000384,1000.000344,1000.000302,1000.000260,1000.000211,1000.000161,0.000000,0.000000,0.000000,0.000000,0.000000,0.000000,0.000000,0.000000,0.000000,0.000000,0.000000,0.000000,0.000000,0.000000,0.000000,0.000000,0.000000,0.000000,0.000000,0.000000,0.000000,0.000000,0.000000,0.000000,0.000000,0.000000,0.000000,0.000000
0.000000,0.000000,0.000000,0.000000,0.000000,0.000000,0.000000,0.000000,0.000000,0.000000,0.000000,0.000000,0.000000,0.000000,0.000000,0.000000,0.000000,0.000000,0.000000,0.000000,0.000000,0.000000,0.000000,0.000000,0.000000,0.000000,1000.000153,1000.000207,1000.000258,1000.000303,1000.000348,1000.000391,1000.000434,1000.000474,1000.000509,1000.000536,1000.000554,1000.000565,1000.000570,1000.000569,1000.000565,1000.000557,1000.000546,1000.000535,1000.000527,1000.000522,1000.000520,1000.000518,1000.000516,1000.000515,1000.000515,1000.000514,1000.000515,1000.000515,1000.000516,1000.000518,1000.000520,1000.000522,1000.000527,1000.000535,1000.000546,1000.000557,1000.000565,1000.000569,1000.000570,1000.000565,1000.000554,1000.000536,1000.000509,1000.000474,1000.000434,1000.000391,1000.000348,1000.000303,1000.000258,1000.000207,1000.000153,0.000000,0.000000,0.000000,0.000000,0.000000,0.000000,0.000000,0.000000,0.000000,0.000000,0.000000,0.000000,0.000000,0.000000,0.000000,0.000000,0.000000,0.000000,0.000000,0.000000,0.000000,0.000000,0.000000,0.000000,0.000000,0.000000
0.000000,0.000000,0.000000,0.000000,0.000000,0.000000,0.000000,0.000000,0.000000,0.000000,0.000000,0.000000,0.000000,0.000000,0.000000,0.000000,0.000000,0.000000,0.000000,0.000000,0.000000,0.000000,0.000000,0.000000,1000.000131,1000.000191,1000.000247,1000.000296,1000.000345,1000.000391,1000.000437,1000.000479,1000.000516,1000.000545,1000.000564,1000.000571,1000.000569,1000.000562,1000.000549,1000.000536,1000.000523,1000.000509,1000.000494,1000.000481,1000.000471,1000.000465,1000.000460,1000.000457,1000.000455,1000.000453,1000.000452,1000.000452,1000.000452,1000.000453,1000.000455,1000.000457,1000.000460,1000.000465,1000.000471,1000.000481,1000.000494,1000.000509,1000.000523,1000.000536,1000.000549,1000.000562,1000.000569,1000.000571,1000.000564,1000.000545,1000.000516,1000.000479,1000.000437,1000.000391,1000.000345,1000.000296,1000.000247,1000.000191,1000.000131,0.000000,0.000000,0.000000,0.000000,0.000000,0.000000,0.000000,0.000000,0.000000,0.000000,0.000000,0.000000,0.000000,0.000000,0.000000,0.000000,0.000000,0.000000,0.000000,0.000000,0.000000,0.000000,0.000000,0.000000
0.000000,0.000000,0.000000,0.000000,0.000000,0.000000,0.000000,0.000000,0.000000,0.000000,0.000000,0.000000,0.000000,0.000000,0.000000,0.000000,0.000000,0.000000,0.000000,0.000000,0.000000,0.000000,0.000000,1000.000159,1000.000223,1000.000278,1000.000332,1000.000383,1000.000433,1000.000478,1000.000517,1000.000548,1000.000566,1000.000572,1000.000566,1000.000552,1000.000535,1000.000516,1000.000497,1000.000480,1000.000464,1000.000450,1000.000437,1000.000424,1000.000415,1000.000408,1000.000402,1000.000398,1000.000395,1000.000393,1000.000392,1000.000391,1000.000392,1000.000393,1000.000395,1000.000398,1000.000402,1000.000408,1000.000415,1000.000424,1000.000437,1000.000450,1000.000464,1000.000480,1000.000497,1000.000516,1000.000535,1000.000552,1000.000566,1000.000572,1000.000566,1000.000548,1000.000517,1000.000478,1000.000433,1000.000383,1000.000332,1000.000278,1000.000223,1000.000159,0.000000,0.000000,0.000000,0.000000,0.000000,0.000000,0.000000,0.000000,0.000000,0.000000,0.000000,0.000000,0.000000,0.000000,0.000000,0.000000,0.000000,0.000000,0.000000,0.000000,0.000000,0.000000,0.000000
0.000000,0.000000,0.000000,0.000000,0.000000,0.000000,0.000000,0.000000,0.000000,0.000000,0.000000,0.000000,0.000000,0.000000,0.000000,0.000000,0.000000,0.000000,0.000000,0.000000,0.000000,1000.000117,1000.000184,1000.000248,1000.000305,1000.000362,1000.000418,1000.000469,1000.000513,1000.000546,1000.000566,1000.000572,1000.000566,1000.000549,1000.000526,1000.000502,1000.000480,1000.000459,1000.000441,1000.000423,1000.000408,1000.000394,1000.000381,1000.000369,1000.000360,1000.000352,1000.000345,1000.000341,1000.000337,1000.000335,1000.000333,1000.000333,1000.000333,1000.000335,1000.000337,1000.000341,1000.000345,1000.000352,1000.000360,1000.000369,1000.000381,1000.000394,1000.000408,1000.000423,1000.000441,1000.000459,1000.000480,1000.000502,1000.000526,1000.000549,1000.000566,1000.000572,1000.000566,1000.000546,1000.000513,1000.000469,1000.000418,1000.000362,1000.000305,1000.000248,1000.000184,1000.000117,0.000000,0.000000,0.000000,0.000000,0.000000,0.000000,0.000000,0.000000,0.000000,0.000000,0.000000,0.000000,0.000000,0.000000,0.000000,0.000000,0.000000,0.000000,0.000000,0.000000,0.000000
0.000000,0.000000,0.000000,0.000000,0.000000,0.000000,0.000000,0.000000,0.000000,0.000000,0.000000,0.000000,0.000000,0.000000,0.000000,0.000000,0.000000,0.000000,0.000000,0.000000,1000.000136,1000.000207,1000.000267,1000.000326,1000.000386,1000.000445,1000.000498,1000.000539,1000.000563,1000.000572,1000.000566,1000.000548,1000.000525,1000.000498,1000.000472,1000.000447,1000.000425,1000.000405,1000.000387,1000.000369,1000.000353,1000.000339,1000.000326,1000.000315,1000.000305,1000.000297,1000.000290,1000.000285,1000.000281,1000.000278,1000.000277,1000.000276,1000.000277,1000.000278,1000.000281,1000.000285,1000.000290,1000.000297,1000.000305,1000.000315,1000.000326,1000.000339,1000.000353,1000.000369,1000.000387,1000.000405,1000.000425,1000.000447,1000.000472,1000.000498,1000.000525,1000.000548,1000.000566,1000.000572,1000.000563,1000.000539,1000.000498,1000.000445,1000.000386,1000.000326,1000.000267,1000.000207,1000.000136,0.000000,0.000000,0.000000,0.000000,0.000000,0.000000,0.000000,0.000000,0.000000,0.000000,0.000000,0.000000,0.000000,0.000000,0.000000,0.000000,0.000000,0.000000,0.000000,0.000000
0.000000,0.000000,0.000000,0.000000,0.000000,0.000000,0.000000,0.000000,0.000000,0.000000,0.000000,0.000000,0.000000,0.000000,0.000000,0.000000,0.000000,0.000000,0.000000,1000.000152,1000.000224,1000.000286,1000.000346,1000.000406,1000.000464,1000.000517,1000.000554,1000.000570,1000.000566,1000.000549,1000.000525,1000.000498,1000.000469,1000.000443,1000.000417,1000.000394,1000.000373,1000.000352,1000.000333,1000.000316,1000.000300,1000.000285,1000.000273,1000.000261,1000.000251,1000.000243,1000.000236,1000.000231,1000.000226,1000.000224,1000.000222,1000.000221,1000.000222,1000.000224,1000.000226,1000.000231,1000.000236,1000.000243,1000.000251,1000.000261,1000.000273,1000.000285,1000.000300,1000.000316,1000.000333,1000.000352,1000.000373,1000.000394,1000.000417,1000.000443,1000.000469,1000.000498,1000.000525,1000.000549,1000.000566,1000.000570,1000.000554,1000.000517,1000.000464,1000.000406,1000.000346,1000.000286,1000.000224,1000.000152,0.000000,0.000000,0.000000,0.000000,0.000000,0.000000,0.000000,0.000000,0.000000,0.000000,0.000000,0.000000,0.000000,0.000000,0.000000,0.000000,0.000000,0.000000,0.000000
0.000000,0.000000,0.000000,0.000000,0.000000,0.000000,0.000000,0.000000,0.000000,0.000000,0.000000,0.000000,0.000000,0.000000,0.000000,0.000000,0.000000,0.000000,1000.000162,1000.000236,1000.000301,1000.000364,1000.000427,1000.000483,1000.000530,1000.000563,1000.000571,1000.000556,1000.000531,1000.000502,1000.000472,1000.000443,1000.000416,1000.000390,1000.000366,1000.000343,1000.000320,1000.000300,1000.000281,1000.000264,1000.000248,1000.000234,1000.000221,1000.000209,1000.000199,1000.000191,1000.000184,1000.000178,1000.000174,1000.000170,1000.000169,1000.000168,1000.000169,1000.000170,1000.000174,1000.000178,1000.000184,1000.000191,1000.000199,1000.000209,1000.000221,1000.000234,1000.000248,1000.000264,1000.000281,1000.000300,1000.000320,1000.000343,1000.000366,1000.000390,1000.000416,1000.000443,1000.000472,1000.000502,1000.000531,1000.000556,1000.000571,1000.000563,1000.000530,1000.000483,1000.000427,1000.000364,1000.000301,1000.000236,1000.000162,0.000000,0.000000,0.000000,0.000000,0.000000,0.000000,0.000000,0.000000,0.000000,0.000000,0.000000,0.000000,0.000000,0.000000,0.000000,0.000000,0.000000,0.000000
0.000000,0.000000,0.000000,0.000000,0.000000,0.000000,0.000000,0.000000,0.000000,0.000000,0.000000,0.000000,0.000000,0.000000,0.000000,0.000000,0.000000,1000.000167,1000.000243,1000.000311,1000.000377,1000.000443,1000.000501,1000.000544,1000.000568,1000.000569,1000.000549,1000.000516,1000.000482,1000.000450,1000.000420,1000.000392,1000.000366,1000.000340,1000.000315,1000.000291,1000.000270,1000.000249,1000.000231,1000.000213,1000.000197,1000.000183,1000.000170,1000.000158,1000.000148,1000.000140,1000.000132,1000.000127,1000.000122,1000.000119,1000.000117,1000.000116,1000.000117,1000.000119,1000.000122,1000.000127,1000.000132,1000.000140,1000.000148,1000.000158,1000.000170,1000.000183,1000.000197,1000.000213,1000.000231,1000.000249,1000.000270,1000.000291,1000.000315,1000.000340,1000.000366,1000.000392,1000.000420,1000.000450,1000.000482,1000.000516,1000.000549,1000.000569,1000.000568,1000.000544,1000.000501,1000.000443,1000.000377,1000.000311,1000.000243,1000.000167,0.000000,0.000000,0.000000,0.000000,0.000000,0.000000,0.000000,0.000000,0.000000,0.000000,0.000000,0.000000,0.000000,0.000000,0.000000,0.000000,0.000000
0.000000,0.000000,0.000000,0.000000,0.000000,0.000000,0.000000,0.000000,0.000000,0.000000,0.000000,0.000000,0.000000,0.000000,0.000000,0.000000,1000.000168,1000.000247,1000.000316,1000.000384,1000.000452,1000.000512,1000.000554,1000.000570,1000.000563,1000.000540,1000.000505,1000.000467,1000.000432,1000.000401,1000.000372,1000.000343,1000.000316,1000.000290,1000.000265,1000.000242,1000.000220,1000.000200,1000.000181,1000.000164,1000.000148,1000.000134,1000.000121,1000.000109,1000.000099,1000.000090,1000.000083,1000.000077,1000.000072,1000.000069,1000.000067,1000.000066,1000.000067,1000.000069,1000.000072,1000.000077,1000.000083,1000.000090,1000.000099,1000.000109,1000.000121,1000.000134,1000.000148,1000.000164,1000.000181,1000.000200,1000.000220,1000.000242,1000.000265,1000.000290,1000.000316,1000.000343,1000.000372,1000.000401,1000.000432,1000.000467,1000.000505,1000.000540,1000.000563,1000.000570,1000.000554,1000.000512,1000.000452,1000.000384,1000.000316,1000.000247,1000.000168,0.000000,0.000000,0.000000,0.000000,0.000000,0.000000,0.000000,0.000000,0.000000,0.000000,0.000000,0.000000,0.000000,0.000000,0.000000,0.000000
0.000000,0.000000,0.000000,0.000000,0.000000,0.000000,0.000000,0.000000,0.000000,0.000000,0.000000,0.000000,0.000000,0.000000,0.000000,1000.000167,1000.000247,1000.000318,1000.000387,1000.000457,1000.000517,1000.000559,1000.000570,1000.000555,1000.000526,1000.000492,1000.000455,1000.000418,1000.000385,1000.000354,1000.000324,1000.000295,1000.000267,1000.000242,1000.000217,1000.000194,1000.000172,1000.000152,1000.000133,1000.000116,1000.000100,1000.000086,1000.000072,1000.000061,1000.000051,1000.000042,1000.000034,1000.000028,1000.000024,1000.000020,1000.000018,1000.000018,1000.000018,1000.000020,1000.000024,1000.000028,1000.000034,1000.000042,1000.000051,1000.000061,1000.000072,1000.000086,1000.000100,1000.000116,1000.000133,1000.000152,1000.000172,1000.000194,1000.000217,1000.000242,1000.000267,1000.000295,1000.000324,1000.000354,1000.000385,1000.000418,1000.000455,1000.000492,1000.000526,1000.000555,1000.000570,1000.000559,1000.000517,1000.000457,1000.000387,1000.000318,1000.000247,1000.000167,0.000000,0.000000,0.000000,0.000000,0.000000,0.000000,0.000000,0.000000,0.000000,0.000000,0.000000,0.000000,0.000000,0.000000,0.000000
0.000000,0.000000,0.000000,0.000000,0.000000,0.000000,0.000000,0.000000,0.000000,0.000000,0.000000,0.000000,0.000000,0.000000,1000.000162,1000.000243,1000.000316,1000.000387,1000.000458,1000.000519,1000.000561,1000.000571,1000.000551,1000.000517,1000.000479,1000.000442,1000.000406,1000.000372,1000.000339,1000.000307,1000.000277,1000.000248,1000.000221,1000.000195,1000.000171,1000.000147,1000.000126,1000.000106,1000.000087,1000.000069,1000.000053,1000.000039,1000.000026,1000.000014,1000.000004,999.999995,999.999988,999.999981,999.999977,999.999973,999.999971,999.999971,999.999971,999.999973,999.999977,999.999981,999.999988,999.999995,1000.000004,1000.000014,1000.000026,1000.000039,1000.000053,1000.000069,1000.000087,1000.000106,1000.000126,1000.000147,1000.000171,1000.000195,1000.000221,1000.000248,1000.000277,1000.000307,1000.000339,1000.000372,1000.000406,1000.000442,1000.000479,1000.000517,1000.000551,1000.000571,1000.000561,1000.000519,1000.000458,1000.000387,1000.000316,1000.000243,1000.000162,0.000000,0.000000,0.000000,0.000000,0.000000,0.000000,0.000000,0.000000,0.000000,0.000000,0.000000,0.000000,0.000000,0.000000
0.000000,0.000000,0.000000,0.000000,0.000000,0.000000,0.000000,0.000000,0.000000,0.000000,0.000000,0.000000,0.000000,1000.000152,1000.000236,1000.000311,1000.000384,1000.000457,1000.000519,1000.000561,1000.000571,1000.000550,1000.000513,1000.000472,1000.000432,1000.000396,1000.000361,1000.000327,1000.000293,1000.000262,1000.000232,1000.000203,1000.000176,1000.000150,1000.000125,1000.000102,1000.000081,1000.000060,1000.000041,1000.000024,1000.000008,999.999994,999.999980,999.999969,999.999958,999.999950,999.999942,999.999936,999.999931,999.999928,999.999926,999.999925,999.999926,999.999928,999.999931,999.999936,999.999942,999.999950,999.999958,999.999969,999.999980,999.999994,1000.000008,1000.000024,1000.000041,1000.000060,1000.000081,1000.000102,1000.000125,1000.000150,1000.000176,1000.000203,1000.000232,1000.000262,1000.000293,1000.000327,1000.000361,1000.000396,1000.000432,1000.000472,1000.000513,1000.000550,1000.000571,1000.000561,1000.000519,1000.000457,1000.000384,1000.000311,1000.000236,1000.000152,0.000000,0.000000,0.000000,0.000000,0.000000,0.000000,0.000000,0.000000,0.000000,0.000000,0.000000,0.000000,0.000000
0.000000,0.000000,0.000000,0.000000,0.000000,0.000000,0.000000,0.000000,0.000000,0.000000,0.000000,0.000000,1000.000136,1000.000224,1000.000301,1000.000377,1000.000452,1000.000517,1000.000561,1000.000571,1000.000549,1000.000512,1000.000469,1000.000427,1000.000389,1000.000353,1000.000317,1000.000282,1000.000249,1000.000218,1000.000188,1000.000159,1000.000132,1000.000106,1000.000081,1000.000058,1000.000037,1000.000016,999.999998,999.999980,999.999964,999.999950,999.999936,999.999925,999.999914,999.999906,999.999898,999.999892,999.999887,999.999884,999.999882,999.999881,999.999882,999.999884,999.999887,999.999892,999.999898,999.999906,999.999914,999.999925,999.999936,999.999950,999.999964,999.999980,999.999998,1000.000016,1000.000037,1000.000058,1000.000081,1000.000106,1000.000132,1000.000159,1000.000188,1000.000218,1000.000249,1000.000282,1000.000317,1000.000353,1000.000389,1000.000427,1000.000469,1000.000512,1000.000549,1000.000571,1000.000561,1000.000517,1000.000452,1000.000377,1000.000301,1000.000224,1000.000136,0.000000,0.000000,0.000000,0.000000,0.000000,0.000000,0.000000,0.000000,0.000000,0.000000,0.000000,0.000000
0.000000,0.000000,0.000000,0.000000,0.000000,0.000000,0.000000,0.000000,0.000000,0.000000,0.000000,1000.000117,1000.000207,1000.000286,1000.000364,1000.000443,1000.000512,1000.000559,1000.000571,1000.000550,1000.000512,1000.000467,1000.000424,1000.000385,1000.000347,1000.000310,1000.000274,1000.000240,1000.000207,1000.000175,1000.000145,1000.000116,1000.000089,1000.000063,1000.000039,1000.000016,999.999994,999.999974,999.999955,999.999938,999.999922,999.999907,999.999894,999.999882,999.999872,999.999863,999.999855,999.999849,999.999844,999.999841,999.999839,999.999838,999.999839,999.999841,999.999844,999.999849,999.999855,999.999863,999.999872,999.999882,999.999894,999.999907,999.999922,999.999938,999.999955,999.999974,999.999994,1000.000016,1000.000039,1000.000063,1000.000089,1000.000116,1000.000145,1000.000175,1000.000207,1000.000240,1000.000274,1000.000310,1000.000347,1000.000385,1000.000424,1000.000467,1000.000512,1000.000550,1000.000571,1000.000559,1000.000512,1000.000443,1000.000364,1000.000286,1000.000207,1000.000117,0.000000,0.000000,0.000000,0.000000,0.000000,0.000000,0.000000,0.000000,0.000000,0.000000,0.000000
0.000000,0.000000,0.000000,0.000000,0.000000,0.000000,0.000000,0.000000,0.000000,0.000000,0.000000,1000.000184,1000.000267,1000.000346,1000.000427,1000.000501,1000.000554,1000.000570,1000.000551,1000.000513,1000.000469,1000.000424,1000.000384,1000.000345,1000.000306,1000.000268,1000.000233,1000.000199,1000.000166,1000.000134,1000.000104,1000.000075,1000.000048,1000.000022,999.999998,999.999975,999.999953,999.999933,999.999914,999.999897,999.999881,999.999866,999.999853,999.999841,999.999831,999.999822,999.999814,999.999808,999.999803,999.999800,999.999798,999.999797,999.999798,999.999800,999.999803,999.999808,999.999814,999.999822,999.999831,999.999841,999.999853,999.999866,999.999881,999.999897,999.999914,999.999933,999.999953,999.999975,999.999998,1000.000022,1000.000048,1000.000075,1000.000104,1000.000134,1000.000166,1000.000199,1000.000233,1000.000268,1000.000306,1000.000345,1000.000384,1000.000424,1000.000469,1000.000513,1000.000551,1000.000570,1000.000554,1000.000501,1000.000427,1000.000346,1000.000267,1000.000184,0.000000,0.000000,0.000000,0.000000,0.000000,0.000000,0.000000,0.000000,0.000000,0.000000,0.000000
0.000000,0.000000,0.000000,0.000000,0.000000,0.000000,0.000000,0.000000,0.000000,0.000000,1000.000159,1000.000248,1000.000326,1000.000406,1000.000483,1000.000544,1000.000570,1000.000555,1000.000517,1000.000472,1000.000427,1000.000385,1000.000345,1000.000304,1000.000265,1000.000229,1000.000193,1000.000159,1000.000126,1000.000094,1000.000064,1000.000036,1000.000008,999.999982,999.999958,999.999935,999.999913,999.999893,999.999874,999.999857,999.999841,999.999826,999.999813,999.999801,999.999791,999.999782,999.999774,999.999768,999.999763,999.999760,999.999758,999.999757,999.999758,999.999760,999.999763,999.999768,999.999774,999.999782,999.999791,999.999801,999.999813,999.999826,999.999841,999.999857,999.999874,999.999893,999.999913,999.999935,999.999958,999.999982,1000.000008,1000.000036,1000.000064,1000.000094,1000.000126,1000.000159,1000.000193,1000.000229,1000.000265,1000.000304,1000.000345,1000.000385,1000.000427,1000.000472,1000.000517,1000.000555,1000.000570,1000.000544,1000.000483,1000.000406,1000.000326,1000.000248,1000.000159,0.000000,0.000000,0.000000,0.000000,0.000000,0.000000,0.000000,0.000000,0.000000,0.000000
0.000000,0.000000,0.000000,0.000000,0.000000,0.000000,0.000000,0.000000,0.000000,1000.000131,1000.000223,1000.000305,1000.000386,1000.000464,1000.000530,1000.000568,1000.000563,1000.000526,1000.000479,1000.000432,1000.000389,1000.000347,1000.000306,1000.000265,1000.000227,1000.000190,1000.000155,1000.000120,1000.000087,1000.000056,1000.000026,999.999997,999.999970,999.999944,999.999920,999.999897,999.999875,999.999855,999.999836,999.999818,999.999802,999.999788,999.999775,999.999763,999.999752,999.999743,999.999736,999.999730,999.999725,999.999721,999.999719,999.999718,999.999719,999.999721,999.999725,999.999730,999.999736,999.999743,999.999752,999.999763,999.999775,999.999788,999.999802,999.999818,999.999836,999.999855,999.999875,999.999897,999.999920,999.999944,999.999970,999.999997,1000.000026,1000.000056,1000.000087,1000.000120,1000.000155,1000.000190,1000.000227,1000.000265,1000.000306,1000.000347,1000.000389,1000.000432,1000.000479,1000.000526,1000.000563,1000.000568,1000.000530,1000.000464,1000.000386,1000.000305,1000.000223,1000.000131,0.000000,0.000000,0.000000,0.000000,0.000000,0.000000,0.000000,0.000000,0.000000
0.000000,0.000000,0.000000,0.000000,0.000000,0.000000,0.000000,0.000000,0.000000,1000.000191,1000.000278,1000.000362,1000.000445,1000.000517,1000.000563,1000.000569,1000.000540,1000.000492,1000.000442,1000.000396,1000.000353,1000.000310,1000.000268,1000.000229,1000.000190,1000.000153,1000.000117,1000.000083,1000.000050,1000.000019,999.999989,999.999960,999.999933,999.999907,999.999883,999.999860,999.999838,999.999818,999.999799,999.999781,999.999765,999.999751,999.999738,999.999726,999.999715,999.999706,999.999699,999.999692,999.999688,999.999684,999.999682,999.999681,999.999682,999.999684,999.999688,999.999692,999.999699,999.999706,999.999715,999.999726,999.999738,999.999751,999.999765,999.999781,999.999799,999.999818,999.999838,999.999860,999.999883,999.999907,999.999933,999.999960,999.999989,1000.000019,1000.000050,1000.000083,1000.000117,1000.000153,1000.000190,1000.000229,1000.000268,1000.000310,1000.000353,1000.000396,1000.000442,1000.000492,1000.000540,1000.000569,1000.000563,1000.000517,1000.000445,1000.000362,1000.000278,1000.000191,0.000000,0.000000,0.000000,0.000000,0.000000,0.000000,0.000000,0.000000,0.000000
0.000000,0.000000,0.000000,0.000000,0.000000,0.000000,0.000000,0.000000,1000.000153,1000.000247,1000.000332,1000.000418,1000.000498,1000.000554,1000.000571,1000.000549,1000.000505,1000.000455,1000.000406,1000.000361,1000.000317,1000.000274,1000.000233,1000.000193,1000.000155,1000.000117,1000.000082,1000.000048,1000.000015,999.999983,999.999953,999.999925,999.999897,999.999872,999.999847,999.999824,999.999802,999.999782,999.999763,999.999746,999.999730,999.999715,999.999702,999.999690,999.999680,999.999671,999.999663,999.999657,999.999652,999.999648,999.999646,999.999646,999.999646,999.999648,999.999652,999.999657,999.999663,999.999671,999.999680,999.999690,999.999702,999.999715,999.999730,999.999746,999.999763,999.999782,999.999802,999.999824,999.999847,999.999872,999.999897,999.999925,999.999953,999.999983,1000.000015,1000.000048,1000.000082,1000.000117,1000.000155,1000.000193,1000.000233,1000.000274,1000.000317,1000.000361,1000.000406,1000.000455,1000.000505,1000.000549,1000.000571,1000.000554,1000.000498,1000.000418,1000.000332,1000.000247,1000.000153,0.000000,0.000000,0.000000,0.000000,0.000000,0.000000,0.000000,0.000000
0.000000,0.000000,0.000000,0.000000,0.000000,0.000000,0.000000,0.000000,1000.000207,1000.000296,1000.000383,1000.000469,1000.000539,1000.000570,1000.000556,1000.000516,1000.000467,1000.000418,1000.000372,1000.000327,1000.000282,1000.000240,1000.000199,1000.000159,1000.000120,1000.000083,1000.000048,1000.000013,999.999981,999.999949,999.999919,999.999890,999.999863,999.999837,999.999813,999.999790,999.999768,999.999748,999.999729,999.999712,999.999696,999.999681,999.999668,999.999656,999.999645,999.999636,999.999629,999.999623,999.999618,999.999614,999.999612,999.999611,999.999612,999.999614,999.999618,999.999623,999.999629,999.999636,999.999645,999.999656,999.999668,999.999681,999.999696,999.999712,999.999729,999.999748,999.999768,999.999790,999.999813,999.999837,999.999863,999.999890,999.999919,999.999949,999.999981,1000.000013,1000.000048,1000.000083,1000.000120,1000.000159,1000.000199,1000.000240,1000.000282,1000.000327,1000.000372,1000.000418,1000.000467,1000.000516,1000.000556,1000.000570,1000.000539,1000.000469,1000.000383,1000.000296,1000.000207,0.000000,0.000000,0.000000,0.000000,0.000000,0.000000,0.000000,0.000000
0.000000,0.000000,0.000000,0.000000,0.000000,0.000000,0.000000,1000.000161,1000.000258,1000.000345,1000.000433,1000.000513,1000.000563,1000.000566,1000.000531,1000.000482,1000.000432,1000.000385,1000.000339,1000.000293,1000.000249,1000.000207,1000.000166,1000.000126,1000.000087,1000.000050,1000.000015,999.999981,999.999948,999.999916,999.999886,999.999858,999.999830,999.999805,999.999780,999.999757,999.999735,999.999715,999.999696,999.999679,999.999663,999.999648,999.999635,999.999623,999.999613,999.999604,999.999596,999.999590,999.999585,999.999581,999.999579,999.999579,999.999579,999.999581,999.999585,999.999590,999.999596,999.999604,999.999613,999.999623,999.999635,999.999648,999.999663,999.999679,999.999696,999.999715,999.999735,999.999757,999.999780,999.999805,999.999830,999.999858,999.999886,999.999916,999.999948,999.999981,1000.000015,1000.000050,1000.000087,1000.000126,1000.000166,1000.000207,1000.000249,1000.000293,1000.000339,1000.000385,1000.000432,1000.000482,1000.000531,1000.000566,1000.000563,1000.000513,1000.000433,1000.000345,1000.000258,1000.000161,0.000000,0.000000,0.000000,0.000000,0.000000,0.000000,0.000000
0.000000,0.000000,0.000000,0.000000,0.000000,0.000000,0.000000,1000.000211,1000.000303,1000.000391,1000.000478,1000.000546,1000.000572,1000.000549,1000.000502,1000.000450,1000.000401,1000.000354,1000.000307,1000.000262,1000.000218,1000.000175,1000.000134,1000.000094,1000.000056,1000.000019,999.999983,999.999949,999.999916,999.999885,999.999855,999.999826,999.999799,999.999773,999.999749,999.999726,999.999704,999.999684,999.999665,999.999647,999.999631,999.999617,999.999604,999.999592,999.999581,999.999572,999.999565,999.999558,999.999553,999.999550,999.999548,999.999547,999.999548,999.999550,999.999553,999.999558,999.999565,999.999572,999.999581,999.999592,999.999604,999.999617,999.999631,999.999647,999.999665,999.999684,999.999704,999.999726,999.999749,999.999773,999.999799,999.999826,999.999855,999.999885,999.999916,999.999949,999.999983,1000.000019,1000.000056,1000.000094,1000.000134,1000.000175,1000.000218,1000.000262,1000.000307,1000.000354,1000.000401,1000.000450,1000.000502,1000.000549,1000.000572,1000.000546,1000.000478,1000.000391,1000.000303,1000.000211,0.000000,0.000000,0.000000,0.000000,0.000000,0.000000,0.000000
0.000000,0.000000,0.000000,0.000000,0.000000,0.000000,1000.000162,1000.000260,1000.000348,1000.000437,1000.000517,1000.000566,1000.000566,1000.000525,1000.000472,1000.000420,1000.000372,1000.000324,1000.000277,1000.000232,1000.000188,1000.000145,1000.000104,1000.000064,1000.000026,999.999989,999.999953,999.999919,999.999886,999.999855,999.999825,999.999796,999.999769,999.999743,999.999719,999.999696,999.999674,999.999654,999.999635,999.999617,999.999601,999.999587,999.999574,999.999562,999.999551,999.999542,999.999534,999.999528,999.999523,999.999520,999.999518,999.999517,999.999518,999.999520,999.999523,999.999528,999.999534,999.999542,999.999551,999.999562,999.999574,999.999587,999.999601,999.999617,999.999635,999.999654,999.999674,999.999696,999.999719,999.999743,999.999769,999.999796,999.999825,999.999855,999.999886,999.999919,999.999953,999.999989,1000.000026,1000.000064,1000.000104,1000.000145,1000.000188,1000.000232,1000.000277,1000.000324,1000.000372,1000.000420,1000.000472,1000.000525,1000.000566,1000.000566,1000.000517,1000.000437,1000.000348,1000.000260,1000.000162,0.000000,0.000000,0.000000,0.000000,0.000000,0.000000
0.000000,0.000000,0.000000,0.000000,0.000000,0.000000,1000.000208,1000.000302,1000.000391,1000.000479,1000.000548,1000.000572,1000.000548,1000.000498,1000.000443,1000.000392,1000.000343,1000.000295,1000.000248,1000.000203,1000.000159,1000.000116,1000.000075,1000.000036,999.999997,999.999960,999.999925,999.999890,999.999858,999.999826,999.999796,999.999768,999.999740,999.999714,999.999690,999.999667,999.999645,999.999625,999.999606,999.999589,999.999573,999.999558,999.999545,999.999533,999.999523,999.999514,999.999506,999.999500,999.999495,999.999491,999.999489,999.999488,999.999489,999.999491,999.999495,999.999500,999.999506,999.999514,999.999523,999.999533,999.999545,999.999558,999.999573,999.999589,999.999606,999.999625,999.999645,999.999667,999.999690,999.999714,999.999740,999.999768,999.999796,999.999826,999.999858,999.999890,999.999925,999.999960,999.999997,1000.000036,1000.000075,1000.000116,1000.000159,1000.000203,1000.000248,1000.000295,1000.000343,1000.000392,1000.000443,1000.000498,1000.000548,1000.000572,1000.000548,1000.000479,1000.000391,1000.000302,1000.000208,0.000000,0.000000,0.000000,0.000000,0.000000,0.000000
0.000000,0.000000,0.000000,0.000000,0.000000,1000.000154,1000.000254,1000.000344,1000.000434,1000.000516,1000.000566,1000.000566,1000.000525,1000.000469,1000.000416,1000.000366,1000.000316,1000.000267,1000.000221,1000.000176,1000.000132,1000.000089,1000.000048,1000.000008,999.999970,999.999933,999.999897,999.999863,999.999830,999.999799,999.999769,999.999740,999.999713,999.999687,999.999663,999.999640,999.999618,999.999598,999.999579,999.999562,999.999546,999.999531,999.999518,999.999506,999.999495,999.999486,999.999479,999.999472,999.999467,999.999464,999.999462,999.999461,999.999462,999.999464,999.999467,999.999472,999.999479,999.999486,999.999495,999.999506,999.999518,999.999531,999.999546,999.999562,999.999579,999.999598,999.999618,999.999640,999.999663,999.999687,999.999713,999.999740,999.999769,999.999799,999.999830,999.999863,999.999897,999.999933,999.999970,1000.000008,1000.000048,1000.000089,1000.000132,1000.000176,1000.000221,1000.000267,1000.000316,1000.000366,1000.000416,1000.000469,1000.000525,1000.000566,1000.000566,1000.000516,1000.000434,1000.000344,1000.000254,1000.000154,0.000000,0.000000,0.000000,0.000000,0.000000
0.000000,0.000000,0.000000,0.000000,0.000000,1000.000196,1000.000292,1000.000384,1000.000474,1000.000545,1000.000572,1000.000549,1000.000498,1000.000443,1000.000390,1000.000340,1000.000290,1000.000242,1000.000195,1000.000150,1000.000106,1000.000063,1000.000022,999.999982,999.999944,999.999907,999.999872,999.999837,999.999805,999.999773,999.999743,999.999714,999.999687,999.999661,999.999637,999.999614,999.999592,999.999572,999.999553,999.999536,999.999520,999.999505,999.999492,999.999480,999.999469,999.999460,999.999453,999.999446,999.999442,999.999438,999.999436,999.999435,999.999436,999.999438,999.999442,999.999446,999.999453,999.999460,999.999469,999.999480,999.999492,999.999505,999.999520,999.999536,999.999553,999.999572,999.999592,999.999614,999.999637,999.999661,999.999687,999.999714,999.999743,999.999773,999.999805,999.999837,999.999872,999.999907,999.999944,999.999982,1000.000022,1000.000063,1000.000106,1000.000150,1000.000195,1000.000242,1000.000290,1000.000340,1000.000390,1000.000443,1000.000498,1000.000549,1000.000572,1000.000545,1000.000474,1000.000384,1000.000292,1000.000196,0.000000,0.000000,0.000000,0.000000,0.000000
0.000000,0.000000,0.000000,0.000000,1000.000135,1000.000236,1000.000328,1000.000422,1000.000509,1000.000564,1000.000566,1000.000526,1000.000472,1000.000417,1000.000366,1000.000315,1000.000265,1000.000217,1000.000171,1000.000125,1000.000081,1000.000039,999.999998,999.999958,999.999920,999.999883,999.999847,999.999813,999.999780,999.999749,999.999719,999.999690,999.999663,999.999637,999.999613,999.999590,999.999568,999.999548,999.999529,999.999511,999.999495,999.999481,999.999467,999.999456,999.999445,999.999436,999.999428,999.999422,999.999417,999.999414,999.999412,999.999411,999.999412,999.999414,999.999417,999.999422,999.999428,999.999436,999.999445,999.999456,999.999467,999.999481,999.999495,999.999511,999.999529,999.999548,999.999568,999.999590,999.999613,999.999637,999.999663,999.999690,999.999719,999.999749,999.999780,999.999813,999.999847,999.999883,999.999920,999.999958,999.999998,1000.000039,1000.000081,1000.000125,1000.000171,1000.000217,1000.000265,1000.000315,1000.000366,1000.000417,1000.000472,1000.000526,1000.000566,1000.000564,1000.000509,1000.000422,1000.000328,1000.000236,1000.000135,0.000000,0.000000,0.000000,0.000000
0.000000,0.000000,0.000000,0.000000,1000.000172,1000.000269,1000.000362,1000.000457,1000.000536,1000.000571,1000.000552,1000.000502,1000.000447,1000.000394,1000.000343,1000.000291,1000.000242,1000.000194,1000.000147,1000.000102,1000.000058,1000.000016,999.999975,999.999935,999.999897,999.999860,999.999824,999.999790,999.999757,999.999726,999.999696,999.999667,999.999640,999.999614,999.999590,999.999566,999.999545,999.999525,999.999506,999.999488,999.999472,999.999458,999.999444,999.999432,999.999422,999.999413,999.999405,999.999399,999.999394,999.999391,999.999389,999.999388,999.999389,999.999391,999.999394,999.999399,999.999405,999.999413,999.999422,999.999432,999.999444,999.999458,999.999472,999.999488,999.999506,999.999525,999.999545,999.999566,999.999590,999.999614,999.999640,999.999667,999.999696,999.999726,999.999757,999.999790,999.999824,999.999860,999.999897,999.999935,999.999975,1000.000016,1000.000058,1000.000102,1000.000147,1000.000194,1000.000242,1000.000291,1000.000343,1000.000394,1000.000447,1000.000502,1000.000552,1000.000571,1000.000536,1000.000457,1000.000362,1000.000269,1000.000172,0.000000,0.000000,0.000000,0.000000
