0.000000,0.000000,0.000000,0.000000,0.000000,0.000000,0.000000,0.000000,0.000000,0.000000,0.000000,0.000000,0.000000,0.000000,0.000000,0.000000,0.000000,0.000000,0.000000,0.000000,0.000000,0.000000,0.000000,0.000000,0.000000,0.000000,0.000000,0.000000,0.000000,0.000000,0.000000,0.000000,0.000000,0.000000,0.000000,0.000000,0.000000,0.000000,0.000000,0.000000,0.000000,0.000000,0.000000,0.000000,0.000000,0.000000,0.000000,0.000000,0.000000,0.000000,0.000000,0.000000,0.000000,0.000000,0.000000,0.000000,0.000000,0.000000,0.000000,0.000000,0.000000,0.000000,0.000000,0.000000,0.000000,0.000000,0.000000,0.000000,0.000000,0.000000,0.000000,0.000000,0.000000,0.000000,0.000000,0.000000,0.000000,0.000000,0.000000,0.000000,0.000000,0.000000,0.000000,0.000000,0.000000,0.000000,0.000000,0.000000,0.000000,0.000000,0.000000,0.000000,0.000000,0.000000,0.000000,0.000000,0.000000,0.000000,0.000000,0.000000,0.000000,0.000000,0.000000
0.000000,0.000000,0.000000,0.000000,0.000000,0.000000,0.000000,0.000000,0.000000,0.000000,0.000000,0.000000,0.000000,0.000000,0.000000,0.000000,0.000000,0.000000,0.000000,0.000000,0.000000,0.000000,0.000000,0.000000,0.000000,0.000000,0.000000,0.000000,0.000000,0.000000,0.000000,0.000000,0.000000,0.000000,0.000000,0.000000,0.000000,0.000000,0.000000,0.000000,0.000000,0.000000,0.000000,0.000000,0.000000,0.000000,0.000000,0.000000,0.000000,0.000000,0.000000,1000.001011,0.000000,0.000000,0.000000,0.000000,0.000000,0.000000,0.000000,0.000000,0.000000,0.000000,0.000000,0.000000,0.000000,0.000000,0.000000,0.000000,0.000000,0.000000,0.000000,0.000000,0.000000,0.000000,0.000000,0.000000,0.000000,0.000000,0.000000,0.000000,0.000000,0.000000,0.000000,0.000000,0.000000,0.000000,0.000000,0.000000,0.000000,0.000000,0.000000,0.000000,0.000000,0.000000,0.000000,0.000000,0.000000,0.000000,0.000000,0.000000,0.000000,0.000000,0.000000
0.000000,0.000000,0.000000,0.000000,0.000000,0.000000,0.000000,0.000000,0.000000,0.000000,0.000000,0.000000,0.000000,0.000000,0.000000,0.000000,0.000000,0.000000,0.000000,0.000000,0.000000,0.000000,0.000000,0.000000,0.000000,0.000000,0.000000,0.000000,0.000000,0.000000,0.000000,0.000000,0.000000,0.000000,0.000000,0.000000,0.000000,0.000000,0.000000,0.000000,0.000000,0.000000,999.998513,999.996955,999.996971,999.997537,999.998080,999.998733,999.999216,1000.000158,1000.000704,1000.001028,1000.001247,1000.001822,1000.002563,1000.002976,1000.003483,1000.003706,1000.004168,1000.004175,1000.003203,0.000000,0.000000,0.000000,0.000000,0.000000,0.000000,0.000000,0.000000,0.000000,0.000000,0.000000,0.000000,0.000000,0.000000,0.000000,0.000000,0.000000,0.000000,0.000000,0.000000,0.000000,0.000000,0.000000,0.000000,0.000000,0.000000,0.000000,0.000000,0.000000,0.000000,0.000000,0.000000,0.000000,0.000000,0.000000,0.000000,0.000000,0.000000,0.000000,0.000000,0.000000,0.000000
0.000000,0.000000,0.000000,0.000000,0.000000,0.000000,0.000000,0.000000,0.000000,0.000000,0.000000,0.000000,0.000000,0.000000,0.000000,0.000000,0.000000,0.000000,0.000000,0.000000,0.000000,0.000000,0.000000,0.000000,0.000000,0.000000,0.000000,0.000000,0.000000,0.000000,0.000000,0.000000,0.000000,0.000000,0.000000,0.000000,0.000000,999.995180,999.993544,999.993500,999.994587,999.995939,999.997819,999.997636,999.997526,999.997700,999.998149,999.998668,999.999163,999.999753,1000.000545,1000.000903,1000.001075,1000.001794,1000.002347,1000.002750,1000.003173,1000.003552,1000.003665,1000.003649,1000.003514,1000.004653,1000.005447,1000.005923,1000.005987,1000.005136,0.000000,0.000000,0.000000,0.000000,0.000000,0.000000,0.000000,0.000000,0.000000,0.000000,0.000000,0.000000,0.000000,0.000000,0.000000,0.000000,0.000000,0.000000,0.000000,0.000000,0.000000,0.000000,0.000000,0.000000,0.000000,0.000000,0.000000,0.000000,0.000000,0.000000,0.000000,0.000000,0.000000,0.000000,0.000000,0.000000,0.000000
0.000000,0.000000,0.000000,0.000000,0.000000,0.000000,0.000000,0.000000,0.000000,0.000000,0.000000,0.000000,0.000000,0.000000,0.000000,0.000000,0.000000,0.000000,0.000000,0.000000,0.000000,0.000000,0.000000,0.000000,0.000000,0.000000,0.000000,0.000000,0.000000,0.000000,0.000000,0.000000,0.000000,0.000000,999.993126,999.991871,999.992928,999.994717,999.994489,999.994459,999.994892,999.996066,999.996848,999.997197,999.997440,999.997785,999.998236,999.998658,999.999231,999.999793,1000.000372,1000.000738,1000.001210,1000.001711,1000.002172,1000.002590,1000.002982,1000.003306,1000.003574,1000.003849,1000.003937,1000.004483,1000.005230,1000.005439,1000.005393,1000.005315,1000.006184,1000.006535,1000.006155,0.000000,0.000000,0.000000,0.000000,0.000000,0.000000,0.000000,0.000000,0.000000,0.000000,0.000000,0.000000,0.000000,0.000000,0.000000,0.000000,0.000000,0.000000,0.000000,0.000000,0.000000,0.000000,0.000000,0.000000,0.000000,0.000000,0.000000,0.000000,0.000000,0.000000,0.000000,0.000000,0.000000,0.000000
0.000000,0.000000,0.000000,0.000000,0.000000,0.000000,0.000000,0.000000,0.000000,0.000000,0.000000,0.000000,0.000000,0.000000,0.000000,0.000000,0.000000,0.000000,0.000000,0.000000,0.000000,0.000000,0.000000,0.000000,0.000000,0.000000,0.000000,0.000000,0.000000,0.000000,0.000000,0.000000,999.992344,999.991345,999.992811,999.992872,999.993357,999.993869,999.994139,999.994732,999.995081,999.995838,999.996412,999.996789,999.997316,999.997793,999.998143,999.998636,999.999249,999.999764,1000.000219,1000.000606,1000.001126,1000.001661,1000.002041,1000.002440,1000.002885,1000.003118,1000.003535,1000.003751,1000.004045,1000.004478,1000.004879,1000.005188,1000.005419,1000.005632,1000.005880,1000.006115,1000.006142,1000.006798,1000.006351,0.000000,0.000000,0.000000,0.000000,0.000000,0.000000,0.000000,0.000000,0.000000,0.000000,0.000000,0.000000,0.000000,0.000000,0.000000,0.000000,0.000000,0.000000,0.000000,0.000000,0.000000,0.000000,0.000000,0.000000,0.000000,0.000000,0.000000,0.000000,0.000000,0.000000,0.000000,0.000000
0.000000,0.000000,0.000000,0.000000,0.000000,0.000000,0.000000,0.000000,0.000000,0.000000,0.000000,0.000000,0.000000,0.000000,0.000000,0.000000,0.000000,0.000000,0.000000,0.000000,0.000000,0.000000,0.000000,0.000000,0.000000,0.000000,0.000000,0.000000,0.000000,0.000000,999.990902,999.989892,999.991734,999.992222,999.992599,999.992859,999.993283,999.993574,999.994156,999.994589,999.995076,999.995703,999.996247,999.996663,999.997197,999.997626,999.998204,999.998592,999.999145,999.999526,1000.000040,1000.000524,1000.001031,1000.001517,1000.001836,1000.002320,1000.002676,1000.003137,1000.003485,1000.003844,1000.004152,1000.004504,1000.004777,1000.005097,1000.005311,1000.005584,1000.005766,1000.006035,1000.006107,1000.006324,1000.006558,1000.007261,1000.006975,0.000000,0.000000,0.000000,0.000000,0.000000,0.000000,0.000000,0.000000,0.000000,0.000000,0.000000,0.000000,0.000000,0.000000,0.000000,0.000000,0.000000,0.000000,0.000000,0.000000,0.000000,0.000000,0.000000,0.000000,0.000000,0.000000,0.000000,0.000000,0.000000,0.000000
0.000000,0.000000,0.000000,0.000000,0.000000,0.000000,0.000000,0.000000,0.000000,0.000000,0.000000,0.000000,0.000000,0.000000,0.000000,0.000000,0.000000,0.000000,0.000000,0.000000,0.000000,0.000000,0.000000,0.000000,0.000000,0.000000,0.000000,0.000000,999.989495,999.988561,999.990384,999.991004,999.991393,999.991833,999.992171,999.992719,999.993096,999.993576,999.994105,999.994477,999.995064,999.995472,999.995995,999.996634,999.997093,999.997553,999.998073,999.998556,999.998978,999.999508,999.999989,1000.000451,1000.001001,1000.001346,1000.001837,1000.002301,1000.002571,1000.003045,1000.003299,1000.003720,1000.004111,1000.004373,1000.004711,1000.005038,1000.005251,1000.005573,1000.005768,1000.006077,1000.006229,1000.006439,1000.006546,1000.006771,1000.006998,1000.007657,1000.007355,0.000000,0.000000,0.000000,0.000000,0.000000,0.000000,0.000000,0.000000,0.000000,0.000000,0.000000,0.000000,0.000000,0.000000,0.000000,0.000000,0.000000,0.000000,0.000000,0.000000,0.000000,0.000000,0.000000,0.000000,0.000000,0.000000,0.000000,0.000000
0.000000,0.000000,0.000000,0.000000,0.000000,0.000000,0.000000,0.000000,0.000000,0.000000,0.000000,0.000000,0.000000,0.000000,0.000000,0.000000,0.000000,0.000000,0.000000,0.000000,0.000000,0.000000,0.000000,0.000000,0.000000,0.000000,999.988163,999.987352,999.989066,999.989730,999.990160,999.990588,999.991067,999.991637,999.992007,999.992415,999.992855,999.993392,999.993920,999.994325,999.994867,999.995258,999.995767,999.996507,999.996932,999.997404,999.997814,999.998390,999.998878,999.999383,999.999868,1000.000436,1000.000797,1000.001305,1000.001797,1000.002234,1000.002568,1000.002978,1000.003281,1000.003618,1000.004066,1000.004300,1000.004689,1000.004973,1000.005275,1000.005495,1000.005793,1000.005980,1000.006203,1000.006415,1000.006659,1000.006755,1000.007003,1000.007141,1000.007442,1000.007933,1000.007753,0.000000,0.000000,0.000000,0.000000,0.000000,0.000000,0.000000,0.000000,0.000000,0.000000,0.000000,0.000000,0.000000,0.000000,0.000000,0.000000,0.000000,0.000000,0.000000,0.000000,0.000000,0.000000,0.000000,0.000000,0.000000,0.000000
0.000000,0.000000,0.000000,0.000000,0.000000,0.000000,0.000000,0.000000,0.000000,0.000000,0.000000,0.000000,0.000000,0.000000,0.000000,0.000000,0.000000,0.000000,0.000000,0.000000,0.000000,0.000000,0.000000,0.000000,999.987234,999.986699,999.987978,999.988509,999.988936,999.989428,999.989800,999.990361,999.990958,999.991352,999.991848,999.992275,999.992838,999.993304,999.993729,999.994232,999.994767,999.995248,999.995816,999.996246,999.996777,999.997270,999.997860,999.998307,999.998905,999.999305,999.999792,1000.000351,1000.000817,1000.001157,1000.001584,1000.002012,1000.002504,1000.002949,1000.003234,1000.003709,1000.003957,1000.004321,1000.004589,1000.004967,1000.005219,1000.005469,1000.005704,1000.005875,1000.006176,1000.006468,1000.006705,1000.006854,1000.007094,1000.007240,1000.007431,1000.007626,1000.007731,1000.008093,1000.008030,0.000000,0.000000,0.000000,0.000000,0.000000,0.000000,0.000000,0.000000,0.000000,0.000000,0.000000,0.000000,0.000000,0.000000,0.000000,0.000000,0.000000,0.000000,0.000000,0.000000,0.000000,0.000000,0.000000,0.000000
0.000000,0.000000,0.000000,0.000000,0.000000,0.000000,0.000000,0.000000,0.000000,0.000000,0.000000,0.000000,0.000000,0.000000,0.000000,0.000000,0.000000,0.000000,0.000000,0.000000,0.000000,0.000000,0.000000,999.987423,999.987201,999.987525,999.987869,999.988325,999.988745,999.989260,999.989702,999.990259,999.990725,999.991096,999.991618,999.992071,999.992625,999.993060,999.993390,999.994036,999.994540,999.995114,999.995646,999.996038,999.996613,999.997158,999.997701,999.998139,999.998724,999.999217,999.999691,1000.000142,1000.000637,1000.001084,1000.001498,1000.001974,1000.002434,1000.002787,1000.003169,1000.003582,1000.003881,1000.004192,1000.004610,1000.004813,1000.005142,1000.005487,1000.005788,1000.006002,1000.006195,1000.006398,1000.006677,1000.006870,1000.006993,1000.007253,1000.007374,1000.007563,1000.007735,1000.007884,1000.008014,1000.007898,0.000000,0.000000,0.000000,0.000000,0.000000,0.000000,0.000000,0.000000,0.000000,0.000000,0.000000,0.000000,0.000000,0.000000,0.000000,0.000000,0.000000,0.000000,0.000000,0.000000,0.000000,0.000000,0.000000
0.000000,0.000000,0.000000,0.000000,0.000000,0.000000,0.000000,0.000000,0.000000,0.000000,0.000000,0.000000,0.000000,0.000000,0.000000,0.000000,0.000000,0.000000,0.000000,0.000000,0.000000,999.985921,999.985542,999.987031,999.987310,999.987540,999.987852,999.988288,999.988743,999.989144,999.989641,999.990013,999.990486,999.990952,999.991421,999.991854,999.992419,999.992787,999.993326,999.993910,999.994334,999.994900,999.995478,999.995964,999.996445,999.997035,999.997562,999.998094,999.998541,999.999068,999.999642,1000.000024,1000.000507,1000.001135,1000.001555,1000.001997,1000.002375,1000.002666,1000.003146,1000.003508,1000.003943,1000.004200,1000.004600,1000.004802,1000.005187,1000.005424,1000.005707,1000.005948,1000.006156,1000.006278,1000.006539,1000.006811,1000.006971,1000.007175,1000.007281,1000.007479,1000.007637,1000.007689,1000.007905,1000.008035,1000.008315,1000.008296,0.000000,0.000000,0.000000,0.000000,0.000000,0.000000,0.000000,0.000000,0.000000,0.000000,0.000000,0.000000,0.000000,0.000000,0.000000,0.000000,0.000000,0.000000,0.000000,0.000000,0.000000
0.000000,0.000000,0.000000,0.000000,0.000000,0.000000,0.000000,0.000000,0.000000,0.000000,0.000000,0.000000,0.000000,0.000000,0.000000,0.000000,0.000000,0.000000,0.000000,0.000000,999.986132,999.986067,999.986431,999.986804,999.987073,999.987609,999.987894,999.988234,999.988600,999.989020,999.989352,999.989804,999.990333,999.990696,999.991196,999.991670,999.992135,999.992577,999.993180,999.993717,999.994098,999.994677,999.995250,999.995754,999.996358,999.996941,999.997403,999.998003,999.998408,999.999006,999.999556,1000.000035,1000.000483,1000.001003,1000.001472,1000.001770,1000.002271,1000.002677,1000.003130,1000.003421,1000.003817,1000.004137,1000.004480,1000.004781,1000.005090,1000.005279,1000.005562,1000.005883,1000.006193,1000.006390,1000.006573,1000.006831,1000.007021,1000.007220,1000.007403,1000.007551,1000.007692,1000.007734,1000.007781,1000.008050,1000.008123,1000.008253,1000.008334,0.000000,0.000000,0.000000,0.000000,0.000000,0.000000,0.000000,0.000000,0.000000,0.000000,0.000000,0.000000,0.000000,0.000000,0.000000,0.000000,0.000000,0.000000,0.000000,0.000000
0.000000,0.000000,0.000000,0.000000,0.000000,0.000000,0.000000,0.000000,0.000000,0.000000,0.000000,0.000000,0.000000,0.000000,0.000000,0.000000,0.000000,0.000000,0.000000,999.985784,999.986095,999.986275,999.986574,999.986783,999.987090,999.987524,999.987590,999.988056,999.988465,999.988783,999.989176,999.989714,999.990051,999.990476,999.990966,999.991448,999.991846,999.992377,999.992922,999.993423,999.994010,999.994515,999.995046,999.995603,999.996269,999.996696,999.997208,999.997795,999.998311,999.998931,999.999361,999.999909,1000.000383,1000.000846,1000.001309,1000.001704,1000.002270,1000.002694,1000.003041,1000.003332,1000.003765,1000.004101,1000.004461,1000.004843,1000.005062,1000.005354,1000.005581,1000.005866,1000.006103,1000.006367,1000.006491,1000.006738,1000.006987,1000.007083,1000.007296,1000.007454,1000.007648,1000.007794,1000.007866,1000.007980,1000.008022,1000.008153,1000.008177,1000.008212,0.000000,0.000000,0.000000,0.000000,0.000000,0.000000,0.000000,0.000000,0.000000,0.000000,0.000000,0.000000,0.000000,0.000000,0.000000,0.000000,0.000000,0.000000,0.000000
0.000000,0.000000,0.000000,0.000000,0.000000,0.000000,0.000000,0.000000,0.000000,0.000000,0.000000,0.000000,0.000000,0.000000,0.000000,0.000000,0.000000,0.000000,999.985570,999.985871,999.986094,999.986312,999.986577,999.986720,999.987081,999.987344,999.987651,999.988076,999.988343,999.988616,999.989065,999.989466,999.989791,999.990241,999.990669,999.991158,999.991634,999.992163,999.992683,999.993216,999.993716,999.994295,999.994830,999.995471,999.996004,999.996504,999.997121,999.997742,999.998340,999.998778,999.999274,999.999804,1000.000370,1000.000796,1000.001301,1000.001776,1000.002118,1000.002621,1000.002955,1000.003298,1000.003764,1000.004105,1000.004320,1000.004700,1000.004992,1000.005361,1000.005660,1000.005867,1000.006037,1000.006328,1000.006505,1000.006645,1000.006905,1000.007141,1000.007226,1000.007338,1000.007575,1000.007756,1000.007835,1000.007901,1000.008032,1000.008060,1000.008143,1000.008268,1000.008497,0.000000,0.000000,0.000000,0.000000,0.000000,0.000000,0.000000,0.000000,0.000000,0.000000,0.000000,0.000000,0.000000,0.000000,0.000000,0.000000,0.000000,0.000000
0.000000,0.000000,0.000000,0.000000,0.000000,0.000000,0.000000,0.000000,0.000000,0.000000,0.000000,0.000000,0.000000,0.000000,0.000000,0.000000,0.000000,999.985408,999.985670,999.985836,999.986046,999.986327,999.986414,999.986735,999.987031,999.987257,999.987522,999.987835,999.988031,999.988414,999.988829,999.989132,999.989515,999.990012,999.990431,999.990851,999.991391,999.991891,999.992398,999.992894,999.993461,999.994093,999.994661,999.995242,999.995760,999.996387,999.997050,999.997568,999.998122,999.998639,999.999244,999.999821,1000.000298,1000.000715,1000.001269,1000.001745,1000.002052,1000.002485,1000.002985,1000.003400,1000.003699,1000.004079,1000.004369,1000.004666,1000.004971,1000.005293,1000.005518,1000.005763,1000.006014,1000.006331,1000.006566,1000.006663,1000.006868,1000.007033,1000.007274,1000.007376,1000.007447,1000.007652,1000.007843,1000.007881,1000.007965,1000.008128,1000.008062,1000.008175,1000.008315,1000.008333,0.000000,0.000000,0.000000,0.000000,0.000000,0.000000,0.000000,0.000000,0.000000,0.000000,0.000000,0.000000,0.000000,0.000000,0.000000,0.000000,0.000000
0.000000,0.000000,0.000000,0.000000,0.000000,0.000000,0.000000,0.000000,0.000000,0.000000,0.000000,0.000000,0.000000,0.000000,0.000000,0.000000,999.985316,999.985455,999.985716,999.985834,999.986189,999.986341,999.986530,999.986902,999.986901,999.987100,999.987362,999.987634,999.987959,999.988306,999.988576,999.988835,999.989288,999.989736,999.990125,999.990583,999.991074,999.991523,999.992067,999.992654,999.993273,999.993873,999.994452,999.995098,999.995675,999.996286,999.996953,999.997425,999.998024,999.998596,999.999198,999.999685,1000.000192,1000.000618,1000.001146,1000.001651,1000.002106,1000.002436,1000.002880,1000.003286,1000.003551,1000.003983,1000.004331,1000.004680,1000.004976,1000.005208,1000.005489,1000.005729,1000.005987,1000.006174,1000.006477,1000.006657,1000.006837,1000.006984,1000.007184,1000.007358,1000.007466,1000.007521,1000.007692,1000.007890,1000.007923,1000.008077,1000.008088,1000.008041,1000.008212,1000.008220,1000.008442,0.000000,0.000000,0.000000,0.000000,0.000000,0.000000,0.000000,0.000000,0.000000,0.000000,0.000000,0.000000,0.000000,0.000000,0.000000,0.000000
0.000000,0.000000,0.000000,0.000000,0.000000,0.000000,0.000000,0.000000,0.000000,0.000000,0.000000,0.000000,0.000000,0.000000,0.000000,999.985408,999.985455,999.985769,999.985867,999.985998,999.986290,999.986294,999.986545,999.986591,999.986759,999.987051,999.987333,999.987453,999.987727,999.987962,999.988202,999.988622,999.988990,999.989286,999.989719,999.990196,999.990720,999.991220,999.991893,999.992378,999.992887,999.993595,999.994159,999.994824,999.995434,999.996061,999.996677,999.997291,999.997964,999.998469,999.999034,999.999567,1000.000150,1000.000720,1000.001136,1000.001575,1000.002112,1000.002498,1000.002877,1000.003290,1000.003596,1000.003971,1000.004301,1000.004663,1000.004909,1000.005206,1000.005469,1000.005766,1000.006016,1000.006179,1000.006363,1000.006628,1000.006832,1000.006962,1000.007138,1000.007300,1000.007478,1000.007527,1000.007673,1000.007706,1000.007834,1000.007965,1000.008149,1000.008138,1000.008241,1000.008225,1000.008262,1000.008374,0.000000,0.000000,0.000000,0.000000,0.000000,0.000000,0.000000,0.000000,0.000000,0.000000,0.000000,0.000000,0.000000,0.000000,0.000000
0.000000,0.000000,0.000000,0.000000,0.000000,0.000000,0.000000,0.000000,0.000000,0.000000,0.000000,0.000000,0.000000,0.000000,999.985570,999.985670,999.985716,999.985867,999.985931,999.986109,999.986209,999.986246,999.986450,999.986563,999.986710,999.986985,999.987032,999.987202,999.987454,999.987668,999.987937,999.988376,999.988610,999.988971,999.989362,999.989906,999.990383,999.990876,999.991493,999.991984,999.992704,999.993345,999.993931,999.994618,999.995279,999.995959,999.996601,999.997254,999.997884,999.998499,999.999003,999.999632,1000.000087,1000.000658,1000.001088,1000.001510,1000.001987,1000.002471,1000.002808,1000.003251,1000.003657,1000.003974,1000.004258,1000.004578,1000.004881,1000.005153,1000.005472,1000.005698,1000.005904,1000.006202,1000.006340,1000.006498,1000.006776,1000.006939,1000.007012,1000.007244,1000.007400,1000.007502,1000.007650,1000.007743,1000.007782,1000.007826,1000.008004,1000.008033,1000.008132,1000.008218,1000.008204,1000.008311,1000.008230,0.000000,0.000000,0.000000,0.000000,0.000000,0.000000,0.000000,0.000000,0.000000,0.000000,0.000000,0.000000,0.000000,0.000000
0.000000,0.000000,0.000000,0.000000,0.000000,0.000000,0.000000,0.000000,0.000000,0.000000,0.000000,0.000000,0.000000,999.985784,999.985871,999.985836,999.985834,999.985998,999.986109,999.986141,999.986273,999.986333,999.986497,999.986536,999.986696,999.986759,999.986721,999.986974,999.987213,999.987350,999.987630,999.987881,999.988155,999.988605,999.989008,999.989492,999.989887,999.990407,999.991012,999.991685,999.992395,999.993056,999.993679,999.994473,999.995134,999.995837,999.996483,999.997076,999.997720,999.998397,999.999056,999.999550,1000.000070,1000.000579,1000.001115,1000.001636,1000.001995,1000.002421,1000.002811,1000.003183,1000.003539,1000.003963,1000.004228,1000.004475,1000.004875,1000.005098,1000.005389,1000.005638,1000.005843,1000.006123,1000.006315,1000.006497,1000.006689,1000.006917,1000.006952,1000.007169,1000.007315,1000.007431,1000.007530,1000.007710,1000.007824,1000.007808,1000.007918,1000.007913,1000.007968,1000.008141,1000.008099,1000.008221,1000.008264,1000.008249,0.000000,0.000000,0.000000,0.000000,0.000000,0.000000,0.000000,0.000000,0.000000,0.000000,0.000000,0.000000,0.000000
0.000000,0.000000,0.000000,0.000000,0.000000,0.000000,0.000000,0.000000,0.000000,0.000000,0.000000,0.000000,999.986132,999.986095,999.986094,999.986046,999.986189,999.986290,999.986209,999.986273,999.986279,999.986349,999.986396,999.986421,999.986486,999.986452,999.986646,999.986851,999.986906,999.987000,999.987258,999.987400,999.987738,999.988080,999.988538,999.988943,999.989448,999.990095,999.990706,999.991328,999.992011,999.992698,999.993437,999.994184,999.994939,999.995630,999.996375,999.997027,999.997717,999.998335,999.998995,999.999496,1000.000084,1000.000635,1000.001107,1000.001579,1000.002023,1000.002459,1000.002879,1000.003232,1000.003564,1000.003907,1000.004285,1000.004601,1000.004889,1000.005128,1000.005332,1000.005673,1000.005834,1000.006063,1000.006311,1000.006457,1000.006601,1000.006807,1000.007022,1000.007091,1000.007232,1000.007376,1000.007410,1000.007563,1000.007668,1000.007754,1000.007884,1000.007969,1000.007990,1000.008023,1000.008033,1000.008098,1000.008146,1000.008132,1000.008163,0.000000,0.000000,0.000000,0.000000,0.000000,0.000000,0.000000,0.000000,0.000000,0.000000,0.000000,0.000000
0.000000,0.000000,0.000000,0.000000,0.000000,0.000000,0.000000,0.000000,0.000000,0.000000,0.000000,999.985921,999.986067,999.986275,999.986312,999.986327,999.986341,999.986294,999.986246,999.986333,999.986349,999.986417,999.986315,999.986314,999.986382,999.986358,999.986470,999.986483,999.986427,999.986610,999.986787,999.987046,999.987287,999.987582,999.987965,999.988386,999.988948,999.989579,999.990200,999.990866,999.991602,999.992348,999.993204,999.993969,999.994708,999.995526,999.996285,999.997063,999.997710,999.998338,999.998935,999.999554,1000.000136,1000.000661,1000.001105,1000.001582,1000.002011,1000.002441,1000.002871,1000.003197,1000.003571,1000.003871,1000.004201,1000.004447,1000.004781,1000.005146,1000.005261,1000.005522,1000.005845,1000.005985,1000.006259,1000.006465,1000.006565,1000.006720,1000.006889,1000.007094,1000.007168,1000.007338,1000.007405,1000.007498,1000.007596,1000.007666,1000.007733,1000.007768,1000.007888,1000.007985,1000.007962,1000.008049,1000.008139,1000.008105,1000.008102,1000.008289,0.000000,0.000000,0.000000,0.000000,0.000000,0.000000,0.000000,0.000000,0.000000,0.000000,0.000000
0.000000,0.000000,0.000000,0.000000,0.000000,0.000000,0.000000,0.000000,0.000000,0.000000,0.000000,999.985542,999.986431,999.986574,999.986577,999.986414,999.986530,999.986545,999.986450,999.986497,999.986396,999.986315,999.986265,999.986265,999.986205,999.986086,999.986139,999.986017,999.986157,999.986279,999.986357,999.986485,999.986696,999.986978,999.987362,999.987863,999.988351,999.988958,999.989649,999.990452,999.991247,999.992103,999.992981,999.993784,999.994555,999.995502,999.996240,999.996978,999.997690,999.998352,999.999003,999.999605,1000.000184,1000.000681,1000.001160,1000.001672,1000.002122,1000.002449,1000.002845,1000.003265,1000.003581,1000.003942,1000.004230,1000.004508,1000.004701,1000.005068,1000.005354,1000.005486,1000.005754,1000.005937,1000.006075,1000.006327,1000.006535,1000.006647,1000.006785,1000.006951,1000.007055,1000.007214,1000.007308,1000.007449,1000.007543,1000.007613,1000.007692,1000.007769,1000.007780,1000.007825,1000.007889,1000.007879,1000.007992,1000.008096,1000.008034,1000.008249,0.000000,0.000000,0.000000,0.000000,0.000000,0.000000,0.000000,0.000000,0.000000,0.000000,0.000000
0.000000,0.000000,0.000000,0.000000,0.000000,0.000000,0.000000,0.000000,0.000000,0.000000,999.987423,999.987031,999.986804,999.986783,999.986720,999.986735,999.986902,999.986591,999.986563,999.986536,999.986421,999.986314,999.986265,999.986145,999.986024,999.986023,999.985887,999.985791,999.985811,999.985695,999.985671,999.985821,999.986037,999.986329,999.986701,999.987101,999.987669,999.988395,999.989101,999.989898,999.990798,999.991702,999.992602,999.993545,999.994481,999.995346,999.996106,999.996963,999.997813,999.998457,999.999099,999.999674,1000.000205,1000.000770,1000.001233,1000.001633,1000.002156,1000.002543,1000.002864,1000.003245,1000.003604,1000.003873,1000.004231,1000.004564,1000.004782,1000.004995,1000.005254,1000.005525,1000.005693,1000.005892,1000.006095,1000.006265,1000.006489,1000.006583,1000.006736,1000.006891,1000.007037,1000.007103,1000.007229,1000.007305,1000.007353,1000.007514,1000.007589,1000.007600,1000.007731,1000.007787,1000.007762,1000.007798,1000.007798,1000.008046,1000.008001,1000.007865,1000.007835,0.000000,0.000000,0.000000,0.000000,0.000000,0.000000,0.000000,0.000000,0.000000,0.000000
0.000000,0.000000,0.000000,0.000000,0.000000,0.000000,0.000000,0.000000,0.000000,999.987234,999.987201,999.987310,999.987073,999.987090,999.987081,999.987031,999.986901,999.986759,999.986710,999.986696,999.986486,999.986382,999.986205,999.986024,999.985903,999.985657,999.985501,999.985365,999.985242,999.985164,999.985164,999.985298,999.985329,999.985540,999.985846,999.986339,999.986991,999.987638,999.988433,999.989307,999.990369,999.991325,999.992334,999.993387,999.994427,999.995362,999.996170,999.997038,999.997810,999.998497,999.999153,999.999836,1000.000392,1000.000912,1000.001412,1000.001789,1000.002241,1000.002644,1000.002968,1000.003296,1000.003638,1000.003864,1000.004220,1000.004484,1000.004712,1000.004990,1000.005224,1000.005406,1000.005697,1000.005829,1000.006045,1000.006194,1000.006413,1000.006550,1000.006661,1000.006752,1000.006910,1000.007063,1000.007185,1000.007240,1000.007309,1000.007359,1000.007481,1000.007522,1000.007542,1000.007714,1000.007757,1000.007717,1000.007664,1000.007752,1000.007933,1000.007792,1000.007848,1000.007860,0.000000,0.000000,0.000000,0.000000,0.000000,0.000000,0.000000,0.000000,0.000000
0.000000,0.000000,0.000000,0.000000,0.000000,0.000000,0.000000,0.000000,0.000000,999.986699,999.987525,999.987540,999.987609,999.987524,999.987344,999.987257,999.987100,999.987051,999.986985,999.986759,999.986452,999.986358,999.986086,999.986023,999.985657,999.985485,999.985307,999.984973,999.984888,999.984606,999.984509,999.984397,999.984419,999.984624,999.984975,999.985450,999.986011,999.986776,999.987688,999.988712,999.989846,999.990908,999.992078,999.993203,999.994309,999.995331,999.996374,999.997260,999.997979,999.998767,999.999394,1000.000036,1000.000536,1000.000995,1000.001515,1000.001898,1000.002253,1000.002679,1000.003012,1000.003369,1000.003715,1000.003970,1000.004217,1000.004458,1000.004738,1000.004941,1000.005204,1000.005349,1000.005605,1000.005793,1000.005980,1000.006063,1000.006227,1000.006443,1000.006637,1000.006721,1000.006736,1000.006830,1000.007094,1000.007109,1000.007233,1000.007305,1000.007369,1000.007417,1000.007464,1000.007463,1000.007576,1000.007670,1000.007655,1000.007597,1000.007742,1000.007741,1000.007734,1000.008095,0.000000,0.000000,0.000000,0.000000,0.000000,0.000000,0.000000,0.000000,0.000000
0.000000,0.000000,0.000000,0.000000,0.000000,0.000000,0.000000,0.000000,999.988163,999.987978,999.987869,999.987852,999.987894,999.987590,999.987651,999.987522,999.987362,999.987333,999.987032,999.986721,999.986646,999.986470,999.986139,999.985887,999.985501,999.985307,999.984783,999.984497,999.984231,999.983877,999.983740,999.983552,999.983604,999.983648,999.983870,999.984308,999.984892,999.985815,999.986833,999.988007,999.989223,999.990518,999.991939,999.993223,999.994351,999.995431,999.996443,999.997376,999.998134,999.998986,999.999648,1000.000183,1000.000725,1000.001209,1000.001687,1000.002118,1000.002433,1000.002801,1000.003137,1000.003400,1000.003664,1000.003989,1000.004218,1000.004461,1000.004708,1000.004943,1000.005115,1000.005363,1000.005514,1000.005711,1000.005916,1000.006093,1000.006159,1000.006237,1000.006496,1000.006661,1000.006749,1000.006794,1000.006877,1000.007002,1000.007041,1000.007195,1000.007241,1000.007313,1000.007402,1000.007344,1000.007416,1000.007488,1000.007547,1000.007518,1000.007505,1000.007697,1000.007586,1000.007633,1000.007634,0.000000,0.000000,0.000000,0.000000,0.000000,0.000000,0.000000,0.000000
0.000000,0.000000,0.000000,0.000000,0.000000,0.000000,0.000000,0.000000,999.987352,999.988509,999.988325,999.988288,999.988234,999.988056,999.988076,999.987835,999.987634,999.987453,999.987202,999.986974,999.986851,999.986483,999.986017,999.985791,999.985365,999.984973,999.984497,999.984195,999.983829,999.983329,999.982935,999.982609,999.982366,999.982332,999.982565,999.983013,999.983767,999.984670,999.985877,999.987179,999.988672,999.990138,999.991643,999.993076,999.994440,999.995735,999.996804,999.997794,999.998552,999.999317,999.999923,1000.000482,1000.001026,1000.001488,1000.001870,1000.002291,1000.002602,1000.002914,1000.003258,1000.003489,1000.003739,1000.004008,1000.004260,1000.004536,1000.004686,1000.004941,1000.005079,1000.005301,1000.005465,1000.005619,1000.005759,1000.005974,1000.006165,1000.006237,1000.006294,1000.006482,1000.006630,1000.006735,1000.006761,1000.006908,1000.006920,1000.006950,1000.007100,1000.007174,1000.007181,1000.007256,1000.007322,1000.007364,1000.007341,1000.007425,1000.007443,1000.007478,1000.007506,1000.007423,1000.007867,0.000000,0.000000,0.000000,0.000000,0.000000,0.000000,0.000000,0.000000
0.000000,0.000000,0.000000,0.000000,0.000000,0.000000,0.000000,999.989495,999.989066,999.988936,999.988745,999.988743,999.988600,999.988465,999.988343,999.988031,999.987959,999.987727,999.987454,999.987213,999.986906,999.986427,999.986157,999.985811,999.985242,999.984888,999.984231,999.983829,999.983115,999.982288,999.981908,999.981447,999.981119,999.981045,999.981165,999.981512,999.982221,999.983221,999.984597,999.986202,999.988059,999.989910,999.991608,999.993193,999.994652,999.995950,999.997082,999.998178,999.999044,999.999724,1000.000347,1000.000891,1000.001365,1000.001779,1000.002120,1000.002455,1000.002745,1000.003047,1000.003328,1000.003583,1000.003890,1000.004067,1000.004277,1000.004496,1000.004676,1000.004887,1000.005094,1000.005250,1000.005387,1000.005569,1000.005731,1000.005840,1000.006003,1000.006184,1000.006276,1000.006312,1000.006397,1000.006617,1000.006644,1000.006743,1000.006917,1000.006868,1000.006929,1000.007070,1000.007036,1000.007072,1000.007170,1000.007112,1000.007244,1000.007291,1000.007269,1000.007250,1000.007350,1000.007306,1000.007391,1000.007254,0.000000,0.000000,0.000000,0.000000,0.000000,0.000000,0.000000
0.000000,0.000000,0.000000,0.000000,0.000000,0.000000,0.000000,999.988561,999.989730,999.989428,999.989260,999.989144,999.989020,999.988783,999.988616,999.988414,999.988306,999.987962,999.987668,999.987350,999.987000,999.986610,999.986279,999.985695,999.985164,999.984606,999.983877,999.983329,999.982288,999.981730,999.981276,999.980437,999.979741,999.979370,999.979140,999.979402,999.980282,999.981573,999.983275,999.985163,999.987238,999.989489,999.991612,999.993571,999.995324,999.996717,999.997746,999.998711,999.999539,1000.000201,1000.000825,1000.001315,1000.001716,1000.002077,1000.002451,1000.002747,1000.003024,1000.003275,1000.003462,1000.003721,1000.003934,1000.004121,1000.004269,1000.004520,1000.004658,1000.004835,1000.005027,1000.005183,1000.005400,1000.005505,1000.005641,1000.005774,1000.005847,1000.005964,1000.006148,1000.006287,1000.006315,1000.006393,1000.006517,1000.006518,1000.006729,1000.006741,1000.006780,1000.006886,1000.006932,1000.006979,1000.007057,1000.006976,1000.007017,1000.007085,1000.007088,1000.007146,1000.007186,1000.007189,1000.007194,1000.007438,0.000000,0.000000,0.000000,0.000000,0.000000,0.000000,0.000000
0.000000,0.000000,0.000000,0.000000,0.000000,0.000000,999.990902,999.990384,999.990160,999.989800,999.989702,999.989641,999.989352,999.989176,999.989065,999.988829,999.988576,999.988202,999.987937,999.987630,999.987258,999.986787,999.986357,999.985671,999.985164,999.984509,999.983740,999.982935,999.981908,999.981276,999.980084,999.978564,999.977863,999.977254,999.976952,999.977312,999.978058,999.979404,999.981536,999.984020,999.986725,999.989346,999.991795,999.993862,999.995729,999.997383,999.998645,999.999568,1000.000298,1000.000924,1000.001421,1000.001833,1000.002200,1000.002448,1000.002750,1000.002986,1000.003261,1000.003453,1000.003637,1000.003817,1000.003977,1000.004241,1000.004315,1000.004589,1000.004679,1000.004835,1000.005019,1000.005068,1000.005260,1000.005377,1000.005528,1000.005665,1000.005830,1000.005856,1000.006004,1000.006101,1000.006196,1000.006321,1000.006368,1000.006415,1000.006482,1000.006618,1000.006609,1000.006623,1000.006663,1000.006820,1000.006806,1000.006855,1000.006926,1000.006999,1000.006855,1000.006954,1000.006934,1000.006973,1000.006971,1000.006970,1000.006832,0.000000,0.000000,0.000000,0.000000,0.000000,0.000000
0.000000,0.000000,0.000000,0.000000,0.000000,0.000000,999.989892,999.991004,999.990588,999.990361,999.990259,999.990013,999.989804,999.989714,999.989466,999.989132,999.988835,999.988622,999.988376,999.987881,999.987400,999.987046,999.986485,999.985821,999.985298,999.984397,999.983552,999.982609,999.981447,999.980437,999.978564,999.977389,999.976737,999.975284,999.974331,999.974139,999.974788,999.976501,999.979097,999.982546,999.986093,999.989501,999.992686,999.995197,999.996981,999.998389,999.999625,1000.000486,1000.001178,1000.001697,1000.002086,1000.002385,1000.002720,1000.002925,1000.003143,1000.003298,1000.003480,1000.003669,1000.003817,1000.003954,1000.004089,1000.004304,1000.004387,1000.004540,1000.004703,1000.004778,1000.004972,1000.005085,1000.005233,1000.005318,1000.005433,1000.005538,1000.005672,1000.005769,1000.005826,1000.006004,1000.005999,1000.006106,1000.006224,1000.006247,1000.006305,1000.006411,1000.006495,1000.006566,1000.006563,1000.006617,1000.006589,1000.006659,1000.006673,1000.006712,1000.006844,1000.006808,1000.006771,1000.006729,1000.006781,1000.006685,1000.007077,0.000000,0.000000,0.000000,0.000000,0.000000,0.000000
0.000000,0.000000,0.000000,0.000000,0.000000,999.992344,999.991734,999.991393,999.991067,999.990958,999.990725,999.990486,999.990333,999.990051,999.989791,999.989515,999.989288,999.988990,999.988610,999.988155,999.987738,999.987287,999.986696,999.986037,999.985329,999.984419,999.983604,999.982366,999.981119,999.979741,999.977863,999.976737,999.974561,999.971545,999.970344,999.970023,999.970489,999.972925,999.976425,999.980674,999.985424,999.989732,999.993467,999.996601,999.998699,1000.000051,1000.001012,1000.001668,1000.002212,1000.002581,1000.002849,1000.003026,1000.003223,1000.003396,1000.003565,1000.003643,1000.003752,1000.003868,1000.004008,1000.004148,1000.004216,1000.004336,1000.004444,1000.004550,1000.004722,1000.004795,1000.004893,1000.005027,1000.005121,1000.005252,1000.005365,1000.005408,1000.005511,1000.005636,1000.005665,1000.005748,1000.005931,1000.005921,1000.006032,1000.006161,1000.006160,1000.006223,1000.006221,1000.006291,1000.006449,1000.006438,1000.006453,1000.006520,1000.006507,1000.006474,1000.006517,1000.006663,1000.006658,1000.006572,1000.006596,1000.006513,1000.006481,1000.006328,0.000000,0.000000,0.000000,0.000000,0.000000
0.000000,0.000000,0.000000,0.000000,0.000000,999.991345,999.992222,999.991833,999.991637,999.991352,999.991096,999.990952,999.990696,999.990476,999.990241,999.990012,999.989736,999.989286,999.988971,999.988605,999.988080,999.987582,999.986978,999.986329,999.985540,999.984624,999.983648,999.982332,999.981045,999.979370,999.977254,999.975284,999.971545,999.968921,999.967404,999.965055,999.965390,999.968157,999.972700,999.979448,999.986133,999.991640,999.995898,999.998715,1000.000631,1000.001904,1000.002649,1000.003115,1000.003383,1000.003558,1000.003691,1000.003810,1000.003847,1000.003890,1000.003944,1000.004010,1000.004062,1000.004106,1000.004207,1000.004286,1000.004343,1000.004419,1000.004506,1000.004583,1000.004723,1000.004792,1000.004855,1000.004943,1000.005068,1000.005100,1000.005224,1000.005314,1000.005364,1000.005549,1000.005567,1000.005584,1000.005718,1000.005769,1000.005764,1000.005899,1000.005979,1000.006051,1000.006033,1000.006055,1000.006184,1000.006173,1000.006186,1000.006407,1000.006320,1000.006373,1000.006320,1000.006236,1000.006453,1000.006429,1000.006352,1000.006358,1000.006318,1000.006631,0.000000,0.000000,0.000000,0.000000,0.000000
0.000000,0.000000,0.000000,0.000000,999.993126,999.992811,999.992599,999.992171,999.992007,999.991848,999.991618,999.991421,999.991196,999.990966,999.990669,999.990431,999.990125,999.989719,999.989362,999.989008,999.988538,999.987965,999.987362,999.986701,999.985846,999.984975,999.983870,999.982565,999.981165,999.979140,999.976952,999.974331,999.970344,999.967404,999.962151,999.955952,999.954335,999.957280,999.964936,999.975629,999.986539,999.995098,1000.000097,1000.002399,1000.003622,1000.004214,1000.004568,1000.004681,1000.004691,1000.004610,1000.004561,1000.004555,1000.004470,1000.004429,1000.004360,1000.004417,1000.004406,1000.004395,1000.004399,1000.004406,1000.004477,1000.004564,1000.004610,1000.004588,1000.004669,1000.004783,1000.004825,1000.004864,1000.004982,1000.005052,1000.005108,1000.005186,1000.005201,1000.005325,1000.005405,1000.005460,1000.005515,1000.005618,1000.005659,1000.005703,1000.005714,1000.005817,1000.005892,1000.005955,1000.005975,1000.005952,1000.005955,1000.006048,1000.006057,1000.006125,1000.006313,1000.006094,1000.006148,1000.006195,1000.006224,1000.006132,1000.006106,1000.006144,1000.006034,0.000000,0.000000,0.000000,0.000000
0.000000,0.000000,0.000000,0.000000,999.991871,999.992872,999.992859,999.992719,999.992415,999.992275,999.992071,999.991854,999.991670,999.991448,999.991158,999.990851,999.990583,999.990196,999.989906,999.989492,999.988943,999.988386,999.987863,999.987101,999.986339,999.985450,999.984308,999.983013,999.981512,999.979402,999.977312,999.974139,999.970023,999.965055,999.955952,999.945344,999.942901,999.950494,999.962239,999.977025,999.992618,1000.001754,1000.005114,1000.006798,1000.007073,1000.006943,1000.006666,1000.006327,1000.006044,1000.005778,1000.005521,1000.005262,1000.005113,1000.004954,1000.004847,1000.004734,1000.004714,1000.004636,1000.004610,1000.004620,1000.004568,1000.004596,1000.004649,1000.004696,1000.004662,1000.004747,1000.004816,1000.004818,1000.004882,1000.004944,1000.004963,1000.005069,1000.005104,1000.005122,1000.005175,1000.005255,1000.005293,1000.005364,1000.005489,1000.005485,1000.005531,1000.005584,1000.005622,1000.005685,1000.005751,1000.005835,1000.005843,1000.005841,1000.005848,1000.005853,1000.006065,1000.005888,1000.005947,1000.006006,1000.005985,1000.006061,1000.006006,1000.006009,1000.006470,0.000000,0.000000,0.000000,0.000000
