0.000000,0.000000,0.000000,0.000000,0.000000,0.000000,0.000000,0.000000,0.000000,0.000000,0.000000,0.000000,0.000000,0.000000,0.000000,0.000000,0.000000,0.000000,0.000000,0.000000,0.000000,0.000000,0.000000,0.000000,0.000000,0.000000,0.000000,0.000000,0.000000,0.000000,0.000000,0.000000,0.000000,0.000000,0.000000,0.000000,0.000000,0.000000,0.000000,0.000000,0.000000,0.000000,0.000000,0.000000,0.000000,0.000000,0.000000,0.000000,0.000000,0.000000,0.000000,0.000000,0.000000,0.000000,0.000000,0.000000,0.000000,0.000000,0.000000,0.000000,0.000000,0.000000,0.000000,0.000000,0.000000,0.000000,0.000000,0.000000,0.000000,0.000000,0.000000,0.000000,0.000000,0.000000,0.000000,0.000000,0.000000,0.000000,0.000000,0.000000,0.000000,0.000000,0.000000,0.000000,0.000000,0.000000,0.000000,0.000000,0.000000,0.000000,0.000000,0.000000,0.000000,0.000000,0.000000,0.000000,0.000000,0.000000,0.000000,0.000000,0.000000,0.000000,0.000000
0.000000,0.000000,0.000000,0.000000,0.000000,0.000000,0.000000,0.000000,0.000000,0.000000,0.000000,0.000000,0.000000,0.000000,0.000000,0.000000,0.000000,0.000000,0.000000,0.000000,0.000000,0.000000,0.000000,0.000000,0.000000,0.000000,0.000000,0.000000,0.000000,0.000000,0.000000,0.000000,0.000000,0.000000,0.000000,0.000000,0.000000,0.000000,0.000000,0.000000,0.000000,0.000000,0.000000,0.000000,0.000000,0.000000,0.000000,0.000000,0.000000,0.000000,0.000000,1000.000071,0.000000,0.000000,0.000000,0.000000,0.000000,0.000000,0.000000,0.000000,0.000000,0.000000,0.000000,0.000000,0.000000,0.000000,0.000000,0.000000,0.000000,0.000000,0.000000,0.000000,0.000000,0.000000,0.000000,0.000000,0.000000,0.000000,0.000000,0.000000,0.000000,0.000000,0.000000,0.000000,0.000000,0.000000,0.000000,0.000000,0.000000,0.000000,0.000000,0.000000,0.000000,0.000000,0.000000,0.000000,0.000000,0.000000,0.000000,0.000000,0.000000,0.000000,0.000000
0.000000,0.000000,0.000000,0.000000,0.000000,0.000000,0.000000,0.000000,0.000000,0.000000,0.000000,0.000000,0.000000,0.000000,0.000000,0.000000,0.000000,0.000000,0.000000,0.000000,0.000000,0.000000,0.000000,0.000000,0.000000,0.000000,0.000000,0.000000,0.000000,0.000000,0.000000,0.000000,0.000000,0.000000,0.000000,0.000000,0.000000,0.000000,0.000000,0.000000,0.000000,0.000000,1000.000129,1000.000150,1000.000160,1000.000166,1000.000169,1000.000170,1000.000170,1000.000169,1000.000168,1000.000173,1000.000168,1000.000169,1000.000170,1000.000170,1000.000169,1000.000166,1000.000160,1000.000150,1000.000129,0.000000,0.000000,0.000000,0.000000,0.000000,0.000000,0.000000,0.000000,0.000000,0.000000,0.000000,0.000000,0.000000,0.000000,0.000000,0.000000,0.000000,0.000000,0.000000,0.000000,0.000000,0.000000,0.000000,0.000000,0.000000,0.000000,0.000000,0.000000,0.000000,0.000000,0.000000,0.000000,0.000000,0.000000,0.000000,0.000000,0.000000,0.000000,0.000000,0.000000,0.000000,0.000000
0.000000,0.000000,0.000000,0.000000,0.000000,0.000000,0.000000,0.000000,0.000000,0.000000,0.000000,0.000000,0.000000,0.000000,0.000000,0.000000,0.000000,0.000000,0.000000,0.000000,0.000000,0.000000,0.000000,0.000000,0.000000,0.000000,0.000000,0.000000,0.000000,0.000000,0.000000,0.000000,0.000000,0.000000,0.000000,0.000000,0.000000,1000.000124,1000.000155,1000.000179,1000.000199,1000.000216,1000.000230,1000.000244,1000.000254,1000.000262,1000.000266,1000.000267,1000.000268,1000.000269,1000.000268,1000.000269,1000.000268,1000.000269,1000.000268,1000.000267,1000.000266,1000.000262,1000.000254,1000.000244,1000.000230,1000.000216,1000.000199,1000.000179,1000.000155,1000.000124,0.000000,0.000000,0.000000,0.000000,0.000000,0.000000,0.000000,0.000000,0.000000,0.000000,0.000000,0.000000,0.000000,0.000000,0.000000,0.000000,0.000000,0.000000,0.000000,0.000000,0.000000,0.000000,0.000000,0.000000,0.000000,0.000000,0.000000,0.000000,0.000000,0.000000,0.000000,0.000000,0.000000,0.000000,0.000000,0.000000,0.000000
0.000000,0.000000,0.000000,0.000000,0.000000,0.000000,0.000000,0.000000,0.000000,0.000000,0.000000,0.000000,0.000000,0.000000,0.000000,0.000000,0.000000,0.000000,0.000000,0.000000,0.000000,0.000000,0.000000,0.000000,0.000000,0.000000,0.000000,0.000000,0.000000,0.000000,0.000000,0.000000,0.000000,0.000000,1000.000129,1000.000165,1000.000194,1000.000223,1000.000248,1000.000271,1000.000292,1000.000310,1000.000327,1000.000340,1000.000350,1000.000356,1000.000360,1000.000362,1000.000363,1000.000364,1000.000364,1000.000364,1000.000364,1000.000364,1000.000363,1000.000362,1000.000360,1000.000356,1000.000350,1000.000340,1000.000327,1000.000310,1000.000292,1000.000271,1000.000248,1000.000223,1000.000194,1000.000165,1000.000129,0.000000,0.000000,0.000000,0.000000,0.000000,0.000000,0.000000,0.000000,0.000000,0.000000,0.000000,0.000000,0.000000,0.000000,0.000000,0.000000,0.000000,0.000000,0.000000,0.000000,0.000000,0.000000,0.000000,0.000000,0.000000,0.000000,0.000000,0.000000,0.000000,0.000000,0.000000,0.000000,0.000000,0.000000
0.000000,0.000000,0.000000,0.000000,0.000000,0.000000,0.000000,0.000000,0.000000,0.000000,0.000000,0.000000,0.000000,0.000000,0.000000,0.000000,0.000000,0.000000,0.000000,0.000000,0.000000,0.000000,0.000000,0.000000,0.000000,0.000000,0.000000,0.000000,0.000000,0.000000,0.000000,0.000000,1000.000147,1000.000187,1000.000225,1000.000257,1000.000286,1000.000314,1000.000340,1000.000363,1000.000384,1000.000404,1000.000422,1000.000436,1000.000445,1000.000450,1000.000452,1000.000454,1000.000455,1000.000455,1000.000455,1000.000455,1000.000455,1000.000455,1000.000455,1000.000454,1000.000452,1000.000450,1000.000445,1000.000436,1000.000422,1000.000404,1000.000384,1000.000363,1000.000340,1000.000314,1000.000286,1000.000257,1000.000225,1000.000187,1000.000147,0.000000,0.000000,0.000000,0.000000,0.000000,0.000000,0.000000,0.000000,0.000000,0.000000,0.000000,0.000000,0.000000,0.000000,0.000000,0.000000,0.000000,0.000000,0.000000,0.000000,0.000000,0.000000,0.000000,0.000000,0.000000,0.000000,0.000000,0.000000,0.000000,0.000000,0.000000,0.000000
0.000000,0.000000,0.000000,0.000000,0.000000,0.000000,0.000000,0.000000,0.000000,0.000000,0.000000,0.000000,0.000000,0.000000,0.000000,0.000000,0.000000,0.000000,0.000000,0.000000,0.000000,0.000000,0.000000,0.000000,0.000000,0.000000,0.000000,0.000000,0.000000,0.000000,1000.000154,1000.000199,1000.000242,1000.000278,1000.000314,1000.000346,1000.000377,1000.000406,1000.000432,1000.000453,1000.000472,1000.000489,1000.000503,1000.000513,1000.000518,1000.000521,1000.000523,1000.000523,1000.000523,1000.000523,1000.000523,1000.000523,1000.000523,1000.000523,1000.000523,1000.000523,1000.000523,1000.000521,1000.000518,1000.000513,1000.000503,1000.000489,1000.000472,1000.000453,1000.000432,1000.000406,1000.000377,1000.000346,1000.000314,1000.000278,1000.000242,1000.000199,1000.000154,0.000000,0.000000,0.000000,0.000000,0.000000,0.000000,0.000000,0.000000,0.000000,0.000000,0.000000,0.000000,0.000000,0.000000,0.000000,0.000000,0.000000,0.000000,0.000000,0.000000,0.000000,0.000000,0.000000,0.000000,0.000000,0.000000,0.000000,0.000000,0.000000,0.000000
0.000000,0.000000,0.000000,0.000000,0.000000,0.000000,0.000000,0.000000,0.000000,0.000000,0.000000,0.000000,0.000000,0.000000,0.000000,0.000000,0.000000,0.000000,0.000000,0.000000,0.000000,0.000000,0.000000,0.000000,0.000000,0.000000,0.000000,0.000000,1000.000154,1000.000202,1000.000248,1000.000288,1000.000328,1000.000366,1000.000403,1000.000436,1000.000465,1000.000490,1000.000510,1000.000524,1000.000533,1000.000539,1000.000540,1000.000539,1000.000538,1000.000537,1000.000536,1000.000536,1000.000535,1000.000535,1000.000534,1000.000534,1000.000534,1000.000535,1000.000535,1000.000536,1000.000536,1000.000537,1000.000538,1000.000539,1000.000540,1000.000539,1000.000533,1000.000524,1000.000510,1000.000490,1000.000465,1000.000436,1000.000403,1000.000366,1000.000328,1000.000288,1000.000248,1000.000202,1000.000154,0.000000,0.000000,0.000000,0.000000,0.000000,0.000000,0.000000,0.000000,0.000000,0.000000,0.000000,0.000000,0.000000,0.000000,0.000000,0.000000,0.000000,0.000000,0.000000,0.000000,0.000000,0.000000,0.000000,0.000000,0.000000,0.000000,0.000000,0.000000
0.000000,0.000000,0.000000,0.000000,0.000000,0.000000,0.000000,0.000000,0.000000,0.000000,0.000000,0.000000,0.000000,0.000000,0.000000,0.000000,0.000000,0.000000,0.000000,0.000000,0.000000,0.000000,0.000000,0.000000,0.000000,0.000000,1000.000146,1000.000197,1000.000246,1000.000289,1000.000332,1000.000374,1000.000415,1000.000453,1000.000486,1000.000512,1000.000529,1000.000540,1000.000545,1000.000544,1000.000540,1000.000533,1000.000521,1000.000511,1000.000504,1000.000499,1000.000497,1000.000495,1000.000493,1000.000492,1000.000492,1000.000491,1000.000492,1000.000492,1000.000493,1000.000495,1000.000497,1000.000499,1000.000504,1000.000511,1000.000521,1000.000533,1000.000540,1000.000544,1000.000545,1000.000540,1000.000529,1000.000512,1000.000486,1000.000453,1000.000415,1000.000374,1000.000332,1000.000289,1000.000246,1000.000197,1000.000146,0.000000,0.000000,0.000000,0.000000,0.000000,0.000000,0.000000,0.000000,0.000000,0.000000,0.000000,0.000000,0.000000,0.000000,0.000000,0.000000,0.000000,0.000000,0.000000,0.000000,0.000000,0.000000,0.000000,0.000000,0.000000,0.000000
0.000000,0.000000,0.000000,0.000000,0.000000,0.000000,0.000000,0.000000,0.000000,0.000000,0.000000,0.000000,0.000000,0.000000,0.000000,0.000000,0.000000,0.000000,0.000000,0.000000,0.000000,0.000000,0.000000,0.000000,1000.000125,1000.000182,1000.000236,1000.000283,1000.000329,1000.000374,1000.000417,1000.000458,1000.000493,1000.000521,1000.000539,1000.000545,1000.000544,1000.000537,1000.000525,1000.000512,1000.000499,1000.000486,1000.000472,1000.000459,1000.000450,1000.000444,1000.000440,1000.000436,1000.000434,1000.000433,1000.000432,1000.000432,1000.000432,1000.000433,1000.000434,1000.000436,1000.000440,1000.000444,1000.000450,1000.000459,1000.000472,1000.000486,1000.000499,1000.000512,1000.000525,1000.000537,1000.000544,1000.000545,1000.000539,1000.000521,1000.000493,1000.000458,1000.000417,1000.000374,1000.000329,1000.000283,1000.000236,1000.000182,1000.000125,0.000000,0.000000,0.000000,0.000000,0.000000,0.000000,0.000000,0.000000,0.000000,0.000000,0.000000,0.000000,0.000000,0.000000,0.000000,0.000000,0.000000,0.000000,0.000000,0.000000,0.000000,0.000000,0.000000,0.000000
0.000000,0.000000,0.000000,0.000000,0.000000,0.000000,0.000000,0.000000,0.000000,0.000000,0.000000,0.000000,0.000000,0.000000,0.000000,0.000000,0.000000,0.000000,0.000000,0.000000,0.000000,0.000000,0.000000,1000.000151,1000.000213,1000.000265,1000.000317,1000.000366,1000.000413,1000.000456,1000.000494,1000.000523,1000.000541,1000.000547,1000.000541,1000.000527,1000.000511,1000.000493,1000.000475,1000.000458,1000.000443,1000.000430,1000.000417,1000.000405,1000.000396,1000.000389,1000.000384,1000.000380,1000.000377,1000.000375,1000.000374,1000.000374,1000.000374,1000.000375,1000.000377,1000.000380,1000.000384,1000.000389,1000.000396,1000.000405,1000.000417,1000.000430,1000.000443,1000.000458,1000.000475,1000.000493,1000.000511,1000.000527,1000.000541,1000.000547,1000.000541,1000.000523,1000.000494,1000.000456,1000.000413,1000.000366,1000.000317,1000.000265,1000.000213,1000.000151,0.000000,0.000000,0.000000,0.000000,0.000000,0.000000,0.000000,0.000000,0.000000,0.000000,0.000000,0.000000,0.000000,0.000000,0.000000,0.000000,0.000000,0.000000,0.000000,0.000000,0.000000,0.000000,0.000000
0.000000,0.000000,0.000000,0.000000,0.000000,0.000000,0.000000,0.000000,0.000000,0.000000,0.000000,0.000000,0.000000,0.000000,0.000000,0.000000,0.000000,0.000000,0.000000,0.000000,0.000000,1000.000112,1000.000175,1000.000237,1000.000291,1000.000346,1000.000399,1000.000448,1000.000490,1000.000522,1000.000541,1000.000547,1000.000541,1000.000524,1000.000503,1000.000480,1000.000458,1000.000439,1000.000421,1000.000404,1000.000389,1000.000376,1000.000363,1000.000353,1000.000343,1000.000336,1000.000330,1000.000325,1000.000322,1000.000320,1000.000318,1000.000318,1000.000318,1000.000320,1000.000322,1000.000325,1000.000330,1000.000336,1000.000343,1000.000353,1000.000363,1000.000376,1000.000389,1000.000404,1000.000421,1000.000439,1000.000458,1000.000480,1000.000503,1000.000524,1000.000541,1000.000547,1000.000541,1000.000522,1000.000490,1000.000448,1000.000399,1000.000346,1000.000291,1000.000237,1000.000175,1000.000112,0.000000,0.000000,0.000000,0.000000,0.000000,0.000000,0.000000,0.000000,0.000000,0.000000,0.000000,0.000000,0.000000,0.000000,0.000000,0.000000,0.000000,0.000000,0.000000,0.000000,0.000000
0.000000,0.000000,0.000000,0.000000,0.000000,0.000000,0.000000,0.000000,0.000000,0.000000,0.000000,0.000000,0.000000,0.000000,0.000000,0.000000,0.000000,0.000000,0.000000,0.000000,1000.000130,1000.000197,1000.000255,1000.000312,1000.000368,1000.000425,1000.000476,1000.000515,1000.000539,1000.000546,1000.000541,1000.000524,1000.000501,1000.000476,1000.000450,1000.000427,1000.000406,1000.000387,1000.000369,1000.000353,1000.000337,1000.000324,1000.000311,1000.000300,1000.000291,1000.000283,1000.000277,1000.000272,1000.000268,1000.000266,1000.000264,1000.000264,1000.000264,1000.000266,1000.000268,1000.000272,1000.000277,1000.000283,1000.000291,1000.000300,1000.000311,1000.000324,1000.000337,1000.000353,1000.000369,1000.000387,1000.000406,1000.000427,1000.000450,1000.000476,1000.000501,1000.000524,1000.000541,1000.000546,1000.000539,1000.000515,1000.000476,1000.000425,1000.000368,1000.000312,1000.000255,1000.000197,1000.000130,0.000000,0.000000,0.000000,0.000000,0.000000,0.000000,0.000000,0.000000,0.000000,0.000000,0.000000,0.000000,0.000000,0.000000,0.000000,0.000000,0.000000,0.000000,0.000000,0.000000
0.000000,0.000000,0.000000,0.000000,0.000000,0.000000,0.000000,0.000000,0.000000,0.000000,0.000000,0.000000,0.000000,0.000000,0.000000,0.000000,0.000000,0.000000,0.000000,1000.000145,1000.000214,1000.000273,1000.000330,1000.000388,1000.000443,1000.000494,1000.000530,1000.000545,1000.000541,1000.000525,1000.000502,1000.000476,1000.000448,1000.000423,1000.000399,1000.000376,1000.000356,1000.000336,1000.000318,1000.000301,1000.000286,1000.000273,1000.000260,1000.000250,1000.000240,1000.000232,1000.000226,1000.000220,1000.000216,1000.000213,1000.000212,1000.000211,1000.000212,1000.000213,1000.000216,1000.000220,1000.000226,1000.000232,1000.000240,1000.000250,1000.000260,1000.000273,1000.000286,1000.000301,1000.000318,1000.000336,1000.000356,1000.000376,1000.000399,1000.000423,1000.000448,1000.000476,1000.000502,1000.000525,1000.000541,1000.000545,1000.000530,1000.000494,1000.000443,1000.000388,1000.000330,1000.000273,1000.000214,1000.000145,0.000000,0.000000,0.000000,0.000000,0.000000,0.000000,0.000000,0.000000,0.000000,0.000000,0.000000,0.000000,0.000000,0.000000,0.000000,0.000000,0.000000,0.000000,0.000000
0.000000,0.000000,0.000000,0.000000,0.000000,0.000000,0.000000,0.000000,0.000000,0.000000,0.000000,0.000000,0.000000,0.000000,0.000000,0.000000,0.000000,0.000000,1000.000154,1000.000225,1000.000288,1000.000348,1000.000408,1000.000461,1000.000507,1000.000538,1000.000545,1000.000531,1000.000507,1000.000479,1000.000451,1000.000423,1000.000397,1000.000373,1000.000349,1000.000327,1000.000306,1000.000286,1000.000268,1000.000252,1000.000237,1000.000223,1000.000211,1000.000200,1000.000190,1000.000182,1000.000175,1000.000170,1000.000166,1000.000163,1000.000161,1000.000160,1000.000161,1000.000163,1000.000166,1000.000170,1000.000175,1000.000182,1000.000190,1000.000200,1000.000211,1000.000223,1000.000237,1000.000252,1000.000268,1000.000286,1000.000306,1000.000327,1000.000349,1000.000373,1000.000397,1000.000423,1000.000451,1000.000479,1000.000507,1000.000531,1000.000545,1000.000538,1000.000507,1000.000461,1000.000408,1000.000348,1000.000288,1000.000225,1000.000154,0.000000,0.000000,0.000000,0.000000,0.000000,0.000000,0.000000,0.000000,0.000000,0.000000,0.000000,0.000000,0.000000,0.000000,0.000000,0.000000,0.000000,0.000000
0.000000,0.000000,0.000000,0.000000,0.000000,0.000000,0.000000,0.000000,0.000000,0.000000,0.000000,0.000000,0.000000,0.000000,0.000000,0.000000,0.000000,1000.000159,1000.000232,1000.000297,1000.000360,1000.000423,1000.000479,1000.000520,1000.000543,1000.000544,1000.000524,1000.000493,1000.000460,1000.000429,1000.000401,1000.000375,1000.000349,1000.000324,1000.000301,1000.000278,1000.000257,1000.000238,1000.000220,1000.000204,1000.000188,1000.000175,1000.000162,1000.000151,1000.000142,1000.000133,1000.000126,1000.000121,1000.000117,1000.000114,1000.000112,1000.000111,1000.000112,1000.000114,1000.000117,1000.000121,1000.000126,1000.000133,1000.000142,1000.000151,1000.000162,1000.000175,1000.000188,1000.000204,1000.000220,1000.000238,1000.000257,1000.000278,1000.000301,1000.000324,1000.000349,1000.000375,1000.000401,1000.000429,1000.000460,1000.000493,1000.000524,1000.000544,1000.000543,1000.000520,1000.000479,1000.000423,1000.000360,1000.000297,1000.000232,1000.000159,0.000000,0.000000,0.000000,0.000000,0.000000,0.000000,0.000000,0.000000,0.000000,0.000000,0.000000,0.000000,0.000000,0.000000,0.000000,0.000000,0.000000
0.000000,0.000000,0.000000,0.000000,0.000000,0.000000,0.000000,0.000000,0.000000,0.000000,0.000000,0.000000,0.000000,0.000000,0.000000,0.000000,1000.000161,1000.000236,1000.000302,1000.000367,1000.000432,1000.000489,1000.000530,1000.000545,1000.000538,1000.000516,1000.000482,1000.000446,1000.000413,1000.000383,1000.000355,1000.000328,1000.000301,1000.000277,1000.000253,1000.000231,1000.000211,1000.000191,1000.000173,1000.000156,1000.000141,1000.000127,1000.000115,1000.000104,1000.000094,1000.000086,1000.000079,1000.000073,1000.000069,1000.000066,1000.000064,1000.000063,1000.000064,1000.000066,1000.000069,1000.000073,1000.000079,1000.000086,1000.000094,1000.000104,1000.000115,1000.000127,1000.000141,1000.000156,1000.000173,1000.000191,1000.000211,1000.000231,1000.000253,1000.000277,1000.000301,1000.000328,1000.000355,1000.000383,1000.000413,1000.000446,1000.000482,1000.000516,1000.000538,1000.000545,1000.000530,1000.000489,1000.000432,1000.000367,1000.000302,1000.000236,1000.000161,0.000000,0.000000,0.000000,0.000000,0.000000,0.000000,0.000000,0.000000,0.000000,0.000000,0.000000,0.000000,0.000000,0.000000,0.000000,0.000000
0.000000,0.000000,0.000000,0.000000,0.000000,0.000000,0.000000,0.000000,0.000000,0.000000,0.000000,0.000000,0.000000,0.000000,0.000000,1000.000159,1000.000236,1000.000303,1000.000370,1000.000436,1000.000494,1000.000534,1000.000545,1000.000530,1000.000503,1000.000470,1000.000434,1000.000399,1000.000368,1000.000338,1000.000309,1000.000281,1000.000255,1000.000231,1000.000207,1000.000185,1000.000165,1000.000145,1000.000127,1000.000111,1000.000095,1000.000082,1000.000069,1000.000058,1000.000048,1000.000040,1000.000033,1000.000027,1000.000023,1000.000019,1000.000018,1000.000017,1000.000018,1000.000019,1000.000023,1000.000027,1000.000033,1000.000040,1000.000048,1000.000058,1000.000069,1000.000082,1000.000095,1000.000111,1000.000127,1000.000145,1000.000165,1000.000185,1000.000207,1000.000231,1000.000255,1000.000281,1000.000309,1000.000338,1000.000368,1000.000399,1000.000434,1000.000470,1000.000503,1000.000530,1000.000545,1000.000534,1000.000494,1000.000436,1000.000370,1000.000303,1000.000236,1000.000159,0.000000,0.000000,0.000000,0.000000,0.000000,0.000000,0.000000,0.000000,0.000000,0.000000,0.000000,0.000000,0.000000,0.000000,0.000000
0.000000,0.000000,0.000000,0.000000,0.000000,0.000000,0.000000,0.000000,0.000000,0.000000,0.000000,0.000000,0.000000,0.000000,1000.000154,1000.000232,1000.000302,1000.000370,1000.000438,1000.000496,1000.000536,1000.000546,1000.000527,1000.000494,1000.000457,1000.000422,1000.000388,1000.000356,1000.000324,1000.000293,1000.000264,1000.000237,1000.000211,1000.000186,1000.000163,1000.000141,1000.000120,1000.000101,1000.000083,1000.000066,1000.000051,1000.000037,1000.000025,1000.000013,1000.000004,999.999995,999.999988,999.999982,999.999978,999.999975,999.999973,999.999972,999.999973,999.999975,999.999978,999.999982,999.999988,999.999995,1000.000004,1000.000013,1000.000025,1000.000037,1000.000051,1000.000066,1000.000083,1000.000101,1000.000120,1000.000141,1000.000163,1000.000186,1000.000211,1000.000237,1000.000264,1000.000293,1000.000324,1000.000356,1000.000388,1000.000422,1000.000457,1000.000494,1000.000527,1000.000546,1000.000536,1000.000496,1000.000438,1000.000370,1000.000302,1000.000232,1000.000154,0.000000,0.000000,0.000000,0.000000,0.000000,0.000000,0.000000,0.000000,0.000000,0.000000,0.000000,0.000000,0.000000,0.000000
0.000000,0.000000,0.000000,0.000000,0.000000,0.000000,0.000000,0.000000,0.000000,0.000000,0.000000,0.000000,0.000000,1000.000145,1000.000225,1000.000297,1000.000367,1000.000436,1000.000496,1000.000537,1000.000546,1000.000525,1000.000490,1000.000451,1000.000413,1000.000378,1000.000345,1000.000312,1000.000280,1000.000250,1000.000221,1000.000194,1000.000168,1000.000143,1000.000120,1000.000098,1000.000077,1000.000058,1000.000040,1000.000023,1000.000008,999.999994,999.999981,999.999970,999.999960,999.999952,999.999945,999.999939,999.999934,999.999931,999.999929,999.999928,999.999929,999.999931,999.999934,999.999939,999.999945,999.999952,999.999960,999.999970,999.999981,999.999994,1000.000008,1000.000023,1000.000040,1000.000058,1000.000077,1000.000098,1000.000120,1000.000143,1000.000168,1000.000194,1000.000221,1000.000250,1000.000280,1000.000312,1000.000345,1000.000378,1000.000413,1000.000451,1000.000490,1000.000525,1000.000546,1000.000537,1000.000496,1000.000436,1000.000367,1000.000297,1000.000225,1000.000145,0.000000,0.000000,0.000000,0.000000,0.000000,0.000000,0.000000,0.000000,0.000000,0.000000,0.000000,0.000000,0.000000
0.000000,0.000000,0.000000,0.000000,0.000000,0.000000,0.000000,0.000000,0.000000,0.000000,0.000000,0.000000,1000.000130,1000.000214,1000.000288,1000.000360,1000.000432,1000.000494,1000.000536,1000.000546,1000.000525,1000.000489,1000.000447,1000.000407,1000.000372,1000.000337,1000.000303,1000.000269,1000.000238,1000.000208,1000.000179,1000.000152,1000.000126,1000.000101,1000.000078,1000.000056,1000.000035,1000.000016,999.999998,999.999981,999.999966,999.999952,999.999939,999.999928,999.999918,999.999910,999.999903,999.999897,999.999892,999.999889,999.999887,999.999886,999.999887,999.999889,999.999892,999.999897,999.999903,999.999910,999.999918,999.999928,999.999939,999.999952,999.999966,999.999981,999.999998,1000.000016,1000.000035,1000.000056,1000.000078,1000.000101,1000.000126,1000.000152,1000.000179,1000.000208,1000.000238,1000.000269,1000.000303,1000.000337,1000.000372,1000.000407,1000.000447,1000.000489,1000.000525,1000.000546,1000.000536,1000.000494,1000.000432,1000.000360,1000.000288,1000.000214,1000.000130,0.000000,0.000000,0.000000,0.000000,0.000000,0.000000,0.000000,0.000000,0.000000,0.000000,0.000000,0.000000
0.000000,0.000000,0.000000,0.000000,0.000000,0.000000,0.000000,0.000000,0.000000,0.000000,0.000000,1000.000112,1000.000197,1000.000273,1000.000348,1000.000423,1000.000489,1000.000534,1000.000546,1000.000525,1000.000489,1000.000446,1000.000405,1000.000368,1000.000332,1000.000296,1000.000261,1000.000229,1000.000198,1000.000167,1000.000139,1000.000111,1000.000085,1000.000060,1000.000037,1000.000015,999.999994,999.999975,999.999957,999.999940,999.999925,999.999911,999.999899,999.999887,999.999878,999.999869,999.999862,999.999856,999.999851,999.999848,999.999846,999.999845,999.999846,999.999848,999.999851,999.999856,999.999862,999.999869,999.999878,999.999887,999.999899,999.999911,999.999925,999.999940,999.999957,999.999975,999.999994,1000.000015,1000.000037,1000.000060,1000.000085,1000.000111,1000.000139,1000.000167,1000.000198,1000.000229,1000.000261,1000.000296,1000.000332,1000.000368,1000.000405,1000.000446,1000.000489,1000.000525,1000.000546,1000.000534,1000.000489,1000.000423,1000.000348,1000.000273,1000.000197,1000.000112,0.000000,0.000000,0.000000,0.000000,0.000000,0.000000,0.000000,0.000000,0.000000,0.000000,0.000000
0.000000,0.000000,0.000000,0.000000,0.000000,0.000000,0.000000,0.000000,0.000000,0.000000,0.000000,1000.000175,1000.000255,1000.000330,1000.000408,1000.000479,1000.000530,1000.000545,1000.000527,1000.000490,1000.000447,1000.000405,1000.000367,1000.000329,1000.000292,1000.000256,1000.000222,1000.000190,1000.000158,1000.000128,1000.000099,1000.000072,1000.000046,1000.000021,999.999998,999.999976,999.999955,999.999936,999.999918,999.999901,999.999886,999.999872,999.999859,999.999848,999.999838,999.999830,999.999822,999.999816,999.999812,999.999809,999.999807,999.999806,999.999807,999.999809,999.999812,999.999816,999.999822,999.999830,999.999838,999.999848,999.999859,999.999872,999.999886,999.999901,999.999918,999.999936,999.999955,999.999976,999.999998,1000.000021,1000.000046,1000.000072,1000.000099,1000.000128,1000.000158,1000.000190,1000.000222,1000.000256,1000.000292,1000.000329,1000.000367,1000.000405,1000.000447,1000.000490,1000.000527,1000.000545,1000.000530,1000.000479,1000.000408,1000.000330,1000.000255,1000.000175,0.000000,0.000000,0.000000,0.000000,0.000000,0.000000,0.000000,0.000000,0.000000,0.000000,0.000000
0.000000,0.000000,0.000000,0.000000,0.000000,0.000000,0.000000,0.000000,0.000000,0.000000,1000.000151,1000.000237,1000.000312,1000.000388,1000.000461,1000.000520,1000.000545,1000.000530,1000.000494,1000.000451,1000.000407,1000.000368,1000.000329,1000.000291,1000.000253,1000.000218,1000.000184,1000.000151,1000.000120,1000.000090,1000.000061,1000.000034,1000.000008,999.999983,999.999960,999.999938,999.999917,999.999898,999.999880,999.999863,999.999848,999.999834,999.999821,999.999810,999.999800,999.999792,999.999784,999.999778,999.999774,999.999770,999.999768,999.999768,999.999768,999.999770,999.999774,999.999778,999.999784,999.999792,999.999800,999.999810,999.999821,999.999834,999.999848,999.999863,999.999880,999.999898,999.999917,999.999938,999.999960,999.999983,1000.000008,1000.000034,1000.000061,1000.000090,1000.000120,1000.000151,1000.000184,1000.000218,1000.000253,1000.000291,1000.000329,1000.000368,1000.000407,1000.000451,1000.000494,1000.000530,1000.000545,1000.000520,1000.000461,1000.000388,1000.000312,1000.000237,1000.000151,0.000000,0.000000,0.000000,0.000000,0.000000,0.000000,0.000000,0.000000,0.000000,0.000000
0.000000,0.000000,0.000000,0.000000,0.000000,0.000000,0.000000,0.000000,0.000000,1000.000125,1000.000213,1000.000291,1000.000368,1000.000443,1000.000507,1000.000543,1000.000538,1000.000503,1000.000457,1000.000413,1000.000372,1000.000332,1000.000292,1000.000253,1000.000217,1000.000182,1000.000148,1000.000115,1000.000083,1000.000053,1000.000025,999.999997,999.999971,999.999947,999.999923,999.999901,999.999880,999.999861,999.999843,999.999827,999.999811,999.999797,999.999785,999.999773,999.999763,999.999755,999.999748,999.999742,999.999737,999.999734,999.999732,999.999731,999.999732,999.999734,999.999737,999.999742,999.999748,999.999755,999.999763,999.999773,999.999785,999.999797,999.999811,999.999827,999.999843,999.999861,999.999880,999.999901,999.999923,999.999947,999.999971,999.999997,1000.000025,1000.000053,1000.000083,1000.000115,1000.000148,1000.000182,1000.000217,1000.000253,1000.000292,1000.000332,1000.000372,1000.000413,1000.000457,1000.000503,1000.000538,1000.000543,1000.000507,1000.000443,1000.000368,1000.000291,1000.000213,1000.000125,0.000000,0.000000,0.000000,0.000000,0.000000,0.000000,0.000000,0.000000,0.000000
0.000000,0.000000,0.000000,0.000000,0.000000,0.000000,0.000000,0.000000,0.000000,1000.000182,1000.000265,1000.000346,1000.000425,1000.000494,1000.000538,1000.000544,1000.000516,1000.000470,1000.000422,1000.000378,1000.000337,1000.000296,1000.000256,1000.000218,1000.000182,1000.000146,1000.000112,1000.000079,1000.000048,1000.000018,999.999989,999.999962,999.999936,999.999911,999.999888,999.999866,999.999845,999.999826,999.999808,999.999791,999.999776,999.999762,999.999749,999.999738,999.999728,999.999719,999.999712,999.999706,999.999702,999.999698,999.999696,999.999696,999.999696,999.999698,999.999702,999.999706,999.999712,999.999719,999.999728,999.999738,999.999749,999.999762,999.999776,999.999791,999.999808,999.999826,999.999845,999.999866,999.999888,999.999911,999.999936,999.999962,999.999989,1000.000018,1000.000048,1000.000079,1000.000112,1000.000146,1000.000182,1000.000218,1000.000256,1000.000296,1000.000337,1000.000378,1000.000422,1000.000470,1000.000516,1000.000544,1000.000538,1000.000494,1000.000425,1000.000346,1000.000265,1000.000182,0.000000,0.000000,0.000000,0.000000,0.000000,0.000000,0.000000,0.000000,0.000000
0.000000,0.000000,0.000000,0.000000,0.000000,0.000000,0.000000,0.000000,1000.000146,1000.000236,1000.000317,1000.000399,1000.000476,1000.000530,1000.000545,1000.000524,1000.000482,1000.000434,1000.000388,1000.000345,1000.000303,1000.000261,1000.000222,1000.000184,1000.000148,1000.000112,1000.000078,1000.000045,1000.000014,999.999984,999.999955,999.999928,999.999902,999.999877,999.999854,999.999832,999.999811,999.999792,999.999774,999.999757,999.999742,999.999728,999.999715,999.999704,999.999694,999.999685,999.999678,999.999672,999.999668,999.999664,999.999662,999.999662,999.999662,999.999664,999.999668,999.999672,999.999678,999.999685,999.999694,999.999704,999.999715,999.999728,999.999742,999.999757,999.999774,999.999792,999.999811,999.999832,999.999854,999.999877,999.999902,999.999928,999.999955,999.999984,1000.000014,1000.000045,1000.000078,1000.000112,1000.000148,1000.000184,1000.000222,1000.000261,1000.000303,1000.000345,1000.000388,1000.000434,1000.000482,1000.000524,1000.000545,1000.000530,1000.000476,1000.000399,1000.000317,1000.000236,1000.000146,0.000000,0.000000,0.000000,0.000000,0.000000,0.000000,0.000000,0.000000
0.000000,0.000000,0.000000,0.000000,0.000000,0.000000,0.000000,0.000000,1000.000197,1000.000283,1000.000366,1000.000448,1000.000515,1000.000545,1000.000531,1000.000493,1000.000446,1000.000399,1000.000356,1000.000312,1000.000269,1000.000229,1000.000190,1000.000151,1000.000115,1000.000079,1000.000045,1000.000013,999.999981,999.999951,999.999923,999.999895,999.999869,999.999845,999.999821,999.999799,999.999779,999.999759,999.999741,999.999725,999.999709,999.999695,999.999683,999.999671,999.999661,999.999653,999.999645,999.999639,999.999635,999.999632,999.999630,999.999629,999.999630,999.999632,999.999635,999.999639,999.999645,999.999653,999.999661,999.999671,999.999683,999.999695,999.999709,999.999725,999.999741,999.999759,999.999779,999.999799,999.999821,999.999845,999.999869,999.999895,999.999923,999.999951,999.999981,1000.000013,1000.000045,1000.000079,1000.000115,1000.000151,1000.000190,1000.000229,1000.000269,1000.000312,1000.000356,1000.000399,1000.000446,1000.000493,1000.000531,1000.000545,1000.000515,1000.000448,1000.000366,1000.000283,1000.000197,0.000000,0.000000,0.000000,0.000000,0.000000,0.000000,0.000000,0.000000
0.000000,0.000000,0.000000,0.000000,0.000000,0.000000,0.000000,1000.000154,1000.000246,1000.000329,1000.000413,1000.000490,1000.000539,1000.000541,1000.000507,1000.000460,1000.000413,1000.000368,1000.000324,1000.000280,1000.000238,1000.000198,1000.000158,1000.000120,1000.000083,1000.000048,1000.000014,999.999981,999.999950,999.999920,999.999891,999.999864,999.999838,999.999813,999.999790,999.999768,999.999747,999.999728,999.999710,999.999693,999.999678,999.999664,999.999651,999.999640,999.999630,999.999621,999.999614,999.999608,999.999603,999.999600,999.999598,999.999597,999.999598,999.999600,999.999603,999.999608,999.999614,999.999621,999.999630,999.999640,999.999651,999.999664,999.999678,999.999693,999.999710,999.999728,999.999747,999.999768,999.999790,999.999813,999.999838,999.999864,999.999891,999.999920,999.999950,999.999981,1000.000014,1000.000048,1000.000083,1000.000120,1000.000158,1000.000198,1000.000238,1000.000280,1000.000324,1000.000368,1000.000413,1000.000460,1000.000507,1000.000541,1000.000539,1000.000490,1000.000413,1000.000329,1000.000246,1000.000154,0.000000,0.000000,0.000000,0.000000,0.000000,0.000000,0.000000
0.000000,0.000000,0.000000,0.000000,0.000000,0.000000,0.000000,1000.000202,1000.000289,1000.000374,1000.000456,1000.000522,1000.000546,1000.000525,1000.000479,1000.000429,1000.000383,1000.000338,1000.000293,1000.000250,1000.000208,1000.000167,1000.000128,1000.000090,1000.000053,1000.000018,999.999984,999.999951,999.999920,999.999890,999.999861,999.999834,999.999808,999.999783,999.999760,999.999738,999.999717,999.999698,999.999680,999.999663,999.999648,999.999634,999.999621,999.999610,999.999600,999.999591,999.999584,999.999578,999.999573,999.999570,999.999568,999.999567,999.999568,999.999570,999.999573,999.999578,999.999584,999.999591,999.999600,999.999610,999.999621,999.999634,999.999648,999.999663,999.999680,999.999698,999.999717,999.999738,999.999760,999.999783,999.999808,999.999834,999.999861,999.999890,999.999920,999.999951,999.999984,1000.000018,1000.000053,1000.000090,1000.000128,1000.000167,1000.000208,1000.000250,1000.000293,1000.000338,1000.000383,1000.000429,1000.000479,1000.000525,1000.000546,1000.000522,1000.000456,1000.000374,1000.000289,1000.000202,0.000000,0.000000,0.000000,0.000000,0.000000,0.000000,0.000000
0.000000,0.000000,0.000000,0.000000,0.000000,0.000000,1000.000154,1000.000248,1000.000332,1000.000417,1000.000494,1000.000541,1000.000541,1000.000502,1000.000451,1000.000401,1000.000355,1000.000309,1000.000264,1000.000221,1000.000179,1000.000139,1000.000099,1000.000061,1000.000025,999.999989,999.999955,999.999923,999.999891,999.999861,999.999833,999.999805,999.999779,999.999755,999.999731,999.999709,999.999689,999.999669,999.999651,999.999635,999.999619,999.999605,999.999593,999.999581,999.999571,999.999563,999.999555,999.999549,999.999545,999.999541,999.999539,999.999539,999.999539,999.999541,999.999545,999.999549,999.999555,999.999563,999.999571,999.999581,999.999593,999.999605,999.999619,999.999635,999.999651,999.999669,999.999689,999.999709,999.999731,999.999755,999.999779,999.999805,999.999833,999.999861,999.999891,999.999923,999.999955,999.999989,1000.000025,1000.000061,1000.000099,1000.000139,1000.000179,1000.000221,1000.000264,1000.000309,1000.000355,1000.000401,1000.000451,1000.000502,1000.000541,1000.000541,1000.000494,1000.000417,1000.000332,1000.000248,1000.000154,0.000000,0.000000,0.000000,0.000000,0.000000,0.000000
0.000000,0.000000,0.000000,0.000000,0.000000,0.000000,1000.000199,1000.000288,1000.000374,1000.000458,1000.000523,1000.000547,1000.000524,1000.000476,1000.000423,1000.000375,1000.000328,1000.000281,1000.000237,1000.000194,1000.000152,1000.000111,1000.000072,1000.000034,999.999997,999.999962,999.999928,999.999895,999.999864,999.999834,999.999805,999.999778,999.999752,999.999727,999.999704,999.999682,999.999661,999.999642,999.999624,999.999607,999.999592,999.999578,999.999565,999.999554,999.999544,999.999535,999.999528,999.999522,999.999517,999.999514,999.999512,999.999511,999.999512,999.999514,999.999517,999.999522,999.999528,999.999535,999.999544,999.999554,999.999565,999.999578,999.999592,999.999607,999.999624,999.999642,999.999661,999.999682,999.999704,999.999727,999.999752,999.999778,999.999805,999.999834,999.999864,999.999895,999.999928,999.999962,999.999997,1000.000034,1000.000072,1000.000111,1000.000152,1000.000194,1000.000237,1000.000281,1000.000328,1000.000375,1000.000423,1000.000476,1000.000524,1000.000547,1000.000523,1000.000458,1000.000374,1000.000288,1000.000199,0.000000,0.000000,0.000000,0.000000,0.000000,0.000000
0.000000,0.000000,0.000000,0.000000,0.000000,1000.000147,1000.000242,1000.000328,1000.000415,1000.000493,1000.000541,1000.000541,1000.000501,1000.000448,1000.000397,1000.000349,1000.000301,1000.000255,1000.000211,1000.000168,1000.000126,1000.000085,1000.000046,1000.000008,999.999971,999.999936,999.999902,999.999869,999.999838,999.999808,999.999779,999.999752,999.999726,999.999701,999.999678,999.999656,999.999635,999.999616,999.999598,999.999581,999.999566,999.999552,999.999539,999.999528,999.999518,999.999509,999.999502,999.999496,999.999491,999.999488,999.999486,999.999485,999.999486,999.999488,999.999491,999.999496,999.999502,999.999509,999.999518,999.999528,999.999539,999.999552,999.999566,999.999581,999.999598,999.999616,999.999635,999.999656,999.999678,999.999701,999.999726,999.999752,999.999779,999.999808,999.999838,999.999869,999.999902,999.999936,999.999971,1000.000008,1000.000046,1000.000085,1000.000126,1000.000168,1000.000211,1000.000255,1000.000301,1000.000349,1000.000397,1000.000448,1000.000501,1000.000541,1000.000541,1000.000493,1000.000415,1000.000328,1000.000242,1000.000147,0.000000,0.000000,0.000000,0.000000,0.000000
0.000000,0.000000,0.000000,0.000000,0.000000,1000.000187,1000.000278,1000.000366,1000.000453,1000.000521,1000.000547,1000.000524,1000.000476,1000.000423,1000.000373,1000.000324,1000.000277,1000.000231,1000.000186,1000.000143,1000.000101,1000.000060,1000.000021,999.999983,999.999947,999.999911,999.999877,999.999845,999.999813,999.999783,999.999755,999.999727,999.999701,999.999677,999.999653,999.999631,999.999611,999.999591,999.999573,999.999557,999.999541,999.999527,999.999515,999.999503,999.999493,999.999485,999.999477,999.999471,999.999467,999.999463,999.999461,999.999461,999.999461,999.999463,999.999467,999.999471,999.999477,999.999485,999.999493,999.999503,999.999515,999.999527,999.999541,999.999557,999.999573,999.999591,999.999611,999.999631,999.999653,999.999677,999.999701,999.999727,999.999755,999.999783,999.999813,999.999845,999.999877,999.999911,999.999947,999.999983,1000.000021,1000.000060,1000.000101,1000.000143,1000.000186,1000.000231,1000.000277,1000.000324,1000.000373,1000.000423,1000.000476,1000.000524,1000.000547,1000.000521,1000.000453,1000.000366,1000.000278,1000.000187,0.000000,0.000000,0.000000,0.000000,0.000000
0.000000,0.000000,0.000000,0.000000,1000.000129,1000.000225,1000.000314,1000.000403,1000.000486,1000.000539,1000.000541,1000.000503,1000.000450,1000.000399,1000.000349,1000.000301,1000.000253,1000.000207,1000.000163,1000.000120,1000.000078,1000.000037,999.999998,999.999960,999.999923,999.999888,999.999854,999.999821,999.999790,999.999760,999.999731,999.999704,999.999678,999.999653,999.999630,999.999608,999.999587,999.999568,999.999550,999.999533,999.999518,999.999504,999.999491,999.999480,999.999470,999.999461,999.999454,999.999448,999.999443,999.999440,999.999438,999.999437,999.999438,999.999440,999.999443,999.999448,999.999454,999.999461,999.999470,999.999480,999.999491,999.999504,999.999518,999.999533,999.999550,999.999568,999.999587,999.999608,999.999630,999.999653,999.999678,999.999704,999.999731,999.999760,999.999790,999.999821,999.999854,999.999888,999.999923,999.999960,999.999998,1000.000037,1000.000078,1000.000120,1000.000163,1000.000207,1000.000253,1000.000301,1000.000349,1000.000399,1000.000450,1000.000503,1000.000541,1000.000539,1000.000486,1000.000403,1000.000314,1000.000225,1000.000129,0.000000,0.000000,0.000000,0.000000
0.000000,0.000000,0.000000,0.000000,1000.000165,1000.000257,1000.000346,1000.000436,1000.000512,1000.000545,1000.000527,1000.000480,1000.000427,1000.000376,1000.000327,1000.000278,1000.000231,1000.000185,1000.000141,1000.000098,1000.000056,1000.000015,999.999976,999.999938,999.999901,999.999866,999.999832,999.999799,999.999768,999.999738,999.999709,999.999682,999.999656,999.999631,999.999608,999.999586,999.999565,999.999546,999.999528,999.999511,999.999496,999.999482,999.999469,999.999458,999.999448,999.999439,999.999432,999.999426,999.999421,999.999418,999.999416,999.999415,999.999416,999.999418,999.999421,999.999426,999.999432,999.999439,999.999448,999.999458,999.999469,999.999482,999.999496,999.999511,999.999528,999.999546,999.999565,999.999586,999.999608,999.999631,999.999656,999.999682,999.999709,999.999738,999.999768,999.999799,999.999832,999.999866,999.999901,999.999938,999.999976,1000.000015,1000.000056,1000.000098,1000.000141,1000.000185,1000.000231,1000.000278,1000.000327,1000.000376,1000.000427,1000.000480,1000.000527,1000.000545,1000.000512,1000.000436,1000.000346,1000.000257,1000.000165,0.000000,0.000000,0.000000,0.000000
