0.000000,0.000000,0.000000,0.000000,0.000000,0.000000,0.000000,0.000000,0.000000,0.000000,0.000000,0.000000,0.000000,0.000000,0.000000,0.000000,0.000000,0.000000,0.000000,0.000000,0.000000,0.000000,0.000000,0.000000,0.000000,0.000000,0.000000,0.000000,0.000000,0.000000,0.000000,0.000000,0.000000,0.000000,0.000000,0.000000,0.000000,0.000000,0.000000,0.000000,0.000000,0.000000,0.000000,0.000000,0.000000,0.000000,0.000000,0.000000,0.000000,0.000000,0.000000,0.000000,0.000000,0.000000,0.000000,0.000000,0.000000,0.000000,0.000000,0.000000,0.000000,0.000000,0.000000,0.000000,0.000000,0.000000,0.000000,0.000000,0.000000,0.000000,0.000000,0.000000,0.000000,0.000000,0.000000,0.000000,0.000000,0.000000,0.000000,0.000000,0.000000,0.000000,0.000000,0.000000,0.000000,0.000000,0.000000,0.000000,0.000000,0.000000,0.000000,0.000000,0.000000,0.000000,0.000000,0.000000,0.000000,0.000000,0.000000,0.000000,0.000000,0.000000,0.000000
0.000000,0.000000,0.000000,0.000000,0.000000,0.000000,0.000000,0.000000,0.000000,0.000000,0.000000,0.000000,0.000000,0.000000,0.000000,0.000000,0.000000,0.000000,0.000000,0.000000,0.000000,0.000000,0.000000,0.000000,0.000000,0.000000,0.000000,0.000000,0.000000,0.000000,0.000000,0.000000,0.000000,0.000000,0.000000,0.000000,0.000000,0.000000,0.000000,0.000000,0.000000,0.000000,0.000000,0.000000,0.000000,0.000000,0.000000,0.000000,0.000000,0.000000,0.000000,1000.000065,0.000000,0.000000,0.000000,0.000000,0.000000,0.000000,0.000000,0.000000,0.000000,0.000000,0.000000,0.000000,0.000000,0.000000,0.000000,0.000000,0.000000,0.000000,0.000000,0.000000,0.000000,0.000000,0.000000,0.000000,0.000000,0.000000,0.000000,0.000000,0.000000,0.000000,0.000000,0.000000,0.000000,0.000000,0.000000,0.000000,0.000000,0.000000,0.000000,0.000000,0.000000,0.000000,0.000000,0.000000,0.000000,0.000000,0.000000,0.000000,0.000000,0.000000,0.000000
0.000000,0.000000,0.000000,0.000000,0.000000,0.000000,0.000000,0.000000,0.000000,0.000000,0.000000,0.000000,0.000000,0.000000,0.000000,0.000000,0.000000,0.000000,0.000000,0.000000,0.000000,0.000000,0.000000,0.000000,0.000000,0.000000,0.000000,0.000000,0.000000,0.000000,0.000000,0.000000,0.000000,0.000000,0.000000,0.000000,0.000000,0.000000,0.000000,0.000000,0.000000,0.000000,1000.000119,1000.000139,1000.000149,1000.000154,1000.000157,1000.000158,1000.000158,1000.000157,1000.000156,1000.000161,1000.000156,1000.000157,1000.000158,1000.000158,1000.000157,1000.000154,1000.000149,1000.000139,1000.000119,0.000000,0.000000,0.000000,0.000000,0.000000,0.000000,0.000000,0.000000,0.000000,0.000000,0.000000,0.000000,0.000000,0.000000,0.000000,0.000000,0.000000,0.000000,0.000000,0.000000,0.000000,0.000000,0.000000,0.000000,0.000000,0.000000,0.000000,0.000000,0.000000,0.000000,0.000000,0.000000,0.000000,0.000000,0.000000,0.000000,0.000000,0.000000,0.000000,0.000000,0.000000,0.000000
0.000000,0.000000,0.000000,0.000000,0.000000,0.000000,0.000000,0.000000,0.000000,0.000000,0.000000,0.000000,0.000000,0.000000,0.000000,0.000000,0.000000,0.000000,0.000000,0.000000,0.000000,0.000000,0.000000,0.000000,0.000000,0.000000,0.000000,0.000000,0.000000,0.000000,0.000000,0.000000,0.000000,0.000000,0.000000,0.000000,0.000000,1000.000115,1000.000144,1000.000167,1000.000185,1000.000200,1000.000214,1000.000227,1000.000236,1000.000243,1000.000247,1000.000248,1000.000249,1000.000250,1000.000249,1000.000250,1000.000249,1000.000250,1000.000249,1000.000248,1000.000247,1000.000243,1000.000236,1000.000227,1000.000214,1000.000200,1000.000185,1000.000167,1000.000144,1000.000115,0.000000,0.000000,0.000000,0.000000,0.000000,0.000000,0.000000,0.000000,0.000000,0.000000,0.000000,0.000000,0.000000,0.000000,0.000000,0.000000,0.000000,0.000000,0.000000,0.000000,0.000000,0.000000,0.000000,0.000000,0.000000,0.000000,0.000000,0.000000,0.000000,0.000000,0.000000,0.000000,0.000000,0.000000,0.000000,0.000000,0.000000
0.000000,0.000000,0.000000,0.000000,0.000000,0.000000,0.000000,0.000000,0.000000,0.000000,0.000000,0.000000,0.000000,0.000000,0.000000,0.000000,0.000000,0.000000,0.000000,0.000000,0.000000,0.000000,0.000000,0.000000,0.000000,0.000000,0.000000,0.000000,0.000000,0.000000,0.000000,0.000000,0.000000,0.000000,1000.000120,1000.000153,1000.000180,1000.000207,1000.000231,1000.000252,1000.000272,1000.000288,1000.000304,1000.000316,1000.000325,1000.000331,1000.000335,1000.000337,1000.000338,1000.000338,1000.000338,1000.000338,1000.000338,1000.000338,1000.000338,1000.000337,1000.000335,1000.000331,1000.000325,1000.000316,1000.000304,1000.000288,1000.000272,1000.000252,1000.000231,1000.000207,1000.000180,1000.000153,1000.000120,0.000000,0.000000,0.000000,0.000000,0.000000,0.000000,0.000000,0.000000,0.000000,0.000000,0.000000,0.000000,0.000000,0.000000,0.000000,0.000000,0.000000,0.000000,0.000000,0.000000,0.000000,0.000000,0.000000,0.000000,0.000000,0.000000,0.000000,0.000000,0.000000,0.000000,0.000000,0.000000,0.000000,0.000000
0.000000,0.000000,0.000000,0.000000,0.000000,0.000000,0.000000,0.000000,0.000000,0.000000,0.000000,0.000000,0.000000,0.000000,0.000000,0.000000,0.000000,0.000000,0.000000,0.000000,0.000000,0.000000,0.000000,0.000000,0.000000,0.000000,0.000000,0.000000,0.000000,0.000000,0.000000,0.000000,1000.000137,1000.000174,1000.000209,1000.000239,1000.000266,1000.000292,1000.000316,1000.000337,1000.000357,1000.000375,1000.000392,1000.000405,1000.000413,1000.000418,1000.000421,1000.000422,1000.000423,1000.000423,1000.000423,1000.000423,1000.000423,1000.000423,1000.000423,1000.000422,1000.000421,1000.000418,1000.000413,1000.000405,1000.000392,1000.000375,1000.000357,1000.000337,1000.000316,1000.000292,1000.000266,1000.000239,1000.000209,1000.000174,1000.000137,0.000000,0.000000,0.000000,0.000000,0.000000,0.000000,0.000000,0.000000,0.000000,0.000000,0.000000,0.000000,0.000000,0.000000,0.000000,0.000000,0.000000,0.000000,0.000000,0.000000,0.000000,0.000000,0.000000,0.000000,0.000000,0.000000,0.000000,0.000000,0.000000,0.000000,0.000000,0.000000
0.000000,0.000000,0.000000,0.000000,0.000000,0.000000,0.000000,0.000000,0.000000,0.000000,0.000000,0.000000,0.000000,0.000000,0.000000,0.000000,0.000000,0.000000,0.000000,0.000000,0.000000,0.000000,0.000000,0.000000,0.000000,0.000000,0.000000,0.000000,0.000000,0.000000,1000.000143,1000.000185,1000.000225,1000.000259,1000.000291,1000.000321,1000.000351,1000.000378,1000.000401,1000.000421,1000.000438,1000.000454,1000.000468,1000.000478,1000.000482,1000.000485,1000.000486,1000.000487,1000.000487,1000.000487,1000.000487,1000.000487,1000.000487,1000.000487,1000.000487,1000.000487,1000.000486,1000.000485,1000.000482,1000.000478,1000.000468,1000.000454,1000.000438,1000.000421,1000.000401,1000.000378,1000.000351,1000.000321,1000.000291,1000.000259,1000.000225,1000.000185,1000.000143,0.000000,0.000000,0.000000,0.000000,0.000000,0.000000,0.000000,0.000000,0.000000,0.000000,0.000000,0.000000,0.000000,0.000000,0.000000,0.000000,0.000000,0.000000,0.000000,0.000000,0.000000,0.000000,0.000000,0.000000,0.000000,0.000000,0.000000,0.000000,0.000000,0.000000
0.000000,0.000000,0.000000,0.000000,0.000000,0.000000,0.000000,0.000000,0.000000,0.000000,0.000000,0.000000,0.000000,0.000000,0.000000,0.000000,0.000000,0.000000,0.000000,0.000000,0.000000,0.000000,0.000000,0.000000,0.000000,0.000000,0.000000,0.000000,1000.000143,1000.000187,1000.000230,1000.000268,1000.000305,1000.000340,1000.000375,1000.000406,1000.000432,1000.000456,1000.000475,1000.000487,1000.000496,1000.000501,1000.000503,1000.000502,1000.000501,1000.000500,1000.000499,1000.000498,1000.000498,1000.000498,1000.000497,1000.000497,1000.000497,1000.000498,1000.000498,1000.000498,1000.000499,1000.000500,1000.000501,1000.000502,1000.000503,1000.000501,1000.000496,1000.000487,1000.000475,1000.000456,1000.000432,1000.000406,1000.000375,1000.000340,1000.000305,1000.000268,1000.000230,1000.000187,1000.000143,0.000000,0.000000,0.000000,0.000000,0.000000,0.000000,0.000000,0.000000,0.000000,0.000000,0.000000,0.000000,0.000000,0.000000,0.000000,0.000000,0.000000,0.000000,0.000000,0.000000,0.000000,0.000000,0.000000,0.000000,0.000000,0.000000,0.000000,0.000000
0.000000,0.000000,0.000000,0.000000,0.000000,0.000000,0.000000,0.000000,0.000000,0.000000,0.000000,0.000000,0.000000,0.000000,0.000000,0.000000,0.000000,0.000000,0.000000,0.000000,0.000000,0.000000,0.000000,0.000000,0.000000,0.000000,1000.000136,1000.000183,1000.000229,1000.000269,1000.000309,1000.000347,1000.000386,1000.000421,1000.000452,1000.000476,1000.000493,1000.000503,1000.000507,1000.000506,1000.000502,1000.000495,1000.000485,1000.000475,1000.000468,1000.000464,1000.000462,1000.000460,1000.000459,1000.000458,1000.000457,1000.000457,1000.000457,1000.000458,1000.000459,1000.000460,1000.000462,1000.000464,1000.000468,1000.000475,1000.000485,1000.000495,1000.000502,1000.000506,1000.000507,1000.000503,1000.000493,1000.000476,1000.000452,1000.000421,1000.000386,1000.000347,1000.000309,1000.000269,1000.000229,1000.000183,1000.000136,0.000000,0.000000,0.000000,0.000000,0.000000,0.000000,0.000000,0.000000,0.000000,0.000000,0.000000,0.000000,0.000000,0.000000,0.000000,0.000000,0.000000,0.000000,0.000000,0.000000,0.000000,0.000000,0.000000,0.000000,0.000000,0.000000
0.000000,0.000000,0.000000,0.000000,0.000000,0.000000,0.000000,0.000000,0.000000,0.000000,0.000000,0.000000,0.000000,0.000000,0.000000,0.000000,0.000000,0.000000,0.000000,0.000000,0.000000,0.000000,0.000000,0.000000,1000.000117,1000.000169,1000.000219,1000.000263,1000.000306,1000.000347,1000.000388,1000.000425,1000.000458,1000.000485,1000.000501,1000.000507,1000.000506,1000.000499,1000.000488,1000.000476,1000.000464,1000.000452,1000.000439,1000.000426,1000.000418,1000.000412,1000.000408,1000.000406,1000.000403,1000.000402,1000.000401,1000.000401,1000.000401,1000.000402,1000.000403,1000.000406,1000.000408,1000.000412,1000.000418,1000.000426,1000.000439,1000.000452,1000.000464,1000.000476,1000.000488,1000.000499,1000.000506,1000.000507,1000.000501,1000.000485,1000.000458,1000.000425,1000.000388,1000.000347,1000.000306,1000.000263,1000.000219,1000.000169,1000.000117,0.000000,0.000000,0.000000,0.000000,0.000000,0.000000,0.000000,0.000000,0.000000,0.000000,0.000000,0.000000,0.000000,0.000000,0.000000,0.000000,0.000000,0.000000,0.000000,0.000000,0.000000,0.000000,0.000000,0.000000
0.000000,0.000000,0.000000,0.000000,0.000000,0.000000,0.000000,0.000000,0.000000,0.000000,0.000000,0.000000,0.000000,0.000000,0.000000,0.000000,0.000000,0.000000,0.000000,0.000000,0.000000,0.000000,0.000000,1000.000141,1000.000198,1000.000247,1000.000294,1000.000340,1000.000384,1000.000424,1000.000459,1000.000487,1000.000504,1000.000509,1000.000503,1000.000490,1000.000475,1000.000458,1000.000441,1000.000426,1000.000412,1000.000399,1000.000387,1000.000377,1000.000368,1000.000362,1000.000357,1000.000353,1000.000350,1000.000348,1000.000347,1000.000347,1000.000347,1000.000348,1000.000350,1000.000353,1000.000357,1000.000362,1000.000368,1000.000377,1000.000387,1000.000399,1000.000412,1000.000426,1000.000441,1000.000458,1000.000475,1000.000490,1000.000503,1000.000509,1000.000504,1000.000487,1000.000459,1000.000424,1000.000384,1000.000340,1000.000294,1000.000247,1000.000198,1000.000141,0.000000,0.000000,0.000000,0.000000,0.000000,0.000000,0.000000,0.000000,0.000000,0.000000,0.000000,0.000000,0.000000,0.000000,0.000000,0.000000,0.000000,0.000000,0.000000,0.000000,0.000000,0.000000,0.000000
0.000000,0.000000,0.000000,0.000000,0.000000,0.000000,0.000000,0.000000,0.000000,0.000000,0.000000,0.000000,0.000000,0.000000,0.000000,0.000000,0.000000,0.000000,0.000000,0.000000,0.000000,1000.000104,1000.000163,1000.000220,1000.000271,1000.000321,1000.000371,1000.000417,1000.000456,1000.000486,1000.000504,1000.000509,1000.000503,1000.000487,1000.000467,1000.000446,1000.000426,1000.000408,1000.000391,1000.000376,1000.000362,1000.000349,1000.000338,1000.000328,1000.000319,1000.000312,1000.000306,1000.000302,1000.000299,1000.000297,1000.000296,1000.000295,1000.000296,1000.000297,1000.000299,1000.000302,1000.000306,1000.000312,1000.000319,1000.000328,1000.000338,1000.000349,1000.000362,1000.000376,1000.000391,1000.000408,1000.000426,1000.000446,1000.000467,1000.000487,1000.000503,1000.000509,1000.000504,1000.000486,1000.000456,1000.000417,1000.000371,1000.000321,1000.000271,1000.000220,1000.000163,1000.000104,0.000000,0.000000,0.000000,0.000000,0.000000,0.000000,0.000000,0.000000,0.000000,0.000000,0.000000,0.000000,0.000000,0.000000,0.000000,0.000000,0.000000,0.000000,0.000000,0.000000,0.000000
0.000000,0.000000,0.000000,0.000000,0.000000,0.000000,0.000000,0.000000,0.000000,0.000000,0.000000,0.000000,0.000000,0.000000,0.000000,0.000000,0.000000,0.000000,0.000000,0.000000,1000.000121,1000.000183,1000.000237,1000.000289,1000.000342,1000.000395,1000.000443,1000.000479,1000.000501,1000.000509,1000.000503,1000.000487,1000.000466,1000.000442,1000.000418,1000.000397,1000.000377,1000.000359,1000.000343,1000.000328,1000.000314,1000.000301,1000.000289,1000.000279,1000.000270,1000.000263,1000.000257,1000.000253,1000.000249,1000.000247,1000.000245,1000.000245,1000.000245,1000.000247,1000.000249,1000.000253,1000.000257,1000.000263,1000.000270,1000.000279,1000.000289,1000.000301,1000.000314,1000.000328,1000.000343,1000.000359,1000.000377,1000.000397,1000.000418,1000.000442,1000.000466,1000.000487,1000.000503,1000.000509,1000.000501,1000.000479,1000.000443,1000.000395,1000.000342,1000.000289,1000.000237,1000.000183,1000.000121,0.000000,0.000000,0.000000,0.000000,0.000000,0.000000,0.000000,0.000000,0.000000,0.000000,0.000000,0.000000,0.000000,0.000000,0.000000,0.000000,0.000000,0.000000,0.000000,0.000000
0.000000,0.000000,0.000000,0.000000,0.000000,0.000000,0.000000,0.000000,0.000000,0.000000,0.000000,0.000000,0.000000,0.000000,0.000000,0.000000,0.000000,0.000000,0.000000,1000.000135,1000.000198,1000.000254,1000.000307,1000.000360,1000.000412,1000.000459,1000.000493,1000.000507,1000.000503,1000.000488,1000.000467,1000.000442,1000.000417,1000.000393,1000.000370,1000.000350,1000.000331,1000.000312,1000.000296,1000.000280,1000.000266,1000.000253,1000.000242,1000.000232,1000.000223,1000.000216,1000.000210,1000.000205,1000.000201,1000.000198,1000.000197,1000.000196,1000.000197,1000.000198,1000.000201,1000.000205,1000.000210,1000.000216,1000.000223,1000.000232,1000.000242,1000.000253,1000.000266,1000.000280,1000.000296,1000.000312,1000.000331,1000.000350,1000.000370,1000.000393,1000.000417,1000.000442,1000.000467,1000.000488,1000.000503,1000.000507,1000.000493,1000.000459,1000.000412,1000.000360,1000.000307,1000.000254,1000.000198,1000.000135,0.000000,0.000000,0.000000,0.000000,0.000000,0.000000,0.000000,0.000000,0.000000,0.000000,0.000000,0.000000,0.000000,0.000000,0.000000,0.000000,0.000000,0.000000,0.000000
0.000000,0.000000,0.000000,0.000000,0.000000,0.000000,0.000000,0.000000,0.000000,0.000000,0.000000,0.000000,0.000000,0.000000,0.000000,0.000000,0.000000,0.000000,1000.000143,1000.000209,1000.000267,1000.000323,1000.000379,1000.000429,1000.000471,1000.000500,1000.000508,1000.000494,1000.000471,1000.000445,1000.000419,1000.000393,1000.000369,1000.000346,1000.000325,1000.000304,1000.000284,1000.000266,1000.000249,1000.000234,1000.000220,1000.000207,1000.000196,1000.000186,1000.000177,1000.000169,1000.000163,1000.000158,1000.000154,1000.000151,1000.000150,1000.000149,1000.000150,1000.000151,1000.000154,1000.000158,1000.000163,1000.000169,1000.000177,1000.000186,1000.000196,1000.000207,1000.000220,1000.000234,1000.000249,1000.000266,1000.000284,1000.000304,1000.000325,1000.000346,1000.000369,1000.000393,1000.000419,1000.000445,1000.000471,1000.000494,1000.000508,1000.000500,1000.000471,1000.000429,1000.000379,1000.000323,1000.000267,1000.000209,1000.000143,0.000000,0.000000,0.000000,0.000000,0.000000,0.000000,0.000000,0.000000,0.000000,0.000000,0.000000,0.000000,0.000000,0.000000,0.000000,0.000000,0.000000,0.000000
0.000000,0.000000,0.000000,0.000000,0.000000,0.000000,0.000000,0.000000,0.000000,0.000000,0.000000,0.000000,0.000000,0.000000,0.000000,0.000000,0.000000,1000.000148,1000.000216,1000.000276,1000.000335,1000.000394,1000.000445,1000.000484,1000.000505,1000.000506,1000.000487,1000.000458,1000.000427,1000.000399,1000.000373,1000.000348,1000.000324,1000.000301,1000.000279,1000.000258,1000.000239,1000.000221,1000.000205,1000.000189,1000.000175,1000.000162,1000.000151,1000.000140,1000.000132,1000.000124,1000.000117,1000.000112,1000.000108,1000.000105,1000.000104,1000.000103,1000.000104,1000.000105,1000.000108,1000.000112,1000.000117,1000.000124,1000.000132,1000.000140,1000.000151,1000.000162,1000.000175,1000.000189,1000.000205,1000.000221,1000.000239,1000.000258,1000.000279,1000.000301,1000.000324,1000.000348,1000.000373,1000.000399,1000.000427,1000.000458,1000.000487,1000.000506,1000.000505,1000.000484,1000.000445,1000.000394,1000.000335,1000.000276,1000.000216,1000.000148,0.000000,0.000000,0.000000,0.000000,0.000000,0.000000,0.000000,0.000000,0.000000,0.000000,0.000000,0.000000,0.000000,0.000000,0.000000,0.000000,0.000000
0.000000,0.000000,0.000000,0.000000,0.000000,0.000000,0.000000,0.000000,0.000000,0.000000,0.000000,0.000000,0.000000,0.000000,0.000000,0.000000,1000.000149,1000.000219,1000.000280,1000.000341,1000.000402,1000.000455,1000.000493,1000.000507,1000.000501,1000.000479,1000.000448,1000.000415,1000.000383,1000.000356,1000.000330,1000.000304,1000.000280,1000.000257,1000.000235,1000.000215,1000.000196,1000.000178,1000.000161,1000.000145,1000.000131,1000.000118,1000.000107,1000.000097,1000.000088,1000.000080,1000.000073,1000.000068,1000.000064,1000.000061,1000.000059,1000.000059,1000.000059,1000.000061,1000.000064,1000.000068,1000.000073,1000.000080,1000.000088,1000.000097,1000.000107,1000.000118,1000.000131,1000.000145,1000.000161,1000.000178,1000.000196,1000.000215,1000.000235,1000.000257,1000.000280,1000.000304,1000.000330,1000.000356,1000.000383,1000.000415,1000.000448,1000.000479,1000.000501,1000.000507,1000.000493,1000.000455,1000.000402,1000.000341,1000.000280,1000.000219,1000.000149,0.000000,0.000000,0.000000,0.000000,0.000000,0.000000,0.000000,0.000000,0.000000,0.000000,0.000000,0.000000,0.000000,0.000000,0.000000,0.000000
0.000000,0.000000,0.000000,0.000000,0.000000,0.000000,0.000000,0.000000,0.000000,0.000000,0.000000,0.000000,0.000000,0.000000,0.000000,1000.000148,1000.000219,1000.000282,1000.000344,1000.000406,1000.000460,1000.000497,1000.000507,1000.000493,1000.000467,1000.000436,1000.000403,1000.000371,1000.000342,1000.000314,1000.000287,1000.000261,1000.000237,1000.000214,1000.000193,1000.000172,1000.000153,1000.000135,1000.000118,1000.000103,1000.000089,1000.000076,1000.000064,1000.000054,1000.000045,1000.000037,1000.000030,1000.000025,1000.000021,1000.000018,1000.000016,1000.000016,1000.000016,1000.000018,1000.000021,1000.000025,1000.000030,1000.000037,1000.000045,1000.000054,1000.000064,1000.000076,1000.000089,1000.000103,1000.000118,1000.000135,1000.000153,1000.000172,1000.000193,1000.000214,1000.000237,1000.000261,1000.000287,1000.000314,1000.000342,1000.000371,1000.000403,1000.000436,1000.000467,1000.000493,1000.000507,1000.000497,1000.000460,1000.000406,1000.000344,1000.000282,1000.000219,1000.000148,0.000000,0.000000,0.000000,0.000000,0.000000,0.000000,0.000000,0.000000,0.000000,0.000000,0.000000,0.000000,0.000000,0.000000,0.000000
0.000000,0.000000,0.000000,0.000000,0.000000,0.000000,0.000000,0.000000,0.000000,0.000000,0.000000,0.000000,0.000000,0.000000,1000.000143,1000.000216,1000.000280,1000.000344,1000.000407,1000.000461,1000.000499,1000.000508,1000.000490,1000.000459,1000.000425,1000.000392,1000.000360,1000.000330,1000.000301,1000.000273,1000.000245,1000.000220,1000.000196,1000.000173,1000.000151,1000.000131,1000.000112,1000.000094,1000.000077,1000.000061,1000.000047,1000.000034,1000.000023,1000.000012,1000.000003,999.999995,999.999989,999.999983,999.999979,999.999976,999.999974,999.999974,999.999974,999.999976,999.999979,999.999983,999.999989,999.999995,1000.000003,1000.000012,1000.000023,1000.000034,1000.000047,1000.000061,1000.000077,1000.000094,1000.000112,1000.000131,1000.000151,1000.000173,1000.000196,1000.000220,1000.000245,1000.000273,1000.000301,1000.000330,1000.000360,1000.000392,1000.000425,1000.000459,1000.000490,1000.000508,1000.000499,1000.000461,1000.000407,1000.000344,1000.000280,1000.000216,1000.000143,0.000000,0.000000,0.000000,0.000000,0.000000,0.000000,0.000000,0.000000,0.000000,0.000000,0.000000,0.000000,0.000000,0.000000
0.000000,0.000000,0.000000,0.000000,0.000000,0.000000,0.000000,0.000000,0.000000,0.000000,0.000000,0.000000,0.000000,1000.000135,1000.000209,1000.000276,1000.000341,1000.000406,1000.000461,1000.000499,1000.000508,1000.000489,1000.000456,1000.000419,1000.000383,1000.000351,1000.000321,1000.000290,1000.000260,1000.000232,1000.000206,1000.000180,1000.000156,1000.000133,1000.000111,1000.000091,1000.000071,1000.000053,1000.000037,1000.000021,1000.000007,999.999994,999.999983,999.999972,999.999963,999.999955,999.999948,999.999943,999.999939,999.999936,999.999934,999.999933,999.999934,999.999936,999.999939,999.999943,999.999948,999.999955,999.999963,999.999972,999.999983,999.999994,1000.000007,1000.000021,1000.000037,1000.000053,1000.000071,1000.000091,1000.000111,1000.000133,1000.000156,1000.000180,1000.000206,1000.000232,1000.000260,1000.000290,1000.000321,1000.000351,1000.000383,1000.000419,1000.000456,1000.000489,1000.000508,1000.000499,1000.000461,1000.000406,1000.000341,1000.000276,1000.000209,1000.000135,0.000000,0.000000,0.000000,0.000000,0.000000,0.000000,0.000000,0.000000,0.000000,0.000000,0.000000,0.000000,0.000000
0.000000,0.000000,0.000000,0.000000,0.000000,0.000000,0.000000,0.000000,0.000000,0.000000,0.000000,0.000000,1000.000121,1000.000198,1000.000267,1000.000335,1000.000402,1000.000460,1000.000499,1000.000508,1000.000488,1000.000454,1000.000416,1000.000379,1000.000345,1000.000313,1000.000281,1000.000250,1000.000221,1000.000193,1000.000167,1000.000141,1000.000117,1000.000094,1000.000072,1000.000052,1000.000032,1000.000014,999.999998,999.999982,999.999968,999.999955,999.999944,999.999933,999.999924,999.999916,999.999909,999.999904,999.999900,999.999897,999.999895,999.999894,999.999895,999.999897,999.999900,999.999904,999.999909,999.999916,999.999924,999.999933,999.999944,999.999955,999.999968,999.999982,999.999998,1000.000014,1000.000032,1000.000052,1000.000072,1000.000094,1000.000117,1000.000141,1000.000167,1000.000193,1000.000221,1000.000250,1000.000281,1000.000313,1000.000345,1000.000379,1000.000416,1000.000454,1000.000488,1000.000508,1000.000499,1000.000460,1000.000402,1000.000335,1000.000267,1000.000198,1000.000121,0.000000,0.000000,0.000000,0.000000,0.000000,0.000000,0.000000,0.000000,0.000000,0.000000,0.000000,0.000000
0.000000,0.000000,0.000000,0.000000,0.000000,0.000000,0.000000,0.000000,0.000000,0.000000,0.000000,1000.000104,1000.000183,1000.000254,1000.000323,1000.000394,1000.000455,1000.000497,1000.000508,1000.000489,1000.000454,1000.000415,1000.000377,1000.000342,1000.000308,1000.000275,1000.000243,1000.000213,1000.000184,1000.000156,1000.000129,1000.000103,1000.000079,1000.000056,1000.000034,1000.000014,999.999995,999.999977,999.999960,999.999945,999.999930,999.999917,999.999906,999.999895,999.999886,999.999878,999.999871,999.999866,999.999862,999.999859,999.999857,999.999856,999.999857,999.999859,999.999862,999.999866,999.999871,999.999878,999.999886,999.999895,999.999906,999.999917,999.999930,999.999945,999.999960,999.999977,999.999995,1000.000014,1000.000034,1000.000056,1000.000079,1000.000103,1000.000129,1000.000156,1000.000184,1000.000213,1000.000243,1000.000275,1000.000308,1000.000342,1000.000377,1000.000415,1000.000454,1000.000489,1000.000508,1000.000497,1000.000455,1000.000394,1000.000323,1000.000254,1000.000183,1000.000104,0.000000,0.000000,0.000000,0.000000,0.000000,0.000000,0.000000,0.000000,0.000000,0.000000,0.000000
0.000000,0.000000,0.000000,0.000000,0.000000,0.000000,0.000000,0.000000,0.000000,0.000000,0.000000,1000.000163,1000.000237,1000.000307,1000.000379,1000.000445,1000.000493,1000.000507,1000.000490,1000.000456,1000.000416,1000.000377,1000.000341,1000.000306,1000.000271,1000.000238,1000.000207,1000.000176,1000.000147,1000.000119,1000.000092,1000.000067,1000.000043,1000.000020,999.999998,999.999977,999.999958,999.999940,999.999924,999.999908,999.999894,999.999881,999.999869,999.999859,999.999850,999.999842,999.999835,999.999829,999.999825,999.999822,999.999820,999.999820,999.999820,999.999822,999.999825,999.999829,999.999835,999.999842,999.999850,999.999859,999.999869,999.999881,999.999894,999.999908,999.999924,999.999940,999.999958,999.999977,999.999998,1000.000020,1000.000043,1000.000067,1000.000092,1000.000119,1000.000147,1000.000176,1000.000207,1000.000238,1000.000271,1000.000306,1000.000341,1000.000377,1000.000416,1000.000456,1000.000490,1000.000507,1000.000493,1000.000445,1000.000379,1000.000307,1000.000237,1000.000163,0.000000,0.000000,0.000000,0.000000,0.000000,0.000000,0.000000,0.000000,0.000000,0.000000,0.000000
0.000000,0.000000,0.000000,0.000000,0.000000,0.000000,0.000000,0.000000,0.000000,0.000000,1000.000141,1000.000220,1000.000289,1000.000360,1000.000429,1000.000484,1000.000507,1000.000493,1000.000459,1000.000419,1000.000379,1000.000342,1000.000306,1000.000270,1000.000235,1000.000203,1000.000171,1000.000141,1000.000112,1000.000084,1000.000057,1000.000031,1000.000007,999.999984,999.999963,999.999942,999.999923,999.999905,999.999888,999.999873,999.999859,999.999846,999.999834,999.999823,999.999814,999.999806,999.999799,999.999794,999.999790,999.999787,999.999785,999.999784,999.999785,999.999787,999.999790,999.999794,999.999799,999.999806,999.999814,999.999823,999.999834,999.999846,999.999859,999.999873,999.999888,999.999905,999.999923,999.999942,999.999963,999.999984,1000.000007,1000.000031,1000.000057,1000.000084,1000.000112,1000.000141,1000.000171,1000.000203,1000.000235,1000.000270,1000.000306,1000.000342,1000.000379,1000.000419,1000.000459,1000.000493,1000.000507,1000.000484,1000.000429,1000.000360,1000.000289,1000.000220,1000.000141,0.000000,0.000000,0.000000,0.000000,0.000000,0.000000,0.000000,0.000000,0.000000,0.000000
0.000000,0.000000,0.000000,0.000000,0.000000,0.000000,0.000000,0.000000,0.000000,1000.000117,1000.000198,1000.000271,1000.000342,1000.000412,1000.000471,1000.000505,1000.000501,1000.000467,1000.000425,1000.000383,1000.000345,1000.000308,1000.000271,1000.000235,1000.000202,1000.000169,1000.000137,1000.000107,1000.000078,1000.000050,1000.000023,999.999997,999.999973,999.999950,999.999929,999.999908,999.999889,999.999871,999.999854,999.999839,999.999825,999.999812,999.999800,999.999789,999.999780,999.999772,999.999765,999.999760,999.999755,999.999752,999.999751,999.999750,999.999751,999.999752,999.999755,999.999760,999.999765,999.999772,999.999780,999.999789,999.999800,999.999812,999.999825,999.999839,999.999854,999.999871,999.999889,999.999908,999.999929,999.999950,999.999973,999.999997,1000.000023,1000.000050,1000.000078,1000.000107,1000.000137,1000.000169,1000.000202,1000.000235,1000.000271,1000.000308,1000.000345,1000.000383,1000.000425,1000.000467,1000.000501,1000.000505,1000.000471,1000.000412,1000.000342,1000.000271,1000.000198,1000.000117,0.000000,0.000000,0.000000,0.000000,0.000000,0.000000,0.000000,0.000000,0.000000
0.000000,0.000000,0.000000,0.000000,0.000000,0.000000,0.000000,0.000000,0.000000,1000.000169,1000.000247,1000.000321,1000.000395,1000.000459,1000.000500,1000.000506,1000.000479,1000.000436,1000.000392,1000.000351,1000.000313,1000.000275,1000.000238,1000.000203,1000.000169,1000.000136,1000.000104,1000.000074,1000.000045,1000.000017,999.999990,999.999965,999.999940,999.999917,999.999896,999.999875,999.999856,999.999838,999.999821,999.999806,999.999792,999.999779,999.999767,999.999756,999.999747,999.999739,999.999732,999.999727,999.999723,999.999720,999.999718,999.999717,999.999718,999.999720,999.999723,999.999727,999.999732,999.999739,999.999747,999.999756,999.999767,999.999779,999.999792,999.999806,999.999821,999.999838,999.999856,999.999875,999.999896,999.999917,999.999940,999.999965,999.999990,1000.000017,1000.000045,1000.000074,1000.000104,1000.000136,1000.000169,1000.000203,1000.000238,1000.000275,1000.000313,1000.000351,1000.000392,1000.000436,1000.000479,1000.000506,1000.000500,1000.000459,1000.000395,1000.000321,1000.000247,1000.000169,0.000000,0.000000,0.000000,0.000000,0.000000,0.000000,0.000000,0.000000,0.000000
0.000000,0.000000,0.000000,0.000000,0.000000,0.000000,0.000000,0.000000,1000.000136,1000.000219,1000.000294,1000.000371,1000.000443,1000.000493,1000.000508,1000.000487,1000.000448,1000.000403,1000.000360,1000.000321,1000.000281,1000.000243,1000.000207,1000.000171,1000.000137,1000.000104,1000.000073,1000.000042,1000.000013,999.999985,999.999958,999.999933,999.999909,999.999886,999.999864,999.999844,999.999824,999.999807,999.999790,999.999774,999.999760,999.999747,999.999735,999.999725,999.999716,999.999708,999.999701,999.999695,999.999691,999.999688,999.999686,999.999685,999.999686,999.999688,999.999691,999.999695,999.999701,999.999708,999.999716,999.999725,999.999735,999.999747,999.999760,999.999774,999.999790,999.999807,999.999824,999.999844,999.999864,999.999886,999.999909,999.999933,999.999958,999.999985,1000.000013,1000.000042,1000.000073,1000.000104,1000.000137,1000.000171,1000.000207,1000.000243,1000.000281,1000.000321,1000.000360,1000.000403,1000.000448,1000.000487,1000.000508,1000.000493,1000.000443,1000.000371,1000.000294,1000.000219,1000.000136,0.000000,0.000000,0.000000,0.000000,0.000000,0.000000,0.000000,0.000000
0.000000,0.000000,0.000000,0.000000,0.000000,0.000000,0.000000,0.000000,1000.000183,1000.000263,1000.000340,1000.000417,1000.000479,1000.000507,1000.000494,1000.000458,1000.000415,1000.000371,1000.000330,1000.000290,1000.000250,1000.000213,1000.000176,1000.000141,1000.000107,1000.000074,1000.000042,1000.000012,999.999983,999.999955,999.999928,999.999903,999.999878,999.999855,999.999834,999.999813,999.999794,999.999776,999.999759,999.999744,999.999730,999.999717,999.999705,999.999694,999.999685,999.999677,999.999670,999.999665,999.999661,999.999657,999.999656,999.999655,999.999656,999.999657,999.999661,999.999665,999.999670,999.999677,999.999685,999.999694,999.999705,999.999717,999.999730,999.999744,999.999759,999.999776,999.999794,999.999813,999.999834,999.999855,999.999878,999.999903,999.999928,999.999955,999.999983,1000.000012,1000.000042,1000.000074,1000.000107,1000.000141,1000.000176,1000.000213,1000.000250,1000.000290,1000.000330,1000.000371,1000.000415,1000.000458,1000.000494,1000.000507,1000.000479,1000.000417,1000.000340,1000.000263,1000.000183,0.000000,0.000000,0.000000,0.000000,0.000000,0.000000,0.000000,0.000000
0.000000,0.000000,0.000000,0.000000,0.000000,0.000000,0.000000,1000.000143,1000.000229,1000.000306,1000.000384,1000.000456,1000.000501,1000.000503,1000.000471,1000.000427,1000.000383,1000.000342,1000.000301,1000.000260,1000.000221,1000.000184,1000.000147,1000.000112,1000.000078,1000.000045,1000.000013,999.999983,999.999953,999.999926,999.999899,999.999873,999.999849,999.999826,999.999805,999.999784,999.999765,999.999747,999.999730,999.999715,999.999701,999.999688,999.999676,999.999665,999.999656,999.999648,999.999641,999.999636,999.999631,999.999628,999.999626,999.999626,999.999626,999.999628,999.999631,999.999636,999.999641,999.999648,999.999656,999.999665,999.999676,999.999688,999.999701,999.999715,999.999730,999.999747,999.999765,999.999784,999.999805,999.999826,999.999849,999.999873,999.999899,999.999926,999.999953,999.999983,1000.000013,1000.000045,1000.000078,1000.000112,1000.000147,1000.000184,1000.000221,1000.000260,1000.000301,1000.000342,1000.000383,1000.000427,1000.000471,1000.000503,1000.000501,1000.000456,1000.000384,1000.000306,1000.000229,1000.000143,0.000000,0.000000,0.000000,0.000000,0.000000,0.000000,0.000000
0.000000,0.000000,0.000000,0.000000,0.000000,0.000000,0.000000,1000.000187,1000.000269,1000.000347,1000.000424,1000.000486,1000.000509,1000.000488,1000.000445,1000.000399,1000.000356,1000.000314,1000.000273,1000.000232,1000.000193,1000.000156,1000.000119,1000.000084,1000.000050,1000.000017,999.999985,999.999955,999.999926,999.999898,999.999871,999.999846,999.999821,999.999798,999.999777,999.999756,999.999737,999.999719,999.999702,999.999687,999.999673,999.999660,999.999648,999.999637,999.999628,999.999620,999.999613,999.999608,999.999603,999.999600,999.999599,999.999598,999.999599,999.999600,999.999603,999.999608,999.999613,999.999620,999.999628,999.999637,999.999648,999.999660,999.999673,999.999687,999.999702,999.999719,999.999737,999.999756,999.999777,999.999798,999.999821,999.999846,999.999871,999.999898,999.999926,999.999955,999.999985,1000.000017,1000.000050,1000.000084,1000.000119,1000.000156,1000.000193,1000.000232,1000.000273,1000.000314,1000.000356,1000.000399,1000.000445,1000.000488,1000.000509,1000.000486,1000.000424,1000.000347,1000.000269,1000.000187,0.000000,0.000000,0.000000,0.000000,0.000000,0.000000,0.000000
0.000000,0.000000,0.000000,0.000000,0.000000,0.000000,1000.000143,1000.000230,1000.000309,1000.000388,1000.000459,1000.000504,1000.000503,1000.000467,1000.000419,1000.000373,1000.000330,1000.000287,1000.000245,1000.000206,1000.000167,1000.000129,1000.000092,1000.000057,1000.000023,999.999990,999.999958,999.999928,999.999899,999.999871,999.999844,999.999819,999.999795,999.999772,999.999750,999.999730,999.999710,999.999693,999.999676,999.999660,999.999646,999.999633,999.999621,999.999611,999.999602,999.999593,999.999587,999.999581,999.999577,999.999574,999.999572,999.999571,999.999572,999.999574,999.999577,999.999581,999.999587,999.999593,999.999602,999.999611,999.999621,999.999633,999.999646,999.999660,999.999676,999.999693,999.999710,999.999730,999.999750,999.999772,999.999795,999.999819,999.999844,999.999871,999.999899,999.999928,999.999958,999.999990,1000.000023,1000.000057,1000.000092,1000.000129,1000.000167,1000.000206,1000.000245,1000.000287,1000.000330,1000.000373,1000.000419,1000.000467,1000.000503,1000.000504,1000.000459,1000.000388,1000.000309,1000.000230,1000.000143,0.000000,0.000000,0.000000,0.000000,0.000000,0.000000
0.000000,0.000000,0.000000,0.000000,0.000000,0.000000,1000.000185,1000.000268,1000.000347,1000.000425,1000.000487,1000.000509,1000.000487,1000.000442,1000.000393,1000.000348,1000.000304,1000.000261,1000.000220,1000.000180,1000.000141,1000.000103,1000.000067,1000.000031,999.999997,999.999965,999.999933,999.999903,999.999873,999.999846,999.999819,999.999794,999.999769,999.999746,999.999725,999.999704,999.999685,999.999667,999.999650,999.999635,999.999621,999.999608,999.999596,999.999585,999.999576,999.999568,999.999561,999.999556,999.999551,999.999548,999.999546,999.999546,999.999546,999.999548,999.999551,999.999556,999.999561,999.999568,999.999576,999.999585,999.999596,999.999608,999.999621,999.999635,999.999650,999.999667,999.999685,999.999704,999.999725,999.999746,999.999769,999.999794,999.999819,999.999846,999.999873,999.999903,999.999933,999.999965,999.999997,1000.000031,1000.000067,1000.000103,1000.000141,1000.000180,1000.000220,1000.000261,1000.000304,1000.000348,1000.000393,1000.000442,1000.000487,1000.000509,1000.000487,1000.000425,1000.000347,1000.000268,1000.000185,0.000000,0.000000,0.000000,0.000000,0.000000,0.000000
0.000000,0.000000,0.000000,0.000000,0.000000,1000.000137,1000.000225,1000.000305,1000.000386,1000.000458,1000.000504,1000.000503,1000.000466,1000.000417,1000.000369,1000.000324,1000.000280,1000.000237,1000.000196,1000.000156,1000.000117,1000.000079,1000.000043,1000.000007,999.999973,999.999940,999.999909,999.999878,999.999849,999.999821,999.999795,999.999769,999.999745,999.999722,999.999701,999.999680,999.999661,999.999643,999.999626,999.999611,999.999597,999.999584,999.999572,999.999561,999.999552,999.999544,999.999537,999.999532,999.999527,999.999524,999.999522,999.999522,999.999522,999.999524,999.999527,999.999532,999.999537,999.999544,999.999552,999.999561,999.999572,999.999584,999.999597,999.999611,999.999626,999.999643,999.999661,999.999680,999.999701,999.999722,999.999745,999.999769,999.999795,999.999821,999.999849,999.999878,999.999909,999.999940,999.999973,1000.000007,1000.000043,1000.000079,1000.000117,1000.000156,1000.000196,1000.000237,1000.000280,1000.000324,1000.000369,1000.000417,1000.000466,1000.000503,1000.000504,1000.000458,1000.000386,1000.000305,1000.000225,1000.000137,0.000000,0.000000,0.000000,0.000000,0.000000
0.000000,0.000000,0.000000,0.000000,0.000000,1000.000174,1000.000259,1000.000340,1000.000421,1000.000485,1000.000509,1000.000487,1000.000442,1000.000393,1000.000346,1000.000301,1000.000257,1000.000214,1000.000173,1000.000133,1000.000094,1000.000056,1000.000020,999.999984,999.999950,999.999917,999.999886,999.999855,999.999826,999.999798,999.999772,999.999746,999.999722,999.999699,999.999678,999.999657,999.999638,999.999620,999.999603,999.999588,999.999574,999.999561,999.999549,999.999538,999.999529,999.999521,999.999514,999.999509,999.999504,999.999501,999.999499,999.999499,999.999499,999.999501,999.999504,999.999509,999.999514,999.999521,999.999529,999.999538,999.999549,999.999561,999.999574,999.999588,999.999603,999.999620,999.999638,999.999657,999.999678,999.999699,999.999722,999.999746,999.999772,999.999798,999.999826,999.999855,999.999886,999.999917,999.999950,999.999984,1000.000020,1000.000056,1000.000094,1000.000133,1000.000173,1000.000214,1000.000257,1000.000301,1000.000346,1000.000393,1000.000442,1000.000487,1000.000509,1000.000485,1000.000421,1000.000340,1000.000259,1000.000174,0.000000,0.000000,0.000000,0.000000,0.000000
0.000000,0.000000,0.000000,0.000000,1000.000120,1000.000209,1000.000291,1000.000375,1000.000452,1000.000501,1000.000503,1000.000467,1000.000418,1000.000370,1000.000325,1000.000279,1000.000235,1000.000193,1000.000151,1000.000111,1000.000072,1000.000034,999.999998,999.999963,999.999929,999.999896,999.999864,999.999834,999.999805,999.999777,999.999750,999.999725,999.999701,999.999678,999.999656,999.999636,999.999616,999.999598,999.999582,999.999566,999.999552,999.999539,999.999527,999.999517,999.999507,999.999499,999.999492,999.999487,999.999483,999.999479,999.999478,999.999477,999.999478,999.999479,999.999483,999.999487,999.999492,999.999499,999.999507,999.999517,999.999527,999.999539,999.999552,999.999566,999.999582,999.999598,999.999616,999.999636,999.999656,999.999678,999.999701,999.999725,999.999750,999.999777,999.999805,999.999834,999.999864,999.999896,999.999929,999.999963,999.999998,1000.000034,1000.000072,1000.000111,1000.000151,1000.000193,1000.000235,1000.000279,1000.000325,1000.000370,1000.000418,1000.000467,1000.000503,1000.000501,1000.000452,1000.000375,1000.000291,1000.000209,1000.000120,0.000000,0.000000,0.000000,0.000000
0.000000,0.000000,0.000000,0.000000,1000.000153,1000.000239,1000.000321,1000.000406,1000.000476,1000.000507,1000.000490,1000.000446,1000.000397,1000.000350,1000.000304,1000.000258,1000.000215,1000.000172,1000.000131,1000.000091,1000.000052,1000.000014,999.999977,999.999942,999.999908,999.999875,999.999844,999.999813,999.999784,999.999756,999.999730,999.999704,999.999680,999.999657,999.999636,999.999615,999.999596,999.999578,999.999561,999.999546,999.999531,999.999518,999.999507,999.999496,999.999487,999.999479,999.999472,999.999466,999.999462,999.999459,999.999457,999.999456,999.999457,999.999459,999.999462,999.999466,999.999472,999.999479,999.999487,999.999496,999.999507,999.999518,999.999531,999.999546,999.999561,999.999578,999.999596,999.999615,999.999636,999.999657,999.999680,999.999704,999.999730,999.999756,999.999784,999.999813,999.999844,999.999875,999.999908,999.999942,999.999977,1000.000014,1000.000052,1000.000091,1000.000131,1000.000172,1000.000215,1000.000258,1000.000304,1000.000350,1000.000397,1000.000446,1000.000490,1000.000507,1000.000476,1000.000406,1000.000321,1000.000239,1000.000153,0.000000,0.000000,0.000000,0.000000
