0.000000,0.000000,0.000000,0.000000,0.000000,0.000000,0.000000,0.000000,0.000000,0.000000,0.000000,0.000000,0.000000,0.000000,0.000000,0.000000,0.000000,0.000000,0.000000,0.000000,0.000000,0.000000,0.000000,0.000000,0.000000,0.000000,0.000000,0.000000,0.000000,0.000000,0.000000,0.000000,0.000000,0.000000,0.000000,0.000000,0.000000,0.000000,0.000000,0.000000,0.000000,0.000000,0.000000,0.000000,0.000000,0.000000,0.000000,0.000000,0.000000,0.000000,0.000000,0.000000,0.000000,0.000000,0.000000,0.000000,0.000000,0.000000,0.000000,0.000000,0.000000,0.000000,0.000000,0.000000,0.000000,0.000000,0.000000,0.000000,0.000000,0.000000,0.000000,0.000000,0.000000,0.000000,0.000000,0.000000,0.000000,0.000000,0.000000,0.000000,0.000000,0.000000,0.000000,0.000000,0.000000,0.000000,0.000000,0.000000,0.000000,0.000000,0.000000,0.000000,0.000000,0.000000,0.000000,0.000000,0.000000,0.000000,0.000000,0.000000,0.000000,0.000000,0.000000
0.000000,0.000000,0.000000,0.000000,0.000000,0.000000,0.000000,0.000000,0.000000,0.000000,0.000000,0.000000,0.000000,0.000000,0.000000,0.000000,0.000000,0.000000,0.000000,0.000000,0.000000,0.000000,0.000000,0.000000,0.000000,0.000000,0.000000,0.000000,0.000000,0.000000,0.000000,0.000000,0.000000,0.000000,0.000000,0.000000,0.000000,0.000000,0.000000,0.000000,0.000000,0.000000,0.000000,0.000000,0.000000,0.000000,0.000000,0.000000,0.000000,0.000000,0.000000,1000.000047,0.000000,0.000000,0.000000,0.000000,0.000000,0.000000,0.000000,0.000000,0.000000,0.000000,0.000000,0.000000,0.000000,0.000000,0.000000,0.000000,0.000000,0.000000,0.000000,0.000000,0.000000,0.000000,0.000000,0.000000,0.000000,0.000000,0.000000,0.000000,0.000000,0.000000,0.000000,0.000000,0.000000,0.000000,0.000000,0.000000,0.000000,0.000000,0.000000,0.000000,0.000000,0.000000,0.000000,0.000000,0.000000,0.000000,0.000000,0.000000,0.000000,0.000000,0.000000
0.000000,0.000000,0.000000,0.000000,0.000000,0.000000,0.000000,0.000000,0.000000,0.000000,0.000000,0.000000,0.000000,0.000000,0.000000,0.000000,0.000000,0.000000,0.000000,0.000000,0.000000,0.000000,0.000000,0.000000,0.000000,0.000000,0.000000,0.000000,0.000000,0.000000,0.000000,0.000000,0.000000,0.000000,0.000000,0.000000,0.000000,0.000000,0.000000,0.000000,0.000000,0.000000,1000.000086,1000.000100,1000.000107,1000.000111,1000.000113,1000.000114,1000.000114,1000.000113,1000.000113,1000.000116,1000.000113,1000.000113,1000.000114,1000.000114,1000.000113,1000.000111,1000.000107,1000.000100,1000.000086,0.000000,0.000000,0.000000,0.000000,0.000000,0.000000,0.000000,0.000000,0.000000,0.000000,0.000000,0.000000,0.000000,0.000000,0.000000,0.000000,0.000000,0.000000,0.000000,0.000000,0.000000,0.000000,0.000000,0.000000,0.000000,0.000000,0.000000,0.000000,0.000000,0.000000,0.000000,0.000000,0.000000,0.000000,0.000000,0.000000,0.000000,0.000000,0.000000,0.000000,0.000000,0.000000
0.000000,0.000000,0.000000,0.000000,0.000000,0.000000,0.000000,0.000000,0.000000,0.000000,0.000000,0.000000,0.000000,0.000000,0.000000,0.000000,0.000000,0.000000,0.000000,0.000000,0.000000,0.000000,0.000000,0.000000,0.000000,0.000000,0.000000,0.000000,0.000000,0.000000,0.000000,0.000000,0.000000,0.000000,0.000000,0.000000,0.000000,1000.000083,1000.000103,1000.000120,1000.000134,1000.000144,1000.000154,1000.000163,1000.000170,1000.000175,1000.000178,1000.000179,1000.000180,1000.000180,1000.000180,1000.000180,1000.000180,1000.000180,1000.000180,1000.000179,1000.000178,1000.000175,1000.000170,1000.000163,1000.000154,1000.000144,1000.000134,1000.000120,1000.000103,1000.000083,0.000000,0.000000,0.000000,0.000000,0.000000,0.000000,0.000000,0.000000,0.000000,0.000000,0.000000,0.000000,0.000000,0.000000,0.000000,0.000000,0.000000,0.000000,0.000000,0.000000,0.000000,0.000000,0.000000,0.000000,0.000000,0.000000,0.000000,0.000000,0.000000,0.000000,0.000000,0.000000,0.000000,0.000000,0.000000,0.000000,0.000000
0.000000,0.000000,0.000000,0.000000,0.000000,0.000000,0.000000,0.000000,0.000000,0.000000,0.000000,0.000000,0.000000,0.000000,0.000000,0.000000,0.000000,0.000000,0.000000,0.000000,0.000000,0.000000,0.000000,0.000000,0.000000,0.000000,0.000000,0.000000,0.000000,0.000000,0.000000,0.000000,0.000000,0.000000,1000.000086,1000.000110,1000.000130,1000.000149,1000.000166,1000.000181,1000.000196,1000.000208,1000.000219,1000.000228,1000.000234,1000.000239,1000.000241,1000.000243,1000.000243,1000.000244,1000.000244,1000.000244,1000.000244,1000.000244,1000.000243,1000.000243,1000.000241,1000.000239,1000.000234,1000.000228,1000.000219,1000.000208,1000.000196,1000.000181,1000.000166,1000.000149,1000.000130,1000.000110,1000.000086,0.000000,0.000000,0.000000,0.000000,0.000000,0.000000,0.000000,0.000000,0.000000,0.000000,0.000000,0.000000,0.000000,0.000000,0.000000,0.000000,0.000000,0.000000,0.000000,0.000000,0.000000,0.000000,0.000000,0.000000,0.000000,0.000000,0.000000,0.000000,0.000000,0.000000,0.000000,0.000000,0.000000,0.000000
0.000000,0.000000,0.000000,0.000000,0.000000,0.000000,0.000000,0.000000,0.000000,0.000000,0.000000,0.000000,0.000000,0.000000,0.000000,0.000000,0.000000,0.000000,0.000000,0.000000,0.000000,0.000000,0.000000,0.000000,0.000000,0.000000,0.000000,0.000000,0.000000,0.000000,0.000000,0.000000,1000.000099,1000.000125,1000.000151,1000.000172,1000.000191,1000.000211,1000.000228,1000.000243,1000.000257,1000.000271,1000.000283,1000.000293,1000.000299,1000.000302,1000.000304,1000.000305,1000.000305,1000.000306,1000.000306,1000.000306,1000.000306,1000.000306,1000.000305,1000.000305,1000.000304,1000.000302,1000.000299,1000.000293,1000.000283,1000.000271,1000.000257,1000.000243,1000.000228,1000.000211,1000.000191,1000.000172,1000.000151,1000.000125,1000.000099,0.000000,0.000000,0.000000,0.000000,0.000000,0.000000,0.000000,0.000000,0.000000,0.000000,0.000000,0.000000,0.000000,0.000000,0.000000,0.000000,0.000000,0.000000,0.000000,0.000000,0.000000,0.000000,0.000000,0.000000,0.000000,0.000000,0.000000,0.000000,0.000000,0.000000,0.000000,0.000000
0.000000,0.000000,0.000000,0.000000,0.000000,0.000000,0.000000,0.000000,0.000000,0.000000,0.000000,0.000000,0.000000,0.000000,0.000000,0.000000,0.000000,0.000000,0.000000,0.000000,0.000000,0.000000,0.000000,0.000000,0.000000,0.000000,0.000000,0.000000,0.000000,0.000000,1000.000103,1000.000133,1000.000162,1000.000187,1000.000210,1000.000232,1000.000253,1000.000272,1000.000290,1000.000304,1000.000317,1000.000329,1000.000339,1000.000346,1000.000350,1000.000352,1000.000353,1000.000353,1000.000353,1000.000353,1000.000353,1000.000353,1000.000353,1000.000353,1000.000353,1000.000353,1000.000353,1000.000352,1000.000350,1000.000346,1000.000339,1000.000329,1000.000317,1000.000304,1000.000290,1000.000272,1000.000253,1000.000232,1000.000210,1000.000187,1000.000162,1000.000133,1000.000103,0.000000,0.000000,0.000000,0.000000,0.000000,0.000000,0.000000,0.000000,0.000000,0.000000,0.000000,0.000000,0.000000,0.000000,0.000000,0.000000,0.000000,0.000000,0.000000,0.000000,0.000000,0.000000,0.000000,0.000000,0.000000,0.000000,0.000000,0.000000,0.000000,0.000000
0.000000,0.000000,0.000000,0.000000,0.000000,0.000000,0.000000,0.000000,0.000000,0.000000,0.000000,0.000000,0.000000,0.000000,0.000000,0.000000,0.000000,0.000000,0.000000,0.000000,0.000000,0.000000,0.000000,0.000000,0.000000,0.000000,0.000000,0.000000,1000.000103,1000.000135,1000.000166,1000.000193,1000.000220,1000.000245,1000.000270,1000.000293,1000.000312,1000.000330,1000.000344,1000.000353,1000.000359,1000.000364,1000.000365,1000.000364,1000.000363,1000.000362,1000.000362,1000.000361,1000.000361,1000.000361,1000.000360,1000.000360,1000.000360,1000.000361,1000.000361,1000.000361,1000.000362,1000.000362,1000.000363,1000.000364,1000.000365,1000.000364,1000.000359,1000.000353,1000.000344,1000.000330,1000.000312,1000.000293,1000.000270,1000.000245,1000.000220,1000.000193,1000.000166,1000.000135,1000.000103,0.000000,0.000000,0.000000,0.000000,0.000000,0.000000,0.000000,0.000000,0.000000,0.000000,0.000000,0.000000,0.000000,0.000000,0.000000,0.000000,0.000000,0.000000,0.000000,0.000000,0.000000,0.000000,0.000000,0.000000,0.000000,0.000000,0.000000,0.000000
0.000000,0.000000,0.000000,0.000000,0.000000,0.000000,0.000000,0.000000,0.000000,0.000000,0.000000,0.000000,0.000000,0.000000,0.000000,0.000000,0.000000,0.000000,0.000000,0.000000,0.000000,0.000000,0.000000,0.000000,0.000000,0.000000,1000.000098,1000.000132,1000.000165,1000.000194,1000.000222,1000.000250,1000.000278,1000.000304,1000.000327,1000.000345,1000.000357,1000.000365,1000.000368,1000.000367,1000.000364,1000.000359,1000.000351,1000.000343,1000.000338,1000.000335,1000.000333,1000.000332,1000.000331,1000.000330,1000.000330,1000.000330,1000.000330,1000.000330,1000.000331,1000.000332,1000.000333,1000.000335,1000.000338,1000.000343,1000.000351,1000.000359,1000.000364,1000.000367,1000.000368,1000.000365,1000.000357,1000.000345,1000.000327,1000.000304,1000.000278,1000.000250,1000.000222,1000.000194,1000.000165,1000.000132,1000.000098,0.000000,0.000000,0.000000,0.000000,0.000000,0.000000,0.000000,0.000000,0.000000,0.000000,0.000000,0.000000,0.000000,0.000000,0.000000,0.000000,0.000000,0.000000,0.000000,0.000000,0.000000,0.000000,0.000000,0.000000,0.000000,0.000000
0.000000,0.000000,0.000000,0.000000,0.000000,0.000000,0.000000,0.000000,0.000000,0.000000,0.000000,0.000000,0.000000,0.000000,0.000000,0.000000,0.000000,0.000000,0.000000,0.000000,0.000000,0.000000,0.000000,0.000000,1000.000084,1000.000122,1000.000158,1000.000189,1000.000220,1000.000250,1000.000280,1000.000307,1000.000332,1000.000351,1000.000364,1000.000368,1000.000367,1000.000362,1000.000353,1000.000344,1000.000335,1000.000326,1000.000316,1000.000307,1000.000301,1000.000297,1000.000294,1000.000292,1000.000291,1000.000290,1000.000289,1000.000289,1000.000289,1000.000290,1000.000291,1000.000292,1000.000294,1000.000297,1000.000301,1000.000307,1000.000316,1000.000326,1000.000335,1000.000344,1000.000353,1000.000362,1000.000367,1000.000368,1000.000364,1000.000351,1000.000332,1000.000307,1000.000280,1000.000250,1000.000220,1000.000189,1000.000158,1000.000122,1000.000084,0.000000,0.000000,0.000000,0.000000,0.000000,0.000000,0.000000,0.000000,0.000000,0.000000,0.000000,0.000000,0.000000,0.000000,0.000000,0.000000,0.000000,0.000000,0.000000,0.000000,0.000000,0.000000,0.000000,0.000000
0.000000,0.000000,0.000000,0.000000,0.000000,0.000000,0.000000,0.000000,0.000000,0.000000,0.000000,0.000000,0.000000,0.000000,0.000000,0.000000,0.000000,0.000000,0.000000,0.000000,0.000000,0.000000,0.000000,1000.000101,1000.000143,1000.000178,1000.000212,1000.000245,1000.000277,1000.000306,1000.000332,1000.000353,1000.000365,1000.000369,1000.000365,1000.000355,1000.000343,1000.000331,1000.000318,1000.000307,1000.000297,1000.000288,1000.000279,1000.000271,1000.000265,1000.000261,1000.000257,1000.000254,1000.000253,1000.000251,1000.000251,1000.000250,1000.000251,1000.000251,1000.000253,1000.000254,1000.000257,1000.000261,1000.000265,1000.000271,1000.000279,1000.000288,1000.000297,1000.000307,1000.000318,1000.000331,1000.000343,1000.000355,1000.000365,1000.000369,1000.000365,1000.000353,1000.000332,1000.000306,1000.000277,1000.000245,1000.000212,1000.000178,1000.000143,1000.000101,0.000000,0.000000,0.000000,0.000000,0.000000,0.000000,0.000000,0.000000,0.000000,0.000000,0.000000,0.000000,0.000000,0.000000,0.000000,0.000000,0.000000,0.000000,0.000000,0.000000,0.000000,0.000000,0.000000
0.000000,0.000000,0.000000,0.000000,0.000000,0.000000,0.000000,0.000000,0.000000,0.000000,0.000000,0.000000,0.000000,0.000000,0.000000,0.000000,0.000000,0.000000,0.000000,0.000000,0.000000,1000.000075,1000.000117,1000.000158,1000.000195,1000.000231,1000.000268,1000.000301,1000.000330,1000.000352,1000.000365,1000.000369,1000.000364,1000.000352,1000.000337,1000.000322,1000.000307,1000.000294,1000.000282,1000.000271,1000.000261,1000.000252,1000.000243,1000.000236,1000.000230,1000.000225,1000.000221,1000.000218,1000.000216,1000.000214,1000.000213,1000.000213,1000.000213,1000.000214,1000.000216,1000.000218,1000.000221,1000.000225,1000.000230,1000.000236,1000.000243,1000.000252,1000.000261,1000.000271,1000.000282,1000.000294,1000.000307,1000.000322,1000.000337,1000.000352,1000.000364,1000.000369,1000.000365,1000.000352,1000.000330,1000.000301,1000.000268,1000.000231,1000.000195,1000.000158,1000.000117,1000.000075,0.000000,0.000000,0.000000,0.000000,0.000000,0.000000,0.000000,0.000000,0.000000,0.000000,0.000000,0.000000,0.000000,0.000000,0.000000,0.000000,0.000000,0.000000,0.000000,0.000000,0.000000
0.000000,0.000000,0.000000,0.000000,0.000000,0.000000,0.000000,0.000000,0.000000,0.000000,0.000000,0.000000,0.000000,0.000000,0.000000,0.000000,0.000000,0.000000,0.000000,0.000000,1000.000087,1000.000132,1000.000171,1000.000209,1000.000247,1000.000285,1000.000320,1000.000347,1000.000363,1000.000369,1000.000364,1000.000352,1000.000336,1000.000319,1000.000302,1000.000286,1000.000272,1000.000259,1000.000247,1000.000236,1000.000226,1000.000217,1000.000208,1000.000201,1000.000195,1000.000190,1000.000186,1000.000182,1000.000180,1000.000178,1000.000177,1000.000177,1000.000177,1000.000178,1000.000180,1000.000182,1000.000186,1000.000190,1000.000195,1000.000201,1000.000208,1000.000217,1000.000226,1000.000236,1000.000247,1000.000259,1000.000272,1000.000286,1000.000302,1000.000319,1000.000336,1000.000352,1000.000364,1000.000369,1000.000363,1000.000347,1000.000320,1000.000285,1000.000247,1000.000209,1000.000171,1000.000132,1000.000087,0.000000,0.000000,0.000000,0.000000,0.000000,0.000000,0.000000,0.000000,0.000000,0.000000,0.000000,0.000000,0.000000,0.000000,0.000000,0.000000,0.000000,0.000000,0.000000,0.000000
0.000000,0.000000,0.000000,0.000000,0.000000,0.000000,0.000000,0.000000,0.000000,0.000000,0.000000,0.000000,0.000000,0.000000,0.000000,0.000000,0.000000,0.000000,0.000000,1000.000097,1000.000143,1000.000183,1000.000221,1000.000260,1000.000297,1000.000332,1000.000357,1000.000368,1000.000365,1000.000353,1000.000337,1000.000319,1000.000300,1000.000283,1000.000267,1000.000252,1000.000238,1000.000225,1000.000213,1000.000202,1000.000192,1000.000183,1000.000174,1000.000167,1000.000161,1000.000155,1000.000151,1000.000147,1000.000145,1000.000143,1000.000142,1000.000141,1000.000142,1000.000143,1000.000145,1000.000147,1000.000151,1000.000155,1000.000161,1000.000167,1000.000174,1000.000183,1000.000192,1000.000202,1000.000213,1000.000225,1000.000238,1000.000252,1000.000267,1000.000283,1000.000300,1000.000319,1000.000337,1000.000353,1000.000365,1000.000368,1000.000357,1000.000332,1000.000297,1000.000260,1000.000221,1000.000183,1000.000143,1000.000097,0.000000,0.000000,0.000000,0.000000,0.000000,0.000000,0.000000,0.000000,0.000000,0.000000,0.000000,0.000000,0.000000,0.000000,0.000000,0.000000,0.000000,0.000000,0.000000
0.000000,0.000000,0.000000,0.000000,0.000000,0.000000,0.000000,0.000000,0.000000,0.000000,0.000000,0.000000,0.000000,0.000000,0.000000,0.000000,0.000000,0.000000,1000.000103,1000.000151,1000.000193,1000.000233,1000.000273,1000.000310,1000.000341,1000.000363,1000.000368,1000.000357,1000.000340,1000.000321,1000.000302,1000.000284,1000.000266,1000.000250,1000.000234,1000.000219,1000.000205,1000.000192,1000.000180,1000.000169,1000.000159,1000.000149,1000.000141,1000.000134,1000.000127,1000.000122,1000.000117,1000.000114,1000.000111,1000.000109,1000.000108,1000.000107,1000.000108,1000.000109,1000.000111,1000.000114,1000.000117,1000.000122,1000.000127,1000.000134,1000.000141,1000.000149,1000.000159,1000.000169,1000.000180,1000.000192,1000.000205,1000.000219,1000.000234,1000.000250,1000.000266,1000.000284,1000.000302,1000.000321,1000.000340,1000.000357,1000.000368,1000.000363,1000.000341,1000.000310,1000.000273,1000.000233,1000.000193,1000.000151,1000.000103,0.000000,0.000000,0.000000,0.000000,0.000000,0.000000,0.000000,0.000000,0.000000,0.000000,0.000000,0.000000,0.000000,0.000000,0.000000,0.000000,0.000000,0.000000
0.000000,0.000000,0.000000,0.000000,0.000000,0.000000,0.000000,0.000000,0.000000,0.000000,0.000000,0.000000,0.000000,0.000000,0.000000,0.000000,0.000000,1000.000107,1000.000156,1000.000199,1000.000241,1000.000284,1000.000322,1000.000350,1000.000367,1000.000367,1000.000353,1000.000331,1000.000308,1000.000287,1000.000269,1000.000251,1000.000234,1000.000217,1000.000201,1000.000186,1000.000172,1000.000160,1000.000148,1000.000136,1000.000126,1000.000117,1000.000109,1000.000101,1000.000095,1000.000089,1000.000085,1000.000081,1000.000078,1000.000076,1000.000075,1000.000074,1000.000075,1000.000076,1000.000078,1000.000081,1000.000085,1000.000089,1000.000095,1000.000101,1000.000109,1000.000117,1000.000126,1000.000136,1000.000148,1000.000160,1000.000172,1000.000186,1000.000201,1000.000217,1000.000234,1000.000251,1000.000269,1000.000287,1000.000308,1000.000331,1000.000353,1000.000367,1000.000367,1000.000350,1000.000322,1000.000284,1000.000241,1000.000199,1000.000156,1000.000107,0.000000,0.000000,0.000000,0.000000,0.000000,0.000000,0.000000,0.000000,0.000000,0.000000,0.000000,0.000000,0.000000,0.000000,0.000000,0.000000,0.000000
0.000000,0.000000,0.000000,0.000000,0.000000,0.000000,0.000000,0.000000,0.000000,0.000000,0.000000,0.000000,0.000000,0.000000,0.000000,0.000000,1000.000107,1000.000158,1000.000202,1000.000246,1000.000290,1000.000329,1000.000357,1000.000368,1000.000363,1000.000347,1000.000324,1000.000299,1000.000276,1000.000257,1000.000238,1000.000220,1000.000202,1000.000185,1000.000170,1000.000155,1000.000141,1000.000128,1000.000116,1000.000105,1000.000094,1000.000085,1000.000077,1000.000070,1000.000063,1000.000057,1000.000053,1000.000049,1000.000046,1000.000044,1000.000043,1000.000042,1000.000043,1000.000044,1000.000046,1000.000049,1000.000053,1000.000057,1000.000063,1000.000070,1000.000077,1000.000085,1000.000094,1000.000105,1000.000116,1000.000128,1000.000141,1000.000155,1000.000170,1000.000185,1000.000202,1000.000220,1000.000238,1000.000257,1000.000276,1000.000299,1000.000324,1000.000347,1000.000363,1000.000368,1000.000357,1000.000329,1000.000290,1000.000246,1000.000202,1000.000158,1000.000107,0.000000,0.000000,0.000000,0.000000,0.000000,0.000000,0.000000,0.000000,0.000000,0.000000,0.000000,0.000000,0.000000,0.000000,0.000000,0.000000
0.000000,0.000000,0.000000,0.000000,0.000000,0.000000,0.000000,0.000000,0.000000,0.000000,0.000000,0.000000,0.000000,0.000000,0.000000,1000.000107,1000.000158,1000.000203,1000.000248,1000.000293,1000.000332,1000.000361,1000.000368,1000.000357,1000.000338,1000.000315,1000.000291,1000.000268,1000.000247,1000.000227,1000.000207,1000.000188,1000.000171,1000.000155,1000.000139,1000.000124,1000.000110,1000.000097,1000.000085,1000.000074,1000.000064,1000.000055,1000.000046,1000.000039,1000.000032,1000.000027,1000.000022,1000.000018,1000.000015,1000.000013,1000.000012,1000.000011,1000.000012,1000.000013,1000.000015,1000.000018,1000.000022,1000.000027,1000.000032,1000.000039,1000.000046,1000.000055,1000.000064,1000.000074,1000.000085,1000.000097,1000.000110,1000.000124,1000.000139,1000.000155,1000.000171,1000.000188,1000.000207,1000.000227,1000.000247,1000.000268,1000.000291,1000.000315,1000.000338,1000.000357,1000.000368,1000.000361,1000.000332,1000.000293,1000.000248,1000.000203,1000.000158,1000.000107,0.000000,0.000000,0.000000,0.000000,0.000000,0.000000,0.000000,0.000000,0.000000,0.000000,0.000000,0.000000,0.000000,0.000000,0.000000
0.000000,0.000000,0.000000,0.000000,0.000000,0.000000,0.000000,0.000000,0.000000,0.000000,0.000000,0.000000,0.000000,0.000000,1000.000103,1000.000156,1000.000202,1000.000248,1000.000294,1000.000334,1000.000362,1000.000368,1000.000354,1000.000331,1000.000306,1000.000282,1000.000260,1000.000238,1000.000217,1000.000196,1000.000177,1000.000159,1000.000141,1000.000125,1000.000109,1000.000094,1000.000080,1000.000067,1000.000055,1000.000044,1000.000034,1000.000025,1000.000016,1000.000009,1000.000002,999.999997,999.999992,999.999988,999.999985,999.999983,999.999981,999.999981,999.999981,999.999983,999.999985,999.999988,999.999992,999.999997,1000.000002,1000.000009,1000.000016,1000.000025,1000.000034,1000.000044,1000.000055,1000.000067,1000.000080,1000.000094,1000.000109,1000.000125,1000.000141,1000.000159,1000.000177,1000.000196,1000.000217,1000.000238,1000.000260,1000.000282,1000.000306,1000.000331,1000.000354,1000.000368,1000.000362,1000.000334,1000.000294,1000.000248,1000.000202,1000.000156,1000.000103,0.000000,0.000000,0.000000,0.000000,0.000000,0.000000,0.000000,0.000000,0.000000,0.000000,0.000000,0.000000,0.000000,0.000000
0.000000,0.000000,0.000000,0.000000,0.000000,0.000000,0.000000,0.000000,0.000000,0.000000,0.000000,0.000000,0.000000,1000.000097,1000.000151,1000.000199,1000.000246,1000.000293,1000.000334,1000.000362,1000.000368,1000.000353,1000.000329,1000.000302,1000.000276,1000.000253,1000.000231,1000.000209,1000.000188,1000.000167,1000.000148,1000.000130,1000.000112,1000.000096,1000.000080,1000.000065,1000.000051,1000.000038,1000.000026,1000.000015,1000.000005,999.999996,999.999987,999.999980,999.999973,999.999967,999.999963,999.999959,999.999956,999.999954,999.999952,999.999952,999.999952,999.999954,999.999956,999.999959,999.999963,999.999967,999.999973,999.999980,999.999987,999.999996,1000.000005,1000.000015,1000.000026,1000.000038,1000.000051,1000.000065,1000.000080,1000.000096,1000.000112,1000.000130,1000.000148,1000.000167,1000.000188,1000.000209,1000.000231,1000.000253,1000.000276,1000.000302,1000.000329,1000.000353,1000.000368,1000.000362,1000.000334,1000.000293,1000.000246,1000.000199,1000.000151,1000.000097,0.000000,0.000000,0.000000,0.000000,0.000000,0.000000,0.000000,0.000000,0.000000,0.000000,0.000000,0.000000,0.000000
0.000000,0.000000,0.000000,0.000000,0.000000,0.000000,0.000000,0.000000,0.000000,0.000000,0.000000,0.000000,1000.000087,1000.000143,1000.000193,1000.000241,1000.000290,1000.000332,1000.000362,1000.000368,1000.000353,1000.000328,1000.000300,1000.000273,1000.000249,1000.000226,1000.000203,1000.000180,1000.000159,1000.000139,1000.000120,1000.000102,1000.000084,1000.000068,1000.000052,1000.000037,1000.000023,1000.000010,999.999998,999.999987,999.999977,999.999968,999.999959,999.999952,999.999945,999.999939,999.999934,999.999930,999.999927,999.999925,999.999924,999.999923,999.999924,999.999925,999.999927,999.999930,999.999934,999.999939,999.999945,999.999952,999.999959,999.999968,999.999977,999.999987,999.999998,1000.000010,1000.000023,1000.000037,1000.000052,1000.000068,1000.000084,1000.000102,1000.000120,1000.000139,1000.000159,1000.000180,1000.000203,1000.000226,1000.000249,1000.000273,1000.000300,1000.000328,1000.000353,1000.000368,1000.000362,1000.000332,1000.000290,1000.000241,1000.000193,1000.000143,1000.000087,0.000000,0.000000,0.000000,0.000000,0.000000,0.000000,0.000000,0.000000,0.000000,0.000000,0.000000,0.000000
0.000000,0.000000,0.000000,0.000000,0.000000,0.000000,0.000000,0.000000,0.000000,0.000000,0.000000,1000.000075,1000.000132,1000.000183,1000.000233,1000.000284,1000.000329,1000.000361,1000.000368,1000.000353,1000.000328,1000.000299,1000.000271,1000.000247,1000.000222,1000.000198,1000.000175,1000.000153,1000.000132,1000.000112,1000.000093,1000.000074,1000.000057,1000.000040,1000.000025,1000.000010,999.999996,999.999983,999.999971,999.999960,999.999950,999.999940,999.999932,999.999924,999.999918,999.999912,999.999907,999.999903,999.999900,999.999898,999.999897,999.999896,999.999897,999.999898,999.999900,999.999903,999.999907,999.999912,999.999918,999.999924,999.999932,999.999940,999.999950,999.999960,999.999971,999.999983,999.999996,1000.000010,1000.000025,1000.000040,1000.000057,1000.000074,1000.000093,1000.000112,1000.000132,1000.000153,1000.000175,1000.000198,1000.000222,1000.000247,1000.000271,1000.000299,1000.000328,1000.000353,1000.000368,1000.000361,1000.000329,1000.000284,1000.000233,1000.000183,1000.000132,1000.000075,0.000000,0.000000,0.000000,0.000000,0.000000,0.000000,0.000000,0.000000,0.000000,0.000000,0.000000
0.000000,0.000000,0.000000,0.000000,0.000000,0.000000,0.000000,0.000000,0.000000,0.000000,0.000000,1000.000117,1000.000171,1000.000221,1000.000273,1000.000322,1000.000357,1000.000368,1000.000354,1000.000329,1000.000300,1000.000271,1000.000246,1000.000221,1000.000195,1000.000171,1000.000149,1000.000127,1000.000106,1000.000086,1000.000066,1000.000048,1000.000031,1000.000014,999.999998,999.999984,999.999970,999.999957,999.999945,999.999934,999.999923,999.999914,999.999905,999.999898,999.999891,999.999886,999.999881,999.999877,999.999874,999.999871,999.999870,999.999870,999.999870,999.999871,999.999874,999.999877,999.999881,999.999886,999.999891,999.999898,999.999905,999.999914,999.999923,999.999934,999.999945,999.999957,999.999970,999.999984,999.999998,1000.000014,1000.000031,1000.000048,1000.000066,1000.000086,1000.000106,1000.000127,1000.000149,1000.000171,1000.000195,1000.000221,1000.000246,1000.000271,1000.000300,1000.000329,1000.000354,1000.000368,1000.000357,1000.000322,1000.000273,1000.000221,1000.000171,1000.000117,0.000000,0.000000,0.000000,0.000000,0.000000,0.000000,0.000000,0.000000,0.000000,0.000000,0.000000
0.000000,0.000000,0.000000,0.000000,0.000000,0.000000,0.000000,0.000000,0.000000,0.000000,1000.000101,1000.000158,1000.000209,1000.000260,1000.000310,1000.000350,1000.000368,1000.000357,1000.000331,1000.000302,1000.000273,1000.000247,1000.000221,1000.000195,1000.000170,1000.000146,1000.000124,1000.000101,1000.000080,1000.000060,1000.000041,1000.000023,1000.000005,999.999988,999.999973,999.999958,999.999944,999.999931,999.999919,999.999908,999.999898,999.999888,999.999880,999.999872,999.999866,999.999860,999.999855,999.999851,999.999848,999.999846,999.999845,999.999844,999.999845,999.999846,999.999848,999.999851,999.999855,999.999860,999.999866,999.999872,999.999880,999.999888,999.999898,999.999908,999.999919,999.999931,999.999944,999.999958,999.999973,999.999988,1000.000005,1000.000023,1000.000041,1000.000060,1000.000080,1000.000101,1000.000124,1000.000146,1000.000170,1000.000195,1000.000221,1000.000247,1000.000273,1000.000302,1000.000331,1000.000357,1000.000368,1000.000350,1000.000310,1000.000260,1000.000209,1000.000158,1000.000101,0.000000,0.000000,0.000000,0.000000,0.000000,0.000000,0.000000,0.000000,0.000000,0.000000
0.000000,0.000000,0.000000,0.000000,0.000000,0.000000,0.000000,0.000000,0.000000,1000.000084,1000.000143,1000.000195,1000.000247,1000.000297,1000.000341,1000.000367,1000.000363,1000.000338,1000.000306,1000.000276,1000.000249,1000.000222,1000.000195,1000.000170,1000.000145,1000.000122,1000.000099,1000.000077,1000.000056,1000.000036,1000.000016,999.999998,999.999981,999.999964,999.999948,999.999934,999.999920,999.999907,999.999895,999.999883,999.999873,999.999864,999.999855,999.999848,999.999841,999.999835,999.999831,999.999827,999.999823,999.999821,999.999820,999.999819,999.999820,999.999821,999.999823,999.999827,999.999831,999.999835,999.999841,999.999848,999.999855,999.999864,999.999873,999.999883,999.999895,999.999907,999.999920,999.999934,999.999948,999.999964,999.999981,999.999998,1000.000016,1000.000036,1000.000056,1000.000077,1000.000099,1000.000122,1000.000145,1000.000170,1000.000195,1000.000222,1000.000249,1000.000276,1000.000306,1000.000338,1000.000363,1000.000367,1000.000341,1000.000297,1000.000247,1000.000195,1000.000143,1000.000084,0.000000,0.000000,0.000000,0.000000,0.000000,0.000000,0.000000,0.000000,0.000000
0.000000,0.000000,0.000000,0.000000,0.000000,0.000000,0.000000,0.000000,0.000000,1000.000122,1000.000178,1000.000231,1000.000285,1000.000332,1000.000363,1000.000367,1000.000347,1000.000315,1000.000282,1000.000253,1000.000226,1000.000198,1000.000171,1000.000146,1000.000122,1000.000098,1000.000075,1000.000053,1000.000032,1000.000012,999.999993,999.999974,999.999957,999.999940,999.999925,999.999910,999.999896,999.999883,999.999871,999.999860,999.999850,999.999840,999.999832,999.999824,999.999817,999.999812,999.999807,999.999803,999.999800,999.999797,999.999796,999.999796,999.999796,999.999797,999.999800,999.999803,999.999807,999.999812,999.999817,999.999824,999.999832,999.999840,999.999850,999.999860,999.999871,999.999883,999.999896,999.999910,999.999925,999.999940,999.999957,999.999974,999.999993,1000.000012,1000.000032,1000.000053,1000.000075,1000.000098,1000.000122,1000.000146,1000.000171,1000.000198,1000.000226,1000.000253,1000.000282,1000.000315,1000.000347,1000.000367,1000.000363,1000.000332,1000.000285,1000.000231,1000.000178,1000.000122,0.000000,0.000000,0.000000,0.000000,0.000000,0.000000,0.000000,0.000000,0.000000
0.000000,0.000000,0.000000,0.000000,0.000000,0.000000,0.000000,0.000000,1000.000098,1000.000158,1000.000212,1000.000268,1000.000320,1000.000357,1000.000368,1000.000353,1000.000324,1000.000291,1000.000260,1000.000231,1000.000203,1000.000175,1000.000149,1000.000124,1000.000099,1000.000075,1000.000052,1000.000030,1000.000009,999.999989,999.999970,999.999951,999.999934,999.999917,999.999902,999.999887,999.999873,999.999860,999.999848,999.999837,999.999827,999.999817,999.999809,999.999801,999.999795,999.999789,999.999784,999.999780,999.999777,999.999775,999.999773,999.999773,999.999773,999.999775,999.999777,999.999780,999.999784,999.999789,999.999795,999.999801,999.999809,999.999817,999.999827,999.999837,999.999848,999.999860,999.999873,999.999887,999.999902,999.999917,999.999934,999.999951,999.999970,999.999989,1000.000009,1000.000030,1000.000052,1000.000075,1000.000099,1000.000124,1000.000149,1000.000175,1000.000203,1000.000231,1000.000260,1000.000291,1000.000324,1000.000353,1000.000368,1000.000357,1000.000320,1000.000268,1000.000212,1000.000158,1000.000098,0.000000,0.000000,0.000000,0.000000,0.000000,0.000000,0.000000,0.000000
0.000000,0.000000,0.000000,0.000000,0.000000,0.000000,0.000000,0.000000,1000.000132,1000.000189,1000.000245,1000.000301,1000.000347,1000.000368,1000.000357,1000.000331,1000.000299,1000.000268,1000.000238,1000.000209,1000.000180,1000.000153,1000.000127,1000.000101,1000.000077,1000.000053,1000.000030,1000.000008,999.999987,999.999967,999.999948,999.999930,999.999912,999.999896,999.999880,999.999865,999.999851,999.999838,999.999826,999.999815,999.999805,999.999795,999.999787,999.999779,999.999773,999.999767,999.999762,999.999758,999.999755,999.999753,999.999751,999.999751,999.999751,999.999753,999.999755,999.999758,999.999762,999.999767,999.999773,999.999779,999.999787,999.999795,999.999805,999.999815,999.999826,999.999838,999.999851,999.999865,999.999880,999.999896,999.999912,999.999930,999.999948,999.999967,999.999987,1000.000008,1000.000030,1000.000053,1000.000077,1000.000101,1000.000127,1000.000153,1000.000180,1000.000209,1000.000238,1000.000268,1000.000299,1000.000331,1000.000357,1000.000368,1000.000347,1000.000301,1000.000245,1000.000189,1000.000132,0.000000,0.000000,0.000000,0.000000,0.000000,0.000000,0.000000,0.000000
0.000000,0.000000,0.000000,0.000000,0.000000,0.000000,0.000000,1000.000103,1000.000165,1000.000220,1000.000277,1000.000330,1000.000363,1000.000365,1000.000340,1000.000308,1000.000276,1000.000247,1000.000217,1000.000188,1000.000159,1000.000132,1000.000106,1000.000080,1000.000056,1000.000032,1000.000009,999.999987,999.999966,999.999946,999.999927,999.999909,999.999891,999.999875,999.999859,999.999844,999.999830,999.999817,999.999805,999.999794,999.999784,999.999774,999.999766,999.999758,999.999752,999.999746,999.999741,999.999737,999.999734,999.999732,999.999730,999.999730,999.999730,999.999732,999.999734,999.999737,999.999741,999.999746,999.999752,999.999758,999.999766,999.999774,999.999784,999.999794,999.999805,999.999817,999.999830,999.999844,999.999859,999.999875,999.999891,999.999909,999.999927,999.999946,999.999966,999.999987,1000.000009,1000.000032,1000.000056,1000.000080,1000.000106,1000.000132,1000.000159,1000.000188,1000.000217,1000.000247,1000.000276,1000.000308,1000.000340,1000.000365,1000.000363,1000.000330,1000.000277,1000.000220,1000.000165,1000.000103,0.000000,0.000000,0.000000,0.000000,0.000000,0.000000,0.000000
0.000000,0.000000,0.000000,0.000000,0.000000,0.000000,0.000000,1000.000135,1000.000194,1000.000250,1000.000306,1000.000352,1000.000369,1000.000353,1000.000321,1000.000287,1000.000257,1000.000227,1000.000196,1000.000167,1000.000139,1000.000112,1000.000086,1000.000060,1000.000036,1000.000012,999.999989,999.999967,999.999946,999.999926,999.999907,999.999888,999.999871,999.999854,999.999839,999.999824,999.999810,999.999797,999.999785,999.999774,999.999764,999.999754,999.999746,999.999738,999.999732,999.999726,999.999721,999.999717,999.999714,999.999712,999.999710,999.999710,999.999710,999.999712,999.999714,999.999717,999.999721,999.999726,999.999732,999.999738,999.999746,999.999754,999.999764,999.999774,999.999785,999.999797,999.999810,999.999824,999.999839,999.999854,999.999871,999.999888,999.999907,999.999926,999.999946,999.999967,999.999989,1000.000012,1000.000036,1000.000060,1000.000086,1000.000112,1000.000139,1000.000167,1000.000196,1000.000227,1000.000257,1000.000287,1000.000321,1000.000353,1000.000369,1000.000352,1000.000306,1000.000250,1000.000194,1000.000135,0.000000,0.000000,0.000000,0.000000,0.000000,0.000000,0.000000
0.000000,0.000000,0.000000,0.000000,0.000000,0.000000,1000.000103,1000.000166,1000.000222,1000.000280,1000.000332,1000.000365,1000.000364,1000.000337,1000.000302,1000.000269,1000.000238,1000.000207,1000.000177,1000.000148,1000.000120,1000.000093,1000.000066,1000.000041,1000.000016,999.999993,999.999970,999.999948,999.999927,999.999907,999.999888,999.999869,999.999852,999.999835,999.999820,999.999805,999.999791,999.999778,999.999766,999.999755,999.999744,999.999735,999.999727,999.999719,999.999712,999.999707,999.999702,999.999698,999.999694,999.999692,999.999691,999.999690,999.999691,999.999692,999.999694,999.999698,999.999702,999.999707,999.999712,999.999719,999.999727,999.999735,999.999744,999.999755,999.999766,999.999778,999.999791,999.999805,999.999820,999.999835,999.999852,999.999869,999.999888,999.999907,999.999927,999.999948,999.999970,999.999993,1000.000016,1000.000041,1000.000066,1000.000093,1000.000120,1000.000148,1000.000177,1000.000207,1000.000238,1000.000269,1000.000302,1000.000337,1000.000364,1000.000365,1000.000332,1000.000280,1000.000222,1000.000166,1000.000103,0.000000,0.000000,0.000000,0.000000,0.000000,0.000000
0.000000,0.000000,0.000000,0.000000,0.000000,0.000000,1000.000133,1000.000193,1000.000250,1000.000307,1000.000353,1000.000369,1000.000352,1000.000319,1000.000284,1000.000251,1000.000220,1000.000188,1000.000159,1000.000130,1000.000102,1000.000074,1000.000048,1000.000023,999.999998,999.999974,999.999951,999.999930,999.999909,999.999888,999.999869,999.999851,999.999833,999.999817,999.999801,999.999786,999.999773,999.999760,999.999748,999.999736,999.999726,999.999717,999.999708,999.999701,999.999694,999.999688,999.999683,999.999679,999.999676,999.999674,999.999673,999.999672,999.999673,999.999674,999.999676,999.999679,999.999683,999.999688,999.999694,999.999701,999.999708,999.999717,999.999726,999.999736,999.999748,999.999760,999.999773,999.999786,999.999801,999.999817,999.999833,999.999851,999.999869,999.999888,999.999909,999.999930,999.999951,999.999974,999.999998,1000.000023,1000.000048,1000.000074,1000.000102,1000.000130,1000.000159,1000.000188,1000.000220,1000.000251,1000.000284,1000.000319,1000.000352,1000.000369,1000.000353,1000.000307,1000.000250,1000.000193,1000.000133,0.000000,0.000000,0.000000,0.000000,0.000000,0.000000
0.000000,0.000000,0.000000,0.000000,0.000000,1000.000099,1000.000162,1000.000220,1000.000278,1000.000332,1000.000365,1000.000364,1000.000336,1000.000300,1000.000266,1000.000234,1000.000202,1000.000171,1000.000141,1000.000112,1000.000084,1000.000057,1000.000031,1000.000005,999.999981,999.999957,999.999934,999.999912,999.999891,999.999871,999.999852,999.999833,999.999816,999.999799,999.999784,999.999769,999.999755,999.999742,999.999730,999.999719,999.999709,999.999699,999.999691,999.999683,999.999677,999.999671,999.999666,999.999662,999.999659,999.999656,999.999655,999.999655,999.999655,999.999656,999.999659,999.999662,999.999666,999.999671,999.999677,999.999683,999.999691,999.999699,999.999709,999.999719,999.999730,999.999742,999.999755,999.999769,999.999784,999.999799,999.999816,999.999833,999.999852,999.999871,999.999891,999.999912,999.999934,999.999957,999.999981,1000.000005,1000.000031,1000.000057,1000.000084,1000.000112,1000.000141,1000.000171,1000.000202,1000.000234,1000.000266,1000.000300,1000.000336,1000.000364,1000.000365,1000.000332,1000.000278,1000.000220,1000.000162,1000.000099,0.000000,0.000000,0.000000,0.000000,0.000000
0.000000,0.000000,0.000000,0.000000,0.000000,1000.000125,1000.000187,1000.000245,1000.000304,1000.000351,1000.000369,1000.000352,1000.000319,1000.000283,1000.000250,1000.000217,1000.000185,1000.000155,1000.000125,1000.000096,1000.000068,1000.000040,1000.000014,999.999988,999.999964,999.999940,999.999917,999.999896,999.999875,999.999854,999.999835,999.999817,999.999799,999.999783,999.999767,999.999753,999.999739,999.999726,999.999714,999.999702,999.999692,999.999683,999.999674,999.999667,999.999660,999.999654,999.999649,999.999645,999.999642,999.999640,999.999639,999.999638,999.999639,999.999640,999.999642,999.999645,999.999649,999.999654,999.999660,999.999667,999.999674,999.999683,999.999692,999.999702,999.999714,999.999726,999.999739,999.999753,999.999767,999.999783,999.999799,999.999817,999.999835,999.999854,999.999875,999.999896,999.999917,999.999940,999.999964,999.999988,1000.000014,1000.000040,1000.000068,1000.000096,1000.000125,1000.000155,1000.000185,1000.000217,1000.000250,1000.000283,1000.000319,1000.000352,1000.000369,1000.000351,1000.000304,1000.000245,1000.000187,1000.000125,0.000000,0.000000,0.000000,0.000000,0.000000
0.000000,0.000000,0.000000,0.000000,1000.000086,1000.000151,1000.000210,1000.000270,1000.000327,1000.000364,1000.000365,1000.000337,1000.000302,1000.000267,1000.000234,1000.000201,1000.000170,1000.000139,1000.000109,1000.000080,1000.000052,1000.000025,999.999998,999.999973,999.999948,999.999925,999.999902,999.999880,999.999859,999.999839,999.999820,999.999801,999.999784,999.999767,999.999752,999.999737,999.999723,999.999710,999.999698,999.999687,999.999677,999.999667,999.999659,999.999651,999.999644,999.999639,999.999634,999.999630,999.999626,999.999624,999.999623,999.999622,999.999623,999.999624,999.999626,999.999630,999.999634,999.999639,999.999644,999.999651,999.999659,999.999667,999.999677,999.999687,999.999698,999.999710,999.999723,999.999737,999.999752,999.999767,999.999784,999.999801,999.999820,999.999839,999.999859,999.999880,999.999902,999.999925,999.999948,999.999973,999.999998,1000.000025,1000.000052,1000.000080,1000.000109,1000.000139,1000.000170,1000.000201,1000.000234,1000.000267,1000.000302,1000.000337,1000.000365,1000.000364,1000.000327,1000.000270,1000.000210,1000.000151,1000.000086,0.000000,0.000000,0.000000,0.000000
0.000000,0.000000,0.000000,0.000000,1000.000110,1000.000172,1000.000232,1000.000293,1000.000345,1000.000368,1000.000355,1000.000322,1000.000286,1000.000252,1000.000219,1000.000186,1000.000155,1000.000124,1000.000094,1000.000065,1000.000037,1000.000010,999.999984,999.999958,999.999934,999.999910,999.999887,999.999865,999.999844,999.999824,999.999805,999.999786,999.999769,999.999753,999.999737,999.999722,999.999708,999.999695,999.999683,999.999672,999.999662,999.999652,999.999644,999.999636,999.999630,999.999624,999.999619,999.999615,999.999612,999.999609,999.999608,999.999608,999.999608,999.999609,999.999612,999.999615,999.999619,999.999624,999.999630,999.999636,999.999644,999.999652,999.999662,999.999672,999.999683,999.999695,999.999708,999.999722,999.999737,999.999753,999.999769,999.999786,999.999805,999.999824,999.999844,999.999865,999.999887,999.999910,999.999934,999.999958,999.999984,1000.000010,1000.000037,1000.000065,1000.000094,1000.000124,1000.000155,1000.000186,1000.000219,1000.000252,1000.000286,1000.000322,1000.000355,1000.000368,1000.000345,1000.000293,1000.000232,1000.000172,1000.000110,0.000000,0.000000,0.000000,0.000000
