0.000000,0.000000,0.000000,0.000000,0.000000,0.000000,0.000000,0.000000,0.000000,0.000000,0.000000,0.000000,0.000000,0.000000,0.000000,0.000000,0.000000,0.000000,0.000000,0.000000,0.000000,0.000000,0.000000,0.000000,0.000000,0.000000,0.000000,0.000000,0.000000,0.000000,0.000000,0.000000,0.000000,0.000000,0.000000,0.000000,0.000000,0.000000,0.000000,0.000000,0.000000,0.000000,0.000000,0.000000,0.000000,0.000000,0.000000,0.000000,0.000000,0.000000,0.000000,0.000000,0.000000,0.000000,0.000000,0.000000,0.000000,0.000000,0.000000,0.000000,0.000000,0.000000,0.000000,0.000000,0.000000,0.000000,0.000000,0.000000,0.000000,0.000000,0.000000,0.000000,0.000000,0.000000,0.000000,0.000000,0.000000,0.000000,0.000000,0.000000,0.000000,0.000000,0.000000,0.000000,0.000000,0.000000,0.000000,0.000000,0.000000,0.000000,0.000000,0.000000,0.000000,0.000000,0.000000,0.000000,0.000000,0.000000,0.000000,0.000000,0.000000,0.000000,0.000000
0.000000,0.000000,0.000000,0.000000,0.000000,0.000000,0.000000,0.000000,0.000000,0.000000,0.000000,0.000000,0.000000,0.000000,0.000000,0.000000,0.000000,0.000000,0.000000,0.000000,0.000000,0.000000,0.000000,0.000000,0.000000,0.000000,0.000000,0.000000,0.000000,0.000000,0.000000,0.000000,0.000000,0.000000,0.000000,0.000000,0.000000,0.000000,0.000000,0.000000,0.000000,0.000000,0.000000,0.000000,0.000000,0.000000,0.000000,0.000000,0.000000,0.000000,0.000000,1000.000079,0.000000,0.000000,0.000000,0.000000,0.000000,0.000000,0.000000,0.000000,0.000000,0.000000,0.000000,0.000000,0.000000,0.000000,0.000000,0.000000,0.000000,0.000000,0.000000,0.000000,0.000000,0.000000,0.000000,0.000000,0.000000,0.000000,0.000000,0.000000,0.000000,0.000000,0.000000,0.000000,0.000000,0.000000,0.000000,0.000000,0.000000,0.000000,0.000000,0.000000,0.000000,0.000000,0.000000,0.000000,0.000000,0.000000,0.000000,0.000000,0.000000,0.000000,0.000000
0.000000,0.000000,0.000000,0.000000,0.000000,0.000000,0.000000,0.000000,0.000000,0.000000,0.000000,0.000000,0.000000,0.000000,0.000000,0.000000,0.000000,0.000000,0.000000,0.000000,0.000000,0.000000,0.000000,0.000000,0.000000,0.000000,0.000000,0.000000,0.000000,0.000000,0.000000,0.000000,0.000000,0.000000,0.000000,0.000000,0.000000,0.000000,0.000000,0.000000,0.000000,0.000000,1000.000144,1000.000167,1000.000179,1000.000186,1000.000189,1000.000190,1000.000190,1000.000189,1000.000188,1000.000194,1000.000188,1000.000189,1000.000190,1000.000190,1000.000189,1000.000186,1000.000179,1000.000167,1000.000144,0.000000,0.000000,0.000000,0.000000,0.000000,0.000000,0.000000,0.000000,0.000000,0.000000,0.000000,0.000000,0.000000,0.000000,0.000000,0.000000,0.000000,0.000000,0.000000,0.000000,0.000000,0.000000,0.000000,0.000000,0.000000,0.000000,0.000000,0.000000,0.000000,0.000000,0.000000,0.000000,0.000000,0.000000,0.000000,0.000000,0.000000,0.000000,0.000000,0.000000,0.000000,0.000000
0.000000,0.000000,0.000000,0.000000,0.000000,0.000000,0.000000,0.000000,0.000000,0.000000,0.000000,0.000000,0.000000,0.000000,0.000000,0.000000,0.000000,0.000000,0.000000,0.000000,0.000000,0.000000,0.000000,0.000000,0.000000,0.000000,0.000000,0.000000,0.000000,0.000000,0.000000,0.000000,0.000000,0.000000,0.000000,0.000000,0.000000,1000.000139,1000.000173,1000.000201,1000.000223,1000.000241,1000.000258,1000.000273,1000.000284,1000.000292,1000.000297,1000.000299,1000.000300,1000.000301,1000.000300,1000.000301,1000.000300,1000.000301,1000.000300,1000.000299,1000.000297,1000.000292,1000.000284,1000.000273,1000.000258,1000.000241,1000.000223,1000.000201,1000.000173,1000.000139,0.000000,0.000000,0.000000,0.000000,0.000000,0.000000,0.000000,0.000000,0.000000,0.000000,0.000000,0.000000,0.000000,0.000000,0.000000,0.000000,0.000000,0.000000,0.000000,0.000000,0.000000,0.000000,0.000000,0.000000,0.000000,0.000000,0.000000,0.000000,0.000000,0.000000,0.000000,0.000000,0.000000,0.000000,0.000000,0.000000,0.000000
0.000000,0.000000,0.000000,0.000000,0.000000,0.000000,0.000000,0.000000,0.000000,0.000000,0.000000,0.000000,0.000000,0.000000,0.000000,0.000000,0.000000,0.000000,0.000000,0.000000,0.000000,0.000000,0.000000,0.000000,0.000000,0.000000,0.000000,0.000000,0.000000,0.000000,0.000000,0.000000,0.000000,0.000000,1000.000144,1000.000184,1000.000217,1000.000249,1000.000277,1000.000303,1000.000327,1000.000347,1000.000366,1000.000380,1000.000391,1000.000398,1000.000403,1000.000405,1000.000406,1000.000407,1000.000407,1000.000407,1000.000407,1000.000407,1000.000406,1000.000405,1000.000403,1000.000398,1000.000391,1000.000380,1000.000366,1000.000347,1000.000327,1000.000303,1000.000277,1000.000249,1000.000217,1000.000184,1000.000144,0.000000,0.000000,0.000000,0.000000,0.000000,0.000000,0.000000,0.000000,0.000000,0.000000,0.000000,0.000000,0.000000,0.000000,0.000000,0.000000,0.000000,0.000000,0.000000,0.000000,0.000000,0.000000,0.000000,0.000000,0.000000,0.000000,0.000000,0.000000,0.000000,0.000000,0.000000,0.000000,0.000000,0.000000
0.000000,0.000000,0.000000,0.000000,0.000000,0.000000,0.000000,0.000000,0.000000,0.000000,0.000000,0.000000,0.000000,0.000000,0.000000,0.000000,0.000000,0.000000,0.000000,0.000000,0.000000,0.000000,0.000000,0.000000,0.000000,0.000000,0.000000,0.000000,0.000000,0.000000,0.000000,0.000000,1000.000165,1000.000209,1000.000252,1000.000287,1000.000320,1000.000352,1000.000380,1000.000406,1000.000429,1000.000452,1000.000472,1000.000487,1000.000497,1000.000502,1000.000505,1000.000507,1000.000508,1000.000508,1000.000509,1000.000508,1000.000509,1000.000508,1000.000508,1000.000507,1000.000505,1000.000502,1000.000497,1000.000487,1000.000472,1000.000452,1000.000429,1000.000406,1000.000380,1000.000352,1000.000320,1000.000287,1000.000252,1000.000209,1000.000165,0.000000,0.000000,0.000000,0.000000,0.000000,0.000000,0.000000,0.000000,0.000000,0.000000,0.000000,0.000000,0.000000,0.000000,0.000000,0.000000,0.000000,0.000000,0.000000,0.000000,0.000000,0.000000,0.000000,0.000000,0.000000,0.000000,0.000000,0.000000,0.000000,0.000000,0.000000,0.000000
0.000000,0.000000,0.000000,0.000000,0.000000,0.000000,0.000000,0.000000,0.000000,0.000000,0.000000,0.000000,0.000000,0.000000,0.000000,0.000000,0.000000,0.000000,0.000000,0.000000,0.000000,0.000000,0.000000,0.000000,0.000000,0.000000,0.000000,0.000000,0.000000,0.000000,1000.000173,1000.000222,1000.000271,1000.000311,1000.000351,1000.000387,1000.000422,1000.000454,1000.000482,1000.000506,1000.000527,1000.000545,1000.000562,1000.000572,1000.000578,1000.000581,1000.000583,1000.000583,1000.000584,1000.000584,1000.000584,1000.000584,1000.000584,1000.000584,1000.000584,1000.000583,1000.000583,1000.000581,1000.000578,1000.000572,1000.000562,1000.000545,1000.000527,1000.000506,1000.000482,1000.000454,1000.000422,1000.000387,1000.000351,1000.000311,1000.000271,1000.000222,1000.000173,0.000000,0.000000,0.000000,0.000000,0.000000,0.000000,0.000000,0.000000,0.000000,0.000000,0.000000,0.000000,0.000000,0.000000,0.000000,0.000000,0.000000,0.000000,0.000000,0.000000,0.000000,0.000000,0.000000,0.000000,0.000000,0.000000,0.000000,0.000000,0.000000,0.000000
0.000000,0.000000,0.000000,0.000000,0.000000,0.000000,0.000000,0.000000,0.000000,0.000000,0.000000,0.000000,0.000000,0.000000,0.000000,0.000000,0.000000,0.000000,0.000000,0.000000,0.000000,0.000000,0.000000,0.000000,0.000000,0.000000,0.000000,0.000000,1000.000172,1000.000226,1000.000277,1000.000322,1000.000367,1000.000410,1000.000451,1000.000487,1000.000519,1000.000547,1000.000569,1000.000584,1000.000594,1000.000601,1000.000603,1000.000602,1000.000600,1000.000599,1000.000598,1000.000598,1000.000597,1000.000596,1000.000596,1000.000596,1000.000596,1000.000596,1000.000597,1000.000598,1000.000598,1000.000599,1000.000600,1000.000602,1000.000603,1000.000601,1000.000594,1000.000584,1000.000569,1000.000547,1000.000519,1000.000487,1000.000451,1000.000410,1000.000367,1000.000322,1000.000277,1000.000226,1000.000172,0.000000,0.000000,0.000000,0.000000,0.000000,0.000000,0.000000,0.000000,0.000000,0.000000,0.000000,0.000000,0.000000,0.000000,0.000000,0.000000,0.000000,0.000000,0.000000,0.000000,0.000000,0.000000,0.000000,0.000000,0.000000,0.000000,0.000000,0.000000
0.000000,0.000000,0.000000,0.000000,0.000000,0.000000,0.000000,0.000000,0.000000,0.000000,0.000000,0.000000,0.000000,0.000000,0.000000,0.000000,0.000000,0.000000,0.000000,0.000000,0.000000,0.000000,0.000000,0.000000,0.000000,0.000000,1000.000163,1000.000221,1000.000275,1000.000323,1000.000371,1000.000418,1000.000464,1000.000506,1000.000542,1000.000571,1000.000591,1000.000603,1000.000608,1000.000606,1000.000602,1000.000594,1000.000582,1000.000571,1000.000563,1000.000558,1000.000555,1000.000553,1000.000551,1000.000550,1000.000549,1000.000549,1000.000549,1000.000550,1000.000551,1000.000553,1000.000555,1000.000558,1000.000563,1000.000571,1000.000582,1000.000594,1000.000602,1000.000606,1000.000608,1000.000603,1000.000591,1000.000571,1000.000542,1000.000506,1000.000464,1000.000418,1000.000371,1000.000323,1000.000275,1000.000221,1000.000163,0.000000,0.000000,0.000000,0.000000,0.000000,0.000000,0.000000,0.000000,0.000000,0.000000,0.000000,0.000000,0.000000,0.000000,0.000000,0.000000,0.000000,0.000000,0.000000,0.000000,0.000000,0.000000,0.000000,0.000000,0.000000,0.000000
0.000000,0.000000,0.000000,0.000000,0.000000,0.000000,0.000000,0.000000,0.000000,0.000000,0.000000,0.000000,0.000000,0.000000,0.000000,0.000000,0.000000,0.000000,0.000000,0.000000,0.000000,0.000000,0.000000,0.000000,1000.000140,1000.000204,1000.000264,1000.000316,1000.000368,1000.000418,1000.000466,1000.000511,1000.000550,1000.000581,1000.000601,1000.000608,1000.000607,1000.000599,1000.000586,1000.000572,1000.000558,1000.000543,1000.000527,1000.000513,1000.000503,1000.000496,1000.000491,1000.000488,1000.000485,1000.000484,1000.000483,1000.000482,1000.000483,1000.000484,1000.000485,1000.000488,1000.000491,1000.000496,1000.000503,1000.000513,1000.000527,1000.000543,1000.000558,1000.000572,1000.000586,1000.000599,1000.000607,1000.000608,1000.000601,1000.000581,1000.000550,1000.000511,1000.000466,1000.000418,1000.000368,1000.000316,1000.000264,1000.000204,1000.000140,0.000000,0.000000,0.000000,0.000000,0.000000,0.000000,0.000000,0.000000,0.000000,0.000000,0.000000,0.000000,0.000000,0.000000,0.000000,0.000000,0.000000,0.000000,0.000000,0.000000,0.000000,0.000000,0.000000,0.000000
0.000000,0.000000,0.000000,0.000000,0.000000,0.000000,0.000000,0.000000,0.000000,0.000000,0.000000,0.000000,0.000000,0.000000,0.000000,0.000000,0.000000,0.000000,0.000000,0.000000,0.000000,0.000000,0.000000,1000.000169,1000.000238,1000.000297,1000.000354,1000.000409,1000.000462,1000.000510,1000.000551,1000.000584,1000.000604,1000.000610,1000.000604,1000.000589,1000.000570,1000.000551,1000.000531,1000.000512,1000.000495,1000.000480,1000.000466,1000.000453,1000.000443,1000.000435,1000.000429,1000.000425,1000.000421,1000.000419,1000.000418,1000.000418,1000.000418,1000.000419,1000.000421,1000.000425,1000.000429,1000.000435,1000.000443,1000.000453,1000.000466,1000.000480,1000.000495,1000.000512,1000.000531,1000.000551,1000.000570,1000.000589,1000.000604,1000.000610,1000.000604,1000.000584,1000.000551,1000.000510,1000.000462,1000.000409,1000.000354,1000.000297,1000.000238,1000.000169,0.000000,0.000000,0.000000,0.000000,0.000000,0.000000,0.000000,0.000000,0.000000,0.000000,0.000000,0.000000,0.000000,0.000000,0.000000,0.000000,0.000000,0.000000,0.000000,0.000000,0.000000,0.000000,0.000000
0.000000,0.000000,0.000000,0.000000,0.000000,0.000000,0.000000,0.000000,0.000000,0.000000,0.000000,0.000000,0.000000,0.000000,0.000000,0.000000,0.000000,0.000000,0.000000,0.000000,0.000000,1000.000125,1000.000196,1000.000265,1000.000326,1000.000386,1000.000446,1000.000501,1000.000547,1000.000582,1000.000604,1000.000610,1000.000603,1000.000585,1000.000561,1000.000536,1000.000512,1000.000490,1000.000471,1000.000452,1000.000435,1000.000420,1000.000406,1000.000394,1000.000384,1000.000375,1000.000369,1000.000364,1000.000360,1000.000357,1000.000356,1000.000355,1000.000356,1000.000357,1000.000360,1000.000364,1000.000369,1000.000375,1000.000384,1000.000394,1000.000406,1000.000420,1000.000435,1000.000452,1000.000471,1000.000490,1000.000512,1000.000536,1000.000561,1000.000585,1000.000603,1000.000610,1000.000604,1000.000582,1000.000547,1000.000501,1000.000446,1000.000386,1000.000326,1000.000265,1000.000196,1000.000125,0.000000,0.000000,0.000000,0.000000,0.000000,0.000000,0.000000,0.000000,0.000000,0.000000,0.000000,0.000000,0.000000,0.000000,0.000000,0.000000,0.000000,0.000000,0.000000,0.000000,0.000000
0.000000,0.000000,0.000000,0.000000,0.000000,0.000000,0.000000,0.000000,0.000000,0.000000,0.000000,0.000000,0.000000,0.000000,0.000000,0.000000,0.000000,0.000000,0.000000,0.000000,1000.000146,1000.000221,1000.000285,1000.000348,1000.000412,1000.000475,1000.000531,1000.000575,1000.000601,1000.000609,1000.000603,1000.000585,1000.000560,1000.000532,1000.000503,1000.000477,1000.000454,1000.000432,1000.000413,1000.000394,1000.000377,1000.000362,1000.000348,1000.000336,1000.000325,1000.000317,1000.000310,1000.000304,1000.000300,1000.000297,1000.000295,1000.000295,1000.000295,1000.000297,1000.000300,1000.000304,1000.000310,1000.000317,1000.000325,1000.000336,1000.000348,1000.000362,1000.000377,1000.000394,1000.000413,1000.000432,1000.000454,1000.000477,1000.000503,1000.000532,1000.000560,1000.000585,1000.000603,1000.000609,1000.000601,1000.000575,1000.000531,1000.000475,1000.000412,1000.000348,1000.000285,1000.000221,1000.000146,0.000000,0.000000,0.000000,0.000000,0.000000,0.000000,0.000000,0.000000,0.000000,0.000000,0.000000,0.000000,0.000000,0.000000,0.000000,0.000000,0.000000,0.000000,0.000000,0.000000
0.000000,0.000000,0.000000,0.000000,0.000000,0.000000,0.000000,0.000000,0.000000,0.000000,0.000000,0.000000,0.000000,0.000000,0.000000,0.000000,0.000000,0.000000,0.000000,1000.000162,1000.000239,1000.000305,1000.000369,1000.000434,1000.000496,1000.000551,1000.000591,1000.000607,1000.000604,1000.000586,1000.000561,1000.000531,1000.000501,1000.000472,1000.000446,1000.000421,1000.000398,1000.000376,1000.000356,1000.000337,1000.000320,1000.000305,1000.000291,1000.000279,1000.000268,1000.000259,1000.000252,1000.000246,1000.000242,1000.000239,1000.000237,1000.000236,1000.000237,1000.000239,1000.000242,1000.000246,1000.000252,1000.000259,1000.000268,1000.000279,1000.000291,1000.000305,1000.000320,1000.000337,1000.000356,1000.000376,1000.000398,1000.000421,1000.000446,1000.000472,1000.000501,1000.000531,1000.000561,1000.000586,1000.000604,1000.000607,1000.000591,1000.000551,1000.000496,1000.000434,1000.000369,1000.000305,1000.000239,1000.000162,0.000000,0.000000,0.000000,0.000000,0.000000,0.000000,0.000000,0.000000,0.000000,0.000000,0.000000,0.000000,0.000000,0.000000,0.000000,0.000000,0.000000,0.000000,0.000000
0.000000,0.000000,0.000000,0.000000,0.000000,0.000000,0.000000,0.000000,0.000000,0.000000,0.000000,0.000000,0.000000,0.000000,0.000000,0.000000,0.000000,0.000000,1000.000173,1000.000252,1000.000322,1000.000389,1000.000456,1000.000515,1000.000565,1000.000600,1000.000608,1000.000593,1000.000566,1000.000536,1000.000504,1000.000473,1000.000444,1000.000417,1000.000391,1000.000366,1000.000342,1000.000320,1000.000300,1000.000282,1000.000265,1000.000249,1000.000236,1000.000223,1000.000213,1000.000204,1000.000196,1000.000190,1000.000185,1000.000182,1000.000180,1000.000179,1000.000180,1000.000182,1000.000185,1000.000190,1000.000196,1000.000204,1000.000213,1000.000223,1000.000236,1000.000249,1000.000265,1000.000282,1000.000300,1000.000320,1000.000342,1000.000366,1000.000391,1000.000417,1000.000444,1000.000473,1000.000504,1000.000536,1000.000566,1000.000593,1000.000608,1000.000600,1000.000565,1000.000515,1000.000456,1000.000389,1000.000322,1000.000252,1000.000173,0.000000,0.000000,0.000000,0.000000,0.000000,0.000000,0.000000,0.000000,0.000000,0.000000,0.000000,0.000000,0.000000,0.000000,0.000000,0.000000,0.000000,0.000000
0.000000,0.000000,0.000000,0.000000,0.000000,0.000000,0.000000,0.000000,0.000000,0.000000,0.000000,0.000000,0.000000,0.000000,0.000000,0.000000,0.000000,1000.000178,1000.000260,1000.000332,1000.000403,1000.000473,1000.000534,1000.000580,1000.000606,1000.000607,1000.000585,1000.000551,1000.000514,1000.000480,1000.000449,1000.000419,1000.000390,1000.000363,1000.000336,1000.000311,1000.000288,1000.000266,1000.000246,1000.000228,1000.000211,1000.000195,1000.000181,1000.000169,1000.000158,1000.000149,1000.000141,1000.000135,1000.000130,1000.000127,1000.000125,1000.000124,1000.000125,1000.000127,1000.000130,1000.000135,1000.000141,1000.000149,1000.000158,1000.000169,1000.000181,1000.000195,1000.000211,1000.000228,1000.000246,1000.000266,1000.000288,1000.000311,1000.000336,1000.000363,1000.000390,1000.000419,1000.000449,1000.000480,1000.000514,1000.000551,1000.000585,1000.000607,1000.000606,1000.000580,1000.000534,1000.000473,1000.000403,1000.000332,1000.000260,1000.000178,0.000000,0.000000,0.000000,0.000000,0.000000,0.000000,0.000000,0.000000,0.000000,0.000000,0.000000,0.000000,0.000000,0.000000,0.000000,0.000000,0.000000
0.000000,0.000000,0.000000,0.000000,0.000000,0.000000,0.000000,0.000000,0.000000,0.000000,0.000000,0.000000,0.000000,0.000000,0.000000,0.000000,1000.000180,1000.000263,1000.000337,1000.000410,1000.000483,1000.000546,1000.000591,1000.000608,1000.000601,1000.000576,1000.000539,1000.000499,1000.000461,1000.000428,1000.000397,1000.000366,1000.000337,1000.000309,1000.000283,1000.000259,1000.000235,1000.000214,1000.000194,1000.000175,1000.000158,1000.000143,1000.000129,1000.000116,1000.000106,1000.000096,1000.000088,1000.000082,1000.000077,1000.000074,1000.000072,1000.000071,1000.000072,1000.000074,1000.000077,1000.000082,1000.000088,1000.000096,1000.000106,1000.000116,1000.000129,1000.000143,1000.000158,1000.000175,1000.000194,1000.000214,1000.000235,1000.000259,1000.000283,1000.000309,1000.000337,1000.000366,1000.000397,1000.000428,1000.000461,1000.000499,1000.000539,1000.000576,1000.000601,1000.000608,1000.000591,1000.000546,1000.000483,1000.000410,1000.000337,1000.000263,1000.000180,0.000000,0.000000,0.000000,0.000000,0.000000,0.000000,0.000000,0.000000,0.000000,0.000000,0.000000,0.000000,0.000000,0.000000,0.000000,0.000000
0.000000,0.000000,0.000000,0.000000,0.000000,0.000000,0.000000,0.000000,0.000000,0.000000,0.000000,0.000000,0.000000,0.000000,0.000000,1000.000178,1000.000263,1000.000339,1000.000414,1000.000487,1000.000552,1000.000596,1000.000608,1000.000592,1000.000562,1000.000525,1000.000485,1000.000447,1000.000411,1000.000378,1000.000345,1000.000315,1000.000286,1000.000258,1000.000232,1000.000207,1000.000184,1000.000162,1000.000142,1000.000124,1000.000107,1000.000091,1000.000077,1000.000065,1000.000054,1000.000045,1000.000037,1000.000030,1000.000025,1000.000022,1000.000020,1000.000019,1000.000020,1000.000022,1000.000025,1000.000030,1000.000037,1000.000045,1000.000054,1000.000065,1000.000077,1000.000091,1000.000107,1000.000124,1000.000142,1000.000162,1000.000184,1000.000207,1000.000232,1000.000258,1000.000286,1000.000315,1000.000345,1000.000378,1000.000411,1000.000447,1000.000485,1000.000525,1000.000562,1000.000592,1000.000608,1000.000596,1000.000552,1000.000487,1000.000414,1000.000339,1000.000263,1000.000178,0.000000,0.000000,0.000000,0.000000,0.000000,0.000000,0.000000,0.000000,0.000000,0.000000,0.000000,0.000000,0.000000,0.000000,0.000000
0.000000,0.000000,0.000000,0.000000,0.000000,0.000000,0.000000,0.000000,0.000000,0.000000,0.000000,0.000000,0.000000,0.000000,1000.000173,1000.000260,1000.000337,1000.000414,1000.000489,1000.000554,1000.000598,1000.000608,1000.000588,1000.000552,1000.000511,1000.000471,1000.000434,1000.000397,1000.000362,1000.000328,1000.000295,1000.000265,1000.000236,1000.000208,1000.000182,1000.000157,1000.000134,1000.000113,1000.000093,1000.000074,1000.000057,1000.000042,1000.000028,1000.000015,1000.000004,999.999995,999.999987,999.999980,999.999975,999.999972,999.999970,999.999969,999.999970,999.999972,999.999975,999.999980,999.999987,999.999995,1000.000004,1000.000015,1000.000028,1000.000042,1000.000057,1000.000074,1000.000093,1000.000113,1000.000134,1000.000157,1000.000182,1000.000208,1000.000236,1000.000265,1000.000295,1000.000328,1000.000362,1000.000397,1000.000434,1000.000471,1000.000511,1000.000552,1000.000588,1000.000608,1000.000598,1000.000554,1000.000489,1000.000414,1000.000337,1000.000260,1000.000173,0.000000,0.000000,0.000000,0.000000,0.000000,0.000000,0.000000,0.000000,0.000000,0.000000,0.000000,0.000000,0.000000,0.000000
0.000000,0.000000,0.000000,0.000000,0.000000,0.000000,0.000000,0.000000,0.000000,0.000000,0.000000,0.000000,0.000000,1000.000162,1000.000252,1000.000332,1000.000410,1000.000487,1000.000554,1000.000598,1000.000609,1000.000587,1000.000548,1000.000504,1000.000461,1000.000423,1000.000386,1000.000349,1000.000313,1000.000279,1000.000247,1000.000217,1000.000188,1000.000160,1000.000134,1000.000109,1000.000086,1000.000064,1000.000044,1000.000026,1000.000009,999.999993,999.999979,999.999967,999.999956,999.999946,999.999938,999.999932,999.999927,999.999923,999.999921,999.999920,999.999921,999.999923,999.999927,999.999932,999.999938,999.999946,999.999956,999.999967,999.999979,999.999993,1000.000009,1000.000026,1000.000044,1000.000064,1000.000086,1000.000109,1000.000134,1000.000160,1000.000188,1000.000217,1000.000247,1000.000279,1000.000313,1000.000349,1000.000386,1000.000423,1000.000461,1000.000504,1000.000548,1000.000587,1000.000609,1000.000598,1000.000554,1000.000487,1000.000410,1000.000332,1000.000252,1000.000162,0.000000,0.000000,0.000000,0.000000,0.000000,0.000000,0.000000,0.000000,0.000000,0.000000,0.000000,0.000000,0.000000
0.000000,0.000000,0.000000,0.000000,0.000000,0.000000,0.000000,0.000000,0.000000,0.000000,0.000000,0.000000,1000.000146,1000.000239,1000.000322,1000.000403,1000.000483,1000.000552,1000.000598,1000.000609,1000.000586,1000.000546,1000.000500,1000.000456,1000.000415,1000.000377,1000.000338,1000.000301,1000.000266,1000.000233,1000.000201,1000.000170,1000.000141,1000.000113,1000.000087,1000.000062,1000.000039,1000.000018,999.999997,999.999979,999.999962,999.999946,999.999932,999.999920,999.999909,999.999899,999.999891,999.999885,999.999879,999.999876,999.999874,999.999873,999.999874,999.999876,999.999879,999.999885,999.999891,999.999899,999.999909,999.999920,999.999932,999.999946,999.999962,999.999979,999.999997,1000.000018,1000.000039,1000.000062,1000.000087,1000.000113,1000.000141,1000.000170,1000.000201,1000.000233,1000.000266,1000.000301,1000.000338,1000.000377,1000.000415,1000.000456,1000.000500,1000.000546,1000.000586,1000.000609,1000.000598,1000.000552,1000.000483,1000.000403,1000.000322,1000.000239,1000.000146,0.000000,0.000000,0.000000,0.000000,0.000000,0.000000,0.000000,0.000000,0.000000,0.000000,0.000000,0.000000
0.000000,0.000000,0.000000,0.000000,0.000000,0.000000,0.000000,0.000000,0.000000,0.000000,0.000000,1000.000125,1000.000221,1000.000305,1000.000389,1000.000473,1000.000546,1000.000596,1000.000608,1000.000587,1000.000546,1000.000499,1000.000453,1000.000411,1000.000371,1000.000331,1000.000292,1000.000256,1000.000221,1000.000187,1000.000155,1000.000124,1000.000095,1000.000068,1000.000042,1000.000017,999.999994,999.999972,999.999952,999.999934,999.999916,999.999901,999.999887,999.999874,999.999863,999.999854,999.999846,999.999839,999.999834,999.999830,999.999828,999.999827,999.999828,999.999830,999.999834,999.999839,999.999846,999.999854,999.999863,999.999874,999.999887,999.999901,999.999916,999.999934,999.999952,999.999972,999.999994,1000.000017,1000.000042,1000.000068,1000.000095,1000.000124,1000.000155,1000.000187,1000.000221,1000.000256,1000.000292,1000.000331,1000.000371,1000.000411,1000.000453,1000.000499,1000.000546,1000.000587,1000.000608,1000.000596,1000.000546,1000.000473,1000.000389,1000.000305,1000.000221,1000.000125,0.000000,0.000000,0.000000,0.000000,0.000000,0.000000,0.000000,0.000000,0.000000,0.000000,0.000000
0.000000,0.000000,0.000000,0.000000,0.000000,0.000000,0.000000,0.000000,0.000000,0.000000,0.000000,1000.000196,1000.000285,1000.000369,1000.000456,1000.000534,1000.000591,1000.000608,1000.000588,1000.000548,1000.000500,1000.000453,1000.000410,1000.000368,1000.000326,1000.000286,1000.000249,1000.000212,1000.000177,1000.000143,1000.000111,1000.000081,1000.000051,1000.000024,999.999998,999.999973,999.999950,999.999928,999.999908,999.999890,999.999873,999.999857,999.999843,999.999830,999.999819,999.999810,999.999802,999.999795,999.999790,999.999786,999.999784,999.999783,999.999784,999.999786,999.999790,999.999795,999.999802,999.999810,999.999819,999.999830,999.999843,999.999857,999.999873,999.999890,999.999908,999.999928,999.999950,999.999973,999.999998,1000.000024,1000.000051,1000.000081,1000.000111,1000.000143,1000.000177,1000.000212,1000.000249,1000.000286,1000.000326,1000.000368,1000.000410,1000.000453,1000.000500,1000.000548,1000.000588,1000.000608,1000.000591,1000.000534,1000.000456,1000.000369,1000.000285,1000.000196,0.000000,0.000000,0.000000,0.000000,0.000000,0.000000,0.000000,0.000000,0.000000,0.000000,0.000000
0.000000,0.000000,0.000000,0.000000,0.000000,0.000000,0.000000,0.000000,0.000000,0.000000,1000.000169,1000.000265,1000.000348,1000.000434,1000.000515,1000.000580,1000.000608,1000.000592,1000.000552,1000.000504,1000.000456,1000.000411,1000.000368,1000.000325,1000.000283,1000.000244,1000.000206,1000.000169,1000.000134,1000.000101,1000.000069,1000.000038,1000.000009,999.999981,999.999955,999.999931,999.999907,999.999886,999.999866,999.999847,999.999830,999.999815,999.999800,999.999788,999.999777,999.999767,999.999759,999.999752,999.999747,999.999744,999.999741,999.999741,999.999741,999.999744,999.999747,999.999752,999.999759,999.999767,999.999777,999.999788,999.999800,999.999815,999.999830,999.999847,999.999866,999.999886,999.999907,999.999931,999.999955,999.999981,1000.000009,1000.000038,1000.000069,1000.000101,1000.000134,1000.000169,1000.000206,1000.000244,1000.000283,1000.000325,1000.000368,1000.000411,1000.000456,1000.000504,1000.000552,1000.000592,1000.000608,1000.000580,1000.000515,1000.000434,1000.000348,1000.000265,1000.000169,0.000000,0.000000,0.000000,0.000000,0.000000,0.000000,0.000000,0.000000,0.000000,0.000000
0.000000,0.000000,0.000000,0.000000,0.000000,0.000000,0.000000,0.000000,0.000000,1000.000140,1000.000238,1000.000326,1000.000412,1000.000496,1000.000565,1000.000606,1000.000601,1000.000562,1000.000511,1000.000461,1000.000415,1000.000371,1000.000326,1000.000283,1000.000243,1000.000203,1000.000165,1000.000128,1000.000093,1000.000060,1000.000028,999.999997,999.999968,999.999940,999.999914,999.999890,999.999867,999.999845,999.999825,999.999806,999.999789,999.999774,999.999759,999.999747,999.999736,999.999726,999.999718,999.999711,999.999706,999.999702,999.999700,999.999700,999.999700,999.999702,999.999706,999.999711,999.999718,999.999726,999.999736,999.999747,999.999759,999.999774,999.999789,999.999806,999.999825,999.999845,999.999867,999.999890,999.999914,999.999940,999.999968,999.999997,1000.000028,1000.000060,1000.000093,1000.000128,1000.000165,1000.000203,1000.000243,1000.000283,1000.000326,1000.000371,1000.000415,1000.000461,1000.000511,1000.000562,1000.000601,1000.000606,1000.000565,1000.000496,1000.000412,1000.000326,1000.000238,1000.000140,0.000000,0.000000,0.000000,0.000000,0.000000,0.000000,0.000000,0.000000,0.000000
0.000000,0.000000,0.000000,0.000000,0.000000,0.000000,0.000000,0.000000,0.000000,1000.000204,1000.000297,1000.000386,1000.000475,1000.000551,1000.000600,1000.000607,1000.000576,1000.000525,1000.000471,1000.000423,1000.000377,1000.000331,1000.000286,1000.000244,1000.000203,1000.000164,1000.000125,1000.000089,1000.000054,1000.000020,999.999988,999.999958,999.999929,999.999901,999.999875,999.999850,999.999827,999.999806,999.999785,999.999767,999.999750,999.999734,999.999720,999.999707,999.999696,999.999687,999.999678,999.999672,999.999667,999.999663,999.999661,999.999660,999.999661,999.999663,999.999667,999.999672,999.999678,999.999687,999.999696,999.999707,999.999720,999.999734,999.999750,999.999767,999.999785,999.999806,999.999827,999.999850,999.999875,999.999901,999.999929,999.999958,999.999988,1000.000020,1000.000054,1000.000089,1000.000125,1000.000164,1000.000203,1000.000244,1000.000286,1000.000331,1000.000377,1000.000423,1000.000471,1000.000525,1000.000576,1000.000607,1000.000600,1000.000551,1000.000475,1000.000386,1000.000297,1000.000204,0.000000,0.000000,0.000000,0.000000,0.000000,0.000000,0.000000,0.000000,0.000000
0.000000,0.000000,0.000000,0.000000,0.000000,0.000000,0.000000,0.000000,1000.000163,1000.000264,1000.000354,1000.000446,1000.000531,1000.000591,1000.000608,1000.000585,1000.000539,1000.000485,1000.000434,1000.000386,1000.000338,1000.000292,1000.000249,1000.000206,1000.000165,1000.000125,1000.000087,1000.000051,1000.000016,999.999982,999.999950,999.999920,999.999891,999.999863,999.999837,999.999812,999.999789,999.999768,999.999747,999.999729,999.999712,999.999696,999.999682,999.999669,999.999658,999.999649,999.999640,999.999634,999.999629,999.999625,999.999623,999.999622,999.999623,999.999625,999.999629,999.999634,999.999640,999.999649,999.999658,999.999669,999.999682,999.999696,999.999712,999.999729,999.999747,999.999768,999.999789,999.999812,999.999837,999.999863,999.999891,999.999920,999.999950,999.999982,1000.000016,1000.000051,1000.000087,1000.000125,1000.000165,1000.000206,1000.000249,1000.000292,1000.000338,1000.000386,1000.000434,1000.000485,1000.000539,1000.000585,1000.000608,1000.000591,1000.000531,1000.000446,1000.000354,1000.000264,1000.000163,0.000000,0.000000,0.000000,0.000000,0.000000,0.000000,0.000000,0.000000
0.000000,0.000000,0.000000,0.000000,0.000000,0.000000,0.000000,0.000000,1000.000221,1000.000316,1000.000409,1000.000501,1000.000575,1000.000607,1000.000593,1000.000551,1000.000499,1000.000447,1000.000397,1000.000349,1000.000301,1000.000256,1000.000212,1000.000169,1000.000128,1000.000089,1000.000051,1000.000014,999.999979,999.999946,999.999914,999.999883,999.999854,999.999826,999.999800,999.999776,999.999753,999.999731,999.999711,999.999692,999.999675,999.999660,999.999645,999.999633,999.999622,999.999612,999.999604,999.999597,999.999592,999.999588,999.999586,999.999585,999.999586,999.999588,999.999592,999.999597,999.999604,999.999612,999.999622,999.999633,999.999645,999.999660,999.999675,999.999692,999.999711,999.999731,999.999753,999.999776,999.999800,999.999826,999.999854,999.999883,999.999914,999.999946,999.999979,1000.000014,1000.000051,1000.000089,1000.000128,1000.000169,1000.000212,1000.000256,1000.000301,1000.000349,1000.000397,1000.000447,1000.000499,1000.000551,1000.000593,1000.000607,1000.000575,1000.000501,1000.000409,1000.000316,1000.000221,0.000000,0.000000,0.000000,0.000000,0.000000,0.000000,0.000000,0.000000
0.000000,0.000000,0.000000,0.000000,0.000000,0.000000,0.000000,1000.000172,1000.000275,1000.000368,1000.000462,1000.000547,1000.000601,1000.000604,1000.000566,1000.000514,1000.000461,1000.000411,1000.000362,1000.000313,1000.000266,1000.000221,1000.000177,1000.000134,1000.000093,1000.000054,1000.000016,999.999979,999.999944,999.999911,999.999879,999.999848,999.999819,999.999791,999.999765,999.999741,999.999718,999.999696,999.999676,999.999657,999.999640,999.999625,999.999610,999.999598,999.999587,999.999577,999.999569,999.999562,999.999557,999.999553,999.999551,999.999550,999.999551,999.999553,999.999557,999.999562,999.999569,999.999577,999.999587,999.999598,999.999610,999.999625,999.999640,999.999657,999.999676,999.999696,999.999718,999.999741,999.999765,999.999791,999.999819,999.999848,999.999879,999.999911,999.999944,999.999979,1000.000016,1000.000054,1000.000093,1000.000134,1000.000177,1000.000221,1000.000266,1000.000313,1000.000362,1000.000411,1000.000461,1000.000514,1000.000566,1000.000604,1000.000601,1000.000547,1000.000462,1000.000368,1000.000275,1000.000172,0.000000,0.000000,0.000000,0.000000,0.000000,0.000000,0.000000
0.000000,0.000000,0.000000,0.000000,0.000000,0.000000,0.000000,1000.000226,1000.000323,1000.000418,1000.000510,1000.000582,1000.000609,1000.000586,1000.000536,1000.000480,1000.000428,1000.000378,1000.000328,1000.000279,1000.000233,1000.000187,1000.000143,1000.000101,1000.000060,1000.000020,999.999982,999.999946,999.999911,999.999877,999.999845,999.999815,999.999785,999.999758,999.999732,999.999707,999.999684,999.999662,999.999642,999.999624,999.999607,999.999591,999.999577,999.999564,999.999553,999.999543,999.999535,999.999529,999.999523,999.999520,999.999517,999.999517,999.999517,999.999520,999.999523,999.999529,999.999535,999.999543,999.999553,999.999564,999.999577,999.999591,999.999607,999.999624,999.999642,999.999662,999.999684,999.999707,999.999732,999.999758,999.999785,999.999815,999.999845,999.999877,999.999911,999.999946,999.999982,1000.000020,1000.000060,1000.000101,1000.000143,1000.000187,1000.000233,1000.000279,1000.000328,1000.000378,1000.000428,1000.000480,1000.000536,1000.000586,1000.000609,1000.000582,1000.000510,1000.000418,1000.000323,1000.000226,0.000000,0.000000,0.000000,0.000000,0.000000,0.000000,0.000000
0.000000,0.000000,0.000000,0.000000,0.000000,0.000000,1000.000173,1000.000277,1000.000371,1000.000466,1000.000551,1000.000604,1000.000603,1000.000561,1000.000504,1000.000449,1000.000397,1000.000345,1000.000295,1000.000247,1000.000201,1000.000155,1000.000111,1000.000069,1000.000028,999.999988,999.999950,999.999914,999.999879,999.999845,999.999813,999.999782,999.999753,999.999726,999.999700,999.999675,999.999652,999.999630,999.999610,999.999592,999.999575,999.999559,999.999545,999.999532,999.999521,999.999511,999.999503,999.999496,999.999491,999.999488,999.999485,999.999485,999.999485,999.999488,999.999491,999.999496,999.999503,999.999511,999.999521,999.999532,999.999545,999.999559,999.999575,999.999592,999.999610,999.999630,999.999652,999.999675,999.999700,999.999726,999.999753,999.999782,999.999813,999.999845,999.999879,999.999914,999.999950,999.999988,1000.000028,1000.000069,1000.000111,1000.000155,1000.000201,1000.000247,1000.000295,1000.000345,1000.000397,1000.000449,1000.000504,1000.000561,1000.000603,1000.000604,1000.000551,1000.000466,1000.000371,1000.000277,1000.000173,0.000000,0.000000,0.000000,0.000000,0.000000,0.000000
0.000000,0.000000,0.000000,0.000000,0.000000,0.000000,1000.000222,1000.000322,1000.000418,1000.000511,1000.000584,1000.000610,1000.000585,1000.000531,1000.000473,1000.000419,1000.000366,1000.000315,1000.000265,1000.000217,1000.000170,1000.000124,1000.000081,1000.000038,999.999997,999.999958,999.999920,999.999883,999.999848,999.999815,999.999782,999.999752,999.999723,999.999695,999.999669,999.999645,999.999622,999.999600,999.999580,999.999561,999.999544,999.999528,999.999514,999.999502,999.999490,999.999481,999.999473,999.999466,999.999461,999.999457,999.999455,999.999454,999.999455,999.999457,999.999461,999.999466,999.999473,999.999481,999.999490,999.999502,999.999514,999.999528,999.999544,999.999561,999.999580,999.999600,999.999622,999.999645,999.999669,999.999695,999.999723,999.999752,999.999782,999.999815,999.999848,999.999883,999.999920,999.999958,999.999997,1000.000038,1000.000081,1000.000124,1000.000170,1000.000217,1000.000265,1000.000315,1000.000366,1000.000419,1000.000473,1000.000531,1000.000585,1000.000610,1000.000584,1000.000511,1000.000418,1000.000322,1000.000222,0.000000,0.000000,0.000000,0.000000,0.000000,0.000000
0.000000,0.000000,0.000000,0.000000,0.000000,1000.000165,1000.000271,1000.000367,1000.000464,1000.000550,1000.000604,1000.000603,1000.000560,1000.000501,1000.000444,1000.000390,1000.000337,1000.000286,1000.000236,1000.000188,1000.000141,1000.000095,1000.000051,1000.000009,999.999968,999.999929,999.999891,999.999854,999.999819,999.999785,999.999753,999.999723,999.999694,999.999666,999.999640,999.999616,999.999592,999.999571,999.999551,999.999532,999.999515,999.999499,999.999485,999.999473,999.999461,999.999452,999.999444,999.999437,999.999432,999.999428,999.999426,999.999425,999.999426,999.999428,999.999432,999.999437,999.999444,999.999452,999.999461,999.999473,999.999485,999.999499,999.999515,999.999532,999.999551,999.999571,999.999592,999.999616,999.999640,999.999666,999.999694,999.999723,999.999753,999.999785,999.999819,999.999854,999.999891,999.999929,999.999968,1000.000009,1000.000051,1000.000095,1000.000141,1000.000188,1000.000236,1000.000286,1000.000337,1000.000390,1000.000444,1000.000501,1000.000560,1000.000603,1000.000604,1000.000550,1000.000464,1000.000367,1000.000271,1000.000165,0.000000,0.000000,0.000000,0.000000,0.000000
0.000000,0.000000,0.000000,0.000000,0.000000,1000.000209,1000.000311,1000.000410,1000.000506,1000.000581,1000.000610,1000.000585,1000.000532,1000.000472,1000.000417,1000.000363,1000.000309,1000.000258,1000.000208,1000.000160,1000.000113,1000.000068,1000.000024,999.999981,999.999940,999.999901,999.999863,999.999826,999.999791,999.999758,999.999726,999.999695,999.999666,999.999639,999.999613,999.999588,999.999565,999.999543,999.999523,999.999505,999.999487,999.999472,999.999458,999.999445,999.999434,999.999424,999.999416,999.999409,999.999404,999.999400,999.999398,999.999397,999.999398,999.999400,999.999404,999.999409,999.999416,999.999424,999.999434,999.999445,999.999458,999.999472,999.999487,999.999505,999.999523,999.999543,999.999565,999.999588,999.999613,999.999639,999.999666,999.999695,999.999726,999.999758,999.999791,999.999826,999.999863,999.999901,999.999940,999.999981,1000.000024,1000.000068,1000.000113,1000.000160,1000.000208,1000.000258,1000.000309,1000.000363,1000.000417,1000.000472,1000.000532,1000.000585,1000.000610,1000.000581,1000.000506,1000.000410,1000.000311,1000.000209,0.000000,0.000000,0.000000,0.000000,0.000000
0.000000,0.000000,0.000000,0.000000,1000.000144,1000.000252,1000.000351,1000.000451,1000.000542,1000.000601,1000.000604,1000.000561,1000.000503,1000.000446,1000.000391,1000.000336,1000.000283,1000.000232,1000.000182,1000.000134,1000.000087,1000.000042,999.999998,999.999955,999.999914,999.999875,999.999837,999.999800,999.999765,999.999732,999.999700,999.999669,999.999640,999.999613,999.999586,999.999562,999.999539,999.999517,999.999497,999.999478,999.999461,999.999446,999.999432,999.999419,999.999408,999.999398,999.999390,999.999383,999.999378,999.999374,999.999372,999.999371,999.999372,999.999374,999.999378,999.999383,999.999390,999.999398,999.999408,999.999419,999.999432,999.999446,999.999461,999.999478,999.999497,999.999517,999.999539,999.999562,999.999586,999.999613,999.999640,999.999669,999.999700,999.999732,999.999765,999.999800,999.999837,999.999875,999.999914,999.999955,999.999998,1000.000042,1000.000087,1000.000134,1000.000182,1000.000232,1000.000283,1000.000336,1000.000391,1000.000446,1000.000503,1000.000561,1000.000604,1000.000601,1000.000542,1000.000451,1000.000351,1000.000252,1000.000144,0.000000,0.000000,0.000000,0.000000
0.000000,0.000000,0.000000,0.000000,1000.000184,1000.000287,1000.000387,1000.000487,1000.000571,1000.000608,1000.000589,1000.000536,1000.000477,1000.000421,1000.000366,1000.000311,1000.000259,1000.000207,1000.000157,1000.000109,1000.000062,1000.000017,999.999973,999.999931,999.999890,999.999850,999.999812,999.999776,999.999741,999.999707,999.999675,999.999645,999.999616,999.999588,999.999562,999.999537,999.999514,999.999493,999.999472,999.999454,999.999437,999.999421,999.999407,999.999394,999.999383,999.999373,999.999365,999.999359,999.999353,999.999350,999.999347,999.999347,999.999347,999.999350,999.999353,999.999359,999.999365,999.999373,999.999383,999.999394,999.999407,999.999421,999.999437,999.999454,999.999472,999.999493,999.999514,999.999537,999.999562,999.999588,999.999616,999.999645,999.999675,999.999707,999.999741,999.999776,999.999812,999.999850,999.999890,999.999931,999.999973,1000.000017,1000.000062,1000.000109,1000.000157,1000.000207,1000.000259,1000.000311,1000.000366,1000.000421,1000.000477,1000.000536,1000.000589,1000.000608,1000.000571,1000.000487,1000.000387,1000.000287,1000.000184,0.000000,0.000000,0.000000,0.000000
