0.000000,0.000000,0.000000,0.000000,0.000000,0.000000,0.000000,0.000000,0.000000,0.000000,0.000000,0.000000,0.000000,0.000000,0.000000,0.000000,0.000000,0.000000,0.000000,0.000000,0.000000,0.000000,0.000000,0.000000,0.000000,0.000000,0.000000,0.000000,0.000000,0.000000,0.000000,0.000000,0.000000,0.000000,0.000000,0.000000,0.000000,0.000000,0.000000,0.000000,0.000000,0.000000,0.000000,0.000000,0.000000,0.000000,0.000000,0.000000,0.000000,0.000000,0.000000,0.000000,0.000000,0.000000,0.000000,0.000000,0.000000,0.000000,0.000000,0.000000,0.000000,0.000000,0.000000,0.000000,0.000000,0.000000,0.000000,0.000000,0.000000,0.000000,0.000000,0.000000,0.000000,0.000000,0.000000,0.000000,0.000000,0.000000,0.000000,0.000000,0.000000,0.000000,0.000000,0.000000,0.000000,0.000000,0.000000,0.000000,0.000000,0.000000,0.000000,0.000000,0.000000,0.000000,0.000000,0.000000,0.000000,0.000000,0.000000,0.000000,0.000000,0.000000,0.000000
0.000000,0.000000,0.000000,0.000000,0.000000,0.000000,0.000000,0.000000,0.000000,0.000000,0.000000,0.000000,0.000000,0.000000,0.000000,0.000000,0.000000,0.000000,0.000000,0.000000,0.000000,0.000000,0.000000,0.000000,0.000000,0.000000,0.000000,0.000000,0.000000,0.000000,0.000000,0.000000,0.000000,0.000000,0.000000,0.000000,0.000000,0.000000,0.000000,0.000000,0.000000,0.000000,0.000000,0.000000,0.000000,0.000000,0.000000,0.000000,0.000000,0.000000,0.000000,999.997466,0.000000,0.000000,0.000000,0.000000,0.000000,0.000000,0.000000,0.000000,0.000000,0.000000,0.000000,0.000000,0.000000,0.000000,0.000000,0.000000,0.000000,0.000000,0.000000,0.000000,0.000000,0.000000,0.000000,0.000000,0.000000,0.000000,0.000000,0.000000,0.000000,0.000000,0.000000,0.000000,0.000000,0.000000,0.000000,0.000000,0.000000,0.000000,0.000000,0.000000,0.000000,0.000000,0.000000,0.000000,0.000000,0.000000,0.000000,0.000000,0.000000,0.000000,0.000000
0.000000,0.000000,0.000000,0.000000,0.000000,0.000000,0.000000,0.000000,0.000000,0.000000,0.000000,0.000000,0.000000,0.000000,0.000000,0.000000,0.000000,0.000000,0.000000,0.000000,0.000000,0.000000,0.000000,0.000000,0.000000,0.000000,0.000000,0.000000,0.000000,0.000000,0.000000,0.000000,0.000000,0.000000,0.000000,0.000000,0.000000,0.000000,0.000000,0.000000,0.000000,0.000000,999.995292,999.993476,999.993589,999.994069,999.994573,999.995143,999.995657,999.996507,999.997177,999.997352,999.997578,999.998208,999.998851,999.999326,999.999810,999.999967,1000.000412,1000.000345,999.999249,0.000000,0.000000,0.000000,0.000000,0.000000,0.000000,0.000000,0.000000,0.000000,0.000000,0.000000,0.000000,0.000000,0.000000,0.000000,0.000000,0.000000,0.000000,0.000000,0.000000,0.000000,0.000000,0.000000,0.000000,0.000000,0.000000,0.000000,0.000000,0.000000,0.000000,0.000000,0.000000,0.000000,0.000000,0.000000,0.000000,0.000000,0.000000,0.000000,0.000000,0.000000,0.000000
0.000000,0.000000,0.000000,0.000000,0.000000,0.000000,0.000000,0.000000,0.000000,0.000000,0.000000,0.000000,0.000000,0.000000,0.000000,0.000000,0.000000,0.000000,0.000000,0.000000,0.000000,0.000000,0.000000,0.000000,0.000000,0.000000,0.000000,0.000000,0.000000,0.000000,0.000000,0.000000,0.000000,0.000000,0.000000,0.000000,0.000000,999.991969,999.990166,999.990227,999.991243,999.992642,999.994691,999.994298,999.994044,999.994240,999.994702,999.995288,999.995779,999.996374,999.997099,999.997363,999.997441,999.998288,999.998730,999.999072,999.999478,999.999792,999.999894,999.999847,999.999620,1000.000762,1000.001659,1000.002129,1000.002054,1000.001089,0.000000,0.000000,0.000000,0.000000,0.000000,0.000000,0.000000,0.000000,0.000000,0.000000,0.000000,0.000000,0.000000,0.000000,0.000000,0.000000,0.000000,0.000000,0.000000,0.000000,0.000000,0.000000,0.000000,0.000000,0.000000,0.000000,0.000000,0.000000,0.000000,0.000000,0.000000,0.000000,0.000000,0.000000,0.000000,0.000000,0.000000
0.000000,0.000000,0.000000,0.000000,0.000000,0.000000,0.000000,0.000000,0.000000,0.000000,0.000000,0.000000,0.000000,0.000000,0.000000,0.000000,0.000000,0.000000,0.000000,0.000000,0.000000,0.000000,0.000000,0.000000,0.000000,0.000000,0.000000,0.000000,0.000000,0.000000,0.000000,0.000000,0.000000,0.000000,999.990029,999.988747,999.989589,999.991489,999.991250,999.991134,999.991509,999.992746,999.993566,999.993817,999.994108,999.994394,999.994799,999.995211,999.995785,999.996270,999.996828,999.997251,999.997625,999.998130,999.998650,999.998886,999.999324,999.999649,999.999820,999.999931,1000.000184,1000.000566,1000.001328,1000.001508,1000.001439,1000.001299,1000.002263,1000.002531,1000.002037,0.000000,0.000000,0.000000,0.000000,0.000000,0.000000,0.000000,0.000000,0.000000,0.000000,0.000000,0.000000,0.000000,0.000000,0.000000,0.000000,0.000000,0.000000,0.000000,0.000000,0.000000,0.000000,0.000000,0.000000,0.000000,0.000000,0.000000,0.000000,0.000000,0.000000,0.000000,0.000000,0.000000,0.000000
0.000000,0.000000,0.000000,0.000000,0.000000,0.000000,0.000000,0.000000,0.000000,0.000000,0.000000,0.000000,0.000000,0.000000,0.000000,0.000000,0.000000,0.000000,0.000000,0.000000,0.000000,0.000000,0.000000,0.000000,0.000000,0.000000,0.000000,0.000000,0.000000,0.000000,0.000000,0.000000,999.989300,999.988099,999.989745,999.989673,999.990256,999.990700,999.991091,999.991420,999.991849,999.992526,999.993048,999.993664,999.994053,999.994499,999.994856,999.995265,999.995792,999.996213,999.996706,999.997203,999.997698,999.997950,999.998451,999.998893,999.999217,999.999513,999.999812,1000.000005,1000.000287,1000.000701,1000.000995,1000.001303,1000.001528,1000.001713,1000.001824,1000.002143,1000.002115,1000.002702,1000.002268,0.000000,0.000000,0.000000,0.000000,0.000000,0.000000,0.000000,0.000000,0.000000,0.000000,0.000000,0.000000,0.000000,0.000000,0.000000,0.000000,0.000000,0.000000,0.000000,0.000000,0.000000,0.000000,0.000000,0.000000,0.000000,0.000000,0.000000,0.000000,0.000000,0.000000,0.000000,0.000000
0.000000,0.000000,0.000000,0.000000,0.000000,0.000000,0.000000,0.000000,0.000000,0.000000,0.000000,0.000000,0.000000,0.000000,0.000000,0.000000,0.000000,0.000000,0.000000,0.000000,0.000000,0.000000,0.000000,0.000000,0.000000,0.000000,0.000000,0.000000,0.000000,0.000000,999.987817,999.986759,999.988687,999.989210,999.989474,999.989627,999.990078,999.990442,999.991076,999.991450,999.991990,999.992526,999.993047,999.993506,999.993954,999.994412,999.994882,999.995370,999.995924,999.996241,999.996695,999.997198,999.997680,999.998030,999.998440,999.998898,999.999142,999.999454,999.999789,1000.000152,1000.000389,1000.000750,1000.001008,1000.001188,1000.001411,1000.001755,1000.001893,1000.002157,1000.002140,1000.002267,1000.002432,1000.003162,1000.002812,0.000000,0.000000,0.000000,0.000000,0.000000,0.000000,0.000000,0.000000,0.000000,0.000000,0.000000,0.000000,0.000000,0.000000,0.000000,0.000000,0.000000,0.000000,0.000000,0.000000,0.000000,0.000000,0.000000,0.000000,0.000000,0.000000,0.000000,0.000000,0.000000,0.000000
0.000000,0.000000,0.000000,0.000000,0.000000,0.000000,0.000000,0.000000,0.000000,0.000000,0.000000,0.000000,0.000000,0.000000,0.000000,0.000000,0.000000,0.000000,0.000000,0.000000,0.000000,0.000000,0.000000,0.000000,0.000000,0.000000,0.000000,0.000000,999.986435,999.985430,999.987362,999.988023,999.988403,999.988835,999.989159,999.989624,999.990064,999.990553,999.990928,999.991429,999.991904,999.992424,999.992915,999.993425,999.993946,999.994348,999.994861,999.995278,999.995752,999.996245,999.996692,999.997134,999.997678,999.998015,999.998405,999.998793,999.999205,999.999464,999.999751,1000.000090,1000.000439,1000.000665,1000.001053,1000.001280,1000.001396,1000.001590,1000.001815,1000.002002,1000.002246,1000.002400,1000.002602,1000.002702,1000.002928,1000.003540,1000.003221,0.000000,0.000000,0.000000,0.000000,0.000000,0.000000,0.000000,0.000000,0.000000,0.000000,0.000000,0.000000,0.000000,0.000000,0.000000,0.000000,0.000000,0.000000,0.000000,0.000000,0.000000,0.000000,0.000000,0.000000,0.000000,0.000000,0.000000,0.000000
0.000000,0.000000,0.000000,0.000000,0.000000,0.000000,0.000000,0.000000,0.000000,0.000000,0.000000,0.000000,0.000000,0.000000,0.000000,0.000000,0.000000,0.000000,0.000000,0.000000,0.000000,0.000000,0.000000,0.000000,0.000000,0.000000,999.985187,999.984393,999.986063,999.986745,999.987220,999.987643,999.988046,999.988626,999.989017,999.989530,999.989986,999.990458,999.990796,999.991373,999.991892,999.992353,999.992836,999.993431,999.993915,999.994451,999.994882,999.995352,999.995750,999.996352,999.996792,999.997246,999.997641,999.998026,999.998384,999.998826,999.999214,999.999586,999.999863,1000.000135,1000.000450,1000.000703,1000.000893,1000.001337,1000.001494,1000.001740,1000.001882,1000.001998,1000.002260,1000.002445,1000.002664,1000.002778,1000.002932,1000.003139,1000.003332,1000.003804,1000.003679,0.000000,0.000000,0.000000,0.000000,0.000000,0.000000,0.000000,0.000000,0.000000,0.000000,0.000000,0.000000,0.000000,0.000000,0.000000,0.000000,0.000000,0.000000,0.000000,0.000000,0.000000,0.000000,0.000000,0.000000,0.000000,0.000000
0.000000,0.000000,0.000000,0.000000,0.000000,0.000000,0.000000,0.000000,0.000000,0.000000,0.000000,0.000000,0.000000,0.000000,0.000000,0.000000,0.000000,0.000000,0.000000,0.000000,0.000000,0.000000,0.000000,0.000000,999.984337,999.983571,999.985002,999.985540,999.986002,999.986451,999.986838,999.987487,999.987978,999.988431,999.988887,999.989411,999.989870,999.990297,999.990825,999.991356,999.991923,999.992308,999.992890,999.993374,999.993945,999.994377,999.994901,999.995409,999.995900,999.996395,999.996764,999.997162,999.997617,999.998163,999.998528,999.998878,999.999143,999.999622,999.999939,1000.000217,1000.000521,1000.000813,1000.000948,1000.001259,1000.001494,1000.001746,1000.001999,1000.002205,1000.002294,1000.002424,1000.002563,1000.002815,1000.003001,1000.003167,1000.003371,1000.003482,1000.003596,1000.004072,1000.003798,0.000000,0.000000,0.000000,0.000000,0.000000,0.000000,0.000000,0.000000,0.000000,0.000000,0.000000,0.000000,0.000000,0.000000,0.000000,0.000000,0.000000,0.000000,0.000000,0.000000,0.000000,0.000000,0.000000,0.000000
0.000000,0.000000,0.000000,0.000000,0.000000,0.000000,0.000000,0.000000,0.000000,0.000000,0.000000,0.000000,0.000000,0.000000,0.000000,0.000000,0.000000,0.000000,0.000000,0.000000,0.000000,0.000000,0.000000,999.984472,999.984293,999.984657,999.985010,999.985416,999.985805,999.986409,999.986892,999.987446,999.987845,999.988331,999.988832,999.989352,999.989771,999.990260,999.990877,999.991320,999.991772,999.992334,999.992914,999.993404,999.993888,999.994342,999.994869,999.995441,999.995879,999.996418,999.996823,999.997328,999.997689,999.998196,999.998657,999.998910,999.999286,999.999661,999.999945,1000.000258,1000.000547,1000.000829,1000.001178,1000.001321,1000.001581,1000.001690,1000.001977,1000.002165,1000.002381,1000.002580,1000.002713,1000.002876,1000.003018,1000.003072,1000.003272,1000.003476,1000.003496,1000.003675,1000.003815,1000.003729,0.000000,0.000000,0.000000,0.000000,0.000000,0.000000,0.000000,0.000000,0.000000,0.000000,0.000000,0.000000,0.000000,0.000000,0.000000,0.000000,0.000000,0.000000,0.000000,0.000000,0.000000,0.000000,0.000000
0.000000,0.000000,0.000000,0.000000,0.000000,0.000000,0.000000,0.000000,0.000000,0.000000,0.000000,0.000000,0.000000,0.000000,0.000000,0.000000,0.000000,0.000000,0.000000,0.000000,0.000000,999.982987,999.982680,999.984042,999.984474,999.984689,999.984964,999.985459,999.985893,999.986375,999.986833,999.987219,999.987701,999.988244,999.988735,999.989170,999.989656,999.990213,999.990694,999.991167,999.991739,999.992312,999.992895,999.993364,999.993879,999.994482,999.994968,999.995478,999.995896,999.996453,999.996954,999.997491,999.997843,999.998236,999.998641,999.999050,999.999459,999.999780,1000.000110,1000.000389,1000.000659,1000.000999,1000.001213,1000.001444,1000.001689,1000.001859,1000.002009,1000.002164,1000.002383,1000.002612,1000.002778,1000.002879,1000.003103,1000.003195,1000.003319,1000.003485,1000.003554,1000.003555,1000.003685,1000.003836,1000.004199,1000.004118,0.000000,0.000000,0.000000,0.000000,0.000000,0.000000,0.000000,0.000000,0.000000,0.000000,0.000000,0.000000,0.000000,0.000000,0.000000,0.000000,0.000000,0.000000,0.000000,0.000000,0.000000
0.000000,0.000000,0.000000,0.000000,0.000000,0.000000,0.000000,0.000000,0.000000,0.000000,0.000000,0.000000,0.000000,0.000000,0.000000,0.000000,0.000000,0.000000,0.000000,0.000000,999.983181,999.983214,999.983502,999.983953,999.984200,999.984660,999.985074,999.985427,999.985834,999.986207,999.986656,999.987102,999.987680,999.988148,999.988624,999.989062,999.989626,999.990220,999.990670,999.991264,999.991756,999.992291,999.992831,999.993426,999.993916,999.994501,999.995062,999.995586,999.996106,999.996533,999.996994,999.997473,999.998021,999.998389,999.998761,999.999196,999.999515,999.999805,1000.000192,1000.000551,1000.000776,1000.001065,1000.001252,1000.001506,1000.001746,1000.002054,1000.002197,1000.002366,1000.002464,1000.002611,1000.002802,1000.002901,1000.003086,1000.003250,1000.003310,1000.003491,1000.003558,1000.003624,1000.003680,1000.003833,1000.003938,1000.003980,1000.004083,0.000000,0.000000,0.000000,0.000000,0.000000,0.000000,0.000000,0.000000,0.000000,0.000000,0.000000,0.000000,0.000000,0.000000,0.000000,0.000000,0.000000,0.000000,0.000000,0.000000
0.000000,0.000000,0.000000,0.000000,0.000000,0.000000,0.000000,0.000000,0.000000,0.000000,0.000000,0.000000,0.000000,0.000000,0.000000,0.000000,0.000000,0.000000,0.000000,999.983001,999.983210,999.983400,999.983688,999.983905,999.984358,999.984714,999.984967,999.985400,999.985736,999.986207,999.986617,999.987161,999.987531,999.987966,999.988502,999.988993,999.989545,999.990029,999.990578,999.991187,999.991720,999.992318,999.992844,999.993457,999.993985,999.994579,999.995101,999.995646,999.996186,999.996654,999.997160,999.997645,999.998100,999.998445,999.998950,999.999316,999.999714,1000.000031,1000.000300,1000.000707,1000.000925,1000.001135,1000.001479,1000.001677,1000.001858,1000.002044,1000.002317,1000.002490,1000.002604,1000.002679,1000.002888,1000.003066,1000.003106,1000.003284,1000.003263,1000.003442,1000.003630,1000.003673,1000.003739,1000.003797,1000.003923,1000.003888,1000.003977,1000.004032,0.000000,0.000000,0.000000,0.000000,0.000000,0.000000,0.000000,0.000000,0.000000,0.000000,0.000000,0.000000,0.000000,0.000000,0.000000,0.000000,0.000000,0.000000,0.000000
0.000000,0.000000,0.000000,0.000000,0.000000,0.000000,0.000000,0.000000,0.000000,0.000000,0.000000,0.000000,0.000000,0.000000,0.000000,0.000000,0.000000,0.000000,999.982611,999.982970,999.983268,999.983442,999.983752,999.984039,999.984324,999.984590,999.984935,999.985357,999.985673,999.986160,999.986604,999.986972,999.987386,999.987898,999.988392,999.988958,999.989478,999.989946,999.990505,999.991102,999.991705,999.992286,999.992851,999.993436,999.994134,999.994666,999.995240,999.995698,999.996316,999.996824,999.997415,999.997858,999.998260,999.998693,999.999091,999.999485,999.999894,1000.000266,1000.000522,1000.000800,1000.001131,1000.001327,1000.001638,1000.001842,1000.002008,1000.002128,1000.002321,1000.002466,1000.002738,1000.002790,1000.002912,1000.003122,1000.003180,1000.003298,1000.003492,1000.003404,1000.003602,1000.003629,1000.003712,1000.003786,1000.003936,1000.003899,1000.003902,1000.004052,1000.004166,0.000000,0.000000,0.000000,0.000000,0.000000,0.000000,0.000000,0.000000,0.000000,0.000000,0.000000,0.000000,0.000000,0.000000,0.000000,0.000000,0.000000,0.000000
0.000000,0.000000,0.000000,0.000000,0.000000,0.000000,0.000000,0.000000,0.000000,0.000000,0.000000,0.000000,0.000000,0.000000,0.000000,0.000000,0.000000,999.982522,999.982842,999.983051,999.983202,999.983553,999.983817,999.984002,999.984284,999.984649,999.985000,999.985321,999.985662,999.986042,999.986411,999.986782,999.987331,999.987814,999.988307,999.988833,999.989356,999.989966,999.990515,999.991133,999.991738,999.992344,999.992949,999.993544,999.994112,999.994715,999.995334,999.995890,999.996499,999.997010,999.997505,999.997949,999.998475,999.998973,999.999355,999.999780,1000.000038,1000.000419,1000.000707,1000.001035,1000.001316,1000.001604,1000.001720,1000.002015,1000.002181,1000.002387,1000.002487,1000.002657,1000.002867,1000.002967,1000.003052,1000.003081,1000.003270,1000.003282,1000.003470,1000.003548,1000.003570,1000.003697,1000.003718,1000.003743,1000.003903,1000.003978,1000.003934,1000.003978,1000.004085,1000.004074,0.000000,0.000000,0.000000,0.000000,0.000000,0.000000,0.000000,0.000000,0.000000,0.000000,0.000000,0.000000,0.000000,0.000000,0.000000,0.000000,0.000000
0.000000,0.000000,0.000000,0.000000,0.000000,0.000000,0.000000,0.000000,0.000000,0.000000,0.000000,0.000000,0.000000,0.000000,0.000000,0.000000,999.982345,999.982698,999.982923,999.983058,999.983394,999.983668,999.983812,999.984033,999.984375,999.984625,999.984927,999.985233,999.985517,999.985962,999.986312,999.986738,999.987218,999.987716,999.988164,999.988654,999.989258,999.989794,999.990465,999.990990,999.991655,999.992318,999.992965,999.993631,999.994224,999.994842,999.995475,999.996064,999.996675,999.997209,999.997735,999.998188,999.998674,999.999176,999.999519,999.999997,1000.000297,1000.000619,1000.000950,1000.001246,1000.001431,1000.001801,1000.001948,1000.002129,1000.002372,1000.002540,1000.002700,1000.002801,1000.002919,1000.003085,1000.003169,1000.003263,1000.003385,1000.003444,1000.003447,1000.003549,1000.003631,1000.003698,1000.003799,1000.003780,1000.003753,1000.003934,1000.003988,1000.003952,1000.004027,1000.004064,1000.004272,0.000000,0.000000,0.000000,0.000000,0.000000,0.000000,0.000000,0.000000,0.000000,0.000000,0.000000,0.000000,0.000000,0.000000,0.000000,0.000000
0.000000,0.000000,0.000000,0.000000,0.000000,0.000000,0.000000,0.000000,0.000000,0.000000,0.000000,0.000000,0.000000,0.000000,0.000000,999.982522,999.982698,999.982865,999.983128,999.983256,999.983514,999.983650,999.983851,999.984077,999.984343,999.984518,999.984839,999.985144,999.985459,999.985914,999.986203,999.986595,999.987081,999.987521,999.987980,999.988556,999.989159,999.989723,999.990401,999.991001,999.991653,999.992297,999.993012,999.993701,999.994350,999.995030,999.995683,999.996290,999.996846,999.997400,999.998009,999.998500,999.998971,999.999425,999.999812,1000.000204,1000.000578,1000.000940,1000.001318,1000.001489,1000.001682,1000.001957,1000.002207,1000.002361,1000.002572,1000.002699,1000.002856,1000.002942,1000.003031,1000.003128,1000.003252,1000.003317,1000.003432,1000.003540,1000.003603,1000.003636,1000.003676,1000.003641,1000.003769,1000.003861,1000.003836,1000.003854,1000.003976,1000.003957,1000.004014,1000.004076,1000.004074,1000.003950,0.000000,0.000000,0.000000,0.000000,0.000000,0.000000,0.000000,0.000000,0.000000,0.000000,0.000000,0.000000,0.000000,0.000000,0.000000
0.000000,0.000000,0.000000,0.000000,0.000000,0.000000,0.000000,0.000000,0.000000,0.000000,0.000000,0.000000,0.000000,0.000000,999.982611,999.982842,999.982923,999.983128,999.983187,999.983292,999.983568,999.983668,999.983903,999.984147,999.984333,999.984563,999.984899,999.985058,999.985432,999.985722,999.985988,999.986489,999.986917,999.987329,999.987878,999.988425,999.989009,999.989592,999.990300,999.991023,999.991659,999.992375,999.993080,999.993784,999.994504,999.995202,999.995858,999.996531,999.997100,999.997718,999.998264,999.998824,999.999305,999.999740,1000.000174,1000.000504,1000.000863,1000.001211,1000.001532,1000.001778,1000.002068,1000.002242,1000.002455,1000.002586,1000.002762,1000.002895,1000.003021,1000.003144,1000.003252,1000.003358,1000.003456,1000.003459,1000.003464,1000.003587,1000.003589,1000.003674,1000.003742,1000.003731,1000.003738,1000.003817,1000.003823,1000.003786,1000.003879,1000.003928,1000.003952,1000.004012,1000.004059,1000.004022,1000.004193,0.000000,0.000000,0.000000,0.000000,0.000000,0.000000,0.000000,0.000000,0.000000,0.000000,0.000000,0.000000,0.000000,0.000000
0.000000,0.000000,0.000000,0.000000,0.000000,0.000000,0.000000,0.000000,0.000000,0.000000,0.000000,0.000000,0.000000,999.983001,999.982970,999.983051,999.983058,999.983256,999.983292,999.983592,999.983710,999.983809,999.984031,999.984184,999.984327,999.984509,999.984769,999.984900,999.985272,999.985487,999.985834,999.986335,999.986689,999.987175,999.987718,999.988304,999.988859,999.989517,999.990177,999.990868,999.991648,999.992396,999.993119,999.993922,999.994662,999.995400,999.995987,999.996739,999.997438,999.998047,999.998580,999.999105,999.999594,1000.000103,1000.000534,1000.000874,1000.001261,1000.001527,1000.001773,1000.002065,1000.002333,1000.002507,1000.002738,1000.002877,1000.002981,1000.003146,1000.003273,1000.003380,1000.003386,1000.003481,1000.003559,1000.003663,1000.003621,1000.003672,1000.003746,1000.003702,1000.003784,1000.003850,1000.003828,1000.003848,1000.003885,1000.003834,1000.003895,1000.003877,1000.003871,1000.003873,1000.003958,1000.004007,1000.004009,1000.003865,0.000000,0.000000,0.000000,0.000000,0.000000,0.000000,0.000000,0.000000,0.000000,0.000000,0.000000,0.000000,0.000000
0.000000,0.000000,0.000000,0.000000,0.000000,0.000000,0.000000,0.000000,0.000000,0.000000,0.000000,0.000000,999.983181,999.983210,999.983268,999.983202,999.983394,999.983514,999.983568,999.983710,999.983794,999.983820,999.983987,999.984117,999.984263,999.984463,999.984634,999.984870,999.985167,999.985400,999.985763,999.986110,999.986468,999.986905,999.987432,999.988043,999.988692,999.989392,999.990024,999.990822,999.991615,999.992459,999.993218,999.994022,999.994803,999.995601,999.996371,999.997091,999.997769,999.998360,999.998972,999.999469,999.999975,1000.000393,1000.000862,1000.001271,1000.001656,1000.001947,1000.002140,1000.002459,1000.002683,1000.002794,1000.002977,1000.003178,1000.003219,1000.003399,1000.003448,1000.003494,1000.003632,1000.003628,1000.003673,1000.003756,1000.003785,1000.003743,1000.003833,1000.003851,1000.003762,1000.003829,1000.003813,1000.003826,1000.003878,1000.003863,1000.003859,1000.003960,1000.003902,1000.003879,1000.003878,1000.003890,1000.003894,1000.003914,1000.004009,0.000000,0.000000,0.000000,0.000000,0.000000,0.000000,0.000000,0.000000,0.000000,0.000000,0.000000,0.000000
0.000000,0.000000,0.000000,0.000000,0.000000,0.000000,0.000000,0.000000,0.000000,0.000000,0.000000,999.982987,999.983214,999.983400,999.983442,999.983553,999.983668,999.983650,999.983668,999.983809,999.983820,999.983918,999.984162,999.984196,999.984331,999.984424,999.984588,999.984801,999.984938,999.985148,999.985508,999.985785,999.986151,999.986686,999.987195,999.987756,999.988424,999.989110,999.989930,999.990750,999.991559,999.992459,999.993347,999.994203,999.995019,999.995869,999.996730,999.997427,999.998054,999.998722,999.999413,999.999970,1000.000536,1000.000928,1000.001343,1000.001651,1000.002021,1000.002309,1000.002579,1000.002821,1000.003035,1000.003149,1000.003339,1000.003468,1000.003567,1000.003603,1000.003733,1000.003775,1000.003833,1000.003846,1000.003814,1000.003884,1000.003928,1000.003883,1000.003900,1000.003960,1000.003907,1000.003821,1000.003879,1000.003861,1000.003837,1000.003838,1000.003781,1000.003840,1000.003815,1000.003820,1000.003862,1000.003849,1000.003842,1000.003834,1000.003867,1000.004022,0.000000,0.000000,0.000000,0.000000,0.000000,0.000000,0.000000,0.000000,0.000000,0.000000,0.000000
0.000000,0.000000,0.000000,0.000000,0.000000,0.000000,0.000000,0.000000,0.000000,0.000000,0.000000,999.982680,999.983502,999.983688,999.983752,999.983817,999.983812,999.983851,999.983903,999.984031,999.983987,999.984162,999.984204,999.984112,999.984226,999.984303,999.984461,999.984591,999.984713,999.984974,999.985238,999.985461,999.985915,999.986429,999.986855,999.987469,999.988128,999.988893,999.989781,999.990618,999.991515,999.992403,999.993455,999.994381,999.995302,999.996201,999.997013,999.997791,999.998539,999.999193,999.999834,1000.000350,1000.000890,1000.001394,1000.001799,1000.002120,1000.002461,1000.002762,1000.002989,1000.003215,1000.003389,1000.003537,1000.003660,1000.003819,1000.003892,1000.003914,1000.003958,1000.004054,1000.004082,1000.004096,1000.004036,1000.004040,1000.004054,1000.003999,1000.003897,1000.003987,1000.003995,1000.003956,1000.003936,1000.003871,1000.003868,1000.003868,1000.003808,1000.003853,1000.003822,1000.003749,1000.003822,1000.003772,1000.003756,1000.003859,1000.003845,1000.004047,0.000000,0.000000,0.000000,0.000000,0.000000,0.000000,0.000000,0.000000,0.000000,0.000000,0.000000
0.000000,0.000000,0.000000,0.000000,0.000000,0.000000,0.000000,0.000000,0.000000,0.000000,999.984472,999.984042,999.983953,999.983905,999.984039,999.984002,999.984033,999.984077,999.984147,999.984184,999.984117,999.984196,999.984112,999.984154,999.984343,999.984337,999.984407,999.984421,999.984502,999.984711,999.984881,999.985172,999.985529,999.985921,999.986426,999.987105,999.987810,999.988647,999.989488,999.990461,999.991504,999.992531,999.993521,999.994544,999.995592,999.996506,999.997402,999.998262,999.999110,999.999817,1000.000433,1000.000976,1000.001434,1000.001878,1000.002298,1000.002685,1000.002986,1000.003263,1000.003473,1000.003620,1000.003819,1000.003987,1000.004009,1000.004114,1000.004223,1000.004242,1000.004265,1000.004201,1000.004213,1000.004263,1000.004261,1000.004215,1000.004222,1000.004224,1000.004089,1000.004023,1000.004063,1000.003982,1000.003997,1000.003950,1000.003850,1000.003837,1000.003780,1000.003831,1000.003760,1000.003689,1000.003730,1000.003742,1000.003714,1000.003728,1000.003759,1000.003675,1000.003561,0.000000,0.000000,0.000000,0.000000,0.000000,0.000000,0.000000,0.000000,0.000000,0.000000
0.000000,0.000000,0.000000,0.000000,0.000000,0.000000,0.000000,0.000000,0.000000,999.984337,999.984293,999.984474,999.984200,999.984358,999.984324,999.984284,999.984375,999.984343,999.984333,999.984327,999.984263,999.984331,999.984226,999.984343,999.984307,999.984107,999.984178,999.984183,999.984256,999.984429,999.984521,999.984756,999.985052,999.985432,999.985929,999.986649,999.987375,999.988224,999.989147,999.990242,999.991443,999.992562,999.993671,999.994817,999.995912,999.996965,999.997874,999.998736,999.999518,1000.000248,1000.000913,1000.001538,1000.002087,1000.002492,1000.002887,1000.003263,1000.003485,1000.003736,1000.003949,1000.004130,1000.004231,1000.004406,1000.004446,1000.004427,1000.004532,1000.004555,1000.004600,1000.004602,1000.004495,1000.004534,1000.004440,1000.004355,1000.004309,1000.004317,1000.004310,1000.004140,1000.004109,1000.004013,1000.003940,1000.003966,1000.003929,1000.003902,1000.003725,1000.003770,1000.003772,1000.003662,1000.003637,1000.003678,1000.003533,1000.003650,1000.003718,1000.003561,1000.003588,1000.003689,0.000000,0.000000,0.000000,0.000000,0.000000,0.000000,0.000000,0.000000,0.000000
0.000000,0.000000,0.000000,0.000000,0.000000,0.000000,0.000000,0.000000,0.000000,999.983571,999.984657,999.984689,999.984660,999.984714,999.984590,999.984649,999.984625,999.984518,999.984563,999.984509,999.984463,999.984424,999.984303,999.984337,999.984107,999.984079,999.984204,999.984098,999.984091,999.984083,999.984055,999.984196,999.984489,999.984835,999.985376,999.986017,999.986762,999.987744,999.988886,999.990050,999.991253,999.992477,999.993848,999.995138,999.996281,999.997426,999.998505,999.999428,1000.000345,1000.001028,1000.001614,1000.002205,1000.002714,1000.003150,1000.003542,1000.003840,1000.004021,1000.004347,1000.004511,1000.004597,1000.004714,1000.004817,1000.004894,1000.004933,1000.004902,1000.004891,1000.004809,1000.004878,1000.004757,1000.004758,1000.004669,1000.004656,1000.004471,1000.004424,1000.004375,1000.004234,1000.004221,1000.004146,1000.004004,1000.003947,1000.003867,1000.003879,1000.003779,1000.003666,1000.003729,1000.003648,1000.003623,1000.003630,1000.003533,1000.003426,1000.003572,1000.003535,1000.003517,1000.003872,0.000000,0.000000,0.000000,0.000000,0.000000,0.000000,0.000000,0.000000,0.000000
0.000000,0.000000,0.000000,0.000000,0.000000,0.000000,0.000000,0.000000,999.985187,999.985002,999.985010,999.984964,999.985074,999.984967,999.984935,999.985000,999.984927,999.984839,999.984899,999.984769,999.984634,999.984588,999.984461,999.984407,999.984178,999.984204,999.984017,999.983662,999.983657,999.983541,999.983577,999.983706,999.983904,999.984180,999.984630,999.985258,999.986092,999.987183,999.988360,999.989735,999.991078,999.992581,999.994107,999.995529,999.996787,999.997974,999.999060,1000.000041,1000.000922,1000.001741,1000.002383,1000.002968,1000.003441,1000.003822,1000.004203,1000.004462,1000.004677,1000.004909,1000.005102,1000.005157,1000.005244,1000.005267,1000.005307,1000.005325,1000.005316,1000.005268,1000.005201,1000.005143,1000.005017,1000.004963,1000.004875,1000.004771,1000.004702,1000.004550,1000.004525,1000.004362,1000.004287,1000.004234,1000.004104,1000.004015,1000.003912,1000.003843,1000.003775,1000.003652,1000.003672,1000.003562,1000.003489,1000.003501,1000.003532,1000.003411,1000.003362,1000.003452,1000.003419,1000.003450,1000.003398,0.000000,0.000000,0.000000,0.000000,0.000000,0.000000,0.000000,0.000000
0.000000,0.000000,0.000000,0.000000,0.000000,0.000000,0.000000,0.000000,999.984393,999.985540,999.985416,999.985459,999.985427,999.985400,999.985357,999.985321,999.985233,999.985144,999.985058,999.984900,999.984870,999.984801,999.984591,999.984421,999.984183,999.984098,999.983662,999.983516,999.983577,999.983248,999.983121,999.983020,999.982960,999.983157,999.983625,999.984284,999.985280,999.986395,999.987746,999.989277,999.990954,999.992681,999.994299,999.995830,999.997370,999.998763,999.999987,1000.000997,1000.001774,1000.002514,1000.003225,1000.003762,1000.004223,1000.004598,1000.004923,1000.005216,1000.005409,1000.005506,1000.005605,1000.005772,1000.005794,1000.005802,1000.005782,1000.005699,1000.005704,1000.005594,1000.005562,1000.005471,1000.005378,1000.005216,1000.005147,1000.004967,1000.004830,1000.004722,1000.004632,1000.004474,1000.004344,1000.004200,1000.004139,1000.004021,1000.003901,1000.003841,1000.003761,1000.003628,1000.003560,1000.003543,1000.003485,1000.003332,1000.003379,1000.003381,1000.003292,1000.003320,1000.003237,1000.003192,1000.003742,0.000000,0.000000,0.000000,0.000000,0.000000,0.000000,0.000000,0.000000
0.000000,0.000000,0.000000,0.000000,0.000000,0.000000,0.000000,999.986435,999.986063,999.986002,999.985805,999.985893,999.985834,999.985736,999.985673,999.985662,999.985517,999.985459,999.985432,999.985272,999.985167,999.984938,999.984713,999.984502,999.984256,999.984091,999.983657,999.983577,999.983133,999.982414,999.982315,999.982106,999.982034,999.982252,999.982596,999.983166,999.984099,999.985330,999.986949,999.988770,999.990801,999.992829,999.994718,999.996430,999.998099,999.999491,1000.000745,1000.001917,1000.002848,1000.003565,1000.004208,1000.004685,1000.005111,1000.005450,1000.005689,1000.005957,1000.006153,1000.006188,1000.006276,1000.006314,1000.006319,1000.006305,1000.006314,1000.006167,1000.006113,1000.006016,1000.005884,1000.005775,1000.005625,1000.005481,1000.005342,1000.005238,1000.005081,1000.004861,1000.004790,1000.004587,1000.004495,1000.004284,1000.004143,1000.004105,1000.003921,1000.003789,1000.003713,1000.003637,1000.003546,1000.003408,1000.003356,1000.003343,1000.003252,1000.003257,1000.003117,1000.003226,1000.003177,1000.003102,1000.003137,1000.002955,0.000000,0.000000,0.000000,0.000000,0.000000,0.000000,0.000000
0.000000,0.000000,0.000000,0.000000,0.000000,0.000000,0.000000,999.985430,999.986745,999.986451,999.986409,999.986375,999.986207,999.986207,999.986160,999.986042,999.985962,999.985914,999.985722,999.985487,999.985400,999.985148,999.984974,999.984711,999.984429,999.984083,999.983541,999.983248,999.982414,999.982079,999.982124,999.981403,999.981027,999.980896,999.980874,999.981441,999.982582,999.984091,999.986000,999.988189,999.990380,999.992809,999.995146,999.997310,999.999252,1000.000744,1000.001857,1000.002947,1000.003837,1000.004603,1000.005181,1000.005642,1000.006030,1000.006361,1000.006506,1000.006666,1000.006817,1000.006915,1000.006986,1000.006939,1000.006867,1000.006815,1000.006795,1000.006682,1000.006576,1000.006423,1000.006208,1000.006137,1000.005924,1000.005751,1000.005590,1000.005404,1000.005255,1000.005023,1000.004865,1000.004666,1000.004517,1000.004437,1000.004194,1000.004063,1000.003928,1000.003855,1000.003663,1000.003586,1000.003501,1000.003376,1000.003279,1000.003246,1000.003159,1000.003127,1000.002989,1000.003048,1000.003018,1000.002971,1000.002938,1000.003321,0.000000,0.000000,0.000000,0.000000,0.000000,0.000000,0.000000
0.000000,0.000000,0.000000,0.000000,0.000000,0.000000,999.987817,999.987362,999.987220,999.986838,999.986892,999.986833,999.986656,999.986617,999.986604,999.986411,999.986312,999.986203,999.985988,999.985834,999.985763,999.985508,999.985238,999.984881,999.984521,999.984055,999.983577,999.983121,999.982315,999.982124,999.981163,999.979756,999.979412,999.979118,999.979046,999.979768,999.980775,999.982271,999.984645,999.987384,999.990332,999.993225,999.995842,999.998146,1000.000128,1000.001964,1000.003363,1000.004409,1000.005198,1000.005827,1000.006338,1000.006749,1000.007049,1000.007315,1000.007466,1000.007600,1000.007615,1000.007636,1000.007641,1000.007618,1000.007524,1000.007381,1000.007270,1000.007134,1000.006993,1000.006855,1000.006606,1000.006471,1000.006300,1000.006033,1000.005849,1000.005599,1000.005406,1000.005193,1000.005059,1000.004831,1000.004584,1000.004464,1000.004236,1000.004064,1000.003914,1000.003820,1000.003623,1000.003512,1000.003440,1000.003323,1000.003189,1000.003052,1000.003052,1000.002995,1000.002894,1000.002865,1000.002846,1000.002824,1000.002775,1000.002708,1000.002639,0.000000,0.000000,0.000000,0.000000,0.000000,0.000000
0.000000,0.000000,0.000000,0.000000,0.000000,0.000000,999.986759,999.988023,999.987643,999.987487,999.987446,999.987219,999.987102,999.987161,999.986972,999.986782,999.986738,999.986595,999.986489,999.986335,999.986110,999.985785,999.985461,999.985172,999.984756,999.984196,999.983706,999.983020,999.982106,999.981403,999.979756,999.978858,999.978741,999.977534,999.976839,999.976943,999.977810,999.979737,999.982739,999.986344,999.990119,999.993766,999.997200,999.999898,1000.001843,1000.003474,1000.004849,1000.005841,1000.006578,1000.007169,1000.007583,1000.007910,1000.008112,1000.008251,1000.008376,1000.008430,1000.008480,1000.008380,1000.008278,1000.008240,1000.008176,1000.007993,1000.007814,1000.007648,1000.007400,1000.007250,1000.006989,1000.006764,1000.006566,1000.006309,1000.006084,1000.005861,1000.005595,1000.005356,1000.005123,1000.004901,1000.004698,1000.004506,1000.004327,1000.004120,1000.003945,1000.003807,1000.003561,1000.003414,1000.003345,1000.003215,1000.003191,1000.003017,1000.002881,1000.002865,1000.002783,1000.002739,1000.002651,1000.002587,1000.002630,1000.002493,1000.002927,0.000000,0.000000,0.000000,0.000000,0.000000,0.000000
0.000000,0.000000,0.000000,0.000000,0.000000,999.989300,999.988687,999.988403,999.988046,999.987978,999.987845,999.987701,999.987680,999.987531,999.987386,999.987331,999.987218,999.987081,999.986917,999.986689,999.986468,999.986151,999.985915,999.985529,999.985052,999.984489,999.983904,999.982960,999.982034,999.981027,999.979412,999.978741,999.976969,999.974019,999.973194,999.973186,999.973926,999.976636,999.980482,999.984812,999.989818,999.994439,999.998424,1000.001776,1000.004158,1000.005709,1000.006791,1000.007554,1000.008225,1000.008654,1000.008933,1000.009118,1000.009274,1000.009302,1000.009376,1000.009260,1000.009263,1000.009209,1000.009066,1000.008903,1000.008774,1000.008570,1000.008357,1000.008167,1000.007905,1000.007680,1000.007419,1000.007119,1000.006862,1000.006595,1000.006301,1000.006056,1000.005801,1000.005490,1000.005274,1000.005022,1000.004781,1000.004495,1000.004267,1000.004109,1000.003905,1000.003723,1000.003644,1000.003387,1000.003219,1000.003073,1000.003008,1000.002945,1000.002792,1000.002678,1000.002655,1000.002571,1000.002521,1000.002445,1000.002414,1000.002366,1000.002264,1000.002046,0.000000,0.000000,0.000000,0.000000,0.000000
0.000000,0.000000,0.000000,0.000000,0.000000,999.988099,999.989210,999.988835,999.988626,999.988431,999.988331,999.988244,999.988148,999.987966,999.987898,999.987814,999.987716,999.987521,999.987329,999.987175,999.986905,999.986686,999.986429,999.985921,999.985432,999.984835,999.984180,999.983157,999.982252,999.980896,999.979118,999.977534,999.974019,999.971692,999.970684,999.968720,999.969342,999.972416,999.977129,999.984013,999.991013,999.996812,1000.001286,1000.004378,1000.006565,1000.008047,1000.008996,1000.009593,1000.009991,1000.010198,1000.010310,1000.010407,1000.010427,1000.010441,1000.010372,1000.010257,1000.010116,1000.009984,1000.009829,1000.009583,1000.009389,1000.009136,1000.008886,1000.008631,1000.008361,1000.008041,1000.007792,1000.007506,1000.007160,1000.006898,1000.006588,1000.006240,1000.005978,1000.005683,1000.005336,1000.005087,1000.004872,1000.004602,1000.004346,1000.004132,1000.003864,1000.003635,1000.003503,1000.003393,1000.003217,1000.002984,1000.002845,1000.002793,1000.002669,1000.002555,1000.002501,1000.002442,1000.002342,1000.002291,1000.002194,1000.002160,1000.002075,1000.002436,0.000000,0.000000,0.000000,0.000000,0.000000
0.000000,0.000000,0.000000,0.000000,999.990029,999.989745,999.989474,999.989159,999.989017,999.988887,999.988832,999.988735,999.988624,999.988502,999.988392,999.988307,999.988164,999.987980,999.987878,999.987718,999.987432,999.987195,999.986855,999.986426,999.985929,999.985376,999.984630,999.983625,999.982596,999.980874,999.979046,999.976839,999.973194,999.970684,999.966018,999.960163,999.958781,999.961897,999.969677,999.980499,999.991685,1000.000576,1000.005902,1000.008598,1000.010120,1000.010937,1000.011464,1000.011715,1000.011799,1000.011821,1000.011829,1000.011794,1000.011604,1000.011492,1000.011313,1000.011195,1000.010999,1000.010781,1000.010534,1000.010298,1000.010046,1000.009763,1000.009439,1000.009181,1000.008855,1000.008499,1000.008136,1000.007833,1000.007459,1000.007154,1000.006781,1000.006440,1000.006141,1000.005820,1000.005560,1000.005164,1000.004877,1000.004585,1000.004366,1000.004146,1000.003853,1000.003616,1000.003460,1000.003201,1000.003052,1000.002965,1000.002715,1000.002632,1000.002560,1000.002392,1000.002314,1000.002192,1000.002163,1000.002185,1000.002101,1000.002000,1000.001904,1000.001882,1000.001862,0.000000,0.000000,0.000000,0.000000
0.000000,0.000000,0.000000,0.000000,999.988747,999.989673,999.989627,999.989624,999.989530,999.989411,999.989352,999.989170,999.989062,999.988993,999.988958,999.988833,999.988654,999.988556,999.988425,999.988304,999.988043,999.987756,999.987469,999.987105,999.986649,999.986017,999.985258,999.984284,999.983166,999.981441,999.979768,999.976943,999.973186,999.968720,999.960163,999.949729,999.947244,999.954984,999.966861,999.981837,999.997776,1000.007482,1000.011428,1000.013578,1000.014139,1000.014205,1000.014111,1000.013950,1000.013735,1000.013509,1000.013322,1000.013083,1000.012835,1000.012584,1000.012342,1000.012105,1000.011821,1000.011582,1000.011300,1000.010995,1000.010684,1000.010384,1000.009984,1000.009638,1000.009311,1000.008950,1000.008566,1000.008181,1000.007772,1000.007423,1000.007061,1000.006645,1000.006314,1000.005872,1000.005576,1000.005286,1000.004964,1000.004615,1000.004310,1000.004082,1000.003860,1000.003555,1000.003384,1000.003150,1000.002932,1000.002813,1000.002635,1000.002457,1000.002406,1000.002297,1000.002090,1000.002079,1000.002022,1000.001844,1000.001880,1000.001897,1000.001806,1000.001793,1000.002299,0.000000,0.000000,0.000000,0.000000
