0.000000,0.000000,0.000000,0.000000,0.000000,0.000000,0.000000,0.000000,0.000000,0.000000,0.000000,0.000000,0.000000,0.000000,0.000000,0.000000,0.000000,0.000000,0.000000,0.000000,0.000000,0.000000,0.000000,0.000000,0.000000,0.000000,0.000000,0.000000,0.000000,0.000000,0.000000,0.000000,0.000000,0.000000,0.000000,0.000000,0.000000,0.000000,0.000000,0.000000,0.000000,0.000000,0.000000,0.000000,0.000000,0.000000,0.000000,0.000000,0.000000,0.000000,0.000000,0.000000,0.000000,0.000000,0.000000,0.000000,0.000000,0.000000,0.000000,0.000000,0.000000,0.000000,0.000000,0.000000,0.000000,0.000000,0.000000,0.000000,0.000000,0.000000,0.000000,0.000000,0.000000,0.000000,0.000000,0.000000,0.000000,0.000000,0.000000,0.000000,0.000000,0.000000,0.000000,0.000000,0.000000,0.000000,0.000000,0.000000,0.000000,0.000000,0.000000,0.000000,0.000000,0.000000,0.000000,0.000000,0.000000,0.000000,0.000000,0.000000,0.000000,0.000000,0.000000
0.000000,0.000000,0.000000,0.000000,0.000000,0.000000,0.000000,0.000000,0.000000,0.000000,0.000000,0.000000,0.000000,0.000000,0.000000,0.000000,0.000000,0.000000,0.000000,0.000000,0.000000,0.000000,0.000000,0.000000,0.000000,0.000000,0.000000,0.000000,0.000000,0.000000,0.000000,0.000000,0.000000,0.000000,0.000000,0.000000,0.000000,0.000000,0.000000,0.000000,0.000000,0.000000,0.000000,0.000000,0.000000,0.000000,0.000000,0.000000,0.000000,0.000000,0.000000,1000.000079,0.000000,0.000000,0.000000,0.000000,0.000000,0.000000,0.000000,0.000000,0.000000,0.000000,0.000000,0.000000,0.000000,0.000000,0.000000,0.000000,0.000000,0.000000,0.000000,0.000000,0.000000,0.000000,0.000000,0.000000,0.000000,0.000000,0.000000,0.000000,0.000000,0.000000,0.000000,0.000000,0.000000,0.000000,0.000000,0.000000,0.000000,0.000000,0.000000,0.000000,0.000000,0.000000,0.000000,0.000000,0.000000,0.000000,0.000000,0.000000,0.000000,0.000000,0.000000
0.000000,0.000000,0.000000,0.000000,0.000000,0.000000,0.000000,0.000000,0.000000,0.000000,0.000000,0.000000,0.000000,0.000000,0.000000,0.000000,0.000000,0.000000,0.000000,0.000000,0.000000,0.000000,0.000000,0.000000,0.000000,0.000000,0.000000,0.000000,0.000000,0.000000,0.000000,0.000000,0.000000,0.000000,0.000000,0.000000,0.000000,0.000000,0.000000,0.000000,0.000000,0.000000,1000.000145,1000.000168,1000.000180,1000.000187,1000.000190,1000.000191,1000.000191,1000.000190,1000.000189,1000.000195,1000.000189,1000.000190,1000.000191,1000.000191,1000.000190,1000.000187,1000.000180,1000.000168,1000.000145,0.000000,0.000000,0.000000,0.000000,0.000000,0.000000,0.000000,0.000000,0.000000,0.000000,0.000000,0.000000,0.000000,0.000000,0.000000,0.000000,0.000000,0.000000,0.000000,0.000000,0.000000,0.000000,0.000000,0.000000,0.000000,0.000000,0.000000,0.000000,0.000000,0.000000,0.000000,0.000000,0.000000,0.000000,0.000000,0.000000,0.000000,0.000000,0.000000,0.000000,0.000000,0.000000
0.000000,0.000000,0.000000,0.000000,0.000000,0.000000,0.000000,0.000000,0.000000,0.000000,0.000000,0.000000,0.000000,0.000000,0.000000,0.000000,0.000000,0.000000,0.000000,0.000000,0.000000,0.000000,0.000000,0.000000,0.000000,0.000000,0.000000,0.000000,0.000000,0.000000,0.000000,0.000000,0.000000,0.000000,0.000000,0.000000,0.000000,1000.000139,1000.000174,1000.000202,1000.000224,1000.000242,1000.000259,1000.000274,1000.000286,1000.000294,1000.000298,1000.000301,1000.000302,1000.000302,1000.000302,1000.000302,1000.000302,1000.000302,1000.000302,1000.000301,1000.000298,1000.000294,1000.000286,1000.000274,1000.000259,1000.000242,1000.000224,1000.000202,1000.000174,1000.000139,0.000000,0.000000,0.000000,0.000000,0.000000,0.000000,0.000000,0.000000,0.000000,0.000000,0.000000,0.000000,0.000000,0.000000,0.000000,0.000000,0.000000,0.000000,0.000000,0.000000,0.000000,0.000000,0.000000,0.000000,0.000000,0.000000,0.000000,0.000000,0.000000,0.000000,0.000000,0.000000,0.000000,0.000000,0.000000,0.000000,0.000000
0.000000,0.000000,0.000000,0.000000,0.000000,0.000000,0.000000,0.000000,0.000000,0.000000,0.000000,0.000000,0.000000,0.000000,0.000000,0.000000,0.000000,0.000000,0.000000,0.000000,0.000000,0.000000,0.000000,0.000000,0.000000,0.000000,0.000000,0.000000,0.000000,0.000000,0.000000,0.000000,0.000000,0.000000,1000.000145,1000.000185,1000.000218,1000.000251,1000.000279,1000.000305,1000.000329,1000.000349,1000.000368,1000.000382,1000.000393,1000.000400,1000.000405,1000.000407,1000.000408,1000.000409,1000.000409,1000.000409,1000.000409,1000.000409,1000.000408,1000.000407,1000.000405,1000.000400,1000.000393,1000.000382,1000.000368,1000.000349,1000.000329,1000.000305,1000.000279,1000.000251,1000.000218,1000.000185,1000.000145,0.000000,0.000000,0.000000,0.000000,0.000000,0.000000,0.000000,0.000000,0.000000,0.000000,0.000000,0.000000,0.000000,0.000000,0.000000,0.000000,0.000000,0.000000,0.000000,0.000000,0.000000,0.000000,0.000000,0.000000,0.000000,0.000000,0.000000,0.000000,0.000000,0.000000,0.000000,0.000000,0.000000,0.000000
0.000000,0.000000,0.000000,0.000000,0.000000,0.000000,0.000000,0.000000,0.000000,0.000000,0.000000,0.000000,0.000000,0.000000,0.000000,0.000000,0.000000,0.000000,0.000000,0.000000,0.000000,0.000000,0.000000,0.000000,0.000000,0.000000,0.000000,0.000000,0.000000,0.000000,0.000000,0.000000,1000.000166,1000.000210,1000.000253,1000.000289,1000.000321,1000.000354,1000.000382,1000.000408,1000.000432,1000.000454,1000.000474,1000.000489,1000.000499,1000.000505,1000.000508,1000.000510,1000.000511,1000.000511,1000.000511,1000.000511,1000.000511,1000.000511,1000.000511,1000.000510,1000.000508,1000.000505,1000.000499,1000.000489,1000.000474,1000.000454,1000.000432,1000.000408,1000.000382,1000.000354,1000.000321,1000.000289,1000.000253,1000.000210,1000.000166,0.000000,0.000000,0.000000,0.000000,0.000000,0.000000,0.000000,0.000000,0.000000,0.000000,0.000000,0.000000,0.000000,0.000000,0.000000,0.000000,0.000000,0.000000,0.000000,0.000000,0.000000,0.000000,0.000000,0.000000,0.000000,0.000000,0.000000,0.000000,0.000000,0.000000,0.000000,0.000000
0.000000,0.000000,0.000000,0.000000,0.000000,0.000000,0.000000,0.000000,0.000000,0.000000,0.000000,0.000000,0.000000,0.000000,0.000000,0.000000,0.000000,0.000000,0.000000,0.000000,0.000000,0.000000,0.000000,0.000000,0.000000,0.000000,0.000000,0.000000,0.000000,0.000000,1000.000174,1000.000224,1000.000272,1000.000313,1000.000353,1000.000389,1000.000424,1000.000456,1000.000485,1000.000509,1000.000529,1000.000548,1000.000565,1000.000575,1000.000581,1000.000584,1000.000586,1000.000586,1000.000587,1000.000587,1000.000587,1000.000587,1000.000587,1000.000587,1000.000587,1000.000586,1000.000586,1000.000584,1000.000581,1000.000575,1000.000565,1000.000548,1000.000529,1000.000509,1000.000485,1000.000456,1000.000424,1000.000389,1000.000353,1000.000313,1000.000272,1000.000224,1000.000174,0.000000,0.000000,0.000000,0.000000,0.000000,0.000000,0.000000,0.000000,0.000000,0.000000,0.000000,0.000000,0.000000,0.000000,0.000000,0.000000,0.000000,0.000000,0.000000,0.000000,0.000000,0.000000,0.000000,0.000000,0.000000,0.000000,0.000000,0.000000,0.000000,0.000000
0.000000,0.000000,0.000000,0.000000,0.000000,0.000000,0.000000,0.000000,0.000000,0.000000,0.000000,0.000000,0.000000,0.000000,0.000000,0.000000,0.000000,0.000000,0.000000,0.000000,0.000000,0.000000,0.000000,0.000000,0.000000,0.000000,0.000000,0.000000,1000.000173,1000.000227,1000.000279,1000.000324,1000.000369,1000.000412,1000.000453,1000.000490,1000.000522,1000.000550,1000.000572,1000.000587,1000.000597,1000.000604,1000.000606,1000.000605,1000.000603,1000.000602,1000.000601,1000.000601,1000.000600,1000.000599,1000.000599,1000.000599,1000.000599,1000.000599,1000.000600,1000.000601,1000.000601,1000.000602,1000.000603,1000.000605,1000.000606,1000.000604,1000.000597,1000.000587,1000.000572,1000.000550,1000.000522,1000.000490,1000.000453,1000.000412,1000.000369,1000.000324,1000.000279,1000.000227,1000.000173,0.000000,0.000000,0.000000,0.000000,0.000000,0.000000,0.000000,0.000000,0.000000,0.000000,0.000000,0.000000,0.000000,0.000000,0.000000,0.000000,0.000000,0.000000,0.000000,0.000000,0.000000,0.000000,0.000000,0.000000,0.000000,0.000000,0.000000,0.000000
0.000000,0.000000,0.000000,0.000000,0.000000,0.000000,0.000000,0.000000,0.000000,0.000000,0.000000,0.000000,0.000000,0.000000,0.000000,0.000000,0.000000,0.000000,0.000000,0.000000,0.000000,0.000000,0.000000,0.000000,0.000000,0.000000,1000.000164,1000.000222,1000.000277,1000.000325,1000.000373,1000.000420,1000.000466,1000.000509,1000.000545,1000.000574,1000.000594,1000.000606,1000.000611,1000.000609,1000.000605,1000.000597,1000.000585,1000.000574,1000.000565,1000.000560,1000.000558,1000.000555,1000.000554,1000.000553,1000.000552,1000.000552,1000.000552,1000.000553,1000.000554,1000.000555,1000.000558,1000.000560,1000.000565,1000.000574,1000.000585,1000.000597,1000.000605,1000.000609,1000.000611,1000.000606,1000.000594,1000.000574,1000.000545,1000.000509,1000.000466,1000.000420,1000.000373,1000.000325,1000.000277,1000.000222,1000.000164,0.000000,0.000000,0.000000,0.000000,0.000000,0.000000,0.000000,0.000000,0.000000,0.000000,0.000000,0.000000,0.000000,0.000000,0.000000,0.000000,0.000000,0.000000,0.000000,0.000000,0.000000,0.000000,0.000000,0.000000,0.000000,0.000000
0.000000,0.000000,0.000000,0.000000,0.000000,0.000000,0.000000,0.000000,0.000000,0.000000,0.000000,0.000000,0.000000,0.000000,0.000000,0.000000,0.000000,0.000000,0.000000,0.000000,0.000000,0.000000,0.000000,0.000000,1000.000141,1000.000205,1000.000265,1000.000318,1000.000370,1000.000420,1000.000469,1000.000514,1000.000553,1000.000584,1000.000604,1000.000611,1000.000610,1000.000602,1000.000589,1000.000575,1000.000561,1000.000546,1000.000530,1000.000516,1000.000505,1000.000499,1000.000494,1000.000491,1000.000488,1000.000486,1000.000485,1000.000485,1000.000485,1000.000486,1000.000488,1000.000491,1000.000494,1000.000499,1000.000505,1000.000516,1000.000530,1000.000546,1000.000561,1000.000575,1000.000589,1000.000602,1000.000610,1000.000611,1000.000604,1000.000584,1000.000553,1000.000514,1000.000469,1000.000420,1000.000370,1000.000318,1000.000265,1000.000205,1000.000141,0.000000,0.000000,0.000000,0.000000,0.000000,0.000000,0.000000,0.000000,0.000000,0.000000,0.000000,0.000000,0.000000,0.000000,0.000000,0.000000,0.000000,0.000000,0.000000,0.000000,0.000000,0.000000,0.000000,0.000000
0.000000,0.000000,0.000000,0.000000,0.000000,0.000000,0.000000,0.000000,0.000000,0.000000,0.000000,0.000000,0.000000,0.000000,0.000000,0.000000,0.000000,0.000000,0.000000,0.000000,0.000000,0.000000,0.000000,1000.000170,1000.000239,1000.000298,1000.000356,1000.000411,1000.000464,1000.000513,1000.000554,1000.000587,1000.000607,1000.000613,1000.000607,1000.000592,1000.000573,1000.000554,1000.000534,1000.000515,1000.000498,1000.000483,1000.000469,1000.000455,1000.000445,1000.000438,1000.000431,1000.000427,1000.000424,1000.000422,1000.000420,1000.000420,1000.000420,1000.000422,1000.000424,1000.000427,1000.000431,1000.000438,1000.000445,1000.000455,1000.000469,1000.000483,1000.000498,1000.000515,1000.000534,1000.000554,1000.000573,1000.000592,1000.000607,1000.000613,1000.000607,1000.000587,1000.000554,1000.000513,1000.000464,1000.000411,1000.000356,1000.000298,1000.000239,1000.000170,0.000000,0.000000,0.000000,0.000000,0.000000,0.000000,0.000000,0.000000,0.000000,0.000000,0.000000,0.000000,0.000000,0.000000,0.000000,0.000000,0.000000,0.000000,0.000000,0.000000,0.000000,0.000000,0.000000
0.000000,0.000000,0.000000,0.000000,0.000000,0.000000,0.000000,0.000000,0.000000,0.000000,0.000000,0.000000,0.000000,0.000000,0.000000,0.000000,0.000000,0.000000,0.000000,0.000000,0.000000,1000.000126,1000.000197,1000.000266,1000.000328,1000.000388,1000.000449,1000.000503,1000.000550,1000.000585,1000.000607,1000.000613,1000.000606,1000.000588,1000.000564,1000.000539,1000.000515,1000.000493,1000.000473,1000.000454,1000.000438,1000.000423,1000.000408,1000.000396,1000.000386,1000.000377,1000.000371,1000.000365,1000.000362,1000.000359,1000.000358,1000.000357,1000.000358,1000.000359,1000.000362,1000.000365,1000.000371,1000.000377,1000.000386,1000.000396,1000.000408,1000.000423,1000.000438,1000.000454,1000.000473,1000.000493,1000.000515,1000.000539,1000.000564,1000.000588,1000.000606,1000.000613,1000.000607,1000.000585,1000.000550,1000.000503,1000.000449,1000.000388,1000.000328,1000.000266,1000.000197,1000.000126,0.000000,0.000000,0.000000,0.000000,0.000000,0.000000,0.000000,0.000000,0.000000,0.000000,0.000000,0.000000,0.000000,0.000000,0.000000,0.000000,0.000000,0.000000,0.000000,0.000000,0.000000
0.000000,0.000000,0.000000,0.000000,0.000000,0.000000,0.000000,0.000000,0.000000,0.000000,0.000000,0.000000,0.000000,0.000000,0.000000,0.000000,0.000000,0.000000,0.000000,0.000000,1000.000146,1000.000222,1000.000287,1000.000350,1000.000414,1000.000478,1000.000534,1000.000578,1000.000604,1000.000613,1000.000606,1000.000588,1000.000563,1000.000535,1000.000506,1000.000480,1000.000456,1000.000435,1000.000415,1000.000396,1000.000379,1000.000364,1000.000350,1000.000338,1000.000327,1000.000318,1000.000311,1000.000306,1000.000302,1000.000299,1000.000297,1000.000296,1000.000297,1000.000299,1000.000302,1000.000306,1000.000311,1000.000318,1000.000327,1000.000338,1000.000350,1000.000364,1000.000379,1000.000396,1000.000415,1000.000435,1000.000456,1000.000480,1000.000506,1000.000535,1000.000563,1000.000588,1000.000606,1000.000613,1000.000604,1000.000578,1000.000534,1000.000478,1000.000414,1000.000350,1000.000287,1000.000222,1000.000146,0.000000,0.000000,0.000000,0.000000,0.000000,0.000000,0.000000,0.000000,0.000000,0.000000,0.000000,0.000000,0.000000,0.000000,0.000000,0.000000,0.000000,0.000000,0.000000,0.000000
0.000000,0.000000,0.000000,0.000000,0.000000,0.000000,0.000000,0.000000,0.000000,0.000000,0.000000,0.000000,0.000000,0.000000,0.000000,0.000000,0.000000,0.000000,0.000000,1000.000163,1000.000240,1000.000307,1000.000371,1000.000436,1000.000498,1000.000554,1000.000594,1000.000611,1000.000607,1000.000589,1000.000564,1000.000534,1000.000504,1000.000475,1000.000448,1000.000423,1000.000400,1000.000378,1000.000357,1000.000339,1000.000322,1000.000306,1000.000293,1000.000280,1000.000270,1000.000261,1000.000253,1000.000248,1000.000243,1000.000240,1000.000238,1000.000237,1000.000238,1000.000240,1000.000243,1000.000248,1000.000253,1000.000261,1000.000270,1000.000280,1000.000293,1000.000306,1000.000322,1000.000339,1000.000357,1000.000378,1000.000400,1000.000423,1000.000448,1000.000475,1000.000504,1000.000534,1000.000564,1000.000589,1000.000607,1000.000611,1000.000594,1000.000554,1000.000498,1000.000436,1000.000371,1000.000307,1000.000240,1000.000163,0.000000,0.000000,0.000000,0.000000,0.000000,0.000000,0.000000,0.000000,0.000000,0.000000,0.000000,0.000000,0.000000,0.000000,0.000000,0.000000,0.000000,0.000000,0.000000
0.000000,0.000000,0.000000,0.000000,0.000000,0.000000,0.000000,0.000000,0.000000,0.000000,0.000000,0.000000,0.000000,0.000000,0.000000,0.000000,0.000000,0.000000,1000.000174,1000.000253,1000.000323,1000.000391,1000.000458,1000.000518,1000.000568,1000.000603,1000.000611,1000.000596,1000.000569,1000.000538,1000.000506,1000.000476,1000.000447,1000.000419,1000.000393,1000.000368,1000.000344,1000.000322,1000.000302,1000.000283,1000.000266,1000.000251,1000.000237,1000.000224,1000.000214,1000.000205,1000.000197,1000.000191,1000.000186,1000.000183,1000.000181,1000.000180,1000.000181,1000.000183,1000.000186,1000.000191,1000.000197,1000.000205,1000.000214,1000.000224,1000.000237,1000.000251,1000.000266,1000.000283,1000.000302,1000.000322,1000.000344,1000.000368,1000.000393,1000.000419,1000.000447,1000.000476,1000.000506,1000.000538,1000.000569,1000.000596,1000.000611,1000.000603,1000.000568,1000.000518,1000.000458,1000.000391,1000.000323,1000.000253,1000.000174,0.000000,0.000000,0.000000,0.000000,0.000000,0.000000,0.000000,0.000000,0.000000,0.000000,0.000000,0.000000,0.000000,0.000000,0.000000,0.000000,0.000000,0.000000
0.000000,0.000000,0.000000,0.000000,0.000000,0.000000,0.000000,0.000000,0.000000,0.000000,0.000000,0.000000,0.000000,0.000000,0.000000,0.000000,0.000000,1000.000179,1000.000261,1000.000334,1000.000405,1000.000476,1000.000537,1000.000583,1000.000609,1000.000610,1000.000588,1000.000554,1000.000517,1000.000482,1000.000451,1000.000421,1000.000392,1000.000365,1000.000338,1000.000313,1000.000289,1000.000268,1000.000248,1000.000229,1000.000212,1000.000196,1000.000182,1000.000170,1000.000159,1000.000150,1000.000142,1000.000136,1000.000131,1000.000128,1000.000126,1000.000125,1000.000126,1000.000128,1000.000131,1000.000136,1000.000142,1000.000150,1000.000159,1000.000170,1000.000182,1000.000196,1000.000212,1000.000229,1000.000248,1000.000268,1000.000289,1000.000313,1000.000338,1000.000365,1000.000392,1000.000421,1000.000451,1000.000482,1000.000517,1000.000554,1000.000588,1000.000610,1000.000609,1000.000583,1000.000537,1000.000476,1000.000405,1000.000334,1000.000261,1000.000179,0.000000,0.000000,0.000000,0.000000,0.000000,0.000000,0.000000,0.000000,0.000000,0.000000,0.000000,0.000000,0.000000,0.000000,0.000000,0.000000,0.000000
0.000000,0.000000,0.000000,0.000000,0.000000,0.000000,0.000000,0.000000,0.000000,0.000000,0.000000,0.000000,0.000000,0.000000,0.000000,0.000000,1000.000181,1000.000265,1000.000339,1000.000413,1000.000485,1000.000549,1000.000594,1000.000611,1000.000604,1000.000579,1000.000542,1000.000502,1000.000464,1000.000430,1000.000399,1000.000368,1000.000339,1000.000311,1000.000285,1000.000260,1000.000237,1000.000215,1000.000195,1000.000176,1000.000159,1000.000143,1000.000129,1000.000117,1000.000106,1000.000097,1000.000089,1000.000082,1000.000078,1000.000074,1000.000072,1000.000071,1000.000072,1000.000074,1000.000078,1000.000082,1000.000089,1000.000097,1000.000106,1000.000117,1000.000129,1000.000143,1000.000159,1000.000176,1000.000195,1000.000215,1000.000237,1000.000260,1000.000285,1000.000311,1000.000339,1000.000368,1000.000399,1000.000430,1000.000464,1000.000502,1000.000542,1000.000579,1000.000604,1000.000611,1000.000594,1000.000549,1000.000485,1000.000413,1000.000339,1000.000265,1000.000181,0.000000,0.000000,0.000000,0.000000,0.000000,0.000000,0.000000,0.000000,0.000000,0.000000,0.000000,0.000000,0.000000,0.000000,0.000000,0.000000
0.000000,0.000000,0.000000,0.000000,0.000000,0.000000,0.000000,0.000000,0.000000,0.000000,0.000000,0.000000,0.000000,0.000000,0.000000,1000.000179,1000.000265,1000.000341,1000.000416,1000.000490,1000.000554,1000.000599,1000.000611,1000.000595,1000.000565,1000.000528,1000.000488,1000.000449,1000.000414,1000.000380,1000.000347,1000.000316,1000.000287,1000.000259,1000.000233,1000.000208,1000.000185,1000.000163,1000.000143,1000.000124,1000.000107,1000.000092,1000.000078,1000.000065,1000.000054,1000.000045,1000.000037,1000.000031,1000.000026,1000.000022,1000.000020,1000.000019,1000.000020,1000.000022,1000.000026,1000.000031,1000.000037,1000.000045,1000.000054,1000.000065,1000.000078,1000.000092,1000.000107,1000.000124,1000.000143,1000.000163,1000.000185,1000.000208,1000.000233,1000.000259,1000.000287,1000.000316,1000.000347,1000.000380,1000.000414,1000.000449,1000.000488,1000.000528,1000.000565,1000.000595,1000.000611,1000.000599,1000.000554,1000.000490,1000.000416,1000.000341,1000.000265,1000.000179,0.000000,0.000000,0.000000,0.000000,0.000000,0.000000,0.000000,0.000000,0.000000,0.000000,0.000000,0.000000,0.000000,0.000000,0.000000
0.000000,0.000000,0.000000,0.000000,0.000000,0.000000,0.000000,0.000000,0.000000,0.000000,0.000000,0.000000,0.000000,0.000000,1000.000174,1000.000261,1000.000339,1000.000416,1000.000492,1000.000557,1000.000601,1000.000612,1000.000591,1000.000555,1000.000514,1000.000474,1000.000436,1000.000400,1000.000364,1000.000330,1000.000297,1000.000266,1000.000237,1000.000209,1000.000183,1000.000158,1000.000135,1000.000113,1000.000093,1000.000074,1000.000057,1000.000042,1000.000028,1000.000015,1000.000004,999.999995,999.999987,999.999980,999.999975,999.999972,999.999969,999.999969,999.999969,999.999972,999.999975,999.999980,999.999987,999.999995,1000.000004,1000.000015,1000.000028,1000.000042,1000.000057,1000.000074,1000.000093,1000.000113,1000.000135,1000.000158,1000.000183,1000.000209,1000.000237,1000.000266,1000.000297,1000.000330,1000.000364,1000.000400,1000.000436,1000.000474,1000.000514,1000.000555,1000.000591,1000.000612,1000.000601,1000.000557,1000.000492,1000.000416,1000.000339,1000.000261,1000.000174,0.000000,0.000000,0.000000,0.000000,0.000000,0.000000,0.000000,0.000000,0.000000,0.000000,0.000000,0.000000,0.000000,0.000000
0.000000,0.000000,0.000000,0.000000,0.000000,0.000000,0.000000,0.000000,0.000000,0.000000,0.000000,0.000000,0.000000,1000.000163,1000.000253,1000.000334,1000.000413,1000.000490,1000.000557,1000.000602,1000.000612,1000.000590,1000.000551,1000.000506,1000.000464,1000.000425,1000.000388,1000.000351,1000.000315,1000.000281,1000.000249,1000.000218,1000.000189,1000.000161,1000.000134,1000.000110,1000.000087,1000.000065,1000.000045,1000.000026,1000.000009,999.999993,999.999979,999.999967,999.999955,999.999946,999.999938,999.999931,999.999926,999.999923,999.999920,999.999920,999.999920,999.999923,999.999926,999.999931,999.999938,999.999946,999.999955,999.999967,999.999979,999.999993,1000.000009,1000.000026,1000.000045,1000.000065,1000.000087,1000.000110,1000.000134,1000.000161,1000.000189,1000.000218,1000.000249,1000.000281,1000.000315,1000.000351,1000.000388,1000.000425,1000.000464,1000.000506,1000.000551,1000.000590,1000.000612,1000.000602,1000.000557,1000.000490,1000.000413,1000.000334,1000.000253,1000.000163,0.000000,0.000000,0.000000,0.000000,0.000000,0.000000,0.000000,0.000000,0.000000,0.000000,0.000000,0.000000,0.000000
0.000000,0.000000,0.000000,0.000000,0.000000,0.000000,0.000000,0.000000,0.000000,0.000000,0.000000,0.000000,1000.000146,1000.000240,1000.000323,1000.000405,1000.000485,1000.000554,1000.000601,1000.000612,1000.000589,1000.000549,1000.000503,1000.000458,1000.000418,1000.000379,1000.000340,1000.000303,1000.000268,1000.000234,1000.000202,1000.000171,1000.000141,1000.000114,1000.000087,1000.000063,1000.000039,1000.000018,999.999997,999.999979,999.999962,999.999946,999.999932,999.999919,999.999908,999.999899,999.999891,999.999884,999.999879,999.999875,999.999873,999.999872,999.999873,999.999875,999.999879,999.999884,999.999891,999.999899,999.999908,999.999919,999.999932,999.999946,999.999962,999.999979,999.999997,1000.000018,1000.000039,1000.000063,1000.000087,1000.000114,1000.000141,1000.000171,1000.000202,1000.000234,1000.000268,1000.000303,1000.000340,1000.000379,1000.000418,1000.000458,1000.000503,1000.000549,1000.000589,1000.000612,1000.000601,1000.000554,1000.000485,1000.000405,1000.000323,1000.000240,1000.000146,0.000000,0.000000,0.000000,0.000000,0.000000,0.000000,0.000000,0.000000,0.000000,0.000000,0.000000,0.000000
0.000000,0.000000,0.000000,0.000000,0.000000,0.000000,0.000000,0.000000,0.000000,0.000000,0.000000,1000.000126,1000.000222,1000.000307,1000.000391,1000.000476,1000.000549,1000.000599,1000.000612,1000.000590,1000.000549,1000.000502,1000.000456,1000.000413,1000.000373,1000.000332,1000.000294,1000.000257,1000.000222,1000.000188,1000.000156,1000.000125,1000.000096,1000.000068,1000.000042,1000.000017,999.999994,999.999972,999.999952,999.999933,999.999916,999.999900,999.999886,999.999874,999.999863,999.999853,999.999845,999.999838,999.999833,999.999829,999.999827,999.999826,999.999827,999.999829,999.999833,999.999838,999.999845,999.999853,999.999863,999.999874,999.999886,999.999900,999.999916,999.999933,999.999952,999.999972,999.999994,1000.000017,1000.000042,1000.000068,1000.000096,1000.000125,1000.000156,1000.000188,1000.000222,1000.000257,1000.000294,1000.000332,1000.000373,1000.000413,1000.000456,1000.000502,1000.000549,1000.000590,1000.000612,1000.000599,1000.000549,1000.000476,1000.000391,1000.000307,1000.000222,1000.000126,0.000000,0.000000,0.000000,0.000000,0.000000,0.000000,0.000000,0.000000,0.000000,0.000000,0.000000
0.000000,0.000000,0.000000,0.000000,0.000000,0.000000,0.000000,0.000000,0.000000,0.000000,0.000000,1000.000197,1000.000287,1000.000371,1000.000458,1000.000537,1000.000594,1000.000611,1000.000591,1000.000551,1000.000503,1000.000456,1000.000412,1000.000370,1000.000328,1000.000288,1000.000250,1000.000213,1000.000178,1000.000144,1000.000112,1000.000081,1000.000052,1000.000024,999.999998,999.999973,999.999950,999.999928,999.999908,999.999889,999.999872,999.999856,999.999842,999.999829,999.999818,999.999809,999.999801,999.999794,999.999789,999.999785,999.999783,999.999782,999.999783,999.999785,999.999789,999.999794,999.999801,999.999809,999.999818,999.999829,999.999842,999.999856,999.999872,999.999889,999.999908,999.999928,999.999950,999.999973,999.999998,1000.000024,1000.000052,1000.000081,1000.000112,1000.000144,1000.000178,1000.000213,1000.000250,1000.000288,1000.000328,1000.000370,1000.000412,1000.000456,1000.000503,1000.000551,1000.000591,1000.000611,1000.000594,1000.000537,1000.000458,1000.000371,1000.000287,1000.000197,0.000000,0.000000,0.000000,0.000000,0.000000,0.000000,0.000000,0.000000,0.000000,0.000000,0.000000
0.000000,0.000000,0.000000,0.000000,0.000000,0.000000,0.000000,0.000000,0.000000,0.000000,1000.000170,1000.000266,1000.000350,1000.000436,1000.000518,1000.000583,1000.000611,1000.000595,1000.000555,1000.000506,1000.000458,1000.000413,1000.000370,1000.000327,1000.000285,1000.000245,1000.000207,1000.000170,1000.000135,1000.000101,1000.000069,1000.000038,1000.000009,999.999981,999.999955,999.999930,999.999907,999.999885,999.999865,999.999846,999.999829,999.999814,999.999799,999.999787,999.999776,999.999766,999.999758,999.999751,999.999746,999.999742,999.999740,999.999739,999.999740,999.999742,999.999746,999.999751,999.999758,999.999766,999.999776,999.999787,999.999799,999.999814,999.999829,999.999846,999.999865,999.999885,999.999907,999.999930,999.999955,999.999981,1000.000009,1000.000038,1000.000069,1000.000101,1000.000135,1000.000170,1000.000207,1000.000245,1000.000285,1000.000327,1000.000370,1000.000413,1000.000458,1000.000506,1000.000555,1000.000595,1000.000611,1000.000583,1000.000518,1000.000436,1000.000350,1000.000266,1000.000170,0.000000,0.000000,0.000000,0.000000,0.000000,0.000000,0.000000,0.000000,0.000000,0.000000
0.000000,0.000000,0.000000,0.000000,0.000000,0.000000,0.000000,0.000000,0.000000,1000.000141,1000.000239,1000.000328,1000.000414,1000.000498,1000.000568,1000.000609,1000.000604,1000.000565,1000.000514,1000.000464,1000.000418,1000.000373,1000.000328,1000.000285,1000.000244,1000.000204,1000.000166,1000.000129,1000.000094,1000.000060,1000.000028,999.999997,999.999968,999.999940,999.999914,999.999889,999.999866,999.999844,999.999824,999.999805,999.999788,999.999772,999.999758,999.999746,999.999734,999.999725,999.999717,999.999710,999.999705,999.999701,999.999699,999.999698,999.999699,999.999701,999.999705,999.999710,999.999717,999.999725,999.999734,999.999746,999.999758,999.999772,999.999788,999.999805,999.999824,999.999844,999.999866,999.999889,999.999914,999.999940,999.999968,999.999997,1000.000028,1000.000060,1000.000094,1000.000129,1000.000166,1000.000204,1000.000244,1000.000285,1000.000328,1000.000373,1000.000418,1000.000464,1000.000514,1000.000565,1000.000604,1000.000609,1000.000568,1000.000498,1000.000414,1000.000328,1000.000239,1000.000141,0.000000,0.000000,0.000000,0.000000,0.000000,0.000000,0.000000,0.000000,0.000000
0.000000,0.000000,0.000000,0.000000,0.000000,0.000000,0.000000,0.000000,0.000000,1000.000205,1000.000298,1000.000388,1000.000478,1000.000554,1000.000603,1000.000610,1000.000579,1000.000528,1000.000474,1000.000425,1000.000379,1000.000332,1000.000288,1000.000245,1000.000204,1000.000164,1000.000126,1000.000089,1000.000054,1000.000020,999.999988,999.999957,999.999928,999.999900,999.999874,999.999849,999.999826,999.999804,999.999784,999.999766,999.999748,999.999733,999.999719,999.999706,999.999695,999.999685,999.999677,999.999670,999.999665,999.999661,999.999659,999.999658,999.999659,999.999661,999.999665,999.999670,999.999677,999.999685,999.999695,999.999706,999.999719,999.999733,999.999748,999.999766,999.999784,999.999804,999.999826,999.999849,999.999874,999.999900,999.999928,999.999957,999.999988,1000.000020,1000.000054,1000.000089,1000.000126,1000.000164,1000.000204,1000.000245,1000.000288,1000.000332,1000.000379,1000.000425,1000.000474,1000.000528,1000.000579,1000.000610,1000.000603,1000.000554,1000.000478,1000.000388,1000.000298,1000.000205,0.000000,0.000000,0.000000,0.000000,0.000000,0.000000,0.000000,0.000000,0.000000
0.000000,0.000000,0.000000,0.000000,0.000000,0.000000,0.000000,0.000000,1000.000164,1000.000265,1000.000356,1000.000449,1000.000534,1000.000594,1000.000611,1000.000588,1000.000542,1000.000488,1000.000436,1000.000388,1000.000340,1000.000294,1000.000250,1000.000207,1000.000166,1000.000126,1000.000088,1000.000051,1000.000016,999.999982,999.999950,999.999919,999.999890,999.999862,999.999836,999.999811,999.999788,999.999766,999.999746,999.999727,999.999710,999.999694,999.999680,999.999668,999.999656,999.999647,999.999639,999.999632,999.999627,999.999623,999.999621,999.999620,999.999621,999.999623,999.999627,999.999632,999.999639,999.999647,999.999656,999.999668,999.999680,999.999694,999.999710,999.999727,999.999746,999.999766,999.999788,999.999811,999.999836,999.999862,999.999890,999.999919,999.999950,999.999982,1000.000016,1000.000051,1000.000088,1000.000126,1000.000166,1000.000207,1000.000250,1000.000294,1000.000340,1000.000388,1000.000436,1000.000488,1000.000542,1000.000588,1000.000611,1000.000594,1000.000534,1000.000449,1000.000356,1000.000265,1000.000164,0.000000,0.000000,0.000000,0.000000,0.000000,0.000000,0.000000,0.000000
0.000000,0.000000,0.000000,0.000000,0.000000,0.000000,0.000000,0.000000,1000.000222,1000.000318,1000.000411,1000.000503,1000.000578,1000.000611,1000.000596,1000.000554,1000.000502,1000.000449,1000.000400,1000.000351,1000.000303,1000.000257,1000.000213,1000.000170,1000.000129,1000.000089,1000.000051,1000.000014,999.999979,999.999945,999.999913,999.999882,999.999853,999.999826,999.999799,999.999775,999.999751,999.999730,999.999709,999.999691,999.999673,999.999658,999.999644,999.999631,999.999620,999.999610,999.999602,999.999595,999.999590,999.999586,999.999584,999.999583,999.999584,999.999586,999.999590,999.999595,999.999602,999.999610,999.999620,999.999631,999.999644,999.999658,999.999673,999.999691,999.999709,999.999730,999.999751,999.999775,999.999799,999.999826,999.999853,999.999882,999.999913,999.999945,999.999979,1000.000014,1000.000051,1000.000089,1000.000129,1000.000170,1000.000213,1000.000257,1000.000303,1000.000351,1000.000400,1000.000449,1000.000502,1000.000554,1000.000596,1000.000611,1000.000578,1000.000503,1000.000411,1000.000318,1000.000222,0.000000,0.000000,0.000000,0.000000,0.000000,0.000000,0.000000,0.000000
0.000000,0.000000,0.000000,0.000000,0.000000,0.000000,0.000000,1000.000173,1000.000277,1000.000370,1000.000464,1000.000550,1000.000604,1000.000607,1000.000569,1000.000517,1000.000464,1000.000414,1000.000364,1000.000315,1000.000268,1000.000222,1000.000178,1000.000135,1000.000094,1000.000054,1000.000016,999.999979,999.999944,999.999910,999.999878,999.999847,999.999818,999.999790,999.999764,999.999739,999.999716,999.999694,999.999674,999.999655,999.999638,999.999623,999.999608,999.999596,999.999584,999.999575,999.999567,999.999560,999.999555,999.999551,999.999549,999.999548,999.999549,999.999551,999.999555,999.999560,999.999567,999.999575,999.999584,999.999596,999.999608,999.999623,999.999638,999.999655,999.999674,999.999694,999.999716,999.999739,999.999764,999.999790,999.999818,999.999847,999.999878,999.999910,999.999944,999.999979,1000.000016,1000.000054,1000.000094,1000.000135,1000.000178,1000.000222,1000.000268,1000.000315,1000.000364,1000.000414,1000.000464,1000.000517,1000.000569,1000.000607,1000.000604,1000.000550,1000.000464,1000.000370,1000.000277,1000.000173,0.000000,0.000000,0.000000,0.000000,0.000000,0.000000,0.000000
0.000000,0.000000,0.000000,0.000000,0.000000,0.000000,0.000000,1000.000227,1000.000325,1000.000420,1000.000513,1000.000585,1000.000613,1000.000589,1000.000538,1000.000482,1000.000430,1000.000380,1000.000330,1000.000281,1000.000234,1000.000188,1000.000144,1000.000101,1000.000060,1000.000020,999.999982,999.999945,999.999910,999.999877,999.999844,999.999814,999.999784,999.999757,999.999730,999.999706,999.999682,999.999661,999.999641,999.999622,999.999605,999.999589,999.999575,999.999562,999.999551,999.999541,999.999533,999.999526,999.999521,999.999517,999.999515,999.999514,999.999515,999.999517,999.999521,999.999526,999.999533,999.999541,999.999551,999.999562,999.999575,999.999589,999.999605,999.999622,999.999641,999.999661,999.999682,999.999706,999.999730,999.999757,999.999784,999.999814,999.999844,999.999877,999.999910,999.999945,999.999982,1000.000020,1000.000060,1000.000101,1000.000144,1000.000188,1000.000234,1000.000281,1000.000330,1000.000380,1000.000430,1000.000482,1000.000538,1000.000589,1000.000613,1000.000585,1000.000513,1000.000420,1000.000325,1000.000227,0.000000,0.000000,0.000000,0.000000,0.000000,0.000000,0.000000
0.000000,0.000000,0.000000,0.000000,0.000000,0.000000,1000.000174,1000.000279,1000.000373,1000.000469,1000.000554,1000.000607,1000.000606,1000.000564,1000.000506,1000.000451,1000.000399,1000.000347,1000.000297,1000.000249,1000.000202,1000.000156,1000.000112,1000.000069,1000.000028,999.999988,999.999950,999.999913,999.999878,999.999844,999.999812,999.999781,999.999752,999.999724,999.999698,999.999673,999.999650,999.999629,999.999608,999.999590,999.999572,999.999557,999.999542,999.999530,999.999519,999.999509,999.999501,999.999494,999.999489,999.999485,999.999483,999.999482,999.999483,999.999485,999.999489,999.999494,999.999501,999.999509,999.999519,999.999530,999.999542,999.999557,999.999572,999.999590,999.999608,999.999629,999.999650,999.999673,999.999698,999.999724,999.999752,999.999781,999.999812,999.999844,999.999878,999.999913,999.999950,999.999988,1000.000028,1000.000069,1000.000112,1000.000156,1000.000202,1000.000249,1000.000297,1000.000347,1000.000399,1000.000451,1000.000506,1000.000564,1000.000606,1000.000607,1000.000554,1000.000469,1000.000373,1000.000279,1000.000174,0.000000,0.000000,0.000000,0.000000,0.000000,0.000000
0.000000,0.000000,0.000000,0.000000,0.000000,0.000000,1000.000224,1000.000324,1000.000420,1000.000514,1000.000587,1000.000613,1000.000588,1000.000534,1000.000476,1000.000421,1000.000368,1000.000316,1000.000266,1000.000218,1000.000171,1000.000125,1000.000081,1000.000038,999.999997,999.999957,999.999919,999.999882,999.999847,999.999814,999.999781,999.999751,999.999721,999.999694,999.999667,999.999643,999.999620,999.999598,999.999578,999.999559,999.999542,999.999526,999.999512,999.999499,999.999488,999.999478,999.999470,999.999463,999.999458,999.999454,999.999452,999.999451,999.999452,999.999454,999.999458,999.999463,999.999470,999.999478,999.999488,999.999499,999.999512,999.999526,999.999542,999.999559,999.999578,999.999598,999.999620,999.999643,999.999667,999.999694,999.999721,999.999751,999.999781,999.999814,999.999847,999.999882,999.999919,999.999957,999.999997,1000.000038,1000.000081,1000.000125,1000.000171,1000.000218,1000.000266,1000.000316,1000.000368,1000.000421,1000.000476,1000.000534,1000.000588,1000.000613,1000.000587,1000.000514,1000.000420,1000.000324,1000.000224,0.000000,0.000000,0.000000,0.000000,0.000000,0.000000
0.000000,0.000000,0.000000,0.000000,0.000000,1000.000166,1000.000272,1000.000369,1000.000466,1000.000553,1000.000607,1000.000606,1000.000563,1000.000504,1000.000447,1000.000392,1000.000339,1000.000287,1000.000237,1000.000189,1000.000141,1000.000096,1000.000052,1000.000009,999.999968,999.999928,999.999890,999.999853,999.999818,999.999784,999.999752,999.999721,999.999692,999.999664,999.999638,999.999614,999.999590,999.999569,999.999548,999.999530,999.999512,999.999497,999.999482,999.999470,999.999459,999.999449,999.999441,999.999434,999.999429,999.999425,999.999423,999.999422,999.999423,999.999425,999.999429,999.999434,999.999441,999.999449,999.999459,999.999470,999.999482,999.999497,999.999512,999.999530,999.999548,999.999569,999.999590,999.999614,999.999638,999.999664,999.999692,999.999721,999.999752,999.999784,999.999818,999.999853,999.999890,999.999928,999.999968,1000.000009,1000.000052,1000.000096,1000.000141,1000.000189,1000.000237,1000.000287,1000.000339,1000.000392,1000.000447,1000.000504,1000.000563,1000.000606,1000.000607,1000.000553,1000.000466,1000.000369,1000.000272,1000.000166,0.000000,0.000000,0.000000,0.000000,0.000000
0.000000,0.000000,0.000000,0.000000,0.000000,1000.000210,1000.000313,1000.000412,1000.000509,1000.000584,1000.000613,1000.000588,1000.000535,1000.000475,1000.000419,1000.000365,1000.000311,1000.000259,1000.000209,1000.000161,1000.000114,1000.000068,1000.000024,999.999981,999.999940,999.999900,999.999862,999.999826,999.999790,999.999757,999.999724,999.999694,999.999664,999.999637,999.999611,999.999586,999.999563,999.999541,999.999521,999.999502,999.999485,999.999469,999.999455,999.999442,999.999431,999.999421,999.999413,999.999406,999.999401,999.999397,999.999395,999.999394,999.999395,999.999397,999.999401,999.999406,999.999413,999.999421,999.999431,999.999442,999.999455,999.999469,999.999485,999.999502,999.999521,999.999541,999.999563,999.999586,999.999611,999.999637,999.999664,999.999694,999.999724,999.999757,999.999790,999.999826,999.999862,999.999900,999.999940,999.999981,1000.000024,1000.000068,1000.000114,1000.000161,1000.000209,1000.000259,1000.000311,1000.000365,1000.000419,1000.000475,1000.000535,1000.000588,1000.000613,1000.000584,1000.000509,1000.000412,1000.000313,1000.000210,0.000000,0.000000,0.000000,0.000000,0.000000
0.000000,0.000000,0.000000,0.000000,1000.000145,1000.000253,1000.000353,1000.000453,1000.000545,1000.000604,1000.000607,1000.000564,1000.000506,1000.000448,1000.000393,1000.000338,1000.000285,1000.000233,1000.000183,1000.000134,1000.000087,1000.000042,999.999998,999.999955,999.999914,999.999874,999.999836,999.999799,999.999764,999.999730,999.999698,999.999667,999.999638,999.999611,999.999584,999.999560,999.999536,999.999515,999.999494,999.999476,999.999458,999.999443,999.999429,999.999416,999.999405,999.999395,999.999387,999.999380,999.999375,999.999371,999.999369,999.999368,999.999369,999.999371,999.999375,999.999380,999.999387,999.999395,999.999405,999.999416,999.999429,999.999443,999.999458,999.999476,999.999494,999.999515,999.999536,999.999560,999.999584,999.999611,999.999638,999.999667,999.999698,999.999730,999.999764,999.999799,999.999836,999.999874,999.999914,999.999955,999.999998,1000.000042,1000.000087,1000.000134,1000.000183,1000.000233,1000.000285,1000.000338,1000.000393,1000.000448,1000.000506,1000.000564,1000.000607,1000.000604,1000.000545,1000.000453,1000.000353,1000.000253,1000.000145,0.000000,0.000000,0.000000,0.000000
0.000000,0.000000,0.000000,0.000000,1000.000185,1000.000289,1000.000389,1000.000490,1000.000574,1000.000611,1000.000592,1000.000539,1000.000480,1000.000423,1000.000368,1000.000313,1000.000260,1000.000208,1000.000158,1000.000110,1000.000063,1000.000017,999.999973,999.999930,999.999889,999.999849,999.999811,999.999775,999.999739,999.999706,999.999673,999.999643,999.999614,999.999586,999.999560,999.999535,999.999512,999.999490,999.999470,999.999451,999.999434,999.999418,999.999404,999.999391,999.999380,999.999370,999.999362,999.999355,999.999350,999.999346,999.999344,999.999343,999.999344,999.999346,999.999350,999.999355,999.999362,999.999370,999.999380,999.999391,999.999404,999.999418,999.999434,999.999451,999.999470,999.999490,999.999512,999.999535,999.999560,999.999586,999.999614,999.999643,999.999673,999.999706,999.999739,999.999775,999.999811,999.999849,999.999889,999.999930,999.999973,1000.000017,1000.000063,1000.000110,1000.000158,1000.000208,1000.000260,1000.000313,1000.000368,1000.000423,1000.000480,1000.000539,1000.000592,1000.000611,1000.000574,1000.000490,1000.000389,1000.000289,1000.000185,0.000000,0.000000,0.000000,0.000000
