0.000000,0.000000,0.000000,0.000000,0.000000,0.000000,0.000000,0.000000,0.000000,0.000000,0.000000,0.000000,0.000000,0.000000,0.000000,0.000000,0.000000,0.000000,0.000000,0.000000,0.000000,0.000000,0.000000,0.000000,0.000000,0.000000,0.000000,0.000000,0.000000,0.000000,0.000000,0.000000,0.000000,0.000000,0.000000,0.000000,0.000000,0.000000,0.000000,0.000000,0.000000,0.000000,0.000000,0.000000,0.000000,0.000000,0.000000,0.000000,0.000000,0.000000,0.000000,0.000000,0.000000,0.000000,0.000000,0.000000,0.000000,0.000000,0.000000,0.000000,0.000000,0.000000,0.000000,0.000000,0.000000,0.000000,0.000000,0.000000,0.000000,0.000000,0.000000,0.000000,0.000000,0.000000,0.000000,0.000000,0.000000,0.000000,0.000000,0.000000,0.000000,0.000000,0.000000,0.000000,0.000000,0.000000,0.000000,0.000000,0.000000,0.000000,0.000000,0.000000,0.000000,0.000000,0.000000,0.000000,0.000000,0.000000,0.000000,0.000000,0.000000,0.000000,0.000000
0.000000,0.000000,0.000000,0.000000,0.000000,0.000000,0.000000,0.000000,0.000000,0.000000,0.000000,0.000000,0.000000,0.000000,0.000000,0.000000,0.000000,0.000000,0.000000,0.000000,0.000000,0.000000,0.000000,0.000000,0.000000,0.000000,0.000000,0.000000,0.000000,0.000000,0.000000,0.000000,0.000000,0.000000,0.000000,0.000000,0.000000,0.000000,0.000000,0.000000,0.000000,0.000000,0.000000,0.000000,0.000000,0.000000,0.000000,0.000000,0.000000,0.000000,0.000000,1000.000077,0.000000,0.000000,0.000000,0.000000,0.000000,0.000000,0.000000,0.000000,0.000000,0.000000,0.000000,0.000000,0.000000,0.000000,0.000000,0.000000,0.000000,0.000000,0.000000,0.000000,0.000000,0.000000,0.000000,0.000000,0.000000,0.000000,0.000000,0.000000,0.000000,0.000000,0.000000,0.000000,0.000000,0.000000,0.000000,0.000000,0.000000,0.000000,0.000000,0.000000,0.000000,0.000000,0.000000,0.000000,0.000000,0.000000,0.000000,0.000000,0.000000,0.000000,0.000000
0.000000,0.000000,0.000000,0.000000,0.000000,0.000000,0.000000,0.000000,0.000000,0.000000,0.000000,0.000000,0.000000,0.000000,0.000000,0.000000,0.000000,0.000000,0.000000,0.000000,0.000000,0.000000,0.000000,0.000000,0.000000,0.000000,0.000000,0.000000,0.000000,0.000000,0.000000,0.000000,0.000000,0.000000,0.000000,0.000000,0.000000,0.000000,0.000000,0.000000,0.000000,0.000000,1000.000141,1000.000164,1000.000176,1000.000182,1000.000185,1000.000186,1000.000186,1000.000185,1000.000184,1000.000190,1000.000184,1000.000185,1000.000186,1000.000186,1000.000185,1000.000182,1000.000176,1000.000164,1000.000141,0.000000,0.000000,0.000000,0.000000,0.000000,0.000000,0.000000,0.000000,0.000000,0.000000,0.000000,0.000000,0.000000,0.000000,0.000000,0.000000,0.000000,0.000000,0.000000,0.000000,0.000000,0.000000,0.000000,0.000000,0.000000,0.000000,0.000000,0.000000,0.000000,0.000000,0.000000,0.000000,0.000000,0.000000,0.000000,0.000000,0.000000,0.000000,0.000000,0.000000,0.000000,0.000000
0.000000,0.000000,0.000000,0.000000,0.000000,0.000000,0.000000,0.000000,0.000000,0.000000,0.000000,0.000000,0.000000,0.000000,0.000000,0.000000,0.000000,0.000000,0.000000,0.000000,0.000000,0.000000,0.000000,0.000000,0.000000,0.000000,0.000000,0.000000,0.000000,0.000000,0.000000,0.000000,0.000000,0.000000,0.000000,0.000000,0.000000,1000.000136,1000.000169,1000.000196,1000.000218,1000.000236,1000.000252,1000.000267,1000.000278,1000.000286,1000.000291,1000.000293,1000.000294,1000.000294,1000.000294,1000.000294,1000.000294,1000.000294,1000.000294,1000.000293,1000.000291,1000.000286,1000.000278,1000.000267,1000.000252,1000.000236,1000.000218,1000.000196,1000.000169,1000.000136,0.000000,0.000000,0.000000,0.000000,0.000000,0.000000,0.000000,0.000000,0.000000,0.000000,0.000000,0.000000,0.000000,0.000000,0.000000,0.000000,0.000000,0.000000,0.000000,0.000000,0.000000,0.000000,0.000000,0.000000,0.000000,0.000000,0.000000,0.000000,0.000000,0.000000,0.000000,0.000000,0.000000,0.000000,0.000000,0.000000,0.000000
0.000000,0.000000,0.000000,0.000000,0.000000,0.000000,0.000000,0.000000,0.000000,0.000000,0.000000,0.000000,0.000000,0.000000,0.000000,0.000000,0.000000,0.000000,0.000000,0.000000,0.000000,0.000000,0.000000,0.000000,0.000000,0.000000,0.000000,0.000000,0.000000,0.000000,0.000000,0.000000,0.000000,0.000000,1000.000141,1000.000180,1000.000212,1000.000244,1000.000272,1000.000297,1000.000320,1000.000340,1000.000358,1000.000372,1000.000383,1000.000390,1000.000394,1000.000397,1000.000398,1000.000398,1000.000399,1000.000398,1000.000399,1000.000398,1000.000398,1000.000397,1000.000394,1000.000390,1000.000383,1000.000372,1000.000358,1000.000340,1000.000320,1000.000297,1000.000272,1000.000244,1000.000212,1000.000180,1000.000141,0.000000,0.000000,0.000000,0.000000,0.000000,0.000000,0.000000,0.000000,0.000000,0.000000,0.000000,0.000000,0.000000,0.000000,0.000000,0.000000,0.000000,0.000000,0.000000,0.000000,0.000000,0.000000,0.000000,0.000000,0.000000,0.000000,0.000000,0.000000,0.000000,0.000000,0.000000,0.000000,0.000000,0.000000
0.000000,0.000000,0.000000,0.000000,0.000000,0.000000,0.000000,0.000000,0.000000,0.000000,0.000000,0.000000,0.000000,0.000000,0.000000,0.000000,0.000000,0.000000,0.000000,0.000000,0.000000,0.000000,0.000000,0.000000,0.000000,0.000000,0.000000,0.000000,0.000000,0.000000,0.000000,0.000000,1000.000161,1000.000205,1000.000247,1000.000281,1000.000313,1000.000344,1000.000372,1000.000397,1000.000420,1000.000442,1000.000462,1000.000477,1000.000486,1000.000492,1000.000495,1000.000497,1000.000497,1000.000498,1000.000498,1000.000498,1000.000498,1000.000498,1000.000497,1000.000497,1000.000495,1000.000492,1000.000486,1000.000477,1000.000462,1000.000442,1000.000420,1000.000397,1000.000372,1000.000344,1000.000313,1000.000281,1000.000247,1000.000205,1000.000161,0.000000,0.000000,0.000000,0.000000,0.000000,0.000000,0.000000,0.000000,0.000000,0.000000,0.000000,0.000000,0.000000,0.000000,0.000000,0.000000,0.000000,0.000000,0.000000,0.000000,0.000000,0.000000,0.000000,0.000000,0.000000,0.000000,0.000000,0.000000,0.000000,0.000000,0.000000,0.000000
0.000000,0.000000,0.000000,0.000000,0.000000,0.000000,0.000000,0.000000,0.000000,0.000000,0.000000,0.000000,0.000000,0.000000,0.000000,0.000000,0.000000,0.000000,0.000000,0.000000,0.000000,0.000000,0.000000,0.000000,0.000000,0.000000,0.000000,0.000000,0.000000,0.000000,1000.000169,1000.000218,1000.000265,1000.000305,1000.000343,1000.000379,1000.000413,1000.000445,1000.000472,1000.000496,1000.000516,1000.000534,1000.000550,1000.000561,1000.000566,1000.000569,1000.000571,1000.000571,1000.000572,1000.000572,1000.000572,1000.000572,1000.000572,1000.000572,1000.000572,1000.000571,1000.000571,1000.000569,1000.000566,1000.000561,1000.000550,1000.000534,1000.000516,1000.000496,1000.000472,1000.000445,1000.000413,1000.000379,1000.000343,1000.000305,1000.000265,1000.000218,1000.000169,0.000000,0.000000,0.000000,0.000000,0.000000,0.000000,0.000000,0.000000,0.000000,0.000000,0.000000,0.000000,0.000000,0.000000,0.000000,0.000000,0.000000,0.000000,0.000000,0.000000,0.000000,0.000000,0.000000,0.000000,0.000000,0.000000,0.000000,0.000000,0.000000,0.000000
0.000000,0.000000,0.000000,0.000000,0.000000,0.000000,0.000000,0.000000,0.000000,0.000000,0.000000,0.000000,0.000000,0.000000,0.000000,0.000000,0.000000,0.000000,0.000000,0.000000,0.000000,0.000000,0.000000,0.000000,0.000000,0.000000,0.000000,0.000000,1000.000168,1000.000221,1000.000271,1000.000315,1000.000359,1000.000401,1000.000441,1000.000477,1000.000508,1000.000535,1000.000557,1000.000572,1000.000582,1000.000588,1000.000590,1000.000589,1000.000588,1000.000587,1000.000586,1000.000585,1000.000585,1000.000584,1000.000584,1000.000584,1000.000584,1000.000584,1000.000585,1000.000585,1000.000586,1000.000587,1000.000588,1000.000589,1000.000590,1000.000588,1000.000582,1000.000572,1000.000557,1000.000535,1000.000508,1000.000477,1000.000441,1000.000401,1000.000359,1000.000315,1000.000271,1000.000221,1000.000168,0.000000,0.000000,0.000000,0.000000,0.000000,0.000000,0.000000,0.000000,0.000000,0.000000,0.000000,0.000000,0.000000,0.000000,0.000000,0.000000,0.000000,0.000000,0.000000,0.000000,0.000000,0.000000,0.000000,0.000000,0.000000,0.000000,0.000000,0.000000
0.000000,0.000000,0.000000,0.000000,0.000000,0.000000,0.000000,0.000000,0.000000,0.000000,0.000000,0.000000,0.000000,0.000000,0.000000,0.000000,0.000000,0.000000,0.000000,0.000000,0.000000,0.000000,0.000000,0.000000,0.000000,0.000000,1000.000160,1000.000216,1000.000269,1000.000317,1000.000364,1000.000409,1000.000454,1000.000495,1000.000531,1000.000559,1000.000578,1000.000590,1000.000595,1000.000594,1000.000590,1000.000582,1000.000570,1000.000559,1000.000551,1000.000546,1000.000543,1000.000541,1000.000539,1000.000538,1000.000538,1000.000538,1000.000538,1000.000538,1000.000539,1000.000541,1000.000543,1000.000546,1000.000551,1000.000559,1000.000570,1000.000582,1000.000590,1000.000594,1000.000595,1000.000590,1000.000578,1000.000559,1000.000531,1000.000495,1000.000454,1000.000409,1000.000364,1000.000317,1000.000269,1000.000216,1000.000160,0.000000,0.000000,0.000000,0.000000,0.000000,0.000000,0.000000,0.000000,0.000000,0.000000,0.000000,0.000000,0.000000,0.000000,0.000000,0.000000,0.000000,0.000000,0.000000,0.000000,0.000000,0.000000,0.000000,0.000000,0.000000,0.000000
0.000000,0.000000,0.000000,0.000000,0.000000,0.000000,0.000000,0.000000,0.000000,0.000000,0.000000,0.000000,0.000000,0.000000,0.000000,0.000000,0.000000,0.000000,0.000000,0.000000,0.000000,0.000000,0.000000,0.000000,1000.000137,1000.000199,1000.000258,1000.000310,1000.000360,1000.000409,1000.000457,1000.000501,1000.000539,1000.000569,1000.000588,1000.000596,1000.000594,1000.000587,1000.000574,1000.000560,1000.000546,1000.000531,1000.000516,1000.000502,1000.000492,1000.000486,1000.000481,1000.000478,1000.000475,1000.000474,1000.000473,1000.000472,1000.000473,1000.000474,1000.000475,1000.000478,1000.000481,1000.000486,1000.000492,1000.000502,1000.000516,1000.000531,1000.000546,1000.000560,1000.000574,1000.000587,1000.000594,1000.000596,1000.000588,1000.000569,1000.000539,1000.000501,1000.000457,1000.000409,1000.000360,1000.000310,1000.000258,1000.000199,1000.000137,0.000000,0.000000,0.000000,0.000000,0.000000,0.000000,0.000000,0.000000,0.000000,0.000000,0.000000,0.000000,0.000000,0.000000,0.000000,0.000000,0.000000,0.000000,0.000000,0.000000,0.000000,0.000000,0.000000,0.000000
0.000000,0.000000,0.000000,0.000000,0.000000,0.000000,0.000000,0.000000,0.000000,0.000000,0.000000,0.000000,0.000000,0.000000,0.000000,0.000000,0.000000,0.000000,0.000000,0.000000,0.000000,0.000000,0.000000,1000.000166,1000.000233,1000.000291,1000.000347,1000.000400,1000.000452,1000.000499,1000.000540,1000.000572,1000.000591,1000.000597,1000.000591,1000.000576,1000.000558,1000.000539,1000.000520,1000.000501,1000.000485,1000.000470,1000.000456,1000.000443,1000.000434,1000.000426,1000.000420,1000.000416,1000.000413,1000.000410,1000.000409,1000.000409,1000.000409,1000.000410,1000.000413,1000.000416,1000.000420,1000.000426,1000.000434,1000.000443,1000.000456,1000.000470,1000.000485,1000.000501,1000.000520,1000.000539,1000.000558,1000.000576,1000.000591,1000.000597,1000.000591,1000.000572,1000.000540,1000.000499,1000.000452,1000.000400,1000.000347,1000.000291,1000.000233,1000.000166,0.000000,0.000000,0.000000,0.000000,0.000000,0.000000,0.000000,0.000000,0.000000,0.000000,0.000000,0.000000,0.000000,0.000000,0.000000,0.000000,0.000000,0.000000,0.000000,0.000000,0.000000,0.000000,0.000000
0.000000,0.000000,0.000000,0.000000,0.000000,0.000000,0.000000,0.000000,0.000000,0.000000,0.000000,0.000000,0.000000,0.000000,0.000000,0.000000,0.000000,0.000000,0.000000,0.000000,0.000000,1000.000122,1000.000192,1000.000259,1000.000319,1000.000378,1000.000437,1000.000490,1000.000535,1000.000570,1000.000591,1000.000598,1000.000591,1000.000573,1000.000550,1000.000525,1000.000501,1000.000480,1000.000461,1000.000442,1000.000426,1000.000411,1000.000398,1000.000386,1000.000376,1000.000367,1000.000361,1000.000356,1000.000352,1000.000350,1000.000348,1000.000348,1000.000348,1000.000350,1000.000352,1000.000356,1000.000361,1000.000367,1000.000376,1000.000386,1000.000398,1000.000411,1000.000426,1000.000442,1000.000461,1000.000480,1000.000501,1000.000525,1000.000550,1000.000573,1000.000591,1000.000598,1000.000591,1000.000570,1000.000535,1000.000490,1000.000437,1000.000378,1000.000319,1000.000259,1000.000192,1000.000122,0.000000,0.000000,0.000000,0.000000,0.000000,0.000000,0.000000,0.000000,0.000000,0.000000,0.000000,0.000000,0.000000,0.000000,0.000000,0.000000,0.000000,0.000000,0.000000,0.000000,0.000000
0.000000,0.000000,0.000000,0.000000,0.000000,0.000000,0.000000,0.000000,0.000000,0.000000,0.000000,0.000000,0.000000,0.000000,0.000000,0.000000,0.000000,0.000000,0.000000,0.000000,1000.000143,1000.000216,1000.000279,1000.000341,1000.000403,1000.000465,1000.000520,1000.000563,1000.000588,1000.000597,1000.000591,1000.000573,1000.000548,1000.000521,1000.000493,1000.000467,1000.000444,1000.000423,1000.000404,1000.000386,1000.000369,1000.000354,1000.000341,1000.000329,1000.000319,1000.000310,1000.000303,1000.000298,1000.000294,1000.000291,1000.000289,1000.000289,1000.000289,1000.000291,1000.000294,1000.000298,1000.000303,1000.000310,1000.000319,1000.000329,1000.000341,1000.000354,1000.000369,1000.000386,1000.000404,1000.000423,1000.000444,1000.000467,1000.000493,1000.000521,1000.000548,1000.000573,1000.000591,1000.000597,1000.000588,1000.000563,1000.000520,1000.000465,1000.000403,1000.000341,1000.000279,1000.000216,1000.000143,0.000000,0.000000,0.000000,0.000000,0.000000,0.000000,0.000000,0.000000,0.000000,0.000000,0.000000,0.000000,0.000000,0.000000,0.000000,0.000000,0.000000,0.000000,0.000000,0.000000
0.000000,0.000000,0.000000,0.000000,0.000000,0.000000,0.000000,0.000000,0.000000,0.000000,0.000000,0.000000,0.000000,0.000000,0.000000,0.000000,0.000000,0.000000,0.000000,1000.000159,1000.000234,1000.000299,1000.000361,1000.000424,1000.000485,1000.000539,1000.000579,1000.000595,1000.000591,1000.000574,1000.000549,1000.000520,1000.000491,1000.000463,1000.000436,1000.000412,1000.000389,1000.000368,1000.000348,1000.000330,1000.000313,1000.000298,1000.000285,1000.000273,1000.000263,1000.000254,1000.000247,1000.000241,1000.000237,1000.000234,1000.000232,1000.000231,1000.000232,1000.000234,1000.000237,1000.000241,1000.000247,1000.000254,1000.000263,1000.000273,1000.000285,1000.000298,1000.000313,1000.000330,1000.000348,1000.000368,1000.000389,1000.000412,1000.000436,1000.000463,1000.000491,1000.000520,1000.000549,1000.000574,1000.000591,1000.000595,1000.000579,1000.000539,1000.000485,1000.000424,1000.000361,1000.000299,1000.000234,1000.000159,0.000000,0.000000,0.000000,0.000000,0.000000,0.000000,0.000000,0.000000,0.000000,0.000000,0.000000,0.000000,0.000000,0.000000,0.000000,0.000000,0.000000,0.000000,0.000000
0.000000,0.000000,0.000000,0.000000,0.000000,0.000000,0.000000,0.000000,0.000000,0.000000,0.000000,0.000000,0.000000,0.000000,0.000000,0.000000,0.000000,0.000000,1000.000169,1000.000247,1000.000315,1000.000381,1000.000446,1000.000504,1000.000554,1000.000587,1000.000596,1000.000580,1000.000554,1000.000524,1000.000493,1000.000463,1000.000435,1000.000408,1000.000382,1000.000358,1000.000335,1000.000313,1000.000294,1000.000276,1000.000259,1000.000244,1000.000231,1000.000219,1000.000208,1000.000199,1000.000192,1000.000186,1000.000181,1000.000178,1000.000176,1000.000176,1000.000176,1000.000178,1000.000181,1000.000186,1000.000192,1000.000199,1000.000208,1000.000219,1000.000231,1000.000244,1000.000259,1000.000276,1000.000294,1000.000313,1000.000335,1000.000358,1000.000382,1000.000408,1000.000435,1000.000463,1000.000493,1000.000524,1000.000554,1000.000580,1000.000596,1000.000587,1000.000554,1000.000504,1000.000446,1000.000381,1000.000315,1000.000247,1000.000169,0.000000,0.000000,0.000000,0.000000,0.000000,0.000000,0.000000,0.000000,0.000000,0.000000,0.000000,0.000000,0.000000,0.000000,0.000000,0.000000,0.000000,0.000000
0.000000,0.000000,0.000000,0.000000,0.000000,0.000000,0.000000,0.000000,0.000000,0.000000,0.000000,0.000000,0.000000,0.000000,0.000000,0.000000,0.000000,1000.000174,1000.000254,1000.000325,1000.000394,1000.000463,1000.000523,1000.000568,1000.000593,1000.000595,1000.000573,1000.000539,1000.000503,1000.000470,1000.000439,1000.000410,1000.000382,1000.000355,1000.000329,1000.000304,1000.000282,1000.000261,1000.000241,1000.000223,1000.000206,1000.000191,1000.000178,1000.000165,1000.000155,1000.000146,1000.000138,1000.000132,1000.000128,1000.000124,1000.000122,1000.000122,1000.000122,1000.000124,1000.000128,1000.000132,1000.000138,1000.000146,1000.000155,1000.000165,1000.000178,1000.000191,1000.000206,1000.000223,1000.000241,1000.000261,1000.000282,1000.000304,1000.000329,1000.000355,1000.000382,1000.000410,1000.000439,1000.000470,1000.000503,1000.000539,1000.000573,1000.000595,1000.000593,1000.000568,1000.000523,1000.000463,1000.000394,1000.000325,1000.000254,1000.000174,0.000000,0.000000,0.000000,0.000000,0.000000,0.000000,0.000000,0.000000,0.000000,0.000000,0.000000,0.000000,0.000000,0.000000,0.000000,0.000000,0.000000
0.000000,0.000000,0.000000,0.000000,0.000000,0.000000,0.000000,0.000000,0.000000,0.000000,0.000000,0.000000,0.000000,0.000000,0.000000,0.000000,1000.000176,1000.000258,1000.000330,1000.000402,1000.000473,1000.000535,1000.000579,1000.000595,1000.000588,1000.000564,1000.000528,1000.000488,1000.000452,1000.000419,1000.000388,1000.000359,1000.000330,1000.000303,1000.000277,1000.000253,1000.000230,1000.000209,1000.000189,1000.000171,1000.000155,1000.000140,1000.000126,1000.000114,1000.000103,1000.000094,1000.000086,1000.000080,1000.000075,1000.000072,1000.000070,1000.000069,1000.000070,1000.000072,1000.000075,1000.000080,1000.000086,1000.000094,1000.000103,1000.000114,1000.000126,1000.000140,1000.000155,1000.000171,1000.000189,1000.000209,1000.000230,1000.000253,1000.000277,1000.000303,1000.000330,1000.000359,1000.000388,1000.000419,1000.000452,1000.000488,1000.000528,1000.000564,1000.000588,1000.000595,1000.000579,1000.000535,1000.000473,1000.000402,1000.000330,1000.000258,1000.000176,0.000000,0.000000,0.000000,0.000000,0.000000,0.000000,0.000000,0.000000,0.000000,0.000000,0.000000,0.000000,0.000000,0.000000,0.000000,0.000000
0.000000,0.000000,0.000000,0.000000,0.000000,0.000000,0.000000,0.000000,0.000000,0.000000,0.000000,0.000000,0.000000,0.000000,0.000000,1000.000174,1000.000258,1000.000332,1000.000405,1000.000477,1000.000540,1000.000583,1000.000596,1000.000580,1000.000550,1000.000514,1000.000475,1000.000437,1000.000403,1000.000370,1000.000338,1000.000308,1000.000279,1000.000253,1000.000227,1000.000203,1000.000180,1000.000159,1000.000139,1000.000121,1000.000105,1000.000089,1000.000076,1000.000064,1000.000053,1000.000044,1000.000036,1000.000030,1000.000025,1000.000021,1000.000019,1000.000019,1000.000019,1000.000021,1000.000025,1000.000030,1000.000036,1000.000044,1000.000053,1000.000064,1000.000076,1000.000089,1000.000105,1000.000121,1000.000139,1000.000159,1000.000180,1000.000203,1000.000227,1000.000253,1000.000279,1000.000308,1000.000338,1000.000370,1000.000403,1000.000437,1000.000475,1000.000514,1000.000550,1000.000580,1000.000596,1000.000583,1000.000540,1000.000477,1000.000405,1000.000332,1000.000258,1000.000174,0.000000,0.000000,0.000000,0.000000,0.000000,0.000000,0.000000,0.000000,0.000000,0.000000,0.000000,0.000000,0.000000,0.000000,0.000000
0.000000,0.000000,0.000000,0.000000,0.000000,0.000000,0.000000,0.000000,0.000000,0.000000,0.000000,0.000000,0.000000,0.000000,1000.000169,1000.000254,1000.000330,1000.000405,1000.000479,1000.000542,1000.000585,1000.000596,1000.000576,1000.000540,1000.000501,1000.000462,1000.000425,1000.000389,1000.000355,1000.000321,1000.000289,1000.000259,1000.000231,1000.000204,1000.000178,1000.000154,1000.000131,1000.000110,1000.000091,1000.000073,1000.000056,1000.000041,1000.000027,1000.000015,1000.000004,999.999995,999.999987,999.999981,999.999976,999.999972,999.999970,999.999969,999.999970,999.999972,999.999976,999.999981,999.999987,999.999995,1000.000004,1000.000015,1000.000027,1000.000041,1000.000056,1000.000073,1000.000091,1000.000110,1000.000131,1000.000154,1000.000178,1000.000204,1000.000231,1000.000259,1000.000289,1000.000321,1000.000355,1000.000389,1000.000425,1000.000462,1000.000501,1000.000540,1000.000576,1000.000596,1000.000585,1000.000542,1000.000479,1000.000405,1000.000330,1000.000254,1000.000169,0.000000,0.000000,0.000000,0.000000,0.000000,0.000000,0.000000,0.000000,0.000000,0.000000,0.000000,0.000000,0.000000,0.000000
0.000000,0.000000,0.000000,0.000000,0.000000,0.000000,0.000000,0.000000,0.000000,0.000000,0.000000,0.000000,0.000000,1000.000159,1000.000247,1000.000325,1000.000402,1000.000477,1000.000542,1000.000586,1000.000596,1000.000574,1000.000536,1000.000493,1000.000452,1000.000414,1000.000378,1000.000342,1000.000307,1000.000273,1000.000242,1000.000212,1000.000184,1000.000156,1000.000131,1000.000107,1000.000084,1000.000063,1000.000043,1000.000025,1000.000009,999.999993,999.999980,999.999967,999.999957,999.999947,999.999939,999.999933,999.999928,999.999925,999.999922,999.999922,999.999922,999.999925,999.999928,999.999933,999.999939,999.999947,999.999957,999.999967,999.999980,999.999993,1000.000009,1000.000025,1000.000043,1000.000063,1000.000084,1000.000107,1000.000131,1000.000156,1000.000184,1000.000212,1000.000242,1000.000273,1000.000307,1000.000342,1000.000378,1000.000414,1000.000452,1000.000493,1000.000536,1000.000574,1000.000596,1000.000586,1000.000542,1000.000477,1000.000402,1000.000325,1000.000247,1000.000159,0.000000,0.000000,0.000000,0.000000,0.000000,0.000000,0.000000,0.000000,0.000000,0.000000,0.000000,0.000000,0.000000
0.000000,0.000000,0.000000,0.000000,0.000000,0.000000,0.000000,0.000000,0.000000,0.000000,0.000000,0.000000,1000.000143,1000.000234,1000.000315,1000.000394,1000.000473,1000.000540,1000.000585,1000.000596,1000.000574,1000.000535,1000.000490,1000.000446,1000.000407,1000.000369,1000.000331,1000.000295,1000.000261,1000.000228,1000.000196,1000.000166,1000.000138,1000.000111,1000.000085,1000.000061,1000.000038,1000.000017,999.999998,999.999979,999.999963,999.999947,999.999934,999.999921,999.999911,999.999901,999.999893,999.999887,999.999882,999.999878,999.999876,999.999876,999.999876,999.999878,999.999882,999.999887,999.999893,999.999901,999.999911,999.999921,999.999934,999.999947,999.999963,999.999979,999.999998,1000.000017,1000.000038,1000.000061,1000.000085,1000.000111,1000.000138,1000.000166,1000.000196,1000.000228,1000.000261,1000.000295,1000.000331,1000.000369,1000.000407,1000.000446,1000.000490,1000.000535,1000.000574,1000.000596,1000.000585,1000.000540,1000.000473,1000.000394,1000.000315,1000.000234,1000.000143,0.000000,0.000000,0.000000,0.000000,0.000000,0.000000,0.000000,0.000000,0.000000,0.000000,0.000000,0.000000
0.000000,0.000000,0.000000,0.000000,0.000000,0.000000,0.000000,0.000000,0.000000,0.000000,0.000000,1000.000122,1000.000216,1000.000299,1000.000381,1000.000463,1000.000535,1000.000583,1000.000596,1000.000574,1000.000535,1000.000489,1000.000444,1000.000403,1000.000363,1000.000324,1000.000286,1000.000251,1000.000216,1000.000183,1000.000152,1000.000122,1000.000093,1000.000066,1000.000041,1000.000017,999.999994,999.999973,999.999953,999.999935,999.999918,999.999903,999.999889,999.999877,999.999866,999.999857,999.999849,999.999842,999.999837,999.999834,999.999832,999.999831,999.999832,999.999834,999.999837,999.999842,999.999849,999.999857,999.999866,999.999877,999.999889,999.999903,999.999918,999.999935,999.999953,999.999973,999.999994,1000.000017,1000.000041,1000.000066,1000.000093,1000.000122,1000.000152,1000.000183,1000.000216,1000.000251,1000.000286,1000.000324,1000.000363,1000.000403,1000.000444,1000.000489,1000.000535,1000.000574,1000.000596,1000.000583,1000.000535,1000.000463,1000.000381,1000.000299,1000.000216,1000.000122,0.000000,0.000000,0.000000,0.000000,0.000000,0.000000,0.000000,0.000000,0.000000,0.000000,0.000000
0.000000,0.000000,0.000000,0.000000,0.000000,0.000000,0.000000,0.000000,0.000000,0.000000,0.000000,1000.000192,1000.000279,1000.000361,1000.000446,1000.000523,1000.000579,1000.000596,1000.000576,1000.000536,1000.000490,1000.000444,1000.000401,1000.000360,1000.000319,1000.000280,1000.000243,1000.000208,1000.000173,1000.000140,1000.000109,1000.000079,1000.000050,1000.000023,999.999998,999.999974,999.999951,999.999930,999.999910,999.999892,999.999875,999.999860,999.999846,999.999834,999.999823,999.999814,999.999806,999.999799,999.999794,999.999791,999.999788,999.999788,999.999788,999.999791,999.999794,999.999799,999.999806,999.999814,999.999823,999.999834,999.999846,999.999860,999.999875,999.999892,999.999910,999.999930,999.999951,999.999974,999.999998,1000.000023,1000.000050,1000.000079,1000.000109,1000.000140,1000.000173,1000.000208,1000.000243,1000.000280,1000.000319,1000.000360,1000.000401,1000.000444,1000.000490,1000.000536,1000.000576,1000.000596,1000.000579,1000.000523,1000.000446,1000.000361,1000.000279,1000.000192,0.000000,0.000000,0.000000,0.000000,0.000000,0.000000,0.000000,0.000000,0.000000,0.000000,0.000000
0.000000,0.000000,0.000000,0.000000,0.000000,0.000000,0.000000,0.000000,0.000000,0.000000,1000.000166,1000.000259,1000.000341,1000.000424,1000.000504,1000.000568,1000.000595,1000.000580,1000.000540,1000.000493,1000.000446,1000.000403,1000.000360,1000.000318,1000.000277,1000.000239,1000.000202,1000.000166,1000.000131,1000.000099,1000.000067,1000.000037,1000.000009,999.999982,999.999956,999.999932,999.999909,999.999888,999.999869,999.999850,999.999834,999.999818,999.999805,999.999792,999.999781,999.999772,999.999764,999.999758,999.999753,999.999749,999.999747,999.999746,999.999747,999.999749,999.999753,999.999758,999.999764,999.999772,999.999781,999.999792,999.999805,999.999818,999.999834,999.999850,999.999869,999.999888,999.999909,999.999932,999.999956,999.999982,1000.000009,1000.000037,1000.000067,1000.000099,1000.000131,1000.000166,1000.000202,1000.000239,1000.000277,1000.000318,1000.000360,1000.000403,1000.000446,1000.000493,1000.000540,1000.000580,1000.000595,1000.000568,1000.000504,1000.000424,1000.000341,1000.000259,1000.000166,0.000000,0.000000,0.000000,0.000000,0.000000,0.000000,0.000000,0.000000,0.000000,0.000000
0.000000,0.000000,0.000000,0.000000,0.000000,0.000000,0.000000,0.000000,0.000000,1000.000137,1000.000233,1000.000319,1000.000403,1000.000485,1000.000554,1000.000593,1000.000588,1000.000550,1000.000501,1000.000452,1000.000407,1000.000363,1000.000319,1000.000277,1000.000238,1000.000199,1000.000162,1000.000126,1000.000091,1000.000059,1000.000027,999.999997,999.999969,999.999942,999.999916,999.999892,999.999869,999.999848,999.999829,999.999810,999.999794,999.999778,999.999765,999.999752,999.999741,999.999732,999.999724,999.999717,999.999712,999.999709,999.999707,999.999706,999.999707,999.999709,999.999712,999.999717,999.999724,999.999732,999.999741,999.999752,999.999765,999.999778,999.999794,999.999810,999.999829,999.999848,999.999869,999.999892,999.999916,999.999942,999.999969,999.999997,1000.000027,1000.000059,1000.000091,1000.000126,1000.000162,1000.000199,1000.000238,1000.000277,1000.000319,1000.000363,1000.000407,1000.000452,1000.000501,1000.000550,1000.000588,1000.000593,1000.000554,1000.000485,1000.000403,1000.000319,1000.000233,1000.000137,0.000000,0.000000,0.000000,0.000000,0.000000,0.000000,0.000000,0.000000,0.000000
0.000000,0.000000,0.000000,0.000000,0.000000,0.000000,0.000000,0.000000,0.000000,1000.000199,1000.000291,1000.000378,1000.000465,1000.000539,1000.000587,1000.000595,1000.000564,1000.000514,1000.000462,1000.000414,1000.000369,1000.000324,1000.000280,1000.000239,1000.000199,1000.000160,1000.000123,1000.000087,1000.000053,1000.000020,999.999988,999.999958,999.999930,999.999903,999.999877,999.999853,999.999831,999.999810,999.999790,999.999772,999.999755,999.999740,999.999726,999.999713,999.999703,999.999693,999.999685,999.999679,999.999674,999.999670,999.999668,999.999667,999.999668,999.999670,999.999674,999.999679,999.999685,999.999693,999.999703,999.999713,999.999726,999.999740,999.999755,999.999772,999.999790,999.999810,999.999831,999.999853,999.999877,999.999903,999.999930,999.999958,999.999988,1000.000020,1000.000053,1000.000087,1000.000123,1000.000160,1000.000199,1000.000239,1000.000280,1000.000324,1000.000369,1000.000414,1000.000462,1000.000514,1000.000564,1000.000595,1000.000587,1000.000539,1000.000465,1000.000378,1000.000291,1000.000199,0.000000,0.000000,0.000000,0.000000,0.000000,0.000000,0.000000,0.000000,0.000000
0.000000,0.000000,0.000000,0.000000,0.000000,0.000000,0.000000,0.000000,1000.000160,1000.000258,1000.000347,1000.000437,1000.000520,1000.000579,1000.000596,1000.000573,1000.000528,1000.000475,1000.000425,1000.000378,1000.000331,1000.000286,1000.000243,1000.000202,1000.000162,1000.000123,1000.000086,1000.000050,1000.000015,999.999983,999.999951,999.999921,999.999893,999.999866,999.999840,999.999816,999.999794,999.999772,999.999753,999.999734,999.999718,999.999702,999.999689,999.999676,999.999665,999.999656,999.999648,999.999641,999.999636,999.999633,999.999631,999.999630,999.999631,999.999633,999.999636,999.999641,999.999648,999.999656,999.999665,999.999676,999.999689,999.999702,999.999718,999.999734,999.999753,999.999772,999.999794,999.999816,999.999840,999.999866,999.999893,999.999921,999.999951,999.999983,1000.000015,1000.000050,1000.000086,1000.000123,1000.000162,1000.000202,1000.000243,1000.000286,1000.000331,1000.000378,1000.000425,1000.000475,1000.000528,1000.000573,1000.000596,1000.000579,1000.000520,1000.000437,1000.000347,1000.000258,1000.000160,0.000000,0.000000,0.000000,0.000000,0.000000,0.000000,0.000000,0.000000
0.000000,0.000000,0.000000,0.000000,0.000000,0.000000,0.000000,0.000000,1000.000216,1000.000310,1000.000400,1000.000490,1000.000563,1000.000595,1000.000580,1000.000539,1000.000488,1000.000437,1000.000389,1000.000342,1000.000295,1000.000251,1000.000208,1000.000166,1000.000126,1000.000087,1000.000050,1000.000014,999.999980,999.999947,999.999915,999.999886,999.999857,999.999830,999.999805,999.999780,999.999758,999.999737,999.999717,999.999699,999.999682,999.999667,999.999653,999.999641,999.999630,999.999620,999.999612,999.999606,999.999601,999.999597,999.999595,999.999594,999.999595,999.999597,999.999601,999.999606,999.999612,999.999620,999.999630,999.999641,999.999653,999.999667,999.999682,999.999699,999.999717,999.999737,999.999758,999.999780,999.999805,999.999830,999.999857,999.999886,999.999915,999.999947,999.999980,1000.000014,1000.000050,1000.000087,1000.000126,1000.000166,1000.000208,1000.000251,1000.000295,1000.000342,1000.000389,1000.000437,1000.000488,1000.000539,1000.000580,1000.000595,1000.000563,1000.000490,1000.000400,1000.000310,1000.000216,0.000000,0.000000,0.000000,0.000000,0.000000,0.000000,0.000000,0.000000
0.000000,0.000000,0.000000,0.000000,0.000000,0.000000,0.000000,1000.000168,1000.000269,1000.000360,1000.000452,1000.000535,1000.000588,1000.000591,1000.000554,1000.000503,1000.000452,1000.000403,1000.000355,1000.000307,1000.000261,1000.000216,1000.000173,1000.000131,1000.000091,1000.000053,1000.000015,999.999980,999.999945,999.999913,999.999881,999.999851,999.999823,999.999796,999.999770,999.999746,999.999724,999.999702,999.999683,999.999664,999.999648,999.999632,999.999619,999.999606,999.999595,999.999586,999.999578,999.999571,999.999566,999.999563,999.999560,999.999560,999.999560,999.999563,999.999566,999.999571,999.999578,999.999586,999.999595,999.999606,999.999619,999.999632,999.999648,999.999664,999.999683,999.999702,999.999724,999.999746,999.999770,999.999796,999.999823,999.999851,999.999881,999.999913,999.999945,999.999980,1000.000015,1000.000053,1000.000091,1000.000131,1000.000173,1000.000216,1000.000261,1000.000307,1000.000355,1000.000403,1000.000452,1000.000503,1000.000554,1000.000591,1000.000588,1000.000535,1000.000452,1000.000360,1000.000269,1000.000168,0.000000,0.000000,0.000000,0.000000,0.000000,0.000000,0.000000
0.000000,0.000000,0.000000,0.000000,0.000000,0.000000,0.000000,1000.000221,1000.000317,1000.000409,1000.000499,1000.000570,1000.000597,1000.000574,1000.000524,1000.000470,1000.000419,1000.000370,1000.000321,1000.000273,1000.000228,1000.000183,1000.000140,1000.000099,1000.000059,1000.000020,999.999983,999.999947,999.999913,999.999880,999.999848,999.999818,999.999790,999.999763,999.999737,999.999713,999.999691,999.999670,999.999650,999.999632,999.999615,999.999600,999.999586,999.999573,999.999562,999.999553,999.999545,999.999538,999.999533,999.999530,999.999528,999.999527,999.999528,999.999530,999.999533,999.999538,999.999545,999.999553,999.999562,999.999573,999.999586,999.999600,999.999615,999.999632,999.999650,999.999670,999.999691,999.999713,999.999737,999.999763,999.999790,999.999818,999.999848,999.999880,999.999913,999.999947,999.999983,1000.000020,1000.000059,1000.000099,1000.000140,1000.000183,1000.000228,1000.000273,1000.000321,1000.000370,1000.000419,1000.000470,1000.000524,1000.000574,1000.000597,1000.000570,1000.000499,1000.000409,1000.000317,1000.000221,0.000000,0.000000,0.000000,0.000000,0.000000,0.000000,0.000000
0.000000,0.000000,0.000000,0.000000,0.000000,0.000000,1000.000169,1000.000271,1000.000364,1000.000457,1000.000540,1000.000591,1000.000591,1000.000549,1000.000493,1000.000439,1000.000388,1000.000338,1000.000289,1000.000242,1000.000196,1000.000152,1000.000109,1000.000067,1000.000027,999.999988,999.999951,999.999915,999.999881,999.999848,999.999817,999.999787,999.999759,999.999732,999.999706,999.999682,999.999659,999.999638,999.999619,999.999600,999.999584,999.999568,999.999554,999.999542,999.999531,999.999522,999.999514,999.999507,999.999502,999.999498,999.999496,999.999495,999.999496,999.999498,999.999502,999.999507,999.999514,999.999522,999.999531,999.999542,999.999554,999.999568,999.999584,999.999600,999.999619,999.999638,999.999659,999.999682,999.999706,999.999732,999.999759,999.999787,999.999817,999.999848,999.999881,999.999915,999.999951,999.999988,1000.000027,1000.000067,1000.000109,1000.000152,1000.000196,1000.000242,1000.000289,1000.000338,1000.000388,1000.000439,1000.000493,1000.000549,1000.000591,1000.000591,1000.000540,1000.000457,1000.000364,1000.000271,1000.000169,0.000000,0.000000,0.000000,0.000000,0.000000,0.000000
0.000000,0.000000,0.000000,0.000000,0.000000,0.000000,1000.000218,1000.000315,1000.000409,1000.000501,1000.000572,1000.000598,1000.000573,1000.000520,1000.000463,1000.000410,1000.000359,1000.000308,1000.000259,1000.000212,1000.000166,1000.000122,1000.000079,1000.000037,999.999997,999.999958,999.999921,999.999886,999.999851,999.999818,999.999787,999.999757,999.999729,999.999702,999.999676,999.999652,999.999629,999.999608,999.999589,999.999570,999.999554,999.999538,999.999524,999.999512,999.999501,999.999492,999.999484,999.999477,999.999472,999.999468,999.999466,999.999465,999.999466,999.999468,999.999472,999.999477,999.999484,999.999492,999.999501,999.999512,999.999524,999.999538,999.999554,999.999570,999.999589,999.999608,999.999629,999.999652,999.999676,999.999702,999.999729,999.999757,999.999787,999.999818,999.999851,999.999886,999.999921,999.999958,999.999997,1000.000037,1000.000079,1000.000122,1000.000166,1000.000212,1000.000259,1000.000308,1000.000359,1000.000410,1000.000463,1000.000520,1000.000573,1000.000598,1000.000572,1000.000501,1000.000409,1000.000315,1000.000218,0.000000,0.000000,0.000000,0.000000,0.000000,0.000000
0.000000,0.000000,0.000000,0.000000,0.000000,1000.000161,1000.000265,1000.000359,1000.000454,1000.000539,1000.000591,1000.000591,1000.000548,1000.000491,1000.000435,1000.000382,1000.000330,1000.000279,1000.000231,1000.000184,1000.000138,1000.000093,1000.000050,1000.000009,999.999969,999.999930,999.999893,999.999857,999.999823,999.999790,999.999759,999.999729,999.999700,999.999673,999.999648,999.999624,999.999601,999.999580,999.999560,999.999542,999.999525,999.999510,999.999496,999.999484,999.999473,999.999463,999.999455,999.999449,999.999444,999.999440,999.999438,999.999437,999.999438,999.999440,999.999444,999.999449,999.999455,999.999463,999.999473,999.999484,999.999496,999.999510,999.999525,999.999542,999.999560,999.999580,999.999601,999.999624,999.999648,999.999673,999.999700,999.999729,999.999759,999.999790,999.999823,999.999857,999.999893,999.999930,999.999969,1000.000009,1000.000050,1000.000093,1000.000138,1000.000184,1000.000231,1000.000279,1000.000330,1000.000382,1000.000435,1000.000491,1000.000548,1000.000591,1000.000591,1000.000539,1000.000454,1000.000359,1000.000265,1000.000161,0.000000,0.000000,0.000000,0.000000,0.000000
0.000000,0.000000,0.000000,0.000000,0.000000,1000.000205,1000.000305,1000.000401,1000.000495,1000.000569,1000.000597,1000.000573,1000.000521,1000.000463,1000.000408,1000.000355,1000.000303,1000.000253,1000.000204,1000.000156,1000.000111,1000.000066,1000.000023,999.999982,999.999942,999.999903,999.999866,999.999830,999.999796,999.999763,999.999732,999.999702,999.999673,999.999646,999.999621,999.999597,999.999574,999.999553,999.999533,999.999515,999.999498,999.999483,999.999469,999.999457,999.999446,999.999436,999.999428,999.999422,999.999417,999.999413,999.999411,999.999410,999.999411,999.999413,999.999417,999.999422,999.999428,999.999436,999.999446,999.999457,999.999469,999.999483,999.999498,999.999515,999.999533,999.999553,999.999574,999.999597,999.999621,999.999646,999.999673,999.999702,999.999732,999.999763,999.999796,999.999830,999.999866,999.999903,999.999942,999.999982,1000.000023,1000.000066,1000.000111,1000.000156,1000.000204,1000.000253,1000.000303,1000.000355,1000.000408,1000.000463,1000.000521,1000.000573,1000.000597,1000.000569,1000.000495,1000.000401,1000.000305,1000.000205,0.000000,0.000000,0.000000,0.000000,0.000000
0.000000,0.000000,0.000000,0.000000,1000.000141,1000.000247,1000.000343,1000.000441,1000.000531,1000.000588,1000.000591,1000.000550,1000.000493,1000.000436,1000.000382,1000.000329,1000.000277,1000.000227,1000.000178,1000.000131,1000.000085,1000.000041,999.999998,999.999956,999.999916,999.999877,999.999840,999.999805,999.999770,999.999737,999.999706,999.999676,999.999648,999.999621,999.999595,999.999571,999.999548,999.999527,999.999508,999.999489,999.999473,999.999457,999.999443,999.999431,999.999420,999.999411,999.999403,999.999396,999.999391,999.999387,999.999385,999.999384,999.999385,999.999387,999.999391,999.999396,999.999403,999.999411,999.999420,999.999431,999.999443,999.999457,999.999473,999.999489,999.999508,999.999527,999.999548,999.999571,999.999595,999.999621,999.999648,999.999676,999.999706,999.999737,999.999770,999.999805,999.999840,999.999877,999.999916,999.999956,999.999998,1000.000041,1000.000085,1000.000131,1000.000178,1000.000227,1000.000277,1000.000329,1000.000382,1000.000436,1000.000493,1000.000550,1000.000591,1000.000588,1000.000531,1000.000441,1000.000343,1000.000247,1000.000141,0.000000,0.000000,0.000000,0.000000
0.000000,0.000000,0.000000,0.000000,1000.000180,1000.000281,1000.000379,1000.000477,1000.000559,1000.000596,1000.000576,1000.000525,1000.000467,1000.000412,1000.000358,1000.000304,1000.000253,1000.000203,1000.000154,1000.000107,1000.000061,1000.000017,999.999974,999.999932,999.999892,999.999853,999.999816,999.999780,999.999746,999.999713,999.999682,999.999652,999.999624,999.999597,999.999571,999.999547,999.999524,999.999503,999.999484,999.999465,999.999449,999.999433,999.999419,999.999407,999.999396,999.999387,999.999379,999.999372,999.999367,999.999363,999.999361,999.999360,999.999361,999.999363,999.999367,999.999372,999.999379,999.999387,999.999396,999.999407,999.999419,999.999433,999.999449,999.999465,999.999484,999.999503,999.999524,999.999547,999.999571,999.999597,999.999624,999.999652,999.999682,999.999713,999.999746,999.999780,999.999816,999.999853,999.999892,999.999932,999.999974,1000.000017,1000.000061,1000.000107,1000.000154,1000.000203,1000.000253,1000.000304,1000.000358,1000.000412,1000.000467,1000.000525,1000.000576,1000.000596,1000.000559,1000.000477,1000.000379,1000.000281,1000.000180,0.000000,0.000000,0.000000,0.000000
