0.000000,0.000000,0.000000,0.000000,0.000000,0.000000,0.000000,0.000000,0.000000,0.000000,0.000000,0.000000,0.000000,0.000000,0.000000,0.000000,0.000000,0.000000,0.000000,0.000000,0.000000,0.000000,0.000000,0.000000,0.000000,0.000000,0.000000,0.000000,0.000000,0.000000,0.000000,0.000000,0.000000,0.000000,0.000000,0.000000,0.000000,0.000000,0.000000,0.000000,0.000000,0.000000,0.000000,0.000000,0.000000,0.000000,0.000000,0.000000,0.000000,0.000000,0.000000,0.000000,0.000000,0.000000,0.000000,0.000000,0.000000,0.000000,0.000000,0.000000,0.000000,0.000000,0.000000,0.000000,0.000000,0.000000,0.000000,0.000000,0.000000,0.000000,0.000000,0.000000,0.000000,0.000000,0.000000,0.000000,0.000000,0.000000,0.000000,0.000000,0.000000,0.000000,0.000000,0.000000,0.000000,0.000000,0.000000,0.000000,0.000000,0.000000,0.000000,0.000000,0.000000,0.000000,0.000000,0.000000,0.000000,0.000000,0.000000,0.000000,0.000000,0.000000,0.000000
0.000000,0.000000,0.000000,0.000000,0.000000,0.000000,0.000000,0.000000,0.000000,0.000000,0.000000,0.000000,0.000000,0.000000,0.000000,0.000000,0.000000,0.000000,0.000000,0.000000,0.000000,0.000000,0.000000,0.000000,0.000000,0.000000,0.000000,0.000000,0.000000,0.000000,0.000000,0.000000,0.000000,0.000000,0.000000,0.000000,0.000000,0.000000,0.000000,0.000000,0.000000,0.000000,0.000000,0.000000,0.000000,0.000000,0.000000,0.000000,0.000000,0.000000,0.000000,1000.000066,0.000000,0.000000,0.000000,0.000000,0.000000,0.000000,0.000000,0.000000,0.000000,0.000000,0.000000,0.000000,0.000000,0.000000,0.000000,0.000000,0.000000,0.000000,0.000000,0.000000,0.000000,0.000000,0.000000,0.000000,0.000000,0.000000,0.000000,0.000000,0.000000,0.000000,0.000000,0.000000,0.000000,0.000000,0.000000,0.000000,0.000000,0.000000,0.000000,0.000000,0.000000,0.000000,0.000000,0.000000,0.000000,0.000000,0.000000,0.000000,0.000000,0.000000,0.000000
0.000000,0.000000,0.000000,0.000000,0.000000,0.000000,0.000000,0.000000,0.000000,0.000000,0.000000,0.000000,0.000000,0.000000,0.000000,0.000000,0.000000,0.000000,0.000000,0.000000,0.000000,0.000000,0.000000,0.000000,0.000000,0.000000,0.000000,0.000000,0.000000,0.000000,0.000000,0.000000,0.000000,0.000000,0.000000,0.000000,0.000000,0.000000,0.000000,0.000000,0.000000,0.000000,1000.000121,1000.000141,1000.000151,1000.000156,1000.000159,1000.000160,1000.000160,1000.000159,1000.000158,1000.000163,1000.000158,1000.000159,1000.000160,1000.000160,1000.000159,1000.000156,1000.000151,1000.000141,1000.000121,0.000000,0.000000,0.000000,0.000000,0.000000,0.000000,0.000000,0.000000,0.000000,0.000000,0.000000,0.000000,0.000000,0.000000,0.000000,0.000000,0.000000,0.000000,0.000000,0.000000,0.000000,0.000000,0.000000,0.000000,0.000000,0.000000,0.000000,0.000000,0.000000,0.000000,0.000000,0.000000,0.000000,0.000000,0.000000,0.000000,0.000000,0.000000,0.000000,0.000000,0.000000,0.000000
0.000000,0.000000,0.000000,0.000000,0.000000,0.000000,0.000000,0.000000,0.000000,0.000000,0.000000,0.000000,0.000000,0.000000,0.000000,0.000000,0.000000,0.000000,0.000000,0.000000,0.000000,0.000000,0.000000,0.000000,0.000000,0.000000,0.000000,0.000000,0.000000,0.000000,0.000000,0.000000,0.000000,0.000000,0.000000,0.000000,0.000000,1000.000117,1000.000145,1000.000169,1000.000188,1000.000203,1000.000217,1000.000230,1000.000239,1000.000246,1000.000250,1000.000252,1000.000252,1000.000253,1000.000252,1000.000253,1000.000252,1000.000253,1000.000252,1000.000252,1000.000250,1000.000246,1000.000239,1000.000230,1000.000217,1000.000203,1000.000188,1000.000169,1000.000145,1000.000117,0.000000,0.000000,0.000000,0.000000,0.000000,0.000000,0.000000,0.000000,0.000000,0.000000,0.000000,0.000000,0.000000,0.000000,0.000000,0.000000,0.000000,0.000000,0.000000,0.000000,0.000000,0.000000,0.000000,0.000000,0.000000,0.000000,0.000000,0.000000,0.000000,0.000000,0.000000,0.000000,0.000000,0.000000,0.000000,0.000000,0.000000
0.000000,0.000000,0.000000,0.000000,0.000000,0.000000,0.000000,0.000000,0.000000,0.000000,0.000000,0.000000,0.000000,0.000000,0.000000,0.000000,0.000000,0.000000,0.000000,0.000000,0.000000,0.000000,0.000000,0.000000,0.000000,0.000000,0.000000,0.000000,0.000000,0.000000,0.000000,0.000000,0.000000,0.000000,1000.000121,1000.000155,1000.000182,1000.000210,1000.000233,1000.000255,1000.000275,1000.000292,1000.000308,1000.000320,1000.000329,1000.000335,1000.000339,1000.000341,1000.000342,1000.000342,1000.000343,1000.000342,1000.000343,1000.000342,1000.000342,1000.000341,1000.000339,1000.000335,1000.000329,1000.000320,1000.000308,1000.000292,1000.000275,1000.000255,1000.000233,1000.000210,1000.000182,1000.000155,1000.000121,0.000000,0.000000,0.000000,0.000000,0.000000,0.000000,0.000000,0.000000,0.000000,0.000000,0.000000,0.000000,0.000000,0.000000,0.000000,0.000000,0.000000,0.000000,0.000000,0.000000,0.000000,0.000000,0.000000,0.000000,0.000000,0.000000,0.000000,0.000000,0.000000,0.000000,0.000000,0.000000,0.000000,0.000000
0.000000,0.000000,0.000000,0.000000,0.000000,0.000000,0.000000,0.000000,0.000000,0.000000,0.000000,0.000000,0.000000,0.000000,0.000000,0.000000,0.000000,0.000000,0.000000,0.000000,0.000000,0.000000,0.000000,0.000000,0.000000,0.000000,0.000000,0.000000,0.000000,0.000000,0.000000,0.000000,1000.000139,1000.000176,1000.000212,1000.000242,1000.000269,1000.000296,1000.000320,1000.000341,1000.000361,1000.000380,1000.000397,1000.000410,1000.000419,1000.000423,1000.000426,1000.000427,1000.000428,1000.000428,1000.000429,1000.000429,1000.000429,1000.000428,1000.000428,1000.000427,1000.000426,1000.000423,1000.000419,1000.000410,1000.000397,1000.000380,1000.000361,1000.000341,1000.000320,1000.000296,1000.000269,1000.000242,1000.000212,1000.000176,1000.000139,0.000000,0.000000,0.000000,0.000000,0.000000,0.000000,0.000000,0.000000,0.000000,0.000000,0.000000,0.000000,0.000000,0.000000,0.000000,0.000000,0.000000,0.000000,0.000000,0.000000,0.000000,0.000000,0.000000,0.000000,0.000000,0.000000,0.000000,0.000000,0.000000,0.000000,0.000000,0.000000
0.000000,0.000000,0.000000,0.000000,0.000000,0.000000,0.000000,0.000000,0.000000,0.000000,0.000000,0.000000,0.000000,0.000000,0.000000,0.000000,0.000000,0.000000,0.000000,0.000000,0.000000,0.000000,0.000000,0.000000,0.000000,0.000000,0.000000,0.000000,0.000000,0.000000,1000.000145,1000.000187,1000.000228,1000.000262,1000.000295,1000.000326,1000.000355,1000.000382,1000.000406,1000.000427,1000.000444,1000.000460,1000.000474,1000.000483,1000.000488,1000.000491,1000.000492,1000.000493,1000.000493,1000.000493,1000.000493,1000.000493,1000.000493,1000.000493,1000.000493,1000.000493,1000.000492,1000.000491,1000.000488,1000.000483,1000.000474,1000.000460,1000.000444,1000.000427,1000.000406,1000.000382,1000.000355,1000.000326,1000.000295,1000.000262,1000.000228,1000.000187,1000.000145,0.000000,0.000000,0.000000,0.000000,0.000000,0.000000,0.000000,0.000000,0.000000,0.000000,0.000000,0.000000,0.000000,0.000000,0.000000,0.000000,0.000000,0.000000,0.000000,0.000000,0.000000,0.000000,0.000000,0.000000,0.000000,0.000000,0.000000,0.000000,0.000000,0.000000
0.000000,0.000000,0.000000,0.000000,0.000000,0.000000,0.000000,0.000000,0.000000,0.000000,0.000000,0.000000,0.000000,0.000000,0.000000,0.000000,0.000000,0.000000,0.000000,0.000000,0.000000,0.000000,0.000000,0.000000,0.000000,0.000000,0.000000,0.000000,1000.000145,1000.000190,1000.000233,1000.000271,1000.000309,1000.000345,1000.000380,1000.000411,1000.000438,1000.000461,1000.000480,1000.000493,1000.000502,1000.000508,1000.000509,1000.000508,1000.000507,1000.000506,1000.000505,1000.000505,1000.000504,1000.000504,1000.000503,1000.000503,1000.000503,1000.000504,1000.000504,1000.000505,1000.000505,1000.000506,1000.000507,1000.000508,1000.000509,1000.000508,1000.000502,1000.000493,1000.000480,1000.000461,1000.000438,1000.000411,1000.000380,1000.000345,1000.000309,1000.000271,1000.000233,1000.000190,1000.000145,0.000000,0.000000,0.000000,0.000000,0.000000,0.000000,0.000000,0.000000,0.000000,0.000000,0.000000,0.000000,0.000000,0.000000,0.000000,0.000000,0.000000,0.000000,0.000000,0.000000,0.000000,0.000000,0.000000,0.000000,0.000000,0.000000,0.000000,0.000000
0.000000,0.000000,0.000000,0.000000,0.000000,0.000000,0.000000,0.000000,0.000000,0.000000,0.000000,0.000000,0.000000,0.000000,0.000000,0.000000,0.000000,0.000000,0.000000,0.000000,0.000000,0.000000,0.000000,0.000000,0.000000,0.000000,1000.000137,1000.000186,1000.000232,1000.000272,1000.000313,1000.000352,1000.000390,1000.000426,1000.000458,1000.000482,1000.000499,1000.000509,1000.000513,1000.000512,1000.000509,1000.000502,1000.000491,1000.000481,1000.000474,1000.000470,1000.000467,1000.000466,1000.000464,1000.000463,1000.000463,1000.000463,1000.000463,1000.000463,1000.000464,1000.000466,1000.000467,1000.000470,1000.000474,1000.000481,1000.000491,1000.000502,1000.000509,1000.000512,1000.000513,1000.000509,1000.000499,1000.000482,1000.000458,1000.000426,1000.000390,1000.000352,1000.000313,1000.000272,1000.000232,1000.000186,1000.000137,0.000000,0.000000,0.000000,0.000000,0.000000,0.000000,0.000000,0.000000,0.000000,0.000000,0.000000,0.000000,0.000000,0.000000,0.000000,0.000000,0.000000,0.000000,0.000000,0.000000,0.000000,0.000000,0.000000,0.000000,0.000000,0.000000
0.000000,0.000000,0.000000,0.000000,0.000000,0.000000,0.000000,0.000000,0.000000,0.000000,0.000000,0.000000,0.000000,0.000000,0.000000,0.000000,0.000000,0.000000,0.000000,0.000000,0.000000,0.000000,0.000000,0.000000,1000.000118,1000.000171,1000.000222,1000.000266,1000.000310,1000.000352,1000.000393,1000.000431,1000.000464,1000.000491,1000.000508,1000.000514,1000.000512,1000.000506,1000.000494,1000.000482,1000.000470,1000.000457,1000.000444,1000.000432,1000.000423,1000.000418,1000.000414,1000.000411,1000.000409,1000.000407,1000.000406,1000.000406,1000.000406,1000.000407,1000.000409,1000.000411,1000.000414,1000.000418,1000.000423,1000.000432,1000.000444,1000.000457,1000.000470,1000.000482,1000.000494,1000.000506,1000.000512,1000.000514,1000.000508,1000.000491,1000.000464,1000.000431,1000.000393,1000.000352,1000.000310,1000.000266,1000.000222,1000.000171,1000.000118,0.000000,0.000000,0.000000,0.000000,0.000000,0.000000,0.000000,0.000000,0.000000,0.000000,0.000000,0.000000,0.000000,0.000000,0.000000,0.000000,0.000000,0.000000,0.000000,0.000000,0.000000,0.000000,0.000000,0.000000
0.000000,0.000000,0.000000,0.000000,0.000000,0.000000,0.000000,0.000000,0.000000,0.000000,0.000000,0.000000,0.000000,0.000000,0.000000,0.000000,0.000000,0.000000,0.000000,0.000000,0.000000,0.000000,0.000000,1000.000142,1000.000200,1000.000250,1000.000298,1000.000344,1000.000389,1000.000430,1000.000465,1000.000493,1000.000510,1000.000515,1000.000510,1000.000496,1000.000481,1000.000464,1000.000447,1000.000431,1000.000417,1000.000404,1000.000392,1000.000381,1000.000373,1000.000366,1000.000361,1000.000357,1000.000355,1000.000353,1000.000352,1000.000352,1000.000352,1000.000353,1000.000355,1000.000357,1000.000361,1000.000366,1000.000373,1000.000381,1000.000392,1000.000404,1000.000417,1000.000431,1000.000447,1000.000464,1000.000481,1000.000496,1000.000510,1000.000515,1000.000510,1000.000493,1000.000465,1000.000430,1000.000389,1000.000344,1000.000298,1000.000250,1000.000200,1000.000142,0.000000,0.000000,0.000000,0.000000,0.000000,0.000000,0.000000,0.000000,0.000000,0.000000,0.000000,0.000000,0.000000,0.000000,0.000000,0.000000,0.000000,0.000000,0.000000,0.000000,0.000000,0.000000,0.000000
0.000000,0.000000,0.000000,0.000000,0.000000,0.000000,0.000000,0.000000,0.000000,0.000000,0.000000,0.000000,0.000000,0.000000,0.000000,0.000000,0.000000,0.000000,0.000000,0.000000,0.000000,1000.000105,1000.000165,1000.000223,1000.000274,1000.000325,1000.000376,1000.000422,1000.000461,1000.000492,1000.000510,1000.000516,1000.000509,1000.000494,1000.000473,1000.000452,1000.000431,1000.000413,1000.000396,1000.000380,1000.000366,1000.000354,1000.000342,1000.000332,1000.000323,1000.000316,1000.000310,1000.000306,1000.000303,1000.000301,1000.000299,1000.000299,1000.000299,1000.000301,1000.000303,1000.000306,1000.000310,1000.000316,1000.000323,1000.000332,1000.000342,1000.000354,1000.000366,1000.000380,1000.000396,1000.000413,1000.000431,1000.000452,1000.000473,1000.000494,1000.000509,1000.000516,1000.000510,1000.000492,1000.000461,1000.000422,1000.000376,1000.000325,1000.000274,1000.000223,1000.000165,1000.000105,0.000000,0.000000,0.000000,0.000000,0.000000,0.000000,0.000000,0.000000,0.000000,0.000000,0.000000,0.000000,0.000000,0.000000,0.000000,0.000000,0.000000,0.000000,0.000000,0.000000,0.000000
0.000000,0.000000,0.000000,0.000000,0.000000,0.000000,0.000000,0.000000,0.000000,0.000000,0.000000,0.000000,0.000000,0.000000,0.000000,0.000000,0.000000,0.000000,0.000000,0.000000,1000.000123,1000.000186,1000.000240,1000.000293,1000.000347,1000.000400,1000.000448,1000.000485,1000.000507,1000.000515,1000.000509,1000.000493,1000.000472,1000.000448,1000.000424,1000.000402,1000.000382,1000.000364,1000.000347,1000.000332,1000.000318,1000.000304,1000.000293,1000.000283,1000.000274,1000.000266,1000.000261,1000.000256,1000.000252,1000.000250,1000.000249,1000.000248,1000.000249,1000.000250,1000.000252,1000.000256,1000.000261,1000.000266,1000.000274,1000.000283,1000.000293,1000.000304,1000.000318,1000.000332,1000.000347,1000.000364,1000.000382,1000.000402,1000.000424,1000.000448,1000.000472,1000.000493,1000.000509,1000.000515,1000.000507,1000.000485,1000.000448,1000.000400,1000.000347,1000.000293,1000.000240,1000.000186,1000.000123,0.000000,0.000000,0.000000,0.000000,0.000000,0.000000,0.000000,0.000000,0.000000,0.000000,0.000000,0.000000,0.000000,0.000000,0.000000,0.000000,0.000000,0.000000,0.000000,0.000000
0.000000,0.000000,0.000000,0.000000,0.000000,0.000000,0.000000,0.000000,0.000000,0.000000,0.000000,0.000000,0.000000,0.000000,0.000000,0.000000,0.000000,0.000000,0.000000,1000.000136,1000.000201,1000.000257,1000.000311,1000.000365,1000.000417,1000.000465,1000.000499,1000.000513,1000.000510,1000.000494,1000.000472,1000.000448,1000.000422,1000.000398,1000.000375,1000.000354,1000.000335,1000.000316,1000.000299,1000.000284,1000.000269,1000.000256,1000.000245,1000.000235,1000.000226,1000.000218,1000.000212,1000.000207,1000.000203,1000.000201,1000.000199,1000.000199,1000.000199,1000.000201,1000.000203,1000.000207,1000.000212,1000.000218,1000.000226,1000.000235,1000.000245,1000.000256,1000.000269,1000.000284,1000.000299,1000.000316,1000.000335,1000.000354,1000.000375,1000.000398,1000.000422,1000.000448,1000.000472,1000.000494,1000.000510,1000.000513,1000.000499,1000.000465,1000.000417,1000.000365,1000.000311,1000.000257,1000.000201,1000.000136,0.000000,0.000000,0.000000,0.000000,0.000000,0.000000,0.000000,0.000000,0.000000,0.000000,0.000000,0.000000,0.000000,0.000000,0.000000,0.000000,0.000000,0.000000,0.000000
0.000000,0.000000,0.000000,0.000000,0.000000,0.000000,0.000000,0.000000,0.000000,0.000000,0.000000,0.000000,0.000000,0.000000,0.000000,0.000000,0.000000,0.000000,1000.000145,1000.000212,1000.000271,1000.000327,1000.000384,1000.000434,1000.000477,1000.000507,1000.000514,1000.000500,1000.000477,1000.000451,1000.000424,1000.000398,1000.000374,1000.000351,1000.000329,1000.000308,1000.000288,1000.000269,1000.000253,1000.000237,1000.000223,1000.000210,1000.000198,1000.000188,1000.000179,1000.000171,1000.000165,1000.000160,1000.000156,1000.000153,1000.000151,1000.000151,1000.000151,1000.000153,1000.000156,1000.000160,1000.000165,1000.000171,1000.000179,1000.000188,1000.000198,1000.000210,1000.000223,1000.000237,1000.000253,1000.000269,1000.000288,1000.000308,1000.000329,1000.000351,1000.000374,1000.000398,1000.000424,1000.000451,1000.000477,1000.000500,1000.000514,1000.000507,1000.000477,1000.000434,1000.000384,1000.000327,1000.000271,1000.000212,1000.000145,0.000000,0.000000,0.000000,0.000000,0.000000,0.000000,0.000000,0.000000,0.000000,0.000000,0.000000,0.000000,0.000000,0.000000,0.000000,0.000000,0.000000,0.000000
0.000000,0.000000,0.000000,0.000000,0.000000,0.000000,0.000000,0.000000,0.000000,0.000000,0.000000,0.000000,0.000000,0.000000,0.000000,0.000000,0.000000,1000.000150,1000.000219,1000.000279,1000.000339,1000.000399,1000.000451,1000.000490,1000.000512,1000.000513,1000.000494,1000.000464,1000.000433,1000.000404,1000.000378,1000.000352,1000.000329,1000.000305,1000.000283,1000.000262,1000.000242,1000.000224,1000.000207,1000.000192,1000.000177,1000.000164,1000.000153,1000.000142,1000.000133,1000.000125,1000.000119,1000.000114,1000.000110,1000.000107,1000.000105,1000.000105,1000.000105,1000.000107,1000.000110,1000.000114,1000.000119,1000.000125,1000.000133,1000.000142,1000.000153,1000.000164,1000.000177,1000.000192,1000.000207,1000.000224,1000.000242,1000.000262,1000.000283,1000.000305,1000.000329,1000.000352,1000.000378,1000.000404,1000.000433,1000.000464,1000.000494,1000.000513,1000.000512,1000.000490,1000.000451,1000.000399,1000.000339,1000.000279,1000.000219,1000.000150,0.000000,0.000000,0.000000,0.000000,0.000000,0.000000,0.000000,0.000000,0.000000,0.000000,0.000000,0.000000,0.000000,0.000000,0.000000,0.000000,0.000000
0.000000,0.000000,0.000000,0.000000,0.000000,0.000000,0.000000,0.000000,0.000000,0.000000,0.000000,0.000000,0.000000,0.000000,0.000000,0.000000,1000.000151,1000.000222,1000.000284,1000.000345,1000.000407,1000.000461,1000.000499,1000.000514,1000.000507,1000.000485,1000.000454,1000.000420,1000.000388,1000.000360,1000.000334,1000.000308,1000.000284,1000.000260,1000.000238,1000.000218,1000.000198,1000.000180,1000.000163,1000.000147,1000.000133,1000.000120,1000.000108,1000.000098,1000.000089,1000.000081,1000.000074,1000.000069,1000.000065,1000.000062,1000.000060,1000.000060,1000.000060,1000.000062,1000.000065,1000.000069,1000.000074,1000.000081,1000.000089,1000.000098,1000.000108,1000.000120,1000.000133,1000.000147,1000.000163,1000.000180,1000.000198,1000.000218,1000.000238,1000.000260,1000.000284,1000.000308,1000.000334,1000.000360,1000.000388,1000.000420,1000.000454,1000.000485,1000.000507,1000.000514,1000.000499,1000.000461,1000.000407,1000.000345,1000.000284,1000.000222,1000.000151,0.000000,0.000000,0.000000,0.000000,0.000000,0.000000,0.000000,0.000000,0.000000,0.000000,0.000000,0.000000,0.000000,0.000000,0.000000,0.000000
0.000000,0.000000,0.000000,0.000000,0.000000,0.000000,0.000000,0.000000,0.000000,0.000000,0.000000,0.000000,0.000000,0.000000,0.000000,1000.000150,1000.000222,1000.000285,1000.000348,1000.000411,1000.000465,1000.000503,1000.000514,1000.000500,1000.000473,1000.000442,1000.000408,1000.000376,1000.000346,1000.000318,1000.000291,1000.000265,1000.000240,1000.000217,1000.000195,1000.000174,1000.000155,1000.000137,1000.000120,1000.000104,1000.000090,1000.000077,1000.000065,1000.000055,1000.000045,1000.000037,1000.000031,1000.000025,1000.000021,1000.000018,1000.000016,1000.000016,1000.000016,1000.000018,1000.000021,1000.000025,1000.000031,1000.000037,1000.000045,1000.000055,1000.000065,1000.000077,1000.000090,1000.000104,1000.000120,1000.000137,1000.000155,1000.000174,1000.000195,1000.000217,1000.000240,1000.000265,1000.000291,1000.000318,1000.000346,1000.000376,1000.000408,1000.000442,1000.000473,1000.000500,1000.000514,1000.000503,1000.000465,1000.000411,1000.000348,1000.000285,1000.000222,1000.000150,0.000000,0.000000,0.000000,0.000000,0.000000,0.000000,0.000000,0.000000,0.000000,0.000000,0.000000,0.000000,0.000000,0.000000,0.000000
0.000000,0.000000,0.000000,0.000000,0.000000,0.000000,0.000000,0.000000,0.000000,0.000000,0.000000,0.000000,0.000000,0.000000,1000.000145,1000.000219,1000.000284,1000.000348,1000.000412,1000.000467,1000.000505,1000.000514,1000.000496,1000.000465,1000.000430,1000.000397,1000.000365,1000.000335,1000.000305,1000.000276,1000.000249,1000.000223,1000.000199,1000.000175,1000.000153,1000.000132,1000.000113,1000.000095,1000.000078,1000.000062,1000.000048,1000.000035,1000.000023,1000.000013,1000.000003,999.999995,999.999989,999.999983,999.999979,999.999976,999.999974,999.999974,999.999974,999.999976,999.999979,999.999983,999.999989,999.999995,1000.000003,1000.000013,1000.000023,1000.000035,1000.000048,1000.000062,1000.000078,1000.000095,1000.000113,1000.000132,1000.000153,1000.000175,1000.000199,1000.000223,1000.000249,1000.000276,1000.000305,1000.000335,1000.000365,1000.000397,1000.000430,1000.000465,1000.000496,1000.000514,1000.000505,1000.000467,1000.000412,1000.000348,1000.000284,1000.000219,1000.000145,0.000000,0.000000,0.000000,0.000000,0.000000,0.000000,0.000000,0.000000,0.000000,0.000000,0.000000,0.000000,0.000000,0.000000
0.000000,0.000000,0.000000,0.000000,0.000000,0.000000,0.000000,0.000000,0.000000,0.000000,0.000000,0.000000,0.000000,1000.000136,1000.000212,1000.000279,1000.000345,1000.000411,1000.000467,1000.000506,1000.000514,1000.000495,1000.000461,1000.000424,1000.000388,1000.000356,1000.000325,1000.000294,1000.000264,1000.000235,1000.000208,1000.000182,1000.000158,1000.000134,1000.000112,1000.000092,1000.000072,1000.000054,1000.000037,1000.000022,1000.000007,999.999994,999.999982,999.999972,999.999963,999.999955,999.999948,999.999942,999.999938,999.999935,999.999933,999.999933,999.999933,999.999935,999.999938,999.999942,999.999948,999.999955,999.999963,999.999972,999.999982,999.999994,1000.000007,1000.000022,1000.000037,1000.000054,1000.000072,1000.000092,1000.000112,1000.000134,1000.000158,1000.000182,1000.000208,1000.000235,1000.000264,1000.000294,1000.000325,1000.000356,1000.000388,1000.000424,1000.000461,1000.000495,1000.000514,1000.000506,1000.000467,1000.000411,1000.000345,1000.000279,1000.000212,1000.000136,0.000000,0.000000,0.000000,0.000000,0.000000,0.000000,0.000000,0.000000,0.000000,0.000000,0.000000,0.000000,0.000000
0.000000,0.000000,0.000000,0.000000,0.000000,0.000000,0.000000,0.000000,0.000000,0.000000,0.000000,0.000000,1000.000123,1000.000201,1000.000271,1000.000339,1000.000407,1000.000465,1000.000505,1000.000514,1000.000494,1000.000460,1000.000421,1000.000383,1000.000350,1000.000317,1000.000285,1000.000254,1000.000224,1000.000196,1000.000169,1000.000143,1000.000118,1000.000095,1000.000073,1000.000052,1000.000033,1000.000015,999.999998,999.999982,999.999968,999.999955,999.999943,999.999932,999.999923,999.999915,999.999908,999.999903,999.999898,999.999895,999.999893,999.999893,999.999893,999.999895,999.999898,999.999903,999.999908,999.999915,999.999923,999.999932,999.999943,999.999955,999.999968,999.999982,999.999998,1000.000015,1000.000033,1000.000052,1000.000073,1000.000095,1000.000118,1000.000143,1000.000169,1000.000196,1000.000224,1000.000254,1000.000285,1000.000317,1000.000350,1000.000383,1000.000421,1000.000460,1000.000494,1000.000514,1000.000505,1000.000465,1000.000407,1000.000339,1000.000271,1000.000201,1000.000123,0.000000,0.000000,0.000000,0.000000,0.000000,0.000000,0.000000,0.000000,0.000000,0.000000,0.000000,0.000000
0.000000,0.000000,0.000000,0.000000,0.000000,0.000000,0.000000,0.000000,0.000000,0.000000,0.000000,1000.000105,1000.000186,1000.000257,1000.000327,1000.000399,1000.000461,1000.000503,1000.000514,1000.000495,1000.000460,1000.000420,1000.000381,1000.000346,1000.000312,1000.000278,1000.000246,1000.000215,1000.000186,1000.000158,1000.000130,1000.000105,1000.000080,1000.000057,1000.000035,1000.000014,999.999995,999.999976,999.999960,999.999944,999.999930,999.999916,999.999905,999.999894,999.999885,999.999877,999.999870,999.999864,999.999860,999.999857,999.999855,999.999854,999.999855,999.999857,999.999860,999.999864,999.999870,999.999877,999.999885,999.999894,999.999905,999.999916,999.999930,999.999944,999.999960,999.999976,999.999995,1000.000014,1000.000035,1000.000057,1000.000080,1000.000105,1000.000130,1000.000158,1000.000186,1000.000215,1000.000246,1000.000278,1000.000312,1000.000346,1000.000381,1000.000420,1000.000460,1000.000495,1000.000514,1000.000503,1000.000461,1000.000399,1000.000327,1000.000257,1000.000186,1000.000105,0.000000,0.000000,0.000000,0.000000,0.000000,0.000000,0.000000,0.000000,0.000000,0.000000,0.000000
0.000000,0.000000,0.000000,0.000000,0.000000,0.000000,0.000000,0.000000,0.000000,0.000000,0.000000,1000.000165,1000.000240,1000.000311,1000.000384,1000.000451,1000.000499,1000.000514,1000.000496,1000.000461,1000.000421,1000.000381,1000.000345,1000.000310,1000.000275,1000.000241,1000.000209,1000.000179,1000.000149,1000.000120,1000.000093,1000.000068,1000.000043,1000.000020,999.999998,999.999977,999.999958,999.999939,999.999923,999.999907,999.999893,999.999879,999.999868,999.999857,999.999848,999.999840,999.999833,999.999827,999.999823,999.999820,999.999818,999.999817,999.999818,999.999820,999.999823,999.999827,999.999833,999.999840,999.999848,999.999857,999.999868,999.999879,999.999893,999.999907,999.999923,999.999939,999.999958,999.999977,999.999998,1000.000020,1000.000043,1000.000068,1000.000093,1000.000120,1000.000149,1000.000179,1000.000209,1000.000241,1000.000275,1000.000310,1000.000345,1000.000381,1000.000421,1000.000461,1000.000496,1000.000514,1000.000499,1000.000451,1000.000384,1000.000311,1000.000240,1000.000165,0.000000,0.000000,0.000000,0.000000,0.000000,0.000000,0.000000,0.000000,0.000000,0.000000,0.000000
0.000000,0.000000,0.000000,0.000000,0.000000,0.000000,0.000000,0.000000,0.000000,0.000000,1000.000142,1000.000223,1000.000293,1000.000365,1000.000434,1000.000490,1000.000514,1000.000500,1000.000465,1000.000424,1000.000383,1000.000346,1000.000310,1000.000273,1000.000238,1000.000205,1000.000174,1000.000143,1000.000113,1000.000085,1000.000058,1000.000032,1000.000007,999.999984,999.999962,999.999941,999.999922,999.999904,999.999887,999.999871,999.999857,999.999844,999.999832,999.999821,999.999812,999.999804,999.999797,999.999791,999.999787,999.999784,999.999782,999.999781,999.999782,999.999784,999.999787,999.999791,999.999797,999.999804,999.999812,999.999821,999.999832,999.999844,999.999857,999.999871,999.999887,999.999904,999.999922,999.999941,999.999962,999.999984,1000.000007,1000.000032,1000.000058,1000.000085,1000.000113,1000.000143,1000.000174,1000.000205,1000.000238,1000.000273,1000.000310,1000.000346,1000.000383,1000.000424,1000.000465,1000.000500,1000.000514,1000.000490,1000.000434,1000.000365,1000.000293,1000.000223,1000.000142,0.000000,0.000000,0.000000,0.000000,0.000000,0.000000,0.000000,0.000000,0.000000,0.000000
0.000000,0.000000,0.000000,0.000000,0.000000,0.000000,0.000000,0.000000,0.000000,1000.000118,1000.000200,1000.000274,1000.000347,1000.000417,1000.000477,1000.000512,1000.000507,1000.000473,1000.000430,1000.000388,1000.000350,1000.000312,1000.000275,1000.000238,1000.000204,1000.000171,1000.000139,1000.000108,1000.000079,1000.000050,1000.000023,999.999997,999.999973,999.999950,999.999928,999.999907,999.999887,999.999869,999.999852,999.999837,999.999822,999.999809,999.999797,999.999787,999.999777,999.999769,999.999762,999.999757,999.999752,999.999749,999.999747,999.999747,999.999747,999.999749,999.999752,999.999757,999.999762,999.999769,999.999777,999.999787,999.999797,999.999809,999.999822,999.999837,999.999852,999.999869,999.999887,999.999907,999.999928,999.999950,999.999973,999.999997,1000.000023,1000.000050,1000.000079,1000.000108,1000.000139,1000.000171,1000.000204,1000.000238,1000.000275,1000.000312,1000.000350,1000.000388,1000.000430,1000.000473,1000.000507,1000.000512,1000.000477,1000.000417,1000.000347,1000.000274,1000.000200,1000.000118,0.000000,0.000000,0.000000,0.000000,0.000000,0.000000,0.000000,0.000000,0.000000
0.000000,0.000000,0.000000,0.000000,0.000000,0.000000,0.000000,0.000000,0.000000,1000.000171,1000.000250,1000.000325,1000.000400,1000.000465,1000.000507,1000.000513,1000.000485,1000.000442,1000.000397,1000.000356,1000.000317,1000.000278,1000.000241,1000.000205,1000.000171,1000.000138,1000.000105,1000.000075,1000.000045,1000.000017,999.999990,999.999964,999.999940,999.999916,999.999894,999.999874,999.999854,999.999836,999.999819,999.999803,999.999789,999.999776,999.999764,999.999753,999.999744,999.999736,999.999729,999.999723,999.999719,999.999716,999.999714,999.999713,999.999714,999.999716,999.999719,999.999723,999.999729,999.999736,999.999744,999.999753,999.999764,999.999776,999.999789,999.999803,999.999819,999.999836,999.999854,999.999874,999.999894,999.999916,999.999940,999.999964,999.999990,1000.000017,1000.000045,1000.000075,1000.000105,1000.000138,1000.000171,1000.000205,1000.000241,1000.000278,1000.000317,1000.000356,1000.000397,1000.000442,1000.000485,1000.000513,1000.000507,1000.000465,1000.000400,1000.000325,1000.000250,1000.000171,0.000000,0.000000,0.000000,0.000000,0.000000,0.000000,0.000000,0.000000,0.000000
0.000000,0.000000,0.000000,0.000000,0.000000,0.000000,0.000000,0.000000,1000.000137,1000.000222,1000.000298,1000.000376,1000.000448,1000.000499,1000.000514,1000.000494,1000.000454,1000.000408,1000.000365,1000.000325,1000.000285,1000.000246,1000.000209,1000.000174,1000.000139,1000.000105,1000.000074,1000.000043,1000.000013,999.999985,999.999958,999.999932,999.999908,999.999884,999.999862,999.999842,999.999822,999.999804,999.999787,999.999771,999.999757,999.999744,999.999732,999.999721,999.999712,999.999704,999.999697,999.999691,999.999687,999.999684,999.999682,999.999681,999.999682,999.999684,999.999687,999.999691,999.999697,999.999704,999.999712,999.999721,999.999732,999.999744,999.999757,999.999771,999.999787,999.999804,999.999822,999.999842,999.999862,999.999884,999.999908,999.999932,999.999958,999.999985,1000.000013,1000.000043,1000.000074,1000.000105,1000.000139,1000.000174,1000.000209,1000.000246,1000.000285,1000.000325,1000.000365,1000.000408,1000.000454,1000.000494,1000.000514,1000.000499,1000.000448,1000.000376,1000.000298,1000.000222,1000.000137,0.000000,0.000000,0.000000,0.000000,0.000000,0.000000,0.000000,0.000000
0.000000,0.000000,0.000000,0.000000,0.000000,0.000000,0.000000,0.000000,1000.000186,1000.000266,1000.000344,1000.000422,1000.000485,1000.000513,1000.000500,1000.000464,1000.000420,1000.000376,1000.000335,1000.000294,1000.000254,1000.000215,1000.000179,1000.000143,1000.000108,1000.000075,1000.000043,1000.000012,999.999982,999.999954,999.999927,999.999901,999.999877,999.999854,999.999832,999.999811,999.999792,999.999773,999.999756,999.999741,999.999726,999.999713,999.999701,999.999691,999.999681,999.999673,999.999666,999.999661,999.999656,999.999653,999.999651,999.999651,999.999651,999.999653,999.999656,999.999661,999.999666,999.999673,999.999681,999.999691,999.999701,999.999713,999.999726,999.999741,999.999756,999.999773,999.999792,999.999811,999.999832,999.999854,999.999877,999.999901,999.999927,999.999954,999.999982,1000.000012,1000.000043,1000.000075,1000.000108,1000.000143,1000.000179,1000.000215,1000.000254,1000.000294,1000.000335,1000.000376,1000.000420,1000.000464,1000.000500,1000.000513,1000.000485,1000.000422,1000.000344,1000.000266,1000.000186,0.000000,0.000000,0.000000,0.000000,0.000000,0.000000,0.000000,0.000000
0.000000,0.000000,0.000000,0.000000,0.000000,0.000000,0.000000,1000.000145,1000.000232,1000.000310,1000.000389,1000.000461,1000.000507,1000.000510,1000.000477,1000.000433,1000.000388,1000.000346,1000.000305,1000.000264,1000.000224,1000.000186,1000.000149,1000.000113,1000.000079,1000.000045,1000.000013,999.999982,999.999953,999.999925,999.999898,999.999872,999.999847,999.999824,999.999802,999.999782,999.999762,999.999744,999.999727,999.999711,999.999697,999.999684,999.999672,999.999661,999.999652,999.999644,999.999637,999.999631,999.999627,999.999624,999.999622,999.999621,999.999622,999.999624,999.999627,999.999631,999.999637,999.999644,999.999652,999.999661,999.999672,999.999684,999.999697,999.999711,999.999727,999.999744,999.999762,999.999782,999.999802,999.999824,999.999847,999.999872,999.999898,999.999925,999.999953,999.999982,1000.000013,1000.000045,1000.000079,1000.000113,1000.000149,1000.000186,1000.000224,1000.000264,1000.000305,1000.000346,1000.000388,1000.000433,1000.000477,1000.000510,1000.000507,1000.000461,1000.000389,1000.000310,1000.000232,1000.000145,0.000000,0.000000,0.000000,0.000000,0.000000,0.000000,0.000000
0.000000,0.000000,0.000000,0.000000,0.000000,0.000000,0.000000,1000.000190,1000.000272,1000.000352,1000.000430,1000.000492,1000.000515,1000.000494,1000.000451,1000.000404,1000.000360,1000.000318,1000.000276,1000.000235,1000.000196,1000.000158,1000.000120,1000.000085,1000.000050,1000.000017,999.999985,999.999954,999.999925,999.999896,999.999869,999.999844,999.999819,999.999796,999.999774,999.999753,999.999734,999.999716,999.999699,999.999683,999.999669,999.999655,999.999644,999.999633,999.999623,999.999615,999.999608,999.999603,999.999598,999.999595,999.999593,999.999593,999.999593,999.999595,999.999598,999.999603,999.999608,999.999615,999.999623,999.999633,999.999644,999.999655,999.999669,999.999683,999.999699,999.999716,999.999734,999.999753,999.999774,999.999796,999.999819,999.999844,999.999869,999.999896,999.999925,999.999954,999.999985,1000.000017,1000.000050,1000.000085,1000.000120,1000.000158,1000.000196,1000.000235,1000.000276,1000.000318,1000.000360,1000.000404,1000.000451,1000.000494,1000.000515,1000.000492,1000.000430,1000.000352,1000.000272,1000.000190,0.000000,0.000000,0.000000,0.000000,0.000000,0.000000,0.000000
0.000000,0.000000,0.000000,0.000000,0.000000,0.000000,1000.000145,1000.000233,1000.000313,1000.000393,1000.000465,1000.000510,1000.000509,1000.000472,1000.000424,1000.000378,1000.000334,1000.000291,1000.000249,1000.000208,1000.000169,1000.000130,1000.000093,1000.000058,1000.000023,999.999990,999.999958,999.999927,999.999898,999.999869,999.999842,999.999817,999.999792,999.999769,999.999747,999.999726,999.999707,999.999689,999.999672,999.999656,999.999642,999.999628,999.999617,999.999606,999.999596,999.999588,999.999581,999.999576,999.999571,999.999568,999.999566,999.999566,999.999566,999.999568,999.999571,999.999576,999.999581,999.999588,999.999596,999.999606,999.999617,999.999628,999.999642,999.999656,999.999672,999.999689,999.999707,999.999726,999.999747,999.999769,999.999792,999.999817,999.999842,999.999869,999.999898,999.999927,999.999958,999.999990,1000.000023,1000.000058,1000.000093,1000.000130,1000.000169,1000.000208,1000.000249,1000.000291,1000.000334,1000.000378,1000.000424,1000.000472,1000.000509,1000.000510,1000.000465,1000.000393,1000.000313,1000.000233,1000.000145,0.000000,0.000000,0.000000,0.000000,0.000000,0.000000
0.000000,0.000000,0.000000,0.000000,0.000000,0.000000,1000.000187,1000.000271,1000.000352,1000.000431,1000.000493,1000.000516,1000.000493,1000.000448,1000.000398,1000.000352,1000.000308,1000.000265,1000.000223,1000.000182,1000.000143,1000.000105,1000.000068,1000.000032,999.999997,999.999964,999.999932,999.999901,999.999872,999.999844,999.999817,999.999791,999.999766,999.999743,999.999721,999.999701,999.999681,999.999663,999.999646,999.999630,999.999616,999.999603,999.999591,999.999580,999.999571,999.999563,999.999556,999.999550,999.999546,999.999543,999.999541,999.999540,999.999541,999.999543,999.999546,999.999550,999.999556,999.999563,999.999571,999.999580,999.999591,999.999603,999.999616,999.999630,999.999646,999.999663,999.999681,999.999701,999.999721,999.999743,999.999766,999.999791,999.999817,999.999844,999.999872,999.999901,999.999932,999.999964,999.999997,1000.000032,1000.000068,1000.000105,1000.000143,1000.000182,1000.000223,1000.000265,1000.000308,1000.000352,1000.000398,1000.000448,1000.000493,1000.000516,1000.000493,1000.000431,1000.000352,1000.000271,1000.000187,0.000000,0.000000,0.000000,0.000000,0.000000,0.000000
0.000000,0.000000,0.000000,0.000000,0.000000,1000.000139,1000.000228,1000.000309,1000.000390,1000.000464,1000.000510,1000.000509,1000.000472,1000.000422,1000.000374,1000.000329,1000.000284,1000.000240,1000.000199,1000.000158,1000.000118,1000.000080,1000.000043,1000.000007,999.999973,999.999940,999.999908,999.999877,999.999847,999.999819,999.999792,999.999766,999.999742,999.999719,999.999697,999.999676,999.999657,999.999638,999.999622,999.999606,999.999591,999.999578,999.999566,999.999556,999.999546,999.999538,999.999531,999.999526,999.999521,999.999518,999.999516,999.999516,999.999516,999.999518,999.999521,999.999526,999.999531,999.999538,999.999546,999.999556,999.999566,999.999578,999.999591,999.999606,999.999622,999.999638,999.999657,999.999676,999.999697,999.999719,999.999742,999.999766,999.999792,999.999819,999.999847,999.999877,999.999908,999.999940,999.999973,1000.000007,1000.000043,1000.000080,1000.000118,1000.000158,1000.000199,1000.000240,1000.000284,1000.000329,1000.000374,1000.000422,1000.000472,1000.000509,1000.000510,1000.000464,1000.000390,1000.000309,1000.000228,1000.000139,0.000000,0.000000,0.000000,0.000000,0.000000
0.000000,0.000000,0.000000,0.000000,0.000000,1000.000176,1000.000262,1000.000345,1000.000426,1000.000491,1000.000515,1000.000494,1000.000448,1000.000398,1000.000351,1000.000305,1000.000260,1000.000217,1000.000175,1000.000134,1000.000095,1000.000057,1000.000020,999.999984,999.999950,999.999916,999.999884,999.999854,999.999824,999.999796,999.999769,999.999743,999.999719,999.999696,999.999674,999.999653,999.999633,999.999615,999.999598,999.999583,999.999568,999.999555,999.999543,999.999532,999.999523,999.999515,999.999508,999.999502,999.999498,999.999495,999.999493,999.999492,999.999493,999.999495,999.999498,999.999502,999.999508,999.999515,999.999523,999.999532,999.999543,999.999555,999.999568,999.999583,999.999598,999.999615,999.999633,999.999653,999.999674,999.999696,999.999719,999.999743,999.999769,999.999796,999.999824,999.999854,999.999884,999.999916,999.999950,999.999984,1000.000020,1000.000057,1000.000095,1000.000134,1000.000175,1000.000217,1000.000260,1000.000305,1000.000351,1000.000398,1000.000448,1000.000494,1000.000515,1000.000491,1000.000426,1000.000345,1000.000262,1000.000176,0.000000,0.000000,0.000000,0.000000,0.000000
0.000000,0.000000,0.000000,0.000000,1000.000121,1000.000212,1000.000295,1000.000380,1000.000458,1000.000508,1000.000510,1000.000473,1000.000424,1000.000375,1000.000329,1000.000283,1000.000238,1000.000195,1000.000153,1000.000112,1000.000073,1000.000035,999.999998,999.999962,999.999928,999.999894,999.999862,999.999832,999.999802,999.999774,999.999747,999.999721,999.999697,999.999674,999.999652,999.999631,999.999611,999.999593,999.999576,999.999561,999.999546,999.999533,999.999521,999.999510,999.999501,999.999493,999.999486,999.999480,999.999476,999.999473,999.999471,999.999470,999.999471,999.999473,999.999476,999.999480,999.999486,999.999493,999.999501,999.999510,999.999521,999.999533,999.999546,999.999561,999.999576,999.999593,999.999611,999.999631,999.999652,999.999674,999.999697,999.999721,999.999747,999.999774,999.999802,999.999832,999.999862,999.999894,999.999928,999.999962,999.999998,1000.000035,1000.000073,1000.000112,1000.000153,1000.000195,1000.000238,1000.000283,1000.000329,1000.000375,1000.000424,1000.000473,1000.000510,1000.000508,1000.000458,1000.000380,1000.000295,1000.000212,1000.000121,0.000000,0.000000,0.000000,0.000000
0.000000,0.000000,0.000000,0.000000,1000.000155,1000.000242,1000.000326,1000.000411,1000.000482,1000.000514,1000.000496,1000.000452,1000.000402,1000.000354,1000.000308,1000.000262,1000.000218,1000.000174,1000.000132,1000.000092,1000.000052,1000.000014,999.999977,999.999941,999.999907,999.999874,999.999842,999.999811,999.999782,999.999753,999.999726,999.999701,999.999676,999.999653,999.999631,999.999610,999.999591,999.999573,999.999556,999.999540,999.999526,999.999512,999.999500,999.999490,999.999480,999.999472,999.999465,999.999460,999.999455,999.999452,999.999450,999.999450,999.999450,999.999452,999.999455,999.999460,999.999465,999.999472,999.999480,999.999490,999.999500,999.999512,999.999526,999.999540,999.999556,999.999573,999.999591,999.999610,999.999631,999.999653,999.999676,999.999701,999.999726,999.999753,999.999782,999.999811,999.999842,999.999874,999.999907,999.999941,999.999977,1000.000014,1000.000052,1000.000092,1000.000132,1000.000174,1000.000218,1000.000262,1000.000308,1000.000354,1000.000402,1000.000452,1000.000496,1000.000514,1000.000482,1000.000411,1000.000326,1000.000242,1000.000155,0.000000,0.000000,0.000000,0.000000
