0.000000,0.000000,0.000000,0.000000,0.000000,0.000000,0.000000,0.000000,0.000000,0.000000,0.000000,0.000000,0.000000,0.000000,0.000000,0.000000,0.000000,0.000000,0.000000,0.000000,0.000000,0.000000,0.000000,0.000000,0.000000,0.000000,0.000000,0.000000,0.000000,0.000000,0.000000,0.000000,0.000000,0.000000,0.000000,0.000000,0.000000,0.000000,0.000000,0.000000,0.000000,0.000000,0.000000,0.000000,0.000000,0.000000,0.000000,0.000000,0.000000,0.000000,0.000000,0.000000,0.000000,0.000000,0.000000,0.000000,0.000000,0.000000,0.000000,0.000000,0.000000,0.000000,0.000000,0.000000,0.000000,0.000000,0.000000,0.000000,0.000000,0.000000,0.000000,0.000000,0.000000,0.000000,0.000000,0.000000,0.000000,0.000000,0.000000,0.000000,0.000000,0.000000,0.000000,0.000000,0.000000,0.000000,0.000000,0.000000,0.000000,0.000000,0.000000,0.000000,0.000000,0.000000,0.000000,0.000000,0.000000,0.000000,0.000000,0.000000,0.000000,0.000000,0.000000
0.000000,0.000000,0.000000,0.000000,0.000000,0.000000,0.000000,0.000000,0.000000,0.000000,0.000000,0.000000,0.000000,0.000000,0.000000,0.000000,0.000000,0.000000,0.000000,0.000000,0.000000,0.000000,0.000000,0.000000,0.000000,0.000000,0.000000,0.000000,0.000000,0.000000,0.000000,0.000000,0.000000,0.000000,0.000000,0.000000,0.000000,0.000000,0.000000,0.000000,0.000000,0.000000,0.000000,0.000000,0.000000,0.000000,0.000000,0.000000,0.000000,0.000000,0.000000,1000.000045,0.000000,0.000000,0.000000,0.000000,0.000000,0.000000,0.000000,0.000000,0.000000,0.000000,0.000000,0.000000,0.000000,0.000000,0.000000,0.000000,0.000000,0.000000,0.000000,0.000000,0.000000,0.000000,0.000000,0.000000,0.000000,0.000000,0.000000,0.000000,0.000000,0.000000,0.000000,0.000000,0.000000,0.000000,0.000000,0.000000,0.000000,0.000000,0.000000,0.000000,0.000000,0.000000,0.000000,0.000000,0.000000,0.000000,0.000000,0.000000,0.000000,0.000000,0.000000
0.000000,0.000000,0.000000,0.000000,0.000000,0.000000,0.000000,0.000000,0.000000,0.000000,0.000000,0.000000,0.000000,0.000000,0.000000,0.000000,0.000000,0.000000,0.000000,0.000000,0.000000,0.000000,0.000000,0.000000,0.000000,0.000000,0.000000,0.000000,0.000000,0.000000,0.000000,0.000000,0.000000,0.000000,0.000000,0.000000,0.000000,0.000000,0.000000,0.000000,0.000000,0.000000,1000.000083,1000.000097,1000.000104,1000.000107,1000.000109,1000.000110,1000.000110,1000.000109,1000.000109,1000.000112,1000.000109,1000.000109,1000.000110,1000.000110,1000.000109,1000.000107,1000.000104,1000.000097,1000.000083,0.000000,0.000000,0.000000,0.000000,0.000000,0.000000,0.000000,0.000000,0.000000,0.000000,0.000000,0.000000,0.000000,0.000000,0.000000,0.000000,0.000000,0.000000,0.000000,0.000000,0.000000,0.000000,0.000000,0.000000,0.000000,0.000000,0.000000,0.000000,0.000000,0.000000,0.000000,0.000000,0.000000,0.000000,0.000000,0.000000,0.000000,0.000000,0.000000,0.000000,0.000000,0.000000
0.000000,0.000000,0.000000,0.000000,0.000000,0.000000,0.000000,0.000000,0.000000,0.000000,0.000000,0.000000,0.000000,0.000000,0.000000,0.000000,0.000000,0.000000,0.000000,0.000000,0.000000,0.000000,0.000000,0.000000,0.000000,0.000000,0.000000,0.000000,0.000000,0.000000,0.000000,0.000000,0.000000,0.000000,0.000000,0.000000,0.000000,1000.000080,1000.000100,1000.000116,1000.000129,1000.000139,1000.000149,1000.000158,1000.000164,1000.000169,1000.000172,1000.000173,1000.000173,1000.000174,1000.000173,1000.000174,1000.000173,1000.000174,1000.000173,1000.000173,1000.000172,1000.000169,1000.000164,1000.000158,1000.000149,1000.000139,1000.000129,1000.000116,1000.000100,1000.000080,0.000000,0.000000,0.000000,0.000000,0.000000,0.000000,0.000000,0.000000,0.000000,0.000000,0.000000,0.000000,0.000000,0.000000,0.000000,0.000000,0.000000,0.000000,0.000000,0.000000,0.000000,0.000000,0.000000,0.000000,0.000000,0.000000,0.000000,0.000000,0.000000,0.000000,0.000000,0.000000,0.000000,0.000000,0.000000,0.000000,0.000000
0.000000,0.000000,0.000000,0.000000,0.000000,0.000000,0.000000,0.000000,0.000000,0.000000,0.000000,0.000000,0.000000,0.000000,0.000000,0.000000,0.000000,0.000000,0.000000,0.000000,0.000000,0.000000,0.000000,0.000000,0.000000,0.000000,0.000000,0.000000,0.000000,0.000000,0.000000,0.000000,0.000000,0.000000,1000.000083,1000.000106,1000.000125,1000.000144,1000.000160,1000.000175,1000.000189,1000.000201,1000.000211,1000.000220,1000.000226,1000.000230,1000.000233,1000.000234,1000.000235,1000.000235,1000.000235,1000.000235,1000.000235,1000.000235,1000.000235,1000.000234,1000.000233,1000.000230,1000.000226,1000.000220,1000.000211,1000.000201,1000.000189,1000.000175,1000.000160,1000.000144,1000.000125,1000.000106,1000.000083,0.000000,0.000000,0.000000,0.000000,0.000000,0.000000,0.000000,0.000000,0.000000,0.000000,0.000000,0.000000,0.000000,0.000000,0.000000,0.000000,0.000000,0.000000,0.000000,0.000000,0.000000,0.000000,0.000000,0.000000,0.000000,0.000000,0.000000,0.000000,0.000000,0.000000,0.000000,0.000000,0.000000,0.000000
0.000000,0.000000,0.000000,0.000000,0.000000,0.000000,0.000000,0.000000,0.000000,0.000000,0.000000,0.000000,0.000000,0.000000,0.000000,0.000000,0.000000,0.000000,0.000000,0.000000,0.000000,0.000000,0.000000,0.000000,0.000000,0.000000,0.000000,0.000000,0.000000,0.000000,0.000000,0.000000,1000.000095,1000.000121,1000.000146,1000.000166,1000.000185,1000.000203,1000.000220,1000.000234,1000.000248,1000.000261,1000.000273,1000.000282,1000.000288,1000.000291,1000.000293,1000.000294,1000.000295,1000.000295,1000.000295,1000.000295,1000.000295,1000.000295,1000.000295,1000.000294,1000.000293,1000.000291,1000.000288,1000.000282,1000.000273,1000.000261,1000.000248,1000.000234,1000.000220,1000.000203,1000.000185,1000.000166,1000.000146,1000.000121,1000.000095,0.000000,0.000000,0.000000,0.000000,0.000000,0.000000,0.000000,0.000000,0.000000,0.000000,0.000000,0.000000,0.000000,0.000000,0.000000,0.000000,0.000000,0.000000,0.000000,0.000000,0.000000,0.000000,0.000000,0.000000,0.000000,0.000000,0.000000,0.000000,0.000000,0.000000,0.000000,0.000000
0.000000,0.000000,0.000000,0.000000,0.000000,0.000000,0.000000,0.000000,0.000000,0.000000,0.000000,0.000000,0.000000,0.000000,0.000000,0.000000,0.000000,0.000000,0.000000,0.000000,0.000000,0.000000,0.000000,0.000000,0.000000,0.000000,0.000000,0.000000,0.000000,0.000000,1000.000100,1000.000129,1000.000156,1000.000180,1000.000203,1000.000223,1000.000244,1000.000263,1000.000279,1000.000294,1000.000306,1000.000317,1000.000328,1000.000334,1000.000338,1000.000340,1000.000340,1000.000341,1000.000341,1000.000341,1000.000341,1000.000341,1000.000341,1000.000341,1000.000341,1000.000341,1000.000340,1000.000340,1000.000338,1000.000334,1000.000328,1000.000317,1000.000306,1000.000294,1000.000279,1000.000263,1000.000244,1000.000223,1000.000203,1000.000180,1000.000156,1000.000129,1000.000100,0.000000,0.000000,0.000000,0.000000,0.000000,0.000000,0.000000,0.000000,0.000000,0.000000,0.000000,0.000000,0.000000,0.000000,0.000000,0.000000,0.000000,0.000000,0.000000,0.000000,0.000000,0.000000,0.000000,0.000000,0.000000,0.000000,0.000000,0.000000,0.000000,0.000000
0.000000,0.000000,0.000000,0.000000,0.000000,0.000000,0.000000,0.000000,0.000000,0.000000,0.000000,0.000000,0.000000,0.000000,0.000000,0.000000,0.000000,0.000000,0.000000,0.000000,0.000000,0.000000,0.000000,0.000000,0.000000,0.000000,0.000000,0.000000,1000.000099,1000.000130,1000.000160,1000.000186,1000.000212,1000.000237,1000.000261,1000.000283,1000.000301,1000.000318,1000.000332,1000.000341,1000.000347,1000.000351,1000.000352,1000.000351,1000.000350,1000.000350,1000.000349,1000.000349,1000.000348,1000.000348,1000.000348,1000.000348,1000.000348,1000.000348,1000.000348,1000.000349,1000.000349,1000.000350,1000.000350,1000.000351,1000.000352,1000.000351,1000.000347,1000.000341,1000.000332,1000.000318,1000.000301,1000.000283,1000.000261,1000.000237,1000.000212,1000.000186,1000.000160,1000.000130,1000.000099,0.000000,0.000000,0.000000,0.000000,0.000000,0.000000,0.000000,0.000000,0.000000,0.000000,0.000000,0.000000,0.000000,0.000000,0.000000,0.000000,0.000000,0.000000,0.000000,0.000000,0.000000,0.000000,0.000000,0.000000,0.000000,0.000000,0.000000,0.000000
0.000000,0.000000,0.000000,0.000000,0.000000,0.000000,0.000000,0.000000,0.000000,0.000000,0.000000,0.000000,0.000000,0.000000,0.000000,0.000000,0.000000,0.000000,0.000000,0.000000,0.000000,0.000000,0.000000,0.000000,0.000000,0.000000,1000.000094,1000.000128,1000.000159,1000.000187,1000.000215,1000.000241,1000.000268,1000.000293,1000.000315,1000.000333,1000.000345,1000.000352,1000.000355,1000.000354,1000.000351,1000.000346,1000.000338,1000.000331,1000.000326,1000.000323,1000.000322,1000.000320,1000.000320,1000.000319,1000.000318,1000.000318,1000.000318,1000.000319,1000.000320,1000.000320,1000.000322,1000.000323,1000.000326,1000.000331,1000.000338,1000.000346,1000.000351,1000.000354,1000.000355,1000.000352,1000.000345,1000.000333,1000.000315,1000.000293,1000.000268,1000.000241,1000.000215,1000.000187,1000.000159,1000.000128,1000.000094,0.000000,0.000000,0.000000,0.000000,0.000000,0.000000,0.000000,0.000000,0.000000,0.000000,0.000000,0.000000,0.000000,0.000000,0.000000,0.000000,0.000000,0.000000,0.000000,0.000000,0.000000,0.000000,0.000000,0.000000,0.000000,0.000000
0.000000,0.000000,0.000000,0.000000,0.000000,0.000000,0.000000,0.000000,0.000000,0.000000,0.000000,0.000000,0.000000,0.000000,0.000000,0.000000,0.000000,0.000000,0.000000,0.000000,0.000000,0.000000,0.000000,0.000000,1000.000081,1000.000118,1000.000153,1000.000183,1000.000213,1000.000241,1000.000270,1000.000297,1000.000320,1000.000339,1000.000351,1000.000355,1000.000354,1000.000349,1000.000341,1000.000332,1000.000323,1000.000314,1000.000305,1000.000297,1000.000290,1000.000287,1000.000284,1000.000282,1000.000281,1000.000280,1000.000279,1000.000279,1000.000279,1000.000280,1000.000281,1000.000282,1000.000284,1000.000287,1000.000290,1000.000297,1000.000305,1000.000314,1000.000323,1000.000332,1000.000341,1000.000349,1000.000354,1000.000355,1000.000351,1000.000339,1000.000320,1000.000297,1000.000270,1000.000241,1000.000213,1000.000183,1000.000153,1000.000118,1000.000081,0.000000,0.000000,0.000000,0.000000,0.000000,0.000000,0.000000,0.000000,0.000000,0.000000,0.000000,0.000000,0.000000,0.000000,0.000000,0.000000,0.000000,0.000000,0.000000,0.000000,0.000000,0.000000,0.000000,0.000000
0.000000,0.000000,0.000000,0.000000,0.000000,0.000000,0.000000,0.000000,0.000000,0.000000,0.000000,0.000000,0.000000,0.000000,0.000000,0.000000,0.000000,0.000000,0.000000,0.000000,0.000000,0.000000,0.000000,1000.000098,1000.000138,1000.000171,1000.000205,1000.000236,1000.000267,1000.000296,1000.000321,1000.000341,1000.000353,1000.000356,1000.000352,1000.000342,1000.000331,1000.000319,1000.000307,1000.000296,1000.000286,1000.000278,1000.000270,1000.000262,1000.000256,1000.000252,1000.000248,1000.000246,1000.000244,1000.000242,1000.000242,1000.000241,1000.000242,1000.000242,1000.000244,1000.000246,1000.000248,1000.000252,1000.000256,1000.000262,1000.000270,1000.000278,1000.000286,1000.000296,1000.000307,1000.000319,1000.000331,1000.000342,1000.000352,1000.000356,1000.000353,1000.000341,1000.000321,1000.000296,1000.000267,1000.000236,1000.000205,1000.000171,1000.000138,1000.000098,0.000000,0.000000,0.000000,0.000000,0.000000,0.000000,0.000000,0.000000,0.000000,0.000000,0.000000,0.000000,0.000000,0.000000,0.000000,0.000000,0.000000,0.000000,0.000000,0.000000,0.000000,0.000000,0.000000
0.000000,0.000000,0.000000,0.000000,0.000000,0.000000,0.000000,0.000000,0.000000,0.000000,0.000000,0.000000,0.000000,0.000000,0.000000,0.000000,0.000000,0.000000,0.000000,0.000000,0.000000,1000.000072,1000.000113,1000.000153,1000.000188,1000.000223,1000.000258,1000.000290,1000.000318,1000.000340,1000.000353,1000.000356,1000.000352,1000.000340,1000.000326,1000.000310,1000.000296,1000.000284,1000.000272,1000.000261,1000.000252,1000.000243,1000.000235,1000.000228,1000.000222,1000.000217,1000.000213,1000.000210,1000.000208,1000.000207,1000.000206,1000.000205,1000.000206,1000.000207,1000.000208,1000.000210,1000.000213,1000.000217,1000.000222,1000.000228,1000.000235,1000.000243,1000.000252,1000.000261,1000.000272,1000.000284,1000.000296,1000.000310,1000.000326,1000.000340,1000.000352,1000.000356,1000.000353,1000.000340,1000.000318,1000.000290,1000.000258,1000.000223,1000.000188,1000.000153,1000.000113,1000.000072,0.000000,0.000000,0.000000,0.000000,0.000000,0.000000,0.000000,0.000000,0.000000,0.000000,0.000000,0.000000,0.000000,0.000000,0.000000,0.000000,0.000000,0.000000,0.000000,0.000000,0.000000
0.000000,0.000000,0.000000,0.000000,0.000000,0.000000,0.000000,0.000000,0.000000,0.000000,0.000000,0.000000,0.000000,0.000000,0.000000,0.000000,0.000000,0.000000,0.000000,0.000000,1000.000084,1000.000128,1000.000165,1000.000201,1000.000238,1000.000275,1000.000309,1000.000335,1000.000351,1000.000356,1000.000352,1000.000340,1000.000325,1000.000308,1000.000291,1000.000276,1000.000262,1000.000250,1000.000239,1000.000228,1000.000218,1000.000209,1000.000201,1000.000194,1000.000188,1000.000183,1000.000179,1000.000176,1000.000173,1000.000172,1000.000171,1000.000170,1000.000171,1000.000172,1000.000173,1000.000176,1000.000179,1000.000183,1000.000188,1000.000194,1000.000201,1000.000209,1000.000218,1000.000228,1000.000239,1000.000250,1000.000262,1000.000276,1000.000291,1000.000308,1000.000325,1000.000340,1000.000352,1000.000356,1000.000351,1000.000335,1000.000309,1000.000275,1000.000238,1000.000201,1000.000165,1000.000128,1000.000084,0.000000,0.000000,0.000000,0.000000,0.000000,0.000000,0.000000,0.000000,0.000000,0.000000,0.000000,0.000000,0.000000,0.000000,0.000000,0.000000,0.000000,0.000000,0.000000,0.000000
0.000000,0.000000,0.000000,0.000000,0.000000,0.000000,0.000000,0.000000,0.000000,0.000000,0.000000,0.000000,0.000000,0.000000,0.000000,0.000000,0.000000,0.000000,0.000000,1000.000094,1000.000138,1000.000176,1000.000213,1000.000251,1000.000287,1000.000320,1000.000345,1000.000355,1000.000352,1000.000341,1000.000325,1000.000308,1000.000290,1000.000273,1000.000258,1000.000243,1000.000230,1000.000217,1000.000206,1000.000195,1000.000185,1000.000176,1000.000168,1000.000161,1000.000155,1000.000150,1000.000146,1000.000142,1000.000140,1000.000138,1000.000137,1000.000136,1000.000137,1000.000138,1000.000140,1000.000142,1000.000146,1000.000150,1000.000155,1000.000161,1000.000168,1000.000176,1000.000185,1000.000195,1000.000206,1000.000217,1000.000230,1000.000243,1000.000258,1000.000273,1000.000290,1000.000308,1000.000325,1000.000341,1000.000352,1000.000355,1000.000345,1000.000320,1000.000287,1000.000251,1000.000213,1000.000176,1000.000138,1000.000094,0.000000,0.000000,0.000000,0.000000,0.000000,0.000000,0.000000,0.000000,0.000000,0.000000,0.000000,0.000000,0.000000,0.000000,0.000000,0.000000,0.000000,0.000000,0.000000
0.000000,0.000000,0.000000,0.000000,0.000000,0.000000,0.000000,0.000000,0.000000,0.000000,0.000000,0.000000,0.000000,0.000000,0.000000,0.000000,0.000000,0.000000,1000.000100,1000.000146,1000.000186,1000.000225,1000.000264,1000.000299,1000.000329,1000.000350,1000.000355,1000.000345,1000.000328,1000.000310,1000.000291,1000.000274,1000.000257,1000.000241,1000.000226,1000.000211,1000.000198,1000.000185,1000.000173,1000.000163,1000.000153,1000.000144,1000.000136,1000.000129,1000.000123,1000.000118,1000.000113,1000.000110,1000.000107,1000.000105,1000.000104,1000.000104,1000.000104,1000.000105,1000.000107,1000.000110,1000.000113,1000.000118,1000.000123,1000.000129,1000.000136,1000.000144,1000.000153,1000.000163,1000.000173,1000.000185,1000.000198,1000.000211,1000.000226,1000.000241,1000.000257,1000.000274,1000.000291,1000.000310,1000.000328,1000.000345,1000.000355,1000.000350,1000.000329,1000.000299,1000.000264,1000.000225,1000.000186,1000.000146,1000.000100,0.000000,0.000000,0.000000,0.000000,0.000000,0.000000,0.000000,0.000000,0.000000,0.000000,0.000000,0.000000,0.000000,0.000000,0.000000,0.000000,0.000000,0.000000
0.000000,0.000000,0.000000,0.000000,0.000000,0.000000,0.000000,0.000000,0.000000,0.000000,0.000000,0.000000,0.000000,0.000000,0.000000,0.000000,0.000000,1000.000103,1000.000150,1000.000192,1000.000233,1000.000274,1000.000311,1000.000338,1000.000354,1000.000354,1000.000340,1000.000319,1000.000297,1000.000277,1000.000259,1000.000242,1000.000226,1000.000210,1000.000194,1000.000180,1000.000166,1000.000154,1000.000142,1000.000132,1000.000122,1000.000113,1000.000105,1000.000098,1000.000091,1000.000086,1000.000082,1000.000078,1000.000075,1000.000073,1000.000072,1000.000072,1000.000072,1000.000073,1000.000075,1000.000078,1000.000082,1000.000086,1000.000091,1000.000098,1000.000105,1000.000113,1000.000122,1000.000132,1000.000142,1000.000154,1000.000166,1000.000180,1000.000194,1000.000210,1000.000226,1000.000242,1000.000259,1000.000277,1000.000297,1000.000319,1000.000340,1000.000354,1000.000354,1000.000338,1000.000311,1000.000274,1000.000233,1000.000192,1000.000150,1000.000103,0.000000,0.000000,0.000000,0.000000,0.000000,0.000000,0.000000,0.000000,0.000000,0.000000,0.000000,0.000000,0.000000,0.000000,0.000000,0.000000,0.000000
0.000000,0.000000,0.000000,0.000000,0.000000,0.000000,0.000000,0.000000,0.000000,0.000000,0.000000,0.000000,0.000000,0.000000,0.000000,0.000000,1000.000104,1000.000152,1000.000195,1000.000237,1000.000280,1000.000318,1000.000345,1000.000355,1000.000350,1000.000334,1000.000312,1000.000289,1000.000267,1000.000248,1000.000230,1000.000212,1000.000195,1000.000179,1000.000164,1000.000149,1000.000136,1000.000123,1000.000112,1000.000101,1000.000091,1000.000082,1000.000074,1000.000067,1000.000061,1000.000055,1000.000051,1000.000047,1000.000044,1000.000042,1000.000041,1000.000041,1000.000041,1000.000042,1000.000044,1000.000047,1000.000051,1000.000055,1000.000061,1000.000067,1000.000074,1000.000082,1000.000091,1000.000101,1000.000112,1000.000123,1000.000136,1000.000149,1000.000164,1000.000179,1000.000195,1000.000212,1000.000230,1000.000248,1000.000267,1000.000289,1000.000312,1000.000334,1000.000350,1000.000355,1000.000345,1000.000318,1000.000280,1000.000237,1000.000195,1000.000152,1000.000104,0.000000,0.000000,0.000000,0.000000,0.000000,0.000000,0.000000,0.000000,0.000000,0.000000,0.000000,0.000000,0.000000,0.000000,0.000000,0.000000
0.000000,0.000000,0.000000,0.000000,0.000000,0.000000,0.000000,0.000000,0.000000,0.000000,0.000000,0.000000,0.000000,0.000000,0.000000,1000.000103,1000.000152,1000.000196,1000.000239,1000.000282,1000.000321,1000.000348,1000.000355,1000.000344,1000.000326,1000.000304,1000.000281,1000.000258,1000.000238,1000.000219,1000.000200,1000.000182,1000.000165,1000.000149,1000.000134,1000.000120,1000.000106,1000.000094,1000.000082,1000.000071,1000.000062,1000.000053,1000.000045,1000.000037,1000.000031,1000.000026,1000.000021,1000.000017,1000.000014,1000.000012,1000.000011,1000.000011,1000.000011,1000.000012,1000.000014,1000.000017,1000.000021,1000.000026,1000.000031,1000.000037,1000.000045,1000.000053,1000.000062,1000.000071,1000.000082,1000.000094,1000.000106,1000.000120,1000.000134,1000.000149,1000.000165,1000.000182,1000.000200,1000.000219,1000.000238,1000.000258,1000.000281,1000.000304,1000.000326,1000.000344,1000.000355,1000.000348,1000.000321,1000.000282,1000.000239,1000.000196,1000.000152,1000.000103,0.000000,0.000000,0.000000,0.000000,0.000000,0.000000,0.000000,0.000000,0.000000,0.000000,0.000000,0.000000,0.000000,0.000000,0.000000
0.000000,0.000000,0.000000,0.000000,0.000000,0.000000,0.000000,0.000000,0.000000,0.000000,0.000000,0.000000,0.000000,0.000000,1000.000100,1000.000150,1000.000195,1000.000239,1000.000283,1000.000322,1000.000349,1000.000355,1000.000342,1000.000320,1000.000296,1000.000272,1000.000251,1000.000230,1000.000210,1000.000190,1000.000171,1000.000153,1000.000136,1000.000120,1000.000105,1000.000091,1000.000077,1000.000065,1000.000053,1000.000043,1000.000033,1000.000024,1000.000016,1000.000008,1000.000002,999.999997,999.999992,999.999988,999.999985,999.999983,999.999982,999.999982,999.999982,999.999983,999.999985,999.999988,999.999992,999.999997,1000.000002,1000.000008,1000.000016,1000.000024,1000.000033,1000.000043,1000.000053,1000.000065,1000.000077,1000.000091,1000.000105,1000.000120,1000.000136,1000.000153,1000.000171,1000.000190,1000.000210,1000.000230,1000.000251,1000.000272,1000.000296,1000.000320,1000.000342,1000.000355,1000.000349,1000.000322,1000.000283,1000.000239,1000.000195,1000.000150,1000.000100,0.000000,0.000000,0.000000,0.000000,0.000000,0.000000,0.000000,0.000000,0.000000,0.000000,0.000000,0.000000,0.000000,0.000000
0.000000,0.000000,0.000000,0.000000,0.000000,0.000000,0.000000,0.000000,0.000000,0.000000,0.000000,0.000000,0.000000,1000.000094,1000.000146,1000.000192,1000.000237,1000.000282,1000.000322,1000.000350,1000.000356,1000.000341,1000.000317,1000.000291,1000.000267,1000.000244,1000.000223,1000.000202,1000.000181,1000.000161,1000.000143,1000.000125,1000.000108,1000.000092,1000.000077,1000.000063,1000.000050,1000.000037,1000.000025,1000.000015,1000.000005,999.999996,999.999988,999.999980,999.999974,999.999969,999.999964,999.999960,999.999957,999.999955,999.999954,999.999953,999.999954,999.999955,999.999957,999.999960,999.999964,999.999969,999.999974,999.999980,999.999988,999.999996,1000.000005,1000.000015,1000.000025,1000.000037,1000.000050,1000.000063,1000.000077,1000.000092,1000.000108,1000.000125,1000.000143,1000.000161,1000.000181,1000.000202,1000.000223,1000.000244,1000.000267,1000.000291,1000.000317,1000.000341,1000.000356,1000.000350,1000.000322,1000.000282,1000.000237,1000.000192,1000.000146,1000.000094,0.000000,0.000000,0.000000,0.000000,0.000000,0.000000,0.000000,0.000000,0.000000,0.000000,0.000000,0.000000,0.000000
0.000000,0.000000,0.000000,0.000000,0.000000,0.000000,0.000000,0.000000,0.000000,0.000000,0.000000,0.000000,1000.000084,1000.000138,1000.000186,1000.000233,1000.000280,1000.000321,1000.000349,1000.000356,1000.000341,1000.000316,1000.000289,1000.000263,1000.000240,1000.000218,1000.000196,1000.000174,1000.000154,1000.000134,1000.000116,1000.000098,1000.000081,1000.000065,1000.000050,1000.000036,1000.000022,1000.000010,999.999998,999.999988,999.999978,999.999969,999.999961,999.999953,999.999947,999.999941,999.999937,999.999933,999.999930,999.999928,999.999927,999.999926,999.999927,999.999928,999.999930,999.999933,999.999937,999.999941,999.999947,999.999953,999.999961,999.999969,999.999978,999.999988,999.999998,1000.000010,1000.000022,1000.000036,1000.000050,1000.000065,1000.000081,1000.000098,1000.000116,1000.000134,1000.000154,1000.000174,1000.000196,1000.000218,1000.000240,1000.000263,1000.000289,1000.000316,1000.000341,1000.000356,1000.000349,1000.000321,1000.000280,1000.000233,1000.000186,1000.000138,1000.000084,0.000000,0.000000,0.000000,0.000000,0.000000,0.000000,0.000000,0.000000,0.000000,0.000000,0.000000,0.000000
0.000000,0.000000,0.000000,0.000000,0.000000,0.000000,0.000000,0.000000,0.000000,0.000000,0.000000,1000.000072,1000.000128,1000.000176,1000.000225,1000.000274,1000.000318,1000.000348,1000.000355,1000.000341,1000.000316,1000.000289,1000.000262,1000.000238,1000.000215,1000.000191,1000.000169,1000.000148,1000.000128,1000.000108,1000.000089,1000.000072,1000.000055,1000.000039,1000.000024,1000.000009,999.999996,999.999984,999.999972,999.999961,999.999951,999.999942,999.999934,999.999927,999.999921,999.999915,999.999910,999.999907,999.999904,999.999901,999.999900,999.999900,999.999900,999.999901,999.999904,999.999907,999.999910,999.999915,999.999921,999.999927,999.999934,999.999942,999.999951,999.999961,999.999972,999.999984,999.999996,1000.000009,1000.000024,1000.000039,1000.000055,1000.000072,1000.000089,1000.000108,1000.000128,1000.000148,1000.000169,1000.000191,1000.000215,1000.000238,1000.000262,1000.000289,1000.000316,1000.000341,1000.000355,1000.000348,1000.000318,1000.000274,1000.000225,1000.000176,1000.000128,1000.000072,0.000000,0.000000,0.000000,0.000000,0.000000,0.000000,0.000000,0.000000,0.000000,0.000000,0.000000
0.000000,0.000000,0.000000,0.000000,0.000000,0.000000,0.000000,0.000000,0.000000,0.000000,0.000000,1000.000113,1000.000165,1000.000213,1000.000264,1000.000311,1000.000345,1000.000355,1000.000342,1000.000317,1000.000289,1000.000262,1000.000237,1000.000213,1000.000189,1000.000165,1000.000144,1000.000123,1000.000102,1000.000083,1000.000064,1000.000046,1000.000029,1000.000013,999.999998,999.999984,999.999971,999.999958,999.999947,999.999936,999.999926,999.999917,999.999909,999.999902,999.999895,999.999890,999.999885,999.999881,999.999878,999.999876,999.999875,999.999874,999.999875,999.999876,999.999878,999.999881,999.999885,999.999890,999.999895,999.999902,999.999909,999.999917,999.999926,999.999936,999.999947,999.999958,999.999971,999.999984,999.999998,1000.000013,1000.000029,1000.000046,1000.000064,1000.000083,1000.000102,1000.000123,1000.000144,1000.000165,1000.000189,1000.000213,1000.000237,1000.000262,1000.000289,1000.000317,1000.000342,1000.000355,1000.000345,1000.000311,1000.000264,1000.000213,1000.000165,1000.000113,0.000000,0.000000,0.000000,0.000000,0.000000,0.000000,0.000000,0.000000,0.000000,0.000000,0.000000
0.000000,0.000000,0.000000,0.000000,0.000000,0.000000,0.000000,0.000000,0.000000,0.000000,1000.000098,1000.000153,1000.000201,1000.000251,1000.000299,1000.000338,1000.000355,1000.000344,1000.000320,1000.000291,1000.000263,1000.000238,1000.000213,1000.000188,1000.000164,1000.000141,1000.000119,1000.000098,1000.000077,1000.000058,1000.000040,1000.000022,1000.000005,999.999989,999.999974,999.999960,999.999946,999.999934,999.999922,999.999911,999.999901,999.999892,999.999884,999.999877,999.999870,999.999865,999.999860,999.999856,999.999853,999.999851,999.999850,999.999850,999.999850,999.999851,999.999853,999.999856,999.999860,999.999865,999.999870,999.999877,999.999884,999.999892,999.999901,999.999911,999.999922,999.999934,999.999946,999.999960,999.999974,999.999989,1000.000005,1000.000022,1000.000040,1000.000058,1000.000077,1000.000098,1000.000119,1000.000141,1000.000164,1000.000188,1000.000213,1000.000238,1000.000263,1000.000291,1000.000320,1000.000344,1000.000355,1000.000338,1000.000299,1000.000251,1000.000201,1000.000153,1000.000098,0.000000,0.000000,0.000000,0.000000,0.000000,0.000000,0.000000,0.000000,0.000000,0.000000
0.000000,0.000000,0.000000,0.000000,0.000000,0.000000,0.000000,0.000000,0.000000,1000.000081,1000.000138,1000.000188,1000.000238,1000.000287,1000.000329,1000.000354,1000.000350,1000.000326,1000.000296,1000.000267,1000.000240,1000.000215,1000.000189,1000.000164,1000.000140,1000.000117,1000.000095,1000.000074,1000.000054,1000.000034,1000.000016,999.999998,999.999981,999.999965,999.999950,999.999936,999.999922,999.999910,999.999898,999.999888,999.999878,999.999869,999.999860,999.999853,999.999847,999.999841,999.999836,999.999833,999.999830,999.999827,999.999826,999.999826,999.999826,999.999827,999.999830,999.999833,999.999836,999.999841,999.999847,999.999853,999.999860,999.999869,999.999878,999.999888,999.999898,999.999910,999.999922,999.999936,999.999950,999.999965,999.999981,999.999998,1000.000016,1000.000034,1000.000054,1000.000074,1000.000095,1000.000117,1000.000140,1000.000164,1000.000189,1000.000215,1000.000240,1000.000267,1000.000296,1000.000326,1000.000350,1000.000354,1000.000329,1000.000287,1000.000238,1000.000188,1000.000138,1000.000081,0.000000,0.000000,0.000000,0.000000,0.000000,0.000000,0.000000,0.000000,0.000000
0.000000,0.000000,0.000000,0.000000,0.000000,0.000000,0.000000,0.000000,0.000000,1000.000118,1000.000171,1000.000223,1000.000275,1000.000320,1000.000350,1000.000354,1000.000334,1000.000304,1000.000272,1000.000244,1000.000218,1000.000191,1000.000165,1000.000141,1000.000117,1000.000094,1000.000072,1000.000051,1000.000031,1000.000011,999.999993,999.999975,999.999958,999.999942,999.999927,999.999913,999.999900,999.999887,999.999875,999.999865,999.999855,999.999846,999.999838,999.999830,999.999824,999.999818,999.999814,999.999810,999.999807,999.999805,999.999803,999.999803,999.999803,999.999805,999.999807,999.999810,999.999814,999.999818,999.999824,999.999830,999.999838,999.999846,999.999855,999.999865,999.999875,999.999887,999.999900,999.999913,999.999927,999.999942,999.999958,999.999975,999.999993,1000.000011,1000.000031,1000.000051,1000.000072,1000.000094,1000.000117,1000.000141,1000.000165,1000.000191,1000.000218,1000.000244,1000.000272,1000.000304,1000.000334,1000.000354,1000.000350,1000.000320,1000.000275,1000.000223,1000.000171,1000.000118,0.000000,0.000000,0.000000,0.000000,0.000000,0.000000,0.000000,0.000000,0.000000
0.000000,0.000000,0.000000,0.000000,0.000000,0.000000,0.000000,0.000000,1000.000094,1000.000153,1000.000205,1000.000258,1000.000309,1000.000345,1000.000355,1000.000340,1000.000312,1000.000281,1000.000251,1000.000223,1000.000196,1000.000169,1000.000144,1000.000119,1000.000095,1000.000072,1000.000050,1000.000029,1000.000009,999.999989,999.999971,999.999953,999.999936,999.999920,999.999905,999.999891,999.999878,999.999865,999.999853,999.999843,999.999833,999.999824,999.999816,999.999808,999.999802,999.999796,999.999792,999.999788,999.999785,999.999783,999.999781,999.999781,999.999781,999.999783,999.999785,999.999788,999.999792,999.999796,999.999802,999.999808,999.999816,999.999824,999.999833,999.999843,999.999853,999.999865,999.999878,999.999891,999.999905,999.999920,999.999936,999.999953,999.999971,999.999989,1000.000009,1000.000029,1000.000050,1000.000072,1000.000095,1000.000119,1000.000144,1000.000169,1000.000196,1000.000223,1000.000251,1000.000281,1000.000312,1000.000340,1000.000355,1000.000345,1000.000309,1000.000258,1000.000205,1000.000153,1000.000094,0.000000,0.000000,0.000000,0.000000,0.000000,0.000000,0.000000,0.000000
0.000000,0.000000,0.000000,0.000000,0.000000,0.000000,0.000000,0.000000,1000.000128,1000.000183,1000.000236,1000.000290,1000.000335,1000.000355,1000.000345,1000.000319,1000.000289,1000.000258,1000.000230,1000.000202,1000.000174,1000.000148,1000.000123,1000.000098,1000.000074,1000.000051,1000.000029,1000.000008,999.999988,999.999968,999.999950,999.999932,999.999915,999.999899,999.999884,999.999870,999.999857,999.999844,999.999832,999.999822,999.999812,999.999803,999.999794,999.999787,999.999781,999.999775,999.999770,999.999767,999.999764,999.999761,999.999760,999.999760,999.999760,999.999761,999.999764,999.999767,999.999770,999.999775,999.999781,999.999787,999.999794,999.999803,999.999812,999.999822,999.999832,999.999844,999.999857,999.999870,999.999884,999.999899,999.999915,999.999932,999.999950,999.999968,999.999988,1000.000008,1000.000029,1000.000051,1000.000074,1000.000098,1000.000123,1000.000148,1000.000174,1000.000202,1000.000230,1000.000258,1000.000289,1000.000319,1000.000345,1000.000355,1000.000335,1000.000290,1000.000236,1000.000183,1000.000128,0.000000,0.000000,0.000000,0.000000,0.000000,0.000000,0.000000,0.000000
0.000000,0.000000,0.000000,0.000000,0.000000,0.000000,0.000000,1000.000099,1000.000159,1000.000213,1000.000267,1000.000318,1000.000351,1000.000352,1000.000328,1000.000297,1000.000267,1000.000238,1000.000210,1000.000181,1000.000154,1000.000128,1000.000102,1000.000077,1000.000054,1000.000031,1000.000009,999.999988,999.999967,999.999948,999.999929,999.999912,999.999895,999.999879,999.999864,999.999850,999.999836,999.999824,999.999812,999.999801,999.999791,999.999782,999.999774,999.999767,999.999760,999.999755,999.999750,999.999746,999.999743,999.999741,999.999740,999.999739,999.999740,999.999741,999.999743,999.999746,999.999750,999.999755,999.999760,999.999767,999.999774,999.999782,999.999791,999.999801,999.999812,999.999824,999.999836,999.999850,999.999864,999.999879,999.999895,999.999912,999.999929,999.999948,999.999967,999.999988,1000.000009,1000.000031,1000.000054,1000.000077,1000.000102,1000.000128,1000.000154,1000.000181,1000.000210,1000.000238,1000.000267,1000.000297,1000.000328,1000.000352,1000.000351,1000.000318,1000.000267,1000.000213,1000.000159,1000.000099,0.000000,0.000000,0.000000,0.000000,0.000000,0.000000,0.000000
0.000000,0.000000,0.000000,0.000000,0.000000,0.000000,0.000000,1000.000130,1000.000187,1000.000241,1000.000296,1000.000340,1000.000356,1000.000341,1000.000310,1000.000277,1000.000248,1000.000219,1000.000190,1000.000161,1000.000134,1000.000108,1000.000083,1000.000058,1000.000034,1000.000011,999.999989,999.999968,999.999948,999.999929,999.999910,999.999892,999.999876,999.999860,999.999844,999.999830,999.999817,999.999804,999.999793,999.999782,999.999772,999.999763,999.999755,999.999747,999.999741,999.999735,999.999731,999.999727,999.999724,999.999722,999.999720,999.999720,999.999720,999.999722,999.999724,999.999727,999.999731,999.999735,999.999741,999.999747,999.999755,999.999763,999.999772,999.999782,999.999793,999.999804,999.999817,999.999830,999.999844,999.999860,999.999876,999.999892,999.999910,999.999929,999.999948,999.999968,999.999989,1000.000011,1000.000034,1000.000058,1000.000083,1000.000108,1000.000134,1000.000161,1000.000190,1000.000219,1000.000248,1000.000277,1000.000310,1000.000341,1000.000356,1000.000340,1000.000296,1000.000241,1000.000187,1000.000130,0.000000,0.000000,0.000000,0.000000,0.000000,0.000000,0.000000
0.000000,0.000000,0.000000,0.000000,0.000000,0.000000,1000.000100,1000.000160,1000.000215,1000.000270,1000.000321,1000.000353,1000.000352,1000.000325,1000.000291,1000.000259,1000.000230,1000.000200,1000.000171,1000.000143,1000.000116,1000.000089,1000.000064,1000.000040,1000.000016,999.999993,999.999971,999.999950,999.999929,999.999910,999.999891,999.999874,999.999857,999.999841,999.999826,999.999812,999.999798,999.999786,999.999774,999.999763,999.999753,999.999744,999.999736,999.999729,999.999722,999.999717,999.999712,999.999708,999.999705,999.999703,999.999702,999.999701,999.999702,999.999703,999.999705,999.999708,999.999712,999.999717,999.999722,999.999729,999.999736,999.999744,999.999753,999.999763,999.999774,999.999786,999.999798,999.999812,999.999826,999.999841,999.999857,999.999874,999.999891,999.999910,999.999929,999.999950,999.999971,999.999993,1000.000016,1000.000040,1000.000064,1000.000089,1000.000116,1000.000143,1000.000171,1000.000200,1000.000230,1000.000259,1000.000291,1000.000325,1000.000352,1000.000353,1000.000321,1000.000270,1000.000215,1000.000160,1000.000100,0.000000,0.000000,0.000000,0.000000,0.000000,0.000000
0.000000,0.000000,0.000000,0.000000,0.000000,0.000000,1000.000129,1000.000186,1000.000241,1000.000297,1000.000341,1000.000356,1000.000340,1000.000308,1000.000274,1000.000242,1000.000212,1000.000182,1000.000153,1000.000125,1000.000098,1000.000072,1000.000046,1000.000022,999.999998,999.999975,999.999953,999.999932,999.999912,999.999892,999.999874,999.999856,999.999839,999.999823,999.999808,999.999794,999.999781,999.999768,999.999756,999.999746,999.999736,999.999727,999.999719,999.999711,999.999705,999.999699,999.999694,999.999691,999.999687,999.999685,999.999684,999.999684,999.999684,999.999685,999.999687,999.999691,999.999694,999.999699,999.999705,999.999711,999.999719,999.999727,999.999736,999.999746,999.999756,999.999768,999.999781,999.999794,999.999808,999.999823,999.999839,999.999856,999.999874,999.999892,999.999912,999.999932,999.999953,999.999975,999.999998,1000.000022,1000.000046,1000.000072,1000.000098,1000.000125,1000.000153,1000.000182,1000.000212,1000.000242,1000.000274,1000.000308,1000.000340,1000.000356,1000.000341,1000.000297,1000.000241,1000.000186,1000.000129,0.000000,0.000000,0.000000,0.000000,0.000000,0.000000
0.000000,0.000000,0.000000,0.000000,0.000000,1000.000095,1000.000156,1000.000212,1000.000268,1000.000320,1000.000353,1000.000352,1000.000325,1000.000290,1000.000257,1000.000226,1000.000195,1000.000165,1000.000136,1000.000108,1000.000081,1000.000055,1000.000029,1000.000005,999.999981,999.999958,999.999936,999.999915,999.999895,999.999876,999.999857,999.999839,999.999822,999.999806,999.999791,999.999777,999.999764,999.999751,999.999740,999.999729,999.999719,999.999710,999.999702,999.999694,999.999688,999.999682,999.999678,999.999674,999.999671,999.999669,999.999667,999.999667,999.999667,999.999669,999.999671,999.999674,999.999678,999.999682,999.999688,999.999694,999.999702,999.999710,999.999719,999.999729,999.999740,999.999751,999.999764,999.999777,999.999791,999.999806,999.999822,999.999839,999.999857,999.999876,999.999895,999.999915,999.999936,999.999958,999.999981,1000.000005,1000.000029,1000.000055,1000.000081,1000.000108,1000.000136,1000.000165,1000.000195,1000.000226,1000.000257,1000.000290,1000.000325,1000.000352,1000.000353,1000.000320,1000.000268,1000.000212,1000.000156,1000.000095,0.000000,0.000000,0.000000,0.000000,0.000000
0.000000,0.000000,0.000000,0.000000,0.000000,1000.000121,1000.000180,1000.000237,1000.000293,1000.000339,1000.000356,1000.000340,1000.000308,1000.000273,1000.000241,1000.000210,1000.000179,1000.000149,1000.000120,1000.000092,1000.000065,1000.000039,1000.000013,999.999989,999.999965,999.999942,999.999920,999.999899,999.999879,999.999860,999.999841,999.999823,999.999806,999.999791,999.999775,999.999761,999.999748,999.999735,999.999724,999.999713,999.999703,999.999694,999.999686,999.999678,999.999672,999.999666,999.999662,999.999658,999.999655,999.999653,999.999651,999.999651,999.999651,999.999653,999.999655,999.999658,999.999662,999.999666,999.999672,999.999678,999.999686,999.999694,999.999703,999.999713,999.999724,999.999735,999.999748,999.999761,999.999775,999.999791,999.999806,999.999823,999.999841,999.999860,999.999879,999.999899,999.999920,999.999942,999.999965,999.999989,1000.000013,1000.000039,1000.000065,1000.000092,1000.000120,1000.000149,1000.000179,1000.000210,1000.000241,1000.000273,1000.000308,1000.000340,1000.000356,1000.000339,1000.000293,1000.000237,1000.000180,1000.000121,0.000000,0.000000,0.000000,0.000000,0.000000
0.000000,0.000000,0.000000,0.000000,1000.000083,1000.000146,1000.000203,1000.000261,1000.000315,1000.000351,1000.000352,1000.000326,1000.000291,1000.000258,1000.000226,1000.000194,1000.000164,1000.000134,1000.000105,1000.000077,1000.000050,1000.000024,999.999998,999.999974,999.999950,999.999927,999.999905,999.999884,999.999864,999.999844,999.999826,999.999808,999.999791,999.999775,999.999760,999.999746,999.999733,999.999720,999.999709,999.999698,999.999688,999.999679,999.999671,999.999663,999.999657,999.999651,999.999646,999.999643,999.999640,999.999637,999.999636,999.999636,999.999636,999.999637,999.999640,999.999643,999.999646,999.999651,999.999657,999.999663,999.999671,999.999679,999.999688,999.999698,999.999709,999.999720,999.999733,999.999746,999.999760,999.999775,999.999791,999.999808,999.999826,999.999844,999.999864,999.999884,999.999905,999.999927,999.999950,999.999974,999.999998,1000.000024,1000.000050,1000.000077,1000.000105,1000.000134,1000.000164,1000.000194,1000.000226,1000.000258,1000.000291,1000.000326,1000.000352,1000.000351,1000.000315,1000.000261,1000.000203,1000.000146,1000.000083,0.000000,0.000000,0.000000,0.000000
0.000000,0.000000,0.000000,0.000000,1000.000106,1000.000166,1000.000223,1000.000283,1000.000333,1000.000355,1000.000342,1000.000310,1000.000276,1000.000243,1000.000211,1000.000180,1000.000149,1000.000120,1000.000091,1000.000063,1000.000036,1000.000009,999.999984,999.999960,999.999936,999.999913,999.999891,999.999870,999.999850,999.999830,999.999812,999.999794,999.999777,999.999761,999.999746,999.999732,999.999718,999.999706,999.999694,999.999684,999.999674,999.999665,999.999656,999.999649,999.999643,999.999637,999.999632,999.999628,999.999625,999.999623,999.999622,999.999621,999.999622,999.999623,999.999625,999.999628,999.999632,999.999637,999.999643,999.999649,999.999656,999.999665,999.999674,999.999684,999.999694,999.999706,999.999718,999.999732,999.999746,999.999761,999.999777,999.999794,999.999812,999.999830,999.999850,999.999870,999.999891,999.999913,999.999936,999.999960,999.999984,1000.000009,1000.000036,1000.000063,1000.000091,1000.000120,1000.000149,1000.000180,1000.000211,1000.000243,1000.000276,1000.000310,1000.000342,1000.000355,1000.000333,1000.000283,1000.000223,1000.000166,1000.000106,0.000000,0.000000,0.000000,0.000000
