0.000000,0.000000,0.000000,0.000000,0.000000,0.000000,0.000000,0.000000,0.000000,0.000000,0.000000,0.000000,0.000000,0.000000,0.000000,0.000000,0.000000,0.000000,0.000000,0.000000,0.000000,0.000000,0.000000,0.000000,0.000000,0.000000,0.000000,0.000000,0.000000,0.000000,0.000000,0.000000,0.000000,0.000000,0.000000,0.000000,0.000000,0.000000,0.000000,0.000000,0.000000,0.000000,0.000000,0.000000,0.000000,0.000000,0.000000,0.000000,0.000000,0.000000,0.000000,0.000000,0.000000,0.000000,0.000000,0.000000,0.000000,0.000000,0.000000,0.000000,0.000000,0.000000,0.000000,0.000000,0.000000,0.000000,0.000000,0.000000,0.000000,0.000000,0.000000,0.000000,0.000000,0.000000,0.000000,0.000000,0.000000,0.000000,0.000000,0.000000,0.000000,0.000000,0.000000,0.000000,0.000000,0.000000,0.000000,0.000000,0.000000,0.000000,0.000000,0.000000,0.000000,0.000000,0.000000,0.000000,0.000000,0.000000,0.000000,0.000000,0.000000,0.000000,0.000000
0.000000,0.000000,0.000000,0.000000,0.000000,0.000000,0.000000,0.000000,0.000000,0.000000,0.000000,0.000000,0.000000,0.000000,0.000000,0.000000,0.000000,0.000000,0.000000,0.000000,0.000000,0.000000,0.000000,0.000000,0.000000,0.000000,0.000000,0.000000,0.000000,0.000000,0.000000,0.000000,0.000000,0.000000,0.000000,0.000000,0.000000,0.000000,0.000000,0.000000,0.000000,0.000000,0.000000,0.000000,0.000000,0.000000,0.000000,0.000000,0.000000,0.000000,0.000000,1000.000080,0.000000,0.000000,0.000000,0.000000,0.000000,0.000000,0.000000,0.000000,0.000000,0.000000,0.000000,0.000000,0.000000,0.000000,0.000000,0.000000,0.000000,0.000000,0.000000,0.000000,0.000000,0.000000,0.000000,0.000000,0.000000,0.000000,0.000000,0.000000,0.000000,0.000000,0.000000,0.000000,0.000000,0.000000,0.000000,0.000000,0.000000,0.000000,0.000000,0.000000,0.000000,0.000000,0.000000,0.000000,0.000000,0.000000,0.000000,0.000000,0.000000,0.000000,0.000000
0.000000,0.000000,0.000000,0.000000,0.000000,0.000000,0.000000,0.000000,0.000000,0.000000,0.000000,0.000000,0.000000,0.000000,0.000000,0.000000,0.000000,0.000000,0.000000,0.000000,0.000000,0.000000,0.000000,0.000000,0.000000,0.000000,0.000000,0.000000,0.000000,0.000000,0.000000,0.000000,0.000000,0.000000,0.000000,0.000000,0.000000,0.000000,0.000000,0.000000,0.000000,0.000000,1000.000145,1000.000169,1000.000181,1000.000188,1000.000191,1000.000192,1000.000192,1000.000191,1000.000190,1000.000196,1000.000190,1000.000191,1000.000192,1000.000192,1000.000191,1000.000188,1000.000181,1000.000169,1000.000145,0.000000,0.000000,0.000000,0.000000,0.000000,0.000000,0.000000,0.000000,0.000000,0.000000,0.000000,0.000000,0.000000,0.000000,0.000000,0.000000,0.000000,0.000000,0.000000,0.000000,0.000000,0.000000,0.000000,0.000000,0.000000,0.000000,0.000000,0.000000,0.000000,0.000000,0.000000,0.000000,0.000000,0.000000,0.000000,0.000000,0.000000,0.000000,0.000000,0.000000,0.000000,0.000000
0.000000,0.000000,0.000000,0.000000,0.000000,0.000000,0.000000,0.000000,0.000000,0.000000,0.000000,0.000000,0.000000,0.000000,0.000000,0.000000,0.000000,0.000000,0.000000,0.000000,0.000000,0.000000,0.000000,0.000000,0.000000,0.000000,0.000000,0.000000,0.000000,0.000000,0.000000,0.000000,0.000000,0.000000,0.000000,0.000000,0.000000,1000.000140,1000.000175,1000.000203,1000.000225,1000.000244,1000.000260,1000.000276,1000.000287,1000.000295,1000.000300,1000.000302,1000.000303,1000.000304,1000.000303,1000.000304,1000.000303,1000.000304,1000.000303,1000.000302,1000.000300,1000.000295,1000.000287,1000.000276,1000.000260,1000.000244,1000.000225,1000.000203,1000.000175,1000.000140,0.000000,0.000000,0.000000,0.000000,0.000000,0.000000,0.000000,0.000000,0.000000,0.000000,0.000000,0.000000,0.000000,0.000000,0.000000,0.000000,0.000000,0.000000,0.000000,0.000000,0.000000,0.000000,0.000000,0.000000,0.000000,0.000000,0.000000,0.000000,0.000000,0.000000,0.000000,0.000000,0.000000,0.000000,0.000000,0.000000,0.000000
0.000000,0.000000,0.000000,0.000000,0.000000,0.000000,0.000000,0.000000,0.000000,0.000000,0.000000,0.000000,0.000000,0.000000,0.000000,0.000000,0.000000,0.000000,0.000000,0.000000,0.000000,0.000000,0.000000,0.000000,0.000000,0.000000,0.000000,0.000000,0.000000,0.000000,0.000000,0.000000,0.000000,0.000000,1000.000146,1000.000186,1000.000219,1000.000252,1000.000280,1000.000306,1000.000330,1000.000351,1000.000369,1000.000384,1000.000395,1000.000403,1000.000407,1000.000409,1000.000411,1000.000411,1000.000411,1000.000411,1000.000411,1000.000411,1000.000411,1000.000409,1000.000407,1000.000403,1000.000395,1000.000384,1000.000369,1000.000351,1000.000330,1000.000306,1000.000280,1000.000252,1000.000219,1000.000186,1000.000146,0.000000,0.000000,0.000000,0.000000,0.000000,0.000000,0.000000,0.000000,0.000000,0.000000,0.000000,0.000000,0.000000,0.000000,0.000000,0.000000,0.000000,0.000000,0.000000,0.000000,0.000000,0.000000,0.000000,0.000000,0.000000,0.000000,0.000000,0.000000,0.000000,0.000000,0.000000,0.000000,0.000000,0.000000
0.000000,0.000000,0.000000,0.000000,0.000000,0.000000,0.000000,0.000000,0.000000,0.000000,0.000000,0.000000,0.000000,0.000000,0.000000,0.000000,0.000000,0.000000,0.000000,0.000000,0.000000,0.000000,0.000000,0.000000,0.000000,0.000000,0.000000,0.000000,0.000000,0.000000,0.000000,0.000000,1000.000167,1000.000211,1000.000255,1000.000290,1000.000323,1000.000355,1000.000384,1000.000410,1000.000434,1000.000456,1000.000477,1000.000492,1000.000502,1000.000507,1000.000511,1000.000512,1000.000513,1000.000514,1000.000514,1000.000514,1000.000514,1000.000514,1000.000513,1000.000512,1000.000511,1000.000507,1000.000502,1000.000492,1000.000477,1000.000456,1000.000434,1000.000410,1000.000384,1000.000355,1000.000323,1000.000290,1000.000255,1000.000211,1000.000167,0.000000,0.000000,0.000000,0.000000,0.000000,0.000000,0.000000,0.000000,0.000000,0.000000,0.000000,0.000000,0.000000,0.000000,0.000000,0.000000,0.000000,0.000000,0.000000,0.000000,0.000000,0.000000,0.000000,0.000000,0.000000,0.000000,0.000000,0.000000,0.000000,0.000000,0.000000,0.000000
0.000000,0.000000,0.000000,0.000000,0.000000,0.000000,0.000000,0.000000,0.000000,0.000000,0.000000,0.000000,0.000000,0.000000,0.000000,0.000000,0.000000,0.000000,0.000000,0.000000,0.000000,0.000000,0.000000,0.000000,0.000000,0.000000,0.000000,0.000000,0.000000,0.000000,1000.000175,1000.000225,1000.000274,1000.000315,1000.000354,1000.000391,1000.000426,1000.000459,1000.000487,1000.000512,1000.000532,1000.000551,1000.000568,1000.000578,1000.000584,1000.000587,1000.000589,1000.000589,1000.000590,1000.000590,1000.000590,1000.000590,1000.000590,1000.000590,1000.000590,1000.000589,1000.000589,1000.000587,1000.000584,1000.000578,1000.000568,1000.000551,1000.000532,1000.000512,1000.000487,1000.000459,1000.000426,1000.000391,1000.000354,1000.000315,1000.000274,1000.000225,1000.000175,0.000000,0.000000,0.000000,0.000000,0.000000,0.000000,0.000000,0.000000,0.000000,0.000000,0.000000,0.000000,0.000000,0.000000,0.000000,0.000000,0.000000,0.000000,0.000000,0.000000,0.000000,0.000000,0.000000,0.000000,0.000000,0.000000,0.000000,0.000000,0.000000,0.000000
0.000000,0.000000,0.000000,0.000000,0.000000,0.000000,0.000000,0.000000,0.000000,0.000000,0.000000,0.000000,0.000000,0.000000,0.000000,0.000000,0.000000,0.000000,0.000000,0.000000,0.000000,0.000000,0.000000,0.000000,0.000000,0.000000,0.000000,0.000000,1000.000174,1000.000228,1000.000280,1000.000326,1000.000371,1000.000414,1000.000455,1000.000493,1000.000525,1000.000552,1000.000575,1000.000590,1000.000600,1000.000607,1000.000609,1000.000608,1000.000606,1000.000605,1000.000604,1000.000604,1000.000603,1000.000603,1000.000602,1000.000602,1000.000602,1000.000603,1000.000603,1000.000604,1000.000604,1000.000605,1000.000606,1000.000608,1000.000609,1000.000607,1000.000600,1000.000590,1000.000575,1000.000552,1000.000525,1000.000493,1000.000455,1000.000414,1000.000371,1000.000326,1000.000280,1000.000228,1000.000174,0.000000,0.000000,0.000000,0.000000,0.000000,0.000000,0.000000,0.000000,0.000000,0.000000,0.000000,0.000000,0.000000,0.000000,0.000000,0.000000,0.000000,0.000000,0.000000,0.000000,0.000000,0.000000,0.000000,0.000000,0.000000,0.000000,0.000000,0.000000
0.000000,0.000000,0.000000,0.000000,0.000000,0.000000,0.000000,0.000000,0.000000,0.000000,0.000000,0.000000,0.000000,0.000000,0.000000,0.000000,0.000000,0.000000,0.000000,0.000000,0.000000,0.000000,0.000000,0.000000,0.000000,0.000000,1000.000165,1000.000223,1000.000278,1000.000327,1000.000375,1000.000422,1000.000469,1000.000511,1000.000548,1000.000577,1000.000597,1000.000609,1000.000614,1000.000613,1000.000608,1000.000600,1000.000588,1000.000577,1000.000568,1000.000563,1000.000560,1000.000558,1000.000557,1000.000556,1000.000555,1000.000555,1000.000555,1000.000556,1000.000557,1000.000558,1000.000560,1000.000563,1000.000568,1000.000577,1000.000588,1000.000600,1000.000608,1000.000613,1000.000614,1000.000609,1000.000597,1000.000577,1000.000548,1000.000511,1000.000469,1000.000422,1000.000375,1000.000327,1000.000278,1000.000223,1000.000165,0.000000,0.000000,0.000000,0.000000,0.000000,0.000000,0.000000,0.000000,0.000000,0.000000,0.000000,0.000000,0.000000,0.000000,0.000000,0.000000,0.000000,0.000000,0.000000,0.000000,0.000000,0.000000,0.000000,0.000000,0.000000,0.000000
0.000000,0.000000,0.000000,0.000000,0.000000,0.000000,0.000000,0.000000,0.000000,0.000000,0.000000,0.000000,0.000000,0.000000,0.000000,0.000000,0.000000,0.000000,0.000000,0.000000,0.000000,0.000000,0.000000,0.000000,1000.000142,1000.000206,1000.000267,1000.000320,1000.000372,1000.000422,1000.000471,1000.000517,1000.000556,1000.000587,1000.000607,1000.000614,1000.000613,1000.000605,1000.000592,1000.000578,1000.000563,1000.000548,1000.000533,1000.000518,1000.000508,1000.000501,1000.000497,1000.000493,1000.000491,1000.000489,1000.000488,1000.000488,1000.000488,1000.000489,1000.000491,1000.000493,1000.000497,1000.000501,1000.000508,1000.000518,1000.000533,1000.000548,1000.000563,1000.000578,1000.000592,1000.000605,1000.000613,1000.000614,1000.000607,1000.000587,1000.000556,1000.000517,1000.000471,1000.000422,1000.000372,1000.000320,1000.000267,1000.000206,1000.000142,0.000000,0.000000,0.000000,0.000000,0.000000,0.000000,0.000000,0.000000,0.000000,0.000000,0.000000,0.000000,0.000000,0.000000,0.000000,0.000000,0.000000,0.000000,0.000000,0.000000,0.000000,0.000000,0.000000,0.000000
0.000000,0.000000,0.000000,0.000000,0.000000,0.000000,0.000000,0.000000,0.000000,0.000000,0.000000,0.000000,0.000000,0.000000,0.000000,0.000000,0.000000,0.000000,0.000000,0.000000,0.000000,0.000000,0.000000,1000.000171,1000.000241,1000.000300,1000.000358,1000.000413,1000.000467,1000.000515,1000.000557,1000.000590,1000.000610,1000.000616,1000.000610,1000.000595,1000.000576,1000.000557,1000.000536,1000.000518,1000.000501,1000.000486,1000.000471,1000.000458,1000.000448,1000.000440,1000.000434,1000.000429,1000.000426,1000.000424,1000.000422,1000.000422,1000.000422,1000.000424,1000.000426,1000.000429,1000.000434,1000.000440,1000.000448,1000.000458,1000.000471,1000.000486,1000.000501,1000.000518,1000.000536,1000.000557,1000.000576,1000.000595,1000.000610,1000.000616,1000.000610,1000.000590,1000.000557,1000.000515,1000.000467,1000.000413,1000.000358,1000.000300,1000.000241,1000.000171,0.000000,0.000000,0.000000,0.000000,0.000000,0.000000,0.000000,0.000000,0.000000,0.000000,0.000000,0.000000,0.000000,0.000000,0.000000,0.000000,0.000000,0.000000,0.000000,0.000000,0.000000,0.000000,0.000000
0.000000,0.000000,0.000000,0.000000,0.000000,0.000000,0.000000,0.000000,0.000000,0.000000,0.000000,0.000000,0.000000,0.000000,0.000000,0.000000,0.000000,0.000000,0.000000,0.000000,0.000000,1000.000126,1000.000198,1000.000267,1000.000329,1000.000391,1000.000451,1000.000506,1000.000553,1000.000588,1000.000610,1000.000617,1000.000610,1000.000591,1000.000567,1000.000542,1000.000518,1000.000496,1000.000476,1000.000457,1000.000440,1000.000425,1000.000411,1000.000398,1000.000388,1000.000379,1000.000372,1000.000367,1000.000364,1000.000361,1000.000359,1000.000359,1000.000359,1000.000361,1000.000364,1000.000367,1000.000372,1000.000379,1000.000388,1000.000398,1000.000411,1000.000425,1000.000440,1000.000457,1000.000476,1000.000496,1000.000518,1000.000542,1000.000567,1000.000591,1000.000610,1000.000617,1000.000610,1000.000588,1000.000553,1000.000506,1000.000451,1000.000391,1000.000329,1000.000267,1000.000198,1000.000126,0.000000,0.000000,0.000000,0.000000,0.000000,0.000000,0.000000,0.000000,0.000000,0.000000,0.000000,0.000000,0.000000,0.000000,0.000000,0.000000,0.000000,0.000000,0.000000,0.000000,0.000000
0.000000,0.000000,0.000000,0.000000,0.000000,0.000000,0.000000,0.000000,0.000000,0.000000,0.000000,0.000000,0.000000,0.000000,0.000000,0.000000,0.000000,0.000000,0.000000,0.000000,1000.000147,1000.000223,1000.000288,1000.000352,1000.000416,1000.000480,1000.000537,1000.000581,1000.000607,1000.000616,1000.000609,1000.000591,1000.000566,1000.000537,1000.000509,1000.000482,1000.000458,1000.000437,1000.000417,1000.000398,1000.000381,1000.000366,1000.000352,1000.000340,1000.000329,1000.000320,1000.000313,1000.000307,1000.000303,1000.000300,1000.000298,1000.000298,1000.000298,1000.000300,1000.000303,1000.000307,1000.000313,1000.000320,1000.000329,1000.000340,1000.000352,1000.000366,1000.000381,1000.000398,1000.000417,1000.000437,1000.000458,1000.000482,1000.000509,1000.000537,1000.000566,1000.000591,1000.000609,1000.000616,1000.000607,1000.000581,1000.000537,1000.000480,1000.000416,1000.000352,1000.000288,1000.000223,1000.000147,0.000000,0.000000,0.000000,0.000000,0.000000,0.000000,0.000000,0.000000,0.000000,0.000000,0.000000,0.000000,0.000000,0.000000,0.000000,0.000000,0.000000,0.000000,0.000000,0.000000
0.000000,0.000000,0.000000,0.000000,0.000000,0.000000,0.000000,0.000000,0.000000,0.000000,0.000000,0.000000,0.000000,0.000000,0.000000,0.000000,0.000000,0.000000,0.000000,1000.000164,1000.000241,1000.000309,1000.000373,1000.000438,1000.000501,1000.000557,1000.000597,1000.000614,1000.000610,1000.000592,1000.000567,1000.000537,1000.000507,1000.000477,1000.000450,1000.000425,1000.000402,1000.000380,1000.000359,1000.000341,1000.000324,1000.000308,1000.000294,1000.000282,1000.000271,1000.000262,1000.000255,1000.000249,1000.000244,1000.000241,1000.000239,1000.000239,1000.000239,1000.000241,1000.000244,1000.000249,1000.000255,1000.000262,1000.000271,1000.000282,1000.000294,1000.000308,1000.000324,1000.000341,1000.000359,1000.000380,1000.000402,1000.000425,1000.000450,1000.000477,1000.000507,1000.000537,1000.000567,1000.000592,1000.000610,1000.000614,1000.000597,1000.000557,1000.000501,1000.000438,1000.000373,1000.000309,1000.000241,1000.000164,0.000000,0.000000,0.000000,0.000000,0.000000,0.000000,0.000000,0.000000,0.000000,0.000000,0.000000,0.000000,0.000000,0.000000,0.000000,0.000000,0.000000,0.000000,0.000000
0.000000,0.000000,0.000000,0.000000,0.000000,0.000000,0.000000,0.000000,0.000000,0.000000,0.000000,0.000000,0.000000,0.000000,0.000000,0.000000,0.000000,0.000000,1000.000174,1000.000255,1000.000325,1000.000393,1000.000460,1000.000521,1000.000571,1000.000606,1000.000615,1000.000599,1000.000572,1000.000541,1000.000509,1000.000478,1000.000449,1000.000421,1000.000395,1000.000370,1000.000346,1000.000324,1000.000303,1000.000285,1000.000268,1000.000252,1000.000238,1000.000226,1000.000215,1000.000206,1000.000198,1000.000192,1000.000187,1000.000184,1000.000182,1000.000181,1000.000182,1000.000184,1000.000187,1000.000192,1000.000198,1000.000206,1000.000215,1000.000226,1000.000238,1000.000252,1000.000268,1000.000285,1000.000303,1000.000324,1000.000346,1000.000370,1000.000395,1000.000421,1000.000449,1000.000478,1000.000509,1000.000541,1000.000572,1000.000599,1000.000615,1000.000606,1000.000571,1000.000521,1000.000460,1000.000393,1000.000325,1000.000255,1000.000174,0.000000,0.000000,0.000000,0.000000,0.000000,0.000000,0.000000,0.000000,0.000000,0.000000,0.000000,0.000000,0.000000,0.000000,0.000000,0.000000,0.000000,0.000000
0.000000,0.000000,0.000000,0.000000,0.000000,0.000000,0.000000,0.000000,0.000000,0.000000,0.000000,0.000000,0.000000,0.000000,0.000000,0.000000,0.000000,1000.000180,1000.000263,1000.000335,1000.000407,1000.000478,1000.000540,1000.000586,1000.000612,1000.000613,1000.000591,1000.000557,1000.000520,1000.000485,1000.000453,1000.000423,1000.000394,1000.000366,1000.000340,1000.000314,1000.000291,1000.000269,1000.000249,1000.000230,1000.000213,1000.000197,1000.000183,1000.000171,1000.000160,1000.000151,1000.000143,1000.000137,1000.000132,1000.000128,1000.000126,1000.000126,1000.000126,1000.000128,1000.000132,1000.000137,1000.000143,1000.000151,1000.000160,1000.000171,1000.000183,1000.000197,1000.000213,1000.000230,1000.000249,1000.000269,1000.000291,1000.000314,1000.000340,1000.000366,1000.000394,1000.000423,1000.000453,1000.000485,1000.000520,1000.000557,1000.000591,1000.000613,1000.000612,1000.000586,1000.000540,1000.000478,1000.000407,1000.000335,1000.000263,1000.000180,0.000000,0.000000,0.000000,0.000000,0.000000,0.000000,0.000000,0.000000,0.000000,0.000000,0.000000,0.000000,0.000000,0.000000,0.000000,0.000000,0.000000
0.000000,0.000000,0.000000,0.000000,0.000000,0.000000,0.000000,0.000000,0.000000,0.000000,0.000000,0.000000,0.000000,0.000000,0.000000,0.000000,1000.000181,1000.000266,1000.000341,1000.000415,1000.000488,1000.000552,1000.000597,1000.000614,1000.000607,1000.000582,1000.000545,1000.000504,1000.000466,1000.000433,1000.000401,1000.000370,1000.000341,1000.000312,1000.000286,1000.000261,1000.000238,1000.000216,1000.000196,1000.000177,1000.000160,1000.000144,1000.000130,1000.000118,1000.000107,1000.000097,1000.000089,1000.000083,1000.000078,1000.000074,1000.000072,1000.000072,1000.000072,1000.000074,1000.000078,1000.000083,1000.000089,1000.000097,1000.000107,1000.000118,1000.000130,1000.000144,1000.000160,1000.000177,1000.000196,1000.000216,1000.000238,1000.000261,1000.000286,1000.000312,1000.000341,1000.000370,1000.000401,1000.000433,1000.000466,1000.000504,1000.000545,1000.000582,1000.000607,1000.000614,1000.000597,1000.000552,1000.000488,1000.000415,1000.000341,1000.000266,1000.000181,0.000000,0.000000,0.000000,0.000000,0.000000,0.000000,0.000000,0.000000,0.000000,0.000000,0.000000,0.000000,0.000000,0.000000,0.000000,0.000000
0.000000,0.000000,0.000000,0.000000,0.000000,0.000000,0.000000,0.000000,0.000000,0.000000,0.000000,0.000000,0.000000,0.000000,0.000000,1000.000180,1000.000266,1000.000343,1000.000418,1000.000493,1000.000557,1000.000602,1000.000614,1000.000598,1000.000568,1000.000530,1000.000490,1000.000451,1000.000416,1000.000382,1000.000349,1000.000318,1000.000289,1000.000261,1000.000234,1000.000210,1000.000186,1000.000164,1000.000144,1000.000125,1000.000108,1000.000092,1000.000078,1000.000066,1000.000055,1000.000045,1000.000037,1000.000031,1000.000026,1000.000022,1000.000020,1000.000019,1000.000020,1000.000022,1000.000026,1000.000031,1000.000037,1000.000045,1000.000055,1000.000066,1000.000078,1000.000092,1000.000108,1000.000125,1000.000144,1000.000164,1000.000186,1000.000210,1000.000234,1000.000261,1000.000289,1000.000318,1000.000349,1000.000382,1000.000416,1000.000451,1000.000490,1000.000530,1000.000568,1000.000598,1000.000614,1000.000602,1000.000557,1000.000493,1000.000418,1000.000343,1000.000266,1000.000180,0.000000,0.000000,0.000000,0.000000,0.000000,0.000000,0.000000,0.000000,0.000000,0.000000,0.000000,0.000000,0.000000,0.000000,0.000000
0.000000,0.000000,0.000000,0.000000,0.000000,0.000000,0.000000,0.000000,0.000000,0.000000,0.000000,0.000000,0.000000,0.000000,1000.000174,1000.000263,1000.000341,1000.000418,1000.000494,1000.000560,1000.000604,1000.000615,1000.000594,1000.000558,1000.000517,1000.000476,1000.000438,1000.000402,1000.000366,1000.000331,1000.000298,1000.000268,1000.000238,1000.000211,1000.000184,1000.000159,1000.000136,1000.000114,1000.000094,1000.000075,1000.000058,1000.000042,1000.000028,1000.000015,1000.000004,999.999995,999.999987,999.999980,999.999975,999.999971,999.999969,999.999968,999.999969,999.999971,999.999975,999.999980,999.999987,999.999995,1000.000004,1000.000015,1000.000028,1000.000042,1000.000058,1000.000075,1000.000094,1000.000114,1000.000136,1000.000159,1000.000184,1000.000211,1000.000238,1000.000268,1000.000298,1000.000331,1000.000366,1000.000402,1000.000438,1000.000476,1000.000517,1000.000558,1000.000594,1000.000615,1000.000604,1000.000560,1000.000494,1000.000418,1000.000341,1000.000263,1000.000174,0.000000,0.000000,0.000000,0.000000,0.000000,0.000000,0.000000,0.000000,0.000000,0.000000,0.000000,0.000000,0.000000,0.000000
0.000000,0.000000,0.000000,0.000000,0.000000,0.000000,0.000000,0.000000,0.000000,0.000000,0.000000,0.000000,0.000000,1000.000164,1000.000255,1000.000335,1000.000415,1000.000493,1000.000560,1000.000605,1000.000615,1000.000593,1000.000554,1000.000509,1000.000466,1000.000427,1000.000390,1000.000353,1000.000317,1000.000282,1000.000250,1000.000219,1000.000190,1000.000162,1000.000135,1000.000110,1000.000087,1000.000065,1000.000045,1000.000026,1000.000009,999.999993,999.999979,999.999966,999.999955,999.999946,999.999938,999.999931,999.999926,999.999922,999.999920,999.999919,999.999920,999.999922,999.999926,999.999931,999.999938,999.999946,999.999955,999.999966,999.999979,999.999993,1000.000009,1000.000026,1000.000045,1000.000065,1000.000087,1000.000110,1000.000135,1000.000162,1000.000190,1000.000219,1000.000250,1000.000282,1000.000317,1000.000353,1000.000390,1000.000427,1000.000466,1000.000509,1000.000554,1000.000593,1000.000615,1000.000605,1000.000560,1000.000493,1000.000415,1000.000335,1000.000255,1000.000164,0.000000,0.000000,0.000000,0.000000,0.000000,0.000000,0.000000,0.000000,0.000000,0.000000,0.000000,0.000000,0.000000
0.000000,0.000000,0.000000,0.000000,0.000000,0.000000,0.000000,0.000000,0.000000,0.000000,0.000000,0.000000,1000.000147,1000.000241,1000.000325,1000.000407,1000.000488,1000.000557,1000.000604,1000.000615,1000.000592,1000.000552,1000.000506,1000.000460,1000.000420,1000.000381,1000.000342,1000.000305,1000.000269,1000.000235,1000.000203,1000.000172,1000.000142,1000.000114,1000.000088,1000.000063,1000.000040,1000.000018,999.999997,999.999979,999.999961,999.999946,999.999932,999.999919,999.999908,999.999898,999.999890,999.999883,999.999878,999.999875,999.999872,999.999872,999.999872,999.999875,999.999878,999.999883,999.999890,999.999898,999.999908,999.999919,999.999932,999.999946,999.999961,999.999979,999.999997,1000.000018,1000.000040,1000.000063,1000.000088,1000.000114,1000.000142,1000.000172,1000.000203,1000.000235,1000.000269,1000.000305,1000.000342,1000.000381,1000.000420,1000.000460,1000.000506,1000.000552,1000.000592,1000.000615,1000.000604,1000.000557,1000.000488,1000.000407,1000.000325,1000.000241,1000.000147,0.000000,0.000000,0.000000,0.000000,0.000000,0.000000,0.000000,0.000000,0.000000,0.000000,0.000000,0.000000
0.000000,0.000000,0.000000,0.000000,0.000000,0.000000,0.000000,0.000000,0.000000,0.000000,0.000000,1000.000126,1000.000223,1000.000309,1000.000393,1000.000478,1000.000552,1000.000602,1000.000615,1000.000593,1000.000552,1000.000504,1000.000458,1000.000416,1000.000375,1000.000334,1000.000295,1000.000259,1000.000223,1000.000189,1000.000157,1000.000126,1000.000096,1000.000068,1000.000042,1000.000017,999.999994,999.999972,999.999952,999.999933,999.999916,999.999900,999.999886,999.999873,999.999862,999.999852,999.999844,999.999837,999.999832,999.999828,999.999826,999.999826,999.999826,999.999828,999.999832,999.999837,999.999844,999.999852,999.999862,999.999873,999.999886,999.999900,999.999916,999.999933,999.999952,999.999972,999.999994,1000.000017,1000.000042,1000.000068,1000.000096,1000.000126,1000.000157,1000.000189,1000.000223,1000.000259,1000.000295,1000.000334,1000.000375,1000.000416,1000.000458,1000.000504,1000.000552,1000.000593,1000.000615,1000.000602,1000.000552,1000.000478,1000.000393,1000.000309,1000.000223,1000.000126,0.000000,0.000000,0.000000,0.000000,0.000000,0.000000,0.000000,0.000000,0.000000,0.000000,0.000000
0.000000,0.000000,0.000000,0.000000,0.000000,0.000000,0.000000,0.000000,0.000000,0.000000,0.000000,1000.000198,1000.000288,1000.000373,1000.000460,1000.000540,1000.000597,1000.000614,1000.000594,1000.000554,1000.000506,1000.000458,1000.000414,1000.000372,1000.000330,1000.000289,1000.000251,1000.000214,1000.000179,1000.000145,1000.000112,1000.000081,1000.000052,1000.000024,999.999998,999.999973,999.999949,999.999928,999.999907,999.999888,999.999871,999.999855,999.999841,999.999829,999.999817,999.999808,999.999799,999.999793,999.999788,999.999784,999.999782,999.999781,999.999782,999.999784,999.999788,999.999793,999.999799,999.999808,999.999817,999.999829,999.999841,999.999855,999.999871,999.999888,999.999907,999.999928,999.999949,999.999973,999.999998,1000.000024,1000.000052,1000.000081,1000.000112,1000.000145,1000.000179,1000.000214,1000.000251,1000.000289,1000.000330,1000.000372,1000.000414,1000.000458,1000.000506,1000.000554,1000.000594,1000.000614,1000.000597,1000.000540,1000.000460,1000.000373,1000.000288,1000.000198,0.000000,0.000000,0.000000,0.000000,0.000000,0.000000,0.000000,0.000000,0.000000,0.000000,0.000000
0.000000,0.000000,0.000000,0.000000,0.000000,0.000000,0.000000,0.000000,0.000000,0.000000,1000.000171,1000.000267,1000.000352,1000.000438,1000.000521,1000.000586,1000.000614,1000.000598,1000.000558,1000.000509,1000.000460,1000.000416,1000.000372,1000.000328,1000.000286,1000.000247,1000.000208,1000.000171,1000.000136,1000.000102,1000.000069,1000.000038,1000.000009,999.999981,999.999955,999.999930,999.999907,999.999885,999.999864,999.999846,999.999828,999.999813,999.999798,999.999786,999.999774,999.999765,999.999757,999.999750,999.999745,999.999741,999.999739,999.999738,999.999739,999.999741,999.999745,999.999750,999.999757,999.999765,999.999774,999.999786,999.999798,999.999813,999.999828,999.999846,999.999864,999.999885,999.999907,999.999930,999.999955,999.999981,1000.000009,1000.000038,1000.000069,1000.000102,1000.000136,1000.000171,1000.000208,1000.000247,1000.000286,1000.000328,1000.000372,1000.000416,1000.000460,1000.000509,1000.000558,1000.000598,1000.000614,1000.000586,1000.000521,1000.000438,1000.000352,1000.000267,1000.000171,0.000000,0.000000,0.000000,0.000000,0.000000,0.000000,0.000000,0.000000,0.000000,0.000000
0.000000,0.000000,0.000000,0.000000,0.000000,0.000000,0.000000,0.000000,0.000000,1000.000142,1000.000241,1000.000329,1000.000416,1000.000501,1000.000571,1000.000612,1000.000607,1000.000568,1000.000517,1000.000466,1000.000420,1000.000375,1000.000330,1000.000286,1000.000245,1000.000205,1000.000167,1000.000130,1000.000094,1000.000060,1000.000028,999.999997,999.999968,999.999940,999.999913,999.999889,999.999865,999.999843,999.999823,999.999804,999.999787,999.999771,999.999757,999.999744,999.999733,999.999723,999.999715,999.999708,999.999703,999.999699,999.999697,999.999696,999.999697,999.999699,999.999703,999.999708,999.999715,999.999723,999.999733,999.999744,999.999757,999.999771,999.999787,999.999804,999.999823,999.999843,999.999865,999.999889,999.999913,999.999940,999.999968,999.999997,1000.000028,1000.000060,1000.000094,1000.000130,1000.000167,1000.000205,1000.000245,1000.000286,1000.000330,1000.000375,1000.000420,1000.000466,1000.000517,1000.000568,1000.000607,1000.000612,1000.000571,1000.000501,1000.000416,1000.000329,1000.000241,1000.000142,0.000000,0.000000,0.000000,0.000000,0.000000,0.000000,0.000000,0.000000,0.000000
0.000000,0.000000,0.000000,0.000000,0.000000,0.000000,0.000000,0.000000,0.000000,1000.000206,1000.000300,1000.000391,1000.000480,1000.000557,1000.000606,1000.000613,1000.000582,1000.000530,1000.000476,1000.000427,1000.000381,1000.000334,1000.000289,1000.000247,1000.000205,1000.000165,1000.000127,1000.000090,1000.000054,1000.000020,999.999988,999.999957,999.999928,999.999900,999.999873,999.999849,999.999825,999.999803,999.999783,999.999764,999.999747,999.999731,999.999717,999.999704,999.999693,999.999683,999.999675,999.999668,999.999663,999.999659,999.999657,999.999656,999.999657,999.999659,999.999663,999.999668,999.999675,999.999683,999.999693,999.999704,999.999717,999.999731,999.999747,999.999764,999.999783,999.999803,999.999825,999.999849,999.999873,999.999900,999.999928,999.999957,999.999988,1000.000020,1000.000054,1000.000090,1000.000127,1000.000165,1000.000205,1000.000247,1000.000289,1000.000334,1000.000381,1000.000427,1000.000476,1000.000530,1000.000582,1000.000613,1000.000606,1000.000557,1000.000480,1000.000391,1000.000300,1000.000206,0.000000,0.000000,0.000000,0.000000,0.000000,0.000000,0.000000,0.000000,0.000000
0.000000,0.000000,0.000000,0.000000,0.000000,0.000000,0.000000,0.000000,1000.000165,1000.000267,1000.000358,1000.000451,1000.000537,1000.000597,1000.000615,1000.000591,1000.000545,1000.000490,1000.000438,1000.000390,1000.000342,1000.000295,1000.000251,1000.000208,1000.000167,1000.000127,1000.000088,1000.000051,1000.000016,999.999982,999.999950,999.999919,999.999889,999.999861,999.999835,999.999810,999.999787,999.999765,999.999745,999.999726,999.999709,999.999693,999.999679,999.999666,999.999655,999.999645,999.999637,999.999630,999.999625,999.999621,999.999619,999.999618,999.999619,999.999621,999.999625,999.999630,999.999637,999.999645,999.999655,999.999666,999.999679,999.999693,999.999709,999.999726,999.999745,999.999765,999.999787,999.999810,999.999835,999.999861,999.999889,999.999919,999.999950,999.999982,1000.000016,1000.000051,1000.000088,1000.000127,1000.000167,1000.000208,1000.000251,1000.000295,1000.000342,1000.000390,1000.000438,1000.000490,1000.000545,1000.000591,1000.000615,1000.000597,1000.000537,1000.000451,1000.000358,1000.000267,1000.000165,0.000000,0.000000,0.000000,0.000000,0.000000,0.000000,0.000000,0.000000
0.000000,0.000000,0.000000,0.000000,0.000000,0.000000,0.000000,0.000000,1000.000223,1000.000320,1000.000413,1000.000506,1000.000581,1000.000614,1000.000599,1000.000557,1000.000504,1000.000451,1000.000402,1000.000353,1000.000305,1000.000259,1000.000214,1000.000171,1000.000130,1000.000090,1000.000051,1000.000015,999.999979,999.999945,999.999913,999.999882,999.999852,999.999825,999.999798,999.999773,999.999750,999.999728,999.999708,999.999689,999.999672,999.999656,999.999642,999.999629,999.999618,999.999608,999.999600,999.999593,999.999588,999.999584,999.999582,999.999581,999.999582,999.999584,999.999588,999.999593,999.999600,999.999608,999.999618,999.999629,999.999642,999.999656,999.999672,999.999689,999.999708,999.999728,999.999750,999.999773,999.999798,999.999825,999.999852,999.999882,999.999913,999.999945,999.999979,1000.000015,1000.000051,1000.000090,1000.000130,1000.000171,1000.000214,1000.000259,1000.000305,1000.000353,1000.000402,1000.000451,1000.000504,1000.000557,1000.000599,1000.000614,1000.000581,1000.000506,1000.000413,1000.000320,1000.000223,0.000000,0.000000,0.000000,0.000000,0.000000,0.000000,0.000000,0.000000
0.000000,0.000000,0.000000,0.000000,0.000000,0.000000,0.000000,1000.000174,1000.000278,1000.000372,1000.000467,1000.000553,1000.000607,1000.000610,1000.000572,1000.000520,1000.000466,1000.000416,1000.000366,1000.000317,1000.000269,1000.000223,1000.000179,1000.000136,1000.000094,1000.000054,1000.000016,999.999979,999.999944,999.999910,999.999877,999.999846,999.999817,999.999789,999.999763,999.999738,999.999715,999.999693,999.999673,999.999654,999.999636,999.999621,999.999606,999.999594,999.999582,999.999573,999.999564,999.999558,999.999552,999.999549,999.999546,999.999546,999.999546,999.999549,999.999552,999.999558,999.999564,999.999573,999.999582,999.999594,999.999606,999.999621,999.999636,999.999654,999.999673,999.999693,999.999715,999.999738,999.999763,999.999789,999.999817,999.999846,999.999877,999.999910,999.999944,999.999979,1000.000016,1000.000054,1000.000094,1000.000136,1000.000179,1000.000223,1000.000269,1000.000317,1000.000366,1000.000416,1000.000466,1000.000520,1000.000572,1000.000610,1000.000607,1000.000553,1000.000467,1000.000372,1000.000278,1000.000174,0.000000,0.000000,0.000000,0.000000,0.000000,0.000000,0.000000
0.000000,0.000000,0.000000,0.000000,0.000000,0.000000,0.000000,1000.000228,1000.000327,1000.000422,1000.000515,1000.000588,1000.000616,1000.000592,1000.000541,1000.000485,1000.000433,1000.000382,1000.000331,1000.000282,1000.000235,1000.000189,1000.000145,1000.000102,1000.000060,1000.000020,999.999982,999.999945,999.999910,999.999876,999.999843,999.999813,999.999783,999.999755,999.999729,999.999704,999.999681,999.999659,999.999639,999.999620,999.999603,999.999587,999.999572,999.999560,999.999548,999.999539,999.999530,999.999524,999.999518,999.999515,999.999512,999.999512,999.999512,999.999515,999.999518,999.999524,999.999530,999.999539,999.999548,999.999560,999.999572,999.999587,999.999603,999.999620,999.999639,999.999659,999.999681,999.999704,999.999729,999.999755,999.999783,999.999813,999.999843,999.999876,999.999910,999.999945,999.999982,1000.000020,1000.000060,1000.000102,1000.000145,1000.000189,1000.000235,1000.000282,1000.000331,1000.000382,1000.000433,1000.000485,1000.000541,1000.000592,1000.000616,1000.000588,1000.000515,1000.000422,1000.000327,1000.000228,0.000000,0.000000,0.000000,0.000000,0.000000,0.000000,0.000000
0.000000,0.000000,0.000000,0.000000,0.000000,0.000000,1000.000175,1000.000280,1000.000375,1000.000471,1000.000557,1000.000610,1000.000609,1000.000567,1000.000509,1000.000453,1000.000401,1000.000349,1000.000298,1000.000250,1000.000203,1000.000157,1000.000112,1000.000069,1000.000028,999.999988,999.999950,999.999913,999.999877,999.999843,999.999811,999.999780,999.999751,999.999723,999.999697,999.999672,999.999648,999.999627,999.999606,999.999587,999.999570,999.999554,999.999540,999.999527,999.999516,999.999506,999.999498,999.999491,999.999486,999.999482,999.999480,999.999479,999.999480,999.999482,999.999486,999.999491,999.999498,999.999506,999.999516,999.999527,999.999540,999.999554,999.999570,999.999587,999.999606,999.999627,999.999648,999.999672,999.999697,999.999723,999.999751,999.999780,999.999811,999.999843,999.999877,999.999913,999.999950,999.999988,1000.000028,1000.000069,1000.000112,1000.000157,1000.000203,1000.000250,1000.000298,1000.000349,1000.000401,1000.000453,1000.000509,1000.000567,1000.000609,1000.000610,1000.000557,1000.000471,1000.000375,1000.000280,1000.000175,0.000000,0.000000,0.000000,0.000000,0.000000,0.000000
0.000000,0.000000,0.000000,0.000000,0.000000,0.000000,1000.000225,1000.000326,1000.000422,1000.000517,1000.000590,1000.000617,1000.000591,1000.000537,1000.000478,1000.000423,1000.000370,1000.000318,1000.000268,1000.000219,1000.000172,1000.000126,1000.000081,1000.000038,999.999997,999.999957,999.999919,999.999882,999.999846,999.999813,999.999780,999.999749,999.999720,999.999692,999.999666,999.999641,999.999618,999.999596,999.999575,999.999557,999.999539,999.999523,999.999509,999.999496,999.999485,999.999475,999.999467,999.999460,999.999455,999.999451,999.999449,999.999448,999.999449,999.999451,999.999455,999.999460,999.999467,999.999475,999.999485,999.999496,999.999509,999.999523,999.999539,999.999557,999.999575,999.999596,999.999618,999.999641,999.999666,999.999692,999.999720,999.999749,999.999780,999.999813,999.999846,999.999882,999.999919,999.999957,999.999997,1000.000038,1000.000081,1000.000126,1000.000172,1000.000219,1000.000268,1000.000318,1000.000370,1000.000423,1000.000478,1000.000537,1000.000591,1000.000617,1000.000590,1000.000517,1000.000422,1000.000326,1000.000225,0.000000,0.000000,0.000000,0.000000,0.000000,0.000000
0.000000,0.000000,0.000000,0.000000,0.000000,1000.000167,1000.000274,1000.000371,1000.000469,1000.000556,1000.000610,1000.000610,1000.000566,1000.000507,1000.000449,1000.000394,1000.000341,1000.000289,1000.000238,1000.000190,1000.000142,1000.000096,1000.000052,1000.000009,999.999968,999.999928,999.999889,999.999852,999.999817,999.999783,999.999751,999.999720,999.999691,999.999663,999.999636,999.999612,999.999588,999.999566,999.999546,999.999527,999.999510,999.999494,999.999480,999.999467,999.999456,999.999446,999.999438,999.999431,999.999426,999.999422,999.999420,999.999419,999.999420,999.999422,999.999426,999.999431,999.999438,999.999446,999.999456,999.999467,999.999480,999.999494,999.999510,999.999527,999.999546,999.999566,999.999588,999.999612,999.999636,999.999663,999.999691,999.999720,999.999751,999.999783,999.999817,999.999852,999.999889,999.999928,999.999968,1000.000009,1000.000052,1000.000096,1000.000142,1000.000190,1000.000238,1000.000289,1000.000341,1000.000394,1000.000449,1000.000507,1000.000566,1000.000610,1000.000610,1000.000556,1000.000469,1000.000371,1000.000274,1000.000167,0.000000,0.000000,0.000000,0.000000,0.000000
0.000000,0.000000,0.000000,0.000000,0.000000,1000.000211,1000.000315,1000.000414,1000.000511,1000.000587,1000.000616,1000.000591,1000.000537,1000.000477,1000.000421,1000.000366,1000.000312,1000.000261,1000.000211,1000.000162,1000.000114,1000.000068,1000.000024,999.999981,999.999940,999.999900,999.999861,999.999825,999.999789,999.999755,999.999723,999.999692,999.999663,999.999635,999.999609,999.999584,999.999560,999.999538,999.999518,999.999499,999.999482,999.999466,999.999452,999.999439,999.999428,999.999418,999.999410,999.999403,999.999398,999.999394,999.999392,999.999391,999.999392,999.999394,999.999398,999.999403,999.999410,999.999418,999.999428,999.999439,999.999452,999.999466,999.999482,999.999499,999.999518,999.999538,999.999560,999.999584,999.999609,999.999635,999.999663,999.999692,999.999723,999.999755,999.999789,999.999825,999.999861,999.999900,999.999940,999.999981,1000.000024,1000.000068,1000.000114,1000.000162,1000.000211,1000.000261,1000.000312,1000.000366,1000.000421,1000.000477,1000.000537,1000.000591,1000.000616,1000.000587,1000.000511,1000.000414,1000.000315,1000.000211,0.000000,0.000000,0.000000,0.000000,0.000000
0.000000,0.000000,0.000000,0.000000,1000.000146,1000.000255,1000.000354,1000.000455,1000.000548,1000.000607,1000.000610,1000.000567,1000.000509,1000.000450,1000.000395,1000.000340,1000.000286,1000.000234,1000.000184,1000.000135,1000.000088,1000.000042,999.999998,999.999955,999.999913,999.999873,999.999835,999.999798,999.999763,999.999729,999.999697,999.999666,999.999636,999.999609,999.999582,999.999557,999.999534,999.999512,999.999492,999.999473,999.999456,999.999440,999.999426,999.999413,999.999401,999.999392,999.999383,999.999377,999.999371,999.999368,999.999365,999.999365,999.999365,999.999368,999.999371,999.999377,999.999383,999.999392,999.999401,999.999413,999.999426,999.999440,999.999456,999.999473,999.999492,999.999512,999.999534,999.999557,999.999582,999.999609,999.999636,999.999666,999.999697,999.999729,999.999763,999.999798,999.999835,999.999873,999.999913,999.999955,999.999998,1000.000042,1000.000088,1000.000135,1000.000184,1000.000234,1000.000286,1000.000340,1000.000395,1000.000450,1000.000509,1000.000567,1000.000610,1000.000607,1000.000548,1000.000455,1000.000354,1000.000255,1000.000146,0.000000,0.000000,0.000000,0.000000
0.000000,0.000000,0.000000,0.000000,1000.000186,1000.000290,1000.000391,1000.000493,1000.000577,1000.000614,1000.000595,1000.000542,1000.000482,1000.000425,1000.000370,1000.000314,1000.000261,1000.000210,1000.000159,1000.000110,1000.000063,1000.000017,999.999973,999.999930,999.999889,999.999849,999.999810,999.999773,999.999738,999.999704,999.999672,999.999641,999.999612,999.999584,999.999557,999.999532,999.999509,999.999487,999.999467,999.999448,999.999431,999.999415,999.999401,999.999388,999.999377,999.999367,999.999359,999.999352,999.999347,999.999343,999.999340,999.999340,999.999340,999.999343,999.999347,999.999352,999.999359,999.999367,999.999377,999.999388,999.999401,999.999415,999.999431,999.999448,999.999467,999.999487,999.999509,999.999532,999.999557,999.999584,999.999612,999.999641,999.999672,999.999704,999.999738,999.999773,999.999810,999.999849,999.999889,999.999930,999.999973,1000.000017,1000.000063,1000.000110,1000.000159,1000.000210,1000.000261,1000.000314,1000.000370,1000.000425,1000.000482,1000.000542,1000.000595,1000.000614,1000.000577,1000.000493,1000.000391,1000.000290,1000.000186,0.000000,0.000000,0.000000,0.000000
