0.000000,0.000000,0.000000,0.000000,0.000000,0.000000,0.000000,0.000000,0.000000,0.000000,0.000000,0.000000,0.000000,0.000000,0.000000,0.000000,0.000000,0.000000,0.000000,0.000000,0.000000,0.000000,0.000000,0.000000,0.000000,0.000000,0.000000,0.000000,0.000000,0.000000,0.000000,0.000000,0.000000,0.000000,0.000000,0.000000,0.000000,0.000000,0.000000,0.000000,0.000000,0.000000,0.000000,0.000000,0.000000,0.000000,0.000000,0.000000,0.000000,0.000000,0.000000,0.000000,0.000000,0.000000,0.000000,0.000000,0.000000,0.000000,0.000000,0.000000,0.000000,0.000000,0.000000,0.000000,0.000000,0.000000,0.000000,0.000000,0.000000,0.000000,0.000000,0.000000,0.000000,0.000000,0.000000,0.000000,0.000000,0.000000,0.000000,0.000000,0.000000,0.000000,0.000000,0.000000,0.000000,0.000000,0.000000,0.000000,0.000000,0.000000,0.000000,0.000000,0.000000,0.000000,0.000000,0.000000,0.000000,0.000000,0.000000,0.000000,0.000000,0.000000,0.000000
0.000000,0.000000,0.000000,0.000000,0.000000,0.000000,0.000000,0.000000,0.000000,0.000000,0.000000,0.000000,0.000000,0.000000,0.000000,0.000000,0.000000,0.000000,0.000000,0.000000,0.000000,0.000000,0.000000,0.000000,0.000000,0.000000,0.000000,0.000000,0.000000,0.000000,0.000000,0.000000,0.000000,0.000000,0.000000,0.000000,0.000000,0.000000,0.000000,0.000000,0.000000,0.000000,0.000000,0.000000,0.000000,0.000000,0.000000,0.000000,0.000000,0.000000,0.000000,1000.000050,0.000000,0.000000,0.000000,0.000000,0.000000,0.000000,0.000000,0.000000,0.000000,0.000000,0.000000,0.000000,0.000000,0.000000,0.000000,0.000000,0.000000,0.000000,0.000000,0.000000,0.000000,0.000000,0.000000,0.000000,0.000000,0.000000,0.000000,0.000000,0.000000,0.000000,0.000000,0.000000,0.000000,0.000000,0.000000,0.000000,0.000000,0.000000,0.000000,0.000000,0.000000,0.000000,0.000000,0.000000,0.000000,0.000000,0.000000,0.000000,0.000000,0.000000,0.000000
0.000000,0.000000,0.000000,0.000000,0.000000,0.000000,0.000000,0.000000,0.000000,0.000000,0.000000,0.000000,0.000000,0.000000,0.000000,0.000000,0.000000,0.000000,0.000000,0.000000,0.000000,0.000000,0.000000,0.000000,0.000000,0.000000,0.000000,0.000000,0.000000,0.000000,0.000000,0.000000,0.000000,0.000000,0.000000,0.000000,0.000000,0.000000,0.000000,0.000000,0.000000,0.000000,999.998665,999.996767,999.996833,999.997119,999.997716,999.997983,999.998535,999.999301,999.999803,999.999961,999.999994,1000.000501,1000.001079,1000.001450,1000.001744,1000.002026,1000.002287,1000.002181,1000.001125,0.000000,0.000000,0.000000,0.000000,0.000000,0.000000,0.000000,0.000000,0.000000,0.000000,0.000000,0.000000,0.000000,0.000000,0.000000,0.000000,0.000000,0.000000,0.000000,0.000000,0.000000,0.000000,0.000000,0.000000,0.000000,0.000000,0.000000,0.000000,0.000000,0.000000,0.000000,0.000000,0.000000,0.000000,0.000000,0.000000,0.000000,0.000000,0.000000,0.000000,0.000000,0.000000
0.000000,0.000000,0.000000,0.000000,0.000000,0.000000,0.000000,0.000000,0.000000,0.000000,0.000000,0.000000,0.000000,0.000000,0.000000,0.000000,0.000000,0.000000,0.000000,0.000000,0.000000,0.000000,0.000000,0.000000,0.000000,0.000000,0.000000,0.000000,0.000000,0.000000,0.000000,0.000000,0.000000,0.000000,0.000000,0.000000,0.000000,999.995805,999.994015,999.993929,999.994748,999.996112,999.998036,999.997640,999.997260,999.997380,999.997719,999.998196,999.998562,999.998961,999.999668,999.999718,1000.000006,1000.000550,1000.000928,1000.001236,1000.001530,1000.001687,1000.001774,1000.001565,1000.001273,1000.002369,1000.003161,1000.003518,1000.003450,1000.002525,0.000000,0.000000,0.000000,0.000000,0.000000,0.000000,0.000000,0.000000,0.000000,0.000000,0.000000,0.000000,0.000000,0.000000,0.000000,0.000000,0.000000,0.000000,0.000000,0.000000,0.000000,0.000000,0.000000,0.000000,0.000000,0.000000,0.000000,0.000000,0.000000,0.000000,0.000000,0.000000,0.000000,0.000000,0.000000,0.000000,0.000000
0.000000,0.000000,0.000000,0.000000,0.000000,0.000000,0.000000,0.000000,0.000000,0.000000,0.000000,0.000000,0.000000,0.000000,0.000000,0.000000,0.000000,0.000000,0.000000,0.000000,0.000000,0.000000,0.000000,0.000000,0.000000,0.000000,0.000000,0.000000,0.000000,0.000000,0.000000,0.000000,0.000000,0.000000,999.994076,999.992708,999.993524,999.995299,999.994993,999.994841,999.995082,999.996297,999.996904,999.997111,999.997297,999.997509,999.997767,999.998190,999.998557,999.998925,999.999383,999.999724,1000.000087,1000.000423,1000.000739,1000.001057,1000.001325,1000.001438,1000.001631,1000.001770,1000.001810,1000.002157,1000.002798,1000.002943,1000.002794,1000.002639,1000.003340,1000.003784,1000.003217,0.000000,0.000000,0.000000,0.000000,0.000000,0.000000,0.000000,0.000000,0.000000,0.000000,0.000000,0.000000,0.000000,0.000000,0.000000,0.000000,0.000000,0.000000,0.000000,0.000000,0.000000,0.000000,0.000000,0.000000,0.000000,0.000000,0.000000,0.000000,0.000000,0.000000,0.000000,0.000000,0.000000,0.000000
0.000000,0.000000,0.000000,0.000000,0.000000,0.000000,0.000000,0.000000,0.000000,0.000000,0.000000,0.000000,0.000000,0.000000,0.000000,0.000000,0.000000,0.000000,0.000000,0.000000,0.000000,0.000000,0.000000,0.000000,0.000000,0.000000,0.000000,0.000000,0.000000,0.000000,0.000000,0.000000,999.993566,999.992347,999.993853,999.993716,999.994233,999.994603,999.994809,999.995081,999.995549,999.996056,999.996410,999.996902,999.997193,999.997516,999.997724,999.998096,999.998551,999.998944,999.999331,999.999659,999.999925,1000.000296,1000.000549,1000.000858,1000.001143,1000.001385,1000.001567,1000.001792,1000.002027,1000.002208,1000.002516,1000.002673,1000.002836,1000.002915,1000.003077,1000.003175,1000.003125,1000.003705,1000.003165,0.000000,0.000000,0.000000,0.000000,0.000000,0.000000,0.000000,0.000000,0.000000,0.000000,0.000000,0.000000,0.000000,0.000000,0.000000,0.000000,0.000000,0.000000,0.000000,0.000000,0.000000,0.000000,0.000000,0.000000,0.000000,0.000000,0.000000,0.000000,0.000000,0.000000,0.000000,0.000000
0.000000,0.000000,0.000000,0.000000,0.000000,0.000000,0.000000,0.000000,0.000000,0.000000,0.000000,0.000000,0.000000,0.000000,0.000000,0.000000,0.000000,0.000000,0.000000,0.000000,0.000000,0.000000,0.000000,0.000000,0.000000,0.000000,0.000000,0.000000,0.000000,0.000000,999.992244,999.991027,999.992887,999.993369,999.993553,999.993653,999.994004,999.994323,999.994774,999.995060,999.995488,999.995880,999.996349,999.996705,999.997073,999.997458,999.997750,999.998141,999.998471,999.998817,999.999125,999.999473,999.999780,1000.000177,1000.000487,1000.000854,1000.001040,1000.001348,1000.001488,1000.001626,1000.001890,1000.002186,1000.002340,1000.002486,1000.002793,1000.002938,1000.003066,1000.003124,1000.003146,1000.003303,1000.003423,1000.004062,1000.003630,0.000000,0.000000,0.000000,0.000000,0.000000,0.000000,0.000000,0.000000,0.000000,0.000000,0.000000,0.000000,0.000000,0.000000,0.000000,0.000000,0.000000,0.000000,0.000000,0.000000,0.000000,0.000000,0.000000,0.000000,0.000000,0.000000,0.000000,0.000000,0.000000,0.000000
0.000000,0.000000,0.000000,0.000000,0.000000,0.000000,0.000000,0.000000,0.000000,0.000000,0.000000,0.000000,0.000000,0.000000,0.000000,0.000000,0.000000,0.000000,0.000000,0.000000,0.000000,0.000000,0.000000,0.000000,0.000000,0.000000,0.000000,0.000000,999.990948,999.989879,999.991720,999.992286,999.992603,999.992835,999.993134,999.993611,999.994027,999.994245,999.994660,999.995038,999.995412,999.995771,999.996227,999.996620,999.996897,999.997327,999.997758,999.998138,999.998341,999.998740,999.999000,999.999540,999.999800,1000.000122,1000.000461,1000.000700,1000.000937,1000.001203,1000.001412,1000.001624,1000.001838,1000.002095,1000.002297,1000.002500,1000.002634,1000.002779,1000.002926,1000.003053,1000.003233,1000.003358,1000.003441,1000.003571,1000.003710,1000.004389,1000.003939,0.000000,0.000000,0.000000,0.000000,0.000000,0.000000,0.000000,0.000000,0.000000,0.000000,0.000000,0.000000,0.000000,0.000000,0.000000,0.000000,0.000000,0.000000,0.000000,0.000000,0.000000,0.000000,0.000000,0.000000,0.000000,0.000000,0.000000,0.000000
0.000000,0.000000,0.000000,0.000000,0.000000,0.000000,0.000000,0.000000,0.000000,0.000000,0.000000,0.000000,0.000000,0.000000,0.000000,0.000000,0.000000,0.000000,0.000000,0.000000,0.000000,0.000000,0.000000,0.000000,0.000000,0.000000,999.989848,999.988978,999.990540,999.991167,999.991536,999.991903,999.992317,999.992770,999.993127,999.993462,999.993842,999.994140,999.994538,999.994925,999.995310,999.995642,999.996085,999.996428,999.996839,999.997258,999.997601,999.997877,999.998287,999.998746,999.999017,999.999466,999.999746,999.999990,1000.000330,1000.000484,1000.000831,1000.001108,1000.001436,1000.001683,1000.001881,1000.002001,1000.002252,1000.002496,1000.002617,1000.002758,1000.002957,1000.003118,1000.003105,1000.003246,1000.003454,1000.003568,1000.003728,1000.003799,1000.003974,1000.004407,1000.004229,0.000000,0.000000,0.000000,0.000000,0.000000,0.000000,0.000000,0.000000,0.000000,0.000000,0.000000,0.000000,0.000000,0.000000,0.000000,0.000000,0.000000,0.000000,0.000000,0.000000,0.000000,0.000000,0.000000,0.000000,0.000000,0.000000
0.000000,0.000000,0.000000,0.000000,0.000000,0.000000,0.000000,0.000000,0.000000,0.000000,0.000000,0.000000,0.000000,0.000000,0.000000,0.000000,0.000000,0.000000,0.000000,0.000000,0.000000,0.000000,0.000000,0.000000,999.989030,999.988321,999.989618,999.990125,999.990482,999.990921,999.991216,999.991755,999.992192,999.992521,999.992902,999.993291,999.993583,999.994092,999.994413,999.994763,999.995162,999.995625,999.995964,999.996378,999.996879,999.997137,999.997474,999.997808,999.998298,999.998652,999.998938,999.999228,999.999608,999.999907,1000.000302,1000.000556,1000.000886,1000.001050,1000.001282,1000.001548,1000.001817,1000.001951,1000.002207,1000.002365,1000.002490,1000.002668,1000.002849,1000.003105,1000.003189,1000.003275,1000.003431,1000.003527,1000.003665,1000.003788,1000.003933,1000.003989,1000.004151,1000.004529,1000.004353,0.000000,0.000000,0.000000,0.000000,0.000000,0.000000,0.000000,0.000000,0.000000,0.000000,0.000000,0.000000,0.000000,0.000000,0.000000,0.000000,0.000000,0.000000,0.000000,0.000000,0.000000,0.000000,0.000000,0.000000
0.000000,0.000000,0.000000,0.000000,0.000000,0.000000,0.000000,0.000000,0.000000,0.000000,0.000000,0.000000,0.000000,0.000000,0.000000,0.000000,0.000000,0.000000,0.000000,0.000000,0.000000,0.000000,0.000000,999.989359,999.988972,999.989310,999.989609,999.990015,999.990292,999.990827,999.991246,999.991630,999.991986,999.992325,999.992804,999.993183,999.993520,999.993912,999.994287,999.994620,999.995091,999.995497,999.995872,999.996311,999.996679,999.996943,999.997362,999.997874,999.998246,999.998489,999.998919,999.999198,999.999543,999.999912,1000.000187,1000.000480,1000.000834,1000.001023,1000.001191,1000.001434,1000.001717,1000.001967,1000.002094,1000.002339,1000.002520,1000.002684,1000.002741,1000.002904,1000.003105,1000.003262,1000.003405,1000.003513,1000.003646,1000.003812,1000.004010,1000.004036,1000.004103,1000.004180,1000.004248,1000.004221,0.000000,0.000000,0.000000,0.000000,0.000000,0.000000,0.000000,0.000000,0.000000,0.000000,0.000000,0.000000,0.000000,0.000000,0.000000,0.000000,0.000000,0.000000,0.000000,0.000000,0.000000,0.000000,0.000000
0.000000,0.000000,0.000000,0.000000,0.000000,0.000000,0.000000,0.000000,0.000000,0.000000,0.000000,0.000000,0.000000,0.000000,0.000000,0.000000,0.000000,0.000000,0.000000,0.000000,0.000000,999.987887,999.987387,999.988796,999.989132,999.989394,999.989581,999.990012,999.990337,999.990747,999.991038,999.991499,999.991812,999.992200,999.992619,999.992967,999.993313,999.993674,999.994103,999.994536,999.994916,999.995314,999.995711,999.996059,999.996463,999.996945,999.997358,999.997744,999.998021,999.998382,999.998907,999.999174,999.999496,999.999830,1000.000085,1000.000399,1000.000617,1000.000959,1000.001264,1000.001483,1000.001646,1000.001950,1000.002068,1000.002214,1000.002496,1000.002726,1000.002850,1000.002983,1000.003089,1000.003159,1000.003381,1000.003456,1000.003574,1000.003722,1000.003803,1000.003955,1000.004064,1000.004135,1000.004121,1000.004232,1000.004683,1000.004528,0.000000,0.000000,0.000000,0.000000,0.000000,0.000000,0.000000,0.000000,0.000000,0.000000,0.000000,0.000000,0.000000,0.000000,0.000000,0.000000,0.000000,0.000000,0.000000,0.000000,0.000000
0.000000,0.000000,0.000000,0.000000,0.000000,0.000000,0.000000,0.000000,0.000000,0.000000,0.000000,0.000000,0.000000,0.000000,0.000000,0.000000,0.000000,0.000000,0.000000,0.000000,999.988113,999.988010,999.988322,999.988747,999.989016,999.989325,999.989583,999.989922,999.990284,999.990589,999.990917,999.991294,999.991631,999.992122,999.992422,999.992783,999.993205,999.993631,999.993963,999.994420,999.994797,999.995185,999.995637,999.996003,999.996429,999.996910,999.997335,999.997633,999.998058,999.998391,999.998813,999.999125,999.999477,999.999841,1000.000080,1000.000462,1000.000673,1000.000969,1000.001244,1000.001446,1000.001581,1000.001868,1000.002092,1000.002260,1000.002393,1000.002550,1000.002660,1000.002931,1000.003086,1000.003172,1000.003378,1000.003483,1000.003559,1000.003672,1000.003787,1000.003935,1000.004042,1000.004127,1000.004145,1000.004242,1000.004334,1000.004389,1000.004512,0.000000,0.000000,0.000000,0.000000,0.000000,0.000000,0.000000,0.000000,0.000000,0.000000,0.000000,0.000000,0.000000,0.000000,0.000000,0.000000,0.000000,0.000000,0.000000,0.000000
0.000000,0.000000,0.000000,0.000000,0.000000,0.000000,0.000000,0.000000,0.000000,0.000000,0.000000,0.000000,0.000000,0.000000,0.000000,0.000000,0.000000,0.000000,0.000000,999.987910,999.988113,999.988257,999.988512,999.988664,999.988946,999.989261,999.989546,999.989839,999.990126,999.990463,999.990830,999.991136,999.991495,999.991846,999.992174,999.992564,999.993015,999.993386,999.993725,999.994196,999.994595,999.994974,999.995483,999.995923,999.996364,999.996715,999.997080,999.997547,999.997997,999.998345,999.998658,999.999026,999.999440,999.999738,1000.000015,1000.000330,1000.000624,1000.000892,1000.001129,1000.001401,1000.001634,1000.001803,1000.002039,1000.002253,1000.002423,1000.002599,1000.002667,1000.002813,1000.003027,1000.003134,1000.003276,1000.003431,1000.003493,1000.003638,1000.003797,1000.003837,1000.003970,1000.004085,1000.004158,1000.004261,1000.004327,1000.004271,1000.004400,1000.004408,0.000000,0.000000,0.000000,0.000000,0.000000,0.000000,0.000000,0.000000,0.000000,0.000000,0.000000,0.000000,0.000000,0.000000,0.000000,0.000000,0.000000,0.000000,0.000000
0.000000,0.000000,0.000000,0.000000,0.000000,0.000000,0.000000,0.000000,0.000000,0.000000,0.000000,0.000000,0.000000,0.000000,0.000000,0.000000,0.000000,0.000000,999.987515,999.987880,999.988106,999.988193,999.988486,999.988651,999.988987,999.989178,999.989527,999.989726,999.989987,999.990364,999.990627,999.990961,999.991283,999.991639,999.991994,999.992380,999.992734,999.993125,999.993602,999.994043,999.994450,999.994857,999.995316,999.995778,999.996190,999.996649,999.997067,999.997498,999.997834,999.998322,999.998704,999.999077,999.999399,999.999704,1000.000075,1000.000381,1000.000609,1000.000877,1000.001110,1000.001381,1000.001644,1000.001816,1000.002016,1000.002179,1000.002348,1000.002580,1000.002797,1000.002857,1000.002973,1000.003137,1000.003216,1000.003398,1000.003525,1000.003593,1000.003711,1000.003800,1000.003841,1000.003963,1000.004107,1000.004187,1000.004298,1000.004216,1000.004323,1000.004417,1000.004544,0.000000,0.000000,0.000000,0.000000,0.000000,0.000000,0.000000,0.000000,0.000000,0.000000,0.000000,0.000000,0.000000,0.000000,0.000000,0.000000,0.000000,0.000000
0.000000,0.000000,0.000000,0.000000,0.000000,0.000000,0.000000,0.000000,0.000000,0.000000,0.000000,0.000000,0.000000,0.000000,0.000000,0.000000,0.000000,999.987498,999.987714,999.987901,999.988071,999.988318,999.988541,999.988785,999.988979,999.989097,999.989415,999.989598,999.989879,999.990180,999.990385,999.990753,999.991105,999.991441,999.991760,999.992167,999.992513,999.992950,999.993425,999.993772,999.994248,999.994723,999.995221,999.995621,999.996064,999.996547,999.997074,999.997436,999.997864,999.998286,999.998688,999.999090,999.999338,999.999694,1000.000066,1000.000397,1000.000629,1000.000949,1000.001157,1000.001384,1000.001628,1000.001811,1000.002013,1000.002190,1000.002350,1000.002518,1000.002667,1000.002860,1000.003005,1000.003082,1000.003219,1000.003326,1000.003498,1000.003568,1000.003662,1000.003787,1000.003944,1000.003951,1000.003945,1000.004030,1000.004266,1000.004271,1000.004317,1000.004345,1000.004457,1000.004412,0.000000,0.000000,0.000000,0.000000,0.000000,0.000000,0.000000,0.000000,0.000000,0.000000,0.000000,0.000000,0.000000,0.000000,0.000000,0.000000,0.000000
0.000000,0.000000,0.000000,0.000000,0.000000,0.000000,0.000000,0.000000,0.000000,0.000000,0.000000,0.000000,0.000000,0.000000,0.000000,0.000000,999.987277,999.987578,999.987795,999.987935,999.988159,999.988374,999.988569,999.988746,999.988816,999.989040,999.989306,999.989448,999.989782,999.989970,999.990211,999.990514,999.990839,999.991144,999.991466,999.991909,999.992290,999.992735,999.993153,999.993512,999.994061,999.994572,999.995044,999.995487,999.996015,999.996445,999.996910,999.997384,999.997845,999.998283,999.998559,999.998989,999.999402,999.999746,1000.000088,1000.000338,1000.000592,1000.000890,1000.001168,1000.001360,1000.001605,1000.001789,1000.001996,1000.002213,1000.002358,1000.002493,1000.002625,1000.002780,1000.002954,1000.003122,1000.003199,1000.003328,1000.003431,1000.003537,1000.003632,1000.003672,1000.003818,1000.003971,1000.004024,1000.003967,1000.004104,1000.004258,1000.004309,1000.004357,1000.004386,1000.004462,1000.004639,0.000000,0.000000,0.000000,0.000000,0.000000,0.000000,0.000000,0.000000,0.000000,0.000000,0.000000,0.000000,0.000000,0.000000,0.000000,0.000000
0.000000,0.000000,0.000000,0.000000,0.000000,0.000000,0.000000,0.000000,0.000000,0.000000,0.000000,0.000000,0.000000,0.000000,0.000000,999.987498,999.987578,999.987730,999.987873,999.988024,999.988263,999.988400,999.988507,999.988571,999.988773,999.988985,999.989143,999.989351,999.989564,999.989719,999.989979,999.990294,999.990553,999.990806,999.991193,999.991634,999.992007,999.992442,999.992821,999.993377,999.993944,999.994328,999.994835,999.995354,999.995938,999.996380,999.996862,999.997301,999.997833,999.998262,999.998644,999.999003,999.999475,999.999788,1000.000044,1000.000357,1000.000713,1000.000949,1000.001236,1000.001460,1000.001655,1000.001871,1000.002063,1000.002206,1000.002402,1000.002536,1000.002717,1000.002789,1000.002895,1000.003031,1000.003135,1000.003275,1000.003344,1000.003516,1000.003645,1000.003684,1000.003708,1000.003841,1000.004023,1000.004053,1000.004009,1000.004155,1000.004176,1000.004283,1000.004405,1000.004426,1000.004409,1000.004435,0.000000,0.000000,0.000000,0.000000,0.000000,0.000000,0.000000,0.000000,0.000000,0.000000,0.000000,0.000000,0.000000,0.000000,0.000000
0.000000,0.000000,0.000000,0.000000,0.000000,0.000000,0.000000,0.000000,0.000000,0.000000,0.000000,0.000000,0.000000,0.000000,999.987515,999.987714,999.987795,999.987873,999.987995,999.988220,999.988268,999.988374,999.988483,999.988625,999.988768,999.988897,999.989004,999.989161,999.989280,999.989482,999.989733,999.990002,999.990185,999.990553,999.990911,999.991274,999.991690,999.992090,999.992615,999.993192,999.993585,999.994138,999.994702,999.995231,999.995752,999.996331,999.996837,999.997305,999.997779,999.998183,999.998713,999.999103,999.999455,999.999785,1000.000095,1000.000414,1000.000773,1000.001009,1000.001177,1000.001469,1000.001619,1000.001884,1000.002033,1000.002186,1000.002366,1000.002520,1000.002700,1000.002796,1000.002956,1000.003065,1000.003179,1000.003306,1000.003350,1000.003423,1000.003546,1000.003691,1000.003748,1000.003762,1000.003888,1000.004011,1000.004019,1000.004101,1000.004155,1000.004205,1000.004333,1000.004474,1000.004429,1000.004402,1000.004596,0.000000,0.000000,0.000000,0.000000,0.000000,0.000000,0.000000,0.000000,0.000000,0.000000,0.000000,0.000000,0.000000,0.000000
0.000000,0.000000,0.000000,0.000000,0.000000,0.000000,0.000000,0.000000,0.000000,0.000000,0.000000,0.000000,0.000000,999.987910,999.987880,999.987901,999.987935,999.988024,999.988220,999.988250,999.988292,999.988411,999.988438,999.988537,999.988642,999.988709,999.988807,999.988919,999.989020,999.989210,999.989470,999.989608,999.989865,999.990226,999.990600,999.990912,999.991300,999.991787,999.992333,999.992795,999.993313,999.993990,999.994559,999.995102,999.995694,999.996246,999.996791,999.997340,999.997835,999.998242,999.998762,999.999146,999.999490,999.999911,1000.000281,1000.000577,1000.000818,1000.001041,1000.001280,1000.001547,1000.001705,1000.001899,1000.002078,1000.002238,1000.002461,1000.002542,1000.002634,1000.002808,1000.002902,1000.003049,1000.003143,1000.003274,1000.003348,1000.003447,1000.003508,1000.003592,1000.003730,1000.003762,1000.003803,1000.003909,1000.004010,1000.004106,1000.004126,1000.004153,1000.004211,1000.004261,1000.004392,1000.004342,1000.004433,1000.004410,0.000000,0.000000,0.000000,0.000000,0.000000,0.000000,0.000000,0.000000,0.000000,0.000000,0.000000,0.000000,0.000000
0.000000,0.000000,0.000000,0.000000,0.000000,0.000000,0.000000,0.000000,0.000000,0.000000,0.000000,0.000000,999.988113,999.988113,999.988106,999.988071,999.988159,999.988263,999.988268,999.988292,999.988372,999.988369,999.988420,999.988518,999.988513,999.988517,999.988635,999.988678,999.988777,999.988949,999.989095,999.989214,999.989523,999.989773,999.990101,999.990465,999.990896,999.991455,999.991932,999.992509,999.993114,999.993762,999.994333,999.994962,999.995620,999.996154,999.996768,999.997340,999.997869,999.998376,999.998828,999.999213,999.999606,999.999949,1000.000313,1000.000605,1000.000891,1000.001138,1000.001405,1000.001612,1000.001847,1000.001981,1000.002193,1000.002293,1000.002434,1000.002603,1000.002660,1000.002849,1000.002949,1000.002976,1000.003100,1000.003213,1000.003303,1000.003379,1000.003531,1000.003513,1000.003610,1000.003750,1000.003782,1000.003847,1000.003944,1000.003994,1000.004088,1000.004110,1000.004186,1000.004270,1000.004295,1000.004332,1000.004367,1000.004465,1000.004452,0.000000,0.000000,0.000000,0.000000,0.000000,0.000000,0.000000,0.000000,0.000000,0.000000,0.000000,0.000000
0.000000,0.000000,0.000000,0.000000,0.000000,0.000000,0.000000,0.000000,0.000000,0.000000,0.000000,999.987887,999.988010,999.988257,999.988193,999.988318,999.988374,999.988400,999.988374,999.988411,999.988369,999.988419,999.988434,999.988423,999.988339,999.988408,999.988439,999.988370,999.988490,999.988587,999.988617,999.988836,999.989059,999.989281,999.989612,999.990023,999.990494,999.991021,999.991570,999.992204,999.992848,999.993477,999.994145,999.994897,999.995518,999.996136,999.996795,999.997376,999.997885,999.998466,999.998885,999.999388,999.999801,1000.000143,1000.000417,1000.000735,1000.000974,1000.001309,1000.001504,1000.001663,1000.001869,1000.002063,1000.002211,1000.002371,1000.002418,1000.002623,1000.002731,1000.002835,1000.002929,1000.003045,1000.003110,1000.003239,1000.003314,1000.003340,1000.003490,1000.003574,1000.003587,1000.003707,1000.003794,1000.003777,1000.003849,1000.003955,1000.003969,1000.004109,1000.004088,1000.004184,1000.004250,1000.004277,1000.004304,1000.004390,1000.004482,1000.004590,0.000000,0.000000,0.000000,0.000000,0.000000,0.000000,0.000000,0.000000,0.000000,0.000000,0.000000
0.000000,0.000000,0.000000,0.000000,0.000000,0.000000,0.000000,0.000000,0.000000,0.000000,0.000000,999.987387,999.988322,999.988512,999.988486,999.988541,999.988569,999.988507,999.988483,999.988438,999.988420,999.988434,999.988320,999.988230,999.988185,999.988194,999.988099,999.988079,999.988182,999.988175,999.988147,999.988321,999.988496,999.988744,999.989083,999.989489,999.989965,999.990522,999.991090,999.991748,999.992499,999.993202,999.994020,999.994762,999.995457,999.996186,999.996937,999.997509,999.998038,999.998593,999.999018,999.999474,999.999930,1000.000323,1000.000634,1000.000932,1000.001188,1000.001418,1000.001639,1000.001850,1000.001991,1000.002146,1000.002269,1000.002416,1000.002584,1000.002707,1000.002781,1000.002870,1000.002962,1000.003065,1000.003113,1000.003237,1000.003309,1000.003321,1000.003421,1000.003492,1000.003554,1000.003604,1000.003740,1000.003757,1000.003836,1000.003923,1000.003921,1000.003993,1000.004086,1000.004106,1000.004199,1000.004248,1000.004275,1000.004292,1000.004374,1000.004662,0.000000,0.000000,0.000000,0.000000,0.000000,0.000000,0.000000,0.000000,0.000000,0.000000,0.000000
0.000000,0.000000,0.000000,0.000000,0.000000,0.000000,0.000000,0.000000,0.000000,0.000000,999.989359,999.988796,999.988747,999.988664,999.988651,999.988785,999.988746,999.988571,999.988625,999.988537,999.988518,999.988423,999.988230,999.988150,999.988178,999.988030,999.987889,999.987805,999.987756,999.987639,999.987654,999.987832,999.987940,999.988136,999.988478,999.988887,999.989357,999.989962,999.990609,999.991379,999.992148,999.993018,999.993796,999.994599,999.995386,999.996246,999.996865,999.997565,999.998192,999.998803,999.999346,999.999766,1000.000119,1000.000433,1000.000810,1000.001096,1000.001394,1000.001541,1000.001745,1000.001941,1000.002128,1000.002266,1000.002371,1000.002521,1000.002606,1000.002727,1000.002776,1000.002862,1000.002983,1000.003066,1000.003067,1000.003184,1000.003320,1000.003332,1000.003426,1000.003484,1000.003499,1000.003554,1000.003689,1000.003703,1000.003740,1000.003881,1000.003898,1000.003911,1000.003981,1000.004058,1000.004087,1000.004202,1000.004262,1000.004312,1000.004314,1000.004301,1000.004242,0.000000,0.000000,0.000000,0.000000,0.000000,0.000000,0.000000,0.000000,0.000000,0.000000
0.000000,0.000000,0.000000,0.000000,0.000000,0.000000,0.000000,0.000000,0.000000,999.989030,999.988972,999.989132,999.989016,999.988946,999.988987,999.988979,999.988816,999.988773,999.988768,999.988642,999.988513,999.988339,999.988185,999.988178,999.987985,999.987607,999.987518,999.987413,999.987282,999.987126,999.987206,999.987220,999.987240,999.987442,999.987701,999.988089,999.988589,999.989278,999.990066,999.990903,999.991816,999.992715,999.993657,999.994530,999.995513,999.996394,999.997019,999.997787,999.998430,999.999015,999.999524,1000.000017,1000.000423,1000.000735,1000.001053,1000.001318,1000.001585,1000.001768,1000.001990,1000.002109,1000.002265,1000.002405,1000.002553,1000.002652,1000.002685,1000.002792,1000.002860,1000.002982,1000.003034,1000.003133,1000.003161,1000.003153,1000.003252,1000.003293,1000.003354,1000.003463,1000.003512,1000.003517,1000.003605,1000.003665,1000.003667,1000.003785,1000.003858,1000.003879,1000.003950,1000.003940,1000.003979,1000.004123,1000.004120,1000.004158,1000.004260,1000.004259,1000.004348,1000.004446,0.000000,0.000000,0.000000,0.000000,0.000000,0.000000,0.000000,0.000000,0.000000
0.000000,0.000000,0.000000,0.000000,0.000000,0.000000,0.000000,0.000000,0.000000,999.988321,999.989310,999.989394,999.989325,999.989261,999.989178,999.989097,999.989040,999.988985,999.988897,999.988709,999.988517,999.988408,999.988194,999.988030,999.987607,999.987401,999.987394,999.987118,999.986836,999.986609,999.986508,999.986362,999.986367,999.986552,999.986846,999.987289,999.987885,999.988587,999.989413,999.990332,999.991307,999.992385,999.993485,999.994508,999.995517,999.996429,999.997259,999.998126,999.998838,999.999348,999.999816,1000.000228,1000.000701,1000.001069,1000.001390,1000.001581,1000.001788,1000.001998,1000.002230,1000.002308,1000.002444,1000.002533,1000.002648,1000.002715,1000.002799,1000.002907,1000.002967,1000.002974,1000.003021,1000.003112,1000.003208,1000.003215,1000.003311,1000.003329,1000.003350,1000.003378,1000.003506,1000.003503,1000.003570,1000.003660,1000.003607,1000.003663,1000.003783,1000.003811,1000.003926,1000.003938,1000.003905,1000.004034,1000.004088,1000.004127,1000.004158,1000.004152,1000.004254,1000.004581,0.000000,0.000000,0.000000,0.000000,0.000000,0.000000,0.000000,0.000000,0.000000
0.000000,0.000000,0.000000,0.000000,0.000000,0.000000,0.000000,0.000000,999.989848,999.989618,999.989609,999.989581,999.989583,999.989546,999.989527,999.989415,999.989306,999.989143,999.989004,999.988807,999.988635,999.988439,999.988099,999.987889,999.987518,999.987394,999.987063,999.986462,999.986225,999.985985,999.985805,999.985641,999.985600,999.985653,999.985865,999.986296,999.986848,999.987622,999.988542,999.989676,999.990895,999.992126,999.993378,999.994621,999.995668,999.996632,999.997556,999.998368,999.999045,999.999695,1000.000315,1000.000710,1000.001103,1000.001428,1000.001665,1000.001908,1000.002101,1000.002274,1000.002397,1000.002524,1000.002647,1000.002721,1000.002806,1000.002846,1000.002937,1000.002987,1000.003027,1000.003081,1000.003084,1000.003106,1000.003170,1000.003193,1000.003234,1000.003342,1000.003386,1000.003341,1000.003413,1000.003439,1000.003456,1000.003603,1000.003622,1000.003633,1000.003633,1000.003742,1000.003813,1000.003908,1000.003861,1000.003913,1000.003959,1000.004062,1000.004158,1000.004104,1000.004147,1000.004252,1000.004270,0.000000,0.000000,0.000000,0.000000,0.000000,0.000000,0.000000,0.000000
0.000000,0.000000,0.000000,0.000000,0.000000,0.000000,0.000000,0.000000,999.988978,999.990125,999.990015,999.990012,999.989922,999.989839,999.989726,999.989598,999.989448,999.989351,999.989161,999.988919,999.988678,999.988370,999.988079,999.987805,999.987413,999.987118,999.986462,999.986131,999.985967,999.985431,999.985033,999.984696,999.984433,999.984371,999.984601,999.984975,999.985623,999.986590,999.987694,999.989032,999.990388,999.991809,999.993198,999.994615,999.995947,999.997084,999.998159,999.998944,999.999562,1000.000195,1000.000739,1000.001152,1000.001529,1000.001787,1000.002010,1000.002265,1000.002422,1000.002578,1000.002636,1000.002788,1000.002848,1000.002904,1000.002949,1000.003016,1000.003033,1000.003095,1000.003098,1000.003158,1000.003214,1000.003213,1000.003232,1000.003253,1000.003234,1000.003260,1000.003332,1000.003368,1000.003386,1000.003479,1000.003424,1000.003523,1000.003514,1000.003600,1000.003630,1000.003618,1000.003642,1000.003788,1000.003951,1000.003841,1000.003860,1000.003911,1000.004058,1000.004085,1000.004113,1000.004130,1000.004525,0.000000,0.000000,0.000000,0.000000,0.000000,0.000000,0.000000,0.000000
0.000000,0.000000,0.000000,0.000000,0.000000,0.000000,0.000000,999.990948,999.990540,999.990482,999.990292,999.990337,999.990284,999.990126,999.989987,999.989879,999.989782,999.989564,999.989280,999.989020,999.988777,999.988490,999.988182,999.987756,999.987282,999.986836,999.986225,999.985967,999.985274,999.984387,999.983978,999.983559,999.983247,999.983188,999.983285,999.983565,999.984228,999.985283,999.986569,999.988113,999.989856,999.991710,999.993341,999.994875,999.996213,999.997354,999.998483,999.999481,1000.000258,1000.000847,1000.001274,1000.001677,1000.001976,1000.002271,1000.002505,1000.002668,1000.002776,1000.002869,1000.002960,1000.003066,1000.003082,1000.003141,1000.003157,1000.003203,1000.003163,1000.003186,1000.003219,1000.003205,1000.003197,1000.003234,1000.003272,1000.003270,1000.003286,1000.003275,1000.003288,1000.003342,1000.003324,1000.003396,1000.003367,1000.003460,1000.003488,1000.003537,1000.003642,1000.003621,1000.003592,1000.003580,1000.003740,1000.003874,1000.003854,1000.003846,1000.003838,1000.003957,1000.004034,1000.004030,1000.004083,1000.004055,0.000000,0.000000,0.000000,0.000000,0.000000,0.000000,0.000000
0.000000,0.000000,0.000000,0.000000,0.000000,0.000000,0.000000,999.989879,999.991167,999.990921,999.990827,999.990747,999.990589,999.990463,999.990364,999.990180,999.989970,999.989719,999.989482,999.989210,999.988949,999.988587,999.988175,999.987639,999.987126,999.986609,999.985985,999.985431,999.984387,999.983800,999.983499,999.982632,999.981933,999.981517,999.981272,999.981534,999.982425,999.983644,999.985245,999.987108,999.989131,999.991306,999.993431,999.995291,999.996982,999.998340,999.999342,1000.000164,1000.000886,1000.001510,1000.001939,1000.002347,1000.002563,1000.002792,1000.002982,1000.003059,1000.003167,1000.003263,1000.003289,1000.003306,1000.003317,1000.003342,1000.003347,1000.003362,1000.003355,1000.003310,1000.003351,1000.003332,1000.003309,1000.003274,1000.003297,1000.003271,1000.003324,1000.003255,1000.003327,1000.003295,1000.003304,1000.003328,1000.003367,1000.003340,1000.003381,1000.003384,1000.003501,1000.003541,1000.003611,1000.003608,1000.003549,1000.003632,1000.003787,1000.003834,1000.003762,1000.003895,1000.003942,1000.003873,1000.003956,1000.004412,0.000000,0.000000,0.000000,0.000000,0.000000,0.000000,0.000000
0.000000,0.000000,0.000000,0.000000,0.000000,0.000000,999.992244,999.991720,999.991536,999.991216,999.991246,999.991038,999.990917,999.990830,999.990627,999.990385,999.990211,999.989979,999.989733,999.989470,999.989095,999.988617,999.988147,999.987654,999.987206,999.986508,999.985805,999.985033,999.983978,999.983499,999.982357,999.980681,999.980049,999.979471,999.979180,999.979539,999.980278,999.981483,999.983564,999.986059,999.988729,999.991301,999.993675,999.995707,999.997571,999.999213,1000.000397,1000.001185,1000.001844,1000.002312,1000.002719,1000.003046,1000.003233,1000.003331,1000.003469,1000.003565,1000.003584,1000.003629,1000.003643,1000.003625,1000.003602,1000.003623,1000.003566,1000.003544,1000.003537,1000.003446,1000.003442,1000.003381,1000.003407,1000.003331,1000.003326,1000.003279,1000.003323,1000.003273,1000.003267,1000.003364,1000.003285,1000.003260,1000.003355,1000.003366,1000.003345,1000.003362,1000.003356,1000.003403,1000.003505,1000.003559,1000.003499,1000.003619,1000.003600,1000.003656,1000.003724,1000.003732,1000.003820,1000.003837,1000.003837,1000.003912,1000.003786,0.000000,0.000000,0.000000,0.000000,0.000000,0.000000
0.000000,0.000000,0.000000,0.000000,0.000000,0.000000,999.991027,999.992286,999.991903,999.991755,999.991630,999.991499,999.991294,999.991136,999.990961,999.990753,999.990514,999.990294,999.990002,999.989608,999.989214,999.988836,999.988321,999.987832,999.987220,999.986362,999.985641,999.984696,999.983559,999.982632,999.980681,999.979502,999.979095,999.977644,999.976621,999.976409,999.977027,999.978661,999.981304,999.984704,999.988141,999.991523,999.994704,999.997181,999.998899,1000.000297,1000.001413,1000.002286,1000.002906,1000.003302,1000.003580,1000.003790,1000.003923,1000.004022,1000.004045,1000.004073,1000.004072,1000.004010,1000.004003,1000.003958,1000.003934,1000.003837,1000.003771,1000.003728,1000.003711,1000.003638,1000.003580,1000.003511,1000.003478,1000.003444,1000.003392,1000.003330,1000.003323,1000.003283,1000.003208,1000.003209,1000.003264,1000.003219,1000.003234,1000.003263,1000.003262,1000.003319,1000.003349,1000.003361,1000.003314,1000.003425,1000.003463,1000.003453,1000.003551,1000.003561,1000.003617,1000.003671,1000.003574,1000.003744,1000.003777,1000.003647,1000.004132,0.000000,0.000000,0.000000,0.000000,0.000000,0.000000
0.000000,0.000000,0.000000,0.000000,0.000000,999.993566,999.992887,999.992603,999.992317,999.992192,999.991986,999.991812,999.991631,999.991495,999.991283,999.991105,999.990839,999.990553,999.990185,999.989865,999.989523,999.989059,999.988496,999.987940,999.987240,999.986367,999.985600,999.984433,999.983247,999.981933,999.980049,999.979095,999.977038,999.973848,999.972662,999.972406,999.972807,999.975185,999.978648,999.982700,999.987398,999.991773,999.995524,999.998651,1000.000810,1000.002153,1000.003026,1000.003658,1000.004114,1000.004423,1000.004544,1000.004616,1000.004684,1000.004688,1000.004621,1000.004583,1000.004543,1000.004465,1000.004386,1000.004310,1000.004221,1000.004146,1000.004034,1000.003922,1000.003859,1000.003766,1000.003704,1000.003626,1000.003555,1000.003466,1000.003426,1000.003382,1000.003337,1000.003349,1000.003300,1000.003212,1000.003194,1000.003204,1000.003212,1000.003202,1000.003182,1000.003195,1000.003215,1000.003301,1000.003299,1000.003278,1000.003432,1000.003380,1000.003345,1000.003491,1000.003511,1000.003541,1000.003566,1000.003615,1000.003662,1000.003588,1000.003594,1000.003427,0.000000,0.000000,0.000000,0.000000,0.000000
0.000000,0.000000,0.000000,0.000000,0.000000,999.992347,999.993369,999.992835,999.992770,999.992521,999.992325,999.992200,999.992122,999.991846,999.991639,999.991441,999.991144,999.990806,999.990553,999.990226,999.989773,999.989281,999.988744,999.988136,999.987442,999.986552,999.985653,999.984371,999.983188,999.981517,999.979471,999.977644,999.973848,999.971147,999.969893,999.967626,999.967925,999.970641,999.975020,999.981571,999.988217,999.993751,999.998004,1000.000858,1000.002835,1000.004123,1000.004904,1000.005286,1000.005464,1000.005581,1000.005580,1000.005525,1000.005496,1000.005393,1000.005272,1000.005173,1000.005073,1000.004916,1000.004797,1000.004678,1000.004509,1000.004443,1000.004347,1000.004196,1000.004078,1000.003938,1000.003827,1000.003752,1000.003687,1000.003576,1000.003453,1000.003417,1000.003273,1000.003276,1000.003250,1000.003222,1000.003184,1000.003127,1000.003098,1000.003163,1000.003146,1000.003110,1000.003111,1000.003160,1000.003162,1000.003179,1000.003323,1000.003287,1000.003268,1000.003403,1000.003358,1000.003428,1000.003456,1000.003470,1000.003513,1000.003567,1000.003472,1000.003888,0.000000,0.000000,0.000000,0.000000,0.000000
0.000000,0.000000,0.000000,0.000000,999.994076,999.993853,999.993553,999.993134,999.993127,999.992902,999.992804,999.992619,999.992422,999.992174,999.991994,999.991760,999.991466,999.991193,999.990911,999.990600,999.990101,999.989612,999.989083,999.988478,999.987701,999.986846,999.985865,999.984601,999.983285,999.981272,999.979180,999.976621,999.972662,999.969893,999.964979,999.958837,999.957086,999.959798,999.967188,999.977632,999.988442,999.997125,1000.002231,1000.004712,1000.006015,1000.006663,1000.006958,1000.007047,1000.006990,1000.006850,1000.006705,1000.006526,1000.006312,1000.006157,1000.005951,1000.005739,1000.005583,1000.005375,1000.005212,1000.005047,1000.004882,1000.004663,1000.004553,1000.004405,1000.004272,1000.004156,1000.003983,1000.003845,1000.003737,1000.003647,1000.003551,1000.003504,1000.003375,1000.003253,1000.003209,1000.003171,1000.003178,1000.003099,1000.003031,1000.003007,1000.003039,1000.003104,1000.003068,1000.003023,1000.003086,1000.003072,1000.003115,1000.003176,1000.003175,1000.003213,1000.003271,1000.003342,1000.003375,1000.003331,1000.003325,1000.003456,1000.003433,1000.003366,1000.003367,0.000000,0.000000,0.000000,0.000000
0.000000,0.000000,0.000000,0.000000,999.992708,999.993716,999.993653,999.993611,999.993462,999.993291,999.993183,999.992967,999.992783,999.992564,999.992380,999.992167,999.991909,999.991634,999.991274,999.990912,999.990465,999.990023,999.989489,999.988887,999.988089,999.987289,999.986296,999.984975,999.983565,999.981534,999.979539,999.976409,999.972406,999.967626,999.958837,999.948007,999.944969,999.952259,999.963722,999.978295,999.993937,1000.003564,1000.007377,1000.009328,1000.009733,1000.009582,1000.009238,1000.008906,1000.008558,1000.008173,1000.007844,1000.007503,1000.007146,1000.006857,1000.006601,1000.006306,1000.006068,1000.005872,1000.005626,1000.005429,1000.005257,1000.005029,1000.004813,1000.004625,1000.004472,1000.004314,1000.004172,1000.004009,1000.003851,1000.003690,1000.003559,1000.003478,1000.003401,1000.003302,1000.003211,1000.003101,1000.003039,1000.003094,1000.003028,1000.002964,1000.002933,1000.002920,1000.002989,1000.002935,1000.003008,1000.003037,1000.002970,1000.003021,1000.003181,1000.003065,1000.003074,1000.003237,1000.003240,1000.003292,1000.003303,1000.003303,1000.003424,1000.003438,1000.003912,0.000000,0.000000,0.000000,0.000000
