0.000000,0.000000,0.000000,0.000000,0.000000,0.000000,0.000000,0.000000,0.000000,0.000000,0.000000,0.000000,0.000000,0.000000,0.000000,0.000000,0.000000,0.000000,0.000000,0.000000,0.000000,0.000000,0.000000,0.000000,0.000000,0.000000,0.000000,0.000000,0.000000,0.000000,0.000000,0.000000,0.000000,0.000000,0.000000,0.000000,0.000000,0.000000,0.000000,0.000000,0.000000,0.000000,0.000000,0.000000,0.000000,0.000000,0.000000,0.000000,0.000000,0.000000,0.000000,0.000000,0.000000,0.000000,0.000000,0.000000,0.000000,0.000000,0.000000,0.000000,0.000000,0.000000,0.000000,0.000000,0.000000,0.000000,0.000000,0.000000,0.000000,0.000000,0.000000,0.000000,0.000000,0.000000,0.000000,0.000000,0.000000,0.000000,0.000000,0.000000,0.000000,0.000000,0.000000,0.000000,0.000000,0.000000,0.000000,0.000000,0.000000,0.000000,0.000000,0.000000,0.000000,0.000000,0.000000,0.000000,0.000000,0.000000,0.000000,0.000000,0.000000,0.000000,0.000000
0.000000,0.000000,0.000000,0.000000,0.000000,0.000000,0.000000,0.000000,0.000000,0.000000,0.000000,0.000000,0.000000,0.000000,0.000000,0.000000,0.000000,0.000000,0.000000,0.000000,0.000000,0.000000,0.000000,0.000000,0.000000,0.000000,0.000000,0.000000,0.000000,0.000000,0.000000,0.000000,0.000000,0.000000,0.000000,0.000000,0.000000,0.000000,0.000000,0.000000,0.000000,0.000000,0.000000,0.000000,0.000000,0.000000,0.000000,0.000000,0.000000,0.000000,0.000000,1000.000082,0.000000,0.000000,0.000000,0.000000,0.000000,0.000000,0.000000,0.000000,0.000000,0.000000,0.000000,0.000000,0.000000,0.000000,0.000000,0.000000,0.000000,0.000000,0.000000,0.000000,0.000000,0.000000,0.000000,0.000000,0.000000,0.000000,0.000000,0.000000,0.000000,0.000000,0.000000,0.000000,0.000000,0.000000,0.000000,0.000000,0.000000,0.000000,0.000000,0.000000,0.000000,0.000000,0.000000,0.000000,0.000000,0.000000,0.000000,0.000000,0.000000,0.000000,0.000000
0.000000,0.000000,0.000000,0.000000,0.000000,0.000000,0.000000,0.000000,0.000000,0.000000,0.000000,0.000000,0.000000,0.000000,0.000000,0.000000,0.000000,0.000000,0.000000,0.000000,0.000000,0.000000,0.000000,0.000000,0.000000,0.000000,0.000000,0.000000,0.000000,0.000000,0.000000,0.000000,0.000000,0.000000,0.000000,0.000000,0.000000,0.000000,0.000000,0.000000,0.000000,0.000000,1000.000150,1000.000174,1000.000187,1000.000193,1000.000197,1000.000198,1000.000198,1000.000197,1000.000196,1000.000202,1000.000196,1000.000197,1000.000198,1000.000198,1000.000197,1000.000193,1000.000187,1000.000174,1000.000150,0.000000,0.000000,0.000000,0.000000,0.000000,0.000000,0.000000,0.000000,0.000000,0.000000,0.000000,0.000000,0.000000,0.000000,0.000000,0.000000,0.000000,0.000000,0.000000,0.000000,0.000000,0.000000,0.000000,0.000000,0.000000,0.000000,0.000000,0.000000,0.000000,0.000000,0.000000,0.000000,0.000000,0.000000,0.000000,0.000000,0.000000,0.000000,0.000000,0.000000,0.000000,0.000000
0.000000,0.000000,0.000000,0.000000,0.000000,0.000000,0.000000,0.000000,0.000000,0.000000,0.000000,0.000000,0.000000,0.000000,0.000000,0.000000,0.000000,0.000000,0.000000,0.000000,0.000000,0.000000,0.000000,0.000000,0.000000,0.000000,0.000000,0.000000,0.000000,0.000000,0.000000,0.000000,0.000000,0.000000,0.000000,0.000000,0.000000,1000.000144,1000.000180,1000.000209,1000.000232,1000.000251,1000.000269,1000.000284,1000.000296,1000.000305,1000.000309,1000.000312,1000.000313,1000.000313,1000.000313,1000.000314,1000.000313,1000.000313,1000.000313,1000.000312,1000.000309,1000.000305,1000.000296,1000.000284,1000.000269,1000.000251,1000.000232,1000.000209,1000.000180,1000.000144,0.000000,0.000000,0.000000,0.000000,0.000000,0.000000,0.000000,0.000000,0.000000,0.000000,0.000000,0.000000,0.000000,0.000000,0.000000,0.000000,0.000000,0.000000,0.000000,0.000000,0.000000,0.000000,0.000000,0.000000,0.000000,0.000000,0.000000,0.000000,0.000000,0.000000,0.000000,0.000000,0.000000,0.000000,0.000000,0.000000,0.000000
0.000000,0.000000,0.000000,0.000000,0.000000,0.000000,0.000000,0.000000,0.000000,0.000000,0.000000,0.000000,0.000000,0.000000,0.000000,0.000000,0.000000,0.000000,0.000000,0.000000,0.000000,0.000000,0.000000,0.000000,0.000000,0.000000,0.000000,0.000000,0.000000,0.000000,0.000000,0.000000,0.000000,0.000000,1000.000151,1000.000192,1000.000226,1000.000260,1000.000289,1000.000316,1000.000341,1000.000362,1000.000381,1000.000396,1000.000408,1000.000415,1000.000420,1000.000422,1000.000423,1000.000424,1000.000424,1000.000424,1000.000424,1000.000424,1000.000423,1000.000422,1000.000420,1000.000415,1000.000408,1000.000396,1000.000381,1000.000362,1000.000341,1000.000316,1000.000289,1000.000260,1000.000226,1000.000192,1000.000151,0.000000,0.000000,0.000000,0.000000,0.000000,0.000000,0.000000,0.000000,0.000000,0.000000,0.000000,0.000000,0.000000,0.000000,0.000000,0.000000,0.000000,0.000000,0.000000,0.000000,0.000000,0.000000,0.000000,0.000000,0.000000,0.000000,0.000000,0.000000,0.000000,0.000000,0.000000,0.000000,0.000000,0.000000
0.000000,0.000000,0.000000,0.000000,0.000000,0.000000,0.000000,0.000000,0.000000,0.000000,0.000000,0.000000,0.000000,0.000000,0.000000,0.000000,0.000000,0.000000,0.000000,0.000000,0.000000,0.000000,0.000000,0.000000,0.000000,0.000000,0.000000,0.000000,0.000000,0.000000,0.000000,0.000000,1000.000172,1000.000218,1000.000263,1000.000300,1000.000333,1000.000367,1000.000396,1000.000423,1000.000447,1000.000471,1000.000491,1000.000507,1000.000517,1000.000523,1000.000526,1000.000528,1000.000529,1000.000530,1000.000530,1000.000530,1000.000530,1000.000530,1000.000529,1000.000528,1000.000526,1000.000523,1000.000517,1000.000507,1000.000491,1000.000471,1000.000447,1000.000423,1000.000396,1000.000367,1000.000333,1000.000300,1000.000263,1000.000218,1000.000172,0.000000,0.000000,0.000000,0.000000,0.000000,0.000000,0.000000,0.000000,0.000000,0.000000,0.000000,0.000000,0.000000,0.000000,0.000000,0.000000,0.000000,0.000000,0.000000,0.000000,0.000000,0.000000,0.000000,0.000000,0.000000,0.000000,0.000000,0.000000,0.000000,0.000000,0.000000,0.000000
0.000000,0.000000,0.000000,0.000000,0.000000,0.000000,0.000000,0.000000,0.000000,0.000000,0.000000,0.000000,0.000000,0.000000,0.000000,0.000000,0.000000,0.000000,0.000000,0.000000,0.000000,0.000000,0.000000,0.000000,0.000000,0.000000,0.000000,0.000000,0.000000,0.000000,1000.000180,1000.000232,1000.000282,1000.000325,1000.000366,1000.000403,1000.000440,1000.000473,1000.000502,1000.000527,1000.000549,1000.000568,1000.000585,1000.000596,1000.000602,1000.000605,1000.000607,1000.000608,1000.000608,1000.000608,1000.000608,1000.000608,1000.000608,1000.000608,1000.000608,1000.000608,1000.000607,1000.000605,1000.000602,1000.000596,1000.000585,1000.000568,1000.000549,1000.000527,1000.000502,1000.000473,1000.000440,1000.000403,1000.000366,1000.000325,1000.000282,1000.000232,1000.000180,0.000000,0.000000,0.000000,0.000000,0.000000,0.000000,0.000000,0.000000,0.000000,0.000000,0.000000,0.000000,0.000000,0.000000,0.000000,0.000000,0.000000,0.000000,0.000000,0.000000,0.000000,0.000000,0.000000,0.000000,0.000000,0.000000,0.000000,0.000000,0.000000,0.000000
0.000000,0.000000,0.000000,0.000000,0.000000,0.000000,0.000000,0.000000,0.000000,0.000000,0.000000,0.000000,0.000000,0.000000,0.000000,0.000000,0.000000,0.000000,0.000000,0.000000,0.000000,0.000000,0.000000,0.000000,0.000000,0.000000,0.000000,0.000000,1000.000179,1000.000235,1000.000289,1000.000336,1000.000382,1000.000427,1000.000470,1000.000508,1000.000541,1000.000569,1000.000593,1000.000608,1000.000619,1000.000626,1000.000628,1000.000626,1000.000625,1000.000624,1000.000623,1000.000622,1000.000622,1000.000621,1000.000621,1000.000621,1000.000621,1000.000621,1000.000622,1000.000622,1000.000623,1000.000624,1000.000625,1000.000626,1000.000628,1000.000626,1000.000619,1000.000608,1000.000593,1000.000569,1000.000541,1000.000508,1000.000470,1000.000427,1000.000382,1000.000336,1000.000289,1000.000235,1000.000179,0.000000,0.000000,0.000000,0.000000,0.000000,0.000000,0.000000,0.000000,0.000000,0.000000,0.000000,0.000000,0.000000,0.000000,0.000000,0.000000,0.000000,0.000000,0.000000,0.000000,0.000000,0.000000,0.000000,0.000000,0.000000,0.000000,0.000000,0.000000
0.000000,0.000000,0.000000,0.000000,0.000000,0.000000,0.000000,0.000000,0.000000,0.000000,0.000000,0.000000,0.000000,0.000000,0.000000,0.000000,0.000000,0.000000,0.000000,0.000000,0.000000,0.000000,0.000000,0.000000,0.000000,0.000000,1000.000170,1000.000230,1000.000287,1000.000337,1000.000387,1000.000436,1000.000483,1000.000527,1000.000565,1000.000595,1000.000615,1000.000628,1000.000633,1000.000631,1000.000627,1000.000619,1000.000606,1000.000594,1000.000586,1000.000581,1000.000578,1000.000576,1000.000574,1000.000573,1000.000572,1000.000572,1000.000572,1000.000573,1000.000574,1000.000576,1000.000578,1000.000581,1000.000586,1000.000594,1000.000606,1000.000619,1000.000627,1000.000631,1000.000633,1000.000628,1000.000615,1000.000595,1000.000565,1000.000527,1000.000483,1000.000436,1000.000387,1000.000337,1000.000287,1000.000230,1000.000170,0.000000,0.000000,0.000000,0.000000,0.000000,0.000000,0.000000,0.000000,0.000000,0.000000,0.000000,0.000000,0.000000,0.000000,0.000000,0.000000,0.000000,0.000000,0.000000,0.000000,0.000000,0.000000,0.000000,0.000000,0.000000,0.000000
0.000000,0.000000,0.000000,0.000000,0.000000,0.000000,0.000000,0.000000,0.000000,0.000000,0.000000,0.000000,0.000000,0.000000,0.000000,0.000000,0.000000,0.000000,0.000000,0.000000,0.000000,0.000000,0.000000,0.000000,1000.000146,1000.000212,1000.000275,1000.000330,1000.000384,1000.000435,1000.000486,1000.000533,1000.000573,1000.000605,1000.000626,1000.000633,1000.000632,1000.000624,1000.000610,1000.000596,1000.000581,1000.000566,1000.000550,1000.000535,1000.000524,1000.000517,1000.000512,1000.000509,1000.000506,1000.000504,1000.000503,1000.000503,1000.000503,1000.000504,1000.000506,1000.000509,1000.000512,1000.000517,1000.000524,1000.000535,1000.000550,1000.000566,1000.000581,1000.000596,1000.000610,1000.000624,1000.000632,1000.000633,1000.000626,1000.000605,1000.000573,1000.000533,1000.000486,1000.000435,1000.000384,1000.000330,1000.000275,1000.000212,1000.000146,0.000000,0.000000,0.000000,0.000000,0.000000,0.000000,0.000000,0.000000,0.000000,0.000000,0.000000,0.000000,0.000000,0.000000,0.000000,0.000000,0.000000,0.000000,0.000000,0.000000,0.000000,0.000000,0.000000,0.000000
0.000000,0.000000,0.000000,0.000000,0.000000,0.000000,0.000000,0.000000,0.000000,0.000000,0.000000,0.000000,0.000000,0.000000,0.000000,0.000000,0.000000,0.000000,0.000000,0.000000,0.000000,0.000000,0.000000,1000.000177,1000.000248,1000.000309,1000.000369,1000.000426,1000.000481,1000.000531,1000.000574,1000.000608,1000.000628,1000.000635,1000.000629,1000.000613,1000.000594,1000.000574,1000.000553,1000.000534,1000.000516,1000.000501,1000.000486,1000.000472,1000.000462,1000.000454,1000.000447,1000.000443,1000.000439,1000.000437,1000.000436,1000.000435,1000.000436,1000.000437,1000.000439,1000.000443,1000.000447,1000.000454,1000.000462,1000.000472,1000.000486,1000.000501,1000.000516,1000.000534,1000.000553,1000.000574,1000.000594,1000.000613,1000.000629,1000.000635,1000.000628,1000.000608,1000.000574,1000.000531,1000.000481,1000.000426,1000.000369,1000.000309,1000.000248,1000.000177,0.000000,0.000000,0.000000,0.000000,0.000000,0.000000,0.000000,0.000000,0.000000,0.000000,0.000000,0.000000,0.000000,0.000000,0.000000,0.000000,0.000000,0.000000,0.000000,0.000000,0.000000,0.000000,0.000000
0.000000,0.000000,0.000000,0.000000,0.000000,0.000000,0.000000,0.000000,0.000000,0.000000,0.000000,0.000000,0.000000,0.000000,0.000000,0.000000,0.000000,0.000000,0.000000,0.000000,0.000000,1000.000130,1000.000204,1000.000276,1000.000340,1000.000403,1000.000465,1000.000522,1000.000570,1000.000606,1000.000628,1000.000635,1000.000628,1000.000610,1000.000585,1000.000559,1000.000534,1000.000511,1000.000491,1000.000471,1000.000454,1000.000438,1000.000423,1000.000411,1000.000400,1000.000391,1000.000384,1000.000379,1000.000375,1000.000372,1000.000371,1000.000370,1000.000371,1000.000372,1000.000375,1000.000379,1000.000384,1000.000391,1000.000400,1000.000411,1000.000423,1000.000438,1000.000454,1000.000471,1000.000491,1000.000511,1000.000534,1000.000559,1000.000585,1000.000610,1000.000628,1000.000635,1000.000628,1000.000606,1000.000570,1000.000522,1000.000465,1000.000403,1000.000340,1000.000276,1000.000204,1000.000130,0.000000,0.000000,0.000000,0.000000,0.000000,0.000000,0.000000,0.000000,0.000000,0.000000,0.000000,0.000000,0.000000,0.000000,0.000000,0.000000,0.000000,0.000000,0.000000,0.000000,0.000000
0.000000,0.000000,0.000000,0.000000,0.000000,0.000000,0.000000,0.000000,0.000000,0.000000,0.000000,0.000000,0.000000,0.000000,0.000000,0.000000,0.000000,0.000000,0.000000,0.000000,1000.000152,1000.000230,1000.000297,1000.000363,1000.000429,1000.000495,1000.000553,1000.000598,1000.000625,1000.000635,1000.000628,1000.000609,1000.000583,1000.000554,1000.000525,1000.000497,1000.000473,1000.000451,1000.000430,1000.000411,1000.000393,1000.000377,1000.000363,1000.000350,1000.000339,1000.000330,1000.000323,1000.000317,1000.000313,1000.000310,1000.000308,1000.000307,1000.000308,1000.000310,1000.000313,1000.000317,1000.000323,1000.000330,1000.000339,1000.000350,1000.000363,1000.000377,1000.000393,1000.000411,1000.000430,1000.000451,1000.000473,1000.000497,1000.000525,1000.000554,1000.000583,1000.000609,1000.000628,1000.000635,1000.000625,1000.000598,1000.000553,1000.000495,1000.000429,1000.000363,1000.000297,1000.000230,1000.000152,0.000000,0.000000,0.000000,0.000000,0.000000,0.000000,0.000000,0.000000,0.000000,0.000000,0.000000,0.000000,0.000000,0.000000,0.000000,0.000000,0.000000,0.000000,0.000000,0.000000
0.000000,0.000000,0.000000,0.000000,0.000000,0.000000,0.000000,0.000000,0.000000,0.000000,0.000000,0.000000,0.000000,0.000000,0.000000,0.000000,0.000000,0.000000,0.000000,1000.000169,1000.000249,1000.000318,1000.000385,1000.000452,1000.000516,1000.000574,1000.000615,1000.000632,1000.000629,1000.000610,1000.000584,1000.000554,1000.000522,1000.000492,1000.000465,1000.000439,1000.000414,1000.000392,1000.000371,1000.000351,1000.000334,1000.000318,1000.000303,1000.000291,1000.000280,1000.000270,1000.000263,1000.000257,1000.000252,1000.000249,1000.000247,1000.000246,1000.000247,1000.000249,1000.000252,1000.000257,1000.000263,1000.000270,1000.000280,1000.000291,1000.000303,1000.000318,1000.000334,1000.000351,1000.000371,1000.000392,1000.000414,1000.000439,1000.000465,1000.000492,1000.000522,1000.000554,1000.000584,1000.000610,1000.000629,1000.000632,1000.000615,1000.000574,1000.000516,1000.000452,1000.000385,1000.000318,1000.000249,1000.000169,0.000000,0.000000,0.000000,0.000000,0.000000,0.000000,0.000000,0.000000,0.000000,0.000000,0.000000,0.000000,0.000000,0.000000,0.000000,0.000000,0.000000,0.000000,0.000000
0.000000,0.000000,0.000000,0.000000,0.000000,0.000000,0.000000,0.000000,0.000000,0.000000,0.000000,0.000000,0.000000,0.000000,0.000000,0.000000,0.000000,0.000000,1000.000180,1000.000263,1000.000335,1000.000405,1000.000475,1000.000537,1000.000589,1000.000624,1000.000633,1000.000618,1000.000590,1000.000558,1000.000525,1000.000493,1000.000463,1000.000434,1000.000407,1000.000381,1000.000357,1000.000334,1000.000313,1000.000294,1000.000276,1000.000260,1000.000246,1000.000233,1000.000222,1000.000212,1000.000204,1000.000198,1000.000193,1000.000190,1000.000188,1000.000187,1000.000188,1000.000190,1000.000193,1000.000198,1000.000204,1000.000212,1000.000222,1000.000233,1000.000246,1000.000260,1000.000276,1000.000294,1000.000313,1000.000334,1000.000357,1000.000381,1000.000407,1000.000434,1000.000463,1000.000493,1000.000525,1000.000558,1000.000590,1000.000618,1000.000633,1000.000624,1000.000589,1000.000537,1000.000475,1000.000405,1000.000335,1000.000263,1000.000180,0.000000,0.000000,0.000000,0.000000,0.000000,0.000000,0.000000,0.000000,0.000000,0.000000,0.000000,0.000000,0.000000,0.000000,0.000000,0.000000,0.000000,0.000000
0.000000,0.000000,0.000000,0.000000,0.000000,0.000000,0.000000,0.000000,0.000000,0.000000,0.000000,0.000000,0.000000,0.000000,0.000000,0.000000,0.000000,1000.000185,1000.000271,1000.000346,1000.000420,1000.000493,1000.000557,1000.000604,1000.000631,1000.000632,1000.000610,1000.000574,1000.000536,1000.000500,1000.000468,1000.000436,1000.000407,1000.000378,1000.000350,1000.000324,1000.000300,1000.000278,1000.000257,1000.000237,1000.000220,1000.000203,1000.000189,1000.000176,1000.000165,1000.000156,1000.000147,1000.000141,1000.000136,1000.000132,1000.000130,1000.000130,1000.000130,1000.000132,1000.000136,1000.000141,1000.000147,1000.000156,1000.000165,1000.000176,1000.000189,1000.000203,1000.000220,1000.000237,1000.000257,1000.000278,1000.000300,1000.000324,1000.000350,1000.000378,1000.000407,1000.000436,1000.000468,1000.000500,1000.000536,1000.000574,1000.000610,1000.000632,1000.000631,1000.000604,1000.000557,1000.000493,1000.000420,1000.000346,1000.000271,1000.000185,0.000000,0.000000,0.000000,0.000000,0.000000,0.000000,0.000000,0.000000,0.000000,0.000000,0.000000,0.000000,0.000000,0.000000,0.000000,0.000000,0.000000
0.000000,0.000000,0.000000,0.000000,0.000000,0.000000,0.000000,0.000000,0.000000,0.000000,0.000000,0.000000,0.000000,0.000000,0.000000,0.000000,1000.000187,1000.000275,1000.000352,1000.000428,1000.000503,1000.000569,1000.000615,1000.000633,1000.000626,1000.000600,1000.000562,1000.000520,1000.000481,1000.000446,1000.000414,1000.000382,1000.000351,1000.000322,1000.000295,1000.000269,1000.000245,1000.000223,1000.000202,1000.000182,1000.000165,1000.000149,1000.000134,1000.000121,1000.000110,1000.000100,1000.000092,1000.000086,1000.000080,1000.000077,1000.000075,1000.000074,1000.000075,1000.000077,1000.000080,1000.000086,1000.000092,1000.000100,1000.000110,1000.000121,1000.000134,1000.000149,1000.000165,1000.000182,1000.000202,1000.000223,1000.000245,1000.000269,1000.000295,1000.000322,1000.000351,1000.000382,1000.000414,1000.000446,1000.000481,1000.000520,1000.000562,1000.000600,1000.000626,1000.000633,1000.000615,1000.000569,1000.000503,1000.000428,1000.000352,1000.000275,1000.000187,0.000000,0.000000,0.000000,0.000000,0.000000,0.000000,0.000000,0.000000,0.000000,0.000000,0.000000,0.000000,0.000000,0.000000,0.000000,0.000000
0.000000,0.000000,0.000000,0.000000,0.000000,0.000000,0.000000,0.000000,0.000000,0.000000,0.000000,0.000000,0.000000,0.000000,0.000000,1000.000185,1000.000275,1000.000353,1000.000431,1000.000508,1000.000575,1000.000620,1000.000633,1000.000617,1000.000585,1000.000547,1000.000506,1000.000466,1000.000429,1000.000394,1000.000360,1000.000328,1000.000298,1000.000269,1000.000242,1000.000216,1000.000192,1000.000169,1000.000148,1000.000129,1000.000111,1000.000095,1000.000081,1000.000068,1000.000056,1000.000047,1000.000038,1000.000032,1000.000027,1000.000023,1000.000021,1000.000020,1000.000021,1000.000023,1000.000027,1000.000032,1000.000038,1000.000047,1000.000056,1000.000068,1000.000081,1000.000095,1000.000111,1000.000129,1000.000148,1000.000169,1000.000192,1000.000216,1000.000242,1000.000269,1000.000298,1000.000328,1000.000360,1000.000394,1000.000429,1000.000466,1000.000506,1000.000547,1000.000585,1000.000617,1000.000633,1000.000620,1000.000575,1000.000508,1000.000431,1000.000353,1000.000275,1000.000185,0.000000,0.000000,0.000000,0.000000,0.000000,0.000000,0.000000,0.000000,0.000000,0.000000,0.000000,0.000000,0.000000,0.000000,0.000000
0.000000,0.000000,0.000000,0.000000,0.000000,0.000000,0.000000,0.000000,0.000000,0.000000,0.000000,0.000000,0.000000,0.000000,1000.000180,1000.000271,1000.000352,1000.000431,1000.000510,1000.000577,1000.000622,1000.000634,1000.000612,1000.000575,1000.000533,1000.000491,1000.000452,1000.000414,1000.000378,1000.000342,1000.000308,1000.000276,1000.000246,1000.000217,1000.000190,1000.000164,1000.000140,1000.000118,1000.000097,1000.000077,1000.000059,1000.000043,1000.000029,1000.000016,1000.000004,999.999995,999.999986,999.999979,999.999974,999.999971,999.999968,999.999968,999.999968,999.999971,999.999974,999.999979,999.999986,999.999995,1000.000004,1000.000016,1000.000029,1000.000043,1000.000059,1000.000077,1000.000097,1000.000118,1000.000140,1000.000164,1000.000190,1000.000217,1000.000246,1000.000276,1000.000308,1000.000342,1000.000378,1000.000414,1000.000452,1000.000491,1000.000533,1000.000575,1000.000612,1000.000634,1000.000622,1000.000577,1000.000510,1000.000431,1000.000352,1000.000271,1000.000180,0.000000,0.000000,0.000000,0.000000,0.000000,0.000000,0.000000,0.000000,0.000000,0.000000,0.000000,0.000000,0.000000,0.000000
0.000000,0.000000,0.000000,0.000000,0.000000,0.000000,0.000000,0.000000,0.000000,0.000000,0.000000,0.000000,0.000000,1000.000169,1000.000263,1000.000346,1000.000428,1000.000508,1000.000577,1000.000623,1000.000634,1000.000611,1000.000571,1000.000525,1000.000481,1000.000441,1000.000402,1000.000364,1000.000327,1000.000291,1000.000258,1000.000226,1000.000195,1000.000167,1000.000139,1000.000114,1000.000090,1000.000067,1000.000046,1000.000027,1000.000009,999.999993,999.999978,999.999965,999.999954,999.999944,999.999936,999.999929,999.999924,999.999920,999.999918,999.999917,999.999918,999.999920,999.999924,999.999929,999.999936,999.999944,999.999954,999.999965,999.999978,999.999993,1000.000009,1000.000027,1000.000046,1000.000067,1000.000090,1000.000114,1000.000139,1000.000167,1000.000195,1000.000226,1000.000258,1000.000291,1000.000327,1000.000364,1000.000402,1000.000441,1000.000481,1000.000525,1000.000571,1000.000611,1000.000634,1000.000623,1000.000577,1000.000508,1000.000428,1000.000346,1000.000263,1000.000169,0.000000,0.000000,0.000000,0.000000,0.000000,0.000000,0.000000,0.000000,0.000000,0.000000,0.000000,0.000000,0.000000
0.000000,0.000000,0.000000,0.000000,0.000000,0.000000,0.000000,0.000000,0.000000,0.000000,0.000000,0.000000,1000.000152,1000.000249,1000.000335,1000.000420,1000.000503,1000.000575,1000.000622,1000.000634,1000.000611,1000.000569,1000.000521,1000.000475,1000.000433,1000.000393,1000.000353,1000.000314,1000.000277,1000.000243,1000.000209,1000.000177,1000.000147,1000.000118,1000.000091,1000.000065,1000.000041,1000.000018,999.999997,999.999978,999.999960,999.999944,999.999929,999.999916,999.999905,999.999895,999.999887,999.999880,999.999874,999.999871,999.999868,999.999868,999.999868,999.999871,999.999874,999.999880,999.999887,999.999895,999.999905,999.999916,999.999929,999.999944,999.999960,999.999978,999.999997,1000.000018,1000.000041,1000.000065,1000.000091,1000.000118,1000.000147,1000.000177,1000.000209,1000.000243,1000.000277,1000.000314,1000.000353,1000.000393,1000.000433,1000.000475,1000.000521,1000.000569,1000.000611,1000.000634,1000.000622,1000.000575,1000.000503,1000.000420,1000.000335,1000.000249,1000.000152,0.000000,0.000000,0.000000,0.000000,0.000000,0.000000,0.000000,0.000000,0.000000,0.000000,0.000000,0.000000
0.000000,0.000000,0.000000,0.000000,0.000000,0.000000,0.000000,0.000000,0.000000,0.000000,0.000000,1000.000130,1000.000230,1000.000318,1000.000405,1000.000493,1000.000569,1000.000620,1000.000634,1000.000611,1000.000569,1000.000520,1000.000472,1000.000429,1000.000386,1000.000345,1000.000305,1000.000267,1000.000230,1000.000195,1000.000162,1000.000130,1000.000099,1000.000071,1000.000043,1000.000018,999.999994,999.999971,999.999950,999.999931,999.999913,999.999897,999.999882,999.999869,999.999858,999.999848,999.999839,999.999832,999.999827,999.999823,999.999821,999.999820,999.999821,999.999823,999.999827,999.999832,999.999839,999.999848,999.999858,999.999869,999.999882,999.999897,999.999913,999.999931,999.999950,999.999971,999.999994,1000.000018,1000.000043,1000.000071,1000.000099,1000.000130,1000.000162,1000.000195,1000.000230,1000.000267,1000.000305,1000.000345,1000.000386,1000.000429,1000.000472,1000.000520,1000.000569,1000.000611,1000.000634,1000.000620,1000.000569,1000.000493,1000.000405,1000.000318,1000.000230,1000.000130,0.000000,0.000000,0.000000,0.000000,0.000000,0.000000,0.000000,0.000000,0.000000,0.000000,0.000000
0.000000,0.000000,0.000000,0.000000,0.000000,0.000000,0.000000,0.000000,0.000000,0.000000,0.000000,1000.000204,1000.000297,1000.000385,1000.000475,1000.000557,1000.000615,1000.000633,1000.000612,1000.000571,1000.000521,1000.000472,1000.000427,1000.000384,1000.000340,1000.000298,1000.000259,1000.000221,1000.000184,1000.000149,1000.000116,1000.000084,1000.000054,1000.000025,999.999998,999.999972,999.999948,999.999925,999.999904,999.999885,999.999867,999.999851,999.999836,999.999823,999.999812,999.999802,999.999793,999.999786,999.999781,999.999777,999.999775,999.999774,999.999775,999.999777,999.999781,999.999786,999.999793,999.999802,999.999812,999.999823,999.999836,999.999851,999.999867,999.999885,999.999904,999.999925,999.999948,999.999972,999.999998,1000.000025,1000.000054,1000.000084,1000.000116,1000.000149,1000.000184,1000.000221,1000.000259,1000.000298,1000.000340,1000.000384,1000.000427,1000.000472,1000.000521,1000.000571,1000.000612,1000.000633,1000.000615,1000.000557,1000.000475,1000.000385,1000.000297,1000.000204,0.000000,0.000000,0.000000,0.000000,0.000000,0.000000,0.000000,0.000000,0.000000,0.000000,0.000000
0.000000,0.000000,0.000000,0.000000,0.000000,0.000000,0.000000,0.000000,0.000000,0.000000,1000.000177,1000.000276,1000.000363,1000.000452,1000.000537,1000.000604,1000.000633,1000.000617,1000.000575,1000.000525,1000.000475,1000.000429,1000.000384,1000.000339,1000.000295,1000.000255,1000.000215,1000.000177,1000.000140,1000.000105,1000.000072,1000.000040,1000.000009,999.999981,999.999953,999.999928,999.999904,999.999881,999.999860,999.999841,999.999823,999.999807,999.999792,999.999779,999.999767,999.999757,999.999749,999.999742,999.999737,999.999733,999.999731,999.999730,999.999731,999.999733,999.999737,999.999742,999.999749,999.999757,999.999767,999.999779,999.999792,999.999807,999.999823,999.999841,999.999860,999.999881,999.999904,999.999928,999.999953,999.999981,1000.000009,1000.000040,1000.000072,1000.000105,1000.000140,1000.000177,1000.000215,1000.000255,1000.000295,1000.000339,1000.000384,1000.000429,1000.000475,1000.000525,1000.000575,1000.000617,1000.000633,1000.000604,1000.000537,1000.000452,1000.000363,1000.000276,1000.000177,0.000000,0.000000,0.000000,0.000000,0.000000,0.000000,0.000000,0.000000,0.000000,0.000000
0.000000,0.000000,0.000000,0.000000,0.000000,0.000000,0.000000,0.000000,0.000000,1000.000146,1000.000248,1000.000340,1000.000429,1000.000516,1000.000589,1000.000631,1000.000626,1000.000585,1000.000533,1000.000481,1000.000433,1000.000386,1000.000340,1000.000295,1000.000253,1000.000212,1000.000172,1000.000134,1000.000097,1000.000062,1000.000029,999.999997,999.999967,999.999938,999.999911,999.999885,999.999861,999.999838,999.999818,999.999798,999.999780,999.999764,999.999749,999.999736,999.999725,999.999715,999.999706,999.999699,999.999694,999.999690,999.999688,999.999687,999.999688,999.999690,999.999694,999.999699,999.999706,999.999715,999.999725,999.999736,999.999749,999.999764,999.999780,999.999798,999.999818,999.999838,999.999861,999.999885,999.999911,999.999938,999.999967,999.999997,1000.000029,1000.000062,1000.000097,1000.000134,1000.000172,1000.000212,1000.000253,1000.000295,1000.000340,1000.000386,1000.000433,1000.000481,1000.000533,1000.000585,1000.000626,1000.000631,1000.000589,1000.000516,1000.000429,1000.000340,1000.000248,1000.000146,0.000000,0.000000,0.000000,0.000000,0.000000,0.000000,0.000000,0.000000,0.000000
0.000000,0.000000,0.000000,0.000000,0.000000,0.000000,0.000000,0.000000,0.000000,1000.000212,1000.000309,1000.000403,1000.000495,1000.000574,1000.000624,1000.000632,1000.000600,1000.000547,1000.000491,1000.000441,1000.000393,1000.000345,1000.000298,1000.000255,1000.000212,1000.000170,1000.000131,1000.000093,1000.000056,1000.000021,999.999988,999.999956,999.999926,999.999897,999.999870,999.999844,999.999820,999.999797,999.999776,999.999757,999.999739,999.999723,999.999708,999.999695,999.999683,999.999673,999.999665,999.999658,999.999653,999.999649,999.999646,999.999646,999.999646,999.999649,999.999653,999.999658,999.999665,999.999673,999.999683,999.999695,999.999708,999.999723,999.999739,999.999757,999.999776,999.999797,999.999820,999.999844,999.999870,999.999897,999.999926,999.999956,999.999988,1000.000021,1000.000056,1000.000093,1000.000131,1000.000170,1000.000212,1000.000255,1000.000298,1000.000345,1000.000393,1000.000441,1000.000491,1000.000547,1000.000600,1000.000632,1000.000624,1000.000574,1000.000495,1000.000403,1000.000309,1000.000212,0.000000,0.000000,0.000000,0.000000,0.000000,0.000000,0.000000,0.000000,0.000000
0.000000,0.000000,0.000000,0.000000,0.000000,0.000000,0.000000,0.000000,1000.000170,1000.000275,1000.000369,1000.000465,1000.000553,1000.000615,1000.000633,1000.000610,1000.000562,1000.000506,1000.000452,1000.000402,1000.000353,1000.000305,1000.000259,1000.000215,1000.000172,1000.000131,1000.000091,1000.000053,1000.000017,999.999982,999.999948,999.999916,999.999886,999.999857,999.999830,999.999804,999.999780,999.999758,999.999737,999.999717,999.999700,999.999683,999.999669,999.999655,999.999644,999.999634,999.999625,999.999618,999.999613,999.999609,999.999607,999.999606,999.999607,999.999609,999.999613,999.999618,999.999625,999.999634,999.999644,999.999655,999.999669,999.999683,999.999700,999.999717,999.999737,999.999758,999.999780,999.999804,999.999830,999.999857,999.999886,999.999916,999.999948,999.999982,1000.000017,1000.000053,1000.000091,1000.000131,1000.000172,1000.000215,1000.000259,1000.000305,1000.000353,1000.000402,1000.000452,1000.000506,1000.000562,1000.000610,1000.000633,1000.000615,1000.000553,1000.000465,1000.000369,1000.000275,1000.000170,0.000000,0.000000,0.000000,0.000000,0.000000,0.000000,0.000000,0.000000
0.000000,0.000000,0.000000,0.000000,0.000000,0.000000,0.000000,0.000000,1000.000230,1000.000330,1000.000426,1000.000522,1000.000598,1000.000632,1000.000618,1000.000574,1000.000520,1000.000466,1000.000414,1000.000364,1000.000314,1000.000267,1000.000221,1000.000177,1000.000134,1000.000093,1000.000053,1000.000015,999.999978,999.999944,999.999910,999.999878,999.999848,999.999819,999.999792,999.999766,999.999742,999.999720,999.999699,999.999679,999.999662,999.999645,999.999631,999.999617,999.999606,999.999596,999.999587,999.999580,999.999575,999.999571,999.999569,999.999568,999.999569,999.999571,999.999575,999.999580,999.999587,999.999596,999.999606,999.999617,999.999631,999.999645,999.999662,999.999679,999.999699,999.999720,999.999742,999.999766,999.999792,999.999819,999.999848,999.999878,999.999910,999.999944,999.999978,1000.000015,1000.000053,1000.000093,1000.000134,1000.000177,1000.000221,1000.000267,1000.000314,1000.000364,1000.000414,1000.000466,1000.000520,1000.000574,1000.000618,1000.000632,1000.000598,1000.000522,1000.000426,1000.000330,1000.000230,0.000000,0.000000,0.000000,0.000000,0.000000,0.000000,0.000000,0.000000
0.000000,0.000000,0.000000,0.000000,0.000000,0.000000,0.000000,1000.000179,1000.000287,1000.000384,1000.000481,1000.000570,1000.000625,1000.000629,1000.000590,1000.000536,1000.000481,1000.000429,1000.000378,1000.000327,1000.000277,1000.000230,1000.000184,1000.000140,1000.000097,1000.000056,1000.000017,999.999978,999.999942,999.999907,999.999874,999.999842,999.999811,999.999783,999.999755,999.999730,999.999706,999.999683,999.999662,999.999643,999.999625,999.999609,999.999594,999.999581,999.999569,999.999559,999.999551,999.999544,999.999538,999.999534,999.999532,999.999531,999.999532,999.999534,999.999538,999.999544,999.999551,999.999559,999.999569,999.999581,999.999594,999.999609,999.999625,999.999643,999.999662,999.999683,999.999706,999.999730,999.999755,999.999783,999.999811,999.999842,999.999874,999.999907,999.999942,999.999978,1000.000017,1000.000056,1000.000097,1000.000140,1000.000184,1000.000230,1000.000277,1000.000327,1000.000378,1000.000429,1000.000481,1000.000536,1000.000590,1000.000629,1000.000625,1000.000570,1000.000481,1000.000384,1000.000287,1000.000179,0.000000,0.000000,0.000000,0.000000,0.000000,0.000000,0.000000
0.000000,0.000000,0.000000,0.000000,0.000000,0.000000,0.000000,1000.000235,1000.000337,1000.000435,1000.000531,1000.000606,1000.000635,1000.000610,1000.000558,1000.000500,1000.000446,1000.000394,1000.000342,1000.000291,1000.000243,1000.000195,1000.000149,1000.000105,1000.000062,1000.000021,999.999982,999.999944,999.999907,999.999872,999.999839,999.999807,999.999776,999.999748,999.999721,999.999695,999.999671,999.999648,999.999627,999.999608,999.999590,999.999574,999.999559,999.999546,999.999534,999.999524,999.999516,999.999509,999.999503,999.999499,999.999497,999.999496,999.999497,999.999499,999.999503,999.999509,999.999516,999.999524,999.999534,999.999546,999.999559,999.999574,999.999590,999.999608,999.999627,999.999648,999.999671,999.999695,999.999721,999.999748,999.999776,999.999807,999.999839,999.999872,999.999907,999.999944,999.999982,1000.000021,1000.000062,1000.000105,1000.000149,1000.000195,1000.000243,1000.000291,1000.000342,1000.000394,1000.000446,1000.000500,1000.000558,1000.000610,1000.000635,1000.000606,1000.000531,1000.000435,1000.000337,1000.000235,0.000000,0.000000,0.000000,0.000000,0.000000,0.000000,0.000000
0.000000,0.000000,0.000000,0.000000,0.000000,0.000000,1000.000180,1000.000289,1000.000387,1000.000486,1000.000574,1000.000628,1000.000628,1000.000584,1000.000525,1000.000468,1000.000414,1000.000360,1000.000308,1000.000258,1000.000209,1000.000162,1000.000116,1000.000072,1000.000029,999.999988,999.999948,999.999910,999.999874,999.999839,999.999805,999.999773,999.999743,999.999714,999.999687,999.999662,999.999637,999.999615,999.999594,999.999575,999.999557,999.999540,999.999526,999.999513,999.999501,999.999491,999.999482,999.999475,999.999470,999.999466,999.999464,999.999463,999.999464,999.999466,999.999470,999.999475,999.999482,999.999491,999.999501,999.999513,999.999526,999.999540,999.999557,999.999575,999.999594,999.999615,999.999637,999.999662,999.999687,999.999714,999.999743,999.999773,999.999805,999.999839,999.999874,999.999910,999.999948,999.999988,1000.000029,1000.000072,1000.000116,1000.000162,1000.000209,1000.000258,1000.000308,1000.000360,1000.000414,1000.000468,1000.000525,1000.000584,1000.000628,1000.000628,1000.000574,1000.000486,1000.000387,1000.000289,1000.000180,0.000000,0.000000,0.000000,0.000000,0.000000,0.000000
0.000000,0.000000,0.000000,0.000000,0.000000,0.000000,1000.000232,1000.000336,1000.000436,1000.000533,1000.000608,1000.000635,1000.000609,1000.000554,1000.000493,1000.000436,1000.000382,1000.000328,1000.000276,1000.000226,1000.000177,1000.000130,1000.000084,1000.000040,999.999997,999.999956,999.999916,999.999878,999.999842,999.999807,999.999773,999.999742,999.999711,999.999683,999.999655,999.999630,999.999606,999.999583,999.999562,999.999543,999.999525,999.999509,999.999494,999.999481,999.999469,999.999459,999.999450,999.999443,999.999438,999.999434,999.999432,999.999431,999.999432,999.999434,999.999438,999.999443,999.999450,999.999459,999.999469,999.999481,999.999494,999.999509,999.999525,999.999543,999.999562,999.999583,999.999606,999.999630,999.999655,999.999683,999.999711,999.999742,999.999773,999.999807,999.999842,999.999878,999.999916,999.999956,999.999997,1000.000040,1000.000084,1000.000130,1000.000177,1000.000226,1000.000276,1000.000328,1000.000382,1000.000436,1000.000493,1000.000554,1000.000609,1000.000635,1000.000608,1000.000533,1000.000436,1000.000336,1000.000232,0.000000,0.000000,0.000000,0.000000,0.000000,0.000000
0.000000,0.000000,0.000000,0.000000,0.000000,1000.000172,1000.000282,1000.000382,1000.000483,1000.000573,1000.000628,1000.000628,1000.000583,1000.000522,1000.000463,1000.000407,1000.000351,1000.000298,1000.000246,1000.000195,1000.000147,1000.000099,1000.000054,1000.000009,999.999967,999.999926,999.999886,999.999848,999.999811,999.999776,999.999743,999.999711,999.999681,999.999652,999.999625,999.999599,999.999575,999.999553,999.999532,999.999512,999.999495,999.999478,999.999464,999.999450,999.999439,999.999429,999.999420,999.999413,999.999408,999.999404,999.999402,999.999401,999.999402,999.999404,999.999408,999.999413,999.999420,999.999429,999.999439,999.999450,999.999464,999.999478,999.999495,999.999512,999.999532,999.999553,999.999575,999.999599,999.999625,999.999652,999.999681,999.999711,999.999743,999.999776,999.999811,999.999848,999.999886,999.999926,999.999967,1000.000009,1000.000054,1000.000099,1000.000147,1000.000195,1000.000246,1000.000298,1000.000351,1000.000407,1000.000463,1000.000522,1000.000583,1000.000628,1000.000628,1000.000573,1000.000483,1000.000382,1000.000282,1000.000172,0.000000,0.000000,0.000000,0.000000,0.000000
0.000000,0.000000,0.000000,0.000000,0.000000,1000.000218,1000.000325,1000.000427,1000.000527,1000.000605,1000.000635,1000.000610,1000.000554,1000.000492,1000.000434,1000.000378,1000.000322,1000.000269,1000.000217,1000.000167,1000.000118,1000.000071,1000.000025,999.999981,999.999938,999.999897,999.999857,999.999819,999.999783,999.999748,999.999714,999.999683,999.999652,999.999623,999.999596,999.999571,999.999547,999.999524,999.999503,999.999484,999.999466,999.999450,999.999435,999.999422,999.999410,999.999400,999.999391,999.999384,999.999379,999.999375,999.999373,999.999372,999.999373,999.999375,999.999379,999.999384,999.999391,999.999400,999.999410,999.999422,999.999435,999.999450,999.999466,999.999484,999.999503,999.999524,999.999547,999.999571,999.999596,999.999623,999.999652,999.999683,999.999714,999.999748,999.999783,999.999819,999.999857,999.999897,999.999938,999.999981,1000.000025,1000.000071,1000.000118,1000.000167,1000.000217,1000.000269,1000.000322,1000.000378,1000.000434,1000.000492,1000.000554,1000.000610,1000.000635,1000.000605,1000.000527,1000.000427,1000.000325,1000.000218,0.000000,0.000000,0.000000,0.000000,0.000000
0.000000,0.000000,0.000000,0.000000,1000.000151,1000.000263,1000.000366,1000.000470,1000.000565,1000.000626,1000.000629,1000.000585,1000.000525,1000.000465,1000.000407,1000.000350,1000.000295,1000.000242,1000.000190,1000.000139,1000.000091,1000.000043,999.999998,999.999953,999.999911,999.999870,999.999830,999.999792,999.999755,999.999721,999.999687,999.999655,999.999625,999.999596,999.999569,999.999544,999.999519,999.999497,999.999476,999.999457,999.999439,999.999422,999.999408,999.999394,999.999383,999.999373,999.999364,999.999357,999.999352,999.999348,999.999346,999.999345,999.999346,999.999348,999.999352,999.999357,999.999364,999.999373,999.999383,999.999394,999.999408,999.999422,999.999439,999.999457,999.999476,999.999497,999.999519,999.999544,999.999569,999.999596,999.999625,999.999655,999.999687,999.999721,999.999755,999.999792,999.999830,999.999870,999.999911,999.999953,999.999998,1000.000043,1000.000091,1000.000139,1000.000190,1000.000242,1000.000295,1000.000350,1000.000407,1000.000465,1000.000525,1000.000585,1000.000629,1000.000626,1000.000565,1000.000470,1000.000366,1000.000263,1000.000151,0.000000,0.000000,0.000000,0.000000
0.000000,0.000000,0.000000,0.000000,1000.000192,1000.000300,1000.000403,1000.000508,1000.000595,1000.000633,1000.000613,1000.000559,1000.000497,1000.000439,1000.000381,1000.000324,1000.000269,1000.000216,1000.000164,1000.000114,1000.000065,1000.000018,999.999972,999.999928,999.999885,999.999844,999.999804,999.999766,999.999730,999.999695,999.999662,999.999630,999.999599,999.999571,999.999544,999.999518,999.999494,999.999471,999.999450,999.999431,999.999413,999.999397,999.999382,999.999369,999.999357,999.999347,999.999339,999.999332,999.999326,999.999322,999.999320,999.999319,999.999320,999.999322,999.999326,999.999332,999.999339,999.999347,999.999357,999.999369,999.999382,999.999397,999.999413,999.999431,999.999450,999.999471,999.999494,999.999518,999.999544,999.999571,999.999599,999.999630,999.999662,999.999695,999.999730,999.999766,999.999804,999.999844,999.999885,999.999928,999.999972,1000.000018,1000.000065,1000.000114,1000.000164,1000.000216,1000.000269,1000.000324,1000.000381,1000.000439,1000.000497,1000.000559,1000.000613,1000.000633,1000.000595,1000.000508,1000.000403,1000.000300,1000.000192,0.000000,0.000000,0.000000,0.000000
