0.000000,0.000000,0.000000,0.000000,0.000000,0.000000,0.000000,0.000000,0.000000,0.000000,0.000000,0.000000,0.000000,0.000000,0.000000,0.000000,0.000000,0.000000,0.000000,0.000000,0.000000,0.000000,0.000000,0.000000,0.000000,0.000000,0.000000,0.000000,0.000000,0.000000,0.000000,0.000000,0.000000,0.000000,0.000000,0.000000,0.000000,0.000000,0.000000,0.000000,0.000000,0.000000,0.000000,0.000000,0.000000,0.000000,0.000000,0.000000,0.000000,0.000000,0.000000,0.000000,0.000000,0.000000,0.000000,0.000000,0.000000,0.000000,0.000000,0.000000,0.000000,0.000000,0.000000,0.000000,0.000000,0.000000,0.000000,0.000000,0.000000,0.000000,0.000000,0.000000,0.000000,0.000000,0.000000,0.000000,0.000000,0.000000,0.000000,0.000000,0.000000,0.000000,0.000000,0.000000,0.000000,0.000000,0.000000,0.000000,0.000000,0.000000,0.000000,0.000000,0.000000,0.000000,0.000000,0.000000,0.000000,0.000000,0.000000,0.000000,0.000000,0.000000,0.000000
0.000000,0.000000,0.000000,0.000000,0.000000,0.000000,0.000000,0.000000,0.000000,0.000000,0.000000,0.000000,0.000000,0.000000,0.000000,0.000000,0.000000,0.000000,0.000000,0.000000,0.000000,0.000000,0.000000,0.000000,0.000000,0.000000,0.000000,0.000000,0.000000,0.000000,0.000000,0.000000,0.000000,0.000000,0.000000,0.000000,0.000000,0.000000,0.000000,0.000000,0.000000,0.000000,0.000000,0.000000,0.000000,0.000000,0.000000,0.000000,0.000000,0.000000,0.000000,1000.000080,0.000000,0.000000,0.000000,0.000000,0.000000,0.000000,0.000000,0.000000,0.000000,0.000000,0.000000,0.000000,0.000000,0.000000,0.000000,0.000000,0.000000,0.000000,0.000000,0.000000,0.000000,0.000000,0.000000,0.000000,0.000000,0.000000,0.000000,0.000000,0.000000,0.000000,0.000000,0.000000,0.000000,0.000000,0.000000,0.000000,0.000000,0.000000,0.000000,0.000000,0.000000,0.000000,0.000000,0.000000,0.000000,0.000000,0.000000,0.000000,0.000000,0.000000,0.000000
0.000000,0.000000,0.000000,0.000000,0.000000,0.000000,0.000000,0.000000,0.000000,0.000000,0.000000,0.000000,0.000000,0.000000,0.000000,0.000000,0.000000,0.000000,0.000000,0.000000,0.000000,0.000000,0.000000,0.000000,0.000000,0.000000,0.000000,0.000000,0.000000,0.000000,0.000000,0.000000,0.000000,0.000000,0.000000,0.000000,0.000000,0.000000,0.000000,0.000000,0.000000,0.000000,999.998254,999.996220,999.996345,999.996802,999.997311,999.997793,999.998394,999.999218,999.999954,1000.000148,1000.000192,1000.000900,1000.001586,1000.002060,1000.002438,1000.002746,1000.003094,1000.003031,1000.001770,0.000000,0.000000,0.000000,0.000000,0.000000,0.000000,0.000000,0.000000,0.000000,0.000000,0.000000,0.000000,0.000000,0.000000,0.000000,0.000000,0.000000,0.000000,0.000000,0.000000,0.000000,0.000000,0.000000,0.000000,0.000000,0.000000,0.000000,0.000000,0.000000,0.000000,0.000000,0.000000,0.000000,0.000000,0.000000,0.000000,0.000000,0.000000,0.000000,0.000000,0.000000,0.000000
0.000000,0.000000,0.000000,0.000000,0.000000,0.000000,0.000000,0.000000,0.000000,0.000000,0.000000,0.000000,0.000000,0.000000,0.000000,0.000000,0.000000,0.000000,0.000000,0.000000,0.000000,0.000000,0.000000,0.000000,0.000000,0.000000,0.000000,0.000000,0.000000,0.000000,0.000000,0.000000,0.000000,0.000000,0.000000,0.000000,0.000000,999.994924,999.993031,999.992954,999.993923,999.995500,999.997593,999.997169,999.996779,999.997061,999.997455,999.997983,999.998466,999.999041,999.999770,1000.000014,1000.000210,1000.000942,1000.001352,1000.001787,1000.002180,1000.002441,1000.002516,1000.002382,1000.002105,1000.003408,1000.004350,1000.004842,1000.004674,1000.003701,0.000000,0.000000,0.000000,0.000000,0.000000,0.000000,0.000000,0.000000,0.000000,0.000000,0.000000,0.000000,0.000000,0.000000,0.000000,0.000000,0.000000,0.000000,0.000000,0.000000,0.000000,0.000000,0.000000,0.000000,0.000000,0.000000,0.000000,0.000000,0.000000,0.000000,0.000000,0.000000,0.000000,0.000000,0.000000,0.000000,0.000000
0.000000,0.000000,0.000000,0.000000,0.000000,0.000000,0.000000,0.000000,0.000000,0.000000,0.000000,0.000000,0.000000,0.000000,0.000000,0.000000,0.000000,0.000000,0.000000,0.000000,0.000000,0.000000,0.000000,0.000000,0.000000,0.000000,0.000000,0.000000,0.000000,0.000000,0.000000,0.000000,0.000000,0.000000,999.992967,999.991580,999.992427,999.994456,999.994098,999.993968,999.994324,999.995633,999.996408,999.996663,999.996796,999.997149,999.997547,999.997940,999.998520,999.998947,999.999482,999.999889,1000.000374,1000.000766,1000.001199,1000.001576,1000.001930,1000.002249,1000.002466,1000.002590,1000.002677,1000.003194,1000.003946,1000.004127,1000.004049,1000.003855,1000.004856,1000.005207,1000.004604,0.000000,0.000000,0.000000,0.000000,0.000000,0.000000,0.000000,0.000000,0.000000,0.000000,0.000000,0.000000,0.000000,0.000000,0.000000,0.000000,0.000000,0.000000,0.000000,0.000000,0.000000,0.000000,0.000000,0.000000,0.000000,0.000000,0.000000,0.000000,0.000000,0.000000,0.000000,0.000000,0.000000,0.000000
0.000000,0.000000,0.000000,0.000000,0.000000,0.000000,0.000000,0.000000,0.000000,0.000000,0.000000,0.000000,0.000000,0.000000,0.000000,0.000000,0.000000,0.000000,0.000000,0.000000,0.000000,0.000000,0.000000,0.000000,0.000000,0.000000,0.000000,0.000000,0.000000,0.000000,0.000000,0.000000,999.992295,999.991069,999.992761,999.992586,999.993237,999.993638,999.993863,999.994223,999.994720,999.995356,999.995865,999.996411,999.996789,999.997097,999.997480,999.997957,999.998423,999.998882,999.999297,999.999775,1000.000204,1000.000593,1000.001076,1000.001467,1000.001780,1000.002043,1000.002365,1000.002571,1000.002918,1000.003201,1000.003586,1000.003878,1000.004100,1000.004159,1000.004426,1000.004715,1000.004610,1000.005337,1000.004706,0.000000,0.000000,0.000000,0.000000,0.000000,0.000000,0.000000,0.000000,0.000000,0.000000,0.000000,0.000000,0.000000,0.000000,0.000000,0.000000,0.000000,0.000000,0.000000,0.000000,0.000000,0.000000,0.000000,0.000000,0.000000,0.000000,0.000000,0.000000,0.000000,0.000000,0.000000,0.000000
0.000000,0.000000,0.000000,0.000000,0.000000,0.000000,0.000000,0.000000,0.000000,0.000000,0.000000,0.000000,0.000000,0.000000,0.000000,0.000000,0.000000,0.000000,0.000000,0.000000,0.000000,0.000000,0.000000,0.000000,0.000000,0.000000,0.000000,0.000000,0.000000,0.000000,999.990937,999.989634,999.991679,999.992156,999.992411,999.992573,999.993005,999.993330,999.993827,999.994249,999.994773,999.995303,999.995694,999.996180,999.996697,999.997132,999.997442,999.997933,999.998357,999.998808,999.999293,999.999711,1000.000160,1000.000514,1000.000957,1000.001283,1000.001700,1000.001972,1000.002231,1000.002590,1000.002902,1000.003223,1000.003451,1000.003765,1000.003959,1000.004230,1000.004324,1000.004610,1000.004653,1000.004790,1000.005004,1000.005817,1000.005298,0.000000,0.000000,0.000000,0.000000,0.000000,0.000000,0.000000,0.000000,0.000000,0.000000,0.000000,0.000000,0.000000,0.000000,0.000000,0.000000,0.000000,0.000000,0.000000,0.000000,0.000000,0.000000,0.000000,0.000000,0.000000,0.000000,0.000000,0.000000,0.000000,0.000000
0.000000,0.000000,0.000000,0.000000,0.000000,0.000000,0.000000,0.000000,0.000000,0.000000,0.000000,0.000000,0.000000,0.000000,0.000000,0.000000,0.000000,0.000000,0.000000,0.000000,0.000000,0.000000,0.000000,0.000000,0.000000,0.000000,0.000000,0.000000,999.989455,999.988341,999.990293,999.990972,999.991364,999.991725,999.992023,999.992573,999.992949,999.993304,999.993750,999.994160,999.994650,999.995114,999.995580,999.996055,999.996552,999.996950,999.997374,999.997823,999.998336,999.998732,999.999280,999.999591,1000.000088,1000.000504,1000.000868,1000.001139,1000.001553,1000.001966,1000.002187,1000.002524,1000.002787,1000.003116,1000.003437,1000.003669,1000.003887,1000.004164,1000.004276,1000.004518,1000.004757,1000.004924,1000.005051,1000.005188,1000.005399,1000.006235,1000.005717,0.000000,0.000000,0.000000,0.000000,0.000000,0.000000,0.000000,0.000000,0.000000,0.000000,0.000000,0.000000,0.000000,0.000000,0.000000,0.000000,0.000000,0.000000,0.000000,0.000000,0.000000,0.000000,0.000000,0.000000,0.000000,0.000000,0.000000,0.000000
0.000000,0.000000,0.000000,0.000000,0.000000,0.000000,0.000000,0.000000,0.000000,0.000000,0.000000,0.000000,0.000000,0.000000,0.000000,0.000000,0.000000,0.000000,0.000000,0.000000,0.000000,0.000000,0.000000,0.000000,0.000000,0.000000,999.988188,999.987259,999.989058,999.989721,999.990099,999.990619,999.990998,999.991585,999.991934,999.992363,999.992730,999.993221,999.993645,999.994095,999.994498,999.994948,999.995521,999.995968,999.996412,999.996831,999.997360,999.997808,999.998243,999.998641,999.999127,999.999460,999.999931,1000.000408,1000.000834,1000.001203,1000.001497,1000.001815,1000.002166,1000.002496,1000.002748,1000.003053,1000.003350,1000.003579,1000.003851,1000.004109,1000.004360,1000.004508,1000.004703,1000.004841,1000.005080,1000.005273,1000.005456,1000.005634,1000.005869,1000.006487,1000.006190,0.000000,0.000000,0.000000,0.000000,0.000000,0.000000,0.000000,0.000000,0.000000,0.000000,0.000000,0.000000,0.000000,0.000000,0.000000,0.000000,0.000000,0.000000,0.000000,0.000000,0.000000,0.000000,0.000000,0.000000,0.000000,0.000000
0.000000,0.000000,0.000000,0.000000,0.000000,0.000000,0.000000,0.000000,0.000000,0.000000,0.000000,0.000000,0.000000,0.000000,0.000000,0.000000,0.000000,0.000000,0.000000,0.000000,0.000000,0.000000,0.000000,0.000000,999.987336,999.986635,999.987977,999.988618,999.989003,999.989477,999.989885,999.990467,999.990870,999.991305,999.991731,999.992145,999.992602,999.993046,999.993466,999.994006,999.994438,999.994930,999.995370,999.995810,999.996262,999.996806,999.997260,999.997689,999.998112,999.998591,999.999038,999.999526,999.999920,1000.000241,1000.000642,1000.001090,1000.001421,1000.001752,1000.002103,1000.002451,1000.002771,1000.003045,1000.003341,1000.003566,1000.003812,1000.004033,1000.004250,1000.004469,1000.004674,1000.004887,1000.005095,1000.005256,1000.005538,1000.005613,1000.005836,1000.005933,1000.006164,1000.006568,1000.006310,0.000000,0.000000,0.000000,0.000000,0.000000,0.000000,0.000000,0.000000,0.000000,0.000000,0.000000,0.000000,0.000000,0.000000,0.000000,0.000000,0.000000,0.000000,0.000000,0.000000,0.000000,0.000000,0.000000,0.000000
0.000000,0.000000,0.000000,0.000000,0.000000,0.000000,0.000000,0.000000,0.000000,0.000000,0.000000,0.000000,0.000000,0.000000,0.000000,0.000000,0.000000,0.000000,0.000000,0.000000,0.000000,0.000000,0.000000,999.987563,999.987308,999.987654,999.988020,999.988487,999.988768,999.989351,999.989800,999.990217,999.990651,999.991120,999.991616,999.992031,999.992478,999.992898,999.993314,999.993758,999.994311,999.994769,999.995210,999.995739,999.996191,999.996691,999.997108,999.997583,999.998045,999.998549,999.998925,999.999424,999.999845,1000.000234,1000.000535,1000.001000,1000.001371,1000.001773,1000.002064,1000.002383,1000.002696,1000.002950,1000.003229,1000.003516,1000.003788,1000.004033,1000.004207,1000.004470,1000.004632,1000.004920,1000.005088,1000.005225,1000.005422,1000.005619,1000.005819,1000.005936,1000.006086,1000.006230,1000.006329,1000.006267,0.000000,0.000000,0.000000,0.000000,0.000000,0.000000,0.000000,0.000000,0.000000,0.000000,0.000000,0.000000,0.000000,0.000000,0.000000,0.000000,0.000000,0.000000,0.000000,0.000000,0.000000,0.000000,0.000000
0.000000,0.000000,0.000000,0.000000,0.000000,0.000000,0.000000,0.000000,0.000000,0.000000,0.000000,0.000000,0.000000,0.000000,0.000000,0.000000,0.000000,0.000000,0.000000,0.000000,0.000000,999.986076,999.985590,999.987193,999.987523,999.987733,999.987947,999.988405,999.988826,999.989259,999.989622,999.990130,999.990550,999.990980,999.991366,999.991828,999.992262,999.992748,999.993236,999.993696,999.994125,999.994577,999.995122,999.995662,999.996128,999.996525,999.997087,999.997567,999.998010,999.998464,999.998905,999.999345,999.999743,1000.000269,1000.000634,1000.001019,1000.001321,1000.001697,1000.002017,1000.002330,1000.002681,1000.002905,1000.003210,1000.003448,1000.003735,1000.003974,1000.004244,1000.004459,1000.004627,1000.004783,1000.005019,1000.005200,1000.005376,1000.005567,1000.005740,1000.005901,1000.006103,1000.006146,1000.006190,1000.006365,1000.006785,1000.006701,0.000000,0.000000,0.000000,0.000000,0.000000,0.000000,0.000000,0.000000,0.000000,0.000000,0.000000,0.000000,0.000000,0.000000,0.000000,0.000000,0.000000,0.000000,0.000000,0.000000,0.000000
0.000000,0.000000,0.000000,0.000000,0.000000,0.000000,0.000000,0.000000,0.000000,0.000000,0.000000,0.000000,0.000000,0.000000,0.000000,0.000000,0.000000,0.000000,0.000000,0.000000,999.986314,999.986236,999.986584,999.987000,999.987227,999.987619,999.988013,999.988358,999.988713,999.989130,999.989514,999.989969,999.990380,999.990765,999.991194,999.991664,999.992109,999.992511,999.993033,999.993500,999.993957,999.994481,999.994992,999.995456,999.995925,999.996438,999.996920,999.997446,999.997889,999.998366,999.998869,999.999312,999.999664,1000.000086,1000.000551,1000.000913,1000.001254,1000.001634,1000.001960,1000.002233,1000.002598,1000.002906,1000.003233,1000.003520,1000.003702,1000.003913,1000.004150,1000.004356,1000.004644,1000.004774,1000.005065,1000.005234,1000.005366,1000.005517,1000.005700,1000.005803,1000.005973,1000.006160,1000.006212,1000.006323,1000.006517,1000.006575,1000.006556,0.000000,0.000000,0.000000,0.000000,0.000000,0.000000,0.000000,0.000000,0.000000,0.000000,0.000000,0.000000,0.000000,0.000000,0.000000,0.000000,0.000000,0.000000,0.000000,0.000000
0.000000,0.000000,0.000000,0.000000,0.000000,0.000000,0.000000,0.000000,0.000000,0.000000,0.000000,0.000000,0.000000,0.000000,0.000000,0.000000,0.000000,0.000000,0.000000,999.986043,999.986278,999.986423,999.986790,999.986940,999.987283,999.987698,999.988028,999.988254,999.988643,999.989030,999.989361,999.989741,999.990109,999.990562,999.991004,999.991508,999.991886,999.992340,999.992793,999.993285,999.993855,999.994393,999.994823,999.995283,999.995866,999.996428,999.996860,999.997381,999.997845,999.998315,999.998741,999.999261,999.999691,1000.000075,1000.000470,1000.000877,1000.001307,1000.001646,1000.002031,1000.002298,1000.002604,1000.002897,1000.003172,1000.003461,1000.003648,1000.003968,1000.004132,1000.004357,1000.004588,1000.004750,1000.004936,1000.005158,1000.005339,1000.005515,1000.005683,1000.005838,1000.005910,1000.006099,1000.006214,1000.006304,1000.006336,1000.006459,1000.006549,1000.006658,0.000000,0.000000,0.000000,0.000000,0.000000,0.000000,0.000000,0.000000,0.000000,0.000000,0.000000,0.000000,0.000000,0.000000,0.000000,0.000000,0.000000,0.000000,0.000000
0.000000,0.000000,0.000000,0.000000,0.000000,0.000000,0.000000,0.000000,0.000000,0.000000,0.000000,0.000000,0.000000,0.000000,0.000000,0.000000,0.000000,0.000000,999.985751,999.986070,999.986304,999.986559,999.986815,999.986996,999.987313,999.987594,999.987842,999.988152,999.988528,999.988843,999.989182,999.989574,999.989983,999.990392,999.990782,999.991192,999.991603,999.992189,999.992690,999.993116,999.993657,999.994131,999.994634,999.995176,999.995767,999.996255,999.996764,999.997240,999.997811,999.998294,999.998711,999.999154,999.999672,1000.000105,1000.000487,1000.000862,1000.001255,1000.001534,1000.001921,1000.002275,1000.002608,1000.002868,1000.003105,1000.003371,1000.003652,1000.003896,1000.004186,1000.004349,1000.004596,1000.004748,1000.004906,1000.005093,1000.005284,1000.005421,1000.005609,1000.005728,1000.005857,1000.006047,1000.006142,1000.006307,1000.006379,1000.006431,1000.006500,1000.006628,1000.006683,0.000000,0.000000,0.000000,0.000000,0.000000,0.000000,0.000000,0.000000,0.000000,0.000000,0.000000,0.000000,0.000000,0.000000,0.000000,0.000000,0.000000,0.000000
0.000000,0.000000,0.000000,0.000000,0.000000,0.000000,0.000000,0.000000,0.000000,0.000000,0.000000,0.000000,0.000000,0.000000,0.000000,0.000000,0.000000,999.985550,999.985848,999.986132,999.986334,999.986566,999.986770,999.986954,999.987247,999.987498,999.987745,999.988069,999.988409,999.988628,999.988997,999.989406,999.989760,999.990126,999.990571,999.990960,999.991452,999.991919,999.992395,999.992908,999.993444,999.993936,999.994531,999.995144,999.995600,999.996124,999.996661,999.997166,999.997694,999.998262,999.998742,999.999139,999.999607,1000.000053,1000.000470,1000.000861,1000.001259,1000.001587,1000.001898,1000.002289,1000.002500,1000.002856,1000.003110,1000.003417,1000.003679,1000.003864,1000.004089,1000.004279,1000.004558,1000.004734,1000.004913,1000.005149,1000.005289,1000.005410,1000.005575,1000.005761,1000.005808,1000.005987,1000.006069,1000.006183,1000.006329,1000.006419,1000.006450,1000.006543,1000.006630,1000.006750,0.000000,0.000000,0.000000,0.000000,0.000000,0.000000,0.000000,0.000000,0.000000,0.000000,0.000000,0.000000,0.000000,0.000000,0.000000,0.000000,0.000000
0.000000,0.000000,0.000000,0.000000,0.000000,0.000000,0.000000,0.000000,0.000000,0.000000,0.000000,0.000000,0.000000,0.000000,0.000000,0.000000,999.985526,999.985749,999.986000,999.986225,999.986361,999.986582,999.986852,999.987003,999.987301,999.987454,999.987681,999.987962,999.988197,999.988417,999.988826,999.989121,999.989429,999.989838,999.990278,999.990720,999.991193,999.991645,999.992148,999.992709,999.993262,999.993759,999.994379,999.994913,999.995451,999.996042,999.996650,999.997183,999.997681,999.998172,999.998664,999.999233,999.999617,1000.000029,1000.000477,1000.000840,1000.001231,1000.001641,1000.002008,1000.002258,1000.002580,1000.002858,1000.003127,1000.003389,1000.003642,1000.003885,1000.004098,1000.004271,1000.004514,1000.004711,1000.004840,1000.005037,1000.005225,1000.005363,1000.005526,1000.005693,1000.005820,1000.005950,1000.006079,1000.006123,1000.006234,1000.006355,1000.006431,1000.006479,1000.006666,1000.006681,1000.006671,0.000000,0.000000,0.000000,0.000000,0.000000,0.000000,0.000000,0.000000,0.000000,0.000000,0.000000,0.000000,0.000000,0.000000,0.000000,0.000000
0.000000,0.000000,0.000000,0.000000,0.000000,0.000000,0.000000,0.000000,0.000000,0.000000,0.000000,0.000000,0.000000,0.000000,0.000000,999.985550,999.985749,999.985905,999.986130,999.986298,999.986448,999.986657,999.986813,999.986900,999.987156,999.987301,999.987565,999.987746,999.987928,999.988292,999.988598,999.988837,999.989181,999.989593,999.989970,999.990396,999.990904,999.991400,999.991930,999.992444,999.992993,999.993585,999.994196,999.994733,999.995350,999.995921,999.996514,999.997077,999.997628,999.998101,999.998626,999.999148,999.999618,1000.000074,1000.000531,1000.000906,1000.001213,1000.001606,1000.001944,1000.002257,1000.002618,1000.002895,1000.003169,1000.003354,1000.003633,1000.003858,1000.004122,1000.004284,1000.004432,1000.004682,1000.004875,1000.004985,1000.005217,1000.005332,1000.005497,1000.005579,1000.005678,1000.005833,1000.006012,1000.006097,1000.006191,1000.006299,1000.006415,1000.006379,1000.006541,1000.006694,1000.006721,1000.006775,0.000000,0.000000,0.000000,0.000000,0.000000,0.000000,0.000000,0.000000,0.000000,0.000000,0.000000,0.000000,0.000000,0.000000,0.000000
0.000000,0.000000,0.000000,0.000000,0.000000,0.000000,0.000000,0.000000,0.000000,0.000000,0.000000,0.000000,0.000000,0.000000,999.985751,999.985848,999.986000,999.986130,999.986252,999.986370,999.986530,999.986686,999.986786,999.986920,999.987100,999.987243,999.987432,999.987569,999.987824,999.988065,999.988260,999.988520,999.988946,999.989288,999.989652,999.990077,999.990555,999.991060,999.991577,999.992130,999.992754,999.993391,999.993983,999.994612,999.995280,999.995878,999.996471,999.997056,999.997637,999.998191,999.998771,999.999180,999.999673,1000.000111,1000.000495,1000.000969,1000.001335,1000.001685,1000.001978,1000.002290,1000.002570,1000.002882,1000.003165,1000.003426,1000.003626,1000.003850,1000.004101,1000.004275,1000.004488,1000.004648,1000.004872,1000.004971,1000.005110,1000.005314,1000.005422,1000.005670,1000.005686,1000.005770,1000.005972,1000.006041,1000.006131,1000.006189,1000.006350,1000.006433,1000.006367,1000.006497,1000.006597,1000.006699,1000.006675,0.000000,0.000000,0.000000,0.000000,0.000000,0.000000,0.000000,0.000000,0.000000,0.000000,0.000000,0.000000,0.000000,0.000000
0.000000,0.000000,0.000000,0.000000,0.000000,0.000000,0.000000,0.000000,0.000000,0.000000,0.000000,0.000000,0.000000,999.986043,999.986070,999.986132,999.986225,999.986298,999.986370,999.986486,999.986634,999.986708,999.986780,999.986910,999.986998,999.987060,999.987226,999.987343,999.987524,999.987730,999.987918,999.988272,999.988540,999.988847,999.989254,999.989733,999.990182,999.990688,999.991283,999.991883,999.992567,999.993154,999.993786,999.994433,999.995132,999.995749,999.996373,999.997033,999.997575,999.998176,999.998714,999.999208,999.999704,1000.000159,1000.000556,1000.000959,1000.001379,1000.001698,1000.002072,1000.002376,1000.002623,1000.002895,1000.003154,1000.003428,1000.003671,1000.003811,1000.004068,1000.004284,1000.004480,1000.004603,1000.004800,1000.004974,1000.005088,1000.005240,1000.005331,1000.005523,1000.005759,1000.005734,1000.005800,1000.005959,1000.006100,1000.006130,1000.006231,1000.006404,1000.006451,1000.006467,1000.006484,1000.006561,1000.006638,1000.006666,0.000000,0.000000,0.000000,0.000000,0.000000,0.000000,0.000000,0.000000,0.000000,0.000000,0.000000,0.000000,0.000000
0.000000,0.000000,0.000000,0.000000,0.000000,0.000000,0.000000,0.000000,0.000000,0.000000,0.000000,0.000000,999.986314,999.986278,999.986304,999.986334,999.986361,999.986448,999.986530,999.986634,999.986644,999.986649,999.986715,999.986803,999.986869,999.986960,999.987048,999.987092,999.987284,999.987459,999.987621,999.987871,999.988098,999.988465,999.988859,999.989304,999.989778,999.990357,999.990932,999.991603,999.992208,999.992881,999.993590,999.994336,999.995058,999.995700,999.996389,999.997031,999.997658,999.998208,999.998775,999.999269,999.999765,1000.000265,1000.000698,1000.001083,1000.001457,1000.001754,1000.002097,1000.002437,1000.002751,1000.002979,1000.003211,1000.003474,1000.003666,1000.003913,1000.004045,1000.004292,1000.004432,1000.004581,1000.004730,1000.004954,1000.005107,1000.005224,1000.005335,1000.005370,1000.005567,1000.005768,1000.005786,1000.005896,1000.006019,1000.006074,1000.006152,1000.006215,1000.006332,1000.006446,1000.006471,1000.006512,1000.006557,1000.006628,1000.006585,0.000000,0.000000,0.000000,0.000000,0.000000,0.000000,0.000000,0.000000,0.000000,0.000000,0.000000,0.000000
0.000000,0.000000,0.000000,0.000000,0.000000,0.000000,0.000000,0.000000,0.000000,0.000000,0.000000,999.986076,999.986236,999.986423,999.986559,999.986566,999.986582,999.986657,999.986686,999.986708,999.986649,999.986731,999.986732,999.986785,999.986764,999.986772,999.986788,999.986892,999.986968,999.987037,999.987168,999.987429,999.987659,999.988009,999.988363,999.988798,999.989318,999.989864,999.990506,999.991184,999.991834,999.992625,999.993440,999.994204,999.994883,999.995640,999.996344,999.997047,999.997701,999.998312,999.998886,999.999435,999.999914,1000.000344,1000.000775,1000.001156,1000.001551,1000.001897,1000.002184,1000.002495,1000.002736,1000.003033,1000.003235,1000.003492,1000.003685,1000.003938,1000.004095,1000.004228,1000.004455,1000.004654,1000.004742,1000.004887,1000.004999,1000.005187,1000.005327,1000.005416,1000.005461,1000.005637,1000.005755,1000.005847,1000.005956,1000.005985,1000.006116,1000.006183,1000.006224,1000.006322,1000.006383,1000.006416,1000.006468,1000.006541,1000.006641,1000.006696,0.000000,0.000000,0.000000,0.000000,0.000000,0.000000,0.000000,0.000000,0.000000,0.000000,0.000000
0.000000,0.000000,0.000000,0.000000,0.000000,0.000000,0.000000,0.000000,0.000000,0.000000,0.000000,999.985590,999.986584,999.986790,999.986815,999.986770,999.986852,999.986813,999.986786,999.986780,999.986715,999.986732,999.986718,999.986647,999.986557,999.986578,999.986616,999.986627,999.986625,999.986674,999.986805,999.986987,999.987150,999.987459,999.987769,999.988274,999.988764,999.989375,999.990078,999.990784,999.991578,999.992408,999.993265,999.994001,999.994788,999.995641,999.996410,999.997121,999.997743,999.998393,999.998941,999.999524,1000.000049,1000.000487,1000.000934,1000.001295,1000.001627,1000.002028,1000.002328,1000.002590,1000.002832,1000.003098,1000.003320,1000.003536,1000.003754,1000.003919,1000.004122,1000.004254,1000.004420,1000.004602,1000.004731,1000.004897,1000.004968,1000.005071,1000.005258,1000.005385,1000.005471,1000.005530,1000.005679,1000.005719,1000.005863,1000.005914,1000.006008,1000.006102,1000.006166,1000.006239,1000.006312,1000.006355,1000.006388,1000.006434,1000.006505,1000.006840,0.000000,0.000000,0.000000,0.000000,0.000000,0.000000,0.000000,0.000000,0.000000,0.000000,0.000000
0.000000,0.000000,0.000000,0.000000,0.000000,0.000000,0.000000,0.000000,0.000000,0.000000,999.987563,999.987193,999.987000,999.986940,999.986996,999.986954,999.987003,999.986900,999.986920,999.986910,999.986803,999.986785,999.986647,999.986548,999.986563,999.986455,999.986361,999.986208,999.986180,999.986209,999.986270,999.986336,999.986537,999.986784,999.987160,999.987634,999.988171,999.988810,999.989550,999.990323,999.991189,999.992080,999.992943,999.993841,999.994797,999.995662,999.996463,999.997163,999.997933,999.998611,999.999200,999.999736,1000.000210,1000.000661,1000.001097,1000.001485,1000.001814,1000.002122,1000.002418,1000.002696,1000.002961,1000.003211,1000.003395,1000.003602,1000.003774,1000.003929,1000.004132,1000.004314,1000.004431,1000.004563,1000.004665,1000.004839,1000.005024,1000.005096,1000.005131,1000.005325,1000.005436,1000.005462,1000.005594,1000.005689,1000.005798,1000.005876,1000.005890,1000.005982,1000.006045,1000.006099,1000.006203,1000.006279,1000.006319,1000.006439,1000.006397,1000.006370,1000.006366,0.000000,0.000000,0.000000,0.000000,0.000000,0.000000,0.000000,0.000000,0.000000,0.000000
0.000000,0.000000,0.000000,0.000000,0.000000,0.000000,0.000000,0.000000,0.000000,999.987336,999.987308,999.987523,999.987227,999.987283,999.987313,999.987247,999.987301,999.987156,999.987100,999.986998,999.986869,999.986764,999.986557,999.986563,999.986308,999.986061,999.986001,999.985851,999.985820,999.985750,999.985725,999.985724,999.985867,999.986112,999.986438,999.986870,999.987399,999.988126,999.988916,999.989803,999.990787,999.991791,999.992768,999.993824,999.994819,999.995695,999.996534,999.997323,999.998086,999.998787,999.999348,999.999923,1000.000441,1000.000862,1000.001309,1000.001656,1000.002060,1000.002279,1000.002544,1000.002830,1000.003061,1000.003273,1000.003473,1000.003667,1000.003837,1000.004000,1000.004133,1000.004316,1000.004419,1000.004599,1000.004708,1000.004769,1000.004910,1000.005081,1000.005114,1000.005194,1000.005394,1000.005434,1000.005524,1000.005565,1000.005648,1000.005812,1000.005858,1000.005910,1000.006015,1000.006061,1000.006020,1000.006190,1000.006181,1000.006284,1000.006361,1000.006278,1000.006414,1000.006373,0.000000,0.000000,0.000000,0.000000,0.000000,0.000000,0.000000,0.000000,0.000000
0.000000,0.000000,0.000000,0.000000,0.000000,0.000000,0.000000,0.000000,0.000000,999.986635,999.987654,999.987733,999.987619,999.987698,999.987594,999.987498,999.987454,999.987301,999.987243,999.987060,999.986960,999.986772,999.986578,999.986455,999.986061,999.986002,999.985907,999.985578,999.985364,999.985196,999.985022,999.984987,999.985066,999.985236,999.985527,999.985997,999.986584,999.987390,999.988255,999.989240,999.990335,999.991452,999.992565,999.993692,999.994745,999.995764,999.996769,999.997670,999.998417,999.999076,999.999674,1000.000221,1000.000735,1000.001190,1000.001558,1000.001872,1000.002205,1000.002508,1000.002792,1000.003000,1000.003197,1000.003384,1000.003574,1000.003736,1000.003916,1000.004090,1000.004178,1000.004312,1000.004407,1000.004552,1000.004725,1000.004795,1000.004847,1000.004996,1000.005095,1000.005123,1000.005254,1000.005351,1000.005459,1000.005538,1000.005521,1000.005641,1000.005735,1000.005806,1000.005852,1000.005995,1000.005996,1000.006040,1000.006068,1000.006139,1000.006212,1000.006236,1000.006303,1000.006654,0.000000,0.000000,0.000000,0.000000,0.000000,0.000000,0.000000,0.000000,0.000000
0.000000,0.000000,0.000000,0.000000,0.000000,0.000000,0.000000,0.000000,999.988188,999.987977,999.988020,999.987947,999.988013,999.988028,999.987842,999.987745,999.987681,999.987565,999.987432,999.987226,999.987048,999.986788,999.986616,999.986361,999.986001,999.985907,999.985484,999.984915,999.984783,999.984518,999.984318,999.984279,999.984215,999.984272,999.984527,999.984964,999.985599,999.986460,999.987410,999.988558,999.989834,999.991131,999.992458,999.993741,999.994917,999.995977,999.996951,999.997831,999.998646,999.999387,1000.000069,1000.000608,1000.001055,1000.001479,1000.001839,1000.002140,1000.002434,1000.002730,1000.002948,1000.003160,1000.003346,1000.003537,1000.003728,1000.003840,1000.003963,1000.004091,1000.004229,1000.004364,1000.004495,1000.004520,1000.004652,1000.004803,1000.004827,1000.004965,1000.005063,1000.005109,1000.005186,1000.005252,1000.005347,1000.005476,1000.005509,1000.005583,1000.005618,1000.005672,1000.005732,1000.005820,1000.005900,1000.005988,1000.005974,1000.005989,1000.006133,1000.006088,1000.006201,1000.006235,1000.006271,0.000000,0.000000,0.000000,0.000000,0.000000,0.000000,0.000000,0.000000
0.000000,0.000000,0.000000,0.000000,0.000000,0.000000,0.000000,0.000000,999.987259,999.988618,999.988487,999.988405,999.988358,999.988254,999.988152,999.988069,999.987962,999.987746,999.987569,999.987343,999.987092,999.986892,999.986627,999.986208,999.985851,999.985578,999.984915,999.984650,999.984548,999.983992,999.983625,999.983288,999.982991,999.983050,999.983265,999.983693,999.984427,999.985335,999.986461,999.987842,999.989264,999.990754,999.992214,999.993728,999.995114,999.996330,999.997455,999.998404,999.999154,999.999833,1000.000448,1000.000979,1000.001436,1000.001808,1000.002194,1000.002503,1000.002770,1000.002980,1000.003173,1000.003354,1000.003526,1000.003653,1000.003806,1000.003941,1000.004075,1000.004171,1000.004266,1000.004352,1000.004533,1000.004546,1000.004597,1000.004747,1000.004811,1000.004855,1000.004993,1000.005043,1000.005127,1000.005199,1000.005224,1000.005343,1000.005394,1000.005448,1000.005563,1000.005597,1000.005616,1000.005680,1000.005765,1000.005824,1000.005895,1000.005856,1000.006019,1000.006039,1000.006008,1000.006095,1000.006498,0.000000,0.000000,0.000000,0.000000,0.000000,0.000000,0.000000,0.000000
0.000000,0.000000,0.000000,0.000000,0.000000,0.000000,0.000000,999.989455,999.989058,999.989003,999.988768,999.988826,999.988713,999.988643,999.988528,999.988409,999.988197,999.987928,999.987824,999.987524,999.987284,999.986968,999.986625,999.986180,999.985820,999.985364,999.984783,999.984548,999.983913,999.982881,999.982549,999.982156,999.981874,999.981876,999.981919,999.982282,999.982922,999.983930,999.985343,999.986957,999.988734,999.990583,999.992300,999.993884,999.995330,999.996629,999.997848,999.998913,999.999774,1000.000430,1000.001014,1000.001493,1000.001915,1000.002284,1000.002545,1000.002864,1000.003017,1000.003221,1000.003396,1000.003606,1000.003721,1000.003841,1000.003937,1000.004053,1000.004142,1000.004280,1000.004349,1000.004361,1000.004477,1000.004612,1000.004586,1000.004716,1000.004793,1000.004819,1000.004933,1000.004961,1000.005032,1000.005141,1000.005140,1000.005181,1000.005337,1000.005308,1000.005402,1000.005499,1000.005536,1000.005597,1000.005592,1000.005638,1000.005784,1000.005742,1000.005801,1000.005889,1000.005948,1000.005963,1000.005991,1000.005858,0.000000,0.000000,0.000000,0.000000,0.000000,0.000000,0.000000
0.000000,0.000000,0.000000,0.000000,0.000000,0.000000,0.000000,999.988341,999.989721,999.989477,999.989351,999.989259,999.989130,999.989030,999.988843,999.988628,999.988417,999.988292,999.988065,999.987730,999.987459,999.987037,999.986674,999.986209,999.985750,999.985196,999.984518,999.983992,999.982881,999.982259,999.982192,999.981254,999.980616,999.980165,999.979937,999.980211,999.981112,999.982361,999.984011,999.985864,999.987891,999.990158,999.992328,999.994320,999.996092,999.997526,999.998594,999.999489,1000.000373,1000.001056,1000.001632,1000.002071,1000.002433,1000.002756,1000.002981,1000.003229,1000.003394,1000.003575,1000.003683,1000.003818,1000.003949,1000.004020,1000.004120,1000.004198,1000.004244,1000.004283,1000.004424,1000.004438,1000.004483,1000.004624,1000.004632,1000.004656,1000.004757,1000.004773,1000.004873,1000.004886,1000.004922,1000.005040,1000.005099,1000.005065,1000.005220,1000.005226,1000.005228,1000.005332,1000.005403,1000.005454,1000.005502,1000.005537,1000.005649,1000.005626,1000.005672,1000.005735,1000.005752,1000.005802,1000.005766,1000.006286,0.000000,0.000000,0.000000,0.000000,0.000000,0.000000,0.000000
0.000000,0.000000,0.000000,0.000000,0.000000,0.000000,999.990937,999.990293,999.990099,999.989885,999.989800,999.989622,999.989514,999.989361,999.989182,999.988997,999.988826,999.988598,999.988260,999.987918,999.987621,999.987168,999.986805,999.986270,999.985725,999.985022,999.984318,999.983625,999.982549,999.982192,999.981018,999.979282,999.978655,999.978081,999.977855,999.978269,999.978943,999.980197,999.982249,999.984712,999.987419,999.990070,999.992493,999.994672,999.996583,999.998303,999.999601,1000.000531,1000.001276,1000.001885,1000.002363,1000.002738,1000.003030,1000.003280,1000.003484,1000.003638,1000.003779,1000.003916,1000.004010,1000.004056,1000.004150,1000.004196,1000.004266,1000.004335,1000.004399,1000.004373,1000.004477,1000.004514,1000.004495,1000.004573,1000.004633,1000.004646,1000.004686,1000.004699,1000.004787,1000.004854,1000.004843,1000.004918,1000.004993,1000.005005,1000.005068,1000.005122,1000.005146,1000.005223,1000.005274,1000.005257,1000.005331,1000.005429,1000.005442,1000.005453,1000.005549,1000.005547,1000.005603,1000.005657,1000.005631,1000.005653,1000.005483,0.000000,0.000000,0.000000,0.000000,0.000000,0.000000
0.000000,0.000000,0.000000,0.000000,0.000000,0.000000,999.989634,999.990972,999.990619,999.990467,999.990217,999.990130,999.989969,999.989741,999.989574,999.989406,999.989121,999.988837,999.988520,999.988272,999.987871,999.987429,999.986987,999.986336,999.985724,999.984987,999.984279,999.983288,999.982156,999.981254,999.979282,999.978093,999.977783,999.976424,999.975412,999.975120,999.975674,999.977348,999.979906,999.983278,999.986798,999.990207,999.993461,999.996028,999.997883,999.999382,1000.000656,1000.001630,1000.002306,1000.002806,1000.003178,1000.003467,1000.003699,1000.003889,1000.003998,1000.004114,1000.004178,1000.004255,1000.004288,1000.004342,1000.004400,1000.004426,1000.004416,1000.004454,1000.004493,1000.004516,1000.004509,1000.004582,1000.004537,1000.004554,1000.004587,1000.004638,1000.004682,1000.004678,1000.004678,1000.004747,1000.004753,1000.004785,1000.004870,1000.004906,1000.004895,1000.004997,1000.005029,1000.005067,1000.005133,1000.005164,1000.005160,1000.005268,1000.005286,1000.005307,1000.005414,1000.005387,1000.005395,1000.005495,1000.005456,1000.005404,1000.005930,0.000000,0.000000,0.000000,0.000000,0.000000,0.000000
0.000000,0.000000,0.000000,0.000000,0.000000,999.992295,999.991679,999.991364,999.990998,999.990870,999.990651,999.990550,999.990380,999.990109,999.989983,999.989760,999.989429,999.989181,999.988946,999.988540,999.988098,999.987659,999.987150,999.986537,999.985867,999.985066,999.984215,999.982991,999.981874,999.980616,999.978655,999.977783,999.975875,999.972544,999.971310,999.971018,999.971443,999.973724,999.977087,999.981145,999.985885,999.990301,999.994158,999.997449,999.999713,1000.001200,1000.002204,1000.002959,1000.003493,1000.003858,1000.004105,1000.004290,1000.004430,1000.004515,1000.004573,1000.004603,1000.004645,1000.004664,1000.004647,1000.004628,1000.004632,1000.004670,1000.004637,1000.004618,1000.004605,1000.004609,1000.004571,1000.004603,1000.004618,1000.004592,1000.004587,1000.004562,1000.004625,1000.004643,1000.004642,1000.004655,1000.004717,1000.004681,1000.004693,1000.004795,1000.004767,1000.004831,1000.004883,1000.004875,1000.004920,1000.005036,1000.005070,1000.005104,1000.005097,1000.005145,1000.005243,1000.005225,1000.005264,1000.005283,1000.005296,1000.005267,1000.005248,1000.004972,0.000000,0.000000,0.000000,0.000000,0.000000
0.000000,0.000000,0.000000,0.000000,0.000000,999.991069,999.992156,999.991725,999.991585,999.991305,999.991120,999.990980,999.990765,999.990562,999.990392,999.990126,999.989838,999.989593,999.989288,999.988847,999.988465,999.988009,999.987459,999.986784,999.986112,999.985236,999.984272,999.983050,999.981876,999.980165,999.978081,999.976424,999.972544,999.969743,999.968651,999.966487,999.966788,999.969373,999.973609,999.980033,999.986558,999.992089,999.996513,999.999566,1000.001714,1000.003176,1000.004045,1000.004543,1000.004847,1000.005039,1000.005145,1000.005200,1000.005180,1000.005157,1000.005138,1000.005103,1000.005070,1000.005047,1000.005001,1000.004959,1000.004863,1000.004847,1000.004828,1000.004760,1000.004746,1000.004712,1000.004666,1000.004636,1000.004606,1000.004611,1000.004613,1000.004550,1000.004527,1000.004558,1000.004553,1000.004519,1000.004612,1000.004638,1000.004565,1000.004639,1000.004698,1000.004666,1000.004767,1000.004777,1000.004775,1000.004837,1000.004887,1000.004895,1000.004933,1000.004977,1000.005037,1000.005065,1000.005125,1000.005116,1000.005089,1000.005121,1000.005008,1000.005516,0.000000,0.000000,0.000000,0.000000,0.000000
0.000000,0.000000,0.000000,0.000000,999.992967,999.992761,999.992411,999.992023,999.991934,999.991731,999.991616,999.991366,999.991194,999.991004,999.990782,999.990571,999.990278,999.989970,999.989652,999.989254,999.988859,999.988363,999.987769,999.987160,999.986438,999.985527,999.984527,999.983265,999.981919,999.979937,999.977855,999.975412,999.971310,999.968651,999.964061,999.958055,999.956117,999.958477,999.965575,999.975680,999.986294,999.995205,1000.000678,1000.003413,1000.004920,1000.005733,1000.006143,1000.006312,1000.006340,1000.006303,1000.006224,1000.006111,1000.006005,1000.005882,1000.005790,1000.005662,1000.005535,1000.005425,1000.005372,1000.005294,1000.005205,1000.005085,1000.005043,1000.004951,1000.004857,1000.004828,1000.004752,1000.004723,1000.004632,1000.004596,1000.004562,1000.004539,1000.004509,1000.004478,1000.004497,1000.004433,1000.004430,1000.004519,1000.004466,1000.004462,1000.004533,1000.004504,1000.004530,1000.004619,1000.004636,1000.004655,1000.004695,1000.004765,1000.004817,1000.004799,1000.004861,1000.004899,1000.004917,1000.004928,1000.004957,1000.005042,1000.004895,1000.004897,1000.004858,0.000000,0.000000,0.000000,0.000000
0.000000,0.000000,0.000000,0.000000,999.991580,999.992586,999.992573,999.992573,999.992363,999.992145,999.992031,999.991828,999.991664,999.991508,999.991192,999.990960,999.990720,999.990396,999.990077,999.989733,999.989304,999.988798,999.988274,999.987634,999.986870,999.985997,999.984964,999.983693,999.982282,999.980211,999.978269,999.975120,999.971018,999.966487,999.958055,999.946928,999.943098,999.949893,999.961025,999.975270,999.990975,1000.001295,1000.005741,1000.008050,1000.008646,1000.008682,1000.008475,1000.008216,1000.007931,1000.007610,1000.007326,1000.007045,1000.006829,1000.006585,1000.006401,1000.006211,1000.006036,1000.005857,1000.005702,1000.005571,1000.005467,1000.005324,1000.005220,1000.005145,1000.005010,1000.004917,1000.004833,1000.004746,1000.004671,1000.004619,1000.004551,1000.004486,1000.004465,1000.004384,1000.004407,1000.004377,1000.004310,1000.004318,1000.004367,1000.004352,1000.004370,1000.004393,1000.004379,1000.004410,1000.004421,1000.004497,1000.004519,1000.004532,1000.004572,1000.004592,1000.004693,1000.004738,1000.004659,1000.004773,1000.004831,1000.004833,1000.004808,1000.004953,1000.005416,0.000000,0.000000,0.000000,0.000000
