0.000000,0.000000,0.000000,0.000000,0.000000,0.000000,0.000000,0.000000,0.000000,0.000000,0.000000,0.000000,0.000000,0.000000,0.000000,0.000000,0.000000,0.000000,0.000000,0.000000,0.000000,0.000000,0.000000,0.000000,0.000000,0.000000,0.000000,0.000000,0.000000,0.000000,0.000000,0.000000,0.000000,0.000000,0.000000,0.000000,0.000000,0.000000,0.000000,0.000000,0.000000,0.000000,0.000000,0.000000,0.000000,0.000000,0.000000,0.000000,0.000000,0.000000,0.000000,0.000000,0.000000,0.000000,0.000000,0.000000,0.000000,0.000000,0.000000,0.000000,0.000000,0.000000,0.000000,0.000000,0.000000,0.000000,0.000000,0.000000,0.000000,0.000000,0.000000,0.000000,0.000000,0.000000,0.000000,0.000000,0.000000,0.000000,0.000000,0.000000,0.000000,0.000000,0.000000,0.000000,0.000000,0.000000,0.000000,0.000000,0.000000,0.000000,0.000000,0.000000,0.000000,0.000000,0.000000,0.000000,0.000000,0.000000,0.000000,0.000000,0.000000,0.000000,0.000000
0.000000,0.000000,0.000000,0.000000,0.000000,0.000000,0.000000,0.000000,0.000000,0.000000,0.000000,0.000000,0.000000,0.000000,0.000000,0.000000,0.000000,0.000000,0.000000,0.000000,0.000000,0.000000,0.000000,0.000000,0.000000,0.000000,0.000000,0.000000,0.000000,0.000000,0.000000,0.000000,0.000000,0.000000,0.000000,0.000000,0.000000,0.000000,0.000000,0.000000,0.000000,0.000000,0.000000,0.000000,0.000000,0.000000,0.000000,0.000000,0.000000,0.000000,0.000000,1000.000059,0.000000,0.000000,0.000000,0.000000,0.000000,0.000000,0.000000,0.000000,0.000000,0.000000,0.000000,0.000000,0.000000,0.000000,0.000000,0.000000,0.000000,0.000000,0.000000,0.000000,0.000000,0.000000,0.000000,0.000000,0.000000,0.000000,0.000000,0.000000,0.000000,0.000000,0.000000,0.000000,0.000000,0.000000,0.000000,0.000000,0.000000,0.000000,0.000000,0.000000,0.000000,0.000000,0.000000,0.000000,0.000000,0.000000,0.000000,0.000000,0.000000,0.000000,0.000000
0.000000,0.000000,0.000000,0.000000,0.000000,0.000000,0.000000,0.000000,0.000000,0.000000,0.000000,0.000000,0.000000,0.000000,0.000000,0.000000,0.000000,0.000000,0.000000,0.000000,0.000000,0.000000,0.000000,0.000000,0.000000,0.000000,0.000000,0.000000,0.000000,0.000000,0.000000,0.000000,0.000000,0.000000,0.000000,0.000000,0.000000,0.000000,0.000000,0.000000,0.000000,0.000000,1000.000107,1000.000125,1000.000134,1000.000139,1000.000141,1000.000142,1000.000142,1000.000141,1000.000141,1000.000145,1000.000141,1000.000141,1000.000142,1000.000142,1000.000141,1000.000139,1000.000134,1000.000125,1000.000107,0.000000,0.000000,0.000000,0.000000,0.000000,0.000000,0.000000,0.000000,0.000000,0.000000,0.000000,0.000000,0.000000,0.000000,0.000000,0.000000,0.000000,0.000000,0.000000,0.000000,0.000000,0.000000,0.000000,0.000000,0.000000,0.000000,0.000000,0.000000,0.000000,0.000000,0.000000,0.000000,0.000000,0.000000,0.000000,0.000000,0.000000,0.000000,0.000000,0.000000,0.000000,0.000000
0.000000,0.000000,0.000000,0.000000,0.000000,0.000000,0.000000,0.000000,0.000000,0.000000,0.000000,0.000000,0.000000,0.000000,0.000000,0.000000,0.000000,0.000000,0.000000,0.000000,0.000000,0.000000,0.000000,0.000000,0.000000,0.000000,0.000000,0.000000,0.000000,0.000000,0.000000,0.000000,0.000000,0.000000,0.000000,0.000000,0.000000,1000.000103,1000.000129,1000.000150,1000.000166,1000.000180,1000.000192,1000.000204,1000.000212,1000.000218,1000.000222,1000.000223,1000.000224,1000.000224,1000.000224,1000.000225,1000.000224,1000.000224,1000.000224,1000.000223,1000.000222,1000.000218,1000.000212,1000.000204,1000.000192,1000.000180,1000.000166,1000.000150,1000.000129,1000.000103,0.000000,0.000000,0.000000,0.000000,0.000000,0.000000,0.000000,0.000000,0.000000,0.000000,0.000000,0.000000,0.000000,0.000000,0.000000,0.000000,0.000000,0.000000,0.000000,0.000000,0.000000,0.000000,0.000000,0.000000,0.000000,0.000000,0.000000,0.000000,0.000000,0.000000,0.000000,0.000000,0.000000,0.000000,0.000000,0.000000,0.000000
0.000000,0.000000,0.000000,0.000000,0.000000,0.000000,0.000000,0.000000,0.000000,0.000000,0.000000,0.000000,0.000000,0.000000,0.000000,0.000000,0.000000,0.000000,0.000000,0.000000,0.000000,0.000000,0.000000,0.000000,0.000000,0.000000,0.000000,0.000000,0.000000,0.000000,0.000000,0.000000,0.000000,0.000000,1000.000108,1000.000137,1000.000162,1000.000186,1000.000207,1000.000226,1000.000244,1000.000259,1000.000273,1000.000284,1000.000292,1000.000297,1000.000301,1000.000302,1000.000303,1000.000304,1000.000304,1000.000304,1000.000304,1000.000304,1000.000303,1000.000302,1000.000301,1000.000297,1000.000292,1000.000284,1000.000273,1000.000259,1000.000244,1000.000226,1000.000207,1000.000186,1000.000162,1000.000137,1000.000108,0.000000,0.000000,0.000000,0.000000,0.000000,0.000000,0.000000,0.000000,0.000000,0.000000,0.000000,0.000000,0.000000,0.000000,0.000000,0.000000,0.000000,0.000000,0.000000,0.000000,0.000000,0.000000,0.000000,0.000000,0.000000,0.000000,0.000000,0.000000,0.000000,0.000000,0.000000,0.000000,0.000000,0.000000
0.000000,0.000000,0.000000,0.000000,0.000000,0.000000,0.000000,0.000000,0.000000,0.000000,0.000000,0.000000,0.000000,0.000000,0.000000,0.000000,0.000000,0.000000,0.000000,0.000000,0.000000,0.000000,0.000000,0.000000,0.000000,0.000000,0.000000,0.000000,0.000000,0.000000,0.000000,0.000000,1000.000123,1000.000156,1000.000188,1000.000215,1000.000239,1000.000263,1000.000284,1000.000303,1000.000321,1000.000337,1000.000353,1000.000364,1000.000372,1000.000376,1000.000378,1000.000379,1000.000380,1000.000380,1000.000381,1000.000380,1000.000381,1000.000380,1000.000380,1000.000379,1000.000378,1000.000376,1000.000372,1000.000364,1000.000353,1000.000337,1000.000321,1000.000303,1000.000284,1000.000263,1000.000239,1000.000215,1000.000188,1000.000156,1000.000123,0.000000,0.000000,0.000000,0.000000,0.000000,0.000000,0.000000,0.000000,0.000000,0.000000,0.000000,0.000000,0.000000,0.000000,0.000000,0.000000,0.000000,0.000000,0.000000,0.000000,0.000000,0.000000,0.000000,0.000000,0.000000,0.000000,0.000000,0.000000,0.000000,0.000000,0.000000,0.000000
0.000000,0.000000,0.000000,0.000000,0.000000,0.000000,0.000000,0.000000,0.000000,0.000000,0.000000,0.000000,0.000000,0.000000,0.000000,0.000000,0.000000,0.000000,0.000000,0.000000,0.000000,0.000000,0.000000,0.000000,0.000000,0.000000,0.000000,0.000000,0.000000,0.000000,1000.000129,1000.000166,1000.000202,1000.000232,1000.000262,1000.000289,1000.000315,1000.000339,1000.000361,1000.000379,1000.000394,1000.000409,1000.000422,1000.000430,1000.000434,1000.000437,1000.000438,1000.000438,1000.000438,1000.000438,1000.000438,1000.000438,1000.000438,1000.000438,1000.000438,1000.000438,1000.000438,1000.000437,1000.000434,1000.000430,1000.000422,1000.000409,1000.000394,1000.000379,1000.000361,1000.000339,1000.000315,1000.000289,1000.000262,1000.000232,1000.000202,1000.000166,1000.000129,0.000000,0.000000,0.000000,0.000000,0.000000,0.000000,0.000000,0.000000,0.000000,0.000000,0.000000,0.000000,0.000000,0.000000,0.000000,0.000000,0.000000,0.000000,0.000000,0.000000,0.000000,0.000000,0.000000,0.000000,0.000000,0.000000,0.000000,0.000000,0.000000,0.000000
0.000000,0.000000,0.000000,0.000000,0.000000,0.000000,0.000000,0.000000,0.000000,0.000000,0.000000,0.000000,0.000000,0.000000,0.000000,0.000000,0.000000,0.000000,0.000000,0.000000,0.000000,0.000000,0.000000,0.000000,0.000000,0.000000,0.000000,0.000000,1000.000128,1000.000168,1000.000207,1000.000240,1000.000274,1000.000306,1000.000337,1000.000365,1000.000389,1000.000410,1000.000427,1000.000439,1000.000446,1000.000451,1000.000453,1000.000452,1000.000451,1000.000450,1000.000449,1000.000449,1000.000448,1000.000448,1000.000448,1000.000448,1000.000448,1000.000448,1000.000448,1000.000449,1000.000449,1000.000450,1000.000451,1000.000452,1000.000453,1000.000451,1000.000446,1000.000439,1000.000427,1000.000410,1000.000389,1000.000365,1000.000337,1000.000306,1000.000274,1000.000240,1000.000207,1000.000168,1000.000128,0.000000,0.000000,0.000000,0.000000,0.000000,0.000000,0.000000,0.000000,0.000000,0.000000,0.000000,0.000000,0.000000,0.000000,0.000000,0.000000,0.000000,0.000000,0.000000,0.000000,0.000000,0.000000,0.000000,0.000000,0.000000,0.000000,0.000000,0.000000
0.000000,0.000000,0.000000,0.000000,0.000000,0.000000,0.000000,0.000000,0.000000,0.000000,0.000000,0.000000,0.000000,0.000000,0.000000,0.000000,0.000000,0.000000,0.000000,0.000000,0.000000,0.000000,0.000000,0.000000,0.000000,0.000000,1000.000122,1000.000165,1000.000206,1000.000241,1000.000277,1000.000312,1000.000347,1000.000379,1000.000407,1000.000429,1000.000444,1000.000453,1000.000457,1000.000455,1000.000452,1000.000446,1000.000436,1000.000427,1000.000421,1000.000417,1000.000415,1000.000413,1000.000412,1000.000411,1000.000411,1000.000411,1000.000411,1000.000411,1000.000412,1000.000413,1000.000415,1000.000417,1000.000421,1000.000427,1000.000436,1000.000446,1000.000452,1000.000455,1000.000457,1000.000453,1000.000444,1000.000429,1000.000407,1000.000379,1000.000347,1000.000312,1000.000277,1000.000241,1000.000206,1000.000165,1000.000122,0.000000,0.000000,0.000000,0.000000,0.000000,0.000000,0.000000,0.000000,0.000000,0.000000,0.000000,0.000000,0.000000,0.000000,0.000000,0.000000,0.000000,0.000000,0.000000,0.000000,0.000000,0.000000,0.000000,0.000000,0.000000,0.000000
0.000000,0.000000,0.000000,0.000000,0.000000,0.000000,0.000000,0.000000,0.000000,0.000000,0.000000,0.000000,0.000000,0.000000,0.000000,0.000000,0.000000,0.000000,0.000000,0.000000,0.000000,0.000000,0.000000,0.000000,1000.000105,1000.000152,1000.000197,1000.000236,1000.000275,1000.000312,1000.000349,1000.000383,1000.000412,1000.000436,1000.000451,1000.000457,1000.000456,1000.000449,1000.000439,1000.000428,1000.000417,1000.000406,1000.000394,1000.000383,1000.000375,1000.000370,1000.000367,1000.000364,1000.000363,1000.000361,1000.000361,1000.000360,1000.000361,1000.000361,1000.000363,1000.000364,1000.000367,1000.000370,1000.000375,1000.000383,1000.000394,1000.000406,1000.000417,1000.000428,1000.000439,1000.000449,1000.000456,1000.000457,1000.000451,1000.000436,1000.000412,1000.000383,1000.000349,1000.000312,1000.000275,1000.000236,1000.000197,1000.000152,1000.000105,0.000000,0.000000,0.000000,0.000000,0.000000,0.000000,0.000000,0.000000,0.000000,0.000000,0.000000,0.000000,0.000000,0.000000,0.000000,0.000000,0.000000,0.000000,0.000000,0.000000,0.000000,0.000000,0.000000,0.000000
0.000000,0.000000,0.000000,0.000000,0.000000,0.000000,0.000000,0.000000,0.000000,0.000000,0.000000,0.000000,0.000000,0.000000,0.000000,0.000000,0.000000,0.000000,0.000000,0.000000,0.000000,0.000000,0.000000,1000.000126,1000.000178,1000.000222,1000.000264,1000.000305,1000.000345,1000.000382,1000.000413,1000.000438,1000.000453,1000.000458,1000.000453,1000.000441,1000.000427,1000.000412,1000.000397,1000.000382,1000.000370,1000.000359,1000.000348,1000.000338,1000.000331,1000.000325,1000.000320,1000.000317,1000.000315,1000.000313,1000.000312,1000.000312,1000.000312,1000.000313,1000.000315,1000.000317,1000.000320,1000.000325,1000.000331,1000.000338,1000.000348,1000.000359,1000.000370,1000.000382,1000.000397,1000.000412,1000.000427,1000.000441,1000.000453,1000.000458,1000.000453,1000.000438,1000.000413,1000.000382,1000.000345,1000.000305,1000.000264,1000.000222,1000.000178,1000.000126,0.000000,0.000000,0.000000,0.000000,0.000000,0.000000,0.000000,0.000000,0.000000,0.000000,0.000000,0.000000,0.000000,0.000000,0.000000,0.000000,0.000000,0.000000,0.000000,0.000000,0.000000,0.000000,0.000000
0.000000,0.000000,0.000000,0.000000,0.000000,0.000000,0.000000,0.000000,0.000000,0.000000,0.000000,0.000000,0.000000,0.000000,0.000000,0.000000,0.000000,0.000000,0.000000,0.000000,0.000000,1000.000093,1000.000146,1000.000197,1000.000243,1000.000289,1000.000334,1000.000375,1000.000410,1000.000437,1000.000453,1000.000458,1000.000453,1000.000438,1000.000420,1000.000401,1000.000382,1000.000366,1000.000352,1000.000337,1000.000325,1000.000314,1000.000303,1000.000294,1000.000287,1000.000280,1000.000275,1000.000271,1000.000269,1000.000267,1000.000266,1000.000265,1000.000266,1000.000267,1000.000269,1000.000271,1000.000275,1000.000280,1000.000287,1000.000294,1000.000303,1000.000314,1000.000325,1000.000337,1000.000352,1000.000366,1000.000382,1000.000401,1000.000420,1000.000438,1000.000453,1000.000458,1000.000453,1000.000437,1000.000410,1000.000375,1000.000334,1000.000289,1000.000243,1000.000197,1000.000146,1000.000093,0.000000,0.000000,0.000000,0.000000,0.000000,0.000000,0.000000,0.000000,0.000000,0.000000,0.000000,0.000000,0.000000,0.000000,0.000000,0.000000,0.000000,0.000000,0.000000,0.000000,0.000000
0.000000,0.000000,0.000000,0.000000,0.000000,0.000000,0.000000,0.000000,0.000000,0.000000,0.000000,0.000000,0.000000,0.000000,0.000000,0.000000,0.000000,0.000000,0.000000,0.000000,1000.000109,1000.000165,1000.000213,1000.000260,1000.000308,1000.000355,1000.000398,1000.000431,1000.000451,1000.000458,1000.000453,1000.000438,1000.000419,1000.000397,1000.000376,1000.000356,1000.000339,1000.000323,1000.000308,1000.000294,1000.000282,1000.000270,1000.000260,1000.000251,1000.000243,1000.000236,1000.000231,1000.000227,1000.000224,1000.000222,1000.000221,1000.000220,1000.000221,1000.000222,1000.000224,1000.000227,1000.000231,1000.000236,1000.000243,1000.000251,1000.000260,1000.000270,1000.000282,1000.000294,1000.000308,1000.000323,1000.000339,1000.000356,1000.000376,1000.000397,1000.000419,1000.000438,1000.000453,1000.000458,1000.000451,1000.000431,1000.000398,1000.000355,1000.000308,1000.000260,1000.000213,1000.000165,1000.000109,0.000000,0.000000,0.000000,0.000000,0.000000,0.000000,0.000000,0.000000,0.000000,0.000000,0.000000,0.000000,0.000000,0.000000,0.000000,0.000000,0.000000,0.000000,0.000000,0.000000
0.000000,0.000000,0.000000,0.000000,0.000000,0.000000,0.000000,0.000000,0.000000,0.000000,0.000000,0.000000,0.000000,0.000000,0.000000,0.000000,0.000000,0.000000,0.000000,1000.000121,1000.000178,1000.000228,1000.000276,1000.000324,1000.000371,1000.000413,1000.000444,1000.000456,1000.000453,1000.000439,1000.000419,1000.000397,1000.000374,1000.000353,1000.000333,1000.000314,1000.000297,1000.000281,1000.000266,1000.000252,1000.000239,1000.000228,1000.000217,1000.000208,1000.000200,1000.000194,1000.000188,1000.000184,1000.000180,1000.000178,1000.000177,1000.000176,1000.000177,1000.000178,1000.000180,1000.000184,1000.000188,1000.000194,1000.000200,1000.000208,1000.000217,1000.000228,1000.000239,1000.000252,1000.000266,1000.000281,1000.000297,1000.000314,1000.000333,1000.000353,1000.000374,1000.000397,1000.000419,1000.000439,1000.000453,1000.000456,1000.000444,1000.000413,1000.000371,1000.000324,1000.000276,1000.000228,1000.000178,1000.000121,0.000000,0.000000,0.000000,0.000000,0.000000,0.000000,0.000000,0.000000,0.000000,0.000000,0.000000,0.000000,0.000000,0.000000,0.000000,0.000000,0.000000,0.000000,0.000000
0.000000,0.000000,0.000000,0.000000,0.000000,0.000000,0.000000,0.000000,0.000000,0.000000,0.000000,0.000000,0.000000,0.000000,0.000000,0.000000,0.000000,0.000000,1000.000129,1000.000188,1000.000240,1000.000290,1000.000340,1000.000385,1000.000424,1000.000451,1000.000457,1000.000444,1000.000424,1000.000400,1000.000376,1000.000353,1000.000332,1000.000311,1000.000292,1000.000273,1000.000255,1000.000239,1000.000224,1000.000210,1000.000198,1000.000186,1000.000176,1000.000167,1000.000159,1000.000152,1000.000146,1000.000142,1000.000138,1000.000136,1000.000134,1000.000134,1000.000134,1000.000136,1000.000138,1000.000142,1000.000146,1000.000152,1000.000159,1000.000167,1000.000176,1000.000186,1000.000198,1000.000210,1000.000224,1000.000239,1000.000255,1000.000273,1000.000292,1000.000311,1000.000332,1000.000353,1000.000376,1000.000400,1000.000424,1000.000444,1000.000457,1000.000451,1000.000424,1000.000385,1000.000340,1000.000290,1000.000240,1000.000188,1000.000129,0.000000,0.000000,0.000000,0.000000,0.000000,0.000000,0.000000,0.000000,0.000000,0.000000,0.000000,0.000000,0.000000,0.000000,0.000000,0.000000,0.000000,0.000000
0.000000,0.000000,0.000000,0.000000,0.000000,0.000000,0.000000,0.000000,0.000000,0.000000,0.000000,0.000000,0.000000,0.000000,0.000000,0.000000,0.000000,1000.000133,1000.000194,1000.000248,1000.000301,1000.000354,1000.000400,1000.000435,1000.000455,1000.000456,1000.000438,1000.000412,1000.000384,1000.000358,1000.000335,1000.000313,1000.000292,1000.000271,1000.000251,1000.000232,1000.000215,1000.000199,1000.000184,1000.000170,1000.000157,1000.000146,1000.000135,1000.000126,1000.000118,1000.000111,1000.000106,1000.000101,1000.000097,1000.000095,1000.000093,1000.000093,1000.000093,1000.000095,1000.000097,1000.000101,1000.000106,1000.000111,1000.000118,1000.000126,1000.000135,1000.000146,1000.000157,1000.000170,1000.000184,1000.000199,1000.000215,1000.000232,1000.000251,1000.000271,1000.000292,1000.000313,1000.000335,1000.000358,1000.000384,1000.000412,1000.000438,1000.000456,1000.000455,1000.000435,1000.000400,1000.000354,1000.000301,1000.000248,1000.000194,1000.000133,0.000000,0.000000,0.000000,0.000000,0.000000,0.000000,0.000000,0.000000,0.000000,0.000000,0.000000,0.000000,0.000000,0.000000,0.000000,0.000000,0.000000
0.000000,0.000000,0.000000,0.000000,0.000000,0.000000,0.000000,0.000000,0.000000,0.000000,0.000000,0.000000,0.000000,0.000000,0.000000,0.000000,1000.000134,1000.000197,1000.000252,1000.000306,1000.000361,1000.000409,1000.000444,1000.000457,1000.000451,1000.000431,1000.000403,1000.000373,1000.000344,1000.000320,1000.000296,1000.000274,1000.000252,1000.000231,1000.000211,1000.000193,1000.000176,1000.000160,1000.000144,1000.000131,1000.000118,1000.000106,1000.000096,1000.000087,1000.000079,1000.000072,1000.000066,1000.000061,1000.000057,1000.000055,1000.000053,1000.000053,1000.000053,1000.000055,1000.000057,1000.000061,1000.000066,1000.000072,1000.000079,1000.000087,1000.000096,1000.000106,1000.000118,1000.000131,1000.000144,1000.000160,1000.000176,1000.000193,1000.000211,1000.000231,1000.000252,1000.000274,1000.000296,1000.000320,1000.000344,1000.000373,1000.000403,1000.000431,1000.000451,1000.000457,1000.000444,1000.000409,1000.000361,1000.000306,1000.000252,1000.000197,1000.000134,0.000000,0.000000,0.000000,0.000000,0.000000,0.000000,0.000000,0.000000,0.000000,0.000000,0.000000,0.000000,0.000000,0.000000,0.000000,0.000000
0.000000,0.000000,0.000000,0.000000,0.000000,0.000000,0.000000,0.000000,0.000000,0.000000,0.000000,0.000000,0.000000,0.000000,0.000000,1000.000133,1000.000197,1000.000253,1000.000309,1000.000364,1000.000413,1000.000448,1000.000457,1000.000444,1000.000420,1000.000392,1000.000362,1000.000333,1000.000307,1000.000282,1000.000258,1000.000235,1000.000213,1000.000193,1000.000173,1000.000155,1000.000137,1000.000121,1000.000106,1000.000092,1000.000080,1000.000068,1000.000058,1000.000048,1000.000040,1000.000033,1000.000027,1000.000022,1000.000019,1000.000016,1000.000015,1000.000014,1000.000015,1000.000016,1000.000019,1000.000022,1000.000027,1000.000033,1000.000040,1000.000048,1000.000058,1000.000068,1000.000080,1000.000092,1000.000106,1000.000121,1000.000137,1000.000155,1000.000173,1000.000193,1000.000213,1000.000235,1000.000258,1000.000282,1000.000307,1000.000333,1000.000362,1000.000392,1000.000420,1000.000444,1000.000457,1000.000448,1000.000413,1000.000364,1000.000309,1000.000253,1000.000197,1000.000133,0.000000,0.000000,0.000000,0.000000,0.000000,0.000000,0.000000,0.000000,0.000000,0.000000,0.000000,0.000000,0.000000,0.000000,0.000000
0.000000,0.000000,0.000000,0.000000,0.000000,0.000000,0.000000,0.000000,0.000000,0.000000,0.000000,0.000000,0.000000,0.000000,1000.000129,1000.000194,1000.000252,1000.000309,1000.000366,1000.000415,1000.000449,1000.000457,1000.000441,1000.000413,1000.000382,1000.000352,1000.000324,1000.000297,1000.000271,1000.000245,1000.000220,1000.000198,1000.000176,1000.000155,1000.000136,1000.000117,1000.000100,1000.000084,1000.000069,1000.000055,1000.000042,1000.000031,1000.000020,1000.000011,1000.000003,999.999996,999.999990,999.999985,999.999981,999.999979,999.999977,999.999976,999.999977,999.999979,999.999981,999.999985,999.999990,999.999996,1000.000003,1000.000011,1000.000020,1000.000031,1000.000042,1000.000055,1000.000069,1000.000084,1000.000100,1000.000117,1000.000136,1000.000155,1000.000176,1000.000198,1000.000220,1000.000245,1000.000271,1000.000297,1000.000324,1000.000352,1000.000382,1000.000413,1000.000441,1000.000457,1000.000449,1000.000415,1000.000366,1000.000309,1000.000252,1000.000194,1000.000129,0.000000,0.000000,0.000000,0.000000,0.000000,0.000000,0.000000,0.000000,0.000000,0.000000,0.000000,0.000000,0.000000,0.000000
0.000000,0.000000,0.000000,0.000000,0.000000,0.000000,0.000000,0.000000,0.000000,0.000000,0.000000,0.000000,0.000000,1000.000121,1000.000188,1000.000248,1000.000306,1000.000364,1000.000415,1000.000450,1000.000457,1000.000439,1000.000410,1000.000376,1000.000344,1000.000316,1000.000288,1000.000261,1000.000234,1000.000209,1000.000185,1000.000162,1000.000140,1000.000119,1000.000100,1000.000081,1000.000064,1000.000048,1000.000033,1000.000019,1000.000006,999.999995,999.999984,999.999975,999.999967,999.999960,999.999954,999.999949,999.999945,999.999942,999.999941,999.999940,999.999941,999.999942,999.999945,999.999949,999.999954,999.999960,999.999967,999.999975,999.999984,999.999995,1000.000006,1000.000019,1000.000033,1000.000048,1000.000064,1000.000081,1000.000100,1000.000119,1000.000140,1000.000162,1000.000185,1000.000209,1000.000234,1000.000261,1000.000288,1000.000316,1000.000344,1000.000376,1000.000410,1000.000439,1000.000457,1000.000450,1000.000415,1000.000364,1000.000306,1000.000248,1000.000188,1000.000121,0.000000,0.000000,0.000000,0.000000,0.000000,0.000000,0.000000,0.000000,0.000000,0.000000,0.000000,0.000000,0.000000
0.000000,0.000000,0.000000,0.000000,0.000000,0.000000,0.000000,0.000000,0.000000,0.000000,0.000000,0.000000,1000.000109,1000.000178,1000.000240,1000.000301,1000.000361,1000.000413,1000.000449,1000.000457,1000.000439,1000.000408,1000.000374,1000.000340,1000.000310,1000.000281,1000.000253,1000.000225,1000.000199,1000.000174,1000.000150,1000.000127,1000.000105,1000.000084,1000.000065,1000.000046,1000.000029,1000.000013,999.999998,999.999984,999.999971,999.999960,999.999949,999.999940,999.999932,999.999924,999.999918,999.999914,999.999910,999.999907,999.999905,999.999905,999.999905,999.999907,999.999910,999.999914,999.999918,999.999924,999.999932,999.999940,999.999949,999.999960,999.999971,999.999984,999.999998,1000.000013,1000.000029,1000.000046,1000.000065,1000.000084,1000.000105,1000.000127,1000.000150,1000.000174,1000.000199,1000.000225,1000.000253,1000.000281,1000.000310,1000.000340,1000.000374,1000.000408,1000.000439,1000.000457,1000.000449,1000.000413,1000.000361,1000.000301,1000.000240,1000.000178,1000.000109,0.000000,0.000000,0.000000,0.000000,0.000000,0.000000,0.000000,0.000000,0.000000,0.000000,0.000000,0.000000
0.000000,0.000000,0.000000,0.000000,0.000000,0.000000,0.000000,0.000000,0.000000,0.000000,0.000000,1000.000093,1000.000165,1000.000228,1000.000290,1000.000354,1000.000409,1000.000448,1000.000457,1000.000439,1000.000408,1000.000373,1000.000338,1000.000307,1000.000277,1000.000247,1000.000218,1000.000191,1000.000165,1000.000140,1000.000116,1000.000093,1000.000071,1000.000050,1000.000031,1000.000012,999.999995,999.999979,999.999964,999.999950,999.999937,999.999926,999.999915,999.999906,999.999898,999.999890,999.999884,999.999879,999.999876,999.999873,999.999871,999.999871,999.999871,999.999873,999.999876,999.999879,999.999884,999.999890,999.999898,999.999906,999.999915,999.999926,999.999937,999.999950,999.999964,999.999979,999.999995,1000.000012,1000.000031,1000.000050,1000.000071,1000.000093,1000.000116,1000.000140,1000.000165,1000.000191,1000.000218,1000.000247,1000.000277,1000.000307,1000.000338,1000.000373,1000.000408,1000.000439,1000.000457,1000.000448,1000.000409,1000.000354,1000.000290,1000.000228,1000.000165,1000.000093,0.000000,0.000000,0.000000,0.000000,0.000000,0.000000,0.000000,0.000000,0.000000,0.000000,0.000000
0.000000,0.000000,0.000000,0.000000,0.000000,0.000000,0.000000,0.000000,0.000000,0.000000,0.000000,1000.000146,1000.000213,1000.000276,1000.000340,1000.000400,1000.000444,1000.000457,1000.000441,1000.000410,1000.000374,1000.000338,1000.000306,1000.000275,1000.000244,1000.000214,1000.000186,1000.000158,1000.000132,1000.000107,1000.000083,1000.000060,1000.000038,1000.000018,999.999998,999.999980,999.999962,999.999946,999.999931,999.999917,999.999905,999.999893,999.999882,999.999873,999.999865,999.999858,999.999851,999.999847,999.999843,999.999840,999.999838,999.999838,999.999838,999.999840,999.999843,999.999847,999.999851,999.999858,999.999865,999.999873,999.999882,999.999893,999.999905,999.999917,999.999931,999.999946,999.999962,999.999980,999.999998,1000.000018,1000.000038,1000.000060,1000.000083,1000.000107,1000.000132,1000.000158,1000.000186,1000.000214,1000.000244,1000.000275,1000.000306,1000.000338,1000.000374,1000.000410,1000.000441,1000.000457,1000.000444,1000.000400,1000.000340,1000.000276,1000.000213,1000.000146,0.000000,0.000000,0.000000,0.000000,0.000000,0.000000,0.000000,0.000000,0.000000,0.000000,0.000000
0.000000,0.000000,0.000000,0.000000,0.000000,0.000000,0.000000,0.000000,0.000000,0.000000,1000.000126,1000.000197,1000.000260,1000.000324,1000.000385,1000.000435,1000.000457,1000.000444,1000.000413,1000.000376,1000.000340,1000.000307,1000.000275,1000.000243,1000.000212,1000.000182,1000.000154,1000.000126,1000.000100,1000.000075,1000.000051,1000.000028,1000.000006,999.999986,999.999966,999.999948,999.999931,999.999915,999.999899,999.999886,999.999873,999.999861,999.999851,999.999841,999.999833,999.999826,999.999820,999.999815,999.999811,999.999808,999.999806,999.999806,999.999806,999.999808,999.999811,999.999815,999.999820,999.999826,999.999833,999.999841,999.999851,999.999861,999.999873,999.999886,999.999899,999.999915,999.999931,999.999948,999.999966,999.999986,1000.000006,1000.000028,1000.000051,1000.000075,1000.000100,1000.000126,1000.000154,1000.000182,1000.000212,1000.000243,1000.000275,1000.000307,1000.000340,1000.000376,1000.000413,1000.000444,1000.000457,1000.000435,1000.000385,1000.000324,1000.000260,1000.000197,1000.000126,0.000000,0.000000,0.000000,0.000000,0.000000,0.000000,0.000000,0.000000,0.000000,0.000000
0.000000,0.000000,0.000000,0.000000,0.000000,0.000000,0.000000,0.000000,0.000000,1000.000105,1000.000178,1000.000243,1000.000308,1000.000371,1000.000424,1000.000455,1000.000451,1000.000420,1000.000382,1000.000344,1000.000310,1000.000277,1000.000244,1000.000212,1000.000181,1000.000152,1000.000123,1000.000096,1000.000070,1000.000045,1000.000020,999.999998,999.999976,999.999955,999.999936,999.999917,999.999900,999.999884,999.999869,999.999855,999.999842,999.999831,999.999820,999.999811,999.999802,999.999795,999.999789,999.999784,999.999780,999.999777,999.999776,999.999775,999.999776,999.999777,999.999780,999.999784,999.999789,999.999795,999.999802,999.999811,999.999820,999.999831,999.999842,999.999855,999.999869,999.999884,999.999900,999.999917,999.999936,999.999955,999.999976,999.999998,1000.000020,1000.000045,1000.000070,1000.000096,1000.000123,1000.000152,1000.000181,1000.000212,1000.000244,1000.000277,1000.000310,1000.000344,1000.000382,1000.000420,1000.000451,1000.000455,1000.000424,1000.000371,1000.000308,1000.000243,1000.000178,1000.000105,0.000000,0.000000,0.000000,0.000000,0.000000,0.000000,0.000000,0.000000,0.000000
0.000000,0.000000,0.000000,0.000000,0.000000,0.000000,0.000000,0.000000,0.000000,1000.000152,1000.000222,1000.000289,1000.000355,1000.000413,1000.000451,1000.000456,1000.000431,1000.000392,1000.000352,1000.000316,1000.000281,1000.000247,1000.000214,1000.000182,1000.000152,1000.000122,1000.000094,1000.000066,1000.000040,1000.000015,999.999991,999.999968,999.999946,999.999926,999.999906,999.999888,999.999871,999.999854,999.999839,999.999825,999.999813,999.999801,999.999791,999.999781,999.999773,999.999766,999.999759,999.999754,999.999751,999.999748,999.999746,999.999746,999.999746,999.999748,999.999751,999.999754,999.999759,999.999766,999.999773,999.999781,999.999791,999.999801,999.999813,999.999825,999.999839,999.999854,999.999871,999.999888,999.999906,999.999926,999.999946,999.999968,999.999991,1000.000015,1000.000040,1000.000066,1000.000094,1000.000122,1000.000152,1000.000182,1000.000214,1000.000247,1000.000281,1000.000316,1000.000352,1000.000392,1000.000431,1000.000456,1000.000451,1000.000413,1000.000355,1000.000289,1000.000222,1000.000152,0.000000,0.000000,0.000000,0.000000,0.000000,0.000000,0.000000,0.000000,0.000000
0.000000,0.000000,0.000000,0.000000,0.000000,0.000000,0.000000,0.000000,1000.000122,1000.000197,1000.000264,1000.000334,1000.000398,1000.000444,1000.000457,1000.000438,1000.000403,1000.000362,1000.000324,1000.000288,1000.000253,1000.000218,1000.000186,1000.000154,1000.000123,1000.000094,1000.000065,1000.000038,1000.000012,999.999987,999.999963,999.999940,999.999918,999.999897,999.999878,999.999859,999.999842,999.999826,999.999811,999.999797,999.999784,999.999773,999.999762,999.999753,999.999744,999.999737,999.999731,999.999726,999.999722,999.999719,999.999718,999.999717,999.999718,999.999719,999.999722,999.999726,999.999731,999.999737,999.999744,999.999753,999.999762,999.999773,999.999784,999.999797,999.999811,999.999826,999.999842,999.999859,999.999878,999.999897,999.999918,999.999940,999.999963,999.999987,1000.000012,1000.000038,1000.000065,1000.000094,1000.000123,1000.000154,1000.000186,1000.000218,1000.000253,1000.000288,1000.000324,1000.000362,1000.000403,1000.000438,1000.000457,1000.000444,1000.000398,1000.000334,1000.000264,1000.000197,1000.000122,0.000000,0.000000,0.000000,0.000000,0.000000,0.000000,0.000000,0.000000
0.000000,0.000000,0.000000,0.000000,0.000000,0.000000,0.000000,0.000000,1000.000165,1000.000236,1000.000305,1000.000375,1000.000431,1000.000456,1000.000444,1000.000412,1000.000373,1000.000333,1000.000297,1000.000261,1000.000225,1000.000191,1000.000158,1000.000126,1000.000096,1000.000066,1000.000038,1000.000010,999.999984,999.999959,999.999935,999.999912,999.999891,999.999870,999.999851,999.999832,999.999815,999.999799,999.999784,999.999770,999.999757,999.999745,999.999735,999.999725,999.999717,999.999710,999.999704,999.999699,999.999695,999.999692,999.999690,999.999690,999.999690,999.999692,999.999695,999.999699,999.999704,999.999710,999.999717,999.999725,999.999735,999.999745,999.999757,999.999770,999.999784,999.999799,999.999815,999.999832,999.999851,999.999870,999.999891,999.999912,999.999935,999.999959,999.999984,1000.000010,1000.000038,1000.000066,1000.000096,1000.000126,1000.000158,1000.000191,1000.000225,1000.000261,1000.000297,1000.000333,1000.000373,1000.000412,1000.000444,1000.000456,1000.000431,1000.000375,1000.000305,1000.000236,1000.000165,0.000000,0.000000,0.000000,0.000000,0.000000,0.000000,0.000000,0.000000
0.000000,0.000000,0.000000,0.000000,0.000000,0.000000,0.000000,1000.000128,1000.000206,1000.000275,1000.000345,1000.000410,1000.000451,1000.000453,1000.000424,1000.000384,1000.000344,1000.000307,1000.000271,1000.000234,1000.000199,1000.000165,1000.000132,1000.000100,1000.000070,1000.000040,1000.000012,999.999984,999.999958,999.999933,999.999909,999.999886,999.999865,999.999844,999.999824,999.999806,999.999789,999.999773,999.999758,999.999744,999.999731,999.999719,999.999709,999.999699,999.999691,999.999684,999.999678,999.999673,999.999669,999.999666,999.999664,999.999664,999.999664,999.999666,999.999669,999.999673,999.999678,999.999684,999.999691,999.999699,999.999709,999.999719,999.999731,999.999744,999.999758,999.999773,999.999789,999.999806,999.999824,999.999844,999.999865,999.999886,999.999909,999.999933,999.999958,999.999984,1000.000012,1000.000040,1000.000070,1000.000100,1000.000132,1000.000165,1000.000199,1000.000234,1000.000271,1000.000307,1000.000344,1000.000384,1000.000424,1000.000453,1000.000451,1000.000410,1000.000345,1000.000275,1000.000206,1000.000128,0.000000,0.000000,0.000000,0.000000,0.000000,0.000000,0.000000
0.000000,0.000000,0.000000,0.000000,0.000000,0.000000,0.000000,1000.000168,1000.000241,1000.000312,1000.000382,1000.000437,1000.000458,1000.000439,1000.000400,1000.000358,1000.000320,1000.000282,1000.000245,1000.000209,1000.000174,1000.000140,1000.000107,1000.000075,1000.000045,1000.000015,999.999987,999.999959,999.999933,999.999908,999.999884,999.999861,999.999839,999.999819,999.999799,999.999781,999.999764,999.999748,999.999733,999.999719,999.999706,999.999694,999.999684,999.999674,999.999666,999.999659,999.999652,999.999647,999.999644,999.999641,999.999639,999.999639,999.999639,999.999641,999.999644,999.999647,999.999652,999.999659,999.999666,999.999674,999.999684,999.999694,999.999706,999.999719,999.999733,999.999748,999.999764,999.999781,999.999799,999.999819,999.999839,999.999861,999.999884,999.999908,999.999933,999.999959,999.999987,1000.000015,1000.000045,1000.000075,1000.000107,1000.000140,1000.000174,1000.000209,1000.000245,1000.000282,1000.000320,1000.000358,1000.000400,1000.000439,1000.000458,1000.000437,1000.000382,1000.000312,1000.000241,1000.000168,0.000000,0.000000,0.000000,0.000000,0.000000,0.000000,0.000000
0.000000,0.000000,0.000000,0.000000,0.000000,0.000000,1000.000129,1000.000207,1000.000277,1000.000349,1000.000413,1000.000453,1000.000453,1000.000419,1000.000376,1000.000335,1000.000296,1000.000258,1000.000220,1000.000185,1000.000150,1000.000116,1000.000083,1000.000051,1000.000020,999.999991,999.999963,999.999935,999.999909,999.999884,999.999860,999.999837,999.999815,999.999795,999.999775,999.999757,999.999740,999.999724,999.999709,999.999695,999.999682,999.999670,999.999660,999.999650,999.999642,999.999635,999.999628,999.999623,999.999620,999.999617,999.999615,999.999615,999.999615,999.999617,999.999620,999.999623,999.999628,999.999635,999.999642,999.999650,999.999660,999.999670,999.999682,999.999695,999.999709,999.999724,999.999740,999.999757,999.999775,999.999795,999.999815,999.999837,999.999860,999.999884,999.999909,999.999935,999.999963,999.999991,1000.000020,1000.000051,1000.000083,1000.000116,1000.000150,1000.000185,1000.000220,1000.000258,1000.000296,1000.000335,1000.000376,1000.000419,1000.000453,1000.000453,1000.000413,1000.000349,1000.000277,1000.000207,1000.000129,0.000000,0.000000,0.000000,0.000000,0.000000,0.000000
0.000000,0.000000,0.000000,0.000000,0.000000,0.000000,1000.000166,1000.000240,1000.000312,1000.000383,1000.000438,1000.000458,1000.000438,1000.000397,1000.000353,1000.000313,1000.000274,1000.000235,1000.000198,1000.000162,1000.000127,1000.000093,1000.000060,1000.000028,999.999998,999.999968,999.999940,999.999912,999.999886,999.999861,999.999837,999.999814,999.999793,999.999772,999.999753,999.999734,999.999717,999.999701,999.999686,999.999672,999.999659,999.999647,999.999637,999.999627,999.999619,999.999612,999.999606,999.999601,999.999597,999.999594,999.999592,999.999592,999.999592,999.999594,999.999597,999.999601,999.999606,999.999612,999.999619,999.999627,999.999637,999.999647,999.999659,999.999672,999.999686,999.999701,999.999717,999.999734,999.999753,999.999772,999.999793,999.999814,999.999837,999.999861,999.999886,999.999912,999.999940,999.999968,999.999998,1000.000028,1000.000060,1000.000093,1000.000127,1000.000162,1000.000198,1000.000235,1000.000274,1000.000313,1000.000353,1000.000397,1000.000438,1000.000458,1000.000438,1000.000383,1000.000312,1000.000240,1000.000166,0.000000,0.000000,0.000000,0.000000,0.000000,0.000000
0.000000,0.000000,0.000000,0.000000,0.000000,1000.000123,1000.000202,1000.000274,1000.000347,1000.000412,1000.000453,1000.000453,1000.000419,1000.000374,1000.000332,1000.000292,1000.000252,1000.000213,1000.000176,1000.000140,1000.000105,1000.000071,1000.000038,1000.000006,999.999976,999.999946,999.999918,999.999891,999.999865,999.999839,999.999815,999.999793,999.999771,999.999750,999.999731,999.999712,999.999695,999.999679,999.999664,999.999650,999.999637,999.999626,999.999615,999.999606,999.999597,999.999590,999.999584,999.999579,999.999575,999.999572,999.999571,999.999570,999.999571,999.999572,999.999575,999.999579,999.999584,999.999590,999.999597,999.999606,999.999615,999.999626,999.999637,999.999650,999.999664,999.999679,999.999695,999.999712,999.999731,999.999750,999.999771,999.999793,999.999815,999.999839,999.999865,999.999891,999.999918,999.999946,999.999976,1000.000006,1000.000038,1000.000071,1000.000105,1000.000140,1000.000176,1000.000213,1000.000252,1000.000292,1000.000332,1000.000374,1000.000419,1000.000453,1000.000453,1000.000412,1000.000347,1000.000274,1000.000202,1000.000123,0.000000,0.000000,0.000000,0.000000,0.000000
0.000000,0.000000,0.000000,0.000000,0.000000,1000.000156,1000.000232,1000.000306,1000.000379,1000.000436,1000.000458,1000.000438,1000.000397,1000.000353,1000.000311,1000.000271,1000.000231,1000.000193,1000.000155,1000.000119,1000.000084,1000.000050,1000.000018,999.999986,999.999955,999.999926,999.999897,999.999870,999.999844,999.999819,999.999795,999.999772,999.999750,999.999730,999.999710,999.999692,999.999675,999.999658,999.999643,999.999629,999.999617,999.999605,999.999594,999.999585,999.999577,999.999569,999.999563,999.999558,999.999554,999.999552,999.999550,999.999549,999.999550,999.999552,999.999554,999.999558,999.999563,999.999569,999.999577,999.999585,999.999594,999.999605,999.999617,999.999629,999.999643,999.999658,999.999675,999.999692,999.999710,999.999730,999.999750,999.999772,999.999795,999.999819,999.999844,999.999870,999.999897,999.999926,999.999955,999.999986,1000.000018,1000.000050,1000.000084,1000.000119,1000.000155,1000.000193,1000.000231,1000.000271,1000.000311,1000.000353,1000.000397,1000.000438,1000.000458,1000.000436,1000.000379,1000.000306,1000.000232,1000.000156,0.000000,0.000000,0.000000,0.000000,0.000000
0.000000,0.000000,0.000000,0.000000,1000.000108,1000.000188,1000.000262,1000.000337,1000.000407,1000.000451,1000.000453,1000.000420,1000.000376,1000.000333,1000.000292,1000.000251,1000.000211,1000.000173,1000.000136,1000.000100,1000.000065,1000.000031,999.999998,999.999966,999.999936,999.999906,999.999878,999.999851,999.999824,999.999799,999.999775,999.999753,999.999731,999.999710,999.999691,999.999672,999.999655,999.999639,999.999624,999.999610,999.999597,999.999586,999.999575,999.999565,999.999557,999.999550,999.999544,999.999539,999.999535,999.999532,999.999530,999.999530,999.999530,999.999532,999.999535,999.999539,999.999544,999.999550,999.999557,999.999565,999.999575,999.999586,999.999597,999.999610,999.999624,999.999639,999.999655,999.999672,999.999691,999.999710,999.999731,999.999753,999.999775,999.999799,999.999824,999.999851,999.999878,999.999906,999.999936,999.999966,999.999998,1000.000031,1000.000065,1000.000100,1000.000136,1000.000173,1000.000211,1000.000251,1000.000292,1000.000333,1000.000376,1000.000420,1000.000453,1000.000451,1000.000407,1000.000337,1000.000262,1000.000188,1000.000108,0.000000,0.000000,0.000000,0.000000
0.000000,0.000000,0.000000,0.000000,1000.000137,1000.000215,1000.000289,1000.000365,1000.000429,1000.000457,1000.000441,1000.000401,1000.000356,1000.000314,1000.000273,1000.000232,1000.000193,1000.000155,1000.000117,1000.000081,1000.000046,1000.000012,999.999980,999.999948,999.999917,999.999888,999.999859,999.999832,999.999806,999.999781,999.999757,999.999734,999.999712,999.999692,999.999672,999.999654,999.999637,999.999621,999.999606,999.999592,999.999579,999.999567,999.999557,999.999547,999.999539,999.999532,999.999525,999.999520,999.999516,999.999514,999.999512,999.999511,999.999512,999.999514,999.999516,999.999520,999.999525,999.999532,999.999539,999.999547,999.999557,999.999567,999.999579,999.999592,999.999606,999.999621,999.999637,999.999654,999.999672,999.999692,999.999712,999.999734,999.999757,999.999781,999.999806,999.999832,999.999859,999.999888,999.999917,999.999948,999.999980,1000.000012,1000.000046,1000.000081,1000.000117,1000.000155,1000.000193,1000.000232,1000.000273,1000.000314,1000.000356,1000.000401,1000.000441,1000.000457,1000.000429,1000.000365,1000.000289,1000.000215,1000.000137,0.000000,0.000000,0.000000,0.000000
