0.000000,0.000000,0.000000,0.000000,0.000000,0.000000,0.000000,0.000000,0.000000,0.000000,0.000000,0.000000,0.000000,0.000000,0.000000,0.000000,0.000000,0.000000,0.000000,0.000000,0.000000,0.000000,0.000000,0.000000,0.000000,0.000000,0.000000,0.000000,0.000000,0.000000,0.000000,0.000000,0.000000,0.000000,0.000000,0.000000,0.000000,0.000000,0.000000,0.000000,0.000000,0.000000,0.000000,0.000000,0.000000,0.000000,0.000000,0.000000,0.000000,0.000000,0.000000,0.000000,0.000000,0.000000,0.000000,0.000000,0.000000,0.000000,0.000000,0.000000,0.000000,0.000000,0.000000,0.000000,0.000000,0.000000,0.000000,0.000000,0.000000,0.000000,0.000000,0.000000,0.000000,0.000000,0.000000,0.000000,0.000000,0.000000,0.000000,0.000000,0.000000,0.000000,0.000000,0.000000,0.000000,0.000000,0.000000,0.000000,0.000000,0.000000,0.000000,0.000000,0.000000,0.000000,0.000000,0.000000,0.000000,0.000000,0.000000,0.000000,0.000000,0.000000,0.000000
0.000000,0.000000,0.000000,0.000000,0.000000,0.000000,0.000000,0.000000,0.000000,0.000000,0.000000,0.000000,0.000000,0.000000,0.000000,0.000000,0.000000,0.000000,0.000000,0.000000,0.000000,0.000000,0.000000,0.000000,0.000000,0.000000,0.000000,0.000000,0.000000,0.000000,0.000000,0.000000,0.000000,0.000000,0.000000,0.000000,0.000000,0.000000,0.000000,0.000000,0.000000,0.000000,0.000000,0.000000,0.000000,0.000000,0.000000,0.000000,0.000000,0.000000,0.000000,1000.000049,0.000000,0.000000,0.000000,0.000000,0.000000,0.000000,0.000000,0.000000,0.000000,0.000000,0.000000,0.000000,0.000000,0.000000,0.000000,0.000000,0.000000,0.000000,0.000000,0.000000,0.000000,0.000000,0.000000,0.000000,0.000000,0.000000,0.000000,0.000000,0.000000,0.000000,0.000000,0.000000,0.000000,0.000000,0.000000,0.000000,0.000000,0.000000,0.000000,0.000000,0.000000,0.000000,0.000000,0.000000,0.000000,0.000000,0.000000,0.000000,0.000000,0.000000,0.000000
0.000000,0.000000,0.000000,0.000000,0.000000,0.000000,0.000000,0.000000,0.000000,0.000000,0.000000,0.000000,0.000000,0.000000,0.000000,0.000000,0.000000,0.000000,0.000000,0.000000,0.000000,0.000000,0.000000,0.000000,0.000000,0.000000,0.000000,0.000000,0.000000,0.000000,0.000000,0.000000,0.000000,0.000000,0.000000,0.000000,0.000000,0.000000,0.000000,0.000000,0.000000,0.000000,1000.000089,1000.000104,1000.000111,1000.000115,1000.000117,1000.000118,1000.000118,1000.000117,1000.000117,1000.000120,1000.000117,1000.000117,1000.000118,1000.000118,1000.000117,1000.000115,1000.000111,1000.000104,1000.000089,0.000000,0.000000,0.000000,0.000000,0.000000,0.000000,0.000000,0.000000,0.000000,0.000000,0.000000,0.000000,0.000000,0.000000,0.000000,0.000000,0.000000,0.000000,0.000000,0.000000,0.000000,0.000000,0.000000,0.000000,0.000000,0.000000,0.000000,0.000000,0.000000,0.000000,0.000000,0.000000,0.000000,0.000000,0.000000,0.000000,0.000000,0.000000,0.000000,0.000000,0.000000,0.000000
0.000000,0.000000,0.000000,0.000000,0.000000,0.000000,0.000000,0.000000,0.000000,0.000000,0.000000,0.000000,0.000000,0.000000,0.000000,0.000000,0.000000,0.000000,0.000000,0.000000,0.000000,0.000000,0.000000,0.000000,0.000000,0.000000,0.000000,0.000000,0.000000,0.000000,0.000000,0.000000,0.000000,0.000000,0.000000,0.000000,0.000000,1000.000086,1000.000107,1000.000124,1000.000138,1000.000149,1000.000160,1000.000169,1000.000176,1000.000181,1000.000184,1000.000185,1000.000186,1000.000186,1000.000186,1000.000187,1000.000186,1000.000186,1000.000186,1000.000185,1000.000184,1000.000181,1000.000176,1000.000169,1000.000160,1000.000149,1000.000138,1000.000124,1000.000107,1000.000086,0.000000,0.000000,0.000000,0.000000,0.000000,0.000000,0.000000,0.000000,0.000000,0.000000,0.000000,0.000000,0.000000,0.000000,0.000000,0.000000,0.000000,0.000000,0.000000,0.000000,0.000000,0.000000,0.000000,0.000000,0.000000,0.000000,0.000000,0.000000,0.000000,0.000000,0.000000,0.000000,0.000000,0.000000,0.000000,0.000000,0.000000
0.000000,0.000000,0.000000,0.000000,0.000000,0.000000,0.000000,0.000000,0.000000,0.000000,0.000000,0.000000,0.000000,0.000000,0.000000,0.000000,0.000000,0.000000,0.000000,0.000000,0.000000,0.000000,0.000000,0.000000,0.000000,0.000000,0.000000,0.000000,0.000000,0.000000,0.000000,0.000000,0.000000,0.000000,1000.000089,1000.000114,1000.000134,1000.000155,1000.000172,1000.000188,1000.000203,1000.000215,1000.000227,1000.000236,1000.000243,1000.000247,1000.000250,1000.000251,1000.000252,1000.000252,1000.000252,1000.000252,1000.000252,1000.000252,1000.000252,1000.000251,1000.000250,1000.000247,1000.000243,1000.000236,1000.000227,1000.000215,1000.000203,1000.000188,1000.000172,1000.000155,1000.000134,1000.000114,1000.000089,0.000000,0.000000,0.000000,0.000000,0.000000,0.000000,0.000000,0.000000,0.000000,0.000000,0.000000,0.000000,0.000000,0.000000,0.000000,0.000000,0.000000,0.000000,0.000000,0.000000,0.000000,0.000000,0.000000,0.000000,0.000000,0.000000,0.000000,0.000000,0.000000,0.000000,0.000000,0.000000,0.000000,0.000000
0.000000,0.000000,0.000000,0.000000,0.000000,0.000000,0.000000,0.000000,0.000000,0.000000,0.000000,0.000000,0.000000,0.000000,0.000000,0.000000,0.000000,0.000000,0.000000,0.000000,0.000000,0.000000,0.000000,0.000000,0.000000,0.000000,0.000000,0.000000,0.000000,0.000000,0.000000,0.000000,1000.000102,1000.000130,1000.000156,1000.000178,1000.000198,1000.000218,1000.000236,1000.000252,1000.000266,1000.000280,1000.000293,1000.000303,1000.000309,1000.000312,1000.000314,1000.000316,1000.000316,1000.000316,1000.000316,1000.000316,1000.000316,1000.000316,1000.000316,1000.000316,1000.000314,1000.000312,1000.000309,1000.000303,1000.000293,1000.000280,1000.000266,1000.000252,1000.000236,1000.000218,1000.000198,1000.000178,1000.000156,1000.000130,1000.000102,0.000000,0.000000,0.000000,0.000000,0.000000,0.000000,0.000000,0.000000,0.000000,0.000000,0.000000,0.000000,0.000000,0.000000,0.000000,0.000000,0.000000,0.000000,0.000000,0.000000,0.000000,0.000000,0.000000,0.000000,0.000000,0.000000,0.000000,0.000000,0.000000,0.000000,0.000000,0.000000
0.000000,0.000000,0.000000,0.000000,0.000000,0.000000,0.000000,0.000000,0.000000,0.000000,0.000000,0.000000,0.000000,0.000000,0.000000,0.000000,0.000000,0.000000,0.000000,0.000000,0.000000,0.000000,0.000000,0.000000,0.000000,0.000000,0.000000,0.000000,0.000000,0.000000,1000.000107,1000.000138,1000.000168,1000.000193,1000.000217,1000.000240,1000.000262,1000.000282,1000.000300,1000.000315,1000.000328,1000.000340,1000.000351,1000.000358,1000.000362,1000.000364,1000.000365,1000.000365,1000.000365,1000.000365,1000.000365,1000.000365,1000.000365,1000.000365,1000.000365,1000.000365,1000.000365,1000.000364,1000.000362,1000.000358,1000.000351,1000.000340,1000.000328,1000.000315,1000.000300,1000.000282,1000.000262,1000.000240,1000.000217,1000.000193,1000.000168,1000.000138,1000.000107,0.000000,0.000000,0.000000,0.000000,0.000000,0.000000,0.000000,0.000000,0.000000,0.000000,0.000000,0.000000,0.000000,0.000000,0.000000,0.000000,0.000000,0.000000,0.000000,0.000000,0.000000,0.000000,0.000000,0.000000,0.000000,0.000000,0.000000,0.000000,0.000000,0.000000
0.000000,0.000000,0.000000,0.000000,0.000000,0.000000,0.000000,0.000000,0.000000,0.000000,0.000000,0.000000,0.000000,0.000000,0.000000,0.000000,0.000000,0.000000,0.000000,0.000000,0.000000,0.000000,0.000000,0.000000,0.000000,0.000000,0.000000,0.000000,1000.000107,1000.000140,1000.000172,1000.000200,1000.000227,1000.000254,1000.000280,1000.000303,1000.000323,1000.000341,1000.000356,1000.000365,1000.000372,1000.000376,1000.000377,1000.000376,1000.000375,1000.000375,1000.000374,1000.000374,1000.000373,1000.000373,1000.000373,1000.000373,1000.000373,1000.000373,1000.000373,1000.000374,1000.000374,1000.000375,1000.000375,1000.000376,1000.000377,1000.000376,1000.000372,1000.000365,1000.000356,1000.000341,1000.000323,1000.000303,1000.000280,1000.000254,1000.000227,1000.000200,1000.000172,1000.000140,1000.000107,0.000000,0.000000,0.000000,0.000000,0.000000,0.000000,0.000000,0.000000,0.000000,0.000000,0.000000,0.000000,0.000000,0.000000,0.000000,0.000000,0.000000,0.000000,0.000000,0.000000,0.000000,0.000000,0.000000,0.000000,0.000000,0.000000,0.000000,0.000000
0.000000,0.000000,0.000000,0.000000,0.000000,0.000000,0.000000,0.000000,0.000000,0.000000,0.000000,0.000000,0.000000,0.000000,0.000000,0.000000,0.000000,0.000000,0.000000,0.000000,0.000000,0.000000,0.000000,0.000000,0.000000,0.000000,1000.000101,1000.000137,1000.000171,1000.000201,1000.000230,1000.000259,1000.000288,1000.000315,1000.000338,1000.000357,1000.000370,1000.000377,1000.000381,1000.000379,1000.000377,1000.000371,1000.000363,1000.000355,1000.000350,1000.000347,1000.000345,1000.000344,1000.000343,1000.000342,1000.000342,1000.000341,1000.000342,1000.000342,1000.000343,1000.000344,1000.000345,1000.000347,1000.000350,1000.000355,1000.000363,1000.000371,1000.000377,1000.000379,1000.000381,1000.000377,1000.000370,1000.000357,1000.000338,1000.000315,1000.000288,1000.000259,1000.000230,1000.000201,1000.000171,1000.000137,1000.000101,0.000000,0.000000,0.000000,0.000000,0.000000,0.000000,0.000000,0.000000,0.000000,0.000000,0.000000,0.000000,0.000000,0.000000,0.000000,0.000000,0.000000,0.000000,0.000000,0.000000,0.000000,0.000000,0.000000,0.000000,0.000000,0.000000
0.000000,0.000000,0.000000,0.000000,0.000000,0.000000,0.000000,0.000000,0.000000,0.000000,0.000000,0.000000,0.000000,0.000000,0.000000,0.000000,0.000000,0.000000,0.000000,0.000000,0.000000,0.000000,0.000000,0.000000,1000.000087,1000.000126,1000.000164,1000.000196,1000.000228,1000.000259,1000.000290,1000.000318,1000.000343,1000.000364,1000.000376,1000.000381,1000.000380,1000.000374,1000.000365,1000.000356,1000.000347,1000.000337,1000.000327,1000.000318,1000.000312,1000.000308,1000.000305,1000.000303,1000.000301,1000.000300,1000.000299,1000.000299,1000.000299,1000.000300,1000.000301,1000.000303,1000.000305,1000.000308,1000.000312,1000.000318,1000.000327,1000.000337,1000.000347,1000.000356,1000.000365,1000.000374,1000.000380,1000.000381,1000.000376,1000.000364,1000.000343,1000.000318,1000.000290,1000.000259,1000.000228,1000.000196,1000.000164,1000.000126,1000.000087,0.000000,0.000000,0.000000,0.000000,0.000000,0.000000,0.000000,0.000000,0.000000,0.000000,0.000000,0.000000,0.000000,0.000000,0.000000,0.000000,0.000000,0.000000,0.000000,0.000000,0.000000,0.000000,0.000000,0.000000
0.000000,0.000000,0.000000,0.000000,0.000000,0.000000,0.000000,0.000000,0.000000,0.000000,0.000000,0.000000,0.000000,0.000000,0.000000,0.000000,0.000000,0.000000,0.000000,0.000000,0.000000,0.000000,0.000000,1000.000105,1000.000148,1000.000184,1000.000220,1000.000254,1000.000287,1000.000317,1000.000344,1000.000365,1000.000378,1000.000382,1000.000377,1000.000367,1000.000355,1000.000342,1000.000330,1000.000318,1000.000307,1000.000298,1000.000289,1000.000281,1000.000275,1000.000270,1000.000266,1000.000263,1000.000261,1000.000260,1000.000259,1000.000259,1000.000259,1000.000260,1000.000261,1000.000263,1000.000266,1000.000270,1000.000275,1000.000281,1000.000289,1000.000298,1000.000307,1000.000318,1000.000330,1000.000342,1000.000355,1000.000367,1000.000377,1000.000382,1000.000378,1000.000365,1000.000344,1000.000317,1000.000287,1000.000254,1000.000220,1000.000184,1000.000148,1000.000105,0.000000,0.000000,0.000000,0.000000,0.000000,0.000000,0.000000,0.000000,0.000000,0.000000,0.000000,0.000000,0.000000,0.000000,0.000000,0.000000,0.000000,0.000000,0.000000,0.000000,0.000000,0.000000,0.000000
0.000000,0.000000,0.000000,0.000000,0.000000,0.000000,0.000000,0.000000,0.000000,0.000000,0.000000,0.000000,0.000000,0.000000,0.000000,0.000000,0.000000,0.000000,0.000000,0.000000,0.000000,1000.000077,1000.000121,1000.000164,1000.000202,1000.000240,1000.000277,1000.000312,1000.000341,1000.000364,1000.000378,1000.000382,1000.000377,1000.000365,1000.000349,1000.000333,1000.000318,1000.000304,1000.000292,1000.000280,1000.000270,1000.000261,1000.000252,1000.000245,1000.000238,1000.000233,1000.000229,1000.000226,1000.000223,1000.000222,1000.000221,1000.000220,1000.000221,1000.000222,1000.000223,1000.000226,1000.000229,1000.000233,1000.000238,1000.000245,1000.000252,1000.000261,1000.000270,1000.000280,1000.000292,1000.000304,1000.000318,1000.000333,1000.000349,1000.000365,1000.000377,1000.000382,1000.000378,1000.000364,1000.000341,1000.000312,1000.000277,1000.000240,1000.000202,1000.000164,1000.000121,1000.000077,0.000000,0.000000,0.000000,0.000000,0.000000,0.000000,0.000000,0.000000,0.000000,0.000000,0.000000,0.000000,0.000000,0.000000,0.000000,0.000000,0.000000,0.000000,0.000000,0.000000,0.000000
0.000000,0.000000,0.000000,0.000000,0.000000,0.000000,0.000000,0.000000,0.000000,0.000000,0.000000,0.000000,0.000000,0.000000,0.000000,0.000000,0.000000,0.000000,0.000000,0.000000,1000.000090,1000.000137,1000.000177,1000.000216,1000.000255,1000.000295,1000.000331,1000.000359,1000.000376,1000.000382,1000.000377,1000.000364,1000.000348,1000.000330,1000.000312,1000.000296,1000.000281,1000.000268,1000.000256,1000.000245,1000.000234,1000.000224,1000.000216,1000.000208,1000.000202,1000.000196,1000.000192,1000.000189,1000.000186,1000.000184,1000.000183,1000.000183,1000.000183,1000.000184,1000.000186,1000.000189,1000.000192,1000.000196,1000.000202,1000.000208,1000.000216,1000.000224,1000.000234,1000.000245,1000.000256,1000.000268,1000.000281,1000.000296,1000.000312,1000.000330,1000.000348,1000.000364,1000.000377,1000.000382,1000.000376,1000.000359,1000.000331,1000.000295,1000.000255,1000.000216,1000.000177,1000.000137,1000.000090,0.000000,0.000000,0.000000,0.000000,0.000000,0.000000,0.000000,0.000000,0.000000,0.000000,0.000000,0.000000,0.000000,0.000000,0.000000,0.000000,0.000000,0.000000,0.000000,0.000000
0.000000,0.000000,0.000000,0.000000,0.000000,0.000000,0.000000,0.000000,0.000000,0.000000,0.000000,0.000000,0.000000,0.000000,0.000000,0.000000,0.000000,0.000000,0.000000,1000.000101,1000.000148,1000.000189,1000.000229,1000.000269,1000.000308,1000.000344,1000.000370,1000.000380,1000.000377,1000.000365,1000.000349,1000.000330,1000.000311,1000.000293,1000.000276,1000.000261,1000.000247,1000.000233,1000.000221,1000.000209,1000.000199,1000.000189,1000.000181,1000.000173,1000.000166,1000.000161,1000.000156,1000.000153,1000.000150,1000.000148,1000.000147,1000.000146,1000.000147,1000.000148,1000.000150,1000.000153,1000.000156,1000.000161,1000.000166,1000.000173,1000.000181,1000.000189,1000.000199,1000.000209,1000.000221,1000.000233,1000.000247,1000.000261,1000.000276,1000.000293,1000.000311,1000.000330,1000.000349,1000.000365,1000.000377,1000.000380,1000.000370,1000.000344,1000.000308,1000.000269,1000.000229,1000.000189,1000.000148,1000.000101,0.000000,0.000000,0.000000,0.000000,0.000000,0.000000,0.000000,0.000000,0.000000,0.000000,0.000000,0.000000,0.000000,0.000000,0.000000,0.000000,0.000000,0.000000,0.000000
0.000000,0.000000,0.000000,0.000000,0.000000,0.000000,0.000000,0.000000,0.000000,0.000000,0.000000,0.000000,0.000000,0.000000,0.000000,0.000000,0.000000,0.000000,1000.000107,1000.000156,1000.000199,1000.000241,1000.000283,1000.000320,1000.000353,1000.000375,1000.000381,1000.000370,1000.000352,1000.000332,1000.000312,1000.000294,1000.000276,1000.000258,1000.000242,1000.000227,1000.000212,1000.000199,1000.000186,1000.000175,1000.000164,1000.000155,1000.000146,1000.000138,1000.000132,1000.000126,1000.000121,1000.000118,1000.000115,1000.000113,1000.000112,1000.000111,1000.000112,1000.000113,1000.000115,1000.000118,1000.000121,1000.000126,1000.000132,1000.000138,1000.000146,1000.000155,1000.000164,1000.000175,1000.000186,1000.000199,1000.000212,1000.000227,1000.000242,1000.000258,1000.000276,1000.000294,1000.000312,1000.000332,1000.000352,1000.000370,1000.000381,1000.000375,1000.000353,1000.000320,1000.000283,1000.000241,1000.000199,1000.000156,1000.000107,0.000000,0.000000,0.000000,0.000000,0.000000,0.000000,0.000000,0.000000,0.000000,0.000000,0.000000,0.000000,0.000000,0.000000,0.000000,0.000000,0.000000,0.000000
0.000000,0.000000,0.000000,0.000000,0.000000,0.000000,0.000000,0.000000,0.000000,0.000000,0.000000,0.000000,0.000000,0.000000,0.000000,0.000000,0.000000,1000.000110,1000.000161,1000.000206,1000.000250,1000.000294,1000.000333,1000.000363,1000.000379,1000.000380,1000.000365,1000.000342,1000.000319,1000.000298,1000.000278,1000.000260,1000.000242,1000.000225,1000.000208,1000.000193,1000.000178,1000.000165,1000.000153,1000.000141,1000.000131,1000.000121,1000.000112,1000.000105,1000.000098,1000.000092,1000.000088,1000.000084,1000.000081,1000.000079,1000.000077,1000.000077,1000.000077,1000.000079,1000.000081,1000.000084,1000.000088,1000.000092,1000.000098,1000.000105,1000.000112,1000.000121,1000.000131,1000.000141,1000.000153,1000.000165,1000.000178,1000.000193,1000.000208,1000.000225,1000.000242,1000.000260,1000.000278,1000.000298,1000.000319,1000.000342,1000.000365,1000.000380,1000.000379,1000.000363,1000.000333,1000.000294,1000.000250,1000.000206,1000.000161,1000.000110,0.000000,0.000000,0.000000,0.000000,0.000000,0.000000,0.000000,0.000000,0.000000,0.000000,0.000000,0.000000,0.000000,0.000000,0.000000,0.000000,0.000000
0.000000,0.000000,0.000000,0.000000,0.000000,0.000000,0.000000,0.000000,0.000000,0.000000,0.000000,0.000000,0.000000,0.000000,0.000000,0.000000,1000.000111,1000.000163,1000.000209,1000.000254,1000.000300,1000.000341,1000.000370,1000.000381,1000.000375,1000.000359,1000.000335,1000.000310,1000.000286,1000.000266,1000.000246,1000.000227,1000.000209,1000.000192,1000.000175,1000.000160,1000.000146,1000.000132,1000.000120,1000.000108,1000.000098,1000.000088,1000.000080,1000.000072,1000.000065,1000.000059,1000.000055,1000.000051,1000.000048,1000.000045,1000.000044,1000.000044,1000.000044,1000.000045,1000.000048,1000.000051,1000.000055,1000.000059,1000.000065,1000.000072,1000.000080,1000.000088,1000.000098,1000.000108,1000.000120,1000.000132,1000.000146,1000.000160,1000.000175,1000.000192,1000.000209,1000.000227,1000.000246,1000.000266,1000.000286,1000.000310,1000.000335,1000.000359,1000.000375,1000.000381,1000.000370,1000.000341,1000.000300,1000.000254,1000.000209,1000.000163,1000.000111,0.000000,0.000000,0.000000,0.000000,0.000000,0.000000,0.000000,0.000000,0.000000,0.000000,0.000000,0.000000,0.000000,0.000000,0.000000,0.000000
0.000000,0.000000,0.000000,0.000000,0.000000,0.000000,0.000000,0.000000,0.000000,0.000000,0.000000,0.000000,0.000000,0.000000,0.000000,1000.000110,1000.000163,1000.000210,1000.000257,1000.000303,1000.000344,1000.000373,1000.000381,1000.000369,1000.000349,1000.000326,1000.000301,1000.000277,1000.000255,1000.000235,1000.000214,1000.000195,1000.000177,1000.000160,1000.000144,1000.000129,1000.000114,1000.000101,1000.000088,1000.000077,1000.000066,1000.000056,1000.000048,1000.000040,1000.000033,1000.000027,1000.000023,1000.000019,1000.000016,1000.000013,1000.000012,1000.000012,1000.000012,1000.000013,1000.000016,1000.000019,1000.000023,1000.000027,1000.000033,1000.000040,1000.000048,1000.000056,1000.000066,1000.000077,1000.000088,1000.000101,1000.000114,1000.000129,1000.000144,1000.000160,1000.000177,1000.000195,1000.000214,1000.000235,1000.000255,1000.000277,1000.000301,1000.000326,1000.000349,1000.000369,1000.000381,1000.000373,1000.000344,1000.000303,1000.000257,1000.000210,1000.000163,1000.000110,0.000000,0.000000,0.000000,0.000000,0.000000,0.000000,0.000000,0.000000,0.000000,0.000000,0.000000,0.000000,0.000000,0.000000,0.000000
0.000000,0.000000,0.000000,0.000000,0.000000,0.000000,0.000000,0.000000,0.000000,0.000000,0.000000,0.000000,0.000000,0.000000,1000.000107,1000.000161,1000.000209,1000.000257,1000.000304,1000.000345,1000.000374,1000.000381,1000.000367,1000.000343,1000.000317,1000.000292,1000.000269,1000.000247,1000.000225,1000.000203,1000.000183,1000.000164,1000.000146,1000.000129,1000.000113,1000.000097,1000.000083,1000.000070,1000.000057,1000.000046,1000.000035,1000.000026,1000.000017,1000.000009,1000.000002,999.999996,999.999992,999.999987,999.999984,999.999982,999.999981,999.999980,999.999981,999.999982,999.999984,999.999987,999.999992,999.999996,1000.000002,1000.000009,1000.000017,1000.000026,1000.000035,1000.000046,1000.000057,1000.000070,1000.000083,1000.000097,1000.000113,1000.000129,1000.000146,1000.000164,1000.000183,1000.000203,1000.000225,1000.000247,1000.000269,1000.000292,1000.000317,1000.000343,1000.000367,1000.000381,1000.000374,1000.000345,1000.000304,1000.000257,1000.000209,1000.000161,1000.000107,0.000000,0.000000,0.000000,0.000000,0.000000,0.000000,0.000000,0.000000,0.000000,0.000000,0.000000,0.000000,0.000000,0.000000
0.000000,0.000000,0.000000,0.000000,0.000000,0.000000,0.000000,0.000000,0.000000,0.000000,0.000000,0.000000,0.000000,1000.000101,1000.000156,1000.000206,1000.000254,1000.000303,1000.000345,1000.000375,1000.000381,1000.000366,1000.000340,1000.000312,1000.000286,1000.000262,1000.000239,1000.000217,1000.000194,1000.000173,1000.000153,1000.000134,1000.000116,1000.000099,1000.000083,1000.000068,1000.000053,1000.000040,1000.000027,1000.000016,1000.000005,999.999996,999.999987,999.999979,999.999972,999.999966,999.999961,999.999957,999.999954,999.999952,999.999951,999.999950,999.999951,999.999952,999.999954,999.999957,999.999961,999.999966,999.999972,999.999979,999.999987,999.999996,1000.000005,1000.000016,1000.000027,1000.000040,1000.000053,1000.000068,1000.000083,1000.000099,1000.000116,1000.000134,1000.000153,1000.000173,1000.000194,1000.000217,1000.000239,1000.000262,1000.000286,1000.000312,1000.000340,1000.000366,1000.000381,1000.000375,1000.000345,1000.000303,1000.000254,1000.000206,1000.000156,1000.000101,0.000000,0.000000,0.000000,0.000000,0.000000,0.000000,0.000000,0.000000,0.000000,0.000000,0.000000,0.000000,0.000000
0.000000,0.000000,0.000000,0.000000,0.000000,0.000000,0.000000,0.000000,0.000000,0.000000,0.000000,0.000000,1000.000090,1000.000148,1000.000199,1000.000250,1000.000300,1000.000344,1000.000374,1000.000381,1000.000365,1000.000339,1000.000310,1000.000282,1000.000258,1000.000234,1000.000210,1000.000187,1000.000165,1000.000144,1000.000124,1000.000105,1000.000087,1000.000070,1000.000054,1000.000038,1000.000024,1000.000011,999.999998,999.999987,999.999976,999.999966,999.999958,999.999950,999.999943,999.999937,999.999932,999.999928,999.999925,999.999923,999.999921,999.999921,999.999921,999.999923,999.999925,999.999928,999.999932,999.999937,999.999943,999.999950,999.999958,999.999966,999.999976,999.999987,999.999998,1000.000011,1000.000024,1000.000038,1000.000054,1000.000070,1000.000087,1000.000105,1000.000124,1000.000144,1000.000165,1000.000187,1000.000210,1000.000234,1000.000258,1000.000282,1000.000310,1000.000339,1000.000365,1000.000381,1000.000374,1000.000344,1000.000300,1000.000250,1000.000199,1000.000148,1000.000090,0.000000,0.000000,0.000000,0.000000,0.000000,0.000000,0.000000,0.000000,0.000000,0.000000,0.000000,0.000000
0.000000,0.000000,0.000000,0.000000,0.000000,0.000000,0.000000,0.000000,0.000000,0.000000,0.000000,1000.000077,1000.000137,1000.000189,1000.000241,1000.000294,1000.000341,1000.000373,1000.000381,1000.000366,1000.000339,1000.000310,1000.000281,1000.000255,1000.000230,1000.000205,1000.000181,1000.000159,1000.000137,1000.000116,1000.000096,1000.000077,1000.000059,1000.000042,1000.000026,1000.000010,999.999996,999.999982,999.999970,999.999958,999.999948,999.999938,999.999929,999.999922,999.999915,999.999909,999.999904,999.999900,999.999897,999.999894,999.999893,999.999892,999.999893,999.999894,999.999897,999.999900,999.999904,999.999909,999.999915,999.999922,999.999929,999.999938,999.999948,999.999958,999.999970,999.999982,999.999996,1000.000010,1000.000026,1000.000042,1000.000059,1000.000077,1000.000096,1000.000116,1000.000137,1000.000159,1000.000181,1000.000205,1000.000230,1000.000255,1000.000281,1000.000310,1000.000339,1000.000366,1000.000381,1000.000373,1000.000341,1000.000294,1000.000241,1000.000189,1000.000137,1000.000077,0.000000,0.000000,0.000000,0.000000,0.000000,0.000000,0.000000,0.000000,0.000000,0.000000,0.000000
0.000000,0.000000,0.000000,0.000000,0.000000,0.000000,0.000000,0.000000,0.000000,0.000000,0.000000,1000.000121,1000.000177,1000.000229,1000.000283,1000.000333,1000.000370,1000.000381,1000.000367,1000.000340,1000.000310,1000.000281,1000.000254,1000.000228,1000.000202,1000.000177,1000.000154,1000.000132,1000.000110,1000.000089,1000.000069,1000.000050,1000.000032,1000.000014,999.999998,999.999983,999.999969,999.999955,999.999943,999.999931,999.999921,999.999911,999.999902,999.999894,999.999887,999.999882,999.999876,999.999872,999.999869,999.999867,999.999866,999.999865,999.999866,999.999867,999.999869,999.999872,999.999876,999.999882,999.999887,999.999894,999.999902,999.999911,999.999921,999.999931,999.999943,999.999955,999.999969,999.999983,999.999998,1000.000014,1000.000032,1000.000050,1000.000069,1000.000089,1000.000110,1000.000132,1000.000154,1000.000177,1000.000202,1000.000228,1000.000254,1000.000281,1000.000310,1000.000340,1000.000367,1000.000381,1000.000370,1000.000333,1000.000283,1000.000229,1000.000177,1000.000121,0.000000,0.000000,0.000000,0.000000,0.000000,0.000000,0.000000,0.000000,0.000000,0.000000,0.000000
0.000000,0.000000,0.000000,0.000000,0.000000,0.000000,0.000000,0.000000,0.000000,0.000000,1000.000105,1000.000164,1000.000216,1000.000269,1000.000320,1000.000363,1000.000381,1000.000369,1000.000343,1000.000312,1000.000282,1000.000255,1000.000228,1000.000201,1000.000176,1000.000151,1000.000128,1000.000105,1000.000083,1000.000062,1000.000042,1000.000023,1000.000005,999.999988,999.999972,999.999957,999.999942,999.999929,999.999916,999.999905,999.999894,999.999885,999.999876,999.999868,999.999861,999.999855,999.999850,999.999846,999.999843,999.999840,999.999839,999.999839,999.999839,999.999840,999.999843,999.999846,999.999850,999.999855,999.999861,999.999868,999.999876,999.999885,999.999894,999.999905,999.999916,999.999929,999.999942,999.999957,999.999972,999.999988,1000.000005,1000.000023,1000.000042,1000.000062,1000.000083,1000.000105,1000.000128,1000.000151,1000.000176,1000.000201,1000.000228,1000.000255,1000.000282,1000.000312,1000.000343,1000.000369,1000.000381,1000.000363,1000.000320,1000.000269,1000.000216,1000.000164,1000.000105,0.000000,0.000000,0.000000,0.000000,0.000000,0.000000,0.000000,0.000000,0.000000,0.000000
0.000000,0.000000,0.000000,0.000000,0.000000,0.000000,0.000000,0.000000,0.000000,1000.000087,1000.000148,1000.000202,1000.000255,1000.000308,1000.000353,1000.000379,1000.000375,1000.000349,1000.000317,1000.000286,1000.000258,1000.000230,1000.000202,1000.000176,1000.000150,1000.000126,1000.000102,1000.000079,1000.000058,1000.000037,1000.000017,999.999998,999.999980,999.999963,999.999946,999.999931,999.999917,999.999903,999.999891,999.999879,999.999869,999.999859,999.999850,999.999843,999.999836,999.999830,999.999825,999.999820,999.999817,999.999815,999.999814,999.999813,999.999814,999.999815,999.999817,999.999820,999.999825,999.999830,999.999836,999.999843,999.999850,999.999859,999.999869,999.999879,999.999891,999.999903,999.999917,999.999931,999.999946,999.999963,999.999980,999.999998,1000.000017,1000.000037,1000.000058,1000.000079,1000.000102,1000.000126,1000.000150,1000.000176,1000.000202,1000.000230,1000.000258,1000.000286,1000.000317,1000.000349,1000.000375,1000.000379,1000.000353,1000.000308,1000.000255,1000.000202,1000.000148,1000.000087,0.000000,0.000000,0.000000,0.000000,0.000000,0.000000,0.000000,0.000000,0.000000
0.000000,0.000000,0.000000,0.000000,0.000000,0.000000,0.000000,0.000000,0.000000,1000.000126,1000.000184,1000.000240,1000.000295,1000.000344,1000.000375,1000.000380,1000.000359,1000.000326,1000.000292,1000.000262,1000.000234,1000.000205,1000.000177,1000.000151,1000.000126,1000.000101,1000.000078,1000.000055,1000.000033,1000.000012,999.999992,999.999973,999.999955,999.999938,999.999922,999.999907,999.999892,999.999879,999.999866,999.999855,999.999844,999.999835,999.999826,999.999818,999.999811,999.999805,999.999800,999.999796,999.999793,999.999790,999.999789,999.999789,999.999789,999.999790,999.999793,999.999796,999.999800,999.999805,999.999811,999.999818,999.999826,999.999835,999.999844,999.999855,999.999866,999.999879,999.999892,999.999907,999.999922,999.999938,999.999955,999.999973,999.999992,1000.000012,1000.000033,1000.000055,1000.000078,1000.000101,1000.000126,1000.000151,1000.000177,1000.000205,1000.000234,1000.000262,1000.000292,1000.000326,1000.000359,1000.000380,1000.000375,1000.000344,1000.000295,1000.000240,1000.000184,1000.000126,0.000000,0.000000,0.000000,0.000000,0.000000,0.000000,0.000000,0.000000,0.000000
0.000000,0.000000,0.000000,0.000000,0.000000,0.000000,0.000000,0.000000,1000.000101,1000.000164,1000.000220,1000.000277,1000.000331,1000.000370,1000.000381,1000.000365,1000.000335,1000.000301,1000.000269,1000.000239,1000.000210,1000.000181,1000.000154,1000.000128,1000.000102,1000.000078,1000.000054,1000.000031,1000.000010,999.999989,999.999969,999.999950,999.999932,999.999915,999.999898,999.999883,999.999869,999.999855,999.999843,999.999831,999.999821,999.999811,999.999802,999.999794,999.999787,999.999781,999.999776,999.999772,999.999769,999.999767,999.999765,999.999765,999.999765,999.999767,999.999769,999.999772,999.999776,999.999781,999.999787,999.999794,999.999802,999.999811,999.999821,999.999831,999.999843,999.999855,999.999869,999.999883,999.999898,999.999915,999.999932,999.999950,999.999969,999.999989,1000.000010,1000.000031,1000.000054,1000.000078,1000.000102,1000.000128,1000.000154,1000.000181,1000.000210,1000.000239,1000.000269,1000.000301,1000.000335,1000.000365,1000.000381,1000.000370,1000.000331,1000.000277,1000.000220,1000.000164,1000.000101,0.000000,0.000000,0.000000,0.000000,0.000000,0.000000,0.000000,0.000000
0.000000,0.000000,0.000000,0.000000,0.000000,0.000000,0.000000,0.000000,1000.000137,1000.000196,1000.000254,1000.000312,1000.000359,1000.000380,1000.000370,1000.000342,1000.000310,1000.000277,1000.000247,1000.000217,1000.000187,1000.000159,1000.000132,1000.000105,1000.000079,1000.000055,1000.000031,1000.000009,999.999987,999.999966,999.999946,999.999927,999.999909,999.999892,999.999876,999.999860,999.999846,999.999833,999.999820,999.999809,999.999798,999.999788,999.999780,999.999772,999.999765,999.999759,999.999754,999.999750,999.999746,999.999744,999.999743,999.999742,999.999743,999.999744,999.999746,999.999750,999.999754,999.999759,999.999765,999.999772,999.999780,999.999788,999.999798,999.999809,999.999820,999.999833,999.999846,999.999860,999.999876,999.999892,999.999909,999.999927,999.999946,999.999966,999.999987,1000.000009,1000.000031,1000.000055,1000.000079,1000.000105,1000.000132,1000.000159,1000.000187,1000.000217,1000.000247,1000.000277,1000.000310,1000.000342,1000.000370,1000.000380,1000.000359,1000.000312,1000.000254,1000.000196,1000.000137,0.000000,0.000000,0.000000,0.000000,0.000000,0.000000,0.000000,0.000000
0.000000,0.000000,0.000000,0.000000,0.000000,0.000000,0.000000,1000.000107,1000.000171,1000.000228,1000.000287,1000.000341,1000.000376,1000.000377,1000.000352,1000.000319,1000.000286,1000.000255,1000.000225,1000.000194,1000.000165,1000.000137,1000.000110,1000.000083,1000.000058,1000.000033,1000.000010,999.999987,999.999965,999.999944,999.999924,999.999905,999.999887,999.999870,999.999854,999.999839,999.999824,999.999811,999.999798,999.999787,999.999776,999.999767,999.999758,999.999750,999.999743,999.999737,999.999732,999.999728,999.999725,999.999722,999.999721,999.999720,999.999721,999.999722,999.999725,999.999728,999.999732,999.999737,999.999743,999.999750,999.999758,999.999767,999.999776,999.999787,999.999798,999.999811,999.999824,999.999839,999.999854,999.999870,999.999887,999.999905,999.999924,999.999944,999.999965,999.999987,1000.000010,1000.000033,1000.000058,1000.000083,1000.000110,1000.000137,1000.000165,1000.000194,1000.000225,1000.000255,1000.000286,1000.000319,1000.000352,1000.000377,1000.000376,1000.000341,1000.000287,1000.000228,1000.000171,1000.000107,0.000000,0.000000,0.000000,0.000000,0.000000,0.000000,0.000000
0.000000,0.000000,0.000000,0.000000,0.000000,0.000000,0.000000,1000.000140,1000.000201,1000.000259,1000.000317,1000.000364,1000.000382,1000.000365,1000.000332,1000.000298,1000.000266,1000.000235,1000.000203,1000.000173,1000.000144,1000.000116,1000.000089,1000.000062,1000.000037,1000.000012,999.999989,999.999966,999.999944,999.999923,999.999904,999.999885,999.999866,999.999849,999.999833,999.999818,999.999804,999.999790,999.999778,999.999766,999.999755,999.999746,999.999737,999.999729,999.999722,999.999716,999.999711,999.999707,999.999704,999.999701,999.999700,999.999700,999.999700,999.999701,999.999704,999.999707,999.999711,999.999716,999.999722,999.999729,999.999737,999.999746,999.999755,999.999766,999.999778,999.999790,999.999804,999.999818,999.999833,999.999849,999.999866,999.999885,999.999904,999.999923,999.999944,999.999966,999.999989,1000.000012,1000.000037,1000.000062,1000.000089,1000.000116,1000.000144,1000.000173,1000.000203,1000.000235,1000.000266,1000.000298,1000.000332,1000.000365,1000.000382,1000.000364,1000.000317,1000.000259,1000.000201,1000.000140,0.000000,0.000000,0.000000,0.000000,0.000000,0.000000,0.000000
0.000000,0.000000,0.000000,0.000000,0.000000,0.000000,1000.000107,1000.000172,1000.000230,1000.000290,1000.000344,1000.000378,1000.000377,1000.000349,1000.000312,1000.000278,1000.000246,1000.000214,1000.000183,1000.000153,1000.000124,1000.000096,1000.000069,1000.000042,1000.000017,999.999992,999.999969,999.999946,999.999924,999.999904,999.999884,999.999865,999.999847,999.999829,999.999813,999.999798,999.999784,999.999770,999.999758,999.999746,999.999736,999.999726,999.999717,999.999709,999.999702,999.999696,999.999691,999.999687,999.999684,999.999681,999.999680,999.999680,999.999680,999.999681,999.999684,999.999687,999.999691,999.999696,999.999702,999.999709,999.999717,999.999726,999.999736,999.999746,999.999758,999.999770,999.999784,999.999798,999.999813,999.999829,999.999847,999.999865,999.999884,999.999904,999.999924,999.999946,999.999969,999.999992,1000.000017,1000.000042,1000.000069,1000.000096,1000.000124,1000.000153,1000.000183,1000.000214,1000.000246,1000.000278,1000.000312,1000.000349,1000.000377,1000.000378,1000.000344,1000.000290,1000.000230,1000.000172,1000.000107,0.000000,0.000000,0.000000,0.000000,0.000000,0.000000
0.000000,0.000000,0.000000,0.000000,0.000000,0.000000,1000.000138,1000.000200,1000.000259,1000.000318,1000.000365,1000.000382,1000.000364,1000.000330,1000.000294,1000.000260,1000.000227,1000.000195,1000.000164,1000.000134,1000.000105,1000.000077,1000.000050,1000.000023,999.999998,999.999973,999.999950,999.999927,999.999905,999.999885,999.999865,999.999846,999.999828,999.999810,999.999794,999.999779,999.999765,999.999751,999.999739,999.999727,999.999717,999.999707,999.999698,999.999690,999.999683,999.999677,999.999672,999.999668,999.999665,999.999662,999.999661,999.999661,999.999661,999.999662,999.999665,999.999668,999.999672,999.999677,999.999683,999.999690,999.999698,999.999707,999.999717,999.999727,999.999739,999.999751,999.999765,999.999779,999.999794,999.999810,999.999828,999.999846,999.999865,999.999885,999.999905,999.999927,999.999950,999.999973,999.999998,1000.000023,1000.000050,1000.000077,1000.000105,1000.000134,1000.000164,1000.000195,1000.000227,1000.000260,1000.000294,1000.000330,1000.000364,1000.000382,1000.000365,1000.000318,1000.000259,1000.000200,1000.000138,0.000000,0.000000,0.000000,0.000000,0.000000,0.000000
0.000000,0.000000,0.000000,0.000000,0.000000,1000.000102,1000.000168,1000.000227,1000.000288,1000.000343,1000.000378,1000.000377,1000.000348,1000.000311,1000.000276,1000.000242,1000.000209,1000.000177,1000.000146,1000.000116,1000.000087,1000.000059,1000.000032,1000.000005,999.999980,999.999955,999.999932,999.999909,999.999887,999.999866,999.999847,999.999828,999.999810,999.999792,999.999776,999.999761,999.999747,999.999733,999.999721,999.999709,999.999699,999.999689,999.999680,999.999672,999.999665,999.999659,999.999654,999.999650,999.999647,999.999644,999.999643,999.999643,999.999643,999.999644,999.999647,999.999650,999.999654,999.999659,999.999665,999.999672,999.999680,999.999689,999.999699,999.999709,999.999721,999.999733,999.999747,999.999761,999.999776,999.999792,999.999810,999.999828,999.999847,999.999866,999.999887,999.999909,999.999932,999.999955,999.999980,1000.000005,1000.000032,1000.000059,1000.000087,1000.000116,1000.000146,1000.000177,1000.000209,1000.000242,1000.000276,1000.000311,1000.000348,1000.000377,1000.000378,1000.000343,1000.000288,1000.000227,1000.000168,1000.000102,0.000000,0.000000,0.000000,0.000000,0.000000
0.000000,0.000000,0.000000,0.000000,0.000000,1000.000130,1000.000193,1000.000254,1000.000315,1000.000364,1000.000382,1000.000365,1000.000330,1000.000293,1000.000258,1000.000225,1000.000192,1000.000160,1000.000129,1000.000099,1000.000070,1000.000042,1000.000014,999.999988,999.999963,999.999938,999.999915,999.999892,999.999870,999.999849,999.999829,999.999810,999.999792,999.999775,999.999759,999.999744,999.999730,999.999716,999.999704,999.999692,999.999681,999.999672,999.999663,999.999655,999.999648,999.999642,999.999637,999.999633,999.999630,999.999627,999.999626,999.999625,999.999626,999.999627,999.999630,999.999633,999.999637,999.999642,999.999648,999.999655,999.999663,999.999672,999.999681,999.999692,999.999704,999.999716,999.999730,999.999744,999.999759,999.999775,999.999792,999.999810,999.999829,999.999849,999.999870,999.999892,999.999915,999.999938,999.999963,999.999988,1000.000014,1000.000042,1000.000070,1000.000099,1000.000129,1000.000160,1000.000192,1000.000225,1000.000258,1000.000293,1000.000330,1000.000365,1000.000382,1000.000364,1000.000315,1000.000254,1000.000193,1000.000130,0.000000,0.000000,0.000000,0.000000,0.000000
0.000000,0.000000,0.000000,0.000000,1000.000089,1000.000156,1000.000217,1000.000280,1000.000338,1000.000376,1000.000377,1000.000349,1000.000312,1000.000276,1000.000242,1000.000208,1000.000175,1000.000144,1000.000113,1000.000083,1000.000054,1000.000026,999.999998,999.999972,999.999946,999.999922,999.999898,999.999876,999.999854,999.999833,999.999813,999.999794,999.999776,999.999759,999.999743,999.999728,999.999713,999.999700,999.999687,999.999676,999.999665,999.999655,999.999647,999.999639,999.999632,999.999626,999.999621,999.999617,999.999613,999.999611,999.999610,999.999609,999.999610,999.999611,999.999613,999.999617,999.999621,999.999626,999.999632,999.999639,999.999647,999.999655,999.999665,999.999676,999.999687,999.999700,999.999713,999.999728,999.999743,999.999759,999.999776,999.999794,999.999813,999.999833,999.999854,999.999876,999.999898,999.999922,999.999946,999.999972,999.999998,1000.000026,1000.000054,1000.000083,1000.000113,1000.000144,1000.000175,1000.000208,1000.000242,1000.000276,1000.000312,1000.000349,1000.000377,1000.000376,1000.000338,1000.000280,1000.000217,1000.000156,1000.000089,0.000000,0.000000,0.000000,0.000000
0.000000,0.000000,0.000000,0.000000,1000.000114,1000.000178,1000.000240,1000.000303,1000.000357,1000.000381,1000.000367,1000.000333,1000.000296,1000.000261,1000.000227,1000.000193,1000.000160,1000.000129,1000.000097,1000.000068,1000.000038,1000.000010,999.999983,999.999957,999.999931,999.999907,999.999883,999.999860,999.999839,999.999818,999.999798,999.999779,999.999761,999.999744,999.999728,999.999712,999.999698,999.999685,999.999672,999.999661,999.999650,999.999640,999.999631,999.999624,999.999617,999.999611,999.999606,999.999601,999.999598,999.999596,999.999594,999.999594,999.999594,999.999596,999.999598,999.999601,999.999606,999.999611,999.999617,999.999624,999.999631,999.999640,999.999650,999.999661,999.999672,999.999685,999.999698,999.999712,999.999728,999.999744,999.999761,999.999779,999.999798,999.999818,999.999839,999.999860,999.999883,999.999907,999.999931,999.999957,999.999983,1000.000010,1000.000038,1000.000068,1000.000097,1000.000129,1000.000160,1000.000193,1000.000227,1000.000261,1000.000296,1000.000333,1000.000367,1000.000381,1000.000357,1000.000303,1000.000240,1000.000178,1000.000114,0.000000,0.000000,0.000000,0.000000
