0.000000,0.000000,0.000000,0.000000,0.000000,0.000000,0.000000,0.000000,0.000000,0.000000,0.000000,0.000000,0.000000,0.000000,0.000000,0.000000,0.000000,0.000000,0.000000,0.000000,0.000000,0.000000,0.000000,0.000000,0.000000,0.000000,0.000000,0.000000,0.000000,0.000000,0.000000,0.000000,0.000000,0.000000,0.000000,0.000000,0.000000,0.000000,0.000000,0.000000,0.000000,0.000000,0.000000,0.000000,0.000000,0.000000,0.000000,0.000000,0.000000,0.000000,0.000000,0.000000,0.000000,0.000000,0.000000,0.000000,0.000000,0.000000,0.000000,0.000000,0.000000,0.000000,0.000000,0.000000,0.000000,0.000000,0.000000,0.000000,0.000000,0.000000,0.000000,0.000000,0.000000,0.000000,0.000000,0.000000,0.000000,0.000000,0.000000,0.000000,0.000000,0.000000,0.000000,0.000000,0.000000,0.000000,0.000000,0.000000,0.000000,0.000000,0.000000,0.000000,0.000000,0.000000,0.000000,0.000000,0.000000,0.000000,0.000000,0.000000,0.000000,0.000000,0.000000
0.000000,0.000000,0.000000,0.000000,0.000000,0.000000,0.000000,0.000000,0.000000,0.000000,0.000000,0.000000,0.000000,0.000000,0.000000,0.000000,0.000000,0.000000,0.000000,0.000000,0.000000,0.000000,0.000000,0.000000,0.000000,0.000000,0.000000,0.000000,0.000000,0.000000,0.000000,0.000000,0.000000,0.000000,0.000000,0.000000,0.000000,0.000000,0.000000,0.000000,0.000000,0.000000,0.000000,0.000000,0.000000,0.000000,0.000000,0.000000,0.000000,0.000000,0.000000,1000.000069,0.000000,0.000000,0.000000,0.000000,0.000000,0.000000,0.000000,0.000000,0.000000,0.000000,0.000000,0.000000,0.000000,0.000000,0.000000,0.000000,0.000000,0.000000,0.000000,0.000000,0.000000,0.000000,0.000000,0.000000,0.000000,0.000000,0.000000,0.000000,0.000000,0.000000,0.000000,0.000000,0.000000,0.000000,0.000000,0.000000,0.000000,0.000000,0.000000,0.000000,0.000000,0.000000,0.000000,0.000000,0.000000,0.000000,0.000000,0.000000,0.000000,0.000000,0.000000
0.000000,0.000000,0.000000,0.000000,0.000000,0.000000,0.000000,0.000000,0.000000,0.000000,0.000000,0.000000,0.000000,0.000000,0.000000,0.000000,0.000000,0.000000,0.000000,0.000000,0.000000,0.000000,0.000000,0.000000,0.000000,0.000000,0.000000,0.000000,0.000000,0.000000,0.000000,0.000000,0.000000,0.000000,0.000000,0.000000,0.000000,0.000000,0.000000,0.000000,0.000000,0.000000,1000.000126,1000.000147,1000.000158,1000.000163,1000.000166,1000.000167,1000.000167,1000.000166,1000.000165,1000.000170,1000.000165,1000.000166,1000.000167,1000.000167,1000.000166,1000.000163,1000.000158,1000.000147,1000.000126,0.000000,0.000000,0.000000,0.000000,0.000000,0.000000,0.000000,0.000000,0.000000,0.000000,0.000000,0.000000,0.000000,0.000000,0.000000,0.000000,0.000000,0.000000,0.000000,0.000000,0.000000,0.000000,0.000000,0.000000,0.000000,0.000000,0.000000,0.000000,0.000000,0.000000,0.000000,0.000000,0.000000,0.000000,0.000000,0.000000,0.000000,0.000000,0.000000,0.000000,0.000000,0.000000
0.000000,0.000000,0.000000,0.000000,0.000000,0.000000,0.000000,0.000000,0.000000,0.000000,0.000000,0.000000,0.000000,0.000000,0.000000,0.000000,0.000000,0.000000,0.000000,0.000000,0.000000,0.000000,0.000000,0.000000,0.000000,0.000000,0.000000,0.000000,0.000000,0.000000,0.000000,0.000000,0.000000,0.000000,0.000000,0.000000,0.000000,1000.000122,1000.000152,1000.000176,1000.000196,1000.000212,1000.000226,1000.000240,1000.000250,1000.000257,1000.000261,1000.000263,1000.000264,1000.000264,1000.000264,1000.000264,1000.000264,1000.000264,1000.000264,1000.000263,1000.000261,1000.000257,1000.000250,1000.000240,1000.000226,1000.000212,1000.000196,1000.000176,1000.000152,1000.000122,0.000000,0.000000,0.000000,0.000000,0.000000,0.000000,0.000000,0.000000,0.000000,0.000000,0.000000,0.000000,0.000000,0.000000,0.000000,0.000000,0.000000,0.000000,0.000000,0.000000,0.000000,0.000000,0.000000,0.000000,0.000000,0.000000,0.000000,0.000000,0.000000,0.000000,0.000000,0.000000,0.000000,0.000000,0.000000,0.000000,0.000000
0.000000,0.000000,0.000000,0.000000,0.000000,0.000000,0.000000,0.000000,0.000000,0.000000,0.000000,0.000000,0.000000,0.000000,0.000000,0.000000,0.000000,0.000000,0.000000,0.000000,0.000000,0.000000,0.000000,0.000000,0.000000,0.000000,0.000000,0.000000,0.000000,0.000000,0.000000,0.000000,0.000000,0.000000,1000.000127,1000.000162,1000.000190,1000.000219,1000.000244,1000.000266,1000.000287,1000.000305,1000.000321,1000.000334,1000.000344,1000.000350,1000.000354,1000.000356,1000.000357,1000.000357,1000.000358,1000.000357,1000.000358,1000.000357,1000.000357,1000.000356,1000.000354,1000.000350,1000.000344,1000.000334,1000.000321,1000.000305,1000.000287,1000.000266,1000.000244,1000.000219,1000.000190,1000.000162,1000.000127,0.000000,0.000000,0.000000,0.000000,0.000000,0.000000,0.000000,0.000000,0.000000,0.000000,0.000000,0.000000,0.000000,0.000000,0.000000,0.000000,0.000000,0.000000,0.000000,0.000000,0.000000,0.000000,0.000000,0.000000,0.000000,0.000000,0.000000,0.000000,0.000000,0.000000,0.000000,0.000000,0.000000,0.000000
0.000000,0.000000,0.000000,0.000000,0.000000,0.000000,0.000000,0.000000,0.000000,0.000000,0.000000,0.000000,0.000000,0.000000,0.000000,0.000000,0.000000,0.000000,0.000000,0.000000,0.000000,0.000000,0.000000,0.000000,0.000000,0.000000,0.000000,0.000000,0.000000,0.000000,0.000000,0.000000,1000.000145,1000.000184,1000.000221,1000.000252,1000.000281,1000.000309,1000.000334,1000.000356,1000.000377,1000.000397,1000.000415,1000.000428,1000.000437,1000.000442,1000.000444,1000.000446,1000.000447,1000.000447,1000.000447,1000.000447,1000.000447,1000.000447,1000.000447,1000.000446,1000.000444,1000.000442,1000.000437,1000.000428,1000.000415,1000.000397,1000.000377,1000.000356,1000.000334,1000.000309,1000.000281,1000.000252,1000.000221,1000.000184,1000.000145,0.000000,0.000000,0.000000,0.000000,0.000000,0.000000,0.000000,0.000000,0.000000,0.000000,0.000000,0.000000,0.000000,0.000000,0.000000,0.000000,0.000000,0.000000,0.000000,0.000000,0.000000,0.000000,0.000000,0.000000,0.000000,0.000000,0.000000,0.000000,0.000000,0.000000,0.000000,0.000000
0.000000,0.000000,0.000000,0.000000,0.000000,0.000000,0.000000,0.000000,0.000000,0.000000,0.000000,0.000000,0.000000,0.000000,0.000000,0.000000,0.000000,0.000000,0.000000,0.000000,0.000000,0.000000,0.000000,0.000000,0.000000,0.000000,0.000000,0.000000,0.000000,0.000000,1000.000152,1000.000195,1000.000238,1000.000274,1000.000308,1000.000340,1000.000371,1000.000399,1000.000424,1000.000445,1000.000463,1000.000480,1000.000495,1000.000504,1000.000509,1000.000512,1000.000513,1000.000514,1000.000514,1000.000514,1000.000514,1000.000514,1000.000514,1000.000514,1000.000514,1000.000514,1000.000513,1000.000512,1000.000509,1000.000504,1000.000495,1000.000480,1000.000463,1000.000445,1000.000424,1000.000399,1000.000371,1000.000340,1000.000308,1000.000274,1000.000238,1000.000195,1000.000152,0.000000,0.000000,0.000000,0.000000,0.000000,0.000000,0.000000,0.000000,0.000000,0.000000,0.000000,0.000000,0.000000,0.000000,0.000000,0.000000,0.000000,0.000000,0.000000,0.000000,0.000000,0.000000,0.000000,0.000000,0.000000,0.000000,0.000000,0.000000,0.000000,0.000000
0.000000,0.000000,0.000000,0.000000,0.000000,0.000000,0.000000,0.000000,0.000000,0.000000,0.000000,0.000000,0.000000,0.000000,0.000000,0.000000,0.000000,0.000000,0.000000,0.000000,0.000000,0.000000,0.000000,0.000000,0.000000,0.000000,0.000000,0.000000,1000.000151,1000.000198,1000.000244,1000.000283,1000.000322,1000.000360,1000.000396,1000.000429,1000.000457,1000.000481,1000.000501,1000.000515,1000.000523,1000.000529,1000.000531,1000.000530,1000.000529,1000.000528,1000.000527,1000.000526,1000.000526,1000.000525,1000.000525,1000.000525,1000.000525,1000.000525,1000.000526,1000.000526,1000.000527,1000.000528,1000.000529,1000.000530,1000.000531,1000.000529,1000.000523,1000.000515,1000.000501,1000.000481,1000.000457,1000.000429,1000.000396,1000.000360,1000.000322,1000.000283,1000.000244,1000.000198,1000.000151,0.000000,0.000000,0.000000,0.000000,0.000000,0.000000,0.000000,0.000000,0.000000,0.000000,0.000000,0.000000,0.000000,0.000000,0.000000,0.000000,0.000000,0.000000,0.000000,0.000000,0.000000,0.000000,0.000000,0.000000,0.000000,0.000000,0.000000,0.000000
0.000000,0.000000,0.000000,0.000000,0.000000,0.000000,0.000000,0.000000,0.000000,0.000000,0.000000,0.000000,0.000000,0.000000,0.000000,0.000000,0.000000,0.000000,0.000000,0.000000,0.000000,0.000000,0.000000,0.000000,0.000000,0.000000,1000.000143,1000.000194,1000.000242,1000.000284,1000.000326,1000.000367,1000.000408,1000.000445,1000.000477,1000.000503,1000.000520,1000.000531,1000.000536,1000.000534,1000.000530,1000.000523,1000.000512,1000.000502,1000.000495,1000.000490,1000.000488,1000.000486,1000.000485,1000.000484,1000.000483,1000.000483,1000.000483,1000.000484,1000.000485,1000.000486,1000.000488,1000.000490,1000.000495,1000.000502,1000.000512,1000.000523,1000.000530,1000.000534,1000.000536,1000.000531,1000.000520,1000.000503,1000.000477,1000.000445,1000.000408,1000.000367,1000.000326,1000.000284,1000.000242,1000.000194,1000.000143,0.000000,0.000000,0.000000,0.000000,0.000000,0.000000,0.000000,0.000000,0.000000,0.000000,0.000000,0.000000,0.000000,0.000000,0.000000,0.000000,0.000000,0.000000,0.000000,0.000000,0.000000,0.000000,0.000000,0.000000,0.000000,0.000000
0.000000,0.000000,0.000000,0.000000,0.000000,0.000000,0.000000,0.000000,0.000000,0.000000,0.000000,0.000000,0.000000,0.000000,0.000000,0.000000,0.000000,0.000000,0.000000,0.000000,0.000000,0.000000,0.000000,0.000000,1000.000123,1000.000179,1000.000232,1000.000278,1000.000323,1000.000367,1000.000410,1000.000450,1000.000484,1000.000512,1000.000529,1000.000536,1000.000534,1000.000528,1000.000516,1000.000503,1000.000490,1000.000477,1000.000464,1000.000451,1000.000442,1000.000436,1000.000432,1000.000429,1000.000427,1000.000425,1000.000424,1000.000424,1000.000424,1000.000425,1000.000427,1000.000429,1000.000432,1000.000436,1000.000442,1000.000451,1000.000464,1000.000477,1000.000490,1000.000503,1000.000516,1000.000528,1000.000534,1000.000536,1000.000529,1000.000512,1000.000484,1000.000450,1000.000410,1000.000367,1000.000323,1000.000278,1000.000232,1000.000179,1000.000123,0.000000,0.000000,0.000000,0.000000,0.000000,0.000000,0.000000,0.000000,0.000000,0.000000,0.000000,0.000000,0.000000,0.000000,0.000000,0.000000,0.000000,0.000000,0.000000,0.000000,0.000000,0.000000,0.000000,0.000000
0.000000,0.000000,0.000000,0.000000,0.000000,0.000000,0.000000,0.000000,0.000000,0.000000,0.000000,0.000000,0.000000,0.000000,0.000000,0.000000,0.000000,0.000000,0.000000,0.000000,0.000000,0.000000,0.000000,1000.000149,1000.000209,1000.000261,1000.000311,1000.000359,1000.000406,1000.000448,1000.000485,1000.000514,1000.000532,1000.000537,1000.000532,1000.000518,1000.000502,1000.000484,1000.000467,1000.000450,1000.000435,1000.000422,1000.000410,1000.000398,1000.000389,1000.000382,1000.000377,1000.000373,1000.000370,1000.000368,1000.000367,1000.000367,1000.000367,1000.000368,1000.000370,1000.000373,1000.000377,1000.000382,1000.000389,1000.000398,1000.000410,1000.000422,1000.000435,1000.000450,1000.000467,1000.000484,1000.000502,1000.000518,1000.000532,1000.000537,1000.000532,1000.000514,1000.000485,1000.000448,1000.000406,1000.000359,1000.000311,1000.000261,1000.000209,1000.000149,0.000000,0.000000,0.000000,0.000000,0.000000,0.000000,0.000000,0.000000,0.000000,0.000000,0.000000,0.000000,0.000000,0.000000,0.000000,0.000000,0.000000,0.000000,0.000000,0.000000,0.000000,0.000000,0.000000
0.000000,0.000000,0.000000,0.000000,0.000000,0.000000,0.000000,0.000000,0.000000,0.000000,0.000000,0.000000,0.000000,0.000000,0.000000,0.000000,0.000000,0.000000,0.000000,0.000000,0.000000,1000.000110,1000.000172,1000.000232,1000.000286,1000.000340,1000.000392,1000.000440,1000.000481,1000.000513,1000.000532,1000.000538,1000.000531,1000.000515,1000.000494,1000.000471,1000.000450,1000.000431,1000.000414,1000.000397,1000.000382,1000.000369,1000.000357,1000.000346,1000.000337,1000.000330,1000.000324,1000.000319,1000.000316,1000.000314,1000.000313,1000.000312,1000.000313,1000.000314,1000.000316,1000.000319,1000.000324,1000.000330,1000.000337,1000.000346,1000.000357,1000.000369,1000.000382,1000.000397,1000.000414,1000.000431,1000.000450,1000.000471,1000.000494,1000.000515,1000.000531,1000.000538,1000.000532,1000.000513,1000.000481,1000.000440,1000.000392,1000.000340,1000.000286,1000.000232,1000.000172,1000.000110,0.000000,0.000000,0.000000,0.000000,0.000000,0.000000,0.000000,0.000000,0.000000,0.000000,0.000000,0.000000,0.000000,0.000000,0.000000,0.000000,0.000000,0.000000,0.000000,0.000000,0.000000
0.000000,0.000000,0.000000,0.000000,0.000000,0.000000,0.000000,0.000000,0.000000,0.000000,0.000000,0.000000,0.000000,0.000000,0.000000,0.000000,0.000000,0.000000,0.000000,0.000000,1000.000128,1000.000194,1000.000250,1000.000306,1000.000362,1000.000418,1000.000468,1000.000506,1000.000529,1000.000537,1000.000531,1000.000515,1000.000492,1000.000467,1000.000442,1000.000419,1000.000398,1000.000380,1000.000363,1000.000346,1000.000331,1000.000318,1000.000306,1000.000295,1000.000286,1000.000278,1000.000272,1000.000267,1000.000264,1000.000261,1000.000259,1000.000259,1000.000259,1000.000261,1000.000264,1000.000267,1000.000272,1000.000278,1000.000286,1000.000295,1000.000306,1000.000318,1000.000331,1000.000346,1000.000363,1000.000380,1000.000398,1000.000419,1000.000442,1000.000467,1000.000492,1000.000515,1000.000531,1000.000537,1000.000529,1000.000506,1000.000468,1000.000418,1000.000362,1000.000306,1000.000250,1000.000194,1000.000128,0.000000,0.000000,0.000000,0.000000,0.000000,0.000000,0.000000,0.000000,0.000000,0.000000,0.000000,0.000000,0.000000,0.000000,0.000000,0.000000,0.000000,0.000000,0.000000,0.000000
0.000000,0.000000,0.000000,0.000000,0.000000,0.000000,0.000000,0.000000,0.000000,0.000000,0.000000,0.000000,0.000000,0.000000,0.000000,0.000000,0.000000,0.000000,0.000000,1000.000142,1000.000210,1000.000268,1000.000324,1000.000381,1000.000436,1000.000485,1000.000521,1000.000535,1000.000532,1000.000516,1000.000493,1000.000467,1000.000440,1000.000415,1000.000392,1000.000370,1000.000349,1000.000330,1000.000312,1000.000296,1000.000281,1000.000268,1000.000256,1000.000245,1000.000236,1000.000228,1000.000222,1000.000216,1000.000212,1000.000210,1000.000208,1000.000207,1000.000208,1000.000210,1000.000212,1000.000216,1000.000222,1000.000228,1000.000236,1000.000245,1000.000256,1000.000268,1000.000281,1000.000296,1000.000312,1000.000330,1000.000349,1000.000370,1000.000392,1000.000415,1000.000440,1000.000467,1000.000493,1000.000516,1000.000532,1000.000535,1000.000521,1000.000485,1000.000436,1000.000381,1000.000324,1000.000268,1000.000210,1000.000142,0.000000,0.000000,0.000000,0.000000,0.000000,0.000000,0.000000,0.000000,0.000000,0.000000,0.000000,0.000000,0.000000,0.000000,0.000000,0.000000,0.000000,0.000000,0.000000
0.000000,0.000000,0.000000,0.000000,0.000000,0.000000,0.000000,0.000000,0.000000,0.000000,0.000000,0.000000,0.000000,0.000000,0.000000,0.000000,0.000000,0.000000,1000.000152,1000.000221,1000.000282,1000.000342,1000.000400,1000.000453,1000.000498,1000.000528,1000.000536,1000.000522,1000.000498,1000.000471,1000.000443,1000.000416,1000.000390,1000.000366,1000.000343,1000.000321,1000.000301,1000.000281,1000.000264,1000.000247,1000.000233,1000.000219,1000.000207,1000.000196,1000.000187,1000.000179,1000.000172,1000.000167,1000.000163,1000.000160,1000.000158,1000.000158,1000.000158,1000.000160,1000.000163,1000.000167,1000.000172,1000.000179,1000.000187,1000.000196,1000.000207,1000.000219,1000.000233,1000.000247,1000.000264,1000.000281,1000.000301,1000.000321,1000.000343,1000.000366,1000.000390,1000.000416,1000.000443,1000.000471,1000.000498,1000.000522,1000.000536,1000.000528,1000.000498,1000.000453,1000.000400,1000.000342,1000.000282,1000.000221,1000.000152,0.000000,0.000000,0.000000,0.000000,0.000000,0.000000,0.000000,0.000000,0.000000,0.000000,0.000000,0.000000,0.000000,0.000000,0.000000,0.000000,0.000000,0.000000
0.000000,0.000000,0.000000,0.000000,0.000000,0.000000,0.000000,0.000000,0.000000,0.000000,0.000000,0.000000,0.000000,0.000000,0.000000,0.000000,0.000000,1000.000156,1000.000228,1000.000292,1000.000354,1000.000416,1000.000470,1000.000511,1000.000534,1000.000535,1000.000515,1000.000484,1000.000452,1000.000422,1000.000394,1000.000368,1000.000343,1000.000319,1000.000295,1000.000273,1000.000253,1000.000234,1000.000216,1000.000200,1000.000185,1000.000171,1000.000159,1000.000148,1000.000139,1000.000131,1000.000124,1000.000119,1000.000115,1000.000112,1000.000110,1000.000109,1000.000110,1000.000112,1000.000115,1000.000119,1000.000124,1000.000131,1000.000139,1000.000148,1000.000159,1000.000171,1000.000185,1000.000200,1000.000216,1000.000234,1000.000253,1000.000273,1000.000295,1000.000319,1000.000343,1000.000368,1000.000394,1000.000422,1000.000452,1000.000484,1000.000515,1000.000535,1000.000534,1000.000511,1000.000470,1000.000416,1000.000354,1000.000292,1000.000228,1000.000156,0.000000,0.000000,0.000000,0.000000,0.000000,0.000000,0.000000,0.000000,0.000000,0.000000,0.000000,0.000000,0.000000,0.000000,0.000000,0.000000,0.000000
0.000000,0.000000,0.000000,0.000000,0.000000,0.000000,0.000000,0.000000,0.000000,0.000000,0.000000,0.000000,0.000000,0.000000,0.000000,0.000000,1000.000158,1000.000231,1000.000296,1000.000361,1000.000425,1000.000481,1000.000520,1000.000536,1000.000529,1000.000506,1000.000474,1000.000438,1000.000405,1000.000376,1000.000349,1000.000322,1000.000296,1000.000272,1000.000249,1000.000227,1000.000207,1000.000188,1000.000170,1000.000154,1000.000139,1000.000125,1000.000113,1000.000102,1000.000093,1000.000084,1000.000078,1000.000072,1000.000068,1000.000065,1000.000063,1000.000062,1000.000063,1000.000065,1000.000068,1000.000072,1000.000078,1000.000084,1000.000093,1000.000102,1000.000113,1000.000125,1000.000139,1000.000154,1000.000170,1000.000188,1000.000207,1000.000227,1000.000249,1000.000272,1000.000296,1000.000322,1000.000349,1000.000376,1000.000405,1000.000438,1000.000474,1000.000506,1000.000529,1000.000536,1000.000520,1000.000481,1000.000425,1000.000361,1000.000296,1000.000231,1000.000158,0.000000,0.000000,0.000000,0.000000,0.000000,0.000000,0.000000,0.000000,0.000000,0.000000,0.000000,0.000000,0.000000,0.000000,0.000000,0.000000
0.000000,0.000000,0.000000,0.000000,0.000000,0.000000,0.000000,0.000000,0.000000,0.000000,0.000000,0.000000,0.000000,0.000000,0.000000,1000.000156,1000.000231,1000.000298,1000.000363,1000.000429,1000.000485,1000.000525,1000.000536,1000.000521,1000.000494,1000.000461,1000.000426,1000.000392,1000.000362,1000.000332,1000.000303,1000.000276,1000.000251,1000.000227,1000.000204,1000.000182,1000.000162,1000.000143,1000.000125,1000.000109,1000.000094,1000.000080,1000.000068,1000.000057,1000.000047,1000.000039,1000.000032,1000.000027,1000.000022,1000.000019,1000.000017,1000.000017,1000.000017,1000.000019,1000.000022,1000.000027,1000.000032,1000.000039,1000.000047,1000.000057,1000.000068,1000.000080,1000.000094,1000.000109,1000.000125,1000.000143,1000.000162,1000.000182,1000.000204,1000.000227,1000.000251,1000.000276,1000.000303,1000.000332,1000.000362,1000.000392,1000.000426,1000.000461,1000.000494,1000.000521,1000.000536,1000.000525,1000.000485,1000.000429,1000.000363,1000.000298,1000.000231,1000.000156,0.000000,0.000000,0.000000,0.000000,0.000000,0.000000,0.000000,0.000000,0.000000,0.000000,0.000000,0.000000,0.000000,0.000000,0.000000
0.000000,0.000000,0.000000,0.000000,0.000000,0.000000,0.000000,0.000000,0.000000,0.000000,0.000000,0.000000,0.000000,0.000000,1000.000152,1000.000228,1000.000296,1000.000363,1000.000430,1000.000487,1000.000527,1000.000536,1000.000517,1000.000485,1000.000449,1000.000414,1000.000381,1000.000349,1000.000318,1000.000288,1000.000259,1000.000233,1000.000207,1000.000183,1000.000160,1000.000138,1000.000118,1000.000099,1000.000081,1000.000065,1000.000050,1000.000036,1000.000024,1000.000013,1000.000004,999.999995,999.999988,999.999983,999.999978,999.999975,999.999973,999.999972,999.999973,999.999975,999.999978,999.999983,999.999988,999.999995,1000.000004,1000.000013,1000.000024,1000.000036,1000.000050,1000.000065,1000.000081,1000.000099,1000.000118,1000.000138,1000.000160,1000.000183,1000.000207,1000.000233,1000.000259,1000.000288,1000.000318,1000.000349,1000.000381,1000.000414,1000.000449,1000.000485,1000.000517,1000.000536,1000.000527,1000.000487,1000.000430,1000.000363,1000.000296,1000.000228,1000.000152,0.000000,0.000000,0.000000,0.000000,0.000000,0.000000,0.000000,0.000000,0.000000,0.000000,0.000000,0.000000,0.000000,0.000000
0.000000,0.000000,0.000000,0.000000,0.000000,0.000000,0.000000,0.000000,0.000000,0.000000,0.000000,0.000000,0.000000,1000.000142,1000.000221,1000.000292,1000.000361,1000.000429,1000.000487,1000.000527,1000.000536,1000.000516,1000.000482,1000.000443,1000.000405,1000.000371,1000.000339,1000.000307,1000.000275,1000.000245,1000.000217,1000.000190,1000.000165,1000.000140,1000.000117,1000.000096,1000.000076,1000.000057,1000.000039,1000.000022,1000.000008,999.999994,999.999982,999.999971,999.999961,999.999953,999.999946,999.999940,999.999935,999.999932,999.999930,999.999930,999.999930,999.999932,999.999935,999.999940,999.999946,999.999953,999.999961,999.999971,999.999982,999.999994,1000.000008,1000.000022,1000.000039,1000.000057,1000.000076,1000.000096,1000.000117,1000.000140,1000.000165,1000.000190,1000.000217,1000.000245,1000.000275,1000.000307,1000.000339,1000.000371,1000.000405,1000.000443,1000.000482,1000.000516,1000.000536,1000.000527,1000.000487,1000.000429,1000.000361,1000.000292,1000.000221,1000.000142,0.000000,0.000000,0.000000,0.000000,0.000000,0.000000,0.000000,0.000000,0.000000,0.000000,0.000000,0.000000,0.000000
0.000000,0.000000,0.000000,0.000000,0.000000,0.000000,0.000000,0.000000,0.000000,0.000000,0.000000,0.000000,1000.000128,1000.000210,1000.000282,1000.000354,1000.000425,1000.000485,1000.000527,1000.000536,1000.000516,1000.000480,1000.000440,1000.000400,1000.000365,1000.000331,1000.000297,1000.000265,1000.000234,1000.000204,1000.000176,1000.000149,1000.000123,1000.000099,1000.000076,1000.000055,1000.000034,1000.000015,999.999998,999.999981,999.999966,999.999953,999.999940,999.999929,999.999920,999.999911,999.999904,999.999898,999.999894,999.999891,999.999889,999.999888,999.999889,999.999891,999.999894,999.999898,999.999904,999.999911,999.999920,999.999929,999.999940,999.999953,999.999966,999.999981,999.999998,1000.000015,1000.000034,1000.000055,1000.000076,1000.000099,1000.000123,1000.000149,1000.000176,1000.000204,1000.000234,1000.000265,1000.000297,1000.000331,1000.000365,1000.000400,1000.000440,1000.000480,1000.000516,1000.000536,1000.000527,1000.000485,1000.000425,1000.000354,1000.000282,1000.000210,1000.000128,0.000000,0.000000,0.000000,0.000000,0.000000,0.000000,0.000000,0.000000,0.000000,0.000000,0.000000,0.000000
0.000000,0.000000,0.000000,0.000000,0.000000,0.000000,0.000000,0.000000,0.000000,0.000000,0.000000,1000.000110,1000.000194,1000.000268,1000.000342,1000.000416,1000.000481,1000.000525,1000.000536,1000.000516,1000.000480,1000.000439,1000.000398,1000.000361,1000.000326,1000.000290,1000.000257,1000.000225,1000.000194,1000.000165,1000.000136,1000.000109,1000.000084,1000.000059,1000.000036,1000.000015,999.999994,999.999975,999.999958,999.999941,999.999926,999.999913,999.999900,999.999889,999.999880,999.999871,999.999864,999.999858,999.999854,999.999851,999.999849,999.999848,999.999849,999.999851,999.999854,999.999858,999.999864,999.999871,999.999880,999.999889,999.999900,999.999913,999.999926,999.999941,999.999958,999.999975,999.999994,1000.000015,1000.000036,1000.000059,1000.000084,1000.000109,1000.000136,1000.000165,1000.000194,1000.000225,1000.000257,1000.000290,1000.000326,1000.000361,1000.000398,1000.000439,1000.000480,1000.000516,1000.000536,1000.000525,1000.000481,1000.000416,1000.000342,1000.000268,1000.000194,1000.000110,0.000000,0.000000,0.000000,0.000000,0.000000,0.000000,0.000000,0.000000,0.000000,0.000000,0.000000
0.000000,0.000000,0.000000,0.000000,0.000000,0.000000,0.000000,0.000000,0.000000,0.000000,0.000000,1000.000172,1000.000250,1000.000324,1000.000400,1000.000470,1000.000520,1000.000536,1000.000517,1000.000482,1000.000440,1000.000398,1000.000360,1000.000323,1000.000287,1000.000252,1000.000218,1000.000186,1000.000155,1000.000126,1000.000098,1000.000071,1000.000045,1000.000021,999.999998,999.999976,999.999956,999.999937,999.999919,999.999903,999.999888,999.999874,999.999862,999.999851,999.999841,999.999833,999.999825,999.999820,999.999815,999.999812,999.999810,999.999809,999.999810,999.999812,999.999815,999.999820,999.999825,999.999833,999.999841,999.999851,999.999862,999.999874,999.999888,999.999903,999.999919,999.999937,999.999956,999.999976,999.999998,1000.000021,1000.000045,1000.000071,1000.000098,1000.000126,1000.000155,1000.000186,1000.000218,1000.000252,1000.000287,1000.000323,1000.000360,1000.000398,1000.000440,1000.000482,1000.000517,1000.000536,1000.000520,1000.000470,1000.000400,1000.000324,1000.000250,1000.000172,0.000000,0.000000,0.000000,0.000000,0.000000,0.000000,0.000000,0.000000,0.000000,0.000000,0.000000
0.000000,0.000000,0.000000,0.000000,0.000000,0.000000,0.000000,0.000000,0.000000,0.000000,1000.000149,1000.000232,1000.000306,1000.000381,1000.000453,1000.000511,1000.000536,1000.000521,1000.000485,1000.000443,1000.000400,1000.000361,1000.000323,1000.000285,1000.000249,1000.000215,1000.000181,1000.000149,1000.000118,1000.000088,1000.000060,1000.000033,1000.000008,999.999983,999.999961,999.999939,999.999919,999.999900,999.999882,999.999866,999.999851,999.999837,999.999824,999.999813,999.999804,999.999795,999.999788,999.999782,999.999778,999.999774,999.999773,999.999772,999.999773,999.999774,999.999778,999.999782,999.999788,999.999795,999.999804,999.999813,999.999824,999.999837,999.999851,999.999866,999.999882,999.999900,999.999919,999.999939,999.999961,999.999983,1000.000008,1000.000033,1000.000060,1000.000088,1000.000118,1000.000149,1000.000181,1000.000215,1000.000249,1000.000285,1000.000323,1000.000361,1000.000400,1000.000443,1000.000485,1000.000521,1000.000536,1000.000511,1000.000453,1000.000381,1000.000306,1000.000232,1000.000149,0.000000,0.000000,0.000000,0.000000,0.000000,0.000000,0.000000,0.000000,0.000000,0.000000
0.000000,0.000000,0.000000,0.000000,0.000000,0.000000,0.000000,0.000000,0.000000,1000.000123,1000.000209,1000.000286,1000.000362,1000.000436,1000.000498,1000.000534,1000.000529,1000.000494,1000.000449,1000.000405,1000.000365,1000.000326,1000.000287,1000.000249,1000.000213,1000.000179,1000.000145,1000.000113,1000.000082,1000.000052,1000.000024,999.999997,999.999972,999.999947,999.999925,999.999903,999.999883,999.999864,999.999846,999.999830,999.999815,999.999801,999.999788,999.999777,999.999768,999.999759,999.999752,999.999746,999.999742,999.999738,999.999736,999.999736,999.999736,999.999738,999.999742,999.999746,999.999752,999.999759,999.999768,999.999777,999.999788,999.999801,999.999815,999.999830,999.999846,999.999864,999.999883,999.999903,999.999925,999.999947,999.999972,999.999997,1000.000024,1000.000052,1000.000082,1000.000113,1000.000145,1000.000179,1000.000213,1000.000249,1000.000287,1000.000326,1000.000365,1000.000405,1000.000449,1000.000494,1000.000529,1000.000534,1000.000498,1000.000436,1000.000362,1000.000286,1000.000209,1000.000123,0.000000,0.000000,0.000000,0.000000,0.000000,0.000000,0.000000,0.000000,0.000000
0.000000,0.000000,0.000000,0.000000,0.000000,0.000000,0.000000,0.000000,0.000000,1000.000179,1000.000261,1000.000340,1000.000418,1000.000485,1000.000528,1000.000535,1000.000506,1000.000461,1000.000414,1000.000371,1000.000331,1000.000290,1000.000252,1000.000215,1000.000179,1000.000144,1000.000110,1000.000078,1000.000047,1000.000018,999.999989,999.999963,999.999937,999.999913,999.999890,999.999868,999.999848,999.999829,999.999811,999.999795,999.999780,999.999766,999.999754,999.999743,999.999733,999.999724,999.999717,999.999711,999.999707,999.999704,999.999702,999.999701,999.999702,999.999704,999.999707,999.999711,999.999717,999.999724,999.999733,999.999743,999.999754,999.999766,999.999780,999.999795,999.999811,999.999829,999.999848,999.999868,999.999890,999.999913,999.999937,999.999963,999.999989,1000.000018,1000.000047,1000.000078,1000.000110,1000.000144,1000.000179,1000.000215,1000.000252,1000.000290,1000.000331,1000.000371,1000.000414,1000.000461,1000.000506,1000.000535,1000.000528,1000.000485,1000.000418,1000.000340,1000.000261,1000.000179,0.000000,0.000000,0.000000,0.000000,0.000000,0.000000,0.000000,0.000000,0.000000
0.000000,0.000000,0.000000,0.000000,0.000000,0.000000,0.000000,0.000000,1000.000143,1000.000232,1000.000311,1000.000392,1000.000468,1000.000521,1000.000536,1000.000515,1000.000474,1000.000426,1000.000381,1000.000339,1000.000297,1000.000257,1000.000218,1000.000181,1000.000145,1000.000110,1000.000077,1000.000045,1000.000014,999.999984,999.999956,999.999929,999.999904,999.999879,999.999856,999.999835,999.999815,999.999796,999.999778,999.999762,999.999746,999.999733,999.999720,999.999709,999.999699,999.999691,999.999684,999.999678,999.999673,999.999670,999.999668,999.999668,999.999668,999.999670,999.999673,999.999678,999.999684,999.999691,999.999699,999.999709,999.999720,999.999733,999.999746,999.999762,999.999778,999.999796,999.999815,999.999835,999.999856,999.999879,999.999904,999.999929,999.999956,999.999984,1000.000014,1000.000045,1000.000077,1000.000110,1000.000145,1000.000181,1000.000218,1000.000257,1000.000297,1000.000339,1000.000381,1000.000426,1000.000474,1000.000515,1000.000536,1000.000521,1000.000468,1000.000392,1000.000311,1000.000232,1000.000143,0.000000,0.000000,0.000000,0.000000,0.000000,0.000000,0.000000,0.000000
0.000000,0.000000,0.000000,0.000000,0.000000,0.000000,0.000000,0.000000,1000.000194,1000.000278,1000.000359,1000.000440,1000.000506,1000.000535,1000.000522,1000.000484,1000.000438,1000.000392,1000.000349,1000.000307,1000.000265,1000.000225,1000.000186,1000.000149,1000.000113,1000.000078,1000.000045,1000.000012,999.999982,999.999952,999.999924,999.999897,999.999872,999.999847,999.999824,999.999803,999.999782,999.999763,999.999746,999.999729,999.999714,999.999701,999.999688,999.999677,999.999667,999.999659,999.999652,999.999646,999.999641,999.999638,999.999636,999.999635,999.999636,999.999638,999.999641,999.999646,999.999652,999.999659,999.999667,999.999677,999.999688,999.999701,999.999714,999.999729,999.999746,999.999763,999.999782,999.999803,999.999824,999.999847,999.999872,999.999897,999.999924,999.999952,999.999982,1000.000012,1000.000045,1000.000078,1000.000113,1000.000149,1000.000186,1000.000225,1000.000265,1000.000307,1000.000349,1000.000392,1000.000438,1000.000484,1000.000522,1000.000535,1000.000506,1000.000440,1000.000359,1000.000278,1000.000194,0.000000,0.000000,0.000000,0.000000,0.000000,0.000000,0.000000,0.000000
0.000000,0.000000,0.000000,0.000000,0.000000,0.000000,0.000000,1000.000151,1000.000242,1000.000323,1000.000406,1000.000481,1000.000529,1000.000532,1000.000498,1000.000452,1000.000405,1000.000362,1000.000318,1000.000275,1000.000234,1000.000194,1000.000155,1000.000118,1000.000082,1000.000047,1000.000014,999.999982,999.999951,999.999921,999.999893,999.999866,999.999841,999.999817,999.999794,999.999772,999.999752,999.999733,999.999715,999.999699,999.999684,999.999670,999.999657,999.999646,999.999637,999.999628,999.999621,999.999615,999.999610,999.999607,999.999605,999.999605,999.999605,999.999607,999.999610,999.999615,999.999621,999.999628,999.999637,999.999646,999.999657,999.999670,999.999684,999.999699,999.999715,999.999733,999.999752,999.999772,999.999794,999.999817,999.999841,999.999866,999.999893,999.999921,999.999951,999.999982,1000.000014,1000.000047,1000.000082,1000.000118,1000.000155,1000.000194,1000.000234,1000.000275,1000.000318,1000.000362,1000.000405,1000.000452,1000.000498,1000.000532,1000.000529,1000.000481,1000.000406,1000.000323,1000.000242,1000.000151,0.000000,0.000000,0.000000,0.000000,0.000000,0.000000,0.000000
0.000000,0.000000,0.000000,0.000000,0.000000,0.000000,0.000000,1000.000198,1000.000284,1000.000367,1000.000448,1000.000513,1000.000537,1000.000516,1000.000471,1000.000422,1000.000376,1000.000332,1000.000288,1000.000245,1000.000204,1000.000165,1000.000126,1000.000088,1000.000052,1000.000018,999.999984,999.999952,999.999921,999.999892,999.999864,999.999837,999.999811,999.999787,999.999764,999.999743,999.999722,999.999703,999.999686,999.999669,999.999654,999.999640,999.999628,999.999617,999.999607,999.999599,999.999591,999.999585,999.999581,999.999578,999.999576,999.999575,999.999576,999.999578,999.999581,999.999585,999.999591,999.999599,999.999607,999.999617,999.999628,999.999640,999.999654,999.999669,999.999686,999.999703,999.999722,999.999743,999.999764,999.999787,999.999811,999.999837,999.999864,999.999892,999.999921,999.999952,999.999984,1000.000018,1000.000052,1000.000088,1000.000126,1000.000165,1000.000204,1000.000245,1000.000288,1000.000332,1000.000376,1000.000422,1000.000471,1000.000516,1000.000537,1000.000513,1000.000448,1000.000367,1000.000284,1000.000198,0.000000,0.000000,0.000000,0.000000,0.000000,0.000000,0.000000
0.000000,0.000000,0.000000,0.000000,0.000000,0.000000,1000.000152,1000.000244,1000.000326,1000.000410,1000.000485,1000.000532,1000.000531,1000.000493,1000.000443,1000.000394,1000.000349,1000.000303,1000.000259,1000.000217,1000.000176,1000.000136,1000.000098,1000.000060,1000.000024,999.999989,999.999956,999.999924,999.999893,999.999864,999.999836,999.999809,999.999783,999.999759,999.999736,999.999714,999.999694,999.999675,999.999657,999.999641,999.999626,999.999612,999.999600,999.999589,999.999579,999.999570,999.999563,999.999557,999.999553,999.999549,999.999548,999.999547,999.999548,999.999549,999.999553,999.999557,999.999563,999.999570,999.999579,999.999589,999.999600,999.999612,999.999626,999.999641,999.999657,999.999675,999.999694,999.999714,999.999736,999.999759,999.999783,999.999809,999.999836,999.999864,999.999893,999.999924,999.999956,999.999989,1000.000024,1000.000060,1000.000098,1000.000136,1000.000176,1000.000217,1000.000259,1000.000303,1000.000349,1000.000394,1000.000443,1000.000493,1000.000531,1000.000532,1000.000485,1000.000410,1000.000326,1000.000244,1000.000152,0.000000,0.000000,0.000000,0.000000,0.000000,0.000000
0.000000,0.000000,0.000000,0.000000,0.000000,0.000000,1000.000195,1000.000283,1000.000367,1000.000450,1000.000514,1000.000538,1000.000515,1000.000467,1000.000416,1000.000368,1000.000322,1000.000276,1000.000233,1000.000190,1000.000149,1000.000109,1000.000071,1000.000033,999.999997,999.999963,999.999929,999.999897,999.999866,999.999837,999.999809,999.999782,999.999756,999.999732,999.999709,999.999688,999.999667,999.999648,999.999631,999.999614,999.999599,999.999585,999.999573,999.999562,999.999552,999.999544,999.999536,999.999530,999.999526,999.999523,999.999521,999.999520,999.999521,999.999523,999.999526,999.999530,999.999536,999.999544,999.999552,999.999562,999.999573,999.999585,999.999599,999.999614,999.999631,999.999648,999.999667,999.999688,999.999709,999.999732,999.999756,999.999782,999.999809,999.999837,999.999866,999.999897,999.999929,999.999963,999.999997,1000.000033,1000.000071,1000.000109,1000.000149,1000.000190,1000.000233,1000.000276,1000.000322,1000.000368,1000.000416,1000.000467,1000.000515,1000.000538,1000.000514,1000.000450,1000.000367,1000.000283,1000.000195,0.000000,0.000000,0.000000,0.000000,0.000000,0.000000
0.000000,0.000000,0.000000,0.000000,0.000000,1000.000145,1000.000238,1000.000322,1000.000408,1000.000484,1000.000532,1000.000531,1000.000492,1000.000440,1000.000390,1000.000343,1000.000296,1000.000251,1000.000207,1000.000165,1000.000123,1000.000084,1000.000045,1000.000008,999.999972,999.999937,999.999904,999.999872,999.999841,999.999811,999.999783,999.999756,999.999731,999.999707,999.999684,999.999662,999.999642,999.999623,999.999605,999.999589,999.999574,999.999560,999.999547,999.999536,999.999526,999.999518,999.999511,999.999505,999.999500,999.999497,999.999495,999.999494,999.999495,999.999497,999.999500,999.999505,999.999511,999.999518,999.999526,999.999536,999.999547,999.999560,999.999574,999.999589,999.999605,999.999623,999.999642,999.999662,999.999684,999.999707,999.999731,999.999756,999.999783,999.999811,999.999841,999.999872,999.999904,999.999937,999.999972,1000.000008,1000.000045,1000.000084,1000.000123,1000.000165,1000.000207,1000.000251,1000.000296,1000.000343,1000.000390,1000.000440,1000.000492,1000.000531,1000.000532,1000.000484,1000.000408,1000.000322,1000.000238,1000.000145,0.000000,0.000000,0.000000,0.000000,0.000000
0.000000,0.000000,0.000000,0.000000,0.000000,1000.000184,1000.000274,1000.000360,1000.000445,1000.000512,1000.000537,1000.000515,1000.000467,1000.000415,1000.000366,1000.000319,1000.000272,1000.000227,1000.000183,1000.000140,1000.000099,1000.000059,1000.000021,999.999983,999.999947,999.999913,999.999879,999.999847,999.999817,999.999787,999.999759,999.999732,999.999707,999.999682,999.999659,999.999638,999.999617,999.999598,999.999581,999.999564,999.999549,999.999536,999.999523,999.999512,999.999502,999.999494,999.999487,999.999481,999.999476,999.999473,999.999471,999.999470,999.999471,999.999473,999.999476,999.999481,999.999487,999.999494,999.999502,999.999512,999.999523,999.999536,999.999549,999.999564,999.999581,999.999598,999.999617,999.999638,999.999659,999.999682,999.999707,999.999732,999.999759,999.999787,999.999817,999.999847,999.999879,999.999913,999.999947,999.999983,1000.000021,1000.000059,1000.000099,1000.000140,1000.000183,1000.000227,1000.000272,1000.000319,1000.000366,1000.000415,1000.000467,1000.000515,1000.000537,1000.000512,1000.000445,1000.000360,1000.000274,1000.000184,0.000000,0.000000,0.000000,0.000000,0.000000
0.000000,0.000000,0.000000,0.000000,1000.000127,1000.000221,1000.000308,1000.000396,1000.000477,1000.000529,1000.000532,1000.000494,1000.000442,1000.000392,1000.000343,1000.000295,1000.000249,1000.000204,1000.000160,1000.000117,1000.000076,1000.000036,999.999998,999.999961,999.999925,999.999890,999.999856,999.999824,999.999794,999.999764,999.999736,999.999709,999.999684,999.999659,999.999636,999.999615,999.999595,999.999576,999.999558,999.999541,999.999526,999.999513,999.999500,999.999489,999.999479,999.999471,999.999464,999.999458,999.999453,999.999450,999.999448,999.999447,999.999448,999.999450,999.999453,999.999458,999.999464,999.999471,999.999479,999.999489,999.999500,999.999513,999.999526,999.999541,999.999558,999.999576,999.999595,999.999615,999.999636,999.999659,999.999684,999.999709,999.999736,999.999764,999.999794,999.999824,999.999856,999.999890,999.999925,999.999961,999.999998,1000.000036,1000.000076,1000.000117,1000.000160,1000.000204,1000.000249,1000.000295,1000.000343,1000.000392,1000.000442,1000.000494,1000.000532,1000.000529,1000.000477,1000.000396,1000.000308,1000.000221,1000.000127,0.000000,0.000000,0.000000,0.000000
0.000000,0.000000,0.000000,0.000000,1000.000162,1000.000252,1000.000340,1000.000429,1000.000503,1000.000536,1000.000518,1000.000471,1000.000419,1000.000370,1000.000321,1000.000273,1000.000227,1000.000182,1000.000138,1000.000096,1000.000055,1000.000015,999.999976,999.999939,999.999903,999.999868,999.999835,999.999803,999.999772,999.999743,999.999714,999.999688,999.999662,999.999638,999.999615,999.999593,999.999573,999.999554,999.999536,999.999520,999.999505,999.999491,999.999479,999.999467,999.999458,999.999449,999.999442,999.999436,999.999431,999.999428,999.999426,999.999426,999.999426,999.999428,999.999431,999.999436,999.999442,999.999449,999.999458,999.999467,999.999479,999.999491,999.999505,999.999520,999.999536,999.999554,999.999573,999.999593,999.999615,999.999638,999.999662,999.999688,999.999714,999.999743,999.999772,999.999803,999.999835,999.999868,999.999903,999.999939,999.999976,1000.000015,1000.000055,1000.000096,1000.000138,1000.000182,1000.000227,1000.000273,1000.000321,1000.000370,1000.000419,1000.000471,1000.000518,1000.000536,1000.000503,1000.000429,1000.000340,1000.000252,1000.000162,0.000000,0.000000,0.000000,0.000000
