0.000000,0.000000,0.000000,0.000000,0.000000,0.000000,0.000000,0.000000,0.000000,0.000000,0.000000,0.000000,0.000000,0.000000,0.000000,0.000000,0.000000,0.000000,0.000000,0.000000,0.000000,0.000000,0.000000,0.000000,0.000000,0.000000,0.000000,0.000000,0.000000,0.000000,0.000000,0.000000,0.000000,0.000000,0.000000,0.000000,0.000000,0.000000,0.000000,0.000000,0.000000,0.000000,0.000000,0.000000,0.000000,0.000000,0.000000,0.000000,0.000000,0.000000,0.000000,0.000000,0.000000,0.000000,0.000000,0.000000,0.000000,0.000000,0.000000,0.000000,0.000000,0.000000,0.000000,0.000000,0.000000,0.000000,0.000000,0.000000,0.000000,0.000000,0.000000,0.000000,0.000000,0.000000,0.000000,0.000000,0.000000,0.000000,0.000000,0.000000,0.000000,0.000000,0.000000,0.000000,0.000000,0.000000,0.000000,0.000000,0.000000,0.000000,0.000000,0.000000,0.000000,0.000000,0.000000,0.000000,0.000000,0.000000,0.000000,0.000000,0.000000,0.000000,0.000000
0.000000,0.000000,0.000000,0.000000,0.000000,0.000000,0.000000,0.000000,0.000000,0.000000,0.000000,0.000000,0.000000,0.000000,0.000000,0.000000,0.000000,0.000000,0.000000,0.000000,0.000000,0.000000,0.000000,0.000000,0.000000,0.000000,0.000000,0.000000,0.000000,0.000000,0.000000,0.000000,0.000000,0.000000,0.000000,0.000000,0.000000,0.000000,0.000000,0.000000,0.000000,0.000000,0.000000,0.000000,0.000000,0.000000,0.000000,0.000000,0.000000,0.000000,0.000000,1000.000055,0.000000,0.000000,0.000000,0.000000,0.000000,0.000000,0.000000,0.000000,0.000000,0.000000,0.000000,0.000000,0.000000,0.000000,0.000000,0.000000,0.000000,0.000000,0.000000,0.000000,0.000000,0.000000,0.000000,0.000000,0.000000,0.000000,0.000000,0.000000,0.000000,0.000000,0.000000,0.000000,0.000000,0.000000,0.000000,0.000000,0.000000,0.000000,0.000000,0.000000,0.000000,0.000000,0.000000,0.000000,0.000000,0.000000,0.000000,0.000000,0.000000,0.000000,0.000000
0.000000,0.000000,0.000000,0.000000,0.000000,0.000000,0.000000,0.000000,0.000000,0.000000,0.000000,0.000000,0.000000,0.000000,0.000000,0.000000,0.000000,0.000000,0.000000,0.000000,0.000000,0.000000,0.000000,0.000000,0.000000,0.000000,0.000000,0.000000,0.000000,0.000000,0.000000,0.000000,0.000000,0.000000,0.000000,0.000000,0.000000,0.000000,0.000000,0.000000,0.000000,0.000000,1000.000100,1000.000116,1000.000124,1000.000129,1000.000131,1000.000132,1000.000132,1000.000131,1000.000131,1000.000134,1000.000131,1000.000131,1000.000132,1000.000132,1000.000131,1000.000129,1000.000124,1000.000116,1000.000100,0.000000,0.000000,0.000000,0.000000,0.000000,0.000000,0.000000,0.000000,0.000000,0.000000,0.000000,0.000000,0.000000,0.000000,0.000000,0.000000,0.000000,0.000000,0.000000,0.000000,0.000000,0.000000,0.000000,0.000000,0.000000,0.000000,0.000000,0.000000,0.000000,0.000000,0.000000,0.000000,0.000000,0.000000,0.000000,0.000000,0.000000,0.000000,0.000000,0.000000,0.000000,0.000000
0.000000,0.000000,0.000000,0.000000,0.000000,0.000000,0.000000,0.000000,0.000000,0.000000,0.000000,0.000000,0.000000,0.000000,0.000000,0.000000,0.000000,0.000000,0.000000,0.000000,0.000000,0.000000,0.000000,0.000000,0.000000,0.000000,0.000000,0.000000,0.000000,0.000000,0.000000,0.000000,0.000000,0.000000,0.000000,0.000000,0.000000,1000.000096,1000.000120,1000.000139,1000.000155,1000.000167,1000.000179,1000.000189,1000.000197,1000.000203,1000.000206,1000.000207,1000.000208,1000.000208,1000.000208,1000.000209,1000.000208,1000.000208,1000.000208,1000.000207,1000.000206,1000.000203,1000.000197,1000.000189,1000.000179,1000.000167,1000.000155,1000.000139,1000.000120,1000.000096,0.000000,0.000000,0.000000,0.000000,0.000000,0.000000,0.000000,0.000000,0.000000,0.000000,0.000000,0.000000,0.000000,0.000000,0.000000,0.000000,0.000000,0.000000,0.000000,0.000000,0.000000,0.000000,0.000000,0.000000,0.000000,0.000000,0.000000,0.000000,0.000000,0.000000,0.000000,0.000000,0.000000,0.000000,0.000000,0.000000,0.000000
0.000000,0.000000,0.000000,0.000000,0.000000,0.000000,0.000000,0.000000,0.000000,0.000000,0.000000,0.000000,0.000000,0.000000,0.000000,0.000000,0.000000,0.000000,0.000000,0.000000,0.000000,0.000000,0.000000,0.000000,0.000000,0.000000,0.000000,0.000000,0.000000,0.000000,0.000000,0.000000,0.000000,0.000000,1000.000100,1000.000128,1000.000150,1000.000173,1000.000193,1000.000210,1000.000227,1000.000241,1000.000254,1000.000264,1000.000272,1000.000276,1000.000279,1000.000281,1000.000282,1000.000282,1000.000283,1000.000282,1000.000283,1000.000282,1000.000282,1000.000281,1000.000279,1000.000276,1000.000272,1000.000264,1000.000254,1000.000241,1000.000227,1000.000210,1000.000193,1000.000173,1000.000150,1000.000128,1000.000100,0.000000,0.000000,0.000000,0.000000,0.000000,0.000000,0.000000,0.000000,0.000000,0.000000,0.000000,0.000000,0.000000,0.000000,0.000000,0.000000,0.000000,0.000000,0.000000,0.000000,0.000000,0.000000,0.000000,0.000000,0.000000,0.000000,0.000000,0.000000,0.000000,0.000000,0.000000,0.000000,0.000000,0.000000
0.000000,0.000000,0.000000,0.000000,0.000000,0.000000,0.000000,0.000000,0.000000,0.000000,0.000000,0.000000,0.000000,0.000000,0.000000,0.000000,0.000000,0.000000,0.000000,0.000000,0.000000,0.000000,0.000000,0.000000,0.000000,0.000000,0.000000,0.000000,0.000000,0.000000,0.000000,0.000000,1000.000114,1000.000145,1000.000175,1000.000199,1000.000222,1000.000244,1000.000264,1000.000281,1000.000298,1000.000314,1000.000328,1000.000339,1000.000346,1000.000349,1000.000352,1000.000353,1000.000353,1000.000354,1000.000354,1000.000354,1000.000354,1000.000354,1000.000353,1000.000353,1000.000352,1000.000349,1000.000346,1000.000339,1000.000328,1000.000314,1000.000298,1000.000281,1000.000264,1000.000244,1000.000222,1000.000199,1000.000175,1000.000145,1000.000114,0.000000,0.000000,0.000000,0.000000,0.000000,0.000000,0.000000,0.000000,0.000000,0.000000,0.000000,0.000000,0.000000,0.000000,0.000000,0.000000,0.000000,0.000000,0.000000,0.000000,0.000000,0.000000,0.000000,0.000000,0.000000,0.000000,0.000000,0.000000,0.000000,0.000000,0.000000,0.000000
0.000000,0.000000,0.000000,0.000000,0.000000,0.000000,0.000000,0.000000,0.000000,0.000000,0.000000,0.000000,0.000000,0.000000,0.000000,0.000000,0.000000,0.000000,0.000000,0.000000,0.000000,0.000000,0.000000,0.000000,0.000000,0.000000,0.000000,0.000000,0.000000,0.000000,1000.000120,1000.000154,1000.000188,1000.000216,1000.000243,1000.000268,1000.000293,1000.000315,1000.000335,1000.000352,1000.000367,1000.000380,1000.000392,1000.000400,1000.000404,1000.000406,1000.000407,1000.000408,1000.000408,1000.000408,1000.000408,1000.000408,1000.000408,1000.000408,1000.000408,1000.000408,1000.000407,1000.000406,1000.000404,1000.000400,1000.000392,1000.000380,1000.000367,1000.000352,1000.000335,1000.000315,1000.000293,1000.000268,1000.000243,1000.000216,1000.000188,1000.000154,1000.000120,0.000000,0.000000,0.000000,0.000000,0.000000,0.000000,0.000000,0.000000,0.000000,0.000000,0.000000,0.000000,0.000000,0.000000,0.000000,0.000000,0.000000,0.000000,0.000000,0.000000,0.000000,0.000000,0.000000,0.000000,0.000000,0.000000,0.000000,0.000000,0.000000,0.000000
0.000000,0.000000,0.000000,0.000000,0.000000,0.000000,0.000000,0.000000,0.000000,0.000000,0.000000,0.000000,0.000000,0.000000,0.000000,0.000000,0.000000,0.000000,0.000000,0.000000,0.000000,0.000000,0.000000,0.000000,0.000000,0.000000,0.000000,0.000000,1000.000119,1000.000156,1000.000192,1000.000223,1000.000254,1000.000284,1000.000313,1000.000339,1000.000362,1000.000381,1000.000397,1000.000408,1000.000415,1000.000420,1000.000421,1000.000420,1000.000419,1000.000419,1000.000418,1000.000418,1000.000417,1000.000417,1000.000417,1000.000416,1000.000417,1000.000417,1000.000417,1000.000418,1000.000418,1000.000419,1000.000419,1000.000420,1000.000421,1000.000420,1000.000415,1000.000408,1000.000397,1000.000381,1000.000362,1000.000339,1000.000313,1000.000284,1000.000254,1000.000223,1000.000192,1000.000156,1000.000119,0.000000,0.000000,0.000000,0.000000,0.000000,0.000000,0.000000,0.000000,0.000000,0.000000,0.000000,0.000000,0.000000,0.000000,0.000000,0.000000,0.000000,0.000000,0.000000,0.000000,0.000000,0.000000,0.000000,0.000000,0.000000,0.000000,0.000000,0.000000
0.000000,0.000000,0.000000,0.000000,0.000000,0.000000,0.000000,0.000000,0.000000,0.000000,0.000000,0.000000,0.000000,0.000000,0.000000,0.000000,0.000000,0.000000,0.000000,0.000000,0.000000,0.000000,0.000000,0.000000,0.000000,0.000000,1000.000113,1000.000153,1000.000191,1000.000224,1000.000258,1000.000290,1000.000322,1000.000352,1000.000378,1000.000399,1000.000413,1000.000421,1000.000425,1000.000424,1000.000421,1000.000415,1000.000406,1000.000397,1000.000391,1000.000388,1000.000386,1000.000384,1000.000383,1000.000383,1000.000382,1000.000382,1000.000382,1000.000383,1000.000383,1000.000384,1000.000386,1000.000388,1000.000391,1000.000397,1000.000406,1000.000415,1000.000421,1000.000424,1000.000425,1000.000421,1000.000413,1000.000399,1000.000378,1000.000352,1000.000322,1000.000290,1000.000258,1000.000224,1000.000191,1000.000153,1000.000113,0.000000,0.000000,0.000000,0.000000,0.000000,0.000000,0.000000,0.000000,0.000000,0.000000,0.000000,0.000000,0.000000,0.000000,0.000000,0.000000,0.000000,0.000000,0.000000,0.000000,0.000000,0.000000,0.000000,0.000000,0.000000,0.000000
0.000000,0.000000,0.000000,0.000000,0.000000,0.000000,0.000000,0.000000,0.000000,0.000000,0.000000,0.000000,0.000000,0.000000,0.000000,0.000000,0.000000,0.000000,0.000000,0.000000,0.000000,0.000000,0.000000,0.000000,1000.000097,1000.000141,1000.000183,1000.000219,1000.000255,1000.000290,1000.000324,1000.000356,1000.000384,1000.000406,1000.000420,1000.000425,1000.000424,1000.000418,1000.000408,1000.000398,1000.000388,1000.000377,1000.000366,1000.000356,1000.000349,1000.000344,1000.000341,1000.000339,1000.000337,1000.000336,1000.000335,1000.000335,1000.000335,1000.000336,1000.000337,1000.000339,1000.000341,1000.000344,1000.000349,1000.000356,1000.000366,1000.000377,1000.000388,1000.000398,1000.000408,1000.000418,1000.000424,1000.000425,1000.000420,1000.000406,1000.000384,1000.000356,1000.000324,1000.000290,1000.000255,1000.000219,1000.000183,1000.000141,1000.000097,0.000000,0.000000,0.000000,0.000000,0.000000,0.000000,0.000000,0.000000,0.000000,0.000000,0.000000,0.000000,0.000000,0.000000,0.000000,0.000000,0.000000,0.000000,0.000000,0.000000,0.000000,0.000000,0.000000,0.000000
0.000000,0.000000,0.000000,0.000000,0.000000,0.000000,0.000000,0.000000,0.000000,0.000000,0.000000,0.000000,0.000000,0.000000,0.000000,0.000000,0.000000,0.000000,0.000000,0.000000,0.000000,0.000000,0.000000,1000.000117,1000.000165,1000.000206,1000.000246,1000.000284,1000.000321,1000.000355,1000.000384,1000.000408,1000.000422,1000.000426,1000.000421,1000.000410,1000.000397,1000.000383,1000.000369,1000.000355,1000.000344,1000.000333,1000.000324,1000.000314,1000.000307,1000.000302,1000.000298,1000.000295,1000.000293,1000.000291,1000.000290,1000.000290,1000.000290,1000.000291,1000.000293,1000.000295,1000.000298,1000.000302,1000.000307,1000.000314,1000.000324,1000.000333,1000.000344,1000.000355,1000.000369,1000.000383,1000.000397,1000.000410,1000.000421,1000.000426,1000.000422,1000.000408,1000.000384,1000.000355,1000.000321,1000.000284,1000.000246,1000.000206,1000.000165,1000.000117,0.000000,0.000000,0.000000,0.000000,0.000000,0.000000,0.000000,0.000000,0.000000,0.000000,0.000000,0.000000,0.000000,0.000000,0.000000,0.000000,0.000000,0.000000,0.000000,0.000000,0.000000,0.000000,0.000000
0.000000,0.000000,0.000000,0.000000,0.000000,0.000000,0.000000,0.000000,0.000000,0.000000,0.000000,0.000000,0.000000,0.000000,0.000000,0.000000,0.000000,0.000000,0.000000,0.000000,0.000000,1000.000087,1000.000136,1000.000184,1000.000226,1000.000268,1000.000310,1000.000348,1000.000381,1000.000407,1000.000422,1000.000427,1000.000421,1000.000408,1000.000390,1000.000373,1000.000355,1000.000340,1000.000327,1000.000314,1000.000302,1000.000292,1000.000282,1000.000274,1000.000267,1000.000260,1000.000256,1000.000252,1000.000250,1000.000248,1000.000247,1000.000247,1000.000247,1000.000248,1000.000250,1000.000252,1000.000256,1000.000260,1000.000267,1000.000274,1000.000282,1000.000292,1000.000302,1000.000314,1000.000327,1000.000340,1000.000355,1000.000373,1000.000390,1000.000408,1000.000421,1000.000427,1000.000422,1000.000407,1000.000381,1000.000348,1000.000310,1000.000268,1000.000226,1000.000184,1000.000136,1000.000087,0.000000,0.000000,0.000000,0.000000,0.000000,0.000000,0.000000,0.000000,0.000000,0.000000,0.000000,0.000000,0.000000,0.000000,0.000000,0.000000,0.000000,0.000000,0.000000,0.000000,0.000000
0.000000,0.000000,0.000000,0.000000,0.000000,0.000000,0.000000,0.000000,0.000000,0.000000,0.000000,0.000000,0.000000,0.000000,0.000000,0.000000,0.000000,0.000000,0.000000,0.000000,1000.000101,1000.000153,1000.000198,1000.000242,1000.000286,1000.000330,1000.000370,1000.000401,1000.000420,1000.000426,1000.000421,1000.000407,1000.000389,1000.000369,1000.000349,1000.000331,1000.000315,1000.000300,1000.000286,1000.000274,1000.000262,1000.000251,1000.000241,1000.000233,1000.000226,1000.000220,1000.000215,1000.000211,1000.000208,1000.000206,1000.000205,1000.000205,1000.000205,1000.000206,1000.000208,1000.000211,1000.000215,1000.000220,1000.000226,1000.000233,1000.000241,1000.000251,1000.000262,1000.000274,1000.000286,1000.000300,1000.000315,1000.000331,1000.000349,1000.000369,1000.000389,1000.000407,1000.000421,1000.000426,1000.000420,1000.000401,1000.000370,1000.000330,1000.000286,1000.000242,1000.000198,1000.000153,1000.000101,0.000000,0.000000,0.000000,0.000000,0.000000,0.000000,0.000000,0.000000,0.000000,0.000000,0.000000,0.000000,0.000000,0.000000,0.000000,0.000000,0.000000,0.000000,0.000000,0.000000
0.000000,0.000000,0.000000,0.000000,0.000000,0.000000,0.000000,0.000000,0.000000,0.000000,0.000000,0.000000,0.000000,0.000000,0.000000,0.000000,0.000000,0.000000,0.000000,1000.000112,1000.000166,1000.000212,1000.000256,1000.000301,1000.000344,1000.000384,1000.000413,1000.000425,1000.000421,1000.000408,1000.000390,1000.000369,1000.000348,1000.000328,1000.000309,1000.000292,1000.000276,1000.000261,1000.000247,1000.000234,1000.000222,1000.000211,1000.000202,1000.000194,1000.000186,1000.000180,1000.000175,1000.000171,1000.000168,1000.000166,1000.000164,1000.000164,1000.000164,1000.000166,1000.000168,1000.000171,1000.000175,1000.000180,1000.000186,1000.000194,1000.000202,1000.000211,1000.000222,1000.000234,1000.000247,1000.000261,1000.000276,1000.000292,1000.000309,1000.000328,1000.000348,1000.000369,1000.000390,1000.000408,1000.000421,1000.000425,1000.000413,1000.000384,1000.000344,1000.000301,1000.000256,1000.000212,1000.000166,1000.000112,0.000000,0.000000,0.000000,0.000000,0.000000,0.000000,0.000000,0.000000,0.000000,0.000000,0.000000,0.000000,0.000000,0.000000,0.000000,0.000000,0.000000,0.000000,0.000000
0.000000,0.000000,0.000000,0.000000,0.000000,0.000000,0.000000,0.000000,0.000000,0.000000,0.000000,0.000000,0.000000,0.000000,0.000000,0.000000,0.000000,0.000000,1000.000120,1000.000175,1000.000223,1000.000270,1000.000316,1000.000358,1000.000394,1000.000419,1000.000425,1000.000413,1000.000394,1000.000372,1000.000350,1000.000328,1000.000308,1000.000289,1000.000271,1000.000254,1000.000237,1000.000222,1000.000208,1000.000195,1000.000184,1000.000173,1000.000163,1000.000155,1000.000147,1000.000141,1000.000136,1000.000132,1000.000128,1000.000126,1000.000125,1000.000124,1000.000125,1000.000126,1000.000128,1000.000132,1000.000136,1000.000141,1000.000147,1000.000155,1000.000163,1000.000173,1000.000184,1000.000195,1000.000208,1000.000222,1000.000237,1000.000254,1000.000271,1000.000289,1000.000308,1000.000328,1000.000350,1000.000372,1000.000394,1000.000413,1000.000425,1000.000419,1000.000394,1000.000358,1000.000316,1000.000270,1000.000223,1000.000175,1000.000120,0.000000,0.000000,0.000000,0.000000,0.000000,0.000000,0.000000,0.000000,0.000000,0.000000,0.000000,0.000000,0.000000,0.000000,0.000000,0.000000,0.000000,0.000000
0.000000,0.000000,0.000000,0.000000,0.000000,0.000000,0.000000,0.000000,0.000000,0.000000,0.000000,0.000000,0.000000,0.000000,0.000000,0.000000,0.000000,1000.000123,1000.000180,1000.000230,1000.000279,1000.000329,1000.000372,1000.000405,1000.000424,1000.000424,1000.000408,1000.000383,1000.000357,1000.000333,1000.000311,1000.000291,1000.000271,1000.000252,1000.000233,1000.000216,1000.000200,1000.000185,1000.000171,1000.000158,1000.000146,1000.000135,1000.000126,1000.000117,1000.000110,1000.000103,1000.000098,1000.000094,1000.000090,1000.000088,1000.000087,1000.000086,1000.000087,1000.000088,1000.000090,1000.000094,1000.000098,1000.000103,1000.000110,1000.000117,1000.000126,1000.000135,1000.000146,1000.000158,1000.000171,1000.000185,1000.000200,1000.000216,1000.000233,1000.000252,1000.000271,1000.000291,1000.000311,1000.000333,1000.000357,1000.000383,1000.000408,1000.000424,1000.000424,1000.000405,1000.000372,1000.000329,1000.000279,1000.000230,1000.000180,1000.000123,0.000000,0.000000,0.000000,0.000000,0.000000,0.000000,0.000000,0.000000,0.000000,0.000000,0.000000,0.000000,0.000000,0.000000,0.000000,0.000000,0.000000
0.000000,0.000000,0.000000,0.000000,0.000000,0.000000,0.000000,0.000000,0.000000,0.000000,0.000000,0.000000,0.000000,0.000000,0.000000,0.000000,1000.000125,1000.000183,1000.000234,1000.000285,1000.000336,1000.000381,1000.000413,1000.000425,1000.000419,1000.000401,1000.000375,1000.000346,1000.000320,1000.000297,1000.000276,1000.000254,1000.000234,1000.000215,1000.000196,1000.000179,1000.000163,1000.000148,1000.000134,1000.000121,1000.000109,1000.000099,1000.000089,1000.000081,1000.000073,1000.000067,1000.000061,1000.000057,1000.000053,1000.000051,1000.000049,1000.000049,1000.000049,1000.000051,1000.000053,1000.000057,1000.000061,1000.000067,1000.000073,1000.000081,1000.000089,1000.000099,1000.000109,1000.000121,1000.000134,1000.000148,1000.000163,1000.000179,1000.000196,1000.000215,1000.000234,1000.000254,1000.000276,1000.000297,1000.000320,1000.000346,1000.000375,1000.000401,1000.000419,1000.000425,1000.000413,1000.000381,1000.000336,1000.000285,1000.000234,1000.000183,1000.000125,0.000000,0.000000,0.000000,0.000000,0.000000,0.000000,0.000000,0.000000,0.000000,0.000000,0.000000,0.000000,0.000000,0.000000,0.000000,0.000000
0.000000,0.000000,0.000000,0.000000,0.000000,0.000000,0.000000,0.000000,0.000000,0.000000,0.000000,0.000000,0.000000,0.000000,0.000000,1000.000123,1000.000183,1000.000235,1000.000287,1000.000339,1000.000385,1000.000417,1000.000425,1000.000413,1000.000391,1000.000365,1000.000337,1000.000310,1000.000286,1000.000263,1000.000240,1000.000218,1000.000198,1000.000179,1000.000161,1000.000144,1000.000128,1000.000113,1000.000099,1000.000086,1000.000074,1000.000063,1000.000054,1000.000045,1000.000037,1000.000031,1000.000025,1000.000021,1000.000017,1000.000015,1000.000013,1000.000013,1000.000013,1000.000015,1000.000017,1000.000021,1000.000025,1000.000031,1000.000037,1000.000045,1000.000054,1000.000063,1000.000074,1000.000086,1000.000099,1000.000113,1000.000128,1000.000144,1000.000161,1000.000179,1000.000198,1000.000218,1000.000240,1000.000263,1000.000286,1000.000310,1000.000337,1000.000365,1000.000391,1000.000413,1000.000425,1000.000417,1000.000385,1000.000339,1000.000287,1000.000235,1000.000183,1000.000123,0.000000,0.000000,0.000000,0.000000,0.000000,0.000000,0.000000,0.000000,0.000000,0.000000,0.000000,0.000000,0.000000,0.000000,0.000000
0.000000,0.000000,0.000000,0.000000,0.000000,0.000000,0.000000,0.000000,0.000000,0.000000,0.000000,0.000000,0.000000,0.000000,1000.000120,1000.000180,1000.000234,1000.000287,1000.000340,1000.000386,1000.000418,1000.000425,1000.000410,1000.000384,1000.000355,1000.000327,1000.000301,1000.000276,1000.000252,1000.000228,1000.000205,1000.000184,1000.000164,1000.000144,1000.000126,1000.000109,1000.000093,1000.000078,1000.000064,1000.000051,1000.000039,1000.000029,1000.000019,1000.000010,1000.000003,999.999996,999.999991,999.999986,999.999983,999.999980,999.999979,999.999978,999.999979,999.999980,999.999983,999.999986,999.999991,999.999996,1000.000003,1000.000010,1000.000019,1000.000029,1000.000039,1000.000051,1000.000064,1000.000078,1000.000093,1000.000109,1000.000126,1000.000144,1000.000164,1000.000184,1000.000205,1000.000228,1000.000252,1000.000276,1000.000301,1000.000327,1000.000355,1000.000384,1000.000410,1000.000425,1000.000418,1000.000386,1000.000340,1000.000287,1000.000234,1000.000180,1000.000120,0.000000,0.000000,0.000000,0.000000,0.000000,0.000000,0.000000,0.000000,0.000000,0.000000,0.000000,0.000000,0.000000,0.000000
0.000000,0.000000,0.000000,0.000000,0.000000,0.000000,0.000000,0.000000,0.000000,0.000000,0.000000,0.000000,0.000000,1000.000112,1000.000175,1000.000230,1000.000285,1000.000339,1000.000386,1000.000419,1000.000426,1000.000409,1000.000381,1000.000350,1000.000320,1000.000293,1000.000268,1000.000242,1000.000217,1000.000194,1000.000172,1000.000150,1000.000130,1000.000111,1000.000093,1000.000076,1000.000060,1000.000045,1000.000031,1000.000018,1000.000006,999.999995,999.999985,999.999977,999.999969,999.999962,999.999957,999.999952,999.999949,999.999946,999.999945,999.999944,999.999945,999.999946,999.999949,999.999952,999.999957,999.999962,999.999969,999.999977,999.999985,999.999995,1000.000006,1000.000018,1000.000031,1000.000045,1000.000060,1000.000076,1000.000093,1000.000111,1000.000130,1000.000150,1000.000172,1000.000194,1000.000217,1000.000242,1000.000268,1000.000293,1000.000320,1000.000350,1000.000381,1000.000409,1000.000426,1000.000419,1000.000386,1000.000339,1000.000285,1000.000230,1000.000175,1000.000112,0.000000,0.000000,0.000000,0.000000,0.000000,0.000000,0.000000,0.000000,0.000000,0.000000,0.000000,0.000000,0.000000
0.000000,0.000000,0.000000,0.000000,0.000000,0.000000,0.000000,0.000000,0.000000,0.000000,0.000000,0.000000,1000.000101,1000.000166,1000.000223,1000.000279,1000.000336,1000.000385,1000.000418,1000.000426,1000.000408,1000.000380,1000.000347,1000.000316,1000.000288,1000.000262,1000.000235,1000.000209,1000.000185,1000.000161,1000.000139,1000.000118,1000.000097,1000.000078,1000.000060,1000.000043,1000.000027,1000.000012,999.999998,999.999985,999.999973,999.999962,999.999953,999.999944,999.999936,999.999930,999.999924,999.999920,999.999916,999.999914,999.999912,999.999911,999.999912,999.999914,999.999916,999.999920,999.999924,999.999930,999.999936,999.999944,999.999953,999.999962,999.999973,999.999985,999.999998,1000.000012,1000.000027,1000.000043,1000.000060,1000.000078,1000.000097,1000.000118,1000.000139,1000.000161,1000.000185,1000.000209,1000.000235,1000.000262,1000.000288,1000.000316,1000.000347,1000.000380,1000.000408,1000.000426,1000.000418,1000.000385,1000.000336,1000.000279,1000.000223,1000.000166,1000.000101,0.000000,0.000000,0.000000,0.000000,0.000000,0.000000,0.000000,0.000000,0.000000,0.000000,0.000000,0.000000
0.000000,0.000000,0.000000,0.000000,0.000000,0.000000,0.000000,0.000000,0.000000,0.000000,0.000000,1000.000087,1000.000153,1000.000212,1000.000270,1000.000329,1000.000381,1000.000417,1000.000425,1000.000409,1000.000380,1000.000346,1000.000314,1000.000286,1000.000258,1000.000229,1000.000203,1000.000178,1000.000153,1000.000130,1000.000107,1000.000086,1000.000066,1000.000047,1000.000029,1000.000011,999.999995,999.999980,999.999967,999.999954,999.999942,999.999931,999.999921,999.999912,999.999905,999.999898,999.999892,999.999888,999.999884,999.999882,999.999880,999.999880,999.999880,999.999882,999.999884,999.999888,999.999892,999.999898,999.999905,999.999912,999.999921,999.999931,999.999942,999.999954,999.999967,999.999980,999.999995,1000.000011,1000.000029,1000.000047,1000.000066,1000.000086,1000.000107,1000.000130,1000.000153,1000.000178,1000.000203,1000.000229,1000.000258,1000.000286,1000.000314,1000.000346,1000.000380,1000.000409,1000.000425,1000.000417,1000.000381,1000.000329,1000.000270,1000.000212,1000.000153,1000.000087,0.000000,0.000000,0.000000,0.000000,0.000000,0.000000,0.000000,0.000000,0.000000,0.000000,0.000000
0.000000,0.000000,0.000000,0.000000,0.000000,0.000000,0.000000,0.000000,0.000000,0.000000,0.000000,1000.000136,1000.000198,1000.000256,1000.000316,1000.000372,1000.000413,1000.000425,1000.000410,1000.000381,1000.000347,1000.000314,1000.000285,1000.000256,1000.000226,1000.000199,1000.000172,1000.000147,1000.000123,1000.000099,1000.000077,1000.000056,1000.000035,1000.000016,999.999998,999.999981,999.999965,999.999950,999.999936,999.999923,999.999911,999.999900,999.999891,999.999882,999.999874,999.999868,999.999862,999.999857,999.999854,999.999851,999.999850,999.999849,999.999850,999.999851,999.999854,999.999857,999.999862,999.999868,999.999874,999.999882,999.999891,999.999900,999.999911,999.999923,999.999936,999.999950,999.999965,999.999981,999.999998,1000.000016,1000.000035,1000.000056,1000.000077,1000.000099,1000.000123,1000.000147,1000.000172,1000.000199,1000.000226,1000.000256,1000.000285,1000.000314,1000.000347,1000.000381,1000.000410,1000.000425,1000.000413,1000.000372,1000.000316,1000.000256,1000.000198,1000.000136,0.000000,0.000000,0.000000,0.000000,0.000000,0.000000,0.000000,0.000000,0.000000,0.000000,0.000000
0.000000,0.000000,0.000000,0.000000,0.000000,0.000000,0.000000,0.000000,0.000000,0.000000,1000.000117,1000.000184,1000.000242,1000.000301,1000.000358,1000.000405,1000.000425,1000.000413,1000.000384,1000.000350,1000.000316,1000.000286,1000.000256,1000.000225,1000.000197,1000.000169,1000.000143,1000.000117,1000.000093,1000.000070,1000.000047,1000.000026,1000.000006,999.999987,999.999969,999.999952,999.999935,999.999920,999.999907,999.999894,999.999882,999.999871,999.999861,999.999852,999.999845,999.999838,999.999832,999.999828,999.999824,999.999822,999.999820,999.999820,999.999820,999.999822,999.999824,999.999828,999.999832,999.999838,999.999845,999.999852,999.999861,999.999871,999.999882,999.999894,999.999907,999.999920,999.999935,999.999952,999.999969,999.999987,1000.000006,1000.000026,1000.000047,1000.000070,1000.000093,1000.000117,1000.000143,1000.000169,1000.000197,1000.000225,1000.000256,1000.000286,1000.000316,1000.000350,1000.000384,1000.000413,1000.000425,1000.000405,1000.000358,1000.000301,1000.000242,1000.000184,1000.000117,0.000000,0.000000,0.000000,0.000000,0.000000,0.000000,0.000000,0.000000,0.000000,0.000000
0.000000,0.000000,0.000000,0.000000,0.000000,0.000000,0.000000,0.000000,0.000000,1000.000097,1000.000165,1000.000226,1000.000286,1000.000344,1000.000394,1000.000424,1000.000419,1000.000391,1000.000355,1000.000320,1000.000288,1000.000258,1000.000226,1000.000197,1000.000168,1000.000141,1000.000114,1000.000089,1000.000065,1000.000041,1000.000019,999.999998,999.999978,999.999958,999.999940,999.999923,999.999907,999.999892,999.999878,999.999865,999.999853,999.999842,999.999833,999.999824,999.999816,999.999809,999.999804,999.999799,999.999796,999.999793,999.999792,999.999791,999.999792,999.999793,999.999796,999.999799,999.999804,999.999809,999.999816,999.999824,999.999833,999.999842,999.999853,999.999865,999.999878,999.999892,999.999907,999.999923,999.999940,999.999958,999.999978,999.999998,1000.000019,1000.000041,1000.000065,1000.000089,1000.000114,1000.000141,1000.000168,1000.000197,1000.000226,1000.000258,1000.000288,1000.000320,1000.000355,1000.000391,1000.000419,1000.000424,1000.000394,1000.000344,1000.000286,1000.000226,1000.000165,1000.000097,0.000000,0.000000,0.000000,0.000000,0.000000,0.000000,0.000000,0.000000,0.000000
0.000000,0.000000,0.000000,0.000000,0.000000,0.000000,0.000000,0.000000,0.000000,1000.000141,1000.000206,1000.000268,1000.000330,1000.000384,1000.000419,1000.000424,1000.000401,1000.000365,1000.000327,1000.000293,1000.000262,1000.000229,1000.000199,1000.000169,1000.000141,1000.000113,1000.000087,1000.000062,1000.000037,1000.000014,999.999992,999.999970,999.999950,999.999931,999.999913,999.999896,999.999880,999.999865,999.999851,999.999838,999.999826,999.999815,999.999805,999.999796,999.999789,999.999782,999.999776,999.999772,999.999768,999.999766,999.999764,999.999764,999.999764,999.999766,999.999768,999.999772,999.999776,999.999782,999.999789,999.999796,999.999805,999.999815,999.999826,999.999838,999.999851,999.999865,999.999880,999.999896,999.999913,999.999931,999.999950,999.999970,999.999992,1000.000014,1000.000037,1000.000062,1000.000087,1000.000113,1000.000141,1000.000169,1000.000199,1000.000229,1000.000262,1000.000293,1000.000327,1000.000365,1000.000401,1000.000424,1000.000419,1000.000384,1000.000330,1000.000268,1000.000206,1000.000141,0.000000,0.000000,0.000000,0.000000,0.000000,0.000000,0.000000,0.000000,0.000000
0.000000,0.000000,0.000000,0.000000,0.000000,0.000000,0.000000,0.000000,1000.000113,1000.000183,1000.000246,1000.000310,1000.000370,1000.000413,1000.000425,1000.000408,1000.000375,1000.000337,1000.000301,1000.000268,1000.000235,1000.000203,1000.000172,1000.000143,1000.000114,1000.000087,1000.000061,1000.000035,1000.000011,999.999987,999.999965,999.999944,999.999924,999.999905,999.999886,999.999869,999.999853,999.999838,999.999824,999.999811,999.999799,999.999789,999.999779,999.999770,999.999762,999.999756,999.999750,999.999745,999.999742,999.999739,999.999738,999.999737,999.999738,999.999739,999.999742,999.999745,999.999750,999.999756,999.999762,999.999770,999.999779,999.999789,999.999799,999.999811,999.999824,999.999838,999.999853,999.999869,999.999886,999.999905,999.999924,999.999944,999.999965,999.999987,1000.000011,1000.000035,1000.000061,1000.000087,1000.000114,1000.000143,1000.000172,1000.000203,1000.000235,1000.000268,1000.000301,1000.000337,1000.000375,1000.000408,1000.000425,1000.000413,1000.000370,1000.000310,1000.000246,1000.000183,1000.000113,0.000000,0.000000,0.000000,0.000000,0.000000,0.000000,0.000000,0.000000
0.000000,0.000000,0.000000,0.000000,0.000000,0.000000,0.000000,0.000000,1000.000153,1000.000219,1000.000284,1000.000348,1000.000401,1000.000425,1000.000413,1000.000383,1000.000346,1000.000310,1000.000276,1000.000242,1000.000209,1000.000178,1000.000147,1000.000117,1000.000089,1000.000062,1000.000035,1000.000010,999.999985,999.999962,999.999940,999.999919,999.999898,999.999879,999.999861,999.999844,999.999828,999.999813,999.999799,999.999786,999.999774,999.999763,999.999753,999.999745,999.999737,999.999730,999.999725,999.999720,999.999716,999.999714,999.999712,999.999712,999.999712,999.999714,999.999716,999.999720,999.999725,999.999730,999.999737,999.999745,999.999753,999.999763,999.999774,999.999786,999.999799,999.999813,999.999828,999.999844,999.999861,999.999879,999.999898,999.999919,999.999940,999.999962,999.999985,1000.000010,1000.000035,1000.000062,1000.000089,1000.000117,1000.000147,1000.000178,1000.000209,1000.000242,1000.000276,1000.000310,1000.000346,1000.000383,1000.000413,1000.000425,1000.000401,1000.000348,1000.000284,1000.000219,1000.000153,0.000000,0.000000,0.000000,0.000000,0.000000,0.000000,0.000000,0.000000
0.000000,0.000000,0.000000,0.000000,0.000000,0.000000,0.000000,1000.000119,1000.000191,1000.000255,1000.000321,1000.000381,1000.000420,1000.000421,1000.000394,1000.000357,1000.000320,1000.000286,1000.000252,1000.000217,1000.000185,1000.000153,1000.000123,1000.000093,1000.000065,1000.000037,1000.000011,999.999985,999.999961,999.999938,999.999915,999.999894,999.999874,999.999855,999.999837,999.999820,999.999804,999.999789,999.999775,999.999762,999.999750,999.999739,999.999729,999.999720,999.999713,999.999706,999.999700,999.999696,999.999692,999.999689,999.999688,999.999687,999.999688,999.999689,999.999692,999.999696,999.999700,999.999706,999.999713,999.999720,999.999729,999.999739,999.999750,999.999762,999.999775,999.999789,999.999804,999.999820,999.999837,999.999855,999.999874,999.999894,999.999915,999.999938,999.999961,999.999985,1000.000011,1000.000037,1000.000065,1000.000093,1000.000123,1000.000153,1000.000185,1000.000217,1000.000252,1000.000286,1000.000320,1000.000357,1000.000394,1000.000421,1000.000420,1000.000381,1000.000321,1000.000255,1000.000191,1000.000119,0.000000,0.000000,0.000000,0.000000,0.000000,0.000000,0.000000
0.000000,0.000000,0.000000,0.000000,0.000000,0.000000,0.000000,1000.000156,1000.000224,1000.000290,1000.000355,1000.000407,1000.000426,1000.000408,1000.000372,1000.000333,1000.000297,1000.000263,1000.000228,1000.000194,1000.000161,1000.000130,1000.000099,1000.000070,1000.000041,1000.000014,999.999987,999.999962,999.999938,999.999914,999.999892,999.999871,999.999851,999.999832,999.999813,999.999796,999.999780,999.999765,999.999751,999.999738,999.999726,999.999716,999.999706,999.999697,999.999689,999.999683,999.999677,999.999672,999.999669,999.999666,999.999664,999.999664,999.999664,999.999666,999.999669,999.999672,999.999677,999.999683,999.999689,999.999697,999.999706,999.999716,999.999726,999.999738,999.999751,999.999765,999.999780,999.999796,999.999813,999.999832,999.999851,999.999871,999.999892,999.999914,999.999938,999.999962,999.999987,1000.000014,1000.000041,1000.000070,1000.000099,1000.000130,1000.000161,1000.000194,1000.000228,1000.000263,1000.000297,1000.000333,1000.000372,1000.000408,1000.000426,1000.000407,1000.000355,1000.000290,1000.000224,1000.000156,0.000000,0.000000,0.000000,0.000000,0.000000,0.000000,0.000000
0.000000,0.000000,0.000000,0.000000,0.000000,0.000000,1000.000120,1000.000192,1000.000258,1000.000324,1000.000384,1000.000422,1000.000421,1000.000390,1000.000350,1000.000311,1000.000276,1000.000240,1000.000205,1000.000172,1000.000139,1000.000107,1000.000077,1000.000047,1000.000019,999.999992,999.999965,999.999940,999.999915,999.999892,999.999870,999.999849,999.999828,999.999809,999.999791,999.999774,999.999758,999.999743,999.999729,999.999716,999.999704,999.999693,999.999684,999.999675,999.999667,999.999660,999.999655,999.999650,999.999646,999.999644,999.999642,999.999642,999.999642,999.999644,999.999646,999.999650,999.999655,999.999660,999.999667,999.999675,999.999684,999.999693,999.999704,999.999716,999.999729,999.999743,999.999758,999.999774,999.999791,999.999809,999.999828,999.999849,999.999870,999.999892,999.999915,999.999940,999.999965,999.999992,1000.000019,1000.000047,1000.000077,1000.000107,1000.000139,1000.000172,1000.000205,1000.000240,1000.000276,1000.000311,1000.000350,1000.000390,1000.000421,1000.000422,1000.000384,1000.000324,1000.000258,1000.000192,1000.000120,0.000000,0.000000,0.000000,0.000000,0.000000,0.000000
0.000000,0.000000,0.000000,0.000000,0.000000,0.000000,1000.000154,1000.000223,1000.000290,1000.000356,1000.000408,1000.000427,1000.000407,1000.000369,1000.000328,1000.000291,1000.000254,1000.000218,1000.000184,1000.000150,1000.000118,1000.000086,1000.000056,1000.000026,999.999998,999.999970,999.999944,999.999919,999.999894,999.999871,999.999849,999.999827,999.999807,999.999788,999.999770,999.999753,999.999737,999.999722,999.999708,999.999695,999.999683,999.999672,999.999662,999.999654,999.999646,999.999639,999.999633,999.999629,999.999625,999.999623,999.999621,999.999620,999.999621,999.999623,999.999625,999.999629,999.999633,999.999639,999.999646,999.999654,999.999662,999.999672,999.999683,999.999695,999.999708,999.999722,999.999737,999.999753,999.999770,999.999788,999.999807,999.999827,999.999849,999.999871,999.999894,999.999919,999.999944,999.999970,999.999998,1000.000026,1000.000056,1000.000086,1000.000118,1000.000150,1000.000184,1000.000218,1000.000254,1000.000291,1000.000328,1000.000369,1000.000407,1000.000427,1000.000408,1000.000356,1000.000290,1000.000223,1000.000154,0.000000,0.000000,0.000000,0.000000,0.000000,0.000000
0.000000,0.000000,0.000000,0.000000,0.000000,1000.000114,1000.000188,1000.000254,1000.000322,1000.000384,1000.000422,1000.000421,1000.000389,1000.000348,1000.000308,1000.000271,1000.000234,1000.000198,1000.000164,1000.000130,1000.000097,1000.000066,1000.000035,1000.000006,999.999978,999.999950,999.999924,999.999898,999.999874,999.999851,999.999828,999.999807,999.999787,999.999768,999.999750,999.999733,999.999717,999.999702,999.999688,999.999675,999.999663,999.999652,999.999642,999.999633,999.999626,999.999619,999.999613,999.999608,999.999605,999.999602,999.999601,999.999600,999.999601,999.999602,999.999605,999.999608,999.999613,999.999619,999.999626,999.999633,999.999642,999.999652,999.999663,999.999675,999.999688,999.999702,999.999717,999.999733,999.999750,999.999768,999.999787,999.999807,999.999828,999.999851,999.999874,999.999898,999.999924,999.999950,999.999978,1000.000006,1000.000035,1000.000066,1000.000097,1000.000130,1000.000164,1000.000198,1000.000234,1000.000271,1000.000308,1000.000348,1000.000389,1000.000421,1000.000422,1000.000384,1000.000322,1000.000254,1000.000188,1000.000114,0.000000,0.000000,0.000000,0.000000,0.000000
0.000000,0.000000,0.000000,0.000000,0.000000,1000.000145,1000.000216,1000.000284,1000.000352,1000.000406,1000.000426,1000.000408,1000.000369,1000.000328,1000.000289,1000.000252,1000.000215,1000.000179,1000.000144,1000.000111,1000.000078,1000.000047,1000.000016,999.999987,999.999958,999.999931,999.999905,999.999879,999.999855,999.999832,999.999809,999.999788,999.999768,999.999749,999.999731,999.999714,999.999697,999.999682,999.999668,999.999656,999.999644,999.999633,999.999623,999.999614,999.999606,999.999600,999.999594,999.999589,999.999586,999.999583,999.999582,999.999581,999.999582,999.999583,999.999586,999.999589,999.999594,999.999600,999.999606,999.999614,999.999623,999.999633,999.999644,999.999656,999.999668,999.999682,999.999697,999.999714,999.999731,999.999749,999.999768,999.999788,999.999809,999.999832,999.999855,999.999879,999.999905,999.999931,999.999958,999.999987,1000.000016,1000.000047,1000.000078,1000.000111,1000.000144,1000.000179,1000.000215,1000.000252,1000.000289,1000.000328,1000.000369,1000.000408,1000.000426,1000.000406,1000.000352,1000.000284,1000.000216,1000.000145,0.000000,0.000000,0.000000,0.000000,0.000000
0.000000,0.000000,0.000000,0.000000,1000.000100,1000.000175,1000.000243,1000.000313,1000.000378,1000.000420,1000.000421,1000.000390,1000.000349,1000.000309,1000.000271,1000.000233,1000.000196,1000.000161,1000.000126,1000.000093,1000.000060,1000.000029,999.999998,999.999969,999.999940,999.999913,999.999886,999.999861,999.999837,999.999813,999.999791,999.999770,999.999750,999.999731,999.999712,999.999695,999.999679,999.999664,999.999650,999.999637,999.999626,999.999615,999.999605,999.999596,999.999588,999.999582,999.999576,999.999571,999.999568,999.999565,999.999563,999.999563,999.999563,999.999565,999.999568,999.999571,999.999576,999.999582,999.999588,999.999596,999.999605,999.999615,999.999626,999.999637,999.999650,999.999664,999.999679,999.999695,999.999712,999.999731,999.999750,999.999770,999.999791,999.999813,999.999837,999.999861,999.999886,999.999913,999.999940,999.999969,999.999998,1000.000029,1000.000060,1000.000093,1000.000126,1000.000161,1000.000196,1000.000233,1000.000271,1000.000309,1000.000349,1000.000390,1000.000421,1000.000420,1000.000378,1000.000313,1000.000243,1000.000175,1000.000100,0.000000,0.000000,0.000000,0.000000
0.000000,0.000000,0.000000,0.000000,1000.000128,1000.000199,1000.000268,1000.000339,1000.000399,1000.000425,1000.000410,1000.000373,1000.000331,1000.000292,1000.000254,1000.000216,1000.000179,1000.000144,1000.000109,1000.000076,1000.000043,1000.000011,999.999981,999.999952,999.999923,999.999896,999.999869,999.999844,999.999820,999.999796,999.999774,999.999753,999.999733,999.999714,999.999695,999.999678,999.999662,999.999647,999.999633,999.999620,999.999608,999.999598,999.999588,999.999579,999.999571,999.999564,999.999559,999.999554,999.999550,999.999548,999.999546,999.999546,999.999546,999.999548,999.999550,999.999554,999.999559,999.999564,999.999571,999.999579,999.999588,999.999598,999.999608,999.999620,999.999633,999.999647,999.999662,999.999678,999.999695,999.999714,999.999733,999.999753,999.999774,999.999796,999.999820,999.999844,999.999869,999.999896,999.999923,999.999952,999.999981,1000.000011,1000.000043,1000.000076,1000.000109,1000.000144,1000.000179,1000.000216,1000.000254,1000.000292,1000.000331,1000.000373,1000.000410,1000.000425,1000.000399,1000.000339,1000.000268,1000.000199,1000.000128,0.000000,0.000000,0.000000,0.000000
