0.000000,0.000000,0.000000,0.000000,0.000000,0.000000,0.000000,0.000000,0.000000,0.000000,0.000000,0.000000,0.000000,0.000000,0.000000,0.000000,0.000000,0.000000,0.000000,0.000000,0.000000,0.000000,0.000000,0.000000,0.000000,0.000000,0.000000,0.000000,0.000000,0.000000,0.000000,0.000000,0.000000,0.000000,0.000000,0.000000,0.000000,0.000000,0.000000,0.000000,0.000000,0.000000,0.000000,0.000000,0.000000,0.000000,0.000000,0.000000,0.000000,0.000000,0.000000,0.000000,0.000000,0.000000,0.000000,0.000000,0.000000,0.000000,0.000000,0.000000,0.000000,0.000000,0.000000,0.000000,0.000000,0.000000,0.000000,0.000000,0.000000,0.000000,0.000000,0.000000,0.000000,0.000000,0.000000,0.000000,0.000000,0.000000,0.000000,0.000000,0.000000,0.000000,0.000000,0.000000,0.000000,0.000000,0.000000,0.000000,0.000000,0.000000,0.000000,0.000000,0.000000,0.000000,0.000000,0.000000,0.000000,0.000000,0.000000,0.000000,0.000000,0.000000,0.000000
0.000000,0.000000,0.000000,0.000000,0.000000,0.000000,0.000000,0.000000,0.000000,0.000000,0.000000,0.000000,0.000000,0.000000,0.000000,0.000000,0.000000,0.000000,0.000000,0.000000,0.000000,0.000000,0.000000,0.000000,0.000000,0.000000,0.000000,0.000000,0.000000,0.000000,0.000000,0.000000,0.000000,0.000000,0.000000,0.000000,0.000000,0.000000,0.000000,0.000000,0.000000,0.000000,0.000000,0.000000,0.000000,0.000000,0.000000,0.000000,0.000000,0.000000,0.000000,1000.000065,0.000000,0.000000,0.000000,0.000000,0.000000,0.000000,0.000000,0.000000,0.000000,0.000000,0.000000,0.000000,0.000000,0.000000,0.000000,0.000000,0.000000,0.000000,0.000000,0.000000,0.000000,0.000000,0.000000,0.000000,0.000000,0.000000,0.000000,0.000000,0.000000,0.000000,0.000000,0.000000,0.000000,0.000000,0.000000,0.000000,0.000000,0.000000,0.000000,0.000000,0.000000,0.000000,0.000000,0.000000,0.000000,0.000000,0.000000,0.000000,0.000000,0.000000,0.000000
0.000000,0.000000,0.000000,0.000000,0.000000,0.000000,0.000000,0.000000,0.000000,0.000000,0.000000,0.000000,0.000000,0.000000,0.000000,0.000000,0.000000,0.000000,0.000000,0.000000,0.000000,0.000000,0.000000,0.000000,0.000000,0.000000,0.000000,0.000000,0.000000,0.000000,0.000000,0.000000,0.000000,0.000000,0.000000,0.000000,0.000000,0.000000,0.000000,0.000000,0.000000,0.000000,1000.000118,1000.000137,1000.000147,1000.000152,1000.000155,1000.000156,1000.000156,1000.000155,1000.000154,1000.000159,1000.000154,1000.000155,1000.000156,1000.000156,1000.000155,1000.000152,1000.000147,1000.000137,1000.000118,0.000000,0.000000,0.000000,0.000000,0.000000,0.000000,0.000000,0.000000,0.000000,0.000000,0.000000,0.000000,0.000000,0.000000,0.000000,0.000000,0.000000,0.000000,0.000000,0.000000,0.000000,0.000000,0.000000,0.000000,0.000000,0.000000,0.000000,0.000000,0.000000,0.000000,0.000000,0.000000,0.000000,0.000000,0.000000,0.000000,0.000000,0.000000,0.000000,0.000000,0.000000,0.000000
0.000000,0.000000,0.000000,0.000000,0.000000,0.000000,0.000000,0.000000,0.000000,0.000000,0.000000,0.000000,0.000000,0.000000,0.000000,0.000000,0.000000,0.000000,0.000000,0.000000,0.000000,0.000000,0.000000,0.000000,0.000000,0.000000,0.000000,0.000000,0.000000,0.000000,0.000000,0.000000,0.000000,0.000000,0.000000,0.000000,0.000000,1000.000114,1000.000142,1000.000165,1000.000183,1000.000198,1000.000211,1000.000224,1000.000233,1000.000240,1000.000244,1000.000245,1000.000246,1000.000247,1000.000246,1000.000247,1000.000246,1000.000247,1000.000246,1000.000245,1000.000244,1000.000240,1000.000233,1000.000224,1000.000211,1000.000198,1000.000183,1000.000165,1000.000142,1000.000114,0.000000,0.000000,0.000000,0.000000,0.000000,0.000000,0.000000,0.000000,0.000000,0.000000,0.000000,0.000000,0.000000,0.000000,0.000000,0.000000,0.000000,0.000000,0.000000,0.000000,0.000000,0.000000,0.000000,0.000000,0.000000,0.000000,0.000000,0.000000,0.000000,0.000000,0.000000,0.000000,0.000000,0.000000,0.000000,0.000000,0.000000
0.000000,0.000000,0.000000,0.000000,0.000000,0.000000,0.000000,0.000000,0.000000,0.000000,0.000000,0.000000,0.000000,0.000000,0.000000,0.000000,0.000000,0.000000,0.000000,0.000000,0.000000,0.000000,0.000000,0.000000,0.000000,0.000000,0.000000,0.000000,0.000000,0.000000,0.000000,0.000000,0.000000,0.000000,1000.000118,1000.000151,1000.000178,1000.000204,1000.000228,1000.000249,1000.000268,1000.000285,1000.000300,1000.000312,1000.000321,1000.000327,1000.000330,1000.000332,1000.000333,1000.000334,1000.000334,1000.000334,1000.000334,1000.000334,1000.000333,1000.000332,1000.000330,1000.000327,1000.000321,1000.000312,1000.000300,1000.000285,1000.000268,1000.000249,1000.000228,1000.000204,1000.000178,1000.000151,1000.000118,0.000000,0.000000,0.000000,0.000000,0.000000,0.000000,0.000000,0.000000,0.000000,0.000000,0.000000,0.000000,0.000000,0.000000,0.000000,0.000000,0.000000,0.000000,0.000000,0.000000,0.000000,0.000000,0.000000,0.000000,0.000000,0.000000,0.000000,0.000000,0.000000,0.000000,0.000000,0.000000,0.000000,0.000000
0.000000,0.000000,0.000000,0.000000,0.000000,0.000000,0.000000,0.000000,0.000000,0.000000,0.000000,0.000000,0.000000,0.000000,0.000000,0.000000,0.000000,0.000000,0.000000,0.000000,0.000000,0.000000,0.000000,0.000000,0.000000,0.000000,0.000000,0.000000,0.000000,0.000000,0.000000,0.000000,1000.000135,1000.000172,1000.000207,1000.000236,1000.000262,1000.000288,1000.000312,1000.000333,1000.000352,1000.000371,1000.000387,1000.000400,1000.000408,1000.000413,1000.000415,1000.000417,1000.000417,1000.000418,1000.000418,1000.000418,1000.000418,1000.000418,1000.000417,1000.000417,1000.000415,1000.000413,1000.000408,1000.000400,1000.000387,1000.000371,1000.000352,1000.000333,1000.000312,1000.000288,1000.000262,1000.000236,1000.000207,1000.000172,1000.000135,0.000000,0.000000,0.000000,0.000000,0.000000,0.000000,0.000000,0.000000,0.000000,0.000000,0.000000,0.000000,0.000000,0.000000,0.000000,0.000000,0.000000,0.000000,0.000000,0.000000,0.000000,0.000000,0.000000,0.000000,0.000000,0.000000,0.000000,0.000000,0.000000,0.000000,0.000000,0.000000
0.000000,0.000000,0.000000,0.000000,0.000000,0.000000,0.000000,0.000000,0.000000,0.000000,0.000000,0.000000,0.000000,0.000000,0.000000,0.000000,0.000000,0.000000,0.000000,0.000000,0.000000,0.000000,0.000000,0.000000,0.000000,0.000000,0.000000,0.000000,0.000000,0.000000,1000.000142,1000.000182,1000.000222,1000.000255,1000.000288,1000.000317,1000.000346,1000.000373,1000.000396,1000.000416,1000.000433,1000.000449,1000.000463,1000.000472,1000.000476,1000.000479,1000.000480,1000.000481,1000.000481,1000.000481,1000.000481,1000.000481,1000.000481,1000.000481,1000.000481,1000.000481,1000.000480,1000.000479,1000.000476,1000.000472,1000.000463,1000.000449,1000.000433,1000.000416,1000.000396,1000.000373,1000.000346,1000.000317,1000.000288,1000.000255,1000.000222,1000.000182,1000.000142,0.000000,0.000000,0.000000,0.000000,0.000000,0.000000,0.000000,0.000000,0.000000,0.000000,0.000000,0.000000,0.000000,0.000000,0.000000,0.000000,0.000000,0.000000,0.000000,0.000000,0.000000,0.000000,0.000000,0.000000,0.000000,0.000000,0.000000,0.000000,0.000000,0.000000
0.000000,0.000000,0.000000,0.000000,0.000000,0.000000,0.000000,0.000000,0.000000,0.000000,0.000000,0.000000,0.000000,0.000000,0.000000,0.000000,0.000000,0.000000,0.000000,0.000000,0.000000,0.000000,0.000000,0.000000,0.000000,0.000000,0.000000,0.000000,1000.000141,1000.000185,1000.000227,1000.000264,1000.000301,1000.000336,1000.000370,1000.000400,1000.000427,1000.000450,1000.000469,1000.000481,1000.000490,1000.000495,1000.000497,1000.000496,1000.000494,1000.000493,1000.000493,1000.000492,1000.000492,1000.000491,1000.000491,1000.000491,1000.000491,1000.000491,1000.000492,1000.000492,1000.000493,1000.000493,1000.000494,1000.000496,1000.000497,1000.000495,1000.000490,1000.000481,1000.000469,1000.000450,1000.000427,1000.000400,1000.000370,1000.000336,1000.000301,1000.000264,1000.000227,1000.000185,1000.000141,0.000000,0.000000,0.000000,0.000000,0.000000,0.000000,0.000000,0.000000,0.000000,0.000000,0.000000,0.000000,0.000000,0.000000,0.000000,0.000000,0.000000,0.000000,0.000000,0.000000,0.000000,0.000000,0.000000,0.000000,0.000000,0.000000,0.000000,0.000000
0.000000,0.000000,0.000000,0.000000,0.000000,0.000000,0.000000,0.000000,0.000000,0.000000,0.000000,0.000000,0.000000,0.000000,0.000000,0.000000,0.000000,0.000000,0.000000,0.000000,0.000000,0.000000,0.000000,0.000000,0.000000,0.000000,1000.000134,1000.000181,1000.000226,1000.000265,1000.000305,1000.000343,1000.000381,1000.000416,1000.000446,1000.000470,1000.000487,1000.000497,1000.000501,1000.000500,1000.000496,1000.000489,1000.000479,1000.000469,1000.000462,1000.000458,1000.000456,1000.000454,1000.000453,1000.000452,1000.000451,1000.000451,1000.000451,1000.000452,1000.000453,1000.000454,1000.000456,1000.000458,1000.000462,1000.000469,1000.000479,1000.000489,1000.000496,1000.000500,1000.000501,1000.000497,1000.000487,1000.000470,1000.000446,1000.000416,1000.000381,1000.000343,1000.000305,1000.000265,1000.000226,1000.000181,1000.000134,0.000000,0.000000,0.000000,0.000000,0.000000,0.000000,0.000000,0.000000,0.000000,0.000000,0.000000,0.000000,0.000000,0.000000,0.000000,0.000000,0.000000,0.000000,0.000000,0.000000,0.000000,0.000000,0.000000,0.000000,0.000000,0.000000
0.000000,0.000000,0.000000,0.000000,0.000000,0.000000,0.000000,0.000000,0.000000,0.000000,0.000000,0.000000,0.000000,0.000000,0.000000,0.000000,0.000000,0.000000,0.000000,0.000000,0.000000,0.000000,0.000000,0.000000,1000.000115,1000.000167,1000.000217,1000.000259,1000.000302,1000.000343,1000.000383,1000.000420,1000.000453,1000.000479,1000.000495,1000.000501,1000.000500,1000.000493,1000.000482,1000.000470,1000.000458,1000.000446,1000.000433,1000.000421,1000.000412,1000.000407,1000.000403,1000.000400,1000.000398,1000.000397,1000.000396,1000.000396,1000.000396,1000.000397,1000.000398,1000.000400,1000.000403,1000.000407,1000.000412,1000.000421,1000.000433,1000.000446,1000.000458,1000.000470,1000.000482,1000.000493,1000.000500,1000.000501,1000.000495,1000.000479,1000.000453,1000.000420,1000.000383,1000.000343,1000.000302,1000.000259,1000.000217,1000.000167,1000.000115,0.000000,0.000000,0.000000,0.000000,0.000000,0.000000,0.000000,0.000000,0.000000,0.000000,0.000000,0.000000,0.000000,0.000000,0.000000,0.000000,0.000000,0.000000,0.000000,0.000000,0.000000,0.000000,0.000000,0.000000
0.000000,0.000000,0.000000,0.000000,0.000000,0.000000,0.000000,0.000000,0.000000,0.000000,0.000000,0.000000,0.000000,0.000000,0.000000,0.000000,0.000000,0.000000,0.000000,0.000000,0.000000,0.000000,0.000000,1000.000139,1000.000195,1000.000243,1000.000291,1000.000336,1000.000379,1000.000419,1000.000454,1000.000481,1000.000497,1000.000502,1000.000497,1000.000484,1000.000469,1000.000452,1000.000436,1000.000420,1000.000407,1000.000394,1000.000382,1000.000372,1000.000363,1000.000357,1000.000352,1000.000348,1000.000346,1000.000344,1000.000343,1000.000343,1000.000343,1000.000344,1000.000346,1000.000348,1000.000352,1000.000357,1000.000363,1000.000372,1000.000382,1000.000394,1000.000407,1000.000420,1000.000436,1000.000452,1000.000469,1000.000484,1000.000497,1000.000502,1000.000497,1000.000481,1000.000454,1000.000419,1000.000379,1000.000336,1000.000291,1000.000243,1000.000195,1000.000139,0.000000,0.000000,0.000000,0.000000,0.000000,0.000000,0.000000,0.000000,0.000000,0.000000,0.000000,0.000000,0.000000,0.000000,0.000000,0.000000,0.000000,0.000000,0.000000,0.000000,0.000000,0.000000,0.000000
0.000000,0.000000,0.000000,0.000000,0.000000,0.000000,0.000000,0.000000,0.000000,0.000000,0.000000,0.000000,0.000000,0.000000,0.000000,0.000000,0.000000,0.000000,0.000000,0.000000,0.000000,1000.000102,1000.000161,1000.000217,1000.000267,1000.000317,1000.000367,1000.000412,1000.000450,1000.000480,1000.000497,1000.000503,1000.000497,1000.000481,1000.000461,1000.000440,1000.000420,1000.000402,1000.000386,1000.000371,1000.000357,1000.000345,1000.000333,1000.000323,1000.000315,1000.000308,1000.000302,1000.000298,1000.000295,1000.000293,1000.000292,1000.000291,1000.000292,1000.000293,1000.000295,1000.000298,1000.000302,1000.000308,1000.000315,1000.000323,1000.000333,1000.000345,1000.000357,1000.000371,1000.000386,1000.000402,1000.000420,1000.000440,1000.000461,1000.000481,1000.000497,1000.000503,1000.000497,1000.000480,1000.000450,1000.000412,1000.000367,1000.000317,1000.000267,1000.000217,1000.000161,1000.000102,0.000000,0.000000,0.000000,0.000000,0.000000,0.000000,0.000000,0.000000,0.000000,0.000000,0.000000,0.000000,0.000000,0.000000,0.000000,0.000000,0.000000,0.000000,0.000000,0.000000,0.000000
0.000000,0.000000,0.000000,0.000000,0.000000,0.000000,0.000000,0.000000,0.000000,0.000000,0.000000,0.000000,0.000000,0.000000,0.000000,0.000000,0.000000,0.000000,0.000000,0.000000,1000.000119,1000.000181,1000.000234,1000.000286,1000.000338,1000.000390,1000.000437,1000.000473,1000.000495,1000.000502,1000.000497,1000.000481,1000.000460,1000.000437,1000.000413,1000.000392,1000.000372,1000.000355,1000.000339,1000.000323,1000.000310,1000.000297,1000.000286,1000.000276,1000.000267,1000.000260,1000.000254,1000.000250,1000.000246,1000.000244,1000.000242,1000.000242,1000.000242,1000.000244,1000.000246,1000.000250,1000.000254,1000.000260,1000.000267,1000.000276,1000.000286,1000.000297,1000.000310,1000.000323,1000.000339,1000.000355,1000.000372,1000.000392,1000.000413,1000.000437,1000.000460,1000.000481,1000.000497,1000.000502,1000.000495,1000.000473,1000.000437,1000.000390,1000.000338,1000.000286,1000.000234,1000.000181,1000.000119,0.000000,0.000000,0.000000,0.000000,0.000000,0.000000,0.000000,0.000000,0.000000,0.000000,0.000000,0.000000,0.000000,0.000000,0.000000,0.000000,0.000000,0.000000,0.000000,0.000000
0.000000,0.000000,0.000000,0.000000,0.000000,0.000000,0.000000,0.000000,0.000000,0.000000,0.000000,0.000000,0.000000,0.000000,0.000000,0.000000,0.000000,0.000000,0.000000,1000.000133,1000.000196,1000.000251,1000.000303,1000.000356,1000.000407,1000.000453,1000.000487,1000.000501,1000.000497,1000.000482,1000.000461,1000.000436,1000.000411,1000.000388,1000.000366,1000.000345,1000.000326,1000.000308,1000.000292,1000.000277,1000.000263,1000.000250,1000.000239,1000.000229,1000.000220,1000.000213,1000.000207,1000.000202,1000.000198,1000.000196,1000.000194,1000.000194,1000.000194,1000.000196,1000.000198,1000.000202,1000.000207,1000.000213,1000.000220,1000.000229,1000.000239,1000.000250,1000.000263,1000.000277,1000.000292,1000.000308,1000.000326,1000.000345,1000.000366,1000.000388,1000.000411,1000.000436,1000.000461,1000.000482,1000.000497,1000.000501,1000.000487,1000.000453,1000.000407,1000.000356,1000.000303,1000.000251,1000.000196,1000.000133,0.000000,0.000000,0.000000,0.000000,0.000000,0.000000,0.000000,0.000000,0.000000,0.000000,0.000000,0.000000,0.000000,0.000000,0.000000,0.000000,0.000000,0.000000,0.000000
0.000000,0.000000,0.000000,0.000000,0.000000,0.000000,0.000000,0.000000,0.000000,0.000000,0.000000,0.000000,0.000000,0.000000,0.000000,0.000000,0.000000,0.000000,1000.000142,1000.000207,1000.000264,1000.000319,1000.000374,1000.000423,1000.000465,1000.000494,1000.000501,1000.000488,1000.000465,1000.000440,1000.000413,1000.000388,1000.000365,1000.000342,1000.000321,1000.000300,1000.000281,1000.000263,1000.000246,1000.000231,1000.000217,1000.000205,1000.000193,1000.000183,1000.000174,1000.000167,1000.000161,1000.000156,1000.000152,1000.000149,1000.000148,1000.000147,1000.000148,1000.000149,1000.000152,1000.000156,1000.000161,1000.000167,1000.000174,1000.000183,1000.000193,1000.000205,1000.000217,1000.000231,1000.000246,1000.000263,1000.000281,1000.000300,1000.000321,1000.000342,1000.000365,1000.000388,1000.000413,1000.000440,1000.000465,1000.000488,1000.000501,1000.000494,1000.000465,1000.000423,1000.000374,1000.000319,1000.000264,1000.000207,1000.000142,0.000000,0.000000,0.000000,0.000000,0.000000,0.000000,0.000000,0.000000,0.000000,0.000000,0.000000,0.000000,0.000000,0.000000,0.000000,0.000000,0.000000,0.000000
0.000000,0.000000,0.000000,0.000000,0.000000,0.000000,0.000000,0.000000,0.000000,0.000000,0.000000,0.000000,0.000000,0.000000,0.000000,0.000000,0.000000,1000.000146,1000.000213,1000.000272,1000.000330,1000.000389,1000.000440,1000.000478,1000.000499,1000.000500,1000.000481,1000.000452,1000.000422,1000.000394,1000.000368,1000.000344,1000.000320,1000.000298,1000.000276,1000.000255,1000.000236,1000.000218,1000.000202,1000.000187,1000.000173,1000.000160,1000.000149,1000.000139,1000.000130,1000.000122,1000.000116,1000.000111,1000.000107,1000.000104,1000.000102,1000.000102,1000.000102,1000.000104,1000.000107,1000.000111,1000.000116,1000.000122,1000.000130,1000.000139,1000.000149,1000.000160,1000.000173,1000.000187,1000.000202,1000.000218,1000.000236,1000.000255,1000.000276,1000.000298,1000.000320,1000.000344,1000.000368,1000.000394,1000.000422,1000.000452,1000.000481,1000.000500,1000.000499,1000.000478,1000.000440,1000.000389,1000.000330,1000.000272,1000.000213,1000.000146,0.000000,0.000000,0.000000,0.000000,0.000000,0.000000,0.000000,0.000000,0.000000,0.000000,0.000000,0.000000,0.000000,0.000000,0.000000,0.000000,0.000000
0.000000,0.000000,0.000000,0.000000,0.000000,0.000000,0.000000,0.000000,0.000000,0.000000,0.000000,0.000000,0.000000,0.000000,0.000000,0.000000,1000.000147,1000.000216,1000.000277,1000.000337,1000.000397,1000.000449,1000.000487,1000.000501,1000.000495,1000.000473,1000.000443,1000.000410,1000.000378,1000.000351,1000.000326,1000.000301,1000.000277,1000.000254,1000.000232,1000.000212,1000.000193,1000.000175,1000.000159,1000.000143,1000.000130,1000.000117,1000.000106,1000.000095,1000.000086,1000.000079,1000.000072,1000.000067,1000.000063,1000.000060,1000.000059,1000.000058,1000.000059,1000.000060,1000.000063,1000.000067,1000.000072,1000.000079,1000.000086,1000.000095,1000.000106,1000.000117,1000.000130,1000.000143,1000.000159,1000.000175,1000.000193,1000.000212,1000.000232,1000.000254,1000.000277,1000.000301,1000.000326,1000.000351,1000.000378,1000.000410,1000.000443,1000.000473,1000.000495,1000.000501,1000.000487,1000.000449,1000.000397,1000.000337,1000.000277,1000.000216,1000.000147,0.000000,0.000000,0.000000,0.000000,0.000000,0.000000,0.000000,0.000000,0.000000,0.000000,0.000000,0.000000,0.000000,0.000000,0.000000,0.000000
0.000000,0.000000,0.000000,0.000000,0.000000,0.000000,0.000000,0.000000,0.000000,0.000000,0.000000,0.000000,0.000000,0.000000,0.000000,1000.000146,1000.000216,1000.000278,1000.000339,1000.000400,1000.000454,1000.000491,1000.000501,1000.000487,1000.000462,1000.000431,1000.000398,1000.000366,1000.000338,1000.000310,1000.000283,1000.000258,1000.000234,1000.000212,1000.000190,1000.000170,1000.000151,1000.000133,1000.000117,1000.000102,1000.000088,1000.000075,1000.000063,1000.000053,1000.000044,1000.000037,1000.000030,1000.000025,1000.000021,1000.000018,1000.000016,1000.000015,1000.000016,1000.000018,1000.000021,1000.000025,1000.000030,1000.000037,1000.000044,1000.000053,1000.000063,1000.000075,1000.000088,1000.000102,1000.000117,1000.000133,1000.000151,1000.000170,1000.000190,1000.000212,1000.000234,1000.000258,1000.000283,1000.000310,1000.000338,1000.000366,1000.000398,1000.000431,1000.000462,1000.000487,1000.000501,1000.000491,1000.000454,1000.000400,1000.000339,1000.000278,1000.000216,1000.000146,0.000000,0.000000,0.000000,0.000000,0.000000,0.000000,0.000000,0.000000,0.000000,0.000000,0.000000,0.000000,0.000000,0.000000,0.000000
0.000000,0.000000,0.000000,0.000000,0.000000,0.000000,0.000000,0.000000,0.000000,0.000000,0.000000,0.000000,0.000000,0.000000,1000.000142,1000.000213,1000.000277,1000.000339,1000.000402,1000.000456,1000.000493,1000.000501,1000.000484,1000.000453,1000.000420,1000.000387,1000.000356,1000.000326,1000.000297,1000.000269,1000.000242,1000.000217,1000.000194,1000.000171,1000.000149,1000.000129,1000.000110,1000.000092,1000.000076,1000.000061,1000.000047,1000.000034,1000.000022,1000.000012,1000.000003,999.999995,999.999989,999.999984,999.999979,999.999977,999.999975,999.999974,999.999975,999.999977,999.999979,999.999984,999.999989,999.999995,1000.000003,1000.000012,1000.000022,1000.000034,1000.000047,1000.000061,1000.000076,1000.000092,1000.000110,1000.000129,1000.000149,1000.000171,1000.000194,1000.000217,1000.000242,1000.000269,1000.000297,1000.000326,1000.000356,1000.000387,1000.000420,1000.000453,1000.000484,1000.000501,1000.000493,1000.000456,1000.000402,1000.000339,1000.000277,1000.000213,1000.000142,0.000000,0.000000,0.000000,0.000000,0.000000,0.000000,0.000000,0.000000,0.000000,0.000000,0.000000,0.000000,0.000000,0.000000
0.000000,0.000000,0.000000,0.000000,0.000000,0.000000,0.000000,0.000000,0.000000,0.000000,0.000000,0.000000,0.000000,1000.000133,1000.000207,1000.000272,1000.000337,1000.000400,1000.000456,1000.000493,1000.000502,1000.000482,1000.000450,1000.000413,1000.000378,1000.000347,1000.000317,1000.000286,1000.000257,1000.000229,1000.000203,1000.000178,1000.000154,1000.000131,1000.000110,1000.000089,1000.000070,1000.000053,1000.000036,1000.000021,1000.000007,999.999994,999.999983,999.999972,999.999963,999.999956,999.999949,999.999944,999.999940,999.999937,999.999935,999.999934,999.999935,999.999937,999.999940,999.999944,999.999949,999.999956,999.999963,999.999972,999.999983,999.999994,1000.000007,1000.000021,1000.000036,1000.000053,1000.000070,1000.000089,1000.000110,1000.000131,1000.000154,1000.000178,1000.000203,1000.000229,1000.000257,1000.000286,1000.000317,1000.000347,1000.000378,1000.000413,1000.000450,1000.000482,1000.000502,1000.000493,1000.000456,1000.000400,1000.000337,1000.000272,1000.000207,1000.000133,0.000000,0.000000,0.000000,0.000000,0.000000,0.000000,0.000000,0.000000,0.000000,0.000000,0.000000,0.000000,0.000000
0.000000,0.000000,0.000000,0.000000,0.000000,0.000000,0.000000,0.000000,0.000000,0.000000,0.000000,0.000000,1000.000119,1000.000196,1000.000264,1000.000330,1000.000397,1000.000454,1000.000493,1000.000502,1000.000482,1000.000449,1000.000411,1000.000374,1000.000341,1000.000309,1000.000278,1000.000247,1000.000218,1000.000191,1000.000165,1000.000139,1000.000115,1000.000093,1000.000071,1000.000051,1000.000032,1000.000014,999.999998,999.999983,999.999969,999.999956,999.999944,999.999934,999.999925,999.999917,999.999910,999.999905,999.999901,999.999898,999.999896,999.999896,999.999896,999.999898,999.999901,999.999905,999.999910,999.999917,999.999925,999.999934,999.999944,999.999956,999.999969,999.999983,999.999998,1000.000014,1000.000032,1000.000051,1000.000071,1000.000093,1000.000115,1000.000139,1000.000165,1000.000191,1000.000218,1000.000247,1000.000278,1000.000309,1000.000341,1000.000374,1000.000411,1000.000449,1000.000482,1000.000502,1000.000493,1000.000454,1000.000397,1000.000330,1000.000264,1000.000196,1000.000119,0.000000,0.000000,0.000000,0.000000,0.000000,0.000000,0.000000,0.000000,0.000000,0.000000,0.000000,0.000000
0.000000,0.000000,0.000000,0.000000,0.000000,0.000000,0.000000,0.000000,0.000000,0.000000,0.000000,1000.000102,1000.000181,1000.000251,1000.000319,1000.000389,1000.000449,1000.000491,1000.000501,1000.000482,1000.000449,1000.000410,1000.000372,1000.000338,1000.000304,1000.000271,1000.000240,1000.000210,1000.000181,1000.000154,1000.000127,1000.000102,1000.000078,1000.000055,1000.000034,1000.000014,999.999995,999.999977,999.999961,999.999945,999.999931,999.999918,999.999907,999.999897,999.999888,999.999880,999.999873,999.999868,999.999863,999.999860,999.999859,999.999858,999.999859,999.999860,999.999863,999.999868,999.999873,999.999880,999.999888,999.999897,999.999907,999.999918,999.999931,999.999945,999.999961,999.999977,999.999995,1000.000014,1000.000034,1000.000055,1000.000078,1000.000102,1000.000127,1000.000154,1000.000181,1000.000210,1000.000240,1000.000271,1000.000304,1000.000338,1000.000372,1000.000410,1000.000449,1000.000482,1000.000501,1000.000491,1000.000449,1000.000389,1000.000319,1000.000251,1000.000181,1000.000102,0.000000,0.000000,0.000000,0.000000,0.000000,0.000000,0.000000,0.000000,0.000000,0.000000,0.000000
0.000000,0.000000,0.000000,0.000000,0.000000,0.000000,0.000000,0.000000,0.000000,0.000000,0.000000,1000.000161,1000.000234,1000.000303,1000.000374,1000.000440,1000.000487,1000.000501,1000.000484,1000.000450,1000.000411,1000.000372,1000.000336,1000.000302,1000.000268,1000.000235,1000.000204,1000.000174,1000.000145,1000.000117,1000.000091,1000.000066,1000.000042,1000.000019,999.999998,999.999978,999.999959,999.999941,999.999924,999.999909,999.999895,999.999882,999.999871,999.999861,999.999851,999.999844,999.999837,999.999831,999.999827,999.999824,999.999822,999.999822,999.999822,999.999824,999.999827,999.999831,999.999837,999.999844,999.999851,999.999861,999.999871,999.999882,999.999895,999.999909,999.999924,999.999941,999.999959,999.999978,999.999998,1000.000019,1000.000042,1000.000066,1000.000091,1000.000117,1000.000145,1000.000174,1000.000204,1000.000235,1000.000268,1000.000302,1000.000336,1000.000372,1000.000411,1000.000450,1000.000484,1000.000501,1000.000487,1000.000440,1000.000374,1000.000303,1000.000234,1000.000161,0.000000,0.000000,0.000000,0.000000,0.000000,0.000000,0.000000,0.000000,0.000000,0.000000,0.000000
0.000000,0.000000,0.000000,0.000000,0.000000,0.000000,0.000000,0.000000,0.000000,0.000000,1000.000139,1000.000217,1000.000286,1000.000356,1000.000423,1000.000478,1000.000501,1000.000487,1000.000453,1000.000413,1000.000374,1000.000338,1000.000302,1000.000267,1000.000232,1000.000200,1000.000169,1000.000139,1000.000110,1000.000083,1000.000056,1000.000031,1000.000007,999.999984,999.999963,999.999943,999.999924,999.999906,999.999890,999.999874,999.999860,999.999848,999.999836,999.999826,999.999817,999.999809,999.999802,999.999797,999.999792,999.999789,999.999787,999.999787,999.999787,999.999789,999.999792,999.999797,999.999802,999.999809,999.999817,999.999826,999.999836,999.999848,999.999860,999.999874,999.999890,999.999906,999.999924,999.999943,999.999963,999.999984,1000.000007,1000.000031,1000.000056,1000.000083,1000.000110,1000.000139,1000.000169,1000.000200,1000.000232,1000.000267,1000.000302,1000.000338,1000.000374,1000.000413,1000.000453,1000.000487,1000.000501,1000.000478,1000.000423,1000.000356,1000.000286,1000.000217,1000.000139,0.000000,0.000000,0.000000,0.000000,0.000000,0.000000,0.000000,0.000000,0.000000,0.000000
0.000000,0.000000,0.000000,0.000000,0.000000,0.000000,0.000000,0.000000,0.000000,1000.000115,1000.000195,1000.000267,1000.000338,1000.000407,1000.000465,1000.000499,1000.000495,1000.000462,1000.000420,1000.000378,1000.000341,1000.000304,1000.000268,1000.000232,1000.000199,1000.000167,1000.000135,1000.000105,1000.000077,1000.000049,1000.000023,999.999997,999.999974,999.999951,999.999929,999.999909,999.999890,999.999873,999.999856,999.999841,999.999827,999.999814,999.999802,999.999792,999.999783,999.999775,999.999768,999.999763,999.999759,999.999756,999.999754,999.999753,999.999754,999.999756,999.999759,999.999763,999.999768,999.999775,999.999783,999.999792,999.999802,999.999814,999.999827,999.999841,999.999856,999.999873,999.999890,999.999909,999.999929,999.999951,999.999974,999.999997,1000.000023,1000.000049,1000.000077,1000.000105,1000.000135,1000.000167,1000.000199,1000.000232,1000.000268,1000.000304,1000.000341,1000.000378,1000.000420,1000.000462,1000.000495,1000.000499,1000.000465,1000.000407,1000.000338,1000.000267,1000.000195,1000.000115,0.000000,0.000000,0.000000,0.000000,0.000000,0.000000,0.000000,0.000000,0.000000
0.000000,0.000000,0.000000,0.000000,0.000000,0.000000,0.000000,0.000000,0.000000,1000.000167,1000.000243,1000.000317,1000.000390,1000.000453,1000.000494,1000.000500,1000.000473,1000.000431,1000.000387,1000.000347,1000.000309,1000.000271,1000.000235,1000.000200,1000.000167,1000.000134,1000.000103,1000.000073,1000.000044,1000.000016,999.999990,999.999965,999.999941,999.999918,999.999897,999.999877,999.999858,999.999840,999.999824,999.999808,999.999794,999.999782,999.999770,999.999760,999.999750,999.999743,999.999736,999.999730,999.999726,999.999723,999.999721,999.999721,999.999721,999.999723,999.999726,999.999730,999.999736,999.999743,999.999750,999.999760,999.999770,999.999782,999.999794,999.999808,999.999824,999.999840,999.999858,999.999877,999.999897,999.999918,999.999941,999.999965,999.999990,1000.000016,1000.000044,1000.000073,1000.000103,1000.000134,1000.000167,1000.000200,1000.000235,1000.000271,1000.000309,1000.000347,1000.000387,1000.000431,1000.000473,1000.000500,1000.000494,1000.000453,1000.000390,1000.000317,1000.000243,1000.000167,0.000000,0.000000,0.000000,0.000000,0.000000,0.000000,0.000000,0.000000,0.000000
0.000000,0.000000,0.000000,0.000000,0.000000,0.000000,0.000000,0.000000,1000.000134,1000.000217,1000.000291,1000.000367,1000.000437,1000.000487,1000.000501,1000.000481,1000.000443,1000.000398,1000.000356,1000.000317,1000.000278,1000.000240,1000.000204,1000.000169,1000.000135,1000.000103,1000.000072,1000.000042,1000.000013,999.999985,999.999959,999.999934,999.999910,999.999887,999.999866,999.999846,999.999827,999.999809,999.999792,999.999777,999.999763,999.999750,999.999739,999.999728,999.999719,999.999711,999.999705,999.999699,999.999695,999.999692,999.999690,999.999689,999.999690,999.999692,999.999695,999.999699,999.999705,999.999711,999.999719,999.999728,999.999739,999.999750,999.999763,999.999777,999.999792,999.999809,999.999827,999.999846,999.999866,999.999887,999.999910,999.999934,999.999959,999.999985,1000.000013,1000.000042,1000.000072,1000.000103,1000.000135,1000.000169,1000.000204,1000.000240,1000.000278,1000.000317,1000.000356,1000.000398,1000.000443,1000.000481,1000.000501,1000.000487,1000.000437,1000.000367,1000.000291,1000.000217,1000.000134,0.000000,0.000000,0.000000,0.000000,0.000000,0.000000,0.000000,0.000000
0.000000,0.000000,0.000000,0.000000,0.000000,0.000000,0.000000,0.000000,1000.000181,1000.000259,1000.000336,1000.000412,1000.000473,1000.000501,1000.000488,1000.000452,1000.000410,1000.000366,1000.000326,1000.000286,1000.000247,1000.000210,1000.000174,1000.000139,1000.000105,1000.000073,1000.000042,1000.000012,999.999983,999.999955,999.999929,999.999904,999.999880,999.999857,999.999836,999.999816,999.999797,999.999779,999.999762,999.999747,999.999733,999.999720,999.999709,999.999698,999.999689,999.999681,999.999675,999.999669,999.999665,999.999662,999.999660,999.999659,999.999660,999.999662,999.999665,999.999669,999.999675,999.999681,999.999689,999.999698,999.999709,999.999720,999.999733,999.999747,999.999762,999.999779,999.999797,999.999816,999.999836,999.999857,999.999880,999.999904,999.999929,999.999955,999.999983,1000.000012,1000.000042,1000.000073,1000.000105,1000.000139,1000.000174,1000.000210,1000.000247,1000.000286,1000.000326,1000.000366,1000.000410,1000.000452,1000.000488,1000.000501,1000.000473,1000.000412,1000.000336,1000.000259,1000.000181,0.000000,0.000000,0.000000,0.000000,0.000000,0.000000,0.000000,0.000000
0.000000,0.000000,0.000000,0.000000,0.000000,0.000000,0.000000,1000.000141,1000.000226,1000.000302,1000.000379,1000.000450,1000.000495,1000.000497,1000.000465,1000.000422,1000.000378,1000.000338,1000.000297,1000.000257,1000.000218,1000.000181,1000.000145,1000.000110,1000.000077,1000.000044,1000.000013,999.999983,999.999954,999.999927,999.999900,999.999875,999.999851,999.999829,999.999807,999.999787,999.999768,999.999750,999.999734,999.999718,999.999704,999.999692,999.999680,999.999670,999.999660,999.999653,999.999646,999.999640,999.999636,999.999633,999.999631,999.999631,999.999631,999.999633,999.999636,999.999640,999.999646,999.999653,999.999660,999.999670,999.999680,999.999692,999.999704,999.999718,999.999734,999.999750,999.999768,999.999787,999.999807,999.999829,999.999851,999.999875,999.999900,999.999927,999.999954,999.999983,1000.000013,1000.000044,1000.000077,1000.000110,1000.000145,1000.000181,1000.000218,1000.000257,1000.000297,1000.000338,1000.000378,1000.000422,1000.000465,1000.000497,1000.000495,1000.000450,1000.000379,1000.000302,1000.000226,1000.000141,0.000000,0.000000,0.000000,0.000000,0.000000,0.000000,0.000000
0.000000,0.000000,0.000000,0.000000,0.000000,0.000000,0.000000,1000.000185,1000.000265,1000.000343,1000.000419,1000.000480,1000.000502,1000.000482,1000.000440,1000.000394,1000.000351,1000.000310,1000.000269,1000.000229,1000.000191,1000.000154,1000.000117,1000.000083,1000.000049,1000.000016,999.999985,999.999955,999.999927,999.999899,999.999873,999.999848,999.999824,999.999801,999.999780,999.999759,999.999740,999.999723,999.999706,999.999691,999.999677,999.999664,999.999652,999.999642,999.999633,999.999625,999.999618,999.999613,999.999608,999.999605,999.999604,999.999603,999.999604,999.999605,999.999608,999.999613,999.999618,999.999625,999.999633,999.999642,999.999652,999.999664,999.999677,999.999691,999.999706,999.999723,999.999740,999.999759,999.999780,999.999801,999.999824,999.999848,999.999873,999.999899,999.999927,999.999955,999.999985,1000.000016,1000.000049,1000.000083,1000.000117,1000.000154,1000.000191,1000.000229,1000.000269,1000.000310,1000.000351,1000.000394,1000.000440,1000.000482,1000.000502,1000.000480,1000.000419,1000.000343,1000.000265,1000.000185,0.000000,0.000000,0.000000,0.000000,0.000000,0.000000,0.000000
0.000000,0.000000,0.000000,0.000000,0.000000,0.000000,1000.000142,1000.000227,1000.000305,1000.000383,1000.000454,1000.000497,1000.000497,1000.000461,1000.000413,1000.000368,1000.000326,1000.000283,1000.000242,1000.000203,1000.000165,1000.000127,1000.000091,1000.000056,1000.000023,999.999990,999.999959,999.999929,999.999900,999.999873,999.999846,999.999821,999.999797,999.999775,999.999753,999.999733,999.999714,999.999696,999.999680,999.999665,999.999651,999.999638,999.999626,999.999616,999.999607,999.999599,999.999592,999.999586,999.999582,999.999579,999.999577,999.999577,999.999577,999.999579,999.999582,999.999586,999.999592,999.999599,999.999607,999.999616,999.999626,999.999638,999.999651,999.999665,999.999680,999.999696,999.999714,999.999733,999.999753,999.999775,999.999797,999.999821,999.999846,999.999873,999.999900,999.999929,999.999959,999.999990,1000.000023,1000.000056,1000.000091,1000.000127,1000.000165,1000.000203,1000.000242,1000.000283,1000.000326,1000.000368,1000.000413,1000.000461,1000.000497,1000.000497,1000.000454,1000.000383,1000.000305,1000.000227,1000.000142,0.000000,0.000000,0.000000,0.000000,0.000000,0.000000
0.000000,0.000000,0.000000,0.000000,0.000000,0.000000,1000.000182,1000.000264,1000.000343,1000.000420,1000.000481,1000.000503,1000.000481,1000.000436,1000.000388,1000.000344,1000.000301,1000.000258,1000.000217,1000.000178,1000.000139,1000.000102,1000.000066,1000.000031,999.999997,999.999965,999.999934,999.999904,999.999875,999.999848,999.999821,999.999796,999.999772,999.999750,999.999728,999.999708,999.999689,999.999671,999.999655,999.999640,999.999625,999.999613,999.999601,999.999591,999.999581,999.999574,999.999567,999.999561,999.999557,999.999554,999.999552,999.999552,999.999552,999.999554,999.999557,999.999561,999.999567,999.999574,999.999581,999.999591,999.999601,999.999613,999.999625,999.999640,999.999655,999.999671,999.999689,999.999708,999.999728,999.999750,999.999772,999.999796,999.999821,999.999848,999.999875,999.999904,999.999934,999.999965,999.999997,1000.000031,1000.000066,1000.000102,1000.000139,1000.000178,1000.000217,1000.000258,1000.000301,1000.000344,1000.000388,1000.000436,1000.000481,1000.000503,1000.000481,1000.000420,1000.000343,1000.000264,1000.000182,0.000000,0.000000,0.000000,0.000000,0.000000,0.000000
0.000000,0.000000,0.000000,0.000000,0.000000,1000.000135,1000.000222,1000.000301,1000.000381,1000.000453,1000.000497,1000.000497,1000.000460,1000.000411,1000.000365,1000.000320,1000.000277,1000.000234,1000.000194,1000.000154,1000.000115,1000.000078,1000.000042,1000.000007,999.999974,999.999941,999.999910,999.999880,999.999851,999.999824,999.999797,999.999772,999.999748,999.999726,999.999704,999.999684,999.999665,999.999647,999.999631,999.999616,999.999602,999.999589,999.999577,999.999567,999.999558,999.999550,999.999543,999.999537,999.999533,999.999530,999.999528,999.999528,999.999528,999.999530,999.999533,999.999537,999.999543,999.999550,999.999558,999.999567,999.999577,999.999589,999.999602,999.999616,999.999631,999.999647,999.999665,999.999684,999.999704,999.999726,999.999748,999.999772,999.999797,999.999824,999.999851,999.999880,999.999910,999.999941,999.999974,1000.000007,1000.000042,1000.000078,1000.000115,1000.000154,1000.000194,1000.000234,1000.000277,1000.000320,1000.000365,1000.000411,1000.000460,1000.000497,1000.000497,1000.000453,1000.000381,1000.000301,1000.000222,1000.000135,0.000000,0.000000,0.000000,0.000000,0.000000
0.000000,0.000000,0.000000,0.000000,0.000000,1000.000172,1000.000255,1000.000336,1000.000416,1000.000479,1000.000502,1000.000481,1000.000437,1000.000388,1000.000342,1000.000298,1000.000254,1000.000212,1000.000171,1000.000131,1000.000093,1000.000055,1000.000019,999.999984,999.999951,999.999918,999.999887,999.999857,999.999829,999.999801,999.999775,999.999750,999.999726,999.999703,999.999682,999.999662,999.999643,999.999625,999.999608,999.999593,999.999579,999.999566,999.999555,999.999544,999.999535,999.999527,999.999520,999.999515,999.999511,999.999507,999.999506,999.999505,999.999506,999.999507,999.999511,999.999515,999.999520,999.999527,999.999535,999.999544,999.999555,999.999566,999.999579,999.999593,999.999608,999.999625,999.999643,999.999662,999.999682,999.999703,999.999726,999.999750,999.999775,999.999801,999.999829,999.999857,999.999887,999.999918,999.999951,999.999984,1000.000019,1000.000055,1000.000093,1000.000131,1000.000171,1000.000212,1000.000254,1000.000298,1000.000342,1000.000388,1000.000437,1000.000481,1000.000502,1000.000479,1000.000416,1000.000336,1000.000255,1000.000172,0.000000,0.000000,0.000000,0.000000,0.000000
0.000000,0.000000,0.000000,0.000000,1000.000118,1000.000207,1000.000288,1000.000370,1000.000446,1000.000495,1000.000497,1000.000461,1000.000413,1000.000366,1000.000321,1000.000276,1000.000232,1000.000190,1000.000149,1000.000110,1000.000071,1000.000034,999.999998,999.999963,999.999929,999.999897,999.999866,999.999836,999.999807,999.999780,999.999753,999.999728,999.999704,999.999682,999.999660,999.999640,999.999621,999.999603,999.999587,999.999572,999.999558,999.999545,999.999533,999.999523,999.999514,999.999506,999.999499,999.999493,999.999489,999.999486,999.999484,999.999484,999.999484,999.999486,999.999489,999.999493,999.999499,999.999506,999.999514,999.999523,999.999533,999.999545,999.999558,999.999572,999.999587,999.999603,999.999621,999.999640,999.999660,999.999682,999.999704,999.999728,999.999753,999.999780,999.999807,999.999836,999.999866,999.999897,999.999929,999.999963,999.999998,1000.000034,1000.000071,1000.000110,1000.000149,1000.000190,1000.000232,1000.000276,1000.000321,1000.000366,1000.000413,1000.000461,1000.000497,1000.000495,1000.000446,1000.000370,1000.000288,1000.000207,1000.000118,0.000000,0.000000,0.000000,0.000000
0.000000,0.000000,0.000000,0.000000,1000.000151,1000.000236,1000.000317,1000.000400,1000.000470,1000.000501,1000.000484,1000.000440,1000.000392,1000.000345,1000.000300,1000.000255,1000.000212,1000.000170,1000.000129,1000.000089,1000.000051,1000.000014,999.999978,999.999943,999.999909,999.999877,999.999846,999.999816,999.999787,999.999759,999.999733,999.999708,999.999684,999.999662,999.999640,999.999620,999.999601,999.999583,999.999567,999.999551,999.999537,999.999525,999.999513,999.999502,999.999493,999.999485,999.999479,999.999473,999.999469,999.999466,999.999464,999.999463,999.999464,999.999466,999.999469,999.999473,999.999479,999.999485,999.999493,999.999502,999.999513,999.999525,999.999537,999.999551,999.999567,999.999583,999.999601,999.999620,999.999640,999.999662,999.999684,999.999708,999.999733,999.999759,999.999787,999.999816,999.999846,999.999877,999.999909,999.999943,999.999978,1000.000014,1000.000051,1000.000089,1000.000129,1000.000170,1000.000212,1000.000255,1000.000300,1000.000345,1000.000392,1000.000440,1000.000484,1000.000501,1000.000470,1000.000400,1000.000317,1000.000236,1000.000151,0.000000,0.000000,0.000000,0.000000
