0.000000,0.000000,0.000000,0.000000,0.000000,0.000000,0.000000,0.000000,0.000000,0.000000,0.000000,0.000000,0.000000,0.000000,0.000000,0.000000,0.000000,0.000000,0.000000,0.000000,0.000000,0.000000,0.000000,0.000000,0.000000,0.000000,0.000000,0.000000,0.000000,0.000000,0.000000,0.000000,0.000000,0.000000,0.000000,0.000000,0.000000,0.000000,0.000000,0.000000,0.000000,0.000000,0.000000,0.000000,0.000000,0.000000,0.000000,0.000000,0.000000,0.000000,0.000000,0.000000,0.000000,0.000000,0.000000,0.000000,0.000000,0.000000,0.000000,0.000000,0.000000,0.000000,0.000000,0.000000,0.000000,0.000000,0.000000,0.000000,0.000000,0.000000,0.000000,0.000000,0.000000,0.000000,0.000000,0.000000,0.000000,0.000000,0.000000,0.000000,0.000000,0.000000,0.000000,0.000000,0.000000,0.000000,0.000000,0.000000,0.000000,0.000000,0.000000,0.000000,0.000000,0.000000,0.000000,0.000000,0.000000,0.000000,0.000000,0.000000,0.000000,0.000000,0.000000
0.000000,0.000000,0.000000,0.000000,0.000000,0.000000,0.000000,0.000000,0.000000,0.000000,0.000000,0.000000,0.000000,0.000000,0.000000,0.000000,0.000000,0.000000,0.000000,0.000000,0.000000,0.000000,0.000000,0.000000,0.000000,0.000000,0.000000,0.000000,0.000000,0.000000,0.000000,0.000000,0.000000,0.000000,0.000000,0.000000,0.000000,0.000000,0.000000,0.000000,0.000000,0.000000,0.000000,0.000000,0.000000,0.000000,0.000000,0.000000,0.000000,0.000000,0.000000,1000.000049,0.000000,0.000000,0.000000,0.000000,0.000000,0.000000,0.000000,0.000000,0.000000,0.000000,0.000000,0.000000,0.000000,0.000000,0.000000,0.000000,0.000000,0.000000,0.000000,0.000000,0.000000,0.000000,0.000000,0.000000,0.000000,0.000000,0.000000,0.000000,0.000000,0.000000,0.000000,0.000000,0.000000,0.000000,0.000000,0.000000,0.000000,0.000000,0.000000,0.000000,0.000000,0.000000,0.000000,0.000000,0.000000,0.000000,0.000000,0.000000,0.000000,0.000000,0.000000
0.000000,0.000000,0.000000,0.000000,0.000000,0.000000,0.000000,0.000000,0.000000,0.000000,0.000000,0.000000,0.000000,0.000000,0.000000,0.000000,0.000000,0.000000,0.000000,0.000000,0.000000,0.000000,0.000000,0.000000,0.000000,0.000000,0.000000,0.000000,0.000000,0.000000,0.000000,0.000000,0.000000,0.000000,0.000000,0.000000,0.000000,0.000000,0.000000,0.000000,0.000000,0.000000,1000.000090,1000.000105,1000.000112,1000.000116,1000.000118,1000.000119,1000.000119,1000.000118,1000.000118,1000.000121,1000.000118,1000.000118,1000.000119,1000.000119,1000.000118,1000.000116,1000.000112,1000.000105,1000.000090,0.000000,0.000000,0.000000,0.000000,0.000000,0.000000,0.000000,0.000000,0.000000,0.000000,0.000000,0.000000,0.000000,0.000000,0.000000,0.000000,0.000000,0.000000,0.000000,0.000000,0.000000,0.000000,0.000000,0.000000,0.000000,0.000000,0.000000,0.000000,0.000000,0.000000,0.000000,0.000000,0.000000,0.000000,0.000000,0.000000,0.000000,0.000000,0.000000,0.000000,0.000000,0.000000
0.000000,0.000000,0.000000,0.000000,0.000000,0.000000,0.000000,0.000000,0.000000,0.000000,0.000000,0.000000,0.000000,0.000000,0.000000,0.000000,0.000000,0.000000,0.000000,0.000000,0.000000,0.000000,0.000000,0.000000,0.000000,0.000000,0.000000,0.000000,0.000000,0.000000,0.000000,0.000000,0.000000,0.000000,0.000000,0.000000,0.000000,1000.000087,1000.000108,1000.000125,1000.000139,1000.000151,1000.000161,1000.000171,1000.000178,1000.000183,1000.000186,1000.000187,1000.000188,1000.000188,1000.000188,1000.000188,1000.000188,1000.000188,1000.000188,1000.000187,1000.000186,1000.000183,1000.000178,1000.000171,1000.000161,1000.000151,1000.000139,1000.000125,1000.000108,1000.000087,0.000000,0.000000,0.000000,0.000000,0.000000,0.000000,0.000000,0.000000,0.000000,0.000000,0.000000,0.000000,0.000000,0.000000,0.000000,0.000000,0.000000,0.000000,0.000000,0.000000,0.000000,0.000000,0.000000,0.000000,0.000000,0.000000,0.000000,0.000000,0.000000,0.000000,0.000000,0.000000,0.000000,0.000000,0.000000,0.000000,0.000000
0.000000,0.000000,0.000000,0.000000,0.000000,0.000000,0.000000,0.000000,0.000000,0.000000,0.000000,0.000000,0.000000,0.000000,0.000000,0.000000,0.000000,0.000000,0.000000,0.000000,0.000000,0.000000,0.000000,0.000000,0.000000,0.000000,0.000000,0.000000,0.000000,0.000000,0.000000,0.000000,0.000000,0.000000,1000.000090,1000.000115,1000.000136,1000.000156,1000.000174,1000.000189,1000.000204,1000.000217,1000.000229,1000.000238,1000.000245,1000.000249,1000.000252,1000.000253,1000.000254,1000.000254,1000.000255,1000.000254,1000.000255,1000.000254,1000.000254,1000.000253,1000.000252,1000.000249,1000.000245,1000.000238,1000.000229,1000.000217,1000.000204,1000.000189,1000.000174,1000.000156,1000.000136,1000.000115,1000.000090,0.000000,0.000000,0.000000,0.000000,0.000000,0.000000,0.000000,0.000000,0.000000,0.000000,0.000000,0.000000,0.000000,0.000000,0.000000,0.000000,0.000000,0.000000,0.000000,0.000000,0.000000,0.000000,0.000000,0.000000,0.000000,0.000000,0.000000,0.000000,0.000000,0.000000,0.000000,0.000000,0.000000,0.000000
0.000000,0.000000,0.000000,0.000000,0.000000,0.000000,0.000000,0.000000,0.000000,0.000000,0.000000,0.000000,0.000000,0.000000,0.000000,0.000000,0.000000,0.000000,0.000000,0.000000,0.000000,0.000000,0.000000,0.000000,0.000000,0.000000,0.000000,0.000000,0.000000,0.000000,0.000000,0.000000,1000.000103,1000.000131,1000.000158,1000.000180,1000.000200,1000.000220,1000.000238,1000.000254,1000.000268,1000.000283,1000.000296,1000.000306,1000.000312,1000.000315,1000.000317,1000.000318,1000.000319,1000.000319,1000.000319,1000.000319,1000.000319,1000.000319,1000.000319,1000.000318,1000.000317,1000.000315,1000.000312,1000.000306,1000.000296,1000.000283,1000.000268,1000.000254,1000.000238,1000.000220,1000.000200,1000.000180,1000.000158,1000.000131,1000.000103,0.000000,0.000000,0.000000,0.000000,0.000000,0.000000,0.000000,0.000000,0.000000,0.000000,0.000000,0.000000,0.000000,0.000000,0.000000,0.000000,0.000000,0.000000,0.000000,0.000000,0.000000,0.000000,0.000000,0.000000,0.000000,0.000000,0.000000,0.000000,0.000000,0.000000,0.000000,0.000000
0.000000,0.000000,0.000000,0.000000,0.000000,0.000000,0.000000,0.000000,0.000000,0.000000,0.000000,0.000000,0.000000,0.000000,0.000000,0.000000,0.000000,0.000000,0.000000,0.000000,0.000000,0.000000,0.000000,0.000000,0.000000,0.000000,0.000000,0.000000,0.000000,0.000000,1000.000108,1000.000139,1000.000169,1000.000195,1000.000219,1000.000242,1000.000264,1000.000284,1000.000302,1000.000318,1000.000331,1000.000343,1000.000354,1000.000361,1000.000365,1000.000367,1000.000368,1000.000368,1000.000368,1000.000368,1000.000368,1000.000368,1000.000368,1000.000368,1000.000368,1000.000368,1000.000368,1000.000367,1000.000365,1000.000361,1000.000354,1000.000343,1000.000331,1000.000318,1000.000302,1000.000284,1000.000264,1000.000242,1000.000219,1000.000195,1000.000169,1000.000139,1000.000108,0.000000,0.000000,0.000000,0.000000,0.000000,0.000000,0.000000,0.000000,0.000000,0.000000,0.000000,0.000000,0.000000,0.000000,0.000000,0.000000,0.000000,0.000000,0.000000,0.000000,0.000000,0.000000,0.000000,0.000000,0.000000,0.000000,0.000000,0.000000,0.000000,0.000000
0.000000,0.000000,0.000000,0.000000,0.000000,0.000000,0.000000,0.000000,0.000000,0.000000,0.000000,0.000000,0.000000,0.000000,0.000000,0.000000,0.000000,0.000000,0.000000,0.000000,0.000000,0.000000,0.000000,0.000000,0.000000,0.000000,0.000000,0.000000,1000.000107,1000.000141,1000.000173,1000.000201,1000.000229,1000.000256,1000.000282,1000.000306,1000.000326,1000.000344,1000.000359,1000.000368,1000.000375,1000.000379,1000.000380,1000.000380,1000.000379,1000.000378,1000.000377,1000.000377,1000.000377,1000.000376,1000.000376,1000.000376,1000.000376,1000.000376,1000.000377,1000.000377,1000.000377,1000.000378,1000.000379,1000.000380,1000.000380,1000.000379,1000.000375,1000.000368,1000.000359,1000.000344,1000.000326,1000.000306,1000.000282,1000.000256,1000.000229,1000.000201,1000.000173,1000.000141,1000.000107,0.000000,0.000000,0.000000,0.000000,0.000000,0.000000,0.000000,0.000000,0.000000,0.000000,0.000000,0.000000,0.000000,0.000000,0.000000,0.000000,0.000000,0.000000,0.000000,0.000000,0.000000,0.000000,0.000000,0.000000,0.000000,0.000000,0.000000,0.000000
0.000000,0.000000,0.000000,0.000000,0.000000,0.000000,0.000000,0.000000,0.000000,0.000000,0.000000,0.000000,0.000000,0.000000,0.000000,0.000000,0.000000,0.000000,0.000000,0.000000,0.000000,0.000000,0.000000,0.000000,0.000000,0.000000,1000.000102,1000.000138,1000.000172,1000.000202,1000.000232,1000.000261,1000.000290,1000.000317,1000.000341,1000.000360,1000.000373,1000.000380,1000.000384,1000.000382,1000.000380,1000.000374,1000.000366,1000.000358,1000.000353,1000.000350,1000.000348,1000.000347,1000.000346,1000.000345,1000.000345,1000.000344,1000.000345,1000.000345,1000.000346,1000.000347,1000.000348,1000.000350,1000.000353,1000.000358,1000.000366,1000.000374,1000.000380,1000.000382,1000.000384,1000.000380,1000.000373,1000.000360,1000.000341,1000.000317,1000.000290,1000.000261,1000.000232,1000.000202,1000.000172,1000.000138,1000.000102,0.000000,0.000000,0.000000,0.000000,0.000000,0.000000,0.000000,0.000000,0.000000,0.000000,0.000000,0.000000,0.000000,0.000000,0.000000,0.000000,0.000000,0.000000,0.000000,0.000000,0.000000,0.000000,0.000000,0.000000,0.000000,0.000000
0.000000,0.000000,0.000000,0.000000,0.000000,0.000000,0.000000,0.000000,0.000000,0.000000,0.000000,0.000000,0.000000,0.000000,0.000000,0.000000,0.000000,0.000000,0.000000,0.000000,0.000000,0.000000,0.000000,0.000000,1000.000088,1000.000127,1000.000165,1000.000198,1000.000230,1000.000261,1000.000292,1000.000321,1000.000346,1000.000367,1000.000379,1000.000384,1000.000383,1000.000377,1000.000368,1000.000359,1000.000350,1000.000340,1000.000330,1000.000321,1000.000314,1000.000310,1000.000307,1000.000305,1000.000304,1000.000303,1000.000302,1000.000302,1000.000302,1000.000303,1000.000304,1000.000305,1000.000307,1000.000310,1000.000314,1000.000321,1000.000330,1000.000340,1000.000350,1000.000359,1000.000368,1000.000377,1000.000383,1000.000384,1000.000379,1000.000367,1000.000346,1000.000321,1000.000292,1000.000261,1000.000230,1000.000198,1000.000165,1000.000127,1000.000088,0.000000,0.000000,0.000000,0.000000,0.000000,0.000000,0.000000,0.000000,0.000000,0.000000,0.000000,0.000000,0.000000,0.000000,0.000000,0.000000,0.000000,0.000000,0.000000,0.000000,0.000000,0.000000,0.000000,0.000000
0.000000,0.000000,0.000000,0.000000,0.000000,0.000000,0.000000,0.000000,0.000000,0.000000,0.000000,0.000000,0.000000,0.000000,0.000000,0.000000,0.000000,0.000000,0.000000,0.000000,0.000000,0.000000,0.000000,1000.000106,1000.000149,1000.000186,1000.000222,1000.000256,1000.000289,1000.000320,1000.000347,1000.000368,1000.000381,1000.000385,1000.000380,1000.000370,1000.000358,1000.000345,1000.000332,1000.000320,1000.000310,1000.000301,1000.000292,1000.000283,1000.000277,1000.000272,1000.000268,1000.000266,1000.000264,1000.000262,1000.000262,1000.000261,1000.000262,1000.000262,1000.000264,1000.000266,1000.000268,1000.000272,1000.000277,1000.000283,1000.000292,1000.000301,1000.000310,1000.000320,1000.000332,1000.000345,1000.000358,1000.000370,1000.000380,1000.000385,1000.000381,1000.000368,1000.000347,1000.000320,1000.000289,1000.000256,1000.000222,1000.000186,1000.000149,1000.000106,0.000000,0.000000,0.000000,0.000000,0.000000,0.000000,0.000000,0.000000,0.000000,0.000000,0.000000,0.000000,0.000000,0.000000,0.000000,0.000000,0.000000,0.000000,0.000000,0.000000,0.000000,0.000000,0.000000
0.000000,0.000000,0.000000,0.000000,0.000000,0.000000,0.000000,0.000000,0.000000,0.000000,0.000000,0.000000,0.000000,0.000000,0.000000,0.000000,0.000000,0.000000,0.000000,0.000000,0.000000,1000.000078,1000.000123,1000.000165,1000.000204,1000.000242,1000.000280,1000.000314,1000.000344,1000.000367,1000.000381,1000.000385,1000.000380,1000.000368,1000.000352,1000.000336,1000.000320,1000.000307,1000.000294,1000.000283,1000.000272,1000.000263,1000.000254,1000.000247,1000.000240,1000.000235,1000.000231,1000.000227,1000.000225,1000.000223,1000.000223,1000.000222,1000.000223,1000.000223,1000.000225,1000.000227,1000.000231,1000.000235,1000.000240,1000.000247,1000.000254,1000.000263,1000.000272,1000.000283,1000.000294,1000.000307,1000.000320,1000.000336,1000.000352,1000.000368,1000.000380,1000.000385,1000.000381,1000.000367,1000.000344,1000.000314,1000.000280,1000.000242,1000.000204,1000.000165,1000.000123,1000.000078,0.000000,0.000000,0.000000,0.000000,0.000000,0.000000,0.000000,0.000000,0.000000,0.000000,0.000000,0.000000,0.000000,0.000000,0.000000,0.000000,0.000000,0.000000,0.000000,0.000000,0.000000
0.000000,0.000000,0.000000,0.000000,0.000000,0.000000,0.000000,0.000000,0.000000,0.000000,0.000000,0.000000,0.000000,0.000000,0.000000,0.000000,0.000000,0.000000,0.000000,0.000000,1000.000091,1000.000138,1000.000178,1000.000218,1000.000258,1000.000298,1000.000334,1000.000362,1000.000379,1000.000385,1000.000380,1000.000368,1000.000351,1000.000333,1000.000315,1000.000298,1000.000284,1000.000271,1000.000258,1000.000247,1000.000236,1000.000226,1000.000218,1000.000210,1000.000204,1000.000198,1000.000194,1000.000190,1000.000188,1000.000186,1000.000185,1000.000184,1000.000185,1000.000186,1000.000188,1000.000190,1000.000194,1000.000198,1000.000204,1000.000210,1000.000218,1000.000226,1000.000236,1000.000247,1000.000258,1000.000271,1000.000284,1000.000298,1000.000315,1000.000333,1000.000351,1000.000368,1000.000380,1000.000385,1000.000379,1000.000362,1000.000334,1000.000298,1000.000258,1000.000218,1000.000178,1000.000138,1000.000091,0.000000,0.000000,0.000000,0.000000,0.000000,0.000000,0.000000,0.000000,0.000000,0.000000,0.000000,0.000000,0.000000,0.000000,0.000000,0.000000,0.000000,0.000000,0.000000,0.000000
0.000000,0.000000,0.000000,0.000000,0.000000,0.000000,0.000000,0.000000,0.000000,0.000000,0.000000,0.000000,0.000000,0.000000,0.000000,0.000000,0.000000,0.000000,0.000000,1000.000101,1000.000149,1000.000191,1000.000231,1000.000271,1000.000311,1000.000347,1000.000373,1000.000384,1000.000380,1000.000368,1000.000352,1000.000333,1000.000313,1000.000295,1000.000279,1000.000263,1000.000249,1000.000235,1000.000222,1000.000211,1000.000200,1000.000191,1000.000182,1000.000174,1000.000168,1000.000162,1000.000158,1000.000154,1000.000151,1000.000149,1000.000148,1000.000148,1000.000148,1000.000149,1000.000151,1000.000154,1000.000158,1000.000162,1000.000168,1000.000174,1000.000182,1000.000191,1000.000200,1000.000211,1000.000222,1000.000235,1000.000249,1000.000263,1000.000279,1000.000295,1000.000313,1000.000333,1000.000352,1000.000368,1000.000380,1000.000384,1000.000373,1000.000347,1000.000311,1000.000271,1000.000231,1000.000191,1000.000149,1000.000101,0.000000,0.000000,0.000000,0.000000,0.000000,0.000000,0.000000,0.000000,0.000000,0.000000,0.000000,0.000000,0.000000,0.000000,0.000000,0.000000,0.000000,0.000000,0.000000
0.000000,0.000000,0.000000,0.000000,0.000000,0.000000,0.000000,0.000000,0.000000,0.000000,0.000000,0.000000,0.000000,0.000000,0.000000,0.000000,0.000000,0.000000,1000.000108,1000.000158,1000.000201,1000.000243,1000.000285,1000.000323,1000.000356,1000.000379,1000.000384,1000.000373,1000.000355,1000.000335,1000.000315,1000.000296,1000.000278,1000.000261,1000.000244,1000.000229,1000.000214,1000.000200,1000.000188,1000.000176,1000.000166,1000.000156,1000.000147,1000.000140,1000.000133,1000.000127,1000.000122,1000.000119,1000.000116,1000.000114,1000.000113,1000.000112,1000.000113,1000.000114,1000.000116,1000.000119,1000.000122,1000.000127,1000.000133,1000.000140,1000.000147,1000.000156,1000.000166,1000.000176,1000.000188,1000.000200,1000.000214,1000.000229,1000.000244,1000.000261,1000.000278,1000.000296,1000.000315,1000.000335,1000.000355,1000.000373,1000.000384,1000.000379,1000.000356,1000.000323,1000.000285,1000.000243,1000.000201,1000.000158,1000.000108,0.000000,0.000000,0.000000,0.000000,0.000000,0.000000,0.000000,0.000000,0.000000,0.000000,0.000000,0.000000,0.000000,0.000000,0.000000,0.000000,0.000000,0.000000
0.000000,0.000000,0.000000,0.000000,0.000000,0.000000,0.000000,0.000000,0.000000,0.000000,0.000000,0.000000,0.000000,0.000000,0.000000,0.000000,0.000000,1000.000111,1000.000162,1000.000207,1000.000252,1000.000296,1000.000336,1000.000366,1000.000382,1000.000383,1000.000368,1000.000345,1000.000322,1000.000300,1000.000281,1000.000262,1000.000244,1000.000227,1000.000210,1000.000194,1000.000180,1000.000167,1000.000154,1000.000142,1000.000132,1000.000122,1000.000113,1000.000106,1000.000099,1000.000093,1000.000088,1000.000084,1000.000081,1000.000079,1000.000078,1000.000078,1000.000078,1000.000079,1000.000081,1000.000084,1000.000088,1000.000093,1000.000099,1000.000106,1000.000113,1000.000122,1000.000132,1000.000142,1000.000154,1000.000167,1000.000180,1000.000194,1000.000210,1000.000227,1000.000244,1000.000262,1000.000281,1000.000300,1000.000322,1000.000345,1000.000368,1000.000383,1000.000382,1000.000366,1000.000336,1000.000296,1000.000252,1000.000207,1000.000162,1000.000111,0.000000,0.000000,0.000000,0.000000,0.000000,0.000000,0.000000,0.000000,0.000000,0.000000,0.000000,0.000000,0.000000,0.000000,0.000000,0.000000,0.000000
0.000000,0.000000,0.000000,0.000000,0.000000,0.000000,0.000000,0.000000,0.000000,0.000000,0.000000,0.000000,0.000000,0.000000,0.000000,0.000000,1000.000112,1000.000165,1000.000211,1000.000257,1000.000303,1000.000344,1000.000373,1000.000384,1000.000379,1000.000362,1000.000338,1000.000312,1000.000288,1000.000268,1000.000248,1000.000229,1000.000211,1000.000193,1000.000177,1000.000162,1000.000147,1000.000134,1000.000121,1000.000109,1000.000099,1000.000089,1000.000080,1000.000073,1000.000066,1000.000060,1000.000055,1000.000051,1000.000048,1000.000046,1000.000045,1000.000044,1000.000045,1000.000046,1000.000048,1000.000051,1000.000055,1000.000060,1000.000066,1000.000073,1000.000080,1000.000089,1000.000099,1000.000109,1000.000121,1000.000134,1000.000147,1000.000162,1000.000177,1000.000193,1000.000211,1000.000229,1000.000248,1000.000268,1000.000288,1000.000312,1000.000338,1000.000362,1000.000379,1000.000384,1000.000373,1000.000344,1000.000303,1000.000257,1000.000211,1000.000165,1000.000112,0.000000,0.000000,0.000000,0.000000,0.000000,0.000000,0.000000,0.000000,0.000000,0.000000,0.000000,0.000000,0.000000,0.000000,0.000000,0.000000
0.000000,0.000000,0.000000,0.000000,0.000000,0.000000,0.000000,0.000000,0.000000,0.000000,0.000000,0.000000,0.000000,0.000000,0.000000,1000.000111,1000.000165,1000.000212,1000.000259,1000.000305,1000.000347,1000.000376,1000.000384,1000.000372,1000.000352,1000.000329,1000.000304,1000.000279,1000.000257,1000.000237,1000.000216,1000.000197,1000.000179,1000.000161,1000.000145,1000.000130,1000.000115,1000.000101,1000.000089,1000.000077,1000.000067,1000.000057,1000.000048,1000.000040,1000.000034,1000.000028,1000.000023,1000.000019,1000.000016,1000.000013,1000.000012,1000.000012,1000.000012,1000.000013,1000.000016,1000.000019,1000.000023,1000.000028,1000.000034,1000.000040,1000.000048,1000.000057,1000.000067,1000.000077,1000.000089,1000.000101,1000.000115,1000.000130,1000.000145,1000.000161,1000.000179,1000.000197,1000.000216,1000.000237,1000.000257,1000.000279,1000.000304,1000.000329,1000.000352,1000.000372,1000.000384,1000.000376,1000.000347,1000.000305,1000.000259,1000.000212,1000.000165,1000.000111,0.000000,0.000000,0.000000,0.000000,0.000000,0.000000,0.000000,0.000000,0.000000,0.000000,0.000000,0.000000,0.000000,0.000000,0.000000
0.000000,0.000000,0.000000,0.000000,0.000000,0.000000,0.000000,0.000000,0.000000,0.000000,0.000000,0.000000,0.000000,0.000000,1000.000108,1000.000162,1000.000211,1000.000259,1000.000306,1000.000348,1000.000377,1000.000384,1000.000370,1000.000346,1000.000320,1000.000295,1000.000271,1000.000249,1000.000227,1000.000205,1000.000185,1000.000166,1000.000148,1000.000130,1000.000114,1000.000098,1000.000084,1000.000070,1000.000058,1000.000046,1000.000035,1000.000026,1000.000017,1000.000009,1000.000002,999.999996,999.999991,999.999987,999.999984,999.999982,999.999981,999.999980,999.999981,999.999982,999.999984,999.999987,999.999991,999.999996,1000.000002,1000.000009,1000.000017,1000.000026,1000.000035,1000.000046,1000.000058,1000.000070,1000.000084,1000.000098,1000.000114,1000.000130,1000.000148,1000.000166,1000.000185,1000.000205,1000.000227,1000.000249,1000.000271,1000.000295,1000.000320,1000.000346,1000.000370,1000.000384,1000.000377,1000.000348,1000.000306,1000.000259,1000.000211,1000.000162,1000.000108,0.000000,0.000000,0.000000,0.000000,0.000000,0.000000,0.000000,0.000000,0.000000,0.000000,0.000000,0.000000,0.000000,0.000000
0.000000,0.000000,0.000000,0.000000,0.000000,0.000000,0.000000,0.000000,0.000000,0.000000,0.000000,0.000000,0.000000,1000.000101,1000.000158,1000.000207,1000.000257,1000.000305,1000.000348,1000.000378,1000.000384,1000.000369,1000.000343,1000.000315,1000.000288,1000.000265,1000.000241,1000.000218,1000.000196,1000.000175,1000.000155,1000.000136,1000.000117,1000.000100,1000.000083,1000.000068,1000.000054,1000.000040,1000.000027,1000.000016,1000.000005,999.999995,999.999987,999.999979,999.999972,999.999966,999.999961,999.999957,999.999954,999.999951,999.999950,999.999950,999.999950,999.999951,999.999954,999.999957,999.999961,999.999966,999.999972,999.999979,999.999987,999.999995,1000.000005,1000.000016,1000.000027,1000.000040,1000.000054,1000.000068,1000.000083,1000.000100,1000.000117,1000.000136,1000.000155,1000.000175,1000.000196,1000.000218,1000.000241,1000.000265,1000.000288,1000.000315,1000.000343,1000.000369,1000.000384,1000.000378,1000.000348,1000.000305,1000.000257,1000.000207,1000.000158,1000.000101,0.000000,0.000000,0.000000,0.000000,0.000000,0.000000,0.000000,0.000000,0.000000,0.000000,0.000000,0.000000,0.000000
0.000000,0.000000,0.000000,0.000000,0.000000,0.000000,0.000000,0.000000,0.000000,0.000000,0.000000,0.000000,1000.000091,1000.000149,1000.000201,1000.000252,1000.000303,1000.000347,1000.000377,1000.000384,1000.000368,1000.000342,1000.000313,1000.000285,1000.000260,1000.000236,1000.000212,1000.000188,1000.000166,1000.000146,1000.000125,1000.000106,1000.000088,1000.000071,1000.000054,1000.000039,1000.000024,1000.000011,999.999998,999.999987,999.999976,999.999966,999.999957,999.999949,999.999943,999.999937,999.999932,999.999927,999.999924,999.999922,999.999921,999.999920,999.999921,999.999922,999.999924,999.999927,999.999932,999.999937,999.999943,999.999949,999.999957,999.999966,999.999976,999.999987,999.999998,1000.000011,1000.000024,1000.000039,1000.000054,1000.000071,1000.000088,1000.000106,1000.000125,1000.000146,1000.000166,1000.000188,1000.000212,1000.000236,1000.000260,1000.000285,1000.000313,1000.000342,1000.000368,1000.000384,1000.000377,1000.000347,1000.000303,1000.000252,1000.000201,1000.000149,1000.000091,0.000000,0.000000,0.000000,0.000000,0.000000,0.000000,0.000000,0.000000,0.000000,0.000000,0.000000,0.000000
0.000000,0.000000,0.000000,0.000000,0.000000,0.000000,0.000000,0.000000,0.000000,0.000000,0.000000,1000.000078,1000.000138,1000.000191,1000.000243,1000.000296,1000.000344,1000.000376,1000.000384,1000.000369,1000.000342,1000.000312,1000.000283,1000.000257,1000.000232,1000.000207,1000.000183,1000.000160,1000.000138,1000.000117,1000.000097,1000.000078,1000.000059,1000.000042,1000.000026,1000.000010,999.999996,999.999982,999.999970,999.999958,999.999947,999.999938,999.999929,999.999921,999.999914,999.999908,999.999903,999.999899,999.999896,999.999893,999.999892,999.999892,999.999892,999.999893,999.999896,999.999899,999.999903,999.999908,999.999914,999.999921,999.999929,999.999938,999.999947,999.999958,999.999970,999.999982,999.999996,1000.000010,1000.000026,1000.000042,1000.000059,1000.000078,1000.000097,1000.000117,1000.000138,1000.000160,1000.000183,1000.000207,1000.000232,1000.000257,1000.000283,1000.000312,1000.000342,1000.000369,1000.000384,1000.000376,1000.000344,1000.000296,1000.000243,1000.000191,1000.000138,1000.000078,0.000000,0.000000,0.000000,0.000000,0.000000,0.000000,0.000000,0.000000,0.000000,0.000000,0.000000
0.000000,0.000000,0.000000,0.000000,0.000000,0.000000,0.000000,0.000000,0.000000,0.000000,0.000000,1000.000123,1000.000178,1000.000231,1000.000285,1000.000336,1000.000373,1000.000384,1000.000370,1000.000343,1000.000313,1000.000283,1000.000257,1000.000230,1000.000204,1000.000179,1000.000155,1000.000133,1000.000111,1000.000089,1000.000069,1000.000050,1000.000032,1000.000015,999.999998,999.999983,999.999968,999.999955,999.999942,999.999931,999.999920,999.999910,999.999901,999.999893,999.999887,999.999881,999.999875,999.999871,999.999868,999.999866,999.999864,999.999864,999.999864,999.999866,999.999868,999.999871,999.999875,999.999881,999.999887,999.999893,999.999901,999.999910,999.999920,999.999931,999.999942,999.999955,999.999968,999.999983,999.999998,1000.000015,1000.000032,1000.000050,1000.000069,1000.000089,1000.000111,1000.000133,1000.000155,1000.000179,1000.000204,1000.000230,1000.000257,1000.000283,1000.000313,1000.000343,1000.000370,1000.000384,1000.000373,1000.000336,1000.000285,1000.000231,1000.000178,1000.000123,0.000000,0.000000,0.000000,0.000000,0.000000,0.000000,0.000000,0.000000,0.000000,0.000000,0.000000
0.000000,0.000000,0.000000,0.000000,0.000000,0.000000,0.000000,0.000000,0.000000,0.000000,1000.000106,1000.000165,1000.000218,1000.000271,1000.000323,1000.000366,1000.000384,1000.000372,1000.000346,1000.000315,1000.000285,1000.000257,1000.000230,1000.000203,1000.000177,1000.000153,1000.000129,1000.000106,1000.000084,1000.000063,1000.000043,1000.000024,1000.000005,999.999988,999.999972,999.999956,999.999942,999.999928,999.999916,999.999904,999.999893,999.999884,999.999875,999.999867,999.999860,999.999854,999.999849,999.999845,999.999841,999.999839,999.999838,999.999837,999.999838,999.999839,999.999841,999.999845,999.999849,999.999854,999.999860,999.999867,999.999875,999.999884,999.999893,999.999904,999.999916,999.999928,999.999942,999.999956,999.999972,999.999988,1000.000005,1000.000024,1000.000043,1000.000063,1000.000084,1000.000106,1000.000129,1000.000153,1000.000177,1000.000203,1000.000230,1000.000257,1000.000285,1000.000315,1000.000346,1000.000372,1000.000384,1000.000366,1000.000323,1000.000271,1000.000218,1000.000165,1000.000106,0.000000,0.000000,0.000000,0.000000,0.000000,0.000000,0.000000,0.000000,0.000000,0.000000
0.000000,0.000000,0.000000,0.000000,0.000000,0.000000,0.000000,0.000000,0.000000,1000.000088,1000.000149,1000.000204,1000.000258,1000.000311,1000.000356,1000.000382,1000.000379,1000.000352,1000.000320,1000.000288,1000.000260,1000.000232,1000.000204,1000.000177,1000.000152,1000.000127,1000.000103,1000.000080,1000.000058,1000.000037,1000.000017,999.999998,999.999980,999.999962,999.999946,999.999931,999.999916,999.999903,999.999890,999.999878,999.999868,999.999858,999.999849,999.999841,999.999834,999.999828,999.999823,999.999819,999.999816,999.999813,999.999812,999.999812,999.999812,999.999813,999.999816,999.999819,999.999823,999.999828,999.999834,999.999841,999.999849,999.999858,999.999868,999.999878,999.999890,999.999903,999.999916,999.999931,999.999946,999.999962,999.999980,999.999998,1000.000017,1000.000037,1000.000058,1000.000080,1000.000103,1000.000127,1000.000152,1000.000177,1000.000204,1000.000232,1000.000260,1000.000288,1000.000320,1000.000352,1000.000379,1000.000382,1000.000356,1000.000311,1000.000258,1000.000204,1000.000149,1000.000088,0.000000,0.000000,0.000000,0.000000,0.000000,0.000000,0.000000,0.000000,0.000000
0.000000,0.000000,0.000000,0.000000,0.000000,0.000000,0.000000,0.000000,0.000000,1000.000127,1000.000186,1000.000242,1000.000298,1000.000347,1000.000379,1000.000383,1000.000362,1000.000329,1000.000295,1000.000265,1000.000236,1000.000207,1000.000179,1000.000153,1000.000127,1000.000102,1000.000078,1000.000055,1000.000034,1000.000012,999.999992,999.999973,999.999955,999.999938,999.999921,999.999906,999.999891,999.999878,999.999865,999.999854,999.999843,999.999833,999.999824,999.999816,999.999809,999.999803,999.999798,999.999794,999.999791,999.999789,999.999787,999.999787,999.999787,999.999789,999.999791,999.999794,999.999798,999.999803,999.999809,999.999816,999.999824,999.999833,999.999843,999.999854,999.999865,999.999878,999.999891,999.999906,999.999921,999.999938,999.999955,999.999973,999.999992,1000.000012,1000.000034,1000.000055,1000.000078,1000.000102,1000.000127,1000.000153,1000.000179,1000.000207,1000.000236,1000.000265,1000.000295,1000.000329,1000.000362,1000.000383,1000.000379,1000.000347,1000.000298,1000.000242,1000.000186,1000.000127,0.000000,0.000000,0.000000,0.000000,0.000000,0.000000,0.000000,0.000000,0.000000
0.000000,0.000000,0.000000,0.000000,0.000000,0.000000,0.000000,0.000000,1000.000102,1000.000165,1000.000222,1000.000280,1000.000334,1000.000373,1000.000384,1000.000368,1000.000338,1000.000304,1000.000271,1000.000241,1000.000212,1000.000183,1000.000155,1000.000129,1000.000103,1000.000078,1000.000055,1000.000032,1000.000010,999.999989,999.999969,999.999949,999.999931,999.999914,999.999898,999.999882,999.999868,999.999854,999.999842,999.999830,999.999819,999.999809,999.999801,999.999793,999.999786,999.999780,999.999775,999.999770,999.999767,999.999765,999.999763,999.999763,999.999763,999.999765,999.999767,999.999770,999.999775,999.999780,999.999786,999.999793,999.999801,999.999809,999.999819,999.999830,999.999842,999.999854,999.999868,999.999882,999.999898,999.999914,999.999931,999.999949,999.999969,999.999989,1000.000010,1000.000032,1000.000055,1000.000078,1000.000103,1000.000129,1000.000155,1000.000183,1000.000212,1000.000241,1000.000271,1000.000304,1000.000338,1000.000368,1000.000384,1000.000373,1000.000334,1000.000280,1000.000222,1000.000165,1000.000102,0.000000,0.000000,0.000000,0.000000,0.000000,0.000000,0.000000,0.000000
0.000000,0.000000,0.000000,0.000000,0.000000,0.000000,0.000000,0.000000,1000.000138,1000.000198,1000.000256,1000.000314,1000.000362,1000.000384,1000.000373,1000.000345,1000.000312,1000.000279,1000.000249,1000.000218,1000.000188,1000.000160,1000.000133,1000.000106,1000.000080,1000.000055,1000.000032,1000.000009,999.999987,999.999966,999.999946,999.999927,999.999908,999.999891,999.999875,999.999859,999.999845,999.999831,999.999819,999.999807,999.999796,999.999787,999.999778,999.999770,999.999763,999.999757,999.999752,999.999747,999.999744,999.999742,999.999740,999.999740,999.999740,999.999742,999.999744,999.999747,999.999752,999.999757,999.999763,999.999770,999.999778,999.999787,999.999796,999.999807,999.999819,999.999831,999.999845,999.999859,999.999875,999.999891,999.999908,999.999927,999.999946,999.999966,999.999987,1000.000009,1000.000032,1000.000055,1000.000080,1000.000106,1000.000133,1000.000160,1000.000188,1000.000218,1000.000249,1000.000279,1000.000312,1000.000345,1000.000373,1000.000384,1000.000362,1000.000314,1000.000256,1000.000198,1000.000138,0.000000,0.000000,0.000000,0.000000,0.000000,0.000000,0.000000,0.000000
0.000000,0.000000,0.000000,0.000000,0.000000,0.000000,0.000000,1000.000107,1000.000172,1000.000230,1000.000289,1000.000344,1000.000379,1000.000380,1000.000355,1000.000322,1000.000288,1000.000257,1000.000227,1000.000196,1000.000166,1000.000138,1000.000111,1000.000084,1000.000058,1000.000034,1000.000010,999.999987,999.999965,999.999944,999.999924,999.999905,999.999886,999.999869,999.999853,999.999837,999.999823,999.999809,999.999797,999.999785,999.999774,999.999765,999.999756,999.999748,999.999741,999.999735,999.999730,999.999725,999.999722,999.999720,999.999719,999.999718,999.999719,999.999720,999.999722,999.999725,999.999730,999.999735,999.999741,999.999748,999.999756,999.999765,999.999774,999.999785,999.999797,999.999809,999.999823,999.999837,999.999853,999.999869,999.999886,999.999905,999.999924,999.999944,999.999965,999.999987,1000.000010,1000.000034,1000.000058,1000.000084,1000.000111,1000.000138,1000.000166,1000.000196,1000.000227,1000.000257,1000.000288,1000.000322,1000.000355,1000.000380,1000.000379,1000.000344,1000.000289,1000.000230,1000.000172,1000.000107,0.000000,0.000000,0.000000,0.000000,0.000000,0.000000,0.000000
0.000000,0.000000,0.000000,0.000000,0.000000,0.000000,0.000000,1000.000141,1000.000202,1000.000261,1000.000320,1000.000367,1000.000385,1000.000368,1000.000335,1000.000300,1000.000268,1000.000237,1000.000205,1000.000175,1000.000146,1000.000117,1000.000089,1000.000063,1000.000037,1000.000012,999.999989,999.999966,999.999944,999.999923,999.999903,999.999884,999.999865,999.999848,999.999832,999.999816,999.999802,999.999788,999.999776,999.999764,999.999753,999.999744,999.999735,999.999727,999.999720,999.999714,999.999709,999.999704,999.999701,999.999699,999.999697,999.999697,999.999697,999.999699,999.999701,999.999704,999.999709,999.999714,999.999720,999.999727,999.999735,999.999744,999.999753,999.999764,999.999776,999.999788,999.999802,999.999816,999.999832,999.999848,999.999865,999.999884,999.999903,999.999923,999.999944,999.999966,999.999989,1000.000012,1000.000037,1000.000063,1000.000089,1000.000117,1000.000146,1000.000175,1000.000205,1000.000237,1000.000268,1000.000300,1000.000335,1000.000368,1000.000385,1000.000367,1000.000320,1000.000261,1000.000202,1000.000141,0.000000,0.000000,0.000000,0.000000,0.000000,0.000000,0.000000
0.000000,0.000000,0.000000,0.000000,0.000000,0.000000,1000.000108,1000.000173,1000.000232,1000.000292,1000.000347,1000.000381,1000.000380,1000.000352,1000.000315,1000.000281,1000.000248,1000.000216,1000.000185,1000.000155,1000.000125,1000.000097,1000.000069,1000.000043,1000.000017,999.999992,999.999969,999.999946,999.999924,999.999903,999.999883,999.999864,999.999845,999.999828,999.999812,999.999796,999.999782,999.999768,999.999756,999.999744,999.999733,999.999724,999.999715,999.999707,999.999700,999.999694,999.999689,999.999684,999.999681,999.999679,999.999677,999.999677,999.999677,999.999679,999.999681,999.999684,999.999689,999.999694,999.999700,999.999707,999.999715,999.999724,999.999733,999.999744,999.999756,999.999768,999.999782,999.999796,999.999812,999.999828,999.999845,999.999864,999.999883,999.999903,999.999924,999.999946,999.999969,999.999992,1000.000017,1000.000043,1000.000069,1000.000097,1000.000125,1000.000155,1000.000185,1000.000216,1000.000248,1000.000281,1000.000315,1000.000352,1000.000380,1000.000381,1000.000347,1000.000292,1000.000232,1000.000173,1000.000108,0.000000,0.000000,0.000000,0.000000,0.000000,0.000000
0.000000,0.000000,0.000000,0.000000,0.000000,0.000000,1000.000139,1000.000201,1000.000261,1000.000321,1000.000368,1000.000385,1000.000368,1000.000333,1000.000296,1000.000262,1000.000229,1000.000197,1000.000166,1000.000136,1000.000106,1000.000078,1000.000050,1000.000024,999.999998,999.999973,999.999949,999.999927,999.999905,999.999884,999.999864,999.999844,999.999826,999.999809,999.999793,999.999777,999.999763,999.999749,999.999737,999.999725,999.999714,999.999704,999.999696,999.999688,999.999681,999.999675,999.999669,999.999665,999.999662,999.999660,999.999658,999.999658,999.999658,999.999660,999.999662,999.999665,999.999669,999.999675,999.999681,999.999688,999.999696,999.999704,999.999714,999.999725,999.999737,999.999749,999.999763,999.999777,999.999793,999.999809,999.999826,999.999844,999.999864,999.999884,999.999905,999.999927,999.999949,999.999973,999.999998,1000.000024,1000.000050,1000.000078,1000.000106,1000.000136,1000.000166,1000.000197,1000.000229,1000.000262,1000.000296,1000.000333,1000.000368,1000.000385,1000.000368,1000.000321,1000.000261,1000.000201,1000.000139,0.000000,0.000000,0.000000,0.000000,0.000000,0.000000
0.000000,0.000000,0.000000,0.000000,0.000000,1000.000103,1000.000169,1000.000229,1000.000290,1000.000346,1000.000381,1000.000380,1000.000351,1000.000313,1000.000278,1000.000244,1000.000211,1000.000179,1000.000148,1000.000117,1000.000088,1000.000059,1000.000032,1000.000005,999.999980,999.999955,999.999931,999.999908,999.999886,999.999865,999.999845,999.999826,999.999808,999.999791,999.999774,999.999759,999.999744,999.999731,999.999718,999.999707,999.999696,999.999686,999.999677,999.999669,999.999662,999.999656,999.999651,999.999647,999.999644,999.999641,999.999640,999.999640,999.999640,999.999641,999.999644,999.999647,999.999651,999.999656,999.999662,999.999669,999.999677,999.999686,999.999696,999.999707,999.999718,999.999731,999.999744,999.999759,999.999774,999.999791,999.999808,999.999826,999.999845,999.999865,999.999886,999.999908,999.999931,999.999955,999.999980,1000.000005,1000.000032,1000.000059,1000.000088,1000.000117,1000.000148,1000.000179,1000.000211,1000.000244,1000.000278,1000.000313,1000.000351,1000.000380,1000.000381,1000.000346,1000.000290,1000.000229,1000.000169,1000.000103,0.000000,0.000000,0.000000,0.000000,0.000000
0.000000,0.000000,0.000000,0.000000,0.000000,1000.000131,1000.000195,1000.000256,1000.000317,1000.000367,1000.000385,1000.000368,1000.000333,1000.000295,1000.000261,1000.000227,1000.000193,1000.000161,1000.000130,1000.000100,1000.000071,1000.000042,1000.000015,999.999988,999.999962,999.999938,999.999914,999.999891,999.999869,999.999848,999.999828,999.999809,999.999791,999.999773,999.999757,999.999742,999.999727,999.999714,999.999701,999.999689,999.999679,999.999669,999.999660,999.999652,999.999645,999.999639,999.999634,999.999630,999.999626,999.999624,999.999623,999.999622,999.999623,999.999624,999.999626,999.999630,999.999634,999.999639,999.999645,999.999652,999.999660,999.999669,999.999679,999.999689,999.999701,999.999714,999.999727,999.999742,999.999757,999.999773,999.999791,999.999809,999.999828,999.999848,999.999869,999.999891,999.999914,999.999938,999.999962,999.999988,1000.000015,1000.000042,1000.000071,1000.000100,1000.000130,1000.000161,1000.000193,1000.000227,1000.000261,1000.000295,1000.000333,1000.000368,1000.000385,1000.000367,1000.000317,1000.000256,1000.000195,1000.000131,0.000000,0.000000,0.000000,0.000000,0.000000
0.000000,0.000000,0.000000,0.000000,1000.000090,1000.000158,1000.000219,1000.000282,1000.000341,1000.000379,1000.000380,1000.000352,1000.000315,1000.000279,1000.000244,1000.000210,1000.000177,1000.000145,1000.000114,1000.000083,1000.000054,1000.000026,999.999998,999.999972,999.999946,999.999921,999.999898,999.999875,999.999853,999.999832,999.999812,999.999793,999.999774,999.999757,999.999741,999.999725,999.999711,999.999697,999.999685,999.999673,999.999662,999.999653,999.999644,999.999636,999.999629,999.999623,999.999618,999.999613,999.999610,999.999608,999.999606,999.999606,999.999606,999.999608,999.999610,999.999613,999.999618,999.999623,999.999629,999.999636,999.999644,999.999653,999.999662,999.999673,999.999685,999.999697,999.999711,999.999725,999.999741,999.999757,999.999774,999.999793,999.999812,999.999832,999.999853,999.999875,999.999898,999.999921,999.999946,999.999972,999.999998,1000.000026,1000.000054,1000.000083,1000.000114,1000.000145,1000.000177,1000.000210,1000.000244,1000.000279,1000.000315,1000.000352,1000.000380,1000.000379,1000.000341,1000.000282,1000.000219,1000.000158,1000.000090,0.000000,0.000000,0.000000,0.000000
0.000000,0.000000,0.000000,0.000000,1000.000115,1000.000180,1000.000242,1000.000306,1000.000360,1000.000384,1000.000370,1000.000336,1000.000298,1000.000263,1000.000229,1000.000194,1000.000162,1000.000130,1000.000098,1000.000068,1000.000039,1000.000010,999.999983,999.999956,999.999931,999.999906,999.999882,999.999859,999.999837,999.999816,999.999796,999.999777,999.999759,999.999742,999.999725,999.999710,999.999695,999.999682,999.999669,999.999658,999.999647,999.999637,999.999628,999.999620,999.999613,999.999607,999.999602,999.999598,999.999595,999.999592,999.999591,999.999591,999.999591,999.999592,999.999595,999.999598,999.999602,999.999607,999.999613,999.999620,999.999628,999.999637,999.999647,999.999658,999.999669,999.999682,999.999695,999.999710,999.999725,999.999742,999.999759,999.999777,999.999796,999.999816,999.999837,999.999859,999.999882,999.999906,999.999931,999.999956,999.999983,1000.000010,1000.000039,1000.000068,1000.000098,1000.000130,1000.000162,1000.000194,1000.000229,1000.000263,1000.000298,1000.000336,1000.000370,1000.000384,1000.000360,1000.000306,1000.000242,1000.000180,1000.000115,0.000000,0.000000,0.000000,0.000000
