0.000000,0.000000,0.000000,0.000000,0.000000,0.000000,0.000000,0.000000,0.000000,0.000000,0.000000,0.000000,0.000000,0.000000,0.000000,0.000000,0.000000,0.000000,0.000000,0.000000,0.000000,0.000000,0.000000,0.000000,0.000000,0.000000,0.000000,0.000000,0.000000,0.000000,0.000000,0.000000,0.000000,0.000000,0.000000,0.000000,0.000000,0.000000,0.000000,0.000000,0.000000,0.000000,0.000000,0.000000,0.000000,0.000000,0.000000,0.000000,0.000000,0.000000,0.000000,0.000000,0.000000,0.000000,0.000000,0.000000,0.000000,0.000000,0.000000,0.000000,0.000000,0.000000,0.000000,0.000000,0.000000,0.000000,0.000000,0.000000,0.000000,0.000000,0.000000,0.000000,0.000000,0.000000,0.000000,0.000000,0.000000,0.000000,0.000000,0.000000,0.000000,0.000000,0.000000,0.000000,0.000000,0.000000,0.000000,0.000000,0.000000,0.000000,0.000000,0.000000,0.000000,0.000000,0.000000,0.000000,0.000000,0.000000,0.000000,0.000000,0.000000,0.000000,0.000000
0.000000,0.000000,0.000000,0.000000,0.000000,0.000000,0.000000,0.000000,0.000000,0.000000,0.000000,0.000000,0.000000,0.000000,0.000000,0.000000,0.000000,0.000000,0.000000,0.000000,0.000000,0.000000,0.000000,0.000000,0.000000,0.000000,0.000000,0.000000,0.000000,0.000000,0.000000,0.000000,0.000000,0.000000,0.000000,0.000000,0.000000,0.000000,0.000000,0.000000,0.000000,0.000000,0.000000,0.000000,0.000000,0.000000,0.000000,0.000000,0.000000,0.000000,0.000000,1000.000071,0.000000,0.000000,0.000000,0.000000,0.000000,0.000000,0.000000,0.000000,0.000000,0.000000,0.000000,0.000000,0.000000,0.000000,0.000000,0.000000,0.000000,0.000000,0.000000,0.000000,0.000000,0.000000,0.000000,0.000000,0.000000,0.000000,0.000000,0.000000,0.000000,0.000000,0.000000,0.000000,0.000000,0.000000,0.000000,0.000000,0.000000,0.000000,0.000000,0.000000,0.000000,0.000000,0.000000,0.000000,0.000000,0.000000,0.000000,0.000000,0.000000,0.000000,0.000000
0.000000,0.000000,0.000000,0.000000,0.000000,0.000000,0.000000,0.000000,0.000000,0.000000,0.000000,0.000000,0.000000,0.000000,0.000000,0.000000,0.000000,0.000000,0.000000,0.000000,0.000000,0.000000,0.000000,0.000000,0.000000,0.000000,0.000000,0.000000,0.000000,0.000000,0.000000,0.000000,0.000000,0.000000,0.000000,0.000000,0.000000,0.000000,0.000000,0.000000,0.000000,0.000000,1000.000130,1000.000151,1000.000162,1000.000168,1000.000171,1000.000172,1000.000172,1000.000171,1000.000170,1000.000175,1000.000170,1000.000171,1000.000172,1000.000172,1000.000171,1000.000168,1000.000162,1000.000151,1000.000130,0.000000,0.000000,0.000000,0.000000,0.000000,0.000000,0.000000,0.000000,0.000000,0.000000,0.000000,0.000000,0.000000,0.000000,0.000000,0.000000,0.000000,0.000000,0.000000,0.000000,0.000000,0.000000,0.000000,0.000000,0.000000,0.000000,0.000000,0.000000,0.000000,0.000000,0.000000,0.000000,0.000000,0.000000,0.000000,0.000000,0.000000,0.000000,0.000000,0.000000,0.000000,0.000000
0.000000,0.000000,0.000000,0.000000,0.000000,0.000000,0.000000,0.000000,0.000000,0.000000,0.000000,0.000000,0.000000,0.000000,0.000000,0.000000,0.000000,0.000000,0.000000,0.000000,0.000000,0.000000,0.000000,0.000000,0.000000,0.000000,0.000000,0.000000,0.000000,0.000000,0.000000,0.000000,0.000000,0.000000,0.000000,0.000000,0.000000,1000.000125,1000.000156,1000.000181,1000.000202,1000.000218,1000.000233,1000.000247,1000.000257,1000.000265,1000.000269,1000.000271,1000.000271,1000.000272,1000.000271,1000.000272,1000.000271,1000.000272,1000.000271,1000.000271,1000.000269,1000.000265,1000.000257,1000.000247,1000.000233,1000.000218,1000.000202,1000.000181,1000.000156,1000.000125,0.000000,0.000000,0.000000,0.000000,0.000000,0.000000,0.000000,0.000000,0.000000,0.000000,0.000000,0.000000,0.000000,0.000000,0.000000,0.000000,0.000000,0.000000,0.000000,0.000000,0.000000,0.000000,0.000000,0.000000,0.000000,0.000000,0.000000,0.000000,0.000000,0.000000,0.000000,0.000000,0.000000,0.000000,0.000000,0.000000,0.000000
0.000000,0.000000,0.000000,0.000000,0.000000,0.000000,0.000000,0.000000,0.000000,0.000000,0.000000,0.000000,0.000000,0.000000,0.000000,0.000000,0.000000,0.000000,0.000000,0.000000,0.000000,0.000000,0.000000,0.000000,0.000000,0.000000,0.000000,0.000000,0.000000,0.000000,0.000000,0.000000,0.000000,0.000000,1000.000131,1000.000166,1000.000196,1000.000226,1000.000251,1000.000274,1000.000296,1000.000314,1000.000331,1000.000344,1000.000354,1000.000360,1000.000364,1000.000367,1000.000368,1000.000368,1000.000368,1000.000368,1000.000368,1000.000368,1000.000368,1000.000367,1000.000364,1000.000360,1000.000354,1000.000344,1000.000331,1000.000314,1000.000296,1000.000274,1000.000251,1000.000226,1000.000196,1000.000166,1000.000131,0.000000,0.000000,0.000000,0.000000,0.000000,0.000000,0.000000,0.000000,0.000000,0.000000,0.000000,0.000000,0.000000,0.000000,0.000000,0.000000,0.000000,0.000000,0.000000,0.000000,0.000000,0.000000,0.000000,0.000000,0.000000,0.000000,0.000000,0.000000,0.000000,0.000000,0.000000,0.000000,0.000000,0.000000
0.000000,0.000000,0.000000,0.000000,0.000000,0.000000,0.000000,0.000000,0.000000,0.000000,0.000000,0.000000,0.000000,0.000000,0.000000,0.000000,0.000000,0.000000,0.000000,0.000000,0.000000,0.000000,0.000000,0.000000,0.000000,0.000000,0.000000,0.000000,0.000000,0.000000,0.000000,0.000000,1000.000149,1000.000189,1000.000228,1000.000260,1000.000289,1000.000318,1000.000344,1000.000367,1000.000388,1000.000409,1000.000427,1000.000441,1000.000450,1000.000455,1000.000458,1000.000459,1000.000460,1000.000460,1000.000461,1000.000461,1000.000461,1000.000460,1000.000460,1000.000459,1000.000458,1000.000455,1000.000450,1000.000441,1000.000427,1000.000409,1000.000388,1000.000367,1000.000344,1000.000318,1000.000289,1000.000260,1000.000228,1000.000189,1000.000149,0.000000,0.000000,0.000000,0.000000,0.000000,0.000000,0.000000,0.000000,0.000000,0.000000,0.000000,0.000000,0.000000,0.000000,0.000000,0.000000,0.000000,0.000000,0.000000,0.000000,0.000000,0.000000,0.000000,0.000000,0.000000,0.000000,0.000000,0.000000,0.000000,0.000000,0.000000,0.000000
0.000000,0.000000,0.000000,0.000000,0.000000,0.000000,0.000000,0.000000,0.000000,0.000000,0.000000,0.000000,0.000000,0.000000,0.000000,0.000000,0.000000,0.000000,0.000000,0.000000,0.000000,0.000000,0.000000,0.000000,0.000000,0.000000,0.000000,0.000000,0.000000,0.000000,1000.000156,1000.000201,1000.000245,1000.000282,1000.000317,1000.000350,1000.000382,1000.000411,1000.000437,1000.000459,1000.000477,1000.000494,1000.000509,1000.000519,1000.000524,1000.000527,1000.000529,1000.000529,1000.000529,1000.000529,1000.000529,1000.000529,1000.000529,1000.000529,1000.000529,1000.000529,1000.000529,1000.000527,1000.000524,1000.000519,1000.000509,1000.000494,1000.000477,1000.000459,1000.000437,1000.000411,1000.000382,1000.000350,1000.000317,1000.000282,1000.000245,1000.000201,1000.000156,0.000000,0.000000,0.000000,0.000000,0.000000,0.000000,0.000000,0.000000,0.000000,0.000000,0.000000,0.000000,0.000000,0.000000,0.000000,0.000000,0.000000,0.000000,0.000000,0.000000,0.000000,0.000000,0.000000,0.000000,0.000000,0.000000,0.000000,0.000000,0.000000,0.000000
0.000000,0.000000,0.000000,0.000000,0.000000,0.000000,0.000000,0.000000,0.000000,0.000000,0.000000,0.000000,0.000000,0.000000,0.000000,0.000000,0.000000,0.000000,0.000000,0.000000,0.000000,0.000000,0.000000,0.000000,0.000000,0.000000,0.000000,0.000000,1000.000156,1000.000204,1000.000251,1000.000291,1000.000332,1000.000371,1000.000408,1000.000441,1000.000470,1000.000495,1000.000516,1000.000530,1000.000539,1000.000545,1000.000547,1000.000546,1000.000544,1000.000543,1000.000543,1000.000542,1000.000541,1000.000541,1000.000541,1000.000540,1000.000541,1000.000541,1000.000541,1000.000542,1000.000543,1000.000543,1000.000544,1000.000546,1000.000547,1000.000545,1000.000539,1000.000530,1000.000516,1000.000495,1000.000470,1000.000441,1000.000408,1000.000371,1000.000332,1000.000291,1000.000251,1000.000204,1000.000156,0.000000,0.000000,0.000000,0.000000,0.000000,0.000000,0.000000,0.000000,0.000000,0.000000,0.000000,0.000000,0.000000,0.000000,0.000000,0.000000,0.000000,0.000000,0.000000,0.000000,0.000000,0.000000,0.000000,0.000000,0.000000,0.000000,0.000000,0.000000
0.000000,0.000000,0.000000,0.000000,0.000000,0.000000,0.000000,0.000000,0.000000,0.000000,0.000000,0.000000,0.000000,0.000000,0.000000,0.000000,0.000000,0.000000,0.000000,0.000000,0.000000,0.000000,0.000000,0.000000,0.000000,0.000000,1000.000148,1000.000200,1000.000249,1000.000293,1000.000336,1000.000378,1000.000420,1000.000458,1000.000492,1000.000518,1000.000536,1000.000547,1000.000551,1000.000550,1000.000546,1000.000539,1000.000527,1000.000517,1000.000509,1000.000505,1000.000502,1000.000500,1000.000499,1000.000498,1000.000497,1000.000497,1000.000497,1000.000498,1000.000499,1000.000500,1000.000502,1000.000505,1000.000509,1000.000517,1000.000527,1000.000539,1000.000546,1000.000550,1000.000551,1000.000547,1000.000536,1000.000518,1000.000492,1000.000458,1000.000420,1000.000378,1000.000336,1000.000293,1000.000249,1000.000200,1000.000148,0.000000,0.000000,0.000000,0.000000,0.000000,0.000000,0.000000,0.000000,0.000000,0.000000,0.000000,0.000000,0.000000,0.000000,0.000000,0.000000,0.000000,0.000000,0.000000,0.000000,0.000000,0.000000,0.000000,0.000000,0.000000,0.000000
0.000000,0.000000,0.000000,0.000000,0.000000,0.000000,0.000000,0.000000,0.000000,0.000000,0.000000,0.000000,0.000000,0.000000,0.000000,0.000000,0.000000,0.000000,0.000000,0.000000,0.000000,0.000000,0.000000,0.000000,1000.000127,1000.000184,1000.000239,1000.000286,1000.000333,1000.000378,1000.000422,1000.000463,1000.000499,1000.000527,1000.000545,1000.000552,1000.000550,1000.000543,1000.000531,1000.000518,1000.000505,1000.000491,1000.000477,1000.000464,1000.000455,1000.000449,1000.000445,1000.000442,1000.000439,1000.000438,1000.000437,1000.000437,1000.000437,1000.000438,1000.000439,1000.000442,1000.000445,1000.000449,1000.000455,1000.000464,1000.000477,1000.000491,1000.000505,1000.000518,1000.000531,1000.000543,1000.000550,1000.000552,1000.000545,1000.000527,1000.000499,1000.000463,1000.000422,1000.000378,1000.000333,1000.000286,1000.000239,1000.000184,1000.000127,0.000000,0.000000,0.000000,0.000000,0.000000,0.000000,0.000000,0.000000,0.000000,0.000000,0.000000,0.000000,0.000000,0.000000,0.000000,0.000000,0.000000,0.000000,0.000000,0.000000,0.000000,0.000000,0.000000,0.000000
0.000000,0.000000,0.000000,0.000000,0.000000,0.000000,0.000000,0.000000,0.000000,0.000000,0.000000,0.000000,0.000000,0.000000,0.000000,0.000000,0.000000,0.000000,0.000000,0.000000,0.000000,0.000000,0.000000,1000.000153,1000.000216,1000.000269,1000.000321,1000.000370,1000.000418,1000.000462,1000.000500,1000.000529,1000.000547,1000.000553,1000.000547,1000.000533,1000.000517,1000.000499,1000.000481,1000.000463,1000.000448,1000.000435,1000.000422,1000.000410,1000.000401,1000.000394,1000.000388,1000.000384,1000.000381,1000.000379,1000.000378,1000.000378,1000.000378,1000.000379,1000.000381,1000.000384,1000.000388,1000.000394,1000.000401,1000.000410,1000.000422,1000.000435,1000.000448,1000.000463,1000.000481,1000.000499,1000.000517,1000.000533,1000.000547,1000.000553,1000.000547,1000.000529,1000.000500,1000.000462,1000.000418,1000.000370,1000.000321,1000.000269,1000.000216,1000.000153,0.000000,0.000000,0.000000,0.000000,0.000000,0.000000,0.000000,0.000000,0.000000,0.000000,0.000000,0.000000,0.000000,0.000000,0.000000,0.000000,0.000000,0.000000,0.000000,0.000000,0.000000,0.000000,0.000000
0.000000,0.000000,0.000000,0.000000,0.000000,0.000000,0.000000,0.000000,0.000000,0.000000,0.000000,0.000000,0.000000,0.000000,0.000000,0.000000,0.000000,0.000000,0.000000,0.000000,0.000000,1000.000113,1000.000177,1000.000239,1000.000295,1000.000350,1000.000404,1000.000454,1000.000496,1000.000528,1000.000547,1000.000553,1000.000547,1000.000530,1000.000508,1000.000485,1000.000463,1000.000444,1000.000426,1000.000409,1000.000394,1000.000380,1000.000368,1000.000357,1000.000347,1000.000340,1000.000334,1000.000329,1000.000326,1000.000323,1000.000322,1000.000321,1000.000322,1000.000323,1000.000326,1000.000329,1000.000334,1000.000340,1000.000347,1000.000357,1000.000368,1000.000380,1000.000394,1000.000409,1000.000426,1000.000444,1000.000463,1000.000485,1000.000508,1000.000530,1000.000547,1000.000553,1000.000547,1000.000528,1000.000496,1000.000454,1000.000404,1000.000350,1000.000295,1000.000239,1000.000177,1000.000113,0.000000,0.000000,0.000000,0.000000,0.000000,0.000000,0.000000,0.000000,0.000000,0.000000,0.000000,0.000000,0.000000,0.000000,0.000000,0.000000,0.000000,0.000000,0.000000,0.000000,0.000000
0.000000,0.000000,0.000000,0.000000,0.000000,0.000000,0.000000,0.000000,0.000000,0.000000,0.000000,0.000000,0.000000,0.000000,0.000000,0.000000,0.000000,0.000000,0.000000,0.000000,1000.000132,1000.000200,1000.000258,1000.000315,1000.000373,1000.000430,1000.000481,1000.000521,1000.000545,1000.000553,1000.000547,1000.000530,1000.000507,1000.000481,1000.000456,1000.000432,1000.000410,1000.000391,1000.000373,1000.000357,1000.000341,1000.000327,1000.000315,1000.000304,1000.000295,1000.000287,1000.000280,1000.000275,1000.000271,1000.000269,1000.000267,1000.000267,1000.000267,1000.000269,1000.000271,1000.000275,1000.000280,1000.000287,1000.000295,1000.000304,1000.000315,1000.000327,1000.000341,1000.000357,1000.000373,1000.000391,1000.000410,1000.000432,1000.000456,1000.000481,1000.000507,1000.000530,1000.000547,1000.000553,1000.000545,1000.000521,1000.000481,1000.000430,1000.000373,1000.000315,1000.000258,1000.000200,1000.000132,0.000000,0.000000,0.000000,0.000000,0.000000,0.000000,0.000000,0.000000,0.000000,0.000000,0.000000,0.000000,0.000000,0.000000,0.000000,0.000000,0.000000,0.000000,0.000000,0.000000
0.000000,0.000000,0.000000,0.000000,0.000000,0.000000,0.000000,0.000000,0.000000,0.000000,0.000000,0.000000,0.000000,0.000000,0.000000,0.000000,0.000000,0.000000,0.000000,1000.000147,1000.000216,1000.000276,1000.000334,1000.000392,1000.000449,1000.000499,1000.000536,1000.000551,1000.000547,1000.000531,1000.000508,1000.000481,1000.000454,1000.000428,1000.000403,1000.000381,1000.000360,1000.000340,1000.000322,1000.000305,1000.000290,1000.000276,1000.000263,1000.000252,1000.000243,1000.000235,1000.000228,1000.000223,1000.000219,1000.000216,1000.000214,1000.000214,1000.000214,1000.000216,1000.000219,1000.000223,1000.000228,1000.000235,1000.000243,1000.000252,1000.000263,1000.000276,1000.000290,1000.000305,1000.000322,1000.000340,1000.000360,1000.000381,1000.000403,1000.000428,1000.000454,1000.000481,1000.000508,1000.000531,1000.000547,1000.000551,1000.000536,1000.000499,1000.000449,1000.000392,1000.000334,1000.000276,1000.000216,1000.000147,0.000000,0.000000,0.000000,0.000000,0.000000,0.000000,0.000000,0.000000,0.000000,0.000000,0.000000,0.000000,0.000000,0.000000,0.000000,0.000000,0.000000,0.000000,0.000000
0.000000,0.000000,0.000000,0.000000,0.000000,0.000000,0.000000,0.000000,0.000000,0.000000,0.000000,0.000000,0.000000,0.000000,0.000000,0.000000,0.000000,0.000000,1000.000156,1000.000228,1000.000291,1000.000352,1000.000412,1000.000467,1000.000512,1000.000544,1000.000552,1000.000537,1000.000513,1000.000485,1000.000456,1000.000428,1000.000402,1000.000377,1000.000353,1000.000331,1000.000310,1000.000290,1000.000272,1000.000255,1000.000240,1000.000226,1000.000213,1000.000202,1000.000192,1000.000184,1000.000177,1000.000172,1000.000168,1000.000165,1000.000163,1000.000162,1000.000163,1000.000165,1000.000168,1000.000172,1000.000177,1000.000184,1000.000192,1000.000202,1000.000213,1000.000226,1000.000240,1000.000255,1000.000272,1000.000290,1000.000310,1000.000331,1000.000353,1000.000377,1000.000402,1000.000428,1000.000456,1000.000485,1000.000513,1000.000537,1000.000552,1000.000544,1000.000512,1000.000467,1000.000412,1000.000352,1000.000291,1000.000228,1000.000156,0.000000,0.000000,0.000000,0.000000,0.000000,0.000000,0.000000,0.000000,0.000000,0.000000,0.000000,0.000000,0.000000,0.000000,0.000000,0.000000,0.000000,0.000000
0.000000,0.000000,0.000000,0.000000,0.000000,0.000000,0.000000,0.000000,0.000000,0.000000,0.000000,0.000000,0.000000,0.000000,0.000000,0.000000,0.000000,1000.000161,1000.000235,1000.000300,1000.000364,1000.000428,1000.000484,1000.000526,1000.000549,1000.000551,1000.000530,1000.000499,1000.000465,1000.000434,1000.000406,1000.000379,1000.000353,1000.000328,1000.000304,1000.000281,1000.000260,1000.000241,1000.000223,1000.000206,1000.000191,1000.000177,1000.000164,1000.000153,1000.000143,1000.000135,1000.000128,1000.000122,1000.000118,1000.000115,1000.000113,1000.000112,1000.000113,1000.000115,1000.000118,1000.000122,1000.000128,1000.000135,1000.000143,1000.000153,1000.000164,1000.000177,1000.000191,1000.000206,1000.000223,1000.000241,1000.000260,1000.000281,1000.000304,1000.000328,1000.000353,1000.000379,1000.000406,1000.000434,1000.000465,1000.000499,1000.000530,1000.000551,1000.000549,1000.000526,1000.000484,1000.000428,1000.000364,1000.000300,1000.000235,1000.000161,0.000000,0.000000,0.000000,0.000000,0.000000,0.000000,0.000000,0.000000,0.000000,0.000000,0.000000,0.000000,0.000000,0.000000,0.000000,0.000000,0.000000
0.000000,0.000000,0.000000,0.000000,0.000000,0.000000,0.000000,0.000000,0.000000,0.000000,0.000000,0.000000,0.000000,0.000000,0.000000,0.000000,1000.000162,1000.000238,1000.000305,1000.000371,1000.000437,1000.000495,1000.000536,1000.000551,1000.000545,1000.000522,1000.000488,1000.000452,1000.000417,1000.000387,1000.000359,1000.000332,1000.000305,1000.000280,1000.000256,1000.000234,1000.000213,1000.000193,1000.000175,1000.000158,1000.000143,1000.000129,1000.000116,1000.000105,1000.000095,1000.000087,1000.000080,1000.000074,1000.000070,1000.000067,1000.000065,1000.000064,1000.000065,1000.000067,1000.000070,1000.000074,1000.000080,1000.000087,1000.000095,1000.000105,1000.000116,1000.000129,1000.000143,1000.000158,1000.000175,1000.000193,1000.000213,1000.000234,1000.000256,1000.000280,1000.000305,1000.000332,1000.000359,1000.000387,1000.000417,1000.000452,1000.000488,1000.000522,1000.000545,1000.000551,1000.000536,1000.000495,1000.000437,1000.000371,1000.000305,1000.000238,1000.000162,0.000000,0.000000,0.000000,0.000000,0.000000,0.000000,0.000000,0.000000,0.000000,0.000000,0.000000,0.000000,0.000000,0.000000,0.000000,0.000000
0.000000,0.000000,0.000000,0.000000,0.000000,0.000000,0.000000,0.000000,0.000000,0.000000,0.000000,0.000000,0.000000,0.000000,0.000000,1000.000161,1000.000238,1000.000307,1000.000374,1000.000441,1000.000500,1000.000540,1000.000552,1000.000537,1000.000509,1000.000475,1000.000439,1000.000404,1000.000372,1000.000342,1000.000313,1000.000285,1000.000258,1000.000234,1000.000210,1000.000188,1000.000167,1000.000147,1000.000129,1000.000112,1000.000097,1000.000083,1000.000070,1000.000059,1000.000049,1000.000040,1000.000033,1000.000027,1000.000023,1000.000020,1000.000018,1000.000017,1000.000018,1000.000020,1000.000023,1000.000027,1000.000033,1000.000040,1000.000049,1000.000059,1000.000070,1000.000083,1000.000097,1000.000112,1000.000129,1000.000147,1000.000167,1000.000188,1000.000210,1000.000234,1000.000258,1000.000285,1000.000313,1000.000342,1000.000372,1000.000404,1000.000439,1000.000475,1000.000509,1000.000537,1000.000552,1000.000540,1000.000500,1000.000441,1000.000374,1000.000307,1000.000238,1000.000161,0.000000,0.000000,0.000000,0.000000,0.000000,0.000000,0.000000,0.000000,0.000000,0.000000,0.000000,0.000000,0.000000,0.000000,0.000000
0.000000,0.000000,0.000000,0.000000,0.000000,0.000000,0.000000,0.000000,0.000000,0.000000,0.000000,0.000000,0.000000,0.000000,1000.000156,1000.000235,1000.000305,1000.000374,1000.000443,1000.000502,1000.000542,1000.000552,1000.000533,1000.000500,1000.000463,1000.000427,1000.000392,1000.000360,1000.000328,1000.000297,1000.000267,1000.000240,1000.000214,1000.000188,1000.000165,1000.000142,1000.000121,1000.000102,1000.000084,1000.000067,1000.000052,1000.000037,1000.000025,1000.000014,1000.000004,999.999995,999.999988,999.999982,999.999977,999.999974,999.999972,999.999972,999.999972,999.999974,999.999977,999.999982,999.999988,999.999995,1000.000004,1000.000014,1000.000025,1000.000037,1000.000052,1000.000067,1000.000084,1000.000102,1000.000121,1000.000142,1000.000165,1000.000188,1000.000214,1000.000240,1000.000267,1000.000297,1000.000328,1000.000360,1000.000392,1000.000427,1000.000463,1000.000500,1000.000533,1000.000552,1000.000542,1000.000502,1000.000443,1000.000374,1000.000305,1000.000235,1000.000156,0.000000,0.000000,0.000000,0.000000,0.000000,0.000000,0.000000,0.000000,0.000000,0.000000,0.000000,0.000000,0.000000,0.000000
0.000000,0.000000,0.000000,0.000000,0.000000,0.000000,0.000000,0.000000,0.000000,0.000000,0.000000,0.000000,0.000000,1000.000147,1000.000228,1000.000300,1000.000371,1000.000441,1000.000502,1000.000543,1000.000552,1000.000531,1000.000496,1000.000456,1000.000417,1000.000383,1000.000349,1000.000316,1000.000283,1000.000253,1000.000224,1000.000196,1000.000170,1000.000145,1000.000121,1000.000099,1000.000078,1000.000058,1000.000040,1000.000023,1000.000008,999.999994,999.999981,999.999970,999.999960,999.999951,999.999944,999.999938,999.999933,999.999930,999.999928,999.999928,999.999928,999.999930,999.999933,999.999938,999.999944,999.999951,999.999960,999.999970,999.999981,999.999994,1000.000008,1000.000023,1000.000040,1000.000058,1000.000078,1000.000099,1000.000121,1000.000145,1000.000170,1000.000196,1000.000224,1000.000253,1000.000283,1000.000316,1000.000349,1000.000383,1000.000417,1000.000456,1000.000496,1000.000531,1000.000552,1000.000543,1000.000502,1000.000441,1000.000371,1000.000300,1000.000228,1000.000147,0.000000,0.000000,0.000000,0.000000,0.000000,0.000000,0.000000,0.000000,0.000000,0.000000,0.000000,0.000000,0.000000
0.000000,0.000000,0.000000,0.000000,0.000000,0.000000,0.000000,0.000000,0.000000,0.000000,0.000000,0.000000,1000.000132,1000.000216,1000.000291,1000.000364,1000.000437,1000.000500,1000.000542,1000.000552,1000.000531,1000.000495,1000.000453,1000.000412,1000.000376,1000.000341,1000.000306,1000.000273,1000.000241,1000.000211,1000.000182,1000.000154,1000.000127,1000.000102,1000.000079,1000.000056,1000.000035,1000.000016,999.999998,999.999981,999.999965,999.999951,999.999939,999.999927,999.999917,999.999909,999.999901,999.999895,999.999891,999.999888,999.999886,999.999885,999.999886,999.999888,999.999891,999.999895,999.999901,999.999909,999.999917,999.999927,999.999939,999.999951,999.999965,999.999981,999.999998,1000.000016,1000.000035,1000.000056,1000.000079,1000.000102,1000.000127,1000.000154,1000.000182,1000.000211,1000.000241,1000.000273,1000.000306,1000.000341,1000.000376,1000.000412,1000.000453,1000.000495,1000.000531,1000.000552,1000.000542,1000.000500,1000.000437,1000.000364,1000.000291,1000.000216,1000.000132,0.000000,0.000000,0.000000,0.000000,0.000000,0.000000,0.000000,0.000000,0.000000,0.000000,0.000000,0.000000
0.000000,0.000000,0.000000,0.000000,0.000000,0.000000,0.000000,0.000000,0.000000,0.000000,0.000000,1000.000113,1000.000200,1000.000276,1000.000352,1000.000428,1000.000495,1000.000540,1000.000552,1000.000531,1000.000495,1000.000452,1000.000410,1000.000372,1000.000336,1000.000299,1000.000264,1000.000232,1000.000200,1000.000169,1000.000140,1000.000112,1000.000086,1000.000061,1000.000037,1000.000015,999.999994,999.999975,999.999957,999.999940,999.999924,999.999910,999.999897,999.999886,999.999876,999.999867,999.999860,999.999854,999.999850,999.999846,999.999844,999.999844,999.999844,999.999846,999.999850,999.999854,999.999860,999.999867,999.999876,999.999886,999.999897,999.999910,999.999924,999.999940,999.999957,999.999975,999.999994,1000.000015,1000.000037,1000.000061,1000.000086,1000.000112,1000.000140,1000.000169,1000.000200,1000.000232,1000.000264,1000.000299,1000.000336,1000.000372,1000.000410,1000.000452,1000.000495,1000.000531,1000.000552,1000.000540,1000.000495,1000.000428,1000.000352,1000.000276,1000.000200,1000.000113,0.000000,0.000000,0.000000,0.000000,0.000000,0.000000,0.000000,0.000000,0.000000,0.000000,0.000000
0.000000,0.000000,0.000000,0.000000,0.000000,0.000000,0.000000,0.000000,0.000000,0.000000,0.000000,1000.000177,1000.000258,1000.000334,1000.000412,1000.000484,1000.000536,1000.000552,1000.000533,1000.000496,1000.000453,1000.000410,1000.000371,1000.000333,1000.000295,1000.000259,1000.000225,1000.000192,1000.000160,1000.000130,1000.000100,1000.000073,1000.000046,1000.000021,999.999998,999.999975,999.999955,999.999935,999.999917,999.999900,999.999885,999.999870,999.999858,999.999846,999.999836,999.999828,999.999820,999.999814,999.999810,999.999806,999.999804,999.999804,999.999804,999.999806,999.999810,999.999814,999.999820,999.999828,999.999836,999.999846,999.999858,999.999870,999.999885,999.999900,999.999917,999.999935,999.999955,999.999975,999.999998,1000.000021,1000.000046,1000.000073,1000.000100,1000.000130,1000.000160,1000.000192,1000.000225,1000.000259,1000.000295,1000.000333,1000.000371,1000.000410,1000.000453,1000.000496,1000.000533,1000.000552,1000.000536,1000.000484,1000.000412,1000.000334,1000.000258,1000.000177,0.000000,0.000000,0.000000,0.000000,0.000000,0.000000,0.000000,0.000000,0.000000,0.000000,0.000000
0.000000,0.000000,0.000000,0.000000,0.000000,0.000000,0.000000,0.000000,0.000000,0.000000,1000.000153,1000.000239,1000.000315,1000.000392,1000.000467,1000.000526,1000.000551,1000.000537,1000.000500,1000.000456,1000.000412,1000.000372,1000.000333,1000.000294,1000.000256,1000.000221,1000.000187,1000.000153,1000.000121,1000.000091,1000.000062,1000.000034,1000.000008,999.999983,999.999959,999.999937,999.999916,999.999897,999.999878,999.999862,999.999846,999.999832,999.999819,999.999808,999.999798,999.999789,999.999782,999.999776,999.999771,999.999768,999.999766,999.999765,999.999766,999.999768,999.999771,999.999776,999.999782,999.999789,999.999798,999.999808,999.999819,999.999832,999.999846,999.999862,999.999878,999.999897,999.999916,999.999937,999.999959,999.999983,1000.000008,1000.000034,1000.000062,1000.000091,1000.000121,1000.000153,1000.000187,1000.000221,1000.000256,1000.000294,1000.000333,1000.000372,1000.000412,1000.000456,1000.000500,1000.000537,1000.000551,1000.000526,1000.000467,1000.000392,1000.000315,1000.000239,1000.000153,0.000000,0.000000,0.000000,0.000000,0.000000,0.000000,0.000000,0.000000,0.000000,0.000000
0.000000,0.000000,0.000000,0.000000,0.000000,0.000000,0.000000,0.000000,0.000000,1000.000127,1000.000216,1000.000295,1000.000373,1000.000449,1000.000512,1000.000549,1000.000545,1000.000509,1000.000463,1000.000417,1000.000376,1000.000336,1000.000295,1000.000256,1000.000220,1000.000184,1000.000149,1000.000116,1000.000084,1000.000054,1000.000025,999.999997,999.999971,999.999946,999.999922,999.999900,999.999879,999.999860,999.999841,999.999825,999.999809,999.999795,999.999782,999.999771,999.999761,999.999752,999.999745,999.999739,999.999734,999.999731,999.999729,999.999728,999.999729,999.999731,999.999734,999.999739,999.999745,999.999752,999.999761,999.999771,999.999782,999.999795,999.999809,999.999825,999.999841,999.999860,999.999879,999.999900,999.999922,999.999946,999.999971,999.999997,1000.000025,1000.000054,1000.000084,1000.000116,1000.000149,1000.000184,1000.000220,1000.000256,1000.000295,1000.000336,1000.000376,1000.000417,1000.000463,1000.000509,1000.000545,1000.000549,1000.000512,1000.000449,1000.000373,1000.000295,1000.000216,1000.000127,0.000000,0.000000,0.000000,0.000000,0.000000,0.000000,0.000000,0.000000,0.000000
0.000000,0.000000,0.000000,0.000000,0.000000,0.000000,0.000000,0.000000,0.000000,1000.000184,1000.000269,1000.000350,1000.000430,1000.000499,1000.000544,1000.000551,1000.000522,1000.000475,1000.000427,1000.000383,1000.000341,1000.000299,1000.000259,1000.000221,1000.000184,1000.000148,1000.000113,1000.000080,1000.000049,1000.000018,999.999989,999.999962,999.999935,999.999910,999.999887,999.999864,999.999843,999.999824,999.999806,999.999789,999.999773,999.999759,999.999746,999.999735,999.999725,999.999716,999.999709,999.999703,999.999698,999.999695,999.999693,999.999692,999.999693,999.999695,999.999698,999.999703,999.999709,999.999716,999.999725,999.999735,999.999746,999.999759,999.999773,999.999789,999.999806,999.999824,999.999843,999.999864,999.999887,999.999910,999.999935,999.999962,999.999989,1000.000018,1000.000049,1000.000080,1000.000113,1000.000148,1000.000184,1000.000221,1000.000259,1000.000299,1000.000341,1000.000383,1000.000427,1000.000475,1000.000522,1000.000551,1000.000544,1000.000499,1000.000430,1000.000350,1000.000269,1000.000184,0.000000,0.000000,0.000000,0.000000,0.000000,0.000000,0.000000,0.000000,0.000000
0.000000,0.000000,0.000000,0.000000,0.000000,0.000000,0.000000,0.000000,1000.000148,1000.000239,1000.000321,1000.000404,1000.000481,1000.000536,1000.000552,1000.000530,1000.000488,1000.000439,1000.000392,1000.000349,1000.000306,1000.000264,1000.000225,1000.000187,1000.000149,1000.000113,1000.000079,1000.000046,1000.000014,999.999984,999.999955,999.999927,999.999901,999.999876,999.999852,999.999830,999.999809,999.999789,999.999771,999.999754,999.999739,999.999725,999.999712,999.999701,999.999690,999.999682,999.999674,999.999668,999.999664,999.999660,999.999658,999.999658,999.999658,999.999660,999.999664,999.999668,999.999674,999.999682,999.999690,999.999701,999.999712,999.999725,999.999739,999.999754,999.999771,999.999789,999.999809,999.999830,999.999852,999.999876,999.999901,999.999927,999.999955,999.999984,1000.000014,1000.000046,1000.000079,1000.000113,1000.000149,1000.000187,1000.000225,1000.000264,1000.000306,1000.000349,1000.000392,1000.000439,1000.000488,1000.000530,1000.000552,1000.000536,1000.000481,1000.000404,1000.000321,1000.000239,1000.000148,0.000000,0.000000,0.000000,0.000000,0.000000,0.000000,0.000000,0.000000
0.000000,0.000000,0.000000,0.000000,0.000000,0.000000,0.000000,0.000000,1000.000200,1000.000286,1000.000370,1000.000454,1000.000521,1000.000551,1000.000537,1000.000499,1000.000452,1000.000404,1000.000360,1000.000316,1000.000273,1000.000232,1000.000192,1000.000153,1000.000116,1000.000080,1000.000046,1000.000013,999.999981,999.999951,999.999922,999.999894,999.999868,999.999843,999.999819,999.999797,999.999776,999.999756,999.999738,999.999721,999.999706,999.999692,999.999679,999.999668,999.999657,999.999649,999.999641,999.999635,999.999631,999.999627,999.999625,999.999624,999.999625,999.999627,999.999631,999.999635,999.999641,999.999649,999.999657,999.999668,999.999679,999.999692,999.999706,999.999721,999.999738,999.999756,999.999776,999.999797,999.999819,999.999843,999.999868,999.999894,999.999922,999.999951,999.999981,1000.000013,1000.000046,1000.000080,1000.000116,1000.000153,1000.000192,1000.000232,1000.000273,1000.000316,1000.000360,1000.000404,1000.000452,1000.000499,1000.000537,1000.000551,1000.000521,1000.000454,1000.000370,1000.000286,1000.000200,0.000000,0.000000,0.000000,0.000000,0.000000,0.000000,0.000000,0.000000
0.000000,0.000000,0.000000,0.000000,0.000000,0.000000,0.000000,1000.000156,1000.000249,1000.000333,1000.000418,1000.000496,1000.000545,1000.000547,1000.000513,1000.000465,1000.000417,1000.000372,1000.000328,1000.000283,1000.000241,1000.000200,1000.000160,1000.000121,1000.000084,1000.000049,1000.000014,999.999981,999.999949,999.999919,999.999890,999.999862,999.999836,999.999811,999.999787,999.999765,999.999744,999.999725,999.999707,999.999690,999.999674,999.999660,999.999647,999.999636,999.999626,999.999617,999.999610,999.999604,999.999599,999.999595,999.999593,999.999593,999.999593,999.999595,999.999599,999.999604,999.999610,999.999617,999.999626,999.999636,999.999647,999.999660,999.999674,999.999690,999.999707,999.999725,999.999744,999.999765,999.999787,999.999811,999.999836,999.999862,999.999890,999.999919,999.999949,999.999981,1000.000014,1000.000049,1000.000084,1000.000121,1000.000160,1000.000200,1000.000241,1000.000283,1000.000328,1000.000372,1000.000417,1000.000465,1000.000513,1000.000547,1000.000545,1000.000496,1000.000418,1000.000333,1000.000249,1000.000156,0.000000,0.000000,0.000000,0.000000,0.000000,0.000000,0.000000
0.000000,0.000000,0.000000,0.000000,0.000000,0.000000,0.000000,1000.000204,1000.000293,1000.000378,1000.000462,1000.000528,1000.000553,1000.000531,1000.000485,1000.000434,1000.000387,1000.000342,1000.000297,1000.000253,1000.000211,1000.000169,1000.000130,1000.000091,1000.000054,1000.000018,999.999984,999.999951,999.999919,999.999889,999.999860,999.999832,999.999806,999.999781,999.999757,999.999735,999.999714,999.999694,999.999676,999.999659,999.999644,999.999630,999.999617,999.999605,999.999595,999.999587,999.999579,999.999573,999.999568,999.999565,999.999563,999.999562,999.999563,999.999565,999.999568,999.999573,999.999579,999.999587,999.999595,999.999605,999.999617,999.999630,999.999644,999.999659,999.999676,999.999694,999.999714,999.999735,999.999757,999.999781,999.999806,999.999832,999.999860,999.999889,999.999919,999.999951,999.999984,1000.000018,1000.000054,1000.000091,1000.000130,1000.000169,1000.000211,1000.000253,1000.000297,1000.000342,1000.000387,1000.000434,1000.000485,1000.000531,1000.000553,1000.000528,1000.000462,1000.000378,1000.000293,1000.000204,0.000000,0.000000,0.000000,0.000000,0.000000,0.000000,0.000000
0.000000,0.000000,0.000000,0.000000,0.000000,0.000000,1000.000156,1000.000251,1000.000336,1000.000422,1000.000500,1000.000547,1000.000547,1000.000508,1000.000456,1000.000406,1000.000359,1000.000313,1000.000267,1000.000224,1000.000182,1000.000140,1000.000100,1000.000062,1000.000025,999.999989,999.999955,999.999922,999.999890,999.999860,999.999831,999.999803,999.999777,999.999752,999.999728,999.999706,999.999685,999.999665,999.999647,999.999630,999.999615,999.999601,999.999588,999.999576,999.999566,999.999558,999.999550,999.999544,999.999539,999.999536,999.999534,999.999533,999.999534,999.999536,999.999539,999.999544,999.999550,999.999558,999.999566,999.999576,999.999588,999.999601,999.999615,999.999630,999.999647,999.999665,999.999685,999.999706,999.999728,999.999752,999.999777,999.999803,999.999831,999.999860,999.999890,999.999922,999.999955,999.999989,1000.000025,1000.000062,1000.000100,1000.000140,1000.000182,1000.000224,1000.000267,1000.000313,1000.000359,1000.000406,1000.000456,1000.000508,1000.000547,1000.000547,1000.000500,1000.000422,1000.000336,1000.000251,1000.000156,0.000000,0.000000,0.000000,0.000000,0.000000,0.000000
0.000000,0.000000,0.000000,0.000000,0.000000,0.000000,1000.000201,1000.000291,1000.000378,1000.000463,1000.000529,1000.000553,1000.000530,1000.000481,1000.000428,1000.000379,1000.000332,1000.000285,1000.000240,1000.000196,1000.000154,1000.000112,1000.000073,1000.000034,999.999997,999.999962,999.999927,999.999894,999.999862,999.999832,999.999803,999.999775,999.999749,999.999724,999.999700,999.999678,999.999657,999.999638,999.999620,999.999603,999.999587,999.999573,999.999560,999.999549,999.999539,999.999530,999.999522,999.999516,999.999512,999.999508,999.999506,999.999506,999.999506,999.999508,999.999512,999.999516,999.999522,999.999530,999.999539,999.999549,999.999560,999.999573,999.999587,999.999603,999.999620,999.999638,999.999657,999.999678,999.999700,999.999724,999.999749,999.999775,999.999803,999.999832,999.999862,999.999894,999.999927,999.999962,999.999997,1000.000034,1000.000073,1000.000112,1000.000154,1000.000196,1000.000240,1000.000285,1000.000332,1000.000379,1000.000428,1000.000481,1000.000530,1000.000553,1000.000529,1000.000463,1000.000378,1000.000291,1000.000201,0.000000,0.000000,0.000000,0.000000,0.000000,0.000000
0.000000,0.000000,0.000000,0.000000,0.000000,1000.000149,1000.000245,1000.000332,1000.000420,1000.000499,1000.000547,1000.000547,1000.000507,1000.000454,1000.000402,1000.000353,1000.000305,1000.000258,1000.000214,1000.000170,1000.000127,1000.000086,1000.000046,1000.000008,999.999971,999.999935,999.999901,999.999868,999.999836,999.999806,999.999777,999.999749,999.999723,999.999698,999.999674,999.999652,999.999631,999.999611,999.999593,999.999576,999.999561,999.999547,999.999534,999.999522,999.999512,999.999504,999.999496,999.999490,999.999485,999.999482,999.999480,999.999479,999.999480,999.999482,999.999485,999.999490,999.999496,999.999504,999.999512,999.999522,999.999534,999.999547,999.999561,999.999576,999.999593,999.999611,999.999631,999.999652,999.999674,999.999698,999.999723,999.999749,999.999777,999.999806,999.999836,999.999868,999.999901,999.999935,999.999971,1000.000008,1000.000046,1000.000086,1000.000127,1000.000170,1000.000214,1000.000258,1000.000305,1000.000353,1000.000402,1000.000454,1000.000507,1000.000547,1000.000547,1000.000499,1000.000420,1000.000332,1000.000245,1000.000149,0.000000,0.000000,0.000000,0.000000,0.000000
0.000000,0.000000,0.000000,0.000000,0.000000,1000.000189,1000.000282,1000.000371,1000.000458,1000.000527,1000.000553,1000.000530,1000.000481,1000.000428,1000.000377,1000.000328,1000.000280,1000.000234,1000.000188,1000.000145,1000.000102,1000.000061,1000.000021,999.999983,999.999946,999.999910,999.999876,999.999843,999.999811,999.999781,999.999752,999.999724,999.999698,999.999673,999.999649,999.999627,999.999606,999.999586,999.999568,999.999551,999.999536,999.999522,999.999509,999.999497,999.999487,999.999479,999.999471,999.999465,999.999460,999.999457,999.999455,999.999454,999.999455,999.999457,999.999460,999.999465,999.999471,999.999479,999.999487,999.999497,999.999509,999.999522,999.999536,999.999551,999.999568,999.999586,999.999606,999.999627,999.999649,999.999673,999.999698,999.999724,999.999752,999.999781,999.999811,999.999843,999.999876,999.999910,999.999946,999.999983,1000.000021,1000.000061,1000.000102,1000.000145,1000.000188,1000.000234,1000.000280,1000.000328,1000.000377,1000.000428,1000.000481,1000.000530,1000.000553,1000.000527,1000.000458,1000.000371,1000.000282,1000.000189,0.000000,0.000000,0.000000,0.000000,0.000000
0.000000,0.000000,0.000000,0.000000,1000.000131,1000.000228,1000.000317,1000.000408,1000.000492,1000.000545,1000.000547,1000.000508,1000.000456,1000.000403,1000.000353,1000.000304,1000.000256,1000.000210,1000.000165,1000.000121,1000.000079,1000.000037,999.999998,999.999959,999.999922,999.999887,999.999852,999.999819,999.999787,999.999757,999.999728,999.999700,999.999674,999.999649,999.999626,999.999603,999.999582,999.999563,999.999545,999.999528,999.999512,999.999498,999.999485,999.999474,999.999464,999.999455,999.999448,999.999441,999.999437,999.999433,999.999431,999.999431,999.999431,999.999433,999.999437,999.999441,999.999448,999.999455,999.999464,999.999474,999.999485,999.999498,999.999512,999.999528,999.999545,999.999563,999.999582,999.999603,999.999626,999.999649,999.999674,999.999700,999.999728,999.999757,999.999787,999.999819,999.999852,999.999887,999.999922,999.999959,999.999998,1000.000037,1000.000079,1000.000121,1000.000165,1000.000210,1000.000256,1000.000304,1000.000353,1000.000403,1000.000456,1000.000508,1000.000547,1000.000545,1000.000492,1000.000408,1000.000317,1000.000228,1000.000131,0.000000,0.000000,0.000000,0.000000
0.000000,0.000000,0.000000,0.000000,1000.000166,1000.000260,1000.000350,1000.000441,1000.000518,1000.000552,1000.000533,1000.000485,1000.000432,1000.000381,1000.000331,1000.000281,1000.000234,1000.000188,1000.000142,1000.000099,1000.000056,1000.000015,999.999975,999.999937,999.999900,999.999864,999.999830,999.999797,999.999765,999.999735,999.999706,999.999678,999.999652,999.999627,999.999603,999.999581,999.999560,999.999541,999.999522,999.999506,999.999490,999.999476,999.999463,999.999452,999.999441,999.999433,999.999425,999.999419,999.999414,999.999411,999.999409,999.999408,999.999409,999.999411,999.999414,999.999419,999.999425,999.999433,999.999441,999.999452,999.999463,999.999476,999.999490,999.999506,999.999522,999.999541,999.999560,999.999581,999.999603,999.999627,999.999652,999.999678,999.999706,999.999735,999.999765,999.999797,999.999830,999.999864,999.999900,999.999937,999.999975,1000.000015,1000.000056,1000.000099,1000.000142,1000.000188,1000.000234,1000.000281,1000.000331,1000.000381,1000.000432,1000.000485,1000.000533,1000.000552,1000.000518,1000.000441,1000.000350,1000.000260,1000.000166,0.000000,0.000000,0.000000,0.000000
