0.000000,0.000000,0.000000,0.000000,0.000000,0.000000,0.000000,0.000000,0.000000,0.000000,0.000000,0.000000,0.000000,0.000000,0.000000,0.000000,0.000000,0.000000,0.000000,0.000000,0.000000,0.000000,0.000000,0.000000,0.000000,0.000000,0.000000,0.000000,0.000000,0.000000,0.000000,0.000000,0.000000,0.000000,0.000000,0.000000,0.000000,0.000000,0.000000,0.000000,0.000000,0.000000,0.000000,0.000000,0.000000,0.000000,0.000000,0.000000,0.000000,0.000000,0.000000,0.000000,0.000000,0.000000,0.000000,0.000000,0.000000,0.000000,0.000000,0.000000,0.000000,0.000000,0.000000,0.000000,0.000000,0.000000,0.000000,0.000000,0.000000,0.000000,0.000000,0.000000,0.000000,0.000000,0.000000,0.000000,0.000000,0.000000,0.000000,0.000000,0.000000,0.000000,0.000000,0.000000,0.000000,0.000000,0.000000,0.000000,0.000000,0.000000,0.000000,0.000000,0.000000,0.000000,0.000000,0.000000,0.000000,0.000000,0.000000,0.000000,0.000000,0.000000,0.000000
0.000000,0.000000,0.000000,0.000000,0.000000,0.000000,0.000000,0.000000,0.000000,0.000000,0.000000,0.000000,0.000000,0.000000,0.000000,0.000000,0.000000,0.000000,0.000000,0.000000,0.000000,0.000000,0.000000,0.000000,0.000000,0.000000,0.000000,0.000000,0.000000,0.000000,0.000000,0.000000,0.000000,0.000000,0.000000,0.000000,0.000000,0.000000,0.000000,0.000000,0.000000,0.000000,0.000000,0.000000,0.000000,0.000000,0.000000,0.000000,0.000000,0.000000,0.000000,999.997770,0.000000,0.000000,0.000000,0.000000,0.000000,0.000000,0.000000,0.000000,0.000000,0.000000,0.000000,0.000000,0.000000,0.000000,0.000000,0.000000,0.000000,0.000000,0.000000,0.000000,0.000000,0.000000,0.000000,0.000000,0.000000,0.000000,0.000000,0.000000,0.000000,0.000000,0.000000,0.000000,0.000000,0.000000,0.000000,0.000000,0.000000,0.000000,0.000000,0.000000,0.000000,0.000000,0.000000,0.000000,0.000000,0.000000,0.000000,0.000000,0.000000,0.000000,0.000000
0.000000,0.000000,0.000000,0.000000,0.000000,0.000000,0.000000,0.000000,0.000000,0.000000,0.000000,0.000000,0.000000,0.000000,0.000000,0.000000,0.000000,0.000000,0.000000,0.000000,0.000000,0.000000,0.000000,0.000000,0.000000,0.000000,0.000000,0.000000,0.000000,0.000000,0.000000,0.000000,0.000000,0.000000,0.000000,0.000000,0.000000,0.000000,0.000000,0.000000,0.000000,0.000000,999.995743,999.993666,999.993683,999.994194,999.994798,999.995296,999.995917,999.996764,999.997501,999.997694,999.997828,999.998486,999.999248,999.999706,1000.000147,1000.000440,1000.000762,1000.000777,999.999418,0.000000,0.000000,0.000000,0.000000,0.000000,0.000000,0.000000,0.000000,0.000000,0.000000,0.000000,0.000000,0.000000,0.000000,0.000000,0.000000,0.000000,0.000000,0.000000,0.000000,0.000000,0.000000,0.000000,0.000000,0.000000,0.000000,0.000000,0.000000,0.000000,0.000000,0.000000,0.000000,0.000000,0.000000,0.000000,0.000000,0.000000,0.000000,0.000000,0.000000,0.000000,0.000000
0.000000,0.000000,0.000000,0.000000,0.000000,0.000000,0.000000,0.000000,0.000000,0.000000,0.000000,0.000000,0.000000,0.000000,0.000000,0.000000,0.000000,0.000000,0.000000,0.000000,0.000000,0.000000,0.000000,0.000000,0.000000,0.000000,0.000000,0.000000,0.000000,0.000000,0.000000,0.000000,0.000000,0.000000,0.000000,0.000000,0.000000,999.992290,999.990312,999.990258,999.991267,999.992830,999.995038,999.994544,999.994302,999.994485,999.994911,999.995461,999.995985,999.996585,999.997380,999.997603,999.997785,999.998561,999.999032,999.999430,999.999879,1000.000144,1000.000259,1000.000029,999.999774,1000.001119,1000.002091,1000.002589,1000.002466,1000.001397,0.000000,0.000000,0.000000,0.000000,0.000000,0.000000,0.000000,0.000000,0.000000,0.000000,0.000000,0.000000,0.000000,0.000000,0.000000,0.000000,0.000000,0.000000,0.000000,0.000000,0.000000,0.000000,0.000000,0.000000,0.000000,0.000000,0.000000,0.000000,0.000000,0.000000,0.000000,0.000000,0.000000,0.000000,0.000000,0.000000,0.000000
0.000000,0.000000,0.000000,0.000000,0.000000,0.000000,0.000000,0.000000,0.000000,0.000000,0.000000,0.000000,0.000000,0.000000,0.000000,0.000000,0.000000,0.000000,0.000000,0.000000,0.000000,0.000000,0.000000,0.000000,0.000000,0.000000,0.000000,0.000000,0.000000,0.000000,0.000000,0.000000,0.000000,0.000000,999.990315,999.988783,999.989708,999.991791,999.991429,999.991259,999.991675,999.993036,999.993837,999.994112,999.994359,999.994662,999.995006,999.995487,999.996052,999.996522,999.997064,999.997485,999.997930,999.998407,999.998849,999.999255,999.999590,999.999932,1000.000155,1000.000288,1000.000383,1000.000929,1000.001750,1000.001903,1000.001849,1000.001571,1000.002627,1000.003042,1000.002360,0.000000,0.000000,0.000000,0.000000,0.000000,0.000000,0.000000,0.000000,0.000000,0.000000,0.000000,0.000000,0.000000,0.000000,0.000000,0.000000,0.000000,0.000000,0.000000,0.000000,0.000000,0.000000,0.000000,0.000000,0.000000,0.000000,0.000000,0.000000,0.000000,0.000000,0.000000,0.000000,0.000000,0.000000
0.000000,0.000000,0.000000,0.000000,0.000000,0.000000,0.000000,0.000000,0.000000,0.000000,0.000000,0.000000,0.000000,0.000000,0.000000,0.000000,0.000000,0.000000,0.000000,0.000000,0.000000,0.000000,0.000000,0.000000,0.000000,0.000000,0.000000,0.000000,0.000000,0.000000,0.000000,0.000000,999.989559,999.988264,999.989981,999.989882,999.990466,999.990987,999.991198,999.991613,999.992102,999.992840,999.993291,999.993834,999.994247,999.994654,999.995059,999.995500,999.995999,999.996552,999.996947,999.997476,999.997921,999.998403,999.998769,999.999201,999.999472,999.999789,1000.000087,1000.000368,1000.000698,1000.000958,1000.001358,1000.001650,1000.001869,1000.001997,1000.002176,1000.002435,1000.002404,1000.003162,1000.002538,0.000000,0.000000,0.000000,0.000000,0.000000,0.000000,0.000000,0.000000,0.000000,0.000000,0.000000,0.000000,0.000000,0.000000,0.000000,0.000000,0.000000,0.000000,0.000000,0.000000,0.000000,0.000000,0.000000,0.000000,0.000000,0.000000,0.000000,0.000000,0.000000,0.000000,0.000000,0.000000
0.000000,0.000000,0.000000,0.000000,0.000000,0.000000,0.000000,0.000000,0.000000,0.000000,0.000000,0.000000,0.000000,0.000000,0.000000,0.000000,0.000000,0.000000,0.000000,0.000000,0.000000,0.000000,0.000000,0.000000,0.000000,0.000000,0.000000,0.000000,0.000000,0.000000,999.988150,999.986820,999.988892,999.989435,999.989697,999.989862,999.990301,999.990701,999.991240,999.991685,999.992160,999.992685,999.993247,999.993771,999.994176,999.994640,999.995125,999.995535,999.996014,999.996518,999.996948,999.997436,999.997896,999.998261,999.998731,999.999114,999.999498,999.999793,1000.000061,1000.000341,1000.000733,1000.000981,1000.001246,1000.001528,1000.001729,1000.002066,1000.002209,1000.002395,1000.002447,1000.002620,1000.002804,1000.003673,1000.003168,0.000000,0.000000,0.000000,0.000000,0.000000,0.000000,0.000000,0.000000,0.000000,0.000000,0.000000,0.000000,0.000000,0.000000,0.000000,0.000000,0.000000,0.000000,0.000000,0.000000,0.000000,0.000000,0.000000,0.000000,0.000000,0.000000,0.000000,0.000000,0.000000,0.000000
0.000000,0.000000,0.000000,0.000000,0.000000,0.000000,0.000000,0.000000,0.000000,0.000000,0.000000,0.000000,0.000000,0.000000,0.000000,0.000000,0.000000,0.000000,0.000000,0.000000,0.000000,0.000000,0.000000,0.000000,0.000000,0.000000,0.000000,0.000000,999.986671,999.985473,999.987526,999.988244,999.988624,999.989022,999.989270,999.989816,999.990305,999.990693,999.991149,999.991640,999.992116,999.992615,999.993179,999.993677,999.994123,999.994604,999.995030,999.995571,999.996020,999.996446,999.996967,999.997412,999.997822,999.998237,999.998648,999.999046,999.999377,999.999762,1000.000085,1000.000369,1000.000678,1000.000958,1000.001313,1000.001535,1000.001780,1000.001961,1000.002208,1000.002366,1000.002574,1000.002675,1000.002848,1000.002997,1000.003286,1000.004033,1000.003637,0.000000,0.000000,0.000000,0.000000,0.000000,0.000000,0.000000,0.000000,0.000000,0.000000,0.000000,0.000000,0.000000,0.000000,0.000000,0.000000,0.000000,0.000000,0.000000,0.000000,0.000000,0.000000,0.000000,0.000000,0.000000,0.000000,0.000000,0.000000
0.000000,0.000000,0.000000,0.000000,0.000000,0.000000,0.000000,0.000000,0.000000,0.000000,0.000000,0.000000,0.000000,0.000000,0.000000,0.000000,0.000000,0.000000,0.000000,0.000000,0.000000,0.000000,0.000000,0.000000,0.000000,0.000000,999.985303,999.984386,999.986250,999.986930,999.987352,999.987876,999.988233,999.988852,999.989252,999.989781,999.990192,999.990607,999.991040,999.991614,999.992105,999.992588,999.993037,999.993536,999.994137,999.994606,999.995053,999.995559,999.996032,999.996456,999.996980,999.997424,999.997847,999.998308,999.998737,999.999064,999.999434,999.999742,1000.000113,1000.000412,1000.000730,1000.000973,1000.001313,1000.001539,1000.001801,1000.001960,1000.002166,1000.002370,1000.002566,1000.002771,1000.002967,1000.003121,1000.003297,1000.003483,1000.003709,1000.004269,1000.004017,0.000000,0.000000,0.000000,0.000000,0.000000,0.000000,0.000000,0.000000,0.000000,0.000000,0.000000,0.000000,0.000000,0.000000,0.000000,0.000000,0.000000,0.000000,0.000000,0.000000,0.000000,0.000000,0.000000,0.000000,0.000000,0.000000
0.000000,0.000000,0.000000,0.000000,0.000000,0.000000,0.000000,0.000000,0.000000,0.000000,0.000000,0.000000,0.000000,0.000000,0.000000,0.000000,0.000000,0.000000,0.000000,0.000000,0.000000,0.000000,0.000000,0.000000,999.984457,999.983704,999.985157,999.985749,999.986170,999.986680,999.987091,999.987688,999.988184,999.988625,999.989159,999.989583,999.990043,999.990515,999.991033,999.991569,999.992022,999.992531,999.993085,999.993599,999.994116,999.994558,999.995075,999.995557,999.996044,999.996509,999.996980,999.997418,999.997870,999.998269,999.998678,999.999093,999.999502,999.999821,1000.000080,1000.000444,1000.000732,1000.001075,1000.001266,1000.001541,1000.001760,1000.002048,1000.002188,1000.002394,1000.002597,1000.002806,1000.002975,1000.003097,1000.003327,1000.003516,1000.003701,1000.003796,1000.003998,1000.004489,1000.004225,0.000000,0.000000,0.000000,0.000000,0.000000,0.000000,0.000000,0.000000,0.000000,0.000000,0.000000,0.000000,0.000000,0.000000,0.000000,0.000000,0.000000,0.000000,0.000000,0.000000,0.000000,0.000000,0.000000,0.000000
0.000000,0.000000,0.000000,0.000000,0.000000,0.000000,0.000000,0.000000,0.000000,0.000000,0.000000,0.000000,0.000000,0.000000,0.000000,0.000000,0.000000,0.000000,0.000000,0.000000,0.000000,0.000000,0.000000,999.984665,999.984420,999.984778,999.985208,999.985648,999.986004,999.986542,999.987111,999.987567,999.988062,999.988508,999.989051,999.989495,999.990007,999.990484,999.991036,999.991411,999.991954,999.992501,999.993046,999.993526,999.994080,999.994530,999.995080,999.995578,999.996068,999.996568,999.996983,999.997515,999.997948,999.998357,999.998690,999.999144,999.999497,999.999869,1000.000193,1000.000501,1000.000794,1000.001084,1000.001354,1000.001568,1000.001822,1000.002094,1000.002301,1000.002463,1000.002625,1000.002815,1000.003017,1000.003200,1000.003341,1000.003497,1000.003710,1000.003873,1000.003950,1000.004077,1000.004197,1000.004108,0.000000,0.000000,0.000000,0.000000,0.000000,0.000000,0.000000,0.000000,0.000000,0.000000,0.000000,0.000000,0.000000,0.000000,0.000000,0.000000,0.000000,0.000000,0.000000,0.000000,0.000000,0.000000,0.000000
0.000000,0.000000,0.000000,0.000000,0.000000,0.000000,0.000000,0.000000,0.000000,0.000000,0.000000,0.000000,0.000000,0.000000,0.000000,0.000000,0.000000,0.000000,0.000000,0.000000,0.000000,999.983144,999.982692,999.984250,999.984609,999.984953,999.985157,999.985606,999.986017,999.986522,999.987062,999.987447,999.987970,999.988442,999.988914,999.989409,999.989873,999.990367,999.990871,999.991386,999.991984,999.992519,999.992974,999.993495,999.994040,999.994565,999.995104,999.995606,999.996115,999.996597,999.997083,999.997497,999.998020,999.998394,999.998832,999.999212,999.999572,999.999874,1000.000290,1000.000624,1000.000890,1000.001107,1000.001443,1000.001670,1000.001894,1000.002109,1000.002298,1000.002533,1000.002682,1000.002831,1000.003033,1000.003227,1000.003355,1000.003498,1000.003654,1000.003800,1000.003984,1000.004020,1000.004087,1000.004236,1000.004677,1000.004561,0.000000,0.000000,0.000000,0.000000,0.000000,0.000000,0.000000,0.000000,0.000000,0.000000,0.000000,0.000000,0.000000,0.000000,0.000000,0.000000,0.000000,0.000000,0.000000,0.000000,0.000000
0.000000,0.000000,0.000000,0.000000,0.000000,0.000000,0.000000,0.000000,0.000000,0.000000,0.000000,0.000000,0.000000,0.000000,0.000000,0.000000,0.000000,0.000000,0.000000,0.000000,999.983432,999.983347,999.983684,999.984134,999.984505,999.984879,999.985198,999.985592,999.986031,999.986515,999.986895,999.987309,999.987819,999.988320,999.988805,999.989252,999.989793,999.990308,999.990801,999.991393,999.991884,999.992405,999.992990,999.993561,999.994036,999.994641,999.995170,999.995675,999.996157,999.996699,999.997190,999.997588,999.998063,999.998525,999.998925,999.999312,999.999680,1000.000028,1000.000339,1000.000653,1000.000971,1000.001236,1000.001507,1000.001780,1000.001956,1000.002184,1000.002396,1000.002578,1000.002743,1000.002974,1000.003100,1000.003255,1000.003394,1000.003557,1000.003649,1000.003789,1000.003923,1000.004067,1000.004110,1000.004243,1000.004378,1000.004430,1000.004434,0.000000,0.000000,0.000000,0.000000,0.000000,0.000000,0.000000,0.000000,0.000000,0.000000,0.000000,0.000000,0.000000,0.000000,0.000000,0.000000,0.000000,0.000000,0.000000,0.000000
0.000000,0.000000,0.000000,0.000000,0.000000,0.000000,0.000000,0.000000,0.000000,0.000000,0.000000,0.000000,0.000000,0.000000,0.000000,0.000000,0.000000,0.000000,0.000000,999.983114,999.983357,999.983548,999.983884,999.984070,999.984503,999.984796,999.985231,999.985608,999.985982,999.986403,999.986759,999.987266,999.987770,999.988191,999.988651,999.989155,999.989707,999.990241,999.990771,999.991305,999.991812,999.992326,999.993014,999.993555,999.994096,999.994635,999.995227,999.995693,999.996222,999.996753,999.997266,999.997698,999.998152,999.998630,999.999035,999.999384,999.999796,1000.000194,1000.000503,1000.000741,1000.001108,1000.001379,1000.001585,1000.001861,1000.002057,1000.002254,1000.002472,1000.002687,1000.002809,1000.002985,1000.003132,1000.003262,1000.003472,1000.003581,1000.003712,1000.003777,1000.003920,1000.004014,1000.004081,1000.004204,1000.004289,1000.004350,1000.004453,1000.004530,0.000000,0.000000,0.000000,0.000000,0.000000,0.000000,0.000000,0.000000,0.000000,0.000000,0.000000,0.000000,0.000000,0.000000,0.000000,0.000000,0.000000,0.000000,0.000000
0.000000,0.000000,0.000000,0.000000,0.000000,0.000000,0.000000,0.000000,0.000000,0.000000,0.000000,0.000000,0.000000,0.000000,0.000000,0.000000,0.000000,0.000000,999.982866,999.983112,999.983410,999.983688,999.983897,999.984206,999.984514,999.984842,999.985225,999.985533,999.985874,999.986297,999.986699,999.987187,999.987613,999.988033,999.988574,999.989057,999.989583,999.990093,999.990661,999.991263,999.991794,999.992409,999.992934,999.993505,999.994085,999.994714,999.995229,999.995799,999.996357,999.996892,999.997351,999.997877,999.998313,999.998736,999.999181,999.999586,999.999939,1000.000281,1000.000616,1000.000927,1000.001183,1000.001507,1000.001711,1000.001981,1000.002199,1000.002352,1000.002559,1000.002775,1000.002953,1000.003059,1000.003222,1000.003317,1000.003478,1000.003593,1000.003737,1000.003811,1000.003878,1000.004064,1000.004095,1000.004196,1000.004258,1000.004331,1000.004358,1000.004472,1000.004577,0.000000,0.000000,0.000000,0.000000,0.000000,0.000000,0.000000,0.000000,0.000000,0.000000,0.000000,0.000000,0.000000,0.000000,0.000000,0.000000,0.000000,0.000000
0.000000,0.000000,0.000000,0.000000,0.000000,0.000000,0.000000,0.000000,0.000000,0.000000,0.000000,0.000000,0.000000,0.000000,0.000000,0.000000,0.000000,999.982633,999.982955,999.983232,999.983490,999.983709,999.983972,999.984246,999.984523,999.984831,999.985175,999.985455,999.985826,999.986271,999.986624,999.987050,999.987459,999.987964,999.988456,999.988995,999.989445,999.990004,999.990564,999.991104,999.991750,999.992394,999.992916,999.993546,999.994169,999.994768,999.995292,999.995938,999.996476,999.996985,999.997481,999.998037,999.998499,999.998915,999.999330,999.999782,1000.000085,1000.000447,1000.000810,1000.001127,1000.001376,1000.001628,1000.001882,1000.002112,1000.002350,1000.002562,1000.002690,1000.002816,1000.003026,1000.003160,1000.003325,1000.003449,1000.003503,1000.003641,1000.003767,1000.003887,1000.003924,1000.004001,1000.004157,1000.004185,1000.004293,1000.004288,1000.004392,1000.004400,1000.004525,1000.004636,0.000000,0.000000,0.000000,0.000000,0.000000,0.000000,0.000000,0.000000,0.000000,0.000000,0.000000,0.000000,0.000000,0.000000,0.000000,0.000000,0.000000
0.000000,0.000000,0.000000,0.000000,0.000000,0.000000,0.000000,0.000000,0.000000,0.000000,0.000000,0.000000,0.000000,0.000000,0.000000,0.000000,999.982599,999.982809,999.983096,999.983334,999.983542,999.983795,999.984035,999.984299,999.984566,999.984846,999.985127,999.985369,999.985817,999.986120,999.986455,999.986923,999.987324,999.987810,999.988238,999.988768,999.989333,999.989915,999.990454,999.991027,999.991715,999.992349,999.992945,999.993593,999.994250,999.994811,999.995439,999.996045,999.996611,999.997141,999.997697,999.998184,999.998664,999.999108,999.999513,999.999930,1000.000291,1000.000646,1000.000960,1000.001307,1000.001540,1000.001821,1000.002056,1000.002227,1000.002440,1000.002679,1000.002823,1000.002944,1000.003134,1000.003234,1000.003388,1000.003490,1000.003630,1000.003666,1000.003811,1000.003863,1000.003982,1000.003972,1000.004067,1000.004110,1000.004233,1000.004303,1000.004339,1000.004429,1000.004481,1000.004561,1000.004639,0.000000,0.000000,0.000000,0.000000,0.000000,0.000000,0.000000,0.000000,0.000000,0.000000,0.000000,0.000000,0.000000,0.000000,0.000000,0.000000
0.000000,0.000000,0.000000,0.000000,0.000000,0.000000,0.000000,0.000000,0.000000,0.000000,0.000000,0.000000,0.000000,0.000000,0.000000,999.982633,999.982809,999.983027,999.983276,999.983481,999.983673,999.983932,999.984082,999.984284,999.984517,999.984784,999.984991,999.985351,999.985698,999.985947,999.986383,999.986745,999.987199,999.987592,999.988124,999.988615,999.989218,999.989738,999.990394,999.991043,999.991670,999.992270,999.992935,999.993648,999.994251,999.994910,999.995555,999.996175,999.996753,999.997320,999.997885,999.998381,999.998875,999.999349,999.999761,1000.000163,1000.000589,1000.000906,1000.001166,1000.001484,1000.001735,1000.002016,1000.002234,1000.002439,1000.002605,1000.002798,1000.002966,1000.003148,1000.003252,1000.003372,1000.003490,1000.003590,1000.003654,1000.003786,1000.003827,1000.003918,1000.003994,1000.004099,1000.004127,1000.004206,1000.004222,1000.004297,1000.004377,1000.004314,1000.004428,1000.004522,1000.004543,1000.004633,0.000000,0.000000,0.000000,0.000000,0.000000,0.000000,0.000000,0.000000,0.000000,0.000000,0.000000,0.000000,0.000000,0.000000,0.000000
0.000000,0.000000,0.000000,0.000000,0.000000,0.000000,0.000000,0.000000,0.000000,0.000000,0.000000,0.000000,0.000000,0.000000,999.982866,999.982955,999.983096,999.983276,999.983431,999.983529,999.983737,999.983910,999.984076,999.984310,999.984585,999.984770,999.985012,999.985300,999.985552,999.985848,999.986201,999.986562,999.986945,999.987431,999.987974,999.988468,999.989006,999.989606,999.990288,999.990919,999.991538,999.992189,999.992975,999.993692,999.994359,999.995046,999.995743,999.996328,999.996959,999.997559,999.998120,999.998629,999.999097,999.999606,1000.000033,1000.000382,1000.000784,1000.001125,1000.001410,1000.001737,1000.002029,1000.002232,1000.002428,1000.002671,1000.002849,1000.002983,1000.003144,1000.003254,1000.003352,1000.003493,1000.003576,1000.003709,1000.003772,1000.003815,1000.003888,1000.003970,1000.004020,1000.004054,1000.004136,1000.004152,1000.004234,1000.004241,1000.004331,1000.004385,1000.004379,1000.004432,1000.004475,1000.004536,1000.004579,0.000000,0.000000,0.000000,0.000000,0.000000,0.000000,0.000000,0.000000,0.000000,0.000000,0.000000,0.000000,0.000000,0.000000
0.000000,0.000000,0.000000,0.000000,0.000000,0.000000,0.000000,0.000000,0.000000,0.000000,0.000000,0.000000,0.000000,999.983114,999.983112,999.983232,999.983334,999.983481,999.983529,999.983716,999.983951,999.984008,999.984193,999.984380,999.984552,999.984665,999.984903,999.985129,999.985367,999.985656,999.986019,999.986360,999.986760,999.987255,999.987685,999.988207,999.988797,999.989447,999.990079,999.990758,999.991486,999.992258,999.993018,999.993676,999.994424,999.995150,999.995862,999.996501,999.997192,999.997791,999.998362,999.998903,999.999396,999.999866,1000.000324,1000.000711,1000.001049,1000.001424,1000.001730,1000.001948,1000.002213,1000.002458,1000.002663,1000.002876,1000.002982,1000.003153,1000.003298,1000.003442,1000.003527,1000.003613,1000.003695,1000.003756,1000.003877,1000.003926,1000.003997,1000.004042,1000.004082,1000.004102,1000.004121,1000.004188,1000.004194,1000.004237,1000.004292,1000.004322,1000.004391,1000.004404,1000.004411,1000.004476,1000.004487,1000.004519,0.000000,0.000000,0.000000,0.000000,0.000000,0.000000,0.000000,0.000000,0.000000,0.000000,0.000000,0.000000,0.000000
0.000000,0.000000,0.000000,0.000000,0.000000,0.000000,0.000000,0.000000,0.000000,0.000000,0.000000,0.000000,999.983432,999.983357,999.983410,999.983490,999.983542,999.983673,999.983737,999.983951,999.984000,999.984059,999.984198,999.984342,999.984453,999.984639,999.984837,999.985035,999.985240,999.985529,999.985791,999.986140,999.986552,999.986924,999.987393,999.987955,999.988582,999.989251,999.989863,999.990640,999.991436,999.992248,999.992997,999.993746,999.994573,999.995323,999.996084,999.996782,999.997475,999.998067,999.998657,999.999224,999.999757,1000.000179,1000.000629,1000.001028,1000.001389,1000.001738,1000.002035,1000.002288,1000.002486,1000.002746,1000.002943,1000.003090,1000.003218,1000.003377,1000.003485,1000.003598,1000.003710,1000.003791,1000.003849,1000.003909,1000.003940,1000.004003,1000.003999,1000.004070,1000.004089,1000.004165,1000.004179,1000.004172,1000.004239,1000.004248,1000.004245,1000.004311,1000.004299,1000.004377,1000.004336,1000.004410,1000.004446,1000.004465,1000.004442,0.000000,0.000000,0.000000,0.000000,0.000000,0.000000,0.000000,0.000000,0.000000,0.000000,0.000000,0.000000
0.000000,0.000000,0.000000,0.000000,0.000000,0.000000,0.000000,0.000000,0.000000,0.000000,0.000000,999.983144,999.983347,999.983548,999.983688,999.983709,999.983795,999.983932,999.983910,999.984008,999.984059,999.984134,999.984347,999.984410,999.984483,999.984606,999.984695,999.984864,999.985031,999.985265,999.985487,999.985841,999.986168,999.986593,999.987136,999.987708,999.988300,999.988964,999.989693,999.990528,999.991313,999.992123,999.992979,999.993851,999.994729,999.995524,999.996296,999.997029,999.997720,999.998379,999.999035,999.999597,1000.000125,1000.000568,1000.000995,1000.001358,1000.001717,1000.002010,1000.002310,1000.002613,1000.002822,1000.002993,1000.003166,1000.003351,1000.003503,1000.003639,1000.003714,1000.003779,1000.003843,1000.003927,1000.003998,1000.004033,1000.004077,1000.004130,1000.004137,1000.004140,1000.004174,1000.004167,1000.004233,1000.004237,1000.004184,1000.004263,1000.004234,1000.004265,1000.004259,1000.004307,1000.004317,1000.004326,1000.004337,1000.004396,1000.004464,1000.004587,0.000000,0.000000,0.000000,0.000000,0.000000,0.000000,0.000000,0.000000,0.000000,0.000000,0.000000
0.000000,0.000000,0.000000,0.000000,0.000000,0.000000,0.000000,0.000000,0.000000,0.000000,0.000000,999.982692,999.983684,999.983884,999.983897,999.983972,999.984035,999.984082,999.984076,999.984193,999.984198,999.984347,999.984389,999.984269,999.984392,999.984465,999.984537,999.984708,999.984850,999.985006,999.985230,999.985503,999.985806,999.986251,999.986737,999.987278,999.987931,999.988631,999.989477,999.990315,999.991160,999.992107,999.993029,999.993955,999.994841,999.995749,999.996524,999.997342,999.998090,999.998768,999.999365,999.999908,1000.000447,1000.000974,1000.001398,1000.001787,1000.002143,1000.002400,1000.002688,1000.002955,1000.003153,1000.003316,1000.003482,1000.003625,1000.003722,1000.003816,1000.003914,1000.004002,1000.004073,1000.004086,1000.004118,1000.004141,1000.004158,1000.004200,1000.004227,1000.004241,1000.004225,1000.004185,1000.004214,1000.004265,1000.004238,1000.004229,1000.004238,1000.004253,1000.004246,1000.004258,1000.004257,1000.004278,1000.004320,1000.004326,1000.004417,1000.004655,0.000000,0.000000,0.000000,0.000000,0.000000,0.000000,0.000000,0.000000,0.000000,0.000000,0.000000
0.000000,0.000000,0.000000,0.000000,0.000000,0.000000,0.000000,0.000000,0.000000,0.000000,999.984665,999.984250,999.984134,999.984070,999.984206,999.984246,999.984299,999.984284,999.984310,999.984380,999.984342,999.984410,999.984269,999.984296,999.984510,999.984463,999.984512,999.984537,999.984527,999.984658,999.984883,999.985087,999.985383,999.985813,999.986265,999.986840,999.987534,999.988296,999.989152,999.990050,999.991020,999.992053,999.993073,999.994080,999.995048,999.995993,999.996852,999.997753,999.998531,999.999259,999.999893,1000.000456,1000.000961,1000.001404,1000.001868,1000.002201,1000.002578,1000.002836,1000.003078,1000.003277,1000.003500,1000.003674,1000.003817,1000.003926,1000.004017,1000.004075,1000.004141,1000.004186,1000.004268,1000.004283,1000.004296,1000.004327,1000.004303,1000.004302,1000.004285,1000.004289,1000.004328,1000.004268,1000.004210,1000.004227,1000.004233,1000.004215,1000.004195,1000.004196,1000.004196,1000.004192,1000.004207,1000.004221,1000.004220,1000.004266,1000.004307,1000.004251,1000.004144,0.000000,0.000000,0.000000,0.000000,0.000000,0.000000,0.000000,0.000000,0.000000,0.000000
0.000000,0.000000,0.000000,0.000000,0.000000,0.000000,0.000000,0.000000,0.000000,999.984457,999.984420,999.984609,999.984505,999.984503,999.984514,999.984523,999.984566,999.984517,999.984585,999.984552,999.984453,999.984483,999.984392,999.984510,999.984415,999.984149,999.984245,999.984216,999.984249,999.984408,999.984498,999.984629,999.984922,999.985283,999.985713,999.986294,999.986992,999.987825,999.988768,999.989791,999.990863,999.991974,999.993084,999.994228,999.995289,999.996317,999.997266,999.998152,999.998880,999.999603,1000.000298,1000.000941,1000.001489,1000.001892,1000.002325,1000.002668,1000.002958,1000.003257,1000.003527,1000.003675,1000.003846,1000.004002,1000.004095,1000.004205,1000.004330,1000.004369,1000.004455,1000.004412,1000.004442,1000.004473,1000.004464,1000.004471,1000.004455,1000.004424,1000.004381,1000.004336,1000.004361,1000.004370,1000.004309,1000.004250,1000.004249,1000.004230,1000.004217,1000.004192,1000.004162,1000.004179,1000.004102,1000.004165,1000.004162,1000.004153,1000.004198,1000.004162,1000.004225,1000.004270,0.000000,0.000000,0.000000,0.000000,0.000000,0.000000,0.000000,0.000000,0.000000
0.000000,0.000000,0.000000,0.000000,0.000000,0.000000,0.000000,0.000000,0.000000,999.983704,999.984778,999.984953,999.984879,999.984796,999.984842,999.984831,999.984846,999.984784,999.984770,999.984665,999.984639,999.984606,999.984465,999.984463,999.984149,999.984133,999.984328,999.984098,999.984044,999.983980,999.983911,999.984010,999.984293,999.984559,999.984992,999.985646,999.986383,999.987309,999.988311,999.989430,999.990641,999.991889,999.993157,999.994368,999.995535,999.996681,999.997756,999.998698,999.999546,1000.000314,1000.000890,1000.001510,1000.002028,1000.002459,1000.002861,1000.003233,1000.003488,1000.003736,1000.003974,1000.004137,1000.004298,1000.004384,1000.004524,1000.004545,1000.004605,1000.004626,1000.004680,1000.004677,1000.004650,1000.004658,1000.004644,1000.004601,1000.004556,1000.004554,1000.004517,1000.004435,1000.004397,1000.004359,1000.004334,1000.004310,1000.004213,1000.004203,1000.004181,1000.004130,1000.004094,1000.004142,1000.004091,1000.004046,1000.004077,1000.004070,1000.004071,1000.004109,1000.004160,1000.004494,0.000000,0.000000,0.000000,0.000000,0.000000,0.000000,0.000000,0.000000,0.000000
0.000000,0.000000,0.000000,0.000000,0.000000,0.000000,0.000000,0.000000,999.985303,999.985157,999.985208,999.985157,999.985198,999.985231,999.985225,999.985175,999.985127,999.984991,999.985012,999.984903,999.984837,999.984695,999.984537,999.984512,999.984245,999.984328,999.984017,999.983538,999.983537,999.983454,999.983410,999.983532,999.983636,999.983783,999.984245,999.984863,999.985576,999.986549,999.987703,999.988987,999.990395,999.991842,999.993285,999.994678,999.995988,999.997144,999.998235,999.999177,1000.000084,1000.000936,1000.001604,1000.002173,1000.002654,1000.003097,1000.003455,1000.003766,1000.004055,1000.004253,1000.004410,1000.004549,1000.004692,1000.004797,1000.004836,1000.004927,1000.004913,1000.004947,1000.004928,1000.004952,1000.004890,1000.004846,1000.004804,1000.004774,1000.004708,1000.004665,1000.004615,1000.004548,1000.004467,1000.004387,1000.004343,1000.004326,1000.004231,1000.004187,1000.004173,1000.004140,1000.004037,1000.004060,1000.004032,1000.004023,1000.004011,1000.003988,1000.003975,1000.004023,1000.004044,1000.004093,1000.004073,0.000000,0.000000,0.000000,0.000000,0.000000,0.000000,0.000000,0.000000
0.000000,0.000000,0.000000,0.000000,0.000000,0.000000,0.000000,0.000000,999.984386,999.985749,999.985648,999.985606,999.985592,999.985608,999.985533,999.985455,999.985369,999.985351,999.985300,999.985129,999.985035,999.984864,999.984708,999.984537,999.984216,999.984098,999.983538,999.983421,999.983545,999.983144,999.982885,999.982743,999.982590,999.982742,999.983222,999.983763,999.984575,999.985705,999.987035,999.988479,999.990080,999.991703,999.993280,999.994909,999.996430,999.997804,999.999003,1000.000029,1000.000839,1000.001601,1000.002290,1000.002859,1000.003335,1000.003772,1000.004081,1000.004349,1000.004600,1000.004792,1000.004943,1000.005088,1000.005146,1000.005214,1000.005216,1000.005266,1000.005267,1000.005246,1000.005221,1000.005187,1000.005121,1000.005070,1000.005010,1000.004937,1000.004839,1000.004777,1000.004699,1000.004613,1000.004578,1000.004457,1000.004377,1000.004337,1000.004273,1000.004184,1000.004090,1000.004079,1000.004047,1000.003980,1000.003954,1000.003900,1000.003932,1000.003911,1000.003880,1000.003892,1000.003914,1000.003921,1000.004370,0.000000,0.000000,0.000000,0.000000,0.000000,0.000000,0.000000,0.000000
0.000000,0.000000,0.000000,0.000000,0.000000,0.000000,0.000000,999.986671,999.986250,999.986170,999.986004,999.986017,999.986031,999.985982,999.985874,999.985826,999.985817,999.985698,999.985552,999.985367,999.985240,999.985031,999.984850,999.984527,999.984249,999.984044,999.983537,999.983545,999.983029,999.982122,999.981944,999.981768,999.981640,999.981811,999.982101,999.982508,999.983383,999.984629,999.986090,999.987798,999.989792,999.991798,999.993649,999.995386,999.996975,999.998368,999.999647,1000.000856,1000.001806,1000.002535,1000.003181,1000.003684,1000.004126,1000.004500,1000.004807,1000.005021,1000.005220,1000.005374,1000.005483,1000.005577,1000.005625,1000.005651,1000.005683,1000.005631,1000.005621,1000.005548,1000.005506,1000.005426,1000.005360,1000.005266,1000.005197,1000.005099,1000.004995,1000.004879,1000.004806,1000.004682,1000.004612,1000.004512,1000.004435,1000.004308,1000.004259,1000.004194,1000.004103,1000.004025,1000.003955,1000.003894,1000.003880,1000.003862,1000.003773,1000.003797,1000.003795,1000.003759,1000.003797,1000.003787,1000.003782,1000.003659,0.000000,0.000000,0.000000,0.000000,0.000000,0.000000,0.000000
0.000000,0.000000,0.000000,0.000000,0.000000,0.000000,0.000000,999.985473,999.986930,999.986680,999.986542,999.986522,999.986515,999.986403,999.986297,999.986271,999.986120,999.985947,999.985848,999.985656,999.985529,999.985265,999.985006,999.984658,999.984408,999.983980,999.983454,999.983144,999.982122,999.981714,999.981813,999.981153,999.980577,999.980374,999.980243,999.980672,999.981791,999.983177,999.984905,999.987010,999.989216,999.991592,999.993931,999.996077,999.998001,999.999513,1000.000709,1000.001767,1000.002716,1000.003454,1000.004078,1000.004547,1000.004943,1000.005273,1000.005521,1000.005721,1000.005880,1000.005985,1000.006033,1000.006077,1000.006098,1000.006082,1000.006085,1000.006024,1000.005965,1000.005892,1000.005811,1000.005718,1000.005638,1000.005492,1000.005362,1000.005266,1000.005118,1000.005040,1000.004908,1000.004785,1000.004663,1000.004534,1000.004466,1000.004344,1000.004222,1000.004157,1000.004061,1000.004015,1000.003941,1000.003838,1000.003810,1000.003724,1000.003686,1000.003693,1000.003675,1000.003625,1000.003640,1000.003644,1000.003581,1000.004109,0.000000,0.000000,0.000000,0.000000,0.000000,0.000000,0.000000
0.000000,0.000000,0.000000,0.000000,0.000000,0.000000,999.988150,999.987526,999.987352,999.987091,999.987111,999.987062,999.986895,999.986759,999.986699,999.986624,999.986455,999.986383,999.986201,999.986019,999.985791,999.985487,999.985230,999.984883,999.984498,999.983911,999.983410,999.982885,999.981944,999.981813,999.980932,999.979242,999.978766,999.978440,999.978376,999.978971,999.979834,999.981227,999.983475,999.986163,999.988944,999.991750,999.994363,999.996667,999.998731,1000.000623,1000.002055,1000.003100,1000.003924,1000.004600,1000.005129,1000.005574,1000.005888,1000.006137,1000.006322,1000.006471,1000.006555,1000.006619,1000.006649,1000.006650,1000.006630,1000.006578,1000.006480,1000.006439,1000.006339,1000.006224,1000.006121,1000.005947,1000.005844,1000.005737,1000.005556,1000.005469,1000.005279,1000.005117,1000.005015,1000.004865,1000.004712,1000.004582,1000.004458,1000.004341,1000.004217,1000.004134,1000.004030,1000.003894,1000.003844,1000.003802,1000.003724,1000.003686,1000.003592,1000.003590,1000.003502,1000.003484,1000.003448,1000.003501,1000.003439,1000.003364,1000.003297,0.000000,0.000000,0.000000,0.000000,0.000000,0.000000
0.000000,0.000000,0.000000,0.000000,0.000000,0.000000,999.986820,999.988244,999.987876,999.987688,999.987567,999.987447,999.987309,999.987266,999.987187,999.987050,999.986923,999.986745,999.986562,999.986360,999.986140,999.985841,999.985503,999.985087,999.984629,999.984010,999.983532,999.982743,999.981768,999.981153,999.979242,999.978182,999.978221,999.977065,999.976217,999.976099,999.976859,999.978623,999.981373,999.984873,999.988541,999.992174,999.995604,999.998340,1000.000317,1000.001990,1000.003403,1000.004455,1000.005248,1000.005821,1000.006288,1000.006604,1000.006857,1000.007030,1000.007157,1000.007258,1000.007256,1000.007290,1000.007269,1000.007215,1000.007144,1000.007062,1000.006964,1000.006829,1000.006728,1000.006558,1000.006421,1000.006278,1000.006086,1000.005938,1000.005752,1000.005602,1000.005439,1000.005232,1000.005070,1000.004948,1000.004774,1000.004623,1000.004499,1000.004332,1000.004205,1000.004107,1000.003979,1000.003905,1000.003756,1000.003682,1000.003591,1000.003542,1000.003494,1000.003436,1000.003419,1000.003375,1000.003369,1000.003264,1000.003337,1000.003156,1000.003719,0.000000,0.000000,0.000000,0.000000,0.000000,0.000000
0.000000,0.000000,0.000000,0.000000,0.000000,999.989559,999.988892,999.988624,999.988233,999.988184,999.988062,999.987970,999.987819,999.987770,999.987613,999.987459,999.987324,999.987199,999.986945,999.986760,999.986552,999.986168,999.985806,999.985383,999.984922,999.984293,999.983636,999.982590,999.981640,999.980577,999.978766,999.978221,999.976561,999.973352,999.972220,999.972177,999.972740,999.975161,999.978743,999.982948,999.987846,999.992490,999.996497,999.999970,1000.002483,1000.004108,1000.005285,1000.006115,1000.006770,1000.007207,1000.007542,1000.007743,1000.007901,1000.007997,1000.008019,1000.008030,1000.008003,1000.007958,1000.007884,1000.007777,1000.007692,1000.007556,1000.007420,1000.007232,1000.007087,1000.006919,1000.006712,1000.006547,1000.006349,1000.006163,1000.005939,1000.005771,1000.005576,1000.005382,1000.005183,1000.004972,1000.004867,1000.004644,1000.004484,1000.004360,1000.004177,1000.004046,1000.003916,1000.003803,1000.003713,1000.003614,1000.003524,1000.003417,1000.003352,1000.003317,1000.003253,1000.003215,1000.003169,1000.003124,1000.003189,1000.003079,1000.002991,1000.002748,0.000000,0.000000,0.000000,0.000000,0.000000
0.000000,0.000000,0.000000,0.000000,0.000000,999.988264,999.989435,999.989022,999.988852,999.988625,999.988508,999.988442,999.988320,999.988191,999.988033,999.987964,999.987810,999.987592,999.987431,999.987255,999.986924,999.986593,999.986251,999.985813,999.985283,999.984559,999.983783,999.982742,999.981811,999.980374,999.978440,999.977065,999.973352,999.970631,999.969832,999.967970,999.968448,999.971203,999.975586,999.982090,999.988736,999.994478,999.999074,1000.002398,1000.004785,1000.006396,1000.007394,1000.008051,1000.008451,1000.008720,1000.008859,1000.008966,1000.008990,1000.008986,1000.008929,1000.008854,1000.008778,1000.008661,1000.008537,1000.008378,1000.008215,1000.008072,1000.007861,1000.007663,1000.007466,1000.007263,1000.007053,1000.006824,1000.006579,1000.006355,1000.006123,1000.005899,1000.005696,1000.005468,1000.005282,1000.005029,1000.004850,1000.004669,1000.004457,1000.004334,1000.004190,1000.003994,1000.003838,1000.003753,1000.003605,1000.003527,1000.003414,1000.003335,1000.003230,1000.003195,1000.003106,1000.003076,1000.003039,1000.002938,1000.002936,1000.002898,1000.002811,1000.003320,0.000000,0.000000,0.000000,0.000000,0.000000
0.000000,0.000000,0.000000,0.000000,999.990315,999.989981,999.989697,999.989270,999.989252,999.989159,999.989051,999.988914,999.988805,999.988651,999.988574,999.988456,999.988238,999.988124,999.987974,999.987685,999.987393,999.987136,999.986737,999.986265,999.985713,999.984992,999.984245,999.983222,999.982101,999.980243,999.978376,999.976217,999.972220,999.969832,999.965692,999.959926,999.958115,999.960549,999.967727,999.977841,999.988586,999.997745,1000.003538,1000.006553,1000.008262,1000.009231,1000.009814,1000.010130,1000.010256,1000.010298,1000.010257,1000.010191,1000.010099,1000.009975,1000.009839,1000.009714,1000.009545,1000.009367,1000.009186,1000.008995,1000.008753,1000.008554,1000.008341,1000.008094,1000.007855,1000.007601,1000.007355,1000.007092,1000.006833,1000.006603,1000.006326,1000.006058,1000.005818,1000.005580,1000.005338,1000.005120,1000.004907,1000.004672,1000.004469,1000.004282,1000.004075,1000.003977,1000.003790,1000.003624,1000.003497,1000.003376,1000.003294,1000.003229,1000.003105,1000.003009,1000.002979,1000.002911,1000.002924,1000.002848,1000.002805,1000.002808,1000.002640,1000.002637,1000.002596,0.000000,0.000000,0.000000,0.000000
0.000000,0.000000,0.000000,0.000000,999.988783,999.989882,999.989862,999.989816,999.989781,999.989583,999.989495,999.989409,999.989252,999.989155,999.989057,999.988995,999.988768,999.988615,999.988468,999.988207,999.987955,999.987708,999.987278,999.986840,999.986294,999.985646,999.984863,999.983763,999.982508,999.980672,999.978971,999.976099,999.972177,999.967970,999.959926,999.948874,999.944960,999.951749,999.962931,999.977188,999.993101,1000.003873,1000.008815,1000.011468,1000.012314,1000.012545,1000.012518,1000.012354,1000.012153,1000.011935,1000.011719,1000.011471,1000.011234,1000.010998,1000.010782,1000.010536,1000.010294,1000.010050,1000.009824,1000.009585,1000.009307,1000.009055,1000.008797,1000.008526,1000.008218,1000.007945,1000.007646,1000.007372,1000.007044,1000.006793,1000.006509,1000.006186,1000.005941,1000.005666,1000.005399,1000.005140,1000.004926,1000.004672,1000.004455,1000.004289,1000.004044,1000.003851,1000.003741,1000.003555,1000.003437,1000.003276,1000.003118,1000.003059,1000.002971,1000.002878,1000.002811,1000.002758,1000.002687,1000.002642,1000.002639,1000.002630,1000.002632,1000.002678,1000.003215,0.000000,0.000000,0.000000,0.000000
