0.000000,0.000000,0.000000,0.000000,0.000000,0.000000,0.000000,0.000000,0.000000,0.000000,0.000000,0.000000,0.000000,0.000000,0.000000,0.000000,0.000000,0.000000,0.000000,0.000000,0.000000,0.000000,0.000000,0.000000,0.000000,0.000000,0.000000,0.000000,0.000000,0.000000,0.000000,0.000000,0.000000,0.000000,0.000000,0.000000,0.000000,0.000000,0.000000,0.000000,0.000000,0.000000,0.000000,0.000000,0.000000,0.000000,0.000000,0.000000,0.000000,0.000000,0.000000,0.000000,0.000000,0.000000,0.000000,0.000000,0.000000,0.000000,0.000000,0.000000,0.000000,0.000000,0.000000,0.000000,0.000000,0.000000,0.000000,0.000000,0.000000,0.000000,0.000000,0.000000,0.000000,0.000000,0.000000,0.000000,0.000000,0.000000,0.000000,0.000000,0.000000,0.000000,0.000000,0.000000,0.000000,0.000000,0.000000,0.000000,0.000000,0.000000,0.000000,0.000000,0.000000,0.000000,0.000000,0.000000,0.000000,0.000000,0.000000,0.000000,0.000000,0.000000,0.000000
0.000000,0.000000,0.000000,0.000000,0.000000,0.000000,0.000000,0.000000,0.000000,0.000000,0.000000,0.000000,0.000000,0.000000,0.000000,0.000000,0.000000,0.000000,0.000000,0.000000,0.000000,0.000000,0.000000,0.000000,0.000000,0.000000,0.000000,0.000000,0.000000,0.000000,0.000000,0.000000,0.000000,0.000000,0.000000,0.000000,0.000000,0.000000,0.000000,0.000000,0.000000,0.000000,0.000000,0.000000,0.000000,0.000000,0.000000,0.000000,0.000000,0.000000,0.000000,1000.000081,0.000000,0.000000,0.000000,0.000000,0.000000,0.000000,0.000000,0.000000,0.000000,0.000000,0.000000,0.000000,0.000000,0.000000,0.000000,0.000000,0.000000,0.000000,0.000000,0.000000,0.000000,0.000000,0.000000,0.000000,0.000000,0.000000,0.000000,0.000000,0.000000,0.000000,0.000000,0.000000,0.000000,0.000000,0.000000,0.000000,0.000000,0.000000,0.000000,0.000000,0.000000,0.000000,0.000000,0.000000,0.000000,0.000000,0.000000,0.000000,0.000000,0.000000,0.000000
0.000000,0.000000,0.000000,0.000000,0.000000,0.000000,0.000000,0.000000,0.000000,0.000000,0.000000,0.000000,0.000000,0.000000,0.000000,0.000000,0.000000,0.000000,0.000000,0.000000,0.000000,0.000000,0.000000,0.000000,0.000000,0.000000,0.000000,0.000000,0.000000,0.000000,0.000000,0.000000,0.000000,0.000000,0.000000,0.000000,0.000000,0.000000,0.000000,0.000000,0.000000,0.000000,1000.000148,1000.000172,1000.000184,1000.000191,1000.000194,1000.000195,1000.000195,1000.000194,1000.000193,1000.000199,1000.000193,1000.000194,1000.000195,1000.000195,1000.000194,1000.000191,1000.000184,1000.000172,1000.000148,0.000000,0.000000,0.000000,0.000000,0.000000,0.000000,0.000000,0.000000,0.000000,0.000000,0.000000,0.000000,0.000000,0.000000,0.000000,0.000000,0.000000,0.000000,0.000000,0.000000,0.000000,0.000000,0.000000,0.000000,0.000000,0.000000,0.000000,0.000000,0.000000,0.000000,0.000000,0.000000,0.000000,0.000000,0.000000,0.000000,0.000000,0.000000,0.000000,0.000000,0.000000,0.000000
0.000000,0.000000,0.000000,0.000000,0.000000,0.000000,0.000000,0.000000,0.000000,0.000000,0.000000,0.000000,0.000000,0.000000,0.000000,0.000000,0.000000,0.000000,0.000000,0.000000,0.000000,0.000000,0.000000,0.000000,0.000000,0.000000,0.000000,0.000000,0.000000,0.000000,0.000000,0.000000,0.000000,0.000000,0.000000,0.000000,0.000000,1000.000142,1000.000177,1000.000206,1000.000229,1000.000247,1000.000264,1000.000280,1000.000292,1000.000300,1000.000305,1000.000307,1000.000308,1000.000308,1000.000308,1000.000309,1000.000308,1000.000308,1000.000308,1000.000307,1000.000305,1000.000300,1000.000292,1000.000280,1000.000264,1000.000247,1000.000229,1000.000206,1000.000177,1000.000142,0.000000,0.000000,0.000000,0.000000,0.000000,0.000000,0.000000,0.000000,0.000000,0.000000,0.000000,0.000000,0.000000,0.000000,0.000000,0.000000,0.000000,0.000000,0.000000,0.000000,0.000000,0.000000,0.000000,0.000000,0.000000,0.000000,0.000000,0.000000,0.000000,0.000000,0.000000,0.000000,0.000000,0.000000,0.000000,0.000000,0.000000
0.000000,0.000000,0.000000,0.000000,0.000000,0.000000,0.000000,0.000000,0.000000,0.000000,0.000000,0.000000,0.000000,0.000000,0.000000,0.000000,0.000000,0.000000,0.000000,0.000000,0.000000,0.000000,0.000000,0.000000,0.000000,0.000000,0.000000,0.000000,0.000000,0.000000,0.000000,0.000000,0.000000,0.000000,1000.000148,1000.000189,1000.000223,1000.000256,1000.000285,1000.000311,1000.000336,1000.000356,1000.000375,1000.000390,1000.000402,1000.000409,1000.000413,1000.000416,1000.000417,1000.000418,1000.000418,1000.000418,1000.000418,1000.000418,1000.000417,1000.000416,1000.000413,1000.000409,1000.000402,1000.000390,1000.000375,1000.000356,1000.000336,1000.000311,1000.000285,1000.000256,1000.000223,1000.000189,1000.000148,0.000000,0.000000,0.000000,0.000000,0.000000,0.000000,0.000000,0.000000,0.000000,0.000000,0.000000,0.000000,0.000000,0.000000,0.000000,0.000000,0.000000,0.000000,0.000000,0.000000,0.000000,0.000000,0.000000,0.000000,0.000000,0.000000,0.000000,0.000000,0.000000,0.000000,0.000000,0.000000,0.000000,0.000000
0.000000,0.000000,0.000000,0.000000,0.000000,0.000000,0.000000,0.000000,0.000000,0.000000,0.000000,0.000000,0.000000,0.000000,0.000000,0.000000,0.000000,0.000000,0.000000,0.000000,0.000000,0.000000,0.000000,0.000000,0.000000,0.000000,0.000000,0.000000,0.000000,0.000000,0.000000,0.000000,1000.000169,1000.000215,1000.000259,1000.000295,1000.000328,1000.000361,1000.000390,1000.000416,1000.000441,1000.000463,1000.000484,1000.000500,1000.000510,1000.000515,1000.000519,1000.000520,1000.000521,1000.000522,1000.000522,1000.000522,1000.000522,1000.000522,1000.000521,1000.000520,1000.000519,1000.000515,1000.000510,1000.000500,1000.000484,1000.000463,1000.000441,1000.000416,1000.000390,1000.000361,1000.000328,1000.000295,1000.000259,1000.000215,1000.000169,0.000000,0.000000,0.000000,0.000000,0.000000,0.000000,0.000000,0.000000,0.000000,0.000000,0.000000,0.000000,0.000000,0.000000,0.000000,0.000000,0.000000,0.000000,0.000000,0.000000,0.000000,0.000000,0.000000,0.000000,0.000000,0.000000,0.000000,0.000000,0.000000,0.000000,0.000000,0.000000
0.000000,0.000000,0.000000,0.000000,0.000000,0.000000,0.000000,0.000000,0.000000,0.000000,0.000000,0.000000,0.000000,0.000000,0.000000,0.000000,0.000000,0.000000,0.000000,0.000000,0.000000,0.000000,0.000000,0.000000,0.000000,0.000000,0.000000,0.000000,0.000000,0.000000,1000.000177,1000.000228,1000.000278,1000.000320,1000.000360,1000.000397,1000.000433,1000.000466,1000.000495,1000.000519,1000.000540,1000.000560,1000.000576,1000.000587,1000.000593,1000.000596,1000.000598,1000.000599,1000.000599,1000.000599,1000.000599,1000.000599,1000.000599,1000.000599,1000.000599,1000.000599,1000.000598,1000.000596,1000.000593,1000.000587,1000.000576,1000.000560,1000.000540,1000.000519,1000.000495,1000.000466,1000.000433,1000.000397,1000.000360,1000.000320,1000.000278,1000.000228,1000.000177,0.000000,0.000000,0.000000,0.000000,0.000000,0.000000,0.000000,0.000000,0.000000,0.000000,0.000000,0.000000,0.000000,0.000000,0.000000,0.000000,0.000000,0.000000,0.000000,0.000000,0.000000,0.000000,0.000000,0.000000,0.000000,0.000000,0.000000,0.000000,0.000000,0.000000
0.000000,0.000000,0.000000,0.000000,0.000000,0.000000,0.000000,0.000000,0.000000,0.000000,0.000000,0.000000,0.000000,0.000000,0.000000,0.000000,0.000000,0.000000,0.000000,0.000000,0.000000,0.000000,0.000000,0.000000,0.000000,0.000000,0.000000,0.000000,1000.000176,1000.000232,1000.000285,1000.000331,1000.000377,1000.000420,1000.000463,1000.000500,1000.000533,1000.000561,1000.000584,1000.000599,1000.000609,1000.000616,1000.000618,1000.000617,1000.000616,1000.000615,1000.000614,1000.000613,1000.000612,1000.000612,1000.000611,1000.000611,1000.000611,1000.000612,1000.000612,1000.000613,1000.000614,1000.000615,1000.000616,1000.000617,1000.000618,1000.000616,1000.000609,1000.000599,1000.000584,1000.000561,1000.000533,1000.000500,1000.000463,1000.000420,1000.000377,1000.000331,1000.000285,1000.000232,1000.000176,0.000000,0.000000,0.000000,0.000000,0.000000,0.000000,0.000000,0.000000,0.000000,0.000000,0.000000,0.000000,0.000000,0.000000,0.000000,0.000000,0.000000,0.000000,0.000000,0.000000,0.000000,0.000000,0.000000,0.000000,0.000000,0.000000,0.000000,0.000000
0.000000,0.000000,0.000000,0.000000,0.000000,0.000000,0.000000,0.000000,0.000000,0.000000,0.000000,0.000000,0.000000,0.000000,0.000000,0.000000,0.000000,0.000000,0.000000,0.000000,0.000000,0.000000,0.000000,0.000000,0.000000,0.000000,1000.000168,1000.000227,1000.000283,1000.000332,1000.000381,1000.000429,1000.000476,1000.000519,1000.000557,1000.000586,1000.000606,1000.000618,1000.000623,1000.000622,1000.000618,1000.000610,1000.000597,1000.000586,1000.000577,1000.000572,1000.000569,1000.000567,1000.000565,1000.000564,1000.000564,1000.000563,1000.000564,1000.000564,1000.000565,1000.000567,1000.000569,1000.000572,1000.000577,1000.000586,1000.000597,1000.000610,1000.000618,1000.000622,1000.000623,1000.000618,1000.000606,1000.000586,1000.000557,1000.000519,1000.000476,1000.000429,1000.000381,1000.000332,1000.000283,1000.000227,1000.000168,0.000000,0.000000,0.000000,0.000000,0.000000,0.000000,0.000000,0.000000,0.000000,0.000000,0.000000,0.000000,0.000000,0.000000,0.000000,0.000000,0.000000,0.000000,0.000000,0.000000,0.000000,0.000000,0.000000,0.000000,0.000000,0.000000
0.000000,0.000000,0.000000,0.000000,0.000000,0.000000,0.000000,0.000000,0.000000,0.000000,0.000000,0.000000,0.000000,0.000000,0.000000,0.000000,0.000000,0.000000,0.000000,0.000000,0.000000,0.000000,0.000000,0.000000,1000.000144,1000.000209,1000.000271,1000.000325,1000.000378,1000.000429,1000.000479,1000.000525,1000.000565,1000.000596,1000.000616,1000.000624,1000.000622,1000.000615,1000.000601,1000.000587,1000.000572,1000.000557,1000.000541,1000.000527,1000.000516,1000.000509,1000.000504,1000.000501,1000.000498,1000.000497,1000.000496,1000.000495,1000.000496,1000.000497,1000.000498,1000.000501,1000.000504,1000.000509,1000.000516,1000.000527,1000.000541,1000.000557,1000.000572,1000.000587,1000.000601,1000.000615,1000.000622,1000.000624,1000.000616,1000.000596,1000.000565,1000.000525,1000.000479,1000.000429,1000.000378,1000.000325,1000.000271,1000.000209,1000.000144,0.000000,0.000000,0.000000,0.000000,0.000000,0.000000,0.000000,0.000000,0.000000,0.000000,0.000000,0.000000,0.000000,0.000000,0.000000,0.000000,0.000000,0.000000,0.000000,0.000000,0.000000,0.000000,0.000000,0.000000
0.000000,0.000000,0.000000,0.000000,0.000000,0.000000,0.000000,0.000000,0.000000,0.000000,0.000000,0.000000,0.000000,0.000000,0.000000,0.000000,0.000000,0.000000,0.000000,0.000000,0.000000,0.000000,0.000000,1000.000174,1000.000244,1000.000305,1000.000364,1000.000420,1000.000474,1000.000523,1000.000566,1000.000599,1000.000619,1000.000625,1000.000619,1000.000604,1000.000585,1000.000565,1000.000545,1000.000526,1000.000509,1000.000493,1000.000478,1000.000465,1000.000455,1000.000447,1000.000440,1000.000436,1000.000433,1000.000430,1000.000429,1000.000429,1000.000429,1000.000430,1000.000433,1000.000436,1000.000440,1000.000447,1000.000455,1000.000465,1000.000478,1000.000493,1000.000509,1000.000526,1000.000545,1000.000565,1000.000585,1000.000604,1000.000619,1000.000625,1000.000619,1000.000599,1000.000566,1000.000523,1000.000474,1000.000420,1000.000364,1000.000305,1000.000244,1000.000174,0.000000,0.000000,0.000000,0.000000,0.000000,0.000000,0.000000,0.000000,0.000000,0.000000,0.000000,0.000000,0.000000,0.000000,0.000000,0.000000,0.000000,0.000000,0.000000,0.000000,0.000000,0.000000,0.000000
0.000000,0.000000,0.000000,0.000000,0.000000,0.000000,0.000000,0.000000,0.000000,0.000000,0.000000,0.000000,0.000000,0.000000,0.000000,0.000000,0.000000,0.000000,0.000000,0.000000,0.000000,1000.000128,1000.000201,1000.000272,1000.000335,1000.000397,1000.000458,1000.000514,1000.000561,1000.000597,1000.000619,1000.000626,1000.000619,1000.000600,1000.000576,1000.000550,1000.000526,1000.000503,1000.000483,1000.000464,1000.000447,1000.000431,1000.000417,1000.000405,1000.000394,1000.000385,1000.000378,1000.000373,1000.000369,1000.000367,1000.000365,1000.000365,1000.000365,1000.000367,1000.000369,1000.000373,1000.000378,1000.000385,1000.000394,1000.000405,1000.000417,1000.000431,1000.000447,1000.000464,1000.000483,1000.000503,1000.000526,1000.000550,1000.000576,1000.000600,1000.000619,1000.000626,1000.000619,1000.000597,1000.000561,1000.000514,1000.000458,1000.000397,1000.000335,1000.000272,1000.000201,1000.000128,0.000000,0.000000,0.000000,0.000000,0.000000,0.000000,0.000000,0.000000,0.000000,0.000000,0.000000,0.000000,0.000000,0.000000,0.000000,0.000000,0.000000,0.000000,0.000000,0.000000,0.000000
0.000000,0.000000,0.000000,0.000000,0.000000,0.000000,0.000000,0.000000,0.000000,0.000000,0.000000,0.000000,0.000000,0.000000,0.000000,0.000000,0.000000,0.000000,0.000000,0.000000,1000.000149,1000.000226,1000.000293,1000.000358,1000.000423,1000.000488,1000.000545,1000.000590,1000.000616,1000.000625,1000.000619,1000.000600,1000.000574,1000.000546,1000.000517,1000.000490,1000.000466,1000.000444,1000.000424,1000.000405,1000.000387,1000.000371,1000.000357,1000.000345,1000.000334,1000.000325,1000.000318,1000.000312,1000.000308,1000.000305,1000.000303,1000.000303,1000.000303,1000.000305,1000.000308,1000.000312,1000.000318,1000.000325,1000.000334,1000.000345,1000.000357,1000.000371,1000.000387,1000.000405,1000.000424,1000.000444,1000.000466,1000.000490,1000.000517,1000.000546,1000.000574,1000.000600,1000.000619,1000.000625,1000.000616,1000.000590,1000.000545,1000.000488,1000.000423,1000.000358,1000.000293,1000.000226,1000.000149,0.000000,0.000000,0.000000,0.000000,0.000000,0.000000,0.000000,0.000000,0.000000,0.000000,0.000000,0.000000,0.000000,0.000000,0.000000,0.000000,0.000000,0.000000,0.000000,0.000000
0.000000,0.000000,0.000000,0.000000,0.000000,0.000000,0.000000,0.000000,0.000000,0.000000,0.000000,0.000000,0.000000,0.000000,0.000000,0.000000,0.000000,0.000000,0.000000,1000.000166,1000.000245,1000.000314,1000.000379,1000.000445,1000.000509,1000.000565,1000.000606,1000.000623,1000.000619,1000.000601,1000.000575,1000.000545,1000.000514,1000.000485,1000.000457,1000.000432,1000.000408,1000.000386,1000.000365,1000.000346,1000.000329,1000.000313,1000.000299,1000.000286,1000.000275,1000.000266,1000.000259,1000.000253,1000.000248,1000.000245,1000.000243,1000.000242,1000.000243,1000.000245,1000.000248,1000.000253,1000.000259,1000.000266,1000.000275,1000.000286,1000.000299,1000.000313,1000.000329,1000.000346,1000.000365,1000.000386,1000.000408,1000.000432,1000.000457,1000.000485,1000.000514,1000.000545,1000.000575,1000.000601,1000.000619,1000.000623,1000.000606,1000.000565,1000.000509,1000.000445,1000.000379,1000.000314,1000.000245,1000.000166,0.000000,0.000000,0.000000,0.000000,0.000000,0.000000,0.000000,0.000000,0.000000,0.000000,0.000000,0.000000,0.000000,0.000000,0.000000,0.000000,0.000000,0.000000,0.000000
0.000000,0.000000,0.000000,0.000000,0.000000,0.000000,0.000000,0.000000,0.000000,0.000000,0.000000,0.000000,0.000000,0.000000,0.000000,0.000000,0.000000,0.000000,1000.000177,1000.000259,1000.000330,1000.000399,1000.000467,1000.000529,1000.000580,1000.000615,1000.000624,1000.000608,1000.000581,1000.000550,1000.000517,1000.000486,1000.000456,1000.000428,1000.000401,1000.000375,1000.000351,1000.000329,1000.000308,1000.000289,1000.000272,1000.000256,1000.000242,1000.000229,1000.000218,1000.000209,1000.000201,1000.000195,1000.000190,1000.000187,1000.000185,1000.000184,1000.000185,1000.000187,1000.000190,1000.000195,1000.000201,1000.000209,1000.000218,1000.000229,1000.000242,1000.000256,1000.000272,1000.000289,1000.000308,1000.000329,1000.000351,1000.000375,1000.000401,1000.000428,1000.000456,1000.000486,1000.000517,1000.000550,1000.000581,1000.000608,1000.000624,1000.000615,1000.000580,1000.000529,1000.000467,1000.000399,1000.000330,1000.000259,1000.000177,0.000000,0.000000,0.000000,0.000000,0.000000,0.000000,0.000000,0.000000,0.000000,0.000000,0.000000,0.000000,0.000000,0.000000,0.000000,0.000000,0.000000,0.000000
0.000000,0.000000,0.000000,0.000000,0.000000,0.000000,0.000000,0.000000,0.000000,0.000000,0.000000,0.000000,0.000000,0.000000,0.000000,0.000000,0.000000,1000.000183,1000.000267,1000.000341,1000.000413,1000.000485,1000.000548,1000.000595,1000.000621,1000.000623,1000.000600,1000.000565,1000.000528,1000.000493,1000.000460,1000.000430,1000.000401,1000.000372,1000.000345,1000.000319,1000.000295,1000.000273,1000.000253,1000.000234,1000.000216,1000.000200,1000.000186,1000.000174,1000.000163,1000.000153,1000.000145,1000.000139,1000.000134,1000.000130,1000.000128,1000.000128,1000.000128,1000.000130,1000.000134,1000.000139,1000.000145,1000.000153,1000.000163,1000.000174,1000.000186,1000.000200,1000.000216,1000.000234,1000.000253,1000.000273,1000.000295,1000.000319,1000.000345,1000.000372,1000.000401,1000.000430,1000.000460,1000.000493,1000.000528,1000.000565,1000.000600,1000.000623,1000.000621,1000.000595,1000.000548,1000.000485,1000.000413,1000.000341,1000.000267,1000.000183,0.000000,0.000000,0.000000,0.000000,0.000000,0.000000,0.000000,0.000000,0.000000,0.000000,0.000000,0.000000,0.000000,0.000000,0.000000,0.000000,0.000000
0.000000,0.000000,0.000000,0.000000,0.000000,0.000000,0.000000,0.000000,0.000000,0.000000,0.000000,0.000000,0.000000,0.000000,0.000000,0.000000,1000.000184,1000.000270,1000.000346,1000.000421,1000.000496,1000.000561,1000.000606,1000.000624,1000.000616,1000.000591,1000.000553,1000.000512,1000.000474,1000.000439,1000.000407,1000.000376,1000.000346,1000.000317,1000.000291,1000.000265,1000.000242,1000.000219,1000.000199,1000.000180,1000.000162,1000.000146,1000.000132,1000.000119,1000.000108,1000.000099,1000.000091,1000.000084,1000.000079,1000.000076,1000.000074,1000.000073,1000.000074,1000.000076,1000.000079,1000.000084,1000.000091,1000.000099,1000.000108,1000.000119,1000.000132,1000.000146,1000.000162,1000.000180,1000.000199,1000.000219,1000.000242,1000.000265,1000.000291,1000.000317,1000.000346,1000.000376,1000.000407,1000.000439,1000.000474,1000.000512,1000.000553,1000.000591,1000.000616,1000.000624,1000.000606,1000.000561,1000.000496,1000.000421,1000.000346,1000.000270,1000.000184,0.000000,0.000000,0.000000,0.000000,0.000000,0.000000,0.000000,0.000000,0.000000,0.000000,0.000000,0.000000,0.000000,0.000000,0.000000,0.000000
0.000000,0.000000,0.000000,0.000000,0.000000,0.000000,0.000000,0.000000,0.000000,0.000000,0.000000,0.000000,0.000000,0.000000,0.000000,1000.000183,1000.000270,1000.000348,1000.000425,1000.000500,1000.000566,1000.000611,1000.000624,1000.000608,1000.000577,1000.000539,1000.000498,1000.000458,1000.000422,1000.000388,1000.000355,1000.000323,1000.000293,1000.000265,1000.000238,1000.000213,1000.000189,1000.000167,1000.000146,1000.000127,1000.000110,1000.000094,1000.000079,1000.000067,1000.000056,1000.000046,1000.000038,1000.000031,1000.000026,1000.000022,1000.000020,1000.000020,1000.000020,1000.000022,1000.000026,1000.000031,1000.000038,1000.000046,1000.000056,1000.000067,1000.000079,1000.000094,1000.000110,1000.000127,1000.000146,1000.000167,1000.000189,1000.000213,1000.000238,1000.000265,1000.000293,1000.000323,1000.000355,1000.000388,1000.000422,1000.000458,1000.000498,1000.000539,1000.000577,1000.000608,1000.000624,1000.000611,1000.000566,1000.000500,1000.000425,1000.000348,1000.000270,1000.000183,0.000000,0.000000,0.000000,0.000000,0.000000,0.000000,0.000000,0.000000,0.000000,0.000000,0.000000,0.000000,0.000000,0.000000,0.000000
0.000000,0.000000,0.000000,0.000000,0.000000,0.000000,0.000000,0.000000,0.000000,0.000000,0.000000,0.000000,0.000000,0.000000,1000.000177,1000.000267,1000.000346,1000.000425,1000.000502,1000.000568,1000.000613,1000.000624,1000.000603,1000.000566,1000.000525,1000.000484,1000.000445,1000.000408,1000.000372,1000.000337,1000.000303,1000.000272,1000.000242,1000.000214,1000.000187,1000.000162,1000.000138,1000.000116,1000.000095,1000.000076,1000.000059,1000.000043,1000.000028,1000.000016,1000.000004,999.999995,999.999986,999.999980,999.999975,999.999971,999.999969,999.999968,999.999969,999.999971,999.999975,999.999980,999.999986,999.999995,1000.000004,1000.000016,1000.000028,1000.000043,1000.000059,1000.000076,1000.000095,1000.000116,1000.000138,1000.000162,1000.000187,1000.000214,1000.000242,1000.000272,1000.000303,1000.000337,1000.000372,1000.000408,1000.000445,1000.000484,1000.000525,1000.000566,1000.000603,1000.000624,1000.000613,1000.000568,1000.000502,1000.000425,1000.000346,1000.000267,1000.000177,0.000000,0.000000,0.000000,0.000000,0.000000,0.000000,0.000000,0.000000,0.000000,0.000000,0.000000,0.000000,0.000000,0.000000
0.000000,0.000000,0.000000,0.000000,0.000000,0.000000,0.000000,0.000000,0.000000,0.000000,0.000000,0.000000,0.000000,1000.000166,1000.000259,1000.000341,1000.000421,1000.000500,1000.000568,1000.000614,1000.000624,1000.000602,1000.000562,1000.000517,1000.000474,1000.000434,1000.000396,1000.000358,1000.000322,1000.000287,1000.000254,1000.000223,1000.000192,1000.000164,1000.000137,1000.000112,1000.000088,1000.000066,1000.000046,1000.000026,1000.000009,999.999993,999.999979,999.999966,999.999955,999.999945,999.999937,999.999930,999.999925,999.999921,999.999919,999.999918,999.999919,999.999921,999.999925,999.999930,999.999937,999.999945,999.999955,999.999966,999.999979,999.999993,1000.000009,1000.000026,1000.000046,1000.000066,1000.000088,1000.000112,1000.000137,1000.000164,1000.000192,1000.000223,1000.000254,1000.000287,1000.000322,1000.000358,1000.000396,1000.000434,1000.000474,1000.000517,1000.000562,1000.000602,1000.000624,1000.000614,1000.000568,1000.000500,1000.000421,1000.000341,1000.000259,1000.000166,0.000000,0.000000,0.000000,0.000000,0.000000,0.000000,0.000000,0.000000,0.000000,0.000000,0.000000,0.000000,0.000000
0.000000,0.000000,0.000000,0.000000,0.000000,0.000000,0.000000,0.000000,0.000000,0.000000,0.000000,0.000000,1000.000149,1000.000245,1000.000330,1000.000413,1000.000496,1000.000566,1000.000613,1000.000624,1000.000601,1000.000561,1000.000513,1000.000468,1000.000426,1000.000387,1000.000347,1000.000309,1000.000273,1000.000239,1000.000206,1000.000174,1000.000144,1000.000116,1000.000089,1000.000064,1000.000040,1000.000018,999.999997,999.999978,999.999961,999.999945,999.999931,999.999918,999.999906,999.999897,999.999888,999.999882,999.999876,999.999873,999.999870,999.999870,999.999870,999.999873,999.999876,999.999882,999.999888,999.999897,999.999906,999.999918,999.999931,999.999945,999.999961,999.999978,999.999997,1000.000018,1000.000040,1000.000064,1000.000089,1000.000116,1000.000144,1000.000174,1000.000206,1000.000239,1000.000273,1000.000309,1000.000347,1000.000387,1000.000426,1000.000468,1000.000513,1000.000561,1000.000601,1000.000624,1000.000613,1000.000566,1000.000496,1000.000413,1000.000330,1000.000245,1000.000149,0.000000,0.000000,0.000000,0.000000,0.000000,0.000000,0.000000,0.000000,0.000000,0.000000,0.000000,0.000000
0.000000,0.000000,0.000000,0.000000,0.000000,0.000000,0.000000,0.000000,0.000000,0.000000,0.000000,1000.000128,1000.000226,1000.000314,1000.000399,1000.000485,1000.000561,1000.000611,1000.000624,1000.000602,1000.000561,1000.000512,1000.000465,1000.000422,1000.000381,1000.000339,1000.000300,1000.000263,1000.000227,1000.000192,1000.000159,1000.000128,1000.000098,1000.000070,1000.000043,1000.000017,999.999994,999.999972,999.999951,999.999932,999.999914,999.999898,999.999884,999.999871,999.999860,999.999850,999.999842,999.999835,999.999830,999.999826,999.999824,999.999823,999.999824,999.999826,999.999830,999.999835,999.999842,999.999850,999.999860,999.999871,999.999884,999.999898,999.999914,999.999932,999.999951,999.999972,999.999994,1000.000017,1000.000043,1000.000070,1000.000098,1000.000128,1000.000159,1000.000192,1000.000227,1000.000263,1000.000300,1000.000339,1000.000381,1000.000422,1000.000465,1000.000512,1000.000561,1000.000602,1000.000624,1000.000611,1000.000561,1000.000485,1000.000399,1000.000314,1000.000226,1000.000128,0.000000,0.000000,0.000000,0.000000,0.000000,0.000000,0.000000,0.000000,0.000000,0.000000,0.000000
0.000000,0.000000,0.000000,0.000000,0.000000,0.000000,0.000000,0.000000,0.000000,0.000000,0.000000,1000.000201,1000.000293,1000.000379,1000.000467,1000.000548,1000.000606,1000.000624,1000.000603,1000.000562,1000.000513,1000.000465,1000.000421,1000.000378,1000.000335,1000.000294,1000.000255,1000.000218,1000.000182,1000.000147,1000.000114,1000.000083,1000.000053,1000.000024,999.999998,999.999972,999.999949,999.999926,999.999906,999.999887,999.999869,999.999853,999.999839,999.999826,999.999815,999.999805,999.999796,999.999790,999.999784,999.999781,999.999778,999.999778,999.999778,999.999781,999.999784,999.999790,999.999796,999.999805,999.999815,999.999826,999.999839,999.999853,999.999869,999.999887,999.999906,999.999926,999.999949,999.999972,999.999998,1000.000024,1000.000053,1000.000083,1000.000114,1000.000147,1000.000182,1000.000218,1000.000255,1000.000294,1000.000335,1000.000378,1000.000421,1000.000465,1000.000513,1000.000562,1000.000603,1000.000624,1000.000606,1000.000548,1000.000467,1000.000379,1000.000293,1000.000201,0.000000,0.000000,0.000000,0.000000,0.000000,0.000000,0.000000,0.000000,0.000000,0.000000,0.000000
0.000000,0.000000,0.000000,0.000000,0.000000,0.000000,0.000000,0.000000,0.000000,0.000000,1000.000174,1000.000272,1000.000358,1000.000445,1000.000529,1000.000595,1000.000624,1000.000608,1000.000566,1000.000517,1000.000468,1000.000422,1000.000378,1000.000333,1000.000291,1000.000251,1000.000212,1000.000174,1000.000138,1000.000103,1000.000071,1000.000039,1000.000009,999.999981,999.999954,999.999929,999.999905,999.999883,999.999862,999.999843,999.999826,999.999810,999.999795,999.999782,999.999771,999.999761,999.999753,999.999746,999.999741,999.999737,999.999735,999.999734,999.999735,999.999737,999.999741,999.999746,999.999753,999.999761,999.999771,999.999782,999.999795,999.999810,999.999826,999.999843,999.999862,999.999883,999.999905,999.999929,999.999954,999.999981,1000.000009,1000.000039,1000.000071,1000.000103,1000.000138,1000.000174,1000.000212,1000.000251,1000.000291,1000.000333,1000.000378,1000.000422,1000.000468,1000.000517,1000.000566,1000.000608,1000.000624,1000.000595,1000.000529,1000.000445,1000.000358,1000.000272,1000.000174,0.000000,0.000000,0.000000,0.000000,0.000000,0.000000,0.000000,0.000000,0.000000,0.000000
0.000000,0.000000,0.000000,0.000000,0.000000,0.000000,0.000000,0.000000,0.000000,1000.000144,1000.000244,1000.000335,1000.000423,1000.000509,1000.000580,1000.000621,1000.000616,1000.000577,1000.000525,1000.000474,1000.000426,1000.000381,1000.000335,1000.000291,1000.000249,1000.000209,1000.000169,1000.000132,1000.000096,1000.000061,1000.000028,999.999997,999.999967,999.999939,999.999912,999.999887,999.999863,999.999841,999.999820,999.999801,999.999784,999.999768,999.999753,999.999740,999.999729,999.999719,999.999711,999.999704,999.999698,999.999695,999.999692,999.999692,999.999692,999.999695,999.999698,999.999704,999.999711,999.999719,999.999729,999.999740,999.999753,999.999768,999.999784,999.999801,999.999820,999.999841,999.999863,999.999887,999.999912,999.999939,999.999967,999.999997,1000.000028,1000.000061,1000.000096,1000.000132,1000.000169,1000.000209,1000.000249,1000.000291,1000.000335,1000.000381,1000.000426,1000.000474,1000.000525,1000.000577,1000.000616,1000.000621,1000.000580,1000.000509,1000.000423,1000.000335,1000.000244,1000.000144,0.000000,0.000000,0.000000,0.000000,0.000000,0.000000,0.000000,0.000000,0.000000
0.000000,0.000000,0.000000,0.000000,0.000000,0.000000,0.000000,0.000000,0.000000,1000.000209,1000.000305,1000.000397,1000.000488,1000.000565,1000.000615,1000.000623,1000.000591,1000.000539,1000.000484,1000.000434,1000.000387,1000.000339,1000.000294,1000.000251,1000.000209,1000.000168,1000.000129,1000.000091,1000.000055,1000.000021,999.999988,999.999957,999.999927,999.999898,999.999872,999.999846,999.999823,999.999800,999.999780,999.999761,999.999743,999.999727,999.999713,999.999700,999.999688,999.999678,999.999670,999.999663,999.999658,999.999654,999.999652,999.999651,999.999652,999.999654,999.999658,999.999663,999.999670,999.999678,999.999688,999.999700,999.999713,999.999727,999.999743,999.999761,999.999780,999.999800,999.999823,999.999846,999.999872,999.999898,999.999927,999.999957,999.999988,1000.000021,1000.000055,1000.000091,1000.000129,1000.000168,1000.000209,1000.000251,1000.000294,1000.000339,1000.000387,1000.000434,1000.000484,1000.000539,1000.000591,1000.000623,1000.000615,1000.000565,1000.000488,1000.000397,1000.000305,1000.000209,0.000000,0.000000,0.000000,0.000000,0.000000,0.000000,0.000000,0.000000,0.000000
0.000000,0.000000,0.000000,0.000000,0.000000,0.000000,0.000000,0.000000,1000.000168,1000.000271,1000.000364,1000.000458,1000.000545,1000.000606,1000.000624,1000.000600,1000.000553,1000.000498,1000.000445,1000.000396,1000.000347,1000.000300,1000.000255,1000.000212,1000.000169,1000.000129,1000.000090,1000.000052,1000.000016,999.999982,999.999949,999.999918,999.999888,999.999859,999.999833,999.999807,999.999784,999.999761,999.999741,999.999722,999.999704,999.999688,999.999674,999.999661,999.999649,999.999639,999.999631,999.999624,999.999619,999.999615,999.999613,999.999612,999.999613,999.999615,999.999619,999.999624,999.999631,999.999639,999.999649,999.999661,999.999674,999.999688,999.999704,999.999722,999.999741,999.999761,999.999784,999.999807,999.999833,999.999859,999.999888,999.999918,999.999949,999.999982,1000.000016,1000.000052,1000.000090,1000.000129,1000.000169,1000.000212,1000.000255,1000.000300,1000.000347,1000.000396,1000.000445,1000.000498,1000.000553,1000.000600,1000.000624,1000.000606,1000.000545,1000.000458,1000.000364,1000.000271,1000.000168,0.000000,0.000000,0.000000,0.000000,0.000000,0.000000,0.000000,0.000000
0.000000,0.000000,0.000000,0.000000,0.000000,0.000000,0.000000,0.000000,1000.000227,1000.000325,1000.000420,1000.000514,1000.000590,1000.000623,1000.000608,1000.000565,1000.000512,1000.000458,1000.000408,1000.000358,1000.000309,1000.000263,1000.000218,1000.000174,1000.000132,1000.000091,1000.000052,1000.000015,999.999979,999.999944,999.999911,999.999880,999.999850,999.999822,999.999795,999.999770,999.999746,999.999724,999.999703,999.999684,999.999667,999.999651,999.999636,999.999623,999.999612,999.999602,999.999593,999.999587,999.999581,999.999577,999.999575,999.999574,999.999575,999.999577,999.999581,999.999587,999.999593,999.999602,999.999612,999.999623,999.999636,999.999651,999.999667,999.999684,999.999703,999.999724,999.999746,999.999770,999.999795,999.999822,999.999850,999.999880,999.999911,999.999944,999.999979,1000.000015,1000.000052,1000.000091,1000.000132,1000.000174,1000.000218,1000.000263,1000.000309,1000.000358,1000.000408,1000.000458,1000.000512,1000.000565,1000.000608,1000.000623,1000.000590,1000.000514,1000.000420,1000.000325,1000.000227,0.000000,0.000000,0.000000,0.000000,0.000000,0.000000,0.000000,0.000000
0.000000,0.000000,0.000000,0.000000,0.000000,0.000000,0.000000,1000.000176,1000.000283,1000.000378,1000.000474,1000.000561,1000.000616,1000.000619,1000.000581,1000.000528,1000.000474,1000.000422,1000.000372,1000.000322,1000.000273,1000.000227,1000.000182,1000.000138,1000.000096,1000.000055,1000.000016,999.999979,999.999943,999.999908,999.999875,999.999844,999.999814,999.999786,999.999759,999.999734,999.999710,999.999688,999.999667,999.999648,999.999631,999.999615,999.999600,999.999587,999.999576,999.999566,999.999557,999.999551,999.999545,999.999541,999.999539,999.999538,999.999539,999.999541,999.999545,999.999551,999.999557,999.999566,999.999576,999.999587,999.999600,999.999615,999.999631,999.999648,999.999667,999.999688,999.999710,999.999734,999.999759,999.999786,999.999814,999.999844,999.999875,999.999908,999.999943,999.999979,1000.000016,1000.000055,1000.000096,1000.000138,1000.000182,1000.000227,1000.000273,1000.000322,1000.000372,1000.000422,1000.000474,1000.000528,1000.000581,1000.000619,1000.000616,1000.000561,1000.000474,1000.000378,1000.000283,1000.000176,0.000000,0.000000,0.000000,0.000000,0.000000,0.000000,0.000000
0.000000,0.000000,0.000000,0.000000,0.000000,0.000000,0.000000,1000.000232,1000.000332,1000.000429,1000.000523,1000.000597,1000.000625,1000.000601,1000.000550,1000.000493,1000.000439,1000.000388,1000.000337,1000.000287,1000.000239,1000.000192,1000.000147,1000.000103,1000.000061,1000.000021,999.999982,999.999944,999.999908,999.999874,999.999841,999.999810,999.999780,999.999752,999.999725,999.999700,999.999676,999.999654,999.999633,999.999614,999.999596,999.999580,999.999566,999.999553,999.999541,999.999531,999.999523,999.999516,999.999511,999.999507,999.999505,999.999504,999.999505,999.999507,999.999511,999.999516,999.999523,999.999531,999.999541,999.999553,999.999566,999.999580,999.999596,999.999614,999.999633,999.999654,999.999676,999.999700,999.999725,999.999752,999.999780,999.999810,999.999841,999.999874,999.999908,999.999944,999.999982,1000.000021,1000.000061,1000.000103,1000.000147,1000.000192,1000.000239,1000.000287,1000.000337,1000.000388,1000.000439,1000.000493,1000.000550,1000.000601,1000.000625,1000.000597,1000.000523,1000.000429,1000.000332,1000.000232,0.000000,0.000000,0.000000,0.000000,0.000000,0.000000,0.000000
0.000000,0.000000,0.000000,0.000000,0.000000,0.000000,1000.000177,1000.000285,1000.000381,1000.000479,1000.000566,1000.000619,1000.000619,1000.000575,1000.000517,1000.000460,1000.000407,1000.000355,1000.000303,1000.000254,1000.000206,1000.000159,1000.000114,1000.000071,1000.000028,999.999988,999.999949,999.999911,999.999875,999.999841,999.999808,999.999777,999.999747,999.999719,999.999692,999.999667,999.999643,999.999621,999.999600,999.999581,999.999563,999.999547,999.999533,999.999520,999.999508,999.999499,999.999490,999.999483,999.999478,999.999474,999.999472,999.999471,999.999472,999.999474,999.999478,999.999483,999.999490,999.999499,999.999508,999.999520,999.999533,999.999547,999.999563,999.999581,999.999600,999.999621,999.999643,999.999667,999.999692,999.999719,999.999747,999.999777,999.999808,999.999841,999.999875,999.999911,999.999949,999.999988,1000.000028,1000.000071,1000.000114,1000.000159,1000.000206,1000.000254,1000.000303,1000.000355,1000.000407,1000.000460,1000.000517,1000.000575,1000.000619,1000.000619,1000.000566,1000.000479,1000.000381,1000.000285,1000.000177,0.000000,0.000000,0.000000,0.000000,0.000000,0.000000
0.000000,0.000000,0.000000,0.000000,0.000000,0.000000,1000.000228,1000.000331,1000.000429,1000.000525,1000.000599,1000.000626,1000.000600,1000.000545,1000.000486,1000.000430,1000.000376,1000.000323,1000.000272,1000.000223,1000.000174,1000.000128,1000.000083,1000.000039,999.999997,999.999957,999.999918,999.999880,999.999844,999.999810,999.999777,999.999745,999.999716,999.999687,999.999661,999.999635,999.999612,999.999589,999.999569,999.999550,999.999532,999.999516,999.999502,999.999489,999.999477,999.999467,999.999459,999.999452,999.999447,999.999443,999.999440,999.999440,999.999440,999.999443,999.999447,999.999452,999.999459,999.999467,999.999477,999.999489,999.999502,999.999516,999.999532,999.999550,999.999569,999.999589,999.999612,999.999635,999.999661,999.999687,999.999716,999.999745,999.999777,999.999810,999.999844,999.999880,999.999918,999.999957,999.999997,1000.000039,1000.000083,1000.000128,1000.000174,1000.000223,1000.000272,1000.000323,1000.000376,1000.000430,1000.000486,1000.000545,1000.000600,1000.000626,1000.000599,1000.000525,1000.000429,1000.000331,1000.000228,0.000000,0.000000,0.000000,0.000000,0.000000,0.000000
0.000000,0.000000,0.000000,0.000000,0.000000,1000.000169,1000.000278,1000.000377,1000.000476,1000.000565,1000.000619,1000.000619,1000.000574,1000.000514,1000.000456,1000.000401,1000.000346,1000.000293,1000.000242,1000.000192,1000.000144,1000.000098,1000.000053,1000.000009,999.999967,999.999927,999.999888,999.999850,999.999814,999.999780,999.999747,999.999716,999.999686,999.999657,999.999631,999.999605,999.999582,999.999560,999.999539,999.999520,999.999502,999.999486,999.999472,999.999459,999.999447,999.999437,999.999429,999.999422,999.999417,999.999413,999.999411,999.999410,999.999411,999.999413,999.999417,999.999422,999.999429,999.999437,999.999447,999.999459,999.999472,999.999486,999.999502,999.999520,999.999539,999.999560,999.999582,999.999605,999.999631,999.999657,999.999686,999.999716,999.999747,999.999780,999.999814,999.999850,999.999888,999.999927,999.999967,1000.000009,1000.000053,1000.000098,1000.000144,1000.000192,1000.000242,1000.000293,1000.000346,1000.000401,1000.000456,1000.000514,1000.000574,1000.000619,1000.000619,1000.000565,1000.000476,1000.000377,1000.000278,1000.000169,0.000000,0.000000,0.000000,0.000000,0.000000
0.000000,0.000000,0.000000,0.000000,0.000000,1000.000215,1000.000320,1000.000420,1000.000519,1000.000596,1000.000625,1000.000600,1000.000546,1000.000485,1000.000428,1000.000372,1000.000317,1000.000265,1000.000214,1000.000164,1000.000116,1000.000070,1000.000024,999.999981,999.999939,999.999898,999.999859,999.999822,999.999786,999.999752,999.999719,999.999687,999.999657,999.999629,999.999602,999.999577,999.999553,999.999531,999.999511,999.999492,999.999474,999.999458,999.999443,999.999430,999.999419,999.999409,999.999401,999.999394,999.999388,999.999385,999.999382,999.999381,999.999382,999.999385,999.999388,999.999394,999.999401,999.999409,999.999419,999.999430,999.999443,999.999458,999.999474,999.999492,999.999511,999.999531,999.999553,999.999577,999.999602,999.999629,999.999657,999.999687,999.999719,999.999752,999.999786,999.999822,999.999859,999.999898,999.999939,999.999981,1000.000024,1000.000070,1000.000116,1000.000164,1000.000214,1000.000265,1000.000317,1000.000372,1000.000428,1000.000485,1000.000546,1000.000600,1000.000625,1000.000596,1000.000519,1000.000420,1000.000320,1000.000215,0.000000,0.000000,0.000000,0.000000,0.000000
0.000000,0.000000,0.000000,0.000000,1000.000148,1000.000259,1000.000360,1000.000463,1000.000557,1000.000616,1000.000619,1000.000576,1000.000517,1000.000457,1000.000401,1000.000345,1000.000291,1000.000238,1000.000187,1000.000137,1000.000089,1000.000043,999.999998,999.999954,999.999912,999.999872,999.999833,999.999795,999.999759,999.999725,999.999692,999.999661,999.999631,999.999602,999.999576,999.999550,999.999527,999.999505,999.999484,999.999465,999.999447,999.999431,999.999417,999.999404,999.999392,999.999382,999.999374,999.999367,999.999362,999.999358,999.999355,999.999355,999.999355,999.999358,999.999362,999.999367,999.999374,999.999382,999.999392,999.999404,999.999417,999.999431,999.999447,999.999465,999.999484,999.999505,999.999527,999.999550,999.999576,999.999602,999.999631,999.999661,999.999692,999.999725,999.999759,999.999795,999.999833,999.999872,999.999912,999.999954,999.999998,1000.000043,1000.000089,1000.000137,1000.000187,1000.000238,1000.000291,1000.000345,1000.000401,1000.000457,1000.000517,1000.000576,1000.000619,1000.000616,1000.000557,1000.000463,1000.000360,1000.000259,1000.000148,0.000000,0.000000,0.000000,0.000000
0.000000,0.000000,0.000000,0.000000,1000.000189,1000.000295,1000.000397,1000.000500,1000.000586,1000.000624,1000.000604,1000.000550,1000.000490,1000.000432,1000.000375,1000.000319,1000.000265,1000.000213,1000.000162,1000.000112,1000.000064,1000.000017,999.999972,999.999929,999.999887,999.999846,999.999807,999.999770,999.999734,999.999700,999.999667,999.999635,999.999605,999.999577,999.999550,999.999525,999.999501,999.999479,999.999459,999.999440,999.999422,999.999406,999.999391,999.999378,999.999367,999.999357,999.999349,999.999342,999.999336,999.999333,999.999330,999.999329,999.999330,999.999333,999.999336,999.999342,999.999349,999.999357,999.999367,999.999378,999.999391,999.999406,999.999422,999.999440,999.999459,999.999479,999.999501,999.999525,999.999550,999.999577,999.999605,999.999635,999.999667,999.999700,999.999734,999.999770,999.999807,999.999846,999.999887,999.999929,999.999972,1000.000017,1000.000064,1000.000112,1000.000162,1000.000213,1000.000265,1000.000319,1000.000375,1000.000432,1000.000490,1000.000550,1000.000604,1000.000624,1000.000586,1000.000500,1000.000397,1000.000295,1000.000189,0.000000,0.000000,0.000000,0.000000
