0.000000,0.000000,0.000000,0.000000,0.000000,0.000000,0.000000,0.000000,0.000000,0.000000,0.000000,0.000000,0.000000,0.000000,0.000000,0.000000,0.000000,0.000000,0.000000,0.000000,0.000000,0.000000,0.000000,0.000000,0.000000,0.000000,0.000000,0.000000,0.000000,0.000000,0.000000,0.000000,0.000000,0.000000,0.000000,0.000000,0.000000,0.000000,0.000000,0.000000,0.000000,0.000000,0.000000,0.000000,0.000000,0.000000,0.000000,0.000000,0.000000,0.000000,0.000000,0.000000,0.000000,0.000000,0.000000,0.000000,0.000000,0.000000,0.000000,0.000000,0.000000,0.000000,0.000000,0.000000,0.000000,0.000000,0.000000,0.000000,0.000000,0.000000,0.000000,0.000000,0.000000,0.000000,0.000000,0.000000,0.000000,0.000000,0.000000,0.000000,0.000000,0.000000,0.000000,0.000000,0.000000,0.000000,0.000000,0.000000,0.000000,0.000000,0.000000,0.000000,0.000000,0.000000,0.000000,0.000000,0.000000,0.000000,0.000000,0.000000,0.000000,0.000000,0.000000
0.000000,0.000000,0.000000,0.000000,0.000000,0.000000,0.000000,0.000000,0.000000,0.000000,0.000000,0.000000,0.000000,0.000000,0.000000,0.000000,0.000000,0.000000,0.000000,0.000000,0.000000,0.000000,0.000000,0.000000,0.000000,0.000000,0.000000,0.000000,0.000000,0.000000,0.000000,0.000000,0.000000,0.000000,0.000000,0.000000,0.000000,0.000000,0.000000,0.000000,0.000000,0.000000,0.000000,0.000000,0.000000,0.000000,0.000000,0.000000,0.000000,0.000000,0.000000,1000.000067,0.000000,0.000000,0.000000,0.000000,0.000000,0.000000,0.000000,0.000000,0.000000,0.000000,0.000000,0.000000,0.000000,0.000000,0.000000,0.000000,0.000000,0.000000,0.000000,0.000000,0.000000,0.000000,0.000000,0.000000,0.000000,0.000000,0.000000,0.000000,0.000000,0.000000,0.000000,0.000000,0.000000,0.000000,0.000000,0.000000,0.000000,0.000000,0.000000,0.000000,0.000000,0.000000,0.000000,0.000000,0.000000,0.000000,0.000000,0.000000,0.000000,0.000000,0.000000
0.000000,0.000000,0.000000,0.000000,0.000000,0.000000,0.000000,0.000000,0.000000,0.000000,0.000000,0.000000,0.000000,0.000000,0.000000,0.000000,0.000000,0.000000,0.000000,0.000000,0.000000,0.000000,0.000000,0.000000,0.000000,0.000000,0.000000,0.000000,0.000000,0.000000,0.000000,0.000000,0.000000,0.000000,0.000000,0.000000,0.000000,0.000000,0.000000,0.000000,0.000000,0.000000,1000.000122,1000.000143,1000.000153,1000.000158,1000.000161,1000.000162,1000.000162,1000.000161,1000.000160,1000.000165,1000.000160,1000.000161,1000.000162,1000.000162,1000.000161,1000.000158,1000.000153,1000.000143,1000.000122,0.000000,0.000000,0.000000,0.000000,0.000000,0.000000,0.000000,0.000000,0.000000,0.000000,0.000000,0.000000,0.000000,0.000000,0.000000,0.000000,0.000000,0.000000,0.000000,0.000000,0.000000,0.000000,0.000000,0.000000,0.000000,0.000000,0.000000,0.000000,0.000000,0.000000,0.000000,0.000000,0.000000,0.000000,0.000000,0.000000,0.000000,0.000000,0.000000,0.000000,0.000000,0.000000
0.000000,0.000000,0.000000,0.000000,0.000000,0.000000,0.000000,0.000000,0.000000,0.000000,0.000000,0.000000,0.000000,0.000000,0.000000,0.000000,0.000000,0.000000,0.000000,0.000000,0.000000,0.000000,0.000000,0.000000,0.000000,0.000000,0.000000,0.000000,0.000000,0.000000,0.000000,0.000000,0.000000,0.000000,0.000000,0.000000,0.000000,1000.000118,1000.000147,1000.000171,1000.000190,1000.000205,1000.000220,1000.000232,1000.000242,1000.000249,1000.000253,1000.000255,1000.000256,1000.000256,1000.000256,1000.000256,1000.000256,1000.000256,1000.000256,1000.000255,1000.000253,1000.000249,1000.000242,1000.000232,1000.000220,1000.000205,1000.000190,1000.000171,1000.000147,1000.000118,0.000000,0.000000,0.000000,0.000000,0.000000,0.000000,0.000000,0.000000,0.000000,0.000000,0.000000,0.000000,0.000000,0.000000,0.000000,0.000000,0.000000,0.000000,0.000000,0.000000,0.000000,0.000000,0.000000,0.000000,0.000000,0.000000,0.000000,0.000000,0.000000,0.000000,0.000000,0.000000,0.000000,0.000000,0.000000,0.000000,0.000000
0.000000,0.000000,0.000000,0.000000,0.000000,0.000000,0.000000,0.000000,0.000000,0.000000,0.000000,0.000000,0.000000,0.000000,0.000000,0.000000,0.000000,0.000000,0.000000,0.000000,0.000000,0.000000,0.000000,0.000000,0.000000,0.000000,0.000000,0.000000,0.000000,0.000000,0.000000,0.000000,0.000000,0.000000,1000.000123,1000.000157,1000.000185,1000.000212,1000.000236,1000.000258,1000.000279,1000.000296,1000.000312,1000.000324,1000.000333,1000.000339,1000.000343,1000.000345,1000.000346,1000.000347,1000.000347,1000.000347,1000.000347,1000.000347,1000.000346,1000.000345,1000.000343,1000.000339,1000.000333,1000.000324,1000.000312,1000.000296,1000.000279,1000.000258,1000.000236,1000.000212,1000.000185,1000.000157,1000.000123,0.000000,0.000000,0.000000,0.000000,0.000000,0.000000,0.000000,0.000000,0.000000,0.000000,0.000000,0.000000,0.000000,0.000000,0.000000,0.000000,0.000000,0.000000,0.000000,0.000000,0.000000,0.000000,0.000000,0.000000,0.000000,0.000000,0.000000,0.000000,0.000000,0.000000,0.000000,0.000000,0.000000,0.000000
0.000000,0.000000,0.000000,0.000000,0.000000,0.000000,0.000000,0.000000,0.000000,0.000000,0.000000,0.000000,0.000000,0.000000,0.000000,0.000000,0.000000,0.000000,0.000000,0.000000,0.000000,0.000000,0.000000,0.000000,0.000000,0.000000,0.000000,0.000000,0.000000,0.000000,0.000000,0.000000,1000.000140,1000.000178,1000.000215,1000.000245,1000.000272,1000.000300,1000.000324,1000.000346,1000.000366,1000.000385,1000.000402,1000.000415,1000.000424,1000.000429,1000.000431,1000.000433,1000.000433,1000.000434,1000.000434,1000.000434,1000.000434,1000.000434,1000.000433,1000.000433,1000.000431,1000.000429,1000.000424,1000.000415,1000.000402,1000.000385,1000.000366,1000.000346,1000.000324,1000.000300,1000.000272,1000.000245,1000.000215,1000.000178,1000.000140,0.000000,0.000000,0.000000,0.000000,0.000000,0.000000,0.000000,0.000000,0.000000,0.000000,0.000000,0.000000,0.000000,0.000000,0.000000,0.000000,0.000000,0.000000,0.000000,0.000000,0.000000,0.000000,0.000000,0.000000,0.000000,0.000000,0.000000,0.000000,0.000000,0.000000,0.000000,0.000000
0.000000,0.000000,0.000000,0.000000,0.000000,0.000000,0.000000,0.000000,0.000000,0.000000,0.000000,0.000000,0.000000,0.000000,0.000000,0.000000,0.000000,0.000000,0.000000,0.000000,0.000000,0.000000,0.000000,0.000000,0.000000,0.000000,0.000000,0.000000,0.000000,0.000000,1000.000147,1000.000189,1000.000231,1000.000265,1000.000299,1000.000330,1000.000360,1000.000387,1000.000411,1000.000432,1000.000450,1000.000466,1000.000480,1000.000489,1000.000494,1000.000497,1000.000498,1000.000499,1000.000499,1000.000499,1000.000499,1000.000499,1000.000499,1000.000499,1000.000499,1000.000499,1000.000498,1000.000497,1000.000494,1000.000489,1000.000480,1000.000466,1000.000450,1000.000432,1000.000411,1000.000387,1000.000360,1000.000330,1000.000299,1000.000265,1000.000231,1000.000189,1000.000147,0.000000,0.000000,0.000000,0.000000,0.000000,0.000000,0.000000,0.000000,0.000000,0.000000,0.000000,0.000000,0.000000,0.000000,0.000000,0.000000,0.000000,0.000000,0.000000,0.000000,0.000000,0.000000,0.000000,0.000000,0.000000,0.000000,0.000000,0.000000,0.000000,0.000000
0.000000,0.000000,0.000000,0.000000,0.000000,0.000000,0.000000,0.000000,0.000000,0.000000,0.000000,0.000000,0.000000,0.000000,0.000000,0.000000,0.000000,0.000000,0.000000,0.000000,0.000000,0.000000,0.000000,0.000000,0.000000,0.000000,0.000000,0.000000,1000.000146,1000.000192,1000.000236,1000.000274,1000.000313,1000.000349,1000.000384,1000.000416,1000.000443,1000.000467,1000.000486,1000.000499,1000.000508,1000.000514,1000.000515,1000.000514,1000.000513,1000.000512,1000.000511,1000.000511,1000.000510,1000.000510,1000.000510,1000.000510,1000.000510,1000.000510,1000.000510,1000.000511,1000.000511,1000.000512,1000.000513,1000.000514,1000.000515,1000.000514,1000.000508,1000.000499,1000.000486,1000.000467,1000.000443,1000.000416,1000.000384,1000.000349,1000.000313,1000.000274,1000.000236,1000.000192,1000.000146,0.000000,0.000000,0.000000,0.000000,0.000000,0.000000,0.000000,0.000000,0.000000,0.000000,0.000000,0.000000,0.000000,0.000000,0.000000,0.000000,0.000000,0.000000,0.000000,0.000000,0.000000,0.000000,0.000000,0.000000,0.000000,0.000000,0.000000,0.000000
0.000000,0.000000,0.000000,0.000000,0.000000,0.000000,0.000000,0.000000,0.000000,0.000000,0.000000,0.000000,0.000000,0.000000,0.000000,0.000000,0.000000,0.000000,0.000000,0.000000,0.000000,0.000000,0.000000,0.000000,0.000000,0.000000,1000.000139,1000.000188,1000.000235,1000.000276,1000.000316,1000.000356,1000.000395,1000.000432,1000.000463,1000.000488,1000.000505,1000.000515,1000.000520,1000.000518,1000.000515,1000.000508,1000.000497,1000.000487,1000.000480,1000.000476,1000.000473,1000.000471,1000.000470,1000.000469,1000.000469,1000.000468,1000.000469,1000.000469,1000.000470,1000.000471,1000.000473,1000.000476,1000.000480,1000.000487,1000.000497,1000.000508,1000.000515,1000.000518,1000.000520,1000.000515,1000.000505,1000.000488,1000.000463,1000.000432,1000.000395,1000.000356,1000.000316,1000.000276,1000.000235,1000.000188,1000.000139,0.000000,0.000000,0.000000,0.000000,0.000000,0.000000,0.000000,0.000000,0.000000,0.000000,0.000000,0.000000,0.000000,0.000000,0.000000,0.000000,0.000000,0.000000,0.000000,0.000000,0.000000,0.000000,0.000000,0.000000,0.000000,0.000000
0.000000,0.000000,0.000000,0.000000,0.000000,0.000000,0.000000,0.000000,0.000000,0.000000,0.000000,0.000000,0.000000,0.000000,0.000000,0.000000,0.000000,0.000000,0.000000,0.000000,0.000000,0.000000,0.000000,0.000000,1000.000120,1000.000173,1000.000225,1000.000270,1000.000314,1000.000356,1000.000398,1000.000436,1000.000470,1000.000497,1000.000514,1000.000520,1000.000519,1000.000512,1000.000500,1000.000488,1000.000476,1000.000463,1000.000450,1000.000437,1000.000428,1000.000423,1000.000419,1000.000416,1000.000414,1000.000412,1000.000411,1000.000411,1000.000411,1000.000412,1000.000414,1000.000416,1000.000419,1000.000423,1000.000428,1000.000437,1000.000450,1000.000463,1000.000476,1000.000488,1000.000500,1000.000512,1000.000519,1000.000520,1000.000514,1000.000497,1000.000470,1000.000436,1000.000398,1000.000356,1000.000314,1000.000270,1000.000225,1000.000173,1000.000120,0.000000,0.000000,0.000000,0.000000,0.000000,0.000000,0.000000,0.000000,0.000000,0.000000,0.000000,0.000000,0.000000,0.000000,0.000000,0.000000,0.000000,0.000000,0.000000,0.000000,0.000000,0.000000,0.000000,0.000000
0.000000,0.000000,0.000000,0.000000,0.000000,0.000000,0.000000,0.000000,0.000000,0.000000,0.000000,0.000000,0.000000,0.000000,0.000000,0.000000,0.000000,0.000000,0.000000,0.000000,0.000000,0.000000,0.000000,1000.000144,1000.000203,1000.000253,1000.000302,1000.000349,1000.000394,1000.000435,1000.000471,1000.000499,1000.000516,1000.000521,1000.000516,1000.000503,1000.000487,1000.000470,1000.000453,1000.000436,1000.000422,1000.000409,1000.000397,1000.000386,1000.000377,1000.000371,1000.000366,1000.000362,1000.000359,1000.000357,1000.000356,1000.000356,1000.000356,1000.000357,1000.000359,1000.000362,1000.000366,1000.000371,1000.000377,1000.000386,1000.000397,1000.000409,1000.000422,1000.000436,1000.000453,1000.000470,1000.000487,1000.000503,1000.000516,1000.000521,1000.000516,1000.000499,1000.000471,1000.000435,1000.000394,1000.000349,1000.000302,1000.000253,1000.000203,1000.000144,0.000000,0.000000,0.000000,0.000000,0.000000,0.000000,0.000000,0.000000,0.000000,0.000000,0.000000,0.000000,0.000000,0.000000,0.000000,0.000000,0.000000,0.000000,0.000000,0.000000,0.000000,0.000000,0.000000
0.000000,0.000000,0.000000,0.000000,0.000000,0.000000,0.000000,0.000000,0.000000,0.000000,0.000000,0.000000,0.000000,0.000000,0.000000,0.000000,0.000000,0.000000,0.000000,0.000000,0.000000,1000.000106,1000.000167,1000.000225,1000.000278,1000.000329,1000.000381,1000.000427,1000.000467,1000.000498,1000.000516,1000.000522,1000.000516,1000.000500,1000.000479,1000.000457,1000.000436,1000.000418,1000.000401,1000.000385,1000.000371,1000.000358,1000.000346,1000.000336,1000.000327,1000.000320,1000.000314,1000.000310,1000.000307,1000.000304,1000.000303,1000.000303,1000.000303,1000.000304,1000.000307,1000.000310,1000.000314,1000.000320,1000.000327,1000.000336,1000.000346,1000.000358,1000.000371,1000.000385,1000.000401,1000.000418,1000.000436,1000.000457,1000.000479,1000.000500,1000.000516,1000.000522,1000.000516,1000.000498,1000.000467,1000.000427,1000.000381,1000.000329,1000.000278,1000.000225,1000.000167,1000.000106,0.000000,0.000000,0.000000,0.000000,0.000000,0.000000,0.000000,0.000000,0.000000,0.000000,0.000000,0.000000,0.000000,0.000000,0.000000,0.000000,0.000000,0.000000,0.000000,0.000000,0.000000
0.000000,0.000000,0.000000,0.000000,0.000000,0.000000,0.000000,0.000000,0.000000,0.000000,0.000000,0.000000,0.000000,0.000000,0.000000,0.000000,0.000000,0.000000,0.000000,0.000000,1000.000124,1000.000188,1000.000243,1000.000297,1000.000351,1000.000405,1000.000454,1000.000491,1000.000514,1000.000521,1000.000516,1000.000499,1000.000478,1000.000453,1000.000429,1000.000407,1000.000387,1000.000368,1000.000352,1000.000336,1000.000321,1000.000308,1000.000297,1000.000286,1000.000277,1000.000270,1000.000264,1000.000259,1000.000256,1000.000253,1000.000252,1000.000251,1000.000252,1000.000253,1000.000256,1000.000259,1000.000264,1000.000270,1000.000277,1000.000286,1000.000297,1000.000308,1000.000321,1000.000336,1000.000352,1000.000368,1000.000387,1000.000407,1000.000429,1000.000453,1000.000478,1000.000499,1000.000516,1000.000521,1000.000514,1000.000491,1000.000454,1000.000405,1000.000351,1000.000297,1000.000243,1000.000188,1000.000124,0.000000,0.000000,0.000000,0.000000,0.000000,0.000000,0.000000,0.000000,0.000000,0.000000,0.000000,0.000000,0.000000,0.000000,0.000000,0.000000,0.000000,0.000000,0.000000,0.000000
0.000000,0.000000,0.000000,0.000000,0.000000,0.000000,0.000000,0.000000,0.000000,0.000000,0.000000,0.000000,0.000000,0.000000,0.000000,0.000000,0.000000,0.000000,0.000000,1000.000138,1000.000203,1000.000260,1000.000315,1000.000370,1000.000423,1000.000471,1000.000505,1000.000520,1000.000516,1000.000500,1000.000478,1000.000453,1000.000427,1000.000403,1000.000380,1000.000359,1000.000339,1000.000320,1000.000303,1000.000287,1000.000273,1000.000260,1000.000248,1000.000238,1000.000229,1000.000221,1000.000215,1000.000210,1000.000206,1000.000203,1000.000202,1000.000201,1000.000202,1000.000203,1000.000206,1000.000210,1000.000215,1000.000221,1000.000229,1000.000238,1000.000248,1000.000260,1000.000273,1000.000287,1000.000303,1000.000320,1000.000339,1000.000359,1000.000380,1000.000403,1000.000427,1000.000453,1000.000478,1000.000500,1000.000516,1000.000520,1000.000505,1000.000471,1000.000423,1000.000370,1000.000315,1000.000260,1000.000203,1000.000138,0.000000,0.000000,0.000000,0.000000,0.000000,0.000000,0.000000,0.000000,0.000000,0.000000,0.000000,0.000000,0.000000,0.000000,0.000000,0.000000,0.000000,0.000000,0.000000
0.000000,0.000000,0.000000,0.000000,0.000000,0.000000,0.000000,0.000000,0.000000,0.000000,0.000000,0.000000,0.000000,0.000000,0.000000,0.000000,0.000000,0.000000,1000.000147,1000.000215,1000.000274,1000.000331,1000.000388,1000.000440,1000.000483,1000.000513,1000.000520,1000.000506,1000.000483,1000.000457,1000.000429,1000.000403,1000.000379,1000.000355,1000.000333,1000.000312,1000.000292,1000.000273,1000.000256,1000.000240,1000.000226,1000.000213,1000.000201,1000.000190,1000.000181,1000.000173,1000.000167,1000.000162,1000.000158,1000.000155,1000.000153,1000.000153,1000.000153,1000.000155,1000.000158,1000.000162,1000.000167,1000.000173,1000.000181,1000.000190,1000.000201,1000.000213,1000.000226,1000.000240,1000.000256,1000.000273,1000.000292,1000.000312,1000.000333,1000.000355,1000.000379,1000.000403,1000.000429,1000.000457,1000.000483,1000.000506,1000.000520,1000.000513,1000.000483,1000.000440,1000.000388,1000.000331,1000.000274,1000.000215,1000.000147,0.000000,0.000000,0.000000,0.000000,0.000000,0.000000,0.000000,0.000000,0.000000,0.000000,0.000000,0.000000,0.000000,0.000000,0.000000,0.000000,0.000000,0.000000
0.000000,0.000000,0.000000,0.000000,0.000000,0.000000,0.000000,0.000000,0.000000,0.000000,0.000000,0.000000,0.000000,0.000000,0.000000,0.000000,0.000000,1000.000152,1000.000221,1000.000283,1000.000343,1000.000403,1000.000456,1000.000496,1000.000518,1000.000519,1000.000500,1000.000470,1000.000438,1000.000409,1000.000382,1000.000357,1000.000333,1000.000309,1000.000286,1000.000265,1000.000245,1000.000227,1000.000210,1000.000194,1000.000179,1000.000166,1000.000154,1000.000144,1000.000135,1000.000127,1000.000120,1000.000115,1000.000111,1000.000108,1000.000106,1000.000106,1000.000106,1000.000108,1000.000111,1000.000115,1000.000120,1000.000127,1000.000135,1000.000144,1000.000154,1000.000166,1000.000179,1000.000194,1000.000210,1000.000227,1000.000245,1000.000265,1000.000286,1000.000309,1000.000333,1000.000357,1000.000382,1000.000409,1000.000438,1000.000470,1000.000500,1000.000519,1000.000518,1000.000496,1000.000456,1000.000403,1000.000343,1000.000283,1000.000221,1000.000152,0.000000,0.000000,0.000000,0.000000,0.000000,0.000000,0.000000,0.000000,0.000000,0.000000,0.000000,0.000000,0.000000,0.000000,0.000000,0.000000,0.000000
0.000000,0.000000,0.000000,0.000000,0.000000,0.000000,0.000000,0.000000,0.000000,0.000000,0.000000,0.000000,0.000000,0.000000,0.000000,0.000000,1000.000153,1000.000224,1000.000287,1000.000350,1000.000412,1000.000467,1000.000505,1000.000520,1000.000513,1000.000491,1000.000460,1000.000425,1000.000393,1000.000365,1000.000338,1000.000312,1000.000287,1000.000263,1000.000241,1000.000220,1000.000201,1000.000182,1000.000165,1000.000149,1000.000135,1000.000121,1000.000110,1000.000099,1000.000090,1000.000082,1000.000075,1000.000070,1000.000066,1000.000063,1000.000061,1000.000060,1000.000061,1000.000063,1000.000066,1000.000070,1000.000075,1000.000082,1000.000090,1000.000099,1000.000110,1000.000121,1000.000135,1000.000149,1000.000165,1000.000182,1000.000201,1000.000220,1000.000241,1000.000263,1000.000287,1000.000312,1000.000338,1000.000365,1000.000393,1000.000425,1000.000460,1000.000491,1000.000513,1000.000520,1000.000505,1000.000467,1000.000412,1000.000350,1000.000287,1000.000224,1000.000153,0.000000,0.000000,0.000000,0.000000,0.000000,0.000000,0.000000,0.000000,0.000000,0.000000,0.000000,0.000000,0.000000,0.000000,0.000000,0.000000
0.000000,0.000000,0.000000,0.000000,0.000000,0.000000,0.000000,0.000000,0.000000,0.000000,0.000000,0.000000,0.000000,0.000000,0.000000,1000.000152,1000.000224,1000.000289,1000.000353,1000.000416,1000.000471,1000.000509,1000.000520,1000.000506,1000.000479,1000.000448,1000.000414,1000.000381,1000.000351,1000.000322,1000.000294,1000.000268,1000.000243,1000.000220,1000.000198,1000.000177,1000.000157,1000.000138,1000.000121,1000.000105,1000.000091,1000.000078,1000.000066,1000.000055,1000.000046,1000.000038,1000.000031,1000.000026,1000.000022,1000.000019,1000.000017,1000.000016,1000.000017,1000.000019,1000.000022,1000.000026,1000.000031,1000.000038,1000.000046,1000.000055,1000.000066,1000.000078,1000.000091,1000.000105,1000.000121,1000.000138,1000.000157,1000.000177,1000.000198,1000.000220,1000.000243,1000.000268,1000.000294,1000.000322,1000.000351,1000.000381,1000.000414,1000.000448,1000.000479,1000.000506,1000.000520,1000.000509,1000.000471,1000.000416,1000.000353,1000.000289,1000.000224,1000.000152,0.000000,0.000000,0.000000,0.000000,0.000000,0.000000,0.000000,0.000000,0.000000,0.000000,0.000000,0.000000,0.000000,0.000000,0.000000
0.000000,0.000000,0.000000,0.000000,0.000000,0.000000,0.000000,0.000000,0.000000,0.000000,0.000000,0.000000,0.000000,0.000000,1000.000147,1000.000221,1000.000287,1000.000353,1000.000417,1000.000473,1000.000511,1000.000520,1000.000502,1000.000471,1000.000436,1000.000402,1000.000370,1000.000339,1000.000309,1000.000279,1000.000252,1000.000226,1000.000201,1000.000177,1000.000155,1000.000134,1000.000114,1000.000096,1000.000079,1000.000063,1000.000048,1000.000035,1000.000023,1000.000013,1000.000003,999.999995,999.999989,999.999983,999.999979,999.999976,999.999974,999.999973,999.999974,999.999976,999.999979,999.999983,999.999989,999.999995,1000.000003,1000.000013,1000.000023,1000.000035,1000.000048,1000.000063,1000.000079,1000.000096,1000.000114,1000.000134,1000.000155,1000.000177,1000.000201,1000.000226,1000.000252,1000.000279,1000.000309,1000.000339,1000.000370,1000.000402,1000.000436,1000.000471,1000.000502,1000.000520,1000.000511,1000.000473,1000.000417,1000.000353,1000.000287,1000.000221,1000.000147,0.000000,0.000000,0.000000,0.000000,0.000000,0.000000,0.000000,0.000000,0.000000,0.000000,0.000000,0.000000,0.000000,0.000000
0.000000,0.000000,0.000000,0.000000,0.000000,0.000000,0.000000,0.000000,0.000000,0.000000,0.000000,0.000000,0.000000,1000.000138,1000.000215,1000.000283,1000.000350,1000.000416,1000.000473,1000.000512,1000.000521,1000.000501,1000.000467,1000.000429,1000.000393,1000.000360,1000.000329,1000.000297,1000.000267,1000.000238,1000.000211,1000.000185,1000.000160,1000.000136,1000.000114,1000.000093,1000.000073,1000.000055,1000.000038,1000.000022,1000.000007,999.999994,999.999982,999.999971,999.999962,999.999954,999.999947,999.999942,999.999937,999.999934,999.999932,999.999932,999.999932,999.999934,999.999937,999.999942,999.999947,999.999954,999.999962,999.999971,999.999982,999.999994,1000.000007,1000.000022,1000.000038,1000.000055,1000.000073,1000.000093,1000.000114,1000.000136,1000.000160,1000.000185,1000.000211,1000.000238,1000.000267,1000.000297,1000.000329,1000.000360,1000.000393,1000.000429,1000.000467,1000.000501,1000.000521,1000.000512,1000.000473,1000.000416,1000.000350,1000.000283,1000.000215,1000.000138,0.000000,0.000000,0.000000,0.000000,0.000000,0.000000,0.000000,0.000000,0.000000,0.000000,0.000000,0.000000,0.000000
0.000000,0.000000,0.000000,0.000000,0.000000,0.000000,0.000000,0.000000,0.000000,0.000000,0.000000,0.000000,1000.000124,1000.000203,1000.000274,1000.000343,1000.000412,1000.000471,1000.000511,1000.000521,1000.000500,1000.000466,1000.000426,1000.000388,1000.000354,1000.000321,1000.000288,1000.000257,1000.000227,1000.000198,1000.000171,1000.000145,1000.000120,1000.000096,1000.000074,1000.000053,1000.000033,1000.000015,999.999998,999.999982,999.999967,999.999954,999.999942,999.999931,999.999922,999.999914,999.999907,999.999901,999.999897,999.999894,999.999892,999.999892,999.999892,999.999894,999.999897,999.999901,999.999907,999.999914,999.999922,999.999931,999.999942,999.999954,999.999967,999.999982,999.999998,1000.000015,1000.000033,1000.000053,1000.000074,1000.000096,1000.000120,1000.000145,1000.000171,1000.000198,1000.000227,1000.000257,1000.000288,1000.000321,1000.000354,1000.000388,1000.000426,1000.000466,1000.000500,1000.000521,1000.000511,1000.000471,1000.000412,1000.000343,1000.000274,1000.000203,1000.000124,0.000000,0.000000,0.000000,0.000000,0.000000,0.000000,0.000000,0.000000,0.000000,0.000000,0.000000,0.000000
0.000000,0.000000,0.000000,0.000000,0.000000,0.000000,0.000000,0.000000,0.000000,0.000000,0.000000,1000.000106,1000.000188,1000.000260,1000.000331,1000.000403,1000.000467,1000.000509,1000.000520,1000.000501,1000.000466,1000.000425,1000.000386,1000.000351,1000.000316,1000.000282,1000.000249,1000.000218,1000.000188,1000.000160,1000.000132,1000.000106,1000.000081,1000.000058,1000.000035,1000.000014,999.999995,999.999976,999.999959,999.999943,999.999929,999.999915,999.999903,999.999893,999.999883,999.999875,999.999868,999.999863,999.999858,999.999855,999.999853,999.999853,999.999853,999.999855,999.999858,999.999863,999.999868,999.999875,999.999883,999.999893,999.999903,999.999915,999.999929,999.999943,999.999959,999.999976,999.999995,1000.000014,1000.000035,1000.000058,1000.000081,1000.000106,1000.000132,1000.000160,1000.000188,1000.000218,1000.000249,1000.000282,1000.000316,1000.000351,1000.000386,1000.000425,1000.000466,1000.000501,1000.000520,1000.000509,1000.000467,1000.000403,1000.000331,1000.000260,1000.000188,1000.000106,0.000000,0.000000,0.000000,0.000000,0.000000,0.000000,0.000000,0.000000,0.000000,0.000000,0.000000
0.000000,0.000000,0.000000,0.000000,0.000000,0.000000,0.000000,0.000000,0.000000,0.000000,0.000000,1000.000167,1000.000243,1000.000315,1000.000388,1000.000456,1000.000505,1000.000520,1000.000502,1000.000467,1000.000426,1000.000386,1000.000349,1000.000314,1000.000278,1000.000244,1000.000212,1000.000181,1000.000151,1000.000122,1000.000095,1000.000069,1000.000044,1000.000020,999.999998,999.999977,999.999957,999.999939,999.999922,999.999906,999.999891,999.999878,999.999866,999.999855,999.999846,999.999838,999.999831,999.999825,999.999821,999.999818,999.999816,999.999815,999.999816,999.999818,999.999821,999.999825,999.999831,999.999838,999.999846,999.999855,999.999866,999.999878,999.999891,999.999906,999.999922,999.999939,999.999957,999.999977,999.999998,1000.000020,1000.000044,1000.000069,1000.000095,1000.000122,1000.000151,1000.000181,1000.000212,1000.000244,1000.000278,1000.000314,1000.000349,1000.000386,1000.000426,1000.000467,1000.000502,1000.000520,1000.000505,1000.000456,1000.000388,1000.000315,1000.000243,1000.000167,0.000000,0.000000,0.000000,0.000000,0.000000,0.000000,0.000000,0.000000,0.000000,0.000000,0.000000
0.000000,0.000000,0.000000,0.000000,0.000000,0.000000,0.000000,0.000000,0.000000,0.000000,1000.000144,1000.000225,1000.000297,1000.000370,1000.000440,1000.000496,1000.000520,1000.000506,1000.000471,1000.000429,1000.000388,1000.000351,1000.000314,1000.000277,1000.000241,1000.000208,1000.000176,1000.000144,1000.000114,1000.000086,1000.000058,1000.000032,1000.000007,999.999984,999.999962,999.999941,999.999921,999.999903,999.999885,999.999870,999.999855,999.999842,999.999830,999.999819,999.999810,999.999801,999.999794,999.999789,999.999784,999.999781,999.999779,999.999779,999.999779,999.999781,999.999784,999.999789,999.999794,999.999801,999.999810,999.999819,999.999830,999.999842,999.999855,999.999870,999.999885,999.999903,999.999921,999.999941,999.999962,999.999984,1000.000007,1000.000032,1000.000058,1000.000086,1000.000114,1000.000144,1000.000176,1000.000208,1000.000241,1000.000277,1000.000314,1000.000351,1000.000388,1000.000429,1000.000471,1000.000506,1000.000520,1000.000496,1000.000440,1000.000370,1000.000297,1000.000225,1000.000144,0.000000,0.000000,0.000000,0.000000,0.000000,0.000000,0.000000,0.000000,0.000000,0.000000
0.000000,0.000000,0.000000,0.000000,0.000000,0.000000,0.000000,0.000000,0.000000,1000.000120,1000.000203,1000.000278,1000.000351,1000.000423,1000.000483,1000.000518,1000.000513,1000.000479,1000.000436,1000.000393,1000.000354,1000.000316,1000.000278,1000.000241,1000.000207,1000.000173,1000.000141,1000.000109,1000.000079,1000.000051,1000.000023,999.999997,999.999973,999.999949,999.999927,999.999906,999.999886,999.999868,999.999851,999.999835,999.999820,999.999807,999.999795,999.999784,999.999775,999.999766,999.999759,999.999754,999.999749,999.999746,999.999744,999.999744,999.999744,999.999746,999.999749,999.999754,999.999759,999.999766,999.999775,999.999784,999.999795,999.999807,999.999820,999.999835,999.999851,999.999868,999.999886,999.999906,999.999927,999.999949,999.999973,999.999997,1000.000023,1000.000051,1000.000079,1000.000109,1000.000141,1000.000173,1000.000207,1000.000241,1000.000278,1000.000316,1000.000354,1000.000393,1000.000436,1000.000479,1000.000513,1000.000518,1000.000483,1000.000423,1000.000351,1000.000278,1000.000203,1000.000120,0.000000,0.000000,0.000000,0.000000,0.000000,0.000000,0.000000,0.000000,0.000000
0.000000,0.000000,0.000000,0.000000,0.000000,0.000000,0.000000,0.000000,0.000000,1000.000173,1000.000253,1000.000329,1000.000405,1000.000471,1000.000513,1000.000519,1000.000491,1000.000448,1000.000402,1000.000360,1000.000321,1000.000282,1000.000244,1000.000208,1000.000173,1000.000139,1000.000107,1000.000076,1000.000046,1000.000017,999.999990,999.999964,999.999939,999.999915,999.999893,999.999872,999.999852,999.999834,999.999817,999.999801,999.999786,999.999773,999.999761,999.999750,999.999741,999.999733,999.999726,999.999720,999.999716,999.999712,999.999711,999.999710,999.999711,999.999712,999.999716,999.999720,999.999726,999.999733,999.999741,999.999750,999.999761,999.999773,999.999786,999.999801,999.999817,999.999834,999.999852,999.999872,999.999893,999.999915,999.999939,999.999964,999.999990,1000.000017,1000.000046,1000.000076,1000.000107,1000.000139,1000.000173,1000.000208,1000.000244,1000.000282,1000.000321,1000.000360,1000.000402,1000.000448,1000.000491,1000.000519,1000.000513,1000.000471,1000.000405,1000.000329,1000.000253,1000.000173,0.000000,0.000000,0.000000,0.000000,0.000000,0.000000,0.000000,0.000000,0.000000
0.000000,0.000000,0.000000,0.000000,0.000000,0.000000,0.000000,0.000000,1000.000139,1000.000225,1000.000302,1000.000381,1000.000454,1000.000505,1000.000520,1000.000500,1000.000460,1000.000414,1000.000370,1000.000329,1000.000288,1000.000249,1000.000212,1000.000176,1000.000141,1000.000107,1000.000074,1000.000043,1000.000013,999.999985,999.999957,999.999931,999.999906,999.999883,999.999861,999.999840,999.999820,999.999802,999.999784,999.999769,999.999754,999.999741,999.999729,999.999718,999.999708,999.999700,999.999693,999.999688,999.999683,999.999680,999.999678,999.999677,999.999678,999.999680,999.999683,999.999688,999.999693,999.999700,999.999708,999.999718,999.999729,999.999741,999.999754,999.999769,999.999784,999.999802,999.999820,999.999840,999.999861,999.999883,999.999906,999.999931,999.999957,999.999985,1000.000013,1000.000043,1000.000074,1000.000107,1000.000141,1000.000176,1000.000212,1000.000249,1000.000288,1000.000329,1000.000370,1000.000414,1000.000460,1000.000500,1000.000520,1000.000505,1000.000454,1000.000381,1000.000302,1000.000225,1000.000139,0.000000,0.000000,0.000000,0.000000,0.000000,0.000000,0.000000,0.000000
0.000000,0.000000,0.000000,0.000000,0.000000,0.000000,0.000000,0.000000,1000.000188,1000.000270,1000.000349,1000.000427,1000.000491,1000.000520,1000.000506,1000.000470,1000.000425,1000.000381,1000.000339,1000.000297,1000.000257,1000.000218,1000.000181,1000.000144,1000.000109,1000.000076,1000.000043,1000.000012,999.999982,999.999954,999.999926,999.999900,999.999875,999.999852,999.999830,999.999809,999.999789,999.999771,999.999753,999.999738,999.999723,999.999710,999.999698,999.999687,999.999677,999.999669,999.999662,999.999656,999.999652,999.999649,999.999647,999.999646,999.999647,999.999649,999.999652,999.999656,999.999662,999.999669,999.999677,999.999687,999.999698,999.999710,999.999723,999.999738,999.999753,999.999771,999.999789,999.999809,999.999830,999.999852,999.999875,999.999900,999.999926,999.999954,999.999982,1000.000012,1000.000043,1000.000076,1000.000109,1000.000144,1000.000181,1000.000218,1000.000257,1000.000297,1000.000339,1000.000381,1000.000425,1000.000470,1000.000506,1000.000520,1000.000491,1000.000427,1000.000349,1000.000270,1000.000188,0.000000,0.000000,0.000000,0.000000,0.000000,0.000000,0.000000,0.000000
0.000000,0.000000,0.000000,0.000000,0.000000,0.000000,0.000000,1000.000146,1000.000235,1000.000314,1000.000394,1000.000467,1000.000514,1000.000516,1000.000483,1000.000438,1000.000393,1000.000351,1000.000309,1000.000267,1000.000227,1000.000188,1000.000151,1000.000114,1000.000079,1000.000046,1000.000013,999.999982,999.999952,999.999924,999.999896,999.999870,999.999846,999.999822,999.999800,999.999779,999.999759,999.999741,999.999724,999.999708,999.999693,999.999680,999.999668,999.999657,999.999647,999.999639,999.999632,999.999627,999.999622,999.999619,999.999617,999.999616,999.999617,999.999619,999.999622,999.999627,999.999632,999.999639,999.999647,999.999657,999.999668,999.999680,999.999693,999.999708,999.999724,999.999741,999.999759,999.999779,999.999800,999.999822,999.999846,999.999870,999.999896,999.999924,999.999952,999.999982,1000.000013,1000.000046,1000.000079,1000.000114,1000.000151,1000.000188,1000.000227,1000.000267,1000.000309,1000.000351,1000.000393,1000.000438,1000.000483,1000.000516,1000.000514,1000.000467,1000.000394,1000.000314,1000.000235,1000.000146,0.000000,0.000000,0.000000,0.000000,0.000000,0.000000,0.000000
0.000000,0.000000,0.000000,0.000000,0.000000,0.000000,0.000000,1000.000192,1000.000276,1000.000356,1000.000435,1000.000498,1000.000521,1000.000500,1000.000457,1000.000409,1000.000365,1000.000322,1000.000279,1000.000238,1000.000198,1000.000160,1000.000122,1000.000086,1000.000051,1000.000017,999.999985,999.999954,999.999924,999.999895,999.999868,999.999842,999.999817,999.999793,999.999771,999.999750,999.999731,999.999712,999.999695,999.999679,999.999664,999.999651,999.999639,999.999628,999.999619,999.999611,999.999604,999.999598,999.999593,999.999590,999.999588,999.999588,999.999588,999.999590,999.999593,999.999598,999.999604,999.999611,999.999619,999.999628,999.999639,999.999651,999.999664,999.999679,999.999695,999.999712,999.999731,999.999750,999.999771,999.999793,999.999817,999.999842,999.999868,999.999895,999.999924,999.999954,999.999985,1000.000017,1000.000051,1000.000086,1000.000122,1000.000160,1000.000198,1000.000238,1000.000279,1000.000322,1000.000365,1000.000409,1000.000457,1000.000500,1000.000521,1000.000498,1000.000435,1000.000356,1000.000276,1000.000192,0.000000,0.000000,0.000000,0.000000,0.000000,0.000000,0.000000
0.000000,0.000000,0.000000,0.000000,0.000000,0.000000,1000.000147,1000.000236,1000.000316,1000.000398,1000.000471,1000.000516,1000.000516,1000.000478,1000.000429,1000.000382,1000.000338,1000.000294,1000.000252,1000.000211,1000.000171,1000.000132,1000.000095,1000.000058,1000.000023,999.999990,999.999957,999.999926,999.999896,999.999868,999.999840,999.999814,999.999790,999.999766,999.999744,999.999723,999.999703,999.999685,999.999668,999.999652,999.999637,999.999624,999.999612,999.999601,999.999591,999.999583,999.999576,999.999571,999.999566,999.999563,999.999561,999.999560,999.999561,999.999563,999.999566,999.999571,999.999576,999.999583,999.999591,999.999601,999.999612,999.999624,999.999637,999.999652,999.999668,999.999685,999.999703,999.999723,999.999744,999.999766,999.999790,999.999814,999.999840,999.999868,999.999896,999.999926,999.999957,999.999990,1000.000023,1000.000058,1000.000095,1000.000132,1000.000171,1000.000211,1000.000252,1000.000294,1000.000338,1000.000382,1000.000429,1000.000478,1000.000516,1000.000516,1000.000471,1000.000398,1000.000316,1000.000236,1000.000147,0.000000,0.000000,0.000000,0.000000,0.000000,0.000000
0.000000,0.000000,0.000000,0.000000,0.000000,0.000000,1000.000189,1000.000274,1000.000356,1000.000436,1000.000499,1000.000522,1000.000499,1000.000453,1000.000403,1000.000357,1000.000312,1000.000268,1000.000226,1000.000185,1000.000145,1000.000106,1000.000069,1000.000032,999.999997,999.999964,999.999931,999.999900,999.999870,999.999842,999.999814,999.999788,999.999764,999.999740,999.999718,999.999697,999.999677,999.999659,999.999642,999.999626,999.999611,999.999598,999.999586,999.999575,999.999565,999.999557,999.999550,999.999544,999.999540,999.999537,999.999535,999.999534,999.999535,999.999537,999.999540,999.999544,999.999550,999.999557,999.999565,999.999575,999.999586,999.999598,999.999611,999.999626,999.999642,999.999659,999.999677,999.999697,999.999718,999.999740,999.999764,999.999788,999.999814,999.999842,999.999870,999.999900,999.999931,999.999964,999.999997,1000.000032,1000.000069,1000.000106,1000.000145,1000.000185,1000.000226,1000.000268,1000.000312,1000.000357,1000.000403,1000.000453,1000.000499,1000.000522,1000.000499,1000.000436,1000.000356,1000.000274,1000.000189,0.000000,0.000000,0.000000,0.000000,0.000000,0.000000
0.000000,0.000000,0.000000,0.000000,0.000000,1000.000140,1000.000231,1000.000313,1000.000395,1000.000470,1000.000516,1000.000516,1000.000478,1000.000427,1000.000379,1000.000333,1000.000287,1000.000243,1000.000201,1000.000160,1000.000120,1000.000081,1000.000044,1000.000007,999.999973,999.999939,999.999906,999.999875,999.999846,999.999817,999.999790,999.999764,999.999739,999.999715,999.999693,999.999672,999.999652,999.999634,999.999617,999.999601,999.999586,999.999573,999.999561,999.999550,999.999541,999.999532,999.999525,999.999520,999.999515,999.999512,999.999510,999.999510,999.999510,999.999512,999.999515,999.999520,999.999525,999.999532,999.999541,999.999550,999.999561,999.999573,999.999586,999.999601,999.999617,999.999634,999.999652,999.999672,999.999693,999.999715,999.999739,999.999764,999.999790,999.999817,999.999846,999.999875,999.999906,999.999939,999.999973,1000.000007,1000.000044,1000.000081,1000.000120,1000.000160,1000.000201,1000.000243,1000.000287,1000.000333,1000.000379,1000.000427,1000.000478,1000.000516,1000.000516,1000.000470,1000.000395,1000.000313,1000.000231,1000.000140,0.000000,0.000000,0.000000,0.000000,0.000000
0.000000,0.000000,0.000000,0.000000,0.000000,1000.000178,1000.000265,1000.000349,1000.000432,1000.000497,1000.000521,1000.000500,1000.000453,1000.000403,1000.000355,1000.000309,1000.000263,1000.000220,1000.000177,1000.000136,1000.000096,1000.000058,1000.000020,999.999984,999.999949,999.999915,999.999883,999.999852,999.999822,999.999793,999.999766,999.999740,999.999715,999.999692,999.999670,999.999649,999.999629,999.999610,999.999593,999.999577,999.999563,999.999549,999.999537,999.999527,999.999517,999.999509,999.999502,999.999496,999.999492,999.999489,999.999487,999.999486,999.999487,999.999489,999.999492,999.999496,999.999502,999.999509,999.999517,999.999527,999.999537,999.999549,999.999563,999.999577,999.999593,999.999610,999.999629,999.999649,999.999670,999.999692,999.999715,999.999740,999.999766,999.999793,999.999822,999.999852,999.999883,999.999915,999.999949,999.999984,1000.000020,1000.000058,1000.000096,1000.000136,1000.000177,1000.000220,1000.000263,1000.000309,1000.000355,1000.000403,1000.000453,1000.000500,1000.000521,1000.000497,1000.000432,1000.000349,1000.000265,1000.000178,0.000000,0.000000,0.000000,0.000000,0.000000
0.000000,0.000000,0.000000,0.000000,1000.000123,1000.000215,1000.000299,1000.000384,1000.000463,1000.000514,1000.000516,1000.000479,1000.000429,1000.000380,1000.000333,1000.000286,1000.000241,1000.000198,1000.000155,1000.000114,1000.000074,1000.000035,999.999998,999.999962,999.999927,999.999893,999.999861,999.999830,999.999800,999.999771,999.999744,999.999718,999.999693,999.999670,999.999647,999.999626,999.999607,999.999588,999.999571,999.999555,999.999541,999.999527,999.999515,999.999504,999.999495,999.999487,999.999480,999.999474,999.999469,999.999466,999.999464,999.999464,999.999464,999.999466,999.999469,999.999474,999.999480,999.999487,999.999495,999.999504,999.999515,999.999527,999.999541,999.999555,999.999571,999.999588,999.999607,999.999626,999.999647,999.999670,999.999693,999.999718,999.999744,999.999771,999.999800,999.999830,999.999861,999.999893,999.999927,999.999962,999.999998,1000.000035,1000.000074,1000.000114,1000.000155,1000.000198,1000.000241,1000.000286,1000.000333,1000.000380,1000.000429,1000.000479,1000.000516,1000.000514,1000.000463,1000.000384,1000.000299,1000.000215,1000.000123,0.000000,0.000000,0.000000,0.000000
0.000000,0.000000,0.000000,0.000000,1000.000157,1000.000245,1000.000330,1000.000416,1000.000488,1000.000520,1000.000503,1000.000457,1000.000407,1000.000359,1000.000312,1000.000265,1000.000220,1000.000177,1000.000134,1000.000093,1000.000053,1000.000014,999.999977,999.999941,999.999906,999.999872,999.999840,999.999809,999.999779,999.999750,999.999723,999.999697,999.999672,999.999649,999.999626,999.999605,999.999586,999.999567,999.999550,999.999534,999.999520,999.999506,999.999494,999.999483,999.999474,999.999466,999.999459,999.999453,999.999448,999.999445,999.999443,999.999443,999.999443,999.999445,999.999448,999.999453,999.999459,999.999466,999.999474,999.999483,999.999494,999.999506,999.999520,999.999534,999.999550,999.999567,999.999586,999.999605,999.999626,999.999649,999.999672,999.999697,999.999723,999.999750,999.999779,999.999809,999.999840,999.999872,999.999906,999.999941,999.999977,1000.000014,1000.000053,1000.000093,1000.000134,1000.000177,1000.000220,1000.000265,1000.000312,1000.000359,1000.000407,1000.000457,1000.000503,1000.000520,1000.000488,1000.000416,1000.000330,1000.000245,1000.000157,0.000000,0.000000,0.000000,0.000000
