0.000000,0.000000,0.000000,0.000000,0.000000,0.000000,0.000000,0.000000,0.000000,0.000000,0.000000,0.000000,0.000000,0.000000,0.000000,0.000000,0.000000,0.000000,0.000000,0.000000,0.000000,0.000000,0.000000,0.000000,0.000000,0.000000,0.000000,0.000000,0.000000,0.000000,0.000000,0.000000,0.000000,0.000000,0.000000,0.000000,0.000000,0.000000,0.000000,0.000000,0.000000,0.000000,0.000000,0.000000,0.000000,0.000000,0.000000,0.000000,0.000000,0.000000,0.000000,0.000000,0.000000,0.000000,0.000000,0.000000,0.000000,0.000000,0.000000,0.000000,0.000000,0.000000,0.000000,0.000000,0.000000,0.000000,0.000000,0.000000,0.000000,0.000000,0.000000,0.000000,0.000000,0.000000,0.000000,0.000000,0.000000,0.000000,0.000000,0.000000,0.000000,0.000000,0.000000,0.000000,0.000000,0.000000,0.000000,0.000000,0.000000,0.000000,0.000000,0.000000,0.000000,0.000000,0.000000,0.000000,0.000000,0.000000,0.000000,0.000000,0.000000,0.000000,0.000000
0.000000,0.000000,0.000000,0.000000,0.000000,0.000000,0.000000,0.000000,0.000000,0.000000,0.000000,0.000000,0.000000,0.000000,0.000000,0.000000,0.000000,0.000000,0.000000,0.000000,0.000000,0.000000,0.000000,0.000000,0.000000,0.000000,0.000000,0.000000,0.000000,0.000000,0.000000,0.000000,0.000000,0.000000,0.000000,0.000000,0.000000,0.000000,0.000000,0.000000,0.000000,0.000000,0.000000,0.000000,0.000000,0.000000,0.000000,0.000000,0.000000,0.000000,0.000000,1000.000083,0.000000,0.000000,0.000000,0.000000,0.000000,0.000000,0.000000,0.000000,0.000000,0.000000,0.000000,0.000000,0.000000,0.000000,0.000000,0.000000,0.000000,0.000000,0.000000,0.000000,0.000000,0.000000,0.000000,0.000000,0.000000,0.000000,0.000000,0.000000,0.000000,0.000000,0.000000,0.000000,0.000000,0.000000,0.000000,0.000000,0.000000,0.000000,0.000000,0.000000,0.000000,0.000000,0.000000,0.000000,0.000000,0.000000,0.000000,0.000000,0.000000,0.000000,0.000000
0.000000,0.000000,0.000000,0.000000,0.000000,0.000000,0.000000,0.000000,0.000000,0.000000,0.000000,0.000000,0.000000,0.000000,0.000000,0.000000,0.000000,0.000000,0.000000,0.000000,0.000000,0.000000,0.000000,0.000000,0.000000,0.000000,0.000000,0.000000,0.000000,0.000000,0.000000,0.000000,0.000000,0.000000,0.000000,0.000000,0.000000,0.000000,0.000000,0.000000,0.000000,0.000000,1000.000151,1000.000175,1000.000188,1000.000194,1000.000198,1000.000199,1000.000199,1000.000198,1000.000197,1000.000203,1000.000197,1000.000198,1000.000199,1000.000199,1000.000198,1000.000194,1000.000188,1000.000175,1000.000151,0.000000,0.000000,0.000000,0.000000,0.000000,0.000000,0.000000,0.000000,0.000000,0.000000,0.000000,0.000000,0.000000,0.000000,0.000000,0.000000,0.000000,0.000000,0.000000,0.000000,0.000000,0.000000,0.000000,0.000000,0.000000,0.000000,0.000000,0.000000,0.000000,0.000000,0.000000,0.000000,0.000000,0.000000,0.000000,0.000000,0.000000,0.000000,0.000000,0.000000,0.000000,0.000000
0.000000,0.000000,0.000000,0.000000,0.000000,0.000000,0.000000,0.000000,0.000000,0.000000,0.000000,0.000000,0.000000,0.000000,0.000000,0.000000,0.000000,0.000000,0.000000,0.000000,0.000000,0.000000,0.000000,0.000000,0.000000,0.000000,0.000000,0.000000,0.000000,0.000000,0.000000,0.000000,0.000000,0.000000,0.000000,0.000000,0.000000,1000.000145,1000.000181,1000.000210,1000.000233,1000.000252,1000.000270,1000.000286,1000.000298,1000.000306,1000.000311,1000.000313,1000.000314,1000.000315,1000.000314,1000.000315,1000.000314,1000.000315,1000.000314,1000.000313,1000.000311,1000.000306,1000.000298,1000.000286,1000.000270,1000.000252,1000.000233,1000.000210,1000.000181,1000.000145,0.000000,0.000000,0.000000,0.000000,0.000000,0.000000,0.000000,0.000000,0.000000,0.000000,0.000000,0.000000,0.000000,0.000000,0.000000,0.000000,0.000000,0.000000,0.000000,0.000000,0.000000,0.000000,0.000000,0.000000,0.000000,0.000000,0.000000,0.000000,0.000000,0.000000,0.000000,0.000000,0.000000,0.000000,0.000000,0.000000,0.000000
0.000000,0.000000,0.000000,0.000000,0.000000,0.000000,0.000000,0.000000,0.000000,0.000000,0.000000,0.000000,0.000000,0.000000,0.000000,0.000000,0.000000,0.000000,0.000000,0.000000,0.000000,0.000000,0.000000,0.000000,0.000000,0.000000,0.000000,0.000000,0.000000,0.000000,0.000000,0.000000,0.000000,0.000000,1000.000151,1000.000193,1000.000227,1000.000261,1000.000291,1000.000317,1000.000342,1000.000363,1000.000383,1000.000398,1000.000410,1000.000417,1000.000422,1000.000424,1000.000426,1000.000426,1000.000427,1000.000426,1000.000427,1000.000426,1000.000426,1000.000424,1000.000422,1000.000417,1000.000410,1000.000398,1000.000383,1000.000363,1000.000342,1000.000317,1000.000291,1000.000261,1000.000227,1000.000193,1000.000151,0.000000,0.000000,0.000000,0.000000,0.000000,0.000000,0.000000,0.000000,0.000000,0.000000,0.000000,0.000000,0.000000,0.000000,0.000000,0.000000,0.000000,0.000000,0.000000,0.000000,0.000000,0.000000,0.000000,0.000000,0.000000,0.000000,0.000000,0.000000,0.000000,0.000000,0.000000,0.000000,0.000000,0.000000
0.000000,0.000000,0.000000,0.000000,0.000000,0.000000,0.000000,0.000000,0.000000,0.000000,0.000000,0.000000,0.000000,0.000000,0.000000,0.000000,0.000000,0.000000,0.000000,0.000000,0.000000,0.000000,0.000000,0.000000,0.000000,0.000000,0.000000,0.000000,0.000000,0.000000,0.000000,0.000000,1000.000173,1000.000219,1000.000264,1000.000301,1000.000335,1000.000368,1000.000398,1000.000425,1000.000450,1000.000473,1000.000494,1000.000510,1000.000520,1000.000526,1000.000529,1000.000531,1000.000532,1000.000532,1000.000533,1000.000532,1000.000533,1000.000532,1000.000532,1000.000531,1000.000529,1000.000526,1000.000520,1000.000510,1000.000494,1000.000473,1000.000450,1000.000425,1000.000398,1000.000368,1000.000335,1000.000301,1000.000264,1000.000219,1000.000173,0.000000,0.000000,0.000000,0.000000,0.000000,0.000000,0.000000,0.000000,0.000000,0.000000,0.000000,0.000000,0.000000,0.000000,0.000000,0.000000,0.000000,0.000000,0.000000,0.000000,0.000000,0.000000,0.000000,0.000000,0.000000,0.000000,0.000000,0.000000,0.000000,0.000000,0.000000,0.000000
0.000000,0.000000,0.000000,0.000000,0.000000,0.000000,0.000000,0.000000,0.000000,0.000000,0.000000,0.000000,0.000000,0.000000,0.000000,0.000000,0.000000,0.000000,0.000000,0.000000,0.000000,0.000000,0.000000,0.000000,0.000000,0.000000,0.000000,0.000000,0.000000,0.000000,1000.000181,1000.000233,1000.000284,1000.000326,1000.000367,1000.000405,1000.000442,1000.000476,1000.000505,1000.000530,1000.000551,1000.000571,1000.000588,1000.000599,1000.000605,1000.000608,1000.000610,1000.000611,1000.000611,1000.000611,1000.000611,1000.000611,1000.000611,1000.000611,1000.000611,1000.000611,1000.000610,1000.000608,1000.000605,1000.000599,1000.000588,1000.000571,1000.000551,1000.000530,1000.000505,1000.000476,1000.000442,1000.000405,1000.000367,1000.000326,1000.000284,1000.000233,1000.000181,0.000000,0.000000,0.000000,0.000000,0.000000,0.000000,0.000000,0.000000,0.000000,0.000000,0.000000,0.000000,0.000000,0.000000,0.000000,0.000000,0.000000,0.000000,0.000000,0.000000,0.000000,0.000000,0.000000,0.000000,0.000000,0.000000,0.000000,0.000000,0.000000,0.000000
0.000000,0.000000,0.000000,0.000000,0.000000,0.000000,0.000000,0.000000,0.000000,0.000000,0.000000,0.000000,0.000000,0.000000,0.000000,0.000000,0.000000,0.000000,0.000000,0.000000,0.000000,0.000000,0.000000,0.000000,0.000000,0.000000,0.000000,0.000000,1000.000180,1000.000236,1000.000290,1000.000337,1000.000384,1000.000429,1000.000472,1000.000510,1000.000544,1000.000572,1000.000596,1000.000611,1000.000622,1000.000629,1000.000631,1000.000630,1000.000628,1000.000627,1000.000626,1000.000625,1000.000625,1000.000624,1000.000624,1000.000624,1000.000624,1000.000624,1000.000625,1000.000625,1000.000626,1000.000627,1000.000628,1000.000630,1000.000631,1000.000629,1000.000622,1000.000611,1000.000596,1000.000572,1000.000544,1000.000510,1000.000472,1000.000429,1000.000384,1000.000337,1000.000290,1000.000236,1000.000180,0.000000,0.000000,0.000000,0.000000,0.000000,0.000000,0.000000,0.000000,0.000000,0.000000,0.000000,0.000000,0.000000,0.000000,0.000000,0.000000,0.000000,0.000000,0.000000,0.000000,0.000000,0.000000,0.000000,0.000000,0.000000,0.000000,0.000000,0.000000
0.000000,0.000000,0.000000,0.000000,0.000000,0.000000,0.000000,0.000000,0.000000,0.000000,0.000000,0.000000,0.000000,0.000000,0.000000,0.000000,0.000000,0.000000,0.000000,0.000000,0.000000,0.000000,0.000000,0.000000,0.000000,0.000000,1000.000171,1000.000231,1000.000288,1000.000339,1000.000389,1000.000438,1000.000486,1000.000530,1000.000568,1000.000598,1000.000618,1000.000631,1000.000636,1000.000635,1000.000630,1000.000622,1000.000609,1000.000597,1000.000589,1000.000584,1000.000581,1000.000579,1000.000577,1000.000576,1000.000575,1000.000575,1000.000575,1000.000576,1000.000577,1000.000579,1000.000581,1000.000584,1000.000589,1000.000597,1000.000609,1000.000622,1000.000630,1000.000635,1000.000636,1000.000631,1000.000618,1000.000598,1000.000568,1000.000530,1000.000486,1000.000438,1000.000389,1000.000339,1000.000288,1000.000231,1000.000171,0.000000,0.000000,0.000000,0.000000,0.000000,0.000000,0.000000,0.000000,0.000000,0.000000,0.000000,0.000000,0.000000,0.000000,0.000000,0.000000,0.000000,0.000000,0.000000,0.000000,0.000000,0.000000,0.000000,0.000000,0.000000,0.000000
0.000000,0.000000,0.000000,0.000000,0.000000,0.000000,0.000000,0.000000,0.000000,0.000000,0.000000,0.000000,0.000000,0.000000,0.000000,0.000000,0.000000,0.000000,0.000000,0.000000,0.000000,0.000000,0.000000,0.000000,1000.000147,1000.000213,1000.000277,1000.000331,1000.000386,1000.000438,1000.000489,1000.000535,1000.000576,1000.000608,1000.000629,1000.000636,1000.000635,1000.000627,1000.000613,1000.000599,1000.000584,1000.000568,1000.000552,1000.000537,1000.000527,1000.000520,1000.000515,1000.000511,1000.000509,1000.000507,1000.000506,1000.000505,1000.000506,1000.000507,1000.000509,1000.000511,1000.000515,1000.000520,1000.000527,1000.000537,1000.000552,1000.000568,1000.000584,1000.000599,1000.000613,1000.000627,1000.000635,1000.000636,1000.000629,1000.000608,1000.000576,1000.000535,1000.000489,1000.000438,1000.000386,1000.000331,1000.000277,1000.000213,1000.000147,0.000000,0.000000,0.000000,0.000000,0.000000,0.000000,0.000000,0.000000,0.000000,0.000000,0.000000,0.000000,0.000000,0.000000,0.000000,0.000000,0.000000,0.000000,0.000000,0.000000,0.000000,0.000000,0.000000,0.000000
0.000000,0.000000,0.000000,0.000000,0.000000,0.000000,0.000000,0.000000,0.000000,0.000000,0.000000,0.000000,0.000000,0.000000,0.000000,0.000000,0.000000,0.000000,0.000000,0.000000,0.000000,0.000000,0.000000,1000.000177,1000.000249,1000.000311,1000.000371,1000.000429,1000.000484,1000.000534,1000.000577,1000.000611,1000.000632,1000.000638,1000.000632,1000.000616,1000.000597,1000.000577,1000.000556,1000.000536,1000.000519,1000.000503,1000.000488,1000.000475,1000.000464,1000.000456,1000.000450,1000.000445,1000.000442,1000.000439,1000.000438,1000.000437,1000.000438,1000.000439,1000.000442,1000.000445,1000.000450,1000.000456,1000.000464,1000.000475,1000.000488,1000.000503,1000.000519,1000.000536,1000.000556,1000.000577,1000.000597,1000.000616,1000.000632,1000.000638,1000.000632,1000.000611,1000.000577,1000.000534,1000.000484,1000.000429,1000.000371,1000.000311,1000.000249,1000.000177,0.000000,0.000000,0.000000,0.000000,0.000000,0.000000,0.000000,0.000000,0.000000,0.000000,0.000000,0.000000,0.000000,0.000000,0.000000,0.000000,0.000000,0.000000,0.000000,0.000000,0.000000,0.000000,0.000000
0.000000,0.000000,0.000000,0.000000,0.000000,0.000000,0.000000,0.000000,0.000000,0.000000,0.000000,0.000000,0.000000,0.000000,0.000000,0.000000,0.000000,0.000000,0.000000,0.000000,0.000000,1000.000131,1000.000205,1000.000277,1000.000341,1000.000405,1000.000468,1000.000524,1000.000572,1000.000609,1000.000632,1000.000639,1000.000631,1000.000613,1000.000588,1000.000562,1000.000536,1000.000514,1000.000493,1000.000473,1000.000456,1000.000440,1000.000426,1000.000413,1000.000402,1000.000393,1000.000386,1000.000381,1000.000377,1000.000374,1000.000373,1000.000372,1000.000373,1000.000374,1000.000377,1000.000381,1000.000386,1000.000393,1000.000402,1000.000413,1000.000426,1000.000440,1000.000456,1000.000473,1000.000493,1000.000514,1000.000536,1000.000562,1000.000588,1000.000613,1000.000631,1000.000639,1000.000632,1000.000609,1000.000572,1000.000524,1000.000468,1000.000405,1000.000341,1000.000277,1000.000205,1000.000131,0.000000,0.000000,0.000000,0.000000,0.000000,0.000000,0.000000,0.000000,0.000000,0.000000,0.000000,0.000000,0.000000,0.000000,0.000000,0.000000,0.000000,0.000000,0.000000,0.000000,0.000000
0.000000,0.000000,0.000000,0.000000,0.000000,0.000000,0.000000,0.000000,0.000000,0.000000,0.000000,0.000000,0.000000,0.000000,0.000000,0.000000,0.000000,0.000000,0.000000,0.000000,1000.000153,1000.000231,1000.000299,1000.000365,1000.000432,1000.000498,1000.000556,1000.000601,1000.000628,1000.000638,1000.000631,1000.000612,1000.000586,1000.000557,1000.000527,1000.000500,1000.000475,1000.000453,1000.000432,1000.000413,1000.000395,1000.000379,1000.000364,1000.000352,1000.000341,1000.000332,1000.000324,1000.000319,1000.000314,1000.000311,1000.000309,1000.000309,1000.000309,1000.000311,1000.000314,1000.000319,1000.000324,1000.000332,1000.000341,1000.000352,1000.000364,1000.000379,1000.000395,1000.000413,1000.000432,1000.000453,1000.000475,1000.000500,1000.000527,1000.000557,1000.000586,1000.000612,1000.000631,1000.000638,1000.000628,1000.000601,1000.000556,1000.000498,1000.000432,1000.000365,1000.000299,1000.000231,1000.000153,0.000000,0.000000,0.000000,0.000000,0.000000,0.000000,0.000000,0.000000,0.000000,0.000000,0.000000,0.000000,0.000000,0.000000,0.000000,0.000000,0.000000,0.000000,0.000000,0.000000
0.000000,0.000000,0.000000,0.000000,0.000000,0.000000,0.000000,0.000000,0.000000,0.000000,0.000000,0.000000,0.000000,0.000000,0.000000,0.000000,0.000000,0.000000,0.000000,1000.000170,1000.000250,1000.000320,1000.000387,1000.000454,1000.000519,1000.000577,1000.000618,1000.000636,1000.000632,1000.000614,1000.000587,1000.000557,1000.000525,1000.000495,1000.000467,1000.000441,1000.000417,1000.000394,1000.000372,1000.000353,1000.000335,1000.000319,1000.000305,1000.000292,1000.000281,1000.000272,1000.000264,1000.000258,1000.000253,1000.000250,1000.000248,1000.000247,1000.000248,1000.000250,1000.000253,1000.000258,1000.000264,1000.000272,1000.000281,1000.000292,1000.000305,1000.000319,1000.000335,1000.000353,1000.000372,1000.000394,1000.000417,1000.000441,1000.000467,1000.000495,1000.000525,1000.000557,1000.000587,1000.000614,1000.000632,1000.000636,1000.000618,1000.000577,1000.000519,1000.000454,1000.000387,1000.000320,1000.000250,1000.000170,0.000000,0.000000,0.000000,0.000000,0.000000,0.000000,0.000000,0.000000,0.000000,0.000000,0.000000,0.000000,0.000000,0.000000,0.000000,0.000000,0.000000,0.000000,0.000000
0.000000,0.000000,0.000000,0.000000,0.000000,0.000000,0.000000,0.000000,0.000000,0.000000,0.000000,0.000000,0.000000,0.000000,0.000000,0.000000,0.000000,0.000000,1000.000181,1000.000264,1000.000337,1000.000407,1000.000477,1000.000539,1000.000592,1000.000628,1000.000637,1000.000621,1000.000593,1000.000561,1000.000528,1000.000496,1000.000465,1000.000436,1000.000409,1000.000383,1000.000358,1000.000335,1000.000314,1000.000295,1000.000277,1000.000261,1000.000247,1000.000234,1000.000223,1000.000213,1000.000205,1000.000199,1000.000194,1000.000191,1000.000189,1000.000188,1000.000189,1000.000191,1000.000194,1000.000199,1000.000205,1000.000213,1000.000223,1000.000234,1000.000247,1000.000261,1000.000277,1000.000295,1000.000314,1000.000335,1000.000358,1000.000383,1000.000409,1000.000436,1000.000465,1000.000496,1000.000528,1000.000561,1000.000593,1000.000621,1000.000637,1000.000628,1000.000592,1000.000539,1000.000477,1000.000407,1000.000337,1000.000264,1000.000181,0.000000,0.000000,0.000000,0.000000,0.000000,0.000000,0.000000,0.000000,0.000000,0.000000,0.000000,0.000000,0.000000,0.000000,0.000000,0.000000,0.000000,0.000000
0.000000,0.000000,0.000000,0.000000,0.000000,0.000000,0.000000,0.000000,0.000000,0.000000,0.000000,0.000000,0.000000,0.000000,0.000000,0.000000,0.000000,1000.000186,1000.000272,1000.000348,1000.000422,1000.000495,1000.000560,1000.000607,1000.000634,1000.000635,1000.000613,1000.000577,1000.000539,1000.000503,1000.000470,1000.000439,1000.000409,1000.000380,1000.000352,1000.000326,1000.000302,1000.000279,1000.000258,1000.000239,1000.000221,1000.000205,1000.000190,1000.000177,1000.000166,1000.000156,1000.000148,1000.000142,1000.000137,1000.000133,1000.000131,1000.000130,1000.000131,1000.000133,1000.000137,1000.000142,1000.000148,1000.000156,1000.000166,1000.000177,1000.000190,1000.000205,1000.000221,1000.000239,1000.000258,1000.000279,1000.000302,1000.000326,1000.000352,1000.000380,1000.000409,1000.000439,1000.000470,1000.000503,1000.000539,1000.000577,1000.000613,1000.000635,1000.000634,1000.000607,1000.000560,1000.000495,1000.000422,1000.000348,1000.000272,1000.000186,0.000000,0.000000,0.000000,0.000000,0.000000,0.000000,0.000000,0.000000,0.000000,0.000000,0.000000,0.000000,0.000000,0.000000,0.000000,0.000000,0.000000
0.000000,0.000000,0.000000,0.000000,0.000000,0.000000,0.000000,0.000000,0.000000,0.000000,0.000000,0.000000,0.000000,0.000000,0.000000,0.000000,1000.000188,1000.000276,1000.000353,1000.000430,1000.000506,1000.000572,1000.000618,1000.000636,1000.000629,1000.000603,1000.000565,1000.000523,1000.000483,1000.000448,1000.000416,1000.000384,1000.000353,1000.000324,1000.000297,1000.000271,1000.000247,1000.000224,1000.000203,1000.000183,1000.000166,1000.000149,1000.000135,1000.000122,1000.000111,1000.000101,1000.000093,1000.000086,1000.000081,1000.000077,1000.000075,1000.000074,1000.000075,1000.000077,1000.000081,1000.000086,1000.000093,1000.000101,1000.000111,1000.000122,1000.000135,1000.000149,1000.000166,1000.000183,1000.000203,1000.000224,1000.000247,1000.000271,1000.000297,1000.000324,1000.000353,1000.000384,1000.000416,1000.000448,1000.000483,1000.000523,1000.000565,1000.000603,1000.000629,1000.000636,1000.000618,1000.000572,1000.000506,1000.000430,1000.000353,1000.000276,1000.000188,0.000000,0.000000,0.000000,0.000000,0.000000,0.000000,0.000000,0.000000,0.000000,0.000000,0.000000,0.000000,0.000000,0.000000,0.000000,0.000000
0.000000,0.000000,0.000000,0.000000,0.000000,0.000000,0.000000,0.000000,0.000000,0.000000,0.000000,0.000000,0.000000,0.000000,0.000000,1000.000186,1000.000276,1000.000355,1000.000433,1000.000510,1000.000577,1000.000623,1000.000636,1000.000620,1000.000588,1000.000550,1000.000508,1000.000468,1000.000431,1000.000396,1000.000362,1000.000330,1000.000299,1000.000270,1000.000243,1000.000217,1000.000193,1000.000170,1000.000149,1000.000130,1000.000112,1000.000096,1000.000081,1000.000068,1000.000057,1000.000047,1000.000039,1000.000032,1000.000027,1000.000023,1000.000021,1000.000020,1000.000021,1000.000023,1000.000027,1000.000032,1000.000039,1000.000047,1000.000057,1000.000068,1000.000081,1000.000096,1000.000112,1000.000130,1000.000149,1000.000170,1000.000193,1000.000217,1000.000243,1000.000270,1000.000299,1000.000330,1000.000362,1000.000396,1000.000431,1000.000468,1000.000508,1000.000550,1000.000588,1000.000620,1000.000636,1000.000623,1000.000577,1000.000510,1000.000433,1000.000355,1000.000276,1000.000186,0.000000,0.000000,0.000000,0.000000,0.000000,0.000000,0.000000,0.000000,0.000000,0.000000,0.000000,0.000000,0.000000,0.000000,0.000000
0.000000,0.000000,0.000000,0.000000,0.000000,0.000000,0.000000,0.000000,0.000000,0.000000,0.000000,0.000000,0.000000,0.000000,1000.000181,1000.000272,1000.000353,1000.000433,1000.000512,1000.000580,1000.000625,1000.000637,1000.000615,1000.000578,1000.000536,1000.000494,1000.000454,1000.000416,1000.000380,1000.000344,1000.000309,1000.000278,1000.000247,1000.000218,1000.000191,1000.000165,1000.000141,1000.000118,1000.000097,1000.000078,1000.000060,1000.000044,1000.000029,1000.000016,1000.000004,999.999995,999.999986,999.999979,999.999974,999.999970,999.999968,999.999967,999.999968,999.999970,999.999974,999.999979,999.999986,999.999995,1000.000004,1000.000016,1000.000029,1000.000044,1000.000060,1000.000078,1000.000097,1000.000118,1000.000141,1000.000165,1000.000191,1000.000218,1000.000247,1000.000278,1000.000309,1000.000344,1000.000380,1000.000416,1000.000454,1000.000494,1000.000536,1000.000578,1000.000615,1000.000637,1000.000625,1000.000580,1000.000512,1000.000433,1000.000353,1000.000272,1000.000181,0.000000,0.000000,0.000000,0.000000,0.000000,0.000000,0.000000,0.000000,0.000000,0.000000,0.000000,0.000000,0.000000,0.000000
0.000000,0.000000,0.000000,0.000000,0.000000,0.000000,0.000000,0.000000,0.000000,0.000000,0.000000,0.000000,0.000000,1000.000170,1000.000264,1000.000348,1000.000430,1000.000510,1000.000580,1000.000626,1000.000637,1000.000614,1000.000574,1000.000528,1000.000483,1000.000443,1000.000404,1000.000366,1000.000328,1000.000293,1000.000259,1000.000227,1000.000196,1000.000167,1000.000140,1000.000114,1000.000090,1000.000068,1000.000046,1000.000027,1000.000009,999.999993,999.999978,999.999965,999.999954,999.999944,999.999935,999.999928,999.999923,999.999919,999.999917,999.999916,999.999917,999.999919,999.999923,999.999928,999.999935,999.999944,999.999954,999.999965,999.999978,999.999993,1000.000009,1000.000027,1000.000046,1000.000068,1000.000090,1000.000114,1000.000140,1000.000167,1000.000196,1000.000227,1000.000259,1000.000293,1000.000328,1000.000366,1000.000404,1000.000443,1000.000483,1000.000528,1000.000574,1000.000614,1000.000637,1000.000626,1000.000580,1000.000510,1000.000430,1000.000348,1000.000264,1000.000170,0.000000,0.000000,0.000000,0.000000,0.000000,0.000000,0.000000,0.000000,0.000000,0.000000,0.000000,0.000000,0.000000
0.000000,0.000000,0.000000,0.000000,0.000000,0.000000,0.000000,0.000000,0.000000,0.000000,0.000000,0.000000,1000.000153,1000.000250,1000.000337,1000.000422,1000.000506,1000.000577,1000.000625,1000.000637,1000.000614,1000.000572,1000.000524,1000.000477,1000.000435,1000.000395,1000.000354,1000.000316,1000.000279,1000.000244,1000.000210,1000.000178,1000.000147,1000.000118,1000.000091,1000.000065,1000.000041,1000.000018,999.999997,999.999978,999.999960,999.999944,999.999929,999.999916,999.999904,999.999894,999.999886,999.999879,999.999874,999.999870,999.999868,999.999867,999.999868,999.999870,999.999874,999.999879,999.999886,999.999894,999.999904,999.999916,999.999929,999.999944,999.999960,999.999978,999.999997,1000.000018,1000.000041,1000.000065,1000.000091,1000.000118,1000.000147,1000.000178,1000.000210,1000.000244,1000.000279,1000.000316,1000.000354,1000.000395,1000.000435,1000.000477,1000.000524,1000.000572,1000.000614,1000.000637,1000.000625,1000.000577,1000.000506,1000.000422,1000.000337,1000.000250,1000.000153,0.000000,0.000000,0.000000,0.000000,0.000000,0.000000,0.000000,0.000000,0.000000,0.000000,0.000000,0.000000
0.000000,0.000000,0.000000,0.000000,0.000000,0.000000,0.000000,0.000000,0.000000,0.000000,0.000000,1000.000131,1000.000231,1000.000320,1000.000407,1000.000495,1000.000572,1000.000623,1000.000637,1000.000614,1000.000572,1000.000523,1000.000475,1000.000431,1000.000388,1000.000346,1000.000306,1000.000268,1000.000232,1000.000196,1000.000162,1000.000130,1000.000100,1000.000071,1000.000044,1000.000018,999.999994,999.999971,999.999950,999.999930,999.999913,999.999896,999.999882,999.999868,999.999857,999.999847,999.999838,999.999831,999.999826,999.999822,999.999820,999.999819,999.999820,999.999822,999.999826,999.999831,999.999838,999.999847,999.999857,999.999868,999.999882,999.999896,999.999913,999.999930,999.999950,999.999971,999.999994,1000.000018,1000.000044,1000.000071,1000.000100,1000.000130,1000.000162,1000.000196,1000.000232,1000.000268,1000.000306,1000.000346,1000.000388,1000.000431,1000.000475,1000.000523,1000.000572,1000.000614,1000.000637,1000.000623,1000.000572,1000.000495,1000.000407,1000.000320,1000.000231,1000.000131,0.000000,0.000000,0.000000,0.000000,0.000000,0.000000,0.000000,0.000000,0.000000,0.000000,0.000000
0.000000,0.000000,0.000000,0.000000,0.000000,0.000000,0.000000,0.000000,0.000000,0.000000,0.000000,1000.000205,1000.000299,1000.000387,1000.000477,1000.000560,1000.000618,1000.000636,1000.000615,1000.000574,1000.000524,1000.000475,1000.000429,1000.000385,1000.000342,1000.000300,1000.000260,1000.000222,1000.000185,1000.000150,1000.000116,1000.000084,1000.000054,1000.000025,999.999998,999.999972,999.999948,999.999925,999.999904,999.999884,999.999867,999.999850,999.999836,999.999822,999.999811,999.999801,999.999792,999.999785,999.999780,999.999776,999.999774,999.999773,999.999774,999.999776,999.999780,999.999785,999.999792,999.999801,999.999811,999.999822,999.999836,999.999850,999.999867,999.999884,999.999904,999.999925,999.999948,999.999972,999.999998,1000.000025,1000.000054,1000.000084,1000.000116,1000.000150,1000.000185,1000.000222,1000.000260,1000.000300,1000.000342,1000.000385,1000.000429,1000.000475,1000.000524,1000.000574,1000.000615,1000.000636,1000.000618,1000.000560,1000.000477,1000.000387,1000.000299,1000.000205,0.000000,0.000000,0.000000,0.000000,0.000000,0.000000,0.000000,0.000000,0.000000,0.000000,0.000000
0.000000,0.000000,0.000000,0.000000,0.000000,0.000000,0.000000,0.000000,0.000000,0.000000,1000.000177,1000.000277,1000.000365,1000.000454,1000.000539,1000.000607,1000.000636,1000.000620,1000.000578,1000.000528,1000.000477,1000.000431,1000.000385,1000.000340,1000.000297,1000.000256,1000.000216,1000.000178,1000.000141,1000.000106,1000.000072,1000.000040,1000.000009,999.999980,999.999953,999.999927,999.999903,999.999881,999.999860,999.999840,999.999822,999.999806,999.999791,999.999778,999.999766,999.999756,999.999748,999.999741,999.999735,999.999731,999.999729,999.999728,999.999729,999.999731,999.999735,999.999741,999.999748,999.999756,999.999766,999.999778,999.999791,999.999806,999.999822,999.999840,999.999860,999.999881,999.999903,999.999927,999.999953,999.999980,1000.000009,1000.000040,1000.000072,1000.000106,1000.000141,1000.000178,1000.000216,1000.000256,1000.000297,1000.000340,1000.000385,1000.000431,1000.000477,1000.000528,1000.000578,1000.000620,1000.000636,1000.000607,1000.000539,1000.000454,1000.000365,1000.000277,1000.000177,0.000000,0.000000,0.000000,0.000000,0.000000,0.000000,0.000000,0.000000,0.000000,0.000000
0.000000,0.000000,0.000000,0.000000,0.000000,0.000000,0.000000,0.000000,0.000000,1000.000147,1000.000249,1000.000341,1000.000432,1000.000519,1000.000592,1000.000634,1000.000629,1000.000588,1000.000536,1000.000483,1000.000435,1000.000388,1000.000342,1000.000297,1000.000254,1000.000213,1000.000173,1000.000135,1000.000098,1000.000063,1000.000029,999.999997,999.999967,999.999938,999.999910,999.999884,999.999860,999.999838,999.999817,999.999797,999.999779,999.999763,999.999748,999.999735,999.999723,999.999713,999.999705,999.999698,999.999692,999.999688,999.999686,999.999685,999.999686,999.999688,999.999692,999.999698,999.999705,999.999713,999.999723,999.999735,999.999748,999.999763,999.999779,999.999797,999.999817,999.999838,999.999860,999.999884,999.999910,999.999938,999.999967,999.999997,1000.000029,1000.000063,1000.000098,1000.000135,1000.000173,1000.000213,1000.000254,1000.000297,1000.000342,1000.000388,1000.000435,1000.000483,1000.000536,1000.000588,1000.000629,1000.000634,1000.000592,1000.000519,1000.000432,1000.000341,1000.000249,1000.000147,0.000000,0.000000,0.000000,0.000000,0.000000,0.000000,0.000000,0.000000,0.000000
0.000000,0.000000,0.000000,0.000000,0.000000,0.000000,0.000000,0.000000,0.000000,1000.000213,1000.000311,1000.000405,1000.000498,1000.000577,1000.000628,1000.000635,1000.000603,1000.000550,1000.000494,1000.000443,1000.000395,1000.000346,1000.000300,1000.000256,1000.000213,1000.000171,1000.000131,1000.000093,1000.000057,1000.000021,999.999988,999.999956,999.999925,999.999896,999.999869,999.999843,999.999819,999.999796,999.999775,999.999756,999.999738,999.999722,999.999707,999.999694,999.999682,999.999672,999.999663,999.999656,999.999651,999.999647,999.999645,999.999644,999.999645,999.999647,999.999651,999.999656,999.999663,999.999672,999.999682,999.999694,999.999707,999.999722,999.999738,999.999756,999.999775,999.999796,999.999819,999.999843,999.999869,999.999896,999.999925,999.999956,999.999988,1000.000021,1000.000057,1000.000093,1000.000131,1000.000171,1000.000213,1000.000256,1000.000300,1000.000346,1000.000395,1000.000443,1000.000494,1000.000550,1000.000603,1000.000635,1000.000628,1000.000577,1000.000498,1000.000405,1000.000311,1000.000213,0.000000,0.000000,0.000000,0.000000,0.000000,0.000000,0.000000,0.000000,0.000000
0.000000,0.000000,0.000000,0.000000,0.000000,0.000000,0.000000,0.000000,1000.000171,1000.000277,1000.000371,1000.000468,1000.000556,1000.000618,1000.000637,1000.000613,1000.000565,1000.000508,1000.000454,1000.000404,1000.000354,1000.000306,1000.000260,1000.000216,1000.000173,1000.000131,1000.000092,1000.000053,1000.000017,999.999981,999.999948,999.999916,999.999885,999.999856,999.999829,999.999803,999.999779,999.999757,999.999736,999.999716,999.999698,999.999682,999.999667,999.999654,999.999642,999.999632,999.999623,999.999616,999.999611,999.999607,999.999605,999.999604,999.999605,999.999607,999.999611,999.999616,999.999623,999.999632,999.999642,999.999654,999.999667,999.999682,999.999698,999.999716,999.999736,999.999757,999.999779,999.999803,999.999829,999.999856,999.999885,999.999916,999.999948,999.999981,1000.000017,1000.000053,1000.000092,1000.000131,1000.000173,1000.000216,1000.000260,1000.000306,1000.000354,1000.000404,1000.000454,1000.000508,1000.000565,1000.000613,1000.000637,1000.000618,1000.000556,1000.000468,1000.000371,1000.000277,1000.000171,0.000000,0.000000,0.000000,0.000000,0.000000,0.000000,0.000000,0.000000
0.000000,0.000000,0.000000,0.000000,0.000000,0.000000,0.000000,0.000000,1000.000231,1000.000331,1000.000429,1000.000524,1000.000601,1000.000636,1000.000621,1000.000577,1000.000523,1000.000468,1000.000416,1000.000366,1000.000316,1000.000268,1000.000222,1000.000178,1000.000135,1000.000093,1000.000053,1000.000015,999.999978,999.999943,999.999910,999.999878,999.999847,999.999818,999.999791,999.999765,999.999741,999.999718,999.999697,999.999678,999.999660,999.999644,999.999629,999.999615,999.999604,999.999594,999.999585,999.999578,999.999573,999.999569,999.999566,999.999566,999.999566,999.999569,999.999573,999.999578,999.999585,999.999594,999.999604,999.999615,999.999629,999.999644,999.999660,999.999678,999.999697,999.999718,999.999741,999.999765,999.999791,999.999818,999.999847,999.999878,999.999910,999.999943,999.999978,1000.000015,1000.000053,1000.000093,1000.000135,1000.000178,1000.000222,1000.000268,1000.000316,1000.000366,1000.000416,1000.000468,1000.000523,1000.000577,1000.000621,1000.000636,1000.000601,1000.000524,1000.000429,1000.000331,1000.000231,0.000000,0.000000,0.000000,0.000000,0.000000,0.000000,0.000000,0.000000
0.000000,0.000000,0.000000,0.000000,0.000000,0.000000,0.000000,1000.000180,1000.000288,1000.000386,1000.000484,1000.000572,1000.000628,1000.000632,1000.000593,1000.000539,1000.000483,1000.000431,1000.000380,1000.000328,1000.000279,1000.000232,1000.000185,1000.000141,1000.000098,1000.000057,1000.000017,999.999978,999.999942,999.999907,999.999873,999.999841,999.999810,999.999782,999.999754,999.999728,999.999704,999.999682,999.999661,999.999641,999.999623,999.999607,999.999592,999.999579,999.999567,999.999557,999.999548,999.999541,999.999536,999.999532,999.999530,999.999529,999.999530,999.999532,999.999536,999.999541,999.999548,999.999557,999.999567,999.999579,999.999592,999.999607,999.999623,999.999641,999.999661,999.999682,999.999704,999.999728,999.999754,999.999782,999.999810,999.999841,999.999873,999.999907,999.999942,999.999978,1000.000017,1000.000057,1000.000098,1000.000141,1000.000185,1000.000232,1000.000279,1000.000328,1000.000380,1000.000431,1000.000483,1000.000539,1000.000593,1000.000632,1000.000628,1000.000572,1000.000484,1000.000386,1000.000288,1000.000180,0.000000,0.000000,0.000000,0.000000,0.000000,0.000000,0.000000
0.000000,0.000000,0.000000,0.000000,0.000000,0.000000,0.000000,1000.000236,1000.000339,1000.000438,1000.000534,1000.000609,1000.000638,1000.000614,1000.000561,1000.000503,1000.000448,1000.000396,1000.000344,1000.000293,1000.000244,1000.000196,1000.000150,1000.000106,1000.000063,1000.000021,999.999981,999.999943,999.999907,999.999871,999.999838,999.999806,999.999775,999.999746,999.999719,999.999693,999.999669,999.999647,999.999625,999.999606,999.999588,999.999572,999.999557,999.999544,999.999532,999.999522,999.999513,999.999506,999.999501,999.999497,999.999495,999.999494,999.999495,999.999497,999.999501,999.999506,999.999513,999.999522,999.999532,999.999544,999.999557,999.999572,999.999588,999.999606,999.999625,999.999647,999.999669,999.999693,999.999719,999.999746,999.999775,999.999806,999.999838,999.999871,999.999907,999.999943,999.999981,1000.000021,1000.000063,1000.000106,1000.000150,1000.000196,1000.000244,1000.000293,1000.000344,1000.000396,1000.000448,1000.000503,1000.000561,1000.000614,1000.000638,1000.000609,1000.000534,1000.000438,1000.000339,1000.000236,0.000000,0.000000,0.000000,0.000000,0.000000,0.000000,0.000000
0.000000,0.000000,0.000000,0.000000,0.000000,0.000000,1000.000181,1000.000290,1000.000389,1000.000489,1000.000577,1000.000632,1000.000631,1000.000587,1000.000528,1000.000470,1000.000416,1000.000362,1000.000309,1000.000259,1000.000210,1000.000162,1000.000116,1000.000072,1000.000029,999.999988,999.999948,999.999910,999.999873,999.999838,999.999804,999.999772,999.999742,999.999713,999.999686,999.999660,999.999636,999.999613,999.999592,999.999572,999.999555,999.999538,999.999523,999.999510,999.999498,999.999488,999.999480,999.999473,999.999467,999.999463,999.999461,999.999460,999.999461,999.999463,999.999467,999.999473,999.999480,999.999488,999.999498,999.999510,999.999523,999.999538,999.999555,999.999572,999.999592,999.999613,999.999636,999.999660,999.999686,999.999713,999.999742,999.999772,999.999804,999.999838,999.999873,999.999910,999.999948,999.999988,1000.000029,1000.000072,1000.000116,1000.000162,1000.000210,1000.000259,1000.000309,1000.000362,1000.000416,1000.000470,1000.000528,1000.000587,1000.000631,1000.000632,1000.000577,1000.000489,1000.000389,1000.000290,1000.000181,0.000000,0.000000,0.000000,0.000000,0.000000,0.000000
0.000000,0.000000,0.000000,0.000000,0.000000,0.000000,1000.000233,1000.000337,1000.000438,1000.000535,1000.000611,1000.000639,1000.000612,1000.000557,1000.000496,1000.000439,1000.000384,1000.000330,1000.000278,1000.000227,1000.000178,1000.000130,1000.000084,1000.000040,999.999997,999.999956,999.999916,999.999878,999.999841,999.999806,999.999772,999.999740,999.999710,999.999681,999.999654,999.999628,999.999604,999.999581,999.999560,999.999540,999.999523,999.999506,999.999491,999.999478,999.999466,999.999456,999.999448,999.999441,999.999435,999.999431,999.999429,999.999428,999.999429,999.999431,999.999435,999.999441,999.999448,999.999456,999.999466,999.999478,999.999491,999.999506,999.999523,999.999540,999.999560,999.999581,999.999604,999.999628,999.999654,999.999681,999.999710,999.999740,999.999772,999.999806,999.999841,999.999878,999.999916,999.999956,999.999997,1000.000040,1000.000084,1000.000130,1000.000178,1000.000227,1000.000278,1000.000330,1000.000384,1000.000439,1000.000496,1000.000557,1000.000612,1000.000639,1000.000611,1000.000535,1000.000438,1000.000337,1000.000233,0.000000,0.000000,0.000000,0.000000,0.000000,0.000000
0.000000,0.000000,0.000000,0.000000,0.000000,1000.000173,1000.000284,1000.000384,1000.000486,1000.000576,1000.000632,1000.000631,1000.000586,1000.000525,1000.000465,1000.000409,1000.000353,1000.000299,1000.000247,1000.000196,1000.000147,1000.000100,1000.000054,1000.000009,999.999967,999.999925,999.999885,999.999847,999.999810,999.999775,999.999742,999.999710,999.999679,999.999650,999.999623,999.999597,999.999573,999.999551,999.999530,999.999510,999.999492,999.999476,999.999461,999.999448,999.999436,999.999426,999.999417,999.999410,999.999405,999.999401,999.999399,999.999398,999.999399,999.999401,999.999405,999.999410,999.999417,999.999426,999.999436,999.999448,999.999461,999.999476,999.999492,999.999510,999.999530,999.999551,999.999573,999.999597,999.999623,999.999650,999.999679,999.999710,999.999742,999.999775,999.999810,999.999847,999.999885,999.999925,999.999967,1000.000009,1000.000054,1000.000100,1000.000147,1000.000196,1000.000247,1000.000299,1000.000353,1000.000409,1000.000465,1000.000525,1000.000586,1000.000631,1000.000632,1000.000576,1000.000486,1000.000384,1000.000284,1000.000173,0.000000,0.000000,0.000000,0.000000,0.000000
0.000000,0.000000,0.000000,0.000000,0.000000,1000.000219,1000.000326,1000.000429,1000.000530,1000.000608,1000.000638,1000.000613,1000.000557,1000.000495,1000.000436,1000.000380,1000.000324,1000.000270,1000.000218,1000.000167,1000.000118,1000.000071,1000.000025,999.999980,999.999938,999.999896,999.999856,999.999818,999.999782,999.999746,999.999713,999.999681,999.999650,999.999622,999.999594,999.999569,999.999544,999.999522,999.999501,999.999481,999.999463,999.999447,999.999432,999.999419,999.999407,999.999397,999.999388,999.999381,999.999376,999.999372,999.999370,999.999369,999.999370,999.999372,999.999376,999.999381,999.999388,999.999397,999.999407,999.999419,999.999432,999.999447,999.999463,999.999481,999.999501,999.999522,999.999544,999.999569,999.999594,999.999622,999.999650,999.999681,999.999713,999.999746,999.999782,999.999818,999.999856,999.999896,999.999938,999.999980,1000.000025,1000.000071,1000.000118,1000.000167,1000.000218,1000.000270,1000.000324,1000.000380,1000.000436,1000.000495,1000.000557,1000.000613,1000.000638,1000.000608,1000.000530,1000.000429,1000.000326,1000.000219,0.000000,0.000000,0.000000,0.000000,0.000000
0.000000,0.000000,0.000000,0.000000,1000.000151,1000.000264,1000.000367,1000.000472,1000.000568,1000.000629,1000.000632,1000.000588,1000.000527,1000.000467,1000.000409,1000.000352,1000.000297,1000.000243,1000.000191,1000.000140,1000.000091,1000.000044,999.999998,999.999953,999.999910,999.999869,999.999829,999.999791,999.999754,999.999719,999.999686,999.999654,999.999623,999.999594,999.999567,999.999541,999.999517,999.999494,999.999473,999.999454,999.999436,999.999419,999.999405,999.999391,999.999380,999.999370,999.999361,999.999354,999.999349,999.999345,999.999342,999.999341,999.999342,999.999345,999.999349,999.999354,999.999361,999.999370,999.999380,999.999391,999.999405,999.999419,999.999436,999.999454,999.999473,999.999494,999.999517,999.999541,999.999567,999.999594,999.999623,999.999654,999.999686,999.999719,999.999754,999.999791,999.999829,999.999869,999.999910,999.999953,999.999998,1000.000044,1000.000091,1000.000140,1000.000191,1000.000243,1000.000297,1000.000352,1000.000409,1000.000467,1000.000527,1000.000588,1000.000632,1000.000629,1000.000568,1000.000472,1000.000367,1000.000264,1000.000151,0.000000,0.000000,0.000000,0.000000
0.000000,0.000000,0.000000,0.000000,1000.000193,1000.000301,1000.000405,1000.000510,1000.000598,1000.000636,1000.000616,1000.000562,1000.000500,1000.000441,1000.000383,1000.000326,1000.000271,1000.000217,1000.000165,1000.000114,1000.000065,1000.000018,999.999972,999.999927,999.999884,999.999843,999.999803,999.999765,999.999728,999.999693,999.999660,999.999628,999.999597,999.999569,999.999541,999.999515,999.999491,999.999469,999.999448,999.999428,999.999410,999.999394,999.999379,999.999366,999.999354,999.999344,999.999335,999.999328,999.999323,999.999319,999.999316,999.999316,999.999316,999.999319,999.999323,999.999328,999.999335,999.999344,999.999354,999.999366,999.999379,999.999394,999.999410,999.999428,999.999448,999.999469,999.999491,999.999515,999.999541,999.999569,999.999597,999.999628,999.999660,999.999693,999.999728,999.999765,999.999803,999.999843,999.999884,999.999927,999.999972,1000.000018,1000.000065,1000.000114,1000.000165,1000.000217,1000.000271,1000.000326,1000.000383,1000.000441,1000.000500,1000.000562,1000.000616,1000.000636,1000.000598,1000.000510,1000.000405,1000.000301,1000.000193,0.000000,0.000000,0.000000,0.000000
