0.000000,0.000000,0.000000,0.000000,0.000000,0.000000,0.000000,0.000000,0.000000,0.000000,0.000000,0.000000,0.000000,0.000000,0.000000,0.000000,0.000000,0.000000,0.000000,0.000000,0.000000,0.000000,0.000000,0.000000,0.000000,0.000000,0.000000,0.000000,0.000000,0.000000,0.000000,0.000000,0.000000,0.000000,0.000000,0.000000,0.000000,0.000000,0.000000,0.000000,0.000000,0.000000,0.000000,0.000000,0.000000,0.000000,0.000000,0.000000,0.000000,0.000000,0.000000,0.000000,0.000000,0.000000,0.000000,0.000000,0.000000,0.000000,0.000000,0.000000,0.000000,0.000000,0.000000,0.000000,0.000000,0.000000,0.000000,0.000000,0.000000,0.000000,0.000000,0.000000,0.000000,0.000000,0.000000,0.000000,0.000000,0.000000,0.000000,0.000000,0.000000,0.000000,0.000000,0.000000,0.000000,0.000000,0.000000,0.000000,0.000000,0.000000,0.000000,0.000000,0.000000,0.000000,0.000000,0.000000,0.000000,0.000000,0.000000,0.000000,0.000000,0.000000,0.000000
0.000000,0.000000,0.000000,0.000000,0.000000,0.000000,0.000000,0.000000,0.000000,0.000000,0.000000,0.000000,0.000000,0.000000,0.000000,0.000000,0.000000,0.000000,0.000000,0.000000,0.000000,0.000000,0.000000,0.000000,0.000000,0.000000,0.000000,0.000000,0.000000,0.000000,0.000000,0.000000,0.000000,0.000000,0.000000,0.000000,0.000000,0.000000,0.000000,0.000000,0.000000,0.000000,0.000000,0.000000,0.000000,0.000000,0.000000,0.000000,0.000000,0.000000,0.000000,1000.000054,0.000000,0.000000,0.000000,0.000000,0.000000,0.000000,0.000000,0.000000,0.000000,0.000000,0.000000,0.000000,0.000000,0.000000,0.000000,0.000000,0.000000,0.000000,0.000000,0.000000,0.000000,0.000000,0.000000,0.000000,0.000000,0.000000,0.000000,0.000000,0.000000,0.000000,0.000000,0.000000,0.000000,0.000000,0.000000,0.000000,0.000000,0.000000,0.000000,0.000000,0.000000,0.000000,0.000000,0.000000,0.000000,0.000000,0.000000,0.000000,0.000000,0.000000,0.000000
0.000000,0.000000,0.000000,0.000000,0.000000,0.000000,0.000000,0.000000,0.000000,0.000000,0.000000,0.000000,0.000000,0.000000,0.000000,0.000000,0.000000,0.000000,0.000000,0.000000,0.000000,0.000000,0.000000,0.000000,0.000000,0.000000,0.000000,0.000000,0.000000,0.000000,0.000000,0.000000,0.000000,0.000000,0.000000,0.000000,0.000000,0.000000,0.000000,0.000000,0.000000,0.000000,1000.000099,1000.000115,1000.000124,1000.000128,1000.000130,1000.000131,1000.000131,1000.000130,1000.000130,1000.000133,1000.000130,1000.000130,1000.000131,1000.000131,1000.000130,1000.000128,1000.000124,1000.000115,1000.000099,0.000000,0.000000,0.000000,0.000000,0.000000,0.000000,0.000000,0.000000,0.000000,0.000000,0.000000,0.000000,0.000000,0.000000,0.000000,0.000000,0.000000,0.000000,0.000000,0.000000,0.000000,0.000000,0.000000,0.000000,0.000000,0.000000,0.000000,0.000000,0.000000,0.000000,0.000000,0.000000,0.000000,0.000000,0.000000,0.000000,0.000000,0.000000,0.000000,0.000000,0.000000,0.000000
0.000000,0.000000,0.000000,0.000000,0.000000,0.000000,0.000000,0.000000,0.000000,0.000000,0.000000,0.000000,0.000000,0.000000,0.000000,0.000000,0.000000,0.000000,0.000000,0.000000,0.000000,0.000000,0.000000,0.000000,0.000000,0.000000,0.000000,0.000000,0.000000,0.000000,0.000000,0.000000,0.000000,0.000000,0.000000,0.000000,0.000000,1000.000095,1000.000119,1000.000138,1000.000153,1000.000166,1000.000177,1000.000188,1000.000196,1000.000201,1000.000204,1000.000206,1000.000207,1000.000207,1000.000207,1000.000207,1000.000207,1000.000207,1000.000207,1000.000206,1000.000204,1000.000201,1000.000196,1000.000188,1000.000177,1000.000166,1000.000153,1000.000138,1000.000119,1000.000095,0.000000,0.000000,0.000000,0.000000,0.000000,0.000000,0.000000,0.000000,0.000000,0.000000,0.000000,0.000000,0.000000,0.000000,0.000000,0.000000,0.000000,0.000000,0.000000,0.000000,0.000000,0.000000,0.000000,0.000000,0.000000,0.000000,0.000000,0.000000,0.000000,0.000000,0.000000,0.000000,0.000000,0.000000,0.000000,0.000000,0.000000
0.000000,0.000000,0.000000,0.000000,0.000000,0.000000,0.000000,0.000000,0.000000,0.000000,0.000000,0.000000,0.000000,0.000000,0.000000,0.000000,0.000000,0.000000,0.000000,0.000000,0.000000,0.000000,0.000000,0.000000,0.000000,0.000000,0.000000,0.000000,0.000000,0.000000,0.000000,0.000000,0.000000,0.000000,1000.000099,1000.000127,1000.000149,1000.000172,1000.000191,1000.000209,1000.000225,1000.000239,1000.000252,1000.000262,1000.000269,1000.000274,1000.000277,1000.000279,1000.000280,1000.000280,1000.000280,1000.000280,1000.000280,1000.000280,1000.000280,1000.000279,1000.000277,1000.000274,1000.000269,1000.000262,1000.000252,1000.000239,1000.000225,1000.000209,1000.000191,1000.000172,1000.000149,1000.000127,1000.000099,0.000000,0.000000,0.000000,0.000000,0.000000,0.000000,0.000000,0.000000,0.000000,0.000000,0.000000,0.000000,0.000000,0.000000,0.000000,0.000000,0.000000,0.000000,0.000000,0.000000,0.000000,0.000000,0.000000,0.000000,0.000000,0.000000,0.000000,0.000000,0.000000,0.000000,0.000000,0.000000,0.000000,0.000000
0.000000,0.000000,0.000000,0.000000,0.000000,0.000000,0.000000,0.000000,0.000000,0.000000,0.000000,0.000000,0.000000,0.000000,0.000000,0.000000,0.000000,0.000000,0.000000,0.000000,0.000000,0.000000,0.000000,0.000000,0.000000,0.000000,0.000000,0.000000,0.000000,0.000000,0.000000,0.000000,1000.000113,1000.000144,1000.000173,1000.000198,1000.000220,1000.000242,1000.000262,1000.000279,1000.000296,1000.000311,1000.000325,1000.000336,1000.000343,1000.000347,1000.000349,1000.000350,1000.000351,1000.000351,1000.000351,1000.000351,1000.000351,1000.000351,1000.000351,1000.000350,1000.000349,1000.000347,1000.000343,1000.000336,1000.000325,1000.000311,1000.000296,1000.000279,1000.000262,1000.000242,1000.000220,1000.000198,1000.000173,1000.000144,1000.000113,0.000000,0.000000,0.000000,0.000000,0.000000,0.000000,0.000000,0.000000,0.000000,0.000000,0.000000,0.000000,0.000000,0.000000,0.000000,0.000000,0.000000,0.000000,0.000000,0.000000,0.000000,0.000000,0.000000,0.000000,0.000000,0.000000,0.000000,0.000000,0.000000,0.000000,0.000000,0.000000
0.000000,0.000000,0.000000,0.000000,0.000000,0.000000,0.000000,0.000000,0.000000,0.000000,0.000000,0.000000,0.000000,0.000000,0.000000,0.000000,0.000000,0.000000,0.000000,0.000000,0.000000,0.000000,0.000000,0.000000,0.000000,0.000000,0.000000,0.000000,0.000000,0.000000,1000.000119,1000.000153,1000.000186,1000.000214,1000.000241,1000.000266,1000.000291,1000.000313,1000.000333,1000.000350,1000.000364,1000.000377,1000.000389,1000.000397,1000.000401,1000.000403,1000.000404,1000.000405,1000.000405,1000.000405,1000.000405,1000.000405,1000.000405,1000.000405,1000.000405,1000.000405,1000.000404,1000.000403,1000.000401,1000.000397,1000.000389,1000.000377,1000.000364,1000.000350,1000.000333,1000.000313,1000.000291,1000.000266,1000.000241,1000.000214,1000.000186,1000.000153,1000.000119,0.000000,0.000000,0.000000,0.000000,0.000000,0.000000,0.000000,0.000000,0.000000,0.000000,0.000000,0.000000,0.000000,0.000000,0.000000,0.000000,0.000000,0.000000,0.000000,0.000000,0.000000,0.000000,0.000000,0.000000,0.000000,0.000000,0.000000,0.000000,0.000000,0.000000
0.000000,0.000000,0.000000,0.000000,0.000000,0.000000,0.000000,0.000000,0.000000,0.000000,0.000000,0.000000,0.000000,0.000000,0.000000,0.000000,0.000000,0.000000,0.000000,0.000000,0.000000,0.000000,0.000000,0.000000,0.000000,0.000000,0.000000,0.000000,1000.000118,1000.000155,1000.000191,1000.000222,1000.000253,1000.000282,1000.000311,1000.000336,1000.000359,1000.000378,1000.000394,1000.000405,1000.000412,1000.000417,1000.000418,1000.000417,1000.000416,1000.000415,1000.000415,1000.000414,1000.000414,1000.000414,1000.000413,1000.000413,1000.000413,1000.000414,1000.000414,1000.000414,1000.000415,1000.000415,1000.000416,1000.000417,1000.000418,1000.000417,1000.000412,1000.000405,1000.000394,1000.000378,1000.000359,1000.000336,1000.000311,1000.000282,1000.000253,1000.000222,1000.000191,1000.000155,1000.000118,0.000000,0.000000,0.000000,0.000000,0.000000,0.000000,0.000000,0.000000,0.000000,0.000000,0.000000,0.000000,0.000000,0.000000,0.000000,0.000000,0.000000,0.000000,0.000000,0.000000,0.000000,0.000000,0.000000,0.000000,0.000000,0.000000,0.000000,0.000000
0.000000,0.000000,0.000000,0.000000,0.000000,0.000000,0.000000,0.000000,0.000000,0.000000,0.000000,0.000000,0.000000,0.000000,0.000000,0.000000,0.000000,0.000000,0.000000,0.000000,0.000000,0.000000,0.000000,0.000000,0.000000,0.000000,1000.000112,1000.000152,1000.000190,1000.000223,1000.000256,1000.000288,1000.000320,1000.000349,1000.000375,1000.000396,1000.000410,1000.000418,1000.000422,1000.000421,1000.000418,1000.000412,1000.000403,1000.000394,1000.000388,1000.000385,1000.000383,1000.000381,1000.000380,1000.000380,1000.000379,1000.000379,1000.000379,1000.000380,1000.000380,1000.000381,1000.000383,1000.000385,1000.000388,1000.000394,1000.000403,1000.000412,1000.000418,1000.000421,1000.000422,1000.000418,1000.000410,1000.000396,1000.000375,1000.000349,1000.000320,1000.000288,1000.000256,1000.000223,1000.000190,1000.000152,1000.000112,0.000000,0.000000,0.000000,0.000000,0.000000,0.000000,0.000000,0.000000,0.000000,0.000000,0.000000,0.000000,0.000000,0.000000,0.000000,0.000000,0.000000,0.000000,0.000000,0.000000,0.000000,0.000000,0.000000,0.000000,0.000000,0.000000
0.000000,0.000000,0.000000,0.000000,0.000000,0.000000,0.000000,0.000000,0.000000,0.000000,0.000000,0.000000,0.000000,0.000000,0.000000,0.000000,0.000000,0.000000,0.000000,0.000000,0.000000,0.000000,0.000000,0.000000,1000.000097,1000.000140,1000.000182,1000.000218,1000.000253,1000.000288,1000.000322,1000.000353,1000.000381,1000.000403,1000.000417,1000.000422,1000.000421,1000.000415,1000.000405,1000.000395,1000.000385,1000.000374,1000.000364,1000.000353,1000.000346,1000.000342,1000.000338,1000.000336,1000.000334,1000.000333,1000.000333,1000.000332,1000.000333,1000.000333,1000.000334,1000.000336,1000.000338,1000.000342,1000.000346,1000.000353,1000.000364,1000.000374,1000.000385,1000.000395,1000.000405,1000.000415,1000.000421,1000.000422,1000.000417,1000.000403,1000.000381,1000.000353,1000.000322,1000.000288,1000.000253,1000.000218,1000.000182,1000.000140,1000.000097,0.000000,0.000000,0.000000,0.000000,0.000000,0.000000,0.000000,0.000000,0.000000,0.000000,0.000000,0.000000,0.000000,0.000000,0.000000,0.000000,0.000000,0.000000,0.000000,0.000000,0.000000,0.000000,0.000000,0.000000
0.000000,0.000000,0.000000,0.000000,0.000000,0.000000,0.000000,0.000000,0.000000,0.000000,0.000000,0.000000,0.000000,0.000000,0.000000,0.000000,0.000000,0.000000,0.000000,0.000000,0.000000,0.000000,0.000000,1000.000117,1000.000164,1000.000204,1000.000244,1000.000282,1000.000318,1000.000352,1000.000381,1000.000405,1000.000419,1000.000423,1000.000418,1000.000407,1000.000394,1000.000380,1000.000366,1000.000353,1000.000341,1000.000331,1000.000321,1000.000312,1000.000305,1000.000300,1000.000296,1000.000293,1000.000290,1000.000289,1000.000288,1000.000288,1000.000288,1000.000289,1000.000290,1000.000293,1000.000296,1000.000300,1000.000305,1000.000312,1000.000321,1000.000331,1000.000341,1000.000353,1000.000366,1000.000380,1000.000394,1000.000407,1000.000418,1000.000423,1000.000419,1000.000405,1000.000381,1000.000352,1000.000318,1000.000282,1000.000244,1000.000204,1000.000164,1000.000117,0.000000,0.000000,0.000000,0.000000,0.000000,0.000000,0.000000,0.000000,0.000000,0.000000,0.000000,0.000000,0.000000,0.000000,0.000000,0.000000,0.000000,0.000000,0.000000,0.000000,0.000000,0.000000,0.000000
0.000000,0.000000,0.000000,0.000000,0.000000,0.000000,0.000000,0.000000,0.000000,0.000000,0.000000,0.000000,0.000000,0.000000,0.000000,0.000000,0.000000,0.000000,0.000000,0.000000,0.000000,1000.000086,1000.000135,1000.000182,1000.000224,1000.000266,1000.000308,1000.000346,1000.000378,1000.000404,1000.000419,1000.000423,1000.000418,1000.000405,1000.000388,1000.000370,1000.000353,1000.000338,1000.000324,1000.000311,1000.000300,1000.000290,1000.000280,1000.000272,1000.000265,1000.000259,1000.000254,1000.000250,1000.000248,1000.000246,1000.000245,1000.000245,1000.000245,1000.000246,1000.000248,1000.000250,1000.000254,1000.000259,1000.000265,1000.000272,1000.000280,1000.000290,1000.000300,1000.000311,1000.000324,1000.000338,1000.000353,1000.000370,1000.000388,1000.000405,1000.000418,1000.000423,1000.000419,1000.000404,1000.000378,1000.000346,1000.000308,1000.000266,1000.000224,1000.000182,1000.000135,1000.000086,0.000000,0.000000,0.000000,0.000000,0.000000,0.000000,0.000000,0.000000,0.000000,0.000000,0.000000,0.000000,0.000000,0.000000,0.000000,0.000000,0.000000,0.000000,0.000000,0.000000,0.000000
0.000000,0.000000,0.000000,0.000000,0.000000,0.000000,0.000000,0.000000,0.000000,0.000000,0.000000,0.000000,0.000000,0.000000,0.000000,0.000000,0.000000,0.000000,0.000000,0.000000,1000.000100,1000.000152,1000.000196,1000.000240,1000.000284,1000.000328,1000.000367,1000.000398,1000.000417,1000.000423,1000.000418,1000.000404,1000.000386,1000.000367,1000.000347,1000.000329,1000.000312,1000.000298,1000.000284,1000.000272,1000.000260,1000.000249,1000.000240,1000.000231,1000.000224,1000.000218,1000.000213,1000.000209,1000.000207,1000.000205,1000.000203,1000.000203,1000.000203,1000.000205,1000.000207,1000.000209,1000.000213,1000.000218,1000.000224,1000.000231,1000.000240,1000.000249,1000.000260,1000.000272,1000.000284,1000.000298,1000.000312,1000.000329,1000.000347,1000.000367,1000.000386,1000.000404,1000.000418,1000.000423,1000.000417,1000.000398,1000.000367,1000.000328,1000.000284,1000.000240,1000.000196,1000.000152,1000.000100,0.000000,0.000000,0.000000,0.000000,0.000000,0.000000,0.000000,0.000000,0.000000,0.000000,0.000000,0.000000,0.000000,0.000000,0.000000,0.000000,0.000000,0.000000,0.000000,0.000000
0.000000,0.000000,0.000000,0.000000,0.000000,0.000000,0.000000,0.000000,0.000000,0.000000,0.000000,0.000000,0.000000,0.000000,0.000000,0.000000,0.000000,0.000000,0.000000,1000.000112,1000.000164,1000.000210,1000.000254,1000.000299,1000.000342,1000.000381,1000.000410,1000.000422,1000.000418,1000.000405,1000.000387,1000.000366,1000.000345,1000.000325,1000.000307,1000.000290,1000.000274,1000.000259,1000.000245,1000.000232,1000.000220,1000.000210,1000.000200,1000.000192,1000.000185,1000.000179,1000.000174,1000.000170,1000.000166,1000.000164,1000.000163,1000.000163,1000.000163,1000.000164,1000.000166,1000.000170,1000.000174,1000.000179,1000.000185,1000.000192,1000.000200,1000.000210,1000.000220,1000.000232,1000.000245,1000.000259,1000.000274,1000.000290,1000.000307,1000.000325,1000.000345,1000.000366,1000.000387,1000.000405,1000.000418,1000.000422,1000.000410,1000.000381,1000.000342,1000.000299,1000.000254,1000.000210,1000.000164,1000.000112,0.000000,0.000000,0.000000,0.000000,0.000000,0.000000,0.000000,0.000000,0.000000,0.000000,0.000000,0.000000,0.000000,0.000000,0.000000,0.000000,0.000000,0.000000,0.000000
0.000000,0.000000,0.000000,0.000000,0.000000,0.000000,0.000000,0.000000,0.000000,0.000000,0.000000,0.000000,0.000000,0.000000,0.000000,0.000000,0.000000,0.000000,1000.000119,1000.000173,1000.000221,1000.000268,1000.000314,1000.000356,1000.000391,1000.000416,1000.000422,1000.000410,1000.000391,1000.000369,1000.000347,1000.000326,1000.000306,1000.000287,1000.000269,1000.000252,1000.000236,1000.000220,1000.000207,1000.000194,1000.000182,1000.000172,1000.000162,1000.000154,1000.000146,1000.000140,1000.000135,1000.000131,1000.000128,1000.000125,1000.000124,1000.000123,1000.000124,1000.000125,1000.000128,1000.000131,1000.000135,1000.000140,1000.000146,1000.000154,1000.000162,1000.000172,1000.000182,1000.000194,1000.000207,1000.000220,1000.000236,1000.000252,1000.000269,1000.000287,1000.000306,1000.000326,1000.000347,1000.000369,1000.000391,1000.000410,1000.000422,1000.000416,1000.000391,1000.000356,1000.000314,1000.000268,1000.000221,1000.000173,1000.000119,0.000000,0.000000,0.000000,0.000000,0.000000,0.000000,0.000000,0.000000,0.000000,0.000000,0.000000,0.000000,0.000000,0.000000,0.000000,0.000000,0.000000,0.000000
0.000000,0.000000,0.000000,0.000000,0.000000,0.000000,0.000000,0.000000,0.000000,0.000000,0.000000,0.000000,0.000000,0.000000,0.000000,0.000000,0.000000,1000.000122,1000.000179,1000.000228,1000.000277,1000.000326,1000.000370,1000.000402,1000.000420,1000.000421,1000.000405,1000.000380,1000.000354,1000.000330,1000.000309,1000.000288,1000.000269,1000.000250,1000.000231,1000.000214,1000.000198,1000.000183,1000.000170,1000.000157,1000.000145,1000.000134,1000.000125,1000.000116,1000.000109,1000.000103,1000.000097,1000.000093,1000.000090,1000.000087,1000.000086,1000.000085,1000.000086,1000.000087,1000.000090,1000.000093,1000.000097,1000.000103,1000.000109,1000.000116,1000.000125,1000.000134,1000.000145,1000.000157,1000.000170,1000.000183,1000.000198,1000.000214,1000.000231,1000.000250,1000.000269,1000.000288,1000.000309,1000.000330,1000.000354,1000.000380,1000.000405,1000.000421,1000.000420,1000.000402,1000.000370,1000.000326,1000.000277,1000.000228,1000.000179,1000.000122,0.000000,0.000000,0.000000,0.000000,0.000000,0.000000,0.000000,0.000000,0.000000,0.000000,0.000000,0.000000,0.000000,0.000000,0.000000,0.000000,0.000000
0.000000,0.000000,0.000000,0.000000,0.000000,0.000000,0.000000,0.000000,0.000000,0.000000,0.000000,0.000000,0.000000,0.000000,0.000000,0.000000,1000.000124,1000.000181,1000.000232,1000.000283,1000.000333,1000.000378,1000.000410,1000.000422,1000.000416,1000.000398,1000.000372,1000.000344,1000.000318,1000.000295,1000.000273,1000.000252,1000.000232,1000.000213,1000.000195,1000.000178,1000.000162,1000.000147,1000.000133,1000.000120,1000.000109,1000.000098,1000.000088,1000.000080,1000.000073,1000.000066,1000.000061,1000.000056,1000.000053,1000.000051,1000.000049,1000.000049,1000.000049,1000.000051,1000.000053,1000.000056,1000.000061,1000.000066,1000.000073,1000.000080,1000.000088,1000.000098,1000.000109,1000.000120,1000.000133,1000.000147,1000.000162,1000.000178,1000.000195,1000.000213,1000.000232,1000.000252,1000.000273,1000.000295,1000.000318,1000.000344,1000.000372,1000.000398,1000.000416,1000.000422,1000.000410,1000.000378,1000.000333,1000.000283,1000.000232,1000.000181,1000.000124,0.000000,0.000000,0.000000,0.000000,0.000000,0.000000,0.000000,0.000000,0.000000,0.000000,0.000000,0.000000,0.000000,0.000000,0.000000,0.000000
0.000000,0.000000,0.000000,0.000000,0.000000,0.000000,0.000000,0.000000,0.000000,0.000000,0.000000,0.000000,0.000000,0.000000,0.000000,1000.000122,1000.000181,1000.000233,1000.000285,1000.000336,1000.000382,1000.000413,1000.000422,1000.000410,1000.000388,1000.000362,1000.000334,1000.000308,1000.000283,1000.000261,1000.000238,1000.000217,1000.000197,1000.000178,1000.000160,1000.000143,1000.000127,1000.000112,1000.000098,1000.000085,1000.000073,1000.000063,1000.000053,1000.000045,1000.000037,1000.000031,1000.000025,1000.000021,1000.000017,1000.000015,1000.000013,1000.000013,1000.000013,1000.000015,1000.000017,1000.000021,1000.000025,1000.000031,1000.000037,1000.000045,1000.000053,1000.000063,1000.000073,1000.000085,1000.000098,1000.000112,1000.000127,1000.000143,1000.000160,1000.000178,1000.000197,1000.000217,1000.000238,1000.000261,1000.000283,1000.000308,1000.000334,1000.000362,1000.000388,1000.000410,1000.000422,1000.000413,1000.000382,1000.000336,1000.000285,1000.000233,1000.000181,1000.000122,0.000000,0.000000,0.000000,0.000000,0.000000,0.000000,0.000000,0.000000,0.000000,0.000000,0.000000,0.000000,0.000000,0.000000,0.000000
0.000000,0.000000,0.000000,0.000000,0.000000,0.000000,0.000000,0.000000,0.000000,0.000000,0.000000,0.000000,0.000000,0.000000,1000.000119,1000.000179,1000.000232,1000.000285,1000.000337,1000.000383,1000.000415,1000.000422,1000.000407,1000.000381,1000.000352,1000.000325,1000.000299,1000.000274,1000.000250,1000.000226,1000.000203,1000.000182,1000.000162,1000.000143,1000.000125,1000.000108,1000.000092,1000.000077,1000.000064,1000.000051,1000.000039,1000.000028,1000.000019,1000.000010,1000.000003,999.999996,999.999991,999.999986,999.999983,999.999980,999.999979,999.999978,999.999979,999.999980,999.999983,999.999986,999.999991,999.999996,1000.000003,1000.000010,1000.000019,1000.000028,1000.000039,1000.000051,1000.000064,1000.000077,1000.000092,1000.000108,1000.000125,1000.000143,1000.000162,1000.000182,1000.000203,1000.000226,1000.000250,1000.000274,1000.000299,1000.000325,1000.000352,1000.000381,1000.000407,1000.000422,1000.000415,1000.000383,1000.000337,1000.000285,1000.000232,1000.000179,1000.000119,0.000000,0.000000,0.000000,0.000000,0.000000,0.000000,0.000000,0.000000,0.000000,0.000000,0.000000,0.000000,0.000000,0.000000
0.000000,0.000000,0.000000,0.000000,0.000000,0.000000,0.000000,0.000000,0.000000,0.000000,0.000000,0.000000,0.000000,1000.000112,1000.000173,1000.000228,1000.000283,1000.000336,1000.000383,1000.000415,1000.000422,1000.000406,1000.000378,1000.000347,1000.000318,1000.000291,1000.000266,1000.000240,1000.000216,1000.000192,1000.000170,1000.000149,1000.000129,1000.000110,1000.000092,1000.000075,1000.000059,1000.000044,1000.000030,1000.000017,1000.000006,999.999995,999.999985,999.999977,999.999969,999.999963,999.999957,999.999953,999.999949,999.999947,999.999945,999.999945,999.999945,999.999947,999.999949,999.999953,999.999957,999.999963,999.999969,999.999977,999.999985,999.999995,1000.000006,1000.000017,1000.000030,1000.000044,1000.000059,1000.000075,1000.000092,1000.000110,1000.000129,1000.000149,1000.000170,1000.000192,1000.000216,1000.000240,1000.000266,1000.000291,1000.000318,1000.000347,1000.000378,1000.000406,1000.000422,1000.000415,1000.000383,1000.000336,1000.000283,1000.000228,1000.000173,1000.000112,0.000000,0.000000,0.000000,0.000000,0.000000,0.000000,0.000000,0.000000,0.000000,0.000000,0.000000,0.000000,0.000000
0.000000,0.000000,0.000000,0.000000,0.000000,0.000000,0.000000,0.000000,0.000000,0.000000,0.000000,0.000000,1000.000100,1000.000164,1000.000221,1000.000277,1000.000333,1000.000382,1000.000415,1000.000422,1000.000405,1000.000377,1000.000345,1000.000314,1000.000286,1000.000260,1000.000233,1000.000207,1000.000183,1000.000160,1000.000138,1000.000117,1000.000097,1000.000078,1000.000060,1000.000043,1000.000027,1000.000012,999.999998,999.999985,999.999973,999.999963,999.999953,999.999944,999.999937,999.999930,999.999925,999.999920,999.999917,999.999914,999.999913,999.999912,999.999913,999.999914,999.999917,999.999920,999.999925,999.999930,999.999937,999.999944,999.999953,999.999963,999.999973,999.999985,999.999998,1000.000012,1000.000027,1000.000043,1000.000060,1000.000078,1000.000097,1000.000117,1000.000138,1000.000160,1000.000183,1000.000207,1000.000233,1000.000260,1000.000286,1000.000314,1000.000345,1000.000377,1000.000405,1000.000422,1000.000415,1000.000382,1000.000333,1000.000277,1000.000221,1000.000164,1000.000100,0.000000,0.000000,0.000000,0.000000,0.000000,0.000000,0.000000,0.000000,0.000000,0.000000,0.000000,0.000000
0.000000,0.000000,0.000000,0.000000,0.000000,0.000000,0.000000,0.000000,0.000000,0.000000,0.000000,1000.000086,1000.000152,1000.000210,1000.000268,1000.000326,1000.000378,1000.000413,1000.000422,1000.000406,1000.000377,1000.000344,1000.000312,1000.000283,1000.000256,1000.000228,1000.000201,1000.000176,1000.000152,1000.000129,1000.000107,1000.000085,1000.000065,1000.000046,1000.000028,1000.000011,999.999995,999.999981,999.999967,999.999954,999.999942,999.999931,999.999922,999.999913,999.999905,999.999899,999.999893,999.999889,999.999885,999.999883,999.999881,999.999881,999.999881,999.999883,999.999885,999.999889,999.999893,999.999899,999.999905,999.999913,999.999922,999.999931,999.999942,999.999954,999.999967,999.999981,999.999995,1000.000011,1000.000028,1000.000046,1000.000065,1000.000085,1000.000107,1000.000129,1000.000152,1000.000176,1000.000201,1000.000228,1000.000256,1000.000283,1000.000312,1000.000344,1000.000377,1000.000406,1000.000422,1000.000413,1000.000378,1000.000326,1000.000268,1000.000210,1000.000152,1000.000086,0.000000,0.000000,0.000000,0.000000,0.000000,0.000000,0.000000,0.000000,0.000000,0.000000,0.000000
0.000000,0.000000,0.000000,0.000000,0.000000,0.000000,0.000000,0.000000,0.000000,0.000000,0.000000,1000.000135,1000.000196,1000.000254,1000.000314,1000.000370,1000.000410,1000.000422,1000.000407,1000.000378,1000.000345,1000.000312,1000.000282,1000.000254,1000.000225,1000.000197,1000.000171,1000.000146,1000.000122,1000.000098,1000.000076,1000.000055,1000.000035,1000.000016,999.999998,999.999981,999.999965,999.999950,999.999936,999.999924,999.999912,999.999901,999.999891,999.999883,999.999875,999.999869,999.999863,999.999858,999.999855,999.999852,999.999851,999.999850,999.999851,999.999852,999.999855,999.999858,999.999863,999.999869,999.999875,999.999883,999.999891,999.999901,999.999912,999.999924,999.999936,999.999950,999.999965,999.999981,999.999998,1000.000016,1000.000035,1000.000055,1000.000076,1000.000098,1000.000122,1000.000146,1000.000171,1000.000197,1000.000225,1000.000254,1000.000282,1000.000312,1000.000345,1000.000378,1000.000407,1000.000422,1000.000410,1000.000370,1000.000314,1000.000254,1000.000196,1000.000135,0.000000,0.000000,0.000000,0.000000,0.000000,0.000000,0.000000,0.000000,0.000000,0.000000,0.000000
0.000000,0.000000,0.000000,0.000000,0.000000,0.000000,0.000000,0.000000,0.000000,0.000000,1000.000117,1000.000182,1000.000240,1000.000299,1000.000356,1000.000402,1000.000422,1000.000410,1000.000381,1000.000347,1000.000314,1000.000283,1000.000254,1000.000224,1000.000195,1000.000168,1000.000142,1000.000117,1000.000092,1000.000069,1000.000047,1000.000026,1000.000006,999.999987,999.999969,999.999952,999.999936,999.999921,999.999907,999.999894,999.999883,999.999872,999.999862,999.999853,999.999846,999.999839,999.999834,999.999829,999.999825,999.999823,999.999821,999.999821,999.999821,999.999823,999.999825,999.999829,999.999834,999.999839,999.999846,999.999853,999.999862,999.999872,999.999883,999.999894,999.999907,999.999921,999.999936,999.999952,999.999969,999.999987,1000.000006,1000.000026,1000.000047,1000.000069,1000.000092,1000.000117,1000.000142,1000.000168,1000.000195,1000.000224,1000.000254,1000.000283,1000.000314,1000.000347,1000.000381,1000.000410,1000.000422,1000.000402,1000.000356,1000.000299,1000.000240,1000.000182,1000.000117,0.000000,0.000000,0.000000,0.000000,0.000000,0.000000,0.000000,0.000000,0.000000,0.000000
0.000000,0.000000,0.000000,0.000000,0.000000,0.000000,0.000000,0.000000,0.000000,1000.000097,1000.000164,1000.000224,1000.000284,1000.000342,1000.000391,1000.000420,1000.000416,1000.000388,1000.000352,1000.000318,1000.000286,1000.000256,1000.000225,1000.000195,1000.000167,1000.000140,1000.000114,1000.000088,1000.000064,1000.000041,1000.000019,999.999998,999.999978,999.999959,999.999941,999.999924,999.999908,999.999893,999.999879,999.999866,999.999854,999.999844,999.999834,999.999825,999.999818,999.999811,999.999805,999.999801,999.999797,999.999795,999.999793,999.999793,999.999793,999.999795,999.999797,999.999801,999.999805,999.999811,999.999818,999.999825,999.999834,999.999844,999.999854,999.999866,999.999879,999.999893,999.999908,999.999924,999.999941,999.999959,999.999978,999.999998,1000.000019,1000.000041,1000.000064,1000.000088,1000.000114,1000.000140,1000.000167,1000.000195,1000.000225,1000.000256,1000.000286,1000.000318,1000.000352,1000.000388,1000.000416,1000.000420,1000.000391,1000.000342,1000.000284,1000.000224,1000.000164,1000.000097,0.000000,0.000000,0.000000,0.000000,0.000000,0.000000,0.000000,0.000000,0.000000
0.000000,0.000000,0.000000,0.000000,0.000000,0.000000,0.000000,0.000000,0.000000,1000.000140,1000.000204,1000.000266,1000.000328,1000.000381,1000.000416,1000.000421,1000.000398,1000.000362,1000.000325,1000.000291,1000.000260,1000.000228,1000.000197,1000.000168,1000.000140,1000.000112,1000.000086,1000.000061,1000.000037,1000.000014,999.999992,999.999971,999.999950,999.999931,999.999913,999.999896,999.999881,999.999866,999.999852,999.999839,999.999827,999.999816,999.999807,999.999798,999.999790,999.999784,999.999778,999.999773,999.999770,999.999767,999.999766,999.999765,999.999766,999.999767,999.999770,999.999773,999.999778,999.999784,999.999790,999.999798,999.999807,999.999816,999.999827,999.999839,999.999852,999.999866,999.999881,999.999896,999.999913,999.999931,999.999950,999.999971,999.999992,1000.000014,1000.000037,1000.000061,1000.000086,1000.000112,1000.000140,1000.000168,1000.000197,1000.000228,1000.000260,1000.000291,1000.000325,1000.000362,1000.000398,1000.000421,1000.000416,1000.000381,1000.000328,1000.000266,1000.000204,1000.000140,0.000000,0.000000,0.000000,0.000000,0.000000,0.000000,0.000000,0.000000,0.000000
0.000000,0.000000,0.000000,0.000000,0.000000,0.000000,0.000000,0.000000,1000.000112,1000.000182,1000.000244,1000.000308,1000.000367,1000.000410,1000.000422,1000.000405,1000.000372,1000.000334,1000.000299,1000.000266,1000.000233,1000.000201,1000.000171,1000.000142,1000.000114,1000.000086,1000.000060,1000.000035,1000.000011,999.999988,999.999965,999.999944,999.999924,999.999905,999.999887,999.999870,999.999854,999.999839,999.999826,999.999813,999.999801,999.999790,999.999780,999.999772,999.999764,999.999757,999.999752,999.999747,999.999744,999.999741,999.999740,999.999739,999.999740,999.999741,999.999744,999.999747,999.999752,999.999757,999.999764,999.999772,999.999780,999.999790,999.999801,999.999813,999.999826,999.999839,999.999854,999.999870,999.999887,999.999905,999.999924,999.999944,999.999965,999.999988,1000.000011,1000.000035,1000.000060,1000.000086,1000.000114,1000.000142,1000.000171,1000.000201,1000.000233,1000.000266,1000.000299,1000.000334,1000.000372,1000.000405,1000.000422,1000.000410,1000.000367,1000.000308,1000.000244,1000.000182,1000.000112,0.000000,0.000000,0.000000,0.000000,0.000000,0.000000,0.000000,0.000000
0.000000,0.000000,0.000000,0.000000,0.000000,0.000000,0.000000,0.000000,1000.000152,1000.000218,1000.000282,1000.000346,1000.000398,1000.000422,1000.000410,1000.000380,1000.000344,1000.000308,1000.000274,1000.000240,1000.000207,1000.000176,1000.000146,1000.000117,1000.000088,1000.000061,1000.000035,1000.000010,999.999985,999.999962,999.999940,999.999919,999.999899,999.999880,999.999862,999.999845,999.999829,999.999814,999.999800,999.999788,999.999776,999.999765,999.999755,999.999747,999.999739,999.999732,999.999727,999.999722,999.999718,999.999716,999.999714,999.999714,999.999714,999.999716,999.999718,999.999722,999.999727,999.999732,999.999739,999.999747,999.999755,999.999765,999.999776,999.999788,999.999800,999.999814,999.999829,999.999845,999.999862,999.999880,999.999899,999.999919,999.999940,999.999962,999.999985,1000.000010,1000.000035,1000.000061,1000.000088,1000.000117,1000.000146,1000.000176,1000.000207,1000.000240,1000.000274,1000.000308,1000.000344,1000.000380,1000.000410,1000.000422,1000.000398,1000.000346,1000.000282,1000.000218,1000.000152,0.000000,0.000000,0.000000,0.000000,0.000000,0.000000,0.000000,0.000000
0.000000,0.000000,0.000000,0.000000,0.000000,0.000000,0.000000,1000.000118,1000.000190,1000.000253,1000.000318,1000.000378,1000.000417,1000.000418,1000.000391,1000.000354,1000.000318,1000.000283,1000.000250,1000.000216,1000.000183,1000.000152,1000.000122,1000.000092,1000.000064,1000.000037,1000.000011,999.999985,999.999961,999.999938,999.999916,999.999895,999.999875,999.999856,999.999838,999.999821,999.999805,999.999790,999.999776,999.999763,999.999752,999.999741,999.999731,999.999722,999.999715,999.999708,999.999702,999.999698,999.999694,999.999692,999.999690,999.999690,999.999690,999.999692,999.999694,999.999698,999.999702,999.999708,999.999715,999.999722,999.999731,999.999741,999.999752,999.999763,999.999776,999.999790,999.999805,999.999821,999.999838,999.999856,999.999875,999.999895,999.999916,999.999938,999.999961,999.999985,1000.000011,1000.000037,1000.000064,1000.000092,1000.000122,1000.000152,1000.000183,1000.000216,1000.000250,1000.000283,1000.000318,1000.000354,1000.000391,1000.000418,1000.000417,1000.000378,1000.000318,1000.000253,1000.000190,1000.000118,0.000000,0.000000,0.000000,0.000000,0.000000,0.000000,0.000000
0.000000,0.000000,0.000000,0.000000,0.000000,0.000000,0.000000,1000.000155,1000.000223,1000.000288,1000.000352,1000.000404,1000.000423,1000.000405,1000.000369,1000.000330,1000.000295,1000.000261,1000.000226,1000.000192,1000.000160,1000.000129,1000.000098,1000.000069,1000.000041,1000.000014,999.999988,999.999962,999.999938,999.999915,999.999893,999.999872,999.999852,999.999833,999.999815,999.999798,999.999782,999.999767,999.999753,999.999740,999.999729,999.999718,999.999708,999.999699,999.999692,999.999685,999.999679,999.999675,999.999671,999.999669,999.999667,999.999667,999.999667,999.999669,999.999671,999.999675,999.999679,999.999685,999.999692,999.999699,999.999708,999.999718,999.999729,999.999740,999.999753,999.999767,999.999782,999.999798,999.999815,999.999833,999.999852,999.999872,999.999893,999.999915,999.999938,999.999962,999.999988,1000.000014,1000.000041,1000.000069,1000.000098,1000.000129,1000.000160,1000.000192,1000.000226,1000.000261,1000.000295,1000.000330,1000.000369,1000.000405,1000.000423,1000.000404,1000.000352,1000.000288,1000.000223,1000.000155,0.000000,0.000000,0.000000,0.000000,0.000000,0.000000,0.000000
0.000000,0.000000,0.000000,0.000000,0.000000,0.000000,1000.000119,1000.000191,1000.000256,1000.000322,1000.000381,1000.000419,1000.000418,1000.000387,1000.000347,1000.000309,1000.000273,1000.000238,1000.000203,1000.000170,1000.000138,1000.000107,1000.000076,1000.000047,1000.000019,999.999992,999.999965,999.999940,999.999916,999.999893,999.999871,999.999850,999.999830,999.999811,999.999793,999.999776,999.999760,999.999745,999.999731,999.999718,999.999706,999.999696,999.999686,999.999677,999.999670,999.999663,999.999657,999.999653,999.999649,999.999646,999.999645,999.999644,999.999645,999.999646,999.999649,999.999653,999.999657,999.999663,999.999670,999.999677,999.999686,999.999696,999.999706,999.999718,999.999731,999.999745,999.999760,999.999776,999.999793,999.999811,999.999830,999.999850,999.999871,999.999893,999.999916,999.999940,999.999965,999.999992,1000.000019,1000.000047,1000.000076,1000.000107,1000.000138,1000.000170,1000.000203,1000.000238,1000.000273,1000.000309,1000.000347,1000.000387,1000.000418,1000.000419,1000.000381,1000.000322,1000.000256,1000.000191,1000.000119,0.000000,0.000000,0.000000,0.000000,0.000000,0.000000
0.000000,0.000000,0.000000,0.000000,0.000000,0.000000,1000.000153,1000.000222,1000.000288,1000.000353,1000.000405,1000.000423,1000.000404,1000.000366,1000.000326,1000.000288,1000.000252,1000.000217,1000.000182,1000.000149,1000.000117,1000.000085,1000.000055,1000.000026,999.999998,999.999971,999.999944,999.999919,999.999895,999.999872,999.999850,999.999829,999.999809,999.999790,999.999772,999.999755,999.999739,999.999724,999.999710,999.999697,999.999685,999.999675,999.999665,999.999656,999.999648,999.999642,999.999636,999.999632,999.999628,999.999625,999.999624,999.999623,999.999624,999.999625,999.999628,999.999632,999.999636,999.999642,999.999648,999.999656,999.999665,999.999675,999.999685,999.999697,999.999710,999.999724,999.999739,999.999755,999.999772,999.999790,999.999809,999.999829,999.999850,999.999872,999.999895,999.999919,999.999944,999.999971,999.999998,1000.000026,1000.000055,1000.000085,1000.000117,1000.000149,1000.000182,1000.000217,1000.000252,1000.000288,1000.000326,1000.000366,1000.000404,1000.000423,1000.000405,1000.000353,1000.000288,1000.000222,1000.000153,0.000000,0.000000,0.000000,0.000000,0.000000,0.000000
0.000000,0.000000,0.000000,0.000000,0.000000,1000.000113,1000.000186,1000.000253,1000.000320,1000.000381,1000.000419,1000.000418,1000.000386,1000.000345,1000.000306,1000.000269,1000.000232,1000.000197,1000.000162,1000.000129,1000.000097,1000.000065,1000.000035,1000.000006,999.999978,999.999950,999.999924,999.999899,999.999875,999.999852,999.999830,999.999809,999.999789,999.999770,999.999752,999.999735,999.999719,999.999704,999.999690,999.999677,999.999665,999.999655,999.999645,999.999636,999.999628,999.999622,999.999616,999.999611,999.999608,999.999605,999.999604,999.999603,999.999604,999.999605,999.999608,999.999611,999.999616,999.999622,999.999628,999.999636,999.999645,999.999655,999.999665,999.999677,999.999690,999.999704,999.999719,999.999735,999.999752,999.999770,999.999789,999.999809,999.999830,999.999852,999.999875,999.999899,999.999924,999.999950,999.999978,1000.000006,1000.000035,1000.000065,1000.000097,1000.000129,1000.000162,1000.000197,1000.000232,1000.000269,1000.000306,1000.000345,1000.000386,1000.000418,1000.000419,1000.000381,1000.000320,1000.000253,1000.000186,1000.000113,0.000000,0.000000,0.000000,0.000000,0.000000
0.000000,0.000000,0.000000,0.000000,0.000000,1000.000144,1000.000214,1000.000282,1000.000349,1000.000403,1000.000423,1000.000405,1000.000367,1000.000325,1000.000287,1000.000250,1000.000213,1000.000178,1000.000143,1000.000110,1000.000078,1000.000046,1000.000016,999.999987,999.999959,999.999931,999.999905,999.999880,999.999856,999.999833,999.999811,999.999790,999.999770,999.999751,999.999733,999.999716,999.999700,999.999685,999.999671,999.999658,999.999646,999.999636,999.999626,999.999617,999.999609,999.999603,999.999597,999.999592,999.999589,999.999586,999.999585,999.999584,999.999585,999.999586,999.999589,999.999592,999.999597,999.999603,999.999609,999.999617,999.999626,999.999636,999.999646,999.999658,999.999671,999.999685,999.999700,999.999716,999.999733,999.999751,999.999770,999.999790,999.999811,999.999833,999.999856,999.999880,999.999905,999.999931,999.999959,999.999987,1000.000016,1000.000046,1000.000078,1000.000110,1000.000143,1000.000178,1000.000213,1000.000250,1000.000287,1000.000325,1000.000367,1000.000405,1000.000423,1000.000403,1000.000349,1000.000282,1000.000214,1000.000144,0.000000,0.000000,0.000000,0.000000,0.000000
0.000000,0.000000,0.000000,0.000000,1000.000099,1000.000173,1000.000241,1000.000311,1000.000375,1000.000417,1000.000418,1000.000388,1000.000347,1000.000307,1000.000269,1000.000231,1000.000195,1000.000160,1000.000125,1000.000092,1000.000060,1000.000028,999.999998,999.999969,999.999941,999.999913,999.999887,999.999862,999.999838,999.999815,999.999793,999.999772,999.999752,999.999733,999.999715,999.999698,999.999682,999.999667,999.999653,999.999640,999.999628,999.999618,999.999608,999.999599,999.999591,999.999585,999.999579,999.999574,999.999571,999.999568,999.999567,999.999566,999.999567,999.999568,999.999571,999.999574,999.999579,999.999585,999.999591,999.999599,999.999608,999.999618,999.999628,999.999640,999.999653,999.999667,999.999682,999.999698,999.999715,999.999733,999.999752,999.999772,999.999793,999.999815,999.999838,999.999862,999.999887,999.999913,999.999941,999.999969,999.999998,1000.000028,1000.000060,1000.000092,1000.000125,1000.000160,1000.000195,1000.000231,1000.000269,1000.000307,1000.000347,1000.000388,1000.000418,1000.000417,1000.000375,1000.000311,1000.000241,1000.000173,1000.000099,0.000000,0.000000,0.000000,0.000000
0.000000,0.000000,0.000000,0.000000,1000.000127,1000.000198,1000.000266,1000.000336,1000.000396,1000.000422,1000.000407,1000.000370,1000.000329,1000.000290,1000.000252,1000.000214,1000.000178,1000.000143,1000.000108,1000.000075,1000.000043,1000.000011,999.999981,999.999952,999.999924,999.999896,999.999870,999.999845,999.999821,999.999798,999.999776,999.999755,999.999735,999.999716,999.999698,999.999681,999.999665,999.999650,999.999636,999.999623,999.999611,999.999601,999.999591,999.999582,999.999574,999.999568,999.999562,999.999557,999.999554,999.999551,999.999550,999.999549,999.999550,999.999551,999.999554,999.999557,999.999562,999.999568,999.999574,999.999582,999.999591,999.999601,999.999611,999.999623,999.999636,999.999650,999.999665,999.999681,999.999698,999.999716,999.999735,999.999755,999.999776,999.999798,999.999821,999.999845,999.999870,999.999896,999.999924,999.999952,999.999981,1000.000011,1000.000043,1000.000075,1000.000108,1000.000143,1000.000178,1000.000214,1000.000252,1000.000290,1000.000329,1000.000370,1000.000407,1000.000422,1000.000396,1000.000336,1000.000266,1000.000198,1000.000127,0.000000,0.000000,0.000000,0.000000
