0.000000,0.000000,0.000000,0.000000,0.000000,0.000000,0.000000,0.000000,0.000000,0.000000,0.000000,0.000000,0.000000,0.000000,0.000000,0.000000,0.000000,0.000000,0.000000,0.000000,0.000000,0.000000,0.000000,0.000000,0.000000,0.000000,0.000000,0.000000,0.000000,0.000000,0.000000,0.000000,0.000000,0.000000,0.000000,0.000000,0.000000,0.000000,0.000000,0.000000,0.000000,0.000000,0.000000,0.000000,0.000000,0.000000,0.000000,0.000000,0.000000,0.000000,0.000000,0.000000,0.000000,0.000000,0.000000,0.000000,0.000000,0.000000,0.000000,0.000000,0.000000,0.000000,0.000000,0.000000,0.000000,0.000000,0.000000,0.000000,0.000000,0.000000,0.000000,0.000000,0.000000,0.000000,0.000000,0.000000,0.000000,0.000000,0.000000,0.000000,0.000000,0.000000,0.000000,0.000000,0.000000,0.000000,0.000000,0.000000,0.000000,0.000000,0.000000,0.000000,0.000000,0.000000,0.000000,0.000000,0.000000,0.000000,0.000000,0.000000,0.000000,0.000000,0.000000
0.000000,0.000000,0.000000,0.000000,0.000000,0.000000,0.000000,0.000000,0.000000,0.000000,0.000000,0.000000,0.000000,0.000000,0.000000,0.000000,0.000000,0.000000,0.000000,0.000000,0.000000,0.000000,0.000000,0.000000,0.000000,0.000000,0.000000,0.000000,0.000000,0.000000,0.000000,0.000000,0.000000,0.000000,0.000000,0.000000,0.000000,0.000000,0.000000,0.000000,0.000000,0.000000,0.000000,0.000000,0.000000,0.000000,0.000000,0.000000,0.000000,0.000000,0.000000,1000.000093,0.000000,0.000000,0.000000,0.000000,0.000000,0.000000,0.000000,0.000000,0.000000,0.000000,0.000000,0.000000,0.000000,0.000000,0.000000,0.000000,0.000000,0.000000,0.000000,0.000000,0.000000,0.000000,0.000000,0.000000,0.000000,0.000000,0.000000,0.000000,0.000000,0.000000,0.000000,0.000000,0.000000,0.000000,0.000000,0.000000,0.000000,0.000000,0.000000,0.000000,0.000000,0.000000,0.000000,0.000000,0.000000,0.000000,0.000000,0.000000,0.000000,0.000000,0.000000
0.000000,0.000000,0.000000,0.000000,0.000000,0.000000,0.000000,0.000000,0.000000,0.000000,0.000000,0.000000,0.000000,0.000000,0.000000,0.000000,0.000000,0.000000,0.000000,0.000000,0.000000,0.000000,0.000000,0.000000,0.000000,0.000000,0.000000,0.000000,0.000000,0.000000,0.000000,0.000000,0.000000,0.000000,0.000000,0.000000,0.000000,0.000000,0.000000,0.000000,0.000000,0.000000,1000.000168,1000.000196,1000.000210,1000.000217,1000.000221,1000.000222,1000.000222,1000.000221,1000.000220,1000.000227,1000.000220,1000.000221,1000.000222,1000.000222,1000.000221,1000.000217,1000.000210,1000.000196,1000.000168,0.000000,0.000000,0.000000,0.000000,0.000000,0.000000,0.000000,0.000000,0.000000,0.000000,0.000000,0.000000,0.000000,0.000000,0.000000,0.000000,0.000000,0.000000,0.000000,0.000000,0.000000,0.000000,0.000000,0.000000,0.000000,0.000000,0.000000,0.000000,0.000000,0.000000,0.000000,0.000000,0.000000,0.000000,0.000000,0.000000,0.000000,0.000000,0.000000,0.000000,0.000000,0.000000
0.000000,0.000000,0.000000,0.000000,0.000000,0.000000,0.000000,0.000000,0.000000,0.000000,0.000000,0.000000,0.000000,0.000000,0.000000,0.000000,0.000000,0.000000,0.000000,0.000000,0.000000,0.000000,0.000000,0.000000,0.000000,0.000000,0.000000,0.000000,0.000000,0.000000,0.000000,0.000000,0.000000,0.000000,0.000000,0.000000,0.000000,1000.000162,1000.000202,1000.000235,1000.000261,1000.000282,1000.000301,1000.000319,1000.000333,1000.000342,1000.000347,1000.000350,1000.000351,1000.000351,1000.000351,1000.000352,1000.000351,1000.000351,1000.000351,1000.000350,1000.000347,1000.000342,1000.000333,1000.000319,1000.000301,1000.000282,1000.000261,1000.000235,1000.000202,1000.000162,0.000000,0.000000,0.000000,0.000000,0.000000,0.000000,0.000000,0.000000,0.000000,0.000000,0.000000,0.000000,0.000000,0.000000,0.000000,0.000000,0.000000,0.000000,0.000000,0.000000,0.000000,0.000000,0.000000,0.000000,0.000000,0.000000,0.000000,0.000000,0.000000,0.000000,0.000000,0.000000,0.000000,0.000000,0.000000,0.000000,0.000000
0.000000,0.000000,0.000000,0.000000,0.000000,0.000000,0.000000,0.000000,0.000000,0.000000,0.000000,0.000000,0.000000,0.000000,0.000000,0.000000,0.000000,0.000000,0.000000,0.000000,0.000000,0.000000,0.000000,0.000000,0.000000,0.000000,0.000000,0.000000,0.000000,0.000000,0.000000,0.000000,0.000000,0.000000,1000.000169,1000.000215,1000.000254,1000.000291,1000.000324,1000.000354,1000.000382,1000.000406,1000.000427,1000.000445,1000.000458,1000.000466,1000.000471,1000.000474,1000.000475,1000.000476,1000.000476,1000.000476,1000.000476,1000.000476,1000.000475,1000.000474,1000.000471,1000.000466,1000.000458,1000.000445,1000.000427,1000.000406,1000.000382,1000.000354,1000.000324,1000.000291,1000.000254,1000.000215,1000.000169,0.000000,0.000000,0.000000,0.000000,0.000000,0.000000,0.000000,0.000000,0.000000,0.000000,0.000000,0.000000,0.000000,0.000000,0.000000,0.000000,0.000000,0.000000,0.000000,0.000000,0.000000,0.000000,0.000000,0.000000,0.000000,0.000000,0.000000,0.000000,0.000000,0.000000,0.000000,0.000000,0.000000,0.000000
0.000000,0.000000,0.000000,0.000000,0.000000,0.000000,0.000000,0.000000,0.000000,0.000000,0.000000,0.000000,0.000000,0.000000,0.000000,0.000000,0.000000,0.000000,0.000000,0.000000,0.000000,0.000000,0.000000,0.000000,0.000000,0.000000,0.000000,0.000000,0.000000,0.000000,0.000000,0.000000,1000.000193,1000.000245,1000.000295,1000.000336,1000.000374,1000.000411,1000.000444,1000.000474,1000.000502,1000.000528,1000.000551,1000.000568,1000.000580,1000.000586,1000.000590,1000.000592,1000.000593,1000.000593,1000.000594,1000.000594,1000.000594,1000.000593,1000.000593,1000.000592,1000.000590,1000.000586,1000.000580,1000.000568,1000.000551,1000.000528,1000.000502,1000.000474,1000.000444,1000.000411,1000.000374,1000.000336,1000.000295,1000.000245,1000.000193,0.000000,0.000000,0.000000,0.000000,0.000000,0.000000,0.000000,0.000000,0.000000,0.000000,0.000000,0.000000,0.000000,0.000000,0.000000,0.000000,0.000000,0.000000,0.000000,0.000000,0.000000,0.000000,0.000000,0.000000,0.000000,0.000000,0.000000,0.000000,0.000000,0.000000,0.000000,0.000000
0.000000,0.000000,0.000000,0.000000,0.000000,0.000000,0.000000,0.000000,0.000000,0.000000,0.000000,0.000000,0.000000,0.000000,0.000000,0.000000,0.000000,0.000000,0.000000,0.000000,0.000000,0.000000,0.000000,0.000000,0.000000,0.000000,0.000000,0.000000,0.000000,0.000000,1000.000202,1000.000260,1000.000317,1000.000364,1000.000410,1000.000452,1000.000493,1000.000531,1000.000563,1000.000591,1000.000615,1000.000636,1000.000655,1000.000667,1000.000673,1000.000677,1000.000679,1000.000680,1000.000680,1000.000680,1000.000680,1000.000680,1000.000680,1000.000680,1000.000680,1000.000680,1000.000679,1000.000677,1000.000673,1000.000667,1000.000655,1000.000636,1000.000615,1000.000591,1000.000563,1000.000531,1000.000493,1000.000452,1000.000410,1000.000364,1000.000317,1000.000260,1000.000202,0.000000,0.000000,0.000000,0.000000,0.000000,0.000000,0.000000,0.000000,0.000000,0.000000,0.000000,0.000000,0.000000,0.000000,0.000000,0.000000,0.000000,0.000000,0.000000,0.000000,0.000000,0.000000,0.000000,0.000000,0.000000,0.000000,0.000000,0.000000,0.000000,0.000000
0.000000,0.000000,0.000000,0.000000,0.000000,0.000000,0.000000,0.000000,0.000000,0.000000,0.000000,0.000000,0.000000,0.000000,0.000000,0.000000,0.000000,0.000000,0.000000,0.000000,0.000000,0.000000,0.000000,0.000000,0.000000,0.000000,0.000000,0.000000,1000.000201,1000.000264,1000.000324,1000.000377,1000.000429,1000.000479,1000.000527,1000.000569,1000.000606,1000.000638,1000.000663,1000.000680,1000.000692,1000.000700,1000.000702,1000.000701,1000.000699,1000.000698,1000.000697,1000.000696,1000.000695,1000.000695,1000.000694,1000.000694,1000.000694,1000.000695,1000.000695,1000.000696,1000.000697,1000.000698,1000.000699,1000.000701,1000.000702,1000.000700,1000.000692,1000.000680,1000.000663,1000.000638,1000.000606,1000.000569,1000.000527,1000.000479,1000.000429,1000.000377,1000.000324,1000.000264,1000.000201,0.000000,0.000000,0.000000,0.000000,0.000000,0.000000,0.000000,0.000000,0.000000,0.000000,0.000000,0.000000,0.000000,0.000000,0.000000,0.000000,0.000000,0.000000,0.000000,0.000000,0.000000,0.000000,0.000000,0.000000,0.000000,0.000000,0.000000,0.000000
0.000000,0.000000,0.000000,0.000000,0.000000,0.000000,0.000000,0.000000,0.000000,0.000000,0.000000,0.000000,0.000000,0.000000,0.000000,0.000000,0.000000,0.000000,0.000000,0.000000,0.000000,0.000000,0.000000,0.000000,0.000000,0.000000,1000.000191,1000.000258,1000.000322,1000.000378,1000.000434,1000.000489,1000.000542,1000.000591,1000.000633,1000.000666,1000.000688,1000.000702,1000.000708,1000.000706,1000.000702,1000.000693,1000.000679,1000.000666,1000.000657,1000.000651,1000.000648,1000.000645,1000.000643,1000.000642,1000.000641,1000.000641,1000.000641,1000.000642,1000.000643,1000.000645,1000.000648,1000.000651,1000.000657,1000.000666,1000.000679,1000.000693,1000.000702,1000.000706,1000.000708,1000.000702,1000.000688,1000.000666,1000.000633,1000.000591,1000.000542,1000.000489,1000.000434,1000.000378,1000.000322,1000.000258,1000.000191,0.000000,0.000000,0.000000,0.000000,0.000000,0.000000,0.000000,0.000000,0.000000,0.000000,0.000000,0.000000,0.000000,0.000000,0.000000,0.000000,0.000000,0.000000,0.000000,0.000000,0.000000,0.000000,0.000000,0.000000,0.000000,0.000000
0.000000,0.000000,0.000000,0.000000,0.000000,0.000000,0.000000,0.000000,0.000000,0.000000,0.000000,0.000000,0.000000,0.000000,0.000000,0.000000,0.000000,0.000000,0.000000,0.000000,0.000000,0.000000,0.000000,0.000000,1000.000164,1000.000238,1000.000309,1000.000370,1000.000430,1000.000488,1000.000545,1000.000597,1000.000642,1000.000677,1000.000700,1000.000708,1000.000707,1000.000698,1000.000683,1000.000667,1000.000651,1000.000634,1000.000616,1000.000600,1000.000588,1000.000580,1000.000574,1000.000570,1000.000568,1000.000566,1000.000564,1000.000564,1000.000564,1000.000566,1000.000568,1000.000570,1000.000574,1000.000580,1000.000588,1000.000600,1000.000616,1000.000634,1000.000651,1000.000667,1000.000683,1000.000698,1000.000707,1000.000708,1000.000700,1000.000677,1000.000642,1000.000597,1000.000545,1000.000488,1000.000430,1000.000370,1000.000309,1000.000238,1000.000164,0.000000,0.000000,0.000000,0.000000,0.000000,0.000000,0.000000,0.000000,0.000000,0.000000,0.000000,0.000000,0.000000,0.000000,0.000000,0.000000,0.000000,0.000000,0.000000,0.000000,0.000000,0.000000,0.000000,0.000000
0.000000,0.000000,0.000000,0.000000,0.000000,0.000000,0.000000,0.000000,0.000000,0.000000,0.000000,0.000000,0.000000,0.000000,0.000000,0.000000,0.000000,0.000000,0.000000,0.000000,0.000000,0.000000,0.000000,1000.000198,1000.000278,1000.000347,1000.000414,1000.000478,1000.000540,1000.000595,1000.000643,1000.000680,1000.000703,1000.000710,1000.000703,1000.000686,1000.000666,1000.000643,1000.000620,1000.000599,1000.000579,1000.000562,1000.000545,1000.000530,1000.000518,1000.000509,1000.000502,1000.000496,1000.000493,1000.000490,1000.000489,1000.000488,1000.000489,1000.000490,1000.000493,1000.000496,1000.000502,1000.000509,1000.000518,1000.000530,1000.000545,1000.000562,1000.000579,1000.000599,1000.000620,1000.000643,1000.000666,1000.000686,1000.000703,1000.000710,1000.000703,1000.000680,1000.000643,1000.000595,1000.000540,1000.000478,1000.000414,1000.000347,1000.000278,1000.000198,0.000000,0.000000,0.000000,0.000000,0.000000,0.000000,0.000000,0.000000,0.000000,0.000000,0.000000,0.000000,0.000000,0.000000,0.000000,0.000000,0.000000,0.000000,0.000000,0.000000,0.000000,0.000000,0.000000
0.000000,0.000000,0.000000,0.000000,0.000000,0.000000,0.000000,0.000000,0.000000,0.000000,0.000000,0.000000,0.000000,0.000000,0.000000,0.000000,0.000000,0.000000,0.000000,0.000000,0.000000,1000.000146,1000.000229,1000.000309,1000.000381,1000.000452,1000.000522,1000.000585,1000.000638,1000.000678,1000.000703,1000.000711,1000.000703,1000.000683,1000.000656,1000.000627,1000.000599,1000.000573,1000.000550,1000.000528,1000.000509,1000.000491,1000.000475,1000.000461,1000.000449,1000.000439,1000.000431,1000.000425,1000.000421,1000.000418,1000.000416,1000.000415,1000.000416,1000.000418,1000.000421,1000.000425,1000.000431,1000.000439,1000.000449,1000.000461,1000.000475,1000.000491,1000.000509,1000.000528,1000.000550,1000.000573,1000.000599,1000.000627,1000.000656,1000.000683,1000.000703,1000.000711,1000.000703,1000.000678,1000.000638,1000.000585,1000.000522,1000.000452,1000.000381,1000.000309,1000.000229,1000.000146,0.000000,0.000000,0.000000,0.000000,0.000000,0.000000,0.000000,0.000000,0.000000,0.000000,0.000000,0.000000,0.000000,0.000000,0.000000,0.000000,0.000000,0.000000,0.000000,0.000000,0.000000
0.000000,0.000000,0.000000,0.000000,0.000000,0.000000,0.000000,0.000000,0.000000,0.000000,0.000000,0.000000,0.000000,0.000000,0.000000,0.000000,0.000000,0.000000,0.000000,0.000000,1000.000170,1000.000258,1000.000333,1000.000408,1000.000482,1000.000555,1000.000620,1000.000670,1000.000699,1000.000710,1000.000703,1000.000682,1000.000653,1000.000621,1000.000588,1000.000558,1000.000530,1000.000505,1000.000482,1000.000461,1000.000441,1000.000423,1000.000407,1000.000393,1000.000380,1000.000370,1000.000362,1000.000356,1000.000351,1000.000347,1000.000345,1000.000345,1000.000345,1000.000347,1000.000351,1000.000356,1000.000362,1000.000370,1000.000380,1000.000393,1000.000407,1000.000423,1000.000441,1000.000461,1000.000482,1000.000505,1000.000530,1000.000558,1000.000588,1000.000621,1000.000653,1000.000682,1000.000703,1000.000710,1000.000699,1000.000670,1000.000620,1000.000555,1000.000482,1000.000408,1000.000333,1000.000258,1000.000170,0.000000,0.000000,0.000000,0.000000,0.000000,0.000000,0.000000,0.000000,0.000000,0.000000,0.000000,0.000000,0.000000,0.000000,0.000000,0.000000,0.000000,0.000000,0.000000,0.000000
0.000000,0.000000,0.000000,0.000000,0.000000,0.000000,0.000000,0.000000,0.000000,0.000000,0.000000,0.000000,0.000000,0.000000,0.000000,0.000000,0.000000,0.000000,0.000000,1000.000190,1000.000279,1000.000357,1000.000432,1000.000507,1000.000579,1000.000642,1000.000688,1000.000707,1000.000703,1000.000684,1000.000655,1000.000621,1000.000586,1000.000552,1000.000521,1000.000492,1000.000465,1000.000439,1000.000416,1000.000394,1000.000374,1000.000356,1000.000340,1000.000326,1000.000314,1000.000303,1000.000295,1000.000288,1000.000283,1000.000279,1000.000277,1000.000276,1000.000277,1000.000279,1000.000283,1000.000288,1000.000295,1000.000303,1000.000314,1000.000326,1000.000340,1000.000356,1000.000374,1000.000394,1000.000416,1000.000439,1000.000465,1000.000492,1000.000521,1000.000552,1000.000586,1000.000621,1000.000655,1000.000684,1000.000703,1000.000707,1000.000688,1000.000642,1000.000579,1000.000507,1000.000432,1000.000357,1000.000279,1000.000190,0.000000,0.000000,0.000000,0.000000,0.000000,0.000000,0.000000,0.000000,0.000000,0.000000,0.000000,0.000000,0.000000,0.000000,0.000000,0.000000,0.000000,0.000000,0.000000
0.000000,0.000000,0.000000,0.000000,0.000000,0.000000,0.000000,0.000000,0.000000,0.000000,0.000000,0.000000,0.000000,0.000000,0.000000,0.000000,0.000000,0.000000,1000.000202,1000.000295,1000.000376,1000.000455,1000.000532,1000.000601,1000.000659,1000.000698,1000.000708,1000.000691,1000.000661,1000.000626,1000.000589,1000.000553,1000.000519,1000.000487,1000.000456,1000.000427,1000.000400,1000.000374,1000.000351,1000.000329,1000.000310,1000.000292,1000.000275,1000.000261,1000.000249,1000.000238,1000.000229,1000.000222,1000.000217,1000.000213,1000.000211,1000.000210,1000.000211,1000.000213,1000.000217,1000.000222,1000.000229,1000.000238,1000.000249,1000.000261,1000.000275,1000.000292,1000.000310,1000.000329,1000.000351,1000.000374,1000.000400,1000.000427,1000.000456,1000.000487,1000.000519,1000.000553,1000.000589,1000.000626,1000.000661,1000.000691,1000.000708,1000.000698,1000.000659,1000.000601,1000.000532,1000.000455,1000.000376,1000.000295,1000.000202,0.000000,0.000000,0.000000,0.000000,0.000000,0.000000,0.000000,0.000000,0.000000,0.000000,0.000000,0.000000,0.000000,0.000000,0.000000,0.000000,0.000000,0.000000
0.000000,0.000000,0.000000,0.000000,0.000000,0.000000,0.000000,0.000000,0.000000,0.000000,0.000000,0.000000,0.000000,0.000000,0.000000,0.000000,0.000000,1000.000208,1000.000304,1000.000388,1000.000471,1000.000552,1000.000623,1000.000676,1000.000705,1000.000707,1000.000682,1000.000643,1000.000601,1000.000561,1000.000524,1000.000489,1000.000456,1000.000424,1000.000393,1000.000364,1000.000337,1000.000311,1000.000288,1000.000266,1000.000246,1000.000228,1000.000212,1000.000198,1000.000185,1000.000175,1000.000166,1000.000158,1000.000153,1000.000149,1000.000146,1000.000146,1000.000146,1000.000149,1000.000153,1000.000158,1000.000166,1000.000175,1000.000185,1000.000198,1000.000212,1000.000228,1000.000246,1000.000266,1000.000288,1000.000311,1000.000337,1000.000364,1000.000393,1000.000424,1000.000456,1000.000489,1000.000524,1000.000561,1000.000601,1000.000643,1000.000682,1000.000707,1000.000705,1000.000676,1000.000623,1000.000552,1000.000471,1000.000388,1000.000304,1000.000208,0.000000,0.000000,0.000000,0.000000,0.000000,0.000000,0.000000,0.000000,0.000000,0.000000,0.000000,0.000000,0.000000,0.000000,0.000000,0.000000,0.000000
0.000000,0.000000,0.000000,0.000000,0.000000,0.000000,0.000000,0.000000,0.000000,0.000000,0.000000,0.000000,0.000000,0.000000,0.000000,0.000000,1000.000210,1000.000308,1000.000395,1000.000480,1000.000564,1000.000637,1000.000688,1000.000708,1000.000700,1000.000672,1000.000630,1000.000583,1000.000539,1000.000500,1000.000464,1000.000428,1000.000394,1000.000362,1000.000331,1000.000302,1000.000275,1000.000250,1000.000226,1000.000205,1000.000185,1000.000167,1000.000151,1000.000136,1000.000124,1000.000113,1000.000103,1000.000096,1000.000090,1000.000086,1000.000084,1000.000083,1000.000084,1000.000086,1000.000090,1000.000096,1000.000103,1000.000113,1000.000124,1000.000136,1000.000151,1000.000167,1000.000185,1000.000205,1000.000226,1000.000250,1000.000275,1000.000302,1000.000331,1000.000362,1000.000394,1000.000428,1000.000464,1000.000500,1000.000539,1000.000583,1000.000630,1000.000672,1000.000700,1000.000708,1000.000688,1000.000637,1000.000564,1000.000480,1000.000395,1000.000308,1000.000210,0.000000,0.000000,0.000000,0.000000,0.000000,0.000000,0.000000,0.000000,0.000000,0.000000,0.000000,0.000000,0.000000,0.000000,0.000000,0.000000
0.000000,0.000000,0.000000,0.000000,0.000000,0.000000,0.000000,0.000000,0.000000,0.000000,0.000000,0.000000,0.000000,0.000000,0.000000,1000.000208,1000.000308,1000.000397,1000.000484,1000.000569,1000.000643,1000.000694,1000.000708,1000.000691,1000.000656,1000.000613,1000.000567,1000.000522,1000.000481,1000.000442,1000.000404,1000.000368,1000.000334,1000.000302,1000.000271,1000.000242,1000.000215,1000.000190,1000.000167,1000.000145,1000.000125,1000.000107,1000.000091,1000.000076,1000.000063,1000.000052,1000.000043,1000.000036,1000.000030,1000.000026,1000.000023,1000.000022,1000.000023,1000.000026,1000.000030,1000.000036,1000.000043,1000.000052,1000.000063,1000.000076,1000.000091,1000.000107,1000.000125,1000.000145,1000.000167,1000.000190,1000.000215,1000.000242,1000.000271,1000.000302,1000.000334,1000.000368,1000.000404,1000.000442,1000.000481,1000.000522,1000.000567,1000.000613,1000.000656,1000.000691,1000.000708,1000.000694,1000.000643,1000.000569,1000.000484,1000.000397,1000.000308,1000.000208,0.000000,0.000000,0.000000,0.000000,0.000000,0.000000,0.000000,0.000000,0.000000,0.000000,0.000000,0.000000,0.000000,0.000000,0.000000
0.000000,0.000000,0.000000,0.000000,0.000000,0.000000,0.000000,0.000000,0.000000,0.000000,0.000000,0.000000,0.000000,0.000000,1000.000202,1000.000304,1000.000395,1000.000484,1000.000571,1000.000646,1000.000696,1000.000709,1000.000686,1000.000645,1000.000598,1000.000551,1000.000507,1000.000465,1000.000423,1000.000383,1000.000345,1000.000310,1000.000276,1000.000244,1000.000213,1000.000184,1000.000157,1000.000132,1000.000108,1000.000087,1000.000067,1000.000049,1000.000032,1000.000018,1000.000005,999.999994,999.999985,999.999977,999.999971,999.999967,999.999965,999.999964,999.999965,999.999967,999.999971,999.999977,999.999985,999.999994,1000.000005,1000.000018,1000.000032,1000.000049,1000.000067,1000.000087,1000.000108,1000.000132,1000.000157,1000.000184,1000.000213,1000.000244,1000.000276,1000.000310,1000.000345,1000.000383,1000.000423,1000.000465,1000.000507,1000.000551,1000.000598,1000.000645,1000.000686,1000.000709,1000.000696,1000.000646,1000.000571,1000.000484,1000.000395,1000.000304,1000.000202,0.000000,0.000000,0.000000,0.000000,0.000000,0.000000,0.000000,0.000000,0.000000,0.000000,0.000000,0.000000,0.000000,0.000000
0.000000,0.000000,0.000000,0.000000,0.000000,0.000000,0.000000,0.000000,0.000000,0.000000,0.000000,0.000000,0.000000,1000.000190,1000.000295,1000.000388,1000.000480,1000.000569,1000.000646,1000.000697,1000.000709,1000.000684,1000.000640,1000.000589,1000.000539,1000.000494,1000.000451,1000.000408,1000.000366,1000.000327,1000.000289,1000.000254,1000.000219,1000.000187,1000.000156,1000.000128,1000.000101,1000.000076,1000.000052,1000.000030,1000.000010,999.999992,999.999976,999.999961,999.999948,999.999937,999.999928,999.999920,999.999914,999.999910,999.999908,999.999907,999.999908,999.999910,999.999914,999.999920,999.999928,999.999937,999.999948,999.999961,999.999976,999.999992,1000.000010,1000.000030,1000.000052,1000.000076,1000.000101,1000.000128,1000.000156,1000.000187,1000.000219,1000.000254,1000.000289,1000.000327,1000.000366,1000.000408,1000.000451,1000.000494,1000.000539,1000.000589,1000.000640,1000.000684,1000.000709,1000.000697,1000.000646,1000.000569,1000.000480,1000.000388,1000.000295,1000.000190,0.000000,0.000000,0.000000,0.000000,0.000000,0.000000,0.000000,0.000000,0.000000,0.000000,0.000000,0.000000,0.000000
0.000000,0.000000,0.000000,0.000000,0.000000,0.000000,0.000000,0.000000,0.000000,0.000000,0.000000,0.000000,1000.000170,1000.000279,1000.000376,1000.000471,1000.000564,1000.000643,1000.000696,1000.000709,1000.000684,1000.000638,1000.000585,1000.000533,1000.000486,1000.000440,1000.000395,1000.000352,1000.000311,1000.000272,1000.000235,1000.000199,1000.000165,1000.000132,1000.000102,1000.000073,1000.000046,1000.000021,999.999997,999.999976,999.999956,999.999938,999.999921,999.999906,999.999894,999.999882,999.999873,999.999865,999.999859,999.999855,999.999853,999.999852,999.999853,999.999855,999.999859,999.999865,999.999873,999.999882,999.999894,999.999906,999.999921,999.999938,999.999956,999.999976,999.999997,1000.000021,1000.000046,1000.000073,1000.000102,1000.000132,1000.000165,1000.000199,1000.000235,1000.000272,1000.000311,1000.000352,1000.000395,1000.000440,1000.000486,1000.000533,1000.000585,1000.000638,1000.000684,1000.000709,1000.000696,1000.000643,1000.000564,1000.000471,1000.000376,1000.000279,1000.000170,0.000000,0.000000,0.000000,0.000000,0.000000,0.000000,0.000000,0.000000,0.000000,0.000000,0.000000,0.000000
0.000000,0.000000,0.000000,0.000000,0.000000,0.000000,0.000000,0.000000,0.000000,0.000000,0.000000,1000.000146,1000.000258,1000.000357,1000.000455,1000.000552,1000.000637,1000.000694,1000.000709,1000.000684,1000.000638,1000.000583,1000.000530,1000.000481,1000.000433,1000.000387,1000.000342,1000.000299,1000.000258,1000.000219,1000.000181,1000.000146,1000.000112,1000.000079,1000.000049,1000.000020,999.999993,999.999968,999.999944,999.999923,999.999903,999.999884,999.999868,999.999853,999.999840,999.999829,999.999820,999.999812,999.999806,999.999802,999.999799,999.999798,999.999799,999.999802,999.999806,999.999812,999.999820,999.999829,999.999840,999.999853,999.999868,999.999884,999.999903,999.999923,999.999944,999.999968,999.999993,1000.000020,1000.000049,1000.000079,1000.000112,1000.000146,1000.000181,1000.000219,1000.000258,1000.000299,1000.000342,1000.000387,1000.000433,1000.000481,1000.000530,1000.000583,1000.000638,1000.000684,1000.000709,1000.000694,1000.000637,1000.000552,1000.000455,1000.000357,1000.000258,1000.000146,0.000000,0.000000,0.000000,0.000000,0.000000,0.000000,0.000000,0.000000,0.000000,0.000000,0.000000
0.000000,0.000000,0.000000,0.000000,0.000000,0.000000,0.000000,0.000000,0.000000,0.000000,0.000000,1000.000229,1000.000333,1000.000432,1000.000532,1000.000623,1000.000688,1000.000708,1000.000686,1000.000640,1000.000585,1000.000530,1000.000479,1000.000430,1000.000381,1000.000335,1000.000291,1000.000248,1000.000207,1000.000168,1000.000130,1000.000094,1000.000060,1000.000028,999.999997,999.999969,999.999942,999.999916,999.999893,999.999871,999.999851,999.999833,999.999817,999.999802,999.999789,999.999778,999.999768,999.999761,999.999755,999.999750,999.999748,999.999747,999.999748,999.999750,999.999755,999.999761,999.999768,999.999778,999.999789,999.999802,999.999817,999.999833,999.999851,999.999871,999.999893,999.999916,999.999942,999.999969,999.999997,1000.000028,1000.000060,1000.000094,1000.000130,1000.000168,1000.000207,1000.000248,1000.000291,1000.000335,1000.000381,1000.000430,1000.000479,1000.000530,1000.000585,1000.000640,1000.000686,1000.000708,1000.000688,1000.000623,1000.000532,1000.000432,1000.000333,1000.000229,0.000000,0.000000,0.000000,0.000000,0.000000,0.000000,0.000000,0.000000,0.000000,0.000000,0.000000
0.000000,0.000000,0.000000,0.000000,0.000000,0.000000,0.000000,0.000000,0.000000,0.000000,1000.000198,1000.000309,1000.000408,1000.000507,1000.000601,1000.000676,1000.000708,1000.000691,1000.000645,1000.000589,1000.000533,1000.000481,1000.000430,1000.000380,1000.000331,1000.000286,1000.000241,1000.000198,1000.000157,1000.000118,1000.000080,1000.000045,1000.000011,999.999978,999.999948,999.999919,999.999892,999.999867,999.999843,999.999822,999.999802,999.999784,999.999767,999.999752,999.999739,999.999728,999.999719,999.999711,999.999705,999.999701,999.999698,999.999697,999.999698,999.999701,999.999705,999.999711,999.999719,999.999728,999.999739,999.999752,999.999767,999.999784,999.999802,999.999822,999.999843,999.999867,999.999892,999.999919,999.999948,999.999978,1000.000011,1000.000045,1000.000080,1000.000118,1000.000157,1000.000198,1000.000241,1000.000286,1000.000331,1000.000380,1000.000430,1000.000481,1000.000533,1000.000589,1000.000645,1000.000691,1000.000708,1000.000676,1000.000601,1000.000507,1000.000408,1000.000309,1000.000198,0.000000,0.000000,0.000000,0.000000,0.000000,0.000000,0.000000,0.000000,0.000000,0.000000
0.000000,0.000000,0.000000,0.000000,0.000000,0.000000,0.000000,0.000000,0.000000,1000.000164,1000.000278,1000.000381,1000.000482,1000.000579,1000.000659,1000.000705,1000.000700,1000.000656,1000.000598,1000.000539,1000.000486,1000.000433,1000.000381,1000.000331,1000.000284,1000.000238,1000.000193,1000.000150,1000.000109,1000.000070,1000.000033,999.999997,999.999963,999.999931,999.999900,999.999871,999.999844,999.999819,999.999796,999.999774,999.999754,999.999736,999.999719,999.999704,999.999691,999.999680,999.999671,999.999663,999.999657,999.999653,999.999650,999.999649,999.999650,999.999653,999.999657,999.999663,999.999671,999.999680,999.999691,999.999704,999.999719,999.999736,999.999754,999.999774,999.999796,999.999819,999.999844,999.999871,999.999900,999.999931,999.999963,999.999997,1000.000033,1000.000070,1000.000109,1000.000150,1000.000193,1000.000238,1000.000284,1000.000331,1000.000381,1000.000433,1000.000486,1000.000539,1000.000598,1000.000656,1000.000700,1000.000705,1000.000659,1000.000579,1000.000482,1000.000381,1000.000278,1000.000164,0.000000,0.000000,0.000000,0.000000,0.000000,0.000000,0.000000,0.000000,0.000000
0.000000,0.000000,0.000000,0.000000,0.000000,0.000000,0.000000,0.000000,0.000000,1000.000238,1000.000347,1000.000452,1000.000555,1000.000642,1000.000698,1000.000707,1000.000672,1000.000613,1000.000551,1000.000494,1000.000440,1000.000387,1000.000335,1000.000286,1000.000238,1000.000191,1000.000147,1000.000104,1000.000063,1000.000024,999.999986,999.999951,999.999917,999.999884,999.999854,999.999825,999.999798,999.999773,999.999749,999.999728,999.999708,999.999690,999.999673,999.999658,999.999645,999.999634,999.999625,999.999617,999.999611,999.999606,999.999604,999.999603,999.999604,999.999606,999.999611,999.999617,999.999625,999.999634,999.999645,999.999658,999.999673,999.999690,999.999708,999.999728,999.999749,999.999773,999.999798,999.999825,999.999854,999.999884,999.999917,999.999951,999.999986,1000.000024,1000.000063,1000.000104,1000.000147,1000.000191,1000.000238,1000.000286,1000.000335,1000.000387,1000.000440,1000.000494,1000.000551,1000.000613,1000.000672,1000.000707,1000.000698,1000.000642,1000.000555,1000.000452,1000.000347,1000.000238,0.000000,0.000000,0.000000,0.000000,0.000000,0.000000,0.000000,0.000000,0.000000
0.000000,0.000000,0.000000,0.000000,0.000000,0.000000,0.000000,0.000000,1000.000191,1000.000309,1000.000414,1000.000522,1000.000620,1000.000688,1000.000708,1000.000682,1000.000630,1000.000567,1000.000507,1000.000451,1000.000395,1000.000342,1000.000291,1000.000241,1000.000193,1000.000147,1000.000102,1000.000060,1000.000019,999.999979,999.999942,999.999906,999.999872,999.999840,999.999810,999.999781,999.999754,999.999729,999.999705,999.999683,999.999663,999.999645,999.999629,999.999614,999.999601,999.999590,999.999580,999.999572,999.999566,999.999562,999.999559,999.999558,999.999559,999.999562,999.999566,999.999572,999.999580,999.999590,999.999601,999.999614,999.999629,999.999645,999.999663,999.999683,999.999705,999.999729,999.999754,999.999781,999.999810,999.999840,999.999872,999.999906,999.999942,999.999979,1000.000019,1000.000060,1000.000102,1000.000147,1000.000193,1000.000241,1000.000291,1000.000342,1000.000395,1000.000451,1000.000507,1000.000567,1000.000630,1000.000682,1000.000708,1000.000688,1000.000620,1000.000522,1000.000414,1000.000309,1000.000191,0.000000,0.000000,0.000000,0.000000,0.000000,0.000000,0.000000,0.000000
0.000000,0.000000,0.000000,0.000000,0.000000,0.000000,0.000000,0.000000,1000.000258,1000.000370,1000.000478,1000.000585,1000.000670,1000.000707,1000.000691,1000.000643,1000.000583,1000.000522,1000.000465,1000.000408,1000.000352,1000.000299,1000.000248,1000.000198,1000.000150,1000.000104,1000.000060,1000.000017,999.999976,999.999937,999.999899,999.999864,999.999830,999.999797,999.999767,999.999738,999.999711,999.999686,999.999662,999.999641,999.999621,999.999602,999.999586,999.999571,999.999558,999.999547,999.999537,999.999530,999.999523,999.999519,999.999517,999.999516,999.999517,999.999519,999.999523,999.999530,999.999537,999.999547,999.999558,999.999571,999.999586,999.999602,999.999621,999.999641,999.999662,999.999686,999.999711,999.999738,999.999767,999.999797,999.999830,999.999864,999.999899,999.999937,999.999976,1000.000017,1000.000060,1000.000104,1000.000150,1000.000198,1000.000248,1000.000299,1000.000352,1000.000408,1000.000465,1000.000522,1000.000583,1000.000643,1000.000691,1000.000707,1000.000670,1000.000585,1000.000478,1000.000370,1000.000258,0.000000,0.000000,0.000000,0.000000,0.000000,0.000000,0.000000,0.000000
0.000000,0.000000,0.000000,0.000000,0.000000,0.000000,0.000000,1000.000201,1000.000322,1000.000430,1000.000540,1000.000638,1000.000699,1000.000703,1000.000661,1000.000601,1000.000539,1000.000481,1000.000423,1000.000366,1000.000311,1000.000258,1000.000207,1000.000157,1000.000109,1000.000063,1000.000019,999.999976,999.999935,999.999896,999.999858,999.999823,999.999789,999.999756,999.999726,999.999697,999.999670,999.999645,999.999622,999.999600,999.999580,999.999562,999.999545,999.999530,999.999517,999.999506,999.999496,999.999489,999.999483,999.999478,999.999476,999.999475,999.999476,999.999478,999.999483,999.999489,999.999496,999.999506,999.999517,999.999530,999.999545,999.999562,999.999580,999.999600,999.999622,999.999645,999.999670,999.999697,999.999726,999.999756,999.999789,999.999823,999.999858,999.999896,999.999935,999.999976,1000.000019,1000.000063,1000.000109,1000.000157,1000.000207,1000.000258,1000.000311,1000.000366,1000.000423,1000.000481,1000.000539,1000.000601,1000.000661,1000.000703,1000.000699,1000.000638,1000.000540,1000.000430,1000.000322,1000.000201,0.000000,0.000000,0.000000,0.000000,0.000000,0.000000,0.000000
0.000000,0.000000,0.000000,0.000000,0.000000,0.000000,0.000000,1000.000264,1000.000378,1000.000488,1000.000595,1000.000678,1000.000710,1000.000684,1000.000626,1000.000561,1000.000500,1000.000442,1000.000383,1000.000327,1000.000272,1000.000219,1000.000168,1000.000118,1000.000070,1000.000024,999.999979,999.999937,999.999896,999.999857,999.999819,999.999784,999.999750,999.999717,999.999687,999.999658,999.999631,999.999606,999.999582,999.999561,999.999541,999.999522,999.999506,999.999491,999.999478,999.999467,999.999457,999.999449,999.999443,999.999439,999.999436,999.999435,999.999436,999.999439,999.999443,999.999449,999.999457,999.999467,999.999478,999.999491,999.999506,999.999522,999.999541,999.999561,999.999582,999.999606,999.999631,999.999658,999.999687,999.999717,999.999750,999.999784,999.999819,999.999857,999.999896,999.999937,999.999979,1000.000024,1000.000070,1000.000118,1000.000168,1000.000219,1000.000272,1000.000327,1000.000383,1000.000442,1000.000500,1000.000561,1000.000626,1000.000684,1000.000710,1000.000678,1000.000595,1000.000488,1000.000378,1000.000264,0.000000,0.000000,0.000000,0.000000,0.000000,0.000000,0.000000
0.000000,0.000000,0.000000,0.000000,0.000000,0.000000,1000.000202,1000.000324,1000.000434,1000.000545,1000.000643,1000.000703,1000.000703,1000.000655,1000.000589,1000.000524,1000.000464,1000.000404,1000.000345,1000.000289,1000.000235,1000.000181,1000.000130,1000.000080,1000.000033,999.999986,999.999942,999.999899,999.999858,999.999819,999.999782,999.999746,999.999712,999.999680,999.999649,999.999621,999.999594,999.999568,999.999545,999.999523,999.999503,999.999485,999.999468,999.999454,999.999441,999.999429,999.999420,999.999412,999.999406,999.999401,999.999399,999.999398,999.999399,999.999401,999.999406,999.999412,999.999420,999.999429,999.999441,999.999454,999.999468,999.999485,999.999503,999.999523,999.999545,999.999568,999.999594,999.999621,999.999649,999.999680,999.999712,999.999746,999.999782,999.999819,999.999858,999.999899,999.999942,999.999986,1000.000033,1000.000080,1000.000130,1000.000181,1000.000235,1000.000289,1000.000345,1000.000404,1000.000464,1000.000524,1000.000589,1000.000655,1000.000703,1000.000703,1000.000643,1000.000545,1000.000434,1000.000324,1000.000202,0.000000,0.000000,0.000000,0.000000,0.000000,0.000000
0.000000,0.000000,0.000000,0.000000,0.000000,0.000000,1000.000260,1000.000377,1000.000489,1000.000597,1000.000680,1000.000711,1000.000682,1000.000621,1000.000553,1000.000489,1000.000428,1000.000368,1000.000310,1000.000254,1000.000199,1000.000146,1000.000094,1000.000045,999.999997,999.999951,999.999906,999.999864,999.999823,999.999784,999.999746,999.999710,999.999676,999.999644,999.999614,999.999585,999.999558,999.999533,999.999509,999.999487,999.999467,999.999449,999.999433,999.999418,999.999405,999.999394,999.999384,999.999376,999.999370,999.999366,999.999363,999.999362,999.999363,999.999366,999.999370,999.999376,999.999384,999.999394,999.999405,999.999418,999.999433,999.999449,999.999467,999.999487,999.999509,999.999533,999.999558,999.999585,999.999614,999.999644,999.999676,999.999710,999.999746,999.999784,999.999823,999.999864,999.999906,999.999951,999.999997,1000.000045,1000.000094,1000.000146,1000.000199,1000.000254,1000.000310,1000.000368,1000.000428,1000.000489,1000.000553,1000.000621,1000.000682,1000.000711,1000.000680,1000.000597,1000.000489,1000.000377,1000.000260,0.000000,0.000000,0.000000,0.000000,0.000000,0.000000
0.000000,0.000000,0.000000,0.000000,0.000000,1000.000193,1000.000317,1000.000429,1000.000542,1000.000642,1000.000703,1000.000703,1000.000653,1000.000586,1000.000519,1000.000456,1000.000394,1000.000334,1000.000276,1000.000219,1000.000165,1000.000112,1000.000060,1000.000011,999.999963,999.999917,999.999872,999.999830,999.999789,999.999750,999.999712,999.999676,999.999642,999.999610,999.999580,999.999551,999.999524,999.999499,999.999475,999.999454,999.999434,999.999415,999.999399,999.999384,999.999371,999.999360,999.999350,999.999342,999.999336,999.999332,999.999329,999.999328,999.999329,999.999332,999.999336,999.999342,999.999350,999.999360,999.999371,999.999384,999.999399,999.999415,999.999434,999.999454,999.999475,999.999499,999.999524,999.999551,999.999580,999.999610,999.999642,999.999676,999.999712,999.999750,999.999789,999.999830,999.999872,999.999917,999.999963,1000.000011,1000.000060,1000.000112,1000.000165,1000.000219,1000.000276,1000.000334,1000.000394,1000.000456,1000.000519,1000.000586,1000.000653,1000.000703,1000.000703,1000.000642,1000.000542,1000.000429,1000.000317,1000.000193,0.000000,0.000000,0.000000,0.000000,0.000000
0.000000,0.000000,0.000000,0.000000,0.000000,1000.000245,1000.000364,1000.000479,1000.000591,1000.000677,1000.000710,1000.000683,1000.000621,1000.000552,1000.000487,1000.000424,1000.000362,1000.000302,1000.000244,1000.000187,1000.000132,1000.000079,1000.000028,999.999978,999.999931,999.999884,999.999840,999.999797,999.999756,999.999717,999.999680,999.999644,999.999610,999.999578,999.999548,999.999519,999.999492,999.999467,999.999443,999.999421,999.999401,999.999383,999.999366,999.999352,999.999339,999.999327,999.999318,999.999310,999.999304,999.999300,999.999297,999.999296,999.999297,999.999300,999.999304,999.999310,999.999318,999.999327,999.999339,999.999352,999.999366,999.999383,999.999401,999.999421,999.999443,999.999467,999.999492,999.999519,999.999548,999.999578,999.999610,999.999644,999.999680,999.999717,999.999756,999.999797,999.999840,999.999884,999.999931,999.999978,1000.000028,1000.000079,1000.000132,1000.000187,1000.000244,1000.000302,1000.000362,1000.000424,1000.000487,1000.000552,1000.000621,1000.000683,1000.000710,1000.000677,1000.000591,1000.000479,1000.000364,1000.000245,0.000000,0.000000,0.000000,0.000000,0.000000
0.000000,0.000000,0.000000,0.000000,1000.000169,1000.000295,1000.000410,1000.000527,1000.000633,1000.000700,1000.000703,1000.000656,1000.000588,1000.000521,1000.000456,1000.000393,1000.000331,1000.000271,1000.000213,1000.000156,1000.000102,1000.000049,999.999997,999.999948,999.999900,999.999854,999.999810,999.999767,999.999726,999.999687,999.999649,999.999614,999.999580,999.999548,999.999517,999.999488,999.999461,999.999436,999.999413,999.999391,999.999371,999.999353,999.999336,999.999321,999.999308,999.999297,999.999287,999.999279,999.999273,999.999269,999.999266,999.999266,999.999266,999.999269,999.999273,999.999279,999.999287,999.999297,999.999308,999.999321,999.999336,999.999353,999.999371,999.999391,999.999413,999.999436,999.999461,999.999488,999.999517,999.999548,999.999580,999.999614,999.999649,999.999687,999.999726,999.999767,999.999810,999.999854,999.999900,999.999948,999.999997,1000.000049,1000.000102,1000.000156,1000.000213,1000.000271,1000.000331,1000.000393,1000.000456,1000.000521,1000.000588,1000.000656,1000.000703,1000.000700,1000.000633,1000.000527,1000.000410,1000.000295,1000.000169,0.000000,0.000000,0.000000,0.000000
0.000000,0.000000,0.000000,0.000000,1000.000215,1000.000336,1000.000452,1000.000569,1000.000666,1000.000708,1000.000686,1000.000627,1000.000558,1000.000492,1000.000427,1000.000364,1000.000302,1000.000242,1000.000184,1000.000128,1000.000073,1000.000020,999.999969,999.999919,999.999871,999.999825,999.999781,999.999738,999.999697,999.999658,999.999621,999.999585,999.999551,999.999519,999.999488,999.999460,999.999433,999.999407,999.999384,999.999362,999.999342,999.999324,999.999307,999.999292,999.999279,999.999268,999.999259,999.999251,999.999245,999.999240,999.999238,999.999237,999.999238,999.999240,999.999245,999.999251,999.999259,999.999268,999.999279,999.999292,999.999307,999.999324,999.999342,999.999362,999.999384,999.999407,999.999433,999.999460,999.999488,999.999519,999.999551,999.999585,999.999621,999.999658,999.999697,999.999738,999.999781,999.999825,999.999871,999.999919,999.999969,1000.000020,1000.000073,1000.000128,1000.000184,1000.000242,1000.000302,1000.000364,1000.000427,1000.000492,1000.000558,1000.000627,1000.000686,1000.000708,1000.000666,1000.000569,1000.000452,1000.000336,1000.000215,0.000000,0.000000,0.000000,0.000000
