0.000000,0.000000,0.000000,0.000000,0.000000,0.000000,0.000000,0.000000,0.000000,0.000000,0.000000,0.000000,0.000000,0.000000,0.000000,0.000000,0.000000,0.000000,0.000000,0.000000,0.000000,0.000000,0.000000,0.000000,0.000000,0.000000,0.000000,0.000000,0.000000,0.000000,0.000000,0.000000,0.000000,0.000000,0.000000,0.000000,0.000000,0.000000,0.000000,0.000000,0.000000,0.000000,0.000000,0.000000,0.000000,0.000000,0.000000,0.000000,0.000000,0.000000,0.000000,0.000000,0.000000,0.000000,0.000000,0.000000,0.000000,0.000000,0.000000,0.000000,0.000000,0.000000,0.000000,0.000000,0.000000,0.000000,0.000000,0.000000,0.000000,0.000000,0.000000,0.000000,0.000000,0.000000,0.000000,0.000000,0.000000,0.000000,0.000000,0.000000,0.000000,0.000000,0.000000,0.000000,0.000000,0.000000,0.000000,0.000000,0.000000,0.000000,0.000000,0.000000,0.000000,0.000000,0.000000,0.000000,0.000000,0.000000,0.000000,0.000000,0.000000,0.000000,0.000000
0.000000,0.000000,0.000000,0.000000,0.000000,0.000000,0.000000,0.000000,0.000000,0.000000,0.000000,0.000000,0.000000,0.000000,0.000000,0.000000,0.000000,0.000000,0.000000,0.000000,0.000000,0.000000,0.000000,0.000000,0.000000,0.000000,0.000000,0.000000,0.000000,0.000000,0.000000,0.000000,0.000000,0.000000,0.000000,0.000000,0.000000,0.000000,0.000000,0.000000,0.000000,0.000000,0.000000,0.000000,0.000000,0.000000,0.000000,0.000000,0.000000,0.000000,0.000000,1000.000086,0.000000,0.000000,0.000000,0.000000,0.000000,0.000000,0.000000,0.000000,0.000000,0.000000,0.000000,0.000000,0.000000,0.000000,0.000000,0.000000,0.000000,0.000000,0.000000,0.000000,0.000000,0.000000,0.000000,0.000000,0.000000,0.000000,0.000000,0.000000,0.000000,0.000000,0.000000,0.000000,0.000000,0.000000,0.000000,0.000000,0.000000,0.000000,0.000000,0.000000,0.000000,0.000000,0.000000,0.000000,0.000000,0.000000,0.000000,0.000000,0.000000,0.000000,0.000000
0.000000,0.000000,0.000000,0.000000,0.000000,0.000000,0.000000,0.000000,0.000000,0.000000,0.000000,0.000000,0.000000,0.000000,0.000000,0.000000,0.000000,0.000000,0.000000,0.000000,0.000000,0.000000,0.000000,0.000000,0.000000,0.000000,0.000000,0.000000,0.000000,0.000000,0.000000,0.000000,0.000000,0.000000,0.000000,0.000000,0.000000,0.000000,0.000000,0.000000,0.000000,0.000000,1000.000157,1000.000182,1000.000196,1000.000202,1000.000206,1000.000207,1000.000207,1000.000206,1000.000205,1000.000211,1000.000205,1000.000206,1000.000207,1000.000207,1000.000206,1000.000202,1000.000196,1000.000182,1000.000157,0.000000,0.000000,0.000000,0.000000,0.000000,0.000000,0.000000,0.000000,0.000000,0.000000,0.000000,0.000000,0.000000,0.000000,0.000000,0.000000,0.000000,0.000000,0.000000,0.000000,0.000000,0.000000,0.000000,0.000000,0.000000,0.000000,0.000000,0.000000,0.000000,0.000000,0.000000,0.000000,0.000000,0.000000,0.000000,0.000000,0.000000,0.000000,0.000000,0.000000,0.000000,0.000000
0.000000,0.000000,0.000000,0.000000,0.000000,0.000000,0.000000,0.000000,0.000000,0.000000,0.000000,0.000000,0.000000,0.000000,0.000000,0.000000,0.000000,0.000000,0.000000,0.000000,0.000000,0.000000,0.000000,0.000000,0.000000,0.000000,0.000000,0.000000,0.000000,0.000000,0.000000,0.000000,0.000000,0.000000,0.000000,0.000000,0.000000,1000.000151,1000.000188,1000.000219,1000.000243,1000.000263,1000.000281,1000.000297,1000.000310,1000.000319,1000.000324,1000.000326,1000.000327,1000.000328,1000.000327,1000.000328,1000.000327,1000.000328,1000.000327,1000.000326,1000.000324,1000.000319,1000.000310,1000.000297,1000.000281,1000.000263,1000.000243,1000.000219,1000.000188,1000.000151,0.000000,0.000000,0.000000,0.000000,0.000000,0.000000,0.000000,0.000000,0.000000,0.000000,0.000000,0.000000,0.000000,0.000000,0.000000,0.000000,0.000000,0.000000,0.000000,0.000000,0.000000,0.000000,0.000000,0.000000,0.000000,0.000000,0.000000,0.000000,0.000000,0.000000,0.000000,0.000000,0.000000,0.000000,0.000000,0.000000,0.000000
0.000000,0.000000,0.000000,0.000000,0.000000,0.000000,0.000000,0.000000,0.000000,0.000000,0.000000,0.000000,0.000000,0.000000,0.000000,0.000000,0.000000,0.000000,0.000000,0.000000,0.000000,0.000000,0.000000,0.000000,0.000000,0.000000,0.000000,0.000000,0.000000,0.000000,0.000000,0.000000,0.000000,0.000000,1000.000157,1000.000201,1000.000236,1000.000272,1000.000302,1000.000330,1000.000356,1000.000378,1000.000398,1000.000414,1000.000426,1000.000434,1000.000439,1000.000442,1000.000443,1000.000443,1000.000444,1000.000443,1000.000444,1000.000443,1000.000443,1000.000442,1000.000439,1000.000434,1000.000426,1000.000414,1000.000398,1000.000378,1000.000356,1000.000330,1000.000302,1000.000272,1000.000236,1000.000201,1000.000157,0.000000,0.000000,0.000000,0.000000,0.000000,0.000000,0.000000,0.000000,0.000000,0.000000,0.000000,0.000000,0.000000,0.000000,0.000000,0.000000,0.000000,0.000000,0.000000,0.000000,0.000000,0.000000,0.000000,0.000000,0.000000,0.000000,0.000000,0.000000,0.000000,0.000000,0.000000,0.000000,0.000000,0.000000
0.000000,0.000000,0.000000,0.000000,0.000000,0.000000,0.000000,0.000000,0.000000,0.000000,0.000000,0.000000,0.000000,0.000000,0.000000,0.000000,0.000000,0.000000,0.000000,0.000000,0.000000,0.000000,0.000000,0.000000,0.000000,0.000000,0.000000,0.000000,0.000000,0.000000,0.000000,0.000000,1000.000180,1000.000228,1000.000275,1000.000313,1000.000348,1000.000383,1000.000414,1000.000442,1000.000468,1000.000492,1000.000514,1000.000530,1000.000541,1000.000547,1000.000550,1000.000552,1000.000553,1000.000554,1000.000554,1000.000554,1000.000554,1000.000554,1000.000553,1000.000552,1000.000550,1000.000547,1000.000541,1000.000530,1000.000514,1000.000492,1000.000468,1000.000442,1000.000414,1000.000383,1000.000348,1000.000313,1000.000275,1000.000228,1000.000180,0.000000,0.000000,0.000000,0.000000,0.000000,0.000000,0.000000,0.000000,0.000000,0.000000,0.000000,0.000000,0.000000,0.000000,0.000000,0.000000,0.000000,0.000000,0.000000,0.000000,0.000000,0.000000,0.000000,0.000000,0.000000,0.000000,0.000000,0.000000,0.000000,0.000000,0.000000,0.000000
0.000000,0.000000,0.000000,0.000000,0.000000,0.000000,0.000000,0.000000,0.000000,0.000000,0.000000,0.000000,0.000000,0.000000,0.000000,0.000000,0.000000,0.000000,0.000000,0.000000,0.000000,0.000000,0.000000,0.000000,0.000000,0.000000,0.000000,0.000000,0.000000,0.000000,1000.000188,1000.000242,1000.000295,1000.000339,1000.000382,1000.000422,1000.000460,1000.000495,1000.000525,1000.000551,1000.000573,1000.000594,1000.000611,1000.000623,1000.000629,1000.000632,1000.000634,1000.000635,1000.000635,1000.000635,1000.000635,1000.000635,1000.000635,1000.000635,1000.000635,1000.000635,1000.000634,1000.000632,1000.000629,1000.000623,1000.000611,1000.000594,1000.000573,1000.000551,1000.000525,1000.000495,1000.000460,1000.000422,1000.000382,1000.000339,1000.000295,1000.000242,1000.000188,0.000000,0.000000,0.000000,0.000000,0.000000,0.000000,0.000000,0.000000,0.000000,0.000000,0.000000,0.000000,0.000000,0.000000,0.000000,0.000000,0.000000,0.000000,0.000000,0.000000,0.000000,0.000000,0.000000,0.000000,0.000000,0.000000,0.000000,0.000000,0.000000,0.000000
0.000000,0.000000,0.000000,0.000000,0.000000,0.000000,0.000000,0.000000,0.000000,0.000000,0.000000,0.000000,0.000000,0.000000,0.000000,0.000000,0.000000,0.000000,0.000000,0.000000,0.000000,0.000000,0.000000,0.000000,0.000000,0.000000,0.000000,0.000000,1000.000187,1000.000246,1000.000302,1000.000351,1000.000400,1000.000446,1000.000491,1000.000531,1000.000565,1000.000595,1000.000619,1000.000635,1000.000646,1000.000653,1000.000655,1000.000654,1000.000653,1000.000652,1000.000651,1000.000650,1000.000649,1000.000649,1000.000648,1000.000648,1000.000648,1000.000649,1000.000649,1000.000650,1000.000651,1000.000652,1000.000653,1000.000654,1000.000655,1000.000653,1000.000646,1000.000635,1000.000619,1000.000595,1000.000565,1000.000531,1000.000491,1000.000446,1000.000400,1000.000351,1000.000302,1000.000246,1000.000187,0.000000,0.000000,0.000000,0.000000,0.000000,0.000000,0.000000,0.000000,0.000000,0.000000,0.000000,0.000000,0.000000,0.000000,0.000000,0.000000,0.000000,0.000000,0.000000,0.000000,0.000000,0.000000,0.000000,0.000000,0.000000,0.000000,0.000000,0.000000
0.000000,0.000000,0.000000,0.000000,0.000000,0.000000,0.000000,0.000000,0.000000,0.000000,0.000000,0.000000,0.000000,0.000000,0.000000,0.000000,0.000000,0.000000,0.000000,0.000000,0.000000,0.000000,0.000000,0.000000,0.000000,0.000000,1000.000178,1000.000241,1000.000300,1000.000353,1000.000405,1000.000455,1000.000505,1000.000551,1000.000590,1000.000622,1000.000642,1000.000655,1000.000661,1000.000660,1000.000655,1000.000647,1000.000634,1000.000621,1000.000613,1000.000607,1000.000604,1000.000602,1000.000600,1000.000599,1000.000598,1000.000598,1000.000598,1000.000599,1000.000600,1000.000602,1000.000604,1000.000607,1000.000613,1000.000621,1000.000634,1000.000647,1000.000655,1000.000660,1000.000661,1000.000655,1000.000642,1000.000622,1000.000590,1000.000551,1000.000505,1000.000455,1000.000405,1000.000353,1000.000300,1000.000241,1000.000178,0.000000,0.000000,0.000000,0.000000,0.000000,0.000000,0.000000,0.000000,0.000000,0.000000,0.000000,0.000000,0.000000,0.000000,0.000000,0.000000,0.000000,0.000000,0.000000,0.000000,0.000000,0.000000,0.000000,0.000000,0.000000,0.000000
0.000000,0.000000,0.000000,0.000000,0.000000,0.000000,0.000000,0.000000,0.000000,0.000000,0.000000,0.000000,0.000000,0.000000,0.000000,0.000000,0.000000,0.000000,0.000000,0.000000,0.000000,0.000000,0.000000,0.000000,1000.000153,1000.000222,1000.000288,1000.000345,1000.000401,1000.000455,1000.000508,1000.000557,1000.000599,1000.000632,1000.000653,1000.000661,1000.000660,1000.000652,1000.000638,1000.000622,1000.000607,1000.000591,1000.000575,1000.000559,1000.000548,1000.000541,1000.000536,1000.000532,1000.000529,1000.000527,1000.000526,1000.000526,1000.000526,1000.000527,1000.000529,1000.000532,1000.000536,1000.000541,1000.000548,1000.000559,1000.000575,1000.000591,1000.000607,1000.000622,1000.000638,1000.000652,1000.000660,1000.000661,1000.000653,1000.000632,1000.000599,1000.000557,1000.000508,1000.000455,1000.000401,1000.000345,1000.000288,1000.000222,1000.000153,0.000000,0.000000,0.000000,0.000000,0.000000,0.000000,0.000000,0.000000,0.000000,0.000000,0.000000,0.000000,0.000000,0.000000,0.000000,0.000000,0.000000,0.000000,0.000000,0.000000,0.000000,0.000000,0.000000,0.000000
0.000000,0.000000,0.000000,0.000000,0.000000,0.000000,0.000000,0.000000,0.000000,0.000000,0.000000,0.000000,0.000000,0.000000,0.000000,0.000000,0.000000,0.000000,0.000000,0.000000,0.000000,0.000000,0.000000,1000.000185,1000.000260,1000.000324,1000.000386,1000.000446,1000.000503,1000.000555,1000.000600,1000.000635,1000.000656,1000.000663,1000.000657,1000.000641,1000.000621,1000.000600,1000.000578,1000.000558,1000.000540,1000.000524,1000.000508,1000.000494,1000.000483,1000.000474,1000.000468,1000.000463,1000.000459,1000.000457,1000.000456,1000.000455,1000.000456,1000.000457,1000.000459,1000.000463,1000.000468,1000.000474,1000.000483,1000.000494,1000.000508,1000.000524,1000.000540,1000.000558,1000.000578,1000.000600,1000.000621,1000.000641,1000.000657,1000.000663,1000.000656,1000.000635,1000.000600,1000.000555,1000.000503,1000.000446,1000.000386,1000.000324,1000.000260,1000.000185,0.000000,0.000000,0.000000,0.000000,0.000000,0.000000,0.000000,0.000000,0.000000,0.000000,0.000000,0.000000,0.000000,0.000000,0.000000,0.000000,0.000000,0.000000,0.000000,0.000000,0.000000,0.000000,0.000000
0.000000,0.000000,0.000000,0.000000,0.000000,0.000000,0.000000,0.000000,0.000000,0.000000,0.000000,0.000000,0.000000,0.000000,0.000000,0.000000,0.000000,0.000000,0.000000,0.000000,0.000000,1000.000136,1000.000214,1000.000288,1000.000355,1000.000421,1000.000486,1000.000545,1000.000595,1000.000633,1000.000656,1000.000664,1000.000656,1000.000637,1000.000611,1000.000584,1000.000558,1000.000535,1000.000513,1000.000492,1000.000474,1000.000458,1000.000443,1000.000430,1000.000418,1000.000409,1000.000402,1000.000396,1000.000392,1000.000389,1000.000388,1000.000387,1000.000388,1000.000389,1000.000392,1000.000396,1000.000402,1000.000409,1000.000418,1000.000430,1000.000443,1000.000458,1000.000474,1000.000492,1000.000513,1000.000535,1000.000558,1000.000584,1000.000611,1000.000637,1000.000656,1000.000664,1000.000656,1000.000633,1000.000595,1000.000545,1000.000486,1000.000421,1000.000355,1000.000288,1000.000214,1000.000136,0.000000,0.000000,0.000000,0.000000,0.000000,0.000000,0.000000,0.000000,0.000000,0.000000,0.000000,0.000000,0.000000,0.000000,0.000000,0.000000,0.000000,0.000000,0.000000,0.000000,0.000000
0.000000,0.000000,0.000000,0.000000,0.000000,0.000000,0.000000,0.000000,0.000000,0.000000,0.000000,0.000000,0.000000,0.000000,0.000000,0.000000,0.000000,0.000000,0.000000,0.000000,1000.000159,1000.000240,1000.000311,1000.000380,1000.000449,1000.000518,1000.000578,1000.000625,1000.000653,1000.000663,1000.000656,1000.000636,1000.000610,1000.000579,1000.000549,1000.000520,1000.000494,1000.000471,1000.000450,1000.000430,1000.000411,1000.000394,1000.000379,1000.000366,1000.000355,1000.000345,1000.000337,1000.000331,1000.000327,1000.000324,1000.000322,1000.000321,1000.000322,1000.000324,1000.000327,1000.000331,1000.000337,1000.000345,1000.000355,1000.000366,1000.000379,1000.000394,1000.000411,1000.000430,1000.000450,1000.000471,1000.000494,1000.000520,1000.000549,1000.000579,1000.000610,1000.000636,1000.000656,1000.000663,1000.000653,1000.000625,1000.000578,1000.000518,1000.000449,1000.000380,1000.000311,1000.000240,1000.000159,0.000000,0.000000,0.000000,0.000000,0.000000,0.000000,0.000000,0.000000,0.000000,0.000000,0.000000,0.000000,0.000000,0.000000,0.000000,0.000000,0.000000,0.000000,0.000000,0.000000
0.000000,0.000000,0.000000,0.000000,0.000000,0.000000,0.000000,0.000000,0.000000,0.000000,0.000000,0.000000,0.000000,0.000000,0.000000,0.000000,0.000000,0.000000,0.000000,1000.000177,1000.000260,1000.000333,1000.000403,1000.000473,1000.000540,1000.000600,1000.000643,1000.000661,1000.000657,1000.000638,1000.000611,1000.000579,1000.000546,1000.000515,1000.000486,1000.000459,1000.000433,1000.000410,1000.000387,1000.000367,1000.000349,1000.000332,1000.000317,1000.000304,1000.000293,1000.000283,1000.000275,1000.000268,1000.000264,1000.000260,1000.000258,1000.000257,1000.000258,1000.000260,1000.000264,1000.000268,1000.000275,1000.000283,1000.000293,1000.000304,1000.000317,1000.000332,1000.000349,1000.000367,1000.000387,1000.000410,1000.000433,1000.000459,1000.000486,1000.000515,1000.000546,1000.000579,1000.000611,1000.000638,1000.000657,1000.000661,1000.000643,1000.000600,1000.000540,1000.000473,1000.000403,1000.000333,1000.000260,1000.000177,0.000000,0.000000,0.000000,0.000000,0.000000,0.000000,0.000000,0.000000,0.000000,0.000000,0.000000,0.000000,0.000000,0.000000,0.000000,0.000000,0.000000,0.000000,0.000000
0.000000,0.000000,0.000000,0.000000,0.000000,0.000000,0.000000,0.000000,0.000000,0.000000,0.000000,0.000000,0.000000,0.000000,0.000000,0.000000,0.000000,0.000000,1000.000188,1000.000275,1000.000351,1000.000424,1000.000496,1000.000561,1000.000615,1000.000652,1000.000662,1000.000645,1000.000617,1000.000583,1000.000549,1000.000516,1000.000484,1000.000454,1000.000426,1000.000398,1000.000373,1000.000349,1000.000327,1000.000307,1000.000289,1000.000272,1000.000257,1000.000243,1000.000232,1000.000222,1000.000214,1000.000207,1000.000202,1000.000198,1000.000196,1000.000196,1000.000196,1000.000198,1000.000202,1000.000207,1000.000214,1000.000222,1000.000232,1000.000243,1000.000257,1000.000272,1000.000289,1000.000307,1000.000327,1000.000349,1000.000373,1000.000398,1000.000426,1000.000454,1000.000484,1000.000516,1000.000549,1000.000583,1000.000617,1000.000645,1000.000662,1000.000652,1000.000615,1000.000561,1000.000496,1000.000424,1000.000351,1000.000275,1000.000188,0.000000,0.000000,0.000000,0.000000,0.000000,0.000000,0.000000,0.000000,0.000000,0.000000,0.000000,0.000000,0.000000,0.000000,0.000000,0.000000,0.000000,0.000000
0.000000,0.000000,0.000000,0.000000,0.000000,0.000000,0.000000,0.000000,0.000000,0.000000,0.000000,0.000000,0.000000,0.000000,0.000000,0.000000,0.000000,1000.000194,1000.000283,1000.000362,1000.000439,1000.000515,1000.000582,1000.000631,1000.000659,1000.000660,1000.000637,1000.000600,1000.000560,1000.000523,1000.000489,1000.000456,1000.000425,1000.000395,1000.000366,1000.000339,1000.000314,1000.000290,1000.000268,1000.000248,1000.000230,1000.000213,1000.000198,1000.000184,1000.000173,1000.000163,1000.000154,1000.000147,1000.000142,1000.000139,1000.000136,1000.000136,1000.000136,1000.000139,1000.000142,1000.000147,1000.000154,1000.000163,1000.000173,1000.000184,1000.000198,1000.000213,1000.000230,1000.000248,1000.000268,1000.000290,1000.000314,1000.000339,1000.000366,1000.000395,1000.000425,1000.000456,1000.000489,1000.000523,1000.000560,1000.000600,1000.000637,1000.000660,1000.000659,1000.000631,1000.000582,1000.000515,1000.000439,1000.000362,1000.000283,1000.000194,0.000000,0.000000,0.000000,0.000000,0.000000,0.000000,0.000000,0.000000,0.000000,0.000000,0.000000,0.000000,0.000000,0.000000,0.000000,0.000000,0.000000
0.000000,0.000000,0.000000,0.000000,0.000000,0.000000,0.000000,0.000000,0.000000,0.000000,0.000000,0.000000,0.000000,0.000000,0.000000,0.000000,1000.000196,1000.000287,1000.000368,1000.000447,1000.000526,1000.000595,1000.000642,1000.000661,1000.000654,1000.000627,1000.000587,1000.000544,1000.000503,1000.000466,1000.000432,1000.000399,1000.000367,1000.000337,1000.000309,1000.000282,1000.000257,1000.000233,1000.000211,1000.000191,1000.000172,1000.000155,1000.000140,1000.000127,1000.000115,1000.000105,1000.000096,1000.000089,1000.000084,1000.000080,1000.000078,1000.000077,1000.000078,1000.000080,1000.000084,1000.000089,1000.000096,1000.000105,1000.000115,1000.000127,1000.000140,1000.000155,1000.000172,1000.000191,1000.000211,1000.000233,1000.000257,1000.000282,1000.000309,1000.000337,1000.000367,1000.000399,1000.000432,1000.000466,1000.000503,1000.000544,1000.000587,1000.000627,1000.000654,1000.000661,1000.000642,1000.000595,1000.000526,1000.000447,1000.000368,1000.000287,1000.000196,0.000000,0.000000,0.000000,0.000000,0.000000,0.000000,0.000000,0.000000,0.000000,0.000000,0.000000,0.000000,0.000000,0.000000,0.000000,0.000000
0.000000,0.000000,0.000000,0.000000,0.000000,0.000000,0.000000,0.000000,0.000000,0.000000,0.000000,0.000000,0.000000,0.000000,0.000000,1000.000194,1000.000287,1000.000370,1000.000451,1000.000531,1000.000600,1000.000648,1000.000661,1000.000645,1000.000612,1000.000572,1000.000529,1000.000487,1000.000448,1000.000412,1000.000376,1000.000343,1000.000311,1000.000281,1000.000253,1000.000226,1000.000201,1000.000177,1000.000155,1000.000135,1000.000117,1000.000100,1000.000084,1000.000071,1000.000059,1000.000049,1000.000040,1000.000033,1000.000028,1000.000024,1000.000022,1000.000021,1000.000022,1000.000024,1000.000028,1000.000033,1000.000040,1000.000049,1000.000059,1000.000071,1000.000084,1000.000100,1000.000117,1000.000135,1000.000155,1000.000177,1000.000201,1000.000226,1000.000253,1000.000281,1000.000311,1000.000343,1000.000376,1000.000412,1000.000448,1000.000487,1000.000529,1000.000572,1000.000612,1000.000645,1000.000661,1000.000648,1000.000600,1000.000531,1000.000451,1000.000370,1000.000287,1000.000194,0.000000,0.000000,0.000000,0.000000,0.000000,0.000000,0.000000,0.000000,0.000000,0.000000,0.000000,0.000000,0.000000,0.000000,0.000000
0.000000,0.000000,0.000000,0.000000,0.000000,0.000000,0.000000,0.000000,0.000000,0.000000,0.000000,0.000000,0.000000,0.000000,1000.000188,1000.000283,1000.000368,1000.000451,1000.000533,1000.000603,1000.000650,1000.000662,1000.000640,1000.000601,1000.000557,1000.000514,1000.000473,1000.000433,1000.000395,1000.000357,1000.000322,1000.000289,1000.000257,1000.000227,1000.000198,1000.000172,1000.000146,1000.000123,1000.000101,1000.000081,1000.000062,1000.000045,1000.000030,1000.000017,1000.000005,999.999994,999.999986,999.999979,999.999973,999.999969,999.999967,999.999966,999.999967,999.999969,999.999973,999.999979,999.999986,999.999994,1000.000005,1000.000017,1000.000030,1000.000045,1000.000062,1000.000081,1000.000101,1000.000123,1000.000146,1000.000172,1000.000198,1000.000227,1000.000257,1000.000289,1000.000322,1000.000357,1000.000395,1000.000433,1000.000473,1000.000514,1000.000557,1000.000601,1000.000640,1000.000662,1000.000650,1000.000603,1000.000533,1000.000451,1000.000368,1000.000283,1000.000188,0.000000,0.000000,0.000000,0.000000,0.000000,0.000000,0.000000,0.000000,0.000000,0.000000,0.000000,0.000000,0.000000,0.000000
0.000000,0.000000,0.000000,0.000000,0.000000,0.000000,0.000000,0.000000,0.000000,0.000000,0.000000,0.000000,0.000000,1000.000177,1000.000275,1000.000362,1000.000447,1000.000531,1000.000603,1000.000651,1000.000662,1000.000638,1000.000597,1000.000549,1000.000503,1000.000461,1000.000420,1000.000380,1000.000341,1000.000304,1000.000270,1000.000236,1000.000204,1000.000174,1000.000146,1000.000119,1000.000094,1000.000070,1000.000048,1000.000028,1000.000010,999.999993,999.999977,999.999964,999.999952,999.999941,999.999933,999.999926,999.999920,999.999916,999.999914,999.999913,999.999914,999.999916,999.999920,999.999926,999.999933,999.999941,999.999952,999.999964,999.999977,999.999993,1000.000010,1000.000028,1000.000048,1000.000070,1000.000094,1000.000119,1000.000146,1000.000174,1000.000204,1000.000236,1000.000270,1000.000304,1000.000341,1000.000380,1000.000420,1000.000461,1000.000503,1000.000549,1000.000597,1000.000638,1000.000662,1000.000651,1000.000603,1000.000531,1000.000447,1000.000362,1000.000275,1000.000177,0.000000,0.000000,0.000000,0.000000,0.000000,0.000000,0.000000,0.000000,0.000000,0.000000,0.000000,0.000000,0.000000
0.000000,0.000000,0.000000,0.000000,0.000000,0.000000,0.000000,0.000000,0.000000,0.000000,0.000000,0.000000,1000.000159,1000.000260,1000.000351,1000.000439,1000.000526,1000.000600,1000.000650,1000.000662,1000.000638,1000.000595,1000.000545,1000.000497,1000.000453,1000.000410,1000.000369,1000.000328,1000.000290,1000.000254,1000.000219,1000.000185,1000.000153,1000.000123,1000.000095,1000.000068,1000.000043,1000.000019,999.999997,999.999977,999.999959,999.999942,999.999926,999.999913,999.999901,999.999890,999.999882,999.999874,999.999869,999.999865,999.999862,999.999862,999.999862,999.999865,999.999869,999.999874,999.999882,999.999890,999.999901,999.999913,999.999926,999.999942,999.999959,999.999977,999.999997,1000.000019,1000.000043,1000.000068,1000.000095,1000.000123,1000.000153,1000.000185,1000.000219,1000.000254,1000.000290,1000.000328,1000.000369,1000.000410,1000.000453,1000.000497,1000.000545,1000.000595,1000.000638,1000.000662,1000.000650,1000.000600,1000.000526,1000.000439,1000.000351,1000.000260,1000.000159,0.000000,0.000000,0.000000,0.000000,0.000000,0.000000,0.000000,0.000000,0.000000,0.000000,0.000000,0.000000
0.000000,0.000000,0.000000,0.000000,0.000000,0.000000,0.000000,0.000000,0.000000,0.000000,0.000000,1000.000136,1000.000240,1000.000333,1000.000424,1000.000515,1000.000595,1000.000648,1000.000662,1000.000638,1000.000595,1000.000544,1000.000494,1000.000448,1000.000404,1000.000360,1000.000319,1000.000279,1000.000241,1000.000204,1000.000169,1000.000136,1000.000104,1000.000074,1000.000045,1000.000019,999.999993,999.999970,999.999948,999.999928,999.999909,999.999892,999.999877,999.999863,999.999851,999.999841,999.999832,999.999825,999.999819,999.999815,999.999813,999.999812,999.999813,999.999815,999.999819,999.999825,999.999832,999.999841,999.999851,999.999863,999.999877,999.999892,999.999909,999.999928,999.999948,999.999970,999.999993,1000.000019,1000.000045,1000.000074,1000.000104,1000.000136,1000.000169,1000.000204,1000.000241,1000.000279,1000.000319,1000.000360,1000.000404,1000.000448,1000.000494,1000.000544,1000.000595,1000.000638,1000.000662,1000.000648,1000.000595,1000.000515,1000.000424,1000.000333,1000.000240,1000.000136,0.000000,0.000000,0.000000,0.000000,0.000000,0.000000,0.000000,0.000000,0.000000,0.000000,0.000000
0.000000,0.000000,0.000000,0.000000,0.000000,0.000000,0.000000,0.000000,0.000000,0.000000,0.000000,1000.000214,1000.000311,1000.000403,1000.000496,1000.000582,1000.000642,1000.000661,1000.000640,1000.000597,1000.000545,1000.000494,1000.000447,1000.000401,1000.000356,1000.000312,1000.000271,1000.000231,1000.000193,1000.000156,1000.000121,1000.000088,1000.000056,1000.000026,999.999998,999.999971,999.999946,999.999922,999.999900,999.999880,999.999861,999.999844,999.999829,999.999815,999.999803,999.999793,999.999784,999.999777,999.999771,999.999767,999.999765,999.999764,999.999765,999.999767,999.999771,999.999777,999.999784,999.999793,999.999803,999.999815,999.999829,999.999844,999.999861,999.999880,999.999900,999.999922,999.999946,999.999971,999.999998,1000.000026,1000.000056,1000.000088,1000.000121,1000.000156,1000.000193,1000.000231,1000.000271,1000.000312,1000.000356,1000.000401,1000.000447,1000.000494,1000.000545,1000.000597,1000.000640,1000.000661,1000.000642,1000.000582,1000.000496,1000.000403,1000.000311,1000.000214,0.000000,0.000000,0.000000,0.000000,0.000000,0.000000,0.000000,0.000000,0.000000,0.000000,0.000000
0.000000,0.000000,0.000000,0.000000,0.000000,0.000000,0.000000,0.000000,0.000000,0.000000,1000.000185,1000.000288,1000.000380,1000.000473,1000.000561,1000.000631,1000.000661,1000.000645,1000.000601,1000.000549,1000.000497,1000.000448,1000.000401,1000.000354,1000.000309,1000.000266,1000.000225,1000.000185,1000.000146,1000.000110,1000.000075,1000.000042,1000.000010,999.999980,999.999951,999.999925,999.999899,999.999876,999.999854,999.999834,999.999815,999.999798,999.999783,999.999769,999.999757,999.999746,999.999738,999.999730,999.999725,999.999721,999.999718,999.999718,999.999718,999.999721,999.999725,999.999730,999.999738,999.999746,999.999757,999.999769,999.999783,999.999798,999.999815,999.999834,999.999854,999.999876,999.999899,999.999925,999.999951,999.999980,1000.000010,1000.000042,1000.000075,1000.000110,1000.000146,1000.000185,1000.000225,1000.000266,1000.000309,1000.000354,1000.000401,1000.000448,1000.000497,1000.000549,1000.000601,1000.000645,1000.000661,1000.000631,1000.000561,1000.000473,1000.000380,1000.000288,1000.000185,0.000000,0.000000,0.000000,0.000000,0.000000,0.000000,0.000000,0.000000,0.000000,0.000000
0.000000,0.000000,0.000000,0.000000,0.000000,0.000000,0.000000,0.000000,0.000000,1000.000153,1000.000260,1000.000355,1000.000449,1000.000540,1000.000615,1000.000659,1000.000654,1000.000612,1000.000557,1000.000503,1000.000453,1000.000404,1000.000356,1000.000309,1000.000265,1000.000222,1000.000180,1000.000140,1000.000102,1000.000065,1000.000030,999.999997,999.999965,999.999935,999.999907,999.999880,999.999855,999.999831,999.999809,999.999789,999.999770,999.999753,999.999738,999.999724,999.999712,999.999702,999.999693,999.999686,999.999680,999.999676,999.999674,999.999673,999.999674,999.999676,999.999680,999.999686,999.999693,999.999702,999.999712,999.999724,999.999738,999.999753,999.999770,999.999789,999.999809,999.999831,999.999855,999.999880,999.999907,999.999935,999.999965,999.999997,1000.000030,1000.000065,1000.000102,1000.000140,1000.000180,1000.000222,1000.000265,1000.000309,1000.000356,1000.000404,1000.000453,1000.000503,1000.000557,1000.000612,1000.000654,1000.000659,1000.000615,1000.000540,1000.000449,1000.000355,1000.000260,1000.000153,0.000000,0.000000,0.000000,0.000000,0.000000,0.000000,0.000000,0.000000,0.000000
0.000000,0.000000,0.000000,0.000000,0.000000,0.000000,0.000000,0.000000,0.000000,1000.000222,1000.000324,1000.000421,1000.000518,1000.000600,1000.000652,1000.000660,1000.000627,1000.000572,1000.000514,1000.000461,1000.000410,1000.000360,1000.000312,1000.000266,1000.000222,1000.000178,1000.000137,1000.000097,1000.000059,1000.000022,999.999987,999.999954,999.999922,999.999892,999.999864,999.999837,999.999812,999.999788,999.999766,999.999746,999.999727,999.999710,999.999695,999.999681,999.999669,999.999659,999.999650,999.999643,999.999637,999.999633,999.999630,999.999630,999.999630,999.999633,999.999637,999.999643,999.999650,999.999659,999.999669,999.999681,999.999695,999.999710,999.999727,999.999746,999.999766,999.999788,999.999812,999.999837,999.999864,999.999892,999.999922,999.999954,999.999987,1000.000022,1000.000059,1000.000097,1000.000137,1000.000178,1000.000222,1000.000266,1000.000312,1000.000360,1000.000410,1000.000461,1000.000514,1000.000572,1000.000627,1000.000660,1000.000652,1000.000600,1000.000518,1000.000421,1000.000324,1000.000222,0.000000,0.000000,0.000000,0.000000,0.000000,0.000000,0.000000,0.000000,0.000000
0.000000,0.000000,0.000000,0.000000,0.000000,0.000000,0.000000,0.000000,1000.000178,1000.000288,1000.000386,1000.000486,1000.000578,1000.000643,1000.000662,1000.000637,1000.000587,1000.000529,1000.000473,1000.000420,1000.000369,1000.000319,1000.000271,1000.000225,1000.000180,1000.000137,1000.000095,1000.000056,1000.000017,999.999981,999.999946,999.999913,999.999881,999.999851,999.999822,999.999796,999.999770,999.999747,999.999725,999.999705,999.999686,999.999669,999.999654,999.999640,999.999628,999.999617,999.999608,999.999601,999.999595,999.999591,999.999589,999.999588,999.999589,999.999591,999.999595,999.999601,999.999608,999.999617,999.999628,999.999640,999.999654,999.999669,999.999686,999.999705,999.999725,999.999747,999.999770,999.999796,999.999822,999.999851,999.999881,999.999913,999.999946,999.999981,1000.000017,1000.000056,1000.000095,1000.000137,1000.000180,1000.000225,1000.000271,1000.000319,1000.000369,1000.000420,1000.000473,1000.000529,1000.000587,1000.000637,1000.000662,1000.000643,1000.000578,1000.000486,1000.000386,1000.000288,1000.000178,0.000000,0.000000,0.000000,0.000000,0.000000,0.000000,0.000000,0.000000
0.000000,0.000000,0.000000,0.000000,0.000000,0.000000,0.000000,0.000000,1000.000241,1000.000345,1000.000446,1000.000545,1000.000625,1000.000661,1000.000645,1000.000600,1000.000544,1000.000487,1000.000433,1000.000380,1000.000328,1000.000279,1000.000231,1000.000185,1000.000140,1000.000097,1000.000056,1000.000016,999.999978,999.999941,999.999906,999.999873,999.999841,999.999811,999.999783,999.999756,999.999731,999.999707,999.999685,999.999665,999.999646,999.999629,999.999614,999.999600,999.999588,999.999577,999.999569,999.999561,999.999556,999.999552,999.999549,999.999548,999.999549,999.999552,999.999556,999.999561,999.999569,999.999577,999.999588,999.999600,999.999614,999.999629,999.999646,999.999665,999.999685,999.999707,999.999731,999.999756,999.999783,999.999811,999.999841,999.999873,999.999906,999.999941,999.999978,1000.000016,1000.000056,1000.000097,1000.000140,1000.000185,1000.000231,1000.000279,1000.000328,1000.000380,1000.000433,1000.000487,1000.000544,1000.000600,1000.000645,1000.000661,1000.000625,1000.000545,1000.000446,1000.000345,1000.000241,0.000000,0.000000,0.000000,0.000000,0.000000,0.000000,0.000000,0.000000
0.000000,0.000000,0.000000,0.000000,0.000000,0.000000,0.000000,1000.000187,1000.000300,1000.000401,1000.000503,1000.000595,1000.000653,1000.000657,1000.000617,1000.000560,1000.000503,1000.000448,1000.000395,1000.000341,1000.000290,1000.000241,1000.000193,1000.000146,1000.000102,1000.000059,1000.000017,999.999978,999.999939,999.999903,999.999868,999.999835,999.999803,999.999773,999.999744,999.999718,999.999692,999.999669,999.999647,999.999627,999.999608,999.999591,999.999576,999.999562,999.999550,999.999539,999.999530,999.999523,999.999517,999.999513,999.999511,999.999510,999.999511,999.999513,999.999517,999.999523,999.999530,999.999539,999.999550,999.999562,999.999576,999.999591,999.999608,999.999627,999.999647,999.999669,999.999692,999.999718,999.999744,999.999773,999.999803,999.999835,999.999868,999.999903,999.999939,999.999978,1000.000017,1000.000059,1000.000102,1000.000146,1000.000193,1000.000241,1000.000290,1000.000341,1000.000395,1000.000448,1000.000503,1000.000560,1000.000617,1000.000657,1000.000653,1000.000595,1000.000503,1000.000401,1000.000300,1000.000187,0.000000,0.000000,0.000000,0.000000,0.000000,0.000000,0.000000
0.000000,0.000000,0.000000,0.000000,0.000000,0.000000,0.000000,1000.000246,1000.000353,1000.000455,1000.000555,1000.000633,1000.000663,1000.000638,1000.000583,1000.000523,1000.000466,1000.000412,1000.000357,1000.000304,1000.000254,1000.000204,1000.000156,1000.000110,1000.000065,1000.000022,999.999981,999.999941,999.999903,999.999866,999.999831,999.999798,999.999766,999.999736,999.999708,999.999681,999.999656,999.999632,999.999610,999.999590,999.999572,999.999555,999.999539,999.999525,999.999513,999.999503,999.999494,999.999486,999.999481,999.999477,999.999474,999.999474,999.999474,999.999477,999.999481,999.999486,999.999494,999.999503,999.999513,999.999525,999.999539,999.999555,999.999572,999.999590,999.999610,999.999632,999.999656,999.999681,999.999708,999.999736,999.999766,999.999798,999.999831,999.999866,999.999903,999.999941,999.999981,1000.000022,1000.000065,1000.000110,1000.000156,1000.000204,1000.000254,1000.000304,1000.000357,1000.000412,1000.000466,1000.000523,1000.000583,1000.000638,1000.000663,1000.000633,1000.000555,1000.000455,1000.000353,1000.000246,0.000000,0.000000,0.000000,0.000000,0.000000,0.000000,0.000000
0.000000,0.000000,0.000000,0.000000,0.000000,0.000000,1000.000188,1000.000302,1000.000405,1000.000508,1000.000600,1000.000656,1000.000656,1000.000611,1000.000549,1000.000489,1000.000432,1000.000376,1000.000322,1000.000270,1000.000219,1000.000169,1000.000121,1000.000075,1000.000030,999.999987,999.999946,999.999906,999.999868,999.999831,999.999796,999.999763,999.999731,999.999701,999.999673,999.999646,999.999621,999.999597,999.999576,999.999555,999.999537,999.999520,999.999504,999.999490,999.999478,999.999468,999.999459,999.999452,999.999446,999.999442,999.999439,999.999439,999.999439,999.999442,999.999446,999.999452,999.999459,999.999468,999.999478,999.999490,999.999504,999.999520,999.999537,999.999555,999.999576,999.999597,999.999621,999.999646,999.999673,999.999701,999.999731,999.999763,999.999796,999.999831,999.999868,999.999906,999.999946,999.999987,1000.000030,1000.000075,1000.000121,1000.000169,1000.000219,1000.000270,1000.000322,1000.000376,1000.000432,1000.000489,1000.000549,1000.000611,1000.000656,1000.000656,1000.000600,1000.000508,1000.000405,1000.000302,1000.000188,0.000000,0.000000,0.000000,0.000000,0.000000,0.000000
0.000000,0.000000,0.000000,0.000000,0.000000,0.000000,1000.000242,1000.000351,1000.000455,1000.000557,1000.000635,1000.000664,1000.000636,1000.000579,1000.000516,1000.000456,1000.000399,1000.000343,1000.000289,1000.000236,1000.000185,1000.000136,1000.000088,1000.000042,999.999997,999.999954,999.999913,999.999873,999.999835,999.999798,999.999763,999.999730,999.999698,999.999668,999.999640,999.999613,999.999588,999.999564,999.999542,999.999522,999.999503,999.999486,999.999471,999.999457,999.999445,999.999434,999.999426,999.999418,999.999413,999.999408,999.999406,999.999405,999.999406,999.999408,999.999413,999.999418,999.999426,999.999434,999.999445,999.999457,999.999471,999.999486,999.999503,999.999522,999.999542,999.999564,999.999588,999.999613,999.999640,999.999668,999.999698,999.999730,999.999763,999.999798,999.999835,999.999873,999.999913,999.999954,999.999997,1000.000042,1000.000088,1000.000136,1000.000185,1000.000236,1000.000289,1000.000343,1000.000399,1000.000456,1000.000516,1000.000579,1000.000636,1000.000664,1000.000635,1000.000557,1000.000455,1000.000351,1000.000242,0.000000,0.000000,0.000000,0.000000,0.000000,0.000000
0.000000,0.000000,0.000000,0.000000,0.000000,1000.000180,1000.000295,1000.000400,1000.000505,1000.000599,1000.000656,1000.000656,1000.000610,1000.000546,1000.000484,1000.000425,1000.000367,1000.000311,1000.000257,1000.000204,1000.000153,1000.000104,1000.000056,1000.000010,999.999965,999.999922,999.999881,999.999841,999.999803,999.999766,999.999731,999.999698,999.999667,999.999636,999.999608,999.999581,999.999556,999.999533,999.999511,999.999490,999.999472,999.999455,999.999439,999.999425,999.999413,999.999403,999.999394,999.999387,999.999381,999.999377,999.999374,999.999374,999.999374,999.999377,999.999381,999.999387,999.999394,999.999403,999.999413,999.999425,999.999439,999.999455,999.999472,999.999490,999.999511,999.999533,999.999556,999.999581,999.999608,999.999636,999.999667,999.999698,999.999731,999.999766,999.999803,999.999841,999.999881,999.999922,999.999965,1000.000010,1000.000056,1000.000104,1000.000153,1000.000204,1000.000257,1000.000311,1000.000367,1000.000425,1000.000484,1000.000546,1000.000610,1000.000656,1000.000656,1000.000599,1000.000505,1000.000400,1000.000295,1000.000180,0.000000,0.000000,0.000000,0.000000,0.000000
0.000000,0.000000,0.000000,0.000000,0.000000,1000.000228,1000.000339,1000.000446,1000.000551,1000.000632,1000.000663,1000.000637,1000.000579,1000.000515,1000.000454,1000.000395,1000.000337,1000.000281,1000.000227,1000.000174,1000.000123,1000.000074,1000.000026,999.999980,999.999935,999.999892,999.999851,999.999811,999.999773,999.999736,999.999701,999.999668,999.999636,999.999606,999.999578,999.999551,999.999526,999.999503,999.999481,999.999460,999.999442,999.999425,999.999409,999.999395,999.999383,999.999373,999.999364,999.999356,999.999351,999.999347,999.999344,999.999344,999.999344,999.999347,999.999351,999.999356,999.999364,999.999373,999.999383,999.999395,999.999409,999.999425,999.999442,999.999460,999.999481,999.999503,999.999526,999.999551,999.999578,999.999606,999.999636,999.999668,999.999701,999.999736,999.999773,999.999811,999.999851,999.999892,999.999935,999.999980,1000.000026,1000.000074,1000.000123,1000.000174,1000.000227,1000.000281,1000.000337,1000.000395,1000.000454,1000.000515,1000.000579,1000.000637,1000.000663,1000.000632,1000.000551,1000.000446,1000.000339,1000.000228,0.000000,0.000000,0.000000,0.000000,0.000000
0.000000,0.000000,0.000000,0.000000,1000.000157,1000.000275,1000.000382,1000.000491,1000.000590,1000.000653,1000.000657,1000.000611,1000.000549,1000.000486,1000.000426,1000.000366,1000.000309,1000.000253,1000.000198,1000.000146,1000.000095,1000.000045,999.999998,999.999951,999.999907,999.999864,999.999822,999.999783,999.999744,999.999708,999.999673,999.999640,999.999608,999.999578,999.999550,999.999523,999.999498,999.999474,999.999452,999.999432,999.999413,999.999396,999.999381,999.999367,999.999355,999.999344,999.999335,999.999328,999.999322,999.999318,999.999316,999.999315,999.999316,999.999318,999.999322,999.999328,999.999335,999.999344,999.999355,999.999367,999.999381,999.999396,999.999413,999.999432,999.999452,999.999474,999.999498,999.999523,999.999550,999.999578,999.999608,999.999640,999.999673,999.999708,999.999744,999.999783,999.999822,999.999864,999.999907,999.999951,999.999998,1000.000045,1000.000095,1000.000146,1000.000198,1000.000253,1000.000309,1000.000366,1000.000426,1000.000486,1000.000549,1000.000611,1000.000657,1000.000653,1000.000590,1000.000491,1000.000382,1000.000275,1000.000157,0.000000,0.000000,0.000000,0.000000
0.000000,0.000000,0.000000,0.000000,1000.000201,1000.000313,1000.000422,1000.000531,1000.000622,1000.000661,1000.000641,1000.000584,1000.000520,1000.000459,1000.000398,1000.000339,1000.000282,1000.000226,1000.000172,1000.000119,1000.000068,1000.000019,999.999971,999.999925,999.999880,999.999837,999.999796,999.999756,999.999718,999.999681,999.999646,999.999613,999.999581,999.999551,999.999523,999.999496,999.999471,999.999447,999.999425,999.999405,999.999386,999.999369,999.999354,999.999340,999.999328,999.999317,999.999309,999.999301,999.999296,999.999292,999.999289,999.999288,999.999289,999.999292,999.999296,999.999301,999.999309,999.999317,999.999328,999.999340,999.999354,999.999369,999.999386,999.999405,999.999425,999.999447,999.999471,999.999496,999.999523,999.999551,999.999581,999.999613,999.999646,999.999681,999.999718,999.999756,999.999796,999.999837,999.999880,999.999925,999.999971,1000.000019,1000.000068,1000.000119,1000.000172,1000.000226,1000.000282,1000.000339,1000.000398,1000.000459,1000.000520,1000.000584,1000.000641,1000.000661,1000.000622,1000.000531,1000.000422,1000.000313,1000.000201,0.000000,0.000000,0.000000,0.000000
