0.000000,0.000000,0.000000,0.000000,0.000000,0.000000,0.000000,0.000000,0.000000,0.000000,0.000000,0.000000,0.000000,0.000000,0.000000,0.000000,0.000000,0.000000,0.000000,0.000000,0.000000,0.000000,0.000000,0.000000,0.000000,0.000000,0.000000,0.000000,0.000000,0.000000,0.000000,0.000000,0.000000,0.000000,0.000000,0.000000,0.000000,0.000000,0.000000,0.000000,0.000000,0.000000,0.000000,0.000000,0.000000,0.000000,0.000000,0.000000,0.000000,0.000000,0.000000,0.000000,0.000000,0.000000,0.000000,0.000000,0.000000,0.000000,0.000000,0.000000,0.000000,0.000000,0.000000,0.000000,0.000000,0.000000,0.000000,0.000000,0.000000,0.000000,0.000000,0.000000,0.000000,0.000000,0.000000,0.000000,0.000000,0.000000,0.000000,0.000000,0.000000,0.000000,0.000000,0.000000,0.000000,0.000000,0.000000,0.000000,0.000000,0.000000,0.000000,0.000000,0.000000,0.000000,0.000000,0.000000,0.000000,0.000000,0.000000,0.000000,0.000000,0.000000,0.000000
0.000000,0.000000,0.000000,0.000000,0.000000,0.000000,0.000000,0.000000,0.000000,0.000000,0.000000,0.000000,0.000000,0.000000,0.000000,0.000000,0.000000,0.000000,0.000000,0.000000,0.000000,0.000000,0.000000,0.000000,0.000000,0.000000,0.000000,0.000000,0.000000,0.000000,0.000000,0.000000,0.000000,0.000000,0.000000,0.000000,0.000000,0.000000,0.000000,0.000000,0.000000,0.000000,0.000000,0.000000,0.000000,0.000000,0.000000,0.000000,0.000000,0.000000,0.000000,1000.000087,0.000000,0.000000,0.000000,0.000000,0.000000,0.000000,0.000000,0.000000,0.000000,0.000000,0.000000,0.000000,0.000000,0.000000,0.000000,0.000000,0.000000,0.000000,0.000000,0.000000,0.000000,0.000000,0.000000,0.000000,0.000000,0.000000,0.000000,0.000000,0.000000,0.000000,0.000000,0.000000,0.000000,0.000000,0.000000,0.000000,0.000000,0.000000,0.000000,0.000000,0.000000,0.000000,0.000000,0.000000,0.000000,0.000000,0.000000,0.000000,0.000000,0.000000,0.000000
0.000000,0.000000,0.000000,0.000000,0.000000,0.000000,0.000000,0.000000,0.000000,0.000000,0.000000,0.000000,0.000000,0.000000,0.000000,0.000000,0.000000,0.000000,0.000000,0.000000,0.000000,0.000000,0.000000,0.000000,0.000000,0.000000,0.000000,0.000000,0.000000,0.000000,0.000000,0.000000,0.000000,0.000000,0.000000,0.000000,0.000000,0.000000,0.000000,0.000000,0.000000,0.000000,1000.000158,1000.000184,1000.000197,1000.000204,1000.000208,1000.000209,1000.000209,1000.000208,1000.000207,1000.000213,1000.000207,1000.000208,1000.000209,1000.000209,1000.000208,1000.000204,1000.000197,1000.000184,1000.000158,0.000000,0.000000,0.000000,0.000000,0.000000,0.000000,0.000000,0.000000,0.000000,0.000000,0.000000,0.000000,0.000000,0.000000,0.000000,0.000000,0.000000,0.000000,0.000000,0.000000,0.000000,0.000000,0.000000,0.000000,0.000000,0.000000,0.000000,0.000000,0.000000,0.000000,0.000000,0.000000,0.000000,0.000000,0.000000,0.000000,0.000000,0.000000,0.000000,0.000000,0.000000,0.000000
0.000000,0.000000,0.000000,0.000000,0.000000,0.000000,0.000000,0.000000,0.000000,0.000000,0.000000,0.000000,0.000000,0.000000,0.000000,0.000000,0.000000,0.000000,0.000000,0.000000,0.000000,0.000000,0.000000,0.000000,0.000000,0.000000,0.000000,0.000000,0.000000,0.000000,0.000000,0.000000,0.000000,0.000000,0.000000,0.000000,0.000000,1000.000153,1000.000190,1000.000221,1000.000245,1000.000265,1000.000284,1000.000300,1000.000313,1000.000322,1000.000327,1000.000329,1000.000330,1000.000331,1000.000330,1000.000331,1000.000330,1000.000331,1000.000330,1000.000329,1000.000327,1000.000322,1000.000313,1000.000300,1000.000284,1000.000265,1000.000245,1000.000221,1000.000190,1000.000153,0.000000,0.000000,0.000000,0.000000,0.000000,0.000000,0.000000,0.000000,0.000000,0.000000,0.000000,0.000000,0.000000,0.000000,0.000000,0.000000,0.000000,0.000000,0.000000,0.000000,0.000000,0.000000,0.000000,0.000000,0.000000,0.000000,0.000000,0.000000,0.000000,0.000000,0.000000,0.000000,0.000000,0.000000,0.000000,0.000000,0.000000
0.000000,0.000000,0.000000,0.000000,0.000000,0.000000,0.000000,0.000000,0.000000,0.000000,0.000000,0.000000,0.000000,0.000000,0.000000,0.000000,0.000000,0.000000,0.000000,0.000000,0.000000,0.000000,0.000000,0.000000,0.000000,0.000000,0.000000,0.000000,0.000000,0.000000,0.000000,0.000000,0.000000,0.000000,1000.000159,1000.000203,1000.000239,1000.000274,1000.000305,1000.000333,1000.000360,1000.000382,1000.000402,1000.000419,1000.000431,1000.000438,1000.000443,1000.000446,1000.000447,1000.000448,1000.000448,1000.000448,1000.000448,1000.000448,1000.000447,1000.000446,1000.000443,1000.000438,1000.000431,1000.000419,1000.000402,1000.000382,1000.000360,1000.000333,1000.000305,1000.000274,1000.000239,1000.000203,1000.000159,0.000000,0.000000,0.000000,0.000000,0.000000,0.000000,0.000000,0.000000,0.000000,0.000000,0.000000,0.000000,0.000000,0.000000,0.000000,0.000000,0.000000,0.000000,0.000000,0.000000,0.000000,0.000000,0.000000,0.000000,0.000000,0.000000,0.000000,0.000000,0.000000,0.000000,0.000000,0.000000,0.000000,0.000000
0.000000,0.000000,0.000000,0.000000,0.000000,0.000000,0.000000,0.000000,0.000000,0.000000,0.000000,0.000000,0.000000,0.000000,0.000000,0.000000,0.000000,0.000000,0.000000,0.000000,0.000000,0.000000,0.000000,0.000000,0.000000,0.000000,0.000000,0.000000,0.000000,0.000000,0.000000,0.000000,1000.000181,1000.000230,1000.000277,1000.000316,1000.000352,1000.000387,1000.000418,1000.000446,1000.000472,1000.000497,1000.000519,1000.000535,1000.000546,1000.000552,1000.000556,1000.000558,1000.000559,1000.000559,1000.000559,1000.000559,1000.000559,1000.000559,1000.000559,1000.000558,1000.000556,1000.000552,1000.000546,1000.000535,1000.000519,1000.000497,1000.000472,1000.000446,1000.000418,1000.000387,1000.000352,1000.000316,1000.000277,1000.000230,1000.000181,0.000000,0.000000,0.000000,0.000000,0.000000,0.000000,0.000000,0.000000,0.000000,0.000000,0.000000,0.000000,0.000000,0.000000,0.000000,0.000000,0.000000,0.000000,0.000000,0.000000,0.000000,0.000000,0.000000,0.000000,0.000000,0.000000,0.000000,0.000000,0.000000,0.000000,0.000000,0.000000
0.000000,0.000000,0.000000,0.000000,0.000000,0.000000,0.000000,0.000000,0.000000,0.000000,0.000000,0.000000,0.000000,0.000000,0.000000,0.000000,0.000000,0.000000,0.000000,0.000000,0.000000,0.000000,0.000000,0.000000,0.000000,0.000000,0.000000,0.000000,0.000000,0.000000,1000.000190,1000.000245,1000.000298,1000.000343,1000.000386,1000.000426,1000.000464,1000.000499,1000.000530,1000.000557,1000.000579,1000.000599,1000.000617,1000.000628,1000.000635,1000.000638,1000.000640,1000.000641,1000.000641,1000.000641,1000.000641,1000.000641,1000.000641,1000.000641,1000.000641,1000.000641,1000.000640,1000.000638,1000.000635,1000.000628,1000.000617,1000.000599,1000.000579,1000.000557,1000.000530,1000.000499,1000.000464,1000.000426,1000.000386,1000.000343,1000.000298,1000.000245,1000.000190,0.000000,0.000000,0.000000,0.000000,0.000000,0.000000,0.000000,0.000000,0.000000,0.000000,0.000000,0.000000,0.000000,0.000000,0.000000,0.000000,0.000000,0.000000,0.000000,0.000000,0.000000,0.000000,0.000000,0.000000,0.000000,0.000000,0.000000,0.000000,0.000000,0.000000
0.000000,0.000000,0.000000,0.000000,0.000000,0.000000,0.000000,0.000000,0.000000,0.000000,0.000000,0.000000,0.000000,0.000000,0.000000,0.000000,0.000000,0.000000,0.000000,0.000000,0.000000,0.000000,0.000000,0.000000,0.000000,0.000000,0.000000,0.000000,1000.000189,1000.000248,1000.000305,1000.000355,1000.000404,1000.000451,1000.000496,1000.000536,1000.000571,1000.000601,1000.000625,1000.000641,1000.000652,1000.000660,1000.000662,1000.000660,1000.000659,1000.000658,1000.000657,1000.000656,1000.000655,1000.000655,1000.000654,1000.000654,1000.000654,1000.000655,1000.000655,1000.000656,1000.000657,1000.000658,1000.000659,1000.000660,1000.000662,1000.000660,1000.000652,1000.000641,1000.000625,1000.000601,1000.000571,1000.000536,1000.000496,1000.000451,1000.000404,1000.000355,1000.000305,1000.000248,1000.000189,0.000000,0.000000,0.000000,0.000000,0.000000,0.000000,0.000000,0.000000,0.000000,0.000000,0.000000,0.000000,0.000000,0.000000,0.000000,0.000000,0.000000,0.000000,0.000000,0.000000,0.000000,0.000000,0.000000,0.000000,0.000000,0.000000,0.000000,0.000000
0.000000,0.000000,0.000000,0.000000,0.000000,0.000000,0.000000,0.000000,0.000000,0.000000,0.000000,0.000000,0.000000,0.000000,0.000000,0.000000,0.000000,0.000000,0.000000,0.000000,0.000000,0.000000,0.000000,0.000000,0.000000,0.000000,1000.000180,1000.000243,1000.000303,1000.000356,1000.000409,1000.000460,1000.000510,1000.000556,1000.000596,1000.000627,1000.000648,1000.000662,1000.000667,1000.000666,1000.000661,1000.000653,1000.000640,1000.000627,1000.000618,1000.000613,1000.000610,1000.000608,1000.000606,1000.000605,1000.000604,1000.000604,1000.000604,1000.000605,1000.000606,1000.000608,1000.000610,1000.000613,1000.000618,1000.000627,1000.000640,1000.000653,1000.000661,1000.000666,1000.000667,1000.000662,1000.000648,1000.000627,1000.000596,1000.000556,1000.000510,1000.000460,1000.000409,1000.000356,1000.000303,1000.000243,1000.000180,0.000000,0.000000,0.000000,0.000000,0.000000,0.000000,0.000000,0.000000,0.000000,0.000000,0.000000,0.000000,0.000000,0.000000,0.000000,0.000000,0.000000,0.000000,0.000000,0.000000,0.000000,0.000000,0.000000,0.000000,0.000000,0.000000
0.000000,0.000000,0.000000,0.000000,0.000000,0.000000,0.000000,0.000000,0.000000,0.000000,0.000000,0.000000,0.000000,0.000000,0.000000,0.000000,0.000000,0.000000,0.000000,0.000000,0.000000,0.000000,0.000000,0.000000,1000.000154,1000.000224,1000.000291,1000.000348,1000.000405,1000.000460,1000.000513,1000.000562,1000.000605,1000.000638,1000.000660,1000.000668,1000.000666,1000.000658,1000.000644,1000.000628,1000.000613,1000.000597,1000.000580,1000.000565,1000.000553,1000.000546,1000.000541,1000.000537,1000.000534,1000.000532,1000.000531,1000.000531,1000.000531,1000.000532,1000.000534,1000.000537,1000.000541,1000.000546,1000.000553,1000.000565,1000.000580,1000.000597,1000.000613,1000.000628,1000.000644,1000.000658,1000.000666,1000.000668,1000.000660,1000.000638,1000.000605,1000.000562,1000.000513,1000.000460,1000.000405,1000.000348,1000.000291,1000.000224,1000.000154,0.000000,0.000000,0.000000,0.000000,0.000000,0.000000,0.000000,0.000000,0.000000,0.000000,0.000000,0.000000,0.000000,0.000000,0.000000,0.000000,0.000000,0.000000,0.000000,0.000000,0.000000,0.000000,0.000000,0.000000
0.000000,0.000000,0.000000,0.000000,0.000000,0.000000,0.000000,0.000000,0.000000,0.000000,0.000000,0.000000,0.000000,0.000000,0.000000,0.000000,0.000000,0.000000,0.000000,0.000000,0.000000,0.000000,0.000000,1000.000186,1000.000262,1000.000327,1000.000390,1000.000450,1000.000508,1000.000561,1000.000606,1000.000641,1000.000663,1000.000669,1000.000663,1000.000647,1000.000627,1000.000606,1000.000584,1000.000563,1000.000545,1000.000529,1000.000513,1000.000498,1000.000487,1000.000479,1000.000472,1000.000467,1000.000464,1000.000461,1000.000460,1000.000460,1000.000460,1000.000461,1000.000464,1000.000467,1000.000472,1000.000479,1000.000487,1000.000498,1000.000513,1000.000529,1000.000545,1000.000563,1000.000584,1000.000606,1000.000627,1000.000647,1000.000663,1000.000669,1000.000663,1000.000641,1000.000606,1000.000561,1000.000508,1000.000450,1000.000390,1000.000327,1000.000262,1000.000186,0.000000,0.000000,0.000000,0.000000,0.000000,0.000000,0.000000,0.000000,0.000000,0.000000,0.000000,0.000000,0.000000,0.000000,0.000000,0.000000,0.000000,0.000000,0.000000,0.000000,0.000000,0.000000,0.000000
0.000000,0.000000,0.000000,0.000000,0.000000,0.000000,0.000000,0.000000,0.000000,0.000000,0.000000,0.000000,0.000000,0.000000,0.000000,0.000000,0.000000,0.000000,0.000000,0.000000,0.000000,1000.000138,1000.000216,1000.000291,1000.000359,1000.000425,1000.000491,1000.000551,1000.000601,1000.000639,1000.000663,1000.000670,1000.000663,1000.000643,1000.000617,1000.000590,1000.000563,1000.000540,1000.000518,1000.000497,1000.000479,1000.000462,1000.000447,1000.000434,1000.000422,1000.000413,1000.000406,1000.000400,1000.000396,1000.000393,1000.000391,1000.000391,1000.000391,1000.000393,1000.000396,1000.000400,1000.000406,1000.000413,1000.000422,1000.000434,1000.000447,1000.000462,1000.000479,1000.000497,1000.000518,1000.000540,1000.000563,1000.000590,1000.000617,1000.000643,1000.000663,1000.000670,1000.000663,1000.000639,1000.000601,1000.000551,1000.000491,1000.000425,1000.000359,1000.000291,1000.000216,1000.000138,0.000000,0.000000,0.000000,0.000000,0.000000,0.000000,0.000000,0.000000,0.000000,0.000000,0.000000,0.000000,0.000000,0.000000,0.000000,0.000000,0.000000,0.000000,0.000000,0.000000,0.000000
0.000000,0.000000,0.000000,0.000000,0.000000,0.000000,0.000000,0.000000,0.000000,0.000000,0.000000,0.000000,0.000000,0.000000,0.000000,0.000000,0.000000,0.000000,0.000000,0.000000,1000.000160,1000.000243,1000.000314,1000.000384,1000.000453,1000.000523,1000.000584,1000.000631,1000.000659,1000.000669,1000.000662,1000.000643,1000.000615,1000.000585,1000.000554,1000.000525,1000.000499,1000.000476,1000.000454,1000.000434,1000.000415,1000.000398,1000.000383,1000.000370,1000.000358,1000.000348,1000.000341,1000.000335,1000.000330,1000.000327,1000.000325,1000.000324,1000.000325,1000.000327,1000.000330,1000.000335,1000.000341,1000.000348,1000.000358,1000.000370,1000.000383,1000.000398,1000.000415,1000.000434,1000.000454,1000.000476,1000.000499,1000.000525,1000.000554,1000.000585,1000.000615,1000.000643,1000.000662,1000.000669,1000.000659,1000.000631,1000.000584,1000.000523,1000.000453,1000.000384,1000.000314,1000.000243,1000.000160,0.000000,0.000000,0.000000,0.000000,0.000000,0.000000,0.000000,0.000000,0.000000,0.000000,0.000000,0.000000,0.000000,0.000000,0.000000,0.000000,0.000000,0.000000,0.000000,0.000000
0.000000,0.000000,0.000000,0.000000,0.000000,0.000000,0.000000,0.000000,0.000000,0.000000,0.000000,0.000000,0.000000,0.000000,0.000000,0.000000,0.000000,0.000000,0.000000,1000.000179,1000.000263,1000.000336,1000.000406,1000.000477,1000.000545,1000.000605,1000.000649,1000.000667,1000.000663,1000.000644,1000.000616,1000.000585,1000.000551,1000.000520,1000.000490,1000.000463,1000.000438,1000.000414,1000.000391,1000.000371,1000.000352,1000.000335,1000.000320,1000.000307,1000.000295,1000.000286,1000.000277,1000.000271,1000.000266,1000.000263,1000.000261,1000.000260,1000.000261,1000.000263,1000.000266,1000.000271,1000.000277,1000.000286,1000.000295,1000.000307,1000.000320,1000.000335,1000.000352,1000.000371,1000.000391,1000.000414,1000.000438,1000.000463,1000.000490,1000.000520,1000.000551,1000.000585,1000.000616,1000.000644,1000.000663,1000.000667,1000.000649,1000.000605,1000.000545,1000.000477,1000.000406,1000.000336,1000.000263,1000.000179,0.000000,0.000000,0.000000,0.000000,0.000000,0.000000,0.000000,0.000000,0.000000,0.000000,0.000000,0.000000,0.000000,0.000000,0.000000,0.000000,0.000000,0.000000,0.000000
0.000000,0.000000,0.000000,0.000000,0.000000,0.000000,0.000000,0.000000,0.000000,0.000000,0.000000,0.000000,0.000000,0.000000,0.000000,0.000000,0.000000,0.000000,1000.000190,1000.000277,1000.000354,1000.000428,1000.000501,1000.000566,1000.000621,1000.000658,1000.000668,1000.000651,1000.000623,1000.000589,1000.000554,1000.000521,1000.000489,1000.000458,1000.000430,1000.000402,1000.000376,1000.000352,1000.000330,1000.000310,1000.000291,1000.000274,1000.000259,1000.000246,1000.000234,1000.000224,1000.000216,1000.000209,1000.000204,1000.000200,1000.000198,1000.000198,1000.000198,1000.000200,1000.000204,1000.000209,1000.000216,1000.000224,1000.000234,1000.000246,1000.000259,1000.000274,1000.000291,1000.000310,1000.000330,1000.000352,1000.000376,1000.000402,1000.000430,1000.000458,1000.000489,1000.000521,1000.000554,1000.000589,1000.000623,1000.000651,1000.000668,1000.000658,1000.000621,1000.000566,1000.000501,1000.000428,1000.000354,1000.000277,1000.000190,0.000000,0.000000,0.000000,0.000000,0.000000,0.000000,0.000000,0.000000,0.000000,0.000000,0.000000,0.000000,0.000000,0.000000,0.000000,0.000000,0.000000,0.000000
0.000000,0.000000,0.000000,0.000000,0.000000,0.000000,0.000000,0.000000,0.000000,0.000000,0.000000,0.000000,0.000000,0.000000,0.000000,0.000000,0.000000,1000.000196,1000.000286,1000.000365,1000.000443,1000.000520,1000.000587,1000.000637,1000.000665,1000.000667,1000.000643,1000.000606,1000.000566,1000.000528,1000.000494,1000.000461,1000.000429,1000.000399,1000.000370,1000.000342,1000.000317,1000.000293,1000.000271,1000.000251,1000.000232,1000.000215,1000.000200,1000.000186,1000.000174,1000.000164,1000.000156,1000.000149,1000.000144,1000.000140,1000.000138,1000.000137,1000.000138,1000.000140,1000.000144,1000.000149,1000.000156,1000.000164,1000.000174,1000.000186,1000.000200,1000.000215,1000.000232,1000.000251,1000.000271,1000.000293,1000.000317,1000.000342,1000.000370,1000.000399,1000.000429,1000.000461,1000.000494,1000.000528,1000.000566,1000.000606,1000.000643,1000.000667,1000.000665,1000.000637,1000.000587,1000.000520,1000.000443,1000.000365,1000.000286,1000.000196,0.000000,0.000000,0.000000,0.000000,0.000000,0.000000,0.000000,0.000000,0.000000,0.000000,0.000000,0.000000,0.000000,0.000000,0.000000,0.000000,0.000000
0.000000,0.000000,0.000000,0.000000,0.000000,0.000000,0.000000,0.000000,0.000000,0.000000,0.000000,0.000000,0.000000,0.000000,0.000000,0.000000,1000.000198,1000.000290,1000.000371,1000.000452,1000.000531,1000.000600,1000.000649,1000.000667,1000.000660,1000.000633,1000.000593,1000.000549,1000.000508,1000.000471,1000.000437,1000.000403,1000.000371,1000.000340,1000.000312,1000.000285,1000.000259,1000.000235,1000.000213,1000.000193,1000.000174,1000.000157,1000.000142,1000.000128,1000.000116,1000.000106,1000.000097,1000.000090,1000.000085,1000.000081,1000.000079,1000.000078,1000.000079,1000.000081,1000.000085,1000.000090,1000.000097,1000.000106,1000.000116,1000.000128,1000.000142,1000.000157,1000.000174,1000.000193,1000.000213,1000.000235,1000.000259,1000.000285,1000.000312,1000.000340,1000.000371,1000.000403,1000.000437,1000.000471,1000.000508,1000.000549,1000.000593,1000.000633,1000.000660,1000.000667,1000.000649,1000.000600,1000.000531,1000.000452,1000.000371,1000.000290,1000.000198,0.000000,0.000000,0.000000,0.000000,0.000000,0.000000,0.000000,0.000000,0.000000,0.000000,0.000000,0.000000,0.000000,0.000000,0.000000,0.000000
0.000000,0.000000,0.000000,0.000000,0.000000,0.000000,0.000000,0.000000,0.000000,0.000000,0.000000,0.000000,0.000000,0.000000,0.000000,1000.000196,1000.000290,1000.000373,1000.000455,1000.000536,1000.000606,1000.000654,1000.000668,1000.000651,1000.000618,1000.000577,1000.000534,1000.000491,1000.000453,1000.000416,1000.000380,1000.000346,1000.000314,1000.000284,1000.000255,1000.000228,1000.000203,1000.000179,1000.000157,1000.000136,1000.000118,1000.000101,1000.000085,1000.000072,1000.000060,1000.000049,1000.000041,1000.000034,1000.000028,1000.000024,1000.000022,1000.000021,1000.000022,1000.000024,1000.000028,1000.000034,1000.000041,1000.000049,1000.000060,1000.000072,1000.000085,1000.000101,1000.000118,1000.000136,1000.000157,1000.000179,1000.000203,1000.000228,1000.000255,1000.000284,1000.000314,1000.000346,1000.000380,1000.000416,1000.000453,1000.000491,1000.000534,1000.000577,1000.000618,1000.000651,1000.000668,1000.000654,1000.000606,1000.000536,1000.000455,1000.000373,1000.000290,1000.000196,0.000000,0.000000,0.000000,0.000000,0.000000,0.000000,0.000000,0.000000,0.000000,0.000000,0.000000,0.000000,0.000000,0.000000,0.000000
0.000000,0.000000,0.000000,0.000000,0.000000,0.000000,0.000000,0.000000,0.000000,0.000000,0.000000,0.000000,0.000000,0.000000,1000.000190,1000.000286,1000.000371,1000.000455,1000.000538,1000.000608,1000.000656,1000.000668,1000.000646,1000.000607,1000.000563,1000.000519,1000.000477,1000.000437,1000.000399,1000.000361,1000.000325,1000.000292,1000.000260,1000.000229,1000.000200,1000.000173,1000.000148,1000.000124,1000.000102,1000.000082,1000.000063,1000.000046,1000.000030,1000.000017,1000.000005,999.999994,999.999986,999.999978,999.999973,999.999969,999.999967,999.999966,999.999967,999.999969,999.999973,999.999978,999.999986,999.999994,1000.000005,1000.000017,1000.000030,1000.000046,1000.000063,1000.000082,1000.000102,1000.000124,1000.000148,1000.000173,1000.000200,1000.000229,1000.000260,1000.000292,1000.000325,1000.000361,1000.000399,1000.000437,1000.000477,1000.000519,1000.000563,1000.000607,1000.000646,1000.000668,1000.000656,1000.000608,1000.000538,1000.000455,1000.000371,1000.000286,1000.000190,0.000000,0.000000,0.000000,0.000000,0.000000,0.000000,0.000000,0.000000,0.000000,0.000000,0.000000,0.000000,0.000000,0.000000
0.000000,0.000000,0.000000,0.000000,0.000000,0.000000,0.000000,0.000000,0.000000,0.000000,0.000000,0.000000,0.000000,1000.000179,1000.000277,1000.000365,1000.000452,1000.000536,1000.000608,1000.000657,1000.000668,1000.000645,1000.000602,1000.000554,1000.000508,1000.000465,1000.000424,1000.000384,1000.000345,1000.000307,1000.000272,1000.000239,1000.000206,1000.000176,1000.000147,1000.000120,1000.000095,1000.000071,1000.000049,1000.000028,1000.000010,999.999993,999.999977,999.999963,999.999951,999.999941,999.999932,999.999925,999.999919,999.999915,999.999913,999.999912,999.999913,999.999915,999.999919,999.999925,999.999932,999.999941,999.999951,999.999963,999.999977,999.999993,1000.000010,1000.000028,1000.000049,1000.000071,1000.000095,1000.000120,1000.000147,1000.000176,1000.000206,1000.000239,1000.000272,1000.000307,1000.000345,1000.000384,1000.000424,1000.000465,1000.000508,1000.000554,1000.000602,1000.000645,1000.000668,1000.000657,1000.000608,1000.000536,1000.000452,1000.000365,1000.000277,1000.000179,0.000000,0.000000,0.000000,0.000000,0.000000,0.000000,0.000000,0.000000,0.000000,0.000000,0.000000,0.000000,0.000000
0.000000,0.000000,0.000000,0.000000,0.000000,0.000000,0.000000,0.000000,0.000000,0.000000,0.000000,0.000000,1000.000160,1000.000263,1000.000354,1000.000443,1000.000531,1000.000606,1000.000656,1000.000668,1000.000644,1000.000601,1000.000550,1000.000501,1000.000457,1000.000414,1000.000372,1000.000332,1000.000293,1000.000256,1000.000221,1000.000187,1000.000155,1000.000124,1000.000096,1000.000069,1000.000043,1000.000019,999.999997,999.999977,999.999958,999.999941,999.999926,999.999912,999.999900,999.999889,999.999880,999.999873,999.999868,999.999864,999.999861,999.999860,999.999861,999.999864,999.999868,999.999873,999.999880,999.999889,999.999900,999.999912,999.999926,999.999941,999.999958,999.999977,999.999997,1000.000019,1000.000043,1000.000069,1000.000096,1000.000124,1000.000155,1000.000187,1000.000221,1000.000256,1000.000293,1000.000332,1000.000372,1000.000414,1000.000457,1000.000501,1000.000550,1000.000601,1000.000644,1000.000668,1000.000656,1000.000606,1000.000531,1000.000443,1000.000354,1000.000263,1000.000160,0.000000,0.000000,0.000000,0.000000,0.000000,0.000000,0.000000,0.000000,0.000000,0.000000,0.000000,0.000000
0.000000,0.000000,0.000000,0.000000,0.000000,0.000000,0.000000,0.000000,0.000000,0.000000,0.000000,1000.000138,1000.000243,1000.000336,1000.000428,1000.000520,1000.000600,1000.000654,1000.000668,1000.000645,1000.000601,1000.000549,1000.000499,1000.000453,1000.000408,1000.000364,1000.000322,1000.000282,1000.000243,1000.000206,1000.000171,1000.000137,1000.000105,1000.000075,1000.000046,1000.000019,999.999993,999.999970,999.999947,999.999927,999.999908,999.999891,999.999876,999.999862,999.999850,999.999839,999.999830,999.999823,999.999817,999.999813,999.999811,999.999810,999.999811,999.999813,999.999817,999.999823,999.999830,999.999839,999.999850,999.999862,999.999876,999.999891,999.999908,999.999927,999.999947,999.999970,999.999993,1000.000019,1000.000046,1000.000075,1000.000105,1000.000137,1000.000171,1000.000206,1000.000243,1000.000282,1000.000322,1000.000364,1000.000408,1000.000453,1000.000499,1000.000549,1000.000601,1000.000645,1000.000668,1000.000654,1000.000600,1000.000520,1000.000428,1000.000336,1000.000243,1000.000138,0.000000,0.000000,0.000000,0.000000,0.000000,0.000000,0.000000,0.000000,0.000000,0.000000,0.000000
0.000000,0.000000,0.000000,0.000000,0.000000,0.000000,0.000000,0.000000,0.000000,0.000000,0.000000,1000.000216,1000.000314,1000.000406,1000.000501,1000.000587,1000.000649,1000.000668,1000.000646,1000.000602,1000.000550,1000.000499,1000.000451,1000.000405,1000.000359,1000.000315,1000.000274,1000.000233,1000.000195,1000.000158,1000.000122,1000.000089,1000.000057,1000.000026,999.999998,999.999970,999.999945,999.999921,999.999899,999.999879,999.999860,999.999843,999.999827,999.999813,999.999801,999.999791,999.999782,999.999775,999.999769,999.999765,999.999762,999.999762,999.999762,999.999765,999.999769,999.999775,999.999782,999.999791,999.999801,999.999813,999.999827,999.999843,999.999860,999.999879,999.999899,999.999921,999.999945,999.999970,999.999998,1000.000026,1000.000057,1000.000089,1000.000122,1000.000158,1000.000195,1000.000233,1000.000274,1000.000315,1000.000359,1000.000405,1000.000451,1000.000499,1000.000550,1000.000602,1000.000646,1000.000668,1000.000649,1000.000587,1000.000501,1000.000406,1000.000314,1000.000216,0.000000,0.000000,0.000000,0.000000,0.000000,0.000000,0.000000,0.000000,0.000000,0.000000,0.000000
0.000000,0.000000,0.000000,0.000000,0.000000,0.000000,0.000000,0.000000,0.000000,0.000000,1000.000186,1000.000291,1000.000384,1000.000477,1000.000566,1000.000637,1000.000667,1000.000651,1000.000607,1000.000554,1000.000501,1000.000453,1000.000405,1000.000357,1000.000312,1000.000269,1000.000227,1000.000187,1000.000148,1000.000111,1000.000076,1000.000042,1000.000010,999.999980,999.999951,999.999924,999.999898,999.999875,999.999853,999.999832,999.999813,999.999796,999.999781,999.999767,999.999755,999.999744,999.999735,999.999728,999.999722,999.999718,999.999716,999.999715,999.999716,999.999718,999.999722,999.999728,999.999735,999.999744,999.999755,999.999767,999.999781,999.999796,999.999813,999.999832,999.999853,999.999875,999.999898,999.999924,999.999951,999.999980,1000.000010,1000.000042,1000.000076,1000.000111,1000.000148,1000.000187,1000.000227,1000.000269,1000.000312,1000.000357,1000.000405,1000.000453,1000.000501,1000.000554,1000.000607,1000.000651,1000.000667,1000.000637,1000.000566,1000.000477,1000.000384,1000.000291,1000.000186,0.000000,0.000000,0.000000,0.000000,0.000000,0.000000,0.000000,0.000000,0.000000,0.000000
0.000000,0.000000,0.000000,0.000000,0.000000,0.000000,0.000000,0.000000,0.000000,1000.000154,1000.000262,1000.000359,1000.000453,1000.000545,1000.000621,1000.000665,1000.000660,1000.000618,1000.000563,1000.000508,1000.000457,1000.000408,1000.000359,1000.000312,1000.000267,1000.000224,1000.000182,1000.000141,1000.000103,1000.000066,1000.000031,999.999997,999.999965,999.999935,999.999906,999.999879,999.999853,999.999830,999.999807,999.999787,999.999768,999.999751,999.999736,999.999722,999.999709,999.999699,999.999690,999.999683,999.999677,999.999673,999.999670,999.999670,999.999670,999.999673,999.999677,999.999683,999.999690,999.999699,999.999709,999.999722,999.999736,999.999751,999.999768,999.999787,999.999807,999.999830,999.999853,999.999879,999.999906,999.999935,999.999965,999.999997,1000.000031,1000.000066,1000.000103,1000.000141,1000.000182,1000.000224,1000.000267,1000.000312,1000.000359,1000.000408,1000.000457,1000.000508,1000.000563,1000.000618,1000.000660,1000.000665,1000.000621,1000.000545,1000.000453,1000.000359,1000.000262,1000.000154,0.000000,0.000000,0.000000,0.000000,0.000000,0.000000,0.000000,0.000000,0.000000
0.000000,0.000000,0.000000,0.000000,0.000000,0.000000,0.000000,0.000000,0.000000,1000.000224,1000.000327,1000.000425,1000.000523,1000.000605,1000.000658,1000.000667,1000.000633,1000.000577,1000.000519,1000.000465,1000.000414,1000.000364,1000.000315,1000.000269,1000.000224,1000.000180,1000.000138,1000.000098,1000.000059,1000.000022,999.999987,999.999953,999.999921,999.999891,999.999862,999.999835,999.999810,999.999786,999.999764,999.999744,999.999725,999.999708,999.999692,999.999678,999.999666,999.999655,999.999646,999.999639,999.999633,999.999629,999.999627,999.999626,999.999627,999.999629,999.999633,999.999639,999.999646,999.999655,999.999666,999.999678,999.999692,999.999708,999.999725,999.999744,999.999764,999.999786,999.999810,999.999835,999.999862,999.999891,999.999921,999.999953,999.999987,1000.000022,1000.000059,1000.000098,1000.000138,1000.000180,1000.000224,1000.000269,1000.000315,1000.000364,1000.000414,1000.000465,1000.000519,1000.000577,1000.000633,1000.000667,1000.000658,1000.000605,1000.000523,1000.000425,1000.000327,1000.000224,0.000000,0.000000,0.000000,0.000000,0.000000,0.000000,0.000000,0.000000,0.000000
0.000000,0.000000,0.000000,0.000000,0.000000,0.000000,0.000000,0.000000,1000.000180,1000.000291,1000.000390,1000.000491,1000.000584,1000.000649,1000.000668,1000.000643,1000.000593,1000.000534,1000.000477,1000.000424,1000.000372,1000.000322,1000.000274,1000.000227,1000.000182,1000.000138,1000.000096,1000.000056,1000.000018,999.999981,999.999945,999.999912,999.999880,999.999849,999.999821,999.999794,999.999768,999.999744,999.999722,999.999702,999.999683,999.999666,999.999650,999.999636,999.999624,999.999614,999.999605,999.999597,999.999592,999.999587,999.999585,999.999584,999.999585,999.999587,999.999592,999.999597,999.999605,999.999614,999.999624,999.999636,999.999650,999.999666,999.999683,999.999702,999.999722,999.999744,999.999768,999.999794,999.999821,999.999849,999.999880,999.999912,999.999945,999.999981,1000.000018,1000.000056,1000.000096,1000.000138,1000.000182,1000.000227,1000.000274,1000.000322,1000.000372,1000.000424,1000.000477,1000.000534,1000.000593,1000.000643,1000.000668,1000.000649,1000.000584,1000.000491,1000.000390,1000.000291,1000.000180,0.000000,0.000000,0.000000,0.000000,0.000000,0.000000,0.000000,0.000000
0.000000,0.000000,0.000000,0.000000,0.000000,0.000000,0.000000,0.000000,1000.000243,1000.000348,1000.000450,1000.000551,1000.000631,1000.000667,1000.000651,1000.000606,1000.000549,1000.000491,1000.000437,1000.000384,1000.000332,1000.000282,1000.000233,1000.000187,1000.000141,1000.000098,1000.000056,1000.000016,999.999977,999.999940,999.999905,999.999872,999.999840,999.999809,999.999780,999.999753,999.999728,999.999704,999.999682,999.999662,999.999643,999.999626,999.999610,999.999596,999.999584,999.999573,999.999564,999.999557,999.999551,999.999547,999.999545,999.999544,999.999545,999.999547,999.999551,999.999557,999.999564,999.999573,999.999584,999.999596,999.999610,999.999626,999.999643,999.999662,999.999682,999.999704,999.999728,999.999753,999.999780,999.999809,999.999840,999.999872,999.999905,999.999940,999.999977,1000.000016,1000.000056,1000.000098,1000.000141,1000.000187,1000.000233,1000.000282,1000.000332,1000.000384,1000.000437,1000.000491,1000.000549,1000.000606,1000.000651,1000.000667,1000.000631,1000.000551,1000.000450,1000.000348,1000.000243,0.000000,0.000000,0.000000,0.000000,0.000000,0.000000,0.000000,0.000000
0.000000,0.000000,0.000000,0.000000,0.000000,0.000000,0.000000,1000.000189,1000.000303,1000.000405,1000.000508,1000.000601,1000.000659,1000.000663,1000.000623,1000.000566,1000.000508,1000.000453,1000.000399,1000.000345,1000.000293,1000.000243,1000.000195,1000.000148,1000.000103,1000.000059,1000.000018,999.999977,999.999939,999.999902,999.999867,999.999833,999.999801,999.999771,999.999742,999.999715,999.999690,999.999666,999.999644,999.999623,999.999604,999.999587,999.999572,999.999558,999.999545,999.999535,999.999526,999.999518,999.999513,999.999509,999.999506,999.999505,999.999506,999.999509,999.999513,999.999518,999.999526,999.999535,999.999545,999.999558,999.999572,999.999587,999.999604,999.999623,999.999644,999.999666,999.999690,999.999715,999.999742,999.999771,999.999801,999.999833,999.999867,999.999902,999.999939,999.999977,1000.000018,1000.000059,1000.000103,1000.000148,1000.000195,1000.000243,1000.000293,1000.000345,1000.000399,1000.000453,1000.000508,1000.000566,1000.000623,1000.000663,1000.000659,1000.000601,1000.000508,1000.000405,1000.000303,1000.000189,0.000000,0.000000,0.000000,0.000000,0.000000,0.000000,0.000000
0.000000,0.000000,0.000000,0.000000,0.000000,0.000000,0.000000,1000.000248,1000.000356,1000.000460,1000.000561,1000.000639,1000.000669,1000.000644,1000.000589,1000.000528,1000.000471,1000.000416,1000.000361,1000.000307,1000.000256,1000.000206,1000.000158,1000.000111,1000.000066,1000.000022,999.999981,999.999940,999.999902,999.999865,999.999830,999.999796,999.999764,999.999734,999.999705,999.999678,999.999653,999.999629,999.999607,999.999586,999.999567,999.999550,999.999535,999.999521,999.999509,999.999498,999.999489,999.999482,999.999476,999.999472,999.999469,999.999468,999.999469,999.999472,999.999476,999.999482,999.999489,999.999498,999.999509,999.999521,999.999535,999.999550,999.999567,999.999586,999.999607,999.999629,999.999653,999.999678,999.999705,999.999734,999.999764,999.999796,999.999830,999.999865,999.999902,999.999940,999.999981,1000.000022,1000.000066,1000.000111,1000.000158,1000.000206,1000.000256,1000.000307,1000.000361,1000.000416,1000.000471,1000.000528,1000.000589,1000.000644,1000.000669,1000.000639,1000.000561,1000.000460,1000.000356,1000.000248,0.000000,0.000000,0.000000,0.000000,0.000000,0.000000,0.000000
0.000000,0.000000,0.000000,0.000000,0.000000,0.000000,1000.000190,1000.000305,1000.000409,1000.000513,1000.000606,1000.000663,1000.000662,1000.000616,1000.000554,1000.000494,1000.000437,1000.000380,1000.000325,1000.000272,1000.000221,1000.000171,1000.000122,1000.000076,1000.000031,999.999987,999.999945,999.999905,999.999867,999.999830,999.999794,999.999761,999.999729,999.999699,999.999670,999.999643,999.999617,999.999594,999.999571,999.999551,999.999532,999.999515,999.999499,999.999486,999.999473,999.999463,999.999454,999.999446,999.999441,999.999436,999.999434,999.999433,999.999434,999.999436,999.999441,999.999446,999.999454,999.999463,999.999473,999.999486,999.999499,999.999515,999.999532,999.999551,999.999571,999.999594,999.999617,999.999643,999.999670,999.999699,999.999729,999.999761,999.999794,999.999830,999.999867,999.999905,999.999945,999.999987,1000.000031,1000.000076,1000.000122,1000.000171,1000.000221,1000.000272,1000.000325,1000.000380,1000.000437,1000.000494,1000.000554,1000.000616,1000.000662,1000.000663,1000.000606,1000.000513,1000.000409,1000.000305,1000.000190,0.000000,0.000000,0.000000,0.000000,0.000000,0.000000
0.000000,0.000000,0.000000,0.000000,0.000000,0.000000,1000.000245,1000.000355,1000.000460,1000.000562,1000.000641,1000.000670,1000.000643,1000.000585,1000.000521,1000.000461,1000.000403,1000.000346,1000.000292,1000.000239,1000.000187,1000.000137,1000.000089,1000.000042,999.999997,999.999953,999.999912,999.999872,999.999833,999.999796,999.999761,999.999727,999.999695,999.999665,999.999636,999.999609,999.999584,999.999560,999.999538,999.999517,999.999499,999.999481,999.999466,999.999452,999.999440,999.999429,999.999420,999.999413,999.999407,999.999403,999.999400,999.999400,999.999400,999.999403,999.999407,999.999413,999.999420,999.999429,999.999440,999.999452,999.999466,999.999481,999.999499,999.999517,999.999538,999.999560,999.999584,999.999609,999.999636,999.999665,999.999695,999.999727,999.999761,999.999796,999.999833,999.999872,999.999912,999.999953,999.999997,1000.000042,1000.000089,1000.000137,1000.000187,1000.000239,1000.000292,1000.000346,1000.000403,1000.000461,1000.000521,1000.000585,1000.000643,1000.000670,1000.000641,1000.000562,1000.000460,1000.000355,1000.000245,0.000000,0.000000,0.000000,0.000000,0.000000,0.000000
0.000000,0.000000,0.000000,0.000000,0.000000,1000.000181,1000.000298,1000.000404,1000.000510,1000.000605,1000.000663,1000.000663,1000.000615,1000.000551,1000.000489,1000.000429,1000.000371,1000.000314,1000.000260,1000.000206,1000.000155,1000.000105,1000.000057,1000.000010,999.999965,999.999921,999.999880,999.999840,999.999801,999.999764,999.999729,999.999695,999.999663,999.999633,999.999604,999.999577,999.999552,999.999528,999.999506,999.999485,999.999467,999.999449,999.999434,999.999420,999.999408,999.999397,999.999388,999.999381,999.999375,999.999371,999.999368,999.999368,999.999368,999.999371,999.999375,999.999381,999.999388,999.999397,999.999408,999.999420,999.999434,999.999449,999.999467,999.999485,999.999506,999.999528,999.999552,999.999577,999.999604,999.999633,999.999663,999.999695,999.999729,999.999764,999.999801,999.999840,999.999880,999.999921,999.999965,1000.000010,1000.000057,1000.000105,1000.000155,1000.000206,1000.000260,1000.000314,1000.000371,1000.000429,1000.000489,1000.000551,1000.000615,1000.000663,1000.000663,1000.000605,1000.000510,1000.000404,1000.000298,1000.000181,0.000000,0.000000,0.000000,0.000000,0.000000
0.000000,0.000000,0.000000,0.000000,0.000000,1000.000230,1000.000343,1000.000451,1000.000556,1000.000638,1000.000669,1000.000643,1000.000585,1000.000520,1000.000458,1000.000399,1000.000340,1000.000284,1000.000229,1000.000176,1000.000124,1000.000075,1000.000026,999.999980,999.999935,999.999891,999.999849,999.999809,999.999771,999.999734,999.999699,999.999665,999.999633,999.999603,999.999574,999.999547,999.999521,999.999498,999.999476,999.999455,999.999436,999.999419,999.999404,999.999390,999.999377,999.999367,999.999358,999.999350,999.999345,999.999340,999.999338,999.999337,999.999338,999.999340,999.999345,999.999350,999.999358,999.999367,999.999377,999.999390,999.999404,999.999419,999.999436,999.999455,999.999476,999.999498,999.999521,999.999547,999.999574,999.999603,999.999633,999.999665,999.999699,999.999734,999.999771,999.999809,999.999849,999.999891,999.999935,999.999980,1000.000026,1000.000075,1000.000124,1000.000176,1000.000229,1000.000284,1000.000340,1000.000399,1000.000458,1000.000520,1000.000585,1000.000643,1000.000669,1000.000638,1000.000556,1000.000451,1000.000343,1000.000230,0.000000,0.000000,0.000000,0.000000,0.000000
0.000000,0.000000,0.000000,0.000000,1000.000159,1000.000277,1000.000386,1000.000496,1000.000596,1000.000660,1000.000663,1000.000617,1000.000554,1000.000490,1000.000430,1000.000370,1000.000312,1000.000255,1000.000200,1000.000147,1000.000096,1000.000046,999.999998,999.999951,999.999906,999.999862,999.999821,999.999780,999.999742,999.999705,999.999670,999.999636,999.999604,999.999574,999.999545,999.999518,999.999493,999.999469,999.999447,999.999426,999.999408,999.999390,999.999375,999.999361,999.999349,999.999338,999.999329,999.999322,999.999316,999.999312,999.999309,999.999308,999.999309,999.999312,999.999316,999.999322,999.999329,999.999338,999.999349,999.999361,999.999375,999.999390,999.999408,999.999426,999.999447,999.999469,999.999493,999.999518,999.999545,999.999574,999.999604,999.999636,999.999670,999.999705,999.999742,999.999780,999.999821,999.999862,999.999906,999.999951,999.999998,1000.000046,1000.000096,1000.000147,1000.000200,1000.000255,1000.000312,1000.000370,1000.000430,1000.000490,1000.000554,1000.000617,1000.000663,1000.000660,1000.000596,1000.000496,1000.000386,1000.000277,1000.000159,0.000000,0.000000,0.000000,0.000000
0.000000,0.000000,0.000000,0.000000,1000.000203,1000.000316,1000.000426,1000.000536,1000.000627,1000.000668,1000.000647,1000.000590,1000.000525,1000.000463,1000.000402,1000.000342,1000.000285,1000.000228,1000.000173,1000.000120,1000.000069,1000.000019,999.999970,999.999924,999.999879,999.999835,999.999794,999.999753,999.999715,999.999678,999.999643,999.999609,999.999577,999.999547,999.999518,999.999491,999.999466,999.999442,999.999420,999.999399,999.999381,999.999363,999.999348,999.999334,999.999322,999.999311,999.999302,999.999294,999.999289,999.999285,999.999282,999.999281,999.999282,999.999285,999.999289,999.999294,999.999302,999.999311,999.999322,999.999334,999.999348,999.999363,999.999381,999.999399,999.999420,999.999442,999.999466,999.999491,999.999518,999.999547,999.999577,999.999609,999.999643,999.999678,999.999715,999.999753,999.999794,999.999835,999.999879,999.999924,999.999970,1000.000019,1000.000069,1000.000120,1000.000173,1000.000228,1000.000285,1000.000342,1000.000402,1000.000463,1000.000525,1000.000590,1000.000647,1000.000668,1000.000627,1000.000536,1000.000426,1000.000316,1000.000203,0.000000,0.000000,0.000000,0.000000
