0.000000,0.000000,0.000000,0.000000,0.000000,0.000000,0.000000,0.000000,0.000000,0.000000,0.000000,0.000000,0.000000,0.000000,0.000000,0.000000,0.000000,0.000000,0.000000,0.000000,0.000000,0.000000,0.000000,0.000000,0.000000,0.000000,0.000000,0.000000,0.000000,0.000000,0.000000,0.000000,0.000000,0.000000,0.000000,0.000000,0.000000,0.000000,0.000000,0.000000,0.000000,0.000000,0.000000,0.000000,0.000000,0.000000,0.000000,0.000000,0.000000,0.000000,0.000000,0.000000,0.000000,0.000000,0.000000,0.000000,0.000000,0.000000,0.000000,0.000000,0.000000,0.000000,0.000000,0.000000,0.000000,0.000000,0.000000,0.000000,0.000000,0.000000,0.000000,0.000000,0.000000,0.000000,0.000000,0.000000,0.000000,0.000000,0.000000,0.000000,0.000000,0.000000,0.000000,0.000000,0.000000,0.000000,0.000000,0.000000,0.000000,0.000000,0.000000,0.000000,0.000000,0.000000,0.000000,0.000000,0.000000,0.000000,0.000000,0.000000,0.000000,0.000000,0.000000
0.000000,0.000000,0.000000,0.000000,0.000000,0.000000,0.000000,0.000000,0.000000,0.000000,0.000000,0.000000,0.000000,0.000000,0.000000,0.000000,0.000000,0.000000,0.000000,0.000000,0.000000,0.000000,0.000000,0.000000,0.000000,0.000000,0.000000,0.000000,0.000000,0.000000,0.000000,0.000000,0.000000,0.000000,0.000000,0.000000,0.000000,0.000000,0.000000,0.000000,0.000000,0.000000,0.000000,0.000000,0.000000,0.000000,0.000000,0.000000,0.000000,0.000000,0.000000,999.996517,0.000000,0.000000,0.000000,0.000000,0.000000,0.000000,0.000000,0.000000,0.000000,0.000000,0.000000,0.000000,0.000000,0.000000,0.000000,0.000000,0.000000,0.000000,0.000000,0.000000,0.000000,0.000000,0.000000,0.000000,0.000000,0.000000,0.000000,0.000000,0.000000,0.000000,0.000000,0.000000,0.000000,0.000000,0.000000,0.000000,0.000000,0.000000,0.000000,0.000000,0.000000,0.000000,0.000000,0.000000,0.000000,0.000000,0.000000,0.000000,0.000000,0.000000,0.000000
0.000000,0.000000,0.000000,0.000000,0.000000,0.000000,0.000000,0.000000,0.000000,0.000000,0.000000,0.000000,0.000000,0.000000,0.000000,0.000000,0.000000,0.000000,0.000000,0.000000,0.000000,0.000000,0.000000,0.000000,0.000000,0.000000,0.000000,0.000000,0.000000,0.000000,0.000000,0.000000,0.000000,0.000000,0.000000,0.000000,0.000000,0.000000,0.000000,0.000000,0.000000,0.000000,999.996889,999.996392,999.996120,999.996080,999.996221,999.996167,999.996110,999.996392,999.996279,999.996359,999.996180,999.996212,999.996385,999.996335,999.996273,999.996395,999.996212,999.996211,999.995933,0.000000,0.000000,0.000000,0.000000,0.000000,0.000000,0.000000,0.000000,0.000000,0.000000,0.000000,0.000000,0.000000,0.000000,0.000000,0.000000,0.000000,0.000000,0.000000,0.000000,0.000000,0.000000,0.000000,0.000000,0.000000,0.000000,0.000000,0.000000,0.000000,0.000000,0.000000,0.000000,0.000000,0.000000,0.000000,0.000000,0.000000,0.000000,0.000000,0.000000,0.000000,0.000000
0.000000,0.000000,0.000000,0.000000,0.000000,0.000000,0.000000,0.000000,0.000000,0.000000,0.000000,0.000000,0.000000,0.000000,0.000000,0.000000,0.000000,0.000000,0.000000,0.000000,0.000000,0.000000,0.000000,0.000000,0.000000,0.000000,0.000000,0.000000,0.000000,0.000000,0.000000,0.000000,0.000000,0.000000,0.000000,0.000000,0.000000,999.996424,999.995952,999.995747,999.995938,999.996178,999.996656,999.996436,999.996270,999.996306,999.996208,999.996252,999.996286,999.996471,999.996417,999.996187,999.996234,999.996235,999.996148,999.996122,999.996282,999.996158,999.996154,999.996176,999.995912,999.996177,999.996087,999.996219,999.996120,999.996041,0.000000,0.000000,0.000000,0.000000,0.000000,0.000000,0.000000,0.000000,0.000000,0.000000,0.000000,0.000000,0.000000,0.000000,0.000000,0.000000,0.000000,0.000000,0.000000,0.000000,0.000000,0.000000,0.000000,0.000000,0.000000,0.000000,0.000000,0.000000,0.000000,0.000000,0.000000,0.000000,0.000000,0.000000,0.000000,0.000000,0.000000
0.000000,0.000000,0.000000,0.000000,0.000000,0.000000,0.000000,0.000000,0.000000,0.000000,0.000000,0.000000,0.000000,0.000000,0.000000,0.000000,0.000000,0.000000,0.000000,0.000000,0.000000,0.000000,0.000000,0.000000,0.000000,0.000000,0.000000,0.000000,0.000000,0.000000,0.000000,0.000000,0.000000,0.000000,999.996094,999.995722,999.995761,999.996402,999.996255,999.995997,999.996087,999.996202,999.996350,999.996221,999.996415,999.996272,999.996197,999.996205,999.996182,999.996065,999.996110,999.996232,999.996261,999.996316,999.996210,999.996188,999.996215,999.996179,999.996124,999.996135,999.996178,999.996183,999.996284,999.996309,999.996199,999.995984,999.996137,999.996336,999.996133,0.000000,0.000000,0.000000,0.000000,0.000000,0.000000,0.000000,0.000000,0.000000,0.000000,0.000000,0.000000,0.000000,0.000000,0.000000,0.000000,0.000000,0.000000,0.000000,0.000000,0.000000,0.000000,0.000000,0.000000,0.000000,0.000000,0.000000,0.000000,0.000000,0.000000,0.000000,0.000000,0.000000,0.000000
0.000000,0.000000,0.000000,0.000000,0.000000,0.000000,0.000000,0.000000,0.000000,0.000000,0.000000,0.000000,0.000000,0.000000,0.000000,0.000000,0.000000,0.000000,0.000000,0.000000,0.000000,0.000000,0.000000,0.000000,0.000000,0.000000,0.000000,0.000000,0.000000,0.000000,0.000000,0.000000,999.996041,999.995673,999.996043,999.995981,999.996048,999.996157,999.995985,999.996009,999.996068,999.996253,999.996095,999.996142,999.996062,999.996199,999.996148,999.996146,999.996139,999.995956,999.996240,999.996167,999.996100,999.996181,999.996180,999.996138,999.996034,999.996195,999.996157,999.995970,999.996090,999.996100,999.996126,999.996054,999.996107,999.996057,999.996057,999.995934,999.996013,999.996058,999.995949,0.000000,0.000000,0.000000,0.000000,0.000000,0.000000,0.000000,0.000000,0.000000,0.000000,0.000000,0.000000,0.000000,0.000000,0.000000,0.000000,0.000000,0.000000,0.000000,0.000000,0.000000,0.000000,0.000000,0.000000,0.000000,0.000000,0.000000,0.000000,0.000000,0.000000,0.000000,0.000000
0.000000,0.000000,0.000000,0.000000,0.000000,0.000000,0.000000,0.000000,0.000000,0.000000,0.000000,0.000000,0.000000,0.000000,0.000000,0.000000,0.000000,0.000000,0.000000,0.000000,0.000000,0.000000,0.000000,0.000000,0.000000,0.000000,0.000000,0.000000,0.000000,0.000000,999.995909,999.995246,999.995921,999.995900,999.996034,999.995944,999.996010,999.996014,999.995989,999.995908,999.995782,999.995879,999.995955,999.995972,999.995875,999.996008,999.995976,999.996078,999.996073,999.996079,999.996124,999.996042,999.995994,999.996037,999.996144,999.996271,999.996080,999.996195,999.996244,999.996198,999.996134,999.995969,999.996078,999.996117,999.996039,999.996173,999.996088,999.996076,999.996045,999.996142,999.996044,999.996104,999.996109,0.000000,0.000000,0.000000,0.000000,0.000000,0.000000,0.000000,0.000000,0.000000,0.000000,0.000000,0.000000,0.000000,0.000000,0.000000,0.000000,0.000000,0.000000,0.000000,0.000000,0.000000,0.000000,0.000000,0.000000,0.000000,0.000000,0.000000,0.000000,0.000000,0.000000
0.000000,0.000000,0.000000,0.000000,0.000000,0.000000,0.000000,0.000000,0.000000,0.000000,0.000000,0.000000,0.000000,0.000000,0.000000,0.000000,0.000000,0.000000,0.000000,0.000000,0.000000,0.000000,0.000000,0.000000,0.000000,0.000000,0.000000,0.000000,999.995422,999.994921,999.995493,999.995770,999.995711,999.995801,999.995687,999.995645,999.995716,999.995733,999.995695,999.995707,999.995835,999.995771,999.995882,999.995869,999.996095,999.995853,999.995876,999.995962,999.995930,999.995917,999.995958,999.996088,999.996143,999.995983,999.996098,999.996185,999.996219,999.996194,999.996120,999.996220,999.996229,999.996286,999.996142,999.996239,999.996218,999.996044,999.996138,999.996174,999.995956,999.996067,999.996068,999.996000,999.996019,999.996046,999.996138,0.000000,0.000000,0.000000,0.000000,0.000000,0.000000,0.000000,0.000000,0.000000,0.000000,0.000000,0.000000,0.000000,0.000000,0.000000,0.000000,0.000000,0.000000,0.000000,0.000000,0.000000,0.000000,0.000000,0.000000,0.000000,0.000000,0.000000,0.000000
0.000000,0.000000,0.000000,0.000000,0.000000,0.000000,0.000000,0.000000,0.000000,0.000000,0.000000,0.000000,0.000000,0.000000,0.000000,0.000000,0.000000,0.000000,0.000000,0.000000,0.000000,0.000000,0.000000,0.000000,0.000000,0.000000,999.994997,999.994734,999.995223,999.995289,999.995355,999.995439,999.995234,999.995575,999.995515,999.995565,999.995517,999.995474,999.995565,999.995719,999.995704,999.995733,999.995644,999.995717,999.995806,999.995668,999.995836,999.995760,999.995919,999.995997,999.996012,999.996046,999.996183,999.996021,999.996126,999.996049,999.996118,999.996143,999.996119,999.996115,999.996163,999.996247,999.996166,999.996139,999.996149,999.996047,999.996140,999.996281,999.996111,999.996078,999.996170,999.996168,999.995998,999.996034,999.996095,999.996163,999.996174,0.000000,0.000000,0.000000,0.000000,0.000000,0.000000,0.000000,0.000000,0.000000,0.000000,0.000000,0.000000,0.000000,0.000000,0.000000,0.000000,0.000000,0.000000,0.000000,0.000000,0.000000,0.000000,0.000000,0.000000,0.000000,0.000000
0.000000,0.000000,0.000000,0.000000,0.000000,0.000000,0.000000,0.000000,0.000000,0.000000,0.000000,0.000000,0.000000,0.000000,0.000000,0.000000,0.000000,0.000000,0.000000,0.000000,0.000000,0.000000,0.000000,0.000000,999.994792,999.994374,999.995021,999.995068,999.995066,999.995248,999.995362,999.995134,999.995297,999.995292,999.995413,999.995354,999.995388,999.995415,999.995377,999.995375,999.995319,999.995388,999.995219,999.995457,999.995372,999.995540,999.995698,999.995607,999.995744,999.995903,999.995805,999.995900,999.995916,999.996117,999.996154,999.996213,999.996263,999.996287,999.996408,999.996345,999.996312,999.996303,999.996416,999.996315,999.996385,999.996304,999.996157,999.996250,999.996244,999.996172,999.996068,999.996137,999.996158,999.996055,999.995870,999.996004,999.996003,999.995999,999.996077,0.000000,0.000000,0.000000,0.000000,0.000000,0.000000,0.000000,0.000000,0.000000,0.000000,0.000000,0.000000,0.000000,0.000000,0.000000,0.000000,0.000000,0.000000,0.000000,0.000000,0.000000,0.000000,0.000000,0.000000
0.000000,0.000000,0.000000,0.000000,0.000000,0.000000,0.000000,0.000000,0.000000,0.000000,0.000000,0.000000,0.000000,0.000000,0.000000,0.000000,0.000000,0.000000,0.000000,0.000000,0.000000,0.000000,0.000000,999.994793,999.994735,999.994936,999.994956,999.994876,999.994830,999.995043,999.994896,999.995055,999.995131,999.995067,999.995145,999.994982,999.994982,999.995083,999.994964,999.994997,999.995133,999.995171,999.995286,999.995523,999.995362,999.995449,999.995610,999.995651,999.995612,999.995718,999.995820,999.995939,999.996002,999.996177,999.996166,999.996254,999.996269,999.996205,999.996338,999.996300,999.996264,999.996233,999.996339,999.996314,999.996339,999.996391,999.996216,999.996248,999.996134,999.996195,999.996098,999.996130,999.996238,999.996171,999.996108,999.995932,999.996036,999.996022,999.995955,999.995995,0.000000,0.000000,0.000000,0.000000,0.000000,0.000000,0.000000,0.000000,0.000000,0.000000,0.000000,0.000000,0.000000,0.000000,0.000000,0.000000,0.000000,0.000000,0.000000,0.000000,0.000000,0.000000,0.000000
0.000000,0.000000,0.000000,0.000000,0.000000,0.000000,0.000000,0.000000,0.000000,0.000000,0.000000,0.000000,0.000000,0.000000,0.000000,0.000000,0.000000,0.000000,0.000000,0.000000,0.000000,999.994421,999.994136,999.994648,999.994715,999.994725,999.994718,999.994615,999.994814,999.994735,999.994820,999.994912,999.994814,999.994908,999.994761,999.994630,999.994822,999.994849,999.994758,999.994868,999.994963,999.994992,999.995085,999.995082,999.995055,999.995225,999.995389,999.995488,999.995556,999.995699,999.995902,999.995908,999.996041,999.996109,999.996098,999.996262,999.996345,999.996263,999.996467,999.996529,999.996582,999.996564,999.996486,999.996431,999.996427,999.996523,999.996409,999.996470,999.996449,999.996279,999.996371,999.996215,999.996227,999.996202,999.996231,999.996080,999.995976,999.996054,999.995916,999.995869,999.996033,999.995817,0.000000,0.000000,0.000000,0.000000,0.000000,0.000000,0.000000,0.000000,0.000000,0.000000,0.000000,0.000000,0.000000,0.000000,0.000000,0.000000,0.000000,0.000000,0.000000,0.000000,0.000000
0.000000,0.000000,0.000000,0.000000,0.000000,0.000000,0.000000,0.000000,0.000000,0.000000,0.000000,0.000000,0.000000,0.000000,0.000000,0.000000,0.000000,0.000000,0.000000,0.000000,999.994268,999.994361,999.994427,999.994644,999.994554,999.994563,999.994446,999.994565,999.994614,999.994688,999.994631,999.994451,999.994427,999.994375,999.994208,999.994300,999.994552,999.994375,999.994406,999.994543,999.994483,999.994511,999.994669,999.994740,999.994964,999.995176,999.995220,999.995460,999.995624,999.995790,999.995840,999.995912,999.996034,999.996220,999.996207,999.996331,999.996524,999.996508,999.996424,999.996535,999.996613,999.996645,999.996617,999.996657,999.996505,999.996533,999.996490,999.996427,999.996532,999.996349,999.996367,999.996226,999.996149,999.996111,999.996140,999.996141,999.995865,999.996025,999.995977,999.995942,999.995835,999.995936,999.995921,0.000000,0.000000,0.000000,0.000000,0.000000,0.000000,0.000000,0.000000,0.000000,0.000000,0.000000,0.000000,0.000000,0.000000,0.000000,0.000000,0.000000,0.000000,0.000000,0.000000
0.000000,0.000000,0.000000,0.000000,0.000000,0.000000,0.000000,0.000000,0.000000,0.000000,0.000000,0.000000,0.000000,0.000000,0.000000,0.000000,0.000000,0.000000,0.000000,999.994449,999.994354,999.994428,999.994442,999.994381,999.994453,999.994519,999.994478,999.994523,999.994410,999.994231,999.994020,999.994078,999.994100,999.993986,999.994005,999.994169,999.994047,999.993950,999.994041,999.994204,999.994192,999.994261,999.994618,999.994550,999.994886,999.994991,999.995050,999.995346,999.995453,999.995589,999.995769,999.995994,999.996165,999.996285,999.996435,999.996539,999.996528,999.996765,999.996770,999.996635,999.996729,999.996670,999.996677,999.996851,999.996774,999.996765,999.996706,999.996540,999.996565,999.996625,999.996478,999.996428,999.996380,999.996217,999.996220,999.996320,999.996096,999.995995,999.995996,999.996008,999.995948,999.995930,999.995835,999.995717,0.000000,0.000000,0.000000,0.000000,0.000000,0.000000,0.000000,0.000000,0.000000,0.000000,0.000000,0.000000,0.000000,0.000000,0.000000,0.000000,0.000000,0.000000,0.000000
0.000000,0.000000,0.000000,0.000000,0.000000,0.000000,0.000000,0.000000,0.000000,0.000000,0.000000,0.000000,0.000000,0.000000,0.000000,0.000000,0.000000,0.000000,999.994151,999.994227,999.994382,999.994335,999.994247,999.994302,999.994238,999.994097,999.994116,999.994077,999.993962,999.993803,999.993890,999.993805,999.993690,999.993502,999.993683,999.993609,999.993440,999.993523,999.993668,999.993779,999.993884,999.994107,999.994360,999.994323,999.994649,999.994851,999.995011,999.995175,999.995492,999.995659,999.995885,999.996110,999.996306,999.996365,999.996533,999.996732,999.996653,999.996811,999.996958,999.996985,999.997048,999.997082,999.997010,999.996955,999.996941,999.996889,999.996887,999.996765,999.996646,999.996649,999.996584,999.996455,999.996445,999.996418,999.996254,999.996294,999.996215,999.996146,999.995994,999.995921,999.995954,999.995879,999.995887,999.995836,999.995856,0.000000,0.000000,0.000000,0.000000,0.000000,0.000000,0.000000,0.000000,0.000000,0.000000,0.000000,0.000000,0.000000,0.000000,0.000000,0.000000,0.000000,0.000000
0.000000,0.000000,0.000000,0.000000,0.000000,0.000000,0.000000,0.000000,0.000000,0.000000,0.000000,0.000000,0.000000,0.000000,0.000000,0.000000,0.000000,999.994150,999.994223,999.994183,999.994320,999.994178,999.994321,999.994303,999.994051,999.993973,999.993887,999.993843,999.993493,999.993571,999.993523,999.993275,999.993165,999.993075,999.993168,999.992951,999.992988,999.993157,999.993239,999.993329,999.993579,999.993813,999.993835,999.994212,999.994412,999.994752,999.995039,999.995286,999.995616,999.995804,999.995999,999.996115,999.996420,999.996560,999.996714,999.996823,999.996943,999.996984,999.997016,999.997096,999.997072,999.997172,999.997152,999.997039,999.997082,999.996999,999.997018,999.997002,999.996890,999.996875,999.996777,999.996681,999.996622,999.996463,999.996303,999.996280,999.996272,999.996168,999.996101,999.995943,999.995956,999.995870,999.995777,999.995903,999.995864,999.995585,0.000000,0.000000,0.000000,0.000000,0.000000,0.000000,0.000000,0.000000,0.000000,0.000000,0.000000,0.000000,0.000000,0.000000,0.000000,0.000000,0.000000
0.000000,0.000000,0.000000,0.000000,0.000000,0.000000,0.000000,0.000000,0.000000,0.000000,0.000000,0.000000,0.000000,0.000000,0.000000,0.000000,999.994090,999.994106,999.994213,999.994297,999.994284,999.994126,999.993997,999.993937,999.993871,999.993831,999.993723,999.993409,999.993082,999.993189,999.992895,999.992618,999.992641,999.992646,999.992613,999.992523,999.992568,999.992723,999.992835,999.993014,999.993173,999.993348,999.993574,999.994127,999.994352,999.994648,999.994963,999.995308,999.995480,999.995811,999.996198,999.996383,999.996567,999.996777,999.996856,999.997017,999.997218,999.997256,999.997331,999.997428,999.997343,999.997360,999.997442,999.997372,999.997349,999.997223,999.997303,999.997203,999.996913,999.996907,999.996878,999.996700,999.996720,999.996637,999.996443,999.996211,999.996285,999.996293,999.996287,999.996019,999.995924,999.996088,999.995785,999.995740,999.995957,999.995757,999.995863,0.000000,0.000000,0.000000,0.000000,0.000000,0.000000,0.000000,0.000000,0.000000,0.000000,0.000000,0.000000,0.000000,0.000000,0.000000,0.000000
0.000000,0.000000,0.000000,0.000000,0.000000,0.000000,0.000000,0.000000,0.000000,0.000000,0.000000,0.000000,0.000000,0.000000,0.000000,999.994150,999.994106,999.994210,999.994330,999.994094,999.994059,999.993887,999.993850,999.993728,999.993539,999.993182,999.993051,999.992809,999.992801,999.992729,999.992225,999.992125,999.992097,999.991994,999.991805,999.991849,999.992053,999.992141,999.992400,999.992574,999.992767,999.993195,999.993633,999.993961,999.994222,999.994559,999.995033,999.995332,999.995648,999.996041,999.996376,999.996641,999.996780,999.997058,999.997285,999.997418,999.997534,999.997575,999.997660,999.997684,999.997719,999.997721,999.997714,999.997685,999.997639,999.997391,999.997337,999.997388,999.997339,999.997112,999.997136,999.996850,999.996739,999.996818,999.996762,999.996621,999.996323,999.996160,999.996308,999.996325,999.995975,999.996077,999.995940,999.995724,999.995719,999.995674,999.995686,999.995647,0.000000,0.000000,0.000000,0.000000,0.000000,0.000000,0.000000,0.000000,0.000000,0.000000,0.000000,0.000000,0.000000,0.000000,0.000000
0.000000,0.000000,0.000000,0.000000,0.000000,0.000000,0.000000,0.000000,0.000000,0.000000,0.000000,0.000000,0.000000,0.000000,999.994151,999.994223,999.994213,999.994330,999.994055,999.993939,999.993924,999.993785,999.993720,999.993445,999.993226,999.992989,999.992752,999.992531,999.992254,999.991964,999.991632,999.991662,999.991513,999.991307,999.991159,999.991410,999.991614,999.991591,999.991869,999.992169,999.992619,999.993017,999.993357,999.993716,999.994161,999.994677,999.995145,999.995511,999.995965,999.996224,999.996519,999.996840,999.997104,999.997270,999.997538,999.997658,999.997794,999.997856,999.998012,999.997976,999.998004,999.997947,999.997922,999.997880,999.997945,999.997877,999.997649,999.997622,999.997599,999.997418,999.997440,999.997237,999.996895,999.996864,999.996745,999.996710,999.996667,999.996335,999.996141,999.996158,999.995945,999.995962,999.995992,999.995798,999.995870,999.995808,999.995645,999.995606,999.995754,0.000000,0.000000,0.000000,0.000000,0.000000,0.000000,0.000000,0.000000,0.000000,0.000000,0.000000,0.000000,0.000000,0.000000
0.000000,0.000000,0.000000,0.000000,0.000000,0.000000,0.000000,0.000000,0.000000,0.000000,0.000000,0.000000,0.000000,999.994449,999.994227,999.994183,999.994297,999.994094,999.993939,999.993940,999.993822,999.993627,999.993409,999.993081,999.992914,999.992663,999.992290,999.991903,999.991550,999.991229,999.991062,999.990995,999.990724,999.990577,999.990698,999.990834,999.990799,999.990997,999.991361,999.991731,999.992138,999.992600,999.993107,999.993599,999.994203,999.994758,999.995197,999.995612,999.996102,999.996512,999.996854,999.997310,999.997585,999.997770,999.997901,999.998095,999.998149,999.998258,999.998274,999.998360,999.998362,999.998318,999.998288,999.998190,999.998110,999.998143,999.997911,999.997754,999.997649,999.997396,999.997353,999.997502,999.997196,999.997052,999.996865,999.996660,999.996677,999.996571,999.996430,999.996422,999.996274,999.996016,999.996006,999.995933,999.995810,999.995920,999.995794,999.995592,999.995597,999.995601,0.000000,0.000000,0.000000,0.000000,0.000000,0.000000,0.000000,0.000000,0.000000,0.000000,0.000000,0.000000,0.000000
0.000000,0.000000,0.000000,0.000000,0.000000,0.000000,0.000000,0.000000,0.000000,0.000000,0.000000,0.000000,999.994268,999.994354,999.994382,999.994320,999.994284,999.994059,999.993924,999.993822,999.993540,999.993178,999.993044,999.992653,999.992307,999.991942,999.991474,999.991207,999.991055,999.990607,999.990397,999.990035,999.989778,999.989830,999.989997,999.989942,999.990156,999.990594,999.990948,999.991386,999.991930,999.992481,999.993044,999.993714,999.994327,999.994869,999.995428,999.995959,999.996592,999.996968,999.997274,999.997538,999.997825,999.998177,999.998340,999.998538,999.998622,999.998766,999.998723,999.998789,999.998749,999.998768,999.998712,999.998656,999.998391,999.998386,999.998322,999.998157,999.998097,999.997903,999.997564,999.997539,999.997419,999.997234,999.997187,999.996965,999.996815,999.996669,999.996425,999.996364,999.996460,999.996263,999.996033,999.995880,999.995806,999.995718,999.995761,999.995716,999.995525,999.995533,999.995581,0.000000,0.000000,0.000000,0.000000,0.000000,0.000000,0.000000,0.000000,0.000000,0.000000,0.000000,0.000000
0.000000,0.000000,0.000000,0.000000,0.000000,0.000000,0.000000,0.000000,0.000000,0.000000,0.000000,999.994421,999.994361,999.994428,999.994335,999.994178,999.994126,999.993887,999.993785,999.993627,999.993178,999.992976,999.992827,999.992178,999.991838,999.991536,999.991024,999.990719,999.990359,999.989808,999.989527,999.989197,999.989065,999.989178,999.989206,999.989253,999.989594,999.989994,999.990425,999.990996,999.991687,999.992290,999.992934,999.993743,999.994394,999.995033,999.995662,999.996362,999.996847,999.997249,999.997785,999.998095,999.998410,999.998744,999.998876,999.999003,999.999201,999.999245,999.999207,999.999272,999.999167,999.999037,999.999036,999.998996,999.998831,999.998743,999.998558,999.998452,999.998300,999.998222,999.998012,999.997751,999.997609,999.997374,999.997238,999.997095,999.997003,999.996919,999.996721,999.996240,999.996280,999.996263,999.996176,999.996033,999.995943,999.995858,999.995603,999.995719,999.995692,999.995587,999.995541,999.995470,0.000000,0.000000,0.000000,0.000000,0.000000,0.000000,0.000000,0.000000,0.000000,0.000000,0.000000
0.000000,0.000000,0.000000,0.000000,0.000000,0.000000,0.000000,0.000000,0.000000,0.000000,0.000000,999.994136,999.994427,999.994442,999.994247,999.994321,999.993997,999.993850,999.993720,999.993409,999.993044,999.992827,999.992308,999.991695,999.991439,999.991029,999.990352,999.989876,999.989409,999.988933,999.988682,999.988536,999.988345,999.988358,999.988213,999.988471,999.988905,999.989323,999.989945,999.990626,999.991324,999.992205,999.993063,999.993876,999.994652,999.995471,999.996138,999.996800,999.997231,999.997859,999.998389,999.998753,999.999058,999.999299,999.999501,999.999544,999.999700,999.999712,999.999676,999.999759,999.999740,999.999547,999.999409,999.999352,999.999249,999.999159,999.998900,999.998723,999.998560,999.998401,999.998212,999.998079,999.997910,999.997727,999.997497,999.997271,999.997042,999.996890,999.997007,999.996738,999.996396,999.996363,999.996176,999.996075,999.996018,999.996020,999.995752,999.995679,999.995557,999.995574,999.995618,999.995556,0.000000,0.000000,0.000000,0.000000,0.000000,0.000000,0.000000,0.000000,0.000000,0.000000,0.000000
0.000000,0.000000,0.000000,0.000000,0.000000,0.000000,0.000000,0.000000,0.000000,0.000000,999.994793,999.994648,999.994644,999.994381,999.994302,999.994303,999.993937,999.993728,999.993445,999.993081,999.992653,999.992178,999.991695,999.991284,999.990915,999.990165,999.989496,999.989122,999.988584,999.988105,999.987686,999.987527,999.987295,999.987343,999.987380,999.987812,999.988334,999.988756,999.989561,999.990314,999.991181,999.992076,999.993095,999.993985,999.994874,999.995757,999.996546,999.997260,999.997983,999.998651,999.999057,999.999303,999.999671,999.999895,1000.000086,1000.000224,1000.000312,1000.000289,1000.000294,1000.000210,1000.000235,1000.000198,999.999937,999.999800,999.999630,999.999519,999.999305,999.999144,999.998972,999.998766,999.998495,999.998284,999.998108,999.997912,999.997718,999.997583,999.997277,999.997021,999.996907,999.996856,999.996603,999.996503,999.996313,999.996043,999.995963,999.996001,999.995835,999.995816,999.995686,999.995468,999.995540,999.995504,999.995431,0.000000,0.000000,0.000000,0.000000,0.000000,0.000000,0.000000,0.000000,0.000000,0.000000
0.000000,0.000000,0.000000,0.000000,0.000000,0.000000,0.000000,0.000000,0.000000,999.994792,999.994735,999.994715,999.994554,999.994453,999.994238,999.994051,999.993871,999.993539,999.993226,999.992914,999.992307,999.991838,999.991439,999.990915,999.990199,999.989334,999.988941,999.988432,999.987724,999.987211,999.986871,999.986588,999.986326,999.986385,999.986493,999.986969,999.987364,999.988018,999.989032,999.989910,999.990991,999.992089,999.993198,999.994236,999.995325,999.996256,999.997164,999.997936,999.998597,999.999188,999.999580,1000.000170,1000.000506,1000.000756,1000.000849,1000.001011,1000.000997,1000.001107,1000.001070,1000.000801,1000.000795,1000.000652,1000.000560,1000.000415,1000.000108,999.999938,999.999749,999.999447,999.999280,999.999008,999.998870,999.998611,999.998375,999.998218,999.997910,999.997762,999.997564,999.997321,999.997089,999.996922,999.996716,999.996512,999.996623,999.996297,999.995979,999.995965,999.995813,999.995741,999.995724,999.995565,999.995551,999.995563,999.995447,999.995417,0.000000,0.000000,0.000000,0.000000,0.000000,0.000000,0.000000,0.000000,0.000000
0.000000,0.000000,0.000000,0.000000,0.000000,0.000000,0.000000,0.000000,0.000000,999.994374,999.994936,999.994725,999.994563,999.994519,999.994097,999.993973,999.993831,999.993182,999.992989,999.992663,999.991942,999.991536,999.991029,999.990165,999.989334,999.988779,999.988363,999.987447,999.986807,999.986314,999.985873,999.985415,999.985289,999.985259,999.985569,999.985981,999.986481,999.987453,999.988452,999.989555,999.990829,999.992196,999.993359,999.994608,999.995839,999.996908,999.997990,999.998803,999.999546,1000.000069,1000.000502,1000.001056,1000.001287,1000.001426,1000.001641,1000.001725,1000.001644,1000.001695,1000.001679,1000.001433,1000.001384,1000.001206,1000.001028,1000.000877,1000.000597,1000.000421,1000.000293,999.999942,999.999733,999.999437,999.999242,999.998949,999.998652,999.998468,999.998225,999.997949,999.997709,999.997496,999.997295,999.997065,999.996950,999.996459,999.996448,999.996511,999.996179,999.996136,999.995888,999.995812,999.995763,999.995587,999.995450,999.995530,999.995566,999.995465,0.000000,0.000000,0.000000,0.000000,0.000000,0.000000,0.000000,0.000000,0.000000
0.000000,0.000000,0.000000,0.000000,0.000000,0.000000,0.000000,0.000000,999.994997,999.995021,999.994956,999.994718,999.994446,999.994478,999.994116,999.993887,999.993723,999.993051,999.992752,999.992290,999.991474,999.991024,999.990352,999.989496,999.988941,999.988363,999.987370,999.986410,999.985925,999.985288,999.984710,999.984393,999.984275,999.984209,999.984488,999.984925,999.985748,999.986756,999.987862,999.989192,999.990706,999.992213,999.993639,999.995111,999.996415,999.997558,999.998599,999.999439,1000.000321,1000.001026,1000.001608,1000.001967,1000.002214,1000.002362,1000.002636,1000.002627,1000.002662,1000.002526,1000.002442,1000.002314,1000.002078,1000.001848,1000.001573,1000.001400,1000.001052,1000.000775,1000.000586,1000.000400,1000.000123,999.999813,999.999607,999.999367,999.998962,999.998624,999.998446,999.998233,999.998001,999.997705,999.997467,999.997252,999.997163,999.996878,999.996547,999.996477,999.996160,999.996145,999.996013,999.995748,999.995804,999.995705,999.995467,999.995443,999.995440,999.995386,999.995500,0.000000,0.000000,0.000000,0.000000,0.000000,0.000000,0.000000,0.000000
0.000000,0.000000,0.000000,0.000000,0.000000,0.000000,0.000000,0.000000,999.994734,999.995068,999.994876,999.994615,999.994565,999.994523,999.994077,999.993843,999.993409,999.992809,999.992531,999.991903,999.991207,999.990719,999.989876,999.989122,999.988432,999.987447,999.986410,999.985858,999.985246,999.984351,999.983709,999.983307,999.982909,999.982809,999.983166,999.983735,999.984598,999.985781,999.987198,999.988814,999.990579,999.992242,999.993970,999.995772,999.997229,999.998536,999.999743,1000.000770,1000.001417,1000.002120,1000.002574,1000.002958,1000.003226,1000.003507,1000.003545,1000.003478,1000.003464,1000.003306,1000.003138,1000.003014,1000.002783,1000.002528,1000.002264,1000.002053,1000.001847,1000.001432,1000.001067,1000.000809,1000.000514,1000.000167,999.999781,999.999576,999.999450,999.999098,999.998699,999.998488,999.998217,999.997950,999.997687,999.997391,999.997190,999.996957,999.996759,999.996691,999.996374,999.996121,999.996126,999.995876,999.995735,999.995808,999.995575,999.995504,999.995414,999.995301,999.995474,0.000000,0.000000,0.000000,0.000000,0.000000,0.000000,0.000000,0.000000
0.000000,0.000000,0.000000,0.000000,0.000000,0.000000,0.000000,999.995422,999.995223,999.995066,999.994830,999.994814,999.994614,999.994410,999.993962,999.993493,999.993082,999.992801,999.992254,999.991550,999.991055,999.990359,999.989409,999.988584,999.987724,999.986807,999.985925,999.985246,999.984090,999.983071,999.982560,999.982060,999.981596,999.981724,999.981951,999.982380,999.983319,999.984690,999.986401,999.988365,999.990420,999.992492,999.994664,999.996429,999.998019,999.999436,1000.000744,1000.001821,1000.002621,1000.003307,1000.003791,1000.004089,1000.004347,1000.004545,1000.004496,1000.004466,1000.004445,1000.004190,1000.004012,1000.003782,1000.003506,1000.003264,1000.002976,1000.002554,1000.002355,1000.002048,1000.001634,1000.001297,1000.000980,1000.000713,1000.000378,999.999920,999.999633,999.999450,999.999009,999.998729,999.998385,999.998141,999.997888,999.997592,999.997422,999.997117,999.996789,999.996676,999.996564,999.996292,999.996140,999.995976,999.995773,999.995781,999.995588,999.995562,999.995378,999.995469,999.995444,999.995254,0.000000,0.000000,0.000000,0.000000,0.000000,0.000000,0.000000
0.000000,0.000000,0.000000,0.000000,0.000000,0.000000,0.000000,999.994921,999.995289,999.995248,999.995043,999.994735,999.994688,999.994231,999.993803,999.993571,999.993189,999.992729,999.991964,999.991229,999.990607,999.989808,999.988933,999.988105,999.987211,999.986314,999.985288,999.984351,999.983071,999.982446,999.981806,999.980834,999.980228,999.980067,999.979897,999.980467,999.981796,999.983419,999.985503,999.987846,999.990274,999.992839,999.995319,999.997325,999.999312,1000.000948,1000.002076,1000.002966,1000.003934,1000.004572,1000.005117,1000.005404,1000.005666,1000.005605,1000.005631,1000.005555,1000.005465,1000.005270,1000.005068,1000.004712,1000.004355,1000.004049,1000.003675,1000.003183,1000.002832,1000.002552,1000.002181,1000.001795,1000.001456,1000.001083,1000.000729,1000.000412,999.999948,999.999713,999.999322,999.999082,999.998686,999.998386,999.998114,999.997753,999.997516,999.997324,999.997086,999.996746,999.996583,999.996332,999.996152,999.996065,999.995828,999.995799,999.995671,999.995549,999.995352,999.995317,999.995479,999.995370,0.000000,0.000000,0.000000,0.000000,0.000000,0.000000,0.000000
0.000000,0.000000,0.000000,0.000000,0.000000,0.000000,999.995909,999.995493,999.995355,999.995362,999.994896,999.994820,999.994631,999.994020,999.993890,999.993523,999.992895,999.992225,999.991632,999.991062,999.990397,999.989527,999.988682,999.987686,999.986871,999.985873,999.984710,999.983709,999.982560,999.981806,999.980482,999.979109,999.978551,999.978072,999.977889,999.978706,999.979969,999.981592,999.984153,999.987164,999.990282,999.993406,999.996090,999.998413,1000.000551,1000.002462,1000.003704,1000.004763,1000.005606,1000.006026,1000.006404,1000.006698,1000.006895,1000.006918,1000.006876,1000.006752,1000.006416,1000.006189,1000.005859,1000.005496,1000.005125,1000.004700,1000.004462,1000.004066,1000.003573,1000.003192,1000.002774,1000.002331,1000.001969,1000.001582,1000.001116,1000.000772,1000.000345,1000.000038,999.999616,999.999281,999.998954,999.998615,999.998357,999.998023,999.997725,999.997357,999.997239,999.996866,999.996770,999.996574,999.996259,999.996072,999.995915,999.995781,999.995644,999.995704,999.995490,999.995241,999.995363,999.995326,999.995251,0.000000,0.000000,0.000000,0.000000,0.000000,0.000000
0.000000,0.000000,0.000000,0.000000,0.000000,0.000000,999.995246,999.995770,999.995439,999.995134,999.995055,999.994912,999.994451,999.994078,999.993805,999.993275,999.992618,999.992125,999.991662,999.990995,999.990035,999.989197,999.988536,999.987527,999.986588,999.985415,999.984393,999.983307,999.982060,999.980834,999.979109,999.978064,999.977467,999.976151,999.975558,999.975920,999.976953,999.979059,999.982422,999.986305,999.990245,999.994135,999.997672,1000.000460,1000.002389,1000.004000,1000.005258,1000.006380,1000.007039,1000.007513,1000.007884,1000.008081,1000.008128,1000.008141,1000.008064,1000.007856,1000.007572,1000.007288,1000.006855,1000.006523,1000.006165,1000.005539,1000.005123,1000.004797,1000.004203,1000.003837,1000.003316,1000.002814,1000.002425,1000.002001,1000.001609,1000.001198,1000.000727,1000.000426,1000.000072,999.999566,999.999200,999.998836,999.998547,999.998144,999.997978,999.997593,999.997371,999.996996,999.996737,999.996693,999.996387,999.996244,999.996001,999.995788,999.995602,999.995662,999.995534,999.995393,999.995263,999.995313,999.995319,0.000000,0.000000,0.000000,0.000000,0.000000,0.000000
0.000000,0.000000,0.000000,0.000000,0.000000,999.996041,999.995921,999.995711,999.995234,999.995297,999.995131,999.994814,999.994427,999.994100,999.993690,999.993165,999.992641,999.992097,999.991513,999.990724,999.989778,999.989065,999.988345,999.987295,999.986326,999.985289,999.984275,999.982909,999.981596,999.980228,999.978551,999.977467,999.975271,999.972727,999.972021,999.971975,999.972977,999.976132,999.980489,999.985197,999.990499,999.995253,999.999212,1000.002545,1000.004843,1000.006450,1000.007529,1000.008344,1000.008854,1000.009264,1000.009641,1000.009699,1000.009649,1000.009471,1000.009274,1000.008986,1000.008713,1000.008372,1000.007925,1000.007484,1000.007119,1000.006524,1000.005895,1000.005435,1000.004877,1000.004439,1000.004004,1000.003488,1000.003034,1000.002466,1000.002079,1000.001639,1000.001023,1000.000629,1000.000373,999.999922,999.999525,999.999074,999.998784,999.998380,999.998070,999.997769,999.997476,999.997292,999.996830,999.996677,999.996422,999.996283,999.996160,999.995954,999.995642,999.995633,999.995505,999.995410,999.995273,999.995201,999.995374,999.995026,0.000000,0.000000,0.000000,0.000000,0.000000
0.000000,0.000000,0.000000,0.000000,0.000000,999.995673,999.995900,999.995801,999.995575,999.995292,999.995067,999.994908,999.994375,999.993986,999.993502,999.993075,999.992646,999.991994,999.991307,999.990577,999.989830,999.989178,999.988358,999.987343,999.986385,999.985259,999.984209,999.982809,999.981724,999.980067,999.978072,999.976151,999.972727,999.970648,999.969038,999.966870,999.967924,999.971537,999.976892,999.984544,999.992098,999.997942,1000.002395,1000.005402,1000.007458,1000.008877,1000.009794,1000.010418,1000.010794,1000.011051,1000.011170,1000.011118,1000.011069,1000.010962,1000.010686,1000.010338,1000.009945,1000.009493,1000.008999,1000.008382,1000.007898,1000.007472,1000.006870,1000.006251,1000.005750,1000.005093,1000.004522,1000.004030,1000.003599,1000.002944,1000.002492,1000.002123,1000.001582,1000.001020,1000.000614,1000.000185,999.999792,999.999348,999.999029,999.998602,999.998244,999.997943,999.997561,999.997414,999.997159,999.996788,999.996517,999.996303,999.996178,999.995999,999.995791,999.995723,999.995502,999.995512,999.995309,999.995194,999.995249,999.995194,0.000000,0.000000,0.000000,0.000000,0.000000
0.000000,0.000000,0.000000,0.000000,999.996094,999.996043,999.996034,999.995687,999.995515,999.995413,999.995145,999.994761,999.994208,999.994005,999.993683,999.993168,999.992613,999.991805,999.991159,999.990698,999.989997,999.989206,999.988213,999.987380,999.986493,999.985569,999.984488,999.983166,999.981951,999.979897,999.977889,999.975558,999.972021,999.969038,999.963450,999.957801,999.957343,999.961451,999.970231,999.982164,999.993770,1000.002305,1000.007252,1000.009596,1000.010963,1000.011734,1000.012236,1000.012575,1000.012788,1000.012886,1000.012786,1000.012674,1000.012495,1000.012325,1000.011998,1000.011628,1000.011162,1000.010659,1000.010152,1000.009492,1000.008764,1000.008281,1000.007682,1000.007028,1000.006453,1000.005950,1000.005196,1000.004513,1000.004070,1000.003456,1000.002883,1000.002456,1000.001972,1000.001411,1000.000950,1000.000513,1000.000050,999.999594,999.999287,999.998811,999.998404,999.998172,999.997734,999.997364,999.997183,999.996963,999.996739,999.996331,999.996211,999.996084,999.995766,999.995711,999.995508,999.995423,999.995423,999.995239,999.995236,999.995228,999.995140,0.000000,0.000000,0.000000,0.000000
0.000000,0.000000,0.000000,0.000000,999.995722,999.995981,999.995944,999.995645,999.995565,999.995354,999.994982,999.994630,999.994300,999.994169,999.993609,999.992951,999.992523,999.991849,999.991410,999.990834,999.989942,999.989253,999.988471,999.987812,999.986969,999.985981,999.984925,999.983735,999.982380,999.980467,999.978706,999.975920,999.971975,999.966870,999.957801,999.948635,999.948278,999.957189,999.970101,999.985928,1000.001721,1000.010036,1000.012857,1000.014522,1000.014936,1000.015078,1000.015048,1000.014971,1000.014872,1000.014743,1000.014553,1000.014386,1000.014087,1000.013734,1000.013283,1000.012895,1000.012315,1000.011749,1000.011298,1000.010700,1000.009944,1000.009252,1000.008590,1000.007853,1000.007072,1000.006604,1000.006048,1000.005270,1000.004696,1000.004109,1000.003408,1000.002861,1000.002396,1000.001810,1000.001252,1000.000838,1000.000358,999.999822,999.999466,999.999070,999.998570,999.998390,999.997997,999.997590,999.997255,999.996935,999.996834,999.996468,999.996278,999.996209,999.995868,999.995713,999.995559,999.995456,999.995263,999.995277,999.995267,999.995123,999.995298,0.000000,0.000000,0.000000,0.000000
0.000000,0.000000,0.000000,0.000000,999.995761,999.996048,999.996010,999.995716,999.995517,999.995388,999.994982,999.994822,999.994552,999.994047,999.993440,999.992988,999.992568,999.992053,999.991614,999.990799,999.990156,999.989594,999.988905,999.988334,999.987364,999.986481,999.985748,999.984598,999.983319,999.981796,999.979969,999.976953,999.972977,999.967924,999.957343,999.948278,999.955137,999.971194,999.987117,1000.005184,1000.019158,1000.022007,1000.020594,1000.019868,1000.018861,1000.018238,1000.017681,1000.017253,1000.016801,1000.016496,1000.016214,1000.015919,1000.015624,1000.015173,1000.014710,1000.014242,1000.013671,1000.012963,1000.012355,1000.011699,1000.011031,1000.010242,1000.009594,1000.008822,1000.007940,1000.007203,1000.006611,1000.005875,1000.005229,1000.004674,1000.003898,1000.003268,1000.002795,1000.002242,1000.001587,1000.001087,1000.000651,1000.000073,999.999657,999.999323,999.998767,999.998371,999.998068,999.997801,999.997505,999.997092,999.996948,999.996597,999.996278,999.996133,999.995981,999.995871,999.995553,999.995527,999.995471,999.995204,999.995158,999.995178,999.995217,0.000000,0.000000,0.000000,0.000000
