0.000000,0.000000,0.000000,0.000000,0.000000,0.000000,0.000000,0.000000,0.000000,0.000000,0.000000,0.000000,0.000000,0.000000,0.000000,0.000000,0.000000,0.000000,0.000000,0.000000,0.000000,0.000000,0.000000,0.000000,0.000000,0.000000,0.000000,0.000000,0.000000,0.000000,0.000000,0.000000,0.000000,0.000000,0.000000,0.000000,0.000000,0.000000,0.000000,0.000000,0.000000,0.000000,0.000000,0.000000,0.000000,0.000000,0.000000,0.000000,0.000000,0.000000,0.000000,0.000000,0.000000,0.000000,0.000000,0.000000,0.000000,0.000000,0.000000,0.000000,0.000000,0.000000,0.000000,0.000000,0.000000,0.000000,0.000000,0.000000,0.000000,0.000000,0.000000,0.000000,0.000000,0.000000,0.000000,0.000000,0.000000,0.000000,0.000000,0.000000,0.000000,0.000000,0.000000,0.000000,0.000000,0.000000,0.000000,0.000000,0.000000,0.000000,0.000000,0.000000,0.000000,0.000000,0.000000,0.000000,0.000000,0.000000,0.000000,0.000000,0.000000,0.000000,0.000000
0.000000,0.000000,0.000000,0.000000,0.000000,0.000000,0.000000,0.000000,0.000000,0.000000,0.000000,0.000000,0.000000,0.000000,0.000000,0.000000,0.000000,0.000000,0.000000,0.000000,0.000000,0.000000,0.000000,0.000000,0.000000,0.000000,0.000000,0.000000,0.000000,0.000000,0.000000,0.000000,0.000000,0.000000,0.000000,0.000000,0.000000,0.000000,0.000000,0.000000,0.000000,0.000000,0.000000,0.000000,0.000000,0.000000,0.000000,0.000000,0.000000,0.000000,0.000000,1000.000098,0.000000,0.000000,0.000000,0.000000,0.000000,0.000000,0.000000,0.000000,0.000000,0.000000,0.000000,0.000000,0.000000,0.000000,0.000000,0.000000,0.000000,0.000000,0.000000,0.000000,0.000000,0.000000,0.000000,0.000000,0.000000,0.000000,0.000000,0.000000,0.000000,0.000000,0.000000,0.000000,0.000000,0.000000,0.000000,0.000000,0.000000,0.000000,0.000000,0.000000,0.000000,0.000000,0.000000,0.000000,0.000000,0.000000,0.000000,0.000000,0.000000,0.000000,0.000000
0.000000,0.000000,0.000000,0.000000,0.000000,0.000000,0.000000,0.000000,0.000000,0.000000,0.000000,0.000000,0.000000,0.000000,0.000000,0.000000,0.000000,0.000000,0.000000,0.000000,0.000000,0.000000,0.000000,0.000000,0.000000,0.000000,0.000000,0.000000,0.000000,0.000000,0.000000,0.000000,0.000000,0.000000,0.000000,0.000000,0.000000,0.000000,0.000000,0.000000,0.000000,0.000000,1000.000178,1000.000207,1000.000222,1000.000230,1000.000234,1000.000235,1000.000236,1000.000234,1000.000233,1000.000240,1000.000233,1000.000234,1000.000236,1000.000235,1000.000234,1000.000230,1000.000222,1000.000207,1000.000178,0.000000,0.000000,0.000000,0.000000,0.000000,0.000000,0.000000,0.000000,0.000000,0.000000,0.000000,0.000000,0.000000,0.000000,0.000000,0.000000,0.000000,0.000000,0.000000,0.000000,0.000000,0.000000,0.000000,0.000000,0.000000,0.000000,0.000000,0.000000,0.000000,0.000000,0.000000,0.000000,0.000000,0.000000,0.000000,0.000000,0.000000,0.000000,0.000000,0.000000,0.000000,0.000000
0.000000,0.000000,0.000000,0.000000,0.000000,0.000000,0.000000,0.000000,0.000000,0.000000,0.000000,0.000000,0.000000,0.000000,0.000000,0.000000,0.000000,0.000000,0.000000,0.000000,0.000000,0.000000,0.000000,0.000000,0.000000,0.000000,0.000000,0.000000,0.000000,0.000000,0.000000,0.000000,0.000000,0.000000,0.000000,0.000000,0.000000,1000.000172,1000.000214,1000.000248,1000.000276,1000.000298,1000.000319,1000.000338,1000.000352,1000.000362,1000.000368,1000.000370,1000.000371,1000.000372,1000.000371,1000.000373,1000.000371,1000.000372,1000.000371,1000.000370,1000.000368,1000.000362,1000.000352,1000.000338,1000.000319,1000.000298,1000.000276,1000.000248,1000.000214,1000.000172,0.000000,0.000000,0.000000,0.000000,0.000000,0.000000,0.000000,0.000000,0.000000,0.000000,0.000000,0.000000,0.000000,0.000000,0.000000,0.000000,0.000000,0.000000,0.000000,0.000000,0.000000,0.000000,0.000000,0.000000,0.000000,0.000000,0.000000,0.000000,0.000000,0.000000,0.000000,0.000000,0.000000,0.000000,0.000000,0.000000,0.000000
0.000000,0.000000,0.000000,0.000000,0.000000,0.000000,0.000000,0.000000,0.000000,0.000000,0.000000,0.000000,0.000000,0.000000,0.000000,0.000000,0.000000,0.000000,0.000000,0.000000,0.000000,0.000000,0.000000,0.000000,0.000000,0.000000,0.000000,0.000000,0.000000,0.000000,0.000000,0.000000,0.000000,0.000000,1000.000179,1000.000228,1000.000269,1000.000309,1000.000343,1000.000375,1000.000405,1000.000429,1000.000453,1000.000471,1000.000484,1000.000493,1000.000498,1000.000501,1000.000503,1000.000504,1000.000504,1000.000504,1000.000504,1000.000504,1000.000503,1000.000501,1000.000498,1000.000493,1000.000484,1000.000471,1000.000453,1000.000429,1000.000405,1000.000375,1000.000343,1000.000309,1000.000269,1000.000228,1000.000179,0.000000,0.000000,0.000000,0.000000,0.000000,0.000000,0.000000,0.000000,0.000000,0.000000,0.000000,0.000000,0.000000,0.000000,0.000000,0.000000,0.000000,0.000000,0.000000,0.000000,0.000000,0.000000,0.000000,0.000000,0.000000,0.000000,0.000000,0.000000,0.000000,0.000000,0.000000,0.000000,0.000000,0.000000
0.000000,0.000000,0.000000,0.000000,0.000000,0.000000,0.000000,0.000000,0.000000,0.000000,0.000000,0.000000,0.000000,0.000000,0.000000,0.000000,0.000000,0.000000,0.000000,0.000000,0.000000,0.000000,0.000000,0.000000,0.000000,0.000000,0.000000,0.000000,0.000000,0.000000,0.000000,0.000000,1000.000204,1000.000259,1000.000312,1000.000356,1000.000396,1000.000435,1000.000471,1000.000502,1000.000531,1000.000558,1000.000583,1000.000601,1000.000613,1000.000620,1000.000624,1000.000626,1000.000627,1000.000628,1000.000628,1000.000628,1000.000628,1000.000628,1000.000627,1000.000626,1000.000624,1000.000620,1000.000613,1000.000601,1000.000583,1000.000558,1000.000531,1000.000502,1000.000471,1000.000435,1000.000396,1000.000356,1000.000312,1000.000259,1000.000204,0.000000,0.000000,0.000000,0.000000,0.000000,0.000000,0.000000,0.000000,0.000000,0.000000,0.000000,0.000000,0.000000,0.000000,0.000000,0.000000,0.000000,0.000000,0.000000,0.000000,0.000000,0.000000,0.000000,0.000000,0.000000,0.000000,0.000000,0.000000,0.000000,0.000000,0.000000,0.000000
0.000000,0.000000,0.000000,0.000000,0.000000,0.000000,0.000000,0.000000,0.000000,0.000000,0.000000,0.000000,0.000000,0.000000,0.000000,0.000000,0.000000,0.000000,0.000000,0.000000,0.000000,0.000000,0.000000,0.000000,0.000000,0.000000,0.000000,0.000000,0.000000,0.000000,1000.000214,1000.000275,1000.000335,1000.000386,1000.000434,1000.000479,1000.000522,1000.000562,1000.000596,1000.000625,1000.000650,1000.000673,1000.000692,1000.000705,1000.000712,1000.000716,1000.000718,1000.000718,1000.000719,1000.000719,1000.000719,1000.000719,1000.000719,1000.000719,1000.000719,1000.000718,1000.000718,1000.000716,1000.000712,1000.000705,1000.000692,1000.000673,1000.000650,1000.000625,1000.000596,1000.000562,1000.000522,1000.000479,1000.000434,1000.000386,1000.000335,1000.000275,1000.000214,0.000000,0.000000,0.000000,0.000000,0.000000,0.000000,0.000000,0.000000,0.000000,0.000000,0.000000,0.000000,0.000000,0.000000,0.000000,0.000000,0.000000,0.000000,0.000000,0.000000,0.000000,0.000000,0.000000,0.000000,0.000000,0.000000,0.000000,0.000000,0.000000,0.000000
0.000000,0.000000,0.000000,0.000000,0.000000,0.000000,0.000000,0.000000,0.000000,0.000000,0.000000,0.000000,0.000000,0.000000,0.000000,0.000000,0.000000,0.000000,0.000000,0.000000,0.000000,0.000000,0.000000,0.000000,0.000000,0.000000,0.000000,0.000000,1000.000213,1000.000279,1000.000343,1000.000399,1000.000454,1000.000507,1000.000557,1000.000602,1000.000641,1000.000674,1000.000701,1000.000719,1000.000732,1000.000740,1000.000742,1000.000741,1000.000739,1000.000738,1000.000737,1000.000736,1000.000735,1000.000735,1000.000734,1000.000734,1000.000734,1000.000735,1000.000735,1000.000736,1000.000737,1000.000738,1000.000739,1000.000741,1000.000742,1000.000740,1000.000732,1000.000719,1000.000701,1000.000674,1000.000641,1000.000602,1000.000557,1000.000507,1000.000454,1000.000399,1000.000343,1000.000279,1000.000213,0.000000,0.000000,0.000000,0.000000,0.000000,0.000000,0.000000,0.000000,0.000000,0.000000,0.000000,0.000000,0.000000,0.000000,0.000000,0.000000,0.000000,0.000000,0.000000,0.000000,0.000000,0.000000,0.000000,0.000000,0.000000,0.000000,0.000000,0.000000
0.000000,0.000000,0.000000,0.000000,0.000000,0.000000,0.000000,0.000000,0.000000,0.000000,0.000000,0.000000,0.000000,0.000000,0.000000,0.000000,0.000000,0.000000,0.000000,0.000000,0.000000,0.000000,0.000000,0.000000,0.000000,0.000000,1000.000202,1000.000273,1000.000341,1000.000401,1000.000460,1000.000517,1000.000573,1000.000625,1000.000669,1000.000704,1000.000727,1000.000742,1000.000748,1000.000747,1000.000742,1000.000733,1000.000718,1000.000705,1000.000695,1000.000689,1000.000685,1000.000683,1000.000681,1000.000679,1000.000679,1000.000678,1000.000679,1000.000679,1000.000681,1000.000683,1000.000685,1000.000689,1000.000695,1000.000705,1000.000718,1000.000733,1000.000742,1000.000747,1000.000748,1000.000742,1000.000727,1000.000704,1000.000669,1000.000625,1000.000573,1000.000517,1000.000460,1000.000401,1000.000341,1000.000273,1000.000202,0.000000,0.000000,0.000000,0.000000,0.000000,0.000000,0.000000,0.000000,0.000000,0.000000,0.000000,0.000000,0.000000,0.000000,0.000000,0.000000,0.000000,0.000000,0.000000,0.000000,0.000000,0.000000,0.000000,0.000000,0.000000,0.000000
0.000000,0.000000,0.000000,0.000000,0.000000,0.000000,0.000000,0.000000,0.000000,0.000000,0.000000,0.000000,0.000000,0.000000,0.000000,0.000000,0.000000,0.000000,0.000000,0.000000,0.000000,0.000000,0.000000,0.000000,1000.000174,1000.000252,1000.000327,1000.000392,1000.000456,1000.000517,1000.000577,1000.000632,1000.000679,1000.000716,1000.000740,1000.000749,1000.000747,1000.000738,1000.000723,1000.000706,1000.000689,1000.000671,1000.000652,1000.000635,1000.000622,1000.000614,1000.000608,1000.000604,1000.000601,1000.000599,1000.000598,1000.000597,1000.000598,1000.000599,1000.000601,1000.000604,1000.000608,1000.000614,1000.000622,1000.000635,1000.000652,1000.000671,1000.000689,1000.000706,1000.000723,1000.000738,1000.000747,1000.000749,1000.000740,1000.000716,1000.000679,1000.000632,1000.000577,1000.000517,1000.000456,1000.000392,1000.000327,1000.000252,1000.000174,0.000000,0.000000,0.000000,0.000000,0.000000,0.000000,0.000000,0.000000,0.000000,0.000000,0.000000,0.000000,0.000000,0.000000,0.000000,0.000000,0.000000,0.000000,0.000000,0.000000,0.000000,0.000000,0.000000,0.000000
0.000000,0.000000,0.000000,0.000000,0.000000,0.000000,0.000000,0.000000,0.000000,0.000000,0.000000,0.000000,0.000000,0.000000,0.000000,0.000000,0.000000,0.000000,0.000000,0.000000,0.000000,0.000000,0.000000,1000.000210,1000.000295,1000.000368,1000.000439,1000.000506,1000.000571,1000.000630,1000.000680,1000.000719,1000.000743,1000.000751,1000.000744,1000.000726,1000.000704,1000.000681,1000.000657,1000.000634,1000.000613,1000.000595,1000.000577,1000.000561,1000.000548,1000.000539,1000.000531,1000.000526,1000.000522,1000.000519,1000.000517,1000.000517,1000.000517,1000.000519,1000.000522,1000.000526,1000.000531,1000.000539,1000.000548,1000.000561,1000.000577,1000.000595,1000.000613,1000.000634,1000.000657,1000.000681,1000.000704,1000.000726,1000.000744,1000.000751,1000.000743,1000.000719,1000.000680,1000.000630,1000.000571,1000.000506,1000.000439,1000.000368,1000.000295,1000.000210,0.000000,0.000000,0.000000,0.000000,0.000000,0.000000,0.000000,0.000000,0.000000,0.000000,0.000000,0.000000,0.000000,0.000000,0.000000,0.000000,0.000000,0.000000,0.000000,0.000000,0.000000,0.000000,0.000000
0.000000,0.000000,0.000000,0.000000,0.000000,0.000000,0.000000,0.000000,0.000000,0.000000,0.000000,0.000000,0.000000,0.000000,0.000000,0.000000,0.000000,0.000000,0.000000,0.000000,0.000000,1000.000155,1000.000243,1000.000328,1000.000404,1000.000478,1000.000552,1000.000619,1000.000675,1000.000717,1000.000743,1000.000751,1000.000743,1000.000722,1000.000694,1000.000663,1000.000634,1000.000607,1000.000583,1000.000559,1000.000539,1000.000520,1000.000503,1000.000488,1000.000475,1000.000465,1000.000456,1000.000450,1000.000445,1000.000442,1000.000440,1000.000440,1000.000440,1000.000442,1000.000445,1000.000450,1000.000456,1000.000465,1000.000475,1000.000488,1000.000503,1000.000520,1000.000539,1000.000559,1000.000583,1000.000607,1000.000634,1000.000663,1000.000694,1000.000722,1000.000743,1000.000751,1000.000743,1000.000717,1000.000675,1000.000619,1000.000552,1000.000478,1000.000404,1000.000328,1000.000243,1000.000155,0.000000,0.000000,0.000000,0.000000,0.000000,0.000000,0.000000,0.000000,0.000000,0.000000,0.000000,0.000000,0.000000,0.000000,0.000000,0.000000,0.000000,0.000000,0.000000,0.000000,0.000000
0.000000,0.000000,0.000000,0.000000,0.000000,0.000000,0.000000,0.000000,0.000000,0.000000,0.000000,0.000000,0.000000,0.000000,0.000000,0.000000,0.000000,0.000000,0.000000,0.000000,1000.000180,1000.000273,1000.000353,1000.000432,1000.000510,1000.000587,1000.000656,1000.000708,1000.000739,1000.000750,1000.000743,1000.000722,1000.000692,1000.000658,1000.000623,1000.000591,1000.000561,1000.000535,1000.000511,1000.000488,1000.000467,1000.000448,1000.000431,1000.000416,1000.000403,1000.000392,1000.000383,1000.000377,1000.000371,1000.000368,1000.000366,1000.000365,1000.000366,1000.000368,1000.000371,1000.000377,1000.000383,1000.000392,1000.000403,1000.000416,1000.000431,1000.000448,1000.000467,1000.000488,1000.000511,1000.000535,1000.000561,1000.000591,1000.000623,1000.000658,1000.000692,1000.000722,1000.000743,1000.000750,1000.000739,1000.000708,1000.000656,1000.000587,1000.000510,1000.000432,1000.000353,1000.000273,1000.000180,0.000000,0.000000,0.000000,0.000000,0.000000,0.000000,0.000000,0.000000,0.000000,0.000000,0.000000,0.000000,0.000000,0.000000,0.000000,0.000000,0.000000,0.000000,0.000000,0.000000
0.000000,0.000000,0.000000,0.000000,0.000000,0.000000,0.000000,0.000000,0.000000,0.000000,0.000000,0.000000,0.000000,0.000000,0.000000,0.000000,0.000000,0.000000,0.000000,1000.000201,1000.000296,1000.000378,1000.000457,1000.000537,1000.000613,1000.000680,1000.000727,1000.000748,1000.000744,1000.000723,1000.000693,1000.000657,1000.000620,1000.000585,1000.000552,1000.000521,1000.000492,1000.000465,1000.000440,1000.000417,1000.000396,1000.000377,1000.000360,1000.000345,1000.000332,1000.000321,1000.000312,1000.000305,1000.000299,1000.000296,1000.000293,1000.000293,1000.000293,1000.000296,1000.000299,1000.000305,1000.000312,1000.000321,1000.000332,1000.000345,1000.000360,1000.000377,1000.000396,1000.000417,1000.000440,1000.000465,1000.000492,1000.000521,1000.000552,1000.000585,1000.000620,1000.000657,1000.000693,1000.000723,1000.000744,1000.000748,1000.000727,1000.000680,1000.000613,1000.000537,1000.000457,1000.000378,1000.000296,1000.000201,0.000000,0.000000,0.000000,0.000000,0.000000,0.000000,0.000000,0.000000,0.000000,0.000000,0.000000,0.000000,0.000000,0.000000,0.000000,0.000000,0.000000,0.000000,0.000000
0.000000,0.000000,0.000000,0.000000,0.000000,0.000000,0.000000,0.000000,0.000000,0.000000,0.000000,0.000000,0.000000,0.000000,0.000000,0.000000,0.000000,0.000000,1000.000214,1000.000312,1000.000398,1000.000481,1000.000563,1000.000636,1000.000697,1000.000738,1000.000749,1000.000731,1000.000700,1000.000662,1000.000623,1000.000586,1000.000550,1000.000516,1000.000483,1000.000453,1000.000423,1000.000396,1000.000371,1000.000349,1000.000328,1000.000309,1000.000292,1000.000277,1000.000263,1000.000252,1000.000243,1000.000235,1000.000230,1000.000225,1000.000223,1000.000222,1000.000223,1000.000225,1000.000230,1000.000235,1000.000243,1000.000252,1000.000263,1000.000277,1000.000292,1000.000309,1000.000328,1000.000349,1000.000371,1000.000396,1000.000423,1000.000453,1000.000483,1000.000516,1000.000550,1000.000586,1000.000623,1000.000662,1000.000700,1000.000731,1000.000749,1000.000738,1000.000697,1000.000636,1000.000563,1000.000481,1000.000398,1000.000312,1000.000214,0.000000,0.000000,0.000000,0.000000,0.000000,0.000000,0.000000,0.000000,0.000000,0.000000,0.000000,0.000000,0.000000,0.000000,0.000000,0.000000,0.000000,0.000000
0.000000,0.000000,0.000000,0.000000,0.000000,0.000000,0.000000,0.000000,0.000000,0.000000,0.000000,0.000000,0.000000,0.000000,0.000000,0.000000,0.000000,1000.000220,1000.000322,1000.000411,1000.000499,1000.000585,1000.000659,1000.000715,1000.000746,1000.000748,1000.000722,1000.000681,1000.000636,1000.000594,1000.000555,1000.000518,1000.000483,1000.000449,1000.000416,1000.000385,1000.000356,1000.000330,1000.000305,1000.000282,1000.000261,1000.000242,1000.000225,1000.000209,1000.000196,1000.000185,1000.000175,1000.000168,1000.000162,1000.000157,1000.000155,1000.000154,1000.000155,1000.000157,1000.000162,1000.000168,1000.000175,1000.000185,1000.000196,1000.000209,1000.000225,1000.000242,1000.000261,1000.000282,1000.000305,1000.000330,1000.000356,1000.000385,1000.000416,1000.000449,1000.000483,1000.000518,1000.000555,1000.000594,1000.000636,1000.000681,1000.000722,1000.000748,1000.000746,1000.000715,1000.000659,1000.000585,1000.000499,1000.000411,1000.000322,1000.000220,0.000000,0.000000,0.000000,0.000000,0.000000,0.000000,0.000000,0.000000,0.000000,0.000000,0.000000,0.000000,0.000000,0.000000,0.000000,0.000000,0.000000
0.000000,0.000000,0.000000,0.000000,0.000000,0.000000,0.000000,0.000000,0.000000,0.000000,0.000000,0.000000,0.000000,0.000000,0.000000,0.000000,1000.000222,1000.000326,1000.000418,1000.000508,1000.000597,1000.000674,1000.000727,1000.000748,1000.000740,1000.000710,1000.000666,1000.000618,1000.000571,1000.000530,1000.000491,1000.000453,1000.000417,1000.000383,1000.000350,1000.000320,1000.000291,1000.000265,1000.000240,1000.000217,1000.000196,1000.000177,1000.000160,1000.000144,1000.000131,1000.000119,1000.000110,1000.000102,1000.000096,1000.000091,1000.000089,1000.000088,1000.000089,1000.000091,1000.000096,1000.000102,1000.000110,1000.000119,1000.000131,1000.000144,1000.000160,1000.000177,1000.000196,1000.000217,1000.000240,1000.000265,1000.000291,1000.000320,1000.000350,1000.000383,1000.000417,1000.000453,1000.000491,1000.000530,1000.000571,1000.000618,1000.000666,1000.000710,1000.000740,1000.000748,1000.000727,1000.000674,1000.000597,1000.000508,1000.000418,1000.000326,1000.000222,0.000000,0.000000,0.000000,0.000000,0.000000,0.000000,0.000000,0.000000,0.000000,0.000000,0.000000,0.000000,0.000000,0.000000,0.000000,0.000000
0.000000,0.000000,0.000000,0.000000,0.000000,0.000000,0.000000,0.000000,0.000000,0.000000,0.000000,0.000000,0.000000,0.000000,0.000000,1000.000220,1000.000326,1000.000420,1000.000512,1000.000602,1000.000680,1000.000733,1000.000749,1000.000730,1000.000694,1000.000649,1000.000601,1000.000553,1000.000509,1000.000468,1000.000428,1000.000389,1000.000354,1000.000319,1000.000287,1000.000257,1000.000228,1000.000201,1000.000176,1000.000153,1000.000132,1000.000113,1000.000096,1000.000081,1000.000067,1000.000056,1000.000046,1000.000038,1000.000032,1000.000027,1000.000025,1000.000024,1000.000025,1000.000027,1000.000032,1000.000038,1000.000046,1000.000056,1000.000067,1000.000081,1000.000096,1000.000113,1000.000132,1000.000153,1000.000176,1000.000201,1000.000228,1000.000257,1000.000287,1000.000319,1000.000354,1000.000389,1000.000428,1000.000468,1000.000509,1000.000553,1000.000601,1000.000649,1000.000694,1000.000730,1000.000749,1000.000733,1000.000680,1000.000602,1000.000512,1000.000420,1000.000326,1000.000220,0.000000,0.000000,0.000000,0.000000,0.000000,0.000000,0.000000,0.000000,0.000000,0.000000,0.000000,0.000000,0.000000,0.000000,0.000000
0.000000,0.000000,0.000000,0.000000,0.000000,0.000000,0.000000,0.000000,0.000000,0.000000,0.000000,0.000000,0.000000,0.000000,1000.000214,1000.000322,1000.000418,1000.000512,1000.000604,1000.000683,1000.000736,1000.000749,1000.000725,1000.000682,1000.000633,1000.000584,1000.000537,1000.000492,1000.000448,1000.000406,1000.000366,1000.000328,1000.000292,1000.000258,1000.000226,1000.000195,1000.000166,1000.000140,1000.000115,1000.000092,1000.000071,1000.000052,1000.000034,1000.000019,1000.000005,999.999994,999.999984,999.999976,999.999970,999.999965,999.999963,999.999962,999.999963,999.999965,999.999970,999.999976,999.999984,999.999994,1000.000005,1000.000019,1000.000034,1000.000052,1000.000071,1000.000092,1000.000115,1000.000140,1000.000166,1000.000195,1000.000226,1000.000258,1000.000292,1000.000328,1000.000366,1000.000406,1000.000448,1000.000492,1000.000537,1000.000584,1000.000633,1000.000682,1000.000725,1000.000749,1000.000736,1000.000683,1000.000604,1000.000512,1000.000418,1000.000322,1000.000214,0.000000,0.000000,0.000000,0.000000,0.000000,0.000000,0.000000,0.000000,0.000000,0.000000,0.000000,0.000000,0.000000,0.000000
0.000000,0.000000,0.000000,0.000000,0.000000,0.000000,0.000000,0.000000,0.000000,0.000000,0.000000,0.000000,0.000000,1000.000201,1000.000312,1000.000411,1000.000508,1000.000602,1000.000683,1000.000737,1000.000749,1000.000724,1000.000677,1000.000623,1000.000571,1000.000523,1000.000477,1000.000432,1000.000388,1000.000346,1000.000306,1000.000268,1000.000232,1000.000198,1000.000166,1000.000135,1000.000107,1000.000080,1000.000055,1000.000032,1000.000011,999.999992,999.999975,999.999959,999.999946,999.999934,999.999924,999.999916,999.999910,999.999905,999.999902,999.999902,999.999902,999.999905,999.999910,999.999916,999.999924,999.999934,999.999946,999.999959,999.999975,999.999992,1000.000011,1000.000032,1000.000055,1000.000080,1000.000107,1000.000135,1000.000166,1000.000198,1000.000232,1000.000268,1000.000306,1000.000346,1000.000388,1000.000432,1000.000477,1000.000523,1000.000571,1000.000623,1000.000677,1000.000724,1000.000749,1000.000737,1000.000683,1000.000602,1000.000508,1000.000411,1000.000312,1000.000201,0.000000,0.000000,0.000000,0.000000,0.000000,0.000000,0.000000,0.000000,0.000000,0.000000,0.000000,0.000000,0.000000
0.000000,0.000000,0.000000,0.000000,0.000000,0.000000,0.000000,0.000000,0.000000,0.000000,0.000000,0.000000,1000.000180,1000.000296,1000.000398,1000.000499,1000.000597,1000.000680,1000.000736,1000.000749,1000.000723,1000.000675,1000.000619,1000.000564,1000.000514,1000.000466,1000.000419,1000.000373,1000.000330,1000.000288,1000.000248,1000.000210,1000.000174,1000.000140,1000.000108,1000.000077,1000.000049,1000.000022,999.999997,999.999974,999.999953,999.999934,999.999917,999.999901,999.999887,999.999876,999.999866,999.999858,999.999851,999.999847,999.999844,999.999843,999.999844,999.999847,999.999851,999.999858,999.999866,999.999876,999.999887,999.999901,999.999917,999.999934,999.999953,999.999974,999.999997,1000.000022,1000.000049,1000.000077,1000.000108,1000.000140,1000.000174,1000.000210,1000.000248,1000.000288,1000.000330,1000.000373,1000.000419,1000.000466,1000.000514,1000.000564,1000.000619,1000.000675,1000.000723,1000.000749,1000.000736,1000.000680,1000.000597,1000.000499,1000.000398,1000.000296,1000.000180,0.000000,0.000000,0.000000,0.000000,0.000000,0.000000,0.000000,0.000000,0.000000,0.000000,0.000000,0.000000
0.000000,0.000000,0.000000,0.000000,0.000000,0.000000,0.000000,0.000000,0.000000,0.000000,0.000000,1000.000155,1000.000273,1000.000378,1000.000481,1000.000585,1000.000674,1000.000733,1000.000749,1000.000724,1000.000675,1000.000618,1000.000561,1000.000509,1000.000459,1000.000409,1000.000362,1000.000317,1000.000274,1000.000232,1000.000192,1000.000154,1000.000118,1000.000084,1000.000052,1000.000021,999.999993,999.999966,999.999941,999.999918,999.999897,999.999878,999.999860,999.999845,999.999831,999.999819,999.999809,999.999801,999.999795,999.999790,999.999788,999.999787,999.999788,999.999790,999.999795,999.999801,999.999809,999.999819,999.999831,999.999845,999.999860,999.999878,999.999897,999.999918,999.999941,999.999966,999.999993,1000.000021,1000.000052,1000.000084,1000.000118,1000.000154,1000.000192,1000.000232,1000.000274,1000.000317,1000.000362,1000.000409,1000.000459,1000.000509,1000.000561,1000.000618,1000.000675,1000.000724,1000.000749,1000.000733,1000.000674,1000.000585,1000.000481,1000.000378,1000.000273,1000.000155,0.000000,0.000000,0.000000,0.000000,0.000000,0.000000,0.000000,0.000000,0.000000,0.000000,0.000000
0.000000,0.000000,0.000000,0.000000,0.000000,0.000000,0.000000,0.000000,0.000000,0.000000,0.000000,1000.000243,1000.000353,1000.000457,1000.000563,1000.000659,1000.000727,1000.000749,1000.000725,1000.000677,1000.000619,1000.000561,1000.000507,1000.000455,1000.000404,1000.000355,1000.000308,1000.000263,1000.000219,1000.000177,1000.000138,1000.000100,1000.000064,1000.000030,999.999997,999.999967,999.999938,999.999912,999.999887,999.999864,999.999843,999.999823,999.999806,999.999790,999.999777,999.999765,999.999755,999.999747,999.999740,999.999736,999.999733,999.999732,999.999733,999.999736,999.999740,999.999747,999.999755,999.999765,999.999777,999.999790,999.999806,999.999823,999.999843,999.999864,999.999887,999.999912,999.999938,999.999967,999.999997,1000.000030,1000.000064,1000.000100,1000.000138,1000.000177,1000.000219,1000.000263,1000.000308,1000.000355,1000.000404,1000.000455,1000.000507,1000.000561,1000.000619,1000.000677,1000.000725,1000.000749,1000.000727,1000.000659,1000.000563,1000.000457,1000.000353,1000.000243,0.000000,0.000000,0.000000,0.000000,0.000000,0.000000,0.000000,0.000000,0.000000,0.000000,0.000000
0.000000,0.000000,0.000000,0.000000,0.000000,0.000000,0.000000,0.000000,0.000000,0.000000,1000.000210,1000.000328,1000.000432,1000.000537,1000.000636,1000.000715,1000.000748,1000.000730,1000.000682,1000.000623,1000.000564,1000.000509,1000.000455,1000.000402,1000.000351,1000.000302,1000.000255,1000.000210,1000.000166,1000.000125,1000.000085,1000.000047,1000.000011,999.999977,999.999945,999.999915,999.999886,999.999859,999.999834,999.999811,999.999790,999.999771,999.999754,999.999738,999.999724,999.999712,999.999702,999.999694,999.999688,999.999683,999.999680,999.999680,999.999680,999.999683,999.999688,999.999694,999.999702,999.999712,999.999724,999.999738,999.999754,999.999771,999.999790,999.999811,999.999834,999.999859,999.999886,999.999915,999.999945,999.999977,1000.000011,1000.000047,1000.000085,1000.000125,1000.000166,1000.000210,1000.000255,1000.000302,1000.000351,1000.000402,1000.000455,1000.000509,1000.000564,1000.000623,1000.000682,1000.000730,1000.000748,1000.000715,1000.000636,1000.000537,1000.000432,1000.000328,1000.000210,0.000000,0.000000,0.000000,0.000000,0.000000,0.000000,0.000000,0.000000,0.000000,0.000000
0.000000,0.000000,0.000000,0.000000,0.000000,0.000000,0.000000,0.000000,0.000000,1000.000174,1000.000295,1000.000404,1000.000510,1000.000613,1000.000697,1000.000746,1000.000740,1000.000694,1000.000633,1000.000571,1000.000514,1000.000459,1000.000404,1000.000351,1000.000301,1000.000252,1000.000204,1000.000159,1000.000116,1000.000074,1000.000035,999.999997,999.999961,999.999927,999.999894,999.999864,999.999835,999.999809,999.999784,999.999761,999.999740,999.999720,999.999703,999.999687,999.999673,999.999662,999.999652,999.999643,999.999637,999.999632,999.999630,999.999629,999.999630,999.999632,999.999637,999.999643,999.999652,999.999662,999.999673,999.999687,999.999703,999.999720,999.999740,999.999761,999.999784,999.999809,999.999835,999.999864,999.999894,999.999927,999.999961,999.999997,1000.000035,1000.000074,1000.000116,1000.000159,1000.000204,1000.000252,1000.000301,1000.000351,1000.000404,1000.000459,1000.000514,1000.000571,1000.000633,1000.000694,1000.000740,1000.000746,1000.000697,1000.000613,1000.000510,1000.000404,1000.000295,1000.000174,0.000000,0.000000,0.000000,0.000000,0.000000,0.000000,0.000000,0.000000,0.000000
0.000000,0.000000,0.000000,0.000000,0.000000,0.000000,0.000000,0.000000,0.000000,1000.000252,1000.000368,1000.000478,1000.000587,1000.000680,1000.000738,1000.000748,1000.000710,1000.000649,1000.000584,1000.000523,1000.000466,1000.000409,1000.000355,1000.000302,1000.000252,1000.000203,1000.000155,1000.000110,1000.000067,1000.000025,999.999986,999.999948,999.999912,999.999878,999.999845,999.999815,999.999786,999.999760,999.999735,999.999712,999.999691,999.999671,999.999654,999.999638,999.999625,999.999613,999.999603,999.999594,999.999588,999.999583,999.999581,999.999580,999.999581,999.999583,999.999588,999.999594,999.999603,999.999613,999.999625,999.999638,999.999654,999.999671,999.999691,999.999712,999.999735,999.999760,999.999786,999.999815,999.999845,999.999878,999.999912,999.999948,999.999986,1000.000025,1000.000067,1000.000110,1000.000155,1000.000203,1000.000252,1000.000302,1000.000355,1000.000409,1000.000466,1000.000523,1000.000584,1000.000649,1000.000710,1000.000748,1000.000738,1000.000680,1000.000587,1000.000478,1000.000368,1000.000252,0.000000,0.000000,0.000000,0.000000,0.000000,0.000000,0.000000,0.000000,0.000000
0.000000,0.000000,0.000000,0.000000,0.000000,0.000000,0.000000,0.000000,1000.000202,1000.000327,1000.000439,1000.000552,1000.000656,1000.000727,1000.000749,1000.000722,1000.000666,1000.000601,1000.000537,1000.000477,1000.000419,1000.000362,1000.000308,1000.000255,1000.000204,1000.000155,1000.000109,1000.000063,1000.000020,999.999978,999.999939,999.999901,999.999865,999.999831,999.999799,999.999768,999.999740,999.999713,999.999688,999.999665,999.999644,999.999624,999.999607,999.999591,999.999578,999.999566,999.999556,999.999547,999.999541,999.999536,999.999534,999.999533,999.999534,999.999536,999.999541,999.999547,999.999556,999.999566,999.999578,999.999591,999.999607,999.999624,999.999644,999.999665,999.999688,999.999713,999.999740,999.999768,999.999799,999.999831,999.999865,999.999901,999.999939,999.999978,1000.000020,1000.000063,1000.000109,1000.000155,1000.000204,1000.000255,1000.000308,1000.000362,1000.000419,1000.000477,1000.000537,1000.000601,1000.000666,1000.000722,1000.000749,1000.000727,1000.000656,1000.000552,1000.000439,1000.000327,1000.000202,0.000000,0.000000,0.000000,0.000000,0.000000,0.000000,0.000000,0.000000
0.000000,0.000000,0.000000,0.000000,0.000000,0.000000,0.000000,0.000000,1000.000273,1000.000392,1000.000506,1000.000619,1000.000708,1000.000748,1000.000731,1000.000681,1000.000618,1000.000553,1000.000492,1000.000432,1000.000373,1000.000317,1000.000263,1000.000210,1000.000159,1000.000110,1000.000063,1000.000018,999.999975,999.999933,999.999894,999.999856,999.999820,999.999786,999.999753,999.999723,999.999694,999.999668,999.999643,999.999620,999.999599,999.999579,999.999562,999.999546,999.999532,999.999520,999.999510,999.999502,999.999496,999.999491,999.999488,999.999487,999.999488,999.999491,999.999496,999.999502,999.999510,999.999520,999.999532,999.999546,999.999562,999.999579,999.999599,999.999620,999.999643,999.999668,999.999694,999.999723,999.999753,999.999786,999.999820,999.999856,999.999894,999.999933,999.999975,1000.000018,1000.000063,1000.000110,1000.000159,1000.000210,1000.000263,1000.000317,1000.000373,1000.000432,1000.000492,1000.000553,1000.000618,1000.000681,1000.000731,1000.000748,1000.000708,1000.000619,1000.000506,1000.000392,1000.000273,0.000000,0.000000,0.000000,0.000000,0.000000,0.000000,0.000000,0.000000
0.000000,0.000000,0.000000,0.000000,0.000000,0.000000,0.000000,1000.000213,1000.000341,1000.000456,1000.000571,1000.000675,1000.000739,1000.000744,1000.000700,1000.000636,1000.000571,1000.000509,1000.000448,1000.000388,1000.000330,1000.000274,1000.000219,1000.000166,1000.000116,1000.000067,1000.000020,999.999975,999.999931,999.999890,999.999850,999.999812,999.999776,999.999742,999.999710,999.999680,999.999651,999.999624,999.999599,999.999576,999.999555,999.999536,999.999518,999.999503,999.999489,999.999477,999.999467,999.999459,999.999452,999.999448,999.999445,999.999444,999.999445,999.999448,999.999452,999.999459,999.999467,999.999477,999.999489,999.999503,999.999518,999.999536,999.999555,999.999576,999.999599,999.999624,999.999651,999.999680,999.999710,999.999742,999.999776,999.999812,999.999850,999.999890,999.999931,999.999975,1000.000020,1000.000067,1000.000116,1000.000166,1000.000219,1000.000274,1000.000330,1000.000388,1000.000448,1000.000509,1000.000571,1000.000636,1000.000700,1000.000744,1000.000739,1000.000675,1000.000571,1000.000456,1000.000341,1000.000213,0.000000,0.000000,0.000000,0.000000,0.000000,0.000000,0.000000
0.000000,0.000000,0.000000,0.000000,0.000000,0.000000,0.000000,1000.000279,1000.000401,1000.000517,1000.000630,1000.000717,1000.000750,1000.000723,1000.000662,1000.000594,1000.000530,1000.000468,1000.000406,1000.000346,1000.000288,1000.000232,1000.000177,1000.000125,1000.000074,1000.000025,999.999978,999.999933,999.999890,999.999848,999.999809,999.999771,999.999735,999.999701,999.999669,999.999638,999.999610,999.999583,999.999558,999.999535,999.999514,999.999494,999.999477,999.999461,999.999448,999.999436,999.999425,999.999417,999.999411,999.999406,999.999403,999.999403,999.999403,999.999406,999.999411,999.999417,999.999425,999.999436,999.999448,999.999461,999.999477,999.999494,999.999514,999.999535,999.999558,999.999583,999.999610,999.999638,999.999669,999.999701,999.999735,999.999771,999.999809,999.999848,999.999890,999.999933,999.999978,1000.000025,1000.000074,1000.000125,1000.000177,1000.000232,1000.000288,1000.000346,1000.000406,1000.000468,1000.000530,1000.000594,1000.000662,1000.000723,1000.000750,1000.000717,1000.000630,1000.000517,1000.000401,1000.000279,0.000000,0.000000,0.000000,0.000000,0.000000,0.000000,0.000000
0.000000,0.000000,0.000000,0.000000,0.000000,0.000000,1000.000214,1000.000343,1000.000460,1000.000577,1000.000680,1000.000743,1000.000743,1000.000693,1000.000623,1000.000555,1000.000491,1000.000428,1000.000366,1000.000306,1000.000248,1000.000192,1000.000138,1000.000085,1000.000035,999.999986,999.999939,999.999894,999.999850,999.999809,999.999769,999.999731,999.999695,999.999661,999.999629,999.999599,999.999570,999.999543,999.999518,999.999495,999.999474,999.999455,999.999437,999.999422,999.999408,999.999396,999.999386,999.999378,999.999371,999.999367,999.999364,999.999363,999.999364,999.999367,999.999371,999.999378,999.999386,999.999396,999.999408,999.999422,999.999437,999.999455,999.999474,999.999495,999.999518,999.999543,999.999570,999.999599,999.999629,999.999661,999.999695,999.999731,999.999769,999.999809,999.999850,999.999894,999.999939,999.999986,1000.000035,1000.000085,1000.000138,1000.000192,1000.000248,1000.000306,1000.000366,1000.000428,1000.000491,1000.000555,1000.000623,1000.000693,1000.000743,1000.000743,1000.000680,1000.000577,1000.000460,1000.000343,1000.000214,0.000000,0.000000,0.000000,0.000000,0.000000,0.000000
0.000000,0.000000,0.000000,0.000000,0.000000,0.000000,1000.000275,1000.000399,1000.000517,1000.000632,1000.000719,1000.000751,1000.000722,1000.000657,1000.000586,1000.000518,1000.000453,1000.000389,1000.000328,1000.000268,1000.000210,1000.000154,1000.000100,1000.000047,999.999997,999.999948,999.999901,999.999856,999.999812,999.999771,999.999731,999.999693,999.999658,999.999623,999.999591,999.999561,999.999532,999.999505,999.999481,999.999458,999.999436,999.999417,999.999400,999.999384,999.999370,999.999358,999.999348,999.999340,999.999333,999.999329,999.999326,999.999325,999.999326,999.999329,999.999333,999.999340,999.999348,999.999358,999.999370,999.999384,999.999400,999.999417,999.999436,999.999458,999.999481,999.999505,999.999532,999.999561,999.999591,999.999623,999.999658,999.999693,999.999731,999.999771,999.999812,999.999856,999.999901,999.999948,999.999997,1000.000047,1000.000100,1000.000154,1000.000210,1000.000268,1000.000328,1000.000389,1000.000453,1000.000518,1000.000586,1000.000657,1000.000722,1000.000751,1000.000719,1000.000632,1000.000517,1000.000399,1000.000275,0.000000,0.000000,0.000000,0.000000,0.000000,0.000000
0.000000,0.000000,0.000000,0.000000,0.000000,1000.000204,1000.000335,1000.000454,1000.000573,1000.000679,1000.000743,1000.000743,1000.000692,1000.000620,1000.000550,1000.000483,1000.000417,1000.000354,1000.000292,1000.000232,1000.000174,1000.000118,1000.000064,1000.000011,999.999961,999.999912,999.999865,999.999820,999.999776,999.999735,999.999695,999.999658,999.999622,999.999587,999.999555,999.999525,999.999496,999.999470,999.999445,999.999422,999.999400,999.999381,999.999364,999.999348,999.999334,999.999322,999.999312,999.999304,999.999297,999.999293,999.999290,999.999289,999.999290,999.999293,999.999297,999.999304,999.999312,999.999322,999.999334,999.999348,999.999364,999.999381,999.999400,999.999422,999.999445,999.999470,999.999496,999.999525,999.999555,999.999587,999.999622,999.999658,999.999695,999.999735,999.999776,999.999820,999.999865,999.999912,999.999961,1000.000011,1000.000064,1000.000118,1000.000174,1000.000232,1000.000292,1000.000354,1000.000417,1000.000483,1000.000550,1000.000620,1000.000692,1000.000743,1000.000743,1000.000679,1000.000573,1000.000454,1000.000335,1000.000204,0.000000,0.000000,0.000000,0.000000,0.000000
0.000000,0.000000,0.000000,0.000000,0.000000,1000.000259,1000.000386,1000.000507,1000.000625,1000.000716,1000.000751,1000.000722,1000.000658,1000.000585,1000.000516,1000.000449,1000.000383,1000.000319,1000.000258,1000.000198,1000.000140,1000.000084,1000.000030,999.999977,999.999927,999.999878,999.999831,999.999786,999.999742,999.999701,999.999661,999.999623,999.999587,999.999553,999.999521,999.999491,999.999462,999.999435,999.999411,999.999388,999.999366,999.999347,999.999329,999.999314,999.999300,999.999288,999.999278,999.999270,999.999263,999.999259,999.999256,999.999255,999.999256,999.999259,999.999263,999.999270,999.999278,999.999288,999.999300,999.999314,999.999329,999.999347,999.999366,999.999388,999.999411,999.999435,999.999462,999.999491,999.999521,999.999553,999.999587,999.999623,999.999661,999.999701,999.999742,999.999786,999.999831,999.999878,999.999927,999.999977,1000.000030,1000.000084,1000.000140,1000.000198,1000.000258,1000.000319,1000.000383,1000.000449,1000.000516,1000.000585,1000.000658,1000.000722,1000.000751,1000.000716,1000.000625,1000.000507,1000.000386,1000.000259,0.000000,0.000000,0.000000,0.000000,0.000000
0.000000,0.000000,0.000000,0.000000,1000.000179,1000.000312,1000.000434,1000.000557,1000.000669,1000.000740,1000.000744,1000.000694,1000.000623,1000.000552,1000.000483,1000.000416,1000.000350,1000.000287,1000.000226,1000.000166,1000.000108,1000.000052,999.999997,999.999945,999.999894,999.999845,999.999799,999.999753,999.999710,999.999669,999.999629,999.999591,999.999555,999.999521,999.999489,999.999458,999.999430,999.999403,999.999378,999.999355,999.999334,999.999315,999.999297,999.999282,999.999268,999.999256,999.999246,999.999237,999.999231,999.999226,999.999224,999.999223,999.999224,999.999226,999.999231,999.999237,999.999246,999.999256,999.999268,999.999282,999.999297,999.999315,999.999334,999.999355,999.999378,999.999403,999.999430,999.999458,999.999489,999.999521,999.999555,999.999591,999.999629,999.999669,999.999710,999.999753,999.999799,999.999845,999.999894,999.999945,999.999997,1000.000052,1000.000108,1000.000166,1000.000226,1000.000287,1000.000350,1000.000416,1000.000483,1000.000552,1000.000623,1000.000694,1000.000744,1000.000740,1000.000669,1000.000557,1000.000434,1000.000312,1000.000179,0.000000,0.000000,0.000000,0.000000
0.000000,0.000000,0.000000,0.000000,1000.000228,1000.000356,1000.000479,1000.000602,1000.000704,1000.000749,1000.000726,1000.000663,1000.000591,1000.000521,1000.000453,1000.000385,1000.000320,1000.000257,1000.000195,1000.000135,1000.000077,1000.000021,999.999967,999.999915,999.999864,999.999815,999.999768,999.999723,999.999680,999.999638,999.999599,999.999561,999.999525,999.999491,999.999458,999.999428,999.999399,999.999373,999.999348,999.999325,999.999304,999.999284,999.999267,999.999251,999.999237,999.999225,999.999215,999.999207,999.999200,999.999196,999.999193,999.999192,999.999193,999.999196,999.999200,999.999207,999.999215,999.999225,999.999237,999.999251,999.999267,999.999284,999.999304,999.999325,999.999348,999.999373,999.999399,999.999428,999.999458,999.999491,999.999525,999.999561,999.999599,999.999638,999.999680,999.999723,999.999768,999.999815,999.999864,999.999915,999.999967,1000.000021,1000.000077,1000.000135,1000.000195,1000.000257,1000.000320,1000.000385,1000.000453,1000.000521,1000.000591,1000.000663,1000.000726,1000.000749,1000.000704,1000.000602,1000.000479,1000.000356,1000.000228,0.000000,0.000000,0.000000,0.000000
