0.000000,0.000000,0.000000,0.000000,0.000000,0.000000,0.000000,0.000000,0.000000,0.000000,0.000000,0.000000,0.000000,0.000000,0.000000,0.000000,0.000000,0.000000,0.000000,0.000000,0.000000,0.000000,0.000000,0.000000,0.000000,0.000000,0.000000,0.000000,0.000000,0.000000,0.000000,0.000000,0.000000,0.000000,0.000000,0.000000,0.000000,0.000000,0.000000,0.000000,0.000000,0.000000,0.000000,0.000000,0.000000,0.000000,0.000000,0.000000,0.000000,0.000000,0.000000,0.000000,0.000000,0.000000,0.000000,0.000000,0.000000,0.000000,0.000000,0.000000,0.000000,0.000000,0.000000,0.000000,0.000000,0.000000,0.000000,0.000000,0.000000,0.000000,0.000000,0.000000,0.000000,0.000000,0.000000,0.000000,0.000000,0.000000,0.000000,0.000000,0.000000,0.000000,0.000000,0.000000,0.000000,0.000000,0.000000,0.000000,0.000000,0.000000,0.000000,0.000000,0.000000,0.000000,0.000000,0.000000,0.000000,0.000000,0.000000,0.000000,0.000000,0.000000,0.000000
0.000000,0.000000,0.000000,0.000000,0.000000,0.000000,0.000000,0.000000,0.000000,0.000000,0.000000,0.000000,0.000000,0.000000,0.000000,0.000000,0.000000,0.000000,0.000000,0.000000,0.000000,0.000000,0.000000,0.000000,0.000000,0.000000,0.000000,0.000000,0.000000,0.000000,0.000000,0.000000,0.000000,0.000000,0.000000,0.000000,0.000000,0.000000,0.000000,0.000000,0.000000,0.000000,0.000000,0.000000,0.000000,0.000000,0.000000,0.000000,0.000000,0.000000,0.000000,1000.000086,0.000000,0.000000,0.000000,0.000000,0.000000,0.000000,0.000000,0.000000,0.000000,0.000000,0.000000,0.000000,0.000000,0.000000,0.000000,0.000000,0.000000,0.000000,0.000000,0.000000,0.000000,0.000000,0.000000,0.000000,0.000000,0.000000,0.000000,0.000000,0.000000,0.000000,0.000000,0.000000,0.000000,0.000000,0.000000,0.000000,0.000000,0.000000,0.000000,0.000000,0.000000,0.000000,0.000000,0.000000,0.000000,0.000000,0.000000,0.000000,0.000000,0.000000,0.000000
0.000000,0.000000,0.000000,0.000000,0.000000,0.000000,0.000000,0.000000,0.000000,0.000000,0.000000,0.000000,0.000000,0.000000,0.000000,0.000000,0.000000,0.000000,0.000000,0.000000,0.000000,0.000000,0.000000,0.000000,0.000000,0.000000,0.000000,0.000000,0.000000,0.000000,0.000000,0.000000,0.000000,0.000000,0.000000,0.000000,0.000000,0.000000,0.000000,0.000000,0.000000,0.000000,1000.000156,1000.000182,1000.000195,1000.000201,1000.000205,1000.000206,1000.000206,1000.000205,1000.000204,1000.000210,1000.000204,1000.000205,1000.000206,1000.000206,1000.000205,1000.000201,1000.000195,1000.000182,1000.000156,0.000000,0.000000,0.000000,0.000000,0.000000,0.000000,0.000000,0.000000,0.000000,0.000000,0.000000,0.000000,0.000000,0.000000,0.000000,0.000000,0.000000,0.000000,0.000000,0.000000,0.000000,0.000000,0.000000,0.000000,0.000000,0.000000,0.000000,0.000000,0.000000,0.000000,0.000000,0.000000,0.000000,0.000000,0.000000,0.000000,0.000000,0.000000,0.000000,0.000000,0.000000,0.000000
0.000000,0.000000,0.000000,0.000000,0.000000,0.000000,0.000000,0.000000,0.000000,0.000000,0.000000,0.000000,0.000000,0.000000,0.000000,0.000000,0.000000,0.000000,0.000000,0.000000,0.000000,0.000000,0.000000,0.000000,0.000000,0.000000,0.000000,0.000000,0.000000,0.000000,0.000000,0.000000,0.000000,0.000000,0.000000,0.000000,0.000000,1000.000150,1000.000188,1000.000218,1000.000242,1000.000261,1000.000279,1000.000296,1000.000308,1000.000317,1000.000322,1000.000324,1000.000325,1000.000326,1000.000325,1000.000326,1000.000325,1000.000326,1000.000325,1000.000324,1000.000322,1000.000317,1000.000308,1000.000296,1000.000279,1000.000261,1000.000242,1000.000218,1000.000188,1000.000150,0.000000,0.000000,0.000000,0.000000,0.000000,0.000000,0.000000,0.000000,0.000000,0.000000,0.000000,0.000000,0.000000,0.000000,0.000000,0.000000,0.000000,0.000000,0.000000,0.000000,0.000000,0.000000,0.000000,0.000000,0.000000,0.000000,0.000000,0.000000,0.000000,0.000000,0.000000,0.000000,0.000000,0.000000,0.000000,0.000000,0.000000
0.000000,0.000000,0.000000,0.000000,0.000000,0.000000,0.000000,0.000000,0.000000,0.000000,0.000000,0.000000,0.000000,0.000000,0.000000,0.000000,0.000000,0.000000,0.000000,0.000000,0.000000,0.000000,0.000000,0.000000,0.000000,0.000000,0.000000,0.000000,0.000000,0.000000,0.000000,0.000000,0.000000,0.000000,1000.000157,1000.000200,1000.000235,1000.000270,1000.000301,1000.000329,1000.000355,1000.000376,1000.000397,1000.000412,1000.000424,1000.000432,1000.000437,1000.000439,1000.000441,1000.000441,1000.000442,1000.000441,1000.000442,1000.000441,1000.000441,1000.000439,1000.000437,1000.000432,1000.000424,1000.000412,1000.000397,1000.000376,1000.000355,1000.000329,1000.000301,1000.000270,1000.000235,1000.000200,1000.000157,0.000000,0.000000,0.000000,0.000000,0.000000,0.000000,0.000000,0.000000,0.000000,0.000000,0.000000,0.000000,0.000000,0.000000,0.000000,0.000000,0.000000,0.000000,0.000000,0.000000,0.000000,0.000000,0.000000,0.000000,0.000000,0.000000,0.000000,0.000000,0.000000,0.000000,0.000000,0.000000,0.000000,0.000000
0.000000,0.000000,0.000000,0.000000,0.000000,0.000000,0.000000,0.000000,0.000000,0.000000,0.000000,0.000000,0.000000,0.000000,0.000000,0.000000,0.000000,0.000000,0.000000,0.000000,0.000000,0.000000,0.000000,0.000000,0.000000,0.000000,0.000000,0.000000,0.000000,0.000000,0.000000,0.000000,1000.000179,1000.000227,1000.000273,1000.000312,1000.000347,1000.000381,1000.000412,1000.000440,1000.000466,1000.000490,1000.000511,1000.000528,1000.000538,1000.000544,1000.000548,1000.000550,1000.000551,1000.000551,1000.000551,1000.000551,1000.000551,1000.000551,1000.000551,1000.000550,1000.000548,1000.000544,1000.000538,1000.000528,1000.000511,1000.000490,1000.000466,1000.000440,1000.000412,1000.000381,1000.000347,1000.000312,1000.000273,1000.000227,1000.000179,0.000000,0.000000,0.000000,0.000000,0.000000,0.000000,0.000000,0.000000,0.000000,0.000000,0.000000,0.000000,0.000000,0.000000,0.000000,0.000000,0.000000,0.000000,0.000000,0.000000,0.000000,0.000000,0.000000,0.000000,0.000000,0.000000,0.000000,0.000000,0.000000,0.000000,0.000000,0.000000
0.000000,0.000000,0.000000,0.000000,0.000000,0.000000,0.000000,0.000000,0.000000,0.000000,0.000000,0.000000,0.000000,0.000000,0.000000,0.000000,0.000000,0.000000,0.000000,0.000000,0.000000,0.000000,0.000000,0.000000,0.000000,0.000000,0.000000,0.000000,0.000000,0.000000,1000.000187,1000.000241,1000.000294,1000.000338,1000.000380,1000.000420,1000.000458,1000.000492,1000.000523,1000.000549,1000.000571,1000.000591,1000.000608,1000.000620,1000.000626,1000.000629,1000.000631,1000.000632,1000.000632,1000.000632,1000.000632,1000.000632,1000.000632,1000.000632,1000.000632,1000.000632,1000.000631,1000.000629,1000.000626,1000.000620,1000.000608,1000.000591,1000.000571,1000.000549,1000.000523,1000.000492,1000.000458,1000.000420,1000.000380,1000.000338,1000.000294,1000.000241,1000.000187,0.000000,0.000000,0.000000,0.000000,0.000000,0.000000,0.000000,0.000000,0.000000,0.000000,0.000000,0.000000,0.000000,0.000000,0.000000,0.000000,0.000000,0.000000,0.000000,0.000000,0.000000,0.000000,0.000000,0.000000,0.000000,0.000000,0.000000,0.000000,0.000000,0.000000
0.000000,0.000000,0.000000,0.000000,0.000000,0.000000,0.000000,0.000000,0.000000,0.000000,0.000000,0.000000,0.000000,0.000000,0.000000,0.000000,0.000000,0.000000,0.000000,0.000000,0.000000,0.000000,0.000000,0.000000,0.000000,0.000000,0.000000,0.000000,1000.000187,1000.000245,1000.000301,1000.000349,1000.000398,1000.000444,1000.000489,1000.000528,1000.000563,1000.000592,1000.000616,1000.000632,1000.000643,1000.000650,1000.000652,1000.000651,1000.000650,1000.000649,1000.000648,1000.000647,1000.000646,1000.000646,1000.000645,1000.000645,1000.000645,1000.000646,1000.000646,1000.000647,1000.000648,1000.000649,1000.000650,1000.000651,1000.000652,1000.000650,1000.000643,1000.000632,1000.000616,1000.000592,1000.000563,1000.000528,1000.000489,1000.000444,1000.000398,1000.000349,1000.000301,1000.000245,1000.000187,0.000000,0.000000,0.000000,0.000000,0.000000,0.000000,0.000000,0.000000,0.000000,0.000000,0.000000,0.000000,0.000000,0.000000,0.000000,0.000000,0.000000,0.000000,0.000000,0.000000,0.000000,0.000000,0.000000,0.000000,0.000000,0.000000,0.000000,0.000000
0.000000,0.000000,0.000000,0.000000,0.000000,0.000000,0.000000,0.000000,0.000000,0.000000,0.000000,0.000000,0.000000,0.000000,0.000000,0.000000,0.000000,0.000000,0.000000,0.000000,0.000000,0.000000,0.000000,0.000000,0.000000,0.000000,1000.000177,1000.000239,1000.000299,1000.000351,1000.000403,1000.000453,1000.000503,1000.000548,1000.000588,1000.000619,1000.000639,1000.000652,1000.000658,1000.000656,1000.000652,1000.000644,1000.000631,1000.000618,1000.000610,1000.000604,1000.000601,1000.000599,1000.000597,1000.000596,1000.000595,1000.000595,1000.000595,1000.000596,1000.000597,1000.000599,1000.000601,1000.000604,1000.000610,1000.000618,1000.000631,1000.000644,1000.000652,1000.000656,1000.000658,1000.000652,1000.000639,1000.000619,1000.000588,1000.000548,1000.000503,1000.000453,1000.000403,1000.000351,1000.000299,1000.000239,1000.000177,0.000000,0.000000,0.000000,0.000000,0.000000,0.000000,0.000000,0.000000,0.000000,0.000000,0.000000,0.000000,0.000000,0.000000,0.000000,0.000000,0.000000,0.000000,0.000000,0.000000,0.000000,0.000000,0.000000,0.000000,0.000000,0.000000
0.000000,0.000000,0.000000,0.000000,0.000000,0.000000,0.000000,0.000000,0.000000,0.000000,0.000000,0.000000,0.000000,0.000000,0.000000,0.000000,0.000000,0.000000,0.000000,0.000000,0.000000,0.000000,0.000000,0.000000,1000.000152,1000.000221,1000.000286,1000.000343,1000.000399,1000.000453,1000.000506,1000.000554,1000.000596,1000.000629,1000.000650,1000.000658,1000.000657,1000.000649,1000.000635,1000.000619,1000.000604,1000.000588,1000.000572,1000.000556,1000.000545,1000.000538,1000.000533,1000.000529,1000.000526,1000.000525,1000.000524,1000.000523,1000.000524,1000.000525,1000.000526,1000.000529,1000.000533,1000.000538,1000.000545,1000.000556,1000.000572,1000.000588,1000.000604,1000.000619,1000.000635,1000.000649,1000.000657,1000.000658,1000.000650,1000.000629,1000.000596,1000.000554,1000.000506,1000.000453,1000.000399,1000.000343,1000.000286,1000.000221,1000.000152,0.000000,0.000000,0.000000,0.000000,0.000000,0.000000,0.000000,0.000000,0.000000,0.000000,0.000000,0.000000,0.000000,0.000000,0.000000,0.000000,0.000000,0.000000,0.000000,0.000000,0.000000,0.000000,0.000000,0.000000
0.000000,0.000000,0.000000,0.000000,0.000000,0.000000,0.000000,0.000000,0.000000,0.000000,0.000000,0.000000,0.000000,0.000000,0.000000,0.000000,0.000000,0.000000,0.000000,0.000000,0.000000,0.000000,0.000000,1000.000184,1000.000258,1000.000322,1000.000384,1000.000444,1000.000501,1000.000553,1000.000597,1000.000632,1000.000653,1000.000660,1000.000654,1000.000638,1000.000618,1000.000597,1000.000576,1000.000555,1000.000537,1000.000521,1000.000505,1000.000491,1000.000480,1000.000472,1000.000465,1000.000461,1000.000457,1000.000455,1000.000453,1000.000453,1000.000453,1000.000455,1000.000457,1000.000461,1000.000465,1000.000472,1000.000480,1000.000491,1000.000505,1000.000521,1000.000537,1000.000555,1000.000576,1000.000597,1000.000618,1000.000638,1000.000654,1000.000660,1000.000653,1000.000632,1000.000597,1000.000553,1000.000501,1000.000444,1000.000384,1000.000322,1000.000258,1000.000184,0.000000,0.000000,0.000000,0.000000,0.000000,0.000000,0.000000,0.000000,0.000000,0.000000,0.000000,0.000000,0.000000,0.000000,0.000000,0.000000,0.000000,0.000000,0.000000,0.000000,0.000000,0.000000,0.000000
0.000000,0.000000,0.000000,0.000000,0.000000,0.000000,0.000000,0.000000,0.000000,0.000000,0.000000,0.000000,0.000000,0.000000,0.000000,0.000000,0.000000,0.000000,0.000000,0.000000,0.000000,1000.000136,1000.000213,1000.000287,1000.000353,1000.000419,1000.000484,1000.000543,1000.000592,1000.000630,1000.000653,1000.000661,1000.000653,1000.000634,1000.000609,1000.000581,1000.000555,1000.000532,1000.000510,1000.000490,1000.000472,1000.000456,1000.000441,1000.000427,1000.000416,1000.000407,1000.000400,1000.000394,1000.000390,1000.000387,1000.000386,1000.000385,1000.000386,1000.000387,1000.000390,1000.000394,1000.000400,1000.000407,1000.000416,1000.000427,1000.000441,1000.000456,1000.000472,1000.000490,1000.000510,1000.000532,1000.000555,1000.000581,1000.000609,1000.000634,1000.000653,1000.000661,1000.000653,1000.000630,1000.000592,1000.000543,1000.000484,1000.000419,1000.000353,1000.000287,1000.000213,1000.000136,0.000000,0.000000,0.000000,0.000000,0.000000,0.000000,0.000000,0.000000,0.000000,0.000000,0.000000,0.000000,0.000000,0.000000,0.000000,0.000000,0.000000,0.000000,0.000000,0.000000,0.000000
0.000000,0.000000,0.000000,0.000000,0.000000,0.000000,0.000000,0.000000,0.000000,0.000000,0.000000,0.000000,0.000000,0.000000,0.000000,0.000000,0.000000,0.000000,0.000000,0.000000,1000.000158,1000.000239,1000.000309,1000.000378,1000.000447,1000.000515,1000.000576,1000.000622,1000.000650,1000.000660,1000.000653,1000.000633,1000.000607,1000.000577,1000.000546,1000.000518,1000.000492,1000.000469,1000.000447,1000.000427,1000.000409,1000.000392,1000.000377,1000.000364,1000.000353,1000.000343,1000.000336,1000.000330,1000.000325,1000.000322,1000.000320,1000.000320,1000.000320,1000.000322,1000.000325,1000.000330,1000.000336,1000.000343,1000.000353,1000.000364,1000.000377,1000.000392,1000.000409,1000.000427,1000.000447,1000.000469,1000.000492,1000.000518,1000.000546,1000.000577,1000.000607,1000.000633,1000.000653,1000.000660,1000.000650,1000.000622,1000.000576,1000.000515,1000.000447,1000.000378,1000.000309,1000.000239,1000.000158,0.000000,0.000000,0.000000,0.000000,0.000000,0.000000,0.000000,0.000000,0.000000,0.000000,0.000000,0.000000,0.000000,0.000000,0.000000,0.000000,0.000000,0.000000,0.000000,0.000000
0.000000,0.000000,0.000000,0.000000,0.000000,0.000000,0.000000,0.000000,0.000000,0.000000,0.000000,0.000000,0.000000,0.000000,0.000000,0.000000,0.000000,0.000000,0.000000,1000.000176,1000.000259,1000.000331,1000.000401,1000.000470,1000.000537,1000.000597,1000.000640,1000.000657,1000.000653,1000.000635,1000.000608,1000.000576,1000.000544,1000.000512,1000.000483,1000.000456,1000.000431,1000.000408,1000.000386,1000.000366,1000.000347,1000.000331,1000.000316,1000.000303,1000.000291,1000.000281,1000.000273,1000.000267,1000.000262,1000.000259,1000.000257,1000.000256,1000.000257,1000.000259,1000.000262,1000.000267,1000.000273,1000.000281,1000.000291,1000.000303,1000.000316,1000.000331,1000.000347,1000.000366,1000.000386,1000.000408,1000.000431,1000.000456,1000.000483,1000.000512,1000.000544,1000.000576,1000.000608,1000.000635,1000.000653,1000.000657,1000.000640,1000.000597,1000.000537,1000.000470,1000.000401,1000.000331,1000.000259,1000.000176,0.000000,0.000000,0.000000,0.000000,0.000000,0.000000,0.000000,0.000000,0.000000,0.000000,0.000000,0.000000,0.000000,0.000000,0.000000,0.000000,0.000000,0.000000,0.000000
0.000000,0.000000,0.000000,0.000000,0.000000,0.000000,0.000000,0.000000,0.000000,0.000000,0.000000,0.000000,0.000000,0.000000,0.000000,0.000000,0.000000,0.000000,1000.000187,1000.000273,1000.000349,1000.000422,1000.000494,1000.000558,1000.000612,1000.000649,1000.000658,1000.000642,1000.000614,1000.000581,1000.000546,1000.000513,1000.000482,1000.000452,1000.000423,1000.000397,1000.000371,1000.000347,1000.000325,1000.000305,1000.000287,1000.000270,1000.000256,1000.000242,1000.000231,1000.000221,1000.000213,1000.000206,1000.000201,1000.000197,1000.000195,1000.000195,1000.000195,1000.000197,1000.000201,1000.000206,1000.000213,1000.000221,1000.000231,1000.000242,1000.000256,1000.000270,1000.000287,1000.000305,1000.000325,1000.000347,1000.000371,1000.000397,1000.000423,1000.000452,1000.000482,1000.000513,1000.000546,1000.000581,1000.000614,1000.000642,1000.000658,1000.000649,1000.000612,1000.000558,1000.000494,1000.000422,1000.000349,1000.000273,1000.000187,0.000000,0.000000,0.000000,0.000000,0.000000,0.000000,0.000000,0.000000,0.000000,0.000000,0.000000,0.000000,0.000000,0.000000,0.000000,0.000000,0.000000,0.000000
0.000000,0.000000,0.000000,0.000000,0.000000,0.000000,0.000000,0.000000,0.000000,0.000000,0.000000,0.000000,0.000000,0.000000,0.000000,0.000000,0.000000,1000.000193,1000.000282,1000.000360,1000.000437,1000.000513,1000.000579,1000.000628,1000.000655,1000.000657,1000.000634,1000.000597,1000.000558,1000.000521,1000.000487,1000.000454,1000.000423,1000.000393,1000.000364,1000.000337,1000.000312,1000.000289,1000.000267,1000.000247,1000.000228,1000.000212,1000.000197,1000.000183,1000.000172,1000.000162,1000.000153,1000.000147,1000.000142,1000.000138,1000.000136,1000.000135,1000.000136,1000.000138,1000.000142,1000.000147,1000.000153,1000.000162,1000.000172,1000.000183,1000.000197,1000.000212,1000.000228,1000.000247,1000.000267,1000.000289,1000.000312,1000.000337,1000.000364,1000.000393,1000.000423,1000.000454,1000.000487,1000.000521,1000.000558,1000.000597,1000.000634,1000.000657,1000.000655,1000.000628,1000.000579,1000.000513,1000.000437,1000.000360,1000.000282,1000.000193,0.000000,0.000000,0.000000,0.000000,0.000000,0.000000,0.000000,0.000000,0.000000,0.000000,0.000000,0.000000,0.000000,0.000000,0.000000,0.000000,0.000000
0.000000,0.000000,0.000000,0.000000,0.000000,0.000000,0.000000,0.000000,0.000000,0.000000,0.000000,0.000000,0.000000,0.000000,0.000000,0.000000,1000.000195,1000.000286,1000.000366,1000.000445,1000.000523,1000.000592,1000.000639,1000.000658,1000.000650,1000.000624,1000.000584,1000.000541,1000.000500,1000.000464,1000.000430,1000.000397,1000.000365,1000.000335,1000.000307,1000.000280,1000.000255,1000.000232,1000.000210,1000.000190,1000.000171,1000.000155,1000.000140,1000.000126,1000.000115,1000.000104,1000.000096,1000.000089,1000.000084,1000.000080,1000.000078,1000.000077,1000.000078,1000.000080,1000.000084,1000.000089,1000.000096,1000.000104,1000.000115,1000.000126,1000.000140,1000.000155,1000.000171,1000.000190,1000.000210,1000.000232,1000.000255,1000.000280,1000.000307,1000.000335,1000.000365,1000.000397,1000.000430,1000.000464,1000.000500,1000.000541,1000.000584,1000.000624,1000.000650,1000.000658,1000.000639,1000.000592,1000.000523,1000.000445,1000.000366,1000.000286,1000.000195,0.000000,0.000000,0.000000,0.000000,0.000000,0.000000,0.000000,0.000000,0.000000,0.000000,0.000000,0.000000,0.000000,0.000000,0.000000,0.000000
0.000000,0.000000,0.000000,0.000000,0.000000,0.000000,0.000000,0.000000,0.000000,0.000000,0.000000,0.000000,0.000000,0.000000,0.000000,1000.000193,1000.000286,1000.000368,1000.000449,1000.000528,1000.000597,1000.000645,1000.000658,1000.000641,1000.000609,1000.000569,1000.000526,1000.000484,1000.000446,1000.000410,1000.000375,1000.000341,1000.000310,1000.000280,1000.000252,1000.000225,1000.000200,1000.000176,1000.000154,1000.000134,1000.000116,1000.000099,1000.000084,1000.000071,1000.000059,1000.000049,1000.000040,1000.000033,1000.000028,1000.000024,1000.000022,1000.000021,1000.000022,1000.000024,1000.000028,1000.000033,1000.000040,1000.000049,1000.000059,1000.000071,1000.000084,1000.000099,1000.000116,1000.000134,1000.000154,1000.000176,1000.000200,1000.000225,1000.000252,1000.000280,1000.000310,1000.000341,1000.000375,1000.000410,1000.000446,1000.000484,1000.000526,1000.000569,1000.000609,1000.000641,1000.000658,1000.000645,1000.000597,1000.000528,1000.000449,1000.000368,1000.000286,1000.000193,0.000000,0.000000,0.000000,0.000000,0.000000,0.000000,0.000000,0.000000,0.000000,0.000000,0.000000,0.000000,0.000000,0.000000,0.000000
0.000000,0.000000,0.000000,0.000000,0.000000,0.000000,0.000000,0.000000,0.000000,0.000000,0.000000,0.000000,0.000000,0.000000,1000.000187,1000.000282,1000.000366,1000.000449,1000.000530,1000.000600,1000.000647,1000.000659,1000.000637,1000.000598,1000.000554,1000.000511,1000.000470,1000.000431,1000.000393,1000.000356,1000.000320,1000.000287,1000.000256,1000.000226,1000.000198,1000.000171,1000.000146,1000.000122,1000.000101,1000.000080,1000.000062,1000.000045,1000.000030,1000.000016,1000.000005,999.999994,999.999986,999.999979,999.999973,999.999969,999.999967,999.999966,999.999967,999.999969,999.999973,999.999979,999.999986,999.999994,1000.000005,1000.000016,1000.000030,1000.000045,1000.000062,1000.000080,1000.000101,1000.000122,1000.000146,1000.000171,1000.000198,1000.000226,1000.000256,1000.000287,1000.000320,1000.000356,1000.000393,1000.000431,1000.000470,1000.000511,1000.000554,1000.000598,1000.000637,1000.000659,1000.000647,1000.000600,1000.000530,1000.000449,1000.000366,1000.000282,1000.000187,0.000000,0.000000,0.000000,0.000000,0.000000,0.000000,0.000000,0.000000,0.000000,0.000000,0.000000,0.000000,0.000000,0.000000
0.000000,0.000000,0.000000,0.000000,0.000000,0.000000,0.000000,0.000000,0.000000,0.000000,0.000000,0.000000,0.000000,1000.000176,1000.000273,1000.000360,1000.000445,1000.000528,1000.000600,1000.000648,1000.000659,1000.000635,1000.000594,1000.000546,1000.000500,1000.000458,1000.000418,1000.000378,1000.000340,1000.000303,1000.000268,1000.000235,1000.000203,1000.000173,1000.000145,1000.000118,1000.000093,1000.000070,1000.000048,1000.000028,1000.000010,999.999993,999.999978,999.999964,999.999952,999.999942,999.999933,999.999926,999.999921,999.999917,999.999914,999.999913,999.999914,999.999917,999.999921,999.999926,999.999933,999.999942,999.999952,999.999964,999.999978,999.999993,1000.000010,1000.000028,1000.000048,1000.000070,1000.000093,1000.000118,1000.000145,1000.000173,1000.000203,1000.000235,1000.000268,1000.000303,1000.000340,1000.000378,1000.000418,1000.000458,1000.000500,1000.000546,1000.000594,1000.000635,1000.000659,1000.000648,1000.000600,1000.000528,1000.000445,1000.000360,1000.000273,1000.000176,0.000000,0.000000,0.000000,0.000000,0.000000,0.000000,0.000000,0.000000,0.000000,0.000000,0.000000,0.000000,0.000000
0.000000,0.000000,0.000000,0.000000,0.000000,0.000000,0.000000,0.000000,0.000000,0.000000,0.000000,0.000000,1000.000158,1000.000259,1000.000349,1000.000437,1000.000523,1000.000597,1000.000647,1000.000659,1000.000635,1000.000592,1000.000543,1000.000494,1000.000450,1000.000408,1000.000367,1000.000327,1000.000289,1000.000252,1000.000218,1000.000184,1000.000153,1000.000123,1000.000094,1000.000068,1000.000043,1000.000019,999.999997,999.999977,999.999959,999.999942,999.999927,999.999913,999.999901,999.999891,999.999882,999.999875,999.999869,999.999865,999.999863,999.999862,999.999863,999.999865,999.999869,999.999875,999.999882,999.999891,999.999901,999.999913,999.999927,999.999942,999.999959,999.999977,999.999997,1000.000019,1000.000043,1000.000068,1000.000094,1000.000123,1000.000153,1000.000184,1000.000218,1000.000252,1000.000289,1000.000327,1000.000367,1000.000408,1000.000450,1000.000494,1000.000543,1000.000592,1000.000635,1000.000659,1000.000647,1000.000597,1000.000523,1000.000437,1000.000349,1000.000259,1000.000158,0.000000,0.000000,0.000000,0.000000,0.000000,0.000000,0.000000,0.000000,0.000000,0.000000,0.000000,0.000000
0.000000,0.000000,0.000000,0.000000,0.000000,0.000000,0.000000,0.000000,0.000000,0.000000,0.000000,1000.000136,1000.000239,1000.000331,1000.000422,1000.000513,1000.000592,1000.000645,1000.000659,1000.000635,1000.000592,1000.000541,1000.000491,1000.000446,1000.000402,1000.000359,1000.000317,1000.000278,1000.000240,1000.000203,1000.000168,1000.000135,1000.000103,1000.000073,1000.000045,1000.000018,999.999993,999.999970,999.999948,999.999928,999.999910,999.999893,999.999877,999.999864,999.999852,999.999841,999.999833,999.999826,999.999820,999.999816,999.999814,999.999813,999.999814,999.999816,999.999820,999.999826,999.999833,999.999841,999.999852,999.999864,999.999877,999.999893,999.999910,999.999928,999.999948,999.999970,999.999993,1000.000018,1000.000045,1000.000073,1000.000103,1000.000135,1000.000168,1000.000203,1000.000240,1000.000278,1000.000317,1000.000359,1000.000402,1000.000446,1000.000491,1000.000541,1000.000592,1000.000635,1000.000659,1000.000645,1000.000592,1000.000513,1000.000422,1000.000331,1000.000239,1000.000136,0.000000,0.000000,0.000000,0.000000,0.000000,0.000000,0.000000,0.000000,0.000000,0.000000,0.000000
0.000000,0.000000,0.000000,0.000000,0.000000,0.000000,0.000000,0.000000,0.000000,0.000000,0.000000,1000.000213,1000.000309,1000.000401,1000.000494,1000.000579,1000.000639,1000.000658,1000.000637,1000.000594,1000.000543,1000.000491,1000.000445,1000.000399,1000.000354,1000.000311,1000.000270,1000.000230,1000.000192,1000.000155,1000.000121,1000.000087,1000.000056,1000.000026,999.999998,999.999971,999.999946,999.999922,999.999901,999.999880,999.999862,999.999845,999.999830,999.999816,999.999804,999.999794,999.999785,999.999778,999.999772,999.999768,999.999766,999.999765,999.999766,999.999768,999.999772,999.999778,999.999785,999.999794,999.999804,999.999816,999.999830,999.999845,999.999862,999.999880,999.999901,999.999922,999.999946,999.999971,999.999998,1000.000026,1000.000056,1000.000087,1000.000121,1000.000155,1000.000192,1000.000230,1000.000270,1000.000311,1000.000354,1000.000399,1000.000445,1000.000491,1000.000543,1000.000594,1000.000637,1000.000658,1000.000639,1000.000579,1000.000494,1000.000401,1000.000309,1000.000213,0.000000,0.000000,0.000000,0.000000,0.000000,0.000000,0.000000,0.000000,0.000000,0.000000,0.000000
0.000000,0.000000,0.000000,0.000000,0.000000,0.000000,0.000000,0.000000,0.000000,0.000000,1000.000184,1000.000287,1000.000378,1000.000470,1000.000558,1000.000628,1000.000658,1000.000641,1000.000598,1000.000546,1000.000494,1000.000446,1000.000399,1000.000352,1000.000307,1000.000265,1000.000224,1000.000184,1000.000146,1000.000109,1000.000075,1000.000041,1000.000010,999.999980,999.999952,999.999925,999.999900,999.999876,999.999855,999.999834,999.999816,999.999799,999.999784,999.999770,999.999758,999.999748,999.999739,999.999732,999.999726,999.999722,999.999720,999.999719,999.999720,999.999722,999.999726,999.999732,999.999739,999.999748,999.999758,999.999770,999.999784,999.999799,999.999816,999.999834,999.999855,999.999876,999.999900,999.999925,999.999952,999.999980,1000.000010,1000.000041,1000.000075,1000.000109,1000.000146,1000.000184,1000.000224,1000.000265,1000.000307,1000.000352,1000.000399,1000.000446,1000.000494,1000.000546,1000.000598,1000.000641,1000.000658,1000.000628,1000.000558,1000.000470,1000.000378,1000.000287,1000.000184,0.000000,0.000000,0.000000,0.000000,0.000000,0.000000,0.000000,0.000000,0.000000,0.000000
0.000000,0.000000,0.000000,0.000000,0.000000,0.000000,0.000000,0.000000,0.000000,1000.000152,1000.000258,1000.000353,1000.000447,1000.000537,1000.000612,1000.000655,1000.000650,1000.000609,1000.000554,1000.000500,1000.000450,1000.000402,1000.000354,1000.000307,1000.000263,1000.000220,1000.000179,1000.000139,1000.000101,1000.000065,1000.000030,999.999997,999.999965,999.999935,999.999907,999.999880,999.999855,999.999832,999.999810,999.999790,999.999772,999.999755,999.999739,999.999726,999.999714,999.999703,999.999694,999.999687,999.999682,999.999678,999.999675,999.999674,999.999675,999.999678,999.999682,999.999687,999.999694,999.999703,999.999714,999.999726,999.999739,999.999755,999.999772,999.999790,999.999810,999.999832,999.999855,999.999880,999.999907,999.999935,999.999965,999.999997,1000.000030,1000.000065,1000.000101,1000.000139,1000.000179,1000.000220,1000.000263,1000.000307,1000.000354,1000.000402,1000.000450,1000.000500,1000.000554,1000.000609,1000.000650,1000.000655,1000.000612,1000.000537,1000.000447,1000.000353,1000.000258,1000.000152,0.000000,0.000000,0.000000,0.000000,0.000000,0.000000,0.000000,0.000000,0.000000
0.000000,0.000000,0.000000,0.000000,0.000000,0.000000,0.000000,0.000000,0.000000,1000.000221,1000.000322,1000.000419,1000.000515,1000.000597,1000.000649,1000.000657,1000.000624,1000.000569,1000.000511,1000.000458,1000.000408,1000.000359,1000.000311,1000.000265,1000.000220,1000.000177,1000.000136,1000.000097,1000.000059,1000.000022,999.999987,999.999954,999.999923,999.999893,999.999864,999.999838,999.999813,999.999789,999.999767,999.999747,999.999729,999.999712,999.999696,999.999683,999.999671,999.999660,999.999651,999.999644,999.999639,999.999635,999.999632,999.999631,999.999632,999.999635,999.999639,999.999644,999.999651,999.999660,999.999671,999.999683,999.999696,999.999712,999.999729,999.999747,999.999767,999.999789,999.999813,999.999838,999.999864,999.999893,999.999923,999.999954,999.999987,1000.000022,1000.000059,1000.000097,1000.000136,1000.000177,1000.000220,1000.000265,1000.000311,1000.000359,1000.000408,1000.000458,1000.000511,1000.000569,1000.000624,1000.000657,1000.000649,1000.000597,1000.000515,1000.000419,1000.000322,1000.000221,0.000000,0.000000,0.000000,0.000000,0.000000,0.000000,0.000000,0.000000,0.000000
0.000000,0.000000,0.000000,0.000000,0.000000,0.000000,0.000000,0.000000,1000.000177,1000.000286,1000.000384,1000.000484,1000.000576,1000.000640,1000.000658,1000.000634,1000.000584,1000.000526,1000.000470,1000.000418,1000.000367,1000.000317,1000.000270,1000.000224,1000.000179,1000.000136,1000.000095,1000.000055,1000.000017,999.999981,999.999946,999.999913,999.999881,999.999851,999.999823,999.999797,999.999771,999.999748,999.999726,999.999706,999.999688,999.999671,999.999655,999.999642,999.999630,999.999619,999.999610,999.999603,999.999597,999.999593,999.999591,999.999590,999.999591,999.999593,999.999597,999.999603,999.999610,999.999619,999.999630,999.999642,999.999655,999.999671,999.999688,999.999706,999.999726,999.999748,999.999771,999.999797,999.999823,999.999851,999.999881,999.999913,999.999946,999.999981,1000.000017,1000.000055,1000.000095,1000.000136,1000.000179,1000.000224,1000.000270,1000.000317,1000.000367,1000.000418,1000.000470,1000.000526,1000.000584,1000.000634,1000.000658,1000.000640,1000.000576,1000.000484,1000.000384,1000.000286,1000.000177,0.000000,0.000000,0.000000,0.000000,0.000000,0.000000,0.000000,0.000000
0.000000,0.000000,0.000000,0.000000,0.000000,0.000000,0.000000,0.000000,1000.000239,1000.000343,1000.000444,1000.000543,1000.000622,1000.000657,1000.000642,1000.000597,1000.000541,1000.000484,1000.000431,1000.000378,1000.000327,1000.000278,1000.000230,1000.000184,1000.000139,1000.000097,1000.000055,1000.000016,999.999978,999.999941,999.999907,999.999873,999.999842,999.999812,999.999784,999.999757,999.999732,999.999708,999.999687,999.999666,999.999648,999.999631,999.999616,999.999602,999.999590,999.999579,999.999571,999.999563,999.999558,999.999554,999.999551,999.999550,999.999551,999.999554,999.999558,999.999563,999.999571,999.999579,999.999590,999.999602,999.999616,999.999631,999.999648,999.999666,999.999687,999.999708,999.999732,999.999757,999.999784,999.999812,999.999842,999.999873,999.999907,999.999941,999.999978,1000.000016,1000.000055,1000.000097,1000.000139,1000.000184,1000.000230,1000.000278,1000.000327,1000.000378,1000.000431,1000.000484,1000.000541,1000.000597,1000.000642,1000.000657,1000.000622,1000.000543,1000.000444,1000.000343,1000.000239,0.000000,0.000000,0.000000,0.000000,0.000000,0.000000,0.000000,0.000000
0.000000,0.000000,0.000000,0.000000,0.000000,0.000000,0.000000,1000.000187,1000.000299,1000.000399,1000.000501,1000.000592,1000.000650,1000.000653,1000.000614,1000.000558,1000.000500,1000.000446,1000.000393,1000.000340,1000.000289,1000.000240,1000.000192,1000.000146,1000.000101,1000.000059,1000.000017,999.999978,999.999940,999.999903,999.999869,999.999835,999.999804,999.999774,999.999746,999.999719,999.999694,999.999671,999.999649,999.999629,999.999610,999.999593,999.999578,999.999564,999.999552,999.999541,999.999533,999.999525,999.999520,999.999516,999.999513,999.999512,999.999513,999.999516,999.999520,999.999525,999.999533,999.999541,999.999552,999.999564,999.999578,999.999593,999.999610,999.999629,999.999649,999.999671,999.999694,999.999719,999.999746,999.999774,999.999804,999.999835,999.999869,999.999903,999.999940,999.999978,1000.000017,1000.000059,1000.000101,1000.000146,1000.000192,1000.000240,1000.000289,1000.000340,1000.000393,1000.000446,1000.000500,1000.000558,1000.000614,1000.000653,1000.000650,1000.000592,1000.000501,1000.000399,1000.000299,1000.000187,0.000000,0.000000,0.000000,0.000000,0.000000,0.000000,0.000000
0.000000,0.000000,0.000000,0.000000,0.000000,0.000000,0.000000,1000.000245,1000.000351,1000.000453,1000.000553,1000.000630,1000.000660,1000.000635,1000.000581,1000.000521,1000.000464,1000.000410,1000.000356,1000.000303,1000.000252,1000.000203,1000.000155,1000.000109,1000.000065,1000.000022,999.999981,999.999941,999.999903,999.999867,999.999832,999.999799,999.999767,999.999738,999.999709,999.999683,999.999658,999.999634,999.999612,999.999592,999.999574,999.999557,999.999541,999.999528,999.999516,999.999505,999.999496,999.999489,999.999483,999.999479,999.999477,999.999476,999.999477,999.999479,999.999483,999.999489,999.999496,999.999505,999.999516,999.999528,999.999541,999.999557,999.999574,999.999592,999.999612,999.999634,999.999658,999.999683,999.999709,999.999738,999.999767,999.999799,999.999832,999.999867,999.999903,999.999941,999.999981,1000.000022,1000.000065,1000.000109,1000.000155,1000.000203,1000.000252,1000.000303,1000.000356,1000.000410,1000.000464,1000.000521,1000.000581,1000.000635,1000.000660,1000.000630,1000.000553,1000.000453,1000.000351,1000.000245,0.000000,0.000000,0.000000,0.000000,0.000000,0.000000,0.000000
0.000000,0.000000,0.000000,0.000000,0.000000,0.000000,1000.000187,1000.000301,1000.000403,1000.000506,1000.000597,1000.000653,1000.000653,1000.000608,1000.000546,1000.000487,1000.000430,1000.000375,1000.000320,1000.000268,1000.000218,1000.000168,1000.000121,1000.000075,1000.000030,999.999987,999.999946,999.999907,999.999869,999.999832,999.999797,999.999764,999.999733,999.999703,999.999675,999.999648,999.999623,999.999599,999.999578,999.999557,999.999539,999.999522,999.999507,999.999493,999.999481,999.999470,999.999461,999.999454,999.999449,999.999445,999.999442,999.999441,999.999442,999.999445,999.999449,999.999454,999.999461,999.999470,999.999481,999.999493,999.999507,999.999522,999.999539,999.999557,999.999578,999.999599,999.999623,999.999648,999.999675,999.999703,999.999733,999.999764,999.999797,999.999832,999.999869,999.999907,999.999946,999.999987,1000.000030,1000.000075,1000.000121,1000.000168,1000.000218,1000.000268,1000.000320,1000.000375,1000.000430,1000.000487,1000.000546,1000.000608,1000.000653,1000.000653,1000.000597,1000.000506,1000.000403,1000.000301,1000.000187,0.000000,0.000000,0.000000,0.000000,0.000000,0.000000
0.000000,0.000000,0.000000,0.000000,0.000000,0.000000,1000.000241,1000.000349,1000.000453,1000.000554,1000.000632,1000.000661,1000.000633,1000.000576,1000.000513,1000.000454,1000.000397,1000.000341,1000.000287,1000.000235,1000.000184,1000.000135,1000.000087,1000.000041,999.999997,999.999954,999.999913,999.999873,999.999835,999.999799,999.999764,999.999731,999.999700,999.999670,999.999641,999.999615,999.999590,999.999566,999.999545,999.999524,999.999506,999.999489,999.999473,999.999460,999.999448,999.999437,999.999428,999.999421,999.999415,999.999411,999.999409,999.999408,999.999409,999.999411,999.999415,999.999421,999.999428,999.999437,999.999448,999.999460,999.999473,999.999489,999.999506,999.999524,999.999545,999.999566,999.999590,999.999615,999.999641,999.999670,999.999700,999.999731,999.999764,999.999799,999.999835,999.999873,999.999913,999.999954,999.999997,1000.000041,1000.000087,1000.000135,1000.000184,1000.000235,1000.000287,1000.000341,1000.000397,1000.000454,1000.000513,1000.000576,1000.000633,1000.000661,1000.000632,1000.000554,1000.000453,1000.000349,1000.000241,0.000000,0.000000,0.000000,0.000000,0.000000,0.000000
0.000000,0.000000,0.000000,0.000000,0.000000,1000.000179,1000.000294,1000.000398,1000.000503,1000.000596,1000.000653,1000.000653,1000.000607,1000.000544,1000.000482,1000.000423,1000.000365,1000.000310,1000.000256,1000.000203,1000.000153,1000.000103,1000.000056,1000.000010,999.999965,999.999923,999.999881,999.999842,999.999804,999.999767,999.999733,999.999700,999.999668,999.999638,999.999610,999.999583,999.999558,999.999535,999.999513,999.999493,999.999474,999.999457,999.999442,999.999428,999.999416,999.999406,999.999397,999.999389,999.999384,999.999380,999.999377,999.999377,999.999377,999.999380,999.999384,999.999389,999.999397,999.999406,999.999416,999.999428,999.999442,999.999457,999.999474,999.999493,999.999513,999.999535,999.999558,999.999583,999.999610,999.999638,999.999668,999.999700,999.999733,999.999767,999.999804,999.999842,999.999881,999.999923,999.999965,1000.000010,1000.000056,1000.000103,1000.000153,1000.000203,1000.000256,1000.000310,1000.000365,1000.000423,1000.000482,1000.000544,1000.000607,1000.000653,1000.000653,1000.000596,1000.000503,1000.000398,1000.000294,1000.000179,0.000000,0.000000,0.000000,0.000000,0.000000
0.000000,0.000000,0.000000,0.000000,0.000000,1000.000227,1000.000338,1000.000444,1000.000548,1000.000629,1000.000660,1000.000634,1000.000577,1000.000512,1000.000452,1000.000393,1000.000335,1000.000280,1000.000226,1000.000173,1000.000123,1000.000073,1000.000026,999.999980,999.999935,999.999893,999.999851,999.999812,999.999774,999.999738,999.999703,999.999670,999.999638,999.999608,999.999580,999.999553,999.999528,999.999505,999.999483,999.999463,999.999444,999.999427,999.999412,999.999398,999.999386,999.999376,999.999367,999.999360,999.999354,999.999350,999.999347,999.999347,999.999347,999.999350,999.999354,999.999360,999.999367,999.999376,999.999386,999.999398,999.999412,999.999427,999.999444,999.999463,999.999483,999.999505,999.999528,999.999553,999.999580,999.999608,999.999638,999.999670,999.999703,999.999738,999.999774,999.999812,999.999851,999.999893,999.999935,999.999980,1000.000026,1000.000073,1000.000123,1000.000173,1000.000226,1000.000280,1000.000335,1000.000393,1000.000452,1000.000512,1000.000577,1000.000634,1000.000660,1000.000629,1000.000548,1000.000444,1000.000338,1000.000227,0.000000,0.000000,0.000000,0.000000,0.000000
0.000000,0.000000,0.000000,0.000000,1000.000157,1000.000273,1000.000380,1000.000489,1000.000588,1000.000650,1000.000654,1000.000609,1000.000546,1000.000483,1000.000423,1000.000364,1000.000307,1000.000252,1000.000198,1000.000145,1000.000094,1000.000045,999.999998,999.999952,999.999907,999.999864,999.999823,999.999784,999.999746,999.999709,999.999675,999.999641,999.999610,999.999580,999.999552,999.999525,999.999500,999.999477,999.999455,999.999435,999.999416,999.999399,999.999384,999.999370,999.999358,999.999347,999.999339,999.999331,999.999326,999.999322,999.999319,999.999318,999.999319,999.999322,999.999326,999.999331,999.999339,999.999347,999.999358,999.999370,999.999384,999.999399,999.999416,999.999435,999.999455,999.999477,999.999500,999.999525,999.999552,999.999580,999.999610,999.999641,999.999675,999.999709,999.999746,999.999784,999.999823,999.999864,999.999907,999.999952,999.999998,1000.000045,1000.000094,1000.000145,1000.000198,1000.000252,1000.000307,1000.000364,1000.000423,1000.000483,1000.000546,1000.000609,1000.000654,1000.000650,1000.000588,1000.000489,1000.000380,1000.000273,1000.000157,0.000000,0.000000,0.000000,0.000000
0.000000,0.000000,0.000000,0.000000,1000.000200,1000.000312,1000.000420,1000.000528,1000.000619,1000.000658,1000.000638,1000.000581,1000.000518,1000.000456,1000.000397,1000.000337,1000.000280,1000.000225,1000.000171,1000.000118,1000.000068,1000.000018,999.999971,999.999925,999.999880,999.999838,999.999797,999.999757,999.999719,999.999683,999.999648,999.999615,999.999583,999.999553,999.999525,999.999498,999.999473,999.999450,999.999428,999.999408,999.999389,999.999372,999.999357,999.999343,999.999331,999.999321,999.999312,999.999305,999.999299,999.999295,999.999292,999.999292,999.999292,999.999295,999.999299,999.999305,999.999312,999.999321,999.999331,999.999343,999.999357,999.999372,999.999389,999.999408,999.999428,999.999450,999.999473,999.999498,999.999525,999.999553,999.999583,999.999615,999.999648,999.999683,999.999719,999.999757,999.999797,999.999838,999.999880,999.999925,999.999971,1000.000018,1000.000068,1000.000118,1000.000171,1000.000225,1000.000280,1000.000337,1000.000397,1000.000456,1000.000518,1000.000581,1000.000638,1000.000658,1000.000619,1000.000528,1000.000420,1000.000312,1000.000200,0.000000,0.000000,0.000000,0.000000
