0.000000,0.000000,0.000000,0.000000,0.000000,0.000000,0.000000,0.000000,0.000000,0.000000,0.000000,0.000000,0.000000,0.000000,0.000000,0.000000,0.000000,0.000000,0.000000,0.000000,0.000000,0.000000,0.000000,0.000000,0.000000,0.000000,0.000000,0.000000,0.000000,0.000000,0.000000,0.000000,0.000000,0.000000,0.000000,0.000000,0.000000,0.000000,0.000000,0.000000,0.000000,0.000000,0.000000,0.000000,0.000000,0.000000,0.000000,0.000000,0.000000,0.000000,0.000000,0.000000,0.000000,0.000000,0.000000,0.000000,0.000000,0.000000,0.000000,0.000000,0.000000,0.000000,0.000000,0.000000,0.000000,0.000000,0.000000,0.000000,0.000000,0.000000,0.000000,0.000000,0.000000,0.000000,0.000000,0.000000,0.000000,0.000000,0.000000,0.000000,0.000000,0.000000,0.000000,0.000000,0.000000,0.000000,0.000000,0.000000,0.000000,0.000000,0.000000,0.000000,0.000000,0.000000,0.000000,0.000000,0.000000,0.000000,0.000000,0.000000,0.000000,0.000000,0.000000
0.000000,0.000000,0.000000,0.000000,0.000000,0.000000,0.000000,0.000000,0.000000,0.000000,0.000000,0.000000,0.000000,0.000000,0.000000,0.000000,0.000000,0.000000,0.000000,0.000000,0.000000,0.000000,0.000000,0.000000,0.000000,0.000000,0.000000,0.000000,0.000000,0.000000,0.000000,0.000000,0.000000,0.000000,0.000000,0.000000,0.000000,0.000000,0.000000,0.000000,0.000000,0.000000,0.000000,0.000000,0.000000,0.000000,0.000000,0.000000,0.000000,0.000000,0.000000,999.997809,0.000000,0.000000,0.000000,0.000000,0.000000,0.000000,0.000000,0.000000,0.000000,0.000000,0.000000,0.000000,0.000000,0.000000,0.000000,0.000000,0.000000,0.000000,0.000000,0.000000,0.000000,0.000000,0.000000,0.000000,0.000000,0.000000,0.000000,0.000000,0.000000,0.000000,0.000000,0.000000,0.000000,0.000000,0.000000,0.000000,0.000000,0.000000,0.000000,0.000000,0.000000,0.000000,0.000000,0.000000,0.000000,0.000000,0.000000,0.000000,0.000000,0.000000,0.000000
0.000000,0.000000,0.000000,0.000000,0.000000,0.000000,0.000000,0.000000,0.000000,0.000000,0.000000,0.000000,0.000000,0.000000,0.000000,0.000000,0.000000,0.000000,0.000000,0.000000,0.000000,0.000000,0.000000,0.000000,0.000000,0.000000,0.000000,0.000000,0.000000,0.000000,0.000000,0.000000,0.000000,0.000000,0.000000,0.000000,0.000000,0.000000,0.000000,0.000000,0.000000,0.000000,999.996101,999.993807,999.993851,999.994313,999.994885,999.995392,999.996029,999.996898,999.997703,999.997782,999.997899,999.998563,999.999388,999.999795,1000.000227,1000.000555,1000.000829,1000.000801,999.999218,0.000000,0.000000,0.000000,0.000000,0.000000,0.000000,0.000000,0.000000,0.000000,0.000000,0.000000,0.000000,0.000000,0.000000,0.000000,0.000000,0.000000,0.000000,0.000000,0.000000,0.000000,0.000000,0.000000,0.000000,0.000000,0.000000,0.000000,0.000000,0.000000,0.000000,0.000000,0.000000,0.000000,0.000000,0.000000,0.000000,0.000000,0.000000,0.000000,0.000000,0.000000,0.000000
0.000000,0.000000,0.000000,0.000000,0.000000,0.000000,0.000000,0.000000,0.000000,0.000000,0.000000,0.000000,0.000000,0.000000,0.000000,0.000000,0.000000,0.000000,0.000000,0.000000,0.000000,0.000000,0.000000,0.000000,0.000000,0.000000,0.000000,0.000000,0.000000,0.000000,0.000000,0.000000,0.000000,0.000000,0.000000,0.000000,0.000000,999.992621,999.990446,999.990273,999.991385,999.993042,999.995385,999.994824,999.994456,999.994603,999.995018,999.995555,999.996097,999.996672,999.997499,999.997707,999.997860,999.998640,999.999088,999.999546,999.999889,1000.000196,1000.000291,999.999987,999.999619,1000.001106,1000.002156,1000.002643,1000.002430,1000.001206,0.000000,0.000000,0.000000,0.000000,0.000000,0.000000,0.000000,0.000000,0.000000,0.000000,0.000000,0.000000,0.000000,0.000000,0.000000,0.000000,0.000000,0.000000,0.000000,0.000000,0.000000,0.000000,0.000000,0.000000,0.000000,0.000000,0.000000,0.000000,0.000000,0.000000,0.000000,0.000000,0.000000,0.000000,0.000000,0.000000,0.000000
0.000000,0.000000,0.000000,0.000000,0.000000,0.000000,0.000000,0.000000,0.000000,0.000000,0.000000,0.000000,0.000000,0.000000,0.000000,0.000000,0.000000,0.000000,0.000000,0.000000,0.000000,0.000000,0.000000,0.000000,0.000000,0.000000,0.000000,0.000000,0.000000,0.000000,0.000000,0.000000,0.000000,0.000000,999.990569,999.988955,999.989840,999.992071,999.991665,999.991482,999.991851,999.993268,999.994077,999.994260,999.994492,999.994795,999.995147,999.995617,999.996175,999.996632,999.997123,999.997588,999.998052,999.998483,999.998918,999.999335,999.999688,999.999935,1000.000139,1000.000242,1000.000363,1000.000841,1000.001688,1000.001899,1000.001733,1000.001443,1000.002582,1000.002986,1000.002165,0.000000,0.000000,0.000000,0.000000,0.000000,0.000000,0.000000,0.000000,0.000000,0.000000,0.000000,0.000000,0.000000,0.000000,0.000000,0.000000,0.000000,0.000000,0.000000,0.000000,0.000000,0.000000,0.000000,0.000000,0.000000,0.000000,0.000000,0.000000,0.000000,0.000000,0.000000,0.000000,0.000000,0.000000
0.000000,0.000000,0.000000,0.000000,0.000000,0.000000,0.000000,0.000000,0.000000,0.000000,0.000000,0.000000,0.000000,0.000000,0.000000,0.000000,0.000000,0.000000,0.000000,0.000000,0.000000,0.000000,0.000000,0.000000,0.000000,0.000000,0.000000,0.000000,0.000000,0.000000,0.000000,0.000000,999.989918,999.988462,999.990299,999.990118,999.990767,999.991232,999.991428,999.991834,999.992276,999.992985,999.993514,999.994095,999.994470,999.994821,999.995239,999.995665,999.996175,999.996641,999.997095,999.997545,999.998015,999.998421,999.998822,999.999204,999.999557,999.999828,1000.000050,1000.000306,1000.000648,1000.000910,1000.001329,1000.001575,1000.001805,1000.001840,1000.002036,1000.002305,1000.002221,1000.003036,1000.002308,0.000000,0.000000,0.000000,0.000000,0.000000,0.000000,0.000000,0.000000,0.000000,0.000000,0.000000,0.000000,0.000000,0.000000,0.000000,0.000000,0.000000,0.000000,0.000000,0.000000,0.000000,0.000000,0.000000,0.000000,0.000000,0.000000,0.000000,0.000000,0.000000,0.000000,0.000000,0.000000
0.000000,0.000000,0.000000,0.000000,0.000000,0.000000,0.000000,0.000000,0.000000,0.000000,0.000000,0.000000,0.000000,0.000000,0.000000,0.000000,0.000000,0.000000,0.000000,0.000000,0.000000,0.000000,0.000000,0.000000,0.000000,0.000000,0.000000,0.000000,0.000000,0.000000,999.988387,999.987048,999.989206,999.989770,999.989988,999.990131,999.990605,999.990927,999.991459,999.991925,999.992350,999.992906,999.993417,999.993953,999.994365,999.994803,999.995219,999.995663,999.996081,999.996614,999.997050,999.997524,999.997942,999.998355,999.998758,999.999118,999.999449,999.999775,1000.000030,1000.000302,1000.000631,1000.000932,1000.001203,1000.001440,1000.001644,1000.001889,1000.002036,1000.002247,1000.002290,1000.002362,1000.002576,1000.003490,1000.002923,0.000000,0.000000,0.000000,0.000000,0.000000,0.000000,0.000000,0.000000,0.000000,0.000000,0.000000,0.000000,0.000000,0.000000,0.000000,0.000000,0.000000,0.000000,0.000000,0.000000,0.000000,0.000000,0.000000,0.000000,0.000000,0.000000,0.000000,0.000000,0.000000,0.000000
0.000000,0.000000,0.000000,0.000000,0.000000,0.000000,0.000000,0.000000,0.000000,0.000000,0.000000,0.000000,0.000000,0.000000,0.000000,0.000000,0.000000,0.000000,0.000000,0.000000,0.000000,0.000000,0.000000,0.000000,0.000000,0.000000,0.000000,0.000000,999.986956,999.985707,999.987844,999.988549,999.988938,999.989312,999.989594,999.990126,999.990533,999.990929,999.991423,999.991847,999.992358,999.992871,999.993327,999.993836,999.994322,999.994776,999.995212,999.995695,999.996125,999.996595,999.997024,999.997477,999.997899,999.998306,999.998721,999.999081,999.999423,999.999748,1000.000045,1000.000351,1000.000615,1000.000913,1000.001155,1000.001417,1000.001619,1000.001864,1000.002016,1000.002204,1000.002378,1000.002496,1000.002639,1000.002796,1000.003034,1000.003891,1000.003325,0.000000,0.000000,0.000000,0.000000,0.000000,0.000000,0.000000,0.000000,0.000000,0.000000,0.000000,0.000000,0.000000,0.000000,0.000000,0.000000,0.000000,0.000000,0.000000,0.000000,0.000000,0.000000,0.000000,0.000000,0.000000,0.000000,0.000000,0.000000
0.000000,0.000000,0.000000,0.000000,0.000000,0.000000,0.000000,0.000000,0.000000,0.000000,0.000000,0.000000,0.000000,0.000000,0.000000,0.000000,0.000000,0.000000,0.000000,0.000000,0.000000,0.000000,0.000000,0.000000,0.000000,0.000000,999.985632,999.984585,999.986508,999.987226,999.987672,999.988161,999.988526,999.989133,999.989560,999.990031,999.990434,999.990905,999.991336,999.991789,999.992294,999.992781,999.993286,999.993768,999.994267,999.994732,999.995199,999.995712,999.996129,999.996601,999.997033,999.997484,999.997896,999.998309,999.998699,999.999081,999.999417,999.999730,1000.000057,1000.000358,1000.000634,1000.000878,1000.001144,1000.001405,1000.001636,1000.001837,1000.002020,1000.002180,1000.002343,1000.002507,1000.002739,1000.002904,1000.003049,1000.003224,1000.003467,1000.004137,1000.003739,0.000000,0.000000,0.000000,0.000000,0.000000,0.000000,0.000000,0.000000,0.000000,0.000000,0.000000,0.000000,0.000000,0.000000,0.000000,0.000000,0.000000,0.000000,0.000000,0.000000,0.000000,0.000000,0.000000,0.000000,0.000000,0.000000
0.000000,0.000000,0.000000,0.000000,0.000000,0.000000,0.000000,0.000000,0.000000,0.000000,0.000000,0.000000,0.000000,0.000000,0.000000,0.000000,0.000000,0.000000,0.000000,0.000000,0.000000,0.000000,0.000000,0.000000,999.984726,999.983901,999.985433,999.986055,999.986467,999.986977,999.987367,999.988029,999.988469,999.988979,999.989403,999.989880,999.990343,999.990811,999.991258,999.991763,999.992256,999.992775,999.993228,999.993758,999.994231,999.994721,999.995178,999.995671,999.996114,999.996600,999.997060,999.997490,999.997926,999.998327,999.998705,999.999087,999.999445,999.999763,1000.000061,1000.000347,1000.000665,1000.000955,1000.001193,1000.001420,1000.001636,1000.001841,1000.002037,1000.002225,1000.002403,1000.002591,1000.002699,1000.002896,1000.003126,1000.003257,1000.003443,1000.003565,1000.003750,1000.004293,1000.003938,0.000000,0.000000,0.000000,0.000000,0.000000,0.000000,0.000000,0.000000,0.000000,0.000000,0.000000,0.000000,0.000000,0.000000,0.000000,0.000000,0.000000,0.000000,0.000000,0.000000,0.000000,0.000000,0.000000,0.000000
0.000000,0.000000,0.000000,0.000000,0.000000,0.000000,0.000000,0.000000,0.000000,0.000000,0.000000,0.000000,0.000000,0.000000,0.000000,0.000000,0.000000,0.000000,0.000000,0.000000,0.000000,0.000000,0.000000,999.985040,999.984724,999.985080,999.985473,999.985940,999.986302,999.986895,999.987407,999.987876,999.988343,999.988832,999.989301,999.989771,999.990222,999.990692,999.991203,999.991703,999.992206,999.992682,999.993205,999.993731,999.994202,999.994713,999.995225,999.995676,999.996152,999.996636,999.997078,999.997507,999.997958,999.998359,999.998738,999.999104,999.999477,999.999817,1000.000119,1000.000412,1000.000694,1000.000960,1000.001229,1000.001435,1000.001652,1000.001880,1000.002065,1000.002236,1000.002416,1000.002620,1000.002765,1000.002907,1000.003075,1000.003240,1000.003430,1000.003563,1000.003675,1000.003797,1000.003906,1000.003784,0.000000,0.000000,0.000000,0.000000,0.000000,0.000000,0.000000,0.000000,0.000000,0.000000,0.000000,0.000000,0.000000,0.000000,0.000000,0.000000,0.000000,0.000000,0.000000,0.000000,0.000000,0.000000,0.000000
0.000000,0.000000,0.000000,0.000000,0.000000,0.000000,0.000000,0.000000,0.000000,0.000000,0.000000,0.000000,0.000000,0.000000,0.000000,0.000000,0.000000,0.000000,0.000000,0.000000,0.000000,999.983408,999.982912,999.984563,999.984962,999.985254,999.985479,999.985912,999.986372,999.986831,999.987303,999.987736,999.988237,999.988709,999.989204,999.989642,999.990141,999.990610,999.991129,999.991622,999.992109,999.992633,999.993180,999.993668,999.994173,999.994696,999.995218,999.995690,999.996201,999.996666,999.997121,999.997559,999.997997,999.998412,999.998809,999.999162,999.999502,999.999843,1000.000225,1000.000501,1000.000755,1000.001016,1000.001271,1000.001508,1000.001742,1000.001924,1000.002120,1000.002276,1000.002448,1000.002613,1000.002805,1000.002981,1000.003097,1000.003240,1000.003399,1000.003528,1000.003675,1000.003714,1000.003779,1000.003910,1000.004435,1000.004274,0.000000,0.000000,0.000000,0.000000,0.000000,0.000000,0.000000,0.000000,0.000000,0.000000,0.000000,0.000000,0.000000,0.000000,0.000000,0.000000,0.000000,0.000000,0.000000,0.000000,0.000000
0.000000,0.000000,0.000000,0.000000,0.000000,0.000000,0.000000,0.000000,0.000000,0.000000,0.000000,0.000000,0.000000,0.000000,0.000000,0.000000,0.000000,0.000000,0.000000,0.000000,999.983701,999.983650,999.983986,999.984462,999.984787,999.985185,999.985550,999.985922,999.986356,999.986755,999.987208,999.987645,999.988140,999.988585,999.989028,999.989534,999.990045,999.990513,999.991047,999.991518,999.992090,999.992627,999.993101,999.993663,999.994192,999.994729,999.995212,999.995722,999.996249,999.996710,999.997205,999.997646,999.998073,999.998502,999.998909,999.999292,999.999613,999.999944,1000.000277,1000.000550,1000.000832,1000.001095,1000.001357,1000.001577,1000.001791,1000.002006,1000.002169,1000.002384,1000.002539,1000.002655,1000.002805,1000.002975,1000.003115,1000.003251,1000.003380,1000.003516,1000.003612,1000.003730,1000.003814,1000.003889,1000.004052,1000.004137,1000.004134,0.000000,0.000000,0.000000,0.000000,0.000000,0.000000,0.000000,0.000000,0.000000,0.000000,0.000000,0.000000,0.000000,0.000000,0.000000,0.000000,0.000000,0.000000,0.000000,0.000000
0.000000,0.000000,0.000000,0.000000,0.000000,0.000000,0.000000,0.000000,0.000000,0.000000,0.000000,0.000000,0.000000,0.000000,0.000000,0.000000,0.000000,0.000000,0.000000,999.983412,999.983696,999.983889,999.984222,999.984445,999.984801,999.985188,999.985508,999.985890,999.986280,999.986715,999.987132,999.987547,999.988019,999.988441,999.988915,999.989419,999.989911,999.990413,999.990942,999.991481,999.992011,999.992517,999.993092,999.993644,999.994198,999.994749,999.995273,999.995793,999.996302,999.996772,999.997264,999.997727,999.998147,999.998570,999.998956,999.999354,999.999733,1000.000084,1000.000353,1000.000669,1000.000971,1000.001204,1000.001443,1000.001652,1000.001850,1000.002056,1000.002260,1000.002411,1000.002599,1000.002750,1000.002862,1000.002999,1000.003144,1000.003280,1000.003391,1000.003490,1000.003592,1000.003716,1000.003834,1000.003888,1000.003963,1000.004031,1000.004082,1000.004154,0.000000,0.000000,0.000000,0.000000,0.000000,0.000000,0.000000,0.000000,0.000000,0.000000,0.000000,0.000000,0.000000,0.000000,0.000000,0.000000,0.000000,0.000000,0.000000
0.000000,0.000000,0.000000,0.000000,0.000000,0.000000,0.000000,0.000000,0.000000,0.000000,0.000000,0.000000,0.000000,0.000000,0.000000,0.000000,0.000000,0.000000,999.983157,999.983495,999.983761,999.983978,999.984262,999.984515,999.984851,999.985177,999.985513,999.985867,999.986250,999.986597,999.986998,999.987427,999.987862,999.988313,999.988811,999.989284,999.989791,999.990301,999.990842,999.991386,999.991923,999.992488,999.993085,999.993659,999.994193,999.994736,999.995308,999.995856,999.996380,999.996861,999.997371,999.997853,999.998293,999.998739,999.999106,999.999489,999.999851,1000.000184,1000.000459,1000.000804,1000.001079,1000.001329,1000.001560,1000.001785,1000.001992,1000.002151,1000.002351,1000.002490,1000.002630,1000.002792,1000.002952,1000.003062,1000.003181,1000.003284,1000.003401,1000.003508,1000.003579,1000.003664,1000.003797,1000.003869,1000.003935,1000.004005,1000.004048,1000.004140,1000.004250,0.000000,0.000000,0.000000,0.000000,0.000000,0.000000,0.000000,0.000000,0.000000,0.000000,0.000000,0.000000,0.000000,0.000000,0.000000,0.000000,0.000000,0.000000
0.000000,0.000000,0.000000,0.000000,0.000000,0.000000,0.000000,0.000000,0.000000,0.000000,0.000000,0.000000,0.000000,0.000000,0.000000,0.000000,0.000000,999.982911,999.983290,999.983562,999.983788,999.984051,999.984333,999.984581,999.984863,999.985147,999.985470,999.985797,999.986145,999.986503,999.986905,999.987284,999.987740,999.988185,999.988657,999.989123,999.989642,999.990181,999.990738,999.991283,999.991878,999.992457,999.993057,999.993626,999.994205,999.994792,999.995370,999.995909,999.996472,999.996995,999.997487,999.997960,999.998437,999.998852,999.999290,999.999677,1000.000013,1000.000351,1000.000676,1000.000945,1000.001200,1000.001432,1000.001698,1000.001916,1000.002092,1000.002271,1000.002433,1000.002613,1000.002758,1000.002868,1000.003017,1000.003134,1000.003229,1000.003319,1000.003411,1000.003531,1000.003615,1000.003667,1000.003752,1000.003839,1000.003883,1000.003968,1000.004036,1000.004112,1000.004180,1000.004282,0.000000,0.000000,0.000000,0.000000,0.000000,0.000000,0.000000,0.000000,0.000000,0.000000,0.000000,0.000000,0.000000,0.000000,0.000000,0.000000,0.000000
0.000000,0.000000,0.000000,0.000000,0.000000,0.000000,0.000000,0.000000,0.000000,0.000000,0.000000,0.000000,0.000000,0.000000,0.000000,0.000000,999.982923,999.983148,999.983408,999.983630,999.983901,999.984137,999.984390,999.984619,999.984879,999.985140,999.985433,999.985726,999.986046,999.986396,999.986750,999.987149,999.987567,999.988008,999.988453,999.988976,999.989492,999.990026,999.990598,999.991179,999.991780,999.992391,999.992996,999.993598,999.994254,999.994869,999.995459,999.996019,999.996585,999.997140,999.997643,999.998132,999.998586,999.999021,999.999421,999.999817,1000.000163,1000.000514,1000.000855,1000.001145,1000.001379,1000.001618,1000.001844,1000.002056,1000.002252,1000.002419,1000.002560,1000.002711,1000.002863,1000.002975,1000.003081,1000.003176,1000.003293,1000.003386,1000.003467,1000.003529,1000.003627,1000.003686,1000.003748,1000.003844,1000.003885,1000.003939,1000.004012,1000.004084,1000.004136,1000.004243,1000.004324,0.000000,0.000000,0.000000,0.000000,0.000000,0.000000,0.000000,0.000000,0.000000,0.000000,0.000000,0.000000,0.000000,0.000000,0.000000,0.000000
0.000000,0.000000,0.000000,0.000000,0.000000,0.000000,0.000000,0.000000,0.000000,0.000000,0.000000,0.000000,0.000000,0.000000,0.000000,999.982911,999.983148,999.983372,999.983592,999.983804,999.984047,999.984211,999.984415,999.984631,999.984842,999.985108,999.985372,999.985633,999.985918,999.986242,999.986594,999.986987,999.987368,999.987807,999.988275,999.988815,999.989314,999.989865,999.990453,999.991071,999.991691,999.992343,999.992994,999.993651,999.994284,999.994893,999.995536,999.996116,999.996725,999.997278,999.997819,999.998314,999.998799,999.999246,999.999669,1000.000068,1000.000421,1000.000743,1000.001017,1000.001301,1000.001578,1000.001818,1000.002031,1000.002202,1000.002392,1000.002584,1000.002720,1000.002818,1000.002965,1000.003070,1000.003178,1000.003267,1000.003351,1000.003442,1000.003511,1000.003569,1000.003668,1000.003688,1000.003745,1000.003799,1000.003875,1000.003913,1000.003977,1000.004037,1000.004081,1000.004166,1000.004254,1000.004288,0.000000,0.000000,0.000000,0.000000,0.000000,0.000000,0.000000,0.000000,0.000000,0.000000,0.000000,0.000000,0.000000,0.000000,0.000000
0.000000,0.000000,0.000000,0.000000,0.000000,0.000000,0.000000,0.000000,0.000000,0.000000,0.000000,0.000000,0.000000,0.000000,999.983157,999.983290,999.983408,999.983592,999.983741,999.983915,999.984110,999.984245,999.984461,999.984652,999.984862,999.985063,999.985288,999.985526,999.985807,999.986104,999.986423,999.986773,999.987148,999.987591,999.988052,999.988569,999.989095,999.989690,999.990321,999.990952,999.991576,999.992278,999.992970,999.993630,999.994328,999.994981,999.995650,999.996288,999.996922,999.997446,999.998025,999.998532,999.999015,999.999454,999.999878,1000.000262,1000.000633,1000.000961,1000.001267,1000.001526,1000.001801,1000.002021,1000.002209,1000.002409,1000.002551,1000.002724,1000.002842,1000.002991,1000.003075,1000.003181,1000.003270,1000.003384,1000.003427,1000.003500,1000.003585,1000.003601,1000.003683,1000.003728,1000.003786,1000.003803,1000.003861,1000.003897,1000.003971,1000.003998,1000.004050,1000.004079,1000.004151,1000.004182,1000.004291,0.000000,0.000000,0.000000,0.000000,0.000000,0.000000,0.000000,0.000000,0.000000,0.000000,0.000000,0.000000,0.000000,0.000000
0.000000,0.000000,0.000000,0.000000,0.000000,0.000000,0.000000,0.000000,0.000000,0.000000,0.000000,0.000000,0.000000,999.983412,999.983495,999.983562,999.983630,999.983804,999.983915,999.984085,999.984214,999.984383,999.984530,999.984661,999.984830,999.984953,999.985167,999.985383,999.985622,999.985910,999.986183,999.986524,999.986910,999.987340,999.987805,999.988304,999.988845,999.989484,999.990112,999.990765,999.991473,999.992207,999.992896,999.993625,999.994387,999.995101,999.995769,999.996442,999.997071,999.997654,999.998249,999.998799,999.999304,999.999765,1000.000188,1000.000543,1000.000906,1000.001221,1000.001525,1000.001805,1000.002039,1000.002242,1000.002436,1000.002627,1000.002776,1000.002903,1000.003023,1000.003141,1000.003249,1000.003311,1000.003400,1000.003472,1000.003523,1000.003554,1000.003637,1000.003669,1000.003710,1000.003742,1000.003798,1000.003838,1000.003871,1000.003868,1000.003911,1000.003996,1000.003999,1000.004044,1000.004119,1000.004130,1000.004158,1000.004179,0.000000,0.000000,0.000000,0.000000,0.000000,0.000000,0.000000,0.000000,0.000000,0.000000,0.000000,0.000000,0.000000
0.000000,0.000000,0.000000,0.000000,0.000000,0.000000,0.000000,0.000000,0.000000,0.000000,0.000000,0.000000,999.983701,999.983696,999.983761,999.983788,999.983901,999.984047,999.984110,999.984214,999.984330,999.984395,999.984508,999.984619,999.984765,999.984924,999.985109,999.985262,999.985467,999.985679,999.985924,999.986284,999.986611,999.987030,999.987467,999.987997,999.988585,999.989214,999.989870,999.990576,999.991366,999.992120,999.992893,999.993688,999.994462,999.995210,999.995952,999.996660,999.997318,999.997967,999.998540,999.999043,999.999546,1000.000021,1000.000455,1000.000853,1000.001220,1000.001540,1000.001802,1000.002064,1000.002301,1000.002493,1000.002676,1000.002853,1000.002965,1000.003119,1000.003206,1000.003326,1000.003391,1000.003471,1000.003498,1000.003587,1000.003625,1000.003674,1000.003681,1000.003719,1000.003763,1000.003788,1000.003797,1000.003829,1000.003878,1000.003888,1000.003886,1000.003931,1000.003990,1000.003971,1000.004040,1000.004071,1000.004085,1000.004143,1000.004164,0.000000,0.000000,0.000000,0.000000,0.000000,0.000000,0.000000,0.000000,0.000000,0.000000,0.000000,0.000000
0.000000,0.000000,0.000000,0.000000,0.000000,0.000000,0.000000,0.000000,0.000000,0.000000,0.000000,999.983408,999.983650,999.983889,999.983978,999.984051,999.984137,999.984211,999.984245,999.984383,999.984395,999.984494,999.984639,999.984674,999.984796,999.984836,999.984937,999.985035,999.985208,999.985390,999.985641,999.985932,999.986232,999.986676,999.987116,999.987672,999.988233,999.988912,999.989606,999.990393,999.991187,999.992003,999.992868,999.993705,999.994531,999.995307,999.996128,999.996852,999.997557,999.998244,999.998865,999.999434,999.999936,1000.000402,1000.000798,1000.001188,1000.001528,1000.001848,1000.002114,1000.002356,1000.002577,1000.002791,1000.002929,1000.003090,1000.003188,1000.003328,1000.003419,1000.003467,1000.003561,1000.003620,1000.003652,1000.003681,1000.003736,1000.003762,1000.003781,1000.003791,1000.003803,1000.003822,1000.003826,1000.003834,1000.003875,1000.003884,1000.003887,1000.003893,1000.003933,1000.003950,1000.003970,1000.004012,1000.004012,1000.004072,1000.004179,1000.004251,0.000000,0.000000,0.000000,0.000000,0.000000,0.000000,0.000000,0.000000,0.000000,0.000000,0.000000
0.000000,0.000000,0.000000,0.000000,0.000000,0.000000,0.000000,0.000000,0.000000,0.000000,0.000000,999.982912,999.983986,999.984222,999.984262,999.984333,999.984390,999.984415,999.984461,999.984530,999.984508,999.984639,999.984586,999.984561,999.984633,999.984656,999.984774,999.984866,999.985009,999.985149,999.985322,999.985562,999.985848,999.986234,999.986684,999.987220,999.987824,999.988529,999.989295,999.990137,999.990999,999.991905,999.992834,999.993759,999.994667,999.995555,999.996389,999.997171,999.997896,999.998542,999.999150,999.999747,1000.000302,1000.000777,1000.001213,1000.001582,1000.001913,1000.002214,1000.002484,1000.002700,1000.002896,1000.003079,1000.003228,1000.003359,1000.003475,1000.003545,1000.003649,1000.003677,1000.003731,1000.003793,1000.003830,1000.003825,1000.003839,1000.003870,1000.003860,1000.003875,1000.003865,1000.003860,1000.003870,1000.003847,1000.003854,1000.003890,1000.003879,1000.003870,1000.003890,1000.003900,1000.003911,1000.003948,1000.003995,1000.003982,1000.004069,1000.004439,0.000000,0.000000,0.000000,0.000000,0.000000,0.000000,0.000000,0.000000,0.000000,0.000000,0.000000
0.000000,0.000000,0.000000,0.000000,0.000000,0.000000,0.000000,0.000000,0.000000,0.000000,999.985040,999.984563,999.984462,999.984445,999.984515,999.984581,999.984619,999.984631,999.984652,999.984661,999.984619,999.984674,999.984561,999.984625,999.984750,999.984653,999.984685,999.984661,999.984668,999.984730,999.984883,999.985098,999.985365,999.985723,999.986160,999.986721,999.987379,999.988114,999.988926,999.989837,999.990790,999.991776,999.992787,999.993775,999.994759,999.995722,999.996591,999.997468,999.998278,999.999025,999.999668,1000.000230,1000.000726,1000.001181,1000.001600,1000.001999,1000.002307,1000.002597,1000.002848,1000.003066,1000.003243,1000.003397,1000.003525,1000.003646,1000.003729,1000.003787,1000.003843,1000.003917,1000.003925,1000.003930,1000.003974,1000.003977,1000.003948,1000.003951,1000.003957,1000.003961,1000.003925,1000.003922,1000.003906,1000.003890,1000.003863,1000.003847,1000.003857,1000.003865,1000.003844,1000.003862,1000.003863,1000.003890,1000.003915,1000.003969,1000.003958,1000.003963,1000.003864,0.000000,0.000000,0.000000,0.000000,0.000000,0.000000,0.000000,0.000000,0.000000,0.000000
0.000000,0.000000,0.000000,0.000000,0.000000,0.000000,0.000000,0.000000,0.000000,999.984726,999.984724,999.984962,999.984787,999.984801,999.984851,999.984863,999.984879,999.984842,999.984862,999.984830,999.984765,999.984796,999.984633,999.984750,999.984561,999.984315,999.984385,999.984292,999.984354,999.984410,999.984497,999.984610,999.984820,999.985137,999.985556,999.986089,999.986753,999.987554,999.988458,999.989472,999.990525,999.991666,999.992776,999.993910,999.994996,999.996048,999.996979,999.997854,999.998636,999.999392,1000.000070,1000.000704,1000.001244,1000.001715,1000.002109,1000.002468,1000.002751,1000.003031,1000.003247,1000.003453,1000.003612,1000.003750,1000.003857,1000.003947,1000.004026,1000.004068,1000.004108,1000.004128,1000.004166,1000.004124,1000.004122,1000.004126,1000.004117,1000.004078,1000.004023,1000.004020,1000.003994,1000.003961,1000.003932,1000.003922,1000.003891,1000.003879,1000.003815,1000.003834,1000.003821,1000.003804,1000.003807,1000.003818,1000.003835,1000.003868,1000.003891,1000.003858,1000.003960,1000.003991,0.000000,0.000000,0.000000,0.000000,0.000000,0.000000,0.000000,0.000000,0.000000
0.000000,0.000000,0.000000,0.000000,0.000000,0.000000,0.000000,0.000000,0.000000,999.983901,999.985080,999.985254,999.985185,999.985188,999.985177,999.985147,999.985140,999.985108,999.985063,999.984953,999.984924,999.984836,999.984656,999.984653,999.984315,999.984326,999.984425,999.984169,999.984094,999.983954,999.983857,999.983914,999.984083,999.984387,999.984789,999.985345,999.986076,999.986939,999.987939,999.989038,999.990238,999.991468,999.992737,999.993971,999.995138,999.996306,999.997413,999.998412,999.999260,999.999996,1000.000643,1000.001225,1000.001760,1000.002244,1000.002634,1000.002947,1000.003259,1000.003503,1000.003713,1000.003869,1000.004003,1000.004124,1000.004190,1000.004268,1000.004305,1000.004351,1000.004349,1000.004341,1000.004348,1000.004351,1000.004303,1000.004266,1000.004240,1000.004221,1000.004146,1000.004093,1000.004061,1000.004029,1000.003945,1000.003914,1000.003881,1000.003860,1000.003836,1000.003803,1000.003785,1000.003770,1000.003748,1000.003766,1000.003744,1000.003772,1000.003800,1000.003801,1000.003868,1000.004274,0.000000,0.000000,0.000000,0.000000,0.000000,0.000000,0.000000,0.000000,0.000000
0.000000,0.000000,0.000000,0.000000,0.000000,0.000000,0.000000,0.000000,999.985632,999.985433,999.985473,999.985479,999.985550,999.985508,999.985513,999.985470,999.985433,999.985372,999.985288,999.985167,999.985109,999.984937,999.984774,999.984685,999.984385,999.984425,999.984087,999.983529,999.983520,999.983336,999.983315,999.983371,999.983435,999.983596,999.983934,999.984488,999.985192,999.986129,999.987231,999.988507,999.989912,999.991331,999.992787,999.994232,999.995527,999.996708,999.997810,999.998808,999.999743,1000.000612,1000.001336,1000.001914,1000.002391,1000.002824,1000.003207,1000.003522,1000.003793,1000.003995,1000.004173,1000.004325,1000.004431,1000.004523,1000.004581,1000.004614,1000.004639,1000.004635,1000.004647,1000.004601,1000.004550,1000.004537,1000.004489,1000.004412,1000.004358,1000.004329,1000.004265,1000.004184,1000.004132,1000.004071,1000.004040,1000.003955,1000.003901,1000.003867,1000.003795,1000.003760,1000.003739,1000.003727,1000.003687,1000.003681,1000.003691,1000.003673,1000.003713,1000.003757,1000.003775,1000.003843,1000.003813,0.000000,0.000000,0.000000,0.000000,0.000000,0.000000,0.000000,0.000000
0.000000,0.000000,0.000000,0.000000,0.000000,0.000000,0.000000,0.000000,999.984585,999.986055,999.985940,999.985912,999.985922,999.985890,999.985867,999.985797,999.985726,999.985633,999.985526,999.985383,999.985262,999.985035,999.984866,999.984661,999.984292,999.984169,999.983529,999.983375,999.983541,999.983042,999.982765,999.982487,999.982321,999.982410,999.982752,999.983290,999.984133,999.985179,999.986450,999.987888,999.989463,999.991077,999.992706,999.994367,999.995945,999.997365,999.998595,999.999651,1000.000491,1000.001281,1000.001978,1000.002578,1000.003084,1000.003495,1000.003832,1000.004129,1000.004350,1000.004537,1000.004673,1000.004796,1000.004877,1000.004933,1000.004965,1000.004968,1000.004956,1000.004938,1000.004918,1000.004882,1000.004816,1000.004742,1000.004691,1000.004598,1000.004509,1000.004420,1000.004374,1000.004268,1000.004206,1000.004108,1000.004017,1000.004000,1000.003914,1000.003840,1000.003809,1000.003734,1000.003712,1000.003667,1000.003636,1000.003632,1000.003624,1000.003588,1000.003603,1000.003625,1000.003631,1000.003637,1000.004174,0.000000,0.000000,0.000000,0.000000,0.000000,0.000000,0.000000,0.000000
0.000000,0.000000,0.000000,0.000000,0.000000,0.000000,0.000000,999.986956,999.986508,999.986467,999.986302,999.986372,999.986356,999.986280,999.986250,999.986145,999.986046,999.985918,999.985807,999.985622,999.985467,999.985208,999.985009,999.984668,999.984354,999.984094,999.983520,999.983541,999.982935,999.981867,999.981677,999.981435,999.981304,999.981420,999.981622,999.982064,999.982787,999.983921,999.985406,999.987126,999.989082,999.991092,999.992960,999.994696,999.996331,999.997801,999.999148,1000.000416,1000.001423,1000.002212,1000.002831,1000.003397,1000.003868,1000.004240,1000.004534,1000.004772,1000.004961,1000.005125,1000.005237,1000.005299,1000.005350,1000.005363,1000.005369,1000.005368,1000.005324,1000.005256,1000.005187,1000.005111,1000.005053,1000.004949,1000.004868,1000.004779,1000.004683,1000.004558,1000.004461,1000.004373,1000.004277,1000.004197,1000.004081,1000.003963,1000.003936,1000.003841,1000.003767,1000.003711,1000.003649,1000.003607,1000.003560,1000.003529,1000.003527,1000.003520,1000.003512,1000.003542,1000.003551,1000.003535,1000.003566,1000.003452,0.000000,0.000000,0.000000,0.000000,0.000000,0.000000,0.000000
0.000000,0.000000,0.000000,0.000000,0.000000,0.000000,0.000000,999.985707,999.987226,999.986977,999.986895,999.986831,999.986755,999.986715,999.986597,999.986503,999.986396,999.986242,999.986104,999.985910,999.985679,999.985390,999.985149,999.984730,999.984410,999.983954,999.983336,999.983042,999.981867,999.981378,999.981643,999.980854,999.980252,999.979911,999.979700,999.980041,999.981073,999.982396,999.984116,999.986142,999.988304,999.990751,999.993155,999.995379,999.997335,999.998956,1000.000213,1000.001311,1000.002311,1000.003109,1000.003762,1000.004290,1000.004685,1000.005014,1000.005282,1000.005486,1000.005626,1000.005726,1000.005805,1000.005822,1000.005844,1000.005833,1000.005782,1000.005740,1000.005680,1000.005601,1000.005500,1000.005399,1000.005288,1000.005171,1000.005043,1000.004945,1000.004817,1000.004696,1000.004573,1000.004438,1000.004324,1000.004231,1000.004141,1000.004027,1000.003895,1000.003837,1000.003763,1000.003673,1000.003619,1000.003545,1000.003521,1000.003453,1000.003413,1000.003425,1000.003367,1000.003361,1000.003396,1000.003405,1000.003358,1000.003941,0.000000,0.000000,0.000000,0.000000,0.000000,0.000000,0.000000
0.000000,0.000000,0.000000,0.000000,0.000000,0.000000,999.988387,999.987844,999.987672,999.987367,999.987407,999.987303,999.987208,999.987132,999.986998,999.986905,999.986750,999.986594,999.986423,999.986183,999.985924,999.985641,999.985322,999.984883,999.984497,999.983857,999.983315,999.982765,999.981677,999.981643,999.980728,999.978744,999.978178,999.977760,999.977660,999.978257,999.979031,999.980331,999.982511,999.985088,999.987887,999.990698,999.993345,999.995766,999.997958,999.999980,1000.001536,1000.002643,1000.003524,1000.004248,1000.004837,1000.005289,1000.005620,1000.005880,1000.006091,1000.006222,1000.006317,1000.006356,1000.006398,1000.006379,1000.006365,1000.006310,1000.006226,1000.006130,1000.006039,1000.005925,1000.005814,1000.005671,1000.005551,1000.005404,1000.005243,1000.005109,1000.004966,1000.004822,1000.004692,1000.004549,1000.004373,1000.004259,1000.004149,1000.004032,1000.003927,1000.003821,1000.003720,1000.003625,1000.003559,1000.003482,1000.003420,1000.003378,1000.003324,1000.003335,1000.003293,1000.003268,1000.003250,1000.003274,1000.003201,1000.003220,1000.003109,0.000000,0.000000,0.000000,0.000000,0.000000,0.000000
0.000000,0.000000,0.000000,0.000000,0.000000,0.000000,999.987048,999.988549,999.988161,999.988029,999.987876,999.987736,999.987645,999.987547,999.987427,999.987284,999.987149,999.986987,999.986773,999.986524,999.986284,999.985932,999.985562,999.985098,999.984610,999.983914,999.983371,999.982487,999.981435,999.980854,999.978744,999.977466,999.977665,999.976588,999.975692,999.975372,999.975992,999.977683,999.980240,999.983724,999.987356,999.991009,999.994499,999.997378,999.999493,1000.001268,1000.002800,1000.003989,1000.004870,1000.005522,1000.005994,1000.006355,1000.006623,1000.006800,1000.006936,1000.007000,1000.007056,1000.007039,1000.007023,1000.006960,1000.006882,1000.006788,1000.006684,1000.006552,1000.006425,1000.006273,1000.006122,1000.005963,1000.005796,1000.005630,1000.005461,1000.005277,1000.005107,1000.004947,1000.004782,1000.004638,1000.004481,1000.004308,1000.004175,1000.004042,1000.003892,1000.003796,1000.003691,1000.003585,1000.003519,1000.003423,1000.003366,1000.003286,1000.003220,1000.003176,1000.003138,1000.003137,1000.003149,1000.003072,1000.003070,1000.002970,1000.003610,0.000000,0.000000,0.000000,0.000000,0.000000,0.000000
0.000000,0.000000,0.000000,0.000000,0.000000,999.989918,999.989206,999.988938,999.988526,999.988469,999.988343,999.988237,999.988140,999.988019,999.987862,999.987740,999.987567,999.987368,999.987148,999.986910,999.986611,999.986232,999.985848,999.985365,999.984820,999.984083,999.983435,999.982321,999.981304,999.980252,999.978178,999.977665,999.976304,999.972803,999.971326,999.971139,999.971572,999.973746,999.977136,999.981257,999.986168,999.990939,999.995122,999.998849,1000.001623,1000.003438,1000.004738,1000.005719,1000.006442,1000.006942,1000.007300,1000.007528,1000.007698,1000.007790,1000.007827,1000.007825,1000.007803,1000.007749,1000.007657,1000.007559,1000.007420,1000.007299,1000.007150,1000.006980,1000.006810,1000.006620,1000.006425,1000.006245,1000.006038,1000.005844,1000.005644,1000.005461,1000.005248,1000.005059,1000.004855,1000.004690,1000.004526,1000.004370,1000.004195,1000.004047,1000.003915,1000.003766,1000.003657,1000.003506,1000.003432,1000.003332,1000.003265,1000.003208,1000.003136,1000.003086,1000.003045,1000.002989,1000.002979,1000.002947,1000.002965,1000.002853,1000.002803,1000.002573,0.000000,0.000000,0.000000,0.000000,0.000000
0.000000,0.000000,0.000000,0.000000,0.000000,999.988462,999.989770,999.989312,999.989133,999.988979,999.988832,999.988709,999.988585,999.988441,999.988313,999.988185,999.988008,999.987807,999.987591,999.987340,999.987030,999.986676,999.986234,999.985723,999.985137,999.984387,999.983596,999.982410,999.981420,999.979911,999.977760,999.976588,999.972803,999.969473,999.968675,999.967010,999.967409,999.969991,999.974148,999.980408,999.986813,999.992562,999.997415,1000.001044,1000.003810,1000.005716,1000.006919,1000.007688,1000.008179,1000.008492,1000.008680,1000.008783,1000.008824,1000.008814,1000.008763,1000.008680,1000.008577,1000.008445,1000.008309,1000.008152,1000.007981,1000.007802,1000.007596,1000.007398,1000.007190,1000.006974,1000.006751,1000.006535,1000.006303,1000.006076,1000.005841,1000.005630,1000.005397,1000.005196,1000.004970,1000.004765,1000.004566,1000.004369,1000.004202,1000.004030,1000.003873,1000.003749,1000.003620,1000.003474,1000.003358,1000.003261,1000.003148,1000.003091,1000.003012,1000.002966,1000.002923,1000.002865,1000.002834,1000.002803,1000.002767,1000.002757,1000.002634,1000.003175,0.000000,0.000000,0.000000,0.000000,0.000000
0.000000,0.000000,0.000000,0.000000,999.990569,999.990299,999.989988,999.989594,999.989560,999.989403,999.989301,999.989204,999.989028,999.988915,999.988811,999.988657,999.988453,999.988275,999.988052,999.987805,999.987467,999.987116,999.986684,999.986160,999.985556,999.984789,999.983934,999.982752,999.981622,999.979700,999.977660,999.975692,999.971326,999.968675,999.965166,999.959740,999.957722,999.959573,999.966223,999.975611,999.985841,999.995301,1000.001689,1000.005263,1000.007401,1000.008688,1000.009464,1000.009899,1000.010089,1000.010173,1000.010158,1000.010095,1000.009999,1000.009857,1000.009713,1000.009553,1000.009376,1000.009180,1000.008981,1000.008782,1000.008540,1000.008322,1000.008087,1000.007829,1000.007598,1000.007327,1000.007064,1000.006800,1000.006544,1000.006289,1000.006022,1000.005781,1000.005517,1000.005286,1000.005058,1000.004836,1000.004622,1000.004405,1000.004205,1000.004040,1000.003839,1000.003665,1000.003561,1000.003412,1000.003266,1000.003182,1000.003091,1000.002986,1000.002880,1000.002819,1000.002782,1000.002717,1000.002699,1000.002685,1000.002619,1000.002639,1000.002568,1000.002499,1000.002437,0.000000,0.000000,0.000000,0.000000
0.000000,0.000000,0.000000,0.000000,999.988955,999.990118,999.990131,999.990126,999.990031,999.989880,999.989771,999.989642,999.989534,999.989419,999.989284,999.989123,999.988976,999.988815,999.988569,999.988304,999.987997,999.987672,999.987220,999.986721,999.986089,999.985345,999.984488,999.983290,999.982064,999.980041,999.978257,999.975372,999.971139,999.967010,999.959740,999.948472,999.943034,999.948769,999.959118,999.972446,999.988226,1000.000155,1000.006602,1000.010271,1000.011708,1000.012211,1000.012355,1000.012291,1000.012124,1000.011920,1000.011682,1000.011428,1000.011178,1000.010923,1000.010672,1000.010421,1000.010167,1000.009910,1000.009649,1000.009384,1000.009109,1000.008831,1000.008567,1000.008264,1000.007977,1000.007699,1000.007389,1000.007098,1000.006790,1000.006508,1000.006222,1000.005941,1000.005654,1000.005376,1000.005124,1000.004870,1000.004633,1000.004410,1000.004219,1000.004002,1000.003813,1000.003623,1000.003476,1000.003333,1000.003183,1000.003062,1000.002948,1000.002871,1000.002806,1000.002715,1000.002651,1000.002575,1000.002554,1000.002532,1000.002498,1000.002473,1000.002487,1000.002585,1000.003175,0.000000,0.000000,0.000000,0.000000
