0.000000,0.000000,0.000000,0.000000,0.000000,0.000000,0.000000,0.000000,0.000000,0.000000,0.000000,0.000000,0.000000,0.000000,0.000000,0.000000,0.000000,0.000000,0.000000,0.000000,0.000000,0.000000,0.000000,0.000000,0.000000,0.000000,0.000000,0.000000,0.000000,0.000000,0.000000,0.000000,0.000000,0.000000,0.000000,0.000000,0.000000,0.000000,0.000000,0.000000,0.000000,0.000000,0.000000,0.000000,0.000000,0.000000,0.000000,0.000000,0.000000,0.000000,0.000000,0.000000,0.000000,0.000000,0.000000,0.000000,0.000000,0.000000,0.000000,0.000000,0.000000,0.000000,0.000000,0.000000,0.000000,0.000000,0.000000,0.000000,0.000000,0.000000,0.000000,0.000000,0.000000,0.000000,0.000000,0.000000,0.000000,0.000000,0.000000,0.000000,0.000000,0.000000,0.000000,0.000000,0.000000,0.000000,0.000000,0.000000,0.000000,0.000000,0.000000,0.000000,0.000000,0.000000,0.000000,0.000000,0.000000,0.000000,0.000000,0.000000,0.000000,0.000000,0.000000
0.000000,0.000000,0.000000,0.000000,0.000000,0.000000,0.000000,0.000000,0.000000,0.000000,0.000000,0.000000,0.000000,0.000000,0.000000,0.000000,0.000000,0.000000,0.000000,0.000000,0.000000,0.000000,0.000000,0.000000,0.000000,0.000000,0.000000,0.000000,0.000000,0.000000,0.000000,0.000000,0.000000,0.000000,0.000000,0.000000,0.000000,0.000000,0.000000,0.000000,0.000000,0.000000,0.000000,0.000000,0.000000,0.000000,0.000000,0.000000,0.000000,0.000000,0.000000,1000.000084,0.000000,0.000000,0.000000,0.000000,0.000000,0.000000,0.000000,0.000000,0.000000,0.000000,0.000000,0.000000,0.000000,0.000000,0.000000,0.000000,0.000000,0.000000,0.000000,0.000000,0.000000,0.000000,0.000000,0.000000,0.000000,0.000000,0.000000,0.000000,0.000000,0.000000,0.000000,0.000000,0.000000,0.000000,0.000000,0.000000,0.000000,0.000000,0.000000,0.000000,0.000000,0.000000,0.000000,0.000000,0.000000,0.000000,0.000000,0.000000,0.000000,0.000000,0.000000
0.000000,0.000000,0.000000,0.000000,0.000000,0.000000,0.000000,0.000000,0.000000,0.000000,0.000000,0.000000,0.000000,0.000000,0.000000,0.000000,0.000000,0.000000,0.000000,0.000000,0.000000,0.000000,0.000000,0.000000,0.000000,0.000000,0.000000,0.000000,0.000000,0.000000,0.000000,0.000000,0.000000,0.000000,0.000000,0.000000,0.000000,0.000000,0.000000,0.000000,0.000000,0.000000,1000.000152,1000.000177,1000.000190,1000.000196,1000.000200,1000.000201,1000.000201,1000.000200,1000.000199,1000.000205,1000.000199,1000.000200,1000.000201,1000.000201,1000.000200,1000.000196,1000.000190,1000.000177,1000.000152,0.000000,0.000000,0.000000,0.000000,0.000000,0.000000,0.000000,0.000000,0.000000,0.000000,0.000000,0.000000,0.000000,0.000000,0.000000,0.000000,0.000000,0.000000,0.000000,0.000000,0.000000,0.000000,0.000000,0.000000,0.000000,0.000000,0.000000,0.000000,0.000000,0.000000,0.000000,0.000000,0.000000,0.000000,0.000000,0.000000,0.000000,0.000000,0.000000,0.000000,0.000000,0.000000
0.000000,0.000000,0.000000,0.000000,0.000000,0.000000,0.000000,0.000000,0.000000,0.000000,0.000000,0.000000,0.000000,0.000000,0.000000,0.000000,0.000000,0.000000,0.000000,0.000000,0.000000,0.000000,0.000000,0.000000,0.000000,0.000000,0.000000,0.000000,0.000000,0.000000,0.000000,0.000000,0.000000,0.000000,0.000000,0.000000,0.000000,1000.000147,1000.000183,1000.000212,1000.000236,1000.000255,1000.000273,1000.000289,1000.000301,1000.000309,1000.000314,1000.000316,1000.000317,1000.000318,1000.000317,1000.000318,1000.000317,1000.000318,1000.000317,1000.000316,1000.000314,1000.000309,1000.000301,1000.000289,1000.000273,1000.000255,1000.000236,1000.000212,1000.000183,1000.000147,0.000000,0.000000,0.000000,0.000000,0.000000,0.000000,0.000000,0.000000,0.000000,0.000000,0.000000,0.000000,0.000000,0.000000,0.000000,0.000000,0.000000,0.000000,0.000000,0.000000,0.000000,0.000000,0.000000,0.000000,0.000000,0.000000,0.000000,0.000000,0.000000,0.000000,0.000000,0.000000,0.000000,0.000000,0.000000,0.000000,0.000000
0.000000,0.000000,0.000000,0.000000,0.000000,0.000000,0.000000,0.000000,0.000000,0.000000,0.000000,0.000000,0.000000,0.000000,0.000000,0.000000,0.000000,0.000000,0.000000,0.000000,0.000000,0.000000,0.000000,0.000000,0.000000,0.000000,0.000000,0.000000,0.000000,0.000000,0.000000,0.000000,0.000000,0.000000,1000.000153,1000.000195,1000.000229,1000.000264,1000.000294,1000.000321,1000.000346,1000.000367,1000.000387,1000.000402,1000.000414,1000.000421,1000.000426,1000.000429,1000.000430,1000.000431,1000.000431,1000.000431,1000.000431,1000.000431,1000.000430,1000.000429,1000.000426,1000.000421,1000.000414,1000.000402,1000.000387,1000.000367,1000.000346,1000.000321,1000.000294,1000.000264,1000.000229,1000.000195,1000.000153,0.000000,0.000000,0.000000,0.000000,0.000000,0.000000,0.000000,0.000000,0.000000,0.000000,0.000000,0.000000,0.000000,0.000000,0.000000,0.000000,0.000000,0.000000,0.000000,0.000000,0.000000,0.000000,0.000000,0.000000,0.000000,0.000000,0.000000,0.000000,0.000000,0.000000,0.000000,0.000000,0.000000,0.000000
0.000000,0.000000,0.000000,0.000000,0.000000,0.000000,0.000000,0.000000,0.000000,0.000000,0.000000,0.000000,0.000000,0.000000,0.000000,0.000000,0.000000,0.000000,0.000000,0.000000,0.000000,0.000000,0.000000,0.000000,0.000000,0.000000,0.000000,0.000000,0.000000,0.000000,0.000000,0.000000,1000.000174,1000.000221,1000.000267,1000.000304,1000.000338,1000.000372,1000.000402,1000.000429,1000.000454,1000.000478,1000.000499,1000.000515,1000.000525,1000.000531,1000.000534,1000.000536,1000.000537,1000.000538,1000.000538,1000.000538,1000.000538,1000.000538,1000.000537,1000.000536,1000.000534,1000.000531,1000.000525,1000.000515,1000.000499,1000.000478,1000.000454,1000.000429,1000.000402,1000.000372,1000.000338,1000.000304,1000.000267,1000.000221,1000.000174,0.000000,0.000000,0.000000,0.000000,0.000000,0.000000,0.000000,0.000000,0.000000,0.000000,0.000000,0.000000,0.000000,0.000000,0.000000,0.000000,0.000000,0.000000,0.000000,0.000000,0.000000,0.000000,0.000000,0.000000,0.000000,0.000000,0.000000,0.000000,0.000000,0.000000,0.000000,0.000000
0.000000,0.000000,0.000000,0.000000,0.000000,0.000000,0.000000,0.000000,0.000000,0.000000,0.000000,0.000000,0.000000,0.000000,0.000000,0.000000,0.000000,0.000000,0.000000,0.000000,0.000000,0.000000,0.000000,0.000000,0.000000,0.000000,0.000000,0.000000,0.000000,0.000000,1000.000183,1000.000235,1000.000287,1000.000330,1000.000371,1000.000409,1000.000446,1000.000480,1000.000510,1000.000535,1000.000557,1000.000577,1000.000594,1000.000605,1000.000611,1000.000614,1000.000616,1000.000617,1000.000617,1000.000617,1000.000617,1000.000617,1000.000617,1000.000617,1000.000617,1000.000617,1000.000616,1000.000614,1000.000611,1000.000605,1000.000594,1000.000577,1000.000557,1000.000535,1000.000510,1000.000480,1000.000446,1000.000409,1000.000371,1000.000330,1000.000287,1000.000235,1000.000183,0.000000,0.000000,0.000000,0.000000,0.000000,0.000000,0.000000,0.000000,0.000000,0.000000,0.000000,0.000000,0.000000,0.000000,0.000000,0.000000,0.000000,0.000000,0.000000,0.000000,0.000000,0.000000,0.000000,0.000000,0.000000,0.000000,0.000000,0.000000,0.000000,0.000000
0.000000,0.000000,0.000000,0.000000,0.000000,0.000000,0.000000,0.000000,0.000000,0.000000,0.000000,0.000000,0.000000,0.000000,0.000000,0.000000,0.000000,0.000000,0.000000,0.000000,0.000000,0.000000,0.000000,0.000000,0.000000,0.000000,0.000000,0.000000,1000.000182,1000.000239,1000.000293,1000.000341,1000.000388,1000.000433,1000.000477,1000.000516,1000.000549,1000.000578,1000.000601,1000.000617,1000.000628,1000.000635,1000.000637,1000.000636,1000.000634,1000.000633,1000.000632,1000.000631,1000.000631,1000.000630,1000.000630,1000.000630,1000.000630,1000.000630,1000.000631,1000.000631,1000.000632,1000.000633,1000.000634,1000.000636,1000.000637,1000.000635,1000.000628,1000.000617,1000.000601,1000.000578,1000.000549,1000.000516,1000.000477,1000.000433,1000.000388,1000.000341,1000.000293,1000.000239,1000.000182,0.000000,0.000000,0.000000,0.000000,0.000000,0.000000,0.000000,0.000000,0.000000,0.000000,0.000000,0.000000,0.000000,0.000000,0.000000,0.000000,0.000000,0.000000,0.000000,0.000000,0.000000,0.000000,0.000000,0.000000,0.000000,0.000000,0.000000,0.000000
0.000000,0.000000,0.000000,0.000000,0.000000,0.000000,0.000000,0.000000,0.000000,0.000000,0.000000,0.000000,0.000000,0.000000,0.000000,0.000000,0.000000,0.000000,0.000000,0.000000,0.000000,0.000000,0.000000,0.000000,0.000000,0.000000,1000.000173,1000.000234,1000.000291,1000.000342,1000.000393,1000.000442,1000.000491,1000.000535,1000.000573,1000.000604,1000.000624,1000.000637,1000.000642,1000.000641,1000.000636,1000.000628,1000.000615,1000.000603,1000.000595,1000.000590,1000.000587,1000.000584,1000.000583,1000.000582,1000.000581,1000.000581,1000.000581,1000.000582,1000.000583,1000.000584,1000.000587,1000.000590,1000.000595,1000.000603,1000.000615,1000.000628,1000.000636,1000.000641,1000.000642,1000.000637,1000.000624,1000.000604,1000.000573,1000.000535,1000.000491,1000.000442,1000.000393,1000.000342,1000.000291,1000.000234,1000.000173,0.000000,0.000000,0.000000,0.000000,0.000000,0.000000,0.000000,0.000000,0.000000,0.000000,0.000000,0.000000,0.000000,0.000000,0.000000,0.000000,0.000000,0.000000,0.000000,0.000000,0.000000,0.000000,0.000000,0.000000,0.000000,0.000000
0.000000,0.000000,0.000000,0.000000,0.000000,0.000000,0.000000,0.000000,0.000000,0.000000,0.000000,0.000000,0.000000,0.000000,0.000000,0.000000,0.000000,0.000000,0.000000,0.000000,0.000000,0.000000,0.000000,0.000000,1000.000149,1000.000215,1000.000279,1000.000335,1000.000389,1000.000442,1000.000493,1000.000541,1000.000582,1000.000614,1000.000635,1000.000643,1000.000641,1000.000633,1000.000619,1000.000604,1000.000590,1000.000574,1000.000558,1000.000543,1000.000532,1000.000525,1000.000520,1000.000516,1000.000514,1000.000512,1000.000511,1000.000511,1000.000511,1000.000512,1000.000514,1000.000516,1000.000520,1000.000525,1000.000532,1000.000543,1000.000558,1000.000574,1000.000590,1000.000604,1000.000619,1000.000633,1000.000641,1000.000643,1000.000635,1000.000614,1000.000582,1000.000541,1000.000493,1000.000442,1000.000389,1000.000335,1000.000279,1000.000215,1000.000149,0.000000,0.000000,0.000000,0.000000,0.000000,0.000000,0.000000,0.000000,0.000000,0.000000,0.000000,0.000000,0.000000,0.000000,0.000000,0.000000,0.000000,0.000000,0.000000,0.000000,0.000000,0.000000,0.000000,0.000000
0.000000,0.000000,0.000000,0.000000,0.000000,0.000000,0.000000,0.000000,0.000000,0.000000,0.000000,0.000000,0.000000,0.000000,0.000000,0.000000,0.000000,0.000000,0.000000,0.000000,0.000000,0.000000,0.000000,1000.000179,1000.000252,1000.000314,1000.000375,1000.000433,1000.000489,1000.000539,1000.000583,1000.000617,1000.000638,1000.000644,1000.000638,1000.000622,1000.000603,1000.000583,1000.000562,1000.000542,1000.000524,1000.000508,1000.000493,1000.000479,1000.000469,1000.000460,1000.000454,1000.000449,1000.000446,1000.000444,1000.000442,1000.000442,1000.000442,1000.000444,1000.000446,1000.000449,1000.000454,1000.000460,1000.000469,1000.000479,1000.000493,1000.000508,1000.000524,1000.000542,1000.000562,1000.000583,1000.000603,1000.000622,1000.000638,1000.000644,1000.000638,1000.000617,1000.000583,1000.000539,1000.000489,1000.000433,1000.000375,1000.000314,1000.000252,1000.000179,0.000000,0.000000,0.000000,0.000000,0.000000,0.000000,0.000000,0.000000,0.000000,0.000000,0.000000,0.000000,0.000000,0.000000,0.000000,0.000000,0.000000,0.000000,0.000000,0.000000,0.000000,0.000000,0.000000
0.000000,0.000000,0.000000,0.000000,0.000000,0.000000,0.000000,0.000000,0.000000,0.000000,0.000000,0.000000,0.000000,0.000000,0.000000,0.000000,0.000000,0.000000,0.000000,0.000000,0.000000,1000.000132,1000.000207,1000.000280,1000.000345,1000.000409,1000.000472,1000.000530,1000.000578,1000.000615,1000.000638,1000.000645,1000.000638,1000.000619,1000.000594,1000.000567,1000.000542,1000.000519,1000.000498,1000.000478,1000.000461,1000.000445,1000.000430,1000.000417,1000.000406,1000.000397,1000.000390,1000.000385,1000.000381,1000.000378,1000.000376,1000.000376,1000.000376,1000.000378,1000.000381,1000.000385,1000.000390,1000.000397,1000.000406,1000.000417,1000.000430,1000.000445,1000.000461,1000.000478,1000.000498,1000.000519,1000.000542,1000.000567,1000.000594,1000.000619,1000.000638,1000.000645,1000.000638,1000.000615,1000.000578,1000.000530,1000.000472,1000.000409,1000.000345,1000.000280,1000.000207,1000.000132,0.000000,0.000000,0.000000,0.000000,0.000000,0.000000,0.000000,0.000000,0.000000,0.000000,0.000000,0.000000,0.000000,0.000000,0.000000,0.000000,0.000000,0.000000,0.000000,0.000000,0.000000
0.000000,0.000000,0.000000,0.000000,0.000000,0.000000,0.000000,0.000000,0.000000,0.000000,0.000000,0.000000,0.000000,0.000000,0.000000,0.000000,0.000000,0.000000,0.000000,0.000000,1000.000154,1000.000233,1000.000302,1000.000369,1000.000436,1000.000503,1000.000562,1000.000607,1000.000635,1000.000644,1000.000637,1000.000618,1000.000592,1000.000563,1000.000533,1000.000505,1000.000480,1000.000457,1000.000437,1000.000417,1000.000399,1000.000383,1000.000368,1000.000355,1000.000344,1000.000335,1000.000328,1000.000322,1000.000317,1000.000314,1000.000313,1000.000312,1000.000313,1000.000314,1000.000317,1000.000322,1000.000328,1000.000335,1000.000344,1000.000355,1000.000368,1000.000383,1000.000399,1000.000417,1000.000437,1000.000457,1000.000480,1000.000505,1000.000533,1000.000563,1000.000592,1000.000618,1000.000637,1000.000644,1000.000635,1000.000607,1000.000562,1000.000503,1000.000436,1000.000369,1000.000302,1000.000233,1000.000154,0.000000,0.000000,0.000000,0.000000,0.000000,0.000000,0.000000,0.000000,0.000000,0.000000,0.000000,0.000000,0.000000,0.000000,0.000000,0.000000,0.000000,0.000000,0.000000,0.000000
0.000000,0.000000,0.000000,0.000000,0.000000,0.000000,0.000000,0.000000,0.000000,0.000000,0.000000,0.000000,0.000000,0.000000,0.000000,0.000000,0.000000,0.000000,0.000000,1000.000172,1000.000253,1000.000323,1000.000391,1000.000459,1000.000524,1000.000582,1000.000624,1000.000642,1000.000638,1000.000620,1000.000593,1000.000562,1000.000530,1000.000500,1000.000472,1000.000445,1000.000421,1000.000398,1000.000376,1000.000357,1000.000339,1000.000322,1000.000308,1000.000295,1000.000284,1000.000275,1000.000267,1000.000261,1000.000256,1000.000253,1000.000251,1000.000250,1000.000251,1000.000253,1000.000256,1000.000261,1000.000267,1000.000275,1000.000284,1000.000295,1000.000308,1000.000322,1000.000339,1000.000357,1000.000376,1000.000398,1000.000421,1000.000445,1000.000472,1000.000500,1000.000530,1000.000562,1000.000593,1000.000620,1000.000638,1000.000642,1000.000624,1000.000582,1000.000524,1000.000459,1000.000391,1000.000323,1000.000253,1000.000172,0.000000,0.000000,0.000000,0.000000,0.000000,0.000000,0.000000,0.000000,0.000000,0.000000,0.000000,0.000000,0.000000,0.000000,0.000000,0.000000,0.000000,0.000000,0.000000
0.000000,0.000000,0.000000,0.000000,0.000000,0.000000,0.000000,0.000000,0.000000,0.000000,0.000000,0.000000,0.000000,0.000000,0.000000,0.000000,0.000000,0.000000,1000.000183,1000.000267,1000.000340,1000.000411,1000.000482,1000.000545,1000.000598,1000.000634,1000.000643,1000.000627,1000.000599,1000.000567,1000.000533,1000.000501,1000.000470,1000.000441,1000.000413,1000.000387,1000.000362,1000.000339,1000.000318,1000.000298,1000.000280,1000.000264,1000.000249,1000.000236,1000.000225,1000.000215,1000.000207,1000.000201,1000.000196,1000.000193,1000.000191,1000.000190,1000.000191,1000.000193,1000.000196,1000.000201,1000.000207,1000.000215,1000.000225,1000.000236,1000.000249,1000.000264,1000.000280,1000.000298,1000.000318,1000.000339,1000.000362,1000.000387,1000.000413,1000.000441,1000.000470,1000.000501,1000.000533,1000.000567,1000.000599,1000.000627,1000.000643,1000.000634,1000.000598,1000.000545,1000.000482,1000.000411,1000.000340,1000.000267,1000.000183,0.000000,0.000000,0.000000,0.000000,0.000000,0.000000,0.000000,0.000000,0.000000,0.000000,0.000000,0.000000,0.000000,0.000000,0.000000,0.000000,0.000000,0.000000
0.000000,0.000000,0.000000,0.000000,0.000000,0.000000,0.000000,0.000000,0.000000,0.000000,0.000000,0.000000,0.000000,0.000000,0.000000,0.000000,0.000000,1000.000188,1000.000275,1000.000351,1000.000426,1000.000500,1000.000565,1000.000613,1000.000640,1000.000642,1000.000619,1000.000583,1000.000544,1000.000508,1000.000475,1000.000443,1000.000413,1000.000384,1000.000356,1000.000329,1000.000305,1000.000282,1000.000261,1000.000241,1000.000223,1000.000207,1000.000192,1000.000179,1000.000168,1000.000158,1000.000150,1000.000143,1000.000138,1000.000134,1000.000132,1000.000132,1000.000132,1000.000134,1000.000138,1000.000143,1000.000150,1000.000158,1000.000168,1000.000179,1000.000192,1000.000207,1000.000223,1000.000241,1000.000261,1000.000282,1000.000305,1000.000329,1000.000356,1000.000384,1000.000413,1000.000443,1000.000475,1000.000508,1000.000544,1000.000583,1000.000619,1000.000642,1000.000640,1000.000613,1000.000565,1000.000500,1000.000426,1000.000351,1000.000275,1000.000188,0.000000,0.000000,0.000000,0.000000,0.000000,0.000000,0.000000,0.000000,0.000000,0.000000,0.000000,0.000000,0.000000,0.000000,0.000000,0.000000,0.000000
0.000000,0.000000,0.000000,0.000000,0.000000,0.000000,0.000000,0.000000,0.000000,0.000000,0.000000,0.000000,0.000000,0.000000,0.000000,0.000000,1000.000190,1000.000279,1000.000357,1000.000434,1000.000511,1000.000578,1000.000624,1000.000642,1000.000635,1000.000609,1000.000570,1000.000528,1000.000488,1000.000453,1000.000420,1000.000388,1000.000357,1000.000327,1000.000300,1000.000274,1000.000249,1000.000226,1000.000205,1000.000185,1000.000167,1000.000151,1000.000136,1000.000123,1000.000112,1000.000102,1000.000094,1000.000087,1000.000082,1000.000078,1000.000076,1000.000075,1000.000076,1000.000078,1000.000082,1000.000087,1000.000094,1000.000102,1000.000112,1000.000123,1000.000136,1000.000151,1000.000167,1000.000185,1000.000205,1000.000226,1000.000249,1000.000274,1000.000300,1000.000327,1000.000357,1000.000388,1000.000420,1000.000453,1000.000488,1000.000528,1000.000570,1000.000609,1000.000635,1000.000642,1000.000624,1000.000578,1000.000511,1000.000434,1000.000357,1000.000279,1000.000190,0.000000,0.000000,0.000000,0.000000,0.000000,0.000000,0.000000,0.000000,0.000000,0.000000,0.000000,0.000000,0.000000,0.000000,0.000000,0.000000
0.000000,0.000000,0.000000,0.000000,0.000000,0.000000,0.000000,0.000000,0.000000,0.000000,0.000000,0.000000,0.000000,0.000000,0.000000,1000.000188,1000.000279,1000.000359,1000.000438,1000.000516,1000.000583,1000.000629,1000.000643,1000.000626,1000.000594,1000.000555,1000.000513,1000.000473,1000.000435,1000.000400,1000.000366,1000.000333,1000.000302,1000.000273,1000.000245,1000.000219,1000.000195,1000.000172,1000.000151,1000.000131,1000.000113,1000.000097,1000.000082,1000.000069,1000.000057,1000.000047,1000.000039,1000.000032,1000.000027,1000.000023,1000.000021,1000.000020,1000.000021,1000.000023,1000.000027,1000.000032,1000.000039,1000.000047,1000.000057,1000.000069,1000.000082,1000.000097,1000.000113,1000.000131,1000.000151,1000.000172,1000.000195,1000.000219,1000.000245,1000.000273,1000.000302,1000.000333,1000.000366,1000.000400,1000.000435,1000.000473,1000.000513,1000.000555,1000.000594,1000.000626,1000.000643,1000.000629,1000.000583,1000.000516,1000.000438,1000.000359,1000.000279,1000.000188,0.000000,0.000000,0.000000,0.000000,0.000000,0.000000,0.000000,0.000000,0.000000,0.000000,0.000000,0.000000,0.000000,0.000000,0.000000
0.000000,0.000000,0.000000,0.000000,0.000000,0.000000,0.000000,0.000000,0.000000,0.000000,0.000000,0.000000,0.000000,0.000000,1000.000183,1000.000275,1000.000357,1000.000438,1000.000517,1000.000585,1000.000632,1000.000643,1000.000622,1000.000584,1000.000541,1000.000499,1000.000459,1000.000421,1000.000383,1000.000347,1000.000313,1000.000280,1000.000250,1000.000220,1000.000193,1000.000167,1000.000142,1000.000119,1000.000098,1000.000078,1000.000060,1000.000044,1000.000029,1000.000016,1000.000004,999.999994,999.999986,999.999979,999.999974,999.999970,999.999968,999.999967,999.999968,999.999970,999.999974,999.999979,999.999986,999.999994,1000.000004,1000.000016,1000.000029,1000.000044,1000.000060,1000.000078,1000.000098,1000.000119,1000.000142,1000.000167,1000.000193,1000.000220,1000.000250,1000.000280,1000.000313,1000.000347,1000.000383,1000.000421,1000.000459,1000.000499,1000.000541,1000.000584,1000.000622,1000.000643,1000.000632,1000.000585,1000.000517,1000.000438,1000.000357,1000.000275,1000.000183,0.000000,0.000000,0.000000,0.000000,0.000000,0.000000,0.000000,0.000000,0.000000,0.000000,0.000000,0.000000,0.000000,0.000000
0.000000,0.000000,0.000000,0.000000,0.000000,0.000000,0.000000,0.000000,0.000000,0.000000,0.000000,0.000000,0.000000,1000.000172,1000.000267,1000.000351,1000.000434,1000.000516,1000.000585,1000.000632,1000.000643,1000.000620,1000.000579,1000.000533,1000.000488,1000.000447,1000.000408,1000.000369,1000.000331,1000.000296,1000.000262,1000.000229,1000.000198,1000.000169,1000.000142,1000.000116,1000.000091,1000.000068,1000.000047,1000.000027,1000.000009,999.999993,999.999978,999.999965,999.999953,999.999943,999.999935,999.999928,999.999922,999.999919,999.999916,999.999916,999.999916,999.999919,999.999922,999.999928,999.999935,999.999943,999.999953,999.999965,999.999978,999.999993,1000.000009,1000.000027,1000.000047,1000.000068,1000.000091,1000.000116,1000.000142,1000.000169,1000.000198,1000.000229,1000.000262,1000.000296,1000.000331,1000.000369,1000.000408,1000.000447,1000.000488,1000.000533,1000.000579,1000.000620,1000.000643,1000.000632,1000.000585,1000.000516,1000.000434,1000.000351,1000.000267,1000.000172,0.000000,0.000000,0.000000,0.000000,0.000000,0.000000,0.000000,0.000000,0.000000,0.000000,0.000000,0.000000,0.000000
0.000000,0.000000,0.000000,0.000000,0.000000,0.000000,0.000000,0.000000,0.000000,0.000000,0.000000,0.000000,1000.000154,1000.000253,1000.000340,1000.000426,1000.000511,1000.000583,1000.000632,1000.000643,1000.000620,1000.000578,1000.000529,1000.000482,1000.000440,1000.000398,1000.000358,1000.000319,1000.000282,1000.000246,1000.000212,1000.000180,1000.000149,1000.000120,1000.000092,1000.000066,1000.000042,1000.000019,999.999997,999.999978,999.999960,999.999943,999.999928,999.999915,999.999904,999.999893,999.999885,999.999878,999.999873,999.999869,999.999866,999.999866,999.999866,999.999869,999.999873,999.999878,999.999885,999.999893,999.999904,999.999915,999.999928,999.999943,999.999960,999.999978,999.999997,1000.000019,1000.000042,1000.000066,1000.000092,1000.000120,1000.000149,1000.000180,1000.000212,1000.000246,1000.000282,1000.000319,1000.000358,1000.000398,1000.000440,1000.000482,1000.000529,1000.000578,1000.000620,1000.000643,1000.000632,1000.000583,1000.000511,1000.000426,1000.000340,1000.000253,1000.000154,0.000000,0.000000,0.000000,0.000000,0.000000,0.000000,0.000000,0.000000,0.000000,0.000000,0.000000,0.000000
0.000000,0.000000,0.000000,0.000000,0.000000,0.000000,0.000000,0.000000,0.000000,0.000000,0.000000,1000.000132,1000.000233,1000.000323,1000.000411,1000.000500,1000.000578,1000.000629,1000.000643,1000.000620,1000.000578,1000.000528,1000.000479,1000.000435,1000.000392,1000.000350,1000.000309,1000.000271,1000.000234,1000.000198,1000.000164,1000.000132,1000.000101,1000.000072,1000.000044,1000.000018,999.999994,999.999971,999.999949,999.999930,999.999912,999.999895,999.999880,999.999867,999.999855,999.999845,999.999837,999.999830,999.999824,999.999820,999.999818,999.999817,999.999818,999.999820,999.999824,999.999830,999.999837,999.999845,999.999855,999.999867,999.999880,999.999895,999.999912,999.999930,999.999949,999.999971,999.999994,1000.000018,1000.000044,1000.000072,1000.000101,1000.000132,1000.000164,1000.000198,1000.000234,1000.000271,1000.000309,1000.000350,1000.000392,1000.000435,1000.000479,1000.000528,1000.000578,1000.000620,1000.000643,1000.000629,1000.000578,1000.000500,1000.000411,1000.000323,1000.000233,1000.000132,0.000000,0.000000,0.000000,0.000000,0.000000,0.000000,0.000000,0.000000,0.000000,0.000000,0.000000
0.000000,0.000000,0.000000,0.000000,0.000000,0.000000,0.000000,0.000000,0.000000,0.000000,0.000000,1000.000207,1000.000302,1000.000391,1000.000482,1000.000565,1000.000624,1000.000643,1000.000622,1000.000579,1000.000529,1000.000479,1000.000434,1000.000389,1000.000345,1000.000303,1000.000263,1000.000224,1000.000187,1000.000152,1000.000118,1000.000085,1000.000054,1000.000025,999.999998,999.999972,999.999947,999.999924,999.999903,999.999883,999.999865,999.999849,999.999834,999.999821,999.999809,999.999799,999.999790,999.999783,999.999778,999.999774,999.999771,999.999771,999.999771,999.999774,999.999778,999.999783,999.999790,999.999799,999.999809,999.999821,999.999834,999.999849,999.999865,999.999883,999.999903,999.999924,999.999947,999.999972,999.999998,1000.000025,1000.000054,1000.000085,1000.000118,1000.000152,1000.000187,1000.000224,1000.000263,1000.000303,1000.000345,1000.000389,1000.000434,1000.000479,1000.000529,1000.000579,1000.000622,1000.000643,1000.000624,1000.000565,1000.000482,1000.000391,1000.000302,1000.000207,0.000000,0.000000,0.000000,0.000000,0.000000,0.000000,0.000000,0.000000,0.000000,0.000000,0.000000
0.000000,0.000000,0.000000,0.000000,0.000000,0.000000,0.000000,0.000000,0.000000,0.000000,1000.000179,1000.000280,1000.000369,1000.000459,1000.000545,1000.000613,1000.000642,1000.000626,1000.000584,1000.000533,1000.000482,1000.000435,1000.000389,1000.000344,1000.000300,1000.000258,1000.000218,1000.000179,1000.000142,1000.000107,1000.000073,1000.000040,1000.000010,999.999980,999.999953,999.999927,999.999902,999.999879,999.999858,999.999838,999.999820,999.999804,999.999789,999.999776,999.999764,999.999754,999.999745,999.999738,999.999733,999.999729,999.999726,999.999726,999.999726,999.999729,999.999733,999.999738,999.999745,999.999754,999.999764,999.999776,999.999789,999.999804,999.999820,999.999838,999.999858,999.999879,999.999902,999.999927,999.999953,999.999980,1000.000010,1000.000040,1000.000073,1000.000107,1000.000142,1000.000179,1000.000218,1000.000258,1000.000300,1000.000344,1000.000389,1000.000435,1000.000482,1000.000533,1000.000584,1000.000626,1000.000642,1000.000613,1000.000545,1000.000459,1000.000369,1000.000280,1000.000179,0.000000,0.000000,0.000000,0.000000,0.000000,0.000000,0.000000,0.000000,0.000000,0.000000
0.000000,0.000000,0.000000,0.000000,0.000000,0.000000,0.000000,0.000000,0.000000,1000.000149,1000.000252,1000.000345,1000.000436,1000.000524,1000.000598,1000.000640,1000.000635,1000.000594,1000.000541,1000.000488,1000.000440,1000.000392,1000.000345,1000.000300,1000.000257,1000.000215,1000.000175,1000.000136,1000.000099,1000.000063,1000.000029,999.999997,999.999966,999.999937,999.999909,999.999883,999.999859,999.999836,999.999815,999.999795,999.999777,999.999761,999.999746,999.999732,999.999721,999.999710,999.999702,999.999695,999.999689,999.999685,999.999683,999.999682,999.999683,999.999685,999.999689,999.999695,999.999702,999.999710,999.999721,999.999732,999.999746,999.999761,999.999777,999.999795,999.999815,999.999836,999.999859,999.999883,999.999909,999.999937,999.999966,999.999997,1000.000029,1000.000063,1000.000099,1000.000136,1000.000175,1000.000215,1000.000257,1000.000300,1000.000345,1000.000392,1000.000440,1000.000488,1000.000541,1000.000594,1000.000635,1000.000640,1000.000598,1000.000524,1000.000436,1000.000345,1000.000252,1000.000149,0.000000,0.000000,0.000000,0.000000,0.000000,0.000000,0.000000,0.000000,0.000000
0.000000,0.000000,0.000000,0.000000,0.000000,0.000000,0.000000,0.000000,0.000000,1000.000215,1000.000314,1000.000409,1000.000503,1000.000582,1000.000634,1000.000642,1000.000609,1000.000555,1000.000499,1000.000447,1000.000398,1000.000350,1000.000303,1000.000258,1000.000215,1000.000173,1000.000133,1000.000094,1000.000057,1000.000022,999.999988,999.999955,999.999924,999.999895,999.999868,999.999842,999.999817,999.999794,999.999773,999.999753,999.999735,999.999719,999.999704,999.999690,999.999679,999.999669,999.999660,999.999653,999.999647,999.999643,999.999641,999.999640,999.999641,999.999643,999.999647,999.999653,999.999660,999.999669,999.999679,999.999690,999.999704,999.999719,999.999735,999.999753,999.999773,999.999794,999.999817,999.999842,999.999868,999.999895,999.999924,999.999955,999.999988,1000.000022,1000.000057,1000.000094,1000.000133,1000.000173,1000.000215,1000.000258,1000.000303,1000.000350,1000.000398,1000.000447,1000.000499,1000.000555,1000.000609,1000.000642,1000.000634,1000.000582,1000.000503,1000.000409,1000.000314,1000.000215,0.000000,0.000000,0.000000,0.000000,0.000000,0.000000,0.000000,0.000000,0.000000
0.000000,0.000000,0.000000,0.000000,0.000000,0.000000,0.000000,0.000000,1000.000173,1000.000279,1000.000375,1000.000472,1000.000562,1000.000624,1000.000643,1000.000619,1000.000570,1000.000513,1000.000459,1000.000408,1000.000358,1000.000309,1000.000263,1000.000218,1000.000175,1000.000133,1000.000093,1000.000054,1000.000017,999.999981,999.999947,999.999915,999.999884,999.999855,999.999827,999.999801,999.999777,999.999754,999.999733,999.999713,999.999695,999.999679,999.999664,999.999650,999.999638,999.999628,999.999620,999.999613,999.999607,999.999603,999.999601,999.999600,999.999601,999.999603,999.999607,999.999613,999.999620,999.999628,999.999638,999.999650,999.999664,999.999679,999.999695,999.999713,999.999733,999.999754,999.999777,999.999801,999.999827,999.999855,999.999884,999.999915,999.999947,999.999981,1000.000017,1000.000054,1000.000093,1000.000133,1000.000175,1000.000218,1000.000263,1000.000309,1000.000358,1000.000408,1000.000459,1000.000513,1000.000570,1000.000619,1000.000643,1000.000624,1000.000562,1000.000472,1000.000375,1000.000279,1000.000173,0.000000,0.000000,0.000000,0.000000,0.000000,0.000000,0.000000,0.000000
0.000000,0.000000,0.000000,0.000000,0.000000,0.000000,0.000000,0.000000,1000.000234,1000.000335,1000.000433,1000.000530,1000.000607,1000.000642,1000.000627,1000.000583,1000.000528,1000.000473,1000.000421,1000.000369,1000.000319,1000.000271,1000.000224,1000.000179,1000.000136,1000.000094,1000.000054,1000.000015,999.999978,999.999943,999.999909,999.999876,999.999846,999.999816,999.999789,999.999763,999.999738,999.999716,999.999694,999.999675,999.999656,999.999640,999.999625,999.999612,999.999600,999.999590,999.999581,999.999574,999.999568,999.999565,999.999562,999.999561,999.999562,999.999565,999.999568,999.999574,999.999581,999.999590,999.999600,999.999612,999.999625,999.999640,999.999656,999.999675,999.999694,999.999716,999.999738,999.999763,999.999789,999.999816,999.999846,999.999876,999.999909,999.999943,999.999978,1000.000015,1000.000054,1000.000094,1000.000136,1000.000179,1000.000224,1000.000271,1000.000319,1000.000369,1000.000421,1000.000473,1000.000528,1000.000583,1000.000627,1000.000642,1000.000607,1000.000530,1000.000433,1000.000335,1000.000234,0.000000,0.000000,0.000000,0.000000,0.000000,0.000000,0.000000,0.000000
0.000000,0.000000,0.000000,0.000000,0.000000,0.000000,0.000000,1000.000182,1000.000291,1000.000389,1000.000489,1000.000578,1000.000635,1000.000638,1000.000599,1000.000544,1000.000488,1000.000435,1000.000383,1000.000331,1000.000282,1000.000234,1000.000187,1000.000142,1000.000099,1000.000057,1000.000017,999.999978,999.999941,999.999906,999.999872,999.999839,999.999809,999.999779,999.999752,999.999726,999.999701,999.999678,999.999657,999.999638,999.999619,999.999603,999.999588,999.999575,999.999563,999.999553,999.999544,999.999537,999.999531,999.999527,999.999525,999.999524,999.999525,999.999527,999.999531,999.999537,999.999544,999.999553,999.999563,999.999575,999.999588,999.999603,999.999619,999.999638,999.999657,999.999678,999.999701,999.999726,999.999752,999.999779,999.999809,999.999839,999.999872,999.999906,999.999941,999.999978,1000.000017,1000.000057,1000.000099,1000.000142,1000.000187,1000.000234,1000.000282,1000.000331,1000.000383,1000.000435,1000.000488,1000.000544,1000.000599,1000.000638,1000.000635,1000.000578,1000.000489,1000.000389,1000.000291,1000.000182,0.000000,0.000000,0.000000,0.000000,0.000000,0.000000,0.000000
0.000000,0.000000,0.000000,0.000000,0.000000,0.000000,0.000000,1000.000239,1000.000342,1000.000442,1000.000539,1000.000615,1000.000644,1000.000620,1000.000567,1000.000508,1000.000453,1000.000400,1000.000347,1000.000296,1000.000246,1000.000198,1000.000152,1000.000107,1000.000063,1000.000022,999.999981,999.999943,999.999906,999.999870,999.999836,999.999804,999.999773,999.999744,999.999716,999.999690,999.999666,999.999643,999.999622,999.999602,999.999584,999.999567,999.999552,999.999539,999.999527,999.999517,999.999508,999.999501,999.999496,999.999492,999.999490,999.999489,999.999490,999.999492,999.999496,999.999501,999.999508,999.999517,999.999527,999.999539,999.999552,999.999567,999.999584,999.999602,999.999622,999.999643,999.999666,999.999690,999.999716,999.999744,999.999773,999.999804,999.999836,999.999870,999.999906,999.999943,999.999981,1000.000022,1000.000063,1000.000107,1000.000152,1000.000198,1000.000246,1000.000296,1000.000347,1000.000400,1000.000453,1000.000508,1000.000567,1000.000620,1000.000644,1000.000615,1000.000539,1000.000442,1000.000342,1000.000239,0.000000,0.000000,0.000000,0.000000,0.000000,0.000000,0.000000
0.000000,0.000000,0.000000,0.000000,0.000000,0.000000,1000.000183,1000.000293,1000.000393,1000.000493,1000.000583,1000.000638,1000.000637,1000.000593,1000.000533,1000.000475,1000.000420,1000.000366,1000.000313,1000.000262,1000.000212,1000.000164,1000.000118,1000.000073,1000.000029,999.999988,999.999947,999.999909,999.999872,999.999836,999.999802,999.999770,999.999739,999.999710,999.999682,999.999656,999.999632,999.999609,999.999588,999.999568,999.999550,999.999534,999.999519,999.999505,999.999493,999.999483,999.999474,999.999467,999.999462,999.999458,999.999456,999.999455,999.999456,999.999458,999.999462,999.999467,999.999474,999.999483,999.999493,999.999505,999.999519,999.999534,999.999550,999.999568,999.999588,999.999609,999.999632,999.999656,999.999682,999.999710,999.999739,999.999770,999.999802,999.999836,999.999872,999.999909,999.999947,999.999988,1000.000029,1000.000073,1000.000118,1000.000164,1000.000212,1000.000262,1000.000313,1000.000366,1000.000420,1000.000475,1000.000533,1000.000593,1000.000637,1000.000638,1000.000583,1000.000493,1000.000393,1000.000293,1000.000183,0.000000,0.000000,0.000000,0.000000,0.000000,0.000000
0.000000,0.000000,0.000000,0.000000,0.000000,0.000000,1000.000235,1000.000341,1000.000442,1000.000541,1000.000617,1000.000645,1000.000618,1000.000562,1000.000501,1000.000443,1000.000388,1000.000333,1000.000280,1000.000229,1000.000180,1000.000132,1000.000085,1000.000040,999.999997,999.999955,999.999915,999.999876,999.999839,999.999804,999.999770,999.999738,999.999707,999.999678,999.999650,999.999624,999.999600,999.999577,999.999556,999.999536,999.999518,999.999501,999.999486,999.999473,999.999461,999.999451,999.999442,999.999435,999.999430,999.999426,999.999423,999.999422,999.999423,999.999426,999.999430,999.999435,999.999442,999.999451,999.999461,999.999473,999.999486,999.999501,999.999518,999.999536,999.999556,999.999577,999.999600,999.999624,999.999650,999.999678,999.999707,999.999738,999.999770,999.999804,999.999839,999.999876,999.999915,999.999955,999.999997,1000.000040,1000.000085,1000.000132,1000.000180,1000.000229,1000.000280,1000.000333,1000.000388,1000.000443,1000.000501,1000.000562,1000.000618,1000.000645,1000.000617,1000.000541,1000.000442,1000.000341,1000.000235,0.000000,0.000000,0.000000,0.000000,0.000000,0.000000
0.000000,0.000000,0.000000,0.000000,0.000000,1000.000174,1000.000287,1000.000388,1000.000491,1000.000582,1000.000638,1000.000638,1000.000592,1000.000530,1000.000470,1000.000413,1000.000357,1000.000302,1000.000250,1000.000198,1000.000149,1000.000101,1000.000054,1000.000010,999.999966,999.999924,999.999884,999.999846,999.999809,999.999773,999.999739,999.999707,999.999676,999.999647,999.999619,999.999593,999.999569,999.999546,999.999525,999.999505,999.999487,999.999470,999.999455,999.999442,999.999430,999.999420,999.999411,999.999404,999.999399,999.999395,999.999392,999.999392,999.999392,999.999395,999.999399,999.999404,999.999411,999.999420,999.999430,999.999442,999.999455,999.999470,999.999487,999.999505,999.999525,999.999546,999.999569,999.999593,999.999619,999.999647,999.999676,999.999707,999.999739,999.999773,999.999809,999.999846,999.999884,999.999924,999.999966,1000.000010,1000.000054,1000.000101,1000.000149,1000.000198,1000.000250,1000.000302,1000.000357,1000.000413,1000.000470,1000.000530,1000.000592,1000.000638,1000.000638,1000.000582,1000.000491,1000.000388,1000.000287,1000.000174,0.000000,0.000000,0.000000,0.000000,0.000000
0.000000,0.000000,0.000000,0.000000,0.000000,1000.000221,1000.000330,1000.000433,1000.000535,1000.000614,1000.000644,1000.000619,1000.000563,1000.000500,1000.000441,1000.000384,1000.000327,1000.000273,1000.000220,1000.000169,1000.000120,1000.000072,1000.000025,999.999980,999.999937,999.999895,999.999855,999.999816,999.999779,999.999744,999.999710,999.999678,999.999647,999.999618,999.999590,999.999564,999.999540,999.999517,999.999496,999.999476,999.999458,999.999441,999.999426,999.999413,999.999401,999.999391,999.999382,999.999375,999.999370,999.999366,999.999363,999.999362,999.999363,999.999366,999.999370,999.999375,999.999382,999.999391,999.999401,999.999413,999.999426,999.999441,999.999458,999.999476,999.999496,999.999517,999.999540,999.999564,999.999590,999.999618,999.999647,999.999678,999.999710,999.999744,999.999779,999.999816,999.999855,999.999895,999.999937,999.999980,1000.000025,1000.000072,1000.000120,1000.000169,1000.000220,1000.000273,1000.000327,1000.000384,1000.000441,1000.000500,1000.000563,1000.000619,1000.000644,1000.000614,1000.000535,1000.000433,1000.000330,1000.000221,0.000000,0.000000,0.000000,0.000000,0.000000
0.000000,0.000000,0.000000,0.000000,1000.000153,1000.000267,1000.000371,1000.000477,1000.000573,1000.000635,1000.000638,1000.000594,1000.000533,1000.000472,1000.000413,1000.000356,1000.000300,1000.000245,1000.000193,1000.000142,1000.000092,1000.000044,999.999998,999.999953,999.999909,999.999868,999.999827,999.999789,999.999752,999.999716,999.999682,999.999650,999.999619,999.999590,999.999563,999.999537,999.999512,999.999489,999.999468,999.999448,999.999430,999.999414,999.999399,999.999385,999.999373,999.999363,999.999355,999.999347,999.999342,999.999338,999.999336,999.999335,999.999336,999.999338,999.999342,999.999347,999.999355,999.999363,999.999373,999.999385,999.999399,999.999414,999.999430,999.999448,999.999468,999.999489,999.999512,999.999537,999.999563,999.999590,999.999619,999.999650,999.999682,999.999716,999.999752,999.999789,999.999827,999.999868,999.999909,999.999953,999.999998,1000.000044,1000.000092,1000.000142,1000.000193,1000.000245,1000.000300,1000.000356,1000.000413,1000.000472,1000.000533,1000.000594,1000.000638,1000.000635,1000.000573,1000.000477,1000.000371,1000.000267,1000.000153,0.000000,0.000000,0.000000,0.000000
0.000000,0.000000,0.000000,0.000000,1000.000195,1000.000304,1000.000409,1000.000516,1000.000604,1000.000643,1000.000622,1000.000567,1000.000505,1000.000445,1000.000387,1000.000329,1000.000274,1000.000219,1000.000167,1000.000116,1000.000066,1000.000018,999.999972,999.999927,999.999883,999.999842,999.999801,999.999763,999.999726,999.999690,999.999656,999.999624,999.999593,999.999564,999.999537,999.999511,999.999486,999.999463,999.999442,999.999422,999.999404,999.999388,999.999373,999.999359,999.999347,999.999337,999.999329,999.999321,999.999316,999.999312,999.999310,999.999309,999.999310,999.999312,999.999316,999.999321,999.999329,999.999337,999.999347,999.999359,999.999373,999.999388,999.999404,999.999422,999.999442,999.999463,999.999486,999.999511,999.999537,999.999564,999.999593,999.999624,999.999656,999.999690,999.999726,999.999763,999.999801,999.999842,999.999883,999.999927,999.999972,1000.000018,1000.000066,1000.000116,1000.000167,1000.000219,1000.000274,1000.000329,1000.000387,1000.000445,1000.000505,1000.000567,1000.000622,1000.000643,1000.000604,1000.000516,1000.000409,1000.000304,1000.000195,0.000000,0.000000,0.000000,0.000000
