0.000000,0.000000,0.000000,0.000000,0.000000,0.000000,0.000000,0.000000,0.000000,0.000000,0.000000,0.000000,0.000000,0.000000,0.000000,0.000000,0.000000,0.000000,0.000000,0.000000,0.000000,0.000000,0.000000,0.000000,0.000000,0.000000,0.000000,0.000000,0.000000,0.000000,0.000000,0.000000,0.000000,0.000000,0.000000,0.000000,0.000000,0.000000,0.000000,0.000000,0.000000,0.000000,0.000000,0.000000,0.000000,0.000000,0.000000,0.000000,0.000000,0.000000,0.000000,0.000000,0.000000,0.000000,0.000000,0.000000,0.000000,0.000000,0.000000,0.000000,0.000000,0.000000,0.000000,0.000000,0.000000,0.000000,0.000000,0.000000,0.000000,0.000000,0.000000,0.000000,0.000000,0.000000,0.000000,0.000000,0.000000,0.000000,0.000000,0.000000,0.000000,0.000000,0.000000,0.000000,0.000000,0.000000,0.000000,0.000000,0.000000,0.000000,0.000000,0.000000,0.000000,0.000000,0.000000,0.000000,0.000000,0.000000,0.000000,0.000000,0.000000,0.000000,0.000000
0.000000,0.000000,0.000000,0.000000,0.000000,0.000000,0.000000,0.000000,0.000000,0.000000,0.000000,0.000000,0.000000,0.000000,0.000000,0.000000,0.000000,0.000000,0.000000,0.000000,0.000000,0.000000,0.000000,0.000000,0.000000,0.000000,0.000000,0.000000,0.000000,0.000000,0.000000,0.000000,0.000000,0.000000,0.000000,0.000000,0.000000,0.000000,0.000000,0.000000,0.000000,0.000000,0.000000,0.000000,0.000000,0.000000,0.000000,0.000000,0.000000,0.000000,0.000000,1000.000101,0.000000,0.000000,0.000000,0.000000,0.000000,0.000000,0.000000,0.000000,0.000000,0.000000,0.000000,0.000000,0.000000,0.000000,0.000000,0.000000,0.000000,0.000000,0.000000,0.000000,0.000000,0.000000,0.000000,0.000000,0.000000,0.000000,0.000000,0.000000,0.000000,0.000000,0.000000,0.000000,0.000000,0.000000,0.000000,0.000000,0.000000,0.000000,0.000000,0.000000,0.000000,0.000000,0.000000,0.000000,0.000000,0.000000,0.000000,0.000000,0.000000,0.000000,0.000000
0.000000,0.000000,0.000000,0.000000,0.000000,0.000000,0.000000,0.000000,0.000000,0.000000,0.000000,0.000000,0.000000,0.000000,0.000000,0.000000,0.000000,0.000000,0.000000,0.000000,0.000000,0.000000,0.000000,0.000000,0.000000,0.000000,0.000000,0.000000,0.000000,0.000000,0.000000,0.000000,0.000000,0.000000,0.000000,0.000000,0.000000,0.000000,0.000000,0.000000,0.000000,0.000000,1000.000183,1000.000213,1000.000228,1000.000236,1000.000240,1000.000241,1000.000242,1000.000240,1000.000239,1000.000246,1000.000239,1000.000240,1000.000242,1000.000241,1000.000240,1000.000236,1000.000228,1000.000213,1000.000183,0.000000,0.000000,0.000000,0.000000,0.000000,0.000000,0.000000,0.000000,0.000000,0.000000,0.000000,0.000000,0.000000,0.000000,0.000000,0.000000,0.000000,0.000000,0.000000,0.000000,0.000000,0.000000,0.000000,0.000000,0.000000,0.000000,0.000000,0.000000,0.000000,0.000000,0.000000,0.000000,0.000000,0.000000,0.000000,0.000000,0.000000,0.000000,0.000000,0.000000,0.000000,0.000000
0.000000,0.000000,0.000000,0.000000,0.000000,0.000000,0.000000,0.000000,0.000000,0.000000,0.000000,0.000000,0.000000,0.000000,0.000000,0.000000,0.000000,0.000000,0.000000,0.000000,0.000000,0.000000,0.000000,0.000000,0.000000,0.000000,0.000000,0.000000,0.000000,0.000000,0.000000,0.000000,0.000000,0.000000,0.000000,0.000000,0.000000,1000.000176,1000.000220,1000.000255,1000.000283,1000.000306,1000.000327,1000.000346,1000.000361,1000.000371,1000.000377,1000.000380,1000.000381,1000.000382,1000.000381,1000.000382,1000.000381,1000.000382,1000.000381,1000.000380,1000.000377,1000.000371,1000.000361,1000.000346,1000.000327,1000.000306,1000.000283,1000.000255,1000.000220,1000.000176,0.000000,0.000000,0.000000,0.000000,0.000000,0.000000,0.000000,0.000000,0.000000,0.000000,0.000000,0.000000,0.000000,0.000000,0.000000,0.000000,0.000000,0.000000,0.000000,0.000000,0.000000,0.000000,0.000000,0.000000,0.000000,0.000000,0.000000,0.000000,0.000000,0.000000,0.000000,0.000000,0.000000,0.000000,0.000000,0.000000,0.000000
0.000000,0.000000,0.000000,0.000000,0.000000,0.000000,0.000000,0.000000,0.000000,0.000000,0.000000,0.000000,0.000000,0.000000,0.000000,0.000000,0.000000,0.000000,0.000000,0.000000,0.000000,0.000000,0.000000,0.000000,0.000000,0.000000,0.000000,0.000000,0.000000,0.000000,0.000000,0.000000,0.000000,0.000000,1000.000184,1000.000234,1000.000275,1000.000316,1000.000352,1000.000385,1000.000415,1000.000440,1000.000464,1000.000483,1000.000497,1000.000506,1000.000511,1000.000514,1000.000516,1000.000517,1000.000517,1000.000517,1000.000517,1000.000517,1000.000516,1000.000514,1000.000511,1000.000506,1000.000497,1000.000483,1000.000464,1000.000440,1000.000415,1000.000385,1000.000352,1000.000316,1000.000275,1000.000234,1000.000184,0.000000,0.000000,0.000000,0.000000,0.000000,0.000000,0.000000,0.000000,0.000000,0.000000,0.000000,0.000000,0.000000,0.000000,0.000000,0.000000,0.000000,0.000000,0.000000,0.000000,0.000000,0.000000,0.000000,0.000000,0.000000,0.000000,0.000000,0.000000,0.000000,0.000000,0.000000,0.000000,0.000000,0.000000
0.000000,0.000000,0.000000,0.000000,0.000000,0.000000,0.000000,0.000000,0.000000,0.000000,0.000000,0.000000,0.000000,0.000000,0.000000,0.000000,0.000000,0.000000,0.000000,0.000000,0.000000,0.000000,0.000000,0.000000,0.000000,0.000000,0.000000,0.000000,0.000000,0.000000,0.000000,0.000000,1000.000209,1000.000266,1000.000320,1000.000365,1000.000406,1000.000447,1000.000483,1000.000515,1000.000545,1000.000573,1000.000598,1000.000617,1000.000629,1000.000636,1000.000640,1000.000642,1000.000643,1000.000644,1000.000644,1000.000644,1000.000644,1000.000644,1000.000643,1000.000642,1000.000640,1000.000636,1000.000629,1000.000617,1000.000598,1000.000573,1000.000545,1000.000515,1000.000483,1000.000447,1000.000406,1000.000365,1000.000320,1000.000266,1000.000209,0.000000,0.000000,0.000000,0.000000,0.000000,0.000000,0.000000,0.000000,0.000000,0.000000,0.000000,0.000000,0.000000,0.000000,0.000000,0.000000,0.000000,0.000000,0.000000,0.000000,0.000000,0.000000,0.000000,0.000000,0.000000,0.000000,0.000000,0.000000,0.000000,0.000000,0.000000,0.000000
0.000000,0.000000,0.000000,0.000000,0.000000,0.000000,0.000000,0.000000,0.000000,0.000000,0.000000,0.000000,0.000000,0.000000,0.000000,0.000000,0.000000,0.000000,0.000000,0.000000,0.000000,0.000000,0.000000,0.000000,0.000000,0.000000,0.000000,0.000000,0.000000,0.000000,1000.000219,1000.000282,1000.000344,1000.000395,1000.000445,1000.000491,1000.000535,1000.000576,1000.000611,1000.000641,1000.000667,1000.000690,1000.000709,1000.000722,1000.000730,1000.000734,1000.000736,1000.000736,1000.000737,1000.000737,1000.000737,1000.000737,1000.000737,1000.000737,1000.000737,1000.000736,1000.000736,1000.000734,1000.000730,1000.000722,1000.000709,1000.000690,1000.000667,1000.000641,1000.000611,1000.000576,1000.000535,1000.000491,1000.000445,1000.000395,1000.000344,1000.000282,1000.000219,0.000000,0.000000,0.000000,0.000000,0.000000,0.000000,0.000000,0.000000,0.000000,0.000000,0.000000,0.000000,0.000000,0.000000,0.000000,0.000000,0.000000,0.000000,0.000000,0.000000,0.000000,0.000000,0.000000,0.000000,0.000000,0.000000,0.000000,0.000000,0.000000,0.000000
0.000000,0.000000,0.000000,0.000000,0.000000,0.000000,0.000000,0.000000,0.000000,0.000000,0.000000,0.000000,0.000000,0.000000,0.000000,0.000000,0.000000,0.000000,0.000000,0.000000,0.000000,0.000000,0.000000,0.000000,0.000000,0.000000,0.000000,0.000000,1000.000218,1000.000286,1000.000352,1000.000409,1000.000466,1000.000520,1000.000572,1000.000618,1000.000657,1000.000691,1000.000719,1000.000737,1000.000750,1000.000758,1000.000760,1000.000759,1000.000758,1000.000756,1000.000755,1000.000754,1000.000754,1000.000753,1000.000752,1000.000752,1000.000752,1000.000753,1000.000754,1000.000754,1000.000755,1000.000756,1000.000758,1000.000759,1000.000760,1000.000758,1000.000750,1000.000737,1000.000719,1000.000691,1000.000657,1000.000618,1000.000572,1000.000520,1000.000466,1000.000409,1000.000352,1000.000286,1000.000218,0.000000,0.000000,0.000000,0.000000,0.000000,0.000000,0.000000,0.000000,0.000000,0.000000,0.000000,0.000000,0.000000,0.000000,0.000000,0.000000,0.000000,0.000000,0.000000,0.000000,0.000000,0.000000,0.000000,0.000000,0.000000,0.000000,0.000000,0.000000
0.000000,0.000000,0.000000,0.000000,0.000000,0.000000,0.000000,0.000000,0.000000,0.000000,0.000000,0.000000,0.000000,0.000000,0.000000,0.000000,0.000000,0.000000,0.000000,0.000000,0.000000,0.000000,0.000000,0.000000,0.000000,0.000000,1000.000207,1000.000280,1000.000350,1000.000411,1000.000472,1000.000531,1000.000588,1000.000641,1000.000686,1000.000722,1000.000745,1000.000760,1000.000767,1000.000765,1000.000760,1000.000751,1000.000736,1000.000723,1000.000713,1000.000706,1000.000703,1000.000700,1000.000698,1000.000697,1000.000696,1000.000695,1000.000696,1000.000697,1000.000698,1000.000700,1000.000703,1000.000706,1000.000713,1000.000723,1000.000736,1000.000751,1000.000760,1000.000765,1000.000767,1000.000760,1000.000745,1000.000722,1000.000686,1000.000641,1000.000588,1000.000531,1000.000472,1000.000411,1000.000350,1000.000280,1000.000207,0.000000,0.000000,0.000000,0.000000,0.000000,0.000000,0.000000,0.000000,0.000000,0.000000,0.000000,0.000000,0.000000,0.000000,0.000000,0.000000,0.000000,0.000000,0.000000,0.000000,0.000000,0.000000,0.000000,0.000000,0.000000,0.000000
0.000000,0.000000,0.000000,0.000000,0.000000,0.000000,0.000000,0.000000,0.000000,0.000000,0.000000,0.000000,0.000000,0.000000,0.000000,0.000000,0.000000,0.000000,0.000000,0.000000,0.000000,0.000000,0.000000,0.000000,1000.000178,1000.000258,1000.000335,1000.000402,1000.000467,1000.000530,1000.000592,1000.000648,1000.000696,1000.000734,1000.000758,1000.000767,1000.000766,1000.000757,1000.000741,1000.000724,1000.000706,1000.000688,1000.000669,1000.000651,1000.000638,1000.000630,1000.000624,1000.000619,1000.000616,1000.000614,1000.000613,1000.000612,1000.000613,1000.000614,1000.000616,1000.000619,1000.000624,1000.000630,1000.000638,1000.000651,1000.000669,1000.000688,1000.000706,1000.000724,1000.000741,1000.000757,1000.000766,1000.000767,1000.000758,1000.000734,1000.000696,1000.000648,1000.000592,1000.000530,1000.000467,1000.000402,1000.000335,1000.000258,1000.000178,0.000000,0.000000,0.000000,0.000000,0.000000,0.000000,0.000000,0.000000,0.000000,0.000000,0.000000,0.000000,0.000000,0.000000,0.000000,0.000000,0.000000,0.000000,0.000000,0.000000,0.000000,0.000000,0.000000,0.000000
0.000000,0.000000,0.000000,0.000000,0.000000,0.000000,0.000000,0.000000,0.000000,0.000000,0.000000,0.000000,0.000000,0.000000,0.000000,0.000000,0.000000,0.000000,0.000000,0.000000,0.000000,0.000000,0.000000,1000.000215,1000.000302,1000.000377,1000.000450,1000.000519,1000.000586,1000.000646,1000.000697,1000.000737,1000.000762,1000.000769,1000.000762,1000.000744,1000.000722,1000.000698,1000.000673,1000.000650,1000.000629,1000.000610,1000.000592,1000.000575,1000.000562,1000.000552,1000.000545,1000.000539,1000.000535,1000.000532,1000.000531,1000.000530,1000.000531,1000.000532,1000.000535,1000.000539,1000.000545,1000.000552,1000.000562,1000.000575,1000.000592,1000.000610,1000.000629,1000.000650,1000.000673,1000.000698,1000.000722,1000.000744,1000.000762,1000.000769,1000.000762,1000.000737,1000.000697,1000.000646,1000.000586,1000.000519,1000.000450,1000.000377,1000.000302,1000.000215,0.000000,0.000000,0.000000,0.000000,0.000000,0.000000,0.000000,0.000000,0.000000,0.000000,0.000000,0.000000,0.000000,0.000000,0.000000,0.000000,0.000000,0.000000,0.000000,0.000000,0.000000,0.000000,0.000000
0.000000,0.000000,0.000000,0.000000,0.000000,0.000000,0.000000,0.000000,0.000000,0.000000,0.000000,0.000000,0.000000,0.000000,0.000000,0.000000,0.000000,0.000000,0.000000,0.000000,0.000000,1000.000159,1000.000249,1000.000336,1000.000414,1000.000491,1000.000566,1000.000634,1000.000691,1000.000735,1000.000762,1000.000770,1000.000762,1000.000740,1000.000711,1000.000680,1000.000650,1000.000623,1000.000597,1000.000574,1000.000553,1000.000534,1000.000516,1000.000500,1000.000487,1000.000476,1000.000468,1000.000462,1000.000457,1000.000454,1000.000452,1000.000451,1000.000452,1000.000454,1000.000457,1000.000462,1000.000468,1000.000476,1000.000487,1000.000500,1000.000516,1000.000534,1000.000553,1000.000574,1000.000597,1000.000623,1000.000650,1000.000680,1000.000711,1000.000740,1000.000762,1000.000770,1000.000762,1000.000735,1000.000691,1000.000634,1000.000566,1000.000491,1000.000414,1000.000336,1000.000249,1000.000159,0.000000,0.000000,0.000000,0.000000,0.000000,0.000000,0.000000,0.000000,0.000000,0.000000,0.000000,0.000000,0.000000,0.000000,0.000000,0.000000,0.000000,0.000000,0.000000,0.000000,0.000000
0.000000,0.000000,0.000000,0.000000,0.000000,0.000000,0.000000,0.000000,0.000000,0.000000,0.000000,0.000000,0.000000,0.000000,0.000000,0.000000,0.000000,0.000000,0.000000,0.000000,1000.000185,1000.000280,1000.000362,1000.000443,1000.000523,1000.000602,1000.000672,1000.000726,1000.000758,1000.000769,1000.000762,1000.000740,1000.000709,1000.000674,1000.000639,1000.000606,1000.000576,1000.000549,1000.000524,1000.000500,1000.000479,1000.000459,1000.000442,1000.000427,1000.000413,1000.000402,1000.000393,1000.000386,1000.000381,1000.000377,1000.000375,1000.000374,1000.000375,1000.000377,1000.000381,1000.000386,1000.000393,1000.000402,1000.000413,1000.000427,1000.000442,1000.000459,1000.000479,1000.000500,1000.000524,1000.000549,1000.000576,1000.000606,1000.000639,1000.000674,1000.000709,1000.000740,1000.000762,1000.000769,1000.000758,1000.000726,1000.000672,1000.000602,1000.000523,1000.000443,1000.000362,1000.000280,1000.000185,0.000000,0.000000,0.000000,0.000000,0.000000,0.000000,0.000000,0.000000,0.000000,0.000000,0.000000,0.000000,0.000000,0.000000,0.000000,0.000000,0.000000,0.000000,0.000000,0.000000
0.000000,0.000000,0.000000,0.000000,0.000000,0.000000,0.000000,0.000000,0.000000,0.000000,0.000000,0.000000,0.000000,0.000000,0.000000,0.000000,0.000000,0.000000,0.000000,1000.000206,1000.000303,1000.000388,1000.000469,1000.000550,1000.000628,1000.000697,1000.000746,1000.000766,1000.000762,1000.000741,1000.000710,1000.000674,1000.000636,1000.000600,1000.000566,1000.000534,1000.000505,1000.000477,1000.000451,1000.000428,1000.000406,1000.000387,1000.000370,1000.000354,1000.000341,1000.000330,1000.000320,1000.000313,1000.000307,1000.000303,1000.000301,1000.000300,1000.000301,1000.000303,1000.000307,1000.000313,1000.000320,1000.000330,1000.000341,1000.000354,1000.000370,1000.000387,1000.000406,1000.000428,1000.000451,1000.000477,1000.000505,1000.000534,1000.000566,1000.000600,1000.000636,1000.000674,1000.000710,1000.000741,1000.000762,1000.000766,1000.000746,1000.000697,1000.000628,1000.000550,1000.000469,1000.000388,1000.000303,1000.000206,0.000000,0.000000,0.000000,0.000000,0.000000,0.000000,0.000000,0.000000,0.000000,0.000000,0.000000,0.000000,0.000000,0.000000,0.000000,0.000000,0.000000,0.000000,0.000000
0.000000,0.000000,0.000000,0.000000,0.000000,0.000000,0.000000,0.000000,0.000000,0.000000,0.000000,0.000000,0.000000,0.000000,0.000000,0.000000,0.000000,0.000000,1000.000219,1000.000320,1000.000408,1000.000494,1000.000578,1000.000653,1000.000715,1000.000757,1000.000768,1000.000750,1000.000717,1000.000679,1000.000639,1000.000601,1000.000564,1000.000529,1000.000496,1000.000464,1000.000434,1000.000407,1000.000381,1000.000358,1000.000336,1000.000317,1000.000299,1000.000284,1000.000270,1000.000259,1000.000249,1000.000241,1000.000235,1000.000231,1000.000229,1000.000228,1000.000229,1000.000231,1000.000235,1000.000241,1000.000249,1000.000259,1000.000270,1000.000284,1000.000299,1000.000317,1000.000336,1000.000358,1000.000381,1000.000407,1000.000434,1000.000464,1000.000496,1000.000529,1000.000564,1000.000601,1000.000639,1000.000679,1000.000717,1000.000750,1000.000768,1000.000757,1000.000715,1000.000653,1000.000578,1000.000494,1000.000408,1000.000320,1000.000219,0.000000,0.000000,0.000000,0.000000,0.000000,0.000000,0.000000,0.000000,0.000000,0.000000,0.000000,0.000000,0.000000,0.000000,0.000000,0.000000,0.000000,0.000000
0.000000,0.000000,0.000000,0.000000,0.000000,0.000000,0.000000,0.000000,0.000000,0.000000,0.000000,0.000000,0.000000,0.000000,0.000000,0.000000,0.000000,1000.000226,1000.000330,1000.000422,1000.000511,1000.000600,1000.000676,1000.000733,1000.000764,1000.000766,1000.000740,1000.000698,1000.000653,1000.000609,1000.000570,1000.000532,1000.000495,1000.000460,1000.000427,1000.000395,1000.000366,1000.000338,1000.000313,1000.000289,1000.000268,1000.000248,1000.000230,1000.000215,1000.000201,1000.000190,1000.000180,1000.000172,1000.000166,1000.000162,1000.000159,1000.000158,1000.000159,1000.000162,1000.000166,1000.000172,1000.000180,1000.000190,1000.000201,1000.000215,1000.000230,1000.000248,1000.000268,1000.000289,1000.000313,1000.000338,1000.000366,1000.000395,1000.000427,1000.000460,1000.000495,1000.000532,1000.000570,1000.000609,1000.000653,1000.000698,1000.000740,1000.000766,1000.000764,1000.000733,1000.000676,1000.000600,1000.000511,1000.000422,1000.000330,1000.000226,0.000000,0.000000,0.000000,0.000000,0.000000,0.000000,0.000000,0.000000,0.000000,0.000000,0.000000,0.000000,0.000000,0.000000,0.000000,0.000000,0.000000
0.000000,0.000000,0.000000,0.000000,0.000000,0.000000,0.000000,0.000000,0.000000,0.000000,0.000000,0.000000,0.000000,0.000000,0.000000,0.000000,1000.000228,1000.000334,1000.000429,1000.000521,1000.000612,1000.000691,1000.000745,1000.000767,1000.000759,1000.000728,1000.000683,1000.000633,1000.000586,1000.000543,1000.000504,1000.000465,1000.000428,1000.000393,1000.000359,1000.000328,1000.000299,1000.000271,1000.000246,1000.000222,1000.000201,1000.000181,1000.000164,1000.000148,1000.000134,1000.000122,1000.000112,1000.000104,1000.000098,1000.000094,1000.000091,1000.000090,1000.000091,1000.000094,1000.000098,1000.000104,1000.000112,1000.000122,1000.000134,1000.000148,1000.000164,1000.000181,1000.000201,1000.000222,1000.000246,1000.000271,1000.000299,1000.000328,1000.000359,1000.000393,1000.000428,1000.000465,1000.000504,1000.000543,1000.000586,1000.000633,1000.000683,1000.000728,1000.000759,1000.000767,1000.000745,1000.000691,1000.000612,1000.000521,1000.000429,1000.000334,1000.000228,0.000000,0.000000,0.000000,0.000000,0.000000,0.000000,0.000000,0.000000,0.000000,0.000000,0.000000,0.000000,0.000000,0.000000,0.000000,0.000000
0.000000,0.000000,0.000000,0.000000,0.000000,0.000000,0.000000,0.000000,0.000000,0.000000,0.000000,0.000000,0.000000,0.000000,0.000000,1000.000226,1000.000334,1000.000431,1000.000525,1000.000618,1000.000697,1000.000752,1000.000767,1000.000749,1000.000712,1000.000666,1000.000616,1000.000567,1000.000522,1000.000480,1000.000439,1000.000399,1000.000363,1000.000328,1000.000295,1000.000263,1000.000234,1000.000206,1000.000181,1000.000157,1000.000136,1000.000116,1000.000099,1000.000083,1000.000069,1000.000057,1000.000047,1000.000039,1000.000033,1000.000028,1000.000025,1000.000025,1000.000025,1000.000028,1000.000033,1000.000039,1000.000047,1000.000057,1000.000069,1000.000083,1000.000099,1000.000116,1000.000136,1000.000157,1000.000181,1000.000206,1000.000234,1000.000263,1000.000295,1000.000328,1000.000363,1000.000399,1000.000439,1000.000480,1000.000522,1000.000567,1000.000616,1000.000666,1000.000712,1000.000749,1000.000767,1000.000752,1000.000697,1000.000618,1000.000525,1000.000431,1000.000334,1000.000226,0.000000,0.000000,0.000000,0.000000,0.000000,0.000000,0.000000,0.000000,0.000000,0.000000,0.000000,0.000000,0.000000,0.000000,0.000000
0.000000,0.000000,0.000000,0.000000,0.000000,0.000000,0.000000,0.000000,0.000000,0.000000,0.000000,0.000000,0.000000,0.000000,1000.000219,1000.000330,1000.000429,1000.000525,1000.000620,1000.000700,1000.000754,1000.000768,1000.000744,1000.000700,1000.000649,1000.000599,1000.000551,1000.000504,1000.000460,1000.000416,1000.000375,1000.000336,1000.000300,1000.000265,1000.000231,1000.000200,1000.000171,1000.000143,1000.000118,1000.000094,1000.000073,1000.000053,1000.000035,1000.000020,1000.000006,999.999994,999.999984,999.999975,999.999969,999.999964,999.999962,999.999961,999.999962,999.999964,999.999969,999.999975,999.999984,999.999994,1000.000006,1000.000020,1000.000035,1000.000053,1000.000073,1000.000094,1000.000118,1000.000143,1000.000171,1000.000200,1000.000231,1000.000265,1000.000300,1000.000336,1000.000375,1000.000416,1000.000460,1000.000504,1000.000551,1000.000599,1000.000649,1000.000700,1000.000744,1000.000768,1000.000754,1000.000700,1000.000620,1000.000525,1000.000429,1000.000330,1000.000219,0.000000,0.000000,0.000000,0.000000,0.000000,0.000000,0.000000,0.000000,0.000000,0.000000,0.000000,0.000000,0.000000,0.000000
0.000000,0.000000,0.000000,0.000000,0.000000,0.000000,0.000000,0.000000,0.000000,0.000000,0.000000,0.000000,0.000000,1000.000206,1000.000320,1000.000422,1000.000521,1000.000618,1000.000700,1000.000755,1000.000768,1000.000742,1000.000694,1000.000639,1000.000586,1000.000537,1000.000489,1000.000443,1000.000398,1000.000355,1000.000314,1000.000275,1000.000238,1000.000203,1000.000170,1000.000139,1000.000110,1000.000082,1000.000057,1000.000033,1000.000011,999.999992,999.999974,999.999958,999.999944,999.999932,999.999922,999.999914,999.999907,999.999903,999.999900,999.999899,999.999900,999.999903,999.999907,999.999914,999.999922,999.999932,999.999944,999.999958,999.999974,999.999992,1000.000011,1000.000033,1000.000057,1000.000082,1000.000110,1000.000139,1000.000170,1000.000203,1000.000238,1000.000275,1000.000314,1000.000355,1000.000398,1000.000443,1000.000489,1000.000537,1000.000586,1000.000639,1000.000694,1000.000742,1000.000768,1000.000755,1000.000700,1000.000618,1000.000521,1000.000422,1000.000320,1000.000206,0.000000,0.000000,0.000000,0.000000,0.000000,0.000000,0.000000,0.000000,0.000000,0.000000,0.000000,0.000000,0.000000
0.000000,0.000000,0.000000,0.000000,0.000000,0.000000,0.000000,0.000000,0.000000,0.000000,0.000000,0.000000,1000.000185,1000.000303,1000.000408,1000.000511,1000.000612,1000.000697,1000.000754,1000.000768,1000.000741,1000.000692,1000.000635,1000.000579,1000.000527,1000.000478,1000.000429,1000.000383,1000.000338,1000.000296,1000.000255,1000.000216,1000.000179,1000.000144,1000.000111,1000.000079,1000.000050,1000.000023,999.999997,999.999974,999.999952,999.999932,999.999914,999.999899,999.999885,999.999873,999.999862,999.999854,999.999848,999.999843,999.999840,999.999839,999.999840,999.999843,999.999848,999.999854,999.999862,999.999873,999.999885,999.999899,999.999914,999.999932,999.999952,999.999974,999.999997,1000.000023,1000.000050,1000.000079,1000.000111,1000.000144,1000.000179,1000.000216,1000.000255,1000.000296,1000.000338,1000.000383,1000.000429,1000.000478,1000.000527,1000.000579,1000.000635,1000.000692,1000.000741,1000.000768,1000.000754,1000.000697,1000.000612,1000.000511,1000.000408,1000.000303,1000.000185,0.000000,0.000000,0.000000,0.000000,0.000000,0.000000,0.000000,0.000000,0.000000,0.000000,0.000000,0.000000
0.000000,0.000000,0.000000,0.000000,0.000000,0.000000,0.000000,0.000000,0.000000,0.000000,0.000000,1000.000159,1000.000280,1000.000388,1000.000494,1000.000600,1000.000691,1000.000752,1000.000768,1000.000742,1000.000692,1000.000634,1000.000575,1000.000522,1000.000471,1000.000420,1000.000371,1000.000325,1000.000281,1000.000238,1000.000197,1000.000158,1000.000121,1000.000086,1000.000053,1000.000022,999.999993,999.999965,999.999940,999.999916,999.999894,999.999875,999.999857,999.999841,999.999827,999.999815,999.999805,999.999796,999.999790,999.999785,999.999782,999.999781,999.999782,999.999785,999.999790,999.999796,999.999805,999.999815,999.999827,999.999841,999.999857,999.999875,999.999894,999.999916,999.999940,999.999965,999.999993,1000.000022,1000.000053,1000.000086,1000.000121,1000.000158,1000.000197,1000.000238,1000.000281,1000.000325,1000.000371,1000.000420,1000.000471,1000.000522,1000.000575,1000.000634,1000.000692,1000.000742,1000.000768,1000.000752,1000.000691,1000.000600,1000.000494,1000.000388,1000.000280,1000.000159,0.000000,0.000000,0.000000,0.000000,0.000000,0.000000,0.000000,0.000000,0.000000,0.000000,0.000000
0.000000,0.000000,0.000000,0.000000,0.000000,0.000000,0.000000,0.000000,0.000000,0.000000,0.000000,1000.000249,1000.000362,1000.000469,1000.000578,1000.000676,1000.000745,1000.000767,1000.000744,1000.000694,1000.000635,1000.000575,1000.000520,1000.000467,1000.000414,1000.000364,1000.000316,1000.000269,1000.000225,1000.000182,1000.000141,1000.000103,1000.000066,1000.000030,999.999997,999.999966,999.999937,999.999909,999.999884,999.999860,999.999839,999.999819,999.999801,999.999785,999.999771,999.999759,999.999749,999.999740,999.999734,999.999729,999.999726,999.999725,999.999726,999.999729,999.999734,999.999740,999.999749,999.999759,999.999771,999.999785,999.999801,999.999819,999.999839,999.999860,999.999884,999.999909,999.999937,999.999966,999.999997,1000.000030,1000.000066,1000.000103,1000.000141,1000.000182,1000.000225,1000.000269,1000.000316,1000.000364,1000.000414,1000.000467,1000.000520,1000.000575,1000.000635,1000.000694,1000.000744,1000.000767,1000.000745,1000.000676,1000.000578,1000.000469,1000.000362,1000.000249,0.000000,0.000000,0.000000,0.000000,0.000000,0.000000,0.000000,0.000000,0.000000,0.000000,0.000000
0.000000,0.000000,0.000000,0.000000,0.000000,0.000000,0.000000,0.000000,0.000000,0.000000,1000.000215,1000.000336,1000.000443,1000.000550,1000.000653,1000.000733,1000.000767,1000.000749,1000.000700,1000.000639,1000.000579,1000.000522,1000.000467,1000.000412,1000.000360,1000.000310,1000.000262,1000.000215,1000.000171,1000.000128,1000.000088,1000.000049,1000.000012,999.999977,999.999944,999.999912,999.999883,999.999856,999.999830,999.999807,999.999785,999.999765,999.999747,999.999731,999.999717,999.999705,999.999695,999.999686,999.999680,999.999675,999.999672,999.999671,999.999672,999.999675,999.999680,999.999686,999.999695,999.999705,999.999717,999.999731,999.999747,999.999765,999.999785,999.999807,999.999830,999.999856,999.999883,999.999912,999.999944,999.999977,1000.000012,1000.000049,1000.000088,1000.000128,1000.000171,1000.000215,1000.000262,1000.000310,1000.000360,1000.000412,1000.000467,1000.000522,1000.000579,1000.000639,1000.000700,1000.000749,1000.000767,1000.000733,1000.000653,1000.000550,1000.000443,1000.000336,1000.000215,0.000000,0.000000,0.000000,0.000000,0.000000,0.000000,0.000000,0.000000,0.000000,0.000000
0.000000,0.000000,0.000000,0.000000,0.000000,0.000000,0.000000,0.000000,0.000000,1000.000178,1000.000302,1000.000414,1000.000523,1000.000628,1000.000715,1000.000764,1000.000759,1000.000712,1000.000649,1000.000586,1000.000527,1000.000471,1000.000414,1000.000360,1000.000308,1000.000258,1000.000210,1000.000163,1000.000119,1000.000076,1000.000035,999.999997,999.999960,999.999925,999.999892,999.999860,999.999831,999.999804,999.999778,999.999755,999.999733,999.999713,999.999695,999.999679,999.999665,999.999653,999.999643,999.999634,999.999628,999.999623,999.999620,999.999619,999.999620,999.999623,999.999628,999.999634,999.999643,999.999653,999.999665,999.999679,999.999695,999.999713,999.999733,999.999755,999.999778,999.999804,999.999831,999.999860,999.999892,999.999925,999.999960,999.999997,1000.000035,1000.000076,1000.000119,1000.000163,1000.000210,1000.000258,1000.000308,1000.000360,1000.000414,1000.000471,1000.000527,1000.000586,1000.000649,1000.000712,1000.000759,1000.000764,1000.000715,1000.000628,1000.000523,1000.000414,1000.000302,1000.000178,0.000000,0.000000,0.000000,0.000000,0.000000,0.000000,0.000000,0.000000,0.000000
0.000000,0.000000,0.000000,0.000000,0.000000,0.000000,0.000000,0.000000,0.000000,1000.000258,1000.000377,1000.000491,1000.000602,1000.000697,1000.000757,1000.000766,1000.000728,1000.000666,1000.000599,1000.000537,1000.000478,1000.000420,1000.000364,1000.000310,1000.000258,1000.000208,1000.000160,1000.000113,1000.000069,1000.000026,999.999985,999.999947,999.999910,999.999875,999.999842,999.999810,999.999781,999.999754,999.999728,999.999705,999.999683,999.999663,999.999645,999.999629,999.999615,999.999603,999.999593,999.999584,999.999578,999.999573,999.999570,999.999569,999.999570,999.999573,999.999578,999.999584,999.999593,999.999603,999.999615,999.999629,999.999645,999.999663,999.999683,999.999705,999.999728,999.999754,999.999781,999.999810,999.999842,999.999875,999.999910,999.999947,999.999985,1000.000026,1000.000069,1000.000113,1000.000160,1000.000208,1000.000258,1000.000310,1000.000364,1000.000420,1000.000478,1000.000537,1000.000599,1000.000666,1000.000728,1000.000766,1000.000757,1000.000697,1000.000602,1000.000491,1000.000377,1000.000258,0.000000,0.000000,0.000000,0.000000,0.000000,0.000000,0.000000,0.000000,0.000000
0.000000,0.000000,0.000000,0.000000,0.000000,0.000000,0.000000,0.000000,1000.000207,1000.000335,1000.000450,1000.000566,1000.000672,1000.000746,1000.000768,1000.000740,1000.000683,1000.000616,1000.000551,1000.000489,1000.000429,1000.000371,1000.000316,1000.000262,1000.000210,1000.000160,1000.000111,1000.000065,1000.000020,999.999978,999.999937,999.999898,999.999861,999.999827,999.999793,999.999762,999.999733,999.999706,999.999680,999.999656,999.999635,999.999615,999.999597,999.999581,999.999567,999.999555,999.999544,999.999536,999.999529,999.999525,999.999522,999.999521,999.999522,999.999525,999.999529,999.999536,999.999544,999.999555,999.999567,999.999581,999.999597,999.999615,999.999635,999.999656,999.999680,999.999706,999.999733,999.999762,999.999793,999.999827,999.999861,999.999898,999.999937,999.999978,1000.000020,1000.000065,1000.000111,1000.000160,1000.000210,1000.000262,1000.000316,1000.000371,1000.000429,1000.000489,1000.000551,1000.000616,1000.000683,1000.000740,1000.000768,1000.000746,1000.000672,1000.000566,1000.000450,1000.000335,1000.000207,0.000000,0.000000,0.000000,0.000000,0.000000,0.000000,0.000000,0.000000
0.000000,0.000000,0.000000,0.000000,0.000000,0.000000,0.000000,0.000000,1000.000280,1000.000402,1000.000519,1000.000634,1000.000726,1000.000766,1000.000750,1000.000698,1000.000633,1000.000567,1000.000504,1000.000443,1000.000383,1000.000325,1000.000269,1000.000215,1000.000163,1000.000113,1000.000065,1000.000019,999.999974,999.999932,999.999891,999.999852,999.999815,999.999780,999.999747,999.999716,999.999687,999.999659,999.999634,999.999610,999.999588,999.999569,999.999551,999.999535,999.999521,999.999508,999.999498,999.999489,999.999483,999.999478,999.999475,999.999474,999.999475,999.999478,999.999483,999.999489,999.999498,999.999508,999.999521,999.999535,999.999551,999.999569,999.999588,999.999610,999.999634,999.999659,999.999687,999.999716,999.999747,999.999780,999.999815,999.999852,999.999891,999.999932,999.999974,1000.000019,1000.000065,1000.000113,1000.000163,1000.000215,1000.000269,1000.000325,1000.000383,1000.000443,1000.000504,1000.000567,1000.000633,1000.000698,1000.000750,1000.000766,1000.000726,1000.000634,1000.000519,1000.000402,1000.000280,0.000000,0.000000,0.000000,0.000000,0.000000,0.000000,0.000000,0.000000
0.000000,0.000000,0.000000,0.000000,0.000000,0.000000,0.000000,1000.000218,1000.000350,1000.000467,1000.000586,1000.000691,1000.000758,1000.000762,1000.000717,1000.000653,1000.000586,1000.000522,1000.000460,1000.000398,1000.000338,1000.000281,1000.000225,1000.000171,1000.000119,1000.000069,1000.000020,999.999974,999.999930,999.999887,999.999846,999.999808,999.999771,999.999736,999.999703,999.999672,999.999642,999.999615,999.999589,999.999566,999.999544,999.999524,999.999506,999.999490,999.999476,999.999464,999.999453,999.999445,999.999438,999.999434,999.999431,999.999430,999.999431,999.999434,999.999438,999.999445,999.999453,999.999464,999.999476,999.999490,999.999506,999.999524,999.999544,999.999566,999.999589,999.999615,999.999642,999.999672,999.999703,999.999736,999.999771,999.999808,999.999846,999.999887,999.999930,999.999974,1000.000020,1000.000069,1000.000119,1000.000171,1000.000225,1000.000281,1000.000338,1000.000398,1000.000460,1000.000522,1000.000586,1000.000653,1000.000717,1000.000762,1000.000758,1000.000691,1000.000586,1000.000467,1000.000350,1000.000218,0.000000,0.000000,0.000000,0.000000,0.000000,0.000000,0.000000
0.000000,0.000000,0.000000,0.000000,0.000000,0.000000,0.000000,1000.000286,1000.000411,1000.000530,1000.000646,1000.000735,1000.000769,1000.000741,1000.000679,1000.000609,1000.000543,1000.000480,1000.000416,1000.000355,1000.000296,1000.000238,1000.000182,1000.000128,1000.000076,1000.000026,999.999978,999.999932,999.999887,999.999845,999.999804,999.999765,999.999728,999.999693,999.999660,999.999629,999.999600,999.999572,999.999547,999.999523,999.999501,999.999482,999.999464,999.999448,999.999433,999.999421,999.999411,999.999402,999.999396,999.999391,999.999388,999.999387,999.999388,999.999391,999.999396,999.999402,999.999411,999.999421,999.999433,999.999448,999.999464,999.999482,999.999501,999.999523,999.999547,999.999572,999.999600,999.999629,999.999660,999.999693,999.999728,999.999765,999.999804,999.999845,999.999887,999.999932,999.999978,1000.000026,1000.000076,1000.000128,1000.000182,1000.000238,1000.000296,1000.000355,1000.000416,1000.000480,1000.000543,1000.000609,1000.000679,1000.000741,1000.000769,1000.000735,1000.000646,1000.000530,1000.000411,1000.000286,0.000000,0.000000,0.000000,0.000000,0.000000,0.000000,0.000000
0.000000,0.000000,0.000000,0.000000,0.000000,0.000000,1000.000219,1000.000352,1000.000472,1000.000592,1000.000697,1000.000762,1000.000762,1000.000710,1000.000639,1000.000570,1000.000504,1000.000439,1000.000375,1000.000314,1000.000255,1000.000197,1000.000141,1000.000088,1000.000035,999.999985,999.999937,999.999891,999.999846,999.999804,999.999763,999.999724,999.999688,999.999653,999.999620,999.999588,999.999559,999.999532,999.999506,999.999483,999.999461,999.999441,999.999423,999.999407,999.999393,999.999381,999.999370,999.999362,999.999355,999.999350,999.999348,999.999347,999.999348,999.999350,999.999355,999.999362,999.999370,999.999381,999.999393,999.999407,999.999423,999.999441,999.999461,999.999483,999.999506,999.999532,999.999559,999.999588,999.999620,999.999653,999.999688,999.999724,999.999763,999.999804,999.999846,999.999891,999.999937,999.999985,1000.000035,1000.000088,1000.000141,1000.000197,1000.000255,1000.000314,1000.000375,1000.000439,1000.000504,1000.000570,1000.000639,1000.000710,1000.000762,1000.000762,1000.000697,1000.000592,1000.000472,1000.000352,1000.000219,0.000000,0.000000,0.000000,0.000000,0.000000,0.000000
0.000000,0.000000,0.000000,0.000000,0.000000,0.000000,1000.000282,1000.000409,1000.000531,1000.000648,1000.000737,1000.000770,1000.000740,1000.000674,1000.000601,1000.000532,1000.000465,1000.000399,1000.000336,1000.000275,1000.000216,1000.000158,1000.000103,1000.000049,999.999997,999.999947,999.999898,999.999852,999.999808,999.999765,999.999724,999.999686,999.999649,999.999614,999.999581,999.999550,999.999520,999.999493,999.999467,999.999444,999.999422,999.999402,999.999384,999.999368,999.999354,999.999342,999.999331,999.999323,999.999316,999.999312,999.999309,999.999308,999.999309,999.999312,999.999316,999.999323,999.999331,999.999342,999.999354,999.999368,999.999384,999.999402,999.999422,999.999444,999.999467,999.999493,999.999520,999.999550,999.999581,999.999614,999.999649,999.999686,999.999724,999.999765,999.999808,999.999852,999.999898,999.999947,999.999997,1000.000049,1000.000103,1000.000158,1000.000216,1000.000275,1000.000336,1000.000399,1000.000465,1000.000532,1000.000601,1000.000674,1000.000740,1000.000770,1000.000737,1000.000648,1000.000531,1000.000409,1000.000282,0.000000,0.000000,0.000000,0.000000,0.000000,0.000000
0.000000,0.000000,0.000000,0.000000,0.000000,1000.000209,1000.000344,1000.000466,1000.000588,1000.000696,1000.000762,1000.000762,1000.000709,1000.000636,1000.000564,1000.000495,1000.000428,1000.000363,1000.000300,1000.000238,1000.000179,1000.000121,1000.000066,1000.000012,999.999960,999.999910,999.999861,999.999815,999.999771,999.999728,999.999688,999.999649,999.999612,999.999577,999.999544,999.999513,999.999483,999.999456,999.999431,999.999407,999.999385,999.999365,999.999347,999.999331,999.999317,999.999305,999.999295,999.999286,999.999279,999.999275,999.999272,999.999271,999.999272,999.999275,999.999279,999.999286,999.999295,999.999305,999.999317,999.999331,999.999347,999.999365,999.999385,999.999407,999.999431,999.999456,999.999483,999.999513,999.999544,999.999577,999.999612,999.999649,999.999688,999.999728,999.999771,999.999815,999.999861,999.999910,999.999960,1000.000012,1000.000066,1000.000121,1000.000179,1000.000238,1000.000300,1000.000363,1000.000428,1000.000495,1000.000564,1000.000636,1000.000709,1000.000762,1000.000762,1000.000696,1000.000588,1000.000466,1000.000344,1000.000209,0.000000,0.000000,0.000000,0.000000,0.000000
0.000000,0.000000,0.000000,0.000000,0.000000,1000.000266,1000.000395,1000.000520,1000.000641,1000.000734,1000.000769,1000.000740,1000.000674,1000.000600,1000.000529,1000.000460,1000.000393,1000.000328,1000.000265,1000.000203,1000.000144,1000.000086,1000.000030,999.999977,999.999925,999.999875,999.999827,999.999780,999.999736,999.999693,999.999653,999.999614,999.999577,999.999542,999.999509,999.999478,999.999448,999.999421,999.999396,999.999372,999.999350,999.999330,999.999312,999.999296,999.999282,999.999270,999.999260,999.999251,999.999244,999.999240,999.999237,999.999236,999.999237,999.999240,999.999244,999.999251,999.999260,999.999270,999.999282,999.999296,999.999312,999.999330,999.999350,999.999372,999.999396,999.999421,999.999448,999.999478,999.999509,999.999542,999.999577,999.999614,999.999653,999.999693,999.999736,999.999780,999.999827,999.999875,999.999925,999.999977,1000.000030,1000.000086,1000.000144,1000.000203,1000.000265,1000.000328,1000.000393,1000.000460,1000.000529,1000.000600,1000.000674,1000.000740,1000.000769,1000.000734,1000.000641,1000.000520,1000.000395,1000.000266,0.000000,0.000000,0.000000,0.000000,0.000000
0.000000,0.000000,0.000000,0.000000,1000.000184,1000.000320,1000.000445,1000.000572,1000.000686,1000.000758,1000.000762,1000.000711,1000.000639,1000.000566,1000.000496,1000.000427,1000.000359,1000.000295,1000.000231,1000.000170,1000.000111,1000.000053,999.999997,999.999944,999.999892,999.999842,999.999793,999.999747,999.999703,999.999660,999.999620,999.999581,999.999544,999.999509,999.999476,999.999445,999.999415,999.999388,999.999362,999.999339,999.999317,999.999297,999.999279,999.999263,999.999249,999.999237,999.999226,999.999218,999.999211,999.999207,999.999204,999.999203,999.999204,999.999207,999.999211,999.999218,999.999226,999.999237,999.999249,999.999263,999.999279,999.999297,999.999317,999.999339,999.999362,999.999388,999.999415,999.999445,999.999476,999.999509,999.999544,999.999581,999.999620,999.999660,999.999703,999.999747,999.999793,999.999842,999.999892,999.999944,999.999997,1000.000053,1000.000111,1000.000170,1000.000231,1000.000295,1000.000359,1000.000427,1000.000496,1000.000566,1000.000639,1000.000711,1000.000762,1000.000758,1000.000686,1000.000572,1000.000445,1000.000320,1000.000184,0.000000,0.000000,0.000000,0.000000
0.000000,0.000000,0.000000,0.000000,1000.000234,1000.000365,1000.000491,1000.000618,1000.000722,1000.000767,1000.000744,1000.000680,1000.000606,1000.000534,1000.000464,1000.000395,1000.000328,1000.000263,1000.000200,1000.000139,1000.000079,1000.000022,999.999966,999.999912,999.999860,999.999810,999.999762,999.999716,999.999672,999.999629,999.999588,999.999550,999.999513,999.999478,999.999445,999.999413,999.999384,999.999357,999.999331,999.999308,999.999286,999.999266,999.999248,999.999232,999.999218,999.999206,999.999195,999.999187,999.999180,999.999175,999.999173,999.999172,999.999173,999.999175,999.999180,999.999187,999.999195,999.999206,999.999218,999.999232,999.999248,999.999266,999.999286,999.999308,999.999331,999.999357,999.999384,999.999413,999.999445,999.999478,999.999513,999.999550,999.999588,999.999629,999.999672,999.999716,999.999762,999.999810,999.999860,999.999912,999.999966,1000.000022,1000.000079,1000.000139,1000.000200,1000.000263,1000.000328,1000.000395,1000.000464,1000.000534,1000.000606,1000.000680,1000.000744,1000.000767,1000.000722,1000.000618,1000.000491,1000.000365,1000.000234,0.000000,0.000000,0.000000,0.000000
