0.000000,0.000000,0.000000,0.000000,0.000000,0.000000,0.000000,0.000000,0.000000,0.000000,0.000000,0.000000,0.000000,0.000000,0.000000,0.000000,0.000000,0.000000,0.000000,0.000000,0.000000,0.000000,0.000000,0.000000,0.000000,0.000000,0.000000,0.000000,0.000000,0.000000,0.000000,0.000000,0.000000,0.000000,0.000000,0.000000,0.000000,0.000000,0.000000,0.000000,0.000000,0.000000,0.000000,0.000000,0.000000,0.000000,0.000000,0.000000,0.000000,0.000000,0.000000,0.000000,0.000000,0.000000,0.000000,0.000000,0.000000,0.000000,0.000000,0.000000,0.000000,0.000000,0.000000,0.000000,0.000000,0.000000,0.000000,0.000000,0.000000,0.000000,0.000000,0.000000,0.000000,0.000000,0.000000,0.000000,0.000000,0.000000,0.000000,0.000000,0.000000,0.000000,0.000000,0.000000,0.000000,0.000000,0.000000,0.000000,0.000000,0.000000,0.000000,0.000000,0.000000,0.000000,0.000000,0.000000,0.000000,0.000000,0.000000,0.000000,0.000000,0.000000,0.000000
0.000000,0.000000,0.000000,0.000000,0.000000,0.000000,0.000000,0.000000,0.000000,0.000000,0.000000,0.000000,0.000000,0.000000,0.000000,0.000000,0.000000,0.000000,0.000000,0.000000,0.000000,0.000000,0.000000,0.000000,0.000000,0.000000,0.000000,0.000000,0.000000,0.000000,0.000000,0.000000,0.000000,0.000000,0.000000,0.000000,0.000000,0.000000,0.000000,0.000000,0.000000,0.000000,0.000000,0.000000,0.000000,0.000000,0.000000,0.000000,0.000000,0.000000,0.000000,1000.000089,0.000000,0.000000,0.000000,0.000000,0.000000,0.000000,0.000000,0.000000,0.000000,0.000000,0.000000,0.000000,0.000000,0.000000,0.000000,0.000000,0.000000,0.000000,0.000000,0.000000,0.000000,0.000000,0.000000,0.000000,0.000000,0.000000,0.000000,0.000000,0.000000,0.000000,0.000000,0.000000,0.000000,0.000000,0.000000,0.000000,0.000000,0.000000,0.000000,0.000000,0.000000,0.000000,0.000000,0.000000,0.000000,0.000000,0.000000,0.000000,0.000000,0.000000,0.000000
0.000000,0.000000,0.000000,0.000000,0.000000,0.000000,0.000000,0.000000,0.000000,0.000000,0.000000,0.000000,0.000000,0.000000,0.000000,0.000000,0.000000,0.000000,0.000000,0.000000,0.000000,0.000000,0.000000,0.000000,0.000000,0.000000,0.000000,0.000000,0.000000,0.000000,0.000000,0.000000,0.000000,0.000000,0.000000,0.000000,0.000000,0.000000,0.000000,0.000000,0.000000,0.000000,1000.000162,1000.000189,1000.000202,1000.000209,1000.000213,1000.000214,1000.000214,1000.000213,1000.000212,1000.000218,1000.000212,1000.000213,1000.000214,1000.000214,1000.000213,1000.000209,1000.000202,1000.000189,1000.000162,0.000000,0.000000,0.000000,0.000000,0.000000,0.000000,0.000000,0.000000,0.000000,0.000000,0.000000,0.000000,0.000000,0.000000,0.000000,0.000000,0.000000,0.000000,0.000000,0.000000,0.000000,0.000000,0.000000,0.000000,0.000000,0.000000,0.000000,0.000000,0.000000,0.000000,0.000000,0.000000,0.000000,0.000000,0.000000,0.000000,0.000000,0.000000,0.000000,0.000000,0.000000,0.000000
0.000000,0.000000,0.000000,0.000000,0.000000,0.000000,0.000000,0.000000,0.000000,0.000000,0.000000,0.000000,0.000000,0.000000,0.000000,0.000000,0.000000,0.000000,0.000000,0.000000,0.000000,0.000000,0.000000,0.000000,0.000000,0.000000,0.000000,0.000000,0.000000,0.000000,0.000000,0.000000,0.000000,0.000000,0.000000,0.000000,0.000000,1000.000156,1000.000195,1000.000226,1000.000251,1000.000272,1000.000290,1000.000307,1000.000320,1000.000329,1000.000335,1000.000337,1000.000338,1000.000339,1000.000338,1000.000339,1000.000338,1000.000339,1000.000338,1000.000337,1000.000335,1000.000329,1000.000320,1000.000307,1000.000290,1000.000272,1000.000251,1000.000226,1000.000195,1000.000156,0.000000,0.000000,0.000000,0.000000,0.000000,0.000000,0.000000,0.000000,0.000000,0.000000,0.000000,0.000000,0.000000,0.000000,0.000000,0.000000,0.000000,0.000000,0.000000,0.000000,0.000000,0.000000,0.000000,0.000000,0.000000,0.000000,0.000000,0.000000,0.000000,0.000000,0.000000,0.000000,0.000000,0.000000,0.000000,0.000000,0.000000
0.000000,0.000000,0.000000,0.000000,0.000000,0.000000,0.000000,0.000000,0.000000,0.000000,0.000000,0.000000,0.000000,0.000000,0.000000,0.000000,0.000000,0.000000,0.000000,0.000000,0.000000,0.000000,0.000000,0.000000,0.000000,0.000000,0.000000,0.000000,0.000000,0.000000,0.000000,0.000000,0.000000,0.000000,1000.000163,1000.000207,1000.000244,1000.000281,1000.000313,1000.000341,1000.000368,1000.000391,1000.000412,1000.000429,1000.000441,1000.000449,1000.000454,1000.000456,1000.000458,1000.000458,1000.000459,1000.000458,1000.000459,1000.000458,1000.000458,1000.000456,1000.000454,1000.000449,1000.000441,1000.000429,1000.000412,1000.000391,1000.000368,1000.000341,1000.000313,1000.000281,1000.000244,1000.000207,1000.000163,0.000000,0.000000,0.000000,0.000000,0.000000,0.000000,0.000000,0.000000,0.000000,0.000000,0.000000,0.000000,0.000000,0.000000,0.000000,0.000000,0.000000,0.000000,0.000000,0.000000,0.000000,0.000000,0.000000,0.000000,0.000000,0.000000,0.000000,0.000000,0.000000,0.000000,0.000000,0.000000,0.000000,0.000000
0.000000,0.000000,0.000000,0.000000,0.000000,0.000000,0.000000,0.000000,0.000000,0.000000,0.000000,0.000000,0.000000,0.000000,0.000000,0.000000,0.000000,0.000000,0.000000,0.000000,0.000000,0.000000,0.000000,0.000000,0.000000,0.000000,0.000000,0.000000,0.000000,0.000000,0.000000,0.000000,1000.000186,1000.000236,1000.000284,1000.000324,1000.000360,1000.000396,1000.000428,1000.000457,1000.000484,1000.000509,1000.000531,1000.000548,1000.000559,1000.000565,1000.000569,1000.000571,1000.000572,1000.000572,1000.000572,1000.000572,1000.000572,1000.000572,1000.000572,1000.000571,1000.000569,1000.000565,1000.000559,1000.000548,1000.000531,1000.000509,1000.000484,1000.000457,1000.000428,1000.000396,1000.000360,1000.000324,1000.000284,1000.000236,1000.000186,0.000000,0.000000,0.000000,0.000000,0.000000,0.000000,0.000000,0.000000,0.000000,0.000000,0.000000,0.000000,0.000000,0.000000,0.000000,0.000000,0.000000,0.000000,0.000000,0.000000,0.000000,0.000000,0.000000,0.000000,0.000000,0.000000,0.000000,0.000000,0.000000,0.000000,0.000000,0.000000
0.000000,0.000000,0.000000,0.000000,0.000000,0.000000,0.000000,0.000000,0.000000,0.000000,0.000000,0.000000,0.000000,0.000000,0.000000,0.000000,0.000000,0.000000,0.000000,0.000000,0.000000,0.000000,0.000000,0.000000,0.000000,0.000000,0.000000,0.000000,0.000000,0.000000,1000.000195,1000.000251,1000.000305,1000.000351,1000.000395,1000.000436,1000.000475,1000.000511,1000.000543,1000.000570,1000.000593,1000.000613,1000.000631,1000.000643,1000.000650,1000.000653,1000.000655,1000.000656,1000.000656,1000.000656,1000.000656,1000.000656,1000.000656,1000.000656,1000.000656,1000.000656,1000.000655,1000.000653,1000.000650,1000.000643,1000.000631,1000.000613,1000.000593,1000.000570,1000.000543,1000.000511,1000.000475,1000.000436,1000.000395,1000.000351,1000.000305,1000.000251,1000.000195,0.000000,0.000000,0.000000,0.000000,0.000000,0.000000,0.000000,0.000000,0.000000,0.000000,0.000000,0.000000,0.000000,0.000000,0.000000,0.000000,0.000000,0.000000,0.000000,0.000000,0.000000,0.000000,0.000000,0.000000,0.000000,0.000000,0.000000,0.000000,0.000000,0.000000
0.000000,0.000000,0.000000,0.000000,0.000000,0.000000,0.000000,0.000000,0.000000,0.000000,0.000000,0.000000,0.000000,0.000000,0.000000,0.000000,0.000000,0.000000,0.000000,0.000000,0.000000,0.000000,0.000000,0.000000,0.000000,0.000000,0.000000,0.000000,1000.000194,1000.000254,1000.000312,1000.000363,1000.000413,1000.000462,1000.000508,1000.000549,1000.000584,1000.000615,1000.000640,1000.000656,1000.000668,1000.000675,1000.000677,1000.000676,1000.000674,1000.000673,1000.000672,1000.000672,1000.000671,1000.000670,1000.000670,1000.000670,1000.000670,1000.000670,1000.000671,1000.000672,1000.000672,1000.000673,1000.000674,1000.000676,1000.000677,1000.000675,1000.000668,1000.000656,1000.000640,1000.000615,1000.000584,1000.000549,1000.000508,1000.000462,1000.000413,1000.000363,1000.000312,1000.000254,1000.000194,0.000000,0.000000,0.000000,0.000000,0.000000,0.000000,0.000000,0.000000,0.000000,0.000000,0.000000,0.000000,0.000000,0.000000,0.000000,0.000000,0.000000,0.000000,0.000000,0.000000,0.000000,0.000000,0.000000,0.000000,0.000000,0.000000,0.000000,0.000000
0.000000,0.000000,0.000000,0.000000,0.000000,0.000000,0.000000,0.000000,0.000000,0.000000,0.000000,0.000000,0.000000,0.000000,0.000000,0.000000,0.000000,0.000000,0.000000,0.000000,0.000000,0.000000,0.000000,0.000000,0.000000,0.000000,1000.000184,1000.000249,1000.000310,1000.000365,1000.000419,1000.000471,1000.000522,1000.000569,1000.000610,1000.000642,1000.000664,1000.000677,1000.000683,1000.000681,1000.000677,1000.000668,1000.000655,1000.000642,1000.000633,1000.000628,1000.000624,1000.000622,1000.000620,1000.000619,1000.000618,1000.000618,1000.000618,1000.000619,1000.000620,1000.000622,1000.000624,1000.000628,1000.000633,1000.000642,1000.000655,1000.000668,1000.000677,1000.000681,1000.000683,1000.000677,1000.000664,1000.000642,1000.000610,1000.000569,1000.000522,1000.000471,1000.000419,1000.000365,1000.000310,1000.000249,1000.000184,0.000000,0.000000,0.000000,0.000000,0.000000,0.000000,0.000000,0.000000,0.000000,0.000000,0.000000,0.000000,0.000000,0.000000,0.000000,0.000000,0.000000,0.000000,0.000000,0.000000,0.000000,0.000000,0.000000,0.000000,0.000000,0.000000
0.000000,0.000000,0.000000,0.000000,0.000000,0.000000,0.000000,0.000000,0.000000,0.000000,0.000000,0.000000,0.000000,0.000000,0.000000,0.000000,0.000000,0.000000,0.000000,0.000000,0.000000,0.000000,0.000000,0.000000,1000.000158,1000.000229,1000.000298,1000.000357,1000.000415,1000.000471,1000.000525,1000.000575,1000.000619,1000.000653,1000.000675,1000.000683,1000.000682,1000.000673,1000.000659,1000.000643,1000.000628,1000.000611,1000.000594,1000.000578,1000.000566,1000.000559,1000.000554,1000.000550,1000.000547,1000.000545,1000.000544,1000.000544,1000.000544,1000.000545,1000.000547,1000.000550,1000.000554,1000.000559,1000.000566,1000.000578,1000.000594,1000.000611,1000.000628,1000.000643,1000.000659,1000.000673,1000.000682,1000.000683,1000.000675,1000.000653,1000.000619,1000.000575,1000.000525,1000.000471,1000.000415,1000.000357,1000.000298,1000.000229,1000.000158,0.000000,0.000000,0.000000,0.000000,0.000000,0.000000,0.000000,0.000000,0.000000,0.000000,0.000000,0.000000,0.000000,0.000000,0.000000,0.000000,0.000000,0.000000,0.000000,0.000000,0.000000,0.000000,0.000000,0.000000
0.000000,0.000000,0.000000,0.000000,0.000000,0.000000,0.000000,0.000000,0.000000,0.000000,0.000000,0.000000,0.000000,0.000000,0.000000,0.000000,0.000000,0.000000,0.000000,0.000000,0.000000,0.000000,0.000000,1000.000191,1000.000268,1000.000335,1000.000399,1000.000461,1000.000520,1000.000574,1000.000620,1000.000656,1000.000678,1000.000685,1000.000678,1000.000662,1000.000642,1000.000620,1000.000598,1000.000577,1000.000558,1000.000541,1000.000525,1000.000510,1000.000499,1000.000490,1000.000484,1000.000478,1000.000475,1000.000472,1000.000471,1000.000471,1000.000471,1000.000472,1000.000475,1000.000478,1000.000484,1000.000490,1000.000499,1000.000510,1000.000525,1000.000541,1000.000558,1000.000577,1000.000598,1000.000620,1000.000642,1000.000662,1000.000678,1000.000685,1000.000678,1000.000656,1000.000620,1000.000574,1000.000520,1000.000461,1000.000399,1000.000335,1000.000268,1000.000191,0.000000,0.000000,0.000000,0.000000,0.000000,0.000000,0.000000,0.000000,0.000000,0.000000,0.000000,0.000000,0.000000,0.000000,0.000000,0.000000,0.000000,0.000000,0.000000,0.000000,0.000000,0.000000,0.000000
0.000000,0.000000,0.000000,0.000000,0.000000,0.000000,0.000000,0.000000,0.000000,0.000000,0.000000,0.000000,0.000000,0.000000,0.000000,0.000000,0.000000,0.000000,0.000000,0.000000,0.000000,1000.000141,1000.000221,1000.000298,1000.000367,1000.000435,1000.000503,1000.000564,1000.000615,1000.000654,1000.000678,1000.000686,1000.000678,1000.000658,1000.000632,1000.000604,1000.000577,1000.000553,1000.000530,1000.000509,1000.000490,1000.000474,1000.000458,1000.000444,1000.000433,1000.000423,1000.000415,1000.000410,1000.000405,1000.000403,1000.000401,1000.000400,1000.000401,1000.000403,1000.000405,1000.000410,1000.000415,1000.000423,1000.000433,1000.000444,1000.000458,1000.000474,1000.000490,1000.000509,1000.000530,1000.000553,1000.000577,1000.000604,1000.000632,1000.000658,1000.000678,1000.000686,1000.000678,1000.000654,1000.000615,1000.000564,1000.000503,1000.000435,1000.000367,1000.000298,1000.000221,1000.000141,0.000000,0.000000,0.000000,0.000000,0.000000,0.000000,0.000000,0.000000,0.000000,0.000000,0.000000,0.000000,0.000000,0.000000,0.000000,0.000000,0.000000,0.000000,0.000000,0.000000,0.000000
0.000000,0.000000,0.000000,0.000000,0.000000,0.000000,0.000000,0.000000,0.000000,0.000000,0.000000,0.000000,0.000000,0.000000,0.000000,0.000000,0.000000,0.000000,0.000000,0.000000,1000.000164,1000.000249,1000.000321,1000.000393,1000.000464,1000.000535,1000.000598,1000.000646,1000.000675,1000.000685,1000.000678,1000.000658,1000.000630,1000.000599,1000.000567,1000.000538,1000.000511,1000.000487,1000.000465,1000.000444,1000.000425,1000.000408,1000.000392,1000.000379,1000.000367,1000.000357,1000.000349,1000.000343,1000.000338,1000.000335,1000.000333,1000.000332,1000.000333,1000.000335,1000.000338,1000.000343,1000.000349,1000.000357,1000.000367,1000.000379,1000.000392,1000.000408,1000.000425,1000.000444,1000.000465,1000.000487,1000.000511,1000.000538,1000.000567,1000.000599,1000.000630,1000.000658,1000.000678,1000.000685,1000.000675,1000.000646,1000.000598,1000.000535,1000.000464,1000.000393,1000.000321,1000.000249,1000.000164,0.000000,0.000000,0.000000,0.000000,0.000000,0.000000,0.000000,0.000000,0.000000,0.000000,0.000000,0.000000,0.000000,0.000000,0.000000,0.000000,0.000000,0.000000,0.000000,0.000000
0.000000,0.000000,0.000000,0.000000,0.000000,0.000000,0.000000,0.000000,0.000000,0.000000,0.000000,0.000000,0.000000,0.000000,0.000000,0.000000,0.000000,0.000000,0.000000,1000.000183,1000.000269,1000.000344,1000.000416,1000.000489,1000.000558,1000.000620,1000.000664,1000.000682,1000.000678,1000.000659,1000.000631,1000.000599,1000.000565,1000.000532,1000.000502,1000.000474,1000.000448,1000.000423,1000.000401,1000.000380,1000.000361,1000.000343,1000.000328,1000.000314,1000.000302,1000.000292,1000.000284,1000.000277,1000.000272,1000.000269,1000.000267,1000.000266,1000.000267,1000.000269,1000.000272,1000.000277,1000.000284,1000.000292,1000.000302,1000.000314,1000.000328,1000.000343,1000.000361,1000.000380,1000.000401,1000.000423,1000.000448,1000.000474,1000.000502,1000.000532,1000.000565,1000.000599,1000.000631,1000.000659,1000.000678,1000.000682,1000.000664,1000.000620,1000.000558,1000.000489,1000.000416,1000.000344,1000.000269,1000.000183,0.000000,0.000000,0.000000,0.000000,0.000000,0.000000,0.000000,0.000000,0.000000,0.000000,0.000000,0.000000,0.000000,0.000000,0.000000,0.000000,0.000000,0.000000,0.000000
0.000000,0.000000,0.000000,0.000000,0.000000,0.000000,0.000000,0.000000,0.000000,0.000000,0.000000,0.000000,0.000000,0.000000,0.000000,0.000000,0.000000,0.000000,1000.000195,1000.000284,1000.000362,1000.000438,1000.000513,1000.000580,1000.000636,1000.000674,1000.000683,1000.000667,1000.000637,1000.000603,1000.000568,1000.000533,1000.000501,1000.000469,1000.000440,1000.000412,1000.000385,1000.000361,1000.000338,1000.000317,1000.000298,1000.000281,1000.000266,1000.000252,1000.000240,1000.000229,1000.000221,1000.000214,1000.000209,1000.000205,1000.000203,1000.000202,1000.000203,1000.000205,1000.000209,1000.000214,1000.000221,1000.000229,1000.000240,1000.000252,1000.000266,1000.000281,1000.000298,1000.000317,1000.000338,1000.000361,1000.000385,1000.000412,1000.000440,1000.000469,1000.000501,1000.000533,1000.000568,1000.000603,1000.000637,1000.000667,1000.000683,1000.000674,1000.000636,1000.000580,1000.000513,1000.000438,1000.000362,1000.000284,1000.000195,0.000000,0.000000,0.000000,0.000000,0.000000,0.000000,0.000000,0.000000,0.000000,0.000000,0.000000,0.000000,0.000000,0.000000,0.000000,0.000000,0.000000,0.000000
0.000000,0.000000,0.000000,0.000000,0.000000,0.000000,0.000000,0.000000,0.000000,0.000000,0.000000,0.000000,0.000000,0.000000,0.000000,0.000000,0.000000,1000.000201,1000.000293,1000.000374,1000.000454,1000.000533,1000.000601,1000.000652,1000.000680,1000.000682,1000.000658,1000.000620,1000.000579,1000.000541,1000.000505,1000.000472,1000.000440,1000.000409,1000.000379,1000.000351,1000.000324,1000.000300,1000.000278,1000.000257,1000.000237,1000.000220,1000.000204,1000.000191,1000.000179,1000.000168,1000.000159,1000.000152,1000.000147,1000.000143,1000.000141,1000.000140,1000.000141,1000.000143,1000.000147,1000.000152,1000.000159,1000.000168,1000.000179,1000.000191,1000.000204,1000.000220,1000.000237,1000.000257,1000.000278,1000.000300,1000.000324,1000.000351,1000.000379,1000.000409,1000.000440,1000.000472,1000.000505,1000.000541,1000.000579,1000.000620,1000.000658,1000.000682,1000.000680,1000.000652,1000.000601,1000.000533,1000.000454,1000.000374,1000.000293,1000.000201,0.000000,0.000000,0.000000,0.000000,0.000000,0.000000,0.000000,0.000000,0.000000,0.000000,0.000000,0.000000,0.000000,0.000000,0.000000,0.000000,0.000000
0.000000,0.000000,0.000000,0.000000,0.000000,0.000000,0.000000,0.000000,0.000000,0.000000,0.000000,0.000000,0.000000,0.000000,0.000000,0.000000,1000.000202,1000.000297,1000.000380,1000.000462,1000.000544,1000.000614,1000.000664,1000.000683,1000.000675,1000.000648,1000.000607,1000.000562,1000.000520,1000.000482,1000.000447,1000.000413,1000.000380,1000.000348,1000.000319,1000.000291,1000.000265,1000.000241,1000.000218,1000.000197,1000.000178,1000.000161,1000.000145,1000.000131,1000.000119,1000.000108,1000.000100,1000.000093,1000.000087,1000.000083,1000.000081,1000.000080,1000.000081,1000.000083,1000.000087,1000.000093,1000.000100,1000.000108,1000.000119,1000.000131,1000.000145,1000.000161,1000.000178,1000.000197,1000.000218,1000.000241,1000.000265,1000.000291,1000.000319,1000.000348,1000.000380,1000.000413,1000.000447,1000.000482,1000.000520,1000.000562,1000.000607,1000.000648,1000.000675,1000.000683,1000.000664,1000.000614,1000.000544,1000.000462,1000.000380,1000.000297,1000.000202,0.000000,0.000000,0.000000,0.000000,0.000000,0.000000,0.000000,0.000000,0.000000,0.000000,0.000000,0.000000,0.000000,0.000000,0.000000,0.000000
0.000000,0.000000,0.000000,0.000000,0.000000,0.000000,0.000000,0.000000,0.000000,0.000000,0.000000,0.000000,0.000000,0.000000,0.000000,1000.000201,1000.000297,1000.000382,1000.000466,1000.000549,1000.000620,1000.000669,1000.000683,1000.000666,1000.000632,1000.000591,1000.000547,1000.000503,1000.000464,1000.000426,1000.000389,1000.000354,1000.000322,1000.000291,1000.000261,1000.000234,1000.000207,1000.000183,1000.000160,1000.000140,1000.000121,1000.000103,1000.000087,1000.000073,1000.000061,1000.000050,1000.000042,1000.000034,1000.000029,1000.000025,1000.000022,1000.000022,1000.000022,1000.000025,1000.000029,1000.000034,1000.000042,1000.000050,1000.000061,1000.000073,1000.000087,1000.000103,1000.000121,1000.000140,1000.000160,1000.000183,1000.000207,1000.000234,1000.000261,1000.000291,1000.000322,1000.000354,1000.000389,1000.000426,1000.000464,1000.000503,1000.000547,1000.000591,1000.000632,1000.000666,1000.000683,1000.000669,1000.000620,1000.000549,1000.000466,1000.000382,1000.000297,1000.000201,0.000000,0.000000,0.000000,0.000000,0.000000,0.000000,0.000000,0.000000,0.000000,0.000000,0.000000,0.000000,0.000000,0.000000,0.000000
0.000000,0.000000,0.000000,0.000000,0.000000,0.000000,0.000000,0.000000,0.000000,0.000000,0.000000,0.000000,0.000000,0.000000,1000.000195,1000.000293,1000.000380,1000.000466,1000.000551,1000.000623,1000.000672,1000.000684,1000.000661,1000.000621,1000.000576,1000.000531,1000.000489,1000.000448,1000.000408,1000.000370,1000.000333,1000.000299,1000.000266,1000.000235,1000.000205,1000.000177,1000.000151,1000.000127,1000.000105,1000.000084,1000.000064,1000.000047,1000.000031,1000.000017,1000.000005,999.999994,999.999985,999.999978,999.999972,999.999968,999.999966,999.999965,999.999966,999.999968,999.999972,999.999978,999.999985,999.999994,1000.000005,1000.000017,1000.000031,1000.000047,1000.000064,1000.000084,1000.000105,1000.000127,1000.000151,1000.000177,1000.000205,1000.000235,1000.000266,1000.000299,1000.000333,1000.000370,1000.000408,1000.000448,1000.000489,1000.000531,1000.000576,1000.000621,1000.000661,1000.000684,1000.000672,1000.000623,1000.000551,1000.000466,1000.000380,1000.000293,1000.000195,0.000000,0.000000,0.000000,0.000000,0.000000,0.000000,0.000000,0.000000,0.000000,0.000000,0.000000,0.000000,0.000000,0.000000
0.000000,0.000000,0.000000,0.000000,0.000000,0.000000,0.000000,0.000000,0.000000,0.000000,0.000000,0.000000,0.000000,1000.000183,1000.000284,1000.000374,1000.000462,1000.000549,1000.000623,1000.000672,1000.000684,1000.000660,1000.000617,1000.000568,1000.000520,1000.000476,1000.000434,1000.000393,1000.000353,1000.000315,1000.000279,1000.000244,1000.000211,1000.000180,1000.000151,1000.000123,1000.000097,1000.000073,1000.000050,1000.000029,1000.000010,999.999993,999.999977,999.999963,999.999950,999.999940,999.999931,999.999923,999.999917,999.999913,999.999911,999.999910,999.999911,999.999913,999.999917,999.999923,999.999931,999.999940,999.999950,999.999963,999.999977,999.999993,1000.000010,1000.000029,1000.000050,1000.000073,1000.000097,1000.000123,1000.000151,1000.000180,1000.000211,1000.000244,1000.000279,1000.000315,1000.000353,1000.000393,1000.000434,1000.000476,1000.000520,1000.000568,1000.000617,1000.000660,1000.000684,1000.000672,1000.000623,1000.000549,1000.000462,1000.000374,1000.000284,1000.000183,0.000000,0.000000,0.000000,0.000000,0.000000,0.000000,0.000000,0.000000,0.000000,0.000000,0.000000,0.000000,0.000000
0.000000,0.000000,0.000000,0.000000,0.000000,0.000000,0.000000,0.000000,0.000000,0.000000,0.000000,0.000000,1000.000164,1000.000269,1000.000362,1000.000454,1000.000544,1000.000620,1000.000672,1000.000684,1000.000659,1000.000615,1000.000564,1000.000513,1000.000468,1000.000424,1000.000381,1000.000340,1000.000300,1000.000262,1000.000226,1000.000191,1000.000159,1000.000127,1000.000098,1000.000070,1000.000044,1000.000020,999.999997,999.999976,999.999957,999.999940,999.999924,999.999910,999.999897,999.999887,999.999878,999.999870,999.999864,999.999860,999.999858,999.999857,999.999858,999.999860,999.999864,999.999870,999.999878,999.999887,999.999897,999.999910,999.999924,999.999940,999.999957,999.999976,999.999997,1000.000020,1000.000044,1000.000070,1000.000098,1000.000127,1000.000159,1000.000191,1000.000226,1000.000262,1000.000300,1000.000340,1000.000381,1000.000424,1000.000468,1000.000513,1000.000564,1000.000615,1000.000659,1000.000684,1000.000672,1000.000620,1000.000544,1000.000454,1000.000362,1000.000269,1000.000164,0.000000,0.000000,0.000000,0.000000,0.000000,0.000000,0.000000,0.000000,0.000000,0.000000,0.000000,0.000000
0.000000,0.000000,0.000000,0.000000,0.000000,0.000000,0.000000,0.000000,0.000000,0.000000,0.000000,1000.000141,1000.000249,1000.000344,1000.000438,1000.000533,1000.000614,1000.000669,1000.000684,1000.000660,1000.000615,1000.000562,1000.000511,1000.000463,1000.000418,1000.000373,1000.000329,1000.000288,1000.000249,1000.000211,1000.000175,1000.000140,1000.000108,1000.000076,1000.000047,1000.000019,999.999993,999.999969,999.999946,999.999925,999.999906,999.999889,999.999873,999.999859,999.999846,999.999835,999.999826,999.999819,999.999813,999.999809,999.999806,999.999806,999.999806,999.999809,999.999813,999.999819,999.999826,999.999835,999.999846,999.999859,999.999873,999.999889,999.999906,999.999925,999.999946,999.999969,999.999993,1000.000019,1000.000047,1000.000076,1000.000108,1000.000140,1000.000175,1000.000211,1000.000249,1000.000288,1000.000329,1000.000373,1000.000418,1000.000463,1000.000511,1000.000562,1000.000615,1000.000660,1000.000684,1000.000669,1000.000614,1000.000533,1000.000438,1000.000344,1000.000249,1000.000141,0.000000,0.000000,0.000000,0.000000,0.000000,0.000000,0.000000,0.000000,0.000000,0.000000,0.000000
0.000000,0.000000,0.000000,0.000000,0.000000,0.000000,0.000000,0.000000,0.000000,0.000000,0.000000,1000.000221,1000.000321,1000.000416,1000.000513,1000.000601,1000.000664,1000.000683,1000.000661,1000.000617,1000.000564,1000.000511,1000.000462,1000.000415,1000.000368,1000.000323,1000.000280,1000.000239,1000.000199,1000.000161,1000.000125,1000.000091,1000.000058,1000.000027,999.999997,999.999970,999.999944,999.999919,999.999897,999.999876,999.999857,999.999839,999.999823,999.999809,999.999797,999.999786,999.999777,999.999769,999.999763,999.999759,999.999757,999.999756,999.999757,999.999759,999.999763,999.999769,999.999777,999.999786,999.999797,999.999809,999.999823,999.999839,999.999857,999.999876,999.999897,999.999919,999.999944,999.999970,999.999997,1000.000027,1000.000058,1000.000091,1000.000125,1000.000161,1000.000199,1000.000239,1000.000280,1000.000323,1000.000368,1000.000415,1000.000462,1000.000511,1000.000564,1000.000617,1000.000661,1000.000683,1000.000664,1000.000601,1000.000513,1000.000416,1000.000321,1000.000221,0.000000,0.000000,0.000000,0.000000,0.000000,0.000000,0.000000,0.000000,0.000000,0.000000,0.000000
0.000000,0.000000,0.000000,0.000000,0.000000,0.000000,0.000000,0.000000,0.000000,0.000000,1000.000191,1000.000298,1000.000393,1000.000489,1000.000580,1000.000652,1000.000683,1000.000666,1000.000621,1000.000568,1000.000513,1000.000463,1000.000415,1000.000366,1000.000319,1000.000275,1000.000232,1000.000191,1000.000151,1000.000114,1000.000078,1000.000043,1000.000010,999.999979,999.999950,999.999922,999.999896,999.999872,999.999849,999.999828,999.999809,999.999791,999.999775,999.999761,999.999749,999.999738,999.999729,999.999721,999.999715,999.999711,999.999709,999.999708,999.999709,999.999711,999.999715,999.999721,999.999729,999.999738,999.999749,999.999761,999.999775,999.999791,999.999809,999.999828,999.999849,999.999872,999.999896,999.999922,999.999950,999.999979,1000.000010,1000.000043,1000.000078,1000.000114,1000.000151,1000.000191,1000.000232,1000.000275,1000.000319,1000.000366,1000.000415,1000.000463,1000.000513,1000.000568,1000.000621,1000.000666,1000.000683,1000.000652,1000.000580,1000.000489,1000.000393,1000.000298,1000.000191,0.000000,0.000000,0.000000,0.000000,0.000000,0.000000,0.000000,0.000000,0.000000,0.000000
0.000000,0.000000,0.000000,0.000000,0.000000,0.000000,0.000000,0.000000,0.000000,1000.000158,1000.000268,1000.000367,1000.000464,1000.000558,1000.000636,1000.000680,1000.000675,1000.000632,1000.000576,1000.000520,1000.000468,1000.000418,1000.000368,1000.000319,1000.000274,1000.000229,1000.000186,1000.000145,1000.000105,1000.000068,1000.000031,999.999997,999.999964,999.999933,999.999904,999.999876,999.999850,999.999826,999.999803,999.999782,999.999763,999.999745,999.999729,999.999715,999.999703,999.999692,999.999683,999.999675,999.999669,999.999665,999.999663,999.999662,999.999663,999.999665,999.999669,999.999675,999.999683,999.999692,999.999703,999.999715,999.999729,999.999745,999.999763,999.999782,999.999803,999.999826,999.999850,999.999876,999.999904,999.999933,999.999964,999.999997,1000.000031,1000.000068,1000.000105,1000.000145,1000.000186,1000.000229,1000.000274,1000.000319,1000.000368,1000.000418,1000.000468,1000.000520,1000.000576,1000.000632,1000.000675,1000.000680,1000.000636,1000.000558,1000.000464,1000.000367,1000.000268,1000.000158,0.000000,0.000000,0.000000,0.000000,0.000000,0.000000,0.000000,0.000000,0.000000
0.000000,0.000000,0.000000,0.000000,0.000000,0.000000,0.000000,0.000000,0.000000,1000.000229,1000.000335,1000.000435,1000.000535,1000.000620,1000.000674,1000.000682,1000.000648,1000.000591,1000.000531,1000.000476,1000.000424,1000.000373,1000.000323,1000.000275,1000.000229,1000.000184,1000.000141,1000.000100,1000.000061,1000.000023,999.999987,999.999952,999.999920,999.999889,999.999859,999.999831,999.999805,999.999781,999.999758,999.999737,999.999718,999.999701,999.999685,999.999671,999.999658,999.999647,999.999638,999.999630,999.999625,999.999620,999.999618,999.999617,999.999618,999.999620,999.999625,999.999630,999.999638,999.999647,999.999658,999.999671,999.999685,999.999701,999.999718,999.999737,999.999758,999.999781,999.999805,999.999831,999.999859,999.999889,999.999920,999.999952,999.999987,1000.000023,1000.000061,1000.000100,1000.000141,1000.000184,1000.000229,1000.000275,1000.000323,1000.000373,1000.000424,1000.000476,1000.000531,1000.000591,1000.000648,1000.000682,1000.000674,1000.000620,1000.000535,1000.000435,1000.000335,1000.000229,0.000000,0.000000,0.000000,0.000000,0.000000,0.000000,0.000000,0.000000,0.000000
0.000000,0.000000,0.000000,0.000000,0.000000,0.000000,0.000000,0.000000,1000.000184,1000.000298,1000.000399,1000.000503,1000.000598,1000.000664,1000.000683,1000.000658,1000.000607,1000.000547,1000.000489,1000.000434,1000.000381,1000.000329,1000.000280,1000.000232,1000.000186,1000.000141,1000.000099,1000.000058,1000.000018,999.999980,999.999944,999.999910,999.999877,999.999846,999.999816,999.999789,999.999763,999.999738,999.999716,999.999695,999.999675,999.999658,999.999642,999.999628,999.999615,999.999604,999.999595,999.999588,999.999582,999.999578,999.999575,999.999574,999.999575,999.999578,999.999582,999.999588,999.999595,999.999604,999.999615,999.999628,999.999642,999.999658,999.999675,999.999695,999.999716,999.999738,999.999763,999.999789,999.999816,999.999846,999.999877,999.999910,999.999944,999.999980,1000.000018,1000.000058,1000.000099,1000.000141,1000.000186,1000.000232,1000.000280,1000.000329,1000.000381,1000.000434,1000.000489,1000.000547,1000.000607,1000.000658,1000.000683,1000.000664,1000.000598,1000.000503,1000.000399,1000.000298,1000.000184,0.000000,0.000000,0.000000,0.000000,0.000000,0.000000,0.000000,0.000000
0.000000,0.000000,0.000000,0.000000,0.000000,0.000000,0.000000,0.000000,1000.000249,1000.000357,1000.000461,1000.000564,1000.000646,1000.000682,1000.000667,1000.000620,1000.000562,1000.000503,1000.000448,1000.000393,1000.000340,1000.000288,1000.000239,1000.000191,1000.000145,1000.000100,1000.000058,1000.000016,999.999977,999.999939,999.999903,999.999868,999.999836,999.999805,999.999775,999.999748,999.999722,999.999697,999.999675,999.999654,999.999634,999.999617,999.999601,999.999587,999.999574,999.999563,999.999554,999.999546,999.999541,999.999536,999.999534,999.999533,999.999534,999.999536,999.999541,999.999546,999.999554,999.999563,999.999574,999.999587,999.999601,999.999617,999.999634,999.999654,999.999675,999.999697,999.999722,999.999748,999.999775,999.999805,999.999836,999.999868,999.999903,999.999939,999.999977,1000.000016,1000.000058,1000.000100,1000.000145,1000.000191,1000.000239,1000.000288,1000.000340,1000.000393,1000.000448,1000.000503,1000.000562,1000.000620,1000.000667,1000.000682,1000.000646,1000.000564,1000.000461,1000.000357,1000.000249,0.000000,0.000000,0.000000,0.000000,0.000000,0.000000,0.000000,0.000000
0.000000,0.000000,0.000000,0.000000,0.000000,0.000000,0.000000,1000.000194,1000.000310,1000.000415,1000.000520,1000.000615,1000.000675,1000.000678,1000.000637,1000.000579,1000.000520,1000.000464,1000.000408,1000.000353,1000.000300,1000.000249,1000.000199,1000.000151,1000.000105,1000.000061,1000.000018,999.999977,999.999937,999.999900,999.999863,999.999829,999.999796,999.999765,999.999736,999.999708,999.999682,999.999658,999.999635,999.999614,999.999595,999.999577,999.999561,999.999547,999.999535,999.999524,999.999514,999.999507,999.999501,999.999497,999.999494,999.999494,999.999494,999.999497,999.999501,999.999507,999.999514,999.999524,999.999535,999.999547,999.999561,999.999577,999.999595,999.999614,999.999635,999.999658,999.999682,999.999708,999.999736,999.999765,999.999796,999.999829,999.999863,999.999900,999.999937,999.999977,1000.000018,1000.000061,1000.000105,1000.000151,1000.000199,1000.000249,1000.000300,1000.000353,1000.000408,1000.000464,1000.000520,1000.000579,1000.000637,1000.000678,1000.000675,1000.000615,1000.000520,1000.000415,1000.000310,1000.000194,0.000000,0.000000,0.000000,0.000000,0.000000,0.000000,0.000000
0.000000,0.000000,0.000000,0.000000,0.000000,0.000000,0.000000,1000.000254,1000.000365,1000.000471,1000.000574,1000.000654,1000.000685,1000.000659,1000.000603,1000.000541,1000.000482,1000.000426,1000.000370,1000.000315,1000.000262,1000.000211,1000.000161,1000.000114,1000.000068,1000.000023,999.999980,999.999939,999.999900,999.999862,999.999826,999.999791,999.999759,999.999727,999.999698,999.999670,999.999644,999.999620,999.999597,999.999576,999.999557,999.999540,999.999524,999.999509,999.999497,999.999486,999.999477,999.999469,999.999463,999.999459,999.999457,999.999456,999.999457,999.999459,999.999463,999.999469,999.999477,999.999486,999.999497,999.999509,999.999524,999.999540,999.999557,999.999576,999.999597,999.999620,999.999644,999.999670,999.999698,999.999727,999.999759,999.999791,999.999826,999.999862,999.999900,999.999939,999.999980,1000.000023,1000.000068,1000.000114,1000.000161,1000.000211,1000.000262,1000.000315,1000.000370,1000.000426,1000.000482,1000.000541,1000.000603,1000.000659,1000.000685,1000.000654,1000.000574,1000.000471,1000.000365,1000.000254,0.000000,0.000000,0.000000,0.000000,0.000000,0.000000,0.000000
0.000000,0.000000,0.000000,0.000000,0.000000,0.000000,1000.000195,1000.000312,1000.000419,1000.000525,1000.000620,1000.000678,1000.000678,1000.000631,1000.000568,1000.000505,1000.000447,1000.000389,1000.000333,1000.000279,1000.000226,1000.000175,1000.000125,1000.000078,1000.000031,999.999987,999.999944,999.999903,999.999863,999.999826,999.999790,999.999755,999.999722,999.999691,999.999662,999.999634,999.999608,999.999584,999.999561,999.999540,999.999521,999.999503,999.999487,999.999473,999.999461,999.999450,999.999441,999.999433,999.999427,999.999423,999.999420,999.999420,999.999420,999.999423,999.999427,999.999433,999.999441,999.999450,999.999461,999.999473,999.999487,999.999503,999.999521,999.999540,999.999561,999.999584,999.999608,999.999634,999.999662,999.999691,999.999722,999.999755,999.999790,999.999826,999.999863,999.999903,999.999944,999.999987,1000.000031,1000.000078,1000.000125,1000.000175,1000.000226,1000.000279,1000.000333,1000.000389,1000.000447,1000.000505,1000.000568,1000.000631,1000.000678,1000.000678,1000.000620,1000.000525,1000.000419,1000.000312,1000.000195,0.000000,0.000000,0.000000,0.000000,0.000000,0.000000
0.000000,0.000000,0.000000,0.000000,0.000000,0.000000,1000.000251,1000.000363,1000.000471,1000.000575,1000.000656,1000.000686,1000.000658,1000.000599,1000.000533,1000.000472,1000.000413,1000.000354,1000.000299,1000.000244,1000.000191,1000.000140,1000.000091,1000.000043,999.999997,999.999952,999.999910,999.999868,999.999829,999.999791,999.999755,999.999721,999.999688,999.999657,999.999628,999.999600,999.999574,999.999550,999.999527,999.999506,999.999487,999.999469,999.999453,999.999439,999.999426,999.999415,999.999406,999.999399,999.999393,999.999389,999.999386,999.999385,999.999386,999.999389,999.999393,999.999399,999.999406,999.999415,999.999426,999.999439,999.999453,999.999469,999.999487,999.999506,999.999527,999.999550,999.999574,999.999600,999.999628,999.999657,999.999688,999.999721,999.999755,999.999791,999.999829,999.999868,999.999910,999.999952,999.999997,1000.000043,1000.000091,1000.000140,1000.000191,1000.000244,1000.000299,1000.000354,1000.000413,1000.000472,1000.000533,1000.000599,1000.000658,1000.000686,1000.000656,1000.000575,1000.000471,1000.000363,1000.000251,0.000000,0.000000,0.000000,0.000000,0.000000,0.000000
0.000000,0.000000,0.000000,0.000000,0.000000,1000.000186,1000.000305,1000.000413,1000.000522,1000.000619,1000.000678,1000.000678,1000.000630,1000.000565,1000.000501,1000.000440,1000.000380,1000.000322,1000.000266,1000.000211,1000.000159,1000.000108,1000.000058,1000.000010,999.999964,999.999920,999.999877,999.999836,999.999796,999.999759,999.999722,999.999688,999.999655,999.999624,999.999595,999.999567,999.999541,999.999517,999.999494,999.999473,999.999454,999.999436,999.999420,999.999406,999.999393,999.999383,999.999373,999.999366,999.999360,999.999356,999.999353,999.999352,999.999353,999.999356,999.999360,999.999366,999.999373,999.999383,999.999393,999.999406,999.999420,999.999436,999.999454,999.999473,999.999494,999.999517,999.999541,999.999567,999.999595,999.999624,999.999655,999.999688,999.999722,999.999759,999.999796,999.999836,999.999877,999.999920,999.999964,1000.000010,1000.000058,1000.000108,1000.000159,1000.000211,1000.000266,1000.000322,1000.000380,1000.000440,1000.000501,1000.000565,1000.000630,1000.000678,1000.000678,1000.000619,1000.000522,1000.000413,1000.000305,1000.000186,0.000000,0.000000,0.000000,0.000000,0.000000
0.000000,0.000000,0.000000,0.000000,0.000000,1000.000236,1000.000351,1000.000462,1000.000569,1000.000653,1000.000685,1000.000658,1000.000599,1000.000532,1000.000469,1000.000409,1000.000348,1000.000291,1000.000235,1000.000180,1000.000127,1000.000076,1000.000027,999.999979,999.999933,999.999889,999.999846,999.999805,999.999765,999.999727,999.999691,999.999657,999.999624,999.999593,999.999564,999.999536,999.999510,999.999486,999.999463,999.999442,999.999423,999.999405,999.999389,999.999375,999.999362,999.999352,999.999342,999.999335,999.999329,999.999325,999.999322,999.999321,999.999322,999.999325,999.999329,999.999335,999.999342,999.999352,999.999362,999.999375,999.999389,999.999405,999.999423,999.999442,999.999463,999.999486,999.999510,999.999536,999.999564,999.999593,999.999624,999.999657,999.999691,999.999727,999.999765,999.999805,999.999846,999.999889,999.999933,999.999979,1000.000027,1000.000076,1000.000127,1000.000180,1000.000235,1000.000291,1000.000348,1000.000409,1000.000469,1000.000532,1000.000599,1000.000658,1000.000685,1000.000653,1000.000569,1000.000462,1000.000351,1000.000236,0.000000,0.000000,0.000000,0.000000,0.000000
0.000000,0.000000,0.000000,0.000000,1000.000163,1000.000284,1000.000395,1000.000508,1000.000610,1000.000675,1000.000678,1000.000632,1000.000567,1000.000502,1000.000440,1000.000379,1000.000319,1000.000261,1000.000205,1000.000151,1000.000098,1000.000047,999.999997,999.999950,999.999904,999.999859,999.999816,999.999775,999.999736,999.999698,999.999662,999.999628,999.999595,999.999564,999.999534,999.999507,999.999481,999.999456,999.999434,999.999413,999.999393,999.999376,999.999360,999.999346,999.999333,999.999322,999.999313,999.999305,999.999299,999.999295,999.999293,999.999292,999.999293,999.999295,999.999299,999.999305,999.999313,999.999322,999.999333,999.999346,999.999360,999.999376,999.999393,999.999413,999.999434,999.999456,999.999481,999.999507,999.999534,999.999564,999.999595,999.999628,999.999662,999.999698,999.999736,999.999775,999.999816,999.999859,999.999904,999.999950,999.999997,1000.000047,1000.000098,1000.000151,1000.000205,1000.000261,1000.000319,1000.000379,1000.000440,1000.000502,1000.000567,1000.000632,1000.000678,1000.000675,1000.000610,1000.000508,1000.000395,1000.000284,1000.000163,0.000000,0.000000,0.000000,0.000000
0.000000,0.000000,0.000000,0.000000,1000.000207,1000.000324,1000.000436,1000.000549,1000.000642,1000.000683,1000.000662,1000.000604,1000.000538,1000.000474,1000.000412,1000.000351,1000.000291,1000.000234,1000.000177,1000.000123,1000.000070,1000.000019,999.999970,999.999922,999.999876,999.999831,999.999789,999.999748,999.999708,999.999670,999.999634,999.999600,999.999567,999.999536,999.999507,999.999479,999.999453,999.999429,999.999406,999.999385,999.999366,999.999348,999.999332,999.999318,999.999305,999.999294,999.999285,999.999278,999.999272,999.999268,999.999265,999.999264,999.999265,999.999268,999.999272,999.999278,999.999285,999.999294,999.999305,999.999318,999.999332,999.999348,999.999366,999.999385,999.999406,999.999429,999.999453,999.999479,999.999507,999.999536,999.999567,999.999600,999.999634,999.999670,999.999708,999.999748,999.999789,999.999831,999.999876,999.999922,999.999970,1000.000019,1000.000070,1000.000123,1000.000177,1000.000234,1000.000291,1000.000351,1000.000412,1000.000474,1000.000538,1000.000604,1000.000662,1000.000683,1000.000642,1000.000549,1000.000436,1000.000324,1000.000207,0.000000,0.000000,0.000000,0.000000
