0.000000,0.000000,0.000000,0.000000,0.000000,0.000000,0.000000,0.000000,0.000000,0.000000,0.000000,0.000000,0.000000,0.000000,0.000000,0.000000,0.000000,0.000000,0.000000,0.000000,0.000000,0.000000,0.000000,0.000000,0.000000,0.000000,0.000000,0.000000,0.000000,0.000000,0.000000,0.000000,0.000000,0.000000,0.000000,0.000000,0.000000,0.000000,0.000000,0.000000,0.000000,0.000000,0.000000,0.000000,0.000000,0.000000,0.000000,0.000000,0.000000,0.000000,0.000000,0.000000,0.000000,0.000000,0.000000,0.000000,0.000000,0.000000,0.000000,0.000000,0.000000,0.000000,0.000000,0.000000,0.000000,0.000000,0.000000,0.000000,0.000000,0.000000,0.000000,0.000000,0.000000,0.000000,0.000000,0.000000,0.000000,0.000000,0.000000,0.000000,0.000000,0.000000,0.000000,0.000000,0.000000,0.000000,0.000000,0.000000,0.000000,0.000000,0.000000,0.000000,0.000000,0.000000,0.000000,0.000000,0.000000,0.000000,0.000000,0.000000,0.000000,0.000000,0.000000
0.000000,0.000000,0.000000,0.000000,0.000000,0.000000,0.000000,0.000000,0.000000,0.000000,0.000000,0.000000,0.000000,0.000000,0.000000,0.000000,0.000000,0.000000,0.000000,0.000000,0.000000,0.000000,0.000000,0.000000,0.000000,0.000000,0.000000,0.000000,0.000000,0.000000,0.000000,0.000000,0.000000,0.000000,0.000000,0.000000,0.000000,0.000000,0.000000,0.000000,0.000000,0.000000,0.000000,0.000000,0.000000,0.000000,0.000000,0.000000,0.000000,0.000000,0.000000,1000.000085,0.000000,0.000000,0.000000,0.000000,0.000000,0.000000,0.000000,0.000000,0.000000,0.000000,0.000000,0.000000,0.000000,0.000000,0.000000,0.000000,0.000000,0.000000,0.000000,0.000000,0.000000,0.000000,0.000000,0.000000,0.000000,0.000000,0.000000,0.000000,0.000000,0.000000,0.000000,0.000000,0.000000,0.000000,0.000000,0.000000,0.000000,0.000000,0.000000,0.000000,0.000000,0.000000,0.000000,0.000000,0.000000,0.000000,0.000000,0.000000,0.000000,0.000000,0.000000
0.000000,0.000000,0.000000,0.000000,0.000000,0.000000,0.000000,0.000000,0.000000,0.000000,0.000000,0.000000,0.000000,0.000000,0.000000,0.000000,0.000000,0.000000,0.000000,0.000000,0.000000,0.000000,0.000000,0.000000,0.000000,0.000000,0.000000,0.000000,0.000000,0.000000,0.000000,0.000000,0.000000,0.000000,0.000000,0.000000,0.000000,0.000000,0.000000,0.000000,0.000000,0.000000,1000.000154,1000.000180,1000.000193,1000.000199,1000.000203,1000.000204,1000.000204,1000.000203,1000.000202,1000.000208,1000.000202,1000.000203,1000.000204,1000.000204,1000.000203,1000.000199,1000.000193,1000.000180,1000.000154,0.000000,0.000000,0.000000,0.000000,0.000000,0.000000,0.000000,0.000000,0.000000,0.000000,0.000000,0.000000,0.000000,0.000000,0.000000,0.000000,0.000000,0.000000,0.000000,0.000000,0.000000,0.000000,0.000000,0.000000,0.000000,0.000000,0.000000,0.000000,0.000000,0.000000,0.000000,0.000000,0.000000,0.000000,0.000000,0.000000,0.000000,0.000000,0.000000,0.000000,0.000000,0.000000
0.000000,0.000000,0.000000,0.000000,0.000000,0.000000,0.000000,0.000000,0.000000,0.000000,0.000000,0.000000,0.000000,0.000000,0.000000,0.000000,0.000000,0.000000,0.000000,0.000000,0.000000,0.000000,0.000000,0.000000,0.000000,0.000000,0.000000,0.000000,0.000000,0.000000,0.000000,0.000000,0.000000,0.000000,0.000000,0.000000,0.000000,1000.000149,1000.000186,1000.000215,1000.000239,1000.000259,1000.000277,1000.000293,1000.000305,1000.000314,1000.000319,1000.000321,1000.000322,1000.000323,1000.000322,1000.000323,1000.000322,1000.000323,1000.000322,1000.000321,1000.000319,1000.000314,1000.000305,1000.000293,1000.000277,1000.000259,1000.000239,1000.000215,1000.000186,1000.000149,0.000000,0.000000,0.000000,0.000000,0.000000,0.000000,0.000000,0.000000,0.000000,0.000000,0.000000,0.000000,0.000000,0.000000,0.000000,0.000000,0.000000,0.000000,0.000000,0.000000,0.000000,0.000000,0.000000,0.000000,0.000000,0.000000,0.000000,0.000000,0.000000,0.000000,0.000000,0.000000,0.000000,0.000000,0.000000,0.000000,0.000000
0.000000,0.000000,0.000000,0.000000,0.000000,0.000000,0.000000,0.000000,0.000000,0.000000,0.000000,0.000000,0.000000,0.000000,0.000000,0.000000,0.000000,0.000000,0.000000,0.000000,0.000000,0.000000,0.000000,0.000000,0.000000,0.000000,0.000000,0.000000,0.000000,0.000000,0.000000,0.000000,0.000000,0.000000,1000.000155,1000.000198,1000.000233,1000.000268,1000.000298,1000.000325,1000.000351,1000.000373,1000.000393,1000.000408,1000.000420,1000.000428,1000.000432,1000.000435,1000.000436,1000.000437,1000.000437,1000.000437,1000.000437,1000.000437,1000.000436,1000.000435,1000.000432,1000.000428,1000.000420,1000.000408,1000.000393,1000.000373,1000.000351,1000.000325,1000.000298,1000.000268,1000.000233,1000.000198,1000.000155,0.000000,0.000000,0.000000,0.000000,0.000000,0.000000,0.000000,0.000000,0.000000,0.000000,0.000000,0.000000,0.000000,0.000000,0.000000,0.000000,0.000000,0.000000,0.000000,0.000000,0.000000,0.000000,0.000000,0.000000,0.000000,0.000000,0.000000,0.000000,0.000000,0.000000,0.000000,0.000000,0.000000,0.000000
0.000000,0.000000,0.000000,0.000000,0.000000,0.000000,0.000000,0.000000,0.000000,0.000000,0.000000,0.000000,0.000000,0.000000,0.000000,0.000000,0.000000,0.000000,0.000000,0.000000,0.000000,0.000000,0.000000,0.000000,0.000000,0.000000,0.000000,0.000000,0.000000,0.000000,0.000000,0.000000,1000.000177,1000.000225,1000.000271,1000.000309,1000.000343,1000.000378,1000.000408,1000.000436,1000.000461,1000.000485,1000.000506,1000.000523,1000.000533,1000.000539,1000.000542,1000.000544,1000.000545,1000.000546,1000.000546,1000.000546,1000.000546,1000.000546,1000.000545,1000.000544,1000.000542,1000.000539,1000.000533,1000.000523,1000.000506,1000.000485,1000.000461,1000.000436,1000.000408,1000.000378,1000.000343,1000.000309,1000.000271,1000.000225,1000.000177,0.000000,0.000000,0.000000,0.000000,0.000000,0.000000,0.000000,0.000000,0.000000,0.000000,0.000000,0.000000,0.000000,0.000000,0.000000,0.000000,0.000000,0.000000,0.000000,0.000000,0.000000,0.000000,0.000000,0.000000,0.000000,0.000000,0.000000,0.000000,0.000000,0.000000,0.000000,0.000000
0.000000,0.000000,0.000000,0.000000,0.000000,0.000000,0.000000,0.000000,0.000000,0.000000,0.000000,0.000000,0.000000,0.000000,0.000000,0.000000,0.000000,0.000000,0.000000,0.000000,0.000000,0.000000,0.000000,0.000000,0.000000,0.000000,0.000000,0.000000,0.000000,0.000000,1000.000186,1000.000239,1000.000291,1000.000334,1000.000377,1000.000416,1000.000453,1000.000488,1000.000518,1000.000543,1000.000565,1000.000585,1000.000602,1000.000614,1000.000620,1000.000623,1000.000625,1000.000626,1000.000626,1000.000626,1000.000626,1000.000626,1000.000626,1000.000626,1000.000626,1000.000626,1000.000625,1000.000623,1000.000620,1000.000614,1000.000602,1000.000585,1000.000565,1000.000543,1000.000518,1000.000488,1000.000453,1000.000416,1000.000377,1000.000334,1000.000291,1000.000239,1000.000186,0.000000,0.000000,0.000000,0.000000,0.000000,0.000000,0.000000,0.000000,0.000000,0.000000,0.000000,0.000000,0.000000,0.000000,0.000000,0.000000,0.000000,0.000000,0.000000,0.000000,0.000000,0.000000,0.000000,0.000000,0.000000,0.000000,0.000000,0.000000,0.000000,0.000000
0.000000,0.000000,0.000000,0.000000,0.000000,0.000000,0.000000,0.000000,0.000000,0.000000,0.000000,0.000000,0.000000,0.000000,0.000000,0.000000,0.000000,0.000000,0.000000,0.000000,0.000000,0.000000,0.000000,0.000000,0.000000,0.000000,0.000000,0.000000,1000.000185,1000.000242,1000.000298,1000.000346,1000.000394,1000.000440,1000.000484,1000.000523,1000.000557,1000.000586,1000.000610,1000.000626,1000.000637,1000.000644,1000.000646,1000.000645,1000.000643,1000.000642,1000.000641,1000.000641,1000.000640,1000.000640,1000.000639,1000.000639,1000.000639,1000.000640,1000.000640,1000.000641,1000.000641,1000.000642,1000.000643,1000.000645,1000.000646,1000.000644,1000.000637,1000.000626,1000.000610,1000.000586,1000.000557,1000.000523,1000.000484,1000.000440,1000.000394,1000.000346,1000.000298,1000.000242,1000.000185,0.000000,0.000000,0.000000,0.000000,0.000000,0.000000,0.000000,0.000000,0.000000,0.000000,0.000000,0.000000,0.000000,0.000000,0.000000,0.000000,0.000000,0.000000,0.000000,0.000000,0.000000,0.000000,0.000000,0.000000,0.000000,0.000000,0.000000,0.000000
0.000000,0.000000,0.000000,0.000000,0.000000,0.000000,0.000000,0.000000,0.000000,0.000000,0.000000,0.000000,0.000000,0.000000,0.000000,0.000000,0.000000,0.000000,0.000000,0.000000,0.000000,0.000000,0.000000,0.000000,0.000000,0.000000,1000.000175,1000.000237,1000.000296,1000.000347,1000.000399,1000.000449,1000.000498,1000.000543,1000.000582,1000.000613,1000.000633,1000.000646,1000.000652,1000.000650,1000.000646,1000.000637,1000.000625,1000.000612,1000.000604,1000.000598,1000.000595,1000.000593,1000.000591,1000.000590,1000.000589,1000.000589,1000.000589,1000.000590,1000.000591,1000.000593,1000.000595,1000.000598,1000.000604,1000.000612,1000.000625,1000.000637,1000.000646,1000.000650,1000.000652,1000.000646,1000.000633,1000.000613,1000.000582,1000.000543,1000.000498,1000.000449,1000.000399,1000.000347,1000.000296,1000.000237,1000.000175,0.000000,0.000000,0.000000,0.000000,0.000000,0.000000,0.000000,0.000000,0.000000,0.000000,0.000000,0.000000,0.000000,0.000000,0.000000,0.000000,0.000000,0.000000,0.000000,0.000000,0.000000,0.000000,0.000000,0.000000,0.000000,0.000000
0.000000,0.000000,0.000000,0.000000,0.000000,0.000000,0.000000,0.000000,0.000000,0.000000,0.000000,0.000000,0.000000,0.000000,0.000000,0.000000,0.000000,0.000000,0.000000,0.000000,0.000000,0.000000,0.000000,0.000000,1000.000151,1000.000219,1000.000284,1000.000340,1000.000395,1000.000449,1000.000501,1000.000549,1000.000590,1000.000623,1000.000644,1000.000652,1000.000651,1000.000642,1000.000629,1000.000613,1000.000599,1000.000583,1000.000566,1000.000551,1000.000540,1000.000533,1000.000528,1000.000524,1000.000521,1000.000520,1000.000519,1000.000518,1000.000519,1000.000520,1000.000521,1000.000524,1000.000528,1000.000533,1000.000540,1000.000551,1000.000566,1000.000583,1000.000599,1000.000613,1000.000629,1000.000642,1000.000651,1000.000652,1000.000644,1000.000623,1000.000590,1000.000549,1000.000501,1000.000449,1000.000395,1000.000340,1000.000284,1000.000219,1000.000151,0.000000,0.000000,0.000000,0.000000,0.000000,0.000000,0.000000,0.000000,0.000000,0.000000,0.000000,0.000000,0.000000,0.000000,0.000000,0.000000,0.000000,0.000000,0.000000,0.000000,0.000000,0.000000,0.000000,0.000000
0.000000,0.000000,0.000000,0.000000,0.000000,0.000000,0.000000,0.000000,0.000000,0.000000,0.000000,0.000000,0.000000,0.000000,0.000000,0.000000,0.000000,0.000000,0.000000,0.000000,0.000000,0.000000,0.000000,1000.000182,1000.000256,1000.000319,1000.000381,1000.000439,1000.000496,1000.000547,1000.000591,1000.000626,1000.000647,1000.000654,1000.000647,1000.000631,1000.000612,1000.000591,1000.000570,1000.000550,1000.000532,1000.000516,1000.000500,1000.000487,1000.000476,1000.000467,1000.000461,1000.000456,1000.000453,1000.000450,1000.000449,1000.000448,1000.000449,1000.000450,1000.000453,1000.000456,1000.000461,1000.000467,1000.000476,1000.000487,1000.000500,1000.000516,1000.000532,1000.000550,1000.000570,1000.000591,1000.000612,1000.000631,1000.000647,1000.000654,1000.000647,1000.000626,1000.000591,1000.000547,1000.000496,1000.000439,1000.000381,1000.000319,1000.000256,1000.000182,0.000000,0.000000,0.000000,0.000000,0.000000,0.000000,0.000000,0.000000,0.000000,0.000000,0.000000,0.000000,0.000000,0.000000,0.000000,0.000000,0.000000,0.000000,0.000000,0.000000,0.000000,0.000000,0.000000
0.000000,0.000000,0.000000,0.000000,0.000000,0.000000,0.000000,0.000000,0.000000,0.000000,0.000000,0.000000,0.000000,0.000000,0.000000,0.000000,0.000000,0.000000,0.000000,0.000000,0.000000,1000.000134,1000.000210,1000.000284,1000.000350,1000.000415,1000.000479,1000.000537,1000.000587,1000.000624,1000.000647,1000.000654,1000.000647,1000.000628,1000.000603,1000.000576,1000.000550,1000.000527,1000.000505,1000.000485,1000.000467,1000.000451,1000.000436,1000.000423,1000.000412,1000.000403,1000.000396,1000.000390,1000.000386,1000.000384,1000.000382,1000.000381,1000.000382,1000.000384,1000.000386,1000.000390,1000.000396,1000.000403,1000.000412,1000.000423,1000.000436,1000.000451,1000.000467,1000.000485,1000.000505,1000.000527,1000.000550,1000.000576,1000.000603,1000.000628,1000.000647,1000.000654,1000.000647,1000.000624,1000.000587,1000.000537,1000.000479,1000.000415,1000.000350,1000.000284,1000.000210,1000.000134,0.000000,0.000000,0.000000,0.000000,0.000000,0.000000,0.000000,0.000000,0.000000,0.000000,0.000000,0.000000,0.000000,0.000000,0.000000,0.000000,0.000000,0.000000,0.000000,0.000000,0.000000
0.000000,0.000000,0.000000,0.000000,0.000000,0.000000,0.000000,0.000000,0.000000,0.000000,0.000000,0.000000,0.000000,0.000000,0.000000,0.000000,0.000000,0.000000,0.000000,0.000000,1000.000156,1000.000237,1000.000306,1000.000374,1000.000442,1000.000510,1000.000570,1000.000616,1000.000644,1000.000653,1000.000647,1000.000627,1000.000601,1000.000571,1000.000541,1000.000512,1000.000487,1000.000464,1000.000443,1000.000423,1000.000405,1000.000388,1000.000374,1000.000361,1000.000350,1000.000340,1000.000333,1000.000327,1000.000322,1000.000319,1000.000317,1000.000317,1000.000317,1000.000319,1000.000322,1000.000327,1000.000333,1000.000340,1000.000350,1000.000361,1000.000374,1000.000388,1000.000405,1000.000423,1000.000443,1000.000464,1000.000487,1000.000512,1000.000541,1000.000571,1000.000601,1000.000627,1000.000647,1000.000653,1000.000644,1000.000616,1000.000570,1000.000510,1000.000442,1000.000374,1000.000306,1000.000237,1000.000156,0.000000,0.000000,0.000000,0.000000,0.000000,0.000000,0.000000,0.000000,0.000000,0.000000,0.000000,0.000000,0.000000,0.000000,0.000000,0.000000,0.000000,0.000000,0.000000,0.000000
0.000000,0.000000,0.000000,0.000000,0.000000,0.000000,0.000000,0.000000,0.000000,0.000000,0.000000,0.000000,0.000000,0.000000,0.000000,0.000000,0.000000,0.000000,0.000000,1000.000174,1000.000256,1000.000328,1000.000397,1000.000466,1000.000532,1000.000591,1000.000633,1000.000651,1000.000647,1000.000629,1000.000602,1000.000571,1000.000538,1000.000507,1000.000479,1000.000452,1000.000427,1000.000404,1000.000382,1000.000362,1000.000344,1000.000327,1000.000313,1000.000300,1000.000288,1000.000279,1000.000271,1000.000264,1000.000260,1000.000256,1000.000254,1000.000254,1000.000254,1000.000256,1000.000260,1000.000264,1000.000271,1000.000279,1000.000288,1000.000300,1000.000313,1000.000327,1000.000344,1000.000362,1000.000382,1000.000404,1000.000427,1000.000452,1000.000479,1000.000507,1000.000538,1000.000571,1000.000602,1000.000629,1000.000647,1000.000651,1000.000633,1000.000591,1000.000532,1000.000466,1000.000397,1000.000328,1000.000256,1000.000174,0.000000,0.000000,0.000000,0.000000,0.000000,0.000000,0.000000,0.000000,0.000000,0.000000,0.000000,0.000000,0.000000,0.000000,0.000000,0.000000,0.000000,0.000000,0.000000
0.000000,0.000000,0.000000,0.000000,0.000000,0.000000,0.000000,0.000000,0.000000,0.000000,0.000000,0.000000,0.000000,0.000000,0.000000,0.000000,0.000000,0.000000,1000.000185,1000.000271,1000.000345,1000.000418,1000.000489,1000.000553,1000.000606,1000.000643,1000.000652,1000.000636,1000.000608,1000.000575,1000.000541,1000.000508,1000.000477,1000.000447,1000.000419,1000.000393,1000.000367,1000.000344,1000.000322,1000.000303,1000.000284,1000.000268,1000.000253,1000.000240,1000.000228,1000.000219,1000.000211,1000.000204,1000.000199,1000.000196,1000.000193,1000.000193,1000.000193,1000.000196,1000.000199,1000.000204,1000.000211,1000.000219,1000.000228,1000.000240,1000.000253,1000.000268,1000.000284,1000.000303,1000.000322,1000.000344,1000.000367,1000.000393,1000.000419,1000.000447,1000.000477,1000.000508,1000.000541,1000.000575,1000.000608,1000.000636,1000.000652,1000.000643,1000.000606,1000.000553,1000.000489,1000.000418,1000.000345,1000.000271,1000.000185,0.000000,0.000000,0.000000,0.000000,0.000000,0.000000,0.000000,0.000000,0.000000,0.000000,0.000000,0.000000,0.000000,0.000000,0.000000,0.000000,0.000000,0.000000
0.000000,0.000000,0.000000,0.000000,0.000000,0.000000,0.000000,0.000000,0.000000,0.000000,0.000000,0.000000,0.000000,0.000000,0.000000,0.000000,0.000000,1000.000191,1000.000279,1000.000357,1000.000433,1000.000508,1000.000573,1000.000622,1000.000649,1000.000651,1000.000628,1000.000591,1000.000552,1000.000515,1000.000482,1000.000450,1000.000419,1000.000389,1000.000361,1000.000334,1000.000309,1000.000286,1000.000265,1000.000245,1000.000226,1000.000210,1000.000195,1000.000182,1000.000170,1000.000160,1000.000152,1000.000145,1000.000140,1000.000136,1000.000134,1000.000134,1000.000134,1000.000136,1000.000140,1000.000145,1000.000152,1000.000160,1000.000170,1000.000182,1000.000195,1000.000210,1000.000226,1000.000245,1000.000265,1000.000286,1000.000309,1000.000334,1000.000361,1000.000389,1000.000419,1000.000450,1000.000482,1000.000515,1000.000552,1000.000591,1000.000628,1000.000651,1000.000649,1000.000622,1000.000573,1000.000508,1000.000433,1000.000357,1000.000279,1000.000191,0.000000,0.000000,0.000000,0.000000,0.000000,0.000000,0.000000,0.000000,0.000000,0.000000,0.000000,0.000000,0.000000,0.000000,0.000000,0.000000,0.000000
0.000000,0.000000,0.000000,0.000000,0.000000,0.000000,0.000000,0.000000,0.000000,0.000000,0.000000,0.000000,0.000000,0.000000,0.000000,0.000000,1000.000193,1000.000283,1000.000362,1000.000441,1000.000518,1000.000586,1000.000633,1000.000652,1000.000644,1000.000618,1000.000579,1000.000536,1000.000495,1000.000460,1000.000426,1000.000393,1000.000362,1000.000332,1000.000304,1000.000278,1000.000253,1000.000230,1000.000208,1000.000188,1000.000170,1000.000153,1000.000138,1000.000125,1000.000113,1000.000103,1000.000095,1000.000088,1000.000083,1000.000079,1000.000077,1000.000076,1000.000077,1000.000079,1000.000083,1000.000088,1000.000095,1000.000103,1000.000113,1000.000125,1000.000138,1000.000153,1000.000170,1000.000188,1000.000208,1000.000230,1000.000253,1000.000278,1000.000304,1000.000332,1000.000362,1000.000393,1000.000426,1000.000460,1000.000495,1000.000536,1000.000579,1000.000618,1000.000644,1000.000652,1000.000633,1000.000586,1000.000518,1000.000441,1000.000362,1000.000283,1000.000193,0.000000,0.000000,0.000000,0.000000,0.000000,0.000000,0.000000,0.000000,0.000000,0.000000,0.000000,0.000000,0.000000,0.000000,0.000000,0.000000
0.000000,0.000000,0.000000,0.000000,0.000000,0.000000,0.000000,0.000000,0.000000,0.000000,0.000000,0.000000,0.000000,0.000000,0.000000,1000.000191,1000.000283,1000.000364,1000.000444,1000.000523,1000.000592,1000.000639,1000.000652,1000.000635,1000.000603,1000.000564,1000.000521,1000.000480,1000.000442,1000.000406,1000.000371,1000.000338,1000.000307,1000.000277,1000.000249,1000.000223,1000.000198,1000.000174,1000.000153,1000.000133,1000.000115,1000.000098,1000.000083,1000.000070,1000.000058,1000.000048,1000.000040,1000.000033,1000.000027,1000.000024,1000.000021,1000.000021,1000.000021,1000.000024,1000.000027,1000.000033,1000.000040,1000.000048,1000.000058,1000.000070,1000.000083,1000.000098,1000.000115,1000.000133,1000.000153,1000.000174,1000.000198,1000.000223,1000.000249,1000.000277,1000.000307,1000.000338,1000.000371,1000.000406,1000.000442,1000.000480,1000.000521,1000.000564,1000.000603,1000.000635,1000.000652,1000.000639,1000.000592,1000.000523,1000.000444,1000.000364,1000.000283,1000.000191,0.000000,0.000000,0.000000,0.000000,0.000000,0.000000,0.000000,0.000000,0.000000,0.000000,0.000000,0.000000,0.000000,0.000000,0.000000
0.000000,0.000000,0.000000,0.000000,0.000000,0.000000,0.000000,0.000000,0.000000,0.000000,0.000000,0.000000,0.000000,0.000000,1000.000185,1000.000279,1000.000362,1000.000444,1000.000525,1000.000594,1000.000641,1000.000652,1000.000631,1000.000593,1000.000549,1000.000506,1000.000466,1000.000427,1000.000389,1000.000352,1000.000317,1000.000285,1000.000253,1000.000224,1000.000196,1000.000169,1000.000144,1000.000121,1000.000100,1000.000080,1000.000061,1000.000045,1000.000030,1000.000016,1000.000005,999.999994,999.999986,999.999979,999.999973,999.999970,999.999967,999.999967,999.999967,999.999970,999.999973,999.999979,999.999986,999.999994,1000.000005,1000.000016,1000.000030,1000.000045,1000.000061,1000.000080,1000.000100,1000.000121,1000.000144,1000.000169,1000.000196,1000.000224,1000.000253,1000.000285,1000.000317,1000.000352,1000.000389,1000.000427,1000.000466,1000.000506,1000.000549,1000.000593,1000.000631,1000.000652,1000.000641,1000.000594,1000.000525,1000.000444,1000.000362,1000.000279,1000.000185,0.000000,0.000000,0.000000,0.000000,0.000000,0.000000,0.000000,0.000000,0.000000,0.000000,0.000000,0.000000,0.000000,0.000000
0.000000,0.000000,0.000000,0.000000,0.000000,0.000000,0.000000,0.000000,0.000000,0.000000,0.000000,0.000000,0.000000,1000.000174,1000.000271,1000.000357,1000.000441,1000.000523,1000.000594,1000.000642,1000.000653,1000.000629,1000.000588,1000.000541,1000.000495,1000.000454,1000.000414,1000.000375,1000.000336,1000.000300,1000.000266,1000.000233,1000.000201,1000.000172,1000.000144,1000.000117,1000.000092,1000.000069,1000.000048,1000.000028,1000.000009,999.999993,999.999978,999.999964,999.999953,999.999942,999.999934,999.999927,999.999921,999.999917,999.999915,999.999914,999.999915,999.999917,999.999921,999.999927,999.999934,999.999942,999.999953,999.999964,999.999978,999.999993,1000.000009,1000.000028,1000.000048,1000.000069,1000.000092,1000.000117,1000.000144,1000.000172,1000.000201,1000.000233,1000.000266,1000.000300,1000.000336,1000.000375,1000.000414,1000.000454,1000.000495,1000.000541,1000.000588,1000.000629,1000.000653,1000.000642,1000.000594,1000.000523,1000.000441,1000.000357,1000.000271,1000.000174,0.000000,0.000000,0.000000,0.000000,0.000000,0.000000,0.000000,0.000000,0.000000,0.000000,0.000000,0.000000,0.000000
0.000000,0.000000,0.000000,0.000000,0.000000,0.000000,0.000000,0.000000,0.000000,0.000000,0.000000,0.000000,1000.000156,1000.000256,1000.000345,1000.000433,1000.000518,1000.000592,1000.000641,1000.000653,1000.000629,1000.000586,1000.000537,1000.000489,1000.000446,1000.000404,1000.000363,1000.000324,1000.000286,1000.000250,1000.000215,1000.000182,1000.000151,1000.000121,1000.000093,1000.000067,1000.000042,1000.000019,999.999997,999.999977,999.999959,999.999942,999.999927,999.999914,999.999902,999.999892,999.999883,999.999876,999.999871,999.999867,999.999864,999.999864,999.999864,999.999867,999.999871,999.999876,999.999883,999.999892,999.999902,999.999914,999.999927,999.999942,999.999959,999.999977,999.999997,1000.000019,1000.000042,1000.000067,1000.000093,1000.000121,1000.000151,1000.000182,1000.000215,1000.000250,1000.000286,1000.000324,1000.000363,1000.000404,1000.000446,1000.000489,1000.000537,1000.000586,1000.000629,1000.000653,1000.000641,1000.000592,1000.000518,1000.000433,1000.000345,1000.000256,1000.000156,0.000000,0.000000,0.000000,0.000000,0.000000,0.000000,0.000000,0.000000,0.000000,0.000000,0.000000,0.000000
0.000000,0.000000,0.000000,0.000000,0.000000,0.000000,0.000000,0.000000,0.000000,0.000000,0.000000,1000.000134,1000.000237,1000.000328,1000.000418,1000.000508,1000.000586,1000.000639,1000.000652,1000.000629,1000.000586,1000.000536,1000.000487,1000.000442,1000.000398,1000.000355,1000.000314,1000.000275,1000.000237,1000.000201,1000.000167,1000.000134,1000.000102,1000.000073,1000.000045,1000.000018,999.999993,999.999970,999.999949,999.999929,999.999910,999.999894,999.999879,999.999865,999.999853,999.999843,999.999834,999.999827,999.999822,999.999818,999.999815,999.999815,999.999815,999.999818,999.999822,999.999827,999.999834,999.999843,999.999853,999.999865,999.999879,999.999894,999.999910,999.999929,999.999949,999.999970,999.999993,1000.000018,1000.000045,1000.000073,1000.000102,1000.000134,1000.000167,1000.000201,1000.000237,1000.000275,1000.000314,1000.000355,1000.000398,1000.000442,1000.000487,1000.000536,1000.000586,1000.000629,1000.000652,1000.000639,1000.000586,1000.000508,1000.000418,1000.000328,1000.000237,1000.000134,0.000000,0.000000,0.000000,0.000000,0.000000,0.000000,0.000000,0.000000,0.000000,0.000000,0.000000
0.000000,0.000000,0.000000,0.000000,0.000000,0.000000,0.000000,0.000000,0.000000,0.000000,0.000000,1000.000210,1000.000306,1000.000397,1000.000489,1000.000573,1000.000633,1000.000652,1000.000631,1000.000588,1000.000537,1000.000487,1000.000440,1000.000395,1000.000350,1000.000308,1000.000267,1000.000228,1000.000190,1000.000154,1000.000119,1000.000087,1000.000055,1000.000026,999.999998,999.999971,999.999946,999.999923,999.999902,999.999882,999.999863,999.999847,999.999831,999.999818,999.999806,999.999796,999.999787,999.999780,999.999774,999.999770,999.999768,999.999767,999.999768,999.999770,999.999774,999.999780,999.999787,999.999796,999.999806,999.999818,999.999831,999.999847,999.999863,999.999882,999.999902,999.999923,999.999946,999.999971,999.999998,1000.000026,1000.000055,1000.000087,1000.000119,1000.000154,1000.000190,1000.000228,1000.000267,1000.000308,1000.000350,1000.000395,1000.000440,1000.000487,1000.000537,1000.000588,1000.000631,1000.000652,1000.000633,1000.000573,1000.000489,1000.000397,1000.000306,1000.000210,0.000000,0.000000,0.000000,0.000000,0.000000,0.000000,0.000000,0.000000,0.000000,0.000000,0.000000
0.000000,0.000000,0.000000,0.000000,0.000000,0.000000,0.000000,0.000000,0.000000,0.000000,1000.000182,1000.000284,1000.000374,1000.000466,1000.000553,1000.000622,1000.000652,1000.000635,1000.000593,1000.000541,1000.000489,1000.000442,1000.000395,1000.000349,1000.000304,1000.000262,1000.000221,1000.000182,1000.000144,1000.000108,1000.000074,1000.000041,1000.000010,999.999980,999.999952,999.999926,999.999901,999.999878,999.999856,999.999836,999.999818,999.999801,999.999786,999.999772,999.999760,999.999750,999.999741,999.999734,999.999729,999.999725,999.999722,999.999722,999.999722,999.999725,999.999729,999.999734,999.999741,999.999750,999.999760,999.999772,999.999786,999.999801,999.999818,999.999836,999.999856,999.999878,999.999901,999.999926,999.999952,999.999980,1000.000010,1000.000041,1000.000074,1000.000108,1000.000144,1000.000182,1000.000221,1000.000262,1000.000304,1000.000349,1000.000395,1000.000442,1000.000489,1000.000541,1000.000593,1000.000635,1000.000652,1000.000622,1000.000553,1000.000466,1000.000374,1000.000284,1000.000182,0.000000,0.000000,0.000000,0.000000,0.000000,0.000000,0.000000,0.000000,0.000000,0.000000
0.000000,0.000000,0.000000,0.000000,0.000000,0.000000,0.000000,0.000000,0.000000,1000.000151,1000.000256,1000.000350,1000.000442,1000.000532,1000.000606,1000.000649,1000.000644,1000.000603,1000.000549,1000.000495,1000.000446,1000.000398,1000.000350,1000.000304,1000.000261,1000.000218,1000.000177,1000.000138,1000.000100,1000.000064,1000.000030,999.999997,999.999966,999.999936,999.999908,999.999882,999.999857,999.999834,999.999812,999.999792,999.999774,999.999757,999.999742,999.999728,999.999716,999.999706,999.999697,999.999690,999.999685,999.999681,999.999678,999.999677,999.999678,999.999681,999.999685,999.999690,999.999697,999.999706,999.999716,999.999728,999.999742,999.999757,999.999774,999.999792,999.999812,999.999834,999.999857,999.999882,999.999908,999.999936,999.999966,999.999997,1000.000030,1000.000064,1000.000100,1000.000138,1000.000177,1000.000218,1000.000261,1000.000304,1000.000350,1000.000398,1000.000446,1000.000495,1000.000549,1000.000603,1000.000644,1000.000649,1000.000606,1000.000532,1000.000442,1000.000350,1000.000256,1000.000151,0.000000,0.000000,0.000000,0.000000,0.000000,0.000000,0.000000,0.000000,0.000000
0.000000,0.000000,0.000000,0.000000,0.000000,0.000000,0.000000,0.000000,0.000000,1000.000219,1000.000319,1000.000415,1000.000510,1000.000591,1000.000643,1000.000651,1000.000618,1000.000564,1000.000506,1000.000454,1000.000404,1000.000355,1000.000308,1000.000262,1000.000218,1000.000176,1000.000135,1000.000096,1000.000058,1000.000022,999.999987,999.999955,999.999923,999.999894,999.999866,999.999839,999.999814,999.999791,999.999770,999.999750,999.999731,999.999715,999.999699,999.999686,999.999674,999.999664,999.999655,999.999648,999.999642,999.999638,999.999636,999.999635,999.999636,999.999638,999.999642,999.999648,999.999655,999.999664,999.999674,999.999686,999.999699,999.999715,999.999731,999.999750,999.999770,999.999791,999.999814,999.999839,999.999866,999.999894,999.999923,999.999955,999.999987,1000.000022,1000.000058,1000.000096,1000.000135,1000.000176,1000.000218,1000.000262,1000.000308,1000.000355,1000.000404,1000.000454,1000.000506,1000.000564,1000.000618,1000.000651,1000.000643,1000.000591,1000.000510,1000.000415,1000.000319,1000.000219,0.000000,0.000000,0.000000,0.000000,0.000000,0.000000,0.000000,0.000000,0.000000
0.000000,0.000000,0.000000,0.000000,0.000000,0.000000,0.000000,0.000000,1000.000175,1000.000284,1000.000381,1000.000479,1000.000570,1000.000633,1000.000652,1000.000628,1000.000579,1000.000521,1000.000466,1000.000414,1000.000363,1000.000314,1000.000267,1000.000221,1000.000177,1000.000135,1000.000094,1000.000055,1000.000017,999.999981,999.999947,999.999914,999.999883,999.999853,999.999825,999.999798,999.999774,999.999750,999.999729,999.999709,999.999691,999.999674,999.999659,999.999645,999.999633,999.999623,999.999614,999.999607,999.999601,999.999597,999.999595,999.999594,999.999595,999.999597,999.999601,999.999607,999.999614,999.999623,999.999633,999.999645,999.999659,999.999674,999.999691,999.999709,999.999729,999.999750,999.999774,999.999798,999.999825,999.999853,999.999883,999.999914,999.999947,999.999981,1000.000017,1000.000055,1000.000094,1000.000135,1000.000177,1000.000221,1000.000267,1000.000314,1000.000363,1000.000414,1000.000466,1000.000521,1000.000579,1000.000628,1000.000652,1000.000633,1000.000570,1000.000479,1000.000381,1000.000284,1000.000175,0.000000,0.000000,0.000000,0.000000,0.000000,0.000000,0.000000,0.000000
0.000000,0.000000,0.000000,0.000000,0.000000,0.000000,0.000000,0.000000,1000.000237,1000.000340,1000.000439,1000.000537,1000.000616,1000.000651,1000.000636,1000.000591,1000.000536,1000.000480,1000.000427,1000.000375,1000.000324,1000.000275,1000.000228,1000.000182,1000.000138,1000.000096,1000.000055,1000.000015,999.999978,999.999942,999.999907,999.999875,999.999843,999.999814,999.999786,999.999759,999.999734,999.999711,999.999690,999.999670,999.999651,999.999635,999.999619,999.999606,999.999594,999.999584,999.999575,999.999568,999.999562,999.999558,999.999556,999.999555,999.999556,999.999558,999.999562,999.999568,999.999575,999.999584,999.999594,999.999606,999.999619,999.999635,999.999651,999.999670,999.999690,999.999711,999.999734,999.999759,999.999786,999.999814,999.999843,999.999875,999.999907,999.999942,999.999978,1000.000015,1000.000055,1000.000096,1000.000138,1000.000182,1000.000228,1000.000275,1000.000324,1000.000375,1000.000427,1000.000480,1000.000536,1000.000591,1000.000636,1000.000651,1000.000616,1000.000537,1000.000439,1000.000340,1000.000237,0.000000,0.000000,0.000000,0.000000,0.000000,0.000000,0.000000,0.000000
0.000000,0.000000,0.000000,0.000000,0.000000,0.000000,0.000000,1000.000185,1000.000296,1000.000395,1000.000496,1000.000587,1000.000644,1000.000647,1000.000608,1000.000552,1000.000495,1000.000442,1000.000389,1000.000336,1000.000286,1000.000237,1000.000190,1000.000144,1000.000100,1000.000058,1000.000017,999.999978,999.999940,999.999904,999.999870,999.999837,999.999806,999.999776,999.999748,999.999722,999.999697,999.999674,999.999652,999.999632,999.999614,999.999597,999.999582,999.999568,999.999556,999.999546,999.999537,999.999530,999.999524,999.999520,999.999518,999.999517,999.999518,999.999520,999.999524,999.999530,999.999537,999.999546,999.999556,999.999568,999.999582,999.999597,999.999614,999.999632,999.999652,999.999674,999.999697,999.999722,999.999748,999.999776,999.999806,999.999837,999.999870,999.999904,999.999940,999.999978,1000.000017,1000.000058,1000.000100,1000.000144,1000.000190,1000.000237,1000.000286,1000.000336,1000.000389,1000.000442,1000.000495,1000.000552,1000.000608,1000.000647,1000.000644,1000.000587,1000.000496,1000.000395,1000.000296,1000.000185,0.000000,0.000000,0.000000,0.000000,0.000000,0.000000,0.000000
0.000000,0.000000,0.000000,0.000000,0.000000,0.000000,0.000000,1000.000242,1000.000347,1000.000449,1000.000547,1000.000624,1000.000653,1000.000629,1000.000575,1000.000515,1000.000460,1000.000406,1000.000352,1000.000300,1000.000250,1000.000201,1000.000154,1000.000108,1000.000064,1000.000022,999.999981,999.999942,999.999904,999.999868,999.999834,999.999801,999.999770,999.999740,999.999712,999.999686,999.999661,999.999638,999.999616,999.999596,999.999578,999.999561,999.999546,999.999532,999.999520,999.999510,999.999501,999.999494,999.999488,999.999484,999.999482,999.999481,999.999482,999.999484,999.999488,999.999494,999.999501,999.999510,999.999520,999.999532,999.999546,999.999561,999.999578,999.999596,999.999616,999.999638,999.999661,999.999686,999.999712,999.999740,999.999770,999.999801,999.999834,999.999868,999.999904,999.999942,999.999981,1000.000022,1000.000064,1000.000108,1000.000154,1000.000201,1000.000250,1000.000300,1000.000352,1000.000406,1000.000460,1000.000515,1000.000575,1000.000629,1000.000653,1000.000624,1000.000547,1000.000449,1000.000347,1000.000242,0.000000,0.000000,0.000000,0.000000,0.000000,0.000000,0.000000
0.000000,0.000000,0.000000,0.000000,0.000000,0.000000,1000.000186,1000.000298,1000.000399,1000.000501,1000.000591,1000.000647,1000.000647,1000.000602,1000.000541,1000.000482,1000.000426,1000.000371,1000.000317,1000.000266,1000.000215,1000.000167,1000.000119,1000.000074,1000.000030,999.999987,999.999947,999.999907,999.999870,999.999834,999.999799,999.999767,999.999735,999.999706,999.999678,999.999651,999.999627,999.999603,999.999582,999.999562,999.999543,999.999527,999.999511,999.999498,999.999486,999.999475,999.999467,999.999459,999.999454,999.999450,999.999447,999.999447,999.999447,999.999450,999.999454,999.999459,999.999467,999.999475,999.999486,999.999498,999.999511,999.999527,999.999543,999.999562,999.999582,999.999603,999.999627,999.999651,999.999678,999.999706,999.999735,999.999767,999.999799,999.999834,999.999870,999.999907,999.999947,999.999987,1000.000030,1000.000074,1000.000119,1000.000167,1000.000215,1000.000266,1000.000317,1000.000371,1000.000426,1000.000482,1000.000541,1000.000602,1000.000647,1000.000647,1000.000591,1000.000501,1000.000399,1000.000298,1000.000186,0.000000,0.000000,0.000000,0.000000,0.000000,0.000000
0.000000,0.000000,0.000000,0.000000,0.000000,0.000000,1000.000239,1000.000346,1000.000449,1000.000549,1000.000626,1000.000654,1000.000627,1000.000571,1000.000508,1000.000450,1000.000393,1000.000338,1000.000285,1000.000233,1000.000182,1000.000134,1000.000087,1000.000041,999.999997,999.999955,999.999914,999.999875,999.999837,999.999801,999.999767,999.999734,999.999703,999.999673,999.999645,999.999619,999.999594,999.999571,999.999549,999.999529,999.999511,999.999494,999.999479,999.999465,999.999453,999.999443,999.999434,999.999427,999.999421,999.999417,999.999415,999.999414,999.999415,999.999417,999.999421,999.999427,999.999434,999.999443,999.999453,999.999465,999.999479,999.999494,999.999511,999.999529,999.999549,999.999571,999.999594,999.999619,999.999645,999.999673,999.999703,999.999734,999.999767,999.999801,999.999837,999.999875,999.999914,999.999955,999.999997,1000.000041,1000.000087,1000.000134,1000.000182,1000.000233,1000.000285,1000.000338,1000.000393,1000.000450,1000.000508,1000.000571,1000.000627,1000.000654,1000.000626,1000.000549,1000.000449,1000.000346,1000.000239,0.000000,0.000000,0.000000,0.000000,0.000000,0.000000
0.000000,0.000000,0.000000,0.000000,0.000000,1000.000177,1000.000291,1000.000394,1000.000498,1000.000590,1000.000647,1000.000647,1000.000601,1000.000538,1000.000477,1000.000419,1000.000362,1000.000307,1000.000253,1000.000201,1000.000151,1000.000102,1000.000055,1000.000010,999.999966,999.999923,999.999883,999.999843,999.999806,999.999770,999.999735,999.999703,999.999671,999.999642,999.999614,999.999587,999.999563,999.999539,999.999518,999.999498,999.999479,999.999463,999.999447,999.999434,999.999422,999.999411,999.999403,999.999395,999.999390,999.999386,999.999383,999.999383,999.999383,999.999386,999.999390,999.999395,999.999403,999.999411,999.999422,999.999434,999.999447,999.999463,999.999479,999.999498,999.999518,999.999539,999.999563,999.999587,999.999614,999.999642,999.999671,999.999703,999.999735,999.999770,999.999806,999.999843,999.999883,999.999923,999.999966,1000.000010,1000.000055,1000.000102,1000.000151,1000.000201,1000.000253,1000.000307,1000.000362,1000.000419,1000.000477,1000.000538,1000.000601,1000.000647,1000.000647,1000.000590,1000.000498,1000.000394,1000.000291,1000.000177,0.000000,0.000000,0.000000,0.000000,0.000000
0.000000,0.000000,0.000000,0.000000,0.000000,1000.000225,1000.000334,1000.000440,1000.000543,1000.000623,1000.000654,1000.000628,1000.000571,1000.000507,1000.000447,1000.000389,1000.000332,1000.000277,1000.000224,1000.000172,1000.000121,1000.000073,1000.000026,999.999980,999.999936,999.999894,999.999853,999.999814,999.999776,999.999740,999.999706,999.999673,999.999642,999.999612,999.999584,999.999558,999.999533,999.999510,999.999488,999.999468,999.999450,999.999433,999.999418,999.999404,999.999392,999.999382,999.999373,999.999366,999.999360,999.999356,999.999354,999.999353,999.999354,999.999356,999.999360,999.999366,999.999373,999.999382,999.999392,999.999404,999.999418,999.999433,999.999450,999.999468,999.999488,999.999510,999.999533,999.999558,999.999584,999.999612,999.999642,999.999673,999.999706,999.999740,999.999776,999.999814,999.999853,999.999894,999.999936,999.999980,1000.000026,1000.000073,1000.000121,1000.000172,1000.000224,1000.000277,1000.000332,1000.000389,1000.000447,1000.000507,1000.000571,1000.000628,1000.000654,1000.000623,1000.000543,1000.000440,1000.000334,1000.000225,0.000000,0.000000,0.000000,0.000000,0.000000
0.000000,0.000000,0.000000,0.000000,1000.000155,1000.000271,1000.000377,1000.000484,1000.000582,1000.000644,1000.000647,1000.000603,1000.000541,1000.000479,1000.000419,1000.000361,1000.000304,1000.000249,1000.000196,1000.000144,1000.000093,1000.000045,999.999998,999.999952,999.999908,999.999866,999.999825,999.999786,999.999748,999.999712,999.999678,999.999645,999.999614,999.999584,999.999556,999.999530,999.999505,999.999482,999.999460,999.999440,999.999422,999.999405,999.999390,999.999376,999.999364,999.999354,999.999345,999.999338,999.999332,999.999328,999.999326,999.999325,999.999326,999.999328,999.999332,999.999338,999.999345,999.999354,999.999364,999.999376,999.999390,999.999405,999.999422,999.999440,999.999460,999.999482,999.999505,999.999530,999.999556,999.999584,999.999614,999.999645,999.999678,999.999712,999.999748,999.999786,999.999825,999.999866,999.999908,999.999952,999.999998,1000.000045,1000.000093,1000.000144,1000.000196,1000.000249,1000.000304,1000.000361,1000.000419,1000.000479,1000.000541,1000.000603,1000.000647,1000.000644,1000.000582,1000.000484,1000.000377,1000.000271,1000.000155,0.000000,0.000000,0.000000,0.000000
0.000000,0.000000,0.000000,0.000000,1000.000198,1000.000309,1000.000416,1000.000523,1000.000613,1000.000652,1000.000631,1000.000576,1000.000512,1000.000452,1000.000393,1000.000334,1000.000278,1000.000223,1000.000169,1000.000117,1000.000067,1000.000018,999.999971,999.999926,999.999882,999.999839,999.999798,999.999759,999.999722,999.999686,999.999651,999.999619,999.999587,999.999558,999.999530,999.999503,999.999479,999.999455,999.999434,999.999414,999.999395,999.999379,999.999363,999.999350,999.999338,999.999327,999.999319,999.999311,999.999306,999.999302,999.999299,999.999299,999.999299,999.999302,999.999306,999.999311,999.999319,999.999327,999.999338,999.999350,999.999363,999.999379,999.999395,999.999414,999.999434,999.999455,999.999479,999.999503,999.999530,999.999558,999.999587,999.999619,999.999651,999.999686,999.999722,999.999759,999.999798,999.999839,999.999882,999.999926,999.999971,1000.000018,1000.000067,1000.000117,1000.000169,1000.000223,1000.000278,1000.000334,1000.000393,1000.000452,1000.000512,1000.000576,1000.000631,1000.000652,1000.000613,1000.000523,1000.000416,1000.000309,1000.000198,0.000000,0.000000,0.000000,0.000000
