0.000000,0.000000,0.000000,0.000000,0.000000,0.000000,0.000000,0.000000,0.000000,0.000000,0.000000,0.000000,0.000000,0.000000,0.000000,0.000000,0.000000,0.000000,0.000000,0.000000,0.000000,0.000000,0.000000,0.000000,0.000000,0.000000,0.000000,0.000000,0.000000,0.000000,0.000000,0.000000,0.000000,0.000000,0.000000,0.000000,0.000000,0.000000,0.000000,0.000000,0.000000,0.000000,0.000000,0.000000,0.000000,0.000000,0.000000,0.000000,0.000000,0.000000,0.000000,0.000000,0.000000,0.000000,0.000000,0.000000,0.000000,0.000000,0.000000,0.000000,0.000000,0.000000,0.000000,0.000000,0.000000,0.000000,0.000000,0.000000,0.000000,0.000000,0.000000,0.000000,0.000000,0.000000,0.000000,0.000000,0.000000,0.000000,0.000000,0.000000,0.000000,0.000000,0.000000,0.000000,0.000000,0.000000,0.000000,0.000000,0.000000,0.000000,0.000000,0.000000,0.000000,0.000000,0.000000,0.000000,0.000000,0.000000,0.000000,0.000000,0.000000,0.000000,0.000000
0.000000,0.000000,0.000000,0.000000,0.000000,0.000000,0.000000,0.000000,0.000000,0.000000,0.000000,0.000000,0.000000,0.000000,0.000000,0.000000,0.000000,0.000000,0.000000,0.000000,0.000000,0.000000,0.000000,0.000000,0.000000,0.000000,0.000000,0.000000,0.000000,0.000000,0.000000,0.000000,0.000000,0.000000,0.000000,0.000000,0.000000,0.000000,0.000000,0.000000,0.000000,0.000000,0.000000,0.000000,0.000000,0.000000,0.000000,0.000000,0.000000,0.000000,0.000000,1000.000096,0.000000,0.000000,0.000000,0.000000,0.000000,0.000000,0.000000,0.000000,0.000000,0.000000,0.000000,0.000000,0.000000,0.000000,0.000000,0.000000,0.000000,0.000000,0.000000,0.000000,0.000000,0.000000,0.000000,0.000000,0.000000,0.000000,0.000000,0.000000,0.000000,0.000000,0.000000,0.000000,0.000000,0.000000,0.000000,0.000000,0.000000,0.000000,0.000000,0.000000,0.000000,0.000000,0.000000,0.000000,0.000000,0.000000,0.000000,0.000000,0.000000,0.000000,0.000000
0.000000,0.000000,0.000000,0.000000,0.000000,0.000000,0.000000,0.000000,0.000000,0.000000,0.000000,0.000000,0.000000,0.000000,0.000000,0.000000,0.000000,0.000000,0.000000,0.000000,0.000000,0.000000,0.000000,0.000000,0.000000,0.000000,0.000000,0.000000,0.000000,0.000000,0.000000,0.000000,0.000000,0.000000,0.000000,0.000000,0.000000,0.000000,0.000000,0.000000,0.000000,0.000000,1000.000174,1000.000203,1000.000217,1000.000225,1000.000229,1000.000230,1000.000231,1000.000229,1000.000228,1000.000235,1000.000228,1000.000229,1000.000231,1000.000230,1000.000229,1000.000225,1000.000217,1000.000203,1000.000174,0.000000,0.000000,0.000000,0.000000,0.000000,0.000000,0.000000,0.000000,0.000000,0.000000,0.000000,0.000000,0.000000,0.000000,0.000000,0.000000,0.000000,0.000000,0.000000,0.000000,0.000000,0.000000,0.000000,0.000000,0.000000,0.000000,0.000000,0.000000,0.000000,0.000000,0.000000,0.000000,0.000000,0.000000,0.000000,0.000000,0.000000,0.000000,0.000000,0.000000,0.000000,0.000000
0.000000,0.000000,0.000000,0.000000,0.000000,0.000000,0.000000,0.000000,0.000000,0.000000,0.000000,0.000000,0.000000,0.000000,0.000000,0.000000,0.000000,0.000000,0.000000,0.000000,0.000000,0.000000,0.000000,0.000000,0.000000,0.000000,0.000000,0.000000,0.000000,0.000000,0.000000,0.000000,0.000000,0.000000,0.000000,0.000000,0.000000,1000.000168,1000.000210,1000.000243,1000.000270,1000.000292,1000.000312,1000.000330,1000.000345,1000.000354,1000.000360,1000.000362,1000.000364,1000.000364,1000.000363,1000.000365,1000.000363,1000.000364,1000.000364,1000.000362,1000.000360,1000.000354,1000.000345,1000.000330,1000.000312,1000.000292,1000.000270,1000.000243,1000.000210,1000.000168,0.000000,0.000000,0.000000,0.000000,0.000000,0.000000,0.000000,0.000000,0.000000,0.000000,0.000000,0.000000,0.000000,0.000000,0.000000,0.000000,0.000000,0.000000,0.000000,0.000000,0.000000,0.000000,0.000000,0.000000,0.000000,0.000000,0.000000,0.000000,0.000000,0.000000,0.000000,0.000000,0.000000,0.000000,0.000000,0.000000,0.000000
0.000000,0.000000,0.000000,0.000000,0.000000,0.000000,0.000000,0.000000,0.000000,0.000000,0.000000,0.000000,0.000000,0.000000,0.000000,0.000000,0.000000,0.000000,0.000000,0.000000,0.000000,0.000000,0.000000,0.000000,0.000000,0.000000,0.000000,0.000000,0.000000,0.000000,0.000000,0.000000,0.000000,0.000000,1000.000175,1000.000223,1000.000263,1000.000302,1000.000336,1000.000367,1000.000396,1000.000420,1000.000443,1000.000461,1000.000474,1000.000483,1000.000488,1000.000491,1000.000492,1000.000493,1000.000493,1000.000493,1000.000493,1000.000493,1000.000492,1000.000491,1000.000488,1000.000483,1000.000474,1000.000461,1000.000443,1000.000420,1000.000396,1000.000367,1000.000336,1000.000302,1000.000263,1000.000223,1000.000175,0.000000,0.000000,0.000000,0.000000,0.000000,0.000000,0.000000,0.000000,0.000000,0.000000,0.000000,0.000000,0.000000,0.000000,0.000000,0.000000,0.000000,0.000000,0.000000,0.000000,0.000000,0.000000,0.000000,0.000000,0.000000,0.000000,0.000000,0.000000,0.000000,0.000000,0.000000,0.000000,0.000000,0.000000
0.000000,0.000000,0.000000,0.000000,0.000000,0.000000,0.000000,0.000000,0.000000,0.000000,0.000000,0.000000,0.000000,0.000000,0.000000,0.000000,0.000000,0.000000,0.000000,0.000000,0.000000,0.000000,0.000000,0.000000,0.000000,0.000000,0.000000,0.000000,0.000000,0.000000,0.000000,0.000000,1000.000200,1000.000254,1000.000305,1000.000348,1000.000387,1000.000426,1000.000460,1000.000491,1000.000520,1000.000547,1000.000570,1000.000589,1000.000600,1000.000607,1000.000611,1000.000613,1000.000614,1000.000615,1000.000615,1000.000615,1000.000615,1000.000615,1000.000614,1000.000613,1000.000611,1000.000607,1000.000600,1000.000589,1000.000570,1000.000547,1000.000520,1000.000491,1000.000460,1000.000426,1000.000387,1000.000348,1000.000305,1000.000254,1000.000200,0.000000,0.000000,0.000000,0.000000,0.000000,0.000000,0.000000,0.000000,0.000000,0.000000,0.000000,0.000000,0.000000,0.000000,0.000000,0.000000,0.000000,0.000000,0.000000,0.000000,0.000000,0.000000,0.000000,0.000000,0.000000,0.000000,0.000000,0.000000,0.000000,0.000000,0.000000,0.000000
0.000000,0.000000,0.000000,0.000000,0.000000,0.000000,0.000000,0.000000,0.000000,0.000000,0.000000,0.000000,0.000000,0.000000,0.000000,0.000000,0.000000,0.000000,0.000000,0.000000,0.000000,0.000000,0.000000,0.000000,0.000000,0.000000,0.000000,0.000000,0.000000,0.000000,1000.000209,1000.000269,1000.000328,1000.000377,1000.000425,1000.000469,1000.000511,1000.000550,1000.000583,1000.000612,1000.000637,1000.000659,1000.000678,1000.000690,1000.000697,1000.000701,1000.000703,1000.000704,1000.000704,1000.000704,1000.000704,1000.000704,1000.000704,1000.000704,1000.000704,1000.000704,1000.000703,1000.000701,1000.000697,1000.000690,1000.000678,1000.000659,1000.000637,1000.000612,1000.000583,1000.000550,1000.000511,1000.000469,1000.000425,1000.000377,1000.000328,1000.000269,1000.000209,0.000000,0.000000,0.000000,0.000000,0.000000,0.000000,0.000000,0.000000,0.000000,0.000000,0.000000,0.000000,0.000000,0.000000,0.000000,0.000000,0.000000,0.000000,0.000000,0.000000,0.000000,0.000000,0.000000,0.000000,0.000000,0.000000,0.000000,0.000000,0.000000,0.000000
0.000000,0.000000,0.000000,0.000000,0.000000,0.000000,0.000000,0.000000,0.000000,0.000000,0.000000,0.000000,0.000000,0.000000,0.000000,0.000000,0.000000,0.000000,0.000000,0.000000,0.000000,0.000000,0.000000,0.000000,0.000000,0.000000,0.000000,0.000000,1000.000208,1000.000273,1000.000336,1000.000390,1000.000444,1000.000496,1000.000546,1000.000590,1000.000628,1000.000660,1000.000687,1000.000704,1000.000716,1000.000724,1000.000727,1000.000725,1000.000724,1000.000722,1000.000721,1000.000721,1000.000720,1000.000719,1000.000719,1000.000719,1000.000719,1000.000719,1000.000720,1000.000721,1000.000721,1000.000722,1000.000724,1000.000725,1000.000727,1000.000724,1000.000716,1000.000704,1000.000687,1000.000660,1000.000628,1000.000590,1000.000546,1000.000496,1000.000444,1000.000390,1000.000336,1000.000273,1000.000208,0.000000,0.000000,0.000000,0.000000,0.000000,0.000000,0.000000,0.000000,0.000000,0.000000,0.000000,0.000000,0.000000,0.000000,0.000000,0.000000,0.000000,0.000000,0.000000,0.000000,0.000000,0.000000,0.000000,0.000000,0.000000,0.000000,0.000000,0.000000
0.000000,0.000000,0.000000,0.000000,0.000000,0.000000,0.000000,0.000000,0.000000,0.000000,0.000000,0.000000,0.000000,0.000000,0.000000,0.000000,0.000000,0.000000,0.000000,0.000000,0.000000,0.000000,0.000000,0.000000,0.000000,0.000000,1000.000198,1000.000267,1000.000334,1000.000392,1000.000450,1000.000506,1000.000561,1000.000612,1000.000655,1000.000689,1000.000712,1000.000727,1000.000733,1000.000731,1000.000726,1000.000717,1000.000703,1000.000690,1000.000680,1000.000674,1000.000671,1000.000668,1000.000666,1000.000665,1000.000664,1000.000664,1000.000664,1000.000665,1000.000666,1000.000668,1000.000671,1000.000674,1000.000680,1000.000690,1000.000703,1000.000717,1000.000726,1000.000731,1000.000733,1000.000727,1000.000712,1000.000689,1000.000655,1000.000612,1000.000561,1000.000506,1000.000450,1000.000392,1000.000334,1000.000267,1000.000198,0.000000,0.000000,0.000000,0.000000,0.000000,0.000000,0.000000,0.000000,0.000000,0.000000,0.000000,0.000000,0.000000,0.000000,0.000000,0.000000,0.000000,0.000000,0.000000,0.000000,0.000000,0.000000,0.000000,0.000000,0.000000,0.000000
0.000000,0.000000,0.000000,0.000000,0.000000,0.000000,0.000000,0.000000,0.000000,0.000000,0.000000,0.000000,0.000000,0.000000,0.000000,0.000000,0.000000,0.000000,0.000000,0.000000,0.000000,0.000000,0.000000,0.000000,1000.000170,1000.000247,1000.000320,1000.000383,1000.000446,1000.000506,1000.000565,1000.000618,1000.000665,1000.000701,1000.000724,1000.000733,1000.000732,1000.000723,1000.000708,1000.000691,1000.000674,1000.000657,1000.000638,1000.000621,1000.000609,1000.000601,1000.000595,1000.000591,1000.000588,1000.000586,1000.000585,1000.000584,1000.000585,1000.000586,1000.000588,1000.000591,1000.000595,1000.000601,1000.000609,1000.000621,1000.000638,1000.000657,1000.000674,1000.000691,1000.000708,1000.000723,1000.000732,1000.000733,1000.000724,1000.000701,1000.000665,1000.000618,1000.000565,1000.000506,1000.000446,1000.000383,1000.000320,1000.000247,1000.000170,0.000000,0.000000,0.000000,0.000000,0.000000,0.000000,0.000000,0.000000,0.000000,0.000000,0.000000,0.000000,0.000000,0.000000,0.000000,0.000000,0.000000,0.000000,0.000000,0.000000,0.000000,0.000000,0.000000,0.000000
0.000000,0.000000,0.000000,0.000000,0.000000,0.000000,0.000000,0.000000,0.000000,0.000000,0.000000,0.000000,0.000000,0.000000,0.000000,0.000000,0.000000,0.000000,0.000000,0.000000,0.000000,0.000000,0.000000,1000.000205,1000.000289,1000.000360,1000.000429,1000.000496,1000.000559,1000.000617,1000.000666,1000.000704,1000.000728,1000.000735,1000.000728,1000.000711,1000.000689,1000.000666,1000.000643,1000.000620,1000.000600,1000.000582,1000.000564,1000.000549,1000.000536,1000.000527,1000.000520,1000.000514,1000.000511,1000.000508,1000.000506,1000.000506,1000.000506,1000.000508,1000.000511,1000.000514,1000.000520,1000.000527,1000.000536,1000.000549,1000.000564,1000.000582,1000.000600,1000.000620,1000.000643,1000.000666,1000.000689,1000.000711,1000.000728,1000.000735,1000.000728,1000.000704,1000.000666,1000.000617,1000.000559,1000.000496,1000.000429,1000.000360,1000.000289,1000.000205,0.000000,0.000000,0.000000,0.000000,0.000000,0.000000,0.000000,0.000000,0.000000,0.000000,0.000000,0.000000,0.000000,0.000000,0.000000,0.000000,0.000000,0.000000,0.000000,0.000000,0.000000,0.000000,0.000000
0.000000,0.000000,0.000000,0.000000,0.000000,0.000000,0.000000,0.000000,0.000000,0.000000,0.000000,0.000000,0.000000,0.000000,0.000000,0.000000,0.000000,0.000000,0.000000,0.000000,0.000000,1000.000152,1000.000237,1000.000321,1000.000395,1000.000468,1000.000540,1000.000606,1000.000660,1000.000702,1000.000728,1000.000736,1000.000728,1000.000707,1000.000679,1000.000649,1000.000620,1000.000594,1000.000570,1000.000547,1000.000527,1000.000509,1000.000492,1000.000477,1000.000465,1000.000455,1000.000446,1000.000440,1000.000436,1000.000433,1000.000431,1000.000430,1000.000431,1000.000433,1000.000436,1000.000440,1000.000446,1000.000455,1000.000465,1000.000477,1000.000492,1000.000509,1000.000527,1000.000547,1000.000570,1000.000594,1000.000620,1000.000649,1000.000679,1000.000707,1000.000728,1000.000736,1000.000728,1000.000702,1000.000660,1000.000606,1000.000540,1000.000468,1000.000395,1000.000321,1000.000237,1000.000152,0.000000,0.000000,0.000000,0.000000,0.000000,0.000000,0.000000,0.000000,0.000000,0.000000,0.000000,0.000000,0.000000,0.000000,0.000000,0.000000,0.000000,0.000000,0.000000,0.000000,0.000000
0.000000,0.000000,0.000000,0.000000,0.000000,0.000000,0.000000,0.000000,0.000000,0.000000,0.000000,0.000000,0.000000,0.000000,0.000000,0.000000,0.000000,0.000000,0.000000,0.000000,1000.000177,1000.000267,1000.000345,1000.000422,1000.000499,1000.000575,1000.000642,1000.000693,1000.000724,1000.000735,1000.000728,1000.000706,1000.000677,1000.000644,1000.000610,1000.000578,1000.000549,1000.000524,1000.000500,1000.000477,1000.000457,1000.000438,1000.000422,1000.000407,1000.000394,1000.000384,1000.000375,1000.000368,1000.000363,1000.000360,1000.000358,1000.000357,1000.000358,1000.000360,1000.000363,1000.000368,1000.000375,1000.000384,1000.000394,1000.000407,1000.000422,1000.000438,1000.000457,1000.000477,1000.000500,1000.000524,1000.000549,1000.000578,1000.000610,1000.000644,1000.000677,1000.000706,1000.000728,1000.000735,1000.000724,1000.000693,1000.000642,1000.000575,1000.000499,1000.000422,1000.000345,1000.000267,1000.000177,0.000000,0.000000,0.000000,0.000000,0.000000,0.000000,0.000000,0.000000,0.000000,0.000000,0.000000,0.000000,0.000000,0.000000,0.000000,0.000000,0.000000,0.000000,0.000000,0.000000
0.000000,0.000000,0.000000,0.000000,0.000000,0.000000,0.000000,0.000000,0.000000,0.000000,0.000000,0.000000,0.000000,0.000000,0.000000,0.000000,0.000000,0.000000,0.000000,1000.000197,1000.000289,1000.000370,1000.000448,1000.000525,1000.000600,1000.000665,1000.000712,1000.000732,1000.000728,1000.000708,1000.000678,1000.000643,1000.000607,1000.000572,1000.000540,1000.000510,1000.000482,1000.000455,1000.000431,1000.000408,1000.000388,1000.000369,1000.000353,1000.000338,1000.000325,1000.000314,1000.000306,1000.000298,1000.000293,1000.000289,1000.000287,1000.000286,1000.000287,1000.000289,1000.000293,1000.000298,1000.000306,1000.000314,1000.000325,1000.000338,1000.000353,1000.000369,1000.000388,1000.000408,1000.000431,1000.000455,1000.000482,1000.000510,1000.000540,1000.000572,1000.000607,1000.000643,1000.000678,1000.000708,1000.000728,1000.000732,1000.000712,1000.000665,1000.000600,1000.000525,1000.000448,1000.000370,1000.000289,1000.000197,0.000000,0.000000,0.000000,0.000000,0.000000,0.000000,0.000000,0.000000,0.000000,0.000000,0.000000,0.000000,0.000000,0.000000,0.000000,0.000000,0.000000,0.000000,0.000000
0.000000,0.000000,0.000000,0.000000,0.000000,0.000000,0.000000,0.000000,0.000000,0.000000,0.000000,0.000000,0.000000,0.000000,0.000000,0.000000,0.000000,0.000000,1000.000209,1000.000305,1000.000390,1000.000471,1000.000551,1000.000623,1000.000683,1000.000723,1000.000733,1000.000716,1000.000685,1000.000648,1000.000610,1000.000573,1000.000538,1000.000505,1000.000473,1000.000443,1000.000414,1000.000388,1000.000364,1000.000341,1000.000321,1000.000302,1000.000285,1000.000271,1000.000258,1000.000247,1000.000238,1000.000230,1000.000225,1000.000221,1000.000218,1000.000218,1000.000218,1000.000221,1000.000225,1000.000230,1000.000238,1000.000247,1000.000258,1000.000271,1000.000285,1000.000302,1000.000321,1000.000341,1000.000364,1000.000388,1000.000414,1000.000443,1000.000473,1000.000505,1000.000538,1000.000573,1000.000610,1000.000648,1000.000685,1000.000716,1000.000733,1000.000723,1000.000683,1000.000623,1000.000551,1000.000471,1000.000390,1000.000305,1000.000209,0.000000,0.000000,0.000000,0.000000,0.000000,0.000000,0.000000,0.000000,0.000000,0.000000,0.000000,0.000000,0.000000,0.000000,0.000000,0.000000,0.000000,0.000000
0.000000,0.000000,0.000000,0.000000,0.000000,0.000000,0.000000,0.000000,0.000000,0.000000,0.000000,0.000000,0.000000,0.000000,0.000000,0.000000,0.000000,1000.000216,1000.000315,1000.000402,1000.000488,1000.000572,1000.000646,1000.000700,1000.000730,1000.000732,1000.000707,1000.000666,1000.000623,1000.000581,1000.000543,1000.000507,1000.000473,1000.000439,1000.000407,1000.000377,1000.000349,1000.000323,1000.000298,1000.000276,1000.000255,1000.000237,1000.000220,1000.000205,1000.000192,1000.000181,1000.000172,1000.000164,1000.000158,1000.000154,1000.000152,1000.000151,1000.000152,1000.000154,1000.000158,1000.000164,1000.000172,1000.000181,1000.000192,1000.000205,1000.000220,1000.000237,1000.000255,1000.000276,1000.000298,1000.000323,1000.000349,1000.000377,1000.000407,1000.000439,1000.000473,1000.000507,1000.000543,1000.000581,1000.000623,1000.000666,1000.000707,1000.000732,1000.000730,1000.000700,1000.000646,1000.000572,1000.000488,1000.000402,1000.000315,1000.000216,0.000000,0.000000,0.000000,0.000000,0.000000,0.000000,0.000000,0.000000,0.000000,0.000000,0.000000,0.000000,0.000000,0.000000,0.000000,0.000000,0.000000
0.000000,0.000000,0.000000,0.000000,0.000000,0.000000,0.000000,0.000000,0.000000,0.000000,0.000000,0.000000,0.000000,0.000000,0.000000,0.000000,1000.000218,1000.000319,1000.000409,1000.000497,1000.000584,1000.000660,1000.000712,1000.000733,1000.000725,1000.000695,1000.000652,1000.000604,1000.000559,1000.000518,1000.000481,1000.000444,1000.000408,1000.000375,1000.000343,1000.000313,1000.000285,1000.000259,1000.000235,1000.000212,1000.000192,1000.000173,1000.000156,1000.000141,1000.000128,1000.000117,1000.000107,1000.000100,1000.000094,1000.000089,1000.000087,1000.000086,1000.000087,1000.000089,1000.000094,1000.000100,1000.000107,1000.000117,1000.000128,1000.000141,1000.000156,1000.000173,1000.000192,1000.000212,1000.000235,1000.000259,1000.000285,1000.000313,1000.000343,1000.000375,1000.000408,1000.000444,1000.000481,1000.000518,1000.000559,1000.000604,1000.000652,1000.000695,1000.000725,1000.000733,1000.000712,1000.000660,1000.000584,1000.000497,1000.000409,1000.000319,1000.000218,0.000000,0.000000,0.000000,0.000000,0.000000,0.000000,0.000000,0.000000,0.000000,0.000000,0.000000,0.000000,0.000000,0.000000,0.000000,0.000000
0.000000,0.000000,0.000000,0.000000,0.000000,0.000000,0.000000,0.000000,0.000000,0.000000,0.000000,0.000000,0.000000,0.000000,0.000000,1000.000216,1000.000319,1000.000411,1000.000501,1000.000590,1000.000666,1000.000718,1000.000733,1000.000715,1000.000679,1000.000635,1000.000588,1000.000541,1000.000498,1000.000458,1000.000418,1000.000381,1000.000346,1000.000313,1000.000281,1000.000251,1000.000223,1000.000197,1000.000173,1000.000150,1000.000130,1000.000111,1000.000094,1000.000079,1000.000066,1000.000054,1000.000045,1000.000037,1000.000031,1000.000027,1000.000024,1000.000023,1000.000024,1000.000027,1000.000031,1000.000037,1000.000045,1000.000054,1000.000066,1000.000079,1000.000094,1000.000111,1000.000130,1000.000150,1000.000173,1000.000197,1000.000223,1000.000251,1000.000281,1000.000313,1000.000346,1000.000381,1000.000418,1000.000458,1000.000498,1000.000541,1000.000588,1000.000635,1000.000679,1000.000715,1000.000733,1000.000718,1000.000666,1000.000590,1000.000501,1000.000411,1000.000319,1000.000216,0.000000,0.000000,0.000000,0.000000,0.000000,0.000000,0.000000,0.000000,0.000000,0.000000,0.000000,0.000000,0.000000,0.000000,0.000000
0.000000,0.000000,0.000000,0.000000,0.000000,0.000000,0.000000,0.000000,0.000000,0.000000,0.000000,0.000000,0.000000,0.000000,1000.000209,1000.000315,1000.000409,1000.000501,1000.000592,1000.000669,1000.000721,1000.000734,1000.000710,1000.000668,1000.000619,1000.000571,1000.000525,1000.000481,1000.000439,1000.000397,1000.000358,1000.000321,1000.000286,1000.000252,1000.000221,1000.000191,1000.000163,1000.000137,1000.000112,1000.000090,1000.000069,1000.000051,1000.000034,1000.000019,1000.000005,999.999994,999.999984,999.999976,999.999970,999.999966,999.999963,999.999963,999.999963,999.999966,999.999970,999.999976,999.999984,999.999994,1000.000005,1000.000019,1000.000034,1000.000051,1000.000069,1000.000090,1000.000112,1000.000137,1000.000163,1000.000191,1000.000221,1000.000252,1000.000286,1000.000321,1000.000358,1000.000397,1000.000439,1000.000481,1000.000525,1000.000571,1000.000619,1000.000668,1000.000710,1000.000734,1000.000721,1000.000669,1000.000592,1000.000501,1000.000409,1000.000315,1000.000209,0.000000,0.000000,0.000000,0.000000,0.000000,0.000000,0.000000,0.000000,0.000000,0.000000,0.000000,0.000000,0.000000,0.000000
0.000000,0.000000,0.000000,0.000000,0.000000,0.000000,0.000000,0.000000,0.000000,0.000000,0.000000,0.000000,0.000000,1000.000197,1000.000305,1000.000402,1000.000497,1000.000590,1000.000669,1000.000721,1000.000734,1000.000708,1000.000663,1000.000610,1000.000559,1000.000512,1000.000467,1000.000423,1000.000380,1000.000338,1000.000300,1000.000263,1000.000227,1000.000194,1000.000162,1000.000132,1000.000104,1000.000078,1000.000054,1000.000031,1000.000011,999.999992,999.999975,999.999960,999.999947,999.999935,999.999925,999.999918,999.999911,999.999907,999.999904,999.999904,999.999904,999.999907,999.999911,999.999918,999.999925,999.999935,999.999947,999.999960,999.999975,999.999992,1000.000011,1000.000031,1000.000054,1000.000078,1000.000104,1000.000132,1000.000162,1000.000194,1000.000227,1000.000263,1000.000300,1000.000338,1000.000380,1000.000423,1000.000467,1000.000512,1000.000559,1000.000610,1000.000663,1000.000708,1000.000734,1000.000721,1000.000669,1000.000590,1000.000497,1000.000402,1000.000305,1000.000197,0.000000,0.000000,0.000000,0.000000,0.000000,0.000000,0.000000,0.000000,0.000000,0.000000,0.000000,0.000000,0.000000
0.000000,0.000000,0.000000,0.000000,0.000000,0.000000,0.000000,0.000000,0.000000,0.000000,0.000000,0.000000,1000.000177,1000.000289,1000.000390,1000.000488,1000.000584,1000.000666,1000.000721,1000.000734,1000.000708,1000.000661,1000.000606,1000.000552,1000.000503,1000.000456,1000.000410,1000.000365,1000.000323,1000.000282,1000.000243,1000.000206,1000.000170,1000.000137,1000.000106,1000.000076,1000.000048,1000.000022,999.999997,999.999975,999.999954,999.999935,999.999918,999.999903,999.999890,999.999878,999.999869,999.999861,999.999854,999.999850,999.999847,999.999846,999.999847,999.999850,999.999854,999.999861,999.999869,999.999878,999.999890,999.999903,999.999918,999.999935,999.999954,999.999975,999.999997,1000.000022,1000.000048,1000.000076,1000.000106,1000.000137,1000.000170,1000.000206,1000.000243,1000.000282,1000.000323,1000.000365,1000.000410,1000.000456,1000.000503,1000.000552,1000.000606,1000.000661,1000.000708,1000.000734,1000.000721,1000.000666,1000.000584,1000.000488,1000.000390,1000.000289,1000.000177,0.000000,0.000000,0.000000,0.000000,0.000000,0.000000,0.000000,0.000000,0.000000,0.000000,0.000000,0.000000
0.000000,0.000000,0.000000,0.000000,0.000000,0.000000,0.000000,0.000000,0.000000,0.000000,0.000000,1000.000152,1000.000267,1000.000370,1000.000471,1000.000572,1000.000660,1000.000718,1000.000734,1000.000708,1000.000661,1000.000605,1000.000549,1000.000498,1000.000449,1000.000401,1000.000354,1000.000310,1000.000268,1000.000227,1000.000188,1000.000151,1000.000116,1000.000082,1000.000051,1000.000021,999.999993,999.999967,999.999942,999.999920,999.999899,999.999880,999.999863,999.999848,999.999835,999.999823,999.999813,999.999805,999.999799,999.999795,999.999792,999.999791,999.999792,999.999795,999.999799,999.999805,999.999813,999.999823,999.999835,999.999848,999.999863,999.999880,999.999899,999.999920,999.999942,999.999967,999.999993,1000.000021,1000.000051,1000.000082,1000.000116,1000.000151,1000.000188,1000.000227,1000.000268,1000.000310,1000.000354,1000.000401,1000.000449,1000.000498,1000.000549,1000.000605,1000.000661,1000.000708,1000.000734,1000.000718,1000.000660,1000.000572,1000.000471,1000.000370,1000.000267,1000.000152,0.000000,0.000000,0.000000,0.000000,0.000000,0.000000,0.000000,0.000000,0.000000,0.000000,0.000000
0.000000,0.000000,0.000000,0.000000,0.000000,0.000000,0.000000,0.000000,0.000000,0.000000,0.000000,1000.000237,1000.000345,1000.000448,1000.000551,1000.000646,1000.000712,1000.000733,1000.000710,1000.000663,1000.000606,1000.000549,1000.000496,1000.000446,1000.000395,1000.000347,1000.000301,1000.000257,1000.000214,1000.000174,1000.000135,1000.000098,1000.000063,1000.000029,999.999997,999.999968,999.999940,999.999914,999.999889,999.999867,999.999846,999.999827,999.999810,999.999795,999.999781,999.999770,999.999760,999.999752,999.999746,999.999741,999.999739,999.999738,999.999739,999.999741,999.999746,999.999752,999.999760,999.999770,999.999781,999.999795,999.999810,999.999827,999.999846,999.999867,999.999889,999.999914,999.999940,999.999968,999.999997,1000.000029,1000.000063,1000.000098,1000.000135,1000.000174,1000.000214,1000.000257,1000.000301,1000.000347,1000.000395,1000.000446,1000.000496,1000.000549,1000.000606,1000.000663,1000.000710,1000.000733,1000.000712,1000.000646,1000.000551,1000.000448,1000.000345,1000.000237,0.000000,0.000000,0.000000,0.000000,0.000000,0.000000,0.000000,0.000000,0.000000,0.000000,0.000000
0.000000,0.000000,0.000000,0.000000,0.000000,0.000000,0.000000,0.000000,0.000000,0.000000,1000.000205,1000.000321,1000.000422,1000.000525,1000.000623,1000.000700,1000.000733,1000.000715,1000.000668,1000.000610,1000.000552,1000.000498,1000.000446,1000.000394,1000.000343,1000.000296,1000.000250,1000.000205,1000.000163,1000.000122,1000.000083,1000.000046,1000.000011,999.999978,999.999946,999.999916,999.999888,999.999862,999.999838,999.999815,999.999795,999.999776,999.999759,999.999743,999.999730,999.999718,999.999709,999.999701,999.999694,999.999690,999.999687,999.999686,999.999687,999.999690,999.999694,999.999701,999.999709,999.999718,999.999730,999.999743,999.999759,999.999776,999.999795,999.999815,999.999838,999.999862,999.999888,999.999916,999.999946,999.999978,1000.000011,1000.000046,1000.000083,1000.000122,1000.000163,1000.000205,1000.000250,1000.000296,1000.000343,1000.000394,1000.000446,1000.000498,1000.000552,1000.000610,1000.000668,1000.000715,1000.000733,1000.000700,1000.000623,1000.000525,1000.000422,1000.000321,1000.000205,0.000000,0.000000,0.000000,0.000000,0.000000,0.000000,0.000000,0.000000,0.000000,0.000000
0.000000,0.000000,0.000000,0.000000,0.000000,0.000000,0.000000,0.000000,0.000000,1000.000170,1000.000289,1000.000395,1000.000499,1000.000600,1000.000683,1000.000730,1000.000725,1000.000679,1000.000619,1000.000559,1000.000503,1000.000449,1000.000395,1000.000343,1000.000294,1000.000246,1000.000200,1000.000156,1000.000113,1000.000073,1000.000034,999.999997,999.999962,999.999928,999.999897,999.999867,999.999839,999.999813,999.999788,999.999766,999.999745,999.999726,999.999709,999.999694,999.999680,999.999669,999.999659,999.999651,999.999645,999.999640,999.999637,999.999637,999.999637,999.999640,999.999645,999.999651,999.999659,999.999669,999.999680,999.999694,999.999709,999.999726,999.999745,999.999766,999.999788,999.999813,999.999839,999.999867,999.999897,999.999928,999.999962,999.999997,1000.000034,1000.000073,1000.000113,1000.000156,1000.000200,1000.000246,1000.000294,1000.000343,1000.000395,1000.000449,1000.000503,1000.000559,1000.000619,1000.000679,1000.000725,1000.000730,1000.000683,1000.000600,1000.000499,1000.000395,1000.000289,1000.000170,0.000000,0.000000,0.000000,0.000000,0.000000,0.000000,0.000000,0.000000,0.000000
0.000000,0.000000,0.000000,0.000000,0.000000,0.000000,0.000000,0.000000,0.000000,1000.000247,1000.000360,1000.000468,1000.000575,1000.000665,1000.000723,1000.000732,1000.000695,1000.000635,1000.000571,1000.000512,1000.000456,1000.000401,1000.000347,1000.000296,1000.000246,1000.000198,1000.000152,1000.000108,1000.000066,1000.000025,999.999986,999.999949,999.999914,999.999880,999.999849,999.999819,999.999791,999.999765,999.999741,999.999718,999.999697,999.999678,999.999661,999.999646,999.999633,999.999621,999.999611,999.999603,999.999597,999.999592,999.999590,999.999589,999.999590,999.999592,999.999597,999.999603,999.999611,999.999621,999.999633,999.999646,999.999661,999.999678,999.999697,999.999718,999.999741,999.999765,999.999791,999.999819,999.999849,999.999880,999.999914,999.999949,999.999986,1000.000025,1000.000066,1000.000108,1000.000152,1000.000198,1000.000246,1000.000296,1000.000347,1000.000401,1000.000456,1000.000512,1000.000571,1000.000635,1000.000695,1000.000732,1000.000723,1000.000665,1000.000575,1000.000468,1000.000360,1000.000247,0.000000,0.000000,0.000000,0.000000,0.000000,0.000000,0.000000,0.000000,0.000000
0.000000,0.000000,0.000000,0.000000,0.000000,0.000000,0.000000,0.000000,1000.000198,1000.000320,1000.000429,1000.000540,1000.000642,1000.000712,1000.000733,1000.000707,1000.000652,1000.000588,1000.000525,1000.000467,1000.000410,1000.000354,1000.000301,1000.000250,1000.000200,1000.000152,1000.000106,1000.000062,1000.000019,999.999979,999.999940,999.999903,999.999868,999.999834,999.999803,999.999773,999.999745,999.999719,999.999695,999.999672,999.999651,999.999632,999.999615,999.999600,999.999587,999.999575,999.999565,999.999557,999.999551,999.999546,999.999543,999.999543,999.999543,999.999546,999.999551,999.999557,999.999565,999.999575,999.999587,999.999600,999.999615,999.999632,999.999651,999.999672,999.999695,999.999719,999.999745,999.999773,999.999803,999.999834,999.999868,999.999903,999.999940,999.999979,1000.000019,1000.000062,1000.000106,1000.000152,1000.000200,1000.000250,1000.000301,1000.000354,1000.000410,1000.000467,1000.000525,1000.000588,1000.000652,1000.000707,1000.000733,1000.000712,1000.000642,1000.000540,1000.000429,1000.000320,1000.000198,0.000000,0.000000,0.000000,0.000000,0.000000,0.000000,0.000000,0.000000
0.000000,0.000000,0.000000,0.000000,0.000000,0.000000,0.000000,0.000000,1000.000267,1000.000383,1000.000496,1000.000606,1000.000693,1000.000732,1000.000716,1000.000666,1000.000604,1000.000541,1000.000481,1000.000423,1000.000365,1000.000310,1000.000257,1000.000205,1000.000156,1000.000108,1000.000062,1000.000018,999.999975,999.999935,999.999896,999.999859,999.999824,999.999790,999.999759,999.999729,999.999701,999.999675,999.999650,999.999628,999.999607,999.999588,999.999571,999.999556,999.999542,999.999531,999.999521,999.999513,999.999506,999.999502,999.999499,999.999498,999.999499,999.999502,999.999506,999.999513,999.999521,999.999531,999.999542,999.999556,999.999571,999.999588,999.999607,999.999628,999.999650,999.999675,999.999701,999.999729,999.999759,999.999790,999.999824,999.999859,999.999896,999.999935,999.999975,1000.000018,1000.000062,1000.000108,1000.000156,1000.000205,1000.000257,1000.000310,1000.000365,1000.000423,1000.000481,1000.000541,1000.000604,1000.000666,1000.000716,1000.000732,1000.000693,1000.000606,1000.000496,1000.000383,1000.000267,0.000000,0.000000,0.000000,0.000000,0.000000,0.000000,0.000000,0.000000
0.000000,0.000000,0.000000,0.000000,0.000000,0.000000,0.000000,1000.000208,1000.000334,1000.000446,1000.000559,1000.000660,1000.000724,1000.000728,1000.000685,1000.000623,1000.000559,1000.000498,1000.000439,1000.000380,1000.000323,1000.000268,1000.000214,1000.000163,1000.000113,1000.000066,1000.000019,999.999975,999.999933,999.999892,999.999853,999.999816,999.999781,999.999748,999.999716,999.999686,999.999658,999.999632,999.999608,999.999585,999.999565,999.999546,999.999529,999.999513,999.999500,999.999488,999.999478,999.999470,999.999464,999.999459,999.999457,999.999456,999.999457,999.999459,999.999464,999.999470,999.999478,999.999488,999.999500,999.999513,999.999529,999.999546,999.999565,999.999585,999.999608,999.999632,999.999658,999.999686,999.999716,999.999748,999.999781,999.999816,999.999853,999.999892,999.999933,999.999975,1000.000019,1000.000066,1000.000113,1000.000163,1000.000214,1000.000268,1000.000323,1000.000380,1000.000439,1000.000498,1000.000559,1000.000623,1000.000685,1000.000728,1000.000724,1000.000660,1000.000559,1000.000446,1000.000334,1000.000208,0.000000,0.000000,0.000000,0.000000,0.000000,0.000000,0.000000
0.000000,0.000000,0.000000,0.000000,0.000000,0.000000,0.000000,1000.000273,1000.000392,1000.000506,1000.000617,1000.000702,1000.000735,1000.000708,1000.000648,1000.000581,1000.000518,1000.000458,1000.000397,1000.000338,1000.000282,1000.000227,1000.000174,1000.000122,1000.000073,1000.000025,999.999979,999.999935,999.999892,999.999852,999.999813,999.999776,999.999741,999.999707,999.999676,999.999646,999.999618,999.999592,999.999567,999.999545,999.999524,999.999505,999.999488,999.999473,999.999459,999.999448,999.999438,999.999430,999.999423,999.999419,999.999416,999.999415,999.999416,999.999419,999.999423,999.999430,999.999438,999.999448,999.999459,999.999473,999.999488,999.999505,999.999524,999.999545,999.999567,999.999592,999.999618,999.999646,999.999676,999.999707,999.999741,999.999776,999.999813,999.999852,999.999892,999.999935,999.999979,1000.000025,1000.000073,1000.000122,1000.000174,1000.000227,1000.000282,1000.000338,1000.000397,1000.000458,1000.000518,1000.000581,1000.000648,1000.000708,1000.000735,1000.000702,1000.000617,1000.000506,1000.000392,1000.000273,0.000000,0.000000,0.000000,0.000000,0.000000,0.000000,0.000000
0.000000,0.000000,0.000000,0.000000,0.000000,0.000000,1000.000209,1000.000336,1000.000450,1000.000565,1000.000666,1000.000728,1000.000728,1000.000678,1000.000610,1000.000543,1000.000481,1000.000418,1000.000358,1000.000300,1000.000243,1000.000188,1000.000135,1000.000083,1000.000034,999.999986,999.999940,999.999896,999.999853,999.999813,999.999774,999.999737,999.999702,999.999668,999.999637,999.999607,999.999579,999.999553,999.999529,999.999506,999.999485,999.999466,999.999449,999.999434,999.999420,999.999409,999.999399,999.999391,999.999384,999.999380,999.999377,999.999376,999.999377,999.999380,999.999384,999.999391,999.999399,999.999409,999.999420,999.999434,999.999449,999.999466,999.999485,999.999506,999.999529,999.999553,999.999579,999.999607,999.999637,999.999668,999.999702,999.999737,999.999774,999.999813,999.999853,999.999896,999.999940,999.999986,1000.000034,1000.000083,1000.000135,1000.000188,1000.000243,1000.000300,1000.000358,1000.000418,1000.000481,1000.000543,1000.000610,1000.000678,1000.000728,1000.000728,1000.000666,1000.000565,1000.000450,1000.000336,1000.000209,0.000000,0.000000,0.000000,0.000000,0.000000,0.000000
0.000000,0.000000,0.000000,0.000000,0.000000,0.000000,1000.000269,1000.000390,1000.000506,1000.000618,1000.000704,1000.000736,1000.000706,1000.000643,1000.000573,1000.000507,1000.000444,1000.000381,1000.000321,1000.000263,1000.000206,1000.000151,1000.000098,1000.000046,999.999997,999.999949,999.999903,999.999859,999.999816,999.999776,999.999737,999.999700,999.999665,999.999631,999.999600,999.999570,999.999542,999.999516,999.999492,999.999469,999.999448,999.999429,999.999412,999.999397,999.999383,999.999372,999.999362,999.999354,999.999347,999.999343,999.999340,999.999339,999.999340,999.999343,999.999347,999.999354,999.999362,999.999372,999.999383,999.999397,999.999412,999.999429,999.999448,999.999469,999.999492,999.999516,999.999542,999.999570,999.999600,999.999631,999.999665,999.999700,999.999737,999.999776,999.999816,999.999859,999.999903,999.999949,999.999997,1000.000046,1000.000098,1000.000151,1000.000206,1000.000263,1000.000321,1000.000381,1000.000444,1000.000507,1000.000573,1000.000643,1000.000706,1000.000736,1000.000704,1000.000618,1000.000506,1000.000390,1000.000269,0.000000,0.000000,0.000000,0.000000,0.000000,0.000000
0.000000,0.000000,0.000000,0.000000,0.000000,1000.000200,1000.000328,1000.000444,1000.000561,1000.000665,1000.000728,1000.000728,1000.000677,1000.000607,1000.000538,1000.000473,1000.000408,1000.000346,1000.000286,1000.000227,1000.000170,1000.000116,1000.000063,1000.000011,999.999962,999.999914,999.999868,999.999824,999.999781,999.999741,999.999702,999.999665,999.999630,999.999596,999.999565,999.999535,999.999507,999.999481,999.999456,999.999434,999.999413,999.999394,999.999377,999.999362,999.999348,999.999337,999.999327,999.999319,999.999312,999.999308,999.999305,999.999304,999.999305,999.999308,999.999312,999.999319,999.999327,999.999337,999.999348,999.999362,999.999377,999.999394,999.999413,999.999434,999.999456,999.999481,999.999507,999.999535,999.999565,999.999596,999.999630,999.999665,999.999702,999.999741,999.999781,999.999824,999.999868,999.999914,999.999962,1000.000011,1000.000063,1000.000116,1000.000170,1000.000227,1000.000286,1000.000346,1000.000408,1000.000473,1000.000538,1000.000607,1000.000677,1000.000728,1000.000728,1000.000665,1000.000561,1000.000444,1000.000328,1000.000200,0.000000,0.000000,0.000000,0.000000,0.000000
0.000000,0.000000,0.000000,0.000000,0.000000,1000.000254,1000.000377,1000.000496,1000.000612,1000.000701,1000.000735,1000.000707,1000.000644,1000.000572,1000.000505,1000.000439,1000.000375,1000.000313,1000.000252,1000.000194,1000.000137,1000.000082,1000.000029,999.999978,999.999928,999.999880,999.999834,999.999790,999.999748,999.999707,999.999668,999.999631,999.999596,999.999563,999.999531,999.999502,999.999474,999.999447,999.999423,999.999401,999.999380,999.999361,999.999344,999.999328,999.999315,999.999303,999.999293,999.999285,999.999279,999.999274,999.999272,999.999271,999.999272,999.999274,999.999279,999.999285,999.999293,999.999303,999.999315,999.999328,999.999344,999.999361,999.999380,999.999401,999.999423,999.999447,999.999474,999.999502,999.999531,999.999563,999.999596,999.999631,999.999668,999.999707,999.999748,999.999790,999.999834,999.999880,999.999928,999.999978,1000.000029,1000.000082,1000.000137,1000.000194,1000.000252,1000.000313,1000.000375,1000.000439,1000.000505,1000.000572,1000.000644,1000.000707,1000.000735,1000.000701,1000.000612,1000.000496,1000.000377,1000.000254,0.000000,0.000000,0.000000,0.000000,0.000000
0.000000,0.000000,0.000000,0.000000,1000.000175,1000.000305,1000.000425,1000.000546,1000.000655,1000.000724,1000.000728,1000.000679,1000.000610,1000.000540,1000.000473,1000.000407,1000.000343,1000.000281,1000.000221,1000.000162,1000.000106,1000.000051,999.999997,999.999946,999.999897,999.999849,999.999803,999.999759,999.999716,999.999676,999.999637,999.999600,999.999565,999.999531,999.999500,999.999470,999.999442,999.999416,999.999391,999.999369,999.999348,999.999329,999.999312,999.999297,999.999283,999.999272,999.999262,999.999254,999.999247,999.999243,999.999240,999.999239,999.999240,999.999243,999.999247,999.999254,999.999262,999.999272,999.999283,999.999297,999.999312,999.999329,999.999348,999.999369,999.999391,999.999416,999.999442,999.999470,999.999500,999.999531,999.999565,999.999600,999.999637,999.999676,999.999716,999.999759,999.999803,999.999849,999.999897,999.999946,999.999997,1000.000051,1000.000106,1000.000162,1000.000221,1000.000281,1000.000343,1000.000407,1000.000473,1000.000540,1000.000610,1000.000679,1000.000728,1000.000724,1000.000655,1000.000546,1000.000425,1000.000305,1000.000175,0.000000,0.000000,0.000000,0.000000
0.000000,0.000000,0.000000,0.000000,1000.000223,1000.000348,1000.000469,1000.000590,1000.000689,1000.000733,1000.000711,1000.000649,1000.000578,1000.000510,1000.000443,1000.000377,1000.000313,1000.000251,1000.000191,1000.000132,1000.000076,1000.000021,999.999968,999.999916,999.999867,999.999819,999.999773,999.999729,999.999686,999.999646,999.999607,999.999570,999.999535,999.999502,999.999470,999.999440,999.999412,999.999386,999.999362,999.999339,999.999318,999.999299,999.999282,999.999267,999.999254,999.999242,999.999232,999.999224,999.999217,999.999213,999.999210,999.999209,999.999210,999.999213,999.999217,999.999224,999.999232,999.999242,999.999254,999.999267,999.999282,999.999299,999.999318,999.999339,999.999362,999.999386,999.999412,999.999440,999.999470,999.999502,999.999535,999.999570,999.999607,999.999646,999.999686,999.999729,999.999773,999.999819,999.999867,999.999916,999.999968,1000.000021,1000.000076,1000.000132,1000.000191,1000.000251,1000.000313,1000.000377,1000.000443,1000.000510,1000.000578,1000.000649,1000.000711,1000.000733,1000.000689,1000.000590,1000.000469,1000.000348,1000.000223,0.000000,0.000000,0.000000,0.000000
