0.000000,0.000000,0.000000,0.000000,0.000000,0.000000,0.000000,0.000000,0.000000,0.000000,0.000000,0.000000,0.000000,0.000000,0.000000,0.000000,0.000000,0.000000,0.000000,0.000000,0.000000,0.000000,0.000000,0.000000,0.000000,0.000000,0.000000,0.000000,0.000000,0.000000,0.000000,0.000000,0.000000,0.000000,0.000000,0.000000,0.000000,0.000000,0.000000,0.000000,0.000000,0.000000,0.000000,0.000000,0.000000,0.000000,0.000000,0.000000,0.000000,0.000000,0.000000,0.000000,0.000000,0.000000,0.000000,0.000000,0.000000,0.000000,0.000000,0.000000,0.000000,0.000000,0.000000,0.000000,0.000000,0.000000,0.000000,0.000000,0.000000,0.000000,0.000000,0.000000,0.000000,0.000000,0.000000,0.000000,0.000000,0.000000,0.000000,0.000000,0.000000,0.000000,0.000000,0.000000,0.000000,0.000000,0.000000,0.000000,0.000000,0.000000,0.000000,0.000000,0.000000,0.000000,0.000000,0.000000,0.000000,0.000000,0.000000,0.000000,0.000000,0.000000,0.000000
0.000000,0.000000,0.000000,0.000000,0.000000,0.000000,0.000000,0.000000,0.000000,0.000000,0.000000,0.000000,0.000000,0.000000,0.000000,0.000000,0.000000,0.000000,0.000000,0.000000,0.000000,0.000000,0.000000,0.000000,0.000000,0.000000,0.000000,0.000000,0.000000,0.000000,0.000000,0.000000,0.000000,0.000000,0.000000,0.000000,0.000000,0.000000,0.000000,0.000000,0.000000,0.000000,0.000000,0.000000,0.000000,0.000000,0.000000,0.000000,0.000000,0.000000,0.000000,1000.000092,0.000000,0.000000,0.000000,0.000000,0.000000,0.000000,0.000000,0.000000,0.000000,0.000000,0.000000,0.000000,0.000000,0.000000,0.000000,0.000000,0.000000,0.000000,0.000000,0.000000,0.000000,0.000000,0.000000,0.000000,0.000000,0.000000,0.000000,0.000000,0.000000,0.000000,0.000000,0.000000,0.000000,0.000000,0.000000,0.000000,0.000000,0.000000,0.000000,0.000000,0.000000,0.000000,0.000000,0.000000,0.000000,0.000000,0.000000,0.000000,0.000000,0.000000,0.000000
0.000000,0.000000,0.000000,0.000000,0.000000,0.000000,0.000000,0.000000,0.000000,0.000000,0.000000,0.000000,0.000000,0.000000,0.000000,0.000000,0.000000,0.000000,0.000000,0.000000,0.000000,0.000000,0.000000,0.000000,0.000000,0.000000,0.000000,0.000000,0.000000,0.000000,0.000000,0.000000,0.000000,0.000000,0.000000,0.000000,0.000000,0.000000,0.000000,0.000000,0.000000,0.000000,1000.000167,1000.000195,1000.000209,1000.000216,1000.000220,1000.000221,1000.000221,1000.000220,1000.000219,1000.000226,1000.000219,1000.000220,1000.000221,1000.000221,1000.000220,1000.000216,1000.000209,1000.000195,1000.000167,0.000000,0.000000,0.000000,0.000000,0.000000,0.000000,0.000000,0.000000,0.000000,0.000000,0.000000,0.000000,0.000000,0.000000,0.000000,0.000000,0.000000,0.000000,0.000000,0.000000,0.000000,0.000000,0.000000,0.000000,0.000000,0.000000,0.000000,0.000000,0.000000,0.000000,0.000000,0.000000,0.000000,0.000000,0.000000,0.000000,0.000000,0.000000,0.000000,0.000000,0.000000,0.000000
0.000000,0.000000,0.000000,0.000000,0.000000,0.000000,0.000000,0.000000,0.000000,0.000000,0.000000,0.000000,0.000000,0.000000,0.000000,0.000000,0.000000,0.000000,0.000000,0.000000,0.000000,0.000000,0.000000,0.000000,0.000000,0.000000,0.000000,0.000000,0.000000,0.000000,0.000000,0.000000,0.000000,0.000000,0.000000,0.000000,0.000000,1000.000161,1000.000201,1000.000233,1000.000259,1000.000281,1000.000300,1000.000317,1000.000331,1000.000340,1000.000346,1000.000348,1000.000349,1000.000350,1000.000349,1000.000350,1000.000349,1000.000350,1000.000349,1000.000348,1000.000346,1000.000340,1000.000331,1000.000317,1000.000300,1000.000281,1000.000259,1000.000233,1000.000201,1000.000161,0.000000,0.000000,0.000000,0.000000,0.000000,0.000000,0.000000,0.000000,0.000000,0.000000,0.000000,0.000000,0.000000,0.000000,0.000000,0.000000,0.000000,0.000000,0.000000,0.000000,0.000000,0.000000,0.000000,0.000000,0.000000,0.000000,0.000000,0.000000,0.000000,0.000000,0.000000,0.000000,0.000000,0.000000,0.000000,0.000000,0.000000
0.000000,0.000000,0.000000,0.000000,0.000000,0.000000,0.000000,0.000000,0.000000,0.000000,0.000000,0.000000,0.000000,0.000000,0.000000,0.000000,0.000000,0.000000,0.000000,0.000000,0.000000,0.000000,0.000000,0.000000,0.000000,0.000000,0.000000,0.000000,0.000000,0.000000,0.000000,0.000000,0.000000,0.000000,1000.000168,1000.000214,1000.000252,1000.000290,1000.000323,1000.000353,1000.000381,1000.000404,1000.000425,1000.000443,1000.000455,1000.000464,1000.000469,1000.000471,1000.000473,1000.000474,1000.000474,1000.000474,1000.000474,1000.000474,1000.000473,1000.000471,1000.000469,1000.000464,1000.000455,1000.000443,1000.000425,1000.000404,1000.000381,1000.000353,1000.000323,1000.000290,1000.000252,1000.000214,1000.000168,0.000000,0.000000,0.000000,0.000000,0.000000,0.000000,0.000000,0.000000,0.000000,0.000000,0.000000,0.000000,0.000000,0.000000,0.000000,0.000000,0.000000,0.000000,0.000000,0.000000,0.000000,0.000000,0.000000,0.000000,0.000000,0.000000,0.000000,0.000000,0.000000,0.000000,0.000000,0.000000,0.000000,0.000000
0.000000,0.000000,0.000000,0.000000,0.000000,0.000000,0.000000,0.000000,0.000000,0.000000,0.000000,0.000000,0.000000,0.000000,0.000000,0.000000,0.000000,0.000000,0.000000,0.000000,0.000000,0.000000,0.000000,0.000000,0.000000,0.000000,0.000000,0.000000,0.000000,0.000000,0.000000,0.000000,1000.000192,1000.000244,1000.000293,1000.000334,1000.000372,1000.000409,1000.000442,1000.000472,1000.000500,1000.000525,1000.000548,1000.000566,1000.000577,1000.000584,1000.000587,1000.000589,1000.000590,1000.000591,1000.000591,1000.000591,1000.000591,1000.000591,1000.000590,1000.000589,1000.000587,1000.000584,1000.000577,1000.000566,1000.000548,1000.000525,1000.000500,1000.000472,1000.000442,1000.000409,1000.000372,1000.000334,1000.000293,1000.000244,1000.000192,0.000000,0.000000,0.000000,0.000000,0.000000,0.000000,0.000000,0.000000,0.000000,0.000000,0.000000,0.000000,0.000000,0.000000,0.000000,0.000000,0.000000,0.000000,0.000000,0.000000,0.000000,0.000000,0.000000,0.000000,0.000000,0.000000,0.000000,0.000000,0.000000,0.000000,0.000000,0.000000
0.000000,0.000000,0.000000,0.000000,0.000000,0.000000,0.000000,0.000000,0.000000,0.000000,0.000000,0.000000,0.000000,0.000000,0.000000,0.000000,0.000000,0.000000,0.000000,0.000000,0.000000,0.000000,0.000000,0.000000,0.000000,0.000000,0.000000,0.000000,0.000000,0.000000,1000.000201,1000.000259,1000.000315,1000.000362,1000.000408,1000.000450,1000.000491,1000.000528,1000.000561,1000.000588,1000.000612,1000.000633,1000.000652,1000.000664,1000.000671,1000.000674,1000.000676,1000.000677,1000.000677,1000.000677,1000.000677,1000.000677,1000.000677,1000.000677,1000.000677,1000.000677,1000.000676,1000.000674,1000.000671,1000.000664,1000.000652,1000.000633,1000.000612,1000.000588,1000.000561,1000.000528,1000.000491,1000.000450,1000.000408,1000.000362,1000.000315,1000.000259,1000.000201,0.000000,0.000000,0.000000,0.000000,0.000000,0.000000,0.000000,0.000000,0.000000,0.000000,0.000000,0.000000,0.000000,0.000000,0.000000,0.000000,0.000000,0.000000,0.000000,0.000000,0.000000,0.000000,0.000000,0.000000,0.000000,0.000000,0.000000,0.000000,0.000000,0.000000
0.000000,0.000000,0.000000,0.000000,0.000000,0.000000,0.000000,0.000000,0.000000,0.000000,0.000000,0.000000,0.000000,0.000000,0.000000,0.000000,0.000000,0.000000,0.000000,0.000000,0.000000,0.000000,0.000000,0.000000,0.000000,0.000000,0.000000,0.000000,1000.000200,1000.000263,1000.000323,1000.000375,1000.000427,1000.000477,1000.000524,1000.000567,1000.000603,1000.000635,1000.000660,1000.000677,1000.000689,1000.000697,1000.000699,1000.000698,1000.000696,1000.000695,1000.000694,1000.000693,1000.000692,1000.000692,1000.000691,1000.000691,1000.000691,1000.000692,1000.000692,1000.000693,1000.000694,1000.000695,1000.000696,1000.000698,1000.000699,1000.000697,1000.000689,1000.000677,1000.000660,1000.000635,1000.000603,1000.000567,1000.000524,1000.000477,1000.000427,1000.000375,1000.000323,1000.000263,1000.000200,0.000000,0.000000,0.000000,0.000000,0.000000,0.000000,0.000000,0.000000,0.000000,0.000000,0.000000,0.000000,0.000000,0.000000,0.000000,0.000000,0.000000,0.000000,0.000000,0.000000,0.000000,0.000000,0.000000,0.000000,0.000000,0.000000,0.000000,0.000000
0.000000,0.000000,0.000000,0.000000,0.000000,0.000000,0.000000,0.000000,0.000000,0.000000,0.000000,0.000000,0.000000,0.000000,0.000000,0.000000,0.000000,0.000000,0.000000,0.000000,0.000000,0.000000,0.000000,0.000000,0.000000,0.000000,1000.000190,1000.000257,1000.000320,1000.000377,1000.000432,1000.000486,1000.000539,1000.000588,1000.000630,1000.000663,1000.000685,1000.000699,1000.000705,1000.000703,1000.000699,1000.000690,1000.000676,1000.000663,1000.000654,1000.000648,1000.000645,1000.000642,1000.000640,1000.000639,1000.000638,1000.000638,1000.000638,1000.000639,1000.000640,1000.000642,1000.000645,1000.000648,1000.000654,1000.000663,1000.000676,1000.000690,1000.000699,1000.000703,1000.000705,1000.000699,1000.000685,1000.000663,1000.000630,1000.000588,1000.000539,1000.000486,1000.000432,1000.000377,1000.000320,1000.000257,1000.000190,0.000000,0.000000,0.000000,0.000000,0.000000,0.000000,0.000000,0.000000,0.000000,0.000000,0.000000,0.000000,0.000000,0.000000,0.000000,0.000000,0.000000,0.000000,0.000000,0.000000,0.000000,0.000000,0.000000,0.000000,0.000000,0.000000
0.000000,0.000000,0.000000,0.000000,0.000000,0.000000,0.000000,0.000000,0.000000,0.000000,0.000000,0.000000,0.000000,0.000000,0.000000,0.000000,0.000000,0.000000,0.000000,0.000000,0.000000,0.000000,0.000000,0.000000,1000.000163,1000.000237,1000.000307,1000.000368,1000.000428,1000.000486,1000.000542,1000.000594,1000.000639,1000.000674,1000.000697,1000.000705,1000.000704,1000.000695,1000.000680,1000.000664,1000.000648,1000.000631,1000.000613,1000.000597,1000.000585,1000.000577,1000.000572,1000.000568,1000.000565,1000.000563,1000.000562,1000.000561,1000.000562,1000.000563,1000.000565,1000.000568,1000.000572,1000.000577,1000.000585,1000.000597,1000.000613,1000.000631,1000.000648,1000.000664,1000.000680,1000.000695,1000.000704,1000.000705,1000.000697,1000.000674,1000.000639,1000.000594,1000.000542,1000.000486,1000.000428,1000.000368,1000.000307,1000.000237,1000.000163,0.000000,0.000000,0.000000,0.000000,0.000000,0.000000,0.000000,0.000000,0.000000,0.000000,0.000000,0.000000,0.000000,0.000000,0.000000,0.000000,0.000000,0.000000,0.000000,0.000000,0.000000,0.000000,0.000000,0.000000
0.000000,0.000000,0.000000,0.000000,0.000000,0.000000,0.000000,0.000000,0.000000,0.000000,0.000000,0.000000,0.000000,0.000000,0.000000,0.000000,0.000000,0.000000,0.000000,0.000000,0.000000,0.000000,0.000000,1000.000197,1000.000277,1000.000346,1000.000413,1000.000476,1000.000537,1000.000593,1000.000640,1000.000677,1000.000700,1000.000707,1000.000700,1000.000683,1000.000663,1000.000640,1000.000618,1000.000596,1000.000577,1000.000559,1000.000542,1000.000527,1000.000515,1000.000506,1000.000499,1000.000494,1000.000490,1000.000488,1000.000486,1000.000486,1000.000486,1000.000488,1000.000490,1000.000494,1000.000499,1000.000506,1000.000515,1000.000527,1000.000542,1000.000559,1000.000577,1000.000596,1000.000618,1000.000640,1000.000663,1000.000683,1000.000700,1000.000707,1000.000700,1000.000677,1000.000640,1000.000593,1000.000537,1000.000476,1000.000413,1000.000346,1000.000277,1000.000197,0.000000,0.000000,0.000000,0.000000,0.000000,0.000000,0.000000,0.000000,0.000000,0.000000,0.000000,0.000000,0.000000,0.000000,0.000000,0.000000,0.000000,0.000000,0.000000,0.000000,0.000000,0.000000,0.000000
0.000000,0.000000,0.000000,0.000000,0.000000,0.000000,0.000000,0.000000,0.000000,0.000000,0.000000,0.000000,0.000000,0.000000,0.000000,0.000000,0.000000,0.000000,0.000000,0.000000,0.000000,1000.000146,1000.000228,1000.000308,1000.000379,1000.000450,1000.000519,1000.000582,1000.000635,1000.000675,1000.000700,1000.000708,1000.000700,1000.000680,1000.000653,1000.000624,1000.000596,1000.000571,1000.000548,1000.000526,1000.000507,1000.000489,1000.000473,1000.000459,1000.000447,1000.000437,1000.000429,1000.000423,1000.000419,1000.000416,1000.000414,1000.000413,1000.000414,1000.000416,1000.000419,1000.000423,1000.000429,1000.000437,1000.000447,1000.000459,1000.000473,1000.000489,1000.000507,1000.000526,1000.000548,1000.000571,1000.000596,1000.000624,1000.000653,1000.000680,1000.000700,1000.000708,1000.000700,1000.000675,1000.000635,1000.000582,1000.000519,1000.000450,1000.000379,1000.000308,1000.000228,1000.000146,0.000000,0.000000,0.000000,0.000000,0.000000,0.000000,0.000000,0.000000,0.000000,0.000000,0.000000,0.000000,0.000000,0.000000,0.000000,0.000000,0.000000,0.000000,0.000000,0.000000,0.000000
0.000000,0.000000,0.000000,0.000000,0.000000,0.000000,0.000000,0.000000,0.000000,0.000000,0.000000,0.000000,0.000000,0.000000,0.000000,0.000000,0.000000,0.000000,0.000000,0.000000,1000.000170,1000.000257,1000.000332,1000.000406,1000.000479,1000.000553,1000.000617,1000.000667,1000.000696,1000.000707,1000.000700,1000.000679,1000.000651,1000.000618,1000.000586,1000.000555,1000.000528,1000.000503,1000.000480,1000.000459,1000.000439,1000.000421,1000.000405,1000.000391,1000.000379,1000.000369,1000.000360,1000.000354,1000.000349,1000.000346,1000.000344,1000.000343,1000.000344,1000.000346,1000.000349,1000.000354,1000.000360,1000.000369,1000.000379,1000.000391,1000.000405,1000.000421,1000.000439,1000.000459,1000.000480,1000.000503,1000.000528,1000.000555,1000.000586,1000.000618,1000.000651,1000.000679,1000.000700,1000.000707,1000.000696,1000.000667,1000.000617,1000.000553,1000.000479,1000.000406,1000.000332,1000.000257,1000.000170,0.000000,0.000000,0.000000,0.000000,0.000000,0.000000,0.000000,0.000000,0.000000,0.000000,0.000000,0.000000,0.000000,0.000000,0.000000,0.000000,0.000000,0.000000,0.000000,0.000000
0.000000,0.000000,0.000000,0.000000,0.000000,0.000000,0.000000,0.000000,0.000000,0.000000,0.000000,0.000000,0.000000,0.000000,0.000000,0.000000,0.000000,0.000000,0.000000,1000.000189,1000.000278,1000.000356,1000.000430,1000.000505,1000.000576,1000.000640,1000.000685,1000.000704,1000.000700,1000.000681,1000.000652,1000.000618,1000.000583,1000.000550,1000.000519,1000.000490,1000.000463,1000.000437,1000.000414,1000.000392,1000.000373,1000.000355,1000.000339,1000.000325,1000.000312,1000.000302,1000.000294,1000.000287,1000.000281,1000.000278,1000.000276,1000.000275,1000.000276,1000.000278,1000.000281,1000.000287,1000.000294,1000.000302,1000.000312,1000.000325,1000.000339,1000.000355,1000.000373,1000.000392,1000.000414,1000.000437,1000.000463,1000.000490,1000.000519,1000.000550,1000.000583,1000.000618,1000.000652,1000.000681,1000.000700,1000.000704,1000.000685,1000.000640,1000.000576,1000.000505,1000.000430,1000.000356,1000.000278,1000.000189,0.000000,0.000000,0.000000,0.000000,0.000000,0.000000,0.000000,0.000000,0.000000,0.000000,0.000000,0.000000,0.000000,0.000000,0.000000,0.000000,0.000000,0.000000,0.000000
0.000000,0.000000,0.000000,0.000000,0.000000,0.000000,0.000000,0.000000,0.000000,0.000000,0.000000,0.000000,0.000000,0.000000,0.000000,0.000000,0.000000,0.000000,1000.000201,1000.000293,1000.000374,1000.000453,1000.000530,1000.000599,1000.000656,1000.000695,1000.000705,1000.000688,1000.000658,1000.000623,1000.000586,1000.000551,1000.000517,1000.000485,1000.000454,1000.000426,1000.000398,1000.000373,1000.000349,1000.000328,1000.000308,1000.000290,1000.000274,1000.000260,1000.000248,1000.000237,1000.000228,1000.000221,1000.000216,1000.000212,1000.000210,1000.000209,1000.000210,1000.000212,1000.000216,1000.000221,1000.000228,1000.000237,1000.000248,1000.000260,1000.000274,1000.000290,1000.000308,1000.000328,1000.000349,1000.000373,1000.000398,1000.000426,1000.000454,1000.000485,1000.000517,1000.000551,1000.000586,1000.000623,1000.000658,1000.000688,1000.000705,1000.000695,1000.000656,1000.000599,1000.000530,1000.000453,1000.000374,1000.000293,1000.000201,0.000000,0.000000,0.000000,0.000000,0.000000,0.000000,0.000000,0.000000,0.000000,0.000000,0.000000,0.000000,0.000000,0.000000,0.000000,0.000000,0.000000,0.000000
0.000000,0.000000,0.000000,0.000000,0.000000,0.000000,0.000000,0.000000,0.000000,0.000000,0.000000,0.000000,0.000000,0.000000,0.000000,0.000000,0.000000,1000.000207,1000.000302,1000.000386,1000.000469,1000.000550,1000.000621,1000.000673,1000.000702,1000.000704,1000.000679,1000.000640,1000.000598,1000.000559,1000.000522,1000.000487,1000.000454,1000.000422,1000.000391,1000.000362,1000.000335,1000.000310,1000.000287,1000.000265,1000.000245,1000.000227,1000.000211,1000.000197,1000.000184,1000.000174,1000.000165,1000.000158,1000.000152,1000.000148,1000.000146,1000.000145,1000.000146,1000.000148,1000.000152,1000.000158,1000.000165,1000.000174,1000.000184,1000.000197,1000.000211,1000.000227,1000.000245,1000.000265,1000.000287,1000.000310,1000.000335,1000.000362,1000.000391,1000.000422,1000.000454,1000.000487,1000.000522,1000.000559,1000.000598,1000.000640,1000.000679,1000.000704,1000.000702,1000.000673,1000.000621,1000.000550,1000.000469,1000.000386,1000.000302,1000.000207,0.000000,0.000000,0.000000,0.000000,0.000000,0.000000,0.000000,0.000000,0.000000,0.000000,0.000000,0.000000,0.000000,0.000000,0.000000,0.000000,0.000000
0.000000,0.000000,0.000000,0.000000,0.000000,0.000000,0.000000,0.000000,0.000000,0.000000,0.000000,0.000000,0.000000,0.000000,0.000000,0.000000,1000.000209,1000.000307,1000.000393,1000.000478,1000.000561,1000.000634,1000.000685,1000.000705,1000.000697,1000.000669,1000.000627,1000.000581,1000.000537,1000.000498,1000.000462,1000.000426,1000.000392,1000.000360,1000.000330,1000.000301,1000.000274,1000.000249,1000.000225,1000.000204,1000.000184,1000.000166,1000.000150,1000.000136,1000.000123,1000.000112,1000.000103,1000.000096,1000.000090,1000.000086,1000.000083,1000.000083,1000.000083,1000.000086,1000.000090,1000.000096,1000.000103,1000.000112,1000.000123,1000.000136,1000.000150,1000.000166,1000.000184,1000.000204,1000.000225,1000.000249,1000.000274,1000.000301,1000.000330,1000.000360,1000.000392,1000.000426,1000.000462,1000.000498,1000.000537,1000.000581,1000.000627,1000.000669,1000.000697,1000.000705,1000.000685,1000.000634,1000.000561,1000.000478,1000.000393,1000.000307,1000.000209,0.000000,0.000000,0.000000,0.000000,0.000000,0.000000,0.000000,0.000000,0.000000,0.000000,0.000000,0.000000,0.000000,0.000000,0.000000,0.000000
0.000000,0.000000,0.000000,0.000000,0.000000,0.000000,0.000000,0.000000,0.000000,0.000000,0.000000,0.000000,0.000000,0.000000,0.000000,1000.000207,1000.000307,1000.000395,1000.000481,1000.000567,1000.000640,1000.000691,1000.000705,1000.000688,1000.000653,1000.000611,1000.000565,1000.000520,1000.000479,1000.000440,1000.000402,1000.000366,1000.000332,1000.000300,1000.000270,1000.000241,1000.000214,1000.000189,1000.000166,1000.000144,1000.000124,1000.000106,1000.000090,1000.000076,1000.000063,1000.000052,1000.000043,1000.000036,1000.000030,1000.000026,1000.000023,1000.000022,1000.000023,1000.000026,1000.000030,1000.000036,1000.000043,1000.000052,1000.000063,1000.000076,1000.000090,1000.000106,1000.000124,1000.000144,1000.000166,1000.000189,1000.000214,1000.000241,1000.000270,1000.000300,1000.000332,1000.000366,1000.000402,1000.000440,1000.000479,1000.000520,1000.000565,1000.000611,1000.000653,1000.000688,1000.000705,1000.000691,1000.000640,1000.000567,1000.000481,1000.000395,1000.000307,1000.000207,0.000000,0.000000,0.000000,0.000000,0.000000,0.000000,0.000000,0.000000,0.000000,0.000000,0.000000,0.000000,0.000000,0.000000,0.000000
0.000000,0.000000,0.000000,0.000000,0.000000,0.000000,0.000000,0.000000,0.000000,0.000000,0.000000,0.000000,0.000000,0.000000,1000.000201,1000.000302,1000.000393,1000.000481,1000.000568,1000.000643,1000.000693,1000.000705,1000.000683,1000.000642,1000.000595,1000.000549,1000.000505,1000.000462,1000.000422,1000.000382,1000.000344,1000.000308,1000.000275,1000.000242,1000.000212,1000.000183,1000.000156,1000.000131,1000.000108,1000.000086,1000.000067,1000.000049,1000.000032,1000.000018,1000.000005,999.999994,999.999985,999.999977,999.999971,999.999967,999.999965,999.999964,999.999965,999.999967,999.999971,999.999977,999.999985,999.999994,1000.000005,1000.000018,1000.000032,1000.000049,1000.000067,1000.000086,1000.000108,1000.000131,1000.000156,1000.000183,1000.000212,1000.000242,1000.000275,1000.000308,1000.000344,1000.000382,1000.000422,1000.000462,1000.000505,1000.000549,1000.000595,1000.000642,1000.000683,1000.000705,1000.000693,1000.000643,1000.000568,1000.000481,1000.000393,1000.000302,1000.000201,0.000000,0.000000,0.000000,0.000000,0.000000,0.000000,0.000000,0.000000,0.000000,0.000000,0.000000,0.000000,0.000000,0.000000
0.000000,0.000000,0.000000,0.000000,0.000000,0.000000,0.000000,0.000000,0.000000,0.000000,0.000000,0.000000,0.000000,1000.000189,1000.000293,1000.000386,1000.000478,1000.000567,1000.000643,1000.000694,1000.000706,1000.000681,1000.000637,1000.000586,1000.000537,1000.000492,1000.000449,1000.000406,1000.000365,1000.000325,1000.000288,1000.000252,1000.000218,1000.000186,1000.000156,1000.000127,1000.000100,1000.000075,1000.000052,1000.000030,1000.000010,999.999992,999.999976,999.999961,999.999949,999.999938,999.999928,999.999921,999.999915,999.999911,999.999908,999.999907,999.999908,999.999911,999.999915,999.999921,999.999928,999.999938,999.999949,999.999961,999.999976,999.999992,1000.000010,1000.000030,1000.000052,1000.000075,1000.000100,1000.000127,1000.000156,1000.000186,1000.000218,1000.000252,1000.000288,1000.000325,1000.000365,1000.000406,1000.000449,1000.000492,1000.000537,1000.000586,1000.000637,1000.000681,1000.000706,1000.000694,1000.000643,1000.000567,1000.000478,1000.000386,1000.000293,1000.000189,0.000000,0.000000,0.000000,0.000000,0.000000,0.000000,0.000000,0.000000,0.000000,0.000000,0.000000,0.000000,0.000000
0.000000,0.000000,0.000000,0.000000,0.000000,0.000000,0.000000,0.000000,0.000000,0.000000,0.000000,0.000000,1000.000170,1000.000278,1000.000374,1000.000469,1000.000561,1000.000640,1000.000693,1000.000706,1000.000681,1000.000635,1000.000582,1000.000530,1000.000483,1000.000438,1000.000394,1000.000351,1000.000310,1000.000271,1000.000234,1000.000198,1000.000164,1000.000132,1000.000101,1000.000073,1000.000046,1000.000021,999.999997,999.999976,999.999956,999.999938,999.999921,999.999907,999.999894,999.999883,999.999874,999.999866,999.999860,999.999856,999.999853,999.999852,999.999853,999.999856,999.999860,999.999866,999.999874,999.999883,999.999894,999.999907,999.999921,999.999938,999.999956,999.999976,999.999997,1000.000021,1000.000046,1000.000073,1000.000101,1000.000132,1000.000164,1000.000198,1000.000234,1000.000271,1000.000310,1000.000351,1000.000394,1000.000438,1000.000483,1000.000530,1000.000582,1000.000635,1000.000681,1000.000706,1000.000693,1000.000640,1000.000561,1000.000469,1000.000374,1000.000278,1000.000170,0.000000,0.000000,0.000000,0.000000,0.000000,0.000000,0.000000,0.000000,0.000000,0.000000,0.000000,0.000000
0.000000,0.000000,0.000000,0.000000,0.000000,0.000000,0.000000,0.000000,0.000000,0.000000,0.000000,1000.000146,1000.000257,1000.000356,1000.000453,1000.000550,1000.000634,1000.000691,1000.000705,1000.000681,1000.000635,1000.000581,1000.000527,1000.000479,1000.000431,1000.000385,1000.000340,1000.000298,1000.000257,1000.000218,1000.000181,1000.000145,1000.000111,1000.000079,1000.000049,1000.000020,999.999993,999.999968,999.999945,999.999923,999.999903,999.999885,999.999869,999.999854,999.999841,999.999830,999.999821,999.999813,999.999807,999.999803,999.999800,999.999799,999.999800,999.999803,999.999807,999.999813,999.999821,999.999830,999.999841,999.999854,999.999869,999.999885,999.999903,999.999923,999.999945,999.999968,999.999993,1000.000020,1000.000049,1000.000079,1000.000111,1000.000145,1000.000181,1000.000218,1000.000257,1000.000298,1000.000340,1000.000385,1000.000431,1000.000479,1000.000527,1000.000581,1000.000635,1000.000681,1000.000705,1000.000691,1000.000634,1000.000550,1000.000453,1000.000356,1000.000257,1000.000146,0.000000,0.000000,0.000000,0.000000,0.000000,0.000000,0.000000,0.000000,0.000000,0.000000,0.000000
0.000000,0.000000,0.000000,0.000000,0.000000,0.000000,0.000000,0.000000,0.000000,0.000000,0.000000,1000.000228,1000.000332,1000.000430,1000.000530,1000.000621,1000.000685,1000.000705,1000.000683,1000.000637,1000.000582,1000.000527,1000.000477,1000.000428,1000.000380,1000.000333,1000.000289,1000.000247,1000.000206,1000.000167,1000.000129,1000.000094,1000.000060,1000.000028,999.999997,999.999969,999.999942,999.999917,999.999893,999.999872,999.999852,999.999834,999.999818,999.999803,999.999790,999.999779,999.999769,999.999762,999.999756,999.999751,999.999749,999.999748,999.999749,999.999751,999.999756,999.999762,999.999769,999.999779,999.999790,999.999803,999.999818,999.999834,999.999852,999.999872,999.999893,999.999917,999.999942,999.999969,999.999997,1000.000028,1000.000060,1000.000094,1000.000129,1000.000167,1000.000206,1000.000247,1000.000289,1000.000333,1000.000380,1000.000428,1000.000477,1000.000527,1000.000582,1000.000637,1000.000683,1000.000705,1000.000685,1000.000621,1000.000530,1000.000430,1000.000332,1000.000228,0.000000,0.000000,0.000000,0.000000,0.000000,0.000000,0.000000,0.000000,0.000000,0.000000,0.000000
0.000000,0.000000,0.000000,0.000000,0.000000,0.000000,0.000000,0.000000,0.000000,0.000000,1000.000197,1000.000308,1000.000406,1000.000505,1000.000599,1000.000673,1000.000705,1000.000688,1000.000642,1000.000586,1000.000530,1000.000479,1000.000428,1000.000378,1000.000330,1000.000284,1000.000240,1000.000197,1000.000156,1000.000117,1000.000080,1000.000044,1000.000011,999.999978,999.999948,999.999920,999.999893,999.999867,999.999844,999.999823,999.999803,999.999784,999.999768,999.999753,999.999741,999.999729,999.999720,999.999712,999.999706,999.999702,999.999699,999.999699,999.999699,999.999702,999.999706,999.999712,999.999720,999.999729,999.999741,999.999753,999.999768,999.999784,999.999803,999.999823,999.999844,999.999867,999.999893,999.999920,999.999948,999.999978,1000.000011,1000.000044,1000.000080,1000.000117,1000.000156,1000.000197,1000.000240,1000.000284,1000.000330,1000.000378,1000.000428,1000.000479,1000.000530,1000.000586,1000.000642,1000.000688,1000.000705,1000.000673,1000.000599,1000.000505,1000.000406,1000.000308,1000.000197,0.000000,0.000000,0.000000,0.000000,0.000000,0.000000,0.000000,0.000000,0.000000,0.000000
0.000000,0.000000,0.000000,0.000000,0.000000,0.000000,0.000000,0.000000,0.000000,1000.000163,1000.000277,1000.000379,1000.000479,1000.000576,1000.000656,1000.000702,1000.000697,1000.000653,1000.000595,1000.000537,1000.000483,1000.000431,1000.000380,1000.000330,1000.000283,1000.000237,1000.000192,1000.000150,1000.000109,1000.000070,1000.000032,999.999997,999.999963,999.999931,999.999901,999.999872,999.999845,999.999820,999.999797,999.999775,999.999755,999.999737,999.999720,999.999706,999.999693,999.999682,999.999672,999.999664,999.999658,999.999654,999.999652,999.999651,999.999652,999.999654,999.999658,999.999664,999.999672,999.999682,999.999693,999.999706,999.999720,999.999737,999.999755,999.999775,999.999797,999.999820,999.999845,999.999872,999.999901,999.999931,999.999963,999.999997,1000.000032,1000.000070,1000.000109,1000.000150,1000.000192,1000.000237,1000.000283,1000.000330,1000.000380,1000.000431,1000.000483,1000.000537,1000.000595,1000.000653,1000.000697,1000.000702,1000.000656,1000.000576,1000.000479,1000.000379,1000.000277,1000.000163,0.000000,0.000000,0.000000,0.000000,0.000000,0.000000,0.000000,0.000000,0.000000
0.000000,0.000000,0.000000,0.000000,0.000000,0.000000,0.000000,0.000000,0.000000,1000.000237,1000.000346,1000.000450,1000.000553,1000.000640,1000.000695,1000.000704,1000.000669,1000.000611,1000.000549,1000.000492,1000.000438,1000.000385,1000.000333,1000.000284,1000.000237,1000.000190,1000.000146,1000.000104,1000.000063,1000.000024,999.999986,999.999951,999.999917,999.999885,999.999855,999.999826,999.999799,999.999774,999.999751,999.999729,999.999709,999.999691,999.999674,999.999660,999.999647,999.999636,999.999626,999.999618,999.999612,999.999608,999.999606,999.999605,999.999606,999.999608,999.999612,999.999618,999.999626,999.999636,999.999647,999.999660,999.999674,999.999691,999.999709,999.999729,999.999751,999.999774,999.999799,999.999826,999.999855,999.999885,999.999917,999.999951,999.999986,1000.000024,1000.000063,1000.000104,1000.000146,1000.000190,1000.000237,1000.000284,1000.000333,1000.000385,1000.000438,1000.000492,1000.000549,1000.000611,1000.000669,1000.000704,1000.000695,1000.000640,1000.000553,1000.000450,1000.000346,1000.000237,0.000000,0.000000,0.000000,0.000000,0.000000,0.000000,0.000000,0.000000,0.000000
0.000000,0.000000,0.000000,0.000000,0.000000,0.000000,0.000000,0.000000,1000.000190,1000.000307,1000.000413,1000.000519,1000.000617,1000.000685,1000.000705,1000.000679,1000.000627,1000.000565,1000.000505,1000.000449,1000.000394,1000.000340,1000.000289,1000.000240,1000.000192,1000.000146,1000.000102,1000.000059,1000.000019,999.999980,999.999942,999.999907,999.999873,999.999841,999.999810,999.999782,999.999755,999.999730,999.999706,999.999685,999.999665,999.999647,999.999630,999.999616,999.999603,999.999591,999.999582,999.999574,999.999568,999.999564,999.999561,999.999560,999.999561,999.999564,999.999568,999.999574,999.999582,999.999591,999.999603,999.999616,999.999630,999.999647,999.999665,999.999685,999.999706,999.999730,999.999755,999.999782,999.999810,999.999841,999.999873,999.999907,999.999942,999.999980,1000.000019,1000.000059,1000.000102,1000.000146,1000.000192,1000.000240,1000.000289,1000.000340,1000.000394,1000.000449,1000.000505,1000.000565,1000.000627,1000.000679,1000.000705,1000.000685,1000.000617,1000.000519,1000.000413,1000.000307,1000.000190,0.000000,0.000000,0.000000,0.000000,0.000000,0.000000,0.000000,0.000000
0.000000,0.000000,0.000000,0.000000,0.000000,0.000000,0.000000,0.000000,1000.000257,1000.000368,1000.000476,1000.000582,1000.000667,1000.000704,1000.000688,1000.000640,1000.000581,1000.000520,1000.000462,1000.000406,1000.000351,1000.000298,1000.000247,1000.000197,1000.000150,1000.000104,1000.000059,1000.000017,999.999976,999.999937,999.999900,999.999864,999.999830,999.999798,999.999768,999.999739,999.999712,999.999687,999.999664,999.999642,999.999622,999.999604,999.999588,999.999573,999.999560,999.999549,999.999539,999.999532,999.999526,999.999521,999.999519,999.999518,999.999519,999.999521,999.999526,999.999532,999.999539,999.999549,999.999560,999.999573,999.999588,999.999604,999.999622,999.999642,999.999664,999.999687,999.999712,999.999739,999.999768,999.999798,999.999830,999.999864,999.999900,999.999937,999.999976,1000.000017,1000.000059,1000.000104,1000.000150,1000.000197,1000.000247,1000.000298,1000.000351,1000.000406,1000.000462,1000.000520,1000.000581,1000.000640,1000.000688,1000.000704,1000.000667,1000.000582,1000.000476,1000.000368,1000.000257,0.000000,0.000000,0.000000,0.000000,0.000000,0.000000,0.000000,0.000000
0.000000,0.000000,0.000000,0.000000,0.000000,0.000000,0.000000,1000.000200,1000.000320,1000.000428,1000.000537,1000.000635,1000.000696,1000.000700,1000.000658,1000.000598,1000.000537,1000.000479,1000.000422,1000.000365,1000.000310,1000.000257,1000.000206,1000.000156,1000.000109,1000.000063,1000.000019,999.999976,999.999935,999.999896,999.999859,999.999823,999.999790,999.999758,999.999727,999.999699,999.999672,999.999647,999.999623,999.999602,999.999582,999.999564,999.999547,999.999532,999.999519,999.999508,999.999499,999.999491,999.999485,999.999481,999.999478,999.999477,999.999478,999.999481,999.999485,999.999491,999.999499,999.999508,999.999519,999.999532,999.999547,999.999564,999.999582,999.999602,999.999623,999.999647,999.999672,999.999699,999.999727,999.999758,999.999790,999.999823,999.999859,999.999896,999.999935,999.999976,1000.000019,1000.000063,1000.000109,1000.000156,1000.000206,1000.000257,1000.000310,1000.000365,1000.000422,1000.000479,1000.000537,1000.000598,1000.000658,1000.000700,1000.000696,1000.000635,1000.000537,1000.000428,1000.000320,1000.000200,0.000000,0.000000,0.000000,0.000000,0.000000,0.000000,0.000000
0.000000,0.000000,0.000000,0.000000,0.000000,0.000000,0.000000,1000.000263,1000.000377,1000.000486,1000.000593,1000.000675,1000.000707,1000.000681,1000.000623,1000.000559,1000.000498,1000.000440,1000.000382,1000.000325,1000.000271,1000.000218,1000.000167,1000.000117,1000.000070,1000.000024,999.999980,999.999937,999.999896,999.999857,999.999820,999.999784,999.999751,999.999719,999.999688,999.999660,999.999633,999.999608,999.999584,999.999563,999.999543,999.999524,999.999508,999.999493,999.999480,999.999469,999.999460,999.999452,999.999446,999.999441,999.999439,999.999438,999.999439,999.999441,999.999446,999.999452,999.999460,999.999469,999.999480,999.999493,999.999508,999.999524,999.999543,999.999563,999.999584,999.999608,999.999633,999.999660,999.999688,999.999719,999.999751,999.999784,999.999820,999.999857,999.999896,999.999937,999.999980,1000.000024,1000.000070,1000.000117,1000.000167,1000.000218,1000.000271,1000.000325,1000.000382,1000.000440,1000.000498,1000.000559,1000.000623,1000.000681,1000.000707,1000.000675,1000.000593,1000.000486,1000.000377,1000.000263,0.000000,0.000000,0.000000,0.000000,0.000000,0.000000,0.000000
0.000000,0.000000,0.000000,0.000000,0.000000,0.000000,1000.000201,1000.000323,1000.000432,1000.000542,1000.000640,1000.000700,1000.000700,1000.000652,1000.000586,1000.000522,1000.000462,1000.000402,1000.000344,1000.000288,1000.000234,1000.000181,1000.000129,1000.000080,1000.000032,999.999986,999.999942,999.999900,999.999859,999.999820,999.999783,999.999747,999.999713,999.999681,999.999651,999.999622,999.999596,999.999570,999.999547,999.999525,999.999505,999.999487,999.999471,999.999456,999.999443,999.999432,999.999422,999.999415,999.999408,999.999404,999.999402,999.999401,999.999402,999.999404,999.999408,999.999415,999.999422,999.999432,999.999443,999.999456,999.999471,999.999487,999.999505,999.999525,999.999547,999.999570,999.999596,999.999622,999.999651,999.999681,999.999713,999.999747,999.999783,999.999820,999.999859,999.999900,999.999942,999.999986,1000.000032,1000.000080,1000.000129,1000.000181,1000.000234,1000.000288,1000.000344,1000.000402,1000.000462,1000.000522,1000.000586,1000.000652,1000.000700,1000.000700,1000.000640,1000.000542,1000.000432,1000.000323,1000.000201,0.000000,0.000000,0.000000,0.000000,0.000000,0.000000
0.000000,0.000000,0.000000,0.000000,0.000000,0.000000,1000.000259,1000.000375,1000.000486,1000.000594,1000.000677,1000.000708,1000.000679,1000.000618,1000.000551,1000.000487,1000.000426,1000.000366,1000.000308,1000.000252,1000.000198,1000.000145,1000.000094,1000.000044,999.999997,999.999951,999.999907,999.999864,999.999823,999.999784,999.999747,999.999712,999.999678,999.999646,999.999615,999.999587,999.999560,999.999535,999.999511,999.999490,999.999470,999.999452,999.999435,999.999421,999.999408,999.999396,999.999387,999.999379,999.999373,999.999369,999.999366,999.999365,999.999366,999.999369,999.999373,999.999379,999.999387,999.999396,999.999408,999.999421,999.999435,999.999452,999.999470,999.999490,999.999511,999.999535,999.999560,999.999587,999.999615,999.999646,999.999678,999.999712,999.999747,999.999784,999.999823,999.999864,999.999907,999.999951,999.999997,1000.000044,1000.000094,1000.000145,1000.000198,1000.000252,1000.000308,1000.000366,1000.000426,1000.000487,1000.000551,1000.000618,1000.000679,1000.000708,1000.000677,1000.000594,1000.000486,1000.000375,1000.000259,0.000000,0.000000,0.000000,0.000000,0.000000,0.000000
0.000000,0.000000,0.000000,0.000000,0.000000,1000.000192,1000.000315,1000.000427,1000.000539,1000.000639,1000.000700,1000.000700,1000.000651,1000.000583,1000.000517,1000.000454,1000.000392,1000.000332,1000.000275,1000.000218,1000.000164,1000.000111,1000.000060,1000.000011,999.999963,999.999917,999.999873,999.999830,999.999790,999.999751,999.999713,999.999678,999.999644,999.999612,999.999582,999.999553,999.999526,999.999501,999.999478,999.999456,999.999436,999.999418,999.999401,999.999387,999.999374,999.999362,999.999353,999.999345,999.999339,999.999335,999.999332,999.999331,999.999332,999.999335,999.999339,999.999345,999.999353,999.999362,999.999374,999.999387,999.999401,999.999418,999.999436,999.999456,999.999478,999.999501,999.999526,999.999553,999.999582,999.999612,999.999644,999.999678,999.999713,999.999751,999.999790,999.999830,999.999873,999.999917,999.999963,1000.000011,1000.000060,1000.000111,1000.000164,1000.000218,1000.000275,1000.000332,1000.000392,1000.000454,1000.000517,1000.000583,1000.000651,1000.000700,1000.000700,1000.000639,1000.000539,1000.000427,1000.000315,1000.000192,0.000000,0.000000,0.000000,0.000000,0.000000
0.000000,0.000000,0.000000,0.000000,0.000000,1000.000244,1000.000362,1000.000477,1000.000588,1000.000674,1000.000707,1000.000680,1000.000618,1000.000550,1000.000485,1000.000422,1000.000360,1000.000300,1000.000242,1000.000186,1000.000132,1000.000079,1000.000028,999.999978,999.999931,999.999885,999.999841,999.999798,999.999758,999.999719,999.999681,999.999646,999.999612,999.999580,999.999550,999.999521,999.999494,999.999469,999.999446,999.999424,999.999404,999.999386,999.999369,999.999355,999.999342,999.999330,999.999321,999.999313,999.999307,999.999303,999.999300,999.999299,999.999300,999.999303,999.999307,999.999313,999.999321,999.999330,999.999342,999.999355,999.999369,999.999386,999.999404,999.999424,999.999446,999.999469,999.999494,999.999521,999.999550,999.999580,999.999612,999.999646,999.999681,999.999719,999.999758,999.999798,999.999841,999.999885,999.999931,999.999978,1000.000028,1000.000079,1000.000132,1000.000186,1000.000242,1000.000300,1000.000360,1000.000422,1000.000485,1000.000550,1000.000618,1000.000680,1000.000707,1000.000674,1000.000588,1000.000477,1000.000362,1000.000244,0.000000,0.000000,0.000000,0.000000,0.000000
0.000000,0.000000,0.000000,0.000000,1000.000168,1000.000293,1000.000408,1000.000524,1000.000630,1000.000697,1000.000700,1000.000653,1000.000586,1000.000519,1000.000454,1000.000391,1000.000330,1000.000270,1000.000212,1000.000156,1000.000101,1000.000049,999.999997,999.999948,999.999901,999.999855,999.999810,999.999768,999.999727,999.999688,999.999651,999.999615,999.999582,999.999550,999.999519,999.999491,999.999464,999.999439,999.999415,999.999394,999.999374,999.999355,999.999339,999.999324,999.999311,999.999300,999.999290,999.999283,999.999277,999.999272,999.999270,999.999269,999.999270,999.999272,999.999277,999.999283,999.999290,999.999300,999.999311,999.999324,999.999339,999.999355,999.999374,999.999394,999.999415,999.999439,999.999464,999.999491,999.999519,999.999550,999.999582,999.999615,999.999651,999.999688,999.999727,999.999768,999.999810,999.999855,999.999901,999.999948,999.999997,1000.000049,1000.000101,1000.000156,1000.000212,1000.000270,1000.000330,1000.000391,1000.000454,1000.000519,1000.000586,1000.000653,1000.000700,1000.000697,1000.000630,1000.000524,1000.000408,1000.000293,1000.000168,0.000000,0.000000,0.000000,0.000000
0.000000,0.000000,0.000000,0.000000,1000.000214,1000.000334,1000.000450,1000.000567,1000.000663,1000.000705,1000.000683,1000.000624,1000.000555,1000.000490,1000.000426,1000.000362,1000.000301,1000.000241,1000.000183,1000.000127,1000.000073,1000.000020,999.999969,999.999920,999.999872,999.999826,999.999782,999.999739,999.999699,999.999660,999.999622,999.999587,999.999553,999.999521,999.999491,999.999462,999.999435,999.999410,999.999387,999.999365,999.999345,999.999327,999.999310,999.999296,999.999283,999.999271,999.999262,999.999254,999.999248,999.999244,999.999241,999.999240,999.999241,999.999244,999.999248,999.999254,999.999262,999.999271,999.999283,999.999296,999.999310,999.999327,999.999345,999.999365,999.999387,999.999410,999.999435,999.999462,999.999491,999.999521,999.999553,999.999587,999.999622,999.999660,999.999699,999.999739,999.999782,999.999826,999.999872,999.999920,999.999969,1000.000020,1000.000073,1000.000127,1000.000183,1000.000241,1000.000301,1000.000362,1000.000426,1000.000490,1000.000555,1000.000624,1000.000683,1000.000705,1000.000663,1000.000567,1000.000450,1000.000334,1000.000214,0.000000,0.000000,0.000000,0.000000
