0.000000,0.000000,0.000000,0.000000,0.000000,0.000000,0.000000,0.000000,0.000000,0.000000,0.000000,0.000000,0.000000,0.000000,0.000000,0.000000,0.000000,0.000000,0.000000,0.000000,0.000000,0.000000,0.000000,0.000000,0.000000,0.000000,0.000000,0.000000,0.000000,0.000000,0.000000,0.000000,0.000000,0.000000,0.000000,0.000000,0.000000,0.000000,0.000000,0.000000,0.000000,0.000000,0.000000,0.000000,0.000000,0.000000,0.000000,0.000000,0.000000,0.000000,0.000000,0.000000,0.000000,0.000000,0.000000,0.000000,0.000000,0.000000,0.000000,0.000000,0.000000,0.000000,0.000000,0.000000,0.000000,0.000000,0.000000,0.000000,0.000000,0.000000,0.000000,0.000000,0.000000,0.000000,0.000000,0.000000,0.000000,0.000000,0.000000,0.000000,0.000000,0.000000,0.000000,0.000000,0.000000,0.000000,0.000000,0.000000,0.000000,0.000000,0.000000,0.000000,0.000000,0.000000,0.000000,0.000000,0.000000,0.000000,0.000000,0.000000,0.000000,0.000000,0.000000
0.000000,0.000000,0.000000,0.000000,0.000000,0.000000,0.000000,0.000000,0.000000,0.000000,0.000000,0.000000,0.000000,0.000000,0.000000,0.000000,0.000000,0.000000,0.000000,0.000000,0.000000,0.000000,0.000000,0.000000,0.000000,0.000000,0.000000,0.000000,0.000000,0.000000,0.000000,0.000000,0.000000,0.000000,0.000000,0.000000,0.000000,0.000000,0.000000,0.000000,0.000000,0.000000,0.000000,0.000000,0.000000,0.000000,0.000000,0.000000,0.000000,0.000000,0.000000,1000.000083,0.000000,0.000000,0.000000,0.000000,0.000000,0.000000,0.000000,0.000000,0.000000,0.000000,0.000000,0.000000,0.000000,0.000000,0.000000,0.000000,0.000000,0.000000,0.000000,0.000000,0.000000,0.000000,0.000000,0.000000,0.000000,0.000000,0.000000,0.000000,0.000000,0.000000,0.000000,0.000000,0.000000,0.000000,0.000000,0.000000,0.000000,0.000000,0.000000,0.000000,0.000000,0.000000,0.000000,0.000000,0.000000,0.000000,0.000000,0.000000,0.000000,0.000000,0.000000
0.000000,0.000000,0.000000,0.000000,0.000000,0.000000,0.000000,0.000000,0.000000,0.000000,0.000000,0.000000,0.000000,0.000000,0.000000,0.000000,0.000000,0.000000,0.000000,0.000000,0.000000,0.000000,0.000000,0.000000,0.000000,0.000000,0.000000,0.000000,0.000000,0.000000,0.000000,0.000000,0.000000,0.000000,0.000000,0.000000,0.000000,0.000000,0.000000,0.000000,0.000000,0.000000,1000.000151,1000.000176,1000.000189,1000.000195,1000.000199,1000.000200,1000.000200,1000.000199,1000.000198,1000.000204,1000.000198,1000.000199,1000.000200,1000.000200,1000.000199,1000.000195,1000.000189,1000.000176,1000.000151,0.000000,0.000000,0.000000,0.000000,0.000000,0.000000,0.000000,0.000000,0.000000,0.000000,0.000000,0.000000,0.000000,0.000000,0.000000,0.000000,0.000000,0.000000,0.000000,0.000000,0.000000,0.000000,0.000000,0.000000,0.000000,0.000000,0.000000,0.000000,0.000000,0.000000,0.000000,0.000000,0.000000,0.000000,0.000000,0.000000,0.000000,0.000000,0.000000,0.000000,0.000000,0.000000
0.000000,0.000000,0.000000,0.000000,0.000000,0.000000,0.000000,0.000000,0.000000,0.000000,0.000000,0.000000,0.000000,0.000000,0.000000,0.000000,0.000000,0.000000,0.000000,0.000000,0.000000,0.000000,0.000000,0.000000,0.000000,0.000000,0.000000,0.000000,0.000000,0.000000,0.000000,0.000000,0.000000,0.000000,0.000000,0.000000,0.000000,1000.000146,1000.000182,1000.000211,1000.000235,1000.000254,1000.000271,1000.000287,1000.000299,1000.000308,1000.000313,1000.000315,1000.000316,1000.000316,1000.000316,1000.000317,1000.000316,1000.000316,1000.000316,1000.000315,1000.000313,1000.000308,1000.000299,1000.000287,1000.000271,1000.000254,1000.000235,1000.000211,1000.000182,1000.000146,0.000000,0.000000,0.000000,0.000000,0.000000,0.000000,0.000000,0.000000,0.000000,0.000000,0.000000,0.000000,0.000000,0.000000,0.000000,0.000000,0.000000,0.000000,0.000000,0.000000,0.000000,0.000000,0.000000,0.000000,0.000000,0.000000,0.000000,0.000000,0.000000,0.000000,0.000000,0.000000,0.000000,0.000000,0.000000,0.000000,0.000000
0.000000,0.000000,0.000000,0.000000,0.000000,0.000000,0.000000,0.000000,0.000000,0.000000,0.000000,0.000000,0.000000,0.000000,0.000000,0.000000,0.000000,0.000000,0.000000,0.000000,0.000000,0.000000,0.000000,0.000000,0.000000,0.000000,0.000000,0.000000,0.000000,0.000000,0.000000,0.000000,0.000000,0.000000,1000.000152,1000.000194,1000.000228,1000.000262,1000.000292,1000.000319,1000.000344,1000.000365,1000.000385,1000.000400,1000.000412,1000.000419,1000.000424,1000.000427,1000.000428,1000.000428,1000.000429,1000.000428,1000.000429,1000.000428,1000.000428,1000.000427,1000.000424,1000.000419,1000.000412,1000.000400,1000.000385,1000.000365,1000.000344,1000.000319,1000.000292,1000.000262,1000.000228,1000.000194,1000.000152,0.000000,0.000000,0.000000,0.000000,0.000000,0.000000,0.000000,0.000000,0.000000,0.000000,0.000000,0.000000,0.000000,0.000000,0.000000,0.000000,0.000000,0.000000,0.000000,0.000000,0.000000,0.000000,0.000000,0.000000,0.000000,0.000000,0.000000,0.000000,0.000000,0.000000,0.000000,0.000000,0.000000,0.000000
0.000000,0.000000,0.000000,0.000000,0.000000,0.000000,0.000000,0.000000,0.000000,0.000000,0.000000,0.000000,0.000000,0.000000,0.000000,0.000000,0.000000,0.000000,0.000000,0.000000,0.000000,0.000000,0.000000,0.000000,0.000000,0.000000,0.000000,0.000000,0.000000,0.000000,0.000000,0.000000,1000.000174,1000.000220,1000.000265,1000.000303,1000.000336,1000.000370,1000.000400,1000.000427,1000.000452,1000.000475,1000.000496,1000.000512,1000.000523,1000.000528,1000.000532,1000.000534,1000.000535,1000.000535,1000.000535,1000.000535,1000.000535,1000.000535,1000.000535,1000.000534,1000.000532,1000.000528,1000.000523,1000.000512,1000.000496,1000.000475,1000.000452,1000.000427,1000.000400,1000.000370,1000.000336,1000.000303,1000.000265,1000.000220,1000.000174,0.000000,0.000000,0.000000,0.000000,0.000000,0.000000,0.000000,0.000000,0.000000,0.000000,0.000000,0.000000,0.000000,0.000000,0.000000,0.000000,0.000000,0.000000,0.000000,0.000000,0.000000,0.000000,0.000000,0.000000,0.000000,0.000000,0.000000,0.000000,0.000000,0.000000,0.000000,0.000000
0.000000,0.000000,0.000000,0.000000,0.000000,0.000000,0.000000,0.000000,0.000000,0.000000,0.000000,0.000000,0.000000,0.000000,0.000000,0.000000,0.000000,0.000000,0.000000,0.000000,0.000000,0.000000,0.000000,0.000000,0.000000,0.000000,0.000000,0.000000,0.000000,0.000000,1000.000182,1000.000234,1000.000285,1000.000328,1000.000369,1000.000407,1000.000444,1000.000478,1000.000507,1000.000533,1000.000554,1000.000574,1000.000591,1000.000602,1000.000608,1000.000611,1000.000613,1000.000614,1000.000614,1000.000614,1000.000614,1000.000614,1000.000614,1000.000614,1000.000614,1000.000614,1000.000613,1000.000611,1000.000608,1000.000602,1000.000591,1000.000574,1000.000554,1000.000533,1000.000507,1000.000478,1000.000444,1000.000407,1000.000369,1000.000328,1000.000285,1000.000234,1000.000182,0.000000,0.000000,0.000000,0.000000,0.000000,0.000000,0.000000,0.000000,0.000000,0.000000,0.000000,0.000000,0.000000,0.000000,0.000000,0.000000,0.000000,0.000000,0.000000,0.000000,0.000000,0.000000,0.000000,0.000000,0.000000,0.000000,0.000000,0.000000,0.000000,0.000000
0.000000,0.000000,0.000000,0.000000,0.000000,0.000000,0.000000,0.000000,0.000000,0.000000,0.000000,0.000000,0.000000,0.000000,0.000000,0.000000,0.000000,0.000000,0.000000,0.000000,0.000000,0.000000,0.000000,0.000000,0.000000,0.000000,0.000000,0.000000,1000.000181,1000.000237,1000.000292,1000.000339,1000.000386,1000.000431,1000.000474,1000.000513,1000.000546,1000.000575,1000.000598,1000.000614,1000.000625,1000.000632,1000.000634,1000.000633,1000.000631,1000.000630,1000.000629,1000.000628,1000.000628,1000.000627,1000.000627,1000.000627,1000.000627,1000.000627,1000.000628,1000.000628,1000.000629,1000.000630,1000.000631,1000.000633,1000.000634,1000.000632,1000.000625,1000.000614,1000.000598,1000.000575,1000.000546,1000.000513,1000.000474,1000.000431,1000.000386,1000.000339,1000.000292,1000.000237,1000.000181,0.000000,0.000000,0.000000,0.000000,0.000000,0.000000,0.000000,0.000000,0.000000,0.000000,0.000000,0.000000,0.000000,0.000000,0.000000,0.000000,0.000000,0.000000,0.000000,0.000000,0.000000,0.000000,0.000000,0.000000,0.000000,0.000000,0.000000,0.000000
0.000000,0.000000,0.000000,0.000000,0.000000,0.000000,0.000000,0.000000,0.000000,0.000000,0.000000,0.000000,0.000000,0.000000,0.000000,0.000000,0.000000,0.000000,0.000000,0.000000,0.000000,0.000000,0.000000,0.000000,0.000000,0.000000,1000.000172,1000.000232,1000.000290,1000.000341,1000.000391,1000.000440,1000.000488,1000.000532,1000.000571,1000.000601,1000.000621,1000.000634,1000.000639,1000.000638,1000.000633,1000.000625,1000.000612,1000.000600,1000.000592,1000.000587,1000.000584,1000.000581,1000.000580,1000.000579,1000.000578,1000.000578,1000.000578,1000.000579,1000.000580,1000.000581,1000.000584,1000.000587,1000.000592,1000.000600,1000.000612,1000.000625,1000.000633,1000.000638,1000.000639,1000.000634,1000.000621,1000.000601,1000.000571,1000.000532,1000.000488,1000.000440,1000.000391,1000.000341,1000.000290,1000.000232,1000.000172,0.000000,0.000000,0.000000,0.000000,0.000000,0.000000,0.000000,0.000000,0.000000,0.000000,0.000000,0.000000,0.000000,0.000000,0.000000,0.000000,0.000000,0.000000,0.000000,0.000000,0.000000,0.000000,0.000000,0.000000,0.000000,0.000000
0.000000,0.000000,0.000000,0.000000,0.000000,0.000000,0.000000,0.000000,0.000000,0.000000,0.000000,0.000000,0.000000,0.000000,0.000000,0.000000,0.000000,0.000000,0.000000,0.000000,0.000000,0.000000,0.000000,0.000000,1000.000148,1000.000214,1000.000278,1000.000333,1000.000388,1000.000440,1000.000491,1000.000538,1000.000579,1000.000611,1000.000632,1000.000640,1000.000638,1000.000630,1000.000616,1000.000602,1000.000587,1000.000571,1000.000555,1000.000540,1000.000529,1000.000522,1000.000517,1000.000514,1000.000511,1000.000509,1000.000508,1000.000508,1000.000508,1000.000509,1000.000511,1000.000514,1000.000517,1000.000522,1000.000529,1000.000540,1000.000555,1000.000571,1000.000587,1000.000602,1000.000616,1000.000630,1000.000638,1000.000640,1000.000632,1000.000611,1000.000579,1000.000538,1000.000491,1000.000440,1000.000388,1000.000333,1000.000278,1000.000214,1000.000148,0.000000,0.000000,0.000000,0.000000,0.000000,0.000000,0.000000,0.000000,0.000000,0.000000,0.000000,0.000000,0.000000,0.000000,0.000000,0.000000,0.000000,0.000000,0.000000,0.000000,0.000000,0.000000,0.000000,0.000000
0.000000,0.000000,0.000000,0.000000,0.000000,0.000000,0.000000,0.000000,0.000000,0.000000,0.000000,0.000000,0.000000,0.000000,0.000000,0.000000,0.000000,0.000000,0.000000,0.000000,0.000000,0.000000,0.000000,1000.000178,1000.000251,1000.000313,1000.000373,1000.000431,1000.000486,1000.000537,1000.000580,1000.000614,1000.000635,1000.000641,1000.000635,1000.000619,1000.000600,1000.000580,1000.000559,1000.000539,1000.000522,1000.000506,1000.000491,1000.000477,1000.000466,1000.000458,1000.000452,1000.000447,1000.000444,1000.000441,1000.000440,1000.000440,1000.000440,1000.000441,1000.000444,1000.000447,1000.000452,1000.000458,1000.000466,1000.000477,1000.000491,1000.000506,1000.000522,1000.000539,1000.000559,1000.000580,1000.000600,1000.000619,1000.000635,1000.000641,1000.000635,1000.000614,1000.000580,1000.000537,1000.000486,1000.000431,1000.000373,1000.000313,1000.000251,1000.000178,0.000000,0.000000,0.000000,0.000000,0.000000,0.000000,0.000000,0.000000,0.000000,0.000000,0.000000,0.000000,0.000000,0.000000,0.000000,0.000000,0.000000,0.000000,0.000000,0.000000,0.000000,0.000000,0.000000
0.000000,0.000000,0.000000,0.000000,0.000000,0.000000,0.000000,0.000000,0.000000,0.000000,0.000000,0.000000,0.000000,0.000000,0.000000,0.000000,0.000000,0.000000,0.000000,0.000000,0.000000,1000.000132,1000.000206,1000.000279,1000.000343,1000.000407,1000.000470,1000.000527,1000.000575,1000.000612,1000.000635,1000.000642,1000.000635,1000.000616,1000.000591,1000.000565,1000.000539,1000.000516,1000.000496,1000.000476,1000.000458,1000.000443,1000.000428,1000.000415,1000.000404,1000.000395,1000.000388,1000.000383,1000.000379,1000.000376,1000.000374,1000.000374,1000.000374,1000.000376,1000.000379,1000.000383,1000.000388,1000.000395,1000.000404,1000.000415,1000.000428,1000.000443,1000.000458,1000.000476,1000.000496,1000.000516,1000.000539,1000.000565,1000.000591,1000.000616,1000.000635,1000.000642,1000.000635,1000.000612,1000.000575,1000.000527,1000.000470,1000.000407,1000.000343,1000.000279,1000.000206,1000.000132,0.000000,0.000000,0.000000,0.000000,0.000000,0.000000,0.000000,0.000000,0.000000,0.000000,0.000000,0.000000,0.000000,0.000000,0.000000,0.000000,0.000000,0.000000,0.000000,0.000000,0.000000
0.000000,0.000000,0.000000,0.000000,0.000000,0.000000,0.000000,0.000000,0.000000,0.000000,0.000000,0.000000,0.000000,0.000000,0.000000,0.000000,0.000000,0.000000,0.000000,0.000000,1000.000153,1000.000232,1000.000300,1000.000367,1000.000434,1000.000500,1000.000559,1000.000604,1000.000632,1000.000641,1000.000634,1000.000615,1000.000589,1000.000560,1000.000530,1000.000502,1000.000478,1000.000455,1000.000434,1000.000415,1000.000397,1000.000381,1000.000366,1000.000354,1000.000343,1000.000333,1000.000326,1000.000320,1000.000316,1000.000313,1000.000311,1000.000310,1000.000311,1000.000313,1000.000316,1000.000320,1000.000326,1000.000333,1000.000343,1000.000354,1000.000366,1000.000381,1000.000397,1000.000415,1000.000434,1000.000455,1000.000478,1000.000502,1000.000530,1000.000560,1000.000589,1000.000615,1000.000634,1000.000641,1000.000632,1000.000604,1000.000559,1000.000500,1000.000434,1000.000367,1000.000300,1000.000232,1000.000153,0.000000,0.000000,0.000000,0.000000,0.000000,0.000000,0.000000,0.000000,0.000000,0.000000,0.000000,0.000000,0.000000,0.000000,0.000000,0.000000,0.000000,0.000000,0.000000,0.000000
0.000000,0.000000,0.000000,0.000000,0.000000,0.000000,0.000000,0.000000,0.000000,0.000000,0.000000,0.000000,0.000000,0.000000,0.000000,0.000000,0.000000,0.000000,0.000000,1000.000171,1000.000251,1000.000322,1000.000389,1000.000457,1000.000522,1000.000580,1000.000621,1000.000639,1000.000635,1000.000617,1000.000590,1000.000559,1000.000528,1000.000497,1000.000469,1000.000443,1000.000419,1000.000396,1000.000374,1000.000355,1000.000337,1000.000321,1000.000306,1000.000294,1000.000283,1000.000273,1000.000265,1000.000259,1000.000255,1000.000251,1000.000249,1000.000249,1000.000249,1000.000251,1000.000255,1000.000259,1000.000265,1000.000273,1000.000283,1000.000294,1000.000306,1000.000321,1000.000337,1000.000355,1000.000374,1000.000396,1000.000419,1000.000443,1000.000469,1000.000497,1000.000528,1000.000559,1000.000590,1000.000617,1000.000635,1000.000639,1000.000621,1000.000580,1000.000522,1000.000457,1000.000389,1000.000322,1000.000251,1000.000171,0.000000,0.000000,0.000000,0.000000,0.000000,0.000000,0.000000,0.000000,0.000000,0.000000,0.000000,0.000000,0.000000,0.000000,0.000000,0.000000,0.000000,0.000000,0.000000
0.000000,0.000000,0.000000,0.000000,0.000000,0.000000,0.000000,0.000000,0.000000,0.000000,0.000000,0.000000,0.000000,0.000000,0.000000,0.000000,0.000000,0.000000,1000.000182,1000.000265,1000.000339,1000.000409,1000.000479,1000.000542,1000.000595,1000.000631,1000.000640,1000.000624,1000.000596,1000.000564,1000.000530,1000.000498,1000.000468,1000.000439,1000.000411,1000.000385,1000.000360,1000.000337,1000.000316,1000.000297,1000.000279,1000.000263,1000.000248,1000.000235,1000.000224,1000.000214,1000.000206,1000.000200,1000.000195,1000.000192,1000.000190,1000.000189,1000.000190,1000.000192,1000.000195,1000.000200,1000.000206,1000.000214,1000.000224,1000.000235,1000.000248,1000.000263,1000.000279,1000.000297,1000.000316,1000.000337,1000.000360,1000.000385,1000.000411,1000.000439,1000.000468,1000.000498,1000.000530,1000.000564,1000.000596,1000.000624,1000.000640,1000.000631,1000.000595,1000.000542,1000.000479,1000.000409,1000.000339,1000.000265,1000.000182,0.000000,0.000000,0.000000,0.000000,0.000000,0.000000,0.000000,0.000000,0.000000,0.000000,0.000000,0.000000,0.000000,0.000000,0.000000,0.000000,0.000000,0.000000
0.000000,0.000000,0.000000,0.000000,0.000000,0.000000,0.000000,0.000000,0.000000,0.000000,0.000000,0.000000,0.000000,0.000000,0.000000,0.000000,0.000000,1000.000187,1000.000274,1000.000349,1000.000424,1000.000498,1000.000562,1000.000610,1000.000637,1000.000638,1000.000616,1000.000580,1000.000541,1000.000505,1000.000472,1000.000441,1000.000411,1000.000382,1000.000354,1000.000327,1000.000303,1000.000280,1000.000259,1000.000240,1000.000222,1000.000206,1000.000191,1000.000178,1000.000167,1000.000157,1000.000149,1000.000142,1000.000137,1000.000134,1000.000132,1000.000131,1000.000132,1000.000134,1000.000137,1000.000142,1000.000149,1000.000157,1000.000167,1000.000178,1000.000191,1000.000206,1000.000222,1000.000240,1000.000259,1000.000280,1000.000303,1000.000327,1000.000354,1000.000382,1000.000411,1000.000441,1000.000472,1000.000505,1000.000541,1000.000580,1000.000616,1000.000638,1000.000637,1000.000610,1000.000562,1000.000498,1000.000424,1000.000349,1000.000274,1000.000187,0.000000,0.000000,0.000000,0.000000,0.000000,0.000000,0.000000,0.000000,0.000000,0.000000,0.000000,0.000000,0.000000,0.000000,0.000000,0.000000,0.000000
0.000000,0.000000,0.000000,0.000000,0.000000,0.000000,0.000000,0.000000,0.000000,0.000000,0.000000,0.000000,0.000000,0.000000,0.000000,0.000000,1000.000189,1000.000277,1000.000355,1000.000432,1000.000508,1000.000575,1000.000621,1000.000639,1000.000632,1000.000606,1000.000567,1000.000525,1000.000486,1000.000451,1000.000418,1000.000386,1000.000355,1000.000326,1000.000298,1000.000272,1000.000248,1000.000225,1000.000204,1000.000184,1000.000166,1000.000150,1000.000136,1000.000123,1000.000111,1000.000101,1000.000093,1000.000086,1000.000081,1000.000078,1000.000075,1000.000075,1000.000075,1000.000078,1000.000081,1000.000086,1000.000093,1000.000101,1000.000111,1000.000123,1000.000136,1000.000150,1000.000166,1000.000184,1000.000204,1000.000225,1000.000248,1000.000272,1000.000298,1000.000326,1000.000355,1000.000386,1000.000418,1000.000451,1000.000486,1000.000525,1000.000567,1000.000606,1000.000632,1000.000639,1000.000621,1000.000575,1000.000508,1000.000432,1000.000355,1000.000277,1000.000189,0.000000,0.000000,0.000000,0.000000,0.000000,0.000000,0.000000,0.000000,0.000000,0.000000,0.000000,0.000000,0.000000,0.000000,0.000000,0.000000
0.000000,0.000000,0.000000,0.000000,0.000000,0.000000,0.000000,0.000000,0.000000,0.000000,0.000000,0.000000,0.000000,0.000000,0.000000,1000.000187,1000.000277,1000.000357,1000.000436,1000.000513,1000.000580,1000.000626,1000.000639,1000.000623,1000.000591,1000.000553,1000.000511,1000.000470,1000.000433,1000.000398,1000.000364,1000.000331,1000.000301,1000.000272,1000.000244,1000.000218,1000.000194,1000.000171,1000.000150,1000.000130,1000.000113,1000.000096,1000.000082,1000.000068,1000.000057,1000.000047,1000.000039,1000.000032,1000.000027,1000.000023,1000.000021,1000.000020,1000.000021,1000.000023,1000.000027,1000.000032,1000.000039,1000.000047,1000.000057,1000.000068,1000.000082,1000.000096,1000.000113,1000.000130,1000.000150,1000.000171,1000.000194,1000.000218,1000.000244,1000.000272,1000.000301,1000.000331,1000.000364,1000.000398,1000.000433,1000.000470,1000.000511,1000.000553,1000.000591,1000.000623,1000.000639,1000.000626,1000.000580,1000.000513,1000.000436,1000.000357,1000.000277,1000.000187,0.000000,0.000000,0.000000,0.000000,0.000000,0.000000,0.000000,0.000000,0.000000,0.000000,0.000000,0.000000,0.000000,0.000000,0.000000
0.000000,0.000000,0.000000,0.000000,0.000000,0.000000,0.000000,0.000000,0.000000,0.000000,0.000000,0.000000,0.000000,0.000000,1000.000182,1000.000274,1000.000355,1000.000436,1000.000515,1000.000583,1000.000629,1000.000640,1000.000619,1000.000581,1000.000538,1000.000496,1000.000457,1000.000418,1000.000381,1000.000345,1000.000311,1000.000279,1000.000248,1000.000219,1000.000192,1000.000166,1000.000141,1000.000119,1000.000098,1000.000078,1000.000060,1000.000044,1000.000029,1000.000016,1000.000004,999.999995,999.999986,999.999979,999.999974,999.999970,999.999968,999.999967,999.999968,999.999970,999.999974,999.999979,999.999986,999.999995,1000.000004,1000.000016,1000.000029,1000.000044,1000.000060,1000.000078,1000.000098,1000.000119,1000.000141,1000.000166,1000.000192,1000.000219,1000.000248,1000.000279,1000.000311,1000.000345,1000.000381,1000.000418,1000.000457,1000.000496,1000.000538,1000.000581,1000.000619,1000.000640,1000.000629,1000.000583,1000.000515,1000.000436,1000.000355,1000.000274,1000.000182,0.000000,0.000000,0.000000,0.000000,0.000000,0.000000,0.000000,0.000000,0.000000,0.000000,0.000000,0.000000,0.000000,0.000000
0.000000,0.000000,0.000000,0.000000,0.000000,0.000000,0.000000,0.000000,0.000000,0.000000,0.000000,0.000000,0.000000,1000.000171,1000.000265,1000.000349,1000.000432,1000.000513,1000.000583,1000.000629,1000.000640,1000.000617,1000.000577,1000.000530,1000.000486,1000.000445,1000.000406,1000.000367,1000.000330,1000.000294,1000.000260,1000.000228,1000.000197,1000.000168,1000.000141,1000.000115,1000.000091,1000.000068,1000.000047,1000.000027,1000.000009,999.999993,999.999978,999.999965,999.999953,999.999943,999.999935,999.999928,999.999923,999.999919,999.999917,999.999916,999.999917,999.999919,999.999923,999.999928,999.999935,999.999943,999.999953,999.999965,999.999978,999.999993,1000.000009,1000.000027,1000.000047,1000.000068,1000.000091,1000.000115,1000.000141,1000.000168,1000.000197,1000.000228,1000.000260,1000.000294,1000.000330,1000.000367,1000.000406,1000.000445,1000.000486,1000.000530,1000.000577,1000.000617,1000.000640,1000.000629,1000.000583,1000.000513,1000.000432,1000.000349,1000.000265,1000.000171,0.000000,0.000000,0.000000,0.000000,0.000000,0.000000,0.000000,0.000000,0.000000,0.000000,0.000000,0.000000,0.000000
0.000000,0.000000,0.000000,0.000000,0.000000,0.000000,0.000000,0.000000,0.000000,0.000000,0.000000,0.000000,1000.000153,1000.000251,1000.000339,1000.000424,1000.000508,1000.000580,1000.000629,1000.000640,1000.000617,1000.000575,1000.000527,1000.000480,1000.000437,1000.000397,1000.000356,1000.000317,1000.000280,1000.000245,1000.000211,1000.000179,1000.000148,1000.000119,1000.000092,1000.000066,1000.000041,1000.000019,999.999997,999.999978,999.999960,999.999944,999.999929,999.999916,999.999904,999.999894,999.999885,999.999879,999.999873,999.999869,999.999867,999.999866,999.999867,999.999869,999.999873,999.999879,999.999885,999.999894,999.999904,999.999916,999.999929,999.999944,999.999960,999.999978,999.999997,1000.000019,1000.000041,1000.000066,1000.000092,1000.000119,1000.000148,1000.000179,1000.000211,1000.000245,1000.000280,1000.000317,1000.000356,1000.000397,1000.000437,1000.000480,1000.000527,1000.000575,1000.000617,1000.000640,1000.000629,1000.000580,1000.000508,1000.000424,1000.000339,1000.000251,1000.000153,0.000000,0.000000,0.000000,0.000000,0.000000,0.000000,0.000000,0.000000,0.000000,0.000000,0.000000,0.000000
0.000000,0.000000,0.000000,0.000000,0.000000,0.000000,0.000000,0.000000,0.000000,0.000000,0.000000,1000.000132,1000.000232,1000.000322,1000.000409,1000.000498,1000.000575,1000.000626,1000.000640,1000.000617,1000.000575,1000.000525,1000.000477,1000.000433,1000.000390,1000.000348,1000.000308,1000.000270,1000.000233,1000.000197,1000.000163,1000.000131,1000.000100,1000.000071,1000.000044,1000.000018,999.999994,999.999971,999.999950,999.999930,999.999912,999.999896,999.999881,999.999868,999.999856,999.999846,999.999838,999.999831,999.999825,999.999821,999.999819,999.999818,999.999819,999.999821,999.999825,999.999831,999.999838,999.999846,999.999856,999.999868,999.999881,999.999896,999.999912,999.999930,999.999950,999.999971,999.999994,1000.000018,1000.000044,1000.000071,1000.000100,1000.000131,1000.000163,1000.000197,1000.000233,1000.000270,1000.000308,1000.000348,1000.000390,1000.000433,1000.000477,1000.000525,1000.000575,1000.000617,1000.000640,1000.000626,1000.000575,1000.000498,1000.000409,1000.000322,1000.000232,1000.000132,0.000000,0.000000,0.000000,0.000000,0.000000,0.000000,0.000000,0.000000,0.000000,0.000000,0.000000
0.000000,0.000000,0.000000,0.000000,0.000000,0.000000,0.000000,0.000000,0.000000,0.000000,0.000000,1000.000206,1000.000300,1000.000389,1000.000479,1000.000562,1000.000621,1000.000639,1000.000619,1000.000577,1000.000527,1000.000477,1000.000432,1000.000387,1000.000344,1000.000302,1000.000262,1000.000223,1000.000186,1000.000151,1000.000117,1000.000085,1000.000054,1000.000025,999.999998,999.999972,999.999947,999.999925,999.999903,999.999884,999.999866,999.999850,999.999835,999.999821,999.999810,999.999800,999.999791,999.999784,999.999779,999.999775,999.999773,999.999772,999.999773,999.999775,999.999779,999.999784,999.999791,999.999800,999.999810,999.999821,999.999835,999.999850,999.999866,999.999884,999.999903,999.999925,999.999947,999.999972,999.999998,1000.000025,1000.000054,1000.000085,1000.000117,1000.000151,1000.000186,1000.000223,1000.000262,1000.000302,1000.000344,1000.000387,1000.000432,1000.000477,1000.000527,1000.000577,1000.000619,1000.000639,1000.000621,1000.000562,1000.000479,1000.000389,1000.000300,1000.000206,0.000000,0.000000,0.000000,0.000000,0.000000,0.000000,0.000000,0.000000,0.000000,0.000000,0.000000
0.000000,0.000000,0.000000,0.000000,0.000000,0.000000,0.000000,0.000000,0.000000,0.000000,1000.000178,1000.000279,1000.000367,1000.000457,1000.000542,1000.000610,1000.000639,1000.000623,1000.000581,1000.000530,1000.000480,1000.000433,1000.000387,1000.000342,1000.000298,1000.000257,1000.000217,1000.000178,1000.000141,1000.000106,1000.000072,1000.000040,1000.000009,999.999980,999.999953,999.999927,999.999903,999.999880,999.999859,999.999839,999.999821,999.999805,999.999790,999.999777,999.999765,999.999755,999.999746,999.999739,999.999734,999.999730,999.999728,999.999727,999.999728,999.999730,999.999734,999.999739,999.999746,999.999755,999.999765,999.999777,999.999790,999.999805,999.999821,999.999839,999.999859,999.999880,999.999903,999.999927,999.999953,999.999980,1000.000009,1000.000040,1000.000072,1000.000106,1000.000141,1000.000178,1000.000217,1000.000257,1000.000298,1000.000342,1000.000387,1000.000433,1000.000480,1000.000530,1000.000581,1000.000623,1000.000639,1000.000610,1000.000542,1000.000457,1000.000367,1000.000279,1000.000178,0.000000,0.000000,0.000000,0.000000,0.000000,0.000000,0.000000,0.000000,0.000000,0.000000
0.000000,0.000000,0.000000,0.000000,0.000000,0.000000,0.000000,0.000000,0.000000,1000.000148,1000.000251,1000.000343,1000.000434,1000.000522,1000.000595,1000.000637,1000.000632,1000.000591,1000.000538,1000.000486,1000.000437,1000.000390,1000.000344,1000.000298,1000.000256,1000.000214,1000.000174,1000.000135,1000.000098,1000.000063,1000.000029,999.999997,999.999966,999.999937,999.999910,999.999884,999.999860,999.999837,999.999816,999.999796,999.999778,999.999762,999.999747,999.999734,999.999722,999.999712,999.999703,999.999696,999.999691,999.999687,999.999685,999.999684,999.999685,999.999687,999.999691,999.999696,999.999703,999.999712,999.999722,999.999734,999.999747,999.999762,999.999778,999.999796,999.999816,999.999837,999.999860,999.999884,999.999910,999.999937,999.999966,999.999997,1000.000029,1000.000063,1000.000098,1000.000135,1000.000174,1000.000214,1000.000256,1000.000298,1000.000344,1000.000390,1000.000437,1000.000486,1000.000538,1000.000591,1000.000632,1000.000637,1000.000595,1000.000522,1000.000434,1000.000343,1000.000251,1000.000148,0.000000,0.000000,0.000000,0.000000,0.000000,0.000000,0.000000,0.000000,0.000000
0.000000,0.000000,0.000000,0.000000,0.000000,0.000000,0.000000,0.000000,0.000000,1000.000214,1000.000313,1000.000407,1000.000500,1000.000580,1000.000631,1000.000638,1000.000606,1000.000553,1000.000496,1000.000445,1000.000397,1000.000348,1000.000302,1000.000257,1000.000214,1000.000172,1000.000132,1000.000094,1000.000057,1000.000021,999.999988,999.999955,999.999925,999.999896,999.999868,999.999842,999.999818,999.999795,999.999774,999.999755,999.999737,999.999720,999.999705,999.999692,999.999680,999.999670,999.999662,999.999655,999.999649,999.999645,999.999643,999.999642,999.999643,999.999645,999.999649,999.999655,999.999662,999.999670,999.999680,999.999692,999.999705,999.999720,999.999737,999.999755,999.999774,999.999795,999.999818,999.999842,999.999868,999.999896,999.999925,999.999955,999.999988,1000.000021,1000.000057,1000.000094,1000.000132,1000.000172,1000.000214,1000.000257,1000.000302,1000.000348,1000.000397,1000.000445,1000.000496,1000.000553,1000.000606,1000.000638,1000.000631,1000.000580,1000.000500,1000.000407,1000.000313,1000.000214,0.000000,0.000000,0.000000,0.000000,0.000000,0.000000,0.000000,0.000000,0.000000
0.000000,0.000000,0.000000,0.000000,0.000000,0.000000,0.000000,0.000000,1000.000172,1000.000278,1000.000373,1000.000470,1000.000559,1000.000621,1000.000640,1000.000616,1000.000567,1000.000511,1000.000457,1000.000406,1000.000356,1000.000308,1000.000262,1000.000217,1000.000174,1000.000132,1000.000092,1000.000054,1000.000017,999.999981,999.999948,999.999915,999.999885,999.999856,999.999828,999.999802,999.999778,999.999755,999.999734,999.999715,999.999697,999.999680,999.999665,999.999652,999.999640,999.999630,999.999622,999.999615,999.999609,999.999605,999.999603,999.999602,999.999603,999.999605,999.999609,999.999615,999.999622,999.999630,999.999640,999.999652,999.999665,999.999680,999.999697,999.999715,999.999734,999.999755,999.999778,999.999802,999.999828,999.999856,999.999885,999.999915,999.999948,999.999981,1000.000017,1000.000054,1000.000092,1000.000132,1000.000174,1000.000217,1000.000262,1000.000308,1000.000356,1000.000406,1000.000457,1000.000511,1000.000567,1000.000616,1000.000640,1000.000621,1000.000559,1000.000470,1000.000373,1000.000278,1000.000172,0.000000,0.000000,0.000000,0.000000,0.000000,0.000000,0.000000,0.000000
0.000000,0.000000,0.000000,0.000000,0.000000,0.000000,0.000000,0.000000,1000.000232,1000.000333,1000.000431,1000.000527,1000.000604,1000.000639,1000.000624,1000.000580,1000.000525,1000.000470,1000.000418,1000.000367,1000.000317,1000.000270,1000.000223,1000.000178,1000.000135,1000.000094,1000.000054,1000.000015,999.999978,999.999943,999.999909,999.999877,999.999846,999.999817,999.999790,999.999764,999.999740,999.999717,999.999696,999.999676,999.999658,999.999642,999.999627,999.999614,999.999602,999.999592,999.999583,999.999576,999.999571,999.999567,999.999564,999.999564,999.999564,999.999567,999.999571,999.999576,999.999583,999.999592,999.999602,999.999614,999.999627,999.999642,999.999658,999.999676,999.999696,999.999717,999.999740,999.999764,999.999790,999.999817,999.999846,999.999877,999.999909,999.999943,999.999978,1000.000015,1000.000054,1000.000094,1000.000135,1000.000178,1000.000223,1000.000270,1000.000317,1000.000367,1000.000418,1000.000470,1000.000525,1000.000580,1000.000624,1000.000639,1000.000604,1000.000527,1000.000431,1000.000333,1000.000232,0.000000,0.000000,0.000000,0.000000,0.000000,0.000000,0.000000,0.000000
0.000000,0.000000,0.000000,0.000000,0.000000,0.000000,0.000000,1000.000181,1000.000290,1000.000388,1000.000486,1000.000575,1000.000632,1000.000635,1000.000596,1000.000541,1000.000486,1000.000433,1000.000381,1000.000330,1000.000280,1000.000233,1000.000186,1000.000141,1000.000098,1000.000057,1000.000017,999.999978,999.999941,999.999906,999.999872,999.999840,999.999810,999.999780,999.999753,999.999727,999.999703,999.999680,999.999659,999.999639,999.999621,999.999605,999.999590,999.999577,999.999565,999.999555,999.999546,999.999539,999.999534,999.999530,999.999527,999.999527,999.999527,999.999530,999.999534,999.999539,999.999546,999.999555,999.999565,999.999577,999.999590,999.999605,999.999621,999.999639,999.999659,999.999680,999.999703,999.999727,999.999753,999.999780,999.999810,999.999840,999.999872,999.999906,999.999941,999.999978,1000.000017,1000.000057,1000.000098,1000.000141,1000.000186,1000.000233,1000.000280,1000.000330,1000.000381,1000.000433,1000.000486,1000.000541,1000.000596,1000.000635,1000.000632,1000.000575,1000.000486,1000.000388,1000.000290,1000.000181,0.000000,0.000000,0.000000,0.000000,0.000000,0.000000,0.000000
0.000000,0.000000,0.000000,0.000000,0.000000,0.000000,0.000000,1000.000237,1000.000341,1000.000440,1000.000537,1000.000612,1000.000641,1000.000617,1000.000564,1000.000505,1000.000451,1000.000398,1000.000345,1000.000294,1000.000245,1000.000197,1000.000151,1000.000106,1000.000063,1000.000021,999.999981,999.999943,999.999906,999.999871,999.999837,999.999805,999.999774,999.999745,999.999718,999.999692,999.999668,999.999645,999.999624,999.999604,999.999586,999.999570,999.999555,999.999541,999.999530,999.999519,999.999511,999.999504,999.999498,999.999494,999.999492,999.999491,999.999492,999.999494,999.999498,999.999504,999.999511,999.999519,999.999530,999.999541,999.999555,999.999570,999.999586,999.999604,999.999624,999.999645,999.999668,999.999692,999.999718,999.999745,999.999774,999.999805,999.999837,999.999871,999.999906,999.999943,999.999981,1000.000021,1000.000063,1000.000106,1000.000151,1000.000197,1000.000245,1000.000294,1000.000345,1000.000398,1000.000451,1000.000505,1000.000564,1000.000617,1000.000641,1000.000612,1000.000537,1000.000440,1000.000341,1000.000237,0.000000,0.000000,0.000000,0.000000,0.000000,0.000000,0.000000
0.000000,0.000000,0.000000,0.000000,0.000000,0.000000,1000.000182,1000.000292,1000.000391,1000.000491,1000.000580,1000.000635,1000.000634,1000.000590,1000.000530,1000.000472,1000.000418,1000.000364,1000.000311,1000.000260,1000.000211,1000.000163,1000.000117,1000.000072,1000.000029,999.999988,999.999948,999.999909,999.999872,999.999837,999.999803,999.999771,999.999740,999.999711,999.999684,999.999658,999.999634,999.999611,999.999590,999.999570,999.999552,999.999536,999.999521,999.999508,999.999496,999.999486,999.999477,999.999470,999.999465,999.999461,999.999458,999.999458,999.999458,999.999461,999.999465,999.999470,999.999477,999.999486,999.999496,999.999508,999.999521,999.999536,999.999552,999.999570,999.999590,999.999611,999.999634,999.999658,999.999684,999.999711,999.999740,999.999771,999.999803,999.999837,999.999872,999.999909,999.999948,999.999988,1000.000029,1000.000072,1000.000117,1000.000163,1000.000211,1000.000260,1000.000311,1000.000364,1000.000418,1000.000472,1000.000530,1000.000590,1000.000634,1000.000635,1000.000580,1000.000491,1000.000391,1000.000292,1000.000182,0.000000,0.000000,0.000000,0.000000,0.000000,0.000000
0.000000,0.000000,0.000000,0.000000,0.000000,0.000000,1000.000234,1000.000339,1000.000440,1000.000538,1000.000614,1000.000642,1000.000615,1000.000559,1000.000498,1000.000441,1000.000386,1000.000331,1000.000279,1000.000228,1000.000179,1000.000131,1000.000085,1000.000040,999.999997,999.999955,999.999915,999.999877,999.999840,999.999805,999.999771,999.999739,999.999708,999.999679,999.999652,999.999626,999.999602,999.999579,999.999558,999.999538,999.999520,999.999504,999.999489,999.999475,999.999464,999.999454,999.999445,999.999438,999.999432,999.999428,999.999426,999.999425,999.999426,999.999428,999.999432,999.999438,999.999445,999.999454,999.999464,999.999475,999.999489,999.999504,999.999520,999.999538,999.999558,999.999579,999.999602,999.999626,999.999652,999.999679,999.999708,999.999739,999.999771,999.999805,999.999840,999.999877,999.999915,999.999955,999.999997,1000.000040,1000.000085,1000.000131,1000.000179,1000.000228,1000.000279,1000.000331,1000.000386,1000.000441,1000.000498,1000.000559,1000.000615,1000.000642,1000.000614,1000.000538,1000.000440,1000.000339,1000.000234,0.000000,0.000000,0.000000,0.000000,0.000000,0.000000
0.000000,0.000000,0.000000,0.000000,0.000000,1000.000174,1000.000285,1000.000386,1000.000488,1000.000579,1000.000635,1000.000635,1000.000589,1000.000528,1000.000468,1000.000411,1000.000355,1000.000301,1000.000248,1000.000197,1000.000148,1000.000100,1000.000054,1000.000009,999.999966,999.999925,999.999885,999.999846,999.999810,999.999774,999.999740,999.999708,999.999678,999.999649,999.999621,999.999595,999.999571,999.999548,999.999527,999.999508,999.999490,999.999473,999.999458,999.999445,999.999433,999.999423,999.999414,999.999407,999.999402,999.999398,999.999395,999.999395,999.999395,999.999398,999.999402,999.999407,999.999414,999.999423,999.999433,999.999445,999.999458,999.999473,999.999490,999.999508,999.999527,999.999548,999.999571,999.999595,999.999621,999.999649,999.999678,999.999708,999.999740,999.999774,999.999810,999.999846,999.999885,999.999925,999.999966,1000.000009,1000.000054,1000.000100,1000.000148,1000.000197,1000.000248,1000.000301,1000.000355,1000.000411,1000.000468,1000.000528,1000.000589,1000.000635,1000.000635,1000.000579,1000.000488,1000.000386,1000.000285,1000.000174,0.000000,0.000000,0.000000,0.000000,0.000000
0.000000,0.000000,0.000000,0.000000,0.000000,1000.000220,1000.000328,1000.000431,1000.000532,1000.000611,1000.000641,1000.000616,1000.000560,1000.000497,1000.000439,1000.000382,1000.000326,1000.000272,1000.000219,1000.000168,1000.000119,1000.000071,1000.000025,999.999980,999.999937,999.999896,999.999856,999.999817,999.999780,999.999745,999.999711,999.999679,999.999649,999.999620,999.999592,999.999566,999.999542,999.999519,999.999498,999.999479,999.999460,999.999444,999.999429,999.999416,999.999404,999.999394,999.999385,999.999378,999.999373,999.999369,999.999366,999.999366,999.999366,999.999369,999.999373,999.999378,999.999385,999.999394,999.999404,999.999416,999.999429,999.999444,999.999460,999.999479,999.999498,999.999519,999.999542,999.999566,999.999592,999.999620,999.999649,999.999679,999.999711,999.999745,999.999780,999.999817,999.999856,999.999896,999.999937,999.999980,1000.000025,1000.000071,1000.000119,1000.000168,1000.000219,1000.000272,1000.000326,1000.000382,1000.000439,1000.000497,1000.000560,1000.000616,1000.000641,1000.000611,1000.000532,1000.000431,1000.000328,1000.000220,0.000000,0.000000,0.000000,0.000000,0.000000
0.000000,0.000000,0.000000,0.000000,1000.000152,1000.000265,1000.000369,1000.000474,1000.000571,1000.000632,1000.000635,1000.000591,1000.000530,1000.000469,1000.000411,1000.000354,1000.000298,1000.000244,1000.000192,1000.000141,1000.000092,1000.000044,999.999998,999.999953,999.999910,999.999868,999.999828,999.999790,999.999753,999.999718,999.999684,999.999652,999.999621,999.999592,999.999565,999.999539,999.999515,999.999492,999.999471,999.999451,999.999433,999.999417,999.999402,999.999388,999.999377,999.999366,999.999358,999.999351,999.999345,999.999341,999.999339,999.999338,999.999339,999.999341,999.999345,999.999351,999.999358,999.999366,999.999377,999.999388,999.999402,999.999417,999.999433,999.999451,999.999471,999.999492,999.999515,999.999539,999.999565,999.999592,999.999621,999.999652,999.999684,999.999718,999.999753,999.999790,999.999828,999.999868,999.999910,999.999953,999.999998,1000.000044,1000.000092,1000.000141,1000.000192,1000.000244,1000.000298,1000.000354,1000.000411,1000.000469,1000.000530,1000.000591,1000.000635,1000.000632,1000.000571,1000.000474,1000.000369,1000.000265,1000.000152,0.000000,0.000000,0.000000,0.000000
0.000000,0.000000,0.000000,0.000000,1000.000194,1000.000303,1000.000407,1000.000513,1000.000601,1000.000640,1000.000619,1000.000565,1000.000502,1000.000443,1000.000385,1000.000327,1000.000272,1000.000218,1000.000166,1000.000115,1000.000066,1000.000018,999.999972,999.999927,999.999884,999.999842,999.999802,999.999764,999.999727,999.999692,999.999658,999.999626,999.999595,999.999566,999.999539,999.999513,999.999489,999.999466,999.999445,999.999425,999.999407,999.999391,999.999376,999.999362,999.999351,999.999340,999.999332,999.999325,999.999319,999.999315,999.999313,999.999312,999.999313,999.999315,999.999319,999.999325,999.999332,999.999340,999.999351,999.999362,999.999376,999.999391,999.999407,999.999425,999.999445,999.999466,999.999489,999.999513,999.999539,999.999566,999.999595,999.999626,999.999658,999.999692,999.999727,999.999764,999.999802,999.999842,999.999884,999.999927,999.999972,1000.000018,1000.000066,1000.000115,1000.000166,1000.000218,1000.000272,1000.000327,1000.000385,1000.000443,1000.000502,1000.000565,1000.000619,1000.000640,1000.000601,1000.000513,1000.000407,1000.000303,1000.000194,0.000000,0.000000,0.000000,0.000000
