0.000000,0.000000,0.000000,0.000000,0.000000,0.000000,0.000000,0.000000,0.000000,0.000000,0.000000,0.000000,0.000000,0.000000,0.000000,0.000000,0.000000,0.000000,0.000000,0.000000,0.000000,0.000000,0.000000,0.000000,0.000000,0.000000,0.000000,0.000000,0.000000,0.000000,0.000000,0.000000,0.000000,0.000000,0.000000,0.000000,0.000000,0.000000,0.000000,0.000000,0.000000,0.000000,0.000000,0.000000,0.000000,0.000000,0.000000,0.000000,0.000000,0.000000,0.000000,0.000000,0.000000,0.000000,0.000000,0.000000,0.000000,0.000000,0.000000,0.000000,0.000000,0.000000,0.000000,0.000000,0.000000,0.000000,0.000000,0.000000,0.000000,0.000000,0.000000,0.000000,0.000000,0.000000,0.000000,0.000000,0.000000,0.000000,0.000000,0.000000,0.000000,0.000000,0.000000,0.000000,0.000000,0.000000,0.000000,0.000000,0.000000,0.000000,0.000000,0.000000,0.000000,0.000000,0.000000,0.000000,0.000000,0.000000,0.000000,0.000000,0.000000,0.000000,0.000000
0.000000,0.000000,0.000000,0.000000,0.000000,0.000000,0.000000,0.000000,0.000000,0.000000,0.000000,0.000000,0.000000,0.000000,0.000000,0.000000,0.000000,0.000000,0.000000,0.000000,0.000000,0.000000,0.000000,0.000000,0.000000,0.000000,0.000000,0.000000,0.000000,0.000000,0.000000,0.000000,0.000000,0.000000,0.000000,0.000000,0.000000,0.000000,0.000000,0.000000,0.000000,0.000000,0.000000,0.000000,0.000000,0.000000,0.000000,0.000000,0.000000,0.000000,0.000000,1000.000087,0.000000,0.000000,0.000000,0.000000,0.000000,0.000000,0.000000,0.000000,0.000000,0.000000,0.000000,0.000000,0.000000,0.000000,0.000000,0.000000,0.000000,0.000000,0.000000,0.000000,0.000000,0.000000,0.000000,0.000000,0.000000,0.000000,0.000000,0.000000,0.000000,0.000000,0.000000,0.000000,0.000000,0.000000,0.000000,0.000000,0.000000,0.000000,0.000000,0.000000,0.000000,0.000000,0.000000,0.000000,0.000000,0.000000,0.000000,0.000000,0.000000,0.000000,0.000000
0.000000,0.000000,0.000000,0.000000,0.000000,0.000000,0.000000,0.000000,0.000000,0.000000,0.000000,0.000000,0.000000,0.000000,0.000000,0.000000,0.000000,0.000000,0.000000,0.000000,0.000000,0.000000,0.000000,0.000000,0.000000,0.000000,0.000000,0.000000,0.000000,0.000000,0.000000,0.000000,0.000000,0.000000,0.000000,0.000000,0.000000,0.000000,0.000000,0.000000,0.000000,0.000000,1000.000159,1000.000185,1000.000198,1000.000205,1000.000209,1000.000210,1000.000210,1000.000209,1000.000208,1000.000214,1000.000208,1000.000209,1000.000210,1000.000210,1000.000209,1000.000205,1000.000198,1000.000185,1000.000159,0.000000,0.000000,0.000000,0.000000,0.000000,0.000000,0.000000,0.000000,0.000000,0.000000,0.000000,0.000000,0.000000,0.000000,0.000000,0.000000,0.000000,0.000000,0.000000,0.000000,0.000000,0.000000,0.000000,0.000000,0.000000,0.000000,0.000000,0.000000,0.000000,0.000000,0.000000,0.000000,0.000000,0.000000,0.000000,0.000000,0.000000,0.000000,0.000000,0.000000,0.000000,0.000000
0.000000,0.000000,0.000000,0.000000,0.000000,0.000000,0.000000,0.000000,0.000000,0.000000,0.000000,0.000000,0.000000,0.000000,0.000000,0.000000,0.000000,0.000000,0.000000,0.000000,0.000000,0.000000,0.000000,0.000000,0.000000,0.000000,0.000000,0.000000,0.000000,0.000000,0.000000,0.000000,0.000000,0.000000,0.000000,0.000000,0.000000,1000.000153,1000.000191,1000.000222,1000.000246,1000.000266,1000.000285,1000.000302,1000.000314,1000.000323,1000.000328,1000.000331,1000.000332,1000.000332,1000.000332,1000.000333,1000.000332,1000.000332,1000.000332,1000.000331,1000.000328,1000.000323,1000.000314,1000.000302,1000.000285,1000.000266,1000.000246,1000.000222,1000.000191,1000.000153,0.000000,0.000000,0.000000,0.000000,0.000000,0.000000,0.000000,0.000000,0.000000,0.000000,0.000000,0.000000,0.000000,0.000000,0.000000,0.000000,0.000000,0.000000,0.000000,0.000000,0.000000,0.000000,0.000000,0.000000,0.000000,0.000000,0.000000,0.000000,0.000000,0.000000,0.000000,0.000000,0.000000,0.000000,0.000000,0.000000,0.000000
0.000000,0.000000,0.000000,0.000000,0.000000,0.000000,0.000000,0.000000,0.000000,0.000000,0.000000,0.000000,0.000000,0.000000,0.000000,0.000000,0.000000,0.000000,0.000000,0.000000,0.000000,0.000000,0.000000,0.000000,0.000000,0.000000,0.000000,0.000000,0.000000,0.000000,0.000000,0.000000,0.000000,0.000000,1000.000160,1000.000203,1000.000240,1000.000276,1000.000307,1000.000335,1000.000361,1000.000384,1000.000404,1000.000421,1000.000433,1000.000440,1000.000445,1000.000448,1000.000449,1000.000450,1000.000450,1000.000450,1000.000450,1000.000450,1000.000449,1000.000448,1000.000445,1000.000440,1000.000433,1000.000421,1000.000404,1000.000384,1000.000361,1000.000335,1000.000307,1000.000276,1000.000240,1000.000203,1000.000160,0.000000,0.000000,0.000000,0.000000,0.000000,0.000000,0.000000,0.000000,0.000000,0.000000,0.000000,0.000000,0.000000,0.000000,0.000000,0.000000,0.000000,0.000000,0.000000,0.000000,0.000000,0.000000,0.000000,0.000000,0.000000,0.000000,0.000000,0.000000,0.000000,0.000000,0.000000,0.000000,0.000000,0.000000
0.000000,0.000000,0.000000,0.000000,0.000000,0.000000,0.000000,0.000000,0.000000,0.000000,0.000000,0.000000,0.000000,0.000000,0.000000,0.000000,0.000000,0.000000,0.000000,0.000000,0.000000,0.000000,0.000000,0.000000,0.000000,0.000000,0.000000,0.000000,0.000000,0.000000,0.000000,0.000000,1000.000182,1000.000231,1000.000279,1000.000318,1000.000353,1000.000389,1000.000420,1000.000449,1000.000475,1000.000499,1000.000521,1000.000538,1000.000549,1000.000555,1000.000558,1000.000560,1000.000561,1000.000562,1000.000562,1000.000562,1000.000562,1000.000562,1000.000561,1000.000560,1000.000558,1000.000555,1000.000549,1000.000538,1000.000521,1000.000499,1000.000475,1000.000449,1000.000420,1000.000389,1000.000353,1000.000318,1000.000279,1000.000231,1000.000182,0.000000,0.000000,0.000000,0.000000,0.000000,0.000000,0.000000,0.000000,0.000000,0.000000,0.000000,0.000000,0.000000,0.000000,0.000000,0.000000,0.000000,0.000000,0.000000,0.000000,0.000000,0.000000,0.000000,0.000000,0.000000,0.000000,0.000000,0.000000,0.000000,0.000000,0.000000,0.000000
0.000000,0.000000,0.000000,0.000000,0.000000,0.000000,0.000000,0.000000,0.000000,0.000000,0.000000,0.000000,0.000000,0.000000,0.000000,0.000000,0.000000,0.000000,0.000000,0.000000,0.000000,0.000000,0.000000,0.000000,0.000000,0.000000,0.000000,0.000000,0.000000,0.000000,1000.000191,1000.000246,1000.000299,1000.000344,1000.000388,1000.000428,1000.000466,1000.000502,1000.000533,1000.000559,1000.000582,1000.000602,1000.000620,1000.000631,1000.000638,1000.000641,1000.000643,1000.000644,1000.000644,1000.000644,1000.000644,1000.000644,1000.000644,1000.000644,1000.000644,1000.000644,1000.000643,1000.000641,1000.000638,1000.000631,1000.000620,1000.000602,1000.000582,1000.000559,1000.000533,1000.000502,1000.000466,1000.000428,1000.000388,1000.000344,1000.000299,1000.000246,1000.000191,0.000000,0.000000,0.000000,0.000000,0.000000,0.000000,0.000000,0.000000,0.000000,0.000000,0.000000,0.000000,0.000000,0.000000,0.000000,0.000000,0.000000,0.000000,0.000000,0.000000,0.000000,0.000000,0.000000,0.000000,0.000000,0.000000,0.000000,0.000000,0.000000,0.000000
0.000000,0.000000,0.000000,0.000000,0.000000,0.000000,0.000000,0.000000,0.000000,0.000000,0.000000,0.000000,0.000000,0.000000,0.000000,0.000000,0.000000,0.000000,0.000000,0.000000,0.000000,0.000000,0.000000,0.000000,0.000000,0.000000,0.000000,0.000000,1000.000190,1000.000249,1000.000307,1000.000356,1000.000406,1000.000453,1000.000498,1000.000539,1000.000574,1000.000604,1000.000628,1000.000644,1000.000655,1000.000663,1000.000665,1000.000664,1000.000662,1000.000661,1000.000660,1000.000659,1000.000658,1000.000658,1000.000658,1000.000657,1000.000658,1000.000658,1000.000658,1000.000659,1000.000660,1000.000661,1000.000662,1000.000664,1000.000665,1000.000663,1000.000655,1000.000644,1000.000628,1000.000604,1000.000574,1000.000539,1000.000498,1000.000453,1000.000406,1000.000356,1000.000307,1000.000249,1000.000190,0.000000,0.000000,0.000000,0.000000,0.000000,0.000000,0.000000,0.000000,0.000000,0.000000,0.000000,0.000000,0.000000,0.000000,0.000000,0.000000,0.000000,0.000000,0.000000,0.000000,0.000000,0.000000,0.000000,0.000000,0.000000,0.000000,0.000000,0.000000
0.000000,0.000000,0.000000,0.000000,0.000000,0.000000,0.000000,0.000000,0.000000,0.000000,0.000000,0.000000,0.000000,0.000000,0.000000,0.000000,0.000000,0.000000,0.000000,0.000000,0.000000,0.000000,0.000000,0.000000,0.000000,0.000000,1000.000181,1000.000244,1000.000304,1000.000358,1000.000411,1000.000462,1000.000513,1000.000559,1000.000599,1000.000630,1000.000651,1000.000665,1000.000670,1000.000669,1000.000664,1000.000656,1000.000643,1000.000630,1000.000621,1000.000616,1000.000613,1000.000610,1000.000609,1000.000607,1000.000607,1000.000607,1000.000607,1000.000607,1000.000609,1000.000610,1000.000613,1000.000616,1000.000621,1000.000630,1000.000643,1000.000656,1000.000664,1000.000669,1000.000670,1000.000665,1000.000651,1000.000630,1000.000599,1000.000559,1000.000513,1000.000462,1000.000411,1000.000358,1000.000304,1000.000244,1000.000181,0.000000,0.000000,0.000000,0.000000,0.000000,0.000000,0.000000,0.000000,0.000000,0.000000,0.000000,0.000000,0.000000,0.000000,0.000000,0.000000,0.000000,0.000000,0.000000,0.000000,0.000000,0.000000,0.000000,0.000000,0.000000,0.000000
0.000000,0.000000,0.000000,0.000000,0.000000,0.000000,0.000000,0.000000,0.000000,0.000000,0.000000,0.000000,0.000000,0.000000,0.000000,0.000000,0.000000,0.000000,0.000000,0.000000,0.000000,0.000000,0.000000,0.000000,1000.000155,1000.000225,1000.000292,1000.000350,1000.000407,1000.000462,1000.000515,1000.000565,1000.000607,1000.000641,1000.000663,1000.000671,1000.000669,1000.000661,1000.000647,1000.000631,1000.000616,1000.000600,1000.000583,1000.000567,1000.000556,1000.000548,1000.000543,1000.000539,1000.000537,1000.000535,1000.000534,1000.000533,1000.000534,1000.000535,1000.000537,1000.000539,1000.000543,1000.000548,1000.000556,1000.000567,1000.000583,1000.000600,1000.000616,1000.000631,1000.000647,1000.000661,1000.000669,1000.000671,1000.000663,1000.000641,1000.000607,1000.000565,1000.000515,1000.000462,1000.000407,1000.000350,1000.000292,1000.000225,1000.000155,0.000000,0.000000,0.000000,0.000000,0.000000,0.000000,0.000000,0.000000,0.000000,0.000000,0.000000,0.000000,0.000000,0.000000,0.000000,0.000000,0.000000,0.000000,0.000000,0.000000,0.000000,0.000000,0.000000,0.000000
0.000000,0.000000,0.000000,0.000000,0.000000,0.000000,0.000000,0.000000,0.000000,0.000000,0.000000,0.000000,0.000000,0.000000,0.000000,0.000000,0.000000,0.000000,0.000000,0.000000,0.000000,0.000000,0.000000,1000.000187,1000.000263,1000.000328,1000.000392,1000.000452,1000.000510,1000.000563,1000.000609,1000.000644,1000.000666,1000.000672,1000.000666,1000.000650,1000.000630,1000.000609,1000.000587,1000.000566,1000.000548,1000.000531,1000.000515,1000.000501,1000.000490,1000.000481,1000.000474,1000.000470,1000.000466,1000.000464,1000.000462,1000.000462,1000.000462,1000.000464,1000.000466,1000.000470,1000.000474,1000.000481,1000.000490,1000.000501,1000.000515,1000.000531,1000.000548,1000.000566,1000.000587,1000.000609,1000.000630,1000.000650,1000.000666,1000.000672,1000.000666,1000.000644,1000.000609,1000.000563,1000.000510,1000.000452,1000.000392,1000.000328,1000.000263,1000.000187,0.000000,0.000000,0.000000,0.000000,0.000000,0.000000,0.000000,0.000000,0.000000,0.000000,0.000000,0.000000,0.000000,0.000000,0.000000,0.000000,0.000000,0.000000,0.000000,0.000000,0.000000,0.000000,0.000000
0.000000,0.000000,0.000000,0.000000,0.000000,0.000000,0.000000,0.000000,0.000000,0.000000,0.000000,0.000000,0.000000,0.000000,0.000000,0.000000,0.000000,0.000000,0.000000,0.000000,0.000000,1000.000138,1000.000217,1000.000293,1000.000360,1000.000427,1000.000493,1000.000553,1000.000604,1000.000642,1000.000666,1000.000673,1000.000666,1000.000646,1000.000620,1000.000593,1000.000566,1000.000542,1000.000520,1000.000500,1000.000481,1000.000465,1000.000449,1000.000436,1000.000424,1000.000415,1000.000407,1000.000402,1000.000398,1000.000395,1000.000393,1000.000393,1000.000393,1000.000395,1000.000398,1000.000402,1000.000407,1000.000415,1000.000424,1000.000436,1000.000449,1000.000465,1000.000481,1000.000500,1000.000520,1000.000542,1000.000566,1000.000593,1000.000620,1000.000646,1000.000666,1000.000673,1000.000666,1000.000642,1000.000604,1000.000553,1000.000493,1000.000427,1000.000360,1000.000293,1000.000217,1000.000138,0.000000,0.000000,0.000000,0.000000,0.000000,0.000000,0.000000,0.000000,0.000000,0.000000,0.000000,0.000000,0.000000,0.000000,0.000000,0.000000,0.000000,0.000000,0.000000,0.000000,0.000000
0.000000,0.000000,0.000000,0.000000,0.000000,0.000000,0.000000,0.000000,0.000000,0.000000,0.000000,0.000000,0.000000,0.000000,0.000000,0.000000,0.000000,0.000000,0.000000,0.000000,1000.000161,1000.000244,1000.000315,1000.000385,1000.000455,1000.000525,1000.000587,1000.000634,1000.000662,1000.000672,1000.000666,1000.000646,1000.000618,1000.000588,1000.000557,1000.000528,1000.000501,1000.000478,1000.000456,1000.000436,1000.000417,1000.000400,1000.000385,1000.000371,1000.000360,1000.000350,1000.000342,1000.000336,1000.000332,1000.000328,1000.000327,1000.000326,1000.000327,1000.000328,1000.000332,1000.000336,1000.000342,1000.000350,1000.000360,1000.000371,1000.000385,1000.000400,1000.000417,1000.000436,1000.000456,1000.000478,1000.000501,1000.000528,1000.000557,1000.000588,1000.000618,1000.000646,1000.000666,1000.000672,1000.000662,1000.000634,1000.000587,1000.000525,1000.000455,1000.000385,1000.000315,1000.000244,1000.000161,0.000000,0.000000,0.000000,0.000000,0.000000,0.000000,0.000000,0.000000,0.000000,0.000000,0.000000,0.000000,0.000000,0.000000,0.000000,0.000000,0.000000,0.000000,0.000000,0.000000
0.000000,0.000000,0.000000,0.000000,0.000000,0.000000,0.000000,0.000000,0.000000,0.000000,0.000000,0.000000,0.000000,0.000000,0.000000,0.000000,0.000000,0.000000,0.000000,1000.000179,1000.000264,1000.000338,1000.000408,1000.000479,1000.000548,1000.000608,1000.000652,1000.000670,1000.000666,1000.000647,1000.000619,1000.000587,1000.000554,1000.000522,1000.000493,1000.000465,1000.000440,1000.000416,1000.000393,1000.000373,1000.000354,1000.000337,1000.000322,1000.000308,1000.000297,1000.000287,1000.000279,1000.000272,1000.000267,1000.000264,1000.000262,1000.000261,1000.000262,1000.000264,1000.000267,1000.000272,1000.000279,1000.000287,1000.000297,1000.000308,1000.000322,1000.000337,1000.000354,1000.000373,1000.000393,1000.000416,1000.000440,1000.000465,1000.000493,1000.000522,1000.000554,1000.000587,1000.000619,1000.000647,1000.000666,1000.000670,1000.000652,1000.000608,1000.000548,1000.000479,1000.000408,1000.000338,1000.000264,1000.000179,0.000000,0.000000,0.000000,0.000000,0.000000,0.000000,0.000000,0.000000,0.000000,0.000000,0.000000,0.000000,0.000000,0.000000,0.000000,0.000000,0.000000,0.000000,0.000000
0.000000,0.000000,0.000000,0.000000,0.000000,0.000000,0.000000,0.000000,0.000000,0.000000,0.000000,0.000000,0.000000,0.000000,0.000000,0.000000,0.000000,0.000000,1000.000191,1000.000279,1000.000356,1000.000430,1000.000503,1000.000569,1000.000624,1000.000662,1000.000671,1000.000654,1000.000626,1000.000592,1000.000557,1000.000523,1000.000491,1000.000461,1000.000432,1000.000404,1000.000378,1000.000354,1000.000332,1000.000311,1000.000293,1000.000276,1000.000261,1000.000247,1000.000235,1000.000225,1000.000217,1000.000210,1000.000205,1000.000201,1000.000199,1000.000198,1000.000199,1000.000201,1000.000205,1000.000210,1000.000217,1000.000225,1000.000235,1000.000247,1000.000261,1000.000276,1000.000293,1000.000311,1000.000332,1000.000354,1000.000378,1000.000404,1000.000432,1000.000461,1000.000491,1000.000523,1000.000557,1000.000592,1000.000626,1000.000654,1000.000671,1000.000662,1000.000624,1000.000569,1000.000503,1000.000430,1000.000356,1000.000279,1000.000191,0.000000,0.000000,0.000000,0.000000,0.000000,0.000000,0.000000,0.000000,0.000000,0.000000,0.000000,0.000000,0.000000,0.000000,0.000000,0.000000,0.000000,0.000000
0.000000,0.000000,0.000000,0.000000,0.000000,0.000000,0.000000,0.000000,0.000000,0.000000,0.000000,0.000000,0.000000,0.000000,0.000000,0.000000,0.000000,1000.000197,1000.000287,1000.000367,1000.000445,1000.000523,1000.000590,1000.000640,1000.000668,1000.000670,1000.000646,1000.000609,1000.000569,1000.000531,1000.000496,1000.000463,1000.000431,1000.000401,1000.000372,1000.000344,1000.000318,1000.000294,1000.000272,1000.000252,1000.000233,1000.000216,1000.000201,1000.000187,1000.000175,1000.000165,1000.000156,1000.000150,1000.000144,1000.000141,1000.000138,1000.000138,1000.000138,1000.000141,1000.000144,1000.000150,1000.000156,1000.000165,1000.000175,1000.000187,1000.000201,1000.000216,1000.000233,1000.000252,1000.000272,1000.000294,1000.000318,1000.000344,1000.000372,1000.000401,1000.000431,1000.000463,1000.000496,1000.000531,1000.000569,1000.000609,1000.000646,1000.000670,1000.000668,1000.000640,1000.000590,1000.000523,1000.000445,1000.000367,1000.000287,1000.000197,0.000000,0.000000,0.000000,0.000000,0.000000,0.000000,0.000000,0.000000,0.000000,0.000000,0.000000,0.000000,0.000000,0.000000,0.000000,0.000000,0.000000
0.000000,0.000000,0.000000,0.000000,0.000000,0.000000,0.000000,0.000000,0.000000,0.000000,0.000000,0.000000,0.000000,0.000000,0.000000,0.000000,1000.000199,1000.000291,1000.000373,1000.000454,1000.000534,1000.000603,1000.000652,1000.000670,1000.000663,1000.000636,1000.000596,1000.000552,1000.000510,1000.000473,1000.000439,1000.000405,1000.000373,1000.000342,1000.000313,1000.000286,1000.000260,1000.000236,1000.000214,1000.000193,1000.000175,1000.000158,1000.000142,1000.000129,1000.000117,1000.000106,1000.000098,1000.000091,1000.000085,1000.000082,1000.000079,1000.000079,1000.000079,1000.000082,1000.000085,1000.000091,1000.000098,1000.000106,1000.000117,1000.000129,1000.000142,1000.000158,1000.000175,1000.000193,1000.000214,1000.000236,1000.000260,1000.000286,1000.000313,1000.000342,1000.000373,1000.000405,1000.000439,1000.000473,1000.000510,1000.000552,1000.000596,1000.000636,1000.000663,1000.000670,1000.000652,1000.000603,1000.000534,1000.000454,1000.000373,1000.000291,1000.000199,0.000000,0.000000,0.000000,0.000000,0.000000,0.000000,0.000000,0.000000,0.000000,0.000000,0.000000,0.000000,0.000000,0.000000,0.000000,0.000000
0.000000,0.000000,0.000000,0.000000,0.000000,0.000000,0.000000,0.000000,0.000000,0.000000,0.000000,0.000000,0.000000,0.000000,0.000000,1000.000197,1000.000291,1000.000375,1000.000457,1000.000539,1000.000609,1000.000657,1000.000671,1000.000654,1000.000621,1000.000580,1000.000537,1000.000494,1000.000455,1000.000418,1000.000382,1000.000348,1000.000316,1000.000285,1000.000257,1000.000229,1000.000204,1000.000180,1000.000157,1000.000137,1000.000118,1000.000101,1000.000086,1000.000072,1000.000060,1000.000050,1000.000041,1000.000034,1000.000028,1000.000024,1000.000022,1000.000021,1000.000022,1000.000024,1000.000028,1000.000034,1000.000041,1000.000050,1000.000060,1000.000072,1000.000086,1000.000101,1000.000118,1000.000137,1000.000157,1000.000180,1000.000204,1000.000229,1000.000257,1000.000285,1000.000316,1000.000348,1000.000382,1000.000418,1000.000455,1000.000494,1000.000537,1000.000580,1000.000621,1000.000654,1000.000671,1000.000657,1000.000609,1000.000539,1000.000457,1000.000375,1000.000291,1000.000197,0.000000,0.000000,0.000000,0.000000,0.000000,0.000000,0.000000,0.000000,0.000000,0.000000,0.000000,0.000000,0.000000,0.000000,0.000000
0.000000,0.000000,0.000000,0.000000,0.000000,0.000000,0.000000,0.000000,0.000000,0.000000,0.000000,0.000000,0.000000,0.000000,1000.000191,1000.000287,1000.000373,1000.000457,1000.000540,1000.000611,1000.000659,1000.000671,1000.000649,1000.000610,1000.000565,1000.000521,1000.000480,1000.000439,1000.000401,1000.000363,1000.000327,1000.000293,1000.000261,1000.000230,1000.000201,1000.000174,1000.000149,1000.000125,1000.000103,1000.000082,1000.000063,1000.000046,1000.000031,1000.000017,1000.000005,999.999994,999.999985,999.999978,999.999973,999.999969,999.999966,999.999966,999.999966,999.999969,999.999973,999.999978,999.999985,999.999994,1000.000005,1000.000017,1000.000031,1000.000046,1000.000063,1000.000082,1000.000103,1000.000125,1000.000149,1000.000174,1000.000201,1000.000230,1000.000261,1000.000293,1000.000327,1000.000363,1000.000401,1000.000439,1000.000480,1000.000521,1000.000565,1000.000610,1000.000649,1000.000671,1000.000659,1000.000611,1000.000540,1000.000457,1000.000373,1000.000287,1000.000191,0.000000,0.000000,0.000000,0.000000,0.000000,0.000000,0.000000,0.000000,0.000000,0.000000,0.000000,0.000000,0.000000,0.000000
0.000000,0.000000,0.000000,0.000000,0.000000,0.000000,0.000000,0.000000,0.000000,0.000000,0.000000,0.000000,0.000000,1000.000179,1000.000279,1000.000367,1000.000454,1000.000539,1000.000611,1000.000660,1000.000671,1000.000648,1000.000605,1000.000557,1000.000510,1000.000467,1000.000426,1000.000386,1000.000346,1000.000309,1000.000274,1000.000240,1000.000207,1000.000177,1000.000148,1000.000121,1000.000095,1000.000071,1000.000049,1000.000029,1000.000010,999.999993,999.999977,999.999963,999.999951,999.999941,999.999932,999.999925,999.999919,999.999915,999.999913,999.999912,999.999913,999.999915,999.999919,999.999925,999.999932,999.999941,999.999951,999.999963,999.999977,999.999993,1000.000010,1000.000029,1000.000049,1000.000071,1000.000095,1000.000121,1000.000148,1000.000177,1000.000207,1000.000240,1000.000274,1000.000309,1000.000346,1000.000386,1000.000426,1000.000467,1000.000510,1000.000557,1000.000605,1000.000648,1000.000671,1000.000660,1000.000611,1000.000539,1000.000454,1000.000367,1000.000279,1000.000179,0.000000,0.000000,0.000000,0.000000,0.000000,0.000000,0.000000,0.000000,0.000000,0.000000,0.000000,0.000000,0.000000
0.000000,0.000000,0.000000,0.000000,0.000000,0.000000,0.000000,0.000000,0.000000,0.000000,0.000000,0.000000,1000.000161,1000.000264,1000.000356,1000.000445,1000.000534,1000.000609,1000.000659,1000.000671,1000.000647,1000.000604,1000.000553,1000.000504,1000.000459,1000.000416,1000.000374,1000.000333,1000.000294,1000.000257,1000.000222,1000.000188,1000.000156,1000.000125,1000.000096,1000.000069,1000.000043,1000.000020,999.999997,999.999977,999.999958,999.999941,999.999925,999.999911,999.999899,999.999889,999.999880,999.999873,999.999867,999.999863,999.999860,999.999860,999.999860,999.999863,999.999867,999.999873,999.999880,999.999889,999.999899,999.999911,999.999925,999.999941,999.999958,999.999977,999.999997,1000.000020,1000.000043,1000.000069,1000.000096,1000.000125,1000.000156,1000.000188,1000.000222,1000.000257,1000.000294,1000.000333,1000.000374,1000.000416,1000.000459,1000.000504,1000.000553,1000.000604,1000.000647,1000.000671,1000.000659,1000.000609,1000.000534,1000.000445,1000.000356,1000.000264,1000.000161,0.000000,0.000000,0.000000,0.000000,0.000000,0.000000,0.000000,0.000000,0.000000,0.000000,0.000000,0.000000
0.000000,0.000000,0.000000,0.000000,0.000000,0.000000,0.000000,0.000000,0.000000,0.000000,0.000000,1000.000138,1000.000244,1000.000338,1000.000430,1000.000523,1000.000603,1000.000657,1000.000671,1000.000648,1000.000604,1000.000552,1000.000501,1000.000455,1000.000410,1000.000366,1000.000323,1000.000283,1000.000244,1000.000207,1000.000171,1000.000138,1000.000105,1000.000075,1000.000046,1000.000019,999.999993,999.999969,999.999947,999.999927,999.999908,999.999891,999.999875,999.999861,999.999849,999.999838,999.999829,999.999822,999.999817,999.999812,999.999810,999.999809,999.999810,999.999812,999.999817,999.999822,999.999829,999.999838,999.999849,999.999861,999.999875,999.999891,999.999908,999.999927,999.999947,999.999969,999.999993,1000.000019,1000.000046,1000.000075,1000.000105,1000.000138,1000.000171,1000.000207,1000.000244,1000.000283,1000.000323,1000.000366,1000.000410,1000.000455,1000.000501,1000.000552,1000.000604,1000.000648,1000.000671,1000.000657,1000.000603,1000.000523,1000.000430,1000.000338,1000.000244,1000.000138,0.000000,0.000000,0.000000,0.000000,0.000000,0.000000,0.000000,0.000000,0.000000,0.000000,0.000000
0.000000,0.000000,0.000000,0.000000,0.000000,0.000000,0.000000,0.000000,0.000000,0.000000,0.000000,1000.000217,1000.000315,1000.000408,1000.000503,1000.000590,1000.000652,1000.000671,1000.000649,1000.000605,1000.000553,1000.000501,1000.000453,1000.000407,1000.000361,1000.000317,1000.000275,1000.000235,1000.000196,1000.000158,1000.000123,1000.000089,1000.000057,1000.000026,999.999997,999.999970,999.999945,999.999921,999.999899,999.999878,999.999859,999.999842,999.999827,999.999813,999.999800,999.999790,999.999781,999.999774,999.999768,999.999764,999.999761,999.999761,999.999761,999.999764,999.999768,999.999774,999.999781,999.999790,999.999800,999.999813,999.999827,999.999842,999.999859,999.999878,999.999899,999.999921,999.999945,999.999970,999.999997,1000.000026,1000.000057,1000.000089,1000.000123,1000.000158,1000.000196,1000.000235,1000.000275,1000.000317,1000.000361,1000.000407,1000.000453,1000.000501,1000.000553,1000.000605,1000.000649,1000.000671,1000.000652,1000.000590,1000.000503,1000.000408,1000.000315,1000.000217,0.000000,0.000000,0.000000,0.000000,0.000000,0.000000,0.000000,0.000000,0.000000,0.000000,0.000000
0.000000,0.000000,0.000000,0.000000,0.000000,0.000000,0.000000,0.000000,0.000000,0.000000,1000.000187,1000.000293,1000.000385,1000.000479,1000.000569,1000.000640,1000.000670,1000.000654,1000.000610,1000.000557,1000.000504,1000.000455,1000.000407,1000.000359,1000.000313,1000.000270,1000.000228,1000.000187,1000.000149,1000.000112,1000.000076,1000.000042,1000.000010,999.999979,999.999951,999.999923,999.999898,999.999874,999.999852,999.999831,999.999812,999.999795,999.999780,999.999766,999.999753,999.999743,999.999734,999.999726,999.999721,999.999717,999.999714,999.999713,999.999714,999.999717,999.999721,999.999726,999.999734,999.999743,999.999753,999.999766,999.999780,999.999795,999.999812,999.999831,999.999852,999.999874,999.999898,999.999923,999.999951,999.999979,1000.000010,1000.000042,1000.000076,1000.000112,1000.000149,1000.000187,1000.000228,1000.000270,1000.000313,1000.000359,1000.000407,1000.000455,1000.000504,1000.000557,1000.000610,1000.000654,1000.000670,1000.000640,1000.000569,1000.000479,1000.000385,1000.000293,1000.000187,0.000000,0.000000,0.000000,0.000000,0.000000,0.000000,0.000000,0.000000,0.000000,0.000000
0.000000,0.000000,0.000000,0.000000,0.000000,0.000000,0.000000,0.000000,0.000000,1000.000155,1000.000263,1000.000360,1000.000455,1000.000548,1000.000624,1000.000668,1000.000663,1000.000621,1000.000565,1000.000510,1000.000459,1000.000410,1000.000361,1000.000313,1000.000268,1000.000225,1000.000183,1000.000142,1000.000103,1000.000066,1000.000031,999.999997,999.999965,999.999934,999.999905,999.999878,999.999853,999.999829,999.999807,999.999786,999.999767,999.999750,999.999734,999.999720,999.999708,999.999697,999.999688,999.999681,999.999675,999.999671,999.999669,999.999668,999.999669,999.999671,999.999675,999.999681,999.999688,999.999697,999.999708,999.999720,999.999734,999.999750,999.999767,999.999786,999.999807,999.999829,999.999853,999.999878,999.999905,999.999934,999.999965,999.999997,1000.000031,1000.000066,1000.000103,1000.000142,1000.000183,1000.000225,1000.000268,1000.000313,1000.000361,1000.000410,1000.000459,1000.000510,1000.000565,1000.000621,1000.000663,1000.000668,1000.000624,1000.000548,1000.000455,1000.000360,1000.000263,1000.000155,0.000000,0.000000,0.000000,0.000000,0.000000,0.000000,0.000000,0.000000,0.000000
0.000000,0.000000,0.000000,0.000000,0.000000,0.000000,0.000000,0.000000,0.000000,1000.000225,1000.000328,1000.000427,1000.000525,1000.000608,1000.000662,1000.000670,1000.000636,1000.000580,1000.000521,1000.000467,1000.000416,1000.000366,1000.000317,1000.000270,1000.000225,1000.000181,1000.000139,1000.000098,1000.000060,1000.000023,999.999987,999.999953,999.999921,999.999891,999.999862,999.999835,999.999809,999.999785,999.999763,999.999742,999.999723,999.999706,999.999691,999.999677,999.999664,999.999654,999.999645,999.999637,999.999632,999.999628,999.999625,999.999624,999.999625,999.999628,999.999632,999.999637,999.999645,999.999654,999.999664,999.999677,999.999691,999.999706,999.999723,999.999742,999.999763,999.999785,999.999809,999.999835,999.999862,999.999891,999.999921,999.999953,999.999987,1000.000023,1000.000060,1000.000098,1000.000139,1000.000181,1000.000225,1000.000270,1000.000317,1000.000366,1000.000416,1000.000467,1000.000521,1000.000580,1000.000636,1000.000670,1000.000662,1000.000608,1000.000525,1000.000427,1000.000328,1000.000225,0.000000,0.000000,0.000000,0.000000,0.000000,0.000000,0.000000,0.000000,0.000000
0.000000,0.000000,0.000000,0.000000,0.000000,0.000000,0.000000,0.000000,1000.000181,1000.000292,1000.000392,1000.000493,1000.000587,1000.000652,1000.000671,1000.000646,1000.000596,1000.000537,1000.000480,1000.000426,1000.000374,1000.000323,1000.000275,1000.000228,1000.000183,1000.000139,1000.000097,1000.000056,1000.000018,999.999981,999.999945,999.999911,999.999879,999.999849,999.999820,999.999793,999.999767,999.999743,999.999721,999.999700,999.999681,999.999664,999.999649,999.999635,999.999622,999.999612,999.999603,999.999595,999.999590,999.999585,999.999583,999.999582,999.999583,999.999585,999.999590,999.999595,999.999603,999.999612,999.999622,999.999635,999.999649,999.999664,999.999681,999.999700,999.999721,999.999743,999.999767,999.999793,999.999820,999.999849,999.999879,999.999911,999.999945,999.999981,1000.000018,1000.000056,1000.000097,1000.000139,1000.000183,1000.000228,1000.000275,1000.000323,1000.000374,1000.000426,1000.000480,1000.000537,1000.000596,1000.000646,1000.000671,1000.000652,1000.000587,1000.000493,1000.000392,1000.000292,1000.000181,0.000000,0.000000,0.000000,0.000000,0.000000,0.000000,0.000000,0.000000
0.000000,0.000000,0.000000,0.000000,0.000000,0.000000,0.000000,0.000000,1000.000244,1000.000350,1000.000452,1000.000553,1000.000634,1000.000670,1000.000654,1000.000609,1000.000552,1000.000494,1000.000439,1000.000386,1000.000333,1000.000283,1000.000235,1000.000187,1000.000142,1000.000098,1000.000056,1000.000016,999.999977,999.999940,999.999905,999.999871,999.999839,999.999808,999.999779,999.999752,999.999727,999.999703,999.999681,999.999660,999.999641,999.999624,999.999608,999.999594,999.999582,999.999571,999.999562,999.999555,999.999549,999.999545,999.999543,999.999542,999.999543,999.999545,999.999549,999.999555,999.999562,999.999571,999.999582,999.999594,999.999608,999.999624,999.999641,999.999660,999.999681,999.999703,999.999727,999.999752,999.999779,999.999808,999.999839,999.999871,999.999905,999.999940,999.999977,1000.000016,1000.000056,1000.000098,1000.000142,1000.000187,1000.000235,1000.000283,1000.000333,1000.000386,1000.000439,1000.000494,1000.000552,1000.000609,1000.000654,1000.000670,1000.000634,1000.000553,1000.000452,1000.000350,1000.000244,0.000000,0.000000,0.000000,0.000000,0.000000,0.000000,0.000000,0.000000
0.000000,0.000000,0.000000,0.000000,0.000000,0.000000,0.000000,1000.000190,1000.000304,1000.000407,1000.000510,1000.000604,1000.000662,1000.000666,1000.000626,1000.000569,1000.000510,1000.000455,1000.000401,1000.000346,1000.000294,1000.000244,1000.000196,1000.000149,1000.000103,1000.000060,1000.000018,999.999977,999.999939,999.999901,999.999866,999.999832,999.999800,999.999770,999.999741,999.999714,999.999688,999.999664,999.999642,999.999621,999.999602,999.999585,999.999570,999.999556,999.999543,999.999533,999.999524,999.999516,999.999510,999.999506,999.999504,999.999503,999.999504,999.999506,999.999510,999.999516,999.999524,999.999533,999.999543,999.999556,999.999570,999.999585,999.999602,999.999621,999.999642,999.999664,999.999688,999.999714,999.999741,999.999770,999.999800,999.999832,999.999866,999.999901,999.999939,999.999977,1000.000018,1000.000060,1000.000103,1000.000149,1000.000196,1000.000244,1000.000294,1000.000346,1000.000401,1000.000455,1000.000510,1000.000569,1000.000626,1000.000666,1000.000662,1000.000604,1000.000510,1000.000407,1000.000304,1000.000190,0.000000,0.000000,0.000000,0.000000,0.000000,0.000000,0.000000
0.000000,0.000000,0.000000,0.000000,0.000000,0.000000,0.000000,1000.000249,1000.000358,1000.000462,1000.000563,1000.000642,1000.000672,1000.000647,1000.000592,1000.000531,1000.000473,1000.000418,1000.000363,1000.000309,1000.000257,1000.000207,1000.000158,1000.000112,1000.000066,1000.000023,999.999981,999.999940,999.999901,999.999864,999.999829,999.999795,999.999763,999.999733,999.999704,999.999677,999.999651,999.999627,999.999605,999.999584,999.999565,999.999548,999.999532,999.999518,999.999506,999.999495,999.999486,999.999479,999.999473,999.999469,999.999467,999.999466,999.999467,999.999469,999.999473,999.999479,999.999486,999.999495,999.999506,999.999518,999.999532,999.999548,999.999565,999.999584,999.999605,999.999627,999.999651,999.999677,999.999704,999.999733,999.999763,999.999795,999.999829,999.999864,999.999901,999.999940,999.999981,1000.000023,1000.000066,1000.000112,1000.000158,1000.000207,1000.000257,1000.000309,1000.000363,1000.000418,1000.000473,1000.000531,1000.000592,1000.000647,1000.000672,1000.000642,1000.000563,1000.000462,1000.000358,1000.000249,0.000000,0.000000,0.000000,0.000000,0.000000,0.000000,0.000000
0.000000,0.000000,0.000000,0.000000,0.000000,0.000000,1000.000191,1000.000307,1000.000411,1000.000515,1000.000609,1000.000666,1000.000666,1000.000619,1000.000557,1000.000496,1000.000439,1000.000382,1000.000327,1000.000274,1000.000222,1000.000171,1000.000123,1000.000076,1000.000031,999.999987,999.999945,999.999905,999.999866,999.999829,999.999793,999.999760,999.999728,999.999697,999.999668,999.999641,999.999616,999.999592,999.999569,999.999549,999.999530,999.999513,999.999497,999.999483,999.999471,999.999460,999.999451,999.999444,999.999438,999.999434,999.999431,999.999430,999.999431,999.999434,999.999438,999.999444,999.999451,999.999460,999.999471,999.999483,999.999497,999.999513,999.999530,999.999549,999.999569,999.999592,999.999616,999.999641,999.999668,999.999697,999.999728,999.999760,999.999793,999.999829,999.999866,999.999905,999.999945,999.999987,1000.000031,1000.000076,1000.000123,1000.000171,1000.000222,1000.000274,1000.000327,1000.000382,1000.000439,1000.000496,1000.000557,1000.000619,1000.000666,1000.000666,1000.000609,1000.000515,1000.000411,1000.000307,1000.000191,0.000000,0.000000,0.000000,0.000000,0.000000,0.000000
0.000000,0.000000,0.000000,0.000000,0.000000,0.000000,1000.000246,1000.000356,1000.000462,1000.000565,1000.000644,1000.000673,1000.000646,1000.000587,1000.000523,1000.000463,1000.000405,1000.000348,1000.000293,1000.000240,1000.000188,1000.000138,1000.000089,1000.000042,999.999997,999.999953,999.999911,999.999871,999.999832,999.999795,999.999760,999.999726,999.999694,999.999663,999.999635,999.999607,999.999582,999.999558,999.999536,999.999515,999.999496,999.999479,999.999463,999.999449,999.999437,999.999426,999.999417,999.999410,999.999404,999.999400,999.999397,999.999397,999.999397,999.999400,999.999404,999.999410,999.999417,999.999426,999.999437,999.999449,999.999463,999.999479,999.999496,999.999515,999.999536,999.999558,999.999582,999.999607,999.999635,999.999663,999.999694,999.999726,999.999760,999.999795,999.999832,999.999871,999.999911,999.999953,999.999997,1000.000042,1000.000089,1000.000138,1000.000188,1000.000240,1000.000293,1000.000348,1000.000405,1000.000463,1000.000523,1000.000587,1000.000646,1000.000673,1000.000644,1000.000565,1000.000462,1000.000356,1000.000246,0.000000,0.000000,0.000000,0.000000,0.000000,0.000000
0.000000,0.000000,0.000000,0.000000,0.000000,1000.000182,1000.000299,1000.000406,1000.000513,1000.000607,1000.000666,1000.000666,1000.000618,1000.000554,1000.000491,1000.000431,1000.000373,1000.000316,1000.000261,1000.000207,1000.000156,1000.000105,1000.000057,1000.000010,999.999965,999.999921,999.999879,999.999839,999.999800,999.999763,999.999728,999.999694,999.999662,999.999631,999.999602,999.999575,999.999550,999.999526,999.999504,999.999483,999.999464,999.999447,999.999431,999.999417,999.999405,999.999394,999.999385,999.999378,999.999372,999.999368,999.999365,999.999365,999.999365,999.999368,999.999372,999.999378,999.999385,999.999394,999.999405,999.999417,999.999431,999.999447,999.999464,999.999483,999.999504,999.999526,999.999550,999.999575,999.999602,999.999631,999.999662,999.999694,999.999728,999.999763,999.999800,999.999839,999.999879,999.999921,999.999965,1000.000010,1000.000057,1000.000105,1000.000156,1000.000207,1000.000261,1000.000316,1000.000373,1000.000431,1000.000491,1000.000554,1000.000618,1000.000666,1000.000666,1000.000607,1000.000513,1000.000406,1000.000299,1000.000182,0.000000,0.000000,0.000000,0.000000,0.000000
0.000000,0.000000,0.000000,0.000000,0.000000,1000.000231,1000.000344,1000.000453,1000.000559,1000.000641,1000.000672,1000.000646,1000.000588,1000.000522,1000.000461,1000.000401,1000.000342,1000.000285,1000.000230,1000.000177,1000.000125,1000.000075,1000.000026,999.999979,999.999934,999.999891,999.999849,999.999808,999.999770,999.999733,999.999697,999.999663,999.999631,999.999601,999.999572,999.999545,999.999519,999.999495,999.999473,999.999453,999.999434,999.999416,999.999401,999.999387,999.999374,999.999364,999.999355,999.999347,999.999341,999.999337,999.999335,999.999334,999.999335,999.999337,999.999341,999.999347,999.999355,999.999364,999.999374,999.999387,999.999401,999.999416,999.999434,999.999453,999.999473,999.999495,999.999519,999.999545,999.999572,999.999601,999.999631,999.999663,999.999697,999.999733,999.999770,999.999808,999.999849,999.999891,999.999934,999.999979,1000.000026,1000.000075,1000.000125,1000.000177,1000.000230,1000.000285,1000.000342,1000.000401,1000.000461,1000.000522,1000.000588,1000.000646,1000.000672,1000.000641,1000.000559,1000.000453,1000.000344,1000.000231,0.000000,0.000000,0.000000,0.000000,0.000000
0.000000,0.000000,0.000000,0.000000,1000.000160,1000.000279,1000.000388,1000.000498,1000.000599,1000.000663,1000.000666,1000.000620,1000.000557,1000.000493,1000.000432,1000.000372,1000.000313,1000.000257,1000.000201,1000.000148,1000.000096,1000.000046,999.999997,999.999951,999.999905,999.999862,999.999820,999.999779,999.999741,999.999704,999.999668,999.999635,999.999602,999.999572,999.999543,999.999516,999.999490,999.999467,999.999444,999.999424,999.999405,999.999387,999.999372,999.999358,999.999345,999.999335,999.999326,999.999318,999.999313,999.999308,999.999306,999.999305,999.999306,999.999308,999.999313,999.999318,999.999326,999.999335,999.999345,999.999358,999.999372,999.999387,999.999405,999.999424,999.999444,999.999467,999.999490,999.999516,999.999543,999.999572,999.999602,999.999635,999.999668,999.999704,999.999741,999.999779,999.999820,999.999862,999.999905,999.999951,999.999997,1000.000046,1000.000096,1000.000148,1000.000201,1000.000257,1000.000313,1000.000372,1000.000432,1000.000493,1000.000557,1000.000620,1000.000666,1000.000663,1000.000599,1000.000498,1000.000388,1000.000279,1000.000160,0.000000,0.000000,0.000000,0.000000
0.000000,0.000000,0.000000,0.000000,1000.000203,1000.000318,1000.000428,1000.000539,1000.000630,1000.000671,1000.000650,1000.000593,1000.000528,1000.000465,1000.000404,1000.000344,1000.000286,1000.000229,1000.000174,1000.000121,1000.000069,1000.000019,999.999970,999.999923,999.999878,999.999835,999.999793,999.999752,999.999714,999.999677,999.999641,999.999607,999.999575,999.999545,999.999516,999.999489,999.999463,999.999439,999.999417,999.999397,999.999378,999.999360,999.999345,999.999331,999.999318,999.999308,999.999299,999.999291,999.999285,999.999281,999.999279,999.999278,999.999279,999.999281,999.999285,999.999291,999.999299,999.999308,999.999318,999.999331,999.999345,999.999360,999.999378,999.999397,999.999417,999.999439,999.999463,999.999489,999.999516,999.999545,999.999575,999.999607,999.999641,999.999677,999.999714,999.999752,999.999793,999.999835,999.999878,999.999923,999.999970,1000.000019,1000.000069,1000.000121,1000.000174,1000.000229,1000.000286,1000.000344,1000.000404,1000.000465,1000.000528,1000.000593,1000.000650,1000.000671,1000.000630,1000.000539,1000.000428,1000.000318,1000.000203,0.000000,0.000000,0.000000,0.000000
