0.000000,0.000000,0.000000,0.000000,0.000000,0.000000,0.000000,0.000000,0.000000,0.000000,0.000000,0.000000,0.000000,0.000000,0.000000,0.000000,0.000000,0.000000,0.000000,0.000000,0.000000,0.000000,0.000000,0.000000,0.000000,0.000000,0.000000,0.000000,0.000000,0.000000,0.000000,0.000000,0.000000,0.000000,0.000000,0.000000,0.000000,0.000000,0.000000,0.000000,0.000000,0.000000,0.000000,0.000000,0.000000,0.000000,0.000000,0.000000,0.000000,0.000000,0.000000,0.000000,0.000000,0.000000,0.000000,0.000000,0.000000,0.000000,0.000000,0.000000,0.000000,0.000000,0.000000,0.000000,0.000000,0.000000,0.000000,0.000000,0.000000,0.000000,0.000000,0.000000,0.000000,0.000000,0.000000,0.000000,0.000000,0.000000,0.000000,0.000000,0.000000,0.000000,0.000000,0.000000,0.000000,0.000000,0.000000,0.000000,0.000000,0.000000,0.000000,0.000000,0.000000,0.000000,0.000000,0.000000,0.000000,0.000000,0.000000,0.000000,0.000000,0.000000,0.000000
0.000000,0.000000,0.000000,0.000000,0.000000,0.000000,0.000000,0.000000,0.000000,0.000000,0.000000,0.000000,0.000000,0.000000,0.000000,0.000000,0.000000,0.000000,0.000000,0.000000,0.000000,0.000000,0.000000,0.000000,0.000000,0.000000,0.000000,0.000000,0.000000,0.000000,0.000000,0.000000,0.000000,0.000000,0.000000,0.000000,0.000000,0.000000,0.000000,0.000000,0.000000,0.000000,0.000000,0.000000,0.000000,0.000000,0.000000,0.000000,0.000000,0.000000,0.000000,999.999636,0.000000,0.000000,0.000000,0.000000,0.000000,0.000000,0.000000,0.000000,0.000000,0.000000,0.000000,0.000000,0.000000,0.000000,0.000000,0.000000,0.000000,0.000000,0.000000,0.000000,0.000000,0.000000,0.000000,0.000000,0.000000,0.000000,0.000000,0.000000,0.000000,0.000000,0.000000,0.000000,0.000000,0.000000,0.000000,0.000000,0.000000,0.000000,0.000000,0.000000,0.000000,0.000000,0.000000,0.000000,0.000000,0.000000,0.000000,0.000000,0.000000,0.000000,0.000000
0.000000,0.000000,0.000000,0.000000,0.000000,0.000000,0.000000,0.000000,0.000000,0.000000,0.000000,0.000000,0.000000,0.000000,0.000000,0.000000,0.000000,0.000000,0.000000,0.000000,0.000000,0.000000,0.000000,0.000000,0.000000,0.000000,0.000000,0.000000,0.000000,0.000000,0.000000,0.000000,0.000000,0.000000,0.000000,0.000000,0.000000,0.000000,0.000000,0.000000,0.000000,0.000000,999.998056,999.995944,999.995889,999.996409,999.996928,999.997395,999.998002,999.998841,999.999570,999.999639,999.999731,1000.000422,1000.001152,1000.001606,1000.001972,1000.002257,1000.002523,1000.002462,1000.000996,0.000000,0.000000,0.000000,0.000000,0.000000,0.000000,0.000000,0.000000,0.000000,0.000000,0.000000,0.000000,0.000000,0.000000,0.000000,0.000000,0.000000,0.000000,0.000000,0.000000,0.000000,0.000000,0.000000,0.000000,0.000000,0.000000,0.000000,0.000000,0.000000,0.000000,0.000000,0.000000,0.000000,0.000000,0.000000,0.000000,0.000000,0.000000,0.000000,0.000000,0.000000,0.000000
0.000000,0.000000,0.000000,0.000000,0.000000,0.000000,0.000000,0.000000,0.000000,0.000000,0.000000,0.000000,0.000000,0.000000,0.000000,0.000000,0.000000,0.000000,0.000000,0.000000,0.000000,0.000000,0.000000,0.000000,0.000000,0.000000,0.000000,0.000000,0.000000,0.000000,0.000000,0.000000,0.000000,0.000000,0.000000,0.000000,0.000000,999.994802,999.992647,999.992550,999.993561,999.995210,999.997372,999.996830,999.996484,999.996641,999.997022,999.997533,999.998038,999.998576,999.999377,999.999560,999.999743,1000.000428,1000.000890,1000.001272,1000.001635,1000.001911,1000.001995,1000.001746,1000.001383,1000.002827,1000.003697,1000.004218,1000.004023,1000.002859,0.000000,0.000000,0.000000,0.000000,0.000000,0.000000,0.000000,0.000000,0.000000,0.000000,0.000000,0.000000,0.000000,0.000000,0.000000,0.000000,0.000000,0.000000,0.000000,0.000000,0.000000,0.000000,0.000000,0.000000,0.000000,0.000000,0.000000,0.000000,0.000000,0.000000,0.000000,0.000000,0.000000,0.000000,0.000000,0.000000,0.000000
0.000000,0.000000,0.000000,0.000000,0.000000,0.000000,0.000000,0.000000,0.000000,0.000000,0.000000,0.000000,0.000000,0.000000,0.000000,0.000000,0.000000,0.000000,0.000000,0.000000,0.000000,0.000000,0.000000,0.000000,0.000000,0.000000,0.000000,0.000000,0.000000,0.000000,0.000000,0.000000,0.000000,0.000000,999.992847,999.991235,999.992107,999.994246,999.993868,999.993653,999.994015,999.995326,999.996171,999.996298,999.996589,999.996796,999.997131,999.997581,999.998097,999.998562,999.999035,999.999498,999.999872,1000.000280,1000.000674,1000.001087,1000.001404,1000.001694,1000.001867,1000.001977,1000.002053,1000.002509,1000.003368,1000.003503,1000.003359,1000.003093,1000.004148,1000.004498,1000.003756,0.000000,0.000000,0.000000,0.000000,0.000000,0.000000,0.000000,0.000000,0.000000,0.000000,0.000000,0.000000,0.000000,0.000000,0.000000,0.000000,0.000000,0.000000,0.000000,0.000000,0.000000,0.000000,0.000000,0.000000,0.000000,0.000000,0.000000,0.000000,0.000000,0.000000,0.000000,0.000000,0.000000,0.000000
0.000000,0.000000,0.000000,0.000000,0.000000,0.000000,0.000000,0.000000,0.000000,0.000000,0.000000,0.000000,0.000000,0.000000,0.000000,0.000000,0.000000,0.000000,0.000000,0.000000,0.000000,0.000000,0.000000,0.000000,0.000000,0.000000,0.000000,0.000000,0.000000,0.000000,0.000000,0.000000,999.992137,999.990774,999.992549,999.992403,999.993014,999.993421,999.993607,999.994002,999.994419,999.995086,999.995571,999.996133,999.996495,999.996762,999.997175,999.997622,999.998046,999.998490,999.998911,999.999368,999.999800,1000.000160,1000.000576,1000.000942,1000.001286,1000.001536,1000.001755,1000.001943,1000.002284,1000.002557,1000.002935,1000.003204,1000.003357,1000.003453,1000.003613,1000.003924,1000.003812,1000.004552,1000.003879,0.000000,0.000000,0.000000,0.000000,0.000000,0.000000,0.000000,0.000000,0.000000,0.000000,0.000000,0.000000,0.000000,0.000000,0.000000,0.000000,0.000000,0.000000,0.000000,0.000000,0.000000,0.000000,0.000000,0.000000,0.000000,0.000000,0.000000,0.000000,0.000000,0.000000,0.000000,0.000000
0.000000,0.000000,0.000000,0.000000,0.000000,0.000000,0.000000,0.000000,0.000000,0.000000,0.000000,0.000000,0.000000,0.000000,0.000000,0.000000,0.000000,0.000000,0.000000,0.000000,0.000000,0.000000,0.000000,0.000000,0.000000,0.000000,0.000000,0.000000,0.000000,0.000000,999.990698,999.989433,999.991501,999.992016,999.992206,999.992373,999.992788,999.993076,999.993600,999.994041,999.994473,999.994972,999.995453,999.995949,999.996283,999.996735,999.997176,999.997596,999.997956,999.998429,999.998885,999.999264,999.999686,1000.000111,1000.000491,1000.000811,1000.001148,1000.001396,1000.001687,1000.001985,1000.002280,1000.002562,1000.002812,1000.003019,1000.003258,1000.003469,1000.003614,1000.003788,1000.003806,1000.003917,1000.004145,1000.004946,1000.004417,0.000000,0.000000,0.000000,0.000000,0.000000,0.000000,0.000000,0.000000,0.000000,0.000000,0.000000,0.000000,0.000000,0.000000,0.000000,0.000000,0.000000,0.000000,0.000000,0.000000,0.000000,0.000000,0.000000,0.000000,0.000000,0.000000,0.000000,0.000000,0.000000,0.000000
0.000000,0.000000,0.000000,0.000000,0.000000,0.000000,0.000000,0.000000,0.000000,0.000000,0.000000,0.000000,0.000000,0.000000,0.000000,0.000000,0.000000,0.000000,0.000000,0.000000,0.000000,0.000000,0.000000,0.000000,0.000000,0.000000,0.000000,0.000000,999.989291,999.988141,999.990149,999.990846,999.991210,999.991582,999.991851,999.992366,999.992710,999.993067,999.993550,999.993972,999.994378,999.994862,999.995358,999.995784,999.996248,999.996695,999.997062,999.997454,999.997956,999.998400,999.998807,999.999192,999.999628,1000.000033,1000.000360,1000.000711,1000.001036,1000.001383,1000.001637,1000.001955,1000.002205,1000.002480,1000.002754,1000.002965,1000.003204,1000.003430,1000.003555,1000.003740,1000.003936,1000.004038,1000.004174,1000.004320,1000.004568,1000.005365,1000.004761,0.000000,0.000000,0.000000,0.000000,0.000000,0.000000,0.000000,0.000000,0.000000,0.000000,0.000000,0.000000,0.000000,0.000000,0.000000,0.000000,0.000000,0.000000,0.000000,0.000000,0.000000,0.000000,0.000000,0.000000,0.000000,0.000000,0.000000,0.000000
0.000000,0.000000,0.000000,0.000000,0.000000,0.000000,0.000000,0.000000,0.000000,0.000000,0.000000,0.000000,0.000000,0.000000,0.000000,0.000000,0.000000,0.000000,0.000000,0.000000,0.000000,0.000000,0.000000,0.000000,0.000000,0.000000,999.988003,999.987042,999.988923,999.989591,999.990018,999.990435,999.990818,999.991375,999.991780,999.992174,999.992546,999.993026,999.993452,999.993842,999.994290,999.994788,999.995197,999.995675,999.996174,999.996615,999.997014,999.997444,999.997951,999.998308,999.998713,999.999153,999.999582,999.999935,1000.000321,1000.000683,1000.001021,1000.001344,1000.001635,1000.001880,1000.002149,1000.002430,1000.002699,1000.002918,1000.003111,1000.003353,1000.003516,1000.003687,1000.003893,1000.004049,1000.004257,1000.004375,1000.004529,1000.004664,1000.004925,1000.005578,1000.005189,0.000000,0.000000,0.000000,0.000000,0.000000,0.000000,0.000000,0.000000,0.000000,0.000000,0.000000,0.000000,0.000000,0.000000,0.000000,0.000000,0.000000,0.000000,0.000000,0.000000,0.000000,0.000000,0.000000,0.000000,0.000000,0.000000
0.000000,0.000000,0.000000,0.000000,0.000000,0.000000,0.000000,0.000000,0.000000,0.000000,0.000000,0.000000,0.000000,0.000000,0.000000,0.000000,0.000000,0.000000,0.000000,0.000000,0.000000,0.000000,0.000000,0.000000,999.987180,999.986439,999.987849,999.988460,999.988818,999.989300,999.989700,999.990315,999.990753,999.991146,999.991589,999.992003,999.992458,999.992902,999.993311,999.993724,999.994241,999.994703,999.995126,999.995610,999.996038,999.996497,999.996969,999.997400,999.997810,999.998230,999.998702,999.999142,999.999509,999.999857,1000.000253,1000.000616,1000.000966,1000.001253,1000.001564,1000.001855,1000.002171,1000.002395,1000.002684,1000.002902,1000.003113,1000.003308,1000.003520,1000.003675,1000.003858,1000.004024,1000.004176,1000.004404,1000.004567,1000.004679,1000.004869,1000.005003,1000.005166,1000.005637,1000.005347,0.000000,0.000000,0.000000,0.000000,0.000000,0.000000,0.000000,0.000000,0.000000,0.000000,0.000000,0.000000,0.000000,0.000000,0.000000,0.000000,0.000000,0.000000,0.000000,0.000000,0.000000,0.000000,0.000000,0.000000
0.000000,0.000000,0.000000,0.000000,0.000000,0.000000,0.000000,0.000000,0.000000,0.000000,0.000000,0.000000,0.000000,0.000000,0.000000,0.000000,0.000000,0.000000,0.000000,0.000000,0.000000,0.000000,0.000000,999.987432,999.987178,999.987470,999.987887,999.988334,999.988667,999.989230,999.989649,999.990125,999.990569,999.990969,999.991452,999.991896,999.992304,999.992731,999.993169,999.993614,999.994110,999.994576,999.995019,999.995512,999.995950,999.996390,999.996871,999.997330,999.997779,999.998251,999.998676,999.999069,999.999436,999.999862,1000.000237,1000.000571,1000.000896,1000.001268,1000.001511,1000.001832,1000.002145,1000.002371,1000.002567,1000.002868,1000.003084,1000.003292,1000.003511,1000.003677,1000.003844,1000.004030,1000.004175,1000.004365,1000.004533,1000.004719,1000.004885,1000.004973,1000.005133,1000.005231,1000.005307,1000.005203,0.000000,0.000000,0.000000,0.000000,0.000000,0.000000,0.000000,0.000000,0.000000,0.000000,0.000000,0.000000,0.000000,0.000000,0.000000,0.000000,0.000000,0.000000,0.000000,0.000000,0.000000,0.000000,0.000000
0.000000,0.000000,0.000000,0.000000,0.000000,0.000000,0.000000,0.000000,0.000000,0.000000,0.000000,0.000000,0.000000,0.000000,0.000000,0.000000,0.000000,0.000000,0.000000,0.000000,0.000000,999.985896,999.985434,999.987041,999.987358,999.987647,999.987868,999.988288,999.988695,999.989105,999.989564,999.989950,999.990394,999.990846,999.991271,999.991712,999.992137,999.992577,999.993042,999.993492,999.993980,999.994440,999.994900,999.995405,999.995882,999.996346,999.996820,999.997285,999.997748,999.998171,999.998584,999.998977,999.999411,999.999870,1000.000212,1000.000574,1000.000881,1000.001231,1000.001561,1000.001818,1000.002108,1000.002393,1000.002615,1000.002867,1000.003079,1000.003238,1000.003485,1000.003640,1000.003865,1000.003992,1000.004183,1000.004329,1000.004474,1000.004642,1000.004810,1000.004926,1000.005091,1000.005125,1000.005228,1000.005289,1000.005772,1000.005613,0.000000,0.000000,0.000000,0.000000,0.000000,0.000000,0.000000,0.000000,0.000000,0.000000,0.000000,0.000000,0.000000,0.000000,0.000000,0.000000,0.000000,0.000000,0.000000,0.000000,0.000000
0.000000,0.000000,0.000000,0.000000,0.000000,0.000000,0.000000,0.000000,0.000000,0.000000,0.000000,0.000000,0.000000,0.000000,0.000000,0.000000,0.000000,0.000000,0.000000,0.000000,999.986198,999.986128,999.986475,999.986878,999.987190,999.987606,999.987911,999.988216,999.988600,999.989034,999.989441,999.989798,999.990262,999.990693,999.991080,999.991515,999.991986,999.992412,999.992901,999.993360,999.993853,999.994309,999.994785,999.995300,999.995798,999.996296,999.996739,999.997219,999.997647,999.998114,999.998561,999.999036,999.999436,999.999814,1000.000163,1000.000547,1000.000899,1000.001196,1000.001563,1000.001823,1000.002051,1000.002370,1000.002618,1000.002831,1000.003089,1000.003259,1000.003451,1000.003670,1000.003824,1000.004020,1000.004161,1000.004333,1000.004484,1000.004589,1000.004734,1000.004881,1000.004991,1000.005068,1000.005202,1000.005343,1000.005403,1000.005508,1000.005473,0.000000,0.000000,0.000000,0.000000,0.000000,0.000000,0.000000,0.000000,0.000000,0.000000,0.000000,0.000000,0.000000,0.000000,0.000000,0.000000,0.000000,0.000000,0.000000,0.000000
0.000000,0.000000,0.000000,0.000000,0.000000,0.000000,0.000000,0.000000,0.000000,0.000000,0.000000,0.000000,0.000000,0.000000,0.000000,0.000000,0.000000,0.000000,0.000000,999.985932,999.986178,999.986335,999.986649,999.986838,999.987204,999.987536,999.987834,999.988186,999.988557,999.988924,999.989239,999.989675,999.990082,999.990457,999.990891,999.991348,999.991791,999.992251,999.992709,999.993205,999.993694,999.994148,999.994692,999.995192,999.995680,999.996155,999.996684,999.997187,999.997608,999.998130,999.998578,999.999005,999.999405,999.999759,1000.000191,1000.000562,1000.000901,1000.001208,1000.001567,1000.001861,1000.002129,1000.002379,1000.002632,1000.002838,1000.003077,1000.003302,1000.003462,1000.003648,1000.003829,1000.003966,1000.004139,1000.004315,1000.004474,1000.004588,1000.004702,1000.004868,1000.004943,1000.005049,1000.005131,1000.005296,1000.005341,1000.005409,1000.005453,1000.005537,0.000000,0.000000,0.000000,0.000000,0.000000,0.000000,0.000000,0.000000,0.000000,0.000000,0.000000,0.000000,0.000000,0.000000,0.000000,0.000000,0.000000,0.000000,0.000000
0.000000,0.000000,0.000000,0.000000,0.000000,0.000000,0.000000,0.000000,0.000000,0.000000,0.000000,0.000000,0.000000,0.000000,0.000000,0.000000,0.000000,0.000000,999.985644,999.985915,999.986193,999.986443,999.986680,999.986930,999.987224,999.987483,999.987793,999.988113,999.988440,999.988760,999.989119,999.989516,999.989879,999.990264,999.990724,999.991148,999.991577,999.992034,999.992518,999.993042,999.993523,999.994029,999.994590,999.995127,999.995571,999.996085,999.996650,999.997136,999.997609,999.998104,999.998553,999.998943,999.999420,999.999830,1000.000214,1000.000613,1000.000937,1000.001239,1000.001536,1000.001858,1000.002114,1000.002410,1000.002648,1000.002855,1000.003065,1000.003317,1000.003477,1000.003665,1000.003854,1000.004020,1000.004118,1000.004266,1000.004442,1000.004583,1000.004692,1000.004757,1000.004942,1000.005004,1000.005107,1000.005192,1000.005265,1000.005371,1000.005408,1000.005491,1000.005542,0.000000,0.000000,0.000000,0.000000,0.000000,0.000000,0.000000,0.000000,0.000000,0.000000,0.000000,0.000000,0.000000,0.000000,0.000000,0.000000,0.000000,0.000000
0.000000,0.000000,0.000000,0.000000,0.000000,0.000000,0.000000,0.000000,0.000000,0.000000,0.000000,0.000000,0.000000,0.000000,0.000000,0.000000,0.000000,999.985421,999.985760,999.986024,999.986282,999.986500,999.986710,999.986926,999.987170,999.987425,999.987727,999.988003,999.988277,999.988611,999.988927,999.989301,999.989647,999.990058,999.990511,999.990900,999.991348,999.991839,999.992366,999.992838,999.993378,999.993884,999.994439,999.994939,999.995508,999.996072,999.996560,999.997074,999.997595,999.998073,999.998517,999.999011,999.999434,999.999871,1000.000219,1000.000609,1000.000992,1000.001314,1000.001595,1000.001916,1000.002161,1000.002421,1000.002678,1000.002916,1000.003076,1000.003334,1000.003474,1000.003665,1000.003798,1000.004031,1000.004141,1000.004251,1000.004401,1000.004523,1000.004702,1000.004748,1000.004870,1000.004969,1000.005070,1000.005151,1000.005223,1000.005324,1000.005379,1000.005445,1000.005514,1000.005626,0.000000,0.000000,0.000000,0.000000,0.000000,0.000000,0.000000,0.000000,0.000000,0.000000,0.000000,0.000000,0.000000,0.000000,0.000000,0.000000,0.000000
0.000000,0.000000,0.000000,0.000000,0.000000,0.000000,0.000000,0.000000,0.000000,0.000000,0.000000,0.000000,0.000000,0.000000,0.000000,0.000000,999.985373,999.985642,999.985881,999.986115,999.986344,999.986511,999.986707,999.986944,999.987173,999.987402,999.987644,999.987869,999.988157,999.988412,999.988731,999.989081,999.989421,999.989844,999.990215,999.990649,999.991124,999.991628,999.992106,999.992601,999.993165,999.993730,999.994298,999.994813,999.995438,999.995996,999.996513,999.997034,999.997631,999.998052,999.998564,999.999081,999.999514,999.999879,1000.000279,1000.000616,1000.000994,1000.001357,1000.001640,1000.001962,1000.002254,1000.002470,1000.002700,1000.002947,1000.003144,1000.003331,1000.003549,1000.003689,1000.003820,1000.003989,1000.004173,1000.004278,1000.004392,1000.004483,1000.004603,1000.004746,1000.004839,1000.004913,1000.005013,1000.005103,1000.005160,1000.005258,1000.005317,1000.005419,1000.005506,1000.005501,1000.005606,0.000000,0.000000,0.000000,0.000000,0.000000,0.000000,0.000000,0.000000,0.000000,0.000000,0.000000,0.000000,0.000000,0.000000,0.000000,0.000000
0.000000,0.000000,0.000000,0.000000,0.000000,0.000000,0.000000,0.000000,0.000000,0.000000,0.000000,0.000000,0.000000,0.000000,0.000000,999.985421,999.985642,999.985870,999.986039,999.986245,999.986396,999.986542,999.986736,999.986942,999.987090,999.987278,999.987490,999.987681,999.987963,999.988220,999.988530,999.988839,999.989170,999.989530,999.989936,999.990382,999.990868,999.991347,999.991873,999.992419,999.992985,999.993575,999.994167,999.994763,999.995332,999.995904,999.996487,999.997046,999.997612,999.998094,999.998615,999.999077,999.999520,999.999974,1000.000421,1000.000781,1000.001091,1000.001459,1000.001733,1000.001999,1000.002288,1000.002540,1000.002750,1000.003003,1000.003174,1000.003353,1000.003515,1000.003742,1000.003881,1000.004006,1000.004129,1000.004282,1000.004430,1000.004507,1000.004635,1000.004701,1000.004815,1000.004881,1000.004970,1000.005073,1000.005129,1000.005180,1000.005255,1000.005307,1000.005440,1000.005450,1000.005528,1000.005612,0.000000,0.000000,0.000000,0.000000,0.000000,0.000000,0.000000,0.000000,0.000000,0.000000,0.000000,0.000000,0.000000,0.000000,0.000000
0.000000,0.000000,0.000000,0.000000,0.000000,0.000000,0.000000,0.000000,0.000000,0.000000,0.000000,0.000000,0.000000,0.000000,999.985644,999.985760,999.985881,999.986039,999.986146,999.986300,999.986452,999.986580,999.986766,999.986885,999.987017,999.987213,999.987353,999.987555,999.987790,999.987997,999.988254,999.988538,999.988876,999.989241,999.989641,999.990077,999.990545,999.991019,999.991601,999.992172,999.992773,999.993361,999.993978,999.994630,999.995240,999.995865,999.996485,999.997055,999.997603,999.998212,999.998692,999.999169,999.999563,1000.000034,1000.000471,1000.000822,1000.001194,1000.001498,1000.001853,1000.002113,1000.002356,1000.002638,1000.002846,1000.003074,1000.003259,1000.003444,1000.003582,1000.003743,1000.003900,1000.004030,1000.004154,1000.004217,1000.004396,1000.004482,1000.004595,1000.004693,1000.004773,1000.004865,1000.004908,1000.005011,1000.005089,1000.005169,1000.005232,1000.005268,1000.005336,1000.005420,1000.005455,1000.005478,1000.005564,0.000000,0.000000,0.000000,0.000000,0.000000,0.000000,0.000000,0.000000,0.000000,0.000000,0.000000,0.000000,0.000000,0.000000
0.000000,0.000000,0.000000,0.000000,0.000000,0.000000,0.000000,0.000000,0.000000,0.000000,0.000000,0.000000,0.000000,999.985932,999.985915,999.986024,999.986115,999.986245,999.986300,999.986467,999.986550,999.986642,999.986770,999.986856,999.986970,999.987047,999.987183,999.987364,999.987500,999.987701,999.987945,999.988224,999.988541,999.988867,999.989274,999.989721,999.990173,999.990746,999.991304,999.991901,999.992543,999.993171,999.993818,999.994518,999.995165,999.995822,999.996461,999.997045,999.997647,999.998224,999.998762,999.999265,999.999772,1000.000199,1000.000568,1000.000957,1000.001311,1000.001633,1000.001942,1000.002220,1000.002471,1000.002702,1000.002919,1000.003110,1000.003303,1000.003496,1000.003676,1000.003766,1000.003904,1000.004051,1000.004217,1000.004300,1000.004380,1000.004494,1000.004548,1000.004686,1000.004720,1000.004861,1000.004871,1000.004967,1000.005003,1000.005072,1000.005143,1000.005222,1000.005255,1000.005334,1000.005416,1000.005391,1000.005431,1000.005460,0.000000,0.000000,0.000000,0.000000,0.000000,0.000000,0.000000,0.000000,0.000000,0.000000,0.000000,0.000000,0.000000
0.000000,0.000000,0.000000,0.000000,0.000000,0.000000,0.000000,0.000000,0.000000,0.000000,0.000000,0.000000,999.986198,999.986178,999.986193,999.986282,999.986344,999.986396,999.986452,999.986550,999.986614,999.986618,999.986694,999.986746,999.986820,999.986925,999.987041,999.987151,999.987275,999.987448,999.987649,999.987847,999.988107,999.988479,999.988854,999.989310,999.989805,999.990398,999.990970,999.991591,999.992252,999.992994,999.993699,999.994411,999.995088,999.995804,999.996497,999.997159,999.997780,999.998328,999.998882,999.999359,999.999879,1000.000323,1000.000721,1000.001120,1000.001473,1000.001775,1000.002067,1000.002329,1000.002601,1000.002833,1000.003042,1000.003212,1000.003391,1000.003543,1000.003717,1000.003874,1000.003963,1000.004076,1000.004200,1000.004294,1000.004408,1000.004479,1000.004548,1000.004632,1000.004738,1000.004779,1000.004862,1000.004934,1000.004966,1000.005045,1000.005086,1000.005156,1000.005204,1000.005218,1000.005310,1000.005380,1000.005365,1000.005415,1000.005416,0.000000,0.000000,0.000000,0.000000,0.000000,0.000000,0.000000,0.000000,0.000000,0.000000,0.000000,0.000000
0.000000,0.000000,0.000000,0.000000,0.000000,0.000000,0.000000,0.000000,0.000000,0.000000,0.000000,999.985896,999.986128,999.986335,999.986443,999.986500,999.986511,999.986542,999.986580,999.986642,999.986618,999.986677,999.986769,999.986742,999.986775,999.986801,999.986813,999.986854,999.986917,999.987084,999.987212,999.987424,999.987705,999.988036,999.988392,999.988859,999.989341,999.989947,999.990532,999.991244,999.991984,999.992758,999.993512,999.994258,999.995033,999.995797,999.996505,999.997177,999.997842,999.998461,999.999047,999.999592,1000.000071,1000.000503,1000.000890,1000.001278,1000.001647,1000.001940,1000.002230,1000.002491,1000.002720,1000.002935,1000.003146,1000.003335,1000.003479,1000.003615,1000.003765,1000.003901,1000.004059,1000.004109,1000.004230,1000.004309,1000.004400,1000.004510,1000.004568,1000.004607,1000.004685,1000.004758,1000.004783,1000.004879,1000.004945,1000.004963,1000.005015,1000.005063,1000.005143,1000.005155,1000.005177,1000.005276,1000.005324,1000.005360,1000.005450,1000.005506,0.000000,0.000000,0.000000,0.000000,0.000000,0.000000,0.000000,0.000000,0.000000,0.000000,0.000000
0.000000,0.000000,0.000000,0.000000,0.000000,0.000000,0.000000,0.000000,0.000000,0.000000,0.000000,999.985434,999.986475,999.986649,999.986680,999.986710,999.986707,999.986736,999.986766,999.986770,999.986694,999.986769,999.986662,999.986567,999.986593,999.986586,999.986548,999.986604,999.986678,999.986704,999.986796,999.986983,999.987213,999.987491,999.987854,999.988305,999.988840,999.989455,999.990118,999.990907,999.991687,999.992487,999.993307,999.994179,999.995052,999.995842,999.996589,999.997322,999.998001,999.998621,999.999200,999.999758,1000.000249,1000.000711,1000.001130,1000.001503,1000.001834,1000.002145,1000.002423,1000.002688,1000.002878,1000.003075,1000.003259,1000.003428,1000.003629,1000.003734,1000.003854,1000.003952,1000.004059,1000.004175,1000.004252,1000.004339,1000.004389,1000.004495,1000.004551,1000.004626,1000.004668,1000.004741,1000.004799,1000.004802,1000.004869,1000.004957,1000.004963,1000.004999,1000.005074,1000.005124,1000.005134,1000.005170,1000.005211,1000.005248,1000.005341,1000.005666,0.000000,0.000000,0.000000,0.000000,0.000000,0.000000,0.000000,0.000000,0.000000,0.000000,0.000000
0.000000,0.000000,0.000000,0.000000,0.000000,0.000000,0.000000,0.000000,0.000000,0.000000,999.987432,999.987041,999.986878,999.986838,999.986930,999.986926,999.986944,999.986942,999.986885,999.986856,999.986746,999.986742,999.986567,999.986560,999.986589,999.986425,999.986366,999.986317,999.986204,999.986222,999.986287,999.986398,999.986600,999.986831,999.987210,999.987685,999.988239,999.988897,999.989647,999.990476,999.991312,999.992227,999.993163,999.994107,999.994969,999.995850,999.996655,999.997517,999.998247,999.998904,999.999499,1000.000048,1000.000509,1000.000970,1000.001398,1000.001731,1000.002047,1000.002348,1000.002617,1000.002869,1000.003062,1000.003263,1000.003440,1000.003570,1000.003700,1000.003851,1000.003950,1000.004063,1000.004137,1000.004226,1000.004300,1000.004375,1000.004426,1000.004477,1000.004558,1000.004574,1000.004624,1000.004666,1000.004736,1000.004798,1000.004767,1000.004867,1000.004905,1000.004946,1000.004969,1000.005023,1000.005067,1000.005103,1000.005147,1000.005232,1000.005248,1000.005207,1000.005086,0.000000,0.000000,0.000000,0.000000,0.000000,0.000000,0.000000,0.000000,0.000000,0.000000
0.000000,0.000000,0.000000,0.000000,0.000000,0.000000,0.000000,0.000000,0.000000,999.987180,999.987178,999.987358,999.987190,999.987204,999.987224,999.987170,999.987173,999.987090,999.987017,999.986970,999.986820,999.986775,999.986593,999.986589,999.986342,999.986097,999.986020,999.985873,999.985822,999.985834,999.985787,999.985838,999.985942,999.986154,999.986516,999.986966,999.987521,999.988226,999.989060,999.989947,999.990921,999.991968,999.993012,999.994030,999.995038,999.995993,999.996894,999.997670,999.998412,999.999086,999.999744,1000.000340,1000.000861,1000.001277,1000.001687,1000.002019,1000.002351,1000.002611,1000.002842,1000.003057,1000.003269,1000.003429,1000.003594,1000.003732,1000.003836,1000.003929,1000.004047,1000.004136,1000.004196,1000.004275,1000.004330,1000.004403,1000.004460,1000.004494,1000.004543,1000.004614,1000.004621,1000.004640,1000.004684,1000.004748,1000.004766,1000.004786,1000.004839,1000.004841,1000.004892,1000.004939,1000.004977,1000.005000,1000.005004,1000.005039,1000.005121,1000.005119,1000.005208,1000.005237,0.000000,0.000000,0.000000,0.000000,0.000000,0.000000,0.000000,0.000000,0.000000
0.000000,0.000000,0.000000,0.000000,0.000000,0.000000,0.000000,0.000000,0.000000,999.986439,999.987470,999.987647,999.987606,999.987536,999.987483,999.987425,999.987402,999.987278,999.987213,999.987047,999.986925,999.986801,999.986586,999.986425,999.986097,999.985953,999.985938,999.985654,999.985460,999.985241,999.985044,999.985025,999.985129,999.985301,999.985647,999.986095,999.986708,999.987507,999.988395,999.989392,999.990505,999.991647,999.992803,999.993952,999.995052,999.996156,999.997156,999.998040,999.998832,999.999570,1000.000160,1000.000672,1000.001173,1000.001614,1000.001990,1000.002348,1000.002649,1000.002897,1000.003107,1000.003314,1000.003513,1000.003622,1000.003771,1000.003880,1000.003993,1000.004084,1000.004148,1000.004220,1000.004308,1000.004327,1000.004383,1000.004424,1000.004455,1000.004492,1000.004511,1000.004578,1000.004614,1000.004648,1000.004634,1000.004667,1000.004724,1000.004732,1000.004748,1000.004802,1000.004809,1000.004837,1000.004893,1000.004938,1000.004979,1000.005004,1000.004983,1000.005024,1000.005122,1000.005496,0.000000,0.000000,0.000000,0.000000,0.000000,0.000000,0.000000,0.000000,0.000000
0.000000,0.000000,0.000000,0.000000,0.000000,0.000000,0.000000,0.000000,999.988003,999.987849,999.987887,999.987868,999.987911,999.987834,999.987793,999.987727,999.987644,999.987490,999.987353,999.987183,999.987041,999.986813,999.986548,999.986366,999.986020,999.985938,999.985552,999.984929,999.984795,999.984545,999.984396,999.984396,999.984329,999.984376,999.984652,999.985073,999.985716,999.986549,999.987572,999.988737,999.990062,999.991370,999.992733,999.994054,999.995269,999.996341,999.997346,999.998303,999.999149,999.999967,1000.000614,1000.001133,1000.001627,1000.002054,1000.002402,1000.002694,1000.002976,1000.003200,1000.003415,1000.003590,1000.003733,1000.003864,1000.003961,1000.004063,1000.004151,1000.004200,1000.004277,1000.004309,1000.004371,1000.004429,1000.004423,1000.004488,1000.004499,1000.004535,1000.004512,1000.004566,1000.004551,1000.004614,1000.004615,1000.004611,1000.004637,1000.004689,1000.004672,1000.004714,1000.004731,1000.004724,1000.004751,1000.004800,1000.004821,1000.004877,1000.004960,1000.004946,1000.005027,1000.005090,1000.005027,0.000000,0.000000,0.000000,0.000000,0.000000,0.000000,0.000000,0.000000
0.000000,0.000000,0.000000,0.000000,0.000000,0.000000,0.000000,0.000000,999.987042,999.988460,999.988334,999.988288,999.988216,999.988186,999.988113,999.988003,999.987869,999.987681,999.987555,999.987364,999.987151,999.986854,999.986604,999.986317,999.985873,999.985654,999.984929,999.984686,999.984711,999.984109,999.983762,999.983399,999.983103,999.983131,999.983379,999.983806,999.984564,999.985498,999.986654,999.987998,999.989477,999.990966,999.992510,999.994062,999.995509,999.996813,999.997976,999.998963,999.999742,1000.000418,1000.001075,1000.001654,1000.002124,1000.002491,1000.002848,1000.003107,1000.003352,1000.003569,1000.003741,1000.003866,1000.003987,1000.004101,1000.004201,1000.004253,1000.004332,1000.004366,1000.004396,1000.004435,1000.004440,1000.004482,1000.004486,1000.004481,1000.004516,1000.004516,1000.004537,1000.004525,1000.004537,1000.004513,1000.004571,1000.004570,1000.004576,1000.004574,1000.004618,1000.004623,1000.004670,1000.004672,1000.004678,1000.004675,1000.004727,1000.004723,1000.004798,1000.004820,1000.004846,1000.004899,1000.005418,0.000000,0.000000,0.000000,0.000000,0.000000,0.000000,0.000000,0.000000
0.000000,0.000000,0.000000,0.000000,0.000000,0.000000,0.000000,999.989291,999.988923,999.988818,999.988667,999.988695,999.988600,999.988557,999.988440,999.988277,999.988157,999.987963,999.987790,999.987500,999.987275,999.986917,999.986678,999.986204,999.985822,999.985460,999.984795,999.984711,999.983978,999.982897,999.982588,999.982223,999.981990,999.981996,999.982103,999.982442,999.983096,999.984108,999.985494,999.987115,999.988947,999.990851,999.992615,999.994236,999.995753,999.997132,999.998384,999.999525,1000.000426,1000.001141,1000.001759,1000.002262,1000.002668,1000.003026,1000.003333,1000.003593,1000.003762,1000.003944,1000.004079,1000.004185,1000.004283,1000.004355,1000.004405,1000.004448,1000.004495,1000.004528,1000.004539,1000.004549,1000.004537,1000.004553,1000.004568,1000.004545,1000.004541,1000.004525,1000.004518,1000.004541,1000.004552,1000.004503,1000.004504,1000.004515,1000.004520,1000.004480,1000.004514,1000.004526,1000.004526,1000.004576,1000.004585,1000.004607,1000.004637,1000.004634,1000.004666,1000.004710,1000.004770,1000.004800,1000.004783,1000.004634,0.000000,0.000000,0.000000,0.000000,0.000000,0.000000,0.000000
0.000000,0.000000,0.000000,0.000000,0.000000,0.000000,0.000000,999.988141,999.989591,999.989300,999.989230,999.989105,999.989034,999.988924,999.988760,999.988611,999.988412,999.988220,999.987997,999.987701,999.987448,999.987084,999.986704,999.986222,999.985834,999.985241,999.984545,999.984109,999.982897,999.982367,999.982372,999.981493,999.980792,999.980380,999.980088,999.980329,999.981232,999.982485,999.984140,999.986024,999.988110,999.990403,999.992668,999.994727,999.996598,999.998097,999.999226,1000.000213,1000.001140,1000.001887,1000.002467,1000.002924,1000.003310,1000.003622,1000.003858,1000.004073,1000.004212,1000.004367,1000.004443,1000.004548,1000.004602,1000.004640,1000.004660,1000.004671,1000.004687,1000.004683,1000.004669,1000.004674,1000.004652,1000.004626,1000.004604,1000.004607,1000.004571,1000.004549,1000.004505,1000.004465,1000.004505,1000.004465,1000.004457,1000.004464,1000.004461,1000.004452,1000.004411,1000.004432,1000.004453,1000.004422,1000.004459,1000.004448,1000.004535,1000.004518,1000.004547,1000.004543,1000.004578,1000.004605,1000.004569,1000.005151,0.000000,0.000000,0.000000,0.000000,0.000000,0.000000,0.000000
0.000000,0.000000,0.000000,0.000000,0.000000,0.000000,999.990698,999.990149,999.990018,999.989700,999.989649,999.989564,999.989441,999.989239,999.989119,999.988927,999.988731,999.988530,999.988254,999.987945,999.987649,999.987212,999.986796,999.986287,999.985787,999.985044,999.984396,999.983762,999.982588,999.982372,999.981275,999.979359,999.978716,999.978186,999.977967,999.978424,999.979115,999.980343,999.982407,999.984876,999.987580,999.990257,999.992787,999.995030,999.997087,999.998937,1000.000331,1000.001354,1000.002165,1000.002805,1000.003302,1000.003719,1000.004037,1000.004277,1000.004445,1000.004603,1000.004720,1000.004811,1000.004858,1000.004884,1000.004907,1000.004932,1000.004925,1000.004915,1000.004889,1000.004873,1000.004819,1000.004788,1000.004760,1000.004714,1000.004656,1000.004613,1000.004608,1000.004566,1000.004553,1000.004441,1000.004454,1000.004429,1000.004341,1000.004368,1000.004357,1000.004356,1000.004380,1000.004291,1000.004332,1000.004364,1000.004326,1000.004319,1000.004326,1000.004369,1000.004411,1000.004441,1000.004421,1000.004509,1000.004416,1000.004433,1000.004285,0.000000,0.000000,0.000000,0.000000,0.000000,0.000000
0.000000,0.000000,0.000000,0.000000,0.000000,0.000000,999.989433,999.990846,999.990435,999.990315,999.990125,999.989950,999.989798,999.989675,999.989516,999.989301,999.989081,999.988839,999.988538,999.988224,999.987847,999.987424,999.986983,999.986398,999.985838,999.985025,999.984396,999.983399,999.982223,999.981493,999.979359,999.978074,999.978009,999.976779,999.975744,999.975383,999.975943,999.977517,999.980021,999.983376,999.986914,999.990423,999.993769,999.996491,999.998435,1000.000041,1000.001457,1000.002524,1000.003285,1000.003835,1000.004248,1000.004580,1000.004820,1000.004977,1000.005115,1000.005199,1000.005252,1000.005266,1000.005283,1000.005291,1000.005256,1000.005233,1000.005198,1000.005133,1000.005074,1000.005054,1000.004988,1000.004916,1000.004860,1000.004797,1000.004726,1000.004669,1000.004584,1000.004520,1000.004544,1000.004451,1000.004398,1000.004426,1000.004335,1000.004280,1000.004276,1000.004229,1000.004260,1000.004252,1000.004150,1000.004223,1000.004267,1000.004241,1000.004217,1000.004222,1000.004250,1000.004233,1000.004248,1000.004289,1000.004289,1000.004185,1000.004801,0.000000,0.000000,0.000000,0.000000,0.000000,0.000000
0.000000,0.000000,0.000000,0.000000,0.000000,999.992137,999.991501,999.991210,999.990818,999.990753,999.990569,999.990394,999.990262,999.990082,999.989879,999.989647,999.989421,999.989170,999.988876,999.988541,999.988107,999.987705,999.987213,999.986600,999.985942,999.985129,999.984329,999.983103,999.981990,999.980792,999.978716,999.978009,999.976372,999.972863,999.971404,999.971161,999.971511,999.973668,999.976980,999.981034,999.985796,999.990375,999.994355,999.997853,1000.000359,1000.002019,1000.003156,1000.004004,1000.004600,1000.005032,1000.005333,1000.005536,1000.005655,1000.005741,1000.005786,1000.005807,1000.005784,1000.005770,1000.005713,1000.005686,1000.005618,1000.005544,1000.005478,1000.005411,1000.005305,1000.005235,1000.005153,1000.005041,1000.004973,1000.004890,1000.004797,1000.004730,1000.004667,1000.004523,1000.004493,1000.004442,1000.004333,1000.004300,1000.004292,1000.004242,1000.004184,1000.004120,1000.004140,1000.004170,1000.004083,1000.004032,1000.004096,1000.004066,1000.004094,1000.004121,1000.004107,1000.004133,1000.004122,1000.004120,1000.004150,1000.004073,1000.004030,1000.003792,0.000000,0.000000,0.000000,0.000000,0.000000
0.000000,0.000000,0.000000,0.000000,0.000000,999.990774,999.992016,999.991582,999.991375,999.991146,999.990969,999.990846,999.990693,999.990457,999.990264,999.990058,999.989844,999.989530,999.989241,999.988867,999.988479,999.988036,999.987491,999.986831,999.986154,999.985301,999.984376,999.983131,999.981996,999.980380,999.978186,999.976779,999.972863,999.969697,999.968759,999.966882,999.967156,999.969662,999.973774,999.980006,999.986348,999.991972,999.996584,999.999924,1000.002435,1000.004093,1000.005116,1000.005737,1000.006126,1000.006377,1000.006514,1000.006561,1000.006559,1000.006558,1000.006506,1000.006441,1000.006365,1000.006297,1000.006190,1000.006092,1000.005981,1000.005884,1000.005767,1000.005662,1000.005537,1000.005402,1000.005319,1000.005182,1000.005063,1000.004967,1000.004855,1000.004738,1000.004666,1000.004567,1000.004461,1000.004411,1000.004304,1000.004234,1000.004176,1000.004134,1000.004115,1000.004036,1000.003981,1000.004002,1000.003988,1000.003952,1000.003933,1000.003970,1000.003914,1000.003922,1000.003930,1000.003969,1000.003964,1000.003949,1000.003972,1000.003958,1000.003851,1000.004385,0.000000,0.000000,0.000000,0.000000,0.000000
0.000000,0.000000,0.000000,0.000000,999.992847,999.992549,999.992206,999.991851,999.991780,999.991589,999.991452,999.991271,999.991080,999.990891,999.990724,999.990511,999.990215,999.989936,999.989641,999.989274,999.988854,999.988392,999.987854,999.987210,999.986516,999.985647,999.984652,999.983379,999.982103,999.980088,999.977967,999.975744,999.971404,999.968759,999.964832,999.959111,999.956964,999.958934,999.965670,999.975212,999.985562,999.994788,1000.000759,1000.003959,1000.005789,1000.006811,1000.007403,1000.007684,1000.007788,1000.007785,1000.007726,1000.007620,1000.007516,1000.007389,1000.007243,1000.007102,1000.006949,1000.006814,1000.006663,1000.006512,1000.006375,1000.006215,1000.006064,1000.005924,1000.005769,1000.005603,1000.005467,1000.005340,1000.005171,1000.005045,1000.004921,1000.004776,1000.004662,1000.004561,1000.004431,1000.004352,1000.004269,1000.004192,1000.004102,1000.004023,1000.003985,1000.003970,1000.003870,1000.003854,1000.003834,1000.003803,1000.003788,1000.003766,1000.003808,1000.003790,1000.003781,1000.003784,1000.003785,1000.003810,1000.003818,1000.003844,1000.003754,1000.003719,1000.003656,0.000000,0.000000,0.000000,0.000000
0.000000,0.000000,0.000000,0.000000,999.991235,999.992403,999.992373,999.992366,999.992174,999.992003,999.991896,999.991712,999.991515,999.991348,999.991148,999.990900,999.990649,999.990382,999.990077,999.989721,999.989310,999.988859,999.988305,999.987685,999.986966,999.986095,999.985073,999.983806,999.982442,999.980329,999.978424,999.975383,999.971161,999.966882,999.959111,999.947713,999.942763,999.948873,999.959440,999.973081,999.988835,1000.000132,1000.005705,1000.008735,1000.009762,1000.010020,1000.009977,1000.009791,1000.009563,1000.009280,1000.009012,1000.008734,1000.008484,1000.008245,1000.007991,1000.007770,1000.007559,1000.007347,1000.007155,1000.006943,1000.006754,1000.006560,1000.006351,1000.006176,1000.006011,1000.005812,1000.005630,1000.005469,1000.005288,1000.005110,1000.004977,1000.004813,1000.004673,1000.004543,1000.004418,1000.004302,1000.004179,1000.004095,1000.004035,1000.003930,1000.003858,1000.003809,1000.003774,1000.003698,1000.003718,1000.003669,1000.003655,1000.003620,1000.003589,1000.003624,1000.003621,1000.003654,1000.003635,1000.003622,1000.003670,1000.003629,1000.003713,1000.003828,1000.004328,0.000000,0.000000,0.000000,0.000000
