0.000000,0.000000,0.000000,0.000000,0.000000,0.000000,0.000000,0.000000,0.000000,0.000000,0.000000,0.000000,0.000000,0.000000,0.000000,0.000000,0.000000,0.000000,0.000000,0.000000,0.000000,0.000000,0.000000,0.000000,0.000000,0.000000,0.000000,0.000000,0.000000,0.000000,0.000000,0.000000,0.000000,0.000000,0.000000,0.000000,0.000000,0.000000,0.000000,0.000000,0.000000,0.000000,0.000000,0.000000,0.000000,0.000000,0.000000,0.000000,0.000000,0.000000,0.000000,0.000000,0.000000,0.000000,0.000000,0.000000,0.000000,0.000000,0.000000,0.000000,0.000000,0.000000,0.000000,0.000000,0.000000,0.000000,0.000000,0.000000,0.000000,0.000000,0.000000,0.000000,0.000000,0.000000,0.000000,0.000000,0.000000,0.000000,0.000000,0.000000,0.000000,0.000000,0.000000,0.000000,0.000000,0.000000,0.000000,0.000000,0.000000,0.000000,0.000000,0.000000,0.000000,0.000000,0.000000,0.000000,0.000000,0.000000,0.000000,0.000000,0.000000,0.000000,0.000000
0.000000,0.000000,0.000000,0.000000,0.000000,0.000000,0.000000,0.000000,0.000000,0.000000,0.000000,0.000000,0.000000,0.000000,0.000000,0.000000,0.000000,0.000000,0.000000,0.000000,0.000000,0.000000,0.000000,0.000000,0.000000,0.000000,0.000000,0.000000,0.000000,0.000000,0.000000,0.000000,0.000000,0.000000,0.000000,0.000000,0.000000,0.000000,0.000000,0.000000,0.000000,0.000000,0.000000,0.000000,0.000000,0.000000,0.000000,0.000000,0.000000,0.000000,0.000000,999.997423,0.000000,0.000000,0.000000,0.000000,0.000000,0.000000,0.000000,0.000000,0.000000,0.000000,0.000000,0.000000,0.000000,0.000000,0.000000,0.000000,0.000000,0.000000,0.000000,0.000000,0.000000,0.000000,0.000000,0.000000,0.000000,0.000000,0.000000,0.000000,0.000000,0.000000,0.000000,0.000000,0.000000,0.000000,0.000000,0.000000,0.000000,0.000000,0.000000,0.000000,0.000000,0.000000,0.000000,0.000000,0.000000,0.000000,0.000000,0.000000,0.000000,0.000000,0.000000
0.000000,0.000000,0.000000,0.000000,0.000000,0.000000,0.000000,0.000000,0.000000,0.000000,0.000000,0.000000,0.000000,0.000000,0.000000,0.000000,0.000000,0.000000,0.000000,0.000000,0.000000,0.000000,0.000000,0.000000,0.000000,0.000000,0.000000,0.000000,0.000000,0.000000,0.000000,0.000000,0.000000,0.000000,0.000000,0.000000,0.000000,0.000000,0.000000,0.000000,0.000000,0.000000,999.995914,999.993742,999.993768,999.994242,999.994711,999.995251,999.995790,999.996644,999.997321,999.997436,999.997514,999.998164,999.998861,999.999298,999.999653,999.999911,1000.000226,1000.000145,999.998669,0.000000,0.000000,0.000000,0.000000,0.000000,0.000000,0.000000,0.000000,0.000000,0.000000,0.000000,0.000000,0.000000,0.000000,0.000000,0.000000,0.000000,0.000000,0.000000,0.000000,0.000000,0.000000,0.000000,0.000000,0.000000,0.000000,0.000000,0.000000,0.000000,0.000000,0.000000,0.000000,0.000000,0.000000,0.000000,0.000000,0.000000,0.000000,0.000000,0.000000,0.000000,0.000000
0.000000,0.000000,0.000000,0.000000,0.000000,0.000000,0.000000,0.000000,0.000000,0.000000,0.000000,0.000000,0.000000,0.000000,0.000000,0.000000,0.000000,0.000000,0.000000,0.000000,0.000000,0.000000,0.000000,0.000000,0.000000,0.000000,0.000000,0.000000,0.000000,0.000000,0.000000,0.000000,0.000000,0.000000,0.000000,0.000000,0.000000,999.992645,999.990561,999.990467,999.991446,999.993003,999.995242,999.994696,999.994342,999.994466,999.994874,999.995322,999.995882,999.996402,999.997200,999.997340,999.997491,999.998245,999.998616,999.999020,999.999361,999.999619,999.999688,999.999437,999.999023,1000.000477,1000.001361,1000.001798,1000.001652,1000.000481,0.000000,0.000000,0.000000,0.000000,0.000000,0.000000,0.000000,0.000000,0.000000,0.000000,0.000000,0.000000,0.000000,0.000000,0.000000,0.000000,0.000000,0.000000,0.000000,0.000000,0.000000,0.000000,0.000000,0.000000,0.000000,0.000000,0.000000,0.000000,0.000000,0.000000,0.000000,0.000000,0.000000,0.000000,0.000000,0.000000,0.000000
0.000000,0.000000,0.000000,0.000000,0.000000,0.000000,0.000000,0.000000,0.000000,0.000000,0.000000,0.000000,0.000000,0.000000,0.000000,0.000000,0.000000,0.000000,0.000000,0.000000,0.000000,0.000000,0.000000,0.000000,0.000000,0.000000,0.000000,0.000000,0.000000,0.000000,0.000000,0.000000,0.000000,0.000000,999.990702,999.989152,999.990067,999.992115,999.991761,999.991546,999.991892,999.993203,999.994034,999.994180,999.994416,999.994640,999.995019,999.995453,999.995949,999.996402,999.996828,999.997258,999.997636,999.998109,999.998478,999.998893,999.999162,999.999407,999.999529,999.999662,999.999778,1000.000206,1000.000968,1000.001124,1000.000973,1000.000756,1000.001742,1000.002113,1000.001334,0.000000,0.000000,0.000000,0.000000,0.000000,0.000000,0.000000,0.000000,0.000000,0.000000,0.000000,0.000000,0.000000,0.000000,0.000000,0.000000,0.000000,0.000000,0.000000,0.000000,0.000000,0.000000,0.000000,0.000000,0.000000,0.000000,0.000000,0.000000,0.000000,0.000000,0.000000,0.000000,0.000000,0.000000
0.000000,0.000000,0.000000,0.000000,0.000000,0.000000,0.000000,0.000000,0.000000,0.000000,0.000000,0.000000,0.000000,0.000000,0.000000,0.000000,0.000000,0.000000,0.000000,0.000000,0.000000,0.000000,0.000000,0.000000,0.000000,0.000000,0.000000,0.000000,0.000000,0.000000,0.000000,0.000000,999.990092,999.988745,999.990433,999.990274,999.990874,999.991290,999.991518,999.991854,999.992333,999.993036,999.993467,999.994030,999.994329,999.994707,999.995047,999.995474,999.995921,999.996359,999.996765,999.997215,999.997653,999.997978,999.998368,999.998713,999.999033,999.999281,999.999511,999.999679,1000.000066,1000.000230,1000.000593,1000.000840,1000.001023,1000.001034,1000.001229,1000.001481,1000.001404,1000.002181,1000.001459,0.000000,0.000000,0.000000,0.000000,0.000000,0.000000,0.000000,0.000000,0.000000,0.000000,0.000000,0.000000,0.000000,0.000000,0.000000,0.000000,0.000000,0.000000,0.000000,0.000000,0.000000,0.000000,0.000000,0.000000,0.000000,0.000000,0.000000,0.000000,0.000000,0.000000,0.000000,0.000000
0.000000,0.000000,0.000000,0.000000,0.000000,0.000000,0.000000,0.000000,0.000000,0.000000,0.000000,0.000000,0.000000,0.000000,0.000000,0.000000,0.000000,0.000000,0.000000,0.000000,0.000000,0.000000,0.000000,0.000000,0.000000,0.000000,0.000000,0.000000,0.000000,0.000000,999.988721,999.987350,999.989422,999.989910,999.990179,999.990277,999.990735,999.991047,999.991572,999.991970,999.992407,999.992918,999.993373,999.993844,999.994307,999.994697,999.995095,999.995471,999.995906,999.996352,999.996826,999.997210,999.997621,999.997950,999.998325,999.998646,999.998967,999.999265,999.999506,999.999728,1000.000004,1000.000266,1000.000571,1000.000751,1000.000906,1000.001126,1000.001267,1000.001418,1000.001412,1000.001528,1000.001726,1000.002562,1000.001996,0.000000,0.000000,0.000000,0.000000,0.000000,0.000000,0.000000,0.000000,0.000000,0.000000,0.000000,0.000000,0.000000,0.000000,0.000000,0.000000,0.000000,0.000000,0.000000,0.000000,0.000000,0.000000,0.000000,0.000000,0.000000,0.000000,0.000000,0.000000,0.000000,0.000000
0.000000,0.000000,0.000000,0.000000,0.000000,0.000000,0.000000,0.000000,0.000000,0.000000,0.000000,0.000000,0.000000,0.000000,0.000000,0.000000,0.000000,0.000000,0.000000,0.000000,0.000000,0.000000,0.000000,0.000000,0.000000,0.000000,0.000000,0.000000,999.987290,999.986045,999.988143,999.988778,999.989120,999.989519,999.989773,999.990322,999.990689,999.991094,999.991540,999.991974,999.992389,999.992874,999.993325,999.993795,999.994269,999.994692,999.995075,999.995522,999.995918,999.996369,999.996790,999.997171,999.997545,999.997930,999.998350,999.998639,999.998976,999.999248,999.999491,999.999772,999.999977,1000.000265,1000.000527,1000.000716,1000.000867,1000.001101,1000.001278,1000.001406,1000.001548,1000.001628,1000.001784,1000.001900,1000.002151,1000.002905,1000.002389,0.000000,0.000000,0.000000,0.000000,0.000000,0.000000,0.000000,0.000000,0.000000,0.000000,0.000000,0.000000,0.000000,0.000000,0.000000,0.000000,0.000000,0.000000,0.000000,0.000000,0.000000,0.000000,0.000000,0.000000,0.000000,0.000000,0.000000,0.000000
0.000000,0.000000,0.000000,0.000000,0.000000,0.000000,0.000000,0.000000,0.000000,0.000000,0.000000,0.000000,0.000000,0.000000,0.000000,0.000000,0.000000,0.000000,0.000000,0.000000,0.000000,0.000000,0.000000,0.000000,0.000000,0.000000,999.986006,999.985067,999.986862,999.987541,999.987938,999.988410,999.988802,999.989370,999.989753,999.990219,999.990569,999.990993,999.991417,999.991897,999.992370,999.992814,999.993280,999.993767,999.994225,999.994650,999.995067,999.995565,999.995966,999.996374,999.996788,999.997194,999.997573,999.997935,999.998321,999.998648,999.998939,999.999224,999.999522,999.999808,1000.000055,1000.000270,1000.000486,1000.000723,1000.000926,1000.001097,1000.001232,1000.001393,1000.001557,1000.001717,1000.001871,1000.001982,1000.002108,1000.002263,1000.002481,1000.003132,1000.002709,0.000000,0.000000,0.000000,0.000000,0.000000,0.000000,0.000000,0.000000,0.000000,0.000000,0.000000,0.000000,0.000000,0.000000,0.000000,0.000000,0.000000,0.000000,0.000000,0.000000,0.000000,0.000000,0.000000,0.000000,0.000000,0.000000
0.000000,0.000000,0.000000,0.000000,0.000000,0.000000,0.000000,0.000000,0.000000,0.000000,0.000000,0.000000,0.000000,0.000000,0.000000,0.000000,0.000000,0.000000,0.000000,0.000000,0.000000,0.000000,0.000000,0.000000,999.985138,999.984404,999.985828,999.986391,999.986815,999.987326,999.987725,999.988299,999.988797,999.989204,999.989628,999.990097,999.990493,999.990990,999.991384,999.991875,999.992335,999.992806,999.993266,999.993768,999.994187,999.994663,999.995094,999.995584,999.995980,999.996411,999.996813,999.997263,999.997673,999.998027,999.998337,999.998676,999.998992,999.999285,999.999581,999.999844,1000.000109,1000.000325,1000.000542,1000.000739,1000.000974,1000.001101,1000.001270,1000.001445,1000.001596,1000.001716,1000.001873,1000.002023,1000.002243,1000.002336,1000.002438,1000.002566,1000.002727,1000.003209,1000.002889,0.000000,0.000000,0.000000,0.000000,0.000000,0.000000,0.000000,0.000000,0.000000,0.000000,0.000000,0.000000,0.000000,0.000000,0.000000,0.000000,0.000000,0.000000,0.000000,0.000000,0.000000,0.000000,0.000000,0.000000
0.000000,0.000000,0.000000,0.000000,0.000000,0.000000,0.000000,0.000000,0.000000,0.000000,0.000000,0.000000,0.000000,0.000000,0.000000,0.000000,0.000000,0.000000,0.000000,0.000000,0.000000,0.000000,0.000000,999.985464,999.985136,999.985456,999.985849,999.986326,999.986646,999.987260,999.987709,999.988184,999.988635,999.989051,999.989515,999.990002,999.990441,999.990931,999.991368,999.991846,999.992284,999.992794,999.993260,999.993771,999.994173,999.994686,999.995142,999.995575,999.996039,999.996485,999.996857,999.997259,999.997679,999.998044,999.998432,999.998730,999.999087,999.999343,999.999618,999.999891,1000.000146,1000.000369,1000.000592,1000.000768,1000.000963,1000.001162,1000.001290,1000.001500,1000.001611,1000.001725,1000.001917,1000.002042,1000.002185,1000.002342,1000.002474,1000.002572,1000.002697,1000.002802,1000.002875,1000.002755,0.000000,0.000000,0.000000,0.000000,0.000000,0.000000,0.000000,0.000000,0.000000,0.000000,0.000000,0.000000,0.000000,0.000000,0.000000,0.000000,0.000000,0.000000,0.000000,0.000000,0.000000,0.000000,0.000000
0.000000,0.000000,0.000000,0.000000,0.000000,0.000000,0.000000,0.000000,0.000000,0.000000,0.000000,0.000000,0.000000,0.000000,0.000000,0.000000,0.000000,0.000000,0.000000,0.000000,0.000000,999.983893,999.983405,999.985006,999.985362,999.985663,999.985882,999.986330,999.986732,999.987191,999.987597,999.988070,999.988505,999.988981,999.989477,999.989902,999.990382,999.990796,999.991326,999.991791,999.992263,999.992741,999.993272,999.993764,999.994238,999.994682,999.995192,999.995629,999.996085,999.996574,999.996955,999.997369,999.997726,999.998071,999.998480,999.998834,999.999159,999.999444,999.999710,999.999975,1000.000218,1000.000452,1000.000703,1000.000895,1000.001022,1000.001280,1000.001367,1000.001510,1000.001658,1000.001814,1000.001955,1000.002094,1000.002138,1000.002315,1000.002472,1000.002558,1000.002699,1000.002711,1000.002780,1000.002879,1000.003352,1000.003161,0.000000,0.000000,0.000000,0.000000,0.000000,0.000000,0.000000,0.000000,0.000000,0.000000,0.000000,0.000000,0.000000,0.000000,0.000000,0.000000,0.000000,0.000000,0.000000,0.000000,0.000000
0.000000,0.000000,0.000000,0.000000,0.000000,0.000000,0.000000,0.000000,0.000000,0.000000,0.000000,0.000000,0.000000,0.000000,0.000000,0.000000,0.000000,0.000000,0.000000,0.000000,999.984183,999.984130,999.984435,999.984871,999.985254,999.985571,999.985933,999.986341,999.986735,999.987151,999.987579,999.987995,999.988447,999.988911,999.989361,999.989817,999.990244,999.990764,999.991273,999.991735,999.992235,999.992779,999.993251,999.993743,999.994254,999.994742,999.995237,999.995731,999.996157,999.996592,999.997050,999.997498,999.997905,999.998251,999.998614,999.998933,999.999227,999.999579,999.999854,1000.000107,1000.000330,1000.000524,1000.000773,1000.000987,1000.001135,1000.001303,1000.001493,1000.001570,1000.001785,1000.001874,1000.001981,1000.002119,1000.002228,1000.002330,1000.002491,1000.002535,1000.002626,1000.002708,1000.002780,1000.002893,1000.003003,1000.003062,1000.003057,0.000000,0.000000,0.000000,0.000000,0.000000,0.000000,0.000000,0.000000,0.000000,0.000000,0.000000,0.000000,0.000000,0.000000,0.000000,0.000000,0.000000,0.000000,0.000000,0.000000
0.000000,0.000000,0.000000,0.000000,0.000000,0.000000,0.000000,0.000000,0.000000,0.000000,0.000000,0.000000,0.000000,0.000000,0.000000,0.000000,0.000000,0.000000,0.000000,999.983896,999.984161,999.984347,999.984672,999.984903,999.985239,999.985582,999.985969,999.986277,999.986683,999.987076,999.987458,999.987925,999.988342,999.988797,999.989218,999.989712,999.990206,999.990696,999.991165,999.991674,999.992260,999.992737,999.993233,999.993746,999.994324,999.994817,999.995331,999.995792,999.996285,999.996696,999.997176,999.997558,999.998011,999.998377,999.998747,999.999084,999.999355,999.999681,999.999954,1000.000231,1000.000508,1000.000694,1000.000877,1000.001054,1000.001241,1000.001399,1000.001567,1000.001692,1000.001833,1000.001937,1000.002034,1000.002198,1000.002317,1000.002352,1000.002420,1000.002577,1000.002623,1000.002722,1000.002807,1000.002865,1000.002935,1000.003000,1000.003028,1000.003078,0.000000,0.000000,0.000000,0.000000,0.000000,0.000000,0.000000,0.000000,0.000000,0.000000,0.000000,0.000000,0.000000,0.000000,0.000000,0.000000,0.000000,0.000000,0.000000
0.000000,0.000000,0.000000,0.000000,0.000000,0.000000,0.000000,0.000000,0.000000,0.000000,0.000000,0.000000,0.000000,0.000000,0.000000,0.000000,0.000000,0.000000,999.983648,999.983952,999.984195,999.984462,999.984743,999.984963,999.985265,999.985636,999.985948,999.986283,999.986638,999.986978,999.987389,999.987831,999.988268,999.988654,999.989161,999.989628,999.990149,999.990629,999.991110,999.991675,999.992204,999.992702,999.993260,999.993817,999.994342,999.994858,999.995388,999.995832,999.996360,999.996881,999.997331,999.997706,999.998135,999.998540,999.998849,999.999243,999.999574,999.999871,1000.000095,1000.000352,1000.000618,1000.000828,1000.000995,1000.001223,1000.001358,1000.001522,1000.001683,1000.001799,1000.001912,1000.002040,1000.002115,1000.002237,1000.002362,1000.002385,1000.002458,1000.002575,1000.002667,1000.002679,1000.002806,1000.002838,1000.002905,1000.002940,1000.003000,1000.003073,1000.003178,0.000000,0.000000,0.000000,0.000000,0.000000,0.000000,0.000000,0.000000,0.000000,0.000000,0.000000,0.000000,0.000000,0.000000,0.000000,0.000000,0.000000,0.000000
0.000000,0.000000,0.000000,0.000000,0.000000,0.000000,0.000000,0.000000,0.000000,0.000000,0.000000,0.000000,0.000000,0.000000,0.000000,0.000000,0.000000,999.983400,999.983786,999.984027,999.984290,999.984561,999.984775,999.985011,999.985328,999.985624,999.985894,999.986222,999.986581,999.986940,999.987333,999.987750,999.988113,999.988565,999.989065,999.989499,999.990011,999.990519,999.991087,999.991600,999.992124,999.992697,999.993304,999.993865,999.994381,999.994942,999.995511,999.996005,999.996509,999.996994,999.997485,999.997897,999.998304,999.998730,999.999058,999.999428,999.999756,1000.000063,1000.000320,1000.000563,1000.000788,1000.001014,1000.001210,1000.001385,1000.001552,1000.001653,1000.001796,1000.001927,1000.001998,1000.002170,1000.002224,1000.002263,1000.002387,1000.002479,1000.002557,1000.002600,1000.002662,1000.002693,1000.002787,1000.002829,1000.002898,1000.002934,1000.003006,1000.003054,1000.003131,1000.003193,0.000000,0.000000,0.000000,0.000000,0.000000,0.000000,0.000000,0.000000,0.000000,0.000000,0.000000,0.000000,0.000000,0.000000,0.000000,0.000000,0.000000
0.000000,0.000000,0.000000,0.000000,0.000000,0.000000,0.000000,0.000000,0.000000,0.000000,0.000000,0.000000,0.000000,0.000000,0.000000,0.000000,999.983401,999.983660,999.983912,999.984125,999.984391,999.984603,999.984807,999.985098,999.985365,999.985620,999.985868,999.986210,999.986524,999.986861,999.987246,999.987570,999.987988,999.988457,999.988936,999.989386,999.989884,999.990398,999.991009,999.991550,999.992131,999.992704,999.993323,999.993875,999.994466,999.995049,999.995606,999.996188,999.996718,999.997171,999.997678,999.998114,999.998534,999.998935,999.999317,999.999653,999.999932,1000.000207,1000.000527,1000.000787,1000.000960,1000.001187,1000.001373,1000.001520,1000.001697,1000.001801,1000.001946,1000.002067,1000.002142,1000.002218,1000.002351,1000.002394,1000.002457,1000.002538,1000.002602,1000.002632,1000.002704,1000.002713,1000.002748,1000.002871,1000.002830,1000.002904,1000.002966,1000.003014,1000.003059,1000.003140,1000.003244,0.000000,0.000000,0.000000,0.000000,0.000000,0.000000,0.000000,0.000000,0.000000,0.000000,0.000000,0.000000,0.000000,0.000000,0.000000,0.000000
0.000000,0.000000,0.000000,0.000000,0.000000,0.000000,0.000000,0.000000,0.000000,0.000000,0.000000,0.000000,0.000000,0.000000,0.000000,999.983400,999.983660,999.983871,999.984043,999.984265,999.984498,999.984668,999.984902,999.985143,999.985336,999.985549,999.985828,999.986128,999.986391,999.986730,999.987076,999.987445,999.987857,999.988320,999.988751,999.989230,999.989775,999.990301,999.990860,999.991462,999.992100,999.992722,999.993322,999.993922,999.994565,999.995151,999.995723,999.996302,999.996858,999.997354,999.997837,999.998329,999.998758,999.999175,999.999567,999.999893,1000.000219,1000.000510,1000.000751,1000.000995,1000.001212,1000.001391,1000.001564,1000.001718,1000.001885,1000.001994,1000.002111,1000.002238,1000.002309,1000.002347,1000.002425,1000.002519,1000.002569,1000.002583,1000.002634,1000.002716,1000.002763,1000.002797,1000.002767,1000.002849,1000.002920,1000.002874,1000.002965,1000.003007,1000.003068,1000.003107,1000.003146,1000.003170,0.000000,0.000000,0.000000,0.000000,0.000000,0.000000,0.000000,0.000000,0.000000,0.000000,0.000000,0.000000,0.000000,0.000000,0.000000
0.000000,0.000000,0.000000,0.000000,0.000000,0.000000,0.000000,0.000000,0.000000,0.000000,0.000000,0.000000,0.000000,0.000000,999.983648,999.983786,999.983912,999.984043,999.984211,999.984435,999.984582,999.984738,999.984970,999.985131,999.985327,999.985543,999.985844,999.986053,999.986322,999.986621,999.986928,999.987276,999.987709,999.988135,999.988512,999.989096,999.989624,999.990197,999.990789,999.991387,999.992028,999.992686,999.993318,999.994013,999.994665,999.995319,999.995908,999.996529,999.997077,999.997628,999.998095,999.998611,999.999039,999.999447,999.999781,1000.000124,1000.000496,1000.000785,1000.001015,1000.001229,1000.001492,1000.001673,1000.001835,1000.001962,1000.002064,1000.002222,1000.002264,1000.002367,1000.002454,1000.002554,1000.002551,1000.002611,1000.002663,1000.002693,1000.002683,1000.002741,1000.002790,1000.002798,1000.002840,1000.002828,1000.002907,1000.002921,1000.002923,1000.002972,1000.003001,1000.003049,1000.003115,1000.003159,1000.003173,0.000000,0.000000,0.000000,0.000000,0.000000,0.000000,0.000000,0.000000,0.000000,0.000000,0.000000,0.000000,0.000000,0.000000
0.000000,0.000000,0.000000,0.000000,0.000000,0.000000,0.000000,0.000000,0.000000,0.000000,0.000000,0.000000,0.000000,999.983896,999.983952,999.984027,999.984125,999.984265,999.984435,999.984549,999.984719,999.984851,999.985047,999.985150,999.985349,999.985521,999.985713,999.985897,999.986184,999.986447,999.986741,999.987106,999.987500,999.987852,999.988358,999.988876,999.989402,999.990024,999.990665,999.991285,999.991978,999.992648,999.993386,999.994076,999.994746,999.995426,999.996085,999.996714,999.997294,999.997895,999.998422,999.998910,999.999355,999.999783,1000.000164,1000.000483,1000.000781,1000.001037,1000.001304,1000.001543,1000.001732,1000.001900,1000.002052,1000.002209,1000.002289,1000.002383,1000.002473,1000.002525,1000.002586,1000.002691,1000.002716,1000.002714,1000.002781,1000.002841,1000.002814,1000.002792,1000.002817,1000.002866,1000.002874,1000.002862,1000.002878,1000.002898,1000.002890,1000.002920,1000.002971,1000.002967,1000.003030,1000.003068,1000.003085,1000.003076,0.000000,0.000000,0.000000,0.000000,0.000000,0.000000,0.000000,0.000000,0.000000,0.000000,0.000000,0.000000,0.000000
0.000000,0.000000,0.000000,0.000000,0.000000,0.000000,0.000000,0.000000,0.000000,0.000000,0.000000,0.000000,999.984183,999.984161,999.984195,999.984290,999.984391,999.984498,999.984582,999.984719,999.984813,999.984898,999.985029,999.985136,999.985327,999.985453,999.985634,999.985795,999.986052,999.986278,999.986551,999.986882,999.987196,999.987636,999.988145,999.988629,999.989168,999.989822,999.990439,999.991179,999.991896,999.992665,999.993408,999.994140,999.994909,999.995621,999.996340,999.996957,999.997602,999.998189,999.998735,999.999217,999.999628,1000.000049,1000.000488,1000.000843,1000.001109,1000.001421,1000.001671,1000.001861,1000.002019,1000.002168,1000.002300,1000.002469,1000.002564,1000.002650,1000.002738,1000.002781,1000.002777,1000.002824,1000.002901,1000.002863,1000.002870,1000.002890,1000.002940,1000.002920,1000.002907,1000.002890,1000.002957,1000.002873,1000.002920,1000.002946,1000.002975,1000.002925,1000.002956,1000.002940,1000.003017,1000.003022,1000.003022,1000.003059,1000.003106,0.000000,0.000000,0.000000,0.000000,0.000000,0.000000,0.000000,0.000000,0.000000,0.000000,0.000000,0.000000
0.000000,0.000000,0.000000,0.000000,0.000000,0.000000,0.000000,0.000000,0.000000,0.000000,0.000000,999.983893,999.984130,999.984347,999.984462,999.984561,999.984603,999.984668,999.984738,999.984851,999.984898,999.985023,999.985162,999.985231,999.985317,999.985400,999.985532,999.985685,999.985828,999.986016,999.986277,999.986557,999.986940,999.987354,999.987772,999.988330,999.988912,999.989591,999.990259,999.991015,999.991812,999.992611,999.993403,999.994267,999.995047,999.995801,999.996544,999.997238,999.997928,999.998489,999.999093,999.999637,1000.000106,1000.000511,1000.000855,1000.001202,1000.001512,1000.001766,1000.002018,1000.002175,1000.002369,1000.002561,1000.002619,1000.002723,1000.002805,1000.002869,1000.002946,1000.003021,1000.002992,1000.002987,1000.003046,1000.003046,1000.003026,1000.002985,1000.003002,1000.003013,1000.003003,1000.002962,1000.002937,1000.002962,1000.002909,1000.002890,1000.002916,1000.002991,1000.002944,1000.002870,1000.002919,1000.002985,1000.002964,1000.003024,1000.003084,1000.003163,0.000000,0.000000,0.000000,0.000000,0.000000,0.000000,0.000000,0.000000,0.000000,0.000000,0.000000
0.000000,0.000000,0.000000,0.000000,0.000000,0.000000,0.000000,0.000000,0.000000,0.000000,0.000000,999.983405,999.984435,999.984672,999.984743,999.984775,999.984807,999.984902,999.984970,999.985047,999.985029,999.985162,999.985129,999.985140,999.985224,999.985276,999.985420,999.985485,999.985646,999.985813,999.986010,999.986254,999.986600,999.986934,999.987383,999.987956,999.988567,999.989256,999.989999,999.990847,999.991713,999.992574,999.993481,999.994372,999.995207,999.996041,999.996859,999.997624,999.998295,999.998890,999.999449,999.999968,1000.000505,1000.000942,1000.001292,1000.001626,1000.001914,1000.002134,1000.002359,1000.002554,1000.002717,1000.002865,1000.002978,1000.003028,1000.003114,1000.003106,1000.003139,1000.003200,1000.003220,1000.003213,1000.003196,1000.003211,1000.003197,1000.003158,1000.003109,1000.003078,1000.003049,1000.003041,1000.002996,1000.002977,1000.003031,1000.002917,1000.002832,1000.002890,1000.002955,1000.002899,1000.002870,1000.002932,1000.002938,1000.002972,1000.002990,1000.003389,0.000000,0.000000,0.000000,0.000000,0.000000,0.000000,0.000000,0.000000,0.000000,0.000000,0.000000
0.000000,0.000000,0.000000,0.000000,0.000000,0.000000,0.000000,0.000000,0.000000,0.000000,999.985464,999.985006,999.984871,999.984903,999.984963,999.985011,999.985098,999.985143,999.985131,999.985150,999.985136,999.985231,999.985140,999.985244,999.985298,999.985271,999.985319,999.985301,999.985388,999.985451,999.985621,999.985822,999.986138,999.986478,999.986968,999.987536,999.988165,999.988893,999.989721,999.990639,999.991535,999.992527,999.993458,999.994443,999.995401,999.996327,999.997163,999.997956,999.998721,999.999416,1000.000032,1000.000502,1000.000962,1000.001361,1000.001751,1000.002073,1000.002358,1000.002572,1000.002782,1000.002982,1000.003082,1000.003164,1000.003275,1000.003361,1000.003417,1000.003473,1000.003428,1000.003459,1000.003439,1000.003421,1000.003384,1000.003331,1000.003333,1000.003314,1000.003251,1000.003203,1000.003156,1000.003107,1000.003076,1000.002978,1000.002996,1000.003003,1000.002910,1000.002875,1000.002870,1000.002898,1000.002851,1000.002842,1000.002882,1000.002959,1000.002917,1000.002896,1000.002801,0.000000,0.000000,0.000000,0.000000,0.000000,0.000000,0.000000,0.000000,0.000000,0.000000
0.000000,0.000000,0.000000,0.000000,0.000000,0.000000,0.000000,0.000000,0.000000,999.985138,999.985136,999.985362,999.985254,999.985239,999.985265,999.985328,999.985365,999.985336,999.985327,999.985349,999.985327,999.985317,999.985224,999.985298,999.985142,999.985017,999.985077,999.985009,999.985094,999.985158,999.985261,999.985420,999.985638,999.985948,999.986435,999.986979,999.987610,999.988449,999.989337,999.990319,999.991357,999.992434,999.993569,999.994636,999.995707,999.996678,999.997579,999.998385,999.999125,999.999829,1000.000466,1000.001048,1000.001522,1000.001937,1000.002287,1000.002595,1000.002846,1000.003106,1000.003253,1000.003397,1000.003506,1000.003593,1000.003663,1000.003694,1000.003688,1000.003765,1000.003729,1000.003711,1000.003685,1000.003635,1000.003611,1000.003524,1000.003454,1000.003410,1000.003354,1000.003319,1000.003233,1000.003178,1000.003146,1000.003087,1000.002969,1000.002998,1000.002964,1000.002931,1000.002870,1000.002836,1000.002848,1000.002818,1000.002817,1000.002841,1000.002857,1000.002802,1000.002922,1000.002944,0.000000,0.000000,0.000000,0.000000,0.000000,0.000000,0.000000,0.000000,0.000000
0.000000,0.000000,0.000000,0.000000,0.000000,0.000000,0.000000,0.000000,0.000000,999.984404,999.985456,999.985663,999.985571,999.985582,999.985636,999.985624,999.985620,999.985549,999.985543,999.985521,999.985453,999.985400,999.985276,999.985271,999.985017,999.985094,999.985081,999.984915,999.984848,999.984751,999.984718,999.984782,999.985010,999.985293,999.985738,999.986251,999.987015,999.987884,999.988869,999.989982,999.991122,999.992374,999.993628,999.994808,999.995886,999.997030,999.998057,999.999004,999.999813,1000.000487,1000.001053,1000.001613,1000.002090,1000.002505,1000.002839,1000.003121,1000.003342,1000.003567,1000.003704,1000.003821,1000.003925,1000.003995,1000.004053,1000.004060,1000.004045,1000.004010,1000.003997,1000.003967,1000.003923,1000.003853,1000.003802,1000.003755,1000.003655,1000.003568,1000.003477,1000.003430,1000.003352,1000.003221,1000.003196,1000.003155,1000.003034,1000.002953,1000.002947,1000.002848,1000.002843,1000.002837,1000.002803,1000.002791,1000.002761,1000.002768,1000.002775,1000.002784,1000.002827,1000.003214,0.000000,0.000000,0.000000,0.000000,0.000000,0.000000,0.000000,0.000000,0.000000
0.000000,0.000000,0.000000,0.000000,0.000000,0.000000,0.000000,0.000000,999.986006,999.985828,999.985849,999.985882,999.985933,999.985969,999.985948,999.985894,999.985868,999.985828,999.985844,999.985713,999.985634,999.985532,999.985420,999.985319,999.985077,999.985081,999.984797,999.984369,999.984325,999.984217,999.984152,999.984280,999.984349,999.984524,999.984921,999.985490,999.986229,999.987166,999.988264,999.989547,999.990921,999.992319,999.993723,999.995113,999.996346,999.997527,999.998551,999.999471,1000.000336,1000.001152,1000.001796,1000.002319,1000.002752,1000.003133,1000.003479,1000.003729,1000.003939,1000.004092,1000.004217,1000.004335,1000.004396,1000.004442,1000.004427,1000.004439,1000.004442,1000.004392,1000.004317,1000.004241,1000.004192,1000.004095,1000.003998,1000.003910,1000.003834,1000.003755,1000.003614,1000.003514,1000.003451,1000.003328,1000.003225,1000.003191,1000.003099,1000.003036,1000.002950,1000.002882,1000.002809,1000.002798,1000.002720,1000.002723,1000.002706,1000.002732,1000.002722,1000.002740,1000.002762,1000.002812,1000.002797,0.000000,0.000000,0.000000,0.000000,0.000000,0.000000,0.000000,0.000000
0.000000,0.000000,0.000000,0.000000,0.000000,0.000000,0.000000,0.000000,999.985067,999.986391,999.986326,999.986330,999.986341,999.986277,999.986283,999.986222,999.986210,999.986128,999.986053,999.985897,999.985795,999.985685,999.985485,999.985301,999.985009,999.984915,999.984369,999.984228,999.984350,999.983929,999.983692,999.983479,999.983313,999.983469,999.983854,999.984395,999.985247,999.986302,999.987587,999.989008,999.990560,999.992154,999.993718,999.995319,999.996854,999.998174,999.999351,1000.000343,1000.001129,1000.001865,1000.002518,1000.003027,1000.003471,1000.003829,1000.004108,1000.004351,1000.004540,1000.004678,1000.004768,1000.004839,1000.004887,1000.004861,1000.004869,1000.004818,1000.004783,1000.004706,1000.004652,1000.004530,1000.004461,1000.004350,1000.004247,1000.004098,1000.003970,1000.003898,1000.003787,1000.003619,1000.003537,1000.003486,1000.003289,1000.003189,1000.003121,1000.003046,1000.002964,1000.002889,1000.002837,1000.002769,1000.002721,1000.002675,1000.002633,1000.002626,1000.002653,1000.002646,1000.002651,1000.002628,1000.003148,0.000000,0.000000,0.000000,0.000000,0.000000,0.000000,0.000000,0.000000
0.000000,0.000000,0.000000,0.000000,0.000000,0.000000,0.000000,999.987290,999.986862,999.986815,999.986646,999.986732,999.986735,999.986683,999.986638,999.986581,999.986524,999.986391,999.986322,999.986184,999.986052,999.985828,999.985646,999.985388,999.985094,999.984848,999.984325,999.984350,999.983771,999.982871,999.982695,999.982478,999.982383,999.982516,999.982745,999.983203,999.983982,999.985121,999.986636,999.988318,999.990280,999.992249,999.994085,999.995763,999.997343,999.998711,999.999992,1000.001197,1000.002103,1000.002793,1000.003382,1000.003874,1000.004292,1000.004613,1000.004829,1000.005049,1000.005194,1000.005292,1000.005369,1000.005369,1000.005377,1000.005342,1000.005318,1000.005240,1000.005152,1000.005065,1000.004960,1000.004837,1000.004710,1000.004592,1000.004463,1000.004329,1000.004176,1000.004012,1000.003932,1000.003757,1000.003610,1000.003506,1000.003418,1000.003264,1000.003167,1000.003044,1000.002947,1000.002885,1000.002780,1000.002707,1000.002675,1000.002658,1000.002594,1000.002531,1000.002533,1000.002537,1000.002605,1000.002559,1000.002567,1000.002476,0.000000,0.000000,0.000000,0.000000,0.000000,0.000000,0.000000
0.000000,0.000000,0.000000,0.000000,0.000000,0.000000,0.000000,999.986045,999.987541,999.987326,999.987260,999.987191,999.987151,999.987076,999.986978,999.986940,999.986861,999.986730,999.986621,999.986447,999.986278,999.986016,999.985813,999.985451,999.985158,999.984751,999.984217,999.983929,999.982871,999.982450,999.982627,999.981871,999.981317,999.981061,999.980918,999.981307,999.982355,999.983740,999.985482,999.987490,999.989660,999.992050,999.994361,999.996495,999.998402,999.999919,1000.001108,1000.002116,1000.003005,1000.003759,1000.004312,1000.004783,1000.005145,1000.005417,1000.005623,1000.005772,1000.005858,1000.005910,1000.005951,1000.005933,1000.005896,1000.005852,1000.005771,1000.005667,1000.005552,1000.005438,1000.005317,1000.005158,1000.005012,1000.004836,1000.004698,1000.004537,1000.004358,1000.004200,1000.004037,1000.003903,1000.003740,1000.003574,1000.003432,1000.003322,1000.003211,1000.003057,1000.002952,1000.002900,1000.002800,1000.002674,1000.002631,1000.002567,1000.002492,1000.002499,1000.002487,1000.002434,1000.002412,1000.002439,1000.002390,1000.002949,0.000000,0.000000,0.000000,0.000000,0.000000,0.000000,0.000000
0.000000,0.000000,0.000000,0.000000,0.000000,0.000000,999.988721,999.988143,999.987938,999.987725,999.987709,999.987597,999.987579,999.987458,999.987389,999.987333,999.987246,999.987076,999.986928,999.986741,999.986551,999.986277,999.986010,999.985621,999.985261,999.984718,999.984152,999.983692,999.982695,999.982627,999.981673,999.979924,999.979450,999.979092,999.979002,999.979592,999.980446,999.981803,999.983972,999.986562,999.989371,999.992144,999.994717,999.997056,999.999113,1000.001000,1000.002426,1000.003427,1000.004259,1000.004920,1000.005437,1000.005816,1000.006081,1000.006281,1000.006451,1000.006543,1000.006565,1000.006590,1000.006560,1000.006513,1000.006447,1000.006348,1000.006227,1000.006103,1000.005960,1000.005795,1000.005640,1000.005452,1000.005308,1000.005087,1000.004905,1000.004754,1000.004560,1000.004364,1000.004161,1000.003996,1000.003862,1000.003661,1000.003519,1000.003352,1000.003239,1000.003090,1000.002934,1000.002849,1000.002761,1000.002654,1000.002575,1000.002526,1000.002446,1000.002384,1000.002376,1000.002326,1000.002325,1000.002310,1000.002260,1000.002272,1000.002174,0.000000,0.000000,0.000000,0.000000,0.000000,0.000000
0.000000,0.000000,0.000000,0.000000,0.000000,0.000000,999.987350,999.988778,999.988410,999.988299,999.988184,999.988070,999.987995,999.987925,999.987831,999.987750,999.987570,999.987445,999.987276,999.987106,999.986882,999.986557,999.986254,999.985822,999.985420,999.984782,999.984280,999.983479,999.982478,999.981871,999.979924,999.978841,999.978919,999.977788,999.976920,999.976727,999.977424,999.979158,999.981800,999.985325,999.988953,999.992524,999.995959,999.998708,1000.000685,1000.002369,1000.003762,1000.004830,1000.005638,1000.006184,1000.006577,1000.006893,1000.007089,1000.007226,1000.007311,1000.007350,1000.007336,1000.007304,1000.007241,1000.007124,1000.007014,1000.006873,1000.006710,1000.006559,1000.006378,1000.006180,1000.005978,1000.005790,1000.005571,1000.005386,1000.005145,1000.004931,1000.004742,1000.004539,1000.004326,1000.004108,1000.003924,1000.003753,1000.003579,1000.003381,1000.003224,1000.003165,1000.002943,1000.002806,1000.002726,1000.002628,1000.002503,1000.002438,1000.002390,1000.002326,1000.002234,1000.002221,1000.002234,1000.002188,1000.002140,1000.002032,1000.002628,0.000000,0.000000,0.000000,0.000000,0.000000,0.000000
0.000000,0.000000,0.000000,0.000000,0.000000,999.990092,999.989422,999.989120,999.988802,999.988797,999.988635,999.988505,999.988447,999.988342,999.988268,999.988113,999.987988,999.987857,999.987709,999.987500,999.987196,999.986940,999.986600,999.986138,999.985638,999.985010,999.984349,999.983313,999.982383,999.981317,999.979450,999.978919,999.977356,999.974040,999.972818,999.972708,999.973263,999.975586,999.979068,999.983236,999.988092,999.992749,999.996793,1000.000322,1000.002858,1000.004530,1000.005689,1000.006557,1000.007171,1000.007583,1000.007861,1000.008056,1000.008179,1000.008232,1000.008212,1000.008154,1000.008112,1000.007988,1000.007882,1000.007729,1000.007565,1000.007394,1000.007212,1000.006999,1000.006782,1000.006572,1000.006330,1000.006104,1000.005852,1000.005626,1000.005377,1000.005150,1000.004887,1000.004684,1000.004469,1000.004231,1000.004014,1000.003805,1000.003642,1000.003446,1000.003235,1000.003117,1000.002963,1000.002801,1000.002681,1000.002568,1000.002437,1000.002365,1000.002316,1000.002251,1000.002156,1000.002089,1000.002079,1000.002032,1000.002070,1000.001977,1000.001892,1000.001676,0.000000,0.000000,0.000000,0.000000,0.000000
0.000000,0.000000,0.000000,0.000000,0.000000,999.988745,999.989910,999.989519,999.989370,999.989204,999.989051,999.988981,999.988911,999.988797,999.988654,999.988565,999.988457,999.988320,999.988135,999.987852,999.987636,999.987354,999.986934,999.986478,999.985948,999.985293,999.984524,999.983469,999.982516,999.981061,999.979092,999.977788,999.974040,999.971168,999.970383,999.968615,999.969057,999.971710,999.976001,999.982388,999.988916,999.994639,999.999302,1000.002656,1000.005141,1000.006807,1000.007846,1000.008483,1000.008871,1000.009118,1000.009253,1000.009303,1000.009284,1000.009231,1000.009145,1000.009040,1000.008899,1000.008728,1000.008558,1000.008375,1000.008150,1000.007938,1000.007704,1000.007464,1000.007215,1000.006944,1000.006699,1000.006416,1000.006161,1000.005905,1000.005615,1000.005351,1000.005088,1000.004818,1000.004581,1000.004336,1000.004137,1000.003870,1000.003665,1000.003475,1000.003274,1000.003092,1000.002935,1000.002802,1000.002670,1000.002502,1000.002418,1000.002293,1000.002161,1000.002135,1000.002101,1000.002029,1000.001983,1000.001921,1000.001861,1000.001867,1000.001759,1000.002283,0.000000,0.000000,0.000000,0.000000,0.000000
0.000000,0.000000,0.000000,0.000000,999.990702,999.990433,999.990179,999.989773,999.989753,999.989628,999.989515,999.989477,999.989361,999.989218,999.989161,999.989065,999.988936,999.988751,999.988512,999.988358,999.988145,999.987772,999.987383,999.986968,999.986435,999.985738,999.984921,999.983854,999.982745,999.980918,999.979002,999.976920,999.972818,999.970383,999.966495,999.960819,999.958879,999.961090,999.968077,999.977914,999.988505,999.997746,1000.003686,1000.006851,1000.008675,1000.009697,1000.010315,1000.010617,1000.010732,1000.010752,1000.010700,1000.010589,1000.010435,1000.010275,1000.010101,1000.009909,1000.009698,1000.009459,1000.009254,1000.008992,1000.008743,1000.008472,1000.008212,1000.007902,1000.007630,1000.007342,1000.007025,1000.006747,1000.006418,1000.006128,1000.005854,1000.005557,1000.005256,1000.004986,1000.004705,1000.004415,1000.004186,1000.003950,1000.003694,1000.003504,1000.003296,1000.003059,1000.002882,1000.002749,1000.002555,1000.002471,1000.002364,1000.002231,1000.002107,1000.002019,1000.001927,1000.001878,1000.001858,1000.001827,1000.001772,1000.001796,1000.001681,1000.001628,1000.001550,0.000000,0.000000,0.000000,0.000000
0.000000,0.000000,0.000000,0.000000,999.989152,999.990274,999.990277,999.990322,999.990219,999.990097,999.990002,999.989902,999.989817,999.989712,999.989628,999.989499,999.989386,999.989230,999.989096,999.988876,999.988629,999.988330,999.987956,999.987536,999.986979,999.986251,999.985490,999.984395,999.983203,999.981307,999.979592,999.976727,999.972708,999.968615,999.960819,999.949639,999.945167,999.951626,999.962521,999.976487,999.992360,1000.003490,1000.008899,1000.011822,1000.012816,1000.013082,1000.013064,1000.012913,1000.012695,1000.012432,1000.012165,1000.011880,1000.011615,1000.011345,1000.011058,1000.010773,1000.010509,1000.010212,1000.009923,1000.009634,1000.009331,1000.009018,1000.008701,1000.008385,1000.008048,1000.007732,1000.007387,1000.007066,1000.006721,1000.006387,1000.006038,1000.005736,1000.005413,1000.005114,1000.004812,1000.004510,1000.004246,1000.003989,1000.003716,1000.003489,1000.003288,1000.003102,1000.002871,1000.002710,1000.002492,1000.002356,1000.002269,1000.002113,1000.001998,1000.001971,1000.001860,1000.001762,1000.001734,1000.001688,1000.001643,1000.001651,1000.001655,1000.001697,1000.002242,0.000000,0.000000,0.000000,0.000000
