0.000000,0.000000,0.000000,0.000000,0.000000,0.000000,0.000000,0.000000,0.000000,0.000000,0.000000,0.000000,0.000000,0.000000,0.000000,0.000000,0.000000,0.000000,0.000000,0.000000,0.000000,0.000000,0.000000,0.000000,0.000000,0.000000,0.000000,0.000000,0.000000,0.000000,0.000000,0.000000,0.000000,0.000000,0.000000,0.000000,0.000000,0.000000,0.000000,0.000000,0.000000,0.000000,0.000000,0.000000,0.000000,0.000000,0.000000,0.000000,0.000000,0.000000,0.000000,0.000000,0.000000,0.000000,0.000000,0.000000,0.000000,0.000000,0.000000,0.000000,0.000000,0.000000,0.000000,0.000000,0.000000,0.000000,0.000000,0.000000,0.000000,0.000000,0.000000,0.000000,0.000000,0.000000,0.000000,0.000000,0.000000,0.000000,0.000000,0.000000,0.000000,0.000000,0.000000,0.000000,0.000000,0.000000,0.000000,0.000000,0.000000,0.000000,0.000000,0.000000,0.000000,0.000000,0.000000,0.000000,0.000000,0.000000,0.000000,0.000000,0.000000,0.000000,0.000000
0.000000,0.000000,0.000000,0.000000,0.000000,0.000000,0.000000,0.000000,0.000000,0.000000,0.000000,0.000000,0.000000,0.000000,0.000000,0.000000,0.000000,0.000000,0.000000,0.000000,0.000000,0.000000,0.000000,0.000000,0.000000,0.000000,0.000000,0.000000,0.000000,0.000000,0.000000,0.000000,0.000000,0.000000,0.000000,0.000000,0.000000,0.000000,0.000000,0.000000,0.000000,0.000000,0.000000,0.000000,0.000000,0.000000,0.000000,0.000000,0.000000,0.000000,0.000000,1000.000091,0.000000,0.000000,0.000000,0.000000,0.000000,0.000000,0.000000,0.000000,0.000000,0.000000,0.000000,0.000000,0.000000,0.000000,0.000000,0.000000,0.000000,0.000000,0.000000,0.000000,0.000000,0.000000,0.000000,0.000000,0.000000,0.000000,0.000000,0.000000,0.000000,0.000000,0.000000,0.000000,0.000000,0.000000,0.000000,0.000000,0.000000,0.000000,0.000000,0.000000,0.000000,0.000000,0.000000,0.000000,0.000000,0.000000,0.000000,0.000000,0.000000,0.000000,0.000000
0.000000,0.000000,0.000000,0.000000,0.000000,0.000000,0.000000,0.000000,0.000000,0.000000,0.000000,0.000000,0.000000,0.000000,0.000000,0.000000,0.000000,0.000000,0.000000,0.000000,0.000000,0.000000,0.000000,0.000000,0.000000,0.000000,0.000000,0.000000,0.000000,0.000000,0.000000,0.000000,0.000000,0.000000,0.000000,0.000000,0.000000,0.000000,0.000000,0.000000,0.000000,0.000000,1000.000166,1000.000193,1000.000207,1000.000214,1000.000218,1000.000219,1000.000219,1000.000218,1000.000217,1000.000224,1000.000217,1000.000218,1000.000219,1000.000219,1000.000218,1000.000214,1000.000207,1000.000193,1000.000166,0.000000,0.000000,0.000000,0.000000,0.000000,0.000000,0.000000,0.000000,0.000000,0.000000,0.000000,0.000000,0.000000,0.000000,0.000000,0.000000,0.000000,0.000000,0.000000,0.000000,0.000000,0.000000,0.000000,0.000000,0.000000,0.000000,0.000000,0.000000,0.000000,0.000000,0.000000,0.000000,0.000000,0.000000,0.000000,0.000000,0.000000,0.000000,0.000000,0.000000,0.000000,0.000000
0.000000,0.000000,0.000000,0.000000,0.000000,0.000000,0.000000,0.000000,0.000000,0.000000,0.000000,0.000000,0.000000,0.000000,0.000000,0.000000,0.000000,0.000000,0.000000,0.000000,0.000000,0.000000,0.000000,0.000000,0.000000,0.000000,0.000000,0.000000,0.000000,0.000000,0.000000,0.000000,0.000000,0.000000,0.000000,0.000000,0.000000,1000.000160,1000.000199,1000.000231,1000.000257,1000.000278,1000.000297,1000.000315,1000.000328,1000.000337,1000.000342,1000.000345,1000.000346,1000.000347,1000.000346,1000.000347,1000.000346,1000.000347,1000.000346,1000.000345,1000.000342,1000.000337,1000.000328,1000.000315,1000.000297,1000.000278,1000.000257,1000.000231,1000.000199,1000.000160,0.000000,0.000000,0.000000,0.000000,0.000000,0.000000,0.000000,0.000000,0.000000,0.000000,0.000000,0.000000,0.000000,0.000000,0.000000,0.000000,0.000000,0.000000,0.000000,0.000000,0.000000,0.000000,0.000000,0.000000,0.000000,0.000000,0.000000,0.000000,0.000000,0.000000,0.000000,0.000000,0.000000,0.000000,0.000000,0.000000,0.000000
0.000000,0.000000,0.000000,0.000000,0.000000,0.000000,0.000000,0.000000,0.000000,0.000000,0.000000,0.000000,0.000000,0.000000,0.000000,0.000000,0.000000,0.000000,0.000000,0.000000,0.000000,0.000000,0.000000,0.000000,0.000000,0.000000,0.000000,0.000000,0.000000,0.000000,0.000000,0.000000,0.000000,0.000000,1000.000167,1000.000212,1000.000250,1000.000287,1000.000320,1000.000350,1000.000377,1000.000400,1000.000422,1000.000439,1000.000451,1000.000459,1000.000464,1000.000467,1000.000468,1000.000469,1000.000470,1000.000469,1000.000470,1000.000469,1000.000468,1000.000467,1000.000464,1000.000459,1000.000451,1000.000439,1000.000422,1000.000400,1000.000377,1000.000350,1000.000320,1000.000287,1000.000250,1000.000212,1000.000167,0.000000,0.000000,0.000000,0.000000,0.000000,0.000000,0.000000,0.000000,0.000000,0.000000,0.000000,0.000000,0.000000,0.000000,0.000000,0.000000,0.000000,0.000000,0.000000,0.000000,0.000000,0.000000,0.000000,0.000000,0.000000,0.000000,0.000000,0.000000,0.000000,0.000000,0.000000,0.000000,0.000000,0.000000
0.000000,0.000000,0.000000,0.000000,0.000000,0.000000,0.000000,0.000000,0.000000,0.000000,0.000000,0.000000,0.000000,0.000000,0.000000,0.000000,0.000000,0.000000,0.000000,0.000000,0.000000,0.000000,0.000000,0.000000,0.000000,0.000000,0.000000,0.000000,0.000000,0.000000,0.000000,0.000000,1000.000190,1000.000241,1000.000291,1000.000331,1000.000369,1000.000406,1000.000438,1000.000468,1000.000495,1000.000520,1000.000543,1000.000561,1000.000572,1000.000578,1000.000582,1000.000584,1000.000585,1000.000585,1000.000586,1000.000586,1000.000586,1000.000585,1000.000585,1000.000584,1000.000582,1000.000578,1000.000572,1000.000561,1000.000543,1000.000520,1000.000495,1000.000468,1000.000438,1000.000406,1000.000369,1000.000331,1000.000291,1000.000241,1000.000190,0.000000,0.000000,0.000000,0.000000,0.000000,0.000000,0.000000,0.000000,0.000000,0.000000,0.000000,0.000000,0.000000,0.000000,0.000000,0.000000,0.000000,0.000000,0.000000,0.000000,0.000000,0.000000,0.000000,0.000000,0.000000,0.000000,0.000000,0.000000,0.000000,0.000000,0.000000,0.000000
0.000000,0.000000,0.000000,0.000000,0.000000,0.000000,0.000000,0.000000,0.000000,0.000000,0.000000,0.000000,0.000000,0.000000,0.000000,0.000000,0.000000,0.000000,0.000000,0.000000,0.000000,0.000000,0.000000,0.000000,0.000000,0.000000,0.000000,0.000000,0.000000,0.000000,1000.000199,1000.000256,1000.000312,1000.000359,1000.000405,1000.000446,1000.000486,1000.000523,1000.000555,1000.000583,1000.000606,1000.000628,1000.000646,1000.000658,1000.000665,1000.000668,1000.000670,1000.000671,1000.000671,1000.000671,1000.000671,1000.000671,1000.000671,1000.000671,1000.000671,1000.000671,1000.000670,1000.000668,1000.000665,1000.000658,1000.000646,1000.000628,1000.000606,1000.000583,1000.000555,1000.000523,1000.000486,1000.000446,1000.000405,1000.000359,1000.000312,1000.000256,1000.000199,0.000000,0.000000,0.000000,0.000000,0.000000,0.000000,0.000000,0.000000,0.000000,0.000000,0.000000,0.000000,0.000000,0.000000,0.000000,0.000000,0.000000,0.000000,0.000000,0.000000,0.000000,0.000000,0.000000,0.000000,0.000000,0.000000,0.000000,0.000000,0.000000,0.000000
0.000000,0.000000,0.000000,0.000000,0.000000,0.000000,0.000000,0.000000,0.000000,0.000000,0.000000,0.000000,0.000000,0.000000,0.000000,0.000000,0.000000,0.000000,0.000000,0.000000,0.000000,0.000000,0.000000,0.000000,0.000000,0.000000,0.000000,0.000000,1000.000198,1000.000260,1000.000320,1000.000372,1000.000423,1000.000472,1000.000520,1000.000562,1000.000598,1000.000629,1000.000654,1000.000671,1000.000683,1000.000690,1000.000693,1000.000691,1000.000690,1000.000689,1000.000688,1000.000687,1000.000686,1000.000686,1000.000685,1000.000685,1000.000685,1000.000686,1000.000686,1000.000687,1000.000688,1000.000689,1000.000690,1000.000691,1000.000693,1000.000690,1000.000683,1000.000671,1000.000654,1000.000629,1000.000598,1000.000562,1000.000520,1000.000472,1000.000423,1000.000372,1000.000320,1000.000260,1000.000198,0.000000,0.000000,0.000000,0.000000,0.000000,0.000000,0.000000,0.000000,0.000000,0.000000,0.000000,0.000000,0.000000,0.000000,0.000000,0.000000,0.000000,0.000000,0.000000,0.000000,0.000000,0.000000,0.000000,0.000000,0.000000,0.000000,0.000000,0.000000
0.000000,0.000000,0.000000,0.000000,0.000000,0.000000,0.000000,0.000000,0.000000,0.000000,0.000000,0.000000,0.000000,0.000000,0.000000,0.000000,0.000000,0.000000,0.000000,0.000000,0.000000,0.000000,0.000000,0.000000,0.000000,0.000000,1000.000188,1000.000255,1000.000318,1000.000373,1000.000428,1000.000482,1000.000534,1000.000583,1000.000624,1000.000657,1000.000679,1000.000693,1000.000698,1000.000697,1000.000692,1000.000683,1000.000670,1000.000657,1000.000648,1000.000642,1000.000639,1000.000636,1000.000635,1000.000633,1000.000633,1000.000632,1000.000633,1000.000633,1000.000635,1000.000636,1000.000639,1000.000642,1000.000648,1000.000657,1000.000670,1000.000683,1000.000692,1000.000697,1000.000698,1000.000693,1000.000679,1000.000657,1000.000624,1000.000583,1000.000534,1000.000482,1000.000428,1000.000373,1000.000318,1000.000255,1000.000188,0.000000,0.000000,0.000000,0.000000,0.000000,0.000000,0.000000,0.000000,0.000000,0.000000,0.000000,0.000000,0.000000,0.000000,0.000000,0.000000,0.000000,0.000000,0.000000,0.000000,0.000000,0.000000,0.000000,0.000000,0.000000,0.000000
0.000000,0.000000,0.000000,0.000000,0.000000,0.000000,0.000000,0.000000,0.000000,0.000000,0.000000,0.000000,0.000000,0.000000,0.000000,0.000000,0.000000,0.000000,0.000000,0.000000,0.000000,0.000000,0.000000,0.000000,1000.000162,1000.000235,1000.000304,1000.000365,1000.000425,1000.000482,1000.000538,1000.000589,1000.000633,1000.000668,1000.000690,1000.000699,1000.000698,1000.000689,1000.000674,1000.000658,1000.000642,1000.000625,1000.000608,1000.000592,1000.000580,1000.000572,1000.000567,1000.000563,1000.000560,1000.000558,1000.000557,1000.000556,1000.000557,1000.000558,1000.000560,1000.000563,1000.000567,1000.000572,1000.000580,1000.000592,1000.000608,1000.000625,1000.000642,1000.000658,1000.000674,1000.000689,1000.000698,1000.000699,1000.000690,1000.000668,1000.000633,1000.000589,1000.000538,1000.000482,1000.000425,1000.000365,1000.000304,1000.000235,1000.000162,0.000000,0.000000,0.000000,0.000000,0.000000,0.000000,0.000000,0.000000,0.000000,0.000000,0.000000,0.000000,0.000000,0.000000,0.000000,0.000000,0.000000,0.000000,0.000000,0.000000,0.000000,0.000000,0.000000,0.000000
0.000000,0.000000,0.000000,0.000000,0.000000,0.000000,0.000000,0.000000,0.000000,0.000000,0.000000,0.000000,0.000000,0.000000,0.000000,0.000000,0.000000,0.000000,0.000000,0.000000,0.000000,0.000000,0.000000,1000.000195,1000.000275,1000.000342,1000.000409,1000.000472,1000.000532,1000.000587,1000.000634,1000.000671,1000.000694,1000.000701,1000.000694,1000.000677,1000.000657,1000.000635,1000.000612,1000.000591,1000.000571,1000.000554,1000.000537,1000.000522,1000.000511,1000.000502,1000.000495,1000.000490,1000.000486,1000.000484,1000.000482,1000.000482,1000.000482,1000.000484,1000.000486,1000.000490,1000.000495,1000.000502,1000.000511,1000.000522,1000.000537,1000.000554,1000.000571,1000.000591,1000.000612,1000.000635,1000.000657,1000.000677,1000.000694,1000.000701,1000.000694,1000.000671,1000.000634,1000.000587,1000.000532,1000.000472,1000.000409,1000.000342,1000.000275,1000.000195,0.000000,0.000000,0.000000,0.000000,0.000000,0.000000,0.000000,0.000000,0.000000,0.000000,0.000000,0.000000,0.000000,0.000000,0.000000,0.000000,0.000000,0.000000,0.000000,0.000000,0.000000,0.000000,0.000000
0.000000,0.000000,0.000000,0.000000,0.000000,0.000000,0.000000,0.000000,0.000000,0.000000,0.000000,0.000000,0.000000,0.000000,0.000000,0.000000,0.000000,0.000000,0.000000,0.000000,0.000000,1000.000144,1000.000226,1000.000305,1000.000376,1000.000446,1000.000515,1000.000577,1000.000629,1000.000669,1000.000694,1000.000701,1000.000694,1000.000673,1000.000647,1000.000618,1000.000591,1000.000566,1000.000543,1000.000521,1000.000502,1000.000485,1000.000469,1000.000454,1000.000443,1000.000433,1000.000425,1000.000419,1000.000415,1000.000412,1000.000410,1000.000410,1000.000410,1000.000412,1000.000415,1000.000419,1000.000425,1000.000433,1000.000443,1000.000454,1000.000469,1000.000485,1000.000502,1000.000521,1000.000543,1000.000566,1000.000591,1000.000618,1000.000647,1000.000673,1000.000694,1000.000701,1000.000694,1000.000669,1000.000629,1000.000577,1000.000515,1000.000446,1000.000376,1000.000305,1000.000226,1000.000144,0.000000,0.000000,0.000000,0.000000,0.000000,0.000000,0.000000,0.000000,0.000000,0.000000,0.000000,0.000000,0.000000,0.000000,0.000000,0.000000,0.000000,0.000000,0.000000,0.000000,0.000000
0.000000,0.000000,0.000000,0.000000,0.000000,0.000000,0.000000,0.000000,0.000000,0.000000,0.000000,0.000000,0.000000,0.000000,0.000000,0.000000,0.000000,0.000000,0.000000,0.000000,1000.000168,1000.000254,1000.000329,1000.000402,1000.000475,1000.000548,1000.000611,1000.000661,1000.000690,1000.000700,1000.000694,1000.000673,1000.000645,1000.000613,1000.000581,1000.000550,1000.000523,1000.000499,1000.000476,1000.000454,1000.000435,1000.000417,1000.000401,1000.000387,1000.000375,1000.000365,1000.000357,1000.000351,1000.000346,1000.000343,1000.000341,1000.000340,1000.000341,1000.000343,1000.000346,1000.000351,1000.000357,1000.000365,1000.000375,1000.000387,1000.000401,1000.000417,1000.000435,1000.000454,1000.000476,1000.000499,1000.000523,1000.000550,1000.000581,1000.000613,1000.000645,1000.000673,1000.000694,1000.000700,1000.000690,1000.000661,1000.000611,1000.000548,1000.000475,1000.000402,1000.000329,1000.000254,1000.000168,0.000000,0.000000,0.000000,0.000000,0.000000,0.000000,0.000000,0.000000,0.000000,0.000000,0.000000,0.000000,0.000000,0.000000,0.000000,0.000000,0.000000,0.000000,0.000000,0.000000
0.000000,0.000000,0.000000,0.000000,0.000000,0.000000,0.000000,0.000000,0.000000,0.000000,0.000000,0.000000,0.000000,0.000000,0.000000,0.000000,0.000000,0.000000,0.000000,1000.000187,1000.000275,1000.000352,1000.000426,1000.000500,1000.000571,1000.000634,1000.000679,1000.000698,1000.000694,1000.000674,1000.000646,1000.000613,1000.000578,1000.000545,1000.000514,1000.000485,1000.000459,1000.000433,1000.000410,1000.000389,1000.000369,1000.000351,1000.000336,1000.000322,1000.000310,1000.000299,1000.000291,1000.000284,1000.000279,1000.000275,1000.000273,1000.000272,1000.000273,1000.000275,1000.000279,1000.000284,1000.000291,1000.000299,1000.000310,1000.000322,1000.000336,1000.000351,1000.000369,1000.000389,1000.000410,1000.000433,1000.000459,1000.000485,1000.000514,1000.000545,1000.000578,1000.000613,1000.000646,1000.000674,1000.000694,1000.000698,1000.000679,1000.000634,1000.000571,1000.000500,1000.000426,1000.000352,1000.000275,1000.000187,0.000000,0.000000,0.000000,0.000000,0.000000,0.000000,0.000000,0.000000,0.000000,0.000000,0.000000,0.000000,0.000000,0.000000,0.000000,0.000000,0.000000,0.000000,0.000000
0.000000,0.000000,0.000000,0.000000,0.000000,0.000000,0.000000,0.000000,0.000000,0.000000,0.000000,0.000000,0.000000,0.000000,0.000000,0.000000,0.000000,0.000000,1000.000199,1000.000291,1000.000371,1000.000448,1000.000525,1000.000593,1000.000650,1000.000689,1000.000699,1000.000682,1000.000652,1000.000617,1000.000581,1000.000546,1000.000512,1000.000480,1000.000450,1000.000422,1000.000395,1000.000369,1000.000346,1000.000325,1000.000305,1000.000288,1000.000272,1000.000258,1000.000245,1000.000235,1000.000226,1000.000219,1000.000214,1000.000210,1000.000208,1000.000207,1000.000208,1000.000210,1000.000214,1000.000219,1000.000226,1000.000235,1000.000245,1000.000258,1000.000272,1000.000288,1000.000305,1000.000325,1000.000346,1000.000369,1000.000395,1000.000422,1000.000450,1000.000480,1000.000512,1000.000546,1000.000581,1000.000617,1000.000652,1000.000682,1000.000699,1000.000689,1000.000650,1000.000593,1000.000525,1000.000448,1000.000371,1000.000291,1000.000199,0.000000,0.000000,0.000000,0.000000,0.000000,0.000000,0.000000,0.000000,0.000000,0.000000,0.000000,0.000000,0.000000,0.000000,0.000000,0.000000,0.000000,0.000000
0.000000,0.000000,0.000000,0.000000,0.000000,0.000000,0.000000,0.000000,0.000000,0.000000,0.000000,0.000000,0.000000,0.000000,0.000000,0.000000,0.000000,1000.000205,1000.000300,1000.000383,1000.000464,1000.000545,1000.000615,1000.000667,1000.000696,1000.000698,1000.000673,1000.000635,1000.000593,1000.000554,1000.000517,1000.000483,1000.000450,1000.000418,1000.000388,1000.000359,1000.000332,1000.000307,1000.000284,1000.000263,1000.000243,1000.000225,1000.000209,1000.000195,1000.000183,1000.000172,1000.000163,1000.000156,1000.000151,1000.000147,1000.000144,1000.000144,1000.000144,1000.000147,1000.000151,1000.000156,1000.000163,1000.000172,1000.000183,1000.000195,1000.000209,1000.000225,1000.000243,1000.000263,1000.000284,1000.000307,1000.000332,1000.000359,1000.000388,1000.000418,1000.000450,1000.000483,1000.000517,1000.000554,1000.000593,1000.000635,1000.000673,1000.000698,1000.000696,1000.000667,1000.000615,1000.000545,1000.000464,1000.000383,1000.000300,1000.000205,0.000000,0.000000,0.000000,0.000000,0.000000,0.000000,0.000000,0.000000,0.000000,0.000000,0.000000,0.000000,0.000000,0.000000,0.000000,0.000000,0.000000
0.000000,0.000000,0.000000,0.000000,0.000000,0.000000,0.000000,0.000000,0.000000,0.000000,0.000000,0.000000,0.000000,0.000000,0.000000,0.000000,1000.000207,1000.000304,1000.000389,1000.000473,1000.000556,1000.000629,1000.000679,1000.000699,1000.000691,1000.000663,1000.000621,1000.000575,1000.000532,1000.000494,1000.000457,1000.000422,1000.000389,1000.000357,1000.000327,1000.000298,1000.000272,1000.000247,1000.000223,1000.000202,1000.000182,1000.000165,1000.000149,1000.000134,1000.000122,1000.000111,1000.000102,1000.000095,1000.000089,1000.000085,1000.000083,1000.000082,1000.000083,1000.000085,1000.000089,1000.000095,1000.000102,1000.000111,1000.000122,1000.000134,1000.000149,1000.000165,1000.000182,1000.000202,1000.000223,1000.000247,1000.000272,1000.000298,1000.000327,1000.000357,1000.000389,1000.000422,1000.000457,1000.000494,1000.000532,1000.000575,1000.000621,1000.000663,1000.000691,1000.000699,1000.000679,1000.000629,1000.000556,1000.000473,1000.000389,1000.000304,1000.000207,0.000000,0.000000,0.000000,0.000000,0.000000,0.000000,0.000000,0.000000,0.000000,0.000000,0.000000,0.000000,0.000000,0.000000,0.000000,0.000000
0.000000,0.000000,0.000000,0.000000,0.000000,0.000000,0.000000,0.000000,0.000000,0.000000,0.000000,0.000000,0.000000,0.000000,0.000000,1000.000205,1000.000304,1000.000391,1000.000477,1000.000562,1000.000635,1000.000684,1000.000699,1000.000681,1000.000647,1000.000605,1000.000560,1000.000515,1000.000474,1000.000436,1000.000398,1000.000363,1000.000329,1000.000298,1000.000268,1000.000239,1000.000212,1000.000187,1000.000164,1000.000143,1000.000123,1000.000105,1000.000089,1000.000075,1000.000063,1000.000052,1000.000043,1000.000035,1000.000029,1000.000025,1000.000023,1000.000022,1000.000023,1000.000025,1000.000029,1000.000035,1000.000043,1000.000052,1000.000063,1000.000075,1000.000089,1000.000105,1000.000123,1000.000143,1000.000164,1000.000187,1000.000212,1000.000239,1000.000268,1000.000298,1000.000329,1000.000363,1000.000398,1000.000436,1000.000474,1000.000515,1000.000560,1000.000605,1000.000647,1000.000681,1000.000699,1000.000684,1000.000635,1000.000562,1000.000477,1000.000391,1000.000304,1000.000205,0.000000,0.000000,0.000000,0.000000,0.000000,0.000000,0.000000,0.000000,0.000000,0.000000,0.000000,0.000000,0.000000,0.000000,0.000000
0.000000,0.000000,0.000000,0.000000,0.000000,0.000000,0.000000,0.000000,0.000000,0.000000,0.000000,0.000000,0.000000,0.000000,1000.000199,1000.000300,1000.000389,1000.000477,1000.000563,1000.000637,1000.000687,1000.000699,1000.000677,1000.000636,1000.000590,1000.000544,1000.000500,1000.000458,1000.000418,1000.000378,1000.000341,1000.000306,1000.000272,1000.000240,1000.000210,1000.000182,1000.000155,1000.000130,1000.000107,1000.000086,1000.000066,1000.000048,1000.000032,1000.000018,1000.000005,999.999994,999.999985,999.999977,999.999972,999.999968,999.999965,999.999964,999.999965,999.999968,999.999972,999.999977,999.999985,999.999994,1000.000005,1000.000018,1000.000032,1000.000048,1000.000066,1000.000086,1000.000107,1000.000130,1000.000155,1000.000182,1000.000210,1000.000240,1000.000272,1000.000306,1000.000341,1000.000378,1000.000418,1000.000458,1000.000500,1000.000544,1000.000590,1000.000636,1000.000677,1000.000699,1000.000687,1000.000637,1000.000563,1000.000477,1000.000389,1000.000300,1000.000199,0.000000,0.000000,0.000000,0.000000,0.000000,0.000000,0.000000,0.000000,0.000000,0.000000,0.000000,0.000000,0.000000,0.000000
0.000000,0.000000,0.000000,0.000000,0.000000,0.000000,0.000000,0.000000,0.000000,0.000000,0.000000,0.000000,0.000000,1000.000187,1000.000291,1000.000383,1000.000473,1000.000562,1000.000637,1000.000688,1000.000699,1000.000675,1000.000631,1000.000581,1000.000532,1000.000488,1000.000445,1000.000402,1000.000361,1000.000322,1000.000285,1000.000250,1000.000216,1000.000184,1000.000154,1000.000126,1000.000099,1000.000074,1000.000051,1000.000030,1000.000010,999.999992,999.999976,999.999962,999.999949,999.999938,999.999929,999.999921,999.999916,999.999911,999.999909,999.999908,999.999909,999.999911,999.999916,999.999921,999.999929,999.999938,999.999949,999.999962,999.999976,999.999992,1000.000010,1000.000030,1000.000051,1000.000074,1000.000099,1000.000126,1000.000154,1000.000184,1000.000216,1000.000250,1000.000285,1000.000322,1000.000361,1000.000402,1000.000445,1000.000488,1000.000532,1000.000581,1000.000631,1000.000675,1000.000699,1000.000688,1000.000637,1000.000562,1000.000473,1000.000383,1000.000291,1000.000187,0.000000,0.000000,0.000000,0.000000,0.000000,0.000000,0.000000,0.000000,0.000000,0.000000,0.000000,0.000000,0.000000
0.000000,0.000000,0.000000,0.000000,0.000000,0.000000,0.000000,0.000000,0.000000,0.000000,0.000000,0.000000,1000.000168,1000.000275,1000.000371,1000.000464,1000.000556,1000.000635,1000.000687,1000.000699,1000.000674,1000.000629,1000.000577,1000.000526,1000.000479,1000.000434,1000.000390,1000.000348,1000.000307,1000.000268,1000.000231,1000.000196,1000.000162,1000.000131,1000.000100,1000.000072,1000.000045,1000.000020,999.999997,999.999976,999.999956,999.999938,999.999922,999.999908,999.999895,999.999884,999.999875,999.999867,999.999861,999.999857,999.999855,999.999854,999.999855,999.999857,999.999861,999.999867,999.999875,999.999884,999.999895,999.999908,999.999922,999.999938,999.999956,999.999976,999.999997,1000.000020,1000.000045,1000.000072,1000.000100,1000.000131,1000.000162,1000.000196,1000.000231,1000.000268,1000.000307,1000.000348,1000.000390,1000.000434,1000.000479,1000.000526,1000.000577,1000.000629,1000.000674,1000.000699,1000.000687,1000.000635,1000.000556,1000.000464,1000.000371,1000.000275,1000.000168,0.000000,0.000000,0.000000,0.000000,0.000000,0.000000,0.000000,0.000000,0.000000,0.000000,0.000000,0.000000
0.000000,0.000000,0.000000,0.000000,0.000000,0.000000,0.000000,0.000000,0.000000,0.000000,0.000000,1000.000144,1000.000254,1000.000352,1000.000448,1000.000545,1000.000629,1000.000684,1000.000699,1000.000675,1000.000629,1000.000576,1000.000523,1000.000474,1000.000428,1000.000381,1000.000337,1000.000295,1000.000255,1000.000216,1000.000179,1000.000144,1000.000110,1000.000078,1000.000048,1000.000020,999.999993,999.999968,999.999945,999.999924,999.999904,999.999886,999.999870,999.999855,999.999843,999.999832,999.999822,999.999815,999.999809,999.999805,999.999802,999.999801,999.999802,999.999805,999.999809,999.999815,999.999822,999.999832,999.999843,999.999855,999.999870,999.999886,999.999904,999.999924,999.999945,999.999968,999.999993,1000.000020,1000.000048,1000.000078,1000.000110,1000.000144,1000.000179,1000.000216,1000.000255,1000.000295,1000.000337,1000.000381,1000.000428,1000.000474,1000.000523,1000.000576,1000.000629,1000.000675,1000.000699,1000.000684,1000.000629,1000.000545,1000.000448,1000.000352,1000.000254,1000.000144,0.000000,0.000000,0.000000,0.000000,0.000000,0.000000,0.000000,0.000000,0.000000,0.000000,0.000000
0.000000,0.000000,0.000000,0.000000,0.000000,0.000000,0.000000,0.000000,0.000000,0.000000,0.000000,1000.000226,1000.000329,1000.000426,1000.000525,1000.000615,1000.000679,1000.000699,1000.000677,1000.000631,1000.000577,1000.000523,1000.000473,1000.000424,1000.000376,1000.000330,1000.000287,1000.000245,1000.000204,1000.000165,1000.000128,1000.000093,1000.000059,1000.000028,999.999997,999.999969,999.999942,999.999918,999.999894,999.999873,999.999853,999.999835,999.999819,999.999805,999.999792,999.999781,999.999771,999.999764,999.999758,999.999754,999.999751,999.999750,999.999751,999.999754,999.999758,999.999764,999.999771,999.999781,999.999792,999.999805,999.999819,999.999835,999.999853,999.999873,999.999894,999.999918,999.999942,999.999969,999.999997,1000.000028,1000.000059,1000.000093,1000.000128,1000.000165,1000.000204,1000.000245,1000.000287,1000.000330,1000.000376,1000.000424,1000.000473,1000.000523,1000.000577,1000.000631,1000.000677,1000.000699,1000.000679,1000.000615,1000.000525,1000.000426,1000.000329,1000.000226,0.000000,0.000000,0.000000,0.000000,0.000000,0.000000,0.000000,0.000000,0.000000,0.000000,0.000000
0.000000,0.000000,0.000000,0.000000,0.000000,0.000000,0.000000,0.000000,0.000000,0.000000,1000.000195,1000.000305,1000.000402,1000.000500,1000.000593,1000.000667,1000.000699,1000.000681,1000.000636,1000.000581,1000.000526,1000.000474,1000.000424,1000.000375,1000.000327,1000.000282,1000.000238,1000.000196,1000.000155,1000.000116,1000.000079,1000.000044,1000.000010,999.999979,999.999949,999.999920,999.999894,999.999869,999.999846,999.999824,999.999804,999.999786,999.999770,999.999756,999.999743,999.999732,999.999722,999.999715,999.999709,999.999705,999.999702,999.999701,999.999702,999.999705,999.999709,999.999715,999.999722,999.999732,999.999743,999.999756,999.999770,999.999786,999.999804,999.999824,999.999846,999.999869,999.999894,999.999920,999.999949,999.999979,1000.000010,1000.000044,1000.000079,1000.000116,1000.000155,1000.000196,1000.000238,1000.000282,1000.000327,1000.000375,1000.000424,1000.000474,1000.000526,1000.000581,1000.000636,1000.000681,1000.000699,1000.000667,1000.000593,1000.000500,1000.000402,1000.000305,1000.000195,0.000000,0.000000,0.000000,0.000000,0.000000,0.000000,0.000000,0.000000,0.000000,0.000000
0.000000,0.000000,0.000000,0.000000,0.000000,0.000000,0.000000,0.000000,0.000000,1000.000162,1000.000275,1000.000376,1000.000475,1000.000571,1000.000650,1000.000696,1000.000691,1000.000647,1000.000590,1000.000532,1000.000479,1000.000428,1000.000376,1000.000327,1000.000280,1000.000234,1000.000190,1000.000148,1000.000108,1000.000069,1000.000032,999.999997,999.999963,999.999931,999.999901,999.999873,999.999846,999.999822,999.999798,999.999777,999.999757,999.999739,999.999723,999.999708,999.999696,999.999685,999.999675,999.999667,999.999662,999.999657,999.999655,999.999654,999.999655,999.999657,999.999662,999.999667,999.999675,999.999685,999.999696,999.999708,999.999723,999.999739,999.999757,999.999777,999.999798,999.999822,999.999846,999.999873,999.999901,999.999931,999.999963,999.999997,1000.000032,1000.000069,1000.000108,1000.000148,1000.000190,1000.000234,1000.000280,1000.000327,1000.000376,1000.000428,1000.000479,1000.000532,1000.000590,1000.000647,1000.000691,1000.000696,1000.000650,1000.000571,1000.000475,1000.000376,1000.000275,1000.000162,0.000000,0.000000,0.000000,0.000000,0.000000,0.000000,0.000000,0.000000,0.000000
0.000000,0.000000,0.000000,0.000000,0.000000,0.000000,0.000000,0.000000,0.000000,1000.000235,1000.000342,1000.000446,1000.000548,1000.000634,1000.000689,1000.000698,1000.000663,1000.000605,1000.000544,1000.000488,1000.000434,1000.000381,1000.000330,1000.000282,1000.000234,1000.000189,1000.000145,1000.000103,1000.000062,1000.000024,999.999987,999.999951,999.999918,999.999886,999.999856,999.999828,999.999801,999.999776,999.999753,999.999731,999.999712,999.999694,999.999677,999.999663,999.999650,999.999639,999.999630,999.999622,999.999616,999.999612,999.999609,999.999608,999.999609,999.999612,999.999616,999.999622,999.999630,999.999639,999.999650,999.999663,999.999677,999.999694,999.999712,999.999731,999.999753,999.999776,999.999801,999.999828,999.999856,999.999886,999.999918,999.999951,999.999987,1000.000024,1000.000062,1000.000103,1000.000145,1000.000189,1000.000234,1000.000282,1000.000330,1000.000381,1000.000434,1000.000488,1000.000544,1000.000605,1000.000663,1000.000698,1000.000689,1000.000634,1000.000548,1000.000446,1000.000342,1000.000235,0.000000,0.000000,0.000000,0.000000,0.000000,0.000000,0.000000,0.000000,0.000000
0.000000,0.000000,0.000000,0.000000,0.000000,0.000000,0.000000,0.000000,1000.000188,1000.000304,1000.000409,1000.000515,1000.000611,1000.000679,1000.000699,1000.000673,1000.000621,1000.000560,1000.000500,1000.000445,1000.000390,1000.000337,1000.000287,1000.000238,1000.000190,1000.000145,1000.000101,1000.000059,1000.000018,999.999980,999.999943,999.999908,999.999874,999.999842,999.999812,999.999784,999.999757,999.999732,999.999709,999.999688,999.999668,999.999650,999.999634,999.999619,999.999606,999.999595,999.999586,999.999578,999.999572,999.999568,999.999565,999.999564,999.999565,999.999568,999.999572,999.999578,999.999586,999.999595,999.999606,999.999619,999.999634,999.999650,999.999668,999.999688,999.999709,999.999732,999.999757,999.999784,999.999812,999.999842,999.999874,999.999908,999.999943,999.999980,1000.000018,1000.000059,1000.000101,1000.000145,1000.000190,1000.000238,1000.000287,1000.000337,1000.000390,1000.000445,1000.000500,1000.000560,1000.000621,1000.000673,1000.000699,1000.000679,1000.000611,1000.000515,1000.000409,1000.000304,1000.000188,0.000000,0.000000,0.000000,0.000000,0.000000,0.000000,0.000000,0.000000
0.000000,0.000000,0.000000,0.000000,0.000000,0.000000,0.000000,0.000000,1000.000255,1000.000365,1000.000472,1000.000577,1000.000661,1000.000698,1000.000682,1000.000635,1000.000575,1000.000515,1000.000458,1000.000402,1000.000348,1000.000295,1000.000245,1000.000196,1000.000148,1000.000103,1000.000059,1000.000017,999.999976,999.999938,999.999901,999.999865,999.999832,999.999800,999.999770,999.999742,999.999715,999.999690,999.999667,999.999646,999.999626,999.999608,999.999592,999.999577,999.999564,999.999553,999.999544,999.999536,999.999530,999.999526,999.999523,999.999522,999.999523,999.999526,999.999530,999.999536,999.999544,999.999553,999.999564,999.999577,999.999592,999.999608,999.999626,999.999646,999.999667,999.999690,999.999715,999.999742,999.999770,999.999800,999.999832,999.999865,999.999901,999.999938,999.999976,1000.000017,1000.000059,1000.000103,1000.000148,1000.000196,1000.000245,1000.000295,1000.000348,1000.000402,1000.000458,1000.000515,1000.000575,1000.000635,1000.000682,1000.000698,1000.000661,1000.000577,1000.000472,1000.000365,1000.000255,0.000000,0.000000,0.000000,0.000000,0.000000,0.000000,0.000000,0.000000
0.000000,0.000000,0.000000,0.000000,0.000000,0.000000,0.000000,1000.000198,1000.000318,1000.000425,1000.000532,1000.000629,1000.000690,1000.000694,1000.000652,1000.000593,1000.000532,1000.000474,1000.000418,1000.000361,1000.000307,1000.000255,1000.000204,1000.000155,1000.000108,1000.000062,1000.000018,999.999976,999.999936,999.999897,999.999860,999.999825,999.999792,999.999760,999.999730,999.999701,999.999675,999.999650,999.999627,999.999605,999.999585,999.999567,999.999551,999.999537,999.999524,999.999513,999.999503,999.999495,999.999489,999.999485,999.999483,999.999482,999.999483,999.999485,999.999489,999.999495,999.999503,999.999513,999.999524,999.999537,999.999551,999.999567,999.999585,999.999605,999.999627,999.999650,999.999675,999.999701,999.999730,999.999760,999.999792,999.999825,999.999860,999.999897,999.999936,999.999976,1000.000018,1000.000062,1000.000108,1000.000155,1000.000204,1000.000255,1000.000307,1000.000361,1000.000418,1000.000474,1000.000532,1000.000593,1000.000652,1000.000694,1000.000690,1000.000629,1000.000532,1000.000425,1000.000318,1000.000198,0.000000,0.000000,0.000000,0.000000,0.000000,0.000000,0.000000
0.000000,0.000000,0.000000,0.000000,0.000000,0.000000,0.000000,1000.000260,1000.000373,1000.000482,1000.000587,1000.000669,1000.000700,1000.000674,1000.000617,1000.000554,1000.000494,1000.000436,1000.000378,1000.000322,1000.000268,1000.000216,1000.000165,1000.000116,1000.000069,1000.000024,999.999980,999.999938,999.999897,999.999859,999.999822,999.999786,999.999753,999.999721,999.999691,999.999663,999.999636,999.999611,999.999588,999.999567,999.999547,999.999529,999.999512,999.999498,999.999485,999.999474,999.999464,999.999457,999.999451,999.999447,999.999444,999.999443,999.999444,999.999447,999.999451,999.999457,999.999464,999.999474,999.999485,999.999498,999.999512,999.999529,999.999547,999.999567,999.999588,999.999611,999.999636,999.999663,999.999691,999.999721,999.999753,999.999786,999.999822,999.999859,999.999897,999.999938,999.999980,1000.000024,1000.000069,1000.000116,1000.000165,1000.000216,1000.000268,1000.000322,1000.000378,1000.000436,1000.000494,1000.000554,1000.000617,1000.000674,1000.000700,1000.000669,1000.000587,1000.000482,1000.000373,1000.000260,0.000000,0.000000,0.000000,0.000000,0.000000,0.000000,0.000000
0.000000,0.000000,0.000000,0.000000,0.000000,0.000000,1000.000199,1000.000320,1000.000428,1000.000538,1000.000634,1000.000694,1000.000694,1000.000646,1000.000581,1000.000517,1000.000457,1000.000398,1000.000341,1000.000285,1000.000231,1000.000179,1000.000128,1000.000079,1000.000032,999.999987,999.999943,999.999901,999.999860,999.999822,999.999785,999.999749,999.999716,999.999684,999.999654,999.999626,999.999599,999.999574,999.999551,999.999530,999.999510,999.999492,999.999476,999.999461,999.999448,999.999437,999.999428,999.999420,999.999414,999.999410,999.999407,999.999406,999.999407,999.999410,999.999414,999.999420,999.999428,999.999437,999.999448,999.999461,999.999476,999.999492,999.999510,999.999530,999.999551,999.999574,999.999599,999.999626,999.999654,999.999684,999.999716,999.999749,999.999785,999.999822,999.999860,999.999901,999.999943,999.999987,1000.000032,1000.000079,1000.000128,1000.000179,1000.000231,1000.000285,1000.000341,1000.000398,1000.000457,1000.000517,1000.000581,1000.000646,1000.000694,1000.000694,1000.000634,1000.000538,1000.000428,1000.000320,1000.000199,0.000000,0.000000,0.000000,0.000000,0.000000,0.000000
0.000000,0.000000,0.000000,0.000000,0.000000,0.000000,1000.000256,1000.000372,1000.000482,1000.000589,1000.000671,1000.000701,1000.000673,1000.000613,1000.000546,1000.000483,1000.000422,1000.000363,1000.000306,1000.000250,1000.000196,1000.000144,1000.000093,1000.000044,999.999997,999.999951,999.999908,999.999865,999.999825,999.999786,999.999749,999.999714,999.999681,999.999649,999.999619,999.999591,999.999564,999.999539,999.999516,999.999494,999.999475,999.999457,999.999440,999.999426,999.999413,999.999402,999.999392,999.999385,999.999379,999.999374,999.999372,999.999371,999.999372,999.999374,999.999379,999.999385,999.999392,999.999402,999.999413,999.999426,999.999440,999.999457,999.999475,999.999494,999.999516,999.999539,999.999564,999.999591,999.999619,999.999649,999.999681,999.999714,999.999749,999.999786,999.999825,999.999865,999.999908,999.999951,999.999997,1000.000044,1000.000093,1000.000144,1000.000196,1000.000250,1000.000306,1000.000363,1000.000422,1000.000483,1000.000546,1000.000613,1000.000673,1000.000701,1000.000671,1000.000589,1000.000482,1000.000372,1000.000256,0.000000,0.000000,0.000000,0.000000,0.000000,0.000000
0.000000,0.000000,0.000000,0.000000,0.000000,1000.000190,1000.000312,1000.000423,1000.000534,1000.000633,1000.000694,1000.000694,1000.000645,1000.000578,1000.000512,1000.000450,1000.000389,1000.000329,1000.000272,1000.000216,1000.000162,1000.000110,1000.000059,1000.000010,999.999963,999.999918,999.999874,999.999832,999.999792,999.999753,999.999716,999.999681,999.999647,999.999615,999.999585,999.999557,999.999530,999.999506,999.999482,999.999461,999.999441,999.999423,999.999407,999.999392,999.999379,999.999368,999.999359,999.999351,999.999345,999.999341,999.999338,999.999337,999.999338,999.999341,999.999345,999.999351,999.999359,999.999368,999.999379,999.999392,999.999407,999.999423,999.999441,999.999461,999.999482,999.999506,999.999530,999.999557,999.999585,999.999615,999.999647,999.999681,999.999716,999.999753,999.999792,999.999832,999.999874,999.999918,999.999963,1000.000010,1000.000059,1000.000110,1000.000162,1000.000216,1000.000272,1000.000329,1000.000389,1000.000450,1000.000512,1000.000578,1000.000645,1000.000694,1000.000694,1000.000633,1000.000534,1000.000423,1000.000312,1000.000190,0.000000,0.000000,0.000000,0.000000,0.000000
0.000000,0.000000,0.000000,0.000000,0.000000,1000.000241,1000.000359,1000.000472,1000.000583,1000.000668,1000.000701,1000.000673,1000.000613,1000.000545,1000.000480,1000.000418,1000.000357,1000.000298,1000.000240,1000.000184,1000.000131,1000.000078,1000.000028,999.999979,999.999931,999.999886,999.999842,999.999800,999.999760,999.999721,999.999684,999.999649,999.999615,999.999584,999.999554,999.999525,999.999499,999.999474,999.999451,999.999429,999.999409,999.999391,999.999375,999.999360,999.999348,999.999336,999.999327,999.999319,999.999313,999.999309,999.999306,999.999306,999.999306,999.999309,999.999313,999.999319,999.999327,999.999336,999.999348,999.999360,999.999375,999.999391,999.999409,999.999429,999.999451,999.999474,999.999499,999.999525,999.999554,999.999584,999.999615,999.999649,999.999684,999.999721,999.999760,999.999800,999.999842,999.999886,999.999931,999.999979,1000.000028,1000.000078,1000.000131,1000.000184,1000.000240,1000.000298,1000.000357,1000.000418,1000.000480,1000.000545,1000.000613,1000.000673,1000.000701,1000.000668,1000.000583,1000.000472,1000.000359,1000.000241,0.000000,0.000000,0.000000,0.000000,0.000000
0.000000,0.000000,0.000000,0.000000,1000.000167,1000.000291,1000.000405,1000.000520,1000.000624,1000.000690,1000.000694,1000.000647,1000.000581,1000.000514,1000.000450,1000.000388,1000.000327,1000.000268,1000.000210,1000.000154,1000.000100,1000.000048,999.999997,999.999949,999.999901,999.999856,999.999812,999.999770,999.999730,999.999691,999.999654,999.999619,999.999585,999.999554,999.999524,999.999495,999.999469,999.999444,999.999421,999.999399,999.999379,999.999361,999.999345,999.999330,999.999317,999.999306,999.999297,999.999289,999.999283,999.999279,999.999276,999.999275,999.999276,999.999279,999.999283,999.999289,999.999297,999.999306,999.999317,999.999330,999.999345,999.999361,999.999379,999.999399,999.999421,999.999444,999.999469,999.999495,999.999524,999.999554,999.999585,999.999619,999.999654,999.999691,999.999730,999.999770,999.999812,999.999856,999.999901,999.999949,999.999997,1000.000048,1000.000100,1000.000154,1000.000210,1000.000268,1000.000327,1000.000388,1000.000450,1000.000514,1000.000581,1000.000647,1000.000694,1000.000690,1000.000624,1000.000520,1000.000405,1000.000291,1000.000167,0.000000,0.000000,0.000000,0.000000
0.000000,0.000000,0.000000,0.000000,1000.000212,1000.000331,1000.000446,1000.000562,1000.000657,1000.000699,1000.000677,1000.000618,1000.000550,1000.000485,1000.000422,1000.000359,1000.000298,1000.000239,1000.000182,1000.000126,1000.000072,1000.000020,999.999969,999.999920,999.999873,999.999828,999.999784,999.999742,999.999701,999.999663,999.999626,999.999591,999.999557,999.999525,999.999495,999.999467,999.999440,999.999415,999.999392,999.999371,999.999351,999.999333,999.999317,999.999302,999.999289,999.999278,999.999269,999.999261,999.999255,999.999251,999.999248,999.999247,999.999248,999.999251,999.999255,999.999261,999.999269,999.999278,999.999289,999.999302,999.999317,999.999333,999.999351,999.999371,999.999392,999.999415,999.999440,999.999467,999.999495,999.999525,999.999557,999.999591,999.999626,999.999663,999.999701,999.999742,999.999784,999.999828,999.999873,999.999920,999.999969,1000.000020,1000.000072,1000.000126,1000.000182,1000.000239,1000.000298,1000.000359,1000.000422,1000.000485,1000.000550,1000.000618,1000.000677,1000.000699,1000.000657,1000.000562,1000.000446,1000.000331,1000.000212,0.000000,0.000000,0.000000,0.000000
