0.000000,0.000000,0.000000,0.000000,0.000000,0.000000,0.000000,0.000000,0.000000,0.000000,0.000000,0.000000,0.000000,0.000000,0.000000,0.000000,0.000000,0.000000,0.000000,0.000000,0.000000,0.000000,0.000000,0.000000,0.000000,0.000000,0.000000,0.000000,0.000000,0.000000,0.000000,0.000000,0.000000,0.000000,0.000000,0.000000,0.000000,0.000000,0.000000,0.000000,0.000000,0.000000,0.000000,0.000000,0.000000,0.000000,0.000000,0.000000,0.000000,0.000000,0.000000,0.000000,0.000000,0.000000,0.000000,0.000000,0.000000,0.000000,0.000000,0.000000,0.000000,0.000000,0.000000,0.000000,0.000000,0.000000,0.000000,0.000000,0.000000,0.000000,0.000000,0.000000,0.000000,0.000000,0.000000,0.000000,0.000000,0.000000,0.000000,0.000000,0.000000,0.000000,0.000000,0.000000,0.000000,0.000000,0.000000,0.000000,0.000000,0.000000,0.000000,0.000000,0.000000,0.000000,0.000000,0.000000,0.000000,0.000000,0.000000,0.000000,0.000000,0.000000,0.000000
0.000000,0.000000,0.000000,0.000000,0.000000,0.000000,0.000000,0.000000,0.000000,0.000000,0.000000,0.000000,0.000000,0.000000,0.000000,0.000000,0.000000,0.000000,0.000000,0.000000,0.000000,0.000000,0.000000,0.000000,0.000000,0.000000,0.000000,0.000000,0.000000,0.000000,0.000000,0.000000,0.000000,0.000000,0.000000,0.000000,0.000000,0.000000,0.000000,0.000000,0.000000,0.000000,0.000000,0.000000,0.000000,0.000000,0.000000,0.000000,0.000000,0.000000,0.000000,999.998296,0.000000,0.000000,0.000000,0.000000,0.000000,0.000000,0.000000,0.000000,0.000000,0.000000,0.000000,0.000000,0.000000,0.000000,0.000000,0.000000,0.000000,0.000000,0.000000,0.000000,0.000000,0.000000,0.000000,0.000000,0.000000,0.000000,0.000000,0.000000,0.000000,0.000000,0.000000,0.000000,0.000000,0.000000,0.000000,0.000000,0.000000,0.000000,0.000000,0.000000,0.000000,0.000000,0.000000,0.000000,0.000000,0.000000,0.000000,0.000000,0.000000,0.000000,0.000000
0.000000,0.000000,0.000000,0.000000,0.000000,0.000000,0.000000,0.000000,0.000000,0.000000,0.000000,0.000000,0.000000,0.000000,0.000000,0.000000,0.000000,0.000000,0.000000,0.000000,0.000000,0.000000,0.000000,0.000000,0.000000,0.000000,0.000000,0.000000,0.000000,0.000000,0.000000,0.000000,0.000000,0.000000,0.000000,0.000000,0.000000,0.000000,0.000000,0.000000,0.000000,0.000000,999.996439,999.994252,999.994210,999.994771,999.995262,999.995835,999.996456,999.997318,999.998061,999.998233,999.998316,999.998991,999.999784,1000.000234,1000.000628,1000.000962,1000.001292,1000.001230,999.999738,0.000000,0.000000,0.000000,0.000000,0.000000,0.000000,0.000000,0.000000,0.000000,0.000000,0.000000,0.000000,0.000000,0.000000,0.000000,0.000000,0.000000,0.000000,0.000000,0.000000,0.000000,0.000000,0.000000,0.000000,0.000000,0.000000,0.000000,0.000000,0.000000,0.000000,0.000000,0.000000,0.000000,0.000000,0.000000,0.000000,0.000000,0.000000,0.000000,0.000000,0.000000,0.000000
0.000000,0.000000,0.000000,0.000000,0.000000,0.000000,0.000000,0.000000,0.000000,0.000000,0.000000,0.000000,0.000000,0.000000,0.000000,0.000000,0.000000,0.000000,0.000000,0.000000,0.000000,0.000000,0.000000,0.000000,0.000000,0.000000,0.000000,0.000000,0.000000,0.000000,0.000000,0.000000,0.000000,0.000000,0.000000,0.000000,0.000000,999.992985,999.990850,999.990756,999.991810,999.993427,999.995748,999.995223,999.994880,999.995052,999.995440,999.995992,999.996505,999.997078,999.997948,999.998122,999.998278,999.999067,999.999570,1000.000000,1000.000351,1000.000638,1000.000722,1000.000483,1000.000136,1000.001627,1000.002578,1000.003111,1000.002937,1000.001738,0.000000,0.000000,0.000000,0.000000,0.000000,0.000000,0.000000,0.000000,0.000000,0.000000,0.000000,0.000000,0.000000,0.000000,0.000000,0.000000,0.000000,0.000000,0.000000,0.000000,0.000000,0.000000,0.000000,0.000000,0.000000,0.000000,0.000000,0.000000,0.000000,0.000000,0.000000,0.000000,0.000000,0.000000,0.000000,0.000000,0.000000
0.000000,0.000000,0.000000,0.000000,0.000000,0.000000,0.000000,0.000000,0.000000,0.000000,0.000000,0.000000,0.000000,0.000000,0.000000,0.000000,0.000000,0.000000,0.000000,0.000000,0.000000,0.000000,0.000000,0.000000,0.000000,0.000000,0.000000,0.000000,0.000000,0.000000,0.000000,0.000000,0.000000,0.000000,999.990953,999.989373,999.990289,999.992418,999.992090,999.991857,999.992240,999.993649,999.994477,999.994649,999.994899,999.995181,999.995567,999.996014,999.996579,999.997054,999.997559,999.997986,999.998447,999.998961,999.999338,999.999744,1000.000138,1000.000390,1000.000597,1000.000746,1000.000830,1000.001316,1000.002164,1000.002353,1000.002202,1000.001954,1000.003057,1000.003463,1000.002719,0.000000,0.000000,0.000000,0.000000,0.000000,0.000000,0.000000,0.000000,0.000000,0.000000,0.000000,0.000000,0.000000,0.000000,0.000000,0.000000,0.000000,0.000000,0.000000,0.000000,0.000000,0.000000,0.000000,0.000000,0.000000,0.000000,0.000000,0.000000,0.000000,0.000000,0.000000,0.000000,0.000000,0.000000
0.000000,0.000000,0.000000,0.000000,0.000000,0.000000,0.000000,0.000000,0.000000,0.000000,0.000000,0.000000,0.000000,0.000000,0.000000,0.000000,0.000000,0.000000,0.000000,0.000000,0.000000,0.000000,0.000000,0.000000,0.000000,0.000000,0.000000,0.000000,0.000000,0.000000,0.000000,0.000000,999.990297,999.988886,999.990700,999.990507,999.991115,999.991628,999.991841,999.992231,999.992687,999.993419,999.993902,999.994462,999.994851,999.995209,999.995646,999.996076,999.996561,999.997054,999.997468,999.997944,999.998429,999.998828,999.999209,999.999617,999.999992,1000.000269,1000.000514,1000.000775,1000.001099,1000.001349,1000.001814,1000.002058,1000.002285,1000.002357,1000.002543,1000.002819,1000.002711,1000.003556,1000.002853,0.000000,0.000000,0.000000,0.000000,0.000000,0.000000,0.000000,0.000000,0.000000,0.000000,0.000000,0.000000,0.000000,0.000000,0.000000,0.000000,0.000000,0.000000,0.000000,0.000000,0.000000,0.000000,0.000000,0.000000,0.000000,0.000000,0.000000,0.000000,0.000000,0.000000,0.000000,0.000000
0.000000,0.000000,0.000000,0.000000,0.000000,0.000000,0.000000,0.000000,0.000000,0.000000,0.000000,0.000000,0.000000,0.000000,0.000000,0.000000,0.000000,0.000000,0.000000,0.000000,0.000000,0.000000,0.000000,0.000000,0.000000,0.000000,0.000000,0.000000,0.000000,0.000000,999.988800,999.987432,999.989582,999.990129,999.990371,999.990472,999.990981,999.991323,999.991837,999.992283,999.992737,999.993254,999.993771,999.994313,999.994777,999.995204,999.995616,999.996062,999.996528,999.996995,999.997470,999.997919,999.998385,999.998726,999.999184,999.999581,999.999883,1000.000198,1000.000470,1000.000752,1000.001101,1000.001398,1000.001678,1000.001912,1000.002149,1000.002421,1000.002547,1000.002748,1000.002769,1000.002874,1000.003127,1000.004014,1000.003458,0.000000,0.000000,0.000000,0.000000,0.000000,0.000000,0.000000,0.000000,0.000000,0.000000,0.000000,0.000000,0.000000,0.000000,0.000000,0.000000,0.000000,0.000000,0.000000,0.000000,0.000000,0.000000,0.000000,0.000000,0.000000,0.000000,0.000000,0.000000,0.000000,0.000000
0.000000,0.000000,0.000000,0.000000,0.000000,0.000000,0.000000,0.000000,0.000000,0.000000,0.000000,0.000000,0.000000,0.000000,0.000000,0.000000,0.000000,0.000000,0.000000,0.000000,0.000000,0.000000,0.000000,0.000000,0.000000,0.000000,0.000000,0.000000,999.987335,999.986095,999.988215,999.988933,999.989267,999.989642,999.989907,999.990510,999.990963,999.991302,999.991749,999.992220,999.992750,999.993242,999.993719,999.994200,999.994688,999.995131,999.995559,999.996053,999.996491,999.996964,999.997440,999.997872,999.998305,999.998730,999.999132,999.999492,999.999804,1000.000162,1000.000507,1000.000762,1000.001074,1000.001395,1000.001628,1000.001903,1000.002083,1000.002320,1000.002509,1000.002721,1000.002933,1000.003017,1000.003183,1000.003328,1000.003593,1000.004442,1000.003864,0.000000,0.000000,0.000000,0.000000,0.000000,0.000000,0.000000,0.000000,0.000000,0.000000,0.000000,0.000000,0.000000,0.000000,0.000000,0.000000,0.000000,0.000000,0.000000,0.000000,0.000000,0.000000,0.000000,0.000000,0.000000,0.000000,0.000000,0.000000
0.000000,0.000000,0.000000,0.000000,0.000000,0.000000,0.000000,0.000000,0.000000,0.000000,0.000000,0.000000,0.000000,0.000000,0.000000,0.000000,0.000000,0.000000,0.000000,0.000000,0.000000,0.000000,0.000000,0.000000,0.000000,0.000000,999.986019,999.985027,999.986906,999.987574,999.988065,999.988522,999.988924,999.989497,999.989908,999.990423,999.990778,999.991242,999.991701,999.992199,999.992659,999.993171,999.993656,999.994153,999.994624,999.995059,999.995592,999.996072,999.996496,999.996943,999.997404,999.997852,999.998260,999.998714,999.999099,999.999474,999.999828,1000.000189,1000.000484,1000.000765,1000.001067,1000.001342,1000.001620,1000.001879,1000.002126,1000.002281,1000.002532,1000.002701,1000.002865,1000.003036,1000.003268,1000.003411,1000.003571,1000.003759,1000.004019,1000.004690,1000.004273,0.000000,0.000000,0.000000,0.000000,0.000000,0.000000,0.000000,0.000000,0.000000,0.000000,0.000000,0.000000,0.000000,0.000000,0.000000,0.000000,0.000000,0.000000,0.000000,0.000000,0.000000,0.000000,0.000000,0.000000,0.000000,0.000000
0.000000,0.000000,0.000000,0.000000,0.000000,0.000000,0.000000,0.000000,0.000000,0.000000,0.000000,0.000000,0.000000,0.000000,0.000000,0.000000,0.000000,0.000000,0.000000,0.000000,0.000000,0.000000,0.000000,0.000000,999.985159,999.984331,999.985781,999.986429,999.986820,999.987353,999.987768,999.988369,999.988845,999.989314,999.989808,999.990225,999.990642,999.991144,999.991648,999.992109,999.992554,999.993068,999.993581,999.994095,999.994572,999.995067,999.995546,999.996000,999.996492,999.996984,999.997413,999.997871,999.998271,999.998665,999.999080,999.999467,999.999857,1000.000147,1000.000442,1000.000777,1000.001085,1000.001351,1000.001631,1000.001863,1000.002123,1000.002326,1000.002517,1000.002715,1000.002902,1000.003079,1000.003259,1000.003429,1000.003638,1000.003778,1000.003995,1000.004092,1000.004310,1000.004830,1000.004469,0.000000,0.000000,0.000000,0.000000,0.000000,0.000000,0.000000,0.000000,0.000000,0.000000,0.000000,0.000000,0.000000,0.000000,0.000000,0.000000,0.000000,0.000000,0.000000,0.000000,0.000000,0.000000,0.000000,0.000000
0.000000,0.000000,0.000000,0.000000,0.000000,0.000000,0.000000,0.000000,0.000000,0.000000,0.000000,0.000000,0.000000,0.000000,0.000000,0.000000,0.000000,0.000000,0.000000,0.000000,0.000000,0.000000,0.000000,999.985357,999.985124,999.985441,999.985856,999.986343,999.986642,999.987298,999.987759,999.988195,999.988656,999.989193,999.989643,999.990093,999.990574,999.991058,999.991532,999.992008,999.992531,999.993029,999.993540,999.994022,999.994549,999.995057,999.995515,999.996003,999.996492,999.996970,999.997430,999.997840,999.998337,999.998723,999.999079,999.999464,999.999836,1000.000177,1000.000517,1000.000859,1000.001115,1000.001364,1000.001610,1000.001880,1000.002106,1000.002359,1000.002527,1000.002700,1000.002931,1000.003082,1000.003281,1000.003465,1000.003633,1000.003782,1000.003980,1000.004085,1000.004223,1000.004372,1000.004463,1000.004387,0.000000,0.000000,0.000000,0.000000,0.000000,0.000000,0.000000,0.000000,0.000000,0.000000,0.000000,0.000000,0.000000,0.000000,0.000000,0.000000,0.000000,0.000000,0.000000,0.000000,0.000000,0.000000,0.000000
0.000000,0.000000,0.000000,0.000000,0.000000,0.000000,0.000000,0.000000,0.000000,0.000000,0.000000,0.000000,0.000000,0.000000,0.000000,0.000000,0.000000,0.000000,0.000000,0.000000,0.000000,999.983817,999.983340,999.984957,999.985296,999.985589,999.985825,999.986284,999.986742,999.987197,999.987622,999.988078,999.988593,999.989062,999.989493,999.989979,999.990480,999.990965,999.991419,999.991936,999.992466,999.992973,999.993464,999.993962,999.994518,999.995003,999.995527,999.996030,999.996504,999.996947,999.997424,999.997866,999.998329,999.998769,999.999152,999.999493,999.999869,1000.000233,1000.000570,1000.000863,1000.001160,1000.001415,1000.001706,1000.001912,1000.002166,1000.002381,1000.002587,1000.002778,1000.002964,1000.003110,1000.003266,1000.003468,1000.003612,1000.003772,1000.003915,1000.004079,1000.004208,1000.004266,1000.004365,1000.004463,1000.004961,1000.004787,0.000000,0.000000,0.000000,0.000000,0.000000,0.000000,0.000000,0.000000,0.000000,0.000000,0.000000,0.000000,0.000000,0.000000,0.000000,0.000000,0.000000,0.000000,0.000000,0.000000,0.000000
0.000000,0.000000,0.000000,0.000000,0.000000,0.000000,0.000000,0.000000,0.000000,0.000000,0.000000,0.000000,0.000000,0.000000,0.000000,0.000000,0.000000,0.000000,0.000000,0.000000,999.984099,999.984034,999.984381,999.984823,999.985146,999.985544,999.985885,999.986302,999.986700,999.987105,999.987511,999.988016,999.988477,999.988888,999.989372,999.989854,999.990337,999.990827,999.991305,999.991854,999.992366,999.992869,999.993407,999.993980,999.994488,999.995006,999.995518,999.996037,999.996527,999.997022,999.997492,999.997972,999.998341,999.998791,999.999250,999.999602,999.999956,1000.000303,1000.000584,1000.000868,1000.001194,1000.001500,1000.001756,1000.001979,1000.002186,1000.002402,1000.002605,1000.002791,1000.002993,1000.003163,1000.003313,1000.003483,1000.003617,1000.003772,1000.003901,1000.004067,1000.004176,1000.004280,1000.004359,1000.004518,1000.004634,1000.004723,1000.004710,0.000000,0.000000,0.000000,0.000000,0.000000,0.000000,0.000000,0.000000,0.000000,0.000000,0.000000,0.000000,0.000000,0.000000,0.000000,0.000000,0.000000,0.000000,0.000000,0.000000
0.000000,0.000000,0.000000,0.000000,0.000000,0.000000,0.000000,0.000000,0.000000,0.000000,0.000000,0.000000,0.000000,0.000000,0.000000,0.000000,0.000000,0.000000,0.000000,999.983843,999.984058,999.984241,999.984599,999.984765,999.985178,999.985535,999.985903,999.986231,999.986584,999.987008,999.987453,999.987896,999.988313,999.988761,999.989244,999.989719,999.990195,999.990705,999.991228,999.991778,999.992294,999.992831,999.993374,999.993942,999.994433,999.994988,999.995531,999.996051,999.996543,999.997046,999.997530,999.998012,999.998437,999.998820,999.999248,999.999674,999.999994,1000.000382,1000.000714,1000.000995,1000.001312,1000.001562,1000.001808,1000.002033,1000.002276,1000.002452,1000.002682,1000.002827,1000.002995,1000.003172,1000.003353,1000.003504,1000.003638,1000.003786,1000.003901,1000.003990,1000.004136,1000.004246,1000.004347,1000.004430,1000.004529,1000.004621,1000.004683,1000.004700,0.000000,0.000000,0.000000,0.000000,0.000000,0.000000,0.000000,0.000000,0.000000,0.000000,0.000000,0.000000,0.000000,0.000000,0.000000,0.000000,0.000000,0.000000,0.000000
0.000000,0.000000,0.000000,0.000000,0.000000,0.000000,0.000000,0.000000,0.000000,0.000000,0.000000,0.000000,0.000000,0.000000,0.000000,0.000000,0.000000,0.000000,999.983540,999.983832,999.984077,999.984379,999.984646,999.984854,999.985201,999.985528,999.985852,999.986172,999.986552,999.986956,999.987355,999.987732,999.988168,999.988630,999.989079,999.989567,999.990080,999.990595,999.991120,999.991641,999.992174,999.992757,999.993336,999.993881,999.994429,999.995005,999.995577,999.996080,999.996646,999.997126,999.997612,999.998068,999.998568,999.998975,999.999365,999.999768,1000.000118,1000.000436,1000.000835,1000.001099,1000.001379,1000.001644,1000.001867,1000.002147,1000.002342,1000.002558,1000.002749,1000.002956,1000.003095,1000.003237,1000.003368,1000.003513,1000.003657,1000.003795,1000.003930,1000.004019,1000.004120,1000.004214,1000.004352,1000.004417,1000.004475,1000.004550,1000.004621,1000.004718,1000.004838,0.000000,0.000000,0.000000,0.000000,0.000000,0.000000,0.000000,0.000000,0.000000,0.000000,0.000000,0.000000,0.000000,0.000000,0.000000,0.000000,0.000000,0.000000
0.000000,0.000000,0.000000,0.000000,0.000000,0.000000,0.000000,0.000000,0.000000,0.000000,0.000000,0.000000,0.000000,0.000000,0.000000,0.000000,0.000000,999.983291,999.983662,999.983904,999.984179,999.984453,999.984660,999.984928,999.985225,999.985495,999.985784,999.986124,999.986492,999.986835,999.987184,999.987588,999.987979,999.988471,999.988909,999.989419,999.989913,999.990429,999.990980,999.991534,999.992094,999.992714,999.993280,999.993839,999.994456,999.995041,999.995578,999.996091,999.996695,999.997210,999.997678,999.998161,999.998638,999.999096,999.999497,999.999911,1000.000274,1000.000597,1000.000919,1000.001226,1000.001488,1000.001764,1000.002008,1000.002238,1000.002442,1000.002619,1000.002808,1000.002965,1000.003156,1000.003318,1000.003433,1000.003569,1000.003672,1000.003802,1000.003918,1000.004032,1000.004108,1000.004210,1000.004292,1000.004389,1000.004477,1000.004558,1000.004601,1000.004671,1000.004750,1000.004841,0.000000,0.000000,0.000000,0.000000,0.000000,0.000000,0.000000,0.000000,0.000000,0.000000,0.000000,0.000000,0.000000,0.000000,0.000000,0.000000,0.000000
0.000000,0.000000,0.000000,0.000000,0.000000,0.000000,0.000000,0.000000,0.000000,0.000000,0.000000,0.000000,0.000000,0.000000,0.000000,0.000000,999.983302,999.983522,999.983790,999.984016,999.984272,999.984493,999.984715,999.984951,999.985229,999.985453,999.985750,999.986033,999.986364,999.986670,999.987042,999.987431,999.987860,999.988303,999.988747,999.989248,999.989737,999.990271,999.990828,999.991441,999.992019,999.992623,999.993200,999.993812,999.994450,999.995043,999.995641,999.996221,999.996762,999.997315,999.997841,999.998344,999.998777,999.999229,999.999619,1000.000023,1000.000391,1000.000728,1000.001042,1000.001365,1000.001622,1000.001887,1000.002150,1000.002324,1000.002561,1000.002753,1000.002901,1000.003070,1000.003220,1000.003374,1000.003499,1000.003628,1000.003764,1000.003817,1000.003939,1000.004028,1000.004135,1000.004193,1000.004276,1000.004367,1000.004412,1000.004517,1000.004595,1000.004650,1000.004704,1000.004778,1000.004909,0.000000,0.000000,0.000000,0.000000,0.000000,0.000000,0.000000,0.000000,0.000000,0.000000,0.000000,0.000000,0.000000,0.000000,0.000000,0.000000
0.000000,0.000000,0.000000,0.000000,0.000000,0.000000,0.000000,0.000000,0.000000,0.000000,0.000000,0.000000,0.000000,0.000000,0.000000,999.983291,999.983522,999.983762,999.983940,999.984151,999.984351,999.984559,999.984754,999.984954,999.985177,999.985411,999.985677,999.985929,999.986232,999.986535,999.986872,999.987259,999.987659,999.988062,999.988530,999.989004,999.989565,999.990093,999.990670,999.991276,999.991895,999.992511,999.993165,999.993815,999.994455,999.995046,999.995695,999.996324,999.996853,999.997420,999.997968,999.998485,999.998930,999.999412,999.999833,1000.000193,1000.000584,1000.000926,1000.001230,1000.001553,1000.001795,1000.002048,1000.002262,1000.002472,1000.002655,1000.002862,1000.003017,1000.003180,1000.003297,1000.003411,1000.003563,1000.003644,1000.003772,1000.003871,1000.003970,1000.004034,1000.004161,1000.004219,1000.004264,1000.004362,1000.004385,1000.004447,1000.004542,1000.004604,1000.004685,1000.004706,1000.004776,1000.004872,0.000000,0.000000,0.000000,0.000000,0.000000,0.000000,0.000000,0.000000,0.000000,0.000000,0.000000,0.000000,0.000000,0.000000,0.000000
0.000000,0.000000,0.000000,0.000000,0.000000,0.000000,0.000000,0.000000,0.000000,0.000000,0.000000,0.000000,0.000000,0.000000,999.983540,999.983662,999.983790,999.983940,999.984109,999.984269,999.984442,999.984604,999.984801,999.984953,999.985169,999.985367,999.985591,999.985812,999.986099,999.986353,999.986704,999.987017,999.987418,999.987823,999.988285,999.988783,999.989318,999.989881,999.990509,999.991109,999.991769,999.992426,999.993115,999.993826,999.994474,999.995125,999.995774,999.996413,999.996998,999.997587,999.998128,999.998652,999.999121,999.999585,1000.000001,1000.000402,1000.000782,1000.001125,1000.001404,1000.001694,1000.001977,1000.002214,1000.002438,1000.002658,1000.002813,1000.002977,1000.003153,1000.003270,1000.003419,1000.003530,1000.003650,1000.003756,1000.003815,1000.003929,1000.003993,1000.004046,1000.004118,1000.004210,1000.004233,1000.004345,1000.004387,1000.004437,1000.004483,1000.004547,1000.004622,1000.004689,1000.004710,1000.004785,1000.004803,0.000000,0.000000,0.000000,0.000000,0.000000,0.000000,0.000000,0.000000,0.000000,0.000000,0.000000,0.000000,0.000000,0.000000
0.000000,0.000000,0.000000,0.000000,0.000000,0.000000,0.000000,0.000000,0.000000,0.000000,0.000000,0.000000,0.000000,999.983843,999.983832,999.983904,999.984016,999.984151,999.984269,999.984445,999.984570,999.984699,999.984834,999.984974,999.985153,999.985292,999.985470,999.985666,999.985905,999.986149,999.986459,999.986753,999.987141,999.987537,999.988019,999.988516,999.989046,999.989660,999.990291,999.990951,999.991630,999.992348,999.993056,999.993772,999.994485,999.995187,999.995886,999.996523,999.997189,999.997780,999.998336,999.998871,999.999378,999.999835,1000.000271,1000.000646,1000.001040,1000.001336,1000.001653,1000.001888,1000.002184,1000.002382,1000.002619,1000.002808,1000.002975,1000.003133,1000.003272,1000.003408,1000.003517,1000.003637,1000.003705,1000.003827,1000.003885,1000.003977,1000.004066,1000.004094,1000.004173,1000.004243,1000.004269,1000.004304,1000.004383,1000.004420,1000.004464,1000.004492,1000.004555,1000.004615,1000.004661,1000.004719,1000.004735,1000.004784,0.000000,0.000000,0.000000,0.000000,0.000000,0.000000,0.000000,0.000000,0.000000,0.000000,0.000000,0.000000,0.000000
0.000000,0.000000,0.000000,0.000000,0.000000,0.000000,0.000000,0.000000,0.000000,0.000000,0.000000,0.000000,999.984099,999.984058,999.984077,999.984179,999.984272,999.984351,999.984442,999.984570,999.984602,999.984696,999.984851,999.984954,999.985050,999.985191,999.985334,999.985547,999.985694,999.985934,999.986182,999.986508,999.986831,999.987238,999.987704,999.988181,999.988762,999.989392,999.990023,999.990732,999.991469,999.992246,999.992999,999.993765,999.994516,999.995301,999.996017,999.996713,999.997385,999.997982,999.998552,999.999094,999.999603,1000.000061,1000.000520,1000.000884,1000.001241,1000.001587,1000.001908,1000.002158,1000.002419,1000.002617,1000.002804,1000.003004,1000.003150,1000.003287,1000.003426,1000.003540,1000.003660,1000.003735,1000.003814,1000.003915,1000.003954,1000.004006,1000.004087,1000.004127,1000.004156,1000.004238,1000.004289,1000.004322,1000.004358,1000.004375,1000.004449,1000.004472,1000.004498,1000.004548,1000.004560,1000.004636,1000.004665,1000.004679,1000.004714,0.000000,0.000000,0.000000,0.000000,0.000000,0.000000,0.000000,0.000000,0.000000,0.000000,0.000000,0.000000
0.000000,0.000000,0.000000,0.000000,0.000000,0.000000,0.000000,0.000000,0.000000,0.000000,0.000000,999.983817,999.984034,999.984241,999.984379,999.984453,999.984493,999.984559,999.984604,999.984699,999.984696,999.984838,999.984922,999.984938,999.985049,999.985114,999.985205,999.985318,999.985459,999.985656,999.985856,999.986129,999.986450,999.986860,999.987292,999.987802,999.988411,999.989039,999.989734,999.990498,999.991304,999.992124,999.992938,999.993783,999.994592,999.995418,999.996151,999.996894,999.997556,999.998238,999.998878,999.999433,999.999978,1000.000398,1000.000829,1000.001220,1000.001542,1000.001867,1000.002158,1000.002427,1000.002633,1000.002859,1000.003020,1000.003185,1000.003365,1000.003473,1000.003558,1000.003683,1000.003762,1000.003873,1000.003928,1000.003984,1000.004064,1000.004081,1000.004144,1000.004200,1000.004194,1000.004216,1000.004255,1000.004302,1000.004354,1000.004366,1000.004382,1000.004455,1000.004444,1000.004518,1000.004518,1000.004545,1000.004613,1000.004640,1000.004707,1000.004831,0.000000,0.000000,0.000000,0.000000,0.000000,0.000000,0.000000,0.000000,0.000000,0.000000,0.000000
0.000000,0.000000,0.000000,0.000000,0.000000,0.000000,0.000000,0.000000,0.000000,0.000000,0.000000,999.983340,999.984381,999.984599,999.984646,999.984660,999.984715,999.984754,999.984801,999.984834,999.984851,999.984922,999.984892,999.984859,999.984930,999.984957,999.985032,999.985120,999.985233,999.985355,999.985517,999.985749,999.986060,999.986411,999.986866,999.987385,999.987997,999.988662,999.989424,999.990256,999.991104,999.991965,999.992876,999.993814,999.994689,999.995539,999.996369,999.997154,999.997878,999.998535,999.999155,999.999710,1000.000227,1000.000729,1000.001152,1000.001541,1000.001916,1000.002190,1000.002462,1000.002701,1000.002922,1000.003121,1000.003291,1000.003414,1000.003551,1000.003711,1000.003765,1000.003849,1000.003913,1000.003970,1000.004024,1000.004073,1000.004115,1000.004155,1000.004185,1000.004219,1000.004267,1000.004271,1000.004280,1000.004303,1000.004331,1000.004339,1000.004349,1000.004400,1000.004416,1000.004436,1000.004476,1000.004489,1000.004535,1000.004582,1000.004645,1000.004927,0.000000,0.000000,0.000000,0.000000,0.000000,0.000000,0.000000,0.000000,0.000000,0.000000,0.000000
0.000000,0.000000,0.000000,0.000000,0.000000,0.000000,0.000000,0.000000,0.000000,0.000000,999.985357,999.984957,999.984823,999.984765,999.984854,999.984928,999.984951,999.984954,999.984953,999.984974,999.984954,999.984938,999.984859,999.984864,999.985018,999.984887,999.984914,999.984858,999.984895,999.984929,999.985091,999.985302,999.985542,999.985881,999.986311,999.986846,999.987483,999.988218,999.989031,999.989914,999.990829,999.991817,999.992838,999.993802,999.994763,999.995709,999.996587,999.997431,999.998234,999.998943,999.999588,1000.000146,1000.000636,1000.001120,1000.001538,1000.001897,1000.002244,1000.002519,1000.002802,1000.003027,1000.003200,1000.003398,1000.003534,1000.003670,1000.003745,1000.003860,1000.003970,1000.004025,1000.004086,1000.004129,1000.004171,1000.004181,1000.004235,1000.004245,1000.004255,1000.004263,1000.004273,1000.004305,1000.004306,1000.004281,1000.004320,1000.004345,1000.004322,1000.004331,1000.004354,1000.004374,1000.004392,1000.004413,1000.004459,1000.004515,1000.004531,1000.004530,1000.004459,0.000000,0.000000,0.000000,0.000000,0.000000,0.000000,0.000000,0.000000,0.000000,0.000000
0.000000,0.000000,0.000000,0.000000,0.000000,0.000000,0.000000,0.000000,0.000000,999.985159,999.985124,999.985296,999.985146,999.985178,999.985201,999.985225,999.985229,999.985177,999.985169,999.985153,999.985050,999.985049,999.984930,999.985018,999.984816,999.984565,999.984608,999.984549,999.984557,999.984604,999.984690,999.984791,999.984982,999.985265,999.985701,999.986226,999.986893,999.987656,999.988563,999.989533,999.990597,999.991708,999.992808,999.993875,999.994973,999.996007,999.996913,999.997764,999.998542,999.999276,999.999959,1000.000572,1000.001132,1000.001571,1000.001986,1000.002331,1000.002647,1000.002925,1000.003166,1000.003378,1000.003538,1000.003680,1000.003842,1000.003949,1000.004022,1000.004065,1000.004144,1000.004203,1000.004231,1000.004253,1000.004307,1000.004307,1000.004296,1000.004307,1000.004305,1000.004313,1000.004316,1000.004284,1000.004323,1000.004298,1000.004280,1000.004302,1000.004320,1000.004306,1000.004312,1000.004325,1000.004319,1000.004367,1000.004366,1000.004399,1000.004461,1000.004406,1000.004504,1000.004518,0.000000,0.000000,0.000000,0.000000,0.000000,0.000000,0.000000,0.000000,0.000000
0.000000,0.000000,0.000000,0.000000,0.000000,0.000000,0.000000,0.000000,0.000000,999.984331,999.985441,999.985589,999.985544,999.985535,999.985528,999.985495,999.985453,999.985411,999.985367,999.985292,999.985191,999.985114,999.984957,999.984887,999.984565,999.984553,999.984629,999.984396,999.984268,999.984149,999.984043,999.984086,999.984223,999.984538,999.984941,999.985468,999.986188,999.987011,999.987991,999.989098,999.990269,999.991480,999.992713,999.993930,999.995112,999.996227,999.997292,999.998260,999.999145,999.999860,1000.000477,1000.001056,1000.001589,1000.002026,1000.002450,1000.002783,1000.003090,1000.003332,1000.003531,1000.003731,1000.003897,1000.004025,1000.004106,1000.004206,1000.004302,1000.004345,1000.004366,1000.004400,1000.004414,1000.004418,1000.004430,1000.004432,1000.004413,1000.004389,1000.004389,1000.004366,1000.004356,1000.004336,1000.004329,1000.004305,1000.004287,1000.004260,1000.004240,1000.004276,1000.004250,1000.004271,1000.004249,1000.004271,1000.004295,1000.004269,1000.004355,1000.004351,1000.004418,1000.004822,0.000000,0.000000,0.000000,0.000000,0.000000,0.000000,0.000000,0.000000,0.000000
0.000000,0.000000,0.000000,0.000000,0.000000,0.000000,0.000000,0.000000,999.986019,999.985781,999.985856,999.985825,999.985885,999.985903,999.985852,999.985784,999.985750,999.985677,999.985591,999.985470,999.985334,999.985205,999.985032,999.984914,999.984608,999.984629,999.984294,999.983726,999.983687,999.983527,999.983470,999.983496,999.983582,999.983729,999.984037,999.984574,999.985271,999.986190,999.987302,999.988555,999.989915,999.991323,999.992779,999.994189,999.995447,999.996596,999.997679,999.998678,999.999578,1000.000420,1000.001100,1000.001693,1000.002194,1000.002617,1000.002990,1000.003304,1000.003549,1000.003810,1000.003980,1000.004124,1000.004270,1000.004384,1000.004447,1000.004488,1000.004540,1000.004594,1000.004592,1000.004587,1000.004612,1000.004570,1000.004553,1000.004538,1000.004529,1000.004498,1000.004447,1000.004430,1000.004378,1000.004346,1000.004327,1000.004313,1000.004279,1000.004291,1000.004207,1000.004207,1000.004201,1000.004197,1000.004197,1000.004210,1000.004228,1000.004192,1000.004228,1000.004299,1000.004325,1000.004351,1000.004332,0.000000,0.000000,0.000000,0.000000,0.000000,0.000000,0.000000,0.000000
0.000000,0.000000,0.000000,0.000000,0.000000,0.000000,0.000000,0.000000,999.985027,999.986429,999.986343,999.986284,999.986302,999.986231,999.986172,999.986124,999.986033,999.985929,999.985812,999.985666,999.985547,999.985318,999.985120,999.984858,999.984549,999.984396,999.983726,999.983587,999.983706,999.983205,999.982889,999.982668,999.982454,999.982543,999.982870,999.983398,999.984226,999.985250,999.986526,999.987912,999.989466,999.991066,999.992667,999.994268,999.995801,999.997196,999.998451,999.999460,1000.000256,1000.001031,1000.001721,1000.002317,1000.002795,1000.003220,1000.003538,1000.003845,1000.004068,1000.004283,1000.004462,1000.004558,1000.004647,1000.004714,1000.004790,1000.004833,1000.004838,1000.004839,1000.004848,1000.004811,1000.004799,1000.004775,1000.004717,1000.004644,1000.004619,1000.004584,1000.004517,1000.004477,1000.004454,1000.004377,1000.004314,1000.004277,1000.004252,1000.004230,1000.004194,1000.004169,1000.004128,1000.004125,1000.004104,1000.004090,1000.004121,1000.004118,1000.004131,1000.004150,1000.004213,1000.004213,1000.004675,0.000000,0.000000,0.000000,0.000000,0.000000,0.000000,0.000000,0.000000
0.000000,0.000000,0.000000,0.000000,0.000000,0.000000,0.000000,999.987335,999.986906,999.986820,999.986642,999.986742,999.986700,999.986584,999.986552,999.986492,999.986364,999.986232,999.986099,999.985905,999.985694,999.985459,999.985233,999.984895,999.984557,999.984268,999.983687,999.983706,999.983093,999.982030,999.981833,999.981582,999.981402,999.981528,999.981712,999.982150,999.982858,999.983991,999.985435,999.987127,999.989080,999.991061,999.992879,999.994606,999.996211,999.997653,999.998958,1000.000163,1000.001134,1000.001921,1000.002555,1000.003089,1000.003510,1000.003902,1000.004193,1000.004473,1000.004658,1000.004797,1000.004898,1000.005045,1000.005092,1000.005124,1000.005146,1000.005149,1000.005116,1000.005109,1000.005076,1000.005033,1000.004962,1000.004932,1000.004883,1000.004815,1000.004739,1000.004667,1000.004618,1000.004507,1000.004467,1000.004440,1000.004351,1000.004294,1000.004232,1000.004177,1000.004120,1000.004138,1000.004076,1000.004049,1000.004058,1000.003990,1000.004021,1000.004018,1000.004000,1000.003996,1000.004057,1000.004066,1000.004112,1000.003997,0.000000,0.000000,0.000000,0.000000,0.000000,0.000000,0.000000
0.000000,0.000000,0.000000,0.000000,0.000000,0.000000,0.000000,999.986095,999.987574,999.987353,999.987298,999.987197,999.987105,999.987008,999.986956,999.986835,999.986670,999.986535,999.986353,999.986149,999.985934,999.985656,999.985355,999.984929,999.984604,999.984149,999.983527,999.983205,999.982030,999.981565,999.981758,999.980958,999.980336,999.980004,999.979783,999.980117,999.981125,999.982454,999.984157,999.986172,999.988336,999.990710,999.993065,999.995246,999.997195,999.998740,999.999935,1000.001017,1000.002003,1000.002779,1000.003395,1000.003909,1000.004314,1000.004641,1000.004891,1000.005093,1000.005233,1000.005365,1000.005423,1000.005495,1000.005525,1000.005534,1000.005507,1000.005512,1000.005437,1000.005390,1000.005339,1000.005268,1000.005185,1000.005101,1000.005022,1000.004916,1000.004847,1000.004741,1000.004670,1000.004590,1000.004467,1000.004420,1000.004339,1000.004287,1000.004236,1000.004172,1000.004083,1000.004052,1000.004022,1000.003963,1000.003945,1000.003945,1000.003906,1000.003914,1000.003928,1000.003888,1000.003921,1000.003905,1000.003890,1000.004422,0.000000,0.000000,0.000000,0.000000,0.000000,0.000000,0.000000
0.000000,0.000000,0.000000,0.000000,0.000000,0.000000,999.988800,999.988215,999.988065,999.987768,999.987759,999.987622,999.987511,999.987453,999.987355,999.987184,999.987042,999.986872,999.986704,999.986459,999.986182,999.985856,999.985517,999.985091,999.984690,999.984043,999.983470,999.982889,999.981833,999.981758,999.980773,999.978873,999.978305,999.977888,999.977773,999.978339,999.979105,999.980411,999.982559,999.985134,999.987894,999.990669,999.993303,999.995649,999.997764,999.999721,1000.001223,1000.002330,1000.003164,1000.003858,1000.004400,1000.004851,1000.005189,1000.005441,1000.005648,1000.005774,1000.005888,1000.005975,1000.006014,1000.005994,1000.005975,1000.005965,1000.005899,1000.005845,1000.005780,1000.005684,1000.005595,1000.005493,1000.005393,1000.005273,1000.005185,1000.005072,1000.004960,1000.004847,1000.004739,1000.004665,1000.004544,1000.004432,1000.004346,1000.004251,1000.004174,1000.004121,1000.004047,1000.003998,1000.003924,1000.003896,1000.003851,1000.003791,1000.003823,1000.003735,1000.003777,1000.003770,1000.003759,1000.003792,1000.003735,1000.003756,1000.003643,0.000000,0.000000,0.000000,0.000000,0.000000,0.000000
0.000000,0.000000,0.000000,0.000000,0.000000,0.000000,999.987432,999.988933,999.988522,999.988369,999.988195,999.988078,999.988016,999.987896,999.987732,999.987588,999.987431,999.987259,999.987017,999.986753,999.986508,999.986129,999.985749,999.985302,999.984791,999.984086,999.983496,999.982668,999.981582,999.980958,999.978873,999.977636,999.977767,999.976628,999.975692,999.975405,999.976042,999.977713,999.980287,999.983745,999.987354,999.990972,999.994421,999.997223,999.999266,1000.001009,1000.002486,1000.003615,1000.004441,1000.005072,1000.005530,1000.005869,1000.006108,1000.006307,1000.006430,1000.006517,1000.006545,1000.006574,1000.006545,1000.006513,1000.006462,1000.006399,1000.006309,1000.006216,1000.006108,1000.005991,1000.005864,1000.005749,1000.005616,1000.005469,1000.005329,1000.005199,1000.005078,1000.004936,1000.004786,1000.004679,1000.004562,1000.004474,1000.004361,1000.004252,1000.004137,1000.004087,1000.003991,1000.003910,1000.003876,1000.003791,1000.003773,1000.003727,1000.003688,1000.003660,1000.003640,1000.003628,1000.003620,1000.003590,1000.003589,1000.003491,1000.004081,0.000000,0.000000,0.000000,0.000000,0.000000,0.000000
0.000000,0.000000,0.000000,0.000000,0.000000,999.990297,999.989582,999.989267,999.988924,999.988845,999.988656,999.988593,999.988477,999.988313,999.988168,999.987979,999.987860,999.987659,999.987418,999.987141,999.986831,999.986450,999.986060,999.985542,999.984982,999.984223,999.983582,999.982454,999.981402,999.980336,999.978305,999.977767,999.976281,999.972799,999.971403,999.971252,999.971673,999.973875,999.977304,999.981419,999.986277,999.990973,999.995067,999.998691,1000.001373,1000.003114,1000.004340,1000.005241,1000.005943,1000.006409,1000.006748,1000.006974,1000.007139,1000.007216,1000.007271,1000.007282,1000.007258,1000.007195,1000.007145,1000.007057,1000.006950,1000.006847,1000.006707,1000.006577,1000.006445,1000.006283,1000.006130,1000.005962,1000.005821,1000.005655,1000.005492,1000.005322,1000.005179,1000.005033,1000.004873,1000.004740,1000.004575,1000.004447,1000.004343,1000.004227,1000.004102,1000.004007,1000.003926,1000.003848,1000.003773,1000.003695,1000.003654,1000.003583,1000.003601,1000.003489,1000.003523,1000.003470,1000.003454,1000.003454,1000.003478,1000.003373,1000.003315,1000.003104,0.000000,0.000000,0.000000,0.000000,0.000000
0.000000,0.000000,0.000000,0.000000,0.000000,999.988886,999.990129,999.989642,999.989497,999.989314,999.989193,999.989062,999.988888,999.988761,999.988630,999.988471,999.988303,999.988062,999.987823,999.987537,999.987238,999.986860,999.986411,999.985881,999.985265,999.984538,999.983729,999.982543,999.981528,999.980004,999.977888,999.976628,999.972799,999.969643,999.968851,999.967102,999.967481,999.970066,999.974259,999.980519,999.986938,999.992658,999.997414,1000.000903,1000.003551,1000.005317,1000.006448,1000.007174,1000.007629,1000.007898,1000.008083,1000.008164,1000.008225,1000.008170,1000.008141,1000.008074,1000.007985,1000.007867,1000.007759,1000.007625,1000.007463,1000.007306,1000.007148,1000.006948,1000.006782,1000.006601,1000.006400,1000.006227,1000.006017,1000.005835,1000.005642,1000.005453,1000.005259,1000.005103,1000.004908,1000.004757,1000.004616,1000.004474,1000.004290,1000.004194,1000.004074,1000.003960,1000.003842,1000.003759,1000.003707,1000.003592,1000.003561,1000.003453,1000.003432,1000.003415,1000.003355,1000.003353,1000.003310,1000.003263,1000.003263,1000.003263,1000.003093,1000.003700,0.000000,0.000000,0.000000,0.000000,0.000000
0.000000,0.000000,0.000000,0.000000,999.990953,999.990700,999.990371,999.989907,999.989908,999.989808,999.989643,999.989493,999.989372,999.989244,999.989079,999.988909,999.988747,999.988530,999.988285,999.988019,999.987704,999.987292,999.986866,999.986311,999.985701,999.984941,999.984037,999.982870,999.981712,999.979783,999.977773,999.975692,999.971403,999.968851,999.965137,999.959577,999.957554,999.959530,999.966261,999.975773,999.986136,999.995505,1000.001686,1000.005078,1000.007051,1000.008207,1000.008929,1000.009280,1000.009445,1000.009484,1000.009486,1000.009398,1000.009296,1000.009180,1000.009025,1000.008872,1000.008708,1000.008527,1000.008358,1000.008172,1000.007980,1000.007761,1000.007580,1000.007335,1000.007136,1000.006897,1000.006687,1000.006447,1000.006250,1000.006016,1000.005814,1000.005594,1000.005370,1000.005186,1000.004985,1000.004795,1000.004594,1000.004475,1000.004297,1000.004128,1000.004018,1000.003893,1000.003748,1000.003643,1000.003575,1000.003485,1000.003431,1000.003355,1000.003304,1000.003241,1000.003224,1000.003179,1000.003180,1000.003165,1000.003123,1000.003178,1000.003007,1000.002988,1000.002944,0.000000,0.000000,0.000000,0.000000
0.000000,0.000000,0.000000,0.000000,999.989373,999.990507,999.990472,999.990510,999.990423,999.990225,999.990093,999.989979,999.989854,999.989719,999.989567,999.989419,999.989248,999.989004,999.988783,999.988516,999.988181,999.987802,999.987385,999.986846,999.986226,999.985468,999.984574,999.983398,999.982150,999.980117,999.978339,999.975405,999.971252,999.967102,999.959577,999.948285,999.943205,999.949203,999.959721,999.973300,999.989123,1000.000723,1000.006690,1000.009999,1000.011223,1000.011633,1000.011691,1000.011568,1000.011388,1000.011163,1000.010930,1000.010651,1000.010404,1000.010175,1000.009945,1000.009683,1000.009467,1000.009222,1000.008964,1000.008722,1000.008490,1000.008232,1000.007985,1000.007739,1000.007485,1000.007217,1000.006970,1000.006689,1000.006433,1000.006176,1000.005927,1000.005716,1000.005457,1000.005234,1000.005020,1000.004828,1000.004594,1000.004425,1000.004274,1000.004108,1000.003944,1000.003832,1000.003699,1000.003557,1000.003481,1000.003357,1000.003301,1000.003200,1000.003150,1000.003119,1000.003054,1000.003006,1000.002964,1000.003004,1000.002960,1000.002980,1000.002989,1000.003088,1000.003613,0.000000,0.000000,0.000000,0.000000
