0.000000,0.000000,0.000000,0.000000,0.000000,0.000000,0.000000,0.000000,0.000000,0.000000,0.000000,0.000000,0.000000,0.000000,0.000000,0.000000,0.000000,0.000000,0.000000,0.000000,0.000000,0.000000,0.000000,0.000000,0.000000,0.000000,0.000000,0.000000,0.000000,0.000000,0.000000,0.000000,0.000000,0.000000,0.000000,0.000000,0.000000,0.000000,0.000000,0.000000,0.000000,0.000000,0.000000,0.000000,0.000000,0.000000,0.000000,0.000000,0.000000,0.000000,0.000000,0.000000,0.000000,0.000000,0.000000,0.000000,0.000000,0.000000,0.000000,0.000000,0.000000,0.000000,0.000000,0.000000,0.000000,0.000000,0.000000,0.000000,0.000000,0.000000,0.000000,0.000000,0.000000,0.000000,0.000000,0.000000,0.000000,0.000000,0.000000,0.000000,0.000000,0.000000,0.000000,0.000000,0.000000,0.000000,0.000000,0.000000,0.000000,0.000000,0.000000,0.000000,0.000000,0.000000,0.000000,0.000000,0.000000,0.000000,0.000000,0.000000,0.000000,0.000000,0.000000
0.000000,0.000000,0.000000,0.000000,0.000000,0.000000,0.000000,0.000000,0.000000,0.000000,0.000000,0.000000,0.000000,0.000000,0.000000,0.000000,0.000000,0.000000,0.000000,0.000000,0.000000,0.000000,0.000000,0.000000,0.000000,0.000000,0.000000,0.000000,0.000000,0.000000,0.000000,0.000000,0.000000,0.000000,0.000000,0.000000,0.000000,0.000000,0.000000,0.000000,0.000000,0.000000,0.000000,0.000000,0.000000,0.000000,0.000000,0.000000,0.000000,0.000000,0.000000,1000.000093,0.000000,0.000000,0.000000,0.000000,0.000000,0.000000,0.000000,0.000000,0.000000,0.000000,0.000000,0.000000,0.000000,0.000000,0.000000,0.000000,0.000000,0.000000,0.000000,0.000000,0.000000,0.000000,0.000000,0.000000,0.000000,0.000000,0.000000,0.000000,0.000000,0.000000,0.000000,0.000000,0.000000,0.000000,0.000000,0.000000,0.000000,0.000000,0.000000,0.000000,0.000000,0.000000,0.000000,0.000000,0.000000,0.000000,0.000000,0.000000,0.000000,0.000000,0.000000
0.000000,0.000000,0.000000,0.000000,0.000000,0.000000,0.000000,0.000000,0.000000,0.000000,0.000000,0.000000,0.000000,0.000000,0.000000,0.000000,0.000000,0.000000,0.000000,0.000000,0.000000,0.000000,0.000000,0.000000,0.000000,0.000000,0.000000,0.000000,0.000000,0.000000,0.000000,0.000000,0.000000,0.000000,0.000000,0.000000,0.000000,0.000000,0.000000,0.000000,0.000000,0.000000,1000.000169,1000.000197,1000.000211,1000.000218,1000.000222,1000.000223,1000.000223,1000.000222,1000.000221,1000.000228,1000.000221,1000.000222,1000.000223,1000.000223,1000.000222,1000.000218,1000.000211,1000.000197,1000.000169,0.000000,0.000000,0.000000,0.000000,0.000000,0.000000,0.000000,0.000000,0.000000,0.000000,0.000000,0.000000,0.000000,0.000000,0.000000,0.000000,0.000000,0.000000,0.000000,0.000000,0.000000,0.000000,0.000000,0.000000,0.000000,0.000000,0.000000,0.000000,0.000000,0.000000,0.000000,0.000000,0.000000,0.000000,0.000000,0.000000,0.000000,0.000000,0.000000,0.000000,0.000000,0.000000
0.000000,0.000000,0.000000,0.000000,0.000000,0.000000,0.000000,0.000000,0.000000,0.000000,0.000000,0.000000,0.000000,0.000000,0.000000,0.000000,0.000000,0.000000,0.000000,0.000000,0.000000,0.000000,0.000000,0.000000,0.000000,0.000000,0.000000,0.000000,0.000000,0.000000,0.000000,0.000000,0.000000,0.000000,0.000000,0.000000,0.000000,1000.000163,1000.000203,1000.000236,1000.000262,1000.000283,1000.000303,1000.000320,1000.000334,1000.000343,1000.000349,1000.000351,1000.000352,1000.000353,1000.000352,1000.000353,1000.000352,1000.000353,1000.000352,1000.000351,1000.000349,1000.000343,1000.000334,1000.000320,1000.000303,1000.000283,1000.000262,1000.000236,1000.000203,1000.000163,0.000000,0.000000,0.000000,0.000000,0.000000,0.000000,0.000000,0.000000,0.000000,0.000000,0.000000,0.000000,0.000000,0.000000,0.000000,0.000000,0.000000,0.000000,0.000000,0.000000,0.000000,0.000000,0.000000,0.000000,0.000000,0.000000,0.000000,0.000000,0.000000,0.000000,0.000000,0.000000,0.000000,0.000000,0.000000,0.000000,0.000000
0.000000,0.000000,0.000000,0.000000,0.000000,0.000000,0.000000,0.000000,0.000000,0.000000,0.000000,0.000000,0.000000,0.000000,0.000000,0.000000,0.000000,0.000000,0.000000,0.000000,0.000000,0.000000,0.000000,0.000000,0.000000,0.000000,0.000000,0.000000,0.000000,0.000000,0.000000,0.000000,0.000000,0.000000,1000.000170,1000.000216,1000.000255,1000.000293,1000.000326,1000.000356,1000.000384,1000.000407,1000.000429,1000.000447,1000.000460,1000.000468,1000.000473,1000.000476,1000.000477,1000.000478,1000.000478,1000.000478,1000.000478,1000.000478,1000.000477,1000.000476,1000.000473,1000.000468,1000.000460,1000.000447,1000.000429,1000.000407,1000.000384,1000.000356,1000.000326,1000.000293,1000.000255,1000.000216,1000.000170,0.000000,0.000000,0.000000,0.000000,0.000000,0.000000,0.000000,0.000000,0.000000,0.000000,0.000000,0.000000,0.000000,0.000000,0.000000,0.000000,0.000000,0.000000,0.000000,0.000000,0.000000,0.000000,0.000000,0.000000,0.000000,0.000000,0.000000,0.000000,0.000000,0.000000,0.000000,0.000000,0.000000,0.000000
0.000000,0.000000,0.000000,0.000000,0.000000,0.000000,0.000000,0.000000,0.000000,0.000000,0.000000,0.000000,0.000000,0.000000,0.000000,0.000000,0.000000,0.000000,0.000000,0.000000,0.000000,0.000000,0.000000,0.000000,0.000000,0.000000,0.000000,0.000000,0.000000,0.000000,0.000000,0.000000,1000.000194,1000.000246,1000.000296,1000.000338,1000.000375,1000.000413,1000.000446,1000.000476,1000.000504,1000.000530,1000.000553,1000.000571,1000.000582,1000.000589,1000.000592,1000.000595,1000.000596,1000.000596,1000.000596,1000.000596,1000.000596,1000.000596,1000.000596,1000.000595,1000.000592,1000.000589,1000.000582,1000.000571,1000.000553,1000.000530,1000.000504,1000.000476,1000.000446,1000.000413,1000.000375,1000.000338,1000.000296,1000.000246,1000.000194,0.000000,0.000000,0.000000,0.000000,0.000000,0.000000,0.000000,0.000000,0.000000,0.000000,0.000000,0.000000,0.000000,0.000000,0.000000,0.000000,0.000000,0.000000,0.000000,0.000000,0.000000,0.000000,0.000000,0.000000,0.000000,0.000000,0.000000,0.000000,0.000000,0.000000,0.000000,0.000000
0.000000,0.000000,0.000000,0.000000,0.000000,0.000000,0.000000,0.000000,0.000000,0.000000,0.000000,0.000000,0.000000,0.000000,0.000000,0.000000,0.000000,0.000000,0.000000,0.000000,0.000000,0.000000,0.000000,0.000000,0.000000,0.000000,0.000000,0.000000,0.000000,0.000000,1000.000203,1000.000261,1000.000318,1000.000366,1000.000412,1000.000454,1000.000495,1000.000533,1000.000566,1000.000594,1000.000617,1000.000639,1000.000657,1000.000670,1000.000676,1000.000680,1000.000682,1000.000683,1000.000683,1000.000683,1000.000683,1000.000683,1000.000683,1000.000683,1000.000683,1000.000683,1000.000682,1000.000680,1000.000676,1000.000670,1000.000657,1000.000639,1000.000617,1000.000594,1000.000566,1000.000533,1000.000495,1000.000454,1000.000412,1000.000366,1000.000318,1000.000261,1000.000203,0.000000,0.000000,0.000000,0.000000,0.000000,0.000000,0.000000,0.000000,0.000000,0.000000,0.000000,0.000000,0.000000,0.000000,0.000000,0.000000,0.000000,0.000000,0.000000,0.000000,0.000000,0.000000,0.000000,0.000000,0.000000,0.000000,0.000000,0.000000,0.000000,0.000000
0.000000,0.000000,0.000000,0.000000,0.000000,0.000000,0.000000,0.000000,0.000000,0.000000,0.000000,0.000000,0.000000,0.000000,0.000000,0.000000,0.000000,0.000000,0.000000,0.000000,0.000000,0.000000,0.000000,0.000000,0.000000,0.000000,0.000000,0.000000,1000.000202,1000.000265,1000.000326,1000.000378,1000.000431,1000.000481,1000.000529,1000.000572,1000.000609,1000.000640,1000.000666,1000.000683,1000.000695,1000.000703,1000.000705,1000.000704,1000.000702,1000.000701,1000.000700,1000.000699,1000.000698,1000.000698,1000.000697,1000.000697,1000.000697,1000.000698,1000.000698,1000.000699,1000.000700,1000.000701,1000.000702,1000.000704,1000.000705,1000.000703,1000.000695,1000.000683,1000.000666,1000.000640,1000.000609,1000.000572,1000.000529,1000.000481,1000.000431,1000.000378,1000.000326,1000.000265,1000.000202,0.000000,0.000000,0.000000,0.000000,0.000000,0.000000,0.000000,0.000000,0.000000,0.000000,0.000000,0.000000,0.000000,0.000000,0.000000,0.000000,0.000000,0.000000,0.000000,0.000000,0.000000,0.000000,0.000000,0.000000,0.000000,0.000000,0.000000,0.000000
0.000000,0.000000,0.000000,0.000000,0.000000,0.000000,0.000000,0.000000,0.000000,0.000000,0.000000,0.000000,0.000000,0.000000,0.000000,0.000000,0.000000,0.000000,0.000000,0.000000,0.000000,0.000000,0.000000,0.000000,0.000000,0.000000,1000.000192,1000.000259,1000.000323,1000.000380,1000.000436,1000.000491,1000.000544,1000.000593,1000.000635,1000.000669,1000.000691,1000.000705,1000.000711,1000.000709,1000.000705,1000.000696,1000.000682,1000.000669,1000.000660,1000.000654,1000.000650,1000.000648,1000.000646,1000.000645,1000.000644,1000.000644,1000.000644,1000.000645,1000.000646,1000.000648,1000.000650,1000.000654,1000.000660,1000.000669,1000.000682,1000.000696,1000.000705,1000.000709,1000.000711,1000.000705,1000.000691,1000.000669,1000.000635,1000.000593,1000.000544,1000.000491,1000.000436,1000.000380,1000.000323,1000.000259,1000.000192,0.000000,0.000000,0.000000,0.000000,0.000000,0.000000,0.000000,0.000000,0.000000,0.000000,0.000000,0.000000,0.000000,0.000000,0.000000,0.000000,0.000000,0.000000,0.000000,0.000000,0.000000,0.000000,0.000000,0.000000,0.000000,0.000000
0.000000,0.000000,0.000000,0.000000,0.000000,0.000000,0.000000,0.000000,0.000000,0.000000,0.000000,0.000000,0.000000,0.000000,0.000000,0.000000,0.000000,0.000000,0.000000,0.000000,0.000000,0.000000,0.000000,0.000000,1000.000165,1000.000239,1000.000310,1000.000372,1000.000432,1000.000491,1000.000547,1000.000599,1000.000645,1000.000680,1000.000703,1000.000711,1000.000710,1000.000701,1000.000686,1000.000670,1000.000654,1000.000637,1000.000619,1000.000602,1000.000590,1000.000582,1000.000577,1000.000573,1000.000570,1000.000568,1000.000567,1000.000567,1000.000567,1000.000568,1000.000570,1000.000573,1000.000577,1000.000582,1000.000590,1000.000602,1000.000619,1000.000637,1000.000654,1000.000670,1000.000686,1000.000701,1000.000710,1000.000711,1000.000703,1000.000680,1000.000645,1000.000599,1000.000547,1000.000491,1000.000432,1000.000372,1000.000310,1000.000239,1000.000165,0.000000,0.000000,0.000000,0.000000,0.000000,0.000000,0.000000,0.000000,0.000000,0.000000,0.000000,0.000000,0.000000,0.000000,0.000000,0.000000,0.000000,0.000000,0.000000,0.000000,0.000000,0.000000,0.000000,0.000000
0.000000,0.000000,0.000000,0.000000,0.000000,0.000000,0.000000,0.000000,0.000000,0.000000,0.000000,0.000000,0.000000,0.000000,0.000000,0.000000,0.000000,0.000000,0.000000,0.000000,0.000000,0.000000,0.000000,1000.000199,1000.000280,1000.000349,1000.000416,1000.000480,1000.000542,1000.000598,1000.000646,1000.000683,1000.000706,1000.000713,1000.000706,1000.000690,1000.000669,1000.000646,1000.000623,1000.000601,1000.000582,1000.000564,1000.000547,1000.000532,1000.000520,1000.000511,1000.000504,1000.000499,1000.000495,1000.000492,1000.000491,1000.000490,1000.000491,1000.000492,1000.000495,1000.000499,1000.000504,1000.000511,1000.000520,1000.000532,1000.000547,1000.000564,1000.000582,1000.000601,1000.000623,1000.000646,1000.000669,1000.000690,1000.000706,1000.000713,1000.000706,1000.000683,1000.000646,1000.000598,1000.000542,1000.000480,1000.000416,1000.000349,1000.000280,1000.000199,0.000000,0.000000,0.000000,0.000000,0.000000,0.000000,0.000000,0.000000,0.000000,0.000000,0.000000,0.000000,0.000000,0.000000,0.000000,0.000000,0.000000,0.000000,0.000000,0.000000,0.000000,0.000000,0.000000
0.000000,0.000000,0.000000,0.000000,0.000000,0.000000,0.000000,0.000000,0.000000,0.000000,0.000000,0.000000,0.000000,0.000000,0.000000,0.000000,0.000000,0.000000,0.000000,0.000000,0.000000,1000.000147,1000.000230,1000.000311,1000.000383,1000.000454,1000.000524,1000.000587,1000.000641,1000.000681,1000.000706,1000.000714,1000.000706,1000.000686,1000.000658,1000.000629,1000.000601,1000.000576,1000.000553,1000.000531,1000.000511,1000.000494,1000.000477,1000.000463,1000.000451,1000.000441,1000.000433,1000.000427,1000.000423,1000.000420,1000.000418,1000.000417,1000.000418,1000.000420,1000.000423,1000.000427,1000.000433,1000.000441,1000.000451,1000.000463,1000.000477,1000.000494,1000.000511,1000.000531,1000.000553,1000.000576,1000.000601,1000.000629,1000.000658,1000.000686,1000.000706,1000.000714,1000.000706,1000.000681,1000.000641,1000.000587,1000.000524,1000.000454,1000.000383,1000.000311,1000.000230,1000.000147,0.000000,0.000000,0.000000,0.000000,0.000000,0.000000,0.000000,0.000000,0.000000,0.000000,0.000000,0.000000,0.000000,0.000000,0.000000,0.000000,0.000000,0.000000,0.000000,0.000000,0.000000
0.000000,0.000000,0.000000,0.000000,0.000000,0.000000,0.000000,0.000000,0.000000,0.000000,0.000000,0.000000,0.000000,0.000000,0.000000,0.000000,0.000000,0.000000,0.000000,0.000000,1000.000171,1000.000259,1000.000335,1000.000409,1000.000484,1000.000558,1000.000622,1000.000673,1000.000702,1000.000713,1000.000706,1000.000685,1000.000656,1000.000624,1000.000591,1000.000560,1000.000533,1000.000508,1000.000484,1000.000463,1000.000443,1000.000425,1000.000409,1000.000395,1000.000382,1000.000372,1000.000364,1000.000357,1000.000352,1000.000349,1000.000347,1000.000346,1000.000347,1000.000349,1000.000352,1000.000357,1000.000364,1000.000372,1000.000382,1000.000395,1000.000409,1000.000425,1000.000443,1000.000463,1000.000484,1000.000508,1000.000533,1000.000560,1000.000591,1000.000624,1000.000656,1000.000685,1000.000706,1000.000713,1000.000702,1000.000673,1000.000622,1000.000558,1000.000484,1000.000409,1000.000335,1000.000259,1000.000171,0.000000,0.000000,0.000000,0.000000,0.000000,0.000000,0.000000,0.000000,0.000000,0.000000,0.000000,0.000000,0.000000,0.000000,0.000000,0.000000,0.000000,0.000000,0.000000,0.000000
0.000000,0.000000,0.000000,0.000000,0.000000,0.000000,0.000000,0.000000,0.000000,0.000000,0.000000,0.000000,0.000000,0.000000,0.000000,0.000000,0.000000,0.000000,0.000000,1000.000191,1000.000280,1000.000359,1000.000434,1000.000509,1000.000581,1000.000645,1000.000691,1000.000710,1000.000706,1000.000687,1000.000657,1000.000624,1000.000589,1000.000555,1000.000523,1000.000494,1000.000467,1000.000441,1000.000418,1000.000396,1000.000376,1000.000358,1000.000342,1000.000328,1000.000315,1000.000305,1000.000296,1000.000289,1000.000284,1000.000280,1000.000278,1000.000277,1000.000278,1000.000280,1000.000284,1000.000289,1000.000296,1000.000305,1000.000315,1000.000328,1000.000342,1000.000358,1000.000376,1000.000396,1000.000418,1000.000441,1000.000467,1000.000494,1000.000523,1000.000555,1000.000589,1000.000624,1000.000657,1000.000687,1000.000706,1000.000710,1000.000691,1000.000645,1000.000581,1000.000509,1000.000434,1000.000359,1000.000280,1000.000191,0.000000,0.000000,0.000000,0.000000,0.000000,0.000000,0.000000,0.000000,0.000000,0.000000,0.000000,0.000000,0.000000,0.000000,0.000000,0.000000,0.000000,0.000000,0.000000
0.000000,0.000000,0.000000,0.000000,0.000000,0.000000,0.000000,0.000000,0.000000,0.000000,0.000000,0.000000,0.000000,0.000000,0.000000,0.000000,0.000000,0.000000,1000.000203,1000.000296,1000.000378,1000.000457,1000.000535,1000.000604,1000.000662,1000.000702,1000.000712,1000.000694,1000.000664,1000.000628,1000.000592,1000.000556,1000.000522,1000.000489,1000.000459,1000.000429,1000.000402,1000.000376,1000.000352,1000.000331,1000.000311,1000.000293,1000.000277,1000.000262,1000.000250,1000.000239,1000.000230,1000.000223,1000.000218,1000.000214,1000.000212,1000.000211,1000.000212,1000.000214,1000.000218,1000.000223,1000.000230,1000.000239,1000.000250,1000.000262,1000.000277,1000.000293,1000.000311,1000.000331,1000.000352,1000.000376,1000.000402,1000.000429,1000.000459,1000.000489,1000.000522,1000.000556,1000.000592,1000.000628,1000.000664,1000.000694,1000.000712,1000.000702,1000.000662,1000.000604,1000.000535,1000.000457,1000.000378,1000.000296,1000.000203,0.000000,0.000000,0.000000,0.000000,0.000000,0.000000,0.000000,0.000000,0.000000,0.000000,0.000000,0.000000,0.000000,0.000000,0.000000,0.000000,0.000000,0.000000
0.000000,0.000000,0.000000,0.000000,0.000000,0.000000,0.000000,0.000000,0.000000,0.000000,0.000000,0.000000,0.000000,0.000000,0.000000,0.000000,0.000000,1000.000209,1000.000305,1000.000390,1000.000473,1000.000555,1000.000626,1000.000679,1000.000708,1000.000710,1000.000686,1000.000646,1000.000604,1000.000564,1000.000527,1000.000492,1000.000458,1000.000426,1000.000395,1000.000365,1000.000338,1000.000313,1000.000289,1000.000267,1000.000247,1000.000229,1000.000213,1000.000199,1000.000186,1000.000175,1000.000166,1000.000159,1000.000153,1000.000149,1000.000147,1000.000146,1000.000147,1000.000149,1000.000153,1000.000159,1000.000166,1000.000175,1000.000186,1000.000199,1000.000213,1000.000229,1000.000247,1000.000267,1000.000289,1000.000313,1000.000338,1000.000365,1000.000395,1000.000426,1000.000458,1000.000492,1000.000527,1000.000564,1000.000604,1000.000646,1000.000686,1000.000710,1000.000708,1000.000679,1000.000626,1000.000555,1000.000473,1000.000390,1000.000305,1000.000209,0.000000,0.000000,0.000000,0.000000,0.000000,0.000000,0.000000,0.000000,0.000000,0.000000,0.000000,0.000000,0.000000,0.000000,0.000000,0.000000,0.000000
0.000000,0.000000,0.000000,0.000000,0.000000,0.000000,0.000000,0.000000,0.000000,0.000000,0.000000,0.000000,0.000000,0.000000,0.000000,0.000000,1000.000211,1000.000309,1000.000396,1000.000482,1000.000566,1000.000640,1000.000691,1000.000711,1000.000703,1000.000675,1000.000633,1000.000586,1000.000542,1000.000503,1000.000466,1000.000430,1000.000396,1000.000363,1000.000332,1000.000304,1000.000277,1000.000251,1000.000227,1000.000206,1000.000186,1000.000168,1000.000151,1000.000137,1000.000124,1000.000113,1000.000104,1000.000097,1000.000091,1000.000087,1000.000084,1000.000083,1000.000084,1000.000087,1000.000091,1000.000097,1000.000104,1000.000113,1000.000124,1000.000137,1000.000151,1000.000168,1000.000186,1000.000206,1000.000227,1000.000251,1000.000277,1000.000304,1000.000332,1000.000363,1000.000396,1000.000430,1000.000466,1000.000503,1000.000542,1000.000586,1000.000633,1000.000675,1000.000703,1000.000711,1000.000691,1000.000640,1000.000566,1000.000482,1000.000396,1000.000309,1000.000211,0.000000,0.000000,0.000000,0.000000,0.000000,0.000000,0.000000,0.000000,0.000000,0.000000,0.000000,0.000000,0.000000,0.000000,0.000000,0.000000
0.000000,0.000000,0.000000,0.000000,0.000000,0.000000,0.000000,0.000000,0.000000,0.000000,0.000000,0.000000,0.000000,0.000000,0.000000,1000.000209,1000.000309,1000.000398,1000.000486,1000.000572,1000.000646,1000.000697,1000.000711,1000.000694,1000.000659,1000.000616,1000.000570,1000.000525,1000.000483,1000.000444,1000.000406,1000.000369,1000.000335,1000.000303,1000.000273,1000.000244,1000.000216,1000.000191,1000.000167,1000.000146,1000.000126,1000.000107,1000.000091,1000.000076,1000.000064,1000.000053,1000.000043,1000.000036,1000.000030,1000.000026,1000.000023,1000.000023,1000.000023,1000.000026,1000.000030,1000.000036,1000.000043,1000.000053,1000.000064,1000.000076,1000.000091,1000.000107,1000.000126,1000.000146,1000.000167,1000.000191,1000.000216,1000.000244,1000.000273,1000.000303,1000.000335,1000.000369,1000.000406,1000.000444,1000.000483,1000.000525,1000.000570,1000.000616,1000.000659,1000.000694,1000.000711,1000.000697,1000.000646,1000.000572,1000.000486,1000.000398,1000.000309,1000.000209,0.000000,0.000000,0.000000,0.000000,0.000000,0.000000,0.000000,0.000000,0.000000,0.000000,0.000000,0.000000,0.000000,0.000000,0.000000
0.000000,0.000000,0.000000,0.000000,0.000000,0.000000,0.000000,0.000000,0.000000,0.000000,0.000000,0.000000,0.000000,0.000000,1000.000203,1000.000305,1000.000396,1000.000486,1000.000574,1000.000649,1000.000699,1000.000712,1000.000689,1000.000648,1000.000600,1000.000554,1000.000509,1000.000467,1000.000425,1000.000385,1000.000347,1000.000311,1000.000277,1000.000245,1000.000214,1000.000185,1000.000158,1000.000133,1000.000109,1000.000087,1000.000067,1000.000049,1000.000033,1000.000018,1000.000005,999.999994,999.999985,999.999977,999.999971,999.999967,999.999964,999.999964,999.999964,999.999967,999.999971,999.999977,999.999985,999.999994,1000.000005,1000.000018,1000.000033,1000.000049,1000.000067,1000.000087,1000.000109,1000.000133,1000.000158,1000.000185,1000.000214,1000.000245,1000.000277,1000.000311,1000.000347,1000.000385,1000.000425,1000.000467,1000.000509,1000.000554,1000.000600,1000.000648,1000.000689,1000.000712,1000.000699,1000.000649,1000.000574,1000.000486,1000.000396,1000.000305,1000.000203,0.000000,0.000000,0.000000,0.000000,0.000000,0.000000,0.000000,0.000000,0.000000,0.000000,0.000000,0.000000,0.000000,0.000000
0.000000,0.000000,0.000000,0.000000,0.000000,0.000000,0.000000,0.000000,0.000000,0.000000,0.000000,0.000000,0.000000,1000.000191,1000.000296,1000.000390,1000.000482,1000.000572,1000.000649,1000.000700,1000.000712,1000.000687,1000.000643,1000.000591,1000.000542,1000.000496,1000.000453,1000.000410,1000.000368,1000.000328,1000.000291,1000.000255,1000.000220,1000.000188,1000.000157,1000.000128,1000.000101,1000.000076,1000.000052,1000.000030,1000.000010,999.999992,999.999976,999.999961,999.999948,999.999937,999.999928,999.999920,999.999914,999.999910,999.999907,999.999906,999.999907,999.999910,999.999914,999.999920,999.999928,999.999937,999.999948,999.999961,999.999976,999.999992,1000.000010,1000.000030,1000.000052,1000.000076,1000.000101,1000.000128,1000.000157,1000.000188,1000.000220,1000.000255,1000.000291,1000.000328,1000.000368,1000.000410,1000.000453,1000.000496,1000.000542,1000.000591,1000.000643,1000.000687,1000.000712,1000.000700,1000.000649,1000.000572,1000.000482,1000.000390,1000.000296,1000.000191,0.000000,0.000000,0.000000,0.000000,0.000000,0.000000,0.000000,0.000000,0.000000,0.000000,0.000000,0.000000,0.000000
0.000000,0.000000,0.000000,0.000000,0.000000,0.000000,0.000000,0.000000,0.000000,0.000000,0.000000,0.000000,1000.000171,1000.000280,1000.000378,1000.000473,1000.000566,1000.000646,1000.000699,1000.000712,1000.000687,1000.000641,1000.000587,1000.000535,1000.000488,1000.000442,1000.000397,1000.000354,1000.000313,1000.000273,1000.000236,1000.000200,1000.000165,1000.000133,1000.000102,1000.000073,1000.000046,1000.000021,999.999997,999.999976,999.999955,999.999937,999.999921,999.999906,999.999893,999.999882,999.999872,999.999865,999.999859,999.999855,999.999852,999.999851,999.999852,999.999855,999.999859,999.999865,999.999872,999.999882,999.999893,999.999906,999.999921,999.999937,999.999955,999.999976,999.999997,1000.000021,1000.000046,1000.000073,1000.000102,1000.000133,1000.000165,1000.000200,1000.000236,1000.000273,1000.000313,1000.000354,1000.000397,1000.000442,1000.000488,1000.000535,1000.000587,1000.000641,1000.000687,1000.000712,1000.000699,1000.000646,1000.000566,1000.000473,1000.000378,1000.000280,1000.000171,0.000000,0.000000,0.000000,0.000000,0.000000,0.000000,0.000000,0.000000,0.000000,0.000000,0.000000,0.000000
0.000000,0.000000,0.000000,0.000000,0.000000,0.000000,0.000000,0.000000,0.000000,0.000000,0.000000,1000.000147,1000.000259,1000.000359,1000.000457,1000.000555,1000.000640,1000.000697,1000.000712,1000.000687,1000.000641,1000.000586,1000.000532,1000.000483,1000.000435,1000.000388,1000.000343,1000.000301,1000.000260,1000.000220,1000.000182,1000.000146,1000.000112,1000.000080,1000.000049,1000.000020,999.999993,999.999968,999.999944,999.999922,999.999902,999.999884,999.999867,999.999853,999.999840,999.999829,999.999819,999.999811,999.999805,999.999801,999.999798,999.999798,999.999798,999.999801,999.999805,999.999811,999.999819,999.999829,999.999840,999.999853,999.999867,999.999884,999.999902,999.999922,999.999944,999.999968,999.999993,1000.000020,1000.000049,1000.000080,1000.000112,1000.000146,1000.000182,1000.000220,1000.000260,1000.000301,1000.000343,1000.000388,1000.000435,1000.000483,1000.000532,1000.000586,1000.000641,1000.000687,1000.000712,1000.000697,1000.000640,1000.000555,1000.000457,1000.000359,1000.000259,1000.000147,0.000000,0.000000,0.000000,0.000000,0.000000,0.000000,0.000000,0.000000,0.000000,0.000000,0.000000
0.000000,0.000000,0.000000,0.000000,0.000000,0.000000,0.000000,0.000000,0.000000,0.000000,0.000000,1000.000230,1000.000335,1000.000434,1000.000535,1000.000626,1000.000691,1000.000711,1000.000689,1000.000643,1000.000587,1000.000532,1000.000481,1000.000432,1000.000383,1000.000336,1000.000292,1000.000249,1000.000208,1000.000168,1000.000131,1000.000095,1000.000061,1000.000028,999.999997,999.999969,999.999941,999.999916,999.999893,999.999871,999.999851,999.999832,999.999816,999.999801,999.999788,999.999777,999.999767,999.999760,999.999754,999.999749,999.999747,999.999746,999.999747,999.999749,999.999754,999.999760,999.999767,999.999777,999.999788,999.999801,999.999816,999.999832,999.999851,999.999871,999.999893,999.999916,999.999941,999.999969,999.999997,1000.000028,1000.000061,1000.000095,1000.000131,1000.000168,1000.000208,1000.000249,1000.000292,1000.000336,1000.000383,1000.000432,1000.000481,1000.000532,1000.000587,1000.000643,1000.000689,1000.000711,1000.000691,1000.000626,1000.000535,1000.000434,1000.000335,1000.000230,0.000000,0.000000,0.000000,0.000000,0.000000,0.000000,0.000000,0.000000,0.000000,0.000000,0.000000
0.000000,0.000000,0.000000,0.000000,0.000000,0.000000,0.000000,0.000000,0.000000,0.000000,1000.000199,1000.000311,1000.000409,1000.000509,1000.000604,1000.000679,1000.000711,1000.000694,1000.000648,1000.000591,1000.000535,1000.000483,1000.000432,1000.000381,1000.000333,1000.000287,1000.000242,1000.000199,1000.000158,1000.000119,1000.000081,1000.000045,1000.000011,999.999978,999.999948,999.999919,999.999892,999.999866,999.999843,999.999821,999.999801,999.999783,999.999766,999.999751,999.999738,999.999727,999.999717,999.999710,999.999704,999.999699,999.999697,999.999696,999.999697,999.999699,999.999704,999.999710,999.999717,999.999727,999.999738,999.999751,999.999766,999.999783,999.999801,999.999821,999.999843,999.999866,999.999892,999.999919,999.999948,999.999978,1000.000011,1000.000045,1000.000081,1000.000119,1000.000158,1000.000199,1000.000242,1000.000287,1000.000333,1000.000381,1000.000432,1000.000483,1000.000535,1000.000591,1000.000648,1000.000694,1000.000711,1000.000679,1000.000604,1000.000509,1000.000409,1000.000311,1000.000199,0.000000,0.000000,0.000000,0.000000,0.000000,0.000000,0.000000,0.000000,0.000000,0.000000
0.000000,0.000000,0.000000,0.000000,0.000000,0.000000,0.000000,0.000000,0.000000,1000.000165,1000.000280,1000.000383,1000.000484,1000.000581,1000.000662,1000.000708,1000.000703,1000.000659,1000.000600,1000.000542,1000.000488,1000.000435,1000.000383,1000.000333,1000.000285,1000.000239,1000.000194,1000.000151,1000.000110,1000.000070,1000.000033,999.999997,999.999963,999.999930,999.999900,999.999871,999.999844,999.999818,999.999795,999.999773,999.999753,999.999734,999.999718,999.999703,999.999690,999.999679,999.999669,999.999661,999.999655,999.999651,999.999648,999.999648,999.999648,999.999651,999.999655,999.999661,999.999669,999.999679,999.999690,999.999703,999.999718,999.999734,999.999753,999.999773,999.999795,999.999818,999.999844,999.999871,999.999900,999.999930,999.999963,999.999997,1000.000033,1000.000070,1000.000110,1000.000151,1000.000194,1000.000239,1000.000285,1000.000333,1000.000383,1000.000435,1000.000488,1000.000542,1000.000600,1000.000659,1000.000703,1000.000708,1000.000662,1000.000581,1000.000484,1000.000383,1000.000280,1000.000165,0.000000,0.000000,0.000000,0.000000,0.000000,0.000000,0.000000,0.000000,0.000000
0.000000,0.000000,0.000000,0.000000,0.000000,0.000000,0.000000,0.000000,0.000000,1000.000239,1000.000349,1000.000454,1000.000558,1000.000645,1000.000702,1000.000710,1000.000675,1000.000616,1000.000554,1000.000496,1000.000442,1000.000388,1000.000336,1000.000287,1000.000239,1000.000192,1000.000147,1000.000105,1000.000063,1000.000024,999.999986,999.999950,999.999916,999.999884,999.999853,999.999824,999.999797,999.999772,999.999748,999.999727,999.999706,999.999688,999.999672,999.999657,999.999644,999.999632,999.999623,999.999615,999.999609,999.999605,999.999602,999.999601,999.999602,999.999605,999.999609,999.999615,999.999623,999.999632,999.999644,999.999657,999.999672,999.999688,999.999706,999.999727,999.999748,999.999772,999.999797,999.999824,999.999853,999.999884,999.999916,999.999950,999.999986,1000.000024,1000.000063,1000.000105,1000.000147,1000.000192,1000.000239,1000.000287,1000.000336,1000.000388,1000.000442,1000.000496,1000.000554,1000.000616,1000.000675,1000.000710,1000.000702,1000.000645,1000.000558,1000.000454,1000.000349,1000.000239,0.000000,0.000000,0.000000,0.000000,0.000000,0.000000,0.000000,0.000000,0.000000
0.000000,0.000000,0.000000,0.000000,0.000000,0.000000,0.000000,0.000000,1000.000192,1000.000310,1000.000416,1000.000524,1000.000622,1000.000691,1000.000712,1000.000686,1000.000633,1000.000570,1000.000509,1000.000453,1000.000397,1000.000343,1000.000292,1000.000242,1000.000194,1000.000147,1000.000103,1000.000060,1000.000019,999.999979,999.999942,999.999906,999.999872,999.999839,999.999809,999.999780,999.999753,999.999727,999.999704,999.999682,999.999662,999.999644,999.999627,999.999612,999.999599,999.999588,999.999578,999.999570,999.999564,999.999560,999.999557,999.999556,999.999557,999.999560,999.999564,999.999570,999.999578,999.999588,999.999599,999.999612,999.999627,999.999644,999.999662,999.999682,999.999704,999.999727,999.999753,999.999780,999.999809,999.999839,999.999872,999.999906,999.999942,999.999979,1000.000019,1000.000060,1000.000103,1000.000147,1000.000194,1000.000242,1000.000292,1000.000343,1000.000397,1000.000453,1000.000509,1000.000570,1000.000633,1000.000686,1000.000712,1000.000691,1000.000622,1000.000524,1000.000416,1000.000310,1000.000192,0.000000,0.000000,0.000000,0.000000,0.000000,0.000000,0.000000,0.000000
0.000000,0.000000,0.000000,0.000000,0.000000,0.000000,0.000000,0.000000,1000.000259,1000.000372,1000.000480,1000.000587,1000.000673,1000.000710,1000.000694,1000.000646,1000.000586,1000.000525,1000.000467,1000.000410,1000.000354,1000.000301,1000.000249,1000.000199,1000.000151,1000.000105,1000.000060,1000.000017,999.999976,999.999937,999.999899,999.999863,999.999829,999.999797,999.999766,999.999737,999.999710,999.999685,999.999661,999.999639,999.999619,999.999601,999.999584,999.999569,999.999556,999.999545,999.999535,999.999527,999.999521,999.999517,999.999514,999.999514,999.999514,999.999517,999.999521,999.999527,999.999535,999.999545,999.999556,999.999569,999.999584,999.999601,999.999619,999.999639,999.999661,999.999685,999.999710,999.999737,999.999766,999.999797,999.999829,999.999863,999.999899,999.999937,999.999976,1000.000017,1000.000060,1000.000105,1000.000151,1000.000199,1000.000249,1000.000301,1000.000354,1000.000410,1000.000467,1000.000525,1000.000586,1000.000646,1000.000694,1000.000710,1000.000673,1000.000587,1000.000480,1000.000372,1000.000259,0.000000,0.000000,0.000000,0.000000,0.000000,0.000000,0.000000,0.000000
0.000000,0.000000,0.000000,0.000000,0.000000,0.000000,0.000000,1000.000202,1000.000323,1000.000432,1000.000542,1000.000641,1000.000702,1000.000706,1000.000664,1000.000604,1000.000542,1000.000483,1000.000425,1000.000368,1000.000313,1000.000260,1000.000208,1000.000158,1000.000110,1000.000063,1000.000019,999.999976,999.999935,999.999895,999.999858,999.999822,999.999788,999.999755,999.999725,999.999696,999.999669,999.999643,999.999620,999.999598,999.999578,999.999560,999.999543,999.999528,999.999515,999.999504,999.999494,999.999486,999.999480,999.999476,999.999473,999.999472,999.999473,999.999476,999.999480,999.999486,999.999494,999.999504,999.999515,999.999528,999.999543,999.999560,999.999578,999.999598,999.999620,999.999643,999.999669,999.999696,999.999725,999.999755,999.999788,999.999822,999.999858,999.999895,999.999935,999.999976,1000.000019,1000.000063,1000.000110,1000.000158,1000.000208,1000.000260,1000.000313,1000.000368,1000.000425,1000.000483,1000.000542,1000.000604,1000.000664,1000.000706,1000.000702,1000.000641,1000.000542,1000.000432,1000.000323,1000.000202,0.000000,0.000000,0.000000,0.000000,0.000000,0.000000,0.000000
0.000000,0.000000,0.000000,0.000000,0.000000,0.000000,0.000000,1000.000265,1000.000380,1000.000491,1000.000598,1000.000681,1000.000713,1000.000687,1000.000628,1000.000564,1000.000503,1000.000444,1000.000385,1000.000328,1000.000273,1000.000220,1000.000168,1000.000119,1000.000070,1000.000024,999.999979,999.999937,999.999895,999.999856,999.999818,999.999783,999.999748,999.999716,999.999685,999.999657,999.999629,999.999604,999.999580,999.999559,999.999539,999.999520,999.999504,999.999489,999.999476,999.999464,999.999455,999.999447,999.999441,999.999436,999.999434,999.999433,999.999434,999.999436,999.999441,999.999447,999.999455,999.999464,999.999476,999.999489,999.999504,999.999520,999.999539,999.999559,999.999580,999.999604,999.999629,999.999657,999.999685,999.999716,999.999748,999.999783,999.999818,999.999856,999.999895,999.999937,999.999979,1000.000024,1000.000070,1000.000119,1000.000168,1000.000220,1000.000273,1000.000328,1000.000385,1000.000444,1000.000503,1000.000564,1000.000628,1000.000687,1000.000713,1000.000681,1000.000598,1000.000491,1000.000380,1000.000265,0.000000,0.000000,0.000000,0.000000,0.000000,0.000000,0.000000
0.000000,0.000000,0.000000,0.000000,0.000000,0.000000,1000.000203,1000.000326,1000.000436,1000.000547,1000.000646,1000.000706,1000.000706,1000.000657,1000.000592,1000.000527,1000.000466,1000.000406,1000.000347,1000.000291,1000.000236,1000.000182,1000.000131,1000.000081,1000.000033,999.999986,999.999942,999.999899,999.999858,999.999818,999.999781,999.999745,999.999711,999.999678,999.999648,999.999619,999.999592,999.999566,999.999543,999.999521,999.999501,999.999483,999.999466,999.999451,999.999438,999.999427,999.999417,999.999409,999.999403,999.999399,999.999396,999.999395,999.999396,999.999399,999.999403,999.999409,999.999417,999.999427,999.999438,999.999451,999.999466,999.999483,999.999501,999.999521,999.999543,999.999566,999.999592,999.999619,999.999648,999.999678,999.999711,999.999745,999.999781,999.999818,999.999858,999.999899,999.999942,999.999986,1000.000033,1000.000081,1000.000131,1000.000182,1000.000236,1000.000291,1000.000347,1000.000406,1000.000466,1000.000527,1000.000592,1000.000657,1000.000706,1000.000706,1000.000646,1000.000547,1000.000436,1000.000326,1000.000203,0.000000,0.000000,0.000000,0.000000,0.000000,0.000000
0.000000,0.000000,0.000000,0.000000,0.000000,0.000000,1000.000261,1000.000378,1000.000491,1000.000599,1000.000683,1000.000714,1000.000685,1000.000624,1000.000556,1000.000492,1000.000430,1000.000369,1000.000311,1000.000255,1000.000200,1000.000146,1000.000095,1000.000045,999.999997,999.999950,999.999906,999.999863,999.999822,999.999783,999.999745,999.999709,999.999675,999.999643,999.999612,999.999583,999.999556,999.999531,999.999507,999.999485,999.999465,999.999447,999.999430,999.999415,999.999402,999.999391,999.999381,999.999373,999.999367,999.999363,999.999360,999.999359,999.999360,999.999363,999.999367,999.999373,999.999381,999.999391,999.999402,999.999415,999.999430,999.999447,999.999465,999.999485,999.999507,999.999531,999.999556,999.999583,999.999612,999.999643,999.999675,999.999709,999.999745,999.999783,999.999822,999.999863,999.999906,999.999950,999.999997,1000.000045,1000.000095,1000.000146,1000.000200,1000.000255,1000.000311,1000.000369,1000.000430,1000.000492,1000.000556,1000.000624,1000.000685,1000.000714,1000.000683,1000.000599,1000.000491,1000.000378,1000.000261,0.000000,0.000000,0.000000,0.000000,0.000000,0.000000
0.000000,0.000000,0.000000,0.000000,0.000000,1000.000194,1000.000318,1000.000431,1000.000544,1000.000645,1000.000706,1000.000706,1000.000656,1000.000589,1000.000522,1000.000458,1000.000396,1000.000335,1000.000277,1000.000220,1000.000165,1000.000112,1000.000061,1000.000011,999.999963,999.999916,999.999872,999.999829,999.999788,999.999748,999.999711,999.999675,999.999641,999.999608,999.999578,999.999549,999.999522,999.999497,999.999473,999.999451,999.999431,999.999413,999.999396,999.999381,999.999368,999.999357,999.999347,999.999339,999.999333,999.999329,999.999326,999.999325,999.999326,999.999329,999.999333,999.999339,999.999347,999.999357,999.999368,999.999381,999.999396,999.999413,999.999431,999.999451,999.999473,999.999497,999.999522,999.999549,999.999578,999.999608,999.999641,999.999675,999.999711,999.999748,999.999788,999.999829,999.999872,999.999916,999.999963,1000.000011,1000.000061,1000.000112,1000.000165,1000.000220,1000.000277,1000.000335,1000.000396,1000.000458,1000.000522,1000.000589,1000.000656,1000.000706,1000.000706,1000.000645,1000.000544,1000.000431,1000.000318,1000.000194,0.000000,0.000000,0.000000,0.000000,0.000000
0.000000,0.000000,0.000000,0.000000,0.000000,1000.000246,1000.000366,1000.000481,1000.000593,1000.000680,1000.000713,1000.000686,1000.000624,1000.000555,1000.000489,1000.000426,1000.000363,1000.000303,1000.000245,1000.000188,1000.000133,1000.000080,1000.000028,999.999978,999.999930,999.999884,999.999839,999.999797,999.999755,999.999716,999.999678,999.999643,999.999608,999.999576,999.999546,999.999517,999.999490,999.999464,999.999441,999.999419,999.999399,999.999380,999.999364,999.999349,999.999336,999.999324,999.999315,999.999307,999.999301,999.999296,999.999294,999.999293,999.999294,999.999296,999.999301,999.999307,999.999315,999.999324,999.999336,999.999349,999.999364,999.999380,999.999399,999.999419,999.999441,999.999464,999.999490,999.999517,999.999546,999.999576,999.999608,999.999643,999.999678,999.999716,999.999755,999.999797,999.999839,999.999884,999.999930,999.999978,1000.000028,1000.000080,1000.000133,1000.000188,1000.000245,1000.000303,1000.000363,1000.000426,1000.000489,1000.000555,1000.000624,1000.000686,1000.000713,1000.000680,1000.000593,1000.000481,1000.000366,1000.000246,0.000000,0.000000,0.000000,0.000000,0.000000
0.000000,0.000000,0.000000,0.000000,1000.000170,1000.000296,1000.000412,1000.000529,1000.000635,1000.000703,1000.000706,1000.000658,1000.000591,1000.000523,1000.000459,1000.000395,1000.000332,1000.000273,1000.000214,1000.000157,1000.000102,1000.000049,999.999997,999.999948,999.999900,999.999853,999.999809,999.999766,999.999725,999.999685,999.999648,999.999612,999.999578,999.999546,999.999515,999.999486,999.999459,999.999434,999.999410,999.999388,999.999368,999.999350,999.999333,999.999318,999.999305,999.999294,999.999284,999.999276,999.999270,999.999266,999.999263,999.999262,999.999263,999.999266,999.999270,999.999276,999.999284,999.999294,999.999305,999.999318,999.999333,999.999350,999.999368,999.999388,999.999410,999.999434,999.999459,999.999486,999.999515,999.999546,999.999578,999.999612,999.999648,999.999685,999.999725,999.999766,999.999809,999.999853,999.999900,999.999948,999.999997,1000.000049,1000.000102,1000.000157,1000.000214,1000.000273,1000.000332,1000.000395,1000.000459,1000.000523,1000.000591,1000.000658,1000.000706,1000.000703,1000.000635,1000.000529,1000.000412,1000.000296,1000.000170,0.000000,0.000000,0.000000,0.000000
0.000000,0.000000,0.000000,0.000000,1000.000216,1000.000338,1000.000454,1000.000572,1000.000669,1000.000711,1000.000690,1000.000629,1000.000560,1000.000494,1000.000429,1000.000365,1000.000304,1000.000244,1000.000185,1000.000128,1000.000073,1000.000020,999.999969,999.999919,999.999871,999.999824,999.999780,999.999737,999.999696,999.999657,999.999619,999.999583,999.999549,999.999517,999.999486,999.999457,999.999430,999.999405,999.999381,999.999359,999.999339,999.999321,999.999304,999.999289,999.999276,999.999265,999.999255,999.999247,999.999241,999.999237,999.999234,999.999233,999.999234,999.999237,999.999241,999.999247,999.999255,999.999265,999.999276,999.999289,999.999304,999.999321,999.999339,999.999359,999.999381,999.999405,999.999430,999.999457,999.999486,999.999517,999.999549,999.999583,999.999619,999.999657,999.999696,999.999737,999.999780,999.999824,999.999871,999.999919,999.999969,1000.000020,1000.000073,1000.000128,1000.000185,1000.000244,1000.000304,1000.000365,1000.000429,1000.000494,1000.000560,1000.000629,1000.000690,1000.000711,1000.000669,1000.000572,1000.000454,1000.000338,1000.000216,0.000000,0.000000,0.000000,0.000000
