0.000000,0.000000,0.000000,0.000000,0.000000,0.000000,0.000000,0.000000,0.000000,0.000000,0.000000,0.000000,0.000000,0.000000,0.000000,0.000000,0.000000,0.000000,0.000000,0.000000,0.000000,0.000000,0.000000,0.000000,0.000000,0.000000,0.000000,0.000000,0.000000,0.000000,0.000000,0.000000,0.000000,0.000000,0.000000,0.000000,0.000000,0.000000,0.000000,0.000000,0.000000,0.000000,0.000000,0.000000,0.000000,0.000000,0.000000,0.000000,0.000000,0.000000,0.000000,0.000000,0.000000,0.000000,0.000000,0.000000,0.000000,0.000000,0.000000,0.000000,0.000000,0.000000,0.000000,0.000000,0.000000,0.000000,0.000000,0.000000,0.000000,0.000000,0.000000,0.000000,0.000000,0.000000,0.000000,0.000000,0.000000,0.000000,0.000000,0.000000,0.000000,0.000000,0.000000,0.000000,0.000000,0.000000,0.000000,0.000000,0.000000,0.000000,0.000000,0.000000,0.000000,0.000000,0.000000,0.000000,0.000000,0.000000,0.000000,0.000000,0.000000,0.000000,0.000000
0.000000,0.000000,0.000000,0.000000,0.000000,0.000000,0.000000,0.000000,0.000000,0.000000,0.000000,0.000000,0.000000,0.000000,0.000000,0.000000,0.000000,0.000000,0.000000,0.000000,0.000000,0.000000,0.000000,0.000000,0.000000,0.000000,0.000000,0.000000,0.000000,0.000000,0.000000,0.000000,0.000000,0.000000,0.000000,0.000000,0.000000,0.000000,0.000000,0.000000,0.000000,0.000000,0.000000,0.000000,0.000000,0.000000,0.000000,0.000000,0.000000,0.000000,0.000000,1000.000095,0.000000,0.000000,0.000000,0.000000,0.000000,0.000000,0.000000,0.000000,0.000000,0.000000,0.000000,0.000000,0.000000,0.000000,0.000000,0.000000,0.000000,0.000000,0.000000,0.000000,0.000000,0.000000,0.000000,0.000000,0.000000,0.000000,0.000000,0.000000,0.000000,0.000000,0.000000,0.000000,0.000000,0.000000,0.000000,0.000000,0.000000,0.000000,0.000000,0.000000,0.000000,0.000000,0.000000,0.000000,0.000000,0.000000,0.000000,0.000000,0.000000,0.000000,0.000000
0.000000,0.000000,0.000000,0.000000,0.000000,0.000000,0.000000,0.000000,0.000000,0.000000,0.000000,0.000000,0.000000,0.000000,0.000000,0.000000,0.000000,0.000000,0.000000,0.000000,0.000000,0.000000,0.000000,0.000000,0.000000,0.000000,0.000000,0.000000,0.000000,0.000000,0.000000,0.000000,0.000000,0.000000,0.000000,0.000000,0.000000,0.000000,0.000000,0.000000,0.000000,0.000000,1000.000173,1000.000201,1000.000215,1000.000223,1000.000227,1000.000228,1000.000229,1000.000227,1000.000226,1000.000233,1000.000226,1000.000227,1000.000229,1000.000228,1000.000227,1000.000223,1000.000215,1000.000201,1000.000173,0.000000,0.000000,0.000000,0.000000,0.000000,0.000000,0.000000,0.000000,0.000000,0.000000,0.000000,0.000000,0.000000,0.000000,0.000000,0.000000,0.000000,0.000000,0.000000,0.000000,0.000000,0.000000,0.000000,0.000000,0.000000,0.000000,0.000000,0.000000,0.000000,0.000000,0.000000,0.000000,0.000000,0.000000,0.000000,0.000000,0.000000,0.000000,0.000000,0.000000,0.000000,0.000000
0.000000,0.000000,0.000000,0.000000,0.000000,0.000000,0.000000,0.000000,0.000000,0.000000,0.000000,0.000000,0.000000,0.000000,0.000000,0.000000,0.000000,0.000000,0.000000,0.000000,0.000000,0.000000,0.000000,0.000000,0.000000,0.000000,0.000000,0.000000,0.000000,0.000000,0.000000,0.000000,0.000000,0.000000,0.000000,0.000000,0.000000,1000.000167,1000.000208,1000.000241,1000.000268,1000.000289,1000.000310,1000.000328,1000.000342,1000.000351,1000.000357,1000.000359,1000.000360,1000.000361,1000.000360,1000.000361,1000.000360,1000.000361,1000.000360,1000.000359,1000.000357,1000.000351,1000.000342,1000.000328,1000.000310,1000.000289,1000.000268,1000.000241,1000.000208,1000.000167,0.000000,0.000000,0.000000,0.000000,0.000000,0.000000,0.000000,0.000000,0.000000,0.000000,0.000000,0.000000,0.000000,0.000000,0.000000,0.000000,0.000000,0.000000,0.000000,0.000000,0.000000,0.000000,0.000000,0.000000,0.000000,0.000000,0.000000,0.000000,0.000000,0.000000,0.000000,0.000000,0.000000,0.000000,0.000000,0.000000,0.000000
0.000000,0.000000,0.000000,0.000000,0.000000,0.000000,0.000000,0.000000,0.000000,0.000000,0.000000,0.000000,0.000000,0.000000,0.000000,0.000000,0.000000,0.000000,0.000000,0.000000,0.000000,0.000000,0.000000,0.000000,0.000000,0.000000,0.000000,0.000000,0.000000,0.000000,0.000000,0.000000,0.000000,0.000000,1000.000174,1000.000221,1000.000260,1000.000299,1000.000333,1000.000364,1000.000393,1000.000417,1000.000439,1000.000457,1000.000470,1000.000478,1000.000484,1000.000486,1000.000488,1000.000489,1000.000489,1000.000489,1000.000489,1000.000489,1000.000488,1000.000486,1000.000484,1000.000478,1000.000470,1000.000457,1000.000439,1000.000417,1000.000393,1000.000364,1000.000333,1000.000299,1000.000260,1000.000221,1000.000174,0.000000,0.000000,0.000000,0.000000,0.000000,0.000000,0.000000,0.000000,0.000000,0.000000,0.000000,0.000000,0.000000,0.000000,0.000000,0.000000,0.000000,0.000000,0.000000,0.000000,0.000000,0.000000,0.000000,0.000000,0.000000,0.000000,0.000000,0.000000,0.000000,0.000000,0.000000,0.000000,0.000000,0.000000
0.000000,0.000000,0.000000,0.000000,0.000000,0.000000,0.000000,0.000000,0.000000,0.000000,0.000000,0.000000,0.000000,0.000000,0.000000,0.000000,0.000000,0.000000,0.000000,0.000000,0.000000,0.000000,0.000000,0.000000,0.000000,0.000000,0.000000,0.000000,0.000000,0.000000,0.000000,0.000000,1000.000198,1000.000251,1000.000303,1000.000345,1000.000384,1000.000422,1000.000456,1000.000487,1000.000515,1000.000542,1000.000566,1000.000584,1000.000595,1000.000602,1000.000606,1000.000608,1000.000609,1000.000609,1000.000610,1000.000610,1000.000610,1000.000609,1000.000609,1000.000608,1000.000606,1000.000602,1000.000595,1000.000584,1000.000566,1000.000542,1000.000515,1000.000487,1000.000456,1000.000422,1000.000384,1000.000345,1000.000303,1000.000251,1000.000198,0.000000,0.000000,0.000000,0.000000,0.000000,0.000000,0.000000,0.000000,0.000000,0.000000,0.000000,0.000000,0.000000,0.000000,0.000000,0.000000,0.000000,0.000000,0.000000,0.000000,0.000000,0.000000,0.000000,0.000000,0.000000,0.000000,0.000000,0.000000,0.000000,0.000000,0.000000,0.000000
0.000000,0.000000,0.000000,0.000000,0.000000,0.000000,0.000000,0.000000,0.000000,0.000000,0.000000,0.000000,0.000000,0.000000,0.000000,0.000000,0.000000,0.000000,0.000000,0.000000,0.000000,0.000000,0.000000,0.000000,0.000000,0.000000,0.000000,0.000000,0.000000,0.000000,1000.000208,1000.000267,1000.000325,1000.000374,1000.000421,1000.000465,1000.000507,1000.000545,1000.000578,1000.000607,1000.000631,1000.000653,1000.000672,1000.000684,1000.000691,1000.000695,1000.000697,1000.000698,1000.000698,1000.000698,1000.000698,1000.000698,1000.000698,1000.000698,1000.000698,1000.000698,1000.000697,1000.000695,1000.000691,1000.000684,1000.000672,1000.000653,1000.000631,1000.000607,1000.000578,1000.000545,1000.000507,1000.000465,1000.000421,1000.000374,1000.000325,1000.000267,1000.000208,0.000000,0.000000,0.000000,0.000000,0.000000,0.000000,0.000000,0.000000,0.000000,0.000000,0.000000,0.000000,0.000000,0.000000,0.000000,0.000000,0.000000,0.000000,0.000000,0.000000,0.000000,0.000000,0.000000,0.000000,0.000000,0.000000,0.000000,0.000000,0.000000,0.000000
0.000000,0.000000,0.000000,0.000000,0.000000,0.000000,0.000000,0.000000,0.000000,0.000000,0.000000,0.000000,0.000000,0.000000,0.000000,0.000000,0.000000,0.000000,0.000000,0.000000,0.000000,0.000000,0.000000,0.000000,0.000000,0.000000,0.000000,0.000000,1000.000207,1000.000271,1000.000333,1000.000387,1000.000441,1000.000492,1000.000541,1000.000585,1000.000622,1000.000655,1000.000681,1000.000698,1000.000710,1000.000718,1000.000720,1000.000719,1000.000718,1000.000716,1000.000715,1000.000715,1000.000714,1000.000713,1000.000713,1000.000713,1000.000713,1000.000713,1000.000714,1000.000715,1000.000715,1000.000716,1000.000718,1000.000719,1000.000720,1000.000718,1000.000710,1000.000698,1000.000681,1000.000655,1000.000622,1000.000585,1000.000541,1000.000492,1000.000441,1000.000387,1000.000333,1000.000271,1000.000207,0.000000,0.000000,0.000000,0.000000,0.000000,0.000000,0.000000,0.000000,0.000000,0.000000,0.000000,0.000000,0.000000,0.000000,0.000000,0.000000,0.000000,0.000000,0.000000,0.000000,0.000000,0.000000,0.000000,0.000000,0.000000,0.000000,0.000000,0.000000
0.000000,0.000000,0.000000,0.000000,0.000000,0.000000,0.000000,0.000000,0.000000,0.000000,0.000000,0.000000,0.000000,0.000000,0.000000,0.000000,0.000000,0.000000,0.000000,0.000000,0.000000,0.000000,0.000000,0.000000,0.000000,0.000000,1000.000196,1000.000265,1000.000331,1000.000389,1000.000446,1000.000502,1000.000556,1000.000606,1000.000649,1000.000683,1000.000706,1000.000720,1000.000726,1000.000725,1000.000720,1000.000711,1000.000697,1000.000684,1000.000674,1000.000668,1000.000665,1000.000662,1000.000661,1000.000659,1000.000658,1000.000658,1000.000658,1000.000659,1000.000661,1000.000662,1000.000665,1000.000668,1000.000674,1000.000684,1000.000697,1000.000711,1000.000720,1000.000725,1000.000726,1000.000720,1000.000706,1000.000683,1000.000649,1000.000606,1000.000556,1000.000502,1000.000446,1000.000389,1000.000331,1000.000265,1000.000196,0.000000,0.000000,0.000000,0.000000,0.000000,0.000000,0.000000,0.000000,0.000000,0.000000,0.000000,0.000000,0.000000,0.000000,0.000000,0.000000,0.000000,0.000000,0.000000,0.000000,0.000000,0.000000,0.000000,0.000000,0.000000,0.000000
0.000000,0.000000,0.000000,0.000000,0.000000,0.000000,0.000000,0.000000,0.000000,0.000000,0.000000,0.000000,0.000000,0.000000,0.000000,0.000000,0.000000,0.000000,0.000000,0.000000,0.000000,0.000000,0.000000,0.000000,1000.000169,1000.000244,1000.000317,1000.000380,1000.000442,1000.000502,1000.000560,1000.000613,1000.000659,1000.000695,1000.000718,1000.000727,1000.000726,1000.000717,1000.000702,1000.000685,1000.000669,1000.000651,1000.000633,1000.000616,1000.000604,1000.000596,1000.000590,1000.000586,1000.000583,1000.000581,1000.000580,1000.000579,1000.000580,1000.000581,1000.000583,1000.000586,1000.000590,1000.000596,1000.000604,1000.000616,1000.000633,1000.000651,1000.000669,1000.000685,1000.000702,1000.000717,1000.000726,1000.000727,1000.000718,1000.000695,1000.000659,1000.000613,1000.000560,1000.000502,1000.000442,1000.000380,1000.000317,1000.000244,1000.000169,0.000000,0.000000,0.000000,0.000000,0.000000,0.000000,0.000000,0.000000,0.000000,0.000000,0.000000,0.000000,0.000000,0.000000,0.000000,0.000000,0.000000,0.000000,0.000000,0.000000,0.000000,0.000000,0.000000,0.000000
0.000000,0.000000,0.000000,0.000000,0.000000,0.000000,0.000000,0.000000,0.000000,0.000000,0.000000,0.000000,0.000000,0.000000,0.000000,0.000000,0.000000,0.000000,0.000000,0.000000,0.000000,0.000000,0.000000,1000.000203,1000.000286,1000.000357,1000.000426,1000.000491,1000.000554,1000.000611,1000.000660,1000.000698,1000.000721,1000.000729,1000.000722,1000.000705,1000.000684,1000.000661,1000.000637,1000.000615,1000.000595,1000.000577,1000.000560,1000.000544,1000.000532,1000.000523,1000.000515,1000.000510,1000.000506,1000.000503,1000.000502,1000.000501,1000.000502,1000.000503,1000.000506,1000.000510,1000.000515,1000.000523,1000.000532,1000.000544,1000.000560,1000.000577,1000.000595,1000.000615,1000.000637,1000.000661,1000.000684,1000.000705,1000.000722,1000.000729,1000.000721,1000.000698,1000.000660,1000.000611,1000.000554,1000.000491,1000.000426,1000.000357,1000.000286,1000.000203,0.000000,0.000000,0.000000,0.000000,0.000000,0.000000,0.000000,0.000000,0.000000,0.000000,0.000000,0.000000,0.000000,0.000000,0.000000,0.000000,0.000000,0.000000,0.000000,0.000000,0.000000,0.000000,0.000000
0.000000,0.000000,0.000000,0.000000,0.000000,0.000000,0.000000,0.000000,0.000000,0.000000,0.000000,0.000000,0.000000,0.000000,0.000000,0.000000,0.000000,0.000000,0.000000,0.000000,0.000000,1000.000150,1000.000235,1000.000318,1000.000391,1000.000464,1000.000536,1000.000600,1000.000655,1000.000696,1000.000721,1000.000729,1000.000722,1000.000701,1000.000673,1000.000644,1000.000615,1000.000589,1000.000565,1000.000543,1000.000523,1000.000505,1000.000488,1000.000473,1000.000461,1000.000451,1000.000443,1000.000437,1000.000432,1000.000429,1000.000427,1000.000427,1000.000427,1000.000429,1000.000432,1000.000437,1000.000443,1000.000451,1000.000461,1000.000473,1000.000488,1000.000505,1000.000523,1000.000543,1000.000565,1000.000589,1000.000615,1000.000644,1000.000673,1000.000701,1000.000722,1000.000729,1000.000721,1000.000696,1000.000655,1000.000600,1000.000536,1000.000464,1000.000391,1000.000318,1000.000235,1000.000150,0.000000,0.000000,0.000000,0.000000,0.000000,0.000000,0.000000,0.000000,0.000000,0.000000,0.000000,0.000000,0.000000,0.000000,0.000000,0.000000,0.000000,0.000000,0.000000,0.000000,0.000000
0.000000,0.000000,0.000000,0.000000,0.000000,0.000000,0.000000,0.000000,0.000000,0.000000,0.000000,0.000000,0.000000,0.000000,0.000000,0.000000,0.000000,0.000000,0.000000,0.000000,1000.000175,1000.000265,1000.000342,1000.000419,1000.000495,1000.000570,1000.000636,1000.000687,1000.000718,1000.000728,1000.000721,1000.000700,1000.000671,1000.000638,1000.000604,1000.000573,1000.000545,1000.000519,1000.000495,1000.000473,1000.000453,1000.000434,1000.000418,1000.000403,1000.000391,1000.000380,1000.000372,1000.000365,1000.000360,1000.000357,1000.000355,1000.000354,1000.000355,1000.000357,1000.000360,1000.000365,1000.000372,1000.000380,1000.000391,1000.000403,1000.000418,1000.000434,1000.000453,1000.000473,1000.000495,1000.000519,1000.000545,1000.000573,1000.000604,1000.000638,1000.000671,1000.000700,1000.000721,1000.000728,1000.000718,1000.000687,1000.000636,1000.000570,1000.000495,1000.000419,1000.000342,1000.000265,1000.000175,0.000000,0.000000,0.000000,0.000000,0.000000,0.000000,0.000000,0.000000,0.000000,0.000000,0.000000,0.000000,0.000000,0.000000,0.000000,0.000000,0.000000,0.000000,0.000000,0.000000
0.000000,0.000000,0.000000,0.000000,0.000000,0.000000,0.000000,0.000000,0.000000,0.000000,0.000000,0.000000,0.000000,0.000000,0.000000,0.000000,0.000000,0.000000,0.000000,1000.000195,1000.000287,1000.000367,1000.000444,1000.000521,1000.000594,1000.000660,1000.000706,1000.000726,1000.000722,1000.000702,1000.000672,1000.000638,1000.000602,1000.000567,1000.000535,1000.000505,1000.000477,1000.000451,1000.000427,1000.000405,1000.000384,1000.000366,1000.000350,1000.000335,1000.000322,1000.000312,1000.000303,1000.000296,1000.000290,1000.000287,1000.000284,1000.000284,1000.000284,1000.000287,1000.000290,1000.000296,1000.000303,1000.000312,1000.000322,1000.000335,1000.000350,1000.000366,1000.000384,1000.000405,1000.000427,1000.000451,1000.000477,1000.000505,1000.000535,1000.000567,1000.000602,1000.000638,1000.000672,1000.000702,1000.000722,1000.000726,1000.000706,1000.000660,1000.000594,1000.000521,1000.000444,1000.000367,1000.000287,1000.000195,0.000000,0.000000,0.000000,0.000000,0.000000,0.000000,0.000000,0.000000,0.000000,0.000000,0.000000,0.000000,0.000000,0.000000,0.000000,0.000000,0.000000,0.000000,0.000000
0.000000,0.000000,0.000000,0.000000,0.000000,0.000000,0.000000,0.000000,0.000000,0.000000,0.000000,0.000000,0.000000,0.000000,0.000000,0.000000,0.000000,0.000000,1000.000207,1000.000303,1000.000386,1000.000467,1000.000547,1000.000618,1000.000677,1000.000717,1000.000727,1000.000710,1000.000679,1000.000643,1000.000605,1000.000568,1000.000533,1000.000500,1000.000469,1000.000439,1000.000411,1000.000384,1000.000360,1000.000338,1000.000318,1000.000300,1000.000283,1000.000268,1000.000255,1000.000245,1000.000235,1000.000228,1000.000223,1000.000219,1000.000216,1000.000216,1000.000216,1000.000219,1000.000223,1000.000228,1000.000235,1000.000245,1000.000255,1000.000268,1000.000283,1000.000300,1000.000318,1000.000338,1000.000360,1000.000384,1000.000411,1000.000439,1000.000469,1000.000500,1000.000533,1000.000568,1000.000605,1000.000643,1000.000679,1000.000710,1000.000727,1000.000717,1000.000677,1000.000618,1000.000547,1000.000467,1000.000386,1000.000303,1000.000207,0.000000,0.000000,0.000000,0.000000,0.000000,0.000000,0.000000,0.000000,0.000000,0.000000,0.000000,0.000000,0.000000,0.000000,0.000000,0.000000,0.000000,0.000000
0.000000,0.000000,0.000000,0.000000,0.000000,0.000000,0.000000,0.000000,0.000000,0.000000,0.000000,0.000000,0.000000,0.000000,0.000000,0.000000,0.000000,1000.000214,1000.000312,1000.000399,1000.000484,1000.000567,1000.000640,1000.000694,1000.000724,1000.000726,1000.000701,1000.000661,1000.000617,1000.000576,1000.000539,1000.000503,1000.000468,1000.000435,1000.000404,1000.000374,1000.000346,1000.000320,1000.000296,1000.000274,1000.000253,1000.000235,1000.000218,1000.000203,1000.000190,1000.000179,1000.000170,1000.000163,1000.000157,1000.000153,1000.000150,1000.000149,1000.000150,1000.000153,1000.000157,1000.000163,1000.000170,1000.000179,1000.000190,1000.000203,1000.000218,1000.000235,1000.000253,1000.000274,1000.000296,1000.000320,1000.000346,1000.000374,1000.000404,1000.000435,1000.000468,1000.000503,1000.000539,1000.000576,1000.000617,1000.000661,1000.000701,1000.000726,1000.000724,1000.000694,1000.000640,1000.000567,1000.000484,1000.000399,1000.000312,1000.000214,0.000000,0.000000,0.000000,0.000000,0.000000,0.000000,0.000000,0.000000,0.000000,0.000000,0.000000,0.000000,0.000000,0.000000,0.000000,0.000000,0.000000
0.000000,0.000000,0.000000,0.000000,0.000000,0.000000,0.000000,0.000000,0.000000,0.000000,0.000000,0.000000,0.000000,0.000000,0.000000,0.000000,1000.000216,1000.000316,1000.000405,1000.000493,1000.000579,1000.000654,1000.000706,1000.000727,1000.000719,1000.000690,1000.000647,1000.000599,1000.000554,1000.000514,1000.000476,1000.000440,1000.000405,1000.000371,1000.000340,1000.000310,1000.000283,1000.000257,1000.000233,1000.000210,1000.000190,1000.000171,1000.000155,1000.000140,1000.000127,1000.000116,1000.000106,1000.000099,1000.000093,1000.000089,1000.000086,1000.000085,1000.000086,1000.000089,1000.000093,1000.000099,1000.000106,1000.000116,1000.000127,1000.000140,1000.000155,1000.000171,1000.000190,1000.000210,1000.000233,1000.000257,1000.000283,1000.000310,1000.000340,1000.000371,1000.000405,1000.000440,1000.000476,1000.000514,1000.000554,1000.000599,1000.000647,1000.000690,1000.000719,1000.000727,1000.000706,1000.000654,1000.000579,1000.000493,1000.000405,1000.000316,1000.000216,0.000000,0.000000,0.000000,0.000000,0.000000,0.000000,0.000000,0.000000,0.000000,0.000000,0.000000,0.000000,0.000000,0.000000,0.000000,0.000000
0.000000,0.000000,0.000000,0.000000,0.000000,0.000000,0.000000,0.000000,0.000000,0.000000,0.000000,0.000000,0.000000,0.000000,0.000000,1000.000214,1000.000316,1000.000407,1000.000497,1000.000585,1000.000660,1000.000712,1000.000727,1000.000709,1000.000674,1000.000630,1000.000583,1000.000536,1000.000494,1000.000454,1000.000415,1000.000378,1000.000343,1000.000310,1000.000279,1000.000249,1000.000221,1000.000195,1000.000171,1000.000149,1000.000128,1000.000110,1000.000093,1000.000078,1000.000065,1000.000054,1000.000044,1000.000037,1000.000031,1000.000027,1000.000024,1000.000023,1000.000024,1000.000027,1000.000031,1000.000037,1000.000044,1000.000054,1000.000065,1000.000078,1000.000093,1000.000110,1000.000128,1000.000149,1000.000171,1000.000195,1000.000221,1000.000249,1000.000279,1000.000310,1000.000343,1000.000378,1000.000415,1000.000454,1000.000494,1000.000536,1000.000583,1000.000630,1000.000674,1000.000709,1000.000727,1000.000712,1000.000660,1000.000585,1000.000497,1000.000407,1000.000316,1000.000214,0.000000,0.000000,0.000000,0.000000,0.000000,0.000000,0.000000,0.000000,0.000000,0.000000,0.000000,0.000000,0.000000,0.000000,0.000000
0.000000,0.000000,0.000000,0.000000,0.000000,0.000000,0.000000,0.000000,0.000000,0.000000,0.000000,0.000000,0.000000,0.000000,1000.000207,1000.000312,1000.000405,1000.000497,1000.000586,1000.000663,1000.000714,1000.000727,1000.000704,1000.000662,1000.000614,1000.000566,1000.000521,1000.000477,1000.000435,1000.000394,1000.000355,1000.000318,1000.000283,1000.000250,1000.000219,1000.000189,1000.000161,1000.000136,1000.000111,1000.000089,1000.000069,1000.000050,1000.000033,1000.000018,1000.000005,999.999994,999.999984,999.999977,999.999971,999.999966,999.999964,999.999963,999.999964,999.999966,999.999971,999.999977,999.999984,999.999994,1000.000005,1000.000018,1000.000033,1000.000050,1000.000069,1000.000089,1000.000111,1000.000136,1000.000161,1000.000189,1000.000219,1000.000250,1000.000283,1000.000318,1000.000355,1000.000394,1000.000435,1000.000477,1000.000521,1000.000566,1000.000614,1000.000662,1000.000704,1000.000727,1000.000714,1000.000663,1000.000586,1000.000497,1000.000405,1000.000312,1000.000207,0.000000,0.000000,0.000000,0.000000,0.000000,0.000000,0.000000,0.000000,0.000000,0.000000,0.000000,0.000000,0.000000,0.000000
0.000000,0.000000,0.000000,0.000000,0.000000,0.000000,0.000000,0.000000,0.000000,0.000000,0.000000,0.000000,0.000000,1000.000195,1000.000303,1000.000399,1000.000493,1000.000585,1000.000663,1000.000715,1000.000728,1000.000702,1000.000657,1000.000605,1000.000554,1000.000508,1000.000463,1000.000419,1000.000376,1000.000336,1000.000297,1000.000260,1000.000225,1000.000192,1000.000161,1000.000131,1000.000104,1000.000078,1000.000053,1000.000031,1000.000011,999.999992,999.999975,999.999960,999.999947,999.999936,999.999926,999.999918,999.999912,999.999908,999.999905,999.999904,999.999905,999.999908,999.999912,999.999918,999.999926,999.999936,999.999947,999.999960,999.999975,999.999992,1000.000011,1000.000031,1000.000053,1000.000078,1000.000104,1000.000131,1000.000161,1000.000192,1000.000225,1000.000260,1000.000297,1000.000336,1000.000376,1000.000419,1000.000463,1000.000508,1000.000554,1000.000605,1000.000657,1000.000702,1000.000728,1000.000715,1000.000663,1000.000585,1000.000493,1000.000399,1000.000303,1000.000195,0.000000,0.000000,0.000000,0.000000,0.000000,0.000000,0.000000,0.000000,0.000000,0.000000,0.000000,0.000000,0.000000
0.000000,0.000000,0.000000,0.000000,0.000000,0.000000,0.000000,0.000000,0.000000,0.000000,0.000000,0.000000,1000.000175,1000.000287,1000.000386,1000.000484,1000.000579,1000.000660,1000.000714,1000.000728,1000.000702,1000.000655,1000.000601,1000.000547,1000.000499,1000.000452,1000.000406,1000.000362,1000.000320,1000.000280,1000.000241,1000.000204,1000.000169,1000.000136,1000.000105,1000.000075,1000.000047,1000.000021,999.999997,999.999975,999.999955,999.999936,999.999919,999.999904,999.999891,999.999879,999.999870,999.999862,999.999856,999.999851,999.999849,999.999848,999.999849,999.999851,999.999856,999.999862,999.999870,999.999879,999.999891,999.999904,999.999919,999.999936,999.999955,999.999975,999.999997,1000.000021,1000.000047,1000.000075,1000.000105,1000.000136,1000.000169,1000.000204,1000.000241,1000.000280,1000.000320,1000.000362,1000.000406,1000.000452,1000.000499,1000.000547,1000.000601,1000.000655,1000.000702,1000.000728,1000.000714,1000.000660,1000.000579,1000.000484,1000.000386,1000.000287,1000.000175,0.000000,0.000000,0.000000,0.000000,0.000000,0.000000,0.000000,0.000000,0.000000,0.000000,0.000000,0.000000
0.000000,0.000000,0.000000,0.000000,0.000000,0.000000,0.000000,0.000000,0.000000,0.000000,0.000000,1000.000150,1000.000265,1000.000367,1000.000467,1000.000567,1000.000654,1000.000712,1000.000727,1000.000702,1000.000655,1000.000599,1000.000544,1000.000494,1000.000445,1000.000397,1000.000351,1000.000307,1000.000265,1000.000225,1000.000186,1000.000150,1000.000115,1000.000081,1000.000050,1000.000021,999.999993,999.999967,999.999943,999.999921,999.999900,999.999881,999.999865,999.999849,999.999836,999.999825,999.999815,999.999807,999.999801,999.999797,999.999794,999.999793,999.999794,999.999797,999.999801,999.999807,999.999815,999.999825,999.999836,999.999849,999.999865,999.999881,999.999900,999.999921,999.999943,999.999967,999.999993,1000.000021,1000.000050,1000.000081,1000.000115,1000.000150,1000.000186,1000.000225,1000.000265,1000.000307,1000.000351,1000.000397,1000.000445,1000.000494,1000.000544,1000.000599,1000.000655,1000.000702,1000.000727,1000.000712,1000.000654,1000.000567,1000.000467,1000.000367,1000.000265,1000.000150,0.000000,0.000000,0.000000,0.000000,0.000000,0.000000,0.000000,0.000000,0.000000,0.000000,0.000000
0.000000,0.000000,0.000000,0.000000,0.000000,0.000000,0.000000,0.000000,0.000000,0.000000,0.000000,1000.000235,1000.000342,1000.000444,1000.000547,1000.000640,1000.000706,1000.000727,1000.000704,1000.000657,1000.000601,1000.000544,1000.000492,1000.000442,1000.000392,1000.000344,1000.000299,1000.000255,1000.000213,1000.000172,1000.000134,1000.000097,1000.000062,1000.000029,999.999997,999.999968,999.999940,999.999914,999.999890,999.999868,999.999847,999.999829,999.999812,999.999797,999.999783,999.999772,999.999762,999.999754,999.999748,999.999744,999.999741,999.999740,999.999741,999.999744,999.999748,999.999754,999.999762,999.999772,999.999783,999.999797,999.999812,999.999829,999.999847,999.999868,999.999890,999.999914,999.999940,999.999968,999.999997,1000.000029,1000.000062,1000.000097,1000.000134,1000.000172,1000.000213,1000.000255,1000.000299,1000.000344,1000.000392,1000.000442,1000.000492,1000.000544,1000.000601,1000.000657,1000.000704,1000.000727,1000.000706,1000.000640,1000.000547,1000.000444,1000.000342,1000.000235,0.000000,0.000000,0.000000,0.000000,0.000000,0.000000,0.000000,0.000000,0.000000,0.000000,0.000000
0.000000,0.000000,0.000000,0.000000,0.000000,0.000000,0.000000,0.000000,0.000000,0.000000,1000.000203,1000.000318,1000.000419,1000.000521,1000.000618,1000.000694,1000.000727,1000.000709,1000.000662,1000.000605,1000.000547,1000.000494,1000.000442,1000.000390,1000.000340,1000.000293,1000.000248,1000.000204,1000.000161,1000.000121,1000.000083,1000.000046,1000.000011,999.999978,999.999947,999.999917,999.999889,999.999863,999.999839,999.999817,999.999796,999.999778,999.999761,999.999746,999.999732,999.999721,999.999711,999.999703,999.999697,999.999693,999.999690,999.999689,999.999690,999.999693,999.999697,999.999703,999.999711,999.999721,999.999732,999.999746,999.999761,999.999778,999.999796,999.999817,999.999839,999.999863,999.999889,999.999917,999.999947,999.999978,1000.000011,1000.000046,1000.000083,1000.000121,1000.000161,1000.000204,1000.000248,1000.000293,1000.000340,1000.000390,1000.000442,1000.000494,1000.000547,1000.000605,1000.000662,1000.000709,1000.000727,1000.000694,1000.000618,1000.000521,1000.000419,1000.000318,1000.000203,0.000000,0.000000,0.000000,0.000000,0.000000,0.000000,0.000000,0.000000,0.000000,0.000000
0.000000,0.000000,0.000000,0.000000,0.000000,0.000000,0.000000,0.000000,0.000000,1000.000169,1000.000286,1000.000391,1000.000495,1000.000594,1000.000677,1000.000724,1000.000719,1000.000674,1000.000614,1000.000554,1000.000499,1000.000445,1000.000392,1000.000340,1000.000292,1000.000244,1000.000198,1000.000154,1000.000112,1000.000072,1000.000033,999.999997,999.999962,999.999929,999.999897,999.999868,999.999840,999.999814,999.999790,999.999768,999.999747,999.999729,999.999712,999.999697,999.999683,999.999672,999.999662,999.999654,999.999648,999.999643,999.999641,999.999640,999.999641,999.999643,999.999648,999.999654,999.999662,999.999672,999.999683,999.999697,999.999712,999.999729,999.999747,999.999768,999.999790,999.999814,999.999840,999.999868,999.999897,999.999929,999.999962,999.999997,1000.000033,1000.000072,1000.000112,1000.000154,1000.000198,1000.000244,1000.000292,1000.000340,1000.000392,1000.000445,1000.000499,1000.000554,1000.000614,1000.000674,1000.000719,1000.000724,1000.000677,1000.000594,1000.000495,1000.000391,1000.000286,1000.000169,0.000000,0.000000,0.000000,0.000000,0.000000,0.000000,0.000000,0.000000,0.000000
0.000000,0.000000,0.000000,0.000000,0.000000,0.000000,0.000000,0.000000,0.000000,1000.000244,1000.000357,1000.000464,1000.000570,1000.000660,1000.000717,1000.000726,1000.000690,1000.000630,1000.000566,1000.000508,1000.000452,1000.000397,1000.000344,1000.000293,1000.000244,1000.000197,1000.000151,1000.000107,1000.000065,1000.000025,999.999986,999.999949,999.999914,999.999881,999.999850,999.999821,999.999793,999.999767,999.999743,999.999720,999.999700,999.999681,999.999664,999.999649,999.999636,999.999624,999.999614,999.999606,999.999600,999.999596,999.999593,999.999592,999.999593,999.999596,999.999600,999.999606,999.999614,999.999624,999.999636,999.999649,999.999664,999.999681,999.999700,999.999720,999.999743,999.999767,999.999793,999.999821,999.999850,999.999881,999.999914,999.999949,999.999986,1000.000025,1000.000065,1000.000107,1000.000151,1000.000197,1000.000244,1000.000293,1000.000344,1000.000397,1000.000452,1000.000508,1000.000566,1000.000630,1000.000690,1000.000726,1000.000717,1000.000660,1000.000570,1000.000464,1000.000357,1000.000244,0.000000,0.000000,0.000000,0.000000,0.000000,0.000000,0.000000,0.000000,0.000000
0.000000,0.000000,0.000000,0.000000,0.000000,0.000000,0.000000,0.000000,1000.000196,1000.000317,1000.000426,1000.000536,1000.000636,1000.000706,1000.000727,1000.000701,1000.000647,1000.000583,1000.000521,1000.000463,1000.000406,1000.000351,1000.000299,1000.000248,1000.000198,1000.000151,1000.000105,1000.000061,1000.000019,999.999979,999.999941,999.999904,999.999869,999.999836,999.999804,999.999775,999.999747,999.999721,999.999697,999.999675,999.999654,999.999636,999.999619,999.999603,999.999590,999.999579,999.999569,999.999561,999.999555,999.999550,999.999547,999.999547,999.999547,999.999550,999.999555,999.999561,999.999569,999.999579,999.999590,999.999603,999.999619,999.999636,999.999654,999.999675,999.999697,999.999721,999.999747,999.999775,999.999804,999.999836,999.999869,999.999904,999.999941,999.999979,1000.000019,1000.000061,1000.000105,1000.000151,1000.000198,1000.000248,1000.000299,1000.000351,1000.000406,1000.000463,1000.000521,1000.000583,1000.000647,1000.000701,1000.000727,1000.000706,1000.000636,1000.000536,1000.000426,1000.000317,1000.000196,0.000000,0.000000,0.000000,0.000000,0.000000,0.000000,0.000000,0.000000
0.000000,0.000000,0.000000,0.000000,0.000000,0.000000,0.000000,0.000000,1000.000265,1000.000380,1000.000491,1000.000600,1000.000687,1000.000726,1000.000710,1000.000661,1000.000599,1000.000536,1000.000477,1000.000419,1000.000362,1000.000307,1000.000255,1000.000204,1000.000154,1000.000107,1000.000061,1000.000017,999.999975,999.999935,999.999897,999.999860,999.999825,999.999792,999.999761,999.999731,999.999703,999.999678,999.999653,999.999631,999.999611,999.999592,999.999575,999.999560,999.999546,999.999535,999.999525,999.999517,999.999511,999.999506,999.999504,999.999503,999.999504,999.999506,999.999511,999.999517,999.999525,999.999535,999.999546,999.999560,999.999575,999.999592,999.999611,999.999631,999.999653,999.999678,999.999703,999.999731,999.999761,999.999792,999.999825,999.999860,999.999897,999.999935,999.999975,1000.000017,1000.000061,1000.000107,1000.000154,1000.000204,1000.000255,1000.000307,1000.000362,1000.000419,1000.000477,1000.000536,1000.000599,1000.000661,1000.000710,1000.000726,1000.000687,1000.000600,1000.000491,1000.000380,1000.000265,0.000000,0.000000,0.000000,0.000000,0.000000,0.000000,0.000000,0.000000
0.000000,0.000000,0.000000,0.000000,0.000000,0.000000,0.000000,1000.000207,1000.000331,1000.000442,1000.000554,1000.000655,1000.000718,1000.000722,1000.000679,1000.000617,1000.000554,1000.000494,1000.000435,1000.000376,1000.000320,1000.000265,1000.000213,1000.000161,1000.000112,1000.000065,1000.000019,999.999975,999.999933,999.999893,999.999855,999.999818,999.999783,999.999750,999.999719,999.999689,999.999661,999.999635,999.999611,999.999589,999.999568,999.999550,999.999533,999.999518,999.999504,999.999493,999.999483,999.999475,999.999469,999.999464,999.999461,999.999461,999.999461,999.999464,999.999469,999.999475,999.999483,999.999493,999.999504,999.999518,999.999533,999.999550,999.999568,999.999589,999.999611,999.999635,999.999661,999.999689,999.999719,999.999750,999.999783,999.999818,999.999855,999.999893,999.999933,999.999975,1000.000019,1000.000065,1000.000112,1000.000161,1000.000213,1000.000265,1000.000320,1000.000376,1000.000435,1000.000494,1000.000554,1000.000617,1000.000679,1000.000722,1000.000718,1000.000655,1000.000554,1000.000442,1000.000331,1000.000207,0.000000,0.000000,0.000000,0.000000,0.000000,0.000000,0.000000
0.000000,0.000000,0.000000,0.000000,0.000000,0.000000,0.000000,1000.000271,1000.000389,1000.000502,1000.000611,1000.000696,1000.000728,1000.000702,1000.000643,1000.000576,1000.000514,1000.000454,1000.000394,1000.000336,1000.000280,1000.000225,1000.000172,1000.000121,1000.000072,1000.000025,999.999979,999.999935,999.999893,999.999853,999.999814,999.999778,999.999743,999.999710,999.999678,999.999649,999.999621,999.999595,999.999571,999.999549,999.999528,999.999509,999.999493,999.999477,999.999464,999.999452,999.999443,999.999435,999.999428,999.999424,999.999421,999.999420,999.999421,999.999424,999.999428,999.999435,999.999443,999.999452,999.999464,999.999477,999.999493,999.999509,999.999528,999.999549,999.999571,999.999595,999.999621,999.999649,999.999678,999.999710,999.999743,999.999778,999.999814,999.999853,999.999893,999.999935,999.999979,1000.000025,1000.000072,1000.000121,1000.000172,1000.000225,1000.000280,1000.000336,1000.000394,1000.000454,1000.000514,1000.000576,1000.000643,1000.000702,1000.000728,1000.000696,1000.000611,1000.000502,1000.000389,1000.000271,0.000000,0.000000,0.000000,0.000000,0.000000,0.000000,0.000000
0.000000,0.000000,0.000000,0.000000,0.000000,0.000000,1000.000208,1000.000333,1000.000446,1000.000560,1000.000660,1000.000721,1000.000721,1000.000672,1000.000605,1000.000539,1000.000476,1000.000415,1000.000355,1000.000297,1000.000241,1000.000186,1000.000134,1000.000083,1000.000033,999.999986,999.999941,999.999897,999.999855,999.999814,999.999776,999.999739,999.999704,999.999671,999.999640,999.999610,999.999583,999.999557,999.999533,999.999510,999.999490,999.999471,999.999454,999.999439,999.999425,999.999414,999.999404,999.999396,999.999390,999.999385,999.999383,999.999382,999.999383,999.999385,999.999390,999.999396,999.999404,999.999414,999.999425,999.999439,999.999454,999.999471,999.999490,999.999510,999.999533,999.999557,999.999583,999.999610,999.999640,999.999671,999.999704,999.999739,999.999776,999.999814,999.999855,999.999897,999.999941,999.999986,1000.000033,1000.000083,1000.000134,1000.000186,1000.000241,1000.000297,1000.000355,1000.000415,1000.000476,1000.000539,1000.000605,1000.000672,1000.000721,1000.000721,1000.000660,1000.000560,1000.000446,1000.000333,1000.000208,0.000000,0.000000,0.000000,0.000000,0.000000,0.000000
0.000000,0.000000,0.000000,0.000000,0.000000,0.000000,1000.000267,1000.000387,1000.000502,1000.000613,1000.000698,1000.000729,1000.000700,1000.000638,1000.000568,1000.000503,1000.000440,1000.000378,1000.000318,1000.000260,1000.000204,1000.000150,1000.000097,1000.000046,999.999997,999.999949,999.999904,999.999860,999.999818,999.999778,999.999739,999.999703,999.999668,999.999635,999.999603,999.999574,999.999546,999.999520,999.999496,999.999474,999.999453,999.999434,999.999417,999.999402,999.999389,999.999377,999.999367,999.999359,999.999353,999.999349,999.999346,999.999345,999.999346,999.999349,999.999353,999.999359,999.999367,999.999377,999.999389,999.999402,999.999417,999.999434,999.999453,999.999474,999.999496,999.999520,999.999546,999.999574,999.999603,999.999635,999.999668,999.999703,999.999739,999.999778,999.999818,999.999860,999.999904,999.999949,999.999997,1000.000046,1000.000097,1000.000150,1000.000204,1000.000260,1000.000318,1000.000378,1000.000440,1000.000503,1000.000568,1000.000638,1000.000700,1000.000729,1000.000698,1000.000613,1000.000502,1000.000387,1000.000267,0.000000,0.000000,0.000000,0.000000,0.000000,0.000000
0.000000,0.000000,0.000000,0.000000,0.000000,1000.000198,1000.000325,1000.000441,1000.000556,1000.000659,1000.000721,1000.000722,1000.000671,1000.000602,1000.000533,1000.000468,1000.000405,1000.000343,1000.000283,1000.000225,1000.000169,1000.000115,1000.000062,1000.000011,999.999962,999.999914,999.999869,999.999825,999.999783,999.999743,999.999704,999.999668,999.999633,999.999600,999.999568,999.999539,999.999511,999.999485,999.999461,999.999439,999.999418,999.999399,999.999383,999.999367,999.999354,999.999342,999.999332,999.999324,999.999318,999.999314,999.999311,999.999310,999.999311,999.999314,999.999318,999.999324,999.999332,999.999342,999.999354,999.999367,999.999383,999.999399,999.999418,999.999439,999.999461,999.999485,999.999511,999.999539,999.999568,999.999600,999.999633,999.999668,999.999704,999.999743,999.999783,999.999825,999.999869,999.999914,999.999962,1000.000011,1000.000062,1000.000115,1000.000169,1000.000225,1000.000283,1000.000343,1000.000405,1000.000468,1000.000533,1000.000602,1000.000671,1000.000722,1000.000721,1000.000659,1000.000556,1000.000441,1000.000325,1000.000198,0.000000,0.000000,0.000000,0.000000,0.000000
0.000000,0.000000,0.000000,0.000000,0.000000,1000.000251,1000.000374,1000.000492,1000.000606,1000.000695,1000.000729,1000.000701,1000.000638,1000.000567,1000.000500,1000.000435,1000.000371,1000.000310,1000.000250,1000.000192,1000.000136,1000.000081,1000.000029,999.999978,999.999929,999.999881,999.999836,999.999792,999.999750,999.999710,999.999671,999.999635,999.999600,999.999567,999.999535,999.999506,999.999478,999.999452,999.999428,999.999406,999.999385,999.999366,999.999349,999.999334,999.999321,999.999309,999.999299,999.999291,999.999285,999.999281,999.999278,999.999277,999.999278,999.999281,999.999285,999.999291,999.999299,999.999309,999.999321,999.999334,999.999349,999.999366,999.999385,999.999406,999.999428,999.999452,999.999478,999.999506,999.999535,999.999567,999.999600,999.999635,999.999671,999.999710,999.999750,999.999792,999.999836,999.999881,999.999929,999.999978,1000.000029,1000.000081,1000.000136,1000.000192,1000.000250,1000.000310,1000.000371,1000.000435,1000.000500,1000.000567,1000.000638,1000.000701,1000.000729,1000.000695,1000.000606,1000.000492,1000.000374,1000.000251,0.000000,0.000000,0.000000,0.000000,0.000000
0.000000,0.000000,0.000000,0.000000,1000.000174,1000.000303,1000.000421,1000.000541,1000.000649,1000.000718,1000.000722,1000.000673,1000.000604,1000.000535,1000.000469,1000.000404,1000.000340,1000.000279,1000.000219,1000.000161,1000.000105,1000.000050,999.999997,999.999947,999.999897,999.999850,999.999804,999.999761,999.999719,999.999678,999.999640,999.999603,999.999568,999.999535,999.999504,999.999475,999.999447,999.999421,999.999397,999.999374,999.999354,999.999335,999.999318,999.999303,999.999290,999.999278,999.999268,999.999260,999.999254,999.999249,999.999247,999.999246,999.999247,999.999249,999.999254,999.999260,999.999268,999.999278,999.999290,999.999303,999.999318,999.999335,999.999354,999.999374,999.999397,999.999421,999.999447,999.999475,999.999504,999.999535,999.999568,999.999603,999.999640,999.999678,999.999719,999.999761,999.999804,999.999850,999.999897,999.999947,999.999997,1000.000050,1000.000105,1000.000161,1000.000219,1000.000279,1000.000340,1000.000404,1000.000469,1000.000535,1000.000604,1000.000673,1000.000722,1000.000718,1000.000649,1000.000541,1000.000421,1000.000303,1000.000174,0.000000,0.000000,0.000000,0.000000
0.000000,0.000000,0.000000,0.000000,1000.000221,1000.000345,1000.000465,1000.000585,1000.000683,1000.000727,1000.000705,1000.000644,1000.000573,1000.000505,1000.000439,1000.000374,1000.000310,1000.000249,1000.000189,1000.000131,1000.000075,1000.000021,999.999968,999.999917,999.999868,999.999821,999.999775,999.999731,999.999689,999.999649,999.999610,999.999574,999.999539,999.999506,999.999475,999.999445,999.999417,999.999391,999.999367,999.999345,999.999324,999.999306,999.999289,999.999273,999.999260,999.999248,999.999239,999.999230,999.999224,999.999220,999.999217,999.999216,999.999217,999.999220,999.999224,999.999230,999.999239,999.999248,999.999260,999.999273,999.999289,999.999306,999.999324,999.999345,999.999367,999.999391,999.999417,999.999445,999.999475,999.999506,999.999539,999.999574,999.999610,999.999649,999.999689,999.999731,999.999775,999.999821,999.999868,999.999917,999.999968,1000.000021,1000.000075,1000.000131,1000.000189,1000.000249,1000.000310,1000.000374,1000.000439,1000.000505,1000.000573,1000.000644,1000.000705,1000.000727,1000.000683,1000.000585,1000.000465,1000.000345,1000.000221,0.000000,0.000000,0.000000,0.000000
