0.000000,0.000000,0.000000,0.000000,0.000000,0.000000,0.000000,0.000000,0.000000,0.000000,0.000000,0.000000,0.000000,0.000000,0.000000,0.000000,0.000000,0.000000,0.000000,0.000000,0.000000,0.000000,0.000000,0.000000,0.000000,0.000000,0.000000,0.000000,0.000000,0.000000,0.000000,0.000000,0.000000,0.000000,0.000000,0.000000,0.000000,0.000000,0.000000,0.000000,0.000000,0.000000,0.000000,0.000000,0.000000,0.000000,0.000000,0.000000,0.000000,0.000000,0.000000,0.000000,0.000000,0.000000,0.000000,0.000000,0.000000,0.000000,0.000000,0.000000,0.000000,0.000000,0.000000,0.000000,0.000000,0.000000,0.000000,0.000000,0.000000,0.000000,0.000000,0.000000,0.000000,0.000000,0.000000,0.000000,0.000000,0.000000,0.000000,0.000000,0.000000,0.000000,0.000000,0.000000,0.000000,0.000000,0.000000,0.000000,0.000000,0.000000,0.000000,0.000000,0.000000,0.000000,0.000000,0.000000,0.000000,0.000000,0.000000,0.000000,0.000000,0.000000,0.000000
0.000000,0.000000,0.000000,0.000000,0.000000,0.000000,0.000000,0.000000,0.000000,0.000000,0.000000,0.000000,0.000000,0.000000,0.000000,0.000000,0.000000,0.000000,0.000000,0.000000,0.000000,0.000000,0.000000,0.000000,0.000000,0.000000,0.000000,0.000000,0.000000,0.000000,0.000000,0.000000,0.000000,0.000000,0.000000,0.000000,0.000000,0.000000,0.000000,0.000000,0.000000,0.000000,0.000000,0.000000,0.000000,0.000000,0.000000,0.000000,0.000000,0.000000,0.000000,1000.000097,0.000000,0.000000,0.000000,0.000000,0.000000,0.000000,0.000000,0.000000,0.000000,0.000000,0.000000,0.000000,0.000000,0.000000,0.000000,0.000000,0.000000,0.000000,0.000000,0.000000,0.000000,0.000000,0.000000,0.000000,0.000000,0.000000,0.000000,0.000000,0.000000,0.000000,0.000000,0.000000,0.000000,0.000000,0.000000,0.000000,0.000000,0.000000,0.000000,0.000000,0.000000,0.000000,0.000000,0.000000,0.000000,0.000000,0.000000,0.000000,0.000000,0.000000,0.000000
0.000000,0.000000,0.000000,0.000000,0.000000,0.000000,0.000000,0.000000,0.000000,0.000000,0.000000,0.000000,0.000000,0.000000,0.000000,0.000000,0.000000,0.000000,0.000000,0.000000,0.000000,0.000000,0.000000,0.000000,0.000000,0.000000,0.000000,0.000000,0.000000,0.000000,0.000000,0.000000,0.000000,0.000000,0.000000,0.000000,0.000000,0.000000,0.000000,0.000000,0.000000,0.000000,1000.000176,1000.000205,1000.000219,1000.000227,1000.000231,1000.000232,1000.000233,1000.000231,1000.000230,1000.000237,1000.000230,1000.000231,1000.000233,1000.000232,1000.000231,1000.000227,1000.000219,1000.000205,1000.000176,0.000000,0.000000,0.000000,0.000000,0.000000,0.000000,0.000000,0.000000,0.000000,0.000000,0.000000,0.000000,0.000000,0.000000,0.000000,0.000000,0.000000,0.000000,0.000000,0.000000,0.000000,0.000000,0.000000,0.000000,0.000000,0.000000,0.000000,0.000000,0.000000,0.000000,0.000000,0.000000,0.000000,0.000000,0.000000,0.000000,0.000000,0.000000,0.000000,0.000000,0.000000,0.000000
0.000000,0.000000,0.000000,0.000000,0.000000,0.000000,0.000000,0.000000,0.000000,0.000000,0.000000,0.000000,0.000000,0.000000,0.000000,0.000000,0.000000,0.000000,0.000000,0.000000,0.000000,0.000000,0.000000,0.000000,0.000000,0.000000,0.000000,0.000000,0.000000,0.000000,0.000000,0.000000,0.000000,0.000000,0.000000,0.000000,0.000000,1000.000169,1000.000211,1000.000245,1000.000272,1000.000295,1000.000315,1000.000333,1000.000348,1000.000357,1000.000363,1000.000365,1000.000367,1000.000367,1000.000367,1000.000368,1000.000367,1000.000367,1000.000367,1000.000365,1000.000363,1000.000357,1000.000348,1000.000333,1000.000315,1000.000295,1000.000272,1000.000245,1000.000211,1000.000169,0.000000,0.000000,0.000000,0.000000,0.000000,0.000000,0.000000,0.000000,0.000000,0.000000,0.000000,0.000000,0.000000,0.000000,0.000000,0.000000,0.000000,0.000000,0.000000,0.000000,0.000000,0.000000,0.000000,0.000000,0.000000,0.000000,0.000000,0.000000,0.000000,0.000000,0.000000,0.000000,0.000000,0.000000,0.000000,0.000000,0.000000
0.000000,0.000000,0.000000,0.000000,0.000000,0.000000,0.000000,0.000000,0.000000,0.000000,0.000000,0.000000,0.000000,0.000000,0.000000,0.000000,0.000000,0.000000,0.000000,0.000000,0.000000,0.000000,0.000000,0.000000,0.000000,0.000000,0.000000,0.000000,0.000000,0.000000,0.000000,0.000000,0.000000,0.000000,1000.000177,1000.000225,1000.000265,1000.000305,1000.000339,1000.000370,1000.000400,1000.000424,1000.000447,1000.000465,1000.000478,1000.000487,1000.000492,1000.000495,1000.000496,1000.000497,1000.000498,1000.000497,1000.000498,1000.000497,1000.000496,1000.000495,1000.000492,1000.000487,1000.000478,1000.000465,1000.000447,1000.000424,1000.000400,1000.000370,1000.000339,1000.000305,1000.000265,1000.000225,1000.000177,0.000000,0.000000,0.000000,0.000000,0.000000,0.000000,0.000000,0.000000,0.000000,0.000000,0.000000,0.000000,0.000000,0.000000,0.000000,0.000000,0.000000,0.000000,0.000000,0.000000,0.000000,0.000000,0.000000,0.000000,0.000000,0.000000,0.000000,0.000000,0.000000,0.000000,0.000000,0.000000,0.000000,0.000000
0.000000,0.000000,0.000000,0.000000,0.000000,0.000000,0.000000,0.000000,0.000000,0.000000,0.000000,0.000000,0.000000,0.000000,0.000000,0.000000,0.000000,0.000000,0.000000,0.000000,0.000000,0.000000,0.000000,0.000000,0.000000,0.000000,0.000000,0.000000,0.000000,0.000000,0.000000,0.000000,1000.000202,1000.000256,1000.000308,1000.000351,1000.000391,1000.000430,1000.000465,1000.000496,1000.000524,1000.000551,1000.000575,1000.000594,1000.000606,1000.000612,1000.000616,1000.000618,1000.000620,1000.000620,1000.000620,1000.000620,1000.000620,1000.000620,1000.000620,1000.000618,1000.000616,1000.000612,1000.000606,1000.000594,1000.000575,1000.000551,1000.000524,1000.000496,1000.000465,1000.000430,1000.000391,1000.000351,1000.000308,1000.000256,1000.000202,0.000000,0.000000,0.000000,0.000000,0.000000,0.000000,0.000000,0.000000,0.000000,0.000000,0.000000,0.000000,0.000000,0.000000,0.000000,0.000000,0.000000,0.000000,0.000000,0.000000,0.000000,0.000000,0.000000,0.000000,0.000000,0.000000,0.000000,0.000000,0.000000,0.000000,0.000000,0.000000
0.000000,0.000000,0.000000,0.000000,0.000000,0.000000,0.000000,0.000000,0.000000,0.000000,0.000000,0.000000,0.000000,0.000000,0.000000,0.000000,0.000000,0.000000,0.000000,0.000000,0.000000,0.000000,0.000000,0.000000,0.000000,0.000000,0.000000,0.000000,0.000000,0.000000,1000.000211,1000.000272,1000.000331,1000.000381,1000.000429,1000.000473,1000.000515,1000.000554,1000.000588,1000.000617,1000.000642,1000.000664,1000.000683,1000.000696,1000.000703,1000.000707,1000.000709,1000.000710,1000.000710,1000.000710,1000.000710,1000.000710,1000.000710,1000.000710,1000.000710,1000.000710,1000.000709,1000.000707,1000.000703,1000.000696,1000.000683,1000.000664,1000.000642,1000.000617,1000.000588,1000.000554,1000.000515,1000.000473,1000.000429,1000.000381,1000.000331,1000.000272,1000.000211,0.000000,0.000000,0.000000,0.000000,0.000000,0.000000,0.000000,0.000000,0.000000,0.000000,0.000000,0.000000,0.000000,0.000000,0.000000,0.000000,0.000000,0.000000,0.000000,0.000000,0.000000,0.000000,0.000000,0.000000,0.000000,0.000000,0.000000,0.000000,0.000000,0.000000
0.000000,0.000000,0.000000,0.000000,0.000000,0.000000,0.000000,0.000000,0.000000,0.000000,0.000000,0.000000,0.000000,0.000000,0.000000,0.000000,0.000000,0.000000,0.000000,0.000000,0.000000,0.000000,0.000000,0.000000,0.000000,0.000000,0.000000,0.000000,1000.000210,1000.000276,1000.000339,1000.000394,1000.000448,1000.000501,1000.000550,1000.000595,1000.000633,1000.000666,1000.000692,1000.000710,1000.000723,1000.000730,1000.000733,1000.000732,1000.000730,1000.000729,1000.000728,1000.000727,1000.000726,1000.000725,1000.000725,1000.000725,1000.000725,1000.000725,1000.000726,1000.000727,1000.000728,1000.000729,1000.000730,1000.000732,1000.000733,1000.000730,1000.000723,1000.000710,1000.000692,1000.000666,1000.000633,1000.000595,1000.000550,1000.000501,1000.000448,1000.000394,1000.000339,1000.000276,1000.000210,0.000000,0.000000,0.000000,0.000000,0.000000,0.000000,0.000000,0.000000,0.000000,0.000000,0.000000,0.000000,0.000000,0.000000,0.000000,0.000000,0.000000,0.000000,0.000000,0.000000,0.000000,0.000000,0.000000,0.000000,0.000000,0.000000,0.000000,0.000000
0.000000,0.000000,0.000000,0.000000,0.000000,0.000000,0.000000,0.000000,0.000000,0.000000,0.000000,0.000000,0.000000,0.000000,0.000000,0.000000,0.000000,0.000000,0.000000,0.000000,0.000000,0.000000,0.000000,0.000000,0.000000,0.000000,1000.000200,1000.000270,1000.000337,1000.000395,1000.000454,1000.000511,1000.000566,1000.000617,1000.000661,1000.000695,1000.000718,1000.000733,1000.000739,1000.000737,1000.000733,1000.000723,1000.000709,1000.000696,1000.000686,1000.000680,1000.000677,1000.000674,1000.000672,1000.000671,1000.000670,1000.000670,1000.000670,1000.000671,1000.000672,1000.000674,1000.000677,1000.000680,1000.000686,1000.000696,1000.000709,1000.000723,1000.000733,1000.000737,1000.000739,1000.000733,1000.000718,1000.000695,1000.000661,1000.000617,1000.000566,1000.000511,1000.000454,1000.000395,1000.000337,1000.000270,1000.000200,0.000000,0.000000,0.000000,0.000000,0.000000,0.000000,0.000000,0.000000,0.000000,0.000000,0.000000,0.000000,0.000000,0.000000,0.000000,0.000000,0.000000,0.000000,0.000000,0.000000,0.000000,0.000000,0.000000,0.000000,0.000000,0.000000
0.000000,0.000000,0.000000,0.000000,0.000000,0.000000,0.000000,0.000000,0.000000,0.000000,0.000000,0.000000,0.000000,0.000000,0.000000,0.000000,0.000000,0.000000,0.000000,0.000000,0.000000,0.000000,0.000000,0.000000,1000.000172,1000.000249,1000.000323,1000.000387,1000.000450,1000.000510,1000.000569,1000.000624,1000.000670,1000.000707,1000.000730,1000.000739,1000.000738,1000.000729,1000.000714,1000.000697,1000.000680,1000.000662,1000.000644,1000.000627,1000.000614,1000.000606,1000.000600,1000.000596,1000.000593,1000.000591,1000.000590,1000.000590,1000.000590,1000.000591,1000.000593,1000.000596,1000.000600,1000.000606,1000.000614,1000.000627,1000.000644,1000.000662,1000.000680,1000.000697,1000.000714,1000.000729,1000.000738,1000.000739,1000.000730,1000.000707,1000.000670,1000.000624,1000.000569,1000.000510,1000.000450,1000.000387,1000.000323,1000.000249,1000.000172,0.000000,0.000000,0.000000,0.000000,0.000000,0.000000,0.000000,0.000000,0.000000,0.000000,0.000000,0.000000,0.000000,0.000000,0.000000,0.000000,0.000000,0.000000,0.000000,0.000000,0.000000,0.000000,0.000000,0.000000
0.000000,0.000000,0.000000,0.000000,0.000000,0.000000,0.000000,0.000000,0.000000,0.000000,0.000000,0.000000,0.000000,0.000000,0.000000,0.000000,0.000000,0.000000,0.000000,0.000000,0.000000,0.000000,0.000000,1000.000207,1000.000291,1000.000363,1000.000433,1000.000500,1000.000564,1000.000622,1000.000672,1000.000710,1000.000734,1000.000741,1000.000734,1000.000717,1000.000695,1000.000672,1000.000648,1000.000626,1000.000605,1000.000587,1000.000569,1000.000554,1000.000541,1000.000532,1000.000524,1000.000519,1000.000515,1000.000512,1000.000511,1000.000510,1000.000511,1000.000512,1000.000515,1000.000519,1000.000524,1000.000532,1000.000541,1000.000554,1000.000569,1000.000587,1000.000605,1000.000626,1000.000648,1000.000672,1000.000695,1000.000717,1000.000734,1000.000741,1000.000734,1000.000710,1000.000672,1000.000622,1000.000564,1000.000500,1000.000433,1000.000363,1000.000291,1000.000207,0.000000,0.000000,0.000000,0.000000,0.000000,0.000000,0.000000,0.000000,0.000000,0.000000,0.000000,0.000000,0.000000,0.000000,0.000000,0.000000,0.000000,0.000000,0.000000,0.000000,0.000000,0.000000,0.000000
0.000000,0.000000,0.000000,0.000000,0.000000,0.000000,0.000000,0.000000,0.000000,0.000000,0.000000,0.000000,0.000000,0.000000,0.000000,0.000000,0.000000,0.000000,0.000000,0.000000,0.000000,1000.000153,1000.000240,1000.000323,1000.000398,1000.000472,1000.000545,1000.000611,1000.000666,1000.000708,1000.000734,1000.000742,1000.000734,1000.000713,1000.000685,1000.000655,1000.000626,1000.000599,1000.000575,1000.000552,1000.000532,1000.000514,1000.000496,1000.000482,1000.000469,1000.000459,1000.000450,1000.000444,1000.000440,1000.000437,1000.000435,1000.000434,1000.000435,1000.000437,1000.000440,1000.000444,1000.000450,1000.000459,1000.000469,1000.000482,1000.000496,1000.000514,1000.000532,1000.000552,1000.000575,1000.000599,1000.000626,1000.000655,1000.000685,1000.000713,1000.000734,1000.000742,1000.000734,1000.000708,1000.000666,1000.000611,1000.000545,1000.000472,1000.000398,1000.000323,1000.000240,1000.000153,0.000000,0.000000,0.000000,0.000000,0.000000,0.000000,0.000000,0.000000,0.000000,0.000000,0.000000,0.000000,0.000000,0.000000,0.000000,0.000000,0.000000,0.000000,0.000000,0.000000,0.000000
0.000000,0.000000,0.000000,0.000000,0.000000,0.000000,0.000000,0.000000,0.000000,0.000000,0.000000,0.000000,0.000000,0.000000,0.000000,0.000000,0.000000,0.000000,0.000000,0.000000,1000.000178,1000.000270,1000.000348,1000.000426,1000.000503,1000.000580,1000.000647,1000.000699,1000.000730,1000.000741,1000.000734,1000.000712,1000.000683,1000.000649,1000.000615,1000.000583,1000.000554,1000.000528,1000.000504,1000.000482,1000.000461,1000.000442,1000.000425,1000.000411,1000.000398,1000.000387,1000.000378,1000.000372,1000.000367,1000.000363,1000.000361,1000.000360,1000.000361,1000.000363,1000.000367,1000.000372,1000.000378,1000.000387,1000.000398,1000.000411,1000.000425,1000.000442,1000.000461,1000.000482,1000.000504,1000.000528,1000.000554,1000.000583,1000.000615,1000.000649,1000.000683,1000.000712,1000.000734,1000.000741,1000.000730,1000.000699,1000.000647,1000.000580,1000.000503,1000.000426,1000.000348,1000.000270,1000.000178,0.000000,0.000000,0.000000,0.000000,0.000000,0.000000,0.000000,0.000000,0.000000,0.000000,0.000000,0.000000,0.000000,0.000000,0.000000,0.000000,0.000000,0.000000,0.000000,0.000000
0.000000,0.000000,0.000000,0.000000,0.000000,0.000000,0.000000,0.000000,0.000000,0.000000,0.000000,0.000000,0.000000,0.000000,0.000000,0.000000,0.000000,0.000000,0.000000,1000.000198,1000.000292,1000.000373,1000.000451,1000.000530,1000.000605,1000.000671,1000.000718,1000.000738,1000.000734,1000.000714,1000.000684,1000.000649,1000.000612,1000.000577,1000.000545,1000.000514,1000.000486,1000.000459,1000.000434,1000.000412,1000.000391,1000.000372,1000.000356,1000.000341,1000.000328,1000.000317,1000.000308,1000.000301,1000.000296,1000.000292,1000.000289,1000.000289,1000.000289,1000.000292,1000.000296,1000.000301,1000.000308,1000.000317,1000.000328,1000.000341,1000.000356,1000.000372,1000.000391,1000.000412,1000.000434,1000.000459,1000.000486,1000.000514,1000.000545,1000.000577,1000.000612,1000.000649,1000.000684,1000.000714,1000.000734,1000.000738,1000.000718,1000.000671,1000.000605,1000.000530,1000.000451,1000.000373,1000.000292,1000.000198,0.000000,0.000000,0.000000,0.000000,0.000000,0.000000,0.000000,0.000000,0.000000,0.000000,0.000000,0.000000,0.000000,0.000000,0.000000,0.000000,0.000000,0.000000,0.000000
0.000000,0.000000,0.000000,0.000000,0.000000,0.000000,0.000000,0.000000,0.000000,0.000000,0.000000,0.000000,0.000000,0.000000,0.000000,0.000000,0.000000,0.000000,1000.000211,1000.000308,1000.000393,1000.000475,1000.000556,1000.000628,1000.000688,1000.000729,1000.000740,1000.000722,1000.000691,1000.000654,1000.000615,1000.000578,1000.000543,1000.000509,1000.000477,1000.000447,1000.000418,1000.000391,1000.000367,1000.000344,1000.000324,1000.000305,1000.000288,1000.000273,1000.000260,1000.000249,1000.000240,1000.000232,1000.000227,1000.000223,1000.000220,1000.000219,1000.000220,1000.000223,1000.000227,1000.000232,1000.000240,1000.000249,1000.000260,1000.000273,1000.000288,1000.000305,1000.000324,1000.000344,1000.000367,1000.000391,1000.000418,1000.000447,1000.000477,1000.000509,1000.000543,1000.000578,1000.000615,1000.000654,1000.000691,1000.000722,1000.000740,1000.000729,1000.000688,1000.000628,1000.000556,1000.000475,1000.000393,1000.000308,1000.000211,0.000000,0.000000,0.000000,0.000000,0.000000,0.000000,0.000000,0.000000,0.000000,0.000000,0.000000,0.000000,0.000000,0.000000,0.000000,0.000000,0.000000,0.000000
0.000000,0.000000,0.000000,0.000000,0.000000,0.000000,0.000000,0.000000,0.000000,0.000000,0.000000,0.000000,0.000000,0.000000,0.000000,0.000000,0.000000,1000.000218,1000.000318,1000.000406,1000.000492,1000.000577,1000.000651,1000.000706,1000.000736,1000.000738,1000.000713,1000.000672,1000.000628,1000.000587,1000.000548,1000.000512,1000.000477,1000.000443,1000.000411,1000.000380,1000.000352,1000.000325,1000.000301,1000.000278,1000.000258,1000.000239,1000.000222,1000.000207,1000.000194,1000.000182,1000.000173,1000.000165,1000.000160,1000.000155,1000.000153,1000.000152,1000.000153,1000.000155,1000.000160,1000.000165,1000.000173,1000.000182,1000.000194,1000.000207,1000.000222,1000.000239,1000.000258,1000.000278,1000.000301,1000.000325,1000.000352,1000.000380,1000.000411,1000.000443,1000.000477,1000.000512,1000.000548,1000.000587,1000.000628,1000.000672,1000.000713,1000.000738,1000.000736,1000.000706,1000.000651,1000.000577,1000.000492,1000.000406,1000.000318,1000.000218,0.000000,0.000000,0.000000,0.000000,0.000000,0.000000,0.000000,0.000000,0.000000,0.000000,0.000000,0.000000,0.000000,0.000000,0.000000,0.000000,0.000000
0.000000,0.000000,0.000000,0.000000,0.000000,0.000000,0.000000,0.000000,0.000000,0.000000,0.000000,0.000000,0.000000,0.000000,0.000000,0.000000,1000.000220,1000.000322,1000.000412,1000.000501,1000.000589,1000.000665,1000.000718,1000.000739,1000.000731,1000.000701,1000.000658,1000.000610,1000.000564,1000.000523,1000.000485,1000.000448,1000.000412,1000.000378,1000.000346,1000.000316,1000.000288,1000.000261,1000.000237,1000.000214,1000.000193,1000.000174,1000.000157,1000.000142,1000.000129,1000.000118,1000.000108,1000.000100,1000.000094,1000.000090,1000.000088,1000.000087,1000.000088,1000.000090,1000.000094,1000.000100,1000.000108,1000.000118,1000.000129,1000.000142,1000.000157,1000.000174,1000.000193,1000.000214,1000.000237,1000.000261,1000.000288,1000.000316,1000.000346,1000.000378,1000.000412,1000.000448,1000.000485,1000.000523,1000.000564,1000.000610,1000.000658,1000.000701,1000.000731,1000.000739,1000.000718,1000.000665,1000.000589,1000.000501,1000.000412,1000.000322,1000.000220,0.000000,0.000000,0.000000,0.000000,0.000000,0.000000,0.000000,0.000000,0.000000,0.000000,0.000000,0.000000,0.000000,0.000000,0.000000,0.000000
0.000000,0.000000,0.000000,0.000000,0.000000,0.000000,0.000000,0.000000,0.000000,0.000000,0.000000,0.000000,0.000000,0.000000,0.000000,1000.000218,1000.000322,1000.000415,1000.000505,1000.000595,1000.000672,1000.000724,1000.000739,1000.000721,1000.000685,1000.000641,1000.000593,1000.000546,1000.000503,1000.000462,1000.000422,1000.000384,1000.000349,1000.000315,1000.000284,1000.000253,1000.000225,1000.000199,1000.000174,1000.000152,1000.000131,1000.000112,1000.000095,1000.000080,1000.000066,1000.000055,1000.000045,1000.000037,1000.000031,1000.000027,1000.000024,1000.000024,1000.000024,1000.000027,1000.000031,1000.000037,1000.000045,1000.000055,1000.000066,1000.000080,1000.000095,1000.000112,1000.000131,1000.000152,1000.000174,1000.000199,1000.000225,1000.000253,1000.000284,1000.000315,1000.000349,1000.000384,1000.000422,1000.000462,1000.000503,1000.000546,1000.000593,1000.000641,1000.000685,1000.000721,1000.000739,1000.000724,1000.000672,1000.000595,1000.000505,1000.000415,1000.000322,1000.000218,0.000000,0.000000,0.000000,0.000000,0.000000,0.000000,0.000000,0.000000,0.000000,0.000000,0.000000,0.000000,0.000000,0.000000,0.000000
0.000000,0.000000,0.000000,0.000000,0.000000,0.000000,0.000000,0.000000,0.000000,0.000000,0.000000,0.000000,0.000000,0.000000,1000.000211,1000.000318,1000.000412,1000.000505,1000.000597,1000.000675,1000.000727,1000.000740,1000.000716,1000.000674,1000.000625,1000.000576,1000.000530,1000.000486,1000.000443,1000.000401,1000.000361,1000.000324,1000.000288,1000.000255,1000.000223,1000.000193,1000.000164,1000.000138,1000.000113,1000.000091,1000.000070,1000.000051,1000.000034,1000.000019,1000.000005,999.999994,999.999984,999.999976,999.999970,999.999966,999.999963,999.999962,999.999963,999.999966,999.999970,999.999976,999.999984,999.999994,1000.000005,1000.000019,1000.000034,1000.000051,1000.000070,1000.000091,1000.000113,1000.000138,1000.000164,1000.000193,1000.000223,1000.000255,1000.000288,1000.000324,1000.000361,1000.000401,1000.000443,1000.000486,1000.000530,1000.000576,1000.000625,1000.000674,1000.000716,1000.000740,1000.000727,1000.000675,1000.000597,1000.000505,1000.000412,1000.000318,1000.000211,0.000000,0.000000,0.000000,0.000000,0.000000,0.000000,0.000000,0.000000,0.000000,0.000000,0.000000,0.000000,0.000000,0.000000
0.000000,0.000000,0.000000,0.000000,0.000000,0.000000,0.000000,0.000000,0.000000,0.000000,0.000000,0.000000,0.000000,1000.000198,1000.000308,1000.000406,1000.000501,1000.000595,1000.000675,1000.000728,1000.000740,1000.000715,1000.000668,1000.000615,1000.000564,1000.000517,1000.000471,1000.000426,1000.000383,1000.000341,1000.000302,1000.000265,1000.000229,1000.000195,1000.000164,1000.000134,1000.000105,1000.000079,1000.000054,1000.000032,1000.000011,999.999992,999.999975,999.999960,999.999946,999.999935,999.999925,999.999917,999.999911,999.999906,999.999904,999.999903,999.999904,999.999906,999.999911,999.999917,999.999925,999.999935,999.999946,999.999960,999.999975,999.999992,1000.000011,1000.000032,1000.000054,1000.000079,1000.000105,1000.000134,1000.000164,1000.000195,1000.000229,1000.000265,1000.000302,1000.000341,1000.000383,1000.000426,1000.000471,1000.000517,1000.000564,1000.000615,1000.000668,1000.000715,1000.000740,1000.000728,1000.000675,1000.000595,1000.000501,1000.000406,1000.000308,1000.000198,0.000000,0.000000,0.000000,0.000000,0.000000,0.000000,0.000000,0.000000,0.000000,0.000000,0.000000,0.000000,0.000000
0.000000,0.000000,0.000000,0.000000,0.000000,0.000000,0.000000,0.000000,0.000000,0.000000,0.000000,0.000000,1000.000178,1000.000292,1000.000393,1000.000492,1000.000589,1000.000672,1000.000727,1000.000740,1000.000714,1000.000667,1000.000611,1000.000557,1000.000508,1000.000460,1000.000413,1000.000368,1000.000325,1000.000284,1000.000245,1000.000208,1000.000172,1000.000138,1000.000106,1000.000076,1000.000048,1000.000022,999.999997,999.999975,999.999954,999.999935,999.999918,999.999902,999.999889,999.999877,999.999867,999.999859,999.999853,999.999849,999.999846,999.999845,999.999846,999.999849,999.999853,999.999859,999.999867,999.999877,999.999889,999.999902,999.999918,999.999935,999.999954,999.999975,999.999997,1000.000022,1000.000048,1000.000076,1000.000106,1000.000138,1000.000172,1000.000208,1000.000245,1000.000284,1000.000325,1000.000368,1000.000413,1000.000460,1000.000508,1000.000557,1000.000611,1000.000667,1000.000714,1000.000740,1000.000727,1000.000672,1000.000589,1000.000492,1000.000393,1000.000292,1000.000178,0.000000,0.000000,0.000000,0.000000,0.000000,0.000000,0.000000,0.000000,0.000000,0.000000,0.000000,0.000000
0.000000,0.000000,0.000000,0.000000,0.000000,0.000000,0.000000,0.000000,0.000000,0.000000,0.000000,1000.000153,1000.000270,1000.000373,1000.000475,1000.000577,1000.000665,1000.000724,1000.000740,1000.000715,1000.000667,1000.000610,1000.000554,1000.000502,1000.000453,1000.000404,1000.000357,1000.000313,1000.000270,1000.000229,1000.000190,1000.000152,1000.000117,1000.000083,1000.000051,1000.000021,999.999993,999.999966,999.999942,999.999919,999.999898,999.999879,999.999862,999.999847,999.999833,999.999822,999.999812,999.999804,999.999797,999.999793,999.999790,999.999789,999.999790,999.999793,999.999797,999.999804,999.999812,999.999822,999.999833,999.999847,999.999862,999.999879,999.999898,999.999919,999.999942,999.999966,999.999993,1000.000021,1000.000051,1000.000083,1000.000117,1000.000152,1000.000190,1000.000229,1000.000270,1000.000313,1000.000357,1000.000404,1000.000453,1000.000502,1000.000554,1000.000610,1000.000667,1000.000715,1000.000740,1000.000724,1000.000665,1000.000577,1000.000475,1000.000373,1000.000270,1000.000153,0.000000,0.000000,0.000000,0.000000,0.000000,0.000000,0.000000,0.000000,0.000000,0.000000,0.000000
0.000000,0.000000,0.000000,0.000000,0.000000,0.000000,0.000000,0.000000,0.000000,0.000000,0.000000,1000.000240,1000.000348,1000.000451,1000.000556,1000.000651,1000.000718,1000.000739,1000.000716,1000.000668,1000.000611,1000.000554,1000.000501,1000.000450,1000.000399,1000.000350,1000.000304,1000.000259,1000.000216,1000.000175,1000.000136,1000.000099,1000.000063,1000.000029,999.999997,999.999967,999.999939,999.999913,999.999888,999.999866,999.999845,999.999826,999.999808,999.999793,999.999780,999.999768,999.999758,999.999750,999.999744,999.999739,999.999736,999.999736,999.999736,999.999739,999.999744,999.999750,999.999758,999.999768,999.999780,999.999793,999.999808,999.999826,999.999845,999.999866,999.999888,999.999913,999.999939,999.999967,999.999997,1000.000029,1000.000063,1000.000099,1000.000136,1000.000175,1000.000216,1000.000259,1000.000304,1000.000350,1000.000399,1000.000450,1000.000501,1000.000554,1000.000611,1000.000668,1000.000716,1000.000739,1000.000718,1000.000651,1000.000556,1000.000451,1000.000348,1000.000240,0.000000,0.000000,0.000000,0.000000,0.000000,0.000000,0.000000,0.000000,0.000000,0.000000,0.000000
0.000000,0.000000,0.000000,0.000000,0.000000,0.000000,0.000000,0.000000,0.000000,0.000000,1000.000207,1000.000323,1000.000426,1000.000530,1000.000628,1000.000706,1000.000739,1000.000721,1000.000674,1000.000615,1000.000557,1000.000502,1000.000450,1000.000397,1000.000346,1000.000298,1000.000252,1000.000207,1000.000164,1000.000123,1000.000084,1000.000047,1000.000011,999.999977,999.999946,999.999916,999.999887,999.999861,999.999836,999.999814,999.999793,999.999774,999.999757,999.999741,999.999728,999.999716,999.999706,999.999698,999.999692,999.999687,999.999684,999.999684,999.999684,999.999687,999.999692,999.999698,999.999706,999.999716,999.999728,999.999741,999.999757,999.999774,999.999793,999.999814,999.999836,999.999861,999.999887,999.999916,999.999946,999.999977,1000.000011,1000.000047,1000.000084,1000.000123,1000.000164,1000.000207,1000.000252,1000.000298,1000.000346,1000.000397,1000.000450,1000.000502,1000.000557,1000.000615,1000.000674,1000.000721,1000.000739,1000.000706,1000.000628,1000.000530,1000.000426,1000.000323,1000.000207,0.000000,0.000000,0.000000,0.000000,0.000000,0.000000,0.000000,0.000000,0.000000,0.000000
0.000000,0.000000,0.000000,0.000000,0.000000,0.000000,0.000000,0.000000,0.000000,1000.000172,1000.000291,1000.000398,1000.000503,1000.000605,1000.000688,1000.000736,1000.000731,1000.000685,1000.000625,1000.000564,1000.000508,1000.000453,1000.000399,1000.000346,1000.000297,1000.000248,1000.000202,1000.000157,1000.000114,1000.000073,1000.000034,999.999997,999.999961,999.999928,999.999896,999.999866,999.999837,999.999811,999.999786,999.999764,999.999743,999.999724,999.999707,999.999691,999.999678,999.999666,999.999656,999.999648,999.999642,999.999637,999.999634,999.999633,999.999634,999.999637,999.999642,999.999648,999.999656,999.999666,999.999678,999.999691,999.999707,999.999724,999.999743,999.999764,999.999786,999.999811,999.999837,999.999866,999.999896,999.999928,999.999961,999.999997,1000.000034,1000.000073,1000.000114,1000.000157,1000.000202,1000.000248,1000.000297,1000.000346,1000.000399,1000.000453,1000.000508,1000.000564,1000.000625,1000.000685,1000.000731,1000.000736,1000.000688,1000.000605,1000.000503,1000.000398,1000.000291,1000.000172,0.000000,0.000000,0.000000,0.000000,0.000000,0.000000,0.000000,0.000000,0.000000
0.000000,0.000000,0.000000,0.000000,0.000000,0.000000,0.000000,0.000000,0.000000,1000.000249,1000.000363,1000.000472,1000.000580,1000.000671,1000.000729,1000.000738,1000.000701,1000.000641,1000.000576,1000.000517,1000.000460,1000.000404,1000.000350,1000.000298,1000.000248,1000.000200,1000.000153,1000.000109,1000.000066,1000.000025,999.999986,999.999949,999.999913,999.999879,999.999847,999.999817,999.999789,999.999763,999.999738,999.999716,999.999695,999.999676,999.999658,999.999643,999.999629,999.999618,999.999608,999.999600,999.999593,999.999589,999.999586,999.999585,999.999586,999.999589,999.999593,999.999600,999.999608,999.999618,999.999629,999.999643,999.999658,999.999676,999.999695,999.999716,999.999738,999.999763,999.999789,999.999817,999.999847,999.999879,999.999913,999.999949,999.999986,1000.000025,1000.000066,1000.000109,1000.000153,1000.000200,1000.000248,1000.000298,1000.000350,1000.000404,1000.000460,1000.000517,1000.000576,1000.000641,1000.000701,1000.000738,1000.000729,1000.000671,1000.000580,1000.000472,1000.000363,1000.000249,0.000000,0.000000,0.000000,0.000000,0.000000,0.000000,0.000000,0.000000,0.000000
0.000000,0.000000,0.000000,0.000000,0.000000,0.000000,0.000000,0.000000,1000.000200,1000.000323,1000.000433,1000.000545,1000.000647,1000.000718,1000.000740,1000.000713,1000.000658,1000.000593,1000.000530,1000.000471,1000.000413,1000.000357,1000.000304,1000.000252,1000.000202,1000.000153,1000.000107,1000.000062,1000.000020,999.999979,999.999939,999.999902,999.999867,999.999833,999.999801,999.999771,999.999743,999.999716,999.999692,999.999669,999.999648,999.999629,999.999612,999.999597,999.999583,999.999571,999.999561,999.999553,999.999547,999.999542,999.999540,999.999539,999.999540,999.999542,999.999547,999.999553,999.999561,999.999571,999.999583,999.999597,999.999612,999.999629,999.999648,999.999669,999.999692,999.999716,999.999743,999.999771,999.999801,999.999833,999.999867,999.999902,999.999939,999.999979,1000.000020,1000.000062,1000.000107,1000.000153,1000.000202,1000.000252,1000.000304,1000.000357,1000.000413,1000.000471,1000.000530,1000.000593,1000.000658,1000.000713,1000.000740,1000.000718,1000.000647,1000.000545,1000.000433,1000.000323,1000.000200,0.000000,0.000000,0.000000,0.000000,0.000000,0.000000,0.000000,0.000000
0.000000,0.000000,0.000000,0.000000,0.000000,0.000000,0.000000,0.000000,1000.000270,1000.000387,1000.000500,1000.000611,1000.000699,1000.000738,1000.000722,1000.000672,1000.000610,1000.000546,1000.000486,1000.000426,1000.000368,1000.000313,1000.000259,1000.000207,1000.000157,1000.000109,1000.000062,1000.000018,999.999975,999.999934,999.999895,999.999858,999.999822,999.999788,999.999756,999.999726,999.999698,999.999672,999.999647,999.999625,999.999604,999.999585,999.999567,999.999552,999.999538,999.999527,999.999517,999.999508,999.999502,999.999498,999.999495,999.999494,999.999495,999.999498,999.999502,999.999508,999.999517,999.999527,999.999538,999.999552,999.999567,999.999585,999.999604,999.999625,999.999647,999.999672,999.999698,999.999726,999.999756,999.999788,999.999822,999.999858,999.999895,999.999934,999.999975,1000.000018,1000.000062,1000.000109,1000.000157,1000.000207,1000.000259,1000.000313,1000.000368,1000.000426,1000.000486,1000.000546,1000.000610,1000.000672,1000.000722,1000.000738,1000.000699,1000.000611,1000.000500,1000.000387,1000.000270,0.000000,0.000000,0.000000,0.000000,0.000000,0.000000,0.000000,0.000000
0.000000,0.000000,0.000000,0.000000,0.000000,0.000000,0.000000,1000.000210,1000.000337,1000.000450,1000.000564,1000.000666,1000.000730,1000.000734,1000.000691,1000.000628,1000.000564,1000.000503,1000.000443,1000.000383,1000.000325,1000.000270,1000.000216,1000.000164,1000.000114,1000.000066,1000.000020,999.999975,999.999932,999.999891,999.999852,999.999815,999.999779,999.999746,999.999714,999.999684,999.999656,999.999629,999.999605,999.999582,999.999561,999.999542,999.999525,999.999509,999.999496,999.999484,999.999474,999.999466,999.999459,999.999455,999.999452,999.999451,999.999452,999.999455,999.999459,999.999466,999.999474,999.999484,999.999496,999.999509,999.999525,999.999542,999.999561,999.999582,999.999605,999.999629,999.999656,999.999684,999.999714,999.999746,999.999779,999.999815,999.999852,999.999891,999.999932,999.999975,1000.000020,1000.000066,1000.000114,1000.000164,1000.000216,1000.000270,1000.000325,1000.000383,1000.000443,1000.000503,1000.000564,1000.000628,1000.000691,1000.000734,1000.000730,1000.000666,1000.000564,1000.000450,1000.000337,1000.000210,0.000000,0.000000,0.000000,0.000000,0.000000,0.000000,0.000000
0.000000,0.000000,0.000000,0.000000,0.000000,0.000000,0.000000,1000.000276,1000.000395,1000.000510,1000.000622,1000.000708,1000.000741,1000.000714,1000.000654,1000.000587,1000.000523,1000.000462,1000.000401,1000.000341,1000.000284,1000.000229,1000.000175,1000.000123,1000.000073,1000.000025,999.999979,999.999934,999.999891,999.999850,999.999811,999.999774,999.999738,999.999705,999.999673,999.999643,999.999615,999.999588,999.999564,999.999541,999.999520,999.999501,999.999484,999.999468,999.999455,999.999443,999.999433,999.999425,999.999418,999.999414,999.999411,999.999410,999.999411,999.999414,999.999418,999.999425,999.999433,999.999443,999.999455,999.999468,999.999484,999.999501,999.999520,999.999541,999.999564,999.999588,999.999615,999.999643,999.999673,999.999705,999.999738,999.999774,999.999811,999.999850,999.999891,999.999934,999.999979,1000.000025,1000.000073,1000.000123,1000.000175,1000.000229,1000.000284,1000.000341,1000.000401,1000.000462,1000.000523,1000.000587,1000.000654,1000.000714,1000.000741,1000.000708,1000.000622,1000.000510,1000.000395,1000.000276,0.000000,0.000000,0.000000,0.000000,0.000000,0.000000,0.000000
0.000000,0.000000,0.000000,0.000000,0.000000,0.000000,1000.000211,1000.000339,1000.000454,1000.000569,1000.000672,1000.000734,1000.000734,1000.000684,1000.000615,1000.000548,1000.000485,1000.000422,1000.000361,1000.000302,1000.000245,1000.000190,1000.000136,1000.000084,1000.000034,999.999986,999.999939,999.999895,999.999852,999.999811,999.999772,999.999735,999.999699,999.999666,999.999634,999.999604,999.999575,999.999549,999.999525,999.999502,999.999481,999.999462,999.999445,999.999429,999.999415,999.999404,999.999394,999.999385,999.999379,999.999375,999.999372,999.999371,999.999372,999.999375,999.999379,999.999385,999.999394,999.999404,999.999415,999.999429,999.999445,999.999462,999.999481,999.999502,999.999525,999.999549,999.999575,999.999604,999.999634,999.999666,999.999699,999.999735,999.999772,999.999811,999.999852,999.999895,999.999939,999.999986,1000.000034,1000.000084,1000.000136,1000.000190,1000.000245,1000.000302,1000.000361,1000.000422,1000.000485,1000.000548,1000.000615,1000.000684,1000.000734,1000.000734,1000.000672,1000.000569,1000.000454,1000.000339,1000.000211,0.000000,0.000000,0.000000,0.000000,0.000000,0.000000
0.000000,0.000000,0.000000,0.000000,0.000000,0.000000,1000.000272,1000.000394,1000.000511,1000.000624,1000.000710,1000.000742,1000.000712,1000.000649,1000.000578,1000.000512,1000.000448,1000.000384,1000.000324,1000.000265,1000.000208,1000.000152,1000.000099,1000.000047,999.999997,999.999949,999.999902,999.999858,999.999815,999.999774,999.999735,999.999697,999.999662,999.999628,999.999596,999.999566,999.999538,999.999512,999.999487,999.999464,999.999444,999.999424,999.999407,999.999392,999.999378,999.999366,999.999356,999.999348,999.999342,999.999337,999.999335,999.999334,999.999335,999.999337,999.999342,999.999348,999.999356,999.999366,999.999378,999.999392,999.999407,999.999424,999.999444,999.999464,999.999487,999.999512,999.999538,999.999566,999.999596,999.999628,999.999662,999.999697,999.999735,999.999774,999.999815,999.999858,999.999902,999.999949,999.999997,1000.000047,1000.000099,1000.000152,1000.000208,1000.000265,1000.000324,1000.000384,1000.000448,1000.000512,1000.000578,1000.000649,1000.000712,1000.000742,1000.000710,1000.000624,1000.000511,1000.000394,1000.000272,0.000000,0.000000,0.000000,0.000000,0.000000,0.000000
0.000000,0.000000,0.000000,0.000000,0.000000,1000.000202,1000.000331,1000.000448,1000.000566,1000.000670,1000.000734,1000.000734,1000.000683,1000.000612,1000.000543,1000.000477,1000.000412,1000.000349,1000.000288,1000.000229,1000.000172,1000.000117,1000.000063,1000.000011,999.999961,999.999913,999.999867,999.999822,999.999779,999.999738,999.999699,999.999662,999.999626,999.999593,999.999561,999.999531,999.999503,999.999476,999.999452,999.999429,999.999408,999.999389,999.999372,999.999356,999.999343,999.999331,999.999321,999.999313,999.999306,999.999302,999.999299,999.999298,999.999299,999.999302,999.999306,999.999313,999.999321,999.999331,999.999343,999.999356,999.999372,999.999389,999.999408,999.999429,999.999452,999.999476,999.999503,999.999531,999.999561,999.999593,999.999626,999.999662,999.999699,999.999738,999.999779,999.999822,999.999867,999.999913,999.999961,1000.000011,1000.000063,1000.000117,1000.000172,1000.000229,1000.000288,1000.000349,1000.000412,1000.000477,1000.000543,1000.000612,1000.000683,1000.000734,1000.000734,1000.000670,1000.000566,1000.000448,1000.000331,1000.000202,0.000000,0.000000,0.000000,0.000000,0.000000
0.000000,0.000000,0.000000,0.000000,0.000000,1000.000256,1000.000381,1000.000501,1000.000617,1000.000707,1000.000741,1000.000713,1000.000649,1000.000577,1000.000509,1000.000443,1000.000378,1000.000315,1000.000255,1000.000195,1000.000138,1000.000083,1000.000029,999.999977,999.999928,999.999879,999.999833,999.999788,999.999746,999.999705,999.999666,999.999628,999.999593,999.999559,999.999527,999.999497,999.999469,999.999443,999.999418,999.999395,999.999374,999.999355,999.999338,999.999323,999.999309,999.999297,999.999287,999.999279,999.999273,999.999268,999.999265,999.999264,999.999265,999.999268,999.999273,999.999279,999.999287,999.999297,999.999309,999.999323,999.999338,999.999355,999.999374,999.999395,999.999418,999.999443,999.999469,999.999497,999.999527,999.999559,999.999593,999.999628,999.999666,999.999705,999.999746,999.999788,999.999833,999.999879,999.999928,999.999977,1000.000029,1000.000083,1000.000138,1000.000195,1000.000255,1000.000315,1000.000378,1000.000443,1000.000509,1000.000577,1000.000649,1000.000713,1000.000741,1000.000707,1000.000617,1000.000501,1000.000381,1000.000256,0.000000,0.000000,0.000000,0.000000,0.000000
0.000000,0.000000,0.000000,0.000000,1000.000177,1000.000308,1000.000429,1000.000550,1000.000661,1000.000730,1000.000734,1000.000685,1000.000615,1000.000545,1000.000477,1000.000411,1000.000346,1000.000284,1000.000223,1000.000164,1000.000106,1000.000051,999.999997,999.999946,999.999896,999.999847,999.999801,999.999756,999.999714,999.999673,999.999634,999.999596,999.999561,999.999527,999.999495,999.999465,999.999437,999.999411,999.999386,999.999363,999.999343,999.999323,999.999306,999.999291,999.999277,999.999265,999.999255,999.999247,999.999241,999.999236,999.999233,999.999233,999.999233,999.999236,999.999241,999.999247,999.999255,999.999265,999.999277,999.999291,999.999306,999.999323,999.999343,999.999363,999.999386,999.999411,999.999437,999.999465,999.999495,999.999527,999.999561,999.999596,999.999634,999.999673,999.999714,999.999756,999.999801,999.999847,999.999896,999.999946,999.999997,1000.000051,1000.000106,1000.000164,1000.000223,1000.000284,1000.000346,1000.000411,1000.000477,1000.000545,1000.000615,1000.000685,1000.000734,1000.000730,1000.000661,1000.000550,1000.000429,1000.000308,1000.000177,0.000000,0.000000,0.000000,0.000000
0.000000,0.000000,0.000000,0.000000,1000.000225,1000.000351,1000.000473,1000.000595,1000.000695,1000.000739,1000.000717,1000.000655,1000.000583,1000.000514,1000.000447,1000.000380,1000.000316,1000.000253,1000.000193,1000.000134,1000.000076,1000.000021,999.999967,999.999916,999.999866,999.999817,999.999771,999.999726,999.999684,999.999643,999.999604,999.999566,999.999531,999.999497,999.999465,999.999435,999.999407,999.999381,999.999356,999.999333,999.999313,999.999293,999.999276,999.999261,999.999247,999.999235,999.999225,999.999217,999.999211,999.999206,999.999203,999.999202,999.999203,999.999206,999.999211,999.999217,999.999225,999.999235,999.999247,999.999261,999.999276,999.999293,999.999313,999.999333,999.999356,999.999381,999.999407,999.999435,999.999465,999.999497,999.999531,999.999566,999.999604,999.999643,999.999684,999.999726,999.999771,999.999817,999.999866,999.999916,999.999967,1000.000021,1000.000076,1000.000134,1000.000193,1000.000253,1000.000316,1000.000380,1000.000447,1000.000514,1000.000583,1000.000655,1000.000717,1000.000739,1000.000695,1000.000595,1000.000473,1000.000351,1000.000225,0.000000,0.000000,0.000000,0.000000
