0.000000,0.000000,0.000000,0.000000,0.000000,0.000000,0.000000,0.000000,0.000000,0.000000,0.000000,0.000000,0.000000,0.000000,0.000000,0.000000,0.000000,0.000000,0.000000,0.000000,0.000000,0.000000,0.000000,0.000000,0.000000,0.000000,0.000000,0.000000,0.000000,0.000000,0.000000,0.000000,0.000000,0.000000,0.000000,0.000000,0.000000,0.000000,0.000000,0.000000,0.000000,0.000000,0.000000,0.000000,0.000000,0.000000,0.000000,0.000000,0.000000,0.000000,0.000000,0.000000,0.000000,0.000000,0.000000,0.000000,0.000000,0.000000,0.000000,0.000000,0.000000,0.000000,0.000000,0.000000,0.000000,0.000000,0.000000,0.000000,0.000000,0.000000,0.000000,0.000000,0.000000,0.000000,0.000000,0.000000,0.000000,0.000000,0.000000,0.000000,0.000000,0.000000,0.000000,0.000000,0.000000,0.000000,0.000000,0.000000,0.000000,0.000000,0.000000,0.000000,0.000000,0.000000,0.000000,0.000000,0.000000,0.000000,0.000000,0.000000,0.000000,0.000000,0.000000
0.000000,0.000000,0.000000,0.000000,0.000000,0.000000,0.000000,0.000000,0.000000,0.000000,0.000000,0.000000,0.000000,0.000000,0.000000,0.000000,0.000000,0.000000,0.000000,0.000000,0.000000,0.000000,0.000000,0.000000,0.000000,0.000000,0.000000,0.000000,0.000000,0.000000,0.000000,0.000000,0.000000,0.000000,0.000000,0.000000,0.000000,0.000000,0.000000,0.000000,0.000000,0.000000,0.000000,0.000000,0.000000,0.000000,0.000000,0.000000,0.000000,0.000000,0.000000,1000.000092,0.000000,0.000000,0.000000,0.000000,0.000000,0.000000,0.000000,0.000000,0.000000,0.000000,0.000000,0.000000,0.000000,0.000000,0.000000,0.000000,0.000000,0.000000,0.000000,0.000000,0.000000,0.000000,0.000000,0.000000,0.000000,0.000000,0.000000,0.000000,0.000000,0.000000,0.000000,0.000000,0.000000,0.000000,0.000000,0.000000,0.000000,0.000000,0.000000,0.000000,0.000000,0.000000,0.000000,0.000000,0.000000,0.000000,0.000000,0.000000,0.000000,0.000000,0.000000
0.000000,0.000000,0.000000,0.000000,0.000000,0.000000,0.000000,0.000000,0.000000,0.000000,0.000000,0.000000,0.000000,0.000000,0.000000,0.000000,0.000000,0.000000,0.000000,0.000000,0.000000,0.000000,0.000000,0.000000,0.000000,0.000000,0.000000,0.000000,0.000000,0.000000,0.000000,0.000000,0.000000,0.000000,0.000000,0.000000,0.000000,0.000000,0.000000,0.000000,0.000000,0.000000,1000.000167,1000.000194,1000.000208,1000.000215,1000.000219,1000.000220,1000.000220,1000.000219,1000.000218,1000.000225,1000.000218,1000.000219,1000.000220,1000.000220,1000.000219,1000.000215,1000.000208,1000.000194,1000.000167,0.000000,0.000000,0.000000,0.000000,0.000000,0.000000,0.000000,0.000000,0.000000,0.000000,0.000000,0.000000,0.000000,0.000000,0.000000,0.000000,0.000000,0.000000,0.000000,0.000000,0.000000,0.000000,0.000000,0.000000,0.000000,0.000000,0.000000,0.000000,0.000000,0.000000,0.000000,0.000000,0.000000,0.000000,0.000000,0.000000,0.000000,0.000000,0.000000,0.000000,0.000000,0.000000
0.000000,0.000000,0.000000,0.000000,0.000000,0.000000,0.000000,0.000000,0.000000,0.000000,0.000000,0.000000,0.000000,0.000000,0.000000,0.000000,0.000000,0.000000,0.000000,0.000000,0.000000,0.000000,0.000000,0.000000,0.000000,0.000000,0.000000,0.000000,0.000000,0.000000,0.000000,0.000000,0.000000,0.000000,0.000000,0.000000,0.000000,1000.000161,1000.000200,1000.000232,1000.000258,1000.000279,1000.000299,1000.000316,1000.000329,1000.000339,1000.000344,1000.000346,1000.000348,1000.000348,1000.000348,1000.000349,1000.000348,1000.000348,1000.000348,1000.000346,1000.000344,1000.000339,1000.000329,1000.000316,1000.000299,1000.000279,1000.000258,1000.000232,1000.000200,1000.000161,0.000000,0.000000,0.000000,0.000000,0.000000,0.000000,0.000000,0.000000,0.000000,0.000000,0.000000,0.000000,0.000000,0.000000,0.000000,0.000000,0.000000,0.000000,0.000000,0.000000,0.000000,0.000000,0.000000,0.000000,0.000000,0.000000,0.000000,0.000000,0.000000,0.000000,0.000000,0.000000,0.000000,0.000000,0.000000,0.000000,0.000000
0.000000,0.000000,0.000000,0.000000,0.000000,0.000000,0.000000,0.000000,0.000000,0.000000,0.000000,0.000000,0.000000,0.000000,0.000000,0.000000,0.000000,0.000000,0.000000,0.000000,0.000000,0.000000,0.000000,0.000000,0.000000,0.000000,0.000000,0.000000,0.000000,0.000000,0.000000,0.000000,0.000000,0.000000,1000.000167,1000.000213,1000.000251,1000.000289,1000.000321,1000.000351,1000.000379,1000.000402,1000.000424,1000.000441,1000.000453,1000.000461,1000.000467,1000.000469,1000.000471,1000.000471,1000.000472,1000.000471,1000.000472,1000.000471,1000.000471,1000.000469,1000.000467,1000.000461,1000.000453,1000.000441,1000.000424,1000.000402,1000.000379,1000.000351,1000.000321,1000.000289,1000.000251,1000.000213,1000.000167,0.000000,0.000000,0.000000,0.000000,0.000000,0.000000,0.000000,0.000000,0.000000,0.000000,0.000000,0.000000,0.000000,0.000000,0.000000,0.000000,0.000000,0.000000,0.000000,0.000000,0.000000,0.000000,0.000000,0.000000,0.000000,0.000000,0.000000,0.000000,0.000000,0.000000,0.000000,0.000000,0.000000,0.000000
0.000000,0.000000,0.000000,0.000000,0.000000,0.000000,0.000000,0.000000,0.000000,0.000000,0.000000,0.000000,0.000000,0.000000,0.000000,0.000000,0.000000,0.000000,0.000000,0.000000,0.000000,0.000000,0.000000,0.000000,0.000000,0.000000,0.000000,0.000000,0.000000,0.000000,0.000000,0.000000,1000.000191,1000.000242,1000.000292,1000.000333,1000.000370,1000.000407,1000.000440,1000.000470,1000.000497,1000.000523,1000.000546,1000.000563,1000.000575,1000.000581,1000.000585,1000.000587,1000.000588,1000.000588,1000.000588,1000.000588,1000.000588,1000.000588,1000.000588,1000.000587,1000.000585,1000.000581,1000.000575,1000.000563,1000.000546,1000.000523,1000.000497,1000.000470,1000.000440,1000.000407,1000.000370,1000.000333,1000.000292,1000.000242,1000.000191,0.000000,0.000000,0.000000,0.000000,0.000000,0.000000,0.000000,0.000000,0.000000,0.000000,0.000000,0.000000,0.000000,0.000000,0.000000,0.000000,0.000000,0.000000,0.000000,0.000000,0.000000,0.000000,0.000000,0.000000,0.000000,0.000000,0.000000,0.000000,0.000000,0.000000,0.000000,0.000000
0.000000,0.000000,0.000000,0.000000,0.000000,0.000000,0.000000,0.000000,0.000000,0.000000,0.000000,0.000000,0.000000,0.000000,0.000000,0.000000,0.000000,0.000000,0.000000,0.000000,0.000000,0.000000,0.000000,0.000000,0.000000,0.000000,0.000000,0.000000,0.000000,0.000000,1000.000200,1000.000258,1000.000314,1000.000361,1000.000406,1000.000448,1000.000489,1000.000526,1000.000558,1000.000586,1000.000609,1000.000630,1000.000649,1000.000661,1000.000668,1000.000671,1000.000673,1000.000674,1000.000674,1000.000674,1000.000674,1000.000674,1000.000674,1000.000674,1000.000674,1000.000674,1000.000673,1000.000671,1000.000668,1000.000661,1000.000649,1000.000630,1000.000609,1000.000586,1000.000558,1000.000526,1000.000489,1000.000448,1000.000406,1000.000361,1000.000314,1000.000258,1000.000200,0.000000,0.000000,0.000000,0.000000,0.000000,0.000000,0.000000,0.000000,0.000000,0.000000,0.000000,0.000000,0.000000,0.000000,0.000000,0.000000,0.000000,0.000000,0.000000,0.000000,0.000000,0.000000,0.000000,0.000000,0.000000,0.000000,0.000000,0.000000,0.000000,0.000000
0.000000,0.000000,0.000000,0.000000,0.000000,0.000000,0.000000,0.000000,0.000000,0.000000,0.000000,0.000000,0.000000,0.000000,0.000000,0.000000,0.000000,0.000000,0.000000,0.000000,0.000000,0.000000,0.000000,0.000000,0.000000,0.000000,0.000000,0.000000,1000.000199,1000.000261,1000.000321,1000.000373,1000.000425,1000.000475,1000.000522,1000.000564,1000.000601,1000.000632,1000.000657,1000.000674,1000.000686,1000.000694,1000.000696,1000.000695,1000.000693,1000.000692,1000.000691,1000.000690,1000.000689,1000.000689,1000.000688,1000.000688,1000.000688,1000.000689,1000.000689,1000.000690,1000.000691,1000.000692,1000.000693,1000.000695,1000.000696,1000.000694,1000.000686,1000.000674,1000.000657,1000.000632,1000.000601,1000.000564,1000.000522,1000.000475,1000.000425,1000.000373,1000.000321,1000.000261,1000.000199,0.000000,0.000000,0.000000,0.000000,0.000000,0.000000,0.000000,0.000000,0.000000,0.000000,0.000000,0.000000,0.000000,0.000000,0.000000,0.000000,0.000000,0.000000,0.000000,0.000000,0.000000,0.000000,0.000000,0.000000,0.000000,0.000000,0.000000,0.000000
0.000000,0.000000,0.000000,0.000000,0.000000,0.000000,0.000000,0.000000,0.000000,0.000000,0.000000,0.000000,0.000000,0.000000,0.000000,0.000000,0.000000,0.000000,0.000000,0.000000,0.000000,0.000000,0.000000,0.000000,0.000000,0.000000,1000.000189,1000.000256,1000.000319,1000.000375,1000.000430,1000.000484,1000.000537,1000.000585,1000.000627,1000.000660,1000.000682,1000.000696,1000.000701,1000.000700,1000.000695,1000.000687,1000.000673,1000.000660,1000.000651,1000.000645,1000.000642,1000.000639,1000.000637,1000.000636,1000.000635,1000.000635,1000.000635,1000.000636,1000.000637,1000.000639,1000.000642,1000.000645,1000.000651,1000.000660,1000.000673,1000.000687,1000.000695,1000.000700,1000.000701,1000.000696,1000.000682,1000.000660,1000.000627,1000.000585,1000.000537,1000.000484,1000.000430,1000.000375,1000.000319,1000.000256,1000.000189,0.000000,0.000000,0.000000,0.000000,0.000000,0.000000,0.000000,0.000000,0.000000,0.000000,0.000000,0.000000,0.000000,0.000000,0.000000,0.000000,0.000000,0.000000,0.000000,0.000000,0.000000,0.000000,0.000000,0.000000,0.000000,0.000000
0.000000,0.000000,0.000000,0.000000,0.000000,0.000000,0.000000,0.000000,0.000000,0.000000,0.000000,0.000000,0.000000,0.000000,0.000000,0.000000,0.000000,0.000000,0.000000,0.000000,0.000000,0.000000,0.000000,0.000000,1000.000163,1000.000236,1000.000306,1000.000367,1000.000426,1000.000484,1000.000540,1000.000591,1000.000636,1000.000671,1000.000694,1000.000702,1000.000701,1000.000692,1000.000677,1000.000661,1000.000645,1000.000628,1000.000611,1000.000594,1000.000582,1000.000575,1000.000569,1000.000565,1000.000562,1000.000560,1000.000559,1000.000559,1000.000559,1000.000560,1000.000562,1000.000565,1000.000569,1000.000575,1000.000582,1000.000594,1000.000611,1000.000628,1000.000645,1000.000661,1000.000677,1000.000692,1000.000701,1000.000702,1000.000694,1000.000671,1000.000636,1000.000591,1000.000540,1000.000484,1000.000426,1000.000367,1000.000306,1000.000236,1000.000163,0.000000,0.000000,0.000000,0.000000,0.000000,0.000000,0.000000,0.000000,0.000000,0.000000,0.000000,0.000000,0.000000,0.000000,0.000000,0.000000,0.000000,0.000000,0.000000,0.000000,0.000000,0.000000,0.000000,0.000000
0.000000,0.000000,0.000000,0.000000,0.000000,0.000000,0.000000,0.000000,0.000000,0.000000,0.000000,0.000000,0.000000,0.000000,0.000000,0.000000,0.000000,0.000000,0.000000,0.000000,0.000000,0.000000,0.000000,1000.000196,1000.000276,1000.000344,1000.000411,1000.000474,1000.000535,1000.000590,1000.000637,1000.000674,1000.000697,1000.000704,1000.000697,1000.000680,1000.000660,1000.000638,1000.000615,1000.000593,1000.000574,1000.000557,1000.000540,1000.000525,1000.000513,1000.000504,1000.000497,1000.000492,1000.000488,1000.000486,1000.000484,1000.000484,1000.000484,1000.000486,1000.000488,1000.000492,1000.000497,1000.000504,1000.000513,1000.000525,1000.000540,1000.000557,1000.000574,1000.000593,1000.000615,1000.000638,1000.000660,1000.000680,1000.000697,1000.000704,1000.000697,1000.000674,1000.000637,1000.000590,1000.000535,1000.000474,1000.000411,1000.000344,1000.000276,1000.000196,0.000000,0.000000,0.000000,0.000000,0.000000,0.000000,0.000000,0.000000,0.000000,0.000000,0.000000,0.000000,0.000000,0.000000,0.000000,0.000000,0.000000,0.000000,0.000000,0.000000,0.000000,0.000000,0.000000
0.000000,0.000000,0.000000,0.000000,0.000000,0.000000,0.000000,0.000000,0.000000,0.000000,0.000000,0.000000,0.000000,0.000000,0.000000,0.000000,0.000000,0.000000,0.000000,0.000000,0.000000,1000.000145,1000.000227,1000.000307,1000.000378,1000.000448,1000.000517,1000.000579,1000.000632,1000.000672,1000.000697,1000.000704,1000.000697,1000.000676,1000.000650,1000.000621,1000.000593,1000.000568,1000.000545,1000.000524,1000.000504,1000.000487,1000.000471,1000.000457,1000.000445,1000.000435,1000.000427,1000.000421,1000.000417,1000.000414,1000.000412,1000.000412,1000.000412,1000.000414,1000.000417,1000.000421,1000.000427,1000.000435,1000.000445,1000.000457,1000.000471,1000.000487,1000.000504,1000.000524,1000.000545,1000.000568,1000.000593,1000.000621,1000.000650,1000.000676,1000.000697,1000.000704,1000.000697,1000.000672,1000.000632,1000.000579,1000.000517,1000.000448,1000.000378,1000.000307,1000.000227,1000.000145,0.000000,0.000000,0.000000,0.000000,0.000000,0.000000,0.000000,0.000000,0.000000,0.000000,0.000000,0.000000,0.000000,0.000000,0.000000,0.000000,0.000000,0.000000,0.000000,0.000000,0.000000
0.000000,0.000000,0.000000,0.000000,0.000000,0.000000,0.000000,0.000000,0.000000,0.000000,0.000000,0.000000,0.000000,0.000000,0.000000,0.000000,0.000000,0.000000,0.000000,0.000000,1000.000169,1000.000256,1000.000330,1000.000404,1000.000477,1000.000550,1000.000614,1000.000664,1000.000693,1000.000703,1000.000697,1000.000676,1000.000648,1000.000616,1000.000583,1000.000553,1000.000525,1000.000501,1000.000478,1000.000457,1000.000437,1000.000419,1000.000403,1000.000389,1000.000377,1000.000367,1000.000359,1000.000352,1000.000348,1000.000344,1000.000342,1000.000342,1000.000342,1000.000344,1000.000348,1000.000352,1000.000359,1000.000367,1000.000377,1000.000389,1000.000403,1000.000419,1000.000437,1000.000457,1000.000478,1000.000501,1000.000525,1000.000553,1000.000583,1000.000616,1000.000648,1000.000676,1000.000697,1000.000703,1000.000693,1000.000664,1000.000614,1000.000550,1000.000477,1000.000404,1000.000330,1000.000256,1000.000169,0.000000,0.000000,0.000000,0.000000,0.000000,0.000000,0.000000,0.000000,0.000000,0.000000,0.000000,0.000000,0.000000,0.000000,0.000000,0.000000,0.000000,0.000000,0.000000,0.000000
0.000000,0.000000,0.000000,0.000000,0.000000,0.000000,0.000000,0.000000,0.000000,0.000000,0.000000,0.000000,0.000000,0.000000,0.000000,0.000000,0.000000,0.000000,0.000000,1000.000188,1000.000277,1000.000354,1000.000428,1000.000502,1000.000574,1000.000637,1000.000682,1000.000701,1000.000697,1000.000678,1000.000649,1000.000615,1000.000581,1000.000547,1000.000516,1000.000488,1000.000461,1000.000435,1000.000412,1000.000391,1000.000371,1000.000353,1000.000337,1000.000323,1000.000311,1000.000301,1000.000292,1000.000285,1000.000280,1000.000277,1000.000274,1000.000274,1000.000274,1000.000277,1000.000280,1000.000285,1000.000292,1000.000301,1000.000311,1000.000323,1000.000337,1000.000353,1000.000371,1000.000391,1000.000412,1000.000435,1000.000461,1000.000488,1000.000516,1000.000547,1000.000581,1000.000615,1000.000649,1000.000678,1000.000697,1000.000701,1000.000682,1000.000637,1000.000574,1000.000502,1000.000428,1000.000354,1000.000277,1000.000188,0.000000,0.000000,0.000000,0.000000,0.000000,0.000000,0.000000,0.000000,0.000000,0.000000,0.000000,0.000000,0.000000,0.000000,0.000000,0.000000,0.000000,0.000000,0.000000
0.000000,0.000000,0.000000,0.000000,0.000000,0.000000,0.000000,0.000000,0.000000,0.000000,0.000000,0.000000,0.000000,0.000000,0.000000,0.000000,0.000000,0.000000,1000.000200,1000.000292,1000.000373,1000.000451,1000.000527,1000.000596,1000.000653,1000.000692,1000.000702,1000.000685,1000.000655,1000.000620,1000.000584,1000.000548,1000.000515,1000.000483,1000.000452,1000.000424,1000.000396,1000.000371,1000.000348,1000.000326,1000.000307,1000.000289,1000.000273,1000.000259,1000.000246,1000.000236,1000.000227,1000.000220,1000.000215,1000.000211,1000.000209,1000.000208,1000.000209,1000.000211,1000.000215,1000.000220,1000.000227,1000.000236,1000.000246,1000.000259,1000.000273,1000.000289,1000.000307,1000.000326,1000.000348,1000.000371,1000.000396,1000.000424,1000.000452,1000.000483,1000.000515,1000.000548,1000.000584,1000.000620,1000.000655,1000.000685,1000.000702,1000.000692,1000.000653,1000.000596,1000.000527,1000.000451,1000.000373,1000.000292,1000.000200,0.000000,0.000000,0.000000,0.000000,0.000000,0.000000,0.000000,0.000000,0.000000,0.000000,0.000000,0.000000,0.000000,0.000000,0.000000,0.000000,0.000000,0.000000
0.000000,0.000000,0.000000,0.000000,0.000000,0.000000,0.000000,0.000000,0.000000,0.000000,0.000000,0.000000,0.000000,0.000000,0.000000,0.000000,0.000000,1000.000206,1000.000301,1000.000385,1000.000467,1000.000548,1000.000618,1000.000670,1000.000699,1000.000701,1000.000676,1000.000638,1000.000596,1000.000556,1000.000520,1000.000485,1000.000452,1000.000420,1000.000389,1000.000360,1000.000333,1000.000309,1000.000285,1000.000264,1000.000244,1000.000226,1000.000210,1000.000196,1000.000184,1000.000173,1000.000164,1000.000157,1000.000151,1000.000147,1000.000145,1000.000144,1000.000145,1000.000147,1000.000151,1000.000157,1000.000164,1000.000173,1000.000184,1000.000196,1000.000210,1000.000226,1000.000244,1000.000264,1000.000285,1000.000309,1000.000333,1000.000360,1000.000389,1000.000420,1000.000452,1000.000485,1000.000520,1000.000556,1000.000596,1000.000638,1000.000676,1000.000701,1000.000699,1000.000670,1000.000618,1000.000548,1000.000467,1000.000385,1000.000301,1000.000206,0.000000,0.000000,0.000000,0.000000,0.000000,0.000000,0.000000,0.000000,0.000000,0.000000,0.000000,0.000000,0.000000,0.000000,0.000000,0.000000,0.000000
0.000000,0.000000,0.000000,0.000000,0.000000,0.000000,0.000000,0.000000,0.000000,0.000000,0.000000,0.000000,0.000000,0.000000,0.000000,0.000000,1000.000208,1000.000305,1000.000391,1000.000475,1000.000559,1000.000631,1000.000682,1000.000702,1000.000694,1000.000666,1000.000624,1000.000578,1000.000535,1000.000496,1000.000460,1000.000424,1000.000390,1000.000358,1000.000328,1000.000300,1000.000273,1000.000248,1000.000224,1000.000203,1000.000183,1000.000165,1000.000149,1000.000135,1000.000122,1000.000112,1000.000103,1000.000095,1000.000090,1000.000085,1000.000083,1000.000082,1000.000083,1000.000085,1000.000090,1000.000095,1000.000103,1000.000112,1000.000122,1000.000135,1000.000149,1000.000165,1000.000183,1000.000203,1000.000224,1000.000248,1000.000273,1000.000300,1000.000328,1000.000358,1000.000390,1000.000424,1000.000460,1000.000496,1000.000535,1000.000578,1000.000624,1000.000666,1000.000694,1000.000702,1000.000682,1000.000631,1000.000559,1000.000475,1000.000391,1000.000305,1000.000208,0.000000,0.000000,0.000000,0.000000,0.000000,0.000000,0.000000,0.000000,0.000000,0.000000,0.000000,0.000000,0.000000,0.000000,0.000000,0.000000
0.000000,0.000000,0.000000,0.000000,0.000000,0.000000,0.000000,0.000000,0.000000,0.000000,0.000000,0.000000,0.000000,0.000000,0.000000,1000.000206,1000.000305,1000.000393,1000.000479,1000.000564,1000.000638,1000.000688,1000.000702,1000.000684,1000.000650,1000.000608,1000.000562,1000.000517,1000.000477,1000.000438,1000.000400,1000.000364,1000.000331,1000.000299,1000.000269,1000.000240,1000.000213,1000.000188,1000.000165,1000.000144,1000.000124,1000.000106,1000.000090,1000.000075,1000.000063,1000.000052,1000.000043,1000.000035,1000.000030,1000.000026,1000.000023,1000.000022,1000.000023,1000.000026,1000.000030,1000.000035,1000.000043,1000.000052,1000.000063,1000.000075,1000.000090,1000.000106,1000.000124,1000.000144,1000.000165,1000.000188,1000.000213,1000.000240,1000.000269,1000.000299,1000.000331,1000.000364,1000.000400,1000.000438,1000.000477,1000.000517,1000.000562,1000.000608,1000.000650,1000.000684,1000.000702,1000.000688,1000.000638,1000.000564,1000.000479,1000.000393,1000.000305,1000.000206,0.000000,0.000000,0.000000,0.000000,0.000000,0.000000,0.000000,0.000000,0.000000,0.000000,0.000000,0.000000,0.000000,0.000000,0.000000
0.000000,0.000000,0.000000,0.000000,0.000000,0.000000,0.000000,0.000000,0.000000,0.000000,0.000000,0.000000,0.000000,0.000000,1000.000200,1000.000301,1000.000391,1000.000479,1000.000566,1000.000640,1000.000690,1000.000702,1000.000680,1000.000639,1000.000592,1000.000546,1000.000502,1000.000460,1000.000420,1000.000380,1000.000342,1000.000307,1000.000273,1000.000241,1000.000211,1000.000182,1000.000156,1000.000131,1000.000107,1000.000086,1000.000066,1000.000048,1000.000032,1000.000018,1000.000005,999.999994,999.999985,999.999977,999.999972,999.999967,999.999965,999.999964,999.999965,999.999967,999.999972,999.999977,999.999985,999.999994,1000.000005,1000.000018,1000.000032,1000.000048,1000.000066,1000.000086,1000.000107,1000.000131,1000.000156,1000.000182,1000.000211,1000.000241,1000.000273,1000.000307,1000.000342,1000.000380,1000.000420,1000.000460,1000.000502,1000.000546,1000.000592,1000.000639,1000.000680,1000.000702,1000.000690,1000.000640,1000.000566,1000.000479,1000.000391,1000.000301,1000.000200,0.000000,0.000000,0.000000,0.000000,0.000000,0.000000,0.000000,0.000000,0.000000,0.000000,0.000000,0.000000,0.000000,0.000000
0.000000,0.000000,0.000000,0.000000,0.000000,0.000000,0.000000,0.000000,0.000000,0.000000,0.000000,0.000000,0.000000,1000.000188,1000.000292,1000.000385,1000.000475,1000.000564,1000.000640,1000.000691,1000.000703,1000.000678,1000.000634,1000.000583,1000.000535,1000.000490,1000.000447,1000.000404,1000.000363,1000.000324,1000.000287,1000.000251,1000.000217,1000.000185,1000.000155,1000.000127,1000.000100,1000.000075,1000.000052,1000.000030,1000.000010,999.999992,999.999976,999.999962,999.999949,999.999938,999.999929,999.999921,999.999915,999.999911,999.999909,999.999908,999.999909,999.999911,999.999915,999.999921,999.999929,999.999938,999.999949,999.999962,999.999976,999.999992,1000.000010,1000.000030,1000.000052,1000.000075,1000.000100,1000.000127,1000.000155,1000.000185,1000.000217,1000.000251,1000.000287,1000.000324,1000.000363,1000.000404,1000.000447,1000.000490,1000.000535,1000.000583,1000.000634,1000.000678,1000.000703,1000.000691,1000.000640,1000.000564,1000.000475,1000.000385,1000.000292,1000.000188,0.000000,0.000000,0.000000,0.000000,0.000000,0.000000,0.000000,0.000000,0.000000,0.000000,0.000000,0.000000,0.000000
0.000000,0.000000,0.000000,0.000000,0.000000,0.000000,0.000000,0.000000,0.000000,0.000000,0.000000,0.000000,1000.000169,1000.000277,1000.000373,1000.000467,1000.000559,1000.000638,1000.000690,1000.000703,1000.000678,1000.000632,1000.000579,1000.000528,1000.000481,1000.000436,1000.000392,1000.000349,1000.000308,1000.000270,1000.000232,1000.000197,1000.000163,1000.000131,1000.000101,1000.000072,1000.000046,1000.000021,999.999997,999.999976,999.999956,999.999938,999.999922,999.999907,999.999895,999.999883,999.999874,999.999867,999.999861,999.999856,999.999854,999.999853,999.999854,999.999856,999.999861,999.999867,999.999874,999.999883,999.999895,999.999907,999.999922,999.999938,999.999956,999.999976,999.999997,1000.000021,1000.000046,1000.000072,1000.000101,1000.000131,1000.000163,1000.000197,1000.000232,1000.000270,1000.000308,1000.000349,1000.000392,1000.000436,1000.000481,1000.000528,1000.000579,1000.000632,1000.000678,1000.000703,1000.000690,1000.000638,1000.000559,1000.000467,1000.000373,1000.000277,1000.000169,0.000000,0.000000,0.000000,0.000000,0.000000,0.000000,0.000000,0.000000,0.000000,0.000000,0.000000,0.000000
0.000000,0.000000,0.000000,0.000000,0.000000,0.000000,0.000000,0.000000,0.000000,0.000000,0.000000,1000.000145,1000.000256,1000.000354,1000.000451,1000.000548,1000.000631,1000.000688,1000.000702,1000.000678,1000.000632,1000.000578,1000.000525,1000.000476,1000.000429,1000.000383,1000.000339,1000.000297,1000.000256,1000.000217,1000.000180,1000.000144,1000.000111,1000.000079,1000.000048,1000.000020,999.999993,999.999968,999.999945,999.999923,999.999903,999.999885,999.999869,999.999855,999.999842,999.999831,999.999821,999.999814,999.999808,999.999804,999.999801,999.999800,999.999801,999.999804,999.999808,999.999814,999.999821,999.999831,999.999842,999.999855,999.999869,999.999885,999.999903,999.999923,999.999945,999.999968,999.999993,1000.000020,1000.000048,1000.000079,1000.000111,1000.000144,1000.000180,1000.000217,1000.000256,1000.000297,1000.000339,1000.000383,1000.000429,1000.000476,1000.000525,1000.000578,1000.000632,1000.000678,1000.000702,1000.000688,1000.000631,1000.000548,1000.000451,1000.000354,1000.000256,1000.000145,0.000000,0.000000,0.000000,0.000000,0.000000,0.000000,0.000000,0.000000,0.000000,0.000000,0.000000
0.000000,0.000000,0.000000,0.000000,0.000000,0.000000,0.000000,0.000000,0.000000,0.000000,0.000000,1000.000227,1000.000330,1000.000428,1000.000527,1000.000618,1000.000682,1000.000702,1000.000680,1000.000634,1000.000579,1000.000525,1000.000475,1000.000426,1000.000378,1000.000332,1000.000288,1000.000246,1000.000205,1000.000166,1000.000129,1000.000093,1000.000060,1000.000028,999.999997,999.999969,999.999942,999.999917,999.999894,999.999872,999.999853,999.999835,999.999818,999.999804,999.999791,999.999780,999.999770,999.999763,999.999757,999.999753,999.999750,999.999749,999.999750,999.999753,999.999757,999.999763,999.999770,999.999780,999.999791,999.999804,999.999818,999.999835,999.999853,999.999872,999.999894,999.999917,999.999942,999.999969,999.999997,1000.000028,1000.000060,1000.000093,1000.000129,1000.000166,1000.000205,1000.000246,1000.000288,1000.000332,1000.000378,1000.000426,1000.000475,1000.000525,1000.000579,1000.000634,1000.000680,1000.000702,1000.000682,1000.000618,1000.000527,1000.000428,1000.000330,1000.000227,0.000000,0.000000,0.000000,0.000000,0.000000,0.000000,0.000000,0.000000,0.000000,0.000000,0.000000
0.000000,0.000000,0.000000,0.000000,0.000000,0.000000,0.000000,0.000000,0.000000,0.000000,1000.000196,1000.000307,1000.000404,1000.000502,1000.000596,1000.000670,1000.000702,1000.000684,1000.000639,1000.000583,1000.000528,1000.000476,1000.000426,1000.000376,1000.000328,1000.000283,1000.000239,1000.000196,1000.000156,1000.000117,1000.000080,1000.000044,1000.000011,999.999979,999.999948,999.999920,999.999893,999.999868,999.999845,999.999823,999.999804,999.999785,999.999769,999.999755,999.999742,999.999731,999.999721,999.999714,999.999708,999.999703,999.999701,999.999700,999.999701,999.999703,999.999708,999.999714,999.999721,999.999731,999.999742,999.999755,999.999769,999.999785,999.999804,999.999823,999.999845,999.999868,999.999893,999.999920,999.999948,999.999979,1000.000011,1000.000044,1000.000080,1000.000117,1000.000156,1000.000196,1000.000239,1000.000283,1000.000328,1000.000376,1000.000426,1000.000476,1000.000528,1000.000583,1000.000639,1000.000684,1000.000702,1000.000670,1000.000596,1000.000502,1000.000404,1000.000307,1000.000196,0.000000,0.000000,0.000000,0.000000,0.000000,0.000000,0.000000,0.000000,0.000000,0.000000
0.000000,0.000000,0.000000,0.000000,0.000000,0.000000,0.000000,0.000000,0.000000,1000.000163,1000.000276,1000.000378,1000.000477,1000.000574,1000.000653,1000.000699,1000.000694,1000.000650,1000.000592,1000.000535,1000.000481,1000.000429,1000.000378,1000.000328,1000.000281,1000.000236,1000.000191,1000.000149,1000.000108,1000.000069,1000.000032,999.999997,999.999963,999.999931,999.999901,999.999872,999.999846,999.999821,999.999797,999.999776,999.999756,999.999738,999.999722,999.999707,999.999694,999.999683,999.999674,999.999666,999.999660,999.999656,999.999653,999.999652,999.999653,999.999656,999.999660,999.999666,999.999674,999.999683,999.999694,999.999707,999.999722,999.999738,999.999756,999.999776,999.999797,999.999821,999.999846,999.999872,999.999901,999.999931,999.999963,999.999997,1000.000032,1000.000069,1000.000108,1000.000149,1000.000191,1000.000236,1000.000281,1000.000328,1000.000378,1000.000429,1000.000481,1000.000535,1000.000592,1000.000650,1000.000694,1000.000699,1000.000653,1000.000574,1000.000477,1000.000378,1000.000276,1000.000163,0.000000,0.000000,0.000000,0.000000,0.000000,0.000000,0.000000,0.000000,0.000000
0.000000,0.000000,0.000000,0.000000,0.000000,0.000000,0.000000,0.000000,0.000000,1000.000236,1000.000344,1000.000448,1000.000550,1000.000637,1000.000692,1000.000701,1000.000666,1000.000608,1000.000546,1000.000490,1000.000436,1000.000383,1000.000332,1000.000283,1000.000236,1000.000190,1000.000145,1000.000103,1000.000063,1000.000024,999.999987,999.999951,999.999917,999.999885,999.999855,999.999827,999.999800,999.999775,999.999752,999.999730,999.999710,999.999692,999.999676,999.999661,999.999648,999.999637,999.999628,999.999620,999.999614,999.999610,999.999607,999.999606,999.999607,999.999610,999.999614,999.999620,999.999628,999.999637,999.999648,999.999661,999.999676,999.999692,999.999710,999.999730,999.999752,999.999775,999.999800,999.999827,999.999855,999.999885,999.999917,999.999951,999.999987,1000.000024,1000.000063,1000.000103,1000.000145,1000.000190,1000.000236,1000.000283,1000.000332,1000.000383,1000.000436,1000.000490,1000.000546,1000.000608,1000.000666,1000.000701,1000.000692,1000.000637,1000.000550,1000.000448,1000.000344,1000.000236,0.000000,0.000000,0.000000,0.000000,0.000000,0.000000,0.000000,0.000000,0.000000
0.000000,0.000000,0.000000,0.000000,0.000000,0.000000,0.000000,0.000000,1000.000189,1000.000306,1000.000411,1000.000517,1000.000614,1000.000682,1000.000702,1000.000676,1000.000624,1000.000562,1000.000502,1000.000447,1000.000392,1000.000339,1000.000288,1000.000239,1000.000191,1000.000145,1000.000101,1000.000059,1000.000019,999.999980,999.999943,999.999907,999.999873,999.999841,999.999811,999.999783,999.999756,999.999731,999.999708,999.999686,999.999666,999.999648,999.999632,999.999617,999.999604,999.999593,999.999584,999.999576,999.999570,999.999566,999.999563,999.999562,999.999563,999.999566,999.999570,999.999576,999.999584,999.999593,999.999604,999.999617,999.999632,999.999648,999.999666,999.999686,999.999708,999.999731,999.999756,999.999783,999.999811,999.999841,999.999873,999.999907,999.999943,999.999980,1000.000019,1000.000059,1000.000101,1000.000145,1000.000191,1000.000239,1000.000288,1000.000339,1000.000392,1000.000447,1000.000502,1000.000562,1000.000624,1000.000676,1000.000702,1000.000682,1000.000614,1000.000517,1000.000411,1000.000306,1000.000189,0.000000,0.000000,0.000000,0.000000,0.000000,0.000000,0.000000,0.000000
0.000000,0.000000,0.000000,0.000000,0.000000,0.000000,0.000000,0.000000,1000.000256,1000.000367,1000.000474,1000.000579,1000.000664,1000.000701,1000.000685,1000.000638,1000.000578,1000.000517,1000.000460,1000.000404,1000.000349,1000.000297,1000.000246,1000.000196,1000.000149,1000.000103,1000.000059,1000.000017,999.999976,999.999937,999.999900,999.999865,999.999831,999.999799,999.999769,999.999741,999.999714,999.999689,999.999665,999.999644,999.999624,999.999606,999.999590,999.999575,999.999562,999.999551,999.999542,999.999534,999.999528,999.999523,999.999521,999.999520,999.999521,999.999523,999.999528,999.999534,999.999542,999.999551,999.999562,999.999575,999.999590,999.999606,999.999624,999.999644,999.999665,999.999689,999.999714,999.999741,999.999769,999.999799,999.999831,999.999865,999.999900,999.999937,999.999976,1000.000017,1000.000059,1000.000103,1000.000149,1000.000196,1000.000246,1000.000297,1000.000349,1000.000404,1000.000460,1000.000517,1000.000578,1000.000638,1000.000685,1000.000701,1000.000664,1000.000579,1000.000474,1000.000367,1000.000256,0.000000,0.000000,0.000000,0.000000,0.000000,0.000000,0.000000,0.000000
0.000000,0.000000,0.000000,0.000000,0.000000,0.000000,0.000000,1000.000199,1000.000319,1000.000426,1000.000535,1000.000632,1000.000693,1000.000697,1000.000655,1000.000596,1000.000535,1000.000477,1000.000420,1000.000363,1000.000308,1000.000256,1000.000205,1000.000156,1000.000108,1000.000063,1000.000019,999.999976,999.999936,999.999897,999.999860,999.999824,999.999791,999.999759,999.999728,999.999700,999.999673,999.999648,999.999625,999.999603,999.999584,999.999565,999.999549,999.999534,999.999522,999.999510,999.999501,999.999493,999.999487,999.999483,999.999480,999.999479,999.999480,999.999483,999.999487,999.999493,999.999501,999.999510,999.999522,999.999534,999.999549,999.999565,999.999584,999.999603,999.999625,999.999648,999.999673,999.999700,999.999728,999.999759,999.999791,999.999824,999.999860,999.999897,999.999936,999.999976,1000.000019,1000.000063,1000.000108,1000.000156,1000.000205,1000.000256,1000.000308,1000.000363,1000.000420,1000.000477,1000.000535,1000.000596,1000.000655,1000.000697,1000.000693,1000.000632,1000.000535,1000.000426,1000.000319,1000.000199,0.000000,0.000000,0.000000,0.000000,0.000000,0.000000,0.000000
0.000000,0.000000,0.000000,0.000000,0.000000,0.000000,0.000000,1000.000261,1000.000375,1000.000484,1000.000590,1000.000672,1000.000703,1000.000678,1000.000620,1000.000556,1000.000496,1000.000438,1000.000380,1000.000324,1000.000270,1000.000217,1000.000166,1000.000117,1000.000069,1000.000024,999.999980,999.999937,999.999897,999.999858,999.999821,999.999785,999.999752,999.999720,999.999690,999.999661,999.999634,999.999609,999.999586,999.999565,999.999545,999.999527,999.999510,999.999496,999.999483,999.999472,999.999462,999.999454,999.999448,999.999444,999.999441,999.999441,999.999441,999.999444,999.999448,999.999454,999.999462,999.999472,999.999483,999.999496,999.999510,999.999527,999.999545,999.999565,999.999586,999.999609,999.999634,999.999661,999.999690,999.999720,999.999752,999.999785,999.999821,999.999858,999.999897,999.999937,999.999980,1000.000024,1000.000069,1000.000117,1000.000166,1000.000217,1000.000270,1000.000324,1000.000380,1000.000438,1000.000496,1000.000556,1000.000620,1000.000678,1000.000703,1000.000672,1000.000590,1000.000484,1000.000375,1000.000261,0.000000,0.000000,0.000000,0.000000,0.000000,0.000000,0.000000
0.000000,0.000000,0.000000,0.000000,0.000000,0.000000,1000.000200,1000.000321,1000.000430,1000.000540,1000.000637,1000.000697,1000.000697,1000.000649,1000.000584,1000.000520,1000.000460,1000.000400,1000.000342,1000.000287,1000.000232,1000.000180,1000.000129,1000.000080,1000.000032,999.999987,999.999943,999.999900,999.999860,999.999821,999.999784,999.999748,999.999715,999.999683,999.999653,999.999624,999.999597,999.999572,999.999549,999.999527,999.999508,999.999490,999.999473,999.999459,999.999446,999.999434,999.999425,999.999417,999.999411,999.999407,999.999404,999.999403,999.999404,999.999407,999.999411,999.999417,999.999425,999.999434,999.999446,999.999459,999.999473,999.999490,999.999508,999.999527,999.999549,999.999572,999.999597,999.999624,999.999653,999.999683,999.999715,999.999748,999.999784,999.999821,999.999860,999.999900,999.999943,999.999987,1000.000032,1000.000080,1000.000129,1000.000180,1000.000232,1000.000287,1000.000342,1000.000400,1000.000460,1000.000520,1000.000584,1000.000649,1000.000697,1000.000697,1000.000637,1000.000540,1000.000430,1000.000321,1000.000200,0.000000,0.000000,0.000000,0.000000,0.000000,0.000000
0.000000,0.000000,0.000000,0.000000,0.000000,0.000000,1000.000258,1000.000373,1000.000484,1000.000591,1000.000674,1000.000704,1000.000676,1000.000615,1000.000548,1000.000485,1000.000424,1000.000364,1000.000307,1000.000251,1000.000197,1000.000144,1000.000093,1000.000044,999.999997,999.999951,999.999907,999.999865,999.999824,999.999785,999.999748,999.999713,999.999679,999.999647,999.999617,999.999589,999.999562,999.999537,999.999514,999.999492,999.999472,999.999454,999.999438,999.999423,999.999410,999.999399,999.999390,999.999382,999.999376,999.999371,999.999369,999.999368,999.999369,999.999371,999.999376,999.999382,999.999390,999.999399,999.999410,999.999423,999.999438,999.999454,999.999472,999.999492,999.999514,999.999537,999.999562,999.999589,999.999617,999.999647,999.999679,999.999713,999.999748,999.999785,999.999824,999.999865,999.999907,999.999951,999.999997,1000.000044,1000.000093,1000.000144,1000.000197,1000.000251,1000.000307,1000.000364,1000.000424,1000.000485,1000.000548,1000.000615,1000.000676,1000.000704,1000.000674,1000.000591,1000.000484,1000.000373,1000.000258,0.000000,0.000000,0.000000,0.000000,0.000000,0.000000
0.000000,0.000000,0.000000,0.000000,0.000000,1000.000191,1000.000314,1000.000425,1000.000537,1000.000636,1000.000697,1000.000697,1000.000648,1000.000581,1000.000515,1000.000452,1000.000390,1000.000331,1000.000273,1000.000217,1000.000163,1000.000111,1000.000060,1000.000011,999.999963,999.999917,999.999873,999.999831,999.999791,999.999752,999.999715,999.999679,999.999646,999.999614,999.999584,999.999555,999.999528,999.999503,999.999480,999.999458,999.999439,999.999420,999.999404,999.999389,999.999377,999.999365,999.999356,999.999348,999.999342,999.999338,999.999335,999.999334,999.999335,999.999338,999.999342,999.999348,999.999356,999.999365,999.999377,999.999389,999.999404,999.999420,999.999439,999.999458,999.999480,999.999503,999.999528,999.999555,999.999584,999.999614,999.999646,999.999679,999.999715,999.999752,999.999791,999.999831,999.999873,999.999917,999.999963,1000.000011,1000.000060,1000.000111,1000.000163,1000.000217,1000.000273,1000.000331,1000.000390,1000.000452,1000.000515,1000.000581,1000.000648,1000.000697,1000.000697,1000.000636,1000.000537,1000.000425,1000.000314,1000.000191,0.000000,0.000000,0.000000,0.000000,0.000000
0.000000,0.000000,0.000000,0.000000,0.000000,1000.000242,1000.000361,1000.000475,1000.000585,1000.000671,1000.000704,1000.000676,1000.000616,1000.000547,1000.000483,1000.000420,1000.000358,1000.000299,1000.000241,1000.000185,1000.000131,1000.000079,1000.000028,999.999979,999.999931,999.999885,999.999841,999.999799,999.999759,999.999720,999.999683,999.999647,999.999614,999.999582,999.999552,999.999523,999.999496,999.999471,999.999448,999.999427,999.999407,999.999389,999.999372,999.999358,999.999345,999.999333,999.999324,999.999316,999.999310,999.999306,999.999303,999.999302,999.999303,999.999306,999.999310,999.999316,999.999324,999.999333,999.999345,999.999358,999.999372,999.999389,999.999407,999.999427,999.999448,999.999471,999.999496,999.999523,999.999552,999.999582,999.999614,999.999647,999.999683,999.999720,999.999759,999.999799,999.999841,999.999885,999.999931,999.999979,1000.000028,1000.000079,1000.000131,1000.000185,1000.000241,1000.000299,1000.000358,1000.000420,1000.000483,1000.000547,1000.000616,1000.000676,1000.000704,1000.000671,1000.000585,1000.000475,1000.000361,1000.000242,0.000000,0.000000,0.000000,0.000000,0.000000
0.000000,0.000000,0.000000,0.000000,1000.000167,1000.000292,1000.000406,1000.000522,1000.000627,1000.000694,1000.000697,1000.000650,1000.000583,1000.000516,1000.000452,1000.000389,1000.000328,1000.000269,1000.000211,1000.000155,1000.000101,1000.000048,999.999997,999.999948,999.999901,999.999855,999.999811,999.999769,999.999728,999.999690,999.999653,999.999617,999.999584,999.999552,999.999521,999.999493,999.999466,999.999441,999.999418,999.999396,999.999376,999.999358,999.999342,999.999327,999.999314,999.999303,999.999294,999.999286,999.999280,999.999276,999.999273,999.999272,999.999273,999.999276,999.999280,999.999286,999.999294,999.999303,999.999314,999.999327,999.999342,999.999358,999.999376,999.999396,999.999418,999.999441,999.999466,999.999493,999.999521,999.999552,999.999584,999.999617,999.999653,999.999690,999.999728,999.999769,999.999811,999.999855,999.999901,999.999948,999.999997,1000.000048,1000.000101,1000.000155,1000.000211,1000.000269,1000.000328,1000.000389,1000.000452,1000.000516,1000.000583,1000.000650,1000.000697,1000.000694,1000.000627,1000.000522,1000.000406,1000.000292,1000.000167,0.000000,0.000000,0.000000,0.000000
0.000000,0.000000,0.000000,0.000000,1000.000213,1000.000333,1000.000448,1000.000564,1000.000660,1000.000702,1000.000680,1000.000621,1000.000553,1000.000488,1000.000424,1000.000360,1000.000300,1000.000240,1000.000182,1000.000127,1000.000072,1000.000020,999.999969,999.999920,999.999872,999.999827,999.999783,999.999741,999.999700,999.999661,999.999624,999.999589,999.999555,999.999523,999.999493,999.999464,999.999438,999.999413,999.999389,999.999368,999.999348,999.999330,999.999313,999.999299,999.999286,999.999275,999.999265,999.999257,999.999251,999.999247,999.999245,999.999244,999.999245,999.999247,999.999251,999.999257,999.999265,999.999275,999.999286,999.999299,999.999313,999.999330,999.999348,999.999368,999.999389,999.999413,999.999438,999.999464,999.999493,999.999523,999.999555,999.999589,999.999624,999.999661,999.999700,999.999741,999.999783,999.999827,999.999872,999.999920,999.999969,1000.000020,1000.000072,1000.000127,1000.000182,1000.000240,1000.000300,1000.000360,1000.000424,1000.000488,1000.000553,1000.000621,1000.000680,1000.000702,1000.000660,1000.000564,1000.000448,1000.000333,1000.000213,0.000000,0.000000,0.000000,0.000000
