0.000000,0.000000,0.000000,0.000000,0.000000,0.000000,0.000000,0.000000,0.000000,0.000000,0.000000,0.000000,0.000000,0.000000,0.000000,0.000000,0.000000,0.000000,0.000000,0.000000,0.000000,0.000000,0.000000,0.000000,0.000000,0.000000,0.000000,0.000000,0.000000,0.000000,0.000000,0.000000,0.000000,0.000000,0.000000,0.000000,0.000000,0.000000,0.000000,0.000000,0.000000,0.000000,0.000000,0.000000,0.000000,0.000000,0.000000,0.000000,0.000000,0.000000,0.000000,0.000000,0.000000,0.000000,0.000000,0.000000,0.000000,0.000000,0.000000,0.000000,0.000000,0.000000,0.000000,0.000000,0.000000,0.000000,0.000000,0.000000,0.000000,0.000000,0.000000,0.000000,0.000000,0.000000,0.000000,0.000000,0.000000,0.000000,0.000000,0.000000,0.000000,0.000000,0.000000,0.000000,0.000000,0.000000,0.000000,0.000000,0.000000,0.000000,0.000000,0.000000,0.000000,0.000000,0.000000,0.000000,0.000000,0.000000,0.000000,0.000000,0.000000,0.000000,0.000000
0.000000,0.000000,0.000000,0.000000,0.000000,0.000000,0.000000,0.000000,0.000000,0.000000,0.000000,0.000000,0.000000,0.000000,0.000000,0.000000,0.000000,0.000000,0.000000,0.000000,0.000000,0.000000,0.000000,0.000000,0.000000,0.000000,0.000000,0.000000,0.000000,0.000000,0.000000,0.000000,0.000000,0.000000,0.000000,0.000000,0.000000,0.000000,0.000000,0.000000,0.000000,0.000000,0.000000,0.000000,0.000000,0.000000,0.000000,0.000000,0.000000,0.000000,0.000000,1000.000094,0.000000,0.000000,0.000000,0.000000,0.000000,0.000000,0.000000,0.000000,0.000000,0.000000,0.000000,0.000000,0.000000,0.000000,0.000000,0.000000,0.000000,0.000000,0.000000,0.000000,0.000000,0.000000,0.000000,0.000000,0.000000,0.000000,0.000000,0.000000,0.000000,0.000000,0.000000,0.000000,0.000000,0.000000,0.000000,0.000000,0.000000,0.000000,0.000000,0.000000,0.000000,0.000000,0.000000,0.000000,0.000000,0.000000,0.000000,0.000000,0.000000,0.000000,0.000000
0.000000,0.000000,0.000000,0.000000,0.000000,0.000000,0.000000,0.000000,0.000000,0.000000,0.000000,0.000000,0.000000,0.000000,0.000000,0.000000,0.000000,0.000000,0.000000,0.000000,0.000000,0.000000,0.000000,0.000000,0.000000,0.000000,0.000000,0.000000,0.000000,0.000000,0.000000,0.000000,0.000000,0.000000,0.000000,0.000000,0.000000,0.000000,0.000000,0.000000,0.000000,0.000000,1000.000171,1000.000198,1000.000213,1000.000220,1000.000224,1000.000225,1000.000225,1000.000224,1000.000223,1000.000230,1000.000223,1000.000224,1000.000225,1000.000225,1000.000224,1000.000220,1000.000213,1000.000198,1000.000171,0.000000,0.000000,0.000000,0.000000,0.000000,0.000000,0.000000,0.000000,0.000000,0.000000,0.000000,0.000000,0.000000,0.000000,0.000000,0.000000,0.000000,0.000000,0.000000,0.000000,0.000000,0.000000,0.000000,0.000000,0.000000,0.000000,0.000000,0.000000,0.000000,0.000000,0.000000,0.000000,0.000000,0.000000,0.000000,0.000000,0.000000,0.000000,0.000000,0.000000,0.000000,0.000000
0.000000,0.000000,0.000000,0.000000,0.000000,0.000000,0.000000,0.000000,0.000000,0.000000,0.000000,0.000000,0.000000,0.000000,0.000000,0.000000,0.000000,0.000000,0.000000,0.000000,0.000000,0.000000,0.000000,0.000000,0.000000,0.000000,0.000000,0.000000,0.000000,0.000000,0.000000,0.000000,0.000000,0.000000,0.000000,0.000000,0.000000,1000.000164,1000.000205,1000.000238,1000.000264,1000.000286,1000.000305,1000.000323,1000.000337,1000.000347,1000.000352,1000.000354,1000.000356,1000.000356,1000.000356,1000.000357,1000.000356,1000.000356,1000.000356,1000.000354,1000.000352,1000.000347,1000.000337,1000.000323,1000.000305,1000.000286,1000.000264,1000.000238,1000.000205,1000.000164,0.000000,0.000000,0.000000,0.000000,0.000000,0.000000,0.000000,0.000000,0.000000,0.000000,0.000000,0.000000,0.000000,0.000000,0.000000,0.000000,0.000000,0.000000,0.000000,0.000000,0.000000,0.000000,0.000000,0.000000,0.000000,0.000000,0.000000,0.000000,0.000000,0.000000,0.000000,0.000000,0.000000,0.000000,0.000000,0.000000,0.000000
0.000000,0.000000,0.000000,0.000000,0.000000,0.000000,0.000000,0.000000,0.000000,0.000000,0.000000,0.000000,0.000000,0.000000,0.000000,0.000000,0.000000,0.000000,0.000000,0.000000,0.000000,0.000000,0.000000,0.000000,0.000000,0.000000,0.000000,0.000000,0.000000,0.000000,0.000000,0.000000,0.000000,0.000000,1000.000171,1000.000218,1000.000257,1000.000295,1000.000329,1000.000359,1000.000387,1000.000411,1000.000433,1000.000451,1000.000464,1000.000472,1000.000477,1000.000480,1000.000481,1000.000482,1000.000483,1000.000482,1000.000483,1000.000482,1000.000481,1000.000480,1000.000477,1000.000472,1000.000464,1000.000451,1000.000433,1000.000411,1000.000387,1000.000359,1000.000329,1000.000295,1000.000257,1000.000218,1000.000171,0.000000,0.000000,0.000000,0.000000,0.000000,0.000000,0.000000,0.000000,0.000000,0.000000,0.000000,0.000000,0.000000,0.000000,0.000000,0.000000,0.000000,0.000000,0.000000,0.000000,0.000000,0.000000,0.000000,0.000000,0.000000,0.000000,0.000000,0.000000,0.000000,0.000000,0.000000,0.000000,0.000000,0.000000
0.000000,0.000000,0.000000,0.000000,0.000000,0.000000,0.000000,0.000000,0.000000,0.000000,0.000000,0.000000,0.000000,0.000000,0.000000,0.000000,0.000000,0.000000,0.000000,0.000000,0.000000,0.000000,0.000000,0.000000,0.000000,0.000000,0.000000,0.000000,0.000000,0.000000,0.000000,0.000000,1000.000195,1000.000248,1000.000299,1000.000341,1000.000379,1000.000417,1000.000450,1000.000481,1000.000509,1000.000535,1000.000558,1000.000576,1000.000587,1000.000594,1000.000598,1000.000600,1000.000601,1000.000601,1000.000602,1000.000602,1000.000602,1000.000601,1000.000601,1000.000600,1000.000598,1000.000594,1000.000587,1000.000576,1000.000558,1000.000535,1000.000509,1000.000481,1000.000450,1000.000417,1000.000379,1000.000341,1000.000299,1000.000248,1000.000195,0.000000,0.000000,0.000000,0.000000,0.000000,0.000000,0.000000,0.000000,0.000000,0.000000,0.000000,0.000000,0.000000,0.000000,0.000000,0.000000,0.000000,0.000000,0.000000,0.000000,0.000000,0.000000,0.000000,0.000000,0.000000,0.000000,0.000000,0.000000,0.000000,0.000000,0.000000,0.000000
0.000000,0.000000,0.000000,0.000000,0.000000,0.000000,0.000000,0.000000,0.000000,0.000000,0.000000,0.000000,0.000000,0.000000,0.000000,0.000000,0.000000,0.000000,0.000000,0.000000,0.000000,0.000000,0.000000,0.000000,0.000000,0.000000,0.000000,0.000000,0.000000,0.000000,1000.000205,1000.000264,1000.000321,1000.000369,1000.000416,1000.000459,1000.000500,1000.000538,1000.000571,1000.000599,1000.000623,1000.000645,1000.000663,1000.000675,1000.000682,1000.000686,1000.000688,1000.000689,1000.000689,1000.000689,1000.000689,1000.000689,1000.000689,1000.000689,1000.000689,1000.000689,1000.000688,1000.000686,1000.000682,1000.000675,1000.000663,1000.000645,1000.000623,1000.000599,1000.000571,1000.000538,1000.000500,1000.000459,1000.000416,1000.000369,1000.000321,1000.000264,1000.000205,0.000000,0.000000,0.000000,0.000000,0.000000,0.000000,0.000000,0.000000,0.000000,0.000000,0.000000,0.000000,0.000000,0.000000,0.000000,0.000000,0.000000,0.000000,0.000000,0.000000,0.000000,0.000000,0.000000,0.000000,0.000000,0.000000,0.000000,0.000000,0.000000,0.000000
0.000000,0.000000,0.000000,0.000000,0.000000,0.000000,0.000000,0.000000,0.000000,0.000000,0.000000,0.000000,0.000000,0.000000,0.000000,0.000000,0.000000,0.000000,0.000000,0.000000,0.000000,0.000000,0.000000,0.000000,0.000000,0.000000,0.000000,0.000000,1000.000204,1000.000267,1000.000329,1000.000382,1000.000435,1000.000485,1000.000534,1000.000577,1000.000614,1000.000646,1000.000672,1000.000689,1000.000701,1000.000709,1000.000711,1000.000710,1000.000708,1000.000707,1000.000706,1000.000705,1000.000705,1000.000704,1000.000704,1000.000703,1000.000704,1000.000704,1000.000705,1000.000705,1000.000706,1000.000707,1000.000708,1000.000710,1000.000711,1000.000709,1000.000701,1000.000689,1000.000672,1000.000646,1000.000614,1000.000577,1000.000534,1000.000485,1000.000435,1000.000382,1000.000329,1000.000267,1000.000204,0.000000,0.000000,0.000000,0.000000,0.000000,0.000000,0.000000,0.000000,0.000000,0.000000,0.000000,0.000000,0.000000,0.000000,0.000000,0.000000,0.000000,0.000000,0.000000,0.000000,0.000000,0.000000,0.000000,0.000000,0.000000,0.000000,0.000000,0.000000
0.000000,0.000000,0.000000,0.000000,0.000000,0.000000,0.000000,0.000000,0.000000,0.000000,0.000000,0.000000,0.000000,0.000000,0.000000,0.000000,0.000000,0.000000,0.000000,0.000000,0.000000,0.000000,0.000000,0.000000,0.000000,0.000000,1000.000194,1000.000262,1000.000326,1000.000383,1000.000440,1000.000495,1000.000549,1000.000598,1000.000641,1000.000675,1000.000697,1000.000711,1000.000717,1000.000716,1000.000711,1000.000702,1000.000688,1000.000675,1000.000666,1000.000660,1000.000656,1000.000654,1000.000652,1000.000651,1000.000650,1000.000650,1000.000650,1000.000651,1000.000652,1000.000654,1000.000656,1000.000660,1000.000666,1000.000675,1000.000688,1000.000702,1000.000711,1000.000716,1000.000717,1000.000711,1000.000697,1000.000675,1000.000641,1000.000598,1000.000549,1000.000495,1000.000440,1000.000383,1000.000326,1000.000262,1000.000194,0.000000,0.000000,0.000000,0.000000,0.000000,0.000000,0.000000,0.000000,0.000000,0.000000,0.000000,0.000000,0.000000,0.000000,0.000000,0.000000,0.000000,0.000000,0.000000,0.000000,0.000000,0.000000,0.000000,0.000000,0.000000,0.000000
0.000000,0.000000,0.000000,0.000000,0.000000,0.000000,0.000000,0.000000,0.000000,0.000000,0.000000,0.000000,0.000000,0.000000,0.000000,0.000000,0.000000,0.000000,0.000000,0.000000,0.000000,0.000000,0.000000,0.000000,1000.000166,1000.000241,1000.000313,1000.000375,1000.000436,1000.000495,1000.000552,1000.000605,1000.000650,1000.000686,1000.000709,1000.000718,1000.000716,1000.000707,1000.000693,1000.000676,1000.000660,1000.000642,1000.000624,1000.000608,1000.000596,1000.000588,1000.000582,1000.000578,1000.000575,1000.000573,1000.000572,1000.000572,1000.000572,1000.000573,1000.000575,1000.000578,1000.000582,1000.000588,1000.000596,1000.000608,1000.000624,1000.000642,1000.000660,1000.000676,1000.000693,1000.000707,1000.000716,1000.000718,1000.000709,1000.000686,1000.000650,1000.000605,1000.000552,1000.000495,1000.000436,1000.000375,1000.000313,1000.000241,1000.000166,0.000000,0.000000,0.000000,0.000000,0.000000,0.000000,0.000000,0.000000,0.000000,0.000000,0.000000,0.000000,0.000000,0.000000,0.000000,0.000000,0.000000,0.000000,0.000000,0.000000,0.000000,0.000000,0.000000,0.000000
0.000000,0.000000,0.000000,0.000000,0.000000,0.000000,0.000000,0.000000,0.000000,0.000000,0.000000,0.000000,0.000000,0.000000,0.000000,0.000000,0.000000,0.000000,0.000000,0.000000,0.000000,0.000000,0.000000,1000.000201,1000.000282,1000.000352,1000.000420,1000.000485,1000.000547,1000.000603,1000.000652,1000.000689,1000.000712,1000.000719,1000.000713,1000.000696,1000.000675,1000.000652,1000.000629,1000.000607,1000.000587,1000.000569,1000.000552,1000.000537,1000.000525,1000.000516,1000.000508,1000.000503,1000.000499,1000.000497,1000.000495,1000.000495,1000.000495,1000.000497,1000.000499,1000.000503,1000.000508,1000.000516,1000.000525,1000.000537,1000.000552,1000.000569,1000.000587,1000.000607,1000.000629,1000.000652,1000.000675,1000.000696,1000.000713,1000.000719,1000.000712,1000.000689,1000.000652,1000.000603,1000.000547,1000.000485,1000.000420,1000.000352,1000.000282,1000.000201,0.000000,0.000000,0.000000,0.000000,0.000000,0.000000,0.000000,0.000000,0.000000,0.000000,0.000000,0.000000,0.000000,0.000000,0.000000,0.000000,0.000000,0.000000,0.000000,0.000000,0.000000,0.000000,0.000000
0.000000,0.000000,0.000000,0.000000,0.000000,0.000000,0.000000,0.000000,0.000000,0.000000,0.000000,0.000000,0.000000,0.000000,0.000000,0.000000,0.000000,0.000000,0.000000,0.000000,0.000000,1000.000148,1000.000232,1000.000314,1000.000386,1000.000458,1000.000529,1000.000592,1000.000646,1000.000687,1000.000712,1000.000720,1000.000712,1000.000692,1000.000664,1000.000635,1000.000607,1000.000581,1000.000558,1000.000535,1000.000516,1000.000498,1000.000481,1000.000467,1000.000455,1000.000445,1000.000437,1000.000431,1000.000426,1000.000423,1000.000421,1000.000421,1000.000421,1000.000423,1000.000426,1000.000431,1000.000437,1000.000445,1000.000455,1000.000467,1000.000481,1000.000498,1000.000516,1000.000535,1000.000558,1000.000581,1000.000607,1000.000635,1000.000664,1000.000692,1000.000712,1000.000720,1000.000712,1000.000687,1000.000646,1000.000592,1000.000529,1000.000458,1000.000386,1000.000314,1000.000232,1000.000148,0.000000,0.000000,0.000000,0.000000,0.000000,0.000000,0.000000,0.000000,0.000000,0.000000,0.000000,0.000000,0.000000,0.000000,0.000000,0.000000,0.000000,0.000000,0.000000,0.000000,0.000000
0.000000,0.000000,0.000000,0.000000,0.000000,0.000000,0.000000,0.000000,0.000000,0.000000,0.000000,0.000000,0.000000,0.000000,0.000000,0.000000,0.000000,0.000000,0.000000,0.000000,1000.000173,1000.000261,1000.000338,1000.000413,1000.000488,1000.000562,1000.000628,1000.000678,1000.000709,1000.000719,1000.000712,1000.000691,1000.000662,1000.000630,1000.000596,1000.000565,1000.000537,1000.000512,1000.000489,1000.000467,1000.000447,1000.000429,1000.000412,1000.000398,1000.000386,1000.000375,1000.000367,1000.000360,1000.000355,1000.000352,1000.000350,1000.000349,1000.000350,1000.000352,1000.000355,1000.000360,1000.000367,1000.000375,1000.000386,1000.000398,1000.000412,1000.000429,1000.000447,1000.000467,1000.000489,1000.000512,1000.000537,1000.000565,1000.000596,1000.000630,1000.000662,1000.000691,1000.000712,1000.000719,1000.000709,1000.000678,1000.000628,1000.000562,1000.000488,1000.000413,1000.000338,1000.000261,1000.000173,0.000000,0.000000,0.000000,0.000000,0.000000,0.000000,0.000000,0.000000,0.000000,0.000000,0.000000,0.000000,0.000000,0.000000,0.000000,0.000000,0.000000,0.000000,0.000000,0.000000
0.000000,0.000000,0.000000,0.000000,0.000000,0.000000,0.000000,0.000000,0.000000,0.000000,0.000000,0.000000,0.000000,0.000000,0.000000,0.000000,0.000000,0.000000,0.000000,1000.000192,1000.000283,1000.000362,1000.000438,1000.000514,1000.000587,1000.000651,1000.000697,1000.000717,1000.000713,1000.000693,1000.000663,1000.000629,1000.000594,1000.000560,1000.000528,1000.000499,1000.000471,1000.000445,1000.000421,1000.000399,1000.000379,1000.000361,1000.000345,1000.000331,1000.000318,1000.000308,1000.000299,1000.000292,1000.000287,1000.000283,1000.000281,1000.000280,1000.000281,1000.000283,1000.000287,1000.000292,1000.000299,1000.000308,1000.000318,1000.000331,1000.000345,1000.000361,1000.000379,1000.000399,1000.000421,1000.000445,1000.000471,1000.000499,1000.000528,1000.000560,1000.000594,1000.000629,1000.000663,1000.000693,1000.000713,1000.000717,1000.000697,1000.000651,1000.000587,1000.000514,1000.000438,1000.000362,1000.000283,1000.000192,0.000000,0.000000,0.000000,0.000000,0.000000,0.000000,0.000000,0.000000,0.000000,0.000000,0.000000,0.000000,0.000000,0.000000,0.000000,0.000000,0.000000,0.000000,0.000000
0.000000,0.000000,0.000000,0.000000,0.000000,0.000000,0.000000,0.000000,0.000000,0.000000,0.000000,0.000000,0.000000,0.000000,0.000000,0.000000,0.000000,0.000000,1000.000205,1000.000299,1000.000381,1000.000461,1000.000539,1000.000610,1000.000668,1000.000708,1000.000718,1000.000701,1000.000670,1000.000634,1000.000597,1000.000561,1000.000526,1000.000494,1000.000463,1000.000433,1000.000405,1000.000379,1000.000356,1000.000334,1000.000314,1000.000296,1000.000279,1000.000265,1000.000252,1000.000241,1000.000232,1000.000225,1000.000220,1000.000216,1000.000214,1000.000213,1000.000214,1000.000216,1000.000220,1000.000225,1000.000232,1000.000241,1000.000252,1000.000265,1000.000279,1000.000296,1000.000314,1000.000334,1000.000356,1000.000379,1000.000405,1000.000433,1000.000463,1000.000494,1000.000526,1000.000561,1000.000597,1000.000634,1000.000670,1000.000701,1000.000718,1000.000708,1000.000668,1000.000610,1000.000539,1000.000461,1000.000381,1000.000299,1000.000205,0.000000,0.000000,0.000000,0.000000,0.000000,0.000000,0.000000,0.000000,0.000000,0.000000,0.000000,0.000000,0.000000,0.000000,0.000000,0.000000,0.000000,0.000000
0.000000,0.000000,0.000000,0.000000,0.000000,0.000000,0.000000,0.000000,0.000000,0.000000,0.000000,0.000000,0.000000,0.000000,0.000000,0.000000,0.000000,1000.000211,1000.000308,1000.000393,1000.000477,1000.000560,1000.000632,1000.000685,1000.000715,1000.000716,1000.000692,1000.000652,1000.000609,1000.000569,1000.000532,1000.000496,1000.000462,1000.000430,1000.000398,1000.000369,1000.000341,1000.000316,1000.000292,1000.000270,1000.000250,1000.000231,1000.000215,1000.000200,1000.000188,1000.000177,1000.000168,1000.000160,1000.000155,1000.000151,1000.000148,1000.000147,1000.000148,1000.000151,1000.000155,1000.000160,1000.000168,1000.000177,1000.000188,1000.000200,1000.000215,1000.000231,1000.000250,1000.000270,1000.000292,1000.000316,1000.000341,1000.000369,1000.000398,1000.000430,1000.000462,1000.000496,1000.000532,1000.000569,1000.000609,1000.000652,1000.000692,1000.000716,1000.000715,1000.000685,1000.000632,1000.000560,1000.000477,1000.000393,1000.000308,1000.000211,0.000000,0.000000,0.000000,0.000000,0.000000,0.000000,0.000000,0.000000,0.000000,0.000000,0.000000,0.000000,0.000000,0.000000,0.000000,0.000000,0.000000
0.000000,0.000000,0.000000,0.000000,0.000000,0.000000,0.000000,0.000000,0.000000,0.000000,0.000000,0.000000,0.000000,0.000000,0.000000,0.000000,1000.000213,1000.000312,1000.000400,1000.000486,1000.000571,1000.000646,1000.000697,1000.000717,1000.000709,1000.000681,1000.000638,1000.000591,1000.000547,1000.000507,1000.000470,1000.000434,1000.000399,1000.000366,1000.000335,1000.000306,1000.000279,1000.000253,1000.000229,1000.000207,1000.000187,1000.000169,1000.000153,1000.000138,1000.000125,1000.000114,1000.000105,1000.000097,1000.000092,1000.000087,1000.000085,1000.000084,1000.000085,1000.000087,1000.000092,1000.000097,1000.000105,1000.000114,1000.000125,1000.000138,1000.000153,1000.000169,1000.000187,1000.000207,1000.000229,1000.000253,1000.000279,1000.000306,1000.000335,1000.000366,1000.000399,1000.000434,1000.000470,1000.000507,1000.000547,1000.000591,1000.000638,1000.000681,1000.000709,1000.000717,1000.000697,1000.000646,1000.000571,1000.000486,1000.000400,1000.000312,1000.000213,0.000000,0.000000,0.000000,0.000000,0.000000,0.000000,0.000000,0.000000,0.000000,0.000000,0.000000,0.000000,0.000000,0.000000,0.000000,0.000000
0.000000,0.000000,0.000000,0.000000,0.000000,0.000000,0.000000,0.000000,0.000000,0.000000,0.000000,0.000000,0.000000,0.000000,0.000000,1000.000211,1000.000312,1000.000402,1000.000490,1000.000577,1000.000652,1000.000703,1000.000718,1000.000700,1000.000665,1000.000622,1000.000575,1000.000529,1000.000487,1000.000448,1000.000409,1000.000373,1000.000338,1000.000306,1000.000275,1000.000246,1000.000218,1000.000193,1000.000169,1000.000147,1000.000127,1000.000108,1000.000092,1000.000077,1000.000064,1000.000053,1000.000044,1000.000036,1000.000030,1000.000026,1000.000024,1000.000023,1000.000024,1000.000026,1000.000030,1000.000036,1000.000044,1000.000053,1000.000064,1000.000077,1000.000092,1000.000108,1000.000127,1000.000147,1000.000169,1000.000193,1000.000218,1000.000246,1000.000275,1000.000306,1000.000338,1000.000373,1000.000409,1000.000448,1000.000487,1000.000529,1000.000575,1000.000622,1000.000665,1000.000700,1000.000718,1000.000703,1000.000652,1000.000577,1000.000490,1000.000402,1000.000312,1000.000211,0.000000,0.000000,0.000000,0.000000,0.000000,0.000000,0.000000,0.000000,0.000000,0.000000,0.000000,0.000000,0.000000,0.000000,0.000000
0.000000,0.000000,0.000000,0.000000,0.000000,0.000000,0.000000,0.000000,0.000000,0.000000,0.000000,0.000000,0.000000,0.000000,1000.000205,1000.000308,1000.000400,1000.000490,1000.000579,1000.000654,1000.000705,1000.000718,1000.000695,1000.000653,1000.000606,1000.000559,1000.000514,1000.000471,1000.000429,1000.000389,1000.000350,1000.000314,1000.000280,1000.000247,1000.000216,1000.000187,1000.000159,1000.000134,1000.000110,1000.000088,1000.000068,1000.000049,1000.000033,1000.000018,1000.000005,999.999994,999.999985,999.999977,999.999971,999.999967,999.999964,999.999963,999.999964,999.999967,999.999971,999.999977,999.999985,999.999994,1000.000005,1000.000018,1000.000033,1000.000049,1000.000068,1000.000088,1000.000110,1000.000134,1000.000159,1000.000187,1000.000216,1000.000247,1000.000280,1000.000314,1000.000350,1000.000389,1000.000429,1000.000471,1000.000514,1000.000559,1000.000606,1000.000653,1000.000695,1000.000718,1000.000705,1000.000654,1000.000579,1000.000490,1000.000400,1000.000308,1000.000205,0.000000,0.000000,0.000000,0.000000,0.000000,0.000000,0.000000,0.000000,0.000000,0.000000,0.000000,0.000000,0.000000,0.000000
0.000000,0.000000,0.000000,0.000000,0.000000,0.000000,0.000000,0.000000,0.000000,0.000000,0.000000,0.000000,0.000000,1000.000192,1000.000299,1000.000393,1000.000486,1000.000577,1000.000654,1000.000706,1000.000718,1000.000693,1000.000648,1000.000597,1000.000547,1000.000501,1000.000457,1000.000413,1000.000371,1000.000331,1000.000293,1000.000257,1000.000222,1000.000190,1000.000159,1000.000129,1000.000102,1000.000077,1000.000053,1000.000031,1000.000011,999.999992,999.999976,999.999961,999.999948,999.999937,999.999927,999.999919,999.999913,999.999909,999.999906,999.999906,999.999906,999.999909,999.999913,999.999919,999.999927,999.999937,999.999948,999.999961,999.999976,999.999992,1000.000011,1000.000031,1000.000053,1000.000077,1000.000102,1000.000129,1000.000159,1000.000190,1000.000222,1000.000257,1000.000293,1000.000331,1000.000371,1000.000413,1000.000457,1000.000501,1000.000547,1000.000597,1000.000648,1000.000693,1000.000718,1000.000706,1000.000654,1000.000577,1000.000486,1000.000393,1000.000299,1000.000192,0.000000,0.000000,0.000000,0.000000,0.000000,0.000000,0.000000,0.000000,0.000000,0.000000,0.000000,0.000000,0.000000
0.000000,0.000000,0.000000,0.000000,0.000000,0.000000,0.000000,0.000000,0.000000,0.000000,0.000000,0.000000,1000.000173,1000.000283,1000.000381,1000.000477,1000.000571,1000.000652,1000.000705,1000.000718,1000.000693,1000.000646,1000.000593,1000.000540,1000.000492,1000.000446,1000.000401,1000.000357,1000.000316,1000.000276,1000.000238,1000.000201,1000.000167,1000.000134,1000.000103,1000.000074,1000.000047,1000.000021,999.999997,999.999975,999.999955,999.999937,999.999920,999.999905,999.999892,999.999881,999.999871,999.999864,999.999858,999.999853,999.999851,999.999850,999.999851,999.999853,999.999858,999.999864,999.999871,999.999881,999.999892,999.999905,999.999920,999.999937,999.999955,999.999975,999.999997,1000.000021,1000.000047,1000.000074,1000.000103,1000.000134,1000.000167,1000.000201,1000.000238,1000.000276,1000.000316,1000.000357,1000.000401,1000.000446,1000.000492,1000.000540,1000.000593,1000.000646,1000.000693,1000.000718,1000.000705,1000.000652,1000.000571,1000.000477,1000.000381,1000.000283,1000.000173,0.000000,0.000000,0.000000,0.000000,0.000000,0.000000,0.000000,0.000000,0.000000,0.000000,0.000000,0.000000
0.000000,0.000000,0.000000,0.000000,0.000000,0.000000,0.000000,0.000000,0.000000,0.000000,0.000000,1000.000148,1000.000261,1000.000362,1000.000461,1000.000560,1000.000646,1000.000703,1000.000718,1000.000693,1000.000646,1000.000591,1000.000537,1000.000487,1000.000439,1000.000392,1000.000346,1000.000303,1000.000262,1000.000222,1000.000184,1000.000148,1000.000113,1000.000080,1000.000049,1000.000020,999.999993,999.999967,999.999944,999.999922,999.999901,999.999883,999.999866,999.999851,999.999838,999.999827,999.999817,999.999810,999.999804,999.999799,999.999797,999.999796,999.999797,999.999799,999.999804,999.999810,999.999817,999.999827,999.999838,999.999851,999.999866,999.999883,999.999901,999.999922,999.999944,999.999967,999.999993,1000.000020,1000.000049,1000.000080,1000.000113,1000.000148,1000.000184,1000.000222,1000.000262,1000.000303,1000.000346,1000.000392,1000.000439,1000.000487,1000.000537,1000.000591,1000.000646,1000.000693,1000.000718,1000.000703,1000.000646,1000.000560,1000.000461,1000.000362,1000.000261,1000.000148,0.000000,0.000000,0.000000,0.000000,0.000000,0.000000,0.000000,0.000000,0.000000,0.000000,0.000000
0.000000,0.000000,0.000000,0.000000,0.000000,0.000000,0.000000,0.000000,0.000000,0.000000,0.000000,1000.000232,1000.000338,1000.000438,1000.000539,1000.000632,1000.000697,1000.000718,1000.000695,1000.000648,1000.000593,1000.000537,1000.000486,1000.000436,1000.000387,1000.000339,1000.000295,1000.000251,1000.000210,1000.000170,1000.000132,1000.000096,1000.000061,1000.000028,999.999997,999.999968,999.999941,999.999915,999.999892,999.999870,999.999849,999.999831,999.999814,999.999799,999.999786,999.999775,999.999765,999.999757,999.999751,999.999747,999.999744,999.999744,999.999744,999.999747,999.999751,999.999757,999.999765,999.999775,999.999786,999.999799,999.999814,999.999831,999.999849,999.999870,999.999892,999.999915,999.999941,999.999968,999.999997,1000.000028,1000.000061,1000.000096,1000.000132,1000.000170,1000.000210,1000.000251,1000.000295,1000.000339,1000.000387,1000.000436,1000.000486,1000.000537,1000.000593,1000.000648,1000.000695,1000.000718,1000.000697,1000.000632,1000.000539,1000.000438,1000.000338,1000.000232,0.000000,0.000000,0.000000,0.000000,0.000000,0.000000,0.000000,0.000000,0.000000,0.000000,0.000000
0.000000,0.000000,0.000000,0.000000,0.000000,0.000000,0.000000,0.000000,0.000000,0.000000,1000.000201,1000.000314,1000.000413,1000.000514,1000.000610,1000.000685,1000.000717,1000.000700,1000.000653,1000.000597,1000.000540,1000.000487,1000.000436,1000.000385,1000.000336,1000.000289,1000.000244,1000.000201,1000.000159,1000.000120,1000.000082,1000.000045,1000.000011,999.999978,999.999947,999.999918,999.999891,999.999865,999.999841,999.999819,999.999799,999.999781,999.999764,999.999749,999.999736,999.999725,999.999715,999.999707,999.999701,999.999697,999.999694,999.999693,999.999694,999.999697,999.999701,999.999707,999.999715,999.999725,999.999736,999.999749,999.999764,999.999781,999.999799,999.999819,999.999841,999.999865,999.999891,999.999918,999.999947,999.999978,1000.000011,1000.000045,1000.000082,1000.000120,1000.000159,1000.000201,1000.000244,1000.000289,1000.000336,1000.000385,1000.000436,1000.000487,1000.000540,1000.000597,1000.000653,1000.000700,1000.000717,1000.000685,1000.000610,1000.000514,1000.000413,1000.000314,1000.000201,0.000000,0.000000,0.000000,0.000000,0.000000,0.000000,0.000000,0.000000,0.000000,0.000000
0.000000,0.000000,0.000000,0.000000,0.000000,0.000000,0.000000,0.000000,0.000000,1000.000166,1000.000282,1000.000386,1000.000488,1000.000587,1000.000668,1000.000715,1000.000709,1000.000665,1000.000606,1000.000547,1000.000492,1000.000439,1000.000387,1000.000336,1000.000288,1000.000241,1000.000196,1000.000152,1000.000111,1000.000071,1000.000033,999.999997,999.999962,999.999930,999.999899,999.999870,999.999842,999.999817,999.999793,999.999771,999.999751,999.999732,999.999715,999.999700,999.999687,999.999676,999.999666,999.999658,999.999652,999.999648,999.999645,999.999644,999.999645,999.999648,999.999652,999.999658,999.999666,999.999676,999.999687,999.999700,999.999715,999.999732,999.999751,999.999771,999.999793,999.999817,999.999842,999.999870,999.999899,999.999930,999.999962,999.999997,1000.000033,1000.000071,1000.000111,1000.000152,1000.000196,1000.000241,1000.000288,1000.000336,1000.000387,1000.000439,1000.000492,1000.000547,1000.000606,1000.000665,1000.000709,1000.000715,1000.000668,1000.000587,1000.000488,1000.000386,1000.000282,1000.000166,0.000000,0.000000,0.000000,0.000000,0.000000,0.000000,0.000000,0.000000,0.000000
0.000000,0.000000,0.000000,0.000000,0.000000,0.000000,0.000000,0.000000,0.000000,1000.000241,1000.000352,1000.000458,1000.000562,1000.000651,1000.000708,1000.000716,1000.000681,1000.000622,1000.000559,1000.000501,1000.000446,1000.000392,1000.000339,1000.000289,1000.000241,1000.000194,1000.000149,1000.000106,1000.000064,1000.000024,999.999986,999.999950,999.999916,999.999883,999.999852,999.999823,999.999796,999.999770,999.999746,999.999724,999.999704,999.999685,999.999669,999.999654,999.999641,999.999629,999.999619,999.999612,999.999605,999.999601,999.999598,999.999598,999.999598,999.999601,999.999605,999.999612,999.999619,999.999629,999.999641,999.999654,999.999669,999.999685,999.999704,999.999724,999.999746,999.999770,999.999796,999.999823,999.999852,999.999883,999.999916,999.999950,999.999986,1000.000024,1000.000064,1000.000106,1000.000149,1000.000194,1000.000241,1000.000289,1000.000339,1000.000392,1000.000446,1000.000501,1000.000559,1000.000622,1000.000681,1000.000716,1000.000708,1000.000651,1000.000562,1000.000458,1000.000352,1000.000241,0.000000,0.000000,0.000000,0.000000,0.000000,0.000000,0.000000,0.000000,0.000000
0.000000,0.000000,0.000000,0.000000,0.000000,0.000000,0.000000,0.000000,1000.000194,1000.000313,1000.000420,1000.000529,1000.000628,1000.000697,1000.000718,1000.000692,1000.000638,1000.000575,1000.000514,1000.000457,1000.000401,1000.000346,1000.000295,1000.000244,1000.000196,1000.000149,1000.000104,1000.000061,1000.000019,999.999979,999.999941,999.999905,999.999871,999.999838,999.999807,999.999778,999.999751,999.999725,999.999701,999.999679,999.999659,999.999640,999.999624,999.999609,999.999595,999.999584,999.999574,999.999567,999.999560,999.999556,999.999553,999.999552,999.999553,999.999556,999.999560,999.999567,999.999574,999.999584,999.999595,999.999609,999.999624,999.999640,999.999659,999.999679,999.999701,999.999725,999.999751,999.999778,999.999807,999.999838,999.999871,999.999905,999.999941,999.999979,1000.000019,1000.000061,1000.000104,1000.000149,1000.000196,1000.000244,1000.000295,1000.000346,1000.000401,1000.000457,1000.000514,1000.000575,1000.000638,1000.000692,1000.000718,1000.000697,1000.000628,1000.000529,1000.000420,1000.000313,1000.000194,0.000000,0.000000,0.000000,0.000000,0.000000,0.000000,0.000000,0.000000
0.000000,0.000000,0.000000,0.000000,0.000000,0.000000,0.000000,0.000000,1000.000262,1000.000375,1000.000485,1000.000592,1000.000678,1000.000717,1000.000701,1000.000652,1000.000591,1000.000529,1000.000471,1000.000413,1000.000357,1000.000303,1000.000251,1000.000201,1000.000152,1000.000106,1000.000061,1000.000017,999.999976,999.999936,999.999898,999.999862,999.999827,999.999795,999.999764,999.999735,999.999707,999.999682,999.999658,999.999636,999.999616,999.999597,999.999580,999.999565,999.999552,999.999541,999.999531,999.999523,999.999517,999.999513,999.999510,999.999509,999.999510,999.999513,999.999517,999.999523,999.999531,999.999541,999.999552,999.999565,999.999580,999.999597,999.999616,999.999636,999.999658,999.999682,999.999707,999.999735,999.999764,999.999795,999.999827,999.999862,999.999898,999.999936,999.999976,1000.000017,1000.000061,1000.000106,1000.000152,1000.000201,1000.000251,1000.000303,1000.000357,1000.000413,1000.000471,1000.000529,1000.000591,1000.000652,1000.000701,1000.000717,1000.000678,1000.000592,1000.000485,1000.000375,1000.000262,0.000000,0.000000,0.000000,0.000000,0.000000,0.000000,0.000000,0.000000
0.000000,0.000000,0.000000,0.000000,0.000000,0.000000,0.000000,1000.000204,1000.000326,1000.000436,1000.000547,1000.000646,1000.000709,1000.000713,1000.000670,1000.000609,1000.000547,1000.000487,1000.000429,1000.000371,1000.000316,1000.000262,1000.000210,1000.000159,1000.000111,1000.000064,1000.000019,999.999976,999.999934,999.999895,999.999857,999.999820,999.999786,999.999753,999.999722,999.999693,999.999666,999.999640,999.999616,999.999594,999.999574,999.999556,999.999539,999.999524,999.999511,999.999499,999.999490,999.999482,999.999476,999.999471,999.999469,999.999468,999.999469,999.999471,999.999476,999.999482,999.999490,999.999499,999.999511,999.999524,999.999539,999.999556,999.999574,999.999594,999.999616,999.999640,999.999666,999.999693,999.999722,999.999753,999.999786,999.999820,999.999857,999.999895,999.999934,999.999976,1000.000019,1000.000064,1000.000111,1000.000159,1000.000210,1000.000262,1000.000316,1000.000371,1000.000429,1000.000487,1000.000547,1000.000609,1000.000670,1000.000713,1000.000709,1000.000646,1000.000547,1000.000436,1000.000326,1000.000204,0.000000,0.000000,0.000000,0.000000,0.000000,0.000000,0.000000
0.000000,0.000000,0.000000,0.000000,0.000000,0.000000,0.000000,1000.000267,1000.000383,1000.000495,1000.000603,1000.000687,1000.000719,1000.000693,1000.000634,1000.000569,1000.000507,1000.000448,1000.000389,1000.000331,1000.000276,1000.000222,1000.000170,1000.000120,1000.000071,1000.000024,999.999979,999.999936,999.999895,999.999855,999.999817,999.999781,999.999746,999.999714,999.999683,999.999654,999.999626,999.999601,999.999577,999.999555,999.999534,999.999516,999.999499,999.999484,999.999471,999.999460,999.999450,999.999442,999.999436,999.999431,999.999429,999.999428,999.999429,999.999431,999.999436,999.999442,999.999450,999.999460,999.999471,999.999484,999.999499,999.999516,999.999534,999.999555,999.999577,999.999601,999.999626,999.999654,999.999683,999.999714,999.999746,999.999781,999.999817,999.999855,999.999895,999.999936,999.999979,1000.000024,1000.000071,1000.000120,1000.000170,1000.000222,1000.000276,1000.000331,1000.000389,1000.000448,1000.000507,1000.000569,1000.000634,1000.000693,1000.000719,1000.000687,1000.000603,1000.000495,1000.000383,1000.000267,0.000000,0.000000,0.000000,0.000000,0.000000,0.000000,0.000000
0.000000,0.000000,0.000000,0.000000,0.000000,0.000000,1000.000205,1000.000329,1000.000440,1000.000552,1000.000652,1000.000712,1000.000712,1000.000663,1000.000597,1000.000532,1000.000470,1000.000409,1000.000350,1000.000293,1000.000238,1000.000184,1000.000132,1000.000082,1000.000033,999.999986,999.999941,999.999898,999.999857,999.999817,999.999779,999.999743,999.999708,999.999676,999.999645,999.999616,999.999588,999.999563,999.999539,999.999517,999.999496,999.999478,999.999461,999.999446,999.999433,999.999422,999.999412,999.999404,999.999398,999.999393,999.999391,999.999390,999.999391,999.999393,999.999398,999.999404,999.999412,999.999422,999.999433,999.999446,999.999461,999.999478,999.999496,999.999517,999.999539,999.999563,999.999588,999.999616,999.999645,999.999676,999.999708,999.999743,999.999779,999.999817,999.999857,999.999898,999.999941,999.999986,1000.000033,1000.000082,1000.000132,1000.000184,1000.000238,1000.000293,1000.000350,1000.000409,1000.000470,1000.000532,1000.000597,1000.000663,1000.000712,1000.000712,1000.000652,1000.000552,1000.000440,1000.000329,1000.000205,0.000000,0.000000,0.000000,0.000000,0.000000,0.000000
0.000000,0.000000,0.000000,0.000000,0.000000,0.000000,1000.000264,1000.000382,1000.000495,1000.000605,1000.000689,1000.000720,1000.000691,1000.000629,1000.000561,1000.000496,1000.000434,1000.000373,1000.000314,1000.000257,1000.000201,1000.000148,1000.000096,1000.000045,999.999997,999.999950,999.999905,999.999862,999.999820,999.999781,999.999743,999.999706,999.999672,999.999639,999.999609,999.999579,999.999552,999.999526,999.999503,999.999481,999.999460,999.999442,999.999425,999.999410,999.999397,999.999385,999.999376,999.999368,999.999362,999.999357,999.999355,999.999354,999.999355,999.999357,999.999362,999.999368,999.999376,999.999385,999.999397,999.999410,999.999425,999.999442,999.999460,999.999481,999.999503,999.999526,999.999552,999.999579,999.999609,999.999639,999.999672,999.999706,999.999743,999.999781,999.999820,999.999862,999.999905,999.999950,999.999997,1000.000045,1000.000096,1000.000148,1000.000201,1000.000257,1000.000314,1000.000373,1000.000434,1000.000496,1000.000561,1000.000629,1000.000691,1000.000720,1000.000689,1000.000605,1000.000495,1000.000382,1000.000264,0.000000,0.000000,0.000000,0.000000,0.000000,0.000000
0.000000,0.000000,0.000000,0.000000,0.000000,1000.000195,1000.000321,1000.000435,1000.000549,1000.000650,1000.000712,1000.000712,1000.000662,1000.000594,1000.000526,1000.000462,1000.000399,1000.000338,1000.000280,1000.000222,1000.000167,1000.000113,1000.000061,1000.000011,999.999962,999.999916,999.999871,999.999827,999.999786,999.999746,999.999708,999.999672,999.999638,999.999605,999.999574,999.999545,999.999518,999.999492,999.999468,999.999446,999.999426,999.999407,999.999391,999.999376,999.999362,999.999351,999.999341,999.999333,999.999327,999.999323,999.999320,999.999319,999.999320,999.999323,999.999327,999.999333,999.999341,999.999351,999.999362,999.999376,999.999391,999.999407,999.999426,999.999446,999.999468,999.999492,999.999518,999.999545,999.999574,999.999605,999.999638,999.999672,999.999708,999.999746,999.999786,999.999827,999.999871,999.999916,999.999962,1000.000011,1000.000061,1000.000113,1000.000167,1000.000222,1000.000280,1000.000338,1000.000399,1000.000462,1000.000526,1000.000594,1000.000662,1000.000712,1000.000712,1000.000650,1000.000549,1000.000435,1000.000321,1000.000195,0.000000,0.000000,0.000000,0.000000,0.000000
0.000000,0.000000,0.000000,0.000000,0.000000,1000.000248,1000.000369,1000.000485,1000.000598,1000.000686,1000.000719,1000.000692,1000.000630,1000.000560,1000.000494,1000.000430,1000.000366,1000.000306,1000.000247,1000.000190,1000.000134,1000.000080,1000.000028,999.999978,999.999930,999.999883,999.999838,999.999795,999.999753,999.999714,999.999676,999.999639,999.999605,999.999572,999.999541,999.999512,999.999485,999.999459,999.999436,999.999414,999.999393,999.999375,999.999358,999.999343,999.999330,999.999318,999.999309,999.999301,999.999294,999.999290,999.999287,999.999287,999.999287,999.999290,999.999294,999.999301,999.999309,999.999318,999.999330,999.999343,999.999358,999.999375,999.999393,999.999414,999.999436,999.999459,999.999485,999.999512,999.999541,999.999572,999.999605,999.999639,999.999676,999.999714,999.999753,999.999795,999.999838,999.999883,999.999930,999.999978,1000.000028,1000.000080,1000.000134,1000.000190,1000.000247,1000.000306,1000.000366,1000.000430,1000.000494,1000.000560,1000.000630,1000.000692,1000.000719,1000.000686,1000.000598,1000.000485,1000.000369,1000.000248,0.000000,0.000000,0.000000,0.000000,0.000000
0.000000,0.000000,0.000000,0.000000,1000.000171,1000.000299,1000.000416,1000.000534,1000.000641,1000.000709,1000.000713,1000.000664,1000.000596,1000.000528,1000.000463,1000.000398,1000.000335,1000.000275,1000.000216,1000.000159,1000.000103,1000.000049,999.999997,999.999947,999.999899,999.999852,999.999807,999.999764,999.999722,999.999683,999.999645,999.999609,999.999574,999.999541,999.999511,999.999481,999.999454,999.999428,999.999405,999.999383,999.999362,999.999344,999.999327,999.999312,999.999299,999.999287,999.999278,999.999270,999.999264,999.999259,999.999257,999.999256,999.999257,999.999259,999.999264,999.999270,999.999278,999.999287,999.999299,999.999312,999.999327,999.999344,999.999362,999.999383,999.999405,999.999428,999.999454,999.999481,999.999511,999.999541,999.999574,999.999609,999.999645,999.999683,999.999722,999.999764,999.999807,999.999852,999.999899,999.999947,999.999997,1000.000049,1000.000103,1000.000159,1000.000216,1000.000275,1000.000335,1000.000398,1000.000463,1000.000528,1000.000596,1000.000664,1000.000713,1000.000709,1000.000641,1000.000534,1000.000416,1000.000299,1000.000171,0.000000,0.000000,0.000000,0.000000
0.000000,0.000000,0.000000,0.000000,1000.000218,1000.000341,1000.000459,1000.000577,1000.000675,1000.000718,1000.000696,1000.000635,1000.000565,1000.000499,1000.000433,1000.000369,1000.000306,1000.000246,1000.000187,1000.000129,1000.000074,1000.000020,999.999968,999.999918,999.999870,999.999823,999.999778,999.999735,999.999693,999.999654,999.999616,999.999579,999.999545,999.999512,999.999481,999.999452,999.999425,999.999399,999.999376,999.999354,999.999333,999.999315,999.999298,999.999283,999.999270,999.999258,999.999249,999.999241,999.999234,999.999230,999.999227,999.999226,999.999227,999.999230,999.999234,999.999241,999.999249,999.999258,999.999270,999.999283,999.999298,999.999315,999.999333,999.999354,999.999376,999.999399,999.999425,999.999452,999.999481,999.999512,999.999545,999.999579,999.999616,999.999654,999.999693,999.999735,999.999778,999.999823,999.999870,999.999918,999.999968,1000.000020,1000.000074,1000.000129,1000.000187,1000.000246,1000.000306,1000.000369,1000.000433,1000.000499,1000.000565,1000.000635,1000.000696,1000.000718,1000.000675,1000.000577,1000.000459,1000.000341,1000.000218,0.000000,0.000000,0.000000,0.000000
