0.000000,0.000000,0.000000,0.000000,0.000000,0.000000,0.000000,0.000000,0.000000,0.000000,0.000000,0.000000,0.000000,0.000000,0.000000,0.000000,0.000000,0.000000,0.000000,0.000000,0.000000,0.000000,0.000000,0.000000,0.000000,0.000000,0.000000,0.000000,0.000000,0.000000,0.000000,0.000000,0.000000,0.000000,0.000000,0.000000,0.000000,0.000000,0.000000,0.000000,0.000000,0.000000,0.000000,0.000000,0.000000,0.000000,0.000000,0.000000,0.000000,0.000000,0.000000,0.000000,0.000000,0.000000,0.000000,0.000000,0.000000,0.000000,0.000000,0.000000,0.000000,0.000000,0.000000,0.000000,0.000000,0.000000,0.000000,0.000000,0.000000,0.000000,0.000000,0.000000,0.000000,0.000000,0.000000,0.000000,0.000000,0.000000,0.000000,0.000000,0.000000,0.000000,0.000000,0.000000,0.000000,0.000000,0.000000,0.000000,0.000000,0.000000,0.000000,0.000000,0.000000,0.000000,0.000000,0.000000,0.000000,0.000000,0.000000,0.000000,0.000000,0.000000,0.000000
0.000000,0.000000,0.000000,0.000000,0.000000,0.000000,0.000000,0.000000,0.000000,0.000000,0.000000,0.000000,0.000000,0.000000,0.000000,0.000000,0.000000,0.000000,0.000000,0.000000,0.000000,0.000000,0.000000,0.000000,0.000000,0.000000,0.000000,0.000000,0.000000,0.000000,0.000000,0.000000,0.000000,0.000000,0.000000,0.000000,0.000000,0.000000,0.000000,0.000000,0.000000,0.000000,0.000000,0.000000,0.000000,0.000000,0.000000,0.000000,0.000000,0.000000,0.000000,1000.000089,0.000000,0.000000,0.000000,0.000000,0.000000,0.000000,0.000000,0.000000,0.000000,0.000000,0.000000,0.000000,0.000000,0.000000,0.000000,0.000000,0.000000,0.000000,0.000000,0.000000,0.000000,0.000000,0.000000,0.000000,0.000000,0.000000,0.000000,0.000000,0.000000,0.000000,0.000000,0.000000,0.000000,0.000000,0.000000,0.000000,0.000000,0.000000,0.000000,0.000000,0.000000,0.000000,0.000000,0.000000,0.000000,0.000000,0.000000,0.000000,0.000000,0.000000,0.000000
0.000000,0.000000,0.000000,0.000000,0.000000,0.000000,0.000000,0.000000,0.000000,0.000000,0.000000,0.000000,0.000000,0.000000,0.000000,0.000000,0.000000,0.000000,0.000000,0.000000,0.000000,0.000000,0.000000,0.000000,0.000000,0.000000,0.000000,0.000000,0.000000,0.000000,0.000000,0.000000,0.000000,0.000000,0.000000,0.000000,0.000000,0.000000,0.000000,0.000000,0.000000,0.000000,1000.000161,1000.000188,1000.000201,1000.000208,1000.000212,1000.000213,1000.000213,1000.000212,1000.000211,1000.000217,1000.000211,1000.000212,1000.000213,1000.000213,1000.000212,1000.000208,1000.000201,1000.000188,1000.000161,0.000000,0.000000,0.000000,0.000000,0.000000,0.000000,0.000000,0.000000,0.000000,0.000000,0.000000,0.000000,0.000000,0.000000,0.000000,0.000000,0.000000,0.000000,0.000000,0.000000,0.000000,0.000000,0.000000,0.000000,0.000000,0.000000,0.000000,0.000000,0.000000,0.000000,0.000000,0.000000,0.000000,0.000000,0.000000,0.000000,0.000000,0.000000,0.000000,0.000000,0.000000,0.000000
0.000000,0.000000,0.000000,0.000000,0.000000,0.000000,0.000000,0.000000,0.000000,0.000000,0.000000,0.000000,0.000000,0.000000,0.000000,0.000000,0.000000,0.000000,0.000000,0.000000,0.000000,0.000000,0.000000,0.000000,0.000000,0.000000,0.000000,0.000000,0.000000,0.000000,0.000000,0.000000,0.000000,0.000000,0.000000,0.000000,0.000000,1000.000155,1000.000194,1000.000225,1000.000250,1000.000270,1000.000289,1000.000306,1000.000319,1000.000328,1000.000333,1000.000335,1000.000336,1000.000337,1000.000336,1000.000337,1000.000336,1000.000337,1000.000336,1000.000335,1000.000333,1000.000328,1000.000319,1000.000306,1000.000289,1000.000270,1000.000250,1000.000225,1000.000194,1000.000155,0.000000,0.000000,0.000000,0.000000,0.000000,0.000000,0.000000,0.000000,0.000000,0.000000,0.000000,0.000000,0.000000,0.000000,0.000000,0.000000,0.000000,0.000000,0.000000,0.000000,0.000000,0.000000,0.000000,0.000000,0.000000,0.000000,0.000000,0.000000,0.000000,0.000000,0.000000,0.000000,0.000000,0.000000,0.000000,0.000000,0.000000
0.000000,0.000000,0.000000,0.000000,0.000000,0.000000,0.000000,0.000000,0.000000,0.000000,0.000000,0.000000,0.000000,0.000000,0.000000,0.000000,0.000000,0.000000,0.000000,0.000000,0.000000,0.000000,0.000000,0.000000,0.000000,0.000000,0.000000,0.000000,0.000000,0.000000,0.000000,0.000000,0.000000,0.000000,1000.000162,1000.000206,1000.000243,1000.000280,1000.000311,1000.000340,1000.000367,1000.000389,1000.000410,1000.000427,1000.000439,1000.000447,1000.000452,1000.000454,1000.000456,1000.000456,1000.000457,1000.000456,1000.000457,1000.000456,1000.000456,1000.000454,1000.000452,1000.000447,1000.000439,1000.000427,1000.000410,1000.000389,1000.000367,1000.000340,1000.000311,1000.000280,1000.000243,1000.000206,1000.000162,0.000000,0.000000,0.000000,0.000000,0.000000,0.000000,0.000000,0.000000,0.000000,0.000000,0.000000,0.000000,0.000000,0.000000,0.000000,0.000000,0.000000,0.000000,0.000000,0.000000,0.000000,0.000000,0.000000,0.000000,0.000000,0.000000,0.000000,0.000000,0.000000,0.000000,0.000000,0.000000,0.000000,0.000000
0.000000,0.000000,0.000000,0.000000,0.000000,0.000000,0.000000,0.000000,0.000000,0.000000,0.000000,0.000000,0.000000,0.000000,0.000000,0.000000,0.000000,0.000000,0.000000,0.000000,0.000000,0.000000,0.000000,0.000000,0.000000,0.000000,0.000000,0.000000,0.000000,0.000000,0.000000,0.000000,1000.000185,1000.000235,1000.000283,1000.000322,1000.000358,1000.000394,1000.000426,1000.000455,1000.000481,1000.000506,1000.000529,1000.000545,1000.000556,1000.000563,1000.000566,1000.000568,1000.000569,1000.000570,1000.000570,1000.000570,1000.000570,1000.000570,1000.000569,1000.000568,1000.000566,1000.000563,1000.000556,1000.000545,1000.000529,1000.000506,1000.000481,1000.000455,1000.000426,1000.000394,1000.000358,1000.000322,1000.000283,1000.000235,1000.000185,0.000000,0.000000,0.000000,0.000000,0.000000,0.000000,0.000000,0.000000,0.000000,0.000000,0.000000,0.000000,0.000000,0.000000,0.000000,0.000000,0.000000,0.000000,0.000000,0.000000,0.000000,0.000000,0.000000,0.000000,0.000000,0.000000,0.000000,0.000000,0.000000,0.000000,0.000000,0.000000
0.000000,0.000000,0.000000,0.000000,0.000000,0.000000,0.000000,0.000000,0.000000,0.000000,0.000000,0.000000,0.000000,0.000000,0.000000,0.000000,0.000000,0.000000,0.000000,0.000000,0.000000,0.000000,0.000000,0.000000,0.000000,0.000000,0.000000,0.000000,0.000000,0.000000,1000.000194,1000.000249,1000.000304,1000.000349,1000.000393,1000.000434,1000.000473,1000.000509,1000.000540,1000.000567,1000.000590,1000.000611,1000.000628,1000.000640,1000.000647,1000.000650,1000.000652,1000.000653,1000.000653,1000.000653,1000.000653,1000.000653,1000.000653,1000.000653,1000.000653,1000.000653,1000.000652,1000.000650,1000.000647,1000.000640,1000.000628,1000.000611,1000.000590,1000.000567,1000.000540,1000.000509,1000.000473,1000.000434,1000.000393,1000.000349,1000.000304,1000.000249,1000.000194,0.000000,0.000000,0.000000,0.000000,0.000000,0.000000,0.000000,0.000000,0.000000,0.000000,0.000000,0.000000,0.000000,0.000000,0.000000,0.000000,0.000000,0.000000,0.000000,0.000000,0.000000,0.000000,0.000000,0.000000,0.000000,0.000000,0.000000,0.000000,0.000000,0.000000
0.000000,0.000000,0.000000,0.000000,0.000000,0.000000,0.000000,0.000000,0.000000,0.000000,0.000000,0.000000,0.000000,0.000000,0.000000,0.000000,0.000000,0.000000,0.000000,0.000000,0.000000,0.000000,0.000000,0.000000,0.000000,0.000000,0.000000,0.000000,1000.000193,1000.000253,1000.000311,1000.000361,1000.000411,1000.000459,1000.000505,1000.000546,1000.000582,1000.000612,1000.000637,1000.000653,1000.000665,1000.000672,1000.000674,1000.000673,1000.000671,1000.000670,1000.000669,1000.000668,1000.000668,1000.000667,1000.000667,1000.000667,1000.000667,1000.000667,1000.000668,1000.000668,1000.000669,1000.000670,1000.000671,1000.000673,1000.000674,1000.000672,1000.000665,1000.000653,1000.000637,1000.000612,1000.000582,1000.000546,1000.000505,1000.000459,1000.000411,1000.000361,1000.000311,1000.000253,1000.000193,0.000000,0.000000,0.000000,0.000000,0.000000,0.000000,0.000000,0.000000,0.000000,0.000000,0.000000,0.000000,0.000000,0.000000,0.000000,0.000000,0.000000,0.000000,0.000000,0.000000,0.000000,0.000000,0.000000,0.000000,0.000000,0.000000,0.000000,0.000000
0.000000,0.000000,0.000000,0.000000,0.000000,0.000000,0.000000,0.000000,0.000000,0.000000,0.000000,0.000000,0.000000,0.000000,0.000000,0.000000,0.000000,0.000000,0.000000,0.000000,0.000000,0.000000,0.000000,0.000000,0.000000,0.000000,1000.000183,1000.000248,1000.000309,1000.000363,1000.000417,1000.000469,1000.000520,1000.000567,1000.000607,1000.000639,1000.000661,1000.000674,1000.000680,1000.000678,1000.000674,1000.000665,1000.000652,1000.000639,1000.000630,1000.000625,1000.000621,1000.000619,1000.000617,1000.000616,1000.000615,1000.000615,1000.000615,1000.000616,1000.000617,1000.000619,1000.000621,1000.000625,1000.000630,1000.000639,1000.000652,1000.000665,1000.000674,1000.000678,1000.000680,1000.000674,1000.000661,1000.000639,1000.000607,1000.000567,1000.000520,1000.000469,1000.000417,1000.000363,1000.000309,1000.000248,1000.000183,0.000000,0.000000,0.000000,0.000000,0.000000,0.000000,0.000000,0.000000,0.000000,0.000000,0.000000,0.000000,0.000000,0.000000,0.000000,0.000000,0.000000,0.000000,0.000000,0.000000,0.000000,0.000000,0.000000,0.000000,0.000000,0.000000
0.000000,0.000000,0.000000,0.000000,0.000000,0.000000,0.000000,0.000000,0.000000,0.000000,0.000000,0.000000,0.000000,0.000000,0.000000,0.000000,0.000000,0.000000,0.000000,0.000000,0.000000,0.000000,0.000000,0.000000,1000.000157,1000.000228,1000.000296,1000.000355,1000.000413,1000.000469,1000.000523,1000.000573,1000.000616,1000.000650,1000.000672,1000.000680,1000.000679,1000.000670,1000.000656,1000.000640,1000.000625,1000.000608,1000.000591,1000.000575,1000.000564,1000.000556,1000.000551,1000.000547,1000.000544,1000.000543,1000.000541,1000.000541,1000.000541,1000.000543,1000.000544,1000.000547,1000.000551,1000.000556,1000.000564,1000.000575,1000.000591,1000.000608,1000.000625,1000.000640,1000.000656,1000.000670,1000.000679,1000.000680,1000.000672,1000.000650,1000.000616,1000.000573,1000.000523,1000.000469,1000.000413,1000.000355,1000.000296,1000.000228,1000.000157,0.000000,0.000000,0.000000,0.000000,0.000000,0.000000,0.000000,0.000000,0.000000,0.000000,0.000000,0.000000,0.000000,0.000000,0.000000,0.000000,0.000000,0.000000,0.000000,0.000000,0.000000,0.000000,0.000000,0.000000
0.000000,0.000000,0.000000,0.000000,0.000000,0.000000,0.000000,0.000000,0.000000,0.000000,0.000000,0.000000,0.000000,0.000000,0.000000,0.000000,0.000000,0.000000,0.000000,0.000000,0.000000,0.000000,0.000000,1000.000190,1000.000267,1000.000333,1000.000398,1000.000459,1000.000518,1000.000571,1000.000617,1000.000653,1000.000675,1000.000682,1000.000675,1000.000659,1000.000639,1000.000617,1000.000595,1000.000574,1000.000556,1000.000539,1000.000523,1000.000508,1000.000497,1000.000488,1000.000481,1000.000476,1000.000473,1000.000470,1000.000469,1000.000468,1000.000469,1000.000470,1000.000473,1000.000476,1000.000481,1000.000488,1000.000497,1000.000508,1000.000523,1000.000539,1000.000556,1000.000574,1000.000595,1000.000617,1000.000639,1000.000659,1000.000675,1000.000682,1000.000675,1000.000653,1000.000617,1000.000571,1000.000518,1000.000459,1000.000398,1000.000333,1000.000267,1000.000190,0.000000,0.000000,0.000000,0.000000,0.000000,0.000000,0.000000,0.000000,0.000000,0.000000,0.000000,0.000000,0.000000,0.000000,0.000000,0.000000,0.000000,0.000000,0.000000,0.000000,0.000000,0.000000,0.000000
0.000000,0.000000,0.000000,0.000000,0.000000,0.000000,0.000000,0.000000,0.000000,0.000000,0.000000,0.000000,0.000000,0.000000,0.000000,0.000000,0.000000,0.000000,0.000000,0.000000,0.000000,1000.000140,1000.000220,1000.000297,1000.000366,1000.000433,1000.000500,1000.000561,1000.000612,1000.000651,1000.000675,1000.000683,1000.000675,1000.000655,1000.000629,1000.000601,1000.000574,1000.000550,1000.000528,1000.000507,1000.000488,1000.000471,1000.000456,1000.000442,1000.000431,1000.000421,1000.000413,1000.000408,1000.000404,1000.000401,1000.000399,1000.000398,1000.000399,1000.000401,1000.000404,1000.000408,1000.000413,1000.000421,1000.000431,1000.000442,1000.000456,1000.000471,1000.000488,1000.000507,1000.000528,1000.000550,1000.000574,1000.000601,1000.000629,1000.000655,1000.000675,1000.000683,1000.000675,1000.000651,1000.000612,1000.000561,1000.000500,1000.000433,1000.000366,1000.000297,1000.000220,1000.000140,0.000000,0.000000,0.000000,0.000000,0.000000,0.000000,0.000000,0.000000,0.000000,0.000000,0.000000,0.000000,0.000000,0.000000,0.000000,0.000000,0.000000,0.000000,0.000000,0.000000,0.000000
0.000000,0.000000,0.000000,0.000000,0.000000,0.000000,0.000000,0.000000,0.000000,0.000000,0.000000,0.000000,0.000000,0.000000,0.000000,0.000000,0.000000,0.000000,0.000000,0.000000,1000.000163,1000.000247,1000.000320,1000.000391,1000.000462,1000.000533,1000.000595,1000.000643,1000.000672,1000.000682,1000.000675,1000.000655,1000.000627,1000.000596,1000.000565,1000.000535,1000.000509,1000.000485,1000.000463,1000.000442,1000.000423,1000.000406,1000.000390,1000.000377,1000.000365,1000.000355,1000.000347,1000.000341,1000.000336,1000.000333,1000.000331,1000.000331,1000.000331,1000.000333,1000.000336,1000.000341,1000.000347,1000.000355,1000.000365,1000.000377,1000.000390,1000.000406,1000.000423,1000.000442,1000.000463,1000.000485,1000.000509,1000.000535,1000.000565,1000.000596,1000.000627,1000.000655,1000.000675,1000.000682,1000.000672,1000.000643,1000.000595,1000.000533,1000.000462,1000.000391,1000.000320,1000.000247,1000.000163,0.000000,0.000000,0.000000,0.000000,0.000000,0.000000,0.000000,0.000000,0.000000,0.000000,0.000000,0.000000,0.000000,0.000000,0.000000,0.000000,0.000000,0.000000,0.000000,0.000000
0.000000,0.000000,0.000000,0.000000,0.000000,0.000000,0.000000,0.000000,0.000000,0.000000,0.000000,0.000000,0.000000,0.000000,0.000000,0.000000,0.000000,0.000000,0.000000,1000.000182,1000.000268,1000.000343,1000.000414,1000.000486,1000.000555,1000.000617,1000.000661,1000.000679,1000.000675,1000.000656,1000.000628,1000.000596,1000.000562,1000.000530,1000.000500,1000.000472,1000.000446,1000.000421,1000.000399,1000.000378,1000.000359,1000.000342,1000.000327,1000.000313,1000.000301,1000.000291,1000.000283,1000.000276,1000.000271,1000.000268,1000.000266,1000.000265,1000.000266,1000.000268,1000.000271,1000.000276,1000.000283,1000.000291,1000.000301,1000.000313,1000.000327,1000.000342,1000.000359,1000.000378,1000.000399,1000.000421,1000.000446,1000.000472,1000.000500,1000.000530,1000.000562,1000.000596,1000.000628,1000.000656,1000.000675,1000.000679,1000.000661,1000.000617,1000.000555,1000.000486,1000.000414,1000.000343,1000.000268,1000.000182,0.000000,0.000000,0.000000,0.000000,0.000000,0.000000,0.000000,0.000000,0.000000,0.000000,0.000000,0.000000,0.000000,0.000000,0.000000,0.000000,0.000000,0.000000,0.000000
0.000000,0.000000,0.000000,0.000000,0.000000,0.000000,0.000000,0.000000,0.000000,0.000000,0.000000,0.000000,0.000000,0.000000,0.000000,0.000000,0.000000,0.000000,1000.000194,1000.000283,1000.000361,1000.000436,1000.000511,1000.000577,1000.000633,1000.000671,1000.000680,1000.000664,1000.000634,1000.000600,1000.000565,1000.000531,1000.000498,1000.000467,1000.000438,1000.000410,1000.000384,1000.000359,1000.000337,1000.000316,1000.000297,1000.000280,1000.000264,1000.000251,1000.000239,1000.000228,1000.000220,1000.000213,1000.000208,1000.000204,1000.000202,1000.000201,1000.000202,1000.000204,1000.000208,1000.000213,1000.000220,1000.000228,1000.000239,1000.000251,1000.000264,1000.000280,1000.000297,1000.000316,1000.000337,1000.000359,1000.000384,1000.000410,1000.000438,1000.000467,1000.000498,1000.000531,1000.000565,1000.000600,1000.000634,1000.000664,1000.000680,1000.000671,1000.000633,1000.000577,1000.000511,1000.000436,1000.000361,1000.000283,1000.000194,0.000000,0.000000,0.000000,0.000000,0.000000,0.000000,0.000000,0.000000,0.000000,0.000000,0.000000,0.000000,0.000000,0.000000,0.000000,0.000000,0.000000,0.000000
0.000000,0.000000,0.000000,0.000000,0.000000,0.000000,0.000000,0.000000,0.000000,0.000000,0.000000,0.000000,0.000000,0.000000,0.000000,0.000000,0.000000,1000.000200,1000.000291,1000.000372,1000.000452,1000.000530,1000.000598,1000.000649,1000.000677,1000.000679,1000.000655,1000.000617,1000.000577,1000.000538,1000.000503,1000.000470,1000.000438,1000.000407,1000.000377,1000.000349,1000.000323,1000.000299,1000.000276,1000.000255,1000.000236,1000.000219,1000.000203,1000.000190,1000.000178,1000.000167,1000.000159,1000.000152,1000.000146,1000.000143,1000.000140,1000.000140,1000.000140,1000.000143,1000.000146,1000.000152,1000.000159,1000.000167,1000.000178,1000.000190,1000.000203,1000.000219,1000.000236,1000.000255,1000.000276,1000.000299,1000.000323,1000.000349,1000.000377,1000.000407,1000.000438,1000.000470,1000.000503,1000.000538,1000.000577,1000.000617,1000.000655,1000.000679,1000.000677,1000.000649,1000.000598,1000.000530,1000.000452,1000.000372,1000.000291,1000.000200,0.000000,0.000000,0.000000,0.000000,0.000000,0.000000,0.000000,0.000000,0.000000,0.000000,0.000000,0.000000,0.000000,0.000000,0.000000,0.000000,0.000000
0.000000,0.000000,0.000000,0.000000,0.000000,0.000000,0.000000,0.000000,0.000000,0.000000,0.000000,0.000000,0.000000,0.000000,0.000000,0.000000,1000.000201,1000.000295,1000.000378,1000.000460,1000.000541,1000.000612,1000.000661,1000.000680,1000.000672,1000.000645,1000.000604,1000.000560,1000.000517,1000.000480,1000.000445,1000.000411,1000.000378,1000.000347,1000.000318,1000.000290,1000.000264,1000.000240,1000.000217,1000.000196,1000.000177,1000.000160,1000.000144,1000.000131,1000.000118,1000.000108,1000.000099,1000.000092,1000.000087,1000.000083,1000.000080,1000.000080,1000.000080,1000.000083,1000.000087,1000.000092,1000.000099,1000.000108,1000.000118,1000.000131,1000.000144,1000.000160,1000.000177,1000.000196,1000.000217,1000.000240,1000.000264,1000.000290,1000.000318,1000.000347,1000.000378,1000.000411,1000.000445,1000.000480,1000.000517,1000.000560,1000.000604,1000.000645,1000.000672,1000.000680,1000.000661,1000.000612,1000.000541,1000.000460,1000.000378,1000.000295,1000.000201,0.000000,0.000000,0.000000,0.000000,0.000000,0.000000,0.000000,0.000000,0.000000,0.000000,0.000000,0.000000,0.000000,0.000000,0.000000,0.000000
0.000000,0.000000,0.000000,0.000000,0.000000,0.000000,0.000000,0.000000,0.000000,0.000000,0.000000,0.000000,0.000000,0.000000,0.000000,1000.000200,1000.000295,1000.000380,1000.000464,1000.000546,1000.000617,1000.000666,1000.000680,1000.000663,1000.000629,1000.000588,1000.000544,1000.000501,1000.000461,1000.000424,1000.000387,1000.000353,1000.000320,1000.000289,1000.000260,1000.000233,1000.000207,1000.000182,1000.000160,1000.000139,1000.000120,1000.000103,1000.000087,1000.000073,1000.000061,1000.000050,1000.000041,1000.000034,1000.000029,1000.000025,1000.000022,1000.000022,1000.000022,1000.000025,1000.000029,1000.000034,1000.000041,1000.000050,1000.000061,1000.000073,1000.000087,1000.000103,1000.000120,1000.000139,1000.000160,1000.000182,1000.000207,1000.000233,1000.000260,1000.000289,1000.000320,1000.000353,1000.000387,1000.000424,1000.000461,1000.000501,1000.000544,1000.000588,1000.000629,1000.000663,1000.000680,1000.000666,1000.000617,1000.000546,1000.000464,1000.000380,1000.000295,1000.000200,0.000000,0.000000,0.000000,0.000000,0.000000,0.000000,0.000000,0.000000,0.000000,0.000000,0.000000,0.000000,0.000000,0.000000,0.000000
0.000000,0.000000,0.000000,0.000000,0.000000,0.000000,0.000000,0.000000,0.000000,0.000000,0.000000,0.000000,0.000000,0.000000,1000.000194,1000.000291,1000.000378,1000.000464,1000.000548,1000.000620,1000.000668,1000.000680,1000.000658,1000.000619,1000.000573,1000.000529,1000.000486,1000.000446,1000.000406,1000.000368,1000.000331,1000.000297,1000.000265,1000.000234,1000.000204,1000.000177,1000.000151,1000.000127,1000.000104,1000.000083,1000.000064,1000.000047,1000.000031,1000.000017,1000.000005,999.999994,999.999985,999.999978,999.999972,999.999968,999.999966,999.999965,999.999966,999.999968,999.999972,999.999978,999.999985,999.999994,1000.000005,1000.000017,1000.000031,1000.000047,1000.000064,1000.000083,1000.000104,1000.000127,1000.000151,1000.000177,1000.000204,1000.000234,1000.000265,1000.000297,1000.000331,1000.000368,1000.000406,1000.000446,1000.000486,1000.000529,1000.000573,1000.000619,1000.000658,1000.000680,1000.000668,1000.000620,1000.000548,1000.000464,1000.000378,1000.000291,1000.000194,0.000000,0.000000,0.000000,0.000000,0.000000,0.000000,0.000000,0.000000,0.000000,0.000000,0.000000,0.000000,0.000000,0.000000
0.000000,0.000000,0.000000,0.000000,0.000000,0.000000,0.000000,0.000000,0.000000,0.000000,0.000000,0.000000,0.000000,1000.000182,1000.000283,1000.000372,1000.000460,1000.000546,1000.000620,1000.000669,1000.000681,1000.000657,1000.000614,1000.000565,1000.000517,1000.000474,1000.000432,1000.000391,1000.000351,1000.000313,1000.000277,1000.000243,1000.000210,1000.000179,1000.000150,1000.000123,1000.000097,1000.000072,1000.000050,1000.000029,1000.000010,999.999993,999.999977,999.999963,999.999950,999.999940,999.999931,999.999924,999.999918,999.999914,999.999911,999.999911,999.999911,999.999914,999.999918,999.999924,999.999931,999.999940,999.999950,999.999963,999.999977,999.999993,1000.000010,1000.000029,1000.000050,1000.000072,1000.000097,1000.000123,1000.000150,1000.000179,1000.000210,1000.000243,1000.000277,1000.000313,1000.000351,1000.000391,1000.000432,1000.000474,1000.000517,1000.000565,1000.000614,1000.000657,1000.000681,1000.000669,1000.000620,1000.000546,1000.000460,1000.000372,1000.000283,1000.000182,0.000000,0.000000,0.000000,0.000000,0.000000,0.000000,0.000000,0.000000,0.000000,0.000000,0.000000,0.000000,0.000000
0.000000,0.000000,0.000000,0.000000,0.000000,0.000000,0.000000,0.000000,0.000000,0.000000,0.000000,0.000000,1000.000163,1000.000268,1000.000361,1000.000452,1000.000541,1000.000617,1000.000668,1000.000681,1000.000656,1000.000612,1000.000561,1000.000511,1000.000466,1000.000422,1000.000379,1000.000338,1000.000299,1000.000261,1000.000225,1000.000190,1000.000158,1000.000127,1000.000098,1000.000070,1000.000044,1000.000020,999.999997,999.999977,999.999957,999.999940,999.999924,999.999910,999.999898,999.999887,999.999878,999.999871,999.999865,999.999861,999.999859,999.999858,999.999859,999.999861,999.999865,999.999871,999.999878,999.999887,999.999898,999.999910,999.999924,999.999940,999.999957,999.999977,999.999997,1000.000020,1000.000044,1000.000070,1000.000098,1000.000127,1000.000158,1000.000190,1000.000225,1000.000261,1000.000299,1000.000338,1000.000379,1000.000422,1000.000466,1000.000511,1000.000561,1000.000612,1000.000656,1000.000681,1000.000668,1000.000617,1000.000541,1000.000452,1000.000361,1000.000268,1000.000163,0.000000,0.000000,0.000000,0.000000,0.000000,0.000000,0.000000,0.000000,0.000000,0.000000,0.000000,0.000000
0.000000,0.000000,0.000000,0.000000,0.000000,0.000000,0.000000,0.000000,0.000000,0.000000,0.000000,1000.000140,1000.000247,1000.000343,1000.000436,1000.000530,1000.000612,1000.000666,1000.000680,1000.000657,1000.000612,1000.000560,1000.000508,1000.000461,1000.000416,1000.000371,1000.000328,1000.000287,1000.000248,1000.000210,1000.000174,1000.000140,1000.000107,1000.000076,1000.000047,1000.000019,999.999993,999.999969,999.999946,999.999926,999.999907,999.999889,999.999873,999.999859,999.999847,999.999836,999.999827,999.999820,999.999814,999.999810,999.999807,999.999807,999.999807,999.999810,999.999814,999.999820,999.999827,999.999836,999.999847,999.999859,999.999873,999.999889,999.999907,999.999926,999.999946,999.999969,999.999993,1000.000019,1000.000047,1000.000076,1000.000107,1000.000140,1000.000174,1000.000210,1000.000248,1000.000287,1000.000328,1000.000371,1000.000416,1000.000461,1000.000508,1000.000560,1000.000612,1000.000657,1000.000680,1000.000666,1000.000612,1000.000530,1000.000436,1000.000343,1000.000247,1000.000140,0.000000,0.000000,0.000000,0.000000,0.000000,0.000000,0.000000,0.000000,0.000000,0.000000,0.000000
0.000000,0.000000,0.000000,0.000000,0.000000,0.000000,0.000000,0.000000,0.000000,0.000000,0.000000,1000.000220,1000.000320,1000.000414,1000.000511,1000.000598,1000.000661,1000.000680,1000.000658,1000.000614,1000.000561,1000.000508,1000.000460,1000.000413,1000.000366,1000.000321,1000.000279,1000.000238,1000.000198,1000.000161,1000.000125,1000.000090,1000.000058,1000.000027,999.999997,999.999970,999.999944,999.999920,999.999897,999.999876,999.999857,999.999840,999.999824,999.999810,999.999798,999.999787,999.999778,999.999770,999.999765,999.999760,999.999758,999.999757,999.999758,999.999760,999.999765,999.999770,999.999778,999.999787,999.999798,999.999810,999.999824,999.999840,999.999857,999.999876,999.999897,999.999920,999.999944,999.999970,999.999997,1000.000027,1000.000058,1000.000090,1000.000125,1000.000161,1000.000198,1000.000238,1000.000279,1000.000321,1000.000366,1000.000413,1000.000460,1000.000508,1000.000561,1000.000614,1000.000658,1000.000680,1000.000661,1000.000598,1000.000511,1000.000414,1000.000320,1000.000220,0.000000,0.000000,0.000000,0.000000,0.000000,0.000000,0.000000,0.000000,0.000000,0.000000,0.000000
0.000000,0.000000,0.000000,0.000000,0.000000,0.000000,0.000000,0.000000,0.000000,0.000000,1000.000190,1000.000297,1000.000391,1000.000486,1000.000577,1000.000649,1000.000680,1000.000663,1000.000619,1000.000565,1000.000511,1000.000461,1000.000413,1000.000364,1000.000318,1000.000274,1000.000231,1000.000190,1000.000151,1000.000113,1000.000077,1000.000043,1000.000010,999.999979,999.999950,999.999922,999.999896,999.999872,999.999850,999.999829,999.999810,999.999792,999.999776,999.999762,999.999750,999.999739,999.999730,999.999723,999.999717,999.999713,999.999710,999.999709,999.999710,999.999713,999.999717,999.999723,999.999730,999.999739,999.999750,999.999762,999.999776,999.999792,999.999810,999.999829,999.999850,999.999872,999.999896,999.999922,999.999950,999.999979,1000.000010,1000.000043,1000.000077,1000.000113,1000.000151,1000.000190,1000.000231,1000.000274,1000.000318,1000.000364,1000.000413,1000.000461,1000.000511,1000.000565,1000.000619,1000.000663,1000.000680,1000.000649,1000.000577,1000.000486,1000.000391,1000.000297,1000.000190,0.000000,0.000000,0.000000,0.000000,0.000000,0.000000,0.000000,0.000000,0.000000,0.000000
0.000000,0.000000,0.000000,0.000000,0.000000,0.000000,0.000000,0.000000,0.000000,1000.000157,1000.000267,1000.000366,1000.000462,1000.000555,1000.000633,1000.000677,1000.000672,1000.000629,1000.000573,1000.000517,1000.000466,1000.000416,1000.000366,1000.000318,1000.000272,1000.000228,1000.000185,1000.000144,1000.000105,1000.000067,1000.000031,999.999997,999.999964,999.999933,999.999904,999.999876,999.999851,999.999826,999.999804,999.999783,999.999764,999.999746,999.999731,999.999716,999.999704,999.999693,999.999684,999.999677,999.999671,999.999667,999.999664,999.999663,999.999664,999.999667,999.999671,999.999677,999.999684,999.999693,999.999704,999.999716,999.999731,999.999746,999.999764,999.999783,999.999804,999.999826,999.999851,999.999876,999.999904,999.999933,999.999964,999.999997,1000.000031,1000.000067,1000.000105,1000.000144,1000.000185,1000.000228,1000.000272,1000.000318,1000.000366,1000.000416,1000.000466,1000.000517,1000.000573,1000.000629,1000.000672,1000.000677,1000.000633,1000.000555,1000.000462,1000.000366,1000.000267,1000.000157,0.000000,0.000000,0.000000,0.000000,0.000000,0.000000,0.000000,0.000000,0.000000
0.000000,0.000000,0.000000,0.000000,0.000000,0.000000,0.000000,0.000000,0.000000,1000.000228,1000.000333,1000.000433,1000.000533,1000.000617,1000.000671,1000.000679,1000.000645,1000.000588,1000.000529,1000.000474,1000.000422,1000.000371,1000.000321,1000.000274,1000.000228,1000.000183,1000.000141,1000.000100,1000.000061,1000.000023,999.999987,999.999953,999.999920,999.999889,999.999860,999.999832,999.999806,999.999782,999.999760,999.999739,999.999720,999.999702,999.999686,999.999672,999.999660,999.999649,999.999640,999.999632,999.999626,999.999622,999.999620,999.999619,999.999620,999.999622,999.999626,999.999632,999.999640,999.999649,999.999660,999.999672,999.999686,999.999702,999.999720,999.999739,999.999760,999.999782,999.999806,999.999832,999.999860,999.999889,999.999920,999.999953,999.999987,1000.000023,1000.000061,1000.000100,1000.000141,1000.000183,1000.000228,1000.000274,1000.000321,1000.000371,1000.000422,1000.000474,1000.000529,1000.000588,1000.000645,1000.000679,1000.000671,1000.000617,1000.000533,1000.000433,1000.000333,1000.000228,0.000000,0.000000,0.000000,0.000000,0.000000,0.000000,0.000000,0.000000,0.000000
0.000000,0.000000,0.000000,0.000000,0.000000,0.000000,0.000000,0.000000,1000.000183,1000.000296,1000.000398,1000.000500,1000.000595,1000.000661,1000.000680,1000.000655,1000.000604,1000.000544,1000.000486,1000.000432,1000.000379,1000.000328,1000.000279,1000.000231,1000.000185,1000.000141,1000.000098,1000.000057,1000.000018,999.999980,999.999944,999.999910,999.999877,999.999846,999.999817,999.999790,999.999764,999.999740,999.999717,999.999696,999.999677,999.999659,999.999644,999.999629,999.999617,999.999606,999.999597,999.999590,999.999584,999.999580,999.999577,999.999576,999.999577,999.999580,999.999584,999.999590,999.999597,999.999606,999.999617,999.999629,999.999644,999.999659,999.999677,999.999696,999.999717,999.999740,999.999764,999.999790,999.999817,999.999846,999.999877,999.999910,999.999944,999.999980,1000.000018,1000.000057,1000.000098,1000.000141,1000.000185,1000.000231,1000.000279,1000.000328,1000.000379,1000.000432,1000.000486,1000.000544,1000.000604,1000.000655,1000.000680,1000.000661,1000.000595,1000.000500,1000.000398,1000.000296,1000.000183,0.000000,0.000000,0.000000,0.000000,0.000000,0.000000,0.000000,0.000000
0.000000,0.000000,0.000000,0.000000,0.000000,0.000000,0.000000,0.000000,1000.000248,1000.000355,1000.000459,1000.000561,1000.000643,1000.000679,1000.000664,1000.000617,1000.000560,1000.000501,1000.000446,1000.000391,1000.000338,1000.000287,1000.000238,1000.000190,1000.000144,1000.000100,1000.000057,1000.000016,999.999977,999.999939,999.999903,999.999869,999.999836,999.999806,999.999776,999.999749,999.999723,999.999699,999.999676,999.999655,999.999636,999.999619,999.999603,999.999589,999.999576,999.999565,999.999556,999.999549,999.999543,999.999539,999.999536,999.999535,999.999536,999.999539,999.999543,999.999549,999.999556,999.999565,999.999576,999.999589,999.999603,999.999619,999.999636,999.999655,999.999676,999.999699,999.999723,999.999749,999.999776,999.999806,999.999836,999.999869,999.999903,999.999939,999.999977,1000.000016,1000.000057,1000.000100,1000.000144,1000.000190,1000.000238,1000.000287,1000.000338,1000.000391,1000.000446,1000.000501,1000.000560,1000.000617,1000.000664,1000.000679,1000.000643,1000.000561,1000.000459,1000.000355,1000.000248,0.000000,0.000000,0.000000,0.000000,0.000000,0.000000,0.000000,0.000000
0.000000,0.000000,0.000000,0.000000,0.000000,0.000000,0.000000,1000.000193,1000.000309,1000.000413,1000.000518,1000.000612,1000.000672,1000.000675,1000.000634,1000.000577,1000.000517,1000.000461,1000.000406,1000.000351,1000.000299,1000.000248,1000.000198,1000.000151,1000.000105,1000.000061,1000.000018,999.999977,999.999938,999.999900,999.999864,999.999830,999.999797,999.999766,999.999737,999.999709,999.999684,999.999659,999.999637,999.999616,999.999597,999.999579,999.999563,999.999549,999.999537,999.999526,999.999517,999.999509,999.999503,999.999499,999.999497,999.999496,999.999497,999.999499,999.999503,999.999509,999.999517,999.999526,999.999537,999.999549,999.999563,999.999579,999.999597,999.999616,999.999637,999.999659,999.999684,999.999709,999.999737,999.999766,999.999797,999.999830,999.999864,999.999900,999.999938,999.999977,1000.000018,1000.000061,1000.000105,1000.000151,1000.000198,1000.000248,1000.000299,1000.000351,1000.000406,1000.000461,1000.000517,1000.000577,1000.000634,1000.000675,1000.000672,1000.000612,1000.000518,1000.000413,1000.000309,1000.000193,0.000000,0.000000,0.000000,0.000000,0.000000,0.000000,0.000000
0.000000,0.000000,0.000000,0.000000,0.000000,0.000000,0.000000,1000.000253,1000.000363,1000.000469,1000.000571,1000.000651,1000.000682,1000.000656,1000.000600,1000.000538,1000.000480,1000.000424,1000.000368,1000.000313,1000.000261,1000.000210,1000.000161,1000.000113,1000.000067,1000.000023,999.999980,999.999939,999.999900,999.999862,999.999826,999.999792,999.999760,999.999729,999.999699,999.999672,999.999646,999.999622,999.999599,999.999578,999.999559,999.999542,999.999526,999.999512,999.999499,999.999488,999.999479,999.999472,999.999466,999.999462,999.999459,999.999458,999.999459,999.999462,999.999466,999.999472,999.999479,999.999488,999.999499,999.999512,999.999526,999.999542,999.999559,999.999578,999.999599,999.999622,999.999646,999.999672,999.999699,999.999729,999.999760,999.999792,999.999826,999.999862,999.999900,999.999939,999.999980,1000.000023,1000.000067,1000.000113,1000.000161,1000.000210,1000.000261,1000.000313,1000.000368,1000.000424,1000.000480,1000.000538,1000.000600,1000.000656,1000.000682,1000.000651,1000.000571,1000.000469,1000.000363,1000.000253,0.000000,0.000000,0.000000,0.000000,0.000000,0.000000,0.000000
0.000000,0.000000,0.000000,0.000000,0.000000,0.000000,1000.000194,1000.000311,1000.000417,1000.000523,1000.000617,1000.000675,1000.000675,1000.000628,1000.000565,1000.000503,1000.000445,1000.000387,1000.000331,1000.000277,1000.000225,1000.000174,1000.000125,1000.000077,1000.000031,999.999987,999.999944,999.999903,999.999864,999.999826,999.999791,999.999756,999.999724,999.999693,999.999664,999.999636,999.999610,999.999586,999.999563,999.999542,999.999523,999.999506,999.999490,999.999476,999.999463,999.999452,999.999443,999.999436,999.999430,999.999426,999.999423,999.999422,999.999423,999.999426,999.999430,999.999436,999.999443,999.999452,999.999463,999.999476,999.999490,999.999506,999.999523,999.999542,999.999563,999.999586,999.999610,999.999636,999.999664,999.999693,999.999724,999.999756,999.999791,999.999826,999.999864,999.999903,999.999944,999.999987,1000.000031,1000.000077,1000.000125,1000.000174,1000.000225,1000.000277,1000.000331,1000.000387,1000.000445,1000.000503,1000.000565,1000.000628,1000.000675,1000.000675,1000.000617,1000.000523,1000.000417,1000.000311,1000.000194,0.000000,0.000000,0.000000,0.000000,0.000000,0.000000
0.000000,0.000000,0.000000,0.000000,0.000000,0.000000,1000.000249,1000.000361,1000.000469,1000.000573,1000.000653,1000.000683,1000.000655,1000.000596,1000.000531,1000.000470,1000.000411,1000.000353,1000.000297,1000.000243,1000.000190,1000.000140,1000.000090,1000.000043,999.999997,999.999953,999.999910,999.999869,999.999830,999.999792,999.999756,999.999722,999.999689,999.999659,999.999629,999.999602,999.999576,999.999552,999.999529,999.999508,999.999489,999.999471,999.999456,999.999441,999.999429,999.999418,999.999409,999.999401,999.999396,999.999391,999.999389,999.999388,999.999389,999.999391,999.999396,999.999401,999.999409,999.999418,999.999429,999.999441,999.999456,999.999471,999.999489,999.999508,999.999529,999.999552,999.999576,999.999602,999.999629,999.999659,999.999689,999.999722,999.999756,999.999792,999.999830,999.999869,999.999910,999.999953,999.999997,1000.000043,1000.000090,1000.000140,1000.000190,1000.000243,1000.000297,1000.000353,1000.000411,1000.000470,1000.000531,1000.000596,1000.000655,1000.000683,1000.000653,1000.000573,1000.000469,1000.000361,1000.000249,0.000000,0.000000,0.000000,0.000000,0.000000,0.000000
0.000000,0.000000,0.000000,0.000000,0.000000,1000.000185,1000.000304,1000.000411,1000.000520,1000.000616,1000.000675,1000.000675,1000.000627,1000.000562,1000.000498,1000.000438,1000.000378,1000.000320,1000.000265,1000.000210,1000.000158,1000.000107,1000.000058,1000.000010,999.999964,999.999920,999.999877,999.999836,999.999797,999.999760,999.999724,999.999689,999.999657,999.999626,999.999597,999.999569,999.999543,999.999519,999.999496,999.999476,999.999456,999.999439,999.999423,999.999409,999.999396,999.999385,999.999376,999.999369,999.999363,999.999359,999.999356,999.999355,999.999356,999.999359,999.999363,999.999369,999.999376,999.999385,999.999396,999.999409,999.999423,999.999439,999.999456,999.999476,999.999496,999.999519,999.999543,999.999569,999.999597,999.999626,999.999657,999.999689,999.999724,999.999760,999.999797,999.999836,999.999877,999.999920,999.999964,1000.000010,1000.000058,1000.000107,1000.000158,1000.000210,1000.000265,1000.000320,1000.000378,1000.000438,1000.000498,1000.000562,1000.000627,1000.000675,1000.000675,1000.000616,1000.000520,1000.000411,1000.000304,1000.000185,0.000000,0.000000,0.000000,0.000000,0.000000
0.000000,0.000000,0.000000,0.000000,0.000000,1000.000235,1000.000349,1000.000459,1000.000567,1000.000650,1000.000682,1000.000655,1000.000596,1000.000530,1000.000467,1000.000407,1000.000347,1000.000289,1000.000234,1000.000179,1000.000127,1000.000076,1000.000027,999.999979,999.999933,999.999889,999.999846,999.999806,999.999766,999.999729,999.999693,999.999659,999.999626,999.999595,999.999566,999.999538,999.999512,999.999488,999.999466,999.999445,999.999426,999.999408,999.999392,999.999378,999.999365,999.999355,999.999345,999.999338,999.999332,999.999328,999.999325,999.999325,999.999325,999.999328,999.999332,999.999338,999.999345,999.999355,999.999365,999.999378,999.999392,999.999408,999.999426,999.999445,999.999466,999.999488,999.999512,999.999538,999.999566,999.999595,999.999626,999.999659,999.999693,999.999729,999.999766,999.999806,999.999846,999.999889,999.999933,999.999979,1000.000027,1000.000076,1000.000127,1000.000179,1000.000234,1000.000289,1000.000347,1000.000407,1000.000467,1000.000530,1000.000596,1000.000655,1000.000682,1000.000650,1000.000567,1000.000459,1000.000349,1000.000235,0.000000,0.000000,0.000000,0.000000,0.000000
0.000000,0.000000,0.000000,0.000000,1000.000162,1000.000283,1000.000393,1000.000505,1000.000607,1000.000672,1000.000675,1000.000629,1000.000565,1000.000500,1000.000438,1000.000377,1000.000318,1000.000260,1000.000204,1000.000150,1000.000098,1000.000047,999.999997,999.999950,999.999904,999.999860,999.999817,999.999776,999.999737,999.999699,999.999664,999.999629,999.999597,999.999566,999.999537,999.999509,999.999483,999.999459,999.999436,999.999415,999.999396,999.999379,999.999363,999.999349,999.999336,999.999325,999.999316,999.999309,999.999303,999.999299,999.999296,999.999295,999.999296,999.999299,999.999303,999.999309,999.999316,999.999325,999.999336,999.999349,999.999363,999.999379,999.999396,999.999415,999.999436,999.999459,999.999483,999.999509,999.999537,999.999566,999.999597,999.999629,999.999664,999.999699,999.999737,999.999776,999.999817,999.999860,999.999904,999.999950,999.999997,1000.000047,1000.000098,1000.000150,1000.000204,1000.000260,1000.000318,1000.000377,1000.000438,1000.000500,1000.000565,1000.000629,1000.000675,1000.000672,1000.000607,1000.000505,1000.000393,1000.000283,1000.000162,0.000000,0.000000,0.000000,0.000000
0.000000,0.000000,0.000000,0.000000,1000.000206,1000.000322,1000.000434,1000.000546,1000.000639,1000.000680,1000.000659,1000.000601,1000.000535,1000.000472,1000.000410,1000.000349,1000.000290,1000.000233,1000.000177,1000.000123,1000.000070,1000.000019,999.999970,999.999922,999.999876,999.999832,999.999790,999.999749,999.999709,999.999672,999.999636,999.999602,999.999569,999.999538,999.999509,999.999481,999.999456,999.999431,999.999409,999.999388,999.999369,999.999351,999.999335,999.999321,999.999309,999.999298,999.999289,999.999281,999.999275,999.999271,999.999269,999.999268,999.999269,999.999271,999.999275,999.999281,999.999289,999.999298,999.999309,999.999321,999.999335,999.999351,999.999369,999.999388,999.999409,999.999431,999.999456,999.999481,999.999509,999.999538,999.999569,999.999602,999.999636,999.999672,999.999709,999.999749,999.999790,999.999832,999.999876,999.999922,999.999970,1000.000019,1000.000070,1000.000123,1000.000177,1000.000233,1000.000290,1000.000349,1000.000410,1000.000472,1000.000535,1000.000601,1000.000659,1000.000680,1000.000639,1000.000546,1000.000434,1000.000322,1000.000206,0.000000,0.000000,0.000000,0.000000
