0.000000,0.000000,0.000000,0.000000,0.000000,0.000000,0.000000,0.000000,0.000000,0.000000,0.000000,0.000000,0.000000,0.000000,0.000000,0.000000,0.000000,0.000000,0.000000,0.000000,0.000000,0.000000,0.000000,0.000000,0.000000,0.000000,0.000000,0.000000,0.000000,0.000000,0.000000,0.000000,0.000000,0.000000,0.000000,0.000000,0.000000,0.000000,0.000000,0.000000,0.000000,0.000000,0.000000,0.000000,0.000000,0.000000,0.000000,0.000000,0.000000,0.000000,0.000000,0.000000,0.000000,0.000000,0.000000,0.000000,0.000000,0.000000,0.000000,0.000000,0.000000,0.000000,0.000000,0.000000,0.000000,0.000000,0.000000,0.000000,0.000000,0.000000,0.000000,0.000000,0.000000,0.000000,0.000000,0.000000,0.000000,0.000000,0.000000,0.000000,0.000000,0.000000,0.000000,0.000000,0.000000,0.000000,0.000000,0.000000,0.000000,0.000000,0.000000,0.000000,0.000000,0.000000,0.000000,0.000000,0.000000,0.000000,0.000000,0.000000,0.000000,0.000000,0.000000
0.000000,0.000000,0.000000,0.000000,0.000000,0.000000,0.000000,0.000000,0.000000,0.000000,0.000000,0.000000,0.000000,0.000000,0.000000,0.000000,0.000000,0.000000,0.000000,0.000000,0.000000,0.000000,0.000000,0.000000,0.000000,0.000000,0.000000,0.000000,0.000000,0.000000,0.000000,0.000000,0.000000,0.000000,0.000000,0.000000,0.000000,0.000000,0.000000,0.000000,0.000000,0.000000,0.000000,0.000000,0.000000,0.000000,0.000000,0.000000,0.000000,0.000000,0.000000,999.999666,0.000000,0.000000,0.000000,0.000000,0.000000,0.000000,0.000000,0.000000,0.000000,0.000000,0.000000,0.000000,0.000000,0.000000,0.000000,0.000000,0.000000,0.000000,0.000000,0.000000,0.000000,0.000000,0.000000,0.000000,0.000000,0.000000,0.000000,0.000000,0.000000,0.000000,0.000000,0.000000,0.000000,0.000000,0.000000,0.000000,0.000000,0.000000,0.000000,0.000000,0.000000,0.000000,0.000000,0.000000,0.000000,0.000000,0.000000,0.000000,0.000000,0.000000,0.000000
0.000000,0.000000,0.000000,0.000000,0.000000,0.000000,0.000000,0.000000,0.000000,0.000000,0.000000,0.000000,0.000000,0.000000,0.000000,0.000000,0.000000,0.000000,0.000000,0.000000,0.000000,0.000000,0.000000,0.000000,0.000000,0.000000,0.000000,0.000000,0.000000,0.000000,0.000000,0.000000,0.000000,0.000000,0.000000,0.000000,0.000000,0.000000,0.000000,0.000000,0.000000,0.000000,999.997947,999.995751,999.995701,999.996287,999.996738,999.997308,999.997902,999.998804,999.999503,999.999623,999.999724,1000.000423,1000.001183,1000.001651,1000.002035,1000.002382,1000.002605,1000.002611,1000.001038,0.000000,0.000000,0.000000,0.000000,0.000000,0.000000,0.000000,0.000000,0.000000,0.000000,0.000000,0.000000,0.000000,0.000000,0.000000,0.000000,0.000000,0.000000,0.000000,0.000000,0.000000,0.000000,0.000000,0.000000,0.000000,0.000000,0.000000,0.000000,0.000000,0.000000,0.000000,0.000000,0.000000,0.000000,0.000000,0.000000,0.000000,0.000000,0.000000,0.000000,0.000000,0.000000
0.000000,0.000000,0.000000,0.000000,0.000000,0.000000,0.000000,0.000000,0.000000,0.000000,0.000000,0.000000,0.000000,0.000000,0.000000,0.000000,0.000000,0.000000,0.000000,0.000000,0.000000,0.000000,0.000000,0.000000,0.000000,0.000000,0.000000,0.000000,0.000000,0.000000,0.000000,0.000000,0.000000,0.000000,0.000000,0.000000,0.000000,999.994574,999.992351,999.992299,999.993266,999.994994,999.997280,999.996716,999.996356,999.996490,999.996896,999.997407,999.997962,999.998493,999.999332,999.999530,999.999680,1000.000451,1000.000911,1000.001328,1000.001700,1000.002000,1000.002098,1000.001823,1000.001453,1000.002943,1000.003877,1000.004427,1000.004264,1000.003024,0.000000,0.000000,0.000000,0.000000,0.000000,0.000000,0.000000,0.000000,0.000000,0.000000,0.000000,0.000000,0.000000,0.000000,0.000000,0.000000,0.000000,0.000000,0.000000,0.000000,0.000000,0.000000,0.000000,0.000000,0.000000,0.000000,0.000000,0.000000,0.000000,0.000000,0.000000,0.000000,0.000000,0.000000,0.000000,0.000000,0.000000
0.000000,0.000000,0.000000,0.000000,0.000000,0.000000,0.000000,0.000000,0.000000,0.000000,0.000000,0.000000,0.000000,0.000000,0.000000,0.000000,0.000000,0.000000,0.000000,0.000000,0.000000,0.000000,0.000000,0.000000,0.000000,0.000000,0.000000,0.000000,0.000000,0.000000,0.000000,0.000000,0.000000,0.000000,999.992558,999.990926,999.991829,999.993996,999.993654,999.993389,999.993799,999.995180,999.995980,999.996168,999.996392,999.996633,999.997007,999.997464,999.998018,999.998471,999.998985,999.999409,999.999857,1000.000314,1000.000737,1000.001147,1000.001475,1000.001722,1000.001947,1000.002034,1000.002173,1000.002669,1000.003495,1000.003675,1000.003501,1000.003247,1000.004355,1000.004772,1000.003985,0.000000,0.000000,0.000000,0.000000,0.000000,0.000000,0.000000,0.000000,0.000000,0.000000,0.000000,0.000000,0.000000,0.000000,0.000000,0.000000,0.000000,0.000000,0.000000,0.000000,0.000000,0.000000,0.000000,0.000000,0.000000,0.000000,0.000000,0.000000,0.000000,0.000000,0.000000,0.000000,0.000000,0.000000
0.000000,0.000000,0.000000,0.000000,0.000000,0.000000,0.000000,0.000000,0.000000,0.000000,0.000000,0.000000,0.000000,0.000000,0.000000,0.000000,0.000000,0.000000,0.000000,0.000000,0.000000,0.000000,0.000000,0.000000,0.000000,0.000000,0.000000,0.000000,0.000000,0.000000,0.000000,0.000000,999.991880,999.990450,999.992271,999.992081,999.992687,999.993155,999.993377,999.993724,999.994269,999.994899,999.995367,999.995938,999.996338,999.996649,999.997076,999.997516,999.997957,999.998471,999.998859,999.999340,999.999771,1000.000172,1000.000558,1000.000997,1000.001317,1000.001599,1000.001823,1000.002059,1000.002406,1000.002679,1000.003108,1000.003349,1000.003560,1000.003593,1000.003825,1000.004091,1000.003997,1000.004825,1000.004079,0.000000,0.000000,0.000000,0.000000,0.000000,0.000000,0.000000,0.000000,0.000000,0.000000,0.000000,0.000000,0.000000,0.000000,0.000000,0.000000,0.000000,0.000000,0.000000,0.000000,0.000000,0.000000,0.000000,0.000000,0.000000,0.000000,0.000000,0.000000,0.000000,0.000000,0.000000,0.000000
0.000000,0.000000,0.000000,0.000000,0.000000,0.000000,0.000000,0.000000,0.000000,0.000000,0.000000,0.000000,0.000000,0.000000,0.000000,0.000000,0.000000,0.000000,0.000000,0.000000,0.000000,0.000000,0.000000,0.000000,0.000000,0.000000,0.000000,0.000000,0.000000,0.000000,999.990407,999.989025,999.991198,999.991702,999.991959,999.992087,999.992559,999.992871,999.993369,999.993769,999.994252,999.994733,999.995253,999.995784,999.996184,999.996610,999.997033,999.997441,999.997872,999.998340,999.998822,999.999245,999.999687,1000.000085,1000.000472,1000.000840,1000.001188,1000.001496,1000.001781,1000.002059,1000.002364,1000.002633,1000.002936,1000.003179,1000.003417,1000.003652,1000.003784,1000.003991,1000.003996,1000.004151,1000.004370,1000.005260,1000.004671,0.000000,0.000000,0.000000,0.000000,0.000000,0.000000,0.000000,0.000000,0.000000,0.000000,0.000000,0.000000,0.000000,0.000000,0.000000,0.000000,0.000000,0.000000,0.000000,0.000000,0.000000,0.000000,0.000000,0.000000,0.000000,0.000000,0.000000,0.000000,0.000000,0.000000
0.000000,0.000000,0.000000,0.000000,0.000000,0.000000,0.000000,0.000000,0.000000,0.000000,0.000000,0.000000,0.000000,0.000000,0.000000,0.000000,0.000000,0.000000,0.000000,0.000000,0.000000,0.000000,0.000000,0.000000,0.000000,0.000000,0.000000,0.000000,999.988965,999.987732,999.989839,999.990533,999.990889,999.991214,999.991494,999.992056,999.992483,999.992824,999.993271,999.993726,999.994208,999.994639,999.995204,999.995657,999.996080,999.996502,999.996950,999.997410,999.997849,999.998273,999.998757,999.999163,999.999588,1000.000038,1000.000430,1000.000742,1000.001101,1000.001410,1000.001725,1000.002023,1000.002321,1000.002623,1000.002888,1000.003120,1000.003335,1000.003591,1000.003754,1000.003940,1000.004126,1000.004214,1000.004376,1000.004508,1000.004779,1000.005622,1000.005072,0.000000,0.000000,0.000000,0.000000,0.000000,0.000000,0.000000,0.000000,0.000000,0.000000,0.000000,0.000000,0.000000,0.000000,0.000000,0.000000,0.000000,0.000000,0.000000,0.000000,0.000000,0.000000,0.000000,0.000000,0.000000,0.000000,0.000000,0.000000
0.000000,0.000000,0.000000,0.000000,0.000000,0.000000,0.000000,0.000000,0.000000,0.000000,0.000000,0.000000,0.000000,0.000000,0.000000,0.000000,0.000000,0.000000,0.000000,0.000000,0.000000,0.000000,0.000000,0.000000,0.000000,0.000000,999.987608,999.986641,999.988534,999.989232,999.989614,999.990104,999.990481,999.991057,999.991488,999.991910,999.992275,999.992698,999.993170,999.993665,999.994078,999.994554,999.995036,999.995506,999.995965,999.996441,999.996919,999.997349,999.997822,999.998237,999.998677,999.999103,999.999518,999.999924,1000.000283,1000.000691,1000.001030,1000.001385,1000.001648,1000.001985,1000.002275,1000.002583,1000.002820,1000.003037,1000.003280,1000.003498,1000.003716,1000.003914,1000.004085,1000.004258,1000.004462,1000.004618,1000.004793,1000.004957,1000.005209,1000.005885,1000.005447,0.000000,0.000000,0.000000,0.000000,0.000000,0.000000,0.000000,0.000000,0.000000,0.000000,0.000000,0.000000,0.000000,0.000000,0.000000,0.000000,0.000000,0.000000,0.000000,0.000000,0.000000,0.000000,0.000000,0.000000,0.000000,0.000000
0.000000,0.000000,0.000000,0.000000,0.000000,0.000000,0.000000,0.000000,0.000000,0.000000,0.000000,0.000000,0.000000,0.000000,0.000000,0.000000,0.000000,0.000000,0.000000,0.000000,0.000000,0.000000,0.000000,0.000000,999.986738,999.985988,999.987439,999.988042,999.988440,999.988944,999.989321,999.989949,999.990412,999.990868,999.991318,999.991729,999.992141,999.992619,999.993081,999.993508,999.993967,999.994472,999.994936,999.995382,999.995901,999.996383,999.996800,999.997238,999.997721,999.998187,999.998611,999.999076,999.999487,999.999842,1000.000264,1000.000642,1000.000990,1000.001326,1000.001641,1000.001937,1000.002210,1000.002533,1000.002765,1000.003031,1000.003289,1000.003478,1000.003664,1000.003886,1000.004051,1000.004241,1000.004449,1000.004615,1000.004842,1000.004974,1000.005164,1000.005294,1000.005480,1000.005999,1000.005670,0.000000,0.000000,0.000000,0.000000,0.000000,0.000000,0.000000,0.000000,0.000000,0.000000,0.000000,0.000000,0.000000,0.000000,0.000000,0.000000,0.000000,0.000000,0.000000,0.000000,0.000000,0.000000,0.000000,0.000000
0.000000,0.000000,0.000000,0.000000,0.000000,0.000000,0.000000,0.000000,0.000000,0.000000,0.000000,0.000000,0.000000,0.000000,0.000000,0.000000,0.000000,0.000000,0.000000,0.000000,0.000000,0.000000,0.000000,999.987029,999.986754,999.987066,999.987495,999.987897,999.988285,999.988862,999.989331,999.989813,999.990222,999.990676,999.991130,999.991566,999.992021,999.992498,999.992905,999.993361,999.993866,999.994386,999.994840,999.995297,999.995794,999.996267,999.996711,999.997221,999.997678,999.998132,999.998570,999.999013,999.999412,999.999838,1000.000242,1000.000594,1000.000934,1000.001271,1000.001627,1000.001913,1000.002180,1000.002446,1000.002745,1000.002979,1000.003254,1000.003458,1000.003649,1000.003859,1000.004054,1000.004212,1000.004425,1000.004581,1000.004735,1000.004898,1000.005145,1000.005268,1000.005410,1000.005524,1000.005637,1000.005492,0.000000,0.000000,0.000000,0.000000,0.000000,0.000000,0.000000,0.000000,0.000000,0.000000,0.000000,0.000000,0.000000,0.000000,0.000000,0.000000,0.000000,0.000000,0.000000,0.000000,0.000000,0.000000,0.000000
0.000000,0.000000,0.000000,0.000000,0.000000,0.000000,0.000000,0.000000,0.000000,0.000000,0.000000,0.000000,0.000000,0.000000,0.000000,0.000000,0.000000,0.000000,0.000000,0.000000,0.000000,999.985442,999.985010,999.986587,999.986970,999.987234,999.987428,999.987881,999.988319,999.988738,999.989178,999.989604,999.990068,999.990502,999.990921,999.991400,999.991854,999.992301,999.992778,999.993247,999.993750,999.994224,999.994700,999.995215,999.995701,999.996163,999.996693,999.997157,999.997610,999.998055,999.998526,999.998918,999.999388,999.999787,1000.000169,1000.000547,1000.000895,1000.001253,1000.001604,1000.001924,1000.002207,1000.002455,1000.002752,1000.003002,1000.003193,1000.003422,1000.003623,1000.003845,1000.004041,1000.004204,1000.004389,1000.004564,1000.004766,1000.004889,1000.005048,1000.005206,1000.005346,1000.005397,1000.005490,1000.005602,1000.006141,1000.005970,0.000000,0.000000,0.000000,0.000000,0.000000,0.000000,0.000000,0.000000,0.000000,0.000000,0.000000,0.000000,0.000000,0.000000,0.000000,0.000000,0.000000,0.000000,0.000000,0.000000,0.000000
0.000000,0.000000,0.000000,0.000000,0.000000,0.000000,0.000000,0.000000,0.000000,0.000000,0.000000,0.000000,0.000000,0.000000,0.000000,0.000000,0.000000,0.000000,0.000000,0.000000,999.985748,999.985695,999.986004,999.986460,999.986781,999.987141,999.987482,999.987883,999.988261,999.988646,999.989055,999.989486,999.989921,999.990330,999.990803,999.991244,999.991669,999.992143,999.992635,999.993108,999.993598,999.994041,999.994585,999.995104,999.995615,999.996100,999.996614,999.997080,999.997537,999.998047,999.998501,999.998929,999.999383,999.999771,1000.000185,1000.000536,1000.000936,1000.001222,1000.001543,1000.001866,1000.002181,1000.002443,1000.002720,1000.002965,1000.003186,1000.003419,1000.003654,1000.003817,1000.004018,1000.004198,1000.004387,1000.004530,1000.004737,1000.004869,1000.005007,1000.005125,1000.005288,1000.005386,1000.005505,1000.005616,1000.005717,1000.005828,1000.005813,0.000000,0.000000,0.000000,0.000000,0.000000,0.000000,0.000000,0.000000,0.000000,0.000000,0.000000,0.000000,0.000000,0.000000,0.000000,0.000000,0.000000,0.000000,0.000000,0.000000
0.000000,0.000000,0.000000,0.000000,0.000000,0.000000,0.000000,0.000000,0.000000,0.000000,0.000000,0.000000,0.000000,0.000000,0.000000,0.000000,0.000000,0.000000,0.000000,999.985472,999.985708,999.985889,999.986240,999.986419,999.986767,999.987147,999.987481,999.987779,999.988162,999.988499,999.988923,999.989314,999.989714,999.990168,999.990598,999.991032,999.991490,999.991955,999.992435,999.992953,999.993436,999.993967,999.994485,999.994958,999.995486,999.996005,999.996519,999.997027,999.997514,999.997996,999.998454,999.998906,999.999331,999.999762,1000.000141,1000.000540,1000.000927,1000.001268,1000.001580,1000.001867,1000.002193,1000.002457,1000.002713,1000.002934,1000.003191,1000.003430,1000.003614,1000.003822,1000.003988,1000.004180,1000.004363,1000.004516,1000.004656,1000.004819,1000.004987,1000.005112,1000.005202,1000.005337,1000.005425,1000.005571,1000.005615,1000.005705,1000.005770,1000.005861,0.000000,0.000000,0.000000,0.000000,0.000000,0.000000,0.000000,0.000000,0.000000,0.000000,0.000000,0.000000,0.000000,0.000000,0.000000,0.000000,0.000000,0.000000,0.000000
0.000000,0.000000,0.000000,0.000000,0.000000,0.000000,0.000000,0.000000,0.000000,0.000000,0.000000,0.000000,0.000000,0.000000,0.000000,0.000000,0.000000,0.000000,999.985168,999.985514,999.985774,999.986031,999.986277,999.986452,999.986798,999.987134,999.987396,999.987682,999.988048,999.988395,999.988766,999.989138,999.989536,999.989937,999.990366,999.990808,999.991294,999.991784,999.992249,999.992737,999.993284,999.993833,999.994340,999.994863,999.995411,999.995952,999.996454,999.996990,999.997498,999.997969,999.998437,999.998929,999.999363,999.999781,1000.000200,1000.000549,1000.000889,1000.001260,1000.001612,1000.001896,1000.002214,1000.002460,1000.002733,1000.002983,1000.003201,1000.003427,1000.003602,1000.003849,1000.004032,1000.004168,1000.004346,1000.004485,1000.004633,1000.004817,1000.004923,1000.005066,1000.005172,1000.005269,1000.005389,1000.005509,1000.005590,1000.005679,1000.005729,1000.005809,1000.005914,0.000000,0.000000,0.000000,0.000000,0.000000,0.000000,0.000000,0.000000,0.000000,0.000000,0.000000,0.000000,0.000000,0.000000,0.000000,0.000000,0.000000,0.000000
0.000000,0.000000,0.000000,0.000000,0.000000,0.000000,0.000000,0.000000,0.000000,0.000000,0.000000,0.000000,0.000000,0.000000,0.000000,0.000000,0.000000,999.984953,999.985320,999.985582,999.985811,999.986044,999.986251,999.986519,999.986790,999.987040,999.987256,999.987624,999.987940,999.988236,999.988563,999.988953,999.989306,999.989740,999.990131,999.990584,999.991058,999.991536,999.992040,999.992584,999.993114,999.993605,999.994176,999.994789,999.995318,999.995867,999.996374,999.996917,999.997449,999.997954,999.998445,999.998913,999.999353,999.999774,1000.000238,1000.000587,1000.000950,1000.001326,1000.001637,1000.001928,1000.002233,1000.002503,1000.002734,1000.003008,1000.003205,1000.003432,1000.003594,1000.003819,1000.004012,1000.004146,1000.004321,1000.004496,1000.004629,1000.004757,1000.004880,1000.004991,1000.005155,1000.005269,1000.005327,1000.005450,1000.005539,1000.005596,1000.005689,1000.005734,1000.005865,1000.005939,0.000000,0.000000,0.000000,0.000000,0.000000,0.000000,0.000000,0.000000,0.000000,0.000000,0.000000,0.000000,0.000000,0.000000,0.000000,0.000000,0.000000
0.000000,0.000000,0.000000,0.000000,0.000000,0.000000,0.000000,0.000000,0.000000,0.000000,0.000000,0.000000,0.000000,0.000000,0.000000,0.000000,999.984921,999.985183,999.985426,999.985651,999.985896,999.986100,999.986332,999.986533,999.986751,999.986971,999.987200,999.987530,999.987738,999.988014,999.988370,999.988730,999.989076,999.989477,999.989893,999.990368,999.990797,999.991301,999.991832,999.992371,999.992907,999.993460,999.994072,999.994637,999.995194,999.995767,999.996361,999.996904,999.997443,999.997973,999.998465,999.998969,999.999378,999.999825,1000.000220,1000.000640,1000.001021,1000.001346,1000.001672,1000.001972,1000.002265,1000.002551,1000.002778,1000.003049,1000.003239,1000.003487,1000.003662,1000.003818,1000.003988,1000.004185,1000.004343,1000.004482,1000.004605,1000.004743,1000.004860,1000.005003,1000.005065,1000.005209,1000.005283,1000.005368,1000.005475,1000.005554,1000.005648,1000.005707,1000.005777,1000.005887,1000.005957,0.000000,0.000000,0.000000,0.000000,0.000000,0.000000,0.000000,0.000000,0.000000,0.000000,0.000000,0.000000,0.000000,0.000000,0.000000,0.000000
0.000000,0.000000,0.000000,0.000000,0.000000,0.000000,0.000000,0.000000,0.000000,0.000000,0.000000,0.000000,0.000000,0.000000,0.000000,999.984953,999.985183,999.985405,999.985611,999.985800,999.985982,999.986128,999.986317,999.986468,999.986692,999.986847,999.987126,999.987327,999.987530,999.987865,999.988173,999.988455,999.988794,999.989177,999.989616,999.990052,999.990532,999.991041,999.991565,999.992124,999.992691,999.993327,999.993906,999.994500,999.995094,999.995722,999.996326,999.996900,999.997426,999.997971,999.998481,999.998992,999.999474,999.999914,1000.000319,1000.000736,1000.001106,1000.001415,1000.001727,1000.002071,1000.002314,1000.002605,1000.002834,1000.003085,1000.003265,1000.003490,1000.003699,1000.003848,1000.004024,1000.004162,1000.004329,1000.004466,1000.004563,1000.004716,1000.004836,1000.004953,1000.005032,1000.005135,1000.005267,1000.005316,1000.005404,1000.005487,1000.005581,1000.005653,1000.005716,1000.005778,1000.005855,1000.005945,0.000000,0.000000,0.000000,0.000000,0.000000,0.000000,0.000000,0.000000,0.000000,0.000000,0.000000,0.000000,0.000000,0.000000,0.000000
0.000000,0.000000,0.000000,0.000000,0.000000,0.000000,0.000000,0.000000,0.000000,0.000000,0.000000,0.000000,0.000000,0.000000,999.985168,999.985320,999.985426,999.985611,999.985696,999.985871,999.986004,999.986154,999.986325,999.986473,999.986632,999.986797,999.986992,999.987129,999.987371,999.987647,999.987859,999.988141,999.988504,999.988883,999.989281,999.989722,999.990202,999.990749,999.991299,999.991874,999.992474,999.993126,999.993720,999.994392,999.995044,999.995681,999.996272,999.996866,999.997475,999.998044,999.998570,999.999034,999.999520,999.999990,1000.000375,1000.000775,1000.001135,1000.001505,1000.001841,1000.002163,1000.002381,1000.002676,1000.002901,1000.003131,1000.003324,1000.003532,1000.003698,1000.003882,1000.004061,1000.004183,1000.004299,1000.004466,1000.004594,1000.004714,1000.004807,1000.004920,1000.005019,1000.005090,1000.005203,1000.005291,1000.005340,1000.005424,1000.005488,1000.005563,1000.005649,1000.005715,1000.005770,1000.005820,1000.005887,0.000000,0.000000,0.000000,0.000000,0.000000,0.000000,0.000000,0.000000,0.000000,0.000000,0.000000,0.000000,0.000000,0.000000
0.000000,0.000000,0.000000,0.000000,0.000000,0.000000,0.000000,0.000000,0.000000,0.000000,0.000000,0.000000,0.000000,999.985472,999.985514,999.985582,999.985651,999.985800,999.985871,999.986023,999.986132,999.986238,999.986348,999.986423,999.986546,999.986659,999.986776,999.986948,999.987135,999.987324,999.987535,999.987836,999.988172,999.988527,999.988912,999.989359,999.989861,999.990405,999.990961,999.991595,999.992240,999.992904,999.993587,999.994260,999.994956,999.995593,999.996251,999.996877,999.997503,999.998074,999.998627,999.999163,999.999652,1000.000131,1000.000547,1000.000923,1000.001289,1000.001635,1000.001958,1000.002227,1000.002506,1000.002762,1000.002978,1000.003196,1000.003415,1000.003583,1000.003741,1000.003907,1000.004064,1000.004203,1000.004336,1000.004476,1000.004572,1000.004683,1000.004775,1000.004886,1000.005001,1000.005081,1000.005132,1000.005225,1000.005334,1000.005364,1000.005460,1000.005499,1000.005563,1000.005634,1000.005690,1000.005746,1000.005767,1000.005825,0.000000,0.000000,0.000000,0.000000,0.000000,0.000000,0.000000,0.000000,0.000000,0.000000,0.000000,0.000000,0.000000
0.000000,0.000000,0.000000,0.000000,0.000000,0.000000,0.000000,0.000000,0.000000,0.000000,0.000000,0.000000,999.985748,999.985708,999.985774,999.985811,999.985896,999.985982,999.986004,999.986132,999.986140,999.986200,999.986281,999.986313,999.986436,999.986507,999.986637,999.986731,999.986863,999.987010,999.987246,999.987513,999.987767,999.988084,999.988490,999.988957,999.989457,999.990028,999.990617,999.991281,999.991949,999.992685,999.993414,999.994134,999.994844,999.995570,999.996310,999.996959,999.997600,999.998150,999.998744,999.999277,999.999774,1000.000204,1000.000658,1000.001057,1000.001446,1000.001754,1000.002045,1000.002335,1000.002611,1000.002884,1000.003063,1000.003289,1000.003481,1000.003646,1000.003837,1000.003938,1000.004119,1000.004237,1000.004353,1000.004455,1000.004558,1000.004657,1000.004761,1000.004827,1000.004944,1000.005027,1000.005102,1000.005146,1000.005252,1000.005282,1000.005387,1000.005440,1000.005494,1000.005572,1000.005599,1000.005657,1000.005726,1000.005714,1000.005744,0.000000,0.000000,0.000000,0.000000,0.000000,0.000000,0.000000,0.000000,0.000000,0.000000,0.000000,0.000000
0.000000,0.000000,0.000000,0.000000,0.000000,0.000000,0.000000,0.000000,0.000000,0.000000,0.000000,999.985442,999.985695,999.985889,999.986031,999.986044,999.986100,999.986128,999.986154,999.986238,999.986200,999.986300,999.986325,999.986345,999.986386,999.986364,999.986391,999.986440,999.986534,999.986679,999.986856,999.987024,999.987285,999.987622,999.988032,999.988487,999.989009,999.989582,999.990239,999.990947,999.991698,999.992441,999.993220,999.994013,999.994800,999.995563,999.996291,999.996988,999.997683,999.998325,999.998938,999.999461,999.999975,1000.000407,1000.000837,1000.001240,1000.001582,1000.001926,1000.002216,1000.002514,1000.002750,1000.002982,1000.003195,1000.003379,1000.003558,1000.003708,1000.003889,1000.004004,1000.004127,1000.004264,1000.004377,1000.004484,1000.004595,1000.004677,1000.004780,1000.004840,1000.004872,1000.005000,1000.005052,1000.005130,1000.005203,1000.005214,1000.005292,1000.005375,1000.005385,1000.005478,1000.005511,1000.005554,1000.005612,1000.005695,1000.005777,1000.005870,0.000000,0.000000,0.000000,0.000000,0.000000,0.000000,0.000000,0.000000,0.000000,0.000000,0.000000
0.000000,0.000000,0.000000,0.000000,0.000000,0.000000,0.000000,0.000000,0.000000,0.000000,0.000000,999.985010,999.986004,999.986240,999.986277,999.986251,999.986332,999.986317,999.986325,999.986348,999.986281,999.986325,999.986256,999.986141,999.986166,999.986121,999.986175,999.986218,999.986248,999.986320,999.986384,999.986537,999.986798,999.987115,999.987478,999.987932,999.988452,999.989083,999.989787,999.990550,999.991350,999.992178,999.993040,999.993913,999.994792,999.995592,999.996380,999.997115,999.997822,999.998474,999.999071,999.999600,1000.000153,1000.000628,1000.001090,1000.001442,1000.001793,1000.002125,1000.002416,1000.002674,1000.002903,1000.003109,1000.003323,1000.003502,1000.003660,1000.003825,1000.003952,1000.004082,1000.004189,1000.004289,1000.004364,1000.004487,1000.004570,1000.004657,1000.004731,1000.004823,1000.004872,1000.004928,1000.004983,1000.005040,1000.005148,1000.005200,1000.005203,1000.005317,1000.005337,1000.005407,1000.005423,1000.005493,1000.005512,1000.005562,1000.005663,1000.006034,0.000000,0.000000,0.000000,0.000000,0.000000,0.000000,0.000000,0.000000,0.000000,0.000000,0.000000
0.000000,0.000000,0.000000,0.000000,0.000000,0.000000,0.000000,0.000000,0.000000,0.000000,999.987029,999.986587,999.986460,999.986419,999.986452,999.986519,999.986533,999.986468,999.986473,999.986423,999.986313,999.986345,999.986141,999.986147,999.986183,999.986028,999.985983,999.985879,999.985802,999.985811,999.985867,999.986000,999.986227,999.986466,999.986798,999.987283,999.987860,999.988547,999.989273,999.990086,999.990973,999.991930,999.992867,999.993793,999.994719,999.995605,999.996460,999.997291,999.998061,999.998726,999.999368,999.999931,1000.000431,1000.000883,1000.001293,1000.001678,1000.002013,1000.002331,1000.002586,1000.002849,1000.003066,1000.003287,1000.003457,1000.003622,1000.003777,1000.003894,1000.004032,1000.004141,1000.004265,1000.004364,1000.004422,1000.004515,1000.004592,1000.004621,1000.004708,1000.004789,1000.004830,1000.004938,1000.004966,1000.004988,1000.005052,1000.005116,1000.005140,1000.005203,1000.005236,1000.005305,1000.005349,1000.005381,1000.005463,1000.005506,1000.005518,1000.005519,1000.005444,0.000000,0.000000,0.000000,0.000000,0.000000,0.000000,0.000000,0.000000,0.000000,0.000000
0.000000,0.000000,0.000000,0.000000,0.000000,0.000000,0.000000,0.000000,0.000000,999.986738,999.986754,999.986970,999.986781,999.986767,999.986798,999.986790,999.986751,999.986692,999.986632,999.986546,999.986436,999.986386,999.986166,999.986183,999.985963,999.985634,999.985600,999.985443,999.985388,999.985394,999.985380,999.985432,999.985556,999.985731,999.986089,999.986575,999.987154,999.987856,999.988676,999.989598,999.990602,999.991639,999.992695,999.993757,999.994769,999.995756,999.996654,999.997496,999.998230,999.998935,999.999606,1000.000214,1000.000744,1000.001198,1000.001603,1000.001987,1000.002314,1000.002597,1000.002860,1000.003078,1000.003290,1000.003470,1000.003642,1000.003765,1000.003907,1000.004012,1000.004128,1000.004216,1000.004298,1000.004390,1000.004472,1000.004521,1000.004606,1000.004675,1000.004695,1000.004777,1000.004810,1000.004839,1000.004937,1000.004941,1000.004989,1000.005065,1000.005072,1000.005139,1000.005173,1000.005228,1000.005264,1000.005278,1000.005325,1000.005407,1000.005426,1000.005391,1000.005531,1000.005533,0.000000,0.000000,0.000000,0.000000,0.000000,0.000000,0.000000,0.000000,0.000000
0.000000,0.000000,0.000000,0.000000,0.000000,0.000000,0.000000,0.000000,0.000000,999.985988,999.987066,999.987234,999.987141,999.987147,999.987134,999.987040,999.986971,999.986847,999.986797,999.986659,999.986507,999.986364,999.986121,999.986028,999.985634,999.985547,999.985541,999.985232,999.985048,999.984828,999.984645,999.984605,999.984677,999.984878,999.985243,999.985689,999.986313,999.987076,999.988007,999.989047,999.990140,999.991288,999.992469,999.993646,999.994773,999.995883,999.996910,999.997849,999.998670,999.999396,1000.000012,1000.000562,1000.001073,1000.001540,1000.001948,1000.002292,1000.002605,1000.002860,1000.003105,1000.003323,1000.003494,1000.003653,1000.003820,1000.003925,1000.004067,1000.004146,1000.004239,1000.004315,1000.004390,1000.004452,1000.004512,1000.004548,1000.004603,1000.004656,1000.004708,1000.004714,1000.004793,1000.004804,1000.004846,1000.004909,1000.004914,1000.004957,1000.004991,1000.005044,1000.005065,1000.005097,1000.005184,1000.005179,1000.005226,1000.005270,1000.005332,1000.005324,1000.005433,1000.005835,0.000000,0.000000,0.000000,0.000000,0.000000,0.000000,0.000000,0.000000,0.000000
0.000000,0.000000,0.000000,0.000000,0.000000,0.000000,0.000000,0.000000,999.987608,999.987439,999.987495,999.987428,999.987482,999.987481,999.987396,999.987256,999.987200,999.987126,999.986992,999.986776,999.986637,999.986391,999.986175,999.985983,999.985600,999.985541,999.985142,999.984500,999.984360,999.984114,999.983967,999.983947,999.983906,999.983977,999.984236,999.984666,999.985306,999.986131,999.987178,999.988353,999.989676,999.991012,999.992407,999.993761,999.994978,999.996089,999.997147,999.998077,999.998965,999.999796,1000.000490,1000.001043,1000.001544,1000.001977,1000.002331,1000.002662,1000.002927,1000.003199,1000.003403,1000.003598,1000.003758,1000.003865,1000.004003,1000.004094,1000.004204,1000.004284,1000.004355,1000.004394,1000.004464,1000.004484,1000.004567,1000.004584,1000.004630,1000.004656,1000.004689,1000.004721,1000.004747,1000.004769,1000.004785,1000.004838,1000.004861,1000.004891,1000.004910,1000.004956,1000.004971,1000.004994,1000.005061,1000.005105,1000.005093,1000.005142,1000.005195,1000.005259,1000.005304,1000.005375,1000.005366,0.000000,0.000000,0.000000,0.000000,0.000000,0.000000,0.000000,0.000000
0.000000,0.000000,0.000000,0.000000,0.000000,0.000000,0.000000,0.000000,999.986641,999.988042,999.987897,999.987881,999.987883,999.987779,999.987682,999.987624,999.987530,999.987327,999.987129,999.986948,999.986731,999.986440,999.986218,999.985879,999.985443,999.985232,999.984500,999.984220,999.984293,999.983714,999.983330,999.982993,999.982678,999.982681,999.982928,999.983380,999.984111,999.985068,999.986247,999.987574,999.989073,999.990610,999.992161,999.993733,999.995206,999.996571,999.997754,999.998746,999.999557,1000.000294,1000.000952,1000.001537,1000.002025,1000.002440,1000.002791,1000.003075,1000.003346,1000.003550,1000.003731,1000.003876,1000.004020,1000.004141,1000.004234,1000.004307,1000.004356,1000.004424,1000.004477,1000.004524,1000.004562,1000.004578,1000.004597,1000.004630,1000.004645,1000.004680,1000.004672,1000.004686,1000.004719,1000.004734,1000.004726,1000.004791,1000.004771,1000.004813,1000.004855,1000.004866,1000.004866,1000.004893,1000.004929,1000.004971,1000.005027,1000.005032,1000.005092,1000.005124,1000.005155,1000.005181,1000.005710,0.000000,0.000000,0.000000,0.000000,0.000000,0.000000,0.000000,0.000000
0.000000,0.000000,0.000000,0.000000,0.000000,0.000000,0.000000,999.988965,999.988534,999.988440,999.988285,999.988319,999.988261,999.988162,999.988048,999.987940,999.987738,999.987530,999.987371,999.987135,999.986863,999.986534,999.986248,999.985802,999.985388,999.985048,999.984360,999.984293,999.983587,999.982440,999.982128,999.981772,999.981513,999.981569,999.981673,999.981998,999.982622,999.983666,999.985050,999.986678,999.988552,999.990452,999.992231,999.993892,999.995457,999.996861,999.998118,999.999325,1000.000281,1000.001018,1000.001615,1000.002167,1000.002598,1000.002970,1000.003280,1000.003550,1000.003753,1000.003950,1000.004072,1000.004203,1000.004299,1000.004382,1000.004469,1000.004518,1000.004556,1000.004582,1000.004604,1000.004618,1000.004649,1000.004647,1000.004662,1000.004653,1000.004642,1000.004662,1000.004684,1000.004675,1000.004669,1000.004699,1000.004672,1000.004692,1000.004703,1000.004683,1000.004757,1000.004747,1000.004802,1000.004815,1000.004812,1000.004811,1000.004871,1000.004917,1000.004925,1000.004991,1000.005079,1000.005040,1000.005087,1000.004958,0.000000,0.000000,0.000000,0.000000,0.000000,0.000000,0.000000
0.000000,0.000000,0.000000,0.000000,0.000000,0.000000,0.000000,999.987732,999.989232,999.988944,999.988862,999.988738,999.988646,999.988499,999.988395,999.988236,999.988014,999.987865,999.987647,999.987324,999.987010,999.986679,999.986320,999.985811,999.985394,999.984828,999.984114,999.983714,999.982440,999.981857,999.981968,999.981065,999.980381,999.979943,999.979612,999.979846,999.980768,999.982012,999.983658,999.985574,999.987651,999.989972,999.992282,999.994405,999.996285,999.997829,999.998991,1000.000042,1000.000969,1000.001754,1000.002351,1000.002868,1000.003253,1000.003585,1000.003829,1000.004062,1000.004209,1000.004365,1000.004480,1000.004559,1000.004642,1000.004657,1000.004693,1000.004730,1000.004743,1000.004755,1000.004754,1000.004735,1000.004732,1000.004721,1000.004714,1000.004722,1000.004664,1000.004656,1000.004659,1000.004633,1000.004627,1000.004642,1000.004626,1000.004633,1000.004642,1000.004620,1000.004629,1000.004634,1000.004668,1000.004688,1000.004707,1000.004750,1000.004749,1000.004737,1000.004794,1000.004826,1000.004871,1000.004879,1000.004846,1000.005484,0.000000,0.000000,0.000000,0.000000,0.000000,0.000000,0.000000
0.000000,0.000000,0.000000,0.000000,0.000000,0.000000,999.990407,999.989839,999.989614,999.989321,999.989331,999.989178,999.989055,999.988923,999.988766,999.988563,999.988370,999.988173,999.987859,999.987535,999.987246,999.986856,999.986384,999.985867,999.985380,999.984645,999.983967,999.983330,999.982128,999.981968,999.980908,999.978875,999.978217,999.977672,999.977459,999.977933,999.978620,999.979855,999.981891,999.984364,999.987068,999.989795,999.992362,999.994658,999.996743,999.998654,1000.000125,1000.001199,1000.002009,1000.002694,1000.003222,1000.003656,1000.003980,1000.004256,1000.004446,1000.004606,1000.004727,1000.004810,1000.004876,1000.004922,1000.004954,1000.004987,1000.004961,1000.004969,1000.004943,1000.004918,1000.004904,1000.004877,1000.004829,1000.004793,1000.004760,1000.004759,1000.004715,1000.004673,1000.004650,1000.004630,1000.004579,1000.004581,1000.004542,1000.004533,1000.004553,1000.004538,1000.004543,1000.004548,1000.004533,1000.004528,1000.004557,1000.004614,1000.004607,1000.004607,1000.004666,1000.004690,1000.004666,1000.004753,1000.004696,1000.004712,1000.004562,0.000000,0.000000,0.000000,0.000000,0.000000,0.000000
0.000000,0.000000,0.000000,0.000000,0.000000,0.000000,999.989025,999.990533,999.990104,999.989949,999.989813,999.989604,999.989486,999.989314,999.989138,999.988953,999.988730,999.988455,999.988141,999.987836,999.987513,999.987024,999.986537,999.986000,999.985432,999.984605,999.983947,999.982993,999.981772,999.981065,999.978875,999.977517,999.977547,999.976330,999.975304,999.974919,999.975430,999.977022,999.979474,999.982869,999.986403,999.989960,999.993329,999.996087,999.998113,999.999781,1000.001241,1000.002355,1000.003145,1000.003760,1000.004208,1000.004532,1000.004782,1000.004971,1000.005111,1000.005210,1000.005272,1000.005301,1000.005317,1000.005321,1000.005299,1000.005276,1000.005258,1000.005207,1000.005177,1000.005100,1000.005062,1000.005007,1000.004957,1000.004875,1000.004811,1000.004766,1000.004710,1000.004673,1000.004627,1000.004582,1000.004555,1000.004523,1000.004491,1000.004470,1000.004436,1000.004418,1000.004425,1000.004438,1000.004448,1000.004421,1000.004422,1000.004439,1000.004455,1000.004490,1000.004522,1000.004515,1000.004504,1000.004555,1000.004523,1000.004455,1000.005094,0.000000,0.000000,0.000000,0.000000,0.000000,0.000000
0.000000,0.000000,0.000000,0.000000,0.000000,999.991880,999.991198,999.990889,999.990481,999.990412,999.990222,999.990068,999.989921,999.989714,999.989536,999.989306,999.989076,999.988794,999.988504,999.988172,999.987767,999.987285,999.986798,999.986227,999.985556,999.984677,999.983906,999.982678,999.981513,999.980381,999.978217,999.977547,999.975993,999.972420,999.970882,999.970600,999.970926,999.973028,999.976320,999.980374,999.985151,999.989791,999.993819,999.997424,1000.000069,1000.001776,1000.002979,1000.003864,1000.004514,1000.004982,1000.005305,1000.005525,1000.005659,1000.005756,1000.005800,1000.005830,1000.005832,1000.005810,1000.005788,1000.005735,1000.005681,1000.005606,1000.005536,1000.005452,1000.005394,1000.005290,1000.005212,1000.005123,1000.005058,1000.004988,1000.004882,1000.004818,1000.004748,1000.004668,1000.004607,1000.004553,1000.004485,1000.004463,1000.004392,1000.004390,1000.004368,1000.004310,1000.004298,1000.004291,1000.004295,1000.004315,1000.004312,1000.004291,1000.004294,1000.004309,1000.004315,1000.004356,1000.004399,1000.004385,1000.004405,1000.004307,1000.004297,1000.004032,0.000000,0.000000,0.000000,0.000000,0.000000
0.000000,0.000000,0.000000,0.000000,0.000000,999.990450,999.991702,999.991214,999.991057,999.990868,999.990676,999.990502,999.990330,999.990168,999.989937,999.989740,999.989477,999.989177,999.988883,999.988527,999.988084,999.987622,999.987115,999.986466,999.985731,999.984878,999.983977,999.982681,999.981569,999.979943,999.977672,999.976330,999.972420,999.969071,999.968153,999.966338,999.966628,999.969103,999.973163,999.979350,999.985659,999.991307,999.996021,999.999485,1000.002094,1000.003862,1000.004958,1000.005645,1000.006081,1000.006341,1000.006492,1000.006581,1000.006609,1000.006600,1000.006560,1000.006497,1000.006425,1000.006344,1000.006246,1000.006152,1000.006054,1000.005949,1000.005847,1000.005707,1000.005623,1000.005505,1000.005375,1000.005265,1000.005142,1000.005046,1000.004954,1000.004840,1000.004744,1000.004674,1000.004587,1000.004497,1000.004452,1000.004388,1000.004316,1000.004251,1000.004263,1000.004238,1000.004186,1000.004149,1000.004129,1000.004131,1000.004154,1000.004161,1000.004180,1000.004154,1000.004155,1000.004179,1000.004223,1000.004183,1000.004186,1000.004228,1000.004078,1000.004654,0.000000,0.000000,0.000000,0.000000,0.000000
0.000000,0.000000,0.000000,0.000000,999.992558,999.992271,999.991959,999.991494,999.991488,999.991318,999.991130,999.990921,999.990803,999.990598,999.990366,999.990131,999.989893,999.989616,999.989281,999.988912,999.988490,999.988032,999.987478,999.986798,999.986089,999.985243,999.984236,999.982928,999.981673,999.979612,999.977459,999.975304,999.970882,999.968153,999.964420,999.958812,999.956662,999.958460,999.965073,999.974459,999.984664,999.993985,1000.000149,1000.003525,1000.005488,1000.006630,1000.007309,1000.007644,1000.007786,1000.007815,1000.007775,1000.007686,1000.007572,1000.007451,1000.007325,1000.007179,1000.007038,1000.006900,1000.006751,1000.006585,1000.006450,1000.006297,1000.006157,1000.005996,1000.005831,1000.005708,1000.005552,1000.005414,1000.005279,1000.005128,1000.005001,1000.004889,1000.004748,1000.004651,1000.004567,1000.004452,1000.004363,1000.004323,1000.004252,1000.004157,1000.004117,1000.004093,1000.004041,1000.004055,1000.004037,1000.004000,1000.003972,1000.003965,1000.003995,1000.004006,1000.004014,1000.004014,1000.004010,1000.004041,1000.004039,1000.004111,1000.003989,1000.003924,1000.003921,0.000000,0.000000,0.000000,0.000000
0.000000,0.000000,0.000000,0.000000,999.990926,999.992081,999.992087,999.992056,999.991910,999.991729,999.991566,999.991400,999.991244,999.991032,999.990808,999.990584,999.990368,999.990052,999.989722,999.989359,999.988957,999.988487,999.987932,999.987283,999.986575,999.985689,999.984666,999.983380,999.981998,999.979846,999.977933,999.974919,999.970600,999.966338,999.958812,999.947399,999.942054,999.947846,999.958231,999.971604,999.987312,999.998944,1000.004983,1000.008355,1000.009577,1000.009943,1000.009975,1000.009830,1000.009613,1000.009350,1000.009096,1000.008833,1000.008575,1000.008322,1000.008100,1000.007867,1000.007648,1000.007431,1000.007256,1000.007048,1000.006844,1000.006643,1000.006467,1000.006273,1000.006088,1000.005889,1000.005718,1000.005544,1000.005376,1000.005221,1000.005048,1000.004923,1000.004769,1000.004645,1000.004515,1000.004417,1000.004297,1000.004216,1000.004142,1000.004087,1000.004003,1000.003960,1000.003900,1000.003850,1000.003869,1000.003821,1000.003836,1000.003819,1000.003817,1000.003800,1000.003849,1000.003842,1000.003836,1000.003875,1000.003890,1000.003883,1000.003950,1000.004038,1000.004607,0.000000,0.000000,0.000000,0.000000
