0.000000,0.000000,0.000000,0.000000,0.000000,0.000000,0.000000,0.000000,0.000000,0.000000,0.000000,0.000000,0.000000,0.000000,0.000000,0.000000,0.000000,0.000000,0.000000,0.000000,0.000000,0.000000,0.000000,0.000000,0.000000,0.000000,0.000000,0.000000,0.000000,0.000000,0.000000,0.000000,0.000000,0.000000,0.000000,0.000000,0.000000,0.000000,0.000000,0.000000,0.000000,0.000000,0.000000,0.000000,0.000000,0.000000,0.000000,0.000000,0.000000,0.000000,0.000000,0.000000,0.000000,0.000000,0.000000,0.000000,0.000000,0.000000,0.000000,0.000000,0.000000,0.000000,0.000000,0.000000,0.000000,0.000000,0.000000,0.000000,0.000000,0.000000,0.000000,0.000000,0.000000,0.000000,0.000000,0.000000,0.000000,0.000000,0.000000,0.000000,0.000000,0.000000,0.000000,0.000000,0.000000,0.000000,0.000000,0.000000,0.000000,0.000000,0.000000,0.000000,0.000000,0.000000,0.000000,0.000000,0.000000,0.000000,0.000000,0.000000,0.000000,0.000000,0.000000
0.000000,0.000000,0.000000,0.000000,0.000000,0.000000,0.000000,0.000000,0.000000,0.000000,0.000000,0.000000,0.000000,0.000000,0.000000,0.000000,0.000000,0.000000,0.000000,0.000000,0.000000,0.000000,0.000000,0.000000,0.000000,0.000000,0.000000,0.000000,0.000000,0.000000,0.000000,0.000000,0.000000,0.000000,0.000000,0.000000,0.000000,0.000000,0.000000,0.000000,0.000000,0.000000,0.000000,0.000000,0.000000,0.000000,0.000000,0.000000,0.000000,0.000000,0.000000,1000.000085,0.000000,0.000000,0.000000,0.000000,0.000000,0.000000,0.000000,0.000000,0.000000,0.000000,0.000000,0.000000,0.000000,0.000000,0.000000,0.000000,0.000000,0.000000,0.000000,0.000000,0.000000,0.000000,0.000000,0.000000,0.000000,0.000000,0.000000,0.000000,0.000000,0.000000,0.000000,0.000000,0.000000,0.000000,0.000000,0.000000,0.000000,0.000000,0.000000,0.000000,0.000000,0.000000,0.000000,0.000000,0.000000,0.000000,0.000000,0.000000,0.000000,0.000000,0.000000
0.000000,0.000000,0.000000,0.000000,0.000000,0.000000,0.000000,0.000000,0.000000,0.000000,0.000000,0.000000,0.000000,0.000000,0.000000,0.000000,0.000000,0.000000,0.000000,0.000000,0.000000,0.000000,0.000000,0.000000,0.000000,0.000000,0.000000,0.000000,0.000000,0.000000,0.000000,0.000000,0.000000,0.000000,0.000000,0.000000,0.000000,0.000000,0.000000,0.000000,0.000000,0.000000,1000.000155,1000.000181,1000.000194,1000.000200,1000.000204,1000.000205,1000.000205,1000.000204,1000.000203,1000.000209,1000.000203,1000.000204,1000.000205,1000.000205,1000.000204,1000.000200,1000.000194,1000.000181,1000.000155,0.000000,0.000000,0.000000,0.000000,0.000000,0.000000,0.000000,0.000000,0.000000,0.000000,0.000000,0.000000,0.000000,0.000000,0.000000,0.000000,0.000000,0.000000,0.000000,0.000000,0.000000,0.000000,0.000000,0.000000,0.000000,0.000000,0.000000,0.000000,0.000000,0.000000,0.000000,0.000000,0.000000,0.000000,0.000000,0.000000,0.000000,0.000000,0.000000,0.000000,0.000000,0.000000
0.000000,0.000000,0.000000,0.000000,0.000000,0.000000,0.000000,0.000000,0.000000,0.000000,0.000000,0.000000,0.000000,0.000000,0.000000,0.000000,0.000000,0.000000,0.000000,0.000000,0.000000,0.000000,0.000000,0.000000,0.000000,0.000000,0.000000,0.000000,0.000000,0.000000,0.000000,0.000000,0.000000,0.000000,0.000000,0.000000,0.000000,1000.000150,1000.000187,1000.000216,1000.000241,1000.000260,1000.000278,1000.000294,1000.000307,1000.000316,1000.000320,1000.000323,1000.000324,1000.000324,1000.000324,1000.000325,1000.000324,1000.000324,1000.000324,1000.000323,1000.000320,1000.000316,1000.000307,1000.000294,1000.000278,1000.000260,1000.000241,1000.000216,1000.000187,1000.000150,0.000000,0.000000,0.000000,0.000000,0.000000,0.000000,0.000000,0.000000,0.000000,0.000000,0.000000,0.000000,0.000000,0.000000,0.000000,0.000000,0.000000,0.000000,0.000000,0.000000,0.000000,0.000000,0.000000,0.000000,0.000000,0.000000,0.000000,0.000000,0.000000,0.000000,0.000000,0.000000,0.000000,0.000000,0.000000,0.000000,0.000000
0.000000,0.000000,0.000000,0.000000,0.000000,0.000000,0.000000,0.000000,0.000000,0.000000,0.000000,0.000000,0.000000,0.000000,0.000000,0.000000,0.000000,0.000000,0.000000,0.000000,0.000000,0.000000,0.000000,0.000000,0.000000,0.000000,0.000000,0.000000,0.000000,0.000000,0.000000,0.000000,0.000000,0.000000,1000.000156,1000.000199,1000.000234,1000.000269,1000.000299,1000.000327,1000.000353,1000.000374,1000.000395,1000.000410,1000.000422,1000.000430,1000.000435,1000.000437,1000.000438,1000.000439,1000.000439,1000.000439,1000.000439,1000.000439,1000.000438,1000.000437,1000.000435,1000.000430,1000.000422,1000.000410,1000.000395,1000.000374,1000.000353,1000.000327,1000.000299,1000.000269,1000.000234,1000.000199,1000.000156,0.000000,0.000000,0.000000,0.000000,0.000000,0.000000,0.000000,0.000000,0.000000,0.000000,0.000000,0.000000,0.000000,0.000000,0.000000,0.000000,0.000000,0.000000,0.000000,0.000000,0.000000,0.000000,0.000000,0.000000,0.000000,0.000000,0.000000,0.000000,0.000000,0.000000,0.000000,0.000000,0.000000,0.000000
0.000000,0.000000,0.000000,0.000000,0.000000,0.000000,0.000000,0.000000,0.000000,0.000000,0.000000,0.000000,0.000000,0.000000,0.000000,0.000000,0.000000,0.000000,0.000000,0.000000,0.000000,0.000000,0.000000,0.000000,0.000000,0.000000,0.000000,0.000000,0.000000,0.000000,0.000000,0.000000,1000.000178,1000.000226,1000.000272,1000.000310,1000.000345,1000.000380,1000.000410,1000.000438,1000.000463,1000.000487,1000.000509,1000.000525,1000.000536,1000.000542,1000.000545,1000.000547,1000.000548,1000.000548,1000.000549,1000.000548,1000.000549,1000.000548,1000.000548,1000.000547,1000.000545,1000.000542,1000.000536,1000.000525,1000.000509,1000.000487,1000.000463,1000.000438,1000.000410,1000.000380,1000.000345,1000.000310,1000.000272,1000.000226,1000.000178,0.000000,0.000000,0.000000,0.000000,0.000000,0.000000,0.000000,0.000000,0.000000,0.000000,0.000000,0.000000,0.000000,0.000000,0.000000,0.000000,0.000000,0.000000,0.000000,0.000000,0.000000,0.000000,0.000000,0.000000,0.000000,0.000000,0.000000,0.000000,0.000000,0.000000,0.000000,0.000000
0.000000,0.000000,0.000000,0.000000,0.000000,0.000000,0.000000,0.000000,0.000000,0.000000,0.000000,0.000000,0.000000,0.000000,0.000000,0.000000,0.000000,0.000000,0.000000,0.000000,0.000000,0.000000,0.000000,0.000000,0.000000,0.000000,0.000000,0.000000,0.000000,0.000000,1000.000186,1000.000240,1000.000292,1000.000336,1000.000379,1000.000418,1000.000455,1000.000490,1000.000520,1000.000546,1000.000568,1000.000588,1000.000605,1000.000617,1000.000623,1000.000626,1000.000628,1000.000629,1000.000629,1000.000629,1000.000629,1000.000629,1000.000629,1000.000629,1000.000629,1000.000629,1000.000628,1000.000626,1000.000623,1000.000617,1000.000605,1000.000588,1000.000568,1000.000546,1000.000520,1000.000490,1000.000455,1000.000418,1000.000379,1000.000336,1000.000292,1000.000240,1000.000186,0.000000,0.000000,0.000000,0.000000,0.000000,0.000000,0.000000,0.000000,0.000000,0.000000,0.000000,0.000000,0.000000,0.000000,0.000000,0.000000,0.000000,0.000000,0.000000,0.000000,0.000000,0.000000,0.000000,0.000000,0.000000,0.000000,0.000000,0.000000,0.000000,0.000000
0.000000,0.000000,0.000000,0.000000,0.000000,0.000000,0.000000,0.000000,0.000000,0.000000,0.000000,0.000000,0.000000,0.000000,0.000000,0.000000,0.000000,0.000000,0.000000,0.000000,0.000000,0.000000,0.000000,0.000000,0.000000,0.000000,0.000000,0.000000,1000.000186,1000.000243,1000.000299,1000.000348,1000.000396,1000.000442,1000.000486,1000.000526,1000.000560,1000.000589,1000.000613,1000.000629,1000.000640,1000.000647,1000.000649,1000.000648,1000.000647,1000.000645,1000.000645,1000.000644,1000.000643,1000.000643,1000.000642,1000.000642,1000.000642,1000.000643,1000.000643,1000.000644,1000.000645,1000.000645,1000.000647,1000.000648,1000.000649,1000.000647,1000.000640,1000.000629,1000.000613,1000.000589,1000.000560,1000.000526,1000.000486,1000.000442,1000.000396,1000.000348,1000.000299,1000.000243,1000.000186,0.000000,0.000000,0.000000,0.000000,0.000000,0.000000,0.000000,0.000000,0.000000,0.000000,0.000000,0.000000,0.000000,0.000000,0.000000,0.000000,0.000000,0.000000,0.000000,0.000000,0.000000,0.000000,0.000000,0.000000,0.000000,0.000000,0.000000,0.000000
0.000000,0.000000,0.000000,0.000000,0.000000,0.000000,0.000000,0.000000,0.000000,0.000000,0.000000,0.000000,0.000000,0.000000,0.000000,0.000000,0.000000,0.000000,0.000000,0.000000,0.000000,0.000000,0.000000,0.000000,0.000000,0.000000,1000.000176,1000.000238,1000.000297,1000.000349,1000.000401,1000.000451,1000.000500,1000.000546,1000.000585,1000.000616,1000.000636,1000.000649,1000.000655,1000.000653,1000.000649,1000.000640,1000.000628,1000.000615,1000.000607,1000.000601,1000.000598,1000.000596,1000.000594,1000.000593,1000.000592,1000.000592,1000.000592,1000.000593,1000.000594,1000.000596,1000.000598,1000.000601,1000.000607,1000.000615,1000.000628,1000.000640,1000.000649,1000.000653,1000.000655,1000.000649,1000.000636,1000.000616,1000.000585,1000.000546,1000.000500,1000.000451,1000.000401,1000.000349,1000.000297,1000.000238,1000.000176,0.000000,0.000000,0.000000,0.000000,0.000000,0.000000,0.000000,0.000000,0.000000,0.000000,0.000000,0.000000,0.000000,0.000000,0.000000,0.000000,0.000000,0.000000,0.000000,0.000000,0.000000,0.000000,0.000000,0.000000,0.000000,0.000000
0.000000,0.000000,0.000000,0.000000,0.000000,0.000000,0.000000,0.000000,0.000000,0.000000,0.000000,0.000000,0.000000,0.000000,0.000000,0.000000,0.000000,0.000000,0.000000,0.000000,0.000000,0.000000,0.000000,0.000000,1000.000151,1000.000220,1000.000285,1000.000341,1000.000397,1000.000451,1000.000503,1000.000551,1000.000593,1000.000626,1000.000647,1000.000655,1000.000654,1000.000646,1000.000632,1000.000616,1000.000601,1000.000585,1000.000569,1000.000554,1000.000542,1000.000535,1000.000530,1000.000527,1000.000524,1000.000522,1000.000521,1000.000521,1000.000521,1000.000522,1000.000524,1000.000527,1000.000530,1000.000535,1000.000542,1000.000554,1000.000569,1000.000585,1000.000601,1000.000616,1000.000632,1000.000646,1000.000654,1000.000655,1000.000647,1000.000626,1000.000593,1000.000551,1000.000503,1000.000451,1000.000397,1000.000341,1000.000285,1000.000220,1000.000151,0.000000,0.000000,0.000000,0.000000,0.000000,0.000000,0.000000,0.000000,0.000000,0.000000,0.000000,0.000000,0.000000,0.000000,0.000000,0.000000,0.000000,0.000000,0.000000,0.000000,0.000000,0.000000,0.000000,0.000000
0.000000,0.000000,0.000000,0.000000,0.000000,0.000000,0.000000,0.000000,0.000000,0.000000,0.000000,0.000000,0.000000,0.000000,0.000000,0.000000,0.000000,0.000000,0.000000,0.000000,0.000000,0.000000,0.000000,1000.000183,1000.000257,1000.000320,1000.000382,1000.000442,1000.000498,1000.000550,1000.000594,1000.000629,1000.000650,1000.000657,1000.000650,1000.000635,1000.000615,1000.000594,1000.000573,1000.000553,1000.000535,1000.000518,1000.000503,1000.000489,1000.000478,1000.000470,1000.000463,1000.000458,1000.000455,1000.000453,1000.000451,1000.000451,1000.000451,1000.000453,1000.000455,1000.000458,1000.000463,1000.000470,1000.000478,1000.000489,1000.000503,1000.000518,1000.000535,1000.000553,1000.000573,1000.000594,1000.000615,1000.000635,1000.000650,1000.000657,1000.000650,1000.000629,1000.000594,1000.000550,1000.000498,1000.000442,1000.000382,1000.000320,1000.000257,1000.000183,0.000000,0.000000,0.000000,0.000000,0.000000,0.000000,0.000000,0.000000,0.000000,0.000000,0.000000,0.000000,0.000000,0.000000,0.000000,0.000000,0.000000,0.000000,0.000000,0.000000,0.000000,0.000000,0.000000
0.000000,0.000000,0.000000,0.000000,0.000000,0.000000,0.000000,0.000000,0.000000,0.000000,0.000000,0.000000,0.000000,0.000000,0.000000,0.000000,0.000000,0.000000,0.000000,0.000000,0.000000,1000.000135,1000.000211,1000.000286,1000.000352,1000.000417,1000.000482,1000.000540,1000.000589,1000.000627,1000.000650,1000.000657,1000.000650,1000.000631,1000.000606,1000.000579,1000.000553,1000.000529,1000.000508,1000.000488,1000.000470,1000.000454,1000.000438,1000.000425,1000.000414,1000.000405,1000.000398,1000.000392,1000.000388,1000.000386,1000.000384,1000.000383,1000.000384,1000.000386,1000.000388,1000.000392,1000.000398,1000.000405,1000.000414,1000.000425,1000.000438,1000.000454,1000.000470,1000.000488,1000.000508,1000.000529,1000.000553,1000.000579,1000.000606,1000.000631,1000.000650,1000.000657,1000.000650,1000.000627,1000.000589,1000.000540,1000.000482,1000.000417,1000.000352,1000.000286,1000.000211,1000.000135,0.000000,0.000000,0.000000,0.000000,0.000000,0.000000,0.000000,0.000000,0.000000,0.000000,0.000000,0.000000,0.000000,0.000000,0.000000,0.000000,0.000000,0.000000,0.000000,0.000000,0.000000
0.000000,0.000000,0.000000,0.000000,0.000000,0.000000,0.000000,0.000000,0.000000,0.000000,0.000000,0.000000,0.000000,0.000000,0.000000,0.000000,0.000000,0.000000,0.000000,0.000000,1000.000157,1000.000238,1000.000308,1000.000376,1000.000445,1000.000513,1000.000573,1000.000619,1000.000647,1000.000657,1000.000650,1000.000630,1000.000604,1000.000574,1000.000543,1000.000515,1000.000489,1000.000467,1000.000445,1000.000425,1000.000407,1000.000390,1000.000376,1000.000363,1000.000351,1000.000342,1000.000334,1000.000328,1000.000324,1000.000321,1000.000319,1000.000318,1000.000319,1000.000321,1000.000324,1000.000328,1000.000334,1000.000342,1000.000351,1000.000363,1000.000376,1000.000390,1000.000407,1000.000425,1000.000445,1000.000467,1000.000489,1000.000515,1000.000543,1000.000574,1000.000604,1000.000630,1000.000650,1000.000657,1000.000647,1000.000619,1000.000573,1000.000513,1000.000445,1000.000376,1000.000308,1000.000238,1000.000157,0.000000,0.000000,0.000000,0.000000,0.000000,0.000000,0.000000,0.000000,0.000000,0.000000,0.000000,0.000000,0.000000,0.000000,0.000000,0.000000,0.000000,0.000000,0.000000,0.000000
0.000000,0.000000,0.000000,0.000000,0.000000,0.000000,0.000000,0.000000,0.000000,0.000000,0.000000,0.000000,0.000000,0.000000,0.000000,0.000000,0.000000,0.000000,0.000000,1000.000175,1000.000258,1000.000330,1000.000399,1000.000468,1000.000535,1000.000594,1000.000637,1000.000654,1000.000650,1000.000632,1000.000605,1000.000573,1000.000541,1000.000510,1000.000481,1000.000454,1000.000429,1000.000406,1000.000384,1000.000364,1000.000346,1000.000329,1000.000314,1000.000301,1000.000290,1000.000280,1000.000272,1000.000266,1000.000261,1000.000258,1000.000256,1000.000255,1000.000256,1000.000258,1000.000261,1000.000266,1000.000272,1000.000280,1000.000290,1000.000301,1000.000314,1000.000329,1000.000346,1000.000364,1000.000384,1000.000406,1000.000429,1000.000454,1000.000481,1000.000510,1000.000541,1000.000573,1000.000605,1000.000632,1000.000650,1000.000654,1000.000637,1000.000594,1000.000535,1000.000468,1000.000399,1000.000330,1000.000258,1000.000175,0.000000,0.000000,0.000000,0.000000,0.000000,0.000000,0.000000,0.000000,0.000000,0.000000,0.000000,0.000000,0.000000,0.000000,0.000000,0.000000,0.000000,0.000000,0.000000
0.000000,0.000000,0.000000,0.000000,0.000000,0.000000,0.000000,0.000000,0.000000,0.000000,0.000000,0.000000,0.000000,0.000000,0.000000,0.000000,0.000000,0.000000,1000.000186,1000.000272,1000.000347,1000.000420,1000.000491,1000.000556,1000.000609,1000.000646,1000.000655,1000.000639,1000.000611,1000.000578,1000.000544,1000.000511,1000.000479,1000.000450,1000.000421,1000.000395,1000.000369,1000.000346,1000.000324,1000.000304,1000.000286,1000.000269,1000.000254,1000.000241,1000.000230,1000.000220,1000.000212,1000.000205,1000.000200,1000.000197,1000.000194,1000.000194,1000.000194,1000.000197,1000.000200,1000.000205,1000.000212,1000.000220,1000.000230,1000.000241,1000.000254,1000.000269,1000.000286,1000.000304,1000.000324,1000.000346,1000.000369,1000.000395,1000.000421,1000.000450,1000.000479,1000.000511,1000.000544,1000.000578,1000.000611,1000.000639,1000.000655,1000.000646,1000.000609,1000.000556,1000.000491,1000.000420,1000.000347,1000.000272,1000.000186,0.000000,0.000000,0.000000,0.000000,0.000000,0.000000,0.000000,0.000000,0.000000,0.000000,0.000000,0.000000,0.000000,0.000000,0.000000,0.000000,0.000000,0.000000
0.000000,0.000000,0.000000,0.000000,0.000000,0.000000,0.000000,0.000000,0.000000,0.000000,0.000000,0.000000,0.000000,0.000000,0.000000,0.000000,0.000000,1000.000192,1000.000280,1000.000358,1000.000435,1000.000510,1000.000576,1000.000625,1000.000652,1000.000654,1000.000631,1000.000594,1000.000555,1000.000518,1000.000484,1000.000452,1000.000421,1000.000391,1000.000363,1000.000336,1000.000311,1000.000287,1000.000266,1000.000246,1000.000227,1000.000211,1000.000196,1000.000183,1000.000171,1000.000161,1000.000153,1000.000146,1000.000141,1000.000137,1000.000135,1000.000134,1000.000135,1000.000137,1000.000141,1000.000146,1000.000153,1000.000161,1000.000171,1000.000183,1000.000196,1000.000211,1000.000227,1000.000246,1000.000266,1000.000287,1000.000311,1000.000336,1000.000363,1000.000391,1000.000421,1000.000452,1000.000484,1000.000518,1000.000555,1000.000594,1000.000631,1000.000654,1000.000652,1000.000625,1000.000576,1000.000510,1000.000435,1000.000358,1000.000280,1000.000192,0.000000,0.000000,0.000000,0.000000,0.000000,0.000000,0.000000,0.000000,0.000000,0.000000,0.000000,0.000000,0.000000,0.000000,0.000000,0.000000,0.000000
0.000000,0.000000,0.000000,0.000000,0.000000,0.000000,0.000000,0.000000,0.000000,0.000000,0.000000,0.000000,0.000000,0.000000,0.000000,0.000000,1000.000194,1000.000284,1000.000364,1000.000443,1000.000521,1000.000589,1000.000636,1000.000655,1000.000647,1000.000621,1000.000582,1000.000539,1000.000498,1000.000462,1000.000428,1000.000395,1000.000364,1000.000334,1000.000306,1000.000279,1000.000254,1000.000231,1000.000209,1000.000189,1000.000171,1000.000154,1000.000139,1000.000126,1000.000114,1000.000104,1000.000095,1000.000089,1000.000083,1000.000080,1000.000077,1000.000077,1000.000077,1000.000080,1000.000083,1000.000089,1000.000095,1000.000104,1000.000114,1000.000126,1000.000139,1000.000154,1000.000171,1000.000189,1000.000209,1000.000231,1000.000254,1000.000279,1000.000306,1000.000334,1000.000364,1000.000395,1000.000428,1000.000462,1000.000498,1000.000539,1000.000582,1000.000621,1000.000647,1000.000655,1000.000636,1000.000589,1000.000521,1000.000443,1000.000364,1000.000284,1000.000194,0.000000,0.000000,0.000000,0.000000,0.000000,0.000000,0.000000,0.000000,0.000000,0.000000,0.000000,0.000000,0.000000,0.000000,0.000000,0.000000
0.000000,0.000000,0.000000,0.000000,0.000000,0.000000,0.000000,0.000000,0.000000,0.000000,0.000000,0.000000,0.000000,0.000000,0.000000,1000.000192,1000.000284,1000.000366,1000.000446,1000.000526,1000.000595,1000.000642,1000.000655,1000.000638,1000.000606,1000.000566,1000.000524,1000.000482,1000.000444,1000.000408,1000.000373,1000.000339,1000.000308,1000.000279,1000.000250,1000.000224,1000.000199,1000.000175,1000.000154,1000.000134,1000.000115,1000.000099,1000.000084,1000.000070,1000.000058,1000.000048,1000.000040,1000.000033,1000.000028,1000.000024,1000.000021,1000.000021,1000.000021,1000.000024,1000.000028,1000.000033,1000.000040,1000.000048,1000.000058,1000.000070,1000.000084,1000.000099,1000.000115,1000.000134,1000.000154,1000.000175,1000.000199,1000.000224,1000.000250,1000.000279,1000.000308,1000.000339,1000.000373,1000.000408,1000.000444,1000.000482,1000.000524,1000.000566,1000.000606,1000.000638,1000.000655,1000.000642,1000.000595,1000.000526,1000.000446,1000.000366,1000.000284,1000.000192,0.000000,0.000000,0.000000,0.000000,0.000000,0.000000,0.000000,0.000000,0.000000,0.000000,0.000000,0.000000,0.000000,0.000000,0.000000
0.000000,0.000000,0.000000,0.000000,0.000000,0.000000,0.000000,0.000000,0.000000,0.000000,0.000000,0.000000,0.000000,0.000000,1000.000186,1000.000280,1000.000364,1000.000446,1000.000527,1000.000597,1000.000644,1000.000655,1000.000634,1000.000595,1000.000552,1000.000509,1000.000468,1000.000429,1000.000391,1000.000354,1000.000319,1000.000286,1000.000255,1000.000225,1000.000197,1000.000170,1000.000145,1000.000122,1000.000100,1000.000080,1000.000062,1000.000045,1000.000030,1000.000016,1000.000005,999.999994,999.999986,999.999979,999.999973,999.999970,999.999967,999.999966,999.999967,999.999970,999.999973,999.999979,999.999986,999.999994,1000.000005,1000.000016,1000.000030,1000.000045,1000.000062,1000.000080,1000.000100,1000.000122,1000.000145,1000.000170,1000.000197,1000.000225,1000.000255,1000.000286,1000.000319,1000.000354,1000.000391,1000.000429,1000.000468,1000.000509,1000.000552,1000.000595,1000.000634,1000.000655,1000.000644,1000.000597,1000.000527,1000.000446,1000.000364,1000.000280,1000.000186,0.000000,0.000000,0.000000,0.000000,0.000000,0.000000,0.000000,0.000000,0.000000,0.000000,0.000000,0.000000,0.000000,0.000000
0.000000,0.000000,0.000000,0.000000,0.000000,0.000000,0.000000,0.000000,0.000000,0.000000,0.000000,0.000000,0.000000,1000.000175,1000.000272,1000.000358,1000.000443,1000.000526,1000.000597,1000.000645,1000.000656,1000.000632,1000.000591,1000.000544,1000.000498,1000.000456,1000.000416,1000.000377,1000.000338,1000.000302,1000.000267,1000.000234,1000.000202,1000.000173,1000.000144,1000.000118,1000.000093,1000.000070,1000.000048,1000.000028,1000.000009,999.999993,999.999978,999.999964,999.999952,999.999942,999.999933,999.999926,999.999921,999.999917,999.999915,999.999914,999.999915,999.999917,999.999921,999.999926,999.999933,999.999942,999.999952,999.999964,999.999978,999.999993,1000.000009,1000.000028,1000.000048,1000.000070,1000.000093,1000.000118,1000.000144,1000.000173,1000.000202,1000.000234,1000.000267,1000.000302,1000.000338,1000.000377,1000.000416,1000.000456,1000.000498,1000.000544,1000.000591,1000.000632,1000.000656,1000.000645,1000.000597,1000.000526,1000.000443,1000.000358,1000.000272,1000.000175,0.000000,0.000000,0.000000,0.000000,0.000000,0.000000,0.000000,0.000000,0.000000,0.000000,0.000000,0.000000,0.000000
0.000000,0.000000,0.000000,0.000000,0.000000,0.000000,0.000000,0.000000,0.000000,0.000000,0.000000,0.000000,1000.000157,1000.000258,1000.000347,1000.000435,1000.000521,1000.000595,1000.000644,1000.000656,1000.000632,1000.000589,1000.000540,1000.000492,1000.000448,1000.000406,1000.000365,1000.000325,1000.000287,1000.000251,1000.000217,1000.000183,1000.000152,1000.000122,1000.000094,1000.000067,1000.000042,1000.000019,999.999997,999.999977,999.999959,999.999942,999.999927,999.999914,999.999902,999.999891,999.999883,999.999876,999.999870,999.999866,999.999864,999.999863,999.999864,999.999866,999.999870,999.999876,999.999883,999.999891,999.999902,999.999914,999.999927,999.999942,999.999959,999.999977,999.999997,1000.000019,1000.000042,1000.000067,1000.000094,1000.000122,1000.000152,1000.000183,1000.000217,1000.000251,1000.000287,1000.000325,1000.000365,1000.000406,1000.000448,1000.000492,1000.000540,1000.000589,1000.000632,1000.000656,1000.000644,1000.000595,1000.000521,1000.000435,1000.000347,1000.000258,1000.000157,0.000000,0.000000,0.000000,0.000000,0.000000,0.000000,0.000000,0.000000,0.000000,0.000000,0.000000,0.000000
0.000000,0.000000,0.000000,0.000000,0.000000,0.000000,0.000000,0.000000,0.000000,0.000000,0.000000,1000.000135,1000.000238,1000.000330,1000.000420,1000.000510,1000.000589,1000.000642,1000.000655,1000.000632,1000.000589,1000.000539,1000.000489,1000.000444,1000.000400,1000.000357,1000.000315,1000.000276,1000.000239,1000.000202,1000.000167,1000.000134,1000.000103,1000.000073,1000.000045,1000.000018,999.999993,999.999970,999.999948,999.999928,999.999910,999.999893,999.999878,999.999864,999.999853,999.999842,999.999834,999.999826,999.999821,999.999817,999.999815,999.999814,999.999815,999.999817,999.999821,999.999826,999.999834,999.999842,999.999853,999.999864,999.999878,999.999893,999.999910,999.999928,999.999948,999.999970,999.999993,1000.000018,1000.000045,1000.000073,1000.000103,1000.000134,1000.000167,1000.000202,1000.000239,1000.000276,1000.000315,1000.000357,1000.000400,1000.000444,1000.000489,1000.000539,1000.000589,1000.000632,1000.000655,1000.000642,1000.000589,1000.000510,1000.000420,1000.000330,1000.000238,1000.000135,0.000000,0.000000,0.000000,0.000000,0.000000,0.000000,0.000000,0.000000,0.000000,0.000000,0.000000
0.000000,0.000000,0.000000,0.000000,0.000000,0.000000,0.000000,0.000000,0.000000,0.000000,0.000000,1000.000211,1000.000308,1000.000399,1000.000491,1000.000576,1000.000636,1000.000655,1000.000634,1000.000591,1000.000540,1000.000489,1000.000442,1000.000397,1000.000352,1000.000309,1000.000268,1000.000229,1000.000191,1000.000155,1000.000120,1000.000087,1000.000056,1000.000026,999.999998,999.999971,999.999946,999.999923,999.999901,999.999881,999.999863,999.999846,999.999831,999.999817,999.999805,999.999795,999.999786,999.999779,999.999773,999.999769,999.999767,999.999766,999.999767,999.999769,999.999773,999.999779,999.999786,999.999795,999.999805,999.999817,999.999831,999.999846,999.999863,999.999881,999.999901,999.999923,999.999946,999.999971,999.999998,1000.000026,1000.000056,1000.000087,1000.000120,1000.000155,1000.000191,1000.000229,1000.000268,1000.000309,1000.000352,1000.000397,1000.000442,1000.000489,1000.000540,1000.000591,1000.000634,1000.000655,1000.000636,1000.000576,1000.000491,1000.000399,1000.000308,1000.000211,0.000000,0.000000,0.000000,0.000000,0.000000,0.000000,0.000000,0.000000,0.000000,0.000000,0.000000
0.000000,0.000000,0.000000,0.000000,0.000000,0.000000,0.000000,0.000000,0.000000,0.000000,1000.000183,1000.000286,1000.000376,1000.000468,1000.000556,1000.000625,1000.000655,1000.000638,1000.000595,1000.000544,1000.000492,1000.000444,1000.000397,1000.000351,1000.000306,1000.000264,1000.000223,1000.000183,1000.000145,1000.000109,1000.000074,1000.000041,1000.000010,999.999980,999.999952,999.999925,999.999900,999.999877,999.999855,999.999835,999.999817,999.999800,999.999785,999.999771,999.999759,999.999749,999.999740,999.999733,999.999727,999.999723,999.999721,999.999720,999.999721,999.999723,999.999727,999.999733,999.999740,999.999749,999.999759,999.999771,999.999785,999.999800,999.999817,999.999835,999.999855,999.999877,999.999900,999.999925,999.999952,999.999980,1000.000010,1000.000041,1000.000074,1000.000109,1000.000145,1000.000183,1000.000223,1000.000264,1000.000306,1000.000351,1000.000397,1000.000444,1000.000492,1000.000544,1000.000595,1000.000638,1000.000655,1000.000625,1000.000556,1000.000468,1000.000376,1000.000286,1000.000183,0.000000,0.000000,0.000000,0.000000,0.000000,0.000000,0.000000,0.000000,0.000000,0.000000
0.000000,0.000000,0.000000,0.000000,0.000000,0.000000,0.000000,0.000000,0.000000,1000.000151,1000.000257,1000.000352,1000.000445,1000.000535,1000.000609,1000.000652,1000.000647,1000.000606,1000.000552,1000.000498,1000.000448,1000.000400,1000.000352,1000.000306,1000.000262,1000.000219,1000.000178,1000.000139,1000.000101,1000.000065,1000.000030,999.999997,999.999966,999.999936,999.999908,999.999881,999.999856,999.999833,999.999811,999.999791,999.999773,999.999756,999.999741,999.999727,999.999715,999.999705,999.999696,999.999689,999.999683,999.999679,999.999677,999.999676,999.999677,999.999679,999.999683,999.999689,999.999696,999.999705,999.999715,999.999727,999.999741,999.999756,999.999773,999.999791,999.999811,999.999833,999.999856,999.999881,999.999908,999.999936,999.999966,999.999997,1000.000030,1000.000065,1000.000101,1000.000139,1000.000178,1000.000219,1000.000262,1000.000306,1000.000352,1000.000400,1000.000448,1000.000498,1000.000552,1000.000606,1000.000647,1000.000652,1000.000609,1000.000535,1000.000445,1000.000352,1000.000257,1000.000151,0.000000,0.000000,0.000000,0.000000,0.000000,0.000000,0.000000,0.000000,0.000000
0.000000,0.000000,0.000000,0.000000,0.000000,0.000000,0.000000,0.000000,0.000000,1000.000220,1000.000320,1000.000417,1000.000513,1000.000594,1000.000646,1000.000654,1000.000621,1000.000566,1000.000509,1000.000456,1000.000406,1000.000357,1000.000309,1000.000264,1000.000219,1000.000177,1000.000135,1000.000096,1000.000058,1000.000022,999.999987,999.999954,999.999923,999.999893,999.999865,999.999838,999.999814,999.999790,999.999769,999.999748,999.999730,999.999713,999.999698,999.999684,999.999672,999.999662,999.999653,999.999646,999.999640,999.999636,999.999634,999.999633,999.999634,999.999636,999.999640,999.999646,999.999653,999.999662,999.999672,999.999684,999.999698,999.999713,999.999730,999.999748,999.999769,999.999790,999.999814,999.999838,999.999865,999.999893,999.999923,999.999954,999.999987,1000.000022,1000.000058,1000.000096,1000.000135,1000.000177,1000.000219,1000.000264,1000.000309,1000.000357,1000.000406,1000.000456,1000.000509,1000.000566,1000.000621,1000.000654,1000.000646,1000.000594,1000.000513,1000.000417,1000.000320,1000.000220,0.000000,0.000000,0.000000,0.000000,0.000000,0.000000,0.000000,0.000000,0.000000
0.000000,0.000000,0.000000,0.000000,0.000000,0.000000,0.000000,0.000000,1000.000176,1000.000285,1000.000382,1000.000482,1000.000573,1000.000637,1000.000655,1000.000631,1000.000582,1000.000524,1000.000468,1000.000416,1000.000365,1000.000315,1000.000268,1000.000223,1000.000178,1000.000135,1000.000094,1000.000055,1000.000017,999.999981,999.999946,999.999913,999.999882,999.999852,999.999824,999.999797,999.999773,999.999749,999.999728,999.999707,999.999689,999.999672,999.999657,999.999643,999.999631,999.999621,999.999612,999.999605,999.999599,999.999595,999.999593,999.999592,999.999593,999.999595,999.999599,999.999605,999.999612,999.999621,999.999631,999.999643,999.999657,999.999672,999.999689,999.999707,999.999728,999.999749,999.999773,999.999797,999.999824,999.999852,999.999882,999.999913,999.999946,999.999981,1000.000017,1000.000055,1000.000094,1000.000135,1000.000178,1000.000223,1000.000268,1000.000315,1000.000365,1000.000416,1000.000468,1000.000524,1000.000582,1000.000631,1000.000655,1000.000637,1000.000573,1000.000482,1000.000382,1000.000285,1000.000176,0.000000,0.000000,0.000000,0.000000,0.000000,0.000000,0.000000,0.000000
0.000000,0.000000,0.000000,0.000000,0.000000,0.000000,0.000000,0.000000,1000.000238,1000.000341,1000.000442,1000.000540,1000.000619,1000.000654,1000.000639,1000.000594,1000.000539,1000.000482,1000.000429,1000.000377,1000.000325,1000.000276,1000.000229,1000.000183,1000.000139,1000.000096,1000.000055,1000.000016,999.999978,999.999942,999.999907,999.999874,999.999843,999.999813,999.999785,999.999758,999.999733,999.999710,999.999688,999.999668,999.999650,999.999633,999.999618,999.999604,999.999592,999.999581,999.999573,999.999565,999.999560,999.999556,999.999553,999.999553,999.999553,999.999556,999.999560,999.999565,999.999573,999.999581,999.999592,999.999604,999.999618,999.999633,999.999650,999.999668,999.999688,999.999710,999.999733,999.999758,999.999785,999.999813,999.999843,999.999874,999.999907,999.999942,999.999978,1000.000016,1000.000055,1000.000096,1000.000139,1000.000183,1000.000229,1000.000276,1000.000325,1000.000377,1000.000429,1000.000482,1000.000539,1000.000594,1000.000639,1000.000654,1000.000619,1000.000540,1000.000442,1000.000341,1000.000238,0.000000,0.000000,0.000000,0.000000,0.000000,0.000000,0.000000,0.000000
0.000000,0.000000,0.000000,0.000000,0.000000,0.000000,0.000000,1000.000186,1000.000297,1000.000397,1000.000498,1000.000589,1000.000647,1000.000650,1000.000611,1000.000555,1000.000498,1000.000444,1000.000391,1000.000338,1000.000287,1000.000239,1000.000191,1000.000145,1000.000101,1000.000058,1000.000017,999.999978,999.999940,999.999904,999.999869,999.999836,999.999805,999.999775,999.999747,999.999720,999.999695,999.999672,999.999650,999.999630,999.999612,999.999595,999.999580,999.999566,999.999554,999.999544,999.999535,999.999528,999.999522,999.999518,999.999516,999.999515,999.999516,999.999518,999.999522,999.999528,999.999535,999.999544,999.999554,999.999566,999.999580,999.999595,999.999612,999.999630,999.999650,999.999672,999.999695,999.999720,999.999747,999.999775,999.999805,999.999836,999.999869,999.999904,999.999940,999.999978,1000.000017,1000.000058,1000.000101,1000.000145,1000.000191,1000.000239,1000.000287,1000.000338,1000.000391,1000.000444,1000.000498,1000.000555,1000.000611,1000.000650,1000.000647,1000.000589,1000.000498,1000.000397,1000.000297,1000.000186,0.000000,0.000000,0.000000,0.000000,0.000000,0.000000,0.000000
0.000000,0.000000,0.000000,0.000000,0.000000,0.000000,0.000000,1000.000243,1000.000349,1000.000451,1000.000550,1000.000627,1000.000657,1000.000632,1000.000578,1000.000518,1000.000462,1000.000408,1000.000354,1000.000302,1000.000251,1000.000202,1000.000155,1000.000109,1000.000065,1000.000022,999.999981,999.999942,999.999904,999.999868,999.999833,999.999800,999.999769,999.999739,999.999711,999.999684,999.999659,999.999636,999.999614,999.999594,999.999576,999.999559,999.999544,999.999530,999.999518,999.999507,999.999499,999.999491,999.999486,999.999482,999.999479,999.999479,999.999479,999.999482,999.999486,999.999491,999.999499,999.999507,999.999518,999.999530,999.999544,999.999559,999.999576,999.999594,999.999614,999.999636,999.999659,999.999684,999.999711,999.999739,999.999769,999.999800,999.999833,999.999868,999.999904,999.999942,999.999981,1000.000022,1000.000065,1000.000109,1000.000155,1000.000202,1000.000251,1000.000302,1000.000354,1000.000408,1000.000462,1000.000518,1000.000578,1000.000632,1000.000657,1000.000627,1000.000550,1000.000451,1000.000349,1000.000243,0.000000,0.000000,0.000000,0.000000,0.000000,0.000000,0.000000
0.000000,0.000000,0.000000,0.000000,0.000000,0.000000,1000.000186,1000.000299,1000.000401,1000.000503,1000.000594,1000.000650,1000.000650,1000.000605,1000.000544,1000.000484,1000.000428,1000.000373,1000.000319,1000.000267,1000.000217,1000.000167,1000.000120,1000.000074,1000.000030,999.999987,999.999946,999.999907,999.999869,999.999833,999.999798,999.999765,999.999734,999.999704,999.999676,999.999650,999.999625,999.999601,999.999580,999.999560,999.999541,999.999524,999.999509,999.999495,999.999483,999.999473,999.999464,999.999457,999.999451,999.999447,999.999445,999.999444,999.999445,999.999447,999.999451,999.999457,999.999464,999.999473,999.999483,999.999495,999.999509,999.999524,999.999541,999.999560,999.999580,999.999601,999.999625,999.999650,999.999676,999.999704,999.999734,999.999765,999.999798,999.999833,999.999869,999.999907,999.999946,999.999987,1000.000030,1000.000074,1000.000120,1000.000167,1000.000217,1000.000267,1000.000319,1000.000373,1000.000428,1000.000484,1000.000544,1000.000605,1000.000650,1000.000650,1000.000594,1000.000503,1000.000401,1000.000299,1000.000186,0.000000,0.000000,0.000000,0.000000,0.000000,0.000000
0.000000,0.000000,0.000000,0.000000,0.000000,0.000000,1000.000240,1000.000348,1000.000451,1000.000551,1000.000629,1000.000657,1000.000630,1000.000573,1000.000511,1000.000452,1000.000395,1000.000339,1000.000286,1000.000234,1000.000183,1000.000134,1000.000087,1000.000041,999.999997,999.999954,999.999913,999.999874,999.999836,999.999800,999.999765,999.999732,999.999701,999.999671,999.999643,999.999617,999.999592,999.999568,999.999547,999.999527,999.999508,999.999491,999.999476,999.999462,999.999450,999.999440,999.999431,999.999424,999.999418,999.999414,999.999412,999.999411,999.999412,999.999414,999.999418,999.999424,999.999431,999.999440,999.999450,999.999462,999.999476,999.999491,999.999508,999.999527,999.999547,999.999568,999.999592,999.999617,999.999643,999.999671,999.999701,999.999732,999.999765,999.999800,999.999836,999.999874,999.999913,999.999954,999.999997,1000.000041,1000.000087,1000.000134,1000.000183,1000.000234,1000.000286,1000.000339,1000.000395,1000.000452,1000.000511,1000.000573,1000.000630,1000.000657,1000.000629,1000.000551,1000.000451,1000.000348,1000.000240,0.000000,0.000000,0.000000,0.000000,0.000000,0.000000
0.000000,0.000000,0.000000,0.000000,0.000000,1000.000178,1000.000292,1000.000396,1000.000500,1000.000593,1000.000650,1000.000650,1000.000604,1000.000541,1000.000479,1000.000421,1000.000364,1000.000308,1000.000255,1000.000202,1000.000152,1000.000103,1000.000056,1000.000010,999.999966,999.999923,999.999882,999.999843,999.999805,999.999769,999.999734,999.999701,999.999670,999.999640,999.999612,999.999585,999.999560,999.999537,999.999515,999.999495,999.999477,999.999460,999.999445,999.999431,999.999419,999.999409,999.999400,999.999392,999.999387,999.999383,999.999380,999.999380,999.999380,999.999383,999.999387,999.999392,999.999400,999.999409,999.999419,999.999431,999.999445,999.999460,999.999477,999.999495,999.999515,999.999537,999.999560,999.999585,999.999612,999.999640,999.999670,999.999701,999.999734,999.999769,999.999805,999.999843,999.999882,999.999923,999.999966,1000.000010,1000.000056,1000.000103,1000.000152,1000.000202,1000.000255,1000.000308,1000.000364,1000.000421,1000.000479,1000.000541,1000.000604,1000.000650,1000.000650,1000.000593,1000.000500,1000.000396,1000.000292,1000.000178,0.000000,0.000000,0.000000,0.000000,0.000000
0.000000,0.000000,0.000000,0.000000,0.000000,1000.000226,1000.000336,1000.000442,1000.000546,1000.000626,1000.000657,1000.000631,1000.000574,1000.000510,1000.000450,1000.000391,1000.000334,1000.000279,1000.000225,1000.000173,1000.000122,1000.000073,1000.000026,999.999980,999.999936,999.999893,999.999852,999.999813,999.999775,999.999739,999.999704,999.999671,999.999640,999.999610,999.999582,999.999556,999.999531,999.999507,999.999486,999.999466,999.999447,999.999430,999.999415,999.999401,999.999389,999.999379,999.999370,999.999363,999.999357,999.999353,999.999351,999.999350,999.999351,999.999353,999.999357,999.999363,999.999370,999.999379,999.999389,999.999401,999.999415,999.999430,999.999447,999.999466,999.999486,999.999507,999.999531,999.999556,999.999582,999.999610,999.999640,999.999671,999.999704,999.999739,999.999775,999.999813,999.999852,999.999893,999.999936,999.999980,1000.000026,1000.000073,1000.000122,1000.000173,1000.000225,1000.000279,1000.000334,1000.000391,1000.000450,1000.000510,1000.000574,1000.000631,1000.000657,1000.000626,1000.000546,1000.000442,1000.000336,1000.000226,0.000000,0.000000,0.000000,0.000000,0.000000
0.000000,0.000000,0.000000,0.000000,1000.000156,1000.000272,1000.000379,1000.000486,1000.000585,1000.000647,1000.000650,1000.000606,1000.000543,1000.000481,1000.000421,1000.000363,1000.000306,1000.000250,1000.000197,1000.000144,1000.000094,1000.000045,999.999998,999.999952,999.999908,999.999865,999.999824,999.999785,999.999747,999.999711,999.999676,999.999643,999.999612,999.999582,999.999554,999.999527,999.999502,999.999479,999.999457,999.999437,999.999419,999.999402,999.999387,999.999373,999.999361,999.999351,999.999342,999.999335,999.999329,999.999325,999.999322,999.999322,999.999322,999.999325,999.999329,999.999335,999.999342,999.999351,999.999361,999.999373,999.999387,999.999402,999.999419,999.999437,999.999457,999.999479,999.999502,999.999527,999.999554,999.999582,999.999612,999.999643,999.999676,999.999711,999.999747,999.999785,999.999824,999.999865,999.999908,999.999952,999.999998,1000.000045,1000.000094,1000.000144,1000.000197,1000.000250,1000.000306,1000.000363,1000.000421,1000.000481,1000.000543,1000.000606,1000.000650,1000.000647,1000.000585,1000.000486,1000.000379,1000.000272,1000.000156,0.000000,0.000000,0.000000,0.000000
0.000000,0.000000,0.000000,0.000000,1000.000199,1000.000310,1000.000418,1000.000526,1000.000616,1000.000655,1000.000635,1000.000579,1000.000515,1000.000454,1000.000395,1000.000336,1000.000279,1000.000224,1000.000170,1000.000118,1000.000067,1000.000018,999.999971,999.999925,999.999881,999.999838,999.999797,999.999758,999.999720,999.999684,999.999650,999.999617,999.999585,999.999556,999.999527,999.999501,999.999476,999.999453,999.999431,999.999411,999.999392,999.999375,999.999360,999.999347,999.999334,999.999324,999.999315,999.999308,999.999302,999.999298,999.999296,999.999295,999.999296,999.999298,999.999302,999.999308,999.999315,999.999324,999.999334,999.999347,999.999360,999.999375,999.999392,999.999411,999.999431,999.999453,999.999476,999.999501,999.999527,999.999556,999.999585,999.999617,999.999650,999.999684,999.999720,999.999758,999.999797,999.999838,999.999881,999.999925,999.999971,1000.000018,1000.000067,1000.000118,1000.000170,1000.000224,1000.000279,1000.000336,1000.000395,1000.000454,1000.000515,1000.000579,1000.000635,1000.000655,1000.000616,1000.000526,1000.000418,1000.000310,1000.000199,0.000000,0.000000,0.000000,0.000000
