0.000000,0.000000,0.000000,0.000000,0.000000,0.000000,0.000000,0.000000,0.000000,0.000000,0.000000,0.000000,0.000000,0.000000,0.000000,0.000000,0.000000,0.000000,0.000000,0.000000,0.000000,0.000000,0.000000,0.000000,0.000000,0.000000,0.000000,0.000000,0.000000,0.000000,0.000000,0.000000,0.000000,0.000000,0.000000,0.000000,0.000000,0.000000,0.000000,0.000000,0.000000,0.000000,0.000000,0.000000,0.000000,0.000000,0.000000,0.000000,0.000000,0.000000,0.000000,0.000000,0.000000,0.000000,0.000000,0.000000,0.000000,0.000000,0.000000,0.000000,0.000000,0.000000,0.000000,0.000000,0.000000,0.000000,0.000000,0.000000,0.000000,0.000000,0.000000,0.000000,0.000000,0.000000,0.000000,0.000000,0.000000,0.000000,0.000000,0.000000,0.000000,0.000000,0.000000,0.000000,0.000000,0.000000,0.000000,0.000000,0.000000,0.000000,0.000000,0.000000,0.000000,0.000000,0.000000,0.000000,0.000000,0.000000,0.000000,0.000000,0.000000,0.000000,0.000000
0.000000,0.000000,0.000000,0.000000,0.000000,0.000000,0.000000,0.000000,0.000000,0.000000,0.000000,0.000000,0.000000,0.000000,0.000000,0.000000,0.000000,0.000000,0.000000,0.000000,0.000000,0.000000,0.000000,0.000000,0.000000,0.000000,0.000000,0.000000,0.000000,0.000000,0.000000,0.000000,0.000000,0.000000,0.000000,0.000000,0.000000,0.000000,0.000000,0.000000,0.000000,0.000000,0.000000,0.000000,0.000000,0.000000,0.000000,0.000000,0.000000,0.000000,0.000000,1000.000099,0.000000,0.000000,0.000000,0.000000,0.000000,0.000000,0.000000,0.000000,0.000000,0.000000,0.000000,0.000000,0.000000,0.000000,0.000000,0.000000,0.000000,0.000000,0.000000,0.000000,0.000000,0.000000,0.000000,0.000000,0.000000,0.000000,0.000000,0.000000,0.000000,0.000000,0.000000,0.000000,0.000000,0.000000,0.000000,0.000000,0.000000,0.000000,0.000000,0.000000,0.000000,0.000000,0.000000,0.000000,0.000000,0.000000,0.000000,0.000000,0.000000,0.000000,0.000000
0.000000,0.000000,0.000000,0.000000,0.000000,0.000000,0.000000,0.000000,0.000000,0.000000,0.000000,0.000000,0.000000,0.000000,0.000000,0.000000,0.000000,0.000000,0.000000,0.000000,0.000000,0.000000,0.000000,0.000000,0.000000,0.000000,0.000000,0.000000,0.000000,0.000000,0.000000,0.000000,0.000000,0.000000,0.000000,0.000000,0.000000,0.000000,0.000000,0.000000,0.000000,0.000000,1000.000180,1000.000209,1000.000224,1000.000232,1000.000236,1000.000237,1000.000238,1000.000236,1000.000235,1000.000242,1000.000235,1000.000236,1000.000238,1000.000237,1000.000236,1000.000232,1000.000224,1000.000209,1000.000180,0.000000,0.000000,0.000000,0.000000,0.000000,0.000000,0.000000,0.000000,0.000000,0.000000,0.000000,0.000000,0.000000,0.000000,0.000000,0.000000,0.000000,0.000000,0.000000,0.000000,0.000000,0.000000,0.000000,0.000000,0.000000,0.000000,0.000000,0.000000,0.000000,0.000000,0.000000,0.000000,0.000000,0.000000,0.000000,0.000000,0.000000,0.000000,0.000000,0.000000,0.000000,0.000000
0.000000,0.000000,0.000000,0.000000,0.000000,0.000000,0.000000,0.000000,0.000000,0.000000,0.000000,0.000000,0.000000,0.000000,0.000000,0.000000,0.000000,0.000000,0.000000,0.000000,0.000000,0.000000,0.000000,0.000000,0.000000,0.000000,0.000000,0.000000,0.000000,0.000000,0.000000,0.000000,0.000000,0.000000,0.000000,0.000000,0.000000,1000.000173,1000.000216,1000.000251,1000.000278,1000.000301,1000.000322,1000.000341,1000.000355,1000.000365,1000.000371,1000.000373,1000.000375,1000.000375,1000.000375,1000.000376,1000.000375,1000.000375,1000.000375,1000.000373,1000.000371,1000.000365,1000.000355,1000.000341,1000.000322,1000.000301,1000.000278,1000.000251,1000.000216,1000.000173,0.000000,0.000000,0.000000,0.000000,0.000000,0.000000,0.000000,0.000000,0.000000,0.000000,0.000000,0.000000,0.000000,0.000000,0.000000,0.000000,0.000000,0.000000,0.000000,0.000000,0.000000,0.000000,0.000000,0.000000,0.000000,0.000000,0.000000,0.000000,0.000000,0.000000,0.000000,0.000000,0.000000,0.000000,0.000000,0.000000,0.000000
0.000000,0.000000,0.000000,0.000000,0.000000,0.000000,0.000000,0.000000,0.000000,0.000000,0.000000,0.000000,0.000000,0.000000,0.000000,0.000000,0.000000,0.000000,0.000000,0.000000,0.000000,0.000000,0.000000,0.000000,0.000000,0.000000,0.000000,0.000000,0.000000,0.000000,0.000000,0.000000,0.000000,0.000000,1000.000180,1000.000230,1000.000271,1000.000311,1000.000346,1000.000378,1000.000408,1000.000433,1000.000456,1000.000475,1000.000489,1000.000497,1000.000503,1000.000506,1000.000507,1000.000508,1000.000508,1000.000508,1000.000508,1000.000508,1000.000507,1000.000506,1000.000503,1000.000497,1000.000489,1000.000475,1000.000456,1000.000433,1000.000408,1000.000378,1000.000346,1000.000311,1000.000271,1000.000230,1000.000180,0.000000,0.000000,0.000000,0.000000,0.000000,0.000000,0.000000,0.000000,0.000000,0.000000,0.000000,0.000000,0.000000,0.000000,0.000000,0.000000,0.000000,0.000000,0.000000,0.000000,0.000000,0.000000,0.000000,0.000000,0.000000,0.000000,0.000000,0.000000,0.000000,0.000000,0.000000,0.000000,0.000000,0.000000
0.000000,0.000000,0.000000,0.000000,0.000000,0.000000,0.000000,0.000000,0.000000,0.000000,0.000000,0.000000,0.000000,0.000000,0.000000,0.000000,0.000000,0.000000,0.000000,0.000000,0.000000,0.000000,0.000000,0.000000,0.000000,0.000000,0.000000,0.000000,0.000000,0.000000,0.000000,0.000000,1000.000206,1000.000261,1000.000315,1000.000359,1000.000399,1000.000439,1000.000475,1000.000507,1000.000536,1000.000563,1000.000588,1000.000606,1000.000619,1000.000625,1000.000629,1000.000632,1000.000633,1000.000633,1000.000634,1000.000633,1000.000634,1000.000633,1000.000633,1000.000632,1000.000629,1000.000625,1000.000619,1000.000606,1000.000588,1000.000563,1000.000536,1000.000507,1000.000475,1000.000439,1000.000399,1000.000359,1000.000315,1000.000261,1000.000206,0.000000,0.000000,0.000000,0.000000,0.000000,0.000000,0.000000,0.000000,0.000000,0.000000,0.000000,0.000000,0.000000,0.000000,0.000000,0.000000,0.000000,0.000000,0.000000,0.000000,0.000000,0.000000,0.000000,0.000000,0.000000,0.000000,0.000000,0.000000,0.000000,0.000000,0.000000,0.000000
0.000000,0.000000,0.000000,0.000000,0.000000,0.000000,0.000000,0.000000,0.000000,0.000000,0.000000,0.000000,0.000000,0.000000,0.000000,0.000000,0.000000,0.000000,0.000000,0.000000,0.000000,0.000000,0.000000,0.000000,0.000000,0.000000,0.000000,0.000000,0.000000,0.000000,1000.000216,1000.000278,1000.000338,1000.000389,1000.000438,1000.000483,1000.000527,1000.000566,1000.000601,1000.000631,1000.000656,1000.000678,1000.000698,1000.000711,1000.000718,1000.000722,1000.000724,1000.000724,1000.000725,1000.000725,1000.000725,1000.000725,1000.000725,1000.000725,1000.000725,1000.000724,1000.000724,1000.000722,1000.000718,1000.000711,1000.000698,1000.000678,1000.000656,1000.000631,1000.000601,1000.000566,1000.000527,1000.000483,1000.000438,1000.000389,1000.000338,1000.000278,1000.000216,0.000000,0.000000,0.000000,0.000000,0.000000,0.000000,0.000000,0.000000,0.000000,0.000000,0.000000,0.000000,0.000000,0.000000,0.000000,0.000000,0.000000,0.000000,0.000000,0.000000,0.000000,0.000000,0.000000,0.000000,0.000000,0.000000,0.000000,0.000000,0.000000,0.000000
0.000000,0.000000,0.000000,0.000000,0.000000,0.000000,0.000000,0.000000,0.000000,0.000000,0.000000,0.000000,0.000000,0.000000,0.000000,0.000000,0.000000,0.000000,0.000000,0.000000,0.000000,0.000000,0.000000,0.000000,0.000000,0.000000,0.000000,0.000000,1000.000215,1000.000282,1000.000346,1000.000402,1000.000458,1000.000511,1000.000562,1000.000607,1000.000647,1000.000680,1000.000707,1000.000725,1000.000738,1000.000746,1000.000748,1000.000747,1000.000745,1000.000744,1000.000743,1000.000742,1000.000741,1000.000741,1000.000740,1000.000740,1000.000740,1000.000741,1000.000741,1000.000742,1000.000743,1000.000744,1000.000745,1000.000747,1000.000748,1000.000746,1000.000738,1000.000725,1000.000707,1000.000680,1000.000647,1000.000607,1000.000562,1000.000511,1000.000458,1000.000402,1000.000346,1000.000282,1000.000215,0.000000,0.000000,0.000000,0.000000,0.000000,0.000000,0.000000,0.000000,0.000000,0.000000,0.000000,0.000000,0.000000,0.000000,0.000000,0.000000,0.000000,0.000000,0.000000,0.000000,0.000000,0.000000,0.000000,0.000000,0.000000,0.000000,0.000000,0.000000
0.000000,0.000000,0.000000,0.000000,0.000000,0.000000,0.000000,0.000000,0.000000,0.000000,0.000000,0.000000,0.000000,0.000000,0.000000,0.000000,0.000000,0.000000,0.000000,0.000000,0.000000,0.000000,0.000000,0.000000,0.000000,0.000000,1000.000204,1000.000276,1000.000344,1000.000404,1000.000464,1000.000522,1000.000578,1000.000630,1000.000675,1000.000710,1000.000733,1000.000748,1000.000754,1000.000753,1000.000748,1000.000739,1000.000724,1000.000711,1000.000701,1000.000695,1000.000691,1000.000688,1000.000686,1000.000685,1000.000684,1000.000684,1000.000684,1000.000685,1000.000686,1000.000688,1000.000691,1000.000695,1000.000701,1000.000711,1000.000724,1000.000739,1000.000748,1000.000753,1000.000754,1000.000748,1000.000733,1000.000710,1000.000675,1000.000630,1000.000578,1000.000522,1000.000464,1000.000404,1000.000344,1000.000276,1000.000204,0.000000,0.000000,0.000000,0.000000,0.000000,0.000000,0.000000,0.000000,0.000000,0.000000,0.000000,0.000000,0.000000,0.000000,0.000000,0.000000,0.000000,0.000000,0.000000,0.000000,0.000000,0.000000,0.000000,0.000000,0.000000,0.000000
0.000000,0.000000,0.000000,0.000000,0.000000,0.000000,0.000000,0.000000,0.000000,0.000000,0.000000,0.000000,0.000000,0.000000,0.000000,0.000000,0.000000,0.000000,0.000000,0.000000,0.000000,0.000000,0.000000,0.000000,1000.000175,1000.000254,1000.000330,1000.000395,1000.000460,1000.000522,1000.000582,1000.000637,1000.000685,1000.000722,1000.000746,1000.000755,1000.000754,1000.000745,1000.000729,1000.000712,1000.000695,1000.000677,1000.000658,1000.000640,1000.000627,1000.000619,1000.000613,1000.000609,1000.000606,1000.000604,1000.000603,1000.000602,1000.000603,1000.000604,1000.000606,1000.000609,1000.000613,1000.000619,1000.000627,1000.000640,1000.000658,1000.000677,1000.000695,1000.000712,1000.000729,1000.000745,1000.000754,1000.000755,1000.000746,1000.000722,1000.000685,1000.000637,1000.000582,1000.000522,1000.000460,1000.000395,1000.000330,1000.000254,1000.000175,0.000000,0.000000,0.000000,0.000000,0.000000,0.000000,0.000000,0.000000,0.000000,0.000000,0.000000,0.000000,0.000000,0.000000,0.000000,0.000000,0.000000,0.000000,0.000000,0.000000,0.000000,0.000000,0.000000,0.000000
0.000000,0.000000,0.000000,0.000000,0.000000,0.000000,0.000000,0.000000,0.000000,0.000000,0.000000,0.000000,0.000000,0.000000,0.000000,0.000000,0.000000,0.000000,0.000000,0.000000,0.000000,0.000000,0.000000,1000.000212,1000.000297,1000.000371,1000.000443,1000.000511,1000.000576,1000.000635,1000.000686,1000.000725,1000.000749,1000.000757,1000.000750,1000.000732,1000.000710,1000.000687,1000.000662,1000.000639,1000.000618,1000.000600,1000.000582,1000.000566,1000.000553,1000.000543,1000.000536,1000.000530,1000.000526,1000.000523,1000.000522,1000.000521,1000.000522,1000.000523,1000.000526,1000.000530,1000.000536,1000.000543,1000.000553,1000.000566,1000.000582,1000.000600,1000.000618,1000.000639,1000.000662,1000.000687,1000.000710,1000.000732,1000.000750,1000.000757,1000.000749,1000.000725,1000.000686,1000.000635,1000.000576,1000.000511,1000.000443,1000.000371,1000.000297,1000.000212,0.000000,0.000000,0.000000,0.000000,0.000000,0.000000,0.000000,0.000000,0.000000,0.000000,0.000000,0.000000,0.000000,0.000000,0.000000,0.000000,0.000000,0.000000,0.000000,0.000000,0.000000,0.000000,0.000000
0.000000,0.000000,0.000000,0.000000,0.000000,0.000000,0.000000,0.000000,0.000000,0.000000,0.000000,0.000000,0.000000,0.000000,0.000000,0.000000,0.000000,0.000000,0.000000,0.000000,0.000000,1000.000156,1000.000245,1000.000330,1000.000407,1000.000482,1000.000557,1000.000624,1000.000680,1000.000723,1000.000749,1000.000758,1000.000750,1000.000728,1000.000700,1000.000669,1000.000639,1000.000612,1000.000587,1000.000564,1000.000543,1000.000525,1000.000507,1000.000492,1000.000479,1000.000469,1000.000460,1000.000454,1000.000449,1000.000446,1000.000444,1000.000443,1000.000444,1000.000446,1000.000449,1000.000454,1000.000460,1000.000469,1000.000479,1000.000492,1000.000507,1000.000525,1000.000543,1000.000564,1000.000587,1000.000612,1000.000639,1000.000669,1000.000700,1000.000728,1000.000750,1000.000758,1000.000749,1000.000723,1000.000680,1000.000624,1000.000557,1000.000482,1000.000407,1000.000330,1000.000245,1000.000156,0.000000,0.000000,0.000000,0.000000,0.000000,0.000000,0.000000,0.000000,0.000000,0.000000,0.000000,0.000000,0.000000,0.000000,0.000000,0.000000,0.000000,0.000000,0.000000,0.000000,0.000000
0.000000,0.000000,0.000000,0.000000,0.000000,0.000000,0.000000,0.000000,0.000000,0.000000,0.000000,0.000000,0.000000,0.000000,0.000000,0.000000,0.000000,0.000000,0.000000,0.000000,1000.000182,1000.000276,1000.000356,1000.000435,1000.000514,1000.000592,1000.000661,1000.000714,1000.000745,1000.000757,1000.000749,1000.000728,1000.000697,1000.000663,1000.000628,1000.000596,1000.000566,1000.000540,1000.000515,1000.000492,1000.000471,1000.000452,1000.000434,1000.000419,1000.000406,1000.000395,1000.000387,1000.000380,1000.000375,1000.000371,1000.000369,1000.000368,1000.000369,1000.000371,1000.000375,1000.000380,1000.000387,1000.000395,1000.000406,1000.000419,1000.000434,1000.000452,1000.000471,1000.000492,1000.000515,1000.000540,1000.000566,1000.000596,1000.000628,1000.000663,1000.000697,1000.000728,1000.000749,1000.000757,1000.000745,1000.000714,1000.000661,1000.000592,1000.000514,1000.000435,1000.000356,1000.000276,1000.000182,0.000000,0.000000,0.000000,0.000000,0.000000,0.000000,0.000000,0.000000,0.000000,0.000000,0.000000,0.000000,0.000000,0.000000,0.000000,0.000000,0.000000,0.000000,0.000000,0.000000
0.000000,0.000000,0.000000,0.000000,0.000000,0.000000,0.000000,0.000000,0.000000,0.000000,0.000000,0.000000,0.000000,0.000000,0.000000,0.000000,0.000000,0.000000,0.000000,1000.000203,1000.000298,1000.000382,1000.000461,1000.000541,1000.000618,1000.000685,1000.000734,1000.000754,1000.000750,1000.000729,1000.000699,1000.000663,1000.000626,1000.000590,1000.000556,1000.000525,1000.000496,1000.000469,1000.000444,1000.000421,1000.000400,1000.000381,1000.000363,1000.000348,1000.000335,1000.000324,1000.000315,1000.000307,1000.000302,1000.000298,1000.000296,1000.000295,1000.000296,1000.000298,1000.000302,1000.000307,1000.000315,1000.000324,1000.000335,1000.000348,1000.000363,1000.000381,1000.000400,1000.000421,1000.000444,1000.000469,1000.000496,1000.000525,1000.000556,1000.000590,1000.000626,1000.000663,1000.000699,1000.000729,1000.000750,1000.000754,1000.000734,1000.000685,1000.000618,1000.000541,1000.000461,1000.000382,1000.000298,1000.000203,0.000000,0.000000,0.000000,0.000000,0.000000,0.000000,0.000000,0.000000,0.000000,0.000000,0.000000,0.000000,0.000000,0.000000,0.000000,0.000000,0.000000,0.000000,0.000000
0.000000,0.000000,0.000000,0.000000,0.000000,0.000000,0.000000,0.000000,0.000000,0.000000,0.000000,0.000000,0.000000,0.000000,0.000000,0.000000,0.000000,0.000000,1000.000216,1000.000315,1000.000402,1000.000486,1000.000568,1000.000642,1000.000703,1000.000745,1000.000755,1000.000737,1000.000705,1000.000668,1000.000629,1000.000591,1000.000555,1000.000520,1000.000487,1000.000456,1000.000427,1000.000400,1000.000375,1000.000352,1000.000331,1000.000311,1000.000294,1000.000279,1000.000266,1000.000254,1000.000245,1000.000237,1000.000232,1000.000227,1000.000225,1000.000224,1000.000225,1000.000227,1000.000232,1000.000237,1000.000245,1000.000254,1000.000266,1000.000279,1000.000294,1000.000311,1000.000331,1000.000352,1000.000375,1000.000400,1000.000427,1000.000456,1000.000487,1000.000520,1000.000555,1000.000591,1000.000629,1000.000668,1000.000705,1000.000737,1000.000755,1000.000745,1000.000703,1000.000642,1000.000568,1000.000486,1000.000402,1000.000315,1000.000216,0.000000,0.000000,0.000000,0.000000,0.000000,0.000000,0.000000,0.000000,0.000000,0.000000,0.000000,0.000000,0.000000,0.000000,0.000000,0.000000,0.000000,0.000000
0.000000,0.000000,0.000000,0.000000,0.000000,0.000000,0.000000,0.000000,0.000000,0.000000,0.000000,0.000000,0.000000,0.000000,0.000000,0.000000,0.000000,1000.000222,1000.000324,1000.000415,1000.000503,1000.000590,1000.000665,1000.000721,1000.000752,1000.000754,1000.000728,1000.000687,1000.000642,1000.000599,1000.000560,1000.000523,1000.000487,1000.000453,1000.000420,1000.000388,1000.000359,1000.000332,1000.000308,1000.000284,1000.000263,1000.000244,1000.000227,1000.000211,1000.000198,1000.000186,1000.000177,1000.000169,1000.000163,1000.000159,1000.000156,1000.000155,1000.000156,1000.000159,1000.000163,1000.000169,1000.000177,1000.000186,1000.000198,1000.000211,1000.000227,1000.000244,1000.000263,1000.000284,1000.000308,1000.000332,1000.000359,1000.000388,1000.000420,1000.000453,1000.000487,1000.000523,1000.000560,1000.000599,1000.000642,1000.000687,1000.000728,1000.000754,1000.000752,1000.000721,1000.000665,1000.000590,1000.000503,1000.000415,1000.000324,1000.000222,0.000000,0.000000,0.000000,0.000000,0.000000,0.000000,0.000000,0.000000,0.000000,0.000000,0.000000,0.000000,0.000000,0.000000,0.000000,0.000000,0.000000
0.000000,0.000000,0.000000,0.000000,0.000000,0.000000,0.000000,0.000000,0.000000,0.000000,0.000000,0.000000,0.000000,0.000000,0.000000,0.000000,1000.000224,1000.000329,1000.000421,1000.000512,1000.000602,1000.000679,1000.000733,1000.000755,1000.000747,1000.000716,1000.000672,1000.000623,1000.000576,1000.000534,1000.000495,1000.000457,1000.000421,1000.000386,1000.000353,1000.000323,1000.000294,1000.000267,1000.000242,1000.000219,1000.000197,1000.000178,1000.000161,1000.000145,1000.000132,1000.000120,1000.000111,1000.000103,1000.000097,1000.000092,1000.000090,1000.000089,1000.000090,1000.000092,1000.000097,1000.000103,1000.000111,1000.000120,1000.000132,1000.000145,1000.000161,1000.000178,1000.000197,1000.000219,1000.000242,1000.000267,1000.000294,1000.000323,1000.000353,1000.000386,1000.000421,1000.000457,1000.000495,1000.000534,1000.000576,1000.000623,1000.000672,1000.000716,1000.000747,1000.000755,1000.000733,1000.000679,1000.000602,1000.000512,1000.000421,1000.000329,1000.000224,0.000000,0.000000,0.000000,0.000000,0.000000,0.000000,0.000000,0.000000,0.000000,0.000000,0.000000,0.000000,0.000000,0.000000,0.000000,0.000000
0.000000,0.000000,0.000000,0.000000,0.000000,0.000000,0.000000,0.000000,0.000000,0.000000,0.000000,0.000000,0.000000,0.000000,0.000000,1000.000222,1000.000329,1000.000424,1000.000516,1000.000608,1000.000686,1000.000739,1000.000755,1000.000737,1000.000700,1000.000655,1000.000606,1000.000558,1000.000514,1000.000472,1000.000431,1000.000393,1000.000357,1000.000322,1000.000290,1000.000259,1000.000230,1000.000203,1000.000178,1000.000155,1000.000134,1000.000114,1000.000097,1000.000081,1000.000068,1000.000056,1000.000046,1000.000038,1000.000032,1000.000028,1000.000025,1000.000024,1000.000025,1000.000028,1000.000032,1000.000038,1000.000046,1000.000056,1000.000068,1000.000081,1000.000097,1000.000114,1000.000134,1000.000155,1000.000178,1000.000203,1000.000230,1000.000259,1000.000290,1000.000322,1000.000357,1000.000393,1000.000431,1000.000472,1000.000514,1000.000558,1000.000606,1000.000655,1000.000700,1000.000737,1000.000755,1000.000739,1000.000686,1000.000608,1000.000516,1000.000424,1000.000329,1000.000222,0.000000,0.000000,0.000000,0.000000,0.000000,0.000000,0.000000,0.000000,0.000000,0.000000,0.000000,0.000000,0.000000,0.000000,0.000000
0.000000,0.000000,0.000000,0.000000,0.000000,0.000000,0.000000,0.000000,0.000000,0.000000,0.000000,0.000000,0.000000,0.000000,1000.000216,1000.000324,1000.000421,1000.000516,1000.000609,1000.000689,1000.000742,1000.000755,1000.000731,1000.000688,1000.000638,1000.000589,1000.000541,1000.000496,1000.000452,1000.000409,1000.000369,1000.000331,1000.000295,1000.000260,1000.000227,1000.000197,1000.000168,1000.000141,1000.000116,1000.000093,1000.000071,1000.000052,1000.000035,1000.000019,1000.000006,999.999994,999.999984,999.999976,999.999969,999.999965,999.999962,999.999961,999.999962,999.999965,999.999969,999.999976,999.999984,999.999994,1000.000006,1000.000019,1000.000035,1000.000052,1000.000071,1000.000093,1000.000116,1000.000141,1000.000168,1000.000197,1000.000227,1000.000260,1000.000295,1000.000331,1000.000369,1000.000409,1000.000452,1000.000496,1000.000541,1000.000589,1000.000638,1000.000688,1000.000731,1000.000755,1000.000742,1000.000689,1000.000609,1000.000516,1000.000421,1000.000324,1000.000216,0.000000,0.000000,0.000000,0.000000,0.000000,0.000000,0.000000,0.000000,0.000000,0.000000,0.000000,0.000000,0.000000,0.000000
0.000000,0.000000,0.000000,0.000000,0.000000,0.000000,0.000000,0.000000,0.000000,0.000000,0.000000,0.000000,0.000000,1000.000203,1000.000315,1000.000415,1000.000512,1000.000608,1000.000689,1000.000743,1000.000756,1000.000730,1000.000683,1000.000629,1000.000576,1000.000528,1000.000481,1000.000436,1000.000391,1000.000349,1000.000309,1000.000271,1000.000234,1000.000200,1000.000167,1000.000136,1000.000108,1000.000081,1000.000056,1000.000032,1000.000011,999.999992,999.999974,999.999959,999.999945,999.999933,999.999923,999.999915,999.999909,999.999904,999.999902,999.999901,999.999902,999.999904,999.999909,999.999915,999.999923,999.999933,999.999945,999.999959,999.999974,999.999992,1000.000011,1000.000032,1000.000056,1000.000081,1000.000108,1000.000136,1000.000167,1000.000200,1000.000234,1000.000271,1000.000309,1000.000349,1000.000391,1000.000436,1000.000481,1000.000528,1000.000576,1000.000629,1000.000683,1000.000730,1000.000756,1000.000743,1000.000689,1000.000608,1000.000512,1000.000415,1000.000315,1000.000203,0.000000,0.000000,0.000000,0.000000,0.000000,0.000000,0.000000,0.000000,0.000000,0.000000,0.000000,0.000000,0.000000
0.000000,0.000000,0.000000,0.000000,0.000000,0.000000,0.000000,0.000000,0.000000,0.000000,0.000000,0.000000,1000.000182,1000.000298,1000.000402,1000.000503,1000.000602,1000.000686,1000.000742,1000.000756,1000.000729,1000.000681,1000.000624,1000.000569,1000.000518,1000.000470,1000.000422,1000.000376,1000.000332,1000.000291,1000.000251,1000.000212,1000.000176,1000.000141,1000.000109,1000.000078,1000.000049,1000.000022,999.999997,999.999974,999.999953,999.999933,999.999916,999.999900,999.999887,999.999875,999.999865,999.999856,999.999850,999.999845,999.999843,999.999842,999.999843,999.999845,999.999850,999.999856,999.999865,999.999875,999.999887,999.999900,999.999916,999.999933,999.999953,999.999974,999.999997,1000.000022,1000.000049,1000.000078,1000.000109,1000.000141,1000.000176,1000.000212,1000.000251,1000.000291,1000.000332,1000.000376,1000.000422,1000.000470,1000.000518,1000.000569,1000.000624,1000.000681,1000.000729,1000.000756,1000.000742,1000.000686,1000.000602,1000.000503,1000.000402,1000.000298,1000.000182,0.000000,0.000000,0.000000,0.000000,0.000000,0.000000,0.000000,0.000000,0.000000,0.000000,0.000000,0.000000
0.000000,0.000000,0.000000,0.000000,0.000000,0.000000,0.000000,0.000000,0.000000,0.000000,0.000000,1000.000156,1000.000276,1000.000382,1000.000486,1000.000590,1000.000679,1000.000739,1000.000755,1000.000730,1000.000681,1000.000623,1000.000566,1000.000513,1000.000463,1000.000413,1000.000365,1000.000320,1000.000276,1000.000234,1000.000194,1000.000155,1000.000119,1000.000085,1000.000052,1000.000021,999.999993,999.999966,999.999941,999.999917,999.999896,999.999877,999.999859,999.999844,999.999830,999.999818,999.999808,999.999800,999.999793,999.999789,999.999786,999.999785,999.999786,999.999789,999.999793,999.999800,999.999808,999.999818,999.999830,999.999844,999.999859,999.999877,999.999896,999.999917,999.999941,999.999966,999.999993,1000.000021,1000.000052,1000.000085,1000.000119,1000.000155,1000.000194,1000.000234,1000.000276,1000.000320,1000.000365,1000.000413,1000.000463,1000.000513,1000.000566,1000.000623,1000.000681,1000.000730,1000.000755,1000.000739,1000.000679,1000.000590,1000.000486,1000.000382,1000.000276,1000.000156,0.000000,0.000000,0.000000,0.000000,0.000000,0.000000,0.000000,0.000000,0.000000,0.000000,0.000000
0.000000,0.000000,0.000000,0.000000,0.000000,0.000000,0.000000,0.000000,0.000000,0.000000,0.000000,1000.000245,1000.000356,1000.000461,1000.000568,1000.000665,1000.000733,1000.000755,1000.000731,1000.000683,1000.000624,1000.000566,1000.000512,1000.000459,1000.000407,1000.000358,1000.000310,1000.000265,1000.000221,1000.000179,1000.000139,1000.000101,1000.000064,1000.000030,999.999997,999.999967,999.999938,999.999911,999.999886,999.999863,999.999841,999.999822,999.999804,999.999789,999.999775,999.999763,999.999753,999.999745,999.999738,999.999734,999.999731,999.999730,999.999731,999.999734,999.999738,999.999745,999.999753,999.999763,999.999775,999.999789,999.999804,999.999822,999.999841,999.999863,999.999886,999.999911,999.999938,999.999967,999.999997,1000.000030,1000.000064,1000.000101,1000.000139,1000.000179,1000.000221,1000.000265,1000.000310,1000.000358,1000.000407,1000.000459,1000.000512,1000.000566,1000.000624,1000.000683,1000.000731,1000.000755,1000.000733,1000.000665,1000.000568,1000.000461,1000.000356,1000.000245,0.000000,0.000000,0.000000,0.000000,0.000000,0.000000,0.000000,0.000000,0.000000,0.000000,0.000000
0.000000,0.000000,0.000000,0.000000,0.000000,0.000000,0.000000,0.000000,0.000000,0.000000,1000.000212,1000.000330,1000.000435,1000.000541,1000.000642,1000.000721,1000.000755,1000.000737,1000.000688,1000.000629,1000.000569,1000.000513,1000.000459,1000.000406,1000.000354,1000.000305,1000.000258,1000.000212,1000.000168,1000.000126,1000.000086,1000.000048,1000.000011,999.999977,999.999944,999.999914,999.999885,999.999858,999.999833,999.999810,999.999788,999.999769,999.999751,999.999736,999.999722,999.999710,999.999700,999.999691,999.999685,999.999680,999.999678,999.999677,999.999678,999.999680,999.999685,999.999691,999.999700,999.999710,999.999722,999.999736,999.999751,999.999769,999.999788,999.999810,999.999833,999.999858,999.999885,999.999914,999.999944,999.999977,1000.000011,1000.000048,1000.000086,1000.000126,1000.000168,1000.000212,1000.000258,1000.000305,1000.000354,1000.000406,1000.000459,1000.000513,1000.000569,1000.000629,1000.000688,1000.000737,1000.000755,1000.000721,1000.000642,1000.000541,1000.000435,1000.000330,1000.000212,0.000000,0.000000,0.000000,0.000000,0.000000,0.000000,0.000000,0.000000,0.000000,0.000000
0.000000,0.000000,0.000000,0.000000,0.000000,0.000000,0.000000,0.000000,0.000000,1000.000175,1000.000297,1000.000407,1000.000514,1000.000618,1000.000703,1000.000752,1000.000747,1000.000700,1000.000638,1000.000576,1000.000518,1000.000463,1000.000407,1000.000354,1000.000303,1000.000254,1000.000206,1000.000161,1000.000117,1000.000075,1000.000035,999.999997,999.999960,999.999926,999.999893,999.999863,999.999834,999.999807,999.999782,999.999759,999.999737,999.999718,999.999700,999.999685,999.999671,999.999659,999.999649,999.999640,999.999634,999.999629,999.999626,999.999626,999.999626,999.999629,999.999634,999.999640,999.999649,999.999659,999.999671,999.999685,999.999700,999.999718,999.999737,999.999759,999.999782,999.999807,999.999834,999.999863,999.999893,999.999926,999.999960,999.999997,1000.000035,1000.000075,1000.000117,1000.000161,1000.000206,1000.000254,1000.000303,1000.000354,1000.000407,1000.000463,1000.000518,1000.000576,1000.000638,1000.000700,1000.000747,1000.000752,1000.000703,1000.000618,1000.000514,1000.000407,1000.000297,1000.000175,0.000000,0.000000,0.000000,0.000000,0.000000,0.000000,0.000000,0.000000,0.000000
0.000000,0.000000,0.000000,0.000000,0.000000,0.000000,0.000000,0.000000,0.000000,1000.000254,1000.000371,1000.000482,1000.000592,1000.000685,1000.000745,1000.000754,1000.000716,1000.000655,1000.000589,1000.000528,1000.000470,1000.000413,1000.000358,1000.000305,1000.000254,1000.000204,1000.000157,1000.000111,1000.000068,1000.000026,999.999986,999.999947,999.999911,999.999877,999.999844,999.999813,999.999785,999.999758,999.999733,999.999709,999.999688,999.999669,999.999651,999.999635,999.999621,999.999609,999.999599,999.999591,999.999584,999.999580,999.999577,999.999576,999.999577,999.999580,999.999584,999.999591,999.999599,999.999609,999.999621,999.999635,999.999651,999.999669,999.999688,999.999709,999.999733,999.999758,999.999785,999.999813,999.999844,999.999877,999.999911,999.999947,999.999986,1000.000026,1000.000068,1000.000111,1000.000157,1000.000204,1000.000254,1000.000305,1000.000358,1000.000413,1000.000470,1000.000528,1000.000589,1000.000655,1000.000716,1000.000754,1000.000745,1000.000685,1000.000592,1000.000482,1000.000371,1000.000254,0.000000,0.000000,0.000000,0.000000,0.000000,0.000000,0.000000,0.000000,0.000000
0.000000,0.000000,0.000000,0.000000,0.000000,0.000000,0.000000,0.000000,1000.000204,1000.000330,1000.000443,1000.000557,1000.000661,1000.000734,1000.000755,1000.000728,1000.000672,1000.000606,1000.000541,1000.000481,1000.000422,1000.000365,1000.000310,1000.000258,1000.000206,1000.000157,1000.000109,1000.000064,1000.000020,999.999978,999.999938,999.999900,999.999864,999.999829,999.999797,999.999766,999.999737,999.999710,999.999685,999.999662,999.999641,999.999621,999.999604,999.999588,999.999574,999.999562,999.999552,999.999543,999.999537,999.999532,999.999530,999.999529,999.999530,999.999532,999.999537,999.999543,999.999552,999.999562,999.999574,999.999588,999.999604,999.999621,999.999641,999.999662,999.999685,999.999710,999.999737,999.999766,999.999797,999.999829,999.999864,999.999900,999.999938,999.999978,1000.000020,1000.000064,1000.000109,1000.000157,1000.000206,1000.000258,1000.000310,1000.000365,1000.000422,1000.000481,1000.000541,1000.000606,1000.000672,1000.000728,1000.000755,1000.000734,1000.000661,1000.000557,1000.000443,1000.000330,1000.000204,0.000000,0.000000,0.000000,0.000000,0.000000,0.000000,0.000000,0.000000
0.000000,0.000000,0.000000,0.000000,0.000000,0.000000,0.000000,0.000000,1000.000276,1000.000395,1000.000511,1000.000624,1000.000714,1000.000754,1000.000737,1000.000687,1000.000623,1000.000558,1000.000496,1000.000436,1000.000376,1000.000320,1000.000265,1000.000212,1000.000161,1000.000111,1000.000064,1000.000018,999.999975,999.999933,999.999893,999.999855,999.999818,999.999784,999.999751,999.999721,999.999692,999.999665,999.999640,999.999617,999.999595,999.999576,999.999558,999.999542,999.999528,999.999516,999.999506,999.999498,999.999491,999.999487,999.999484,999.999483,999.999484,999.999487,999.999491,999.999498,999.999506,999.999516,999.999528,999.999542,999.999558,999.999576,999.999595,999.999617,999.999640,999.999665,999.999692,999.999721,999.999751,999.999784,999.999818,999.999855,999.999893,999.999933,999.999975,1000.000018,1000.000064,1000.000111,1000.000161,1000.000212,1000.000265,1000.000320,1000.000376,1000.000436,1000.000496,1000.000558,1000.000623,1000.000687,1000.000737,1000.000754,1000.000714,1000.000624,1000.000511,1000.000395,1000.000276,0.000000,0.000000,0.000000,0.000000,0.000000,0.000000,0.000000,0.000000
0.000000,0.000000,0.000000,0.000000,0.000000,0.000000,0.000000,1000.000215,1000.000344,1000.000460,1000.000576,1000.000680,1000.000745,1000.000750,1000.000705,1000.000642,1000.000576,1000.000514,1000.000452,1000.000391,1000.000332,1000.000276,1000.000221,1000.000168,1000.000117,1000.000068,1000.000020,999.999975,999.999931,999.999889,999.999849,999.999811,999.999775,999.999740,999.999708,999.999677,999.999648,999.999621,999.999596,999.999573,999.999552,999.999532,999.999514,999.999499,999.999485,999.999473,999.999462,999.999454,999.999448,999.999443,999.999440,999.999439,999.999440,999.999443,999.999448,999.999454,999.999462,999.999473,999.999485,999.999499,999.999514,999.999532,999.999552,999.999573,999.999596,999.999621,999.999648,999.999677,999.999708,999.999740,999.999775,999.999811,999.999849,999.999889,999.999931,999.999975,1000.000020,1000.000068,1000.000117,1000.000168,1000.000221,1000.000276,1000.000332,1000.000391,1000.000452,1000.000514,1000.000576,1000.000642,1000.000705,1000.000750,1000.000745,1000.000680,1000.000576,1000.000460,1000.000344,1000.000215,0.000000,0.000000,0.000000,0.000000,0.000000,0.000000,0.000000
0.000000,0.000000,0.000000,0.000000,0.000000,0.000000,0.000000,1000.000282,1000.000404,1000.000522,1000.000635,1000.000723,1000.000757,1000.000729,1000.000668,1000.000599,1000.000534,1000.000472,1000.000409,1000.000349,1000.000291,1000.000234,1000.000179,1000.000126,1000.000075,1000.000026,999.999978,999.999933,999.999889,999.999847,999.999807,999.999769,999.999733,999.999698,999.999666,999.999635,999.999606,999.999579,999.999554,999.999531,999.999510,999.999490,999.999473,999.999457,999.999443,999.999431,999.999421,999.999412,999.999406,999.999401,999.999398,999.999397,999.999398,999.999401,999.999406,999.999412,999.999421,999.999431,999.999443,999.999457,999.999473,999.999490,999.999510,999.999531,999.999554,999.999579,999.999606,999.999635,999.999666,999.999698,999.999733,999.999769,999.999807,999.999847,999.999889,999.999933,999.999978,1000.000026,1000.000075,1000.000126,1000.000179,1000.000234,1000.000291,1000.000349,1000.000409,1000.000472,1000.000534,1000.000599,1000.000668,1000.000729,1000.000757,1000.000723,1000.000635,1000.000522,1000.000404,1000.000282,0.000000,0.000000,0.000000,0.000000,0.000000,0.000000,0.000000
0.000000,0.000000,0.000000,0.000000,0.000000,0.000000,1000.000216,1000.000346,1000.000464,1000.000582,1000.000686,1000.000749,1000.000749,1000.000699,1000.000629,1000.000560,1000.000495,1000.000431,1000.000369,1000.000309,1000.000251,1000.000194,1000.000139,1000.000086,1000.000035,999.999986,999.999938,999.999893,999.999849,999.999807,999.999767,999.999729,999.999693,999.999658,999.999626,999.999595,999.999566,999.999539,999.999514,999.999491,999.999470,999.999450,999.999433,999.999417,999.999403,999.999391,999.999381,999.999372,999.999366,999.999361,999.999358,999.999357,999.999358,999.999361,999.999366,999.999372,999.999381,999.999391,999.999403,999.999417,999.999433,999.999450,999.999470,999.999491,999.999514,999.999539,999.999566,999.999595,999.999626,999.999658,999.999693,999.999729,999.999767,999.999807,999.999849,999.999893,999.999938,999.999986,1000.000035,1000.000086,1000.000139,1000.000194,1000.000251,1000.000309,1000.000369,1000.000431,1000.000495,1000.000560,1000.000629,1000.000699,1000.000749,1000.000749,1000.000686,1000.000582,1000.000464,1000.000346,1000.000216,0.000000,0.000000,0.000000,0.000000,0.000000,0.000000
0.000000,0.000000,0.000000,0.000000,0.000000,0.000000,1000.000278,1000.000402,1000.000522,1000.000637,1000.000725,1000.000758,1000.000728,1000.000663,1000.000591,1000.000523,1000.000457,1000.000393,1000.000331,1000.000271,1000.000212,1000.000155,1000.000101,1000.000048,999.999997,999.999947,999.999900,999.999855,999.999811,999.999769,999.999729,999.999691,999.999655,999.999620,999.999588,999.999557,999.999528,999.999501,999.999476,999.999453,999.999432,999.999412,999.999394,999.999379,999.999365,999.999353,999.999342,999.999334,999.999328,999.999323,999.999320,999.999319,999.999320,999.999323,999.999328,999.999334,999.999342,999.999353,999.999365,999.999379,999.999394,999.999412,999.999432,999.999453,999.999476,999.999501,999.999528,999.999557,999.999588,999.999620,999.999655,999.999691,999.999729,999.999769,999.999811,999.999855,999.999900,999.999947,999.999997,1000.000048,1000.000101,1000.000155,1000.000212,1000.000271,1000.000331,1000.000393,1000.000457,1000.000523,1000.000591,1000.000663,1000.000728,1000.000758,1000.000725,1000.000637,1000.000522,1000.000402,1000.000278,0.000000,0.000000,0.000000,0.000000,0.000000,0.000000
0.000000,0.000000,0.000000,0.000000,0.000000,1000.000206,1000.000338,1000.000458,1000.000578,1000.000685,1000.000749,1000.000750,1000.000697,1000.000626,1000.000555,1000.000487,1000.000421,1000.000357,1000.000295,1000.000234,1000.000176,1000.000119,1000.000064,1000.000011,999.999960,999.999911,999.999864,999.999818,999.999775,999.999733,999.999693,999.999655,999.999618,999.999584,999.999551,999.999521,999.999492,999.999465,999.999440,999.999417,999.999395,999.999376,999.999358,999.999342,999.999328,999.999316,999.999306,999.999298,999.999291,999.999287,999.999284,999.999283,999.999284,999.999287,999.999291,999.999298,999.999306,999.999316,999.999328,999.999342,999.999358,999.999376,999.999395,999.999417,999.999440,999.999465,999.999492,999.999521,999.999551,999.999584,999.999618,999.999655,999.999693,999.999733,999.999775,999.999818,999.999864,999.999911,999.999960,1000.000011,1000.000064,1000.000119,1000.000176,1000.000234,1000.000295,1000.000357,1000.000421,1000.000487,1000.000555,1000.000626,1000.000697,1000.000750,1000.000749,1000.000685,1000.000578,1000.000458,1000.000338,1000.000206,0.000000,0.000000,0.000000,0.000000,0.000000
0.000000,0.000000,0.000000,0.000000,0.000000,1000.000261,1000.000389,1000.000511,1000.000630,1000.000722,1000.000757,1000.000728,1000.000663,1000.000590,1000.000520,1000.000453,1000.000386,1000.000322,1000.000260,1000.000200,1000.000141,1000.000085,1000.000030,999.999977,999.999926,999.999877,999.999829,999.999784,999.999740,999.999698,999.999658,999.999620,999.999584,999.999550,999.999517,999.999486,999.999458,999.999431,999.999406,999.999382,999.999361,999.999341,999.999324,999.999308,999.999294,999.999282,999.999272,999.999263,999.999257,999.999252,999.999250,999.999249,999.999250,999.999252,999.999257,999.999263,999.999272,999.999282,999.999294,999.999308,999.999324,999.999341,999.999361,999.999382,999.999406,999.999431,999.999458,999.999486,999.999517,999.999550,999.999584,999.999620,999.999658,999.999698,999.999740,999.999784,999.999829,999.999877,999.999926,999.999977,1000.000030,1000.000085,1000.000141,1000.000200,1000.000260,1000.000322,1000.000386,1000.000453,1000.000520,1000.000590,1000.000663,1000.000728,1000.000757,1000.000722,1000.000630,1000.000511,1000.000389,1000.000261,0.000000,0.000000,0.000000,0.000000,0.000000
0.000000,0.000000,0.000000,0.000000,1000.000180,1000.000315,1000.000438,1000.000562,1000.000675,1000.000746,1000.000750,1000.000700,1000.000628,1000.000556,1000.000487,1000.000420,1000.000353,1000.000290,1000.000227,1000.000167,1000.000109,1000.000052,999.999997,999.999944,999.999893,999.999844,999.999797,999.999751,999.999708,999.999666,999.999626,999.999588,999.999551,999.999517,999.999485,999.999454,999.999425,999.999398,999.999373,999.999350,999.999328,999.999309,999.999291,999.999275,999.999262,999.999249,999.999239,999.999231,999.999224,999.999220,999.999217,999.999216,999.999217,999.999220,999.999224,999.999231,999.999239,999.999249,999.999262,999.999275,999.999291,999.999309,999.999328,999.999350,999.999373,999.999398,999.999425,999.999454,999.999485,999.999517,999.999551,999.999588,999.999626,999.999666,999.999708,999.999751,999.999797,999.999844,999.999893,999.999944,999.999997,1000.000052,1000.000109,1000.000167,1000.000227,1000.000290,1000.000353,1000.000420,1000.000487,1000.000556,1000.000628,1000.000700,1000.000750,1000.000746,1000.000675,1000.000562,1000.000438,1000.000315,1000.000180,0.000000,0.000000,0.000000,0.000000
0.000000,0.000000,0.000000,0.000000,1000.000230,1000.000359,1000.000483,1000.000607,1000.000710,1000.000755,1000.000732,1000.000669,1000.000596,1000.000525,1000.000456,1000.000388,1000.000323,1000.000259,1000.000197,1000.000136,1000.000078,1000.000021,999.999967,999.999914,999.999863,999.999813,999.999766,999.999721,999.999677,999.999635,999.999595,999.999557,999.999521,999.999486,999.999454,999.999423,999.999394,999.999367,999.999342,999.999319,999.999298,999.999278,999.999261,999.999245,999.999231,999.999219,999.999209,999.999200,999.999194,999.999189,999.999186,999.999185,999.999186,999.999189,999.999194,999.999200,999.999209,999.999219,999.999231,999.999245,999.999261,999.999278,999.999298,999.999319,999.999342,999.999367,999.999394,999.999423,999.999454,999.999486,999.999521,999.999557,999.999595,999.999635,999.999677,999.999721,999.999766,999.999813,999.999863,999.999914,999.999967,1000.000021,1000.000078,1000.000136,1000.000197,1000.000259,1000.000323,1000.000388,1000.000456,1000.000525,1000.000596,1000.000669,1000.000732,1000.000755,1000.000710,1000.000607,1000.000483,1000.000359,1000.000230,0.000000,0.000000,0.000000,0.000000
