0.000000,0.000000,0.000000,0.000000,0.000000,0.000000,0.000000,0.000000,0.000000,0.000000,0.000000,0.000000,0.000000,0.000000,0.000000,0.000000,0.000000,0.000000,0.000000,0.000000,0.000000,0.000000,0.000000,0.000000,0.000000,0.000000,0.000000,0.000000,0.000000,0.000000,0.000000,0.000000,0.000000,0.000000,0.000000,0.000000,0.000000,0.000000,0.000000,0.000000,0.000000,0.000000,0.000000,0.000000,0.000000,0.000000,0.000000,0.000000,0.000000,0.000000,0.000000,0.000000,0.000000,0.000000,0.000000,0.000000,0.000000,0.000000,0.000000,0.000000,0.000000,0.000000,0.000000,0.000000,0.000000,0.000000,0.000000,0.000000,0.000000,0.000000,0.000000,0.000000,0.000000,0.000000,0.000000,0.000000,0.000000,0.000000,0.000000,0.000000,0.000000,0.000000,0.000000,0.000000,0.000000,0.000000,0.000000,0.000000,0.000000,0.000000,0.000000,0.000000,0.000000,0.000000,0.000000,0.000000,0.000000,0.000000,0.000000,0.000000,0.000000,0.000000,0.000000
0.000000,0.000000,0.000000,0.000000,0.000000,0.000000,0.000000,0.000000,0.000000,0.000000,0.000000,0.000000,0.000000,0.000000,0.000000,0.000000,0.000000,0.000000,0.000000,0.000000,0.000000,0.000000,0.000000,0.000000,0.000000,0.000000,0.000000,0.000000,0.000000,0.000000,0.000000,0.000000,0.000000,0.000000,0.000000,0.000000,0.000000,0.000000,0.000000,0.000000,0.000000,0.000000,0.000000,0.000000,0.000000,0.000000,0.000000,0.000000,0.000000,0.000000,0.000000,1000.000084,0.000000,0.000000,0.000000,0.000000,0.000000,0.000000,0.000000,0.000000,0.000000,0.000000,0.000000,0.000000,0.000000,0.000000,0.000000,0.000000,0.000000,0.000000,0.000000,0.000000,0.000000,0.000000,0.000000,0.000000,0.000000,0.000000,0.000000,0.000000,0.000000,0.000000,0.000000,0.000000,0.000000,0.000000,0.000000,0.000000,0.000000,0.000000,0.000000,0.000000,0.000000,0.000000,0.000000,0.000000,0.000000,0.000000,0.000000,0.000000,0.000000,0.000000,0.000000
0.000000,0.000000,0.000000,0.000000,0.000000,0.000000,0.000000,0.000000,0.000000,0.000000,0.000000,0.000000,0.000000,0.000000,0.000000,0.000000,0.000000,0.000000,0.000000,0.000000,0.000000,0.000000,0.000000,0.000000,0.000000,0.000000,0.000000,0.000000,0.000000,0.000000,0.000000,0.000000,0.000000,0.000000,0.000000,0.000000,0.000000,0.000000,0.000000,0.000000,0.000000,0.000000,1000.000153,1000.000178,1000.000191,1000.000197,1000.000201,1000.000202,1000.000202,1000.000201,1000.000200,1000.000206,1000.000200,1000.000201,1000.000202,1000.000202,1000.000201,1000.000197,1000.000191,1000.000178,1000.000153,0.000000,0.000000,0.000000,0.000000,0.000000,0.000000,0.000000,0.000000,0.000000,0.000000,0.000000,0.000000,0.000000,0.000000,0.000000,0.000000,0.000000,0.000000,0.000000,0.000000,0.000000,0.000000,0.000000,0.000000,0.000000,0.000000,0.000000,0.000000,0.000000,0.000000,0.000000,0.000000,0.000000,0.000000,0.000000,0.000000,0.000000,0.000000,0.000000,0.000000,0.000000,0.000000
0.000000,0.000000,0.000000,0.000000,0.000000,0.000000,0.000000,0.000000,0.000000,0.000000,0.000000,0.000000,0.000000,0.000000,0.000000,0.000000,0.000000,0.000000,0.000000,0.000000,0.000000,0.000000,0.000000,0.000000,0.000000,0.000000,0.000000,0.000000,0.000000,0.000000,0.000000,0.000000,0.000000,0.000000,0.000000,0.000000,0.000000,1000.000147,1000.000184,1000.000213,1000.000237,1000.000256,1000.000274,1000.000290,1000.000302,1000.000311,1000.000316,1000.000318,1000.000319,1000.000320,1000.000319,1000.000320,1000.000319,1000.000320,1000.000319,1000.000318,1000.000316,1000.000311,1000.000302,1000.000290,1000.000274,1000.000256,1000.000237,1000.000213,1000.000184,1000.000147,0.000000,0.000000,0.000000,0.000000,0.000000,0.000000,0.000000,0.000000,0.000000,0.000000,0.000000,0.000000,0.000000,0.000000,0.000000,0.000000,0.000000,0.000000,0.000000,0.000000,0.000000,0.000000,0.000000,0.000000,0.000000,0.000000,0.000000,0.000000,0.000000,0.000000,0.000000,0.000000,0.000000,0.000000,0.000000,0.000000,0.000000
0.000000,0.000000,0.000000,0.000000,0.000000,0.000000,0.000000,0.000000,0.000000,0.000000,0.000000,0.000000,0.000000,0.000000,0.000000,0.000000,0.000000,0.000000,0.000000,0.000000,0.000000,0.000000,0.000000,0.000000,0.000000,0.000000,0.000000,0.000000,0.000000,0.000000,0.000000,0.000000,0.000000,0.000000,1000.000154,1000.000196,1000.000231,1000.000265,1000.000295,1000.000322,1000.000348,1000.000369,1000.000389,1000.000404,1000.000416,1000.000424,1000.000428,1000.000431,1000.000432,1000.000433,1000.000433,1000.000433,1000.000433,1000.000433,1000.000432,1000.000431,1000.000428,1000.000424,1000.000416,1000.000404,1000.000389,1000.000369,1000.000348,1000.000322,1000.000295,1000.000265,1000.000231,1000.000196,1000.000154,0.000000,0.000000,0.000000,0.000000,0.000000,0.000000,0.000000,0.000000,0.000000,0.000000,0.000000,0.000000,0.000000,0.000000,0.000000,0.000000,0.000000,0.000000,0.000000,0.000000,0.000000,0.000000,0.000000,0.000000,0.000000,0.000000,0.000000,0.000000,0.000000,0.000000,0.000000,0.000000,0.000000,0.000000
0.000000,0.000000,0.000000,0.000000,0.000000,0.000000,0.000000,0.000000,0.000000,0.000000,0.000000,0.000000,0.000000,0.000000,0.000000,0.000000,0.000000,0.000000,0.000000,0.000000,0.000000,0.000000,0.000000,0.000000,0.000000,0.000000,0.000000,0.000000,0.000000,0.000000,0.000000,0.000000,1000.000175,1000.000223,1000.000268,1000.000306,1000.000340,1000.000374,1000.000404,1000.000431,1000.000456,1000.000480,1000.000501,1000.000517,1000.000528,1000.000534,1000.000537,1000.000539,1000.000540,1000.000540,1000.000541,1000.000540,1000.000541,1000.000540,1000.000540,1000.000539,1000.000537,1000.000534,1000.000528,1000.000517,1000.000501,1000.000480,1000.000456,1000.000431,1000.000404,1000.000374,1000.000340,1000.000306,1000.000268,1000.000223,1000.000175,0.000000,0.000000,0.000000,0.000000,0.000000,0.000000,0.000000,0.000000,0.000000,0.000000,0.000000,0.000000,0.000000,0.000000,0.000000,0.000000,0.000000,0.000000,0.000000,0.000000,0.000000,0.000000,0.000000,0.000000,0.000000,0.000000,0.000000,0.000000,0.000000,0.000000,0.000000,0.000000
0.000000,0.000000,0.000000,0.000000,0.000000,0.000000,0.000000,0.000000,0.000000,0.000000,0.000000,0.000000,0.000000,0.000000,0.000000,0.000000,0.000000,0.000000,0.000000,0.000000,0.000000,0.000000,0.000000,0.000000,0.000000,0.000000,0.000000,0.000000,0.000000,0.000000,1000.000184,1000.000236,1000.000288,1000.000331,1000.000373,1000.000411,1000.000449,1000.000483,1000.000512,1000.000538,1000.000560,1000.000579,1000.000597,1000.000608,1000.000614,1000.000617,1000.000619,1000.000620,1000.000620,1000.000620,1000.000620,1000.000620,1000.000620,1000.000620,1000.000620,1000.000620,1000.000619,1000.000617,1000.000614,1000.000608,1000.000597,1000.000579,1000.000560,1000.000538,1000.000512,1000.000483,1000.000449,1000.000411,1000.000373,1000.000331,1000.000288,1000.000236,1000.000184,0.000000,0.000000,0.000000,0.000000,0.000000,0.000000,0.000000,0.000000,0.000000,0.000000,0.000000,0.000000,0.000000,0.000000,0.000000,0.000000,0.000000,0.000000,0.000000,0.000000,0.000000,0.000000,0.000000,0.000000,0.000000,0.000000,0.000000,0.000000,0.000000,0.000000
0.000000,0.000000,0.000000,0.000000,0.000000,0.000000,0.000000,0.000000,0.000000,0.000000,0.000000,0.000000,0.000000,0.000000,0.000000,0.000000,0.000000,0.000000,0.000000,0.000000,0.000000,0.000000,0.000000,0.000000,0.000000,0.000000,0.000000,0.000000,1000.000183,1000.000240,1000.000295,1000.000343,1000.000390,1000.000436,1000.000479,1000.000518,1000.000552,1000.000581,1000.000604,1000.000620,1000.000631,1000.000638,1000.000640,1000.000639,1000.000637,1000.000636,1000.000635,1000.000635,1000.000634,1000.000633,1000.000633,1000.000633,1000.000633,1000.000633,1000.000634,1000.000635,1000.000635,1000.000636,1000.000637,1000.000639,1000.000640,1000.000638,1000.000631,1000.000620,1000.000604,1000.000581,1000.000552,1000.000518,1000.000479,1000.000436,1000.000390,1000.000343,1000.000295,1000.000240,1000.000183,0.000000,0.000000,0.000000,0.000000,0.000000,0.000000,0.000000,0.000000,0.000000,0.000000,0.000000,0.000000,0.000000,0.000000,0.000000,0.000000,0.000000,0.000000,0.000000,0.000000,0.000000,0.000000,0.000000,0.000000,0.000000,0.000000,0.000000,0.000000
0.000000,0.000000,0.000000,0.000000,0.000000,0.000000,0.000000,0.000000,0.000000,0.000000,0.000000,0.000000,0.000000,0.000000,0.000000,0.000000,0.000000,0.000000,0.000000,0.000000,0.000000,0.000000,0.000000,0.000000,0.000000,0.000000,1000.000174,1000.000235,1000.000293,1000.000344,1000.000395,1000.000444,1000.000493,1000.000538,1000.000576,1000.000607,1000.000627,1000.000640,1000.000645,1000.000644,1000.000640,1000.000631,1000.000618,1000.000606,1000.000598,1000.000593,1000.000590,1000.000587,1000.000586,1000.000584,1000.000584,1000.000584,1000.000584,1000.000584,1000.000586,1000.000587,1000.000590,1000.000593,1000.000598,1000.000606,1000.000618,1000.000631,1000.000640,1000.000644,1000.000645,1000.000640,1000.000627,1000.000607,1000.000576,1000.000538,1000.000493,1000.000444,1000.000395,1000.000344,1000.000293,1000.000235,1000.000174,0.000000,0.000000,0.000000,0.000000,0.000000,0.000000,0.000000,0.000000,0.000000,0.000000,0.000000,0.000000,0.000000,0.000000,0.000000,0.000000,0.000000,0.000000,0.000000,0.000000,0.000000,0.000000,0.000000,0.000000,0.000000,0.000000
0.000000,0.000000,0.000000,0.000000,0.000000,0.000000,0.000000,0.000000,0.000000,0.000000,0.000000,0.000000,0.000000,0.000000,0.000000,0.000000,0.000000,0.000000,0.000000,0.000000,0.000000,0.000000,0.000000,0.000000,1000.000149,1000.000216,1000.000281,1000.000336,1000.000391,1000.000444,1000.000496,1000.000543,1000.000585,1000.000617,1000.000638,1000.000646,1000.000644,1000.000636,1000.000623,1000.000607,1000.000593,1000.000577,1000.000561,1000.000546,1000.000534,1000.000527,1000.000523,1000.000519,1000.000516,1000.000514,1000.000513,1000.000513,1000.000513,1000.000514,1000.000516,1000.000519,1000.000523,1000.000527,1000.000534,1000.000546,1000.000561,1000.000577,1000.000593,1000.000607,1000.000623,1000.000636,1000.000644,1000.000646,1000.000638,1000.000617,1000.000585,1000.000543,1000.000496,1000.000444,1000.000391,1000.000336,1000.000281,1000.000216,1000.000149,0.000000,0.000000,0.000000,0.000000,0.000000,0.000000,0.000000,0.000000,0.000000,0.000000,0.000000,0.000000,0.000000,0.000000,0.000000,0.000000,0.000000,0.000000,0.000000,0.000000,0.000000,0.000000,0.000000,0.000000
0.000000,0.000000,0.000000,0.000000,0.000000,0.000000,0.000000,0.000000,0.000000,0.000000,0.000000,0.000000,0.000000,0.000000,0.000000,0.000000,0.000000,0.000000,0.000000,0.000000,0.000000,0.000000,0.000000,1000.000180,1000.000253,1000.000316,1000.000377,1000.000435,1000.000491,1000.000542,1000.000586,1000.000620,1000.000641,1000.000647,1000.000641,1000.000625,1000.000606,1000.000586,1000.000564,1000.000545,1000.000527,1000.000511,1000.000496,1000.000482,1000.000471,1000.000463,1000.000456,1000.000452,1000.000448,1000.000446,1000.000445,1000.000444,1000.000445,1000.000446,1000.000448,1000.000452,1000.000456,1000.000463,1000.000471,1000.000482,1000.000496,1000.000511,1000.000527,1000.000545,1000.000564,1000.000586,1000.000606,1000.000625,1000.000641,1000.000647,1000.000641,1000.000620,1000.000586,1000.000542,1000.000491,1000.000435,1000.000377,1000.000316,1000.000253,1000.000180,0.000000,0.000000,0.000000,0.000000,0.000000,0.000000,0.000000,0.000000,0.000000,0.000000,0.000000,0.000000,0.000000,0.000000,0.000000,0.000000,0.000000,0.000000,0.000000,0.000000,0.000000,0.000000,0.000000
0.000000,0.000000,0.000000,0.000000,0.000000,0.000000,0.000000,0.000000,0.000000,0.000000,0.000000,0.000000,0.000000,0.000000,0.000000,0.000000,0.000000,0.000000,0.000000,0.000000,0.000000,1000.000133,1000.000208,1000.000281,1000.000347,1000.000411,1000.000475,1000.000532,1000.000581,1000.000618,1000.000641,1000.000648,1000.000641,1000.000622,1000.000597,1000.000570,1000.000545,1000.000522,1000.000500,1000.000481,1000.000463,1000.000447,1000.000432,1000.000419,1000.000408,1000.000399,1000.000392,1000.000387,1000.000383,1000.000380,1000.000378,1000.000378,1000.000378,1000.000380,1000.000383,1000.000387,1000.000392,1000.000399,1000.000408,1000.000419,1000.000432,1000.000447,1000.000463,1000.000481,1000.000500,1000.000522,1000.000545,1000.000570,1000.000597,1000.000622,1000.000641,1000.000648,1000.000641,1000.000618,1000.000581,1000.000532,1000.000475,1000.000411,1000.000347,1000.000281,1000.000208,1000.000133,0.000000,0.000000,0.000000,0.000000,0.000000,0.000000,0.000000,0.000000,0.000000,0.000000,0.000000,0.000000,0.000000,0.000000,0.000000,0.000000,0.000000,0.000000,0.000000,0.000000,0.000000
0.000000,0.000000,0.000000,0.000000,0.000000,0.000000,0.000000,0.000000,0.000000,0.000000,0.000000,0.000000,0.000000,0.000000,0.000000,0.000000,0.000000,0.000000,0.000000,0.000000,1000.000155,1000.000235,1000.000303,1000.000371,1000.000438,1000.000505,1000.000564,1000.000610,1000.000638,1000.000647,1000.000641,1000.000621,1000.000595,1000.000565,1000.000535,1000.000507,1000.000482,1000.000460,1000.000439,1000.000419,1000.000401,1000.000385,1000.000370,1000.000357,1000.000346,1000.000337,1000.000329,1000.000323,1000.000319,1000.000316,1000.000314,1000.000313,1000.000314,1000.000316,1000.000319,1000.000323,1000.000329,1000.000337,1000.000346,1000.000357,1000.000370,1000.000385,1000.000401,1000.000419,1000.000439,1000.000460,1000.000482,1000.000507,1000.000535,1000.000565,1000.000595,1000.000621,1000.000641,1000.000647,1000.000638,1000.000610,1000.000564,1000.000505,1000.000438,1000.000371,1000.000303,1000.000235,1000.000155,0.000000,0.000000,0.000000,0.000000,0.000000,0.000000,0.000000,0.000000,0.000000,0.000000,0.000000,0.000000,0.000000,0.000000,0.000000,0.000000,0.000000,0.000000,0.000000,0.000000
0.000000,0.000000,0.000000,0.000000,0.000000,0.000000,0.000000,0.000000,0.000000,0.000000,0.000000,0.000000,0.000000,0.000000,0.000000,0.000000,0.000000,0.000000,0.000000,1000.000172,1000.000254,1000.000325,1000.000393,1000.000461,1000.000527,1000.000585,1000.000627,1000.000645,1000.000641,1000.000623,1000.000596,1000.000565,1000.000533,1000.000502,1000.000474,1000.000448,1000.000423,1000.000400,1000.000378,1000.000358,1000.000340,1000.000324,1000.000310,1000.000297,1000.000285,1000.000276,1000.000268,1000.000262,1000.000257,1000.000254,1000.000252,1000.000251,1000.000252,1000.000254,1000.000257,1000.000262,1000.000268,1000.000276,1000.000285,1000.000297,1000.000310,1000.000324,1000.000340,1000.000358,1000.000378,1000.000400,1000.000423,1000.000448,1000.000474,1000.000502,1000.000533,1000.000565,1000.000596,1000.000623,1000.000641,1000.000645,1000.000627,1000.000585,1000.000527,1000.000461,1000.000393,1000.000325,1000.000254,1000.000172,0.000000,0.000000,0.000000,0.000000,0.000000,0.000000,0.000000,0.000000,0.000000,0.000000,0.000000,0.000000,0.000000,0.000000,0.000000,0.000000,0.000000,0.000000,0.000000
0.000000,0.000000,0.000000,0.000000,0.000000,0.000000,0.000000,0.000000,0.000000,0.000000,0.000000,0.000000,0.000000,0.000000,0.000000,0.000000,0.000000,0.000000,1000.000184,1000.000268,1000.000342,1000.000414,1000.000484,1000.000548,1000.000601,1000.000637,1000.000646,1000.000630,1000.000602,1000.000569,1000.000536,1000.000503,1000.000472,1000.000443,1000.000415,1000.000389,1000.000364,1000.000340,1000.000319,1000.000300,1000.000282,1000.000265,1000.000251,1000.000237,1000.000226,1000.000217,1000.000208,1000.000202,1000.000197,1000.000194,1000.000192,1000.000191,1000.000192,1000.000194,1000.000197,1000.000202,1000.000208,1000.000217,1000.000226,1000.000237,1000.000251,1000.000265,1000.000282,1000.000300,1000.000319,1000.000340,1000.000364,1000.000389,1000.000415,1000.000443,1000.000472,1000.000503,1000.000536,1000.000569,1000.000602,1000.000630,1000.000646,1000.000637,1000.000601,1000.000548,1000.000484,1000.000414,1000.000342,1000.000268,1000.000184,0.000000,0.000000,0.000000,0.000000,0.000000,0.000000,0.000000,0.000000,0.000000,0.000000,0.000000,0.000000,0.000000,0.000000,0.000000,0.000000,0.000000,0.000000
0.000000,0.000000,0.000000,0.000000,0.000000,0.000000,0.000000,0.000000,0.000000,0.000000,0.000000,0.000000,0.000000,0.000000,0.000000,0.000000,0.000000,1000.000189,1000.000276,1000.000353,1000.000428,1000.000503,1000.000568,1000.000616,1000.000643,1000.000645,1000.000622,1000.000586,1000.000547,1000.000510,1000.000477,1000.000445,1000.000415,1000.000386,1000.000357,1000.000331,1000.000306,1000.000283,1000.000262,1000.000242,1000.000224,1000.000208,1000.000193,1000.000180,1000.000168,1000.000159,1000.000150,1000.000144,1000.000139,1000.000135,1000.000133,1000.000132,1000.000133,1000.000135,1000.000139,1000.000144,1000.000150,1000.000159,1000.000168,1000.000180,1000.000193,1000.000208,1000.000224,1000.000242,1000.000262,1000.000283,1000.000306,1000.000331,1000.000357,1000.000386,1000.000415,1000.000445,1000.000477,1000.000510,1000.000547,1000.000586,1000.000622,1000.000645,1000.000643,1000.000616,1000.000568,1000.000503,1000.000428,1000.000353,1000.000276,1000.000189,0.000000,0.000000,0.000000,0.000000,0.000000,0.000000,0.000000,0.000000,0.000000,0.000000,0.000000,0.000000,0.000000,0.000000,0.000000,0.000000,0.000000
0.000000,0.000000,0.000000,0.000000,0.000000,0.000000,0.000000,0.000000,0.000000,0.000000,0.000000,0.000000,0.000000,0.000000,0.000000,0.000000,1000.000191,1000.000280,1000.000359,1000.000436,1000.000513,1000.000580,1000.000627,1000.000645,1000.000638,1000.000612,1000.000573,1000.000531,1000.000491,1000.000455,1000.000422,1000.000389,1000.000358,1000.000329,1000.000301,1000.000275,1000.000250,1000.000227,1000.000206,1000.000186,1000.000168,1000.000152,1000.000137,1000.000124,1000.000112,1000.000102,1000.000094,1000.000087,1000.000082,1000.000078,1000.000076,1000.000075,1000.000076,1000.000078,1000.000082,1000.000087,1000.000094,1000.000102,1000.000112,1000.000124,1000.000137,1000.000152,1000.000168,1000.000186,1000.000206,1000.000227,1000.000250,1000.000275,1000.000301,1000.000329,1000.000358,1000.000389,1000.000422,1000.000455,1000.000491,1000.000531,1000.000573,1000.000612,1000.000638,1000.000645,1000.000627,1000.000580,1000.000513,1000.000436,1000.000359,1000.000280,1000.000191,0.000000,0.000000,0.000000,0.000000,0.000000,0.000000,0.000000,0.000000,0.000000,0.000000,0.000000,0.000000,0.000000,0.000000,0.000000,0.000000
0.000000,0.000000,0.000000,0.000000,0.000000,0.000000,0.000000,0.000000,0.000000,0.000000,0.000000,0.000000,0.000000,0.000000,0.000000,1000.000189,1000.000280,1000.000361,1000.000440,1000.000518,1000.000586,1000.000632,1000.000646,1000.000629,1000.000597,1000.000558,1000.000516,1000.000475,1000.000437,1000.000402,1000.000367,1000.000335,1000.000304,1000.000274,1000.000247,1000.000220,1000.000196,1000.000173,1000.000151,1000.000132,1000.000114,1000.000097,1000.000082,1000.000069,1000.000058,1000.000048,1000.000039,1000.000032,1000.000027,1000.000023,1000.000021,1000.000020,1000.000021,1000.000023,1000.000027,1000.000032,1000.000039,1000.000048,1000.000058,1000.000069,1000.000082,1000.000097,1000.000114,1000.000132,1000.000151,1000.000173,1000.000196,1000.000220,1000.000247,1000.000274,1000.000304,1000.000335,1000.000367,1000.000402,1000.000437,1000.000475,1000.000516,1000.000558,1000.000597,1000.000629,1000.000646,1000.000632,1000.000586,1000.000518,1000.000440,1000.000361,1000.000280,1000.000189,0.000000,0.000000,0.000000,0.000000,0.000000,0.000000,0.000000,0.000000,0.000000,0.000000,0.000000,0.000000,0.000000,0.000000,0.000000
0.000000,0.000000,0.000000,0.000000,0.000000,0.000000,0.000000,0.000000,0.000000,0.000000,0.000000,0.000000,0.000000,0.000000,1000.000184,1000.000276,1000.000359,1000.000440,1000.000520,1000.000588,1000.000635,1000.000646,1000.000625,1000.000587,1000.000544,1000.000501,1000.000461,1000.000423,1000.000385,1000.000349,1000.000314,1000.000282,1000.000251,1000.000222,1000.000194,1000.000167,1000.000143,1000.000120,1000.000099,1000.000079,1000.000061,1000.000044,1000.000029,1000.000016,1000.000005,999.999994,999.999986,999.999979,999.999974,999.999970,999.999968,999.999967,999.999968,999.999970,999.999974,999.999979,999.999986,999.999994,1000.000005,1000.000016,1000.000029,1000.000044,1000.000061,1000.000079,1000.000099,1000.000120,1000.000143,1000.000167,1000.000194,1000.000222,1000.000251,1000.000282,1000.000314,1000.000349,1000.000385,1000.000423,1000.000461,1000.000501,1000.000544,1000.000587,1000.000625,1000.000646,1000.000635,1000.000588,1000.000520,1000.000440,1000.000359,1000.000276,1000.000184,0.000000,0.000000,0.000000,0.000000,0.000000,0.000000,0.000000,0.000000,0.000000,0.000000,0.000000,0.000000,0.000000,0.000000
0.000000,0.000000,0.000000,0.000000,0.000000,0.000000,0.000000,0.000000,0.000000,0.000000,0.000000,0.000000,0.000000,1000.000172,1000.000268,1000.000353,1000.000436,1000.000518,1000.000588,1000.000635,1000.000646,1000.000623,1000.000582,1000.000536,1000.000491,1000.000450,1000.000410,1000.000371,1000.000333,1000.000297,1000.000263,1000.000231,1000.000199,1000.000170,1000.000142,1000.000116,1000.000092,1000.000069,1000.000047,1000.000027,1000.000009,999.999993,999.999978,999.999965,999.999953,999.999943,999.999934,999.999927,999.999922,999.999918,999.999916,999.999915,999.999916,999.999918,999.999922,999.999927,999.999934,999.999943,999.999953,999.999965,999.999978,999.999993,1000.000009,1000.000027,1000.000047,1000.000069,1000.000092,1000.000116,1000.000142,1000.000170,1000.000199,1000.000231,1000.000263,1000.000297,1000.000333,1000.000371,1000.000410,1000.000450,1000.000491,1000.000536,1000.000582,1000.000623,1000.000646,1000.000635,1000.000588,1000.000518,1000.000436,1000.000353,1000.000268,1000.000172,0.000000,0.000000,0.000000,0.000000,0.000000,0.000000,0.000000,0.000000,0.000000,0.000000,0.000000,0.000000,0.000000
0.000000,0.000000,0.000000,0.000000,0.000000,0.000000,0.000000,0.000000,0.000000,0.000000,0.000000,0.000000,1000.000155,1000.000254,1000.000342,1000.000428,1000.000513,1000.000586,1000.000635,1000.000646,1000.000623,1000.000581,1000.000532,1000.000485,1000.000442,1000.000400,1000.000360,1000.000320,1000.000283,1000.000248,1000.000213,1000.000181,1000.000150,1000.000120,1000.000093,1000.000066,1000.000042,1000.000019,999.999997,999.999978,999.999960,999.999943,999.999928,999.999915,999.999903,999.999893,999.999884,999.999877,999.999872,999.999868,999.999866,999.999865,999.999866,999.999868,999.999872,999.999877,999.999884,999.999893,999.999903,999.999915,999.999928,999.999943,999.999960,999.999978,999.999997,1000.000019,1000.000042,1000.000066,1000.000093,1000.000120,1000.000150,1000.000181,1000.000213,1000.000248,1000.000283,1000.000320,1000.000360,1000.000400,1000.000442,1000.000485,1000.000532,1000.000581,1000.000623,1000.000646,1000.000635,1000.000586,1000.000513,1000.000428,1000.000342,1000.000254,1000.000155,0.000000,0.000000,0.000000,0.000000,0.000000,0.000000,0.000000,0.000000,0.000000,0.000000,0.000000,0.000000
0.000000,0.000000,0.000000,0.000000,0.000000,0.000000,0.000000,0.000000,0.000000,0.000000,0.000000,1000.000133,1000.000235,1000.000325,1000.000414,1000.000503,1000.000580,1000.000632,1000.000646,1000.000623,1000.000581,1000.000531,1000.000482,1000.000437,1000.000394,1000.000352,1000.000311,1000.000272,1000.000235,1000.000199,1000.000165,1000.000132,1000.000101,1000.000072,1000.000044,1000.000018,999.999993,999.999971,999.999949,999.999929,999.999911,999.999895,999.999880,999.999866,999.999855,999.999845,999.999836,999.999829,999.999823,999.999820,999.999817,999.999816,999.999817,999.999820,999.999823,999.999829,999.999836,999.999845,999.999855,999.999866,999.999880,999.999895,999.999911,999.999929,999.999949,999.999971,999.999993,1000.000018,1000.000044,1000.000072,1000.000101,1000.000132,1000.000165,1000.000199,1000.000235,1000.000272,1000.000311,1000.000352,1000.000394,1000.000437,1000.000482,1000.000531,1000.000581,1000.000623,1000.000646,1000.000632,1000.000580,1000.000503,1000.000414,1000.000325,1000.000235,1000.000133,0.000000,0.000000,0.000000,0.000000,0.000000,0.000000,0.000000,0.000000,0.000000,0.000000,0.000000
0.000000,0.000000,0.000000,0.000000,0.000000,0.000000,0.000000,0.000000,0.000000,0.000000,0.000000,1000.000208,1000.000303,1000.000393,1000.000484,1000.000568,1000.000627,1000.000646,1000.000625,1000.000582,1000.000532,1000.000482,1000.000436,1000.000391,1000.000347,1000.000305,1000.000264,1000.000226,1000.000188,1000.000152,1000.000118,1000.000086,1000.000055,1000.000025,999.999998,999.999971,999.999947,999.999924,999.999903,999.999883,999.999865,999.999848,999.999833,999.999820,999.999808,999.999798,999.999789,999.999782,999.999777,999.999773,999.999770,999.999770,999.999770,999.999773,999.999777,999.999782,999.999789,999.999798,999.999808,999.999820,999.999833,999.999848,999.999865,999.999883,999.999903,999.999924,999.999947,999.999971,999.999998,1000.000025,1000.000055,1000.000086,1000.000118,1000.000152,1000.000188,1000.000226,1000.000264,1000.000305,1000.000347,1000.000391,1000.000436,1000.000482,1000.000532,1000.000582,1000.000625,1000.000646,1000.000627,1000.000568,1000.000484,1000.000393,1000.000303,1000.000208,0.000000,0.000000,0.000000,0.000000,0.000000,0.000000,0.000000,0.000000,0.000000,0.000000,0.000000
0.000000,0.000000,0.000000,0.000000,0.000000,0.000000,0.000000,0.000000,0.000000,0.000000,1000.000180,1000.000281,1000.000371,1000.000461,1000.000548,1000.000616,1000.000645,1000.000629,1000.000587,1000.000536,1000.000485,1000.000437,1000.000391,1000.000345,1000.000301,1000.000260,1000.000219,1000.000180,1000.000143,1000.000107,1000.000073,1000.000041,1000.000010,999.999980,999.999952,999.999926,999.999902,999.999879,999.999857,999.999838,999.999819,999.999803,999.999788,999.999775,999.999763,999.999753,999.999744,999.999737,999.999731,999.999727,999.999725,999.999724,999.999725,999.999727,999.999731,999.999737,999.999744,999.999753,999.999763,999.999775,999.999788,999.999803,999.999819,999.999838,999.999857,999.999879,999.999902,999.999926,999.999952,999.999980,1000.000010,1000.000041,1000.000073,1000.000107,1000.000143,1000.000180,1000.000219,1000.000260,1000.000301,1000.000345,1000.000391,1000.000437,1000.000485,1000.000536,1000.000587,1000.000629,1000.000645,1000.000616,1000.000548,1000.000461,1000.000371,1000.000281,1000.000180,0.000000,0.000000,0.000000,0.000000,0.000000,0.000000,0.000000,0.000000,0.000000,0.000000
0.000000,0.000000,0.000000,0.000000,0.000000,0.000000,0.000000,0.000000,0.000000,1000.000149,1000.000253,1000.000347,1000.000438,1000.000527,1000.000601,1000.000643,1000.000638,1000.000597,1000.000544,1000.000491,1000.000442,1000.000394,1000.000347,1000.000301,1000.000258,1000.000216,1000.000176,1000.000137,1000.000099,1000.000064,1000.000029,999.999997,999.999966,999.999937,999.999909,999.999883,999.999858,999.999835,999.999814,999.999794,999.999776,999.999759,999.999744,999.999731,999.999719,999.999709,999.999700,999.999693,999.999688,999.999684,999.999681,999.999681,999.999681,999.999684,999.999688,999.999693,999.999700,999.999709,999.999719,999.999731,999.999744,999.999759,999.999776,999.999794,999.999814,999.999835,999.999858,999.999883,999.999909,999.999937,999.999966,999.999997,1000.000029,1000.000064,1000.000099,1000.000137,1000.000176,1000.000216,1000.000258,1000.000301,1000.000347,1000.000394,1000.000442,1000.000491,1000.000544,1000.000597,1000.000638,1000.000643,1000.000601,1000.000527,1000.000438,1000.000347,1000.000253,1000.000149,0.000000,0.000000,0.000000,0.000000,0.000000,0.000000,0.000000,0.000000,0.000000
0.000000,0.000000,0.000000,0.000000,0.000000,0.000000,0.000000,0.000000,0.000000,1000.000216,1000.000316,1000.000411,1000.000505,1000.000585,1000.000637,1000.000645,1000.000612,1000.000558,1000.000501,1000.000450,1000.000400,1000.000352,1000.000305,1000.000260,1000.000216,1000.000174,1000.000133,1000.000095,1000.000057,1000.000022,999.999988,999.999955,999.999924,999.999895,999.999867,999.999841,999.999816,999.999793,999.999772,999.999752,999.999734,999.999717,999.999702,999.999689,999.999677,999.999667,999.999658,999.999651,999.999646,999.999642,999.999639,999.999639,999.999639,999.999642,999.999646,999.999651,999.999658,999.999667,999.999677,999.999689,999.999702,999.999717,999.999734,999.999752,999.999772,999.999793,999.999816,999.999841,999.999867,999.999895,999.999924,999.999955,999.999988,1000.000022,1000.000057,1000.000095,1000.000133,1000.000174,1000.000216,1000.000260,1000.000305,1000.000352,1000.000400,1000.000450,1000.000501,1000.000558,1000.000612,1000.000645,1000.000637,1000.000585,1000.000505,1000.000411,1000.000316,1000.000216,0.000000,0.000000,0.000000,0.000000,0.000000,0.000000,0.000000,0.000000,0.000000
0.000000,0.000000,0.000000,0.000000,0.000000,0.000000,0.000000,0.000000,1000.000174,1000.000281,1000.000377,1000.000475,1000.000564,1000.000627,1000.000646,1000.000622,1000.000573,1000.000516,1000.000461,1000.000410,1000.000360,1000.000311,1000.000264,1000.000219,1000.000176,1000.000133,1000.000093,1000.000054,1000.000017,999.999981,999.999947,999.999915,999.999884,999.999854,999.999827,999.999800,999.999776,999.999753,999.999732,999.999712,999.999694,999.999677,999.999662,999.999649,999.999637,999.999626,999.999618,999.999611,999.999605,999.999601,999.999599,999.999598,999.999599,999.999601,999.999605,999.999611,999.999618,999.999626,999.999637,999.999649,999.999662,999.999677,999.999694,999.999712,999.999732,999.999753,999.999776,999.999800,999.999827,999.999854,999.999884,999.999915,999.999947,999.999981,1000.000017,1000.000054,1000.000093,1000.000133,1000.000176,1000.000219,1000.000264,1000.000311,1000.000360,1000.000410,1000.000461,1000.000516,1000.000573,1000.000622,1000.000646,1000.000627,1000.000564,1000.000475,1000.000377,1000.000281,1000.000174,0.000000,0.000000,0.000000,0.000000,0.000000,0.000000,0.000000,0.000000
0.000000,0.000000,0.000000,0.000000,0.000000,0.000000,0.000000,0.000000,1000.000235,1000.000336,1000.000435,1000.000532,1000.000610,1000.000645,1000.000630,1000.000586,1000.000531,1000.000475,1000.000423,1000.000371,1000.000320,1000.000272,1000.000226,1000.000180,1000.000137,1000.000095,1000.000054,1000.000015,999.999978,999.999942,999.999908,999.999876,999.999845,999.999816,999.999788,999.999762,999.999737,999.999714,999.999693,999.999673,999.999655,999.999638,999.999623,999.999610,999.999598,999.999588,999.999579,999.999572,999.999566,999.999562,999.999560,999.999559,999.999560,999.999562,999.999566,999.999572,999.999579,999.999588,999.999598,999.999610,999.999623,999.999638,999.999655,999.999673,999.999693,999.999714,999.999737,999.999762,999.999788,999.999816,999.999845,999.999876,999.999908,999.999942,999.999978,1000.000015,1000.000054,1000.000095,1000.000137,1000.000180,1000.000226,1000.000272,1000.000320,1000.000371,1000.000423,1000.000475,1000.000531,1000.000586,1000.000630,1000.000645,1000.000610,1000.000532,1000.000435,1000.000336,1000.000235,0.000000,0.000000,0.000000,0.000000,0.000000,0.000000,0.000000,0.000000
0.000000,0.000000,0.000000,0.000000,0.000000,0.000000,0.000000,1000.000183,1000.000293,1000.000391,1000.000491,1000.000581,1000.000638,1000.000641,1000.000602,1000.000547,1000.000491,1000.000437,1000.000385,1000.000333,1000.000283,1000.000235,1000.000188,1000.000143,1000.000099,1000.000057,1000.000017,999.999978,999.999941,999.999905,999.999871,999.999839,999.999808,999.999778,999.999751,999.999724,999.999700,999.999677,999.999656,999.999636,999.999618,999.999601,999.999586,999.999572,999.999561,999.999550,999.999542,999.999535,999.999529,999.999525,999.999523,999.999522,999.999523,999.999525,999.999529,999.999535,999.999542,999.999550,999.999561,999.999572,999.999586,999.999601,999.999618,999.999636,999.999656,999.999677,999.999700,999.999724,999.999751,999.999778,999.999808,999.999839,999.999871,999.999905,999.999941,999.999978,1000.000017,1000.000057,1000.000099,1000.000143,1000.000188,1000.000235,1000.000283,1000.000333,1000.000385,1000.000437,1000.000491,1000.000547,1000.000602,1000.000641,1000.000638,1000.000581,1000.000491,1000.000391,1000.000293,1000.000183,0.000000,0.000000,0.000000,0.000000,0.000000,0.000000,0.000000
0.000000,0.000000,0.000000,0.000000,0.000000,0.000000,0.000000,1000.000240,1000.000344,1000.000444,1000.000542,1000.000618,1000.000647,1000.000623,1000.000569,1000.000510,1000.000455,1000.000402,1000.000349,1000.000297,1000.000248,1000.000199,1000.000152,1000.000107,1000.000064,1000.000022,999.999981,999.999942,999.999905,999.999869,999.999835,999.999803,999.999772,999.999743,999.999715,999.999689,999.999664,999.999641,999.999620,999.999600,999.999582,999.999565,999.999550,999.999537,999.999525,999.999515,999.999506,999.999499,999.999493,999.999489,999.999487,999.999486,999.999487,999.999489,999.999493,999.999499,999.999506,999.999515,999.999525,999.999537,999.999550,999.999565,999.999582,999.999600,999.999620,999.999641,999.999664,999.999689,999.999715,999.999743,999.999772,999.999803,999.999835,999.999869,999.999905,999.999942,999.999981,1000.000022,1000.000064,1000.000107,1000.000152,1000.000199,1000.000248,1000.000297,1000.000349,1000.000402,1000.000455,1000.000510,1000.000569,1000.000623,1000.000647,1000.000618,1000.000542,1000.000444,1000.000344,1000.000240,0.000000,0.000000,0.000000,0.000000,0.000000,0.000000,0.000000
0.000000,0.000000,0.000000,0.000000,0.000000,0.000000,1000.000184,1000.000295,1000.000395,1000.000496,1000.000586,1000.000641,1000.000641,1000.000596,1000.000536,1000.000477,1000.000422,1000.000367,1000.000314,1000.000263,1000.000213,1000.000165,1000.000118,1000.000073,1000.000029,999.999988,999.999947,999.999908,999.999871,999.999835,999.999801,999.999769,999.999738,999.999709,999.999681,999.999655,999.999630,999.999607,999.999586,999.999566,999.999548,999.999531,999.999516,999.999503,999.999491,999.999481,999.999472,999.999465,999.999459,999.999455,999.999453,999.999452,999.999453,999.999455,999.999459,999.999465,999.999472,999.999481,999.999491,999.999503,999.999516,999.999531,999.999548,999.999566,999.999586,999.999607,999.999630,999.999655,999.999681,999.999709,999.999738,999.999769,999.999801,999.999835,999.999871,999.999908,999.999947,999.999988,1000.000029,1000.000073,1000.000118,1000.000165,1000.000213,1000.000263,1000.000314,1000.000367,1000.000422,1000.000477,1000.000536,1000.000596,1000.000641,1000.000641,1000.000586,1000.000496,1000.000395,1000.000295,1000.000184,0.000000,0.000000,0.000000,0.000000,0.000000,0.000000
0.000000,0.000000,0.000000,0.000000,0.000000,0.000000,1000.000236,1000.000343,1000.000444,1000.000543,1000.000620,1000.000648,1000.000621,1000.000565,1000.000503,1000.000445,1000.000389,1000.000335,1000.000282,1000.000231,1000.000181,1000.000132,1000.000086,1000.000041,999.999997,999.999955,999.999915,999.999876,999.999839,999.999803,999.999769,999.999736,999.999705,999.999676,999.999648,999.999622,999.999598,999.999575,999.999553,999.999534,999.999515,999.999499,999.999484,999.999470,999.999458,999.999448,999.999439,999.999432,999.999427,999.999423,999.999420,999.999420,999.999420,999.999423,999.999427,999.999432,999.999439,999.999448,999.999458,999.999470,999.999484,999.999499,999.999515,999.999534,999.999553,999.999575,999.999598,999.999622,999.999648,999.999676,999.999705,999.999736,999.999769,999.999803,999.999839,999.999876,999.999915,999.999955,999.999997,1000.000041,1000.000086,1000.000132,1000.000181,1000.000231,1000.000282,1000.000335,1000.000389,1000.000445,1000.000503,1000.000565,1000.000621,1000.000648,1000.000620,1000.000543,1000.000444,1000.000343,1000.000236,0.000000,0.000000,0.000000,0.000000,0.000000,0.000000
0.000000,0.000000,0.000000,0.000000,0.000000,1000.000175,1000.000288,1000.000390,1000.000493,1000.000585,1000.000641,1000.000641,1000.000595,1000.000533,1000.000472,1000.000415,1000.000358,1000.000304,1000.000251,1000.000199,1000.000150,1000.000101,1000.000055,1000.000010,999.999966,999.999924,999.999884,999.999845,999.999808,999.999772,999.999738,999.999705,999.999675,999.999645,999.999617,999.999591,999.999567,999.999544,999.999522,999.999503,999.999484,999.999468,999.999453,999.999439,999.999427,999.999417,999.999408,999.999401,999.999396,999.999392,999.999389,999.999389,999.999389,999.999392,999.999396,999.999401,999.999408,999.999417,999.999427,999.999439,999.999453,999.999468,999.999484,999.999503,999.999522,999.999544,999.999567,999.999591,999.999617,999.999645,999.999675,999.999705,999.999738,999.999772,999.999808,999.999845,999.999884,999.999924,999.999966,1000.000010,1000.000055,1000.000101,1000.000150,1000.000199,1000.000251,1000.000304,1000.000358,1000.000415,1000.000472,1000.000533,1000.000595,1000.000641,1000.000641,1000.000585,1000.000493,1000.000390,1000.000288,1000.000175,0.000000,0.000000,0.000000,0.000000,0.000000
0.000000,0.000000,0.000000,0.000000,0.000000,1000.000223,1000.000331,1000.000436,1000.000538,1000.000617,1000.000647,1000.000622,1000.000565,1000.000502,1000.000443,1000.000386,1000.000329,1000.000274,1000.000222,1000.000170,1000.000120,1000.000072,1000.000025,999.999980,999.999937,999.999895,999.999854,999.999816,999.999778,999.999743,999.999709,999.999676,999.999645,999.999616,999.999588,999.999562,999.999537,999.999515,999.999493,999.999473,999.999455,999.999438,999.999423,999.999410,999.999398,999.999388,999.999379,999.999372,999.999366,999.999362,999.999360,999.999359,999.999360,999.999362,999.999366,999.999372,999.999379,999.999388,999.999398,999.999410,999.999423,999.999438,999.999455,999.999473,999.999493,999.999515,999.999537,999.999562,999.999588,999.999616,999.999645,999.999676,999.999709,999.999743,999.999778,999.999816,999.999854,999.999895,999.999937,999.999980,1000.000025,1000.000072,1000.000120,1000.000170,1000.000222,1000.000274,1000.000329,1000.000386,1000.000443,1000.000502,1000.000565,1000.000622,1000.000647,1000.000617,1000.000538,1000.000436,1000.000331,1000.000223,0.000000,0.000000,0.000000,0.000000,0.000000
0.000000,0.000000,0.000000,0.000000,1000.000154,1000.000268,1000.000373,1000.000479,1000.000576,1000.000638,1000.000641,1000.000597,1000.000535,1000.000474,1000.000415,1000.000357,1000.000301,1000.000247,1000.000194,1000.000142,1000.000093,1000.000044,999.999998,999.999952,999.999909,999.999867,999.999827,999.999788,999.999751,999.999715,999.999681,999.999648,999.999617,999.999588,999.999560,999.999534,999.999510,999.999487,999.999465,999.999446,999.999427,999.999411,999.999396,999.999382,999.999370,999.999360,999.999351,999.999344,999.999339,999.999335,999.999332,999.999332,999.999332,999.999335,999.999339,999.999344,999.999351,999.999360,999.999370,999.999382,999.999396,999.999411,999.999427,999.999446,999.999465,999.999487,999.999510,999.999534,999.999560,999.999588,999.999617,999.999648,999.999681,999.999715,999.999751,999.999788,999.999827,999.999867,999.999909,999.999952,999.999998,1000.000044,1000.000093,1000.000142,1000.000194,1000.000247,1000.000301,1000.000357,1000.000415,1000.000474,1000.000535,1000.000597,1000.000641,1000.000638,1000.000576,1000.000479,1000.000373,1000.000268,1000.000154,0.000000,0.000000,0.000000,0.000000
0.000000,0.000000,0.000000,0.000000,1000.000196,1000.000306,1000.000411,1000.000518,1000.000607,1000.000646,1000.000625,1000.000570,1000.000507,1000.000448,1000.000389,1000.000331,1000.000275,1000.000220,1000.000167,1000.000116,1000.000066,1000.000018,999.999971,999.999926,999.999883,999.999841,999.999800,999.999762,999.999724,999.999689,999.999655,999.999622,999.999591,999.999562,999.999534,999.999508,999.999484,999.999461,999.999439,999.999419,999.999401,999.999385,999.999370,999.999356,999.999344,999.999334,999.999325,999.999318,999.999313,999.999309,999.999306,999.999305,999.999306,999.999309,999.999313,999.999318,999.999325,999.999334,999.999344,999.999356,999.999370,999.999385,999.999401,999.999419,999.999439,999.999461,999.999484,999.999508,999.999534,999.999562,999.999591,999.999622,999.999655,999.999689,999.999724,999.999762,999.999800,999.999841,999.999883,999.999926,999.999971,1000.000018,1000.000066,1000.000116,1000.000167,1000.000220,1000.000275,1000.000331,1000.000389,1000.000448,1000.000507,1000.000570,1000.000625,1000.000646,1000.000607,1000.000518,1000.000411,1000.000306,1000.000196,0.000000,0.000000,0.000000,0.000000
