0.000000,0.000000,0.000000,0.000000,0.000000,0.000000,0.000000,0.000000,0.000000,0.000000,0.000000,0.000000,0.000000,0.000000,0.000000,0.000000,0.000000,0.000000,0.000000,0.000000,0.000000,0.000000,0.000000,0.000000,0.000000,0.000000,0.000000,0.000000,0.000000,0.000000,0.000000,0.000000,0.000000,0.000000,0.000000,0.000000,0.000000,0.000000,0.000000,0.000000,0.000000,0.000000,0.000000,0.000000,0.000000,0.000000,0.000000,0.000000,0.000000,0.000000,0.000000,0.000000,0.000000,0.000000,0.000000,0.000000,0.000000,0.000000,0.000000,0.000000,0.000000,0.000000,0.000000,0.000000,0.000000,0.000000,0.000000,0.000000,0.000000,0.000000,0.000000,0.000000,0.000000,0.000000,0.000000,0.000000,0.000000,0.000000,0.000000,0.000000,0.000000,0.000000,0.000000,0.000000,0.000000,0.000000,0.000000,0.000000,0.000000,0.000000,0.000000,0.000000,0.000000,0.000000,0.000000,0.000000,0.000000,0.000000,0.000000,0.000000,0.000000,0.000000,0.000000
0.000000,0.000000,0.000000,0.000000,0.000000,0.000000,0.000000,0.000000,0.000000,0.000000,0.000000,0.000000,0.000000,0.000000,0.000000,0.000000,0.000000,0.000000,0.000000,0.000000,0.000000,0.000000,0.000000,0.000000,0.000000,0.000000,0.000000,0.000000,0.000000,0.000000,0.000000,0.000000,0.000000,0.000000,0.000000,0.000000,0.000000,0.000000,0.000000,0.000000,0.000000,0.000000,0.000000,0.000000,0.000000,0.000000,0.000000,0.000000,0.000000,0.000000,0.000000,1000.000088,0.000000,0.000000,0.000000,0.000000,0.000000,0.000000,0.000000,0.000000,0.000000,0.000000,0.000000,0.000000,0.000000,0.000000,0.000000,0.000000,0.000000,0.000000,0.000000,0.000000,0.000000,0.000000,0.000000,0.000000,0.000000,0.000000,0.000000,0.000000,0.000000,0.000000,0.000000,0.000000,0.000000,0.000000,0.000000,0.000000,0.000000,0.000000,0.000000,0.000000,0.000000,0.000000,0.000000,0.000000,0.000000,0.000000,0.000000,0.000000,0.000000,0.000000,0.000000
0.000000,0.000000,0.000000,0.000000,0.000000,0.000000,0.000000,0.000000,0.000000,0.000000,0.000000,0.000000,0.000000,0.000000,0.000000,0.000000,0.000000,0.000000,0.000000,0.000000,0.000000,0.000000,0.000000,0.000000,0.000000,0.000000,0.000000,0.000000,0.000000,0.000000,0.000000,0.000000,0.000000,0.000000,0.000000,0.000000,0.000000,0.000000,0.000000,0.000000,0.000000,0.000000,1000.000160,1000.000186,1000.000199,1000.000206,1000.000210,1000.000211,1000.000211,1000.000210,1000.000209,1000.000215,1000.000209,1000.000210,1000.000211,1000.000211,1000.000210,1000.000206,1000.000199,1000.000186,1000.000160,0.000000,0.000000,0.000000,0.000000,0.000000,0.000000,0.000000,0.000000,0.000000,0.000000,0.000000,0.000000,0.000000,0.000000,0.000000,0.000000,0.000000,0.000000,0.000000,0.000000,0.000000,0.000000,0.000000,0.000000,0.000000,0.000000,0.000000,0.000000,0.000000,0.000000,0.000000,0.000000,0.000000,0.000000,0.000000,0.000000,0.000000,0.000000,0.000000,0.000000,0.000000,0.000000
0.000000,0.000000,0.000000,0.000000,0.000000,0.000000,0.000000,0.000000,0.000000,0.000000,0.000000,0.000000,0.000000,0.000000,0.000000,0.000000,0.000000,0.000000,0.000000,0.000000,0.000000,0.000000,0.000000,0.000000,0.000000,0.000000,0.000000,0.000000,0.000000,0.000000,0.000000,0.000000,0.000000,0.000000,0.000000,0.000000,0.000000,1000.000154,1000.000192,1000.000223,1000.000248,1000.000268,1000.000286,1000.000303,1000.000316,1000.000325,1000.000330,1000.000332,1000.000333,1000.000334,1000.000333,1000.000334,1000.000333,1000.000334,1000.000333,1000.000332,1000.000330,1000.000325,1000.000316,1000.000303,1000.000286,1000.000268,1000.000248,1000.000223,1000.000192,1000.000154,0.000000,0.000000,0.000000,0.000000,0.000000,0.000000,0.000000,0.000000,0.000000,0.000000,0.000000,0.000000,0.000000,0.000000,0.000000,0.000000,0.000000,0.000000,0.000000,0.000000,0.000000,0.000000,0.000000,0.000000,0.000000,0.000000,0.000000,0.000000,0.000000,0.000000,0.000000,0.000000,0.000000,0.000000,0.000000,0.000000,0.000000
0.000000,0.000000,0.000000,0.000000,0.000000,0.000000,0.000000,0.000000,0.000000,0.000000,0.000000,0.000000,0.000000,0.000000,0.000000,0.000000,0.000000,0.000000,0.000000,0.000000,0.000000,0.000000,0.000000,0.000000,0.000000,0.000000,0.000000,0.000000,0.000000,0.000000,0.000000,0.000000,0.000000,0.000000,1000.000161,1000.000204,1000.000241,1000.000277,1000.000308,1000.000337,1000.000363,1000.000385,1000.000406,1000.000423,1000.000435,1000.000443,1000.000447,1000.000450,1000.000451,1000.000452,1000.000452,1000.000452,1000.000452,1000.000452,1000.000451,1000.000450,1000.000447,1000.000443,1000.000435,1000.000423,1000.000406,1000.000385,1000.000363,1000.000337,1000.000308,1000.000277,1000.000241,1000.000204,1000.000161,0.000000,0.000000,0.000000,0.000000,0.000000,0.000000,0.000000,0.000000,0.000000,0.000000,0.000000,0.000000,0.000000,0.000000,0.000000,0.000000,0.000000,0.000000,0.000000,0.000000,0.000000,0.000000,0.000000,0.000000,0.000000,0.000000,0.000000,0.000000,0.000000,0.000000,0.000000,0.000000,0.000000,0.000000
0.000000,0.000000,0.000000,0.000000,0.000000,0.000000,0.000000,0.000000,0.000000,0.000000,0.000000,0.000000,0.000000,0.000000,0.000000,0.000000,0.000000,0.000000,0.000000,0.000000,0.000000,0.000000,0.000000,0.000000,0.000000,0.000000,0.000000,0.000000,0.000000,0.000000,0.000000,0.000000,1000.000183,1000.000233,1000.000280,1000.000319,1000.000355,1000.000391,1000.000422,1000.000451,1000.000477,1000.000501,1000.000524,1000.000540,1000.000551,1000.000557,1000.000561,1000.000563,1000.000564,1000.000564,1000.000565,1000.000564,1000.000565,1000.000564,1000.000564,1000.000563,1000.000561,1000.000557,1000.000551,1000.000540,1000.000524,1000.000501,1000.000477,1000.000451,1000.000422,1000.000391,1000.000355,1000.000319,1000.000280,1000.000233,1000.000183,0.000000,0.000000,0.000000,0.000000,0.000000,0.000000,0.000000,0.000000,0.000000,0.000000,0.000000,0.000000,0.000000,0.000000,0.000000,0.000000,0.000000,0.000000,0.000000,0.000000,0.000000,0.000000,0.000000,0.000000,0.000000,0.000000,0.000000,0.000000,0.000000,0.000000,0.000000,0.000000
0.000000,0.000000,0.000000,0.000000,0.000000,0.000000,0.000000,0.000000,0.000000,0.000000,0.000000,0.000000,0.000000,0.000000,0.000000,0.000000,0.000000,0.000000,0.000000,0.000000,0.000000,0.000000,0.000000,0.000000,0.000000,0.000000,0.000000,0.000000,0.000000,0.000000,1000.000192,1000.000247,1000.000301,1000.000346,1000.000390,1000.000430,1000.000469,1000.000504,1000.000535,1000.000562,1000.000584,1000.000605,1000.000623,1000.000634,1000.000641,1000.000644,1000.000646,1000.000647,1000.000647,1000.000647,1000.000647,1000.000647,1000.000647,1000.000647,1000.000647,1000.000647,1000.000646,1000.000644,1000.000641,1000.000634,1000.000623,1000.000605,1000.000584,1000.000562,1000.000535,1000.000504,1000.000469,1000.000430,1000.000390,1000.000346,1000.000301,1000.000247,1000.000192,0.000000,0.000000,0.000000,0.000000,0.000000,0.000000,0.000000,0.000000,0.000000,0.000000,0.000000,0.000000,0.000000,0.000000,0.000000,0.000000,0.000000,0.000000,0.000000,0.000000,0.000000,0.000000,0.000000,0.000000,0.000000,0.000000,0.000000,0.000000,0.000000,0.000000
0.000000,0.000000,0.000000,0.000000,0.000000,0.000000,0.000000,0.000000,0.000000,0.000000,0.000000,0.000000,0.000000,0.000000,0.000000,0.000000,0.000000,0.000000,0.000000,0.000000,0.000000,0.000000,0.000000,0.000000,0.000000,0.000000,0.000000,0.000000,1000.000191,1000.000251,1000.000308,1000.000358,1000.000408,1000.000455,1000.000501,1000.000541,1000.000576,1000.000606,1000.000631,1000.000647,1000.000658,1000.000666,1000.000668,1000.000667,1000.000665,1000.000664,1000.000663,1000.000662,1000.000662,1000.000661,1000.000661,1000.000661,1000.000661,1000.000661,1000.000662,1000.000662,1000.000663,1000.000664,1000.000665,1000.000667,1000.000668,1000.000666,1000.000658,1000.000647,1000.000631,1000.000606,1000.000576,1000.000541,1000.000501,1000.000455,1000.000408,1000.000358,1000.000308,1000.000251,1000.000191,0.000000,0.000000,0.000000,0.000000,0.000000,0.000000,0.000000,0.000000,0.000000,0.000000,0.000000,0.000000,0.000000,0.000000,0.000000,0.000000,0.000000,0.000000,0.000000,0.000000,0.000000,0.000000,0.000000,0.000000,0.000000,0.000000,0.000000,0.000000
0.000000,0.000000,0.000000,0.000000,0.000000,0.000000,0.000000,0.000000,0.000000,0.000000,0.000000,0.000000,0.000000,0.000000,0.000000,0.000000,0.000000,0.000000,0.000000,0.000000,0.000000,0.000000,0.000000,0.000000,0.000000,0.000000,1000.000181,1000.000245,1000.000306,1000.000359,1000.000413,1000.000464,1000.000515,1000.000561,1000.000602,1000.000633,1000.000655,1000.000668,1000.000673,1000.000672,1000.000668,1000.000659,1000.000646,1000.000633,1000.000624,1000.000619,1000.000616,1000.000613,1000.000612,1000.000610,1000.000610,1000.000609,1000.000610,1000.000610,1000.000612,1000.000613,1000.000616,1000.000619,1000.000624,1000.000633,1000.000646,1000.000659,1000.000668,1000.000672,1000.000673,1000.000668,1000.000655,1000.000633,1000.000602,1000.000561,1000.000515,1000.000464,1000.000413,1000.000359,1000.000306,1000.000245,1000.000181,0.000000,0.000000,0.000000,0.000000,0.000000,0.000000,0.000000,0.000000,0.000000,0.000000,0.000000,0.000000,0.000000,0.000000,0.000000,0.000000,0.000000,0.000000,0.000000,0.000000,0.000000,0.000000,0.000000,0.000000,0.000000,0.000000
0.000000,0.000000,0.000000,0.000000,0.000000,0.000000,0.000000,0.000000,0.000000,0.000000,0.000000,0.000000,0.000000,0.000000,0.000000,0.000000,0.000000,0.000000,0.000000,0.000000,0.000000,0.000000,0.000000,0.000000,1000.000156,1000.000226,1000.000293,1000.000351,1000.000409,1000.000464,1000.000518,1000.000567,1000.000610,1000.000644,1000.000666,1000.000674,1000.000673,1000.000664,1000.000650,1000.000634,1000.000619,1000.000603,1000.000586,1000.000570,1000.000558,1000.000551,1000.000546,1000.000542,1000.000539,1000.000537,1000.000536,1000.000536,1000.000536,1000.000537,1000.000539,1000.000542,1000.000546,1000.000551,1000.000558,1000.000570,1000.000586,1000.000603,1000.000619,1000.000634,1000.000650,1000.000664,1000.000673,1000.000674,1000.000666,1000.000644,1000.000610,1000.000567,1000.000518,1000.000464,1000.000409,1000.000351,1000.000293,1000.000226,1000.000156,0.000000,0.000000,0.000000,0.000000,0.000000,0.000000,0.000000,0.000000,0.000000,0.000000,0.000000,0.000000,0.000000,0.000000,0.000000,0.000000,0.000000,0.000000,0.000000,0.000000,0.000000,0.000000,0.000000,0.000000
0.000000,0.000000,0.000000,0.000000,0.000000,0.000000,0.000000,0.000000,0.000000,0.000000,0.000000,0.000000,0.000000,0.000000,0.000000,0.000000,0.000000,0.000000,0.000000,0.000000,0.000000,0.000000,0.000000,1000.000188,1000.000265,1000.000330,1000.000394,1000.000454,1000.000513,1000.000566,1000.000612,1000.000647,1000.000669,1000.000676,1000.000669,1000.000653,1000.000633,1000.000612,1000.000590,1000.000569,1000.000550,1000.000534,1000.000518,1000.000503,1000.000492,1000.000483,1000.000477,1000.000472,1000.000468,1000.000466,1000.000464,1000.000464,1000.000464,1000.000466,1000.000468,1000.000472,1000.000477,1000.000483,1000.000492,1000.000503,1000.000518,1000.000534,1000.000550,1000.000569,1000.000590,1000.000612,1000.000633,1000.000653,1000.000669,1000.000676,1000.000669,1000.000647,1000.000612,1000.000566,1000.000513,1000.000454,1000.000394,1000.000330,1000.000265,1000.000188,0.000000,0.000000,0.000000,0.000000,0.000000,0.000000,0.000000,0.000000,0.000000,0.000000,0.000000,0.000000,0.000000,0.000000,0.000000,0.000000,0.000000,0.000000,0.000000,0.000000,0.000000,0.000000,0.000000
0.000000,0.000000,0.000000,0.000000,0.000000,0.000000,0.000000,0.000000,0.000000,0.000000,0.000000,0.000000,0.000000,0.000000,0.000000,0.000000,0.000000,0.000000,0.000000,0.000000,0.000000,1000.000139,1000.000218,1000.000294,1000.000362,1000.000429,1000.000496,1000.000556,1000.000607,1000.000645,1000.000669,1000.000676,1000.000669,1000.000649,1000.000623,1000.000596,1000.000569,1000.000545,1000.000523,1000.000502,1000.000484,1000.000467,1000.000451,1000.000438,1000.000426,1000.000417,1000.000409,1000.000404,1000.000400,1000.000397,1000.000395,1000.000395,1000.000395,1000.000397,1000.000400,1000.000404,1000.000409,1000.000417,1000.000426,1000.000438,1000.000451,1000.000467,1000.000484,1000.000502,1000.000523,1000.000545,1000.000569,1000.000596,1000.000623,1000.000649,1000.000669,1000.000676,1000.000669,1000.000645,1000.000607,1000.000556,1000.000496,1000.000429,1000.000362,1000.000294,1000.000218,1000.000139,0.000000,0.000000,0.000000,0.000000,0.000000,0.000000,0.000000,0.000000,0.000000,0.000000,0.000000,0.000000,0.000000,0.000000,0.000000,0.000000,0.000000,0.000000,0.000000,0.000000,0.000000
0.000000,0.000000,0.000000,0.000000,0.000000,0.000000,0.000000,0.000000,0.000000,0.000000,0.000000,0.000000,0.000000,0.000000,0.000000,0.000000,0.000000,0.000000,0.000000,0.000000,1000.000162,1000.000245,1000.000317,1000.000387,1000.000458,1000.000528,1000.000589,1000.000637,1000.000665,1000.000675,1000.000669,1000.000649,1000.000621,1000.000591,1000.000559,1000.000530,1000.000504,1000.000480,1000.000458,1000.000438,1000.000419,1000.000402,1000.000387,1000.000373,1000.000362,1000.000352,1000.000344,1000.000338,1000.000333,1000.000330,1000.000328,1000.000328,1000.000328,1000.000330,1000.000333,1000.000338,1000.000344,1000.000352,1000.000362,1000.000373,1000.000387,1000.000402,1000.000419,1000.000438,1000.000458,1000.000480,1000.000504,1000.000530,1000.000559,1000.000591,1000.000621,1000.000649,1000.000669,1000.000675,1000.000665,1000.000637,1000.000589,1000.000528,1000.000458,1000.000387,1000.000317,1000.000245,1000.000162,0.000000,0.000000,0.000000,0.000000,0.000000,0.000000,0.000000,0.000000,0.000000,0.000000,0.000000,0.000000,0.000000,0.000000,0.000000,0.000000,0.000000,0.000000,0.000000,0.000000
0.000000,0.000000,0.000000,0.000000,0.000000,0.000000,0.000000,0.000000,0.000000,0.000000,0.000000,0.000000,0.000000,0.000000,0.000000,0.000000,0.000000,0.000000,0.000000,1000.000180,1000.000265,1000.000339,1000.000410,1000.000482,1000.000550,1000.000611,1000.000655,1000.000673,1000.000669,1000.000650,1000.000622,1000.000590,1000.000557,1000.000525,1000.000495,1000.000468,1000.000442,1000.000417,1000.000395,1000.000374,1000.000356,1000.000339,1000.000323,1000.000310,1000.000298,1000.000288,1000.000280,1000.000274,1000.000269,1000.000265,1000.000263,1000.000262,1000.000263,1000.000265,1000.000269,1000.000274,1000.000280,1000.000288,1000.000298,1000.000310,1000.000323,1000.000339,1000.000356,1000.000374,1000.000395,1000.000417,1000.000442,1000.000468,1000.000495,1000.000525,1000.000557,1000.000590,1000.000622,1000.000650,1000.000669,1000.000673,1000.000655,1000.000611,1000.000550,1000.000482,1000.000410,1000.000339,1000.000265,1000.000180,0.000000,0.000000,0.000000,0.000000,0.000000,0.000000,0.000000,0.000000,0.000000,0.000000,0.000000,0.000000,0.000000,0.000000,0.000000,0.000000,0.000000,0.000000,0.000000
0.000000,0.000000,0.000000,0.000000,0.000000,0.000000,0.000000,0.000000,0.000000,0.000000,0.000000,0.000000,0.000000,0.000000,0.000000,0.000000,0.000000,0.000000,1000.000192,1000.000280,1000.000357,1000.000432,1000.000506,1000.000572,1000.000627,1000.000665,1000.000674,1000.000658,1000.000628,1000.000595,1000.000560,1000.000526,1000.000493,1000.000463,1000.000434,1000.000406,1000.000380,1000.000356,1000.000333,1000.000313,1000.000294,1000.000277,1000.000262,1000.000248,1000.000236,1000.000226,1000.000218,1000.000211,1000.000206,1000.000202,1000.000200,1000.000199,1000.000200,1000.000202,1000.000206,1000.000211,1000.000218,1000.000226,1000.000236,1000.000248,1000.000262,1000.000277,1000.000294,1000.000313,1000.000333,1000.000356,1000.000380,1000.000406,1000.000434,1000.000463,1000.000493,1000.000526,1000.000560,1000.000595,1000.000628,1000.000658,1000.000674,1000.000665,1000.000627,1000.000572,1000.000506,1000.000432,1000.000357,1000.000280,1000.000192,0.000000,0.000000,0.000000,0.000000,0.000000,0.000000,0.000000,0.000000,0.000000,0.000000,0.000000,0.000000,0.000000,0.000000,0.000000,0.000000,0.000000,0.000000
0.000000,0.000000,0.000000,0.000000,0.000000,0.000000,0.000000,0.000000,0.000000,0.000000,0.000000,0.000000,0.000000,0.000000,0.000000,0.000000,0.000000,1000.000198,1000.000289,1000.000369,1000.000447,1000.000525,1000.000593,1000.000643,1000.000671,1000.000673,1000.000649,1000.000612,1000.000571,1000.000533,1000.000498,1000.000465,1000.000433,1000.000403,1000.000373,1000.000346,1000.000320,1000.000296,1000.000274,1000.000253,1000.000234,1000.000217,1000.000202,1000.000188,1000.000176,1000.000166,1000.000157,1000.000150,1000.000145,1000.000141,1000.000139,1000.000138,1000.000139,1000.000141,1000.000145,1000.000150,1000.000157,1000.000166,1000.000176,1000.000188,1000.000202,1000.000217,1000.000234,1000.000253,1000.000274,1000.000296,1000.000320,1000.000346,1000.000373,1000.000403,1000.000433,1000.000465,1000.000498,1000.000533,1000.000571,1000.000612,1000.000649,1000.000673,1000.000671,1000.000643,1000.000593,1000.000525,1000.000447,1000.000369,1000.000289,1000.000198,0.000000,0.000000,0.000000,0.000000,0.000000,0.000000,0.000000,0.000000,0.000000,0.000000,0.000000,0.000000,0.000000,0.000000,0.000000,0.000000,0.000000
0.000000,0.000000,0.000000,0.000000,0.000000,0.000000,0.000000,0.000000,0.000000,0.000000,0.000000,0.000000,0.000000,0.000000,0.000000,0.000000,1000.000200,1000.000293,1000.000375,1000.000456,1000.000536,1000.000606,1000.000655,1000.000674,1000.000666,1000.000639,1000.000599,1000.000554,1000.000513,1000.000475,1000.000441,1000.000407,1000.000374,1000.000344,1000.000315,1000.000287,1000.000262,1000.000237,1000.000215,1000.000194,1000.000176,1000.000158,1000.000143,1000.000129,1000.000117,1000.000107,1000.000098,1000.000091,1000.000086,1000.000082,1000.000080,1000.000079,1000.000080,1000.000082,1000.000086,1000.000091,1000.000098,1000.000107,1000.000117,1000.000129,1000.000143,1000.000158,1000.000176,1000.000194,1000.000215,1000.000237,1000.000262,1000.000287,1000.000315,1000.000344,1000.000374,1000.000407,1000.000441,1000.000475,1000.000513,1000.000554,1000.000599,1000.000639,1000.000666,1000.000674,1000.000655,1000.000606,1000.000536,1000.000456,1000.000375,1000.000293,1000.000200,0.000000,0.000000,0.000000,0.000000,0.000000,0.000000,0.000000,0.000000,0.000000,0.000000,0.000000,0.000000,0.000000,0.000000,0.000000,0.000000
0.000000,0.000000,0.000000,0.000000,0.000000,0.000000,0.000000,0.000000,0.000000,0.000000,0.000000,0.000000,0.000000,0.000000,0.000000,1000.000198,1000.000293,1000.000377,1000.000460,1000.000541,1000.000612,1000.000660,1000.000674,1000.000657,1000.000624,1000.000583,1000.000539,1000.000496,1000.000457,1000.000420,1000.000384,1000.000349,1000.000317,1000.000287,1000.000258,1000.000230,1000.000205,1000.000180,1000.000158,1000.000138,1000.000119,1000.000102,1000.000086,1000.000072,1000.000060,1000.000050,1000.000041,1000.000034,1000.000028,1000.000024,1000.000022,1000.000021,1000.000022,1000.000024,1000.000028,1000.000034,1000.000041,1000.000050,1000.000060,1000.000072,1000.000086,1000.000102,1000.000119,1000.000138,1000.000158,1000.000180,1000.000205,1000.000230,1000.000258,1000.000287,1000.000317,1000.000349,1000.000384,1000.000420,1000.000457,1000.000496,1000.000539,1000.000583,1000.000624,1000.000657,1000.000674,1000.000660,1000.000612,1000.000541,1000.000460,1000.000377,1000.000293,1000.000198,0.000000,0.000000,0.000000,0.000000,0.000000,0.000000,0.000000,0.000000,0.000000,0.000000,0.000000,0.000000,0.000000,0.000000,0.000000
0.000000,0.000000,0.000000,0.000000,0.000000,0.000000,0.000000,0.000000,0.000000,0.000000,0.000000,0.000000,0.000000,0.000000,1000.000192,1000.000289,1000.000375,1000.000460,1000.000543,1000.000614,1000.000662,1000.000674,1000.000652,1000.000613,1000.000568,1000.000524,1000.000482,1000.000441,1000.000402,1000.000364,1000.000328,1000.000294,1000.000262,1000.000231,1000.000202,1000.000175,1000.000149,1000.000125,1000.000103,1000.000082,1000.000063,1000.000046,1000.000031,1000.000017,1000.000005,999.999994,999.999985,999.999978,999.999973,999.999969,999.999966,999.999965,999.999966,999.999969,999.999973,999.999978,999.999985,999.999994,1000.000005,1000.000017,1000.000031,1000.000046,1000.000063,1000.000082,1000.000103,1000.000125,1000.000149,1000.000175,1000.000202,1000.000231,1000.000262,1000.000294,1000.000328,1000.000364,1000.000402,1000.000441,1000.000482,1000.000524,1000.000568,1000.000613,1000.000652,1000.000674,1000.000662,1000.000614,1000.000543,1000.000460,1000.000375,1000.000289,1000.000192,0.000000,0.000000,0.000000,0.000000,0.000000,0.000000,0.000000,0.000000,0.000000,0.000000,0.000000,0.000000,0.000000,0.000000
0.000000,0.000000,0.000000,0.000000,0.000000,0.000000,0.000000,0.000000,0.000000,0.000000,0.000000,0.000000,0.000000,1000.000180,1000.000280,1000.000369,1000.000456,1000.000541,1000.000614,1000.000663,1000.000674,1000.000651,1000.000608,1000.000560,1000.000513,1000.000470,1000.000428,1000.000388,1000.000348,1000.000310,1000.000275,1000.000241,1000.000208,1000.000178,1000.000149,1000.000121,1000.000096,1000.000072,1000.000049,1000.000029,1000.000010,999.999993,999.999977,999.999963,999.999951,999.999940,999.999931,999.999924,999.999919,999.999915,999.999912,999.999911,999.999912,999.999915,999.999919,999.999924,999.999931,999.999940,999.999951,999.999963,999.999977,999.999993,1000.000010,1000.000029,1000.000049,1000.000072,1000.000096,1000.000121,1000.000149,1000.000178,1000.000208,1000.000241,1000.000275,1000.000310,1000.000348,1000.000388,1000.000428,1000.000470,1000.000513,1000.000560,1000.000608,1000.000651,1000.000674,1000.000663,1000.000614,1000.000541,1000.000456,1000.000369,1000.000280,1000.000180,0.000000,0.000000,0.000000,0.000000,0.000000,0.000000,0.000000,0.000000,0.000000,0.000000,0.000000,0.000000,0.000000
0.000000,0.000000,0.000000,0.000000,0.000000,0.000000,0.000000,0.000000,0.000000,0.000000,0.000000,0.000000,1000.000162,1000.000265,1000.000357,1000.000447,1000.000536,1000.000612,1000.000662,1000.000674,1000.000650,1000.000606,1000.000556,1000.000506,1000.000461,1000.000418,1000.000376,1000.000335,1000.000296,1000.000259,1000.000223,1000.000189,1000.000156,1000.000126,1000.000097,1000.000069,1000.000044,1000.000020,999.999997,999.999977,999.999958,999.999941,999.999925,999.999911,999.999899,999.999888,999.999879,999.999872,999.999866,999.999862,999.999860,999.999859,999.999860,999.999862,999.999866,999.999872,999.999879,999.999888,999.999899,999.999911,999.999925,999.999941,999.999958,999.999977,999.999997,1000.000020,1000.000044,1000.000069,1000.000097,1000.000126,1000.000156,1000.000189,1000.000223,1000.000259,1000.000296,1000.000335,1000.000376,1000.000418,1000.000461,1000.000506,1000.000556,1000.000606,1000.000650,1000.000674,1000.000662,1000.000612,1000.000536,1000.000447,1000.000357,1000.000265,1000.000162,0.000000,0.000000,0.000000,0.000000,0.000000,0.000000,0.000000,0.000000,0.000000,0.000000,0.000000,0.000000
0.000000,0.000000,0.000000,0.000000,0.000000,0.000000,0.000000,0.000000,0.000000,0.000000,0.000000,1000.000139,1000.000245,1000.000339,1000.000432,1000.000525,1000.000606,1000.000660,1000.000674,1000.000651,1000.000606,1000.000554,1000.000503,1000.000457,1000.000412,1000.000367,1000.000325,1000.000284,1000.000246,1000.000208,1000.000172,1000.000138,1000.000106,1000.000075,1000.000046,1000.000019,999.999993,999.999969,999.999947,999.999926,999.999907,999.999890,999.999874,999.999861,999.999848,999.999838,999.999829,999.999821,999.999816,999.999812,999.999809,999.999808,999.999809,999.999812,999.999816,999.999821,999.999829,999.999838,999.999848,999.999861,999.999874,999.999890,999.999907,999.999926,999.999947,999.999969,999.999993,1000.000019,1000.000046,1000.000075,1000.000106,1000.000138,1000.000172,1000.000208,1000.000246,1000.000284,1000.000325,1000.000367,1000.000412,1000.000457,1000.000503,1000.000554,1000.000606,1000.000651,1000.000674,1000.000660,1000.000606,1000.000525,1000.000432,1000.000339,1000.000245,1000.000139,0.000000,0.000000,0.000000,0.000000,0.000000,0.000000,0.000000,0.000000,0.000000,0.000000,0.000000
0.000000,0.000000,0.000000,0.000000,0.000000,0.000000,0.000000,0.000000,0.000000,0.000000,0.000000,1000.000218,1000.000317,1000.000410,1000.000506,1000.000593,1000.000655,1000.000674,1000.000652,1000.000608,1000.000556,1000.000503,1000.000455,1000.000409,1000.000362,1000.000318,1000.000276,1000.000236,1000.000197,1000.000159,1000.000124,1000.000090,1000.000057,1000.000026,999.999997,999.999970,999.999945,999.999921,999.999898,999.999878,999.999859,999.999841,999.999826,999.999812,999.999799,999.999789,999.999780,999.999772,999.999767,999.999763,999.999760,999.999759,999.999760,999.999763,999.999767,999.999772,999.999780,999.999789,999.999799,999.999812,999.999826,999.999841,999.999859,999.999878,999.999898,999.999921,999.999945,999.999970,999.999997,1000.000026,1000.000057,1000.000090,1000.000124,1000.000159,1000.000197,1000.000236,1000.000276,1000.000318,1000.000362,1000.000409,1000.000455,1000.000503,1000.000556,1000.000608,1000.000652,1000.000674,1000.000655,1000.000593,1000.000506,1000.000410,1000.000317,1000.000218,0.000000,0.000000,0.000000,0.000000,0.000000,0.000000,0.000000,0.000000,0.000000,0.000000,0.000000
0.000000,0.000000,0.000000,0.000000,0.000000,0.000000,0.000000,0.000000,0.000000,0.000000,1000.000188,1000.000294,1000.000387,1000.000482,1000.000572,1000.000643,1000.000674,1000.000657,1000.000613,1000.000560,1000.000506,1000.000457,1000.000409,1000.000361,1000.000315,1000.000271,1000.000229,1000.000188,1000.000149,1000.000112,1000.000076,1000.000042,1000.000010,999.999979,999.999950,999.999923,999.999897,999.999873,999.999851,999.999830,999.999811,999.999794,999.999779,999.999765,999.999752,999.999742,999.999733,999.999725,999.999719,999.999715,999.999713,999.999712,999.999713,999.999715,999.999719,999.999725,999.999733,999.999742,999.999752,999.999765,999.999779,999.999794,999.999811,999.999830,999.999851,999.999873,999.999897,999.999923,999.999950,999.999979,1000.000010,1000.000042,1000.000076,1000.000112,1000.000149,1000.000188,1000.000229,1000.000271,1000.000315,1000.000361,1000.000409,1000.000457,1000.000506,1000.000560,1000.000613,1000.000657,1000.000674,1000.000643,1000.000572,1000.000482,1000.000387,1000.000294,1000.000188,0.000000,0.000000,0.000000,0.000000,0.000000,0.000000,0.000000,0.000000,0.000000,0.000000
0.000000,0.000000,0.000000,0.000000,0.000000,0.000000,0.000000,0.000000,0.000000,1000.000156,1000.000265,1000.000362,1000.000458,1000.000550,1000.000627,1000.000671,1000.000666,1000.000624,1000.000568,1000.000513,1000.000461,1000.000412,1000.000362,1000.000315,1000.000270,1000.000226,1000.000183,1000.000143,1000.000104,1000.000067,1000.000031,999.999997,999.999965,999.999934,999.999905,999.999878,999.999852,999.999828,999.999806,999.999785,999.999766,999.999749,999.999733,999.999719,999.999707,999.999696,999.999687,999.999680,999.999674,999.999670,999.999667,999.999666,999.999667,999.999670,999.999674,999.999680,999.999687,999.999696,999.999707,999.999719,999.999733,999.999749,999.999766,999.999785,999.999806,999.999828,999.999852,999.999878,999.999905,999.999934,999.999965,999.999997,1000.000031,1000.000067,1000.000104,1000.000143,1000.000183,1000.000226,1000.000270,1000.000315,1000.000362,1000.000412,1000.000461,1000.000513,1000.000568,1000.000624,1000.000666,1000.000671,1000.000627,1000.000550,1000.000458,1000.000362,1000.000265,1000.000156,0.000000,0.000000,0.000000,0.000000,0.000000,0.000000,0.000000,0.000000,0.000000
0.000000,0.000000,0.000000,0.000000,0.000000,0.000000,0.000000,0.000000,0.000000,1000.000226,1000.000330,1000.000429,1000.000528,1000.000611,1000.000665,1000.000673,1000.000639,1000.000583,1000.000524,1000.000470,1000.000418,1000.000367,1000.000318,1000.000271,1000.000226,1000.000182,1000.000139,1000.000099,1000.000060,1000.000023,999.999987,999.999953,999.999921,999.999890,999.999861,999.999834,999.999808,999.999784,999.999762,999.999741,999.999722,999.999705,999.999689,999.999675,999.999663,999.999652,999.999643,999.999636,999.999630,999.999626,999.999623,999.999623,999.999623,999.999626,999.999630,999.999636,999.999643,999.999652,999.999663,999.999675,999.999689,999.999705,999.999722,999.999741,999.999762,999.999784,999.999808,999.999834,999.999861,999.999890,999.999921,999.999953,999.999987,1000.000023,1000.000060,1000.000099,1000.000139,1000.000182,1000.000226,1000.000271,1000.000318,1000.000367,1000.000418,1000.000470,1000.000524,1000.000583,1000.000639,1000.000673,1000.000665,1000.000611,1000.000528,1000.000429,1000.000330,1000.000226,0.000000,0.000000,0.000000,0.000000,0.000000,0.000000,0.000000,0.000000,0.000000
0.000000,0.000000,0.000000,0.000000,0.000000,0.000000,0.000000,0.000000,1000.000181,1000.000293,1000.000394,1000.000496,1000.000589,1000.000655,1000.000674,1000.000649,1000.000599,1000.000539,1000.000482,1000.000428,1000.000376,1000.000325,1000.000276,1000.000229,1000.000183,1000.000139,1000.000097,1000.000057,1000.000018,999.999980,999.999945,999.999911,999.999879,999.999848,999.999819,999.999792,999.999766,999.999742,999.999720,999.999699,999.999680,999.999663,999.999647,999.999633,999.999621,999.999610,999.999601,999.999593,999.999588,999.999584,999.999581,999.999580,999.999581,999.999584,999.999588,999.999593,999.999601,999.999610,999.999621,999.999633,999.999647,999.999663,999.999680,999.999699,999.999720,999.999742,999.999766,999.999792,999.999819,999.999848,999.999879,999.999911,999.999945,999.999980,1000.000018,1000.000057,1000.000097,1000.000139,1000.000183,1000.000229,1000.000276,1000.000325,1000.000376,1000.000428,1000.000482,1000.000539,1000.000599,1000.000649,1000.000674,1000.000655,1000.000589,1000.000496,1000.000394,1000.000293,1000.000181,0.000000,0.000000,0.000000,0.000000,0.000000,0.000000,0.000000,0.000000
0.000000,0.000000,0.000000,0.000000,0.000000,0.000000,0.000000,0.000000,1000.000245,1000.000351,1000.000454,1000.000556,1000.000637,1000.000673,1000.000658,1000.000612,1000.000554,1000.000496,1000.000441,1000.000388,1000.000335,1000.000284,1000.000236,1000.000188,1000.000143,1000.000099,1000.000057,1000.000016,999.999977,999.999940,999.999904,999.999870,999.999838,999.999807,999.999778,999.999751,999.999725,999.999701,999.999679,999.999658,999.999639,999.999622,999.999606,999.999592,999.999580,999.999569,999.999560,999.999553,999.999547,999.999543,999.999540,999.999540,999.999540,999.999543,999.999547,999.999553,999.999560,999.999569,999.999580,999.999592,999.999606,999.999622,999.999639,999.999658,999.999679,999.999701,999.999725,999.999751,999.999778,999.999807,999.999838,999.999870,999.999904,999.999940,999.999977,1000.000016,1000.000057,1000.000099,1000.000143,1000.000188,1000.000236,1000.000284,1000.000335,1000.000388,1000.000441,1000.000496,1000.000554,1000.000612,1000.000658,1000.000673,1000.000637,1000.000556,1000.000454,1000.000351,1000.000245,0.000000,0.000000,0.000000,0.000000,0.000000,0.000000,0.000000,0.000000
0.000000,0.000000,0.000000,0.000000,0.000000,0.000000,0.000000,1000.000191,1000.000306,1000.000409,1000.000513,1000.000607,1000.000665,1000.000669,1000.000628,1000.000571,1000.000513,1000.000457,1000.000402,1000.000348,1000.000296,1000.000246,1000.000197,1000.000149,1000.000104,1000.000060,1000.000018,999.999977,999.999938,999.999901,999.999865,999.999831,999.999799,999.999768,999.999740,999.999712,999.999687,999.999663,999.999640,999.999620,999.999601,999.999583,999.999567,999.999553,999.999541,999.999530,999.999521,999.999514,999.999508,999.999504,999.999501,999.999501,999.999501,999.999504,999.999508,999.999514,999.999521,999.999530,999.999541,999.999553,999.999567,999.999583,999.999601,999.999620,999.999640,999.999663,999.999687,999.999712,999.999740,999.999768,999.999799,999.999831,999.999865,999.999901,999.999938,999.999977,1000.000018,1000.000060,1000.000104,1000.000149,1000.000197,1000.000246,1000.000296,1000.000348,1000.000402,1000.000457,1000.000513,1000.000571,1000.000628,1000.000669,1000.000665,1000.000607,1000.000513,1000.000409,1000.000306,1000.000191,0.000000,0.000000,0.000000,0.000000,0.000000,0.000000,0.000000
0.000000,0.000000,0.000000,0.000000,0.000000,0.000000,0.000000,1000.000251,1000.000359,1000.000464,1000.000566,1000.000645,1000.000675,1000.000650,1000.000595,1000.000533,1000.000475,1000.000420,1000.000364,1000.000310,1000.000259,1000.000208,1000.000159,1000.000112,1000.000067,1000.000023,999.999980,999.999940,999.999901,999.999864,999.999828,999.999794,999.999762,999.999731,999.999702,999.999675,999.999649,999.999625,999.999603,999.999582,999.999563,999.999546,999.999530,999.999516,999.999504,999.999493,999.999484,999.999477,999.999471,999.999467,999.999464,999.999463,999.999464,999.999467,999.999471,999.999477,999.999484,999.999493,999.999504,999.999516,999.999530,999.999546,999.999563,999.999582,999.999603,999.999625,999.999649,999.999675,999.999702,999.999731,999.999762,999.999794,999.999828,999.999864,999.999901,999.999940,999.999980,1000.000023,1000.000067,1000.000112,1000.000159,1000.000208,1000.000259,1000.000310,1000.000364,1000.000420,1000.000475,1000.000533,1000.000595,1000.000650,1000.000675,1000.000645,1000.000566,1000.000464,1000.000359,1000.000251,0.000000,0.000000,0.000000,0.000000,0.000000,0.000000,0.000000
0.000000,0.000000,0.000000,0.000000,0.000000,0.000000,1000.000192,1000.000308,1000.000413,1000.000518,1000.000612,1000.000669,1000.000669,1000.000622,1000.000560,1000.000498,1000.000441,1000.000384,1000.000328,1000.000275,1000.000223,1000.000172,1000.000124,1000.000076,1000.000031,999.999987,999.999945,999.999904,999.999865,999.999828,999.999793,999.999759,999.999726,999.999696,999.999667,999.999639,999.999614,999.999590,999.999567,999.999547,999.999528,999.999510,999.999495,999.999481,999.999468,999.999457,999.999448,999.999441,999.999435,999.999431,999.999429,999.999428,999.999429,999.999431,999.999435,999.999441,999.999448,999.999457,999.999468,999.999481,999.999495,999.999510,999.999528,999.999547,999.999567,999.999590,999.999614,999.999639,999.999667,999.999696,999.999726,999.999759,999.999793,999.999828,999.999865,999.999904,999.999945,999.999987,1000.000031,1000.000076,1000.000124,1000.000172,1000.000223,1000.000275,1000.000328,1000.000384,1000.000441,1000.000498,1000.000560,1000.000622,1000.000669,1000.000669,1000.000612,1000.000518,1000.000413,1000.000308,1000.000192,0.000000,0.000000,0.000000,0.000000,0.000000,0.000000
0.000000,0.000000,0.000000,0.000000,0.000000,0.000000,1000.000247,1000.000358,1000.000464,1000.000567,1000.000647,1000.000676,1000.000649,1000.000590,1000.000526,1000.000465,1000.000407,1000.000349,1000.000294,1000.000241,1000.000189,1000.000138,1000.000090,1000.000042,999.999997,999.999953,999.999911,999.999870,999.999831,999.999794,999.999759,999.999725,999.999692,999.999662,999.999633,999.999605,999.999580,999.999556,999.999533,999.999513,999.999494,999.999476,999.999461,999.999447,999.999434,999.999424,999.999414,999.999407,999.999401,999.999397,999.999395,999.999394,999.999395,999.999397,999.999401,999.999407,999.999414,999.999424,999.999434,999.999447,999.999461,999.999476,999.999494,999.999513,999.999533,999.999556,999.999580,999.999605,999.999633,999.999662,999.999692,999.999725,999.999759,999.999794,999.999831,999.999870,999.999911,999.999953,999.999997,1000.000042,1000.000090,1000.000138,1000.000189,1000.000241,1000.000294,1000.000349,1000.000407,1000.000465,1000.000526,1000.000590,1000.000649,1000.000676,1000.000647,1000.000567,1000.000464,1000.000358,1000.000247,0.000000,0.000000,0.000000,0.000000,0.000000,0.000000
0.000000,0.000000,0.000000,0.000000,0.000000,1000.000183,1000.000301,1000.000408,1000.000515,1000.000610,1000.000669,1000.000669,1000.000621,1000.000557,1000.000493,1000.000433,1000.000374,1000.000317,1000.000262,1000.000208,1000.000156,1000.000106,1000.000057,1000.000010,999.999965,999.999921,999.999879,999.999838,999.999799,999.999762,999.999726,999.999692,999.999660,999.999629,999.999601,999.999573,999.999548,999.999524,999.999501,999.999481,999.999462,999.999444,999.999428,999.999414,999.999402,999.999391,999.999382,999.999375,999.999369,999.999365,999.999362,999.999361,999.999362,999.999365,999.999369,999.999375,999.999382,999.999391,999.999402,999.999414,999.999428,999.999444,999.999462,999.999481,999.999501,999.999524,999.999548,999.999573,999.999601,999.999629,999.999660,999.999692,999.999726,999.999762,999.999799,999.999838,999.999879,999.999921,999.999965,1000.000010,1000.000057,1000.000106,1000.000156,1000.000208,1000.000262,1000.000317,1000.000374,1000.000433,1000.000493,1000.000557,1000.000621,1000.000669,1000.000669,1000.000610,1000.000515,1000.000408,1000.000301,1000.000183,0.000000,0.000000,0.000000,0.000000,0.000000
0.000000,0.000000,0.000000,0.000000,0.000000,1000.000233,1000.000346,1000.000455,1000.000561,1000.000644,1000.000676,1000.000649,1000.000591,1000.000525,1000.000463,1000.000403,1000.000344,1000.000287,1000.000231,1000.000178,1000.000126,1000.000075,1000.000026,999.999979,999.999934,999.999890,999.999848,999.999807,999.999768,999.999731,999.999696,999.999662,999.999629,999.999599,999.999570,999.999543,999.999517,999.999493,999.999471,999.999450,999.999431,999.999414,999.999398,999.999384,999.999371,999.999361,999.999352,999.999344,999.999338,999.999334,999.999332,999.999331,999.999332,999.999334,999.999338,999.999344,999.999352,999.999361,999.999371,999.999384,999.999398,999.999414,999.999431,999.999450,999.999471,999.999493,999.999517,999.999543,999.999570,999.999599,999.999629,999.999662,999.999696,999.999731,999.999768,999.999807,999.999848,999.999890,999.999934,999.999979,1000.000026,1000.000075,1000.000126,1000.000178,1000.000231,1000.000287,1000.000344,1000.000403,1000.000463,1000.000525,1000.000591,1000.000649,1000.000676,1000.000644,1000.000561,1000.000455,1000.000346,1000.000233,0.000000,0.000000,0.000000,0.000000,0.000000
0.000000,0.000000,0.000000,0.000000,1000.000161,1000.000280,1000.000390,1000.000501,1000.000602,1000.000666,1000.000669,1000.000623,1000.000559,1000.000495,1000.000434,1000.000373,1000.000315,1000.000258,1000.000202,1000.000149,1000.000097,1000.000046,999.999997,999.999950,999.999905,999.999861,999.999819,999.999778,999.999740,999.999702,999.999667,999.999633,999.999601,999.999570,999.999541,999.999514,999.999488,999.999464,999.999442,999.999421,999.999402,999.999385,999.999369,999.999355,999.999342,999.999332,999.999323,999.999315,999.999309,999.999305,999.999303,999.999302,999.999303,999.999305,999.999309,999.999315,999.999323,999.999332,999.999342,999.999355,999.999369,999.999385,999.999402,999.999421,999.999442,999.999464,999.999488,999.999514,999.999541,999.999570,999.999601,999.999633,999.999667,999.999702,999.999740,999.999778,999.999819,999.999861,999.999905,999.999950,999.999997,1000.000046,1000.000097,1000.000149,1000.000202,1000.000258,1000.000315,1000.000373,1000.000434,1000.000495,1000.000559,1000.000623,1000.000669,1000.000666,1000.000602,1000.000501,1000.000390,1000.000280,1000.000161,0.000000,0.000000,0.000000,0.000000
0.000000,0.000000,0.000000,0.000000,1000.000204,1000.000319,1000.000430,1000.000541,1000.000633,1000.000674,1000.000653,1000.000596,1000.000530,1000.000468,1000.000406,1000.000346,1000.000287,1000.000230,1000.000175,1000.000121,1000.000069,1000.000019,999.999970,999.999923,999.999878,999.999834,999.999792,999.999751,999.999712,999.999675,999.999639,999.999605,999.999573,999.999543,999.999514,999.999486,999.999461,999.999437,999.999414,999.999394,999.999375,999.999357,999.999342,999.999327,999.999315,999.999304,999.999295,999.999288,999.999282,999.999278,999.999275,999.999275,999.999275,999.999278,999.999282,999.999288,999.999295,999.999304,999.999315,999.999327,999.999342,999.999357,999.999375,999.999394,999.999414,999.999437,999.999461,999.999486,999.999514,999.999543,999.999573,999.999605,999.999639,999.999675,999.999712,999.999751,999.999792,999.999834,999.999878,999.999923,999.999970,1000.000019,1000.000069,1000.000121,1000.000175,1000.000230,1000.000287,1000.000346,1000.000406,1000.000468,1000.000530,1000.000596,1000.000653,1000.000674,1000.000633,1000.000541,1000.000430,1000.000319,1000.000204,0.000000,0.000000,0.000000,0.000000
