0.000000,0.000000,0.000000,0.000000,0.000000,0.000000,0.000000,0.000000,0.000000,0.000000,0.000000,0.000000,0.000000,0.000000,0.000000,0.000000,0.000000,0.000000,0.000000,0.000000,0.000000,0.000000,0.000000,0.000000,0.000000,0.000000,0.000000,0.000000,0.000000,0.000000,0.000000,0.000000,0.000000,0.000000,0.000000,0.000000,0.000000,0.000000,0.000000,0.000000,0.000000,0.000000,0.000000,0.000000,0.000000,0.000000,0.000000,0.000000,0.000000,0.000000,0.000000,0.000000,0.000000,0.000000,0.000000,0.000000,0.000000,0.000000,0.000000,0.000000,0.000000,0.000000,0.000000,0.000000,0.000000,0.000000,0.000000,0.000000,0.000000,0.000000,0.000000,0.000000,0.000000,0.000000,0.000000,0.000000,0.000000,0.000000,0.000000,0.000000,0.000000,0.000000,0.000000,0.000000,0.000000,0.000000,0.000000,0.000000,0.000000,0.000000,0.000000,0.000000,0.000000,0.000000,0.000000,0.000000,0.000000,0.000000,0.000000,0.000000,0.000000,0.000000,0.000000
0.000000,0.000000,0.000000,0.000000,0.000000,0.000000,0.000000,0.000000,0.000000,0.000000,0.000000,0.000000,0.000000,0.000000,0.000000,0.000000,0.000000,0.000000,0.000000,0.000000,0.000000,0.000000,0.000000,0.000000,0.000000,0.000000,0.000000,0.000000,0.000000,0.000000,0.000000,0.000000,0.000000,0.000000,0.000000,0.000000,0.000000,0.000000,0.000000,0.000000,0.000000,0.000000,0.000000,0.000000,0.000000,0.000000,0.000000,0.000000,0.000000,0.000000,0.000000,1000.000090,0.000000,0.000000,0.000000,0.000000,0.000000,0.000000,0.000000,0.000000,0.000000,0.000000,0.000000,0.000000,0.000000,0.000000,0.000000,0.000000,0.000000,0.000000,0.000000,0.000000,0.000000,0.000000,0.000000,0.000000,0.000000,0.000000,0.000000,0.000000,0.000000,0.000000,0.000000,0.000000,0.000000,0.000000,0.000000,0.000000,0.000000,0.000000,0.000000,0.000000,0.000000,0.000000,0.000000,0.000000,0.000000,0.000000,0.000000,0.000000,0.000000,0.000000,0.000000
0.000000,0.000000,0.000000,0.000000,0.000000,0.000000,0.000000,0.000000,0.000000,0.000000,0.000000,0.000000,0.000000,0.000000,0.000000,0.000000,0.000000,0.000000,0.000000,0.000000,0.000000,0.000000,0.000000,0.000000,0.000000,0.000000,0.000000,0.000000,0.000000,0.000000,0.000000,0.000000,0.000000,0.000000,0.000000,0.000000,0.000000,0.000000,0.000000,0.000000,0.000000,0.000000,1000.000164,1000.000191,1000.000205,1000.000212,1000.000216,1000.000217,1000.000217,1000.000216,1000.000215,1000.000221,1000.000215,1000.000216,1000.000217,1000.000217,1000.000216,1000.000212,1000.000205,1000.000191,1000.000164,0.000000,0.000000,0.000000,0.000000,0.000000,0.000000,0.000000,0.000000,0.000000,0.000000,0.000000,0.000000,0.000000,0.000000,0.000000,0.000000,0.000000,0.000000,0.000000,0.000000,0.000000,0.000000,0.000000,0.000000,0.000000,0.000000,0.000000,0.000000,0.000000,0.000000,0.000000,0.000000,0.000000,0.000000,0.000000,0.000000,0.000000,0.000000,0.000000,0.000000,0.000000,0.000000
0.000000,0.000000,0.000000,0.000000,0.000000,0.000000,0.000000,0.000000,0.000000,0.000000,0.000000,0.000000,0.000000,0.000000,0.000000,0.000000,0.000000,0.000000,0.000000,0.000000,0.000000,0.000000,0.000000,0.000000,0.000000,0.000000,0.000000,0.000000,0.000000,0.000000,0.000000,0.000000,0.000000,0.000000,0.000000,0.000000,0.000000,1000.000158,1000.000198,1000.000229,1000.000255,1000.000275,1000.000294,1000.000312,1000.000325,1000.000334,1000.000339,1000.000342,1000.000343,1000.000343,1000.000343,1000.000344,1000.000343,1000.000343,1000.000343,1000.000342,1000.000339,1000.000334,1000.000325,1000.000312,1000.000294,1000.000275,1000.000255,1000.000229,1000.000198,1000.000158,0.000000,0.000000,0.000000,0.000000,0.000000,0.000000,0.000000,0.000000,0.000000,0.000000,0.000000,0.000000,0.000000,0.000000,0.000000,0.000000,0.000000,0.000000,0.000000,0.000000,0.000000,0.000000,0.000000,0.000000,0.000000,0.000000,0.000000,0.000000,0.000000,0.000000,0.000000,0.000000,0.000000,0.000000,0.000000,0.000000,0.000000
0.000000,0.000000,0.000000,0.000000,0.000000,0.000000,0.000000,0.000000,0.000000,0.000000,0.000000,0.000000,0.000000,0.000000,0.000000,0.000000,0.000000,0.000000,0.000000,0.000000,0.000000,0.000000,0.000000,0.000000,0.000000,0.000000,0.000000,0.000000,0.000000,0.000000,0.000000,0.000000,0.000000,0.000000,1000.000165,1000.000210,1000.000248,1000.000285,1000.000317,1000.000346,1000.000374,1000.000396,1000.000418,1000.000435,1000.000447,1000.000455,1000.000460,1000.000463,1000.000464,1000.000465,1000.000465,1000.000465,1000.000465,1000.000465,1000.000464,1000.000463,1000.000460,1000.000455,1000.000447,1000.000435,1000.000418,1000.000396,1000.000374,1000.000346,1000.000317,1000.000285,1000.000248,1000.000210,1000.000165,0.000000,0.000000,0.000000,0.000000,0.000000,0.000000,0.000000,0.000000,0.000000,0.000000,0.000000,0.000000,0.000000,0.000000,0.000000,0.000000,0.000000,0.000000,0.000000,0.000000,0.000000,0.000000,0.000000,0.000000,0.000000,0.000000,0.000000,0.000000,0.000000,0.000000,0.000000,0.000000,0.000000,0.000000
0.000000,0.000000,0.000000,0.000000,0.000000,0.000000,0.000000,0.000000,0.000000,0.000000,0.000000,0.000000,0.000000,0.000000,0.000000,0.000000,0.000000,0.000000,0.000000,0.000000,0.000000,0.000000,0.000000,0.000000,0.000000,0.000000,0.000000,0.000000,0.000000,0.000000,0.000000,0.000000,1000.000188,1000.000239,1000.000288,1000.000328,1000.000365,1000.000402,1000.000434,1000.000464,1000.000490,1000.000516,1000.000538,1000.000556,1000.000567,1000.000573,1000.000577,1000.000579,1000.000580,1000.000580,1000.000580,1000.000580,1000.000580,1000.000580,1000.000580,1000.000579,1000.000577,1000.000573,1000.000567,1000.000556,1000.000538,1000.000516,1000.000490,1000.000464,1000.000434,1000.000402,1000.000365,1000.000328,1000.000288,1000.000239,1000.000188,0.000000,0.000000,0.000000,0.000000,0.000000,0.000000,0.000000,0.000000,0.000000,0.000000,0.000000,0.000000,0.000000,0.000000,0.000000,0.000000,0.000000,0.000000,0.000000,0.000000,0.000000,0.000000,0.000000,0.000000,0.000000,0.000000,0.000000,0.000000,0.000000,0.000000,0.000000,0.000000
0.000000,0.000000,0.000000,0.000000,0.000000,0.000000,0.000000,0.000000,0.000000,0.000000,0.000000,0.000000,0.000000,0.000000,0.000000,0.000000,0.000000,0.000000,0.000000,0.000000,0.000000,0.000000,0.000000,0.000000,0.000000,0.000000,0.000000,0.000000,0.000000,0.000000,1000.000197,1000.000254,1000.000309,1000.000356,1000.000401,1000.000442,1000.000482,1000.000519,1000.000550,1000.000578,1000.000601,1000.000622,1000.000640,1000.000652,1000.000659,1000.000662,1000.000664,1000.000665,1000.000665,1000.000665,1000.000665,1000.000665,1000.000665,1000.000665,1000.000665,1000.000665,1000.000664,1000.000662,1000.000659,1000.000652,1000.000640,1000.000622,1000.000601,1000.000578,1000.000550,1000.000519,1000.000482,1000.000442,1000.000401,1000.000356,1000.000309,1000.000254,1000.000197,0.000000,0.000000,0.000000,0.000000,0.000000,0.000000,0.000000,0.000000,0.000000,0.000000,0.000000,0.000000,0.000000,0.000000,0.000000,0.000000,0.000000,0.000000,0.000000,0.000000,0.000000,0.000000,0.000000,0.000000,0.000000,0.000000,0.000000,0.000000,0.000000,0.000000
0.000000,0.000000,0.000000,0.000000,0.000000,0.000000,0.000000,0.000000,0.000000,0.000000,0.000000,0.000000,0.000000,0.000000,0.000000,0.000000,0.000000,0.000000,0.000000,0.000000,0.000000,0.000000,0.000000,0.000000,0.000000,0.000000,0.000000,0.000000,1000.000197,1000.000258,1000.000317,1000.000368,1000.000419,1000.000468,1000.000515,1000.000556,1000.000593,1000.000623,1000.000648,1000.000665,1000.000677,1000.000684,1000.000686,1000.000685,1000.000684,1000.000682,1000.000682,1000.000681,1000.000680,1000.000679,1000.000679,1000.000679,1000.000679,1000.000679,1000.000680,1000.000681,1000.000682,1000.000682,1000.000684,1000.000685,1000.000686,1000.000684,1000.000677,1000.000665,1000.000648,1000.000623,1000.000593,1000.000556,1000.000515,1000.000468,1000.000419,1000.000368,1000.000317,1000.000258,1000.000197,0.000000,0.000000,0.000000,0.000000,0.000000,0.000000,0.000000,0.000000,0.000000,0.000000,0.000000,0.000000,0.000000,0.000000,0.000000,0.000000,0.000000,0.000000,0.000000,0.000000,0.000000,0.000000,0.000000,0.000000,0.000000,0.000000,0.000000,0.000000
0.000000,0.000000,0.000000,0.000000,0.000000,0.000000,0.000000,0.000000,0.000000,0.000000,0.000000,0.000000,0.000000,0.000000,0.000000,0.000000,0.000000,0.000000,0.000000,0.000000,0.000000,0.000000,0.000000,0.000000,0.000000,0.000000,1000.000187,1000.000252,1000.000315,1000.000370,1000.000425,1000.000478,1000.000530,1000.000577,1000.000619,1000.000651,1000.000673,1000.000686,1000.000692,1000.000691,1000.000686,1000.000677,1000.000664,1000.000651,1000.000642,1000.000636,1000.000633,1000.000631,1000.000629,1000.000628,1000.000627,1000.000627,1000.000627,1000.000628,1000.000629,1000.000631,1000.000633,1000.000636,1000.000642,1000.000651,1000.000664,1000.000677,1000.000686,1000.000691,1000.000692,1000.000686,1000.000673,1000.000651,1000.000619,1000.000577,1000.000530,1000.000478,1000.000425,1000.000370,1000.000315,1000.000252,1000.000187,0.000000,0.000000,0.000000,0.000000,0.000000,0.000000,0.000000,0.000000,0.000000,0.000000,0.000000,0.000000,0.000000,0.000000,0.000000,0.000000,0.000000,0.000000,0.000000,0.000000,0.000000,0.000000,0.000000,0.000000,0.000000,0.000000
0.000000,0.000000,0.000000,0.000000,0.000000,0.000000,0.000000,0.000000,0.000000,0.000000,0.000000,0.000000,0.000000,0.000000,0.000000,0.000000,0.000000,0.000000,0.000000,0.000000,0.000000,0.000000,0.000000,0.000000,1000.000160,1000.000233,1000.000302,1000.000362,1000.000421,1000.000477,1000.000533,1000.000583,1000.000627,1000.000662,1000.000684,1000.000693,1000.000691,1000.000683,1000.000668,1000.000652,1000.000636,1000.000620,1000.000602,1000.000586,1000.000574,1000.000567,1000.000561,1000.000558,1000.000555,1000.000553,1000.000552,1000.000551,1000.000552,1000.000553,1000.000555,1000.000558,1000.000561,1000.000567,1000.000574,1000.000586,1000.000602,1000.000620,1000.000636,1000.000652,1000.000668,1000.000683,1000.000691,1000.000693,1000.000684,1000.000662,1000.000627,1000.000583,1000.000533,1000.000477,1000.000421,1000.000362,1000.000302,1000.000233,1000.000160,0.000000,0.000000,0.000000,0.000000,0.000000,0.000000,0.000000,0.000000,0.000000,0.000000,0.000000,0.000000,0.000000,0.000000,0.000000,0.000000,0.000000,0.000000,0.000000,0.000000,0.000000,0.000000,0.000000,0.000000
0.000000,0.000000,0.000000,0.000000,0.000000,0.000000,0.000000,0.000000,0.000000,0.000000,0.000000,0.000000,0.000000,0.000000,0.000000,0.000000,0.000000,0.000000,0.000000,0.000000,0.000000,0.000000,0.000000,1000.000194,1000.000272,1000.000339,1000.000405,1000.000467,1000.000527,1000.000582,1000.000629,1000.000665,1000.000687,1000.000694,1000.000688,1000.000671,1000.000651,1000.000629,1000.000606,1000.000585,1000.000566,1000.000549,1000.000532,1000.000518,1000.000506,1000.000497,1000.000490,1000.000485,1000.000482,1000.000479,1000.000478,1000.000477,1000.000478,1000.000479,1000.000482,1000.000485,1000.000490,1000.000497,1000.000506,1000.000518,1000.000532,1000.000549,1000.000566,1000.000585,1000.000606,1000.000629,1000.000651,1000.000671,1000.000688,1000.000694,1000.000687,1000.000665,1000.000629,1000.000582,1000.000527,1000.000467,1000.000405,1000.000339,1000.000272,1000.000194,0.000000,0.000000,0.000000,0.000000,0.000000,0.000000,0.000000,0.000000,0.000000,0.000000,0.000000,0.000000,0.000000,0.000000,0.000000,0.000000,0.000000,0.000000,0.000000,0.000000,0.000000,0.000000,0.000000
0.000000,0.000000,0.000000,0.000000,0.000000,0.000000,0.000000,0.000000,0.000000,0.000000,0.000000,0.000000,0.000000,0.000000,0.000000,0.000000,0.000000,0.000000,0.000000,0.000000,0.000000,1000.000143,1000.000224,1000.000302,1000.000372,1000.000442,1000.000510,1000.000572,1000.000624,1000.000663,1000.000687,1000.000695,1000.000687,1000.000667,1000.000641,1000.000613,1000.000585,1000.000560,1000.000538,1000.000516,1000.000497,1000.000480,1000.000464,1000.000450,1000.000439,1000.000429,1000.000421,1000.000415,1000.000411,1000.000408,1000.000406,1000.000406,1000.000406,1000.000408,1000.000411,1000.000415,1000.000421,1000.000429,1000.000439,1000.000450,1000.000464,1000.000480,1000.000497,1000.000516,1000.000538,1000.000560,1000.000585,1000.000613,1000.000641,1000.000667,1000.000687,1000.000695,1000.000687,1000.000663,1000.000624,1000.000572,1000.000510,1000.000442,1000.000372,1000.000302,1000.000224,1000.000143,0.000000,0.000000,0.000000,0.000000,0.000000,0.000000,0.000000,0.000000,0.000000,0.000000,0.000000,0.000000,0.000000,0.000000,0.000000,0.000000,0.000000,0.000000,0.000000,0.000000,0.000000
0.000000,0.000000,0.000000,0.000000,0.000000,0.000000,0.000000,0.000000,0.000000,0.000000,0.000000,0.000000,0.000000,0.000000,0.000000,0.000000,0.000000,0.000000,0.000000,0.000000,1000.000167,1000.000252,1000.000326,1000.000398,1000.000471,1000.000543,1000.000606,1000.000655,1000.000684,1000.000694,1000.000687,1000.000667,1000.000639,1000.000607,1000.000575,1000.000545,1000.000518,1000.000494,1000.000471,1000.000450,1000.000431,1000.000413,1000.000398,1000.000384,1000.000372,1000.000362,1000.000354,1000.000348,1000.000343,1000.000339,1000.000338,1000.000337,1000.000338,1000.000339,1000.000343,1000.000348,1000.000354,1000.000362,1000.000372,1000.000384,1000.000398,1000.000413,1000.000431,1000.000450,1000.000471,1000.000494,1000.000518,1000.000545,1000.000575,1000.000607,1000.000639,1000.000667,1000.000687,1000.000694,1000.000684,1000.000655,1000.000606,1000.000543,1000.000471,1000.000398,1000.000326,1000.000252,1000.000167,0.000000,0.000000,0.000000,0.000000,0.000000,0.000000,0.000000,0.000000,0.000000,0.000000,0.000000,0.000000,0.000000,0.000000,0.000000,0.000000,0.000000,0.000000,0.000000,0.000000
0.000000,0.000000,0.000000,0.000000,0.000000,0.000000,0.000000,0.000000,0.000000,0.000000,0.000000,0.000000,0.000000,0.000000,0.000000,0.000000,0.000000,0.000000,0.000000,1000.000185,1000.000273,1000.000349,1000.000422,1000.000495,1000.000566,1000.000628,1000.000673,1000.000692,1000.000688,1000.000668,1000.000640,1000.000607,1000.000573,1000.000540,1000.000509,1000.000481,1000.000454,1000.000429,1000.000406,1000.000385,1000.000366,1000.000348,1000.000333,1000.000319,1000.000307,1000.000297,1000.000288,1000.000281,1000.000276,1000.000273,1000.000271,1000.000270,1000.000271,1000.000273,1000.000276,1000.000281,1000.000288,1000.000297,1000.000307,1000.000319,1000.000333,1000.000348,1000.000366,1000.000385,1000.000406,1000.000429,1000.000454,1000.000481,1000.000509,1000.000540,1000.000573,1000.000607,1000.000640,1000.000668,1000.000688,1000.000692,1000.000673,1000.000628,1000.000566,1000.000495,1000.000422,1000.000349,1000.000273,1000.000185,0.000000,0.000000,0.000000,0.000000,0.000000,0.000000,0.000000,0.000000,0.000000,0.000000,0.000000,0.000000,0.000000,0.000000,0.000000,0.000000,0.000000,0.000000,0.000000
0.000000,0.000000,0.000000,0.000000,0.000000,0.000000,0.000000,0.000000,0.000000,0.000000,0.000000,0.000000,0.000000,0.000000,0.000000,0.000000,0.000000,0.000000,1000.000197,1000.000288,1000.000368,1000.000444,1000.000520,1000.000588,1000.000645,1000.000683,1000.000693,1000.000676,1000.000646,1000.000612,1000.000576,1000.000541,1000.000508,1000.000476,1000.000446,1000.000418,1000.000391,1000.000366,1000.000343,1000.000322,1000.000303,1000.000285,1000.000269,1000.000255,1000.000243,1000.000233,1000.000224,1000.000217,1000.000212,1000.000208,1000.000206,1000.000205,1000.000206,1000.000208,1000.000212,1000.000217,1000.000224,1000.000233,1000.000243,1000.000255,1000.000269,1000.000285,1000.000303,1000.000322,1000.000343,1000.000366,1000.000391,1000.000418,1000.000446,1000.000476,1000.000508,1000.000541,1000.000576,1000.000612,1000.000646,1000.000676,1000.000693,1000.000683,1000.000645,1000.000588,1000.000520,1000.000444,1000.000368,1000.000288,1000.000197,0.000000,0.000000,0.000000,0.000000,0.000000,0.000000,0.000000,0.000000,0.000000,0.000000,0.000000,0.000000,0.000000,0.000000,0.000000,0.000000,0.000000,0.000000
0.000000,0.000000,0.000000,0.000000,0.000000,0.000000,0.000000,0.000000,0.000000,0.000000,0.000000,0.000000,0.000000,0.000000,0.000000,0.000000,0.000000,1000.000203,1000.000297,1000.000379,1000.000460,1000.000540,1000.000610,1000.000661,1000.000690,1000.000692,1000.000667,1000.000629,1000.000588,1000.000548,1000.000513,1000.000478,1000.000446,1000.000414,1000.000384,1000.000355,1000.000329,1000.000304,1000.000281,1000.000260,1000.000241,1000.000223,1000.000207,1000.000193,1000.000181,1000.000171,1000.000162,1000.000155,1000.000149,1000.000145,1000.000143,1000.000142,1000.000143,1000.000145,1000.000149,1000.000155,1000.000162,1000.000171,1000.000181,1000.000193,1000.000207,1000.000223,1000.000241,1000.000260,1000.000281,1000.000304,1000.000329,1000.000355,1000.000384,1000.000414,1000.000446,1000.000478,1000.000513,1000.000548,1000.000588,1000.000629,1000.000667,1000.000692,1000.000690,1000.000661,1000.000610,1000.000540,1000.000460,1000.000379,1000.000297,1000.000203,0.000000,0.000000,0.000000,0.000000,0.000000,0.000000,0.000000,0.000000,0.000000,0.000000,0.000000,0.000000,0.000000,0.000000,0.000000,0.000000,0.000000
0.000000,0.000000,0.000000,0.000000,0.000000,0.000000,0.000000,0.000000,0.000000,0.000000,0.000000,0.000000,0.000000,0.000000,0.000000,0.000000,1000.000205,1000.000301,1000.000386,1000.000469,1000.000551,1000.000623,1000.000673,1000.000692,1000.000685,1000.000657,1000.000616,1000.000570,1000.000527,1000.000489,1000.000453,1000.000418,1000.000385,1000.000353,1000.000324,1000.000295,1000.000269,1000.000244,1000.000221,1000.000200,1000.000181,1000.000163,1000.000147,1000.000133,1000.000121,1000.000110,1000.000101,1000.000094,1000.000088,1000.000084,1000.000082,1000.000081,1000.000082,1000.000084,1000.000088,1000.000094,1000.000101,1000.000110,1000.000121,1000.000133,1000.000147,1000.000163,1000.000181,1000.000200,1000.000221,1000.000244,1000.000269,1000.000295,1000.000324,1000.000353,1000.000385,1000.000418,1000.000453,1000.000489,1000.000527,1000.000570,1000.000616,1000.000657,1000.000685,1000.000692,1000.000673,1000.000623,1000.000551,1000.000469,1000.000386,1000.000301,1000.000205,0.000000,0.000000,0.000000,0.000000,0.000000,0.000000,0.000000,0.000000,0.000000,0.000000,0.000000,0.000000,0.000000,0.000000,0.000000,0.000000
0.000000,0.000000,0.000000,0.000000,0.000000,0.000000,0.000000,0.000000,0.000000,0.000000,0.000000,0.000000,0.000000,0.000000,0.000000,1000.000203,1000.000301,1000.000388,1000.000473,1000.000557,1000.000629,1000.000678,1000.000693,1000.000675,1000.000641,1000.000600,1000.000554,1000.000510,1000.000470,1000.000432,1000.000395,1000.000359,1000.000326,1000.000295,1000.000265,1000.000237,1000.000210,1000.000186,1000.000163,1000.000142,1000.000122,1000.000105,1000.000089,1000.000074,1000.000062,1000.000051,1000.000042,1000.000035,1000.000029,1000.000025,1000.000023,1000.000022,1000.000023,1000.000025,1000.000029,1000.000035,1000.000042,1000.000051,1000.000062,1000.000074,1000.000089,1000.000105,1000.000122,1000.000142,1000.000163,1000.000186,1000.000210,1000.000237,1000.000265,1000.000295,1000.000326,1000.000359,1000.000395,1000.000432,1000.000470,1000.000510,1000.000554,1000.000600,1000.000641,1000.000675,1000.000693,1000.000678,1000.000629,1000.000557,1000.000473,1000.000388,1000.000301,1000.000203,0.000000,0.000000,0.000000,0.000000,0.000000,0.000000,0.000000,0.000000,0.000000,0.000000,0.000000,0.000000,0.000000,0.000000,0.000000
0.000000,0.000000,0.000000,0.000000,0.000000,0.000000,0.000000,0.000000,0.000000,0.000000,0.000000,0.000000,0.000000,0.000000,1000.000197,1000.000297,1000.000386,1000.000473,1000.000558,1000.000631,1000.000681,1000.000693,1000.000670,1000.000630,1000.000584,1000.000539,1000.000496,1000.000454,1000.000414,1000.000375,1000.000338,1000.000303,1000.000270,1000.000238,1000.000208,1000.000180,1000.000154,1000.000129,1000.000106,1000.000085,1000.000065,1000.000048,1000.000032,1000.000017,1000.000005,999.999994,999.999985,999.999978,999.999972,999.999968,999.999965,999.999965,999.999965,999.999968,999.999972,999.999978,999.999985,999.999994,1000.000005,1000.000017,1000.000032,1000.000048,1000.000065,1000.000085,1000.000106,1000.000129,1000.000154,1000.000180,1000.000208,1000.000238,1000.000270,1000.000303,1000.000338,1000.000375,1000.000414,1000.000454,1000.000496,1000.000539,1000.000584,1000.000630,1000.000670,1000.000693,1000.000681,1000.000631,1000.000558,1000.000473,1000.000386,1000.000297,1000.000197,0.000000,0.000000,0.000000,0.000000,0.000000,0.000000,0.000000,0.000000,0.000000,0.000000,0.000000,0.000000,0.000000,0.000000
0.000000,0.000000,0.000000,0.000000,0.000000,0.000000,0.000000,0.000000,0.000000,0.000000,0.000000,0.000000,0.000000,1000.000185,1000.000288,1000.000379,1000.000469,1000.000557,1000.000631,1000.000682,1000.000693,1000.000669,1000.000625,1000.000576,1000.000527,1000.000483,1000.000441,1000.000399,1000.000358,1000.000319,1000.000283,1000.000248,1000.000214,1000.000183,1000.000153,1000.000125,1000.000098,1000.000074,1000.000051,1000.000030,1000.000010,999.999992,999.999976,999.999962,999.999950,999.999939,999.999930,999.999922,999.999916,999.999912,999.999910,999.999909,999.999910,999.999912,999.999916,999.999922,999.999930,999.999939,999.999950,999.999962,999.999976,999.999992,1000.000010,1000.000030,1000.000051,1000.000074,1000.000098,1000.000125,1000.000153,1000.000183,1000.000214,1000.000248,1000.000283,1000.000319,1000.000358,1000.000399,1000.000441,1000.000483,1000.000527,1000.000576,1000.000625,1000.000669,1000.000693,1000.000682,1000.000631,1000.000557,1000.000469,1000.000379,1000.000288,1000.000185,0.000000,0.000000,0.000000,0.000000,0.000000,0.000000,0.000000,0.000000,0.000000,0.000000,0.000000,0.000000,0.000000
0.000000,0.000000,0.000000,0.000000,0.000000,0.000000,0.000000,0.000000,0.000000,0.000000,0.000000,0.000000,1000.000167,1000.000273,1000.000368,1000.000460,1000.000551,1000.000629,1000.000681,1000.000693,1000.000668,1000.000624,1000.000572,1000.000521,1000.000475,1000.000430,1000.000386,1000.000344,1000.000304,1000.000266,1000.000229,1000.000194,1000.000161,1000.000129,1000.000099,1000.000071,1000.000045,1000.000020,999.999997,999.999976,999.999957,999.999939,999.999923,999.999909,999.999896,999.999885,999.999876,999.999868,999.999863,999.999858,999.999856,999.999855,999.999856,999.999858,999.999863,999.999868,999.999876,999.999885,999.999896,999.999909,999.999923,999.999939,999.999957,999.999976,999.999997,1000.000020,1000.000045,1000.000071,1000.000099,1000.000129,1000.000161,1000.000194,1000.000229,1000.000266,1000.000304,1000.000344,1000.000386,1000.000430,1000.000475,1000.000521,1000.000572,1000.000624,1000.000668,1000.000693,1000.000681,1000.000629,1000.000551,1000.000460,1000.000368,1000.000273,1000.000167,0.000000,0.000000,0.000000,0.000000,0.000000,0.000000,0.000000,0.000000,0.000000,0.000000,0.000000,0.000000
0.000000,0.000000,0.000000,0.000000,0.000000,0.000000,0.000000,0.000000,0.000000,0.000000,0.000000,1000.000143,1000.000252,1000.000349,1000.000444,1000.000540,1000.000623,1000.000678,1000.000693,1000.000669,1000.000624,1000.000570,1000.000518,1000.000470,1000.000424,1000.000378,1000.000334,1000.000293,1000.000253,1000.000214,1000.000177,1000.000142,1000.000109,1000.000077,1000.000048,1000.000019,999.999993,999.999968,999.999946,999.999924,999.999905,999.999887,999.999871,999.999857,999.999844,999.999833,999.999824,999.999816,999.999810,999.999806,999.999804,999.999803,999.999804,999.999806,999.999810,999.999816,999.999824,999.999833,999.999844,999.999857,999.999871,999.999887,999.999905,999.999924,999.999946,999.999968,999.999993,1000.000019,1000.000048,1000.000077,1000.000109,1000.000142,1000.000177,1000.000214,1000.000253,1000.000293,1000.000334,1000.000378,1000.000424,1000.000470,1000.000518,1000.000570,1000.000624,1000.000669,1000.000693,1000.000678,1000.000623,1000.000540,1000.000444,1000.000349,1000.000252,1000.000143,0.000000,0.000000,0.000000,0.000000,0.000000,0.000000,0.000000,0.000000,0.000000,0.000000,0.000000
0.000000,0.000000,0.000000,0.000000,0.000000,0.000000,0.000000,0.000000,0.000000,0.000000,0.000000,1000.000224,1000.000326,1000.000422,1000.000520,1000.000610,1000.000673,1000.000693,1000.000670,1000.000625,1000.000572,1000.000518,1000.000468,1000.000420,1000.000373,1000.000327,1000.000284,1000.000242,1000.000202,1000.000164,1000.000127,1000.000092,1000.000059,1000.000027,999.999997,999.999969,999.999943,999.999918,999.999895,999.999874,999.999855,999.999837,999.999821,999.999806,999.999794,999.999783,999.999774,999.999766,999.999760,999.999756,999.999753,999.999753,999.999753,999.999756,999.999760,999.999766,999.999774,999.999783,999.999794,999.999806,999.999821,999.999837,999.999855,999.999874,999.999895,999.999918,999.999943,999.999969,999.999997,1000.000027,1000.000059,1000.000092,1000.000127,1000.000164,1000.000202,1000.000242,1000.000284,1000.000327,1000.000373,1000.000420,1000.000468,1000.000518,1000.000572,1000.000625,1000.000670,1000.000693,1000.000673,1000.000610,1000.000520,1000.000422,1000.000326,1000.000224,0.000000,0.000000,0.000000,0.000000,0.000000,0.000000,0.000000,0.000000,0.000000,0.000000,0.000000
0.000000,0.000000,0.000000,0.000000,0.000000,0.000000,0.000000,0.000000,0.000000,0.000000,1000.000194,1000.000302,1000.000398,1000.000495,1000.000588,1000.000661,1000.000692,1000.000675,1000.000630,1000.000576,1000.000521,1000.000470,1000.000420,1000.000371,1000.000324,1000.000279,1000.000236,1000.000194,1000.000154,1000.000115,1000.000079,1000.000044,1000.000010,999.999979,999.999949,999.999921,999.999895,999.999870,999.999847,999.999826,999.999806,999.999788,999.999772,999.999758,999.999745,999.999734,999.999725,999.999717,999.999711,999.999707,999.999705,999.999704,999.999705,999.999707,999.999711,999.999717,999.999725,999.999734,999.999745,999.999758,999.999772,999.999788,999.999806,999.999826,999.999847,999.999870,999.999895,999.999921,999.999949,999.999979,1000.000010,1000.000044,1000.000079,1000.000115,1000.000154,1000.000194,1000.000236,1000.000279,1000.000324,1000.000371,1000.000420,1000.000470,1000.000521,1000.000576,1000.000630,1000.000675,1000.000692,1000.000661,1000.000588,1000.000495,1000.000398,1000.000302,1000.000194,0.000000,0.000000,0.000000,0.000000,0.000000,0.000000,0.000000,0.000000,0.000000,0.000000
0.000000,0.000000,0.000000,0.000000,0.000000,0.000000,0.000000,0.000000,0.000000,1000.000160,1000.000272,1000.000372,1000.000471,1000.000566,1000.000645,1000.000690,1000.000685,1000.000641,1000.000584,1000.000527,1000.000475,1000.000424,1000.000373,1000.000324,1000.000277,1000.000232,1000.000189,1000.000147,1000.000107,1000.000069,1000.000032,999.999997,999.999964,999.999932,999.999902,999.999874,999.999848,999.999823,999.999800,999.999779,999.999759,999.999742,999.999725,999.999711,999.999698,999.999687,999.999678,999.999671,999.999665,999.999660,999.999658,999.999657,999.999658,999.999660,999.999665,999.999671,999.999678,999.999687,999.999698,999.999711,999.999725,999.999742,999.999759,999.999779,999.999800,999.999823,999.999848,999.999874,999.999902,999.999932,999.999964,999.999997,1000.000032,1000.000069,1000.000107,1000.000147,1000.000189,1000.000232,1000.000277,1000.000324,1000.000373,1000.000424,1000.000475,1000.000527,1000.000584,1000.000641,1000.000685,1000.000690,1000.000645,1000.000566,1000.000471,1000.000372,1000.000272,1000.000160,0.000000,0.000000,0.000000,0.000000,0.000000,0.000000,0.000000,0.000000,0.000000
0.000000,0.000000,0.000000,0.000000,0.000000,0.000000,0.000000,0.000000,0.000000,1000.000233,1000.000339,1000.000442,1000.000543,1000.000628,1000.000683,1000.000692,1000.000657,1000.000600,1000.000539,1000.000483,1000.000430,1000.000378,1000.000327,1000.000279,1000.000232,1000.000187,1000.000143,1000.000102,1000.000062,1000.000023,999.999987,999.999952,999.999919,999.999887,999.999857,999.999829,999.999803,999.999778,999.999755,999.999734,999.999714,999.999696,999.999680,999.999666,999.999653,999.999642,999.999633,999.999625,999.999619,999.999615,999.999613,999.999612,999.999613,999.999615,999.999619,999.999625,999.999633,999.999642,999.999653,999.999666,999.999680,999.999696,999.999714,999.999734,999.999755,999.999778,999.999803,999.999829,999.999857,999.999887,999.999919,999.999952,999.999987,1000.000023,1000.000062,1000.000102,1000.000143,1000.000187,1000.000232,1000.000279,1000.000327,1000.000378,1000.000430,1000.000483,1000.000539,1000.000600,1000.000657,1000.000692,1000.000683,1000.000628,1000.000543,1000.000442,1000.000339,1000.000233,0.000000,0.000000,0.000000,0.000000,0.000000,0.000000,0.000000,0.000000,0.000000
0.000000,0.000000,0.000000,0.000000,0.000000,0.000000,0.000000,0.000000,1000.000187,1000.000302,1000.000405,1000.000510,1000.000606,1000.000673,1000.000693,1000.000667,1000.000616,1000.000554,1000.000496,1000.000441,1000.000386,1000.000334,1000.000284,1000.000236,1000.000189,1000.000143,1000.000100,1000.000058,1000.000018,999.999980,999.999943,999.999908,999.999875,999.999844,999.999814,999.999786,999.999759,999.999735,999.999712,999.999690,999.999671,999.999653,999.999637,999.999623,999.999610,999.999599,999.999589,999.999582,999.999576,999.999572,999.999569,999.999568,999.999569,999.999572,999.999576,999.999582,999.999589,999.999599,999.999610,999.999623,999.999637,999.999653,999.999671,999.999690,999.999712,999.999735,999.999759,999.999786,999.999814,999.999844,999.999875,999.999908,999.999943,999.999980,1000.000018,1000.000058,1000.000100,1000.000143,1000.000189,1000.000236,1000.000284,1000.000334,1000.000386,1000.000441,1000.000496,1000.000554,1000.000616,1000.000667,1000.000693,1000.000673,1000.000606,1000.000510,1000.000405,1000.000302,1000.000187,0.000000,0.000000,0.000000,0.000000,0.000000,0.000000,0.000000,0.000000
0.000000,0.000000,0.000000,0.000000,0.000000,0.000000,0.000000,0.000000,1000.000252,1000.000362,1000.000467,1000.000572,1000.000655,1000.000692,1000.000676,1000.000629,1000.000570,1000.000510,1000.000454,1000.000399,1000.000344,1000.000293,1000.000242,1000.000194,1000.000147,1000.000102,1000.000058,1000.000017,999.999977,999.999938,999.999902,999.999867,999.999833,999.999802,999.999772,999.999744,999.999718,999.999693,999.999670,999.999649,999.999629,999.999611,999.999595,999.999581,999.999568,999.999557,999.999548,999.999540,999.999534,999.999530,999.999527,999.999527,999.999527,999.999530,999.999534,999.999540,999.999548,999.999557,999.999568,999.999581,999.999595,999.999611,999.999629,999.999649,999.999670,999.999693,999.999718,999.999744,999.999772,999.999802,999.999833,999.999867,999.999902,999.999938,999.999977,1000.000017,1000.000058,1000.000102,1000.000147,1000.000194,1000.000242,1000.000293,1000.000344,1000.000399,1000.000454,1000.000510,1000.000570,1000.000629,1000.000676,1000.000692,1000.000655,1000.000572,1000.000467,1000.000362,1000.000252,0.000000,0.000000,0.000000,0.000000,0.000000,0.000000,0.000000,0.000000
0.000000,0.000000,0.000000,0.000000,0.000000,0.000000,0.000000,1000.000197,1000.000315,1000.000421,1000.000527,1000.000624,1000.000684,1000.000688,1000.000646,1000.000588,1000.000527,1000.000470,1000.000414,1000.000358,1000.000304,1000.000253,1000.000202,1000.000154,1000.000107,1000.000062,1000.000018,999.999977,999.999937,999.999898,999.999862,999.999827,999.999793,999.999762,999.999732,999.999704,999.999678,999.999653,999.999630,999.999609,999.999589,999.999571,999.999555,999.999541,999.999528,999.999517,999.999508,999.999500,999.999494,999.999490,999.999487,999.999487,999.999487,999.999490,999.999494,999.999500,999.999508,999.999517,999.999528,999.999541,999.999555,999.999571,999.999589,999.999609,999.999630,999.999653,999.999678,999.999704,999.999732,999.999762,999.999793,999.999827,999.999862,999.999898,999.999937,999.999977,1000.000018,1000.000062,1000.000107,1000.000154,1000.000202,1000.000253,1000.000304,1000.000358,1000.000414,1000.000470,1000.000527,1000.000588,1000.000646,1000.000688,1000.000684,1000.000624,1000.000527,1000.000421,1000.000315,1000.000197,0.000000,0.000000,0.000000,0.000000,0.000000,0.000000,0.000000
0.000000,0.000000,0.000000,0.000000,0.000000,0.000000,0.000000,1000.000258,1000.000370,1000.000477,1000.000582,1000.000663,1000.000694,1000.000668,1000.000612,1000.000548,1000.000489,1000.000432,1000.000375,1000.000319,1000.000266,1000.000214,1000.000164,1000.000115,1000.000069,1000.000023,999.999980,999.999938,999.999898,999.999860,999.999823,999.999788,999.999755,999.999724,999.999694,999.999666,999.999639,999.999615,999.999592,999.999570,999.999551,999.999533,999.999517,999.999502,999.999490,999.999479,999.999469,999.999462,999.999456,999.999452,999.999449,999.999448,999.999449,999.999452,999.999456,999.999462,999.999469,999.999479,999.999490,999.999502,999.999517,999.999533,999.999551,999.999570,999.999592,999.999615,999.999639,999.999666,999.999694,999.999724,999.999755,999.999788,999.999823,999.999860,999.999898,999.999938,999.999980,1000.000023,1000.000069,1000.000115,1000.000164,1000.000214,1000.000266,1000.000319,1000.000375,1000.000432,1000.000489,1000.000548,1000.000612,1000.000668,1000.000694,1000.000663,1000.000582,1000.000477,1000.000370,1000.000258,0.000000,0.000000,0.000000,0.000000,0.000000,0.000000,0.000000
0.000000,0.000000,0.000000,0.000000,0.000000,0.000000,1000.000197,1000.000317,1000.000425,1000.000533,1000.000629,1000.000687,1000.000687,1000.000640,1000.000576,1000.000513,1000.000453,1000.000395,1000.000338,1000.000283,1000.000229,1000.000177,1000.000127,1000.000079,1000.000032,999.999987,999.999943,999.999902,999.999862,999.999823,999.999787,999.999752,999.999719,999.999687,999.999657,999.999629,999.999603,999.999578,999.999555,999.999534,999.999514,999.999496,999.999480,999.999466,999.999453,999.999442,999.999433,999.999425,999.999419,999.999415,999.999412,999.999412,999.999412,999.999415,999.999419,999.999425,999.999433,999.999442,999.999453,999.999466,999.999480,999.999496,999.999514,999.999534,999.999555,999.999578,999.999603,999.999629,999.999657,999.999687,999.999719,999.999752,999.999787,999.999823,999.999862,999.999902,999.999943,999.999987,1000.000032,1000.000079,1000.000127,1000.000177,1000.000229,1000.000283,1000.000338,1000.000395,1000.000453,1000.000513,1000.000576,1000.000640,1000.000687,1000.000687,1000.000629,1000.000533,1000.000425,1000.000317,1000.000197,0.000000,0.000000,0.000000,0.000000,0.000000,0.000000
0.000000,0.000000,0.000000,0.000000,0.000000,0.000000,1000.000254,1000.000368,1000.000478,1000.000583,1000.000665,1000.000695,1000.000667,1000.000607,1000.000541,1000.000478,1000.000418,1000.000359,1000.000303,1000.000248,1000.000194,1000.000142,1000.000092,1000.000044,999.999997,999.999952,999.999908,999.999867,999.999827,999.999788,999.999752,999.999717,999.999684,999.999652,999.999622,999.999594,999.999568,999.999543,999.999520,999.999499,999.999479,999.999462,999.999445,999.999431,999.999418,999.999407,999.999398,999.999390,999.999384,999.999380,999.999377,999.999377,999.999377,999.999380,999.999384,999.999390,999.999398,999.999407,999.999418,999.999431,999.999445,999.999462,999.999479,999.999499,999.999520,999.999543,999.999568,999.999594,999.999622,999.999652,999.999684,999.999717,999.999752,999.999788,999.999827,999.999867,999.999908,999.999952,999.999997,1000.000044,1000.000092,1000.000142,1000.000194,1000.000248,1000.000303,1000.000359,1000.000418,1000.000478,1000.000541,1000.000607,1000.000667,1000.000695,1000.000665,1000.000583,1000.000478,1000.000368,1000.000254,0.000000,0.000000,0.000000,0.000000,0.000000,0.000000
0.000000,0.000000,0.000000,0.000000,0.000000,1000.000188,1000.000309,1000.000419,1000.000530,1000.000627,1000.000687,1000.000687,1000.000639,1000.000573,1000.000508,1000.000446,1000.000385,1000.000326,1000.000270,1000.000214,1000.000161,1000.000109,1000.000059,1000.000010,999.999964,999.999919,999.999875,999.999833,999.999793,999.999755,999.999719,999.999684,999.999650,999.999619,999.999589,999.999561,999.999535,999.999510,999.999487,999.999466,999.999446,999.999428,999.999412,999.999398,999.999385,999.999374,999.999365,999.999357,999.999351,999.999347,999.999344,999.999343,999.999344,999.999347,999.999351,999.999357,999.999365,999.999374,999.999385,999.999398,999.999412,999.999428,999.999446,999.999466,999.999487,999.999510,999.999535,999.999561,999.999589,999.999619,999.999650,999.999684,999.999719,999.999755,999.999793,999.999833,999.999875,999.999919,999.999964,1000.000010,1000.000059,1000.000109,1000.000161,1000.000214,1000.000270,1000.000326,1000.000385,1000.000446,1000.000508,1000.000573,1000.000639,1000.000687,1000.000687,1000.000627,1000.000530,1000.000419,1000.000309,1000.000188,0.000000,0.000000,0.000000,0.000000,0.000000
0.000000,0.000000,0.000000,0.000000,0.000000,1000.000239,1000.000356,1000.000468,1000.000577,1000.000662,1000.000694,1000.000667,1000.000607,1000.000540,1000.000476,1000.000414,1000.000353,1000.000295,1000.000238,1000.000183,1000.000129,1000.000077,1000.000027,999.999979,999.999932,999.999887,999.999844,999.999802,999.999762,999.999724,999.999687,999.999652,999.999619,999.999587,999.999558,999.999530,999.999503,999.999479,999.999456,999.999434,999.999415,999.999397,999.999381,999.999366,999.999354,999.999342,999.999333,999.999325,999.999320,999.999315,999.999313,999.999312,999.999313,999.999315,999.999320,999.999325,999.999333,999.999342,999.999354,999.999366,999.999381,999.999397,999.999415,999.999434,999.999456,999.999479,999.999503,999.999530,999.999558,999.999587,999.999619,999.999652,999.999687,999.999724,999.999762,999.999802,999.999844,999.999887,999.999932,999.999979,1000.000027,1000.000077,1000.000129,1000.000183,1000.000238,1000.000295,1000.000353,1000.000414,1000.000476,1000.000540,1000.000607,1000.000667,1000.000694,1000.000662,1000.000577,1000.000468,1000.000356,1000.000239,0.000000,0.000000,0.000000,0.000000,0.000000
0.000000,0.000000,0.000000,0.000000,1000.000165,1000.000288,1000.000401,1000.000515,1000.000619,1000.000684,1000.000688,1000.000641,1000.000575,1000.000509,1000.000446,1000.000384,1000.000324,1000.000265,1000.000208,1000.000153,1000.000099,1000.000048,999.999997,999.999949,999.999902,999.999857,999.999814,999.999772,999.999732,999.999694,999.999657,999.999622,999.999589,999.999558,999.999528,999.999500,999.999473,999.999449,999.999426,999.999405,999.999385,999.999367,999.999351,999.999336,999.999324,999.999313,999.999303,999.999296,999.999290,999.999285,999.999283,999.999282,999.999283,999.999285,999.999290,999.999296,999.999303,999.999313,999.999324,999.999336,999.999351,999.999367,999.999385,999.999405,999.999426,999.999449,999.999473,999.999500,999.999528,999.999558,999.999589,999.999622,999.999657,999.999694,999.999732,999.999772,999.999814,999.999857,999.999902,999.999949,999.999997,1000.000048,1000.000099,1000.000153,1000.000208,1000.000265,1000.000324,1000.000384,1000.000446,1000.000509,1000.000575,1000.000641,1000.000688,1000.000684,1000.000619,1000.000515,1000.000401,1000.000288,1000.000165,0.000000,0.000000,0.000000,0.000000
0.000000,0.000000,0.000000,0.000000,1000.000210,1000.000328,1000.000442,1000.000556,1000.000651,1000.000693,1000.000671,1000.000613,1000.000545,1000.000481,1000.000418,1000.000355,1000.000295,1000.000237,1000.000180,1000.000125,1000.000071,1000.000019,999.999969,999.999921,999.999874,999.999829,999.999786,999.999744,999.999704,999.999666,999.999629,999.999594,999.999561,999.999530,999.999500,999.999472,999.999445,999.999421,999.999398,999.999376,999.999357,999.999339,999.999323,999.999308,999.999296,999.999285,999.999275,999.999268,999.999262,999.999257,999.999255,999.999254,999.999255,999.999257,999.999262,999.999268,999.999275,999.999285,999.999296,999.999308,999.999323,999.999339,999.999357,999.999376,999.999398,999.999421,999.999445,999.999472,999.999500,999.999530,999.999561,999.999594,999.999629,999.999666,999.999704,999.999744,999.999786,999.999829,999.999874,999.999921,999.999969,1000.000019,1000.000071,1000.000125,1000.000180,1000.000237,1000.000295,1000.000355,1000.000418,1000.000481,1000.000545,1000.000613,1000.000671,1000.000693,1000.000651,1000.000556,1000.000442,1000.000328,1000.000210,0.000000,0.000000,0.000000,0.000000
