0.000000,0.000000,0.000000,0.000000,0.000000,0.000000,0.000000,0.000000,0.000000,0.000000,0.000000,0.000000,0.000000,0.000000,0.000000,0.000000,0.000000,0.000000,0.000000,0.000000,0.000000,0.000000,0.000000,0.000000,0.000000,0.000000,0.000000,0.000000,0.000000,0.000000,0.000000,0.000000,0.000000,0.000000,0.000000,0.000000,0.000000,0.000000,0.000000,0.000000,0.000000,0.000000,0.000000,0.000000,0.000000,0.000000,0.000000,0.000000,0.000000,0.000000,0.000000,0.000000,0.000000,0.000000,0.000000,0.000000,0.000000,0.000000,0.000000,0.000000,0.000000,0.000000,0.000000,0.000000,0.000000,0.000000,0.000000,0.000000,0.000000,0.000000,0.000000,0.000000,0.000000,0.000000,0.000000,0.000000,0.000000,0.000000,0.000000,0.000000,0.000000,0.000000,0.000000,0.000000,0.000000,0.000000,0.000000,0.000000,0.000000,0.000000,0.000000,0.000000,0.000000,0.000000,0.000000,0.000000,0.000000,0.000000,0.000000,0.000000,0.000000,0.000000,0.000000
0.000000,0.000000,0.000000,0.000000,0.000000,0.000000,0.000000,0.000000,0.000000,0.000000,0.000000,0.000000,0.000000,0.000000,0.000000,0.000000,0.000000,0.000000,0.000000,0.000000,0.000000,0.000000,0.000000,0.000000,0.000000,0.000000,0.000000,0.000000,0.000000,0.000000,0.000000,0.000000,0.000000,0.000000,0.000000,0.000000,0.000000,0.000000,0.000000,0.000000,0.000000,0.000000,0.000000,0.000000,0.000000,0.000000,0.000000,0.000000,0.000000,0.000000,0.000000,999.998276,0.000000,0.000000,0.000000,0.000000,0.000000,0.000000,0.000000,0.000000,0.000000,0.000000,0.000000,0.000000,0.000000,0.000000,0.000000,0.000000,0.000000,0.000000,0.000000,0.000000,0.000000,0.000000,0.000000,0.000000,0.000000,0.000000,0.000000,0.000000,0.000000,0.000000,0.000000,0.000000,0.000000,0.000000,0.000000,0.000000,0.000000,0.000000,0.000000,0.000000,0.000000,0.000000,0.000000,0.000000,0.000000,0.000000,0.000000,0.000000,0.000000,0.000000,0.000000
0.000000,0.000000,0.000000,0.000000,0.000000,0.000000,0.000000,0.000000,0.000000,0.000000,0.000000,0.000000,0.000000,0.000000,0.000000,0.000000,0.000000,0.000000,0.000000,0.000000,0.000000,0.000000,0.000000,0.000000,0.000000,0.000000,0.000000,0.000000,0.000000,0.000000,0.000000,0.000000,0.000000,0.000000,0.000000,0.000000,0.000000,0.000000,0.000000,0.000000,0.000000,0.000000,999.996445,999.994228,999.994220,999.994758,999.995290,999.995853,999.996512,999.997382,999.998173,999.998295,999.998451,999.999103,999.999950,1000.000392,1000.000811,1000.001162,1000.001445,1000.001438,999.999840,0.000000,0.000000,0.000000,0.000000,0.000000,0.000000,0.000000,0.000000,0.000000,0.000000,0.000000,0.000000,0.000000,0.000000,0.000000,0.000000,0.000000,0.000000,0.000000,0.000000,0.000000,0.000000,0.000000,0.000000,0.000000,0.000000,0.000000,0.000000,0.000000,0.000000,0.000000,0.000000,0.000000,0.000000,0.000000,0.000000,0.000000,0.000000,0.000000,0.000000,0.000000,0.000000
0.000000,0.000000,0.000000,0.000000,0.000000,0.000000,0.000000,0.000000,0.000000,0.000000,0.000000,0.000000,0.000000,0.000000,0.000000,0.000000,0.000000,0.000000,0.000000,0.000000,0.000000,0.000000,0.000000,0.000000,0.000000,0.000000,0.000000,0.000000,0.000000,0.000000,0.000000,0.000000,0.000000,0.000000,0.000000,0.000000,0.000000,999.992909,999.990750,999.990650,999.991740,999.993397,999.995730,999.995199,999.994863,999.995026,999.995452,999.996000,999.996545,999.997144,999.997988,999.998219,999.998377,999.999166,999.999673,1000.000105,1000.000488,1000.000800,1000.000911,1000.000653,1000.000334,1000.001810,1000.002790,1000.003346,1000.003197,1000.001906,0.000000,0.000000,0.000000,0.000000,0.000000,0.000000,0.000000,0.000000,0.000000,0.000000,0.000000,0.000000,0.000000,0.000000,0.000000,0.000000,0.000000,0.000000,0.000000,0.000000,0.000000,0.000000,0.000000,0.000000,0.000000,0.000000,0.000000,0.000000,0.000000,0.000000,0.000000,0.000000,0.000000,0.000000,0.000000,0.000000,0.000000
0.000000,0.000000,0.000000,0.000000,0.000000,0.000000,0.000000,0.000000,0.000000,0.000000,0.000000,0.000000,0.000000,0.000000,0.000000,0.000000,0.000000,0.000000,0.000000,0.000000,0.000000,0.000000,0.000000,0.000000,0.000000,0.000000,0.000000,0.000000,0.000000,0.000000,0.000000,0.000000,0.000000,0.000000,999.990829,999.989242,999.990154,999.992337,999.991970,999.991797,999.992162,999.993621,999.994413,999.994630,999.994872,999.995199,999.995576,999.996102,999.996617,999.997123,999.997649,999.998102,999.998572,999.999040,999.999466,999.999931,1000.000281,1000.000570,1000.000767,1000.000892,1000.001029,1000.001559,1000.002399,1000.002587,1000.002455,1000.002212,1000.003342,1000.003744,1000.002948,0.000000,0.000000,0.000000,0.000000,0.000000,0.000000,0.000000,0.000000,0.000000,0.000000,0.000000,0.000000,0.000000,0.000000,0.000000,0.000000,0.000000,0.000000,0.000000,0.000000,0.000000,0.000000,0.000000,0.000000,0.000000,0.000000,0.000000,0.000000,0.000000,0.000000,0.000000,0.000000,0.000000,0.000000
0.000000,0.000000,0.000000,0.000000,0.000000,0.000000,0.000000,0.000000,0.000000,0.000000,0.000000,0.000000,0.000000,0.000000,0.000000,0.000000,0.000000,0.000000,0.000000,0.000000,0.000000,0.000000,0.000000,0.000000,0.000000,0.000000,0.000000,0.000000,0.000000,0.000000,0.000000,0.000000,999.990114,999.988722,999.990549,999.990405,999.991036,999.991538,999.991754,999.992148,999.992610,999.993345,999.993897,999.994447,999.994869,999.995216,999.995648,999.996093,999.996594,999.997101,999.997561,999.998008,999.998526,999.998931,999.999362,999.999769,1000.000151,1000.000446,1000.000680,1000.000924,1000.001259,1000.001610,1000.002030,1000.002287,1000.002471,1000.002608,1000.002804,1000.003068,1000.002998,1000.003840,1000.003095,0.000000,0.000000,0.000000,0.000000,0.000000,0.000000,0.000000,0.000000,0.000000,0.000000,0.000000,0.000000,0.000000,0.000000,0.000000,0.000000,0.000000,0.000000,0.000000,0.000000,0.000000,0.000000,0.000000,0.000000,0.000000,0.000000,0.000000,0.000000,0.000000,0.000000,0.000000,0.000000
0.000000,0.000000,0.000000,0.000000,0.000000,0.000000,0.000000,0.000000,0.000000,0.000000,0.000000,0.000000,0.000000,0.000000,0.000000,0.000000,0.000000,0.000000,0.000000,0.000000,0.000000,0.000000,0.000000,0.000000,0.000000,0.000000,0.000000,0.000000,0.000000,0.000000,999.988630,999.987278,999.989446,999.989978,999.990249,999.990397,999.990865,999.991230,999.991753,999.992209,999.992713,999.993224,999.993755,999.994301,999.994767,999.995168,999.995636,999.996090,999.996539,999.997052,999.997502,999.998003,999.998435,999.998897,999.999287,999.999724,1000.000018,1000.000353,1000.000680,1000.000958,1000.001287,1000.001585,1000.001913,1000.002175,1000.002366,1000.002645,1000.002808,1000.003031,1000.003067,1000.003189,1000.003401,1000.004315,1000.003721,0.000000,0.000000,0.000000,0.000000,0.000000,0.000000,0.000000,0.000000,0.000000,0.000000,0.000000,0.000000,0.000000,0.000000,0.000000,0.000000,0.000000,0.000000,0.000000,0.000000,0.000000,0.000000,0.000000,0.000000,0.000000,0.000000,0.000000,0.000000,0.000000,0.000000
0.000000,0.000000,0.000000,0.000000,0.000000,0.000000,0.000000,0.000000,0.000000,0.000000,0.000000,0.000000,0.000000,0.000000,0.000000,0.000000,0.000000,0.000000,0.000000,0.000000,0.000000,0.000000,0.000000,0.000000,0.000000,0.000000,0.000000,0.000000,999.987161,999.985895,999.988043,999.988793,999.989160,999.989535,999.989847,999.990387,999.990806,999.991179,999.991676,999.992149,999.992659,999.993183,999.993657,999.994161,999.994646,999.995139,999.995604,999.996068,999.996549,999.997044,999.997500,999.997961,999.998365,999.998824,999.999232,999.999623,999.999971,1000.000306,1000.000625,1000.000978,1000.001289,1000.001538,1000.001855,1000.002130,1000.002366,1000.002574,1000.002773,1000.002954,1000.003198,1000.003302,1000.003455,1000.003626,1000.003894,1000.004744,1000.004181,0.000000,0.000000,0.000000,0.000000,0.000000,0.000000,0.000000,0.000000,0.000000,0.000000,0.000000,0.000000,0.000000,0.000000,0.000000,0.000000,0.000000,0.000000,0.000000,0.000000,0.000000,0.000000,0.000000,0.000000,0.000000,0.000000,0.000000,0.000000
0.000000,0.000000,0.000000,0.000000,0.000000,0.000000,0.000000,0.000000,0.000000,0.000000,0.000000,0.000000,0.000000,0.000000,0.000000,0.000000,0.000000,0.000000,0.000000,0.000000,0.000000,0.000000,0.000000,0.000000,0.000000,0.000000,999.985792,999.984785,999.986706,999.987429,999.987891,999.988368,999.988740,999.989351,999.989780,999.990255,999.990679,999.991165,999.991641,999.992093,999.992570,999.993086,999.993608,999.994117,999.994625,999.995086,999.995555,999.996048,999.996536,999.997013,999.997449,999.997957,999.998388,999.998818,999.999181,999.999585,999.999985,1000.000333,1000.000634,1000.000942,1000.001290,1000.001544,1000.001820,1000.002069,1000.002357,1000.002546,1000.002780,1000.002933,1000.003124,1000.003344,1000.003577,1000.003706,1000.003893,1000.004056,1000.004322,1000.005001,1000.004621,0.000000,0.000000,0.000000,0.000000,0.000000,0.000000,0.000000,0.000000,0.000000,0.000000,0.000000,0.000000,0.000000,0.000000,0.000000,0.000000,0.000000,0.000000,0.000000,0.000000,0.000000,0.000000,0.000000,0.000000,0.000000,0.000000
0.000000,0.000000,0.000000,0.000000,0.000000,0.000000,0.000000,0.000000,0.000000,0.000000,0.000000,0.000000,0.000000,0.000000,0.000000,0.000000,0.000000,0.000000,0.000000,0.000000,0.000000,0.000000,0.000000,0.000000,999.984888,999.984100,999.985612,999.986234,999.986614,999.987184,999.987581,999.988196,999.988698,999.989176,999.989647,999.990122,999.990540,999.991028,999.991534,999.992012,999.992518,999.993023,999.993538,999.994045,999.994572,999.995053,999.995531,999.996061,999.996511,999.996980,999.997453,999.997928,999.998368,999.998803,999.999174,999.999579,999.999966,1000.000301,1000.000658,1000.000927,1000.001290,1000.001584,1000.001836,1000.002060,1000.002359,1000.002553,1000.002799,1000.003003,1000.003146,1000.003350,1000.003580,1000.003743,1000.003949,1000.004098,1000.004310,1000.004457,1000.004660,1000.005149,1000.004825,0.000000,0.000000,0.000000,0.000000,0.000000,0.000000,0.000000,0.000000,0.000000,0.000000,0.000000,0.000000,0.000000,0.000000,0.000000,0.000000,0.000000,0.000000,0.000000,0.000000,0.000000,0.000000,0.000000,0.000000
0.000000,0.000000,0.000000,0.000000,0.000000,0.000000,0.000000,0.000000,0.000000,0.000000,0.000000,0.000000,0.000000,0.000000,0.000000,0.000000,0.000000,0.000000,0.000000,0.000000,0.000000,0.000000,0.000000,999.985143,999.984891,999.985244,999.985652,999.986107,999.986508,999.987096,999.987553,999.988067,999.988559,999.989031,999.989509,999.989967,999.990464,999.990933,999.991421,999.991915,999.992462,999.992965,999.993477,999.993976,999.994499,999.995011,999.995529,999.996017,999.996526,999.996993,999.997484,999.997912,999.998341,999.998798,999.999227,999.999604,999.999967,1000.000307,1000.000666,1000.000982,1000.001263,1000.001582,1000.001871,1000.002101,1000.002332,1000.002574,1000.002770,1000.003027,1000.003186,1000.003363,1000.003530,1000.003748,1000.003949,1000.004089,1000.004304,1000.004445,1000.004576,1000.004728,1000.004800,1000.004666,0.000000,0.000000,0.000000,0.000000,0.000000,0.000000,0.000000,0.000000,0.000000,0.000000,0.000000,0.000000,0.000000,0.000000,0.000000,0.000000,0.000000,0.000000,0.000000,0.000000,0.000000,0.000000,0.000000
0.000000,0.000000,0.000000,0.000000,0.000000,0.000000,0.000000,0.000000,0.000000,0.000000,0.000000,0.000000,0.000000,0.000000,0.000000,0.000000,0.000000,0.000000,0.000000,0.000000,0.000000,999.983545,999.983101,999.984715,999.985129,999.985394,999.985596,999.986056,999.986548,999.986981,999.987468,999.987931,999.988417,999.988847,999.989361,999.989840,999.990366,999.990824,999.991330,999.991848,999.992363,999.992875,999.993401,999.993970,999.994474,999.994982,999.995517,999.996029,999.996500,999.997012,999.997480,999.997953,999.998390,999.998832,999.999281,999.999657,999.999986,1000.000380,1000.000757,1000.001049,1000.001306,1000.001601,1000.001897,1000.002163,1000.002389,1000.002621,1000.002802,1000.002987,1000.003222,1000.003426,1000.003557,1000.003738,1000.003933,1000.004099,1000.004236,1000.004379,1000.004544,1000.004629,1000.004727,1000.004822,1000.005338,1000.005142,0.000000,0.000000,0.000000,0.000000,0.000000,0.000000,0.000000,0.000000,0.000000,0.000000,0.000000,0.000000,0.000000,0.000000,0.000000,0.000000,0.000000,0.000000,0.000000,0.000000,0.000000
0.000000,0.000000,0.000000,0.000000,0.000000,0.000000,0.000000,0.000000,0.000000,0.000000,0.000000,0.000000,0.000000,0.000000,0.000000,0.000000,0.000000,0.000000,0.000000,0.000000,999.983824,999.983824,999.984121,999.984599,999.984926,999.985316,999.985688,999.986087,999.986511,999.986909,999.987359,999.987824,999.988278,999.988755,999.989261,999.989704,999.990176,999.990694,999.991247,999.991736,999.992275,999.992796,999.993357,999.993896,999.994421,999.994966,999.995503,999.996007,999.996519,999.997020,999.997525,999.997988,999.998456,999.998862,999.999285,999.999660,1000.000061,1000.000423,1000.000742,1000.001083,1000.001381,1000.001663,1000.001929,1000.002192,1000.002417,1000.002660,1000.002868,1000.003066,1000.003244,1000.003444,1000.003617,1000.003766,1000.003921,1000.004103,1000.004250,1000.004375,1000.004489,1000.004600,1000.004740,1000.004845,1000.004976,1000.005072,1000.005034,0.000000,0.000000,0.000000,0.000000,0.000000,0.000000,0.000000,0.000000,0.000000,0.000000,0.000000,0.000000,0.000000,0.000000,0.000000,0.000000,0.000000,0.000000,0.000000,0.000000
0.000000,0.000000,0.000000,0.000000,0.000000,0.000000,0.000000,0.000000,0.000000,0.000000,0.000000,0.000000,0.000000,0.000000,0.000000,0.000000,0.000000,0.000000,0.000000,999.983560,999.983816,999.984017,999.984339,999.984551,999.984962,999.985320,999.985691,999.986069,999.986450,999.986813,999.987259,999.987720,999.988127,999.988612,999.989073,999.989557,999.990074,999.990602,999.991091,999.991623,999.992192,999.992762,999.993297,999.993842,999.994400,999.994939,999.995536,999.996006,999.996585,999.997086,999.997575,999.998053,999.998502,999.998939,999.999351,999.999767,1000.000179,1000.000523,1000.000806,1000.001155,1000.001494,1000.001755,1000.002016,1000.002270,1000.002469,1000.002698,1000.002942,1000.003132,1000.003302,1000.003440,1000.003645,1000.003797,1000.003947,1000.004078,1000.004221,1000.004356,1000.004471,1000.004570,1000.004673,1000.004818,1000.004883,1000.004991,1000.005042,1000.005058,0.000000,0.000000,0.000000,0.000000,0.000000,0.000000,0.000000,0.000000,0.000000,0.000000,0.000000,0.000000,0.000000,0.000000,0.000000,0.000000,0.000000,0.000000,0.000000
0.000000,0.000000,0.000000,0.000000,0.000000,0.000000,0.000000,0.000000,0.000000,0.000000,0.000000,0.000000,0.000000,0.000000,0.000000,0.000000,0.000000,0.000000,999.983289,999.983591,999.983890,999.984150,999.984410,999.984673,999.985008,999.985297,999.985639,999.985964,999.986329,999.986721,999.987159,999.987544,999.987985,999.988445,999.988905,999.989413,999.989927,999.990438,999.990960,999.991542,999.992094,999.992662,999.993218,999.993827,999.994397,999.994948,999.995525,999.996079,999.996620,999.997126,999.997631,999.998081,999.998589,999.999023,999.999475,999.999853,1000.000221,1000.000586,1000.000933,1000.001262,1000.001557,1000.001823,1000.002072,1000.002340,1000.002582,1000.002766,1000.002961,1000.003181,1000.003332,1000.003510,1000.003686,1000.003816,1000.003976,1000.004088,1000.004210,1000.004360,1000.004460,1000.004558,1000.004680,1000.004756,1000.004823,1000.004913,1000.005016,1000.005065,1000.005200,0.000000,0.000000,0.000000,0.000000,0.000000,0.000000,0.000000,0.000000,0.000000,0.000000,0.000000,0.000000,0.000000,0.000000,0.000000,0.000000,0.000000,0.000000
0.000000,0.000000,0.000000,0.000000,0.000000,0.000000,0.000000,0.000000,0.000000,0.000000,0.000000,0.000000,0.000000,0.000000,0.000000,0.000000,0.000000,999.983040,999.983418,999.983684,999.983954,999.984196,999.984409,999.984685,999.984955,999.985274,999.985593,999.985913,999.986255,999.986625,999.986988,999.987387,999.987836,999.988305,999.988755,999.989257,999.989741,999.990270,999.990852,999.991426,999.991973,999.992546,999.993169,999.993765,999.994361,999.994961,999.995525,999.996095,999.996646,999.997167,999.997711,999.998221,999.998690,999.999155,999.999579,999.999970,1000.000345,1000.000733,1000.001074,1000.001394,1000.001648,1000.001936,1000.002198,1000.002421,1000.002653,1000.002903,1000.003021,1000.003211,1000.003429,1000.003563,1000.003746,1000.003870,1000.003988,1000.004120,1000.004231,1000.004339,1000.004478,1000.004529,1000.004654,1000.004762,1000.004820,1000.004874,1000.004972,1000.005051,1000.005100,1000.005220,0.000000,0.000000,0.000000,0.000000,0.000000,0.000000,0.000000,0.000000,0.000000,0.000000,0.000000,0.000000,0.000000,0.000000,0.000000,0.000000,0.000000
0.000000,0.000000,0.000000,0.000000,0.000000,0.000000,0.000000,0.000000,0.000000,0.000000,0.000000,0.000000,0.000000,0.000000,0.000000,0.000000,999.983036,999.983280,999.983544,999.983754,999.984042,999.984245,999.984493,999.984746,999.984995,999.985267,999.985537,999.985825,999.986149,999.986480,999.986857,999.987234,999.987662,999.988083,999.988548,999.989051,999.989562,999.990136,999.990695,999.991268,999.991850,999.992504,999.993120,999.993731,999.994346,999.994991,999.995580,999.996149,999.996761,999.997293,999.997850,999.998374,999.998827,999.999270,999.999685,1000.000126,1000.000496,1000.000870,1000.001178,1000.001489,1000.001784,1000.002084,1000.002322,1000.002554,1000.002760,1000.002977,1000.003183,1000.003313,1000.003504,1000.003635,1000.003751,1000.003895,1000.004051,1000.004161,1000.004268,1000.004328,1000.004449,1000.004541,1000.004604,1000.004669,1000.004803,1000.004853,1000.004927,1000.005025,1000.005083,1000.005146,1000.005250,0.000000,0.000000,0.000000,0.000000,0.000000,0.000000,0.000000,0.000000,0.000000,0.000000,0.000000,0.000000,0.000000,0.000000,0.000000,0.000000
0.000000,0.000000,0.000000,0.000000,0.000000,0.000000,0.000000,0.000000,0.000000,0.000000,0.000000,0.000000,0.000000,0.000000,0.000000,999.983040,999.983280,999.983524,999.983706,999.983937,999.984155,999.984317,999.984515,999.984755,999.984958,999.985176,999.985416,999.985698,999.985997,999.986333,999.986681,999.987038,999.987440,999.987832,999.988320,999.988829,999.989365,999.989926,999.990490,999.991097,999.991749,999.992413,999.993047,999.993689,999.994332,999.994987,999.995602,999.996253,999.996835,999.997411,999.997940,999.998436,999.998973,999.999426,999.999866,1000.000305,1000.000690,1000.001007,1000.001343,1000.001655,1000.001928,1000.002210,1000.002444,1000.002685,1000.002857,1000.003065,1000.003249,1000.003428,1000.003551,1000.003696,1000.003835,1000.003944,1000.004058,1000.004196,1000.004281,1000.004380,1000.004468,1000.004560,1000.004622,1000.004687,1000.004764,1000.004824,1000.004885,1000.004965,1000.005054,1000.005081,1000.005159,1000.005236,0.000000,0.000000,0.000000,0.000000,0.000000,0.000000,0.000000,0.000000,0.000000,0.000000,0.000000,0.000000,0.000000,0.000000,0.000000
0.000000,0.000000,0.000000,0.000000,0.000000,0.000000,0.000000,0.000000,0.000000,0.000000,0.000000,0.000000,0.000000,0.000000,999.983289,999.983418,999.983544,999.983706,999.983868,999.984019,999.984201,999.984334,999.984554,999.984743,999.984917,999.985134,999.985358,999.985619,999.985861,999.986154,999.986432,999.986810,999.987188,999.987635,999.988096,999.988611,999.989112,999.989693,999.990301,999.990969,999.991618,999.992275,999.992951,999.993681,999.994377,999.995030,999.995701,999.996354,999.996979,999.997562,999.998126,999.998639,999.999153,999.999622,1000.000065,1000.000460,1000.000845,1000.001186,1000.001546,1000.001866,1000.002122,1000.002370,1000.002601,1000.002842,1000.003038,1000.003182,1000.003367,1000.003522,1000.003658,1000.003799,1000.003933,1000.004031,1000.004123,1000.004200,1000.004310,1000.004370,1000.004454,1000.004548,1000.004628,1000.004667,1000.004746,1000.004800,1000.004852,1000.004905,1000.004990,1000.005044,1000.005116,1000.005135,1000.005172,0.000000,0.000000,0.000000,0.000000,0.000000,0.000000,0.000000,0.000000,0.000000,0.000000,0.000000,0.000000,0.000000,0.000000
0.000000,0.000000,0.000000,0.000000,0.000000,0.000000,0.000000,0.000000,0.000000,0.000000,0.000000,0.000000,0.000000,999.983560,999.983591,999.983684,999.983754,999.983937,999.984019,999.984174,999.984359,999.984460,999.984650,999.984730,999.984887,999.985047,999.985238,999.985457,999.985660,999.985910,999.986193,999.986563,999.986913,999.987322,999.987802,999.988288,999.988839,999.989461,999.990088,999.990780,999.991444,999.992182,999.992897,999.993649,999.994363,999.995074,999.995786,999.996444,999.997082,999.997697,999.998305,999.998852,999.999385,999.999848,1000.000313,1000.000697,1000.001072,1000.001440,1000.001746,1000.002048,1000.002310,1000.002566,1000.002757,1000.002980,1000.003175,1000.003359,1000.003487,1000.003659,1000.003757,1000.003900,1000.004000,1000.004082,1000.004182,1000.004275,1000.004359,1000.004431,1000.004474,1000.004525,1000.004610,1000.004666,1000.004705,1000.004770,1000.004811,1000.004872,1000.004929,1000.004962,1000.005035,1000.005101,1000.005105,1000.005118,0.000000,0.000000,0.000000,0.000000,0.000000,0.000000,0.000000,0.000000,0.000000,0.000000,0.000000,0.000000,0.000000
0.000000,0.000000,0.000000,0.000000,0.000000,0.000000,0.000000,0.000000,0.000000,0.000000,0.000000,0.000000,999.983824,999.983816,999.983890,999.983954,999.984042,999.984155,999.984201,999.984359,999.984399,999.984466,999.984579,999.984664,999.984837,999.984984,999.985118,999.985262,999.985435,999.985698,999.985957,999.986250,999.986582,999.987001,999.987446,999.987941,999.988544,999.989169,999.989823,999.990503,999.991281,999.992056,999.992841,999.993605,999.994371,999.995168,999.995928,999.996616,999.997281,999.997930,999.998527,999.999083,999.999590,1000.000080,1000.000518,1000.000960,1000.001330,1000.001671,1000.001981,1000.002259,1000.002518,1000.002781,1000.002971,1000.003170,1000.003332,1000.003504,1000.003639,1000.003769,1000.003883,1000.003973,1000.004092,1000.004178,1000.004245,1000.004315,1000.004383,1000.004445,1000.004512,1000.004564,1000.004603,1000.004657,1000.004697,1000.004754,1000.004801,1000.004819,1000.004900,1000.004898,1000.004942,1000.005003,1000.005027,1000.005071,1000.005077,0.000000,0.000000,0.000000,0.000000,0.000000,0.000000,0.000000,0.000000,0.000000,0.000000,0.000000,0.000000
0.000000,0.000000,0.000000,0.000000,0.000000,0.000000,0.000000,0.000000,0.000000,0.000000,0.000000,999.983545,999.983824,999.984017,999.984150,999.984196,999.984245,999.984317,999.984334,999.984460,999.984466,999.984569,999.984700,999.984729,999.984837,999.984854,999.984931,999.985040,999.985212,999.985421,999.985606,999.985899,999.986195,999.986622,999.987055,999.987584,999.988175,999.988820,999.989517,999.990304,999.991114,999.991916,999.992766,999.993596,999.994451,999.995241,999.996021,999.996752,999.997498,999.998180,999.998821,999.999407,999.999921,1000.000411,1000.000818,1000.001232,1000.001610,1000.001935,1000.002246,1000.002516,1000.002754,1000.002975,1000.003206,1000.003377,1000.003521,1000.003670,1000.003792,1000.003912,1000.004022,1000.004095,1000.004173,1000.004272,1000.004338,1000.004388,1000.004439,1000.004478,1000.004533,1000.004575,1000.004603,1000.004647,1000.004675,1000.004709,1000.004741,1000.004772,1000.004818,1000.004857,1000.004883,1000.004923,1000.004938,1000.004993,1000.005100,1000.005170,0.000000,0.000000,0.000000,0.000000,0.000000,0.000000,0.000000,0.000000,0.000000,0.000000,0.000000
0.000000,0.000000,0.000000,0.000000,0.000000,0.000000,0.000000,0.000000,0.000000,0.000000,0.000000,999.983101,999.984121,999.984339,999.984410,999.984409,999.984493,999.984515,999.984554,999.984650,999.984579,999.984700,999.984675,999.984598,999.984660,999.984676,999.984782,999.984897,999.985001,999.985095,999.985243,999.985483,999.985778,999.986160,999.986567,999.987123,999.987727,999.988385,999.989185,999.990008,999.990846,999.991745,999.992675,999.993603,999.994542,999.995378,999.996232,999.997027,999.997785,999.998452,999.999046,999.999645,1000.000209,1000.000712,1000.001188,1000.001565,1000.001936,1000.002266,1000.002529,1000.002818,1000.003041,1000.003221,1000.003419,1000.003583,1000.003727,1000.003870,1000.003966,1000.004059,1000.004165,1000.004238,1000.004292,1000.004336,1000.004383,1000.004444,1000.004493,1000.004517,1000.004536,1000.004589,1000.004596,1000.004624,1000.004672,1000.004700,1000.004703,1000.004731,1000.004774,1000.004792,1000.004838,1000.004875,1000.004884,1000.004939,1000.004973,1000.005341,0.000000,0.000000,0.000000,0.000000,0.000000,0.000000,0.000000,0.000000,0.000000,0.000000,0.000000
0.000000,0.000000,0.000000,0.000000,0.000000,0.000000,0.000000,0.000000,0.000000,0.000000,999.985143,999.984715,999.984599,999.984551,999.984673,999.984685,999.984746,999.984755,999.984743,999.984730,999.984664,999.984729,999.984598,999.984625,999.984744,999.984657,999.984663,999.984605,999.984595,999.984658,999.984802,999.985018,999.985280,999.985599,999.986045,999.986601,999.987217,999.987946,999.988765,999.989644,999.990600,999.991600,999.992606,999.993599,999.994568,999.995516,999.996443,999.997304,999.998111,999.998826,999.999492,1000.000091,1000.000606,1000.001085,1000.001532,1000.001927,1000.002260,1000.002582,1000.002856,1000.003105,1000.003336,1000.003528,1000.003676,1000.003792,1000.003957,1000.004052,1000.004161,1000.004217,1000.004302,1000.004354,1000.004426,1000.004463,1000.004492,1000.004505,1000.004565,1000.004585,1000.004569,1000.004611,1000.004623,1000.004599,1000.004639,1000.004658,1000.004693,1000.004698,1000.004714,1000.004724,1000.004724,1000.004791,1000.004821,1000.004883,1000.004912,1000.004869,1000.004773,0.000000,0.000000,0.000000,0.000000,0.000000,0.000000,0.000000,0.000000,0.000000,0.000000
0.000000,0.000000,0.000000,0.000000,0.000000,0.000000,0.000000,0.000000,0.000000,999.984888,999.984891,999.985129,999.984926,999.984962,999.985008,999.984955,999.984995,999.984958,999.984917,999.984887,999.984837,999.984837,999.984660,999.984744,999.984576,999.984301,999.984343,999.984248,999.984285,999.984347,999.984403,999.984503,999.984686,999.984983,999.985394,999.985921,999.986566,999.987367,999.988274,999.989251,999.990329,999.991442,999.992561,999.993663,999.994744,999.995784,999.996737,999.997588,999.998401,999.999148,999.999875,1000.000513,1000.001058,1000.001529,1000.001952,1000.002324,1000.002656,1000.002964,1000.003221,1000.003420,1000.003633,1000.003804,1000.003961,1000.004085,1000.004176,1000.004267,1000.004344,1000.004401,1000.004467,1000.004487,1000.004523,1000.004544,1000.004595,1000.004579,1000.004580,1000.004625,1000.004616,1000.004624,1000.004657,1000.004650,1000.004602,1000.004629,1000.004619,1000.004651,1000.004661,1000.004679,1000.004683,1000.004692,1000.004717,1000.004756,1000.004786,1000.004780,1000.004859,1000.004863,0.000000,0.000000,0.000000,0.000000,0.000000,0.000000,0.000000,0.000000,0.000000
0.000000,0.000000,0.000000,0.000000,0.000000,0.000000,0.000000,0.000000,0.000000,999.984100,999.985244,999.985394,999.985316,999.985320,999.985297,999.985274,999.985267,999.985176,999.985134,999.985047,999.984984,999.984854,999.984676,999.984657,999.984301,999.984278,999.984371,999.984092,999.983991,999.983833,999.983725,999.983772,999.983934,999.984208,999.984610,999.985149,999.985866,999.986715,999.987694,999.988784,999.989972,999.991181,999.992435,999.993685,999.994864,999.996034,999.997104,999.998100,999.998974,999.999727,1000.000388,1000.000953,1000.001511,1000.002001,1000.002423,1000.002784,1000.003100,1000.003362,1000.003593,1000.003800,1000.003970,1000.004094,1000.004235,1000.004351,1000.004434,1000.004481,1000.004562,1000.004594,1000.004618,1000.004659,1000.004664,1000.004655,1000.004694,1000.004682,1000.004644,1000.004646,1000.004646,1000.004592,1000.004617,1000.004644,1000.004613,1000.004594,1000.004619,1000.004570,1000.004587,1000.004635,1000.004606,1000.004618,1000.004637,1000.004649,1000.004703,1000.004698,1000.004767,1000.005177,0.000000,0.000000,0.000000,0.000000,0.000000,0.000000,0.000000,0.000000,0.000000
0.000000,0.000000,0.000000,0.000000,0.000000,0.000000,0.000000,0.000000,999.985792,999.985612,999.985652,999.985596,999.985688,999.985691,999.985639,999.985593,999.985537,999.985416,999.985358,999.985238,999.985118,999.984931,999.984782,999.984663,999.984343,999.984371,999.984003,999.983435,999.983394,999.983210,999.983170,999.983211,999.983240,999.983394,999.983721,999.984243,999.984939,999.985849,999.986955,999.988239,999.989607,999.991020,999.992467,999.993893,999.995174,999.996373,999.997458,999.998471,999.999391,1000.000260,1000.000979,1000.001579,1000.002083,1000.002554,1000.002934,1000.003278,1000.003559,1000.003797,1000.004008,1000.004196,1000.004349,1000.004450,1000.004541,1000.004618,1000.004694,1000.004731,1000.004763,1000.004774,1000.004795,1000.004790,1000.004810,1000.004762,1000.004755,1000.004769,1000.004729,1000.004711,1000.004702,1000.004654,1000.004614,1000.004613,1000.004593,1000.004597,1000.004572,1000.004531,1000.004520,1000.004553,1000.004536,1000.004515,1000.004567,1000.004569,1000.004580,1000.004640,1000.004659,1000.004746,1000.004681,0.000000,0.000000,0.000000,0.000000,0.000000,0.000000,0.000000,0.000000
0.000000,0.000000,0.000000,0.000000,0.000000,0.000000,0.000000,0.000000,999.984785,999.986234,999.986107,999.986056,999.986087,999.986069,999.985964,999.985913,999.985825,999.985698,999.985619,999.985457,999.985262,999.985040,999.984897,999.984605,999.984248,999.984092,999.983435,999.983262,999.983421,999.982891,999.982599,999.982297,999.982095,999.982185,999.982505,999.983032,999.983838,999.984884,999.986146,999.987550,999.989111,999.990727,999.992355,999.993993,999.995526,999.996958,999.998195,999.999244,1000.000089,1000.000874,1000.001584,1000.002200,1000.002710,1000.003140,1000.003488,1000.003809,1000.004071,1000.004304,1000.004467,1000.004595,1000.004720,1000.004816,1000.004896,1000.004921,1000.004965,1000.004977,1000.005022,1000.004983,1000.004992,1000.004951,1000.004936,1000.004907,1000.004847,1000.004820,1000.004804,1000.004747,1000.004713,1000.004699,1000.004619,1000.004607,1000.004535,1000.004533,1000.004532,1000.004491,1000.004471,1000.004464,1000.004437,1000.004464,1000.004447,1000.004446,1000.004477,1000.004523,1000.004525,1000.004525,1000.005066,0.000000,0.000000,0.000000,0.000000,0.000000,0.000000,0.000000,0.000000
0.000000,0.000000,0.000000,0.000000,0.000000,0.000000,0.000000,999.987161,999.986706,999.986614,999.986508,999.986548,999.986511,999.986450,999.986329,999.986255,999.986149,999.985997,999.985861,999.985660,999.985435,999.985212,999.985001,999.984595,999.984285,999.983991,999.983394,999.983421,999.982777,999.981673,999.981472,999.981188,999.981066,999.981151,999.981339,999.981745,999.982484,999.983591,999.985063,999.986741,999.988680,999.990695,999.992543,999.994271,999.995899,999.997361,999.998702,999.999950,1000.000958,1000.001735,1000.002385,1000.002943,1000.003429,1000.003820,1000.004130,1000.004401,1000.004612,1000.004795,1000.004936,1000.005033,1000.005126,1000.005188,1000.005243,1000.005249,1000.005256,1000.005242,1000.005206,1000.005210,1000.005164,1000.005123,1000.005070,1000.005034,1000.004968,1000.004894,1000.004856,1000.004803,1000.004716,1000.004703,1000.004636,1000.004592,1000.004568,1000.004479,1000.004454,1000.004433,1000.004404,1000.004380,1000.004364,1000.004344,1000.004366,1000.004342,1000.004344,1000.004358,1000.004434,1000.004424,1000.004425,1000.004313,0.000000,0.000000,0.000000,0.000000,0.000000,0.000000,0.000000
0.000000,0.000000,0.000000,0.000000,0.000000,0.000000,0.000000,999.985895,999.987429,999.987184,999.987096,999.986981,999.986909,999.986813,999.986721,999.986625,999.986480,999.986333,999.986154,999.985910,999.985698,999.985421,999.985095,999.984658,999.984347,999.983833,999.983210,999.982891,999.981673,999.981203,999.981412,999.980611,999.979986,999.979619,999.979382,999.979724,999.980714,999.982021,999.983733,999.985730,999.987913,999.990318,999.992685,999.994879,999.996860,999.998446,999.999677,1000.000773,1000.001777,1000.002595,1000.003244,1000.003772,1000.004189,1000.004529,1000.004818,1000.005043,1000.005202,1000.005330,1000.005445,1000.005510,1000.005563,1000.005571,1000.005569,1000.005570,1000.005553,1000.005532,1000.005470,1000.005391,1000.005363,1000.005277,1000.005218,1000.005165,1000.005074,1000.004984,1000.004901,1000.004855,1000.004774,1000.004702,1000.004627,1000.004568,1000.004518,1000.004469,1000.004414,1000.004376,1000.004320,1000.004294,1000.004267,1000.004245,1000.004221,1000.004262,1000.004242,1000.004226,1000.004256,1000.004249,1000.004182,1000.004814,0.000000,0.000000,0.000000,0.000000,0.000000,0.000000,0.000000
0.000000,0.000000,0.000000,0.000000,0.000000,0.000000,999.988630,999.988043,999.987891,999.987581,999.987553,999.987468,999.987359,999.987259,999.987159,999.986988,999.986857,999.986681,999.986432,999.986193,999.985957,999.985606,999.985243,999.984802,999.984403,999.983725,999.983170,999.982599,999.981472,999.981412,999.980457,999.978480,999.977892,999.977445,999.977324,999.977896,999.978630,999.979955,999.982087,999.984658,999.987437,999.990233,999.992853,999.995256,999.997416,999.999415,1000.000937,1000.002067,1000.002930,1000.003666,1000.004245,1000.004702,1000.005051,1000.005323,1000.005560,1000.005713,1000.005842,1000.005924,1000.005988,1000.005993,1000.006020,1000.006001,1000.005965,1000.005930,1000.005850,1000.005796,1000.005738,1000.005642,1000.005550,1000.005457,1000.005355,1000.005258,1000.005191,1000.005080,1000.004965,1000.004880,1000.004794,1000.004729,1000.004624,1000.004538,1000.004482,1000.004397,1000.004350,1000.004311,1000.004230,1000.004222,1000.004189,1000.004134,1000.004110,1000.004105,1000.004100,1000.004059,1000.004111,1000.004174,1000.004032,1000.004068,1000.003915,0.000000,0.000000,0.000000,0.000000,0.000000,0.000000
0.000000,0.000000,0.000000,0.000000,0.000000,0.000000,999.987278,999.988793,999.988368,999.988196,999.988067,999.987931,999.987824,999.987720,999.987544,999.987387,999.987234,999.987038,999.986810,999.986563,999.986250,999.985899,999.985483,999.985018,999.984503,999.983772,999.983211,999.982297,999.981188,999.980611,999.978480,999.977168,999.977331,999.976222,999.975294,999.974967,999.975577,999.977244,999.979787,999.983238,999.986862,999.990489,999.993948,999.996822,999.998905,1000.000643,1000.002181,1000.003372,1000.004208,1000.004863,1000.005325,1000.005718,1000.005992,1000.006203,1000.006340,1000.006426,1000.006496,1000.006522,1000.006533,1000.006509,1000.006459,1000.006427,1000.006362,1000.006285,1000.006186,1000.006073,1000.005985,1000.005867,1000.005755,1000.005631,1000.005509,1000.005368,1000.005255,1000.005180,1000.005027,1000.004911,1000.004816,1000.004701,1000.004621,1000.004514,1000.004442,1000.004365,1000.004270,1000.004220,1000.004162,1000.004087,1000.004076,1000.004029,1000.004007,1000.003984,1000.003984,1000.003940,1000.003917,1000.003928,1000.003901,1000.003802,1000.004431,0.000000,0.000000,0.000000,0.000000,0.000000,0.000000
0.000000,0.000000,0.000000,0.000000,0.000000,999.990114,999.989446,999.989160,999.988740,999.988698,999.988559,999.988417,999.988278,999.988127,999.987985,999.987836,999.987662,999.987440,999.987188,999.986913,999.986582,999.986195,999.985778,999.985280,999.984686,999.983934,999.983240,999.982095,999.981066,999.979986,999.977892,999.977331,999.975944,999.972405,999.970921,999.970728,999.971132,999.973306,999.976685,999.980801,999.985684,999.990405,999.994564,999.998248,1000.000964,1000.002761,1000.004046,1000.004994,1000.005723,1000.006212,1000.006569,1000.006815,1000.006993,1000.007106,1000.007159,1000.007194,1000.007192,1000.007151,1000.007111,1000.007047,1000.006965,1000.006844,1000.006748,1000.006616,1000.006513,1000.006367,1000.006227,1000.006105,1000.005941,1000.005800,1000.005669,1000.005518,1000.005345,1000.005219,1000.005099,1000.004958,1000.004817,1000.004707,1000.004591,1000.004499,1000.004383,1000.004299,1000.004218,1000.004114,1000.004079,1000.004007,1000.003948,1000.003909,1000.003871,1000.003801,1000.003824,1000.003824,1000.003750,1000.003774,1000.003793,1000.003688,1000.003625,1000.003362,0.000000,0.000000,0.000000,0.000000,0.000000
0.000000,0.000000,0.000000,0.000000,0.000000,999.988722,999.989978,999.989535,999.989351,999.989176,999.989031,999.988847,999.988755,999.988612,999.988445,999.988305,999.988083,999.987832,999.987635,999.987322,999.987001,999.986622,999.986160,999.985599,999.984983,999.984208,999.983394,999.982185,999.981151,999.979619,999.977445,999.976222,999.972405,999.969076,999.968282,999.966577,999.966956,999.969513,999.973647,999.979898,999.986289,999.992020,999.996826,1000.000394,1000.003113,1000.004997,1000.006159,1000.006900,1000.007380,1000.007709,1000.007906,1000.008015,1000.008049,1000.008049,1000.008029,1000.007975,1000.007901,1000.007811,1000.007707,1000.007569,1000.007456,1000.007316,1000.007154,1000.007009,1000.006830,1000.006674,1000.006484,1000.006320,1000.006163,1000.005954,1000.005802,1000.005636,1000.005448,1000.005301,1000.005115,1000.004991,1000.004841,1000.004683,1000.004565,1000.004434,1000.004328,1000.004230,1000.004141,1000.004033,1000.003971,1000.003896,1000.003822,1000.003800,1000.003737,1000.003697,1000.003675,1000.003651,1000.003592,1000.003625,1000.003588,1000.003514,1000.003442,1000.004002,0.000000,0.000000,0.000000,0.000000,0.000000
0.000000,0.000000,0.000000,0.000000,999.990829,999.990549,999.990249,999.989847,999.989780,999.989647,999.989509,999.989361,999.989261,999.989073,999.988905,999.988755,999.988548,999.988320,999.988096,999.987802,999.987446,999.987055,999.986567,999.986045,999.985394,999.984610,999.983721,999.982505,999.981339,999.979382,999.977324,999.975294,999.970921,999.968282,999.964698,999.959207,999.957149,999.959013,999.965664,999.975084,999.985343,999.994758,1000.001063,1000.004567,1000.006646,1000.007894,1000.008632,1000.009037,1000.009223,1000.009309,1000.009293,1000.009243,1000.009159,1000.009041,1000.008917,1000.008774,1000.008626,1000.008456,1000.008305,1000.008127,1000.007935,1000.007767,1000.007570,1000.007366,1000.007186,1000.006968,1000.006756,1000.006536,1000.006349,1000.006139,1000.005916,1000.005740,1000.005529,1000.005354,1000.005167,1000.004994,1000.004840,1000.004676,1000.004531,1000.004387,1000.004261,1000.004154,1000.004031,1000.003933,1000.003859,1000.003773,1000.003701,1000.003641,1000.003588,1000.003564,1000.003522,1000.003476,1000.003447,1000.003460,1000.003427,1000.003443,1000.003330,1000.003300,1000.003196,0.000000,0.000000,0.000000,0.000000
0.000000,0.000000,0.000000,0.000000,999.989242,999.990405,999.990397,999.990387,999.990255,999.990122,999.989967,999.989840,999.989704,999.989557,999.989413,999.989257,999.989051,999.988829,999.988611,999.988288,999.987941,999.987584,999.987123,999.986601,999.985921,999.985149,999.984243,999.983032,999.981745,999.979724,999.977896,999.974967,999.970728,999.966577,999.959207,999.947882,999.942534,999.948330,999.958724,999.972123,999.987892,999.999696,1000.005970,1000.009523,1000.010870,1000.011336,1000.011428,1000.011370,1000.011210,1000.010981,1000.010750,1000.010506,1000.010274,1000.010046,1000.009814,1000.009592,1000.009363,1000.009132,1000.008914,1000.008695,1000.008450,1000.008219,1000.007994,1000.007729,1000.007497,1000.007275,1000.007025,1000.006764,1000.006539,1000.006307,1000.006061,1000.005848,1000.005610,1000.005407,1000.005201,1000.005002,1000.004811,1000.004650,1000.004489,1000.004333,1000.004183,1000.004039,1000.003930,1000.003830,1000.003722,1000.003646,1000.003571,1000.003490,1000.003423,1000.003409,1000.003354,1000.003304,1000.003299,1000.003276,1000.003262,1000.003245,1000.003277,1000.003364,1000.003922,0.000000,0.000000,0.000000,0.000000
