0.000000,0.000000,0.000000,0.000000,0.000000,0.000000,0.000000,0.000000,0.000000,0.000000,0.000000,0.000000,0.000000,0.000000,0.000000,0.000000,0.000000,0.000000,0.000000,0.000000,0.000000,0.000000,0.000000,0.000000,0.000000,0.000000,0.000000,0.000000,0.000000,0.000000,0.000000,0.000000,0.000000,0.000000,0.000000,0.000000,0.000000,0.000000,0.000000,0.000000,0.000000,0.000000,0.000000,0.000000,0.000000,0.000000,0.000000,0.000000,0.000000,0.000000,0.000000,0.000000,0.000000,0.000000,0.000000,0.000000,0.000000,0.000000,0.000000,0.000000,0.000000,0.000000,0.000000,0.000000,0.000000,0.000000,0.000000,0.000000,0.000000,0.000000,0.000000,0.000000,0.000000,0.000000,0.000000,0.000000,0.000000,0.000000,0.000000,0.000000,0.000000,0.000000,0.000000,0.000000,0.000000,0.000000,0.000000,0.000000,0.000000,0.000000,0.000000,0.000000,0.000000,0.000000,0.000000,0.000000,0.000000,0.000000,0.000000,0.000000,0.000000,0.000000,0.000000
0.000000,0.000000,0.000000,0.000000,0.000000,0.000000,0.000000,0.000000,0.000000,0.000000,0.000000,0.000000,0.000000,0.000000,0.000000,0.000000,0.000000,0.000000,0.000000,0.000000,0.000000,0.000000,0.000000,0.000000,0.000000,0.000000,0.000000,0.000000,0.000000,0.000000,0.000000,0.000000,0.000000,0.000000,0.000000,0.000000,0.000000,0.000000,0.000000,0.000000,0.000000,0.000000,0.000000,0.000000,0.000000,0.000000,0.000000,0.000000,0.000000,0.000000,0.000000,1000.000087,0.000000,0.000000,0.000000,0.000000,0.000000,0.000000,0.000000,0.000000,0.000000,0.000000,0.000000,0.000000,0.000000,0.000000,0.000000,0.000000,0.000000,0.000000,0.000000,0.000000,0.000000,0.000000,0.000000,0.000000,0.000000,0.000000,0.000000,0.000000,0.000000,0.000000,0.000000,0.000000,0.000000,0.000000,0.000000,0.000000,0.000000,0.000000,0.000000,0.000000,0.000000,0.000000,0.000000,0.000000,0.000000,0.000000,0.000000,0.000000,0.000000,0.000000,0.000000
0.000000,0.000000,0.000000,0.000000,0.000000,0.000000,0.000000,0.000000,0.000000,0.000000,0.000000,0.000000,0.000000,0.000000,0.000000,0.000000,0.000000,0.000000,0.000000,0.000000,0.000000,0.000000,0.000000,0.000000,0.000000,0.000000,0.000000,0.000000,0.000000,0.000000,0.000000,0.000000,0.000000,0.000000,0.000000,0.000000,0.000000,0.000000,0.000000,0.000000,0.000000,0.000000,1000.000158,1000.000183,1000.000196,1000.000203,1000.000207,1000.000208,1000.000208,1000.000207,1000.000206,1000.000212,1000.000206,1000.000207,1000.000208,1000.000208,1000.000207,1000.000203,1000.000196,1000.000183,1000.000158,0.000000,0.000000,0.000000,0.000000,0.000000,0.000000,0.000000,0.000000,0.000000,0.000000,0.000000,0.000000,0.000000,0.000000,0.000000,0.000000,0.000000,0.000000,0.000000,0.000000,0.000000,0.000000,0.000000,0.000000,0.000000,0.000000,0.000000,0.000000,0.000000,0.000000,0.000000,0.000000,0.000000,0.000000,0.000000,0.000000,0.000000,0.000000,0.000000,0.000000,0.000000,0.000000
0.000000,0.000000,0.000000,0.000000,0.000000,0.000000,0.000000,0.000000,0.000000,0.000000,0.000000,0.000000,0.000000,0.000000,0.000000,0.000000,0.000000,0.000000,0.000000,0.000000,0.000000,0.000000,0.000000,0.000000,0.000000,0.000000,0.000000,0.000000,0.000000,0.000000,0.000000,0.000000,0.000000,0.000000,0.000000,0.000000,0.000000,1000.000152,1000.000189,1000.000220,1000.000244,1000.000264,1000.000282,1000.000299,1000.000311,1000.000320,1000.000325,1000.000328,1000.000329,1000.000329,1000.000329,1000.000329,1000.000329,1000.000329,1000.000329,1000.000328,1000.000325,1000.000320,1000.000311,1000.000299,1000.000282,1000.000264,1000.000244,1000.000220,1000.000189,1000.000152,0.000000,0.000000,0.000000,0.000000,0.000000,0.000000,0.000000,0.000000,0.000000,0.000000,0.000000,0.000000,0.000000,0.000000,0.000000,0.000000,0.000000,0.000000,0.000000,0.000000,0.000000,0.000000,0.000000,0.000000,0.000000,0.000000,0.000000,0.000000,0.000000,0.000000,0.000000,0.000000,0.000000,0.000000,0.000000,0.000000,0.000000
0.000000,0.000000,0.000000,0.000000,0.000000,0.000000,0.000000,0.000000,0.000000,0.000000,0.000000,0.000000,0.000000,0.000000,0.000000,0.000000,0.000000,0.000000,0.000000,0.000000,0.000000,0.000000,0.000000,0.000000,0.000000,0.000000,0.000000,0.000000,0.000000,0.000000,0.000000,0.000000,0.000000,0.000000,1000.000158,1000.000202,1000.000238,1000.000273,1000.000304,1000.000332,1000.000358,1000.000380,1000.000400,1000.000417,1000.000429,1000.000436,1000.000441,1000.000444,1000.000445,1000.000446,1000.000446,1000.000446,1000.000446,1000.000446,1000.000445,1000.000444,1000.000441,1000.000436,1000.000429,1000.000417,1000.000400,1000.000380,1000.000358,1000.000332,1000.000304,1000.000273,1000.000238,1000.000202,1000.000158,0.000000,0.000000,0.000000,0.000000,0.000000,0.000000,0.000000,0.000000,0.000000,0.000000,0.000000,0.000000,0.000000,0.000000,0.000000,0.000000,0.000000,0.000000,0.000000,0.000000,0.000000,0.000000,0.000000,0.000000,0.000000,0.000000,0.000000,0.000000,0.000000,0.000000,0.000000,0.000000,0.000000,0.000000
0.000000,0.000000,0.000000,0.000000,0.000000,0.000000,0.000000,0.000000,0.000000,0.000000,0.000000,0.000000,0.000000,0.000000,0.000000,0.000000,0.000000,0.000000,0.000000,0.000000,0.000000,0.000000,0.000000,0.000000,0.000000,0.000000,0.000000,0.000000,0.000000,0.000000,0.000000,0.000000,1000.000181,1000.000229,1000.000276,1000.000315,1000.000350,1000.000385,1000.000416,1000.000444,1000.000470,1000.000494,1000.000516,1000.000533,1000.000543,1000.000549,1000.000553,1000.000555,1000.000556,1000.000556,1000.000557,1000.000556,1000.000557,1000.000556,1000.000556,1000.000555,1000.000553,1000.000549,1000.000543,1000.000533,1000.000516,1000.000494,1000.000470,1000.000444,1000.000416,1000.000385,1000.000350,1000.000315,1000.000276,1000.000229,1000.000181,0.000000,0.000000,0.000000,0.000000,0.000000,0.000000,0.000000,0.000000,0.000000,0.000000,0.000000,0.000000,0.000000,0.000000,0.000000,0.000000,0.000000,0.000000,0.000000,0.000000,0.000000,0.000000,0.000000,0.000000,0.000000,0.000000,0.000000,0.000000,0.000000,0.000000,0.000000,0.000000
0.000000,0.000000,0.000000,0.000000,0.000000,0.000000,0.000000,0.000000,0.000000,0.000000,0.000000,0.000000,0.000000,0.000000,0.000000,0.000000,0.000000,0.000000,0.000000,0.000000,0.000000,0.000000,0.000000,0.000000,0.000000,0.000000,0.000000,0.000000,0.000000,0.000000,1000.000189,1000.000244,1000.000297,1000.000341,1000.000384,1000.000424,1000.000462,1000.000497,1000.000528,1000.000554,1000.000576,1000.000596,1000.000614,1000.000625,1000.000632,1000.000635,1000.000637,1000.000638,1000.000638,1000.000638,1000.000638,1000.000638,1000.000638,1000.000638,1000.000638,1000.000638,1000.000637,1000.000635,1000.000632,1000.000625,1000.000614,1000.000596,1000.000576,1000.000554,1000.000528,1000.000497,1000.000462,1000.000424,1000.000384,1000.000341,1000.000297,1000.000244,1000.000189,0.000000,0.000000,0.000000,0.000000,0.000000,0.000000,0.000000,0.000000,0.000000,0.000000,0.000000,0.000000,0.000000,0.000000,0.000000,0.000000,0.000000,0.000000,0.000000,0.000000,0.000000,0.000000,0.000000,0.000000,0.000000,0.000000,0.000000,0.000000,0.000000,0.000000
0.000000,0.000000,0.000000,0.000000,0.000000,0.000000,0.000000,0.000000,0.000000,0.000000,0.000000,0.000000,0.000000,0.000000,0.000000,0.000000,0.000000,0.000000,0.000000,0.000000,0.000000,0.000000,0.000000,0.000000,0.000000,0.000000,0.000000,0.000000,1000.000188,1000.000247,1000.000304,1000.000353,1000.000402,1000.000449,1000.000493,1000.000533,1000.000568,1000.000598,1000.000622,1000.000638,1000.000649,1000.000656,1000.000659,1000.000657,1000.000656,1000.000655,1000.000654,1000.000653,1000.000652,1000.000652,1000.000651,1000.000651,1000.000651,1000.000652,1000.000652,1000.000653,1000.000654,1000.000655,1000.000656,1000.000657,1000.000659,1000.000656,1000.000649,1000.000638,1000.000622,1000.000598,1000.000568,1000.000533,1000.000493,1000.000449,1000.000402,1000.000353,1000.000304,1000.000247,1000.000188,0.000000,0.000000,0.000000,0.000000,0.000000,0.000000,0.000000,0.000000,0.000000,0.000000,0.000000,0.000000,0.000000,0.000000,0.000000,0.000000,0.000000,0.000000,0.000000,0.000000,0.000000,0.000000,0.000000,0.000000,0.000000,0.000000,0.000000,0.000000
0.000000,0.000000,0.000000,0.000000,0.000000,0.000000,0.000000,0.000000,0.000000,0.000000,0.000000,0.000000,0.000000,0.000000,0.000000,0.000000,0.000000,0.000000,0.000000,0.000000,0.000000,0.000000,0.000000,0.000000,0.000000,0.000000,1000.000179,1000.000242,1000.000302,1000.000354,1000.000407,1000.000458,1000.000508,1000.000554,1000.000593,1000.000624,1000.000645,1000.000659,1000.000664,1000.000663,1000.000658,1000.000650,1000.000637,1000.000624,1000.000616,1000.000610,1000.000607,1000.000605,1000.000603,1000.000602,1000.000601,1000.000601,1000.000601,1000.000602,1000.000603,1000.000605,1000.000607,1000.000610,1000.000616,1000.000624,1000.000637,1000.000650,1000.000658,1000.000663,1000.000664,1000.000659,1000.000645,1000.000624,1000.000593,1000.000554,1000.000508,1000.000458,1000.000407,1000.000354,1000.000302,1000.000242,1000.000179,0.000000,0.000000,0.000000,0.000000,0.000000,0.000000,0.000000,0.000000,0.000000,0.000000,0.000000,0.000000,0.000000,0.000000,0.000000,0.000000,0.000000,0.000000,0.000000,0.000000,0.000000,0.000000,0.000000,0.000000,0.000000,0.000000
0.000000,0.000000,0.000000,0.000000,0.000000,0.000000,0.000000,0.000000,0.000000,0.000000,0.000000,0.000000,0.000000,0.000000,0.000000,0.000000,0.000000,0.000000,0.000000,0.000000,0.000000,0.000000,0.000000,0.000000,1000.000154,1000.000223,1000.000289,1000.000346,1000.000403,1000.000458,1000.000511,1000.000559,1000.000602,1000.000635,1000.000657,1000.000665,1000.000663,1000.000655,1000.000641,1000.000625,1000.000610,1000.000594,1000.000577,1000.000562,1000.000550,1000.000543,1000.000538,1000.000534,1000.000532,1000.000530,1000.000529,1000.000528,1000.000529,1000.000530,1000.000532,1000.000534,1000.000538,1000.000543,1000.000550,1000.000562,1000.000577,1000.000594,1000.000610,1000.000625,1000.000641,1000.000655,1000.000663,1000.000665,1000.000657,1000.000635,1000.000602,1000.000559,1000.000511,1000.000458,1000.000403,1000.000346,1000.000289,1000.000223,1000.000154,0.000000,0.000000,0.000000,0.000000,0.000000,0.000000,0.000000,0.000000,0.000000,0.000000,0.000000,0.000000,0.000000,0.000000,0.000000,0.000000,0.000000,0.000000,0.000000,0.000000,0.000000,0.000000,0.000000,0.000000
0.000000,0.000000,0.000000,0.000000,0.000000,0.000000,0.000000,0.000000,0.000000,0.000000,0.000000,0.000000,0.000000,0.000000,0.000000,0.000000,0.000000,0.000000,0.000000,0.000000,0.000000,0.000000,0.000000,1000.000185,1000.000261,1000.000325,1000.000388,1000.000448,1000.000506,1000.000558,1000.000603,1000.000638,1000.000659,1000.000666,1000.000660,1000.000644,1000.000624,1000.000603,1000.000581,1000.000561,1000.000543,1000.000526,1000.000510,1000.000496,1000.000485,1000.000477,1000.000470,1000.000465,1000.000462,1000.000459,1000.000458,1000.000457,1000.000458,1000.000459,1000.000462,1000.000465,1000.000470,1000.000477,1000.000485,1000.000496,1000.000510,1000.000526,1000.000543,1000.000561,1000.000581,1000.000603,1000.000624,1000.000644,1000.000660,1000.000666,1000.000659,1000.000638,1000.000603,1000.000558,1000.000506,1000.000448,1000.000388,1000.000325,1000.000261,1000.000185,0.000000,0.000000,0.000000,0.000000,0.000000,0.000000,0.000000,0.000000,0.000000,0.000000,0.000000,0.000000,0.000000,0.000000,0.000000,0.000000,0.000000,0.000000,0.000000,0.000000,0.000000,0.000000,0.000000
0.000000,0.000000,0.000000,0.000000,0.000000,0.000000,0.000000,0.000000,0.000000,0.000000,0.000000,0.000000,0.000000,0.000000,0.000000,0.000000,0.000000,0.000000,0.000000,0.000000,0.000000,1000.000137,1000.000215,1000.000290,1000.000357,1000.000423,1000.000489,1000.000548,1000.000598,1000.000636,1000.000659,1000.000667,1000.000659,1000.000640,1000.000614,1000.000587,1000.000561,1000.000537,1000.000515,1000.000495,1000.000477,1000.000460,1000.000445,1000.000432,1000.000420,1000.000411,1000.000404,1000.000398,1000.000394,1000.000391,1000.000390,1000.000389,1000.000390,1000.000391,1000.000394,1000.000398,1000.000404,1000.000411,1000.000420,1000.000432,1000.000445,1000.000460,1000.000477,1000.000495,1000.000515,1000.000537,1000.000561,1000.000587,1000.000614,1000.000640,1000.000659,1000.000667,1000.000659,1000.000636,1000.000598,1000.000548,1000.000489,1000.000423,1000.000357,1000.000290,1000.000215,1000.000137,0.000000,0.000000,0.000000,0.000000,0.000000,0.000000,0.000000,0.000000,0.000000,0.000000,0.000000,0.000000,0.000000,0.000000,0.000000,0.000000,0.000000,0.000000,0.000000,0.000000,0.000000
0.000000,0.000000,0.000000,0.000000,0.000000,0.000000,0.000000,0.000000,0.000000,0.000000,0.000000,0.000000,0.000000,0.000000,0.000000,0.000000,0.000000,0.000000,0.000000,0.000000,1000.000160,1000.000242,1000.000312,1000.000382,1000.000451,1000.000520,1000.000581,1000.000628,1000.000656,1000.000666,1000.000659,1000.000640,1000.000613,1000.000582,1000.000551,1000.000523,1000.000497,1000.000473,1000.000452,1000.000432,1000.000413,1000.000396,1000.000381,1000.000368,1000.000356,1000.000347,1000.000339,1000.000333,1000.000328,1000.000325,1000.000323,1000.000323,1000.000323,1000.000325,1000.000328,1000.000333,1000.000339,1000.000347,1000.000356,1000.000368,1000.000381,1000.000396,1000.000413,1000.000432,1000.000452,1000.000473,1000.000497,1000.000523,1000.000551,1000.000582,1000.000613,1000.000640,1000.000659,1000.000666,1000.000656,1000.000628,1000.000581,1000.000520,1000.000451,1000.000382,1000.000312,1000.000242,1000.000160,0.000000,0.000000,0.000000,0.000000,0.000000,0.000000,0.000000,0.000000,0.000000,0.000000,0.000000,0.000000,0.000000,0.000000,0.000000,0.000000,0.000000,0.000000,0.000000,0.000000
0.000000,0.000000,0.000000,0.000000,0.000000,0.000000,0.000000,0.000000,0.000000,0.000000,0.000000,0.000000,0.000000,0.000000,0.000000,0.000000,0.000000,0.000000,0.000000,1000.000178,1000.000262,1000.000335,1000.000404,1000.000475,1000.000542,1000.000602,1000.000646,1000.000664,1000.000660,1000.000641,1000.000613,1000.000582,1000.000549,1000.000517,1000.000488,1000.000461,1000.000435,1000.000412,1000.000389,1000.000369,1000.000351,1000.000334,1000.000319,1000.000306,1000.000294,1000.000284,1000.000276,1000.000270,1000.000265,1000.000261,1000.000259,1000.000259,1000.000259,1000.000261,1000.000265,1000.000270,1000.000276,1000.000284,1000.000294,1000.000306,1000.000319,1000.000334,1000.000351,1000.000369,1000.000389,1000.000412,1000.000435,1000.000461,1000.000488,1000.000517,1000.000549,1000.000582,1000.000613,1000.000641,1000.000660,1000.000664,1000.000646,1000.000602,1000.000542,1000.000475,1000.000404,1000.000335,1000.000262,1000.000178,0.000000,0.000000,0.000000,0.000000,0.000000,0.000000,0.000000,0.000000,0.000000,0.000000,0.000000,0.000000,0.000000,0.000000,0.000000,0.000000,0.000000,0.000000,0.000000
0.000000,0.000000,0.000000,0.000000,0.000000,0.000000,0.000000,0.000000,0.000000,0.000000,0.000000,0.000000,0.000000,0.000000,0.000000,0.000000,0.000000,0.000000,1000.000189,1000.000276,1000.000352,1000.000426,1000.000499,1000.000564,1000.000618,1000.000655,1000.000665,1000.000648,1000.000620,1000.000586,1000.000552,1000.000518,1000.000486,1000.000456,1000.000428,1000.000400,1000.000375,1000.000351,1000.000329,1000.000308,1000.000290,1000.000273,1000.000258,1000.000245,1000.000233,1000.000223,1000.000215,1000.000208,1000.000203,1000.000199,1000.000197,1000.000197,1000.000197,1000.000199,1000.000203,1000.000208,1000.000215,1000.000223,1000.000233,1000.000245,1000.000258,1000.000273,1000.000290,1000.000308,1000.000329,1000.000351,1000.000375,1000.000400,1000.000428,1000.000456,1000.000486,1000.000518,1000.000552,1000.000586,1000.000620,1000.000648,1000.000665,1000.000655,1000.000618,1000.000564,1000.000499,1000.000426,1000.000352,1000.000276,1000.000189,0.000000,0.000000,0.000000,0.000000,0.000000,0.000000,0.000000,0.000000,0.000000,0.000000,0.000000,0.000000,0.000000,0.000000,0.000000,0.000000,0.000000,0.000000
0.000000,0.000000,0.000000,0.000000,0.000000,0.000000,0.000000,0.000000,0.000000,0.000000,0.000000,0.000000,0.000000,0.000000,0.000000,0.000000,0.000000,1000.000195,1000.000285,1000.000364,1000.000441,1000.000518,1000.000585,1000.000634,1000.000662,1000.000663,1000.000640,1000.000603,1000.000563,1000.000526,1000.000491,1000.000459,1000.000427,1000.000397,1000.000368,1000.000341,1000.000315,1000.000292,1000.000270,1000.000249,1000.000231,1000.000214,1000.000199,1000.000185,1000.000173,1000.000163,1000.000155,1000.000148,1000.000143,1000.000139,1000.000137,1000.000136,1000.000137,1000.000139,1000.000143,1000.000148,1000.000155,1000.000163,1000.000173,1000.000185,1000.000199,1000.000214,1000.000231,1000.000249,1000.000270,1000.000292,1000.000315,1000.000341,1000.000368,1000.000397,1000.000427,1000.000459,1000.000491,1000.000526,1000.000563,1000.000603,1000.000640,1000.000663,1000.000662,1000.000634,1000.000585,1000.000518,1000.000441,1000.000364,1000.000285,1000.000195,0.000000,0.000000,0.000000,0.000000,0.000000,0.000000,0.000000,0.000000,0.000000,0.000000,0.000000,0.000000,0.000000,0.000000,0.000000,0.000000,0.000000
0.000000,0.000000,0.000000,0.000000,0.000000,0.000000,0.000000,0.000000,0.000000,0.000000,0.000000,0.000000,0.000000,0.000000,0.000000,0.000000,1000.000197,1000.000288,1000.000370,1000.000449,1000.000528,1000.000597,1000.000645,1000.000664,1000.000657,1000.000630,1000.000590,1000.000546,1000.000505,1000.000469,1000.000434,1000.000401,1000.000369,1000.000339,1000.000310,1000.000283,1000.000258,1000.000234,1000.000212,1000.000192,1000.000173,1000.000156,1000.000141,1000.000127,1000.000116,1000.000105,1000.000097,1000.000090,1000.000085,1000.000081,1000.000078,1000.000078,1000.000078,1000.000081,1000.000085,1000.000090,1000.000097,1000.000105,1000.000116,1000.000127,1000.000141,1000.000156,1000.000173,1000.000192,1000.000212,1000.000234,1000.000258,1000.000283,1000.000310,1000.000339,1000.000369,1000.000401,1000.000434,1000.000469,1000.000505,1000.000546,1000.000590,1000.000630,1000.000657,1000.000664,1000.000645,1000.000597,1000.000528,1000.000449,1000.000370,1000.000288,1000.000197,0.000000,0.000000,0.000000,0.000000,0.000000,0.000000,0.000000,0.000000,0.000000,0.000000,0.000000,0.000000,0.000000,0.000000,0.000000,0.000000
0.000000,0.000000,0.000000,0.000000,0.000000,0.000000,0.000000,0.000000,0.000000,0.000000,0.000000,0.000000,0.000000,0.000000,0.000000,1000.000195,1000.000288,1000.000371,1000.000453,1000.000534,1000.000603,1000.000651,1000.000665,1000.000648,1000.000615,1000.000575,1000.000531,1000.000489,1000.000450,1000.000414,1000.000378,1000.000344,1000.000313,1000.000283,1000.000254,1000.000227,1000.000202,1000.000178,1000.000156,1000.000136,1000.000117,1000.000100,1000.000085,1000.000071,1000.000059,1000.000049,1000.000040,1000.000033,1000.000028,1000.000024,1000.000022,1000.000021,1000.000022,1000.000024,1000.000028,1000.000033,1000.000040,1000.000049,1000.000059,1000.000071,1000.000085,1000.000100,1000.000117,1000.000136,1000.000156,1000.000178,1000.000202,1000.000227,1000.000254,1000.000283,1000.000313,1000.000344,1000.000378,1000.000414,1000.000450,1000.000489,1000.000531,1000.000575,1000.000615,1000.000648,1000.000665,1000.000651,1000.000603,1000.000534,1000.000453,1000.000371,1000.000288,1000.000195,0.000000,0.000000,0.000000,0.000000,0.000000,0.000000,0.000000,0.000000,0.000000,0.000000,0.000000,0.000000,0.000000,0.000000,0.000000
0.000000,0.000000,0.000000,0.000000,0.000000,0.000000,0.000000,0.000000,0.000000,0.000000,0.000000,0.000000,0.000000,0.000000,1000.000189,1000.000285,1000.000370,1000.000453,1000.000535,1000.000606,1000.000653,1000.000665,1000.000643,1000.000604,1000.000560,1000.000516,1000.000475,1000.000435,1000.000397,1000.000359,1000.000323,1000.000290,1000.000258,1000.000228,1000.000199,1000.000172,1000.000147,1000.000124,1000.000102,1000.000081,1000.000063,1000.000046,1000.000030,1000.000017,1000.000005,999.999994,999.999986,999.999979,999.999973,999.999969,999.999967,999.999966,999.999967,999.999969,999.999973,999.999979,999.999986,999.999994,1000.000005,1000.000017,1000.000030,1000.000046,1000.000063,1000.000081,1000.000102,1000.000124,1000.000147,1000.000172,1000.000199,1000.000228,1000.000258,1000.000290,1000.000323,1000.000359,1000.000397,1000.000435,1000.000475,1000.000516,1000.000560,1000.000604,1000.000643,1000.000665,1000.000653,1000.000606,1000.000535,1000.000453,1000.000370,1000.000285,1000.000189,0.000000,0.000000,0.000000,0.000000,0.000000,0.000000,0.000000,0.000000,0.000000,0.000000,0.000000,0.000000,0.000000,0.000000
0.000000,0.000000,0.000000,0.000000,0.000000,0.000000,0.000000,0.000000,0.000000,0.000000,0.000000,0.000000,0.000000,1000.000178,1000.000276,1000.000364,1000.000449,1000.000534,1000.000606,1000.000654,1000.000665,1000.000641,1000.000600,1000.000552,1000.000505,1000.000463,1000.000422,1000.000382,1000.000343,1000.000306,1000.000271,1000.000237,1000.000205,1000.000175,1000.000147,1000.000120,1000.000094,1000.000071,1000.000049,1000.000028,1000.000010,999.999993,999.999977,999.999964,999.999952,999.999941,999.999932,999.999925,999.999920,999.999916,999.999913,999.999913,999.999913,999.999916,999.999920,999.999925,999.999932,999.999941,999.999952,999.999964,999.999977,999.999993,1000.000010,1000.000028,1000.000049,1000.000071,1000.000094,1000.000120,1000.000147,1000.000175,1000.000205,1000.000237,1000.000271,1000.000306,1000.000343,1000.000382,1000.000422,1000.000463,1000.000505,1000.000552,1000.000600,1000.000641,1000.000665,1000.000654,1000.000606,1000.000534,1000.000449,1000.000364,1000.000276,1000.000178,0.000000,0.000000,0.000000,0.000000,0.000000,0.000000,0.000000,0.000000,0.000000,0.000000,0.000000,0.000000,0.000000
0.000000,0.000000,0.000000,0.000000,0.000000,0.000000,0.000000,0.000000,0.000000,0.000000,0.000000,0.000000,1000.000160,1000.000262,1000.000352,1000.000441,1000.000528,1000.000603,1000.000653,1000.000665,1000.000641,1000.000598,1000.000548,1000.000499,1000.000455,1000.000412,1000.000370,1000.000330,1000.000292,1000.000255,1000.000220,1000.000186,1000.000154,1000.000124,1000.000095,1000.000068,1000.000043,1000.000019,999.999997,999.999977,999.999958,999.999941,999.999926,999.999912,999.999900,999.999890,999.999881,999.999874,999.999868,999.999864,999.999862,999.999861,999.999862,999.999864,999.999868,999.999874,999.999881,999.999890,999.999900,999.999912,999.999926,999.999941,999.999958,999.999977,999.999997,1000.000019,1000.000043,1000.000068,1000.000095,1000.000124,1000.000154,1000.000186,1000.000220,1000.000255,1000.000292,1000.000330,1000.000370,1000.000412,1000.000455,1000.000499,1000.000548,1000.000598,1000.000641,1000.000665,1000.000653,1000.000603,1000.000528,1000.000441,1000.000352,1000.000262,1000.000160,0.000000,0.000000,0.000000,0.000000,0.000000,0.000000,0.000000,0.000000,0.000000,0.000000,0.000000,0.000000
0.000000,0.000000,0.000000,0.000000,0.000000,0.000000,0.000000,0.000000,0.000000,0.000000,0.000000,1000.000137,1000.000242,1000.000335,1000.000426,1000.000518,1000.000597,1000.000651,1000.000665,1000.000641,1000.000598,1000.000547,1000.000496,1000.000450,1000.000406,1000.000362,1000.000320,1000.000280,1000.000242,1000.000205,1000.000170,1000.000136,1000.000104,1000.000074,1000.000046,1000.000019,999.999993,999.999970,999.999948,999.999927,999.999909,999.999892,999.999876,999.999863,999.999850,999.999840,999.999831,999.999824,999.999818,999.999814,999.999812,999.999811,999.999812,999.999814,999.999818,999.999824,999.999831,999.999840,999.999850,999.999863,999.999876,999.999892,999.999909,999.999927,999.999948,999.999970,999.999993,1000.000019,1000.000046,1000.000074,1000.000104,1000.000136,1000.000170,1000.000205,1000.000242,1000.000280,1000.000320,1000.000362,1000.000406,1000.000450,1000.000496,1000.000547,1000.000598,1000.000641,1000.000665,1000.000651,1000.000597,1000.000518,1000.000426,1000.000335,1000.000242,1000.000137,0.000000,0.000000,0.000000,0.000000,0.000000,0.000000,0.000000,0.000000,0.000000,0.000000,0.000000
0.000000,0.000000,0.000000,0.000000,0.000000,0.000000,0.000000,0.000000,0.000000,0.000000,0.000000,1000.000215,1000.000312,1000.000404,1000.000499,1000.000585,1000.000645,1000.000665,1000.000643,1000.000600,1000.000548,1000.000496,1000.000449,1000.000403,1000.000357,1000.000314,1000.000272,1000.000232,1000.000194,1000.000157,1000.000122,1000.000088,1000.000056,1000.000026,999.999998,999.999971,999.999945,999.999922,999.999900,999.999879,999.999861,999.999844,999.999828,999.999814,999.999802,999.999792,999.999783,999.999776,999.999770,999.999766,999.999764,999.999763,999.999764,999.999766,999.999770,999.999776,999.999783,999.999792,999.999802,999.999814,999.999828,999.999844,999.999861,999.999879,999.999900,999.999922,999.999945,999.999971,999.999998,1000.000026,1000.000056,1000.000088,1000.000122,1000.000157,1000.000194,1000.000232,1000.000272,1000.000314,1000.000357,1000.000403,1000.000449,1000.000496,1000.000548,1000.000600,1000.000643,1000.000665,1000.000645,1000.000585,1000.000499,1000.000404,1000.000312,1000.000215,0.000000,0.000000,0.000000,0.000000,0.000000,0.000000,0.000000,0.000000,0.000000,0.000000,0.000000
0.000000,0.000000,0.000000,0.000000,0.000000,0.000000,0.000000,0.000000,0.000000,0.000000,1000.000185,1000.000290,1000.000382,1000.000475,1000.000564,1000.000634,1000.000664,1000.000648,1000.000604,1000.000552,1000.000499,1000.000450,1000.000403,1000.000356,1000.000310,1000.000267,1000.000226,1000.000186,1000.000147,1000.000110,1000.000075,1000.000042,1000.000010,999.999980,999.999951,999.999924,999.999899,999.999875,999.999853,999.999833,999.999814,999.999797,999.999782,999.999768,999.999756,999.999745,999.999736,999.999729,999.999723,999.999719,999.999717,999.999716,999.999717,999.999719,999.999723,999.999729,999.999736,999.999745,999.999756,999.999768,999.999782,999.999797,999.999814,999.999833,999.999853,999.999875,999.999899,999.999924,999.999951,999.999980,1000.000010,1000.000042,1000.000075,1000.000110,1000.000147,1000.000186,1000.000226,1000.000267,1000.000310,1000.000356,1000.000403,1000.000450,1000.000499,1000.000552,1000.000604,1000.000648,1000.000664,1000.000634,1000.000564,1000.000475,1000.000382,1000.000290,1000.000185,0.000000,0.000000,0.000000,0.000000,0.000000,0.000000,0.000000,0.000000,0.000000,0.000000
0.000000,0.000000,0.000000,0.000000,0.000000,0.000000,0.000000,0.000000,0.000000,1000.000154,1000.000261,1000.000357,1000.000451,1000.000542,1000.000618,1000.000662,1000.000657,1000.000615,1000.000560,1000.000505,1000.000455,1000.000406,1000.000357,1000.000310,1000.000266,1000.000223,1000.000181,1000.000141,1000.000102,1000.000066,1000.000030,999.999997,999.999965,999.999935,999.999906,999.999879,999.999854,999.999830,999.999808,999.999788,999.999769,999.999752,999.999737,999.999723,999.999711,999.999700,999.999691,999.999684,999.999678,999.999674,999.999672,999.999671,999.999672,999.999674,999.999678,999.999684,999.999691,999.999700,999.999711,999.999723,999.999737,999.999752,999.999769,999.999788,999.999808,999.999830,999.999854,999.999879,999.999906,999.999935,999.999965,999.999997,1000.000030,1000.000066,1000.000102,1000.000141,1000.000181,1000.000223,1000.000266,1000.000310,1000.000357,1000.000406,1000.000455,1000.000505,1000.000560,1000.000615,1000.000657,1000.000662,1000.000618,1000.000542,1000.000451,1000.000357,1000.000261,1000.000154,0.000000,0.000000,0.000000,0.000000,0.000000,0.000000,0.000000,0.000000,0.000000
0.000000,0.000000,0.000000,0.000000,0.000000,0.000000,0.000000,0.000000,0.000000,1000.000223,1000.000325,1000.000423,1000.000520,1000.000602,1000.000655,1000.000663,1000.000630,1000.000575,1000.000516,1000.000463,1000.000412,1000.000362,1000.000314,1000.000267,1000.000223,1000.000179,1000.000137,1000.000098,1000.000059,1000.000022,999.999987,999.999954,999.999922,999.999892,999.999863,999.999836,999.999811,999.999787,999.999765,999.999745,999.999726,999.999709,999.999694,999.999680,999.999668,999.999657,999.999648,999.999641,999.999635,999.999631,999.999629,999.999628,999.999629,999.999631,999.999635,999.999641,999.999648,999.999657,999.999668,999.999680,999.999694,999.999709,999.999726,999.999745,999.999765,999.999787,999.999811,999.999836,999.999863,999.999892,999.999922,999.999954,999.999987,1000.000022,1000.000059,1000.000098,1000.000137,1000.000179,1000.000223,1000.000267,1000.000314,1000.000362,1000.000412,1000.000463,1000.000516,1000.000575,1000.000630,1000.000663,1000.000655,1000.000602,1000.000520,1000.000423,1000.000325,1000.000223,0.000000,0.000000,0.000000,0.000000,0.000000,0.000000,0.000000,0.000000,0.000000
0.000000,0.000000,0.000000,0.000000,0.000000,0.000000,0.000000,0.000000,1000.000179,1000.000289,1000.000388,1000.000489,1000.000581,1000.000646,1000.000665,1000.000640,1000.000590,1000.000531,1000.000475,1000.000422,1000.000370,1000.000320,1000.000272,1000.000226,1000.000181,1000.000137,1000.000096,1000.000056,1000.000017,999.999981,999.999946,999.999912,999.999880,999.999850,999.999821,999.999795,999.999769,999.999746,999.999724,999.999703,999.999685,999.999667,999.999652,999.999638,999.999626,999.999615,999.999606,999.999599,999.999593,999.999589,999.999587,999.999586,999.999587,999.999589,999.999593,999.999599,999.999606,999.999615,999.999626,999.999638,999.999652,999.999667,999.999685,999.999703,999.999724,999.999746,999.999769,999.999795,999.999821,999.999850,999.999880,999.999912,999.999946,999.999981,1000.000017,1000.000056,1000.000096,1000.000137,1000.000181,1000.000226,1000.000272,1000.000320,1000.000370,1000.000422,1000.000475,1000.000531,1000.000590,1000.000640,1000.000665,1000.000646,1000.000581,1000.000489,1000.000388,1000.000289,1000.000179,0.000000,0.000000,0.000000,0.000000,0.000000,0.000000,0.000000,0.000000
0.000000,0.000000,0.000000,0.000000,0.000000,0.000000,0.000000,0.000000,1000.000242,1000.000346,1000.000448,1000.000548,1000.000628,1000.000664,1000.000648,1000.000603,1000.000546,1000.000489,1000.000435,1000.000382,1000.000330,1000.000280,1000.000232,1000.000186,1000.000141,1000.000098,1000.000056,1000.000016,999.999977,999.999941,999.999906,999.999872,999.999840,999.999810,999.999782,999.999755,999.999729,999.999706,999.999684,999.999663,999.999645,999.999627,999.999612,999.999598,999.999586,999.999575,999.999566,999.999559,999.999553,999.999549,999.999547,999.999546,999.999547,999.999549,999.999553,999.999559,999.999566,999.999575,999.999586,999.999598,999.999612,999.999627,999.999645,999.999663,999.999684,999.999706,999.999729,999.999755,999.999782,999.999810,999.999840,999.999872,999.999906,999.999941,999.999977,1000.000016,1000.000056,1000.000098,1000.000141,1000.000186,1000.000232,1000.000280,1000.000330,1000.000382,1000.000435,1000.000489,1000.000546,1000.000603,1000.000648,1000.000664,1000.000628,1000.000548,1000.000448,1000.000346,1000.000242,0.000000,0.000000,0.000000,0.000000,0.000000,0.000000,0.000000,0.000000
0.000000,0.000000,0.000000,0.000000,0.000000,0.000000,0.000000,1000.000188,1000.000302,1000.000403,1000.000506,1000.000598,1000.000656,1000.000660,1000.000620,1000.000563,1000.000505,1000.000450,1000.000397,1000.000343,1000.000292,1000.000242,1000.000194,1000.000147,1000.000102,1000.000059,1000.000017,999.999977,999.999939,999.999902,999.999867,999.999834,999.999802,999.999772,999.999743,999.999716,999.999691,999.999667,999.999645,999.999625,999.999606,999.999589,999.999574,999.999560,999.999548,999.999537,999.999528,999.999521,999.999515,999.999511,999.999509,999.999508,999.999509,999.999511,999.999515,999.999521,999.999528,999.999537,999.999548,999.999560,999.999574,999.999589,999.999606,999.999625,999.999645,999.999667,999.999691,999.999716,999.999743,999.999772,999.999802,999.999834,999.999867,999.999902,999.999939,999.999977,1000.000017,1000.000059,1000.000102,1000.000147,1000.000194,1000.000242,1000.000292,1000.000343,1000.000397,1000.000450,1000.000505,1000.000563,1000.000620,1000.000660,1000.000656,1000.000598,1000.000506,1000.000403,1000.000302,1000.000188,0.000000,0.000000,0.000000,0.000000,0.000000,0.000000,0.000000
0.000000,0.000000,0.000000,0.000000,0.000000,0.000000,0.000000,1000.000247,1000.000354,1000.000458,1000.000558,1000.000636,1000.000666,1000.000641,1000.000586,1000.000526,1000.000469,1000.000414,1000.000359,1000.000306,1000.000255,1000.000205,1000.000157,1000.000110,1000.000066,1000.000022,999.999981,999.999941,999.999902,999.999866,999.999831,999.999797,999.999765,999.999735,999.999706,999.999680,999.999654,999.999631,999.999609,999.999588,999.999569,999.999552,999.999537,999.999523,999.999511,999.999500,999.999491,999.999484,999.999478,999.999474,999.999472,999.999471,999.999472,999.999474,999.999478,999.999484,999.999491,999.999500,999.999511,999.999523,999.999537,999.999552,999.999569,999.999588,999.999609,999.999631,999.999654,999.999680,999.999706,999.999735,999.999765,999.999797,999.999831,999.999866,999.999902,999.999941,999.999981,1000.000022,1000.000066,1000.000110,1000.000157,1000.000205,1000.000255,1000.000306,1000.000359,1000.000414,1000.000469,1000.000526,1000.000586,1000.000641,1000.000666,1000.000636,1000.000558,1000.000458,1000.000354,1000.000247,0.000000,0.000000,0.000000,0.000000,0.000000,0.000000,0.000000
0.000000,0.000000,0.000000,0.000000,0.000000,0.000000,1000.000189,1000.000304,1000.000407,1000.000511,1000.000603,1000.000659,1000.000659,1000.000613,1000.000552,1000.000491,1000.000434,1000.000378,1000.000323,1000.000271,1000.000220,1000.000170,1000.000122,1000.000075,1000.000030,999.999987,999.999946,999.999906,999.999867,999.999831,999.999795,999.999762,999.999730,999.999700,999.999671,999.999644,999.999619,999.999596,999.999574,999.999553,999.999534,999.999517,999.999502,999.999488,999.999476,999.999465,999.999456,999.999449,999.999443,999.999439,999.999437,999.999436,999.999437,999.999439,999.999443,999.999449,999.999456,999.999465,999.999476,999.999488,999.999502,999.999517,999.999534,999.999553,999.999574,999.999596,999.999619,999.999644,999.999671,999.999700,999.999730,999.999762,999.999795,999.999831,999.999867,999.999906,999.999946,999.999987,1000.000030,1000.000075,1000.000122,1000.000170,1000.000220,1000.000271,1000.000323,1000.000378,1000.000434,1000.000491,1000.000552,1000.000613,1000.000659,1000.000659,1000.000603,1000.000511,1000.000407,1000.000304,1000.000189,0.000000,0.000000,0.000000,0.000000,0.000000,0.000000
0.000000,0.000000,0.000000,0.000000,0.000000,0.000000,1000.000244,1000.000353,1000.000458,1000.000559,1000.000638,1000.000667,1000.000640,1000.000582,1000.000518,1000.000459,1000.000401,1000.000344,1000.000290,1000.000237,1000.000186,1000.000136,1000.000088,1000.000042,999.999997,999.999954,999.999912,999.999872,999.999834,999.999797,999.999762,999.999729,999.999697,999.999667,999.999638,999.999611,999.999586,999.999562,999.999540,999.999520,999.999501,999.999484,999.999468,999.999455,999.999442,999.999432,999.999423,999.999415,999.999410,999.999406,999.999403,999.999402,999.999403,999.999406,999.999410,999.999415,999.999423,999.999432,999.999442,999.999455,999.999468,999.999484,999.999501,999.999520,999.999540,999.999562,999.999586,999.999611,999.999638,999.999667,999.999697,999.999729,999.999762,999.999797,999.999834,999.999872,999.999912,999.999954,999.999997,1000.000042,1000.000088,1000.000136,1000.000186,1000.000237,1000.000290,1000.000344,1000.000401,1000.000459,1000.000518,1000.000582,1000.000640,1000.000667,1000.000638,1000.000559,1000.000458,1000.000353,1000.000244,0.000000,0.000000,0.000000,0.000000,0.000000,0.000000
0.000000,0.000000,0.000000,0.000000,0.000000,1000.000181,1000.000297,1000.000402,1000.000508,1000.000602,1000.000659,1000.000659,1000.000613,1000.000549,1000.000486,1000.000427,1000.000369,1000.000313,1000.000258,1000.000205,1000.000154,1000.000104,1000.000056,1000.000010,999.999965,999.999922,999.999880,999.999840,999.999802,999.999765,999.999730,999.999697,999.999665,999.999635,999.999606,999.999579,999.999554,999.999530,999.999508,999.999488,999.999469,999.999452,999.999437,999.999423,999.999410,999.999400,999.999391,999.999384,999.999378,999.999374,999.999371,999.999371,999.999371,999.999374,999.999378,999.999384,999.999391,999.999400,999.999410,999.999423,999.999437,999.999452,999.999469,999.999488,999.999508,999.999530,999.999554,999.999579,999.999606,999.999635,999.999665,999.999697,999.999730,999.999765,999.999802,999.999840,999.999880,999.999922,999.999965,1000.000010,1000.000056,1000.000104,1000.000154,1000.000205,1000.000258,1000.000313,1000.000369,1000.000427,1000.000486,1000.000549,1000.000613,1000.000659,1000.000659,1000.000602,1000.000508,1000.000402,1000.000297,1000.000181,0.000000,0.000000,0.000000,0.000000,0.000000
0.000000,0.000000,0.000000,0.000000,0.000000,1000.000229,1000.000341,1000.000449,1000.000554,1000.000635,1000.000666,1000.000640,1000.000582,1000.000517,1000.000456,1000.000397,1000.000339,1000.000283,1000.000228,1000.000175,1000.000124,1000.000074,1000.000026,999.999980,999.999935,999.999892,999.999850,999.999810,999.999772,999.999735,999.999700,999.999667,999.999635,999.999605,999.999576,999.999549,999.999524,999.999500,999.999478,999.999458,999.999439,999.999422,999.999406,999.999392,999.999380,999.999370,999.999361,999.999353,999.999348,999.999344,999.999341,999.999340,999.999341,999.999344,999.999348,999.999353,999.999361,999.999370,999.999380,999.999392,999.999406,999.999422,999.999439,999.999458,999.999478,999.999500,999.999524,999.999549,999.999576,999.999605,999.999635,999.999667,999.999700,999.999735,999.999772,999.999810,999.999850,999.999892,999.999935,999.999980,1000.000026,1000.000074,1000.000124,1000.000175,1000.000228,1000.000283,1000.000339,1000.000397,1000.000456,1000.000517,1000.000582,1000.000640,1000.000666,1000.000635,1000.000554,1000.000449,1000.000341,1000.000229,0.000000,0.000000,0.000000,0.000000,0.000000
0.000000,0.000000,0.000000,0.000000,1000.000158,1000.000276,1000.000384,1000.000493,1000.000593,1000.000657,1000.000660,1000.000614,1000.000551,1000.000488,1000.000428,1000.000368,1000.000310,1000.000254,1000.000199,1000.000147,1000.000095,1000.000046,999.999998,999.999951,999.999906,999.999863,999.999821,999.999782,999.999743,999.999706,999.999671,999.999638,999.999606,999.999576,999.999547,999.999521,999.999495,999.999472,999.999450,999.999429,999.999410,999.999393,999.999378,999.999364,999.999352,999.999341,999.999332,999.999325,999.999319,999.999315,999.999313,999.999312,999.999313,999.999315,999.999319,999.999325,999.999332,999.999341,999.999352,999.999364,999.999378,999.999393,999.999410,999.999429,999.999450,999.999472,999.999495,999.999521,999.999547,999.999576,999.999606,999.999638,999.999671,999.999706,999.999743,999.999782,999.999821,999.999863,999.999906,999.999951,999.999998,1000.000046,1000.000095,1000.000147,1000.000199,1000.000254,1000.000310,1000.000368,1000.000428,1000.000488,1000.000551,1000.000614,1000.000660,1000.000657,1000.000593,1000.000493,1000.000384,1000.000276,1000.000158,0.000000,0.000000,0.000000,0.000000
0.000000,0.000000,0.000000,0.000000,1000.000202,1000.000315,1000.000424,1000.000533,1000.000624,1000.000665,1000.000644,1000.000587,1000.000523,1000.000461,1000.000400,1000.000341,1000.000283,1000.000227,1000.000172,1000.000120,1000.000068,1000.000019,999.999971,999.999924,999.999879,999.999836,999.999795,999.999755,999.999716,999.999680,999.999644,999.999611,999.999579,999.999549,999.999521,999.999494,999.999468,999.999445,999.999423,999.999402,999.999383,999.999366,999.999351,999.999337,999.999325,999.999314,999.999305,999.999298,999.999292,999.999288,999.999286,999.999285,999.999286,999.999288,999.999292,999.999298,999.999305,999.999314,999.999325,999.999337,999.999351,999.999366,999.999383,999.999402,999.999423,999.999445,999.999468,999.999494,999.999521,999.999549,999.999579,999.999611,999.999644,999.999680,999.999716,999.999755,999.999795,999.999836,999.999879,999.999924,999.999971,1000.000019,1000.000068,1000.000120,1000.000172,1000.000227,1000.000283,1000.000341,1000.000400,1000.000461,1000.000523,1000.000587,1000.000644,1000.000665,1000.000624,1000.000533,1000.000424,1000.000315,1000.000202,0.000000,0.000000,0.000000,0.000000
