0.000000,0.000000,0.000000,0.000000,0.000000,0.000000,0.000000,0.000000,0.000000,0.000000,0.000000,0.000000,0.000000,0.000000,0.000000,0.000000,0.000000,0.000000,0.000000,0.000000,0.000000,0.000000,0.000000,0.000000,0.000000,0.000000,0.000000,0.000000,0.000000,0.000000,0.000000,0.000000,0.000000,0.000000,0.000000,0.000000,0.000000,0.000000,0.000000,0.000000,0.000000,0.000000,0.000000,0.000000,0.000000,0.000000,0.000000,0.000000,0.000000,0.000000,0.000000,0.000000,0.000000,0.000000,0.000000,0.000000,0.000000,0.000000,0.000000,0.000000,0.000000,0.000000,0.000000,0.000000,0.000000,0.000000,0.000000,0.000000,0.000000,0.000000,0.000000,0.000000,0.000000,0.000000,0.000000,0.000000,0.000000,0.000000,0.000000,0.000000,0.000000,0.000000,0.000000,0.000000,0.000000,0.000000,0.000000,0.000000,0.000000,0.000000,0.000000,0.000000,0.000000,0.000000,0.000000,0.000000,0.000000,0.000000,0.000000,0.000000,0.000000,0.000000,0.000000
0.000000,0.000000,0.000000,0.000000,0.000000,0.000000,0.000000,0.000000,0.000000,0.000000,0.000000,0.000000,0.000000,0.000000,0.000000,0.000000,0.000000,0.000000,0.000000,0.000000,0.000000,0.000000,0.000000,0.000000,0.000000,0.000000,0.000000,0.000000,0.000000,0.000000,0.000000,0.000000,0.000000,0.000000,0.000000,0.000000,0.000000,0.000000,0.000000,0.000000,0.000000,0.000000,0.000000,0.000000,0.000000,0.000000,0.000000,0.000000,0.000000,0.000000,0.000000,1000.000097,0.000000,0.000000,0.000000,0.000000,0.000000,0.000000,0.000000,0.000000,0.000000,0.000000,0.000000,0.000000,0.000000,0.000000,0.000000,0.000000,0.000000,0.000000,0.000000,0.000000,0.000000,0.000000,0.000000,0.000000,0.000000,0.000000,0.000000,0.000000,0.000000,0.000000,0.000000,0.000000,0.000000,0.000000,0.000000,0.000000,0.000000,0.000000,0.000000,0.000000,0.000000,0.000000,0.000000,0.000000,0.000000,0.000000,0.000000,0.000000,0.000000,0.000000,0.000000
0.000000,0.000000,0.000000,0.000000,0.000000,0.000000,0.000000,0.000000,0.000000,0.000000,0.000000,0.000000,0.000000,0.000000,0.000000,0.000000,0.000000,0.000000,0.000000,0.000000,0.000000,0.000000,0.000000,0.000000,0.000000,0.000000,0.000000,0.000000,0.000000,0.000000,0.000000,0.000000,0.000000,0.000000,0.000000,0.000000,0.000000,0.000000,0.000000,0.000000,0.000000,0.000000,1000.000177,1000.000206,1000.000220,1000.000228,1000.000232,1000.000233,1000.000234,1000.000232,1000.000231,1000.000238,1000.000231,1000.000232,1000.000234,1000.000233,1000.000232,1000.000228,1000.000220,1000.000206,1000.000177,0.000000,0.000000,0.000000,0.000000,0.000000,0.000000,0.000000,0.000000,0.000000,0.000000,0.000000,0.000000,0.000000,0.000000,0.000000,0.000000,0.000000,0.000000,0.000000,0.000000,0.000000,0.000000,0.000000,0.000000,0.000000,0.000000,0.000000,0.000000,0.000000,0.000000,0.000000,0.000000,0.000000,0.000000,0.000000,0.000000,0.000000,0.000000,0.000000,0.000000,0.000000,0.000000
0.000000,0.000000,0.000000,0.000000,0.000000,0.000000,0.000000,0.000000,0.000000,0.000000,0.000000,0.000000,0.000000,0.000000,0.000000,0.000000,0.000000,0.000000,0.000000,0.000000,0.000000,0.000000,0.000000,0.000000,0.000000,0.000000,0.000000,0.000000,0.000000,0.000000,0.000000,0.000000,0.000000,0.000000,0.000000,0.000000,0.000000,1000.000170,1000.000212,1000.000246,1000.000274,1000.000296,1000.000316,1000.000335,1000.000349,1000.000359,1000.000364,1000.000367,1000.000368,1000.000369,1000.000368,1000.000369,1000.000368,1000.000369,1000.000368,1000.000367,1000.000364,1000.000359,1000.000349,1000.000335,1000.000316,1000.000296,1000.000274,1000.000246,1000.000212,1000.000170,0.000000,0.000000,0.000000,0.000000,0.000000,0.000000,0.000000,0.000000,0.000000,0.000000,0.000000,0.000000,0.000000,0.000000,0.000000,0.000000,0.000000,0.000000,0.000000,0.000000,0.000000,0.000000,0.000000,0.000000,0.000000,0.000000,0.000000,0.000000,0.000000,0.000000,0.000000,0.000000,0.000000,0.000000,0.000000,0.000000,0.000000
0.000000,0.000000,0.000000,0.000000,0.000000,0.000000,0.000000,0.000000,0.000000,0.000000,0.000000,0.000000,0.000000,0.000000,0.000000,0.000000,0.000000,0.000000,0.000000,0.000000,0.000000,0.000000,0.000000,0.000000,0.000000,0.000000,0.000000,0.000000,0.000000,0.000000,0.000000,0.000000,0.000000,0.000000,1000.000177,1000.000226,1000.000266,1000.000306,1000.000341,1000.000372,1000.000401,1000.000426,1000.000449,1000.000467,1000.000480,1000.000489,1000.000494,1000.000497,1000.000499,1000.000499,1000.000500,1000.000499,1000.000500,1000.000499,1000.000499,1000.000497,1000.000494,1000.000489,1000.000480,1000.000467,1000.000449,1000.000426,1000.000401,1000.000372,1000.000341,1000.000306,1000.000266,1000.000226,1000.000177,0.000000,0.000000,0.000000,0.000000,0.000000,0.000000,0.000000,0.000000,0.000000,0.000000,0.000000,0.000000,0.000000,0.000000,0.000000,0.000000,0.000000,0.000000,0.000000,0.000000,0.000000,0.000000,0.000000,0.000000,0.000000,0.000000,0.000000,0.000000,0.000000,0.000000,0.000000,0.000000,0.000000,0.000000
0.000000,0.000000,0.000000,0.000000,0.000000,0.000000,0.000000,0.000000,0.000000,0.000000,0.000000,0.000000,0.000000,0.000000,0.000000,0.000000,0.000000,0.000000,0.000000,0.000000,0.000000,0.000000,0.000000,0.000000,0.000000,0.000000,0.000000,0.000000,0.000000,0.000000,0.000000,0.000000,1000.000202,1000.000257,1000.000309,1000.000353,1000.000392,1000.000432,1000.000467,1000.000498,1000.000527,1000.000554,1000.000578,1000.000596,1000.000608,1000.000615,1000.000619,1000.000621,1000.000622,1000.000623,1000.000623,1000.000623,1000.000623,1000.000623,1000.000622,1000.000621,1000.000619,1000.000615,1000.000608,1000.000596,1000.000578,1000.000554,1000.000527,1000.000498,1000.000467,1000.000432,1000.000392,1000.000353,1000.000309,1000.000257,1000.000202,0.000000,0.000000,0.000000,0.000000,0.000000,0.000000,0.000000,0.000000,0.000000,0.000000,0.000000,0.000000,0.000000,0.000000,0.000000,0.000000,0.000000,0.000000,0.000000,0.000000,0.000000,0.000000,0.000000,0.000000,0.000000,0.000000,0.000000,0.000000,0.000000,0.000000,0.000000,0.000000
0.000000,0.000000,0.000000,0.000000,0.000000,0.000000,0.000000,0.000000,0.000000,0.000000,0.000000,0.000000,0.000000,0.000000,0.000000,0.000000,0.000000,0.000000,0.000000,0.000000,0.000000,0.000000,0.000000,0.000000,0.000000,0.000000,0.000000,0.000000,0.000000,0.000000,1000.000212,1000.000273,1000.000332,1000.000382,1000.000431,1000.000475,1000.000518,1000.000557,1000.000591,1000.000620,1000.000645,1000.000667,1000.000686,1000.000699,1000.000706,1000.000710,1000.000712,1000.000713,1000.000713,1000.000713,1000.000713,1000.000713,1000.000713,1000.000713,1000.000713,1000.000713,1000.000712,1000.000710,1000.000706,1000.000699,1000.000686,1000.000667,1000.000645,1000.000620,1000.000591,1000.000557,1000.000518,1000.000475,1000.000431,1000.000382,1000.000332,1000.000273,1000.000212,0.000000,0.000000,0.000000,0.000000,0.000000,0.000000,0.000000,0.000000,0.000000,0.000000,0.000000,0.000000,0.000000,0.000000,0.000000,0.000000,0.000000,0.000000,0.000000,0.000000,0.000000,0.000000,0.000000,0.000000,0.000000,0.000000,0.000000,0.000000,0.000000,0.000000
0.000000,0.000000,0.000000,0.000000,0.000000,0.000000,0.000000,0.000000,0.000000,0.000000,0.000000,0.000000,0.000000,0.000000,0.000000,0.000000,0.000000,0.000000,0.000000,0.000000,0.000000,0.000000,0.000000,0.000000,0.000000,0.000000,0.000000,0.000000,1000.000211,1000.000277,1000.000340,1000.000395,1000.000450,1000.000503,1000.000553,1000.000597,1000.000636,1000.000669,1000.000695,1000.000713,1000.000726,1000.000734,1000.000736,1000.000735,1000.000733,1000.000732,1000.000731,1000.000730,1000.000729,1000.000728,1000.000728,1000.000728,1000.000728,1000.000728,1000.000729,1000.000730,1000.000731,1000.000732,1000.000733,1000.000735,1000.000736,1000.000734,1000.000726,1000.000713,1000.000695,1000.000669,1000.000636,1000.000597,1000.000553,1000.000503,1000.000450,1000.000395,1000.000340,1000.000277,1000.000211,0.000000,0.000000,0.000000,0.000000,0.000000,0.000000,0.000000,0.000000,0.000000,0.000000,0.000000,0.000000,0.000000,0.000000,0.000000,0.000000,0.000000,0.000000,0.000000,0.000000,0.000000,0.000000,0.000000,0.000000,0.000000,0.000000,0.000000,0.000000
0.000000,0.000000,0.000000,0.000000,0.000000,0.000000,0.000000,0.000000,0.000000,0.000000,0.000000,0.000000,0.000000,0.000000,0.000000,0.000000,0.000000,0.000000,0.000000,0.000000,0.000000,0.000000,0.000000,0.000000,0.000000,0.000000,1000.000200,1000.000271,1000.000338,1000.000397,1000.000456,1000.000513,1000.000569,1000.000620,1000.000663,1000.000698,1000.000721,1000.000736,1000.000742,1000.000741,1000.000736,1000.000726,1000.000712,1000.000699,1000.000689,1000.000683,1000.000679,1000.000677,1000.000675,1000.000674,1000.000673,1000.000673,1000.000673,1000.000674,1000.000675,1000.000677,1000.000679,1000.000683,1000.000689,1000.000699,1000.000712,1000.000726,1000.000736,1000.000741,1000.000742,1000.000736,1000.000721,1000.000698,1000.000663,1000.000620,1000.000569,1000.000513,1000.000456,1000.000397,1000.000338,1000.000271,1000.000200,0.000000,0.000000,0.000000,0.000000,0.000000,0.000000,0.000000,0.000000,0.000000,0.000000,0.000000,0.000000,0.000000,0.000000,0.000000,0.000000,0.000000,0.000000,0.000000,0.000000,0.000000,0.000000,0.000000,0.000000,0.000000,0.000000
0.000000,0.000000,0.000000,0.000000,0.000000,0.000000,0.000000,0.000000,0.000000,0.000000,0.000000,0.000000,0.000000,0.000000,0.000000,0.000000,0.000000,0.000000,0.000000,0.000000,0.000000,0.000000,0.000000,0.000000,1000.000172,1000.000250,1000.000324,1000.000388,1000.000452,1000.000513,1000.000572,1000.000626,1000.000673,1000.000710,1000.000734,1000.000743,1000.000741,1000.000732,1000.000717,1000.000700,1000.000683,1000.000665,1000.000647,1000.000629,1000.000617,1000.000609,1000.000603,1000.000599,1000.000596,1000.000594,1000.000592,1000.000592,1000.000592,1000.000594,1000.000596,1000.000599,1000.000603,1000.000609,1000.000617,1000.000629,1000.000647,1000.000665,1000.000683,1000.000700,1000.000717,1000.000732,1000.000741,1000.000743,1000.000734,1000.000710,1000.000673,1000.000626,1000.000572,1000.000513,1000.000452,1000.000388,1000.000324,1000.000250,1000.000172,0.000000,0.000000,0.000000,0.000000,0.000000,0.000000,0.000000,0.000000,0.000000,0.000000,0.000000,0.000000,0.000000,0.000000,0.000000,0.000000,0.000000,0.000000,0.000000,0.000000,0.000000,0.000000,0.000000,0.000000
0.000000,0.000000,0.000000,0.000000,0.000000,0.000000,0.000000,0.000000,0.000000,0.000000,0.000000,0.000000,0.000000,0.000000,0.000000,0.000000,0.000000,0.000000,0.000000,0.000000,0.000000,0.000000,0.000000,1000.000208,1000.000292,1000.000364,1000.000435,1000.000502,1000.000566,1000.000625,1000.000674,1000.000713,1000.000737,1000.000744,1000.000738,1000.000720,1000.000698,1000.000675,1000.000651,1000.000628,1000.000608,1000.000590,1000.000572,1000.000556,1000.000543,1000.000534,1000.000527,1000.000521,1000.000517,1000.000515,1000.000513,1000.000512,1000.000513,1000.000515,1000.000517,1000.000521,1000.000527,1000.000534,1000.000543,1000.000556,1000.000572,1000.000590,1000.000608,1000.000628,1000.000651,1000.000675,1000.000698,1000.000720,1000.000738,1000.000744,1000.000737,1000.000713,1000.000674,1000.000625,1000.000566,1000.000502,1000.000435,1000.000364,1000.000292,1000.000208,0.000000,0.000000,0.000000,0.000000,0.000000,0.000000,0.000000,0.000000,0.000000,0.000000,0.000000,0.000000,0.000000,0.000000,0.000000,0.000000,0.000000,0.000000,0.000000,0.000000,0.000000,0.000000,0.000000
0.000000,0.000000,0.000000,0.000000,0.000000,0.000000,0.000000,0.000000,0.000000,0.000000,0.000000,0.000000,0.000000,0.000000,0.000000,0.000000,0.000000,0.000000,0.000000,0.000000,0.000000,1000.000154,1000.000241,1000.000325,1000.000400,1000.000474,1000.000547,1000.000613,1000.000669,1000.000711,1000.000737,1000.000745,1000.000737,1000.000716,1000.000688,1000.000658,1000.000628,1000.000602,1000.000578,1000.000555,1000.000534,1000.000516,1000.000499,1000.000484,1000.000471,1000.000461,1000.000452,1000.000446,1000.000442,1000.000438,1000.000437,1000.000436,1000.000437,1000.000438,1000.000442,1000.000446,1000.000452,1000.000461,1000.000471,1000.000484,1000.000499,1000.000516,1000.000534,1000.000555,1000.000578,1000.000602,1000.000628,1000.000658,1000.000688,1000.000716,1000.000737,1000.000745,1000.000737,1000.000711,1000.000669,1000.000613,1000.000547,1000.000474,1000.000400,1000.000325,1000.000241,1000.000154,0.000000,0.000000,0.000000,0.000000,0.000000,0.000000,0.000000,0.000000,0.000000,0.000000,0.000000,0.000000,0.000000,0.000000,0.000000,0.000000,0.000000,0.000000,0.000000,0.000000,0.000000
0.000000,0.000000,0.000000,0.000000,0.000000,0.000000,0.000000,0.000000,0.000000,0.000000,0.000000,0.000000,0.000000,0.000000,0.000000,0.000000,0.000000,0.000000,0.000000,0.000000,1000.000179,1000.000271,1000.000350,1000.000428,1000.000506,1000.000582,1000.000650,1000.000702,1000.000733,1000.000744,1000.000737,1000.000715,1000.000686,1000.000652,1000.000618,1000.000586,1000.000557,1000.000531,1000.000506,1000.000484,1000.000463,1000.000444,1000.000427,1000.000412,1000.000399,1000.000389,1000.000380,1000.000373,1000.000368,1000.000365,1000.000363,1000.000362,1000.000363,1000.000365,1000.000368,1000.000373,1000.000380,1000.000389,1000.000399,1000.000412,1000.000427,1000.000444,1000.000463,1000.000484,1000.000506,1000.000531,1000.000557,1000.000586,1000.000618,1000.000652,1000.000686,1000.000715,1000.000737,1000.000744,1000.000733,1000.000702,1000.000650,1000.000582,1000.000506,1000.000428,1000.000350,1000.000271,1000.000179,0.000000,0.000000,0.000000,0.000000,0.000000,0.000000,0.000000,0.000000,0.000000,0.000000,0.000000,0.000000,0.000000,0.000000,0.000000,0.000000,0.000000,0.000000,0.000000,0.000000
0.000000,0.000000,0.000000,0.000000,0.000000,0.000000,0.000000,0.000000,0.000000,0.000000,0.000000,0.000000,0.000000,0.000000,0.000000,0.000000,0.000000,0.000000,0.000000,1000.000199,1000.000293,1000.000375,1000.000453,1000.000532,1000.000607,1000.000674,1000.000721,1000.000742,1000.000737,1000.000717,1000.000687,1000.000652,1000.000615,1000.000580,1000.000547,1000.000516,1000.000488,1000.000461,1000.000436,1000.000414,1000.000393,1000.000374,1000.000357,1000.000342,1000.000329,1000.000319,1000.000310,1000.000302,1000.000297,1000.000293,1000.000291,1000.000290,1000.000291,1000.000293,1000.000297,1000.000302,1000.000310,1000.000319,1000.000329,1000.000342,1000.000357,1000.000374,1000.000393,1000.000414,1000.000436,1000.000461,1000.000488,1000.000516,1000.000547,1000.000580,1000.000615,1000.000652,1000.000687,1000.000717,1000.000737,1000.000742,1000.000721,1000.000674,1000.000607,1000.000532,1000.000453,1000.000375,1000.000293,1000.000199,0.000000,0.000000,0.000000,0.000000,0.000000,0.000000,0.000000,0.000000,0.000000,0.000000,0.000000,0.000000,0.000000,0.000000,0.000000,0.000000,0.000000,0.000000,0.000000
0.000000,0.000000,0.000000,0.000000,0.000000,0.000000,0.000000,0.000000,0.000000,0.000000,0.000000,0.000000,0.000000,0.000000,0.000000,0.000000,0.000000,0.000000,1000.000212,1000.000309,1000.000395,1000.000477,1000.000559,1000.000631,1000.000691,1000.000732,1000.000743,1000.000725,1000.000694,1000.000657,1000.000618,1000.000581,1000.000545,1000.000511,1000.000479,1000.000449,1000.000420,1000.000393,1000.000368,1000.000346,1000.000325,1000.000306,1000.000289,1000.000274,1000.000261,1000.000250,1000.000241,1000.000233,1000.000228,1000.000224,1000.000221,1000.000220,1000.000221,1000.000224,1000.000228,1000.000233,1000.000241,1000.000250,1000.000261,1000.000274,1000.000289,1000.000306,1000.000325,1000.000346,1000.000368,1000.000393,1000.000420,1000.000449,1000.000479,1000.000511,1000.000545,1000.000581,1000.000618,1000.000657,1000.000694,1000.000725,1000.000743,1000.000732,1000.000691,1000.000631,1000.000559,1000.000477,1000.000395,1000.000309,1000.000212,0.000000,0.000000,0.000000,0.000000,0.000000,0.000000,0.000000,0.000000,0.000000,0.000000,0.000000,0.000000,0.000000,0.000000,0.000000,0.000000,0.000000,0.000000
0.000000,0.000000,0.000000,0.000000,0.000000,0.000000,0.000000,0.000000,0.000000,0.000000,0.000000,0.000000,0.000000,0.000000,0.000000,0.000000,0.000000,1000.000219,1000.000319,1000.000408,1000.000494,1000.000580,1000.000654,1000.000709,1000.000739,1000.000741,1000.000716,1000.000675,1000.000631,1000.000589,1000.000551,1000.000514,1000.000479,1000.000445,1000.000412,1000.000382,1000.000353,1000.000327,1000.000302,1000.000280,1000.000259,1000.000240,1000.000223,1000.000208,1000.000195,1000.000183,1000.000174,1000.000166,1000.000160,1000.000156,1000.000154,1000.000153,1000.000154,1000.000156,1000.000160,1000.000166,1000.000174,1000.000183,1000.000195,1000.000208,1000.000223,1000.000240,1000.000259,1000.000280,1000.000302,1000.000327,1000.000353,1000.000382,1000.000412,1000.000445,1000.000479,1000.000514,1000.000551,1000.000589,1000.000631,1000.000675,1000.000716,1000.000741,1000.000739,1000.000709,1000.000654,1000.000580,1000.000494,1000.000408,1000.000319,1000.000219,0.000000,0.000000,0.000000,0.000000,0.000000,0.000000,0.000000,0.000000,0.000000,0.000000,0.000000,0.000000,0.000000,0.000000,0.000000,0.000000,0.000000
0.000000,0.000000,0.000000,0.000000,0.000000,0.000000,0.000000,0.000000,0.000000,0.000000,0.000000,0.000000,0.000000,0.000000,0.000000,0.000000,1000.000220,1000.000323,1000.000414,1000.000504,1000.000592,1000.000668,1000.000721,1000.000742,1000.000734,1000.000704,1000.000661,1000.000612,1000.000566,1000.000525,1000.000487,1000.000449,1000.000414,1000.000380,1000.000347,1000.000317,1000.000289,1000.000262,1000.000238,1000.000215,1000.000194,1000.000175,1000.000158,1000.000143,1000.000130,1000.000118,1000.000109,1000.000101,1000.000095,1000.000091,1000.000088,1000.000087,1000.000088,1000.000091,1000.000095,1000.000101,1000.000109,1000.000118,1000.000130,1000.000143,1000.000158,1000.000175,1000.000194,1000.000215,1000.000238,1000.000262,1000.000289,1000.000317,1000.000347,1000.000380,1000.000414,1000.000449,1000.000487,1000.000525,1000.000566,1000.000612,1000.000661,1000.000704,1000.000734,1000.000742,1000.000721,1000.000668,1000.000592,1000.000504,1000.000414,1000.000323,1000.000220,0.000000,0.000000,0.000000,0.000000,0.000000,0.000000,0.000000,0.000000,0.000000,0.000000,0.000000,0.000000,0.000000,0.000000,0.000000,0.000000
0.000000,0.000000,0.000000,0.000000,0.000000,0.000000,0.000000,0.000000,0.000000,0.000000,0.000000,0.000000,0.000000,0.000000,0.000000,1000.000219,1000.000323,1000.000416,1000.000508,1000.000597,1000.000675,1000.000727,1000.000743,1000.000724,1000.000688,1000.000644,1000.000595,1000.000548,1000.000505,1000.000464,1000.000424,1000.000386,1000.000350,1000.000317,1000.000285,1000.000255,1000.000226,1000.000199,1000.000175,1000.000152,1000.000131,1000.000112,1000.000095,1000.000080,1000.000067,1000.000055,1000.000045,1000.000038,1000.000031,1000.000027,1000.000025,1000.000024,1000.000025,1000.000027,1000.000031,1000.000038,1000.000045,1000.000055,1000.000067,1000.000080,1000.000095,1000.000112,1000.000131,1000.000152,1000.000175,1000.000199,1000.000226,1000.000255,1000.000285,1000.000317,1000.000350,1000.000386,1000.000424,1000.000464,1000.000505,1000.000548,1000.000595,1000.000644,1000.000688,1000.000724,1000.000743,1000.000727,1000.000675,1000.000597,1000.000508,1000.000416,1000.000323,1000.000219,0.000000,0.000000,0.000000,0.000000,0.000000,0.000000,0.000000,0.000000,0.000000,0.000000,0.000000,0.000000,0.000000,0.000000,0.000000
0.000000,0.000000,0.000000,0.000000,0.000000,0.000000,0.000000,0.000000,0.000000,0.000000,0.000000,0.000000,0.000000,0.000000,1000.000212,1000.000319,1000.000414,1000.000508,1000.000599,1000.000677,1000.000730,1000.000743,1000.000719,1000.000676,1000.000627,1000.000579,1000.000532,1000.000488,1000.000445,1000.000402,1000.000363,1000.000325,1000.000290,1000.000256,1000.000224,1000.000193,1000.000165,1000.000139,1000.000114,1000.000091,1000.000070,1000.000051,1000.000034,1000.000019,1000.000005,999.999994,999.999984,999.999976,999.999970,999.999966,999.999963,999.999962,999.999963,999.999966,999.999970,999.999976,999.999984,999.999994,1000.000005,1000.000019,1000.000034,1000.000051,1000.000070,1000.000091,1000.000114,1000.000139,1000.000165,1000.000193,1000.000224,1000.000256,1000.000290,1000.000325,1000.000363,1000.000402,1000.000445,1000.000488,1000.000532,1000.000579,1000.000627,1000.000676,1000.000719,1000.000743,1000.000730,1000.000677,1000.000599,1000.000508,1000.000414,1000.000319,1000.000212,0.000000,0.000000,0.000000,0.000000,0.000000,0.000000,0.000000,0.000000,0.000000,0.000000,0.000000,0.000000,0.000000,0.000000
0.000000,0.000000,0.000000,0.000000,0.000000,0.000000,0.000000,0.000000,0.000000,0.000000,0.000000,0.000000,0.000000,1000.000199,1000.000309,1000.000408,1000.000504,1000.000597,1000.000677,1000.000731,1000.000743,1000.000718,1000.000671,1000.000618,1000.000566,1000.000519,1000.000473,1000.000428,1000.000385,1000.000343,1000.000304,1000.000266,1000.000230,1000.000196,1000.000164,1000.000134,1000.000106,1000.000079,1000.000055,1000.000032,1000.000011,999.999992,999.999975,999.999959,999.999946,999.999934,999.999925,999.999917,999.999910,999.999906,999.999903,999.999902,999.999903,999.999906,999.999910,999.999917,999.999925,999.999934,999.999946,999.999959,999.999975,999.999992,1000.000011,1000.000032,1000.000055,1000.000079,1000.000106,1000.000134,1000.000164,1000.000196,1000.000230,1000.000266,1000.000304,1000.000343,1000.000385,1000.000428,1000.000473,1000.000519,1000.000566,1000.000618,1000.000671,1000.000718,1000.000743,1000.000731,1000.000677,1000.000597,1000.000504,1000.000408,1000.000309,1000.000199,0.000000,0.000000,0.000000,0.000000,0.000000,0.000000,0.000000,0.000000,0.000000,0.000000,0.000000,0.000000,0.000000
0.000000,0.000000,0.000000,0.000000,0.000000,0.000000,0.000000,0.000000,0.000000,0.000000,0.000000,0.000000,1000.000179,1000.000293,1000.000395,1000.000494,1000.000592,1000.000675,1000.000730,1000.000743,1000.000717,1000.000669,1000.000614,1000.000559,1000.000510,1000.000462,1000.000415,1000.000370,1000.000327,1000.000286,1000.000246,1000.000209,1000.000173,1000.000139,1000.000107,1000.000077,1000.000048,1000.000022,999.999997,999.999974,999.999954,999.999934,999.999917,999.999902,999.999888,999.999877,999.999867,999.999859,999.999853,999.999848,999.999845,999.999844,999.999845,999.999848,999.999853,999.999859,999.999867,999.999877,999.999888,999.999902,999.999917,999.999934,999.999954,999.999974,999.999997,1000.000022,1000.000048,1000.000077,1000.000107,1000.000139,1000.000173,1000.000209,1000.000246,1000.000286,1000.000327,1000.000370,1000.000415,1000.000462,1000.000510,1000.000559,1000.000614,1000.000669,1000.000717,1000.000743,1000.000730,1000.000675,1000.000592,1000.000494,1000.000395,1000.000293,1000.000179,0.000000,0.000000,0.000000,0.000000,0.000000,0.000000,0.000000,0.000000,0.000000,0.000000,0.000000,0.000000
0.000000,0.000000,0.000000,0.000000,0.000000,0.000000,0.000000,0.000000,0.000000,0.000000,0.000000,1000.000154,1000.000271,1000.000375,1000.000477,1000.000580,1000.000668,1000.000727,1000.000743,1000.000718,1000.000669,1000.000612,1000.000556,1000.000505,1000.000455,1000.000406,1000.000359,1000.000314,1000.000271,1000.000230,1000.000190,1000.000153,1000.000117,1000.000083,1000.000051,1000.000021,999.999993,999.999966,999.999942,999.999919,999.999898,999.999879,999.999862,999.999846,999.999833,999.999821,999.999811,999.999803,999.999797,999.999792,999.999789,999.999789,999.999789,999.999792,999.999797,999.999803,999.999811,999.999821,999.999833,999.999846,999.999862,999.999879,999.999898,999.999919,999.999942,999.999966,999.999993,1000.000021,1000.000051,1000.000083,1000.000117,1000.000153,1000.000190,1000.000230,1000.000271,1000.000314,1000.000359,1000.000406,1000.000455,1000.000505,1000.000556,1000.000612,1000.000669,1000.000718,1000.000743,1000.000727,1000.000668,1000.000580,1000.000477,1000.000375,1000.000271,1000.000154,0.000000,0.000000,0.000000,0.000000,0.000000,0.000000,0.000000,0.000000,0.000000,0.000000,0.000000
0.000000,0.000000,0.000000,0.000000,0.000000,0.000000,0.000000,0.000000,0.000000,0.000000,0.000000,1000.000241,1000.000350,1000.000453,1000.000559,1000.000654,1000.000721,1000.000743,1000.000719,1000.000671,1000.000614,1000.000556,1000.000503,1000.000451,1000.000400,1000.000352,1000.000305,1000.000260,1000.000217,1000.000176,1000.000137,1000.000099,1000.000063,1000.000029,999.999997,999.999967,999.999939,999.999912,999.999888,999.999865,999.999844,999.999825,999.999808,999.999792,999.999779,999.999767,999.999757,999.999749,999.999743,999.999738,999.999735,999.999734,999.999735,999.999738,999.999743,999.999749,999.999757,999.999767,999.999779,999.999792,999.999808,999.999825,999.999844,999.999865,999.999888,999.999912,999.999939,999.999967,999.999997,1000.000029,1000.000063,1000.000099,1000.000137,1000.000176,1000.000217,1000.000260,1000.000305,1000.000352,1000.000400,1000.000451,1000.000503,1000.000556,1000.000614,1000.000671,1000.000719,1000.000743,1000.000721,1000.000654,1000.000559,1000.000453,1000.000350,1000.000241,0.000000,0.000000,0.000000,0.000000,0.000000,0.000000,0.000000,0.000000,0.000000,0.000000,0.000000
0.000000,0.000000,0.000000,0.000000,0.000000,0.000000,0.000000,0.000000,0.000000,0.000000,1000.000208,1000.000325,1000.000428,1000.000532,1000.000631,1000.000709,1000.000742,1000.000724,1000.000676,1000.000618,1000.000559,1000.000505,1000.000451,1000.000399,1000.000348,1000.000300,1000.000253,1000.000208,1000.000165,1000.000124,1000.000085,1000.000047,1000.000011,999.999977,999.999945,999.999915,999.999887,999.999860,999.999836,999.999813,999.999792,999.999773,999.999756,999.999740,999.999727,999.999715,999.999705,999.999697,999.999690,999.999686,999.999683,999.999682,999.999683,999.999686,999.999690,999.999697,999.999705,999.999715,999.999727,999.999740,999.999756,999.999773,999.999792,999.999813,999.999836,999.999860,999.999887,999.999915,999.999945,999.999977,1000.000011,1000.000047,1000.000085,1000.000124,1000.000165,1000.000208,1000.000253,1000.000300,1000.000348,1000.000399,1000.000451,1000.000505,1000.000559,1000.000618,1000.000676,1000.000724,1000.000742,1000.000709,1000.000631,1000.000532,1000.000428,1000.000325,1000.000208,0.000000,0.000000,0.000000,0.000000,0.000000,0.000000,0.000000,0.000000,0.000000,0.000000
0.000000,0.000000,0.000000,0.000000,0.000000,0.000000,0.000000,0.000000,0.000000,1000.000172,1000.000292,1000.000400,1000.000506,1000.000607,1000.000691,1000.000739,1000.000734,1000.000688,1000.000627,1000.000566,1000.000510,1000.000455,1000.000400,1000.000348,1000.000298,1000.000250,1000.000203,1000.000158,1000.000115,1000.000074,1000.000034,999.999997,999.999961,999.999927,999.999895,999.999865,999.999837,999.999810,999.999786,999.999763,999.999742,999.999723,999.999705,999.999690,999.999676,999.999664,999.999654,999.999646,999.999640,999.999635,999.999633,999.999632,999.999633,999.999635,999.999640,999.999646,999.999654,999.999664,999.999676,999.999690,999.999705,999.999723,999.999742,999.999763,999.999786,999.999810,999.999837,999.999865,999.999895,999.999927,999.999961,999.999997,1000.000034,1000.000074,1000.000115,1000.000158,1000.000203,1000.000250,1000.000298,1000.000348,1000.000400,1000.000455,1000.000510,1000.000566,1000.000627,1000.000688,1000.000734,1000.000739,1000.000691,1000.000607,1000.000506,1000.000400,1000.000292,1000.000172,0.000000,0.000000,0.000000,0.000000,0.000000,0.000000,0.000000,0.000000,0.000000
0.000000,0.000000,0.000000,0.000000,0.000000,0.000000,0.000000,0.000000,0.000000,1000.000250,1000.000364,1000.000474,1000.000582,1000.000674,1000.000732,1000.000741,1000.000704,1000.000644,1000.000579,1000.000519,1000.000462,1000.000406,1000.000352,1000.000300,1000.000250,1000.000201,1000.000154,1000.000109,1000.000066,1000.000025,999.999986,999.999948,999.999913,999.999879,999.999847,999.999817,999.999788,999.999762,999.999737,999.999714,999.999693,999.999674,999.999657,999.999641,999.999628,999.999616,999.999606,999.999598,999.999591,999.999587,999.999584,999.999583,999.999584,999.999587,999.999591,999.999598,999.999606,999.999616,999.999628,999.999641,999.999657,999.999674,999.999693,999.999714,999.999737,999.999762,999.999788,999.999817,999.999847,999.999879,999.999913,999.999948,999.999986,1000.000025,1000.000066,1000.000109,1000.000154,1000.000201,1000.000250,1000.000300,1000.000352,1000.000406,1000.000462,1000.000519,1000.000579,1000.000644,1000.000704,1000.000741,1000.000732,1000.000674,1000.000582,1000.000474,1000.000364,1000.000250,0.000000,0.000000,0.000000,0.000000,0.000000,0.000000,0.000000,0.000000,0.000000
0.000000,0.000000,0.000000,0.000000,0.000000,0.000000,0.000000,0.000000,1000.000200,1000.000324,1000.000435,1000.000547,1000.000650,1000.000721,1000.000743,1000.000716,1000.000661,1000.000595,1000.000532,1000.000473,1000.000415,1000.000359,1000.000305,1000.000253,1000.000203,1000.000154,1000.000108,1000.000063,1000.000020,999.999979,999.999939,999.999902,999.999866,999.999832,999.999800,999.999770,999.999742,999.999715,999.999691,999.999668,999.999647,999.999628,999.999610,999.999595,999.999581,999.999569,999.999559,999.999551,999.999545,999.999540,999.999538,999.999537,999.999538,999.999540,999.999545,999.999551,999.999559,999.999569,999.999581,999.999595,999.999610,999.999628,999.999647,999.999668,999.999691,999.999715,999.999742,999.999770,999.999800,999.999832,999.999866,999.999902,999.999939,999.999979,1000.000020,1000.000063,1000.000108,1000.000154,1000.000203,1000.000253,1000.000305,1000.000359,1000.000415,1000.000473,1000.000532,1000.000595,1000.000661,1000.000716,1000.000743,1000.000721,1000.000650,1000.000547,1000.000435,1000.000324,1000.000200,0.000000,0.000000,0.000000,0.000000,0.000000,0.000000,0.000000,0.000000
0.000000,0.000000,0.000000,0.000000,0.000000,0.000000,0.000000,0.000000,1000.000271,1000.000388,1000.000502,1000.000613,1000.000702,1000.000742,1000.000725,1000.000675,1000.000612,1000.000548,1000.000488,1000.000428,1000.000370,1000.000314,1000.000260,1000.000208,1000.000158,1000.000109,1000.000063,1000.000018,999.999975,999.999934,999.999894,999.999857,999.999821,999.999787,999.999755,999.999725,999.999697,999.999670,999.999646,999.999623,999.999602,999.999583,999.999566,999.999550,999.999536,999.999525,999.999515,999.999506,999.999500,999.999495,999.999493,999.999492,999.999493,999.999495,999.999500,999.999506,999.999515,999.999525,999.999536,999.999550,999.999566,999.999583,999.999602,999.999623,999.999646,999.999670,999.999697,999.999725,999.999755,999.999787,999.999821,999.999857,999.999894,999.999934,999.999975,1000.000018,1000.000063,1000.000109,1000.000158,1000.000208,1000.000260,1000.000314,1000.000370,1000.000428,1000.000488,1000.000548,1000.000612,1000.000675,1000.000725,1000.000742,1000.000702,1000.000613,1000.000502,1000.000388,1000.000271,0.000000,0.000000,0.000000,0.000000,0.000000,0.000000,0.000000,0.000000
0.000000,0.000000,0.000000,0.000000,0.000000,0.000000,0.000000,1000.000211,1000.000338,1000.000452,1000.000566,1000.000669,1000.000733,1000.000737,1000.000694,1000.000631,1000.000566,1000.000505,1000.000445,1000.000385,1000.000327,1000.000271,1000.000217,1000.000165,1000.000115,1000.000066,1000.000020,999.999975,999.999932,999.999891,999.999851,999.999814,999.999778,999.999745,999.999713,999.999682,999.999654,999.999628,999.999603,999.999580,999.999559,999.999540,999.999523,999.999507,999.999493,999.999482,999.999472,999.999463,999.999457,999.999452,999.999450,999.999449,999.999450,999.999452,999.999457,999.999463,999.999472,999.999482,999.999493,999.999507,999.999523,999.999540,999.999559,999.999580,999.999603,999.999628,999.999654,999.999682,999.999713,999.999745,999.999778,999.999814,999.999851,999.999891,999.999932,999.999975,1000.000020,1000.000066,1000.000115,1000.000165,1000.000217,1000.000271,1000.000327,1000.000385,1000.000445,1000.000505,1000.000566,1000.000631,1000.000694,1000.000737,1000.000733,1000.000669,1000.000566,1000.000452,1000.000338,1000.000211,0.000000,0.000000,0.000000,0.000000,0.000000,0.000000,0.000000
0.000000,0.000000,0.000000,0.000000,0.000000,0.000000,0.000000,1000.000277,1000.000397,1000.000513,1000.000625,1000.000711,1000.000744,1000.000717,1000.000657,1000.000589,1000.000525,1000.000464,1000.000402,1000.000343,1000.000286,1000.000230,1000.000176,1000.000124,1000.000074,1000.000025,999.999979,999.999934,999.999891,999.999850,999.999810,999.999773,999.999737,999.999703,999.999671,999.999641,999.999613,999.999586,999.999562,999.999539,999.999518,999.999499,999.999481,999.999466,999.999452,999.999440,999.999430,999.999422,999.999416,999.999411,999.999408,999.999408,999.999408,999.999411,999.999416,999.999422,999.999430,999.999440,999.999452,999.999466,999.999481,999.999499,999.999518,999.999539,999.999562,999.999586,999.999613,999.999641,999.999671,999.999703,999.999737,999.999773,999.999810,999.999850,999.999891,999.999934,999.999979,1000.000025,1000.000074,1000.000124,1000.000176,1000.000230,1000.000286,1000.000343,1000.000402,1000.000464,1000.000525,1000.000589,1000.000657,1000.000717,1000.000744,1000.000711,1000.000625,1000.000513,1000.000397,1000.000277,0.000000,0.000000,0.000000,0.000000,0.000000,0.000000,0.000000
0.000000,0.000000,0.000000,0.000000,0.000000,0.000000,1000.000212,1000.000340,1000.000456,1000.000572,1000.000674,1000.000737,1000.000737,1000.000687,1000.000618,1000.000551,1000.000487,1000.000424,1000.000363,1000.000304,1000.000246,1000.000190,1000.000137,1000.000085,1000.000034,999.999986,999.999939,999.999894,999.999851,999.999810,999.999771,999.999734,999.999698,999.999664,999.999632,999.999602,999.999574,999.999547,999.999522,999.999500,999.999479,999.999459,999.999442,999.999427,999.999413,999.999401,999.999391,999.999383,999.999376,999.999372,999.999369,999.999368,999.999369,999.999372,999.999376,999.999383,999.999391,999.999401,999.999413,999.999427,999.999442,999.999459,999.999479,999.999500,999.999522,999.999547,999.999574,999.999602,999.999632,999.999664,999.999698,999.999734,999.999771,999.999810,999.999851,999.999894,999.999939,999.999986,1000.000034,1000.000085,1000.000137,1000.000190,1000.000246,1000.000304,1000.000363,1000.000424,1000.000487,1000.000551,1000.000618,1000.000687,1000.000737,1000.000737,1000.000674,1000.000572,1000.000456,1000.000340,1000.000212,0.000000,0.000000,0.000000,0.000000,0.000000,0.000000
0.000000,0.000000,0.000000,0.000000,0.000000,0.000000,1000.000273,1000.000395,1000.000513,1000.000626,1000.000713,1000.000745,1000.000715,1000.000652,1000.000581,1000.000514,1000.000449,1000.000386,1000.000325,1000.000266,1000.000209,1000.000153,1000.000099,1000.000047,999.999997,999.999948,999.999902,999.999857,999.999814,999.999773,999.999734,999.999696,999.999660,999.999627,999.999595,999.999564,999.999536,999.999510,999.999485,999.999462,999.999441,999.999422,999.999405,999.999389,999.999375,999.999364,999.999354,999.999345,999.999339,999.999334,999.999332,999.999331,999.999332,999.999334,999.999339,999.999345,999.999354,999.999364,999.999375,999.999389,999.999405,999.999422,999.999441,999.999462,999.999485,999.999510,999.999536,999.999564,999.999595,999.999627,999.999660,999.999696,999.999734,999.999773,999.999814,999.999857,999.999902,999.999948,999.999997,1000.000047,1000.000099,1000.000153,1000.000209,1000.000266,1000.000325,1000.000386,1000.000449,1000.000514,1000.000581,1000.000652,1000.000715,1000.000745,1000.000713,1000.000626,1000.000513,1000.000395,1000.000273,0.000000,0.000000,0.000000,0.000000,0.000000,0.000000
0.000000,0.000000,0.000000,0.000000,0.000000,1000.000202,1000.000332,1000.000450,1000.000569,1000.000673,1000.000737,1000.000737,1000.000686,1000.000615,1000.000545,1000.000479,1000.000414,1000.000350,1000.000290,1000.000230,1000.000173,1000.000117,1000.000063,1000.000011,999.999961,999.999913,999.999866,999.999821,999.999778,999.999737,999.999698,999.999660,999.999625,999.999591,999.999559,999.999529,999.999501,999.999474,999.999449,999.999427,999.999406,999.999386,999.999369,999.999353,999.999340,999.999328,999.999318,999.999310,999.999303,999.999299,999.999296,999.999295,999.999296,999.999299,999.999303,999.999310,999.999318,999.999328,999.999340,999.999353,999.999369,999.999386,999.999406,999.999427,999.999449,999.999474,999.999501,999.999529,999.999559,999.999591,999.999625,999.999660,999.999698,999.999737,999.999778,999.999821,999.999866,999.999913,999.999961,1000.000011,1000.000063,1000.000117,1000.000173,1000.000230,1000.000290,1000.000350,1000.000414,1000.000479,1000.000545,1000.000615,1000.000686,1000.000737,1000.000737,1000.000673,1000.000569,1000.000450,1000.000332,1000.000202,0.000000,0.000000,0.000000,0.000000,0.000000
0.000000,0.000000,0.000000,0.000000,0.000000,1000.000257,1000.000382,1000.000503,1000.000620,1000.000710,1000.000744,1000.000716,1000.000652,1000.000580,1000.000511,1000.000445,1000.000380,1000.000317,1000.000256,1000.000196,1000.000139,1000.000083,1000.000029,999.999977,999.999927,999.999879,999.999832,999.999787,999.999745,999.999703,999.999664,999.999627,999.999591,999.999557,999.999525,999.999495,999.999467,999.999440,999.999416,999.999393,999.999372,999.999353,999.999335,999.999320,999.999306,999.999294,999.999284,999.999276,999.999269,999.999265,999.999262,999.999261,999.999262,999.999265,999.999269,999.999276,999.999284,999.999294,999.999306,999.999320,999.999335,999.999353,999.999372,999.999393,999.999416,999.999440,999.999467,999.999495,999.999525,999.999557,999.999591,999.999627,999.999664,999.999703,999.999745,999.999787,999.999832,999.999879,999.999927,999.999977,1000.000029,1000.000083,1000.000139,1000.000196,1000.000256,1000.000317,1000.000380,1000.000445,1000.000511,1000.000580,1000.000652,1000.000716,1000.000744,1000.000710,1000.000620,1000.000503,1000.000382,1000.000257,0.000000,0.000000,0.000000,0.000000,0.000000
0.000000,0.000000,0.000000,0.000000,1000.000177,1000.000309,1000.000431,1000.000553,1000.000663,1000.000734,1000.000738,1000.000688,1000.000618,1000.000547,1000.000479,1000.000412,1000.000347,1000.000285,1000.000224,1000.000164,1000.000107,1000.000051,999.999997,999.999945,999.999895,999.999847,999.999800,999.999755,999.999713,999.999671,999.999632,999.999595,999.999559,999.999525,999.999493,999.999463,999.999435,999.999408,999.999384,999.999361,999.999340,999.999321,999.999303,999.999288,999.999274,999.999262,999.999252,999.999244,999.999237,999.999233,999.999230,999.999229,999.999230,999.999233,999.999237,999.999244,999.999252,999.999262,999.999274,999.999288,999.999303,999.999321,999.999340,999.999361,999.999384,999.999408,999.999435,999.999463,999.999493,999.999525,999.999559,999.999595,999.999632,999.999671,999.999713,999.999755,999.999800,999.999847,999.999895,999.999945,999.999997,1000.000051,1000.000107,1000.000164,1000.000224,1000.000285,1000.000347,1000.000412,1000.000479,1000.000547,1000.000618,1000.000688,1000.000738,1000.000734,1000.000663,1000.000553,1000.000431,1000.000309,1000.000177,0.000000,0.000000,0.000000,0.000000
0.000000,0.000000,0.000000,0.000000,1000.000226,1000.000353,1000.000475,1000.000597,1000.000698,1000.000743,1000.000720,1000.000658,1000.000586,1000.000516,1000.000449,1000.000382,1000.000317,1000.000255,1000.000193,1000.000134,1000.000077,1000.000021,999.999967,999.999915,999.999865,999.999817,999.999770,999.999725,999.999682,999.999641,999.999602,999.999564,999.999529,999.999495,999.999463,999.999433,999.999405,999.999378,999.999353,999.999331,999.999310,999.999290,999.999273,999.999257,999.999244,999.999232,999.999222,999.999214,999.999207,999.999203,999.999200,999.999199,999.999200,999.999203,999.999207,999.999214,999.999222,999.999232,999.999244,999.999257,999.999273,999.999290,999.999310,999.999331,999.999353,999.999378,999.999405,999.999433,999.999463,999.999495,999.999529,999.999564,999.999602,999.999641,999.999682,999.999725,999.999770,999.999817,999.999865,999.999915,999.999967,1000.000021,1000.000077,1000.000134,1000.000193,1000.000255,1000.000317,1000.000382,1000.000449,1000.000516,1000.000586,1000.000658,1000.000720,1000.000743,1000.000698,1000.000597,1000.000475,1000.000353,1000.000226,0.000000,0.000000,0.000000,0.000000
