0.000000,0.000000,0.000000,0.000000,0.000000,0.000000,0.000000,0.000000,0.000000,0.000000,0.000000,0.000000,0.000000,0.000000,0.000000,0.000000,0.000000,0.000000,0.000000,0.000000,0.000000,0.000000,0.000000,0.000000,0.000000,0.000000,0.000000,0.000000,0.000000,0.000000,0.000000,0.000000,0.000000,0.000000,0.000000,0.000000,0.000000,0.000000,0.000000,0.000000,0.000000,0.000000,0.000000,0.000000,0.000000,0.000000,0.000000,0.000000,0.000000,0.000000,0.000000,0.000000,0.000000,0.000000,0.000000,0.000000,0.000000,0.000000,0.000000,0.000000,0.000000,0.000000,0.000000,0.000000,0.000000,0.000000,0.000000,0.000000,0.000000,0.000000,0.000000,0.000000,0.000000,0.000000,0.000000,0.000000,0.000000,0.000000,0.000000,0.000000,0.000000,0.000000,0.000000,0.000000,0.000000,0.000000,0.000000,0.000000,0.000000,0.000000,0.000000,0.000000,0.000000,0.000000,0.000000,0.000000,0.000000,0.000000,0.000000,0.000000,0.000000,0.000000,0.000000
0.000000,0.000000,0.000000,0.000000,0.000000,0.000000,0.000000,0.000000,0.000000,0.000000,0.000000,0.000000,0.000000,0.000000,0.000000,0.000000,0.000000,0.000000,0.000000,0.000000,0.000000,0.000000,0.000000,0.000000,0.000000,0.000000,0.000000,0.000000,0.000000,0.000000,0.000000,0.000000,0.000000,0.000000,0.000000,0.000000,0.000000,0.000000,0.000000,0.000000,0.000000,0.000000,0.000000,0.000000,0.000000,0.000000,0.000000,0.000000,0.000000,0.000000,0.000000,1000.000093,0.000000,0.000000,0.000000,0.000000,0.000000,0.000000,0.000000,0.000000,0.000000,0.000000,0.000000,0.000000,0.000000,0.000000,0.000000,0.000000,0.000000,0.000000,0.000000,0.000000,0.000000,0.000000,0.000000,0.000000,0.000000,0.000000,0.000000,0.000000,0.000000,0.000000,0.000000,0.000000,0.000000,0.000000,0.000000,0.000000,0.000000,0.000000,0.000000,0.000000,0.000000,0.000000,0.000000,0.000000,0.000000,0.000000,0.000000,0.000000,0.000000,0.000000,0.000000
0.000000,0.000000,0.000000,0.000000,0.000000,0.000000,0.000000,0.000000,0.000000,0.000000,0.000000,0.000000,0.000000,0.000000,0.000000,0.000000,0.000000,0.000000,0.000000,0.000000,0.000000,0.000000,0.000000,0.000000,0.000000,0.000000,0.000000,0.000000,0.000000,0.000000,0.000000,0.000000,0.000000,0.000000,0.000000,0.000000,0.000000,0.000000,0.000000,0.000000,0.000000,0.000000,1000.000170,1000.000198,1000.000212,1000.000219,1000.000223,1000.000224,1000.000224,1000.000223,1000.000222,1000.000229,1000.000222,1000.000223,1000.000224,1000.000224,1000.000223,1000.000219,1000.000212,1000.000198,1000.000170,0.000000,0.000000,0.000000,0.000000,0.000000,0.000000,0.000000,0.000000,0.000000,0.000000,0.000000,0.000000,0.000000,0.000000,0.000000,0.000000,0.000000,0.000000,0.000000,0.000000,0.000000,0.000000,0.000000,0.000000,0.000000,0.000000,0.000000,0.000000,0.000000,0.000000,0.000000,0.000000,0.000000,0.000000,0.000000,0.000000,0.000000,0.000000,0.000000,0.000000,0.000000,0.000000
0.000000,0.000000,0.000000,0.000000,0.000000,0.000000,0.000000,0.000000,0.000000,0.000000,0.000000,0.000000,0.000000,0.000000,0.000000,0.000000,0.000000,0.000000,0.000000,0.000000,0.000000,0.000000,0.000000,0.000000,0.000000,0.000000,0.000000,0.000000,0.000000,0.000000,0.000000,0.000000,0.000000,0.000000,0.000000,0.000000,0.000000,1000.000164,1000.000204,1000.000237,1000.000263,1000.000284,1000.000304,1000.000322,1000.000336,1000.000345,1000.000350,1000.000353,1000.000354,1000.000355,1000.000354,1000.000355,1000.000354,1000.000355,1000.000354,1000.000353,1000.000350,1000.000345,1000.000336,1000.000322,1000.000304,1000.000284,1000.000263,1000.000237,1000.000204,1000.000164,0.000000,0.000000,0.000000,0.000000,0.000000,0.000000,0.000000,0.000000,0.000000,0.000000,0.000000,0.000000,0.000000,0.000000,0.000000,0.000000,0.000000,0.000000,0.000000,0.000000,0.000000,0.000000,0.000000,0.000000,0.000000,0.000000,0.000000,0.000000,0.000000,0.000000,0.000000,0.000000,0.000000,0.000000,0.000000,0.000000,0.000000
0.000000,0.000000,0.000000,0.000000,0.000000,0.000000,0.000000,0.000000,0.000000,0.000000,0.000000,0.000000,0.000000,0.000000,0.000000,0.000000,0.000000,0.000000,0.000000,0.000000,0.000000,0.000000,0.000000,0.000000,0.000000,0.000000,0.000000,0.000000,0.000000,0.000000,0.000000,0.000000,0.000000,0.000000,1000.000170,1000.000217,1000.000256,1000.000294,1000.000327,1000.000358,1000.000386,1000.000409,1000.000431,1000.000449,1000.000462,1000.000470,1000.000475,1000.000478,1000.000479,1000.000480,1000.000480,1000.000480,1000.000480,1000.000480,1000.000479,1000.000478,1000.000475,1000.000470,1000.000462,1000.000449,1000.000431,1000.000409,1000.000386,1000.000358,1000.000327,1000.000294,1000.000256,1000.000217,1000.000170,0.000000,0.000000,0.000000,0.000000,0.000000,0.000000,0.000000,0.000000,0.000000,0.000000,0.000000,0.000000,0.000000,0.000000,0.000000,0.000000,0.000000,0.000000,0.000000,0.000000,0.000000,0.000000,0.000000,0.000000,0.000000,0.000000,0.000000,0.000000,0.000000,0.000000,0.000000,0.000000,0.000000,0.000000
0.000000,0.000000,0.000000,0.000000,0.000000,0.000000,0.000000,0.000000,0.000000,0.000000,0.000000,0.000000,0.000000,0.000000,0.000000,0.000000,0.000000,0.000000,0.000000,0.000000,0.000000,0.000000,0.000000,0.000000,0.000000,0.000000,0.000000,0.000000,0.000000,0.000000,0.000000,0.000000,1000.000195,1000.000247,1000.000297,1000.000339,1000.000377,1000.000415,1000.000448,1000.000479,1000.000506,1000.000532,1000.000556,1000.000573,1000.000585,1000.000591,1000.000595,1000.000597,1000.000598,1000.000599,1000.000599,1000.000599,1000.000599,1000.000599,1000.000598,1000.000597,1000.000595,1000.000591,1000.000585,1000.000573,1000.000556,1000.000532,1000.000506,1000.000479,1000.000448,1000.000415,1000.000377,1000.000339,1000.000297,1000.000247,1000.000195,0.000000,0.000000,0.000000,0.000000,0.000000,0.000000,0.000000,0.000000,0.000000,0.000000,0.000000,0.000000,0.000000,0.000000,0.000000,0.000000,0.000000,0.000000,0.000000,0.000000,0.000000,0.000000,0.000000,0.000000,0.000000,0.000000,0.000000,0.000000,0.000000,0.000000,0.000000,0.000000
0.000000,0.000000,0.000000,0.000000,0.000000,0.000000,0.000000,0.000000,0.000000,0.000000,0.000000,0.000000,0.000000,0.000000,0.000000,0.000000,0.000000,0.000000,0.000000,0.000000,0.000000,0.000000,0.000000,0.000000,0.000000,0.000000,0.000000,0.000000,0.000000,0.000000,1000.000204,1000.000262,1000.000319,1000.000367,1000.000414,1000.000456,1000.000498,1000.000535,1000.000568,1000.000596,1000.000620,1000.000642,1000.000660,1000.000673,1000.000679,1000.000683,1000.000685,1000.000686,1000.000686,1000.000686,1000.000686,1000.000686,1000.000686,1000.000686,1000.000686,1000.000686,1000.000685,1000.000683,1000.000679,1000.000673,1000.000660,1000.000642,1000.000620,1000.000596,1000.000568,1000.000535,1000.000498,1000.000456,1000.000414,1000.000367,1000.000319,1000.000262,1000.000204,0.000000,0.000000,0.000000,0.000000,0.000000,0.000000,0.000000,0.000000,0.000000,0.000000,0.000000,0.000000,0.000000,0.000000,0.000000,0.000000,0.000000,0.000000,0.000000,0.000000,0.000000,0.000000,0.000000,0.000000,0.000000,0.000000,0.000000,0.000000,0.000000,0.000000
0.000000,0.000000,0.000000,0.000000,0.000000,0.000000,0.000000,0.000000,0.000000,0.000000,0.000000,0.000000,0.000000,0.000000,0.000000,0.000000,0.000000,0.000000,0.000000,0.000000,0.000000,0.000000,0.000000,0.000000,0.000000,0.000000,0.000000,0.000000,1000.000203,1000.000266,1000.000327,1000.000380,1000.000433,1000.000483,1000.000531,1000.000574,1000.000611,1000.000643,1000.000669,1000.000686,1000.000698,1000.000706,1000.000708,1000.000707,1000.000705,1000.000704,1000.000703,1000.000702,1000.000701,1000.000701,1000.000700,1000.000700,1000.000700,1000.000701,1000.000701,1000.000702,1000.000703,1000.000704,1000.000705,1000.000707,1000.000708,1000.000706,1000.000698,1000.000686,1000.000669,1000.000643,1000.000611,1000.000574,1000.000531,1000.000483,1000.000433,1000.000380,1000.000327,1000.000266,1000.000203,0.000000,0.000000,0.000000,0.000000,0.000000,0.000000,0.000000,0.000000,0.000000,0.000000,0.000000,0.000000,0.000000,0.000000,0.000000,0.000000,0.000000,0.000000,0.000000,0.000000,0.000000,0.000000,0.000000,0.000000,0.000000,0.000000,0.000000,0.000000
0.000000,0.000000,0.000000,0.000000,0.000000,0.000000,0.000000,0.000000,0.000000,0.000000,0.000000,0.000000,0.000000,0.000000,0.000000,0.000000,0.000000,0.000000,0.000000,0.000000,0.000000,0.000000,0.000000,0.000000,0.000000,0.000000,1000.000193,1000.000260,1000.000325,1000.000382,1000.000438,1000.000493,1000.000547,1000.000596,1000.000638,1000.000672,1000.000694,1000.000708,1000.000714,1000.000713,1000.000708,1000.000699,1000.000685,1000.000672,1000.000663,1000.000657,1000.000653,1000.000651,1000.000649,1000.000648,1000.000647,1000.000647,1000.000647,1000.000648,1000.000649,1000.000651,1000.000653,1000.000657,1000.000663,1000.000672,1000.000685,1000.000699,1000.000708,1000.000713,1000.000714,1000.000708,1000.000694,1000.000672,1000.000638,1000.000596,1000.000547,1000.000493,1000.000438,1000.000382,1000.000325,1000.000260,1000.000193,0.000000,0.000000,0.000000,0.000000,0.000000,0.000000,0.000000,0.000000,0.000000,0.000000,0.000000,0.000000,0.000000,0.000000,0.000000,0.000000,0.000000,0.000000,0.000000,0.000000,0.000000,0.000000,0.000000,0.000000,0.000000,0.000000
0.000000,0.000000,0.000000,0.000000,0.000000,0.000000,0.000000,0.000000,0.000000,0.000000,0.000000,0.000000,0.000000,0.000000,0.000000,0.000000,0.000000,0.000000,0.000000,0.000000,0.000000,0.000000,0.000000,0.000000,1000.000166,1000.000240,1000.000311,1000.000373,1000.000434,1000.000493,1000.000550,1000.000602,1000.000647,1000.000683,1000.000706,1000.000715,1000.000713,1000.000704,1000.000690,1000.000673,1000.000657,1000.000640,1000.000622,1000.000605,1000.000593,1000.000585,1000.000580,1000.000576,1000.000573,1000.000571,1000.000570,1000.000569,1000.000570,1000.000571,1000.000573,1000.000576,1000.000580,1000.000585,1000.000593,1000.000605,1000.000622,1000.000640,1000.000657,1000.000673,1000.000690,1000.000704,1000.000713,1000.000715,1000.000706,1000.000683,1000.000647,1000.000602,1000.000550,1000.000493,1000.000434,1000.000373,1000.000311,1000.000240,1000.000166,0.000000,0.000000,0.000000,0.000000,0.000000,0.000000,0.000000,0.000000,0.000000,0.000000,0.000000,0.000000,0.000000,0.000000,0.000000,0.000000,0.000000,0.000000,0.000000,0.000000,0.000000,0.000000,0.000000,0.000000
0.000000,0.000000,0.000000,0.000000,0.000000,0.000000,0.000000,0.000000,0.000000,0.000000,0.000000,0.000000,0.000000,0.000000,0.000000,0.000000,0.000000,0.000000,0.000000,0.000000,0.000000,0.000000,0.000000,1000.000200,1000.000281,1000.000350,1000.000418,1000.000483,1000.000544,1000.000601,1000.000649,1000.000686,1000.000709,1000.000716,1000.000710,1000.000693,1000.000672,1000.000649,1000.000626,1000.000604,1000.000584,1000.000567,1000.000550,1000.000534,1000.000522,1000.000513,1000.000506,1000.000501,1000.000497,1000.000495,1000.000493,1000.000493,1000.000493,1000.000495,1000.000497,1000.000501,1000.000506,1000.000513,1000.000522,1000.000534,1000.000550,1000.000567,1000.000584,1000.000604,1000.000626,1000.000649,1000.000672,1000.000693,1000.000710,1000.000716,1000.000709,1000.000686,1000.000649,1000.000601,1000.000544,1000.000483,1000.000418,1000.000350,1000.000281,1000.000200,0.000000,0.000000,0.000000,0.000000,0.000000,0.000000,0.000000,0.000000,0.000000,0.000000,0.000000,0.000000,0.000000,0.000000,0.000000,0.000000,0.000000,0.000000,0.000000,0.000000,0.000000,0.000000,0.000000
0.000000,0.000000,0.000000,0.000000,0.000000,0.000000,0.000000,0.000000,0.000000,0.000000,0.000000,0.000000,0.000000,0.000000,0.000000,0.000000,0.000000,0.000000,0.000000,0.000000,0.000000,1000.000148,1000.000231,1000.000312,1000.000385,1000.000456,1000.000526,1000.000590,1000.000643,1000.000684,1000.000709,1000.000717,1000.000709,1000.000689,1000.000661,1000.000632,1000.000604,1000.000579,1000.000555,1000.000533,1000.000513,1000.000496,1000.000479,1000.000465,1000.000453,1000.000443,1000.000435,1000.000429,1000.000424,1000.000421,1000.000420,1000.000419,1000.000420,1000.000421,1000.000424,1000.000429,1000.000435,1000.000443,1000.000453,1000.000465,1000.000479,1000.000496,1000.000513,1000.000533,1000.000555,1000.000579,1000.000604,1000.000632,1000.000661,1000.000689,1000.000709,1000.000717,1000.000709,1000.000684,1000.000643,1000.000590,1000.000526,1000.000456,1000.000385,1000.000312,1000.000231,1000.000148,0.000000,0.000000,0.000000,0.000000,0.000000,0.000000,0.000000,0.000000,0.000000,0.000000,0.000000,0.000000,0.000000,0.000000,0.000000,0.000000,0.000000,0.000000,0.000000,0.000000,0.000000
0.000000,0.000000,0.000000,0.000000,0.000000,0.000000,0.000000,0.000000,0.000000,0.000000,0.000000,0.000000,0.000000,0.000000,0.000000,0.000000,0.000000,0.000000,0.000000,0.000000,1000.000172,1000.000260,1000.000336,1000.000411,1000.000486,1000.000560,1000.000625,1000.000675,1000.000706,1000.000716,1000.000709,1000.000688,1000.000659,1000.000627,1000.000594,1000.000563,1000.000535,1000.000510,1000.000487,1000.000465,1000.000445,1000.000427,1000.000410,1000.000396,1000.000384,1000.000374,1000.000365,1000.000359,1000.000354,1000.000350,1000.000348,1000.000348,1000.000348,1000.000350,1000.000354,1000.000359,1000.000365,1000.000374,1000.000384,1000.000396,1000.000410,1000.000427,1000.000445,1000.000465,1000.000487,1000.000510,1000.000535,1000.000563,1000.000594,1000.000627,1000.000659,1000.000688,1000.000709,1000.000716,1000.000706,1000.000675,1000.000625,1000.000560,1000.000486,1000.000411,1000.000336,1000.000260,1000.000172,0.000000,0.000000,0.000000,0.000000,0.000000,0.000000,0.000000,0.000000,0.000000,0.000000,0.000000,0.000000,0.000000,0.000000,0.000000,0.000000,0.000000,0.000000,0.000000,0.000000
0.000000,0.000000,0.000000,0.000000,0.000000,0.000000,0.000000,0.000000,0.000000,0.000000,0.000000,0.000000,0.000000,0.000000,0.000000,0.000000,0.000000,0.000000,0.000000,1000.000191,1000.000282,1000.000360,1000.000436,1000.000512,1000.000584,1000.000648,1000.000694,1000.000714,1000.000710,1000.000690,1000.000660,1000.000627,1000.000591,1000.000557,1000.000526,1000.000496,1000.000469,1000.000443,1000.000419,1000.000398,1000.000378,1000.000360,1000.000343,1000.000329,1000.000317,1000.000306,1000.000298,1000.000291,1000.000285,1000.000282,1000.000279,1000.000279,1000.000279,1000.000282,1000.000285,1000.000291,1000.000298,1000.000306,1000.000317,1000.000329,1000.000343,1000.000360,1000.000378,1000.000398,1000.000419,1000.000443,1000.000469,1000.000496,1000.000526,1000.000557,1000.000591,1000.000627,1000.000660,1000.000690,1000.000710,1000.000714,1000.000694,1000.000648,1000.000584,1000.000512,1000.000436,1000.000360,1000.000282,1000.000191,0.000000,0.000000,0.000000,0.000000,0.000000,0.000000,0.000000,0.000000,0.000000,0.000000,0.000000,0.000000,0.000000,0.000000,0.000000,0.000000,0.000000,0.000000,0.000000
0.000000,0.000000,0.000000,0.000000,0.000000,0.000000,0.000000,0.000000,0.000000,0.000000,0.000000,0.000000,0.000000,0.000000,0.000000,0.000000,0.000000,0.000000,1000.000204,1000.000297,1000.000379,1000.000459,1000.000537,1000.000607,1000.000665,1000.000705,1000.000715,1000.000698,1000.000667,1000.000631,1000.000594,1000.000558,1000.000524,1000.000491,1000.000461,1000.000431,1000.000404,1000.000378,1000.000354,1000.000332,1000.000312,1000.000294,1000.000278,1000.000264,1000.000251,1000.000240,1000.000231,1000.000224,1000.000219,1000.000215,1000.000213,1000.000212,1000.000213,1000.000215,1000.000219,1000.000224,1000.000231,1000.000240,1000.000251,1000.000264,1000.000278,1000.000294,1000.000312,1000.000332,1000.000354,1000.000378,1000.000404,1000.000431,1000.000461,1000.000491,1000.000524,1000.000558,1000.000594,1000.000631,1000.000667,1000.000698,1000.000715,1000.000705,1000.000665,1000.000607,1000.000537,1000.000459,1000.000379,1000.000297,1000.000204,0.000000,0.000000,0.000000,0.000000,0.000000,0.000000,0.000000,0.000000,0.000000,0.000000,0.000000,0.000000,0.000000,0.000000,0.000000,0.000000,0.000000,0.000000
0.000000,0.000000,0.000000,0.000000,0.000000,0.000000,0.000000,0.000000,0.000000,0.000000,0.000000,0.000000,0.000000,0.000000,0.000000,0.000000,0.000000,1000.000210,1000.000307,1000.000392,1000.000475,1000.000557,1000.000629,1000.000682,1000.000711,1000.000713,1000.000689,1000.000649,1000.000607,1000.000566,1000.000529,1000.000494,1000.000460,1000.000428,1000.000396,1000.000367,1000.000340,1000.000314,1000.000291,1000.000269,1000.000249,1000.000230,1000.000214,1000.000200,1000.000187,1000.000176,1000.000167,1000.000160,1000.000154,1000.000150,1000.000148,1000.000147,1000.000148,1000.000150,1000.000154,1000.000160,1000.000167,1000.000176,1000.000187,1000.000200,1000.000214,1000.000230,1000.000249,1000.000269,1000.000291,1000.000314,1000.000340,1000.000367,1000.000396,1000.000428,1000.000460,1000.000494,1000.000529,1000.000566,1000.000607,1000.000649,1000.000689,1000.000713,1000.000711,1000.000682,1000.000629,1000.000557,1000.000475,1000.000392,1000.000307,1000.000210,0.000000,0.000000,0.000000,0.000000,0.000000,0.000000,0.000000,0.000000,0.000000,0.000000,0.000000,0.000000,0.000000,0.000000,0.000000,0.000000,0.000000
0.000000,0.000000,0.000000,0.000000,0.000000,0.000000,0.000000,0.000000,0.000000,0.000000,0.000000,0.000000,0.000000,0.000000,0.000000,0.000000,1000.000212,1000.000311,1000.000398,1000.000484,1000.000569,1000.000643,1000.000694,1000.000714,1000.000706,1000.000678,1000.000635,1000.000589,1000.000544,1000.000505,1000.000468,1000.000432,1000.000398,1000.000365,1000.000334,1000.000305,1000.000278,1000.000252,1000.000228,1000.000207,1000.000186,1000.000168,1000.000152,1000.000137,1000.000125,1000.000114,1000.000104,1000.000097,1000.000091,1000.000087,1000.000085,1000.000084,1000.000085,1000.000087,1000.000091,1000.000097,1000.000104,1000.000114,1000.000125,1000.000137,1000.000152,1000.000168,1000.000186,1000.000207,1000.000228,1000.000252,1000.000278,1000.000305,1000.000334,1000.000365,1000.000398,1000.000432,1000.000468,1000.000505,1000.000544,1000.000589,1000.000635,1000.000678,1000.000706,1000.000714,1000.000694,1000.000643,1000.000569,1000.000484,1000.000398,1000.000311,1000.000212,0.000000,0.000000,0.000000,0.000000,0.000000,0.000000,0.000000,0.000000,0.000000,0.000000,0.000000,0.000000,0.000000,0.000000,0.000000,0.000000
0.000000,0.000000,0.000000,0.000000,0.000000,0.000000,0.000000,0.000000,0.000000,0.000000,0.000000,0.000000,0.000000,0.000000,0.000000,1000.000210,1000.000311,1000.000400,1000.000488,1000.000574,1000.000649,1000.000700,1000.000714,1000.000697,1000.000662,1000.000619,1000.000572,1000.000527,1000.000485,1000.000446,1000.000407,1000.000371,1000.000337,1000.000304,1000.000274,1000.000245,1000.000217,1000.000192,1000.000168,1000.000146,1000.000126,1000.000108,1000.000091,1000.000077,1000.000064,1000.000053,1000.000044,1000.000036,1000.000030,1000.000026,1000.000024,1000.000023,1000.000024,1000.000026,1000.000030,1000.000036,1000.000044,1000.000053,1000.000064,1000.000077,1000.000091,1000.000108,1000.000126,1000.000146,1000.000168,1000.000192,1000.000217,1000.000245,1000.000274,1000.000304,1000.000337,1000.000371,1000.000407,1000.000446,1000.000485,1000.000527,1000.000572,1000.000619,1000.000662,1000.000697,1000.000714,1000.000700,1000.000649,1000.000574,1000.000488,1000.000400,1000.000311,1000.000210,0.000000,0.000000,0.000000,0.000000,0.000000,0.000000,0.000000,0.000000,0.000000,0.000000,0.000000,0.000000,0.000000,0.000000,0.000000
0.000000,0.000000,0.000000,0.000000,0.000000,0.000000,0.000000,0.000000,0.000000,0.000000,0.000000,0.000000,0.000000,0.000000,1000.000204,1000.000307,1000.000398,1000.000488,1000.000576,1000.000652,1000.000702,1000.000715,1000.000692,1000.000650,1000.000603,1000.000556,1000.000512,1000.000469,1000.000427,1000.000387,1000.000348,1000.000313,1000.000278,1000.000246,1000.000215,1000.000186,1000.000159,1000.000133,1000.000109,1000.000088,1000.000067,1000.000049,1000.000033,1000.000018,1000.000005,999.999994,999.999985,999.999977,999.999971,999.999967,999.999964,999.999963,999.999964,999.999967,999.999971,999.999977,999.999985,999.999994,1000.000005,1000.000018,1000.000033,1000.000049,1000.000067,1000.000088,1000.000109,1000.000133,1000.000159,1000.000186,1000.000215,1000.000246,1000.000278,1000.000313,1000.000348,1000.000387,1000.000427,1000.000469,1000.000512,1000.000556,1000.000603,1000.000650,1000.000692,1000.000715,1000.000702,1000.000652,1000.000576,1000.000488,1000.000398,1000.000307,1000.000204,0.000000,0.000000,0.000000,0.000000,0.000000,0.000000,0.000000,0.000000,0.000000,0.000000,0.000000,0.000000,0.000000,0.000000
0.000000,0.000000,0.000000,0.000000,0.000000,0.000000,0.000000,0.000000,0.000000,0.000000,0.000000,0.000000,0.000000,1000.000191,1000.000297,1000.000392,1000.000484,1000.000574,1000.000652,1000.000703,1000.000715,1000.000690,1000.000646,1000.000594,1000.000544,1000.000499,1000.000455,1000.000412,1000.000370,1000.000330,1000.000292,1000.000256,1000.000221,1000.000189,1000.000158,1000.000129,1000.000102,1000.000076,1000.000052,1000.000031,1000.000011,999.999992,999.999976,999.999961,999.999948,999.999937,999.999927,999.999920,999.999914,999.999909,999.999907,999.999906,999.999907,999.999909,999.999914,999.999920,999.999927,999.999937,999.999948,999.999961,999.999976,999.999992,1000.000011,1000.000031,1000.000052,1000.000076,1000.000102,1000.000129,1000.000158,1000.000189,1000.000221,1000.000256,1000.000292,1000.000330,1000.000370,1000.000412,1000.000455,1000.000499,1000.000544,1000.000594,1000.000646,1000.000690,1000.000715,1000.000703,1000.000652,1000.000574,1000.000484,1000.000392,1000.000297,1000.000191,0.000000,0.000000,0.000000,0.000000,0.000000,0.000000,0.000000,0.000000,0.000000,0.000000,0.000000,0.000000,0.000000
0.000000,0.000000,0.000000,0.000000,0.000000,0.000000,0.000000,0.000000,0.000000,0.000000,0.000000,0.000000,1000.000172,1000.000282,1000.000379,1000.000475,1000.000569,1000.000649,1000.000702,1000.000715,1000.000690,1000.000644,1000.000590,1000.000538,1000.000490,1000.000444,1000.000399,1000.000356,1000.000314,1000.000275,1000.000237,1000.000200,1000.000166,1000.000134,1000.000103,1000.000074,1000.000046,1000.000021,999.999997,999.999975,999.999955,999.999937,999.999920,999.999906,999.999893,999.999881,999.999872,999.999864,999.999858,999.999854,999.999851,999.999850,999.999851,999.999854,999.999858,999.999864,999.999872,999.999881,999.999893,999.999906,999.999920,999.999937,999.999955,999.999975,999.999997,1000.000021,1000.000046,1000.000074,1000.000103,1000.000134,1000.000166,1000.000200,1000.000237,1000.000275,1000.000314,1000.000356,1000.000399,1000.000444,1000.000490,1000.000538,1000.000590,1000.000644,1000.000690,1000.000715,1000.000702,1000.000649,1000.000569,1000.000475,1000.000379,1000.000282,1000.000172,0.000000,0.000000,0.000000,0.000000,0.000000,0.000000,0.000000,0.000000,0.000000,0.000000,0.000000,0.000000
0.000000,0.000000,0.000000,0.000000,0.000000,0.000000,0.000000,0.000000,0.000000,0.000000,0.000000,1000.000148,1000.000260,1000.000360,1000.000459,1000.000557,1000.000643,1000.000700,1000.000715,1000.000690,1000.000644,1000.000589,1000.000535,1000.000485,1000.000437,1000.000390,1000.000345,1000.000302,1000.000261,1000.000221,1000.000183,1000.000147,1000.000113,1000.000080,1000.000049,1000.000020,999.999993,999.999967,999.999944,999.999922,999.999902,999.999883,999.999867,999.999852,999.999839,999.999828,999.999818,999.999810,999.999804,999.999800,999.999798,999.999797,999.999798,999.999800,999.999804,999.999810,999.999818,999.999828,999.999839,999.999852,999.999867,999.999883,999.999902,999.999922,999.999944,999.999967,999.999993,1000.000020,1000.000049,1000.000080,1000.000113,1000.000147,1000.000183,1000.000221,1000.000261,1000.000302,1000.000345,1000.000390,1000.000437,1000.000485,1000.000535,1000.000589,1000.000644,1000.000690,1000.000715,1000.000700,1000.000643,1000.000557,1000.000459,1000.000360,1000.000260,1000.000148,0.000000,0.000000,0.000000,0.000000,0.000000,0.000000,0.000000,0.000000,0.000000,0.000000,0.000000
0.000000,0.000000,0.000000,0.000000,0.000000,0.000000,0.000000,0.000000,0.000000,0.000000,0.000000,1000.000231,1000.000336,1000.000436,1000.000537,1000.000629,1000.000694,1000.000714,1000.000692,1000.000646,1000.000590,1000.000535,1000.000484,1000.000434,1000.000385,1000.000338,1000.000293,1000.000250,1000.000209,1000.000169,1000.000131,1000.000095,1000.000061,1000.000028,999.999997,999.999968,999.999941,999.999916,999.999892,999.999870,999.999850,999.999832,999.999815,999.999800,999.999787,999.999776,999.999766,999.999758,999.999752,999.999748,999.999746,999.999745,999.999746,999.999748,999.999752,999.999758,999.999766,999.999776,999.999787,999.999800,999.999815,999.999832,999.999850,999.999870,999.999892,999.999916,999.999941,999.999968,999.999997,1000.000028,1000.000061,1000.000095,1000.000131,1000.000169,1000.000209,1000.000250,1000.000293,1000.000338,1000.000385,1000.000434,1000.000484,1000.000535,1000.000590,1000.000646,1000.000692,1000.000714,1000.000694,1000.000629,1000.000537,1000.000436,1000.000336,1000.000231,0.000000,0.000000,0.000000,0.000000,0.000000,0.000000,0.000000,0.000000,0.000000,0.000000,0.000000
0.000000,0.000000,0.000000,0.000000,0.000000,0.000000,0.000000,0.000000,0.000000,0.000000,1000.000200,1000.000312,1000.000411,1000.000512,1000.000607,1000.000682,1000.000714,1000.000697,1000.000650,1000.000594,1000.000538,1000.000485,1000.000434,1000.000383,1000.000334,1000.000288,1000.000243,1000.000200,1000.000159,1000.000119,1000.000081,1000.000045,1000.000011,999.999978,999.999947,999.999918,999.999891,999.999866,999.999842,999.999820,999.999800,999.999782,999.999765,999.999750,999.999737,999.999726,999.999716,999.999708,999.999702,999.999698,999.999695,999.999694,999.999695,999.999698,999.999702,999.999708,999.999716,999.999726,999.999737,999.999750,999.999765,999.999782,999.999800,999.999820,999.999842,999.999866,999.999891,999.999918,999.999947,999.999978,1000.000011,1000.000045,1000.000081,1000.000119,1000.000159,1000.000200,1000.000243,1000.000288,1000.000334,1000.000383,1000.000434,1000.000485,1000.000538,1000.000594,1000.000650,1000.000697,1000.000714,1000.000682,1000.000607,1000.000512,1000.000411,1000.000312,1000.000200,0.000000,0.000000,0.000000,0.000000,0.000000,0.000000,0.000000,0.000000,0.000000,0.000000
0.000000,0.000000,0.000000,0.000000,0.000000,0.000000,0.000000,0.000000,0.000000,1000.000166,1000.000281,1000.000385,1000.000486,1000.000584,1000.000665,1000.000711,1000.000706,1000.000662,1000.000603,1000.000544,1000.000490,1000.000437,1000.000385,1000.000334,1000.000286,1000.000240,1000.000195,1000.000152,1000.000110,1000.000071,1000.000033,999.999997,999.999962,999.999930,999.999899,999.999870,999.999843,999.999817,999.999794,999.999772,999.999752,999.999733,999.999717,999.999702,999.999689,999.999677,999.999668,999.999660,999.999654,999.999649,999.999647,999.999646,999.999647,999.999649,999.999654,999.999660,999.999668,999.999677,999.999689,999.999702,999.999717,999.999733,999.999752,999.999772,999.999794,999.999817,999.999843,999.999870,999.999899,999.999930,999.999962,999.999997,1000.000033,1000.000071,1000.000110,1000.000152,1000.000195,1000.000240,1000.000286,1000.000334,1000.000385,1000.000437,1000.000490,1000.000544,1000.000603,1000.000662,1000.000706,1000.000711,1000.000665,1000.000584,1000.000486,1000.000385,1000.000281,1000.000166,0.000000,0.000000,0.000000,0.000000,0.000000,0.000000,0.000000,0.000000,0.000000
0.000000,0.000000,0.000000,0.000000,0.000000,0.000000,0.000000,0.000000,0.000000,1000.000240,1000.000350,1000.000456,1000.000560,1000.000648,1000.000705,1000.000713,1000.000678,1000.000619,1000.000556,1000.000499,1000.000444,1000.000390,1000.000338,1000.000288,1000.000240,1000.000193,1000.000148,1000.000105,1000.000064,1000.000024,999.999986,999.999950,999.999916,999.999883,999.999853,999.999824,999.999796,999.999771,999.999747,999.999725,999.999705,999.999687,999.999670,999.999655,999.999642,999.999631,999.999621,999.999613,999.999607,999.999603,999.999600,999.999599,999.999600,999.999603,999.999607,999.999613,999.999621,999.999631,999.999642,999.999655,999.999670,999.999687,999.999705,999.999725,999.999747,999.999771,999.999796,999.999824,999.999853,999.999883,999.999916,999.999950,999.999986,1000.000024,1000.000064,1000.000105,1000.000148,1000.000193,1000.000240,1000.000288,1000.000338,1000.000390,1000.000444,1000.000499,1000.000556,1000.000619,1000.000678,1000.000713,1000.000705,1000.000648,1000.000560,1000.000456,1000.000350,1000.000240,0.000000,0.000000,0.000000,0.000000,0.000000,0.000000,0.000000,0.000000,0.000000
0.000000,0.000000,0.000000,0.000000,0.000000,0.000000,0.000000,0.000000,1000.000193,1000.000311,1000.000418,1000.000526,1000.000625,1000.000694,1000.000715,1000.000689,1000.000635,1000.000572,1000.000512,1000.000455,1000.000399,1000.000345,1000.000293,1000.000243,1000.000195,1000.000148,1000.000103,1000.000060,1000.000019,999.999979,999.999942,999.999905,999.999871,999.999839,999.999808,999.999779,999.999752,999.999726,999.999702,999.999681,999.999660,999.999642,999.999625,999.999610,999.999597,999.999586,999.999576,999.999568,999.999562,999.999558,999.999555,999.999554,999.999555,999.999558,999.999562,999.999568,999.999576,999.999586,999.999597,999.999610,999.999625,999.999642,999.999660,999.999681,999.999702,999.999726,999.999752,999.999779,999.999808,999.999839,999.999871,999.999905,999.999942,999.999979,1000.000019,1000.000060,1000.000103,1000.000148,1000.000195,1000.000243,1000.000293,1000.000345,1000.000399,1000.000455,1000.000512,1000.000572,1000.000635,1000.000689,1000.000715,1000.000694,1000.000625,1000.000526,1000.000418,1000.000311,1000.000193,0.000000,0.000000,0.000000,0.000000,0.000000,0.000000,0.000000,0.000000
0.000000,0.000000,0.000000,0.000000,0.000000,0.000000,0.000000,0.000000,1000.000260,1000.000373,1000.000483,1000.000590,1000.000675,1000.000714,1000.000698,1000.000649,1000.000589,1000.000527,1000.000469,1000.000412,1000.000356,1000.000302,1000.000250,1000.000200,1000.000152,1000.000105,1000.000060,1000.000017,999.999976,999.999936,999.999898,999.999862,999.999828,999.999796,999.999765,999.999736,999.999709,999.999683,999.999659,999.999637,999.999617,999.999599,999.999582,999.999567,999.999554,999.999543,999.999533,999.999525,999.999519,999.999515,999.999512,999.999511,999.999512,999.999515,999.999519,999.999525,999.999533,999.999543,999.999554,999.999567,999.999582,999.999599,999.999617,999.999637,999.999659,999.999683,999.999709,999.999736,999.999765,999.999796,999.999828,999.999862,999.999898,999.999936,999.999976,1000.000017,1000.000060,1000.000105,1000.000152,1000.000200,1000.000250,1000.000302,1000.000356,1000.000412,1000.000469,1000.000527,1000.000589,1000.000649,1000.000698,1000.000714,1000.000675,1000.000590,1000.000483,1000.000373,1000.000260,0.000000,0.000000,0.000000,0.000000,0.000000,0.000000,0.000000,0.000000
0.000000,0.000000,0.000000,0.000000,0.000000,0.000000,0.000000,1000.000203,1000.000325,1000.000434,1000.000544,1000.000643,1000.000706,1000.000710,1000.000667,1000.000607,1000.000544,1000.000485,1000.000427,1000.000370,1000.000314,1000.000261,1000.000209,1000.000159,1000.000110,1000.000064,1000.000019,999.999976,999.999935,999.999895,999.999857,999.999821,999.999787,999.999754,999.999724,999.999695,999.999667,999.999642,999.999618,999.999596,999.999576,999.999558,999.999541,999.999526,999.999513,999.999502,999.999492,999.999484,999.999478,999.999473,999.999471,999.999470,999.999471,999.999473,999.999478,999.999484,999.999492,999.999502,999.999513,999.999526,999.999541,999.999558,999.999576,999.999596,999.999618,999.999642,999.999667,999.999695,999.999724,999.999754,999.999787,999.999821,999.999857,999.999895,999.999935,999.999976,1000.000019,1000.000064,1000.000110,1000.000159,1000.000209,1000.000261,1000.000314,1000.000370,1000.000427,1000.000485,1000.000544,1000.000607,1000.000667,1000.000710,1000.000706,1000.000643,1000.000544,1000.000434,1000.000325,1000.000203,0.000000,0.000000,0.000000,0.000000,0.000000,0.000000,0.000000
0.000000,0.000000,0.000000,0.000000,0.000000,0.000000,0.000000,1000.000266,1000.000382,1000.000493,1000.000601,1000.000684,1000.000716,1000.000690,1000.000631,1000.000566,1000.000505,1000.000446,1000.000387,1000.000330,1000.000275,1000.000221,1000.000169,1000.000119,1000.000071,1000.000024,999.999979,999.999936,999.999895,999.999855,999.999818,999.999782,999.999747,999.999715,999.999684,999.999655,999.999628,999.999602,999.999579,999.999557,999.999536,999.999518,999.999501,999.999486,999.999473,999.999462,999.999452,999.999444,999.999438,999.999434,999.999431,999.999430,999.999431,999.999434,999.999438,999.999444,999.999452,999.999462,999.999473,999.999486,999.999501,999.999518,999.999536,999.999557,999.999579,999.999602,999.999628,999.999655,999.999684,999.999715,999.999747,999.999782,999.999818,999.999855,999.999895,999.999936,999.999979,1000.000024,1000.000071,1000.000119,1000.000169,1000.000221,1000.000275,1000.000330,1000.000387,1000.000446,1000.000505,1000.000566,1000.000631,1000.000690,1000.000716,1000.000684,1000.000601,1000.000493,1000.000382,1000.000266,0.000000,0.000000,0.000000,0.000000,0.000000,0.000000,0.000000
0.000000,0.000000,0.000000,0.000000,0.000000,0.000000,1000.000204,1000.000327,1000.000438,1000.000550,1000.000649,1000.000709,1000.000709,1000.000660,1000.000594,1000.000529,1000.000468,1000.000407,1000.000348,1000.000292,1000.000237,1000.000183,1000.000131,1000.000081,1000.000033,999.999986,999.999942,999.999898,999.999857,999.999818,999.999780,999.999744,999.999710,999.999677,999.999646,999.999617,999.999590,999.999565,999.999541,999.999519,999.999499,999.999480,999.999464,999.999449,999.999436,999.999424,999.999414,999.999407,999.999400,999.999396,999.999393,999.999393,999.999393,999.999396,999.999400,999.999407,999.999414,999.999424,999.999436,999.999449,999.999464,999.999480,999.999499,999.999519,999.999541,999.999565,999.999590,999.999617,999.999646,999.999677,999.999710,999.999744,999.999780,999.999818,999.999857,999.999898,999.999942,999.999986,1000.000033,1000.000081,1000.000131,1000.000183,1000.000237,1000.000292,1000.000348,1000.000407,1000.000468,1000.000529,1000.000594,1000.000660,1000.000709,1000.000709,1000.000649,1000.000550,1000.000438,1000.000327,1000.000204,0.000000,0.000000,0.000000,0.000000,0.000000,0.000000
0.000000,0.000000,0.000000,0.000000,0.000000,0.000000,1000.000262,1000.000380,1000.000493,1000.000602,1000.000686,1000.000717,1000.000688,1000.000627,1000.000558,1000.000494,1000.000432,1000.000371,1000.000313,1000.000256,1000.000200,1000.000147,1000.000095,1000.000045,999.999997,999.999950,999.999905,999.999862,999.999821,999.999782,999.999744,999.999708,999.999674,999.999641,999.999610,999.999581,999.999554,999.999529,999.999505,999.999483,999.999463,999.999444,999.999428,999.999413,999.999400,999.999388,999.999378,999.999371,999.999364,999.999360,999.999357,999.999357,999.999357,999.999360,999.999364,999.999371,999.999378,999.999388,999.999400,999.999413,999.999428,999.999444,999.999463,999.999483,999.999505,999.999529,999.999554,999.999581,999.999610,999.999641,999.999674,999.999708,999.999744,999.999782,999.999821,999.999862,999.999905,999.999950,999.999997,1000.000045,1000.000095,1000.000147,1000.000200,1000.000256,1000.000313,1000.000371,1000.000432,1000.000494,1000.000558,1000.000627,1000.000688,1000.000717,1000.000686,1000.000602,1000.000493,1000.000380,1000.000262,0.000000,0.000000,0.000000,0.000000,0.000000,0.000000
0.000000,0.000000,0.000000,0.000000,0.000000,1000.000195,1000.000319,1000.000433,1000.000547,1000.000647,1000.000709,1000.000709,1000.000659,1000.000591,1000.000524,1000.000460,1000.000398,1000.000337,1000.000278,1000.000221,1000.000166,1000.000113,1000.000061,1000.000011,999.999962,999.999916,999.999871,999.999828,999.999787,999.999747,999.999710,999.999674,999.999639,999.999607,999.999576,999.999547,999.999520,999.999494,999.999471,999.999449,999.999428,999.999410,999.999393,999.999378,999.999365,999.999354,999.999344,999.999336,999.999330,999.999326,999.999323,999.999322,999.999323,999.999326,999.999330,999.999336,999.999344,999.999354,999.999365,999.999378,999.999393,999.999410,999.999428,999.999449,999.999471,999.999494,999.999520,999.999547,999.999576,999.999607,999.999639,999.999674,999.999710,999.999747,999.999787,999.999828,999.999871,999.999916,999.999962,1000.000011,1000.000061,1000.000113,1000.000166,1000.000221,1000.000278,1000.000337,1000.000398,1000.000460,1000.000524,1000.000591,1000.000659,1000.000709,1000.000709,1000.000647,1000.000547,1000.000433,1000.000319,1000.000195,0.000000,0.000000,0.000000,0.000000,0.000000
0.000000,0.000000,0.000000,0.000000,0.000000,1000.000247,1000.000367,1000.000483,1000.000596,1000.000683,1000.000716,1000.000689,1000.000627,1000.000557,1000.000491,1000.000428,1000.000365,1000.000304,1000.000246,1000.000189,1000.000134,1000.000080,1000.000028,999.999978,999.999930,999.999883,999.999839,999.999796,999.999754,999.999715,999.999677,999.999641,999.999607,999.999574,999.999543,999.999514,999.999487,999.999462,999.999438,999.999416,999.999396,999.999377,999.999361,999.999346,999.999333,999.999321,999.999312,999.999304,999.999298,999.999293,999.999291,999.999290,999.999291,999.999293,999.999298,999.999304,999.999312,999.999321,999.999333,999.999346,999.999361,999.999377,999.999396,999.999416,999.999438,999.999462,999.999487,999.999514,999.999543,999.999574,999.999607,999.999641,999.999677,999.999715,999.999754,999.999796,999.999839,999.999883,999.999930,999.999978,1000.000028,1000.000080,1000.000134,1000.000189,1000.000246,1000.000304,1000.000365,1000.000428,1000.000491,1000.000557,1000.000627,1000.000689,1000.000716,1000.000683,1000.000596,1000.000483,1000.000367,1000.000247,0.000000,0.000000,0.000000,0.000000,0.000000
0.000000,0.000000,0.000000,0.000000,1000.000170,1000.000297,1000.000414,1000.000531,1000.000638,1000.000706,1000.000710,1000.000661,1000.000594,1000.000526,1000.000461,1000.000396,1000.000334,1000.000274,1000.000215,1000.000158,1000.000103,1000.000049,999.999997,999.999947,999.999899,999.999853,999.999808,999.999765,999.999724,999.999684,999.999646,999.999610,999.999576,999.999543,999.999513,999.999484,999.999457,999.999431,999.999407,999.999385,999.999365,999.999347,999.999330,999.999315,999.999302,999.999291,999.999281,999.999273,999.999267,999.999262,999.999260,999.999259,999.999260,999.999262,999.999267,999.999273,999.999281,999.999291,999.999302,999.999315,999.999330,999.999347,999.999365,999.999385,999.999407,999.999431,999.999457,999.999484,999.999513,999.999543,999.999576,999.999610,999.999646,999.999684,999.999724,999.999765,999.999808,999.999853,999.999899,999.999947,999.999997,1000.000049,1000.000103,1000.000158,1000.000215,1000.000274,1000.000334,1000.000396,1000.000461,1000.000526,1000.000594,1000.000661,1000.000710,1000.000706,1000.000638,1000.000531,1000.000414,1000.000297,1000.000170,0.000000,0.000000,0.000000,0.000000
0.000000,0.000000,0.000000,0.000000,1000.000217,1000.000339,1000.000456,1000.000574,1000.000672,1000.000715,1000.000693,1000.000632,1000.000563,1000.000496,1000.000431,1000.000367,1000.000305,1000.000245,1000.000186,1000.000129,1000.000074,1000.000020,999.999968,999.999918,999.999870,999.999824,999.999779,999.999736,999.999695,999.999655,999.999617,999.999581,999.999547,999.999514,999.999484,999.999455,999.999428,999.999402,999.999378,999.999356,999.999336,999.999318,999.999301,999.999286,999.999273,999.999262,999.999252,999.999244,999.999238,999.999233,999.999231,999.999230,999.999231,999.999233,999.999238,999.999244,999.999252,999.999262,999.999273,999.999286,999.999301,999.999318,999.999336,999.999356,999.999378,999.999402,999.999428,999.999455,999.999484,999.999514,999.999547,999.999581,999.999617,999.999655,999.999695,999.999736,999.999779,999.999824,999.999870,999.999918,999.999968,1000.000020,1000.000074,1000.000129,1000.000186,1000.000245,1000.000305,1000.000367,1000.000431,1000.000496,1000.000563,1000.000632,1000.000693,1000.000715,1000.000672,1000.000574,1000.000456,1000.000339,1000.000217,0.000000,0.000000,0.000000,0.000000
