0.000000,0.000000,0.000000,0.000000,0.000000,0.000000,0.000000,0.000000,0.000000,0.000000,0.000000,0.000000,0.000000,0.000000,0.000000,0.000000,0.000000,0.000000,0.000000,0.000000,0.000000,0.000000,0.000000,0.000000,0.000000,0.000000,0.000000,0.000000,0.000000,0.000000,0.000000,0.000000,0.000000,0.000000,0.000000,0.000000,0.000000,0.000000,0.000000,0.000000,0.000000,0.000000,0.000000,0.000000,0.000000,0.000000,0.000000,0.000000,0.000000,0.000000,0.000000,0.000000,0.000000,0.000000,0.000000,0.000000,0.000000,0.000000,0.000000,0.000000,0.000000,0.000000,0.000000,0.000000,0.000000,0.000000,0.000000,0.000000,0.000000,0.000000,0.000000,0.000000,0.000000,0.000000,0.000000,0.000000,0.000000,0.000000,0.000000,0.000000,0.000000,0.000000,0.000000,0.000000,0.000000,0.000000,0.000000,0.000000,0.000000,0.000000,0.000000,0.000000,0.000000,0.000000,0.000000,0.000000,0.000000,0.000000,0.000000,0.000000,0.000000,0.000000,0.000000
0.000000,0.000000,0.000000,0.000000,0.000000,0.000000,0.000000,0.000000,0.000000,0.000000,0.000000,0.000000,0.000000,0.000000,0.000000,0.000000,0.000000,0.000000,0.000000,0.000000,0.000000,0.000000,0.000000,0.000000,0.000000,0.000000,0.000000,0.000000,0.000000,0.000000,0.000000,0.000000,0.000000,0.000000,0.000000,0.000000,0.000000,0.000000,0.000000,0.000000,0.000000,0.000000,0.000000,0.000000,0.000000,0.000000,0.000000,0.000000,0.000000,0.000000,0.000000,1000.000094,0.000000,0.000000,0.000000,0.000000,0.000000,0.000000,0.000000,0.000000,0.000000,0.000000,0.000000,0.000000,0.000000,0.000000,0.000000,0.000000,0.000000,0.000000,0.000000,0.000000,0.000000,0.000000,0.000000,0.000000,0.000000,0.000000,0.000000,0.000000,0.000000,0.000000,0.000000,0.000000,0.000000,0.000000,0.000000,0.000000,0.000000,0.000000,0.000000,0.000000,0.000000,0.000000,0.000000,0.000000,0.000000,0.000000,0.000000,0.000000,0.000000,0.000000,0.000000
0.000000,0.000000,0.000000,0.000000,0.000000,0.000000,0.000000,0.000000,0.000000,0.000000,0.000000,0.000000,0.000000,0.000000,0.000000,0.000000,0.000000,0.000000,0.000000,0.000000,0.000000,0.000000,0.000000,0.000000,0.000000,0.000000,0.000000,0.000000,0.000000,0.000000,0.000000,0.000000,0.000000,0.000000,0.000000,0.000000,0.000000,0.000000,0.000000,0.000000,0.000000,0.000000,1000.000171,1000.000199,1000.000214,1000.000221,1000.000225,1000.000226,1000.000227,1000.000225,1000.000224,1000.000231,1000.000224,1000.000225,1000.000227,1000.000226,1000.000225,1000.000221,1000.000214,1000.000199,1000.000171,0.000000,0.000000,0.000000,0.000000,0.000000,0.000000,0.000000,0.000000,0.000000,0.000000,0.000000,0.000000,0.000000,0.000000,0.000000,0.000000,0.000000,0.000000,0.000000,0.000000,0.000000,0.000000,0.000000,0.000000,0.000000,0.000000,0.000000,0.000000,0.000000,0.000000,0.000000,0.000000,0.000000,0.000000,0.000000,0.000000,0.000000,0.000000,0.000000,0.000000,0.000000,0.000000
0.000000,0.000000,0.000000,0.000000,0.000000,0.000000,0.000000,0.000000,0.000000,0.000000,0.000000,0.000000,0.000000,0.000000,0.000000,0.000000,0.000000,0.000000,0.000000,0.000000,0.000000,0.000000,0.000000,0.000000,0.000000,0.000000,0.000000,0.000000,0.000000,0.000000,0.000000,0.000000,0.000000,0.000000,0.000000,0.000000,0.000000,1000.000165,1000.000206,1000.000239,1000.000265,1000.000287,1000.000307,1000.000325,1000.000339,1000.000348,1000.000353,1000.000356,1000.000357,1000.000358,1000.000357,1000.000358,1000.000357,1000.000358,1000.000357,1000.000356,1000.000353,1000.000348,1000.000339,1000.000325,1000.000307,1000.000287,1000.000265,1000.000239,1000.000206,1000.000165,0.000000,0.000000,0.000000,0.000000,0.000000,0.000000,0.000000,0.000000,0.000000,0.000000,0.000000,0.000000,0.000000,0.000000,0.000000,0.000000,0.000000,0.000000,0.000000,0.000000,0.000000,0.000000,0.000000,0.000000,0.000000,0.000000,0.000000,0.000000,0.000000,0.000000,0.000000,0.000000,0.000000,0.000000,0.000000,0.000000,0.000000
0.000000,0.000000,0.000000,0.000000,0.000000,0.000000,0.000000,0.000000,0.000000,0.000000,0.000000,0.000000,0.000000,0.000000,0.000000,0.000000,0.000000,0.000000,0.000000,0.000000,0.000000,0.000000,0.000000,0.000000,0.000000,0.000000,0.000000,0.000000,0.000000,0.000000,0.000000,0.000000,0.000000,0.000000,1000.000172,1000.000219,1000.000258,1000.000297,1000.000330,1000.000361,1000.000389,1000.000413,1000.000435,1000.000453,1000.000466,1000.000474,1000.000479,1000.000482,1000.000484,1000.000484,1000.000485,1000.000484,1000.000485,1000.000484,1000.000484,1000.000482,1000.000479,1000.000474,1000.000466,1000.000453,1000.000435,1000.000413,1000.000389,1000.000361,1000.000330,1000.000297,1000.000258,1000.000219,1000.000172,0.000000,0.000000,0.000000,0.000000,0.000000,0.000000,0.000000,0.000000,0.000000,0.000000,0.000000,0.000000,0.000000,0.000000,0.000000,0.000000,0.000000,0.000000,0.000000,0.000000,0.000000,0.000000,0.000000,0.000000,0.000000,0.000000,0.000000,0.000000,0.000000,0.000000,0.000000,0.000000,0.000000,0.000000
0.000000,0.000000,0.000000,0.000000,0.000000,0.000000,0.000000,0.000000,0.000000,0.000000,0.000000,0.000000,0.000000,0.000000,0.000000,0.000000,0.000000,0.000000,0.000000,0.000000,0.000000,0.000000,0.000000,0.000000,0.000000,0.000000,0.000000,0.000000,0.000000,0.000000,0.000000,0.000000,1000.000196,1000.000249,1000.000300,1000.000342,1000.000380,1000.000419,1000.000452,1000.000483,1000.000511,1000.000537,1000.000561,1000.000578,1000.000590,1000.000597,1000.000600,1000.000603,1000.000604,1000.000604,1000.000604,1000.000604,1000.000604,1000.000604,1000.000604,1000.000603,1000.000600,1000.000597,1000.000590,1000.000578,1000.000561,1000.000537,1000.000511,1000.000483,1000.000452,1000.000419,1000.000380,1000.000342,1000.000300,1000.000249,1000.000196,0.000000,0.000000,0.000000,0.000000,0.000000,0.000000,0.000000,0.000000,0.000000,0.000000,0.000000,0.000000,0.000000,0.000000,0.000000,0.000000,0.000000,0.000000,0.000000,0.000000,0.000000,0.000000,0.000000,0.000000,0.000000,0.000000,0.000000,0.000000,0.000000,0.000000,0.000000,0.000000
0.000000,0.000000,0.000000,0.000000,0.000000,0.000000,0.000000,0.000000,0.000000,0.000000,0.000000,0.000000,0.000000,0.000000,0.000000,0.000000,0.000000,0.000000,0.000000,0.000000,0.000000,0.000000,0.000000,0.000000,0.000000,0.000000,0.000000,0.000000,0.000000,0.000000,1000.000206,1000.000265,1000.000322,1000.000371,1000.000418,1000.000461,1000.000502,1000.000540,1000.000573,1000.000602,1000.000626,1000.000647,1000.000666,1000.000678,1000.000685,1000.000689,1000.000691,1000.000692,1000.000692,1000.000692,1000.000692,1000.000692,1000.000692,1000.000692,1000.000692,1000.000692,1000.000691,1000.000689,1000.000685,1000.000678,1000.000666,1000.000647,1000.000626,1000.000602,1000.000573,1000.000540,1000.000502,1000.000461,1000.000418,1000.000371,1000.000322,1000.000265,1000.000206,0.000000,0.000000,0.000000,0.000000,0.000000,0.000000,0.000000,0.000000,0.000000,0.000000,0.000000,0.000000,0.000000,0.000000,0.000000,0.000000,0.000000,0.000000,0.000000,0.000000,0.000000,0.000000,0.000000,0.000000,0.000000,0.000000,0.000000,0.000000,0.000000,0.000000
0.000000,0.000000,0.000000,0.000000,0.000000,0.000000,0.000000,0.000000,0.000000,0.000000,0.000000,0.000000,0.000000,0.000000,0.000000,0.000000,0.000000,0.000000,0.000000,0.000000,0.000000,0.000000,0.000000,0.000000,0.000000,0.000000,0.000000,0.000000,1000.000205,1000.000269,1000.000330,1000.000384,1000.000437,1000.000488,1000.000536,1000.000579,1000.000617,1000.000649,1000.000675,1000.000692,1000.000704,1000.000712,1000.000714,1000.000713,1000.000711,1000.000710,1000.000709,1000.000708,1000.000708,1000.000707,1000.000707,1000.000706,1000.000707,1000.000707,1000.000708,1000.000708,1000.000709,1000.000710,1000.000711,1000.000713,1000.000714,1000.000712,1000.000704,1000.000692,1000.000675,1000.000649,1000.000617,1000.000579,1000.000536,1000.000488,1000.000437,1000.000384,1000.000330,1000.000269,1000.000205,0.000000,0.000000,0.000000,0.000000,0.000000,0.000000,0.000000,0.000000,0.000000,0.000000,0.000000,0.000000,0.000000,0.000000,0.000000,0.000000,0.000000,0.000000,0.000000,0.000000,0.000000,0.000000,0.000000,0.000000,0.000000,0.000000,0.000000,0.000000
0.000000,0.000000,0.000000,0.000000,0.000000,0.000000,0.000000,0.000000,0.000000,0.000000,0.000000,0.000000,0.000000,0.000000,0.000000,0.000000,0.000000,0.000000,0.000000,0.000000,0.000000,0.000000,0.000000,0.000000,0.000000,0.000000,1000.000194,1000.000263,1000.000328,1000.000385,1000.000442,1000.000497,1000.000552,1000.000601,1000.000644,1000.000677,1000.000700,1000.000714,1000.000720,1000.000719,1000.000714,1000.000705,1000.000691,1000.000678,1000.000668,1000.000663,1000.000659,1000.000657,1000.000655,1000.000653,1000.000653,1000.000652,1000.000653,1000.000653,1000.000655,1000.000657,1000.000659,1000.000663,1000.000668,1000.000678,1000.000691,1000.000705,1000.000714,1000.000719,1000.000720,1000.000714,1000.000700,1000.000677,1000.000644,1000.000601,1000.000552,1000.000497,1000.000442,1000.000385,1000.000328,1000.000263,1000.000194,0.000000,0.000000,0.000000,0.000000,0.000000,0.000000,0.000000,0.000000,0.000000,0.000000,0.000000,0.000000,0.000000,0.000000,0.000000,0.000000,0.000000,0.000000,0.000000,0.000000,0.000000,0.000000,0.000000,0.000000,0.000000,0.000000
0.000000,0.000000,0.000000,0.000000,0.000000,0.000000,0.000000,0.000000,0.000000,0.000000,0.000000,0.000000,0.000000,0.000000,0.000000,0.000000,0.000000,0.000000,0.000000,0.000000,0.000000,0.000000,0.000000,0.000000,1000.000167,1000.000242,1000.000314,1000.000377,1000.000438,1000.000497,1000.000555,1000.000608,1000.000653,1000.000689,1000.000712,1000.000721,1000.000719,1000.000711,1000.000696,1000.000679,1000.000663,1000.000645,1000.000627,1000.000611,1000.000598,1000.000590,1000.000585,1000.000581,1000.000578,1000.000576,1000.000575,1000.000574,1000.000575,1000.000576,1000.000578,1000.000581,1000.000585,1000.000590,1000.000598,1000.000611,1000.000627,1000.000645,1000.000663,1000.000679,1000.000696,1000.000711,1000.000719,1000.000721,1000.000712,1000.000689,1000.000653,1000.000608,1000.000555,1000.000497,1000.000438,1000.000377,1000.000314,1000.000242,1000.000167,0.000000,0.000000,0.000000,0.000000,0.000000,0.000000,0.000000,0.000000,0.000000,0.000000,0.000000,0.000000,0.000000,0.000000,0.000000,0.000000,0.000000,0.000000,0.000000,0.000000,0.000000,0.000000,0.000000,0.000000
0.000000,0.000000,0.000000,0.000000,0.000000,0.000000,0.000000,0.000000,0.000000,0.000000,0.000000,0.000000,0.000000,0.000000,0.000000,0.000000,0.000000,0.000000,0.000000,0.000000,0.000000,0.000000,0.000000,1000.000202,1000.000284,1000.000353,1000.000422,1000.000487,1000.000549,1000.000606,1000.000654,1000.000692,1000.000715,1000.000723,1000.000716,1000.000699,1000.000678,1000.000655,1000.000632,1000.000609,1000.000590,1000.000572,1000.000555,1000.000539,1000.000527,1000.000518,1000.000511,1000.000505,1000.000502,1000.000499,1000.000498,1000.000497,1000.000498,1000.000499,1000.000502,1000.000505,1000.000511,1000.000518,1000.000527,1000.000539,1000.000555,1000.000572,1000.000590,1000.000609,1000.000632,1000.000655,1000.000678,1000.000699,1000.000716,1000.000723,1000.000715,1000.000692,1000.000654,1000.000606,1000.000549,1000.000487,1000.000422,1000.000353,1000.000284,1000.000202,0.000000,0.000000,0.000000,0.000000,0.000000,0.000000,0.000000,0.000000,0.000000,0.000000,0.000000,0.000000,0.000000,0.000000,0.000000,0.000000,0.000000,0.000000,0.000000,0.000000,0.000000,0.000000,0.000000
0.000000,0.000000,0.000000,0.000000,0.000000,0.000000,0.000000,0.000000,0.000000,0.000000,0.000000,0.000000,0.000000,0.000000,0.000000,0.000000,0.000000,0.000000,0.000000,0.000000,0.000000,1000.000149,1000.000233,1000.000315,1000.000388,1000.000460,1000.000531,1000.000595,1000.000649,1000.000690,1000.000715,1000.000723,1000.000715,1000.000695,1000.000667,1000.000638,1000.000609,1000.000584,1000.000560,1000.000538,1000.000518,1000.000500,1000.000484,1000.000469,1000.000457,1000.000447,1000.000439,1000.000433,1000.000428,1000.000425,1000.000423,1000.000423,1000.000423,1000.000425,1000.000428,1000.000433,1000.000439,1000.000447,1000.000457,1000.000469,1000.000484,1000.000500,1000.000518,1000.000538,1000.000560,1000.000584,1000.000609,1000.000638,1000.000667,1000.000695,1000.000715,1000.000723,1000.000715,1000.000690,1000.000649,1000.000595,1000.000531,1000.000460,1000.000388,1000.000315,1000.000233,1000.000149,0.000000,0.000000,0.000000,0.000000,0.000000,0.000000,0.000000,0.000000,0.000000,0.000000,0.000000,0.000000,0.000000,0.000000,0.000000,0.000000,0.000000,0.000000,0.000000,0.000000,0.000000
0.000000,0.000000,0.000000,0.000000,0.000000,0.000000,0.000000,0.000000,0.000000,0.000000,0.000000,0.000000,0.000000,0.000000,0.000000,0.000000,0.000000,0.000000,0.000000,0.000000,1000.000173,1000.000263,1000.000339,1000.000415,1000.000490,1000.000565,1000.000631,1000.000681,1000.000712,1000.000722,1000.000715,1000.000694,1000.000665,1000.000632,1000.000599,1000.000568,1000.000540,1000.000515,1000.000491,1000.000469,1000.000449,1000.000431,1000.000414,1000.000400,1000.000387,1000.000377,1000.000369,1000.000362,1000.000357,1000.000354,1000.000352,1000.000351,1000.000352,1000.000354,1000.000357,1000.000362,1000.000369,1000.000377,1000.000387,1000.000400,1000.000414,1000.000431,1000.000449,1000.000469,1000.000491,1000.000515,1000.000540,1000.000568,1000.000599,1000.000632,1000.000665,1000.000694,1000.000715,1000.000722,1000.000712,1000.000681,1000.000631,1000.000565,1000.000490,1000.000415,1000.000339,1000.000263,1000.000173,0.000000,0.000000,0.000000,0.000000,0.000000,0.000000,0.000000,0.000000,0.000000,0.000000,0.000000,0.000000,0.000000,0.000000,0.000000,0.000000,0.000000,0.000000,0.000000,0.000000
0.000000,0.000000,0.000000,0.000000,0.000000,0.000000,0.000000,0.000000,0.000000,0.000000,0.000000,0.000000,0.000000,0.000000,0.000000,0.000000,0.000000,0.000000,0.000000,1000.000193,1000.000284,1000.000364,1000.000440,1000.000516,1000.000589,1000.000654,1000.000700,1000.000720,1000.000716,1000.000696,1000.000666,1000.000632,1000.000596,1000.000562,1000.000531,1000.000501,1000.000473,1000.000447,1000.000423,1000.000401,1000.000381,1000.000363,1000.000347,1000.000332,1000.000320,1000.000309,1000.000300,1000.000293,1000.000288,1000.000284,1000.000282,1000.000281,1000.000282,1000.000284,1000.000288,1000.000293,1000.000300,1000.000309,1000.000320,1000.000332,1000.000347,1000.000363,1000.000381,1000.000401,1000.000423,1000.000447,1000.000473,1000.000501,1000.000531,1000.000562,1000.000596,1000.000632,1000.000666,1000.000696,1000.000716,1000.000720,1000.000700,1000.000654,1000.000589,1000.000516,1000.000440,1000.000364,1000.000284,1000.000193,0.000000,0.000000,0.000000,0.000000,0.000000,0.000000,0.000000,0.000000,0.000000,0.000000,0.000000,0.000000,0.000000,0.000000,0.000000,0.000000,0.000000,0.000000,0.000000
0.000000,0.000000,0.000000,0.000000,0.000000,0.000000,0.000000,0.000000,0.000000,0.000000,0.000000,0.000000,0.000000,0.000000,0.000000,0.000000,0.000000,0.000000,1000.000206,1000.000300,1000.000383,1000.000463,1000.000542,1000.000612,1000.000671,1000.000711,1000.000721,1000.000704,1000.000673,1000.000637,1000.000600,1000.000563,1000.000529,1000.000496,1000.000465,1000.000435,1000.000407,1000.000381,1000.000357,1000.000335,1000.000315,1000.000297,1000.000280,1000.000266,1000.000253,1000.000242,1000.000233,1000.000226,1000.000221,1000.000217,1000.000214,1000.000214,1000.000214,1000.000217,1000.000221,1000.000226,1000.000233,1000.000242,1000.000253,1000.000266,1000.000280,1000.000297,1000.000315,1000.000335,1000.000357,1000.000381,1000.000407,1000.000435,1000.000465,1000.000496,1000.000529,1000.000563,1000.000600,1000.000637,1000.000673,1000.000704,1000.000721,1000.000711,1000.000671,1000.000612,1000.000542,1000.000463,1000.000383,1000.000300,1000.000206,0.000000,0.000000,0.000000,0.000000,0.000000,0.000000,0.000000,0.000000,0.000000,0.000000,0.000000,0.000000,0.000000,0.000000,0.000000,0.000000,0.000000,0.000000
0.000000,0.000000,0.000000,0.000000,0.000000,0.000000,0.000000,0.000000,0.000000,0.000000,0.000000,0.000000,0.000000,0.000000,0.000000,0.000000,0.000000,1000.000212,1000.000309,1000.000395,1000.000479,1000.000562,1000.000635,1000.000688,1000.000718,1000.000720,1000.000695,1000.000655,1000.000612,1000.000571,1000.000534,1000.000498,1000.000464,1000.000432,1000.000400,1000.000370,1000.000343,1000.000317,1000.000293,1000.000271,1000.000251,1000.000232,1000.000216,1000.000201,1000.000189,1000.000178,1000.000169,1000.000161,1000.000155,1000.000151,1000.000149,1000.000148,1000.000149,1000.000151,1000.000155,1000.000161,1000.000169,1000.000178,1000.000189,1000.000201,1000.000216,1000.000232,1000.000251,1000.000271,1000.000293,1000.000317,1000.000343,1000.000370,1000.000400,1000.000432,1000.000464,1000.000498,1000.000534,1000.000571,1000.000612,1000.000655,1000.000695,1000.000720,1000.000718,1000.000688,1000.000635,1000.000562,1000.000479,1000.000395,1000.000309,1000.000212,0.000000,0.000000,0.000000,0.000000,0.000000,0.000000,0.000000,0.000000,0.000000,0.000000,0.000000,0.000000,0.000000,0.000000,0.000000,0.000000,0.000000
0.000000,0.000000,0.000000,0.000000,0.000000,0.000000,0.000000,0.000000,0.000000,0.000000,0.000000,0.000000,0.000000,0.000000,0.000000,0.000000,1000.000214,1000.000314,1000.000402,1000.000488,1000.000574,1000.000648,1000.000700,1000.000720,1000.000712,1000.000684,1000.000641,1000.000594,1000.000549,1000.000509,1000.000472,1000.000436,1000.000401,1000.000368,1000.000337,1000.000308,1000.000280,1000.000254,1000.000230,1000.000208,1000.000188,1000.000170,1000.000153,1000.000139,1000.000126,1000.000115,1000.000105,1000.000098,1000.000092,1000.000088,1000.000085,1000.000085,1000.000085,1000.000088,1000.000092,1000.000098,1000.000105,1000.000115,1000.000126,1000.000139,1000.000153,1000.000170,1000.000188,1000.000208,1000.000230,1000.000254,1000.000280,1000.000308,1000.000337,1000.000368,1000.000401,1000.000436,1000.000472,1000.000509,1000.000549,1000.000594,1000.000641,1000.000684,1000.000712,1000.000720,1000.000700,1000.000648,1000.000574,1000.000488,1000.000402,1000.000314,1000.000214,0.000000,0.000000,0.000000,0.000000,0.000000,0.000000,0.000000,0.000000,0.000000,0.000000,0.000000,0.000000,0.000000,0.000000,0.000000,0.000000
0.000000,0.000000,0.000000,0.000000,0.000000,0.000000,0.000000,0.000000,0.000000,0.000000,0.000000,0.000000,0.000000,0.000000,0.000000,1000.000212,1000.000314,1000.000404,1000.000492,1000.000580,1000.000655,1000.000706,1000.000721,1000.000703,1000.000668,1000.000624,1000.000578,1000.000532,1000.000490,1000.000450,1000.000411,1000.000374,1000.000340,1000.000307,1000.000276,1000.000247,1000.000219,1000.000193,1000.000170,1000.000148,1000.000127,1000.000109,1000.000092,1000.000078,1000.000065,1000.000053,1000.000044,1000.000036,1000.000030,1000.000026,1000.000024,1000.000023,1000.000024,1000.000026,1000.000030,1000.000036,1000.000044,1000.000053,1000.000065,1000.000078,1000.000092,1000.000109,1000.000127,1000.000148,1000.000170,1000.000193,1000.000219,1000.000247,1000.000276,1000.000307,1000.000340,1000.000374,1000.000411,1000.000450,1000.000490,1000.000532,1000.000578,1000.000624,1000.000668,1000.000703,1000.000721,1000.000706,1000.000655,1000.000580,1000.000492,1000.000404,1000.000314,1000.000212,0.000000,0.000000,0.000000,0.000000,0.000000,0.000000,0.000000,0.000000,0.000000,0.000000,0.000000,0.000000,0.000000,0.000000,0.000000
0.000000,0.000000,0.000000,0.000000,0.000000,0.000000,0.000000,0.000000,0.000000,0.000000,0.000000,0.000000,0.000000,0.000000,1000.000206,1000.000309,1000.000402,1000.000492,1000.000581,1000.000657,1000.000708,1000.000721,1000.000698,1000.000656,1000.000608,1000.000561,1000.000516,1000.000473,1000.000431,1000.000390,1000.000352,1000.000315,1000.000281,1000.000248,1000.000217,1000.000187,1000.000160,1000.000134,1000.000110,1000.000088,1000.000068,1000.000050,1000.000033,1000.000018,1000.000005,999.999994,999.999985,999.999977,999.999971,999.999967,999.999964,999.999963,999.999964,999.999967,999.999971,999.999977,999.999985,999.999994,1000.000005,1000.000018,1000.000033,1000.000050,1000.000068,1000.000088,1000.000110,1000.000134,1000.000160,1000.000187,1000.000217,1000.000248,1000.000281,1000.000315,1000.000352,1000.000390,1000.000431,1000.000473,1000.000516,1000.000561,1000.000608,1000.000656,1000.000698,1000.000721,1000.000708,1000.000657,1000.000581,1000.000492,1000.000402,1000.000309,1000.000206,0.000000,0.000000,0.000000,0.000000,0.000000,0.000000,0.000000,0.000000,0.000000,0.000000,0.000000,0.000000,0.000000,0.000000
0.000000,0.000000,0.000000,0.000000,0.000000,0.000000,0.000000,0.000000,0.000000,0.000000,0.000000,0.000000,0.000000,1000.000193,1000.000300,1000.000395,1000.000488,1000.000580,1000.000657,1000.000709,1000.000721,1000.000696,1000.000651,1000.000599,1000.000549,1000.000503,1000.000459,1000.000415,1000.000373,1000.000333,1000.000295,1000.000258,1000.000223,1000.000190,1000.000159,1000.000130,1000.000103,1000.000077,1000.000053,1000.000031,1000.000011,999.999992,999.999976,999.999961,999.999948,999.999936,999.999927,999.999919,999.999913,999.999909,999.999906,999.999905,999.999906,999.999909,999.999913,999.999919,999.999927,999.999936,999.999948,999.999961,999.999976,999.999992,1000.000011,1000.000031,1000.000053,1000.000077,1000.000103,1000.000130,1000.000159,1000.000190,1000.000223,1000.000258,1000.000295,1000.000333,1000.000373,1000.000415,1000.000459,1000.000503,1000.000549,1000.000599,1000.000651,1000.000696,1000.000721,1000.000709,1000.000657,1000.000580,1000.000488,1000.000395,1000.000300,1000.000193,0.000000,0.000000,0.000000,0.000000,0.000000,0.000000,0.000000,0.000000,0.000000,0.000000,0.000000,0.000000,0.000000
0.000000,0.000000,0.000000,0.000000,0.000000,0.000000,0.000000,0.000000,0.000000,0.000000,0.000000,0.000000,1000.000173,1000.000284,1000.000383,1000.000479,1000.000574,1000.000655,1000.000708,1000.000721,1000.000696,1000.000649,1000.000595,1000.000542,1000.000494,1000.000448,1000.000403,1000.000359,1000.000317,1000.000277,1000.000239,1000.000202,1000.000167,1000.000135,1000.000104,1000.000074,1000.000047,1000.000021,999.999997,999.999975,999.999955,999.999936,999.999920,999.999905,999.999892,999.999880,999.999871,999.999863,999.999857,999.999853,999.999850,999.999849,999.999850,999.999853,999.999857,999.999863,999.999871,999.999880,999.999892,999.999905,999.999920,999.999936,999.999955,999.999975,999.999997,1000.000021,1000.000047,1000.000074,1000.000104,1000.000135,1000.000167,1000.000202,1000.000239,1000.000277,1000.000317,1000.000359,1000.000403,1000.000448,1000.000494,1000.000542,1000.000595,1000.000649,1000.000696,1000.000721,1000.000708,1000.000655,1000.000574,1000.000479,1000.000383,1000.000284,1000.000173,0.000000,0.000000,0.000000,0.000000,0.000000,0.000000,0.000000,0.000000,0.000000,0.000000,0.000000,0.000000
0.000000,0.000000,0.000000,0.000000,0.000000,0.000000,0.000000,0.000000,0.000000,0.000000,0.000000,1000.000149,1000.000263,1000.000364,1000.000463,1000.000562,1000.000648,1000.000706,1000.000721,1000.000696,1000.000649,1000.000594,1000.000539,1000.000489,1000.000441,1000.000394,1000.000348,1000.000305,1000.000263,1000.000223,1000.000185,1000.000148,1000.000114,1000.000081,1000.000050,1000.000020,999.999993,999.999967,999.999943,999.999921,999.999901,999.999882,999.999866,999.999851,999.999838,999.999826,999.999817,999.999809,999.999803,999.999798,999.999796,999.999795,999.999796,999.999798,999.999803,999.999809,999.999817,999.999826,999.999838,999.999851,999.999866,999.999882,999.999901,999.999921,999.999943,999.999967,999.999993,1000.000020,1000.000050,1000.000081,1000.000114,1000.000148,1000.000185,1000.000223,1000.000263,1000.000305,1000.000348,1000.000394,1000.000441,1000.000489,1000.000539,1000.000594,1000.000649,1000.000696,1000.000721,1000.000706,1000.000648,1000.000562,1000.000463,1000.000364,1000.000263,1000.000149,0.000000,0.000000,0.000000,0.000000,0.000000,0.000000,0.000000,0.000000,0.000000,0.000000,0.000000
0.000000,0.000000,0.000000,0.000000,0.000000,0.000000,0.000000,0.000000,0.000000,0.000000,0.000000,1000.000233,1000.000339,1000.000440,1000.000542,1000.000635,1000.000700,1000.000721,1000.000698,1000.000651,1000.000595,1000.000539,1000.000488,1000.000438,1000.000388,1000.000341,1000.000296,1000.000253,1000.000211,1000.000171,1000.000132,1000.000096,1000.000061,1000.000028,999.999997,999.999968,999.999941,999.999915,999.999891,999.999869,999.999849,999.999830,999.999813,999.999798,999.999785,999.999774,999.999764,999.999756,999.999750,999.999746,999.999743,999.999742,999.999743,999.999746,999.999750,999.999756,999.999764,999.999774,999.999785,999.999798,999.999813,999.999830,999.999849,999.999869,999.999891,999.999915,999.999941,999.999968,999.999997,1000.000028,1000.000061,1000.000096,1000.000132,1000.000171,1000.000211,1000.000253,1000.000296,1000.000341,1000.000388,1000.000438,1000.000488,1000.000539,1000.000595,1000.000651,1000.000698,1000.000721,1000.000700,1000.000635,1000.000542,1000.000440,1000.000339,1000.000233,0.000000,0.000000,0.000000,0.000000,0.000000,0.000000,0.000000,0.000000,0.000000,0.000000,0.000000
0.000000,0.000000,0.000000,0.000000,0.000000,0.000000,0.000000,0.000000,0.000000,0.000000,1000.000202,1000.000315,1000.000415,1000.000516,1000.000612,1000.000688,1000.000720,1000.000703,1000.000656,1000.000599,1000.000542,1000.000489,1000.000438,1000.000387,1000.000337,1000.000291,1000.000246,1000.000202,1000.000160,1000.000120,1000.000082,1000.000046,1000.000011,999.999978,999.999947,999.999918,999.999890,999.999865,999.999841,999.999819,999.999798,999.999780,999.999763,999.999748,999.999735,999.999723,999.999714,999.999706,999.999700,999.999695,999.999693,999.999692,999.999693,999.999695,999.999700,999.999706,999.999714,999.999723,999.999735,999.999748,999.999763,999.999780,999.999798,999.999819,999.999841,999.999865,999.999890,999.999918,999.999947,999.999978,1000.000011,1000.000046,1000.000082,1000.000120,1000.000160,1000.000202,1000.000246,1000.000291,1000.000337,1000.000387,1000.000438,1000.000489,1000.000542,1000.000599,1000.000656,1000.000703,1000.000720,1000.000688,1000.000612,1000.000516,1000.000415,1000.000315,1000.000202,0.000000,0.000000,0.000000,0.000000,0.000000,0.000000,0.000000,0.000000,0.000000,0.000000
0.000000,0.000000,0.000000,0.000000,0.000000,0.000000,0.000000,0.000000,0.000000,1000.000167,1000.000284,1000.000388,1000.000490,1000.000589,1000.000671,1000.000718,1000.000712,1000.000668,1000.000608,1000.000549,1000.000494,1000.000441,1000.000388,1000.000337,1000.000289,1000.000242,1000.000197,1000.000153,1000.000111,1000.000071,1000.000033,999.999997,999.999962,999.999929,999.999898,999.999869,999.999842,999.999816,999.999792,999.999770,999.999749,999.999731,999.999714,999.999699,999.999686,999.999674,999.999665,999.999657,999.999651,999.999646,999.999644,999.999643,999.999644,999.999646,999.999651,999.999657,999.999665,999.999674,999.999686,999.999699,999.999714,999.999731,999.999749,999.999770,999.999792,999.999816,999.999842,999.999869,999.999898,999.999929,999.999962,999.999997,1000.000033,1000.000071,1000.000111,1000.000153,1000.000197,1000.000242,1000.000289,1000.000337,1000.000388,1000.000441,1000.000494,1000.000549,1000.000608,1000.000668,1000.000712,1000.000718,1000.000671,1000.000589,1000.000490,1000.000388,1000.000284,1000.000167,0.000000,0.000000,0.000000,0.000000,0.000000,0.000000,0.000000,0.000000,0.000000
0.000000,0.000000,0.000000,0.000000,0.000000,0.000000,0.000000,0.000000,0.000000,1000.000242,1000.000353,1000.000460,1000.000565,1000.000654,1000.000711,1000.000720,1000.000684,1000.000624,1000.000561,1000.000503,1000.000448,1000.000394,1000.000341,1000.000291,1000.000242,1000.000195,1000.000149,1000.000106,1000.000064,1000.000024,999.999986,999.999950,999.999915,999.999882,999.999851,999.999822,999.999795,999.999769,999.999745,999.999723,999.999703,999.999684,999.999667,999.999652,999.999639,999.999627,999.999618,999.999610,999.999604,999.999599,999.999597,999.999596,999.999597,999.999599,999.999604,999.999610,999.999618,999.999627,999.999639,999.999652,999.999667,999.999684,999.999703,999.999723,999.999745,999.999769,999.999795,999.999822,999.999851,999.999882,999.999915,999.999950,999.999986,1000.000024,1000.000064,1000.000106,1000.000149,1000.000195,1000.000242,1000.000291,1000.000341,1000.000394,1000.000448,1000.000503,1000.000561,1000.000624,1000.000684,1000.000720,1000.000711,1000.000654,1000.000565,1000.000460,1000.000353,1000.000242,0.000000,0.000000,0.000000,0.000000,0.000000,0.000000,0.000000,0.000000,0.000000
0.000000,0.000000,0.000000,0.000000,0.000000,0.000000,0.000000,0.000000,1000.000194,1000.000314,1000.000422,1000.000531,1000.000631,1000.000700,1000.000721,1000.000695,1000.000641,1000.000578,1000.000516,1000.000459,1000.000403,1000.000348,1000.000296,1000.000246,1000.000197,1000.000149,1000.000104,1000.000061,1000.000019,999.999979,999.999941,999.999905,999.999870,999.999837,999.999806,999.999777,999.999749,999.999724,999.999700,999.999678,999.999657,999.999639,999.999622,999.999607,999.999594,999.999582,999.999573,999.999565,999.999558,999.999554,999.999551,999.999550,999.999551,999.999554,999.999558,999.999565,999.999573,999.999582,999.999594,999.999607,999.999622,999.999639,999.999657,999.999678,999.999700,999.999724,999.999749,999.999777,999.999806,999.999837,999.999870,999.999905,999.999941,999.999979,1000.000019,1000.000061,1000.000104,1000.000149,1000.000197,1000.000246,1000.000296,1000.000348,1000.000403,1000.000459,1000.000516,1000.000578,1000.000641,1000.000695,1000.000721,1000.000700,1000.000631,1000.000531,1000.000422,1000.000314,1000.000194,0.000000,0.000000,0.000000,0.000000,0.000000,0.000000,0.000000,0.000000
0.000000,0.000000,0.000000,0.000000,0.000000,0.000000,0.000000,0.000000,1000.000263,1000.000377,1000.000487,1000.000595,1000.000681,1000.000720,1000.000704,1000.000655,1000.000594,1000.000532,1000.000473,1000.000415,1000.000359,1000.000305,1000.000253,1000.000202,1000.000153,1000.000106,1000.000061,1000.000017,999.999976,999.999936,999.999898,999.999861,999.999827,999.999794,999.999763,999.999733,999.999706,999.999680,999.999656,999.999634,999.999614,999.999595,999.999579,999.999563,999.999550,999.999539,999.999529,999.999521,999.999515,999.999511,999.999508,999.999507,999.999508,999.999511,999.999515,999.999521,999.999529,999.999539,999.999550,999.999563,999.999579,999.999595,999.999614,999.999634,999.999656,999.999680,999.999706,999.999733,999.999763,999.999794,999.999827,999.999861,999.999898,999.999936,999.999976,1000.000017,1000.000061,1000.000106,1000.000153,1000.000202,1000.000253,1000.000305,1000.000359,1000.000415,1000.000473,1000.000532,1000.000594,1000.000655,1000.000704,1000.000720,1000.000681,1000.000595,1000.000487,1000.000377,1000.000263,0.000000,0.000000,0.000000,0.000000,0.000000,0.000000,0.000000,0.000000
0.000000,0.000000,0.000000,0.000000,0.000000,0.000000,0.000000,1000.000205,1000.000328,1000.000438,1000.000549,1000.000649,1000.000712,1000.000716,1000.000673,1000.000612,1000.000549,1000.000490,1000.000431,1000.000373,1000.000317,1000.000263,1000.000211,1000.000160,1000.000111,1000.000064,1000.000019,999.999976,999.999934,999.999894,999.999856,999.999820,999.999785,999.999752,999.999721,999.999692,999.999664,999.999639,999.999615,999.999593,999.999572,999.999554,999.999537,999.999522,999.999509,999.999497,999.999487,999.999479,999.999473,999.999469,999.999466,999.999465,999.999466,999.999469,999.999473,999.999479,999.999487,999.999497,999.999509,999.999522,999.999537,999.999554,999.999572,999.999593,999.999615,999.999639,999.999664,999.999692,999.999721,999.999752,999.999785,999.999820,999.999856,999.999894,999.999934,999.999976,1000.000019,1000.000064,1000.000111,1000.000160,1000.000211,1000.000263,1000.000317,1000.000373,1000.000431,1000.000490,1000.000549,1000.000612,1000.000673,1000.000716,1000.000712,1000.000649,1000.000549,1000.000438,1000.000328,1000.000205,0.000000,0.000000,0.000000,0.000000,0.000000,0.000000,0.000000
0.000000,0.000000,0.000000,0.000000,0.000000,0.000000,0.000000,1000.000269,1000.000385,1000.000497,1000.000606,1000.000690,1000.000722,1000.000696,1000.000637,1000.000571,1000.000509,1000.000450,1000.000390,1000.000333,1000.000277,1000.000223,1000.000171,1000.000120,1000.000071,1000.000024,999.999979,999.999936,999.999894,999.999854,999.999816,999.999780,999.999745,999.999712,999.999681,999.999652,999.999624,999.999599,999.999575,999.999553,999.999532,999.999514,999.999497,999.999482,999.999469,999.999457,999.999447,999.999439,999.999433,999.999429,999.999426,999.999425,999.999426,999.999429,999.999433,999.999439,999.999447,999.999457,999.999469,999.999482,999.999497,999.999514,999.999532,999.999553,999.999575,999.999599,999.999624,999.999652,999.999681,999.999712,999.999745,999.999780,999.999816,999.999854,999.999894,999.999936,999.999979,1000.000024,1000.000071,1000.000120,1000.000171,1000.000223,1000.000277,1000.000333,1000.000390,1000.000450,1000.000509,1000.000571,1000.000637,1000.000696,1000.000722,1000.000690,1000.000606,1000.000497,1000.000385,1000.000269,0.000000,0.000000,0.000000,0.000000,0.000000,0.000000,0.000000
0.000000,0.000000,0.000000,0.000000,0.000000,0.000000,1000.000206,1000.000330,1000.000442,1000.000555,1000.000654,1000.000715,1000.000715,1000.000666,1000.000600,1000.000534,1000.000472,1000.000411,1000.000352,1000.000295,1000.000239,1000.000185,1000.000132,1000.000082,1000.000033,999.999986,999.999941,999.999898,999.999856,999.999816,999.999778,999.999742,999.999707,999.999674,999.999643,999.999614,999.999586,999.999561,999.999537,999.999515,999.999494,999.999476,999.999459,999.999444,999.999431,999.999419,999.999409,999.999401,999.999395,999.999391,999.999388,999.999387,999.999388,999.999391,999.999395,999.999401,999.999409,999.999419,999.999431,999.999444,999.999459,999.999476,999.999494,999.999515,999.999537,999.999561,999.999586,999.999614,999.999643,999.999674,999.999707,999.999742,999.999778,999.999816,999.999856,999.999898,999.999941,999.999986,1000.000033,1000.000082,1000.000132,1000.000185,1000.000239,1000.000295,1000.000352,1000.000411,1000.000472,1000.000534,1000.000600,1000.000666,1000.000715,1000.000715,1000.000654,1000.000555,1000.000442,1000.000330,1000.000206,0.000000,0.000000,0.000000,0.000000,0.000000,0.000000
0.000000,0.000000,0.000000,0.000000,0.000000,0.000000,1000.000265,1000.000384,1000.000497,1000.000608,1000.000692,1000.000723,1000.000694,1000.000632,1000.000563,1000.000498,1000.000436,1000.000374,1000.000315,1000.000258,1000.000202,1000.000148,1000.000096,1000.000046,999.999997,999.999950,999.999905,999.999861,999.999820,999.999780,999.999742,999.999705,999.999671,999.999638,999.999607,999.999578,999.999550,999.999524,999.999500,999.999478,999.999458,999.999439,999.999422,999.999407,999.999394,999.999383,999.999373,999.999365,999.999359,999.999354,999.999352,999.999351,999.999352,999.999354,999.999359,999.999365,999.999373,999.999383,999.999394,999.999407,999.999422,999.999439,999.999458,999.999478,999.999500,999.999524,999.999550,999.999578,999.999607,999.999638,999.999671,999.999705,999.999742,999.999780,999.999820,999.999861,999.999905,999.999950,999.999997,1000.000046,1000.000096,1000.000148,1000.000202,1000.000258,1000.000315,1000.000374,1000.000436,1000.000498,1000.000563,1000.000632,1000.000694,1000.000723,1000.000692,1000.000608,1000.000497,1000.000384,1000.000265,0.000000,0.000000,0.000000,0.000000,0.000000,0.000000
0.000000,0.000000,0.000000,0.000000,0.000000,1000.000196,1000.000322,1000.000437,1000.000552,1000.000653,1000.000715,1000.000715,1000.000665,1000.000596,1000.000529,1000.000464,1000.000401,1000.000340,1000.000281,1000.000223,1000.000167,1000.000114,1000.000061,1000.000011,999.999962,999.999915,999.999870,999.999827,999.999785,999.999745,999.999707,999.999671,999.999636,999.999603,999.999572,999.999543,999.999515,999.999490,999.999466,999.999444,999.999423,999.999405,999.999388,999.999373,999.999360,999.999348,999.999338,999.999330,999.999324,999.999320,999.999317,999.999316,999.999317,999.999320,999.999324,999.999330,999.999338,999.999348,999.999360,999.999373,999.999388,999.999405,999.999423,999.999444,999.999466,999.999490,999.999515,999.999543,999.999572,999.999603,999.999636,999.999671,999.999707,999.999745,999.999785,999.999827,999.999870,999.999915,999.999962,1000.000011,1000.000061,1000.000114,1000.000167,1000.000223,1000.000281,1000.000340,1000.000401,1000.000464,1000.000529,1000.000596,1000.000665,1000.000715,1000.000715,1000.000653,1000.000552,1000.000437,1000.000322,1000.000196,0.000000,0.000000,0.000000,0.000000,0.000000
0.000000,0.000000,0.000000,0.000000,0.000000,1000.000249,1000.000371,1000.000488,1000.000601,1000.000689,1000.000723,1000.000695,1000.000632,1000.000562,1000.000496,1000.000432,1000.000368,1000.000307,1000.000248,1000.000190,1000.000135,1000.000081,1000.000028,999.999978,999.999929,999.999882,999.999837,999.999794,999.999752,999.999712,999.999674,999.999638,999.999603,999.999570,999.999539,999.999510,999.999483,999.999457,999.999433,999.999411,999.999391,999.999372,999.999355,999.999340,999.999327,999.999315,999.999306,999.999298,999.999291,999.999287,999.999284,999.999283,999.999284,999.999287,999.999291,999.999298,999.999306,999.999315,999.999327,999.999340,999.999355,999.999372,999.999391,999.999411,999.999433,999.999457,999.999483,999.999510,999.999539,999.999570,999.999603,999.999638,999.999674,999.999712,999.999752,999.999794,999.999837,999.999882,999.999929,999.999978,1000.000028,1000.000081,1000.000135,1000.000190,1000.000248,1000.000307,1000.000368,1000.000432,1000.000496,1000.000562,1000.000632,1000.000695,1000.000723,1000.000689,1000.000601,1000.000488,1000.000371,1000.000249,0.000000,0.000000,0.000000,0.000000,0.000000
0.000000,0.000000,0.000000,0.000000,1000.000172,1000.000300,1000.000418,1000.000536,1000.000644,1000.000712,1000.000716,1000.000667,1000.000599,1000.000531,1000.000465,1000.000400,1000.000337,1000.000276,1000.000217,1000.000159,1000.000104,1000.000050,999.999997,999.999947,999.999898,999.999851,999.999806,999.999763,999.999721,999.999681,999.999643,999.999607,999.999572,999.999539,999.999508,999.999479,999.999452,999.999426,999.999402,999.999380,999.999360,999.999341,999.999324,999.999309,999.999296,999.999284,999.999274,999.999266,999.999260,999.999256,999.999253,999.999252,999.999253,999.999256,999.999260,999.999266,999.999274,999.999284,999.999296,999.999309,999.999324,999.999341,999.999360,999.999380,999.999402,999.999426,999.999452,999.999479,999.999508,999.999539,999.999572,999.999607,999.999643,999.999681,999.999721,999.999763,999.999806,999.999851,999.999898,999.999947,999.999997,1000.000050,1000.000104,1000.000159,1000.000217,1000.000276,1000.000337,1000.000400,1000.000465,1000.000531,1000.000599,1000.000667,1000.000716,1000.000712,1000.000644,1000.000536,1000.000418,1000.000300,1000.000172,0.000000,0.000000,0.000000,0.000000
0.000000,0.000000,0.000000,0.000000,1000.000219,1000.000342,1000.000461,1000.000579,1000.000677,1000.000721,1000.000699,1000.000638,1000.000568,1000.000501,1000.000435,1000.000370,1000.000308,1000.000247,1000.000187,1000.000130,1000.000074,1000.000020,999.999968,999.999918,999.999869,999.999822,999.999777,999.999733,999.999692,999.999652,999.999614,999.999578,999.999543,999.999510,999.999479,999.999450,999.999422,999.999397,999.999373,999.999351,999.999330,999.999312,999.999295,999.999280,999.999266,999.999255,999.999245,999.999237,999.999231,999.999227,999.999224,999.999223,999.999224,999.999227,999.999231,999.999237,999.999245,999.999255,999.999266,999.999280,999.999295,999.999312,999.999330,999.999351,999.999373,999.999397,999.999422,999.999450,999.999479,999.999510,999.999543,999.999578,999.999614,999.999652,999.999692,999.999733,999.999777,999.999822,999.999869,999.999918,999.999968,1000.000020,1000.000074,1000.000130,1000.000187,1000.000247,1000.000308,1000.000370,1000.000435,1000.000501,1000.000568,1000.000638,1000.000699,1000.000721,1000.000677,1000.000579,1000.000461,1000.000342,1000.000219,0.000000,0.000000,0.000000,0.000000
