0.000000,0.000000,0.000000,0.000000,0.000000,0.000000,0.000000,0.000000,0.000000,0.000000,0.000000,0.000000,0.000000,0.000000,0.000000,0.000000,0.000000,0.000000,0.000000,0.000000,0.000000,0.000000,0.000000,0.000000,0.000000,0.000000,0.000000,0.000000,0.000000,0.000000,0.000000,0.000000,0.000000,0.000000,0.000000,0.000000,0.000000,0.000000,0.000000,0.000000,0.000000,0.000000,0.000000,0.000000,0.000000,0.000000,0.000000,0.000000,0.000000,0.000000,0.000000,0.000000,0.000000,0.000000,0.000000,0.000000,0.000000,0.000000,0.000000,0.000000,0.000000,0.000000,0.000000,0.000000,0.000000,0.000000,0.000000,0.000000,0.000000,0.000000,0.000000,0.000000,0.000000,0.000000,0.000000,0.000000,0.000000,0.000000,0.000000,0.000000,0.000000,0.000000,0.000000,0.000000,0.000000,0.000000,0.000000,0.000000,0.000000,0.000000,0.000000,0.000000,0.000000,0.000000,0.000000,0.000000,0.000000,0.000000,0.000000,0.000000,0.000000,0.000000,0.000000
0.000000,0.000000,0.000000,0.000000,0.000000,0.000000,0.000000,0.000000,0.000000,0.000000,0.000000,0.000000,0.000000,0.000000,0.000000,0.000000,0.000000,0.000000,0.000000,0.000000,0.000000,0.000000,0.000000,0.000000,0.000000,0.000000,0.000000,0.000000,0.000000,0.000000,0.000000,0.000000,0.000000,0.000000,0.000000,0.000000,0.000000,0.000000,0.000000,0.000000,0.000000,0.000000,0.000000,0.000000,0.000000,0.000000,0.000000,0.000000,0.000000,0.000000,0.000000,999.997741,0.000000,0.000000,0.000000,0.000000,0.000000,0.000000,0.000000,0.000000,0.000000,0.000000,0.000000,0.000000,0.000000,0.000000,0.000000,0.000000,0.000000,0.000000,0.000000,0.000000,0.000000,0.000000,0.000000,0.000000,0.000000,0.000000,0.000000,0.000000,0.000000,0.000000,0.000000,0.000000,0.000000,0.000000,0.000000,0.000000,0.000000,0.000000,0.000000,0.000000,0.000000,0.000000,0.000000,0.000000,0.000000,0.000000,0.000000,0.000000,0.000000,0.000000,0.000000
0.000000,0.000000,0.000000,0.000000,0.000000,0.000000,0.000000,0.000000,0.000000,0.000000,0.000000,0.000000,0.000000,0.000000,0.000000,0.000000,0.000000,0.000000,0.000000,0.000000,0.000000,0.000000,0.000000,0.000000,0.000000,0.000000,0.000000,0.000000,0.000000,0.000000,0.000000,0.000000,0.000000,0.000000,0.000000,0.000000,0.000000,0.000000,0.000000,0.000000,0.000000,0.000000,999.995956,999.993749,999.993798,999.994283,999.994815,999.995392,999.995989,999.996883,999.997633,999.997747,999.997836,999.998565,999.999337,999.999809,1000.000172,1000.000476,1000.000812,1000.000760,999.999229,0.000000,0.000000,0.000000,0.000000,0.000000,0.000000,0.000000,0.000000,0.000000,0.000000,0.000000,0.000000,0.000000,0.000000,0.000000,0.000000,0.000000,0.000000,0.000000,0.000000,0.000000,0.000000,0.000000,0.000000,0.000000,0.000000,0.000000,0.000000,0.000000,0.000000,0.000000,0.000000,0.000000,0.000000,0.000000,0.000000,0.000000,0.000000,0.000000,0.000000,0.000000,0.000000
0.000000,0.000000,0.000000,0.000000,0.000000,0.000000,0.000000,0.000000,0.000000,0.000000,0.000000,0.000000,0.000000,0.000000,0.000000,0.000000,0.000000,0.000000,0.000000,0.000000,0.000000,0.000000,0.000000,0.000000,0.000000,0.000000,0.000000,0.000000,0.000000,0.000000,0.000000,0.000000,0.000000,0.000000,0.000000,0.000000,0.000000,999.992490,999.990398,999.990252,999.991324,999.992962,999.995283,999.994750,999.994403,999.994523,999.994984,999.995512,999.996035,999.996617,999.997439,999.997615,999.997845,999.998575,999.999065,999.999472,999.999892,1000.000161,1000.000244,1000.000019,999.999657,1000.001119,1000.002084,1000.002615,1000.002465,1000.001246,0.000000,0.000000,0.000000,0.000000,0.000000,0.000000,0.000000,0.000000,0.000000,0.000000,0.000000,0.000000,0.000000,0.000000,0.000000,0.000000,0.000000,0.000000,0.000000,0.000000,0.000000,0.000000,0.000000,0.000000,0.000000,0.000000,0.000000,0.000000,0.000000,0.000000,0.000000,0.000000,0.000000,0.000000,0.000000,0.000000,0.000000
0.000000,0.000000,0.000000,0.000000,0.000000,0.000000,0.000000,0.000000,0.000000,0.000000,0.000000,0.000000,0.000000,0.000000,0.000000,0.000000,0.000000,0.000000,0.000000,0.000000,0.000000,0.000000,0.000000,0.000000,0.000000,0.000000,0.000000,0.000000,0.000000,0.000000,0.000000,0.000000,0.000000,0.000000,999.990456,999.988923,999.989811,999.991964,999.991589,999.991393,999.991787,999.993210,999.994002,999.994212,999.994423,999.994750,999.995124,999.995585,999.996096,999.996605,999.997114,999.997582,999.998029,999.998489,999.998844,999.999291,999.999655,999.999968,1000.000107,1000.000252,1000.000374,1000.000870,1000.001683,1000.001884,1000.001698,1000.001516,1000.002556,1000.003002,1000.002206,0.000000,0.000000,0.000000,0.000000,0.000000,0.000000,0.000000,0.000000,0.000000,0.000000,0.000000,0.000000,0.000000,0.000000,0.000000,0.000000,0.000000,0.000000,0.000000,0.000000,0.000000,0.000000,0.000000,0.000000,0.000000,0.000000,0.000000,0.000000,0.000000,0.000000,0.000000,0.000000,0.000000,0.000000
0.000000,0.000000,0.000000,0.000000,0.000000,0.000000,0.000000,0.000000,0.000000,0.000000,0.000000,0.000000,0.000000,0.000000,0.000000,0.000000,0.000000,0.000000,0.000000,0.000000,0.000000,0.000000,0.000000,0.000000,0.000000,0.000000,0.000000,0.000000,0.000000,0.000000,0.000000,0.000000,999.989785,999.988402,999.990231,999.990039,999.990645,999.991115,999.991338,999.991739,999.992280,999.992956,999.993424,999.993999,999.994412,999.994806,999.995185,999.995591,999.996149,999.996636,999.997017,999.997502,999.997973,999.998411,999.998828,999.999195,999.999508,999.999819,1000.000037,1000.000305,1000.000649,1000.000927,1000.001341,1000.001583,1000.001769,1000.001860,1000.002086,1000.002342,1000.002258,1000.003032,1000.002376,0.000000,0.000000,0.000000,0.000000,0.000000,0.000000,0.000000,0.000000,0.000000,0.000000,0.000000,0.000000,0.000000,0.000000,0.000000,0.000000,0.000000,0.000000,0.000000,0.000000,0.000000,0.000000,0.000000,0.000000,0.000000,0.000000,0.000000,0.000000,0.000000,0.000000,0.000000,0.000000
0.000000,0.000000,0.000000,0.000000,0.000000,0.000000,0.000000,0.000000,0.000000,0.000000,0.000000,0.000000,0.000000,0.000000,0.000000,0.000000,0.000000,0.000000,0.000000,0.000000,0.000000,0.000000,0.000000,0.000000,0.000000,0.000000,0.000000,0.000000,0.000000,0.000000,999.988331,999.986951,999.989121,999.989688,999.989889,999.990019,999.990511,999.990866,999.991396,999.991869,999.992294,999.992763,999.993350,999.993908,999.994316,999.994744,999.995158,999.995599,999.996105,999.996550,999.997056,999.997452,999.997887,999.998276,999.998779,999.999098,999.999475,999.999730,1000.000054,1000.000314,1000.000642,1000.000912,1000.001234,1000.001481,1000.001696,1000.001889,1000.002047,1000.002255,1000.002326,1000.002430,1000.002626,1000.003526,1000.002954,0.000000,0.000000,0.000000,0.000000,0.000000,0.000000,0.000000,0.000000,0.000000,0.000000,0.000000,0.000000,0.000000,0.000000,0.000000,0.000000,0.000000,0.000000,0.000000,0.000000,0.000000,0.000000,0.000000,0.000000,0.000000,0.000000,0.000000,0.000000,0.000000,0.000000
0.000000,0.000000,0.000000,0.000000,0.000000,0.000000,0.000000,0.000000,0.000000,0.000000,0.000000,0.000000,0.000000,0.000000,0.000000,0.000000,0.000000,0.000000,0.000000,0.000000,0.000000,0.000000,0.000000,0.000000,0.000000,0.000000,0.000000,0.000000,999.986832,999.985629,999.987743,999.988468,999.988827,999.989200,999.989497,999.990055,999.990482,999.990892,999.991362,999.991793,999.992264,999.992763,999.993327,999.993830,999.994242,999.994722,999.995188,999.995688,999.996081,999.996493,999.997064,999.997550,999.997902,999.998285,999.998672,999.999077,999.999423,999.999752,1000.000065,1000.000367,1000.000629,1000.000908,1000.001192,1000.001432,1000.001688,1000.001893,1000.002062,1000.002226,1000.002466,1000.002556,1000.002706,1000.002844,1000.003116,1000.003919,1000.003381,0.000000,0.000000,0.000000,0.000000,0.000000,0.000000,0.000000,0.000000,0.000000,0.000000,0.000000,0.000000,0.000000,0.000000,0.000000,0.000000,0.000000,0.000000,0.000000,0.000000,0.000000,0.000000,0.000000,0.000000,0.000000,0.000000,0.000000,0.000000
0.000000,0.000000,0.000000,0.000000,0.000000,0.000000,0.000000,0.000000,0.000000,0.000000,0.000000,0.000000,0.000000,0.000000,0.000000,0.000000,0.000000,0.000000,0.000000,0.000000,0.000000,0.000000,0.000000,0.000000,0.000000,0.000000,999.985508,999.984583,999.986447,999.987128,999.987579,999.988070,999.988450,999.989044,999.989489,999.989953,999.990343,999.990827,999.991244,999.991729,999.992258,999.992771,999.993254,999.993672,999.994217,999.994678,999.995189,999.995664,999.996079,999.996562,999.996985,999.997452,999.997893,999.998337,999.998666,999.999057,999.999441,999.999746,1000.000072,1000.000369,1000.000655,1000.000942,1000.001177,1000.001411,1000.001635,1000.001879,1000.002072,1000.002225,1000.002379,1000.002598,1000.002782,1000.002948,1000.003113,1000.003281,1000.003535,1000.004207,1000.003786,0.000000,0.000000,0.000000,0.000000,0.000000,0.000000,0.000000,0.000000,0.000000,0.000000,0.000000,0.000000,0.000000,0.000000,0.000000,0.000000,0.000000,0.000000,0.000000,0.000000,0.000000,0.000000,0.000000,0.000000,0.000000,0.000000
0.000000,0.000000,0.000000,0.000000,0.000000,0.000000,0.000000,0.000000,0.000000,0.000000,0.000000,0.000000,0.000000,0.000000,0.000000,0.000000,0.000000,0.000000,0.000000,0.000000,0.000000,0.000000,0.000000,0.000000,999.984661,999.983888,999.985341,999.985951,999.986345,999.986913,999.987326,999.987907,999.988416,999.988878,999.989342,999.989809,999.990251,999.990739,999.991204,999.991701,999.992194,999.992710,999.993185,999.993696,999.994228,999.994692,999.995159,999.995603,999.996139,999.996659,999.997047,999.997392,999.997888,999.998365,999.998735,999.999069,999.999466,999.999754,1000.000084,1000.000373,1000.000674,1000.000952,1000.001227,1000.001481,1000.001675,1000.001891,1000.002084,1000.002270,1000.002425,1000.002642,1000.002776,1000.002948,1000.003189,1000.003331,1000.003490,1000.003640,1000.003840,1000.004319,1000.003980,0.000000,0.000000,0.000000,0.000000,0.000000,0.000000,0.000000,0.000000,0.000000,0.000000,0.000000,0.000000,0.000000,0.000000,0.000000,0.000000,0.000000,0.000000,0.000000,0.000000,0.000000,0.000000,0.000000,0.000000
0.000000,0.000000,0.000000,0.000000,0.000000,0.000000,0.000000,0.000000,0.000000,0.000000,0.000000,0.000000,0.000000,0.000000,0.000000,0.000000,0.000000,0.000000,0.000000,0.000000,0.000000,0.000000,0.000000,999.984866,999.984654,999.984978,999.985392,999.985855,999.986233,999.986855,999.987293,999.987758,999.988276,999.988760,999.989226,999.989702,999.990175,999.990655,999.991144,999.991670,999.992143,999.992634,999.993149,999.993700,999.994176,999.994697,999.995174,999.995671,999.996162,999.996627,999.997055,999.997553,999.997980,999.998354,999.998765,999.999142,999.999442,999.999847,1000.000154,1000.000464,1000.000760,1000.000988,1000.001235,1000.001516,1000.001735,1000.001903,1000.002142,1000.002311,1000.002510,1000.002661,1000.002863,1000.002991,1000.003154,1000.003304,1000.003534,1000.003623,1000.003787,1000.003890,1000.003970,1000.003901,0.000000,0.000000,0.000000,0.000000,0.000000,0.000000,0.000000,0.000000,0.000000,0.000000,0.000000,0.000000,0.000000,0.000000,0.000000,0.000000,0.000000,0.000000,0.000000,0.000000,0.000000,0.000000,0.000000
0.000000,0.000000,0.000000,0.000000,0.000000,0.000000,0.000000,0.000000,0.000000,0.000000,0.000000,0.000000,0.000000,0.000000,0.000000,0.000000,0.000000,0.000000,0.000000,0.000000,0.000000,999.983301,999.982873,999.984472,999.984867,999.985162,999.985364,999.985847,999.986289,999.986712,999.987166,999.987669,999.988223,999.988654,999.989090,999.989577,999.990100,999.990567,999.991051,999.991597,999.992083,999.992643,999.993128,999.993653,999.994140,999.994663,999.995230,999.995724,999.996190,999.996599,999.997113,999.997610,999.998034,999.998358,999.998800,999.999219,999.999538,999.999914,1000.000198,1000.000504,1000.000800,1000.001108,1000.001292,1000.001536,1000.001778,1000.001952,1000.002170,1000.002382,1000.002515,1000.002676,1000.002865,1000.003052,1000.003150,1000.003288,1000.003474,1000.003631,1000.003736,1000.003801,1000.003872,1000.003991,1000.004479,1000.004307,0.000000,0.000000,0.000000,0.000000,0.000000,0.000000,0.000000,0.000000,0.000000,0.000000,0.000000,0.000000,0.000000,0.000000,0.000000,0.000000,0.000000,0.000000,0.000000,0.000000,0.000000
0.000000,0.000000,0.000000,0.000000,0.000000,0.000000,0.000000,0.000000,0.000000,0.000000,0.000000,0.000000,0.000000,0.000000,0.000000,0.000000,0.000000,0.000000,0.000000,0.000000,999.983604,999.983588,999.983928,999.984374,999.984728,999.985088,999.985436,999.985885,999.986267,999.986683,999.987158,999.987678,999.988041,999.988475,999.988989,999.989511,999.990003,999.990488,999.990993,999.991493,999.992028,999.992582,999.993125,999.993661,999.994215,999.994747,999.995220,999.995708,999.996247,999.996738,999.997240,999.997659,999.998064,999.998518,999.998947,999.999306,999.999655,1000.000002,1000.000296,1000.000585,1000.000863,1000.001152,1000.001425,1000.001612,1000.001856,1000.002061,1000.002216,1000.002431,1000.002576,1000.002742,1000.002890,1000.003060,1000.003234,1000.003357,1000.003450,1000.003585,1000.003686,1000.003820,1000.003882,1000.004022,1000.004131,1000.004215,1000.004198,0.000000,0.000000,0.000000,0.000000,0.000000,0.000000,0.000000,0.000000,0.000000,0.000000,0.000000,0.000000,0.000000,0.000000,0.000000,0.000000,0.000000,0.000000,0.000000,0.000000
0.000000,0.000000,0.000000,0.000000,0.000000,0.000000,0.000000,0.000000,0.000000,0.000000,0.000000,0.000000,0.000000,0.000000,0.000000,0.000000,0.000000,0.000000,0.000000,999.983358,999.983597,999.983781,999.984107,999.984323,999.984704,999.985067,999.985487,999.985805,999.986182,999.986637,999.987087,999.987479,999.987886,999.988406,999.988904,999.989397,999.989858,999.990383,999.990935,999.991466,999.992002,999.992525,999.993083,999.993632,999.994213,999.994743,999.995231,999.995791,999.996296,999.996835,999.997302,999.997729,999.998189,999.998654,999.999035,999.999381,999.999733,1000.000106,1000.000438,1000.000741,1000.001009,1000.001258,1000.001507,1000.001729,1000.001943,1000.002171,1000.002309,1000.002470,1000.002682,1000.002792,1000.002962,1000.003076,1000.003221,1000.003385,1000.003463,1000.003589,1000.003691,1000.003801,1000.003889,1000.004000,1000.004077,1000.004139,1000.004168,1000.004266,0.000000,0.000000,0.000000,0.000000,0.000000,0.000000,0.000000,0.000000,0.000000,0.000000,0.000000,0.000000,0.000000,0.000000,0.000000,0.000000,0.000000,0.000000,0.000000
0.000000,0.000000,0.000000,0.000000,0.000000,0.000000,0.000000,0.000000,0.000000,0.000000,0.000000,0.000000,0.000000,0.000000,0.000000,0.000000,0.000000,0.000000,999.983047,999.983370,999.983624,999.983896,999.984167,999.984435,999.984756,999.985120,999.985439,999.985765,999.986177,999.986551,999.986935,999.987328,999.987855,999.988309,999.988784,999.989232,999.989753,999.990250,999.990844,999.991384,999.991939,999.992510,999.993087,999.993638,999.994192,999.994771,999.995353,999.995921,999.996423,999.996894,999.997394,999.997871,999.998336,999.998774,999.999108,999.999536,999.999932,1000.000224,1000.000552,1000.000841,1000.001132,1000.001369,1000.001636,1000.001832,1000.002044,1000.002242,1000.002424,1000.002584,1000.002764,1000.002884,1000.003026,1000.003138,1000.003274,1000.003354,1000.003489,1000.003562,1000.003689,1000.003761,1000.003853,1000.003942,1000.004018,1000.004112,1000.004164,1000.004234,1000.004342,0.000000,0.000000,0.000000,0.000000,0.000000,0.000000,0.000000,0.000000,0.000000,0.000000,0.000000,0.000000,0.000000,0.000000,0.000000,0.000000,0.000000,0.000000
0.000000,0.000000,0.000000,0.000000,0.000000,0.000000,0.000000,0.000000,0.000000,0.000000,0.000000,0.000000,0.000000,0.000000,0.000000,0.000000,0.000000,999.982838,999.983224,999.983461,999.983738,999.984021,999.984239,999.984498,999.984810,999.985079,999.985388,999.985738,999.986098,999.986467,999.986834,999.987267,999.987721,999.988161,999.988589,999.989136,999.989669,999.990176,999.990746,999.991276,999.991870,999.992476,999.993094,999.993665,999.994245,999.994841,999.995415,999.995967,999.996501,999.997035,999.997513,999.998046,999.998467,999.998904,999.999318,999.999736,1000.000104,1000.000409,1000.000712,1000.001031,1000.001282,1000.001527,1000.001747,1000.001998,1000.002162,1000.002356,1000.002527,1000.002680,1000.002828,1000.002957,1000.003116,1000.003204,1000.003330,1000.003433,1000.003552,1000.003645,1000.003694,1000.003785,1000.003877,1000.003916,1000.004005,1000.004042,1000.004143,1000.004193,1000.004278,1000.004389,0.000000,0.000000,0.000000,0.000000,0.000000,0.000000,0.000000,0.000000,0.000000,0.000000,0.000000,0.000000,0.000000,0.000000,0.000000,0.000000,0.000000
0.000000,0.000000,0.000000,0.000000,0.000000,0.000000,0.000000,0.000000,0.000000,0.000000,0.000000,0.000000,0.000000,0.000000,0.000000,0.000000,999.982757,999.983095,999.983320,999.983539,999.983820,999.984054,999.984250,999.984527,999.984810,999.985060,999.985362,999.985659,999.985997,999.986341,999.986739,999.987151,999.987555,999.987951,999.988445,999.989016,999.989493,999.990043,999.990629,999.991213,999.991833,999.992437,999.993039,999.993659,999.994301,999.994897,999.995488,999.996056,999.996650,999.997187,999.997714,999.998199,999.998661,999.999101,999.999520,999.999879,1000.000204,1000.000581,1000.000904,1000.001198,1000.001466,1000.001718,1000.001923,1000.002157,1000.002338,1000.002504,1000.002684,1000.002789,1000.002948,1000.003073,1000.003165,1000.003301,1000.003374,1000.003457,1000.003549,1000.003642,1000.003731,1000.003790,1000.003851,1000.003921,1000.004015,1000.004057,1000.004101,1000.004175,1000.004230,1000.004305,1000.004408,0.000000,0.000000,0.000000,0.000000,0.000000,0.000000,0.000000,0.000000,0.000000,0.000000,0.000000,0.000000,0.000000,0.000000,0.000000,0.000000
0.000000,0.000000,0.000000,0.000000,0.000000,0.000000,0.000000,0.000000,0.000000,0.000000,0.000000,0.000000,0.000000,0.000000,0.000000,999.982838,999.983095,999.983295,999.983516,999.983728,999.983937,999.984118,999.984339,999.984591,999.984806,999.985036,999.985300,999.985615,999.985897,999.986197,999.986569,999.986944,999.987362,999.987803,999.988343,999.988800,999.989299,999.989906,999.990524,999.991111,999.991749,999.992388,999.993032,999.993688,999.994364,999.994963,999.995612,999.996197,999.996786,999.997344,999.997882,999.998350,999.998861,999.999323,999.999753,1000.000124,1000.000490,1000.000823,1000.001155,1000.001376,1000.001644,1000.001883,1000.002115,1000.002300,1000.002466,1000.002643,1000.002784,1000.002928,1000.003058,1000.003185,1000.003284,1000.003351,1000.003497,1000.003551,1000.003617,1000.003664,1000.003744,1000.003822,1000.003875,1000.003909,1000.003955,1000.004035,1000.004088,1000.004154,1000.004211,1000.004254,1000.004314,1000.004403,0.000000,0.000000,0.000000,0.000000,0.000000,0.000000,0.000000,0.000000,0.000000,0.000000,0.000000,0.000000,0.000000,0.000000,0.000000
0.000000,0.000000,0.000000,0.000000,0.000000,0.000000,0.000000,0.000000,0.000000,0.000000,0.000000,0.000000,0.000000,0.000000,999.983047,999.983224,999.983320,999.983516,999.983652,999.983807,999.984023,999.984168,999.984403,999.984603,999.984764,999.984974,999.985267,999.985498,999.985762,999.986068,999.986443,999.986774,999.987158,999.987635,999.988093,999.988587,999.989135,999.989802,999.990360,999.990969,999.991670,999.992350,999.993028,999.993731,999.994407,999.995069,999.995739,999.996385,999.996948,999.997572,999.998116,999.998641,999.999093,999.999513,999.999958,1000.000359,1000.000734,1000.001039,1000.001340,1000.001643,1000.001887,1000.002111,1000.002313,1000.002505,1000.002671,1000.002825,1000.002974,1000.003095,1000.003182,1000.003286,1000.003394,1000.003445,1000.003516,1000.003638,1000.003668,1000.003735,1000.003769,1000.003819,1000.003888,1000.003942,1000.003966,1000.003996,1000.004044,1000.004114,1000.004168,1000.004211,1000.004221,1000.004290,1000.004358,0.000000,0.000000,0.000000,0.000000,0.000000,0.000000,0.000000,0.000000,0.000000,0.000000,0.000000,0.000000,0.000000,0.000000
0.000000,0.000000,0.000000,0.000000,0.000000,0.000000,0.000000,0.000000,0.000000,0.000000,0.000000,0.000000,0.000000,999.983358,999.983370,999.983461,999.983539,999.983728,999.983807,999.984014,999.984162,999.984278,999.984489,999.984607,999.984739,999.984976,999.985183,999.985314,999.985597,999.985933,999.986224,999.986515,999.986955,999.987358,999.987860,999.988364,999.988963,999.989549,999.990157,999.990862,999.991605,999.992301,999.992990,999.993770,999.994458,999.995186,999.995864,999.996530,999.997158,999.997764,999.998308,999.998885,999.999390,999.999836,1000.000258,1000.000647,1000.001008,1000.001311,1000.001595,1000.001868,1000.002138,1000.002354,1000.002529,1000.002701,1000.002896,1000.003004,1000.003145,1000.003267,1000.003335,1000.003421,1000.003507,1000.003619,1000.003604,1000.003674,1000.003736,1000.003808,1000.003852,1000.003852,1000.003911,1000.003925,1000.003966,1000.004008,1000.004001,1000.004039,1000.004110,1000.004173,1000.004204,1000.004225,1000.004255,1000.004273,0.000000,0.000000,0.000000,0.000000,0.000000,0.000000,0.000000,0.000000,0.000000,0.000000,0.000000,0.000000,0.000000
0.000000,0.000000,0.000000,0.000000,0.000000,0.000000,0.000000,0.000000,0.000000,0.000000,0.000000,0.000000,999.983604,999.983597,999.983624,999.983738,999.983820,999.983937,999.984023,999.984162,999.984269,999.984329,999.984484,999.984554,999.984723,999.984922,999.985046,999.985251,999.985500,999.985708,999.985908,999.986294,999.986697,999.987091,999.987561,999.988070,999.988685,999.989283,999.989985,999.990729,999.991458,999.992209,999.993013,999.993814,999.994560,999.995337,999.996074,999.996766,999.997453,999.998077,999.998609,999.999154,999.999659,1000.000151,1000.000571,1000.000940,1000.001313,1000.001634,1000.001929,1000.002170,1000.002387,1000.002604,1000.002777,1000.002942,1000.003068,1000.003211,1000.003281,1000.003407,1000.003503,1000.003585,1000.003621,1000.003688,1000.003773,1000.003789,1000.003785,1000.003819,1000.003878,1000.003883,1000.003900,1000.003976,1000.003965,1000.004014,1000.004055,1000.004042,1000.004055,1000.004095,1000.004144,1000.004180,1000.004172,1000.004217,1000.004229,0.000000,0.000000,0.000000,0.000000,0.000000,0.000000,0.000000,0.000000,0.000000,0.000000,0.000000,0.000000
0.000000,0.000000,0.000000,0.000000,0.000000,0.000000,0.000000,0.000000,0.000000,0.000000,0.000000,999.983301,999.983588,999.983781,999.983896,999.984021,999.984054,999.984118,999.984168,999.984278,999.984329,999.984429,999.984570,999.984608,999.984769,999.984822,999.984916,999.985068,999.985227,999.985415,999.985696,999.986024,999.986335,999.986735,999.987182,999.987788,999.988350,999.989036,999.989751,999.990532,999.991297,999.992165,999.993020,999.993836,999.994661,999.995471,999.996230,999.996984,999.997683,999.998334,999.998985,999.999548,1000.000057,1000.000484,1000.000912,1000.001268,1000.001625,1000.001938,1000.002214,1000.002477,1000.002686,1000.002851,1000.003067,1000.003196,1000.003320,1000.003444,1000.003540,1000.003589,1000.003668,1000.003745,1000.003782,1000.003781,1000.003847,1000.003901,1000.003921,1000.003897,1000.003917,1000.003945,1000.003928,1000.003953,1000.003963,1000.003972,1000.003999,1000.004008,1000.004004,1000.004054,1000.004083,1000.004091,1000.004141,1000.004169,1000.004269,1000.004324,0.000000,0.000000,0.000000,0.000000,0.000000,0.000000,0.000000,0.000000,0.000000,0.000000,0.000000
0.000000,0.000000,0.000000,0.000000,0.000000,0.000000,0.000000,0.000000,0.000000,0.000000,0.000000,999.982873,999.983928,999.984107,999.984167,999.984239,999.984250,999.984339,999.984403,999.984489,999.984484,999.984570,999.984559,999.984550,999.984671,999.984657,999.984768,999.984925,999.985040,999.985201,999.985433,999.985646,999.985931,999.986345,999.986835,999.987387,999.987969,999.988686,999.989471,999.990299,999.991163,999.992078,999.992995,999.993906,999.994814,999.995707,999.996522,999.997328,999.998017,999.998674,999.999299,999.999873,1000.000397,1000.000872,1000.001323,1000.001699,1000.002037,1000.002313,1000.002576,1000.002787,1000.003014,1000.003188,1000.003339,1000.003463,1000.003565,1000.003671,1000.003753,1000.003801,1000.003846,1000.003884,1000.003954,1000.003956,1000.003950,1000.003946,1000.003994,1000.004004,1000.004017,1000.003990,1000.003998,1000.004011,1000.003988,1000.003965,1000.004021,1000.004000,1000.003981,1000.003989,1000.004049,1000.004034,1000.004068,1000.004106,1000.004153,1000.004493,0.000000,0.000000,0.000000,0.000000,0.000000,0.000000,0.000000,0.000000,0.000000,0.000000,0.000000
0.000000,0.000000,0.000000,0.000000,0.000000,0.000000,0.000000,0.000000,0.000000,0.000000,999.984866,999.984472,999.984374,999.984323,999.984435,999.984498,999.984527,999.984591,999.984603,999.984607,999.984554,999.984608,999.984550,999.984611,999.984704,999.984664,999.984705,999.984726,999.984691,999.984821,999.984970,999.985169,999.985494,999.985882,999.986334,999.986856,999.987533,999.988282,999.989125,999.990018,999.990983,999.991975,999.992982,999.993974,999.994958,999.995895,999.996774,999.997639,999.998423,999.999167,999.999805,1000.000353,1000.000852,1000.001314,1000.001738,1000.002094,1000.002426,1000.002707,1000.002961,1000.003161,1000.003352,1000.003523,1000.003628,1000.003752,1000.003843,1000.003899,1000.003988,1000.004024,1000.004060,1000.004047,1000.004065,1000.004099,1000.004092,1000.004083,1000.004059,1000.004043,1000.004033,1000.004024,1000.003982,1000.003983,1000.003992,1000.003963,1000.003937,1000.003980,1000.003979,1000.003968,1000.003951,1000.003968,1000.004010,1000.004073,1000.004035,1000.004045,1000.003962,0.000000,0.000000,0.000000,0.000000,0.000000,0.000000,0.000000,0.000000,0.000000,0.000000
0.000000,0.000000,0.000000,0.000000,0.000000,0.000000,0.000000,0.000000,0.000000,999.984661,999.984654,999.984867,999.984728,999.984704,999.984756,999.984810,999.984810,999.984806,999.984764,999.984739,999.984723,999.984769,999.984671,999.984704,999.984605,999.984358,999.984422,999.984374,999.984440,999.984536,999.984625,999.984752,999.984990,999.985313,999.985710,999.986283,999.986996,999.987803,999.988667,999.989693,999.990768,999.991883,999.993001,999.994103,999.995205,999.996218,999.997149,999.997997,999.998793,999.999532,1000.000214,1000.000816,1000.001392,1000.001821,1000.002218,1000.002562,1000.002869,1000.003138,1000.003370,1000.003569,1000.003720,1000.003851,1000.003964,1000.004054,1000.004134,1000.004152,1000.004219,1000.004260,1000.004265,1000.004264,1000.004264,1000.004234,1000.004243,1000.004198,1000.004179,1000.004145,1000.004119,1000.004100,1000.004039,1000.004063,1000.003998,1000.003995,1000.003952,1000.003928,1000.003910,1000.003904,1000.003917,1000.003920,1000.003929,1000.003932,1000.003967,1000.003983,1000.004038,1000.004023,0.000000,0.000000,0.000000,0.000000,0.000000,0.000000,0.000000,0.000000,0.000000
0.000000,0.000000,0.000000,0.000000,0.000000,0.000000,0.000000,0.000000,0.000000,999.983888,999.984978,999.985162,999.985088,999.985067,999.985120,999.985079,999.985060,999.985036,999.984974,999.984976,999.984922,999.984822,999.984657,999.984664,999.984358,999.984368,999.984497,999.984269,999.984199,999.984088,999.983999,999.984084,999.984302,999.984550,999.985019,999.985592,999.986326,999.987183,999.988190,999.989312,999.990501,999.991716,999.992982,999.994199,999.995383,999.996536,999.997609,999.998583,999.999435,1000.000183,1000.000800,1000.001363,1000.001873,1000.002346,1000.002744,1000.003084,1000.003360,1000.003607,1000.003805,1000.003983,1000.004113,1000.004240,1000.004318,1000.004397,1000.004433,1000.004477,1000.004459,1000.004470,1000.004466,1000.004452,1000.004432,1000.004397,1000.004350,1000.004325,1000.004281,1000.004229,1000.004176,1000.004160,1000.004078,1000.004008,1000.004013,1000.003969,1000.003934,1000.003943,1000.003903,1000.003870,1000.003855,1000.003864,1000.003837,1000.003867,1000.003850,1000.003892,1000.003976,1000.004342,0.000000,0.000000,0.000000,0.000000,0.000000,0.000000,0.000000,0.000000,0.000000
0.000000,0.000000,0.000000,0.000000,0.000000,0.000000,0.000000,0.000000,999.985508,999.985341,999.985392,999.985364,999.985436,999.985487,999.985439,999.985388,999.985362,999.985300,999.985267,999.985183,999.985046,999.984916,999.984768,999.984705,999.984422,999.984497,999.984167,999.983656,999.983628,999.983493,999.983470,999.983575,999.983627,999.983816,999.984199,999.984737,999.985454,999.986392,999.987548,999.988810,999.990198,999.991617,999.993083,999.994496,999.995771,999.996932,999.998022,999.999009,999.999930,1000.000755,1000.001459,1000.002046,1000.002524,1000.002966,1000.003308,1000.003639,1000.003878,1000.004119,1000.004279,1000.004422,1000.004517,1000.004623,1000.004680,1000.004734,1000.004745,1000.004750,1000.004756,1000.004724,1000.004696,1000.004635,1000.004600,1000.004550,1000.004491,1000.004413,1000.004388,1000.004325,1000.004243,1000.004177,1000.004170,1000.004094,1000.004002,1000.003958,1000.003902,1000.003870,1000.003864,1000.003788,1000.003789,1000.003796,1000.003773,1000.003766,1000.003816,1000.003802,1000.003863,1000.003876,1000.003886,0.000000,0.000000,0.000000,0.000000,0.000000,0.000000,0.000000,0.000000
0.000000,0.000000,0.000000,0.000000,0.000000,0.000000,0.000000,0.000000,999.984583,999.985951,999.985855,999.985847,999.985885,999.985805,999.985765,999.985738,999.985659,999.985615,999.985498,999.985314,999.985251,999.985068,999.984925,999.984726,999.984374,999.984269,999.983656,999.983529,999.983686,999.983229,999.982966,999.982730,999.982542,999.982685,999.983054,999.983609,999.984445,999.985525,999.986779,999.988211,999.989803,999.991411,999.993030,999.994662,999.996203,999.997586,999.998831,999.999856,1000.000693,1000.001431,1000.002118,1000.002718,1000.003217,1000.003637,1000.003941,1000.004223,1000.004451,1000.004647,1000.004789,1000.004908,1000.004991,1000.005027,1000.005059,1000.005078,1000.005086,1000.005049,1000.005020,1000.004990,1000.004938,1000.004874,1000.004796,1000.004729,1000.004663,1000.004568,1000.004456,1000.004400,1000.004311,1000.004221,1000.004146,1000.004106,1000.004049,1000.003961,1000.003931,1000.003839,1000.003831,1000.003764,1000.003736,1000.003722,1000.003688,1000.003666,1000.003690,1000.003719,1000.003755,1000.003709,1000.004230,0.000000,0.000000,0.000000,0.000000,0.000000,0.000000,0.000000,0.000000
0.000000,0.000000,0.000000,0.000000,0.000000,0.000000,0.000000,999.986832,999.986447,999.986345,999.986233,999.986289,999.986267,999.986182,999.986177,999.986098,999.985997,999.985897,999.985762,999.985597,999.985500,999.985227,999.985040,999.984691,999.984440,999.984199,999.983628,999.983686,999.983082,999.982094,999.981924,999.981681,999.981569,999.981725,999.981932,999.982375,999.983170,999.984286,999.985784,999.987523,999.989470,999.991458,999.993296,999.995036,999.996633,999.998087,999.999404,1000.000617,1000.001585,1000.002365,1000.002992,1000.003529,1000.003969,1000.004328,1000.004650,1000.004888,1000.005074,1000.005199,1000.005309,1000.005402,1000.005471,1000.005480,1000.005464,1000.005448,1000.005431,1000.005380,1000.005291,1000.005254,1000.005149,1000.005086,1000.004989,1000.004883,1000.004776,1000.004702,1000.004595,1000.004492,1000.004418,1000.004315,1000.004195,1000.004097,1000.004022,1000.003934,1000.003874,1000.003813,1000.003755,1000.003723,1000.003666,1000.003638,1000.003586,1000.003592,1000.003577,1000.003554,1000.003662,1000.003624,1000.003618,1000.003502,0.000000,0.000000,0.000000,0.000000,0.000000,0.000000,0.000000
0.000000,0.000000,0.000000,0.000000,0.000000,0.000000,0.000000,999.985629,999.987128,999.986913,999.986855,999.986712,999.986683,999.986637,999.986551,999.986467,999.986341,999.986197,999.986068,999.985933,999.985708,999.985415,999.985201,999.984821,999.984536,999.984088,999.983493,999.983229,999.982094,999.981667,999.981859,999.981098,999.980541,999.980229,999.980035,999.980412,999.981460,999.982818,999.984573,999.986581,999.988754,999.991171,999.993543,999.995714,999.997654,999.999247,1000.000439,1000.001510,1000.002488,1000.003274,1000.003914,1000.004412,1000.004794,1000.005103,1000.005356,1000.005572,1000.005713,1000.005818,1000.005875,1000.005913,1000.005916,1000.005929,1000.005897,1000.005836,1000.005784,1000.005696,1000.005600,1000.005504,1000.005408,1000.005285,1000.005182,1000.005048,1000.004921,1000.004817,1000.004680,1000.004565,1000.004423,1000.004355,1000.004258,1000.004139,1000.004038,1000.003970,1000.003870,1000.003753,1000.003728,1000.003665,1000.003583,1000.003555,1000.003536,1000.003502,1000.003479,1000.003417,1000.003447,1000.003460,1000.003404,1000.003985,0.000000,0.000000,0.000000,0.000000,0.000000,0.000000,0.000000
0.000000,0.000000,0.000000,0.000000,0.000000,0.000000,999.988331,999.987743,999.987579,999.987326,999.987293,999.987166,999.987158,999.987087,999.986935,999.986834,999.986739,999.986569,999.986443,999.986224,999.985908,999.985696,999.985433,999.984970,999.984625,999.983999,999.983470,999.982966,999.981924,999.981859,999.980908,999.979078,999.978547,999.978166,999.978086,999.978685,999.979502,999.980833,999.983001,999.985598,999.988405,999.991197,999.993833,999.996184,999.998322,1000.000257,1000.001769,1000.002854,1000.003717,1000.004381,1000.004953,1000.005370,1000.005715,1000.005984,1000.006154,1000.006304,1000.006381,1000.006467,1000.006484,1000.006475,1000.006425,1000.006395,1000.006323,1000.006237,1000.006134,1000.006045,1000.005910,1000.005789,1000.005647,1000.005499,1000.005379,1000.005249,1000.005071,1000.004961,1000.004809,1000.004654,1000.004523,1000.004357,1000.004252,1000.004139,1000.004030,1000.003903,1000.003839,1000.003708,1000.003626,1000.003607,1000.003496,1000.003445,1000.003439,1000.003370,1000.003378,1000.003335,1000.003335,1000.003348,1000.003271,1000.003271,1000.003159,0.000000,0.000000,0.000000,0.000000,0.000000,0.000000
0.000000,0.000000,0.000000,0.000000,0.000000,0.000000,999.986951,999.988468,999.988070,999.987907,999.987758,999.987669,999.987678,999.987479,999.987328,999.987267,999.987151,999.986944,999.986774,999.986515,999.986294,999.986024,999.985646,999.985169,999.984752,999.984084,999.983575,999.982730,999.981681,999.981098,999.979078,999.977918,999.978039,999.976938,999.976049,999.975810,999.976464,999.978174,999.980787,999.984280,999.987926,999.991534,999.994991,999.997810,999.999863,1000.001573,1000.003062,1000.004194,1000.005012,1000.005639,1000.006097,1000.006438,1000.006692,1000.006885,1000.007007,1000.007073,1000.007105,1000.007108,1000.007080,1000.007028,1000.006952,1000.006874,1000.006753,1000.006639,1000.006496,1000.006375,1000.006217,1000.006053,1000.005925,1000.005727,1000.005545,1000.005399,1000.005225,1000.005041,1000.004899,1000.004734,1000.004599,1000.004453,1000.004278,1000.004142,1000.004038,1000.003925,1000.003796,1000.003707,1000.003595,1000.003526,1000.003430,1000.003332,1000.003334,1000.003245,1000.003229,1000.003208,1000.003189,1000.003131,1000.003113,1000.003038,1000.003626,0.000000,0.000000,0.000000,0.000000,0.000000,0.000000
0.000000,0.000000,0.000000,0.000000,0.000000,999.989785,999.989121,999.988827,999.988450,999.988416,999.988276,999.988223,999.988041,999.987886,999.987855,999.987721,999.987555,999.987362,999.987158,999.986955,999.986697,999.986335,999.985931,999.985494,999.984990,999.984302,999.983627,999.982542,999.981569,999.980541,999.978547,999.978039,999.976539,999.973148,999.971813,999.971688,999.972166,999.974440,999.977884,999.982043,999.986919,999.991604,999.995737,999.999325,1000.002004,1000.003731,1000.004974,1000.005856,1000.006560,1000.007031,1000.007378,1000.007600,1000.007750,1000.007828,1000.007867,1000.007871,1000.007843,1000.007786,1000.007702,1000.007612,1000.007485,1000.007355,1000.007223,1000.007059,1000.006895,1000.006704,1000.006537,1000.006301,1000.006146,1000.005975,1000.005741,1000.005564,1000.005359,1000.005186,1000.004979,1000.004804,1000.004631,1000.004472,1000.004304,1000.004144,1000.003974,1000.003846,1000.003750,1000.003652,1000.003510,1000.003425,1000.003405,1000.003265,1000.003216,1000.003147,1000.003092,1000.003063,1000.003029,1000.003021,1000.003005,1000.002904,1000.002828,1000.002625,0.000000,0.000000,0.000000,0.000000,0.000000
0.000000,0.000000,0.000000,0.000000,0.000000,999.988402,999.989688,999.989200,999.989044,999.988878,999.988760,999.988654,999.988475,999.988406,999.988309,999.988161,999.987951,999.987803,999.987635,999.987358,999.987091,999.986735,999.986345,999.985882,999.985313,999.984550,999.983816,999.982685,999.981725,999.980229,999.978166,999.976938,999.973148,999.970092,999.969322,999.967596,999.968025,999.970649,999.974851,999.981183,999.987625,999.993380,999.998122,1000.001600,1000.004221,1000.005985,1000.007112,1000.007806,1000.008275,1000.008551,1000.008707,1000.008807,1000.008854,1000.008827,1000.008772,1000.008705,1000.008592,1000.008486,1000.008355,1000.008211,1000.008043,1000.007839,1000.007675,1000.007468,1000.007256,1000.007053,1000.006872,1000.006621,1000.006371,1000.006184,1000.005945,1000.005716,1000.005506,1000.005278,1000.005089,1000.004857,1000.004664,1000.004498,1000.004314,1000.004170,1000.004001,1000.003824,1000.003690,1000.003580,1000.003411,1000.003320,1000.003258,1000.003141,1000.003093,1000.003032,1000.002980,1000.002917,1000.002873,1000.002863,1000.002803,1000.002801,1000.002661,1000.003223,0.000000,0.000000,0.000000,0.000000,0.000000
0.000000,0.000000,0.000000,0.000000,999.990456,999.990231,999.989889,999.989497,999.989489,999.989342,999.989226,999.989090,999.988989,999.988904,999.988784,999.988589,999.988445,999.988343,999.988093,999.987860,999.987561,999.987182,999.986835,999.986334,999.985710,999.985019,999.984199,999.983054,999.981932,999.980035,999.978086,999.976049,999.971813,999.969322,999.965594,999.960047,999.958048,999.960082,999.966898,999.976528,999.986948,999.996317,1000.002464,1000.005809,1000.007765,1000.008891,1000.009588,1000.009958,1000.010131,1000.010174,1000.010148,1000.010083,1000.009976,1000.009838,1000.009717,1000.009551,1000.009382,1000.009181,1000.008991,1000.008787,1000.008588,1000.008356,1000.008132,1000.007906,1000.007645,1000.007376,1000.007155,1000.006906,1000.006624,1000.006370,1000.006139,1000.005879,1000.005634,1000.005383,1000.005153,1000.004962,1000.004708,1000.004492,1000.004299,1000.004118,1000.003959,1000.003785,1000.003624,1000.003512,1000.003392,1000.003238,1000.003167,1000.003054,1000.002943,1000.002885,1000.002860,1000.002801,1000.002732,1000.002743,1000.002643,1000.002681,1000.002578,1000.002508,1000.002461,0.000000,0.000000,0.000000,0.000000
0.000000,0.000000,0.000000,0.000000,999.988923,999.990039,999.990019,999.990055,999.989953,999.989809,999.989702,999.989577,999.989511,999.989397,999.989232,999.989136,999.989016,999.988800,999.988587,999.988364,999.988070,999.987788,999.987387,999.986856,999.986283,999.985592,999.984737,999.983609,999.982375,999.980412,999.978685,999.975810,999.971688,999.967596,999.960047,999.948793,999.943860,999.949984,999.960636,999.974321,999.990168,1000.001693,1000.007532,1000.010756,1000.011947,1000.012326,1000.012380,1000.012272,1000.012079,1000.011855,1000.011638,1000.011374,1000.011120,1000.010872,1000.010653,1000.010387,1000.010156,1000.009916,1000.009648,1000.009386,1000.009128,1000.008862,1000.008582,1000.008306,1000.008050,1000.007734,1000.007441,1000.007168,1000.006885,1000.006578,1000.006296,1000.006038,1000.005752,1000.005483,1000.005215,1000.004979,1000.004768,1000.004506,1000.004291,1000.004100,1000.003911,1000.003709,1000.003552,1000.003402,1000.003275,1000.003141,1000.003013,1000.002932,1000.002869,1000.002737,1000.002673,1000.002630,1000.002605,1000.002562,1000.002516,1000.002536,1000.002521,1000.002613,1000.003148,0.000000,0.000000,0.000000,0.000000
