0.000000,0.000000,0.000000,0.000000,0.000000,0.000000,0.000000,0.000000,0.000000,0.000000,0.000000,0.000000,0.000000,0.000000,0.000000,0.000000,0.000000,0.000000,0.000000,0.000000,0.000000,0.000000,0.000000,0.000000,0.000000,0.000000,0.000000,0.000000,0.000000,0.000000,0.000000,0.000000,0.000000,0.000000,0.000000,0.000000,0.000000,0.000000,0.000000,0.000000,0.000000,0.000000,0.000000,0.000000,0.000000,0.000000,0.000000,0.000000,0.000000,0.000000,0.000000,0.000000,0.000000,0.000000,0.000000,0.000000,0.000000,0.000000,0.000000,0.000000,0.000000,0.000000,0.000000,0.000000,0.000000,0.000000,0.000000,0.000000,0.000000,0.000000,0.000000,0.000000,0.000000,0.000000,0.000000,0.000000,0.000000,0.000000,0.000000,0.000000,0.000000,0.000000,0.000000,0.000000,0.000000,0.000000,0.000000,0.000000,0.000000,0.000000,0.000000,0.000000,0.000000,0.000000,0.000000,0.000000,0.000000,0.000000,0.000000,0.000000,0.000000,0.000000,0.000000
0.000000,0.000000,0.000000,0.000000,0.000000,0.000000,0.000000,0.000000,0.000000,0.000000,0.000000,0.000000,0.000000,0.000000,0.000000,0.000000,0.000000,0.000000,0.000000,0.000000,0.000000,0.000000,0.000000,0.000000,0.000000,0.000000,0.000000,0.000000,0.000000,0.000000,0.000000,0.000000,0.000000,0.000000,0.000000,0.000000,0.000000,0.000000,0.000000,0.000000,0.000000,0.000000,0.000000,0.000000,0.000000,0.000000,0.000000,0.000000,0.000000,0.000000,0.000000,1000.000099,0.000000,0.000000,0.000000,0.000000,0.000000,0.000000,0.000000,0.000000,0.000000,0.000000,0.000000,0.000000,0.000000,0.000000,0.000000,0.000000,0.000000,0.000000,0.000000,0.000000,0.000000,0.000000,0.000000,0.000000,0.000000,0.000000,0.000000,0.000000,0.000000,0.000000,0.000000,0.000000,0.000000,0.000000,0.000000,0.000000,0.000000,0.000000,0.000000,0.000000,0.000000,0.000000,0.000000,0.000000,0.000000,0.000000,0.000000,0.000000,0.000000,0.000000,0.000000
0.000000,0.000000,0.000000,0.000000,0.000000,0.000000,0.000000,0.000000,0.000000,0.000000,0.000000,0.000000,0.000000,0.000000,0.000000,0.000000,0.000000,0.000000,0.000000,0.000000,0.000000,0.000000,0.000000,0.000000,0.000000,0.000000,0.000000,0.000000,0.000000,0.000000,0.000000,0.000000,0.000000,0.000000,0.000000,0.000000,0.000000,0.000000,0.000000,0.000000,0.000000,0.000000,1000.000181,1000.000210,1000.000225,1000.000233,1000.000237,1000.000238,1000.000239,1000.000237,1000.000236,1000.000243,1000.000236,1000.000237,1000.000239,1000.000238,1000.000237,1000.000233,1000.000225,1000.000210,1000.000181,0.000000,0.000000,0.000000,0.000000,0.000000,0.000000,0.000000,0.000000,0.000000,0.000000,0.000000,0.000000,0.000000,0.000000,0.000000,0.000000,0.000000,0.000000,0.000000,0.000000,0.000000,0.000000,0.000000,0.000000,0.000000,0.000000,0.000000,0.000000,0.000000,0.000000,0.000000,0.000000,0.000000,0.000000,0.000000,0.000000,0.000000,0.000000,0.000000,0.000000,0.000000,0.000000
0.000000,0.000000,0.000000,0.000000,0.000000,0.000000,0.000000,0.000000,0.000000,0.000000,0.000000,0.000000,0.000000,0.000000,0.000000,0.000000,0.000000,0.000000,0.000000,0.000000,0.000000,0.000000,0.000000,0.000000,0.000000,0.000000,0.000000,0.000000,0.000000,0.000000,0.000000,0.000000,0.000000,0.000000,0.000000,0.000000,0.000000,1000.000174,1000.000217,1000.000252,1000.000279,1000.000302,1000.000323,1000.000342,1000.000357,1000.000367,1000.000372,1000.000375,1000.000376,1000.000377,1000.000376,1000.000377,1000.000376,1000.000377,1000.000376,1000.000375,1000.000372,1000.000367,1000.000357,1000.000342,1000.000323,1000.000302,1000.000279,1000.000252,1000.000217,1000.000174,0.000000,0.000000,0.000000,0.000000,0.000000,0.000000,0.000000,0.000000,0.000000,0.000000,0.000000,0.000000,0.000000,0.000000,0.000000,0.000000,0.000000,0.000000,0.000000,0.000000,0.000000,0.000000,0.000000,0.000000,0.000000,0.000000,0.000000,0.000000,0.000000,0.000000,0.000000,0.000000,0.000000,0.000000,0.000000,0.000000,0.000000
0.000000,0.000000,0.000000,0.000000,0.000000,0.000000,0.000000,0.000000,0.000000,0.000000,0.000000,0.000000,0.000000,0.000000,0.000000,0.000000,0.000000,0.000000,0.000000,0.000000,0.000000,0.000000,0.000000,0.000000,0.000000,0.000000,0.000000,0.000000,0.000000,0.000000,0.000000,0.000000,0.000000,0.000000,1000.000181,1000.000231,1000.000272,1000.000313,1000.000348,1000.000380,1000.000410,1000.000435,1000.000458,1000.000477,1000.000491,1000.000499,1000.000505,1000.000508,1000.000509,1000.000510,1000.000510,1000.000510,1000.000510,1000.000510,1000.000509,1000.000508,1000.000505,1000.000499,1000.000491,1000.000477,1000.000458,1000.000435,1000.000410,1000.000380,1000.000348,1000.000313,1000.000272,1000.000231,1000.000181,0.000000,0.000000,0.000000,0.000000,0.000000,0.000000,0.000000,0.000000,0.000000,0.000000,0.000000,0.000000,0.000000,0.000000,0.000000,0.000000,0.000000,0.000000,0.000000,0.000000,0.000000,0.000000,0.000000,0.000000,0.000000,0.000000,0.000000,0.000000,0.000000,0.000000,0.000000,0.000000,0.000000,0.000000
0.000000,0.000000,0.000000,0.000000,0.000000,0.000000,0.000000,0.000000,0.000000,0.000000,0.000000,0.000000,0.000000,0.000000,0.000000,0.000000,0.000000,0.000000,0.000000,0.000000,0.000000,0.000000,0.000000,0.000000,0.000000,0.000000,0.000000,0.000000,0.000000,0.000000,0.000000,0.000000,1000.000207,1000.000262,1000.000316,1000.000360,1000.000401,1000.000441,1000.000477,1000.000509,1000.000538,1000.000566,1000.000590,1000.000609,1000.000621,1000.000628,1000.000632,1000.000634,1000.000635,1000.000636,1000.000636,1000.000636,1000.000636,1000.000636,1000.000635,1000.000634,1000.000632,1000.000628,1000.000621,1000.000609,1000.000590,1000.000566,1000.000538,1000.000509,1000.000477,1000.000441,1000.000401,1000.000360,1000.000316,1000.000262,1000.000207,0.000000,0.000000,0.000000,0.000000,0.000000,0.000000,0.000000,0.000000,0.000000,0.000000,0.000000,0.000000,0.000000,0.000000,0.000000,0.000000,0.000000,0.000000,0.000000,0.000000,0.000000,0.000000,0.000000,0.000000,0.000000,0.000000,0.000000,0.000000,0.000000,0.000000,0.000000,0.000000
0.000000,0.000000,0.000000,0.000000,0.000000,0.000000,0.000000,0.000000,0.000000,0.000000,0.000000,0.000000,0.000000,0.000000,0.000000,0.000000,0.000000,0.000000,0.000000,0.000000,0.000000,0.000000,0.000000,0.000000,0.000000,0.000000,0.000000,0.000000,0.000000,0.000000,1000.000217,1000.000279,1000.000340,1000.000391,1000.000440,1000.000485,1000.000529,1000.000569,1000.000603,1000.000633,1000.000658,1000.000681,1000.000701,1000.000714,1000.000721,1000.000725,1000.000727,1000.000727,1000.000728,1000.000728,1000.000728,1000.000728,1000.000728,1000.000728,1000.000728,1000.000727,1000.000727,1000.000725,1000.000721,1000.000714,1000.000701,1000.000681,1000.000658,1000.000633,1000.000603,1000.000569,1000.000529,1000.000485,1000.000440,1000.000391,1000.000340,1000.000279,1000.000217,0.000000,0.000000,0.000000,0.000000,0.000000,0.000000,0.000000,0.000000,0.000000,0.000000,0.000000,0.000000,0.000000,0.000000,0.000000,0.000000,0.000000,0.000000,0.000000,0.000000,0.000000,0.000000,0.000000,0.000000,0.000000,0.000000,0.000000,0.000000,0.000000,0.000000
0.000000,0.000000,0.000000,0.000000,0.000000,0.000000,0.000000,0.000000,0.000000,0.000000,0.000000,0.000000,0.000000,0.000000,0.000000,0.000000,0.000000,0.000000,0.000000,0.000000,0.000000,0.000000,0.000000,0.000000,0.000000,0.000000,0.000000,0.000000,1000.000216,1000.000283,1000.000348,1000.000404,1000.000460,1000.000514,1000.000565,1000.000610,1000.000649,1000.000683,1000.000710,1000.000728,1000.000741,1000.000749,1000.000751,1000.000750,1000.000748,1000.000747,1000.000746,1000.000745,1000.000744,1000.000744,1000.000743,1000.000743,1000.000743,1000.000744,1000.000744,1000.000745,1000.000746,1000.000747,1000.000748,1000.000750,1000.000751,1000.000749,1000.000741,1000.000728,1000.000710,1000.000683,1000.000649,1000.000610,1000.000565,1000.000514,1000.000460,1000.000404,1000.000348,1000.000283,1000.000216,0.000000,0.000000,0.000000,0.000000,0.000000,0.000000,0.000000,0.000000,0.000000,0.000000,0.000000,0.000000,0.000000,0.000000,0.000000,0.000000,0.000000,0.000000,0.000000,0.000000,0.000000,0.000000,0.000000,0.000000,0.000000,0.000000,0.000000,0.000000
0.000000,0.000000,0.000000,0.000000,0.000000,0.000000,0.000000,0.000000,0.000000,0.000000,0.000000,0.000000,0.000000,0.000000,0.000000,0.000000,0.000000,0.000000,0.000000,0.000000,0.000000,0.000000,0.000000,0.000000,0.000000,0.000000,1000.000205,1000.000277,1000.000345,1000.000406,1000.000466,1000.000524,1000.000581,1000.000633,1000.000678,1000.000713,1000.000736,1000.000751,1000.000757,1000.000756,1000.000751,1000.000742,1000.000727,1000.000714,1000.000704,1000.000698,1000.000694,1000.000691,1000.000689,1000.000688,1000.000687,1000.000687,1000.000687,1000.000688,1000.000689,1000.000691,1000.000694,1000.000698,1000.000704,1000.000714,1000.000727,1000.000742,1000.000751,1000.000756,1000.000757,1000.000751,1000.000736,1000.000713,1000.000678,1000.000633,1000.000581,1000.000524,1000.000466,1000.000406,1000.000345,1000.000277,1000.000205,0.000000,0.000000,0.000000,0.000000,0.000000,0.000000,0.000000,0.000000,0.000000,0.000000,0.000000,0.000000,0.000000,0.000000,0.000000,0.000000,0.000000,0.000000,0.000000,0.000000,0.000000,0.000000,0.000000,0.000000,0.000000,0.000000
0.000000,0.000000,0.000000,0.000000,0.000000,0.000000,0.000000,0.000000,0.000000,0.000000,0.000000,0.000000,0.000000,0.000000,0.000000,0.000000,0.000000,0.000000,0.000000,0.000000,0.000000,0.000000,0.000000,0.000000,1000.000176,1000.000255,1000.000331,1000.000397,1000.000462,1000.000524,1000.000584,1000.000640,1000.000687,1000.000725,1000.000749,1000.000758,1000.000757,1000.000748,1000.000732,1000.000715,1000.000698,1000.000679,1000.000661,1000.000643,1000.000630,1000.000622,1000.000616,1000.000612,1000.000609,1000.000606,1000.000605,1000.000605,1000.000605,1000.000606,1000.000609,1000.000612,1000.000616,1000.000622,1000.000630,1000.000643,1000.000661,1000.000679,1000.000698,1000.000715,1000.000732,1000.000748,1000.000757,1000.000758,1000.000749,1000.000725,1000.000687,1000.000640,1000.000584,1000.000524,1000.000462,1000.000397,1000.000331,1000.000255,1000.000176,0.000000,0.000000,0.000000,0.000000,0.000000,0.000000,0.000000,0.000000,0.000000,0.000000,0.000000,0.000000,0.000000,0.000000,0.000000,0.000000,0.000000,0.000000,0.000000,0.000000,0.000000,0.000000,0.000000,0.000000
0.000000,0.000000,0.000000,0.000000,0.000000,0.000000,0.000000,0.000000,0.000000,0.000000,0.000000,0.000000,0.000000,0.000000,0.000000,0.000000,0.000000,0.000000,0.000000,0.000000,0.000000,0.000000,0.000000,1000.000212,1000.000299,1000.000372,1000.000444,1000.000513,1000.000578,1000.000638,1000.000689,1000.000728,1000.000752,1000.000760,1000.000753,1000.000735,1000.000713,1000.000689,1000.000665,1000.000642,1000.000621,1000.000602,1000.000584,1000.000568,1000.000555,1000.000546,1000.000538,1000.000532,1000.000528,1000.000526,1000.000524,1000.000524,1000.000524,1000.000526,1000.000528,1000.000532,1000.000538,1000.000546,1000.000555,1000.000568,1000.000584,1000.000602,1000.000621,1000.000642,1000.000665,1000.000689,1000.000713,1000.000735,1000.000753,1000.000760,1000.000752,1000.000728,1000.000689,1000.000638,1000.000578,1000.000513,1000.000444,1000.000372,1000.000299,1000.000212,0.000000,0.000000,0.000000,0.000000,0.000000,0.000000,0.000000,0.000000,0.000000,0.000000,0.000000,0.000000,0.000000,0.000000,0.000000,0.000000,0.000000,0.000000,0.000000,0.000000,0.000000,0.000000,0.000000
0.000000,0.000000,0.000000,0.000000,0.000000,0.000000,0.000000,0.000000,0.000000,0.000000,0.000000,0.000000,0.000000,0.000000,0.000000,0.000000,0.000000,0.000000,0.000000,0.000000,0.000000,1000.000157,1000.000246,1000.000332,1000.000409,1000.000484,1000.000559,1000.000626,1000.000683,1000.000726,1000.000752,1000.000761,1000.000753,1000.000731,1000.000702,1000.000672,1000.000642,1000.000615,1000.000590,1000.000567,1000.000546,1000.000527,1000.000509,1000.000494,1000.000481,1000.000470,1000.000462,1000.000456,1000.000451,1000.000448,1000.000446,1000.000445,1000.000446,1000.000448,1000.000451,1000.000456,1000.000462,1000.000470,1000.000481,1000.000494,1000.000509,1000.000527,1000.000546,1000.000567,1000.000590,1000.000615,1000.000642,1000.000672,1000.000702,1000.000731,1000.000753,1000.000761,1000.000752,1000.000726,1000.000683,1000.000626,1000.000559,1000.000484,1000.000409,1000.000332,1000.000246,1000.000157,0.000000,0.000000,0.000000,0.000000,0.000000,0.000000,0.000000,0.000000,0.000000,0.000000,0.000000,0.000000,0.000000,0.000000,0.000000,0.000000,0.000000,0.000000,0.000000,0.000000,0.000000
0.000000,0.000000,0.000000,0.000000,0.000000,0.000000,0.000000,0.000000,0.000000,0.000000,0.000000,0.000000,0.000000,0.000000,0.000000,0.000000,0.000000,0.000000,0.000000,0.000000,1000.000183,1000.000277,1000.000358,1000.000437,1000.000516,1000.000595,1000.000664,1000.000717,1000.000749,1000.000760,1000.000753,1000.000731,1000.000700,1000.000666,1000.000631,1000.000598,1000.000569,1000.000542,1000.000517,1000.000494,1000.000473,1000.000453,1000.000436,1000.000421,1000.000408,1000.000397,1000.000388,1000.000381,1000.000376,1000.000372,1000.000370,1000.000370,1000.000370,1000.000372,1000.000376,1000.000381,1000.000388,1000.000397,1000.000408,1000.000421,1000.000436,1000.000453,1000.000473,1000.000494,1000.000517,1000.000542,1000.000569,1000.000598,1000.000631,1000.000666,1000.000700,1000.000731,1000.000753,1000.000760,1000.000749,1000.000717,1000.000664,1000.000595,1000.000516,1000.000437,1000.000358,1000.000277,1000.000183,0.000000,0.000000,0.000000,0.000000,0.000000,0.000000,0.000000,0.000000,0.000000,0.000000,0.000000,0.000000,0.000000,0.000000,0.000000,0.000000,0.000000,0.000000,0.000000,0.000000
0.000000,0.000000,0.000000,0.000000,0.000000,0.000000,0.000000,0.000000,0.000000,0.000000,0.000000,0.000000,0.000000,0.000000,0.000000,0.000000,0.000000,0.000000,0.000000,1000.000203,1000.000299,1000.000383,1000.000463,1000.000544,1000.000620,1000.000688,1000.000737,1000.000757,1000.000753,1000.000732,1000.000701,1000.000666,1000.000628,1000.000592,1000.000559,1000.000528,1000.000498,1000.000471,1000.000446,1000.000423,1000.000401,1000.000382,1000.000365,1000.000350,1000.000337,1000.000325,1000.000316,1000.000309,1000.000303,1000.000299,1000.000297,1000.000296,1000.000297,1000.000299,1000.000303,1000.000309,1000.000316,1000.000325,1000.000337,1000.000350,1000.000365,1000.000382,1000.000401,1000.000423,1000.000446,1000.000471,1000.000498,1000.000528,1000.000559,1000.000592,1000.000628,1000.000666,1000.000701,1000.000732,1000.000753,1000.000757,1000.000737,1000.000688,1000.000620,1000.000544,1000.000463,1000.000383,1000.000299,1000.000203,0.000000,0.000000,0.000000,0.000000,0.000000,0.000000,0.000000,0.000000,0.000000,0.000000,0.000000,0.000000,0.000000,0.000000,0.000000,0.000000,0.000000,0.000000,0.000000
0.000000,0.000000,0.000000,0.000000,0.000000,0.000000,0.000000,0.000000,0.000000,0.000000,0.000000,0.000000,0.000000,0.000000,0.000000,0.000000,0.000000,0.000000,1000.000217,1000.000316,1000.000403,1000.000488,1000.000571,1000.000644,1000.000706,1000.000748,1000.000758,1000.000740,1000.000708,1000.000671,1000.000631,1000.000593,1000.000557,1000.000522,1000.000489,1000.000458,1000.000429,1000.000401,1000.000376,1000.000353,1000.000332,1000.000313,1000.000295,1000.000280,1000.000267,1000.000255,1000.000246,1000.000238,1000.000232,1000.000228,1000.000226,1000.000225,1000.000226,1000.000228,1000.000232,1000.000238,1000.000246,1000.000255,1000.000267,1000.000280,1000.000295,1000.000313,1000.000332,1000.000353,1000.000376,1000.000401,1000.000429,1000.000458,1000.000489,1000.000522,1000.000557,1000.000593,1000.000631,1000.000671,1000.000708,1000.000740,1000.000758,1000.000748,1000.000706,1000.000644,1000.000571,1000.000488,1000.000403,1000.000316,1000.000217,0.000000,0.000000,0.000000,0.000000,0.000000,0.000000,0.000000,0.000000,0.000000,0.000000,0.000000,0.000000,0.000000,0.000000,0.000000,0.000000,0.000000,0.000000
0.000000,0.000000,0.000000,0.000000,0.000000,0.000000,0.000000,0.000000,0.000000,0.000000,0.000000,0.000000,0.000000,0.000000,0.000000,0.000000,0.000000,1000.000223,1000.000326,1000.000416,1000.000505,1000.000592,1000.000668,1000.000724,1000.000755,1000.000757,1000.000731,1000.000690,1000.000645,1000.000602,1000.000562,1000.000525,1000.000489,1000.000455,1000.000421,1000.000390,1000.000361,1000.000334,1000.000309,1000.000286,1000.000264,1000.000245,1000.000228,1000.000212,1000.000199,1000.000187,1000.000178,1000.000170,1000.000164,1000.000159,1000.000157,1000.000156,1000.000157,1000.000159,1000.000164,1000.000170,1000.000178,1000.000187,1000.000199,1000.000212,1000.000228,1000.000245,1000.000264,1000.000286,1000.000309,1000.000334,1000.000361,1000.000390,1000.000421,1000.000455,1000.000489,1000.000525,1000.000562,1000.000602,1000.000645,1000.000690,1000.000731,1000.000757,1000.000755,1000.000724,1000.000668,1000.000592,1000.000505,1000.000416,1000.000326,1000.000223,0.000000,0.000000,0.000000,0.000000,0.000000,0.000000,0.000000,0.000000,0.000000,0.000000,0.000000,0.000000,0.000000,0.000000,0.000000,0.000000,0.000000
0.000000,0.000000,0.000000,0.000000,0.000000,0.000000,0.000000,0.000000,0.000000,0.000000,0.000000,0.000000,0.000000,0.000000,0.000000,0.000000,1000.000225,1000.000330,1000.000423,1000.000514,1000.000604,1000.000682,1000.000736,1000.000758,1000.000750,1000.000719,1000.000675,1000.000625,1000.000578,1000.000537,1000.000497,1000.000459,1000.000423,1000.000388,1000.000355,1000.000324,1000.000295,1000.000268,1000.000243,1000.000220,1000.000198,1000.000179,1000.000162,1000.000146,1000.000133,1000.000121,1000.000111,1000.000103,1000.000097,1000.000093,1000.000090,1000.000089,1000.000090,1000.000093,1000.000097,1000.000103,1000.000111,1000.000121,1000.000133,1000.000146,1000.000162,1000.000179,1000.000198,1000.000220,1000.000243,1000.000268,1000.000295,1000.000324,1000.000355,1000.000388,1000.000423,1000.000459,1000.000497,1000.000537,1000.000578,1000.000625,1000.000675,1000.000719,1000.000750,1000.000758,1000.000736,1000.000682,1000.000604,1000.000514,1000.000423,1000.000330,1000.000225,0.000000,0.000000,0.000000,0.000000,0.000000,0.000000,0.000000,0.000000,0.000000,0.000000,0.000000,0.000000,0.000000,0.000000,0.000000,0.000000
0.000000,0.000000,0.000000,0.000000,0.000000,0.000000,0.000000,0.000000,0.000000,0.000000,0.000000,0.000000,0.000000,0.000000,0.000000,1000.000223,1000.000330,1000.000425,1000.000519,1000.000610,1000.000689,1000.000742,1000.000758,1000.000740,1000.000703,1000.000658,1000.000608,1000.000560,1000.000516,1000.000474,1000.000433,1000.000394,1000.000358,1000.000324,1000.000291,1000.000260,1000.000231,1000.000204,1000.000179,1000.000155,1000.000134,1000.000115,1000.000097,1000.000082,1000.000068,1000.000056,1000.000046,1000.000038,1000.000032,1000.000028,1000.000025,1000.000024,1000.000025,1000.000028,1000.000032,1000.000038,1000.000046,1000.000056,1000.000068,1000.000082,1000.000097,1000.000115,1000.000134,1000.000155,1000.000179,1000.000204,1000.000231,1000.000260,1000.000291,1000.000324,1000.000358,1000.000394,1000.000433,1000.000474,1000.000516,1000.000560,1000.000608,1000.000658,1000.000703,1000.000740,1000.000758,1000.000742,1000.000689,1000.000610,1000.000519,1000.000425,1000.000330,1000.000223,0.000000,0.000000,0.000000,0.000000,0.000000,0.000000,0.000000,0.000000,0.000000,0.000000,0.000000,0.000000,0.000000,0.000000,0.000000
0.000000,0.000000,0.000000,0.000000,0.000000,0.000000,0.000000,0.000000,0.000000,0.000000,0.000000,0.000000,0.000000,0.000000,1000.000217,1000.000326,1000.000423,1000.000519,1000.000612,1000.000692,1000.000745,1000.000758,1000.000734,1000.000691,1000.000641,1000.000591,1000.000544,1000.000498,1000.000454,1000.000411,1000.000370,1000.000332,1000.000296,1000.000261,1000.000228,1000.000198,1000.000169,1000.000142,1000.000116,1000.000093,1000.000072,1000.000052,1000.000035,1000.000019,1000.000006,999.999994,999.999984,999.999976,999.999969,999.999965,999.999962,999.999961,999.999962,999.999965,999.999969,999.999976,999.999984,999.999994,1000.000006,1000.000019,1000.000035,1000.000052,1000.000072,1000.000093,1000.000116,1000.000142,1000.000169,1000.000198,1000.000228,1000.000261,1000.000296,1000.000332,1000.000370,1000.000411,1000.000454,1000.000498,1000.000544,1000.000591,1000.000641,1000.000691,1000.000734,1000.000758,1000.000745,1000.000692,1000.000612,1000.000519,1000.000423,1000.000326,1000.000217,0.000000,0.000000,0.000000,0.000000,0.000000,0.000000,0.000000,0.000000,0.000000,0.000000,0.000000,0.000000,0.000000,0.000000
0.000000,0.000000,0.000000,0.000000,0.000000,0.000000,0.000000,0.000000,0.000000,0.000000,0.000000,0.000000,0.000000,1000.000203,1000.000316,1000.000416,1000.000514,1000.000610,1000.000692,1000.000746,1000.000759,1000.000733,1000.000686,1000.000631,1000.000579,1000.000530,1000.000483,1000.000437,1000.000393,1000.000350,1000.000310,1000.000272,1000.000235,1000.000201,1000.000168,1000.000137,1000.000108,1000.000081,1000.000056,1000.000033,1000.000011,999.999992,999.999974,999.999959,999.999945,999.999933,999.999923,999.999915,999.999908,999.999904,999.999901,999.999900,999.999901,999.999904,999.999908,999.999915,999.999923,999.999933,999.999945,999.999959,999.999974,999.999992,1000.000011,1000.000033,1000.000056,1000.000081,1000.000108,1000.000137,1000.000168,1000.000201,1000.000235,1000.000272,1000.000310,1000.000350,1000.000393,1000.000437,1000.000483,1000.000530,1000.000579,1000.000631,1000.000686,1000.000733,1000.000759,1000.000746,1000.000692,1000.000610,1000.000514,1000.000416,1000.000316,1000.000203,0.000000,0.000000,0.000000,0.000000,0.000000,0.000000,0.000000,0.000000,0.000000,0.000000,0.000000,0.000000,0.000000
0.000000,0.000000,0.000000,0.000000,0.000000,0.000000,0.000000,0.000000,0.000000,0.000000,0.000000,0.000000,1000.000183,1000.000299,1000.000403,1000.000505,1000.000604,1000.000689,1000.000745,1000.000759,1000.000732,1000.000684,1000.000627,1000.000571,1000.000521,1000.000472,1000.000424,1000.000378,1000.000334,1000.000292,1000.000252,1000.000213,1000.000176,1000.000142,1000.000109,1000.000078,1000.000049,1000.000022,999.999997,999.999974,999.999953,999.999933,999.999916,999.999900,999.999886,999.999874,999.999864,999.999856,999.999849,999.999845,999.999842,999.999841,999.999842,999.999845,999.999849,999.999856,999.999864,999.999874,999.999886,999.999900,999.999916,999.999933,999.999953,999.999974,999.999997,1000.000022,1000.000049,1000.000078,1000.000109,1000.000142,1000.000176,1000.000213,1000.000252,1000.000292,1000.000334,1000.000378,1000.000424,1000.000472,1000.000521,1000.000571,1000.000627,1000.000684,1000.000732,1000.000759,1000.000745,1000.000689,1000.000604,1000.000505,1000.000403,1000.000299,1000.000183,0.000000,0.000000,0.000000,0.000000,0.000000,0.000000,0.000000,0.000000,0.000000,0.000000,0.000000,0.000000
0.000000,0.000000,0.000000,0.000000,0.000000,0.000000,0.000000,0.000000,0.000000,0.000000,0.000000,1000.000157,1000.000277,1000.000383,1000.000488,1000.000592,1000.000682,1000.000742,1000.000758,1000.000733,1000.000684,1000.000626,1000.000568,1000.000516,1000.000465,1000.000415,1000.000367,1000.000321,1000.000277,1000.000235,1000.000195,1000.000156,1000.000120,1000.000085,1000.000052,1000.000022,999.999993,999.999966,999.999940,999.999917,999.999896,999.999876,999.999859,999.999843,999.999829,999.999817,999.999807,999.999799,999.999792,999.999788,999.999785,999.999784,999.999785,999.999788,999.999792,999.999799,999.999807,999.999817,999.999829,999.999843,999.999859,999.999876,999.999896,999.999917,999.999940,999.999966,999.999993,1000.000022,1000.000052,1000.000085,1000.000120,1000.000156,1000.000195,1000.000235,1000.000277,1000.000321,1000.000367,1000.000415,1000.000465,1000.000516,1000.000568,1000.000626,1000.000684,1000.000733,1000.000758,1000.000742,1000.000682,1000.000592,1000.000488,1000.000383,1000.000277,1000.000157,0.000000,0.000000,0.000000,0.000000,0.000000,0.000000,0.000000,0.000000,0.000000,0.000000,0.000000
0.000000,0.000000,0.000000,0.000000,0.000000,0.000000,0.000000,0.000000,0.000000,0.000000,0.000000,1000.000246,1000.000358,1000.000463,1000.000571,1000.000668,1000.000736,1000.000758,1000.000734,1000.000686,1000.000627,1000.000568,1000.000514,1000.000461,1000.000409,1000.000359,1000.000312,1000.000266,1000.000222,1000.000180,1000.000140,1000.000101,1000.000065,1000.000030,999.999997,999.999967,999.999938,999.999911,999.999885,999.999862,999.999841,999.999821,999.999804,999.999788,999.999774,999.999762,999.999752,999.999744,999.999737,999.999732,999.999730,999.999729,999.999730,999.999732,999.999737,999.999744,999.999752,999.999762,999.999774,999.999788,999.999804,999.999821,999.999841,999.999862,999.999885,999.999911,999.999938,999.999967,999.999997,1000.000030,1000.000065,1000.000101,1000.000140,1000.000180,1000.000222,1000.000266,1000.000312,1000.000359,1000.000409,1000.000461,1000.000514,1000.000568,1000.000627,1000.000686,1000.000734,1000.000758,1000.000736,1000.000668,1000.000571,1000.000463,1000.000358,1000.000246,0.000000,0.000000,0.000000,0.000000,0.000000,0.000000,0.000000,0.000000,0.000000,0.000000,0.000000
0.000000,0.000000,0.000000,0.000000,0.000000,0.000000,0.000000,0.000000,0.000000,0.000000,1000.000212,1000.000332,1000.000437,1000.000544,1000.000644,1000.000724,1000.000758,1000.000740,1000.000691,1000.000631,1000.000571,1000.000516,1000.000461,1000.000407,1000.000355,1000.000306,1000.000259,1000.000213,1000.000169,1000.000127,1000.000086,1000.000048,1000.000012,999.999977,999.999944,999.999913,999.999884,999.999857,999.999832,999.999809,999.999788,999.999768,999.999750,999.999735,999.999721,999.999709,999.999699,999.999690,999.999684,999.999679,999.999676,999.999675,999.999676,999.999679,999.999684,999.999690,999.999699,999.999709,999.999721,999.999735,999.999750,999.999768,999.999788,999.999809,999.999832,999.999857,999.999884,999.999913,999.999944,999.999977,1000.000012,1000.000048,1000.000086,1000.000127,1000.000169,1000.000213,1000.000259,1000.000306,1000.000355,1000.000407,1000.000461,1000.000516,1000.000571,1000.000631,1000.000691,1000.000740,1000.000758,1000.000724,1000.000644,1000.000544,1000.000437,1000.000332,1000.000212,0.000000,0.000000,0.000000,0.000000,0.000000,0.000000,0.000000,0.000000,0.000000,0.000000
0.000000,0.000000,0.000000,0.000000,0.000000,0.000000,0.000000,0.000000,0.000000,1000.000176,1000.000299,1000.000409,1000.000516,1000.000620,1000.000706,1000.000755,1000.000750,1000.000703,1000.000641,1000.000579,1000.000521,1000.000465,1000.000409,1000.000355,1000.000304,1000.000255,1000.000207,1000.000161,1000.000117,1000.000075,1000.000035,999.999997,999.999960,999.999926,999.999893,999.999862,999.999833,999.999806,999.999781,999.999758,999.999736,999.999717,999.999699,999.999683,999.999669,999.999657,999.999647,999.999639,999.999632,999.999628,999.999625,999.999624,999.999625,999.999628,999.999632,999.999639,999.999647,999.999657,999.999669,999.999683,999.999699,999.999717,999.999736,999.999758,999.999781,999.999806,999.999833,999.999862,999.999893,999.999926,999.999960,999.999997,1000.000035,1000.000075,1000.000117,1000.000161,1000.000207,1000.000255,1000.000304,1000.000355,1000.000409,1000.000465,1000.000521,1000.000579,1000.000641,1000.000703,1000.000750,1000.000755,1000.000706,1000.000620,1000.000516,1000.000409,1000.000299,1000.000176,0.000000,0.000000,0.000000,0.000000,0.000000,0.000000,0.000000,0.000000,0.000000
0.000000,0.000000,0.000000,0.000000,0.000000,0.000000,0.000000,0.000000,0.000000,1000.000255,1000.000372,1000.000484,1000.000595,1000.000688,1000.000748,1000.000757,1000.000719,1000.000658,1000.000591,1000.000530,1000.000472,1000.000415,1000.000359,1000.000306,1000.000255,1000.000205,1000.000158,1000.000112,1000.000068,1000.000026,999.999986,999.999947,999.999911,999.999876,999.999844,999.999813,999.999784,999.999757,999.999732,999.999708,999.999687,999.999667,999.999650,999.999634,999.999620,999.999608,999.999598,999.999589,999.999583,999.999578,999.999575,999.999574,999.999575,999.999578,999.999583,999.999589,999.999598,999.999608,999.999620,999.999634,999.999650,999.999667,999.999687,999.999708,999.999732,999.999757,999.999784,999.999813,999.999844,999.999876,999.999911,999.999947,999.999986,1000.000026,1000.000068,1000.000112,1000.000158,1000.000205,1000.000255,1000.000306,1000.000359,1000.000415,1000.000472,1000.000530,1000.000591,1000.000658,1000.000719,1000.000757,1000.000748,1000.000688,1000.000595,1000.000484,1000.000372,1000.000255,0.000000,0.000000,0.000000,0.000000,0.000000,0.000000,0.000000,0.000000,0.000000
0.000000,0.000000,0.000000,0.000000,0.000000,0.000000,0.000000,0.000000,1000.000205,1000.000331,1000.000444,1000.000559,1000.000664,1000.000737,1000.000758,1000.000731,1000.000675,1000.000608,1000.000544,1000.000483,1000.000424,1000.000367,1000.000312,1000.000259,1000.000207,1000.000158,1000.000110,1000.000064,1000.000020,999.999978,999.999938,999.999900,999.999863,999.999829,999.999796,999.999765,999.999736,999.999709,999.999684,999.999661,999.999639,999.999620,999.999602,999.999586,999.999572,999.999560,999.999550,999.999542,999.999535,999.999530,999.999528,999.999527,999.999528,999.999530,999.999535,999.999542,999.999550,999.999560,999.999572,999.999586,999.999602,999.999620,999.999639,999.999661,999.999684,999.999709,999.999736,999.999765,999.999796,999.999829,999.999863,999.999900,999.999938,999.999978,1000.000020,1000.000064,1000.000110,1000.000158,1000.000207,1000.000259,1000.000312,1000.000367,1000.000424,1000.000483,1000.000544,1000.000608,1000.000675,1000.000731,1000.000758,1000.000737,1000.000664,1000.000559,1000.000444,1000.000331,1000.000205,0.000000,0.000000,0.000000,0.000000,0.000000,0.000000,0.000000,0.000000
0.000000,0.000000,0.000000,0.000000,0.000000,0.000000,0.000000,0.000000,1000.000277,1000.000397,1000.000513,1000.000626,1000.000717,1000.000757,1000.000740,1000.000690,1000.000625,1000.000560,1000.000498,1000.000437,1000.000378,1000.000321,1000.000266,1000.000213,1000.000161,1000.000112,1000.000064,1000.000018,999.999974,999.999932,999.999892,999.999854,999.999817,999.999783,999.999750,999.999719,999.999690,999.999663,999.999638,999.999615,999.999593,999.999574,999.999556,999.999540,999.999526,999.999514,999.999504,999.999496,999.999489,999.999485,999.999482,999.999481,999.999482,999.999485,999.999489,999.999496,999.999504,999.999514,999.999526,999.999540,999.999556,999.999574,999.999593,999.999615,999.999638,999.999663,999.999690,999.999719,999.999750,999.999783,999.999817,999.999854,999.999892,999.999932,999.999974,1000.000018,1000.000064,1000.000112,1000.000161,1000.000213,1000.000266,1000.000321,1000.000378,1000.000437,1000.000498,1000.000560,1000.000625,1000.000690,1000.000740,1000.000757,1000.000717,1000.000626,1000.000513,1000.000397,1000.000277,0.000000,0.000000,0.000000,0.000000,0.000000,0.000000,0.000000,0.000000
0.000000,0.000000,0.000000,0.000000,0.000000,0.000000,0.000000,1000.000216,1000.000345,1000.000462,1000.000578,1000.000683,1000.000749,1000.000753,1000.000708,1000.000645,1000.000578,1000.000516,1000.000454,1000.000393,1000.000334,1000.000277,1000.000222,1000.000169,1000.000117,1000.000068,1000.000020,999.999974,999.999931,999.999889,999.999848,999.999810,999.999774,999.999739,999.999706,999.999676,999.999647,999.999620,999.999594,999.999571,999.999550,999.999530,999.999512,999.999497,999.999483,999.999470,999.999460,999.999452,999.999445,999.999441,999.999438,999.999437,999.999438,999.999441,999.999445,999.999452,999.999460,999.999470,999.999483,999.999497,999.999512,999.999530,999.999550,999.999571,999.999594,999.999620,999.999647,999.999676,999.999706,999.999739,999.999774,999.999810,999.999848,999.999889,999.999931,999.999974,1000.000020,1000.000068,1000.000117,1000.000169,1000.000222,1000.000277,1000.000334,1000.000393,1000.000454,1000.000516,1000.000578,1000.000645,1000.000708,1000.000753,1000.000749,1000.000683,1000.000578,1000.000462,1000.000345,1000.000216,0.000000,0.000000,0.000000,0.000000,0.000000,0.000000,0.000000
0.000000,0.000000,0.000000,0.000000,0.000000,0.000000,0.000000,1000.000283,1000.000406,1000.000524,1000.000638,1000.000726,1000.000760,1000.000732,1000.000671,1000.000602,1000.000537,1000.000474,1000.000411,1000.000350,1000.000292,1000.000235,1000.000180,1000.000127,1000.000075,1000.000026,999.999978,999.999932,999.999889,999.999846,999.999806,999.999768,999.999732,999.999697,999.999664,999.999634,999.999605,999.999578,999.999552,999.999529,999.999508,999.999488,999.999470,999.999454,999.999441,999.999428,999.999418,999.999410,999.999403,999.999399,999.999396,999.999395,999.999396,999.999399,999.999403,999.999410,999.999418,999.999428,999.999441,999.999454,999.999470,999.999488,999.999508,999.999529,999.999552,999.999578,999.999605,999.999634,999.999664,999.999697,999.999732,999.999768,999.999806,999.999846,999.999889,999.999932,999.999978,1000.000026,1000.000075,1000.000127,1000.000180,1000.000235,1000.000292,1000.000350,1000.000411,1000.000474,1000.000537,1000.000602,1000.000671,1000.000732,1000.000760,1000.000726,1000.000638,1000.000524,1000.000406,1000.000283,0.000000,0.000000,0.000000,0.000000,0.000000,0.000000,0.000000
0.000000,0.000000,0.000000,0.000000,0.000000,0.000000,1000.000217,1000.000348,1000.000466,1000.000584,1000.000689,1000.000752,1000.000753,1000.000701,1000.000631,1000.000562,1000.000497,1000.000433,1000.000370,1000.000310,1000.000252,1000.000195,1000.000140,1000.000086,1000.000035,999.999986,999.999938,999.999892,999.999848,999.999806,999.999766,999.999728,999.999691,999.999657,999.999624,999.999593,999.999565,999.999537,999.999512,999.999489,999.999467,999.999448,999.999430,999.999414,999.999400,999.999388,999.999378,999.999370,999.999363,999.999358,999.999356,999.999355,999.999356,999.999358,999.999363,999.999370,999.999378,999.999388,999.999400,999.999414,999.999430,999.999448,999.999467,999.999489,999.999512,999.999537,999.999565,999.999593,999.999624,999.999657,999.999691,999.999728,999.999766,999.999806,999.999848,999.999892,999.999938,999.999986,1000.000035,1000.000086,1000.000140,1000.000195,1000.000252,1000.000310,1000.000370,1000.000433,1000.000497,1000.000562,1000.000631,1000.000701,1000.000753,1000.000752,1000.000689,1000.000584,1000.000466,1000.000348,1000.000217,0.000000,0.000000,0.000000,0.000000,0.000000,0.000000
0.000000,0.000000,0.000000,0.000000,0.000000,0.000000,1000.000279,1000.000404,1000.000524,1000.000640,1000.000728,1000.000761,1000.000731,1000.000666,1000.000593,1000.000525,1000.000459,1000.000394,1000.000332,1000.000272,1000.000213,1000.000156,1000.000101,1000.000048,999.999997,999.999947,999.999900,999.999854,999.999810,999.999768,999.999728,999.999690,999.999653,999.999619,999.999586,999.999555,999.999526,999.999499,999.999474,999.999451,999.999429,999.999410,999.999392,999.999376,999.999362,999.999350,999.999340,999.999331,999.999325,999.999320,999.999317,999.999316,999.999317,999.999320,999.999325,999.999331,999.999340,999.999350,999.999362,999.999376,999.999392,999.999410,999.999429,999.999451,999.999474,999.999499,999.999526,999.999555,999.999586,999.999619,999.999653,999.999690,999.999728,999.999768,999.999810,999.999854,999.999900,999.999947,999.999997,1000.000048,1000.000101,1000.000156,1000.000213,1000.000272,1000.000332,1000.000394,1000.000459,1000.000525,1000.000593,1000.000666,1000.000731,1000.000761,1000.000728,1000.000640,1000.000524,1000.000404,1000.000279,0.000000,0.000000,0.000000,0.000000,0.000000,0.000000
0.000000,0.000000,0.000000,0.000000,0.000000,1000.000207,1000.000340,1000.000460,1000.000581,1000.000687,1000.000752,1000.000753,1000.000700,1000.000628,1000.000557,1000.000489,1000.000423,1000.000358,1000.000296,1000.000235,1000.000176,1000.000120,1000.000065,1000.000012,999.999960,999.999911,999.999863,999.999817,999.999774,999.999732,999.999691,999.999653,999.999617,999.999582,999.999550,999.999519,999.999490,999.999463,999.999438,999.999414,999.999393,999.999373,999.999355,999.999340,999.999326,999.999314,999.999303,999.999295,999.999288,999.999284,999.999281,999.999280,999.999281,999.999284,999.999288,999.999295,999.999303,999.999314,999.999326,999.999340,999.999355,999.999373,999.999393,999.999414,999.999438,999.999463,999.999490,999.999519,999.999550,999.999582,999.999617,999.999653,999.999691,999.999732,999.999774,999.999817,999.999863,999.999911,999.999960,1000.000012,1000.000065,1000.000120,1000.000176,1000.000235,1000.000296,1000.000358,1000.000423,1000.000489,1000.000557,1000.000628,1000.000700,1000.000753,1000.000752,1000.000687,1000.000581,1000.000460,1000.000340,1000.000207,0.000000,0.000000,0.000000,0.000000,0.000000
0.000000,0.000000,0.000000,0.000000,0.000000,1000.000262,1000.000391,1000.000514,1000.000633,1000.000725,1000.000760,1000.000731,1000.000666,1000.000592,1000.000522,1000.000455,1000.000388,1000.000324,1000.000261,1000.000201,1000.000142,1000.000085,1000.000030,999.999977,999.999926,999.999876,999.999829,999.999783,999.999739,999.999697,999.999657,999.999619,999.999582,999.999548,999.999515,999.999484,999.999455,999.999428,999.999403,999.999380,999.999358,999.999339,999.999321,999.999305,999.999291,999.999279,999.999269,999.999260,999.999254,999.999249,999.999246,999.999245,999.999246,999.999249,999.999254,999.999260,999.999269,999.999279,999.999291,999.999305,999.999321,999.999339,999.999358,999.999380,999.999403,999.999428,999.999455,999.999484,999.999515,999.999548,999.999582,999.999619,999.999657,999.999697,999.999739,999.999783,999.999829,999.999876,999.999926,999.999977,1000.000030,1000.000085,1000.000142,1000.000201,1000.000261,1000.000324,1000.000388,1000.000455,1000.000522,1000.000592,1000.000666,1000.000731,1000.000760,1000.000725,1000.000633,1000.000514,1000.000391,1000.000262,0.000000,0.000000,0.000000,0.000000,0.000000
0.000000,0.000000,0.000000,0.000000,1000.000181,1000.000316,1000.000440,1000.000565,1000.000678,1000.000749,1000.000753,1000.000702,1000.000631,1000.000559,1000.000489,1000.000421,1000.000355,1000.000291,1000.000228,1000.000168,1000.000109,1000.000052,999.999997,999.999944,999.999893,999.999844,999.999796,999.999750,999.999706,999.999664,999.999624,999.999586,999.999550,999.999515,999.999482,999.999452,999.999423,999.999396,999.999370,999.999347,999.999326,999.999306,999.999288,999.999272,999.999258,999.999246,999.999236,999.999228,999.999221,999.999216,999.999214,999.999213,999.999214,999.999216,999.999221,999.999228,999.999236,999.999246,999.999258,999.999272,999.999288,999.999306,999.999326,999.999347,999.999370,999.999396,999.999423,999.999452,999.999482,999.999515,999.999550,999.999586,999.999624,999.999664,999.999706,999.999750,999.999796,999.999844,999.999893,999.999944,999.999997,1000.000052,1000.000109,1000.000168,1000.000228,1000.000291,1000.000355,1000.000421,1000.000489,1000.000559,1000.000631,1000.000702,1000.000753,1000.000749,1000.000678,1000.000565,1000.000440,1000.000316,1000.000181,0.000000,0.000000,0.000000,0.000000
0.000000,0.000000,0.000000,0.000000,1000.000231,1000.000360,1000.000485,1000.000610,1000.000713,1000.000758,1000.000735,1000.000672,1000.000598,1000.000528,1000.000458,1000.000390,1000.000324,1000.000260,1000.000198,1000.000137,1000.000078,1000.000022,999.999967,999.999913,999.999862,999.999813,999.999765,999.999719,999.999676,999.999634,999.999593,999.999555,999.999519,999.999484,999.999452,999.999421,999.999392,999.999365,999.999340,999.999316,999.999295,999.999275,999.999257,999.999242,999.999228,999.999215,999.999205,999.999197,999.999190,999.999186,999.999183,999.999182,999.999183,999.999186,999.999190,999.999197,999.999205,999.999215,999.999228,999.999242,999.999257,999.999275,999.999295,999.999316,999.999340,999.999365,999.999392,999.999421,999.999452,999.999484,999.999519,999.999555,999.999593,999.999634,999.999676,999.999719,999.999765,999.999813,999.999862,999.999913,999.999967,1000.000022,1000.000078,1000.000137,1000.000198,1000.000260,1000.000324,1000.000390,1000.000458,1000.000528,1000.000598,1000.000672,1000.000735,1000.000758,1000.000713,1000.000610,1000.000485,1000.000360,1000.000231,0.000000,0.000000,0.000000,0.000000
