0.000000,0.000000,0.000000,0.000000,0.000000,0.000000,0.000000,0.000000,0.000000,0.000000,0.000000,0.000000,0.000000,0.000000,0.000000,0.000000,0.000000,0.000000,0.000000,0.000000,0.000000,0.000000,0.000000,0.000000,0.000000,0.000000,0.000000,0.000000,0.000000,0.000000,0.000000,0.000000,0.000000,0.000000,0.000000,0.000000,0.000000,0.000000,0.000000,0.000000,0.000000,0.000000,0.000000,0.000000,0.000000,0.000000,0.000000,0.000000,0.000000,0.000000,0.000000,0.000000,0.000000,0.000000,0.000000,0.000000,0.000000,0.000000,0.000000,0.000000,0.000000,0.000000,0.000000,0.000000,0.000000,0.000000,0.000000,0.000000,0.000000,0.000000,0.000000,0.000000,0.000000,0.000000,0.000000,0.000000,0.000000,0.000000,0.000000,0.000000,0.000000,0.000000,0.000000,0.000000,0.000000,0.000000,0.000000,0.000000,0.000000,0.000000,0.000000,0.000000,0.000000,0.000000,0.000000,0.000000,0.000000,0.000000,0.000000,0.000000,0.000000,0.000000,0.000000
0.000000,0.000000,0.000000,0.000000,0.000000,0.000000,0.000000,0.000000,0.000000,0.000000,0.000000,0.000000,0.000000,0.000000,0.000000,0.000000,0.000000,0.000000,0.000000,0.000000,0.000000,0.000000,0.000000,0.000000,0.000000,0.000000,0.000000,0.000000,0.000000,0.000000,0.000000,0.000000,0.000000,0.000000,0.000000,0.000000,0.000000,0.000000,0.000000,0.000000,0.000000,0.000000,0.000000,0.000000,0.000000,0.000000,0.000000,0.000000,0.000000,0.000000,0.000000,1000.000098,0.000000,0.000000,0.000000,0.000000,0.000000,0.000000,0.000000,0.000000,0.000000,0.000000,0.000000,0.000000,0.000000,0.000000,0.000000,0.000000,0.000000,0.000000,0.000000,0.000000,0.000000,0.000000,0.000000,0.000000,0.000000,0.000000,0.000000,0.000000,0.000000,0.000000,0.000000,0.000000,0.000000,0.000000,0.000000,0.000000,0.000000,0.000000,0.000000,0.000000,0.000000,0.000000,0.000000,0.000000,0.000000,0.000000,0.000000,0.000000,0.000000,0.000000,0.000000
0.000000,0.000000,0.000000,0.000000,0.000000,0.000000,0.000000,0.000000,0.000000,0.000000,0.000000,0.000000,0.000000,0.000000,0.000000,0.000000,0.000000,0.000000,0.000000,0.000000,0.000000,0.000000,0.000000,0.000000,0.000000,0.000000,0.000000,0.000000,0.000000,0.000000,0.000000,0.000000,0.000000,0.000000,0.000000,0.000000,0.000000,0.000000,0.000000,0.000000,0.000000,0.000000,1000.000179,1000.000208,1000.000223,1000.000231,1000.000235,1000.000236,1000.000237,1000.000235,1000.000234,1000.000241,1000.000234,1000.000235,1000.000237,1000.000236,1000.000235,1000.000231,1000.000223,1000.000208,1000.000179,0.000000,0.000000,0.000000,0.000000,0.000000,0.000000,0.000000,0.000000,0.000000,0.000000,0.000000,0.000000,0.000000,0.000000,0.000000,0.000000,0.000000,0.000000,0.000000,0.000000,0.000000,0.000000,0.000000,0.000000,0.000000,0.000000,0.000000,0.000000,0.000000,0.000000,0.000000,0.000000,0.000000,0.000000,0.000000,0.000000,0.000000,0.000000,0.000000,0.000000,0.000000,0.000000
0.000000,0.000000,0.000000,0.000000,0.000000,0.000000,0.000000,0.000000,0.000000,0.000000,0.000000,0.000000,0.000000,0.000000,0.000000,0.000000,0.000000,0.000000,0.000000,0.000000,0.000000,0.000000,0.000000,0.000000,0.000000,0.000000,0.000000,0.000000,0.000000,0.000000,0.000000,0.000000,0.000000,0.000000,0.000000,0.000000,0.000000,1000.000172,1000.000215,1000.000249,1000.000277,1000.000300,1000.000320,1000.000339,1000.000354,1000.000364,1000.000369,1000.000372,1000.000373,1000.000374,1000.000373,1000.000374,1000.000373,1000.000374,1000.000373,1000.000372,1000.000369,1000.000364,1000.000354,1000.000339,1000.000320,1000.000300,1000.000277,1000.000249,1000.000215,1000.000172,0.000000,0.000000,0.000000,0.000000,0.000000,0.000000,0.000000,0.000000,0.000000,0.000000,0.000000,0.000000,0.000000,0.000000,0.000000,0.000000,0.000000,0.000000,0.000000,0.000000,0.000000,0.000000,0.000000,0.000000,0.000000,0.000000,0.000000,0.000000,0.000000,0.000000,0.000000,0.000000,0.000000,0.000000,0.000000,0.000000,0.000000
0.000000,0.000000,0.000000,0.000000,0.000000,0.000000,0.000000,0.000000,0.000000,0.000000,0.000000,0.000000,0.000000,0.000000,0.000000,0.000000,0.000000,0.000000,0.000000,0.000000,0.000000,0.000000,0.000000,0.000000,0.000000,0.000000,0.000000,0.000000,0.000000,0.000000,0.000000,0.000000,0.000000,0.000000,1000.000180,1000.000229,1000.000270,1000.000310,1000.000345,1000.000377,1000.000406,1000.000431,1000.000454,1000.000473,1000.000486,1000.000495,1000.000501,1000.000504,1000.000505,1000.000506,1000.000506,1000.000506,1000.000506,1000.000506,1000.000505,1000.000504,1000.000501,1000.000495,1000.000486,1000.000473,1000.000454,1000.000431,1000.000406,1000.000377,1000.000345,1000.000310,1000.000270,1000.000229,1000.000180,0.000000,0.000000,0.000000,0.000000,0.000000,0.000000,0.000000,0.000000,0.000000,0.000000,0.000000,0.000000,0.000000,0.000000,0.000000,0.000000,0.000000,0.000000,0.000000,0.000000,0.000000,0.000000,0.000000,0.000000,0.000000,0.000000,0.000000,0.000000,0.000000,0.000000,0.000000,0.000000,0.000000,0.000000
0.000000,0.000000,0.000000,0.000000,0.000000,0.000000,0.000000,0.000000,0.000000,0.000000,0.000000,0.000000,0.000000,0.000000,0.000000,0.000000,0.000000,0.000000,0.000000,0.000000,0.000000,0.000000,0.000000,0.000000,0.000000,0.000000,0.000000,0.000000,0.000000,0.000000,0.000000,0.000000,1000.000205,1000.000260,1000.000313,1000.000357,1000.000397,1000.000437,1000.000473,1000.000504,1000.000534,1000.000561,1000.000585,1000.000604,1000.000616,1000.000623,1000.000627,1000.000629,1000.000630,1000.000631,1000.000631,1000.000631,1000.000631,1000.000631,1000.000630,1000.000629,1000.000627,1000.000623,1000.000616,1000.000604,1000.000585,1000.000561,1000.000534,1000.000504,1000.000473,1000.000437,1000.000397,1000.000357,1000.000313,1000.000260,1000.000205,0.000000,0.000000,0.000000,0.000000,0.000000,0.000000,0.000000,0.000000,0.000000,0.000000,0.000000,0.000000,0.000000,0.000000,0.000000,0.000000,0.000000,0.000000,0.000000,0.000000,0.000000,0.000000,0.000000,0.000000,0.000000,0.000000,0.000000,0.000000,0.000000,0.000000,0.000000,0.000000
0.000000,0.000000,0.000000,0.000000,0.000000,0.000000,0.000000,0.000000,0.000000,0.000000,0.000000,0.000000,0.000000,0.000000,0.000000,0.000000,0.000000,0.000000,0.000000,0.000000,0.000000,0.000000,0.000000,0.000000,0.000000,0.000000,0.000000,0.000000,0.000000,0.000000,1000.000215,1000.000277,1000.000337,1000.000387,1000.000436,1000.000481,1000.000524,1000.000564,1000.000598,1000.000628,1000.000653,1000.000676,1000.000695,1000.000708,1000.000715,1000.000719,1000.000721,1000.000721,1000.000722,1000.000722,1000.000722,1000.000722,1000.000722,1000.000722,1000.000722,1000.000721,1000.000721,1000.000719,1000.000715,1000.000708,1000.000695,1000.000676,1000.000653,1000.000628,1000.000598,1000.000564,1000.000524,1000.000481,1000.000436,1000.000387,1000.000337,1000.000277,1000.000215,0.000000,0.000000,0.000000,0.000000,0.000000,0.000000,0.000000,0.000000,0.000000,0.000000,0.000000,0.000000,0.000000,0.000000,0.000000,0.000000,0.000000,0.000000,0.000000,0.000000,0.000000,0.000000,0.000000,0.000000,0.000000,0.000000,0.000000,0.000000,0.000000,0.000000
0.000000,0.000000,0.000000,0.000000,0.000000,0.000000,0.000000,0.000000,0.000000,0.000000,0.000000,0.000000,0.000000,0.000000,0.000000,0.000000,0.000000,0.000000,0.000000,0.000000,0.000000,0.000000,0.000000,0.000000,0.000000,0.000000,0.000000,0.000000,1000.000214,1000.000281,1000.000345,1000.000401,1000.000456,1000.000509,1000.000560,1000.000605,1000.000644,1000.000677,1000.000704,1000.000722,1000.000735,1000.000743,1000.000745,1000.000744,1000.000742,1000.000741,1000.000740,1000.000739,1000.000738,1000.000738,1000.000737,1000.000737,1000.000737,1000.000738,1000.000738,1000.000739,1000.000740,1000.000741,1000.000742,1000.000744,1000.000745,1000.000743,1000.000735,1000.000722,1000.000704,1000.000677,1000.000644,1000.000605,1000.000560,1000.000509,1000.000456,1000.000401,1000.000345,1000.000281,1000.000214,0.000000,0.000000,0.000000,0.000000,0.000000,0.000000,0.000000,0.000000,0.000000,0.000000,0.000000,0.000000,0.000000,0.000000,0.000000,0.000000,0.000000,0.000000,0.000000,0.000000,0.000000,0.000000,0.000000,0.000000,0.000000,0.000000,0.000000,0.000000
0.000000,0.000000,0.000000,0.000000,0.000000,0.000000,0.000000,0.000000,0.000000,0.000000,0.000000,0.000000,0.000000,0.000000,0.000000,0.000000,0.000000,0.000000,0.000000,0.000000,0.000000,0.000000,0.000000,0.000000,0.000000,0.000000,1000.000203,1000.000274,1000.000342,1000.000402,1000.000462,1000.000520,1000.000576,1000.000628,1000.000672,1000.000707,1000.000730,1000.000745,1000.000751,1000.000750,1000.000745,1000.000736,1000.000721,1000.000708,1000.000698,1000.000692,1000.000688,1000.000686,1000.000684,1000.000682,1000.000681,1000.000681,1000.000681,1000.000682,1000.000684,1000.000686,1000.000688,1000.000692,1000.000698,1000.000708,1000.000721,1000.000736,1000.000745,1000.000750,1000.000751,1000.000745,1000.000730,1000.000707,1000.000672,1000.000628,1000.000576,1000.000520,1000.000462,1000.000402,1000.000342,1000.000274,1000.000203,0.000000,0.000000,0.000000,0.000000,0.000000,0.000000,0.000000,0.000000,0.000000,0.000000,0.000000,0.000000,0.000000,0.000000,0.000000,0.000000,0.000000,0.000000,0.000000,0.000000,0.000000,0.000000,0.000000,0.000000,0.000000,0.000000
0.000000,0.000000,0.000000,0.000000,0.000000,0.000000,0.000000,0.000000,0.000000,0.000000,0.000000,0.000000,0.000000,0.000000,0.000000,0.000000,0.000000,0.000000,0.000000,0.000000,0.000000,0.000000,0.000000,0.000000,1000.000175,1000.000253,1000.000328,1000.000393,1000.000458,1000.000519,1000.000579,1000.000634,1000.000682,1000.000719,1000.000743,1000.000752,1000.000751,1000.000741,1000.000726,1000.000709,1000.000692,1000.000674,1000.000655,1000.000638,1000.000625,1000.000617,1000.000611,1000.000606,1000.000603,1000.000601,1000.000600,1000.000600,1000.000600,1000.000601,1000.000603,1000.000606,1000.000611,1000.000617,1000.000625,1000.000638,1000.000655,1000.000674,1000.000692,1000.000709,1000.000726,1000.000741,1000.000751,1000.000752,1000.000743,1000.000719,1000.000682,1000.000634,1000.000579,1000.000519,1000.000458,1000.000393,1000.000328,1000.000253,1000.000175,0.000000,0.000000,0.000000,0.000000,0.000000,0.000000,0.000000,0.000000,0.000000,0.000000,0.000000,0.000000,0.000000,0.000000,0.000000,0.000000,0.000000,0.000000,0.000000,0.000000,0.000000,0.000000,0.000000,0.000000
0.000000,0.000000,0.000000,0.000000,0.000000,0.000000,0.000000,0.000000,0.000000,0.000000,0.000000,0.000000,0.000000,0.000000,0.000000,0.000000,0.000000,0.000000,0.000000,0.000000,0.000000,0.000000,0.000000,1000.000211,1000.000296,1000.000369,1000.000441,1000.000509,1000.000574,1000.000633,1000.000683,1000.000722,1000.000746,1000.000754,1000.000747,1000.000729,1000.000707,1000.000684,1000.000659,1000.000636,1000.000616,1000.000597,1000.000579,1000.000563,1000.000550,1000.000541,1000.000533,1000.000528,1000.000524,1000.000521,1000.000520,1000.000519,1000.000520,1000.000521,1000.000524,1000.000528,1000.000533,1000.000541,1000.000550,1000.000563,1000.000579,1000.000597,1000.000616,1000.000636,1000.000659,1000.000684,1000.000707,1000.000729,1000.000747,1000.000754,1000.000746,1000.000722,1000.000683,1000.000633,1000.000574,1000.000509,1000.000441,1000.000369,1000.000296,1000.000211,0.000000,0.000000,0.000000,0.000000,0.000000,0.000000,0.000000,0.000000,0.000000,0.000000,0.000000,0.000000,0.000000,0.000000,0.000000,0.000000,0.000000,0.000000,0.000000,0.000000,0.000000,0.000000,0.000000
0.000000,0.000000,0.000000,0.000000,0.000000,0.000000,0.000000,0.000000,0.000000,0.000000,0.000000,0.000000,0.000000,0.000000,0.000000,0.000000,0.000000,0.000000,0.000000,0.000000,0.000000,1000.000156,1000.000244,1000.000329,1000.000405,1000.000480,1000.000554,1000.000621,1000.000677,1000.000720,1000.000746,1000.000754,1000.000746,1000.000725,1000.000697,1000.000666,1000.000636,1000.000610,1000.000585,1000.000562,1000.000541,1000.000522,1000.000505,1000.000490,1000.000477,1000.000467,1000.000458,1000.000452,1000.000447,1000.000444,1000.000442,1000.000442,1000.000442,1000.000444,1000.000447,1000.000452,1000.000458,1000.000467,1000.000477,1000.000490,1000.000505,1000.000522,1000.000541,1000.000562,1000.000585,1000.000610,1000.000636,1000.000666,1000.000697,1000.000725,1000.000746,1000.000754,1000.000746,1000.000720,1000.000677,1000.000621,1000.000554,1000.000480,1000.000405,1000.000329,1000.000244,1000.000156,0.000000,0.000000,0.000000,0.000000,0.000000,0.000000,0.000000,0.000000,0.000000,0.000000,0.000000,0.000000,0.000000,0.000000,0.000000,0.000000,0.000000,0.000000,0.000000,0.000000,0.000000
0.000000,0.000000,0.000000,0.000000,0.000000,0.000000,0.000000,0.000000,0.000000,0.000000,0.000000,0.000000,0.000000,0.000000,0.000000,0.000000,0.000000,0.000000,0.000000,0.000000,1000.000181,1000.000274,1000.000354,1000.000433,1000.000512,1000.000590,1000.000658,1000.000711,1000.000742,1000.000753,1000.000746,1000.000725,1000.000694,1000.000660,1000.000626,1000.000593,1000.000564,1000.000537,1000.000513,1000.000490,1000.000469,1000.000450,1000.000433,1000.000418,1000.000405,1000.000394,1000.000385,1000.000378,1000.000373,1000.000369,1000.000367,1000.000366,1000.000367,1000.000369,1000.000373,1000.000378,1000.000385,1000.000394,1000.000405,1000.000418,1000.000433,1000.000450,1000.000469,1000.000490,1000.000513,1000.000537,1000.000564,1000.000593,1000.000626,1000.000660,1000.000694,1000.000725,1000.000746,1000.000753,1000.000742,1000.000711,1000.000658,1000.000590,1000.000512,1000.000433,1000.000354,1000.000274,1000.000181,0.000000,0.000000,0.000000,0.000000,0.000000,0.000000,0.000000,0.000000,0.000000,0.000000,0.000000,0.000000,0.000000,0.000000,0.000000,0.000000,0.000000,0.000000,0.000000,0.000000
0.000000,0.000000,0.000000,0.000000,0.000000,0.000000,0.000000,0.000000,0.000000,0.000000,0.000000,0.000000,0.000000,0.000000,0.000000,0.000000,0.000000,0.000000,0.000000,1000.000202,1000.000297,1000.000380,1000.000459,1000.000539,1000.000615,1000.000682,1000.000730,1000.000751,1000.000747,1000.000726,1000.000696,1000.000660,1000.000623,1000.000587,1000.000554,1000.000523,1000.000494,1000.000467,1000.000442,1000.000419,1000.000398,1000.000379,1000.000362,1000.000347,1000.000334,1000.000323,1000.000314,1000.000306,1000.000301,1000.000297,1000.000295,1000.000294,1000.000295,1000.000297,1000.000301,1000.000306,1000.000314,1000.000323,1000.000334,1000.000347,1000.000362,1000.000379,1000.000398,1000.000419,1000.000442,1000.000467,1000.000494,1000.000523,1000.000554,1000.000587,1000.000623,1000.000660,1000.000696,1000.000726,1000.000747,1000.000751,1000.000730,1000.000682,1000.000615,1000.000539,1000.000459,1000.000380,1000.000297,1000.000202,0.000000,0.000000,0.000000,0.000000,0.000000,0.000000,0.000000,0.000000,0.000000,0.000000,0.000000,0.000000,0.000000,0.000000,0.000000,0.000000,0.000000,0.000000,0.000000
0.000000,0.000000,0.000000,0.000000,0.000000,0.000000,0.000000,0.000000,0.000000,0.000000,0.000000,0.000000,0.000000,0.000000,0.000000,0.000000,0.000000,0.000000,1000.000215,1000.000313,1000.000400,1000.000483,1000.000566,1000.000639,1000.000700,1000.000741,1000.000752,1000.000734,1000.000703,1000.000665,1000.000626,1000.000588,1000.000552,1000.000518,1000.000485,1000.000454,1000.000425,1000.000398,1000.000373,1000.000350,1000.000329,1000.000310,1000.000293,1000.000278,1000.000264,1000.000253,1000.000244,1000.000236,1000.000231,1000.000226,1000.000224,1000.000223,1000.000224,1000.000226,1000.000231,1000.000236,1000.000244,1000.000253,1000.000264,1000.000278,1000.000293,1000.000310,1000.000329,1000.000350,1000.000373,1000.000398,1000.000425,1000.000454,1000.000485,1000.000518,1000.000552,1000.000588,1000.000626,1000.000665,1000.000703,1000.000734,1000.000752,1000.000741,1000.000700,1000.000639,1000.000566,1000.000483,1000.000400,1000.000313,1000.000215,0.000000,0.000000,0.000000,0.000000,0.000000,0.000000,0.000000,0.000000,0.000000,0.000000,0.000000,0.000000,0.000000,0.000000,0.000000,0.000000,0.000000,0.000000
0.000000,0.000000,0.000000,0.000000,0.000000,0.000000,0.000000,0.000000,0.000000,0.000000,0.000000,0.000000,0.000000,0.000000,0.000000,0.000000,0.000000,1000.000221,1000.000323,1000.000413,1000.000501,1000.000587,1000.000662,1000.000718,1000.000749,1000.000751,1000.000725,1000.000684,1000.000639,1000.000597,1000.000558,1000.000520,1000.000485,1000.000451,1000.000418,1000.000387,1000.000358,1000.000331,1000.000306,1000.000283,1000.000262,1000.000243,1000.000226,1000.000210,1000.000197,1000.000186,1000.000176,1000.000168,1000.000162,1000.000158,1000.000156,1000.000155,1000.000156,1000.000158,1000.000162,1000.000168,1000.000176,1000.000186,1000.000197,1000.000210,1000.000226,1000.000243,1000.000262,1000.000283,1000.000306,1000.000331,1000.000358,1000.000387,1000.000418,1000.000451,1000.000485,1000.000520,1000.000558,1000.000597,1000.000639,1000.000684,1000.000725,1000.000751,1000.000749,1000.000718,1000.000662,1000.000587,1000.000501,1000.000413,1000.000323,1000.000221,0.000000,0.000000,0.000000,0.000000,0.000000,0.000000,0.000000,0.000000,0.000000,0.000000,0.000000,0.000000,0.000000,0.000000,0.000000,0.000000,0.000000
0.000000,0.000000,0.000000,0.000000,0.000000,0.000000,0.000000,0.000000,0.000000,0.000000,0.000000,0.000000,0.000000,0.000000,0.000000,0.000000,1000.000223,1000.000328,1000.000420,1000.000510,1000.000599,1000.000677,1000.000730,1000.000752,1000.000743,1000.000713,1000.000669,1000.000620,1000.000574,1000.000532,1000.000493,1000.000455,1000.000419,1000.000384,1000.000352,1000.000321,1000.000293,1000.000266,1000.000241,1000.000218,1000.000197,1000.000177,1000.000160,1000.000145,1000.000131,1000.000120,1000.000110,1000.000102,1000.000096,1000.000092,1000.000089,1000.000088,1000.000089,1000.000092,1000.000096,1000.000102,1000.000110,1000.000120,1000.000131,1000.000145,1000.000160,1000.000177,1000.000197,1000.000218,1000.000241,1000.000266,1000.000293,1000.000321,1000.000352,1000.000384,1000.000419,1000.000455,1000.000493,1000.000532,1000.000574,1000.000620,1000.000669,1000.000713,1000.000743,1000.000752,1000.000730,1000.000677,1000.000599,1000.000510,1000.000420,1000.000328,1000.000223,0.000000,0.000000,0.000000,0.000000,0.000000,0.000000,0.000000,0.000000,0.000000,0.000000,0.000000,0.000000,0.000000,0.000000,0.000000,0.000000
0.000000,0.000000,0.000000,0.000000,0.000000,0.000000,0.000000,0.000000,0.000000,0.000000,0.000000,0.000000,0.000000,0.000000,0.000000,1000.000221,1000.000328,1000.000422,1000.000514,1000.000605,1000.000683,1000.000736,1000.000752,1000.000734,1000.000697,1000.000652,1000.000603,1000.000555,1000.000511,1000.000470,1000.000429,1000.000391,1000.000355,1000.000321,1000.000288,1000.000258,1000.000229,1000.000202,1000.000177,1000.000154,1000.000133,1000.000114,1000.000096,1000.000081,1000.000068,1000.000056,1000.000046,1000.000038,1000.000032,1000.000028,1000.000025,1000.000024,1000.000025,1000.000028,1000.000032,1000.000038,1000.000046,1000.000056,1000.000068,1000.000081,1000.000096,1000.000114,1000.000133,1000.000154,1000.000177,1000.000202,1000.000229,1000.000258,1000.000288,1000.000321,1000.000355,1000.000391,1000.000429,1000.000470,1000.000511,1000.000555,1000.000603,1000.000652,1000.000697,1000.000734,1000.000752,1000.000736,1000.000683,1000.000605,1000.000514,1000.000422,1000.000328,1000.000221,0.000000,0.000000,0.000000,0.000000,0.000000,0.000000,0.000000,0.000000,0.000000,0.000000,0.000000,0.000000,0.000000,0.000000,0.000000
0.000000,0.000000,0.000000,0.000000,0.000000,0.000000,0.000000,0.000000,0.000000,0.000000,0.000000,0.000000,0.000000,0.000000,1000.000215,1000.000323,1000.000420,1000.000514,1000.000607,1000.000686,1000.000739,1000.000752,1000.000728,1000.000685,1000.000635,1000.000586,1000.000539,1000.000494,1000.000450,1000.000408,1000.000367,1000.000329,1000.000293,1000.000259,1000.000227,1000.000196,1000.000167,1000.000140,1000.000115,1000.000092,1000.000071,1000.000052,1000.000035,1000.000019,1000.000006,999.999994,999.999984,999.999976,999.999970,999.999965,999.999962,999.999962,999.999962,999.999965,999.999970,999.999976,999.999984,999.999994,1000.000006,1000.000019,1000.000035,1000.000052,1000.000071,1000.000092,1000.000115,1000.000140,1000.000167,1000.000196,1000.000227,1000.000259,1000.000293,1000.000329,1000.000367,1000.000408,1000.000450,1000.000494,1000.000539,1000.000586,1000.000635,1000.000685,1000.000728,1000.000752,1000.000739,1000.000686,1000.000607,1000.000514,1000.000420,1000.000323,1000.000215,0.000000,0.000000,0.000000,0.000000,0.000000,0.000000,0.000000,0.000000,0.000000,0.000000,0.000000,0.000000,0.000000,0.000000
0.000000,0.000000,0.000000,0.000000,0.000000,0.000000,0.000000,0.000000,0.000000,0.000000,0.000000,0.000000,0.000000,1000.000202,1000.000313,1000.000413,1000.000510,1000.000605,1000.000686,1000.000740,1000.000753,1000.000727,1000.000680,1000.000626,1000.000574,1000.000526,1000.000479,1000.000434,1000.000390,1000.000347,1000.000308,1000.000270,1000.000233,1000.000199,1000.000166,1000.000136,1000.000107,1000.000080,1000.000055,1000.000032,1000.000011,999.999992,999.999975,999.999959,999.999945,999.999934,999.999924,999.999915,999.999909,999.999905,999.999902,999.999901,999.999902,999.999905,999.999909,999.999915,999.999924,999.999934,999.999945,999.999959,999.999975,999.999992,1000.000011,1000.000032,1000.000055,1000.000080,1000.000107,1000.000136,1000.000166,1000.000199,1000.000233,1000.000270,1000.000308,1000.000347,1000.000390,1000.000434,1000.000479,1000.000526,1000.000574,1000.000626,1000.000680,1000.000727,1000.000753,1000.000740,1000.000686,1000.000605,1000.000510,1000.000413,1000.000313,1000.000202,0.000000,0.000000,0.000000,0.000000,0.000000,0.000000,0.000000,0.000000,0.000000,0.000000,0.000000,0.000000,0.000000
0.000000,0.000000,0.000000,0.000000,0.000000,0.000000,0.000000,0.000000,0.000000,0.000000,0.000000,0.000000,1000.000181,1000.000297,1000.000400,1000.000501,1000.000599,1000.000683,1000.000739,1000.000753,1000.000726,1000.000678,1000.000622,1000.000567,1000.000516,1000.000468,1000.000420,1000.000375,1000.000331,1000.000289,1000.000249,1000.000211,1000.000175,1000.000141,1000.000108,1000.000078,1000.000049,1000.000022,999.999997,999.999974,999.999953,999.999934,999.999916,999.999901,999.999887,999.999875,999.999865,999.999857,999.999851,999.999846,999.999843,999.999843,999.999843,999.999846,999.999851,999.999857,999.999865,999.999875,999.999887,999.999901,999.999916,999.999934,999.999953,999.999974,999.999997,1000.000022,1000.000049,1000.000078,1000.000108,1000.000141,1000.000175,1000.000211,1000.000249,1000.000289,1000.000331,1000.000375,1000.000420,1000.000468,1000.000516,1000.000567,1000.000622,1000.000678,1000.000726,1000.000753,1000.000739,1000.000683,1000.000599,1000.000501,1000.000400,1000.000297,1000.000181,0.000000,0.000000,0.000000,0.000000,0.000000,0.000000,0.000000,0.000000,0.000000,0.000000,0.000000,0.000000
0.000000,0.000000,0.000000,0.000000,0.000000,0.000000,0.000000,0.000000,0.000000,0.000000,0.000000,1000.000156,1000.000274,1000.000380,1000.000483,1000.000587,1000.000677,1000.000736,1000.000752,1000.000727,1000.000678,1000.000620,1000.000563,1000.000511,1000.000461,1000.000411,1000.000363,1000.000318,1000.000275,1000.000233,1000.000193,1000.000155,1000.000119,1000.000084,1000.000052,1000.000021,999.999993,999.999966,999.999941,999.999918,999.999897,999.999877,999.999860,999.999844,999.999830,999.999819,999.999809,999.999800,999.999794,999.999789,999.999787,999.999786,999.999787,999.999789,999.999794,999.999800,999.999809,999.999819,999.999830,999.999844,999.999860,999.999877,999.999897,999.999918,999.999941,999.999966,999.999993,1000.000021,1000.000052,1000.000084,1000.000119,1000.000155,1000.000193,1000.000233,1000.000275,1000.000318,1000.000363,1000.000411,1000.000461,1000.000511,1000.000563,1000.000620,1000.000678,1000.000727,1000.000752,1000.000736,1000.000677,1000.000587,1000.000483,1000.000380,1000.000274,1000.000156,0.000000,0.000000,0.000000,0.000000,0.000000,0.000000,0.000000,0.000000,0.000000,0.000000,0.000000
0.000000,0.000000,0.000000,0.000000,0.000000,0.000000,0.000000,0.000000,0.000000,0.000000,0.000000,1000.000244,1000.000354,1000.000459,1000.000566,1000.000662,1000.000730,1000.000752,1000.000728,1000.000680,1000.000622,1000.000563,1000.000509,1000.000457,1000.000406,1000.000356,1000.000309,1000.000264,1000.000220,1000.000178,1000.000138,1000.000100,1000.000064,1000.000030,999.999997,999.999967,999.999938,999.999911,999.999886,999.999863,999.999842,999.999823,999.999805,999.999790,999.999776,999.999764,999.999754,999.999746,999.999739,999.999735,999.999732,999.999731,999.999732,999.999735,999.999739,999.999746,999.999754,999.999764,999.999776,999.999790,999.999805,999.999823,999.999842,999.999863,999.999886,999.999911,999.999938,999.999967,999.999997,1000.000030,1000.000064,1000.000100,1000.000138,1000.000178,1000.000220,1000.000264,1000.000309,1000.000356,1000.000406,1000.000457,1000.000509,1000.000563,1000.000622,1000.000680,1000.000728,1000.000752,1000.000730,1000.000662,1000.000566,1000.000459,1000.000354,1000.000244,0.000000,0.000000,0.000000,0.000000,0.000000,0.000000,0.000000,0.000000,0.000000,0.000000,0.000000
0.000000,0.000000,0.000000,0.000000,0.000000,0.000000,0.000000,0.000000,0.000000,0.000000,1000.000211,1000.000329,1000.000433,1000.000539,1000.000639,1000.000718,1000.000752,1000.000734,1000.000685,1000.000626,1000.000567,1000.000511,1000.000457,1000.000404,1000.000352,1000.000304,1000.000256,1000.000211,1000.000167,1000.000126,1000.000086,1000.000048,1000.000011,999.999977,999.999945,999.999914,999.999885,999.999859,999.999834,999.999811,999.999789,999.999770,999.999752,999.999737,999.999723,999.999711,999.999701,999.999693,999.999686,999.999682,999.999679,999.999678,999.999679,999.999682,999.999686,999.999693,999.999701,999.999711,999.999723,999.999737,999.999752,999.999770,999.999789,999.999811,999.999834,999.999859,999.999885,999.999914,999.999945,999.999977,1000.000011,1000.000048,1000.000086,1000.000126,1000.000167,1000.000211,1000.000256,1000.000304,1000.000352,1000.000404,1000.000457,1000.000511,1000.000567,1000.000626,1000.000685,1000.000734,1000.000752,1000.000718,1000.000639,1000.000539,1000.000433,1000.000329,1000.000211,0.000000,0.000000,0.000000,0.000000,0.000000,0.000000,0.000000,0.000000,0.000000,0.000000
0.000000,0.000000,0.000000,0.000000,0.000000,0.000000,0.000000,0.000000,0.000000,1000.000175,1000.000296,1000.000405,1000.000512,1000.000615,1000.000700,1000.000749,1000.000743,1000.000697,1000.000635,1000.000574,1000.000516,1000.000461,1000.000406,1000.000352,1000.000302,1000.000253,1000.000205,1000.000160,1000.000116,1000.000075,1000.000035,999.999997,999.999961,999.999926,999.999894,999.999863,999.999835,999.999808,999.999783,999.999760,999.999738,999.999719,999.999702,999.999686,999.999672,999.999660,999.999650,999.999642,999.999635,999.999631,999.999628,999.999627,999.999628,999.999631,999.999635,999.999642,999.999650,999.999660,999.999672,999.999686,999.999702,999.999719,999.999738,999.999760,999.999783,999.999808,999.999835,999.999863,999.999894,999.999926,999.999961,999.999997,1000.000035,1000.000075,1000.000116,1000.000160,1000.000205,1000.000253,1000.000302,1000.000352,1000.000406,1000.000461,1000.000516,1000.000574,1000.000635,1000.000697,1000.000743,1000.000749,1000.000700,1000.000615,1000.000512,1000.000405,1000.000296,1000.000175,0.000000,0.000000,0.000000,0.000000,0.000000,0.000000,0.000000,0.000000,0.000000
0.000000,0.000000,0.000000,0.000000,0.000000,0.000000,0.000000,0.000000,0.000000,1000.000253,1000.000369,1000.000480,1000.000590,1000.000682,1000.000741,1000.000751,1000.000713,1000.000652,1000.000586,1000.000526,1000.000468,1000.000411,1000.000356,1000.000304,1000.000253,1000.000203,1000.000156,1000.000111,1000.000067,1000.000026,999.999986,999.999948,999.999912,999.999877,999.999845,999.999814,999.999786,999.999759,999.999734,999.999711,999.999689,999.999670,999.999653,999.999637,999.999623,999.999611,999.999601,999.999593,999.999586,999.999582,999.999579,999.999578,999.999579,999.999582,999.999586,999.999593,999.999601,999.999611,999.999623,999.999637,999.999653,999.999670,999.999689,999.999711,999.999734,999.999759,999.999786,999.999814,999.999845,999.999877,999.999912,999.999948,999.999986,1000.000026,1000.000067,1000.000111,1000.000156,1000.000203,1000.000253,1000.000304,1000.000356,1000.000411,1000.000468,1000.000526,1000.000586,1000.000652,1000.000713,1000.000751,1000.000741,1000.000682,1000.000590,1000.000480,1000.000369,1000.000253,0.000000,0.000000,0.000000,0.000000,0.000000,0.000000,0.000000,0.000000,0.000000
0.000000,0.000000,0.000000,0.000000,0.000000,0.000000,0.000000,0.000000,1000.000203,1000.000328,1000.000441,1000.000554,1000.000658,1000.000730,1000.000752,1000.000725,1000.000669,1000.000603,1000.000539,1000.000479,1000.000420,1000.000363,1000.000309,1000.000256,1000.000205,1000.000156,1000.000109,1000.000064,1000.000020,999.999978,999.999938,999.999900,999.999864,999.999830,999.999798,999.999767,999.999738,999.999712,999.999687,999.999663,999.999642,999.999623,999.999605,999.999590,999.999576,999.999564,999.999554,999.999545,999.999539,999.999534,999.999532,999.999531,999.999532,999.999534,999.999539,999.999545,999.999554,999.999564,999.999576,999.999590,999.999605,999.999623,999.999642,999.999663,999.999687,999.999712,999.999738,999.999767,999.999798,999.999830,999.999864,999.999900,999.999938,999.999978,1000.000020,1000.000064,1000.000109,1000.000156,1000.000205,1000.000256,1000.000309,1000.000363,1000.000420,1000.000479,1000.000539,1000.000603,1000.000669,1000.000725,1000.000752,1000.000730,1000.000658,1000.000554,1000.000441,1000.000328,1000.000203,0.000000,0.000000,0.000000,0.000000,0.000000,0.000000,0.000000,0.000000
0.000000,0.000000,0.000000,0.000000,0.000000,0.000000,0.000000,0.000000,1000.000274,1000.000393,1000.000509,1000.000621,1000.000711,1000.000751,1000.000734,1000.000684,1000.000620,1000.000555,1000.000494,1000.000434,1000.000375,1000.000318,1000.000264,1000.000211,1000.000160,1000.000111,1000.000064,1000.000018,999.999975,999.999933,999.999893,999.999855,999.999819,999.999785,999.999752,999.999722,999.999693,999.999666,999.999641,999.999618,999.999597,999.999577,999.999560,999.999544,999.999530,999.999518,999.999508,999.999500,999.999494,999.999489,999.999486,999.999485,999.999486,999.999489,999.999494,999.999500,999.999508,999.999518,999.999530,999.999544,999.999560,999.999577,999.999597,999.999618,999.999641,999.999666,999.999693,999.999722,999.999752,999.999785,999.999819,999.999855,999.999893,999.999933,999.999975,1000.000018,1000.000064,1000.000111,1000.000160,1000.000211,1000.000264,1000.000318,1000.000375,1000.000434,1000.000494,1000.000555,1000.000620,1000.000684,1000.000734,1000.000751,1000.000711,1000.000621,1000.000509,1000.000393,1000.000274,0.000000,0.000000,0.000000,0.000000,0.000000,0.000000,0.000000,0.000000
0.000000,0.000000,0.000000,0.000000,0.000000,0.000000,0.000000,1000.000214,1000.000342,1000.000458,1000.000574,1000.000677,1000.000742,1000.000747,1000.000703,1000.000639,1000.000574,1000.000511,1000.000450,1000.000390,1000.000331,1000.000275,1000.000220,1000.000167,1000.000116,1000.000067,1000.000020,999.999975,999.999931,999.999889,999.999850,999.999812,999.999776,999.999741,999.999709,999.999678,999.999650,999.999623,999.999598,999.999575,999.999553,999.999534,999.999516,999.999501,999.999487,999.999475,999.999465,999.999456,999.999450,999.999445,999.999443,999.999442,999.999443,999.999445,999.999450,999.999456,999.999465,999.999475,999.999487,999.999501,999.999516,999.999534,999.999553,999.999575,999.999598,999.999623,999.999650,999.999678,999.999709,999.999741,999.999776,999.999812,999.999850,999.999889,999.999931,999.999975,1000.000020,1000.000067,1000.000116,1000.000167,1000.000220,1000.000275,1000.000331,1000.000390,1000.000450,1000.000511,1000.000574,1000.000639,1000.000703,1000.000747,1000.000742,1000.000677,1000.000574,1000.000458,1000.000342,1000.000214,0.000000,0.000000,0.000000,0.000000,0.000000,0.000000,0.000000
0.000000,0.000000,0.000000,0.000000,0.000000,0.000000,0.000000,1000.000281,1000.000402,1000.000519,1000.000633,1000.000720,1000.000753,1000.000726,1000.000665,1000.000597,1000.000532,1000.000470,1000.000408,1000.000347,1000.000289,1000.000233,1000.000178,1000.000126,1000.000075,1000.000026,999.999978,999.999933,999.999889,999.999848,999.999808,999.999770,999.999734,999.999700,999.999667,999.999637,999.999608,999.999581,999.999556,999.999533,999.999512,999.999492,999.999475,999.999459,999.999445,999.999433,999.999423,999.999415,999.999408,999.999404,999.999401,999.999400,999.999401,999.999404,999.999408,999.999415,999.999423,999.999433,999.999445,999.999459,999.999475,999.999492,999.999512,999.999533,999.999556,999.999581,999.999608,999.999637,999.999667,999.999700,999.999734,999.999770,999.999808,999.999848,999.999889,999.999933,999.999978,1000.000026,1000.000075,1000.000126,1000.000178,1000.000233,1000.000289,1000.000347,1000.000408,1000.000470,1000.000532,1000.000597,1000.000665,1000.000726,1000.000753,1000.000720,1000.000633,1000.000519,1000.000402,1000.000281,0.000000,0.000000,0.000000,0.000000,0.000000,0.000000,0.000000
0.000000,0.000000,0.000000,0.000000,0.000000,0.000000,1000.000215,1000.000345,1000.000462,1000.000579,1000.000683,1000.000746,1000.000746,1000.000696,1000.000626,1000.000558,1000.000493,1000.000429,1000.000367,1000.000308,1000.000249,1000.000193,1000.000138,1000.000086,1000.000035,999.999986,999.999938,999.999893,999.999850,999.999808,999.999768,999.999730,999.999694,999.999660,999.999627,999.999597,999.999568,999.999541,999.999516,999.999493,999.999472,999.999453,999.999435,999.999419,999.999405,999.999393,999.999383,999.999375,999.999368,999.999364,999.999361,999.999360,999.999361,999.999364,999.999368,999.999375,999.999383,999.999393,999.999405,999.999419,999.999435,999.999453,999.999472,999.999493,999.999516,999.999541,999.999568,999.999597,999.999627,999.999660,999.999694,999.999730,999.999768,999.999808,999.999850,999.999893,999.999938,999.999986,1000.000035,1000.000086,1000.000138,1000.000193,1000.000249,1000.000308,1000.000367,1000.000429,1000.000493,1000.000558,1000.000626,1000.000696,1000.000746,1000.000746,1000.000683,1000.000579,1000.000462,1000.000345,1000.000215,0.000000,0.000000,0.000000,0.000000,0.000000,0.000000
0.000000,0.000000,0.000000,0.000000,0.000000,0.000000,1000.000277,1000.000401,1000.000520,1000.000634,1000.000722,1000.000754,1000.000725,1000.000660,1000.000588,1000.000520,1000.000455,1000.000391,1000.000329,1000.000270,1000.000211,1000.000155,1000.000100,1000.000048,999.999997,999.999948,999.999900,999.999855,999.999812,999.999770,999.999730,999.999692,999.999656,999.999622,999.999589,999.999559,999.999530,999.999503,999.999478,999.999455,999.999434,999.999415,999.999397,999.999381,999.999367,999.999355,999.999345,999.999337,999.999330,999.999326,999.999323,999.999322,999.999323,999.999326,999.999330,999.999337,999.999345,999.999355,999.999367,999.999381,999.999397,999.999415,999.999434,999.999455,999.999478,999.999503,999.999530,999.999559,999.999589,999.999622,999.999656,999.999692,999.999730,999.999770,999.999812,999.999855,999.999900,999.999948,999.999997,1000.000048,1000.000100,1000.000155,1000.000211,1000.000270,1000.000329,1000.000391,1000.000455,1000.000520,1000.000588,1000.000660,1000.000725,1000.000754,1000.000722,1000.000634,1000.000520,1000.000401,1000.000277,0.000000,0.000000,0.000000,0.000000,0.000000,0.000000
0.000000,0.000000,0.000000,0.000000,0.000000,1000.000205,1000.000337,1000.000456,1000.000576,1000.000682,1000.000746,1000.000746,1000.000694,1000.000623,1000.000552,1000.000485,1000.000419,1000.000355,1000.000293,1000.000233,1000.000175,1000.000119,1000.000064,1000.000011,999.999961,999.999912,999.999864,999.999819,999.999776,999.999734,999.999694,999.999656,999.999620,999.999586,999.999553,999.999523,999.999494,999.999467,999.999442,999.999419,999.999398,999.999378,999.999361,999.999345,999.999331,999.999319,999.999309,999.999301,999.999294,999.999290,999.999287,999.999286,999.999287,999.999290,999.999294,999.999301,999.999309,999.999319,999.999331,999.999345,999.999361,999.999378,999.999398,999.999419,999.999442,999.999467,999.999494,999.999523,999.999553,999.999586,999.999620,999.999656,999.999694,999.999734,999.999776,999.999819,999.999864,999.999912,999.999961,1000.000011,1000.000064,1000.000119,1000.000175,1000.000233,1000.000293,1000.000355,1000.000419,1000.000485,1000.000552,1000.000623,1000.000694,1000.000746,1000.000746,1000.000682,1000.000576,1000.000456,1000.000337,1000.000205,0.000000,0.000000,0.000000,0.000000,0.000000
0.000000,0.000000,0.000000,0.000000,0.000000,1000.000260,1000.000387,1000.000509,1000.000628,1000.000719,1000.000754,1000.000725,1000.000660,1000.000587,1000.000518,1000.000451,1000.000384,1000.000321,1000.000259,1000.000199,1000.000141,1000.000084,1000.000030,999.999977,999.999926,999.999877,999.999830,999.999785,999.999741,999.999700,999.999660,999.999622,999.999586,999.999552,999.999519,999.999489,999.999460,999.999433,999.999408,999.999385,999.999364,999.999344,999.999327,999.999311,999.999297,999.999285,999.999275,999.999267,999.999260,999.999255,999.999253,999.999252,999.999253,999.999255,999.999260,999.999267,999.999275,999.999285,999.999297,999.999311,999.999327,999.999344,999.999364,999.999385,999.999408,999.999433,999.999460,999.999489,999.999519,999.999552,999.999586,999.999622,999.999660,999.999700,999.999741,999.999785,999.999830,999.999877,999.999926,999.999977,1000.000030,1000.000084,1000.000141,1000.000199,1000.000259,1000.000321,1000.000384,1000.000451,1000.000518,1000.000587,1000.000660,1000.000725,1000.000754,1000.000719,1000.000628,1000.000509,1000.000387,1000.000260,0.000000,0.000000,0.000000,0.000000,0.000000
0.000000,0.000000,0.000000,0.000000,1000.000180,1000.000313,1000.000436,1000.000560,1000.000672,1000.000743,1000.000747,1000.000697,1000.000626,1000.000554,1000.000485,1000.000418,1000.000352,1000.000288,1000.000227,1000.000166,1000.000108,1000.000052,999.999997,999.999945,999.999894,999.999845,999.999798,999.999752,999.999709,999.999667,999.999627,999.999589,999.999553,999.999519,999.999487,999.999456,999.999427,999.999401,999.999376,999.999353,999.999331,999.999312,999.999294,999.999279,999.999265,999.999253,999.999242,999.999234,999.999228,999.999223,999.999220,999.999219,999.999220,999.999223,999.999228,999.999234,999.999242,999.999253,999.999265,999.999279,999.999294,999.999312,999.999331,999.999353,999.999376,999.999401,999.999427,999.999456,999.999487,999.999519,999.999553,999.999589,999.999627,999.999667,999.999709,999.999752,999.999798,999.999845,999.999894,999.999945,999.999997,1000.000052,1000.000108,1000.000166,1000.000227,1000.000288,1000.000352,1000.000418,1000.000485,1000.000554,1000.000626,1000.000697,1000.000747,1000.000743,1000.000672,1000.000560,1000.000436,1000.000313,1000.000180,0.000000,0.000000,0.000000,0.000000
0.000000,0.000000,0.000000,0.000000,1000.000229,1000.000357,1000.000481,1000.000605,1000.000707,1000.000752,1000.000729,1000.000666,1000.000593,1000.000523,1000.000454,1000.000387,1000.000321,1000.000258,1000.000196,1000.000136,1000.000078,1000.000021,999.999967,999.999914,999.999863,999.999814,999.999767,999.999722,999.999678,999.999637,999.999597,999.999559,999.999523,999.999489,999.999456,999.999426,999.999397,999.999370,999.999345,999.999322,999.999301,999.999281,999.999264,999.999248,999.999234,999.999222,999.999212,999.999204,999.999197,999.999192,999.999190,999.999189,999.999190,999.999192,999.999197,999.999204,999.999212,999.999222,999.999234,999.999248,999.999264,999.999281,999.999301,999.999322,999.999345,999.999370,999.999397,999.999426,999.999456,999.999489,999.999523,999.999559,999.999597,999.999637,999.999678,999.999722,999.999767,999.999814,999.999863,999.999914,999.999967,1000.000021,1000.000078,1000.000136,1000.000196,1000.000258,1000.000321,1000.000387,1000.000454,1000.000523,1000.000593,1000.000666,1000.000729,1000.000752,1000.000707,1000.000605,1000.000481,1000.000357,1000.000229,0.000000,0.000000,0.000000,0.000000
