0.000000,0.000000,0.000000,0.000000,0.000000,0.000000,0.000000,0.000000,0.000000,0.000000,0.000000,0.000000,0.000000,0.000000,0.000000,0.000000,0.000000,0.000000,0.000000,0.000000,0.000000,0.000000,0.000000,0.000000,0.000000,0.000000,0.000000,0.000000,0.000000,0.000000,0.000000,0.000000,0.000000,0.000000,0.000000,0.000000,0.000000,0.000000,0.000000,0.000000,0.000000,0.000000,0.000000,0.000000,0.000000,0.000000,0.000000,0.000000,0.000000,0.000000,0.000000,0.000000,0.000000,0.000000,0.000000,0.000000,0.000000,0.000000,0.000000,0.000000,0.000000,0.000000,0.000000,0.000000,0.000000,0.000000,0.000000,0.000000,0.000000,0.000000,0.000000,0.000000,0.000000,0.000000,0.000000,0.000000,0.000000,0.000000,0.000000,0.000000,0.000000,0.000000,0.000000,0.000000,0.000000,0.000000,0.000000,0.000000,0.000000,0.000000,0.000000,0.000000,0.000000,0.000000,0.000000,0.000000,0.000000,0.000000,0.000000,0.000000,0.000000,0.000000,0.000000
0.000000,0.000000,0.000000,0.000000,0.000000,0.000000,0.000000,0.000000,0.000000,0.000000,0.000000,0.000000,0.000000,0.000000,0.000000,0.000000,0.000000,0.000000,0.000000,0.000000,0.000000,0.000000,0.000000,0.000000,0.000000,0.000000,0.000000,0.000000,0.000000,0.000000,0.000000,0.000000,0.000000,0.000000,0.000000,0.000000,0.000000,0.000000,0.000000,0.000000,0.000000,0.000000,0.000000,0.000000,0.000000,0.000000,0.000000,0.000000,0.000000,0.000000,0.000000,1000.000100,0.000000,0.000000,0.000000,0.000000,0.000000,0.000000,0.000000,0.000000,0.000000,0.000000,0.000000,0.000000,0.000000,0.000000,0.000000,0.000000,0.000000,0.000000,0.000000,0.000000,0.000000,0.000000,0.000000,0.000000,0.000000,0.000000,0.000000,0.000000,0.000000,0.000000,0.000000,0.000000,0.000000,0.000000,0.000000,0.000000,0.000000,0.000000,0.000000,0.000000,0.000000,0.000000,0.000000,0.000000,0.000000,0.000000,0.000000,0.000000,0.000000,0.000000,0.000000
0.000000,0.000000,0.000000,0.000000,0.000000,0.000000,0.000000,0.000000,0.000000,0.000000,0.000000,0.000000,0.000000,0.000000,0.000000,0.000000,0.000000,0.000000,0.000000,0.000000,0.000000,0.000000,0.000000,0.000000,0.000000,0.000000,0.000000,0.000000,0.000000,0.000000,0.000000,0.000000,0.000000,0.000000,0.000000,0.000000,0.000000,0.000000,0.000000,0.000000,0.000000,0.000000,1000.000181,1000.000211,1000.000226,1000.000234,1000.000238,1000.000239,1000.000240,1000.000238,1000.000237,1000.000244,1000.000237,1000.000238,1000.000240,1000.000239,1000.000238,1000.000234,1000.000226,1000.000211,1000.000181,0.000000,0.000000,0.000000,0.000000,0.000000,0.000000,0.000000,0.000000,0.000000,0.000000,0.000000,0.000000,0.000000,0.000000,0.000000,0.000000,0.000000,0.000000,0.000000,0.000000,0.000000,0.000000,0.000000,0.000000,0.000000,0.000000,0.000000,0.000000,0.000000,0.000000,0.000000,0.000000,0.000000,0.000000,0.000000,0.000000,0.000000,0.000000,0.000000,0.000000,0.000000,0.000000
0.000000,0.000000,0.000000,0.000000,0.000000,0.000000,0.000000,0.000000,0.000000,0.000000,0.000000,0.000000,0.000000,0.000000,0.000000,0.000000,0.000000,0.000000,0.000000,0.000000,0.000000,0.000000,0.000000,0.000000,0.000000,0.000000,0.000000,0.000000,0.000000,0.000000,0.000000,0.000000,0.000000,0.000000,0.000000,0.000000,0.000000,1000.000175,1000.000218,1000.000253,1000.000281,1000.000303,1000.000325,1000.000344,1000.000358,1000.000368,1000.000374,1000.000377,1000.000378,1000.000378,1000.000378,1000.000379,1000.000378,1000.000378,1000.000378,1000.000377,1000.000374,1000.000368,1000.000358,1000.000344,1000.000325,1000.000303,1000.000281,1000.000253,1000.000218,1000.000175,0.000000,0.000000,0.000000,0.000000,0.000000,0.000000,0.000000,0.000000,0.000000,0.000000,0.000000,0.000000,0.000000,0.000000,0.000000,0.000000,0.000000,0.000000,0.000000,0.000000,0.000000,0.000000,0.000000,0.000000,0.000000,0.000000,0.000000,0.000000,0.000000,0.000000,0.000000,0.000000,0.000000,0.000000,0.000000,0.000000,0.000000
0.000000,0.000000,0.000000,0.000000,0.000000,0.000000,0.000000,0.000000,0.000000,0.000000,0.000000,0.000000,0.000000,0.000000,0.000000,0.000000,0.000000,0.000000,0.000000,0.000000,0.000000,0.000000,0.000000,0.000000,0.000000,0.000000,0.000000,0.000000,0.000000,0.000000,0.000000,0.000000,0.000000,0.000000,1000.000182,1000.000232,1000.000273,1000.000314,1000.000349,1000.000382,1000.000412,1000.000437,1000.000460,1000.000479,1000.000493,1000.000501,1000.000507,1000.000510,1000.000511,1000.000512,1000.000513,1000.000512,1000.000513,1000.000512,1000.000511,1000.000510,1000.000507,1000.000501,1000.000493,1000.000479,1000.000460,1000.000437,1000.000412,1000.000382,1000.000349,1000.000314,1000.000273,1000.000232,1000.000182,0.000000,0.000000,0.000000,0.000000,0.000000,0.000000,0.000000,0.000000,0.000000,0.000000,0.000000,0.000000,0.000000,0.000000,0.000000,0.000000,0.000000,0.000000,0.000000,0.000000,0.000000,0.000000,0.000000,0.000000,0.000000,0.000000,0.000000,0.000000,0.000000,0.000000,0.000000,0.000000,0.000000,0.000000
0.000000,0.000000,0.000000,0.000000,0.000000,0.000000,0.000000,0.000000,0.000000,0.000000,0.000000,0.000000,0.000000,0.000000,0.000000,0.000000,0.000000,0.000000,0.000000,0.000000,0.000000,0.000000,0.000000,0.000000,0.000000,0.000000,0.000000,0.000000,0.000000,0.000000,0.000000,0.000000,1000.000208,1000.000264,1000.000317,1000.000362,1000.000402,1000.000443,1000.000479,1000.000511,1000.000540,1000.000568,1000.000593,1000.000611,1000.000624,1000.000631,1000.000635,1000.000637,1000.000638,1000.000639,1000.000639,1000.000639,1000.000639,1000.000639,1000.000638,1000.000637,1000.000635,1000.000631,1000.000624,1000.000611,1000.000593,1000.000568,1000.000540,1000.000511,1000.000479,1000.000443,1000.000402,1000.000362,1000.000317,1000.000264,1000.000208,0.000000,0.000000,0.000000,0.000000,0.000000,0.000000,0.000000,0.000000,0.000000,0.000000,0.000000,0.000000,0.000000,0.000000,0.000000,0.000000,0.000000,0.000000,0.000000,0.000000,0.000000,0.000000,0.000000,0.000000,0.000000,0.000000,0.000000,0.000000,0.000000,0.000000,0.000000,0.000000
0.000000,0.000000,0.000000,0.000000,0.000000,0.000000,0.000000,0.000000,0.000000,0.000000,0.000000,0.000000,0.000000,0.000000,0.000000,0.000000,0.000000,0.000000,0.000000,0.000000,0.000000,0.000000,0.000000,0.000000,0.000000,0.000000,0.000000,0.000000,0.000000,0.000000,1000.000218,1000.000280,1000.000341,1000.000392,1000.000442,1000.000487,1000.000531,1000.000571,1000.000606,1000.000636,1000.000661,1000.000684,1000.000704,1000.000717,1000.000724,1000.000728,1000.000730,1000.000730,1000.000731,1000.000731,1000.000731,1000.000731,1000.000731,1000.000731,1000.000731,1000.000730,1000.000730,1000.000728,1000.000724,1000.000717,1000.000704,1000.000684,1000.000661,1000.000636,1000.000606,1000.000571,1000.000531,1000.000487,1000.000442,1000.000392,1000.000341,1000.000280,1000.000218,0.000000,0.000000,0.000000,0.000000,0.000000,0.000000,0.000000,0.000000,0.000000,0.000000,0.000000,0.000000,0.000000,0.000000,0.000000,0.000000,0.000000,0.000000,0.000000,0.000000,0.000000,0.000000,0.000000,0.000000,0.000000,0.000000,0.000000,0.000000,0.000000,0.000000
0.000000,0.000000,0.000000,0.000000,0.000000,0.000000,0.000000,0.000000,0.000000,0.000000,0.000000,0.000000,0.000000,0.000000,0.000000,0.000000,0.000000,0.000000,0.000000,0.000000,0.000000,0.000000,0.000000,0.000000,0.000000,0.000000,0.000000,0.000000,1000.000217,1000.000284,1000.000349,1000.000406,1000.000462,1000.000516,1000.000567,1000.000613,1000.000652,1000.000686,1000.000713,1000.000731,1000.000744,1000.000752,1000.000754,1000.000753,1000.000751,1000.000750,1000.000749,1000.000748,1000.000747,1000.000747,1000.000746,1000.000746,1000.000746,1000.000747,1000.000747,1000.000748,1000.000749,1000.000750,1000.000751,1000.000753,1000.000754,1000.000752,1000.000744,1000.000731,1000.000713,1000.000686,1000.000652,1000.000613,1000.000567,1000.000516,1000.000462,1000.000406,1000.000349,1000.000284,1000.000217,0.000000,0.000000,0.000000,0.000000,0.000000,0.000000,0.000000,0.000000,0.000000,0.000000,0.000000,0.000000,0.000000,0.000000,0.000000,0.000000,0.000000,0.000000,0.000000,0.000000,0.000000,0.000000,0.000000,0.000000,0.000000,0.000000,0.000000,0.000000
0.000000,0.000000,0.000000,0.000000,0.000000,0.000000,0.000000,0.000000,0.000000,0.000000,0.000000,0.000000,0.000000,0.000000,0.000000,0.000000,0.000000,0.000000,0.000000,0.000000,0.000000,0.000000,0.000000,0.000000,0.000000,0.000000,1000.000206,1000.000278,1000.000347,1000.000407,1000.000468,1000.000526,1000.000583,1000.000635,1000.000680,1000.000716,1000.000739,1000.000754,1000.000761,1000.000759,1000.000754,1000.000745,1000.000730,1000.000717,1000.000707,1000.000700,1000.000697,1000.000694,1000.000692,1000.000691,1000.000690,1000.000690,1000.000690,1000.000691,1000.000692,1000.000694,1000.000697,1000.000700,1000.000707,1000.000717,1000.000730,1000.000745,1000.000754,1000.000759,1000.000761,1000.000754,1000.000739,1000.000716,1000.000680,1000.000635,1000.000583,1000.000526,1000.000468,1000.000407,1000.000347,1000.000278,1000.000206,0.000000,0.000000,0.000000,0.000000,0.000000,0.000000,0.000000,0.000000,0.000000,0.000000,0.000000,0.000000,0.000000,0.000000,0.000000,0.000000,0.000000,0.000000,0.000000,0.000000,0.000000,0.000000,0.000000,0.000000,0.000000,0.000000
0.000000,0.000000,0.000000,0.000000,0.000000,0.000000,0.000000,0.000000,0.000000,0.000000,0.000000,0.000000,0.000000,0.000000,0.000000,0.000000,0.000000,0.000000,0.000000,0.000000,0.000000,0.000000,0.000000,0.000000,1000.000177,1000.000256,1000.000332,1000.000398,1000.000464,1000.000526,1000.000587,1000.000642,1000.000690,1000.000728,1000.000752,1000.000761,1000.000760,1000.000751,1000.000735,1000.000718,1000.000701,1000.000682,1000.000663,1000.000646,1000.000633,1000.000624,1000.000619,1000.000614,1000.000611,1000.000609,1000.000608,1000.000607,1000.000608,1000.000609,1000.000611,1000.000614,1000.000619,1000.000624,1000.000633,1000.000646,1000.000663,1000.000682,1000.000701,1000.000718,1000.000735,1000.000751,1000.000760,1000.000761,1000.000752,1000.000728,1000.000690,1000.000642,1000.000587,1000.000526,1000.000464,1000.000398,1000.000332,1000.000256,1000.000177,0.000000,0.000000,0.000000,0.000000,0.000000,0.000000,0.000000,0.000000,0.000000,0.000000,0.000000,0.000000,0.000000,0.000000,0.000000,0.000000,0.000000,0.000000,0.000000,0.000000,0.000000,0.000000,0.000000,0.000000
0.000000,0.000000,0.000000,0.000000,0.000000,0.000000,0.000000,0.000000,0.000000,0.000000,0.000000,0.000000,0.000000,0.000000,0.000000,0.000000,0.000000,0.000000,0.000000,0.000000,0.000000,0.000000,0.000000,1000.000213,1000.000300,1000.000374,1000.000446,1000.000515,1000.000581,1000.000641,1000.000691,1000.000731,1000.000755,1000.000763,1000.000756,1000.000738,1000.000716,1000.000692,1000.000668,1000.000645,1000.000624,1000.000605,1000.000587,1000.000570,1000.000558,1000.000548,1000.000540,1000.000535,1000.000531,1000.000528,1000.000526,1000.000526,1000.000526,1000.000528,1000.000531,1000.000535,1000.000540,1000.000548,1000.000558,1000.000570,1000.000587,1000.000605,1000.000624,1000.000645,1000.000668,1000.000692,1000.000716,1000.000738,1000.000756,1000.000763,1000.000755,1000.000731,1000.000691,1000.000641,1000.000581,1000.000515,1000.000446,1000.000374,1000.000300,1000.000213,0.000000,0.000000,0.000000,0.000000,0.000000,0.000000,0.000000,0.000000,0.000000,0.000000,0.000000,0.000000,0.000000,0.000000,0.000000,0.000000,0.000000,0.000000,0.000000,0.000000,0.000000,0.000000,0.000000
0.000000,0.000000,0.000000,0.000000,0.000000,0.000000,0.000000,0.000000,0.000000,0.000000,0.000000,0.000000,0.000000,0.000000,0.000000,0.000000,0.000000,0.000000,0.000000,0.000000,0.000000,1000.000158,1000.000247,1000.000333,1000.000410,1000.000487,1000.000561,1000.000629,1000.000686,1000.000729,1000.000755,1000.000764,1000.000756,1000.000734,1000.000705,1000.000675,1000.000645,1000.000617,1000.000592,1000.000569,1000.000548,1000.000529,1000.000511,1000.000496,1000.000483,1000.000472,1000.000464,1000.000458,1000.000453,1000.000450,1000.000448,1000.000447,1000.000448,1000.000450,1000.000453,1000.000458,1000.000464,1000.000472,1000.000483,1000.000496,1000.000511,1000.000529,1000.000548,1000.000569,1000.000592,1000.000617,1000.000645,1000.000675,1000.000705,1000.000734,1000.000756,1000.000764,1000.000755,1000.000729,1000.000686,1000.000629,1000.000561,1000.000487,1000.000410,1000.000333,1000.000247,1000.000158,0.000000,0.000000,0.000000,0.000000,0.000000,0.000000,0.000000,0.000000,0.000000,0.000000,0.000000,0.000000,0.000000,0.000000,0.000000,0.000000,0.000000,0.000000,0.000000,0.000000,0.000000
0.000000,0.000000,0.000000,0.000000,0.000000,0.000000,0.000000,0.000000,0.000000,0.000000,0.000000,0.000000,0.000000,0.000000,0.000000,0.000000,0.000000,0.000000,0.000000,0.000000,1000.000184,1000.000278,1000.000359,1000.000439,1000.000519,1000.000597,1000.000667,1000.000720,1000.000752,1000.000763,1000.000756,1000.000734,1000.000703,1000.000669,1000.000634,1000.000601,1000.000571,1000.000544,1000.000519,1000.000496,1000.000475,1000.000455,1000.000438,1000.000423,1000.000410,1000.000399,1000.000390,1000.000383,1000.000378,1000.000374,1000.000372,1000.000371,1000.000372,1000.000374,1000.000378,1000.000383,1000.000390,1000.000399,1000.000410,1000.000423,1000.000438,1000.000455,1000.000475,1000.000496,1000.000519,1000.000544,1000.000571,1000.000601,1000.000634,1000.000669,1000.000703,1000.000734,1000.000756,1000.000763,1000.000752,1000.000720,1000.000667,1000.000597,1000.000519,1000.000439,1000.000359,1000.000278,1000.000184,0.000000,0.000000,0.000000,0.000000,0.000000,0.000000,0.000000,0.000000,0.000000,0.000000,0.000000,0.000000,0.000000,0.000000,0.000000,0.000000,0.000000,0.000000,0.000000,0.000000
0.000000,0.000000,0.000000,0.000000,0.000000,0.000000,0.000000,0.000000,0.000000,0.000000,0.000000,0.000000,0.000000,0.000000,0.000000,0.000000,0.000000,0.000000,0.000000,1000.000204,1000.000301,1000.000385,1000.000465,1000.000546,1000.000623,1000.000691,1000.000740,1000.000760,1000.000756,1000.000735,1000.000704,1000.000668,1000.000631,1000.000595,1000.000561,1000.000530,1000.000501,1000.000473,1000.000448,1000.000424,1000.000403,1000.000384,1000.000367,1000.000351,1000.000338,1000.000327,1000.000318,1000.000310,1000.000304,1000.000301,1000.000298,1000.000298,1000.000298,1000.000301,1000.000304,1000.000310,1000.000318,1000.000327,1000.000338,1000.000351,1000.000367,1000.000384,1000.000403,1000.000424,1000.000448,1000.000473,1000.000501,1000.000530,1000.000561,1000.000595,1000.000631,1000.000668,1000.000704,1000.000735,1000.000756,1000.000760,1000.000740,1000.000691,1000.000623,1000.000546,1000.000465,1000.000385,1000.000301,1000.000204,0.000000,0.000000,0.000000,0.000000,0.000000,0.000000,0.000000,0.000000,0.000000,0.000000,0.000000,0.000000,0.000000,0.000000,0.000000,0.000000,0.000000,0.000000,0.000000
0.000000,0.000000,0.000000,0.000000,0.000000,0.000000,0.000000,0.000000,0.000000,0.000000,0.000000,0.000000,0.000000,0.000000,0.000000,0.000000,0.000000,0.000000,1000.000217,1000.000317,1000.000405,1000.000490,1000.000573,1000.000647,1000.000709,1000.000751,1000.000761,1000.000744,1000.000711,1000.000674,1000.000634,1000.000596,1000.000559,1000.000524,1000.000492,1000.000460,1000.000431,1000.000403,1000.000378,1000.000355,1000.000333,1000.000314,1000.000297,1000.000281,1000.000268,1000.000256,1000.000247,1000.000239,1000.000233,1000.000229,1000.000227,1000.000226,1000.000227,1000.000229,1000.000233,1000.000239,1000.000247,1000.000256,1000.000268,1000.000281,1000.000297,1000.000314,1000.000333,1000.000355,1000.000378,1000.000403,1000.000431,1000.000460,1000.000492,1000.000524,1000.000559,1000.000596,1000.000634,1000.000674,1000.000711,1000.000744,1000.000761,1000.000751,1000.000709,1000.000647,1000.000573,1000.000490,1000.000405,1000.000317,1000.000217,0.000000,0.000000,0.000000,0.000000,0.000000,0.000000,0.000000,0.000000,0.000000,0.000000,0.000000,0.000000,0.000000,0.000000,0.000000,0.000000,0.000000,0.000000
0.000000,0.000000,0.000000,0.000000,0.000000,0.000000,0.000000,0.000000,0.000000,0.000000,0.000000,0.000000,0.000000,0.000000,0.000000,0.000000,0.000000,1000.000224,1000.000327,1000.000418,1000.000507,1000.000595,1000.000671,1000.000727,1000.000758,1000.000760,1000.000734,1000.000692,1000.000647,1000.000604,1000.000565,1000.000527,1000.000491,1000.000456,1000.000423,1000.000392,1000.000362,1000.000335,1000.000310,1000.000287,1000.000265,1000.000246,1000.000229,1000.000213,1000.000200,1000.000188,1000.000178,1000.000170,1000.000164,1000.000160,1000.000158,1000.000157,1000.000158,1000.000160,1000.000164,1000.000170,1000.000178,1000.000188,1000.000200,1000.000213,1000.000229,1000.000246,1000.000265,1000.000287,1000.000310,1000.000335,1000.000362,1000.000392,1000.000423,1000.000456,1000.000491,1000.000527,1000.000565,1000.000604,1000.000647,1000.000692,1000.000734,1000.000760,1000.000758,1000.000727,1000.000671,1000.000595,1000.000507,1000.000418,1000.000327,1000.000224,0.000000,0.000000,0.000000,0.000000,0.000000,0.000000,0.000000,0.000000,0.000000,0.000000,0.000000,0.000000,0.000000,0.000000,0.000000,0.000000,0.000000
0.000000,0.000000,0.000000,0.000000,0.000000,0.000000,0.000000,0.000000,0.000000,0.000000,0.000000,0.000000,0.000000,0.000000,0.000000,0.000000,1000.000226,1000.000332,1000.000425,1000.000517,1000.000607,1000.000685,1000.000739,1000.000761,1000.000753,1000.000722,1000.000678,1000.000628,1000.000581,1000.000539,1000.000499,1000.000461,1000.000424,1000.000389,1000.000356,1000.000326,1000.000296,1000.000269,1000.000244,1000.000220,1000.000199,1000.000180,1000.000162,1000.000147,1000.000133,1000.000121,1000.000112,1000.000104,1000.000097,1000.000093,1000.000090,1000.000090,1000.000090,1000.000093,1000.000097,1000.000104,1000.000112,1000.000121,1000.000133,1000.000147,1000.000162,1000.000180,1000.000199,1000.000220,1000.000244,1000.000269,1000.000296,1000.000326,1000.000356,1000.000389,1000.000424,1000.000461,1000.000499,1000.000539,1000.000581,1000.000628,1000.000678,1000.000722,1000.000753,1000.000761,1000.000739,1000.000685,1000.000607,1000.000517,1000.000425,1000.000332,1000.000226,0.000000,0.000000,0.000000,0.000000,0.000000,0.000000,0.000000,0.000000,0.000000,0.000000,0.000000,0.000000,0.000000,0.000000,0.000000,0.000000
0.000000,0.000000,0.000000,0.000000,0.000000,0.000000,0.000000,0.000000,0.000000,0.000000,0.000000,0.000000,0.000000,0.000000,0.000000,1000.000224,1000.000332,1000.000427,1000.000521,1000.000613,1000.000692,1000.000745,1000.000761,1000.000743,1000.000706,1000.000660,1000.000611,1000.000562,1000.000518,1000.000476,1000.000435,1000.000396,1000.000360,1000.000325,1000.000292,1000.000261,1000.000232,1000.000205,1000.000179,1000.000156,1000.000135,1000.000115,1000.000098,1000.000082,1000.000068,1000.000057,1000.000047,1000.000039,1000.000032,1000.000028,1000.000025,1000.000024,1000.000025,1000.000028,1000.000032,1000.000039,1000.000047,1000.000057,1000.000068,1000.000082,1000.000098,1000.000115,1000.000135,1000.000156,1000.000179,1000.000205,1000.000232,1000.000261,1000.000292,1000.000325,1000.000360,1000.000396,1000.000435,1000.000476,1000.000518,1000.000562,1000.000611,1000.000660,1000.000706,1000.000743,1000.000761,1000.000745,1000.000692,1000.000613,1000.000521,1000.000427,1000.000332,1000.000224,0.000000,0.000000,0.000000,0.000000,0.000000,0.000000,0.000000,0.000000,0.000000,0.000000,0.000000,0.000000,0.000000,0.000000,0.000000
0.000000,0.000000,0.000000,0.000000,0.000000,0.000000,0.000000,0.000000,0.000000,0.000000,0.000000,0.000000,0.000000,0.000000,1000.000217,1000.000327,1000.000425,1000.000521,1000.000615,1000.000695,1000.000748,1000.000762,1000.000738,1000.000694,1000.000644,1000.000594,1000.000546,1000.000500,1000.000456,1000.000413,1000.000372,1000.000334,1000.000297,1000.000262,1000.000229,1000.000198,1000.000169,1000.000142,1000.000117,1000.000094,1000.000072,1000.000053,1000.000035,1000.000019,1000.000006,999.999994,999.999984,999.999976,999.999969,999.999965,999.999962,999.999961,999.999962,999.999965,999.999969,999.999976,999.999984,999.999994,1000.000006,1000.000019,1000.000035,1000.000053,1000.000072,1000.000094,1000.000117,1000.000142,1000.000169,1000.000198,1000.000229,1000.000262,1000.000297,1000.000334,1000.000372,1000.000413,1000.000456,1000.000500,1000.000546,1000.000594,1000.000644,1000.000694,1000.000738,1000.000762,1000.000748,1000.000695,1000.000615,1000.000521,1000.000425,1000.000327,1000.000217,0.000000,0.000000,0.000000,0.000000,0.000000,0.000000,0.000000,0.000000,0.000000,0.000000,0.000000,0.000000,0.000000,0.000000
0.000000,0.000000,0.000000,0.000000,0.000000,0.000000,0.000000,0.000000,0.000000,0.000000,0.000000,0.000000,0.000000,1000.000204,1000.000317,1000.000418,1000.000517,1000.000613,1000.000695,1000.000749,1000.000762,1000.000736,1000.000689,1000.000634,1000.000581,1000.000532,1000.000485,1000.000439,1000.000394,1000.000352,1000.000312,1000.000273,1000.000236,1000.000201,1000.000169,1000.000138,1000.000109,1000.000081,1000.000056,1000.000033,1000.000011,999.999992,999.999974,999.999958,999.999945,999.999933,999.999923,999.999914,999.999908,999.999903,999.999901,999.999900,999.999901,999.999903,999.999908,999.999914,999.999923,999.999933,999.999945,999.999958,999.999974,999.999992,1000.000011,1000.000033,1000.000056,1000.000081,1000.000109,1000.000138,1000.000169,1000.000201,1000.000236,1000.000273,1000.000312,1000.000352,1000.000394,1000.000439,1000.000485,1000.000532,1000.000581,1000.000634,1000.000689,1000.000736,1000.000762,1000.000749,1000.000695,1000.000613,1000.000517,1000.000418,1000.000317,1000.000204,0.000000,0.000000,0.000000,0.000000,0.000000,0.000000,0.000000,0.000000,0.000000,0.000000,0.000000,0.000000,0.000000
0.000000,0.000000,0.000000,0.000000,0.000000,0.000000,0.000000,0.000000,0.000000,0.000000,0.000000,0.000000,1000.000184,1000.000301,1000.000405,1000.000507,1000.000607,1000.000692,1000.000748,1000.000762,1000.000735,1000.000687,1000.000630,1000.000574,1000.000523,1000.000474,1000.000426,1000.000379,1000.000335,1000.000293,1000.000253,1000.000214,1000.000177,1000.000143,1000.000110,1000.000079,1000.000050,1000.000022,999.999997,999.999974,999.999952,999.999933,999.999915,999.999899,999.999886,999.999874,999.999863,999.999855,999.999849,999.999844,999.999841,999.999841,999.999841,999.999844,999.999849,999.999855,999.999863,999.999874,999.999886,999.999899,999.999915,999.999933,999.999952,999.999974,999.999997,1000.000022,1000.000050,1000.000079,1000.000110,1000.000143,1000.000177,1000.000214,1000.000253,1000.000293,1000.000335,1000.000379,1000.000426,1000.000474,1000.000523,1000.000574,1000.000630,1000.000687,1000.000735,1000.000762,1000.000748,1000.000692,1000.000607,1000.000507,1000.000405,1000.000301,1000.000184,0.000000,0.000000,0.000000,0.000000,0.000000,0.000000,0.000000,0.000000,0.000000,0.000000,0.000000,0.000000
0.000000,0.000000,0.000000,0.000000,0.000000,0.000000,0.000000,0.000000,0.000000,0.000000,0.000000,1000.000158,1000.000278,1000.000385,1000.000490,1000.000595,1000.000685,1000.000745,1000.000762,1000.000736,1000.000687,1000.000628,1000.000571,1000.000518,1000.000467,1000.000416,1000.000368,1000.000322,1000.000278,1000.000236,1000.000195,1000.000157,1000.000120,1000.000086,1000.000053,1000.000022,999.999993,999.999965,999.999940,999.999917,999.999895,999.999876,999.999858,999.999842,999.999828,999.999816,999.999806,999.999798,999.999791,999.999787,999.999784,999.999783,999.999784,999.999787,999.999791,999.999798,999.999806,999.999816,999.999828,999.999842,999.999858,999.999876,999.999895,999.999917,999.999940,999.999965,999.999993,1000.000022,1000.000053,1000.000086,1000.000120,1000.000157,1000.000195,1000.000236,1000.000278,1000.000322,1000.000368,1000.000416,1000.000467,1000.000518,1000.000571,1000.000628,1000.000687,1000.000736,1000.000762,1000.000745,1000.000685,1000.000595,1000.000490,1000.000385,1000.000278,1000.000158,0.000000,0.000000,0.000000,0.000000,0.000000,0.000000,0.000000,0.000000,0.000000,0.000000,0.000000
0.000000,0.000000,0.000000,0.000000,0.000000,0.000000,0.000000,0.000000,0.000000,0.000000,0.000000,1000.000247,1000.000359,1000.000465,1000.000573,1000.000671,1000.000739,1000.000761,1000.000738,1000.000689,1000.000630,1000.000571,1000.000516,1000.000463,1000.000411,1000.000361,1000.000313,1000.000267,1000.000223,1000.000181,1000.000140,1000.000102,1000.000065,1000.000030,999.999997,999.999966,999.999937,999.999910,999.999885,999.999862,999.999840,999.999820,999.999803,999.999787,999.999773,999.999761,999.999751,999.999742,999.999736,999.999731,999.999729,999.999728,999.999729,999.999731,999.999736,999.999742,999.999751,999.999761,999.999773,999.999787,999.999803,999.999820,999.999840,999.999862,999.999885,999.999910,999.999937,999.999966,999.999997,1000.000030,1000.000065,1000.000102,1000.000140,1000.000181,1000.000223,1000.000267,1000.000313,1000.000361,1000.000411,1000.000463,1000.000516,1000.000571,1000.000630,1000.000689,1000.000738,1000.000761,1000.000739,1000.000671,1000.000573,1000.000465,1000.000359,1000.000247,0.000000,0.000000,0.000000,0.000000,0.000000,0.000000,0.000000,0.000000,0.000000,0.000000,0.000000
0.000000,0.000000,0.000000,0.000000,0.000000,0.000000,0.000000,0.000000,0.000000,0.000000,1000.000213,1000.000333,1000.000439,1000.000546,1000.000647,1000.000727,1000.000761,1000.000743,1000.000694,1000.000634,1000.000574,1000.000518,1000.000463,1000.000409,1000.000357,1000.000308,1000.000260,1000.000214,1000.000169,1000.000127,1000.000087,1000.000048,1000.000012,999.999977,999.999944,999.999913,999.999884,999.999857,999.999832,999.999808,999.999787,999.999767,999.999749,999.999734,999.999720,999.999707,999.999697,999.999689,999.999682,999.999678,999.999675,999.999674,999.999675,999.999678,999.999682,999.999689,999.999697,999.999707,999.999720,999.999734,999.999749,999.999767,999.999787,999.999808,999.999832,999.999857,999.999884,999.999913,999.999944,999.999977,1000.000012,1000.000048,1000.000087,1000.000127,1000.000169,1000.000214,1000.000260,1000.000308,1000.000357,1000.000409,1000.000463,1000.000518,1000.000574,1000.000634,1000.000694,1000.000743,1000.000761,1000.000727,1000.000647,1000.000546,1000.000439,1000.000333,1000.000213,0.000000,0.000000,0.000000,0.000000,0.000000,0.000000,0.000000,0.000000,0.000000,0.000000
0.000000,0.000000,0.000000,0.000000,0.000000,0.000000,0.000000,0.000000,0.000000,1000.000177,1000.000300,1000.000410,1000.000519,1000.000623,1000.000709,1000.000758,1000.000753,1000.000706,1000.000644,1000.000581,1000.000523,1000.000467,1000.000411,1000.000357,1000.000306,1000.000256,1000.000208,1000.000162,1000.000118,1000.000076,1000.000035,999.999997,999.999960,999.999925,999.999893,999.999862,999.999833,999.999805,999.999780,999.999757,999.999735,999.999716,999.999698,999.999682,999.999668,999.999656,999.999646,999.999637,999.999631,999.999626,999.999623,999.999622,999.999623,999.999626,999.999631,999.999637,999.999646,999.999656,999.999668,999.999682,999.999698,999.999716,999.999735,999.999757,999.999780,999.999805,999.999833,999.999862,999.999893,999.999925,999.999960,999.999997,1000.000035,1000.000076,1000.000118,1000.000162,1000.000208,1000.000256,1000.000306,1000.000357,1000.000411,1000.000467,1000.000523,1000.000581,1000.000644,1000.000706,1000.000753,1000.000758,1000.000709,1000.000623,1000.000519,1000.000410,1000.000300,1000.000177,0.000000,0.000000,0.000000,0.000000,0.000000,0.000000,0.000000,0.000000,0.000000
0.000000,0.000000,0.000000,0.000000,0.000000,0.000000,0.000000,0.000000,0.000000,1000.000256,1000.000374,1000.000487,1000.000597,1000.000691,1000.000751,1000.000760,1000.000722,1000.000660,1000.000594,1000.000532,1000.000474,1000.000416,1000.000361,1000.000308,1000.000256,1000.000206,1000.000158,1000.000112,1000.000068,1000.000026,999.999986,999.999947,999.999910,999.999876,999.999843,999.999812,999.999783,999.999756,999.999730,999.999707,999.999686,999.999666,999.999648,999.999632,999.999618,999.999606,999.999596,999.999588,999.999581,999.999576,999.999574,999.999573,999.999574,999.999576,999.999581,999.999588,999.999596,999.999606,999.999618,999.999632,999.999648,999.999666,999.999686,999.999707,999.999730,999.999756,999.999783,999.999812,999.999843,999.999876,999.999910,999.999947,999.999986,1000.000026,1000.000068,1000.000112,1000.000158,1000.000206,1000.000256,1000.000308,1000.000361,1000.000416,1000.000474,1000.000532,1000.000594,1000.000660,1000.000722,1000.000760,1000.000751,1000.000691,1000.000597,1000.000487,1000.000374,1000.000256,0.000000,0.000000,0.000000,0.000000,0.000000,0.000000,0.000000,0.000000,0.000000
0.000000,0.000000,0.000000,0.000000,0.000000,0.000000,0.000000,0.000000,1000.000206,1000.000332,1000.000446,1000.000561,1000.000667,1000.000740,1000.000761,1000.000734,1000.000678,1000.000611,1000.000546,1000.000485,1000.000426,1000.000368,1000.000313,1000.000260,1000.000208,1000.000158,1000.000110,1000.000064,1000.000020,999.999978,999.999938,999.999899,999.999863,999.999828,999.999795,999.999764,999.999735,999.999708,999.999683,999.999659,999.999638,999.999618,999.999600,999.999584,999.999570,999.999558,999.999548,999.999540,999.999533,999.999528,999.999526,999.999525,999.999526,999.999528,999.999533,999.999540,999.999548,999.999558,999.999570,999.999584,999.999600,999.999618,999.999638,999.999659,999.999683,999.999708,999.999735,999.999764,999.999795,999.999828,999.999863,999.999899,999.999938,999.999978,1000.000020,1000.000064,1000.000110,1000.000158,1000.000208,1000.000260,1000.000313,1000.000368,1000.000426,1000.000485,1000.000546,1000.000611,1000.000678,1000.000734,1000.000761,1000.000740,1000.000667,1000.000561,1000.000446,1000.000332,1000.000206,0.000000,0.000000,0.000000,0.000000,0.000000,0.000000,0.000000,0.000000
0.000000,0.000000,0.000000,0.000000,0.000000,0.000000,0.000000,0.000000,1000.000278,1000.000398,1000.000515,1000.000629,1000.000720,1000.000760,1000.000744,1000.000692,1000.000628,1000.000562,1000.000500,1000.000439,1000.000379,1000.000322,1000.000267,1000.000214,1000.000162,1000.000112,1000.000064,1000.000018,999.999974,999.999932,999.999892,999.999853,999.999817,999.999782,999.999749,999.999718,999.999689,999.999662,999.999637,999.999613,999.999592,999.999572,999.999554,999.999538,999.999524,999.999512,999.999502,999.999494,999.999487,999.999482,999.999480,999.999479,999.999480,999.999482,999.999487,999.999494,999.999502,999.999512,999.999524,999.999538,999.999554,999.999572,999.999592,999.999613,999.999637,999.999662,999.999689,999.999718,999.999749,999.999782,999.999817,999.999853,999.999892,999.999932,999.999974,1000.000018,1000.000064,1000.000112,1000.000162,1000.000214,1000.000267,1000.000322,1000.000379,1000.000439,1000.000500,1000.000562,1000.000628,1000.000692,1000.000744,1000.000760,1000.000720,1000.000629,1000.000515,1000.000398,1000.000278,0.000000,0.000000,0.000000,0.000000,0.000000,0.000000,0.000000,0.000000
0.000000,0.000000,0.000000,0.000000,0.000000,0.000000,0.000000,1000.000217,1000.000347,1000.000464,1000.000581,1000.000686,1000.000752,1000.000756,1000.000711,1000.000647,1000.000581,1000.000518,1000.000456,1000.000394,1000.000335,1000.000278,1000.000223,1000.000169,1000.000118,1000.000068,1000.000020,999.999974,999.999930,999.999888,999.999848,999.999809,999.999773,999.999738,999.999705,999.999674,999.999645,999.999618,999.999593,999.999569,999.999548,999.999528,999.999510,999.999494,999.999480,999.999468,999.999458,999.999450,999.999443,999.999438,999.999436,999.999435,999.999436,999.999438,999.999443,999.999450,999.999458,999.999468,999.999480,999.999494,999.999510,999.999528,999.999548,999.999569,999.999593,999.999618,999.999645,999.999674,999.999705,999.999738,999.999773,999.999809,999.999848,999.999888,999.999930,999.999974,1000.000020,1000.000068,1000.000118,1000.000169,1000.000223,1000.000278,1000.000335,1000.000394,1000.000456,1000.000518,1000.000581,1000.000647,1000.000711,1000.000756,1000.000752,1000.000686,1000.000581,1000.000464,1000.000347,1000.000217,0.000000,0.000000,0.000000,0.000000,0.000000,0.000000,0.000000
0.000000,0.000000,0.000000,0.000000,0.000000,0.000000,0.000000,1000.000284,1000.000407,1000.000526,1000.000641,1000.000729,1000.000763,1000.000735,1000.000674,1000.000604,1000.000539,1000.000476,1000.000413,1000.000352,1000.000293,1000.000236,1000.000181,1000.000127,1000.000076,1000.000026,999.999978,999.999932,999.999888,999.999846,999.999806,999.999767,999.999730,999.999696,999.999663,999.999632,999.999603,999.999576,999.999551,999.999527,999.999506,999.999486,999.999468,999.999452,999.999438,999.999426,999.999416,999.999407,999.999401,999.999396,999.999393,999.999392,999.999393,999.999396,999.999401,999.999407,999.999416,999.999426,999.999438,999.999452,999.999468,999.999486,999.999506,999.999527,999.999551,999.999576,999.999603,999.999632,999.999663,999.999696,999.999730,999.999767,999.999806,999.999846,999.999888,999.999932,999.999978,1000.000026,1000.000076,1000.000127,1000.000181,1000.000236,1000.000293,1000.000352,1000.000413,1000.000476,1000.000539,1000.000604,1000.000674,1000.000735,1000.000763,1000.000729,1000.000641,1000.000526,1000.000407,1000.000284,0.000000,0.000000,0.000000,0.000000,0.000000,0.000000,0.000000
0.000000,0.000000,0.000000,0.000000,0.000000,0.000000,1000.000218,1000.000349,1000.000468,1000.000587,1000.000691,1000.000755,1000.000756,1000.000704,1000.000634,1000.000565,1000.000499,1000.000435,1000.000372,1000.000312,1000.000253,1000.000195,1000.000140,1000.000087,1000.000035,999.999986,999.999938,999.999892,999.999848,999.999806,999.999765,999.999727,999.999690,999.999655,999.999623,999.999592,999.999563,999.999536,999.999510,999.999487,999.999465,999.999446,999.999428,999.999412,999.999398,999.999386,999.999375,999.999367,999.999360,999.999356,999.999353,999.999352,999.999353,999.999356,999.999360,999.999367,999.999375,999.999386,999.999398,999.999412,999.999428,999.999446,999.999465,999.999487,999.999510,999.999536,999.999563,999.999592,999.999623,999.999655,999.999690,999.999727,999.999765,999.999806,999.999848,999.999892,999.999938,999.999986,1000.000035,1000.000087,1000.000140,1000.000195,1000.000253,1000.000312,1000.000372,1000.000435,1000.000499,1000.000565,1000.000634,1000.000704,1000.000756,1000.000755,1000.000691,1000.000587,1000.000468,1000.000349,1000.000218,0.000000,0.000000,0.000000,0.000000,0.000000,0.000000
0.000000,0.000000,0.000000,0.000000,0.000000,0.000000,1000.000280,1000.000406,1000.000526,1000.000642,1000.000731,1000.000764,1000.000734,1000.000668,1000.000596,1000.000527,1000.000461,1000.000396,1000.000334,1000.000273,1000.000214,1000.000157,1000.000102,1000.000048,999.999997,999.999947,999.999899,999.999853,999.999809,999.999767,999.999727,999.999688,999.999652,999.999617,999.999584,999.999553,999.999524,999.999497,999.999472,999.999448,999.999427,999.999407,999.999389,999.999373,999.999359,999.999347,999.999337,999.999329,999.999322,999.999317,999.999314,999.999314,999.999314,999.999317,999.999322,999.999329,999.999337,999.999347,999.999359,999.999373,999.999389,999.999407,999.999427,999.999448,999.999472,999.999497,999.999524,999.999553,999.999584,999.999617,999.999652,999.999688,999.999727,999.999767,999.999809,999.999853,999.999899,999.999947,999.999997,1000.000048,1000.000102,1000.000157,1000.000214,1000.000273,1000.000334,1000.000396,1000.000461,1000.000527,1000.000596,1000.000668,1000.000734,1000.000764,1000.000731,1000.000642,1000.000526,1000.000406,1000.000280,0.000000,0.000000,0.000000,0.000000,0.000000,0.000000
0.000000,0.000000,0.000000,0.000000,0.000000,1000.000208,1000.000341,1000.000462,1000.000583,1000.000690,1000.000755,1000.000756,1000.000703,1000.000631,1000.000559,1000.000491,1000.000424,1000.000360,1000.000297,1000.000236,1000.000177,1000.000120,1000.000065,1000.000012,999.999960,999.999910,999.999863,999.999817,999.999773,999.999730,999.999690,999.999652,999.999615,999.999581,999.999548,999.999517,999.999488,999.999461,999.999435,999.999412,999.999390,999.999371,999.999353,999.999337,999.999323,999.999311,999.999300,999.999292,999.999285,999.999281,999.999278,999.999277,999.999278,999.999281,999.999285,999.999292,999.999300,999.999311,999.999323,999.999337,999.999353,999.999371,999.999390,999.999412,999.999435,999.999461,999.999488,999.999517,999.999548,999.999581,999.999615,999.999652,999.999690,999.999730,999.999773,999.999817,999.999863,999.999910,999.999960,1000.000012,1000.000065,1000.000120,1000.000177,1000.000236,1000.000297,1000.000360,1000.000424,1000.000491,1000.000559,1000.000631,1000.000703,1000.000756,1000.000755,1000.000690,1000.000583,1000.000462,1000.000341,1000.000208,0.000000,0.000000,0.000000,0.000000,0.000000
0.000000,0.000000,0.000000,0.000000,0.000000,1000.000264,1000.000392,1000.000516,1000.000635,1000.000728,1000.000763,1000.000734,1000.000669,1000.000595,1000.000524,1000.000456,1000.000389,1000.000325,1000.000262,1000.000201,1000.000143,1000.000086,1000.000030,999.999977,999.999925,999.999876,999.999828,999.999782,999.999738,999.999696,999.999655,999.999617,999.999581,999.999546,999.999513,999.999482,999.999453,999.999426,999.999401,999.999377,999.999356,999.999336,999.999318,999.999302,999.999288,999.999276,999.999266,999.999257,999.999251,999.999246,999.999243,999.999242,999.999243,999.999246,999.999251,999.999257,999.999266,999.999276,999.999288,999.999302,999.999318,999.999336,999.999356,999.999377,999.999401,999.999426,999.999453,999.999482,999.999513,999.999546,999.999581,999.999617,999.999655,999.999696,999.999738,999.999782,999.999828,999.999876,999.999925,999.999977,1000.000030,1000.000086,1000.000143,1000.000201,1000.000262,1000.000325,1000.000389,1000.000456,1000.000524,1000.000595,1000.000669,1000.000734,1000.000763,1000.000728,1000.000635,1000.000516,1000.000392,1000.000264,0.000000,0.000000,0.000000,0.000000,0.000000
0.000000,0.000000,0.000000,0.000000,1000.000182,1000.000317,1000.000442,1000.000567,1000.000680,1000.000752,1000.000756,1000.000705,1000.000634,1000.000561,1000.000492,1000.000423,1000.000356,1000.000292,1000.000229,1000.000169,1000.000110,1000.000053,999.999997,999.999944,999.999893,999.999843,999.999795,999.999749,999.999705,999.999663,999.999623,999.999584,999.999548,999.999513,999.999480,999.999449,999.999420,999.999393,999.999368,999.999344,999.999323,999.999303,999.999285,999.999269,999.999255,999.999243,999.999233,999.999224,999.999218,999.999213,999.999210,999.999209,999.999210,999.999213,999.999218,999.999224,999.999233,999.999243,999.999255,999.999269,999.999285,999.999303,999.999323,999.999344,999.999368,999.999393,999.999420,999.999449,999.999480,999.999513,999.999548,999.999584,999.999623,999.999663,999.999705,999.999749,999.999795,999.999843,999.999893,999.999944,999.999997,1000.000053,1000.000110,1000.000169,1000.000229,1000.000292,1000.000356,1000.000423,1000.000492,1000.000561,1000.000634,1000.000705,1000.000756,1000.000752,1000.000680,1000.000567,1000.000442,1000.000317,1000.000182,0.000000,0.000000,0.000000,0.000000
0.000000,0.000000,0.000000,0.000000,1000.000232,1000.000362,1000.000487,1000.000613,1000.000716,1000.000761,1000.000738,1000.000675,1000.000601,1000.000530,1000.000460,1000.000392,1000.000326,1000.000261,1000.000198,1000.000138,1000.000079,1000.000022,999.999966,999.999913,999.999862,999.999812,999.999764,999.999718,999.999674,999.999632,999.999592,999.999553,999.999517,999.999482,999.999449,999.999418,999.999389,999.999362,999.999337,999.999313,999.999292,999.999272,999.999254,999.999238,999.999224,999.999212,999.999202,999.999193,999.999187,999.999182,999.999179,999.999178,999.999179,999.999182,999.999187,999.999193,999.999202,999.999212,999.999224,999.999238,999.999254,999.999272,999.999292,999.999313,999.999337,999.999362,999.999389,999.999418,999.999449,999.999482,999.999517,999.999553,999.999592,999.999632,999.999674,999.999718,999.999764,999.999812,999.999862,999.999913,999.999966,1000.000022,1000.000079,1000.000138,1000.000198,1000.000261,1000.000326,1000.000392,1000.000460,1000.000530,1000.000601,1000.000675,1000.000738,1000.000761,1000.000716,1000.000613,1000.000487,1000.000362,1000.000232,0.000000,0.000000,0.000000,0.000000
