0.000000,0.000000,0.000000,0.000000,0.000000,0.000000,0.000000,0.000000,0.000000,0.000000,0.000000,0.000000,0.000000,0.000000,0.000000,0.000000,0.000000,0.000000,0.000000,0.000000,0.000000,0.000000,0.000000,0.000000,0.000000,0.000000,0.000000,0.000000,0.000000,0.000000,0.000000,0.000000,0.000000,0.000000,0.000000,0.000000,0.000000,0.000000,0.000000,0.000000,0.000000,0.000000,0.000000,0.000000,0.000000,0.000000,0.000000,0.000000,0.000000,0.000000,0.000000,0.000000,0.000000,0.000000,0.000000,0.000000,0.000000,0.000000,0.000000,0.000000,0.000000,0.000000,0.000000,0.000000,0.000000,0.000000,0.000000,0.000000,0.000000,0.000000,0.000000,0.000000,0.000000,0.000000,0.000000,0.000000,0.000000,0.000000,0.000000,0.000000,0.000000,0.000000,0.000000,0.000000,0.000000,0.000000,0.000000,0.000000,0.000000,0.000000,0.000000,0.000000,0.000000,0.000000,0.000000,0.000000,0.000000,0.000000,0.000000,0.000000,0.000000,0.000000,0.000000
0.000000,0.000000,0.000000,0.000000,0.000000,0.000000,0.000000,0.000000,0.000000,0.000000,0.000000,0.000000,0.000000,0.000000,0.000000,0.000000,0.000000,0.000000,0.000000,0.000000,0.000000,0.000000,0.000000,0.000000,0.000000,0.000000,0.000000,0.000000,0.000000,0.000000,0.000000,0.000000,0.000000,0.000000,0.000000,0.000000,0.000000,0.000000,0.000000,0.000000,0.000000,0.000000,0.000000,0.000000,0.000000,0.000000,0.000000,0.000000,0.000000,0.000000,0.000000,1000.000096,0.000000,0.000000,0.000000,0.000000,0.000000,0.000000,0.000000,0.000000,0.000000,0.000000,0.000000,0.000000,0.000000,0.000000,0.000000,0.000000,0.000000,0.000000,0.000000,0.000000,0.000000,0.000000,0.000000,0.000000,0.000000,0.000000,0.000000,0.000000,0.000000,0.000000,0.000000,0.000000,0.000000,0.000000,0.000000,0.000000,0.000000,0.000000,0.000000,0.000000,0.000000,0.000000,0.000000,0.000000,0.000000,0.000000,0.000000,0.000000,0.000000,0.000000,0.000000
0.000000,0.000000,0.000000,0.000000,0.000000,0.000000,0.000000,0.000000,0.000000,0.000000,0.000000,0.000000,0.000000,0.000000,0.000000,0.000000,0.000000,0.000000,0.000000,0.000000,0.000000,0.000000,0.000000,0.000000,0.000000,0.000000,0.000000,0.000000,0.000000,0.000000,0.000000,0.000000,0.000000,0.000000,0.000000,0.000000,0.000000,0.000000,0.000000,0.000000,0.000000,0.000000,1000.000174,1000.000202,1000.000216,1000.000224,1000.000228,1000.000229,1000.000230,1000.000228,1000.000227,1000.000234,1000.000227,1000.000228,1000.000230,1000.000229,1000.000228,1000.000224,1000.000216,1000.000202,1000.000174,0.000000,0.000000,0.000000,0.000000,0.000000,0.000000,0.000000,0.000000,0.000000,0.000000,0.000000,0.000000,0.000000,0.000000,0.000000,0.000000,0.000000,0.000000,0.000000,0.000000,0.000000,0.000000,0.000000,0.000000,0.000000,0.000000,0.000000,0.000000,0.000000,0.000000,0.000000,0.000000,0.000000,0.000000,0.000000,0.000000,0.000000,0.000000,0.000000,0.000000,0.000000,0.000000
0.000000,0.000000,0.000000,0.000000,0.000000,0.000000,0.000000,0.000000,0.000000,0.000000,0.000000,0.000000,0.000000,0.000000,0.000000,0.000000,0.000000,0.000000,0.000000,0.000000,0.000000,0.000000,0.000000,0.000000,0.000000,0.000000,0.000000,0.000000,0.000000,0.000000,0.000000,0.000000,0.000000,0.000000,0.000000,0.000000,0.000000,1000.000167,1000.000209,1000.000242,1000.000269,1000.000291,1000.000311,1000.000329,1000.000343,1000.000353,1000.000358,1000.000361,1000.000362,1000.000363,1000.000362,1000.000363,1000.000362,1000.000363,1000.000362,1000.000361,1000.000358,1000.000353,1000.000343,1000.000329,1000.000311,1000.000291,1000.000269,1000.000242,1000.000209,1000.000167,0.000000,0.000000,0.000000,0.000000,0.000000,0.000000,0.000000,0.000000,0.000000,0.000000,0.000000,0.000000,0.000000,0.000000,0.000000,0.000000,0.000000,0.000000,0.000000,0.000000,0.000000,0.000000,0.000000,0.000000,0.000000,0.000000,0.000000,0.000000,0.000000,0.000000,0.000000,0.000000,0.000000,0.000000,0.000000,0.000000,0.000000
0.000000,0.000000,0.000000,0.000000,0.000000,0.000000,0.000000,0.000000,0.000000,0.000000,0.000000,0.000000,0.000000,0.000000,0.000000,0.000000,0.000000,0.000000,0.000000,0.000000,0.000000,0.000000,0.000000,0.000000,0.000000,0.000000,0.000000,0.000000,0.000000,0.000000,0.000000,0.000000,0.000000,0.000000,1000.000174,1000.000222,1000.000262,1000.000301,1000.000335,1000.000366,1000.000394,1000.000418,1000.000441,1000.000459,1000.000472,1000.000480,1000.000486,1000.000489,1000.000490,1000.000491,1000.000491,1000.000491,1000.000491,1000.000491,1000.000490,1000.000489,1000.000486,1000.000480,1000.000472,1000.000459,1000.000441,1000.000418,1000.000394,1000.000366,1000.000335,1000.000301,1000.000262,1000.000222,1000.000174,0.000000,0.000000,0.000000,0.000000,0.000000,0.000000,0.000000,0.000000,0.000000,0.000000,0.000000,0.000000,0.000000,0.000000,0.000000,0.000000,0.000000,0.000000,0.000000,0.000000,0.000000,0.000000,0.000000,0.000000,0.000000,0.000000,0.000000,0.000000,0.000000,0.000000,0.000000,0.000000,0.000000,0.000000
0.000000,0.000000,0.000000,0.000000,0.000000,0.000000,0.000000,0.000000,0.000000,0.000000,0.000000,0.000000,0.000000,0.000000,0.000000,0.000000,0.000000,0.000000,0.000000,0.000000,0.000000,0.000000,0.000000,0.000000,0.000000,0.000000,0.000000,0.000000,0.000000,0.000000,0.000000,0.000000,1000.000199,1000.000252,1000.000304,1000.000347,1000.000386,1000.000424,1000.000458,1000.000489,1000.000518,1000.000544,1000.000568,1000.000586,1000.000598,1000.000604,1000.000608,1000.000610,1000.000612,1000.000612,1000.000612,1000.000612,1000.000612,1000.000612,1000.000612,1000.000610,1000.000608,1000.000604,1000.000598,1000.000586,1000.000568,1000.000544,1000.000518,1000.000489,1000.000458,1000.000424,1000.000386,1000.000347,1000.000304,1000.000252,1000.000199,0.000000,0.000000,0.000000,0.000000,0.000000,0.000000,0.000000,0.000000,0.000000,0.000000,0.000000,0.000000,0.000000,0.000000,0.000000,0.000000,0.000000,0.000000,0.000000,0.000000,0.000000,0.000000,0.000000,0.000000,0.000000,0.000000,0.000000,0.000000,0.000000,0.000000,0.000000,0.000000
0.000000,0.000000,0.000000,0.000000,0.000000,0.000000,0.000000,0.000000,0.000000,0.000000,0.000000,0.000000,0.000000,0.000000,0.000000,0.000000,0.000000,0.000000,0.000000,0.000000,0.000000,0.000000,0.000000,0.000000,0.000000,0.000000,0.000000,0.000000,0.000000,0.000000,1000.000208,1000.000268,1000.000327,1000.000376,1000.000423,1000.000467,1000.000509,1000.000547,1000.000581,1000.000609,1000.000634,1000.000656,1000.000675,1000.000687,1000.000694,1000.000698,1000.000700,1000.000701,1000.000701,1000.000701,1000.000701,1000.000701,1000.000701,1000.000701,1000.000701,1000.000701,1000.000700,1000.000698,1000.000694,1000.000687,1000.000675,1000.000656,1000.000634,1000.000609,1000.000581,1000.000547,1000.000509,1000.000467,1000.000423,1000.000376,1000.000327,1000.000268,1000.000208,0.000000,0.000000,0.000000,0.000000,0.000000,0.000000,0.000000,0.000000,0.000000,0.000000,0.000000,0.000000,0.000000,0.000000,0.000000,0.000000,0.000000,0.000000,0.000000,0.000000,0.000000,0.000000,0.000000,0.000000,0.000000,0.000000,0.000000,0.000000,0.000000,0.000000
0.000000,0.000000,0.000000,0.000000,0.000000,0.000000,0.000000,0.000000,0.000000,0.000000,0.000000,0.000000,0.000000,0.000000,0.000000,0.000000,0.000000,0.000000,0.000000,0.000000,0.000000,0.000000,0.000000,0.000000,0.000000,0.000000,0.000000,0.000000,1000.000208,1000.000272,1000.000334,1000.000389,1000.000443,1000.000494,1000.000543,1000.000587,1000.000625,1000.000657,1000.000684,1000.000701,1000.000713,1000.000721,1000.000723,1000.000722,1000.000721,1000.000719,1000.000718,1000.000718,1000.000717,1000.000716,1000.000716,1000.000716,1000.000716,1000.000716,1000.000717,1000.000718,1000.000718,1000.000719,1000.000721,1000.000722,1000.000723,1000.000721,1000.000713,1000.000701,1000.000684,1000.000657,1000.000625,1000.000587,1000.000543,1000.000494,1000.000443,1000.000389,1000.000334,1000.000272,1000.000208,0.000000,0.000000,0.000000,0.000000,0.000000,0.000000,0.000000,0.000000,0.000000,0.000000,0.000000,0.000000,0.000000,0.000000,0.000000,0.000000,0.000000,0.000000,0.000000,0.000000,0.000000,0.000000,0.000000,0.000000,0.000000,0.000000,0.000000,0.000000
0.000000,0.000000,0.000000,0.000000,0.000000,0.000000,0.000000,0.000000,0.000000,0.000000,0.000000,0.000000,0.000000,0.000000,0.000000,0.000000,0.000000,0.000000,0.000000,0.000000,0.000000,0.000000,0.000000,0.000000,0.000000,0.000000,1000.000197,1000.000266,1000.000332,1000.000390,1000.000448,1000.000504,1000.000559,1000.000609,1000.000652,1000.000686,1000.000709,1000.000723,1000.000730,1000.000728,1000.000723,1000.000714,1000.000700,1000.000687,1000.000677,1000.000671,1000.000668,1000.000665,1000.000663,1000.000662,1000.000661,1000.000661,1000.000661,1000.000662,1000.000663,1000.000665,1000.000668,1000.000671,1000.000677,1000.000687,1000.000700,1000.000714,1000.000723,1000.000728,1000.000730,1000.000723,1000.000709,1000.000686,1000.000652,1000.000609,1000.000559,1000.000504,1000.000448,1000.000390,1000.000332,1000.000266,1000.000197,0.000000,0.000000,0.000000,0.000000,0.000000,0.000000,0.000000,0.000000,0.000000,0.000000,0.000000,0.000000,0.000000,0.000000,0.000000,0.000000,0.000000,0.000000,0.000000,0.000000,0.000000,0.000000,0.000000,0.000000,0.000000,0.000000
0.000000,0.000000,0.000000,0.000000,0.000000,0.000000,0.000000,0.000000,0.000000,0.000000,0.000000,0.000000,0.000000,0.000000,0.000000,0.000000,0.000000,0.000000,0.000000,0.000000,0.000000,0.000000,0.000000,0.000000,1000.000169,1000.000246,1000.000318,1000.000382,1000.000444,1000.000504,1000.000562,1000.000616,1000.000662,1000.000698,1000.000721,1000.000730,1000.000729,1000.000720,1000.000705,1000.000688,1000.000671,1000.000654,1000.000636,1000.000619,1000.000606,1000.000598,1000.000593,1000.000588,1000.000585,1000.000583,1000.000582,1000.000582,1000.000582,1000.000583,1000.000585,1000.000588,1000.000593,1000.000598,1000.000606,1000.000619,1000.000636,1000.000654,1000.000671,1000.000688,1000.000705,1000.000720,1000.000729,1000.000730,1000.000721,1000.000698,1000.000662,1000.000616,1000.000562,1000.000504,1000.000444,1000.000382,1000.000318,1000.000246,1000.000169,0.000000,0.000000,0.000000,0.000000,0.000000,0.000000,0.000000,0.000000,0.000000,0.000000,0.000000,0.000000,0.000000,0.000000,0.000000,0.000000,0.000000,0.000000,0.000000,0.000000,0.000000,0.000000,0.000000,0.000000
0.000000,0.000000,0.000000,0.000000,0.000000,0.000000,0.000000,0.000000,0.000000,0.000000,0.000000,0.000000,0.000000,0.000000,0.000000,0.000000,0.000000,0.000000,0.000000,0.000000,0.000000,0.000000,0.000000,1000.000204,1000.000287,1000.000358,1000.000428,1000.000493,1000.000557,1000.000614,1000.000663,1000.000701,1000.000724,1000.000732,1000.000725,1000.000708,1000.000687,1000.000664,1000.000640,1000.000618,1000.000598,1000.000579,1000.000562,1000.000546,1000.000534,1000.000525,1000.000518,1000.000512,1000.000508,1000.000506,1000.000504,1000.000504,1000.000504,1000.000506,1000.000508,1000.000512,1000.000518,1000.000525,1000.000534,1000.000546,1000.000562,1000.000579,1000.000598,1000.000618,1000.000640,1000.000664,1000.000687,1000.000708,1000.000725,1000.000732,1000.000724,1000.000701,1000.000663,1000.000614,1000.000557,1000.000493,1000.000428,1000.000358,1000.000287,1000.000204,0.000000,0.000000,0.000000,0.000000,0.000000,0.000000,0.000000,0.000000,0.000000,0.000000,0.000000,0.000000,0.000000,0.000000,0.000000,0.000000,0.000000,0.000000,0.000000,0.000000,0.000000,0.000000,0.000000
0.000000,0.000000,0.000000,0.000000,0.000000,0.000000,0.000000,0.000000,0.000000,0.000000,0.000000,0.000000,0.000000,0.000000,0.000000,0.000000,0.000000,0.000000,0.000000,0.000000,0.000000,1000.000151,1000.000236,1000.000319,1000.000393,1000.000466,1000.000538,1000.000603,1000.000658,1000.000699,1000.000724,1000.000733,1000.000725,1000.000704,1000.000676,1000.000646,1000.000618,1000.000592,1000.000568,1000.000545,1000.000525,1000.000507,1000.000490,1000.000475,1000.000463,1000.000453,1000.000445,1000.000438,1000.000434,1000.000431,1000.000429,1000.000428,1000.000429,1000.000431,1000.000434,1000.000438,1000.000445,1000.000453,1000.000463,1000.000475,1000.000490,1000.000507,1000.000525,1000.000545,1000.000568,1000.000592,1000.000618,1000.000646,1000.000676,1000.000704,1000.000725,1000.000733,1000.000724,1000.000699,1000.000658,1000.000603,1000.000538,1000.000466,1000.000393,1000.000319,1000.000236,1000.000151,0.000000,0.000000,0.000000,0.000000,0.000000,0.000000,0.000000,0.000000,0.000000,0.000000,0.000000,0.000000,0.000000,0.000000,0.000000,0.000000,0.000000,0.000000,0.000000,0.000000,0.000000
0.000000,0.000000,0.000000,0.000000,0.000000,0.000000,0.000000,0.000000,0.000000,0.000000,0.000000,0.000000,0.000000,0.000000,0.000000,0.000000,0.000000,0.000000,0.000000,0.000000,1000.000176,1000.000266,1000.000344,1000.000421,1000.000497,1000.000572,1000.000639,1000.000690,1000.000721,1000.000732,1000.000725,1000.000703,1000.000674,1000.000641,1000.000607,1000.000576,1000.000547,1000.000521,1000.000498,1000.000475,1000.000455,1000.000436,1000.000420,1000.000405,1000.000393,1000.000382,1000.000374,1000.000367,1000.000362,1000.000358,1000.000356,1000.000356,1000.000356,1000.000358,1000.000362,1000.000367,1000.000374,1000.000382,1000.000393,1000.000405,1000.000420,1000.000436,1000.000455,1000.000475,1000.000498,1000.000521,1000.000547,1000.000576,1000.000607,1000.000641,1000.000674,1000.000703,1000.000725,1000.000732,1000.000721,1000.000690,1000.000639,1000.000572,1000.000497,1000.000421,1000.000344,1000.000266,1000.000176,0.000000,0.000000,0.000000,0.000000,0.000000,0.000000,0.000000,0.000000,0.000000,0.000000,0.000000,0.000000,0.000000,0.000000,0.000000,0.000000,0.000000,0.000000,0.000000,0.000000
0.000000,0.000000,0.000000,0.000000,0.000000,0.000000,0.000000,0.000000,0.000000,0.000000,0.000000,0.000000,0.000000,0.000000,0.000000,0.000000,0.000000,0.000000,0.000000,1000.000196,1000.000288,1000.000369,1000.000446,1000.000523,1000.000597,1000.000662,1000.000709,1000.000729,1000.000725,1000.000705,1000.000675,1000.000641,1000.000604,1000.000570,1000.000538,1000.000508,1000.000480,1000.000453,1000.000429,1000.000407,1000.000386,1000.000368,1000.000351,1000.000337,1000.000324,1000.000313,1000.000304,1000.000297,1000.000292,1000.000288,1000.000286,1000.000285,1000.000286,1000.000288,1000.000292,1000.000297,1000.000304,1000.000313,1000.000324,1000.000337,1000.000351,1000.000368,1000.000386,1000.000407,1000.000429,1000.000453,1000.000480,1000.000508,1000.000538,1000.000570,1000.000604,1000.000641,1000.000675,1000.000705,1000.000725,1000.000729,1000.000709,1000.000662,1000.000597,1000.000523,1000.000446,1000.000369,1000.000288,1000.000196,0.000000,0.000000,0.000000,0.000000,0.000000,0.000000,0.000000,0.000000,0.000000,0.000000,0.000000,0.000000,0.000000,0.000000,0.000000,0.000000,0.000000,0.000000,0.000000
0.000000,0.000000,0.000000,0.000000,0.000000,0.000000,0.000000,0.000000,0.000000,0.000000,0.000000,0.000000,0.000000,0.000000,0.000000,0.000000,0.000000,0.000000,1000.000208,1000.000304,1000.000388,1000.000469,1000.000549,1000.000620,1000.000680,1000.000720,1000.000730,1000.000713,1000.000682,1000.000645,1000.000607,1000.000571,1000.000536,1000.000502,1000.000471,1000.000441,1000.000413,1000.000386,1000.000362,1000.000340,1000.000319,1000.000301,1000.000284,1000.000269,1000.000257,1000.000246,1000.000237,1000.000229,1000.000224,1000.000220,1000.000217,1000.000217,1000.000217,1000.000220,1000.000224,1000.000229,1000.000237,1000.000246,1000.000257,1000.000269,1000.000284,1000.000301,1000.000319,1000.000340,1000.000362,1000.000386,1000.000413,1000.000441,1000.000471,1000.000502,1000.000536,1000.000571,1000.000607,1000.000645,1000.000682,1000.000713,1000.000730,1000.000720,1000.000680,1000.000620,1000.000549,1000.000469,1000.000388,1000.000304,1000.000208,0.000000,0.000000,0.000000,0.000000,0.000000,0.000000,0.000000,0.000000,0.000000,0.000000,0.000000,0.000000,0.000000,0.000000,0.000000,0.000000,0.000000,0.000000
0.000000,0.000000,0.000000,0.000000,0.000000,0.000000,0.000000,0.000000,0.000000,0.000000,0.000000,0.000000,0.000000,0.000000,0.000000,0.000000,0.000000,1000.000215,1000.000313,1000.000400,1000.000486,1000.000570,1000.000643,1000.000697,1000.000727,1000.000729,1000.000704,1000.000664,1000.000620,1000.000579,1000.000541,1000.000505,1000.000471,1000.000437,1000.000405,1000.000375,1000.000347,1000.000321,1000.000297,1000.000275,1000.000254,1000.000236,1000.000219,1000.000204,1000.000191,1000.000180,1000.000171,1000.000163,1000.000158,1000.000153,1000.000151,1000.000150,1000.000151,1000.000153,1000.000158,1000.000163,1000.000171,1000.000180,1000.000191,1000.000204,1000.000219,1000.000236,1000.000254,1000.000275,1000.000297,1000.000321,1000.000347,1000.000375,1000.000405,1000.000437,1000.000471,1000.000505,1000.000541,1000.000579,1000.000620,1000.000664,1000.000704,1000.000729,1000.000727,1000.000697,1000.000643,1000.000570,1000.000486,1000.000400,1000.000313,1000.000215,0.000000,0.000000,0.000000,0.000000,0.000000,0.000000,0.000000,0.000000,0.000000,0.000000,0.000000,0.000000,0.000000,0.000000,0.000000,0.000000,0.000000
0.000000,0.000000,0.000000,0.000000,0.000000,0.000000,0.000000,0.000000,0.000000,0.000000,0.000000,0.000000,0.000000,0.000000,0.000000,0.000000,1000.000217,1000.000318,1000.000407,1000.000495,1000.000582,1000.000657,1000.000709,1000.000730,1000.000722,1000.000692,1000.000649,1000.000602,1000.000556,1000.000516,1000.000478,1000.000442,1000.000406,1000.000373,1000.000341,1000.000312,1000.000284,1000.000258,1000.000234,1000.000211,1000.000191,1000.000172,1000.000155,1000.000141,1000.000127,1000.000116,1000.000107,1000.000099,1000.000093,1000.000089,1000.000087,1000.000086,1000.000087,1000.000089,1000.000093,1000.000099,1000.000107,1000.000116,1000.000127,1000.000141,1000.000155,1000.000172,1000.000191,1000.000211,1000.000234,1000.000258,1000.000284,1000.000312,1000.000341,1000.000373,1000.000406,1000.000442,1000.000478,1000.000516,1000.000556,1000.000602,1000.000649,1000.000692,1000.000722,1000.000730,1000.000709,1000.000657,1000.000582,1000.000495,1000.000407,1000.000318,1000.000217,0.000000,0.000000,0.000000,0.000000,0.000000,0.000000,0.000000,0.000000,0.000000,0.000000,0.000000,0.000000,0.000000,0.000000,0.000000,0.000000
0.000000,0.000000,0.000000,0.000000,0.000000,0.000000,0.000000,0.000000,0.000000,0.000000,0.000000,0.000000,0.000000,0.000000,0.000000,1000.000215,1000.000318,1000.000409,1000.000499,1000.000587,1000.000663,1000.000715,1000.000730,1000.000712,1000.000676,1000.000633,1000.000585,1000.000539,1000.000496,1000.000456,1000.000417,1000.000379,1000.000344,1000.000311,1000.000280,1000.000250,1000.000222,1000.000196,1000.000172,1000.000150,1000.000129,1000.000110,1000.000094,1000.000079,1000.000065,1000.000054,1000.000045,1000.000037,1000.000031,1000.000027,1000.000024,1000.000023,1000.000024,1000.000027,1000.000031,1000.000037,1000.000045,1000.000054,1000.000065,1000.000079,1000.000094,1000.000110,1000.000129,1000.000150,1000.000172,1000.000196,1000.000222,1000.000250,1000.000280,1000.000311,1000.000344,1000.000379,1000.000417,1000.000456,1000.000496,1000.000539,1000.000585,1000.000633,1000.000676,1000.000712,1000.000730,1000.000715,1000.000663,1000.000587,1000.000499,1000.000409,1000.000318,1000.000215,0.000000,0.000000,0.000000,0.000000,0.000000,0.000000,0.000000,0.000000,0.000000,0.000000,0.000000,0.000000,0.000000,0.000000,0.000000
0.000000,0.000000,0.000000,0.000000,0.000000,0.000000,0.000000,0.000000,0.000000,0.000000,0.000000,0.000000,0.000000,0.000000,1000.000208,1000.000313,1000.000407,1000.000499,1000.000589,1000.000666,1000.000718,1000.000730,1000.000707,1000.000665,1000.000617,1000.000569,1000.000523,1000.000479,1000.000437,1000.000396,1000.000356,1000.000320,1000.000285,1000.000251,1000.000220,1000.000190,1000.000162,1000.000136,1000.000112,1000.000090,1000.000069,1000.000050,1000.000033,1000.000018,1000.000005,999.999994,999.999984,999.999976,999.999970,999.999966,999.999964,999.999963,999.999964,999.999966,999.999970,999.999976,999.999984,999.999994,1000.000005,1000.000018,1000.000033,1000.000050,1000.000069,1000.000090,1000.000112,1000.000136,1000.000162,1000.000190,1000.000220,1000.000251,1000.000285,1000.000320,1000.000356,1000.000396,1000.000437,1000.000479,1000.000523,1000.000569,1000.000617,1000.000665,1000.000707,1000.000730,1000.000718,1000.000666,1000.000589,1000.000499,1000.000407,1000.000313,1000.000208,0.000000,0.000000,0.000000,0.000000,0.000000,0.000000,0.000000,0.000000,0.000000,0.000000,0.000000,0.000000,0.000000,0.000000
0.000000,0.000000,0.000000,0.000000,0.000000,0.000000,0.000000,0.000000,0.000000,0.000000,0.000000,0.000000,0.000000,1000.000196,1000.000304,1000.000400,1000.000495,1000.000587,1000.000666,1000.000718,1000.000731,1000.000705,1000.000660,1000.000607,1000.000557,1000.000510,1000.000465,1000.000421,1000.000378,1000.000337,1000.000298,1000.000262,1000.000226,1000.000193,1000.000161,1000.000132,1000.000104,1000.000078,1000.000054,1000.000031,1000.000011,999.999992,999.999975,999.999960,999.999947,999.999935,999.999926,999.999918,999.999912,999.999907,999.999905,999.999904,999.999905,999.999907,999.999912,999.999918,999.999926,999.999935,999.999947,999.999960,999.999975,999.999992,1000.000011,1000.000031,1000.000054,1000.000078,1000.000104,1000.000132,1000.000161,1000.000193,1000.000226,1000.000262,1000.000298,1000.000337,1000.000378,1000.000421,1000.000465,1000.000510,1000.000557,1000.000607,1000.000660,1000.000705,1000.000731,1000.000718,1000.000666,1000.000587,1000.000495,1000.000400,1000.000304,1000.000196,0.000000,0.000000,0.000000,0.000000,0.000000,0.000000,0.000000,0.000000,0.000000,0.000000,0.000000,0.000000,0.000000
0.000000,0.000000,0.000000,0.000000,0.000000,0.000000,0.000000,0.000000,0.000000,0.000000,0.000000,0.000000,1000.000176,1000.000288,1000.000388,1000.000486,1000.000582,1000.000663,1000.000718,1000.000731,1000.000705,1000.000658,1000.000603,1000.000550,1000.000501,1000.000454,1000.000408,1000.000364,1000.000321,1000.000281,1000.000242,1000.000205,1000.000170,1000.000137,1000.000105,1000.000075,1000.000047,1000.000021,999.999997,999.999975,999.999954,999.999936,999.999919,999.999904,999.999890,999.999879,999.999869,999.999861,999.999855,999.999851,999.999848,999.999847,999.999848,999.999851,999.999855,999.999861,999.999869,999.999879,999.999890,999.999904,999.999919,999.999936,999.999954,999.999975,999.999997,1000.000021,1000.000047,1000.000075,1000.000105,1000.000137,1000.000170,1000.000205,1000.000242,1000.000281,1000.000321,1000.000364,1000.000408,1000.000454,1000.000501,1000.000550,1000.000603,1000.000658,1000.000705,1000.000731,1000.000718,1000.000663,1000.000582,1000.000486,1000.000388,1000.000288,1000.000176,0.000000,0.000000,0.000000,0.000000,0.000000,0.000000,0.000000,0.000000,0.000000,0.000000,0.000000,0.000000
0.000000,0.000000,0.000000,0.000000,0.000000,0.000000,0.000000,0.000000,0.000000,0.000000,0.000000,1000.000151,1000.000266,1000.000369,1000.000469,1000.000570,1000.000657,1000.000715,1000.000730,1000.000705,1000.000658,1000.000602,1000.000547,1000.000496,1000.000447,1000.000399,1000.000353,1000.000309,1000.000267,1000.000226,1000.000187,1000.000150,1000.000115,1000.000082,1000.000050,1000.000021,999.999993,999.999967,999.999943,999.999920,999.999900,999.999881,999.999864,999.999849,999.999835,999.999824,999.999814,999.999806,999.999800,999.999796,999.999793,999.999792,999.999793,999.999796,999.999800,999.999806,999.999814,999.999824,999.999835,999.999849,999.999864,999.999881,999.999900,999.999920,999.999943,999.999967,999.999993,1000.000021,1000.000050,1000.000082,1000.000115,1000.000150,1000.000187,1000.000226,1000.000267,1000.000309,1000.000353,1000.000399,1000.000447,1000.000496,1000.000547,1000.000602,1000.000658,1000.000705,1000.000730,1000.000715,1000.000657,1000.000570,1000.000469,1000.000369,1000.000266,1000.000151,0.000000,0.000000,0.000000,0.000000,0.000000,0.000000,0.000000,0.000000,0.000000,0.000000,0.000000
0.000000,0.000000,0.000000,0.000000,0.000000,0.000000,0.000000,0.000000,0.000000,0.000000,0.000000,1000.000236,1000.000344,1000.000446,1000.000549,1000.000643,1000.000709,1000.000730,1000.000707,1000.000660,1000.000603,1000.000547,1000.000494,1000.000444,1000.000394,1000.000345,1000.000300,1000.000256,1000.000213,1000.000173,1000.000134,1000.000097,1000.000062,1000.000029,999.999997,999.999968,999.999940,999.999914,999.999890,999.999867,999.999847,999.999828,999.999811,999.999796,999.999782,999.999771,999.999761,999.999753,999.999747,999.999743,999.999740,999.999739,999.999740,999.999743,999.999747,999.999753,999.999761,999.999771,999.999782,999.999796,999.999811,999.999828,999.999847,999.999867,999.999890,999.999914,999.999940,999.999968,999.999997,1000.000029,1000.000062,1000.000097,1000.000134,1000.000173,1000.000213,1000.000256,1000.000300,1000.000345,1000.000394,1000.000444,1000.000494,1000.000547,1000.000603,1000.000660,1000.000707,1000.000730,1000.000709,1000.000643,1000.000549,1000.000446,1000.000344,1000.000236,0.000000,0.000000,0.000000,0.000000,0.000000,0.000000,0.000000,0.000000,0.000000,0.000000,0.000000
0.000000,0.000000,0.000000,0.000000,0.000000,0.000000,0.000000,0.000000,0.000000,0.000000,1000.000204,1000.000319,1000.000421,1000.000523,1000.000620,1000.000697,1000.000730,1000.000712,1000.000665,1000.000607,1000.000550,1000.000496,1000.000444,1000.000392,1000.000342,1000.000295,1000.000249,1000.000205,1000.000162,1000.000122,1000.000083,1000.000046,1000.000011,999.999978,999.999946,999.999917,999.999889,999.999863,999.999839,999.999816,999.999796,999.999777,999.999760,999.999745,999.999731,999.999720,999.999710,999.999702,999.999696,999.999691,999.999689,999.999688,999.999689,999.999691,999.999696,999.999702,999.999710,999.999720,999.999731,999.999745,999.999760,999.999777,999.999796,999.999816,999.999839,999.999863,999.999889,999.999917,999.999946,999.999978,1000.000011,1000.000046,1000.000083,1000.000122,1000.000162,1000.000205,1000.000249,1000.000295,1000.000342,1000.000392,1000.000444,1000.000496,1000.000550,1000.000607,1000.000665,1000.000712,1000.000730,1000.000697,1000.000620,1000.000523,1000.000421,1000.000319,1000.000204,0.000000,0.000000,0.000000,0.000000,0.000000,0.000000,0.000000,0.000000,0.000000,0.000000
0.000000,0.000000,0.000000,0.000000,0.000000,0.000000,0.000000,0.000000,0.000000,1000.000169,1000.000287,1000.000393,1000.000497,1000.000597,1000.000680,1000.000727,1000.000722,1000.000676,1000.000617,1000.000557,1000.000501,1000.000447,1000.000394,1000.000342,1000.000293,1000.000245,1000.000199,1000.000155,1000.000113,1000.000072,1000.000034,999.999997,999.999962,999.999928,999.999897,999.999867,999.999839,999.999813,999.999789,999.999767,999.999746,999.999727,999.999710,999.999695,999.999682,999.999670,999.999660,999.999652,999.999646,999.999642,999.999639,999.999638,999.999639,999.999642,999.999646,999.999652,999.999660,999.999670,999.999682,999.999695,999.999710,999.999727,999.999746,999.999767,999.999789,999.999813,999.999839,999.999867,999.999897,999.999928,999.999962,999.999997,1000.000034,1000.000072,1000.000113,1000.000155,1000.000199,1000.000245,1000.000293,1000.000342,1000.000394,1000.000447,1000.000501,1000.000557,1000.000617,1000.000676,1000.000722,1000.000727,1000.000680,1000.000597,1000.000497,1000.000393,1000.000287,1000.000169,0.000000,0.000000,0.000000,0.000000,0.000000,0.000000,0.000000,0.000000,0.000000
0.000000,0.000000,0.000000,0.000000,0.000000,0.000000,0.000000,0.000000,0.000000,1000.000246,1000.000358,1000.000466,1000.000572,1000.000662,1000.000720,1000.000729,1000.000692,1000.000633,1000.000569,1000.000510,1000.000454,1000.000399,1000.000345,1000.000295,1000.000245,1000.000197,1000.000151,1000.000108,1000.000065,1000.000025,999.999986,999.999949,999.999914,999.999881,999.999849,999.999820,999.999792,999.999766,999.999742,999.999719,999.999699,999.999680,999.999663,999.999648,999.999634,999.999623,999.999613,999.999605,999.999598,999.999594,999.999591,999.999590,999.999591,999.999594,999.999598,999.999605,999.999613,999.999623,999.999634,999.999648,999.999663,999.999680,999.999699,999.999719,999.999742,999.999766,999.999792,999.999820,999.999849,999.999881,999.999914,999.999949,999.999986,1000.000025,1000.000065,1000.000108,1000.000151,1000.000197,1000.000245,1000.000295,1000.000345,1000.000399,1000.000454,1000.000510,1000.000569,1000.000633,1000.000692,1000.000729,1000.000720,1000.000662,1000.000572,1000.000466,1000.000358,1000.000246,0.000000,0.000000,0.000000,0.000000,0.000000,0.000000,0.000000,0.000000,0.000000
0.000000,0.000000,0.000000,0.000000,0.000000,0.000000,0.000000,0.000000,1000.000197,1000.000318,1000.000428,1000.000538,1000.000639,1000.000709,1000.000730,1000.000704,1000.000649,1000.000585,1000.000523,1000.000465,1000.000408,1000.000353,1000.000300,1000.000249,1000.000199,1000.000151,1000.000106,1000.000062,1000.000019,999.999979,999.999940,999.999903,999.999868,999.999835,999.999804,999.999774,999.999746,999.999720,999.999696,999.999673,999.999653,999.999634,999.999617,999.999602,999.999588,999.999577,999.999567,999.999559,999.999553,999.999548,999.999545,999.999545,999.999545,999.999548,999.999553,999.999559,999.999567,999.999577,999.999588,999.999602,999.999617,999.999634,999.999653,999.999673,999.999696,999.999720,999.999746,999.999774,999.999804,999.999835,999.999868,999.999903,999.999940,999.999979,1000.000019,1000.000062,1000.000106,1000.000151,1000.000199,1000.000249,1000.000300,1000.000353,1000.000408,1000.000465,1000.000523,1000.000585,1000.000649,1000.000704,1000.000730,1000.000709,1000.000639,1000.000538,1000.000428,1000.000318,1000.000197,0.000000,0.000000,0.000000,0.000000,0.000000,0.000000,0.000000,0.000000
0.000000,0.000000,0.000000,0.000000,0.000000,0.000000,0.000000,0.000000,1000.000266,1000.000382,1000.000493,1000.000603,1000.000690,1000.000729,1000.000713,1000.000664,1000.000602,1000.000539,1000.000479,1000.000421,1000.000364,1000.000309,1000.000256,1000.000205,1000.000155,1000.000108,1000.000062,1000.000018,999.999975,999.999935,999.999896,999.999859,999.999824,999.999791,999.999760,999.999730,999.999702,999.999676,999.999652,999.999629,999.999609,999.999590,999.999573,999.999558,999.999544,999.999533,999.999523,999.999515,999.999509,999.999504,999.999501,999.999500,999.999501,999.999504,999.999509,999.999515,999.999523,999.999533,999.999544,999.999558,999.999573,999.999590,999.999609,999.999629,999.999652,999.999676,999.999702,999.999730,999.999760,999.999791,999.999824,999.999859,999.999896,999.999935,999.999975,1000.000018,1000.000062,1000.000108,1000.000155,1000.000205,1000.000256,1000.000309,1000.000364,1000.000421,1000.000479,1000.000539,1000.000602,1000.000664,1000.000713,1000.000729,1000.000690,1000.000603,1000.000493,1000.000382,1000.000266,0.000000,0.000000,0.000000,0.000000,0.000000,0.000000,0.000000,0.000000
0.000000,0.000000,0.000000,0.000000,0.000000,0.000000,0.000000,1000.000208,1000.000332,1000.000444,1000.000557,1000.000658,1000.000721,1000.000725,1000.000682,1000.000620,1000.000556,1000.000496,1000.000437,1000.000378,1000.000321,1000.000267,1000.000213,1000.000162,1000.000113,1000.000065,1000.000019,999.999975,999.999933,999.999893,999.999854,999.999817,999.999782,999.999749,999.999717,999.999688,999.999660,999.999634,999.999610,999.999587,999.999567,999.999548,999.999531,999.999515,999.999502,999.999490,999.999481,999.999473,999.999466,999.999462,999.999459,999.999458,999.999459,999.999462,999.999466,999.999473,999.999481,999.999490,999.999502,999.999515,999.999531,999.999548,999.999567,999.999587,999.999610,999.999634,999.999660,999.999688,999.999717,999.999749,999.999782,999.999817,999.999854,999.999893,999.999933,999.999975,1000.000019,1000.000065,1000.000113,1000.000162,1000.000213,1000.000267,1000.000321,1000.000378,1000.000437,1000.000496,1000.000556,1000.000620,1000.000682,1000.000725,1000.000721,1000.000658,1000.000557,1000.000444,1000.000332,1000.000208,0.000000,0.000000,0.000000,0.000000,0.000000,0.000000,0.000000
0.000000,0.000000,0.000000,0.000000,0.000000,0.000000,0.000000,1000.000272,1000.000390,1000.000504,1000.000614,1000.000699,1000.000732,1000.000705,1000.000645,1000.000579,1000.000516,1000.000456,1000.000396,1000.000337,1000.000281,1000.000226,1000.000173,1000.000122,1000.000072,1000.000025,999.999979,999.999935,999.999893,999.999852,999.999814,999.999777,999.999742,999.999708,999.999677,999.999647,999.999620,999.999593,999.999569,999.999547,999.999526,999.999507,999.999490,999.999475,999.999462,999.999450,999.999440,999.999432,999.999426,999.999421,999.999419,999.999418,999.999419,999.999421,999.999426,999.999432,999.999440,999.999450,999.999462,999.999475,999.999490,999.999507,999.999526,999.999547,999.999569,999.999593,999.999620,999.999647,999.999677,999.999708,999.999742,999.999777,999.999814,999.999852,999.999893,999.999935,999.999979,1000.000025,1000.000072,1000.000122,1000.000173,1000.000226,1000.000281,1000.000337,1000.000396,1000.000456,1000.000516,1000.000579,1000.000645,1000.000705,1000.000732,1000.000699,1000.000614,1000.000504,1000.000390,1000.000272,0.000000,0.000000,0.000000,0.000000,0.000000,0.000000,0.000000
0.000000,0.000000,0.000000,0.000000,0.000000,0.000000,1000.000208,1000.000334,1000.000448,1000.000562,1000.000663,1000.000724,1000.000725,1000.000675,1000.000607,1000.000541,1000.000478,1000.000417,1000.000356,1000.000298,1000.000242,1000.000187,1000.000134,1000.000083,1000.000034,999.999986,999.999940,999.999896,999.999854,999.999814,999.999775,999.999738,999.999703,999.999670,999.999638,999.999609,999.999581,999.999555,999.999531,999.999508,999.999488,999.999469,999.999452,999.999436,999.999423,999.999411,999.999401,999.999393,999.999387,999.999383,999.999380,999.999379,999.999380,999.999383,999.999387,999.999393,999.999401,999.999411,999.999423,999.999436,999.999452,999.999469,999.999488,999.999508,999.999531,999.999555,999.999581,999.999609,999.999638,999.999670,999.999703,999.999738,999.999775,999.999814,999.999854,999.999896,999.999940,999.999986,1000.000034,1000.000083,1000.000134,1000.000187,1000.000242,1000.000298,1000.000356,1000.000417,1000.000478,1000.000541,1000.000607,1000.000675,1000.000725,1000.000724,1000.000663,1000.000562,1000.000448,1000.000334,1000.000208,0.000000,0.000000,0.000000,0.000000,0.000000,0.000000
0.000000,0.000000,0.000000,0.000000,0.000000,0.000000,1000.000268,1000.000389,1000.000504,1000.000616,1000.000701,1000.000733,1000.000703,1000.000641,1000.000571,1000.000505,1000.000442,1000.000379,1000.000320,1000.000262,1000.000205,1000.000150,1000.000097,1000.000046,999.999997,999.999949,999.999903,999.999859,999.999817,999.999777,999.999738,999.999701,999.999666,999.999633,999.999602,999.999572,999.999544,999.999518,999.999494,999.999471,999.999451,999.999432,999.999415,999.999400,999.999386,999.999374,999.999365,999.999357,999.999350,999.999346,999.999343,999.999342,999.999343,999.999346,999.999350,999.999357,999.999365,999.999374,999.999386,999.999400,999.999415,999.999432,999.999451,999.999471,999.999494,999.999518,999.999544,999.999572,999.999602,999.999633,999.999666,999.999701,999.999738,999.999777,999.999817,999.999859,999.999903,999.999949,999.999997,1000.000046,1000.000097,1000.000150,1000.000205,1000.000262,1000.000320,1000.000379,1000.000442,1000.000505,1000.000571,1000.000641,1000.000703,1000.000733,1000.000701,1000.000616,1000.000504,1000.000389,1000.000268,0.000000,0.000000,0.000000,0.000000,0.000000,0.000000
0.000000,0.000000,0.000000,0.000000,0.000000,1000.000199,1000.000327,1000.000443,1000.000559,1000.000662,1000.000724,1000.000725,1000.000674,1000.000604,1000.000536,1000.000471,1000.000406,1000.000344,1000.000285,1000.000226,1000.000170,1000.000115,1000.000062,1000.000011,999.999962,999.999914,999.999868,999.999824,999.999782,999.999742,999.999703,999.999666,999.999631,999.999598,999.999567,999.999537,999.999509,999.999483,999.999459,999.999436,999.999416,999.999397,999.999380,999.999365,999.999351,999.999339,999.999330,999.999321,999.999315,999.999311,999.999308,999.999307,999.999308,999.999311,999.999315,999.999321,999.999330,999.999339,999.999351,999.999365,999.999380,999.999397,999.999416,999.999436,999.999459,999.999483,999.999509,999.999537,999.999567,999.999598,999.999631,999.999666,999.999703,999.999742,999.999782,999.999824,999.999868,999.999914,999.999962,1000.000011,1000.000062,1000.000115,1000.000170,1000.000226,1000.000285,1000.000344,1000.000406,1000.000471,1000.000536,1000.000604,1000.000674,1000.000725,1000.000724,1000.000662,1000.000559,1000.000443,1000.000327,1000.000199,0.000000,0.000000,0.000000,0.000000,0.000000
0.000000,0.000000,0.000000,0.000000,0.000000,1000.000252,1000.000376,1000.000494,1000.000609,1000.000698,1000.000732,1000.000704,1000.000641,1000.000570,1000.000502,1000.000437,1000.000373,1000.000311,1000.000251,1000.000193,1000.000137,1000.000082,1000.000029,999.999978,999.999928,999.999881,999.999835,999.999791,999.999749,999.999708,999.999670,999.999633,999.999598,999.999565,999.999533,999.999504,999.999476,999.999450,999.999426,999.999403,999.999382,999.999364,999.999347,999.999331,999.999318,999.999306,999.999296,999.999288,999.999282,999.999277,999.999275,999.999274,999.999275,999.999277,999.999282,999.999288,999.999296,999.999306,999.999318,999.999331,999.999347,999.999364,999.999382,999.999403,999.999426,999.999450,999.999476,999.999504,999.999533,999.999565,999.999598,999.999633,999.999670,999.999708,999.999749,999.999791,999.999835,999.999881,999.999928,999.999978,1000.000029,1000.000082,1000.000137,1000.000193,1000.000251,1000.000311,1000.000373,1000.000437,1000.000502,1000.000570,1000.000641,1000.000704,1000.000732,1000.000698,1000.000609,1000.000494,1000.000376,1000.000252,0.000000,0.000000,0.000000,0.000000,0.000000
0.000000,0.000000,0.000000,0.000000,1000.000174,1000.000304,1000.000423,1000.000543,1000.000652,1000.000721,1000.000725,1000.000676,1000.000607,1000.000538,1000.000471,1000.000405,1000.000341,1000.000280,1000.000220,1000.000161,1000.000105,1000.000050,999.999997,999.999946,999.999897,999.999849,999.999804,999.999760,999.999717,999.999677,999.999638,999.999602,999.999567,999.999533,999.999502,999.999472,999.999444,999.999418,999.999394,999.999372,999.999351,999.999332,999.999315,999.999300,999.999286,999.999275,999.999265,999.999257,999.999251,999.999246,999.999243,999.999242,999.999243,999.999246,999.999251,999.999257,999.999265,999.999275,999.999286,999.999300,999.999315,999.999332,999.999351,999.999372,999.999394,999.999418,999.999444,999.999472,999.999502,999.999533,999.999567,999.999602,999.999638,999.999677,999.999717,999.999760,999.999804,999.999849,999.999897,999.999946,999.999997,1000.000050,1000.000105,1000.000161,1000.000220,1000.000280,1000.000341,1000.000405,1000.000471,1000.000538,1000.000607,1000.000676,1000.000725,1000.000721,1000.000652,1000.000543,1000.000423,1000.000304,1000.000174,0.000000,0.000000,0.000000,0.000000
0.000000,0.000000,0.000000,0.000000,1000.000222,1000.000347,1000.000467,1000.000587,1000.000686,1000.000730,1000.000708,1000.000646,1000.000576,1000.000508,1000.000441,1000.000375,1000.000312,1000.000250,1000.000190,1000.000132,1000.000075,1000.000021,999.999968,999.999917,999.999867,999.999820,999.999774,999.999730,999.999688,999.999647,999.999609,999.999572,999.999537,999.999504,999.999472,999.999443,999.999415,999.999389,999.999364,999.999342,999.999321,999.999303,999.999285,999.999270,999.999257,999.999245,999.999235,999.999227,999.999221,999.999216,999.999214,999.999213,999.999214,999.999216,999.999221,999.999227,999.999235,999.999245,999.999257,999.999270,999.999285,999.999303,999.999321,999.999342,999.999364,999.999389,999.999415,999.999443,999.999472,999.999504,999.999537,999.999572,999.999609,999.999647,999.999688,999.999730,999.999774,999.999820,999.999867,999.999917,999.999968,1000.000021,1000.000075,1000.000132,1000.000190,1000.000250,1000.000312,1000.000375,1000.000441,1000.000508,1000.000576,1000.000646,1000.000708,1000.000730,1000.000686,1000.000587,1000.000467,1000.000347,1000.000222,0.000000,0.000000,0.000000,0.000000
