0.000000,0.000000,0.000000,0.000000,0.000000,0.000000,0.000000,0.000000,0.000000,0.000000,0.000000,0.000000,0.000000,0.000000,0.000000,0.000000,0.000000,0.000000,0.000000,0.000000,0.000000,0.000000,0.000000,0.000000,0.000000,0.000000,0.000000,0.000000,0.000000,0.000000,0.000000,0.000000,0.000000,0.000000,0.000000,0.000000,0.000000,0.000000,0.000000,0.000000,0.000000,0.000000,0.000000,0.000000,0.000000,0.000000,0.000000,0.000000,0.000000,0.000000,0.000000,0.000000,0.000000,0.000000,0.000000,0.000000,0.000000,0.000000,0.000000,0.000000,0.000000,0.000000,0.000000,0.000000,0.000000,0.000000,0.000000,0.000000,0.000000,0.000000,0.000000,0.000000,0.000000,0.000000,0.000000,0.000000,0.000000,0.000000,0.000000,0.000000,0.000000,0.000000,0.000000,0.000000,0.000000,0.000000,0.000000,0.000000,0.000000,0.000000,0.000000,0.000000,0.000000,0.000000,0.000000,0.000000,0.000000,0.000000,0.000000,0.000000,0.000000,0.000000,0.000000
0.000000,0.000000,0.000000,0.000000,0.000000,0.000000,0.000000,0.000000,0.000000,0.000000,0.000000,0.000000,0.000000,0.000000,0.000000,0.000000,0.000000,0.000000,0.000000,0.000000,0.000000,0.000000,0.000000,0.000000,0.000000,0.000000,0.000000,0.000000,0.000000,0.000000,0.000000,0.000000,0.000000,0.000000,0.000000,0.000000,0.000000,0.000000,0.000000,0.000000,0.000000,0.000000,0.000000,0.000000,0.000000,0.000000,0.000000,0.000000,0.000000,0.000000,0.000000,1000.000098,0.000000,0.000000,0.000000,0.000000,0.000000,0.000000,0.000000,0.000000,0.000000,0.000000,0.000000,0.000000,0.000000,0.000000,0.000000,0.000000,0.000000,0.000000,0.000000,0.000000,0.000000,0.000000,0.000000,0.000000,0.000000,0.000000,0.000000,0.000000,0.000000,0.000000,0.000000,0.000000,0.000000,0.000000,0.000000,0.000000,0.000000,0.000000,0.000000,0.000000,0.000000,0.000000,0.000000,0.000000,0.000000,0.000000,0.000000,0.000000,0.000000,0.000000,0.000000
0.000000,0.000000,0.000000,0.000000,0.000000,0.000000,0.000000,0.000000,0.000000,0.000000,0.000000,0.000000,0.000000,0.000000,0.000000,0.000000,0.000000,0.000000,0.000000,0.000000,0.000000,0.000000,0.000000,0.000000,0.000000,0.000000,0.000000,0.000000,0.000000,0.000000,0.000000,0.000000,0.000000,0.000000,0.000000,0.000000,0.000000,0.000000,0.000000,0.000000,0.000000,0.000000,1000.000177,1000.000206,1000.000221,1000.000229,1000.000233,1000.000234,1000.000235,1000.000233,1000.000232,1000.000239,1000.000232,1000.000233,1000.000235,1000.000234,1000.000233,1000.000229,1000.000221,1000.000206,1000.000177,0.000000,0.000000,0.000000,0.000000,0.000000,0.000000,0.000000,0.000000,0.000000,0.000000,0.000000,0.000000,0.000000,0.000000,0.000000,0.000000,0.000000,0.000000,0.000000,0.000000,0.000000,0.000000,0.000000,0.000000,0.000000,0.000000,0.000000,0.000000,0.000000,0.000000,0.000000,0.000000,0.000000,0.000000,0.000000,0.000000,0.000000,0.000000,0.000000,0.000000,0.000000,0.000000
0.000000,0.000000,0.000000,0.000000,0.000000,0.000000,0.000000,0.000000,0.000000,0.000000,0.000000,0.000000,0.000000,0.000000,0.000000,0.000000,0.000000,0.000000,0.000000,0.000000,0.000000,0.000000,0.000000,0.000000,0.000000,0.000000,0.000000,0.000000,0.000000,0.000000,0.000000,0.000000,0.000000,0.000000,0.000000,0.000000,0.000000,1000.000171,1000.000213,1000.000247,1000.000275,1000.000297,1000.000318,1000.000336,1000.000351,1000.000360,1000.000366,1000.000369,1000.000370,1000.000371,1000.000370,1000.000371,1000.000370,1000.000371,1000.000370,1000.000369,1000.000366,1000.000360,1000.000351,1000.000336,1000.000318,1000.000297,1000.000275,1000.000247,1000.000213,1000.000171,0.000000,0.000000,0.000000,0.000000,0.000000,0.000000,0.000000,0.000000,0.000000,0.000000,0.000000,0.000000,0.000000,0.000000,0.000000,0.000000,0.000000,0.000000,0.000000,0.000000,0.000000,0.000000,0.000000,0.000000,0.000000,0.000000,0.000000,0.000000,0.000000,0.000000,0.000000,0.000000,0.000000,0.000000,0.000000,0.000000,0.000000
0.000000,0.000000,0.000000,0.000000,0.000000,0.000000,0.000000,0.000000,0.000000,0.000000,0.000000,0.000000,0.000000,0.000000,0.000000,0.000000,0.000000,0.000000,0.000000,0.000000,0.000000,0.000000,0.000000,0.000000,0.000000,0.000000,0.000000,0.000000,0.000000,0.000000,0.000000,0.000000,0.000000,0.000000,1000.000178,1000.000227,1000.000267,1000.000307,1000.000342,1000.000374,1000.000403,1000.000428,1000.000451,1000.000469,1000.000482,1000.000491,1000.000496,1000.000499,1000.000501,1000.000501,1000.000502,1000.000502,1000.000502,1000.000501,1000.000501,1000.000499,1000.000496,1000.000491,1000.000482,1000.000469,1000.000451,1000.000428,1000.000403,1000.000374,1000.000342,1000.000307,1000.000267,1000.000227,1000.000178,0.000000,0.000000,0.000000,0.000000,0.000000,0.000000,0.000000,0.000000,0.000000,0.000000,0.000000,0.000000,0.000000,0.000000,0.000000,0.000000,0.000000,0.000000,0.000000,0.000000,0.000000,0.000000,0.000000,0.000000,0.000000,0.000000,0.000000,0.000000,0.000000,0.000000,0.000000,0.000000,0.000000,0.000000
0.000000,0.000000,0.000000,0.000000,0.000000,0.000000,0.000000,0.000000,0.000000,0.000000,0.000000,0.000000,0.000000,0.000000,0.000000,0.000000,0.000000,0.000000,0.000000,0.000000,0.000000,0.000000,0.000000,0.000000,0.000000,0.000000,0.000000,0.000000,0.000000,0.000000,0.000000,0.000000,1000.000203,1000.000258,1000.000311,1000.000354,1000.000394,1000.000433,1000.000469,1000.000500,1000.000529,1000.000556,1000.000580,1000.000599,1000.000611,1000.000618,1000.000622,1000.000624,1000.000625,1000.000625,1000.000626,1000.000625,1000.000626,1000.000625,1000.000625,1000.000624,1000.000622,1000.000618,1000.000611,1000.000599,1000.000580,1000.000556,1000.000529,1000.000500,1000.000469,1000.000433,1000.000394,1000.000354,1000.000311,1000.000258,1000.000203,0.000000,0.000000,0.000000,0.000000,0.000000,0.000000,0.000000,0.000000,0.000000,0.000000,0.000000,0.000000,0.000000,0.000000,0.000000,0.000000,0.000000,0.000000,0.000000,0.000000,0.000000,0.000000,0.000000,0.000000,0.000000,0.000000,0.000000,0.000000,0.000000,0.000000,0.000000,0.000000
0.000000,0.000000,0.000000,0.000000,0.000000,0.000000,0.000000,0.000000,0.000000,0.000000,0.000000,0.000000,0.000000,0.000000,0.000000,0.000000,0.000000,0.000000,0.000000,0.000000,0.000000,0.000000,0.000000,0.000000,0.000000,0.000000,0.000000,0.000000,0.000000,0.000000,1000.000213,1000.000274,1000.000334,1000.000384,1000.000432,1000.000477,1000.000520,1000.000559,1000.000593,1000.000623,1000.000647,1000.000670,1000.000689,1000.000702,1000.000709,1000.000713,1000.000715,1000.000715,1000.000716,1000.000716,1000.000716,1000.000716,1000.000716,1000.000716,1000.000716,1000.000715,1000.000715,1000.000713,1000.000709,1000.000702,1000.000689,1000.000670,1000.000647,1000.000623,1000.000593,1000.000559,1000.000520,1000.000477,1000.000432,1000.000384,1000.000334,1000.000274,1000.000213,0.000000,0.000000,0.000000,0.000000,0.000000,0.000000,0.000000,0.000000,0.000000,0.000000,0.000000,0.000000,0.000000,0.000000,0.000000,0.000000,0.000000,0.000000,0.000000,0.000000,0.000000,0.000000,0.000000,0.000000,0.000000,0.000000,0.000000,0.000000,0.000000,0.000000
0.000000,0.000000,0.000000,0.000000,0.000000,0.000000,0.000000,0.000000,0.000000,0.000000,0.000000,0.000000,0.000000,0.000000,0.000000,0.000000,0.000000,0.000000,0.000000,0.000000,0.000000,0.000000,0.000000,0.000000,0.000000,0.000000,0.000000,0.000000,1000.000212,1000.000278,1000.000342,1000.000397,1000.000452,1000.000505,1000.000555,1000.000600,1000.000639,1000.000671,1000.000698,1000.000716,1000.000729,1000.000737,1000.000739,1000.000738,1000.000736,1000.000735,1000.000734,1000.000733,1000.000732,1000.000732,1000.000731,1000.000731,1000.000731,1000.000732,1000.000732,1000.000733,1000.000734,1000.000735,1000.000736,1000.000738,1000.000739,1000.000737,1000.000729,1000.000716,1000.000698,1000.000671,1000.000639,1000.000600,1000.000555,1000.000505,1000.000452,1000.000397,1000.000342,1000.000278,1000.000212,0.000000,0.000000,0.000000,0.000000,0.000000,0.000000,0.000000,0.000000,0.000000,0.000000,0.000000,0.000000,0.000000,0.000000,0.000000,0.000000,0.000000,0.000000,0.000000,0.000000,0.000000,0.000000,0.000000,0.000000,0.000000,0.000000,0.000000,0.000000
0.000000,0.000000,0.000000,0.000000,0.000000,0.000000,0.000000,0.000000,0.000000,0.000000,0.000000,0.000000,0.000000,0.000000,0.000000,0.000000,0.000000,0.000000,0.000000,0.000000,0.000000,0.000000,0.000000,0.000000,0.000000,0.000000,1000.000201,1000.000272,1000.000339,1000.000399,1000.000458,1000.000515,1000.000571,1000.000622,1000.000666,1000.000701,1000.000724,1000.000739,1000.000745,1000.000744,1000.000739,1000.000729,1000.000715,1000.000702,1000.000692,1000.000686,1000.000682,1000.000680,1000.000678,1000.000676,1000.000676,1000.000675,1000.000676,1000.000676,1000.000678,1000.000680,1000.000682,1000.000686,1000.000692,1000.000702,1000.000715,1000.000729,1000.000739,1000.000744,1000.000745,1000.000739,1000.000724,1000.000701,1000.000666,1000.000622,1000.000571,1000.000515,1000.000458,1000.000399,1000.000339,1000.000272,1000.000201,0.000000,0.000000,0.000000,0.000000,0.000000,0.000000,0.000000,0.000000,0.000000,0.000000,0.000000,0.000000,0.000000,0.000000,0.000000,0.000000,0.000000,0.000000,0.000000,0.000000,0.000000,0.000000,0.000000,0.000000,0.000000,0.000000
0.000000,0.000000,0.000000,0.000000,0.000000,0.000000,0.000000,0.000000,0.000000,0.000000,0.000000,0.000000,0.000000,0.000000,0.000000,0.000000,0.000000,0.000000,0.000000,0.000000,0.000000,0.000000,0.000000,0.000000,1000.000173,1000.000251,1000.000325,1000.000390,1000.000454,1000.000515,1000.000574,1000.000629,1000.000676,1000.000713,1000.000737,1000.000746,1000.000744,1000.000735,1000.000720,1000.000703,1000.000686,1000.000668,1000.000649,1000.000632,1000.000619,1000.000611,1000.000606,1000.000601,1000.000598,1000.000596,1000.000595,1000.000595,1000.000595,1000.000596,1000.000598,1000.000601,1000.000606,1000.000611,1000.000619,1000.000632,1000.000649,1000.000668,1000.000686,1000.000703,1000.000720,1000.000735,1000.000744,1000.000746,1000.000737,1000.000713,1000.000676,1000.000629,1000.000574,1000.000515,1000.000454,1000.000390,1000.000325,1000.000251,1000.000173,0.000000,0.000000,0.000000,0.000000,0.000000,0.000000,0.000000,0.000000,0.000000,0.000000,0.000000,0.000000,0.000000,0.000000,0.000000,0.000000,0.000000,0.000000,0.000000,0.000000,0.000000,0.000000,0.000000,0.000000
0.000000,0.000000,0.000000,0.000000,0.000000,0.000000,0.000000,0.000000,0.000000,0.000000,0.000000,0.000000,0.000000,0.000000,0.000000,0.000000,0.000000,0.000000,0.000000,0.000000,0.000000,0.000000,0.000000,1000.000209,1000.000294,1000.000366,1000.000437,1000.000504,1000.000569,1000.000627,1000.000677,1000.000716,1000.000740,1000.000748,1000.000741,1000.000723,1000.000701,1000.000678,1000.000654,1000.000631,1000.000611,1000.000592,1000.000574,1000.000558,1000.000546,1000.000536,1000.000529,1000.000523,1000.000519,1000.000517,1000.000515,1000.000515,1000.000515,1000.000517,1000.000519,1000.000523,1000.000529,1000.000536,1000.000546,1000.000558,1000.000574,1000.000592,1000.000611,1000.000631,1000.000654,1000.000678,1000.000701,1000.000723,1000.000741,1000.000748,1000.000740,1000.000716,1000.000677,1000.000627,1000.000569,1000.000504,1000.000437,1000.000366,1000.000294,1000.000209,0.000000,0.000000,0.000000,0.000000,0.000000,0.000000,0.000000,0.000000,0.000000,0.000000,0.000000,0.000000,0.000000,0.000000,0.000000,0.000000,0.000000,0.000000,0.000000,0.000000,0.000000,0.000000,0.000000
0.000000,0.000000,0.000000,0.000000,0.000000,0.000000,0.000000,0.000000,0.000000,0.000000,0.000000,0.000000,0.000000,0.000000,0.000000,0.000000,0.000000,0.000000,0.000000,0.000000,0.000000,1000.000154,1000.000242,1000.000326,1000.000402,1000.000476,1000.000550,1000.000616,1000.000672,1000.000714,1000.000740,1000.000748,1000.000740,1000.000719,1000.000691,1000.000660,1000.000631,1000.000605,1000.000580,1000.000557,1000.000536,1000.000518,1000.000501,1000.000486,1000.000473,1000.000463,1000.000454,1000.000448,1000.000443,1000.000440,1000.000438,1000.000438,1000.000438,1000.000440,1000.000443,1000.000448,1000.000454,1000.000463,1000.000473,1000.000486,1000.000501,1000.000518,1000.000536,1000.000557,1000.000580,1000.000605,1000.000631,1000.000660,1000.000691,1000.000719,1000.000740,1000.000748,1000.000740,1000.000714,1000.000672,1000.000616,1000.000550,1000.000476,1000.000402,1000.000326,1000.000242,1000.000154,0.000000,0.000000,0.000000,0.000000,0.000000,0.000000,0.000000,0.000000,0.000000,0.000000,0.000000,0.000000,0.000000,0.000000,0.000000,0.000000,0.000000,0.000000,0.000000,0.000000,0.000000
0.000000,0.000000,0.000000,0.000000,0.000000,0.000000,0.000000,0.000000,0.000000,0.000000,0.000000,0.000000,0.000000,0.000000,0.000000,0.000000,0.000000,0.000000,0.000000,0.000000,1000.000180,1000.000272,1000.000351,1000.000430,1000.000508,1000.000585,1000.000653,1000.000705,1000.000736,1000.000747,1000.000740,1000.000718,1000.000689,1000.000655,1000.000620,1000.000588,1000.000559,1000.000533,1000.000508,1000.000486,1000.000465,1000.000446,1000.000429,1000.000414,1000.000401,1000.000390,1000.000382,1000.000375,1000.000370,1000.000366,1000.000364,1000.000363,1000.000364,1000.000366,1000.000370,1000.000375,1000.000382,1000.000390,1000.000401,1000.000414,1000.000429,1000.000446,1000.000465,1000.000486,1000.000508,1000.000533,1000.000559,1000.000588,1000.000620,1000.000655,1000.000689,1000.000718,1000.000740,1000.000747,1000.000736,1000.000705,1000.000653,1000.000585,1000.000508,1000.000430,1000.000351,1000.000272,1000.000180,0.000000,0.000000,0.000000,0.000000,0.000000,0.000000,0.000000,0.000000,0.000000,0.000000,0.000000,0.000000,0.000000,0.000000,0.000000,0.000000,0.000000,0.000000,0.000000,0.000000
0.000000,0.000000,0.000000,0.000000,0.000000,0.000000,0.000000,0.000000,0.000000,0.000000,0.000000,0.000000,0.000000,0.000000,0.000000,0.000000,0.000000,0.000000,0.000000,1000.000200,1000.000294,1000.000377,1000.000455,1000.000534,1000.000610,1000.000677,1000.000724,1000.000745,1000.000741,1000.000720,1000.000690,1000.000654,1000.000618,1000.000582,1000.000549,1000.000519,1000.000490,1000.000463,1000.000438,1000.000415,1000.000395,1000.000376,1000.000359,1000.000344,1000.000331,1000.000320,1000.000311,1000.000304,1000.000298,1000.000294,1000.000292,1000.000291,1000.000292,1000.000294,1000.000298,1000.000304,1000.000311,1000.000320,1000.000331,1000.000344,1000.000359,1000.000376,1000.000395,1000.000415,1000.000438,1000.000463,1000.000490,1000.000519,1000.000549,1000.000582,1000.000618,1000.000654,1000.000690,1000.000720,1000.000741,1000.000745,1000.000724,1000.000677,1000.000610,1000.000534,1000.000455,1000.000377,1000.000294,1000.000200,0.000000,0.000000,0.000000,0.000000,0.000000,0.000000,0.000000,0.000000,0.000000,0.000000,0.000000,0.000000,0.000000,0.000000,0.000000,0.000000,0.000000,0.000000,0.000000
0.000000,0.000000,0.000000,0.000000,0.000000,0.000000,0.000000,0.000000,0.000000,0.000000,0.000000,0.000000,0.000000,0.000000,0.000000,0.000000,0.000000,0.000000,1000.000213,1000.000311,1000.000397,1000.000479,1000.000561,1000.000634,1000.000694,1000.000735,1000.000746,1000.000728,1000.000697,1000.000659,1000.000621,1000.000583,1000.000548,1000.000513,1000.000481,1000.000451,1000.000422,1000.000395,1000.000370,1000.000347,1000.000326,1000.000307,1000.000290,1000.000275,1000.000262,1000.000251,1000.000242,1000.000234,1000.000229,1000.000225,1000.000222,1000.000221,1000.000222,1000.000225,1000.000229,1000.000234,1000.000242,1000.000251,1000.000262,1000.000275,1000.000290,1000.000307,1000.000326,1000.000347,1000.000370,1000.000395,1000.000422,1000.000451,1000.000481,1000.000513,1000.000548,1000.000583,1000.000621,1000.000659,1000.000697,1000.000728,1000.000746,1000.000735,1000.000694,1000.000634,1000.000561,1000.000479,1000.000397,1000.000311,1000.000213,0.000000,0.000000,0.000000,0.000000,0.000000,0.000000,0.000000,0.000000,0.000000,0.000000,0.000000,0.000000,0.000000,0.000000,0.000000,0.000000,0.000000,0.000000
0.000000,0.000000,0.000000,0.000000,0.000000,0.000000,0.000000,0.000000,0.000000,0.000000,0.000000,0.000000,0.000000,0.000000,0.000000,0.000000,0.000000,1000.000219,1000.000320,1000.000409,1000.000496,1000.000582,1000.000657,1000.000712,1000.000742,1000.000745,1000.000719,1000.000678,1000.000634,1000.000592,1000.000553,1000.000516,1000.000481,1000.000447,1000.000414,1000.000383,1000.000355,1000.000328,1000.000304,1000.000281,1000.000260,1000.000241,1000.000224,1000.000209,1000.000195,1000.000184,1000.000175,1000.000167,1000.000161,1000.000157,1000.000154,1000.000153,1000.000154,1000.000157,1000.000161,1000.000167,1000.000175,1000.000184,1000.000195,1000.000209,1000.000224,1000.000241,1000.000260,1000.000281,1000.000304,1000.000328,1000.000355,1000.000383,1000.000414,1000.000447,1000.000481,1000.000516,1000.000553,1000.000592,1000.000634,1000.000678,1000.000719,1000.000745,1000.000742,1000.000712,1000.000657,1000.000582,1000.000496,1000.000409,1000.000320,1000.000219,0.000000,0.000000,0.000000,0.000000,0.000000,0.000000,0.000000,0.000000,0.000000,0.000000,0.000000,0.000000,0.000000,0.000000,0.000000,0.000000,0.000000
0.000000,0.000000,0.000000,0.000000,0.000000,0.000000,0.000000,0.000000,0.000000,0.000000,0.000000,0.000000,0.000000,0.000000,0.000000,0.000000,1000.000221,1000.000325,1000.000416,1000.000506,1000.000594,1000.000671,1000.000724,1000.000745,1000.000737,1000.000707,1000.000664,1000.000615,1000.000569,1000.000527,1000.000489,1000.000451,1000.000415,1000.000381,1000.000349,1000.000319,1000.000290,1000.000264,1000.000239,1000.000216,1000.000195,1000.000176,1000.000159,1000.000144,1000.000130,1000.000119,1000.000109,1000.000101,1000.000095,1000.000091,1000.000089,1000.000088,1000.000089,1000.000091,1000.000095,1000.000101,1000.000109,1000.000119,1000.000130,1000.000144,1000.000159,1000.000176,1000.000195,1000.000216,1000.000239,1000.000264,1000.000290,1000.000319,1000.000349,1000.000381,1000.000415,1000.000451,1000.000489,1000.000527,1000.000569,1000.000615,1000.000664,1000.000707,1000.000737,1000.000745,1000.000724,1000.000671,1000.000594,1000.000506,1000.000416,1000.000325,1000.000221,0.000000,0.000000,0.000000,0.000000,0.000000,0.000000,0.000000,0.000000,0.000000,0.000000,0.000000,0.000000,0.000000,0.000000,0.000000,0.000000
0.000000,0.000000,0.000000,0.000000,0.000000,0.000000,0.000000,0.000000,0.000000,0.000000,0.000000,0.000000,0.000000,0.000000,0.000000,1000.000219,1000.000325,1000.000418,1000.000510,1000.000600,1000.000677,1000.000730,1000.000746,1000.000727,1000.000691,1000.000646,1000.000598,1000.000551,1000.000507,1000.000466,1000.000426,1000.000388,1000.000352,1000.000318,1000.000286,1000.000256,1000.000227,1000.000200,1000.000176,1000.000153,1000.000132,1000.000113,1000.000096,1000.000080,1000.000067,1000.000055,1000.000046,1000.000038,1000.000032,1000.000027,1000.000025,1000.000024,1000.000025,1000.000027,1000.000032,1000.000038,1000.000046,1000.000055,1000.000067,1000.000080,1000.000096,1000.000113,1000.000132,1000.000153,1000.000176,1000.000200,1000.000227,1000.000256,1000.000286,1000.000318,1000.000352,1000.000388,1000.000426,1000.000466,1000.000507,1000.000551,1000.000598,1000.000646,1000.000691,1000.000727,1000.000746,1000.000730,1000.000677,1000.000600,1000.000510,1000.000418,1000.000325,1000.000219,0.000000,0.000000,0.000000,0.000000,0.000000,0.000000,0.000000,0.000000,0.000000,0.000000,0.000000,0.000000,0.000000,0.000000,0.000000
0.000000,0.000000,0.000000,0.000000,0.000000,0.000000,0.000000,0.000000,0.000000,0.000000,0.000000,0.000000,0.000000,0.000000,1000.000213,1000.000320,1000.000416,1000.000510,1000.000602,1000.000680,1000.000733,1000.000746,1000.000722,1000.000679,1000.000630,1000.000581,1000.000535,1000.000490,1000.000446,1000.000404,1000.000364,1000.000327,1000.000291,1000.000257,1000.000225,1000.000194,1000.000166,1000.000139,1000.000114,1000.000092,1000.000071,1000.000051,1000.000034,1000.000019,1000.000005,999.999994,999.999984,999.999976,999.999970,999.999965,999.999963,999.999962,999.999963,999.999965,999.999970,999.999976,999.999984,999.999994,1000.000005,1000.000019,1000.000034,1000.000051,1000.000071,1000.000092,1000.000114,1000.000139,1000.000166,1000.000194,1000.000225,1000.000257,1000.000291,1000.000327,1000.000364,1000.000404,1000.000446,1000.000490,1000.000535,1000.000581,1000.000630,1000.000679,1000.000722,1000.000746,1000.000733,1000.000680,1000.000602,1000.000510,1000.000416,1000.000320,1000.000213,0.000000,0.000000,0.000000,0.000000,0.000000,0.000000,0.000000,0.000000,0.000000,0.000000,0.000000,0.000000,0.000000,0.000000
0.000000,0.000000,0.000000,0.000000,0.000000,0.000000,0.000000,0.000000,0.000000,0.000000,0.000000,0.000000,0.000000,1000.000200,1000.000311,1000.000409,1000.000506,1000.000600,1000.000680,1000.000734,1000.000746,1000.000721,1000.000674,1000.000621,1000.000569,1000.000521,1000.000475,1000.000430,1000.000386,1000.000344,1000.000305,1000.000267,1000.000231,1000.000197,1000.000165,1000.000135,1000.000106,1000.000080,1000.000055,1000.000032,1000.000011,999.999992,999.999975,999.999959,999.999946,999.999934,999.999924,999.999916,999.999910,999.999905,999.999903,999.999902,999.999903,999.999905,999.999910,999.999916,999.999924,999.999934,999.999946,999.999959,999.999975,999.999992,1000.000011,1000.000032,1000.000055,1000.000080,1000.000106,1000.000135,1000.000165,1000.000197,1000.000231,1000.000267,1000.000305,1000.000344,1000.000386,1000.000430,1000.000475,1000.000521,1000.000569,1000.000621,1000.000674,1000.000721,1000.000746,1000.000734,1000.000680,1000.000600,1000.000506,1000.000409,1000.000311,1000.000200,0.000000,0.000000,0.000000,0.000000,0.000000,0.000000,0.000000,0.000000,0.000000,0.000000,0.000000,0.000000,0.000000
0.000000,0.000000,0.000000,0.000000,0.000000,0.000000,0.000000,0.000000,0.000000,0.000000,0.000000,0.000000,1000.000180,1000.000294,1000.000397,1000.000496,1000.000594,1000.000677,1000.000733,1000.000746,1000.000720,1000.000672,1000.000616,1000.000562,1000.000512,1000.000464,1000.000417,1000.000371,1000.000328,1000.000287,1000.000247,1000.000209,1000.000173,1000.000140,1000.000107,1000.000077,1000.000049,1000.000022,999.999997,999.999974,999.999953,999.999934,999.999917,999.999901,999.999888,999.999876,999.999866,999.999858,999.999852,999.999847,999.999845,999.999844,999.999845,999.999847,999.999852,999.999858,999.999866,999.999876,999.999888,999.999901,999.999917,999.999934,999.999953,999.999974,999.999997,1000.000022,1000.000049,1000.000077,1000.000107,1000.000140,1000.000173,1000.000209,1000.000247,1000.000287,1000.000328,1000.000371,1000.000417,1000.000464,1000.000512,1000.000562,1000.000616,1000.000672,1000.000720,1000.000746,1000.000733,1000.000677,1000.000594,1000.000496,1000.000397,1000.000294,1000.000180,0.000000,0.000000,0.000000,0.000000,0.000000,0.000000,0.000000,0.000000,0.000000,0.000000,0.000000,0.000000
0.000000,0.000000,0.000000,0.000000,0.000000,0.000000,0.000000,0.000000,0.000000,0.000000,0.000000,1000.000154,1000.000272,1000.000377,1000.000479,1000.000582,1000.000671,1000.000730,1000.000746,1000.000721,1000.000672,1000.000615,1000.000559,1000.000507,1000.000457,1000.000408,1000.000360,1000.000316,1000.000272,1000.000231,1000.000191,1000.000153,1000.000118,1000.000084,1000.000051,1000.000021,999.999993,999.999966,999.999941,999.999918,999.999897,999.999878,999.999861,999.999846,999.999832,999.999820,999.999810,999.999802,999.999796,999.999791,999.999789,999.999788,999.999789,999.999791,999.999796,999.999802,999.999810,999.999820,999.999832,999.999846,999.999861,999.999878,999.999897,999.999918,999.999941,999.999966,999.999993,1000.000021,1000.000051,1000.000084,1000.000118,1000.000153,1000.000191,1000.000231,1000.000272,1000.000316,1000.000360,1000.000408,1000.000457,1000.000507,1000.000559,1000.000615,1000.000672,1000.000721,1000.000746,1000.000730,1000.000671,1000.000582,1000.000479,1000.000377,1000.000272,1000.000154,0.000000,0.000000,0.000000,0.000000,0.000000,0.000000,0.000000,0.000000,0.000000,0.000000,0.000000
0.000000,0.000000,0.000000,0.000000,0.000000,0.000000,0.000000,0.000000,0.000000,0.000000,0.000000,1000.000242,1000.000351,1000.000455,1000.000561,1000.000657,1000.000724,1000.000746,1000.000722,1000.000674,1000.000616,1000.000559,1000.000505,1000.000453,1000.000402,1000.000353,1000.000306,1000.000262,1000.000218,1000.000177,1000.000137,1000.000099,1000.000064,1000.000030,999.999997,999.999967,999.999939,999.999912,999.999887,999.999864,999.999843,999.999824,999.999807,999.999791,999.999778,999.999766,999.999756,999.999748,999.999741,999.999737,999.999734,999.999733,999.999734,999.999737,999.999741,999.999748,999.999756,999.999766,999.999778,999.999791,999.999807,999.999824,999.999843,999.999864,999.999887,999.999912,999.999939,999.999967,999.999997,1000.000030,1000.000064,1000.000099,1000.000137,1000.000177,1000.000218,1000.000262,1000.000306,1000.000353,1000.000402,1000.000453,1000.000505,1000.000559,1000.000616,1000.000674,1000.000722,1000.000746,1000.000724,1000.000657,1000.000561,1000.000455,1000.000351,1000.000242,0.000000,0.000000,0.000000,0.000000,0.000000,0.000000,0.000000,0.000000,0.000000,0.000000,0.000000
0.000000,0.000000,0.000000,0.000000,0.000000,0.000000,0.000000,0.000000,0.000000,0.000000,1000.000209,1000.000326,1000.000430,1000.000534,1000.000634,1000.000712,1000.000745,1000.000727,1000.000679,1000.000621,1000.000562,1000.000507,1000.000453,1000.000400,1000.000349,1000.000301,1000.000254,1000.000209,1000.000166,1000.000124,1000.000085,1000.000047,1000.000011,999.999977,999.999945,999.999915,999.999886,999.999860,999.999835,999.999812,999.999791,999.999772,999.999755,999.999739,999.999725,999.999714,999.999704,999.999695,999.999689,999.999684,999.999682,999.999681,999.999682,999.999684,999.999689,999.999695,999.999704,999.999714,999.999725,999.999739,999.999755,999.999772,999.999791,999.999812,999.999835,999.999860,999.999886,999.999915,999.999945,999.999977,1000.000011,1000.000047,1000.000085,1000.000124,1000.000166,1000.000209,1000.000254,1000.000301,1000.000349,1000.000400,1000.000453,1000.000507,1000.000562,1000.000621,1000.000679,1000.000727,1000.000745,1000.000712,1000.000634,1000.000534,1000.000430,1000.000326,1000.000209,0.000000,0.000000,0.000000,0.000000,0.000000,0.000000,0.000000,0.000000,0.000000,0.000000
0.000000,0.000000,0.000000,0.000000,0.000000,0.000000,0.000000,0.000000,0.000000,1000.000173,1000.000294,1000.000402,1000.000508,1000.000610,1000.000694,1000.000742,1000.000737,1000.000691,1000.000630,1000.000569,1000.000512,1000.000457,1000.000402,1000.000349,1000.000299,1000.000251,1000.000204,1000.000158,1000.000115,1000.000074,1000.000034,999.999997,999.999961,999.999927,999.999895,999.999864,999.999836,999.999809,999.999785,999.999762,999.999741,999.999721,999.999704,999.999689,999.999675,999.999663,999.999653,999.999645,999.999638,999.999634,999.999631,999.999630,999.999631,999.999634,999.999638,999.999645,999.999653,999.999663,999.999675,999.999689,999.999704,999.999721,999.999741,999.999762,999.999785,999.999809,999.999836,999.999864,999.999895,999.999927,999.999961,999.999997,1000.000034,1000.000074,1000.000115,1000.000158,1000.000204,1000.000251,1000.000299,1000.000349,1000.000402,1000.000457,1000.000512,1000.000569,1000.000630,1000.000691,1000.000737,1000.000742,1000.000694,1000.000610,1000.000508,1000.000402,1000.000294,1000.000173,0.000000,0.000000,0.000000,0.000000,0.000000,0.000000,0.000000,0.000000,0.000000
0.000000,0.000000,0.000000,0.000000,0.000000,0.000000,0.000000,0.000000,0.000000,1000.000251,1000.000366,1000.000476,1000.000585,1000.000677,1000.000735,1000.000745,1000.000707,1000.000646,1000.000581,1000.000521,1000.000464,1000.000408,1000.000353,1000.000301,1000.000251,1000.000202,1000.000155,1000.000110,1000.000067,1000.000025,999.999986,999.999948,999.999912,999.999878,999.999846,999.999816,999.999787,999.999761,999.999736,999.999713,999.999692,999.999673,999.999655,999.999640,999.999626,999.999614,999.999604,999.999596,999.999590,999.999585,999.999582,999.999582,999.999582,999.999585,999.999590,999.999596,999.999604,999.999614,999.999626,999.999640,999.999655,999.999673,999.999692,999.999713,999.999736,999.999761,999.999787,999.999816,999.999846,999.999878,999.999912,999.999948,999.999986,1000.000025,1000.000067,1000.000110,1000.000155,1000.000202,1000.000251,1000.000301,1000.000353,1000.000408,1000.000464,1000.000521,1000.000581,1000.000646,1000.000707,1000.000745,1000.000735,1000.000677,1000.000585,1000.000476,1000.000366,1000.000251,0.000000,0.000000,0.000000,0.000000,0.000000,0.000000,0.000000,0.000000,0.000000
0.000000,0.000000,0.000000,0.000000,0.000000,0.000000,0.000000,0.000000,1000.000201,1000.000325,1000.000437,1000.000550,1000.000653,1000.000724,1000.000746,1000.000719,1000.000664,1000.000598,1000.000535,1000.000475,1000.000417,1000.000360,1000.000306,1000.000254,1000.000204,1000.000155,1000.000108,1000.000063,1000.000020,999.999978,999.999939,999.999901,999.999865,999.999831,999.999799,999.999769,999.999741,999.999714,999.999689,999.999666,999.999645,999.999626,999.999609,999.999593,999.999579,999.999567,999.999557,999.999549,999.999543,999.999538,999.999536,999.999535,999.999536,999.999538,999.999543,999.999549,999.999557,999.999567,999.999579,999.999593,999.999609,999.999626,999.999645,999.999666,999.999689,999.999714,999.999741,999.999769,999.999799,999.999831,999.999865,999.999901,999.999939,999.999978,1000.000020,1000.000063,1000.000108,1000.000155,1000.000204,1000.000254,1000.000306,1000.000360,1000.000417,1000.000475,1000.000535,1000.000598,1000.000664,1000.000719,1000.000746,1000.000724,1000.000653,1000.000550,1000.000437,1000.000325,1000.000201,0.000000,0.000000,0.000000,0.000000,0.000000,0.000000,0.000000,0.000000
0.000000,0.000000,0.000000,0.000000,0.000000,0.000000,0.000000,0.000000,1000.000272,1000.000390,1000.000504,1000.000616,1000.000705,1000.000745,1000.000728,1000.000678,1000.000615,1000.000551,1000.000490,1000.000430,1000.000371,1000.000316,1000.000262,1000.000209,1000.000158,1000.000110,1000.000063,1000.000018,999.999975,999.999934,999.999894,999.999856,999.999821,999.999787,999.999754,999.999724,999.999696,999.999669,999.999644,999.999621,999.999600,999.999581,999.999564,999.999548,999.999534,999.999522,999.999512,999.999504,999.999498,999.999493,999.999491,999.999490,999.999491,999.999493,999.999498,999.999504,999.999512,999.999522,999.999534,999.999548,999.999564,999.999581,999.999600,999.999621,999.999644,999.999669,999.999696,999.999724,999.999754,999.999787,999.999821,999.999856,999.999894,999.999934,999.999975,1000.000018,1000.000063,1000.000110,1000.000158,1000.000209,1000.000262,1000.000316,1000.000371,1000.000430,1000.000490,1000.000551,1000.000615,1000.000678,1000.000728,1000.000745,1000.000705,1000.000616,1000.000504,1000.000390,1000.000272,0.000000,0.000000,0.000000,0.000000,0.000000,0.000000,0.000000,0.000000
0.000000,0.000000,0.000000,0.000000,0.000000,0.000000,0.000000,1000.000212,1000.000339,1000.000454,1000.000569,1000.000672,1000.000736,1000.000741,1000.000697,1000.000634,1000.000569,1000.000507,1000.000446,1000.000386,1000.000328,1000.000272,1000.000218,1000.000166,1000.000115,1000.000067,1000.000020,999.999975,999.999932,999.999890,999.999851,999.999813,999.999777,999.999743,999.999711,999.999681,999.999653,999.999626,999.999601,999.999578,999.999557,999.999538,999.999521,999.999505,999.999491,999.999479,999.999469,999.999461,999.999455,999.999450,999.999447,999.999446,999.999447,999.999450,999.999455,999.999461,999.999469,999.999479,999.999491,999.999505,999.999521,999.999538,999.999557,999.999578,999.999601,999.999626,999.999653,999.999681,999.999711,999.999743,999.999777,999.999813,999.999851,999.999890,999.999932,999.999975,1000.000020,1000.000067,1000.000115,1000.000166,1000.000218,1000.000272,1000.000328,1000.000386,1000.000446,1000.000507,1000.000569,1000.000634,1000.000697,1000.000741,1000.000736,1000.000672,1000.000569,1000.000454,1000.000339,1000.000212,0.000000,0.000000,0.000000,0.000000,0.000000,0.000000,0.000000
0.000000,0.000000,0.000000,0.000000,0.000000,0.000000,0.000000,1000.000278,1000.000399,1000.000515,1000.000627,1000.000714,1000.000747,1000.000720,1000.000659,1000.000592,1000.000527,1000.000466,1000.000404,1000.000344,1000.000287,1000.000231,1000.000177,1000.000124,1000.000074,1000.000025,999.999978,999.999934,999.999890,999.999849,999.999810,999.999772,999.999736,999.999702,999.999670,999.999640,999.999611,999.999585,999.999560,999.999537,999.999516,999.999497,999.999479,999.999464,999.999450,999.999438,999.999428,999.999420,999.999413,999.999409,999.999406,999.999405,999.999406,999.999409,999.999413,999.999420,999.999428,999.999438,999.999450,999.999464,999.999479,999.999497,999.999516,999.999537,999.999560,999.999585,999.999611,999.999640,999.999670,999.999702,999.999736,999.999772,999.999810,999.999849,999.999890,999.999934,999.999978,1000.000025,1000.000074,1000.000124,1000.000177,1000.000231,1000.000287,1000.000344,1000.000404,1000.000466,1000.000527,1000.000592,1000.000659,1000.000720,1000.000747,1000.000714,1000.000627,1000.000515,1000.000399,1000.000278,0.000000,0.000000,0.000000,0.000000,0.000000,0.000000,0.000000
0.000000,0.000000,0.000000,0.000000,0.000000,0.000000,1000.000213,1000.000342,1000.000458,1000.000574,1000.000677,1000.000740,1000.000740,1000.000690,1000.000621,1000.000553,1000.000489,1000.000426,1000.000364,1000.000305,1000.000247,1000.000191,1000.000137,1000.000085,1000.000034,999.999986,999.999939,999.999894,999.999851,999.999810,999.999770,999.999732,999.999697,999.999663,999.999631,999.999600,999.999572,999.999545,999.999520,999.999497,999.999476,999.999457,999.999440,999.999424,999.999410,999.999399,999.999388,999.999380,999.999374,999.999369,999.999366,999.999366,999.999366,999.999369,999.999374,999.999380,999.999388,999.999399,999.999410,999.999424,999.999440,999.999457,999.999476,999.999497,999.999520,999.999545,999.999572,999.999600,999.999631,999.999663,999.999697,999.999732,999.999770,999.999810,999.999851,999.999894,999.999939,999.999986,1000.000034,1000.000085,1000.000137,1000.000191,1000.000247,1000.000305,1000.000364,1000.000426,1000.000489,1000.000553,1000.000621,1000.000690,1000.000740,1000.000740,1000.000677,1000.000574,1000.000458,1000.000342,1000.000213,0.000000,0.000000,0.000000,0.000000,0.000000,0.000000
0.000000,0.000000,0.000000,0.000000,0.000000,0.000000,1000.000274,1000.000397,1000.000515,1000.000629,1000.000716,1000.000748,1000.000718,1000.000654,1000.000583,1000.000516,1000.000451,1000.000388,1000.000327,1000.000267,1000.000209,1000.000153,1000.000099,1000.000047,999.999997,999.999948,999.999901,999.999856,999.999813,999.999772,999.999732,999.999695,999.999659,999.999625,999.999593,999.999563,999.999534,999.999508,999.999483,999.999460,999.999439,999.999420,999.999402,999.999387,999.999373,999.999361,999.999351,999.999343,999.999336,999.999332,999.999329,999.999328,999.999329,999.999332,999.999336,999.999343,999.999351,999.999361,999.999373,999.999387,999.999402,999.999420,999.999439,999.999460,999.999483,999.999508,999.999534,999.999563,999.999593,999.999625,999.999659,999.999695,999.999732,999.999772,999.999813,999.999856,999.999901,999.999948,999.999997,1000.000047,1000.000099,1000.000153,1000.000209,1000.000267,1000.000327,1000.000388,1000.000451,1000.000516,1000.000583,1000.000654,1000.000718,1000.000748,1000.000716,1000.000629,1000.000515,1000.000397,1000.000274,0.000000,0.000000,0.000000,0.000000,0.000000,0.000000
0.000000,0.000000,0.000000,0.000000,0.000000,1000.000203,1000.000334,1000.000452,1000.000571,1000.000676,1000.000740,1000.000740,1000.000689,1000.000618,1000.000548,1000.000481,1000.000415,1000.000352,1000.000291,1000.000231,1000.000173,1000.000118,1000.000064,1000.000011,999.999961,999.999912,999.999865,999.999821,999.999777,999.999736,999.999697,999.999659,999.999623,999.999589,999.999557,999.999527,999.999498,999.999472,999.999447,999.999424,999.999403,999.999384,999.999366,999.999351,999.999337,999.999325,999.999315,999.999307,999.999300,999.999296,999.999293,999.999292,999.999293,999.999296,999.999300,999.999307,999.999315,999.999325,999.999337,999.999351,999.999366,999.999384,999.999403,999.999424,999.999447,999.999472,999.999498,999.999527,999.999557,999.999589,999.999623,999.999659,999.999697,999.999736,999.999777,999.999821,999.999865,999.999912,999.999961,1000.000011,1000.000064,1000.000118,1000.000173,1000.000231,1000.000291,1000.000352,1000.000415,1000.000481,1000.000548,1000.000618,1000.000689,1000.000740,1000.000740,1000.000676,1000.000571,1000.000452,1000.000334,1000.000203,0.000000,0.000000,0.000000,0.000000,0.000000
0.000000,0.000000,0.000000,0.000000,0.000000,1000.000258,1000.000384,1000.000505,1000.000622,1000.000713,1000.000748,1000.000719,1000.000655,1000.000582,1000.000513,1000.000447,1000.000381,1000.000318,1000.000257,1000.000197,1000.000140,1000.000084,1000.000030,999.999977,999.999927,999.999878,999.999831,999.999787,999.999743,999.999702,999.999663,999.999625,999.999589,999.999555,999.999523,999.999493,999.999464,999.999438,999.999413,999.999390,999.999369,999.999350,999.999332,999.999317,999.999303,999.999291,999.999281,999.999273,999.999266,999.999262,999.999259,999.999258,999.999259,999.999262,999.999266,999.999273,999.999281,999.999291,999.999303,999.999317,999.999332,999.999350,999.999369,999.999390,999.999413,999.999438,999.999464,999.999493,999.999523,999.999555,999.999589,999.999625,999.999663,999.999702,999.999743,999.999787,999.999831,999.999878,999.999927,999.999977,1000.000030,1000.000084,1000.000140,1000.000197,1000.000257,1000.000318,1000.000381,1000.000447,1000.000513,1000.000582,1000.000655,1000.000719,1000.000748,1000.000713,1000.000622,1000.000505,1000.000384,1000.000258,0.000000,0.000000,0.000000,0.000000,0.000000
0.000000,0.000000,0.000000,0.000000,1000.000178,1000.000311,1000.000432,1000.000555,1000.000666,1000.000737,1000.000741,1000.000691,1000.000620,1000.000549,1000.000481,1000.000414,1000.000349,1000.000286,1000.000225,1000.000165,1000.000107,1000.000051,999.999997,999.999945,999.999895,999.999846,999.999799,999.999754,999.999711,999.999670,999.999631,999.999593,999.999557,999.999523,999.999491,999.999461,999.999432,999.999406,999.999381,999.999358,999.999337,999.999318,999.999300,999.999285,999.999271,999.999259,999.999249,999.999241,999.999234,999.999230,999.999227,999.999226,999.999227,999.999230,999.999234,999.999241,999.999249,999.999259,999.999271,999.999285,999.999300,999.999318,999.999337,999.999358,999.999381,999.999406,999.999432,999.999461,999.999491,999.999523,999.999557,999.999593,999.999631,999.999670,999.999711,999.999754,999.999799,999.999846,999.999895,999.999945,999.999997,1000.000051,1000.000107,1000.000165,1000.000225,1000.000286,1000.000349,1000.000414,1000.000481,1000.000549,1000.000620,1000.000691,1000.000741,1000.000737,1000.000666,1000.000555,1000.000432,1000.000311,1000.000178,0.000000,0.000000,0.000000,0.000000
0.000000,0.000000,0.000000,0.000000,1000.000227,1000.000354,1000.000477,1000.000600,1000.000701,1000.000746,1000.000723,1000.000660,1000.000588,1000.000519,1000.000451,1000.000383,1000.000319,1000.000256,1000.000194,1000.000135,1000.000077,1000.000021,999.999967,999.999915,999.999864,999.999816,999.999769,999.999724,999.999681,999.999640,999.999600,999.999563,999.999527,999.999493,999.999461,999.999430,999.999402,999.999375,999.999351,999.999328,999.999307,999.999287,999.999270,999.999254,999.999241,999.999229,999.999219,999.999210,999.999204,999.999199,999.999197,999.999196,999.999197,999.999199,999.999204,999.999210,999.999219,999.999229,999.999241,999.999254,999.999270,999.999287,999.999307,999.999328,999.999351,999.999375,999.999402,999.999430,999.999461,999.999493,999.999527,999.999563,999.999600,999.999640,999.999681,999.999724,999.999769,999.999816,999.999864,999.999915,999.999967,1000.000021,1000.000077,1000.000135,1000.000194,1000.000256,1000.000319,1000.000383,1000.000451,1000.000519,1000.000588,1000.000660,1000.000723,1000.000746,1000.000701,1000.000600,1000.000477,1000.000354,1000.000227,0.000000,0.000000,0.000000,0.000000
