0.000000,0.000000,0.000000,0.000000,0.000000,0.000000,0.000000,0.000000,0.000000,0.000000,0.000000,0.000000,0.000000,0.000000,0.000000,0.000000,0.000000,0.000000,0.000000,0.000000,0.000000,0.000000,0.000000,0.000000,0.000000,0.000000,0.000000,0.000000,0.000000,0.000000,0.000000,0.000000,0.000000,0.000000,0.000000,0.000000,0.000000,0.000000,0.000000,0.000000,0.000000,0.000000,0.000000,0.000000,0.000000,0.000000,0.000000,0.000000,0.000000,0.000000,0.000000,0.000000,0.000000,0.000000,0.000000,0.000000,0.000000,0.000000,0.000000,0.000000,0.000000,0.000000,0.000000,0.000000,0.000000,0.000000,0.000000,0.000000,0.000000,0.000000,0.000000,0.000000,0.000000,0.000000,0.000000,0.000000,0.000000,0.000000,0.000000,0.000000,0.000000,0.000000,0.000000,0.000000,0.000000,0.000000,0.000000,0.000000,0.000000,0.000000,0.000000,0.000000,0.000000,0.000000,0.000000,0.000000,0.000000,0.000000,0.000000,0.000000,0.000000,0.000000,0.000000
0.000000,0.000000,0.000000,0.000000,0.000000,0.000000,0.000000,0.000000,0.000000,0.000000,0.000000,0.000000,0.000000,0.000000,0.000000,0.000000,0.000000,0.000000,0.000000,0.000000,0.000000,0.000000,0.000000,0.000000,0.000000,0.000000,0.000000,0.000000,0.000000,0.000000,0.000000,0.000000,0.000000,0.000000,0.000000,0.000000,0.000000,0.000000,0.000000,0.000000,0.000000,0.000000,0.000000,0.000000,0.000000,0.000000,0.000000,0.000000,0.000000,0.000000,0.000000,999.999809,0.000000,0.000000,0.000000,0.000000,0.000000,0.000000,0.000000,0.000000,0.000000,0.000000,0.000000,0.000000,0.000000,0.000000,0.000000,0.000000,0.000000,0.000000,0.000000,0.000000,0.000000,0.000000,0.000000,0.000000,0.000000,0.000000,0.000000,0.000000,0.000000,0.000000,0.000000,0.000000,0.000000,0.000000,0.000000,0.000000,0.000000,0.000000,0.000000,0.000000,0.000000,0.000000,0.000000,0.000000,0.000000,0.000000,0.000000,0.000000,0.000000,0.000000,0.000000
0.000000,0.000000,0.000000,0.000000,0.000000,0.000000,0.000000,0.000000,0.000000,0.000000,0.000000,0.000000,0.000000,0.000000,0.000000,0.000000,0.000000,0.000000,0.000000,0.000000,0.000000,0.000000,0.000000,0.000000,0.000000,0.000000,0.000000,0.000000,0.000000,0.000000,0.000000,0.000000,0.000000,0.000000,0.000000,0.000000,0.000000,0.000000,0.000000,0.000000,0.000000,0.000000,999.998322,999.996314,999.996150,999.996739,999.997090,999.997681,999.998146,999.999018,999.999647,999.999759,999.999786,1000.000436,1000.001114,1000.001563,1000.001844,1000.002133,1000.002435,1000.002339,1000.000912,0.000000,0.000000,0.000000,0.000000,0.000000,0.000000,0.000000,0.000000,0.000000,0.000000,0.000000,0.000000,0.000000,0.000000,0.000000,0.000000,0.000000,0.000000,0.000000,0.000000,0.000000,0.000000,0.000000,0.000000,0.000000,0.000000,0.000000,0.000000,0.000000,0.000000,0.000000,0.000000,0.000000,0.000000,0.000000,0.000000,0.000000,0.000000,0.000000,0.000000,0.000000,0.000000
0.000000,0.000000,0.000000,0.000000,0.000000,0.000000,0.000000,0.000000,0.000000,0.000000,0.000000,0.000000,0.000000,0.000000,0.000000,0.000000,0.000000,0.000000,0.000000,0.000000,0.000000,0.000000,0.000000,0.000000,0.000000,0.000000,0.000000,0.000000,0.000000,0.000000,0.000000,0.000000,0.000000,0.000000,0.000000,0.000000,0.000000,999.995239,999.993216,999.993055,999.994010,999.995583,999.997707,999.997151,999.996789,999.996923,999.997315,999.997758,999.998232,999.998726,999.999459,999.999625,999.999819,1000.000462,1000.000904,1000.001243,1000.001584,1000.001830,1000.001904,1000.001626,1000.001239,1000.002623,1000.003467,1000.003987,1000.003785,1000.002721,0.000000,0.000000,0.000000,0.000000,0.000000,0.000000,0.000000,0.000000,0.000000,0.000000,0.000000,0.000000,0.000000,0.000000,0.000000,0.000000,0.000000,0.000000,0.000000,0.000000,0.000000,0.000000,0.000000,0.000000,0.000000,0.000000,0.000000,0.000000,0.000000,0.000000,0.000000,0.000000,0.000000,0.000000,0.000000,0.000000,0.000000
0.000000,0.000000,0.000000,0.000000,0.000000,0.000000,0.000000,0.000000,0.000000,0.000000,0.000000,0.000000,0.000000,0.000000,0.000000,0.000000,0.000000,0.000000,0.000000,0.000000,0.000000,0.000000,0.000000,0.000000,0.000000,0.000000,0.000000,0.000000,0.000000,0.000000,0.000000,0.000000,0.000000,0.000000,999.993390,999.991872,999.992623,999.994715,999.994305,999.994083,999.994418,999.995740,999.996495,999.996646,999.996859,999.997088,999.997383,999.997781,999.998264,999.998677,999.999119,999.999543,999.999903,1000.000276,1000.000689,1000.001044,1000.001388,1000.001561,1000.001738,1000.001822,1000.001946,1000.002407,1000.003135,1000.003246,1000.003092,1000.002848,1000.003829,1000.004181,1000.003510,0.000000,0.000000,0.000000,0.000000,0.000000,0.000000,0.000000,0.000000,0.000000,0.000000,0.000000,0.000000,0.000000,0.000000,0.000000,0.000000,0.000000,0.000000,0.000000,0.000000,0.000000,0.000000,0.000000,0.000000,0.000000,0.000000,0.000000,0.000000,0.000000,0.000000,0.000000,0.000000,0.000000,0.000000
0.000000,0.000000,0.000000,0.000000,0.000000,0.000000,0.000000,0.000000,0.000000,0.000000,0.000000,0.000000,0.000000,0.000000,0.000000,0.000000,0.000000,0.000000,0.000000,0.000000,0.000000,0.000000,0.000000,0.000000,0.000000,0.000000,0.000000,0.000000,0.000000,0.000000,0.000000,0.000000,999.992768,999.991397,999.993116,999.992903,999.993509,999.993894,999.994061,999.994438,999.994903,999.995492,999.995906,999.996435,999.996786,999.997050,999.997393,999.997776,999.998231,999.998641,999.999055,999.999438,999.999778,1000.000210,1000.000520,1000.000903,1000.001208,1000.001402,1000.001615,1000.001871,1000.002184,1000.002386,1000.002755,1000.002947,1000.003123,1000.003157,1000.003430,1000.003618,1000.003511,1000.004224,1000.003557,0.000000,0.000000,0.000000,0.000000,0.000000,0.000000,0.000000,0.000000,0.000000,0.000000,0.000000,0.000000,0.000000,0.000000,0.000000,0.000000,0.000000,0.000000,0.000000,0.000000,0.000000,0.000000,0.000000,0.000000,0.000000,0.000000,0.000000,0.000000,0.000000,0.000000,0.000000,0.000000
0.000000,0.000000,0.000000,0.000000,0.000000,0.000000,0.000000,0.000000,0.000000,0.000000,0.000000,0.000000,0.000000,0.000000,0.000000,0.000000,0.000000,0.000000,0.000000,0.000000,0.000000,0.000000,0.000000,0.000000,0.000000,0.000000,0.000000,0.000000,0.000000,0.000000,999.991375,999.990094,999.992095,999.992583,999.992801,999.992884,999.993384,999.993624,999.994106,999.994497,999.994857,999.995304,999.995778,999.996252,999.996618,999.996992,999.997366,999.997767,999.998118,999.998551,999.998998,999.999364,999.999764,1000.000137,1000.000437,1000.000780,1000.001058,1000.001327,1000.001582,1000.001854,1000.002038,1000.002297,1000.002598,1000.002832,1000.003009,1000.003177,1000.003361,1000.003515,1000.003547,1000.003645,1000.003836,1000.004688,1000.004051,0.000000,0.000000,0.000000,0.000000,0.000000,0.000000,0.000000,0.000000,0.000000,0.000000,0.000000,0.000000,0.000000,0.000000,0.000000,0.000000,0.000000,0.000000,0.000000,0.000000,0.000000,0.000000,0.000000,0.000000,0.000000,0.000000,0.000000,0.000000,0.000000,0.000000
0.000000,0.000000,0.000000,0.000000,0.000000,0.000000,0.000000,0.000000,0.000000,0.000000,0.000000,0.000000,0.000000,0.000000,0.000000,0.000000,0.000000,0.000000,0.000000,0.000000,0.000000,0.000000,0.000000,0.000000,0.000000,0.000000,0.000000,0.000000,999.990058,999.988820,999.990836,999.991474,999.991804,999.992160,999.992406,999.992874,999.993258,999.993558,999.993985,999.994361,999.994797,999.995286,999.995739,999.996115,999.996529,999.996916,999.997321,999.997689,999.998113,999.998544,999.998884,999.999274,999.999659,1000.000007,1000.000340,1000.000638,1000.000981,1000.001289,1000.001545,1000.001765,1000.002028,1000.002316,1000.002567,1000.002786,1000.002983,1000.003110,1000.003264,1000.003443,1000.003595,1000.003706,1000.003818,1000.003950,1000.004183,1000.005003,1000.004404,0.000000,0.000000,0.000000,0.000000,0.000000,0.000000,0.000000,0.000000,0.000000,0.000000,0.000000,0.000000,0.000000,0.000000,0.000000,0.000000,0.000000,0.000000,0.000000,0.000000,0.000000,0.000000,0.000000,0.000000,0.000000,0.000000,0.000000,0.000000
0.000000,0.000000,0.000000,0.000000,0.000000,0.000000,0.000000,0.000000,0.000000,0.000000,0.000000,0.000000,0.000000,0.000000,0.000000,0.000000,0.000000,0.000000,0.000000,0.000000,0.000000,0.000000,0.000000,0.000000,0.000000,0.000000,999.988746,999.987842,999.989640,999.990316,999.990665,999.991094,999.991415,999.991959,999.992345,999.992747,999.993051,999.993499,999.993882,999.994267,999.994753,999.995133,999.995556,999.995946,999.996393,999.996783,999.997252,999.997594,999.998066,999.998437,999.998771,999.999153,999.999554,999.999943,1000.000296,1000.000612,1000.000923,1000.001227,1000.001425,1000.001738,1000.002015,1000.002267,1000.002424,1000.002630,1000.002934,1000.003061,1000.003248,1000.003431,1000.003580,1000.003694,1000.003912,1000.004025,1000.004164,1000.004326,1000.004557,1000.005171,1000.004816,0.000000,0.000000,0.000000,0.000000,0.000000,0.000000,0.000000,0.000000,0.000000,0.000000,0.000000,0.000000,0.000000,0.000000,0.000000,0.000000,0.000000,0.000000,0.000000,0.000000,0.000000,0.000000,0.000000,0.000000,0.000000,0.000000
0.000000,0.000000,0.000000,0.000000,0.000000,0.000000,0.000000,0.000000,0.000000,0.000000,0.000000,0.000000,0.000000,0.000000,0.000000,0.000000,0.000000,0.000000,0.000000,0.000000,0.000000,0.000000,0.000000,0.000000,999.987992,999.987252,999.988595,999.989191,999.989525,999.989982,999.990331,999.990928,999.991356,999.991752,999.992152,999.992541,999.992967,999.993360,999.993796,999.994169,999.994601,999.995027,999.995418,999.995890,999.996320,999.996740,999.997152,999.997556,999.997943,999.998330,999.998739,999.999192,999.999535,999.999881,1000.000210,1000.000576,1000.000830,1000.001124,1000.001438,1000.001725,1000.001982,1000.002175,1000.002428,1000.002608,1000.002862,1000.003053,1000.003201,1000.003362,1000.003582,1000.003720,1000.003885,1000.004068,1000.004217,1000.004314,1000.004498,1000.004631,1000.004766,1000.005208,1000.005000,0.000000,0.000000,0.000000,0.000000,0.000000,0.000000,0.000000,0.000000,0.000000,0.000000,0.000000,0.000000,0.000000,0.000000,0.000000,0.000000,0.000000,0.000000,0.000000,0.000000,0.000000,0.000000,0.000000,0.000000
0.000000,0.000000,0.000000,0.000000,0.000000,0.000000,0.000000,0.000000,0.000000,0.000000,0.000000,0.000000,0.000000,0.000000,0.000000,0.000000,0.000000,0.000000,0.000000,0.000000,0.000000,0.000000,0.000000,999.988252,999.987967,999.988218,999.988620,999.989059,999.989364,999.989905,999.990359,999.990790,999.991190,999.991607,999.991986,999.992451,999.992801,999.993170,999.993620,999.994019,999.994465,999.994878,999.995368,999.995802,999.996222,999.996630,999.997032,999.997529,999.997889,999.998284,999.998732,999.999131,999.999452,999.999785,1000.000181,1000.000462,1000.000793,1000.001089,1000.001404,1000.001655,1000.001892,1000.002159,1000.002453,1000.002649,1000.002787,1000.003028,1000.003196,1000.003327,1000.003513,1000.003675,1000.003830,1000.004039,1000.004165,1000.004288,1000.004496,1000.004599,1000.004730,1000.004840,1000.004900,1000.004772,0.000000,0.000000,0.000000,0.000000,0.000000,0.000000,0.000000,0.000000,0.000000,0.000000,0.000000,0.000000,0.000000,0.000000,0.000000,0.000000,0.000000,0.000000,0.000000,0.000000,0.000000,0.000000,0.000000
0.000000,0.000000,0.000000,0.000000,0.000000,0.000000,0.000000,0.000000,0.000000,0.000000,0.000000,0.000000,0.000000,0.000000,0.000000,0.000000,0.000000,0.000000,0.000000,0.000000,0.000000,999.986729,999.986261,999.987835,999.988146,999.988421,999.988601,999.989053,999.989370,999.989819,999.990206,999.990585,999.990987,999.991435,999.991807,999.992227,999.992593,999.993047,999.993447,999.993936,999.994347,999.994762,999.995195,999.995638,999.996095,999.996523,999.996958,999.997408,999.997804,999.998258,999.998653,999.998986,999.999356,999.999713,1000.000123,1000.000439,1000.000774,1000.001092,1000.001360,1000.001622,1000.001859,1000.002103,1000.002359,1000.002544,1000.002768,1000.002979,1000.003186,1000.003340,1000.003496,1000.003655,1000.003791,1000.003967,1000.004149,1000.004260,1000.004388,1000.004555,1000.004689,1000.004775,1000.004778,1000.004875,1000.005396,1000.005245,0.000000,0.000000,0.000000,0.000000,0.000000,0.000000,0.000000,0.000000,0.000000,0.000000,0.000000,0.000000,0.000000,0.000000,0.000000,0.000000,0.000000,0.000000,0.000000,0.000000,0.000000
0.000000,0.000000,0.000000,0.000000,0.000000,0.000000,0.000000,0.000000,0.000000,0.000000,0.000000,0.000000,0.000000,0.000000,0.000000,0.000000,0.000000,0.000000,0.000000,0.000000,999.987034,999.986959,999.987272,999.987686,999.987993,999.988347,999.988643,999.988968,999.989325,999.989693,999.990080,999.990431,999.990844,999.991238,999.991662,999.992003,999.992428,999.992922,999.993308,999.993749,999.994171,999.994644,999.995081,999.995556,999.995995,999.996490,999.996894,999.997297,999.997754,999.998195,999.998618,999.998979,999.999395,999.999806,1000.000094,1000.000440,1000.000740,1000.001029,1000.001349,1000.001638,1000.001909,1000.002126,1000.002344,1000.002563,1000.002799,1000.002965,1000.003117,1000.003342,1000.003523,1000.003701,1000.003799,1000.003942,1000.004124,1000.004249,1000.004370,1000.004500,1000.004571,1000.004703,1000.004839,1000.004930,1000.005029,1000.005097,1000.005106,0.000000,0.000000,0.000000,0.000000,0.000000,0.000000,0.000000,0.000000,0.000000,0.000000,0.000000,0.000000,0.000000,0.000000,0.000000,0.000000,0.000000,0.000000,0.000000,0.000000
0.000000,0.000000,0.000000,0.000000,0.000000,0.000000,0.000000,0.000000,0.000000,0.000000,0.000000,0.000000,0.000000,0.000000,0.000000,0.000000,0.000000,0.000000,0.000000,999.986751,999.987007,999.987147,999.987482,999.987616,999.987977,999.988245,999.988596,999.988922,999.989233,999.989535,999.989926,999.990289,999.990669,999.991028,999.991424,999.991808,999.992257,999.992710,999.993066,999.993525,999.994008,999.994477,999.994980,999.995394,999.995846,999.996330,999.996808,999.997268,999.997717,999.998098,999.998512,999.998947,999.999338,999.999757,1000.000046,1000.000395,1000.000754,1000.001056,1000.001289,1000.001582,1000.001876,1000.002123,1000.002334,1000.002588,1000.002742,1000.002936,1000.003112,1000.003311,1000.003440,1000.003659,1000.003782,1000.003904,1000.004086,1000.004177,1000.004321,1000.004444,1000.004551,1000.004629,1000.004778,1000.004896,1000.004938,1000.005037,1000.005057,1000.005140,0.000000,0.000000,0.000000,0.000000,0.000000,0.000000,0.000000,0.000000,0.000000,0.000000,0.000000,0.000000,0.000000,0.000000,0.000000,0.000000,0.000000,0.000000,0.000000
0.000000,0.000000,0.000000,0.000000,0.000000,0.000000,0.000000,0.000000,0.000000,0.000000,0.000000,0.000000,0.000000,0.000000,0.000000,0.000000,0.000000,0.000000,999.986453,999.986790,999.987048,999.987252,999.987502,999.987747,999.987994,999.988271,999.988545,999.988777,999.989079,999.989406,999.989752,999.990123,999.990431,999.990820,999.991203,999.991643,999.992086,999.992422,999.992891,999.993410,999.993844,999.994338,999.994774,999.995277,999.995752,999.996252,999.996758,999.997192,999.997694,999.998073,999.998535,999.998932,999.999345,999.999670,1000.000066,1000.000402,1000.000741,1000.001048,1000.001318,1000.001585,1000.001861,1000.002101,1000.002335,1000.002531,1000.002759,1000.002973,1000.003166,1000.003318,1000.003428,1000.003589,1000.003780,1000.003913,1000.004073,1000.004224,1000.004241,1000.004379,1000.004512,1000.004590,1000.004664,1000.004804,1000.004867,1000.004970,1000.005036,1000.005104,1000.005192,0.000000,0.000000,0.000000,0.000000,0.000000,0.000000,0.000000,0.000000,0.000000,0.000000,0.000000,0.000000,0.000000,0.000000,0.000000,0.000000,0.000000,0.000000
0.000000,0.000000,0.000000,0.000000,0.000000,0.000000,0.000000,0.000000,0.000000,0.000000,0.000000,0.000000,0.000000,0.000000,0.000000,0.000000,0.000000,999.986289,999.986664,999.986886,999.987060,999.987269,999.987527,999.987697,999.987922,999.988223,999.988426,999.988677,999.988980,999.989287,999.989592,999.989869,999.990231,999.990603,999.990969,999.991393,999.991786,999.992229,999.992716,999.993206,999.993622,999.994127,999.994646,999.995202,999.995702,999.996177,999.996634,999.997123,999.997597,999.998090,999.998525,999.998948,999.999349,999.999714,1000.000080,1000.000466,1000.000779,1000.001043,1000.001395,1000.001663,1000.001908,1000.002117,1000.002375,1000.002572,1000.002766,1000.002964,1000.003136,1000.003270,1000.003489,1000.003629,1000.003733,1000.003863,1000.003954,1000.004177,1000.004309,1000.004382,1000.004511,1000.004588,1000.004688,1000.004764,1000.004853,1000.004863,1000.005016,1000.005046,1000.005122,1000.005276,0.000000,0.000000,0.000000,0.000000,0.000000,0.000000,0.000000,0.000000,0.000000,0.000000,0.000000,0.000000,0.000000,0.000000,0.000000,0.000000,0.000000
0.000000,0.000000,0.000000,0.000000,0.000000,0.000000,0.000000,0.000000,0.000000,0.000000,0.000000,0.000000,0.000000,0.000000,0.000000,0.000000,999.986251,999.986497,999.986681,999.986889,999.987123,999.987378,999.987525,999.987661,999.987930,999.988105,999.988319,999.988549,999.988824,999.989065,999.989324,999.989619,999.989979,999.990351,999.990698,999.991105,999.991545,999.992012,999.992450,999.992931,999.993439,999.993959,999.994495,999.995032,999.995543,999.996034,999.996584,999.997076,999.997555,999.998050,999.998478,999.998907,999.999339,999.999723,1000.000090,1000.000443,1000.000782,1000.001071,1000.001401,1000.001640,1000.001911,1000.002135,1000.002394,1000.002616,1000.002778,1000.002959,1000.003117,1000.003320,1000.003452,1000.003631,1000.003779,1000.003900,1000.003962,1000.004064,1000.004235,1000.004301,1000.004465,1000.004504,1000.004598,1000.004717,1000.004824,1000.004855,1000.004928,1000.005057,1000.005088,1000.005135,1000.005261,0.000000,0.000000,0.000000,0.000000,0.000000,0.000000,0.000000,0.000000,0.000000,0.000000,0.000000,0.000000,0.000000,0.000000,0.000000,0.000000
0.000000,0.000000,0.000000,0.000000,0.000000,0.000000,0.000000,0.000000,0.000000,0.000000,0.000000,0.000000,0.000000,0.000000,0.000000,999.986289,999.986497,999.986611,999.986842,999.987070,999.987220,999.987379,999.987495,999.987679,999.987848,999.987996,999.988166,999.988399,999.988605,999.988811,999.989075,999.989386,999.989703,999.990051,999.990399,999.990815,999.991208,999.991692,999.992203,999.992700,999.993267,999.993823,999.994306,999.994885,999.995406,999.996003,999.996573,999.997065,999.997576,999.998053,999.998539,999.998968,999.999409,999.999817,1000.000203,1000.000526,1000.000824,1000.001176,1000.001441,1000.001722,1000.001949,1000.002210,1000.002408,1000.002622,1000.002820,1000.003005,1000.003165,1000.003347,1000.003467,1000.003566,1000.003741,1000.003916,1000.004022,1000.004119,1000.004231,1000.004268,1000.004419,1000.004517,1000.004586,1000.004645,1000.004779,1000.004812,1000.004909,1000.004941,1000.005058,1000.005090,1000.005164,1000.005249,0.000000,0.000000,0.000000,0.000000,0.000000,0.000000,0.000000,0.000000,0.000000,0.000000,0.000000,0.000000,0.000000,0.000000,0.000000
0.000000,0.000000,0.000000,0.000000,0.000000,0.000000,0.000000,0.000000,0.000000,0.000000,0.000000,0.000000,0.000000,0.000000,999.986453,999.986664,999.986681,999.986842,999.987039,999.987129,999.987215,999.987380,999.987512,999.987644,999.987795,999.987904,999.988010,999.988205,999.988402,999.988600,999.988857,999.989085,999.989387,999.989697,999.990088,999.990464,999.990909,999.991385,999.991914,999.992449,999.992998,999.993538,999.994151,999.994736,999.995340,999.995923,999.996460,999.997035,999.997571,999.998062,999.998536,999.999016,999.999424,999.999814,1000.000198,1000.000572,1000.000911,1000.001247,1000.001489,1000.001780,1000.002039,1000.002252,1000.002424,1000.002675,1000.002852,1000.003045,1000.003181,1000.003335,1000.003478,1000.003628,1000.003688,1000.003838,1000.003979,1000.004055,1000.004210,1000.004272,1000.004374,1000.004460,1000.004557,1000.004574,1000.004722,1000.004770,1000.004800,1000.004923,1000.005018,1000.005055,1000.005151,1000.005160,1000.005195,0.000000,0.000000,0.000000,0.000000,0.000000,0.000000,0.000000,0.000000,0.000000,0.000000,0.000000,0.000000,0.000000,0.000000
0.000000,0.000000,0.000000,0.000000,0.000000,0.000000,0.000000,0.000000,0.000000,0.000000,0.000000,0.000000,0.000000,999.986751,999.986790,999.986886,999.986889,999.987070,999.987129,999.987231,999.987347,999.987422,999.987489,999.987515,999.987632,999.987723,999.987837,999.988040,999.988074,999.988295,999.988501,999.988711,999.988998,999.989317,999.989668,999.990103,999.990589,999.991063,999.991591,999.992130,999.992735,999.993341,999.993999,999.994607,999.995248,999.995840,999.996419,999.997013,999.997587,999.998103,999.998606,999.999087,999.999526,999.999931,1000.000341,1000.000690,1000.001020,1000.001311,1000.001574,1000.001824,1000.002135,1000.002332,1000.002544,1000.002726,1000.002874,1000.003072,1000.003220,1000.003370,1000.003497,1000.003655,1000.003760,1000.003855,1000.003966,1000.004068,1000.004153,1000.004272,1000.004306,1000.004425,1000.004547,1000.004538,1000.004623,1000.004756,1000.004778,1000.004792,1000.004911,1000.004954,1000.005013,1000.005099,1000.005155,1000.005192,0.000000,0.000000,0.000000,0.000000,0.000000,0.000000,0.000000,0.000000,0.000000,0.000000,0.000000,0.000000,0.000000
0.000000,0.000000,0.000000,0.000000,0.000000,0.000000,0.000000,0.000000,0.000000,0.000000,0.000000,0.000000,999.987034,999.987007,999.987048,999.987060,999.987123,999.987220,999.987215,999.987347,999.987315,999.987371,999.987394,999.987465,999.987567,999.987595,999.987690,999.987757,999.987804,999.988011,999.988130,999.988350,999.988617,999.988936,999.989245,999.989697,999.990168,999.990634,999.991209,999.991790,999.992455,999.993125,999.993822,999.994442,999.995136,999.995828,999.996467,999.997072,999.997610,999.998210,999.998708,999.999192,999.999636,1000.000068,1000.000459,1000.000779,1000.001145,1000.001431,1000.001731,1000.001974,1000.002178,1000.002406,1000.002624,1000.002809,1000.002951,1000.003125,1000.003269,1000.003402,1000.003517,1000.003641,1000.003755,1000.003913,1000.003954,1000.004054,1000.004136,1000.004263,1000.004306,1000.004343,1000.004503,1000.004540,1000.004590,1000.004681,1000.004771,1000.004822,1000.004837,1000.004930,1000.004978,1000.004973,1000.005067,1000.005142,1000.005099,0.000000,0.000000,0.000000,0.000000,0.000000,0.000000,0.000000,0.000000,0.000000,0.000000,0.000000,0.000000
0.000000,0.000000,0.000000,0.000000,0.000000,0.000000,0.000000,0.000000,0.000000,0.000000,0.000000,999.986729,999.986959,999.987147,999.987252,999.987269,999.987378,999.987379,999.987380,999.987422,999.987371,999.987426,999.987493,999.987473,999.987449,999.987401,999.987418,999.987413,999.987526,999.987650,999.987696,999.987927,999.988177,999.988411,999.988747,999.989205,999.989652,999.990196,999.990840,999.991452,999.992180,999.992853,999.993603,999.994291,999.995046,999.995752,999.996434,999.997068,999.997693,999.998291,999.998835,999.999324,999.999815,1000.000211,1000.000560,1000.000927,1000.001233,1000.001555,1000.001832,1000.002089,1000.002286,1000.002517,1000.002690,1000.002867,1000.003059,1000.003195,1000.003315,1000.003454,1000.003569,1000.003691,1000.003730,1000.003838,1000.003987,1000.004035,1000.004112,1000.004212,1000.004297,1000.004334,1000.004404,1000.004497,1000.004530,1000.004594,1000.004627,1000.004749,1000.004792,1000.004838,1000.004917,1000.004978,1000.004980,1000.005060,1000.005146,1000.005302,0.000000,0.000000,0.000000,0.000000,0.000000,0.000000,0.000000,0.000000,0.000000,0.000000,0.000000
0.000000,0.000000,0.000000,0.000000,0.000000,0.000000,0.000000,0.000000,0.000000,0.000000,0.000000,999.986261,999.987272,999.987482,999.987502,999.987527,999.987525,999.987495,999.987512,999.987489,999.987394,999.987493,999.987334,999.987205,999.987222,999.987163,999.987192,999.987156,999.987228,999.987180,999.987279,999.987436,999.987601,999.987856,999.988237,999.988647,999.989102,999.989717,999.990355,999.991085,999.991833,999.992597,999.993386,999.994258,999.995023,999.995750,999.996506,999.997217,999.997862,999.998415,999.998959,999.999467,999.999950,1000.000368,1000.000789,1000.001159,1000.001457,1000.001723,1000.001995,1000.002196,1000.002453,1000.002654,1000.002820,1000.002963,1000.003104,1000.003246,1000.003358,1000.003483,1000.003618,1000.003729,1000.003828,1000.003849,1000.003962,1000.004070,1000.004113,1000.004177,1000.004258,1000.004348,1000.004356,1000.004446,1000.004514,1000.004573,1000.004618,1000.004681,1000.004701,1000.004796,1000.004856,1000.004904,1000.004936,1000.005013,1000.005073,1000.005410,0.000000,0.000000,0.000000,0.000000,0.000000,0.000000,0.000000,0.000000,0.000000,0.000000,0.000000
0.000000,0.000000,0.000000,0.000000,0.000000,0.000000,0.000000,0.000000,0.000000,0.000000,999.988252,999.987835,999.987686,999.987616,999.987747,999.987697,999.987661,999.987679,999.987644,999.987515,999.987465,999.987473,999.987205,999.987211,999.987229,999.987052,999.986946,999.986845,999.986731,999.986710,999.986763,999.986862,999.986975,999.987236,999.987576,999.987973,999.988512,999.989137,999.989848,999.990613,999.991448,999.992320,999.993186,999.994111,999.994944,999.995767,999.996553,999.997323,999.998012,999.998645,999.999268,999.999746,1000.000183,1000.000589,1000.001009,1000.001322,1000.001652,1000.001925,1000.002202,1000.002381,1000.002593,1000.002767,1000.002923,1000.003086,1000.003225,1000.003352,1000.003494,1000.003548,1000.003632,1000.003709,1000.003840,1000.003929,1000.003962,1000.004029,1000.004140,1000.004158,1000.004212,1000.004305,1000.004348,1000.004394,1000.004461,1000.004493,1000.004553,1000.004649,1000.004610,1000.004653,1000.004770,1000.004830,1000.004843,1000.004934,1000.005012,1000.004962,1000.004848,0.000000,0.000000,0.000000,0.000000,0.000000,0.000000,0.000000,0.000000,0.000000,0.000000
0.000000,0.000000,0.000000,0.000000,0.000000,0.000000,0.000000,0.000000,0.000000,999.987992,999.987967,999.988146,999.987993,999.987977,999.987994,999.987922,999.987930,999.987848,999.987795,999.987632,999.987567,999.987449,999.987222,999.987229,999.986974,999.986612,999.986563,999.986410,999.986326,999.986284,999.986254,999.986209,999.986304,999.986526,999.986801,999.987272,999.987806,999.988482,999.989221,999.990080,999.991061,999.992024,999.993048,999.993977,999.994979,999.995911,999.996746,999.997463,999.998188,999.998841,999.999451,1000.000000,1000.000473,1000.000915,1000.001253,1000.001587,1000.001847,1000.002111,1000.002391,1000.002572,1000.002768,1000.002902,1000.003072,1000.003228,1000.003322,1000.003426,1000.003544,1000.003631,1000.003719,1000.003764,1000.003821,1000.003922,1000.003982,1000.004004,1000.004100,1000.004186,1000.004202,1000.004239,1000.004289,1000.004335,1000.004409,1000.004449,1000.004439,1000.004579,1000.004627,1000.004664,1000.004679,1000.004724,1000.004787,1000.004809,1000.004868,1000.004878,1000.004977,1000.005042,0.000000,0.000000,0.000000,0.000000,0.000000,0.000000,0.000000,0.000000,0.000000
0.000000,0.000000,0.000000,0.000000,0.000000,0.000000,0.000000,0.000000,0.000000,999.987252,999.988218,999.988421,999.988347,999.988245,999.988271,999.988223,999.988105,999.987996,999.987904,999.987723,999.987595,999.987401,999.987163,999.987052,999.986612,999.986515,999.986487,999.986134,999.985939,999.985654,999.985488,999.985411,999.985556,999.985636,999.985933,999.986364,999.986941,999.987681,999.988557,999.989555,999.990578,999.991703,999.992827,999.993926,999.994962,999.996010,999.996954,999.997814,999.998609,999.999259,999.999774,1000.000301,1000.000783,1000.001202,1000.001572,1000.001881,1000.002184,1000.002378,1000.002587,1000.002807,1000.002952,1000.003117,1000.003237,1000.003347,1000.003457,1000.003532,1000.003598,1000.003685,1000.003795,1000.003849,1000.003882,1000.003954,1000.003996,1000.004032,1000.004039,1000.004115,1000.004192,1000.004213,1000.004260,1000.004289,1000.004357,1000.004449,1000.004420,1000.004425,1000.004518,1000.004581,1000.004589,1000.004657,1000.004722,1000.004766,1000.004799,1000.004812,1000.004961,1000.005323,0.000000,0.000000,0.000000,0.000000,0.000000,0.000000,0.000000,0.000000,0.000000
0.000000,0.000000,0.000000,0.000000,0.000000,0.000000,0.000000,0.000000,999.988746,999.988595,999.988620,999.988601,999.988643,999.988596,999.988545,999.988426,999.988319,999.988166,999.988010,999.987837,999.987690,999.987418,999.987192,999.986946,999.986563,999.986487,999.986009,999.985430,999.985253,999.984986,999.984812,999.984745,999.984655,999.984672,999.984924,999.985354,999.985926,999.986747,999.987757,999.988883,999.990131,999.991377,999.992728,999.994005,999.995155,999.996201,999.997156,999.998063,999.998874,999.999601,1000.000244,1000.000760,1000.001200,1000.001573,1000.001904,1000.002179,1000.002482,1000.002695,1000.002853,1000.003053,1000.003166,1000.003308,1000.003403,1000.003473,1000.003580,1000.003689,1000.003726,1000.003775,1000.003841,1000.003903,1000.003920,1000.003965,1000.004040,1000.004081,1000.004083,1000.004080,1000.004155,1000.004207,1000.004246,1000.004212,1000.004255,1000.004343,1000.004388,1000.004406,1000.004451,1000.004502,1000.004528,1000.004552,1000.004604,1000.004619,1000.004690,1000.004731,1000.004784,1000.004898,1000.004913,0.000000,0.000000,0.000000,0.000000,0.000000,0.000000,0.000000,0.000000
0.000000,0.000000,0.000000,0.000000,0.000000,0.000000,0.000000,0.000000,999.987842,999.989191,999.989059,999.989053,999.988968,999.988922,999.988777,999.988677,999.988549,999.988399,999.988205,999.988040,999.987757,999.987413,999.987156,999.986845,999.986410,999.986134,999.985430,999.985175,999.985093,999.984516,999.984092,999.983719,999.983434,999.983400,999.983676,999.984070,999.984730,999.985668,999.986784,999.988101,999.989536,999.991026,999.992501,999.993971,999.995378,999.996622,999.997753,999.998677,999.999395,1000.000064,1000.000677,1000.001229,1000.001633,1000.002004,1000.002292,1000.002567,1000.002797,1000.002979,1000.003144,1000.003283,1000.003411,1000.003512,1000.003599,1000.003694,1000.003718,1000.003795,1000.003846,1000.003868,1000.003888,1000.003942,1000.003986,1000.003971,1000.003978,1000.004064,1000.004119,1000.004083,1000.004115,1000.004113,1000.004208,1000.004217,1000.004221,1000.004240,1000.004268,1000.004332,1000.004351,1000.004344,1000.004465,1000.004514,1000.004506,1000.004583,1000.004637,1000.004685,1000.004694,1000.004702,1000.005241,0.000000,0.000000,0.000000,0.000000,0.000000,0.000000,0.000000,0.000000
0.000000,0.000000,0.000000,0.000000,0.000000,0.000000,0.000000,999.990058,999.989640,999.989525,999.989364,999.989370,999.989325,999.989233,999.989079,999.988980,999.988824,999.988605,999.988402,999.988074,999.987804,999.987526,999.987228,999.986731,999.986326,999.985939,999.985253,999.985093,999.984344,999.983282,999.982966,999.982577,999.982289,999.982284,999.982342,999.982618,999.983253,999.984328,999.985639,999.987203,999.989027,999.990900,999.992569,999.994155,999.995620,999.996941,999.998118,999.999212,1000.000051,1000.000741,1000.001280,1000.001759,1000.002156,1000.002503,1000.002798,1000.002996,1000.003182,1000.003347,1000.003460,1000.003575,1000.003654,1000.003755,1000.003807,1000.003858,1000.003894,1000.003928,1000.003956,1000.003989,1000.003985,1000.004003,1000.004030,1000.004043,1000.004024,1000.004030,1000.004090,1000.004074,1000.004103,1000.004105,1000.004087,1000.004131,1000.004205,1000.004193,1000.004195,1000.004262,1000.004313,1000.004268,1000.004304,1000.004406,1000.004417,1000.004456,1000.004475,1000.004554,1000.004652,1000.004636,1000.004667,1000.004576,0.000000,0.000000,0.000000,0.000000,0.000000,0.000000,0.000000
0.000000,0.000000,0.000000,0.000000,0.000000,0.000000,0.000000,999.988820,999.990316,999.989982,999.989905,999.989819,999.989693,999.989535,999.989406,999.989287,999.989065,999.988811,999.988600,999.988295,999.988011,999.987650,999.987180,999.986710,999.986284,999.985654,999.984986,999.984516,999.983282,999.982779,999.982658,999.981734,999.981050,999.980591,999.980275,999.980517,999.981463,999.982689,999.984250,999.986148,999.988203,999.990414,999.992602,999.994635,999.996438,999.997860,999.998937,999.999853,1000.000717,1000.001448,1000.001972,1000.002393,1000.002745,1000.003026,1000.003282,1000.003440,1000.003594,1000.003733,1000.003827,1000.003899,1000.003932,1000.003990,1000.004010,1000.004042,1000.004040,1000.004067,1000.004066,1000.004078,1000.004085,1000.004050,1000.004058,1000.004101,1000.004061,1000.004040,1000.004063,1000.004050,1000.004058,1000.004095,1000.004086,1000.004062,1000.004106,1000.004136,1000.004104,1000.004160,1000.004204,1000.004247,1000.004228,1000.004251,1000.004308,1000.004379,1000.004369,1000.004405,1000.004501,1000.004473,1000.004436,1000.005051,0.000000,0.000000,0.000000,0.000000,0.000000,0.000000,0.000000
0.000000,0.000000,0.000000,0.000000,0.000000,0.000000,999.991375,999.990836,999.990665,999.990331,999.990359,999.990206,999.990080,999.989926,999.989752,999.989592,999.989324,999.989075,999.988857,999.988501,999.988130,999.987696,999.987279,999.986763,999.986254,999.985488,999.984812,999.984092,999.982966,999.982658,999.981493,999.979636,999.978995,999.978422,999.978209,999.978638,999.979298,999.980477,999.982535,999.985027,999.987672,999.990309,999.992786,999.994978,999.996906,999.998663,999.999999,1000.000952,1000.001713,1000.002319,1000.002782,1000.003156,1000.003442,1000.003638,1000.003792,1000.003961,1000.004048,1000.004123,1000.004180,1000.004221,1000.004246,1000.004257,1000.004260,1000.004261,1000.004255,1000.004239,1000.004209,1000.004171,1000.004179,1000.004165,1000.004096,1000.004092,1000.004100,1000.004043,1000.004043,1000.004041,1000.004029,1000.004006,1000.004020,1000.004030,1000.004005,1000.004038,1000.004081,1000.004028,1000.004058,1000.004132,1000.004158,1000.004178,1000.004194,1000.004224,1000.004260,1000.004277,1000.004374,1000.004422,1000.004368,1000.004375,1000.004255,0.000000,0.000000,0.000000,0.000000,0.000000,0.000000
0.000000,0.000000,0.000000,0.000000,0.000000,0.000000,999.990094,999.991474,999.991094,999.990928,999.990790,999.990585,999.990431,999.990289,999.990123,999.989869,999.989619,999.989386,999.989085,999.988711,999.988350,999.987927,999.987436,999.986862,999.986209,999.985411,999.984745,999.983719,999.982577,999.981734,999.979636,999.978407,999.978255,999.976884,999.975867,999.975508,999.976050,999.977665,999.980187,999.983533,999.987018,999.990476,999.993767,999.996368,999.998240,999.999763,1000.001094,1000.002079,1000.002795,1000.003270,1000.003655,1000.003941,1000.004174,1000.004328,1000.004420,1000.004522,1000.004530,1000.004549,1000.004563,1000.004562,1000.004552,1000.004529,1000.004505,1000.004468,1000.004411,1000.004410,1000.004350,1000.004293,1000.004242,1000.004221,1000.004179,1000.004126,1000.004097,1000.004045,1000.004020,1000.004014,1000.003996,1000.003959,1000.003980,1000.003947,1000.003961,1000.003931,1000.003994,1000.003996,1000.003946,1000.003992,1000.004021,1000.004081,1000.004106,1000.004067,1000.004151,1000.004177,1000.004179,1000.004223,1000.004255,1000.004152,1000.004787,0.000000,0.000000,0.000000,0.000000,0.000000,0.000000
0.000000,0.000000,0.000000,0.000000,0.000000,999.992768,999.992095,999.991804,999.991415,999.991356,999.991190,999.990987,999.990844,999.990669,999.990431,999.990231,999.989979,999.989703,999.989387,999.988998,999.988617,999.988177,999.987601,999.986975,999.986304,999.985556,999.984655,999.983434,999.982289,999.981050,999.978995,999.978255,999.976396,999.972962,999.971625,999.971340,999.971744,999.973937,999.977292,999.981321,999.986046,999.990539,999.994411,999.997751,1000.000145,1000.001688,1000.002742,1000.003494,1000.004053,1000.004420,1000.004681,1000.004845,1000.004939,1000.005023,1000.005059,1000.005066,1000.005053,1000.005011,1000.004994,1000.004953,1000.004887,1000.004820,1000.004754,1000.004708,1000.004596,1000.004549,1000.004492,1000.004425,1000.004348,1000.004279,1000.004208,1000.004162,1000.004147,1000.004074,1000.004008,1000.003962,1000.003973,1000.003915,1000.003889,1000.003894,1000.003864,1000.003879,1000.003848,1000.003888,1000.003921,1000.003905,1000.003872,1000.003926,1000.003996,1000.003987,1000.004036,1000.004044,1000.004039,1000.004088,1000.004148,1000.004075,1000.004025,1000.003831,0.000000,0.000000,0.000000,0.000000,0.000000
0.000000,0.000000,0.000000,0.000000,0.000000,999.991397,999.992583,999.992160,999.991959,999.991752,999.991607,999.991435,999.991238,999.991028,999.990820,999.990603,999.990351,999.990051,999.989697,999.989317,999.988936,999.988411,999.987856,999.987236,999.986526,999.985636,999.984672,999.983400,999.982284,999.980591,999.978422,999.976884,999.972962,999.969998,999.969000,999.966972,999.967234,999.969785,999.973925,999.980230,999.986663,999.992222,999.996704,999.999882,1000.002198,1000.003715,1000.004614,1000.005158,1000.005477,1000.005682,1000.005799,1000.005838,1000.005818,1000.005785,1000.005710,1000.005643,1000.005584,1000.005512,1000.005407,1000.005307,1000.005214,1000.005114,1000.005025,1000.004949,1000.004830,1000.004711,1000.004634,1000.004542,1000.004453,1000.004376,1000.004274,1000.004173,1000.004131,1000.004070,1000.003990,1000.003938,1000.003886,1000.003867,1000.003824,1000.003776,1000.003805,1000.003766,1000.003745,1000.003775,1000.003756,1000.003805,1000.003787,1000.003811,1000.003830,1000.003828,1000.003897,1000.003937,1000.003915,1000.003956,1000.003957,1000.003979,1000.003922,1000.004415,0.000000,0.000000,0.000000,0.000000,0.000000
0.000000,0.000000,0.000000,0.000000,999.993390,999.993116,999.992801,999.992406,999.992345,999.992152,999.991986,999.991807,999.991662,999.991424,999.991203,999.990969,999.990698,999.990399,999.990088,999.989668,999.989245,999.988747,999.988237,999.987576,999.986801,999.985933,999.984924,999.983676,999.982342,999.980275,999.978209,999.975867,999.971625,999.969000,999.964746,999.958799,999.956761,999.958923,999.965825,999.975653,999.986173,999.995207,1000.000903,1000.003847,1000.005442,1000.006315,1000.006809,1000.007025,1000.007075,1000.007030,1000.006950,1000.006825,1000.006709,1000.006572,1000.006417,1000.006270,1000.006145,1000.005994,1000.005850,1000.005699,1000.005574,1000.005440,1000.005283,1000.005168,1000.005058,1000.004924,1000.004773,1000.004665,1000.004536,1000.004428,1000.004339,1000.004208,1000.004121,1000.004063,1000.003994,1000.003910,1000.003842,1000.003778,1000.003768,1000.003723,1000.003648,1000.003689,1000.003658,1000.003639,1000.003615,1000.003652,1000.003673,1000.003684,1000.003700,1000.003703,1000.003743,1000.003763,1000.003804,1000.003812,1000.003837,1000.003912,1000.003860,1000.003757,1000.003759,0.000000,0.000000,0.000000,0.000000
0.000000,0.000000,0.000000,0.000000,999.991872,999.992903,999.992884,999.992874,999.992747,999.992541,999.992451,999.992227,999.992003,999.991808,999.991643,999.991393,999.991105,999.990815,999.990464,999.990103,999.989697,999.989205,999.988647,999.987973,999.987272,999.986364,999.985354,999.984070,999.982618,999.980517,999.978638,999.975508,999.971340,999.966972,999.958799,999.947529,999.943196,999.949654,999.960532,999.974513,999.990254,1000.001007,1000.005940,1000.008542,1000.009279,1000.009411,1000.009270,1000.009040,1000.008756,1000.008458,1000.008153,1000.007868,1000.007594,1000.007357,1000.007140,1000.006898,1000.006688,1000.006484,1000.006297,1000.006114,1000.005940,1000.005767,1000.005573,1000.005400,1000.005231,1000.005097,1000.004944,1000.004768,1000.004656,1000.004492,1000.004398,1000.004266,1000.004130,1000.004009,1000.003950,1000.003883,1000.003773,1000.003720,1000.003666,1000.003653,1000.003599,1000.003519,1000.003562,1000.003566,1000.003513,1000.003554,1000.003518,1000.003503,1000.003611,1000.003587,1000.003593,1000.003600,1000.003664,1000.003699,1000.003676,1000.003735,1000.003807,1000.003901,1000.004422,0.000000,0.000000,0.000000,0.000000
