0.000000,0.000000,0.000000,0.000000,0.000000,0.000000,0.000000,0.000000,0.000000,0.000000,0.000000,0.000000,0.000000,0.000000,0.000000,0.000000,0.000000,0.000000,0.000000,0.000000,0.000000,0.000000,0.000000,0.000000,0.000000,0.000000,0.000000,0.000000,0.000000,0.000000,0.000000,0.000000,0.000000,0.000000,0.000000,0.000000,0.000000,0.000000,0.000000,0.000000,0.000000,0.000000,0.000000,0.000000,0.000000,0.000000,0.000000,0.000000,0.000000,0.000000,0.000000,0.000000,0.000000,0.000000,0.000000,0.000000,0.000000,0.000000,0.000000,0.000000,0.000000,0.000000,0.000000,0.000000,0.000000,0.000000,0.000000,0.000000,0.000000,0.000000,0.000000,0.000000,0.000000,0.000000,0.000000,0.000000,0.000000,0.000000,0.000000,0.000000,0.000000,0.000000,0.000000,0.000000,0.000000,0.000000,0.000000,0.000000,0.000000,0.000000,0.000000,0.000000,0.000000,0.000000,0.000000,0.000000,0.000000,0.000000,0.000000,0.000000,0.000000,0.000000,0.000000
0.000000,0.000000,0.000000,0.000000,0.000000,0.000000,0.000000,0.000000,0.000000,0.000000,0.000000,0.000000,0.000000,0.000000,0.000000,0.000000,0.000000,0.000000,0.000000,0.000000,0.000000,0.000000,0.000000,0.000000,0.000000,0.000000,0.000000,0.000000,0.000000,0.000000,0.000000,0.000000,0.000000,0.000000,0.000000,0.000000,0.000000,0.000000,0.000000,0.000000,0.000000,0.000000,0.000000,0.000000,0.000000,0.000000,0.000000,0.000000,0.000000,0.000000,0.000000,999.999097,0.000000,0.000000,0.000000,0.000000,0.000000,0.000000,0.000000,0.000000,0.000000,0.000000,0.000000,0.000000,0.000000,0.000000,0.000000,0.000000,0.000000,0.000000,0.000000,0.000000,0.000000,0.000000,0.000000,0.000000,0.000000,0.000000,0.000000,0.000000,0.000000,0.000000,0.000000,0.000000,0.000000,0.000000,0.000000,0.000000,0.000000,0.000000,0.000000,0.000000,0.000000,0.000000,0.000000,0.000000,0.000000,0.000000,0.000000,0.000000,0.000000,0.000000,0.000000
0.000000,0.000000,0.000000,0.000000,0.000000,0.000000,0.000000,0.000000,0.000000,0.000000,0.000000,0.000000,0.000000,0.000000,0.000000,0.000000,0.000000,0.000000,0.000000,0.000000,0.000000,0.000000,0.000000,0.000000,0.000000,0.000000,0.000000,0.000000,0.000000,0.000000,0.000000,0.000000,0.000000,0.000000,0.000000,0.000000,0.000000,0.000000,0.000000,0.000000,0.000000,0.000000,999.997235,999.995156,999.995182,999.995725,999.996215,999.996766,999.997416,999.998254,999.999021,999.999125,999.999317,999.999958,1000.000746,1000.001227,1000.001574,1000.001973,1000.002228,1000.002214,1000.000750,0.000000,0.000000,0.000000,0.000000,0.000000,0.000000,0.000000,0.000000,0.000000,0.000000,0.000000,0.000000,0.000000,0.000000,0.000000,0.000000,0.000000,0.000000,0.000000,0.000000,0.000000,0.000000,0.000000,0.000000,0.000000,0.000000,0.000000,0.000000,0.000000,0.000000,0.000000,0.000000,0.000000,0.000000,0.000000,0.000000,0.000000,0.000000,0.000000,0.000000,0.000000,0.000000
0.000000,0.000000,0.000000,0.000000,0.000000,0.000000,0.000000,0.000000,0.000000,0.000000,0.000000,0.000000,0.000000,0.000000,0.000000,0.000000,0.000000,0.000000,0.000000,0.000000,0.000000,0.000000,0.000000,0.000000,0.000000,0.000000,0.000000,0.000000,0.000000,0.000000,0.000000,0.000000,0.000000,0.000000,0.000000,0.000000,0.000000,999.993814,999.991767,999.991687,999.992705,999.994341,999.996560,999.996040,999.995722,999.995937,999.996367,999.996884,999.997458,999.998037,999.998783,999.999080,999.999241,999.999976,1000.000469,1000.000926,1000.001302,1000.001589,1000.001720,1000.001487,1000.001190,1000.002618,1000.003557,1000.004084,1000.003917,1000.002812,0.000000,0.000000,0.000000,0.000000,0.000000,0.000000,0.000000,0.000000,0.000000,0.000000,0.000000,0.000000,0.000000,0.000000,0.000000,0.000000,0.000000,0.000000,0.000000,0.000000,0.000000,0.000000,0.000000,0.000000,0.000000,0.000000,0.000000,0.000000,0.000000,0.000000,0.000000,0.000000,0.000000,0.000000,0.000000,0.000000,0.000000
0.000000,0.000000,0.000000,0.000000,0.000000,0.000000,0.000000,0.000000,0.000000,0.000000,0.000000,0.000000,0.000000,0.000000,0.000000,0.000000,0.000000,0.000000,0.000000,0.000000,0.000000,0.000000,0.000000,0.000000,0.000000,0.000000,0.000000,0.000000,0.000000,0.000000,0.000000,0.000000,0.000000,0.000000,999.991735,999.990276,999.991142,999.993262,999.992933,999.992747,999.993164,999.994544,999.995370,999.995543,999.995834,999.996103,999.996477,999.996993,999.997486,999.997992,999.998546,999.999006,999.999416,999.999890,1000.000319,1000.000726,1000.001062,1000.001390,1000.001572,1000.001756,1000.001858,1000.002359,1000.003198,1000.003354,1000.003255,1000.003031,1000.004090,1000.004471,1000.003745,0.000000,0.000000,0.000000,0.000000,0.000000,0.000000,0.000000,0.000000,0.000000,0.000000,0.000000,0.000000,0.000000,0.000000,0.000000,0.000000,0.000000,0.000000,0.000000,0.000000,0.000000,0.000000,0.000000,0.000000,0.000000,0.000000,0.000000,0.000000,0.000000,0.000000,0.000000,0.000000,0.000000,0.000000
0.000000,0.000000,0.000000,0.000000,0.000000,0.000000,0.000000,0.000000,0.000000,0.000000,0.000000,0.000000,0.000000,0.000000,0.000000,0.000000,0.000000,0.000000,0.000000,0.000000,0.000000,0.000000,0.000000,0.000000,0.000000,0.000000,0.000000,0.000000,0.000000,0.000000,0.000000,0.000000,999.991073,999.989744,999.991476,999.991406,999.991993,999.992463,999.992689,999.993063,999.993596,999.994290,999.994794,999.995403,999.995772,999.996075,999.996490,999.996982,999.997440,999.997943,999.998435,999.998865,999.999308,999.999761,1000.000195,1000.000589,1000.000955,1000.001255,1000.001495,1000.001733,1000.002122,1000.002385,1000.002795,1000.003048,1000.003272,1000.003364,1000.003579,1000.003903,1000.003828,1000.004571,1000.003937,0.000000,0.000000,0.000000,0.000000,0.000000,0.000000,0.000000,0.000000,0.000000,0.000000,0.000000,0.000000,0.000000,0.000000,0.000000,0.000000,0.000000,0.000000,0.000000,0.000000,0.000000,0.000000,0.000000,0.000000,0.000000,0.000000,0.000000,0.000000,0.000000,0.000000,0.000000,0.000000
0.000000,0.000000,0.000000,0.000000,0.000000,0.000000,0.000000,0.000000,0.000000,0.000000,0.000000,0.000000,0.000000,0.000000,0.000000,0.000000,0.000000,0.000000,0.000000,0.000000,0.000000,0.000000,0.000000,0.000000,0.000000,0.000000,0.000000,0.000000,0.000000,0.000000,999.989628,999.988278,999.990452,999.990928,999.991223,999.991355,999.991804,999.992196,999.992695,999.993153,999.993610,999.994077,999.994630,999.995176,999.995569,999.996049,999.996549,999.996969,999.997423,999.997932,999.998352,999.998796,999.999249,999.999703,1000.000112,1000.000440,1000.000853,1000.001146,1000.001469,1000.001754,1000.002085,1000.002401,1000.002701,1000.002971,1000.003201,1000.003405,1000.003589,1000.003810,1000.003867,1000.003981,1000.004207,1000.005050,1000.004481,0.000000,0.000000,0.000000,0.000000,0.000000,0.000000,0.000000,0.000000,0.000000,0.000000,0.000000,0.000000,0.000000,0.000000,0.000000,0.000000,0.000000,0.000000,0.000000,0.000000,0.000000,0.000000,0.000000,0.000000,0.000000,0.000000,0.000000,0.000000,0.000000,0.000000
0.000000,0.000000,0.000000,0.000000,0.000000,0.000000,0.000000,0.000000,0.000000,0.000000,0.000000,0.000000,0.000000,0.000000,0.000000,0.000000,0.000000,0.000000,0.000000,0.000000,0.000000,0.000000,0.000000,0.000000,0.000000,0.000000,0.000000,0.000000,999.988168,999.986937,999.989056,999.989768,999.990134,999.990480,999.990818,999.991307,999.991738,999.992165,999.992629,999.993111,999.993587,999.994055,999.994613,999.995044,999.995553,999.996079,999.996507,999.996916,999.997360,999.997891,999.998343,999.998773,999.999274,999.999670,1000.000062,1000.000447,1000.000826,1000.001110,1000.001457,1000.001770,1000.002043,1000.002328,1000.002656,1000.002897,1000.003132,1000.003355,1000.003553,1000.003747,1000.003946,1000.004090,1000.004218,1000.004412,1000.004675,1000.005472,1000.004936,0.000000,0.000000,0.000000,0.000000,0.000000,0.000000,0.000000,0.000000,0.000000,0.000000,0.000000,0.000000,0.000000,0.000000,0.000000,0.000000,0.000000,0.000000,0.000000,0.000000,0.000000,0.000000,0.000000,0.000000,0.000000,0.000000,0.000000,0.000000
0.000000,0.000000,0.000000,0.000000,0.000000,0.000000,0.000000,0.000000,0.000000,0.000000,0.000000,0.000000,0.000000,0.000000,0.000000,0.000000,0.000000,0.000000,0.000000,0.000000,0.000000,0.000000,0.000000,0.000000,0.000000,0.000000,999.986792,999.985844,999.987769,999.988468,999.988889,999.989380,999.989698,999.990277,999.990782,999.991188,999.991630,999.992068,999.992520,999.993006,999.993511,999.993999,999.994487,999.994966,999.995483,999.995953,999.996371,999.996846,999.997388,999.997826,999.998257,999.998765,999.999200,999.999538,999.999943,1000.000406,1000.000740,1000.001078,1000.001408,1000.001727,1000.002042,1000.002352,1000.002572,1000.002886,1000.003113,1000.003370,1000.003551,1000.003724,1000.003923,1000.004144,1000.004350,1000.004480,1000.004710,1000.004820,1000.005086,1000.005726,1000.005368,0.000000,0.000000,0.000000,0.000000,0.000000,0.000000,0.000000,0.000000,0.000000,0.000000,0.000000,0.000000,0.000000,0.000000,0.000000,0.000000,0.000000,0.000000,0.000000,0.000000,0.000000,0.000000,0.000000,0.000000,0.000000,0.000000
0.000000,0.000000,0.000000,0.000000,0.000000,0.000000,0.000000,0.000000,0.000000,0.000000,0.000000,0.000000,0.000000,0.000000,0.000000,0.000000,0.000000,0.000000,0.000000,0.000000,0.000000,0.000000,0.000000,0.000000,999.985934,999.985175,999.986637,999.987230,999.987675,999.988111,999.988587,999.989193,999.989656,999.990172,999.990637,999.991031,999.991502,999.991947,999.992430,999.992925,999.993374,999.993906,999.994417,999.994930,999.995424,999.995875,999.996355,999.996909,999.997428,999.997804,999.998271,999.998726,999.999146,999.999589,1000.000013,1000.000348,1000.000694,1000.001085,1000.001428,1000.001727,1000.002046,1000.002349,1000.002608,1000.002829,1000.003107,1000.003369,1000.003547,1000.003749,1000.003931,1000.004136,1000.004321,1000.004451,1000.004715,1000.004910,1000.005077,1000.005234,1000.005378,1000.005840,1000.005521,0.000000,0.000000,0.000000,0.000000,0.000000,0.000000,0.000000,0.000000,0.000000,0.000000,0.000000,0.000000,0.000000,0.000000,0.000000,0.000000,0.000000,0.000000,0.000000,0.000000,0.000000,0.000000,0.000000,0.000000
0.000000,0.000000,0.000000,0.000000,0.000000,0.000000,0.000000,0.000000,0.000000,0.000000,0.000000,0.000000,0.000000,0.000000,0.000000,0.000000,0.000000,0.000000,0.000000,0.000000,0.000000,0.000000,0.000000,999.986143,999.985930,999.986290,999.986697,999.987150,999.987523,999.988103,999.988567,999.989032,999.989500,999.990019,999.990432,999.990906,999.991385,999.991882,999.992342,999.992840,999.993297,999.993838,999.994349,999.994839,999.995337,999.995888,999.996351,999.996874,999.997251,999.997759,999.998265,999.998709,999.999093,999.999596,1000.000017,1000.000361,1000.000750,1000.001079,1000.001431,1000.001700,1000.002035,1000.002310,1000.002606,1000.002857,1000.003038,1000.003320,1000.003511,1000.003776,1000.003935,1000.004116,1000.004319,1000.004526,1000.004642,1000.004882,1000.005033,1000.005187,1000.005331,1000.005437,1000.005540,1000.005438,0.000000,0.000000,0.000000,0.000000,0.000000,0.000000,0.000000,0.000000,0.000000,0.000000,0.000000,0.000000,0.000000,0.000000,0.000000,0.000000,0.000000,0.000000,0.000000,0.000000,0.000000,0.000000,0.000000
0.000000,0.000000,0.000000,0.000000,0.000000,0.000000,0.000000,0.000000,0.000000,0.000000,0.000000,0.000000,0.000000,0.000000,0.000000,0.000000,0.000000,0.000000,0.000000,0.000000,0.000000,999.984566,999.984199,999.985802,999.986185,999.986473,999.986640,999.987114,999.987543,999.987994,999.988416,999.988928,999.989348,999.989822,999.990244,999.990747,999.991283,999.991756,999.992217,999.992727,999.993253,999.993792,999.994251,999.994766,999.995297,999.995800,999.996324,999.996786,999.997279,999.997821,999.998287,999.998722,999.999160,999.999556,999.999940,1000.000354,1000.000786,1000.001107,1000.001435,1000.001754,1000.002075,1000.002336,1000.002634,1000.002918,1000.003152,1000.003329,1000.003544,1000.003759,1000.003979,1000.004125,1000.004365,1000.004555,1000.004652,1000.004820,1000.004987,1000.005151,1000.005282,1000.005365,1000.005403,1000.005568,1000.006012,1000.005874,0.000000,0.000000,0.000000,0.000000,0.000000,0.000000,0.000000,0.000000,0.000000,0.000000,0.000000,0.000000,0.000000,0.000000,0.000000,0.000000,0.000000,0.000000,0.000000,0.000000,0.000000
0.000000,0.000000,0.000000,0.000000,0.000000,0.000000,0.000000,0.000000,0.000000,0.000000,0.000000,0.000000,0.000000,0.000000,0.000000,0.000000,0.000000,0.000000,0.000000,0.000000,999.984896,999.984865,999.985219,999.985640,999.985947,999.986324,999.986645,999.987113,999.987456,999.987872,999.988339,999.988818,999.989253,999.989693,999.990168,999.990672,999.991091,999.991586,999.992081,999.992636,999.993165,999.993665,999.994175,999.994728,999.995245,999.995747,999.996264,999.996817,999.997349,999.997794,999.998241,999.998694,999.999219,999.999596,1000.000000,1000.000399,1000.000761,1000.001094,1000.001460,1000.001798,1000.002102,1000.002338,1000.002632,1000.002867,1000.003146,1000.003367,1000.003594,1000.003756,1000.004000,1000.004111,1000.004285,1000.004510,1000.004669,1000.004809,1000.004963,1000.005123,1000.005231,1000.005337,1000.005463,1000.005547,1000.005694,1000.005772,1000.005718,0.000000,0.000000,0.000000,0.000000,0.000000,0.000000,0.000000,0.000000,0.000000,0.000000,0.000000,0.000000,0.000000,0.000000,0.000000,0.000000,0.000000,0.000000,0.000000,0.000000
0.000000,0.000000,0.000000,0.000000,0.000000,0.000000,0.000000,0.000000,0.000000,0.000000,0.000000,0.000000,0.000000,0.000000,0.000000,0.000000,0.000000,0.000000,0.000000,999.984600,999.984900,999.985063,999.985358,999.985557,999.985981,999.986306,999.986696,999.987081,999.987413,999.987820,999.988241,999.988643,999.989036,999.989553,999.990034,999.990480,999.990940,999.991445,999.992013,999.992516,999.992992,999.993543,999.994107,999.994680,999.995205,999.995754,999.996283,999.996793,999.997293,999.997753,999.998264,999.998742,999.999220,999.999624,1000.000074,1000.000452,1000.000793,1000.001203,1000.001521,1000.001826,1000.002124,1000.002446,1000.002698,1000.002924,1000.003165,1000.003404,1000.003652,1000.003788,1000.004022,1000.004229,1000.004315,1000.004485,1000.004664,1000.004847,1000.004908,1000.005073,1000.005212,1000.005285,1000.005454,1000.005550,1000.005621,1000.005722,1000.005728,1000.005810,0.000000,0.000000,0.000000,0.000000,0.000000,0.000000,0.000000,0.000000,0.000000,0.000000,0.000000,0.000000,0.000000,0.000000,0.000000,0.000000,0.000000,0.000000,0.000000
0.000000,0.000000,0.000000,0.000000,0.000000,0.000000,0.000000,0.000000,0.000000,0.000000,0.000000,0.000000,0.000000,0.000000,0.000000,0.000000,0.000000,0.000000,999.984323,999.984644,999.984937,999.985159,999.985416,999.985706,999.986040,999.986334,999.986665,999.986954,999.987286,999.987736,999.988123,999.988475,999.988922,999.989402,999.989807,999.990275,999.990821,999.991336,999.991845,999.992329,999.992902,999.993516,999.994041,999.994584,999.995156,999.995699,999.996291,999.996780,999.997295,999.997836,999.998373,999.998851,999.999238,999.999702,1000.000101,1000.000537,1000.000892,1000.001251,1000.001595,1000.001858,1000.002191,1000.002480,1000.002755,1000.002992,1000.003233,1000.003404,1000.003651,1000.003812,1000.003970,1000.004225,1000.004399,1000.004549,1000.004646,1000.004811,1000.004893,1000.005043,1000.005195,1000.005248,1000.005342,1000.005452,1000.005541,1000.005635,1000.005731,1000.005791,1000.005827,0.000000,0.000000,0.000000,0.000000,0.000000,0.000000,0.000000,0.000000,0.000000,0.000000,0.000000,0.000000,0.000000,0.000000,0.000000,0.000000,0.000000,0.000000
0.000000,0.000000,0.000000,0.000000,0.000000,0.000000,0.000000,0.000000,0.000000,0.000000,0.000000,0.000000,0.000000,0.000000,0.000000,0.000000,0.000000,999.984138,999.984475,999.984755,999.985002,999.985248,999.985454,999.985744,999.986000,999.986259,999.986561,999.986877,999.987226,999.987590,999.987940,999.988330,999.988795,999.989196,999.989606,999.990130,999.990653,999.991157,999.991654,999.992233,999.992823,999.993394,999.993939,999.994506,999.995122,999.995690,999.996216,999.996815,999.997353,999.997888,999.998381,999.998827,999.999309,999.999780,1000.000197,1000.000605,1000.000995,1000.001283,1000.001655,1000.001997,1000.002289,1000.002539,1000.002773,1000.003074,1000.003285,1000.003499,1000.003664,1000.003939,1000.004034,1000.004199,1000.004343,1000.004508,1000.004679,1000.004822,1000.004938,1000.005008,1000.005181,1000.005254,1000.005356,1000.005433,1000.005510,1000.005552,1000.005637,1000.005724,1000.005835,1000.005898,0.000000,0.000000,0.000000,0.000000,0.000000,0.000000,0.000000,0.000000,0.000000,0.000000,0.000000,0.000000,0.000000,0.000000,0.000000,0.000000,0.000000
0.000000,0.000000,0.000000,0.000000,0.000000,0.000000,0.000000,0.000000,0.000000,0.000000,0.000000,0.000000,0.000000,0.000000,0.000000,0.000000,999.984028,999.984371,999.984586,999.984832,999.985041,999.985273,999.985528,999.985767,999.985968,999.986203,999.986523,999.986820,999.987128,999.987437,999.987736,999.988193,999.988562,999.989007,999.989459,999.989966,999.990446,999.990950,999.991513,999.992121,999.992708,999.993204,999.993888,999.994474,999.995124,999.995668,999.996255,999.996824,999.997446,999.997954,999.998452,999.998907,999.999420,999.999906,1000.000281,1000.000690,1000.001071,1000.001446,1000.001761,1000.002103,1000.002351,1000.002653,1000.002888,1000.003133,1000.003346,1000.003561,1000.003738,1000.003957,1000.004104,1000.004282,1000.004422,1000.004549,1000.004644,1000.004805,1000.004936,1000.004993,1000.005142,1000.005206,1000.005329,1000.005436,1000.005486,1000.005565,1000.005613,1000.005653,1000.005776,1000.005839,1000.005916,0.000000,0.000000,0.000000,0.000000,0.000000,0.000000,0.000000,0.000000,0.000000,0.000000,0.000000,0.000000,0.000000,0.000000,0.000000,0.000000
0.000000,0.000000,0.000000,0.000000,0.000000,0.000000,0.000000,0.000000,0.000000,0.000000,0.000000,0.000000,0.000000,0.000000,0.000000,999.984138,999.984371,999.984588,999.984721,999.984969,999.985149,999.985374,999.985546,999.985733,999.985912,999.986193,999.986461,999.986651,999.986976,999.987229,999.987635,999.987973,999.988340,999.988756,999.989210,999.989702,999.990190,999.990732,999.991299,999.991921,999.992512,999.993142,999.993794,999.994425,999.995040,999.995661,999.996315,999.996903,999.997435,999.997991,999.998551,999.999077,999.999546,999.999997,1000.000387,1000.000816,1000.001199,1000.001564,1000.001879,1000.002177,1000.002435,1000.002750,1000.003002,1000.003199,1000.003442,1000.003642,1000.003820,1000.003967,1000.004142,1000.004270,1000.004474,1000.004564,1000.004716,1000.004790,1000.004949,1000.004984,1000.005124,1000.005204,1000.005245,1000.005336,1000.005442,1000.005486,1000.005604,1000.005631,1000.005700,1000.005747,1000.005791,1000.005861,0.000000,0.000000,0.000000,0.000000,0.000000,0.000000,0.000000,0.000000,0.000000,0.000000,0.000000,0.000000,0.000000,0.000000,0.000000
0.000000,0.000000,0.000000,0.000000,0.000000,0.000000,0.000000,0.000000,0.000000,0.000000,0.000000,0.000000,0.000000,0.000000,999.984323,999.984475,999.984586,999.984721,999.984913,999.985075,999.985239,999.985373,999.985538,999.985703,999.985922,999.986146,999.986329,999.986509,999.986804,999.987085,999.987417,999.987711,999.988082,999.988490,999.988953,999.989465,999.989938,999.990539,999.991132,999.991743,999.992358,999.993060,999.993682,999.994378,999.994990,999.995694,999.996351,999.996956,999.997520,999.998105,999.998666,999.999208,999.999680,1000.000102,1000.000587,1000.000961,1000.001341,1000.001674,1000.002040,1000.002335,1000.002585,1000.002855,1000.003102,1000.003327,1000.003497,1000.003730,1000.003903,1000.004067,1000.004236,1000.004327,1000.004491,1000.004586,1000.004728,1000.004807,1000.004949,1000.005015,1000.005100,1000.005196,1000.005250,1000.005318,1000.005407,1000.005448,1000.005519,1000.005583,1000.005659,1000.005694,1000.005806,1000.005786,1000.005801,0.000000,0.000000,0.000000,0.000000,0.000000,0.000000,0.000000,0.000000,0.000000,0.000000,0.000000,0.000000,0.000000,0.000000
0.000000,0.000000,0.000000,0.000000,0.000000,0.000000,0.000000,0.000000,0.000000,0.000000,0.000000,0.000000,0.000000,999.984600,999.984644,999.984755,999.984832,999.984969,999.985075,999.985214,999.985320,999.985453,999.985622,999.985767,999.985877,999.986026,999.986170,999.986391,999.986652,999.986849,999.987135,999.987431,999.987817,999.988205,999.988664,999.989144,999.989668,999.990290,999.990902,999.991529,999.992184,999.992900,999.993588,999.994307,999.995024,999.995705,999.996357,999.997010,999.997675,999.998264,999.998811,999.999357,999.999838,1000.000327,1000.000790,1000.001125,1000.001523,1000.001850,1000.002166,1000.002485,1000.002772,1000.002970,1000.003217,1000.003451,1000.003645,1000.003790,1000.003951,1000.004135,1000.004275,1000.004409,1000.004505,1000.004629,1000.004740,1000.004819,1000.004915,1000.005019,1000.005068,1000.005161,1000.005233,1000.005295,1000.005350,1000.005406,1000.005444,1000.005483,1000.005553,1000.005567,1000.005646,1000.005726,1000.005733,1000.005757,0.000000,0.000000,0.000000,0.000000,0.000000,0.000000,0.000000,0.000000,0.000000,0.000000,0.000000,0.000000,0.000000
0.000000,0.000000,0.000000,0.000000,0.000000,0.000000,0.000000,0.000000,0.000000,0.000000,0.000000,0.000000,999.984896,999.984900,999.984937,999.985002,999.985041,999.985149,999.985239,999.985320,999.985391,999.985517,999.985609,999.985675,999.985768,999.985929,999.986059,999.986252,999.986388,999.986592,999.986851,999.987135,999.987504,999.987826,999.988319,999.988777,999.989369,999.989938,999.990572,999.991276,999.991998,999.992768,999.993504,999.994261,999.995034,999.995728,999.996472,999.997172,999.997807,999.998425,999.998963,999.999506,1000.000018,1000.000471,1000.000923,1000.001328,1000.001714,1000.002080,1000.002309,1000.002650,1000.002926,1000.003180,1000.003349,1000.003564,1000.003757,1000.003925,1000.004079,1000.004189,1000.004340,1000.004483,1000.004588,1000.004685,1000.004764,1000.004868,1000.004925,1000.005043,1000.005067,1000.005143,1000.005234,1000.005240,1000.005307,1000.005373,1000.005451,1000.005472,1000.005529,1000.005548,1000.005594,1000.005600,1000.005634,1000.005663,1000.005647,0.000000,0.000000,0.000000,0.000000,0.000000,0.000000,0.000000,0.000000,0.000000,0.000000,0.000000,0.000000
0.000000,0.000000,0.000000,0.000000,0.000000,0.000000,0.000000,0.000000,0.000000,0.000000,0.000000,999.984566,999.984865,999.985063,999.985159,999.985248,999.985273,999.985374,999.985373,999.985453,999.985517,999.985545,999.985633,999.985667,999.985762,999.985844,999.985910,999.985968,999.986119,999.986299,999.986519,999.986765,999.987071,999.987465,999.987900,999.988412,999.988947,999.989579,999.990294,999.991025,999.991792,999.992591,999.993422,999.994218,999.995000,999.995815,999.996580,999.997256,999.997941,999.998600,999.999235,999.999799,1000.000290,1000.000748,1000.001169,1000.001582,1000.001942,1000.002278,1000.002564,1000.002836,1000.003064,1000.003331,1000.003525,1000.003717,1000.003873,1000.004058,1000.004184,1000.004318,1000.004387,1000.004541,1000.004637,1000.004711,1000.004807,1000.004876,1000.004918,1000.005024,1000.005072,1000.005089,1000.005193,1000.005241,1000.005242,1000.005301,1000.005352,1000.005368,1000.005435,1000.005453,1000.005519,1000.005570,1000.005574,1000.005614,1000.005705,1000.005754,0.000000,0.000000,0.000000,0.000000,0.000000,0.000000,0.000000,0.000000,0.000000,0.000000,0.000000
0.000000,0.000000,0.000000,0.000000,0.000000,0.000000,0.000000,0.000000,0.000000,0.000000,0.000000,999.984199,999.985219,999.985358,999.985416,999.985454,999.985528,999.985546,999.985538,999.985622,999.985609,999.985633,999.985667,999.985607,999.985645,999.985645,999.985681,999.985805,999.985899,999.986016,999.986134,999.986373,999.986663,999.987016,999.987456,999.987897,999.988513,999.989218,999.989918,999.990724,999.991555,999.992430,999.993302,999.994209,999.995067,999.995929,999.996685,999.997460,999.998191,999.998822,999.999444,999.999981,1000.000559,1000.001020,1000.001470,1000.001838,1000.002175,1000.002492,1000.002809,1000.003056,1000.003294,1000.003484,1000.003708,1000.003870,1000.004012,1000.004158,1000.004313,1000.004445,1000.004515,1000.004583,1000.004723,1000.004775,1000.004819,1000.004927,1000.004941,1000.004999,1000.005080,1000.005094,1000.005124,1000.005204,1000.005216,1000.005256,1000.005331,1000.005311,1000.005370,1000.005382,1000.005424,1000.005453,1000.005484,1000.005507,1000.005612,1000.005929,0.000000,0.000000,0.000000,0.000000,0.000000,0.000000,0.000000,0.000000,0.000000,0.000000,0.000000
0.000000,0.000000,0.000000,0.000000,0.000000,0.000000,0.000000,0.000000,0.000000,0.000000,999.986143,999.985802,999.985640,999.985557,999.985706,999.985744,999.985767,999.985733,999.985703,999.985767,999.985675,999.985667,999.985607,999.985597,999.985603,999.985571,999.985580,999.985529,999.985532,999.985551,999.985679,999.985878,999.986115,999.986433,999.986826,999.987374,999.988010,999.988704,999.989475,999.990360,999.991309,999.992235,999.993172,999.994149,999.995104,999.995993,999.996859,999.997698,999.998487,999.999188,999.999785,1000.000341,1000.000845,1000.001314,1000.001733,1000.002125,1000.002461,1000.002776,1000.003054,1000.003298,1000.003525,1000.003703,1000.003882,1000.004057,1000.004193,1000.004288,1000.004400,1000.004546,1000.004610,1000.004658,1000.004727,1000.004846,1000.004865,1000.004931,1000.004989,1000.005012,1000.005063,1000.005093,1000.005132,1000.005152,1000.005185,1000.005182,1000.005242,1000.005275,1000.005276,1000.005310,1000.005328,1000.005361,1000.005395,1000.005452,1000.005432,1000.005480,1000.005287,0.000000,0.000000,0.000000,0.000000,0.000000,0.000000,0.000000,0.000000,0.000000,0.000000
0.000000,0.000000,0.000000,0.000000,0.000000,0.000000,0.000000,0.000000,0.000000,999.985934,999.985930,999.986185,999.985947,999.985981,999.986040,999.986000,999.985968,999.985912,999.985922,999.985877,999.985768,999.985762,999.985645,999.985603,999.985526,999.985341,999.985236,999.985175,999.985155,999.985195,999.985271,999.985375,999.985530,999.985781,999.986211,999.986748,999.987356,999.988124,999.988992,999.989945,999.990977,999.992028,999.993125,999.994211,999.995248,999.996234,999.997154,999.997968,999.998711,999.999434,1000.000113,1000.000731,1000.001243,1000.001687,1000.002097,1000.002460,1000.002822,1000.003078,1000.003367,1000.003545,1000.003767,1000.003952,1000.004086,1000.004238,1000.004369,1000.004504,1000.004521,1000.004636,1000.004742,1000.004786,1000.004802,1000.004867,1000.004925,1000.004951,1000.004982,1000.005014,1000.005059,1000.005057,1000.005084,1000.005114,1000.005144,1000.005148,1000.005133,1000.005198,1000.005227,1000.005235,1000.005263,1000.005273,1000.005288,1000.005355,1000.005311,1000.005333,1000.005438,1000.005370,0.000000,0.000000,0.000000,0.000000,0.000000,0.000000,0.000000,0.000000,0.000000
0.000000,0.000000,0.000000,0.000000,0.000000,0.000000,0.000000,0.000000,0.000000,999.985175,999.986290,999.986473,999.986324,999.986306,999.986334,999.986259,999.986203,999.986193,999.986146,999.986026,999.985929,999.985844,999.985645,999.985571,999.985341,999.985145,999.985194,999.984993,999.984864,999.984752,999.984618,999.984631,999.984760,999.985060,999.985444,999.985954,999.986642,999.987458,999.988436,999.989468,999.990604,999.991818,999.993045,999.994202,999.995291,999.996411,999.997451,999.998391,999.999185,999.999920,1000.000528,1000.001105,1000.001632,1000.002103,1000.002488,1000.002844,1000.003126,1000.003417,1000.003636,1000.003847,1000.004005,1000.004206,1000.004326,1000.004418,1000.004510,1000.004625,1000.004707,1000.004715,1000.004826,1000.004897,1000.004917,1000.004947,1000.004967,1000.004984,1000.005027,1000.005004,1000.005034,1000.005061,1000.005044,1000.005053,1000.005110,1000.005109,1000.005097,1000.005095,1000.005124,1000.005131,1000.005167,1000.005170,1000.005174,1000.005275,1000.005234,1000.005198,1000.005317,1000.005678,0.000000,0.000000,0.000000,0.000000,0.000000,0.000000,0.000000,0.000000,0.000000
0.000000,0.000000,0.000000,0.000000,0.000000,0.000000,0.000000,0.000000,999.986792,999.986637,999.986697,999.986640,999.986645,999.986696,999.986665,999.986561,999.986523,999.986461,999.986329,999.986170,999.986059,999.985910,999.985681,999.985580,999.985236,999.985194,999.984906,999.984407,999.984290,999.984082,999.983997,999.984016,999.984082,999.984208,999.984520,999.985002,999.985718,999.986608,999.987687,999.988895,999.990255,999.991614,999.993013,999.994345,999.995607,999.996751,999.997782,999.998719,999.999610,1000.000436,1000.001086,1000.001644,1000.002111,1000.002557,1000.002936,1000.003263,1000.003504,1000.003768,1000.003980,1000.004175,1000.004313,1000.004440,1000.004586,1000.004654,1000.004740,1000.004792,1000.004869,1000.004903,1000.004900,1000.004945,1000.004991,1000.004994,1000.005021,1000.004990,1000.005023,1000.005048,1000.005008,1000.005021,1000.005048,1000.005009,1000.005018,1000.005039,1000.005014,1000.005056,1000.005055,1000.005033,1000.005057,1000.005089,1000.005046,1000.005098,1000.005123,1000.005164,1000.005169,1000.005222,1000.005241,0.000000,0.000000,0.000000,0.000000,0.000000,0.000000,0.000000,0.000000
0.000000,0.000000,0.000000,0.000000,0.000000,0.000000,0.000000,0.000000,999.985844,999.987230,999.987150,999.987114,999.987113,999.987081,999.986954,999.986877,999.986820,999.986651,999.986509,999.986391,999.986252,999.985968,999.985805,999.985529,999.985175,999.984993,999.984407,999.984159,999.984184,999.983737,999.983419,999.983164,999.982960,999.983019,999.983305,999.983835,999.984623,999.985616,999.986828,999.988247,999.989789,999.991309,999.992887,999.994433,999.995961,999.997268,999.998415,999.999420,1000.000226,1000.000946,1000.001619,1000.002203,1000.002649,1000.003063,1000.003420,1000.003706,1000.003983,1000.004162,1000.004343,1000.004512,1000.004622,1000.004703,1000.004799,1000.004890,1000.004941,1000.004985,1000.005017,1000.005046,1000.005076,1000.005029,1000.005062,1000.005045,1000.005086,1000.005032,1000.005013,1000.005043,1000.005048,1000.004983,1000.004998,1000.004988,1000.004962,1000.004964,1000.004955,1000.004926,1000.004988,1000.004931,1000.004909,1000.004954,1000.004993,1000.004976,1000.004980,1000.005064,1000.005063,1000.005050,1000.005527,0.000000,0.000000,0.000000,0.000000,0.000000,0.000000,0.000000,0.000000
0.000000,0.000000,0.000000,0.000000,0.000000,0.000000,0.000000,999.988168,999.987769,999.987675,999.987523,999.987543,999.987456,999.987413,999.987286,999.987226,999.987128,999.986976,999.986804,999.986652,999.986388,999.986119,999.985899,999.985532,999.985155,999.984864,999.984290,999.984184,999.983611,999.982608,999.982344,999.982052,999.981893,999.981930,999.982131,999.982539,999.983247,999.984340,999.985797,999.987467,999.989336,999.991244,999.993064,999.994726,999.996253,999.997631,999.998884,1000.000082,1000.000998,1000.001687,1000.002314,1000.002836,1000.003300,1000.003667,1000.003936,1000.004189,1000.004405,1000.004621,1000.004722,1000.004857,1000.004952,1000.005030,1000.005062,1000.005117,1000.005146,1000.005159,1000.005156,1000.005166,1000.005168,1000.005172,1000.005139,1000.005096,1000.005114,1000.005108,1000.005025,1000.005007,1000.005019,1000.004964,1000.004947,1000.004920,1000.004900,1000.004866,1000.004886,1000.004817,1000.004840,1000.004886,1000.004849,1000.004813,1000.004830,1000.004836,1000.004819,1000.004872,1000.004900,1000.004911,1000.004934,1000.004797,0.000000,0.000000,0.000000,0.000000,0.000000,0.000000,0.000000
0.000000,0.000000,0.000000,0.000000,0.000000,0.000000,0.000000,999.986937,999.988468,999.988111,999.988103,999.987994,999.987872,999.987820,999.987736,999.987590,999.987437,999.987229,999.987085,999.986849,999.986592,999.986299,999.986016,999.985551,999.985195,999.984752,999.984082,999.983737,999.982608,999.982108,999.982184,999.981376,999.980734,999.980387,999.980197,999.980526,999.981499,999.982807,999.984501,999.986454,999.988574,999.990922,999.993214,999.995296,999.997169,999.998670,999.999830,1000.000827,1000.001737,1000.002508,1000.003088,1000.003564,1000.003955,1000.004286,1000.004549,1000.004746,1000.004912,1000.005041,1000.005146,1000.005235,1000.005296,1000.005357,1000.005372,1000.005373,1000.005363,1000.005403,1000.005352,1000.005331,1000.005298,1000.005260,1000.005234,1000.005183,1000.005126,1000.005126,1000.005075,1000.005003,1000.004960,1000.004954,1000.004904,1000.004884,1000.004830,1000.004801,1000.004812,1000.004756,1000.004686,1000.004731,1000.004743,1000.004699,1000.004711,1000.004735,1000.004703,1000.004712,1000.004701,1000.004733,1000.004713,1000.005244,0.000000,0.000000,0.000000,0.000000,0.000000,0.000000,0.000000
0.000000,0.000000,0.000000,0.000000,0.000000,0.000000,999.989628,999.989056,999.988889,999.988587,999.988567,999.988416,999.988339,999.988241,999.988123,999.987940,999.987736,999.987635,999.987417,999.987135,999.986851,999.986519,999.986134,999.985679,999.985271,999.984618,999.983997,999.983419,999.982344,999.982184,999.981172,999.979325,999.978770,999.978331,999.978175,999.978676,999.979421,999.980752,999.982852,999.985429,999.988153,999.990914,999.993423,999.995693,999.997740,999.999586,1000.000993,1000.002010,1000.002804,1000.003473,1000.003995,1000.004409,1000.004708,1000.004961,1000.005168,1000.005357,1000.005460,1000.005534,1000.005584,1000.005651,1000.005643,1000.005650,1000.005665,1000.005649,1000.005592,1000.005559,1000.005547,1000.005461,1000.005428,1000.005358,1000.005304,1000.005248,1000.005172,1000.005121,1000.005050,1000.005038,1000.004964,1000.004892,1000.004853,1000.004818,1000.004786,1000.004685,1000.004708,1000.004682,1000.004645,1000.004582,1000.004584,1000.004568,1000.004556,1000.004581,1000.004546,1000.004543,1000.004559,1000.004596,1000.004511,1000.004492,1000.004362,0.000000,0.000000,0.000000,0.000000,0.000000,0.000000
0.000000,0.000000,0.000000,0.000000,0.000000,0.000000,999.988278,999.989768,999.989380,999.989193,999.989032,999.988928,999.988818,999.988643,999.988475,999.988330,999.988193,999.987973,999.987711,999.987431,999.987135,999.986765,999.986373,999.985878,999.985375,999.984631,999.984016,999.983164,999.982052,999.981376,999.979325,999.978177,999.978128,999.976897,999.975951,999.975680,999.976323,999.978014,999.980602,999.984024,999.987592,999.991155,999.994483,999.997215,999.999161,1000.000770,1000.002163,1000.003215,1000.003997,1000.004534,1000.004977,1000.005305,1000.005570,1000.005727,1000.005823,1000.005946,1000.005995,1000.006046,1000.006058,1000.006044,1000.006030,1000.005979,1000.005953,1000.005914,1000.005859,1000.005765,1000.005706,1000.005632,1000.005554,1000.005483,1000.005403,1000.005319,1000.005239,1000.005140,1000.005061,1000.004990,1000.004933,1000.004851,1000.004783,1000.004724,1000.004696,1000.004626,1000.004566,1000.004539,1000.004512,1000.004468,1000.004436,1000.004461,1000.004398,1000.004419,1000.004392,1000.004399,1000.004398,1000.004391,1000.004341,1000.004226,1000.004832,0.000000,0.000000,0.000000,0.000000,0.000000,0.000000
0.000000,0.000000,0.000000,0.000000,0.000000,999.991073,999.990452,999.990134,999.989698,999.989656,999.989500,999.989348,999.989253,999.989036,999.988922,999.988795,999.988562,999.988340,999.988082,999.987817,999.987504,999.987071,999.986663,999.986115,999.985530,999.984760,999.984082,999.982960,999.981893,999.980734,999.978770,999.978128,999.976433,999.973080,999.971773,999.971604,999.972048,999.974334,999.977740,999.981854,999.986672,999.991254,999.995221,999.998684,1000.001153,1000.002764,1000.003921,1000.004720,1000.005368,1000.005786,1000.006076,1000.006267,1000.006415,1000.006526,1000.006582,1000.006596,1000.006594,1000.006573,1000.006543,1000.006472,1000.006424,1000.006370,1000.006260,1000.006176,1000.006092,1000.005989,1000.005902,1000.005787,1000.005673,1000.005564,1000.005465,1000.005352,1000.005267,1000.005201,1000.005061,1000.004986,1000.004886,1000.004817,1000.004743,1000.004642,1000.004569,1000.004538,1000.004493,1000.004419,1000.004388,1000.004337,1000.004316,1000.004290,1000.004207,1000.004262,1000.004230,1000.004199,1000.004186,1000.004182,1000.004232,1000.004133,1000.004052,1000.003770,0.000000,0.000000,0.000000,0.000000,0.000000
0.000000,0.000000,0.000000,0.000000,0.000000,999.989744,999.990928,999.990480,999.990277,999.990172,999.990019,999.989822,999.989693,999.989553,999.989402,999.989196,999.989007,999.988756,999.988490,999.988205,999.987826,999.987465,999.987016,999.986433,999.985781,999.985060,999.984208,999.983019,999.981930,999.980387,999.978331,999.976897,999.973080,999.970097,999.969247,999.967337,999.967704,999.970300,999.974526,999.980884,999.987380,999.993007,999.997602,1000.000895,1000.003287,1000.004907,1000.005900,1000.006499,1000.006877,1000.007138,1000.007285,1000.007333,1000.007373,1000.007353,1000.007333,1000.007262,1000.007192,1000.007112,1000.007022,1000.006927,1000.006825,1000.006711,1000.006599,1000.006463,1000.006338,1000.006202,1000.006073,1000.005958,1000.005804,1000.005677,1000.005564,1000.005418,1000.005259,1000.005174,1000.005061,1000.004934,1000.004840,1000.004725,1000.004684,1000.004573,1000.004486,1000.004422,1000.004364,1000.004269,1000.004239,1000.004222,1000.004197,1000.004138,1000.004084,1000.004066,1000.004055,1000.004029,1000.004036,1000.004005,1000.003967,1000.003974,1000.003836,1000.004384,0.000000,0.000000,0.000000,0.000000,0.000000
0.000000,0.000000,0.000000,0.000000,999.991735,999.991476,999.991223,999.990818,999.990782,999.990637,999.990432,999.990244,999.990168,999.990034,999.989807,999.989606,999.989459,999.989210,999.988953,999.988664,999.988319,999.987900,999.987456,999.986826,999.986211,999.985444,999.984520,999.983305,999.982131,999.980197,999.978175,999.975951,999.971773,999.969247,999.965185,999.959383,999.957376,999.959549,999.966505,999.976352,999.986881,999.996020,1000.001877,1000.004920,1000.006657,1000.007617,1000.008180,1000.008446,1000.008546,1000.008557,1000.008524,1000.008451,1000.008339,1000.008197,1000.008088,1000.007929,1000.007809,1000.007663,1000.007543,1000.007380,1000.007233,1000.007055,1000.006908,1000.006763,1000.006593,1000.006432,1000.006257,1000.006119,1000.005937,1000.005754,1000.005631,1000.005484,1000.005312,1000.005185,1000.005066,1000.004925,1000.004804,1000.004680,1000.004565,1000.004502,1000.004366,1000.004286,1000.004266,1000.004169,1000.004068,1000.004005,1000.004007,1000.003991,1000.003950,1000.003927,1000.003851,1000.003882,1000.003858,1000.003817,1000.003808,1000.003819,1000.003743,1000.003687,1000.003610,0.000000,0.000000,0.000000,0.000000
0.000000,0.000000,0.000000,0.000000,999.990276,999.991406,999.991355,999.991307,999.991188,999.991031,999.990906,999.990747,999.990672,999.990480,999.990275,999.990130,999.989966,999.989702,999.989465,999.989144,999.988777,999.988412,999.987897,999.987374,999.986748,999.985954,999.985002,999.983835,999.982539,999.980526,999.978676,999.975680,999.971604,999.967337,999.959383,999.948108,999.943708,999.950172,999.961073,999.975026,999.990830,1000.001813,1000.006976,1000.009715,1000.010600,1000.010813,1000.010749,1000.010588,1000.010346,1000.010066,1000.009817,1000.009565,1000.009314,1000.009079,1000.008883,1000.008652,1000.008447,1000.008218,1000.008034,1000.007833,1000.007636,1000.007429,1000.007235,1000.007034,1000.006847,1000.006641,1000.006436,1000.006257,1000.006091,1000.005865,1000.005680,1000.005534,1000.005331,1000.005167,1000.004992,1000.004853,1000.004732,1000.004615,1000.004461,1000.004370,1000.004286,1000.004134,1000.004086,1000.004039,1000.003965,1000.003864,1000.003817,1000.003780,1000.003751,1000.003719,1000.003670,1000.003693,1000.003671,1000.003643,1000.003637,1000.003652,1000.003647,1000.003729,1000.004246,0.000000,0.000000,0.000000,0.000000
