0.000000,0.000000,0.000000,0.000000,0.000000,0.000000,0.000000,0.000000,0.000000,0.000000,0.000000,0.000000,0.000000,0.000000,0.000000,0.000000,0.000000,0.000000,0.000000,0.000000,0.000000,0.000000,0.000000,0.000000,0.000000,0.000000,0.000000,0.000000,0.000000,0.000000,0.000000,0.000000,0.000000,0.000000,0.000000,0.000000,0.000000,0.000000,0.000000,0.000000,0.000000,0.000000,0.000000,0.000000,0.000000,0.000000,0.000000,0.000000,0.000000,0.000000,0.000000,0.000000,0.000000,0.000000,0.000000,0.000000,0.000000,0.000000,0.000000,0.000000,0.000000,0.000000,0.000000,0.000000,0.000000,0.000000,0.000000,0.000000,0.000000,0.000000,0.000000,0.000000,0.000000,0.000000,0.000000,0.000000,0.000000,0.000000,0.000000,0.000000,0.000000,0.000000,0.000000,0.000000,0.000000,0.000000,0.000000,0.000000,0.000000,0.000000,0.000000,0.000000,0.000000,0.000000,0.000000,0.000000,0.000000,0.000000,0.000000,0.000000,0.000000,0.000000,0.000000
0.000000,0.000000,0.000000,0.000000,0.000000,0.000000,0.000000,0.000000,0.000000,0.000000,0.000000,0.000000,0.000000,0.000000,0.000000,0.000000,0.000000,0.000000,0.000000,0.000000,0.000000,0.000000,0.000000,0.000000,0.000000,0.000000,0.000000,0.000000,0.000000,0.000000,0.000000,0.000000,0.000000,0.000000,0.000000,0.000000,0.000000,0.000000,0.000000,0.000000,0.000000,0.000000,0.000000,0.000000,0.000000,0.000000,0.000000,0.000000,0.000000,0.000000,0.000000,1000.000090,0.000000,0.000000,0.000000,0.000000,0.000000,0.000000,0.000000,0.000000,0.000000,0.000000,0.000000,0.000000,0.000000,0.000000,0.000000,0.000000,0.000000,0.000000,0.000000,0.000000,0.000000,0.000000,0.000000,0.000000,0.000000,0.000000,0.000000,0.000000,0.000000,0.000000,0.000000,0.000000,0.000000,0.000000,0.000000,0.000000,0.000000,0.000000,0.000000,0.000000,0.000000,0.000000,0.000000,0.000000,0.000000,0.000000,0.000000,0.000000,0.000000,0.000000,0.000000
0.000000,0.000000,0.000000,0.000000,0.000000,0.000000,0.000000,0.000000,0.000000,0.000000,0.000000,0.000000,0.000000,0.000000,0.000000,0.000000,0.000000,0.000000,0.000000,0.000000,0.000000,0.000000,0.000000,0.000000,0.000000,0.000000,0.000000,0.000000,0.000000,0.000000,0.000000,0.000000,0.000000,0.000000,0.000000,0.000000,0.000000,0.000000,0.000000,0.000000,0.000000,0.000000,1000.000164,1000.000190,1000.000204,1000.000211,1000.000215,1000.000216,1000.000216,1000.000215,1000.000214,1000.000220,1000.000214,1000.000215,1000.000216,1000.000216,1000.000215,1000.000211,1000.000204,1000.000190,1000.000164,0.000000,0.000000,0.000000,0.000000,0.000000,0.000000,0.000000,0.000000,0.000000,0.000000,0.000000,0.000000,0.000000,0.000000,0.000000,0.000000,0.000000,0.000000,0.000000,0.000000,0.000000,0.000000,0.000000,0.000000,0.000000,0.000000,0.000000,0.000000,0.000000,0.000000,0.000000,0.000000,0.000000,0.000000,0.000000,0.000000,0.000000,0.000000,0.000000,0.000000,0.000000,0.000000
0.000000,0.000000,0.000000,0.000000,0.000000,0.000000,0.000000,0.000000,0.000000,0.000000,0.000000,0.000000,0.000000,0.000000,0.000000,0.000000,0.000000,0.000000,0.000000,0.000000,0.000000,0.000000,0.000000,0.000000,0.000000,0.000000,0.000000,0.000000,0.000000,0.000000,0.000000,0.000000,0.000000,0.000000,0.000000,0.000000,0.000000,1000.000158,1000.000197,1000.000228,1000.000253,1000.000274,1000.000293,1000.000310,1000.000323,1000.000333,1000.000338,1000.000340,1000.000341,1000.000342,1000.000341,1000.000342,1000.000341,1000.000342,1000.000341,1000.000340,1000.000338,1000.000333,1000.000323,1000.000310,1000.000293,1000.000274,1000.000253,1000.000228,1000.000197,1000.000158,0.000000,0.000000,0.000000,0.000000,0.000000,0.000000,0.000000,0.000000,0.000000,0.000000,0.000000,0.000000,0.000000,0.000000,0.000000,0.000000,0.000000,0.000000,0.000000,0.000000,0.000000,0.000000,0.000000,0.000000,0.000000,0.000000,0.000000,0.000000,0.000000,0.000000,0.000000,0.000000,0.000000,0.000000,0.000000,0.000000,0.000000
0.000000,0.000000,0.000000,0.000000,0.000000,0.000000,0.000000,0.000000,0.000000,0.000000,0.000000,0.000000,0.000000,0.000000,0.000000,0.000000,0.000000,0.000000,0.000000,0.000000,0.000000,0.000000,0.000000,0.000000,0.000000,0.000000,0.000000,0.000000,0.000000,0.000000,0.000000,0.000000,0.000000,0.000000,1000.000164,1000.000209,1000.000247,1000.000283,1000.000316,1000.000345,1000.000372,1000.000395,1000.000416,1000.000433,1000.000445,1000.000453,1000.000458,1000.000461,1000.000462,1000.000463,1000.000463,1000.000463,1000.000463,1000.000463,1000.000462,1000.000461,1000.000458,1000.000453,1000.000445,1000.000433,1000.000416,1000.000395,1000.000372,1000.000345,1000.000316,1000.000283,1000.000247,1000.000209,1000.000164,0.000000,0.000000,0.000000,0.000000,0.000000,0.000000,0.000000,0.000000,0.000000,0.000000,0.000000,0.000000,0.000000,0.000000,0.000000,0.000000,0.000000,0.000000,0.000000,0.000000,0.000000,0.000000,0.000000,0.000000,0.000000,0.000000,0.000000,0.000000,0.000000,0.000000,0.000000,0.000000,0.000000,0.000000
0.000000,0.000000,0.000000,0.000000,0.000000,0.000000,0.000000,0.000000,0.000000,0.000000,0.000000,0.000000,0.000000,0.000000,0.000000,0.000000,0.000000,0.000000,0.000000,0.000000,0.000000,0.000000,0.000000,0.000000,0.000000,0.000000,0.000000,0.000000,0.000000,0.000000,0.000000,0.000000,1000.000188,1000.000238,1000.000287,1000.000327,1000.000364,1000.000400,1000.000432,1000.000461,1000.000488,1000.000513,1000.000536,1000.000553,1000.000564,1000.000570,1000.000574,1000.000576,1000.000577,1000.000578,1000.000578,1000.000578,1000.000578,1000.000578,1000.000577,1000.000576,1000.000574,1000.000570,1000.000564,1000.000553,1000.000536,1000.000513,1000.000488,1000.000461,1000.000432,1000.000400,1000.000364,1000.000327,1000.000287,1000.000238,1000.000188,0.000000,0.000000,0.000000,0.000000,0.000000,0.000000,0.000000,0.000000,0.000000,0.000000,0.000000,0.000000,0.000000,0.000000,0.000000,0.000000,0.000000,0.000000,0.000000,0.000000,0.000000,0.000000,0.000000,0.000000,0.000000,0.000000,0.000000,0.000000,0.000000,0.000000,0.000000,0.000000
0.000000,0.000000,0.000000,0.000000,0.000000,0.000000,0.000000,0.000000,0.000000,0.000000,0.000000,0.000000,0.000000,0.000000,0.000000,0.000000,0.000000,0.000000,0.000000,0.000000,0.000000,0.000000,0.000000,0.000000,0.000000,0.000000,0.000000,0.000000,0.000000,0.000000,1000.000197,1000.000253,1000.000308,1000.000354,1000.000399,1000.000440,1000.000480,1000.000516,1000.000548,1000.000575,1000.000598,1000.000619,1000.000637,1000.000649,1000.000656,1000.000659,1000.000661,1000.000662,1000.000662,1000.000662,1000.000662,1000.000662,1000.000662,1000.000662,1000.000662,1000.000662,1000.000661,1000.000659,1000.000656,1000.000649,1000.000637,1000.000619,1000.000598,1000.000575,1000.000548,1000.000516,1000.000480,1000.000440,1000.000399,1000.000354,1000.000308,1000.000253,1000.000197,0.000000,0.000000,0.000000,0.000000,0.000000,0.000000,0.000000,0.000000,0.000000,0.000000,0.000000,0.000000,0.000000,0.000000,0.000000,0.000000,0.000000,0.000000,0.000000,0.000000,0.000000,0.000000,0.000000,0.000000,0.000000,0.000000,0.000000,0.000000,0.000000,0.000000
0.000000,0.000000,0.000000,0.000000,0.000000,0.000000,0.000000,0.000000,0.000000,0.000000,0.000000,0.000000,0.000000,0.000000,0.000000,0.000000,0.000000,0.000000,0.000000,0.000000,0.000000,0.000000,0.000000,0.000000,0.000000,0.000000,0.000000,0.000000,1000.000196,1000.000257,1000.000315,1000.000366,1000.000417,1000.000466,1000.000512,1000.000554,1000.000590,1000.000621,1000.000645,1000.000662,1000.000674,1000.000681,1000.000683,1000.000682,1000.000681,1000.000679,1000.000678,1000.000678,1000.000677,1000.000676,1000.000676,1000.000676,1000.000676,1000.000676,1000.000677,1000.000678,1000.000678,1000.000679,1000.000681,1000.000682,1000.000683,1000.000681,1000.000674,1000.000662,1000.000645,1000.000621,1000.000590,1000.000554,1000.000512,1000.000466,1000.000417,1000.000366,1000.000315,1000.000257,1000.000196,0.000000,0.000000,0.000000,0.000000,0.000000,0.000000,0.000000,0.000000,0.000000,0.000000,0.000000,0.000000,0.000000,0.000000,0.000000,0.000000,0.000000,0.000000,0.000000,0.000000,0.000000,0.000000,0.000000,0.000000,0.000000,0.000000,0.000000,0.000000
0.000000,0.000000,0.000000,0.000000,0.000000,0.000000,0.000000,0.000000,0.000000,0.000000,0.000000,0.000000,0.000000,0.000000,0.000000,0.000000,0.000000,0.000000,0.000000,0.000000,0.000000,0.000000,0.000000,0.000000,0.000000,0.000000,1000.000186,1000.000251,1000.000313,1000.000368,1000.000423,1000.000475,1000.000527,1000.000575,1000.000616,1000.000648,1000.000670,1000.000683,1000.000689,1000.000688,1000.000683,1000.000674,1000.000661,1000.000648,1000.000639,1000.000633,1000.000630,1000.000628,1000.000626,1000.000625,1000.000624,1000.000624,1000.000624,1000.000625,1000.000626,1000.000628,1000.000630,1000.000633,1000.000639,1000.000648,1000.000661,1000.000674,1000.000683,1000.000688,1000.000689,1000.000683,1000.000670,1000.000648,1000.000616,1000.000575,1000.000527,1000.000475,1000.000423,1000.000368,1000.000313,1000.000251,1000.000186,0.000000,0.000000,0.000000,0.000000,0.000000,0.000000,0.000000,0.000000,0.000000,0.000000,0.000000,0.000000,0.000000,0.000000,0.000000,0.000000,0.000000,0.000000,0.000000,0.000000,0.000000,0.000000,0.000000,0.000000,0.000000,0.000000
0.000000,0.000000,0.000000,0.000000,0.000000,0.000000,0.000000,0.000000,0.000000,0.000000,0.000000,0.000000,0.000000,0.000000,0.000000,0.000000,0.000000,0.000000,0.000000,0.000000,0.000000,0.000000,0.000000,0.000000,1000.000160,1000.000232,1000.000300,1000.000360,1000.000419,1000.000475,1000.000530,1000.000581,1000.000625,1000.000659,1000.000681,1000.000690,1000.000688,1000.000680,1000.000665,1000.000649,1000.000634,1000.000617,1000.000600,1000.000583,1000.000572,1000.000564,1000.000559,1000.000555,1000.000552,1000.000550,1000.000549,1000.000549,1000.000549,1000.000550,1000.000552,1000.000555,1000.000559,1000.000564,1000.000572,1000.000583,1000.000600,1000.000617,1000.000634,1000.000649,1000.000665,1000.000680,1000.000688,1000.000690,1000.000681,1000.000659,1000.000625,1000.000581,1000.000530,1000.000475,1000.000419,1000.000360,1000.000300,1000.000232,1000.000160,0.000000,0.000000,0.000000,0.000000,0.000000,0.000000,0.000000,0.000000,0.000000,0.000000,0.000000,0.000000,0.000000,0.000000,0.000000,0.000000,0.000000,0.000000,0.000000,0.000000,0.000000,0.000000,0.000000,0.000000
0.000000,0.000000,0.000000,0.000000,0.000000,0.000000,0.000000,0.000000,0.000000,0.000000,0.000000,0.000000,0.000000,0.000000,0.000000,0.000000,0.000000,0.000000,0.000000,0.000000,0.000000,0.000000,0.000000,1000.000193,1000.000271,1000.000338,1000.000403,1000.000465,1000.000525,1000.000579,1000.000626,1000.000662,1000.000684,1000.000691,1000.000685,1000.000668,1000.000648,1000.000626,1000.000604,1000.000582,1000.000563,1000.000546,1000.000530,1000.000515,1000.000504,1000.000495,1000.000488,1000.000483,1000.000479,1000.000477,1000.000475,1000.000475,1000.000475,1000.000477,1000.000479,1000.000483,1000.000488,1000.000495,1000.000504,1000.000515,1000.000530,1000.000546,1000.000563,1000.000582,1000.000604,1000.000626,1000.000648,1000.000668,1000.000685,1000.000691,1000.000684,1000.000662,1000.000626,1000.000579,1000.000525,1000.000465,1000.000403,1000.000338,1000.000271,1000.000193,0.000000,0.000000,0.000000,0.000000,0.000000,0.000000,0.000000,0.000000,0.000000,0.000000,0.000000,0.000000,0.000000,0.000000,0.000000,0.000000,0.000000,0.000000,0.000000,0.000000,0.000000,0.000000,0.000000
0.000000,0.000000,0.000000,0.000000,0.000000,0.000000,0.000000,0.000000,0.000000,0.000000,0.000000,0.000000,0.000000,0.000000,0.000000,0.000000,0.000000,0.000000,0.000000,0.000000,0.000000,1000.000142,1000.000223,1000.000301,1000.000371,1000.000440,1000.000507,1000.000569,1000.000621,1000.000660,1000.000684,1000.000692,1000.000684,1000.000664,1000.000638,1000.000610,1000.000582,1000.000558,1000.000535,1000.000514,1000.000495,1000.000478,1000.000462,1000.000448,1000.000437,1000.000427,1000.000419,1000.000413,1000.000409,1000.000406,1000.000405,1000.000404,1000.000405,1000.000406,1000.000409,1000.000413,1000.000419,1000.000427,1000.000437,1000.000448,1000.000462,1000.000478,1000.000495,1000.000514,1000.000535,1000.000558,1000.000582,1000.000610,1000.000638,1000.000664,1000.000684,1000.000692,1000.000684,1000.000660,1000.000621,1000.000569,1000.000507,1000.000440,1000.000371,1000.000301,1000.000223,1000.000142,0.000000,0.000000,0.000000,0.000000,0.000000,0.000000,0.000000,0.000000,0.000000,0.000000,0.000000,0.000000,0.000000,0.000000,0.000000,0.000000,0.000000,0.000000,0.000000,0.000000,0.000000
0.000000,0.000000,0.000000,0.000000,0.000000,0.000000,0.000000,0.000000,0.000000,0.000000,0.000000,0.000000,0.000000,0.000000,0.000000,0.000000,0.000000,0.000000,0.000000,0.000000,1000.000166,1000.000251,1000.000324,1000.000397,1000.000469,1000.000540,1000.000603,1000.000652,1000.000681,1000.000691,1000.000684,1000.000664,1000.000636,1000.000605,1000.000573,1000.000543,1000.000516,1000.000492,1000.000469,1000.000448,1000.000429,1000.000411,1000.000396,1000.000382,1000.000370,1000.000360,1000.000352,1000.000346,1000.000341,1000.000338,1000.000336,1000.000335,1000.000336,1000.000338,1000.000341,1000.000346,1000.000352,1000.000360,1000.000370,1000.000382,1000.000396,1000.000411,1000.000429,1000.000448,1000.000469,1000.000492,1000.000516,1000.000543,1000.000573,1000.000605,1000.000636,1000.000664,1000.000684,1000.000691,1000.000681,1000.000652,1000.000603,1000.000540,1000.000469,1000.000397,1000.000324,1000.000251,1000.000166,0.000000,0.000000,0.000000,0.000000,0.000000,0.000000,0.000000,0.000000,0.000000,0.000000,0.000000,0.000000,0.000000,0.000000,0.000000,0.000000,0.000000,0.000000,0.000000,0.000000
0.000000,0.000000,0.000000,0.000000,0.000000,0.000000,0.000000,0.000000,0.000000,0.000000,0.000000,0.000000,0.000000,0.000000,0.000000,0.000000,0.000000,0.000000,0.000000,1000.000185,1000.000272,1000.000348,1000.000420,1000.000493,1000.000563,1000.000625,1000.000670,1000.000689,1000.000685,1000.000665,1000.000637,1000.000604,1000.000570,1000.000537,1000.000507,1000.000479,1000.000452,1000.000427,1000.000404,1000.000383,1000.000364,1000.000347,1000.000331,1000.000317,1000.000305,1000.000295,1000.000287,1000.000280,1000.000275,1000.000272,1000.000269,1000.000269,1000.000269,1000.000272,1000.000275,1000.000280,1000.000287,1000.000295,1000.000305,1000.000317,1000.000331,1000.000347,1000.000364,1000.000383,1000.000404,1000.000427,1000.000452,1000.000479,1000.000507,1000.000537,1000.000570,1000.000604,1000.000637,1000.000665,1000.000685,1000.000689,1000.000670,1000.000625,1000.000563,1000.000493,1000.000420,1000.000348,1000.000272,1000.000185,0.000000,0.000000,0.000000,0.000000,0.000000,0.000000,0.000000,0.000000,0.000000,0.000000,0.000000,0.000000,0.000000,0.000000,0.000000,0.000000,0.000000,0.000000,0.000000
0.000000,0.000000,0.000000,0.000000,0.000000,0.000000,0.000000,0.000000,0.000000,0.000000,0.000000,0.000000,0.000000,0.000000,0.000000,0.000000,0.000000,0.000000,1000.000196,1000.000287,1000.000366,1000.000442,1000.000518,1000.000585,1000.000642,1000.000680,1000.000690,1000.000673,1000.000643,1000.000609,1000.000573,1000.000538,1000.000505,1000.000474,1000.000444,1000.000416,1000.000389,1000.000364,1000.000341,1000.000320,1000.000301,1000.000284,1000.000268,1000.000254,1000.000242,1000.000232,1000.000223,1000.000216,1000.000211,1000.000207,1000.000205,1000.000204,1000.000205,1000.000207,1000.000211,1000.000216,1000.000223,1000.000232,1000.000242,1000.000254,1000.000268,1000.000284,1000.000301,1000.000320,1000.000341,1000.000364,1000.000389,1000.000416,1000.000444,1000.000474,1000.000505,1000.000538,1000.000573,1000.000609,1000.000643,1000.000673,1000.000690,1000.000680,1000.000642,1000.000585,1000.000518,1000.000442,1000.000366,1000.000287,1000.000196,0.000000,0.000000,0.000000,0.000000,0.000000,0.000000,0.000000,0.000000,0.000000,0.000000,0.000000,0.000000,0.000000,0.000000,0.000000,0.000000,0.000000,0.000000
0.000000,0.000000,0.000000,0.000000,0.000000,0.000000,0.000000,0.000000,0.000000,0.000000,0.000000,0.000000,0.000000,0.000000,0.000000,0.000000,0.000000,1000.000202,1000.000296,1000.000378,1000.000458,1000.000538,1000.000607,1000.000658,1000.000687,1000.000688,1000.000664,1000.000626,1000.000585,1000.000546,1000.000510,1000.000476,1000.000444,1000.000412,1000.000382,1000.000354,1000.000327,1000.000303,1000.000280,1000.000259,1000.000240,1000.000222,1000.000206,1000.000192,1000.000180,1000.000170,1000.000161,1000.000154,1000.000148,1000.000145,1000.000142,1000.000142,1000.000142,1000.000145,1000.000148,1000.000154,1000.000161,1000.000170,1000.000180,1000.000192,1000.000206,1000.000222,1000.000240,1000.000259,1000.000280,1000.000303,1000.000327,1000.000354,1000.000382,1000.000412,1000.000444,1000.000476,1000.000510,1000.000546,1000.000585,1000.000626,1000.000664,1000.000688,1000.000687,1000.000658,1000.000607,1000.000538,1000.000458,1000.000378,1000.000296,1000.000202,0.000000,0.000000,0.000000,0.000000,0.000000,0.000000,0.000000,0.000000,0.000000,0.000000,0.000000,0.000000,0.000000,0.000000,0.000000,0.000000,0.000000
0.000000,0.000000,0.000000,0.000000,0.000000,0.000000,0.000000,0.000000,0.000000,0.000000,0.000000,0.000000,0.000000,0.000000,0.000000,0.000000,1000.000204,1000.000300,1000.000384,1000.000467,1000.000549,1000.000620,1000.000670,1000.000689,1000.000682,1000.000654,1000.000613,1000.000568,1000.000525,1000.000487,1000.000451,1000.000417,1000.000383,1000.000352,1000.000322,1000.000294,1000.000268,1000.000243,1000.000220,1000.000199,1000.000180,1000.000162,1000.000146,1000.000132,1000.000120,1000.000110,1000.000101,1000.000093,1000.000088,1000.000084,1000.000082,1000.000081,1000.000082,1000.000084,1000.000088,1000.000093,1000.000101,1000.000110,1000.000120,1000.000132,1000.000146,1000.000162,1000.000180,1000.000199,1000.000220,1000.000243,1000.000268,1000.000294,1000.000322,1000.000352,1000.000383,1000.000417,1000.000451,1000.000487,1000.000525,1000.000568,1000.000613,1000.000654,1000.000682,1000.000689,1000.000670,1000.000620,1000.000549,1000.000467,1000.000384,1000.000300,1000.000204,0.000000,0.000000,0.000000,0.000000,0.000000,0.000000,0.000000,0.000000,0.000000,0.000000,0.000000,0.000000,0.000000,0.000000,0.000000,0.000000
0.000000,0.000000,0.000000,0.000000,0.000000,0.000000,0.000000,0.000000,0.000000,0.000000,0.000000,0.000000,0.000000,0.000000,0.000000,1000.000202,1000.000300,1000.000386,1000.000470,1000.000554,1000.000626,1000.000675,1000.000690,1000.000672,1000.000638,1000.000597,1000.000552,1000.000508,1000.000468,1000.000430,1000.000393,1000.000358,1000.000325,1000.000294,1000.000264,1000.000236,1000.000209,1000.000185,1000.000162,1000.000141,1000.000122,1000.000104,1000.000088,1000.000074,1000.000062,1000.000051,1000.000042,1000.000035,1000.000029,1000.000025,1000.000023,1000.000022,1000.000023,1000.000025,1000.000029,1000.000035,1000.000042,1000.000051,1000.000062,1000.000074,1000.000088,1000.000104,1000.000122,1000.000141,1000.000162,1000.000185,1000.000209,1000.000236,1000.000264,1000.000294,1000.000325,1000.000358,1000.000393,1000.000430,1000.000468,1000.000508,1000.000552,1000.000597,1000.000638,1000.000672,1000.000690,1000.000675,1000.000626,1000.000554,1000.000470,1000.000386,1000.000300,1000.000202,0.000000,0.000000,0.000000,0.000000,0.000000,0.000000,0.000000,0.000000,0.000000,0.000000,0.000000,0.000000,0.000000,0.000000,0.000000
0.000000,0.000000,0.000000,0.000000,0.000000,0.000000,0.000000,0.000000,0.000000,0.000000,0.000000,0.000000,0.000000,0.000000,1000.000196,1000.000296,1000.000384,1000.000470,1000.000556,1000.000629,1000.000678,1000.000690,1000.000667,1000.000627,1000.000581,1000.000536,1000.000493,1000.000452,1000.000412,1000.000373,1000.000336,1000.000301,1000.000268,1000.000237,1000.000207,1000.000179,1000.000153,1000.000128,1000.000106,1000.000084,1000.000065,1000.000047,1000.000031,1000.000017,1000.000005,999.999994,999.999985,999.999978,999.999972,999.999968,999.999966,999.999965,999.999966,999.999968,999.999972,999.999978,999.999985,999.999994,1000.000005,1000.000017,1000.000031,1000.000047,1000.000065,1000.000084,1000.000106,1000.000128,1000.000153,1000.000179,1000.000207,1000.000237,1000.000268,1000.000301,1000.000336,1000.000373,1000.000412,1000.000452,1000.000493,1000.000536,1000.000581,1000.000627,1000.000667,1000.000690,1000.000678,1000.000629,1000.000556,1000.000470,1000.000384,1000.000296,1000.000196,0.000000,0.000000,0.000000,0.000000,0.000000,0.000000,0.000000,0.000000,0.000000,0.000000,0.000000,0.000000,0.000000,0.000000
0.000000,0.000000,0.000000,0.000000,0.000000,0.000000,0.000000,0.000000,0.000000,0.000000,0.000000,0.000000,0.000000,1000.000185,1000.000287,1000.000378,1000.000467,1000.000554,1000.000629,1000.000678,1000.000690,1000.000666,1000.000623,1000.000573,1000.000525,1000.000481,1000.000439,1000.000397,1000.000356,1000.000318,1000.000281,1000.000247,1000.000213,1000.000182,1000.000152,1000.000124,1000.000098,1000.000073,1000.000051,1000.000029,1000.000010,999.999992,999.999977,999.999962,999.999950,999.999939,999.999930,999.999922,999.999917,999.999913,999.999910,999.999909,999.999910,999.999913,999.999917,999.999922,999.999930,999.999939,999.999950,999.999962,999.999977,999.999992,1000.000010,1000.000029,1000.000051,1000.000073,1000.000098,1000.000124,1000.000152,1000.000182,1000.000213,1000.000247,1000.000281,1000.000318,1000.000356,1000.000397,1000.000439,1000.000481,1000.000525,1000.000573,1000.000623,1000.000666,1000.000690,1000.000678,1000.000629,1000.000554,1000.000467,1000.000378,1000.000287,1000.000185,0.000000,0.000000,0.000000,0.000000,0.000000,0.000000,0.000000,0.000000,0.000000,0.000000,0.000000,0.000000,0.000000
0.000000,0.000000,0.000000,0.000000,0.000000,0.000000,0.000000,0.000000,0.000000,0.000000,0.000000,0.000000,1000.000166,1000.000272,1000.000366,1000.000458,1000.000549,1000.000626,1000.000678,1000.000690,1000.000665,1000.000621,1000.000569,1000.000518,1000.000472,1000.000428,1000.000385,1000.000343,1000.000303,1000.000265,1000.000228,1000.000193,1000.000160,1000.000129,1000.000099,1000.000071,1000.000045,1000.000020,999.999997,999.999976,999.999957,999.999939,999.999923,999.999909,999.999896,999.999886,999.999876,999.999869,999.999863,999.999859,999.999857,999.999856,999.999857,999.999859,999.999863,999.999869,999.999876,999.999886,999.999896,999.999909,999.999923,999.999939,999.999957,999.999976,999.999997,1000.000020,1000.000045,1000.000071,1000.000099,1000.000129,1000.000160,1000.000193,1000.000228,1000.000265,1000.000303,1000.000343,1000.000385,1000.000428,1000.000472,1000.000518,1000.000569,1000.000621,1000.000665,1000.000690,1000.000678,1000.000626,1000.000549,1000.000458,1000.000366,1000.000272,1000.000166,0.000000,0.000000,0.000000,0.000000,0.000000,0.000000,0.000000,0.000000,0.000000,0.000000,0.000000,0.000000
0.000000,0.000000,0.000000,0.000000,0.000000,0.000000,0.000000,0.000000,0.000000,0.000000,0.000000,1000.000142,1000.000251,1000.000348,1000.000442,1000.000538,1000.000620,1000.000675,1000.000690,1000.000666,1000.000621,1000.000568,1000.000515,1000.000468,1000.000422,1000.000376,1000.000333,1000.000291,1000.000251,1000.000213,1000.000176,1000.000142,1000.000109,1000.000077,1000.000047,1000.000019,999.999993,999.999969,999.999946,999.999925,999.999905,999.999888,999.999872,999.999857,999.999845,999.999834,999.999825,999.999817,999.999811,999.999807,999.999805,999.999804,999.999805,999.999807,999.999811,999.999817,999.999825,999.999834,999.999845,999.999857,999.999872,999.999888,999.999905,999.999925,999.999946,999.999969,999.999993,1000.000019,1000.000047,1000.000077,1000.000109,1000.000142,1000.000176,1000.000213,1000.000251,1000.000291,1000.000333,1000.000376,1000.000422,1000.000468,1000.000515,1000.000568,1000.000621,1000.000666,1000.000690,1000.000675,1000.000620,1000.000538,1000.000442,1000.000348,1000.000251,1000.000142,0.000000,0.000000,0.000000,0.000000,0.000000,0.000000,0.000000,0.000000,0.000000,0.000000,0.000000
0.000000,0.000000,0.000000,0.000000,0.000000,0.000000,0.000000,0.000000,0.000000,0.000000,0.000000,1000.000223,1000.000324,1000.000420,1000.000518,1000.000607,1000.000670,1000.000690,1000.000667,1000.000623,1000.000569,1000.000515,1000.000466,1000.000418,1000.000371,1000.000326,1000.000283,1000.000241,1000.000201,1000.000163,1000.000126,1000.000092,1000.000059,1000.000027,999.999997,999.999970,999.999943,999.999919,999.999896,999.999875,999.999855,999.999838,999.999822,999.999807,999.999795,999.999784,999.999775,999.999767,999.999761,999.999757,999.999755,999.999754,999.999755,999.999757,999.999761,999.999767,999.999775,999.999784,999.999795,999.999807,999.999822,999.999838,999.999855,999.999875,999.999896,999.999919,999.999943,999.999970,999.999997,1000.000027,1000.000059,1000.000092,1000.000126,1000.000163,1000.000201,1000.000241,1000.000283,1000.000326,1000.000371,1000.000418,1000.000466,1000.000515,1000.000569,1000.000623,1000.000667,1000.000690,1000.000670,1000.000607,1000.000518,1000.000420,1000.000324,1000.000223,0.000000,0.000000,0.000000,0.000000,0.000000,0.000000,0.000000,0.000000,0.000000,0.000000,0.000000
0.000000,0.000000,0.000000,0.000000,0.000000,0.000000,0.000000,0.000000,0.000000,0.000000,1000.000193,1000.000301,1000.000397,1000.000493,1000.000585,1000.000658,1000.000689,1000.000672,1000.000627,1000.000573,1000.000518,1000.000468,1000.000418,1000.000369,1000.000322,1000.000278,1000.000235,1000.000193,1000.000153,1000.000115,1000.000078,1000.000043,1000.000010,999.999979,999.999949,999.999921,999.999895,999.999870,999.999848,999.999826,999.999807,999.999789,999.999773,999.999759,999.999746,999.999735,999.999726,999.999719,999.999713,999.999709,999.999706,999.999705,999.999706,999.999709,999.999713,999.999719,999.999726,999.999735,999.999746,999.999759,999.999773,999.999789,999.999807,999.999826,999.999848,999.999870,999.999895,999.999921,999.999949,999.999979,1000.000010,1000.000043,1000.000078,1000.000115,1000.000153,1000.000193,1000.000235,1000.000278,1000.000322,1000.000369,1000.000418,1000.000468,1000.000518,1000.000573,1000.000627,1000.000672,1000.000689,1000.000658,1000.000585,1000.000493,1000.000397,1000.000301,1000.000193,0.000000,0.000000,0.000000,0.000000,0.000000,0.000000,0.000000,0.000000,0.000000,0.000000
0.000000,0.000000,0.000000,0.000000,0.000000,0.000000,0.000000,0.000000,0.000000,1000.000160,1000.000271,1000.000371,1000.000469,1000.000563,1000.000642,1000.000687,1000.000682,1000.000638,1000.000581,1000.000525,1000.000472,1000.000422,1000.000371,1000.000322,1000.000276,1000.000231,1000.000188,1000.000146,1000.000106,1000.000068,1000.000032,999.999997,999.999964,999.999932,999.999903,999.999875,999.999848,999.999824,999.999801,999.999780,999.999760,999.999743,999.999727,999.999712,999.999700,999.999689,999.999680,999.999672,999.999666,999.999662,999.999659,999.999659,999.999659,999.999662,999.999666,999.999672,999.999680,999.999689,999.999700,999.999712,999.999727,999.999743,999.999760,999.999780,999.999801,999.999824,999.999848,999.999875,999.999903,999.999932,999.999964,999.999997,1000.000032,1000.000068,1000.000106,1000.000146,1000.000188,1000.000231,1000.000276,1000.000322,1000.000371,1000.000422,1000.000472,1000.000525,1000.000581,1000.000638,1000.000682,1000.000687,1000.000642,1000.000563,1000.000469,1000.000371,1000.000271,1000.000160,0.000000,0.000000,0.000000,0.000000,0.000000,0.000000,0.000000,0.000000,0.000000
0.000000,0.000000,0.000000,0.000000,0.000000,0.000000,0.000000,0.000000,0.000000,1000.000232,1000.000338,1000.000440,1000.000540,1000.000625,1000.000680,1000.000688,1000.000654,1000.000597,1000.000536,1000.000481,1000.000428,1000.000376,1000.000326,1000.000278,1000.000231,1000.000186,1000.000143,1000.000101,1000.000061,1000.000023,999.999987,999.999952,999.999919,999.999888,999.999858,999.999830,999.999804,999.999779,999.999756,999.999735,999.999716,999.999698,999.999682,999.999667,999.999655,999.999644,999.999635,999.999627,999.999621,999.999617,999.999614,999.999614,999.999614,999.999617,999.999621,999.999627,999.999635,999.999644,999.999655,999.999667,999.999682,999.999698,999.999716,999.999735,999.999756,999.999779,999.999804,999.999830,999.999858,999.999888,999.999919,999.999952,999.999987,1000.000023,1000.000061,1000.000101,1000.000143,1000.000186,1000.000231,1000.000278,1000.000326,1000.000376,1000.000428,1000.000481,1000.000536,1000.000597,1000.000654,1000.000688,1000.000680,1000.000625,1000.000540,1000.000440,1000.000338,1000.000232,0.000000,0.000000,0.000000,0.000000,0.000000,0.000000,0.000000,0.000000,0.000000
0.000000,0.000000,0.000000,0.000000,0.000000,0.000000,0.000000,0.000000,1000.000186,1000.000300,1000.000403,1000.000507,1000.000603,1000.000670,1000.000690,1000.000664,1000.000613,1000.000552,1000.000493,1000.000439,1000.000385,1000.000333,1000.000283,1000.000235,1000.000188,1000.000143,1000.000100,1000.000058,1000.000018,999.999980,999.999944,999.999909,999.999876,999.999844,999.999815,999.999787,999.999760,999.999736,999.999713,999.999692,999.999672,999.999655,999.999639,999.999624,999.999612,999.999601,999.999591,999.999584,999.999578,999.999574,999.999571,999.999570,999.999571,999.999574,999.999578,999.999584,999.999591,999.999601,999.999612,999.999624,999.999639,999.999655,999.999672,999.999692,999.999713,999.999736,999.999760,999.999787,999.999815,999.999844,999.999876,999.999909,999.999944,999.999980,1000.000018,1000.000058,1000.000100,1000.000143,1000.000188,1000.000235,1000.000283,1000.000333,1000.000385,1000.000439,1000.000493,1000.000552,1000.000613,1000.000664,1000.000690,1000.000670,1000.000603,1000.000507,1000.000403,1000.000300,1000.000186,0.000000,0.000000,0.000000,0.000000,0.000000,0.000000,0.000000,0.000000
0.000000,0.000000,0.000000,0.000000,0.000000,0.000000,0.000000,0.000000,1000.000251,1000.000360,1000.000465,1000.000569,1000.000652,1000.000689,1000.000673,1000.000626,1000.000568,1000.000508,1000.000452,1000.000397,1000.000343,1000.000291,1000.000241,1000.000193,1000.000146,1000.000101,1000.000058,1000.000016,999.999977,999.999938,999.999902,999.999867,999.999834,999.999803,999.999773,999.999745,999.999719,999.999694,999.999672,999.999650,999.999631,999.999613,999.999597,999.999583,999.999570,999.999559,999.999550,999.999542,999.999536,999.999532,999.999530,999.999529,999.999530,999.999532,999.999536,999.999542,999.999550,999.999559,999.999570,999.999583,999.999597,999.999613,999.999631,999.999650,999.999672,999.999694,999.999719,999.999745,999.999773,999.999803,999.999834,999.999867,999.999902,999.999938,999.999977,1000.000016,1000.000058,1000.000101,1000.000146,1000.000193,1000.000241,1000.000291,1000.000343,1000.000397,1000.000452,1000.000508,1000.000568,1000.000626,1000.000673,1000.000689,1000.000652,1000.000569,1000.000465,1000.000360,1000.000251,0.000000,0.000000,0.000000,0.000000,0.000000,0.000000,0.000000,0.000000
0.000000,0.000000,0.000000,0.000000,0.000000,0.000000,0.000000,1000.000196,1000.000313,1000.000419,1000.000525,1000.000621,1000.000681,1000.000685,1000.000643,1000.000585,1000.000525,1000.000468,1000.000412,1000.000356,1000.000303,1000.000251,1000.000201,1000.000153,1000.000106,1000.000061,1000.000018,999.999977,999.999937,999.999899,999.999862,999.999827,999.999794,999.999763,999.999733,999.999705,999.999679,999.999655,999.999632,999.999611,999.999591,999.999573,999.999557,999.999543,999.999530,999.999519,999.999510,999.999502,999.999496,999.999492,999.999490,999.999489,999.999490,999.999492,999.999496,999.999502,999.999510,999.999519,999.999530,999.999543,999.999557,999.999573,999.999591,999.999611,999.999632,999.999655,999.999679,999.999705,999.999733,999.999763,999.999794,999.999827,999.999862,999.999899,999.999937,999.999977,1000.000018,1000.000061,1000.000106,1000.000153,1000.000201,1000.000251,1000.000303,1000.000356,1000.000412,1000.000468,1000.000525,1000.000585,1000.000643,1000.000685,1000.000681,1000.000621,1000.000525,1000.000419,1000.000313,1000.000196,0.000000,0.000000,0.000000,0.000000,0.000000,0.000000,0.000000
0.000000,0.000000,0.000000,0.000000,0.000000,0.000000,0.000000,1000.000257,1000.000368,1000.000475,1000.000579,1000.000660,1000.000691,1000.000665,1000.000609,1000.000546,1000.000487,1000.000430,1000.000373,1000.000318,1000.000265,1000.000213,1000.000163,1000.000115,1000.000068,1000.000023,999.999980,999.999938,999.999899,999.999861,999.999824,999.999789,999.999756,999.999725,999.999695,999.999667,999.999641,999.999616,999.999594,999.999572,999.999553,999.999535,999.999519,999.999505,999.999492,999.999481,999.999472,999.999464,999.999458,999.999454,999.999452,999.999451,999.999452,999.999454,999.999458,999.999464,999.999472,999.999481,999.999492,999.999505,999.999519,999.999535,999.999553,999.999572,999.999594,999.999616,999.999641,999.999667,999.999695,999.999725,999.999756,999.999789,999.999824,999.999861,999.999899,999.999938,999.999980,1000.000023,1000.000068,1000.000115,1000.000163,1000.000213,1000.000265,1000.000318,1000.000373,1000.000430,1000.000487,1000.000546,1000.000609,1000.000665,1000.000691,1000.000660,1000.000579,1000.000475,1000.000368,1000.000257,0.000000,0.000000,0.000000,0.000000,0.000000,0.000000,0.000000
0.000000,0.000000,0.000000,0.000000,0.000000,0.000000,1000.000197,1000.000315,1000.000423,1000.000530,1000.000626,1000.000684,1000.000684,1000.000637,1000.000573,1000.000510,1000.000451,1000.000393,1000.000336,1000.000281,1000.000228,1000.000176,1000.000126,1000.000078,1000.000032,999.999987,999.999944,999.999902,999.999862,999.999824,999.999788,999.999753,999.999720,999.999688,999.999659,999.999631,999.999605,999.999580,999.999557,999.999536,999.999517,999.999499,999.999483,999.999468,999.999456,999.999445,999.999435,999.999428,999.999422,999.999418,999.999415,999.999414,999.999415,999.999418,999.999422,999.999428,999.999435,999.999445,999.999456,999.999468,999.999483,999.999499,999.999517,999.999536,999.999557,999.999580,999.999605,999.999631,999.999659,999.999688,999.999720,999.999753,999.999788,999.999824,999.999862,999.999902,999.999944,999.999987,1000.000032,1000.000078,1000.000126,1000.000176,1000.000228,1000.000281,1000.000336,1000.000393,1000.000451,1000.000510,1000.000573,1000.000637,1000.000684,1000.000684,1000.000626,1000.000530,1000.000423,1000.000315,1000.000197,0.000000,0.000000,0.000000,0.000000,0.000000,0.000000
0.000000,0.000000,0.000000,0.000000,0.000000,0.000000,1000.000253,1000.000366,1000.000475,1000.000581,1000.000662,1000.000692,1000.000664,1000.000604,1000.000538,1000.000476,1000.000417,1000.000358,1000.000301,1000.000247,1000.000193,1000.000142,1000.000092,1000.000043,999.999997,999.999952,999.999909,999.999867,999.999827,999.999789,999.999753,999.999718,999.999685,999.999654,999.999624,999.999596,999.999570,999.999545,999.999522,999.999501,999.999482,999.999464,999.999448,999.999434,999.999421,999.999410,999.999401,999.999393,999.999387,999.999383,999.999380,999.999379,999.999380,999.999383,999.999387,999.999393,999.999401,999.999410,999.999421,999.999434,999.999448,999.999464,999.999482,999.999501,999.999522,999.999545,999.999570,999.999596,999.999624,999.999654,999.999685,999.999718,999.999753,999.999789,999.999827,999.999867,999.999909,999.999952,999.999997,1000.000043,1000.000092,1000.000142,1000.000193,1000.000247,1000.000301,1000.000358,1000.000417,1000.000476,1000.000538,1000.000604,1000.000664,1000.000692,1000.000662,1000.000581,1000.000475,1000.000366,1000.000253,0.000000,0.000000,0.000000,0.000000,0.000000,0.000000
0.000000,0.000000,0.000000,0.000000,0.000000,1000.000188,1000.000308,1000.000417,1000.000527,1000.000625,1000.000684,1000.000684,1000.000636,1000.000570,1000.000505,1000.000444,1000.000383,1000.000325,1000.000268,1000.000213,1000.000160,1000.000109,1000.000059,1000.000010,999.999964,999.999919,999.999876,999.999834,999.999794,999.999756,999.999720,999.999685,999.999652,999.999621,999.999591,999.999563,999.999537,999.999512,999.999489,999.999468,999.999449,999.999431,999.999415,999.999401,999.999388,999.999377,999.999368,999.999360,999.999354,999.999350,999.999347,999.999346,999.999347,999.999350,999.999354,999.999360,999.999368,999.999377,999.999388,999.999401,999.999415,999.999431,999.999449,999.999468,999.999489,999.999512,999.999537,999.999563,999.999591,999.999621,999.999652,999.999685,999.999720,999.999756,999.999794,999.999834,999.999876,999.999919,999.999964,1000.000010,1000.000059,1000.000109,1000.000160,1000.000213,1000.000268,1000.000325,1000.000383,1000.000444,1000.000505,1000.000570,1000.000636,1000.000684,1000.000684,1000.000625,1000.000527,1000.000417,1000.000308,1000.000188,0.000000,0.000000,0.000000,0.000000,0.000000
0.000000,0.000000,0.000000,0.000000,0.000000,1000.000238,1000.000354,1000.000466,1000.000575,1000.000659,1000.000691,1000.000664,1000.000605,1000.000537,1000.000474,1000.000412,1000.000352,1000.000294,1000.000237,1000.000182,1000.000129,1000.000077,1000.000027,999.999979,999.999932,999.999888,999.999844,999.999803,999.999763,999.999725,999.999688,999.999654,999.999621,999.999589,999.999560,999.999532,999.999506,999.999481,999.999458,999.999437,999.999417,999.999400,999.999384,999.999369,999.999356,999.999345,999.999336,999.999329,999.999323,999.999318,999.999316,999.999315,999.999316,999.999318,999.999323,999.999329,999.999336,999.999345,999.999356,999.999369,999.999384,999.999400,999.999417,999.999437,999.999458,999.999481,999.999506,999.999532,999.999560,999.999589,999.999621,999.999654,999.999688,999.999725,999.999763,999.999803,999.999844,999.999888,999.999932,999.999979,1000.000027,1000.000077,1000.000129,1000.000182,1000.000237,1000.000294,1000.000352,1000.000412,1000.000474,1000.000537,1000.000605,1000.000664,1000.000691,1000.000659,1000.000575,1000.000466,1000.000354,1000.000238,0.000000,0.000000,0.000000,0.000000,0.000000
0.000000,0.000000,0.000000,0.000000,1000.000164,1000.000287,1000.000399,1000.000512,1000.000616,1000.000681,1000.000685,1000.000638,1000.000573,1000.000507,1000.000444,1000.000382,1000.000322,1000.000264,1000.000207,1000.000152,1000.000099,1000.000047,999.999997,999.999949,999.999903,999.999858,999.999815,999.999773,999.999733,999.999695,999.999659,999.999624,999.999591,999.999560,999.999530,999.999502,999.999476,999.999451,999.999428,999.999407,999.999388,999.999370,999.999354,999.999340,999.999327,999.999316,999.999307,999.999299,999.999293,999.999289,999.999286,999.999285,999.999286,999.999289,999.999293,999.999299,999.999307,999.999316,999.999327,999.999340,999.999354,999.999370,999.999388,999.999407,999.999428,999.999451,999.999476,999.999502,999.999530,999.999560,999.999591,999.999624,999.999659,999.999695,999.999733,999.999773,999.999815,999.999858,999.999903,999.999949,999.999997,1000.000047,1000.000099,1000.000152,1000.000207,1000.000264,1000.000322,1000.000382,1000.000444,1000.000507,1000.000573,1000.000638,1000.000685,1000.000681,1000.000616,1000.000512,1000.000399,1000.000287,1000.000164,0.000000,0.000000,0.000000,0.000000
0.000000,0.000000,0.000000,0.000000,1000.000209,1000.000327,1000.000440,1000.000554,1000.000648,1000.000690,1000.000668,1000.000610,1000.000543,1000.000479,1000.000416,1000.000354,1000.000294,1000.000236,1000.000179,1000.000124,1000.000071,1000.000019,999.999970,999.999921,999.999875,999.999830,999.999787,999.999745,999.999705,999.999667,999.999631,999.999596,999.999563,999.999532,999.999502,999.999474,999.999448,999.999423,999.999400,999.999379,999.999360,999.999342,999.999326,999.999312,999.999299,999.999288,999.999279,999.999271,999.999265,999.999261,999.999258,999.999257,999.999258,999.999261,999.999265,999.999271,999.999279,999.999288,999.999299,999.999312,999.999326,999.999342,999.999360,999.999379,999.999400,999.999423,999.999448,999.999474,999.999502,999.999532,999.999563,999.999596,999.999631,999.999667,999.999705,999.999745,999.999787,999.999830,999.999875,999.999921,999.999970,1000.000019,1000.000071,1000.000124,1000.000179,1000.000236,1000.000294,1000.000354,1000.000416,1000.000479,1000.000543,1000.000610,1000.000668,1000.000690,1000.000648,1000.000554,1000.000440,1000.000327,1000.000209,0.000000,0.000000,0.000000,0.000000
