0.000000,0.000000,0.000000,0.000000,0.000000,0.000000,0.000000,0.000000,0.000000,0.000000,0.000000,0.000000,0.000000,0.000000,0.000000,0.000000,0.000000,0.000000,0.000000,0.000000,0.000000,0.000000,0.000000,0.000000,0.000000,0.000000,0.000000,0.000000,0.000000,0.000000,0.000000,0.000000,0.000000,0.000000,0.000000,0.000000,0.000000,0.000000,0.000000,0.000000,0.000000,0.000000,0.000000,0.000000,0.000000,0.000000,0.000000,0.000000,0.000000,0.000000,0.000000,0.000000,0.000000,0.000000,0.000000,0.000000,0.000000,0.000000,0.000000,0.000000,0.000000,0.000000,0.000000,0.000000,0.000000,0.000000,0.000000,0.000000,0.000000,0.000000,0.000000,0.000000,0.000000,0.000000,0.000000,0.000000,0.000000,0.000000,0.000000,0.000000,0.000000,0.000000,0.000000,0.000000,0.000000,0.000000,0.000000,0.000000,0.000000,0.000000,0.000000,0.000000,0.000000,0.000000,0.000000,0.000000,0.000000,0.000000,0.000000,0.000000,0.000000,0.000000,0.000000
0.000000,0.000000,0.000000,0.000000,0.000000,0.000000,0.000000,0.000000,0.000000,0.000000,0.000000,0.000000,0.000000,0.000000,0.000000,0.000000,0.000000,0.000000,0.000000,0.000000,0.000000,0.000000,0.000000,0.000000,0.000000,0.000000,0.000000,0.000000,0.000000,0.000000,0.000000,0.000000,0.000000,0.000000,0.000000,0.000000,0.000000,0.000000,0.000000,0.000000,0.000000,0.000000,0.000000,0.000000,0.000000,0.000000,0.000000,0.000000,0.000000,0.000000,0.000000,1000.000084,0.000000,0.000000,0.000000,0.000000,0.000000,0.000000,0.000000,0.000000,0.000000,0.000000,0.000000,0.000000,0.000000,0.000000,0.000000,0.000000,0.000000,0.000000,0.000000,0.000000,0.000000,0.000000,0.000000,0.000000,0.000000,0.000000,0.000000,0.000000,0.000000,0.000000,0.000000,0.000000,0.000000,0.000000,0.000000,0.000000,0.000000,0.000000,0.000000,0.000000,0.000000,0.000000,0.000000,0.000000,0.000000,0.000000,0.000000,0.000000,0.000000,0.000000,0.000000
0.000000,0.000000,0.000000,0.000000,0.000000,0.000000,0.000000,0.000000,0.000000,0.000000,0.000000,0.000000,0.000000,0.000000,0.000000,0.000000,0.000000,0.000000,0.000000,0.000000,0.000000,0.000000,0.000000,0.000000,0.000000,0.000000,0.000000,0.000000,0.000000,0.000000,0.000000,0.000000,0.000000,0.000000,0.000000,0.000000,0.000000,0.000000,0.000000,0.000000,0.000000,0.000000,1000.000154,1000.000179,1000.000192,1000.000198,1000.000202,1000.000203,1000.000203,1000.000202,1000.000201,1000.000207,1000.000201,1000.000202,1000.000203,1000.000203,1000.000202,1000.000198,1000.000192,1000.000179,1000.000154,0.000000,0.000000,0.000000,0.000000,0.000000,0.000000,0.000000,0.000000,0.000000,0.000000,0.000000,0.000000,0.000000,0.000000,0.000000,0.000000,0.000000,0.000000,0.000000,0.000000,0.000000,0.000000,0.000000,0.000000,0.000000,0.000000,0.000000,0.000000,0.000000,0.000000,0.000000,0.000000,0.000000,0.000000,0.000000,0.000000,0.000000,0.000000,0.000000,0.000000,0.000000,0.000000
0.000000,0.000000,0.000000,0.000000,0.000000,0.000000,0.000000,0.000000,0.000000,0.000000,0.000000,0.000000,0.000000,0.000000,0.000000,0.000000,0.000000,0.000000,0.000000,0.000000,0.000000,0.000000,0.000000,0.000000,0.000000,0.000000,0.000000,0.000000,0.000000,0.000000,0.000000,0.000000,0.000000,0.000000,0.000000,0.000000,0.000000,1000.000148,1000.000185,1000.000214,1000.000238,1000.000258,1000.000275,1000.000291,1000.000304,1000.000312,1000.000317,1000.000320,1000.000321,1000.000321,1000.000321,1000.000322,1000.000321,1000.000321,1000.000321,1000.000320,1000.000317,1000.000312,1000.000304,1000.000291,1000.000275,1000.000258,1000.000238,1000.000214,1000.000185,1000.000148,0.000000,0.000000,0.000000,0.000000,0.000000,0.000000,0.000000,0.000000,0.000000,0.000000,0.000000,0.000000,0.000000,0.000000,0.000000,0.000000,0.000000,0.000000,0.000000,0.000000,0.000000,0.000000,0.000000,0.000000,0.000000,0.000000,0.000000,0.000000,0.000000,0.000000,0.000000,0.000000,0.000000,0.000000,0.000000,0.000000,0.000000
0.000000,0.000000,0.000000,0.000000,0.000000,0.000000,0.000000,0.000000,0.000000,0.000000,0.000000,0.000000,0.000000,0.000000,0.000000,0.000000,0.000000,0.000000,0.000000,0.000000,0.000000,0.000000,0.000000,0.000000,0.000000,0.000000,0.000000,0.000000,0.000000,0.000000,0.000000,0.000000,0.000000,0.000000,1000.000154,1000.000197,1000.000232,1000.000266,1000.000296,1000.000324,1000.000349,1000.000371,1000.000391,1000.000406,1000.000418,1000.000426,1000.000430,1000.000433,1000.000434,1000.000435,1000.000435,1000.000435,1000.000435,1000.000435,1000.000434,1000.000433,1000.000430,1000.000426,1000.000418,1000.000406,1000.000391,1000.000371,1000.000349,1000.000324,1000.000296,1000.000266,1000.000232,1000.000197,1000.000154,0.000000,0.000000,0.000000,0.000000,0.000000,0.000000,0.000000,0.000000,0.000000,0.000000,0.000000,0.000000,0.000000,0.000000,0.000000,0.000000,0.000000,0.000000,0.000000,0.000000,0.000000,0.000000,0.000000,0.000000,0.000000,0.000000,0.000000,0.000000,0.000000,0.000000,0.000000,0.000000,0.000000,0.000000
0.000000,0.000000,0.000000,0.000000,0.000000,0.000000,0.000000,0.000000,0.000000,0.000000,0.000000,0.000000,0.000000,0.000000,0.000000,0.000000,0.000000,0.000000,0.000000,0.000000,0.000000,0.000000,0.000000,0.000000,0.000000,0.000000,0.000000,0.000000,0.000000,0.000000,0.000000,0.000000,1000.000176,1000.000224,1000.000269,1000.000307,1000.000342,1000.000376,1000.000406,1000.000434,1000.000459,1000.000482,1000.000504,1000.000520,1000.000530,1000.000536,1000.000540,1000.000542,1000.000543,1000.000543,1000.000543,1000.000543,1000.000543,1000.000543,1000.000543,1000.000542,1000.000540,1000.000536,1000.000530,1000.000520,1000.000504,1000.000482,1000.000459,1000.000434,1000.000406,1000.000376,1000.000342,1000.000307,1000.000269,1000.000224,1000.000176,0.000000,0.000000,0.000000,0.000000,0.000000,0.000000,0.000000,0.000000,0.000000,0.000000,0.000000,0.000000,0.000000,0.000000,0.000000,0.000000,0.000000,0.000000,0.000000,0.000000,0.000000,0.000000,0.000000,0.000000,0.000000,0.000000,0.000000,0.000000,0.000000,0.000000,0.000000,0.000000
0.000000,0.000000,0.000000,0.000000,0.000000,0.000000,0.000000,0.000000,0.000000,0.000000,0.000000,0.000000,0.000000,0.000000,0.000000,0.000000,0.000000,0.000000,0.000000,0.000000,0.000000,0.000000,0.000000,0.000000,0.000000,0.000000,0.000000,0.000000,0.000000,0.000000,1000.000185,1000.000238,1000.000289,1000.000333,1000.000375,1000.000413,1000.000451,1000.000485,1000.000515,1000.000541,1000.000562,1000.000582,1000.000599,1000.000611,1000.000617,1000.000620,1000.000622,1000.000623,1000.000623,1000.000623,1000.000623,1000.000623,1000.000623,1000.000623,1000.000623,1000.000623,1000.000622,1000.000620,1000.000617,1000.000611,1000.000599,1000.000582,1000.000562,1000.000541,1000.000515,1000.000485,1000.000451,1000.000413,1000.000375,1000.000333,1000.000289,1000.000238,1000.000185,0.000000,0.000000,0.000000,0.000000,0.000000,0.000000,0.000000,0.000000,0.000000,0.000000,0.000000,0.000000,0.000000,0.000000,0.000000,0.000000,0.000000,0.000000,0.000000,0.000000,0.000000,0.000000,0.000000,0.000000,0.000000,0.000000,0.000000,0.000000,0.000000,0.000000
0.000000,0.000000,0.000000,0.000000,0.000000,0.000000,0.000000,0.000000,0.000000,0.000000,0.000000,0.000000,0.000000,0.000000,0.000000,0.000000,0.000000,0.000000,0.000000,0.000000,0.000000,0.000000,0.000000,0.000000,0.000000,0.000000,0.000000,0.000000,1000.000184,1000.000241,1000.000296,1000.000344,1000.000392,1000.000438,1000.000482,1000.000521,1000.000555,1000.000584,1000.000607,1000.000623,1000.000634,1000.000641,1000.000643,1000.000642,1000.000640,1000.000639,1000.000638,1000.000638,1000.000637,1000.000636,1000.000636,1000.000636,1000.000636,1000.000636,1000.000637,1000.000638,1000.000638,1000.000639,1000.000640,1000.000642,1000.000643,1000.000641,1000.000634,1000.000623,1000.000607,1000.000584,1000.000555,1000.000521,1000.000482,1000.000438,1000.000392,1000.000344,1000.000296,1000.000241,1000.000184,0.000000,0.000000,0.000000,0.000000,0.000000,0.000000,0.000000,0.000000,0.000000,0.000000,0.000000,0.000000,0.000000,0.000000,0.000000,0.000000,0.000000,0.000000,0.000000,0.000000,0.000000,0.000000,0.000000,0.000000,0.000000,0.000000,0.000000,0.000000
0.000000,0.000000,0.000000,0.000000,0.000000,0.000000,0.000000,0.000000,0.000000,0.000000,0.000000,0.000000,0.000000,0.000000,0.000000,0.000000,0.000000,0.000000,0.000000,0.000000,0.000000,0.000000,0.000000,0.000000,0.000000,0.000000,1000.000174,1000.000236,1000.000294,1000.000346,1000.000397,1000.000447,1000.000495,1000.000540,1000.000579,1000.000610,1000.000630,1000.000643,1000.000648,1000.000647,1000.000643,1000.000634,1000.000621,1000.000609,1000.000601,1000.000595,1000.000592,1000.000590,1000.000588,1000.000587,1000.000587,1000.000586,1000.000587,1000.000587,1000.000588,1000.000590,1000.000592,1000.000595,1000.000601,1000.000609,1000.000621,1000.000634,1000.000643,1000.000647,1000.000648,1000.000643,1000.000630,1000.000610,1000.000579,1000.000540,1000.000495,1000.000447,1000.000397,1000.000346,1000.000294,1000.000236,1000.000174,0.000000,0.000000,0.000000,0.000000,0.000000,0.000000,0.000000,0.000000,0.000000,0.000000,0.000000,0.000000,0.000000,0.000000,0.000000,0.000000,0.000000,0.000000,0.000000,0.000000,0.000000,0.000000,0.000000,0.000000,0.000000,0.000000
0.000000,0.000000,0.000000,0.000000,0.000000,0.000000,0.000000,0.000000,0.000000,0.000000,0.000000,0.000000,0.000000,0.000000,0.000000,0.000000,0.000000,0.000000,0.000000,0.000000,0.000000,0.000000,0.000000,0.000000,1000.000150,1000.000218,1000.000282,1000.000338,1000.000393,1000.000446,1000.000498,1000.000546,1000.000587,1000.000620,1000.000641,1000.000649,1000.000648,1000.000639,1000.000626,1000.000610,1000.000596,1000.000580,1000.000563,1000.000548,1000.000537,1000.000530,1000.000525,1000.000521,1000.000519,1000.000517,1000.000516,1000.000516,1000.000516,1000.000517,1000.000519,1000.000521,1000.000525,1000.000530,1000.000537,1000.000548,1000.000563,1000.000580,1000.000596,1000.000610,1000.000626,1000.000639,1000.000648,1000.000649,1000.000641,1000.000620,1000.000587,1000.000546,1000.000498,1000.000446,1000.000393,1000.000338,1000.000282,1000.000218,1000.000150,0.000000,0.000000,0.000000,0.000000,0.000000,0.000000,0.000000,0.000000,0.000000,0.000000,0.000000,0.000000,0.000000,0.000000,0.000000,0.000000,0.000000,0.000000,0.000000,0.000000,0.000000,0.000000,0.000000,0.000000
0.000000,0.000000,0.000000,0.000000,0.000000,0.000000,0.000000,0.000000,0.000000,0.000000,0.000000,0.000000,0.000000,0.000000,0.000000,0.000000,0.000000,0.000000,0.000000,0.000000,0.000000,0.000000,0.000000,1000.000181,1000.000255,1000.000317,1000.000379,1000.000437,1000.000493,1000.000545,1000.000589,1000.000623,1000.000644,1000.000651,1000.000644,1000.000628,1000.000609,1000.000588,1000.000567,1000.000547,1000.000529,1000.000513,1000.000498,1000.000484,1000.000473,1000.000465,1000.000459,1000.000454,1000.000450,1000.000448,1000.000447,1000.000446,1000.000447,1000.000448,1000.000450,1000.000454,1000.000459,1000.000465,1000.000473,1000.000484,1000.000498,1000.000513,1000.000529,1000.000547,1000.000567,1000.000588,1000.000609,1000.000628,1000.000644,1000.000651,1000.000644,1000.000623,1000.000589,1000.000545,1000.000493,1000.000437,1000.000379,1000.000317,1000.000255,1000.000181,0.000000,0.000000,0.000000,0.000000,0.000000,0.000000,0.000000,0.000000,0.000000,0.000000,0.000000,0.000000,0.000000,0.000000,0.000000,0.000000,0.000000,0.000000,0.000000,0.000000,0.000000,0.000000,0.000000
0.000000,0.000000,0.000000,0.000000,0.000000,0.000000,0.000000,0.000000,0.000000,0.000000,0.000000,0.000000,0.000000,0.000000,0.000000,0.000000,0.000000,0.000000,0.000000,0.000000,0.000000,1000.000134,1000.000209,1000.000283,1000.000348,1000.000413,1000.000477,1000.000535,1000.000584,1000.000621,1000.000644,1000.000651,1000.000644,1000.000625,1000.000600,1000.000573,1000.000547,1000.000524,1000.000503,1000.000483,1000.000465,1000.000449,1000.000434,1000.000421,1000.000410,1000.000401,1000.000394,1000.000389,1000.000385,1000.000382,1000.000380,1000.000380,1000.000380,1000.000382,1000.000385,1000.000389,1000.000394,1000.000401,1000.000410,1000.000421,1000.000434,1000.000449,1000.000465,1000.000483,1000.000503,1000.000524,1000.000547,1000.000573,1000.000600,1000.000625,1000.000644,1000.000651,1000.000644,1000.000621,1000.000584,1000.000535,1000.000477,1000.000413,1000.000348,1000.000283,1000.000209,1000.000134,0.000000,0.000000,0.000000,0.000000,0.000000,0.000000,0.000000,0.000000,0.000000,0.000000,0.000000,0.000000,0.000000,0.000000,0.000000,0.000000,0.000000,0.000000,0.000000,0.000000,0.000000
0.000000,0.000000,0.000000,0.000000,0.000000,0.000000,0.000000,0.000000,0.000000,0.000000,0.000000,0.000000,0.000000,0.000000,0.000000,0.000000,0.000000,0.000000,0.000000,0.000000,1000.000156,1000.000236,1000.000305,1000.000372,1000.000440,1000.000508,1000.000567,1000.000613,1000.000641,1000.000650,1000.000644,1000.000624,1000.000598,1000.000568,1000.000538,1000.000510,1000.000485,1000.000462,1000.000441,1000.000421,1000.000403,1000.000387,1000.000372,1000.000359,1000.000348,1000.000338,1000.000331,1000.000325,1000.000321,1000.000317,1000.000316,1000.000315,1000.000316,1000.000317,1000.000321,1000.000325,1000.000331,1000.000338,1000.000348,1000.000359,1000.000372,1000.000387,1000.000403,1000.000421,1000.000441,1000.000462,1000.000485,1000.000510,1000.000538,1000.000568,1000.000598,1000.000624,1000.000644,1000.000650,1000.000641,1000.000613,1000.000567,1000.000508,1000.000440,1000.000372,1000.000305,1000.000236,1000.000156,0.000000,0.000000,0.000000,0.000000,0.000000,0.000000,0.000000,0.000000,0.000000,0.000000,0.000000,0.000000,0.000000,0.000000,0.000000,0.000000,0.000000,0.000000,0.000000,0.000000
0.000000,0.000000,0.000000,0.000000,0.000000,0.000000,0.000000,0.000000,0.000000,0.000000,0.000000,0.000000,0.000000,0.000000,0.000000,0.000000,0.000000,0.000000,0.000000,1000.000173,1000.000255,1000.000326,1000.000395,1000.000463,1000.000529,1000.000588,1000.000630,1000.000648,1000.000644,1000.000626,1000.000599,1000.000568,1000.000536,1000.000505,1000.000476,1000.000450,1000.000425,1000.000402,1000.000380,1000.000360,1000.000342,1000.000326,1000.000311,1000.000298,1000.000287,1000.000277,1000.000269,1000.000263,1000.000258,1000.000255,1000.000253,1000.000252,1000.000253,1000.000255,1000.000258,1000.000263,1000.000269,1000.000277,1000.000287,1000.000298,1000.000311,1000.000326,1000.000342,1000.000360,1000.000380,1000.000402,1000.000425,1000.000450,1000.000476,1000.000505,1000.000536,1000.000568,1000.000599,1000.000626,1000.000644,1000.000648,1000.000630,1000.000588,1000.000529,1000.000463,1000.000395,1000.000326,1000.000255,1000.000173,0.000000,0.000000,0.000000,0.000000,0.000000,0.000000,0.000000,0.000000,0.000000,0.000000,0.000000,0.000000,0.000000,0.000000,0.000000,0.000000,0.000000,0.000000,0.000000
0.000000,0.000000,0.000000,0.000000,0.000000,0.000000,0.000000,0.000000,0.000000,0.000000,0.000000,0.000000,0.000000,0.000000,0.000000,0.000000,0.000000,0.000000,1000.000185,1000.000269,1000.000344,1000.000416,1000.000487,1000.000550,1000.000604,1000.000640,1000.000649,1000.000633,1000.000605,1000.000572,1000.000538,1000.000506,1000.000475,1000.000445,1000.000417,1000.000391,1000.000366,1000.000342,1000.000321,1000.000301,1000.000283,1000.000267,1000.000252,1000.000239,1000.000227,1000.000218,1000.000209,1000.000203,1000.000198,1000.000195,1000.000192,1000.000192,1000.000192,1000.000195,1000.000198,1000.000203,1000.000209,1000.000218,1000.000227,1000.000239,1000.000252,1000.000267,1000.000283,1000.000301,1000.000321,1000.000342,1000.000366,1000.000391,1000.000417,1000.000445,1000.000475,1000.000506,1000.000538,1000.000572,1000.000605,1000.000633,1000.000649,1000.000640,1000.000604,1000.000550,1000.000487,1000.000416,1000.000344,1000.000269,1000.000185,0.000000,0.000000,0.000000,0.000000,0.000000,0.000000,0.000000,0.000000,0.000000,0.000000,0.000000,0.000000,0.000000,0.000000,0.000000,0.000000,0.000000,0.000000
0.000000,0.000000,0.000000,0.000000,0.000000,0.000000,0.000000,0.000000,0.000000,0.000000,0.000000,0.000000,0.000000,0.000000,0.000000,0.000000,0.000000,1000.000190,1000.000278,1000.000355,1000.000430,1000.000505,1000.000571,1000.000619,1000.000646,1000.000648,1000.000625,1000.000588,1000.000550,1000.000513,1000.000479,1000.000447,1000.000417,1000.000387,1000.000359,1000.000332,1000.000308,1000.000285,1000.000263,1000.000243,1000.000225,1000.000209,1000.000194,1000.000181,1000.000169,1000.000159,1000.000151,1000.000145,1000.000139,1000.000136,1000.000134,1000.000133,1000.000134,1000.000136,1000.000139,1000.000145,1000.000151,1000.000159,1000.000169,1000.000181,1000.000194,1000.000209,1000.000225,1000.000243,1000.000263,1000.000285,1000.000308,1000.000332,1000.000359,1000.000387,1000.000417,1000.000447,1000.000479,1000.000513,1000.000550,1000.000588,1000.000625,1000.000648,1000.000646,1000.000619,1000.000571,1000.000505,1000.000430,1000.000355,1000.000278,1000.000190,0.000000,0.000000,0.000000,0.000000,0.000000,0.000000,0.000000,0.000000,0.000000,0.000000,0.000000,0.000000,0.000000,0.000000,0.000000,0.000000,0.000000
0.000000,0.000000,0.000000,0.000000,0.000000,0.000000,0.000000,0.000000,0.000000,0.000000,0.000000,0.000000,0.000000,0.000000,0.000000,0.000000,1000.000192,1000.000281,1000.000361,1000.000439,1000.000516,1000.000583,1000.000630,1000.000649,1000.000641,1000.000615,1000.000576,1000.000533,1000.000493,1000.000457,1000.000424,1000.000391,1000.000360,1000.000330,1000.000303,1000.000276,1000.000252,1000.000228,1000.000207,1000.000187,1000.000169,1000.000152,1000.000138,1000.000124,1000.000113,1000.000103,1000.000094,1000.000088,1000.000082,1000.000079,1000.000077,1000.000076,1000.000077,1000.000079,1000.000082,1000.000088,1000.000094,1000.000103,1000.000113,1000.000124,1000.000138,1000.000152,1000.000169,1000.000187,1000.000207,1000.000228,1000.000252,1000.000276,1000.000303,1000.000330,1000.000360,1000.000391,1000.000424,1000.000457,1000.000493,1000.000533,1000.000576,1000.000615,1000.000641,1000.000649,1000.000630,1000.000583,1000.000516,1000.000439,1000.000361,1000.000281,1000.000192,0.000000,0.000000,0.000000,0.000000,0.000000,0.000000,0.000000,0.000000,0.000000,0.000000,0.000000,0.000000,0.000000,0.000000,0.000000,0.000000
0.000000,0.000000,0.000000,0.000000,0.000000,0.000000,0.000000,0.000000,0.000000,0.000000,0.000000,0.000000,0.000000,0.000000,0.000000,1000.000190,1000.000281,1000.000362,1000.000442,1000.000521,1000.000589,1000.000636,1000.000649,1000.000632,1000.000600,1000.000561,1000.000519,1000.000477,1000.000440,1000.000404,1000.000369,1000.000336,1000.000305,1000.000276,1000.000248,1000.000222,1000.000197,1000.000174,1000.000152,1000.000132,1000.000114,1000.000098,1000.000083,1000.000069,1000.000058,1000.000048,1000.000039,1000.000033,1000.000027,1000.000023,1000.000021,1000.000020,1000.000021,1000.000023,1000.000027,1000.000033,1000.000039,1000.000048,1000.000058,1000.000069,1000.000083,1000.000098,1000.000114,1000.000132,1000.000152,1000.000174,1000.000197,1000.000222,1000.000248,1000.000276,1000.000305,1000.000336,1000.000369,1000.000404,1000.000440,1000.000477,1000.000519,1000.000561,1000.000600,1000.000632,1000.000649,1000.000636,1000.000589,1000.000521,1000.000442,1000.000362,1000.000281,1000.000190,0.000000,0.000000,0.000000,0.000000,0.000000,0.000000,0.000000,0.000000,0.000000,0.000000,0.000000,0.000000,0.000000,0.000000,0.000000
0.000000,0.000000,0.000000,0.000000,0.000000,0.000000,0.000000,0.000000,0.000000,0.000000,0.000000,0.000000,0.000000,0.000000,1000.000185,1000.000278,1000.000361,1000.000442,1000.000522,1000.000591,1000.000638,1000.000649,1000.000628,1000.000590,1000.000546,1000.000504,1000.000463,1000.000425,1000.000387,1000.000350,1000.000316,1000.000283,1000.000252,1000.000223,1000.000195,1000.000168,1000.000144,1000.000121,1000.000099,1000.000079,1000.000061,1000.000044,1000.000030,1000.000016,1000.000005,999.999994,999.999986,999.999979,999.999974,999.999970,999.999968,999.999967,999.999968,999.999970,999.999974,999.999979,999.999986,999.999994,1000.000005,1000.000016,1000.000030,1000.000044,1000.000061,1000.000079,1000.000099,1000.000121,1000.000144,1000.000168,1000.000195,1000.000223,1000.000252,1000.000283,1000.000316,1000.000350,1000.000387,1000.000425,1000.000463,1000.000504,1000.000546,1000.000590,1000.000628,1000.000649,1000.000638,1000.000591,1000.000522,1000.000442,1000.000361,1000.000278,1000.000185,0.000000,0.000000,0.000000,0.000000,0.000000,0.000000,0.000000,0.000000,0.000000,0.000000,0.000000,0.000000,0.000000,0.000000
0.000000,0.000000,0.000000,0.000000,0.000000,0.000000,0.000000,0.000000,0.000000,0.000000,0.000000,0.000000,0.000000,1000.000173,1000.000269,1000.000355,1000.000439,1000.000521,1000.000591,1000.000639,1000.000649,1000.000626,1000.000585,1000.000538,1000.000493,1000.000452,1000.000412,1000.000373,1000.000335,1000.000299,1000.000264,1000.000232,1000.000200,1000.000171,1000.000143,1000.000117,1000.000092,1000.000069,1000.000047,1000.000028,1000.000009,999.999993,999.999978,999.999965,999.999953,999.999943,999.999934,999.999927,999.999922,999.999918,999.999915,999.999915,999.999915,999.999918,999.999922,999.999927,999.999934,999.999943,999.999953,999.999965,999.999978,999.999993,1000.000009,1000.000028,1000.000047,1000.000069,1000.000092,1000.000117,1000.000143,1000.000171,1000.000200,1000.000232,1000.000264,1000.000299,1000.000335,1000.000373,1000.000412,1000.000452,1000.000493,1000.000538,1000.000585,1000.000626,1000.000649,1000.000639,1000.000591,1000.000521,1000.000439,1000.000355,1000.000269,1000.000173,0.000000,0.000000,0.000000,0.000000,0.000000,0.000000,0.000000,0.000000,0.000000,0.000000,0.000000,0.000000,0.000000
0.000000,0.000000,0.000000,0.000000,0.000000,0.000000,0.000000,0.000000,0.000000,0.000000,0.000000,0.000000,1000.000156,1000.000255,1000.000344,1000.000430,1000.000516,1000.000589,1000.000638,1000.000649,1000.000626,1000.000583,1000.000535,1000.000487,1000.000444,1000.000402,1000.000361,1000.000322,1000.000285,1000.000249,1000.000214,1000.000181,1000.000150,1000.000121,1000.000093,1000.000067,1000.000042,1000.000019,999.999997,999.999978,999.999959,999.999943,999.999928,999.999914,999.999903,999.999892,999.999884,999.999877,999.999871,999.999867,999.999865,999.999864,999.999865,999.999867,999.999871,999.999877,999.999884,999.999892,999.999903,999.999914,999.999928,999.999943,999.999959,999.999978,999.999997,1000.000019,1000.000042,1000.000067,1000.000093,1000.000121,1000.000150,1000.000181,1000.000214,1000.000249,1000.000285,1000.000322,1000.000361,1000.000402,1000.000444,1000.000487,1000.000535,1000.000583,1000.000626,1000.000649,1000.000638,1000.000589,1000.000516,1000.000430,1000.000344,1000.000255,1000.000156,0.000000,0.000000,0.000000,0.000000,0.000000,0.000000,0.000000,0.000000,0.000000,0.000000,0.000000,0.000000
0.000000,0.000000,0.000000,0.000000,0.000000,0.000000,0.000000,0.000000,0.000000,0.000000,0.000000,1000.000134,1000.000236,1000.000326,1000.000416,1000.000505,1000.000583,1000.000636,1000.000649,1000.000626,1000.000583,1000.000533,1000.000484,1000.000439,1000.000396,1000.000353,1000.000312,1000.000274,1000.000236,1000.000200,1000.000166,1000.000133,1000.000102,1000.000072,1000.000044,1000.000018,999.999993,999.999970,999.999949,999.999929,999.999911,999.999894,999.999879,999.999866,999.999854,999.999844,999.999835,999.999828,999.999823,999.999819,999.999816,999.999816,999.999816,999.999819,999.999823,999.999828,999.999835,999.999844,999.999854,999.999866,999.999879,999.999894,999.999911,999.999929,999.999949,999.999970,999.999993,1000.000018,1000.000044,1000.000072,1000.000102,1000.000133,1000.000166,1000.000200,1000.000236,1000.000274,1000.000312,1000.000353,1000.000396,1000.000439,1000.000484,1000.000533,1000.000583,1000.000626,1000.000649,1000.000636,1000.000583,1000.000505,1000.000416,1000.000326,1000.000236,1000.000134,0.000000,0.000000,0.000000,0.000000,0.000000,0.000000,0.000000,0.000000,0.000000,0.000000,0.000000
0.000000,0.000000,0.000000,0.000000,0.000000,0.000000,0.000000,0.000000,0.000000,0.000000,0.000000,1000.000209,1000.000305,1000.000395,1000.000487,1000.000571,1000.000630,1000.000649,1000.000628,1000.000585,1000.000535,1000.000484,1000.000438,1000.000393,1000.000349,1000.000306,1000.000266,1000.000227,1000.000189,1000.000153,1000.000119,1000.000086,1000.000055,1000.000025,999.999998,999.999971,999.999947,999.999924,999.999902,999.999882,999.999864,999.999847,999.999832,999.999819,999.999807,999.999797,999.999788,999.999781,999.999776,999.999772,999.999769,999.999768,999.999769,999.999772,999.999776,999.999781,999.999788,999.999797,999.999807,999.999819,999.999832,999.999847,999.999864,999.999882,999.999902,999.999924,999.999947,999.999971,999.999998,1000.000025,1000.000055,1000.000086,1000.000119,1000.000153,1000.000189,1000.000227,1000.000266,1000.000306,1000.000349,1000.000393,1000.000438,1000.000484,1000.000535,1000.000585,1000.000628,1000.000649,1000.000630,1000.000571,1000.000487,1000.000395,1000.000305,1000.000209,0.000000,0.000000,0.000000,0.000000,0.000000,0.000000,0.000000,0.000000,0.000000,0.000000,0.000000
0.000000,0.000000,0.000000,0.000000,0.000000,0.000000,0.000000,0.000000,0.000000,0.000000,1000.000181,1000.000283,1000.000372,1000.000463,1000.000550,1000.000619,1000.000649,1000.000632,1000.000590,1000.000538,1000.000487,1000.000439,1000.000393,1000.000347,1000.000303,1000.000261,1000.000220,1000.000181,1000.000144,1000.000108,1000.000073,1000.000041,1000.000010,999.999980,999.999952,999.999926,999.999901,999.999878,999.999857,999.999837,999.999819,999.999802,999.999787,999.999773,999.999762,999.999751,999.999743,999.999736,999.999730,999.999726,999.999724,999.999723,999.999724,999.999726,999.999730,999.999736,999.999743,999.999751,999.999762,999.999773,999.999787,999.999802,999.999819,999.999837,999.999857,999.999878,999.999901,999.999926,999.999952,999.999980,1000.000010,1000.000041,1000.000073,1000.000108,1000.000144,1000.000181,1000.000220,1000.000261,1000.000303,1000.000347,1000.000393,1000.000439,1000.000487,1000.000538,1000.000590,1000.000632,1000.000649,1000.000619,1000.000550,1000.000463,1000.000372,1000.000283,1000.000181,0.000000,0.000000,0.000000,0.000000,0.000000,0.000000,0.000000,0.000000,0.000000,0.000000
0.000000,0.000000,0.000000,0.000000,0.000000,0.000000,0.000000,0.000000,0.000000,1000.000150,1000.000255,1000.000348,1000.000440,1000.000529,1000.000604,1000.000646,1000.000641,1000.000600,1000.000546,1000.000493,1000.000444,1000.000396,1000.000349,1000.000303,1000.000259,1000.000217,1000.000176,1000.000137,1000.000100,1000.000064,1000.000030,999.999997,999.999966,999.999936,999.999908,999.999882,999.999858,999.999834,999.999813,999.999793,999.999775,999.999758,999.999743,999.999730,999.999718,999.999707,999.999699,999.999692,999.999686,999.999682,999.999680,999.999679,999.999680,999.999682,999.999686,999.999692,999.999699,999.999707,999.999718,999.999730,999.999743,999.999758,999.999775,999.999793,999.999813,999.999834,999.999858,999.999882,999.999908,999.999936,999.999966,999.999997,1000.000030,1000.000064,1000.000100,1000.000137,1000.000176,1000.000217,1000.000259,1000.000303,1000.000349,1000.000396,1000.000444,1000.000493,1000.000546,1000.000600,1000.000641,1000.000646,1000.000604,1000.000529,1000.000440,1000.000348,1000.000255,1000.000150,0.000000,0.000000,0.000000,0.000000,0.000000,0.000000,0.000000,0.000000,0.000000
0.000000,0.000000,0.000000,0.000000,0.000000,0.000000,0.000000,0.000000,0.000000,1000.000218,1000.000317,1000.000413,1000.000508,1000.000588,1000.000640,1000.000648,1000.000615,1000.000561,1000.000504,1000.000452,1000.000402,1000.000353,1000.000306,1000.000261,1000.000217,1000.000175,1000.000134,1000.000095,1000.000058,1000.000022,999.999987,999.999955,999.999924,999.999894,999.999866,999.999840,999.999815,999.999792,999.999771,999.999751,999.999733,999.999716,999.999701,999.999687,999.999676,999.999665,999.999657,999.999649,999.999644,999.999640,999.999638,999.999637,999.999638,999.999640,999.999644,999.999649,999.999657,999.999665,999.999676,999.999687,999.999701,999.999716,999.999733,999.999751,999.999771,999.999792,999.999815,999.999840,999.999866,999.999894,999.999924,999.999955,999.999987,1000.000022,1000.000058,1000.000095,1000.000134,1000.000175,1000.000217,1000.000261,1000.000306,1000.000353,1000.000402,1000.000452,1000.000504,1000.000561,1000.000615,1000.000648,1000.000640,1000.000588,1000.000508,1000.000413,1000.000317,1000.000218,0.000000,0.000000,0.000000,0.000000,0.000000,0.000000,0.000000,0.000000,0.000000
0.000000,0.000000,0.000000,0.000000,0.000000,0.000000,0.000000,0.000000,1000.000174,1000.000282,1000.000379,1000.000477,1000.000567,1000.000630,1000.000649,1000.000625,1000.000576,1000.000519,1000.000463,1000.000412,1000.000361,1000.000312,1000.000266,1000.000220,1000.000176,1000.000134,1000.000094,1000.000055,1000.000017,999.999981,999.999947,999.999914,999.999883,999.999854,999.999826,999.999799,999.999775,999.999752,999.999730,999.999710,999.999692,999.999675,999.999660,999.999647,999.999635,999.999625,999.999616,999.999609,999.999603,999.999599,999.999597,999.999596,999.999597,999.999599,999.999603,999.999609,999.999616,999.999625,999.999635,999.999647,999.999660,999.999675,999.999692,999.999710,999.999730,999.999752,999.999775,999.999799,999.999826,999.999854,999.999883,999.999914,999.999947,999.999981,1000.000017,1000.000055,1000.000094,1000.000134,1000.000176,1000.000220,1000.000266,1000.000312,1000.000361,1000.000412,1000.000463,1000.000519,1000.000576,1000.000625,1000.000649,1000.000630,1000.000567,1000.000477,1000.000379,1000.000282,1000.000174,0.000000,0.000000,0.000000,0.000000,0.000000,0.000000,0.000000,0.000000
0.000000,0.000000,0.000000,0.000000,0.000000,0.000000,0.000000,0.000000,1000.000236,1000.000338,1000.000437,1000.000535,1000.000613,1000.000648,1000.000633,1000.000588,1000.000533,1000.000477,1000.000425,1000.000373,1000.000322,1000.000274,1000.000227,1000.000181,1000.000137,1000.000095,1000.000055,1000.000015,999.999978,999.999942,999.999908,999.999875,999.999844,999.999815,999.999787,999.999760,999.999736,999.999713,999.999691,999.999671,999.999653,999.999636,999.999621,999.999608,999.999596,999.999586,999.999577,999.999570,999.999564,999.999560,999.999558,999.999557,999.999558,999.999560,999.999564,999.999570,999.999577,999.999586,999.999596,999.999608,999.999621,999.999636,999.999653,999.999671,999.999691,999.999713,999.999736,999.999760,999.999787,999.999815,999.999844,999.999875,999.999908,999.999942,999.999978,1000.000015,1000.000055,1000.000095,1000.000137,1000.000181,1000.000227,1000.000274,1000.000322,1000.000373,1000.000425,1000.000477,1000.000533,1000.000588,1000.000633,1000.000648,1000.000613,1000.000535,1000.000437,1000.000338,1000.000236,0.000000,0.000000,0.000000,0.000000,0.000000,0.000000,0.000000,0.000000
0.000000,0.000000,0.000000,0.000000,0.000000,0.000000,0.000000,1000.000184,1000.000294,1000.000393,1000.000493,1000.000584,1000.000641,1000.000644,1000.000605,1000.000550,1000.000493,1000.000440,1000.000387,1000.000335,1000.000285,1000.000236,1000.000189,1000.000144,1000.000100,1000.000058,1000.000017,999.999978,999.999941,999.999905,999.999870,999.999838,999.999807,999.999777,999.999749,999.999723,999.999698,999.999675,999.999654,999.999634,999.999616,999.999599,999.999584,999.999570,999.999558,999.999548,999.999539,999.999532,999.999527,999.999523,999.999520,999.999520,999.999520,999.999523,999.999527,999.999532,999.999539,999.999548,999.999558,999.999570,999.999584,999.999599,999.999616,999.999634,999.999654,999.999675,999.999698,999.999723,999.999749,999.999777,999.999807,999.999838,999.999870,999.999905,999.999941,999.999978,1000.000017,1000.000058,1000.000100,1000.000144,1000.000189,1000.000236,1000.000285,1000.000335,1000.000387,1000.000440,1000.000493,1000.000550,1000.000605,1000.000644,1000.000641,1000.000584,1000.000493,1000.000393,1000.000294,1000.000184,0.000000,0.000000,0.000000,0.000000,0.000000,0.000000,0.000000
0.000000,0.000000,0.000000,0.000000,0.000000,0.000000,0.000000,1000.000241,1000.000346,1000.000446,1000.000545,1000.000621,1000.000650,1000.000626,1000.000572,1000.000513,1000.000457,1000.000404,1000.000350,1000.000299,1000.000249,1000.000200,1000.000153,1000.000108,1000.000064,1000.000022,999.999981,999.999942,999.999905,999.999869,999.999835,999.999802,999.999771,999.999741,999.999714,999.999687,999.999663,999.999639,999.999618,999.999598,999.999580,999.999563,999.999548,999.999534,999.999523,999.999512,999.999504,999.999496,999.999491,999.999487,999.999484,999.999484,999.999484,999.999487,999.999491,999.999496,999.999504,999.999512,999.999523,999.999534,999.999548,999.999563,999.999580,999.999598,999.999618,999.999639,999.999663,999.999687,999.999714,999.999741,999.999771,999.999802,999.999835,999.999869,999.999905,999.999942,999.999981,1000.000022,1000.000064,1000.000108,1000.000153,1000.000200,1000.000249,1000.000299,1000.000350,1000.000404,1000.000457,1000.000513,1000.000572,1000.000626,1000.000650,1000.000621,1000.000545,1000.000446,1000.000346,1000.000241,0.000000,0.000000,0.000000,0.000000,0.000000,0.000000,0.000000
0.000000,0.000000,0.000000,0.000000,0.000000,0.000000,1000.000185,1000.000296,1000.000397,1000.000498,1000.000589,1000.000644,1000.000644,1000.000599,1000.000538,1000.000479,1000.000424,1000.000369,1000.000316,1000.000264,1000.000214,1000.000166,1000.000119,1000.000073,1000.000030,999.999987,999.999947,999.999908,999.999870,999.999835,999.999800,999.999768,999.999737,999.999707,999.999679,999.999653,999.999628,999.999605,999.999584,999.999564,999.999546,999.999529,999.999514,999.999500,999.999488,999.999478,999.999469,999.999462,999.999457,999.999453,999.999450,999.999449,999.999450,999.999453,999.999457,999.999462,999.999469,999.999478,999.999488,999.999500,999.999514,999.999529,999.999546,999.999564,999.999584,999.999605,999.999628,999.999653,999.999679,999.999707,999.999737,999.999768,999.999800,999.999835,999.999870,999.999908,999.999947,999.999987,1000.000030,1000.000073,1000.000119,1000.000166,1000.000214,1000.000264,1000.000316,1000.000369,1000.000424,1000.000479,1000.000538,1000.000599,1000.000644,1000.000644,1000.000589,1000.000498,1000.000397,1000.000296,1000.000185,0.000000,0.000000,0.000000,0.000000,0.000000,0.000000
0.000000,0.000000,0.000000,0.000000,0.000000,0.000000,1000.000238,1000.000344,1000.000447,1000.000546,1000.000623,1000.000651,1000.000624,1000.000568,1000.000506,1000.000447,1000.000391,1000.000336,1000.000283,1000.000232,1000.000181,1000.000133,1000.000086,1000.000041,999.999997,999.999955,999.999914,999.999875,999.999838,999.999802,999.999768,999.999735,999.999704,999.999675,999.999647,999.999620,999.999596,999.999573,999.999551,999.999531,999.999513,999.999496,999.999481,999.999468,999.999456,999.999445,999.999437,999.999429,999.999424,999.999420,999.999418,999.999417,999.999418,999.999420,999.999424,999.999429,999.999437,999.999445,999.999456,999.999468,999.999481,999.999496,999.999513,999.999531,999.999551,999.999573,999.999596,999.999620,999.999647,999.999675,999.999704,999.999735,999.999768,999.999802,999.999838,999.999875,999.999914,999.999955,999.999997,1000.000041,1000.000086,1000.000133,1000.000181,1000.000232,1000.000283,1000.000336,1000.000391,1000.000447,1000.000506,1000.000568,1000.000624,1000.000651,1000.000623,1000.000546,1000.000447,1000.000344,1000.000238,0.000000,0.000000,0.000000,0.000000,0.000000,0.000000
0.000000,0.000000,0.000000,0.000000,0.000000,1000.000176,1000.000289,1000.000392,1000.000495,1000.000587,1000.000644,1000.000644,1000.000598,1000.000536,1000.000475,1000.000417,1000.000360,1000.000305,1000.000252,1000.000200,1000.000150,1000.000102,1000.000055,1000.000010,999.999966,999.999924,999.999883,999.999844,999.999807,999.999771,999.999737,999.999704,999.999673,999.999643,999.999616,999.999589,999.999565,999.999542,999.999520,999.999500,999.999482,999.999465,999.999450,999.999437,999.999425,999.999414,999.999406,999.999398,999.999393,999.999389,999.999386,999.999386,999.999386,999.999389,999.999393,999.999398,999.999406,999.999414,999.999425,999.999437,999.999450,999.999465,999.999482,999.999500,999.999520,999.999542,999.999565,999.999589,999.999616,999.999643,999.999673,999.999704,999.999737,999.999771,999.999807,999.999844,999.999883,999.999924,999.999966,1000.000010,1000.000055,1000.000102,1000.000150,1000.000200,1000.000252,1000.000305,1000.000360,1000.000417,1000.000475,1000.000536,1000.000598,1000.000644,1000.000644,1000.000587,1000.000495,1000.000392,1000.000289,1000.000176,0.000000,0.000000,0.000000,0.000000,0.000000
0.000000,0.000000,0.000000,0.000000,0.000000,1000.000224,1000.000333,1000.000438,1000.000540,1000.000620,1000.000651,1000.000625,1000.000568,1000.000505,1000.000445,1000.000387,1000.000330,1000.000276,1000.000223,1000.000171,1000.000121,1000.000072,1000.000025,999.999980,999.999936,999.999894,999.999854,999.999815,999.999777,999.999741,999.999707,999.999675,999.999643,999.999614,999.999586,999.999560,999.999535,999.999512,999.999491,999.999471,999.999452,999.999436,999.999421,999.999407,999.999395,999.999385,999.999376,999.999369,999.999363,999.999359,999.999357,999.999356,999.999357,999.999359,999.999363,999.999369,999.999376,999.999385,999.999395,999.999407,999.999421,999.999436,999.999452,999.999471,999.999491,999.999512,999.999535,999.999560,999.999586,999.999614,999.999643,999.999675,999.999707,999.999741,999.999777,999.999815,999.999854,999.999894,999.999936,999.999980,1000.000025,1000.000072,1000.000121,1000.000171,1000.000223,1000.000276,1000.000330,1000.000387,1000.000445,1000.000505,1000.000568,1000.000625,1000.000651,1000.000620,1000.000540,1000.000438,1000.000333,1000.000224,0.000000,0.000000,0.000000,0.000000,0.000000
0.000000,0.000000,0.000000,0.000000,1000.000154,1000.000269,1000.000375,1000.000482,1000.000579,1000.000641,1000.000644,1000.000600,1000.000538,1000.000476,1000.000417,1000.000359,1000.000303,1000.000248,1000.000195,1000.000143,1000.000093,1000.000044,999.999998,999.999952,999.999908,999.999866,999.999826,999.999787,999.999749,999.999714,999.999679,999.999647,999.999616,999.999586,999.999558,999.999532,999.999507,999.999484,999.999463,999.999443,999.999425,999.999408,999.999393,999.999379,999.999367,999.999357,999.999348,999.999341,999.999335,999.999331,999.999329,999.999328,999.999329,999.999331,999.999335,999.999341,999.999348,999.999357,999.999367,999.999379,999.999393,999.999408,999.999425,999.999443,999.999463,999.999484,999.999507,999.999532,999.999558,999.999586,999.999616,999.999647,999.999679,999.999714,999.999749,999.999787,999.999826,999.999866,999.999908,999.999952,999.999998,1000.000044,1000.000093,1000.000143,1000.000195,1000.000248,1000.000303,1000.000359,1000.000417,1000.000476,1000.000538,1000.000600,1000.000644,1000.000641,1000.000579,1000.000482,1000.000375,1000.000269,1000.000154,0.000000,0.000000,0.000000,0.000000
0.000000,0.000000,0.000000,0.000000,1000.000197,1000.000307,1000.000413,1000.000521,1000.000610,1000.000649,1000.000628,1000.000573,1000.000510,1000.000450,1000.000391,1000.000332,1000.000276,1000.000222,1000.000168,1000.000117,1000.000067,1000.000018,999.999971,999.999926,999.999882,999.999840,999.999799,999.999760,999.999723,999.999687,999.999653,999.999620,999.999589,999.999560,999.999532,999.999506,999.999481,999.999458,999.999436,999.999417,999.999398,999.999382,999.999366,999.999353,999.999341,999.999331,999.999322,999.999315,999.999309,999.999305,999.999303,999.999302,999.999303,999.999305,999.999309,999.999315,999.999322,999.999331,999.999341,999.999353,999.999366,999.999382,999.999398,999.999417,999.999436,999.999458,999.999481,999.999506,999.999532,999.999560,999.999589,999.999620,999.999653,999.999687,999.999723,999.999760,999.999799,999.999840,999.999882,999.999926,999.999971,1000.000018,1000.000067,1000.000117,1000.000168,1000.000222,1000.000276,1000.000332,1000.000391,1000.000450,1000.000510,1000.000573,1000.000628,1000.000649,1000.000610,1000.000521,1000.000413,1000.000307,1000.000197,0.000000,0.000000,0.000000,0.000000
