0.000000,0.000000,0.000000,0.000000,0.000000,0.000000,0.000000,0.000000,0.000000,0.000000,0.000000,0.000000,0.000000,0.000000,0.000000,0.000000,0.000000,0.000000,0.000000,0.000000,0.000000,0.000000,0.000000,0.000000,0.000000,0.000000,0.000000,0.000000,0.000000,0.000000,0.000000,0.000000,0.000000,0.000000,0.000000,0.000000,0.000000,0.000000,0.000000,0.000000,0.000000,0.000000,0.000000,0.000000,0.000000,0.000000,0.000000,0.000000,0.000000,0.000000,0.000000,0.000000,0.000000,0.000000,0.000000,0.000000,0.000000,0.000000,0.000000,0.000000,0.000000,0.000000,0.000000,0.000000,0.000000,0.000000,0.000000,0.000000,0.000000,0.000000,0.000000,0.000000,0.000000,0.000000,0.000000,0.000000,0.000000,0.000000,0.000000,0.000000,0.000000,0.000000,0.000000,0.000000,0.000000,0.000000,0.000000,0.000000,0.000000,0.000000,0.000000,0.000000,0.000000,0.000000,0.000000,0.000000,0.000000,0.000000,0.000000,0.000000,0.000000,0.000000,0.000000
0.000000,0.000000,0.000000,0.000000,0.000000,0.000000,0.000000,0.000000,0.000000,0.000000,0.000000,0.000000,0.000000,0.000000,0.000000,0.000000,0.000000,0.000000,0.000000,0.000000,0.000000,0.000000,0.000000,0.000000,0.000000,0.000000,0.000000,0.000000,0.000000,0.000000,0.000000,0.000000,0.000000,0.000000,0.000000,0.000000,0.000000,0.000000,0.000000,0.000000,0.000000,0.000000,0.000000,0.000000,0.000000,0.000000,0.000000,0.000000,0.000000,0.000000,0.000000,999.998890,0.000000,0.000000,0.000000,0.000000,0.000000,0.000000,0.000000,0.000000,0.000000,0.000000,0.000000,0.000000,0.000000,0.000000,0.000000,0.000000,0.000000,0.000000,0.000000,0.000000,0.000000,0.000000,0.000000,0.000000,0.000000,0.000000,0.000000,0.000000,0.000000,0.000000,0.000000,0.000000,0.000000,0.000000,0.000000,0.000000,0.000000,0.000000,0.000000,0.000000,0.000000,0.000000,0.000000,0.000000,0.000000,0.000000,0.000000,0.000000,0.000000,0.000000,0.000000
0.000000,0.000000,0.000000,0.000000,0.000000,0.000000,0.000000,0.000000,0.000000,0.000000,0.000000,0.000000,0.000000,0.000000,0.000000,0.000000,0.000000,0.000000,0.000000,0.000000,0.000000,0.000000,0.000000,0.000000,0.000000,0.000000,0.000000,0.000000,0.000000,0.000000,0.000000,0.000000,0.000000,0.000000,0.000000,0.000000,0.000000,0.000000,0.000000,0.000000,0.000000,0.000000,999.997001,999.994664,999.994649,999.995206,999.995769,999.996349,999.997004,999.997960,999.998744,999.998875,999.999024,999.999738,1000.000585,1000.001072,1000.001499,1000.001872,1000.002180,1000.002137,1000.000487,0.000000,0.000000,0.000000,0.000000,0.000000,0.000000,0.000000,0.000000,0.000000,0.000000,0.000000,0.000000,0.000000,0.000000,0.000000,0.000000,0.000000,0.000000,0.000000,0.000000,0.000000,0.000000,0.000000,0.000000,0.000000,0.000000,0.000000,0.000000,0.000000,0.000000,0.000000,0.000000,0.000000,0.000000,0.000000,0.000000,0.000000,0.000000,0.000000,0.000000,0.000000,0.000000
0.000000,0.000000,0.000000,0.000000,0.000000,0.000000,0.000000,0.000000,0.000000,0.000000,0.000000,0.000000,0.000000,0.000000,0.000000,0.000000,0.000000,0.000000,0.000000,0.000000,0.000000,0.000000,0.000000,0.000000,0.000000,0.000000,0.000000,0.000000,0.000000,0.000000,0.000000,0.000000,0.000000,0.000000,0.000000,0.000000,0.000000,999.993354,999.991087,999.990961,999.992091,999.993828,999.996282,999.995682,999.995319,999.995472,999.995945,999.996486,999.997077,999.997667,999.998561,999.998770,999.998957,999.999774,1000.000312,1000.000738,1000.001174,1000.001486,1000.001610,1000.001330,1000.000958,1000.002516,1000.003585,1000.004165,1000.003984,1000.002684,0.000000,0.000000,0.000000,0.000000,0.000000,0.000000,0.000000,0.000000,0.000000,0.000000,0.000000,0.000000,0.000000,0.000000,0.000000,0.000000,0.000000,0.000000,0.000000,0.000000,0.000000,0.000000,0.000000,0.000000,0.000000,0.000000,0.000000,0.000000,0.000000,0.000000,0.000000,0.000000,0.000000,0.000000,0.000000,0.000000,0.000000
0.000000,0.000000,0.000000,0.000000,0.000000,0.000000,0.000000,0.000000,0.000000,0.000000,0.000000,0.000000,0.000000,0.000000,0.000000,0.000000,0.000000,0.000000,0.000000,0.000000,0.000000,0.000000,0.000000,0.000000,0.000000,0.000000,0.000000,0.000000,0.000000,0.000000,0.000000,0.000000,0.000000,0.000000,999.991193,999.989535,999.990475,999.992774,999.992379,999.992153,999.992536,999.994026,999.994892,999.995110,999.995385,999.995656,999.996069,999.996535,999.997132,999.997646,999.998199,999.998694,999.999138,999.999635,1000.000092,1000.000556,1000.000932,1000.001197,1000.001428,1000.001595,1000.001731,1000.002240,1000.003171,1000.003357,1000.003212,1000.002932,1000.004140,1000.004571,1000.003738,0.000000,0.000000,0.000000,0.000000,0.000000,0.000000,0.000000,0.000000,0.000000,0.000000,0.000000,0.000000,0.000000,0.000000,0.000000,0.000000,0.000000,0.000000,0.000000,0.000000,0.000000,0.000000,0.000000,0.000000,0.000000,0.000000,0.000000,0.000000,0.000000,0.000000,0.000000,0.000000,0.000000,0.000000
0.000000,0.000000,0.000000,0.000000,0.000000,0.000000,0.000000,0.000000,0.000000,0.000000,0.000000,0.000000,0.000000,0.000000,0.000000,0.000000,0.000000,0.000000,0.000000,0.000000,0.000000,0.000000,0.000000,0.000000,0.000000,0.000000,0.000000,0.000000,0.000000,0.000000,0.000000,0.000000,999.990468,999.989024,999.990900,999.990740,999.991376,999.991889,999.992087,999.992505,999.993024,999.993752,999.994283,999.994900,999.995311,999.995694,999.996080,999.996568,999.997080,999.997611,999.998077,999.998582,999.999064,999.999521,999.999963,1000.000402,1000.000764,1000.001092,1000.001333,1000.001575,1000.001976,1000.002279,1000.002751,1000.003020,1000.003247,1000.003323,1000.003554,1000.003879,1000.003777,1000.004666,1000.003883,0.000000,0.000000,0.000000,0.000000,0.000000,0.000000,0.000000,0.000000,0.000000,0.000000,0.000000,0.000000,0.000000,0.000000,0.000000,0.000000,0.000000,0.000000,0.000000,0.000000,0.000000,0.000000,0.000000,0.000000,0.000000,0.000000,0.000000,0.000000,0.000000,0.000000,0.000000,0.000000
0.000000,0.000000,0.000000,0.000000,0.000000,0.000000,0.000000,0.000000,0.000000,0.000000,0.000000,0.000000,0.000000,0.000000,0.000000,0.000000,0.000000,0.000000,0.000000,0.000000,0.000000,0.000000,0.000000,0.000000,0.000000,0.000000,0.000000,0.000000,0.000000,0.000000,999.988928,999.987512,999.989781,999.990310,999.990581,999.990732,999.991228,999.991585,999.992099,999.992588,999.993084,999.993638,999.994148,999.994713,999.995166,999.995609,999.996075,999.996548,999.997057,999.997534,999.998023,999.998495,999.998994,999.999439,999.999854,1000.000260,1000.000632,1000.000998,1000.001312,1000.001585,1000.001947,1000.002309,1000.002582,1000.002857,1000.003106,1000.003389,1000.003539,1000.003779,1000.003815,1000.003938,1000.004187,1000.005163,1000.004545,0.000000,0.000000,0.000000,0.000000,0.000000,0.000000,0.000000,0.000000,0.000000,0.000000,0.000000,0.000000,0.000000,0.000000,0.000000,0.000000,0.000000,0.000000,0.000000,0.000000,0.000000,0.000000,0.000000,0.000000,0.000000,0.000000,0.000000,0.000000,0.000000,0.000000
0.000000,0.000000,0.000000,0.000000,0.000000,0.000000,0.000000,0.000000,0.000000,0.000000,0.000000,0.000000,0.000000,0.000000,0.000000,0.000000,0.000000,0.000000,0.000000,0.000000,0.000000,0.000000,0.000000,0.000000,0.000000,0.000000,0.000000,0.000000,999.987403,999.986090,999.988331,999.989071,999.989455,999.989824,999.990161,999.990718,999.991133,999.991545,999.992050,999.992510,999.993016,999.993524,999.994052,999.994590,999.995065,999.995541,999.996036,999.996525,999.996986,999.997501,999.997977,999.998469,999.998922,999.999359,999.999768,1000.000191,1000.000564,1000.000911,1000.001249,1000.001595,1000.001930,1000.002250,1000.002516,1000.002819,1000.003077,1000.003341,1000.003519,1000.003717,1000.003949,1000.004063,1000.004245,1000.004388,1000.004695,1000.005618,1000.005005,0.000000,0.000000,0.000000,0.000000,0.000000,0.000000,0.000000,0.000000,0.000000,0.000000,0.000000,0.000000,0.000000,0.000000,0.000000,0.000000,0.000000,0.000000,0.000000,0.000000,0.000000,0.000000,0.000000,0.000000,0.000000,0.000000,0.000000,0.000000
0.000000,0.000000,0.000000,0.000000,0.000000,0.000000,0.000000,0.000000,0.000000,0.000000,0.000000,0.000000,0.000000,0.000000,0.000000,0.000000,0.000000,0.000000,0.000000,0.000000,0.000000,0.000000,0.000000,0.000000,0.000000,0.000000,999.985991,999.984955,999.986951,999.987689,999.988119,999.988635,999.989017,999.989650,999.990124,999.990559,999.990955,999.991444,999.991942,999.992424,999.992906,999.993438,999.993962,999.994475,999.994957,999.995491,999.995974,999.996480,999.996923,999.997433,999.997929,999.998396,999.998831,999.999283,999.999732,1000.000155,1000.000495,1000.000885,1000.001218,1000.001566,1000.001868,1000.002178,1000.002462,1000.002776,1000.002991,1000.003266,1000.003474,1000.003674,1000.003910,1000.004082,1000.004356,1000.004516,1000.004700,1000.004861,1000.005148,1000.005901,1000.005498,0.000000,0.000000,0.000000,0.000000,0.000000,0.000000,0.000000,0.000000,0.000000,0.000000,0.000000,0.000000,0.000000,0.000000,0.000000,0.000000,0.000000,0.000000,0.000000,0.000000,0.000000,0.000000,0.000000,0.000000,0.000000,0.000000
0.000000,0.000000,0.000000,0.000000,0.000000,0.000000,0.000000,0.000000,0.000000,0.000000,0.000000,0.000000,0.000000,0.000000,0.000000,0.000000,0.000000,0.000000,0.000000,0.000000,0.000000,0.000000,0.000000,0.000000,999.985097,999.984288,999.985797,999.986460,999.986879,999.987417,999.987838,999.988459,999.988965,999.989460,999.989914,999.990371,999.990866,999.991353,999.991810,999.992318,999.992831,999.993360,999.993865,999.994370,999.994896,999.995411,999.995913,999.996400,999.996917,999.997398,999.997862,999.998356,999.998804,999.999266,999.999678,1000.000106,1000.000453,1000.000852,1000.001206,1000.001541,1000.001844,1000.002182,1000.002498,1000.002752,1000.002989,1000.003235,1000.003470,1000.003678,1000.003896,1000.004103,1000.004294,1000.004516,1000.004766,1000.004916,1000.005113,1000.005272,1000.005483,1000.006022,1000.005694,0.000000,0.000000,0.000000,0.000000,0.000000,0.000000,0.000000,0.000000,0.000000,0.000000,0.000000,0.000000,0.000000,0.000000,0.000000,0.000000,0.000000,0.000000,0.000000,0.000000,0.000000,0.000000,0.000000,0.000000
0.000000,0.000000,0.000000,0.000000,0.000000,0.000000,0.000000,0.000000,0.000000,0.000000,0.000000,0.000000,0.000000,0.000000,0.000000,0.000000,0.000000,0.000000,0.000000,0.000000,0.000000,0.000000,0.000000,999.985359,999.985081,999.985413,999.985857,999.986329,999.986706,999.987306,999.987797,999.988308,999.988797,999.989269,999.989735,999.990243,999.990732,999.991205,999.991684,999.992201,999.992729,999.993217,999.993762,999.994286,999.994809,999.995326,999.995815,999.996352,999.996865,999.997379,999.997836,999.998320,999.998785,999.999230,999.999638,1000.000052,1000.000473,1000.000806,1000.001192,1000.001513,1000.001853,1000.002123,1000.002445,1000.002699,1000.002988,1000.003249,1000.003475,1000.003693,1000.003887,1000.004118,1000.004294,1000.004504,1000.004696,1000.004887,1000.005136,1000.005253,1000.005427,1000.005559,1000.005675,1000.005521,0.000000,0.000000,0.000000,0.000000,0.000000,0.000000,0.000000,0.000000,0.000000,0.000000,0.000000,0.000000,0.000000,0.000000,0.000000,0.000000,0.000000,0.000000,0.000000,0.000000,0.000000,0.000000,0.000000
0.000000,0.000000,0.000000,0.000000,0.000000,0.000000,0.000000,0.000000,0.000000,0.000000,0.000000,0.000000,0.000000,0.000000,0.000000,0.000000,0.000000,0.000000,0.000000,0.000000,0.000000,999.983704,999.983230,999.984934,999.985314,999.985600,999.985814,999.986309,999.986735,999.987211,999.987675,999.988157,999.988629,999.989097,999.989594,999.990055,999.990571,999.991039,999.991550,999.992088,999.992580,999.993120,999.993667,999.994202,999.994722,999.995268,999.995795,999.996331,999.996820,999.997315,999.997834,999.998281,999.998768,999.999204,999.999642,1000.000033,1000.000463,1000.000819,1000.001171,1000.001538,1000.001856,1000.002174,1000.002444,1000.002735,1000.002990,1000.003224,1000.003455,1000.003684,1000.003888,1000.004107,1000.004317,1000.004493,1000.004693,1000.004864,1000.005038,1000.005199,1000.005375,1000.005437,1000.005551,1000.005666,1000.006259,1000.006048,0.000000,0.000000,0.000000,0.000000,0.000000,0.000000,0.000000,0.000000,0.000000,0.000000,0.000000,0.000000,0.000000,0.000000,0.000000,0.000000,0.000000,0.000000,0.000000,0.000000,0.000000
0.000000,0.000000,0.000000,0.000000,0.000000,0.000000,0.000000,0.000000,0.000000,0.000000,0.000000,0.000000,0.000000,0.000000,0.000000,0.000000,0.000000,0.000000,0.000000,0.000000,999.984028,999.983967,999.984303,999.984783,999.985095,999.985508,999.985886,999.986265,999.986690,999.987111,999.987553,999.988009,999.988454,999.988950,999.989431,999.989882,999.990378,999.990868,999.991418,999.991941,999.992459,999.993005,999.993565,999.994090,999.994640,999.995197,999.995735,999.996278,999.996775,999.997305,999.997794,999.998305,999.998755,999.999230,999.999657,1000.000059,1000.000462,1000.000846,1000.001201,1000.001532,1000.001842,1000.002168,1000.002465,1000.002734,1000.002991,1000.003216,1000.003458,1000.003708,1000.003890,1000.004087,1000.004288,1000.004487,1000.004670,1000.004855,1000.005000,1000.005169,1000.005296,1000.005420,1000.005538,1000.005700,1000.005837,1000.005936,1000.005897,0.000000,0.000000,0.000000,0.000000,0.000000,0.000000,0.000000,0.000000,0.000000,0.000000,0.000000,0.000000,0.000000,0.000000,0.000000,0.000000,0.000000,0.000000,0.000000,0.000000
0.000000,0.000000,0.000000,0.000000,0.000000,0.000000,0.000000,0.000000,0.000000,0.000000,0.000000,0.000000,0.000000,0.000000,0.000000,0.000000,0.000000,0.000000,0.000000,999.983719,999.983997,999.984172,999.984517,999.984714,999.985120,999.985509,999.985861,999.986199,999.986626,999.986980,999.987430,999.987844,999.988308,999.988765,999.989222,999.989702,999.990211,999.990736,999.991262,999.991771,999.992327,999.992891,999.993424,999.993991,999.994587,999.995118,999.995673,999.996212,999.996776,999.997284,999.997806,999.998284,999.998762,999.999211,999.999661,1000.000097,1000.000487,1000.000864,1000.001240,1000.001576,1000.001888,1000.002194,1000.002495,1000.002754,1000.003014,1000.003263,1000.003500,1000.003717,1000.003928,1000.004119,1000.004303,1000.004483,1000.004646,1000.004824,1000.004980,1000.005131,1000.005282,1000.005401,1000.005517,1000.005644,1000.005721,1000.005837,1000.005904,1000.005954,0.000000,0.000000,0.000000,0.000000,0.000000,0.000000,0.000000,0.000000,0.000000,0.000000,0.000000,0.000000,0.000000,0.000000,0.000000,0.000000,0.000000,0.000000,0.000000
0.000000,0.000000,0.000000,0.000000,0.000000,0.000000,0.000000,0.000000,0.000000,0.000000,0.000000,0.000000,0.000000,0.000000,0.000000,0.000000,0.000000,0.000000,999.983431,999.983773,999.984060,999.984297,999.984564,999.984831,999.985168,999.985488,999.985790,999.986142,999.986473,999.986856,999.987280,999.987677,999.988112,999.988544,999.989005,999.989509,999.990041,999.990515,999.991064,999.991596,999.992185,999.992761,999.993316,999.993905,999.994509,999.995062,999.995654,999.996197,999.996765,999.997281,999.997818,999.998324,999.998810,999.999262,999.999710,1000.000135,1000.000538,1000.000902,1000.001250,1000.001618,1000.001945,1000.002243,1000.002520,1000.002801,1000.003045,1000.003312,1000.003506,1000.003702,1000.003938,1000.004114,1000.004319,1000.004488,1000.004638,1000.004793,1000.004947,1000.005065,1000.005212,1000.005362,1000.005457,1000.005589,1000.005667,1000.005750,1000.005864,1000.005945,1000.006031,0.000000,0.000000,0.000000,0.000000,0.000000,0.000000,0.000000,0.000000,0.000000,0.000000,0.000000,0.000000,0.000000,0.000000,0.000000,0.000000,0.000000,0.000000
0.000000,0.000000,0.000000,0.000000,0.000000,0.000000,0.000000,0.000000,0.000000,0.000000,0.000000,0.000000,0.000000,0.000000,0.000000,0.000000,0.000000,999.983202,999.983577,999.983847,999.984094,999.984350,999.984599,999.984861,999.985124,999.985406,999.985695,999.986029,999.986370,999.986732,999.987099,999.987476,999.987921,999.988341,999.988800,999.989312,999.989780,999.990322,999.990861,999.991441,999.992015,999.992603,999.993207,999.993820,999.994387,999.995011,999.995592,999.996190,999.996742,999.997306,999.997818,999.998344,999.998838,999.999332,999.999762,1000.000192,1000.000607,1000.001000,1000.001342,1000.001684,1000.002003,1000.002292,1000.002582,1000.002852,1000.003089,1000.003328,1000.003557,1000.003756,1000.003967,1000.004142,1000.004301,1000.004494,1000.004642,1000.004808,1000.004953,1000.005070,1000.005195,1000.005313,1000.005445,1000.005544,1000.005650,1000.005730,1000.005801,1000.005912,1000.005980,1000.006120,0.000000,0.000000,0.000000,0.000000,0.000000,0.000000,0.000000,0.000000,0.000000,0.000000,0.000000,0.000000,0.000000,0.000000,0.000000,0.000000,0.000000
0.000000,0.000000,0.000000,0.000000,0.000000,0.000000,0.000000,0.000000,0.000000,0.000000,0.000000,0.000000,0.000000,0.000000,0.000000,0.000000,999.983171,999.983417,999.983696,999.983921,999.984186,999.984404,999.984639,999.984869,999.985105,999.985364,999.985621,999.985939,999.986228,999.986547,999.986894,999.987279,999.987673,999.988099,999.988570,999.989047,999.989543,999.990083,999.990666,999.991226,999.991831,999.992441,999.993087,999.993723,999.994330,999.994960,999.995592,999.996171,999.996764,999.997352,999.997894,999.998415,999.998923,999.999398,999.999850,1000.000241,1000.000671,1000.001055,1000.001426,1000.001755,1000.002083,1000.002372,1000.002643,1000.002932,1000.003152,1000.003371,1000.003600,1000.003806,1000.003989,1000.004180,1000.004318,1000.004499,1000.004643,1000.004773,1000.004944,1000.005050,1000.005163,1000.005287,1000.005368,1000.005489,1000.005570,1000.005682,1000.005770,1000.005852,1000.005959,1000.006029,1000.006087,0.000000,0.000000,0.000000,0.000000,0.000000,0.000000,0.000000,0.000000,0.000000,0.000000,0.000000,0.000000,0.000000,0.000000,0.000000,0.000000
0.000000,0.000000,0.000000,0.000000,0.000000,0.000000,0.000000,0.000000,0.000000,0.000000,0.000000,0.000000,0.000000,0.000000,0.000000,999.983202,999.983417,999.983683,999.983885,999.984077,999.984286,999.984458,999.984664,999.984840,999.985055,999.985298,999.985518,999.985774,999.986029,999.986339,999.986673,999.987029,999.987398,999.987822,999.988276,999.988766,999.989276,999.989848,999.990426,999.991024,999.991663,999.992293,999.992941,999.993587,999.994267,999.994926,999.995554,999.996185,999.996788,999.997390,999.997944,999.998493,999.998995,999.999487,999.999966,1000.000407,1000.000797,1000.001167,1000.001532,1000.001855,1000.002182,1000.002471,1000.002716,1000.002993,1000.003227,1000.003453,1000.003656,1000.003845,1000.004005,1000.004195,1000.004376,1000.004513,1000.004670,1000.004778,1000.004908,1000.005058,1000.005131,1000.005261,1000.005371,1000.005443,1000.005536,1000.005606,1000.005718,1000.005783,1000.005864,1000.005967,1000.006029,1000.006144,0.000000,0.000000,0.000000,0.000000,0.000000,0.000000,0.000000,0.000000,0.000000,0.000000,0.000000,0.000000,0.000000,0.000000,0.000000
0.000000,0.000000,0.000000,0.000000,0.000000,0.000000,0.000000,0.000000,0.000000,0.000000,0.000000,0.000000,0.000000,0.000000,999.983431,999.983577,999.983696,999.983885,999.983995,999.984147,999.984349,999.984480,999.984665,999.984820,999.985038,999.985191,999.985394,999.985611,999.985858,999.986116,999.986426,999.986753,999.987120,999.987526,999.987981,999.988455,999.988984,999.989558,999.990140,999.990784,999.991447,999.992121,999.992804,999.993496,999.994199,999.994885,999.995553,999.996223,999.996872,999.997465,999.998055,999.998595,999.999109,999.999597,1000.000055,1000.000515,1000.000917,1000.001296,1000.001663,1000.001986,1000.002288,1000.002581,1000.002844,1000.003082,1000.003322,1000.003525,1000.003724,1000.003912,1000.004091,1000.004242,1000.004394,1000.004526,1000.004672,1000.004787,1000.004912,1000.005026,1000.005145,1000.005223,1000.005336,1000.005427,1000.005510,1000.005586,1000.005654,1000.005732,1000.005822,1000.005892,1000.005975,1000.006016,1000.006044,0.000000,0.000000,0.000000,0.000000,0.000000,0.000000,0.000000,0.000000,0.000000,0.000000,0.000000,0.000000,0.000000,0.000000
0.000000,0.000000,0.000000,0.000000,0.000000,0.000000,0.000000,0.000000,0.000000,0.000000,0.000000,0.000000,0.000000,999.983719,999.983773,999.983847,999.983921,999.984077,999.984147,999.984331,999.984487,999.984555,999.984715,999.984816,999.984929,999.985059,999.985224,999.985423,999.985622,999.985864,999.986123,999.986420,999.986772,999.987173,999.987605,999.988098,999.988638,999.989232,999.989853,999.990509,999.991215,999.991926,999.992672,999.993406,999.994145,999.994853,999.995563,999.996265,999.996906,999.997542,999.998151,999.998749,999.999289,999.999808,1000.000252,1000.000684,1000.001071,1000.001459,1000.001802,1000.002119,1000.002403,1000.002703,1000.002947,1000.003202,1000.003411,1000.003616,1000.003787,1000.003979,1000.004146,1000.004301,1000.004425,1000.004555,1000.004701,1000.004803,1000.004905,1000.005019,1000.005117,1000.005190,1000.005283,1000.005355,1000.005453,1000.005523,1000.005613,1000.005665,1000.005718,1000.005801,1000.005861,1000.005917,1000.005971,1000.006038,0.000000,0.000000,0.000000,0.000000,0.000000,0.000000,0.000000,0.000000,0.000000,0.000000,0.000000,0.000000,0.000000
0.000000,0.000000,0.000000,0.000000,0.000000,0.000000,0.000000,0.000000,0.000000,0.000000,0.000000,0.000000,999.984028,999.983997,999.984060,999.984094,999.984186,999.984286,999.984349,999.984487,999.984507,999.984530,999.984672,999.984721,999.984843,999.984964,999.985075,999.985227,999.985375,999.985572,999.985785,999.986080,999.986391,999.986772,999.987209,999.987701,999.988254,999.988855,999.989502,999.990238,999.990943,999.991726,999.992505,999.993308,999.994095,999.994865,999.995632,999.996362,999.997050,999.997701,999.998313,999.998880,999.999423,999.999927,1000.000420,1000.000862,1000.001270,1000.001645,1000.001987,1000.002299,1000.002603,1000.002847,1000.003100,1000.003300,1000.003525,1000.003734,1000.003899,1000.004057,1000.004207,1000.004346,1000.004488,1000.004599,1000.004713,1000.004834,1000.004905,1000.005002,1000.005110,1000.005205,1000.005261,1000.005337,1000.005414,1000.005486,1000.005551,1000.005633,1000.005679,1000.005739,1000.005796,1000.005851,1000.005896,1000.005945,1000.005924,0.000000,0.000000,0.000000,0.000000,0.000000,0.000000,0.000000,0.000000,0.000000,0.000000,0.000000,0.000000
0.000000,0.000000,0.000000,0.000000,0.000000,0.000000,0.000000,0.000000,0.000000,0.000000,0.000000,999.983704,999.983967,999.984172,999.984297,999.984350,999.984404,999.984458,999.984480,999.984555,999.984530,999.984626,999.984753,999.984717,999.984807,999.984803,999.984870,999.984944,999.985055,999.985205,999.985406,999.985665,999.985933,999.986315,999.986726,999.987251,999.987791,999.988442,999.989145,999.989899,999.990676,999.991519,999.992346,999.993196,999.994030,999.994853,999.995680,999.996418,999.997175,999.997872,999.998554,999.999145,999.999695,1000.000178,1000.000666,1000.001071,1000.001489,1000.001839,1000.002179,1000.002469,1000.002779,1000.003019,1000.003265,1000.003459,1000.003653,1000.003831,1000.004007,1000.004144,1000.004283,1000.004403,1000.004533,1000.004640,1000.004732,1000.004837,1000.004942,1000.004998,1000.005072,1000.005161,1000.005253,1000.005285,1000.005363,1000.005407,1000.005482,1000.005531,1000.005602,1000.005660,1000.005719,1000.005763,1000.005817,1000.005879,1000.005984,1000.006075,0.000000,0.000000,0.000000,0.000000,0.000000,0.000000,0.000000,0.000000,0.000000,0.000000,0.000000
0.000000,0.000000,0.000000,0.000000,0.000000,0.000000,0.000000,0.000000,0.000000,0.000000,0.000000,999.983230,999.984303,999.984517,999.984564,999.984599,999.984639,999.984664,999.984665,999.984715,999.984672,999.984753,999.984669,999.984552,999.984606,999.984588,999.984666,999.984721,999.984769,999.984858,999.985003,999.985191,999.985436,999.985785,999.986210,999.986688,999.987266,999.987960,999.988682,999.989504,999.990376,999.991281,999.992193,999.993128,999.994050,999.994954,999.995798,999.996605,999.997364,999.998052,999.998713,999.999316,999.999918,1000.000455,1000.000931,1000.001350,1000.001743,1000.002092,1000.002418,1000.002700,1000.002957,1000.003205,1000.003428,1000.003631,1000.003801,1000.003960,1000.004114,1000.004253,1000.004384,1000.004488,1000.004594,1000.004686,1000.004782,1000.004857,1000.004943,1000.005021,1000.005080,1000.005122,1000.005213,1000.005264,1000.005332,1000.005381,1000.005421,1000.005486,1000.005530,1000.005590,1000.005623,1000.005692,1000.005725,1000.005778,1000.005866,1000.006246,0.000000,0.000000,0.000000,0.000000,0.000000,0.000000,0.000000,0.000000,0.000000,0.000000,0.000000
0.000000,0.000000,0.000000,0.000000,0.000000,0.000000,0.000000,0.000000,0.000000,0.000000,999.985359,999.984934,999.984783,999.984714,999.984831,999.984861,999.984869,999.984840,999.984820,999.984816,999.984721,999.984717,999.984552,999.984575,999.984675,999.984519,999.984488,999.984381,999.984340,999.984396,999.984481,999.984614,999.984850,999.985170,999.985557,999.986048,999.986690,999.987404,999.988196,999.989079,999.990027,999.990995,999.992015,999.993023,999.994024,999.994977,999.995905,999.996783,999.997648,999.998398,999.999086,999.999690,1000.000247,1000.000736,1000.001222,1000.001632,1000.002033,1000.002362,1000.002685,1000.002951,1000.003202,1000.003405,1000.003620,1000.003800,1000.003968,1000.004103,1000.004249,1000.004347,1000.004481,1000.004570,1000.004655,1000.004741,1000.004819,1000.004883,1000.004939,1000.005015,1000.005071,1000.005121,1000.005167,1000.005223,1000.005265,1000.005337,1000.005365,1000.005420,1000.005443,1000.005517,1000.005542,1000.005600,1000.005658,1000.005734,1000.005735,1000.005730,1000.005626,0.000000,0.000000,0.000000,0.000000,0.000000,0.000000,0.000000,0.000000,0.000000,0.000000
0.000000,0.000000,0.000000,0.000000,0.000000,0.000000,0.000000,0.000000,0.000000,999.985097,999.985081,999.985314,999.985095,999.985120,999.985168,999.985124,999.985105,999.985055,999.985038,999.984929,999.984843,999.984807,999.984606,999.984675,999.984439,999.984078,999.984092,999.983982,999.983967,999.984009,999.983976,999.984055,999.984220,999.984460,999.984825,999.985354,999.985969,999.986726,999.987586,999.988590,999.989623,999.990741,999.991886,999.993013,999.994107,999.995165,999.996140,999.997022,999.997850,999.998628,999.999368,1000.000043,1000.000631,1000.001122,1000.001591,1000.001995,1000.002359,1000.002669,1000.002964,1000.003218,1000.003457,1000.003658,1000.003830,1000.003994,1000.004143,1000.004275,1000.004375,1000.004479,1000.004557,1000.004668,1000.004732,1000.004788,1000.004859,1000.004922,1000.004970,1000.005011,1000.005069,1000.005110,1000.005153,1000.005180,1000.005221,1000.005250,1000.005312,1000.005342,1000.005379,1000.005423,1000.005461,1000.005496,1000.005536,1000.005583,1000.005634,1000.005609,1000.005750,1000.005777,0.000000,0.000000,0.000000,0.000000,0.000000,0.000000,0.000000,0.000000,0.000000
0.000000,0.000000,0.000000,0.000000,0.000000,0.000000,0.000000,0.000000,0.000000,999.984288,999.985413,999.985600,999.985508,999.985509,999.985488,999.985406,999.985364,999.985298,999.985191,999.985059,999.984964,999.984803,999.984588,999.984519,999.984078,999.984027,999.984166,999.983782,999.983630,999.983417,999.983239,999.983264,999.983360,999.983578,999.983947,999.984460,999.985137,999.985947,999.986929,999.988010,999.989170,999.990432,999.991684,999.992920,999.994103,999.995318,999.996433,999.997460,999.998364,999.999139,999.999809,1000.000428,1000.001026,1000.001535,1000.001973,1000.002372,1000.002714,1000.003022,1000.003297,1000.003528,1000.003717,1000.003925,1000.004076,1000.004215,1000.004321,1000.004442,1000.004538,1000.004625,1000.004686,1000.004745,1000.004810,1000.004866,1000.004899,1000.004931,1000.005001,1000.005019,1000.005049,1000.005070,1000.005117,1000.005147,1000.005168,1000.005215,1000.005219,1000.005293,1000.005285,1000.005320,1000.005381,1000.005417,1000.005462,1000.005471,1000.005521,1000.005543,1000.005649,1000.006024,0.000000,0.000000,0.000000,0.000000,0.000000,0.000000,0.000000,0.000000,0.000000
0.000000,0.000000,0.000000,0.000000,0.000000,0.000000,0.000000,0.000000,999.985991,999.985797,999.985857,999.985814,999.985886,999.985861,999.985790,999.985695,999.985621,999.985518,999.985394,999.985224,999.985075,999.984870,999.984666,999.984488,999.984092,999.984166,999.983690,999.982995,999.982938,999.982701,999.982608,999.982615,999.982592,999.982687,999.982987,999.983468,999.984108,999.984995,999.986103,999.987331,999.988724,999.990153,999.991595,999.993042,999.994360,999.995570,999.996686,999.997730,999.998701,999.999609,1000.000373,1000.000998,1000.001545,1000.002026,1000.002449,1000.002811,1000.003133,1000.003409,1000.003649,1000.003867,1000.004029,1000.004185,1000.004326,1000.004441,1000.004535,1000.004615,1000.004695,1000.004763,1000.004809,1000.004849,1000.004892,1000.004929,1000.004970,1000.004974,1000.004993,1000.005041,1000.005044,1000.005070,1000.005084,1000.005109,1000.005120,1000.005145,1000.005162,1000.005197,1000.005236,1000.005214,1000.005262,1000.005298,1000.005323,1000.005373,1000.005402,1000.005481,1000.005521,1000.005581,1000.005588,0.000000,0.000000,0.000000,0.000000,0.000000,0.000000,0.000000,0.000000
0.000000,0.000000,0.000000,0.000000,0.000000,0.000000,0.000000,0.000000,999.984955,999.986460,999.986329,999.986309,999.986265,999.986199,999.986142,999.986029,999.985939,999.985774,999.985611,999.985423,999.985227,999.984944,999.984721,999.984381,999.983982,999.983782,999.982995,999.982799,999.982965,999.982366,999.981992,999.981637,999.981334,999.981393,999.981672,999.982107,999.982902,999.983912,999.985150,999.986542,999.988101,999.989709,999.991333,999.993033,999.994639,999.996088,999.997358,999.998460,999.999332,1000.000156,1000.000904,1000.001551,1000.002087,1000.002556,1000.002957,1000.003306,1000.003591,1000.003827,1000.004023,1000.004218,1000.004373,1000.004494,1000.004585,1000.004701,1000.004758,1000.004828,1000.004855,1000.004915,1000.004940,1000.004964,1000.004970,1000.004990,1000.005014,1000.005027,1000.005005,1000.005035,1000.005048,1000.005025,1000.005056,1000.005040,1000.005076,1000.005080,1000.005073,1000.005106,1000.005139,1000.005155,1000.005172,1000.005200,1000.005210,1000.005257,1000.005290,1000.005311,1000.005377,1000.005396,1000.005934,0.000000,0.000000,0.000000,0.000000,0.000000,0.000000,0.000000,0.000000
0.000000,0.000000,0.000000,0.000000,0.000000,0.000000,0.000000,999.987403,999.986951,999.986879,999.986706,999.986735,999.986690,999.986626,999.986473,999.986370,999.986228,999.986029,999.985858,999.985622,999.985375,999.985055,999.984769,999.984340,999.983967,999.983630,999.982938,999.982965,999.982261,999.980987,999.980738,999.980393,999.980209,999.980274,999.980381,999.980755,999.981439,999.982504,999.983938,999.985603,999.987584,999.989579,999.991451,999.993213,999.994864,999.996367,999.997778,999.999078,1000.000146,1000.000953,1000.001660,1000.002250,1000.002759,1000.003188,1000.003536,1000.003826,1000.004086,1000.004294,1000.004464,1000.004608,1000.004719,1000.004833,1000.004881,1000.004951,1000.004999,1000.005032,1000.005050,1000.005065,1000.005071,1000.005095,1000.005087,1000.005059,1000.005054,1000.005070,1000.005039,1000.005018,1000.005041,1000.005026,1000.005021,1000.005007,1000.004996,1000.005025,1000.005012,1000.005011,1000.005026,1000.005036,1000.005046,1000.005067,1000.005107,1000.005123,1000.005148,1000.005182,1000.005265,1000.005259,1000.005279,1000.005179,0.000000,0.000000,0.000000,0.000000,0.000000,0.000000,0.000000
0.000000,0.000000,0.000000,0.000000,0.000000,0.000000,0.000000,999.986090,999.987689,999.987417,999.987306,999.987211,999.987111,999.986980,999.986856,999.986732,999.986547,999.986339,999.986116,999.985864,999.985572,999.985205,999.984858,999.984396,999.984009,999.983417,999.982701,999.982366,999.980987,999.980411,999.980663,999.979822,999.979104,999.978665,999.978326,999.978591,999.979534,999.980812,999.982482,999.984472,999.986632,999.989054,999.991499,999.993746,999.995753,999.997433,999.998704,999.999848,1000.000898,1000.001762,1000.002459,1000.003023,1000.003487,1000.003872,1000.004175,1000.004416,1000.004621,1000.004801,1000.004918,1000.005031,1000.005091,1000.005157,1000.005212,1000.005222,1000.005238,1000.005246,1000.005240,1000.005238,1000.005204,1000.005181,1000.005176,1000.005150,1000.005106,1000.005087,1000.005079,1000.005026,1000.005007,1000.004981,1000.004978,1000.004956,1000.004946,1000.004928,1000.004931,1000.004927,1000.004928,1000.004947,1000.004953,1000.004946,1000.004968,1000.004992,1000.005014,1000.005039,1000.005064,1000.005075,1000.005047,1000.005674,0.000000,0.000000,0.000000,0.000000,0.000000,0.000000,0.000000
0.000000,0.000000,0.000000,0.000000,0.000000,0.000000,999.988928,999.988331,999.988119,999.987838,999.987797,999.987675,999.987553,999.987430,999.987280,999.987099,999.986894,999.986673,999.986426,999.986123,999.985785,999.985406,999.985003,999.984481,999.983976,999.983239,999.982608,999.981992,999.980738,999.980663,999.979744,999.977520,999.976799,999.976276,999.976103,999.976643,999.977308,999.978569,999.980683,999.983219,999.985990,999.988810,999.991494,999.993949,999.996205,999.998291,999.999908,1000.001097,1000.002025,1000.002816,1000.003421,1000.003926,1000.004305,1000.004627,1000.004867,1000.005077,1000.005209,1000.005321,1000.005401,1000.005473,1000.005506,1000.005519,1000.005522,1000.005535,1000.005506,1000.005485,1000.005440,1000.005408,1000.005371,1000.005306,1000.005267,1000.005222,1000.005177,1000.005114,1000.005095,1000.005037,1000.005013,1000.004946,1000.004934,1000.004906,1000.004869,1000.004848,1000.004827,1000.004824,1000.004821,1000.004815,1000.004808,1000.004830,1000.004835,1000.004835,1000.004860,1000.004890,1000.004907,1000.004953,1000.004913,1000.004931,1000.004730,0.000000,0.000000,0.000000,0.000000,0.000000,0.000000
0.000000,0.000000,0.000000,0.000000,0.000000,0.000000,999.987512,999.989071,999.988635,999.988459,999.988308,999.988157,999.988009,999.987844,999.987677,999.987476,999.987279,999.987029,999.986753,999.986420,999.986080,999.985665,999.985191,999.984614,999.984055,999.983264,999.982615,999.981637,999.980393,999.979822,999.977520,999.975968,999.976184,999.975095,999.974124,999.973667,999.974201,999.975815,999.978266,999.981694,999.985318,999.988970,999.992503,999.995426,999.997614,999.999443,1000.001071,1000.002338,1000.003264,1000.003966,1000.004507,1000.004908,1000.005216,1000.005445,1000.005612,1000.005745,1000.005840,1000.005894,1000.005914,1000.005936,1000.005926,1000.005905,1000.005875,1000.005814,1000.005780,1000.005715,1000.005644,1000.005573,1000.005517,1000.005441,1000.005357,1000.005293,1000.005228,1000.005145,1000.005102,1000.005020,1000.004973,1000.004920,1000.004868,1000.004859,1000.004798,1000.004771,1000.004754,1000.004720,1000.004694,1000.004698,1000.004692,1000.004697,1000.004692,1000.004698,1000.004718,1000.004713,1000.004712,1000.004735,1000.004716,1000.004629,1000.005298,0.000000,0.000000,0.000000,0.000000,0.000000,0.000000
0.000000,0.000000,0.000000,0.000000,0.000000,999.990468,999.989781,999.989455,999.989017,999.988965,999.988797,999.988629,999.988454,999.988308,999.988112,999.987921,999.987673,999.987398,999.987120,999.986772,999.986391,999.985933,999.985436,999.984850,999.984220,999.983360,999.982592,999.981334,999.980209,999.979104,999.976799,999.976184,999.974934,999.971257,999.969504,999.969184,999.969487,999.971527,999.974812,999.978886,999.983805,999.988634,999.992883,999.996730,999.999640,1000.001561,1000.002936,1000.003982,1000.004749,1000.005310,1000.005703,1000.006009,1000.006197,1000.006336,1000.006422,1000.006467,1000.006485,1000.006501,1000.006462,1000.006414,1000.006368,1000.006295,1000.006233,1000.006142,1000.006044,1000.005967,1000.005870,1000.005758,1000.005670,1000.005569,1000.005474,1000.005364,1000.005285,1000.005179,1000.005105,1000.005031,1000.004950,1000.004878,1000.004802,1000.004749,1000.004730,1000.004667,1000.004619,1000.004616,1000.004596,1000.004552,1000.004546,1000.004549,1000.004556,1000.004546,1000.004546,1000.004562,1000.004561,1000.004581,1000.004610,1000.004504,1000.004436,1000.004213,0.000000,0.000000,0.000000,0.000000,0.000000
0.000000,0.000000,0.000000,0.000000,0.000000,999.989024,999.990310,999.989824,999.989650,999.989460,999.989269,999.989097,999.988950,999.988765,999.988544,999.988341,999.988099,999.987822,999.987526,999.987173,999.986772,999.986315,999.985785,999.985170,999.984460,999.983578,999.982687,999.981393,999.980274,999.978665,999.976276,999.975095,999.971257,999.967513,999.966547,999.964865,999.965204,999.967672,999.971719,999.977925,999.984259,999.989994,999.994944,999.998712,1000.001673,1000.003721,1000.005036,1000.005887,1000.006448,1000.006813,1000.007038,1000.007174,1000.007246,1000.007272,1000.007276,1000.007231,1000.007164,1000.007096,1000.007019,1000.006926,1000.006817,1000.006709,1000.006583,1000.006471,1000.006334,1000.006206,1000.006088,1000.005940,1000.005815,1000.005686,1000.005568,1000.005433,1000.005326,1000.005210,1000.005111,1000.004997,1000.004928,1000.004849,1000.004761,1000.004671,1000.004628,1000.004600,1000.004507,1000.004485,1000.004449,1000.004438,1000.004400,1000.004390,1000.004384,1000.004378,1000.004399,1000.004387,1000.004368,1000.004383,1000.004391,1000.004368,1000.004250,1000.004841,0.000000,0.000000,0.000000,0.000000,0.000000
0.000000,0.000000,0.000000,0.000000,999.991193,999.990900,999.990581,999.990161,999.990124,999.989914,999.989735,999.989594,999.989431,999.989222,999.989005,999.988800,999.988570,999.988276,999.987981,999.987605,999.987209,999.986726,999.986210,999.985557,999.984825,999.983947,999.982987,999.981672,999.980381,999.978326,999.976103,999.974124,999.969504,999.966547,999.963126,999.957842,999.955770,999.957366,999.963818,999.972955,999.982926,999.992420,999.999058,1000.002890,1000.005231,1000.006679,1000.007570,1000.008076,1000.008326,1000.008438,1000.008461,1000.008421,1000.008351,1000.008250,1000.008137,1000.008019,1000.007872,1000.007743,1000.007583,1000.007442,1000.007289,1000.007121,1000.006960,1000.006800,1000.006634,1000.006460,1000.006302,1000.006143,1000.005966,1000.005800,1000.005666,1000.005499,1000.005365,1000.005227,1000.005101,1000.004982,1000.004861,1000.004776,1000.004695,1000.004598,1000.004496,1000.004464,1000.004407,1000.004358,1000.004317,1000.004266,1000.004288,1000.004229,1000.004217,1000.004224,1000.004204,1000.004227,1000.004224,1000.004205,1000.004216,1000.004261,1000.004143,1000.004124,1000.004056,0.000000,0.000000,0.000000,0.000000
0.000000,0.000000,0.000000,0.000000,999.989535,999.990740,999.990732,999.990718,999.990559,999.990371,999.990243,999.990055,999.989882,999.989702,999.989509,999.989312,999.989047,999.988766,999.988455,999.988098,999.987701,999.987251,999.986688,999.986048,999.985354,999.984460,999.983468,999.982107,999.980755,999.978591,999.976643,999.973667,999.969184,999.964865,999.957842,999.946557,999.940535,999.945775,999.955767,999.968655,999.984221,999.996526,1000.003606,1000.007811,1000.009553,1000.010250,1000.010484,1000.010476,1000.010342,1000.010152,1000.009934,1000.009705,1000.009484,1000.009252,1000.009019,1000.008807,1000.008600,1000.008383,1000.008172,1000.007961,1000.007748,1000.007549,1000.007334,1000.007139,1000.006926,1000.006722,1000.006504,1000.006321,1000.006135,1000.005930,1000.005752,1000.005575,1000.005406,1000.005250,1000.005088,1000.004963,1000.004830,1000.004688,1000.004599,1000.004532,1000.004411,1000.004327,1000.004293,1000.004204,1000.004141,1000.004147,1000.004092,1000.004064,1000.004068,1000.004050,1000.004017,1000.004038,1000.004045,1000.004049,1000.004036,1000.004063,1000.004098,1000.004194,1000.004785,0.000000,0.000000,0.000000,0.000000
