0.000000,0.000000,0.000000,0.000000,0.000000,0.000000,0.000000,0.000000,0.000000,0.000000,0.000000,0.000000,0.000000,0.000000,0.000000,0.000000,0.000000,0.000000,0.000000,0.000000,0.000000,0.000000,0.000000,0.000000,0.000000,0.000000,0.000000,0.000000,0.000000,0.000000,0.000000,0.000000,0.000000,0.000000,0.000000,0.000000,0.000000,0.000000,0.000000,0.000000,0.000000,0.000000,0.000000,0.000000,0.000000,0.000000,0.000000,0.000000,0.000000,0.000000,0.000000,0.000000,0.000000,0.000000,0.000000,0.000000,0.000000,0.000000,0.000000,0.000000,0.000000,0.000000,0.000000,0.000000,0.000000,0.000000,0.000000,0.000000,0.000000,0.000000,0.000000,0.000000,0.000000,0.000000,0.000000,0.000000,0.000000,0.000000,0.000000,0.000000,0.000000,0.000000,0.000000,0.000000,0.000000,0.000000,0.000000,0.000000,0.000000,0.000000,0.000000,0.000000,0.000000,0.000000,0.000000,0.000000,0.000000,0.000000,0.000000,0.000000,0.000000,0.000000,0.000000
0.000000,0.000000,0.000000,0.000000,0.000000,0.000000,0.000000,0.000000,0.000000,0.000000,0.000000,0.000000,0.000000,0.000000,0.000000,0.000000,0.000000,0.000000,0.000000,0.000000,0.000000,0.000000,0.000000,0.000000,0.000000,0.000000,0.000000,0.000000,0.000000,0.000000,0.000000,0.000000,0.000000,0.000000,0.000000,0.000000,0.000000,0.000000,0.000000,0.000000,0.000000,0.000000,0.000000,0.000000,0.000000,0.000000,0.000000,0.000000,0.000000,0.000000,0.000000,1000.001461,0.000000,0.000000,0.000000,0.000000,0.000000,0.000000,0.000000,0.000000,0.000000,0.000000,0.000000,0.000000,0.000000,0.000000,0.000000,0.000000,0.000000,0.000000,0.000000,0.000000,0.000000,0.000000,0.000000,0.000000,0.000000,0.000000,0.000000,0.000000,0.000000,0.000000,0.000000,0.000000,0.000000,0.000000,0.000000,0.000000,0.000000,0.000000,0.000000,0.000000,0.000000,0.000000,0.000000,0.000000,0.000000,0.000000,0.000000,0.000000,0.000000,0.000000,0.000000
0.000000,0.000000,0.000000,0.000000,0.000000,0.000000,0.000000,0.000000,0.000000,0.000000,0.000000,0.000000,0.000000,0.000000,0.000000,0.000000,0.000000,0.000000,0.000000,0.000000,0.000000,0.000000,0.000000,0.000000,0.000000,0.000000,0.000000,0.000000,0.000000,0.000000,0.000000,0.000000,0.000000,0.000000,0.000000,0.000000,0.000000,0.000000,0.000000,0.000000,0.000000,0.000000,999.998755,999.998059,999.998116,999.998638,999.999113,999.999361,999.999741,1000.000441,1000.000573,1000.001085,1000.001347,1000.001591,1000.002217,1000.002611,1000.002870,1000.003235,1000.003596,1000.003715,1000.003328,0.000000,0.000000,0.000000,0.000000,0.000000,0.000000,0.000000,0.000000,0.000000,0.000000,0.000000,0.000000,0.000000,0.000000,0.000000,0.000000,0.000000,0.000000,0.000000,0.000000,0.000000,0.000000,0.000000,0.000000,0.000000,0.000000,0.000000,0.000000,0.000000,0.000000,0.000000,0.000000,0.000000,0.000000,0.000000,0.000000,0.000000,0.000000,0.000000,0.000000,0.000000,0.000000
0.000000,0.000000,0.000000,0.000000,0.000000,0.000000,0.000000,0.000000,0.000000,0.000000,0.000000,0.000000,0.000000,0.000000,0.000000,0.000000,0.000000,0.000000,0.000000,0.000000,0.000000,0.000000,0.000000,0.000000,0.000000,0.000000,0.000000,0.000000,0.000000,0.000000,0.000000,0.000000,0.000000,0.000000,0.000000,0.000000,0.000000,999.996404,999.995749,999.995779,999.996291,999.997348,999.998482,999.998369,999.998422,999.998571,999.998846,999.999325,999.999705,1000.000154,1000.000811,1000.000835,1000.001281,1000.001884,1000.002069,1000.002355,1000.002743,1000.003107,1000.003386,1000.003364,1000.003345,1000.004169,1000.004606,1000.005054,1000.004975,1000.004867,0.000000,0.000000,0.000000,0.000000,0.000000,0.000000,0.000000,0.000000,0.000000,0.000000,0.000000,0.000000,0.000000,0.000000,0.000000,0.000000,0.000000,0.000000,0.000000,0.000000,0.000000,0.000000,0.000000,0.000000,0.000000,0.000000,0.000000,0.000000,0.000000,0.000000,0.000000,0.000000,0.000000,0.000000,0.000000,0.000000,0.000000
0.000000,0.000000,0.000000,0.000000,0.000000,0.000000,0.000000,0.000000,0.000000,0.000000,0.000000,0.000000,0.000000,0.000000,0.000000,0.000000,0.000000,0.000000,0.000000,0.000000,0.000000,0.000000,0.000000,0.000000,0.000000,0.000000,0.000000,0.000000,0.000000,0.000000,0.000000,0.000000,0.000000,0.000000,999.995187,999.994575,999.994964,999.996000,999.996176,999.996108,999.996621,999.997264,999.997796,999.998019,999.998301,999.998609,999.998827,999.999402,999.999804,1000.000188,1000.000721,1000.000912,1000.001215,1000.001775,1000.002264,1000.002462,1000.002731,1000.002992,1000.003283,1000.003641,1000.003728,1000.003987,1000.004601,1000.004889,1000.005000,1000.004859,1000.005294,1000.005828,1000.005571,0.000000,0.000000,0.000000,0.000000,0.000000,0.000000,0.000000,0.000000,0.000000,0.000000,0.000000,0.000000,0.000000,0.000000,0.000000,0.000000,0.000000,0.000000,0.000000,0.000000,0.000000,0.000000,0.000000,0.000000,0.000000,0.000000,0.000000,0.000000,0.000000,0.000000,0.000000,0.000000,0.000000,0.000000
0.000000,0.000000,0.000000,0.000000,0.000000,0.000000,0.000000,0.000000,0.000000,0.000000,0.000000,0.000000,0.000000,0.000000,0.000000,0.000000,0.000000,0.000000,0.000000,0.000000,0.000000,0.000000,0.000000,0.000000,0.000000,0.000000,0.000000,0.000000,0.000000,0.000000,0.000000,0.000000,999.994403,999.993801,999.994756,999.994806,999.995408,999.995789,999.995957,999.996345,999.996732,999.997119,999.997556,999.998045,999.998317,999.998611,999.998966,999.999512,999.999917,1000.000059,1000.000562,1000.000985,1000.001307,1000.001610,1000.002032,1000.002390,1000.002826,1000.002963,1000.003182,1000.003775,1000.004085,1000.004169,1000.004413,1000.004636,1000.005074,1000.005220,1000.005315,1000.005425,1000.005451,1000.005980,1000.005749,0.000000,0.000000,0.000000,0.000000,0.000000,0.000000,0.000000,0.000000,0.000000,0.000000,0.000000,0.000000,0.000000,0.000000,0.000000,0.000000,0.000000,0.000000,0.000000,0.000000,0.000000,0.000000,0.000000,0.000000,0.000000,0.000000,0.000000,0.000000,0.000000,0.000000,0.000000,0.000000
0.000000,0.000000,0.000000,0.000000,0.000000,0.000000,0.000000,0.000000,0.000000,0.000000,0.000000,0.000000,0.000000,0.000000,0.000000,0.000000,0.000000,0.000000,0.000000,0.000000,0.000000,0.000000,0.000000,0.000000,0.000000,0.000000,0.000000,0.000000,0.000000,0.000000,999.993382,999.992905,999.994119,999.994314,999.994580,999.994822,999.995087,999.995478,999.995804,999.996215,999.996512,999.996827,999.997328,999.997801,999.998201,999.998529,999.999001,999.999323,999.999640,999.999952,1000.000501,1000.001167,1000.001477,1000.001614,1000.001948,1000.002353,1000.002878,1000.003183,1000.003266,1000.003622,1000.003967,1000.004273,1000.004610,1000.004460,1000.004900,1000.005220,1000.005412,1000.005502,1000.005777,1000.005697,1000.005801,1000.006399,1000.006126,0.000000,0.000000,0.000000,0.000000,0.000000,0.000000,0.000000,0.000000,0.000000,0.000000,0.000000,0.000000,0.000000,0.000000,0.000000,0.000000,0.000000,0.000000,0.000000,0.000000,0.000000,0.000000,0.000000,0.000000,0.000000,0.000000,0.000000,0.000000,0.000000,0.000000
0.000000,0.000000,0.000000,0.000000,0.000000,0.000000,0.000000,0.000000,0.000000,0.000000,0.000000,0.000000,0.000000,0.000000,0.000000,0.000000,0.000000,0.000000,0.000000,0.000000,0.000000,0.000000,0.000000,0.000000,0.000000,0.000000,0.000000,0.000000,999.992399,999.991936,999.993035,999.993417,999.993590,999.993989,999.994394,999.994704,999.994880,999.995434,999.995767,999.996107,999.996490,999.996975,999.997362,999.997636,999.998059,999.998521,999.998939,999.999201,999.999695,1000.000067,1000.000483,1000.000832,1000.001203,1000.001680,1000.002025,1000.002445,1000.002782,1000.003168,1000.003461,1000.003604,1000.003867,1000.004225,1000.004687,1000.004886,1000.004977,1000.005157,1000.005521,1000.005550,1000.005680,1000.005886,1000.005900,1000.006125,1000.006318,1000.006654,1000.006563,0.000000,0.000000,0.000000,0.000000,0.000000,0.000000,0.000000,0.000000,0.000000,0.000000,0.000000,0.000000,0.000000,0.000000,0.000000,0.000000,0.000000,0.000000,0.000000,0.000000,0.000000,0.000000,0.000000,0.000000,0.000000,0.000000,0.000000,0.000000
0.000000,0.000000,0.000000,0.000000,0.000000,0.000000,0.000000,0.000000,0.000000,0.000000,0.000000,0.000000,0.000000,0.000000,0.000000,0.000000,0.000000,0.000000,0.000000,0.000000,0.000000,0.000000,0.000000,0.000000,0.000000,0.000000,999.991569,999.991020,999.992103,999.992519,999.992764,999.993155,999.993299,999.993835,999.994057,999.994451,999.994883,999.995289,999.995403,999.995917,999.996330,999.996877,999.997123,999.997566,999.997883,999.998321,999.998770,999.999126,999.999720,1000.000233,1000.000520,1000.000738,1000.001240,1000.001818,1000.002202,1000.002491,1000.002710,1000.003012,1000.003560,1000.003885,1000.004189,1000.004428,1000.004565,1000.005079,1000.005153,1000.005237,1000.005520,1000.005649,1000.005727,1000.005938,1000.006060,1000.006193,1000.006376,1000.006395,1000.006543,1000.006754,1000.006763,0.000000,0.000000,0.000000,0.000000,0.000000,0.000000,0.000000,0.000000,0.000000,0.000000,0.000000,0.000000,0.000000,0.000000,0.000000,0.000000,0.000000,0.000000,0.000000,0.000000,0.000000,0.000000,0.000000,0.000000,0.000000,0.000000
0.000000,0.000000,0.000000,0.000000,0.000000,0.000000,0.000000,0.000000,0.000000,0.000000,0.000000,0.000000,0.000000,0.000000,0.000000,0.000000,0.000000,0.000000,0.000000,0.000000,0.000000,0.000000,0.000000,0.000000,999.990909,999.990675,999.991206,999.991743,999.992055,999.992212,999.992472,999.992953,999.993410,999.993640,999.994027,999.994388,999.994594,999.994969,999.995359,999.995796,999.996156,999.996489,999.996860,999.997426,999.997910,999.998368,999.998722,999.999058,999.999368,1000.000048,1000.000366,1000.000873,1000.001234,1000.001622,1000.002021,1000.002461,1000.002737,1000.003220,1000.003577,1000.003834,1000.004265,1000.004536,1000.004680,1000.005088,1000.005332,1000.005440,1000.005692,1000.005755,1000.006028,1000.006134,1000.006176,1000.006214,1000.006350,1000.006379,1000.006491,1000.006658,1000.006805,1000.006965,1000.006892,0.000000,0.000000,0.000000,0.000000,0.000000,0.000000,0.000000,0.000000,0.000000,0.000000,0.000000,0.000000,0.000000,0.000000,0.000000,0.000000,0.000000,0.000000,0.000000,0.000000,0.000000,0.000000,0.000000,0.000000
0.000000,0.000000,0.000000,0.000000,0.000000,0.000000,0.000000,0.000000,0.000000,0.000000,0.000000,0.000000,0.000000,0.000000,0.000000,0.000000,0.000000,0.000000,0.000000,0.000000,0.000000,0.000000,0.000000,999.990909,999.990883,999.990874,999.991247,999.991620,999.991765,999.992016,999.992374,999.992694,999.993078,999.993252,999.993855,999.993966,999.994326,999.994729,999.995280,999.995532,999.995990,999.996366,999.996856,999.997246,999.997777,999.998073,999.998545,999.999147,999.999438,999.999793,1000.000308,1000.000789,1000.001177,1000.001586,1000.002005,1000.002521,1000.002873,1000.003371,1000.003609,1000.003851,1000.004202,1000.004567,1000.004838,1000.005039,1000.005397,1000.005629,1000.005768,1000.006027,1000.006055,1000.006272,1000.006436,1000.006472,1000.006540,1000.006697,1000.006681,1000.006691,1000.006815,1000.006916,1000.006851,1000.006860,0.000000,0.000000,0.000000,0.000000,0.000000,0.000000,0.000000,0.000000,0.000000,0.000000,0.000000,0.000000,0.000000,0.000000,0.000000,0.000000,0.000000,0.000000,0.000000,0.000000,0.000000,0.000000,0.000000
0.000000,0.000000,0.000000,0.000000,0.000000,0.000000,0.000000,0.000000,0.000000,0.000000,0.000000,0.000000,0.000000,0.000000,0.000000,0.000000,0.000000,0.000000,0.000000,0.000000,0.000000,999.990085,999.989767,999.990607,999.990820,999.990977,999.991139,999.991419,999.991589,999.991904,999.992299,999.992671,999.992707,999.993143,999.993452,999.993664,999.994145,999.994543,999.994949,999.995255,999.995734,999.996170,999.996741,999.997021,999.997496,999.997805,999.998333,999.999002,999.999439,999.999853,1000.000310,1000.000840,1000.001284,1000.001700,1000.002135,1000.002518,1000.002850,1000.003162,1000.003640,1000.004011,1000.004458,1000.004777,1000.005104,1000.005255,1000.005387,1000.005773,1000.005890,1000.006105,1000.006155,1000.006294,1000.006476,1000.006449,1000.006657,1000.006714,1000.006694,1000.006667,1000.006535,1000.006879,1000.006810,1000.006911,1000.007122,1000.007089,0.000000,0.000000,0.000000,0.000000,0.000000,0.000000,0.000000,0.000000,0.000000,0.000000,0.000000,0.000000,0.000000,0.000000,0.000000,0.000000,0.000000,0.000000,0.000000,0.000000,0.000000
0.000000,0.000000,0.000000,0.000000,0.000000,0.000000,0.000000,0.000000,0.000000,0.000000,0.000000,0.000000,0.000000,0.000000,0.000000,0.000000,0.000000,0.000000,0.000000,0.000000,999.989924,999.990132,999.990123,999.990451,999.990593,999.990739,999.991050,999.991265,999.991316,999.991686,999.991989,999.992212,999.992430,999.992902,999.993222,999.993553,999.993987,999.994405,999.994656,999.995111,999.995566,999.995968,999.996370,999.996882,999.997317,999.997905,999.998289,999.998764,999.999100,999.999697,1000.000017,1000.000589,1000.001117,1000.001543,1000.001902,1000.002366,1000.002934,1000.003258,1000.003727,1000.004050,1000.004335,1000.004679,1000.005023,1000.005409,1000.005673,1000.005800,1000.006094,1000.006203,1000.006415,1000.006502,1000.006659,1000.006578,1000.006721,1000.006843,1000.006916,1000.007001,1000.006851,1000.006909,1000.006979,1000.006916,1000.007098,1000.007027,1000.007056,0.000000,0.000000,0.000000,0.000000,0.000000,0.000000,0.000000,0.000000,0.000000,0.000000,0.000000,0.000000,0.000000,0.000000,0.000000,0.000000,0.000000,0.000000,0.000000,0.000000
0.000000,0.000000,0.000000,0.000000,0.000000,0.000000,0.000000,0.000000,0.000000,0.000000,0.000000,0.000000,0.000000,0.000000,0.000000,0.000000,0.000000,0.000000,0.000000,999.989981,999.989904,999.990115,999.990136,999.990324,999.990422,999.990683,999.990977,999.991044,999.991237,999.991548,999.991622,999.991877,999.992215,999.992617,999.992800,999.993137,999.993689,999.993853,999.994190,999.994794,999.995272,999.995642,999.996066,999.996598,999.997073,999.997702,999.998158,999.998491,999.999101,999.999682,1000.000190,1000.000500,1000.001013,1000.001444,1000.002000,1000.002457,1000.002901,1000.003362,1000.003781,1000.004115,1000.004409,1000.004845,1000.005057,1000.005461,1000.005830,1000.006022,1000.006112,1000.006411,1000.006566,1000.006711,1000.006842,1000.007016,1000.006912,1000.006957,1000.007044,1000.007124,1000.007072,1000.007029,1000.007037,1000.006934,1000.006994,1000.006988,1000.007047,1000.007139,0.000000,0.000000,0.000000,0.000000,0.000000,0.000000,0.000000,0.000000,0.000000,0.000000,0.000000,0.000000,0.000000,0.000000,0.000000,0.000000,0.000000,0.000000,0.000000
0.000000,0.000000,0.000000,0.000000,0.000000,0.000000,0.000000,0.000000,0.000000,0.000000,0.000000,0.000000,0.000000,0.000000,0.000000,0.000000,0.000000,0.000000,999.989533,999.989776,999.989905,999.989975,999.990114,999.990240,999.990454,999.990483,999.990625,999.990698,999.990934,999.991274,999.991476,999.991678,999.991942,999.992309,999.992485,999.992874,999.993320,999.993606,999.994087,999.994530,999.994895,999.995341,999.995987,999.996477,999.996853,999.997325,999.997797,999.998336,999.998961,999.999429,1000.000066,1000.000518,1000.000920,1000.001413,1000.001993,1000.002406,1000.002803,1000.003142,1000.003673,1000.004109,1000.004599,1000.005023,1000.005290,1000.005529,1000.005789,1000.006124,1000.006379,1000.006611,1000.006700,1000.006854,1000.006928,1000.007112,1000.007169,1000.007052,1000.007002,1000.007127,1000.007140,1000.007223,1000.007223,1000.007175,1000.007090,1000.007054,1000.006990,1000.007071,1000.007090,0.000000,0.000000,0.000000,0.000000,0.000000,0.000000,0.000000,0.000000,0.000000,0.000000,0.000000,0.000000,0.000000,0.000000,0.000000,0.000000,0.000000,0.000000
0.000000,0.000000,0.000000,0.000000,0.000000,0.000000,0.000000,0.000000,0.000000,0.000000,0.000000,0.000000,0.000000,0.000000,0.000000,0.000000,0.000000,999.989615,999.989639,999.989728,999.989776,999.989938,999.989958,999.990126,999.990137,999.990355,999.990460,999.990594,999.990814,999.990832,999.991056,999.991319,999.991633,999.991899,999.992218,999.992500,999.992793,999.993319,999.993781,999.994243,999.994587,999.995160,999.995662,999.996167,999.996589,999.997207,999.997806,999.998405,999.998787,999.999147,999.999597,1000.000283,1000.000935,1000.001375,1000.001838,1000.002315,1000.002872,1000.003239,1000.003679,1000.004160,1000.004523,1000.004934,1000.005345,1000.005659,1000.005914,1000.006139,1000.006473,1000.006628,1000.006831,1000.006996,1000.007103,1000.007124,1000.007288,1000.007440,1000.007405,1000.007300,1000.007271,1000.007182,1000.007258,1000.007249,1000.007134,1000.007200,1000.007106,1000.006984,1000.007067,1000.007156,0.000000,0.000000,0.000000,0.000000,0.000000,0.000000,0.000000,0.000000,0.000000,0.000000,0.000000,0.000000,0.000000,0.000000,0.000000,0.000000,0.000000
0.000000,0.000000,0.000000,0.000000,0.000000,0.000000,0.000000,0.000000,0.000000,0.000000,0.000000,0.000000,0.000000,0.000000,0.000000,0.000000,999.989469,999.989500,999.989569,999.989659,999.989840,999.989810,999.989942,999.989975,999.989938,999.990096,999.990156,999.990262,999.990391,999.990495,999.990779,999.991016,999.991202,999.991395,999.991719,999.992148,999.992504,999.992929,999.993325,999.993784,999.994354,999.994816,999.995251,999.995734,999.996427,999.996948,999.997527,999.997980,999.998638,999.999264,999.999721,1000.000196,1000.000720,1000.001254,1000.001730,1000.002222,1000.002778,1000.003322,1000.003735,1000.004140,1000.004474,1000.004923,1000.005284,1000.005776,1000.006134,1000.006426,1000.006681,1000.006815,1000.006981,1000.007244,1000.007315,1000.007374,1000.007394,1000.007545,1000.007648,1000.007595,1000.007565,1000.007315,1000.007260,1000.007301,1000.007149,1000.007205,1000.007443,1000.007171,1000.006962,1000.007050,1000.007243,0.000000,0.000000,0.000000,0.000000,0.000000,0.000000,0.000000,0.000000,0.000000,0.000000,0.000000,0.000000,0.000000,0.000000,0.000000,0.000000
0.000000,0.000000,0.000000,0.000000,0.000000,0.000000,0.000000,0.000000,0.000000,0.000000,0.000000,0.000000,0.000000,0.000000,0.000000,999.989615,999.989500,999.989526,999.989662,999.989730,999.989821,999.989622,999.989813,999.989676,999.989780,999.989862,999.989857,999.989940,999.989983,999.990238,999.990345,999.990524,999.990672,999.990985,999.991357,999.991790,999.992207,999.992478,999.992898,999.993390,999.993964,999.994413,999.995086,999.995624,999.996270,999.996703,999.997218,999.997696,999.998350,999.999085,999.999699,1000.000144,1000.000622,1000.001243,1000.001692,1000.002205,1000.002617,1000.003218,1000.003723,1000.004160,1000.004617,1000.005005,1000.005369,1000.005730,1000.006092,1000.006383,1000.006684,1000.007064,1000.007216,1000.007308,1000.007651,1000.007626,1000.007627,1000.007669,1000.007615,1000.007628,1000.007732,1000.007762,1000.007603,1000.007574,1000.007291,1000.007210,1000.007268,1000.007272,1000.007039,1000.007029,1000.007126,1000.006885,0.000000,0.000000,0.000000,0.000000,0.000000,0.000000,0.000000,0.000000,0.000000,0.000000,0.000000,0.000000,0.000000,0.000000,0.000000
0.000000,0.000000,0.000000,0.000000,0.000000,0.000000,0.000000,0.000000,0.000000,0.000000,0.000000,0.000000,0.000000,0.000000,999.989533,999.989639,999.989569,999.989662,999.989617,999.989661,999.989619,999.989548,999.989571,999.989589,999.989670,999.989669,999.989607,999.989639,999.989710,999.989875,999.989901,999.990050,999.990327,999.990661,999.990778,999.991174,999.991534,999.991926,999.992551,999.993080,999.993528,999.994127,999.994747,999.995297,999.995886,999.996500,999.997187,999.997846,999.998234,999.998719,999.999310,999.999913,1000.000504,1000.001097,1000.001581,1000.002166,1000.002616,1000.003020,1000.003630,1000.004097,1000.004608,1000.005072,1000.005500,1000.005840,1000.006222,1000.006495,1000.006676,1000.007016,1000.007307,1000.007389,1000.007730,1000.007773,1000.007822,1000.007830,1000.007852,1000.007785,1000.007746,1000.007704,1000.007672,1000.007738,1000.007484,1000.007254,1000.007301,1000.007294,1000.007184,1000.006943,1000.007069,1000.006972,1000.007162,0.000000,0.000000,0.000000,0.000000,0.000000,0.000000,0.000000,0.000000,0.000000,0.000000,0.000000,0.000000,0.000000,0.000000
0.000000,0.000000,0.000000,0.000000,0.000000,0.000000,0.000000,0.000000,0.000000,0.000000,0.000000,0.000000,0.000000,999.989981,999.989776,999.989728,999.989659,999.989730,999.989661,999.989500,999.989470,999.989490,999.989437,999.989362,999.989290,999.989143,999.989141,999.989170,999.989395,999.989312,999.989461,999.989563,999.989897,999.990082,999.990407,999.990796,999.991198,999.991598,999.992167,999.992663,999.993161,999.993852,999.994381,999.994927,999.995494,999.996153,999.996822,999.997537,999.998166,999.998692,999.999274,999.999895,1000.000389,1000.000953,1000.001466,1000.002048,1000.002755,1000.003062,1000.003629,1000.004093,1000.004523,1000.005051,1000.005491,1000.005850,1000.006312,1000.006725,1000.007032,1000.007234,1000.007472,1000.007544,1000.007810,1000.007975,1000.008081,1000.008136,1000.008113,1000.008120,1000.008032,1000.007834,1000.007725,1000.007745,1000.007769,1000.007529,1000.007310,1000.007286,1000.007374,1000.007007,1000.006978,1000.006924,1000.006899,1000.006775,0.000000,0.000000,0.000000,0.000000,0.000000,0.000000,0.000000,0.000000,0.000000,0.000000,0.000000,0.000000,0.000000
0.000000,0.000000,0.000000,0.000000,0.000000,0.000000,0.000000,0.000000,0.000000,0.000000,0.000000,0.000000,999.989924,999.989904,999.989905,999.989776,999.989840,999.989821,999.989619,999.989470,999.989431,999.989487,999.989226,999.989041,999.989067,999.988975,999.988961,999.988967,999.988864,999.988847,999.988927,999.989091,999.989279,999.989476,999.989807,999.990151,999.990537,999.991001,999.991567,999.992131,999.992810,999.993491,999.994091,999.994770,999.995540,999.996128,999.996730,999.997325,999.998057,999.998595,999.999221,999.999868,1000.000318,1000.000923,1000.001467,1000.001953,1000.002553,1000.003116,1000.003557,1000.004108,1000.004538,1000.004976,1000.005417,1000.005831,1000.006215,1000.006608,1000.007070,1000.007375,1000.007657,1000.007724,1000.007822,1000.008069,1000.008191,1000.008214,1000.008240,1000.008219,1000.008255,1000.008165,1000.007905,1000.007886,1000.007809,1000.007740,1000.007429,1000.007249,1000.007252,1000.007228,1000.006957,1000.006964,1000.006936,1000.006845,1000.006834,0.000000,0.000000,0.000000,0.000000,0.000000,0.000000,0.000000,0.000000,0.000000,0.000000,0.000000,0.000000
0.000000,0.000000,0.000000,0.000000,0.000000,0.000000,0.000000,0.000000,0.000000,0.000000,0.000000,999.990085,999.990132,999.990115,999.989975,999.989938,999.989810,999.989622,999.989548,999.989490,999.989487,999.989360,999.988892,999.988950,999.988890,999.988686,999.988545,999.988414,999.988366,999.988384,999.988469,999.988584,999.988646,999.988831,999.989103,999.989601,999.989901,999.990572,999.991068,999.991675,999.992250,999.992860,999.993658,999.994426,999.995233,999.995841,999.996519,999.997159,999.997809,999.998435,999.999017,999.999718,1000.000194,1000.000875,1000.001476,1000.001905,1000.002418,1000.002974,1000.003461,1000.004050,1000.004589,1000.005043,1000.005519,1000.006015,1000.006335,1000.006665,1000.006954,1000.007358,1000.007685,1000.007990,1000.008062,1000.008144,1000.008308,1000.008315,1000.008381,1000.008323,1000.008349,1000.008318,1000.008034,1000.007949,1000.007787,1000.007805,1000.007718,1000.007386,1000.007260,1000.007240,1000.006973,1000.006874,1000.006853,1000.006784,1000.006593,1000.006900,0.000000,0.000000,0.000000,0.000000,0.000000,0.000000,0.000000,0.000000,0.000000,0.000000,0.000000
0.000000,0.000000,0.000000,0.000000,0.000000,0.000000,0.000000,0.000000,0.000000,0.000000,0.000000,999.989767,999.990123,999.990136,999.990114,999.989958,999.989942,999.989813,999.989571,999.989437,999.989226,999.988892,999.988816,999.988743,999.988487,999.988200,999.988100,999.987980,999.987920,999.987848,999.987869,999.987854,999.988097,999.988247,999.988540,999.988930,999.989357,999.989949,999.990459,999.991231,999.991965,999.992715,999.993510,999.994165,999.994929,999.995699,999.996428,999.997122,999.997755,999.998471,999.999063,999.999692,1000.000226,1000.000769,1000.001339,1000.001884,1000.002443,1000.002979,1000.003490,1000.003991,1000.004478,1000.004993,1000.005465,1000.006013,1000.006457,1000.006853,1000.007106,1000.007346,1000.007706,1000.008082,1000.008276,1000.008426,1000.008535,1000.008606,1000.008606,1000.008470,1000.008453,1000.008533,1000.008302,1000.008209,1000.007999,1000.007700,1000.007809,1000.007563,1000.007314,1000.007292,1000.007037,1000.006824,1000.006938,1000.006943,1000.006647,1000.006773,0.000000,0.000000,0.000000,0.000000,0.000000,0.000000,0.000000,0.000000,0.000000,0.000000,0.000000
0.000000,0.000000,0.000000,0.000000,0.000000,0.000000,0.000000,0.000000,0.000000,0.000000,999.990909,999.990607,999.990451,999.990324,999.990240,999.990126,999.989975,999.989676,999.989589,999.989362,999.989041,999.988950,999.988743,999.988382,999.988170,999.987951,999.987841,999.987614,999.987340,999.987233,999.987086,999.987219,999.987252,999.987416,999.987758,999.988131,999.988605,999.989180,999.989860,999.990673,999.991475,999.992289,999.993145,999.993904,999.994763,999.995595,999.996357,999.997090,999.997793,999.998436,999.999039,999.999641,1000.000275,1000.000769,1000.001331,1000.001943,1000.002425,1000.003014,1000.003532,1000.003973,1000.004473,1000.004959,1000.005370,1000.005822,1000.006361,1000.006777,1000.007145,1000.007569,1000.007764,1000.008056,1000.008278,1000.008445,1000.008554,1000.008641,1000.008777,1000.008724,1000.008478,1000.008573,1000.008461,1000.008296,1000.008179,1000.007845,1000.007776,1000.007548,1000.007376,1000.007302,1000.007225,1000.006844,1000.006646,1000.006786,1000.006710,1000.006422,1000.006423,0.000000,0.000000,0.000000,0.000000,0.000000,0.000000,0.000000,0.000000,0.000000,0.000000
0.000000,0.000000,0.000000,0.000000,0.000000,0.000000,0.000000,0.000000,0.000000,999.990909,999.990883,999.990820,999.990593,999.990422,999.990454,999.990137,999.989938,999.989780,999.989670,999.989290,999.989067,999.988890,999.988487,999.988170,999.987954,999.987557,999.987271,999.986933,999.986739,999.986673,999.986579,999.986534,999.986391,999.986691,999.986953,999.987279,999.987796,999.988478,999.989197,999.989970,999.990798,999.991792,999.992727,999.993715,999.994639,999.995411,999.996215,999.997011,999.997765,999.998462,999.998981,999.999617,1000.000233,1000.000813,1000.001348,1000.001886,1000.002337,1000.002921,1000.003454,1000.003947,1000.004501,1000.005067,1000.005514,1000.005867,1000.006342,1000.006849,1000.007121,1000.007588,1000.007909,1000.008095,1000.008300,1000.008489,1000.008632,1000.008707,1000.008743,1000.008883,1000.008690,1000.008565,1000.008599,1000.008360,1000.008272,1000.008053,1000.007929,1000.007697,1000.007397,1000.007200,1000.007214,1000.007043,1000.006713,1000.006484,1000.006682,1000.006438,1000.006350,1000.006555,0.000000,0.000000,0.000000,0.000000,0.000000,0.000000,0.000000,0.000000,0.000000
0.000000,0.000000,0.000000,0.000000,0.000000,0.000000,0.000000,0.000000,0.000000,999.990675,999.990874,999.990977,999.990739,999.990683,999.990483,999.990355,999.990096,999.989862,999.989669,999.989143,999.988975,999.988686,999.988200,999.987951,999.987557,999.987141,999.986867,999.986547,999.986300,999.985998,999.985651,999.985506,999.985535,999.985694,999.985866,999.986217,999.986850,999.987619,999.988423,999.989386,999.990434,999.991500,999.992501,999.993541,999.994517,999.995446,999.996406,999.997152,999.997828,999.998540,999.999164,999.999708,1000.000328,1000.000865,1000.001387,1000.001868,1000.002390,1000.002890,1000.003423,1000.003928,1000.004335,1000.004867,1000.005486,1000.005886,1000.006274,1000.006816,1000.007127,1000.007411,1000.007847,1000.008123,1000.008375,1000.008590,1000.008754,1000.008808,1000.008861,1000.008973,1000.008891,1000.008615,1000.008658,1000.008520,1000.008275,1000.008188,1000.007973,1000.007794,1000.007587,1000.007217,1000.007132,1000.007106,1000.006798,1000.006561,1000.006585,1000.006435,1000.006324,1000.006458,0.000000,0.000000,0.000000,0.000000,0.000000,0.000000,0.000000,0.000000,0.000000
0.000000,0.000000,0.000000,0.000000,0.000000,0.000000,0.000000,0.000000,999.991569,999.991206,999.991247,999.991139,999.991050,999.990977,999.990625,999.990460,999.990156,999.989857,999.989607,999.989141,999.988961,999.988545,999.988100,999.987841,999.987271,999.986867,999.986575,999.986008,999.985497,999.985096,999.984833,999.984719,999.984636,999.984625,999.984798,999.985185,999.985918,999.986597,999.987486,999.988607,999.989833,999.991043,999.992200,999.993451,999.994508,999.995521,999.996413,999.997160,999.997882,999.998630,999.999406,999.999825,1000.000438,1000.000894,1000.001471,1000.001970,1000.002514,1000.002906,1000.003434,1000.004010,1000.004479,1000.004825,1000.005382,1000.005865,1000.006259,1000.006766,1000.007197,1000.007464,1000.007798,1000.008132,1000.008391,1000.008582,1000.008849,1000.008840,1000.008797,1000.008880,1000.009015,1000.008772,1000.008730,1000.008610,1000.008332,1000.008181,1000.007948,1000.007766,1000.007643,1000.007372,1000.007101,1000.006937,1000.006789,1000.006554,1000.006459,1000.006403,1000.006173,1000.006222,1000.006149,0.000000,0.000000,0.000000,0.000000,0.000000,0.000000,0.000000,0.000000
0.000000,0.000000,0.000000,0.000000,0.000000,0.000000,0.000000,0.000000,999.991020,999.991743,999.991620,999.991419,999.991265,999.991044,999.990698,999.990594,999.990262,999.989940,999.989639,999.989170,999.988967,999.988414,999.987980,999.987614,999.986933,999.986547,999.986008,999.985280,999.984986,999.984542,999.984063,999.983670,999.983317,999.983233,999.983367,999.983882,999.984593,999.985332,999.986553,999.987845,999.989200,999.990622,999.991961,999.993365,999.994607,999.995720,999.996633,999.997531,999.998233,999.998864,999.999483,1000.000062,1000.000516,1000.001000,1000.001483,1000.002017,1000.002487,1000.002901,1000.003354,1000.003959,1000.004461,1000.004894,1000.005305,1000.005783,1000.006170,1000.006622,1000.007119,1000.007509,1000.007797,1000.008103,1000.008351,1000.008469,1000.008710,1000.008872,1000.008936,1000.008886,1000.008902,1000.008835,1000.008680,1000.008635,1000.008478,1000.008383,1000.008014,1000.007771,1000.007660,1000.007431,1000.007185,1000.006884,1000.006754,1000.006671,1000.006418,1000.006420,1000.006150,1000.006066,1000.006243,0.000000,0.000000,0.000000,0.000000,0.000000,0.000000,0.000000,0.000000
0.000000,0.000000,0.000000,0.000000,0.000000,0.000000,0.000000,999.992399,999.992103,999.992055,999.991765,999.991589,999.991316,999.991237,999.990934,999.990814,999.990391,999.989983,999.989710,999.989395,999.988864,999.988366,999.987920,999.987340,999.986739,999.986300,999.985497,999.984986,999.984436,999.983464,999.982872,999.982382,999.982033,999.981966,999.982050,999.982333,999.982962,999.983906,999.985371,999.986867,999.988605,999.990355,999.991970,999.993406,999.994695,999.995804,999.996833,999.997885,999.998665,999.999200,999.999705,1000.000301,1000.000833,1000.001245,1000.001668,1000.002105,1000.002594,1000.003077,1000.003444,1000.003845,1000.004287,1000.004867,1000.005305,1000.005784,1000.006194,1000.006556,1000.006894,1000.007346,1000.007662,1000.007978,1000.008316,1000.008517,1000.008683,1000.008795,1000.008899,1000.008964,1000.008917,1000.008913,1000.008686,1000.008531,1000.008404,1000.008349,1000.008081,1000.007832,1000.007523,1000.007430,1000.007131,1000.006889,1000.006782,1000.006494,1000.006195,1000.006338,1000.006140,1000.006000,1000.005980,1000.005936,0.000000,0.000000,0.000000,0.000000,0.000000,0.000000,0.000000
0.000000,0.000000,0.000000,0.000000,0.000000,0.000000,0.000000,999.991936,999.992519,999.992212,999.992016,999.991904,999.991686,999.991548,999.991274,999.990832,999.990495,999.990238,999.989875,999.989312,999.988847,999.988384,999.987848,999.987233,999.986673,999.985998,999.985096,999.984542,999.983464,999.982612,999.982218,999.981322,999.980651,999.980179,999.979956,999.980153,999.981061,999.982293,999.983943,999.985799,999.987781,999.989922,999.991916,999.993717,999.995330,999.996539,999.997472,999.998294,999.999015,999.999573,1000.000111,1000.000539,1000.001001,1000.001396,1000.001834,1000.002193,1000.002555,1000.003123,1000.003529,1000.003835,1000.004284,1000.004709,1000.005214,1000.005658,1000.006119,1000.006550,1000.006887,1000.007294,1000.007608,1000.007865,1000.008141,1000.008390,1000.008652,1000.008681,1000.008808,1000.008850,1000.008764,1000.008906,1000.008794,1000.008582,1000.008319,1000.008219,1000.008061,1000.007885,1000.007570,1000.007344,1000.007118,1000.006839,1000.006772,1000.006464,1000.006232,1000.006155,1000.005971,1000.005898,1000.005741,1000.006016,0.000000,0.000000,0.000000,0.000000,0.000000,0.000000,0.000000
0.000000,0.000000,0.000000,0.000000,0.000000,0.000000,999.993382,999.993035,999.992764,999.992472,999.992374,999.992299,999.991989,999.991622,999.991476,999.991056,999.990779,999.990345,999.989901,999.989461,999.988927,999.988469,999.987869,999.987086,999.986579,999.985651,999.984833,999.984063,999.982872,999.982218,999.981057,999.979482,999.978654,999.978051,999.977612,999.978075,999.978804,999.980137,999.982205,999.984762,999.987319,999.989865,999.992127,999.994060,999.995742,999.997185,999.998272,999.998976,999.999554,1000.000087,1000.000601,1000.000934,1000.001233,1000.001676,1000.001978,1000.002399,1000.002668,1000.003074,1000.003497,1000.003978,1000.004391,1000.004716,1000.005108,1000.005546,1000.005933,1000.006338,1000.006724,1000.007139,1000.007494,1000.007735,1000.008016,1000.008162,1000.008476,1000.008593,1000.008659,1000.008810,1000.008634,1000.008688,1000.008649,1000.008606,1000.008394,1000.008182,1000.008100,1000.007764,1000.007535,1000.007382,1000.007039,1000.006812,1000.006757,1000.006327,1000.006178,1000.006215,1000.005783,1000.005847,1000.005672,1000.005552,1000.005465,0.000000,0.000000,0.000000,0.000000,0.000000,0.000000
0.000000,0.000000,0.000000,0.000000,0.000000,0.000000,999.992905,999.993417,999.993155,999.992953,999.992694,999.992671,999.992212,999.991877,999.991678,999.991319,999.991016,999.990524,999.990050,999.989563,999.989091,999.988584,999.987854,999.987219,999.986534,999.985506,999.984719,999.983670,999.982382,999.981322,999.979482,999.978163,999.977424,999.975991,999.974891,999.974766,999.975348,999.977066,999.979847,999.983197,999.986675,999.989971,999.992986,999.995275,999.996758,999.998047,999.999037,999.999763,1000.000333,1000.000749,1000.001134,1000.001378,1000.001704,1000.001993,1000.002194,1000.002532,1000.002817,1000.003117,1000.003418,1000.003888,1000.004292,1000.004700,1000.005061,1000.005439,1000.005818,1000.006248,1000.006550,1000.006952,1000.007299,1000.007609,1000.007888,1000.008032,1000.008248,1000.008408,1000.008510,1000.008701,1000.008609,1000.008554,1000.008481,1000.008383,1000.008300,1000.007959,1000.007966,1000.007729,1000.007395,1000.007335,1000.007007,1000.006689,1000.006587,1000.006284,1000.006103,1000.005993,1000.005665,1000.005683,1000.005536,1000.005223,1000.005817,0.000000,0.000000,0.000000,0.000000,0.000000,0.000000
0.000000,0.000000,0.000000,0.000000,0.000000,999.994403,999.994119,999.993590,999.993299,999.993410,999.993078,999.992707,999.992430,999.992215,999.991942,999.991633,999.991202,999.990672,999.990327,999.989897,999.989279,999.988646,999.988097,999.987252,999.986391,999.985535,999.984636,999.983317,999.982033,999.980651,999.978654,999.977424,999.975174,999.972157,999.970919,999.970556,999.971137,999.973674,999.977339,999.981485,999.986200,999.990377,999.993873,999.996668,999.998469,999.999644,1000.000313,1000.000823,1000.001172,1000.001437,1000.001629,1000.001777,1000.001993,1000.002216,1000.002435,1000.002713,1000.002995,1000.003307,1000.003591,1000.003875,1000.004201,1000.004553,1000.004966,1000.005315,1000.005680,1000.006088,1000.006373,1000.006703,1000.007027,1000.007315,1000.007685,1000.007854,1000.008076,1000.008201,1000.008213,1000.008353,1000.008470,1000.008413,1000.008346,1000.008265,1000.008191,1000.007864,1000.007847,1000.007628,1000.007248,1000.007237,1000.006984,1000.006624,1000.006474,1000.006149,1000.006086,1000.006001,1000.005612,1000.005497,1000.005415,1000.005203,1000.005026,1000.004941,0.000000,0.000000,0.000000,0.000000,0.000000
0.000000,0.000000,0.000000,0.000000,0.000000,999.993801,999.994314,999.993989,999.993835,999.993640,999.993252,999.993143,999.992902,999.992617,999.992309,999.991899,999.991395,999.990985,999.990661,999.990082,999.989476,999.988831,999.988247,999.987416,999.986691,999.985694,999.984625,999.983233,999.981966,999.980179,999.978051,999.975991,999.972157,999.969529,999.967624,999.965117,999.965494,999.968417,999.973196,999.980205,999.987050,999.992338,999.996253,999.998693,1000.000311,1000.001225,1000.001778,1000.002053,1000.002152,1000.002279,1000.002323,1000.002354,1000.002460,1000.002512,1000.002720,1000.002884,1000.003116,1000.003367,1000.003638,1000.003881,1000.004220,1000.004498,1000.004880,1000.005238,1000.005532,1000.005894,1000.006258,1000.006545,1000.006825,1000.007049,1000.007381,1000.007608,1000.007809,1000.008011,1000.008077,1000.008072,1000.008157,1000.008209,1000.008115,1000.008045,1000.008047,1000.007776,1000.007622,1000.007467,1000.007188,1000.007048,1000.006769,1000.006463,1000.006388,1000.006074,1000.005821,1000.005766,1000.005508,1000.005373,1000.005176,1000.005192,1000.004967,1000.005063,0.000000,0.000000,0.000000,0.000000,0.000000
0.000000,0.000000,0.000000,0.000000,999.995187,999.994756,999.994580,999.994394,999.994057,999.994027,999.993855,999.993452,999.993222,999.992800,999.992485,999.992218,999.991719,999.991357,999.990778,999.990407,999.989807,999.989103,999.988540,999.987758,999.986953,999.985866,999.984798,999.983367,999.982050,999.979956,999.977612,999.974891,999.970919,999.967624,999.961641,999.955439,999.954176,999.957720,999.965893,999.977144,999.988112,999.996052,1000.000387,1000.002271,1000.003052,1000.003320,1000.003442,1000.003396,1000.003249,1000.003129,1000.002995,1000.002963,1000.002968,1000.002897,1000.002978,1000.003034,1000.003173,1000.003349,1000.003608,1000.003814,1000.004154,1000.004443,1000.004712,1000.005048,1000.005335,1000.005650,1000.005952,1000.006304,1000.006575,1000.006814,1000.007058,1000.007239,1000.007482,1000.007684,1000.007762,1000.007921,1000.007889,1000.007878,1000.007851,1000.007745,1000.007777,1000.007541,1000.007394,1000.007309,1000.007018,1000.006805,1000.006685,1000.006397,1000.006190,1000.006050,1000.005681,1000.005437,1000.005343,1000.005181,1000.005003,1000.005048,1000.004838,1000.004591,1000.004669,0.000000,0.000000,0.000000,0.000000
0.000000,0.000000,0.000000,0.000000,999.994575,999.994806,999.994822,999.994704,999.994451,999.994388,999.993966,999.993664,999.993553,999.993137,999.992874,999.992500,999.992148,999.991790,999.991174,999.990796,999.990151,999.989601,999.988930,999.988131,999.987279,999.986217,999.985185,999.983882,999.982333,999.980153,999.978075,999.974766,999.970556,999.965117,999.955439,999.945598,999.944425,999.952802,999.964946,999.980048,999.995203,1000.003000,1000.005259,1000.006384,1000.006177,1000.005824,1000.005277,1000.004780,1000.004392,1000.003957,1000.003661,1000.003467,1000.003319,1000.003276,1000.003260,1000.003294,1000.003373,1000.003514,1000.003733,1000.003919,1000.004115,1000.004386,1000.004616,1000.004880,1000.005178,1000.005427,1000.005734,1000.005986,1000.006249,1000.006499,1000.006806,1000.006893,1000.007041,1000.007304,1000.007334,1000.007545,1000.007585,1000.007648,1000.007598,1000.007392,1000.007498,1000.007390,1000.007071,1000.007054,1000.006866,1000.006614,1000.006410,1000.006248,1000.005944,1000.005758,1000.005729,1000.005521,1000.005161,1000.005041,1000.004782,1000.004710,1000.004707,1000.004610,1000.004763,0.000000,0.000000,0.000000,0.000000
