0.000000,0.000000,0.000000,0.000000,0.000000,0.000000,0.000000,0.000000,0.000000,0.000000,0.000000,0.000000,0.000000,0.000000,0.000000,0.000000,0.000000,0.000000,0.000000,0.000000,0.000000,0.000000,0.000000,0.000000,0.000000,0.000000,0.000000,0.000000,0.000000,0.000000,0.000000,0.000000,0.000000,0.000000,0.000000,0.000000,0.000000,0.000000,0.000000,0.000000,0.000000,0.000000,0.000000,0.000000,0.000000,0.000000,0.000000,0.000000,0.000000,0.000000,0.000000,0.000000,0.000000,0.000000,0.000000,0.000000,0.000000,0.000000,0.000000,0.000000,0.000000,0.000000,0.000000,0.000000,0.000000,0.000000,0.000000,0.000000,0.000000,0.000000,0.000000,0.000000,0.000000,0.000000,0.000000,0.000000,0.000000,0.000000,0.000000,0.000000,0.000000,0.000000,0.000000,0.000000,0.000000,0.000000,0.000000,0.000000,0.000000,0.000000,0.000000,0.000000,0.000000,0.000000,0.000000,0.000000,0.000000,0.000000,0.000000,0.000000,0.000000,0.000000,0.000000
0.000000,0.000000,0.000000,0.000000,0.000000,0.000000,0.000000,0.000000,0.000000,0.000000,0.000000,0.000000,0.000000,0.000000,0.000000,0.000000,0.000000,0.000000,0.000000,0.000000,0.000000,0.000000,0.000000,0.000000,0.000000,0.000000,0.000000,0.000000,0.000000,0.000000,0.000000,0.000000,0.000000,0.000000,0.000000,0.000000,0.000000,0.000000,0.000000,0.000000,0.000000,0.000000,0.000000,0.000000,0.000000,0.000000,0.000000,0.000000,0.000000,0.000000,0.000000,999.998218,0.000000,0.000000,0.000000,0.000000,0.000000,0.000000,0.000000,0.000000,0.000000,0.000000,0.000000,0.000000,0.000000,0.000000,0.000000,0.000000,0.000000,0.000000,0.000000,0.000000,0.000000,0.000000,0.000000,0.000000,0.000000,0.000000,0.000000,0.000000,0.000000,0.000000,0.000000,0.000000,0.000000,0.000000,0.000000,0.000000,0.000000,0.000000,0.000000,0.000000,0.000000,0.000000,0.000000,0.000000,0.000000,0.000000,0.000000,0.000000,0.000000,0.000000,0.000000
0.000000,0.000000,0.000000,0.000000,0.000000,0.000000,0.000000,0.000000,0.000000,0.000000,0.000000,0.000000,0.000000,0.000000,0.000000,0.000000,0.000000,0.000000,0.000000,0.000000,0.000000,0.000000,0.000000,0.000000,0.000000,0.000000,0.000000,0.000000,0.000000,0.000000,0.000000,0.000000,0.000000,0.000000,0.000000,0.000000,0.000000,0.000000,0.000000,0.000000,0.000000,0.000000,999.996315,999.993896,999.993950,999.994453,999.995028,999.995603,999.996291,999.997210,999.998029,999.998135,999.998279,999.999007,999.999855,1000.000343,1000.000765,1000.001118,1000.001422,1000.001411,999.999735,0.000000,0.000000,0.000000,0.000000,0.000000,0.000000,0.000000,0.000000,0.000000,0.000000,0.000000,0.000000,0.000000,0.000000,0.000000,0.000000,0.000000,0.000000,0.000000,0.000000,0.000000,0.000000,0.000000,0.000000,0.000000,0.000000,0.000000,0.000000,0.000000,0.000000,0.000000,0.000000,0.000000,0.000000,0.000000,0.000000,0.000000,0.000000,0.000000,0.000000,0.000000,0.000000
0.000000,0.000000,0.000000,0.000000,0.000000,0.000000,0.000000,0.000000,0.000000,0.000000,0.000000,0.000000,0.000000,0.000000,0.000000,0.000000,0.000000,0.000000,0.000000,0.000000,0.000000,0.000000,0.000000,0.000000,0.000000,0.000000,0.000000,0.000000,0.000000,0.000000,0.000000,0.000000,0.000000,0.000000,0.000000,0.000000,0.000000,999.992605,999.990332,999.990196,999.991324,999.993108,999.995564,999.994960,999.994576,999.994747,999.995204,999.995774,999.996351,999.996954,999.997841,999.998048,999.998223,999.999070,999.999569,1000.000034,1000.000456,1000.000776,1000.000856,1000.000565,1000.000155,1000.001776,1000.002823,1000.003439,1000.003215,1000.001909,0.000000,0.000000,0.000000,0.000000,0.000000,0.000000,0.000000,0.000000,0.000000,0.000000,0.000000,0.000000,0.000000,0.000000,0.000000,0.000000,0.000000,0.000000,0.000000,0.000000,0.000000,0.000000,0.000000,0.000000,0.000000,0.000000,0.000000,0.000000,0.000000,0.000000,0.000000,0.000000,0.000000,0.000000,0.000000,0.000000,0.000000
0.000000,0.000000,0.000000,0.000000,0.000000,0.000000,0.000000,0.000000,0.000000,0.000000,0.000000,0.000000,0.000000,0.000000,0.000000,0.000000,0.000000,0.000000,0.000000,0.000000,0.000000,0.000000,0.000000,0.000000,0.000000,0.000000,0.000000,0.000000,0.000000,0.000000,0.000000,0.000000,0.000000,0.000000,999.990465,999.988771,999.989742,999.992040,999.991637,999.991428,999.991810,999.993305,999.994162,999.994403,999.994643,999.994954,999.995347,999.995838,999.996412,999.996913,999.997479,999.997959,999.998431,999.998919,999.999377,999.999836,1000.000199,1000.000490,1000.000707,1000.000835,1000.000957,1000.001509,1000.002406,1000.002596,1000.002429,1000.002139,1000.003327,1000.003816,1000.002949,0.000000,0.000000,0.000000,0.000000,0.000000,0.000000,0.000000,0.000000,0.000000,0.000000,0.000000,0.000000,0.000000,0.000000,0.000000,0.000000,0.000000,0.000000,0.000000,0.000000,0.000000,0.000000,0.000000,0.000000,0.000000,0.000000,0.000000,0.000000,0.000000,0.000000,0.000000,0.000000,0.000000,0.000000
0.000000,0.000000,0.000000,0.000000,0.000000,0.000000,0.000000,0.000000,0.000000,0.000000,0.000000,0.000000,0.000000,0.000000,0.000000,0.000000,0.000000,0.000000,0.000000,0.000000,0.000000,0.000000,0.000000,0.000000,0.000000,0.000000,0.000000,0.000000,0.000000,0.000000,0.000000,0.000000,999.989763,999.988261,999.990155,999.989988,999.990641,999.991159,999.991373,999.991797,999.992295,999.993045,999.993565,999.994204,999.994614,999.994975,999.995397,999.995843,999.996381,999.996927,999.997390,999.997895,999.998380,999.998806,999.999271,999.999698,1000.000029,1000.000346,1000.000604,1000.000863,1000.001233,1000.001550,1000.001989,1000.002258,1000.002469,1000.002571,1000.002776,1000.003086,1000.002965,1000.003873,1000.003082,0.000000,0.000000,0.000000,0.000000,0.000000,0.000000,0.000000,0.000000,0.000000,0.000000,0.000000,0.000000,0.000000,0.000000,0.000000,0.000000,0.000000,0.000000,0.000000,0.000000,0.000000,0.000000,0.000000,0.000000,0.000000,0.000000,0.000000,0.000000,0.000000,0.000000,0.000000,0.000000
0.000000,0.000000,0.000000,0.000000,0.000000,0.000000,0.000000,0.000000,0.000000,0.000000,0.000000,0.000000,0.000000,0.000000,0.000000,0.000000,0.000000,0.000000,0.000000,0.000000,0.000000,0.000000,0.000000,0.000000,0.000000,0.000000,0.000000,0.000000,0.000000,0.000000,999.988181,999.986738,999.989028,999.989579,999.989857,999.990010,999.990488,999.990868,999.991396,999.991861,999.992370,999.992929,999.993475,999.994028,999.994474,999.994930,999.995411,999.995878,999.996347,999.996882,999.997353,999.997839,999.998316,999.998753,999.999185,999.999567,999.999946,1000.000294,1000.000601,1000.000910,1000.001231,1000.001520,1000.001861,1000.002139,1000.002363,1000.002631,1000.002781,1000.002994,1000.003014,1000.003160,1000.003401,1000.004376,1000.003719,0.000000,0.000000,0.000000,0.000000,0.000000,0.000000,0.000000,0.000000,0.000000,0.000000,0.000000,0.000000,0.000000,0.000000,0.000000,0.000000,0.000000,0.000000,0.000000,0.000000,0.000000,0.000000,0.000000,0.000000,0.000000,0.000000,0.000000,0.000000,0.000000,0.000000
0.000000,0.000000,0.000000,0.000000,0.000000,0.000000,0.000000,0.000000,0.000000,0.000000,0.000000,0.000000,0.000000,0.000000,0.000000,0.000000,0.000000,0.000000,0.000000,0.000000,0.000000,0.000000,0.000000,0.000000,0.000000,0.000000,0.000000,0.000000,999.986654,999.985340,999.987585,999.988334,999.988701,999.989106,999.989434,999.990008,999.990413,999.990837,999.991337,999.991810,999.992333,999.992849,999.993377,999.993917,999.994401,999.994888,999.995372,999.995881,999.996339,999.996832,999.997315,999.997782,999.998258,999.998706,999.999127,999.999517,999.999901,1000.000240,1000.000566,1000.000882,1000.001226,1000.001526,1000.001803,1000.002093,1000.002327,1000.002543,1000.002746,1000.002946,1000.003166,1000.003275,1000.003440,1000.003591,1000.003874,1000.004829,1000.004179,0.000000,0.000000,0.000000,0.000000,0.000000,0.000000,0.000000,0.000000,0.000000,0.000000,0.000000,0.000000,0.000000,0.000000,0.000000,0.000000,0.000000,0.000000,0.000000,0.000000,0.000000,0.000000,0.000000,0.000000,0.000000,0.000000,0.000000,0.000000
0.000000,0.000000,0.000000,0.000000,0.000000,0.000000,0.000000,0.000000,0.000000,0.000000,0.000000,0.000000,0.000000,0.000000,0.000000,0.000000,0.000000,0.000000,0.000000,0.000000,0.000000,0.000000,0.000000,0.000000,0.000000,0.000000,999.985240,999.984188,999.986195,999.986945,999.987400,999.987898,999.988309,999.988944,999.989374,999.989849,999.990269,999.990759,999.991254,999.991765,999.992256,999.992777,999.993301,999.993833,999.994352,999.994843,999.995334,999.995853,999.996340,999.996833,999.997310,999.997787,999.998226,999.998673,999.999091,999.999503,999.999895,1000.000242,1000.000567,1000.000877,1000.001202,1000.001539,1000.001780,1000.002034,1000.002308,1000.002539,1000.002748,1000.002939,1000.003136,1000.003298,1000.003563,1000.003717,1000.003892,1000.004062,1000.004333,1000.005077,1000.004651,0.000000,0.000000,0.000000,0.000000,0.000000,0.000000,0.000000,0.000000,0.000000,0.000000,0.000000,0.000000,0.000000,0.000000,0.000000,0.000000,0.000000,0.000000,0.000000,0.000000,0.000000,0.000000,0.000000,0.000000,0.000000,0.000000
0.000000,0.000000,0.000000,0.000000,0.000000,0.000000,0.000000,0.000000,0.000000,0.000000,0.000000,0.000000,0.000000,0.000000,0.000000,0.000000,0.000000,0.000000,0.000000,0.000000,0.000000,0.000000,0.000000,0.000000,999.984343,999.983493,999.985039,999.985684,999.986126,999.986681,999.987094,999.987724,999.988257,999.988747,999.989221,999.989690,999.990200,999.990683,999.991169,999.991664,999.992186,999.992733,999.993251,999.993776,999.994268,999.994814,999.995319,999.995819,999.996306,999.996807,999.997297,999.997769,999.998228,999.998654,999.999080,999.999487,999.999860,1000.000214,1000.000594,1000.000905,1000.001219,1000.001524,1000.001807,1000.002046,1000.002317,1000.002536,1000.002742,1000.002943,1000.003156,1000.003317,1000.003541,1000.003735,1000.003960,1000.004081,1000.004296,1000.004455,1000.004652,1000.005192,1000.004878,0.000000,0.000000,0.000000,0.000000,0.000000,0.000000,0.000000,0.000000,0.000000,0.000000,0.000000,0.000000,0.000000,0.000000,0.000000,0.000000,0.000000,0.000000,0.000000,0.000000,0.000000,0.000000,0.000000,0.000000
0.000000,0.000000,0.000000,0.000000,0.000000,0.000000,0.000000,0.000000,0.000000,0.000000,0.000000,0.000000,0.000000,0.000000,0.000000,0.000000,0.000000,0.000000,0.000000,0.000000,0.000000,0.000000,0.000000,999.984603,999.984299,999.984657,999.985100,999.985578,999.985954,999.986600,999.987086,999.987600,999.988102,999.988592,999.989080,999.989568,999.990086,999.990575,999.991067,999.991573,999.992127,999.992659,999.993182,999.993708,999.994248,999.994789,999.995298,999.995809,999.996316,999.996833,999.997299,999.997785,999.998244,999.998700,999.999114,999.999524,999.999888,1000.000229,1000.000607,1000.000934,1000.001218,1000.001509,1000.001826,1000.002075,1000.002316,1000.002539,1000.002763,1000.002973,1000.003186,1000.003369,1000.003527,1000.003729,1000.003916,1000.004100,1000.004300,1000.004433,1000.004587,1000.004707,1000.004820,1000.004683,0.000000,0.000000,0.000000,0.000000,0.000000,0.000000,0.000000,0.000000,0.000000,0.000000,0.000000,0.000000,0.000000,0.000000,0.000000,0.000000,0.000000,0.000000,0.000000,0.000000,0.000000,0.000000,0.000000
0.000000,0.000000,0.000000,0.000000,0.000000,0.000000,0.000000,0.000000,0.000000,0.000000,0.000000,0.000000,0.000000,0.000000,0.000000,0.000000,0.000000,0.000000,0.000000,0.000000,0.000000,999.982951,999.982445,999.984151,999.984544,999.984866,999.985083,999.985556,999.986034,999.986512,999.986963,999.987476,999.987971,999.988445,999.988949,999.989442,999.989943,999.990445,999.990959,999.991516,999.992043,999.992557,999.993094,999.993668,999.994224,999.994756,999.995261,999.995808,999.996339,999.996838,999.997318,999.997796,999.998248,999.998717,999.999105,999.999537,999.999936,1000.000313,1000.000635,1000.000986,1000.001287,1000.001570,1000.001866,1000.002120,1000.002345,1000.002598,1000.002806,1000.002995,1000.003197,1000.003398,1000.003568,1000.003733,1000.003921,1000.004091,1000.004241,1000.004379,1000.004575,1000.004616,1000.004696,1000.004801,1000.005409,1000.005183,0.000000,0.000000,0.000000,0.000000,0.000000,0.000000,0.000000,0.000000,0.000000,0.000000,0.000000,0.000000,0.000000,0.000000,0.000000,0.000000,0.000000,0.000000,0.000000,0.000000,0.000000
0.000000,0.000000,0.000000,0.000000,0.000000,0.000000,0.000000,0.000000,0.000000,0.000000,0.000000,0.000000,0.000000,0.000000,0.000000,0.000000,0.000000,0.000000,0.000000,0.000000,999.983245,999.983192,999.983541,999.984026,999.984377,999.984777,999.985128,999.985551,999.986005,999.986407,999.986882,999.987360,999.987838,999.988282,999.988809,999.989302,999.989812,999.990315,999.990863,999.991392,999.991965,999.992492,999.993056,999.993631,999.994156,999.994718,999.995283,999.995828,999.996344,999.996844,999.997350,999.997862,999.998322,999.998777,999.999193,999.999587,999.999998,1000.000359,1000.000691,1000.001031,1000.001352,1000.001627,1000.001890,1000.002160,1000.002400,1000.002625,1000.002837,1000.003040,1000.003217,1000.003416,1000.003585,1000.003760,1000.003921,1000.004066,1000.004218,1000.004342,1000.004490,1000.004593,1000.004730,1000.004849,1000.004961,1000.005101,1000.005027,0.000000,0.000000,0.000000,0.000000,0.000000,0.000000,0.000000,0.000000,0.000000,0.000000,0.000000,0.000000,0.000000,0.000000,0.000000,0.000000,0.000000,0.000000,0.000000,0.000000
0.000000,0.000000,0.000000,0.000000,0.000000,0.000000,0.000000,0.000000,0.000000,0.000000,0.000000,0.000000,0.000000,0.000000,0.000000,0.000000,0.000000,0.000000,0.000000,999.982960,999.983229,999.983423,999.983768,999.983986,999.984387,999.984766,999.985147,999.985517,999.985910,999.986313,999.986773,999.987230,999.987665,999.988156,999.988660,999.989169,999.989661,999.990184,999.990744,999.991278,999.991857,999.992411,999.993024,999.993585,999.994131,999.994706,999.995306,999.995834,999.996367,999.996902,999.997420,999.997920,999.998379,999.998828,999.999296,999.999689,1000.000061,1000.000456,1000.000788,1000.001120,1000.001435,1000.001718,1000.001976,1000.002239,1000.002476,1000.002684,1000.002903,1000.003104,1000.003276,1000.003460,1000.003631,1000.003774,1000.003930,1000.004086,1000.004228,1000.004354,1000.004457,1000.004574,1000.004677,1000.004825,1000.004864,1000.004966,1000.005010,1000.005092,0.000000,0.000000,0.000000,0.000000,0.000000,0.000000,0.000000,0.000000,0.000000,0.000000,0.000000,0.000000,0.000000,0.000000,0.000000,0.000000,0.000000,0.000000,0.000000
0.000000,0.000000,0.000000,0.000000,0.000000,0.000000,0.000000,0.000000,0.000000,0.000000,0.000000,0.000000,0.000000,0.000000,0.000000,0.000000,0.000000,0.000000,999.982657,999.983000,999.983297,999.983549,999.983814,999.984094,999.984429,999.984768,999.985120,999.985465,999.985825,999.986238,999.986659,999.987065,999.987529,999.988014,999.988493,999.988982,999.989498,999.990052,999.990624,999.991183,999.991728,999.992324,999.992942,999.993506,999.994127,999.994729,999.995282,999.995842,999.996426,999.996980,999.997499,999.997994,999.998456,999.998915,999.999365,999.999787,1000.000154,1000.000542,1000.000889,1000.001197,1000.001503,1000.001806,1000.002069,1000.002324,1000.002564,1000.002759,1000.002979,1000.003161,1000.003345,1000.003475,1000.003680,1000.003813,1000.003950,1000.004082,1000.004222,1000.004331,1000.004449,1000.004548,1000.004656,1000.004735,1000.004830,1000.004910,1000.004988,1000.005056,1000.005158,0.000000,0.000000,0.000000,0.000000,0.000000,0.000000,0.000000,0.000000,0.000000,0.000000,0.000000,0.000000,0.000000,0.000000,0.000000,0.000000,0.000000,0.000000
0.000000,0.000000,0.000000,0.000000,0.000000,0.000000,0.000000,0.000000,0.000000,0.000000,0.000000,0.000000,0.000000,0.000000,0.000000,0.000000,0.000000,999.982424,999.982803,999.983093,999.983339,999.983598,999.983857,999.984154,999.984416,999.984715,999.985032,999.985365,999.985733,999.986127,999.986507,999.986909,999.987372,999.987824,999.988306,999.988796,999.989342,999.989907,999.990459,999.991035,999.991638,999.992268,999.992864,999.993470,999.994129,999.994716,999.995316,999.995907,999.996501,999.997026,999.997563,999.998081,999.998595,999.999050,999.999505,999.999914,1000.000333,1000.000676,1000.001040,1000.001364,1000.001646,1000.001925,1000.002181,1000.002415,1000.002642,1000.002878,1000.003041,1000.003229,1000.003416,1000.003564,1000.003706,1000.003857,1000.003995,1000.004101,1000.004224,1000.004338,1000.004444,1000.004556,1000.004625,1000.004727,1000.004793,1000.004875,1000.004951,1000.005020,1000.005119,1000.005219,0.000000,0.000000,0.000000,0.000000,0.000000,0.000000,0.000000,0.000000,0.000000,0.000000,0.000000,0.000000,0.000000,0.000000,0.000000,0.000000,0.000000
0.000000,0.000000,0.000000,0.000000,0.000000,0.000000,0.000000,0.000000,0.000000,0.000000,0.000000,0.000000,0.000000,0.000000,0.000000,0.000000,999.982402,999.982656,999.982929,999.983179,999.983435,999.983682,999.983932,999.984182,999.984423,999.984713,999.984990,999.985310,999.985641,999.985971,999.986350,999.986749,999.987176,999.987629,999.988094,999.988611,999.989161,999.989708,999.990292,999.990891,999.991554,999.992160,999.992810,999.993449,999.994099,999.994721,999.995368,999.995989,999.996568,999.997136,999.997707,999.998222,999.998747,999.999198,999.999641,1000.000055,1000.000457,1000.000802,1000.001158,1000.001495,1000.001791,1000.002063,1000.002340,1000.002542,1000.002754,1000.002973,1000.003154,1000.003311,1000.003491,1000.003641,1000.003771,1000.003899,1000.004029,1000.004138,1000.004229,1000.004345,1000.004433,1000.004512,1000.004605,1000.004680,1000.004769,1000.004817,1000.004911,1000.004969,1000.005055,1000.005145,1000.005227,0.000000,0.000000,0.000000,0.000000,0.000000,0.000000,0.000000,0.000000,0.000000,0.000000,0.000000,0.000000,0.000000,0.000000,0.000000,0.000000
0.000000,0.000000,0.000000,0.000000,0.000000,0.000000,0.000000,0.000000,0.000000,0.000000,0.000000,0.000000,0.000000,0.000000,0.000000,999.982424,999.982656,999.982914,999.983134,999.983351,999.983554,999.983751,999.983952,999.984156,999.984394,999.984647,999.984914,999.985199,999.985470,999.985794,999.986149,999.986527,999.986952,999.987380,999.987870,999.988390,999.988949,999.989493,999.990110,999.990744,999.991395,999.992041,999.992737,999.993410,999.994079,999.994744,999.995406,999.996039,999.996652,999.997248,999.997840,999.998358,999.998879,999.999370,999.999827,1000.000248,1000.000649,1000.001016,1000.001340,1000.001643,1000.001948,1000.002200,1000.002461,1000.002702,1000.002901,1000.003078,1000.003278,1000.003439,1000.003574,1000.003718,1000.003843,1000.003954,1000.004070,1000.004195,1000.004269,1000.004349,1000.004447,1000.004524,1000.004596,1000.004667,1000.004728,1000.004801,1000.004863,1000.004933,1000.004990,1000.005075,1000.005144,1000.005238,0.000000,0.000000,0.000000,0.000000,0.000000,0.000000,0.000000,0.000000,0.000000,0.000000,0.000000,0.000000,0.000000,0.000000,0.000000
0.000000,0.000000,0.000000,0.000000,0.000000,0.000000,0.000000,0.000000,0.000000,0.000000,0.000000,0.000000,0.000000,0.000000,999.982657,999.982803,999.982929,999.983134,999.983286,999.983414,999.983616,999.983789,999.983981,999.984198,999.984388,999.984599,999.984799,999.985056,999.985316,999.985634,999.985938,999.986325,999.986701,999.987138,999.987615,999.988134,999.988678,999.989285,999.989900,999.990572,999.991241,999.991946,999.992669,999.993373,999.994092,999.994803,999.995491,999.996163,999.996822,999.997443,999.997999,999.998561,999.999063,999.999565,1000.000011,1000.000434,1000.000831,1000.001229,1000.001565,1000.001860,1000.002142,1000.002404,1000.002622,1000.002863,1000.003062,1000.003223,1000.003387,1000.003555,1000.003685,1000.003799,1000.003942,1000.004032,1000.004121,1000.004225,1000.004312,1000.004384,1000.004450,1000.004505,1000.004590,1000.004652,1000.004706,1000.004764,1000.004823,1000.004896,1000.004945,1000.004999,1000.005055,1000.005116,1000.005154,0.000000,0.000000,0.000000,0.000000,0.000000,0.000000,0.000000,0.000000,0.000000,0.000000,0.000000,0.000000,0.000000,0.000000
0.000000,0.000000,0.000000,0.000000,0.000000,0.000000,0.000000,0.000000,0.000000,0.000000,0.000000,0.000000,0.000000,999.982960,999.983000,999.983093,999.983179,999.983351,999.983414,999.983594,999.983789,999.983899,999.984070,999.984180,999.984332,999.984487,999.984689,999.984889,999.985126,999.985393,999.985691,999.986029,999.986407,999.986827,999.987304,999.987827,999.988391,999.989020,999.989664,999.990364,999.991085,999.991822,999.992583,999.993349,999.994109,999.994850,999.995564,999.996250,999.996949,999.997582,999.998194,999.998793,999.999334,999.999827,1000.000291,1000.000711,1000.001085,1000.001429,1000.001762,1000.002068,1000.002352,1000.002601,1000.002818,1000.003013,1000.003217,1000.003391,1000.003538,1000.003671,1000.003801,1000.003913,1000.004002,1000.004129,1000.004183,1000.004264,1000.004347,1000.004404,1000.004501,1000.004531,1000.004589,1000.004628,1000.004691,1000.004736,1000.004782,1000.004825,1000.004878,1000.004934,1000.004979,1000.005020,1000.005074,1000.005113,0.000000,0.000000,0.000000,0.000000,0.000000,0.000000,0.000000,0.000000,0.000000,0.000000,0.000000,0.000000,0.000000
0.000000,0.000000,0.000000,0.000000,0.000000,0.000000,0.000000,0.000000,0.000000,0.000000,0.000000,0.000000,999.983245,999.983229,999.983297,999.983339,999.983435,999.983554,999.983616,999.983789,999.983858,999.983880,999.984016,999.984115,999.984264,999.984418,999.984576,999.984727,999.984929,999.985155,999.985413,999.985724,999.986071,999.986482,999.986962,999.987486,999.988059,999.988696,999.989397,999.990149,999.990885,999.991696,999.992506,999.993318,999.994120,999.994933,999.995701,999.996453,999.997143,999.997807,999.998438,999.999008,999.999534,1000.000047,1000.000521,1000.000967,1000.001367,1000.001715,1000.002033,1000.002323,1000.002588,1000.002832,1000.003047,1000.003227,1000.003392,1000.003564,1000.003705,1000.003813,1000.003930,1000.004038,1000.004111,1000.004204,1000.004277,1000.004333,1000.004385,1000.004448,1000.004477,1000.004545,1000.004579,1000.004628,1000.004663,1000.004709,1000.004754,1000.004791,1000.004835,1000.004873,1000.004915,1000.004940,1000.004992,1000.005005,1000.005031,0.000000,0.000000,0.000000,0.000000,0.000000,0.000000,0.000000,0.000000,0.000000,0.000000,0.000000,0.000000
0.000000,0.000000,0.000000,0.000000,0.000000,0.000000,0.000000,0.000000,0.000000,0.000000,0.000000,999.982951,999.983192,999.983423,999.983549,999.983598,999.983682,999.983751,999.983789,999.983899,999.983880,999.983981,999.984184,999.984166,999.984274,999.984312,999.984378,999.984503,999.984658,999.984843,999.985063,999.985335,999.985660,999.986089,999.986540,999.987071,999.987668,999.988349,999.989087,999.989862,999.990678,999.991555,999.992419,999.993292,999.994142,999.995004,999.995832,999.996636,999.997359,999.998075,999.998743,999.999350,999.999911,1000.000416,1000.000850,1000.001267,1000.001645,1000.001989,1000.002325,1000.002600,1000.002834,1000.003070,1000.003277,1000.003466,1000.003600,1000.003748,1000.003866,1000.003975,1000.004083,1000.004161,1000.004222,1000.004294,1000.004359,1000.004414,1000.004446,1000.004486,1000.004525,1000.004562,1000.004593,1000.004614,1000.004654,1000.004665,1000.004707,1000.004729,1000.004757,1000.004804,1000.004843,1000.004872,1000.004913,1000.004959,1000.005052,1000.005140,0.000000,0.000000,0.000000,0.000000,0.000000,0.000000,0.000000,0.000000,0.000000,0.000000,0.000000
0.000000,0.000000,0.000000,0.000000,0.000000,0.000000,0.000000,0.000000,0.000000,0.000000,0.000000,999.982445,999.983541,999.983768,999.983814,999.983857,999.983932,999.983952,999.983981,999.984070,999.984016,999.984184,999.984100,999.983994,999.984105,999.984101,999.984208,999.984315,999.984409,999.984529,999.984699,999.984926,999.985255,999.985614,999.986037,999.986584,999.987219,999.987919,999.988688,999.989538,999.990443,999.991395,999.992342,999.993298,999.994252,999.995170,999.996033,999.996873,999.997637,999.998350,999.999013,999.999628,1000.000207,1000.000747,1000.001218,1000.001638,1000.002008,1000.002342,1000.002631,1000.002911,1000.003130,1000.003336,1000.003519,1000.003687,1000.003830,1000.003938,1000.004047,1000.004138,1000.004219,1000.004301,1000.004346,1000.004385,1000.004437,1000.004475,1000.004525,1000.004525,1000.004543,1000.004577,1000.004608,1000.004609,1000.004645,1000.004656,1000.004672,1000.004709,1000.004714,1000.004718,1000.004771,1000.004809,1000.004841,1000.004867,1000.004957,1000.005308,0.000000,0.000000,0.000000,0.000000,0.000000,0.000000,0.000000,0.000000,0.000000,0.000000,0.000000
0.000000,0.000000,0.000000,0.000000,0.000000,0.000000,0.000000,0.000000,0.000000,0.000000,999.984603,999.984151,999.984026,999.983986,999.984094,999.984154,999.984182,999.984156,999.984198,999.984180,999.984115,999.984166,999.983994,999.984065,999.984210,999.984089,999.984100,999.984040,999.984008,999.984102,999.984223,999.984437,999.984689,999.985026,999.985464,999.986038,999.986689,999.987428,999.988275,999.989188,999.990171,999.991195,999.992208,999.993256,999.994322,999.995285,999.996216,999.997138,999.997989,999.998790,999.999482,1000.000091,1000.000628,1000.001128,1000.001593,1000.002002,1000.002378,1000.002716,1000.002981,1000.003223,1000.003457,1000.003644,1000.003800,1000.003946,1000.004073,1000.004174,1000.004270,1000.004338,1000.004381,1000.004440,1000.004489,1000.004524,1000.004528,1000.004540,1000.004579,1000.004612,1000.004582,1000.004598,1000.004610,1000.004598,1000.004618,1000.004629,1000.004628,1000.004643,1000.004673,1000.004675,1000.004683,1000.004704,1000.004749,1000.004795,1000.004818,1000.004811,1000.004714,0.000000,0.000000,0.000000,0.000000,0.000000,0.000000,0.000000,0.000000,0.000000,0.000000
0.000000,0.000000,0.000000,0.000000,0.000000,0.000000,0.000000,0.000000,0.000000,999.984343,999.984299,999.984544,999.984377,999.984387,999.984429,999.984416,999.984423,999.984394,999.984388,999.984332,999.984264,999.984274,999.984105,999.984210,999.984006,999.983680,999.983735,999.983657,999.983690,999.983767,999.983805,999.983897,999.984088,999.984383,999.984818,999.985360,999.986001,999.986811,999.987743,999.988750,999.989865,999.991001,999.992173,999.993341,999.994469,999.995557,999.996564,999.997463,999.998321,999.999099,999.999845,1000.000521,1000.001127,1000.001632,1000.002066,1000.002462,1000.002799,1000.003095,1000.003372,1000.003595,1000.003802,1000.003970,1000.004107,1000.004223,1000.004324,1000.004402,1000.004477,1000.004531,1000.004559,1000.004587,1000.004613,1000.004642,1000.004652,1000.004639,1000.004615,1000.004643,1000.004643,1000.004615,1000.004620,1000.004620,1000.004598,1000.004612,1000.004590,1000.004596,1000.004600,1000.004621,1000.004628,1000.004647,1000.004677,1000.004711,1000.004705,1000.004695,1000.004807,1000.004824,0.000000,0.000000,0.000000,0.000000,0.000000,0.000000,0.000000,0.000000,0.000000
0.000000,0.000000,0.000000,0.000000,0.000000,0.000000,0.000000,0.000000,0.000000,999.983493,999.984657,999.984866,999.984777,999.984766,999.984768,999.984715,999.984713,999.984647,999.984599,999.984487,999.984418,999.984312,999.984101,999.984089,999.983680,999.983676,999.983857,999.983522,999.983413,999.983233,999.983096,999.983147,999.983316,999.983587,999.983986,999.984518,999.985254,999.986129,999.987134,999.988250,999.989470,999.990727,999.992055,999.993328,999.994551,999.995775,999.996943,999.997991,999.998921,999.999712,1000.000382,1000.001028,1000.001597,1000.002106,1000.002547,1000.002941,1000.003260,1000.003545,1000.003770,1000.004004,1000.004158,1000.004298,1000.004422,1000.004520,1000.004596,1000.004654,1000.004695,1000.004729,1000.004767,1000.004757,1000.004749,1000.004752,1000.004747,1000.004744,1000.004716,1000.004683,1000.004671,1000.004651,1000.004620,1000.004603,1000.004584,1000.004580,1000.004556,1000.004547,1000.004537,1000.004546,1000.004532,1000.004548,1000.004548,1000.004600,1000.004619,1000.004617,1000.004712,1000.005113,0.000000,0.000000,0.000000,0.000000,0.000000,0.000000,0.000000,0.000000,0.000000
0.000000,0.000000,0.000000,0.000000,0.000000,0.000000,0.000000,0.000000,999.985240,999.985039,999.985100,999.985083,999.985128,999.985147,999.985120,999.985032,999.984990,999.984914,999.984799,999.984689,999.984576,999.984378,999.984208,999.984100,999.983735,999.983857,999.983421,999.982750,999.982737,999.982563,999.982499,999.982568,999.982601,999.982730,999.983049,999.983585,999.984297,999.985220,999.986352,999.987648,999.989082,999.990545,999.992052,999.993544,999.994878,999.996128,999.997284,999.998346,999.999338,1000.000257,1000.001050,1000.001685,1000.002231,1000.002705,1000.003127,1000.003481,1000.003780,1000.004034,1000.004248,1000.004427,1000.004554,1000.004680,1000.004763,1000.004851,1000.004887,1000.004923,1000.004935,1000.004938,1000.004952,1000.004944,1000.004918,1000.004878,1000.004854,1000.004819,1000.004792,1000.004753,1000.004729,1000.004670,1000.004647,1000.004611,1000.004566,1000.004535,1000.004514,1000.004499,1000.004486,1000.004472,1000.004468,1000.004482,1000.004457,1000.004462,1000.004490,1000.004556,1000.004573,1000.004639,1000.004637,0.000000,0.000000,0.000000,0.000000,0.000000,0.000000,0.000000,0.000000
0.000000,0.000000,0.000000,0.000000,0.000000,0.000000,0.000000,0.000000,999.984188,999.985684,999.985578,999.985556,999.985551,999.985517,999.985465,999.985365,999.985310,999.985199,999.985056,999.984889,999.984727,999.984503,999.984315,999.984040,999.983657,999.983522,999.982750,999.982598,999.982845,999.982294,999.981954,999.981667,999.981393,999.981473,999.981799,999.982326,999.983155,999.984189,999.985470,999.986928,999.988528,999.990182,999.991863,999.993587,999.995250,999.996741,999.998063,999.999170,1000.000080,1000.000918,1000.001684,1000.002330,1000.002886,1000.003349,1000.003735,1000.004056,1000.004327,1000.004546,1000.004729,1000.004869,1000.004983,1000.005078,1000.005139,1000.005164,1000.005199,1000.005202,1000.005212,1000.005173,1000.005145,1000.005108,1000.005080,1000.005029,1000.004965,1000.004913,1000.004858,1000.004786,1000.004750,1000.004705,1000.004631,1000.004608,1000.004570,1000.004515,1000.004479,1000.004443,1000.004407,1000.004390,1000.004378,1000.004388,1000.004375,1000.004386,1000.004395,1000.004411,1000.004433,1000.004432,1000.004985,0.000000,0.000000,0.000000,0.000000,0.000000,0.000000,0.000000,0.000000
0.000000,0.000000,0.000000,0.000000,0.000000,0.000000,0.000000,999.986654,999.986195,999.986126,999.985954,999.986034,999.986005,999.985910,999.985825,999.985733,999.985641,999.985470,999.985316,999.985126,999.984929,999.984658,999.984409,999.984008,999.983690,999.983413,999.982737,999.982845,999.982206,999.980934,999.980726,999.980433,999.980296,999.980412,999.980594,999.981027,999.981712,999.982835,999.984332,999.986047,999.988056,999.990126,999.992038,999.993857,999.995546,999.997101,999.998545,999.999890,1000.000984,1000.001833,1000.002538,1000.003134,1000.003649,1000.004068,1000.004404,1000.004691,1000.004922,1000.005116,1000.005246,1000.005357,1000.005438,1000.005483,1000.005522,1000.005522,1000.005516,1000.005488,1000.005461,1000.005417,1000.005361,1000.005296,1000.005229,1000.005166,1000.005098,1000.005018,1000.004961,1000.004862,1000.004791,1000.004726,1000.004656,1000.004578,1000.004532,1000.004466,1000.004429,1000.004398,1000.004334,1000.004314,1000.004280,1000.004268,1000.004252,1000.004270,1000.004263,1000.004272,1000.004329,1000.004322,1000.004334,1000.004207,0.000000,0.000000,0.000000,0.000000,0.000000,0.000000,0.000000
0.000000,0.000000,0.000000,0.000000,0.000000,0.000000,0.000000,999.985340,999.986945,999.986681,999.986600,999.986512,999.986407,999.986313,999.986238,999.986127,999.985971,999.985794,999.985634,999.985393,999.985155,999.984843,999.984529,999.984102,999.983767,999.983233,999.982563,999.982294,999.980934,999.980376,999.980744,999.979938,999.979285,999.978881,999.978601,999.978875,999.979872,999.981215,999.982934,999.984966,999.987173,999.989673,999.992166,999.994469,999.996535,999.998253,999.999576,1000.000749,1000.001834,1000.002726,1000.003436,1000.004015,1000.004485,1000.004856,1000.005158,1000.005391,1000.005563,1000.005710,1000.005806,1000.005879,1000.005917,1000.005918,1000.005909,1000.005901,1000.005861,1000.005798,1000.005729,1000.005644,1000.005586,1000.005487,1000.005402,1000.005289,1000.005217,1000.005090,1000.005025,1000.004930,1000.004822,1000.004741,1000.004662,1000.004585,1000.004514,1000.004437,1000.004363,1000.004339,1000.004270,1000.004246,1000.004194,1000.004166,1000.004131,1000.004121,1000.004134,1000.004134,1000.004141,1000.004134,1000.004096,1000.004734,0.000000,0.000000,0.000000,0.000000,0.000000,0.000000,0.000000
0.000000,0.000000,0.000000,0.000000,0.000000,0.000000,999.988181,999.987585,999.987400,999.987094,999.987086,999.986963,999.986882,999.986773,999.986659,999.986507,999.986350,999.986149,999.985938,999.985691,999.985413,999.985063,999.984699,999.984223,999.983805,999.983096,999.982499,999.981954,999.980726,999.980744,999.979887,999.977685,999.976990,999.976510,999.976380,999.976970,999.977693,999.979004,999.981168,999.983756,999.986595,999.989472,999.992200,999.994729,999.997058,999.999206,1000.000890,1000.002107,1000.003078,1000.003878,1000.004513,1000.005024,1000.005415,1000.005721,1000.005960,1000.006143,1000.006253,1000.006337,1000.006388,1000.006406,1000.006405,1000.006381,1000.006335,1000.006264,1000.006186,1000.006112,1000.006022,1000.005907,1000.005792,1000.005686,1000.005569,1000.005441,1000.005328,1000.005212,1000.005072,1000.004989,1000.004876,1000.004756,1000.004662,1000.004561,1000.004475,1000.004397,1000.004315,1000.004247,1000.004181,1000.004135,1000.004113,1000.004060,1000.004047,1000.003997,1000.003988,1000.003978,1000.003982,1000.004022,1000.003940,1000.003943,1000.003809,0.000000,0.000000,0.000000,0.000000,0.000000,0.000000
0.000000,0.000000,0.000000,0.000000,0.000000,0.000000,999.986738,999.988334,999.987898,999.987724,999.987600,999.987476,999.987360,999.987230,999.987065,999.986909,999.986749,999.986527,999.986325,999.986029,999.985724,999.985335,999.984926,999.984437,999.983897,999.983147,999.982568,999.981667,999.980433,999.979938,999.977685,999.976133,999.976407,999.975417,999.974495,999.974093,999.974656,999.976340,999.978813,999.982310,999.985985,999.989693,999.993296,999.996316,999.998548,1000.000440,1000.002123,1000.003449,1000.004420,1000.005140,1000.005700,1000.006117,1000.006412,1000.006645,1000.006805,1000.006919,1000.006987,1000.007009,1000.007012,1000.006967,1000.006925,1000.006851,1000.006770,1000.006672,1000.006547,1000.006423,1000.006305,1000.006171,1000.006019,1000.005874,1000.005741,1000.005585,1000.005437,1000.005302,1000.005158,1000.005004,1000.004906,1000.004767,1000.004648,1000.004545,1000.004447,1000.004347,1000.004255,1000.004184,1000.004115,1000.004035,1000.003964,1000.003946,1000.003912,1000.003872,1000.003844,1000.003828,1000.003816,1000.003805,1000.003785,1000.003669,1000.004347,0.000000,0.000000,0.000000,0.000000,0.000000,0.000000
0.000000,0.000000,0.000000,0.000000,0.000000,999.989763,999.989028,999.988701,999.988309,999.988257,999.988102,999.987971,999.987838,999.987665,999.987529,999.987372,999.987176,999.986952,999.986701,999.986407,999.986071,999.985660,999.985255,999.984689,999.984088,999.983316,999.982601,999.981393,999.980296,999.979285,999.976990,999.976407,999.975290,999.971668,999.969906,999.969613,999.969951,999.972020,999.975331,999.979468,999.984447,999.989378,999.993725,999.997657,1000.000665,1000.002654,1000.004107,1000.005195,1000.006012,1000.006593,1000.007020,1000.007312,1000.007517,1000.007647,1000.007718,1000.007737,1000.007739,1000.007694,1000.007641,1000.007558,1000.007456,1000.007338,1000.007201,1000.007062,1000.006931,1000.006745,1000.006589,1000.006424,1000.006244,1000.006071,1000.005903,1000.005727,1000.005557,1000.005395,1000.005235,1000.005078,1000.004926,1000.004783,1000.004642,1000.004504,1000.004396,1000.004291,1000.004181,1000.004087,1000.004013,1000.003942,1000.003881,1000.003812,1000.003770,1000.003721,1000.003708,1000.003681,1000.003650,1000.003625,1000.003672,1000.003558,1000.003488,1000.003219,0.000000,0.000000,0.000000,0.000000,0.000000
0.000000,0.000000,0.000000,0.000000,0.000000,999.988261,999.989579,999.989106,999.988944,999.988747,999.988592,999.988445,999.988282,999.988156,999.988014,999.987824,999.987629,999.987380,999.987138,999.986827,999.986482,999.986089,999.985614,999.985026,999.984383,999.983587,999.982730,999.981473,999.980412,999.978881,999.976510,999.975417,999.971668,999.967873,999.966892,999.965283,999.965678,999.968201,999.972305,999.978573,999.984961,999.990772,999.995812,999.999682,1000.002765,1000.004941,1000.006317,1000.007228,1000.007820,1000.008227,1000.008463,1000.008605,1000.008676,1000.008697,1000.008663,1000.008605,1000.008530,1000.008416,1000.008293,1000.008151,1000.008003,1000.007835,1000.007656,1000.007471,1000.007292,1000.007092,1000.006877,1000.006686,1000.006471,1000.006260,1000.006077,1000.005860,1000.005668,1000.005468,1000.005280,1000.005102,1000.004932,1000.004779,1000.004628,1000.004486,1000.004333,1000.004227,1000.004114,1000.004000,1000.003909,1000.003833,1000.003758,1000.003693,1000.003619,1000.003594,1000.003545,1000.003514,1000.003492,1000.003453,1000.003430,1000.003430,1000.003285,1000.003882,0.000000,0.000000,0.000000,0.000000,0.000000
0.000000,0.000000,0.000000,0.000000,999.990465,999.990155,999.989857,999.989434,999.989374,999.989221,999.989080,999.988949,999.988809,999.988660,999.988493,999.988306,999.988094,999.987870,999.987615,999.987304,999.986962,999.986540,999.986037,999.985464,999.984818,999.983986,999.983049,999.981799,999.980594,999.978601,999.976380,999.974495,999.969906,999.966892,999.963568,999.958437,999.956455,999.958067,999.964538,999.973678,999.983631,999.993204,999.999978,1000.003951,1000.006447,1000.007993,1000.008972,1000.009520,1000.009827,1000.009957,1000.009993,1000.009953,1000.009889,1000.009766,1000.009637,1000.009492,1000.009332,1000.009144,1000.008969,1000.008760,1000.008557,1000.008346,1000.008127,1000.007880,1000.007653,1000.007418,1000.007179,1000.006939,1000.006710,1000.006445,1000.006212,1000.006003,1000.005769,1000.005562,1000.005339,1000.005152,1000.004941,1000.004767,1000.004584,1000.004439,1000.004275,1000.004143,1000.004018,1000.003894,1000.003794,1000.003695,1000.003621,1000.003550,1000.003485,1000.003441,1000.003405,1000.003344,1000.003333,1000.003304,1000.003278,1000.003308,1000.003164,1000.003132,1000.003091,0.000000,0.000000,0.000000,0.000000
0.000000,0.000000,0.000000,0.000000,999.988771,999.989988,999.990010,999.990008,999.989849,999.989690,999.989568,999.989442,999.989302,999.989169,999.988982,999.988796,999.988611,999.988390,999.988134,999.987827,999.987486,999.987071,999.986584,999.986038,999.985360,999.984518,999.983585,999.982326,999.981027,999.978875,999.976970,999.974093,999.969613,999.965283,999.958437,999.947288,999.941156,999.946310,999.956265,999.969061,999.984631,999.997107,1000.004480,1000.008981,1000.010911,1000.011714,1000.012018,1000.012071,1000.011971,1000.011792,1000.011584,1000.011361,1000.011124,1000.010879,1000.010638,1000.010386,1000.010136,1000.009884,1000.009637,1000.009382,1000.009112,1000.008843,1000.008593,1000.008309,1000.008022,1000.007758,1000.007465,1000.007195,1000.006925,1000.006665,1000.006367,1000.006104,1000.005865,1000.005617,1000.005368,1000.005161,1000.004942,1000.004742,1000.004558,1000.004374,1000.004219,1000.004053,1000.003933,1000.003789,1000.003686,1000.003584,1000.003470,1000.003397,1000.003335,1000.003272,1000.003214,1000.003183,1000.003158,1000.003144,1000.003101,1000.003105,1000.003140,1000.003215,1000.003809,0.000000,0.000000,0.000000,0.000000
