0.000000,0.000000,0.000000,0.000000,0.000000,0.000000,0.000000,0.000000,0.000000,0.000000,0.000000,0.000000,0.000000,0.000000,0.000000,0.000000,0.000000,0.000000,0.000000,0.000000,0.000000,0.000000,0.000000,0.000000,0.000000,0.000000,0.000000,0.000000,0.000000,0.000000,0.000000,0.000000,0.000000,0.000000,0.000000,0.000000,0.000000,0.000000,0.000000,0.000000,0.000000,0.000000,0.000000,0.000000,0.000000,0.000000,0.000000,0.000000,0.000000,0.000000,0.000000,0.000000,0.000000,0.000000,0.000000,0.000000,0.000000,0.000000,0.000000,0.000000,0.000000,0.000000,0.000000,0.000000,0.000000,0.000000,0.000000,0.000000,0.000000,0.000000,0.000000,0.000000,0.000000,0.000000,0.000000,0.000000,0.000000,0.000000,0.000000,0.000000,0.000000,0.000000,0.000000,0.000000,0.000000,0.000000,0.000000,0.000000,0.000000,0.000000,0.000000,0.000000,0.000000,0.000000,0.000000,0.000000,0.000000,0.000000,0.000000,0.000000,0.000000,0.000000,0.000000
0.000000,0.000000,0.000000,0.000000,0.000000,0.000000,0.000000,0.000000,0.000000,0.000000,0.000000,0.000000,0.000000,0.000000,0.000000,0.000000,0.000000,0.000000,0.000000,0.000000,0.000000,0.000000,0.000000,0.000000,0.000000,0.000000,0.000000,0.000000,0.000000,0.000000,0.000000,0.000000,0.000000,0.000000,0.000000,0.000000,0.000000,0.000000,0.000000,0.000000,0.000000,0.000000,0.000000,0.000000,0.000000,0.000000,0.000000,0.000000,0.000000,0.000000,0.000000,999.997955,0.000000,0.000000,0.000000,0.000000,0.000000,0.000000,0.000000,0.000000,0.000000,0.000000,0.000000,0.000000,0.000000,0.000000,0.000000,0.000000,0.000000,0.000000,0.000000,0.000000,0.000000,0.000000,0.000000,0.000000,0.000000,0.000000,0.000000,0.000000,0.000000,0.000000,0.000000,0.000000,0.000000,0.000000,0.000000,0.000000,0.000000,0.000000,0.000000,0.000000,0.000000,0.000000,0.000000,0.000000,0.000000,0.000000,0.000000,0.000000,0.000000,0.000000,0.000000
0.000000,0.000000,0.000000,0.000000,0.000000,0.000000,0.000000,0.000000,0.000000,0.000000,0.000000,0.000000,0.000000,0.000000,0.000000,0.000000,0.000000,0.000000,0.000000,0.000000,0.000000,0.000000,0.000000,0.000000,0.000000,0.000000,0.000000,0.000000,0.000000,0.000000,0.000000,0.000000,0.000000,0.000000,0.000000,0.000000,0.000000,0.000000,0.000000,0.000000,0.000000,0.000000,999.995988,999.993559,999.993574,999.994118,999.994703,999.995311,999.995970,999.996976,999.997785,999.997940,999.998053,999.998813,999.999683,1000.000181,1000.000636,1000.000991,1000.001354,1000.001311,999.999562,0.000000,0.000000,0.000000,0.000000,0.000000,0.000000,0.000000,0.000000,0.000000,0.000000,0.000000,0.000000,0.000000,0.000000,0.000000,0.000000,0.000000,0.000000,0.000000,0.000000,0.000000,0.000000,0.000000,0.000000,0.000000,0.000000,0.000000,0.000000,0.000000,0.000000,0.000000,0.000000,0.000000,0.000000,0.000000,0.000000,0.000000,0.000000,0.000000,0.000000,0.000000,0.000000
0.000000,0.000000,0.000000,0.000000,0.000000,0.000000,0.000000,0.000000,0.000000,0.000000,0.000000,0.000000,0.000000,0.000000,0.000000,0.000000,0.000000,0.000000,0.000000,0.000000,0.000000,0.000000,0.000000,0.000000,0.000000,0.000000,0.000000,0.000000,0.000000,0.000000,0.000000,0.000000,0.000000,0.000000,0.000000,0.000000,0.000000,999.992192,999.989866,999.989739,999.990883,999.992706,999.995225,999.994624,999.994234,999.994410,999.994890,999.995466,999.996069,999.996688,999.997602,999.997822,999.998017,999.998876,999.999411,999.999881,1000.000300,1000.000626,1000.000711,1000.000444,1000.000042,1000.001695,1000.002782,1000.003390,1000.003184,1000.001821,0.000000,0.000000,0.000000,0.000000,0.000000,0.000000,0.000000,0.000000,0.000000,0.000000,0.000000,0.000000,0.000000,0.000000,0.000000,0.000000,0.000000,0.000000,0.000000,0.000000,0.000000,0.000000,0.000000,0.000000,0.000000,0.000000,0.000000,0.000000,0.000000,0.000000,0.000000,0.000000,0.000000,0.000000,0.000000,0.000000,0.000000
0.000000,0.000000,0.000000,0.000000,0.000000,0.000000,0.000000,0.000000,0.000000,0.000000,0.000000,0.000000,0.000000,0.000000,0.000000,0.000000,0.000000,0.000000,0.000000,0.000000,0.000000,0.000000,0.000000,0.000000,0.000000,0.000000,0.000000,0.000000,0.000000,0.000000,0.000000,0.000000,0.000000,0.000000,999.989971,999.988273,999.989260,999.991606,999.991207,999.990975,999.991395,999.992931,999.993829,999.994051,999.994294,999.994627,999.995027,999.995555,999.996133,999.996665,999.997241,999.997724,999.998216,999.998740,999.999202,999.999683,1000.000084,1000.000370,1000.000555,1000.000707,1000.000849,1000.001404,1000.002337,1000.002552,1000.002372,1000.002088,1000.003303,1000.003785,1000.002906,0.000000,0.000000,0.000000,0.000000,0.000000,0.000000,0.000000,0.000000,0.000000,0.000000,0.000000,0.000000,0.000000,0.000000,0.000000,0.000000,0.000000,0.000000,0.000000,0.000000,0.000000,0.000000,0.000000,0.000000,0.000000,0.000000,0.000000,0.000000,0.000000,0.000000,0.000000,0.000000,0.000000,0.000000
0.000000,0.000000,0.000000,0.000000,0.000000,0.000000,0.000000,0.000000,0.000000,0.000000,0.000000,0.000000,0.000000,0.000000,0.000000,0.000000,0.000000,0.000000,0.000000,0.000000,0.000000,0.000000,0.000000,0.000000,0.000000,0.000000,0.000000,0.000000,0.000000,0.000000,0.000000,0.000000,999.989257,999.987741,999.989669,999.989514,999.990170,999.990722,999.990945,999.991364,999.991902,999.992651,999.993190,999.993832,999.994272,999.994655,999.995085,999.995574,999.996104,999.996652,999.997139,999.997674,999.998161,999.998616,999.999077,999.999508,999.999885,1000.000228,1000.000483,1000.000749,1000.001147,1000.001468,1000.001918,1000.002195,1000.002421,1000.002524,1000.002753,1000.003066,1000.002956,1000.003876,1000.003051,0.000000,0.000000,0.000000,0.000000,0.000000,0.000000,0.000000,0.000000,0.000000,0.000000,0.000000,0.000000,0.000000,0.000000,0.000000,0.000000,0.000000,0.000000,0.000000,0.000000,0.000000,0.000000,0.000000,0.000000,0.000000,0.000000,0.000000,0.000000,0.000000,0.000000,0.000000,0.000000
0.000000,0.000000,0.000000,0.000000,0.000000,0.000000,0.000000,0.000000,0.000000,0.000000,0.000000,0.000000,0.000000,0.000000,0.000000,0.000000,0.000000,0.000000,0.000000,0.000000,0.000000,0.000000,0.000000,0.000000,0.000000,0.000000,0.000000,0.000000,0.000000,0.000000,999.987655,999.986186,999.988505,999.989098,999.989389,999.989536,999.990027,999.990406,999.990967,999.991451,999.991973,999.992524,999.993092,999.993666,999.994154,999.994612,999.995109,999.995565,999.996101,999.996616,999.997128,999.997621,999.998111,999.998556,999.999026,999.999419,999.999798,1000.000166,1000.000489,1000.000777,1000.001121,1000.001476,1000.001773,1000.002060,1000.002301,1000.002587,1000.002754,1000.002971,1000.002989,1000.003138,1000.003366,1000.004403,1000.003746,0.000000,0.000000,0.000000,0.000000,0.000000,0.000000,0.000000,0.000000,0.000000,0.000000,0.000000,0.000000,0.000000,0.000000,0.000000,0.000000,0.000000,0.000000,0.000000,0.000000,0.000000,0.000000,0.000000,0.000000,0.000000,0.000000,0.000000,0.000000,0.000000,0.000000
0.000000,0.000000,0.000000,0.000000,0.000000,0.000000,0.000000,0.000000,0.000000,0.000000,0.000000,0.000000,0.000000,0.000000,0.000000,0.000000,0.000000,0.000000,0.000000,0.000000,0.000000,0.000000,0.000000,0.000000,0.000000,0.000000,0.000000,0.000000,999.986096,999.984732,999.987047,999.987802,999.988204,999.988591,999.988938,999.989519,999.989966,999.990382,999.990896,999.991396,999.991919,999.992468,999.993029,999.993568,999.994056,999.994572,999.995062,999.995577,999.996070,999.996594,999.997081,999.997579,999.998044,999.998512,999.998946,999.999374,999.999758,1000.000110,1000.000446,1000.000802,1000.001098,1000.001444,1000.001754,1000.002039,1000.002274,1000.002530,1000.002709,1000.002917,1000.003162,1000.003272,1000.003452,1000.003597,1000.003905,1000.004857,1000.004229,0.000000,0.000000,0.000000,0.000000,0.000000,0.000000,0.000000,0.000000,0.000000,0.000000,0.000000,0.000000,0.000000,0.000000,0.000000,0.000000,0.000000,0.000000,0.000000,0.000000,0.000000,0.000000,0.000000,0.000000,0.000000,0.000000,0.000000,0.000000
0.000000,0.000000,0.000000,0.000000,0.000000,0.000000,0.000000,0.000000,0.000000,0.000000,0.000000,0.000000,0.000000,0.000000,0.000000,0.000000,0.000000,0.000000,0.000000,0.000000,0.000000,0.000000,0.000000,0.000000,0.000000,0.000000,999.984633,999.983559,999.985632,999.986384,999.986859,999.987362,999.987788,999.988447,999.988884,999.989373,999.989814,999.990331,999.990819,999.991341,999.991856,999.992390,999.992963,999.993475,999.994012,999.994539,999.995046,999.995568,999.996084,999.996564,999.997056,999.997570,999.998045,999.998501,999.998924,999.999362,999.999728,1000.000095,1000.000452,1000.000805,1000.001129,1000.001408,1000.001732,1000.002005,1000.002255,1000.002494,1000.002725,1000.002899,1000.003131,1000.003308,1000.003574,1000.003736,1000.003907,1000.004106,1000.004368,1000.005149,1000.004666,0.000000,0.000000,0.000000,0.000000,0.000000,0.000000,0.000000,0.000000,0.000000,0.000000,0.000000,0.000000,0.000000,0.000000,0.000000,0.000000,0.000000,0.000000,0.000000,0.000000,0.000000,0.000000,0.000000,0.000000,0.000000,0.000000
0.000000,0.000000,0.000000,0.000000,0.000000,0.000000,0.000000,0.000000,0.000000,0.000000,0.000000,0.000000,0.000000,0.000000,0.000000,0.000000,0.000000,0.000000,0.000000,0.000000,0.000000,0.000000,0.000000,0.000000,999.983713,999.982853,999.984428,999.985111,999.985551,999.986109,999.986540,999.987199,999.987742,999.988241,999.988721,999.989223,999.989732,999.990233,999.990728,999.991257,999.991797,999.992342,999.992876,999.993408,999.993962,999.994485,999.995021,999.995553,999.996070,999.996571,999.997079,999.997545,999.998042,999.998482,999.998923,999.999332,999.999735,1000.000110,1000.000473,1000.000809,1000.001142,1000.001441,1000.001726,1000.002013,1000.002278,1000.002492,1000.002740,1000.002936,1000.003144,1000.003328,1000.003528,1000.003727,1000.003977,1000.004126,1000.004346,1000.004484,1000.004718,1000.005289,1000.004917,0.000000,0.000000,0.000000,0.000000,0.000000,0.000000,0.000000,0.000000,0.000000,0.000000,0.000000,0.000000,0.000000,0.000000,0.000000,0.000000,0.000000,0.000000,0.000000,0.000000,0.000000,0.000000,0.000000,0.000000
0.000000,0.000000,0.000000,0.000000,0.000000,0.000000,0.000000,0.000000,0.000000,0.000000,0.000000,0.000000,0.000000,0.000000,0.000000,0.000000,0.000000,0.000000,0.000000,0.000000,0.000000,0.000000,0.000000,999.983969,999.983686,999.984049,999.984499,999.985009,999.985388,999.986026,999.986545,999.987067,999.987565,999.988064,999.988604,999.989103,999.989612,999.990113,999.990634,999.991183,999.991725,999.992274,999.992804,999.993388,999.993924,999.994456,999.994994,999.995539,999.996040,999.996586,999.997104,999.997570,999.998042,999.998511,999.998945,999.999366,999.999764,1000.000159,1000.000493,1000.000820,1000.001164,1000.001468,1000.001752,1000.002009,1000.002290,1000.002528,1000.002750,1000.002964,1000.003163,1000.003374,1000.003579,1000.003748,1000.003943,1000.004129,1000.004346,1000.004479,1000.004650,1000.004772,1000.004882,1000.004741,0.000000,0.000000,0.000000,0.000000,0.000000,0.000000,0.000000,0.000000,0.000000,0.000000,0.000000,0.000000,0.000000,0.000000,0.000000,0.000000,0.000000,0.000000,0.000000,0.000000,0.000000,0.000000,0.000000
0.000000,0.000000,0.000000,0.000000,0.000000,0.000000,0.000000,0.000000,0.000000,0.000000,0.000000,0.000000,0.000000,0.000000,0.000000,0.000000,0.000000,0.000000,0.000000,0.000000,0.000000,999.982283,999.981787,999.983530,999.983941,999.984251,999.984477,999.984976,999.985447,999.985929,999.986442,999.986932,999.987456,999.987952,999.988469,999.988961,999.989461,999.990007,999.990559,999.991093,999.991631,999.992208,999.992762,999.993324,999.993896,999.994454,999.995014,999.995538,999.996071,999.996597,999.997109,999.997615,999.998090,999.998548,999.998979,999.999415,999.999804,1000.000188,1000.000561,1000.000884,1000.001225,1000.001534,1000.001816,1000.002080,1000.002330,1000.002555,1000.002796,1000.002987,1000.003200,1000.003395,1000.003587,1000.003777,1000.003955,1000.004120,1000.004300,1000.004443,1000.004620,1000.004666,1000.004758,1000.004890,1000.005504,1000.005266,0.000000,0.000000,0.000000,0.000000,0.000000,0.000000,0.000000,0.000000,0.000000,0.000000,0.000000,0.000000,0.000000,0.000000,0.000000,0.000000,0.000000,0.000000,0.000000,0.000000,0.000000
0.000000,0.000000,0.000000,0.000000,0.000000,0.000000,0.000000,0.000000,0.000000,0.000000,0.000000,0.000000,0.000000,0.000000,0.000000,0.000000,0.000000,0.000000,0.000000,0.000000,999.982606,999.982539,999.982908,999.983397,999.983758,999.984154,999.984550,999.984962,999.985409,999.985854,999.986328,999.986812,999.987305,999.987796,999.988312,999.988812,999.989356,999.989893,999.990439,999.990973,999.991563,999.992121,999.992702,999.993272,999.993846,999.994440,999.994995,999.995559,999.996101,999.996649,999.997139,999.997657,999.998143,999.998610,999.999061,999.999479,999.999881,1000.000236,1000.000625,1000.000959,1000.001264,1000.001563,1000.001867,1000.002126,1000.002391,1000.002612,1000.002839,1000.003048,1000.003257,1000.003423,1000.003607,1000.003772,1000.003975,1000.004116,1000.004272,1000.004404,1000.004549,1000.004674,1000.004786,1000.004890,1000.005044,1000.005161,1000.005110,0.000000,0.000000,0.000000,0.000000,0.000000,0.000000,0.000000,0.000000,0.000000,0.000000,0.000000,0.000000,0.000000,0.000000,0.000000,0.000000,0.000000,0.000000,0.000000,0.000000
0.000000,0.000000,0.000000,0.000000,0.000000,0.000000,0.000000,0.000000,0.000000,0.000000,0.000000,0.000000,0.000000,0.000000,0.000000,0.000000,0.000000,0.000000,0.000000,999.982304,999.982583,999.982779,999.983141,999.983359,999.983766,999.984167,999.984553,999.984939,999.985348,999.985779,999.986225,999.986681,999.987168,999.987652,999.988153,999.988687,999.989234,999.989766,999.990311,999.990888,999.991474,999.992053,999.992658,999.993246,999.993829,999.994427,999.994997,999.995571,999.996158,999.996679,999.997224,999.997723,999.998209,999.998682,999.999143,999.999564,999.999972,1000.000368,1000.000721,1000.001075,1000.001386,1000.001661,1000.001971,1000.002202,1000.002458,1000.002685,1000.002906,1000.003100,1000.003309,1000.003472,1000.003652,1000.003820,1000.003968,1000.004131,1000.004266,1000.004399,1000.004522,1000.004647,1000.004762,1000.004881,1000.004948,1000.005046,1000.005094,1000.005165,0.000000,0.000000,0.000000,0.000000,0.000000,0.000000,0.000000,0.000000,0.000000,0.000000,0.000000,0.000000,0.000000,0.000000,0.000000,0.000000,0.000000,0.000000,0.000000
0.000000,0.000000,0.000000,0.000000,0.000000,0.000000,0.000000,0.000000,0.000000,0.000000,0.000000,0.000000,0.000000,0.000000,0.000000,0.000000,0.000000,0.000000,999.981999,999.982356,999.982644,999.982910,999.983202,999.983469,999.983830,999.984159,999.984517,999.984880,999.985255,999.985672,999.986096,999.986557,999.987016,999.987500,999.988009,999.988524,999.989053,999.989604,999.990171,999.990777,999.991356,999.991972,999.992589,999.993208,999.993821,999.994433,999.995027,999.995627,999.996199,999.996753,999.997298,999.997835,999.998325,999.998803,999.999244,999.999668,1000.000082,1000.000467,1000.000812,1000.001148,1000.001493,1000.001769,1000.002064,1000.002314,1000.002549,1000.002776,1000.002995,1000.003172,1000.003360,1000.003544,1000.003709,1000.003855,1000.004007,1000.004126,1000.004287,1000.004396,1000.004503,1000.004604,1000.004726,1000.004832,1000.004926,1000.004996,1000.005050,1000.005147,1000.005262,0.000000,0.000000,0.000000,0.000000,0.000000,0.000000,0.000000,0.000000,0.000000,0.000000,0.000000,0.000000,0.000000,0.000000,0.000000,0.000000,0.000000,0.000000
0.000000,0.000000,0.000000,0.000000,0.000000,0.000000,0.000000,0.000000,0.000000,0.000000,0.000000,0.000000,0.000000,0.000000,0.000000,0.000000,0.000000,999.981768,999.982158,999.982435,999.982697,999.982974,999.983227,999.983516,999.983803,999.984126,999.984444,999.984799,999.985172,999.985564,999.985966,999.986401,999.986838,999.987331,999.987825,999.988334,999.988893,999.989451,999.990047,999.990659,999.991268,999.991903,999.992538,999.993167,999.993806,999.994440,999.995060,999.995668,999.996251,999.996833,999.997391,999.997922,999.998430,999.998935,999.999390,999.999832,1000.000238,1000.000630,1000.000969,1000.001297,1000.001617,1000.001906,1000.002158,1000.002427,1000.002659,1000.002879,1000.003083,1000.003266,1000.003436,1000.003607,1000.003762,1000.003908,1000.004033,1000.004179,1000.004277,1000.004423,1000.004513,1000.004612,1000.004694,1000.004786,1000.004853,1000.004956,1000.005040,1000.005111,1000.005199,1000.005299,0.000000,0.000000,0.000000,0.000000,0.000000,0.000000,0.000000,0.000000,0.000000,0.000000,0.000000,0.000000,0.000000,0.000000,0.000000,0.000000,0.000000
0.000000,0.000000,0.000000,0.000000,0.000000,0.000000,0.000000,0.000000,0.000000,0.000000,0.000000,0.000000,0.000000,0.000000,0.000000,0.000000,999.981732,999.982010,999.982276,999.982521,999.982799,999.983052,999.983296,999.983575,999.983827,999.984112,999.984414,999.984729,999.985061,999.985415,999.985801,999.986215,999.986646,999.987130,999.987610,999.988149,999.988704,999.989282,999.989892,999.990512,999.991139,999.991810,999.992453,999.993131,999.993806,999.994459,999.995114,999.995746,999.996372,999.996963,999.997544,999.998072,999.998593,999.999073,999.999542,999.999967,1000.000368,1000.000753,1000.001133,1000.001463,1000.001767,1000.002062,1000.002314,1000.002558,1000.002797,1000.002991,1000.003176,1000.003376,1000.003526,1000.003695,1000.003817,1000.003973,1000.004090,1000.004204,1000.004298,1000.004398,1000.004512,1000.004605,1000.004693,1000.004763,1000.004850,1000.004907,1000.005002,1000.005069,1000.005138,1000.005237,1000.005344,0.000000,0.000000,0.000000,0.000000,0.000000,0.000000,0.000000,0.000000,0.000000,0.000000,0.000000,0.000000,0.000000,0.000000,0.000000,0.000000
0.000000,0.000000,0.000000,0.000000,0.000000,0.000000,0.000000,0.000000,0.000000,0.000000,0.000000,0.000000,0.000000,0.000000,0.000000,999.981768,999.982010,999.982267,999.982470,999.982698,999.982939,999.983128,999.983344,999.983552,999.983778,999.984047,999.984312,999.984598,999.984916,999.985251,999.985626,999.986015,999.986445,999.986911,999.987395,999.987932,999.988481,999.989081,999.989707,999.990354,999.991030,999.991714,999.992399,999.993113,999.993811,999.994479,999.995172,999.995835,999.996469,999.997078,999.997671,999.998227,999.998776,999.999268,999.999754,1000.000198,1000.000601,1000.000956,1000.001329,1000.001643,1000.001938,1000.002220,1000.002487,1000.002712,1000.002926,1000.003140,1000.003294,1000.003488,1000.003633,1000.003778,1000.003896,1000.004025,1000.004138,1000.004253,1000.004358,1000.004444,1000.004516,1000.004595,1000.004682,1000.004749,1000.004815,1000.004894,1000.004949,1000.005022,1000.005094,1000.005174,1000.005255,1000.005294,0.000000,0.000000,0.000000,0.000000,0.000000,0.000000,0.000000,0.000000,0.000000,0.000000,0.000000,0.000000,0.000000,0.000000,0.000000
0.000000,0.000000,0.000000,0.000000,0.000000,0.000000,0.000000,0.000000,0.000000,0.000000,0.000000,0.000000,0.000000,0.000000,999.981999,999.982158,999.982276,999.982470,999.982617,999.982807,999.982989,999.983157,999.983372,999.983567,999.983795,999.984009,999.984244,999.984494,999.984778,999.985084,999.985411,999.985786,999.986194,999.986636,999.987130,999.987672,999.988243,999.988850,999.989491,999.990164,999.990890,999.991605,999.992349,999.993082,999.993810,999.994555,999.995257,999.995948,999.996616,999.997261,999.997863,999.998434,999.998968,999.999459,999.999928,1000.000384,1000.000807,1000.001194,1000.001530,1000.001865,1000.002140,1000.002426,1000.002666,1000.002888,1000.003076,1000.003291,1000.003456,1000.003610,1000.003741,1000.003891,1000.004000,1000.004118,1000.004210,1000.004294,1000.004381,1000.004475,1000.004542,1000.004605,1000.004679,1000.004740,1000.004792,1000.004841,1000.004925,1000.004964,1000.005024,1000.005090,1000.005158,1000.005212,1000.005286,0.000000,0.000000,0.000000,0.000000,0.000000,0.000000,0.000000,0.000000,0.000000,0.000000,0.000000,0.000000,0.000000,0.000000
0.000000,0.000000,0.000000,0.000000,0.000000,0.000000,0.000000,0.000000,0.000000,0.000000,0.000000,0.000000,0.000000,999.982304,999.982356,999.982435,999.982521,999.982698,999.982807,999.982973,999.983159,999.983276,999.983454,999.983577,999.983739,999.983910,999.984099,999.984317,999.984559,999.984836,999.985154,999.985498,999.985891,999.986341,999.986833,999.987376,999.987952,999.988591,999.989272,999.989988,999.990720,999.991483,999.992276,999.993039,999.993826,999.994607,999.995339,999.996063,999.996773,999.997430,999.998062,999.998673,999.999242,999.999769,1000.000229,1000.000655,1000.001057,1000.001431,1000.001764,1000.002087,1000.002371,1000.002625,1000.002867,1000.003102,1000.003252,1000.003452,1000.003603,1000.003758,1000.003871,1000.003991,1000.004094,1000.004203,1000.004287,1000.004365,1000.004430,1000.004490,1000.004585,1000.004618,1000.004685,1000.004726,1000.004786,1000.004830,1000.004885,1000.004942,1000.004977,1000.005030,1000.005078,1000.005120,1000.005164,1000.005174,0.000000,0.000000,0.000000,0.000000,0.000000,0.000000,0.000000,0.000000,0.000000,0.000000,0.000000,0.000000,0.000000
0.000000,0.000000,0.000000,0.000000,0.000000,0.000000,0.000000,0.000000,0.000000,0.000000,0.000000,0.000000,999.982606,999.982583,999.982644,999.982697,999.982799,999.982939,999.982989,999.983159,999.983207,999.983280,999.983415,999.983517,999.983687,999.983829,999.984003,999.984175,999.984378,999.984613,999.984885,999.985203,999.985584,999.986005,999.986482,999.986998,999.987618,999.988278,999.989011,999.989745,999.990541,999.991359,999.992200,999.993040,999.993885,999.994690,999.995504,999.996277,999.997001,999.997674,999.998330,999.998914,999.999466,999.999997,1000.000504,1000.000944,1000.001353,1000.001724,1000.002059,1000.002348,1000.002639,1000.002872,1000.003075,1000.003312,1000.003485,1000.003626,1000.003771,1000.003900,1000.004028,1000.004140,1000.004202,1000.004288,1000.004363,1000.004434,1000.004498,1000.004528,1000.004588,1000.004639,1000.004679,1000.004726,1000.004759,1000.004798,1000.004847,1000.004876,1000.004906,1000.004971,1000.005017,1000.005057,1000.005089,1000.005114,1000.005137,0.000000,0.000000,0.000000,0.000000,0.000000,0.000000,0.000000,0.000000,0.000000,0.000000,0.000000,0.000000
0.000000,0.000000,0.000000,0.000000,0.000000,0.000000,0.000000,0.000000,0.000000,0.000000,0.000000,999.982283,999.982539,999.982779,999.982910,999.982974,999.983052,999.983128,999.983157,999.983276,999.983280,999.983421,999.983549,999.983584,999.983685,999.983723,999.983806,999.983935,999.984098,999.984295,999.984536,999.984827,999.985164,999.985584,999.986048,999.986616,999.987248,999.987931,999.988672,999.989473,999.990339,999.991208,999.992115,999.993008,999.993908,999.994768,999.995622,999.996430,999.997195,999.997947,999.998647,999.999276,999.999845,1000.000344,1000.000844,1000.001248,1000.001675,1000.002013,1000.002359,1000.002638,1000.002903,1000.003154,1000.003331,1000.003524,1000.003700,1000.003848,1000.003958,1000.004066,1000.004163,1000.004248,1000.004342,1000.004395,1000.004461,1000.004507,1000.004568,1000.004603,1000.004626,1000.004657,1000.004706,1000.004714,1000.004758,1000.004771,1000.004811,1000.004853,1000.004862,1000.004888,1000.004928,1000.004957,1000.005009,1000.005062,1000.005147,1000.005226,0.000000,0.000000,0.000000,0.000000,0.000000,0.000000,0.000000,0.000000,0.000000,0.000000,0.000000
0.000000,0.000000,0.000000,0.000000,0.000000,0.000000,0.000000,0.000000,0.000000,0.000000,0.000000,999.981787,999.982908,999.983141,999.983202,999.983227,999.983296,999.983344,999.983372,999.983454,999.983415,999.983549,999.983489,999.983413,999.983518,999.983531,999.983648,999.983769,999.983861,999.983987,999.984186,999.984423,999.984726,999.985108,999.985583,999.986145,999.986774,999.987492,999.988295,999.989170,999.990102,999.991060,999.992034,999.993024,999.994005,999.994945,999.995858,999.996723,999.997514,999.998247,999.998907,999.999568,1000.000176,1000.000740,1000.001209,1000.001658,1000.002036,1000.002380,1000.002694,1000.002961,1000.003214,1000.003434,1000.003625,1000.003770,1000.003918,1000.004059,1000.004176,1000.004267,1000.004339,1000.004411,1000.004462,1000.004526,1000.004553,1000.004585,1000.004614,1000.004640,1000.004674,1000.004675,1000.004715,1000.004727,1000.004738,1000.004751,1000.004773,1000.004791,1000.004836,1000.004832,1000.004863,1000.004895,1000.004933,1000.004965,1000.005050,1000.005395,0.000000,0.000000,0.000000,0.000000,0.000000,0.000000,0.000000,0.000000,0.000000,0.000000,0.000000
0.000000,0.000000,0.000000,0.000000,0.000000,0.000000,0.000000,0.000000,0.000000,0.000000,999.983969,999.983530,999.983397,999.983359,999.983469,999.983516,999.983575,999.983552,999.983567,999.983577,999.983517,999.983584,999.983413,999.983494,999.983656,999.983522,999.983538,999.983482,999.983461,999.983553,999.983713,999.983885,999.984166,999.984546,999.985000,999.985558,999.986231,999.987006,999.987865,999.988820,999.989818,999.990860,999.991932,999.993009,999.994054,999.995083,999.996046,999.996992,999.997885,999.998698,999.999420,1000.000042,1000.000619,1000.001132,1000.001611,1000.002039,1000.002438,1000.002751,1000.003073,1000.003320,1000.003541,1000.003736,1000.003923,1000.004069,1000.004185,1000.004281,1000.004379,1000.004455,1000.004515,1000.004571,1000.004611,1000.004626,1000.004662,1000.004682,1000.004704,1000.004701,1000.004718,1000.004713,1000.004715,1000.004713,1000.004732,1000.004745,1000.004728,1000.004735,1000.004761,1000.004789,1000.004784,1000.004817,1000.004844,1000.004896,1000.004915,1000.004902,1000.004812,0.000000,0.000000,0.000000,0.000000,0.000000,0.000000,0.000000,0.000000,0.000000,0.000000
0.000000,0.000000,0.000000,0.000000,0.000000,0.000000,0.000000,0.000000,0.000000,999.983713,999.983686,999.983941,999.983758,999.983766,999.983830,999.983803,999.983827,999.983778,999.983795,999.983739,999.983687,999.983685,999.983518,999.983656,999.983424,999.983088,999.983178,999.983091,999.983145,999.983246,999.983274,999.983384,999.983601,999.983918,999.984325,999.984891,999.985570,999.986389,999.987326,999.988382,999.989490,999.990672,999.991893,999.993063,999.994236,999.995372,999.996398,999.997321,999.998194,999.999019,999.999804,1000.000501,1000.001124,1000.001633,1000.002110,1000.002509,1000.002881,1000.003185,1000.003461,1000.003711,1000.003900,1000.004071,1000.004232,1000.004359,1000.004471,1000.004548,1000.004610,1000.004670,1000.004704,1000.004737,1000.004776,1000.004760,1000.004774,1000.004764,1000.004775,1000.004757,1000.004761,1000.004748,1000.004751,1000.004732,1000.004711,1000.004722,1000.004706,1000.004703,1000.004699,1000.004712,1000.004718,1000.004751,1000.004762,1000.004774,1000.004820,1000.004799,1000.004889,1000.004909,0.000000,0.000000,0.000000,0.000000,0.000000,0.000000,0.000000,0.000000,0.000000
0.000000,0.000000,0.000000,0.000000,0.000000,0.000000,0.000000,0.000000,0.000000,999.982853,999.984049,999.984251,999.984154,999.984167,999.984159,999.984126,999.984112,999.984047,999.984009,999.983910,999.983829,999.983723,999.983531,999.983522,999.983088,999.983134,999.983302,999.982991,999.982879,999.982705,999.982551,999.982629,999.982809,999.983069,999.983476,999.984060,999.984804,999.985691,999.986722,999.987872,999.989111,999.990422,999.991751,999.993064,999.994337,999.995591,999.996797,999.997879,999.998840,999.999659,1000.000369,1000.001020,1000.001625,1000.002161,1000.002619,1000.003019,1000.003359,1000.003658,1000.003903,1000.004121,1000.004318,1000.004459,1000.004580,1000.004666,1000.004737,1000.004819,1000.004850,1000.004890,1000.004901,1000.004899,1000.004913,1000.004920,1000.004906,1000.004879,1000.004855,1000.004826,1000.004803,1000.004777,1000.004741,1000.004734,1000.004706,1000.004678,1000.004678,1000.004654,1000.004641,1000.004640,1000.004635,1000.004651,1000.004663,1000.004678,1000.004697,1000.004703,1000.004799,1000.005213,0.000000,0.000000,0.000000,0.000000,0.000000,0.000000,0.000000,0.000000,0.000000
0.000000,0.000000,0.000000,0.000000,0.000000,0.000000,0.000000,0.000000,999.984633,999.984428,999.984499,999.984477,999.984550,999.984553,999.984517,999.984444,999.984414,999.984312,999.984244,999.984099,999.984003,999.983806,999.983648,999.983538,999.983178,999.983302,999.982896,999.982199,999.982175,999.982008,999.981966,999.982065,999.982083,999.982231,999.982573,999.983136,999.983829,999.984782,999.985937,999.987263,999.988719,999.990219,999.991760,999.993289,999.994678,999.995948,999.997122,999.998245,999.999281,1000.000236,1000.001043,1000.001701,1000.002278,1000.002778,1000.003218,1000.003575,1000.003895,1000.004171,1000.004377,1000.004563,1000.004710,1000.004843,1000.004934,1000.005013,1000.005055,1000.005104,1000.005121,1000.005124,1000.005124,1000.005100,1000.005066,1000.005040,1000.005012,1000.004976,1000.004940,1000.004894,1000.004851,1000.004813,1000.004764,1000.004730,1000.004701,1000.004666,1000.004627,1000.004624,1000.004579,1000.004584,1000.004565,1000.004560,1000.004575,1000.004570,1000.004598,1000.004634,1000.004671,1000.004735,1000.004698,0.000000,0.000000,0.000000,0.000000,0.000000,0.000000,0.000000,0.000000
0.000000,0.000000,0.000000,0.000000,0.000000,0.000000,0.000000,0.000000,999.983559,999.985111,999.985009,999.984976,999.984962,999.984939,999.984880,999.984799,999.984729,999.984598,999.984494,999.984317,999.984175,999.983935,999.983769,999.983482,999.983091,999.982991,999.982199,999.982022,999.982326,999.981789,999.981455,999.981137,999.980863,999.980970,999.981299,999.981820,999.982659,999.983738,999.985036,999.986516,999.988142,999.989849,999.991560,999.993332,999.995038,999.996583,999.997945,999.999099,1000.000038,1000.000899,1000.001695,1000.002394,1000.002960,1000.003442,1000.003848,1000.004199,1000.004457,1000.004715,1000.004898,1000.005052,1000.005164,1000.005249,1000.005319,1000.005370,1000.005388,1000.005392,1000.005386,1000.005361,1000.005344,1000.005306,1000.005261,1000.005195,1000.005139,1000.005080,1000.005025,1000.004965,1000.004903,1000.004854,1000.004783,1000.004730,1000.004677,1000.004631,1000.004584,1000.004553,1000.004517,1000.004501,1000.004484,1000.004455,1000.004459,1000.004481,1000.004468,1000.004490,1000.004525,1000.004543,1000.005068,0.000000,0.000000,0.000000,0.000000,0.000000,0.000000,0.000000,0.000000
0.000000,0.000000,0.000000,0.000000,0.000000,0.000000,0.000000,999.986096,999.985632,999.985551,999.985388,999.985447,999.985409,999.985348,999.985255,999.985172,999.985061,999.984916,999.984778,999.984559,999.984378,999.984098,999.983861,999.983461,999.983145,999.982879,999.982175,999.982326,999.981710,999.980379,999.980159,999.979885,999.979752,999.979902,999.980077,999.980518,999.981242,999.982371,999.983887,999.985639,999.987687,999.989787,999.991736,999.993595,999.995340,999.996937,999.998442,999.999823,1000.000966,1000.001842,1000.002597,1000.003219,1000.003762,1000.004188,1000.004558,1000.004862,1000.005100,1000.005285,1000.005439,1000.005564,1000.005645,1000.005699,1000.005723,1000.005742,1000.005720,1000.005697,1000.005671,1000.005604,1000.005554,1000.005488,1000.005427,1000.005356,1000.005266,1000.005187,1000.005104,1000.005030,1000.004949,1000.004867,1000.004807,1000.004733,1000.004671,1000.004610,1000.004542,1000.004504,1000.004450,1000.004420,1000.004384,1000.004374,1000.004346,1000.004356,1000.004345,1000.004363,1000.004404,1000.004397,1000.004426,1000.004291,0.000000,0.000000,0.000000,0.000000,0.000000,0.000000,0.000000
0.000000,0.000000,0.000000,0.000000,0.000000,0.000000,0.000000,999.984732,999.986384,999.986109,999.986026,999.985929,999.985854,999.985779,999.985672,999.985564,999.985415,999.985251,999.985084,999.984836,999.984613,999.984295,999.983987,999.983553,999.983246,999.982705,999.982008,999.981789,999.980379,999.979784,999.980225,999.979441,999.978790,999.978385,999.978071,999.978368,999.979368,999.980713,999.982457,999.984526,999.986763,999.989302,999.991871,999.994234,999.996357,999.998111,999.999495,1000.000713,1000.001843,1000.002781,1000.003531,1000.004127,1000.004622,1000.005022,1000.005329,1000.005580,1000.005783,1000.005931,1000.006028,1000.006092,1000.006141,1000.006158,1000.006145,1000.006132,1000.006084,1000.006014,1000.005965,1000.005888,1000.005796,1000.005693,1000.005595,1000.005507,1000.005404,1000.005290,1000.005195,1000.005088,1000.004994,1000.004898,1000.004801,1000.004717,1000.004635,1000.004575,1000.004496,1000.004443,1000.004390,1000.004330,1000.004295,1000.004282,1000.004234,1000.004212,1000.004222,1000.004211,1000.004218,1000.004217,1000.004181,1000.004807,0.000000,0.000000,0.000000,0.000000,0.000000,0.000000,0.000000
0.000000,0.000000,0.000000,0.000000,0.000000,0.000000,999.987655,999.987047,999.986859,999.986540,999.986545,999.986442,999.986328,999.986225,999.986096,999.985966,999.985801,999.985626,999.985411,999.985154,999.984885,999.984536,999.984186,999.983713,999.983274,999.982551,999.981966,999.981455,999.980159,999.980225,999.979427,999.977160,999.976412,999.975917,999.975794,999.976423,999.977130,999.978471,999.980657,999.983279,999.986140,999.989084,999.991859,999.994452,999.996846,999.999075,1000.000835,1000.002096,1000.003123,1000.003954,1000.004630,1000.005159,1000.005585,1000.005919,1000.006167,1000.006352,1000.006485,1000.006582,1000.006645,1000.006664,1000.006657,1000.006640,1000.006580,1000.006522,1000.006462,1000.006352,1000.006251,1000.006143,1000.006038,1000.005905,1000.005783,1000.005659,1000.005531,1000.005406,1000.005273,1000.005156,1000.005035,1000.004929,1000.004835,1000.004702,1000.004614,1000.004545,1000.004431,1000.004371,1000.004315,1000.004239,1000.004181,1000.004155,1000.004131,1000.004089,1000.004080,1000.004070,1000.004051,1000.004086,1000.004017,1000.004021,1000.003886,0.000000,0.000000,0.000000,0.000000,0.000000,0.000000
0.000000,0.000000,0.000000,0.000000,0.000000,0.000000,999.986186,999.987802,999.987362,999.987199,999.987067,999.986932,999.986812,999.986681,999.986557,999.986401,999.986215,999.986015,999.985786,999.985498,999.985203,999.984827,999.984423,999.983885,999.983384,999.982629,999.982065,999.981137,999.979885,999.979441,999.977160,999.975482,999.975796,999.974877,999.973981,999.973558,999.974114,999.975830,999.978316,999.981817,999.985540,999.989301,999.992967,999.996049,999.998374,1000.000328,1000.002091,1000.003476,1000.004502,1000.005273,1000.005864,1000.006314,1000.006644,1000.006886,1000.007064,1000.007185,1000.007249,1000.007283,1000.007280,1000.007262,1000.007205,1000.007137,1000.007043,1000.006929,1000.006824,1000.006700,1000.006555,1000.006412,1000.006269,1000.006117,1000.005957,1000.005809,1000.005658,1000.005507,1000.005363,1000.005209,1000.005071,1000.004932,1000.004813,1000.004704,1000.004568,1000.004491,1000.004384,1000.004286,1000.004227,1000.004161,1000.004086,1000.004028,1000.003983,1000.003958,1000.003926,1000.003901,1000.003903,1000.003873,1000.003852,1000.003755,1000.004402,0.000000,0.000000,0.000000,0.000000,0.000000,0.000000
0.000000,0.000000,0.000000,0.000000,0.000000,999.989257,999.988505,999.988204,999.987788,999.987742,999.987565,999.987456,999.987305,999.987168,999.987016,999.986838,999.986646,999.986445,999.986194,999.985891,999.985584,999.985164,999.984726,999.984166,999.983601,999.982809,999.982083,999.980863,999.979752,999.978790,999.976412,999.975796,999.974836,999.971194,999.969330,999.968993,999.969324,999.971378,999.974681,999.978840,999.983892,999.988904,999.993336,999.997389,1000.000509,1000.002584,1000.004107,1000.005270,1000.006150,1000.006775,1000.007232,1000.007555,1000.007770,1000.007916,1000.008004,1000.008041,1000.008047,1000.008007,1000.007955,1000.007866,1000.007760,1000.007649,1000.007513,1000.007365,1000.007204,1000.007045,1000.006870,1000.006686,1000.006512,1000.006332,1000.006141,1000.005960,1000.005780,1000.005600,1000.005433,1000.005270,1000.005111,1000.004948,1000.004807,1000.004678,1000.004546,1000.004414,1000.004323,1000.004218,1000.004109,1000.004046,1000.003991,1000.003906,1000.003870,1000.003808,1000.003779,1000.003736,1000.003726,1000.003704,1000.003710,1000.003617,1000.003550,1000.003281,0.000000,0.000000,0.000000,0.000000,0.000000
0.000000,0.000000,0.000000,0.000000,0.000000,999.987741,999.989098,999.988591,999.988447,999.988241,999.988064,999.987952,999.987796,999.987652,999.987500,999.987331,999.987130,999.986911,999.986636,999.986341,999.986005,999.985584,999.985108,999.984546,999.983918,999.983069,999.982231,999.980970,999.979902,999.978385,999.975917,999.974877,999.971194,999.967205,999.966148,999.964565,999.964980,999.967510,999.971612,999.977935,999.984374,999.990227,999.995368,999.999372,1000.002593,1000.004897,1000.006384,1000.007361,1000.008008,1000.008452,1000.008722,1000.008891,1000.008980,1000.009013,1000.008994,1000.008944,1000.008863,1000.008761,1000.008633,1000.008499,1000.008333,1000.008166,1000.007995,1000.007791,1000.007597,1000.007387,1000.007184,1000.006963,1000.006749,1000.006535,1000.006323,1000.006098,1000.005905,1000.005695,1000.005502,1000.005304,1000.005131,1000.004953,1000.004788,1000.004649,1000.004496,1000.004346,1000.004249,1000.004132,1000.004023,1000.003932,1000.003859,1000.003769,1000.003723,1000.003674,1000.003619,1000.003596,1000.003568,1000.003525,1000.003489,1000.003467,1000.003323,1000.003947,0.000000,0.000000,0.000000,0.000000,0.000000
0.000000,0.000000,0.000000,0.000000,999.989971,999.989669,999.989389,999.988938,999.988884,999.988721,999.988604,999.988469,999.988312,999.988153,999.988009,999.987825,999.987610,999.987395,999.987130,999.986833,999.986482,999.986048,999.985583,999.985000,999.984325,999.983476,999.982573,999.981299,999.980077,999.978071,999.975794,999.973981,999.969330,999.966148,999.962880,999.957872,999.955959,999.957526,999.963984,999.973095,999.982968,999.992584,999.999528,1000.003678,1000.006334,1000.008035,1000.009111,1000.009739,1000.010078,1000.010262,1000.010321,1000.010311,1000.010249,1000.010146,1000.010020,1000.009871,1000.009707,1000.009526,1000.009331,1000.009134,1000.008930,1000.008692,1000.008476,1000.008237,1000.007989,1000.007741,1000.007495,1000.007239,1000.006992,1000.006738,1000.006497,1000.006250,1000.006013,1000.005783,1000.005567,1000.005344,1000.005145,1000.004960,1000.004759,1000.004594,1000.004444,1000.004284,1000.004151,1000.004026,1000.003910,1000.003810,1000.003719,1000.003629,1000.003581,1000.003509,1000.003465,1000.003412,1000.003377,1000.003370,1000.003341,1000.003379,1000.003220,1000.003170,1000.003123,0.000000,0.000000,0.000000,0.000000
0.000000,0.000000,0.000000,0.000000,999.988273,999.989514,999.989536,999.989519,999.989373,999.989223,999.989103,999.988961,999.988812,999.988687,999.988524,999.988334,999.988149,999.987932,999.987672,999.987376,999.986998,999.986616,999.986145,999.985558,999.984891,999.984060,999.983136,999.981820,999.980518,999.978368,999.976423,999.973558,999.968993,999.964565,999.957872,999.946841,999.940516,999.945493,999.955332,999.967960,999.983440,999.996100,1000.003851,1000.008717,1000.010898,1000.011854,1000.012254,1000.012373,1000.012325,1000.012174,1000.011985,1000.011767,1000.011529,1000.011292,1000.011049,1000.010806,1000.010559,1000.010305,1000.010041,1000.009774,1000.009510,1000.009236,1000.008940,1000.008671,1000.008386,1000.008095,1000.007805,1000.007511,1000.007223,1000.006939,1000.006656,1000.006379,1000.006123,1000.005853,1000.005609,1000.005374,1000.005143,1000.004930,1000.004731,1000.004537,1000.004367,1000.004205,1000.004054,1000.003907,1000.003806,1000.003687,1000.003580,1000.003489,1000.003419,1000.003351,1000.003287,1000.003276,1000.003193,1000.003179,1000.003172,1000.003156,1000.003179,1000.003258,1000.003858,0.000000,0.000000,0.000000,0.000000
