0.000000,0.000000,0.000000,0.000000,0.000000,0.000000,0.000000,0.000000,0.000000,0.000000,0.000000,0.000000,0.000000,0.000000,0.000000,0.000000,0.000000,0.000000,0.000000,0.000000,0.000000,0.000000,0.000000,0.000000,0.000000,0.000000,0.000000,0.000000,0.000000,0.000000,0.000000,0.000000,0.000000,0.000000,0.000000,0.000000,0.000000,0.000000,0.000000,0.000000,0.000000,0.000000,0.000000,0.000000,0.000000,0.000000,0.000000,0.000000,0.000000,0.000000,0.000000,0.000000,0.000000,0.000000,0.000000,0.000000,0.000000,0.000000,0.000000,0.000000,0.000000,0.000000,0.000000,0.000000,0.000000,0.000000,0.000000,0.000000,0.000000,0.000000,0.000000,0.000000,0.000000,0.000000,0.000000,0.000000,0.000000,0.000000,0.000000,0.000000,0.000000,0.000000,0.000000,0.000000,0.000000,0.000000,0.000000,0.000000,0.000000,0.000000,0.000000,0.000000,0.000000,0.000000,0.000000,0.000000,0.000000,0.000000,0.000000,0.000000,0.000000,0.000000,0.000000
0.000000,0.000000,0.000000,0.000000,0.000000,0.000000,0.000000,0.000000,0.000000,0.000000,0.000000,0.000000,0.000000,0.000000,0.000000,0.000000,0.000000,0.000000,0.000000,0.000000,0.000000,0.000000,0.000000,0.000000,0.000000,0.000000,0.000000,0.000000,0.000000,0.000000,0.000000,0.000000,0.000000,0.000000,0.000000,0.000000,0.000000,0.000000,0.000000,0.000000,0.000000,0.000000,0.000000,0.000000,0.000000,0.000000,0.000000,0.000000,0.000000,0.000000,0.000000,999.997761,0.000000,0.000000,0.000000,0.000000,0.000000,0.000000,0.000000,0.000000,0.000000,0.000000,0.000000,0.000000,0.000000,0.000000,0.000000,0.000000,0.000000,0.000000,0.000000,0.000000,0.000000,0.000000,0.000000,0.000000,0.000000,0.000000,0.000000,0.000000,0.000000,0.000000,0.000000,0.000000,0.000000,0.000000,0.000000,0.000000,0.000000,0.000000,0.000000,0.000000,0.000000,0.000000,0.000000,0.000000,0.000000,0.000000,0.000000,0.000000,0.000000,0.000000,0.000000
0.000000,0.000000,0.000000,0.000000,0.000000,0.000000,0.000000,0.000000,0.000000,0.000000,0.000000,0.000000,0.000000,0.000000,0.000000,0.000000,0.000000,0.000000,0.000000,0.000000,0.000000,0.000000,0.000000,0.000000,0.000000,0.000000,0.000000,0.000000,0.000000,0.000000,0.000000,0.000000,0.000000,0.000000,0.000000,0.000000,0.000000,0.000000,0.000000,0.000000,0.000000,0.000000,999.995881,999.993543,999.993556,999.994107,999.994668,999.995246,999.995882,999.996853,999.997626,999.997769,999.997880,999.998620,999.999431,999.999940,1000.000330,1000.000712,1000.001017,1000.001002,999.999367,0.000000,0.000000,0.000000,0.000000,0.000000,0.000000,0.000000,0.000000,0.000000,0.000000,0.000000,0.000000,0.000000,0.000000,0.000000,0.000000,0.000000,0.000000,0.000000,0.000000,0.000000,0.000000,0.000000,0.000000,0.000000,0.000000,0.000000,0.000000,0.000000,0.000000,0.000000,0.000000,0.000000,0.000000,0.000000,0.000000,0.000000,0.000000,0.000000,0.000000,0.000000,0.000000
0.000000,0.000000,0.000000,0.000000,0.000000,0.000000,0.000000,0.000000,0.000000,0.000000,0.000000,0.000000,0.000000,0.000000,0.000000,0.000000,0.000000,0.000000,0.000000,0.000000,0.000000,0.000000,0.000000,0.000000,0.000000,0.000000,0.000000,0.000000,0.000000,0.000000,0.000000,0.000000,0.000000,0.000000,0.000000,0.000000,0.000000,999.992212,999.990004,999.989901,999.990963,999.992731,999.995119,999.994576,999.994217,999.994384,999.994836,999.995404,999.995959,999.996579,999.997434,999.997658,999.997857,999.998677,999.999159,999.999636,1000.000052,1000.000351,1000.000459,1000.000186,999.999798,1000.001396,1000.002423,1000.002998,1000.002802,1000.001507,0.000000,0.000000,0.000000,0.000000,0.000000,0.000000,0.000000,0.000000,0.000000,0.000000,0.000000,0.000000,0.000000,0.000000,0.000000,0.000000,0.000000,0.000000,0.000000,0.000000,0.000000,0.000000,0.000000,0.000000,0.000000,0.000000,0.000000,0.000000,0.000000,0.000000,0.000000,0.000000,0.000000,0.000000,0.000000,0.000000,0.000000
0.000000,0.000000,0.000000,0.000000,0.000000,0.000000,0.000000,0.000000,0.000000,0.000000,0.000000,0.000000,0.000000,0.000000,0.000000,0.000000,0.000000,0.000000,0.000000,0.000000,0.000000,0.000000,0.000000,0.000000,0.000000,0.000000,0.000000,0.000000,0.000000,0.000000,0.000000,0.000000,0.000000,0.000000,999.990079,999.988450,999.989386,999.991661,999.991288,999.991057,999.991492,999.992946,999.993772,999.994017,999.994289,999.994580,999.994970,999.995479,999.996042,999.996548,999.997102,999.997584,999.998050,999.998555,999.998999,999.999459,999.999818,1000.000115,1000.000311,1000.000441,1000.000588,1000.001092,1000.001987,1000.002200,1000.002044,1000.001792,1000.002943,1000.003405,1000.002551,0.000000,0.000000,0.000000,0.000000,0.000000,0.000000,0.000000,0.000000,0.000000,0.000000,0.000000,0.000000,0.000000,0.000000,0.000000,0.000000,0.000000,0.000000,0.000000,0.000000,0.000000,0.000000,0.000000,0.000000,0.000000,0.000000,0.000000,0.000000,0.000000,0.000000,0.000000,0.000000,0.000000,0.000000
0.000000,0.000000,0.000000,0.000000,0.000000,0.000000,0.000000,0.000000,0.000000,0.000000,0.000000,0.000000,0.000000,0.000000,0.000000,0.000000,0.000000,0.000000,0.000000,0.000000,0.000000,0.000000,0.000000,0.000000,0.000000,0.000000,0.000000,0.000000,0.000000,0.000000,0.000000,0.000000,999.989384,999.987897,999.989796,999.989649,999.990289,999.990792,999.991020,999.991431,999.991926,999.992692,999.993198,999.993813,999.994250,999.994589,999.995028,999.995504,999.996026,999.996543,999.997010,999.997520,999.997979,999.998419,999.998875,999.999304,999.999644,999.999969,1000.000222,1000.000493,1000.000882,1000.001155,1000.001593,1000.001879,1000.002092,1000.002183,1000.002403,1000.002723,1000.002614,1000.003486,1000.002722,0.000000,0.000000,0.000000,0.000000,0.000000,0.000000,0.000000,0.000000,0.000000,0.000000,0.000000,0.000000,0.000000,0.000000,0.000000,0.000000,0.000000,0.000000,0.000000,0.000000,0.000000,0.000000,0.000000,0.000000,0.000000,0.000000,0.000000,0.000000,0.000000,0.000000,0.000000,0.000000
0.000000,0.000000,0.000000,0.000000,0.000000,0.000000,0.000000,0.000000,0.000000,0.000000,0.000000,0.000000,0.000000,0.000000,0.000000,0.000000,0.000000,0.000000,0.000000,0.000000,0.000000,0.000000,0.000000,0.000000,0.000000,0.000000,0.000000,0.000000,0.000000,0.000000,999.987836,999.986442,999.988664,999.989237,999.989526,999.989642,999.990139,999.990515,999.991061,999.991519,999.992009,999.992563,999.993142,999.993679,999.994108,999.994573,999.995052,999.995533,999.996002,999.996511,999.996983,999.997469,999.997937,999.998396,999.998811,999.999204,999.999600,999.999913,1000.000214,1000.000515,1000.000863,1000.001179,1000.001492,1000.001747,1000.001975,1000.002253,1000.002409,1000.002627,1000.002657,1000.002775,1000.003006,1000.003991,1000.003372,0.000000,0.000000,0.000000,0.000000,0.000000,0.000000,0.000000,0.000000,0.000000,0.000000,0.000000,0.000000,0.000000,0.000000,0.000000,0.000000,0.000000,0.000000,0.000000,0.000000,0.000000,0.000000,0.000000,0.000000,0.000000,0.000000,0.000000,0.000000,0.000000,0.000000
0.000000,0.000000,0.000000,0.000000,0.000000,0.000000,0.000000,0.000000,0.000000,0.000000,0.000000,0.000000,0.000000,0.000000,0.000000,0.000000,0.000000,0.000000,0.000000,0.000000,0.000000,0.000000,0.000000,0.000000,0.000000,0.000000,0.000000,0.000000,999.986325,999.985034,999.987263,999.988001,999.988378,999.988769,999.989091,999.989627,999.990069,999.990520,999.990998,999.991469,999.992024,999.992498,999.993049,999.993561,999.994036,999.994565,999.995056,999.995522,999.996010,999.996488,999.997008,999.997446,999.997926,999.998378,999.998790,999.999173,999.999542,999.999895,1000.000215,1000.000522,1000.000846,1000.001178,1000.001460,1000.001742,1000.001951,1000.002208,1000.002380,1000.002596,1000.002792,1000.002945,1000.003089,1000.003220,1000.003529,1000.004434,1000.003825,0.000000,0.000000,0.000000,0.000000,0.000000,0.000000,0.000000,0.000000,0.000000,0.000000,0.000000,0.000000,0.000000,0.000000,0.000000,0.000000,0.000000,0.000000,0.000000,0.000000,0.000000,0.000000,0.000000,0.000000,0.000000,0.000000,0.000000,0.000000
0.000000,0.000000,0.000000,0.000000,0.000000,0.000000,0.000000,0.000000,0.000000,0.000000,0.000000,0.000000,0.000000,0.000000,0.000000,0.000000,0.000000,0.000000,0.000000,0.000000,0.000000,0.000000,0.000000,0.000000,0.000000,0.000000,999.984924,999.983906,999.985884,999.986628,999.987076,999.987563,999.987942,999.988593,999.989053,999.989525,999.989963,999.990441,999.990885,999.991417,999.991941,999.992441,999.992954,999.993504,999.994020,999.994541,999.995013,999.995468,999.995966,999.996492,999.996987,999.997421,999.997879,999.998310,999.998748,999.999163,999.999523,999.999884,1000.000231,1000.000555,1000.000852,1000.001150,1000.001442,1000.001678,1000.001952,1000.002182,1000.002413,1000.002562,1000.002791,1000.002951,1000.003243,1000.003360,1000.003534,1000.003725,1000.003983,1000.004736,1000.004285,0.000000,0.000000,0.000000,0.000000,0.000000,0.000000,0.000000,0.000000,0.000000,0.000000,0.000000,0.000000,0.000000,0.000000,0.000000,0.000000,0.000000,0.000000,0.000000,0.000000,0.000000,0.000000,0.000000,0.000000,0.000000,0.000000
0.000000,0.000000,0.000000,0.000000,0.000000,0.000000,0.000000,0.000000,0.000000,0.000000,0.000000,0.000000,0.000000,0.000000,0.000000,0.000000,0.000000,0.000000,0.000000,0.000000,0.000000,0.000000,0.000000,0.000000,999.984025,999.983215,999.984730,999.985372,999.985814,999.986351,999.986782,999.987412,999.987945,999.988438,999.988897,999.989393,999.989880,999.990353,999.990856,999.991362,999.991880,999.992413,999.992942,999.993475,999.993993,999.994492,999.994990,999.995522,999.996029,999.996510,999.996996,999.997453,999.997933,999.998349,999.998758,999.999156,999.999569,999.999899,1000.000251,1000.000585,1000.000902,1000.001178,1000.001465,1000.001728,1000.001995,1000.002183,1000.002416,1000.002610,1000.002807,1000.002988,1000.003189,1000.003367,1000.003629,1000.003750,1000.003953,1000.004085,1000.004310,1000.004842,1000.004523,0.000000,0.000000,0.000000,0.000000,0.000000,0.000000,0.000000,0.000000,0.000000,0.000000,0.000000,0.000000,0.000000,0.000000,0.000000,0.000000,0.000000,0.000000,0.000000,0.000000,0.000000,0.000000,0.000000,0.000000
0.000000,0.000000,0.000000,0.000000,0.000000,0.000000,0.000000,0.000000,0.000000,0.000000,0.000000,0.000000,0.000000,0.000000,0.000000,0.000000,0.000000,0.000000,0.000000,0.000000,0.000000,0.000000,0.000000,999.984292,999.984004,999.984366,999.984790,999.985286,999.985648,999.986276,999.986767,999.987301,999.987801,999.988270,999.988763,999.989250,999.989764,999.990251,999.990784,999.991295,999.991811,999.992331,999.992874,999.993409,999.993935,999.994465,999.995000,999.995555,999.996051,999.996497,999.996970,999.997492,999.997952,999.998379,999.998816,999.999190,999.999580,999.999944,1000.000297,1000.000600,1000.000914,1000.001200,1000.001491,1000.001765,1000.002002,1000.002203,1000.002434,1000.002662,1000.002859,1000.003007,1000.003232,1000.003410,1000.003593,1000.003755,1000.003969,1000.004097,1000.004249,1000.004383,1000.004485,1000.004345,0.000000,0.000000,0.000000,0.000000,0.000000,0.000000,0.000000,0.000000,0.000000,0.000000,0.000000,0.000000,0.000000,0.000000,0.000000,0.000000,0.000000,0.000000,0.000000,0.000000,0.000000,0.000000,0.000000
0.000000,0.000000,0.000000,0.000000,0.000000,0.000000,0.000000,0.000000,0.000000,0.000000,0.000000,0.000000,0.000000,0.000000,0.000000,0.000000,0.000000,0.000000,0.000000,0.000000,0.000000,999.982644,999.982161,999.983857,999.984241,999.984549,999.984751,999.985282,999.985711,999.986215,999.986675,999.987153,999.987636,999.988154,999.988659,999.989157,999.989656,999.990131,999.990693,999.991219,999.991753,999.992309,999.992859,999.993377,999.993947,999.994480,999.995008,999.995511,999.996054,999.996538,999.997059,999.997534,999.997976,999.998406,999.998869,999.999256,999.999627,999.999997,1000.000375,1000.000688,1000.001014,1000.001277,1000.001567,1000.001799,1000.002058,1000.002277,1000.002493,1000.002680,1000.002893,1000.003056,1000.003232,1000.003420,1000.003568,1000.003761,1000.003918,1000.004085,1000.004215,1000.004284,1000.004361,1000.004500,1000.005065,1000.004869,0.000000,0.000000,0.000000,0.000000,0.000000,0.000000,0.000000,0.000000,0.000000,0.000000,0.000000,0.000000,0.000000,0.000000,0.000000,0.000000,0.000000,0.000000,0.000000,0.000000,0.000000
0.000000,0.000000,0.000000,0.000000,0.000000,0.000000,0.000000,0.000000,0.000000,0.000000,0.000000,0.000000,0.000000,0.000000,0.000000,0.000000,0.000000,0.000000,0.000000,0.000000,999.982957,999.982887,999.983239,999.983715,999.984092,999.984477,999.984853,999.985259,999.985675,999.986111,999.986603,999.987046,999.987561,999.988028,999.988535,999.989024,999.989550,999.990082,999.990602,999.991117,999.991693,999.992244,999.992816,999.993365,999.993926,999.994486,999.995043,999.995561,999.996111,999.996630,999.997126,999.997589,999.998067,999.998522,999.998953,999.999340,999.999747,1000.000076,1000.000417,1000.000743,1000.001057,1000.001360,1000.001626,1000.001867,1000.002116,1000.002356,1000.002551,1000.002736,1000.002948,1000.003138,1000.003290,1000.003445,1000.003618,1000.003775,1000.003919,1000.004046,1000.004164,1000.004301,1000.004399,1000.004491,1000.004644,1000.004762,1000.004698,0.000000,0.000000,0.000000,0.000000,0.000000,0.000000,0.000000,0.000000,0.000000,0.000000,0.000000,0.000000,0.000000,0.000000,0.000000,0.000000,0.000000,0.000000,0.000000,0.000000
0.000000,0.000000,0.000000,0.000000,0.000000,0.000000,0.000000,0.000000,0.000000,0.000000,0.000000,0.000000,0.000000,0.000000,0.000000,0.000000,0.000000,0.000000,0.000000,999.982657,999.982934,999.983132,999.983480,999.983705,999.984109,999.984470,999.984861,999.985228,999.985630,999.986056,999.986489,999.986949,999.987426,999.987897,999.988378,999.988873,999.989425,999.989951,999.990488,999.991051,999.991630,999.992170,999.992759,999.993348,999.993906,999.994490,999.995055,999.995592,999.996137,999.996683,999.997171,999.997649,999.998151,999.998603,999.999021,999.999432,999.999850,1000.000229,1000.000537,1000.000874,1000.001177,1000.001452,1000.001716,1000.001969,1000.002198,1000.002399,1000.002626,1000.002790,1000.002992,1000.003151,1000.003345,1000.003488,1000.003661,1000.003773,1000.003901,1000.004036,1000.004160,1000.004260,1000.004388,1000.004503,1000.004550,1000.004643,1000.004693,1000.004795,0.000000,0.000000,0.000000,0.000000,0.000000,0.000000,0.000000,0.000000,0.000000,0.000000,0.000000,0.000000,0.000000,0.000000,0.000000,0.000000,0.000000,0.000000,0.000000
0.000000,0.000000,0.000000,0.000000,0.000000,0.000000,0.000000,0.000000,0.000000,0.000000,0.000000,0.000000,0.000000,0.000000,0.000000,0.000000,0.000000,0.000000,999.982383,999.982707,999.982986,999.983265,999.983524,999.983803,999.984117,999.984465,999.984820,999.985180,999.985571,999.985979,999.986362,999.986833,999.987275,999.987777,999.988250,999.988773,999.989283,999.989826,999.990397,999.990976,999.991557,999.992128,999.992729,999.993352,999.993948,999.994517,999.995101,999.995674,999.996214,999.996768,999.997305,999.997819,999.998295,999.998717,999.999154,999.999565,999.999944,1000.000314,1000.000644,1000.000997,1000.001300,1000.001576,1000.001830,1000.002092,1000.002320,1000.002512,1000.002739,1000.002904,1000.003077,1000.003225,1000.003380,1000.003542,1000.003655,1000.003795,1000.003921,1000.004045,1000.004158,1000.004239,1000.004337,1000.004450,1000.004538,1000.004616,1000.004679,1000.004762,1000.004827,0.000000,0.000000,0.000000,0.000000,0.000000,0.000000,0.000000,0.000000,0.000000,0.000000,0.000000,0.000000,0.000000,0.000000,0.000000,0.000000,0.000000,0.000000
0.000000,0.000000,0.000000,0.000000,0.000000,0.000000,0.000000,0.000000,0.000000,0.000000,0.000000,0.000000,0.000000,0.000000,0.000000,0.000000,0.000000,999.982138,999.982517,999.982779,999.983049,999.983299,999.983576,999.983851,999.984144,999.984478,999.984783,999.985101,999.985480,999.985864,999.986273,999.986717,999.987124,999.987602,999.988080,999.988634,999.989154,999.989709,999.990275,999.990855,999.991462,999.992092,999.992716,999.993324,999.993934,999.994531,999.995172,999.995769,999.996310,999.996858,999.997390,999.997924,999.998376,999.998857,999.999309,999.999763,1000.000121,1000.000489,1000.000836,1000.001141,1000.001415,1000.001718,1000.001957,1000.002197,1000.002426,1000.002628,1000.002827,1000.003001,1000.003164,1000.003331,1000.003459,1000.003586,1000.003721,1000.003846,1000.003964,1000.004063,1000.004153,1000.004258,1000.004352,1000.004427,1000.004486,1000.004560,1000.004650,1000.004742,1000.004818,1000.004924,0.000000,0.000000,0.000000,0.000000,0.000000,0.000000,0.000000,0.000000,0.000000,0.000000,0.000000,0.000000,0.000000,0.000000,0.000000,0.000000,0.000000
0.000000,0.000000,0.000000,0.000000,0.000000,0.000000,0.000000,0.000000,0.000000,0.000000,0.000000,0.000000,0.000000,0.000000,0.000000,0.000000,999.982124,999.982377,999.982636,999.982897,999.983159,999.983419,999.983661,999.983880,999.984173,999.984452,999.984724,999.985055,999.985398,999.985756,999.986127,999.986536,999.986963,999.987429,999.987910,999.988436,999.988984,999.989539,999.990147,999.990746,999.991387,999.992029,999.992654,999.993291,999.993945,999.994602,999.995210,999.995834,999.996431,999.997020,999.997560,999.998074,999.998561,999.999062,999.999478,999.999889,1000.000266,1000.000657,1000.001014,1000.001302,1000.001594,1000.001888,1000.002124,1000.002346,1000.002566,1000.002764,1000.002923,1000.003097,1000.003254,1000.003421,1000.003541,1000.003672,1000.003772,1000.003894,1000.003996,1000.004057,1000.004161,1000.004245,1000.004332,1000.004412,1000.004481,1000.004551,1000.004611,1000.004685,1000.004785,1000.004838,1000.004924,0.000000,0.000000,0.000000,0.000000,0.000000,0.000000,0.000000,0.000000,0.000000,0.000000,0.000000,0.000000,0.000000,0.000000,0.000000,0.000000
0.000000,0.000000,0.000000,0.000000,0.000000,0.000000,0.000000,0.000000,0.000000,0.000000,0.000000,0.000000,0.000000,0.000000,0.000000,999.982138,999.982377,999.982595,999.982855,999.983043,999.983262,999.983478,999.983657,999.983903,999.984144,999.984375,999.984652,999.984970,999.985269,999.985587,999.985943,999.986352,999.986773,999.987241,999.987733,999.988253,999.988792,999.989373,999.989984,999.990654,999.991289,999.991966,999.992629,999.993313,999.994010,999.994678,999.995294,999.995929,999.996559,999.997151,999.997716,999.998251,999.998777,999.999280,999.999713,1000.000127,1000.000501,1000.000865,1000.001197,1000.001499,1000.001790,1000.002051,1000.002292,1000.002523,1000.002713,1000.002895,1000.003069,1000.003233,1000.003361,1000.003497,1000.003620,1000.003746,1000.003851,1000.003918,1000.004026,1000.004125,1000.004199,1000.004278,1000.004328,1000.004394,1000.004466,1000.004517,1000.004574,1000.004641,1000.004720,1000.004788,1000.004847,1000.004937,0.000000,0.000000,0.000000,0.000000,0.000000,0.000000,0.000000,0.000000,0.000000,0.000000,0.000000,0.000000,0.000000,0.000000,0.000000
0.000000,0.000000,0.000000,0.000000,0.000000,0.000000,0.000000,0.000000,0.000000,0.000000,0.000000,0.000000,0.000000,0.000000,999.982383,999.982517,999.982636,999.982855,999.983015,999.983143,999.983355,999.983521,999.983728,999.983947,999.984150,999.984362,999.984605,999.984870,999.985133,999.985445,999.985784,999.986170,999.986554,999.987013,999.987496,999.988018,999.988582,999.989196,999.989830,999.990502,999.991159,999.991856,999.992603,999.993318,999.994017,999.994732,999.995433,999.996100,999.996742,999.997350,999.997909,999.998479,999.998978,999.999452,999.999900,1000.000333,1000.000745,1000.001088,1000.001423,1000.001745,1000.002012,1000.002270,1000.002480,1000.002719,1000.002888,1000.003087,1000.003233,1000.003391,1000.003508,1000.003620,1000.003706,1000.003830,1000.003915,1000.004011,1000.004061,1000.004150,1000.004209,1000.004270,1000.004338,1000.004388,1000.004453,1000.004513,1000.004560,1000.004607,1000.004689,1000.004729,1000.004801,1000.004834,1000.004866,0.000000,0.000000,0.000000,0.000000,0.000000,0.000000,0.000000,0.000000,0.000000,0.000000,0.000000,0.000000,0.000000,0.000000
0.000000,0.000000,0.000000,0.000000,0.000000,0.000000,0.000000,0.000000,0.000000,0.000000,0.000000,0.000000,0.000000,999.982657,999.982707,999.982779,999.982897,999.983043,999.983143,999.983319,999.983502,999.983644,999.983802,999.983938,999.984089,999.984282,999.984490,999.984699,999.984934,999.985229,999.985562,999.985909,999.986280,999.986740,999.987216,999.987749,999.988338,999.988967,999.989631,999.990309,999.991039,999.991795,999.992571,999.993320,999.994062,999.994805,999.995541,999.996231,999.996894,999.997556,999.998150,999.998737,999.999266,999.999750,1000.000216,1000.000611,1000.001010,1000.001355,1000.001671,1000.001972,1000.002243,1000.002474,1000.002701,1000.002892,1000.003068,1000.003247,1000.003384,1000.003527,1000.003627,1000.003765,1000.003843,1000.003926,1000.003998,1000.004085,1000.004166,1000.004198,1000.004243,1000.004302,1000.004359,1000.004389,1000.004435,1000.004465,1000.004533,1000.004562,1000.004604,1000.004659,1000.004714,1000.004761,1000.004816,1000.004809,0.000000,0.000000,0.000000,0.000000,0.000000,0.000000,0.000000,0.000000,0.000000,0.000000,0.000000,0.000000,0.000000
0.000000,0.000000,0.000000,0.000000,0.000000,0.000000,0.000000,0.000000,0.000000,0.000000,0.000000,0.000000,999.982957,999.982934,999.982986,999.983049,999.983159,999.983262,999.983355,999.983502,999.983612,999.983642,999.983785,999.983892,999.984076,999.984227,999.984386,999.984558,999.984791,999.985037,999.985310,999.985598,999.986009,999.986432,999.986909,999.987441,999.988040,999.988686,999.989386,999.990141,999.990931,999.991737,999.992520,999.993332,999.994155,999.994954,999.995710,999.996432,999.997156,999.997822,999.998419,999.998989,999.999524,1000.000035,1000.000495,1000.000943,1000.001291,1000.001660,1000.001982,1000.002244,1000.002504,1000.002741,1000.002953,1000.003147,1000.003300,1000.003437,1000.003561,1000.003679,1000.003791,1000.003873,1000.003967,1000.004038,1000.004089,1000.004145,1000.004196,1000.004261,1000.004295,1000.004309,1000.004380,1000.004407,1000.004435,1000.004467,1000.004500,1000.004537,1000.004558,1000.004601,1000.004642,1000.004659,1000.004709,1000.004746,1000.004764,0.000000,0.000000,0.000000,0.000000,0.000000,0.000000,0.000000,0.000000,0.000000,0.000000,0.000000,0.000000
0.000000,0.000000,0.000000,0.000000,0.000000,0.000000,0.000000,0.000000,0.000000,0.000000,0.000000,999.982644,999.982887,999.983132,999.983265,999.983299,999.983419,999.983478,999.983521,999.983644,999.983642,999.983747,999.983918,999.983982,999.984079,999.984121,999.984223,999.984381,999.984560,999.984746,999.984968,999.985286,999.985652,999.986049,999.986526,999.987090,999.987711,999.988393,999.989128,999.989913,999.990741,999.991586,999.992469,999.993339,999.994220,999.995058,999.995862,999.996666,999.997401,999.998093,999.998748,999.999371,999.999910,1000.000391,1000.000835,1000.001251,1000.001626,1000.001964,1000.002270,1000.002548,1000.002780,1000.003012,1000.003189,1000.003354,1000.003534,1000.003667,1000.003771,1000.003881,1000.003951,1000.004036,1000.004078,1000.004152,1000.004219,1000.004230,1000.004273,1000.004302,1000.004361,1000.004355,1000.004371,1000.004401,1000.004433,1000.004446,1000.004469,1000.004505,1000.004518,1000.004572,1000.004595,1000.004611,1000.004633,1000.004686,1000.004784,1000.004859,0.000000,0.000000,0.000000,0.000000,0.000000,0.000000,0.000000,0.000000,0.000000,0.000000,0.000000
0.000000,0.000000,0.000000,0.000000,0.000000,0.000000,0.000000,0.000000,0.000000,0.000000,0.000000,999.982161,999.983239,999.983480,999.983524,999.983576,999.983661,999.983657,999.983728,999.983802,999.983785,999.983918,999.983925,999.983833,999.983916,999.983975,999.984091,999.984222,999.984320,999.984445,999.984673,999.984943,999.985231,999.985622,999.986090,999.986654,999.987287,999.988003,999.988785,999.989631,999.990544,999.991493,999.992447,999.993415,999.994346,999.995240,999.996136,999.996982,999.997702,999.998395,999.999075,999.999694,1000.000256,1000.000766,1000.001241,1000.001638,1000.002022,1000.002338,1000.002625,1000.002881,1000.003130,1000.003322,1000.003488,1000.003634,1000.003756,1000.003885,1000.003966,1000.004061,1000.004135,1000.004209,1000.004243,1000.004265,1000.004312,1000.004339,1000.004353,1000.004360,1000.004368,1000.004411,1000.004417,1000.004414,1000.004420,1000.004468,1000.004438,1000.004466,1000.004473,1000.004485,1000.004530,1000.004549,1000.004583,1000.004583,1000.004684,1000.005046,0.000000,0.000000,0.000000,0.000000,0.000000,0.000000,0.000000,0.000000,0.000000,0.000000,0.000000
0.000000,0.000000,0.000000,0.000000,0.000000,0.000000,0.000000,0.000000,0.000000,0.000000,999.984292,999.983857,999.983715,999.983705,999.983803,999.983851,999.983880,999.983903,999.983947,999.983938,999.983892,999.983982,999.983833,999.983876,999.984049,999.983972,999.983983,999.983958,999.983952,999.984069,999.984243,999.984441,999.984711,999.985108,999.985580,999.986124,999.986790,999.987553,999.988417,999.989352,999.990342,999.991345,999.992381,999.993423,999.994431,999.995430,999.996353,999.997241,999.998102,999.998881,999.999569,1000.000155,1000.000685,1000.001193,1000.001656,1000.002048,1000.002407,1000.002712,1000.003001,1000.003242,1000.003436,1000.003629,1000.003795,1000.003934,1000.004044,1000.004116,1000.004213,1000.004256,1000.004304,1000.004364,1000.004384,1000.004420,1000.004417,1000.004442,1000.004468,1000.004449,1000.004444,1000.004427,1000.004442,1000.004424,1000.004410,1000.004419,1000.004435,1000.004429,1000.004454,1000.004427,1000.004457,1000.004475,1000.004516,1000.004557,1000.004556,1000.004553,1000.004460,0.000000,0.000000,0.000000,0.000000,0.000000,0.000000,0.000000,0.000000,0.000000,0.000000
0.000000,0.000000,0.000000,0.000000,0.000000,0.000000,0.000000,0.000000,0.000000,999.984025,999.984004,999.984241,999.984092,999.984109,999.984117,999.984144,999.984173,999.984144,999.984150,999.984089,999.984076,999.984079,999.983916,999.984049,999.983901,999.983615,999.983664,999.983623,999.983692,999.983780,999.983854,999.983949,999.984188,999.984527,999.984952,999.985499,999.986189,999.987006,999.987939,999.988962,999.990067,999.991207,999.992377,999.993525,999.994669,999.995751,999.996727,999.997605,999.998468,999.999243,999.999965,1000.000616,1000.001214,1000.001712,1000.002145,1000.002515,1000.002872,1000.003162,1000.003406,1000.003655,1000.003809,1000.003975,1000.004112,1000.004215,1000.004309,1000.004392,1000.004454,1000.004504,1000.004513,1000.004526,1000.004548,1000.004552,1000.004553,1000.004507,1000.004530,1000.004512,1000.004503,1000.004477,1000.004460,1000.004462,1000.004449,1000.004397,1000.004385,1000.004403,1000.004390,1000.004394,1000.004396,1000.004419,1000.004410,1000.004445,1000.004465,1000.004449,1000.004548,1000.004565,0.000000,0.000000,0.000000,0.000000,0.000000,0.000000,0.000000,0.000000,0.000000
0.000000,0.000000,0.000000,0.000000,0.000000,0.000000,0.000000,0.000000,0.000000,999.983215,999.984366,999.984549,999.984477,999.984470,999.984465,999.984478,999.984452,999.984375,999.984362,999.984282,999.984227,999.984121,999.983975,999.983972,999.983615,999.983603,999.983768,999.983541,999.983416,999.983278,999.983175,999.983250,999.983468,999.983740,999.984152,999.984735,999.985512,999.986372,999.987393,999.988504,999.989744,999.990999,999.992322,999.993577,999.994804,999.995999,999.997150,999.998185,999.999092,999.999867,1000.000542,1000.001169,1000.001743,1000.002228,1000.002651,1000.003018,1000.003348,1000.003627,1000.003844,1000.004044,1000.004223,1000.004355,1000.004460,1000.004544,1000.004613,1000.004675,1000.004695,1000.004720,1000.004733,1000.004744,1000.004716,1000.004700,1000.004704,1000.004663,1000.004605,1000.004597,1000.004558,1000.004525,1000.004463,1000.004447,1000.004437,1000.004412,1000.004381,1000.004355,1000.004333,1000.004324,1000.004334,1000.004320,1000.004325,1000.004364,1000.004362,1000.004362,1000.004470,1000.004838,0.000000,0.000000,0.000000,0.000000,0.000000,0.000000,0.000000,0.000000,0.000000
0.000000,0.000000,0.000000,0.000000,0.000000,0.000000,0.000000,0.000000,999.984924,999.984730,999.984790,999.984751,999.984853,999.984861,999.984820,999.984783,999.984724,999.984652,999.984605,999.984490,999.984386,999.984223,999.984091,999.983983,999.983664,999.983768,999.983424,999.982818,999.982771,999.982671,999.982635,999.982742,999.982790,999.982945,999.983302,999.983884,999.984588,999.985519,999.986676,999.987971,999.989398,999.990868,999.992374,999.993840,999.995159,999.996393,999.997530,999.998597,999.999564,1000.000448,1000.001229,1000.001837,1000.002372,1000.002832,1000.003254,1000.003589,1000.003878,1000.004124,1000.004342,1000.004483,1000.004631,1000.004747,1000.004826,1000.004891,1000.004934,1000.004947,1000.004953,1000.004957,1000.004927,1000.004918,1000.004899,1000.004834,1000.004807,1000.004772,1000.004714,1000.004652,1000.004622,1000.004579,1000.004519,1000.004465,1000.004430,1000.004372,1000.004359,1000.004341,1000.004286,1000.004290,1000.004259,1000.004252,1000.004235,1000.004262,1000.004266,1000.004305,1000.004353,1000.004399,1000.004367,0.000000,0.000000,0.000000,0.000000,0.000000,0.000000,0.000000,0.000000
0.000000,0.000000,0.000000,0.000000,0.000000,0.000000,0.000000,0.000000,999.983906,999.985372,999.985286,999.985282,999.985259,999.985228,999.985180,999.985101,999.985055,999.984970,999.984870,999.984699,999.984558,999.984381,999.984222,999.983958,999.983623,999.983541,999.982818,999.982663,999.982916,999.982438,999.982111,999.981848,999.981622,999.981754,999.982114,999.982659,999.983479,999.984577,999.985862,999.987337,999.988928,999.990582,999.992234,999.993952,999.995573,999.997060,999.998342,999.999431,1000.000319,1000.001141,1000.001889,1000.002514,1000.003059,1000.003513,1000.003890,1000.004210,1000.004452,1000.004666,1000.004847,1000.004988,1000.005079,1000.005166,1000.005217,1000.005255,1000.005260,1000.005245,1000.005251,1000.005226,1000.005182,1000.005111,1000.005076,1000.005010,1000.004958,1000.004874,1000.004818,1000.004750,1000.004661,1000.004605,1000.004558,1000.004473,1000.004436,1000.004375,1000.004288,1000.004286,1000.004237,1000.004194,1000.004181,1000.004178,1000.004152,1000.004165,1000.004175,1000.004179,1000.004186,1000.004201,1000.004744,0.000000,0.000000,0.000000,0.000000,0.000000,0.000000,0.000000,0.000000
0.000000,0.000000,0.000000,0.000000,0.000000,0.000000,0.000000,999.986325,999.985884,999.985814,999.985648,999.985711,999.985675,999.985630,999.985571,999.985480,999.985398,999.985269,999.985133,999.984934,999.984791,999.984560,999.984320,999.983952,999.983692,999.983416,999.982771,999.982916,999.982316,999.981133,999.980951,999.980722,999.980604,999.980772,999.980958,999.981402,999.982151,999.983301,999.984788,999.986527,999.988527,999.990577,999.992478,999.994270,999.995958,999.997471,999.998869,1000.000174,1000.001242,1000.002073,1000.002756,1000.003347,1000.003848,1000.004244,1000.004567,1000.004860,1000.005080,1000.005245,1000.005382,1000.005488,1000.005555,1000.005591,1000.005611,1000.005613,1000.005604,1000.005570,1000.005513,1000.005481,1000.005402,1000.005333,1000.005257,1000.005153,1000.005089,1000.005005,1000.004892,1000.004848,1000.004742,1000.004643,1000.004573,1000.004495,1000.004412,1000.004367,1000.004300,1000.004228,1000.004190,1000.004135,1000.004078,1000.004092,1000.004053,1000.004022,1000.004038,1000.004060,1000.004104,1000.004077,1000.004094,1000.003981,0.000000,0.000000,0.000000,0.000000,0.000000,0.000000,0.000000
0.000000,0.000000,0.000000,0.000000,0.000000,0.000000,0.000000,999.985034,999.986628,999.986351,999.986276,999.986215,999.986111,999.986056,999.985979,999.985864,999.985756,999.985587,999.985445,999.985229,999.985037,999.984746,999.984445,999.984069,999.983780,999.983278,999.982671,999.982438,999.981133,999.980652,999.980995,999.980223,999.979602,999.979258,999.979015,999.979353,999.980390,999.981734,999.983471,999.985523,999.987731,999.990211,999.992666,999.994937,999.996960,999.998644,999.999934,1000.001100,1000.002135,1000.003003,1000.003685,1000.004238,1000.004694,1000.005043,1000.005333,1000.005558,1000.005750,1000.005866,1000.005958,1000.006020,1000.006043,1000.006063,1000.006032,1000.006009,1000.005962,1000.005912,1000.005799,1000.005723,1000.005648,1000.005540,1000.005444,1000.005339,1000.005215,1000.005118,1000.004996,1000.004882,1000.004798,1000.004683,1000.004595,1000.004489,1000.004399,1000.004326,1000.004250,1000.004200,1000.004115,1000.004079,1000.004025,1000.003987,1000.003951,1000.003932,1000.003924,1000.003902,1000.003908,1000.003920,1000.003877,1000.004477,0.000000,0.000000,0.000000,0.000000,0.000000,0.000000,0.000000
0.000000,0.000000,0.000000,0.000000,0.000000,0.000000,999.987836,999.987263,999.987076,999.986782,999.986767,999.986675,999.986603,999.986489,999.986362,999.986273,999.986127,999.985943,999.985784,999.985562,999.985310,999.984968,999.984673,999.984243,999.983854,999.983175,999.982635,999.982111,999.980951,999.980995,999.980124,999.978049,999.977422,999.977029,999.976918,999.977548,999.978305,999.979645,999.981812,999.984427,999.987245,999.990102,999.992809,999.995291,999.997551,999.999635,1000.001267,1000.002438,1000.003370,1000.004142,1000.004770,1000.005248,1000.005630,1000.005930,1000.006169,1000.006314,1000.006428,1000.006515,1000.006551,1000.006580,1000.006564,1000.006535,1000.006483,1000.006395,1000.006324,1000.006235,1000.006136,1000.006000,1000.005881,1000.005760,1000.005625,1000.005494,1000.005366,1000.005234,1000.005110,1000.004966,1000.004848,1000.004725,1000.004608,1000.004511,1000.004388,1000.004296,1000.004199,1000.004123,1000.004061,1000.003984,1000.003930,1000.003887,1000.003851,1000.003813,1000.003799,1000.003784,1000.003752,1000.003770,1000.003731,1000.003706,1000.003567,0.000000,0.000000,0.000000,0.000000,0.000000,0.000000
0.000000,0.000000,0.000000,0.000000,0.000000,0.000000,999.986442,999.988001,999.987563,999.987412,999.987301,999.987153,999.987046,999.986949,999.986833,999.986717,999.986536,999.986352,999.986170,999.985909,999.985598,999.985286,999.984943,999.984441,999.983949,999.983250,999.982742,999.981848,999.980722,999.980223,999.978049,999.976647,999.976935,999.975915,999.975003,999.974684,999.975289,999.976994,999.979528,999.983035,999.986692,999.990394,999.993947,999.996907,999.999088,1000.000923,1000.002546,1000.003799,1000.004738,1000.005427,1000.005957,1000.006359,1000.006647,1000.006863,1000.007021,1000.007123,1000.007169,1000.007200,1000.007189,1000.007149,1000.007098,1000.007016,1000.006935,1000.006821,1000.006688,1000.006559,1000.006433,1000.006291,1000.006126,1000.005977,1000.005817,1000.005661,1000.005489,1000.005341,1000.005187,1000.005037,1000.004885,1000.004758,1000.004617,1000.004494,1000.004387,1000.004267,1000.004160,1000.004063,1000.003981,1000.003916,1000.003819,1000.003768,1000.003741,1000.003683,1000.003627,1000.003655,1000.003628,1000.003568,1000.003577,1000.003460,1000.004090,0.000000,0.000000,0.000000,0.000000,0.000000,0.000000
0.000000,0.000000,0.000000,0.000000,0.000000,999.989384,999.988664,999.988378,999.987942,999.987945,999.987801,999.987636,999.987561,999.987426,999.987275,999.987124,999.986963,999.986773,999.986554,999.986280,999.986009,999.985652,999.985231,999.984711,999.984188,999.983468,999.982790,999.981622,999.980604,999.979602,999.977422,999.976935,999.975711,999.972146,999.970556,999.970360,999.970764,999.972910,999.976287,999.980439,999.985387,999.990246,999.994512,999.998340,1000.001226,1000.003132,1000.004511,1000.005559,1000.006336,1000.006879,1000.007257,1000.007553,1000.007744,1000.007855,1000.007914,1000.007948,1000.007949,1000.007904,1000.007835,1000.007749,1000.007638,1000.007513,1000.007385,1000.007248,1000.007084,1000.006906,1000.006732,1000.006552,1000.006383,1000.006183,1000.005999,1000.005821,1000.005643,1000.005451,1000.005281,1000.005109,1000.004940,1000.004774,1000.004618,1000.004484,1000.004335,1000.004221,1000.004104,1000.004002,1000.003892,1000.003813,1000.003751,1000.003652,1000.003601,1000.003568,1000.003492,1000.003480,1000.003457,1000.003399,1000.003451,1000.003339,1000.003276,1000.003013,0.000000,0.000000,0.000000,0.000000,0.000000
0.000000,0.000000,0.000000,0.000000,0.000000,999.987897,999.989237,999.988769,999.988593,999.988438,999.988270,999.988154,999.988028,999.987897,999.987777,999.987602,999.987429,999.987241,999.987013,999.986740,999.986432,999.986049,999.985622,999.985108,999.984527,999.983740,999.982945,999.981754,999.980772,999.979258,999.977029,999.975915,999.972146,999.968617,999.967794,999.966192,999.966610,999.969175,999.973313,999.979582,999.985984,999.991777,999.996728,1000.000465,1000.003391,1000.005427,1000.006719,1000.007544,1000.008094,1000.008469,1000.008701,1000.008820,1000.008895,1000.008910,1000.008874,1000.008815,1000.008725,1000.008633,1000.008490,1000.008358,1000.008212,1000.008035,1000.007854,1000.007658,1000.007469,1000.007271,1000.007061,1000.006835,1000.006621,1000.006419,1000.006171,1000.005968,1000.005760,1000.005546,1000.005348,1000.005165,1000.004970,1000.004801,1000.004618,1000.004473,1000.004317,1000.004159,1000.004044,1000.003932,1000.003803,1000.003704,1000.003646,1000.003551,1000.003475,1000.003426,1000.003375,1000.003322,1000.003306,1000.003254,1000.003225,1000.003183,1000.003073,1000.003670,0.000000,0.000000,0.000000,0.000000,0.000000
0.000000,0.000000,0.000000,0.000000,999.990079,999.989796,999.989526,999.989091,999.989053,999.988897,999.988763,999.988659,999.988535,999.988378,999.988250,999.988080,999.987910,999.987733,999.987496,999.987216,999.986909,999.986526,999.986090,999.985580,999.984952,999.984152,999.983302,999.982114,999.980958,999.979015,999.976918,999.975003,999.970556,999.967794,999.964417,999.959150,999.957133,999.958877,999.965454,999.974740,999.984860,999.994394,1000.000973,1000.004736,1000.007051,1000.008454,1000.009324,1000.009812,1000.010073,1000.010193,1000.010221,1000.010170,1000.010088,1000.009987,1000.009856,1000.009699,1000.009538,1000.009362,1000.009184,1000.008969,1000.008763,1000.008563,1000.008326,1000.008085,1000.007854,1000.007605,1000.007366,1000.007113,1000.006855,1000.006614,1000.006373,1000.006118,1000.005893,1000.005650,1000.005417,1000.005210,1000.004992,1000.004789,1000.004605,1000.004427,1000.004260,1000.004109,1000.003948,1000.003833,1000.003713,1000.003587,1000.003500,1000.003417,1000.003341,1000.003280,1000.003224,1000.003164,1000.003139,1000.003128,1000.003064,1000.003089,1000.002975,1000.002915,1000.002849,0.000000,0.000000,0.000000,0.000000
0.000000,0.000000,0.000000,0.000000,999.988450,999.989649,999.989642,999.989627,999.989525,999.989393,999.989250,999.989157,999.989024,999.988873,999.988773,999.988634,999.988436,999.988253,999.988018,999.987749,999.987441,999.987090,999.986654,999.986124,999.985499,999.984735,999.983884,999.982659,999.981402,999.979353,999.977548,999.974684,999.970360,999.966192,999.959150,999.947909,999.942152,999.947646,999.957838,999.970949,999.986653,999.998861,1000.005734,1000.009768,1000.011424,1000.012057,1000.012294,1000.012294,1000.012174,1000.011972,1000.011768,1000.011535,1000.011302,1000.011067,1000.010827,1000.010596,1000.010344,1000.010100,1000.009862,1000.009605,1000.009338,1000.009063,1000.008816,1000.008522,1000.008250,1000.007953,1000.007678,1000.007382,1000.007100,1000.006814,1000.006537,1000.006261,1000.005996,1000.005737,1000.005489,1000.005236,1000.005019,1000.004808,1000.004575,1000.004399,1000.004218,1000.004039,1000.003889,1000.003740,1000.003611,1000.003476,1000.003380,1000.003278,1000.003207,1000.003108,1000.003062,1000.003026,1000.002950,1000.002943,1000.002917,1000.002908,1000.002936,1000.002984,1000.003574,0.000000,0.000000,0.000000,0.000000
