0.000000,0.000000,0.000000,0.000000,0.000000,0.000000,0.000000,0.000000,0.000000,0.000000,0.000000,0.000000,0.000000,0.000000,0.000000,0.000000,0.000000,0.000000,0.000000,0.000000,0.000000,0.000000,0.000000,0.000000,0.000000,0.000000,0.000000,0.000000,0.000000,0.000000,0.000000,0.000000,0.000000,0.000000,0.000000,0.000000,0.000000,0.000000,0.000000,0.000000,0.000000,0.000000,0.000000,0.000000,0.000000,0.000000,0.000000,0.000000,0.000000,0.000000,0.000000,0.000000,0.000000,0.000000,0.000000,0.000000,0.000000,0.000000,0.000000,0.000000,0.000000,0.000000,0.000000,0.000000,0.000000,0.000000,0.000000,0.000000,0.000000,0.000000,0.000000,0.000000,0.000000,0.000000,0.000000,0.000000,0.000000,0.000000,0.000000,0.000000,0.000000,0.000000,0.000000,0.000000,0.000000,0.000000,0.000000,0.000000,0.000000,0.000000,0.000000,0.000000,0.000000,0.000000,0.000000,0.000000,0.000000,0.000000,0.000000,0.000000,0.000000,0.000000,0.000000
0.000000,0.000000,0.000000,0.000000,0.000000,0.000000,0.000000,0.000000,0.000000,0.000000,0.000000,0.000000,0.000000,0.000000,0.000000,0.000000,0.000000,0.000000,0.000000,0.000000,0.000000,0.000000,0.000000,0.000000,0.000000,0.000000,0.000000,0.000000,0.000000,0.000000,0.000000,0.000000,0.000000,0.000000,0.000000,0.000000,0.000000,0.000000,0.000000,0.000000,0.000000,0.000000,0.000000,0.000000,0.000000,0.000000,0.000000,0.000000,0.000000,0.000000,0.000000,999.998748,0.000000,0.000000,0.000000,0.000000,0.000000,0.000000,0.000000,0.000000,0.000000,0.000000,0.000000,0.000000,0.000000,0.000000,0.000000,0.000000,0.000000,0.000000,0.000000,0.000000,0.000000,0.000000,0.000000,0.000000,0.000000,0.000000,0.000000,0.000000,0.000000,0.000000,0.000000,0.000000,0.000000,0.000000,0.000000,0.000000,0.000000,0.000000,0.000000,0.000000,0.000000,0.000000,0.000000,0.000000,0.000000,0.000000,0.000000,0.000000,0.000000,0.000000,0.000000
0.000000,0.000000,0.000000,0.000000,0.000000,0.000000,0.000000,0.000000,0.000000,0.000000,0.000000,0.000000,0.000000,0.000000,0.000000,0.000000,0.000000,0.000000,0.000000,0.000000,0.000000,0.000000,0.000000,0.000000,0.000000,0.000000,0.000000,0.000000,0.000000,0.000000,0.000000,0.000000,0.000000,0.000000,0.000000,0.000000,0.000000,0.000000,0.000000,0.000000,0.000000,0.000000,999.996812,999.994418,999.994429,999.994943,999.995525,999.996110,999.996811,999.997763,999.998545,999.998701,999.998825,999.999572,1000.000432,1000.000961,1000.001348,1000.001751,1000.002058,1000.002031,1000.000340,0.000000,0.000000,0.000000,0.000000,0.000000,0.000000,0.000000,0.000000,0.000000,0.000000,0.000000,0.000000,0.000000,0.000000,0.000000,0.000000,0.000000,0.000000,0.000000,0.000000,0.000000,0.000000,0.000000,0.000000,0.000000,0.000000,0.000000,0.000000,0.000000,0.000000,0.000000,0.000000,0.000000,0.000000,0.000000,0.000000,0.000000,0.000000,0.000000,0.000000,0.000000,0.000000
0.000000,0.000000,0.000000,0.000000,0.000000,0.000000,0.000000,0.000000,0.000000,0.000000,0.000000,0.000000,0.000000,0.000000,0.000000,0.000000,0.000000,0.000000,0.000000,0.000000,0.000000,0.000000,0.000000,0.000000,0.000000,0.000000,0.000000,0.000000,0.000000,0.000000,0.000000,0.000000,0.000000,0.000000,0.000000,0.000000,0.000000,999.993098,999.990786,999.990643,999.991764,999.993580,999.996045,999.995458,999.995062,999.995253,999.995725,999.996284,999.996863,999.997468,999.998403,999.998586,999.998799,999.999643,1000.000149,1000.000626,1000.001067,1000.001382,1000.001479,1000.001212,1000.000801,1000.002423,1000.003498,1000.004119,1000.003894,1000.002582,0.000000,0.000000,0.000000,0.000000,0.000000,0.000000,0.000000,0.000000,0.000000,0.000000,0.000000,0.000000,0.000000,0.000000,0.000000,0.000000,0.000000,0.000000,0.000000,0.000000,0.000000,0.000000,0.000000,0.000000,0.000000,0.000000,0.000000,0.000000,0.000000,0.000000,0.000000,0.000000,0.000000,0.000000,0.000000,0.000000,0.000000
0.000000,0.000000,0.000000,0.000000,0.000000,0.000000,0.000000,0.000000,0.000000,0.000000,0.000000,0.000000,0.000000,0.000000,0.000000,0.000000,0.000000,0.000000,0.000000,0.000000,0.000000,0.000000,0.000000,0.000000,0.000000,0.000000,0.000000,0.000000,0.000000,0.000000,0.000000,0.000000,0.000000,0.000000,999.990898,999.989192,999.990149,999.992483,999.992084,999.991860,999.992270,999.993776,999.994631,999.994854,999.995111,999.995423,999.995848,999.996340,999.996901,999.997446,999.998010,999.998500,999.998964,999.999463,999.999926,1000.000404,1000.000783,1000.001106,1000.001310,1000.001479,1000.001593,1000.002129,1000.003062,1000.003277,1000.003121,1000.002834,1000.004037,1000.004503,1000.003666,0.000000,0.000000,0.000000,0.000000,0.000000,0.000000,0.000000,0.000000,0.000000,0.000000,0.000000,0.000000,0.000000,0.000000,0.000000,0.000000,0.000000,0.000000,0.000000,0.000000,0.000000,0.000000,0.000000,0.000000,0.000000,0.000000,0.000000,0.000000,0.000000,0.000000,0.000000,0.000000,0.000000,0.000000
0.000000,0.000000,0.000000,0.000000,0.000000,0.000000,0.000000,0.000000,0.000000,0.000000,0.000000,0.000000,0.000000,0.000000,0.000000,0.000000,0.000000,0.000000,0.000000,0.000000,0.000000,0.000000,0.000000,0.000000,0.000000,0.000000,0.000000,0.000000,0.000000,0.000000,0.000000,0.000000,999.990174,999.988666,999.990585,999.990419,999.991096,999.991594,999.991823,999.992244,999.992750,999.993490,999.994027,999.994689,999.995100,999.995442,999.995863,999.996363,999.996879,999.997435,999.997888,999.998416,999.998912,999.999374,999.999836,1000.000246,1000.000618,1000.000935,1000.001197,1000.001447,1000.001869,1000.002197,1000.002630,1000.002919,1000.003158,1000.003245,1000.003480,1000.003805,1000.003679,1000.004593,1000.003818,0.000000,0.000000,0.000000,0.000000,0.000000,0.000000,0.000000,0.000000,0.000000,0.000000,0.000000,0.000000,0.000000,0.000000,0.000000,0.000000,0.000000,0.000000,0.000000,0.000000,0.000000,0.000000,0.000000,0.000000,0.000000,0.000000,0.000000,0.000000,0.000000,0.000000,0.000000,0.000000
0.000000,0.000000,0.000000,0.000000,0.000000,0.000000,0.000000,0.000000,0.000000,0.000000,0.000000,0.000000,0.000000,0.000000,0.000000,0.000000,0.000000,0.000000,0.000000,0.000000,0.000000,0.000000,0.000000,0.000000,0.000000,0.000000,0.000000,0.000000,0.000000,0.000000,999.988596,999.987139,999.989443,999.989997,999.990261,999.990421,999.990921,999.991274,999.991821,999.992290,999.992797,999.993330,999.993903,999.994464,999.994927,999.995378,999.995865,999.996339,999.996845,999.997349,999.997840,999.998318,999.998827,999.999262,999.999717,1000.000132,1000.000511,1000.000862,1000.001192,1000.001483,1000.001842,1000.002202,1000.002500,1000.002753,1000.003004,1000.003295,1000.003477,1000.003716,1000.003724,1000.003887,1000.004119,1000.005103,1000.004470,0.000000,0.000000,0.000000,0.000000,0.000000,0.000000,0.000000,0.000000,0.000000,0.000000,0.000000,0.000000,0.000000,0.000000,0.000000,0.000000,0.000000,0.000000,0.000000,0.000000,0.000000,0.000000,0.000000,0.000000,0.000000,0.000000,0.000000,0.000000,0.000000,0.000000
0.000000,0.000000,0.000000,0.000000,0.000000,0.000000,0.000000,0.000000,0.000000,0.000000,0.000000,0.000000,0.000000,0.000000,0.000000,0.000000,0.000000,0.000000,0.000000,0.000000,0.000000,0.000000,0.000000,0.000000,0.000000,0.000000,0.000000,0.000000,999.987053,999.985685,999.988000,999.988721,999.989120,999.989521,999.989841,999.990409,999.990809,999.991246,999.991745,999.992215,999.992753,999.993280,999.993813,999.994311,999.994831,999.995327,999.995826,999.996310,999.996794,999.997291,999.997816,999.998271,999.998754,999.999181,999.999629,1000.000042,1000.000429,1000.000792,1000.001135,1000.001485,1000.001800,1000.002110,1000.002443,1000.002744,1000.002973,1000.003218,1000.003418,1000.003622,1000.003874,1000.003996,1000.004185,1000.004320,1000.004627,1000.005570,1000.004957,0.000000,0.000000,0.000000,0.000000,0.000000,0.000000,0.000000,0.000000,0.000000,0.000000,0.000000,0.000000,0.000000,0.000000,0.000000,0.000000,0.000000,0.000000,0.000000,0.000000,0.000000,0.000000,0.000000,0.000000,0.000000,0.000000,0.000000,0.000000
0.000000,0.000000,0.000000,0.000000,0.000000,0.000000,0.000000,0.000000,0.000000,0.000000,0.000000,0.000000,0.000000,0.000000,0.000000,0.000000,0.000000,0.000000,0.000000,0.000000,0.000000,0.000000,0.000000,0.000000,0.000000,0.000000,999.985601,999.984552,999.986580,999.987339,999.987800,999.988269,999.988679,999.989310,999.989785,999.990243,999.990669,999.991176,999.991649,999.992133,999.992632,999.993192,999.993699,999.994232,999.994741,999.995279,999.995743,999.996244,999.996753,999.997265,999.997738,999.998236,999.998679,999.999171,999.999585,999.999982,1000.000391,1000.000747,1000.001094,1000.001447,1000.001770,1000.002070,1000.002369,1000.002667,1000.002940,1000.003182,1000.003415,1000.003607,1000.003832,1000.004010,1000.004280,1000.004458,1000.004642,1000.004809,1000.005101,1000.005870,1000.005446,0.000000,0.000000,0.000000,0.000000,0.000000,0.000000,0.000000,0.000000,0.000000,0.000000,0.000000,0.000000,0.000000,0.000000,0.000000,0.000000,0.000000,0.000000,0.000000,0.000000,0.000000,0.000000,0.000000,0.000000,0.000000,0.000000
0.000000,0.000000,0.000000,0.000000,0.000000,0.000000,0.000000,0.000000,0.000000,0.000000,0.000000,0.000000,0.000000,0.000000,0.000000,0.000000,0.000000,0.000000,0.000000,0.000000,0.000000,0.000000,0.000000,0.000000,999.984705,999.983873,999.985417,999.986056,999.986494,999.987052,999.987458,999.988117,999.988643,999.989129,999.989588,999.990066,999.990558,999.991040,999.991535,999.992045,999.992560,999.993090,999.993604,999.994135,999.994657,999.995179,999.995684,999.996196,999.996742,999.997205,999.997695,999.998171,999.998653,999.999088,999.999535,999.999945,1000.000360,1000.000725,1000.001080,1000.001428,1000.001763,1000.002089,1000.002392,1000.002633,1000.002915,1000.003160,1000.003392,1000.003609,1000.003830,1000.004012,1000.004239,1000.004424,1000.004699,1000.004857,1000.005087,1000.005228,1000.005448,1000.006001,1000.005659,0.000000,0.000000,0.000000,0.000000,0.000000,0.000000,0.000000,0.000000,0.000000,0.000000,0.000000,0.000000,0.000000,0.000000,0.000000,0.000000,0.000000,0.000000,0.000000,0.000000,0.000000,0.000000,0.000000,0.000000
0.000000,0.000000,0.000000,0.000000,0.000000,0.000000,0.000000,0.000000,0.000000,0.000000,0.000000,0.000000,0.000000,0.000000,0.000000,0.000000,0.000000,0.000000,0.000000,0.000000,0.000000,0.000000,0.000000,999.984960,999.984674,999.985029,999.985460,999.985956,999.986337,999.986959,999.987431,999.987971,999.988462,999.988937,999.989423,999.989931,999.990399,999.990888,999.991400,999.991938,999.992461,999.992977,999.993501,999.994060,999.994581,999.995096,999.995640,999.996173,999.996666,999.997169,999.997679,999.998178,999.998641,999.999085,999.999518,999.999931,1000.000330,1000.000702,1000.001086,1000.001407,1000.001729,1000.002059,1000.002353,1000.002633,1000.002914,1000.003151,1000.003391,1000.003616,1000.003824,1000.004040,1000.004259,1000.004436,1000.004633,1000.004831,1000.005062,1000.005203,1000.005377,1000.005517,1000.005623,1000.005471,0.000000,0.000000,0.000000,0.000000,0.000000,0.000000,0.000000,0.000000,0.000000,0.000000,0.000000,0.000000,0.000000,0.000000,0.000000,0.000000,0.000000,0.000000,0.000000,0.000000,0.000000,0.000000,0.000000
0.000000,0.000000,0.000000,0.000000,0.000000,0.000000,0.000000,0.000000,0.000000,0.000000,0.000000,0.000000,0.000000,0.000000,0.000000,0.000000,0.000000,0.000000,0.000000,0.000000,0.000000,999.983294,999.982803,999.984523,999.984896,999.985210,999.985422,999.985920,999.986379,999.986837,999.987328,999.987799,999.988270,999.988770,999.989267,999.989752,999.990259,999.990754,999.991278,999.991793,999.992319,999.992850,999.993412,999.993979,999.994485,999.995053,999.995574,999.996123,999.996615,999.997147,999.997640,999.998132,999.998594,999.999074,999.999501,999.999947,1000.000317,1000.000705,1000.001093,1000.001446,1000.001769,1000.002053,1000.002382,1000.002636,1000.002914,1000.003146,1000.003390,1000.003616,1000.003832,1000.004032,1000.004244,1000.004450,1000.004636,1000.004822,1000.004979,1000.005157,1000.005330,1000.005415,1000.005481,1000.005622,1000.006230,1000.006025,0.000000,0.000000,0.000000,0.000000,0.000000,0.000000,0.000000,0.000000,0.000000,0.000000,0.000000,0.000000,0.000000,0.000000,0.000000,0.000000,0.000000,0.000000,0.000000,0.000000,0.000000
0.000000,0.000000,0.000000,0.000000,0.000000,0.000000,0.000000,0.000000,0.000000,0.000000,0.000000,0.000000,0.000000,0.000000,0.000000,0.000000,0.000000,0.000000,0.000000,0.000000,999.983612,999.983550,999.983910,999.984378,999.984733,999.985156,999.985486,999.985900,999.986301,999.986744,999.987213,999.987656,999.988142,999.988612,999.989083,999.989562,999.990078,999.990617,999.991133,999.991640,999.992206,999.992760,999.993320,999.993862,999.994407,999.995002,999.995531,999.996068,999.996615,999.997154,999.997644,999.998124,999.998625,999.999076,999.999525,999.999954,1000.000354,1000.000730,1000.001086,1000.001438,1000.001774,1000.002076,1000.002378,1000.002662,1000.002920,1000.003166,1000.003410,1000.003627,1000.003853,1000.004045,1000.004237,1000.004424,1000.004615,1000.004798,1000.004966,1000.005120,1000.005240,1000.005378,1000.005522,1000.005637,1000.005802,1000.005917,1000.005859,0.000000,0.000000,0.000000,0.000000,0.000000,0.000000,0.000000,0.000000,0.000000,0.000000,0.000000,0.000000,0.000000,0.000000,0.000000,0.000000,0.000000,0.000000,0.000000,0.000000
0.000000,0.000000,0.000000,0.000000,0.000000,0.000000,0.000000,0.000000,0.000000,0.000000,0.000000,0.000000,0.000000,0.000000,0.000000,0.000000,0.000000,0.000000,0.000000,999.983329,999.983582,999.983771,999.984117,999.984311,999.984731,999.985090,999.985448,999.985832,999.986216,999.986637,999.987050,999.987496,999.987955,999.988423,999.988908,999.989395,999.989910,999.990428,999.990936,999.991490,999.992077,999.992631,999.993191,999.993746,999.994355,999.994916,999.995472,999.996028,999.996571,999.997129,999.997631,999.998162,999.998637,999.999107,999.999530,999.999964,1000.000389,1000.000793,1000.001144,1000.001472,1000.001823,1000.002131,1000.002415,1000.002690,1000.002951,1000.003204,1000.003430,1000.003652,1000.003856,1000.004054,1000.004269,1000.004440,1000.004587,1000.004770,1000.004933,1000.005090,1000.005211,1000.005356,1000.005477,1000.005635,1000.005675,1000.005787,1000.005857,1000.005942,0.000000,0.000000,0.000000,0.000000,0.000000,0.000000,0.000000,0.000000,0.000000,0.000000,0.000000,0.000000,0.000000,0.000000,0.000000,0.000000,0.000000,0.000000,0.000000
0.000000,0.000000,0.000000,0.000000,0.000000,0.000000,0.000000,0.000000,0.000000,0.000000,0.000000,0.000000,0.000000,0.000000,0.000000,0.000000,0.000000,0.000000,999.982992,999.983362,999.983615,999.983900,999.984159,999.984431,999.984760,999.985071,999.985412,999.985767,999.986132,999.986519,999.986906,999.987328,999.987775,999.988213,999.988704,999.989209,999.989715,999.990212,999.990776,999.991351,999.991920,999.992477,999.993099,999.993680,999.994295,999.994847,999.995445,999.996041,999.996596,999.997121,999.997673,999.998179,999.998663,999.999150,999.999607,1000.000010,1000.000432,1000.000812,1000.001193,1000.001519,1000.001878,1000.002166,1000.002470,1000.002738,1000.002996,1000.003239,1000.003459,1000.003679,1000.003887,1000.004065,1000.004241,1000.004460,1000.004603,1000.004757,1000.004896,1000.005059,1000.005177,1000.005319,1000.005426,1000.005539,1000.005648,1000.005741,1000.005806,1000.005912,1000.005990,0.000000,0.000000,0.000000,0.000000,0.000000,0.000000,0.000000,0.000000,0.000000,0.000000,0.000000,0.000000,0.000000,0.000000,0.000000,0.000000,0.000000,0.000000
0.000000,0.000000,0.000000,0.000000,0.000000,0.000000,0.000000,0.000000,0.000000,0.000000,0.000000,0.000000,0.000000,0.000000,0.000000,0.000000,0.000000,999.982789,999.983164,999.983421,999.983681,999.983948,999.984189,999.984464,999.984723,999.985031,999.985318,999.985669,999.985988,999.986348,999.986721,999.987148,999.987570,999.987998,999.988482,999.988973,999.989480,999.990011,999.990614,999.991177,999.991745,999.992340,999.992973,999.993592,999.994187,999.994796,999.995411,999.996011,999.996588,999.997138,999.997684,999.998226,999.998699,999.999203,999.999687,1000.000112,1000.000520,1000.000902,1000.001266,1000.001623,1000.001934,1000.002242,1000.002509,1000.002799,1000.003040,1000.003288,1000.003501,1000.003719,1000.003938,1000.004112,1000.004260,1000.004451,1000.004623,1000.004775,1000.004894,1000.005046,1000.005158,1000.005281,1000.005392,1000.005507,1000.005584,1000.005702,1000.005782,1000.005852,1000.005964,1000.006088,0.000000,0.000000,0.000000,0.000000,0.000000,0.000000,0.000000,0.000000,0.000000,0.000000,0.000000,0.000000,0.000000,0.000000,0.000000,0.000000,0.000000
0.000000,0.000000,0.000000,0.000000,0.000000,0.000000,0.000000,0.000000,0.000000,0.000000,0.000000,0.000000,0.000000,0.000000,0.000000,0.000000,999.982737,999.983005,999.983274,999.983504,999.983763,999.984013,999.984232,999.984469,999.984719,999.984974,999.985263,999.985553,999.985845,999.986186,999.986545,999.986932,999.987330,999.987769,999.988237,999.988726,999.989238,999.989819,999.990376,999.990949,999.991565,999.992213,999.992845,999.993472,999.994126,999.994773,999.995404,999.996002,999.996601,999.997194,999.997758,999.998299,999.998815,999.999290,999.999731,1000.000183,1000.000594,1000.000989,1000.001358,1000.001700,1000.002020,1000.002329,1000.002611,1000.002879,1000.003109,1000.003351,1000.003565,1000.003751,1000.003943,1000.004153,1000.004303,1000.004459,1000.004599,1000.004753,1000.004881,1000.005030,1000.005133,1000.005247,1000.005358,1000.005468,1000.005568,1000.005633,1000.005738,1000.005819,1000.005916,1000.005996,1000.006086,0.000000,0.000000,0.000000,0.000000,0.000000,0.000000,0.000000,0.000000,0.000000,0.000000,0.000000,0.000000,0.000000,0.000000,0.000000,0.000000
0.000000,0.000000,0.000000,0.000000,0.000000,0.000000,0.000000,0.000000,0.000000,0.000000,0.000000,0.000000,0.000000,0.000000,0.000000,999.982789,999.983005,999.983248,999.983468,999.983663,999.983895,999.984068,999.984241,999.984453,999.984676,999.984895,999.985129,999.985390,999.985658,999.985982,999.986322,999.986673,999.987055,999.987497,999.987960,999.988446,999.988983,999.989555,999.990118,999.990729,999.991406,999.992060,999.992715,999.993377,999.994068,999.994728,999.995393,999.996004,999.996655,999.997245,999.997821,999.998362,999.998904,999.999410,999.999875,1000.000325,1000.000728,1000.001124,1000.001486,1000.001814,1000.002120,1000.002419,1000.002705,1000.002952,1000.003193,1000.003422,1000.003633,1000.003822,1000.003990,1000.004180,1000.004349,1000.004490,1000.004638,1000.004766,1000.004882,1000.005013,1000.005117,1000.005226,1000.005334,1000.005402,1000.005507,1000.005602,1000.005683,1000.005759,1000.005845,1000.005926,1000.006004,1000.006096,0.000000,0.000000,0.000000,0.000000,0.000000,0.000000,0.000000,0.000000,0.000000,0.000000,0.000000,0.000000,0.000000,0.000000,0.000000
0.000000,0.000000,0.000000,0.000000,0.000000,0.000000,0.000000,0.000000,0.000000,0.000000,0.000000,0.000000,0.000000,0.000000,999.982992,999.983164,999.983274,999.983468,999.983598,999.983746,999.983937,999.984063,999.984269,999.984442,999.984641,999.984799,999.985018,999.985237,999.985483,999.985776,999.986056,999.986396,999.986775,999.987200,999.987644,999.988135,999.988679,999.989249,999.989858,999.990529,999.991195,999.991868,999.992563,999.993294,999.994000,999.994686,999.995379,999.996062,999.996717,999.997340,999.997930,999.998488,999.999025,999.999509,999.999988,1000.000447,1000.000859,1000.001250,1000.001612,1000.001955,1000.002264,1000.002559,1000.002805,1000.003062,1000.003295,1000.003507,1000.003712,1000.003898,1000.004064,1000.004220,1000.004361,1000.004512,1000.004648,1000.004789,1000.004885,1000.005011,1000.005113,1000.005203,1000.005295,1000.005384,1000.005466,1000.005550,1000.005634,1000.005699,1000.005784,1000.005856,1000.005937,1000.005995,1000.006035,0.000000,0.000000,0.000000,0.000000,0.000000,0.000000,0.000000,0.000000,0.000000,0.000000,0.000000,0.000000,0.000000,0.000000
0.000000,0.000000,0.000000,0.000000,0.000000,0.000000,0.000000,0.000000,0.000000,0.000000,0.000000,0.000000,0.000000,999.983329,999.983362,999.983421,999.983504,999.983663,999.983746,999.983908,999.984065,999.984171,999.984320,999.984420,999.984534,999.984668,999.984869,999.985036,999.985261,999.985477,999.985751,999.986073,999.986438,999.986830,999.987268,999.987792,999.988338,999.988929,999.989568,999.990265,999.990941,999.991680,999.992436,999.993189,999.993942,999.994674,999.995418,999.996111,999.996780,999.997431,999.998063,999.998659,999.999217,999.999719,1000.000192,1000.000635,1000.001037,1000.001402,1000.001770,1000.002099,1000.002400,1000.002693,1000.002943,1000.003181,1000.003417,1000.003602,1000.003792,1000.003972,1000.004144,1000.004293,1000.004422,1000.004562,1000.004667,1000.004791,1000.004893,1000.004988,1000.005095,1000.005189,1000.005279,1000.005351,1000.005435,1000.005495,1000.005585,1000.005640,1000.005720,1000.005772,1000.005850,1000.005890,1000.005956,1000.006000,0.000000,0.000000,0.000000,0.000000,0.000000,0.000000,0.000000,0.000000,0.000000,0.000000,0.000000,0.000000,0.000000
0.000000,0.000000,0.000000,0.000000,0.000000,0.000000,0.000000,0.000000,0.000000,0.000000,0.000000,0.000000,999.983612,999.983582,999.983615,999.983681,999.983763,999.983895,999.983937,999.984065,999.984109,999.984139,999.984256,999.984323,999.984458,999.984584,999.984717,999.984834,999.985003,999.985204,999.985447,999.985732,999.986045,999.986417,999.986875,999.987389,999.987930,999.988564,999.989231,999.989943,999.990686,999.991499,999.992303,999.993089,999.993889,999.994698,999.995471,999.996212,999.996924,999.997594,999.998215,999.998794,999.999336,999.999878,1000.000380,1000.000832,1000.001243,1000.001629,1000.001967,1000.002299,1000.002577,1000.002847,1000.003105,1000.003328,1000.003512,1000.003726,1000.003900,1000.004061,1000.004204,1000.004350,1000.004483,1000.004606,1000.004709,1000.004816,1000.004914,1000.005010,1000.005081,1000.005143,1000.005258,1000.005315,1000.005378,1000.005439,1000.005521,1000.005589,1000.005657,1000.005717,1000.005766,1000.005828,1000.005870,1000.005903,1000.005929,0.000000,0.000000,0.000000,0.000000,0.000000,0.000000,0.000000,0.000000,0.000000,0.000000,0.000000,0.000000
0.000000,0.000000,0.000000,0.000000,0.000000,0.000000,0.000000,0.000000,0.000000,0.000000,0.000000,999.983294,999.983550,999.983771,999.983900,999.983948,999.984013,999.984068,999.984063,999.984171,999.984139,999.984244,999.984358,999.984354,999.984420,999.984430,999.984472,999.984552,999.984690,999.984849,999.985040,999.985287,999.985583,999.985972,999.986419,999.986900,999.987485,999.988141,999.988842,999.989610,999.990428,999.991278,999.992105,999.992989,999.993851,999.994691,999.995504,999.996293,999.997050,999.997779,999.998451,999.999070,999.999645,1000.000160,1000.000619,1000.001053,1000.001462,1000.001843,1000.002178,1000.002492,1000.002775,1000.003019,1000.003264,1000.003492,1000.003671,1000.003851,1000.004026,1000.004167,1000.004308,1000.004415,1000.004537,1000.004646,1000.004744,1000.004840,1000.004923,1000.005005,1000.005099,1000.005145,1000.005216,1000.005305,1000.005362,1000.005400,1000.005468,1000.005517,1000.005572,1000.005626,1000.005687,1000.005738,1000.005811,1000.005854,1000.005945,1000.006044,0.000000,0.000000,0.000000,0.000000,0.000000,0.000000,0.000000,0.000000,0.000000,0.000000,0.000000
0.000000,0.000000,0.000000,0.000000,0.000000,0.000000,0.000000,0.000000,0.000000,0.000000,0.000000,999.982803,999.983910,999.984117,999.984159,999.984189,999.984232,999.984241,999.984269,999.984320,999.984256,999.984358,999.984281,999.984156,999.984211,999.984195,999.984273,999.984342,999.984416,999.984495,999.984630,999.984826,999.985104,999.985441,999.985858,999.986355,999.986961,999.987641,999.988400,999.989225,999.990116,999.991015,999.991959,999.992935,999.993871,999.994778,999.995658,999.996493,999.997262,999.997962,999.998638,999.999286,999.999879,1000.000420,1000.000913,1000.001347,1000.001758,1000.002107,1000.002434,1000.002724,1000.002995,1000.003239,1000.003448,1000.003646,1000.003851,1000.003991,1000.004138,1000.004269,1000.004400,1000.004525,1000.004608,1000.004708,1000.004791,1000.004876,1000.004947,1000.004998,1000.005088,1000.005136,1000.005184,1000.005232,1000.005330,1000.005358,1000.005412,1000.005469,1000.005522,1000.005556,1000.005615,1000.005656,1000.005710,1000.005757,1000.005856,1000.006206,0.000000,0.000000,0.000000,0.000000,0.000000,0.000000,0.000000,0.000000,0.000000,0.000000,0.000000
0.000000,0.000000,0.000000,0.000000,0.000000,0.000000,0.000000,0.000000,0.000000,0.000000,999.984960,999.984523,999.984378,999.984311,999.984431,999.984464,999.984469,999.984453,999.984442,999.984420,999.984323,999.984354,999.984156,999.984194,999.984289,999.984149,999.984120,999.984023,999.983956,999.983998,999.984104,999.984257,999.984488,999.984788,999.985208,999.985732,999.986365,999.987083,999.987894,999.988796,999.989759,999.990755,999.991797,999.992829,999.993829,999.994815,999.995758,999.996689,999.997533,999.998326,999.999035,999.999661,1000.000204,1000.000721,1000.001220,1000.001641,1000.002037,1000.002394,1000.002698,1000.002985,1000.003245,1000.003479,1000.003669,1000.003839,1000.004012,1000.004162,1000.004279,1000.004401,1000.004500,1000.004606,1000.004696,1000.004762,1000.004840,1000.004908,1000.004973,1000.005014,1000.005087,1000.005127,1000.005192,1000.005209,1000.005248,1000.005314,1000.005347,1000.005388,1000.005433,1000.005472,1000.005534,1000.005559,1000.005621,1000.005696,1000.005717,1000.005713,1000.005616,0.000000,0.000000,0.000000,0.000000,0.000000,0.000000,0.000000,0.000000,0.000000,0.000000
0.000000,0.000000,0.000000,0.000000,0.000000,0.000000,0.000000,0.000000,0.000000,999.984705,999.984674,999.984896,999.984733,999.984731,999.984760,999.984723,999.984719,999.984676,999.984641,999.984534,999.984458,999.984420,999.984211,999.984289,999.984052,999.983700,999.983714,999.983581,999.983578,999.983628,999.983625,999.983685,999.983841,999.984112,999.984491,999.984995,999.985617,999.986388,999.987294,999.988286,999.989365,999.990497,999.991665,999.992796,999.993924,999.995034,999.996007,999.996913,999.997769,999.998570,999.999330,1000.000015,1000.000627,1000.001150,1000.001615,1000.002029,1000.002396,1000.002720,1000.003029,1000.003280,1000.003508,1000.003718,1000.003904,1000.004059,1000.004198,1000.004326,1000.004459,1000.004539,1000.004632,1000.004689,1000.004773,1000.004843,1000.004885,1000.004949,1000.005008,1000.005025,1000.005085,1000.005103,1000.005157,1000.005199,1000.005220,1000.005257,1000.005313,1000.005324,1000.005373,1000.005415,1000.005445,1000.005481,1000.005511,1000.005572,1000.005597,1000.005595,1000.005717,1000.005730,0.000000,0.000000,0.000000,0.000000,0.000000,0.000000,0.000000,0.000000,0.000000
0.000000,0.000000,0.000000,0.000000,0.000000,0.000000,0.000000,0.000000,0.000000,999.983873,999.985029,999.985210,999.985156,999.985090,999.985071,999.985031,999.984974,999.984895,999.984799,999.984668,999.984584,999.984430,999.984195,999.984149,999.983700,999.983648,999.983764,999.983427,999.983271,999.983037,999.982863,999.982863,999.982994,999.983220,999.983578,999.984090,999.984794,999.985638,999.986614,999.987710,999.988897,999.990161,999.991444,999.992700,999.993934,999.995172,999.996304,999.997374,999.998300,999.999103,999.999788,1000.000423,1000.001025,1000.001561,1000.002009,1000.002420,1000.002789,1000.003084,1000.003362,1000.003611,1000.003794,1000.003977,1000.004154,1000.004290,1000.004404,1000.004505,1000.004596,1000.004686,1000.004760,1000.004820,1000.004861,1000.004919,1000.004957,1000.004958,1000.005029,1000.005043,1000.005084,1000.005103,1000.005117,1000.005159,1000.005172,1000.005194,1000.005219,1000.005253,1000.005271,1000.005322,1000.005349,1000.005383,1000.005425,1000.005476,1000.005498,1000.005511,1000.005617,1000.006016,0.000000,0.000000,0.000000,0.000000,0.000000,0.000000,0.000000,0.000000,0.000000
0.000000,0.000000,0.000000,0.000000,0.000000,0.000000,0.000000,0.000000,999.985601,999.985417,999.985460,999.985422,999.985486,999.985448,999.985412,999.985318,999.985263,999.985129,999.985018,999.984869,999.984717,999.984472,999.984273,999.984120,999.983714,999.983764,999.983326,999.982603,999.982513,999.982307,999.982206,999.982238,999.982217,999.982313,999.982596,999.983104,999.983765,999.984661,999.985750,999.987023,999.988443,999.989883,999.991374,999.992855,999.994196,999.995418,999.996576,999.997650,999.998646,999.999580,1000.000369,1000.001020,1000.001573,1000.002086,1000.002512,1000.002893,1000.003218,1000.003499,1000.003740,1000.003958,1000.004152,1000.004290,1000.004430,1000.004541,1000.004642,1000.004723,1000.004786,1000.004825,1000.004897,1000.004925,1000.004960,1000.004978,1000.005027,1000.005037,1000.005051,1000.005053,1000.005078,1000.005109,1000.005095,1000.005123,1000.005144,1000.005154,1000.005166,1000.005188,1000.005210,1000.005217,1000.005254,1000.005288,1000.005285,1000.005340,1000.005375,1000.005460,1000.005503,1000.005548,1000.005574,0.000000,0.000000,0.000000,0.000000,0.000000,0.000000,0.000000,0.000000
0.000000,0.000000,0.000000,0.000000,0.000000,0.000000,0.000000,0.000000,999.984552,999.986056,999.985956,999.985920,999.985900,999.985832,999.985767,999.985669,999.985553,999.985390,999.985237,999.985036,999.984834,999.984552,999.984342,999.984023,999.983581,999.983427,999.982603,999.982379,999.982602,999.981994,999.981619,999.981266,999.980950,999.980988,999.981270,999.981737,999.982540,999.983537,999.984787,999.986225,999.987805,999.989422,999.991095,999.992828,999.994463,999.995952,999.997284,999.998389,999.999295,1000.000143,1000.000919,1000.001585,1000.002163,1000.002628,1000.003048,1000.003395,1000.003686,1000.003944,1000.004151,1000.004326,1000.004490,1000.004614,1000.004710,1000.004799,1000.004871,1000.004922,1000.004988,1000.005005,1000.005030,1000.005059,1000.005063,1000.005063,1000.005068,1000.005073,1000.005095,1000.005066,1000.005065,1000.005080,1000.005081,1000.005064,1000.005077,1000.005082,1000.005099,1000.005115,1000.005106,1000.005129,1000.005150,1000.005193,1000.005194,1000.005230,1000.005275,1000.005294,1000.005346,1000.005374,1000.005912,0.000000,0.000000,0.000000,0.000000,0.000000,0.000000,0.000000,0.000000
0.000000,0.000000,0.000000,0.000000,0.000000,0.000000,0.000000,999.987053,999.986580,999.986494,999.986337,999.986379,999.986301,999.986216,999.986132,999.985988,999.985845,999.985658,999.985483,999.985261,999.985003,999.984690,999.984416,999.983956,999.983578,999.983271,999.982513,999.982602,999.981909,999.980577,999.980305,999.979966,999.979786,999.979862,999.979996,999.980378,999.981037,999.982108,999.983584,999.985281,999.987255,999.989299,999.991201,999.992998,999.994683,999.996245,999.997680,999.999027,1000.000132,1000.000993,1000.001697,1000.002321,1000.002847,1000.003284,1000.003646,1000.003955,1000.004210,1000.004437,1000.004609,1000.004749,1000.004866,1000.004958,1000.005029,1000.005099,1000.005126,1000.005145,1000.005165,1000.005192,1000.005165,1000.005166,1000.005181,1000.005163,1000.005144,1000.005116,1000.005117,1000.005100,1000.005066,1000.005060,1000.005052,1000.005039,1000.005020,1000.005026,1000.005004,1000.005025,1000.005042,1000.005032,1000.005035,1000.005054,1000.005084,1000.005101,1000.005121,1000.005156,1000.005230,1000.005250,1000.005257,1000.005128,0.000000,0.000000,0.000000,0.000000,0.000000,0.000000,0.000000
0.000000,0.000000,0.000000,0.000000,0.000000,0.000000,0.000000,999.985685,999.987339,999.987052,999.986959,999.986837,999.986744,999.986637,999.986519,999.986348,999.986186,999.985982,999.985776,999.985477,999.985204,999.984849,999.984495,999.983998,999.983628,999.983037,999.982307,999.981994,999.980577,999.979949,999.980279,999.979445,999.978729,999.978272,999.977922,999.978158,999.979115,999.980418,999.982098,999.984098,999.986268,999.988760,999.991243,999.993535,999.995604,999.997311,999.998637,999.999810,1000.000909,1000.001810,1000.002521,1000.003129,1000.003607,1000.003998,1000.004313,1000.004585,1000.004786,1000.004953,1000.005086,1000.005194,1000.005270,1000.005327,1000.005359,1000.005385,1000.005406,1000.005397,1000.005380,1000.005368,1000.005347,1000.005309,1000.005265,1000.005248,1000.005203,1000.005160,1000.005125,1000.005114,1000.005071,1000.005025,1000.005009,1000.005003,1000.004965,1000.004957,1000.004944,1000.004910,1000.004931,1000.004940,1000.004919,1000.004941,1000.004970,1000.004966,1000.004986,1000.005023,1000.005037,1000.005049,1000.005016,1000.005671,0.000000,0.000000,0.000000,0.000000,0.000000,0.000000,0.000000
0.000000,0.000000,0.000000,0.000000,0.000000,0.000000,999.988596,999.988000,999.987800,999.987458,999.987431,999.987328,999.987213,999.987050,999.986906,999.986721,999.986545,999.986322,999.986056,999.985751,999.985447,999.985040,999.984630,999.984104,999.983625,999.982863,999.982206,999.981619,999.980305,999.980279,999.979395,999.977113,999.976337,999.975804,999.975628,999.976180,999.976855,999.978118,999.980241,999.982800,999.985609,999.988476,999.991194,999.993707,999.996031,999.998184,999.999876,1000.001104,1000.002071,1000.002879,1000.003532,1000.004055,1000.004452,1000.004782,1000.005035,1000.005255,1000.005403,1000.005519,1000.005588,1000.005656,1000.005688,1000.005717,1000.005708,1000.005691,1000.005666,1000.005644,1000.005600,1000.005542,1000.005507,1000.005452,1000.005389,1000.005324,1000.005285,1000.005216,1000.005156,1000.005105,1000.005075,1000.005024,1000.004959,1000.004944,1000.004906,1000.004877,1000.004856,1000.004839,1000.004801,1000.004832,1000.004809,1000.004798,1000.004815,1000.004815,1000.004835,1000.004876,1000.004874,1000.004915,1000.004861,1000.004875,1000.004729,0.000000,0.000000,0.000000,0.000000,0.000000,0.000000
0.000000,0.000000,0.000000,0.000000,0.000000,0.000000,999.987139,999.988721,999.988269,999.988117,999.987971,999.987799,999.987656,999.987496,999.987328,999.987148,999.986932,999.986673,999.986396,999.986073,999.985732,999.985287,999.984826,999.984257,999.983685,999.982863,999.982238,999.981266,999.979966,999.979445,999.977113,999.975457,999.975688,999.974671,999.973695,999.973232,999.973747,999.975378,999.977823,999.981283,999.984925,999.988617,999.992202,999.995212,999.997455,999.999340,1000.001038,1000.002367,1000.003348,1000.004073,1000.004654,1000.005068,1000.005397,1000.005653,1000.005832,1000.005956,1000.006051,1000.006116,1000.006145,1000.006161,1000.006133,1000.006121,1000.006078,1000.006029,1000.005956,1000.005898,1000.005824,1000.005740,1000.005658,1000.005586,1000.005499,1000.005421,1000.005333,1000.005268,1000.005187,1000.005110,1000.005041,1000.004989,1000.004926,1000.004876,1000.004832,1000.004793,1000.004776,1000.004741,1000.004711,1000.004690,1000.004693,1000.004688,1000.004676,1000.004675,1000.004696,1000.004687,1000.004690,1000.004718,1000.004710,1000.004612,1000.005261,0.000000,0.000000,0.000000,0.000000,0.000000,0.000000
0.000000,0.000000,0.000000,0.000000,0.000000,999.990174,999.989443,999.989120,999.988679,999.988643,999.988462,999.988270,999.988142,999.987955,999.987775,999.987570,999.987330,999.987055,999.986775,999.986438,999.986045,999.985583,999.985104,999.984488,999.983841,999.982994,999.982217,999.980950,999.979786,999.978729,999.976337,999.975688,999.974562,999.970885,999.969013,999.968667,999.968944,999.970959,999.974228,999.978318,999.983276,999.988195,999.992536,999.996485,999.999496,1000.001495,1000.002949,1000.004050,1000.004874,1000.005478,1000.005905,1000.006206,1000.006428,1000.006582,1000.006672,1000.006715,1000.006735,1000.006736,1000.006709,1000.006672,1000.006606,1000.006527,1000.006456,1000.006371,1000.006267,1000.006162,1000.006056,1000.005949,1000.005827,1000.005720,1000.005611,1000.005506,1000.005393,1000.005292,1000.005218,1000.005115,1000.005028,1000.004954,1000.004882,1000.004822,1000.004753,1000.004691,1000.004661,1000.004623,1000.004589,1000.004568,1000.004546,1000.004540,1000.004541,1000.004521,1000.004527,1000.004537,1000.004523,1000.004526,1000.004572,1000.004481,1000.004433,1000.004169,0.000000,0.000000,0.000000,0.000000,0.000000
0.000000,0.000000,0.000000,0.000000,0.000000,999.988666,999.989997,999.989521,999.989310,999.989129,999.988937,999.988770,999.988612,999.988423,999.988213,999.987998,999.987769,999.987497,999.987200,999.986830,999.986417,999.985972,999.985441,999.984788,999.984112,999.983220,999.982313,999.980988,999.979862,999.978272,999.975804,999.974671,999.970885,999.966949,999.965890,999.964244,999.964580,999.967065,999.971109,999.977348,999.983711,999.989503,999.994535,999.998412,1000.001519,1000.003704,1000.005103,1000.006013,1000.006622,1000.007029,1000.007278,1000.007440,1000.007513,1000.007547,1000.007544,1000.007525,1000.007459,1000.007392,1000.007293,1000.007191,1000.007092,1000.006967,1000.006830,1000.006704,1000.006569,1000.006426,1000.006292,1000.006150,1000.006005,1000.005864,1000.005724,1000.005602,1000.005463,1000.005327,1000.005208,1000.005118,1000.005001,1000.004909,1000.004817,1000.004744,1000.004681,1000.004618,1000.004550,1000.004511,1000.004477,1000.004431,1000.004404,1000.004381,1000.004385,1000.004361,1000.004359,1000.004368,1000.004379,1000.004347,1000.004339,1000.004329,1000.004227,1000.004823,0.000000,0.000000,0.000000,0.000000,0.000000
0.000000,0.000000,0.000000,0.000000,999.990898,999.990585,999.990261,999.989841,999.989785,999.989588,999.989423,999.989267,999.989083,999.988908,999.988704,999.988482,999.988237,999.987960,999.987644,999.987268,999.986875,999.986419,999.985858,999.985208,999.984491,999.983578,999.982596,999.981270,999.979996,999.977922,999.975628,999.973695,999.969013,999.965890,999.962542,999.957384,999.955365,999.956909,999.963322,999.972394,999.982288,999.991825,999.998619,1000.002626,1000.005138,1000.006723,1000.007706,1000.008269,1000.008574,1000.008708,1000.008753,1000.008735,1000.008678,1000.008569,1000.008466,1000.008334,1000.008201,1000.008058,1000.007903,1000.007740,1000.007581,1000.007419,1000.007232,1000.007059,1000.006879,1000.006704,1000.006511,1000.006345,1000.006167,1000.005993,1000.005816,1000.005671,1000.005521,1000.005372,1000.005223,1000.005093,1000.004979,1000.004862,1000.004763,1000.004656,1000.004571,1000.004498,1000.004432,1000.004375,1000.004344,1000.004298,1000.004254,1000.004229,1000.004218,1000.004203,1000.004183,1000.004194,1000.004184,1000.004192,1000.004193,1000.004232,1000.004101,1000.004068,1000.004033,0.000000,0.000000,0.000000,0.000000
0.000000,0.000000,0.000000,0.000000,999.989192,999.990419,999.990421,999.990409,999.990243,999.990066,999.989931,999.989752,999.989562,999.989395,999.989209,999.988973,999.988726,999.988446,999.988135,999.987792,999.987389,999.986900,999.986355,999.985732,999.984995,999.984090,999.983104,999.981737,999.980378,999.978158,999.976180,999.973232,999.968667,999.964244,999.957384,999.946198,999.939943,999.944995,999.954847,999.967544,999.983038,999.995528,1000.002998,1000.007582,1000.009567,1000.010395,1000.010713,1000.010765,1000.010677,1000.010499,1000.010295,1000.010075,1000.009853,1000.009622,1000.009396,1000.009165,1000.008947,1000.008729,1000.008517,1000.008288,1000.008073,1000.007856,1000.007645,1000.007417,1000.007198,1000.006990,1000.006768,1000.006542,1000.006344,1000.006142,1000.005934,1000.005734,1000.005560,1000.005395,1000.005219,1000.005068,1000.004922,1000.004799,1000.004684,1000.004573,1000.004478,1000.004381,1000.004309,1000.004249,1000.004178,1000.004129,1000.004104,1000.004085,1000.004043,1000.004015,1000.004024,1000.004020,1000.003992,1000.004006,1000.004035,1000.004027,1000.004056,1000.004155,1000.004758,0.000000,0.000000,0.000000,0.000000
