0.000000,0.000000,0.000000,0.000000,0.000000,0.000000,0.000000,0.000000,0.000000,0.000000,0.000000,0.000000,0.000000,0.000000,0.000000,0.000000,0.000000,0.000000,0.000000,0.000000,0.000000,0.000000,0.000000,0.000000,0.000000,0.000000,0.000000,0.000000,0.000000,0.000000,0.000000,0.000000,0.000000,0.000000,0.000000,0.000000,0.000000,0.000000,0.000000,0.000000,0.000000,0.000000,0.000000,0.000000,0.000000,0.000000,0.000000,0.000000,0.000000,0.000000,0.000000,0.000000,0.000000,0.000000,0.000000,0.000000,0.000000,0.000000,0.000000,0.000000,0.000000,0.000000,0.000000,0.000000,0.000000,0.000000,0.000000,0.000000,0.000000,0.000000,0.000000,0.000000,0.000000,0.000000,0.000000,0.000000,0.000000,0.000000,0.000000,0.000000,0.000000,0.000000,0.000000,0.000000,0.000000,0.000000,0.000000,0.000000,0.000000,0.000000,0.000000,0.000000,0.000000,0.000000,0.000000,0.000000,0.000000,0.000000,0.000000,0.000000,0.000000,0.000000,0.000000
0.000000,0.000000,0.000000,0.000000,0.000000,0.000000,0.000000,0.000000,0.000000,0.000000,0.000000,0.000000,0.000000,0.000000,0.000000,0.000000,0.000000,0.000000,0.000000,0.000000,0.000000,0.000000,0.000000,0.000000,0.000000,0.000000,0.000000,0.000000,0.000000,0.000000,0.000000,0.000000,0.000000,0.000000,0.000000,0.000000,0.000000,0.000000,0.000000,0.000000,0.000000,0.000000,0.000000,0.000000,0.000000,0.000000,0.000000,0.000000,0.000000,0.000000,0.000000,999.999239,0.000000,0.000000,0.000000,0.000000,0.000000,0.000000,0.000000,0.000000,0.000000,0.000000,0.000000,0.000000,0.000000,0.000000,0.000000,0.000000,0.000000,0.000000,0.000000,0.000000,0.000000,0.000000,0.000000,0.000000,0.000000,0.000000,0.000000,0.000000,0.000000,0.000000,0.000000,0.000000,0.000000,0.000000,0.000000,0.000000,0.000000,0.000000,0.000000,0.000000,0.000000,0.000000,0.000000,0.000000,0.000000,0.000000,0.000000,0.000000,0.000000,0.000000,0.000000
0.000000,0.000000,0.000000,0.000000,0.000000,0.000000,0.000000,0.000000,0.000000,0.000000,0.000000,0.000000,0.000000,0.000000,0.000000,0.000000,0.000000,0.000000,0.000000,0.000000,0.000000,0.000000,0.000000,0.000000,0.000000,0.000000,0.000000,0.000000,0.000000,0.000000,0.000000,0.000000,0.000000,0.000000,0.000000,0.000000,0.000000,0.000000,0.000000,0.000000,0.000000,0.000000,999.997353,999.995069,999.995103,999.995586,999.996138,999.996747,999.997330,999.998301,999.999045,999.999181,999.999312,1000.000007,1000.000852,1000.001289,1000.001723,1000.002081,1000.002409,1000.002367,1000.000770,0.000000,0.000000,0.000000,0.000000,0.000000,0.000000,0.000000,0.000000,0.000000,0.000000,0.000000,0.000000,0.000000,0.000000,0.000000,0.000000,0.000000,0.000000,0.000000,0.000000,0.000000,0.000000,0.000000,0.000000,0.000000,0.000000,0.000000,0.000000,0.000000,0.000000,0.000000,0.000000,0.000000,0.000000,0.000000,0.000000,0.000000,0.000000,0.000000,0.000000,0.000000,0.000000
0.000000,0.000000,0.000000,0.000000,0.000000,0.000000,0.000000,0.000000,0.000000,0.000000,0.000000,0.000000,0.000000,0.000000,0.000000,0.000000,0.000000,0.000000,0.000000,0.000000,0.000000,0.000000,0.000000,0.000000,0.000000,0.000000,0.000000,0.000000,0.000000,0.000000,0.000000,0.000000,0.000000,0.000000,0.000000,0.000000,0.000000,999.993783,999.991582,999.991465,999.992541,999.994277,999.996606,999.996066,999.995710,999.995886,999.996329,999.996849,999.997444,999.998018,999.998885,999.999074,999.999293,1000.000072,1000.000575,1000.001016,1000.001426,1000.001736,1000.001844,1000.001588,1000.001224,1000.002748,1000.003752,1000.004306,1000.004159,1000.002900,0.000000,0.000000,0.000000,0.000000,0.000000,0.000000,0.000000,0.000000,0.000000,0.000000,0.000000,0.000000,0.000000,0.000000,0.000000,0.000000,0.000000,0.000000,0.000000,0.000000,0.000000,0.000000,0.000000,0.000000,0.000000,0.000000,0.000000,0.000000,0.000000,0.000000,0.000000,0.000000,0.000000,0.000000,0.000000,0.000000,0.000000
0.000000,0.000000,0.000000,0.000000,0.000000,0.000000,0.000000,0.000000,0.000000,0.000000,0.000000,0.000000,0.000000,0.000000,0.000000,0.000000,0.000000,0.000000,0.000000,0.000000,0.000000,0.000000,0.000000,0.000000,0.000000,0.000000,0.000000,0.000000,0.000000,0.000000,0.000000,0.000000,0.000000,0.000000,999.991678,999.990055,999.990966,999.993233,999.992824,999.992618,999.993014,999.994448,999.995296,999.995494,999.995741,999.996052,999.996445,999.996918,999.997489,999.997966,999.998501,999.998969,999.999449,999.999915,1000.000357,1000.000826,1000.001202,1000.001437,1000.001641,1000.001785,1000.001953,1000.002447,1000.003337,1000.003543,1000.003394,1000.003117,1000.004271,1000.004725,1000.003910,0.000000,0.000000,0.000000,0.000000,0.000000,0.000000,0.000000,0.000000,0.000000,0.000000,0.000000,0.000000,0.000000,0.000000,0.000000,0.000000,0.000000,0.000000,0.000000,0.000000,0.000000,0.000000,0.000000,0.000000,0.000000,0.000000,0.000000,0.000000,0.000000,0.000000,0.000000,0.000000,0.000000,0.000000
0.000000,0.000000,0.000000,0.000000,0.000000,0.000000,0.000000,0.000000,0.000000,0.000000,0.000000,0.000000,0.000000,0.000000,0.000000,0.000000,0.000000,0.000000,0.000000,0.000000,0.000000,0.000000,0.000000,0.000000,0.000000,0.000000,0.000000,0.000000,0.000000,0.000000,0.000000,0.000000,999.991001,999.989535,999.991382,999.991258,999.991874,999.992334,999.992556,999.992989,999.993489,999.994185,999.994716,999.995308,999.995692,999.996041,999.996475,999.996936,999.997426,999.997925,999.998427,999.998912,999.999350,999.999796,1000.000253,1000.000660,1000.001002,1000.001336,1000.001563,1000.001827,1000.002217,1000.002507,1000.002937,1000.003205,1000.003429,1000.003527,1000.003719,1000.004038,1000.003937,1000.004795,1000.004055,0.000000,0.000000,0.000000,0.000000,0.000000,0.000000,0.000000,0.000000,0.000000,0.000000,0.000000,0.000000,0.000000,0.000000,0.000000,0.000000,0.000000,0.000000,0.000000,0.000000,0.000000,0.000000,0.000000,0.000000,0.000000,0.000000,0.000000,0.000000,0.000000,0.000000,0.000000,0.000000
0.000000,0.000000,0.000000,0.000000,0.000000,0.000000,0.000000,0.000000,0.000000,0.000000,0.000000,0.000000,0.000000,0.000000,0.000000,0.000000,0.000000,0.000000,0.000000,0.000000,0.000000,0.000000,0.000000,0.000000,0.000000,0.000000,0.000000,0.000000,0.000000,0.000000,999.989460,999.988061,999.990262,999.990819,999.991101,999.991217,999.991694,999.992047,999.992583,999.993024,999.993511,999.994030,999.994572,999.995114,999.995570,999.996010,999.996459,999.996911,999.997382,999.997888,999.998356,999.998827,999.999259,999.999724,1000.000162,1000.000514,1000.000862,1000.001271,1000.001569,1000.001844,1000.002161,1000.002478,1000.002793,1000.003062,1000.003274,1000.003570,1000.003728,1000.003923,1000.003963,1000.004110,1000.004354,1000.005253,1000.004680,0.000000,0.000000,0.000000,0.000000,0.000000,0.000000,0.000000,0.000000,0.000000,0.000000,0.000000,0.000000,0.000000,0.000000,0.000000,0.000000,0.000000,0.000000,0.000000,0.000000,0.000000,0.000000,0.000000,0.000000,0.000000,0.000000,0.000000,0.000000,0.000000,0.000000
0.000000,0.000000,0.000000,0.000000,0.000000,0.000000,0.000000,0.000000,0.000000,0.000000,0.000000,0.000000,0.000000,0.000000,0.000000,0.000000,0.000000,0.000000,0.000000,0.000000,0.000000,0.000000,0.000000,0.000000,0.000000,0.000000,0.000000,0.000000,999.987949,999.986667,999.988878,999.989573,999.989958,999.990363,999.990650,999.991161,999.991616,999.992040,999.992480,999.992951,999.993440,999.993958,999.994482,999.994968,999.995462,999.995951,999.996391,999.996844,999.997346,999.997835,999.998271,999.998759,999.999226,999.999658,1000.000049,1000.000438,1000.000835,1000.001136,1000.001484,1000.001791,1000.002117,1000.002444,1000.002730,1000.003023,1000.003242,1000.003482,1000.003673,1000.003866,1000.004108,1000.004216,1000.004389,1000.004559,1000.004805,1000.005736,1000.005112,0.000000,0.000000,0.000000,0.000000,0.000000,0.000000,0.000000,0.000000,0.000000,0.000000,0.000000,0.000000,0.000000,0.000000,0.000000,0.000000,0.000000,0.000000,0.000000,0.000000,0.000000,0.000000,0.000000,0.000000,0.000000,0.000000,0.000000,0.000000
0.000000,0.000000,0.000000,0.000000,0.000000,0.000000,0.000000,0.000000,0.000000,0.000000,0.000000,0.000000,0.000000,0.000000,0.000000,0.000000,0.000000,0.000000,0.000000,0.000000,0.000000,0.000000,0.000000,0.000000,0.000000,0.000000,999.986574,999.985569,999.987527,999.988247,999.988677,999.989151,999.989563,999.990175,999.990580,999.991045,999.991460,999.991919,999.992389,999.992890,999.993387,999.993885,999.994368,999.994871,999.995364,999.995861,999.996320,999.996841,999.997324,999.997777,999.998244,999.998716,999.999195,999.999586,1000.000005,1000.000414,1000.000808,1000.001132,1000.001460,1000.001807,1000.002090,1000.002421,1000.002685,1000.002942,1000.003208,1000.003442,1000.003641,1000.003863,1000.004055,1000.004212,1000.004458,1000.004657,1000.004800,1000.004972,1000.005251,1000.005990,1000.005576,0.000000,0.000000,0.000000,0.000000,0.000000,0.000000,0.000000,0.000000,0.000000,0.000000,0.000000,0.000000,0.000000,0.000000,0.000000,0.000000,0.000000,0.000000,0.000000,0.000000,0.000000,0.000000,0.000000,0.000000,0.000000,0.000000
0.000000,0.000000,0.000000,0.000000,0.000000,0.000000,0.000000,0.000000,0.000000,0.000000,0.000000,0.000000,0.000000,0.000000,0.000000,0.000000,0.000000,0.000000,0.000000,0.000000,0.000000,0.000000,0.000000,0.000000,999.985692,999.984917,999.986390,999.987011,999.987446,999.987951,999.988363,999.988996,999.989470,999.989940,999.990410,999.990880,999.991354,999.991782,999.992286,999.992788,999.993260,999.993757,999.994263,999.994791,999.995295,999.995764,999.996299,999.996798,999.997248,999.997718,999.998204,999.998659,999.999073,999.999516,999.999936,1000.000355,1000.000697,1000.001082,1000.001440,1000.001785,1000.002062,1000.002384,1000.002665,1000.002920,1000.003183,1000.003441,1000.003647,1000.003835,1000.004083,1000.004239,1000.004442,1000.004636,1000.004894,1000.005012,1000.005225,1000.005344,1000.005547,1000.006081,1000.005776,0.000000,0.000000,0.000000,0.000000,0.000000,0.000000,0.000000,0.000000,0.000000,0.000000,0.000000,0.000000,0.000000,0.000000,0.000000,0.000000,0.000000,0.000000,0.000000,0.000000,0.000000,0.000000,0.000000,0.000000
0.000000,0.000000,0.000000,0.000000,0.000000,0.000000,0.000000,0.000000,0.000000,0.000000,0.000000,0.000000,0.000000,0.000000,0.000000,0.000000,0.000000,0.000000,0.000000,0.000000,0.000000,0.000000,0.000000,999.985963,999.985697,999.986019,999.986424,999.986881,999.987255,999.987849,999.988349,999.988832,999.989308,999.989780,999.990259,999.990729,999.991200,999.991663,999.992171,999.992638,999.993128,999.993683,999.994201,999.994720,999.995206,999.995722,999.996222,999.996723,999.997185,999.997710,999.998201,999.998633,999.999070,999.999543,999.999937,1000.000354,1000.000703,1000.001058,1000.001415,1000.001736,1000.002056,1000.002350,1000.002649,1000.002907,1000.003154,1000.003390,1000.003627,1000.003817,1000.004010,1000.004284,1000.004419,1000.004634,1000.004820,1000.005028,1000.005222,1000.005348,1000.005476,1000.005629,1000.005741,1000.005609,0.000000,0.000000,0.000000,0.000000,0.000000,0.000000,0.000000,0.000000,0.000000,0.000000,0.000000,0.000000,0.000000,0.000000,0.000000,0.000000,0.000000,0.000000,0.000000,0.000000,0.000000,0.000000,0.000000
0.000000,0.000000,0.000000,0.000000,0.000000,0.000000,0.000000,0.000000,0.000000,0.000000,0.000000,0.000000,0.000000,0.000000,0.000000,0.000000,0.000000,0.000000,0.000000,0.000000,0.000000,999.984357,999.983855,999.985527,999.985871,999.986163,999.986372,999.986887,999.987329,999.987772,999.988209,999.988695,999.989163,999.989636,999.990080,999.990563,999.991039,999.991549,999.992027,999.992519,999.993046,999.993587,999.994078,999.994583,999.995119,999.995665,999.996119,999.996682,999.997142,999.997672,999.998124,999.998599,999.999056,999.999520,999.999908,1000.000314,1000.000699,1000.001078,1000.001396,1000.001753,1000.002093,1000.002347,1000.002649,1000.002924,1000.003164,1000.003380,1000.003641,1000.003844,1000.004014,1000.004234,1000.004418,1000.004594,1000.004781,1000.004952,1000.005126,1000.005310,1000.005470,1000.005532,1000.005584,1000.005730,1000.006293,1000.006096,0.000000,0.000000,0.000000,0.000000,0.000000,0.000000,0.000000,0.000000,0.000000,0.000000,0.000000,0.000000,0.000000,0.000000,0.000000,0.000000,0.000000,0.000000,0.000000,0.000000,0.000000
0.000000,0.000000,0.000000,0.000000,0.000000,0.000000,0.000000,0.000000,0.000000,0.000000,0.000000,0.000000,0.000000,0.000000,0.000000,0.000000,0.000000,0.000000,0.000000,0.000000,999.984618,999.984568,999.984921,999.985369,999.985703,999.986105,999.986457,999.986874,999.987231,999.987663,999.988083,999.988548,999.988991,999.989453,999.989914,999.990382,999.990887,999.991362,999.991865,999.992411,999.992927,999.993440,999.993948,999.994501,999.995073,999.995582,999.996105,999.996632,999.997161,999.997633,999.998095,999.998616,999.999083,999.999493,999.999905,1000.000334,1000.000715,1000.001084,1000.001433,1000.001749,1000.002072,1000.002348,1000.002631,1000.002934,1000.003180,1000.003380,1000.003646,1000.003861,1000.004065,1000.004239,1000.004426,1000.004610,1000.004795,1000.004925,1000.005060,1000.005262,1000.005370,1000.005500,1000.005624,1000.005717,1000.005881,1000.005982,1000.005962,0.000000,0.000000,0.000000,0.000000,0.000000,0.000000,0.000000,0.000000,0.000000,0.000000,0.000000,0.000000,0.000000,0.000000,0.000000,0.000000,0.000000,0.000000,0.000000,0.000000
0.000000,0.000000,0.000000,0.000000,0.000000,0.000000,0.000000,0.000000,0.000000,0.000000,0.000000,0.000000,0.000000,0.000000,0.000000,0.000000,0.000000,0.000000,0.000000,999.984368,999.984611,999.984785,999.985139,999.985309,999.985736,999.986083,999.986445,999.986734,999.987152,999.987551,999.987977,999.988391,999.988837,999.989275,999.989732,999.990250,999.990715,999.991188,999.991715,999.992236,999.992776,999.993302,999.993887,999.994438,999.994967,999.995527,999.996059,999.996594,999.997111,999.997628,999.998124,999.998621,999.999049,999.999482,999.999942,1000.000367,1000.000729,1000.001104,1000.001481,1000.001782,1000.002095,1000.002405,1000.002679,1000.002919,1000.003197,1000.003423,1000.003596,1000.003844,1000.004042,1000.004258,1000.004419,1000.004573,1000.004770,1000.004943,1000.005060,1000.005204,1000.005335,1000.005458,1000.005594,1000.005713,1000.005763,1000.005873,1000.005928,1000.005966,0.000000,0.000000,0.000000,0.000000,0.000000,0.000000,0.000000,0.000000,0.000000,0.000000,0.000000,0.000000,0.000000,0.000000,0.000000,0.000000,0.000000,0.000000,0.000000
0.000000,0.000000,0.000000,0.000000,0.000000,0.000000,0.000000,0.000000,0.000000,0.000000,0.000000,0.000000,0.000000,0.000000,0.000000,0.000000,0.000000,0.000000,999.984041,999.984385,999.984657,999.984929,999.985170,999.985398,999.985731,999.986044,999.986355,999.986716,999.987074,999.987423,999.987829,999.988230,999.988643,999.989074,999.989550,999.990016,999.990498,999.991017,999.991570,999.992070,999.992649,999.993196,999.993764,999.994332,999.994877,999.995460,999.996024,999.996572,999.997086,999.997642,999.998149,999.998636,999.999068,999.999567,999.999988,1000.000373,1000.000765,1000.001143,1000.001483,1000.001805,1000.002130,1000.002454,1000.002730,1000.002935,1000.003219,1000.003471,1000.003684,1000.003857,1000.004046,1000.004222,1000.004451,1000.004588,1000.004721,1000.004915,1000.005048,1000.005167,1000.005289,1000.005419,1000.005553,1000.005634,1000.005721,1000.005806,1000.005899,1000.005969,1000.006093,0.000000,0.000000,0.000000,0.000000,0.000000,0.000000,0.000000,0.000000,0.000000,0.000000,0.000000,0.000000,0.000000,0.000000,0.000000,0.000000,0.000000,0.000000
0.000000,0.000000,0.000000,0.000000,0.000000,0.000000,0.000000,0.000000,0.000000,0.000000,0.000000,0.000000,0.000000,0.000000,0.000000,0.000000,0.000000,999.983835,999.984197,999.984462,999.984705,999.984958,999.985186,999.985437,999.985745,999.985995,999.986282,999.986611,999.986920,999.987279,999.987627,999.988039,999.988433,999.988871,999.989340,999.989794,999.990295,999.990813,999.991372,999.991912,999.992477,999.993056,999.993648,999.994229,999.994817,999.995368,999.995985,999.996538,999.997113,999.997630,999.998146,999.998633,999.999148,999.999623,1000.000025,1000.000419,1000.000875,1000.001225,1000.001557,1000.001898,1000.002193,1000.002467,1000.002763,1000.003001,1000.003252,1000.003467,1000.003701,1000.003901,1000.004083,1000.004242,1000.004412,1000.004602,1000.004734,1000.004878,1000.004998,1000.005153,1000.005278,1000.005347,1000.005496,1000.005577,1000.005677,1000.005741,1000.005827,1000.005916,1000.006012,1000.006073,0.000000,0.000000,0.000000,0.000000,0.000000,0.000000,0.000000,0.000000,0.000000,0.000000,0.000000,0.000000,0.000000,0.000000,0.000000,0.000000,0.000000
0.000000,0.000000,0.000000,0.000000,0.000000,0.000000,0.000000,0.000000,0.000000,0.000000,0.000000,0.000000,0.000000,0.000000,0.000000,0.000000,999.983772,999.984072,999.984312,999.984552,999.984770,999.985014,999.985221,999.985479,999.985714,999.985923,999.986199,999.986498,999.986790,999.987110,999.987470,999.987822,999.988217,999.988646,999.989096,999.989564,999.990062,999.990589,999.991139,999.991714,999.992293,999.992914,999.993523,999.994128,999.994746,999.995366,999.995965,999.996548,999.997126,999.997673,999.998202,999.998714,999.999222,999.999671,1000.000098,1000.000510,1000.000911,1000.001264,1000.001632,1000.001962,1000.002281,1000.002528,1000.002821,1000.003076,1000.003312,1000.003513,1000.003713,1000.003945,1000.004131,1000.004297,1000.004445,1000.004593,1000.004732,1000.004884,1000.004992,1000.005113,1000.005250,1000.005340,1000.005435,1000.005543,1000.005631,1000.005709,1000.005783,1000.005865,1000.005969,1000.006034,1000.006147,0.000000,0.000000,0.000000,0.000000,0.000000,0.000000,0.000000,0.000000,0.000000,0.000000,0.000000,0.000000,0.000000,0.000000,0.000000,0.000000
0.000000,0.000000,0.000000,0.000000,0.000000,0.000000,0.000000,0.000000,0.000000,0.000000,0.000000,0.000000,0.000000,0.000000,0.000000,999.983835,999.984072,999.984273,999.984460,999.984679,999.984871,999.985070,999.985259,999.985435,999.985640,999.985837,999.986123,999.986359,999.986610,999.986922,999.987242,999.987566,999.987969,999.988379,999.988808,999.989288,999.989835,999.990352,999.990929,999.991502,999.992134,999.992732,999.993374,999.994020,999.994709,999.995323,999.995964,999.996544,999.997143,999.997714,999.998275,999.998795,999.999284,999.999746,1000.000239,1000.000661,1000.001015,1000.001389,1000.001726,1000.002057,1000.002365,1000.002640,1000.002905,1000.003138,1000.003370,1000.003599,1000.003763,1000.003963,1000.004127,1000.004312,1000.004433,1000.004617,1000.004725,1000.004878,1000.005018,1000.005092,1000.005209,1000.005288,1000.005409,1000.005471,1000.005573,1000.005657,1000.005725,1000.005801,1000.005874,1000.005964,1000.006022,1000.006087,0.000000,0.000000,0.000000,0.000000,0.000000,0.000000,0.000000,0.000000,0.000000,0.000000,0.000000,0.000000,0.000000,0.000000,0.000000
0.000000,0.000000,0.000000,0.000000,0.000000,0.000000,0.000000,0.000000,0.000000,0.000000,0.000000,0.000000,0.000000,0.000000,999.984041,999.984197,999.984312,999.984460,999.984626,999.984781,999.984928,999.985102,999.985251,999.985421,999.985611,999.985779,999.986012,999.986164,999.986429,999.986699,999.986985,999.987299,999.987687,999.988069,999.988487,999.988999,999.989504,999.990052,999.990656,999.991282,999.991924,999.992584,999.993266,999.993931,999.994632,999.995274,999.995946,999.996568,999.997197,999.997801,999.998365,999.998908,999.999385,999.999846,1000.000312,1000.000732,1000.001136,1000.001524,1000.001865,1000.002163,1000.002443,1000.002748,1000.003008,1000.003231,1000.003432,1000.003672,1000.003853,1000.004008,1000.004175,1000.004347,1000.004492,1000.004616,1000.004751,1000.004840,1000.004973,1000.005079,1000.005200,1000.005284,1000.005370,1000.005457,1000.005524,1000.005591,1000.005669,1000.005733,1000.005820,1000.005858,1000.005940,1000.005989,1000.006071,0.000000,0.000000,0.000000,0.000000,0.000000,0.000000,0.000000,0.000000,0.000000,0.000000,0.000000,0.000000,0.000000,0.000000
0.000000,0.000000,0.000000,0.000000,0.000000,0.000000,0.000000,0.000000,0.000000,0.000000,0.000000,0.000000,0.000000,999.984368,999.984385,999.984462,999.984552,999.984679,999.984781,999.984907,999.985069,999.985171,999.985281,999.985403,999.985529,999.985684,999.985813,999.985991,999.986205,999.986440,999.986687,999.987001,999.987343,999.987717,999.988185,999.988667,999.989165,999.989746,999.990369,999.991017,999.991703,999.992426,999.993133,999.993851,999.994539,999.995248,999.995943,999.996625,999.997280,999.997884,999.998478,999.999028,999.999573,1000.000055,1000.000501,1000.000911,1000.001294,1000.001660,1000.001990,1000.002314,1000.002573,1000.002835,1000.003099,1000.003335,1000.003531,1000.003727,1000.003904,1000.004086,1000.004246,1000.004379,1000.004513,1000.004644,1000.004769,1000.004866,1000.004966,1000.005053,1000.005160,1000.005240,1000.005309,1000.005386,1000.005484,1000.005554,1000.005624,1000.005678,1000.005748,1000.005806,1000.005845,1000.005915,1000.005943,1000.005948,0.000000,0.000000,0.000000,0.000000,0.000000,0.000000,0.000000,0.000000,0.000000,0.000000,0.000000,0.000000,0.000000
0.000000,0.000000,0.000000,0.000000,0.000000,0.000000,0.000000,0.000000,0.000000,0.000000,0.000000,0.000000,999.984618,999.984611,999.984657,999.984705,999.984770,999.984871,999.984928,999.985069,999.985108,999.985130,999.985241,999.985320,999.985446,999.985537,999.985655,999.985808,999.985981,999.986153,999.986374,999.986674,999.986958,999.987350,999.987774,999.988258,999.988785,999.989409,999.990034,999.990726,999.991457,999.992203,999.992982,999.993743,999.994522,999.995273,999.996032,999.996733,999.997395,999.998018,999.998619,999.999152,999.999693,1000.000184,1000.000665,1000.001084,1000.001485,1000.001820,1000.002131,1000.002478,1000.002780,1000.002996,1000.003211,1000.003458,1000.003652,1000.003834,1000.003997,1000.004145,1000.004296,1000.004434,1000.004552,1000.004663,1000.004785,1000.004856,1000.004988,1000.005032,1000.005139,1000.005231,1000.005290,1000.005364,1000.005410,1000.005473,1000.005547,1000.005614,1000.005643,1000.005737,1000.005770,1000.005794,1000.005850,1000.005900,1000.005939,0.000000,0.000000,0.000000,0.000000,0.000000,0.000000,0.000000,0.000000,0.000000,0.000000,0.000000,0.000000
0.000000,0.000000,0.000000,0.000000,0.000000,0.000000,0.000000,0.000000,0.000000,0.000000,0.000000,999.984357,999.984568,999.984785,999.984929,999.984958,999.985014,999.985070,999.985102,999.985171,999.985130,999.985226,999.985338,999.985344,999.985380,999.985406,999.985461,999.985549,999.985665,999.985791,999.986008,999.986231,999.986522,999.986894,999.987295,999.987804,999.988362,999.989004,999.989682,999.990424,999.991184,999.991978,999.992807,999.993638,999.994478,999.995286,999.996059,999.996792,999.997499,999.998203,999.998833,999.999431,999.999962,1000.000456,1000.000873,1000.001291,1000.001683,1000.002029,1000.002353,1000.002629,1000.002917,1000.003167,1000.003364,1000.003573,1000.003759,1000.003938,1000.004095,1000.004239,1000.004350,1000.004476,1000.004601,1000.004693,1000.004804,1000.004877,1000.004976,1000.005068,1000.005078,1000.005180,1000.005263,1000.005313,1000.005394,1000.005426,1000.005467,1000.005550,1000.005574,1000.005649,1000.005711,1000.005741,1000.005754,1000.005832,1000.005905,1000.006019,0.000000,0.000000,0.000000,0.000000,0.000000,0.000000,0.000000,0.000000,0.000000,0.000000,0.000000
0.000000,0.000000,0.000000,0.000000,0.000000,0.000000,0.000000,0.000000,0.000000,0.000000,0.000000,999.983855,999.984921,999.985139,999.985170,999.985186,999.985221,999.985259,999.985251,999.985281,999.985241,999.985338,999.985274,999.985153,999.985210,999.985209,999.985258,999.985299,999.985358,999.985467,999.985606,999.985790,999.986046,999.986397,999.986784,999.987269,999.987843,999.988518,999.989233,999.990048,999.990881,999.991793,999.992697,999.993593,999.994494,999.995356,999.996173,999.996978,999.997720,999.998377,999.999009,999.999607,1000.000159,1000.000686,1000.001130,1000.001548,1000.001912,1000.002286,1000.002579,1000.002842,1000.003069,1000.003331,1000.003549,1000.003731,1000.003874,1000.004059,1000.004178,1000.004340,1000.004449,1000.004542,1000.004640,1000.004732,1000.004819,1000.004890,1000.004961,1000.005056,1000.005119,1000.005154,1000.005197,1000.005262,1000.005323,1000.005385,1000.005413,1000.005483,1000.005503,1000.005536,1000.005602,1000.005672,1000.005693,1000.005732,1000.005836,1000.006181,0.000000,0.000000,0.000000,0.000000,0.000000,0.000000,0.000000,0.000000,0.000000,0.000000,0.000000
0.000000,0.000000,0.000000,0.000000,0.000000,0.000000,0.000000,0.000000,0.000000,0.000000,999.985963,999.985527,999.985369,999.985309,999.985398,999.985437,999.985479,999.985435,999.985421,999.985403,999.985320,999.985344,999.985153,999.985181,999.985251,999.985116,999.985071,999.984995,999.984984,999.984995,999.985080,999.985221,999.985457,999.985779,999.986158,999.986673,999.987286,999.987977,999.988757,999.989650,999.990559,999.991541,999.992504,999.993494,999.994466,999.995399,999.996293,999.997152,999.997976,999.998698,999.999374,999.999962,1000.000489,1000.000959,1000.001429,1000.001836,1000.002201,1000.002516,1000.002820,1000.003084,1000.003326,1000.003529,1000.003726,1000.003906,1000.004052,1000.004194,1000.004289,1000.004419,1000.004526,1000.004617,1000.004703,1000.004775,1000.004868,1000.004919,1000.004959,1000.005011,1000.005073,1000.005147,1000.005183,1000.005212,1000.005263,1000.005318,1000.005347,1000.005411,1000.005437,1000.005473,1000.005495,1000.005533,1000.005609,1000.005658,1000.005671,1000.005676,1000.005554,0.000000,0.000000,0.000000,0.000000,0.000000,0.000000,0.000000,0.000000,0.000000,0.000000
0.000000,0.000000,0.000000,0.000000,0.000000,0.000000,0.000000,0.000000,0.000000,999.985692,999.985697,999.985871,999.985703,999.985736,999.985731,999.985745,999.985714,999.985640,999.985611,999.985529,999.985446,999.985380,999.985210,999.985251,999.985026,999.984724,999.984718,999.984620,999.984595,999.984583,999.984608,999.984682,999.984848,999.985083,999.985447,999.985977,999.986565,999.987307,999.988182,999.989150,999.990175,999.991268,999.992367,999.993480,999.994549,999.995593,999.996537,999.997390,999.998187,999.998953,999.999659,1000.000294,1000.000858,1000.001340,1000.001779,1000.002177,1000.002517,1000.002813,1000.003093,1000.003341,1000.003571,1000.003748,1000.003910,1000.004071,1000.004203,1000.004349,1000.004444,1000.004522,1000.004619,1000.004684,1000.004777,1000.004820,1000.004863,1000.004945,1000.004991,1000.005029,1000.005066,1000.005103,1000.005143,1000.005181,1000.005197,1000.005241,1000.005251,1000.005293,1000.005353,1000.005403,1000.005416,1000.005435,1000.005495,1000.005532,1000.005554,1000.005553,1000.005669,1000.005696,0.000000,0.000000,0.000000,0.000000,0.000000,0.000000,0.000000,0.000000,0.000000
0.000000,0.000000,0.000000,0.000000,0.000000,0.000000,0.000000,0.000000,0.000000,999.984917,999.986019,999.986163,999.986105,999.986083,999.986044,999.985995,999.985923,999.985837,999.985779,999.985684,999.985537,999.985406,999.985209,999.985116,999.984724,999.984662,999.984718,999.984411,999.984221,999.984045,999.983909,999.983911,999.984004,999.984221,999.984587,999.985097,999.985761,999.986602,999.987549,999.988606,999.989758,999.990978,999.992213,999.993421,999.994583,999.995726,999.996819,999.997818,999.998685,999.999438,1000.000080,1000.000669,1000.001241,1000.001735,1000.002165,1000.002521,1000.002852,1000.003157,1000.003414,1000.003615,1000.003812,1000.003990,1000.004144,1000.004273,1000.004378,1000.004478,1000.004572,1000.004655,1000.004730,1000.004787,1000.004811,1000.004892,1000.004905,1000.004943,1000.004995,1000.005028,1000.005035,1000.005088,1000.005095,1000.005138,1000.005159,1000.005188,1000.005236,1000.005235,1000.005242,1000.005303,1000.005315,1000.005348,1000.005403,1000.005424,1000.005441,1000.005478,1000.005565,1000.005940,0.000000,0.000000,0.000000,0.000000,0.000000,0.000000,0.000000,0.000000,0.000000
0.000000,0.000000,0.000000,0.000000,0.000000,0.000000,0.000000,0.000000,999.986574,999.986390,999.986424,999.986372,999.986457,999.986445,999.986355,999.986282,999.986199,999.986123,999.986012,999.985813,999.985655,999.985461,999.985258,999.985071,999.984718,999.984718,999.984304,999.983662,999.983582,999.983370,999.983268,999.983253,999.983247,999.983363,999.983642,999.984119,999.984785,999.985655,999.986721,999.987943,999.989317,999.990703,999.992129,999.993552,999.994827,999.996006,999.997087,999.998082,999.999033,999.999880,1000.000614,1000.001218,1000.001757,1000.002208,1000.002596,1000.002944,1000.003246,1000.003524,1000.003736,1000.003951,1000.004113,1000.004255,1000.004387,1000.004493,1000.004586,1000.004661,1000.004718,1000.004764,1000.004821,1000.004872,1000.004893,1000.004929,1000.004983,1000.004963,1000.004993,1000.005025,1000.005018,1000.005052,1000.005071,1000.005071,1000.005092,1000.005094,1000.005113,1000.005170,1000.005160,1000.005182,1000.005231,1000.005239,1000.005267,1000.005286,1000.005327,1000.005415,1000.005444,1000.005464,1000.005489,0.000000,0.000000,0.000000,0.000000,0.000000,0.000000,0.000000,0.000000
0.000000,0.000000,0.000000,0.000000,0.000000,0.000000,0.000000,0.000000,999.985569,999.987011,999.986881,999.986887,999.986874,999.986734,999.986716,999.986611,999.986498,999.986359,999.986164,999.985991,999.985808,999.985549,999.985299,999.984995,999.984620,999.984411,999.983662,999.983466,999.983582,999.982997,999.982641,999.982290,999.982040,999.982076,999.982342,999.982830,999.983588,999.984570,999.985804,999.987205,999.988732,999.990309,999.991904,999.993546,999.995102,999.996517,999.997747,999.998802,999.999649,1000.000420,1000.001154,1000.001766,1000.002276,1000.002717,1000.003088,1000.003433,1000.003700,1000.003921,1000.004112,1000.004282,1000.004430,1000.004543,1000.004622,1000.004708,1000.004781,1000.004845,1000.004900,1000.004920,1000.004935,1000.004967,1000.004974,1000.004960,1000.004996,1000.005007,1000.004998,1000.005016,1000.005003,1000.005003,1000.005016,1000.005015,1000.005044,1000.005035,1000.005032,1000.005050,1000.005077,1000.005055,1000.005116,1000.005123,1000.005124,1000.005182,1000.005192,1000.005215,1000.005286,1000.005300,1000.005813,0.000000,0.000000,0.000000,0.000000,0.000000,0.000000,0.000000,0.000000
0.000000,0.000000,0.000000,0.000000,0.000000,0.000000,0.000000,999.987949,999.987527,999.987446,999.987255,999.987329,999.987231,999.987152,999.987074,999.986920,999.986790,999.986610,999.986429,999.986205,999.985981,999.985665,999.985358,999.984984,999.984595,999.984221,999.983582,999.983582,999.982867,999.981708,999.981439,999.981113,999.980929,999.980971,999.981112,999.981472,999.982145,999.983217,999.984658,999.986306,999.988226,999.990200,999.992045,999.993761,999.995354,999.996818,999.998165,999.999422,1000.000420,1000.001221,1000.001879,1000.002451,1000.002909,1000.003316,1000.003663,1000.003938,1000.004169,1000.004346,1000.004524,1000.004646,1000.004753,1000.004848,1000.004921,1000.004970,1000.004994,1000.005031,1000.005048,1000.005070,1000.005061,1000.005064,1000.005084,1000.005053,1000.005025,1000.005016,1000.005009,1000.005001,1000.005002,1000.005001,1000.004956,1000.004943,1000.004965,1000.004965,1000.004950,1000.004963,1000.004977,1000.004980,1000.004993,1000.005002,1000.005018,1000.005049,1000.005083,1000.005074,1000.005164,1000.005159,1000.005183,1000.005049,0.000000,0.000000,0.000000,0.000000,0.000000,0.000000,0.000000
0.000000,0.000000,0.000000,0.000000,0.000000,0.000000,0.000000,999.986667,999.988247,999.987951,999.987849,999.987772,999.987663,999.987551,999.987423,999.987279,999.987110,999.986922,999.986699,999.986440,999.986153,999.985791,999.985467,999.984995,999.984583,999.984045,999.983370,999.982997,999.981708,999.981163,999.981342,999.980489,999.979790,999.979366,999.979070,999.979340,999.980299,999.981571,999.983238,999.985191,999.987320,999.989723,999.992093,999.994288,999.996245,999.997843,999.999084,1000.000175,1000.001169,1000.002002,1000.002644,1000.003185,1000.003610,1000.003985,1000.004264,1000.004489,1000.004671,1000.004840,1000.004962,1000.005046,1000.005112,1000.005156,1000.005214,1000.005223,1000.005236,1000.005216,1000.005226,1000.005210,1000.005192,1000.005143,1000.005132,1000.005118,1000.005102,1000.005049,1000.005016,1000.004973,1000.004942,1000.004960,1000.004942,1000.004896,1000.004883,1000.004863,1000.004861,1000.004856,1000.004857,1000.004834,1000.004880,1000.004875,1000.004867,1000.004890,1000.004921,1000.004918,1000.004963,1000.004958,1000.004940,1000.005565,0.000000,0.000000,0.000000,0.000000,0.000000,0.000000,0.000000
0.000000,0.000000,0.000000,0.000000,0.000000,0.000000,999.989460,999.988878,999.988677,999.988363,999.988349,999.988209,999.988083,999.987977,999.987829,999.987627,999.987470,999.987242,999.986985,999.986687,999.986374,999.986008,999.985606,999.985080,999.984608,999.983909,999.983268,999.982641,999.981439,999.981342,999.980333,999.978262,999.977590,999.977107,999.976926,999.977443,999.978126,999.979385,999.981472,999.984014,999.986760,999.989539,999.992151,999.994548,999.996720,999.998717,1000.000279,1000.001393,1000.002278,1000.003016,1000.003592,1000.004054,1000.004415,1000.004707,1000.004926,1000.005105,1000.005252,1000.005353,1000.005420,1000.005471,1000.005504,1000.005513,1000.005510,1000.005505,1000.005480,1000.005455,1000.005389,1000.005365,1000.005331,1000.005279,1000.005213,1000.005147,1000.005118,1000.005087,1000.005040,1000.004994,1000.004929,1000.004875,1000.004866,1000.004834,1000.004823,1000.004770,1000.004775,1000.004750,1000.004740,1000.004728,1000.004719,1000.004738,1000.004746,1000.004723,1000.004791,1000.004763,1000.004777,1000.004821,1000.004765,1000.004782,1000.004628,0.000000,0.000000,0.000000,0.000000,0.000000,0.000000
0.000000,0.000000,0.000000,0.000000,0.000000,0.000000,999.988061,999.989573,999.989151,999.988996,999.988832,999.988695,999.988548,999.988391,999.988230,999.988039,999.987822,999.987566,999.987299,999.987001,999.986674,999.986231,999.985790,999.985221,999.984682,999.983911,999.983253,999.982290,999.981113,999.980489,999.978262,999.976860,999.976994,999.975847,999.974839,999.974453,999.975002,999.976624,999.979100,999.982521,999.986110,999.989717,999.993183,999.996026,999.998118,999.999893,1000.001408,1000.002611,1000.003480,1000.004134,1000.004619,1000.005014,1000.005286,1000.005484,1000.005637,1000.005759,1000.005832,1000.005880,1000.005886,1000.005903,1000.005902,1000.005864,1000.005818,1000.005776,1000.005725,1000.005680,1000.005598,1000.005522,1000.005457,1000.005387,1000.005325,1000.005239,1000.005140,1000.005066,1000.005018,1000.004974,1000.004916,1000.004849,1000.004792,1000.004753,1000.004726,1000.004679,1000.004650,1000.004644,1000.004617,1000.004612,1000.004596,1000.004577,1000.004599,1000.004595,1000.004600,1000.004604,1000.004606,1000.004619,1000.004620,1000.004507,1000.005135,0.000000,0.000000,0.000000,0.000000,0.000000,0.000000
0.000000,0.000000,0.000000,0.000000,0.000000,999.991001,999.990262,999.989958,999.989563,999.989470,999.989308,999.989163,999.988991,999.988837,999.988643,999.988433,999.988217,999.987969,999.987687,999.987343,999.986958,999.986522,999.986046,999.985457,999.984848,999.984004,999.983247,999.982040,999.980929,999.979790,999.977590,999.976994,999.975578,999.971962,999.970366,999.970114,999.970437,999.972528,999.975838,999.979906,999.984757,999.989498,999.993649,999.997357,1000.000142,1000.001946,1000.003243,1000.004207,1000.004922,1000.005425,1000.005792,1000.006047,1000.006232,1000.006342,1000.006428,1000.006454,1000.006456,1000.006440,1000.006431,1000.006365,1000.006309,1000.006244,1000.006168,1000.006082,1000.005974,1000.005893,1000.005799,1000.005685,1000.005594,1000.005470,1000.005390,1000.005310,1000.005219,1000.005120,1000.005014,1000.004934,1000.004876,1000.004811,1000.004734,1000.004673,1000.004626,1000.004594,1000.004524,1000.004504,1000.004492,1000.004476,1000.004442,1000.004434,1000.004443,1000.004426,1000.004445,1000.004409,1000.004452,1000.004433,1000.004454,1000.004390,1000.004316,1000.004070,0.000000,0.000000,0.000000,0.000000,0.000000
0.000000,0.000000,0.000000,0.000000,0.000000,999.989535,999.990819,999.990363,999.990175,999.989940,999.989780,999.989636,999.989453,999.989275,999.989074,999.988871,999.988646,999.988379,999.988069,999.987717,999.987350,999.986894,999.986397,999.985779,999.985083,999.984221,999.983363,999.982076,999.980971,999.979366,999.977107,999.975847,999.971962,999.968486,999.967590,999.965856,999.966177,999.968672,999.972753,999.978946,999.985282,999.990984,999.995804,999.999421,1000.002200,1000.004090,1000.005301,1000.006060,1000.006552,1000.006878,1000.007071,1000.007174,1000.007231,1000.007238,1000.007225,1000.007174,1000.007119,1000.007028,1000.006950,1000.006853,1000.006730,1000.006617,1000.006504,1000.006395,1000.006252,1000.006115,1000.005996,1000.005854,1000.005737,1000.005609,1000.005451,1000.005350,1000.005218,1000.005132,1000.005021,1000.004906,1000.004809,1000.004743,1000.004671,1000.004592,1000.004527,1000.004479,1000.004436,1000.004376,1000.004349,1000.004306,1000.004321,1000.004283,1000.004263,1000.004246,1000.004271,1000.004260,1000.004265,1000.004261,1000.004215,1000.004235,1000.004121,1000.004687,0.000000,0.000000,0.000000,0.000000,0.000000
0.000000,0.000000,0.000000,0.000000,999.991678,999.991382,999.991101,999.990650,999.990580,999.990410,999.990259,999.990080,999.989914,999.989732,999.989550,999.989340,999.989096,999.988808,999.988487,999.988185,999.987774,999.987295,999.986784,999.986158,999.985447,999.984587,999.983642,999.982342,999.981112,999.979070,999.976926,999.974839,999.970366,999.967590,999.964029,999.958583,999.956472,999.958205,999.964737,999.974018,999.984142,999.993553,999.999955,1000.003540,1000.005678,1000.006962,1000.007737,1000.008158,1000.008364,1000.008432,1000.008427,1000.008371,1000.008275,1000.008175,1000.008038,1000.007911,1000.007785,1000.007629,1000.007475,1000.007328,1000.007187,1000.007011,1000.006839,1000.006695,1000.006525,1000.006352,1000.006189,1000.006029,1000.005849,1000.005718,1000.005560,1000.005400,1000.005259,1000.005123,1000.005005,1000.004892,1000.004774,1000.004651,1000.004565,1000.004487,1000.004414,1000.004346,1000.004299,1000.004250,1000.004198,1000.004138,1000.004140,1000.004137,1000.004089,1000.004069,1000.004102,1000.004083,1000.004061,1000.004082,1000.004080,1000.004108,1000.003982,1000.003956,1000.003907,0.000000,0.000000,0.000000,0.000000
0.000000,0.000000,0.000000,0.000000,999.990055,999.991258,999.991217,999.991161,999.991045,999.990880,999.990729,999.990563,999.990382,999.990250,999.990016,999.989794,999.989564,999.989288,999.988999,999.988667,999.988258,999.987804,999.987269,999.986673,999.985977,999.985097,999.984119,999.982830,999.981472,999.979340,999.977443,999.974453,999.970114,999.965856,999.958583,999.947222,999.941573,999.947144,999.957359,999.970548,999.986219,999.998185,1000.004707,1000.008438,1000.009893,1000.010406,1000.010539,1000.010454,1000.010295,1000.010065,1000.009836,1000.009584,1000.009360,1000.009120,1000.008893,1000.008668,1000.008461,1000.008249,1000.008039,1000.007824,1000.007630,1000.007428,1000.007194,1000.006995,1000.006802,1000.006596,1000.006391,1000.006205,1000.005995,1000.005807,1000.005633,1000.005460,1000.005287,1000.005128,1000.004956,1000.004843,1000.004719,1000.004589,1000.004502,1000.004398,1000.004286,1000.004206,1000.004139,1000.004110,1000.004052,1000.003996,1000.003980,1000.003931,1000.003925,1000.003905,1000.003901,1000.003895,1000.003874,1000.003905,1000.003899,1000.003890,1000.003950,1000.004033,1000.004614,0.000000,0.000000,0.000000,0.000000
