0.000000,0.000000,0.000000,0.000000,0.000000,0.000000,0.000000,0.000000,0.000000,0.000000,0.000000,0.000000,0.000000,0.000000,0.000000,0.000000,0.000000,0.000000,0.000000,0.000000,0.000000,0.000000,0.000000,0.000000,0.000000,0.000000,0.000000,0.000000,0.000000,0.000000,0.000000,0.000000,0.000000,0.000000,0.000000,0.000000,0.000000,0.000000,0.000000,0.000000,0.000000,0.000000,0.000000,0.000000,0.000000,0.000000,0.000000,0.000000,0.000000,0.000000,0.000000,0.000000,0.000000,0.000000,0.000000,0.000000,0.000000,0.000000,0.000000,0.000000,0.000000,0.000000,0.000000,0.000000,0.000000,0.000000,0.000000,0.000000,0.000000,0.000000,0.000000,0.000000,0.000000,0.000000,0.000000,0.000000,0.000000,0.000000,0.000000,0.000000,0.000000,0.000000,0.000000,0.000000,0.000000,0.000000,0.000000,0.000000,0.000000,0.000000,0.000000,0.000000,0.000000,0.000000,0.000000,0.000000,0.000000,0.000000,0.000000,0.000000,0.000000,0.000000,0.000000
0.000000,0.000000,0.000000,0.000000,0.000000,0.000000,0.000000,0.000000,0.000000,0.000000,0.000000,0.000000,0.000000,0.000000,0.000000,0.000000,0.000000,0.000000,0.000000,0.000000,0.000000,0.000000,0.000000,0.000000,0.000000,0.000000,0.000000,0.000000,0.000000,0.000000,0.000000,0.000000,0.000000,0.000000,0.000000,0.000000,0.000000,0.000000,0.000000,0.000000,0.000000,0.000000,0.000000,0.000000,0.000000,0.000000,0.000000,0.000000,0.000000,0.000000,0.000000,999.998744,0.000000,0.000000,0.000000,0.000000,0.000000,0.000000,0.000000,0.000000,0.000000,0.000000,0.000000,0.000000,0.000000,0.000000,0.000000,0.000000,0.000000,0.000000,0.000000,0.000000,0.000000,0.000000,0.000000,0.000000,0.000000,0.000000,0.000000,0.000000,0.000000,0.000000,0.000000,0.000000,0.000000,0.000000,0.000000,0.000000,0.000000,0.000000,0.000000,0.000000,0.000000,0.000000,0.000000,0.000000,0.000000,0.000000,0.000000,0.000000,0.000000,0.000000,0.000000
0.000000,0.000000,0.000000,0.000000,0.000000,0.000000,0.000000,0.000000,0.000000,0.000000,0.000000,0.000000,0.000000,0.000000,0.000000,0.000000,0.000000,0.000000,0.000000,0.000000,0.000000,0.000000,0.000000,0.000000,0.000000,0.000000,0.000000,0.000000,0.000000,0.000000,0.000000,0.000000,0.000000,0.000000,0.000000,0.000000,0.000000,0.000000,0.000000,0.000000,0.000000,0.000000,999.997008,999.994707,999.994739,999.995212,999.995791,999.996315,999.996960,999.997871,999.998613,999.998732,999.998836,999.999561,1000.000324,1000.000842,1000.001225,1000.001556,1000.001861,1000.001806,1000.000190,0.000000,0.000000,0.000000,0.000000,0.000000,0.000000,0.000000,0.000000,0.000000,0.000000,0.000000,0.000000,0.000000,0.000000,0.000000,0.000000,0.000000,0.000000,0.000000,0.000000,0.000000,0.000000,0.000000,0.000000,0.000000,0.000000,0.000000,0.000000,0.000000,0.000000,0.000000,0.000000,0.000000,0.000000,0.000000,0.000000,0.000000,0.000000,0.000000,0.000000,0.000000,0.000000
0.000000,0.000000,0.000000,0.000000,0.000000,0.000000,0.000000,0.000000,0.000000,0.000000,0.000000,0.000000,0.000000,0.000000,0.000000,0.000000,0.000000,0.000000,0.000000,0.000000,0.000000,0.000000,0.000000,0.000000,0.000000,0.000000,0.000000,0.000000,0.000000,0.000000,0.000000,0.000000,0.000000,0.000000,0.000000,0.000000,0.000000,999.993496,999.991292,999.991171,999.992219,999.993974,999.996303,999.995755,999.995352,999.995520,999.995960,999.996482,999.997024,999.997612,999.998450,999.998623,999.998805,999.999604,1000.000105,1000.000518,1000.000895,1000.001217,1000.001292,1000.001026,1000.000642,1000.002188,1000.003161,1000.003737,1000.003523,1000.002245,0.000000,0.000000,0.000000,0.000000,0.000000,0.000000,0.000000,0.000000,0.000000,0.000000,0.000000,0.000000,0.000000,0.000000,0.000000,0.000000,0.000000,0.000000,0.000000,0.000000,0.000000,0.000000,0.000000,0.000000,0.000000,0.000000,0.000000,0.000000,0.000000,0.000000,0.000000,0.000000,0.000000,0.000000,0.000000,0.000000,0.000000
0.000000,0.000000,0.000000,0.000000,0.000000,0.000000,0.000000,0.000000,0.000000,0.000000,0.000000,0.000000,0.000000,0.000000,0.000000,0.000000,0.000000,0.000000,0.000000,0.000000,0.000000,0.000000,0.000000,0.000000,0.000000,0.000000,0.000000,0.000000,0.000000,0.000000,0.000000,0.000000,0.000000,0.000000,999.991427,999.989791,999.990735,999.992948,999.992552,999.992323,999.992696,999.994157,999.994949,999.995160,999.995397,999.995709,999.996038,999.996546,999.997065,999.997569,999.998100,999.998567,999.998983,999.999478,999.999888,1000.000325,1000.000661,1000.000942,1000.001129,1000.001260,1000.001376,1000.001877,1000.002726,1000.002926,1000.002764,1000.002522,1000.003645,1000.004057,1000.003235,0.000000,0.000000,0.000000,0.000000,0.000000,0.000000,0.000000,0.000000,0.000000,0.000000,0.000000,0.000000,0.000000,0.000000,0.000000,0.000000,0.000000,0.000000,0.000000,0.000000,0.000000,0.000000,0.000000,0.000000,0.000000,0.000000,0.000000,0.000000,0.000000,0.000000,0.000000,0.000000,0.000000,0.000000
0.000000,0.000000,0.000000,0.000000,0.000000,0.000000,0.000000,0.000000,0.000000,0.000000,0.000000,0.000000,0.000000,0.000000,0.000000,0.000000,0.000000,0.000000,0.000000,0.000000,0.000000,0.000000,0.000000,0.000000,0.000000,0.000000,0.000000,0.000000,0.000000,0.000000,0.000000,0.000000,999.990748,999.989315,999.991129,999.990984,999.991587,999.992079,999.992285,999.992678,999.993177,999.993868,999.994374,999.994963,999.995372,999.995696,999.996085,999.996534,999.997042,999.997511,999.997981,999.998466,999.998930,999.999323,999.999744,1000.000158,1000.000527,1000.000772,1000.001045,1000.001270,1000.001624,1000.001936,1000.002357,1000.002614,1000.002785,1000.002899,1000.003092,1000.003398,1000.003280,1000.004108,1000.003371,0.000000,0.000000,0.000000,0.000000,0.000000,0.000000,0.000000,0.000000,0.000000,0.000000,0.000000,0.000000,0.000000,0.000000,0.000000,0.000000,0.000000,0.000000,0.000000,0.000000,0.000000,0.000000,0.000000,0.000000,0.000000,0.000000,0.000000,0.000000,0.000000,0.000000,0.000000,0.000000
0.000000,0.000000,0.000000,0.000000,0.000000,0.000000,0.000000,0.000000,0.000000,0.000000,0.000000,0.000000,0.000000,0.000000,0.000000,0.000000,0.000000,0.000000,0.000000,0.000000,0.000000,0.000000,0.000000,0.000000,0.000000,0.000000,0.000000,0.000000,0.000000,0.000000,999.989227,999.987856,999.990051,999.990584,999.990847,999.990973,999.991432,999.991807,999.992325,999.992743,999.993238,999.993718,999.994294,999.994809,999.995216,999.995654,999.996102,999.996570,999.997027,999.997472,999.997947,999.998385,999.998837,999.999260,999.999665,1000.000051,1000.000426,1000.000714,1000.001003,1000.001310,1000.001608,1000.001919,1000.002208,1000.002453,1000.002692,1000.002925,1000.003104,1000.003317,1000.003333,1000.003469,1000.003661,1000.004582,1000.003973,0.000000,0.000000,0.000000,0.000000,0.000000,0.000000,0.000000,0.000000,0.000000,0.000000,0.000000,0.000000,0.000000,0.000000,0.000000,0.000000,0.000000,0.000000,0.000000,0.000000,0.000000,0.000000,0.000000,0.000000,0.000000,0.000000,0.000000,0.000000,0.000000,0.000000
0.000000,0.000000,0.000000,0.000000,0.000000,0.000000,0.000000,0.000000,0.000000,0.000000,0.000000,0.000000,0.000000,0.000000,0.000000,0.000000,0.000000,0.000000,0.000000,0.000000,0.000000,0.000000,0.000000,0.000000,0.000000,0.000000,0.000000,0.000000,999.987782,999.986477,999.988686,999.989380,999.989766,999.990117,999.990430,999.990960,999.991395,999.991752,999.992224,999.992675,999.993196,999.993646,999.994170,999.994649,999.995120,999.995585,999.996072,999.996500,999.996969,999.997424,999.997901,999.998318,999.998774,999.999206,999.999613,999.999966,1000.000330,1000.000664,1000.000954,1000.001277,1000.001580,1000.001874,1000.002149,1000.002412,1000.002656,1000.002867,1000.003038,1000.003210,1000.003446,1000.003563,1000.003731,1000.003858,1000.004140,1000.005019,1000.004421,0.000000,0.000000,0.000000,0.000000,0.000000,0.000000,0.000000,0.000000,0.000000,0.000000,0.000000,0.000000,0.000000,0.000000,0.000000,0.000000,0.000000,0.000000,0.000000,0.000000,0.000000,0.000000,0.000000,0.000000,0.000000,0.000000,0.000000,0.000000
0.000000,0.000000,0.000000,0.000000,0.000000,0.000000,0.000000,0.000000,0.000000,0.000000,0.000000,0.000000,0.000000,0.000000,0.000000,0.000000,0.000000,0.000000,0.000000,0.000000,0.000000,0.000000,0.000000,0.000000,0.000000,0.000000,999.986381,999.985388,999.987335,999.988066,999.988505,999.988955,999.989353,999.989929,999.990382,999.990829,999.991221,999.991662,999.992097,999.992618,999.993103,999.993564,999.994075,999.994563,999.995062,999.995531,999.996015,999.996439,999.996901,999.997432,999.997847,999.998304,999.998743,999.999133,999.999544,999.999922,1000.000276,1000.000633,1000.000957,1000.001235,1000.001553,1000.001841,1000.002105,1000.002356,1000.002601,1000.002834,1000.003035,1000.003200,1000.003399,1000.003541,1000.003835,1000.003956,1000.004148,1000.004278,1000.004558,1000.005279,1000.004867,0.000000,0.000000,0.000000,0.000000,0.000000,0.000000,0.000000,0.000000,0.000000,0.000000,0.000000,0.000000,0.000000,0.000000,0.000000,0.000000,0.000000,0.000000,0.000000,0.000000,0.000000,0.000000,0.000000,0.000000,0.000000,0.000000
0.000000,0.000000,0.000000,0.000000,0.000000,0.000000,0.000000,0.000000,0.000000,0.000000,0.000000,0.000000,0.000000,0.000000,0.000000,0.000000,0.000000,0.000000,0.000000,0.000000,0.000000,0.000000,0.000000,0.000000,999.985521,999.984743,999.986196,999.986855,999.987264,999.987770,999.988157,999.988788,999.989275,999.989760,999.990214,999.990643,999.991095,999.991581,999.992062,999.992535,999.992989,999.993492,999.994008,999.994489,999.994974,999.995461,999.995921,999.996448,999.996893,999.997374,999.997802,999.998267,999.998700,999.999117,999.999497,999.999888,1000.000235,1000.000598,1000.000927,1000.001260,1000.001536,1000.001824,1000.002106,1000.002348,1000.002588,1000.002804,1000.003016,1000.003247,1000.003423,1000.003589,1000.003762,1000.003952,1000.004207,1000.004341,1000.004501,1000.004663,1000.004858,1000.005369,1000.005057,0.000000,0.000000,0.000000,0.000000,0.000000,0.000000,0.000000,0.000000,0.000000,0.000000,0.000000,0.000000,0.000000,0.000000,0.000000,0.000000,0.000000,0.000000,0.000000,0.000000,0.000000,0.000000,0.000000,0.000000
0.000000,0.000000,0.000000,0.000000,0.000000,0.000000,0.000000,0.000000,0.000000,0.000000,0.000000,0.000000,0.000000,0.000000,0.000000,0.000000,0.000000,0.000000,0.000000,0.000000,0.000000,0.000000,0.000000,999.985808,999.985502,999.985838,999.986282,999.986749,999.987094,999.987692,999.988176,999.988659,999.989118,999.989578,999.990034,999.990501,999.990964,999.991477,999.991935,999.992395,999.992879,999.993426,999.993919,999.994407,999.994913,999.995417,999.995899,999.996402,999.996865,999.997327,999.997777,999.998251,999.998661,999.999104,999.999520,999.999895,1000.000248,1000.000587,1000.000923,1000.001250,1000.001534,1000.001794,1000.002093,1000.002352,1000.002596,1000.002798,1000.002996,1000.003205,1000.003418,1000.003615,1000.003788,1000.003964,1000.004127,1000.004341,1000.004522,1000.004645,1000.004788,1000.004924,1000.005015,1000.004875,0.000000,0.000000,0.000000,0.000000,0.000000,0.000000,0.000000,0.000000,0.000000,0.000000,0.000000,0.000000,0.000000,0.000000,0.000000,0.000000,0.000000,0.000000,0.000000,0.000000,0.000000,0.000000,0.000000
0.000000,0.000000,0.000000,0.000000,0.000000,0.000000,0.000000,0.000000,0.000000,0.000000,0.000000,0.000000,0.000000,0.000000,0.000000,0.000000,0.000000,0.000000,0.000000,0.000000,0.000000,999.984173,999.983710,999.985366,999.985728,999.986050,999.986251,999.986703,999.987130,999.987599,999.988046,999.988506,999.988966,999.989419,999.989908,999.990369,999.990852,999.991293,999.991783,999.992282,999.992804,999.993324,999.993795,999.994315,999.994840,999.995368,999.995834,999.996336,999.996812,999.997341,999.997786,999.998245,999.998646,999.999083,999.999481,999.999897,1000.000249,1000.000598,1000.000932,1000.001245,1000.001571,1000.001832,1000.002122,1000.002338,1000.002581,1000.002809,1000.003057,1000.003178,1000.003405,1000.003582,1000.003779,1000.003964,1000.004112,1000.004298,1000.004451,1000.004609,1000.004748,1000.004825,1000.004892,1000.005020,1000.005579,1000.005383,0.000000,0.000000,0.000000,0.000000,0.000000,0.000000,0.000000,0.000000,0.000000,0.000000,0.000000,0.000000,0.000000,0.000000,0.000000,0.000000,0.000000,0.000000,0.000000,0.000000,0.000000
0.000000,0.000000,0.000000,0.000000,0.000000,0.000000,0.000000,0.000000,0.000000,0.000000,0.000000,0.000000,0.000000,0.000000,0.000000,0.000000,0.000000,0.000000,0.000000,0.000000,999.984490,999.984440,999.984759,999.985211,999.985584,999.985961,999.986281,999.986670,999.987074,999.987510,999.987917,999.988382,999.988826,999.989293,999.989733,999.990199,999.990670,999.991146,999.991660,999.992175,999.992702,999.993187,999.993718,999.994255,999.994775,999.995281,999.995809,999.996336,999.996831,999.997301,999.997767,999.998250,999.998685,999.999121,999.999511,999.999904,1000.000279,1000.000641,1000.000950,1000.001261,1000.001567,1000.001852,1000.002124,1000.002366,1000.002608,1000.002805,1000.003066,1000.003266,1000.003421,1000.003624,1000.003773,1000.003943,1000.004101,1000.004275,1000.004424,1000.004567,1000.004679,1000.004792,1000.004914,1000.005009,1000.005173,1000.005265,1000.005216,0.000000,0.000000,0.000000,0.000000,0.000000,0.000000,0.000000,0.000000,0.000000,0.000000,0.000000,0.000000,0.000000,0.000000,0.000000,0.000000,0.000000,0.000000,0.000000,0.000000
0.000000,0.000000,0.000000,0.000000,0.000000,0.000000,0.000000,0.000000,0.000000,0.000000,0.000000,0.000000,0.000000,0.000000,0.000000,0.000000,0.000000,0.000000,0.000000,999.984215,999.984462,999.984639,999.984980,999.985216,999.985595,999.985930,999.986279,999.986622,999.987036,999.987407,999.987789,999.988233,999.988646,999.989107,999.989543,999.990032,999.990518,999.991020,999.991517,999.992042,999.992542,999.993090,999.993636,999.994200,999.994706,999.995255,999.995776,999.996323,999.996815,999.997291,999.997778,999.998268,999.998732,999.999134,999.999556,999.999941,1000.000317,1000.000679,1000.001019,1000.001333,1000.001624,1000.001890,1000.002151,1000.002406,1000.002672,1000.002860,1000.003032,1000.003266,1000.003458,1000.003627,1000.003795,1000.003973,1000.004113,1000.004247,1000.004389,1000.004546,1000.004642,1000.004776,1000.004893,1000.004993,1000.005055,1000.005174,1000.005212,1000.005297,0.000000,0.000000,0.000000,0.000000,0.000000,0.000000,0.000000,0.000000,0.000000,0.000000,0.000000,0.000000,0.000000,0.000000,0.000000,0.000000,0.000000,0.000000,0.000000
0.000000,0.000000,0.000000,0.000000,0.000000,0.000000,0.000000,0.000000,0.000000,0.000000,0.000000,0.000000,0.000000,0.000000,0.000000,0.000000,0.000000,0.000000,999.983927,999.984259,999.984511,999.984784,999.985051,999.985276,999.985571,999.985899,999.986220,999.986582,999.986896,999.987271,999.987670,999.988075,999.988479,999.988913,999.989366,999.989849,999.990334,999.990834,999.991359,999.991848,999.992422,999.992980,999.993527,999.994081,999.994655,999.995214,999.995753,999.996260,999.996803,999.997331,999.997840,999.998297,999.998745,999.999195,999.999611,1000.000002,1000.000370,1000.000715,1000.001051,1000.001381,1000.001694,1000.001950,1000.002223,1000.002445,1000.002682,1000.002922,1000.003107,1000.003274,1000.003475,1000.003628,1000.003804,1000.003967,1000.004119,1000.004235,1000.004369,1000.004501,1000.004638,1000.004718,1000.004841,1000.004958,1000.005011,1000.005082,1000.005201,1000.005258,1000.005348,0.000000,0.000000,0.000000,0.000000,0.000000,0.000000,0.000000,0.000000,0.000000,0.000000,0.000000,0.000000,0.000000,0.000000,0.000000,0.000000,0.000000,0.000000
0.000000,0.000000,0.000000,0.000000,0.000000,0.000000,0.000000,0.000000,0.000000,0.000000,0.000000,0.000000,0.000000,0.000000,0.000000,0.000000,0.000000,999.983692,999.984058,999.984320,999.984576,999.984839,999.985049,999.985317,999.985580,999.985867,999.986165,999.986456,999.986789,999.987136,999.987504,999.987891,999.988288,999.988717,999.989198,999.989645,999.990120,999.990648,999.991170,999.991722,999.992317,999.992858,999.993430,999.994004,999.994585,999.995169,999.995748,999.996280,999.996832,999.997369,999.997863,999.998351,999.998794,999.999268,999.999684,1000.000086,1000.000469,1000.000836,1000.001148,1000.001436,1000.001748,1000.002029,1000.002290,1000.002521,1000.002724,1000.002949,1000.003159,1000.003344,1000.003504,1000.003679,1000.003842,1000.003964,1000.004129,1000.004250,1000.004375,1000.004481,1000.004606,1000.004714,1000.004789,1000.004908,1000.005010,1000.005051,1000.005133,1000.005228,1000.005297,1000.005419,0.000000,0.000000,0.000000,0.000000,0.000000,0.000000,0.000000,0.000000,0.000000,0.000000,0.000000,0.000000,0.000000,0.000000,0.000000,0.000000,0.000000
0.000000,0.000000,0.000000,0.000000,0.000000,0.000000,0.000000,0.000000,0.000000,0.000000,0.000000,0.000000,0.000000,0.000000,0.000000,0.000000,999.983648,999.983920,999.984186,999.984413,999.984663,999.984867,999.985114,999.985344,999.985578,999.985829,999.986072,999.986353,999.986675,999.986979,999.987313,999.987682,999.988081,999.988522,999.988951,999.989401,999.989906,999.990429,999.990975,999.991557,999.992132,999.992704,999.993329,999.993944,999.994530,999.995140,999.995721,999.996324,999.996887,999.997406,999.997926,999.998428,999.998915,999.999364,999.999774,1000.000165,1000.000539,1000.000923,1000.001251,1000.001540,1000.001839,1000.002103,1000.002359,1000.002606,1000.002819,1000.003009,1000.003222,1000.003391,1000.003563,1000.003701,1000.003877,1000.003979,1000.004137,1000.004257,1000.004385,1000.004462,1000.004586,1000.004670,1000.004764,1000.004857,1000.004930,1000.005030,1000.005102,1000.005180,1000.005300,1000.005360,1000.005415,0.000000,0.000000,0.000000,0.000000,0.000000,0.000000,0.000000,0.000000,0.000000,0.000000,0.000000,0.000000,0.000000,0.000000,0.000000,0.000000
0.000000,0.000000,0.000000,0.000000,0.000000,0.000000,0.000000,0.000000,0.000000,0.000000,0.000000,0.000000,0.000000,0.000000,0.000000,999.983692,999.983920,999.984168,999.984366,999.984544,999.984761,999.984931,999.985127,999.985317,999.985514,999.985730,999.985966,999.986237,999.986493,999.986790,999.987093,999.987474,999.987833,999.988227,999.988657,999.989149,999.989681,999.990192,999.990773,999.991353,999.991948,999.992570,999.993218,999.993851,999.994494,999.995104,999.995715,999.996321,999.996918,999.997455,999.998012,999.998503,999.999020,999.999471,999.999910,1000.000327,1000.000693,1000.001022,1000.001366,1000.001685,1000.001968,1000.002224,1000.002450,1000.002701,1000.002911,1000.003102,1000.003270,1000.003449,1000.003606,1000.003755,1000.003886,1000.004016,1000.004165,1000.004255,1000.004375,1000.004471,1000.004566,1000.004674,1000.004735,1000.004825,1000.004917,1000.004961,1000.005063,1000.005100,1000.005188,1000.005289,1000.005345,1000.005439,0.000000,0.000000,0.000000,0.000000,0.000000,0.000000,0.000000,0.000000,0.000000,0.000000,0.000000,0.000000,0.000000,0.000000,0.000000
0.000000,0.000000,0.000000,0.000000,0.000000,0.000000,0.000000,0.000000,0.000000,0.000000,0.000000,0.000000,0.000000,0.000000,999.983927,999.984058,999.984186,999.984366,999.984483,999.984639,999.984837,999.984962,999.985143,999.985313,999.985475,999.985665,999.985882,999.986088,999.986300,999.986574,999.986894,999.987193,999.987547,999.987957,999.988403,999.988880,999.989384,999.989938,999.990519,999.991133,999.991775,999.992434,999.993112,999.993775,999.994437,999.995103,999.995766,999.996397,999.996995,999.997586,999.998146,999.998658,999.999146,999.999589,1000.000022,1000.000450,1000.000836,1000.001160,1000.001503,1000.001801,1000.002082,1000.002355,1000.002575,1000.002796,1000.003005,1000.003205,1000.003352,1000.003535,1000.003670,1000.003826,1000.003939,1000.004052,1000.004161,1000.004280,1000.004376,1000.004481,1000.004564,1000.004634,1000.004733,1000.004790,1000.004885,1000.004952,1000.005017,1000.005083,1000.005135,1000.005210,1000.005273,1000.005328,1000.005393,0.000000,0.000000,0.000000,0.000000,0.000000,0.000000,0.000000,0.000000,0.000000,0.000000,0.000000,0.000000,0.000000,0.000000
0.000000,0.000000,0.000000,0.000000,0.000000,0.000000,0.000000,0.000000,0.000000,0.000000,0.000000,0.000000,0.000000,999.984215,999.984259,999.984320,999.984413,999.984544,999.984639,999.984796,999.984934,999.985037,999.985177,999.985296,999.985408,999.985551,999.985720,999.985868,999.986097,999.986345,999.986591,999.986879,999.987235,999.987636,999.988061,999.988535,999.989039,999.989652,999.990242,999.990885,999.991575,999.992273,999.992985,999.993692,999.994400,999.995097,999.995788,999.996442,999.997055,999.997694,999.998245,999.998828,999.999329,999.999815,1000.000229,1000.000632,1000.001010,1000.001345,1000.001696,1000.001981,1000.002222,1000.002503,1000.002727,1000.002924,1000.003100,1000.003290,1000.003458,1000.003601,1000.003751,1000.003869,1000.004007,1000.004108,1000.004216,1000.004291,1000.004382,1000.004475,1000.004562,1000.004638,1000.004695,1000.004760,1000.004819,1000.004888,1000.004972,1000.005018,1000.005094,1000.005148,1000.005187,1000.005228,1000.005288,1000.005321,0.000000,0.000000,0.000000,0.000000,0.000000,0.000000,0.000000,0.000000,0.000000,0.000000,0.000000,0.000000,0.000000
0.000000,0.000000,0.000000,0.000000,0.000000,0.000000,0.000000,0.000000,0.000000,0.000000,0.000000,0.000000,999.984490,999.984462,999.984511,999.984576,999.984663,999.984761,999.984837,999.984934,999.984986,999.985047,999.985141,999.985217,999.985327,999.985461,999.985577,999.985711,999.985867,999.986055,999.986277,999.986554,999.986880,999.987241,999.987663,999.988132,999.988701,999.989293,999.989925,999.990614,999.991341,999.992080,999.992839,999.993612,999.994393,999.995141,999.995861,999.996560,999.997220,999.997855,999.998433,999.998966,999.999470,999.999965,1000.000430,1000.000833,1000.001218,1000.001551,1000.001866,1000.002166,1000.002403,1000.002644,1000.002870,1000.003079,1000.003258,1000.003429,1000.003571,1000.003711,1000.003826,1000.003948,1000.004064,1000.004161,1000.004239,1000.004338,1000.004412,1000.004480,1000.004547,1000.004616,1000.004692,1000.004751,1000.004794,1000.004838,1000.004914,1000.004961,1000.005018,1000.005089,1000.005151,1000.005168,1000.005212,1000.005241,1000.005286,0.000000,0.000000,0.000000,0.000000,0.000000,0.000000,0.000000,0.000000,0.000000,0.000000,0.000000,0.000000
0.000000,0.000000,0.000000,0.000000,0.000000,0.000000,0.000000,0.000000,0.000000,0.000000,0.000000,999.984173,999.984440,999.984639,999.984784,999.984839,999.984867,999.984931,999.984962,999.985037,999.985047,999.985121,999.985214,999.985231,999.985275,999.985322,999.985366,999.985431,999.985573,999.985720,999.985897,999.986146,999.986463,999.986780,999.987222,999.987716,999.988294,999.988878,999.989574,999.990336,999.991094,999.991904,999.992721,999.993535,999.994348,999.995162,999.995921,999.996669,999.997375,999.998042,999.998686,999.999259,999.999762,1000.000234,1000.000684,1000.001068,1000.001450,1000.001794,1000.002071,1000.002352,1000.002614,1000.002831,1000.003034,1000.003227,1000.003396,1000.003553,1000.003678,1000.003820,1000.003915,1000.004017,1000.004119,1000.004209,1000.004285,1000.004353,1000.004439,1000.004501,1000.004550,1000.004604,1000.004660,1000.004732,1000.004786,1000.004838,1000.004873,1000.004901,1000.004942,1000.004993,1000.005058,1000.005119,1000.005147,1000.005187,1000.005301,1000.005379,0.000000,0.000000,0.000000,0.000000,0.000000,0.000000,0.000000,0.000000,0.000000,0.000000,0.000000
0.000000,0.000000,0.000000,0.000000,0.000000,0.000000,0.000000,0.000000,0.000000,0.000000,0.000000,999.983710,999.984759,999.984980,999.985051,999.985049,999.985114,999.985127,999.985143,999.985177,999.985141,999.985214,999.985165,999.985054,999.985123,999.985115,999.985143,999.985236,999.985298,999.985379,999.985526,999.985720,999.985971,999.986293,999.986723,999.987208,999.987774,999.988435,999.989166,999.989957,999.990794,999.991683,999.992598,999.993474,999.994388,999.995238,999.996075,999.996861,999.997597,999.998239,999.998866,999.999466,1000.000029,1000.000513,1000.000965,1000.001345,1000.001715,1000.002042,1000.002331,1000.002590,1000.002846,1000.003057,1000.003242,1000.003411,1000.003545,1000.003692,1000.003814,1000.003929,1000.004041,1000.004110,1000.004182,1000.004279,1000.004350,1000.004409,1000.004449,1000.004525,1000.004563,1000.004604,1000.004637,1000.004669,1000.004724,1000.004761,1000.004823,1000.004889,1000.004914,1000.004935,1000.004969,1000.005039,1000.005073,1000.005116,1000.005198,1000.005564,0.000000,0.000000,0.000000,0.000000,0.000000,0.000000,0.000000,0.000000,0.000000,0.000000,0.000000
0.000000,0.000000,0.000000,0.000000,0.000000,0.000000,0.000000,0.000000,0.000000,0.000000,999.985808,999.985366,999.985211,999.985216,999.985276,999.985317,999.985344,999.985317,999.985313,999.985296,999.985217,999.985231,999.985054,999.985101,999.985181,999.985013,999.985017,999.984920,999.984867,999.984920,999.985015,999.985158,999.985371,999.985692,999.986099,999.986589,999.987195,999.987908,999.988693,999.989560,999.990491,999.991441,999.992439,999.993422,999.994396,999.995329,999.996204,999.997072,999.997876,999.998603,999.999258,999.999829,1000.000355,1000.000829,1000.001284,1000.001664,1000.002021,1000.002325,1000.002607,1000.002867,1000.003070,1000.003266,1000.003440,1000.003610,1000.003726,1000.003867,1000.003962,1000.004048,1000.004155,1000.004234,1000.004286,1000.004333,1000.004400,1000.004454,1000.004479,1000.004514,1000.004574,1000.004616,1000.004657,1000.004696,1000.004695,1000.004747,1000.004749,1000.004796,1000.004838,1000.004888,1000.004893,1000.004944,1000.004993,1000.005057,1000.005074,1000.005071,1000.004988,0.000000,0.000000,0.000000,0.000000,0.000000,0.000000,0.000000,0.000000,0.000000,0.000000
0.000000,0.000000,0.000000,0.000000,0.000000,0.000000,0.000000,0.000000,0.000000,999.985521,999.985502,999.985728,999.985584,999.985595,999.985571,999.985580,999.985578,999.985514,999.985475,999.985408,999.985327,999.985275,999.985123,999.985181,999.984909,999.984653,999.984633,999.984528,999.984526,999.984548,999.984549,999.984613,999.984769,999.985041,999.985411,999.985887,999.986513,999.987262,999.988122,999.989100,999.990136,999.991214,999.992326,999.993426,999.994498,999.995531,999.996468,999.997318,999.998109,999.998871,999.999568,1000.000193,1000.000750,1000.001223,1000.001658,1000.002022,1000.002369,1000.002649,1000.002929,1000.003142,1000.003350,1000.003519,1000.003682,1000.003808,1000.003933,1000.004037,1000.004127,1000.004186,1000.004251,1000.004313,1000.004388,1000.004402,1000.004429,1000.004484,1000.004531,1000.004545,1000.004568,1000.004577,1000.004608,1000.004653,1000.004672,1000.004697,1000.004730,1000.004748,1000.004758,1000.004806,1000.004847,1000.004871,1000.004896,1000.004952,1000.004971,1000.004955,1000.005071,1000.005108,0.000000,0.000000,0.000000,0.000000,0.000000,0.000000,0.000000,0.000000,0.000000
0.000000,0.000000,0.000000,0.000000,0.000000,0.000000,0.000000,0.000000,0.000000,999.984743,999.985838,999.986050,999.985961,999.985930,999.985899,999.985867,999.985829,999.985730,999.985665,999.985551,999.985461,999.985322,999.985115,999.985013,999.984653,999.984599,999.984653,999.984345,999.984189,999.983989,999.983813,999.983855,999.983960,999.984189,999.984531,999.985028,999.985733,999.986540,999.987485,999.988567,999.989699,999.990922,999.992158,999.993368,999.994536,999.995673,999.996793,999.997759,999.998644,999.999387,1000.000036,1000.000615,1000.001184,1000.001646,1000.002061,1000.002425,1000.002741,1000.003018,1000.003258,1000.003457,1000.003647,1000.003801,1000.003937,1000.004041,1000.004127,1000.004213,1000.004303,1000.004350,1000.004393,1000.004421,1000.004481,1000.004499,1000.004527,1000.004532,1000.004561,1000.004573,1000.004600,1000.004599,1000.004597,1000.004621,1000.004628,1000.004646,1000.004681,1000.004688,1000.004691,1000.004740,1000.004745,1000.004763,1000.004822,1000.004862,1000.004896,1000.004899,1000.004993,1000.005379,0.000000,0.000000,0.000000,0.000000,0.000000,0.000000,0.000000,0.000000,0.000000
0.000000,0.000000,0.000000,0.000000,0.000000,0.000000,0.000000,0.000000,999.986381,999.986196,999.986282,999.986251,999.986281,999.986279,999.986220,999.986165,999.986072,999.985966,999.985882,999.985720,999.985577,999.985366,999.985143,999.985017,999.984633,999.984653,999.984228,999.983606,999.983519,999.983293,999.983206,999.983223,999.983190,999.983308,999.983584,999.984086,999.984737,999.985609,999.986691,999.987909,999.989276,999.990680,999.992125,999.993526,999.994815,999.995977,999.997061,999.998077,999.999000,999.999858,1000.000586,1000.001180,1000.001710,1000.002150,1000.002537,1000.002887,1000.003172,1000.003429,1000.003621,1000.003814,1000.003961,1000.004083,1000.004183,1000.004297,1000.004373,1000.004409,1000.004455,1000.004520,1000.004544,1000.004540,1000.004575,1000.004589,1000.004598,1000.004583,1000.004602,1000.004586,1000.004577,1000.004612,1000.004602,1000.004594,1000.004605,1000.004584,1000.004607,1000.004635,1000.004632,1000.004658,1000.004675,1000.004676,1000.004700,1000.004729,1000.004763,1000.004860,1000.004893,1000.004955,1000.004930,0.000000,0.000000,0.000000,0.000000,0.000000,0.000000,0.000000,0.000000
0.000000,0.000000,0.000000,0.000000,0.000000,0.000000,0.000000,0.000000,999.985388,999.986855,999.986749,999.986703,999.986670,999.986622,999.986582,999.986456,999.986353,999.986237,999.986088,999.985868,999.985711,999.985431,999.985236,999.984920,999.984528,999.984345,999.983606,999.983403,999.983520,999.982957,999.982606,999.982269,999.981978,999.982040,999.982313,999.982792,999.983570,999.984560,999.985779,999.987175,999.988712,999.990302,999.991889,999.993527,999.995107,999.996500,999.997766,999.998795,999.999664,1000.000421,1000.001158,1000.001749,1000.002261,1000.002690,1000.003068,1000.003368,1000.003639,1000.003849,1000.004023,1000.004188,1000.004305,1000.004411,1000.004485,1000.004546,1000.004606,1000.004646,1000.004652,1000.004661,1000.004698,1000.004686,1000.004658,1000.004674,1000.004659,1000.004631,1000.004635,1000.004625,1000.004595,1000.004584,1000.004571,1000.004565,1000.004586,1000.004566,1000.004535,1000.004561,1000.004551,1000.004565,1000.004564,1000.004623,1000.004619,1000.004633,1000.004675,1000.004690,1000.004761,1000.004772,1000.005297,0.000000,0.000000,0.000000,0.000000,0.000000,0.000000,0.000000,0.000000
0.000000,0.000000,0.000000,0.000000,0.000000,0.000000,0.000000,999.987782,999.987335,999.987264,999.987094,999.987130,999.987074,999.987036,999.986896,999.986789,999.986675,999.986493,999.986300,999.986097,999.985867,999.985573,999.985298,999.984867,999.984526,999.984189,999.983519,999.983520,999.982840,999.981651,999.981405,999.981061,999.980875,999.980960,999.981070,999.981453,999.982121,999.983185,999.984630,999.986294,999.988217,999.990203,999.992030,999.993761,999.995368,999.996843,999.998200,999.999442,1000.000453,1000.001244,1000.001906,1000.002467,1000.002936,1000.003330,1000.003658,1000.003926,1000.004133,1000.004331,1000.004477,1000.004590,1000.004681,1000.004748,1000.004812,1000.004827,1000.004840,1000.004853,1000.004873,1000.004847,1000.004823,1000.004823,1000.004782,1000.004762,1000.004735,1000.004700,1000.004651,1000.004657,1000.004602,1000.004596,1000.004560,1000.004516,1000.004509,1000.004508,1000.004494,1000.004503,1000.004468,1000.004491,1000.004475,1000.004479,1000.004520,1000.004520,1000.004574,1000.004577,1000.004638,1000.004666,1000.004681,1000.004526,0.000000,0.000000,0.000000,0.000000,0.000000,0.000000,0.000000
0.000000,0.000000,0.000000,0.000000,0.000000,0.000000,0.000000,999.986477,999.988066,999.987770,999.987692,999.987599,999.987510,999.987407,999.987271,999.987136,999.986979,999.986790,999.986574,999.986345,999.986055,999.985720,999.985379,999.984920,999.984548,999.983989,999.983293,999.982957,999.981651,999.981109,999.981293,999.980461,999.979786,999.979365,999.979041,999.979327,999.980265,999.981554,999.983219,999.985185,999.987319,999.989724,999.992115,999.994325,999.996281,999.997897,999.999124,1000.000220,1000.001232,1000.002057,1000.002706,1000.003238,1000.003665,1000.004021,1000.004297,1000.004517,1000.004693,1000.004834,1000.004937,1000.005013,1000.005073,1000.005094,1000.005124,1000.005126,1000.005115,1000.005092,1000.005064,1000.005036,1000.005007,1000.004941,1000.004907,1000.004852,1000.004816,1000.004774,1000.004704,1000.004657,1000.004608,1000.004567,1000.004553,1000.004518,1000.004476,1000.004441,1000.004406,1000.004422,1000.004391,1000.004395,1000.004398,1000.004372,1000.004375,1000.004395,1000.004447,1000.004419,1000.004459,1000.004485,1000.004456,1000.005060,0.000000,0.000000,0.000000,0.000000,0.000000,0.000000,0.000000
0.000000,0.000000,0.000000,0.000000,0.000000,0.000000,999.989227,999.988686,999.988505,999.988157,999.988176,999.988046,999.987917,999.987789,999.987670,999.987504,999.987313,999.987093,999.986894,999.986591,999.986277,999.985897,999.985526,999.985015,999.984549,999.983813,999.983206,999.982606,999.981405,999.981293,999.980343,999.978247,999.977561,999.977053,999.976899,999.977435,999.978108,999.979379,999.981470,999.984015,999.986754,999.989545,999.992170,999.994575,999.996763,999.998788,1000.000345,1000.001473,1000.002377,1000.003096,1000.003673,1000.004136,1000.004501,1000.004776,1000.004991,1000.005166,1000.005286,1000.005380,1000.005418,1000.005471,1000.005483,1000.005483,1000.005454,1000.005437,1000.005403,1000.005338,1000.005282,1000.005217,1000.005154,1000.005101,1000.005027,1000.004940,1000.004867,1000.004805,1000.004745,1000.004705,1000.004628,1000.004544,1000.004501,1000.004461,1000.004435,1000.004382,1000.004351,1000.004334,1000.004298,1000.004279,1000.004300,1000.004270,1000.004301,1000.004275,1000.004301,1000.004292,1000.004328,1000.004367,1000.004299,1000.004312,1000.004179,0.000000,0.000000,0.000000,0.000000,0.000000,0.000000
0.000000,0.000000,0.000000,0.000000,0.000000,0.000000,999.987856,999.989380,999.988955,999.988788,999.988659,999.988506,999.988382,999.988233,999.988075,999.987891,999.987682,999.987474,999.987193,999.986879,999.986554,999.986146,999.985720,999.985158,999.984613,999.983855,999.983223,999.982269,999.981061,999.980461,999.978247,999.976812,999.976958,999.975838,999.974871,999.974453,999.975001,999.976622,999.979105,999.982515,999.986114,999.989738,999.993205,999.996084,999.998194,999.999963,1000.001520,1000.002732,1000.003603,1000.004250,1000.004749,1000.005130,1000.005399,1000.005609,1000.005744,1000.005847,1000.005906,1000.005954,1000.005972,1000.005945,1000.005916,1000.005881,1000.005811,1000.005744,1000.005681,1000.005605,1000.005508,1000.005427,1000.005322,1000.005216,1000.005145,1000.005055,1000.004949,1000.004869,1000.004762,1000.004688,1000.004635,1000.004551,1000.004478,1000.004421,1000.004363,1000.004318,1000.004274,1000.004240,1000.004225,1000.004179,1000.004152,1000.004160,1000.004154,1000.004136,1000.004149,1000.004148,1000.004167,1000.004162,1000.004155,1000.004078,1000.004712,0.000000,0.000000,0.000000,0.000000,0.000000,0.000000
0.000000,0.000000,0.000000,0.000000,0.000000,999.990748,999.990051,999.989766,999.989353,999.989275,999.989118,999.988966,999.988826,999.988646,999.988479,999.988288,999.988081,999.987833,999.987547,999.987235,999.986880,999.986463,999.985971,999.985371,999.984769,999.983960,999.983190,999.981978,999.980875,999.979786,999.977561,999.976958,999.975585,999.971996,999.970354,999.970075,999.970405,999.972505,999.975793,999.979866,999.984734,999.989508,999.993676,999.997429,1000.000213,1000.002056,1000.003367,1000.004349,1000.005067,1000.005579,1000.005957,1000.006200,1000.006365,1000.006479,1000.006552,1000.006570,1000.006570,1000.006537,1000.006502,1000.006438,1000.006360,1000.006280,1000.006197,1000.006075,1000.005962,1000.005852,1000.005743,1000.005616,1000.005503,1000.005368,1000.005246,1000.005138,1000.005023,1000.004921,1000.004815,1000.004694,1000.004611,1000.004540,1000.004443,1000.004376,1000.004304,1000.004238,1000.004181,1000.004150,1000.004092,1000.004082,1000.004075,1000.004025,1000.004022,1000.004015,1000.004014,1000.004017,1000.004013,1000.003974,1000.004039,1000.003977,1000.003892,1000.003629,0.000000,0.000000,0.000000,0.000000,0.000000
0.000000,0.000000,0.000000,0.000000,0.000000,999.989315,999.990584,999.990117,999.989929,999.989760,999.989578,999.989419,999.989293,999.989107,999.988913,999.988717,999.988522,999.988227,999.987957,999.987636,999.987241,999.986780,999.986293,999.985692,999.985041,999.984189,999.983308,999.982040,999.980960,999.979365,999.977053,999.975838,999.971996,999.968458,999.967538,999.965833,999.966177,999.968659,999.972722,999.978926,999.985255,999.990969,999.995828,999.999464,1000.002305,1000.004244,1000.005462,1000.006231,1000.006732,1000.007077,1000.007260,1000.007369,1000.007416,1000.007411,1000.007392,1000.007339,1000.007266,1000.007161,1000.007054,1000.006950,1000.006832,1000.006686,1000.006561,1000.006422,1000.006271,1000.006120,1000.005977,1000.005809,1000.005679,1000.005524,1000.005381,1000.005223,1000.005084,1000.004963,1000.004836,1000.004712,1000.004596,1000.004498,1000.004398,1000.004318,1000.004236,1000.004173,1000.004105,1000.004038,1000.003999,1000.003951,1000.003931,1000.003891,1000.003881,1000.003867,1000.003858,1000.003846,1000.003865,1000.003843,1000.003834,1000.003829,1000.003701,1000.004310,0.000000,0.000000,0.000000,0.000000,0.000000
0.000000,0.000000,0.000000,0.000000,999.991427,999.991129,999.990847,999.990430,999.990382,999.990214,999.990034,999.989908,999.989733,999.989543,999.989366,999.989198,999.988951,999.988657,999.988403,999.988061,999.987663,999.987222,999.986723,999.986099,999.985411,999.984531,999.983584,999.982313,999.981070,999.979041,999.976899,999.974871,999.970354,999.967538,999.964032,999.958635,999.956536,999.958218,999.964756,999.973992,999.984083,999.993524,999.999983,1000.003624,1000.005826,1000.007140,1000.007931,1000.008372,1000.008590,1000.008660,1000.008652,1000.008586,1000.008500,1000.008385,1000.008249,1000.008105,1000.007955,1000.007809,1000.007644,1000.007475,1000.007303,1000.007125,1000.006940,1000.006760,1000.006580,1000.006386,1000.006203,1000.006020,1000.005826,1000.005662,1000.005478,1000.005329,1000.005151,1000.005002,1000.004847,1000.004714,1000.004589,1000.004467,1000.004343,1000.004248,1000.004160,1000.004062,1000.003997,1000.003940,1000.003883,1000.003836,1000.003787,1000.003761,1000.003747,1000.003728,1000.003716,1000.003686,1000.003694,1000.003715,1000.003675,1000.003726,1000.003608,1000.003605,1000.003520,0.000000,0.000000,0.000000,0.000000
0.000000,0.000000,0.000000,0.000000,999.989791,999.990984,999.990973,999.990960,999.990829,999.990643,999.990501,999.990369,999.990199,999.990032,999.989849,999.989645,999.989401,999.989149,999.988880,999.988535,999.988132,999.987716,999.987208,999.986589,999.985887,999.985028,999.984086,999.982792,999.981453,999.979327,999.977435,999.974453,999.970075,999.965833,999.958635,999.947291,999.941552,999.947042,999.957209,999.970310,999.985969,999.998030,1000.004696,1000.008550,1000.010070,1000.010626,1000.010778,1000.010730,1000.010558,1000.010336,1000.010093,1000.009852,1000.009612,1000.009363,1000.009131,1000.008893,1000.008664,1000.008446,1000.008228,1000.007996,1000.007777,1000.007547,1000.007335,1000.007107,1000.006881,1000.006671,1000.006439,1000.006224,1000.006011,1000.005808,1000.005581,1000.005395,1000.005210,1000.005035,1000.004861,1000.004692,1000.004549,1000.004423,1000.004278,1000.004180,1000.004070,1000.003975,1000.003883,1000.003826,1000.003758,1000.003692,1000.003649,1000.003615,1000.003589,1000.003550,1000.003550,1000.003553,1000.003520,1000.003529,1000.003525,1000.003562,1000.003595,1000.003664,1000.004242,0.000000,0.000000,0.000000,0.000000
