0.000000,0.000000,0.000000,0.000000,0.000000,0.000000,0.000000,0.000000,0.000000,0.000000,0.000000,0.000000,0.000000,0.000000,0.000000,0.000000,0.000000,0.000000,0.000000,0.000000,0.000000,0.000000,0.000000,0.000000,0.000000,0.000000,0.000000,0.000000,0.000000,0.000000,0.000000,0.000000,0.000000,0.000000,0.000000,0.000000,0.000000,0.000000,0.000000,0.000000,0.000000,0.000000,0.000000,0.000000,0.000000,0.000000,0.000000,0.000000,0.000000,0.000000,0.000000,0.000000,0.000000,0.000000,0.000000,0.000000,0.000000,0.000000,0.000000,0.000000,0.000000,0.000000,0.000000,0.000000,0.000000,0.000000,0.000000,0.000000,0.000000,0.000000,0.000000,0.000000,0.000000,0.000000,0.000000,0.000000,0.000000,0.000000,0.000000,0.000000,0.000000,0.000000,0.000000,0.000000,0.000000,0.000000,0.000000,0.000000,0.000000,0.000000,0.000000,0.000000,0.000000,0.000000,0.000000,0.000000,0.000000,0.000000,0.000000,0.000000,0.000000,0.000000,0.000000
0.000000,0.000000,0.000000,0.000000,0.000000,0.000000,0.000000,0.000000,0.000000,0.000000,0.000000,0.000000,0.000000,0.000000,0.000000,0.000000,0.000000,0.000000,0.000000,0.000000,0.000000,0.000000,0.000000,0.000000,0.000000,0.000000,0.000000,0.000000,0.000000,0.000000,0.000000,0.000000,0.000000,0.000000,0.000000,0.000000,0.000000,0.000000,0.000000,0.000000,0.000000,0.000000,0.000000,0.000000,0.000000,0.000000,0.000000,0.000000,0.000000,0.000000,0.000000,999.998011,0.000000,0.000000,0.000000,0.000000,0.000000,0.000000,0.000000,0.000000,0.000000,0.000000,0.000000,0.000000,0.000000,0.000000,0.000000,0.000000,0.000000,0.000000,0.000000,0.000000,0.000000,0.000000,0.000000,0.000000,0.000000,0.000000,0.000000,0.000000,0.000000,0.000000,0.000000,0.000000,0.000000,0.000000,0.000000,0.000000,0.000000,0.000000,0.000000,0.000000,0.000000,0.000000,0.000000,0.000000,0.000000,0.000000,0.000000,0.000000,0.000000,0.000000,0.000000
0.000000,0.000000,0.000000,0.000000,0.000000,0.000000,0.000000,0.000000,0.000000,0.000000,0.000000,0.000000,0.000000,0.000000,0.000000,0.000000,0.000000,0.000000,0.000000,0.000000,0.000000,0.000000,0.000000,0.000000,0.000000,0.000000,0.000000,0.000000,0.000000,0.000000,0.000000,0.000000,0.000000,0.000000,0.000000,0.000000,0.000000,0.000000,0.000000,0.000000,0.000000,0.000000,999.995978,999.993400,999.993453,999.994005,999.994616,999.995242,999.995960,999.996986,999.997858,999.997990,999.998134,999.998912,999.999852,1000.000385,1000.000846,1000.001241,1000.001590,1000.001537,999.999715,0.000000,0.000000,0.000000,0.000000,0.000000,0.000000,0.000000,0.000000,0.000000,0.000000,0.000000,0.000000,0.000000,0.000000,0.000000,0.000000,0.000000,0.000000,0.000000,0.000000,0.000000,0.000000,0.000000,0.000000,0.000000,0.000000,0.000000,0.000000,0.000000,0.000000,0.000000,0.000000,0.000000,0.000000,0.000000,0.000000,0.000000,0.000000,0.000000,0.000000,0.000000,0.000000
0.000000,0.000000,0.000000,0.000000,0.000000,0.000000,0.000000,0.000000,0.000000,0.000000,0.000000,0.000000,0.000000,0.000000,0.000000,0.000000,0.000000,0.000000,0.000000,0.000000,0.000000,0.000000,0.000000,0.000000,0.000000,0.000000,0.000000,0.000000,0.000000,0.000000,0.000000,0.000000,0.000000,0.000000,0.000000,0.000000,0.000000,999.992009,999.989559,999.989439,999.990632,999.992546,999.995184,999.994546,999.994147,999.994315,999.994821,999.995421,999.996059,999.996709,999.997669,999.997887,999.998108,999.999005,999.999556,1000.000055,1000.000505,1000.000851,1000.000953,1000.000658,1000.000207,1000.001956,1000.003131,1000.003764,1000.003540,1000.002085,0.000000,0.000000,0.000000,0.000000,0.000000,0.000000,0.000000,0.000000,0.000000,0.000000,0.000000,0.000000,0.000000,0.000000,0.000000,0.000000,0.000000,0.000000,0.000000,0.000000,0.000000,0.000000,0.000000,0.000000,0.000000,0.000000,0.000000,0.000000,0.000000,0.000000,0.000000,0.000000,0.000000,0.000000,0.000000,0.000000,0.000000
0.000000,0.000000,0.000000,0.000000,0.000000,0.000000,0.000000,0.000000,0.000000,0.000000,0.000000,0.000000,0.000000,0.000000,0.000000,0.000000,0.000000,0.000000,0.000000,0.000000,0.000000,0.000000,0.000000,0.000000,0.000000,0.000000,0.000000,0.000000,0.000000,0.000000,0.000000,0.000000,0.000000,0.000000,999.989695,999.987902,999.988931,999.991412,999.990977,999.990728,999.991167,999.992771,999.993701,999.993938,999.994193,999.994531,999.994971,999.995510,999.996113,999.996668,999.997263,999.997801,999.998305,999.998856,999.999333,999.999826,1000.000248,1000.000550,1000.000785,1000.000924,1000.001074,1000.001659,1000.002656,1000.002864,1000.002694,1000.002384,1000.003687,1000.004190,1000.003253,0.000000,0.000000,0.000000,0.000000,0.000000,0.000000,0.000000,0.000000,0.000000,0.000000,0.000000,0.000000,0.000000,0.000000,0.000000,0.000000,0.000000,0.000000,0.000000,0.000000,0.000000,0.000000,0.000000,0.000000,0.000000,0.000000,0.000000,0.000000,0.000000,0.000000,0.000000,0.000000,0.000000,0.000000
0.000000,0.000000,0.000000,0.000000,0.000000,0.000000,0.000000,0.000000,0.000000,0.000000,0.000000,0.000000,0.000000,0.000000,0.000000,0.000000,0.000000,0.000000,0.000000,0.000000,0.000000,0.000000,0.000000,0.000000,0.000000,0.000000,0.000000,0.000000,0.000000,0.000000,0.000000,0.000000,999.988949,999.987355,999.989402,999.989214,999.989915,999.990461,999.990694,999.991156,999.991689,999.992488,999.993048,999.993723,999.994162,999.994565,999.995017,999.995525,999.996067,999.996656,999.997183,999.997717,999.998240,999.998712,999.999203,999.999671,1000.000068,1000.000405,1000.000676,1000.000955,1000.001383,1000.001713,1000.002201,1000.002490,1000.002747,1000.002842,1000.003084,1000.003414,1000.003304,1000.004268,1000.003409,0.000000,0.000000,0.000000,0.000000,0.000000,0.000000,0.000000,0.000000,0.000000,0.000000,0.000000,0.000000,0.000000,0.000000,0.000000,0.000000,0.000000,0.000000,0.000000,0.000000,0.000000,0.000000,0.000000,0.000000,0.000000,0.000000,0.000000,0.000000,0.000000,0.000000,0.000000,0.000000
0.000000,0.000000,0.000000,0.000000,0.000000,0.000000,0.000000,0.000000,0.000000,0.000000,0.000000,0.000000,0.000000,0.000000,0.000000,0.000000,0.000000,0.000000,0.000000,0.000000,0.000000,0.000000,0.000000,0.000000,0.000000,0.000000,0.000000,0.000000,0.000000,0.000000,999.987265,999.985758,999.988178,999.988781,999.989078,999.989221,999.989755,999.990124,999.990725,999.991215,999.991757,999.992345,999.992944,999.993541,999.994028,999.994531,999.995018,999.995524,999.996066,999.996614,999.997137,999.997655,999.998163,999.998656,999.999121,999.999573,999.999961,1000.000337,1000.000665,1000.001007,1000.001370,1000.001711,1000.002052,1000.002364,1000.002600,1000.002908,1000.003087,1000.003330,1000.003349,1000.003494,1000.003740,1000.004826,1000.004139,0.000000,0.000000,0.000000,0.000000,0.000000,0.000000,0.000000,0.000000,0.000000,0.000000,0.000000,0.000000,0.000000,0.000000,0.000000,0.000000,0.000000,0.000000,0.000000,0.000000,0.000000,0.000000,0.000000,0.000000,0.000000,0.000000,0.000000,0.000000,0.000000,0.000000
0.000000,0.000000,0.000000,0.000000,0.000000,0.000000,0.000000,0.000000,0.000000,0.000000,0.000000,0.000000,0.000000,0.000000,0.000000,0.000000,0.000000,0.000000,0.000000,0.000000,0.000000,0.000000,0.000000,0.000000,0.000000,0.000000,0.000000,0.000000,999.985648,999.984251,999.986651,999.987436,999.987859,999.988268,999.988604,999.989219,999.989680,999.990129,999.990648,999.991157,999.991709,999.992282,999.992842,999.993403,999.993929,999.994471,999.994977,999.995517,999.996051,999.996572,999.997077,999.997613,999.998108,999.998593,999.999058,999.999477,999.999897,1000.000269,1000.000632,1000.000993,1000.001345,1000.001685,1000.002013,1000.002318,1000.002562,1000.002830,1000.003046,1000.003251,1000.003511,1000.003640,1000.003824,1000.003977,1000.004301,1000.005328,1000.004661,0.000000,0.000000,0.000000,0.000000,0.000000,0.000000,0.000000,0.000000,0.000000,0.000000,0.000000,0.000000,0.000000,0.000000,0.000000,0.000000,0.000000,0.000000,0.000000,0.000000,0.000000,0.000000,0.000000,0.000000,0.000000,0.000000,0.000000,0.000000
0.000000,0.000000,0.000000,0.000000,0.000000,0.000000,0.000000,0.000000,0.000000,0.000000,0.000000,0.000000,0.000000,0.000000,0.000000,0.000000,0.000000,0.000000,0.000000,0.000000,0.000000,0.000000,0.000000,0.000000,0.000000,0.000000,999.984137,999.983024,999.985176,999.985963,999.986451,999.986986,999.987405,999.988081,999.988558,999.989072,999.989517,999.990031,999.990555,999.991096,999.991640,999.992195,999.992750,999.993327,999.993870,999.994403,999.994948,999.995488,999.996004,999.996539,999.997061,999.997595,999.998080,999.998560,999.999011,999.999460,999.999861,1000.000277,1000.000628,1000.000985,1000.001318,1000.001666,1000.001965,1000.002266,1000.002549,1000.002801,1000.003041,1000.003227,1000.003468,1000.003661,1000.003957,1000.004115,1000.004307,1000.004509,1000.004812,1000.005633,1000.005160,0.000000,0.000000,0.000000,0.000000,0.000000,0.000000,0.000000,0.000000,0.000000,0.000000,0.000000,0.000000,0.000000,0.000000,0.000000,0.000000,0.000000,0.000000,0.000000,0.000000,0.000000,0.000000,0.000000,0.000000,0.000000,0.000000
0.000000,0.000000,0.000000,0.000000,0.000000,0.000000,0.000000,0.000000,0.000000,0.000000,0.000000,0.000000,0.000000,0.000000,0.000000,0.000000,0.000000,0.000000,0.000000,0.000000,0.000000,0.000000,0.000000,0.000000,999.983185,999.982302,999.983933,999.984635,999.985090,999.985667,999.986125,999.986811,999.987359,999.987883,999.988385,999.988905,999.989399,999.989934,999.990459,999.991001,999.991554,999.992126,999.992679,999.993252,999.993792,999.994372,999.994910,999.995460,999.995985,999.996528,999.997058,999.997572,999.998040,999.998544,999.998992,999.999442,999.999847,1000.000243,1000.000640,1000.000985,1000.001348,1000.001670,1000.001982,1000.002270,1000.002553,1000.002803,1000.003030,1000.003270,1000.003500,1000.003687,1000.003899,1000.004130,1000.004395,1000.004552,1000.004779,1000.004931,1000.005171,1000.005781,1000.005384,0.000000,0.000000,0.000000,0.000000,0.000000,0.000000,0.000000,0.000000,0.000000,0.000000,0.000000,0.000000,0.000000,0.000000,0.000000,0.000000,0.000000,0.000000,0.000000,0.000000,0.000000,0.000000,0.000000,0.000000
0.000000,0.000000,0.000000,0.000000,0.000000,0.000000,0.000000,0.000000,0.000000,0.000000,0.000000,0.000000,0.000000,0.000000,0.000000,0.000000,0.000000,0.000000,0.000000,0.000000,0.000000,0.000000,0.000000,999.983477,999.983156,999.983544,999.984010,999.984529,999.984919,999.985584,999.986111,999.986659,999.987184,999.987700,999.988241,999.988757,999.989281,999.989829,999.990346,999.990900,999.991455,999.992038,999.992582,999.993171,999.993745,999.994322,999.994866,999.995435,999.995988,999.996523,999.997054,999.997543,999.998064,999.998541,999.999019,999.999447,999.999865,1000.000258,1000.000640,1000.001012,1000.001347,1000.001673,1000.001983,1000.002271,1000.002556,1000.002799,1000.003058,1000.003287,1000.003511,1000.003722,1000.003918,1000.004138,1000.004354,1000.004532,1000.004787,1000.004930,1000.005100,1000.005242,1000.005359,1000.005211,0.000000,0.000000,0.000000,0.000000,0.000000,0.000000,0.000000,0.000000,0.000000,0.000000,0.000000,0.000000,0.000000,0.000000,0.000000,0.000000,0.000000,0.000000,0.000000,0.000000,0.000000,0.000000,0.000000
0.000000,0.000000,0.000000,0.000000,0.000000,0.000000,0.000000,0.000000,0.000000,0.000000,0.000000,0.000000,0.000000,0.000000,0.000000,0.000000,0.000000,0.000000,0.000000,0.000000,0.000000,999.981706,999.981185,999.982998,999.983417,999.983750,999.983966,999.984482,999.984982,999.985487,999.985993,999.986503,999.987032,999.987560,999.988087,999.988591,999.989138,999.989676,999.990225,999.990796,999.991370,999.991931,999.992532,999.993119,999.993703,999.994271,999.994831,999.995414,999.995973,999.996525,999.997051,999.997570,999.998088,999.998562,999.999013,999.999466,999.999901,1000.000313,1000.000689,1000.001054,1000.001397,1000.001714,1000.002030,1000.002312,1000.002582,1000.002841,1000.003087,1000.003303,1000.003512,1000.003745,1000.003956,1000.004143,1000.004346,1000.004536,1000.004716,1000.004883,1000.005066,1000.005142,1000.005230,1000.005355,1000.006024,1000.005775,0.000000,0.000000,0.000000,0.000000,0.000000,0.000000,0.000000,0.000000,0.000000,0.000000,0.000000,0.000000,0.000000,0.000000,0.000000,0.000000,0.000000,0.000000,0.000000,0.000000,0.000000
0.000000,0.000000,0.000000,0.000000,0.000000,0.000000,0.000000,0.000000,0.000000,0.000000,0.000000,0.000000,0.000000,0.000000,0.000000,0.000000,0.000000,0.000000,0.000000,0.000000,999.982034,999.981975,999.982364,999.982848,999.983241,999.983657,999.984052,999.984481,999.984940,999.985395,999.985888,999.986380,999.986887,999.987397,999.987912,999.988441,999.988978,999.989536,999.990095,999.990685,999.991253,999.991856,999.992458,999.993044,999.993633,999.994240,999.994834,999.995420,999.995973,999.996542,999.997079,999.997624,999.998125,999.998614,999.999078,999.999526,999.999956,1000.000351,1000.000724,1000.001084,1000.001443,1000.001762,1000.002079,1000.002355,1000.002632,1000.002885,1000.003129,1000.003339,1000.003570,1000.003779,1000.003981,1000.004149,1000.004335,1000.004533,1000.004694,1000.004852,1000.004978,1000.005125,1000.005259,1000.005380,1000.005544,1000.005667,1000.005602,0.000000,0.000000,0.000000,0.000000,0.000000,0.000000,0.000000,0.000000,0.000000,0.000000,0.000000,0.000000,0.000000,0.000000,0.000000,0.000000,0.000000,0.000000,0.000000,0.000000
0.000000,0.000000,0.000000,0.000000,0.000000,0.000000,0.000000,0.000000,0.000000,0.000000,0.000000,0.000000,0.000000,0.000000,0.000000,0.000000,0.000000,0.000000,0.000000,999.981729,999.982022,999.982229,999.982592,999.982813,999.983260,999.983646,999.984042,999.984437,999.984852,999.985298,999.985760,999.986244,999.986715,999.987224,999.987738,999.988277,999.988832,999.989387,999.989964,999.990547,999.991139,999.991753,999.992358,999.992976,999.993591,999.994215,999.994826,999.995411,999.995991,999.996556,999.997124,999.997646,999.998169,999.998666,999.999151,999.999599,1000.000029,1000.000441,1000.000823,1000.001193,1000.001528,1000.001851,1000.002144,1000.002424,1000.002692,1000.002935,1000.003172,1000.003403,1000.003612,1000.003799,1000.003988,1000.004191,1000.004360,1000.004521,1000.004675,1000.004828,1000.004965,1000.005088,1000.005223,1000.005365,1000.005427,1000.005547,1000.005585,1000.005658,0.000000,0.000000,0.000000,0.000000,0.000000,0.000000,0.000000,0.000000,0.000000,0.000000,0.000000,0.000000,0.000000,0.000000,0.000000,0.000000,0.000000,0.000000,0.000000
0.000000,0.000000,0.000000,0.000000,0.000000,0.000000,0.000000,0.000000,0.000000,0.000000,0.000000,0.000000,0.000000,0.000000,0.000000,0.000000,0.000000,0.000000,999.981427,999.981780,999.982083,999.982368,999.982645,999.982934,999.983297,999.983623,999.983997,999.984374,999.984768,999.985185,999.985632,999.986072,999.986556,999.987055,999.987567,999.988100,999.988651,999.989207,999.989799,999.990404,999.991022,999.991652,999.992282,999.992918,999.993567,999.994181,999.994806,999.995419,999.996037,999.996624,999.997191,999.997732,999.998256,999.998765,999.999239,999.999684,1000.000107,1000.000519,1000.000911,1000.001271,1000.001600,1000.001928,1000.002222,1000.002518,1000.002775,1000.003022,1000.003243,1000.003471,1000.003673,1000.003849,1000.004037,1000.004220,1000.004376,1000.004525,1000.004667,1000.004820,1000.004937,1000.005068,1000.005174,1000.005294,1000.005393,1000.005481,1000.005568,1000.005654,1000.005774,0.000000,0.000000,0.000000,0.000000,0.000000,0.000000,0.000000,0.000000,0.000000,0.000000,0.000000,0.000000,0.000000,0.000000,0.000000,0.000000,0.000000,0.000000
0.000000,0.000000,0.000000,0.000000,0.000000,0.000000,0.000000,0.000000,0.000000,0.000000,0.000000,0.000000,0.000000,0.000000,0.000000,0.000000,0.000000,999.981164,999.981577,999.981866,999.982145,999.982419,999.982685,999.982980,999.983280,999.983588,999.983935,999.984285,999.984663,999.985056,999.985465,999.985885,999.986374,999.986854,999.987344,999.987894,999.988444,999.989026,999.989637,999.990254,999.990892,999.991535,999.992199,999.992858,999.993517,999.994160,999.994819,999.995456,999.996075,999.996674,999.997249,999.997818,999.998353,999.998858,999.999363,999.999826,1000.000266,1000.000666,1000.001054,1000.001399,1000.001731,1000.002037,1000.002337,1000.002604,1000.002856,1000.003110,1000.003324,1000.003520,1000.003723,1000.003927,1000.004089,1000.004244,1000.004393,1000.004553,1000.004688,1000.004819,1000.004933,1000.005044,1000.005164,1000.005244,1000.005343,1000.005434,1000.005522,1000.005616,1000.005707,1000.005819,0.000000,0.000000,0.000000,0.000000,0.000000,0.000000,0.000000,0.000000,0.000000,0.000000,0.000000,0.000000,0.000000,0.000000,0.000000,0.000000,0.000000
0.000000,0.000000,0.000000,0.000000,0.000000,0.000000,0.000000,0.000000,0.000000,0.000000,0.000000,0.000000,0.000000,0.000000,0.000000,0.000000,999.981149,999.981419,999.981701,999.981967,999.982239,999.982503,999.982747,999.983019,999.983273,999.983569,999.983868,999.984194,999.984530,999.984888,999.985278,999.985710,999.986157,999.986615,999.987127,999.987664,999.988236,999.988825,999.989453,999.990074,999.990738,999.991410,999.992104,999.992790,999.993481,999.994177,999.994850,999.995507,999.996147,999.996768,999.997371,999.997949,999.998493,999.999002,999.999472,999.999950,1000.000367,1000.000785,1000.001170,1000.001539,1000.001875,1000.002193,1000.002477,1000.002738,1000.002977,1000.003212,1000.003436,1000.003617,1000.003799,1000.003981,1000.004145,1000.004294,1000.004434,1000.004570,1000.004697,1000.004804,1000.004925,1000.005032,1000.005140,1000.005232,1000.005311,1000.005401,1000.005487,1000.005568,1000.005660,1000.005754,1000.005868,0.000000,0.000000,0.000000,0.000000,0.000000,0.000000,0.000000,0.000000,0.000000,0.000000,0.000000,0.000000,0.000000,0.000000,0.000000,0.000000
0.000000,0.000000,0.000000,0.000000,0.000000,0.000000,0.000000,0.000000,0.000000,0.000000,0.000000,0.000000,0.000000,0.000000,0.000000,999.981164,999.981419,999.981678,999.981918,999.982127,999.982366,999.982562,999.982781,999.983003,999.983238,999.983501,999.983768,999.984054,999.984363,999.984704,999.985084,999.985476,999.985899,999.986362,999.986881,999.987410,999.987982,999.988593,999.989221,999.989899,999.990593,999.991298,999.992004,999.992725,999.993445,999.994160,999.994871,999.995542,999.996219,999.996861,999.997483,999.998073,999.998641,999.999179,999.999682,1000.000157,1000.000590,1000.000978,1000.001356,1000.001700,1000.002026,1000.002326,1000.002597,1000.002872,1000.003104,1000.003318,1000.003526,1000.003734,1000.003897,1000.004046,1000.004206,1000.004361,1000.004498,1000.004604,1000.004715,1000.004837,1000.004934,1000.005016,1000.005112,1000.005195,1000.005288,1000.005358,1000.005436,1000.005520,1000.005596,1000.005679,1000.005763,1000.005850,0.000000,0.000000,0.000000,0.000000,0.000000,0.000000,0.000000,0.000000,0.000000,0.000000,0.000000,0.000000,0.000000,0.000000,0.000000
0.000000,0.000000,0.000000,0.000000,0.000000,0.000000,0.000000,0.000000,0.000000,0.000000,0.000000,0.000000,0.000000,0.000000,999.981427,999.981577,999.981701,999.981918,999.982066,999.982233,999.982424,999.982598,999.982808,999.983023,999.983223,999.983436,999.983660,999.983920,999.984203,999.984507,999.984836,999.985211,999.985618,999.986082,999.986577,999.987117,999.987696,999.988314,999.988988,999.989674,999.990405,999.991147,999.991911,999.992662,999.993435,999.994185,999.994938,999.995658,999.996358,999.997030,999.997664,999.998255,999.998810,999.999346,999.999839,1000.000316,1000.000764,1000.001171,1000.001564,1000.001899,1000.002221,1000.002515,1000.002776,1000.003036,1000.003263,1000.003466,1000.003653,1000.003844,1000.004007,1000.004152,1000.004284,1000.004408,1000.004537,1000.004648,1000.004748,1000.004843,1000.004946,1000.005016,1000.005097,1000.005177,1000.005257,1000.005329,1000.005397,1000.005467,1000.005542,1000.005612,1000.005671,1000.005740,1000.005805,0.000000,0.000000,0.000000,0.000000,0.000000,0.000000,0.000000,0.000000,0.000000,0.000000,0.000000,0.000000,0.000000,0.000000
0.000000,0.000000,0.000000,0.000000,0.000000,0.000000,0.000000,0.000000,0.000000,0.000000,0.000000,0.000000,0.000000,999.981729,999.981780,999.981866,999.981967,999.982127,999.982233,999.982405,999.982607,999.982715,999.982895,999.982999,999.983146,999.983321,999.983514,999.983741,999.983971,999.984243,999.984552,999.984905,999.985307,999.985745,999.986235,999.986782,999.987377,999.988029,999.988723,999.989434,999.990203,999.990985,999.991794,999.992601,999.993426,999.994205,999.994977,999.995739,999.996467,999.997160,999.997832,999.998462,999.999068,999.999625,1000.000121,1000.000574,1000.001004,1000.001403,1000.001772,1000.002114,1000.002415,1000.002717,1000.002973,1000.003200,1000.003421,1000.003627,1000.003798,1000.003957,1000.004106,1000.004258,1000.004387,1000.004493,1000.004587,1000.004710,1000.004803,1000.004862,1000.004947,1000.005029,1000.005107,1000.005152,1000.005229,1000.005288,1000.005354,1000.005410,1000.005470,1000.005538,1000.005605,1000.005649,1000.005705,1000.005732,0.000000,0.000000,0.000000,0.000000,0.000000,0.000000,0.000000,0.000000,0.000000,0.000000,0.000000,0.000000,0.000000
0.000000,0.000000,0.000000,0.000000,0.000000,0.000000,0.000000,0.000000,0.000000,0.000000,0.000000,0.000000,999.982034,999.982022,999.982083,999.982145,999.982239,999.982366,999.982424,999.982607,999.982655,999.982679,999.982839,999.982912,999.983097,999.983237,999.983404,999.983552,999.983749,999.983980,999.984253,999.984576,999.984928,999.985358,999.985838,999.986385,999.986995,999.987673,999.988388,999.989173,999.989981,999.990826,999.991678,999.992558,999.993422,999.994265,999.995101,999.995910,999.996670,999.997393,999.998061,999.998679,999.999279,999.999829,1000.000370,1000.000835,1000.001297,1000.001685,1000.002034,1000.002374,1000.002664,1000.002940,1000.003188,1000.003407,1000.003601,1000.003799,1000.003961,1000.004104,1000.004243,1000.004351,1000.004480,1000.004575,1000.004667,1000.004742,1000.004842,1000.004909,1000.004966,1000.005035,1000.005104,1000.005153,1000.005196,1000.005261,1000.005316,1000.005369,1000.005409,1000.005461,1000.005517,1000.005571,1000.005616,1000.005646,1000.005676,0.000000,0.000000,0.000000,0.000000,0.000000,0.000000,0.000000,0.000000,0.000000,0.000000,0.000000,0.000000
0.000000,0.000000,0.000000,0.000000,0.000000,0.000000,0.000000,0.000000,0.000000,0.000000,0.000000,999.981706,999.981975,999.982229,999.982368,999.982419,999.982503,999.982562,999.982598,999.982715,999.982679,999.982821,999.982985,999.982987,999.983081,999.983119,999.983163,999.983296,999.983445,999.983640,999.983874,999.984139,999.984492,999.984900,999.985383,999.985943,999.986576,999.987265,999.988038,999.988862,999.989729,999.990630,999.991556,999.992484,999.993401,999.994313,999.995203,999.996045,999.996850,999.997631,999.998362,999.999044,999.999642,1000.000182,1000.000679,1000.001145,1000.001571,1000.001963,1000.002309,1000.002641,1000.002925,1000.003177,1000.003415,1000.003630,1000.003811,1000.003974,1000.004127,1000.004262,1000.004397,1000.004489,1000.004579,1000.004681,1000.004753,1000.004820,1000.004872,1000.004950,1000.005006,1000.005034,1000.005085,1000.005135,1000.005181,1000.005214,1000.005266,1000.005314,1000.005356,1000.005400,1000.005440,1000.005474,1000.005536,1000.005592,1000.005689,1000.005775,0.000000,0.000000,0.000000,0.000000,0.000000,0.000000,0.000000,0.000000,0.000000,0.000000,0.000000
0.000000,0.000000,0.000000,0.000000,0.000000,0.000000,0.000000,0.000000,0.000000,0.000000,0.000000,999.981185,999.982364,999.982592,999.982645,999.982685,999.982747,999.982781,999.982808,999.982895,999.982839,999.982985,999.982910,999.982768,999.982891,999.982872,999.982988,999.983108,999.983187,999.983308,999.983475,999.983712,999.984021,999.984395,999.984862,999.985412,999.986052,999.986781,999.987604,999.988485,999.989436,999.990424,999.991443,999.992453,999.993466,999.994463,999.995399,999.996297,999.997126,999.997887,999.998608,999.999293,999.999937,1000.000522,1000.001062,1000.001523,1000.001935,1000.002308,1000.002655,1000.002958,1000.003230,1000.003460,1000.003674,1000.003875,1000.004039,1000.004186,1000.004314,1000.004427,1000.004531,1000.004632,1000.004696,1000.004768,1000.004840,1000.004884,1000.004937,1000.004976,1000.005024,1000.005068,1000.005093,1000.005132,1000.005165,1000.005197,1000.005223,1000.005253,1000.005292,1000.005333,1000.005378,1000.005399,1000.005446,1000.005487,1000.005582,1000.005940,0.000000,0.000000,0.000000,0.000000,0.000000,0.000000,0.000000,0.000000,0.000000,0.000000,0.000000
0.000000,0.000000,0.000000,0.000000,0.000000,0.000000,0.000000,0.000000,0.000000,0.000000,999.983477,999.982998,999.982848,999.982813,999.982934,999.982980,999.983019,999.983003,999.983023,999.982999,999.982912,999.982987,999.982768,999.982851,999.983029,999.982872,999.982877,999.982791,999.982743,999.982825,999.982957,999.983141,999.983401,999.983762,999.984210,999.984782,999.985458,999.986248,999.987123,999.988073,999.989106,999.990181,999.991280,999.992388,999.993491,999.994540,999.995550,999.996538,999.997485,999.998334,999.999093,999.999763,1000.000356,1000.000913,1000.001436,1000.001890,1000.002301,1000.002679,1000.002995,1000.003280,1000.003534,1000.003768,1000.003958,1000.004127,1000.004276,1000.004402,1000.004537,1000.004613,1000.004695,1000.004768,1000.004843,1000.004879,1000.004925,1000.004979,1000.005002,1000.005029,1000.005048,1000.005077,1000.005107,1000.005116,1000.005133,1000.005165,1000.005186,1000.005202,1000.005230,1000.005257,1000.005282,1000.005325,1000.005374,1000.005424,1000.005439,1000.005446,1000.005346,0.000000,0.000000,0.000000,0.000000,0.000000,0.000000,0.000000,0.000000,0.000000,0.000000
0.000000,0.000000,0.000000,0.000000,0.000000,0.000000,0.000000,0.000000,0.000000,999.983185,999.983156,999.983417,999.983241,999.983260,999.983297,999.983280,999.983273,999.983238,999.983223,999.983146,999.983097,999.983081,999.982891,999.983029,999.982793,999.982381,999.982451,999.982359,999.982391,999.982477,999.982498,999.982586,999.982788,999.983085,999.983507,999.984058,999.984735,999.985565,999.986508,999.987579,999.988743,999.989943,999.991180,999.992417,999.993616,999.994796,999.995865,999.996844,999.997757,999.998628,999.999446,1000.000201,1000.000864,1000.001425,1000.001915,1000.002354,1000.002756,1000.003098,1000.003398,1000.003660,1000.003892,1000.004102,1000.004267,1000.004414,1000.004545,1000.004641,1000.004742,1000.004819,1000.004869,1000.004929,1000.004967,1000.005002,1000.005021,1000.005040,1000.005067,1000.005078,1000.005086,1000.005085,1000.005111,1000.005117,1000.005111,1000.005117,1000.005140,1000.005159,1000.005164,1000.005183,1000.005206,1000.005233,1000.005259,1000.005306,1000.005333,1000.005323,1000.005438,1000.005448,0.000000,0.000000,0.000000,0.000000,0.000000,0.000000,0.000000,0.000000,0.000000
0.000000,0.000000,0.000000,0.000000,0.000000,0.000000,0.000000,0.000000,0.000000,999.982302,999.983544,999.983750,999.983657,999.983646,999.983623,999.983588,999.983569,999.983501,999.983436,999.983321,999.983237,999.983119,999.982872,999.982872,999.982381,999.982376,999.982611,999.982266,999.982104,999.981910,999.981723,999.981775,999.981925,999.982188,999.982579,999.983150,999.983899,999.984794,999.985837,999.987021,999.988283,999.989607,999.990994,999.992347,999.993660,999.994979,999.996237,999.997374,999.998382,999.999256,1000.000007,1000.000694,1000.001345,1000.001915,1000.002410,1000.002847,1000.003221,1000.003545,1000.003827,1000.004070,1000.004278,1000.004440,1000.004596,1000.004709,1000.004831,1000.004905,1000.004962,1000.005026,1000.005072,1000.005083,1000.005116,1000.005129,1000.005139,1000.005134,1000.005127,1000.005135,1000.005124,1000.005111,1000.005100,1000.005114,1000.005105,1000.005096,1000.005082,1000.005089,1000.005107,1000.005114,1000.005122,1000.005153,1000.005158,1000.005194,1000.005225,1000.005227,1000.005324,1000.005751,0.000000,0.000000,0.000000,0.000000,0.000000,0.000000,0.000000,0.000000,0.000000
0.000000,0.000000,0.000000,0.000000,0.000000,0.000000,0.000000,0.000000,999.984137,999.983933,999.984010,999.983966,999.984052,999.984042,999.983997,999.983935,999.983868,999.983768,999.983660,999.983514,999.983404,999.983163,999.982988,999.982877,999.982451,999.982611,999.982182,999.981357,999.981323,999.981142,999.981085,999.981160,999.981168,999.981287,999.981624,999.982170,999.982862,999.983813,999.984994,999.986320,999.987819,999.989353,999.990955,999.992533,999.993970,999.995296,999.996534,999.997695,999.998794,999.999816,1000.000670,1000.001383,1000.001993,1000.002531,1000.003004,1000.003415,1000.003744,1000.004051,1000.004294,1000.004516,1000.004682,1000.004830,1000.004952,1000.005046,1000.005120,1000.005175,1000.005212,1000.005240,1000.005265,1000.005266,1000.005250,1000.005254,1000.005241,1000.005227,1000.005198,1000.005178,1000.005168,1000.005132,1000.005112,1000.005081,1000.005087,1000.005070,1000.005053,1000.005030,1000.005026,1000.005038,1000.005027,1000.005048,1000.005055,1000.005077,1000.005111,1000.005167,1000.005198,1000.005273,1000.005262,0.000000,0.000000,0.000000,0.000000,0.000000,0.000000,0.000000,0.000000
0.000000,0.000000,0.000000,0.000000,0.000000,0.000000,0.000000,0.000000,999.983024,999.984635,999.984529,999.984482,999.984481,999.984437,999.984374,999.984285,999.984194,999.984054,999.983920,999.983741,999.983552,999.983296,999.983108,999.982791,999.982359,999.982266,999.981357,999.981140,999.981511,999.980941,999.980545,999.980202,999.979879,999.979953,999.980253,999.980760,999.981603,999.982699,999.983997,999.985505,999.987163,999.988904,999.990677,999.992509,999.994281,999.995904,999.997329,999.998551,999.999543,1000.000455,1000.001307,1000.002051,1000.002670,1000.003192,1000.003637,1000.004015,1000.004328,1000.004587,1000.004809,1000.004978,1000.005125,1000.005238,1000.005336,1000.005388,1000.005433,1000.005467,1000.005478,1000.005474,1000.005468,1000.005447,1000.005429,1000.005388,1000.005348,1000.005325,1000.005274,1000.005229,1000.005200,1000.005160,1000.005115,1000.005067,1000.005034,1000.005023,1000.004994,1000.004981,1000.004961,1000.004946,1000.004934,1000.004948,1000.004955,1000.004964,1000.004993,1000.005010,1000.005046,1000.005063,1000.005616,0.000000,0.000000,0.000000,0.000000,0.000000,0.000000,0.000000,0.000000
0.000000,0.000000,0.000000,0.000000,0.000000,0.000000,0.000000,999.985648,999.985176,999.985090,999.984919,999.984982,999.984940,999.984852,999.984768,999.984663,999.984530,999.984363,999.984203,999.983971,999.983749,999.983445,999.983187,999.982743,999.982391,999.982104,999.981323,999.981511,999.980905,999.979408,999.979118,999.978827,999.978670,999.978801,999.978968,999.979406,999.980102,999.981229,999.982754,999.984536,999.986627,999.988795,999.990780,999.992702,999.994518,999.996194,999.997774,999.999255,1000.000467,1000.001409,1000.002210,1000.002899,1000.003469,1000.003952,1000.004354,1000.004678,1000.004955,1000.005176,1000.005357,1000.005487,1000.005601,1000.005668,1000.005722,1000.005752,1000.005761,1000.005762,1000.005752,1000.005710,1000.005677,1000.005637,1000.005588,1000.005533,1000.005457,1000.005405,1000.005353,1000.005286,1000.005221,1000.005174,1000.005132,1000.005079,1000.005017,1000.004970,1000.004932,1000.004913,1000.004884,1000.004856,1000.004843,1000.004847,1000.004829,1000.004833,1000.004854,1000.004878,1000.004937,1000.004937,1000.004956,1000.004826,0.000000,0.000000,0.000000,0.000000,0.000000,0.000000,0.000000
0.000000,0.000000,0.000000,0.000000,0.000000,0.000000,0.000000,999.984251,999.985963,999.985667,999.985584,999.985487,999.985395,999.985298,999.985185,999.985056,999.984888,999.984704,999.984507,999.984243,999.983980,999.983640,999.983308,999.982825,999.982477,999.981910,999.981142,999.980941,999.979408,999.978672,999.979201,999.978432,999.977723,999.977280,999.976910,999.977149,999.978142,999.979485,999.981220,999.983329,999.985596,999.988205,999.990842,999.993316,999.995523,999.997376,999.998820,1000.000118,1000.001320,1000.002342,1000.003146,1000.003801,1000.004340,1000.004785,1000.005127,1000.005412,1000.005633,1000.005809,1000.005931,1000.006032,1000.006098,1000.006130,1000.006141,1000.006139,1000.006121,1000.006071,1000.006029,1000.005971,1000.005897,1000.005824,1000.005743,1000.005682,1000.005593,1000.005498,1000.005419,1000.005342,1000.005261,1000.005169,1000.005110,1000.005058,1000.004985,1000.004936,1000.004872,1000.004838,1000.004796,1000.004768,1000.004737,1000.004734,1000.004707,1000.004705,1000.004723,1000.004721,1000.004719,1000.004737,1000.004717,1000.005362,0.000000,0.000000,0.000000,0.000000,0.000000,0.000000,0.000000
0.000000,0.000000,0.000000,0.000000,0.000000,0.000000,999.987265,999.986651,999.986451,999.986125,999.986111,999.985993,999.985888,999.985760,999.985632,999.985465,999.985278,999.985084,999.984836,999.984552,999.984253,999.983874,999.983475,999.982957,999.982498,999.981723,999.981085,999.980545,999.979118,999.979201,999.978514,999.976063,999.975165,999.974603,999.974427,999.975062,999.975751,999.977070,999.979282,999.981929,999.984835,999.987844,999.990719,999.993414,999.995923,999.998288,1000.000168,1000.001529,1000.002624,1000.003537,1000.004275,1000.004854,1000.005323,1000.005699,1000.005976,1000.006199,1000.006368,1000.006475,1000.006562,1000.006595,1000.006618,1000.006606,1000.006581,1000.006534,1000.006474,1000.006398,1000.006316,1000.006226,1000.006131,1000.006024,1000.005906,1000.005803,1000.005708,1000.005604,1000.005482,1000.005389,1000.005297,1000.005205,1000.005093,1000.005026,1000.004939,1000.004885,1000.004814,1000.004752,1000.004704,1000.004673,1000.004631,1000.004592,1000.004583,1000.004567,1000.004557,1000.004567,1000.004577,1000.004591,1000.004535,1000.004548,1000.004392,0.000000,0.000000,0.000000,0.000000,0.000000,0.000000
0.000000,0.000000,0.000000,0.000000,0.000000,0.000000,999.985758,999.987436,999.986986,999.986811,999.986659,999.986503,999.986380,999.986244,999.986072,999.985885,999.985710,999.985476,999.985211,999.984905,999.984576,999.984139,999.983712,999.983141,999.982586,999.981775,999.981160,999.980202,999.978827,999.978432,999.976063,999.974087,999.974416,999.973558,999.972676,999.972187,999.972702,999.974411,999.976893,999.980427,999.984187,999.988012,999.991785,999.994985,999.997413,999.999502,1000.001388,1000.002899,1000.004026,1000.004874,1000.005524,1000.006032,1000.006405,1000.006684,1000.006891,1000.007039,1000.007128,1000.007182,1000.007208,1000.007194,1000.007159,1000.007107,1000.007036,1000.006944,1000.006844,1000.006732,1000.006618,1000.006486,1000.006354,1000.006232,1000.006090,1000.005948,1000.005816,1000.005690,1000.005559,1000.005425,1000.005310,1000.005202,1000.005099,1000.004998,1000.004901,1000.004821,1000.004737,1000.004673,1000.004605,1000.004570,1000.004506,1000.004474,1000.004455,1000.004427,1000.004400,1000.004401,1000.004388,1000.004382,1000.004369,1000.004254,1000.004956,0.000000,0.000000,0.000000,0.000000,0.000000,0.000000
0.000000,0.000000,0.000000,0.000000,0.000000,999.988949,999.988178,999.987859,999.987405,999.987359,999.987184,999.987032,999.986887,999.986715,999.986556,999.986374,999.986157,999.985899,999.985618,999.985307,999.984928,999.984492,999.984021,999.983401,999.982788,999.981925,999.981168,999.979879,999.978670,999.977723,999.975165,999.974416,999.973641,999.969998,999.967905,999.967449,999.967693,999.969687,999.972949,999.977105,999.982240,999.987406,999.991993,999.996238,999.999566,1000.001800,1000.003450,1000.004737,1000.005718,1000.006421,1000.006936,1000.007315,1000.007576,1000.007749,1000.007865,1000.007925,1000.007945,1000.007926,1000.007887,1000.007811,1000.007731,1000.007617,1000.007503,1000.007365,1000.007229,1000.007068,1000.006924,1000.006751,1000.006583,1000.006421,1000.006261,1000.006090,1000.005931,1000.005771,1000.005624,1000.005479,1000.005334,1000.005192,1000.005060,1000.004969,1000.004840,1000.004750,1000.004656,1000.004588,1000.004506,1000.004433,1000.004393,1000.004345,1000.004304,1000.004272,1000.004252,1000.004231,1000.004218,1000.004201,1000.004242,1000.004127,1000.004064,1000.003779,0.000000,0.000000,0.000000,0.000000,0.000000
0.000000,0.000000,0.000000,0.000000,0.000000,999.987355,999.988781,999.988268,999.988081,999.987883,999.987700,999.987560,999.987397,999.987224,999.987055,999.986854,999.986615,999.986362,999.986082,999.985745,999.985358,999.984900,999.984395,999.983762,999.983085,999.982188,999.981287,999.979953,999.978801,999.977280,999.974603,999.973558,999.969998,999.965647,999.964299,999.962666,999.963050,999.965559,999.969650,999.976047,999.982589,999.988535,999.993841,999.998056,1000.001553,1000.004097,1000.005775,1000.006887,1000.007645,1000.008153,1000.008496,1000.008705,1000.008828,1000.008879,1000.008890,1000.008847,1000.008789,1000.008696,1000.008583,1000.008458,1000.008309,1000.008154,1000.007978,1000.007802,1000.007618,1000.007414,1000.007221,1000.007032,1000.006823,1000.006619,1000.006416,1000.006231,1000.006031,1000.005848,1000.005669,1000.005510,1000.005341,1000.005197,1000.005041,1000.004910,1000.004787,1000.004672,1000.004574,1000.004478,1000.004387,1000.004320,1000.004262,1000.004202,1000.004143,1000.004111,1000.004097,1000.004063,1000.004039,1000.004013,1000.003994,1000.003979,1000.003854,1000.004475,0.000000,0.000000,0.000000,0.000000,0.000000
0.000000,0.000000,0.000000,0.000000,999.989695,999.989402,999.989078,999.988604,999.988558,999.988385,999.988241,999.988087,999.987912,999.987738,999.987567,999.987344,999.987127,999.986881,999.986577,999.986235,999.985838,999.985383,999.984862,999.984210,999.983507,999.982579,999.981624,999.980253,999.978968,999.976910,999.974427,999.972676,999.967905,999.964299,999.960972,999.956117,999.954328,999.955826,999.962245,999.971338,999.981099,999.990741,999.997931,1000.002387,1000.005348,1000.007322,1000.008599,1000.009368,1000.009803,1000.010054,1000.010165,1000.010177,1000.010141,1000.010059,1000.009947,1000.009809,1000.009654,1000.009488,1000.009299,1000.009107,1000.008899,1000.008683,1000.008464,1000.008234,1000.008008,1000.007769,1000.007519,1000.007290,1000.007054,1000.006825,1000.006583,1000.006359,1000.006139,1000.005925,1000.005720,1000.005521,1000.005340,1000.005178,1000.005007,1000.004855,1000.004703,1000.004593,1000.004468,1000.004359,1000.004274,1000.004187,1000.004115,1000.004053,1000.003999,1000.003951,1000.003920,1000.003872,1000.003871,1000.003861,1000.003836,1000.003856,1000.003723,1000.003691,1000.003627,0.000000,0.000000,0.000000,0.000000
0.000000,0.000000,0.000000,0.000000,999.987902,999.989214,999.989221,999.989219,999.989072,999.988905,999.988757,999.988591,999.988441,999.988277,999.988100,999.987894,999.987664,999.987410,999.987117,999.986782,999.986385,999.985943,999.985412,999.984782,999.984058,999.983150,999.982170,999.980760,999.979406,999.977149,999.975062,999.972187,999.967449,999.962666,999.956117,999.945336,999.938729,999.943349,999.952979,999.965309,999.980588,999.993432,1000.001784,1000.007372,1000.010043,1000.011307,1000.011909,1000.012144,1000.012175,1000.012076,1000.011918,1000.011715,1000.011499,1000.011266,1000.011029,1000.010787,1000.010541,1000.010280,1000.010033,1000.009766,1000.009507,1000.009234,1000.008962,1000.008678,1000.008402,1000.008125,1000.007839,1000.007554,1000.007275,1000.007009,1000.006743,1000.006478,1000.006232,1000.005989,1000.005762,1000.005546,1000.005318,1000.005137,1000.004958,1000.004790,1000.004632,1000.004481,1000.004369,1000.004232,1000.004133,1000.004048,1000.003956,1000.003882,1000.003846,1000.003782,1000.003737,1000.003703,1000.003684,1000.003670,1000.003644,1000.003660,1000.003690,1000.003772,1000.004389,0.000000,0.000000,0.000000,0.000000
