0.000000,0.000000,0.000000,0.000000,0.000000,0.000000,0.000000,0.000000,0.000000,0.000000,0.000000,0.000000,0.000000,0.000000,0.000000,0.000000,0.000000,0.000000,0.000000,0.000000,0.000000,0.000000,0.000000,0.000000,0.000000,0.000000,0.000000,0.000000,0.000000,0.000000,0.000000,0.000000,0.000000,0.000000,0.000000,0.000000,0.000000,0.000000,0.000000,0.000000,0.000000,0.000000,0.000000,0.000000,0.000000,0.000000,0.000000,0.000000,0.000000,0.000000,0.000000,0.000000,0.000000,0.000000,0.000000,0.000000,0.000000,0.000000,0.000000,0.000000,0.000000,0.000000,0.000000,0.000000,0.000000,0.000000,0.000000,0.000000,0.000000,0.000000,0.000000,0.000000,0.000000,0.000000,0.000000,0.000000,0.000000,0.000000,0.000000,0.000000,0.000000,0.000000,0.000000,0.000000,0.000000,0.000000,0.000000,0.000000,0.000000,0.000000,0.000000,0.000000,0.000000,0.000000,0.000000,0.000000,0.000000,0.000000,0.000000,0.000000,0.000000,0.000000,0.000000
0.000000,0.000000,0.000000,0.000000,0.000000,0.000000,0.000000,0.000000,0.000000,0.000000,0.000000,0.000000,0.000000,0.000000,0.000000,0.000000,0.000000,0.000000,0.000000,0.000000,0.000000,0.000000,0.000000,0.000000,0.000000,0.000000,0.000000,0.000000,0.000000,0.000000,0.000000,0.000000,0.000000,0.000000,0.000000,0.000000,0.000000,0.000000,0.000000,0.000000,0.000000,0.000000,0.000000,0.000000,0.000000,0.000000,0.000000,0.000000,0.000000,0.000000,0.000000,999.997766,0.000000,0.000000,0.000000,0.000000,0.000000,0.000000,0.000000,0.000000,0.000000,0.000000,0.000000,0.000000,0.000000,0.000000,0.000000,0.000000,0.000000,0.000000,0.000000,0.000000,0.000000,0.000000,0.000000,0.000000,0.000000,0.000000,0.000000,0.000000,0.000000,0.000000,0.000000,0.000000,0.000000,0.000000,0.000000,0.000000,0.000000,0.000000,0.000000,0.000000,0.000000,0.000000,0.000000,0.000000,0.000000,0.000000,0.000000,0.000000,0.000000,0.000000,0.000000
0.000000,0.000000,0.000000,0.000000,0.000000,0.000000,0.000000,0.000000,0.000000,0.000000,0.000000,0.000000,0.000000,0.000000,0.000000,0.000000,0.000000,0.000000,0.000000,0.000000,0.000000,0.000000,0.000000,0.000000,0.000000,0.000000,0.000000,0.000000,0.000000,0.000000,0.000000,0.000000,0.000000,0.000000,0.000000,0.000000,0.000000,0.000000,0.000000,0.000000,0.000000,0.000000,999.995673,999.993093,999.993121,999.993674,999.994299,999.994927,999.995654,999.996696,999.997559,999.997703,999.997850,999.998672,999.999578,1000.000146,1000.000588,1000.001014,1000.001335,1000.001327,999.999466,0.000000,0.000000,0.000000,0.000000,0.000000,0.000000,0.000000,0.000000,0.000000,0.000000,0.000000,0.000000,0.000000,0.000000,0.000000,0.000000,0.000000,0.000000,0.000000,0.000000,0.000000,0.000000,0.000000,0.000000,0.000000,0.000000,0.000000,0.000000,0.000000,0.000000,0.000000,0.000000,0.000000,0.000000,0.000000,0.000000,0.000000,0.000000,0.000000,0.000000,0.000000,0.000000
0.000000,0.000000,0.000000,0.000000,0.000000,0.000000,0.000000,0.000000,0.000000,0.000000,0.000000,0.000000,0.000000,0.000000,0.000000,0.000000,0.000000,0.000000,0.000000,0.000000,0.000000,0.000000,0.000000,0.000000,0.000000,0.000000,0.000000,0.000000,0.000000,0.000000,0.000000,0.000000,0.000000,0.000000,0.000000,0.000000,0.000000,999.991671,999.989199,999.989075,999.990251,999.992205,999.994857,999.994227,999.993804,999.993996,999.994498,999.995115,999.995745,999.996416,999.997382,999.997611,999.997824,999.998721,999.999283,999.999792,1000.000254,1000.000595,1000.000710,1000.000401,999.999963,1000.001737,1000.002906,1000.003566,1000.003341,1000.001885,0.000000,0.000000,0.000000,0.000000,0.000000,0.000000,0.000000,0.000000,0.000000,0.000000,0.000000,0.000000,0.000000,0.000000,0.000000,0.000000,0.000000,0.000000,0.000000,0.000000,0.000000,0.000000,0.000000,0.000000,0.000000,0.000000,0.000000,0.000000,0.000000,0.000000,0.000000,0.000000,0.000000,0.000000,0.000000,0.000000,0.000000
0.000000,0.000000,0.000000,0.000000,0.000000,0.000000,0.000000,0.000000,0.000000,0.000000,0.000000,0.000000,0.000000,0.000000,0.000000,0.000000,0.000000,0.000000,0.000000,0.000000,0.000000,0.000000,0.000000,0.000000,0.000000,0.000000,0.000000,0.000000,0.000000,0.000000,0.000000,0.000000,0.000000,0.000000,999.989329,999.987531,999.988543,999.991054,999.990613,999.990369,999.990814,999.992429,999.993371,999.993596,999.993876,999.994203,999.994665,999.995183,999.995814,999.996371,999.996989,999.997523,999.998024,999.998579,999.999073,999.999584,999.999996,1000.000322,1000.000545,1000.000702,1000.000840,1000.001431,1000.002437,1000.002666,1000.002478,1000.002161,1000.003484,1000.004006,1000.003063,0.000000,0.000000,0.000000,0.000000,0.000000,0.000000,0.000000,0.000000,0.000000,0.000000,0.000000,0.000000,0.000000,0.000000,0.000000,0.000000,0.000000,0.000000,0.000000,0.000000,0.000000,0.000000,0.000000,0.000000,0.000000,0.000000,0.000000,0.000000,0.000000,0.000000,0.000000,0.000000,0.000000,0.000000
0.000000,0.000000,0.000000,0.000000,0.000000,0.000000,0.000000,0.000000,0.000000,0.000000,0.000000,0.000000,0.000000,0.000000,0.000000,0.000000,0.000000,0.000000,0.000000,0.000000,0.000000,0.000000,0.000000,0.000000,0.000000,0.000000,0.000000,0.000000,0.000000,0.000000,0.000000,0.000000,999.988575,999.986969,999.989015,999.988832,999.989550,999.990091,999.990334,999.990783,999.991343,999.992149,999.992711,999.993391,999.993845,999.994246,999.994710,999.995215,999.995784,999.996362,999.996900,999.997427,999.997970,999.998447,999.998962,999.999409,999.999807,1000.000160,1000.000442,1000.000729,1000.001157,1000.001503,1000.001978,1000.002288,1000.002532,1000.002637,1000.002887,1000.003222,1000.003106,1000.004096,1000.003219,0.000000,0.000000,0.000000,0.000000,0.000000,0.000000,0.000000,0.000000,0.000000,0.000000,0.000000,0.000000,0.000000,0.000000,0.000000,0.000000,0.000000,0.000000,0.000000,0.000000,0.000000,0.000000,0.000000,0.000000,0.000000,0.000000,0.000000,0.000000,0.000000,0.000000,0.000000,0.000000
0.000000,0.000000,0.000000,0.000000,0.000000,0.000000,0.000000,0.000000,0.000000,0.000000,0.000000,0.000000,0.000000,0.000000,0.000000,0.000000,0.000000,0.000000,0.000000,0.000000,0.000000,0.000000,0.000000,0.000000,0.000000,0.000000,0.000000,0.000000,0.000000,0.000000,999.986895,999.985330,999.987802,999.988393,999.988694,999.988846,999.989382,999.989768,999.990369,999.990870,999.991419,999.992004,999.992600,999.993208,999.993717,999.994212,999.994700,999.995230,999.995764,999.996326,999.996844,999.997388,999.997903,999.998397,999.998860,999.999313,999.999717,1000.000096,1000.000434,1000.000756,1000.001143,1000.001496,1000.001844,1000.002132,1000.002396,1000.002707,1000.002892,1000.003120,1000.003164,1000.003306,1000.003563,1000.004667,1000.003960,0.000000,0.000000,0.000000,0.000000,0.000000,0.000000,0.000000,0.000000,0.000000,0.000000,0.000000,0.000000,0.000000,0.000000,0.000000,0.000000,0.000000,0.000000,0.000000,0.000000,0.000000,0.000000,0.000000,0.000000,0.000000,0.000000,0.000000,0.000000,0.000000,0.000000
0.000000,0.000000,0.000000,0.000000,0.000000,0.000000,0.000000,0.000000,0.000000,0.000000,0.000000,0.000000,0.000000,0.000000,0.000000,0.000000,0.000000,0.000000,0.000000,0.000000,0.000000,0.000000,0.000000,0.000000,0.000000,0.000000,0.000000,0.000000,999.985259,999.983818,999.986249,999.987048,999.987458,999.987886,999.988233,999.988845,999.989306,999.989765,999.990281,999.990808,999.991351,999.991929,999.992514,999.993088,999.993613,999.994159,999.994675,999.995219,999.995760,999.996284,999.996806,999.997344,999.997849,999.998336,999.998791,999.999242,999.999658,1000.000036,1000.000412,1000.000772,1000.001130,1000.001465,1000.001807,1000.002115,1000.002376,1000.002624,1000.002852,1000.003063,1000.003326,1000.003452,1000.003651,1000.003806,1000.004146,1000.005175,1000.004488,0.000000,0.000000,0.000000,0.000000,0.000000,0.000000,0.000000,0.000000,0.000000,0.000000,0.000000,0.000000,0.000000,0.000000,0.000000,0.000000,0.000000,0.000000,0.000000,0.000000,0.000000,0.000000,0.000000,0.000000,0.000000,0.000000,0.000000,0.000000
0.000000,0.000000,0.000000,0.000000,0.000000,0.000000,0.000000,0.000000,0.000000,0.000000,0.000000,0.000000,0.000000,0.000000,0.000000,0.000000,0.000000,0.000000,0.000000,0.000000,0.000000,0.000000,0.000000,0.000000,0.000000,0.000000,999.983720,999.982592,999.984770,999.985560,999.986044,999.986587,999.987025,999.987694,999.988179,999.988698,999.989162,999.989671,999.990202,999.990755,999.991299,999.991862,999.992437,999.993001,999.993552,999.994107,999.994651,999.995204,999.995724,999.996267,999.996800,999.997322,999.997817,999.998299,999.998780,999.999217,999.999633,1000.000019,1000.000405,1000.000770,1000.001110,1000.001441,1000.001762,1000.002064,1000.002352,1000.002591,1000.002852,1000.003050,1000.003290,1000.003480,1000.003776,1000.003931,1000.004147,1000.004347,1000.004646,1000.005494,1000.005006,0.000000,0.000000,0.000000,0.000000,0.000000,0.000000,0.000000,0.000000,0.000000,0.000000,0.000000,0.000000,0.000000,0.000000,0.000000,0.000000,0.000000,0.000000,0.000000,0.000000,0.000000,0.000000,0.000000,0.000000,0.000000,0.000000
0.000000,0.000000,0.000000,0.000000,0.000000,0.000000,0.000000,0.000000,0.000000,0.000000,0.000000,0.000000,0.000000,0.000000,0.000000,0.000000,0.000000,0.000000,0.000000,0.000000,0.000000,0.000000,0.000000,0.000000,999.982766,999.981857,999.983520,999.984225,999.984685,999.985257,999.985721,999.986425,999.986974,999.987493,999.988015,999.988524,999.989051,999.989573,999.990112,999.990662,999.991224,999.991796,999.992359,999.992935,999.993504,999.994059,999.994616,999.995167,999.995703,999.996248,999.996795,999.997298,999.997799,999.998286,999.998756,999.999196,999.999634,1000.000024,1000.000420,1000.000773,1000.001136,1000.001473,1000.001788,1000.002066,1000.002362,1000.002623,1000.002850,1000.003092,1000.003301,1000.003529,1000.003741,1000.003963,1000.004214,1000.004392,1000.004624,1000.004781,1000.005024,1000.005656,1000.005250,0.000000,0.000000,0.000000,0.000000,0.000000,0.000000,0.000000,0.000000,0.000000,0.000000,0.000000,0.000000,0.000000,0.000000,0.000000,0.000000,0.000000,0.000000,0.000000,0.000000,0.000000,0.000000,0.000000,0.000000
0.000000,0.000000,0.000000,0.000000,0.000000,0.000000,0.000000,0.000000,0.000000,0.000000,0.000000,0.000000,0.000000,0.000000,0.000000,0.000000,0.000000,0.000000,0.000000,0.000000,0.000000,0.000000,0.000000,999.983051,999.982729,999.983118,999.983593,999.984107,999.984510,999.985174,999.985730,999.986262,999.986795,999.987330,999.987868,999.988393,999.988910,999.989458,999.989998,999.990553,999.991125,999.991711,999.992275,999.992879,999.993437,999.994024,999.994577,999.995154,999.995717,999.996268,999.996786,999.997311,999.997829,999.998316,999.998778,999.999206,999.999650,1000.000049,1000.000429,1000.000787,1000.001140,1000.001475,1000.001788,1000.002080,1000.002370,1000.002633,1000.002875,1000.003107,1000.003333,1000.003551,1000.003763,1000.003983,1000.004191,1000.004384,1000.004637,1000.004777,1000.004957,1000.005115,1000.005227,1000.005081,0.000000,0.000000,0.000000,0.000000,0.000000,0.000000,0.000000,0.000000,0.000000,0.000000,0.000000,0.000000,0.000000,0.000000,0.000000,0.000000,0.000000,0.000000,0.000000,0.000000,0.000000,0.000000,0.000000
0.000000,0.000000,0.000000,0.000000,0.000000,0.000000,0.000000,0.000000,0.000000,0.000000,0.000000,0.000000,0.000000,0.000000,0.000000,0.000000,0.000000,0.000000,0.000000,0.000000,0.000000,999.981276,999.980746,999.982563,999.983003,999.983330,999.983556,999.984076,999.984563,999.985094,999.985601,999.986116,999.986646,999.987184,999.987715,999.988239,999.988778,999.989335,999.989900,999.990464,999.991044,999.991630,999.992210,999.992804,999.993389,999.993995,999.994567,999.995150,999.995704,999.996263,999.996789,999.997325,999.997841,999.998329,999.998799,999.999261,999.999676,1000.000105,1000.000484,1000.000861,1000.001215,1000.001528,1000.001837,1000.002136,1000.002403,1000.002651,1000.002912,1000.003142,1000.003367,1000.003576,1000.003779,1000.003991,1000.004192,1000.004388,1000.004558,1000.004736,1000.004913,1000.004988,1000.005081,1000.005217,1000.005909,1000.005662,0.000000,0.000000,0.000000,0.000000,0.000000,0.000000,0.000000,0.000000,0.000000,0.000000,0.000000,0.000000,0.000000,0.000000,0.000000,0.000000,0.000000,0.000000,0.000000,0.000000,0.000000
0.000000,0.000000,0.000000,0.000000,0.000000,0.000000,0.000000,0.000000,0.000000,0.000000,0.000000,0.000000,0.000000,0.000000,0.000000,0.000000,0.000000,0.000000,0.000000,0.000000,999.981607,999.981547,999.981920,999.982432,999.982813,999.983242,999.983637,999.984067,999.984540,999.984994,999.985491,999.985992,999.986511,999.987029,999.987542,999.988081,999.988640,999.989192,999.989766,999.990353,999.990938,999.991542,999.992152,999.992744,999.993361,999.993965,999.994554,999.995145,999.995721,999.996284,999.996857,999.997384,999.997894,999.998378,999.998867,999.999315,999.999755,1000.000136,1000.000540,1000.000899,1000.001256,1000.001574,1000.001900,1000.002190,1000.002460,1000.002725,1000.002960,1000.003191,1000.003408,1000.003617,1000.003817,1000.004012,1000.004191,1000.004381,1000.004551,1000.004719,1000.004862,1000.004997,1000.005136,1000.005259,1000.005415,1000.005545,1000.005473,0.000000,0.000000,0.000000,0.000000,0.000000,0.000000,0.000000,0.000000,0.000000,0.000000,0.000000,0.000000,0.000000,0.000000,0.000000,0.000000,0.000000,0.000000,0.000000,0.000000
0.000000,0.000000,0.000000,0.000000,0.000000,0.000000,0.000000,0.000000,0.000000,0.000000,0.000000,0.000000,0.000000,0.000000,0.000000,0.000000,0.000000,0.000000,0.000000,999.981299,999.981585,999.981784,999.982166,999.982390,999.982827,999.983222,999.983626,999.984034,999.984459,999.984893,999.985378,999.985849,999.986358,999.986847,999.987381,999.987921,999.988483,999.989042,999.989630,999.990220,999.990832,999.991437,999.992078,999.992697,999.993327,999.993933,999.994546,999.995155,999.995752,999.996324,999.996888,999.997432,999.997953,999.998462,999.998950,999.999400,999.999838,1000.000266,1000.000638,1000.001019,1000.001344,1000.001677,1000.001980,1000.002255,1000.002525,1000.002787,1000.003027,1000.003237,1000.003452,1000.003659,1000.003857,1000.004042,1000.004210,1000.004379,1000.004535,1000.004692,1000.004821,1000.004954,1000.005099,1000.005232,1000.005310,1000.005421,1000.005483,1000.005548,0.000000,0.000000,0.000000,0.000000,0.000000,0.000000,0.000000,0.000000,0.000000,0.000000,0.000000,0.000000,0.000000,0.000000,0.000000,0.000000,0.000000,0.000000,0.000000
0.000000,0.000000,0.000000,0.000000,0.000000,0.000000,0.000000,0.000000,0.000000,0.000000,0.000000,0.000000,0.000000,0.000000,0.000000,0.000000,0.000000,0.000000,999.980972,999.981349,999.981647,999.981932,999.982224,999.982507,999.982876,999.983221,999.983598,999.983968,999.984359,999.984797,999.985237,999.985698,999.986180,999.986682,999.987213,999.987746,999.988311,999.988881,999.989480,999.990088,999.990716,999.991351,999.991983,999.992636,999.993281,999.993913,999.994567,999.995192,999.995792,999.996387,999.996961,999.997514,999.998048,999.998567,999.999040,999.999496,999.999921,1000.000338,1000.000737,1000.001094,1000.001444,1000.001778,1000.002074,1000.002359,1000.002621,1000.002865,1000.003096,1000.003322,1000.003528,1000.003720,1000.003893,1000.004079,1000.004245,1000.004402,1000.004542,1000.004689,1000.004820,1000.004934,1000.005066,1000.005176,1000.005262,1000.005362,1000.005448,1000.005544,1000.005653,0.000000,0.000000,0.000000,0.000000,0.000000,0.000000,0.000000,0.000000,0.000000,0.000000,0.000000,0.000000,0.000000,0.000000,0.000000,0.000000,0.000000,0.000000
0.000000,0.000000,0.000000,0.000000,0.000000,0.000000,0.000000,0.000000,0.000000,0.000000,0.000000,0.000000,0.000000,0.000000,0.000000,0.000000,0.000000,999.980733,999.981143,999.981431,999.981713,999.981994,999.982259,999.982557,999.982861,999.983184,999.983517,999.983879,999.984259,999.984674,999.985084,999.985526,999.985999,999.986492,999.987005,999.987561,999.988114,999.988706,999.989320,999.989942,999.990602,999.991250,999.991925,999.992580,999.993257,999.993916,999.994579,999.995218,999.995843,999.996455,999.997059,999.997618,999.998162,999.998677,999.999173,999.999651,1000.000099,1000.000504,1000.000889,1000.001245,1000.001576,1000.001894,1000.002185,1000.002465,1000.002737,1000.002955,1000.003188,1000.003392,1000.003608,1000.003782,1000.003951,1000.004112,1000.004275,1000.004421,1000.004557,1000.004687,1000.004825,1000.004926,1000.005034,1000.005146,1000.005235,1000.005319,1000.005413,1000.005515,1000.005611,1000.005721,0.000000,0.000000,0.000000,0.000000,0.000000,0.000000,0.000000,0.000000,0.000000,0.000000,0.000000,0.000000,0.000000,0.000000,0.000000,0.000000,0.000000
0.000000,0.000000,0.000000,0.000000,0.000000,0.000000,0.000000,0.000000,0.000000,0.000000,0.000000,0.000000,0.000000,0.000000,0.000000,0.000000,999.980695,999.980977,999.981271,999.981523,999.981812,999.982068,999.982321,999.982590,999.982863,999.983153,999.983465,999.983798,999.984144,999.984520,999.984900,999.985333,999.985790,999.986268,999.986786,999.987328,999.987894,999.988497,999.989138,999.989773,999.990454,999.991131,999.991829,999.992539,999.993231,999.993928,999.994618,999.995272,999.995941,999.996568,999.997171,999.997749,999.998305,999.998826,999.999307,999.999785,1000.000212,1000.000639,1000.001022,1000.001401,1000.001736,1000.002050,1000.002338,1000.002599,1000.002850,1000.003087,1000.003305,1000.003503,1000.003675,1000.003869,1000.004017,1000.004186,1000.004320,1000.004455,1000.004586,1000.004689,1000.004813,1000.004914,1000.005020,1000.005110,1000.005208,1000.005282,1000.005377,1000.005461,1000.005555,1000.005653,1000.005776,0.000000,0.000000,0.000000,0.000000,0.000000,0.000000,0.000000,0.000000,0.000000,0.000000,0.000000,0.000000,0.000000,0.000000,0.000000,0.000000
0.000000,0.000000,0.000000,0.000000,0.000000,0.000000,0.000000,0.000000,0.000000,0.000000,0.000000,0.000000,0.000000,0.000000,0.000000,999.980733,999.980977,999.981251,999.981480,999.981707,999.981942,999.982143,999.982358,999.982602,999.982830,999.983100,999.983375,999.983663,999.983978,999.984320,999.984697,999.985111,999.985548,999.986024,999.986536,999.987079,999.987665,999.988289,999.988936,999.989604,999.990306,999.991015,999.991747,999.992471,999.993207,999.993932,999.994655,999.995340,999.996020,999.996680,999.997290,999.997895,999.998468,999.999021,999.999532,1000.000004,1000.000439,1000.000832,1000.001223,1000.001572,1000.001897,1000.002199,1000.002496,1000.002749,1000.002985,1000.003207,1000.003424,1000.003609,1000.003775,1000.003952,1000.004112,1000.004235,1000.004376,1000.004502,1000.004608,1000.004724,1000.004826,1000.004919,1000.005009,1000.005104,1000.005174,1000.005262,1000.005340,1000.005420,1000.005498,1000.005579,1000.005681,1000.005745,0.000000,0.000000,0.000000,0.000000,0.000000,0.000000,0.000000,0.000000,0.000000,0.000000,0.000000,0.000000,0.000000,0.000000,0.000000
0.000000,0.000000,0.000000,0.000000,0.000000,0.000000,0.000000,0.000000,0.000000,0.000000,0.000000,0.000000,0.000000,0.000000,999.980972,999.981143,999.981271,999.981480,999.981637,999.981789,999.982005,999.982168,999.982399,999.982605,999.982814,999.983035,999.983270,999.983532,999.983818,999.984132,999.984483,999.984857,999.985277,999.985738,999.986240,999.986796,999.987390,999.988022,999.988683,999.989395,999.990133,999.990885,999.991656,999.992429,999.993208,999.993972,999.994719,999.995458,999.996162,999.996844,999.997493,999.998101,999.998657,999.999198,999.999693,1000.000182,1000.000638,1000.001063,1000.001436,1000.001791,1000.002103,1000.002403,1000.002676,1000.002936,1000.003155,1000.003377,1000.003547,1000.003743,1000.003898,1000.004051,1000.004187,1000.004325,1000.004431,1000.004549,1000.004659,1000.004735,1000.004840,1000.004920,1000.004997,1000.005083,1000.005156,1000.005223,1000.005303,1000.005373,1000.005447,1000.005511,1000.005589,1000.005668,1000.005733,0.000000,0.000000,0.000000,0.000000,0.000000,0.000000,0.000000,0.000000,0.000000,0.000000,0.000000,0.000000,0.000000,0.000000
0.000000,0.000000,0.000000,0.000000,0.000000,0.000000,0.000000,0.000000,0.000000,0.000000,0.000000,0.000000,0.000000,999.981299,999.981349,999.981431,999.981523,999.981707,999.981789,999.981990,999.982184,999.982302,999.982481,999.982595,999.982742,999.982923,999.983127,999.983349,999.983596,999.983884,999.984189,999.984553,999.984952,999.985408,999.985912,999.986467,999.987072,999.987727,999.988424,999.989180,999.989940,999.990743,999.991547,999.992384,999.993196,999.993997,999.994786,999.995554,999.996291,999.996997,999.997668,999.998329,999.998935,999.999490,999.999996,1000.000462,1000.000890,1000.001295,1000.001664,1000.002009,1000.002332,1000.002618,1000.002869,1000.003113,1000.003329,1000.003535,1000.003708,1000.003881,1000.004028,1000.004170,1000.004282,1000.004405,1000.004514,1000.004606,1000.004707,1000.004789,1000.004860,1000.004942,1000.005001,1000.005070,1000.005138,1000.005198,1000.005256,1000.005319,1000.005384,1000.005450,1000.005505,1000.005568,1000.005622,1000.005652,0.000000,0.000000,0.000000,0.000000,0.000000,0.000000,0.000000,0.000000,0.000000,0.000000,0.000000,0.000000,0.000000
0.000000,0.000000,0.000000,0.000000,0.000000,0.000000,0.000000,0.000000,0.000000,0.000000,0.000000,0.000000,999.981607,999.981585,999.981647,999.981713,999.981812,999.981942,999.982005,999.982184,999.982237,999.982274,999.982426,999.982519,999.982694,999.982866,999.983013,999.983183,999.983390,999.983619,999.983903,999.984224,999.984601,999.985038,999.985517,999.986085,999.986691,999.987382,999.988121,999.988909,999.989721,999.990582,999.991456,999.992327,999.993210,999.994082,999.994927,999.995742,999.996509,999.997243,999.997911,999.998548,999.999147,999.999708,1000.000259,1000.000744,1000.001185,1000.001594,1000.001949,1000.002286,1000.002593,1000.002863,1000.003107,1000.003335,1000.003534,1000.003721,1000.003881,1000.004042,1000.004160,1000.004294,1000.004402,1000.004508,1000.004584,1000.004676,1000.004743,1000.004826,1000.004886,1000.004956,1000.005012,1000.005067,1000.005114,1000.005178,1000.005232,1000.005279,1000.005330,1000.005380,1000.005430,1000.005488,1000.005535,1000.005567,1000.005606,0.000000,0.000000,0.000000,0.000000,0.000000,0.000000,0.000000,0.000000,0.000000,0.000000,0.000000,0.000000
0.000000,0.000000,0.000000,0.000000,0.000000,0.000000,0.000000,0.000000,0.000000,0.000000,0.000000,999.981276,999.981547,999.981784,999.981932,999.981994,999.982068,999.982143,999.982168,999.982302,999.982274,999.982404,999.982586,999.982591,999.982702,999.982725,999.982789,999.982920,999.983082,999.983278,999.983515,999.983806,999.984163,999.984576,999.985075,999.985644,999.986285,999.986997,999.987770,999.988600,999.989483,999.990407,999.991342,999.992276,999.993211,999.994142,999.995029,999.995885,999.996707,999.997499,999.998249,999.998921,999.999527,1000.000089,1000.000588,1000.001057,1000.001490,1000.001889,1000.002251,1000.002569,1000.002853,1000.003115,1000.003353,1000.003576,1000.003747,1000.003927,1000.004061,1000.004207,1000.004320,1000.004428,1000.004520,1000.004610,1000.004691,1000.004751,1000.004819,1000.004874,1000.004924,1000.004964,1000.005018,1000.005062,1000.005100,1000.005144,1000.005185,1000.005238,1000.005278,1000.005330,1000.005359,1000.005404,1000.005461,1000.005517,1000.005617,1000.005715,0.000000,0.000000,0.000000,0.000000,0.000000,0.000000,0.000000,0.000000,0.000000,0.000000,0.000000
0.000000,0.000000,0.000000,0.000000,0.000000,0.000000,0.000000,0.000000,0.000000,0.000000,0.000000,999.980746,999.981920,999.982166,999.982224,999.982259,999.982321,999.982358,999.982399,999.982481,999.982426,999.982586,999.982510,999.982384,999.982489,999.982503,999.982613,999.982744,999.982837,999.982960,999.983139,999.983386,999.983696,999.984079,999.984557,999.985120,999.985761,999.986516,999.987337,999.988239,999.989205,999.990207,999.991228,999.992267,999.993295,999.994284,999.995238,999.996154,999.996999,999.997772,999.998500,999.999192,999.999861,1000.000447,1000.000984,1000.001449,1000.001877,1000.002252,1000.002597,1000.002904,1000.003176,1000.003421,1000.003636,1000.003824,1000.003989,1000.004140,1000.004281,1000.004385,1000.004486,1000.004575,1000.004658,1000.004715,1000.004785,1000.004831,1000.004879,1000.004919,1000.004963,1000.004993,1000.005031,1000.005061,1000.005092,1000.005119,1000.005144,1000.005184,1000.005220,1000.005256,1000.005299,1000.005340,1000.005374,1000.005409,1000.005519,1000.005866,0.000000,0.000000,0.000000,0.000000,0.000000,0.000000,0.000000,0.000000,0.000000,0.000000,0.000000
0.000000,0.000000,0.000000,0.000000,0.000000,0.000000,0.000000,0.000000,0.000000,0.000000,999.983051,999.982563,999.982432,999.982390,999.982507,999.982557,999.982590,999.982602,999.982605,999.982595,999.982519,999.982591,999.982384,999.982464,999.982653,999.982501,999.982506,999.982438,999.982390,999.982479,999.982618,999.982822,999.983084,999.983449,999.983921,999.984486,999.985186,999.985982,999.986866,999.987845,999.988885,999.989961,999.991077,999.992209,999.993317,999.994381,999.995407,999.996425,999.997365,999.998226,999.998998,999.999681,1000.000286,1000.000846,1000.001380,1000.001843,1000.002271,1000.002637,1000.002960,1000.003252,1000.003518,1000.003746,1000.003925,1000.004103,1000.004253,1000.004384,1000.004493,1000.004592,1000.004664,1000.004740,1000.004800,1000.004847,1000.004886,1000.004924,1000.004949,1000.004974,1000.005010,1000.005022,1000.005045,1000.005064,1000.005078,1000.005107,1000.005115,1000.005134,1000.005167,1000.005185,1000.005219,1000.005252,1000.005301,1000.005355,1000.005386,1000.005369,1000.005290,0.000000,0.000000,0.000000,0.000000,0.000000,0.000000,0.000000,0.000000,0.000000,0.000000
0.000000,0.000000,0.000000,0.000000,0.000000,0.000000,0.000000,0.000000,0.000000,999.982766,999.982729,999.983003,999.982813,999.982827,999.982876,999.982861,999.982863,999.982830,999.982814,999.982742,999.982694,999.982702,999.982489,999.982653,999.982407,999.982022,999.982084,999.982007,999.982046,999.982145,999.982174,999.982265,999.982469,999.982790,999.983217,999.983784,999.984470,999.985305,999.986271,999.987354,999.988524,999.989741,999.991005,999.992242,999.993468,999.994662,999.995747,999.996733,999.997666,999.998541,999.999382,1000.000141,1000.000803,1000.001378,1000.001882,1000.002329,1000.002725,1000.003073,1000.003384,1000.003650,1000.003874,1000.004085,1000.004254,1000.004403,1000.004541,1000.004639,1000.004721,1000.004804,1000.004863,1000.004905,1000.004947,1000.004972,1000.004998,1000.005022,1000.005033,1000.005030,1000.005050,1000.005052,1000.005052,1000.005064,1000.005061,1000.005080,1000.005091,1000.005081,1000.005114,1000.005128,1000.005145,1000.005168,1000.005198,1000.005238,1000.005278,1000.005259,1000.005380,1000.005403,0.000000,0.000000,0.000000,0.000000,0.000000,0.000000,0.000000,0.000000,0.000000
0.000000,0.000000,0.000000,0.000000,0.000000,0.000000,0.000000,0.000000,0.000000,999.981857,999.983118,999.983330,999.983242,999.983222,999.983221,999.983184,999.983153,999.983100,999.983035,999.982923,999.982866,999.982725,999.982503,999.982501,999.982022,999.982019,999.982265,999.981922,999.981771,999.981579,999.981396,999.981455,999.981626,999.981895,999.982297,999.982867,999.983641,999.984552,999.985607,999.986793,999.988065,999.989422,999.990827,999.992190,999.993514,999.994863,999.996126,999.997277,999.998302,999.999189,999.999955,1000.000653,1000.001318,1000.001894,1000.002398,1000.002832,1000.003217,1000.003547,1000.003837,1000.004081,1000.004273,1000.004458,1000.004614,1000.004730,1000.004820,1000.004910,1000.004967,1000.005022,1000.005070,1000.005084,1000.005106,1000.005118,1000.005113,1000.005116,1000.005123,1000.005103,1000.005091,1000.005079,1000.005069,1000.005067,1000.005045,1000.005042,1000.005047,1000.005042,1000.005042,1000.005055,1000.005070,1000.005091,1000.005105,1000.005135,1000.005169,1000.005167,1000.005277,1000.005693,0.000000,0.000000,0.000000,0.000000,0.000000,0.000000,0.000000,0.000000,0.000000
0.000000,0.000000,0.000000,0.000000,0.000000,0.000000,0.000000,0.000000,999.983720,999.983520,999.983593,999.983556,999.983637,999.983626,999.983598,999.983517,999.983465,999.983375,999.983270,999.983127,999.983013,999.982789,999.982613,999.982506,999.982084,999.982265,999.981826,999.981014,999.980984,999.980811,999.980770,999.980858,999.980879,999.981003,999.981339,999.981899,999.982617,999.983563,999.984756,999.986108,999.987624,999.989182,999.990788,999.992379,999.993837,999.995181,999.996439,999.997620,999.998730,999.999766,1000.000640,1000.001358,1000.001983,1000.002534,1000.003006,1000.003421,1000.003770,1000.004067,1000.004320,1000.004537,1000.004716,1000.004860,1000.004982,1000.005072,1000.005142,1000.005201,1000.005247,1000.005254,1000.005273,1000.005276,1000.005271,1000.005265,1000.005240,1000.005213,1000.005189,1000.005167,1000.005146,1000.005109,1000.005084,1000.005069,1000.005041,1000.005019,1000.005010,1000.004992,1000.004991,1000.004979,1000.004972,1000.005000,1000.005007,1000.005013,1000.005060,1000.005111,1000.005146,1000.005213,1000.005225,0.000000,0.000000,0.000000,0.000000,0.000000,0.000000,0.000000,0.000000
0.000000,0.000000,0.000000,0.000000,0.000000,0.000000,0.000000,0.000000,999.982592,999.984225,999.984107,999.984076,999.984067,999.984034,999.983968,999.983879,999.983798,999.983663,999.983532,999.983349,999.983183,999.982920,999.982744,999.982438,999.982007,999.981922,999.981014,999.980813,999.981191,999.980630,999.980249,999.979904,999.979582,999.979665,999.979985,999.980495,999.981358,999.982451,999.983771,999.985303,999.986980,999.988728,999.990514,999.992380,999.994175,999.995808,999.997260,999.998495,999.999507,1000.000434,1000.001299,1000.002051,1000.002681,1000.003212,1000.003663,1000.004050,1000.004368,1000.004634,1000.004846,1000.005035,1000.005177,1000.005284,1000.005369,1000.005443,1000.005479,1000.005509,1000.005515,1000.005513,1000.005499,1000.005475,1000.005442,1000.005406,1000.005370,1000.005327,1000.005283,1000.005223,1000.005196,1000.005147,1000.005096,1000.005053,1000.005025,1000.004988,1000.004957,1000.004941,1000.004917,1000.004911,1000.004894,1000.004890,1000.004915,1000.004915,1000.004932,1000.004977,1000.005006,1000.005014,1000.005568,0.000000,0.000000,0.000000,0.000000,0.000000,0.000000,0.000000,0.000000
0.000000,0.000000,0.000000,0.000000,0.000000,0.000000,0.000000,999.985259,999.984770,999.984685,999.984510,999.984563,999.984540,999.984459,999.984359,999.984259,999.984144,999.983978,999.983818,999.983596,999.983390,999.983082,999.982837,999.982390,999.982046,999.981771,999.980984,999.981191,999.980592,999.979095,999.978814,999.978519,999.978373,999.978525,999.978692,999.979148,999.979857,999.980984,999.982545,999.984326,999.986440,999.988620,999.990634,999.992581,999.994416,999.996115,999.997712,999.999214,1000.000443,1000.001410,1000.002215,1000.002918,1000.003503,1000.003996,1000.004401,1000.004739,1000.005013,1000.005242,1000.005420,1000.005564,1000.005663,1000.005740,1000.005789,1000.005822,1000.005835,1000.005817,1000.005805,1000.005767,1000.005731,1000.005680,1000.005622,1000.005556,1000.005493,1000.005431,1000.005370,1000.005292,1000.005229,1000.005181,1000.005113,1000.005063,1000.004996,1000.004964,1000.004911,1000.004879,1000.004842,1000.004827,1000.004807,1000.004793,1000.004794,1000.004794,1000.004796,1000.004822,1000.004893,1000.004880,1000.004923,1000.004779,0.000000,0.000000,0.000000,0.000000,0.000000,0.000000,0.000000
0.000000,0.000000,0.000000,0.000000,0.000000,0.000000,0.000000,999.983818,999.985560,999.985257,999.985174,999.985094,999.984994,999.984893,999.984797,999.984674,999.984520,999.984320,999.984132,999.983884,999.983619,999.983278,999.982960,999.982479,999.982145,999.981579,999.980811,999.980630,999.979095,999.978357,999.978897,999.978151,999.977458,999.977011,999.976651,999.976885,999.977894,999.979254,999.981011,999.983123,999.985416,999.988048,999.990713,999.993203,999.995437,999.997313,999.998778,1000.000098,1000.001323,1000.002360,1000.003176,1000.003856,1000.004398,1000.004852,1000.005209,1000.005496,1000.005714,1000.005900,1000.006021,1000.006120,1000.006187,1000.006227,1000.006231,1000.006217,1000.006195,1000.006155,1000.006099,1000.006039,1000.005965,1000.005882,1000.005807,1000.005721,1000.005625,1000.005534,1000.005453,1000.005364,1000.005272,1000.005194,1000.005122,1000.005049,1000.004977,1000.004916,1000.004869,1000.004816,1000.004766,1000.004736,1000.004722,1000.004679,1000.004677,1000.004679,1000.004674,1000.004672,1000.004688,1000.004696,1000.004654,1000.005323,0.000000,0.000000,0.000000,0.000000,0.000000,0.000000,0.000000
0.000000,0.000000,0.000000,0.000000,0.000000,0.000000,999.986895,999.986249,999.986044,999.985721,999.985730,999.985601,999.985491,999.985378,999.985237,999.985084,999.984900,999.984697,999.984483,999.984189,999.983903,999.983515,999.983139,999.982618,999.982174,999.981396,999.980770,999.980249,999.978814,999.978897,999.978238,999.975793,999.974880,999.974315,999.974151,999.974802,999.975501,999.976829,999.979050,999.981718,999.984649,999.987684,999.990578,999.993305,999.995846,999.998244,1000.000147,1000.001535,1000.002650,1000.003582,1000.004331,1000.004935,1000.005406,1000.005784,1000.006077,1000.006301,1000.006470,1000.006591,1000.006670,1000.006708,1000.006725,1000.006720,1000.006692,1000.006641,1000.006572,1000.006499,1000.006411,1000.006307,1000.006208,1000.006097,1000.005985,1000.005872,1000.005766,1000.005636,1000.005538,1000.005419,1000.005323,1000.005214,1000.005115,1000.005046,1000.004955,1000.004871,1000.004799,1000.004753,1000.004690,1000.004632,1000.004608,1000.004571,1000.004539,1000.004542,1000.004531,1000.004527,1000.004527,1000.004564,1000.004498,1000.004506,1000.004368,0.000000,0.000000,0.000000,0.000000,0.000000,0.000000
0.000000,0.000000,0.000000,0.000000,0.000000,0.000000,999.985330,999.987048,999.986587,999.986425,999.986262,999.986116,999.985992,999.985849,999.985698,999.985526,999.985333,999.985111,999.984857,999.984553,999.984224,999.983806,999.983386,999.982822,999.982265,999.981455,999.980858,999.979904,999.978519,999.978151,999.975793,999.973794,999.974109,999.973278,999.972421,999.971937,999.972454,999.974182,999.976677,999.980230,999.984010,999.987855,999.991665,999.994897,999.997354,999.999466,1000.001386,1000.002929,1000.004075,1000.004944,1000.005612,1000.006131,1000.006515,1000.006806,1000.007014,1000.007166,1000.007268,1000.007317,1000.007343,1000.007337,1000.007296,1000.007233,1000.007162,1000.007075,1000.006968,1000.006845,1000.006725,1000.006591,1000.006458,1000.006316,1000.006175,1000.006021,1000.005891,1000.005753,1000.005610,1000.005486,1000.005354,1000.005238,1000.005110,1000.005007,1000.004916,1000.004831,1000.004737,1000.004664,1000.004614,1000.004544,1000.004495,1000.004459,1000.004422,1000.004392,1000.004376,1000.004360,1000.004364,1000.004345,1000.004326,1000.004234,1000.004910,0.000000,0.000000,0.000000,0.000000,0.000000,0.000000
0.000000,0.000000,0.000000,0.000000,0.000000,999.988575,999.987802,999.987458,999.987025,999.986974,999.986795,999.986646,999.986511,999.986358,999.986180,999.985999,999.985790,999.985548,999.985277,999.984952,999.984601,999.984163,999.983696,999.983084,999.982469,999.981626,999.980879,999.979582,999.978373,999.977458,999.974880,999.974109,999.973375,999.969767,999.967652,999.967185,999.967440,999.969431,999.972713,999.976874,999.982039,999.987241,999.991867,999.996147,999.999516,1000.001793,1000.003478,1000.004794,1000.005793,1000.006518,1000.007054,1000.007438,1000.007714,1000.007897,1000.008019,1000.008081,1000.008103,1000.008087,1000.008038,1000.007976,1000.007887,1000.007775,1000.007648,1000.007513,1000.007366,1000.007207,1000.007048,1000.006875,1000.006704,1000.006529,1000.006355,1000.006185,1000.006007,1000.005846,1000.005695,1000.005521,1000.005387,1000.005253,1000.005116,1000.004983,1000.004867,1000.004776,1000.004666,1000.004569,1000.004505,1000.004436,1000.004372,1000.004326,1000.004291,1000.004244,1000.004228,1000.004213,1000.004177,1000.004165,1000.004203,1000.004103,1000.004034,1000.003754,0.000000,0.000000,0.000000,0.000000,0.000000
0.000000,0.000000,0.000000,0.000000,0.000000,999.986969,999.988393,999.987886,999.987694,999.987493,999.987330,999.987184,999.987029,999.986847,999.986682,999.986492,999.986268,999.986024,999.985738,999.985408,999.985038,999.984576,999.984079,999.983449,999.982790,999.981895,999.981003,999.979665,999.978525,999.977011,999.974315,999.973278,999.969767,999.965389,999.963989,999.962364,999.962744,999.965268,999.969370,999.975803,999.982376,999.988358,999.993695,999.997963,1000.001519,1000.004118,1000.005832,1000.006974,1000.007756,1000.008291,1000.008643,1000.008864,1000.008996,1000.009056,1000.009066,1000.009038,1000.008969,1000.008884,1000.008770,1000.008632,1000.008490,1000.008324,1000.008150,1000.007960,1000.007777,1000.007568,1000.007371,1000.007161,1000.006955,1000.006740,1000.006544,1000.006334,1000.006142,1000.005936,1000.005755,1000.005583,1000.005391,1000.005246,1000.005093,1000.004956,1000.004813,1000.004704,1000.004596,1000.004477,1000.004407,1000.004320,1000.004249,1000.004182,1000.004147,1000.004098,1000.004062,1000.004032,1000.004025,1000.004000,1000.003963,1000.003944,1000.003814,1000.004456,0.000000,0.000000,0.000000,0.000000,0.000000
0.000000,0.000000,0.000000,0.000000,999.989329,999.989015,999.988694,999.988233,999.988179,999.988015,999.987868,999.987715,999.987542,999.987381,999.987213,999.987005,999.986786,999.986536,999.986240,999.985912,999.985517,999.985075,999.984557,999.983921,999.983217,999.982297,999.981339,999.979985,999.978692,999.976651,999.974151,999.972421,999.967652,999.963989,999.960645,999.955833,999.954085,999.955591,999.962030,999.971143,999.980904,999.990561,999.997800,1000.002318,1000.005337,1000.007365,1000.008683,1000.009493,1000.009955,1000.010220,1000.010347,1000.010370,1000.010341,1000.010266,1000.010156,1000.010019,1000.009862,1000.009694,1000.009511,1000.009309,1000.009101,1000.008886,1000.008659,1000.008422,1000.008188,1000.007944,1000.007689,1000.007444,1000.007207,1000.006955,1000.006712,1000.006480,1000.006246,1000.006035,1000.005816,1000.005615,1000.005426,1000.005229,1000.005060,1000.004909,1000.004758,1000.004607,1000.004500,1000.004388,1000.004282,1000.004182,1000.004117,1000.004052,1000.003992,1000.003939,1000.003906,1000.003870,1000.003836,1000.003838,1000.003812,1000.003830,1000.003704,1000.003672,1000.003614,0.000000,0.000000,0.000000,0.000000
0.000000,0.000000,0.000000,0.000000,999.987531,999.988832,999.988846,999.988845,999.988698,999.988524,999.988393,999.988239,999.988081,999.987921,999.987746,999.987561,999.987328,999.987079,999.986796,999.986467,999.986085,999.985644,999.985120,999.984486,999.983784,999.982867,999.981899,999.980495,999.979148,999.976885,999.974802,999.971937,999.967185,999.962364,999.955833,999.945124,999.938489,999.943088,999.952705,999.965005,999.980266,999.993140,1000.001591,1000.007300,1000.010070,1000.011395,1000.012052,1000.012316,1000.012367,1000.012281,1000.012136,1000.011942,1000.011727,1000.011502,1000.011266,1000.011020,1000.010777,1000.010518,1000.010261,1000.009992,1000.009727,1000.009447,1000.009176,1000.008883,1000.008596,1000.008310,1000.008022,1000.007722,1000.007445,1000.007161,1000.006889,1000.006616,1000.006352,1000.006103,1000.005864,1000.005634,1000.005421,1000.005229,1000.005014,1000.004845,1000.004690,1000.004527,1000.004393,1000.004284,1000.004159,1000.004050,1000.003974,1000.003893,1000.003825,1000.003761,1000.003734,1000.003695,1000.003665,1000.003651,1000.003622,1000.003637,1000.003672,1000.003752,1000.004367,0.000000,0.000000,0.000000,0.000000
