0.000000,0.000000,0.000000,0.000000,0.000000,0.000000,0.000000,0.000000,0.000000,0.000000,0.000000,0.000000,0.000000,0.000000,0.000000,0.000000,0.000000,0.000000,0.000000,0.000000,0.000000,0.000000,0.000000,0.000000,0.000000,0.000000,0.000000,0.000000,0.000000,0.000000,0.000000,0.000000,0.000000,0.000000,0.000000,0.000000,0.000000,0.000000,0.000000,0.000000,0.000000,0.000000,0.000000,0.000000,0.000000,0.000000,0.000000,0.000000,0.000000,0.000000,0.000000,0.000000,0.000000,0.000000,0.000000,0.000000,0.000000,0.000000,0.000000,0.000000,0.000000,0.000000,0.000000,0.000000,0.000000,0.000000,0.000000,0.000000,0.000000,0.000000,0.000000,0.000000,0.000000,0.000000,0.000000,0.000000,0.000000,0.000000,0.000000,0.000000,0.000000,0.000000,0.000000,0.000000,0.000000,0.000000,0.000000,0.000000,0.000000,0.000000,0.000000,0.000000,0.000000,0.000000,0.000000,0.000000,0.000000,0.000000,0.000000,0.000000,0.000000,0.000000,0.000000
0.000000,0.000000,0.000000,0.000000,0.000000,0.000000,0.000000,0.000000,0.000000,0.000000,0.000000,0.000000,0.000000,0.000000,0.000000,0.000000,0.000000,0.000000,0.000000,0.000000,0.000000,0.000000,0.000000,0.000000,0.000000,0.000000,0.000000,0.000000,0.000000,0.000000,0.000000,0.000000,0.000000,0.000000,0.000000,0.000000,0.000000,0.000000,0.000000,0.000000,0.000000,0.000000,0.000000,0.000000,0.000000,0.000000,0.000000,0.000000,0.000000,0.000000,0.000000,999.998037,0.000000,0.000000,0.000000,0.000000,0.000000,0.000000,0.000000,0.000000,0.000000,0.000000,0.000000,0.000000,0.000000,0.000000,0.000000,0.000000,0.000000,0.000000,0.000000,0.000000,0.000000,0.000000,0.000000,0.000000,0.000000,0.000000,0.000000,0.000000,0.000000,0.000000,0.000000,0.000000,0.000000,0.000000,0.000000,0.000000,0.000000,0.000000,0.000000,0.000000,0.000000,0.000000,0.000000,0.000000,0.000000,0.000000,0.000000,0.000000,0.000000,0.000000,0.000000
0.000000,0.000000,0.000000,0.000000,0.000000,0.000000,0.000000,0.000000,0.000000,0.000000,0.000000,0.000000,0.000000,0.000000,0.000000,0.000000,0.000000,0.000000,0.000000,0.000000,0.000000,0.000000,0.000000,0.000000,0.000000,0.000000,0.000000,0.000000,0.000000,0.000000,0.000000,0.000000,0.000000,0.000000,0.000000,0.000000,0.000000,0.000000,0.000000,0.000000,0.000000,0.000000,999.995965,999.993444,999.993482,999.994037,999.994635,999.995261,999.995974,999.996971,999.997829,999.997976,999.998111,999.998907,999.999811,1000.000341,1000.000806,1000.001184,1000.001542,1000.001492,999.999713,0.000000,0.000000,0.000000,0.000000,0.000000,0.000000,0.000000,0.000000,0.000000,0.000000,0.000000,0.000000,0.000000,0.000000,0.000000,0.000000,0.000000,0.000000,0.000000,0.000000,0.000000,0.000000,0.000000,0.000000,0.000000,0.000000,0.000000,0.000000,0.000000,0.000000,0.000000,0.000000,0.000000,0.000000,0.000000,0.000000,0.000000,0.000000,0.000000,0.000000,0.000000,0.000000
0.000000,0.000000,0.000000,0.000000,0.000000,0.000000,0.000000,0.000000,0.000000,0.000000,0.000000,0.000000,0.000000,0.000000,0.000000,0.000000,0.000000,0.000000,0.000000,0.000000,0.000000,0.000000,0.000000,0.000000,0.000000,0.000000,0.000000,0.000000,0.000000,0.000000,0.000000,0.000000,0.000000,0.000000,0.000000,0.000000,0.000000,999.992063,999.989629,999.989517,999.990690,999.992579,999.995187,999.994571,999.994157,999.994339,999.994827,999.995417,999.996051,999.996702,999.997664,999.997871,999.998085,999.998965,999.999505,1000.000010,1000.000460,1000.000805,1000.000908,1000.000624,1000.000190,1000.001913,1000.003060,1000.003679,1000.003490,1000.002059,0.000000,0.000000,0.000000,0.000000,0.000000,0.000000,0.000000,0.000000,0.000000,0.000000,0.000000,0.000000,0.000000,0.000000,0.000000,0.000000,0.000000,0.000000,0.000000,0.000000,0.000000,0.000000,0.000000,0.000000,0.000000,0.000000,0.000000,0.000000,0.000000,0.000000,0.000000,0.000000,0.000000,0.000000,0.000000,0.000000,0.000000
0.000000,0.000000,0.000000,0.000000,0.000000,0.000000,0.000000,0.000000,0.000000,0.000000,0.000000,0.000000,0.000000,0.000000,0.000000,0.000000,0.000000,0.000000,0.000000,0.000000,0.000000,0.000000,0.000000,0.000000,0.000000,0.000000,0.000000,0.000000,0.000000,0.000000,0.000000,0.000000,0.000000,0.000000,999.989760,999.988008,999.988980,999.991443,999.991029,999.990792,999.991212,999.992791,999.993727,999.993956,999.994216,999.994540,999.994975,999.995515,999.996096,999.996671,999.997254,999.997787,999.998277,999.998814,999.999290,999.999797,1000.000210,1000.000514,1000.000750,1000.000898,1000.001036,1000.001619,1000.002600,1000.002821,1000.002646,1000.002337,1000.003624,1000.004140,1000.003213,0.000000,0.000000,0.000000,0.000000,0.000000,0.000000,0.000000,0.000000,0.000000,0.000000,0.000000,0.000000,0.000000,0.000000,0.000000,0.000000,0.000000,0.000000,0.000000,0.000000,0.000000,0.000000,0.000000,0.000000,0.000000,0.000000,0.000000,0.000000,0.000000,0.000000,0.000000,0.000000,0.000000,0.000000
0.000000,0.000000,0.000000,0.000000,0.000000,0.000000,0.000000,0.000000,0.000000,0.000000,0.000000,0.000000,0.000000,0.000000,0.000000,0.000000,0.000000,0.000000,0.000000,0.000000,0.000000,0.000000,0.000000,0.000000,0.000000,0.000000,0.000000,0.000000,0.000000,0.000000,0.000000,0.000000,999.989034,999.987448,999.989458,999.989284,999.989996,999.990529,999.990759,999.991200,999.991727,999.992534,999.993076,999.993760,999.994170,999.994563,999.995039,999.995538,999.996089,999.996637,999.997158,999.997697,999.998230,999.998688,999.999190,999.999640,1000.000025,1000.000367,1000.000641,1000.000926,1000.001333,1000.001662,1000.002158,1000.002457,1000.002687,1000.002794,1000.003037,1000.003374,1000.003254,1000.004221,1000.003378,0.000000,0.000000,0.000000,0.000000,0.000000,0.000000,0.000000,0.000000,0.000000,0.000000,0.000000,0.000000,0.000000,0.000000,0.000000,0.000000,0.000000,0.000000,0.000000,0.000000,0.000000,0.000000,0.000000,0.000000,0.000000,0.000000,0.000000,0.000000,0.000000,0.000000,0.000000,0.000000
0.000000,0.000000,0.000000,0.000000,0.000000,0.000000,0.000000,0.000000,0.000000,0.000000,0.000000,0.000000,0.000000,0.000000,0.000000,0.000000,0.000000,0.000000,0.000000,0.000000,0.000000,0.000000,0.000000,0.000000,0.000000,0.000000,0.000000,0.000000,0.000000,0.000000,999.987366,999.985845,999.988261,999.988844,999.989131,999.989281,999.989803,999.990185,999.990772,999.991250,999.991794,999.992373,999.992955,999.993551,999.994043,999.994535,999.995027,999.995551,999.996058,999.996617,999.997125,999.997644,999.998143,999.998637,999.999091,999.999536,999.999927,1000.000295,1000.000621,1000.000972,1000.001328,1000.001688,1000.002006,1000.002301,1000.002547,1000.002858,1000.003037,1000.003264,1000.003301,1000.003457,1000.003699,1000.004763,1000.004093,0.000000,0.000000,0.000000,0.000000,0.000000,0.000000,0.000000,0.000000,0.000000,0.000000,0.000000,0.000000,0.000000,0.000000,0.000000,0.000000,0.000000,0.000000,0.000000,0.000000,0.000000,0.000000,0.000000,0.000000,0.000000,0.000000,0.000000,0.000000,0.000000,0.000000
0.000000,0.000000,0.000000,0.000000,0.000000,0.000000,0.000000,0.000000,0.000000,0.000000,0.000000,0.000000,0.000000,0.000000,0.000000,0.000000,0.000000,0.000000,0.000000,0.000000,0.000000,0.000000,0.000000,0.000000,0.000000,0.000000,0.000000,0.000000,999.985752,999.984356,999.986744,999.987524,999.987932,999.988330,999.988685,999.989282,999.989736,999.990175,999.990694,999.991198,999.991766,999.992317,999.992863,999.993415,999.993971,999.994492,999.994978,999.995496,999.996024,999.996564,999.997081,999.997598,999.998089,999.998564,999.999029,999.999440,999.999858,1000.000234,1000.000587,1000.000947,1000.001298,1000.001644,1000.001964,1000.002269,1000.002540,1000.002794,1000.002998,1000.003217,1000.003469,1000.003598,1000.003784,1000.003944,1000.004270,1000.005268,1000.004603,0.000000,0.000000,0.000000,0.000000,0.000000,0.000000,0.000000,0.000000,0.000000,0.000000,0.000000,0.000000,0.000000,0.000000,0.000000,0.000000,0.000000,0.000000,0.000000,0.000000,0.000000,0.000000,0.000000,0.000000,0.000000,0.000000,0.000000,0.000000
0.000000,0.000000,0.000000,0.000000,0.000000,0.000000,0.000000,0.000000,0.000000,0.000000,0.000000,0.000000,0.000000,0.000000,0.000000,0.000000,0.000000,0.000000,0.000000,0.000000,0.000000,0.000000,0.000000,0.000000,0.000000,0.000000,999.984260,999.983156,999.985281,999.986053,999.986540,999.987070,999.987483,999.988146,999.988644,999.989145,999.989590,999.990083,999.990609,999.991139,999.991687,999.992223,999.992790,999.993349,999.993880,999.994430,999.994951,999.995486,999.996035,999.996528,999.997051,999.997561,999.998059,999.998539,999.998989,999.999432,999.999832,1000.000242,1000.000596,1000.000947,1000.001287,1000.001610,1000.001915,1000.002223,1000.002501,1000.002758,1000.002982,1000.003193,1000.003430,1000.003601,1000.003910,1000.004077,1000.004266,1000.004457,1000.004754,1000.005585,1000.005119,0.000000,0.000000,0.000000,0.000000,0.000000,0.000000,0.000000,0.000000,0.000000,0.000000,0.000000,0.000000,0.000000,0.000000,0.000000,0.000000,0.000000,0.000000,0.000000,0.000000,0.000000,0.000000,0.000000,0.000000,0.000000,0.000000
0.000000,0.000000,0.000000,0.000000,0.000000,0.000000,0.000000,0.000000,0.000000,0.000000,0.000000,0.000000,0.000000,0.000000,0.000000,0.000000,0.000000,0.000000,0.000000,0.000000,0.000000,0.000000,0.000000,0.000000,999.983324,999.982437,999.984062,999.984749,999.985218,999.985782,999.986223,999.986891,999.987433,999.987969,999.988460,999.988947,999.989466,999.989991,999.990519,999.991054,999.991587,999.992136,999.992728,999.993276,999.993808,999.994371,999.994921,999.995476,999.995985,999.996524,999.997034,999.997550,999.998038,999.998501,999.998965,999.999409,999.999818,1000.000203,1000.000589,1000.000950,1000.001308,1000.001635,1000.001947,1000.002222,1000.002498,1000.002747,1000.003010,1000.003218,1000.003447,1000.003651,1000.003865,1000.004087,1000.004358,1000.004526,1000.004735,1000.004895,1000.005119,1000.005718,1000.005351,0.000000,0.000000,0.000000,0.000000,0.000000,0.000000,0.000000,0.000000,0.000000,0.000000,0.000000,0.000000,0.000000,0.000000,0.000000,0.000000,0.000000,0.000000,0.000000,0.000000,0.000000,0.000000,0.000000,0.000000
0.000000,0.000000,0.000000,0.000000,0.000000,0.000000,0.000000,0.000000,0.000000,0.000000,0.000000,0.000000,0.000000,0.000000,0.000000,0.000000,0.000000,0.000000,0.000000,0.000000,0.000000,0.000000,0.000000,999.983593,999.983302,999.983660,999.984128,999.984634,999.985034,999.985679,999.986210,999.986738,999.987282,999.987789,999.988306,999.988812,999.989342,999.989877,999.990398,999.990947,999.991496,999.992067,999.992626,999.993189,999.993762,999.994330,999.994891,999.995414,999.995963,999.996508,999.997050,999.997549,999.998046,999.998517,999.998977,999.999415,999.999834,1000.000234,1000.000608,1000.000947,1000.001310,1000.001616,1000.001946,1000.002228,1000.002500,1000.002758,1000.003011,1000.003241,1000.003454,1000.003690,1000.003881,1000.004074,1000.004300,1000.004509,1000.004750,1000.004869,1000.005068,1000.005207,1000.005330,1000.005183,0.000000,0.000000,0.000000,0.000000,0.000000,0.000000,0.000000,0.000000,0.000000,0.000000,0.000000,0.000000,0.000000,0.000000,0.000000,0.000000,0.000000,0.000000,0.000000,0.000000,0.000000,0.000000,0.000000
0.000000,0.000000,0.000000,0.000000,0.000000,0.000000,0.000000,0.000000,0.000000,0.000000,0.000000,0.000000,0.000000,0.000000,0.000000,0.000000,0.000000,0.000000,0.000000,0.000000,0.000000,999.981866,999.981332,999.983132,999.983525,999.983858,999.984093,999.984607,999.985084,999.985583,999.986093,999.986607,999.987123,999.987614,999.988147,999.988671,999.989205,999.989733,999.990280,999.990833,999.991424,999.991977,999.992549,999.993131,999.993723,999.994283,999.994848,999.995417,999.995972,999.996522,999.997039,999.997541,999.998057,999.998539,999.999000,999.999422,999.999862,1000.000268,1000.000661,1000.001008,1000.001345,1000.001667,1000.001982,1000.002276,1000.002547,1000.002795,1000.003035,1000.003260,1000.003485,1000.003702,1000.003904,1000.004102,1000.004290,1000.004477,1000.004673,1000.004830,1000.005033,1000.005099,1000.005186,1000.005319,1000.005975,1000.005752,0.000000,0.000000,0.000000,0.000000,0.000000,0.000000,0.000000,0.000000,0.000000,0.000000,0.000000,0.000000,0.000000,0.000000,0.000000,0.000000,0.000000,0.000000,0.000000,0.000000,0.000000
0.000000,0.000000,0.000000,0.000000,0.000000,0.000000,0.000000,0.000000,0.000000,0.000000,0.000000,0.000000,0.000000,0.000000,0.000000,0.000000,0.000000,0.000000,0.000000,0.000000,999.982184,999.982125,999.982482,999.982981,999.983359,999.983791,999.984170,999.984594,999.985037,999.985494,999.985975,999.986474,999.986957,999.987469,999.988001,999.988522,999.989047,999.989585,999.990164,999.990710,999.991303,999.991882,999.992480,999.993074,999.993666,999.994236,999.994823,999.995413,999.995989,999.996516,999.997069,999.997587,999.998100,999.998582,999.999064,999.999492,999.999917,1000.000293,1000.000689,1000.001050,1000.001402,1000.001720,1000.002020,1000.002309,1000.002584,1000.002835,1000.003080,1000.003303,1000.003520,1000.003716,1000.003925,1000.004138,1000.004317,1000.004477,1000.004653,1000.004821,1000.004944,1000.005089,1000.005227,1000.005348,1000.005519,1000.005629,1000.005573,0.000000,0.000000,0.000000,0.000000,0.000000,0.000000,0.000000,0.000000,0.000000,0.000000,0.000000,0.000000,0.000000,0.000000,0.000000,0.000000,0.000000,0.000000,0.000000,0.000000
0.000000,0.000000,0.000000,0.000000,0.000000,0.000000,0.000000,0.000000,0.000000,0.000000,0.000000,0.000000,0.000000,0.000000,0.000000,0.000000,0.000000,0.000000,0.000000,999.981862,999.982165,999.982357,999.982718,999.982955,999.983374,999.983765,999.984146,999.984528,999.984955,999.985401,999.985852,999.986319,999.986811,999.987323,999.987823,999.988339,999.988879,999.989442,999.990013,999.990581,999.991182,999.991790,999.992403,999.992995,999.993618,999.994220,999.994832,999.995408,999.995987,999.996539,999.997104,999.997643,999.998137,999.998630,999.999108,999.999569,999.999998,1000.000393,1000.000785,1000.001146,1000.001486,1000.001797,1000.002096,1000.002369,1000.002637,1000.002887,1000.003124,1000.003353,1000.003560,1000.003756,1000.003955,1000.004123,1000.004312,1000.004476,1000.004639,1000.004791,1000.004917,1000.005049,1000.005196,1000.005329,1000.005393,1000.005519,1000.005564,1000.005646,0.000000,0.000000,0.000000,0.000000,0.000000,0.000000,0.000000,0.000000,0.000000,0.000000,0.000000,0.000000,0.000000,0.000000,0.000000,0.000000,0.000000,0.000000,0.000000
0.000000,0.000000,0.000000,0.000000,0.000000,0.000000,0.000000,0.000000,0.000000,0.000000,0.000000,0.000000,0.000000,0.000000,0.000000,0.000000,0.000000,0.000000,999.981587,999.981921,999.982221,999.982501,999.982774,999.983067,999.983406,999.983756,999.984110,999.984491,999.984890,999.985290,999.985715,999.986174,999.986644,999.987128,999.987626,999.988169,999.988726,999.989282,999.989852,999.990467,999.991070,999.991681,999.992315,999.992935,999.993563,999.994206,999.994825,999.995427,999.996021,999.996615,999.997170,999.997716,999.998240,999.998732,999.999195,999.999636,1000.000065,1000.000476,1000.000853,1000.001225,1000.001543,1000.001878,1000.002185,1000.002461,1000.002729,1000.002969,1000.003203,1000.003402,1000.003616,1000.003818,1000.004006,1000.004172,1000.004326,1000.004502,1000.004641,1000.004779,1000.004903,1000.005042,1000.005147,1000.005268,1000.005358,1000.005458,1000.005542,1000.005628,1000.005746,0.000000,0.000000,0.000000,0.000000,0.000000,0.000000,0.000000,0.000000,0.000000,0.000000,0.000000,0.000000,0.000000,0.000000,0.000000,0.000000,0.000000,0.000000
0.000000,0.000000,0.000000,0.000000,0.000000,0.000000,0.000000,0.000000,0.000000,0.000000,0.000000,0.000000,0.000000,0.000000,0.000000,0.000000,0.000000,999.981302,999.981714,999.982003,999.982286,999.982545,999.982801,999.983116,999.983384,999.983711,999.984028,999.984404,999.984746,999.985148,999.985563,999.986006,999.986448,999.986916,999.987430,999.987972,999.988523,999.989077,999.989686,999.990308,999.990927,999.991562,999.992233,999.992877,999.993537,999.994169,999.994816,999.995445,999.996065,999.996668,999.997232,999.997777,999.998310,999.998845,999.999317,999.999775,1000.000225,1000.000624,1000.000997,1000.001341,1000.001681,1000.001994,1000.002284,1000.002552,1000.002810,1000.003051,1000.003272,1000.003494,1000.003679,1000.003859,1000.004026,1000.004201,1000.004355,1000.004507,1000.004645,1000.004781,1000.004903,1000.005014,1000.005127,1000.005222,1000.005325,1000.005414,1000.005498,1000.005593,1000.005690,1000.005794,0.000000,0.000000,0.000000,0.000000,0.000000,0.000000,0.000000,0.000000,0.000000,0.000000,0.000000,0.000000,0.000000,0.000000,0.000000,0.000000,0.000000
0.000000,0.000000,0.000000,0.000000,0.000000,0.000000,0.000000,0.000000,0.000000,0.000000,0.000000,0.000000,0.000000,0.000000,0.000000,0.000000,999.981309,999.981563,999.981843,999.982094,999.982369,999.982611,999.982892,999.983138,999.983399,999.983685,999.983993,999.984296,999.984635,999.985005,999.985381,999.985794,999.986229,999.986711,999.987237,999.987740,999.988283,999.988888,999.989515,999.990136,999.990792,999.991452,999.992135,999.992822,999.993507,999.994179,999.994843,999.995501,999.996140,999.996753,999.997347,999.997917,999.998451,999.998962,999.999437,999.999902,1000.000332,1000.000736,1000.001115,1000.001491,1000.001822,1000.002129,1000.002404,1000.002678,1000.002922,1000.003146,1000.003368,1000.003573,1000.003757,1000.003933,1000.004095,1000.004254,1000.004393,1000.004521,1000.004652,1000.004780,1000.004893,1000.005002,1000.005105,1000.005206,1000.005280,1000.005376,1000.005458,1000.005548,1000.005641,1000.005730,1000.005866,0.000000,0.000000,0.000000,0.000000,0.000000,0.000000,0.000000,0.000000,0.000000,0.000000,0.000000,0.000000,0.000000,0.000000,0.000000,0.000000
0.000000,0.000000,0.000000,0.000000,0.000000,0.000000,0.000000,0.000000,0.000000,0.000000,0.000000,0.000000,0.000000,0.000000,0.000000,999.981302,999.981563,999.981820,999.982046,999.982266,999.982500,999.982705,999.982911,999.983122,999.983351,999.983621,999.983875,999.984162,999.984485,999.984803,999.985167,999.985570,999.985998,999.986474,999.986958,999.987471,999.988055,999.988670,999.989287,999.989940,999.990628,999.991336,999.992036,999.992748,999.993467,999.994179,999.994873,999.995558,999.996209,999.996838,999.997455,999.998059,999.998608,999.999140,999.999636,1000.000112,1000.000518,1000.000927,1000.001293,1000.001649,1000.001961,1000.002264,1000.002546,1000.002812,1000.003059,1000.003270,1000.003473,1000.003664,1000.003831,1000.004005,1000.004157,1000.004313,1000.004445,1000.004561,1000.004684,1000.004785,1000.004901,1000.004983,1000.005082,1000.005175,1000.005263,1000.005333,1000.005426,1000.005513,1000.005587,1000.005672,1000.005739,1000.005816,0.000000,0.000000,0.000000,0.000000,0.000000,0.000000,0.000000,0.000000,0.000000,0.000000,0.000000,0.000000,0.000000,0.000000,0.000000
0.000000,0.000000,0.000000,0.000000,0.000000,0.000000,0.000000,0.000000,0.000000,0.000000,0.000000,0.000000,0.000000,0.000000,999.981587,999.981714,999.981843,999.982046,999.982200,999.982358,999.982562,999.982716,999.982930,999.983122,999.983344,999.983563,999.983769,999.984042,999.984305,999.984617,999.984942,999.985321,999.985715,999.986165,999.986643,999.987205,999.987786,999.988401,999.989033,999.989733,999.990457,999.991202,999.991938,999.992687,999.993446,999.994198,999.994929,999.995644,999.996341,999.997001,999.997628,999.998217,999.998764,999.999289,999.999798,1000.000259,1000.000700,1000.001123,1000.001498,1000.001835,1000.002150,1000.002452,1000.002722,1000.002963,1000.003186,1000.003407,1000.003596,1000.003786,1000.003950,1000.004104,1000.004242,1000.004358,1000.004498,1000.004612,1000.004716,1000.004806,1000.004905,1000.005006,1000.005070,1000.005152,1000.005232,1000.005310,1000.005366,1000.005441,1000.005518,1000.005604,1000.005676,1000.005736,1000.005816,0.000000,0.000000,0.000000,0.000000,0.000000,0.000000,0.000000,0.000000,0.000000,0.000000,0.000000,0.000000,0.000000,0.000000
0.000000,0.000000,0.000000,0.000000,0.000000,0.000000,0.000000,0.000000,0.000000,0.000000,0.000000,0.000000,0.000000,999.981862,999.981921,999.982003,999.982094,999.982266,999.982358,999.982542,999.982717,999.982839,999.983009,999.983131,999.983282,999.983437,999.983634,999.983844,999.984085,999.984349,999.984660,999.985011,999.985397,999.985843,999.986329,999.986886,999.987458,999.988098,999.988779,999.989525,999.990258,999.991032,999.991824,999.992636,999.993442,999.994220,999.994991,999.995730,999.996450,999.997145,999.997809,999.998433,999.999028,999.999578,1000.000066,1000.000528,1000.000934,1000.001347,1000.001703,1000.002044,1000.002359,1000.002645,1000.002903,1000.003140,1000.003352,1000.003559,1000.003728,1000.003901,1000.004053,1000.004195,1000.004327,1000.004432,1000.004541,1000.004661,1000.004744,1000.004834,1000.004901,1000.005001,1000.005062,1000.005138,1000.005200,1000.005270,1000.005348,1000.005393,1000.005455,1000.005523,1000.005587,1000.005640,1000.005699,1000.005726,0.000000,0.000000,0.000000,0.000000,0.000000,0.000000,0.000000,0.000000,0.000000,0.000000,0.000000,0.000000,0.000000
0.000000,0.000000,0.000000,0.000000,0.000000,0.000000,0.000000,0.000000,0.000000,0.000000,0.000000,0.000000,999.982184,999.982165,999.982221,999.982286,999.982369,999.982500,999.982562,999.982717,999.982777,999.982815,999.982968,999.983047,999.983203,999.983361,999.983508,999.983677,999.983860,999.984101,999.984360,999.984679,999.985031,999.985469,999.985933,999.986484,999.987064,999.987750,999.988466,999.989243,999.990018,999.990869,999.991724,999.992591,999.993436,999.994270,999.995105,999.995898,999.996650,999.997365,999.998018,999.998634,999.999228,999.999774,1000.000292,1000.000784,1000.001225,1000.001601,1000.001966,1000.002293,1000.002591,1000.002860,1000.003096,1000.003338,1000.003535,1000.003734,1000.003889,1000.004048,1000.004171,1000.004301,1000.004425,1000.004542,1000.004612,1000.004705,1000.004798,1000.004875,1000.004938,1000.004997,1000.005068,1000.005122,1000.005179,1000.005233,1000.005297,1000.005352,1000.005405,1000.005463,1000.005512,1000.005564,1000.005614,1000.005650,1000.005683,0.000000,0.000000,0.000000,0.000000,0.000000,0.000000,0.000000,0.000000,0.000000,0.000000,0.000000,0.000000
0.000000,0.000000,0.000000,0.000000,0.000000,0.000000,0.000000,0.000000,0.000000,0.000000,0.000000,999.981866,999.982125,999.982357,999.982501,999.982545,999.982611,999.982705,999.982716,999.982839,999.982815,999.982939,999.983101,999.983094,999.983204,999.983220,999.983292,999.983409,999.983572,999.983755,999.983974,999.984260,999.984600,999.985011,999.985480,999.986038,999.986665,999.987362,999.988114,999.988928,999.989784,999.990698,999.991603,999.992519,999.993418,999.994324,999.995196,999.996035,999.996837,999.997607,999.998327,999.998989,999.999593,1000.000121,1000.000620,1000.001077,1000.001509,1000.001889,1000.002237,1000.002564,1000.002847,1000.003100,1000.003344,1000.003547,1000.003728,1000.003900,1000.004058,1000.004194,1000.004323,1000.004424,1000.004520,1000.004625,1000.004702,1000.004769,1000.004834,1000.004909,1000.004963,1000.005015,1000.005073,1000.005123,1000.005162,1000.005204,1000.005259,1000.005298,1000.005345,1000.005392,1000.005434,1000.005482,1000.005533,1000.005584,1000.005698,1000.005788,0.000000,0.000000,0.000000,0.000000,0.000000,0.000000,0.000000,0.000000,0.000000,0.000000,0.000000
0.000000,0.000000,0.000000,0.000000,0.000000,0.000000,0.000000,0.000000,0.000000,0.000000,0.000000,999.981332,999.982482,999.982718,999.982774,999.982801,999.982892,999.982911,999.982930,999.983009,999.982968,999.983101,999.983027,999.982902,999.983014,999.983003,999.983119,999.983221,999.983313,999.983417,999.983598,999.983834,999.984135,999.984507,999.984958,999.985525,999.986147,999.986878,999.987680,999.988564,999.989506,999.990484,999.991471,999.992489,999.993500,999.994469,999.995403,999.996288,999.997094,999.997849,999.998569,999.999237,999.999873,1000.000467,1000.000985,1000.001438,1000.001844,1000.002232,1000.002566,1000.002863,1000.003136,1000.003375,1000.003593,1000.003798,1000.003948,1000.004108,1000.004237,1000.004362,1000.004465,1000.004562,1000.004648,1000.004701,1000.004785,1000.004848,1000.004891,1000.004935,1000.004986,1000.005024,1000.005060,1000.005102,1000.005147,1000.005174,1000.005212,1000.005243,1000.005287,1000.005331,1000.005363,1000.005416,1000.005450,1000.005486,1000.005593,1000.005943,0.000000,0.000000,0.000000,0.000000,0.000000,0.000000,0.000000,0.000000,0.000000,0.000000,0.000000
0.000000,0.000000,0.000000,0.000000,0.000000,0.000000,0.000000,0.000000,0.000000,0.000000,999.983593,999.983132,999.982981,999.982955,999.983067,999.983116,999.983138,999.983122,999.983122,999.983131,999.983047,999.983094,999.982902,999.982981,999.983136,999.982988,999.982994,999.982915,999.982868,999.982945,999.983081,999.983267,999.983525,999.983875,999.984336,999.984895,999.985565,999.986346,999.987206,999.988172,999.989181,999.990241,999.991335,999.992427,999.993507,999.994545,999.995552,999.996530,999.997452,999.998289,999.999048,999.999706,1000.000292,1000.000843,1000.001346,1000.001805,1000.002216,1000.002583,1000.002905,1000.003195,1000.003446,1000.003676,1000.003858,1000.004040,1000.004199,1000.004327,1000.004436,1000.004540,1000.004626,1000.004697,1000.004775,1000.004826,1000.004870,1000.004915,1000.004960,1000.004980,1000.005022,1000.005053,1000.005069,1000.005092,1000.005116,1000.005146,1000.005172,1000.005204,1000.005218,1000.005261,1000.005300,1000.005327,1000.005378,1000.005421,1000.005465,1000.005443,1000.005361,0.000000,0.000000,0.000000,0.000000,0.000000,0.000000,0.000000,0.000000,0.000000,0.000000
0.000000,0.000000,0.000000,0.000000,0.000000,0.000000,0.000000,0.000000,0.000000,999.983324,999.983302,999.983525,999.983359,999.983374,999.983406,999.983384,999.983399,999.983351,999.983344,999.983282,999.983203,999.983204,999.983014,999.983136,999.982906,999.982525,999.982578,999.982488,999.982519,999.982602,999.982632,999.982717,999.982902,999.983214,999.983637,999.984182,999.984850,999.985674,999.986621,999.987681,999.988815,999.990007,999.991248,999.992450,999.993643,999.994813,999.995859,999.996821,999.997731,999.998586,999.999392,1000.000142,1000.000788,1000.001336,1000.001831,1000.002272,1000.002663,1000.003000,1000.003290,1000.003563,1000.003792,1000.004002,1000.004163,1000.004314,1000.004446,1000.004562,1000.004650,1000.004737,1000.004799,1000.004847,1000.004898,1000.004939,1000.004964,1000.004990,1000.005020,1000.005043,1000.005043,1000.005069,1000.005080,1000.005092,1000.005107,1000.005115,1000.005128,1000.005139,1000.005167,1000.005167,1000.005214,1000.005235,1000.005277,1000.005320,1000.005350,1000.005338,1000.005456,1000.005476,0.000000,0.000000,0.000000,0.000000,0.000000,0.000000,0.000000,0.000000,0.000000
0.000000,0.000000,0.000000,0.000000,0.000000,0.000000,0.000000,0.000000,0.000000,999.982437,999.983660,999.983858,999.983791,999.983765,999.983756,999.983711,999.983685,999.983621,999.983563,999.983437,999.983361,999.983220,999.983003,999.982988,999.982525,999.982502,999.982733,999.982377,999.982236,999.982044,999.981868,999.981903,999.982071,999.982335,999.982722,999.983273,999.984029,999.984921,999.985961,999.987109,999.988367,999.989689,999.991059,999.992390,999.993702,999.995002,999.996231,999.997345,999.998351,999.999211,999.999937,1000.000626,1000.001258,1000.001819,1000.002316,1000.002745,1000.003113,1000.003441,1000.003716,1000.003956,1000.004160,1000.004337,1000.004494,1000.004617,1000.004717,1000.004800,1000.004881,1000.004930,1000.004989,1000.005011,1000.005041,1000.005061,1000.005078,1000.005077,1000.005079,1000.005087,1000.005087,1000.005075,1000.005079,1000.005076,1000.005080,1000.005074,1000.005086,1000.005098,1000.005110,1000.005122,1000.005119,1000.005160,1000.005174,1000.005202,1000.005229,1000.005247,1000.005348,1000.005758,0.000000,0.000000,0.000000,0.000000,0.000000,0.000000,0.000000,0.000000,0.000000
0.000000,0.000000,0.000000,0.000000,0.000000,0.000000,0.000000,0.000000,999.984260,999.984062,999.984128,999.984093,999.984170,999.984146,999.984110,999.984028,999.983993,999.983875,999.983769,999.983634,999.983508,999.983292,999.983119,999.982994,999.982578,999.982733,999.982303,999.981505,999.981480,999.981291,999.981228,999.981308,999.981325,999.981436,999.981769,999.982305,999.983016,999.983949,999.985118,999.986434,999.987933,999.989456,999.991021,999.992576,999.994002,999.995302,999.996525,999.997675,999.998755,999.999756,1000.000603,1000.001298,1000.001900,1000.002436,1000.002895,1000.003292,1000.003628,1000.003922,1000.004188,1000.004393,1000.004561,1000.004715,1000.004836,1000.004939,1000.005018,1000.005071,1000.005119,1000.005148,1000.005172,1000.005184,1000.005188,1000.005178,1000.005185,1000.005164,1000.005153,1000.005132,1000.005118,1000.005106,1000.005084,1000.005076,1000.005053,1000.005051,1000.005023,1000.005031,1000.005030,1000.005028,1000.005043,1000.005059,1000.005088,1000.005098,1000.005127,1000.005198,1000.005213,1000.005291,1000.005305,0.000000,0.000000,0.000000,0.000000,0.000000,0.000000,0.000000,0.000000
0.000000,0.000000,0.000000,0.000000,0.000000,0.000000,0.000000,0.000000,999.983156,999.984749,999.984634,999.984607,999.984594,999.984528,999.984491,999.984404,999.984296,999.984162,999.984042,999.983844,999.983677,999.983409,999.983221,999.982915,999.982488,999.982377,999.981505,999.981299,999.981640,999.981067,999.980691,999.980353,999.980039,999.980113,999.980416,999.980930,999.981776,999.982841,999.984143,999.985640,999.987291,999.989003,999.990752,999.992575,999.994316,999.995905,999.997324,999.998521,999.999493,1000.000390,1000.001220,1000.001951,1000.002568,1000.003087,1000.003522,1000.003889,1000.004196,1000.004465,1000.004671,1000.004860,1000.004996,1000.005121,1000.005198,1000.005270,1000.005317,1000.005363,1000.005372,1000.005374,1000.005375,1000.005367,1000.005338,1000.005315,1000.005289,1000.005258,1000.005212,1000.005192,1000.005151,1000.005123,1000.005083,1000.005054,1000.005033,1000.005008,1000.005003,1000.004967,1000.004967,1000.004962,1000.004948,1000.004950,1000.004961,1000.004979,1000.005015,1000.005051,1000.005068,1000.005078,1000.005651,0.000000,0.000000,0.000000,0.000000,0.000000,0.000000,0.000000,0.000000
0.000000,0.000000,0.000000,0.000000,0.000000,0.000000,0.000000,999.985752,999.985281,999.985218,999.985034,999.985084,999.985037,999.984955,999.984890,999.984746,999.984635,999.984485,999.984305,999.984085,999.983860,999.983572,999.983313,999.982868,999.982519,999.982236,999.981480,999.981640,999.981022,999.979580,999.979311,999.979010,999.978854,999.978988,999.979155,999.979590,999.980282,999.981395,999.982926,999.984695,999.986760,999.988894,999.990880,999.992777,999.994567,999.996216,999.997772,999.999216,1000.000405,1000.001332,1000.002115,1000.002785,1000.003354,1000.003820,1000.004211,1000.004546,1000.004816,1000.005041,1000.005206,1000.005343,1000.005465,1000.005536,1000.005597,1000.005628,1000.005646,1000.005647,1000.005636,1000.005615,1000.005579,1000.005543,1000.005505,1000.005441,1000.005395,1000.005351,1000.005295,1000.005237,1000.005192,1000.005136,1000.005089,1000.005046,1000.004991,1000.004962,1000.004933,1000.004896,1000.004877,1000.004874,1000.004865,1000.004848,1000.004858,1000.004852,1000.004877,1000.004905,1000.004955,1000.004968,1000.004988,1000.004847,0.000000,0.000000,0.000000,0.000000,0.000000,0.000000,0.000000
0.000000,0.000000,0.000000,0.000000,0.000000,0.000000,0.000000,999.984356,999.986053,999.985782,999.985679,999.985583,999.985494,999.985401,999.985290,999.985148,999.985005,999.984803,999.984617,999.984349,999.984101,999.983755,999.983417,999.982945,999.982602,999.982044,999.981291,999.981067,999.979580,999.978884,999.979368,999.978588,999.977895,999.977458,999.977101,999.977346,999.978338,999.979681,999.981423,999.983499,999.985751,999.988342,999.990950,999.993383,999.995560,999.997382,999.998800,1000.000071,1000.001258,1000.002249,1000.003046,1000.003688,1000.004203,1000.004638,1000.004983,1000.005265,1000.005481,1000.005652,1000.005782,1000.005882,1000.005938,1000.005983,1000.006002,1000.005999,1000.005986,1000.005949,1000.005910,1000.005858,1000.005805,1000.005725,1000.005668,1000.005596,1000.005511,1000.005432,1000.005366,1000.005289,1000.005213,1000.005158,1000.005076,1000.005042,1000.004976,1000.004903,1000.004882,1000.004835,1000.004806,1000.004776,1000.004753,1000.004743,1000.004749,1000.004722,1000.004734,1000.004759,1000.004757,1000.004778,1000.004738,1000.005395,0.000000,0.000000,0.000000,0.000000,0.000000,0.000000,0.000000
0.000000,0.000000,0.000000,0.000000,0.000000,0.000000,999.987366,999.986744,999.986540,999.986223,999.986210,999.986093,999.985975,999.985852,999.985715,999.985563,999.985381,999.985167,999.984942,999.984660,999.984360,999.983974,999.983598,999.983081,999.982632,999.981868,999.981228,999.980691,999.979311,999.979368,999.978636,999.976246,999.975388,999.974846,999.974678,999.975304,999.975995,999.977321,999.979507,999.982137,999.985035,999.988019,999.990852,999.993510,999.995979,999.998303,1000.000131,1000.001474,1000.002542,1000.003427,1000.004139,1000.004717,1000.005167,1000.005535,1000.005817,1000.006029,1000.006188,1000.006301,1000.006390,1000.006443,1000.006458,1000.006445,1000.006438,1000.006389,1000.006339,1000.006264,1000.006199,1000.006104,1000.006020,1000.005923,1000.005819,1000.005728,1000.005631,1000.005525,1000.005423,1000.005337,1000.005245,1000.005155,1000.005070,1000.005001,1000.004943,1000.004863,1000.004808,1000.004750,1000.004710,1000.004671,1000.004647,1000.004616,1000.004628,1000.004593,1000.004583,1000.004606,1000.004599,1000.004634,1000.004573,1000.004587,1000.004460,0.000000,0.000000,0.000000,0.000000,0.000000,0.000000
0.000000,0.000000,0.000000,0.000000,0.000000,0.000000,999.985845,999.987524,999.987070,999.986891,999.986738,999.986607,999.986474,999.986319,999.986174,999.986006,999.985794,999.985570,999.985321,999.985011,999.984679,999.984260,999.983834,999.983267,999.982717,999.981903,999.981308,999.980353,999.979010,999.978588,999.976246,999.974368,999.974677,999.973796,999.972895,999.972424,999.972950,999.974652,999.977119,999.980651,999.984391,999.988186,999.991915,999.995085,999.997473,999.999508,1000.001357,1000.002831,1000.003916,1000.004742,1000.005378,1000.005867,1000.006234,1000.006506,1000.006705,1000.006846,1000.006951,1000.007001,1000.007021,1000.007016,1000.006992,1000.006942,1000.006871,1000.006788,1000.006695,1000.006602,1000.006481,1000.006368,1000.006242,1000.006121,1000.005993,1000.005863,1000.005735,1000.005622,1000.005495,1000.005376,1000.005262,1000.005174,1000.005058,1000.004958,1000.004887,1000.004813,1000.004750,1000.004668,1000.004628,1000.004578,1000.004526,1000.004483,1000.004471,1000.004458,1000.004438,1000.004444,1000.004427,1000.004421,1000.004404,1000.004305,1000.004992,0.000000,0.000000,0.000000,0.000000,0.000000,0.000000
0.000000,0.000000,0.000000,0.000000,0.000000,999.989034,999.988261,999.987932,999.987483,999.987433,999.987282,999.987123,999.986957,999.986811,999.986644,999.986448,999.986229,999.985998,999.985715,999.985397,999.985031,999.984600,999.984135,999.983525,999.982902,999.982071,999.981325,999.980039,999.978854,999.977895,999.975388,999.974677,999.973827,999.970183,999.968154,999.967741,999.968000,999.970001,999.973276,999.977432,999.982527,999.987635,999.992173,999.996351,999.999601,1000.001789,1000.003399,1000.004641,1000.005584,1000.006268,1000.006771,1000.007128,1000.007382,1000.007550,1000.007659,1000.007721,1000.007738,1000.007736,1000.007685,1000.007625,1000.007537,1000.007445,1000.007337,1000.007208,1000.007065,1000.006929,1000.006777,1000.006624,1000.006470,1000.006314,1000.006158,1000.006002,1000.005839,1000.005701,1000.005562,1000.005419,1000.005279,1000.005161,1000.005057,1000.004930,1000.004831,1000.004737,1000.004662,1000.004571,1000.004512,1000.004470,1000.004427,1000.004355,1000.004340,1000.004317,1000.004277,1000.004266,1000.004258,1000.004248,1000.004290,1000.004174,1000.004110,1000.003854,0.000000,0.000000,0.000000,0.000000,0.000000
0.000000,0.000000,0.000000,0.000000,0.000000,999.987448,999.988844,999.988330,999.988146,999.987969,999.987789,999.987614,999.987469,999.987323,999.987128,999.986916,999.986711,999.986474,999.986165,999.985843,999.985469,999.985011,999.984507,999.983875,999.983214,999.982335,999.981436,999.980113,999.978988,999.977458,999.974846,999.973796,999.970183,999.965942,999.964686,999.963066,999.963449,999.965969,999.970056,999.976423,999.982909,999.988829,999.994071,999.998215,1000.001617,1000.004083,1000.005689,1000.006760,1000.007476,1000.007975,1000.008286,1000.008481,1000.008601,1000.008654,1000.008663,1000.008628,1000.008561,1000.008476,1000.008376,1000.008248,1000.008111,1000.007947,1000.007791,1000.007631,1000.007451,1000.007263,1000.007080,1000.006888,1000.006697,1000.006502,1000.006320,1000.006138,1000.005954,1000.005772,1000.005606,1000.005449,1000.005305,1000.005142,1000.005009,1000.004887,1000.004779,1000.004662,1000.004573,1000.004484,1000.004411,1000.004315,1000.004283,1000.004232,1000.004185,1000.004157,1000.004121,1000.004111,1000.004095,1000.004072,1000.004044,1000.004034,1000.003904,1000.004526,0.000000,0.000000,0.000000,0.000000,0.000000
0.000000,0.000000,0.000000,0.000000,999.989760,999.989458,999.989131,999.988685,999.988644,999.988460,999.988306,999.988147,999.988001,999.987823,999.987626,999.987430,999.987237,999.986958,999.986643,999.986329,999.985933,999.985480,999.984958,999.984336,999.983637,999.982722,999.981769,999.980416,999.979155,999.977101,999.974678,999.972895,999.968154,999.964686,999.961376,999.956476,999.954640,999.956150,999.962566,999.971644,999.981431,999.991062,999.998175,1000.002532,1000.005385,1000.007267,1000.008471,1000.009197,1000.009599,1000.009826,1000.009920,1000.009933,1000.009889,1000.009808,1000.009693,1000.009568,1000.009413,1000.009244,1000.009072,1000.008889,1000.008698,1000.008485,1000.008274,1000.008056,1000.007831,1000.007608,1000.007378,1000.007152,1000.006923,1000.006697,1000.006471,1000.006264,1000.006049,1000.005853,1000.005655,1000.005462,1000.005293,1000.005136,1000.004984,1000.004830,1000.004698,1000.004574,1000.004468,1000.004373,1000.004296,1000.004200,1000.004138,1000.004091,1000.004027,1000.003992,1000.003949,1000.003944,1000.003916,1000.003893,1000.003887,1000.003921,1000.003797,1000.003746,1000.003696,0.000000,0.000000,0.000000,0.000000
0.000000,0.000000,0.000000,0.000000,999.988008,999.989284,999.989281,999.989282,999.989145,999.988947,999.988812,999.988671,999.988522,999.988339,999.988169,999.987972,999.987740,999.987471,999.987205,999.986886,999.986484,999.986038,999.985525,999.984895,999.984182,999.983273,999.982305,999.980930,999.979590,999.977346,999.975304,999.972424,999.967741,999.963066,999.956476,999.945600,999.939066,999.943787,999.953467,999.965882,999.981216,999.994016,1000.002180,1000.007524,1000.010030,1000.011185,1000.011719,1000.011916,1000.011917,1000.011799,1000.011637,1000.011433,1000.011220,1000.010981,1000.010749,1000.010512,1000.010278,1000.010032,1000.009779,1000.009526,1000.009281,1000.009016,1000.008754,1000.008491,1000.008219,1000.007954,1000.007677,1000.007412,1000.007145,1000.006891,1000.006625,1000.006378,1000.006141,1000.005908,1000.005699,1000.005482,1000.005275,1000.005093,1000.004931,1000.004774,1000.004622,1000.004482,1000.004361,1000.004245,1000.004153,1000.004063,1000.003989,1000.003926,1000.003870,1000.003823,1000.003792,1000.003763,1000.003729,1000.003726,1000.003713,1000.003719,1000.003752,1000.003837,1000.004435,0.000000,0.000000,0.000000,0.000000
