0.000000,0.000000,0.000000,0.000000,0.000000,0.000000,0.000000,0.000000,0.000000,0.000000,0.000000,0.000000,0.000000,0.000000,0.000000,0.000000,0.000000,0.000000,0.000000,0.000000,0.000000,0.000000,0.000000,0.000000,0.000000,0.000000,0.000000,0.000000,0.000000,0.000000,0.000000,0.000000,0.000000,0.000000,0.000000,0.000000,0.000000,0.000000,0.000000,0.000000,0.000000,0.000000,0.000000,0.000000,0.000000,0.000000,0.000000,0.000000,0.000000,0.000000,0.000000,0.000000,0.000000,0.000000,0.000000,0.000000,0.000000,0.000000,0.000000,0.000000,0.000000,0.000000,0.000000,0.000000,0.000000,0.000000,0.000000,0.000000,0.000000,0.000000,0.000000,0.000000,0.000000,0.000000,0.000000,0.000000,0.000000,0.000000,0.000000,0.000000,0.000000,0.000000,0.000000,0.000000,0.000000,0.000000,0.000000,0.000000,0.000000,0.000000,0.000000,0.000000,0.000000,0.000000,0.000000,0.000000,0.000000,0.000000,0.000000,0.000000,0.000000,0.000000,0.000000
0.000000,0.000000,0.000000,0.000000,0.000000,0.000000,0.000000,0.000000,0.000000,0.000000,0.000000,0.000000,0.000000,0.000000,0.000000,0.000000,0.000000,0.000000,0.000000,0.000000,0.000000,0.000000,0.000000,0.000000,0.000000,0.000000,0.000000,0.000000,0.000000,0.000000,0.000000,0.000000,0.000000,0.000000,0.000000,0.000000,0.000000,0.000000,0.000000,0.000000,0.000000,0.000000,0.000000,0.000000,0.000000,0.000000,0.000000,0.000000,0.000000,0.000000,0.000000,999.997630,0.000000,0.000000,0.000000,0.000000,0.000000,0.000000,0.000000,0.000000,0.000000,0.000000,0.000000,0.000000,0.000000,0.000000,0.000000,0.000000,0.000000,0.000000,0.000000,0.000000,0.000000,0.000000,0.000000,0.000000,0.000000,0.000000,0.000000,0.000000,0.000000,0.000000,0.000000,0.000000,0.000000,0.000000,0.000000,0.000000,0.000000,0.000000,0.000000,0.000000,0.000000,0.000000,0.000000,0.000000,0.000000,0.000000,0.000000,0.000000,0.000000,0.000000,0.000000
0.000000,0.000000,0.000000,0.000000,0.000000,0.000000,0.000000,0.000000,0.000000,0.000000,0.000000,0.000000,0.000000,0.000000,0.000000,0.000000,0.000000,0.000000,0.000000,0.000000,0.000000,0.000000,0.000000,0.000000,0.000000,0.000000,0.000000,0.000000,0.000000,0.000000,0.000000,0.000000,0.000000,0.000000,0.000000,0.000000,0.000000,0.000000,0.000000,0.000000,0.000000,0.000000,999.995498,999.992857,999.992869,999.993460,999.994079,999.994740,999.995485,999.996547,999.997437,999.997585,999.997727,999.998562,999.999510,1000.000074,1000.000550,1000.000961,1000.001335,1000.001281,999.999371,0.000000,0.000000,0.000000,0.000000,0.000000,0.000000,0.000000,0.000000,0.000000,0.000000,0.000000,0.000000,0.000000,0.000000,0.000000,0.000000,0.000000,0.000000,0.000000,0.000000,0.000000,0.000000,0.000000,0.000000,0.000000,0.000000,0.000000,0.000000,0.000000,0.000000,0.000000,0.000000,0.000000,0.000000,0.000000,0.000000,0.000000,0.000000,0.000000,0.000000,0.000000,0.000000
0.000000,0.000000,0.000000,0.000000,0.000000,0.000000,0.000000,0.000000,0.000000,0.000000,0.000000,0.000000,0.000000,0.000000,0.000000,0.000000,0.000000,0.000000,0.000000,0.000000,0.000000,0.000000,0.000000,0.000000,0.000000,0.000000,0.000000,0.000000,0.000000,0.000000,0.000000,0.000000,0.000000,0.000000,0.000000,0.000000,0.000000,999.991408,999.988868,999.988734,999.989959,999.991947,999.994671,999.994017,999.993590,999.993776,999.994298,999.994919,999.995572,999.996254,999.997251,999.997485,999.997705,999.998629,999.999206,999.999731,1000.000200,1000.000556,1000.000664,1000.000356,999.999899,1000.001724,1000.002932,1000.003589,1000.003385,1000.001856,0.000000,0.000000,0.000000,0.000000,0.000000,0.000000,0.000000,0.000000,0.000000,0.000000,0.000000,0.000000,0.000000,0.000000,0.000000,0.000000,0.000000,0.000000,0.000000,0.000000,0.000000,0.000000,0.000000,0.000000,0.000000,0.000000,0.000000,0.000000,0.000000,0.000000,0.000000,0.000000,0.000000,0.000000,0.000000,0.000000,0.000000
0.000000,0.000000,0.000000,0.000000,0.000000,0.000000,0.000000,0.000000,0.000000,0.000000,0.000000,0.000000,0.000000,0.000000,0.000000,0.000000,0.000000,0.000000,0.000000,0.000000,0.000000,0.000000,0.000000,0.000000,0.000000,0.000000,0.000000,0.000000,0.000000,0.000000,0.000000,0.000000,0.000000,0.000000,999.989005,999.987161,999.988197,999.990775,999.990325,999.990072,999.990520,999.992177,999.993139,999.993378,999.993658,999.994005,999.994462,999.995000,999.995639,999.996223,999.996845,999.997386,999.997913,999.998471,999.998984,999.999502,999.999933,1000.000259,1000.000486,1000.000646,1000.000800,1000.001403,1000.002439,1000.002668,1000.002479,1000.002164,1000.003522,1000.004048,1000.003090,0.000000,0.000000,0.000000,0.000000,0.000000,0.000000,0.000000,0.000000,0.000000,0.000000,0.000000,0.000000,0.000000,0.000000,0.000000,0.000000,0.000000,0.000000,0.000000,0.000000,0.000000,0.000000,0.000000,0.000000,0.000000,0.000000,0.000000,0.000000,0.000000,0.000000,0.000000,0.000000,0.000000,0.000000
0.000000,0.000000,0.000000,0.000000,0.000000,0.000000,0.000000,0.000000,0.000000,0.000000,0.000000,0.000000,0.000000,0.000000,0.000000,0.000000,0.000000,0.000000,0.000000,0.000000,0.000000,0.000000,0.000000,0.000000,0.000000,0.000000,0.000000,0.000000,0.000000,0.000000,0.000000,0.000000,999.988244,999.986588,999.988687,999.988525,999.989238,999.989801,999.990027,999.990500,999.991067,999.991896,999.992477,999.993178,999.993633,999.994030,999.994509,999.995038,999.995618,999.996207,999.996753,999.997310,999.997860,999.998357,999.998873,999.999342,999.999753,1000.000108,1000.000389,1000.000690,1000.001125,1000.001474,1000.001983,1000.002294,1000.002528,1000.002639,1000.002896,1000.003242,1000.003120,1000.004151,1000.003237,0.000000,0.000000,0.000000,0.000000,0.000000,0.000000,0.000000,0.000000,0.000000,0.000000,0.000000,0.000000,0.000000,0.000000,0.000000,0.000000,0.000000,0.000000,0.000000,0.000000,0.000000,0.000000,0.000000,0.000000,0.000000,0.000000,0.000000,0.000000,0.000000,0.000000,0.000000,0.000000
0.000000,0.000000,0.000000,0.000000,0.000000,0.000000,0.000000,0.000000,0.000000,0.000000,0.000000,0.000000,0.000000,0.000000,0.000000,0.000000,0.000000,0.000000,0.000000,0.000000,0.000000,0.000000,0.000000,0.000000,0.000000,0.000000,0.000000,0.000000,0.000000,0.000000,999.986514,999.984928,999.987445,999.988057,999.988374,999.988507,999.989056,999.989445,999.990067,999.990590,999.991140,999.991732,999.992357,999.992989,999.993485,999.993992,999.994523,999.995052,999.995601,999.996160,999.996705,999.997257,999.997783,999.998288,999.998772,999.999225,999.999654,1000.000021,1000.000384,1000.000720,1000.001115,1000.001471,1000.001830,1000.002136,1000.002397,1000.002715,1000.002911,1000.003143,1000.003177,1000.003327,1000.003599,1000.004735,1000.004001,0.000000,0.000000,0.000000,0.000000,0.000000,0.000000,0.000000,0.000000,0.000000,0.000000,0.000000,0.000000,0.000000,0.000000,0.000000,0.000000,0.000000,0.000000,0.000000,0.000000,0.000000,0.000000,0.000000,0.000000,0.000000,0.000000,0.000000,0.000000,0.000000,0.000000
0.000000,0.000000,0.000000,0.000000,0.000000,0.000000,0.000000,0.000000,0.000000,0.000000,0.000000,0.000000,0.000000,0.000000,0.000000,0.000000,0.000000,0.000000,0.000000,0.000000,0.000000,0.000000,0.000000,0.000000,0.000000,0.000000,0.000000,0.000000,999.984852,999.983377,999.985871,999.986691,999.987108,999.987538,999.987895,999.988508,999.988988,999.989453,999.990015,999.990530,999.991099,999.991676,999.992284,999.992836,999.993405,999.993959,999.994481,999.995038,999.995576,999.996131,999.996676,999.997218,999.997720,999.998226,999.998700,999.999167,999.999589,999.999981,1000.000358,1000.000726,1000.001088,1000.001446,1000.001784,1000.002099,1000.002378,1000.002644,1000.002863,1000.003085,1000.003348,1000.003494,1000.003685,1000.003850,1000.004185,1000.005262,1000.004532,0.000000,0.000000,0.000000,0.000000,0.000000,0.000000,0.000000,0.000000,0.000000,0.000000,0.000000,0.000000,0.000000,0.000000,0.000000,0.000000,0.000000,0.000000,0.000000,0.000000,0.000000,0.000000,0.000000,0.000000,0.000000,0.000000,0.000000,0.000000
0.000000,0.000000,0.000000,0.000000,0.000000,0.000000,0.000000,0.000000,0.000000,0.000000,0.000000,0.000000,0.000000,0.000000,0.000000,0.000000,0.000000,0.000000,0.000000,0.000000,0.000000,0.000000,0.000000,0.000000,0.000000,0.000000,999.983276,999.982141,999.984344,999.985171,999.985668,999.986220,999.986654,999.987340,999.987844,999.988371,999.988840,999.989377,999.989906,999.990446,999.991020,999.991618,999.992189,999.992747,999.993347,999.993908,999.994446,999.995007,999.995562,999.996123,999.996656,999.997198,999.997696,999.998206,999.998683,999.999133,999.999559,999.999968,1000.000359,1000.000723,1000.001089,1000.001427,1000.001751,1000.002065,1000.002358,1000.002612,1000.002860,1000.003080,1000.003318,1000.003520,1000.003822,1000.003994,1000.004209,1000.004403,1000.004713,1000.005605,1000.005086,0.000000,0.000000,0.000000,0.000000,0.000000,0.000000,0.000000,0.000000,0.000000,0.000000,0.000000,0.000000,0.000000,0.000000,0.000000,0.000000,0.000000,0.000000,0.000000,0.000000,0.000000,0.000000,0.000000,0.000000,0.000000,0.000000
0.000000,0.000000,0.000000,0.000000,0.000000,0.000000,0.000000,0.000000,0.000000,0.000000,0.000000,0.000000,0.000000,0.000000,0.000000,0.000000,0.000000,0.000000,0.000000,0.000000,0.000000,0.000000,0.000000,0.000000,999.982311,999.981397,999.983075,999.983801,999.984269,999.984867,999.985329,999.986049,999.986602,999.987150,999.987681,999.988197,999.988724,999.989270,999.989811,999.990374,999.990959,999.991527,999.992109,999.992700,999.993283,999.993853,999.994426,999.994993,999.995545,999.996094,999.996630,999.997166,999.997698,999.998196,999.998670,999.999108,999.999547,999.999975,1000.000370,1000.000731,1000.001104,1000.001454,1000.001769,1000.002066,1000.002362,1000.002614,1000.002876,1000.003108,1000.003342,1000.003549,1000.003772,1000.003998,1000.004291,1000.004464,1000.004696,1000.004854,1000.005098,1000.005756,1000.005344,0.000000,0.000000,0.000000,0.000000,0.000000,0.000000,0.000000,0.000000,0.000000,0.000000,0.000000,0.000000,0.000000,0.000000,0.000000,0.000000,0.000000,0.000000,0.000000,0.000000,0.000000,0.000000,0.000000,0.000000
0.000000,0.000000,0.000000,0.000000,0.000000,0.000000,0.000000,0.000000,0.000000,0.000000,0.000000,0.000000,0.000000,0.000000,0.000000,0.000000,0.000000,0.000000,0.000000,0.000000,0.000000,0.000000,0.000000,999.982610,999.982279,999.982670,999.983152,999.983686,999.984092,999.984781,999.985325,999.985881,999.986430,999.986972,999.987520,999.988039,999.988606,999.989147,999.989698,999.990282,999.990862,999.991431,999.992037,999.992643,999.993218,999.993794,999.994398,999.994973,999.995537,999.996102,999.996644,999.997187,999.997696,999.998204,999.998672,999.999152,999.999574,999.999996,1000.000379,1000.000757,1000.001111,1000.001450,1000.001784,1000.002081,1000.002369,1000.002639,1000.002901,1000.003137,1000.003363,1000.003598,1000.003815,1000.004022,1000.004237,1000.004443,1000.004701,1000.004854,1000.005042,1000.005184,1000.005308,1000.005137,0.000000,0.000000,0.000000,0.000000,0.000000,0.000000,0.000000,0.000000,0.000000,0.000000,0.000000,0.000000,0.000000,0.000000,0.000000,0.000000,0.000000,0.000000,0.000000,0.000000,0.000000,0.000000,0.000000
0.000000,0.000000,0.000000,0.000000,0.000000,0.000000,0.000000,0.000000,0.000000,0.000000,0.000000,0.000000,0.000000,0.000000,0.000000,0.000000,0.000000,0.000000,0.000000,0.000000,0.000000,999.980802,999.980238,999.982108,999.982534,999.982881,999.983112,999.983656,999.984154,999.984687,999.985205,999.985744,999.986288,999.986820,999.987349,999.987899,999.988474,999.989012,999.989591,999.990170,999.990755,999.991369,999.991976,999.992575,999.993170,999.993780,999.994376,999.994959,999.995539,999.996121,999.996677,999.997210,999.997720,999.998223,999.998721,999.999183,999.999622,1000.000029,1000.000440,1000.000827,1000.001182,1000.001511,1000.001832,1000.002133,1000.002413,1000.002673,1000.002928,1000.003157,1000.003391,1000.003609,1000.003840,1000.004045,1000.004247,1000.004443,1000.004633,1000.004812,1000.005011,1000.005070,1000.005168,1000.005317,1000.006021,1000.005765,0.000000,0.000000,0.000000,0.000000,0.000000,0.000000,0.000000,0.000000,0.000000,0.000000,0.000000,0.000000,0.000000,0.000000,0.000000,0.000000,0.000000,0.000000,0.000000,0.000000,0.000000
0.000000,0.000000,0.000000,0.000000,0.000000,0.000000,0.000000,0.000000,0.000000,0.000000,0.000000,0.000000,0.000000,0.000000,0.000000,0.000000,0.000000,0.000000,0.000000,0.000000,999.981120,999.981070,999.981457,999.981974,999.982367,999.982811,999.983205,999.983647,999.984110,999.984585,999.985099,999.985615,999.986123,999.986661,999.987200,999.987755,999.988300,999.988876,999.989467,999.990060,999.990661,999.991278,999.991892,999.992499,999.993135,999.993761,999.994359,999.994962,999.995555,999.996134,999.996699,999.997250,999.997778,999.998297,999.998775,999.999237,999.999671,1000.000102,1000.000490,1000.000879,1000.001217,1000.001572,1000.001881,1000.002188,1000.002472,1000.002737,1000.002981,1000.003216,1000.003443,1000.003651,1000.003854,1000.004059,1000.004254,1000.004445,1000.004614,1000.004777,1000.004928,1000.005072,1000.005216,1000.005348,1000.005518,1000.005638,1000.005585,0.000000,0.000000,0.000000,0.000000,0.000000,0.000000,0.000000,0.000000,0.000000,0.000000,0.000000,0.000000,0.000000,0.000000,0.000000,0.000000,0.000000,0.000000,0.000000,0.000000
0.000000,0.000000,0.000000,0.000000,0.000000,0.000000,0.000000,0.000000,0.000000,0.000000,0.000000,0.000000,0.000000,0.000000,0.000000,0.000000,0.000000,0.000000,0.000000,999.980823,999.981120,999.981313,999.981704,999.981927,999.982380,999.982784,999.983193,999.983597,999.984045,999.984498,999.984980,999.985463,999.985964,999.986501,999.987035,999.987576,999.988143,999.988724,999.989328,999.989931,999.990552,999.991179,999.991806,999.992455,999.993100,999.993728,999.994352,999.994976,999.995594,999.996168,999.996744,999.997298,999.997847,999.998363,999.998848,999.999320,999.999784,1000.000211,1000.000602,1000.000978,1000.001332,1000.001658,1000.001971,1000.002255,1000.002538,1000.002799,1000.003044,1000.003275,1000.003503,1000.003708,1000.003898,1000.004092,1000.004274,1000.004441,1000.004611,1000.004766,1000.004905,1000.005042,1000.005177,1000.005330,1000.005398,1000.005510,1000.005568,1000.005649,0.000000,0.000000,0.000000,0.000000,0.000000,0.000000,0.000000,0.000000,0.000000,0.000000,0.000000,0.000000,0.000000,0.000000,0.000000,0.000000,0.000000,0.000000,0.000000
0.000000,0.000000,0.000000,0.000000,0.000000,0.000000,0.000000,0.000000,0.000000,0.000000,0.000000,0.000000,0.000000,0.000000,0.000000,0.000000,0.000000,0.000000,999.980488,999.980869,999.981179,999.981463,999.981765,999.982055,999.982432,999.982782,999.983157,999.983546,999.983961,999.984385,999.984840,999.985302,999.985810,999.986321,999.986840,999.987404,999.987977,999.988562,999.989167,999.989787,999.990438,999.991083,999.991742,999.992401,999.993066,999.993707,999.994366,999.995008,999.995631,999.996237,999.996830,999.997403,999.997951,999.998462,999.998962,999.999438,999.999873,1000.000291,1000.000685,1000.001072,1000.001431,1000.001771,1000.002078,1000.002370,1000.002633,1000.002890,1000.003123,1000.003348,1000.003559,1000.003759,1000.003952,1000.004125,1000.004295,1000.004461,1000.004613,1000.004761,1000.004897,1000.005025,1000.005144,1000.005267,1000.005370,1000.005453,1000.005541,1000.005637,1000.005757,0.000000,0.000000,0.000000,0.000000,0.000000,0.000000,0.000000,0.000000,0.000000,0.000000,0.000000,0.000000,0.000000,0.000000,0.000000,0.000000,0.000000,0.000000
0.000000,0.000000,0.000000,0.000000,0.000000,0.000000,0.000000,0.000000,0.000000,0.000000,0.000000,0.000000,0.000000,0.000000,0.000000,0.000000,0.000000,999.980237,999.980664,999.980950,999.981241,999.981516,999.981808,999.982102,999.982412,999.982739,999.983086,999.983455,999.983842,999.984250,999.984687,999.985137,999.985623,999.986111,999.986641,999.987206,999.987780,999.988375,999.989000,999.989647,999.990304,999.990972,999.991657,999.992349,999.993015,999.993705,999.994384,999.995033,999.995675,999.996299,999.996913,999.997494,999.998045,999.998584,999.999089,999.999589,1000.000025,1000.000455,1000.000854,1000.001223,1000.001554,1000.001884,1000.002192,1000.002481,1000.002736,1000.002994,1000.003223,1000.003440,1000.003635,1000.003834,1000.004010,1000.004183,1000.004335,1000.004496,1000.004627,1000.004768,1000.004887,1000.005014,1000.005122,1000.005231,1000.005331,1000.005415,1000.005512,1000.005605,1000.005708,1000.005830,0.000000,0.000000,0.000000,0.000000,0.000000,0.000000,0.000000,0.000000,0.000000,0.000000,0.000000,0.000000,0.000000,0.000000,0.000000,0.000000,0.000000
0.000000,0.000000,0.000000,0.000000,0.000000,0.000000,0.000000,0.000000,0.000000,0.000000,0.000000,0.000000,0.000000,0.000000,0.000000,0.000000,999.980210,999.980488,999.980784,999.981049,999.981344,999.981611,999.981879,999.982132,999.982428,999.982715,999.983045,999.983367,999.983731,999.984106,999.984510,999.984938,999.985401,999.985887,999.986429,999.986975,999.987549,999.988174,999.988827,999.989481,999.990163,999.990858,999.991575,999.992286,999.993007,999.993720,999.994422,999.995101,999.995775,999.996426,999.997045,999.997637,999.998211,999.998742,999.999242,999.999710,1000.000170,1000.000603,1000.001004,1000.001382,1000.001726,1000.002044,1000.002346,1000.002619,1000.002872,1000.003114,1000.003331,1000.003545,1000.003723,1000.003911,1000.004078,1000.004239,1000.004384,1000.004524,1000.004648,1000.004772,1000.004891,1000.005005,1000.005100,1000.005191,1000.005303,1000.005376,1000.005479,1000.005564,1000.005659,1000.005758,1000.005880,0.000000,0.000000,0.000000,0.000000,0.000000,0.000000,0.000000,0.000000,0.000000,0.000000,0.000000,0.000000,0.000000,0.000000,0.000000,0.000000
0.000000,0.000000,0.000000,0.000000,0.000000,0.000000,0.000000,0.000000,0.000000,0.000000,0.000000,0.000000,0.000000,0.000000,0.000000,999.980237,999.980488,999.980773,999.981011,999.981236,999.981482,999.981681,999.981904,999.982137,999.982393,999.982645,999.982936,999.983232,999.983560,999.983905,999.984291,999.984700,999.985163,999.985644,999.986171,999.986713,999.987312,999.987949,999.988607,999.989286,999.990009,999.990744,999.991488,999.992223,999.992981,999.993718,999.994443,999.995165,999.995853,999.996527,999.997162,999.997784,999.998366,999.998931,999.999455,999.999941,1000.000395,1000.000812,1000.001183,1000.001554,1000.001896,1000.002217,1000.002490,1000.002773,1000.003017,1000.003251,1000.003456,1000.003655,1000.003841,1000.004002,1000.004158,1000.004311,1000.004437,1000.004567,1000.004690,1000.004798,1000.004905,1000.005001,1000.005103,1000.005176,1000.005271,1000.005349,1000.005428,1000.005520,1000.005607,1000.005702,1000.005782,1000.005870,0.000000,0.000000,0.000000,0.000000,0.000000,0.000000,0.000000,0.000000,0.000000,0.000000,0.000000,0.000000,0.000000,0.000000,0.000000
0.000000,0.000000,0.000000,0.000000,0.000000,0.000000,0.000000,0.000000,0.000000,0.000000,0.000000,0.000000,0.000000,0.000000,999.980488,999.980664,999.980784,999.981011,999.981153,999.981324,999.981537,999.981713,999.981943,999.982156,999.982379,999.982588,999.982853,999.983098,999.983396,999.983715,999.984071,999.984456,999.984890,999.985352,999.985865,999.986422,999.987043,999.987684,999.988355,999.989082,999.989836,999.990610,999.991380,999.992183,999.992966,999.993760,999.994529,999.995283,999.996003,999.996698,999.997364,999.997985,999.998564,999.999110,999.999635,1000.000137,1000.000596,1000.001027,1000.001425,1000.001782,1000.002117,1000.002411,1000.002692,1000.002953,1000.003189,1000.003402,1000.003607,1000.003784,1000.003954,1000.004118,1000.004245,1000.004390,1000.004511,1000.004618,1000.004725,1000.004830,1000.004917,1000.005001,1000.005098,1000.005168,1000.005250,1000.005321,1000.005397,1000.005467,1000.005540,1000.005620,1000.005698,1000.005767,1000.005850,0.000000,0.000000,0.000000,0.000000,0.000000,0.000000,0.000000,0.000000,0.000000,0.000000,0.000000,0.000000,0.000000,0.000000
0.000000,0.000000,0.000000,0.000000,0.000000,0.000000,0.000000,0.000000,0.000000,0.000000,0.000000,0.000000,0.000000,999.980823,999.980869,999.980950,999.981049,999.981236,999.981324,999.981538,999.981728,999.981846,999.982024,999.982150,999.982295,999.982488,999.982693,999.982909,999.983174,999.983458,999.983777,999.984145,999.984548,999.985013,999.985520,999.986096,999.986712,999.987374,999.988089,999.988859,999.989640,999.990442,999.991282,999.992126,999.992964,999.993782,999.994590,999.995378,999.996131,999.996862,999.997548,999.998216,999.998845,999.999417,999.999947,1000.000416,1000.000850,1000.001264,1000.001660,1000.002006,1000.002333,1000.002629,1000.002905,1000.003154,1000.003370,1000.003574,1000.003763,1000.003936,1000.004081,1000.004234,1000.004356,1000.004470,1000.004589,1000.004692,1000.004777,1000.004866,1000.004952,1000.005018,1000.005098,1000.005165,1000.005229,1000.005298,1000.005356,1000.005432,1000.005487,1000.005554,1000.005615,1000.005682,1000.005728,1000.005764,0.000000,0.000000,0.000000,0.000000,0.000000,0.000000,0.000000,0.000000,0.000000,0.000000,0.000000,0.000000,0.000000
0.000000,0.000000,0.000000,0.000000,0.000000,0.000000,0.000000,0.000000,0.000000,0.000000,0.000000,0.000000,999.981120,999.981120,999.981179,999.981241,999.981344,999.981482,999.981537,999.981728,999.981769,999.981817,999.981971,999.982070,999.982247,999.982415,999.982569,999.982745,999.982958,999.983200,999.983472,999.983808,999.984191,999.984631,999.985138,999.985708,999.986326,999.987018,999.987780,999.988580,999.989405,999.990289,999.991184,999.992083,999.992972,999.993864,999.994728,999.995559,999.996354,999.997110,999.997804,999.998444,999.999059,999.999648,1000.000196,1000.000706,1000.001166,1000.001579,1000.001952,1000.002289,1000.002603,1000.002891,1000.003141,1000.003371,1000.003580,1000.003761,1000.003944,1000.004092,1000.004231,1000.004358,1000.004476,1000.004574,1000.004658,1000.004759,1000.004833,1000.004901,1000.004978,1000.005041,1000.005094,1000.005157,1000.005205,1000.005273,1000.005321,1000.005379,1000.005430,1000.005486,1000.005547,1000.005596,1000.005641,1000.005688,1000.005723,0.000000,0.000000,0.000000,0.000000,0.000000,0.000000,0.000000,0.000000,0.000000,0.000000,0.000000,0.000000
0.000000,0.000000,0.000000,0.000000,0.000000,0.000000,0.000000,0.000000,0.000000,0.000000,0.000000,999.980802,999.981070,999.981313,999.981463,999.981516,999.981611,999.981681,999.981713,999.981846,999.981817,999.981954,999.982148,999.982148,999.982248,999.982284,999.982348,999.982481,999.982654,999.982841,999.983089,999.983389,999.983743,999.984169,999.984673,999.985242,999.985899,999.986630,999.987422,999.988254,999.989160,999.990099,999.991055,999.992008,999.992974,999.993916,999.994830,999.995710,999.996546,999.997364,999.998128,999.998831,999.999464,1000.000019,1000.000545,1000.001018,1000.001483,1000.001884,1000.002256,1000.002586,1000.002894,1000.003151,1000.003393,1000.003604,1000.003814,1000.003980,1000.004127,1000.004274,1000.004388,1000.004499,1000.004603,1000.004693,1000.004770,1000.004833,1000.004906,1000.004950,1000.005011,1000.005059,1000.005116,1000.005154,1000.005201,1000.005237,1000.005287,1000.005335,1000.005380,1000.005421,1000.005465,1000.005517,1000.005562,1000.005627,1000.005730,1000.005809,0.000000,0.000000,0.000000,0.000000,0.000000,0.000000,0.000000,0.000000,0.000000,0.000000,0.000000
0.000000,0.000000,0.000000,0.000000,0.000000,0.000000,0.000000,0.000000,0.000000,0.000000,0.000000,999.980238,999.981457,999.981704,999.981765,999.981808,999.981879,999.981904,999.981943,999.982024,999.981971,999.982148,999.982063,999.981914,999.982049,999.982058,999.982169,999.982307,999.982386,999.982519,999.982707,999.982953,999.983265,999.983665,999.984136,999.984711,999.985375,999.986137,999.986971,999.987895,999.988883,999.989902,999.990941,999.992000,999.993050,999.994069,999.995043,999.995994,999.996849,999.997638,999.998389,999.999103,999.999785,1000.000401,1000.000951,1000.001430,1000.001864,1000.002257,1000.002615,1000.002925,1000.003207,1000.003456,1000.003685,1000.003878,1000.004059,1000.004209,1000.004342,1000.004463,1000.004566,1000.004652,1000.004729,1000.004805,1000.004866,1000.004921,1000.004974,1000.005019,1000.005049,1000.005081,1000.005124,1000.005157,1000.005183,1000.005228,1000.005245,1000.005278,1000.005324,1000.005363,1000.005393,1000.005445,1000.005494,1000.005527,1000.005623,1000.005999,0.000000,0.000000,0.000000,0.000000,0.000000,0.000000,0.000000,0.000000,0.000000,0.000000,0.000000
0.000000,0.000000,0.000000,0.000000,0.000000,0.000000,0.000000,0.000000,0.000000,0.000000,999.982610,999.982108,999.981974,999.981927,999.982055,999.982102,999.982132,999.982137,999.982156,999.982150,999.982070,999.982148,999.981914,999.982023,999.982216,999.982054,999.982061,999.981990,999.981939,999.982033,999.982175,999.982366,999.982646,999.983022,999.983488,999.984081,999.984780,999.985586,999.986485,999.987487,999.988545,999.989643,999.990787,999.991928,999.993071,999.994161,999.995209,999.996243,999.997222,999.998110,999.998910,999.999602,1000.000227,1000.000807,1000.001348,1000.001836,1000.002274,1000.002649,1000.002997,1000.003290,1000.003556,1000.003787,1000.004004,1000.004165,1000.004322,1000.004454,1000.004569,1000.004666,1000.004756,1000.004826,1000.004886,1000.004932,1000.004974,1000.005007,1000.005047,1000.005075,1000.005107,1000.005116,1000.005135,1000.005165,1000.005174,1000.005197,1000.005222,1000.005235,1000.005267,1000.005294,1000.005315,1000.005357,1000.005398,1000.005461,1000.005488,1000.005486,1000.005390,0.000000,0.000000,0.000000,0.000000,0.000000,0.000000,0.000000,0.000000,0.000000,0.000000
0.000000,0.000000,0.000000,0.000000,0.000000,0.000000,0.000000,0.000000,0.000000,999.982311,999.982279,999.982534,999.982367,999.982380,999.982432,999.982412,999.982428,999.982393,999.982379,999.982295,999.982247,999.982248,999.982049,999.982216,999.981966,999.981549,999.981631,999.981549,999.981588,999.981695,999.981717,999.981819,999.982026,999.982340,999.982775,999.983356,999.984045,999.984893,999.985878,999.986974,999.988165,999.989407,999.990697,999.991958,999.993220,999.994438,999.995550,999.996564,999.997513,999.998425,999.999286,1000.000076,1000.000757,1000.001344,1000.001870,1000.002336,1000.002748,1000.003101,1000.003418,1000.003699,1000.003944,1000.004143,1000.004326,1000.004481,1000.004601,1000.004719,1000.004815,1000.004887,1000.004945,1000.005001,1000.005043,1000.005072,1000.005098,1000.005113,1000.005117,1000.005135,1000.005143,1000.005158,1000.005144,1000.005163,1000.005165,1000.005170,1000.005181,1000.005198,1000.005209,1000.005228,1000.005254,1000.005281,1000.005313,1000.005345,1000.005393,1000.005370,1000.005483,1000.005515,0.000000,0.000000,0.000000,0.000000,0.000000,0.000000,0.000000,0.000000,0.000000
0.000000,0.000000,0.000000,0.000000,0.000000,0.000000,0.000000,0.000000,0.000000,999.981397,999.982670,999.982881,999.982811,999.982784,999.982782,999.982739,999.982715,999.982645,999.982588,999.982488,999.982415,999.982284,999.982058,999.982054,999.981549,999.981555,999.981829,999.981468,999.981321,999.981116,999.980928,999.980997,999.981152,999.981432,999.981838,999.982413,999.983195,999.984124,999.985197,999.986402,999.987696,999.989077,999.990498,999.991907,999.993253,999.994633,999.995938,999.997127,999.998178,999.999091,999.999863,1000.000594,1000.001273,1000.001885,1000.002395,1000.002856,1000.003247,1000.003588,1000.003882,1000.004138,1000.004353,1000.004535,1000.004681,1000.004819,1000.004924,1000.005000,1000.005068,1000.005128,1000.005158,1000.005187,1000.005203,1000.005215,1000.005218,1000.005223,1000.005211,1000.005202,1000.005189,1000.005182,1000.005170,1000.005159,1000.005158,1000.005147,1000.005142,1000.005143,1000.005143,1000.005152,1000.005168,1000.005180,1000.005200,1000.005246,1000.005275,1000.005282,1000.005392,1000.005818,0.000000,0.000000,0.000000,0.000000,0.000000,0.000000,0.000000,0.000000,0.000000
0.000000,0.000000,0.000000,0.000000,0.000000,0.000000,0.000000,0.000000,999.983276,999.983075,999.983152,999.983112,999.983205,999.983193,999.983157,999.983086,999.983045,999.982936,999.982853,999.982693,999.982569,999.982348,999.982169,999.982061,999.981631,999.981829,999.981387,999.980530,999.980500,999.980323,999.980284,999.980378,999.980390,999.980521,999.980868,999.981439,999.982141,999.983123,999.984320,999.985700,999.987232,999.988817,999.990458,999.992091,999.993580,999.994951,999.996240,999.997449,999.998601,999.999669,1000.000572,1000.001319,1000.001968,1000.002534,1000.003029,1000.003444,1000.003812,1000.004132,1000.004392,1000.004612,1000.004798,1000.004951,1000.005065,1000.005168,1000.005247,1000.005305,1000.005335,1000.005367,1000.005379,1000.005384,1000.005375,1000.005367,1000.005343,1000.005323,1000.005302,1000.005271,1000.005247,1000.005220,1000.005191,1000.005162,1000.005140,1000.005118,1000.005110,1000.005100,1000.005086,1000.005086,1000.005103,1000.005097,1000.005105,1000.005127,1000.005161,1000.005218,1000.005259,1000.005324,1000.005324,0.000000,0.000000,0.000000,0.000000,0.000000,0.000000,0.000000,0.000000
0.000000,0.000000,0.000000,0.000000,0.000000,0.000000,0.000000,0.000000,999.982141,999.983801,999.983686,999.983656,999.983647,999.983597,999.983546,999.983455,999.983367,999.983232,999.983098,999.982909,999.982745,999.982481,999.982307,999.981990,999.981549,999.981468,999.980530,999.980307,999.980733,999.980175,999.979772,999.979424,999.979077,999.979174,999.979479,999.979989,999.980864,999.981978,999.983313,999.984857,999.986558,999.988349,999.990163,999.992078,999.993904,999.995584,999.997076,999.998348,999.999385,1000.000343,1000.001246,1000.002028,1000.002677,1000.003227,1000.003704,1000.004101,1000.004428,1000.004710,1000.004934,1000.005118,1000.005268,1000.005398,1000.005480,1000.005543,1000.005592,1000.005622,1000.005631,1000.005626,1000.005611,1000.005590,1000.005555,1000.005521,1000.005477,1000.005432,1000.005389,1000.005339,1000.005286,1000.005254,1000.005210,1000.005165,1000.005125,1000.005091,1000.005058,1000.005031,1000.005022,1000.004999,1000.004998,1000.005003,1000.005006,1000.005018,1000.005036,1000.005075,1000.005114,1000.005117,1000.005694,0.000000,0.000000,0.000000,0.000000,0.000000,0.000000,0.000000,0.000000
0.000000,0.000000,0.000000,0.000000,0.000000,0.000000,0.000000,999.984852,999.984344,999.984269,999.984092,999.984154,999.984110,999.984045,999.983961,999.983842,999.983731,999.983560,999.983396,999.983174,999.982958,999.982654,999.982386,999.981939,999.981588,999.981321,999.980500,999.980733,999.980154,999.978583,999.978273,999.977983,999.977841,999.977998,999.978155,999.978629,999.979342,999.980485,999.982042,999.983858,999.986003,999.988227,999.990272,999.992247,999.994123,999.995875,999.997525,999.999078,1000.000352,1000.001347,1000.002185,1000.002908,1000.003524,1000.004027,1000.004457,1000.004813,1000.005105,1000.005331,1000.005527,1000.005668,1000.005773,1000.005859,1000.005916,1000.005948,1000.005946,1000.005949,1000.005926,1000.005891,1000.005851,1000.005800,1000.005742,1000.005675,1000.005619,1000.005541,1000.005483,1000.005412,1000.005339,1000.005273,1000.005218,1000.005164,1000.005114,1000.005062,1000.005025,1000.004979,1000.004949,1000.004927,1000.004898,1000.004903,1000.004900,1000.004892,1000.004904,1000.004937,1000.004989,1000.004994,1000.005018,1000.004879,0.000000,0.000000,0.000000,0.000000,0.000000,0.000000,0.000000
0.000000,0.000000,0.000000,0.000000,0.000000,0.000000,0.000000,999.983377,999.985171,999.984867,999.984781,999.984687,999.984585,999.984498,999.984385,999.984250,999.984106,999.983905,999.983715,999.983458,999.983200,999.982841,999.982519,999.982033,999.981695,999.981116,999.980323,999.980175,999.978583,999.977783,999.978373,999.977650,999.976944,999.976489,999.976110,999.976346,999.977348,999.978707,999.980479,999.982630,999.984946,999.987617,999.990332,999.992876,999.995172,999.997098,999.998600,999.999958,1000.001235,1000.002309,1000.003169,1000.003865,1000.004445,1000.004912,1000.005285,1000.005584,1000.005824,1000.006008,1000.006146,1000.006256,1000.006318,1000.006349,1000.006365,1000.006364,1000.006326,1000.006291,1000.006234,1000.006176,1000.006090,1000.006022,1000.005928,1000.005839,1000.005748,1000.005656,1000.005568,1000.005482,1000.005394,1000.005305,1000.005229,1000.005148,1000.005085,1000.005019,1000.004964,1000.004917,1000.004873,1000.004836,1000.004803,1000.004790,1000.004772,1000.004773,1000.004767,1000.004779,1000.004788,1000.004804,1000.004774,1000.005432,0.000000,0.000000,0.000000,0.000000,0.000000,0.000000,0.000000
0.000000,0.000000,0.000000,0.000000,0.000000,0.000000,999.986514,999.985871,999.985668,999.985329,999.985325,999.985205,999.985099,999.984980,999.984840,999.984687,999.984510,999.984291,999.984071,999.983777,999.983472,999.983089,999.982707,999.982175,999.981717,999.980928,999.980284,999.979772,999.978273,999.978373,999.977785,999.975281,999.974297,999.973706,999.973517,999.974184,999.974872,999.976207,999.978469,999.981148,999.984117,999.987193,999.990149,999.992939,999.995551,999.998016,999.999988,1000.001429,1000.002589,1000.003560,1000.004349,1000.004975,1000.005475,1000.005877,1000.006186,1000.006418,1000.006600,1000.006724,1000.006807,1000.006857,1000.006879,1000.006872,1000.006836,1000.006790,1000.006726,1000.006644,1000.006560,1000.006458,1000.006346,1000.006235,1000.006129,1000.006002,1000.005893,1000.005765,1000.005652,1000.005543,1000.005438,1000.005340,1000.005235,1000.005143,1000.005063,1000.004983,1000.004907,1000.004846,1000.004794,1000.004745,1000.004710,1000.004670,1000.004642,1000.004640,1000.004628,1000.004618,1000.004621,1000.004667,1000.004601,1000.004607,1000.004476,0.000000,0.000000,0.000000,0.000000,0.000000,0.000000
0.000000,0.000000,0.000000,0.000000,0.000000,0.000000,999.984928,999.986691,999.986220,999.986049,999.985881,999.985744,999.985615,999.985463,999.985302,999.985137,999.984938,999.984700,999.984456,999.984145,999.983808,999.983389,999.982953,999.982366,999.981819,999.980997,999.980378,999.979424,999.977983,999.977650,999.975281,999.973137,999.973438,999.972654,999.971813,999.971323,999.971824,999.973589,999.976085,999.979664,999.983473,999.987364,999.991237,999.994530,999.997049,999.999224,1000.001235,1000.002840,1000.004048,1000.004952,1000.005667,1000.006208,1000.006619,1000.006922,1000.007157,1000.007313,1000.007425,1000.007481,1000.007510,1000.007492,1000.007466,1000.007411,1000.007330,1000.007238,1000.007132,1000.007007,1000.006877,1000.006750,1000.006606,1000.006456,1000.006316,1000.006165,1000.006023,1000.005885,1000.005738,1000.005600,1000.005468,1000.005347,1000.005236,1000.005116,1000.005022,1000.004934,1000.004846,1000.004766,1000.004704,1000.004642,1000.004594,1000.004555,1000.004517,1000.004500,1000.004472,1000.004460,1000.004462,1000.004442,1000.004428,1000.004320,1000.005029,0.000000,0.000000,0.000000,0.000000,0.000000,0.000000
0.000000,0.000000,0.000000,0.000000,0.000000,999.988244,999.987445,999.987108,999.986654,999.986602,999.986430,999.986288,999.986123,999.985964,999.985810,999.985623,999.985401,999.985163,999.984890,999.984548,999.984191,999.983743,999.983265,999.982646,999.982026,999.981152,999.980390,999.979077,999.977841,999.976944,999.974297,999.973438,999.972808,999.969238,999.967042,999.966520,999.966750,999.968721,999.971988,999.976155,999.981377,999.986665,999.991371,999.995758,999.999235,1000.001600,1000.003363,1000.004739,1000.005799,1000.006573,1000.007143,1000.007558,1000.007852,1000.008052,1000.008185,1000.008257,1000.008282,1000.008278,1000.008237,1000.008164,1000.008068,1000.007959,1000.007836,1000.007692,1000.007548,1000.007383,1000.007213,1000.007040,1000.006867,1000.006682,1000.006512,1000.006325,1000.006153,1000.005983,1000.005824,1000.005665,1000.005510,1000.005360,1000.005232,1000.005100,1000.004978,1000.004869,1000.004774,1000.004684,1000.004604,1000.004533,1000.004467,1000.004428,1000.004380,1000.004344,1000.004311,1000.004304,1000.004283,1000.004261,1000.004301,1000.004199,1000.004124,1000.003843,0.000000,0.000000,0.000000,0.000000,0.000000
0.000000,0.000000,0.000000,0.000000,0.000000,999.986588,999.988057,999.987538,999.987340,999.987150,999.986972,999.986820,999.986661,999.986501,999.986321,999.986111,999.985887,999.985644,999.985352,999.985013,999.984631,999.984169,999.983665,999.983022,999.982340,999.981432,999.980521,999.979174,999.977998,999.976489,999.973706,999.972654,999.969238,999.964721,999.963170,999.961505,999.961865,999.964387,999.968491,999.974989,999.981654,999.987686,999.993122,999.997504,1000.001200,1000.003940,1000.005747,1000.006969,1000.007815,1000.008398,1000.008779,1000.009022,1000.009179,1000.009252,1000.009272,1000.009245,1000.009184,1000.009089,1000.008985,1000.008852,1000.008698,1000.008532,1000.008353,1000.008162,1000.007966,1000.007760,1000.007551,1000.007335,1000.007123,1000.006905,1000.006697,1000.006487,1000.006278,1000.006081,1000.005886,1000.005705,1000.005533,1000.005365,1000.005217,1000.005070,1000.004929,1000.004807,1000.004691,1000.004593,1000.004502,1000.004426,1000.004339,1000.004284,1000.004240,1000.004192,1000.004147,1000.004137,1000.004121,1000.004074,1000.004062,1000.004049,1000.003912,1000.004552,0.000000,0.000000,0.000000,0.000000,0.000000
0.000000,0.000000,0.000000,0.000000,999.989005,999.988687,999.988374,999.987895,999.987844,999.987681,999.987520,999.987349,999.987200,999.987035,999.986840,999.986641,999.986429,999.986171,999.985865,999.985520,999.985138,999.984673,999.984136,999.983488,999.982775,999.981838,999.980868,999.979479,999.978155,999.976110,999.973517,999.971813,999.967042,999.963170,999.959748,999.954987,999.953323,999.954828,999.961286,999.970455,999.980195,999.989869,999.997216,1000.001870,1000.005050,1000.007223,1000.008666,1000.009558,1000.010085,1000.010383,1000.010540,1000.010589,1000.010571,1000.010504,1000.010393,1000.010271,1000.010117,1000.009939,1000.009747,1000.009549,1000.009337,1000.009116,1000.008880,1000.008640,1000.008392,1000.008141,1000.007888,1000.007633,1000.007382,1000.007125,1000.006882,1000.006641,1000.006409,1000.006177,1000.005953,1000.005744,1000.005548,1000.005358,1000.005173,1000.005017,1000.004869,1000.004729,1000.004604,1000.004477,1000.004383,1000.004292,1000.004215,1000.004139,1000.004078,1000.004036,1000.003993,1000.003948,1000.003933,1000.003919,1000.003899,1000.003934,1000.003789,1000.003758,1000.003695,0.000000,0.000000,0.000000,0.000000
0.000000,0.000000,0.000000,0.000000,999.987161,999.988525,999.988507,999.988508,999.988371,999.988197,999.988039,999.987899,999.987755,999.987576,999.987404,999.987206,999.986975,999.986713,999.986422,999.986096,999.985708,999.985242,999.984711,999.984081,999.983356,999.982413,999.981439,999.979989,999.978629,999.976346,999.974184,999.971323,999.966520,999.961505,999.954987,999.944435,999.937742,999.942210,999.951777,999.963987,999.979163,999.992078,1000.000762,1000.006821,1000.009853,1000.011359,1000.012131,1000.012476,1000.012572,1000.012520,1000.012397,1000.012222,1000.012009,1000.011785,1000.011547,1000.011303,1000.011053,1000.010797,1000.010529,1000.010261,1000.009979,1000.009698,1000.009407,1000.009111,1000.008820,1000.008525,1000.008226,1000.007924,1000.007637,1000.007342,1000.007053,1000.006776,1000.006508,1000.006259,1000.006010,1000.005769,1000.005554,1000.005347,1000.005145,1000.004956,1000.004795,1000.004643,1000.004498,1000.004368,1000.004250,1000.004153,1000.004065,1000.003993,1000.003912,1000.003862,1000.003827,1000.003776,1000.003754,1000.003746,1000.003703,1000.003720,1000.003766,1000.003838,1000.004470,0.000000,0.000000,0.000000,0.000000
