0.000000,0.000000,0.000000,0.000000,0.000000,0.000000,0.000000,0.000000,0.000000,0.000000,0.000000,0.000000,0.000000,0.000000,0.000000,0.000000,0.000000,0.000000,0.000000,0.000000,0.000000,0.000000,0.000000,0.000000,0.000000,0.000000,0.000000,0.000000,0.000000,0.000000,0.000000,0.000000,0.000000,0.000000,0.000000,0.000000,0.000000,0.000000,0.000000,0.000000,0.000000,0.000000,0.000000,0.000000,0.000000,0.000000,0.000000,0.000000,0.000000,0.000000,0.000000,0.000000,0.000000,0.000000,0.000000,0.000000,0.000000,0.000000,0.000000,0.000000,0.000000,0.000000,0.000000,0.000000,0.000000,0.000000,0.000000,0.000000,0.000000,0.000000,0.000000,0.000000,0.000000,0.000000,0.000000,0.000000,0.000000,0.000000,0.000000,0.000000,0.000000,0.000000,0.000000,0.000000,0.000000,0.000000,0.000000,0.000000,0.000000,0.000000,0.000000,0.000000,0.000000,0.000000,0.000000,0.000000,0.000000,0.000000,0.000000,0.000000,0.000000,0.000000,0.000000
0.000000,0.000000,0.000000,0.000000,0.000000,0.000000,0.000000,0.000000,0.000000,0.000000,0.000000,0.000000,0.000000,0.000000,0.000000,0.000000,0.000000,0.000000,0.000000,0.000000,0.000000,0.000000,0.000000,0.000000,0.000000,0.000000,0.000000,0.000000,0.000000,0.000000,0.000000,0.000000,0.000000,0.000000,0.000000,0.000000,0.000000,0.000000,0.000000,0.000000,0.000000,0.000000,0.000000,0.000000,0.000000,0.000000,0.000000,0.000000,0.000000,0.000000,0.000000,999.998405,0.000000,0.000000,0.000000,0.000000,0.000000,0.000000,0.000000,0.000000,0.000000,0.000000,0.000000,0.000000,0.000000,0.000000,0.000000,0.000000,0.000000,0.000000,0.000000,0.000000,0.000000,0.000000,0.000000,0.000000,0.000000,0.000000,0.000000,0.000000,0.000000,0.000000,0.000000,0.000000,0.000000,0.000000,0.000000,0.000000,0.000000,0.000000,0.000000,0.000000,0.000000,0.000000,0.000000,0.000000,0.000000,0.000000,0.000000,0.000000,0.000000,0.000000,0.000000
0.000000,0.000000,0.000000,0.000000,0.000000,0.000000,0.000000,0.000000,0.000000,0.000000,0.000000,0.000000,0.000000,0.000000,0.000000,0.000000,0.000000,0.000000,0.000000,0.000000,0.000000,0.000000,0.000000,0.000000,0.000000,0.000000,0.000000,0.000000,0.000000,0.000000,0.000000,0.000000,0.000000,0.000000,0.000000,0.000000,0.000000,0.000000,0.000000,0.000000,0.000000,0.000000,999.996438,999.994002,999.993992,999.994532,999.995133,999.995705,999.996414,999.997376,999.998209,999.998341,999.998482,999.999216,1000.000108,1000.000625,1000.001055,1000.001426,1000.001777,1000.001705,999.999988,0.000000,0.000000,0.000000,0.000000,0.000000,0.000000,0.000000,0.000000,0.000000,0.000000,0.000000,0.000000,0.000000,0.000000,0.000000,0.000000,0.000000,0.000000,0.000000,0.000000,0.000000,0.000000,0.000000,0.000000,0.000000,0.000000,0.000000,0.000000,0.000000,0.000000,0.000000,0.000000,0.000000,0.000000,0.000000,0.000000,0.000000,0.000000,0.000000,0.000000,0.000000,0.000000
0.000000,0.000000,0.000000,0.000000,0.000000,0.000000,0.000000,0.000000,0.000000,0.000000,0.000000,0.000000,0.000000,0.000000,0.000000,0.000000,0.000000,0.000000,0.000000,0.000000,0.000000,0.000000,0.000000,0.000000,0.000000,0.000000,0.000000,0.000000,0.000000,0.000000,0.000000,0.000000,0.000000,0.000000,0.000000,0.000000,0.000000,999.992671,999.990279,999.990164,999.991303,999.993152,999.995683,999.995056,999.994661,999.994841,999.995314,999.995888,999.996493,999.997111,999.998050,999.998235,999.998439,999.999304,999.999833,1000.000295,1000.000733,1000.001065,1000.001159,1000.000875,1000.000460,1000.002112,1000.003224,1000.003832,1000.003633,1000.002258,0.000000,0.000000,0.000000,0.000000,0.000000,0.000000,0.000000,0.000000,0.000000,0.000000,0.000000,0.000000,0.000000,0.000000,0.000000,0.000000,0.000000,0.000000,0.000000,0.000000,0.000000,0.000000,0.000000,0.000000,0.000000,0.000000,0.000000,0.000000,0.000000,0.000000,0.000000,0.000000,0.000000,0.000000,0.000000,0.000000,0.000000
0.000000,0.000000,0.000000,0.000000,0.000000,0.000000,0.000000,0.000000,0.000000,0.000000,0.000000,0.000000,0.000000,0.000000,0.000000,0.000000,0.000000,0.000000,0.000000,0.000000,0.000000,0.000000,0.000000,0.000000,0.000000,0.000000,0.000000,0.000000,0.000000,0.000000,0.000000,0.000000,0.000000,0.000000,999.990437,999.988692,999.989679,999.992057,999.991646,999.991411,999.991812,999.993352,999.994235,999.994460,999.994723,999.995032,999.995441,999.995948,999.996547,999.997077,999.997642,999.998134,999.998621,999.999151,999.999599,1000.000091,1000.000481,1000.000778,1000.001002,1000.001148,1000.001260,1000.001822,1000.002765,1000.002984,1000.002808,1000.002504,1000.003751,1000.004232,1000.003365,0.000000,0.000000,0.000000,0.000000,0.000000,0.000000,0.000000,0.000000,0.000000,0.000000,0.000000,0.000000,0.000000,0.000000,0.000000,0.000000,0.000000,0.000000,0.000000,0.000000,0.000000,0.000000,0.000000,0.000000,0.000000,0.000000,0.000000,0.000000,0.000000,0.000000,0.000000,0.000000,0.000000,0.000000
0.000000,0.000000,0.000000,0.000000,0.000000,0.000000,0.000000,0.000000,0.000000,0.000000,0.000000,0.000000,0.000000,0.000000,0.000000,0.000000,0.000000,0.000000,0.000000,0.000000,0.000000,0.000000,0.000000,0.000000,0.000000,0.000000,0.000000,0.000000,0.000000,0.000000,0.000000,0.000000,999.989701,999.988162,999.990105,999.989965,999.990624,999.991134,999.991356,999.991800,999.992311,999.993058,999.993605,999.994267,999.994706,999.995043,999.995473,999.995976,999.996511,999.997043,999.997542,999.998074,999.998576,999.999012,999.999482,999.999918,1000.000298,1000.000624,1000.000880,1000.001153,1000.001545,1000.001886,1000.002349,1000.002622,1000.002864,1000.002941,1000.003191,1000.003516,1000.003391,1000.004318,1000.003496,0.000000,0.000000,0.000000,0.000000,0.000000,0.000000,0.000000,0.000000,0.000000,0.000000,0.000000,0.000000,0.000000,0.000000,0.000000,0.000000,0.000000,0.000000,0.000000,0.000000,0.000000,0.000000,0.000000,0.000000,0.000000,0.000000,0.000000,0.000000,0.000000,0.000000,0.000000,0.000000
0.000000,0.000000,0.000000,0.000000,0.000000,0.000000,0.000000,0.000000,0.000000,0.000000,0.000000,0.000000,0.000000,0.000000,0.000000,0.000000,0.000000,0.000000,0.000000,0.000000,0.000000,0.000000,0.000000,0.000000,0.000000,0.000000,0.000000,0.000000,0.000000,0.000000,999.988097,999.986617,999.988961,999.989526,999.989830,999.989971,999.990449,999.990810,999.991408,999.991868,999.992384,999.992944,999.993501,999.994073,999.994528,999.995004,999.995497,999.995981,999.996470,999.996995,999.997495,999.998001,999.998484,999.998938,999.999406,999.999813,1000.000200,1000.000547,1000.000868,1000.001176,1000.001551,1000.001882,1000.002181,1000.002464,1000.002700,1000.003010,1000.003176,1000.003383,1000.003425,1000.003567,1000.003810,1000.004846,1000.004173,0.000000,0.000000,0.000000,0.000000,0.000000,0.000000,0.000000,0.000000,0.000000,0.000000,0.000000,0.000000,0.000000,0.000000,0.000000,0.000000,0.000000,0.000000,0.000000,0.000000,0.000000,0.000000,0.000000,0.000000,0.000000,0.000000,0.000000,0.000000,0.000000,0.000000
0.000000,0.000000,0.000000,0.000000,0.000000,0.000000,0.000000,0.000000,0.000000,0.000000,0.000000,0.000000,0.000000,0.000000,0.000000,0.000000,0.000000,0.000000,0.000000,0.000000,0.000000,0.000000,0.000000,0.000000,0.000000,0.000000,0.000000,0.000000,999.986536,999.985176,999.987473,999.988235,999.988635,999.989040,999.989373,999.989930,999.990362,999.990812,999.991316,999.991766,999.992330,999.992851,999.993413,999.993923,999.994412,999.994957,999.995458,999.995945,999.996437,999.996971,999.997449,999.997942,999.998396,999.998870,999.999321,999.999732,1000.000120,1000.000471,1000.000826,1000.001161,1000.001503,1000.001844,1000.002128,1000.002441,1000.002685,1000.002935,1000.003135,1000.003325,1000.003577,1000.003721,1000.003872,1000.004035,1000.004347,1000.005328,1000.004661,0.000000,0.000000,0.000000,0.000000,0.000000,0.000000,0.000000,0.000000,0.000000,0.000000,0.000000,0.000000,0.000000,0.000000,0.000000,0.000000,0.000000,0.000000,0.000000,0.000000,0.000000,0.000000,0.000000,0.000000,0.000000,0.000000,0.000000,0.000000
0.000000,0.000000,0.000000,0.000000,0.000000,0.000000,0.000000,0.000000,0.000000,0.000000,0.000000,0.000000,0.000000,0.000000,0.000000,0.000000,0.000000,0.000000,0.000000,0.000000,0.000000,0.000000,0.000000,0.000000,0.000000,0.000000,999.985067,999.983992,999.986072,999.986832,999.987279,999.987812,999.988213,999.988848,999.989287,999.989779,999.990227,999.990735,999.991197,999.991717,999.992237,999.992773,999.993324,999.993842,999.994380,999.994889,999.995385,999.995893,999.996404,999.996914,999.997410,999.997903,999.998379,999.998838,999.999271,999.999682,1000.000087,1000.000473,1000.000814,1000.001158,1000.001467,1000.001788,1000.002088,1000.002386,1000.002655,1000.002881,1000.003106,1000.003342,1000.003528,1000.003718,1000.004007,1000.004147,1000.004342,1000.004532,1000.004814,1000.005606,1000.005166,0.000000,0.000000,0.000000,0.000000,0.000000,0.000000,0.000000,0.000000,0.000000,0.000000,0.000000,0.000000,0.000000,0.000000,0.000000,0.000000,0.000000,0.000000,0.000000,0.000000,0.000000,0.000000,0.000000,0.000000,0.000000,0.000000
0.000000,0.000000,0.000000,0.000000,0.000000,0.000000,0.000000,0.000000,0.000000,0.000000,0.000000,0.000000,0.000000,0.000000,0.000000,0.000000,0.000000,0.000000,0.000000,0.000000,0.000000,0.000000,0.000000,0.000000,999.984165,999.983295,999.984870,999.985545,999.985983,999.986517,999.986949,999.987645,999.988149,999.988653,999.989127,999.989631,999.990125,999.990606,999.991103,999.991640,999.992163,999.992679,999.993217,999.993764,999.994309,999.994817,999.995329,999.995877,999.996384,999.996877,999.997372,999.997865,999.998372,999.998813,999.999224,999.999644,1000.000057,1000.000436,1000.000803,1000.001151,1000.001472,1000.001805,1000.002103,1000.002370,1000.002633,1000.002884,1000.003115,1000.003340,1000.003539,1000.003738,1000.003955,1000.004168,1000.004406,1000.004571,1000.004794,1000.004937,1000.005170,1000.005740,1000.005393,0.000000,0.000000,0.000000,0.000000,0.000000,0.000000,0.000000,0.000000,0.000000,0.000000,0.000000,0.000000,0.000000,0.000000,0.000000,0.000000,0.000000,0.000000,0.000000,0.000000,0.000000,0.000000,0.000000,0.000000
0.000000,0.000000,0.000000,0.000000,0.000000,0.000000,0.000000,0.000000,0.000000,0.000000,0.000000,0.000000,0.000000,0.000000,0.000000,0.000000,0.000000,0.000000,0.000000,0.000000,0.000000,0.000000,0.000000,999.984427,999.984115,999.984493,999.984932,999.985434,999.985807,999.986434,999.986965,999.987473,999.987967,999.988462,999.988992,999.989471,999.989958,999.990470,999.990987,999.991523,999.992049,999.992585,999.993147,999.993673,999.994225,999.994759,999.995297,999.995841,999.996368,999.996859,999.997383,999.997853,999.998320,999.998789,999.999235,999.999673,1000.000050,1000.000435,1000.000788,1000.001147,1000.001467,1000.001784,1000.002100,1000.002345,1000.002631,1000.002888,1000.003123,1000.003331,1000.003549,1000.003774,1000.003967,1000.004171,1000.004368,1000.004562,1000.004789,1000.004920,1000.005089,1000.005240,1000.005341,1000.005200,0.000000,0.000000,0.000000,0.000000,0.000000,0.000000,0.000000,0.000000,0.000000,0.000000,0.000000,0.000000,0.000000,0.000000,0.000000,0.000000,0.000000,0.000000,0.000000,0.000000,0.000000,0.000000,0.000000
0.000000,0.000000,0.000000,0.000000,0.000000,0.000000,0.000000,0.000000,0.000000,0.000000,0.000000,0.000000,0.000000,0.000000,0.000000,0.000000,0.000000,0.000000,0.000000,0.000000,0.000000,999.982733,999.982221,999.983961,999.984373,999.984680,999.984887,999.985390,999.985863,999.986357,999.986854,999.987324,999.987815,999.988329,999.988809,999.989321,999.989820,999.990339,999.990879,999.991391,999.991935,999.992505,999.993060,999.993586,999.994163,999.994710,999.995262,999.995776,999.996312,999.996836,999.997375,999.997862,999.998304,999.998789,999.999250,999.999661,1000.000074,1000.000448,1000.000829,1000.001177,1000.001514,1000.001805,1000.002116,1000.002385,1000.002641,1000.002900,1000.003131,1000.003336,1000.003578,1000.003767,1000.003957,1000.004166,1000.004352,1000.004544,1000.004721,1000.004875,1000.005064,1000.005130,1000.005211,1000.005341,1000.005982,1000.005753,0.000000,0.000000,0.000000,0.000000,0.000000,0.000000,0.000000,0.000000,0.000000,0.000000,0.000000,0.000000,0.000000,0.000000,0.000000,0.000000,0.000000,0.000000,0.000000,0.000000,0.000000
0.000000,0.000000,0.000000,0.000000,0.000000,0.000000,0.000000,0.000000,0.000000,0.000000,0.000000,0.000000,0.000000,0.000000,0.000000,0.000000,0.000000,0.000000,0.000000,0.000000,999.983044,999.982988,999.983340,999.983832,999.984189,999.984594,999.984958,999.985381,999.985807,999.986243,999.986704,999.987169,999.987669,999.988149,999.988647,999.989151,999.989666,999.990179,999.990723,999.991270,999.991833,999.992388,999.992939,999.993530,999.994098,999.994660,999.995228,999.995773,999.996315,999.996862,999.997351,999.997871,999.998378,999.998829,999.999272,999.999690,1000.000095,1000.000496,1000.000846,1000.001200,1000.001538,1000.001830,1000.002140,1000.002433,1000.002689,1000.002912,1000.003163,1000.003392,1000.003588,1000.003804,1000.003980,1000.004175,1000.004354,1000.004511,1000.004678,1000.004854,1000.004978,1000.005113,1000.005253,1000.005366,1000.005531,1000.005634,1000.005613,0.000000,0.000000,0.000000,0.000000,0.000000,0.000000,0.000000,0.000000,0.000000,0.000000,0.000000,0.000000,0.000000,0.000000,0.000000,0.000000,0.000000,0.000000,0.000000,0.000000
0.000000,0.000000,0.000000,0.000000,0.000000,0.000000,0.000000,0.000000,0.000000,0.000000,0.000000,0.000000,0.000000,0.000000,0.000000,0.000000,0.000000,0.000000,0.000000,999.982759,999.983026,999.983213,999.983574,999.983785,999.984191,999.984570,999.984955,999.985343,999.985734,999.986138,999.986585,999.987040,999.987504,999.987986,999.988482,999.988972,999.989492,999.990028,999.990581,999.991138,999.991705,999.992269,999.992850,999.993466,999.994022,999.994612,999.995193,999.995761,999.996317,999.996867,999.997361,999.997883,999.998406,999.998851,999.999304,999.999756,1000.000166,1000.000558,1000.000928,1000.001258,1000.001607,1000.001905,1000.002186,1000.002467,1000.002731,1000.002952,1000.003190,1000.003408,1000.003604,1000.003801,1000.004003,1000.004172,1000.004355,1000.004520,1000.004675,1000.004812,1000.004949,1000.005071,1000.005209,1000.005348,1000.005402,1000.005514,1000.005559,1000.005654,0.000000,0.000000,0.000000,0.000000,0.000000,0.000000,0.000000,0.000000,0.000000,0.000000,0.000000,0.000000,0.000000,0.000000,0.000000,0.000000,0.000000,0.000000,0.000000
0.000000,0.000000,0.000000,0.000000,0.000000,0.000000,0.000000,0.000000,0.000000,0.000000,0.000000,0.000000,0.000000,0.000000,0.000000,0.000000,0.000000,0.000000,999.982441,999.982790,999.983074,999.983346,999.983628,999.983901,999.984222,999.984566,999.984905,999.985254,999.985628,999.986031,999.986448,999.986873,999.987322,999.987791,999.988275,999.988770,999.989304,999.989865,999.990395,999.990966,999.991554,999.992161,999.992768,999.993373,999.993963,999.994576,999.995166,999.995749,999.996323,999.996895,999.997437,999.997972,999.998442,999.998921,999.999388,999.999816,1000.000224,1000.000594,1000.000985,1000.001320,1000.001663,1000.001974,1000.002264,1000.002523,1000.002788,1000.003023,1000.003251,1000.003459,1000.003654,1000.003860,1000.004031,1000.004185,1000.004359,1000.004507,1000.004674,1000.004792,1000.004922,1000.005047,1000.005176,1000.005286,1000.005382,1000.005459,1000.005542,1000.005631,1000.005765,0.000000,0.000000,0.000000,0.000000,0.000000,0.000000,0.000000,0.000000,0.000000,0.000000,0.000000,0.000000,0.000000,0.000000,0.000000,0.000000,0.000000,0.000000
0.000000,0.000000,0.000000,0.000000,0.000000,0.000000,0.000000,0.000000,0.000000,0.000000,0.000000,0.000000,0.000000,0.000000,0.000000,0.000000,0.000000,999.982198,999.982599,999.982871,999.983131,999.983404,999.983654,999.983919,999.984211,999.984519,999.984816,999.985158,999.985504,999.985884,999.986271,999.986686,999.987127,999.987581,999.988061,999.988569,999.989117,999.989650,999.990222,999.990817,999.991424,999.992055,999.992656,999.993273,999.993916,999.994544,999.995144,999.995766,999.996336,999.996914,999.997474,999.998006,999.998498,999.999013,999.999481,999.999937,1000.000330,1000.000731,1000.001102,1000.001438,1000.001752,1000.002052,1000.002341,1000.002585,1000.002854,1000.003087,1000.003308,1000.003501,1000.003705,1000.003876,1000.004066,1000.004210,1000.004381,1000.004511,1000.004644,1000.004788,1000.004920,1000.005013,1000.005116,1000.005218,1000.005335,1000.005421,1000.005487,1000.005590,1000.005685,1000.005794,0.000000,0.000000,0.000000,0.000000,0.000000,0.000000,0.000000,0.000000,0.000000,0.000000,0.000000,0.000000,0.000000,0.000000,0.000000,0.000000,0.000000
0.000000,0.000000,0.000000,0.000000,0.000000,0.000000,0.000000,0.000000,0.000000,0.000000,0.000000,0.000000,0.000000,0.000000,0.000000,0.000000,999.982179,999.982444,999.982716,999.982946,999.983231,999.983460,999.983703,999.983951,999.984215,999.984464,999.984766,999.985059,999.985380,999.985722,999.986087,999.986484,999.986910,999.987353,999.987823,999.988347,999.988870,999.989423,999.990025,999.990634,999.991257,999.991886,999.992543,999.993200,999.993870,999.994511,999.995160,999.995794,999.996418,999.996989,999.997571,999.998101,999.998636,999.999135,999.999566,1000.000003,1000.000438,1000.000825,1000.001203,1000.001547,1000.001859,1000.002171,1000.002447,1000.002701,1000.002945,1000.003175,1000.003382,1000.003579,1000.003766,1000.003919,1000.004094,1000.004257,1000.004394,1000.004531,1000.004663,1000.004772,1000.004903,1000.005016,1000.005103,1000.005191,1000.005291,1000.005384,1000.005468,1000.005545,1000.005630,1000.005738,1000.005860,0.000000,0.000000,0.000000,0.000000,0.000000,0.000000,0.000000,0.000000,0.000000,0.000000,0.000000,0.000000,0.000000,0.000000,0.000000,0.000000
0.000000,0.000000,0.000000,0.000000,0.000000,0.000000,0.000000,0.000000,0.000000,0.000000,0.000000,0.000000,0.000000,0.000000,0.000000,999.982198,999.982444,999.982691,999.982899,999.983117,999.983332,999.983523,999.983747,999.983932,999.984146,999.984389,999.984645,999.984916,999.985203,999.985527,999.985870,999.986240,999.986655,999.987075,999.987576,999.988072,999.988611,999.989199,999.989801,999.990432,999.991077,999.991751,999.992449,999.993137,999.993816,999.994494,999.995153,999.995813,999.996445,999.997051,999.997643,999.998210,999.998751,999.999273,999.999739,1000.000178,1000.000611,1000.000990,1000.001343,1000.001684,1000.001995,1000.002281,1000.002571,1000.002821,1000.003041,1000.003269,1000.003450,1000.003667,1000.003824,1000.004002,1000.004140,1000.004297,1000.004411,1000.004549,1000.004683,1000.004774,1000.004866,1000.004989,1000.005095,1000.005164,1000.005239,1000.005340,1000.005423,1000.005508,1000.005577,1000.005651,1000.005746,1000.005818,0.000000,0.000000,0.000000,0.000000,0.000000,0.000000,0.000000,0.000000,0.000000,0.000000,0.000000,0.000000,0.000000,0.000000,0.000000
0.000000,0.000000,0.000000,0.000000,0.000000,0.000000,0.000000,0.000000,0.000000,0.000000,0.000000,0.000000,0.000000,0.000000,999.982441,999.982599,999.982716,999.982899,999.983052,999.983212,999.983396,999.983563,999.983741,999.983928,999.984130,999.984335,999.984552,999.984767,999.985031,999.985327,999.985630,999.985974,999.986350,999.986796,999.987255,999.987766,999.988319,999.988913,999.989539,999.990201,999.990896,999.991605,999.992321,999.993045,999.993765,999.994502,999.995206,999.995880,999.996548,999.997194,999.997795,999.998364,999.998879,999.999382,999.999882,1000.000332,1000.000761,1000.001145,1000.001508,1000.001855,1000.002149,1000.002439,1000.002694,1000.002951,1000.003161,1000.003381,1000.003569,1000.003747,1000.003910,1000.004062,1000.004211,1000.004343,1000.004458,1000.004571,1000.004678,1000.004799,1000.004875,1000.004964,1000.005057,1000.005158,1000.005204,1000.005273,1000.005374,1000.005438,1000.005508,1000.005596,1000.005661,1000.005728,1000.005799,0.000000,0.000000,0.000000,0.000000,0.000000,0.000000,0.000000,0.000000,0.000000,0.000000,0.000000,0.000000,0.000000,0.000000
0.000000,0.000000,0.000000,0.000000,0.000000,0.000000,0.000000,0.000000,0.000000,0.000000,0.000000,0.000000,0.000000,999.982759,999.982790,999.982871,999.982946,999.983117,999.983212,999.983384,999.983546,999.983647,999.983806,999.983923,999.984040,999.984219,999.984367,999.984568,999.984791,999.985046,999.985320,999.985653,999.986035,999.986450,999.986907,999.987428,999.988001,999.988598,999.989262,999.989955,999.990684,999.991423,999.992194,999.992953,999.993727,999.994486,999.995237,999.995937,999.996650,999.997303,999.997941,999.998543,999.999118,999.999636,1000.000117,1000.000557,1000.000955,1000.001347,1000.001689,1000.002025,1000.002333,1000.002608,1000.002856,1000.003091,1000.003293,1000.003506,1000.003680,1000.003843,1000.004001,1000.004143,1000.004261,1000.004405,1000.004517,1000.004604,1000.004704,1000.004791,1000.004909,1000.004955,1000.005031,1000.005129,1000.005212,1000.005254,1000.005322,1000.005388,1000.005458,1000.005510,1000.005577,1000.005633,1000.005693,1000.005717,0.000000,0.000000,0.000000,0.000000,0.000000,0.000000,0.000000,0.000000,0.000000,0.000000,0.000000,0.000000,0.000000
0.000000,0.000000,0.000000,0.000000,0.000000,0.000000,0.000000,0.000000,0.000000,0.000000,0.000000,0.000000,999.983044,999.983026,999.983074,999.983131,999.983231,999.983332,999.983396,999.983546,999.983590,999.983634,999.983758,999.983832,999.983979,999.984100,999.984225,999.984396,999.984567,999.984784,999.985017,999.985332,999.985660,999.986051,999.986503,999.987034,999.987597,999.988243,999.988932,999.989667,999.990433,999.991245,999.992064,999.992899,999.993721,999.994516,999.995322,999.996087,999.996802,999.997486,999.998123,999.998717,999.999293,999.999818,1000.000316,1000.000773,1000.001199,1000.001579,1000.001926,1000.002237,1000.002538,1000.002800,1000.003032,1000.003276,1000.003457,1000.003642,1000.003809,1000.003966,1000.004105,1000.004241,1000.004329,1000.004442,1000.004561,1000.004656,1000.004734,1000.004808,1000.004890,1000.004970,1000.005010,1000.005088,1000.005161,1000.005212,1000.005294,1000.005332,1000.005404,1000.005462,1000.005493,1000.005553,1000.005607,1000.005634,1000.005681,0.000000,0.000000,0.000000,0.000000,0.000000,0.000000,0.000000,0.000000,0.000000,0.000000,0.000000,0.000000
0.000000,0.000000,0.000000,0.000000,0.000000,0.000000,0.000000,0.000000,0.000000,0.000000,0.000000,999.982733,999.982988,999.983213,999.983346,999.983404,999.983460,999.983523,999.983563,999.983647,999.983634,999.983725,999.983875,999.983867,999.983940,999.983960,999.984023,999.984125,999.984261,999.984419,999.984622,999.984889,999.985206,999.985585,999.986050,999.986574,999.987161,999.987841,999.988570,999.989340,999.990184,999.991044,999.991921,999.992806,999.993690,999.994551,999.995398,999.996198,999.996956,999.997707,999.998402,999.999027,999.999610,1000.000120,1000.000604,1000.001049,1000.001452,1000.001831,1000.002170,1000.002473,1000.002755,1000.003013,1000.003230,1000.003446,1000.003640,1000.003797,1000.003949,1000.004093,1000.004216,1000.004341,1000.004438,1000.004534,1000.004604,1000.004705,1000.004783,1000.004833,1000.004902,1000.004975,1000.005025,1000.005059,1000.005133,1000.005177,1000.005217,1000.005268,1000.005336,1000.005381,1000.005436,1000.005483,1000.005546,1000.005586,1000.005688,1000.005785,0.000000,0.000000,0.000000,0.000000,0.000000,0.000000,0.000000,0.000000,0.000000,0.000000,0.000000
0.000000,0.000000,0.000000,0.000000,0.000000,0.000000,0.000000,0.000000,0.000000,0.000000,0.000000,999.982221,999.983340,999.983574,999.983628,999.983654,999.983703,999.983747,999.983741,999.983806,999.983758,999.983875,999.983797,999.983663,999.983764,999.983752,999.983824,999.983920,999.983973,999.984070,999.984233,999.984453,999.984718,999.985081,999.985522,999.986032,999.986638,999.987347,999.988111,999.988976,999.989879,999.990820,999.991775,999.992748,999.993732,999.994658,999.995551,999.996412,999.997201,999.997928,999.998615,999.999254,999.999871,1000.000430,1000.000928,1000.001371,1000.001772,1000.002132,1000.002460,1000.002751,1000.003005,1000.003254,1000.003455,1000.003643,1000.003816,1000.003979,1000.004102,1000.004234,1000.004327,1000.004435,1000.004531,1000.004613,1000.004684,1000.004721,1000.004822,1000.004850,1000.004906,1000.004965,1000.005020,1000.005043,1000.005103,1000.005140,1000.005207,1000.005210,1000.005263,1000.005299,1000.005335,1000.005414,1000.005434,1000.005486,1000.005606,1000.005949,0.000000,0.000000,0.000000,0.000000,0.000000,0.000000,0.000000,0.000000,0.000000,0.000000,0.000000
0.000000,0.000000,0.000000,0.000000,0.000000,0.000000,0.000000,0.000000,0.000000,0.000000,999.984427,999.983961,999.983832,999.983785,999.983901,999.983919,999.983951,999.983932,999.983928,999.983923,999.983832,999.983867,999.983663,999.983717,999.983859,999.983684,999.983677,999.983585,999.983536,999.983598,999.983720,999.983873,999.984105,999.984450,999.984866,999.985397,999.986059,999.986806,999.987638,999.988552,999.989535,999.990556,999.991622,999.992679,999.993719,999.994730,999.995673,999.996632,999.997520,999.998319,999.999038,999.999689,1000.000244,1000.000773,1000.001267,1000.001697,1000.002096,1000.002454,1000.002764,1000.003049,1000.003282,1000.003507,1000.003704,1000.003870,1000.004028,1000.004166,1000.004277,1000.004379,1000.004486,1000.004557,1000.004629,1000.004687,1000.004756,1000.004790,1000.004846,1000.004895,1000.004934,1000.004953,1000.005015,1000.005032,1000.005066,1000.005096,1000.005124,1000.005193,1000.005198,1000.005260,1000.005261,1000.005314,1000.005369,1000.005427,1000.005445,1000.005456,1000.005355,0.000000,0.000000,0.000000,0.000000,0.000000,0.000000,0.000000,0.000000,0.000000,0.000000
0.000000,0.000000,0.000000,0.000000,0.000000,0.000000,0.000000,0.000000,0.000000,999.984165,999.984115,999.984373,999.984189,999.984191,999.984222,999.984211,999.984215,999.984146,999.984130,999.984040,999.983979,999.983940,999.983764,999.983859,999.983614,999.983230,999.983282,999.983168,999.983180,999.983236,999.983241,999.983307,999.983495,999.983772,999.984154,999.984686,999.985342,999.986120,999.987019,999.988059,999.989156,999.990323,999.991505,999.992676,999.993826,999.994957,999.995968,999.996901,999.997768,999.998592,999.999359,1000.000081,1000.000695,1000.001229,1000.001711,1000.002125,1000.002495,1000.002819,1000.003116,1000.003369,1000.003603,1000.003795,1000.003981,1000.004131,1000.004243,1000.004367,1000.004468,1000.004546,1000.004615,1000.004691,1000.004741,1000.004774,1000.004842,1000.004865,1000.004900,1000.004913,1000.004958,1000.004970,1000.004987,1000.005022,1000.005036,1000.005072,1000.005070,1000.005104,1000.005142,1000.005173,1000.005209,1000.005244,1000.005266,1000.005319,1000.005355,1000.005337,1000.005469,1000.005476,0.000000,0.000000,0.000000,0.000000,0.000000,0.000000,0.000000,0.000000,0.000000
0.000000,0.000000,0.000000,0.000000,0.000000,0.000000,0.000000,0.000000,0.000000,999.983295,999.984493,999.984680,999.984594,999.984570,999.984566,999.984519,999.984464,999.984389,999.984335,999.984219,999.984100,999.983960,999.983752,999.983684,999.983230,999.983208,999.983380,999.983025,999.982863,999.982653,999.982471,999.982500,999.982632,999.982869,999.983243,999.983785,999.984498,999.985345,999.986359,999.987495,999.988702,999.989986,999.991293,999.992607,999.993853,999.995112,999.996303,999.997385,999.998330,999.999170,999.999871,1000.000523,1000.001133,1000.001679,1000.002138,1000.002556,1000.002918,1000.003228,1000.003484,1000.003739,1000.003936,1000.004110,1000.004251,1000.004388,1000.004487,1000.004581,1000.004662,1000.004734,1000.004766,1000.004817,1000.004867,1000.004881,1000.004907,1000.004933,1000.004940,1000.004952,1000.004961,1000.004983,1000.004982,1000.004998,1000.005008,1000.005028,1000.005030,1000.005045,1000.005063,1000.005084,1000.005097,1000.005144,1000.005180,1000.005203,1000.005234,1000.005254,1000.005374,1000.005769,0.000000,0.000000,0.000000,0.000000,0.000000,0.000000,0.000000,0.000000,0.000000
0.000000,0.000000,0.000000,0.000000,0.000000,0.000000,0.000000,0.000000,999.985067,999.984870,999.984932,999.984887,999.984958,999.984955,999.984905,999.984816,999.984766,999.984645,999.984552,999.984367,999.984225,999.984023,999.983824,999.983677,999.983282,999.983380,999.982937,999.982173,999.982114,999.981913,999.981844,999.981881,999.981871,999.981976,999.982283,999.982805,999.983464,999.984385,999.985522,999.986805,999.988244,999.989719,999.991256,999.992777,999.994138,999.995405,999.996580,999.997684,999.998713,999.999679,1000.000484,1000.001155,1000.001740,1000.002246,1000.002684,1000.003062,1000.003396,1000.003680,1000.003924,1000.004124,1000.004301,1000.004442,1000.004559,1000.004667,1000.004761,1000.004818,1000.004868,1000.004917,1000.004945,1000.004953,1000.004979,1000.004994,1000.004986,1000.004988,1000.004999,1000.004989,1000.004985,1000.004979,1000.004982,1000.004980,1000.004960,1000.004982,1000.004982,1000.004996,1000.005001,1000.005011,1000.005024,1000.005045,1000.005077,1000.005091,1000.005130,1000.005195,1000.005231,1000.005297,1000.005325,0.000000,0.000000,0.000000,0.000000,0.000000,0.000000,0.000000,0.000000
0.000000,0.000000,0.000000,0.000000,0.000000,0.000000,0.000000,0.000000,999.983992,999.985545,999.985434,999.985390,999.985381,999.985343,999.985254,999.985158,999.985059,999.984916,999.984767,999.984568,999.984396,999.984125,999.983920,999.983585,999.983168,999.983025,999.982173,999.981960,999.982231,999.981652,999.981264,999.980908,999.980595,999.980657,999.980941,999.981415,999.982229,999.983282,999.984543,999.985997,999.987599,999.989287,999.990974,999.992748,999.994424,999.995963,999.997328,999.998480,999.999416,1000.000278,1000.001079,1000.001775,1000.002350,1000.002832,1000.003260,1000.003624,1000.003905,1000.004168,1000.004371,1000.004541,1000.004687,1000.004814,1000.004895,1000.004971,1000.005028,1000.005069,1000.005087,1000.005106,1000.005132,1000.005111,1000.005106,1000.005097,1000.005087,1000.005058,1000.005045,1000.005034,1000.005009,1000.004983,1000.004955,1000.004968,1000.004937,1000.004922,1000.004919,1000.004917,1000.004905,1000.004923,1000.004936,1000.004938,1000.004957,1000.005004,1000.005015,1000.005056,1000.005098,1000.005115,1000.005654,0.000000,0.000000,0.000000,0.000000,0.000000,0.000000,0.000000,0.000000
0.000000,0.000000,0.000000,0.000000,0.000000,0.000000,0.000000,999.986536,999.986072,999.985983,999.985807,999.985863,999.985807,999.985734,999.985628,999.985504,999.985380,999.985203,999.985031,999.984791,999.984567,999.984261,999.983973,999.983536,999.983180,999.982863,999.982114,999.982231,999.981582,999.980186,999.979906,999.979591,999.979417,999.979528,999.979657,999.980070,999.980750,999.981841,999.983319,999.985044,999.987079,999.989158,999.991089,999.992927,999.994656,999.996263,999.997752,999.999147,1000.000277,1000.001169,1000.001913,1000.002556,1000.003083,1000.003540,1000.003911,1000.004235,1000.004483,1000.004696,1000.004868,1000.005006,1000.005104,1000.005200,1000.005260,1000.005285,1000.005310,1000.005329,1000.005332,1000.005304,1000.005300,1000.005277,1000.005235,1000.005206,1000.005177,1000.005134,1000.005084,1000.005060,1000.005028,1000.004994,1000.004945,1000.004926,1000.004905,1000.004890,1000.004852,1000.004850,1000.004834,1000.004849,1000.004834,1000.004826,1000.004849,1000.004861,1000.004877,1000.004902,1000.004981,1000.004991,1000.005010,1000.004879,0.000000,0.000000,0.000000,0.000000,0.000000,0.000000,0.000000
0.000000,0.000000,0.000000,0.000000,0.000000,0.000000,0.000000,999.985176,999.986832,999.986517,999.986434,999.986357,999.986243,999.986138,999.986031,999.985884,999.985722,999.985527,999.985327,999.985046,999.984784,999.984419,999.984070,999.983598,999.983236,999.982653,999.981913,999.981652,999.980186,999.979531,999.979936,999.979116,999.978414,999.977953,999.977595,999.977846,999.978809,999.980114,999.981821,999.983870,999.986075,999.988595,999.991147,999.993499,999.995621,999.997386,999.998744,999.999956,1000.001098,1000.002036,1000.002779,1000.003389,1000.003900,1000.004308,1000.004631,1000.004882,1000.005101,1000.005267,1000.005394,1000.005493,1000.005548,1000.005591,1000.005626,1000.005637,1000.005614,1000.005603,1000.005576,1000.005532,1000.005477,1000.005439,1000.005388,1000.005320,1000.005263,1000.005212,1000.005146,1000.005076,1000.005044,1000.004996,1000.004937,1000.004896,1000.004847,1000.004821,1000.004801,1000.004766,1000.004746,1000.004727,1000.004732,1000.004720,1000.004738,1000.004736,1000.004748,1000.004766,1000.004778,1000.004796,1000.004773,1000.005421,0.000000,0.000000,0.000000,0.000000,0.000000,0.000000,0.000000
0.000000,0.000000,0.000000,0.000000,0.000000,0.000000,999.988097,999.987473,999.987279,999.986949,999.986965,999.986854,999.986704,999.986585,999.986448,999.986271,999.986087,999.985870,999.985630,999.985320,999.985017,999.984622,999.984233,999.983720,999.983241,999.982471,999.981844,999.981264,999.979906,999.979936,999.979108,999.976771,999.975959,999.975412,999.975246,999.975829,999.976494,999.977792,999.979960,999.982535,999.985383,999.988289,999.991074,999.993650,999.996050,999.998270,1000.000029,1000.001300,1000.002327,1000.003162,1000.003838,1000.004380,1000.004813,1000.005146,1000.005405,1000.005615,1000.005754,1000.005886,1000.005945,1000.006002,1000.006029,1000.006025,1000.006000,1000.005991,1000.005942,1000.005873,1000.005820,1000.005755,1000.005679,1000.005592,1000.005522,1000.005437,1000.005354,1000.005280,1000.005211,1000.005127,1000.005038,1000.004989,1000.004929,1000.004869,1000.004815,1000.004745,1000.004727,1000.004699,1000.004662,1000.004623,1000.004616,1000.004614,1000.004604,1000.004581,1000.004606,1000.004634,1000.004625,1000.004656,1000.004614,1000.004616,1000.004488,0.000000,0.000000,0.000000,0.000000,0.000000,0.000000
0.000000,0.000000,0.000000,0.000000,0.000000,0.000000,999.986617,999.988235,999.987812,999.987645,999.987473,999.987324,999.987169,999.987040,999.986873,999.986686,999.986484,999.986240,999.985974,999.985653,999.985332,999.984889,999.984453,999.983873,999.983307,999.982500,999.981881,999.980908,999.979591,999.979116,999.976771,999.975000,999.975287,999.974328,999.973393,999.972907,999.973431,999.975097,999.977538,999.981018,999.984710,999.988455,999.992112,999.995185,999.997497,999.999449,1000.001222,1000.002618,1000.003645,1000.004412,1000.005015,1000.005470,1000.005801,1000.006053,1000.006249,1000.006383,1000.006470,1000.006515,1000.006546,1000.006532,1000.006519,1000.006478,1000.006412,1000.006339,1000.006273,1000.006177,1000.006077,1000.005981,1000.005878,1000.005767,1000.005655,1000.005559,1000.005445,1000.005336,1000.005246,1000.005151,1000.005060,1000.004957,1000.004894,1000.004823,1000.004763,1000.004689,1000.004640,1000.004589,1000.004555,1000.004535,1000.004511,1000.004474,1000.004462,1000.004467,1000.004461,1000.004448,1000.004465,1000.004460,1000.004451,1000.004351,1000.005017,0.000000,0.000000,0.000000,0.000000,0.000000,0.000000
0.000000,0.000000,0.000000,0.000000,0.000000,999.989701,999.988961,999.988635,999.988213,999.988149,999.987967,999.987815,999.987669,999.987504,999.987322,999.987127,999.986910,999.986655,999.986350,999.986035,999.985660,999.985206,999.984718,999.984105,999.983495,999.982632,999.981871,999.980595,999.979417,999.978414,999.975959,999.975287,999.974298,999.970615,999.968659,999.968281,999.968546,999.970546,999.973810,999.977926,999.982962,999.987968,999.992398,999.996448,999.999584,1000.001670,1000.003198,1000.004364,1000.005232,1000.005873,1000.006335,1000.006663,1000.006879,1000.007043,1000.007142,1000.007197,1000.007204,1000.007191,1000.007162,1000.007101,1000.007019,1000.006939,1000.006837,1000.006716,1000.006601,1000.006481,1000.006345,1000.006209,1000.006078,1000.005940,1000.005802,1000.005661,1000.005552,1000.005407,1000.005284,1000.005174,1000.005069,1000.004958,1000.004862,1000.004768,1000.004699,1000.004627,1000.004566,1000.004494,1000.004441,1000.004412,1000.004375,1000.004341,1000.004324,1000.004324,1000.004307,1000.004280,1000.004292,1000.004299,1000.004324,1000.004233,1000.004175,1000.003911,0.000000,0.000000,0.000000,0.000000,0.000000
0.000000,0.000000,0.000000,0.000000,0.000000,999.988162,999.989526,999.989040,999.988848,999.988653,999.988462,999.988329,999.988149,999.987986,999.987791,999.987581,999.987353,999.987075,999.986796,999.986450,999.986051,999.985585,999.985081,999.984450,999.983772,999.982869,999.981976,999.980657,999.979528,999.977953,999.975412,999.974328,999.970615,999.966514,999.965380,999.963741,999.964108,999.966597,999.970655,999.976955,999.983370,999.989206,999.994343,999.998355,1000.001607,1000.003921,1000.005420,1000.006394,1000.007058,1000.007508,1000.007787,1000.007950,1000.008055,1000.008095,1000.008079,1000.008046,1000.007983,1000.007897,1000.007796,1000.007679,1000.007552,1000.007403,1000.007268,1000.007112,1000.006948,1000.006780,1000.006618,1000.006438,1000.006274,1000.006104,1000.005948,1000.005770,1000.005616,1000.005476,1000.005327,1000.005181,1000.005062,1000.004930,1000.004837,1000.004717,1000.004614,1000.004538,1000.004469,1000.004405,1000.004338,1000.004289,1000.004241,1000.004200,1000.004189,1000.004159,1000.004139,1000.004140,1000.004144,1000.004102,1000.004087,1000.004095,1000.003974,1000.004578,0.000000,0.000000,0.000000,0.000000,0.000000
0.000000,0.000000,0.000000,0.000000,999.990437,999.990105,999.989830,999.989373,999.989287,999.989127,999.988992,999.988809,999.988647,999.988482,999.988275,999.988061,999.987823,999.987576,999.987255,999.986907,999.986503,999.986050,999.985522,999.984866,999.984154,999.983243,999.982283,999.980941,999.979657,999.977595,999.975246,999.973393,999.968659,999.965380,999.962061,999.957029,999.955095,999.956603,999.963012,999.972071,999.981888,999.991477,999.998437,1000.002614,1000.005295,1000.007016,1000.008107,1000.008746,1000.009092,1000.009270,1000.009326,1000.009320,1000.009263,1000.009177,1000.009042,1000.008921,1000.008778,1000.008615,1000.008442,1000.008269,1000.008092,1000.007899,1000.007691,1000.007503,1000.007296,1000.007088,1000.006888,1000.006683,1000.006475,1000.006274,1000.006082,1000.005881,1000.005702,1000.005515,1000.005361,1000.005193,1000.005044,1000.004903,1000.004772,1000.004661,1000.004547,1000.004444,1000.004350,1000.004274,1000.004221,1000.004146,1000.004106,1000.004067,1000.004031,1000.003993,1000.003984,1000.003980,1000.003958,1000.003947,1000.003944,1000.003995,1000.003848,1000.003814,1000.003784,0.000000,0.000000,0.000000,0.000000
0.000000,0.000000,0.000000,0.000000,999.988692,999.989965,999.989971,999.989930,999.989779,999.989631,999.989471,999.989321,999.989151,999.988972,999.988770,999.988569,999.988347,999.988072,999.987766,999.987428,999.987034,999.986574,999.986032,999.985397,999.984686,999.983785,999.982805,999.981415,999.980070,999.977846,999.975829,999.972907,999.968281,999.963741,999.957029,999.945991,999.939567,999.944437,999.954190,999.966727,999.982137,999.994807,1000.002636,1000.007600,1000.009832,1000.010816,1000.011234,1000.011355,1000.011299,1000.011148,1000.010959,1000.010750,1000.010512,1000.010285,1000.010047,1000.009819,1000.009580,1000.009347,1000.009107,1000.008868,1000.008631,1000.008389,1000.008147,1000.007892,1000.007655,1000.007395,1000.007156,1000.006907,1000.006678,1000.006426,1000.006215,1000.005989,1000.005771,1000.005570,1000.005373,1000.005195,1000.005023,1000.004867,1000.004709,1000.004566,1000.004467,1000.004353,1000.004240,1000.004163,1000.004069,1000.004011,1000.003959,1000.003906,1000.003861,1000.003824,1000.003816,1000.003805,1000.003782,1000.003769,1000.003784,1000.003792,1000.003827,1000.003922,1000.004507,0.000000,0.000000,0.000000,0.000000
