0.000000,0.000000,0.000000,0.000000,0.000000,0.000000,0.000000,0.000000,0.000000,0.000000,0.000000,0.000000,0.000000,0.000000,0.000000,0.000000,0.000000,0.000000,0.000000,0.000000,0.000000,0.000000,0.000000,0.000000,0.000000,0.000000,0.000000,0.000000,0.000000,0.000000,0.000000,0.000000,0.000000,0.000000,0.000000,0.000000,0.000000,0.000000,0.000000,0.000000,0.000000,0.000000,0.000000,0.000000,0.000000,0.000000,0.000000,0.000000,0.000000,0.000000,0.000000,0.000000,0.000000,0.000000,0.000000,0.000000,0.000000,0.000000,0.000000,0.000000,0.000000,0.000000,0.000000,0.000000,0.000000,0.000000,0.000000,0.000000,0.000000,0.000000,0.000000,0.000000,0.000000,0.000000,0.000000,0.000000,0.000000,0.000000,0.000000,0.000000,0.000000,0.000000,0.000000,0.000000,0.000000,0.000000,0.000000,0.000000,0.000000,0.000000,0.000000,0.000000,0.000000,0.000000,0.000000,0.000000,0.000000,0.000000,0.000000,0.000000,0.000000,0.000000,0.000000
0.000000,0.000000,0.000000,0.000000,0.000000,0.000000,0.000000,0.000000,0.000000,0.000000,0.000000,0.000000,0.000000,0.000000,0.000000,0.000000,0.000000,0.000000,0.000000,0.000000,0.000000,0.000000,0.000000,0.000000,0.000000,0.000000,0.000000,0.000000,0.000000,0.000000,0.000000,0.000000,0.000000,0.000000,0.000000,0.000000,0.000000,0.000000,0.000000,0.000000,0.000000,0.000000,0.000000,0.000000,0.000000,0.000000,0.000000,0.000000,0.000000,0.000000,0.000000,999.998407,0.000000,0.000000,0.000000,0.000000,0.000000,0.000000,0.000000,0.000000,0.000000,0.000000,0.000000,0.000000,0.000000,0.000000,0.000000,0.000000,0.000000,0.000000,0.000000,0.000000,0.000000,0.000000,0.000000,0.000000,0.000000,0.000000,0.000000,0.000000,0.000000,0.000000,0.000000,0.000000,0.000000,0.000000,0.000000,0.000000,0.000000,0.000000,0.000000,0.000000,0.000000,0.000000,0.000000,0.000000,0.000000,0.000000,0.000000,0.000000,0.000000,0.000000,0.000000
0.000000,0.000000,0.000000,0.000000,0.000000,0.000000,0.000000,0.000000,0.000000,0.000000,0.000000,0.000000,0.000000,0.000000,0.000000,0.000000,0.000000,0.000000,0.000000,0.000000,0.000000,0.000000,0.000000,0.000000,0.000000,0.000000,0.000000,0.000000,0.000000,0.000000,0.000000,0.000000,0.000000,0.000000,0.000000,0.000000,0.000000,0.000000,0.000000,0.000000,0.000000,0.000000,999.997106,999.996477,999.996549,999.996974,999.997263,999.997467,999.997888,999.998356,999.998698,999.998809,999.998956,999.999176,999.999501,999.999796,1000.000032,999.999985,1000.000269,1000.000280,999.999735,0.000000,0.000000,0.000000,0.000000,0.000000,0.000000,0.000000,0.000000,0.000000,0.000000,0.000000,0.000000,0.000000,0.000000,0.000000,0.000000,0.000000,0.000000,0.000000,0.000000,0.000000,0.000000,0.000000,0.000000,0.000000,0.000000,0.000000,0.000000,0.000000,0.000000,0.000000,0.000000,0.000000,0.000000,0.000000,0.000000,0.000000,0.000000,0.000000,0.000000,0.000000,0.000000
0.000000,0.000000,0.000000,0.000000,0.000000,0.000000,0.000000,0.000000,0.000000,0.000000,0.000000,0.000000,0.000000,0.000000,0.000000,0.000000,0.000000,0.000000,0.000000,0.000000,0.000000,0.000000,0.000000,0.000000,0.000000,0.000000,0.000000,0.000000,0.000000,0.000000,0.000000,0.000000,0.000000,0.000000,0.000000,0.000000,0.000000,999.995391,999.994704,999.994605,999.995363,999.996090,999.997085,999.996928,999.996950,999.997121,999.997394,999.997748,999.997914,999.998114,999.998538,999.998646,999.998771,999.999210,999.999464,999.999655,999.999768,999.999995,999.999913,999.999846,999.999787,1000.000437,1000.000930,1000.000991,1000.000876,1000.000488,0.000000,0.000000,0.000000,0.000000,0.000000,0.000000,0.000000,0.000000,0.000000,0.000000,0.000000,0.000000,0.000000,0.000000,0.000000,0.000000,0.000000,0.000000,0.000000,0.000000,0.000000,0.000000,0.000000,0.000000,0.000000,0.000000,0.000000,0.000000,0.000000,0.000000,0.000000,0.000000,0.000000,0.000000,0.000000,0.000000,0.000000
0.000000,0.000000,0.000000,0.000000,0.000000,0.000000,0.000000,0.000000,0.000000,0.000000,0.000000,0.000000,0.000000,0.000000,0.000000,0.000000,0.000000,0.000000,0.000000,0.000000,0.000000,0.000000,0.000000,0.000000,0.000000,0.000000,0.000000,0.000000,0.000000,0.000000,0.000000,0.000000,0.000000,0.000000,999.994307,999.993702,999.994098,999.995233,999.995071,999.995128,999.995536,999.996119,999.996546,999.996722,999.996980,999.996927,999.997214,999.997671,999.997976,999.998258,999.998550,999.998716,999.998976,999.999291,999.999362,999.999449,999.999690,999.999943,1000.000027,1000.000198,1000.000187,1000.000476,1000.000636,1000.000744,1000.000759,1000.000696,1000.001062,1000.001145,1000.000849,0.000000,0.000000,0.000000,0.000000,0.000000,0.000000,0.000000,0.000000,0.000000,0.000000,0.000000,0.000000,0.000000,0.000000,0.000000,0.000000,0.000000,0.000000,0.000000,0.000000,0.000000,0.000000,0.000000,0.000000,0.000000,0.000000,0.000000,0.000000,0.000000,0.000000,0.000000,0.000000,0.000000,0.000000
0.000000,0.000000,0.000000,0.000000,0.000000,0.000000,0.000000,0.000000,0.000000,0.000000,0.000000,0.000000,0.000000,0.000000,0.000000,0.000000,0.000000,0.000000,0.000000,0.000000,0.000000,0.000000,0.000000,0.000000,0.000000,0.000000,0.000000,0.000000,0.000000,0.000000,0.000000,0.000000,999.993830,999.993380,999.994212,999.994156,999.994693,999.994998,999.995033,999.995388,999.995651,999.995873,999.996184,999.996626,999.996882,999.997055,999.997269,999.997568,999.997941,999.998313,999.998413,999.998633,999.998877,999.999119,999.999385,999.999443,999.999682,999.999808,1000.000023,1000.000114,1000.000297,1000.000472,1000.000556,1000.000607,1000.000859,1000.000857,1000.000977,1000.001059,1000.001044,1000.001327,1000.001101,0.000000,0.000000,0.000000,0.000000,0.000000,0.000000,0.000000,0.000000,0.000000,0.000000,0.000000,0.000000,0.000000,0.000000,0.000000,0.000000,0.000000,0.000000,0.000000,0.000000,0.000000,0.000000,0.000000,0.000000,0.000000,0.000000,0.000000,0.000000,0.000000,0.000000,0.000000,0.000000
0.000000,0.000000,0.000000,0.000000,0.000000,0.000000,0.000000,0.000000,0.000000,0.000000,0.000000,0.000000,0.000000,0.000000,0.000000,0.000000,0.000000,0.000000,0.000000,0.000000,0.000000,0.000000,0.000000,0.000000,0.000000,0.000000,0.000000,0.000000,0.000000,0.000000,999.993019,999.992774,999.993572,999.993908,999.994007,999.994168,999.994558,999.994662,999.994951,999.995419,999.995490,999.995938,999.996452,999.996670,999.996773,999.997330,999.997515,999.997587,999.997829,999.998091,999.998384,999.998711,999.998941,999.998965,999.999276,999.999612,999.999704,999.999697,999.999932,1000.000093,1000.000217,1000.000244,1000.000455,1000.000601,1000.000741,1000.000864,1000.000983,1000.001133,1000.001030,1000.001163,1000.001292,1000.001476,1000.001277,0.000000,0.000000,0.000000,0.000000,0.000000,0.000000,0.000000,0.000000,0.000000,0.000000,0.000000,0.000000,0.000000,0.000000,0.000000,0.000000,0.000000,0.000000,0.000000,0.000000,0.000000,0.000000,0.000000,0.000000,0.000000,0.000000,0.000000,0.000000,0.000000,0.000000
0.000000,0.000000,0.000000,0.000000,0.000000,0.000000,0.000000,0.000000,0.000000,0.000000,0.000000,0.000000,0.000000,0.000000,0.000000,0.000000,0.000000,0.000000,0.000000,0.000000,0.000000,0.000000,0.000000,0.000000,0.000000,0.000000,0.000000,0.000000,999.992420,999.991813,999.992895,999.993174,999.993366,999.993715,999.994027,999.994232,999.994447,999.994707,999.995009,999.995402,999.995605,999.996121,999.996334,999.996502,999.996715,999.997132,999.997460,999.997716,999.997902,999.998177,999.998481,999.998771,999.999002,999.999143,999.999311,999.999513,999.999657,999.999852,999.999967,1000.000163,1000.000352,1000.000407,1000.000578,1000.000647,1000.000827,1000.000841,1000.000859,1000.001172,1000.001229,1000.001262,1000.001387,1000.001520,1000.001555,1000.001788,1000.001562,0.000000,0.000000,0.000000,0.000000,0.000000,0.000000,0.000000,0.000000,0.000000,0.000000,0.000000,0.000000,0.000000,0.000000,0.000000,0.000000,0.000000,0.000000,0.000000,0.000000,0.000000,0.000000,0.000000,0.000000,0.000000,0.000000,0.000000,0.000000
0.000000,0.000000,0.000000,0.000000,0.000000,0.000000,0.000000,0.000000,0.000000,0.000000,0.000000,0.000000,0.000000,0.000000,0.000000,0.000000,0.000000,0.000000,0.000000,0.000000,0.000000,0.000000,0.000000,0.000000,0.000000,0.000000,999.991510,999.991164,999.992234,999.992577,999.992847,999.992981,999.993298,999.993702,999.993874,999.994165,999.994541,999.994737,999.995185,999.995345,999.995654,999.995965,999.996188,999.996461,999.996975,999.997248,999.997497,999.997813,999.998019,999.998285,999.998406,999.998685,999.998829,999.999224,999.999321,999.999474,999.999558,999.999877,999.999887,1000.000032,1000.000196,1000.000418,1000.000614,1000.000638,1000.000853,1000.000897,1000.000918,1000.000937,1000.001187,1000.001333,1000.001308,1000.001438,1000.001499,1000.001586,1000.001734,1000.001882,1000.001837,0.000000,0.000000,0.000000,0.000000,0.000000,0.000000,0.000000,0.000000,0.000000,0.000000,0.000000,0.000000,0.000000,0.000000,0.000000,0.000000,0.000000,0.000000,0.000000,0.000000,0.000000,0.000000,0.000000,0.000000,0.000000,0.000000
0.000000,0.000000,0.000000,0.000000,0.000000,0.000000,0.000000,0.000000,0.000000,0.000000,0.000000,0.000000,0.000000,0.000000,0.000000,0.000000,0.000000,0.000000,0.000000,0.000000,0.000000,0.000000,0.000000,0.000000,999.991019,999.990937,999.991522,999.991881,999.992025,999.992264,999.992565,999.993020,999.993319,999.993548,999.993755,999.994218,999.994481,999.994717,999.995055,999.995360,999.995705,999.995985,999.996243,999.996705,999.996991,999.997152,999.997354,999.997691,999.998044,999.998192,999.998444,999.998799,999.998931,999.999095,999.999314,999.999568,999.999784,1000.000009,1000.000081,1000.000254,1000.000358,1000.000332,1000.000588,1000.000702,1000.000611,1000.000915,1000.001089,1000.000974,1000.001106,1000.001231,1000.001369,1000.001417,1000.001625,1000.001583,1000.001754,1000.001753,1000.001816,1000.001885,1000.001884,0.000000,0.000000,0.000000,0.000000,0.000000,0.000000,0.000000,0.000000,0.000000,0.000000,0.000000,0.000000,0.000000,0.000000,0.000000,0.000000,0.000000,0.000000,0.000000,0.000000,0.000000,0.000000,0.000000,0.000000
0.000000,0.000000,0.000000,0.000000,0.000000,0.000000,0.000000,0.000000,0.000000,0.000000,0.000000,0.000000,0.000000,0.000000,0.000000,0.000000,0.000000,0.000000,0.000000,0.000000,0.000000,0.000000,0.000000,999.991133,999.991192,999.991243,999.991521,999.991783,999.992034,999.992250,999.992773,999.992978,999.993341,999.993580,999.993834,999.994159,999.994337,999.994753,999.995044,999.995407,999.995684,999.996054,999.996364,999.996752,999.996995,999.997212,999.997459,999.997741,999.998176,999.998352,999.998712,999.998796,999.999028,999.999169,999.999389,999.999577,999.999738,999.999911,1000.000079,1000.000189,1000.000381,1000.000474,1000.000634,1000.000692,1000.000733,1000.000976,1000.001103,1000.001250,1000.001266,1000.001268,1000.001417,1000.001528,1000.001620,1000.001622,1000.001715,1000.001775,1000.001866,1000.001757,1000.001908,1000.001926,0.000000,0.000000,0.000000,0.000000,0.000000,0.000000,0.000000,0.000000,0.000000,0.000000,0.000000,0.000000,0.000000,0.000000,0.000000,0.000000,0.000000,0.000000,0.000000,0.000000,0.000000,0.000000,0.000000
0.000000,0.000000,0.000000,0.000000,0.000000,0.000000,0.000000,0.000000,0.000000,0.000000,0.000000,0.000000,0.000000,0.000000,0.000000,0.000000,0.000000,0.000000,0.000000,0.000000,0.000000,999.990319,999.990200,999.990926,999.991125,999.991350,999.991385,999.991717,999.992123,999.992386,999.992716,999.992736,999.993131,999.993384,999.993791,999.994089,999.994375,999.994704,999.995078,999.995298,999.995729,999.996030,999.996387,999.996578,999.997012,999.997381,999.997587,999.997812,999.998119,999.998378,999.998621,999.998699,999.999041,999.999481,999.999556,999.999655,999.999740,999.999905,1000.000071,1000.000202,1000.000472,1000.000531,1000.000632,1000.000792,1000.000875,1000.001085,1000.001003,1000.001081,1000.001284,1000.001350,1000.001377,1000.001497,1000.001506,1000.001638,1000.001743,1000.001825,1000.001960,1000.001994,1000.001920,1000.001993,1000.002173,1000.002018,0.000000,0.000000,0.000000,0.000000,0.000000,0.000000,0.000000,0.000000,0.000000,0.000000,0.000000,0.000000,0.000000,0.000000,0.000000,0.000000,0.000000,0.000000,0.000000,0.000000,0.000000
0.000000,0.000000,0.000000,0.000000,0.000000,0.000000,0.000000,0.000000,0.000000,0.000000,0.000000,0.000000,0.000000,0.000000,0.000000,0.000000,0.000000,0.000000,0.000000,0.000000,999.990458,999.990365,999.990514,999.990862,999.991173,999.991356,999.991443,999.991865,999.992021,999.992376,999.992529,999.992841,999.993089,999.993472,999.993914,999.994148,999.994495,999.994774,999.995033,999.995421,999.995752,999.996035,999.996322,999.996611,999.996982,999.997279,999.997682,999.997994,999.998205,999.998412,999.998662,999.998955,999.999098,999.999359,999.999563,999.999737,999.999941,1000.000012,1000.000208,1000.000407,1000.000496,1000.000546,1000.000639,1000.000899,1000.000951,1000.000980,1000.001128,1000.001168,1000.001282,1000.001433,1000.001616,1000.001504,1000.001695,1000.001839,1000.001764,1000.001834,1000.001897,1000.001935,1000.002086,1000.002057,1000.002167,1000.002204,1000.001938,0.000000,0.000000,0.000000,0.000000,0.000000,0.000000,0.000000,0.000000,0.000000,0.000000,0.000000,0.000000,0.000000,0.000000,0.000000,0.000000,0.000000,0.000000,0.000000,0.000000
0.000000,0.000000,0.000000,0.000000,0.000000,0.000000,0.000000,0.000000,0.000000,0.000000,0.000000,0.000000,0.000000,0.000000,0.000000,0.000000,0.000000,0.000000,0.000000,999.990273,999.990380,999.990528,999.990761,999.990991,999.991143,999.991277,999.991563,999.991862,999.991991,999.992170,999.992482,999.992897,999.993156,999.993457,999.993656,999.993915,999.994334,999.994701,999.995089,999.995432,999.995676,999.996168,999.996457,999.996887,999.997088,999.997430,999.997723,999.998047,999.998291,999.998570,999.998796,999.999129,999.999249,999.999246,999.999447,999.999747,1000.000077,1000.000102,1000.000177,1000.000351,1000.000480,1000.000690,1000.000773,1000.000865,1000.000965,1000.001004,1000.001227,1000.001373,1000.001360,1000.001392,1000.001612,1000.001594,1000.001645,1000.001797,1000.001644,1000.001813,1000.001878,1000.001950,1000.001996,1000.002137,1000.001969,1000.002157,1000.002119,1000.002177,0.000000,0.000000,0.000000,0.000000,0.000000,0.000000,0.000000,0.000000,0.000000,0.000000,0.000000,0.000000,0.000000,0.000000,0.000000,0.000000,0.000000,0.000000,0.000000
0.000000,0.000000,0.000000,0.000000,0.000000,0.000000,0.000000,0.000000,0.000000,0.000000,0.000000,0.000000,0.000000,0.000000,0.000000,0.000000,0.000000,0.000000,999.990085,999.990462,999.990395,999.990656,999.990815,999.990874,999.990983,999.991182,999.991500,999.991818,999.991913,999.992213,999.992512,999.992751,999.992998,999.993431,999.993589,999.993967,999.994294,999.994659,999.994996,999.995234,999.995670,999.996048,999.996392,999.996791,999.997083,999.997413,999.997706,999.997954,999.998222,999.998621,999.998770,999.999130,999.999455,999.999636,999.999705,999.999868,1000.000040,1000.000367,1000.000476,1000.000489,1000.000618,1000.000890,1000.000820,1000.000983,1000.001088,1000.001194,1000.001299,1000.001472,1000.001475,1000.001484,1000.001587,1000.001643,1000.001673,1000.001872,1000.001861,1000.001984,1000.001944,1000.002009,1000.001995,1000.002040,1000.002091,1000.002158,1000.002192,1000.002183,1000.002194,0.000000,0.000000,0.000000,0.000000,0.000000,0.000000,0.000000,0.000000,0.000000,0.000000,0.000000,0.000000,0.000000,0.000000,0.000000,0.000000,0.000000,0.000000
0.000000,0.000000,0.000000,0.000000,0.000000,0.000000,0.000000,0.000000,0.000000,0.000000,0.000000,0.000000,0.000000,0.000000,0.000000,0.000000,0.000000,999.989936,999.990269,999.990368,999.990370,999.990737,999.990717,999.990879,999.991085,999.991375,999.991565,999.991671,999.991906,999.992197,999.992421,999.992657,999.992964,999.993204,999.993557,999.993973,999.994303,999.994551,999.994896,999.995361,999.995740,999.996013,999.996426,999.996752,999.997151,999.997433,999.997897,999.998270,999.998487,999.998670,999.998977,999.999177,999.999374,999.999658,999.999887,1000.000097,1000.000070,1000.000280,1000.000587,1000.000612,1000.000637,1000.000852,1000.000930,1000.001124,1000.001249,1000.001181,1000.001257,1000.001380,1000.001482,1000.001615,1000.001781,1000.001804,1000.001751,1000.001893,1000.001997,1000.001957,1000.002072,1000.002023,1000.002145,1000.002176,1000.002182,1000.002236,1000.002253,1000.002324,1000.002164,1000.002250,0.000000,0.000000,0.000000,0.000000,0.000000,0.000000,0.000000,0.000000,0.000000,0.000000,0.000000,0.000000,0.000000,0.000000,0.000000,0.000000,0.000000
0.000000,0.000000,0.000000,0.000000,0.000000,0.000000,0.000000,0.000000,0.000000,0.000000,0.000000,0.000000,0.000000,0.000000,0.000000,0.000000,999.990008,999.990059,999.990361,999.990325,999.990448,999.990665,999.990761,999.990975,999.991172,999.991374,999.991397,999.991581,999.991806,999.991973,999.992287,999.992509,999.992865,999.993072,999.993410,999.993786,999.994065,999.994446,999.994929,999.995278,999.995666,999.995943,999.996451,999.996858,999.997184,999.997493,999.997869,999.998279,999.998504,999.998724,999.999183,999.999229,999.999507,999.999670,1000.000006,1000.000179,1000.000299,1000.000305,1000.000521,1000.000693,1000.000845,1000.000938,1000.001120,1000.001146,1000.001331,1000.001377,1000.001520,1000.001528,1000.001583,1000.001613,1000.001694,1000.001951,1000.001909,1000.001863,1000.002067,1000.001965,1000.002070,1000.002157,1000.002103,1000.002189,1000.002181,1000.002105,1000.002247,1000.002301,1000.002373,1000.002270,1000.002339,0.000000,0.000000,0.000000,0.000000,0.000000,0.000000,0.000000,0.000000,0.000000,0.000000,0.000000,0.000000,0.000000,0.000000,0.000000,0.000000
0.000000,0.000000,0.000000,0.000000,0.000000,0.000000,0.000000,0.000000,0.000000,0.000000,0.000000,0.000000,0.000000,0.000000,0.000000,999.989936,999.990059,999.990346,999.990474,999.990373,999.990657,999.990779,999.990867,999.990931,999.991124,999.991219,999.991303,999.991552,999.991774,999.992064,999.992231,999.992401,999.992755,999.993037,999.993302,999.993659,999.993909,999.994378,999.994753,999.995058,999.995534,999.995956,999.996423,999.996730,999.997179,999.997607,999.997869,999.998149,999.998582,999.998984,999.999282,999.999430,999.999703,999.999963,1000.000190,1000.000279,1000.000479,1000.000665,1000.000687,1000.000956,1000.001128,1000.001143,1000.001233,1000.001165,1000.001347,1000.001556,1000.001673,1000.001712,1000.001836,1000.001872,1000.001799,1000.001849,1000.001944,1000.001912,1000.002081,1000.002137,1000.002026,1000.002117,1000.002137,1000.002182,1000.002268,1000.002169,1000.002205,1000.002328,1000.002316,1000.002366,1000.002322,1000.002258,0.000000,0.000000,0.000000,0.000000,0.000000,0.000000,0.000000,0.000000,0.000000,0.000000,0.000000,0.000000,0.000000,0.000000,0.000000
0.000000,0.000000,0.000000,0.000000,0.000000,0.000000,0.000000,0.000000,0.000000,0.000000,0.000000,0.000000,0.000000,0.000000,999.990085,999.990269,999.990361,999.990474,999.990346,999.990475,999.990689,999.990744,999.990816,999.990892,999.991049,999.991149,999.991223,999.991553,999.991663,999.991802,999.992015,999.992251,999.992461,999.992668,999.993084,999.993375,999.993815,999.994204,999.994524,999.994976,999.995496,999.995962,999.996285,999.996669,999.997208,999.997686,999.998021,999.998296,999.998751,999.999041,999.999259,999.999569,999.999703,999.999956,1000.000140,1000.000291,1000.000553,1000.000741,1000.000840,1000.001007,1000.000998,1000.001149,1000.001383,1000.001502,1000.001433,1000.001584,1000.001555,1000.001625,1000.001816,1000.001865,1000.001947,1000.002020,1000.002056,1000.002005,1000.002087,1000.002229,1000.002164,1000.002161,1000.002242,1000.002258,1000.002346,1000.002309,1000.002264,1000.002242,1000.002255,1000.002383,1000.002395,1000.002256,1000.002389,0.000000,0.000000,0.000000,0.000000,0.000000,0.000000,0.000000,0.000000,0.000000,0.000000,0.000000,0.000000,0.000000,0.000000
0.000000,0.000000,0.000000,0.000000,0.000000,0.000000,0.000000,0.000000,0.000000,0.000000,0.000000,0.000000,0.000000,999.990273,999.990462,999.990368,999.990325,999.990373,999.990475,999.990504,999.990726,999.990707,999.990805,999.990891,999.991011,999.991134,999.991237,999.991402,999.991405,999.991485,999.991752,999.991995,999.992187,999.992553,999.992851,999.993122,999.993630,999.993949,999.994365,999.994843,999.995304,999.995754,999.996224,999.996788,999.997200,999.997592,999.998071,999.998490,999.998763,999.999058,999.999304,999.999800,1000.000066,1000.000241,1000.000413,1000.000573,1000.000759,1000.000901,1000.001047,1000.001167,1000.001269,1000.001296,1000.001472,1000.001683,1000.001678,1000.001737,1000.001930,1000.001855,1000.001924,1000.002050,1000.001996,1000.002176,1000.002322,1000.002246,1000.002183,1000.002280,1000.002309,1000.002328,1000.002237,1000.002269,1000.002302,1000.002318,1000.002317,1000.002386,1000.002241,1000.002303,1000.002420,1000.002470,1000.002329,1000.002304,0.000000,0.000000,0.000000,0.000000,0.000000,0.000000,0.000000,0.000000,0.000000,0.000000,0.000000,0.000000,0.000000
0.000000,0.000000,0.000000,0.000000,0.000000,0.000000,0.000000,0.000000,0.000000,0.000000,0.000000,0.000000,999.990458,999.990380,999.990395,999.990370,999.990448,999.990657,999.990689,999.990726,999.990804,999.990853,999.990935,999.990956,999.991011,999.991004,999.991103,999.991214,999.991261,999.991380,999.991586,999.991717,999.991940,999.992304,999.992520,999.992836,999.993212,999.993645,999.994187,999.994679,999.995112,999.995730,999.996206,999.996775,999.997236,999.997595,999.998121,999.998641,999.998894,999.999339,999.999610,999.999828,1000.000157,1000.000319,1000.000545,1000.000742,1000.000882,1000.001032,1000.001167,1000.001268,1000.001525,1000.001568,1000.001530,1000.001634,1000.001812,1000.001765,1000.002014,1000.002137,1000.002036,1000.002171,1000.002192,1000.002129,1000.002226,1000.002292,1000.002254,1000.002265,1000.002279,1000.002397,1000.002358,1000.002250,1000.002339,1000.002443,1000.002321,1000.002426,1000.002409,1000.002343,1000.002180,1000.002302,1000.002456,1000.002287,1000.002250,0.000000,0.000000,0.000000,0.000000,0.000000,0.000000,0.000000,0.000000,0.000000,0.000000,0.000000,0.000000
0.000000,0.000000,0.000000,0.000000,0.000000,0.000000,0.000000,0.000000,0.000000,0.000000,0.000000,999.990319,999.990365,999.990528,999.990656,999.990737,999.990665,999.990779,999.990744,999.990707,999.990853,999.990866,999.990692,999.990870,999.990802,999.990916,999.990931,999.990924,999.990919,999.991214,999.991292,999.991412,999.991575,999.991768,999.991981,999.992455,999.992872,999.993272,999.993784,999.994341,999.994880,999.995440,999.996001,999.996608,999.997134,999.997618,999.998145,999.998534,999.998946,999.999411,999.999779,999.999943,1000.000263,1000.000438,1000.000688,1000.000920,1000.001090,1000.001239,1000.001303,1000.001348,1000.001526,1000.001746,1000.001730,1000.001843,1000.001971,1000.001895,1000.001942,1000.002153,1000.002119,1000.002268,1000.002249,1000.002257,1000.002332,1000.002392,1000.002396,1000.002401,1000.002396,1000.002383,1000.002497,1000.002375,1000.002342,1000.002406,1000.002383,1000.002282,1000.002448,1000.002467,1000.002387,1000.002329,1000.002348,1000.002523,1000.002430,1000.002258,0.000000,0.000000,0.000000,0.000000,0.000000,0.000000,0.000000,0.000000,0.000000,0.000000,0.000000
0.000000,0.000000,0.000000,0.000000,0.000000,0.000000,0.000000,0.000000,0.000000,0.000000,0.000000,999.990200,999.990514,999.990761,999.990815,999.990717,999.990761,999.990867,999.990816,999.990805,999.990935,999.990692,999.990773,999.990879,999.990809,999.990753,999.990747,999.990753,999.990761,999.990787,999.990841,999.990905,999.991085,999.991303,999.991652,999.992078,999.992471,999.992871,999.993489,999.994099,999.994695,999.995317,999.996018,999.996579,999.997220,999.997834,999.998336,999.998753,999.999224,999.999548,999.999864,1000.000229,1000.000528,1000.000742,1000.000892,1000.001071,1000.001207,1000.001352,1000.001528,1000.001596,1000.001663,1000.001823,1000.001947,1000.001978,1000.002168,1000.002190,1000.002191,1000.002306,1000.002272,1000.002354,1000.002475,1000.002423,1000.002418,1000.002537,1000.002509,1000.002568,1000.002512,1000.002483,1000.002540,1000.002492,1000.002425,1000.002380,1000.002433,1000.002368,1000.002308,1000.002370,1000.002404,1000.002424,1000.002191,1000.002248,1000.002440,1000.002483,0.000000,0.000000,0.000000,0.000000,0.000000,0.000000,0.000000,0.000000,0.000000,0.000000,0.000000
0.000000,0.000000,0.000000,0.000000,0.000000,0.000000,0.000000,0.000000,0.000000,0.000000,999.991133,999.990926,999.990862,999.990991,999.990874,999.990879,999.990975,999.990931,999.990892,999.990891,999.990956,999.990870,999.990879,999.990807,999.990648,999.990520,999.990545,999.990446,999.990387,999.990331,999.990363,999.990349,999.990576,999.990800,999.991098,999.991414,999.991839,999.992417,999.993029,999.993671,999.994375,999.995083,999.995780,999.996507,999.997072,999.997758,999.998363,999.998882,999.999405,999.999778,1000.000109,1000.000411,1000.000654,1000.000892,1000.001082,1000.001267,1000.001439,1000.001496,1000.001691,1000.001889,1000.001865,1000.001893,1000.002023,1000.002075,1000.002127,1000.002288,1000.002285,1000.002396,1000.002471,1000.002432,1000.002565,1000.002564,1000.002545,1000.002547,1000.002515,1000.002529,1000.002604,1000.002503,1000.002542,1000.002598,1000.002610,1000.002534,1000.002463,1000.002545,1000.002408,1000.002321,1000.002398,1000.002451,1000.002375,1000.002198,1000.002365,1000.002300,1000.002154,0.000000,0.000000,0.000000,0.000000,0.000000,0.000000,0.000000,0.000000,0.000000,0.000000
0.000000,0.000000,0.000000,0.000000,0.000000,0.000000,0.000000,0.000000,0.000000,999.991019,999.991192,999.991125,999.991173,999.991143,999.990983,999.991085,999.991172,999.991124,999.991049,999.991011,999.991011,999.990802,999.990809,999.990648,999.990517,999.990479,999.990223,999.990193,999.990019,999.989952,999.989880,999.989906,999.989968,999.990154,999.990370,999.990673,999.991142,999.991837,999.992450,999.993160,999.993986,999.994841,999.995666,999.996484,999.997198,999.997971,999.998488,999.998980,999.999499,999.999945,1000.000294,1000.000644,1000.000815,1000.001150,1000.001280,1000.001481,1000.001632,1000.001753,1000.001779,1000.001900,1000.002020,1000.002056,1000.002196,1000.002237,1000.002302,1000.002423,1000.002354,1000.002472,1000.002561,1000.002482,1000.002649,1000.002626,1000.002687,1000.002651,1000.002701,1000.002579,1000.002663,1000.002624,1000.002542,1000.002451,1000.002547,1000.002506,1000.002494,1000.002447,1000.002484,1000.002421,1000.002390,1000.002258,1000.002535,1000.002459,1000.002188,1000.002457,1000.002400,1000.002069,0.000000,0.000000,0.000000,0.000000,0.000000,0.000000,0.000000,0.000000,0.000000
0.000000,0.000000,0.000000,0.000000,0.000000,0.000000,0.000000,0.000000,0.000000,999.990937,999.991243,999.991350,999.991356,999.991277,999.991182,999.991375,999.991374,999.991219,999.991149,999.991134,999.991004,999.990916,999.990753,999.990520,999.990479,999.990164,999.990004,999.989824,999.989499,999.989341,999.989229,999.989187,999.989148,999.989215,999.989475,999.989853,999.990485,999.991112,999.991868,999.992710,999.993682,999.994592,999.995532,999.996376,999.997312,999.998004,999.998698,999.999371,999.999866,1000.000263,1000.000593,1000.000917,1000.001179,1000.001403,1000.001548,1000.001585,1000.001690,1000.001931,1000.002004,1000.002083,1000.002214,1000.002220,1000.002381,1000.002398,1000.002459,1000.002548,1000.002597,1000.002618,1000.002720,1000.002645,1000.002647,1000.002740,1000.002763,1000.002795,1000.002791,1000.002770,1000.002750,1000.002760,1000.002736,1000.002642,1000.002585,1000.002485,1000.002508,1000.002480,1000.002417,1000.002474,1000.002458,1000.002293,1000.002275,1000.002483,1000.002177,1000.002160,1000.002422,1000.002428,0.000000,0.000000,0.000000,0.000000,0.000000,0.000000,0.000000,0.000000,0.000000
0.000000,0.000000,0.000000,0.000000,0.000000,0.000000,0.000000,0.000000,999.991510,999.991522,999.991521,999.991385,999.991443,999.991563,999.991500,999.991565,999.991397,999.991303,999.991223,999.991237,999.991103,999.990931,999.990747,999.990545,999.990223,999.990004,999.989761,999.989274,999.989035,999.988838,999.988540,999.988361,999.988273,999.988320,999.988556,999.988940,999.989481,999.990097,999.991016,999.992113,999.993156,999.994251,999.995412,999.996384,999.997364,999.998135,999.998944,999.999551,1000.000047,1000.000520,1000.000958,1000.001170,1000.001469,1000.001590,1000.001826,1000.001950,1000.002037,1000.002098,1000.002152,1000.002238,1000.002363,1000.002342,1000.002376,1000.002527,1000.002510,1000.002583,1000.002670,1000.002713,1000.002771,1000.002882,1000.002845,1000.002842,1000.002753,1000.002850,1000.002846,1000.002813,1000.002772,1000.002789,1000.002759,1000.002735,1000.002767,1000.002660,1000.002554,1000.002552,1000.002386,1000.002488,1000.002362,1000.002325,1000.002303,1000.002263,1000.002309,1000.002233,1000.002254,1000.002352,1000.002134,0.000000,0.000000,0.000000,0.000000,0.000000,0.000000,0.000000,0.000000
0.000000,0.000000,0.000000,0.000000,0.000000,0.000000,0.000000,0.000000,999.991164,999.991881,999.991783,999.991717,999.991865,999.991862,999.991818,999.991671,999.991581,999.991552,999.991553,999.991402,999.991214,999.990924,999.990753,999.990446,999.990193,999.989824,999.989274,999.989011,999.988737,999.988206,999.987737,999.987424,999.987184,999.987179,999.987214,999.987646,999.988266,999.989095,999.990187,999.991405,999.992645,999.994044,999.995315,999.996499,999.997632,999.998630,999.999382,1000.000055,1000.000499,1000.000947,1000.001327,1000.001526,1000.001702,1000.001821,1000.001948,1000.002181,1000.002283,1000.002292,1000.002319,1000.002357,1000.002465,1000.002518,1000.002483,1000.002634,1000.002689,1000.002743,1000.002788,1000.002795,1000.002862,1000.002872,1000.002947,1000.002990,1000.002970,1000.002850,1000.002959,1000.002891,1000.002819,1000.002823,1000.002740,1000.002690,1000.002668,1000.002614,1000.002582,1000.002581,1000.002477,1000.002393,1000.002432,1000.002326,1000.002342,1000.002389,1000.002304,1000.002221,1000.002029,1000.002206,1000.002427,0.000000,0.000000,0.000000,0.000000,0.000000,0.000000,0.000000,0.000000
0.000000,0.000000,0.000000,0.000000,0.000000,0.000000,0.000000,999.992420,999.992234,999.992025,999.992034,999.992123,999.992021,999.991991,999.991913,999.991906,999.991806,999.991774,999.991663,999.991405,999.991261,999.990919,999.990761,999.990387,999.990019,999.989499,999.989035,999.988737,999.987933,999.987167,999.986806,999.986396,999.985943,999.985855,999.985801,999.986144,999.986790,999.987772,999.989061,999.990488,999.992136,999.993802,999.995271,999.996613,999.997870,999.998832,999.999654,1000.000511,1000.001061,1000.001390,1000.001646,1000.001942,1000.002152,1000.002294,1000.002328,1000.002365,1000.002381,1000.002480,1000.002549,1000.002553,1000.002612,1000.002735,1000.002731,1000.002733,1000.002773,1000.002804,1000.002822,1000.002914,1000.002926,1000.002925,1000.002982,1000.002955,1000.003049,1000.003008,1000.002982,1000.002979,1000.002883,1000.002970,1000.002802,1000.002757,1000.002757,1000.002685,1000.002541,1000.002573,1000.002536,1000.002432,1000.002382,1000.002375,1000.002212,1000.002184,1000.002285,1000.002389,1000.002083,1000.002042,1000.002312,1000.002049,0.000000,0.000000,0.000000,0.000000,0.000000,0.000000,0.000000
0.000000,0.000000,0.000000,0.000000,0.000000,0.000000,0.000000,999.991813,999.992577,999.992264,999.992250,999.992386,999.992376,999.992170,999.992213,999.992197,999.991973,999.992064,999.991802,999.991485,999.991380,999.991214,999.990787,999.990331,999.989952,999.989341,999.988838,999.988206,999.987167,999.986589,999.986183,999.985207,999.984497,999.984178,999.983867,999.984175,999.984969,999.986119,999.987681,999.989535,999.991485,999.993478,999.995332,999.997116,999.998615,999.999652,1000.000433,1000.001024,1000.001614,1000.001947,1000.002232,1000.002449,1000.002486,1000.002656,1000.002668,1000.002635,1000.002637,1000.002698,1000.002701,1000.002659,1000.002667,1000.002742,1000.002785,1000.002809,1000.002852,1000.002936,1000.002958,1000.002997,1000.003048,1000.003001,1000.003070,1000.003110,1000.003032,1000.003081,1000.003075,1000.003018,1000.002911,1000.002995,1000.002898,1000.002812,1000.002714,1000.002797,1000.002635,1000.002482,1000.002587,1000.002414,1000.002256,1000.002422,1000.002288,1000.002148,1000.002186,1000.002256,1000.002237,1000.002076,1000.002090,1000.002036,0.000000,0.000000,0.000000,0.000000,0.000000,0.000000,0.000000
0.000000,0.000000,0.000000,0.000000,0.000000,0.000000,999.993019,999.992895,999.992847,999.992565,999.992773,999.992716,999.992529,999.992482,999.992512,999.992421,999.992287,999.992231,999.992015,999.991752,999.991586,999.991292,999.990841,999.990363,999.989880,999.989229,999.988540,999.987737,999.986806,999.986183,999.984959,999.983421,999.982732,999.982058,999.981686,999.982003,999.982716,999.983935,999.985989,999.988469,999.991049,999.993483,999.995724,999.997564,999.999031,1000.000410,1000.001353,1000.001892,1000.002277,1000.002611,1000.002848,1000.002954,1000.002900,1000.002896,1000.002948,1000.002972,1000.002961,1000.002906,1000.002910,1000.002909,1000.002876,1000.002860,1000.002883,1000.002924,1000.002942,1000.002995,1000.003103,1000.003031,1000.003167,1000.003113,1000.003088,1000.003171,1000.003098,1000.003117,1000.003201,1000.003096,1000.002988,1000.002982,1000.002935,1000.002874,1000.002723,1000.002633,1000.002736,1000.002466,1000.002537,1000.002482,1000.002254,1000.002373,1000.002336,1000.002076,1000.002082,1000.002184,1000.002076,1000.002078,1000.002040,1000.002065,1000.002025,0.000000,0.000000,0.000000,0.000000,0.000000,0.000000
0.000000,0.000000,0.000000,0.000000,0.000000,0.000000,999.992774,999.993174,999.992981,999.993020,999.992978,999.992736,999.992841,999.992897,999.992751,999.992657,999.992509,999.992401,999.992251,999.991995,999.991717,999.991412,999.990905,999.990349,999.989906,999.989187,999.988361,999.987424,999.986396,999.985207,999.983421,999.982312,999.981444,999.979898,999.978868,999.978710,999.979306,999.980980,999.983749,999.987024,999.990425,999.993607,999.996651,999.998796,1000.000260,1000.001416,1000.002279,1000.002889,1000.003180,1000.003381,1000.003424,1000.003432,1000.003515,1000.003424,1000.003362,1000.003258,1000.003204,1000.003064,1000.003066,1000.003048,1000.003054,1000.002962,1000.003006,1000.003064,1000.003006,1000.003015,1000.003019,1000.003059,1000.003136,1000.003176,1000.003175,1000.003252,1000.003164,1000.003040,1000.003136,1000.003123,1000.003063,1000.002999,1000.002920,1000.002934,1000.002800,1000.002694,1000.002762,1000.002497,1000.002485,1000.002538,1000.002199,1000.002267,1000.002291,1000.002128,1000.002060,1000.002037,1000.002074,1000.002010,1000.001824,1000.001806,1000.002090,0.000000,0.000000,0.000000,0.000000,0.000000,0.000000
0.000000,0.000000,0.000000,0.000000,0.000000,999.993830,999.993572,999.993366,999.993298,999.993319,999.993341,999.993131,999.993089,999.993156,999.992998,999.992964,999.992865,999.992755,999.992461,999.992187,999.991940,999.991575,999.991085,999.990576,999.989968,999.989148,999.988273,999.987184,999.985943,999.984497,999.982732,999.981444,999.979129,999.976196,999.975070,999.974581,999.975046,999.977682,999.981241,999.985329,999.989979,999.994098,999.997585,1000.000345,1000.002096,1000.003029,1000.003636,1000.004051,1000.004216,1000.004283,1000.004194,1000.004056,1000.003961,1000.003893,1000.003695,1000.003567,1000.003448,1000.003374,1000.003242,1000.003176,1000.003151,1000.003082,1000.003060,1000.003132,1000.003120,1000.003152,1000.003170,1000.003168,1000.003224,1000.003231,1000.003195,1000.003201,1000.003297,1000.003238,1000.003141,1000.003116,1000.003050,1000.003096,1000.002963,1000.002880,1000.002808,1000.002694,1000.002706,1000.002567,1000.002403,1000.002480,1000.002329,1000.002179,1000.002197,1000.002183,1000.002007,1000.001967,1000.001971,1000.001972,1000.001967,1000.001812,1000.001827,1000.001622,0.000000,0.000000,0.000000,0.000000,0.000000
0.000000,0.000000,0.000000,0.000000,0.000000,999.993380,999.993908,999.993715,999.993702,999.993548,999.993580,999.993384,999.993472,999.993457,999.993431,999.993204,999.993072,999.993037,999.992668,999.992553,999.992304,999.991768,999.991303,999.990800,999.990154,999.989215,999.988320,999.987179,999.985855,999.984178,999.982058,999.979898,999.976196,999.973646,999.971733,999.969138,999.969568,999.972456,999.977109,999.984096,999.990913,999.996246,1000.000080,1000.002513,1000.003977,1000.004860,1000.005271,1000.005365,1000.005244,1000.005174,1000.004987,1000.004823,1000.004514,1000.004300,1000.004072,1000.003891,1000.003726,1000.003660,1000.003467,1000.003362,1000.003290,1000.003268,1000.003188,1000.003151,1000.003189,1000.003203,1000.003225,1000.003220,1000.003149,1000.003241,1000.003345,1000.003195,1000.003218,1000.003303,1000.003223,1000.003196,1000.003062,1000.002979,1000.003015,1000.002929,1000.002852,1000.002672,1000.002610,1000.002547,1000.002439,1000.002369,1000.002323,1000.002219,1000.002062,1000.002078,1000.002075,1000.001846,1000.001869,1000.001797,1000.001789,1000.001884,1000.001759,1000.001938,0.000000,0.000000,0.000000,0.000000,0.000000
0.000000,0.000000,0.000000,0.000000,999.994307,999.994212,999.994007,999.994027,999.993874,999.993755,999.993834,999.993791,999.993914,999.993656,999.993589,999.993557,999.993410,999.993302,999.993084,999.992851,999.992520,999.991981,999.991652,999.991098,999.990370,999.989475,999.988556,999.987214,999.985801,999.983867,999.981686,999.978868,999.975070,999.971733,999.965784,999.959596,999.958342,999.961751,999.969775,999.980967,999.991937,999.999921,1000.004269,1000.006076,1000.006838,1000.007119,1000.007083,1000.006873,1000.006535,1000.006174,1000.005836,1000.005516,1000.005177,1000.004821,1000.004566,1000.004247,1000.004036,1000.003812,1000.003691,1000.003537,1000.003503,1000.003417,1000.003342,1000.003241,1000.003224,1000.003249,1000.003273,1000.003384,1000.003238,1000.003258,1000.003360,1000.003260,1000.003219,1000.003340,1000.003164,1000.003190,1000.003224,1000.003012,1000.002935,1000.002886,1000.002871,1000.002778,1000.002529,1000.002666,1000.002450,1000.002337,1000.002317,1000.002143,1000.002072,1000.001941,1000.002069,1000.001877,1000.001842,1000.001906,1000.001554,1000.001633,1000.001644,1000.001536,1000.001508,0.000000,0.000000,0.000000,0.000000
0.000000,0.000000,0.000000,0.000000,999.993702,999.994156,999.994168,999.994232,999.994165,999.994218,999.994159,999.994089,999.994148,999.993915,999.993967,999.993973,999.993786,999.993659,999.993375,999.993122,999.992836,999.992455,999.992078,999.991414,999.990673,999.989853,999.988940,999.987646,999.986144,999.984175,999.982003,999.978710,999.974581,999.969138,999.959596,999.949659,999.948371,999.956547,999.968671,999.983790,999.998957,1000.006936,1000.009269,1000.010382,1000.010160,1000.009710,1000.009044,1000.008392,1000.007846,1000.007239,1000.006659,1000.006109,1000.005699,1000.005289,1000.004982,1000.004646,1000.004371,1000.004077,1000.003886,1000.003653,1000.003556,1000.003458,1000.003472,1000.003372,1000.003362,1000.003326,1000.003281,1000.003373,1000.003323,1000.003323,1000.003406,1000.003318,1000.003208,1000.003311,1000.003188,1000.003128,1000.003132,1000.003094,1000.003010,1000.002837,1000.002782,1000.002802,1000.002488,1000.002516,1000.002407,1000.002293,1000.002242,1000.002036,1000.002131,1000.001913,1000.001846,1000.001843,1000.001695,1000.001880,1000.001671,1000.001668,1000.001650,1000.001560,1000.001565,0.000000,0.000000,0.000000,0.000000
