0.000000,0.000000,0.000000,0.000000,0.000000,0.000000,0.000000,0.000000,0.000000,0.000000,0.000000,0.000000,0.000000,0.000000,0.000000,0.000000,0.000000,0.000000,0.000000,0.000000,0.000000,0.000000,0.000000,0.000000,0.000000,0.000000,0.000000,0.000000,0.000000,0.000000,0.000000,0.000000,0.000000,0.000000,0.000000,0.000000,0.000000,0.000000,0.000000,0.000000,0.000000,0.000000,0.000000,0.000000,0.000000,0.000000,0.000000,0.000000,0.000000,0.000000,0.000000,0.000000,0.000000,0.000000,0.000000,0.000000,0.000000,0.000000,0.000000,0.000000,0.000000,0.000000,0.000000,0.000000,0.000000,0.000000,0.000000,0.000000,0.000000,0.000000,0.000000,0.000000,0.000000,0.000000,0.000000,0.000000,0.000000,0.000000,0.000000,0.000000,0.000000,0.000000,0.000000,0.000000,0.000000,0.000000,0.000000,0.000000,0.000000,0.000000,0.000000,0.000000,0.000000,0.000000,0.000000,0.000000,0.000000,0.000000,0.000000,0.000000,0.000000,0.000000,0.000000
0.000000,0.000000,0.000000,0.000000,0.000000,0.000000,0.000000,0.000000,0.000000,0.000000,0.000000,0.000000,0.000000,0.000000,0.000000,0.000000,0.000000,0.000000,0.000000,0.000000,0.000000,0.000000,0.000000,0.000000,0.000000,0.000000,0.000000,0.000000,0.000000,0.000000,0.000000,0.000000,0.000000,0.000000,0.000000,0.000000,0.000000,0.000000,0.000000,0.000000,0.000000,0.000000,0.000000,0.000000,0.000000,0.000000,0.000000,0.000000,0.000000,0.000000,0.000000,999.998415,0.000000,0.000000,0.000000,0.000000,0.000000,0.000000,0.000000,0.000000,0.000000,0.000000,0.000000,0.000000,0.000000,0.000000,0.000000,0.000000,0.000000,0.000000,0.000000,0.000000,0.000000,0.000000,0.000000,0.000000,0.000000,0.000000,0.000000,0.000000,0.000000,0.000000,0.000000,0.000000,0.000000,0.000000,0.000000,0.000000,0.000000,0.000000,0.000000,0.000000,0.000000,0.000000,0.000000,0.000000,0.000000,0.000000,0.000000,0.000000,0.000000,0.000000,0.000000
0.000000,0.000000,0.000000,0.000000,0.000000,0.000000,0.000000,0.000000,0.000000,0.000000,0.000000,0.000000,0.000000,0.000000,0.000000,0.000000,0.000000,0.000000,0.000000,0.000000,0.000000,0.000000,0.000000,0.000000,0.000000,0.000000,0.000000,0.000000,0.000000,0.000000,0.000000,0.000000,0.000000,0.000000,0.000000,0.000000,0.000000,0.000000,0.000000,0.000000,0.000000,0.000000,999.996389,999.993948,999.993945,999.994518,999.995104,999.995721,999.996421,999.997427,999.998253,999.998390,999.998531,999.999295,1000.000213,1000.000711,1000.001180,1000.001552,1000.001914,1000.001856,1000.000091,0.000000,0.000000,0.000000,0.000000,0.000000,0.000000,0.000000,0.000000,0.000000,0.000000,0.000000,0.000000,0.000000,0.000000,0.000000,0.000000,0.000000,0.000000,0.000000,0.000000,0.000000,0.000000,0.000000,0.000000,0.000000,0.000000,0.000000,0.000000,0.000000,0.000000,0.000000,0.000000,0.000000,0.000000,0.000000,0.000000,0.000000,0.000000,0.000000,0.000000,0.000000,0.000000
0.000000,0.000000,0.000000,0.000000,0.000000,0.000000,0.000000,0.000000,0.000000,0.000000,0.000000,0.000000,0.000000,0.000000,0.000000,0.000000,0.000000,0.000000,0.000000,0.000000,0.000000,0.000000,0.000000,0.000000,0.000000,0.000000,0.000000,0.000000,0.000000,0.000000,0.000000,0.000000,0.000000,0.000000,0.000000,0.000000,0.000000,999.992569,999.990166,999.990047,999.991217,999.993090,999.995660,999.995026,999.994645,999.994814,999.995296,999.995893,999.996491,999.997136,999.998080,999.998287,999.998507,999.999364,999.999929,1000.000402,1000.000848,1000.001179,1000.001277,1000.000997,1000.000592,1000.002277,1000.003404,1000.004027,1000.003830,1000.002422,0.000000,0.000000,0.000000,0.000000,0.000000,0.000000,0.000000,0.000000,0.000000,0.000000,0.000000,0.000000,0.000000,0.000000,0.000000,0.000000,0.000000,0.000000,0.000000,0.000000,0.000000,0.000000,0.000000,0.000000,0.000000,0.000000,0.000000,0.000000,0.000000,0.000000,0.000000,0.000000,0.000000,0.000000,0.000000,0.000000,0.000000
0.000000,0.000000,0.000000,0.000000,0.000000,0.000000,0.000000,0.000000,0.000000,0.000000,0.000000,0.000000,0.000000,0.000000,0.000000,0.000000,0.000000,0.000000,0.000000,0.000000,0.000000,0.000000,0.000000,0.000000,0.000000,0.000000,0.000000,0.000000,0.000000,0.000000,0.000000,0.000000,0.000000,0.000000,999.990302,999.988553,999.989543,999.991972,999.991563,999.991331,999.991736,999.993304,999.994208,999.994434,999.994703,999.995022,999.995445,999.995961,999.996556,999.997094,999.997683,999.998190,999.998694,999.999218,999.999680,1000.000179,1000.000595,1000.000892,1000.001129,1000.001272,1000.001413,1000.001972,1000.002928,1000.003151,1000.002992,1000.002685,1000.003953,1000.004459,1000.003557,0.000000,0.000000,0.000000,0.000000,0.000000,0.000000,0.000000,0.000000,0.000000,0.000000,0.000000,0.000000,0.000000,0.000000,0.000000,0.000000,0.000000,0.000000,0.000000,0.000000,0.000000,0.000000,0.000000,0.000000,0.000000,0.000000,0.000000,0.000000,0.000000,0.000000,0.000000,0.000000,0.000000,0.000000
0.000000,0.000000,0.000000,0.000000,0.000000,0.000000,0.000000,0.000000,0.000000,0.000000,0.000000,0.000000,0.000000,0.000000,0.000000,0.000000,0.000000,0.000000,0.000000,0.000000,0.000000,0.000000,0.000000,0.000000,0.000000,0.000000,0.000000,0.000000,0.000000,0.000000,0.000000,0.000000,999.989561,999.988019,999.989998,999.989835,999.990513,999.991039,999.991263,999.991722,999.992229,999.993015,999.993542,999.994222,999.994640,999.995024,999.995471,999.995972,999.996526,999.997081,999.997579,999.998110,999.998641,999.999096,999.999562,1000.000010,1000.000411,1000.000729,1000.001005,1000.001292,1000.001701,1000.002039,1000.002512,1000.002792,1000.003032,1000.003138,1000.003386,1000.003702,1000.003615,1000.004543,1000.003702,0.000000,0.000000,0.000000,0.000000,0.000000,0.000000,0.000000,0.000000,0.000000,0.000000,0.000000,0.000000,0.000000,0.000000,0.000000,0.000000,0.000000,0.000000,0.000000,0.000000,0.000000,0.000000,0.000000,0.000000,0.000000,0.000000,0.000000,0.000000,0.000000,0.000000,0.000000,0.000000
0.000000,0.000000,0.000000,0.000000,0.000000,0.000000,0.000000,0.000000,0.000000,0.000000,0.000000,0.000000,0.000000,0.000000,0.000000,0.000000,0.000000,0.000000,0.000000,0.000000,0.000000,0.000000,0.000000,0.000000,0.000000,0.000000,0.000000,0.000000,0.000000,0.000000,999.987922,999.986448,999.988817,999.989400,999.989686,999.989850,999.990347,999.990714,999.991286,999.991772,999.992302,999.992873,999.993446,999.994023,999.994507,999.994986,999.995470,999.995960,999.996487,999.997024,999.997513,999.998039,999.998538,999.999004,999.999482,999.999913,1000.000295,1000.000656,1000.000992,1000.001297,1000.001674,1000.002026,1000.002364,1000.002635,1000.002883,1000.003213,1000.003381,1000.003595,1000.003631,1000.003786,1000.004022,1000.005094,1000.004394,0.000000,0.000000,0.000000,0.000000,0.000000,0.000000,0.000000,0.000000,0.000000,0.000000,0.000000,0.000000,0.000000,0.000000,0.000000,0.000000,0.000000,0.000000,0.000000,0.000000,0.000000,0.000000,0.000000,0.000000,0.000000,0.000000,0.000000,0.000000,0.000000,0.000000
0.000000,0.000000,0.000000,0.000000,0.000000,0.000000,0.000000,0.000000,0.000000,0.000000,0.000000,0.000000,0.000000,0.000000,0.000000,0.000000,0.000000,0.000000,0.000000,0.000000,0.000000,0.000000,0.000000,0.000000,0.000000,0.000000,0.000000,0.000000,999.986349,999.984978,999.987315,999.988098,999.988490,999.988886,999.989224,999.989801,999.990254,999.990703,999.991216,999.991700,999.992242,999.992780,999.993346,999.993885,999.994412,999.994929,999.995429,999.995938,999.996469,999.996954,999.997501,999.997983,999.998470,999.998944,999.999401,999.999822,1000.000208,1000.000603,1000.000955,1000.001313,1000.001634,1000.001995,1000.002302,1000.002603,1000.002866,1000.003117,1000.003320,1000.003537,1000.003785,1000.003935,1000.004115,1000.004257,1000.004585,1000.005566,1000.004920,0.000000,0.000000,0.000000,0.000000,0.000000,0.000000,0.000000,0.000000,0.000000,0.000000,0.000000,0.000000,0.000000,0.000000,0.000000,0.000000,0.000000,0.000000,0.000000,0.000000,0.000000,0.000000,0.000000,0.000000,0.000000,0.000000,0.000000,0.000000
0.000000,0.000000,0.000000,0.000000,0.000000,0.000000,0.000000,0.000000,0.000000,0.000000,0.000000,0.000000,0.000000,0.000000,0.000000,0.000000,0.000000,0.000000,0.000000,0.000000,0.000000,0.000000,0.000000,0.000000,0.000000,0.000000,999.984862,999.983787,999.985878,999.986650,999.987117,999.987641,999.988047,999.988708,999.989173,999.989664,999.990097,999.990612,999.991095,999.991626,999.992159,999.992701,999.993261,999.993793,999.994330,999.994839,999.995372,999.995901,999.996409,999.996924,999.997455,999.997938,999.998415,999.998903,999.999352,999.999764,1000.000189,1000.000566,1000.000915,1000.001301,1000.001621,1000.001932,1000.002253,1000.002559,1000.002823,1000.003064,1000.003300,1000.003530,1000.003749,1000.003943,1000.004224,1000.004380,1000.004596,1000.004780,1000.005069,1000.005888,1000.005414,0.000000,0.000000,0.000000,0.000000,0.000000,0.000000,0.000000,0.000000,0.000000,0.000000,0.000000,0.000000,0.000000,0.000000,0.000000,0.000000,0.000000,0.000000,0.000000,0.000000,0.000000,0.000000,0.000000,0.000000,0.000000,0.000000
0.000000,0.000000,0.000000,0.000000,0.000000,0.000000,0.000000,0.000000,0.000000,0.000000,0.000000,0.000000,0.000000,0.000000,0.000000,0.000000,0.000000,0.000000,0.000000,0.000000,0.000000,0.000000,0.000000,0.000000,999.983936,999.983087,999.984669,999.985349,999.985792,999.986353,999.986786,999.987471,999.988000,999.988512,999.988999,999.989494,999.989997,999.990495,999.990993,999.991522,999.992071,999.992607,999.993165,999.993703,999.994250,999.994792,999.995333,999.995853,999.996375,999.996895,999.997406,999.997912,999.998386,999.998872,999.999297,999.999742,1000.000153,1000.000555,1000.000900,1000.001269,1000.001625,1000.001933,1000.002240,1000.002554,1000.002813,1000.003075,1000.003318,1000.003542,1000.003753,1000.003963,1000.004172,1000.004401,1000.004658,1000.004822,1000.005037,1000.005200,1000.005434,1000.006014,1000.005646,0.000000,0.000000,0.000000,0.000000,0.000000,0.000000,0.000000,0.000000,0.000000,0.000000,0.000000,0.000000,0.000000,0.000000,0.000000,0.000000,0.000000,0.000000,0.000000,0.000000,0.000000,0.000000,0.000000,0.000000
0.000000,0.000000,0.000000,0.000000,0.000000,0.000000,0.000000,0.000000,0.000000,0.000000,0.000000,0.000000,0.000000,0.000000,0.000000,0.000000,0.000000,0.000000,0.000000,0.000000,0.000000,0.000000,0.000000,999.984202,999.983906,999.984288,999.984736,999.985229,999.985623,999.986268,999.986774,999.987315,999.987816,999.988316,999.988839,999.989331,999.989850,999.990344,999.990893,999.991429,999.991959,999.992506,999.993059,999.993613,999.994166,999.994739,999.995264,999.995811,999.996344,999.996889,999.997375,999.997897,999.998396,999.998853,999.999296,999.999745,1000.000134,1000.000549,1000.000913,1000.001267,1000.001604,1000.001944,1000.002237,1000.002528,1000.002807,1000.003058,1000.003322,1000.003538,1000.003746,1000.003986,1000.004189,1000.004392,1000.004619,1000.004806,1000.005050,1000.005186,1000.005369,1000.005512,1000.005616,1000.005490,0.000000,0.000000,0.000000,0.000000,0.000000,0.000000,0.000000,0.000000,0.000000,0.000000,0.000000,0.000000,0.000000,0.000000,0.000000,0.000000,0.000000,0.000000,0.000000,0.000000,0.000000,0.000000,0.000000
0.000000,0.000000,0.000000,0.000000,0.000000,0.000000,0.000000,0.000000,0.000000,0.000000,0.000000,0.000000,0.000000,0.000000,0.000000,0.000000,0.000000,0.000000,0.000000,0.000000,0.000000,999.982490,999.981996,999.983748,999.984158,999.984485,999.984694,999.985190,999.985688,999.986160,999.986660,999.987145,999.987654,999.988155,999.988670,999.989170,999.989683,999.990214,999.990765,999.991291,999.991845,999.992416,999.992975,999.993551,999.994111,999.994660,999.995213,999.995778,999.996322,999.996866,999.997359,999.997884,999.998359,999.998849,999.999296,999.999750,1000.000146,1000.000545,1000.000957,1000.001290,1000.001639,1000.001970,1000.002276,1000.002549,1000.002826,1000.003074,1000.003310,1000.003552,1000.003770,1000.003996,1000.004200,1000.004392,1000.004600,1000.004785,1000.004975,1000.005136,1000.005319,1000.005386,1000.005499,1000.005610,1000.006259,1000.006040,0.000000,0.000000,0.000000,0.000000,0.000000,0.000000,0.000000,0.000000,0.000000,0.000000,0.000000,0.000000,0.000000,0.000000,0.000000,0.000000,0.000000,0.000000,0.000000,0.000000,0.000000
0.000000,0.000000,0.000000,0.000000,0.000000,0.000000,0.000000,0.000000,0.000000,0.000000,0.000000,0.000000,0.000000,0.000000,0.000000,0.000000,0.000000,0.000000,0.000000,0.000000,999.982814,999.982753,999.983114,999.983598,999.983986,999.984393,999.984752,999.985177,999.985626,999.986050,999.986530,999.987009,999.987499,999.988002,999.988498,999.989009,999.989541,999.990067,999.990599,999.991144,999.991729,999.992301,999.992878,999.993452,999.994038,999.994615,999.995193,999.995763,999.996298,999.996854,999.997384,999.997911,999.998389,999.998860,999.999345,999.999776,1000.000182,1000.000584,1000.000966,1000.001310,1000.001657,1000.001980,1000.002283,1000.002572,1000.002855,1000.003112,1000.003346,1000.003583,1000.003795,1000.004009,1000.004219,1000.004403,1000.004595,1000.004765,1000.004944,1000.005108,1000.005251,1000.005382,1000.005526,1000.005651,1000.005800,1000.005926,1000.005863,0.000000,0.000000,0.000000,0.000000,0.000000,0.000000,0.000000,0.000000,0.000000,0.000000,0.000000,0.000000,0.000000,0.000000,0.000000,0.000000,0.000000,0.000000,0.000000,0.000000
0.000000,0.000000,0.000000,0.000000,0.000000,0.000000,0.000000,0.000000,0.000000,0.000000,0.000000,0.000000,0.000000,0.000000,0.000000,0.000000,0.000000,0.000000,0.000000,999.982510,999.982800,999.983002,999.983341,999.983565,999.983985,999.984357,999.984738,999.985122,999.985542,999.985944,999.986415,999.986869,999.987335,999.987814,999.988316,999.988821,999.989352,999.989882,999.990458,999.991025,999.991610,999.992178,999.992759,999.993368,999.993965,999.994566,999.995143,999.995736,999.996281,999.996846,999.997384,999.997914,999.998413,999.998911,999.999368,999.999810,1000.000250,1000.000643,1000.001024,1000.001382,1000.001728,1000.002040,1000.002338,1000.002621,1000.002892,1000.003142,1000.003373,1000.003615,1000.003824,1000.004009,1000.004229,1000.004403,1000.004582,1000.004764,1000.004910,1000.005079,1000.005199,1000.005341,1000.005473,1000.005639,1000.005683,1000.005806,1000.005853,1000.005945,0.000000,0.000000,0.000000,0.000000,0.000000,0.000000,0.000000,0.000000,0.000000,0.000000,0.000000,0.000000,0.000000,0.000000,0.000000,0.000000,0.000000,0.000000,0.000000
0.000000,0.000000,0.000000,0.000000,0.000000,0.000000,0.000000,0.000000,0.000000,0.000000,0.000000,0.000000,0.000000,0.000000,0.000000,0.000000,0.000000,0.000000,999.982207,999.982550,999.982848,999.983114,999.983392,999.983673,999.984013,999.984336,999.984692,999.985068,999.985441,999.985828,999.986264,999.986685,999.987143,999.987618,999.988120,999.988623,999.989170,999.989699,999.990285,999.990851,999.991453,999.992053,999.992676,999.993310,999.993912,999.994516,999.995121,999.995731,999.996321,999.996875,999.997444,999.997952,999.998469,999.998984,999.999427,999.999861,1000.000306,1000.000695,1000.001071,1000.001440,1000.001786,1000.002089,1000.002414,1000.002689,1000.002944,1000.003198,1000.003428,1000.003653,1000.003862,1000.004053,1000.004245,1000.004431,1000.004593,1000.004761,1000.004916,1000.005052,1000.005191,1000.005313,1000.005425,1000.005563,1000.005651,1000.005739,1000.005838,1000.005920,1000.006028,0.000000,0.000000,0.000000,0.000000,0.000000,0.000000,0.000000,0.000000,0.000000,0.000000,0.000000,0.000000,0.000000,0.000000,0.000000,0.000000,0.000000,0.000000
0.000000,0.000000,0.000000,0.000000,0.000000,0.000000,0.000000,0.000000,0.000000,0.000000,0.000000,0.000000,0.000000,0.000000,0.000000,0.000000,0.000000,999.981947,999.982364,999.982638,999.982906,999.983167,999.983428,999.983711,999.983990,999.984293,999.984629,999.984956,999.985300,999.985684,999.986089,999.986490,999.986948,999.987413,999.987892,999.988423,999.988949,999.989513,999.990085,999.990681,999.991308,999.991927,999.992576,999.993191,999.993827,999.994481,999.995106,999.995711,999.996313,999.996898,999.997465,999.998021,999.998547,999.999033,999.999527,999.999983,1000.000405,1000.000813,1000.001194,1000.001542,1000.001876,1000.002178,1000.002471,1000.002757,1000.003004,1000.003253,1000.003487,1000.003694,1000.003898,1000.004089,1000.004267,1000.004441,1000.004607,1000.004747,1000.004893,1000.005042,1000.005157,1000.005294,1000.005393,1000.005504,1000.005609,1000.005705,1000.005779,1000.005884,1000.005970,1000.006096,0.000000,0.000000,0.000000,0.000000,0.000000,0.000000,0.000000,0.000000,0.000000,0.000000,0.000000,0.000000,0.000000,0.000000,0.000000,0.000000,0.000000
0.000000,0.000000,0.000000,0.000000,0.000000,0.000000,0.000000,0.000000,0.000000,0.000000,0.000000,0.000000,0.000000,0.000000,0.000000,0.000000,999.981935,999.982217,999.982482,999.982732,999.982997,999.983237,999.983481,999.983729,999.983984,999.984266,999.984551,999.984844,999.985171,999.985530,999.985898,999.986291,999.986729,999.987180,999.987658,999.988168,999.988708,999.989294,999.989882,999.990501,999.991140,999.991788,999.992451,999.993104,999.993775,999.994456,999.995102,999.995739,999.996370,999.996973,999.997562,999.998125,999.998644,999.999139,999.999622,1000.000077,1000.000494,1000.000897,1000.001287,1000.001643,1000.001975,1000.002300,1000.002576,1000.002842,1000.003109,1000.003343,1000.003560,1000.003765,1000.003956,1000.004143,1000.004311,1000.004478,1000.004626,1000.004767,1000.004898,1000.005037,1000.005150,1000.005257,1000.005377,1000.005469,1000.005566,1000.005663,1000.005756,1000.005821,1000.005941,1000.006015,1000.006132,0.000000,0.000000,0.000000,0.000000,0.000000,0.000000,0.000000,0.000000,0.000000,0.000000,0.000000,0.000000,0.000000,0.000000,0.000000,0.000000
0.000000,0.000000,0.000000,0.000000,0.000000,0.000000,0.000000,0.000000,0.000000,0.000000,0.000000,0.000000,0.000000,0.000000,0.000000,999.981947,999.982217,999.982442,999.982670,999.982891,999.983107,999.983306,999.983504,999.983709,999.983941,999.984172,999.984427,999.984704,999.984996,999.985329,999.985660,999.986044,999.986465,999.986893,999.987386,999.987901,999.988456,999.989037,999.989651,999.990292,999.990952,999.991632,999.992332,999.993036,999.993735,999.994400,999.995093,999.995755,999.996405,999.997033,999.997630,999.998197,999.998751,999.999285,999.999774,1000.000243,1000.000661,1000.001060,1000.001426,1000.001776,1000.002093,1000.002409,1000.002689,1000.002959,1000.003190,1000.003423,1000.003629,1000.003833,1000.004024,1000.004194,1000.004346,1000.004499,1000.004656,1000.004780,1000.004902,1000.005022,1000.005150,1000.005240,1000.005339,1000.005432,1000.005530,1000.005604,1000.005705,1000.005780,1000.005863,1000.005952,1000.006026,1000.006106,0.000000,0.000000,0.000000,0.000000,0.000000,0.000000,0.000000,0.000000,0.000000,0.000000,0.000000,0.000000,0.000000,0.000000,0.000000
0.000000,0.000000,0.000000,0.000000,0.000000,0.000000,0.000000,0.000000,0.000000,0.000000,0.000000,0.000000,0.000000,0.000000,999.982207,999.982364,999.982482,999.982670,999.982832,999.982975,999.983171,999.983319,999.983526,999.983725,999.983909,999.984104,999.984318,999.984552,999.984825,999.985108,999.985419,999.985783,999.986167,999.986593,999.987073,999.987596,999.988153,999.988740,999.989388,999.990063,999.990755,999.991466,999.992201,999.992943,999.993692,999.994401,999.995143,999.995829,999.996513,999.997162,999.997764,999.998350,999.998908,999.999416,999.999899,1000.000367,1000.000805,1000.001214,1000.001597,1000.001940,1000.002259,1000.002553,1000.002826,1000.003080,1000.003323,1000.003527,1000.003737,1000.003923,1000.004100,1000.004257,1000.004412,1000.004539,1000.004689,1000.004810,1000.004917,1000.005026,1000.005136,1000.005237,1000.005319,1000.005396,1000.005485,1000.005575,1000.005655,1000.005725,1000.005802,1000.005887,1000.005965,1000.006013,1000.006091,0.000000,0.000000,0.000000,0.000000,0.000000,0.000000,0.000000,0.000000,0.000000,0.000000,0.000000,0.000000,0.000000,0.000000
0.000000,0.000000,0.000000,0.000000,0.000000,0.000000,0.000000,0.000000,0.000000,0.000000,0.000000,0.000000,0.000000,999.982510,999.982550,999.982638,999.982732,999.982891,999.982975,999.983161,999.983314,999.983425,999.983587,999.983678,999.983818,999.983990,999.984163,999.984358,999.984588,999.984824,999.985126,999.985465,999.985828,999.986251,999.986727,999.987251,999.987806,999.988437,999.989102,999.989807,999.990536,999.991301,999.992067,999.992839,999.993620,999.994402,999.995156,999.995873,999.996586,999.997262,999.997909,999.998525,999.999115,999.999648,1000.000132,1000.000592,1000.001017,1000.001401,1000.001759,1000.002114,1000.002412,1000.002715,1000.002971,1000.003214,1000.003444,1000.003658,1000.003838,1000.004008,1000.004182,1000.004327,1000.004484,1000.004592,1000.004718,1000.004842,1000.004937,1000.005031,1000.005135,1000.005211,1000.005321,1000.005387,1000.005452,1000.005519,1000.005614,1000.005670,1000.005732,1000.005796,1000.005868,1000.005932,1000.005981,1000.005996,0.000000,0.000000,0.000000,0.000000,0.000000,0.000000,0.000000,0.000000,0.000000,0.000000,0.000000,0.000000,0.000000
0.000000,0.000000,0.000000,0.000000,0.000000,0.000000,0.000000,0.000000,0.000000,0.000000,0.000000,0.000000,999.982814,999.982800,999.982848,999.982906,999.982997,999.983107,999.983171,999.983314,999.983364,999.983400,999.983524,999.983601,999.983758,999.983887,999.984011,999.984173,999.984349,999.984555,999.984805,999.985094,999.985438,999.985860,999.986316,999.986826,999.987418,999.988074,999.988757,999.989494,999.990287,999.991106,999.991935,999.992766,999.993608,999.994429,999.995233,999.996005,999.996741,999.997446,999.998101,999.998698,999.999272,999.999826,1000.000337,1000.000813,1000.001244,1000.001643,1000.001984,1000.002333,1000.002622,1000.002893,1000.003160,1000.003386,1000.003590,1000.003794,1000.003975,1000.004131,1000.004273,1000.004412,1000.004552,1000.004660,1000.004762,1000.004878,1000.004975,1000.005048,1000.005131,1000.005202,1000.005276,1000.005367,1000.005416,1000.005473,1000.005537,1000.005623,1000.005676,1000.005728,1000.005783,1000.005837,1000.005904,1000.005933,1000.005966,0.000000,0.000000,0.000000,0.000000,0.000000,0.000000,0.000000,0.000000,0.000000,0.000000,0.000000,0.000000
0.000000,0.000000,0.000000,0.000000,0.000000,0.000000,0.000000,0.000000,0.000000,0.000000,0.000000,999.982490,999.982753,999.983002,999.983114,999.983167,999.983237,999.983306,999.983319,999.983425,999.983400,999.983508,999.983655,999.983647,999.983733,999.983724,999.983776,999.983905,999.984029,999.984200,999.984420,999.984675,999.985005,999.985387,999.985830,999.986378,999.986974,999.987654,999.988379,999.989187,999.990008,999.990892,999.991782,999.992682,999.993569,999.994444,999.995299,999.996123,999.996895,999.997646,999.998360,999.999009,999.999594,1000.000124,1000.000613,1000.001060,1000.001478,1000.001884,1000.002232,1000.002545,1000.002851,1000.003104,1000.003346,1000.003566,1000.003749,1000.003938,1000.004096,1000.004255,1000.004392,1000.004502,1000.004613,1000.004727,1000.004817,1000.004906,1000.004981,1000.005072,1000.005141,1000.005209,1000.005260,1000.005331,1000.005403,1000.005448,1000.005489,1000.005553,1000.005622,1000.005659,1000.005711,1000.005766,1000.005808,1000.005873,1000.005981,1000.006066,0.000000,0.000000,0.000000,0.000000,0.000000,0.000000,0.000000,0.000000,0.000000,0.000000,0.000000
0.000000,0.000000,0.000000,0.000000,0.000000,0.000000,0.000000,0.000000,0.000000,0.000000,0.000000,999.981996,999.983114,999.983341,999.983392,999.983428,999.983481,999.983504,999.983526,999.983587,999.983524,999.983655,999.983560,999.983432,999.983521,999.983500,999.983607,999.983700,999.983740,999.983852,999.984011,999.984231,999.984503,999.984855,999.985301,999.985830,999.986443,999.987139,999.987934,999.988798,999.989704,999.990655,999.991631,999.992614,999.993596,999.994550,999.995447,999.996335,999.997128,999.997861,999.998558,999.999227,999.999850,1000.000419,1000.000940,1000.001389,1000.001810,1000.002172,1000.002508,1000.002809,1000.003090,1000.003339,1000.003556,1000.003767,1000.003952,1000.004107,1000.004258,1000.004374,1000.004506,1000.004620,1000.004706,1000.004803,1000.004880,1000.004959,1000.005016,1000.005081,1000.005151,1000.005204,1000.005248,1000.005292,1000.005348,1000.005418,1000.005443,1000.005483,1000.005541,1000.005592,1000.005627,1000.005679,1000.005732,1000.005772,1000.005862,1000.006217,0.000000,0.000000,0.000000,0.000000,0.000000,0.000000,0.000000,0.000000,0.000000,0.000000,0.000000
0.000000,0.000000,0.000000,0.000000,0.000000,0.000000,0.000000,0.000000,0.000000,0.000000,999.984202,999.983748,999.983598,999.983565,999.983673,999.983711,999.983729,999.983709,999.983725,999.983678,999.983601,999.983647,999.983432,999.983488,999.983635,999.983467,999.983464,999.983357,999.983298,999.983365,999.983484,999.983640,999.983878,999.984227,999.984652,999.985194,999.985846,999.986596,999.987443,999.988360,999.989358,999.990391,999.991458,999.992530,999.993595,999.994605,999.995575,999.996529,999.997446,999.998257,999.998994,999.999641,1000.000224,1000.000755,1000.001270,1000.001710,1000.002131,1000.002482,1000.002822,1000.003100,1000.003369,1000.003586,1000.003800,1000.003972,1000.004145,1000.004282,1000.004423,1000.004529,1000.004631,1000.004723,1000.004812,1000.004879,1000.004941,1000.005011,1000.005067,1000.005107,1000.005144,1000.005200,1000.005249,1000.005288,1000.005296,1000.005365,1000.005400,1000.005426,1000.005465,1000.005513,1000.005551,1000.005584,1000.005648,1000.005716,1000.005745,1000.005733,1000.005639,0.000000,0.000000,0.000000,0.000000,0.000000,0.000000,0.000000,0.000000,0.000000,0.000000
0.000000,0.000000,0.000000,0.000000,0.000000,0.000000,0.000000,0.000000,0.000000,999.983936,999.983906,999.984158,999.983986,999.983985,999.984013,999.983990,999.983984,999.983941,999.983909,999.983818,999.983758,999.983733,999.983521,999.983635,999.983371,999.982994,999.983034,999.982917,999.982950,999.983012,999.982996,999.983068,999.983261,999.983532,999.983926,999.984461,999.985110,999.985907,999.986819,999.987848,999.988966,999.990144,999.991336,999.992518,999.993687,999.994823,999.995850,999.996790,999.997681,999.998519,999.999301,1000.000026,1000.000671,1000.001208,1000.001695,1000.002133,1000.002510,1000.002851,1000.003167,1000.003433,1000.003657,1000.003884,1000.004064,1000.004231,1000.004359,1000.004481,1000.004597,1000.004694,1000.004775,1000.004839,1000.004907,1000.004965,1000.005003,1000.005054,1000.005102,1000.005140,1000.005170,1000.005186,1000.005224,1000.005272,1000.005272,1000.005305,1000.005346,1000.005378,1000.005391,1000.005433,1000.005480,1000.005495,1000.005524,1000.005586,1000.005619,1000.005623,1000.005731,1000.005745,0.000000,0.000000,0.000000,0.000000,0.000000,0.000000,0.000000,0.000000,0.000000
0.000000,0.000000,0.000000,0.000000,0.000000,0.000000,0.000000,0.000000,0.000000,999.983087,999.984288,999.984485,999.984393,999.984357,999.984336,999.984293,999.984266,999.984172,999.984104,999.983990,999.983887,999.983724,999.983500,999.983467,999.982994,999.982992,999.983148,999.982790,999.982637,999.982407,999.982225,999.982272,999.982398,999.982628,999.983006,999.983546,999.984254,999.985128,999.986142,999.987277,999.988505,999.989793,999.991120,999.992440,999.993698,999.994976,999.996189,999.997281,999.998238,999.999087,999.999804,1000.000472,1000.001101,1000.001649,1000.002140,1000.002558,1000.002937,1000.003251,1000.003529,1000.003782,1000.003995,1000.004174,1000.004333,1000.004474,1000.004605,1000.004696,1000.004782,1000.004865,1000.004920,1000.004976,1000.005020,1000.005065,1000.005094,1000.005107,1000.005134,1000.005153,1000.005188,1000.005204,1000.005198,1000.005237,1000.005250,1000.005260,1000.005281,1000.005314,1000.005316,1000.005339,1000.005386,1000.005425,1000.005435,1000.005474,1000.005508,1000.005521,1000.005635,1000.006044,0.000000,0.000000,0.000000,0.000000,0.000000,0.000000,0.000000,0.000000,0.000000
0.000000,0.000000,0.000000,0.000000,0.000000,0.000000,0.000000,0.000000,999.984862,999.984669,999.984736,999.984694,999.984752,999.984738,999.984692,999.984629,999.984551,999.984427,999.984318,999.984163,999.984011,999.983776,999.983607,999.983464,999.983034,999.983148,999.982684,999.981923,999.981864,999.981660,999.981586,999.981637,999.981612,999.981718,999.982039,999.982550,999.983222,999.984148,999.985281,999.986581,999.988032,999.989514,999.991064,999.992596,999.993971,999.995247,999.996448,999.997567,999.998611,999.999590,1000.000430,1000.001103,1000.001694,1000.002220,1000.002669,1000.003055,1000.003406,1000.003701,1000.003954,1000.004163,1000.004365,1000.004514,1000.004640,1000.004753,1000.004853,1000.004938,1000.004978,1000.005036,1000.005080,1000.005105,1000.005134,1000.005146,1000.005174,1000.005178,1000.005183,1000.005179,1000.005180,1000.005204,1000.005189,1000.005196,1000.005200,1000.005216,1000.005216,1000.005233,1000.005258,1000.005253,1000.005274,1000.005304,1000.005317,1000.005374,1000.005404,1000.005455,1000.005494,1000.005577,1000.005572,0.000000,0.000000,0.000000,0.000000,0.000000,0.000000,0.000000,0.000000
0.000000,0.000000,0.000000,0.000000,0.000000,0.000000,0.000000,0.000000,999.983787,999.985349,999.985229,999.985190,999.985177,999.985122,999.985068,999.984956,999.984844,999.984704,999.984552,999.984358,999.984173,999.983905,999.983700,999.983357,999.982917,999.982790,999.981923,999.981707,999.981998,999.981404,999.981010,999.980655,999.980328,999.980394,999.980681,999.981157,999.981979,999.983026,999.984298,999.985758,999.987373,999.989064,999.990776,999.992554,999.994259,999.995815,999.997192,999.998360,999.999310,1000.000190,1000.001002,1000.001707,1000.002299,1000.002807,1000.003243,1000.003606,1000.003914,1000.004183,1000.004403,1000.004591,1000.004732,1000.004869,1000.004977,1000.005058,1000.005105,1000.005172,1000.005214,1000.005222,1000.005253,1000.005258,1000.005263,1000.005253,1000.005243,1000.005237,1000.005237,1000.005225,1000.005191,1000.005185,1000.005192,1000.005178,1000.005164,1000.005163,1000.005159,1000.005143,1000.005175,1000.005187,1000.005179,1000.005201,1000.005214,1000.005242,1000.005283,1000.005322,1000.005352,1000.005355,1000.005916,0.000000,0.000000,0.000000,0.000000,0.000000,0.000000,0.000000,0.000000
0.000000,0.000000,0.000000,0.000000,0.000000,0.000000,0.000000,999.986349,999.985878,999.985792,999.985623,999.985688,999.985626,999.985542,999.985441,999.985300,999.985171,999.984996,999.984825,999.984588,999.984349,999.984029,999.983740,999.983298,999.982950,999.982637,999.981864,999.981998,999.981343,999.979912,999.979642,999.979323,999.979141,999.979253,999.979384,999.979795,999.980478,999.981567,999.983061,999.984791,999.986836,999.988935,999.990867,999.992720,999.994482,999.996107,999.997605,999.999013,1000.000178,1000.001074,1000.001827,1000.002491,1000.003039,1000.003505,1000.003894,1000.004224,1000.004484,1000.004709,1000.004887,1000.005039,1000.005157,1000.005240,1000.005320,1000.005371,1000.005398,1000.005409,1000.005432,1000.005435,1000.005410,1000.005399,1000.005380,1000.005364,1000.005333,1000.005289,1000.005266,1000.005258,1000.005220,1000.005174,1000.005154,1000.005142,1000.005108,1000.005103,1000.005105,1000.005074,1000.005063,1000.005071,1000.005078,1000.005101,1000.005101,1000.005098,1000.005139,1000.005173,1000.005248,1000.005231,1000.005271,1000.005150,0.000000,0.000000,0.000000,0.000000,0.000000,0.000000,0.000000
0.000000,0.000000,0.000000,0.000000,0.000000,0.000000,0.000000,999.984978,999.986650,999.986353,999.986268,999.986160,999.986050,999.985944,999.985828,999.985684,999.985530,999.985329,999.985108,999.984824,999.984555,999.984200,999.983852,999.983365,999.983012,999.982407,999.981660,999.981404,999.979912,999.979243,999.979665,999.978847,999.978138,999.977685,999.977313,999.977553,999.978522,999.979829,999.981546,999.983592,999.985817,999.988347,999.990914,999.993299,999.995441,999.997206,999.998588,999.999823,1000.000988,1000.001936,1000.002709,1000.003334,1000.003850,1000.004263,1000.004599,1000.004881,1000.005095,1000.005277,1000.005407,1000.005516,1000.005599,1000.005651,1000.005670,1000.005701,1000.005706,1000.005693,1000.005662,1000.005647,1000.005615,1000.005553,1000.005514,1000.005464,1000.005426,1000.005375,1000.005295,1000.005259,1000.005229,1000.005183,1000.005133,1000.005104,1000.005069,1000.005030,1000.005013,1000.004998,1000.004982,1000.004977,1000.004951,1000.004965,1000.004994,1000.004979,1000.005005,1000.005022,1000.005030,1000.005055,1000.005027,1000.005665,0.000000,0.000000,0.000000,0.000000,0.000000,0.000000,0.000000
0.000000,0.000000,0.000000,0.000000,0.000000,0.000000,999.987922,999.987315,999.987117,999.986786,999.986774,999.986660,999.986530,999.986415,999.986264,999.986089,999.985898,999.985660,999.985419,999.985126,999.984805,999.984420,999.984011,999.983484,999.982996,999.982225,999.981586,999.981010,999.979642,999.979665,999.978863,999.976490,999.975659,999.975101,999.974929,999.975522,999.976194,999.977487,999.979648,999.982247,999.985092,999.988024,999.990826,999.993437,999.995829,999.998088,999.999872,1000.001182,1000.002206,1000.003065,1000.003764,1000.004315,1000.004755,1000.005105,1000.005383,1000.005587,1000.005761,1000.005883,1000.005968,1000.006022,1000.006053,1000.006081,1000.006059,1000.006039,1000.006012,1000.005969,1000.005907,1000.005841,1000.005782,1000.005725,1000.005642,1000.005563,1000.005493,1000.005445,1000.005365,1000.005276,1000.005227,1000.005171,1000.005097,1000.005065,1000.005021,1000.004970,1000.004934,1000.004901,1000.004883,1000.004865,1000.004846,1000.004832,1000.004841,1000.004848,1000.004847,1000.004850,1000.004889,1000.004918,1000.004847,1000.004857,1000.004728,0.000000,0.000000,0.000000,0.000000,0.000000,0.000000
0.000000,0.000000,0.000000,0.000000,0.000000,0.000000,999.986448,999.988098,999.987641,999.987471,999.987315,999.987145,999.987009,999.986869,999.986685,999.986490,999.986291,999.986044,999.985783,999.985465,999.985094,999.984675,999.984231,999.983640,999.983068,999.982272,999.981637,999.980655,999.979323,999.978847,999.976490,999.974679,999.974963,999.974030,999.973089,999.972602,999.973109,999.974777,999.977228,999.980718,999.984420,999.988174,999.991855,999.994944,999.997278,999.999272,1000.001069,1000.002489,1000.003522,1000.004322,1000.004932,1000.005401,1000.005748,1000.006028,1000.006219,1000.006363,1000.006461,1000.006524,1000.006555,1000.006568,1000.006537,1000.006514,1000.006473,1000.006405,1000.006327,1000.006254,1000.006166,1000.006080,1000.005966,1000.005878,1000.005788,1000.005680,1000.005571,1000.005484,1000.005411,1000.005306,1000.005219,1000.005157,1000.005066,1000.005003,1000.004951,1000.004900,1000.004849,1000.004814,1000.004769,1000.004741,1000.004723,1000.004710,1000.004701,1000.004677,1000.004706,1000.004691,1000.004695,1000.004703,1000.004689,1000.004589,1000.005260,0.000000,0.000000,0.000000,0.000000,0.000000,0.000000
0.000000,0.000000,0.000000,0.000000,0.000000,999.989561,999.988817,999.988490,999.988047,999.988000,999.987816,999.987654,999.987499,999.987335,999.987143,999.986948,999.986729,999.986465,999.986167,999.985828,999.985438,999.985005,999.984503,999.983878,999.983261,999.982398,999.981612,999.980328,999.979141,999.978138,999.975659,999.974963,999.974011,999.970325,999.968336,999.967928,999.968194,999.970192,999.973447,999.977569,999.982620,999.987654,999.992108,999.996202,999.999379,1000.001496,1000.003043,1000.004224,1000.005132,1000.005788,1000.006258,1000.006598,1000.006840,1000.007004,1000.007111,1000.007182,1000.007194,1000.007195,1000.007161,1000.007125,1000.007056,1000.006958,1000.006878,1000.006775,1000.006663,1000.006539,1000.006419,1000.006298,1000.006178,1000.006027,1000.005909,1000.005796,1000.005665,1000.005531,1000.005430,1000.005327,1000.005218,1000.005126,1000.005036,1000.004956,1000.004870,1000.004803,1000.004757,1000.004706,1000.004668,1000.004615,1000.004587,1000.004579,1000.004557,1000.004534,1000.004532,1000.004530,1000.004523,1000.004514,1000.004566,1000.004460,1000.004403,1000.004124,0.000000,0.000000,0.000000,0.000000,0.000000
0.000000,0.000000,0.000000,0.000000,0.000000,999.988019,999.989400,999.988886,999.988708,999.988512,999.988316,999.988155,999.988002,999.987814,999.987618,999.987413,999.987180,999.986893,999.986593,999.986251,999.985860,999.985387,999.984855,999.984227,999.983532,999.982628,999.981718,999.980394,999.979253,999.977685,999.975101,999.974030,999.970325,999.966177,999.964984,999.963350,999.963714,999.966204,999.970258,999.976570,999.983002,999.988854,999.994028,999.998079,1000.001379,1000.003736,1000.005265,1000.006281,1000.006963,1000.007421,1000.007713,1000.007900,1000.008008,1000.008049,1000.008053,1000.008028,1000.007976,1000.007894,1000.007800,1000.007688,1000.007578,1000.007438,1000.007297,1000.007157,1000.007001,1000.006845,1000.006681,1000.006513,1000.006370,1000.006208,1000.006033,1000.005892,1000.005743,1000.005592,1000.005458,1000.005334,1000.005198,1000.005088,1000.004984,1000.004901,1000.004803,1000.004721,1000.004637,1000.004582,1000.004538,1000.004488,1000.004443,1000.004422,1000.004399,1000.004370,1000.004382,1000.004355,1000.004350,1000.004335,1000.004331,1000.004305,1000.004191,1000.004814,0.000000,0.000000,0.000000,0.000000,0.000000
0.000000,0.000000,0.000000,0.000000,999.990302,999.989998,999.989686,999.989224,999.989173,999.988999,999.988839,999.988670,999.988498,999.988316,999.988120,999.987892,999.987658,999.987386,999.987073,999.986727,999.986316,999.985830,999.985301,999.984652,999.983926,999.983006,999.982039,999.980681,999.979384,999.977313,999.974929,999.973089,999.968336,999.964984,999.961661,999.956673,999.954754,999.956248,999.962643,999.971710,999.981504,999.991103,999.998109,1000.002341,1000.005076,1000.006839,1000.007980,1000.008638,1000.009006,1000.009194,1000.009274,1000.009274,1000.009227,1000.009143,1000.009032,1000.008902,1000.008764,1000.008616,1000.008450,1000.008272,1000.008107,1000.007928,1000.007730,1000.007542,1000.007346,1000.007149,1000.006953,1000.006742,1000.006542,1000.006363,1000.006172,1000.005976,1000.005817,1000.005634,1000.005472,1000.005333,1000.005188,1000.005055,1000.004921,1000.004816,1000.004718,1000.004632,1000.004542,1000.004451,1000.004409,1000.004351,1000.004308,1000.004248,1000.004238,1000.004207,1000.004204,1000.004178,1000.004171,1000.004174,1000.004168,1000.004196,1000.004069,1000.004049,1000.003976,0.000000,0.000000,0.000000,0.000000
0.000000,0.000000,0.000000,0.000000,999.988553,999.989835,999.989850,999.989801,999.989664,999.989494,999.989331,999.989170,999.989009,999.988821,999.988623,999.988423,999.988168,999.987901,999.987596,999.987251,999.986826,999.986378,999.985830,999.985194,999.984461,999.983546,999.982550,999.981157,999.979795,999.977553,999.975522,999.972602,999.967928,999.963350,999.956673,999.945676,999.939187,999.944002,999.953724,999.966210,999.981582,999.994292,1000.002236,1000.007316,1000.009640,1000.010675,1000.011135,1000.011261,1000.011232,1000.011094,1000.010918,1000.010705,1000.010482,1000.010255,1000.010034,1000.009804,1000.009566,1000.009345,1000.009117,1000.008880,1000.008646,1000.008409,1000.008174,1000.007923,1000.007689,1000.007447,1000.007219,1000.006982,1000.006741,1000.006506,1000.006303,1000.006073,1000.005873,1000.005687,1000.005480,1000.005310,1000.005149,1000.005003,1000.004861,1000.004723,1000.004607,1000.004502,1000.004427,1000.004327,1000.004257,1000.004194,1000.004151,1000.004098,1000.004065,1000.004032,1000.004018,1000.004001,1000.003985,1000.003983,1000.003974,1000.004009,1000.004044,1000.004122,1000.004742,0.000000,0.000000,0.000000,0.000000
