0.000000,0.000000,0.000000,0.000000,0.000000,0.000000,0.000000,0.000000,0.000000,0.000000,0.000000,0.000000,0.000000,0.000000,0.000000,0.000000,0.000000,0.000000,0.000000,0.000000,0.000000,0.000000,0.000000,0.000000,0.000000,0.000000,0.000000,0.000000,0.000000,0.000000,0.000000,0.000000,0.000000,0.000000,0.000000,0.000000,0.000000,0.000000,0.000000,0.000000,0.000000,0.000000,0.000000,0.000000,0.000000,0.000000,0.000000,0.000000,0.000000,0.000000,0.000000,0.000000,0.000000,0.000000,0.000000,0.000000,0.000000,0.000000,0.000000,0.000000,0.000000,0.000000,0.000000,0.000000,0.000000,0.000000,0.000000,0.000000,0.000000,0.000000,0.000000,0.000000,0.000000,0.000000,0.000000,0.000000,0.000000,0.000000,0.000000,0.000000,0.000000,0.000000,0.000000,0.000000,0.000000,0.000000,0.000000,0.000000,0.000000,0.000000,0.000000,0.000000,0.000000,0.000000,0.000000,0.000000,0.000000,0.000000,0.000000,0.000000,0.000000,0.000000,0.000000
0.000000,0.000000,0.000000,0.000000,0.000000,0.000000,0.000000,0.000000,0.000000,0.000000,0.000000,0.000000,0.000000,0.000000,0.000000,0.000000,0.000000,0.000000,0.000000,0.000000,0.000000,0.000000,0.000000,0.000000,0.000000,0.000000,0.000000,0.000000,0.000000,0.000000,0.000000,0.000000,0.000000,0.000000,0.000000,0.000000,0.000000,0.000000,0.000000,0.000000,0.000000,0.000000,0.000000,0.000000,0.000000,0.000000,0.000000,0.000000,0.000000,0.000000,0.000000,999.998176,0.000000,0.000000,0.000000,0.000000,0.000000,0.000000,0.000000,0.000000,0.000000,0.000000,0.000000,0.000000,0.000000,0.000000,0.000000,0.000000,0.000000,0.000000,0.000000,0.000000,0.000000,0.000000,0.000000,0.000000,0.000000,0.000000,0.000000,0.000000,0.000000,0.000000,0.000000,0.000000,0.000000,0.000000,0.000000,0.000000,0.000000,0.000000,0.000000,0.000000,0.000000,0.000000,0.000000,0.000000,0.000000,0.000000,0.000000,0.000000,0.000000,0.000000,0.000000
0.000000,0.000000,0.000000,0.000000,0.000000,0.000000,0.000000,0.000000,0.000000,0.000000,0.000000,0.000000,0.000000,0.000000,0.000000,0.000000,0.000000,0.000000,0.000000,0.000000,0.000000,0.000000,0.000000,0.000000,0.000000,0.000000,0.000000,0.000000,0.000000,0.000000,0.000000,0.000000,0.000000,0.000000,0.000000,0.000000,0.000000,0.000000,0.000000,0.000000,0.000000,0.000000,999.996071,999.993475,999.993483,999.994072,999.994682,999.995334,999.996051,999.997118,999.997961,999.998118,999.998255,999.999080,1000.000014,1000.000578,1000.001026,1000.001453,1000.001802,1000.001770,999.999892,0.000000,0.000000,0.000000,0.000000,0.000000,0.000000,0.000000,0.000000,0.000000,0.000000,0.000000,0.000000,0.000000,0.000000,0.000000,0.000000,0.000000,0.000000,0.000000,0.000000,0.000000,0.000000,0.000000,0.000000,0.000000,0.000000,0.000000,0.000000,0.000000,0.000000,0.000000,0.000000,0.000000,0.000000,0.000000,0.000000,0.000000,0.000000,0.000000,0.000000,0.000000,0.000000
0.000000,0.000000,0.000000,0.000000,0.000000,0.000000,0.000000,0.000000,0.000000,0.000000,0.000000,0.000000,0.000000,0.000000,0.000000,0.000000,0.000000,0.000000,0.000000,0.000000,0.000000,0.000000,0.000000,0.000000,0.000000,0.000000,0.000000,0.000000,0.000000,0.000000,0.000000,0.000000,0.000000,0.000000,0.000000,0.000000,0.000000,999.992049,999.989551,999.989420,999.990627,999.992579,999.995262,999.994616,999.994194,999.994376,999.994883,999.995499,999.996129,999.996808,999.997802,999.998018,999.998227,999.999154,999.999710,1000.000222,1000.000688,1000.001047,1000.001146,1000.000846,1000.000393,1000.002190,1000.003365,1000.004047,1000.003817,1000.002333,0.000000,0.000000,0.000000,0.000000,0.000000,0.000000,0.000000,0.000000,0.000000,0.000000,0.000000,0.000000,0.000000,0.000000,0.000000,0.000000,0.000000,0.000000,0.000000,0.000000,0.000000,0.000000,0.000000,0.000000,0.000000,0.000000,0.000000,0.000000,0.000000,0.000000,0.000000,0.000000,0.000000,0.000000,0.000000,0.000000,0.000000
0.000000,0.000000,0.000000,0.000000,0.000000,0.000000,0.000000,0.000000,0.000000,0.000000,0.000000,0.000000,0.000000,0.000000,0.000000,0.000000,0.000000,0.000000,0.000000,0.000000,0.000000,0.000000,0.000000,0.000000,0.000000,0.000000,0.000000,0.000000,0.000000,0.000000,0.000000,0.000000,0.000000,0.000000,999.989695,999.987881,999.988901,999.991429,999.990989,999.990741,999.991167,999.992811,999.993755,999.993995,999.994264,999.994600,999.995044,999.995579,999.996193,999.996775,999.997392,999.997929,999.998444,999.999000,999.999487,1000.000009,1000.000433,1000.000746,1000.000966,1000.001135,1000.001276,1000.001880,1000.002894,1000.003119,1000.002942,1000.002627,1000.003960,1000.004492,1000.003537,0.000000,0.000000,0.000000,0.000000,0.000000,0.000000,0.000000,0.000000,0.000000,0.000000,0.000000,0.000000,0.000000,0.000000,0.000000,0.000000,0.000000,0.000000,0.000000,0.000000,0.000000,0.000000,0.000000,0.000000,0.000000,0.000000,0.000000,0.000000,0.000000,0.000000,0.000000,0.000000,0.000000,0.000000
0.000000,0.000000,0.000000,0.000000,0.000000,0.000000,0.000000,0.000000,0.000000,0.000000,0.000000,0.000000,0.000000,0.000000,0.000000,0.000000,0.000000,0.000000,0.000000,0.000000,0.000000,0.000000,0.000000,0.000000,0.000000,0.000000,0.000000,0.000000,0.000000,0.000000,0.000000,0.000000,999.988943,999.987310,999.989377,999.989195,999.989900,999.990452,999.990689,999.991144,999.991708,999.992517,999.993089,999.993767,999.994220,999.994618,999.995080,999.995608,999.996182,999.996745,999.997266,999.997830,999.998369,999.998846,999.999353,999.999831,1000.000233,1000.000576,1000.000860,1000.001154,1000.001586,1000.001939,1000.002442,1000.002737,1000.002986,1000.003087,1000.003349,1000.003692,1000.003579,1000.004578,1000.003684,0.000000,0.000000,0.000000,0.000000,0.000000,0.000000,0.000000,0.000000,0.000000,0.000000,0.000000,0.000000,0.000000,0.000000,0.000000,0.000000,0.000000,0.000000,0.000000,0.000000,0.000000,0.000000,0.000000,0.000000,0.000000,0.000000,0.000000,0.000000,0.000000,0.000000,0.000000,0.000000
0.000000,0.000000,0.000000,0.000000,0.000000,0.000000,0.000000,0.000000,0.000000,0.000000,0.000000,0.000000,0.000000,0.000000,0.000000,0.000000,0.000000,0.000000,0.000000,0.000000,0.000000,0.000000,0.000000,0.000000,0.000000,0.000000,0.000000,0.000000,0.000000,0.000000,999.987227,999.985679,999.988153,999.988758,999.989050,999.989196,999.989733,999.990126,999.990723,999.991225,999.991780,999.992368,999.992959,999.993571,999.994067,999.994572,999.995066,999.995605,999.996139,999.996697,999.997217,999.997771,999.998294,999.998782,999.999266,999.999712,1000.000124,1000.000505,1000.000864,1000.001185,1000.001566,1000.001937,1000.002277,1000.002578,1000.002838,1000.003160,1000.003341,1000.003584,1000.003611,1000.003773,1000.004033,1000.005146,1000.004429,0.000000,0.000000,0.000000,0.000000,0.000000,0.000000,0.000000,0.000000,0.000000,0.000000,0.000000,0.000000,0.000000,0.000000,0.000000,0.000000,0.000000,0.000000,0.000000,0.000000,0.000000,0.000000,0.000000,0.000000,0.000000,0.000000,0.000000,0.000000,0.000000,0.000000
0.000000,0.000000,0.000000,0.000000,0.000000,0.000000,0.000000,0.000000,0.000000,0.000000,0.000000,0.000000,0.000000,0.000000,0.000000,0.000000,0.000000,0.000000,0.000000,0.000000,0.000000,0.000000,0.000000,0.000000,0.000000,0.000000,0.000000,0.000000,999.985594,999.984149,999.986590,999.987390,999.987809,999.988233,999.988582,999.989187,999.989657,999.990118,999.990640,999.991149,999.991715,999.992274,999.992865,999.993428,999.993983,999.994507,999.995044,999.995565,999.996106,999.996647,999.997185,999.997699,999.998217,999.998713,999.999184,999.999628,1000.000044,1000.000432,1000.000810,1000.001173,1000.001541,1000.001887,1000.002218,1000.002547,1000.002814,1000.003084,1000.003303,1000.003523,1000.003777,1000.003912,1000.004114,1000.004263,1000.004620,1000.005668,1000.004953,0.000000,0.000000,0.000000,0.000000,0.000000,0.000000,0.000000,0.000000,0.000000,0.000000,0.000000,0.000000,0.000000,0.000000,0.000000,0.000000,0.000000,0.000000,0.000000,0.000000,0.000000,0.000000,0.000000,0.000000,0.000000,0.000000,0.000000,0.000000
0.000000,0.000000,0.000000,0.000000,0.000000,0.000000,0.000000,0.000000,0.000000,0.000000,0.000000,0.000000,0.000000,0.000000,0.000000,0.000000,0.000000,0.000000,0.000000,0.000000,0.000000,0.000000,0.000000,0.000000,0.000000,0.000000,999.984035,999.982916,999.985098,999.985882,999.986385,999.986935,999.987356,999.988028,999.988521,999.989032,999.989492,999.990012,999.990532,999.991082,999.991636,999.992197,999.992777,999.993331,999.993891,999.994434,999.994987,999.995531,999.996070,999.996617,999.997153,999.997664,999.998169,999.998666,999.999133,999.999587,1000.000013,1000.000409,1000.000783,1000.001166,1000.001512,1000.001854,1000.002165,1000.002491,1000.002775,1000.003028,1000.003272,1000.003506,1000.003741,1000.003941,1000.004234,1000.004415,1000.004608,1000.004821,1000.005130,1000.005997,1000.005512,0.000000,0.000000,0.000000,0.000000,0.000000,0.000000,0.000000,0.000000,0.000000,0.000000,0.000000,0.000000,0.000000,0.000000,0.000000,0.000000,0.000000,0.000000,0.000000,0.000000,0.000000,0.000000,0.000000,0.000000,0.000000,0.000000
0.000000,0.000000,0.000000,0.000000,0.000000,0.000000,0.000000,0.000000,0.000000,0.000000,0.000000,0.000000,0.000000,0.000000,0.000000,0.000000,0.000000,0.000000,0.000000,0.000000,0.000000,0.000000,0.000000,0.000000,999.983087,999.982196,999.983839,999.984569,999.985006,999.985593,999.986055,999.986757,999.987288,999.987836,999.988337,999.988863,999.989375,999.989896,999.990423,999.990987,999.991535,999.992101,999.992671,999.993251,999.993810,999.994384,999.994925,999.995484,999.996028,999.996578,999.997104,999.997638,999.998140,999.998634,999.999096,999.999548,999.999978,1000.000384,1000.000782,1000.001159,1000.001517,1000.001853,1000.002193,1000.002475,1000.002768,1000.003034,1000.003282,1000.003511,1000.003752,1000.003958,1000.004190,1000.004419,1000.004700,1000.004867,1000.005106,1000.005265,1000.005500,1000.006135,1000.005748,0.000000,0.000000,0.000000,0.000000,0.000000,0.000000,0.000000,0.000000,0.000000,0.000000,0.000000,0.000000,0.000000,0.000000,0.000000,0.000000,0.000000,0.000000,0.000000,0.000000,0.000000,0.000000,0.000000,0.000000
0.000000,0.000000,0.000000,0.000000,0.000000,0.000000,0.000000,0.000000,0.000000,0.000000,0.000000,0.000000,0.000000,0.000000,0.000000,0.000000,0.000000,0.000000,0.000000,0.000000,0.000000,0.000000,0.000000,999.983376,999.983063,999.983441,999.983916,999.984430,999.984830,999.985505,999.986052,999.986576,999.987123,999.987636,999.988173,999.988702,999.989221,999.989763,999.990313,999.990866,999.991424,999.992006,999.992580,999.993160,999.993740,999.994320,999.994891,999.995451,999.996011,999.996553,999.997094,999.997623,999.998128,999.998621,999.999101,999.999545,999.999985,1000.000386,1000.000783,1000.001147,1000.001503,1000.001836,1000.002177,1000.002458,1000.002747,1000.003036,1000.003299,1000.003525,1000.003761,1000.004001,1000.004205,1000.004427,1000.004643,1000.004859,1000.005108,1000.005258,1000.005439,1000.005603,1000.005712,1000.005559,0.000000,0.000000,0.000000,0.000000,0.000000,0.000000,0.000000,0.000000,0.000000,0.000000,0.000000,0.000000,0.000000,0.000000,0.000000,0.000000,0.000000,0.000000,0.000000,0.000000,0.000000,0.000000,0.000000
0.000000,0.000000,0.000000,0.000000,0.000000,0.000000,0.000000,0.000000,0.000000,0.000000,0.000000,0.000000,0.000000,0.000000,0.000000,0.000000,0.000000,0.000000,0.000000,0.000000,0.000000,999.981597,999.981053,999.982894,999.983316,999.983639,999.983867,999.984393,999.984885,999.985407,999.985912,999.986425,999.986963,999.987485,999.988011,999.988530,999.989075,999.989623,999.990172,999.990736,999.991312,999.991908,999.992492,999.993072,999.993659,999.994248,999.994838,999.995420,999.995980,999.996533,999.997091,999.997612,999.998122,999.998618,999.999098,999.999549,999.999997,1000.000421,1000.000810,1000.001180,1000.001555,1000.001878,1000.002204,1000.002501,1000.002789,1000.003044,1000.003301,1000.003538,1000.003772,1000.004006,1000.004220,1000.004426,1000.004625,1000.004836,1000.005017,1000.005212,1000.005399,1000.005479,1000.005565,1000.005701,1000.006401,1000.006171,0.000000,0.000000,0.000000,0.000000,0.000000,0.000000,0.000000,0.000000,0.000000,0.000000,0.000000,0.000000,0.000000,0.000000,0.000000,0.000000,0.000000,0.000000,0.000000,0.000000,0.000000
0.000000,0.000000,0.000000,0.000000,0.000000,0.000000,0.000000,0.000000,0.000000,0.000000,0.000000,0.000000,0.000000,0.000000,0.000000,0.000000,0.000000,0.000000,0.000000,0.000000,999.981925,999.981853,999.982244,999.982744,999.983131,999.983556,999.983948,999.984383,999.984839,999.985304,999.985786,999.986289,999.986790,999.987306,999.987821,999.988353,999.988903,999.989448,999.990025,999.990603,999.991196,999.991785,999.992399,999.992995,999.993607,999.994205,999.994804,999.995390,999.995976,999.996536,999.997100,999.997634,999.998161,999.998665,999.999137,999.999594,1000.000025,1000.000444,1000.000840,1000.001198,1000.001576,1000.001907,1000.002215,1000.002536,1000.002831,1000.003071,1000.003334,1000.003579,1000.003804,1000.004010,1000.004228,1000.004446,1000.004639,1000.004826,1000.004999,1000.005170,1000.005318,1000.005451,1000.005613,1000.005743,1000.005915,1000.006035,1000.005972,0.000000,0.000000,0.000000,0.000000,0.000000,0.000000,0.000000,0.000000,0.000000,0.000000,0.000000,0.000000,0.000000,0.000000,0.000000,0.000000,0.000000,0.000000,0.000000,0.000000
0.000000,0.000000,0.000000,0.000000,0.000000,0.000000,0.000000,0.000000,0.000000,0.000000,0.000000,0.000000,0.000000,0.000000,0.000000,0.000000,0.000000,0.000000,0.000000,999.981622,999.981901,999.982110,999.982474,999.982707,999.983143,999.983531,999.983930,999.984329,999.984750,999.985186,999.985653,999.986123,999.986622,999.987120,999.987649,999.988186,999.988728,999.989295,999.989871,999.990461,999.991057,999.991666,999.992275,999.992912,999.993540,999.994154,999.994757,999.995364,999.995967,999.996551,999.997098,999.997651,999.998183,999.998678,999.999186,999.999646,1000.000091,1000.000506,1000.000923,1000.001293,1000.001641,1000.001977,1000.002289,1000.002575,1000.002856,1000.003124,1000.003372,1000.003617,1000.003832,1000.004050,1000.004253,1000.004440,1000.004635,1000.004811,1000.004977,1000.005143,1000.005283,1000.005424,1000.005566,1000.005722,1000.005788,1000.005904,1000.005966,1000.006044,0.000000,0.000000,0.000000,0.000000,0.000000,0.000000,0.000000,0.000000,0.000000,0.000000,0.000000,0.000000,0.000000,0.000000,0.000000,0.000000,0.000000,0.000000,0.000000
0.000000,0.000000,0.000000,0.000000,0.000000,0.000000,0.000000,0.000000,0.000000,0.000000,0.000000,0.000000,0.000000,0.000000,0.000000,0.000000,0.000000,0.000000,999.981288,999.981656,999.981965,999.982243,999.982539,999.982813,999.983172,999.983516,999.983889,999.984256,999.984645,999.985073,999.985505,999.985963,999.986436,999.986929,999.987446,999.987969,999.988524,999.989085,999.989690,999.990282,999.990916,999.991546,999.992184,999.992824,999.993474,999.994102,999.994753,999.995363,999.995982,999.996575,999.997152,999.997714,999.998255,999.998763,999.999252,999.999721,1000.000162,1000.000568,1000.000972,1000.001351,1000.001700,1000.002043,1000.002366,1000.002648,1000.002922,1000.003190,1000.003436,1000.003652,1000.003877,1000.004088,1000.004292,1000.004461,1000.004635,1000.004814,1000.004971,1000.005115,1000.005269,1000.005394,1000.005523,1000.005642,1000.005748,1000.005847,1000.005938,1000.006029,1000.006153,0.000000,0.000000,0.000000,0.000000,0.000000,0.000000,0.000000,0.000000,0.000000,0.000000,0.000000,0.000000,0.000000,0.000000,0.000000,0.000000,0.000000,0.000000
0.000000,0.000000,0.000000,0.000000,0.000000,0.000000,0.000000,0.000000,0.000000,0.000000,0.000000,0.000000,0.000000,0.000000,0.000000,0.000000,0.000000,999.981048,999.981455,999.981747,999.982021,999.982302,999.982562,999.982856,999.983156,999.983466,999.983799,999.984155,999.984529,999.984917,999.985333,999.985753,999.986229,999.986700,999.987216,999.987748,999.988315,999.988893,999.989502,999.990109,999.990762,999.991412,999.992072,999.992737,999.993399,999.994069,999.994724,999.995367,999.995991,999.996601,999.997205,999.997768,999.998326,999.998851,999.999345,999.999823,1000.000283,1000.000700,1000.001094,1000.001469,1000.001806,1000.002133,1000.002444,1000.002729,1000.003000,1000.003262,1000.003486,1000.003715,1000.003920,1000.004121,1000.004311,1000.004496,1000.004658,1000.004825,1000.004970,1000.005106,1000.005245,1000.005368,1000.005492,1000.005603,1000.005701,1000.005803,1000.005898,1000.005987,1000.006093,1000.006216,0.000000,0.000000,0.000000,0.000000,0.000000,0.000000,0.000000,0.000000,0.000000,0.000000,0.000000,0.000000,0.000000,0.000000,0.000000,0.000000,0.000000
0.000000,0.000000,0.000000,0.000000,0.000000,0.000000,0.000000,0.000000,0.000000,0.000000,0.000000,0.000000,0.000000,0.000000,0.000000,0.000000,999.981002,999.981290,999.981577,999.981838,999.982120,999.982368,999.982622,999.982884,999.983149,999.983433,999.983733,999.984059,999.984380,999.984752,999.985122,999.985551,999.985992,999.986465,999.986967,999.987504,999.988070,999.988661,999.989275,999.989926,999.990585,999.991260,999.991954,999.992651,999.993347,999.994034,999.994721,999.995395,999.996050,999.996688,999.997299,999.997876,999.998421,999.998961,999.999454,999.999918,1000.000372,1000.000807,1000.001198,1000.001585,1000.001931,1000.002255,1000.002556,1000.002843,1000.003104,1000.003342,1000.003580,1000.003795,1000.004002,1000.004173,1000.004356,1000.004532,1000.004685,1000.004829,1000.004975,1000.005110,1000.005235,1000.005349,1000.005457,1000.005574,1000.005666,1000.005750,1000.005862,1000.005947,1000.006044,1000.006145,1000.006259,0.000000,0.000000,0.000000,0.000000,0.000000,0.000000,0.000000,0.000000,0.000000,0.000000,0.000000,0.000000,0.000000,0.000000,0.000000,0.000000
0.000000,0.000000,0.000000,0.000000,0.000000,0.000000,0.000000,0.000000,0.000000,0.000000,0.000000,0.000000,0.000000,0.000000,0.000000,999.981048,999.981290,999.981554,999.981793,999.982006,999.982243,999.982432,999.982649,999.982871,999.983103,999.983350,999.983613,999.983894,999.984198,999.984543,999.984897,999.985302,999.985724,999.986192,999.986679,999.987230,999.987795,999.988399,999.989044,999.989713,999.990403,999.991104,999.991832,999.992558,999.993288,999.994010,999.994721,999.995412,999.996093,999.996739,999.997379,999.997982,999.998556,999.999113,999.999636,1000.000118,1000.000560,1000.000979,1000.001351,1000.001722,1000.002061,1000.002384,1000.002668,1000.002959,1000.003208,1000.003447,1000.003661,1000.003876,1000.004063,1000.004246,1000.004410,1000.004568,1000.004723,1000.004845,1000.004986,1000.005103,1000.005222,1000.005338,1000.005436,1000.005530,1000.005634,1000.005716,1000.005804,1000.005907,1000.005979,1000.006070,1000.006166,1000.006255,0.000000,0.000000,0.000000,0.000000,0.000000,0.000000,0.000000,0.000000,0.000000,0.000000,0.000000,0.000000,0.000000,0.000000,0.000000
0.000000,0.000000,0.000000,0.000000,0.000000,0.000000,0.000000,0.000000,0.000000,0.000000,0.000000,0.000000,0.000000,0.000000,999.981288,999.981455,999.981577,999.981793,999.981932,999.982098,999.982292,999.982460,999.982678,999.982868,999.983067,999.983274,999.983505,999.983760,999.984028,999.984328,999.984656,999.985027,999.985424,999.985867,999.986372,999.986904,999.987471,999.988106,999.988768,999.989462,999.990183,999.990938,999.991704,999.992468,999.993237,999.994010,999.994761,999.995496,999.996197,999.996874,999.997515,999.998137,999.998718,999.999242,999.999760,1000.000255,1000.000706,1000.001142,1000.001538,1000.001902,1000.002240,1000.002547,1000.002837,1000.003089,1000.003343,1000.003563,1000.003785,1000.003960,1000.004153,1000.004323,1000.004477,1000.004620,1000.004757,1000.004893,1000.005010,1000.005120,1000.005218,1000.005322,1000.005418,1000.005510,1000.005592,1000.005682,1000.005754,1000.005830,1000.005920,1000.005995,1000.006079,1000.006148,1000.006225,0.000000,0.000000,0.000000,0.000000,0.000000,0.000000,0.000000,0.000000,0.000000,0.000000,0.000000,0.000000,0.000000,0.000000
0.000000,0.000000,0.000000,0.000000,0.000000,0.000000,0.000000,0.000000,0.000000,0.000000,0.000000,0.000000,0.000000,999.981622,999.981656,999.981747,999.981838,999.982006,999.982098,999.982283,999.982469,999.982580,999.982734,999.982846,999.982982,999.983150,999.983347,999.983542,999.983769,999.984038,999.984333,999.984686,999.985060,999.985520,999.986003,999.986541,999.987135,999.987788,999.988472,999.989196,999.989962,999.990757,999.991556,999.992377,999.993181,999.993987,999.994778,999.995537,999.996286,999.997010,999.997671,999.998329,999.998932,999.999505,1000.000020,1000.000497,1000.000934,1000.001348,1000.001731,1000.002090,1000.002410,1000.002717,1000.002997,1000.003252,1000.003478,1000.003702,1000.003897,1000.004085,1000.004246,1000.004413,1000.004547,1000.004676,1000.004807,1000.004921,1000.005025,1000.005137,1000.005232,1000.005316,1000.005401,1000.005479,1000.005556,1000.005633,1000.005717,1000.005786,1000.005851,1000.005923,1000.005993,1000.006058,1000.006106,1000.006154,0.000000,0.000000,0.000000,0.000000,0.000000,0.000000,0.000000,0.000000,0.000000,0.000000,0.000000,0.000000,0.000000
0.000000,0.000000,0.000000,0.000000,0.000000,0.000000,0.000000,0.000000,0.000000,0.000000,0.000000,0.000000,999.981925,999.981901,999.981965,999.982021,999.982120,999.982243,999.982292,999.982469,999.982509,999.982521,999.982678,999.982751,999.982913,999.983073,999.983200,999.983349,999.983534,999.983763,999.984024,999.984324,999.984685,999.985108,999.985568,999.986121,999.986722,999.987396,999.988104,999.988889,999.989710,999.990545,999.991415,999.992292,999.993173,999.994030,999.994868,999.995674,999.996454,999.997189,999.997876,999.998500,999.999108,999.999683,1000.000227,1000.000729,1000.001191,1000.001589,1000.001977,1000.002319,1000.002640,1000.002920,1000.003189,1000.003433,1000.003652,1000.003854,1000.004035,1000.004207,1000.004358,1000.004490,1000.004638,1000.004750,1000.004867,1000.004961,1000.005055,1000.005147,1000.005240,1000.005313,1000.005389,1000.005473,1000.005523,1000.005593,1000.005666,1000.005731,1000.005796,1000.005850,1000.005910,1000.005971,1000.006030,1000.006066,1000.006105,0.000000,0.000000,0.000000,0.000000,0.000000,0.000000,0.000000,0.000000,0.000000,0.000000,0.000000,0.000000
0.000000,0.000000,0.000000,0.000000,0.000000,0.000000,0.000000,0.000000,0.000000,0.000000,0.000000,999.981597,999.981853,999.982110,999.982243,999.982302,999.982368,999.982432,999.982460,999.982580,999.982521,999.982665,999.982823,999.982813,999.982896,999.982901,999.982945,999.983067,999.983219,999.983395,999.983604,999.983875,999.984214,999.984612,999.985083,999.985637,999.986272,999.986958,999.987723,999.988558,999.989418,999.990329,999.991248,999.992185,999.993122,999.994042,999.994937,999.995798,999.996611,999.997391,999.998151,999.998840,999.999466,1000.000025,1000.000529,1000.000998,1000.001456,1000.001860,1000.002232,1000.002566,1000.002875,1000.003154,1000.003402,1000.003623,1000.003834,1000.004023,1000.004182,1000.004344,1000.004480,1000.004606,1000.004716,1000.004834,1000.004929,1000.005016,1000.005094,1000.005168,1000.005249,1000.005308,1000.005372,1000.005438,1000.005511,1000.005542,1000.005608,1000.005660,1000.005733,1000.005782,1000.005838,1000.005890,1000.005938,1000.006005,1000.006114,1000.006204,0.000000,0.000000,0.000000,0.000000,0.000000,0.000000,0.000000,0.000000,0.000000,0.000000,0.000000
0.000000,0.000000,0.000000,0.000000,0.000000,0.000000,0.000000,0.000000,0.000000,0.000000,0.000000,999.981053,999.982244,999.982474,999.982539,999.982562,999.982622,999.982649,999.982678,999.982734,999.982678,999.982823,999.982728,999.982569,999.982672,999.982666,999.982763,999.982865,999.982930,999.983030,999.983195,999.983424,999.983715,999.984083,999.984529,999.985089,999.985703,999.986436,999.987257,999.988142,999.989086,999.990083,999.991105,999.992135,999.993144,999.994137,999.995090,999.996015,999.996857,999.997624,999.998364,999.999056,999.999720,1000.000324,1000.000878,1000.001343,1000.001793,1000.002182,1000.002532,1000.002850,1000.003143,1000.003404,1000.003636,1000.003851,1000.004030,1000.004210,1000.004350,1000.004493,1000.004613,1000.004731,1000.004819,1000.004905,1000.004995,1000.005074,1000.005148,1000.005201,1000.005261,1000.005323,1000.005367,1000.005409,1000.005471,1000.005521,1000.005560,1000.005609,1000.005650,1000.005708,1000.005751,1000.005814,1000.005852,1000.005898,1000.006002,1000.006369,0.000000,0.000000,0.000000,0.000000,0.000000,0.000000,0.000000,0.000000,0.000000,0.000000,0.000000
0.000000,0.000000,0.000000,0.000000,0.000000,0.000000,0.000000,0.000000,0.000000,0.000000,999.983376,999.982894,999.982744,999.982707,999.982813,999.982856,999.982884,999.982871,999.982868,999.982846,999.982751,999.982813,999.982569,999.982644,999.982820,999.982637,999.982630,999.982519,999.982457,999.982524,999.982647,999.982817,999.983059,999.983394,999.983863,999.984409,999.985077,999.985869,999.986740,999.987693,999.988721,999.989803,999.990920,999.992018,999.993131,999.994202,999.995219,999.996224,999.997181,999.998056,999.998827,999.999510,1000.000119,1000.000684,1000.001229,1000.001708,1000.002137,1000.002521,1000.002864,1000.003169,1000.003445,1000.003680,1000.003894,1000.004091,1000.004258,1000.004410,1000.004543,1000.004653,1000.004761,1000.004854,1000.004937,1000.005004,1000.005069,1000.005126,1000.005180,1000.005233,1000.005271,1000.005318,1000.005368,1000.005402,1000.005437,1000.005478,1000.005514,1000.005561,1000.005594,1000.005627,1000.005682,1000.005720,1000.005768,1000.005841,1000.005871,1000.005857,1000.005777,0.000000,0.000000,0.000000,0.000000,0.000000,0.000000,0.000000,0.000000,0.000000,0.000000
0.000000,0.000000,0.000000,0.000000,0.000000,0.000000,0.000000,0.000000,0.000000,999.983087,999.983063,999.983316,999.983131,999.983143,999.983172,999.983156,999.983149,999.983103,999.983067,999.982982,999.982913,999.982896,999.982672,999.982820,999.982542,999.982126,999.982169,999.982066,999.982089,999.982167,999.982162,999.982231,999.982406,999.982718,999.983116,999.983651,999.984322,999.985144,999.986090,999.987153,999.988317,999.989529,999.990765,999.992003,999.993235,999.994426,999.995505,999.996490,999.997424,999.998308,999.999141,999.999920,1000.000598,1000.001168,1000.001688,1000.002145,1000.002543,1000.002910,1000.003240,1000.003520,1000.003768,1000.003987,1000.004176,1000.004353,1000.004492,1000.004617,1000.004734,1000.004837,1000.004906,1000.004986,1000.005051,1000.005113,1000.005153,1000.005193,1000.005234,1000.005273,1000.005300,1000.005323,1000.005345,1000.005380,1000.005411,1000.005437,1000.005461,1000.005485,1000.005521,1000.005551,1000.005587,1000.005628,1000.005661,1000.005716,1000.005755,1000.005742,1000.005868,1000.005901,0.000000,0.000000,0.000000,0.000000,0.000000,0.000000,0.000000,0.000000,0.000000
0.000000,0.000000,0.000000,0.000000,0.000000,0.000000,0.000000,0.000000,0.000000,999.982196,999.983441,999.983639,999.983556,999.983531,999.983516,999.983466,999.983433,999.983350,999.983274,999.983150,999.983073,999.982901,999.982666,999.982637,999.982126,999.982096,999.982336,999.981956,999.981790,999.981554,999.981346,999.981377,999.981537,999.981767,999.982145,999.982686,999.983450,999.984343,999.985376,999.986550,999.987820,999.989147,999.990547,999.991920,999.993236,999.994565,999.995841,999.996997,999.998027,999.998907,999.999677,1000.000376,1000.001061,1000.001635,1000.002160,1000.002604,1000.003003,1000.003341,1000.003650,1000.003899,1000.004128,1000.004321,1000.004500,1000.004630,1000.004759,1000.004856,1000.004948,1000.005022,1000.005087,1000.005129,1000.005175,1000.005210,1000.005242,1000.005266,1000.005279,1000.005302,1000.005322,1000.005338,1000.005346,1000.005351,1000.005370,1000.005390,1000.005401,1000.005435,1000.005459,1000.005472,1000.005495,1000.005529,1000.005572,1000.005593,1000.005636,1000.005661,1000.005763,1000.006177,0.000000,0.000000,0.000000,0.000000,0.000000,0.000000,0.000000,0.000000,0.000000
0.000000,0.000000,0.000000,0.000000,0.000000,0.000000,0.000000,0.000000,999.984035,999.983839,999.983916,999.983867,999.983948,999.983930,999.983889,999.983799,999.983733,999.983613,999.983505,999.983347,999.983200,999.982945,999.982763,999.982630,999.982169,999.982336,999.981880,999.981005,999.980956,999.980744,999.980679,999.980752,999.980730,999.980822,999.981152,999.981685,999.982382,999.983299,999.984474,999.985815,999.987320,999.988859,999.990467,999.992055,999.993502,999.994842,999.996104,999.997288,999.998398,999.999439,1000.000328,1000.001050,1000.001684,1000.002236,1000.002722,1000.003143,1000.003514,1000.003819,1000.004088,1000.004318,1000.004517,1000.004686,1000.004815,1000.004934,1000.005028,1000.005117,1000.005168,1000.005220,1000.005256,1000.005296,1000.005309,1000.005319,1000.005331,1000.005344,1000.005340,1000.005338,1000.005338,1000.005339,1000.005351,1000.005342,1000.005336,1000.005347,1000.005347,1000.005344,1000.005379,1000.005386,1000.005406,1000.005429,1000.005456,1000.005482,1000.005520,1000.005599,1000.005627,1000.005706,1000.005714,0.000000,0.000000,0.000000,0.000000,0.000000,0.000000,0.000000,0.000000
0.000000,0.000000,0.000000,0.000000,0.000000,0.000000,0.000000,0.000000,999.982916,999.984569,999.984430,999.984393,999.984383,999.984329,999.984256,999.984155,999.984059,999.983894,999.983760,999.983542,999.983349,999.983067,999.982865,999.982519,999.982066,999.981956,999.981005,999.980764,999.981149,999.980549,999.980139,999.979760,999.979398,999.979455,999.979751,999.980228,999.981061,999.982133,999.983445,999.984951,999.986614,999.988356,999.990137,999.991988,999.993788,999.995423,999.996886,999.998110,999.999124,1000.000055,1000.000937,1000.001686,1000.002325,1000.002874,1000.003335,1000.003730,1000.004063,1000.004341,1000.004574,1000.004771,1000.004935,1000.005070,1000.005170,1000.005260,1000.005323,1000.005372,1000.005410,1000.005433,1000.005444,1000.005446,1000.005454,1000.005442,1000.005423,1000.005415,1000.005398,1000.005379,1000.005361,1000.005334,1000.005325,1000.005318,1000.005299,1000.005298,1000.005303,1000.005291,1000.005282,1000.005306,1000.005306,1000.005313,1000.005342,1000.005368,1000.005400,1000.005442,1000.005486,1000.005500,1000.006076,0.000000,0.000000,0.000000,0.000000,0.000000,0.000000,0.000000,0.000000
0.000000,0.000000,0.000000,0.000000,0.000000,0.000000,0.000000,999.985594,999.985098,999.985006,999.984830,999.984885,999.984839,999.984750,999.984645,999.984529,999.984380,999.984198,999.984028,999.983769,999.983534,999.983219,999.982930,999.982457,999.982089,999.981790,999.980956,999.981149,999.980520,999.978956,999.978641,999.978313,999.978135,999.978264,999.978404,999.978819,999.979518,999.980625,999.982161,999.983924,999.986024,999.988201,999.990205,999.992143,999.993975,999.995684,999.997276,999.998783,1000.000031,1000.000994,1000.001810,1000.002512,1000.003105,1000.003612,1000.004027,1000.004383,1000.004664,1000.004915,1000.005102,1000.005264,1000.005379,1000.005480,1000.005556,1000.005612,1000.005640,1000.005652,1000.005661,1000.005659,1000.005641,1000.005611,1000.005588,1000.005561,1000.005527,1000.005483,1000.005455,1000.005420,1000.005385,1000.005347,1000.005315,1000.005292,1000.005262,1000.005231,1000.005226,1000.005208,1000.005208,1000.005201,1000.005214,1000.005199,1000.005218,1000.005244,1000.005258,1000.005282,1000.005367,1000.005370,1000.005390,1000.005254,0.000000,0.000000,0.000000,0.000000,0.000000,0.000000,0.000000
0.000000,0.000000,0.000000,0.000000,0.000000,0.000000,0.000000,999.984149,999.985882,999.985593,999.985505,999.985407,999.985304,999.985186,999.985073,999.984917,999.984752,999.984543,999.984328,999.984038,999.983763,999.983395,999.983030,999.982524,999.982167,999.981554,999.980744,999.980549,999.978956,999.978170,999.978699,999.977926,999.977197,999.976719,999.976318,999.976526,999.977507,999.978833,999.980567,999.982667,999.984947,999.987566,999.990233,999.992720,999.994960,999.996830,999.998295,999.999621,1000.000860,1000.001892,1000.002723,1000.003414,1000.003967,1000.004423,1000.004788,1000.005090,1000.005323,1000.005522,1000.005669,1000.005782,1000.005861,1000.005916,1000.005945,1000.005964,1000.005965,1000.005949,1000.005920,1000.005882,1000.005846,1000.005790,1000.005740,1000.005678,1000.005627,1000.005565,1000.005502,1000.005446,1000.005401,1000.005345,1000.005300,1000.005253,1000.005226,1000.005182,1000.005153,1000.005129,1000.005107,1000.005099,1000.005089,1000.005095,1000.005094,1000.005099,1000.005121,1000.005134,1000.005159,1000.005176,1000.005146,1000.005819,0.000000,0.000000,0.000000,0.000000,0.000000,0.000000,0.000000
0.000000,0.000000,0.000000,0.000000,0.000000,0.000000,999.987227,999.986590,999.986385,999.986055,999.986052,999.985912,999.985786,999.985653,999.985505,999.985333,999.985122,999.984897,999.984656,999.984333,999.984024,999.983604,999.983195,999.982647,999.982162,999.981346,999.980679,999.980139,999.978641,999.978699,999.978032,999.975526,999.974557,999.973953,999.973750,999.974370,999.975038,999.976340,999.978545,999.981197,999.984116,999.987133,999.990034,999.992756,999.995310,999.997711,999.999631,1000.001025,1000.002142,1000.003078,1000.003840,1000.004449,1000.004930,1000.005322,1000.005620,1000.005859,1000.006039,1000.006171,1000.006265,1000.006333,1000.006364,1000.006382,1000.006365,1000.006341,1000.006303,1000.006249,1000.006192,1000.006118,1000.006049,1000.005973,1000.005890,1000.005802,1000.005726,1000.005646,1000.005571,1000.005485,1000.005411,1000.005341,1000.005277,1000.005224,1000.005160,1000.005119,1000.005079,1000.005048,1000.005012,1000.004981,1000.004977,1000.004965,1000.004958,1000.004951,1000.004977,1000.004978,1000.004983,1000.005033,1000.004965,1000.004994,1000.004846,0.000000,0.000000,0.000000,0.000000,0.000000,0.000000
0.000000,0.000000,0.000000,0.000000,0.000000,0.000000,999.985679,999.987390,999.986935,999.986757,999.986576,999.986425,999.986289,999.986123,999.985963,999.985753,999.985551,999.985302,999.985027,999.984686,999.984324,999.983875,999.983424,999.982817,999.982231,999.981377,999.980752,999.979760,999.978313,999.977926,999.975526,999.973446,999.973721,999.972887,999.971986,999.971477,999.971956,999.973665,999.976130,999.979671,999.983422,999.987268,999.991073,999.994307,999.996763,999.998887,1000.000820,1000.002370,1000.003523,1000.004406,1000.005080,1000.005605,1000.005997,1000.006302,1000.006516,1000.006687,1000.006793,1000.006865,1000.006898,1000.006910,1000.006891,1000.006861,1000.006803,1000.006740,1000.006656,1000.006567,1000.006469,1000.006369,1000.006260,1000.006149,1000.006044,1000.005928,1000.005816,1000.005708,1000.005613,1000.005513,1000.005417,1000.005332,1000.005254,1000.005177,1000.005110,1000.005051,1000.005001,1000.004947,1000.004906,1000.004877,1000.004855,1000.004828,1000.004816,1000.004811,1000.004811,1000.004810,1000.004823,1000.004825,1000.004804,1000.004699,1000.005400,0.000000,0.000000,0.000000,0.000000,0.000000,0.000000
0.000000,0.000000,0.000000,0.000000,0.000000,999.988943,999.988153,999.987809,999.987356,999.987288,999.987123,999.986963,999.986790,999.986622,999.986436,999.986229,999.985992,999.985724,999.985424,999.985060,999.984685,999.984214,999.983715,999.983059,999.982406,999.981537,999.980730,999.979398,999.978135,999.977197,999.974557,999.973721,999.972990,999.969356,999.967180,999.966667,999.966875,999.968834,999.972079,999.976210,999.981369,999.986584,999.991205,999.995502,999.998891,1000.001178,1000.002874,1000.004199,1000.005212,1000.005952,1000.006482,1000.006886,1000.007159,1000.007360,1000.007482,1000.007561,1000.007594,1000.007596,1000.007564,1000.007516,1000.007438,1000.007356,1000.007248,1000.007138,1000.007024,1000.006886,1000.006757,1000.006612,1000.006477,1000.006330,1000.006189,1000.006053,1000.005924,1000.005782,1000.005657,1000.005538,1000.005423,1000.005319,1000.005220,1000.005124,1000.005038,1000.004969,1000.004905,1000.004843,1000.004794,1000.004751,1000.004719,1000.004682,1000.004676,1000.004655,1000.004649,1000.004631,1000.004636,1000.004633,1000.004668,1000.004581,1000.004504,1000.004239,0.000000,0.000000,0.000000,0.000000,0.000000
0.000000,0.000000,0.000000,0.000000,0.000000,999.987310,999.988758,999.988233,999.988028,999.987836,999.987636,999.987485,999.987306,999.987120,999.986929,999.986700,999.986465,999.986192,999.985867,999.985520,999.985108,999.984612,999.984083,999.983394,999.982718,999.981767,999.980822,999.979455,999.978264,999.976719,999.973953,999.972887,999.969356,999.964900,999.963415,999.961743,999.962084,999.964578,999.968647,999.975069,999.981651,999.987618,999.992964,999.997256,1000.000833,1000.003463,1000.005190,1000.006355,1000.007142,1000.007687,1000.008045,1000.008270,1000.008410,1000.008478,1000.008501,1000.008478,1000.008423,1000.008352,1000.008251,1000.008137,1000.008007,1000.007867,1000.007717,1000.007550,1000.007390,1000.007218,1000.007044,1000.006863,1000.006687,1000.006513,1000.006341,1000.006162,1000.006010,1000.005853,1000.005690,1000.005552,1000.005424,1000.005293,1000.005173,1000.005069,1000.004973,1000.004877,1000.004802,1000.004730,1000.004684,1000.004618,1000.004569,1000.004538,1000.004521,1000.004490,1000.004475,1000.004473,1000.004466,1000.004441,1000.004426,1000.004428,1000.004301,1000.004917,0.000000,0.000000,0.000000,0.000000,0.000000
0.000000,0.000000,0.000000,0.000000,999.989695,999.989377,999.989050,999.988582,999.988521,999.988337,999.988173,999.988011,999.987821,999.987649,999.987446,999.987216,999.986967,999.986679,999.986372,999.986003,999.985568,999.985083,999.984529,999.983863,999.983116,999.982145,999.981152,999.979751,999.978404,999.976318,999.973750,999.971986,999.967180,999.963415,999.960008,999.955180,999.953425,999.954900,999.961305,999.970412,999.980133,999.989767,999.997025,1000.001566,1000.004618,1000.006677,1000.008029,1000.008848,1000.009319,1000.009587,1000.009721,1000.009756,1000.009725,1000.009654,1000.009554,1000.009428,1000.009283,1000.009125,1000.008960,1000.008774,1000.008588,1000.008392,1000.008191,1000.007973,1000.007766,1000.007547,1000.007336,1000.007115,1000.006905,1000.006692,1000.006491,1000.006285,1000.006090,1000.005908,1000.005730,1000.005562,1000.005405,1000.005258,1000.005121,1000.005002,1000.004892,1000.004776,1000.004694,1000.004610,1000.004536,1000.004478,1000.004430,1000.004389,1000.004354,1000.004310,1000.004308,1000.004302,1000.004273,1000.004278,1000.004263,1000.004307,1000.004168,1000.004152,1000.004103,0.000000,0.000000,0.000000,0.000000
0.000000,0.000000,0.000000,0.000000,999.987881,999.989195,999.989196,999.989187,999.989032,999.988863,999.988702,999.988530,999.988353,999.988186,999.987969,999.987748,999.987504,999.987230,999.986904,999.986541,999.986121,999.985637,999.985089,999.984409,999.983651,999.982686,999.981685,999.980228,999.978819,999.976526,999.974370,999.971477,999.966667,999.961743,999.955180,999.944488,999.937796,999.942313,999.951875,999.964119,999.979313,999.992184,1000.000691,1000.006498,1000.009332,1000.010706,1000.011380,1000.011657,1000.011710,1000.011633,1000.011485,1000.011298,1000.011089,1000.010866,1000.010634,1000.010398,1000.010163,1000.009921,1000.009673,1000.009431,1000.009176,1000.008920,1000.008671,1000.008404,1000.008146,1000.007882,1000.007626,1000.007369,1000.007108,1000.006863,1000.006625,1000.006393,1000.006164,1000.005954,1000.005755,1000.005560,1000.005379,1000.005214,1000.005064,1000.004918,1000.004796,1000.004676,1000.004572,1000.004481,1000.004397,1000.004324,1000.004271,1000.004215,1000.004174,1000.004152,1000.004118,1000.004103,1000.004091,1000.004099,1000.004086,1000.004100,1000.004125,1000.004219,1000.004870,0.000000,0.000000,0.000000,0.000000
