0.000000,0.000000,0.000000,0.000000,0.000000,0.000000,0.000000,0.000000,0.000000,0.000000,0.000000,0.000000,0.000000,0.000000,0.000000,0.000000,0.000000,0.000000,0.000000,0.000000,0.000000,0.000000,0.000000,0.000000,0.000000,0.000000,0.000000,0.000000,0.000000,0.000000,0.000000,0.000000,0.000000,0.000000,0.000000,0.000000,0.000000,0.000000,0.000000,0.000000,0.000000,0.000000,0.000000,0.000000,0.000000,0.000000,0.000000,0.000000,0.000000,0.000000,0.000000,0.000000,0.000000,0.000000,0.000000,0.000000,0.000000,0.000000,0.000000,0.000000,0.000000,0.000000,0.000000,0.000000,0.000000,0.000000,0.000000,0.000000,0.000000,0.000000,0.000000,0.000000,0.000000,0.000000,0.000000,0.000000,0.000000,0.000000,0.000000,0.000000,0.000000,0.000000,0.000000,0.000000,0.000000,0.000000,0.000000,0.000000,0.000000,0.000000,0.000000,0.000000,0.000000,0.000000,0.000000,0.000000,0.000000,0.000000,0.000000,0.000000,0.000000,0.000000,0.000000
0.000000,0.000000,0.000000,0.000000,0.000000,0.000000,0.000000,0.000000,0.000000,0.000000,0.000000,0.000000,0.000000,0.000000,0.000000,0.000000,0.000000,0.000000,0.000000,0.000000,0.000000,0.000000,0.000000,0.000000,0.000000,0.000000,0.000000,0.000000,0.000000,0.000000,0.000000,0.000000,0.000000,0.000000,0.000000,0.000000,0.000000,0.000000,0.000000,0.000000,0.000000,0.000000,0.000000,0.000000,0.000000,0.000000,0.000000,0.000000,0.000000,0.000000,0.000000,999.998084,0.000000,0.000000,0.000000,0.000000,0.000000,0.000000,0.000000,0.000000,0.000000,0.000000,0.000000,0.000000,0.000000,0.000000,0.000000,0.000000,0.000000,0.000000,0.000000,0.000000,0.000000,0.000000,0.000000,0.000000,0.000000,0.000000,0.000000,0.000000,0.000000,0.000000,0.000000,0.000000,0.000000,0.000000,0.000000,0.000000,0.000000,0.000000,0.000000,0.000000,0.000000,0.000000,0.000000,0.000000,0.000000,0.000000,0.000000,0.000000,0.000000,0.000000,0.000000
0.000000,0.000000,0.000000,0.000000,0.000000,0.000000,0.000000,0.000000,0.000000,0.000000,0.000000,0.000000,0.000000,0.000000,0.000000,0.000000,0.000000,0.000000,0.000000,0.000000,0.000000,0.000000,0.000000,0.000000,0.000000,0.000000,0.000000,0.000000,0.000000,0.000000,0.000000,0.000000,0.000000,0.000000,0.000000,0.000000,0.000000,0.000000,0.000000,0.000000,0.000000,0.000000,999.995983,999.993359,999.993383,999.993969,999.994596,999.995233,999.995968,999.997034,999.997908,999.998053,999.998196,999.999016,999.999972,1000.000523,1000.000992,1000.001395,1000.001765,1000.001730,999.999819,0.000000,0.000000,0.000000,0.000000,0.000000,0.000000,0.000000,0.000000,0.000000,0.000000,0.000000,0.000000,0.000000,0.000000,0.000000,0.000000,0.000000,0.000000,0.000000,0.000000,0.000000,0.000000,0.000000,0.000000,0.000000,0.000000,0.000000,0.000000,0.000000,0.000000,0.000000,0.000000,0.000000,0.000000,0.000000,0.000000,0.000000,0.000000,0.000000,0.000000,0.000000,0.000000
0.000000,0.000000,0.000000,0.000000,0.000000,0.000000,0.000000,0.000000,0.000000,0.000000,0.000000,0.000000,0.000000,0.000000,0.000000,0.000000,0.000000,0.000000,0.000000,0.000000,0.000000,0.000000,0.000000,0.000000,0.000000,0.000000,0.000000,0.000000,0.000000,0.000000,0.000000,0.000000,0.000000,0.000000,0.000000,0.000000,0.000000,999.991927,999.989423,999.989285,999.990515,999.992471,999.995164,999.994534,999.994102,999.994294,999.994800,999.995422,999.996063,999.996737,999.997737,999.997953,999.998176,999.999095,999.999672,1000.000175,1000.000649,1000.000998,1000.001111,1000.000793,1000.000356,1000.002157,1000.003352,1000.004016,1000.003790,1000.002279,0.000000,0.000000,0.000000,0.000000,0.000000,0.000000,0.000000,0.000000,0.000000,0.000000,0.000000,0.000000,0.000000,0.000000,0.000000,0.000000,0.000000,0.000000,0.000000,0.000000,0.000000,0.000000,0.000000,0.000000,0.000000,0.000000,0.000000,0.000000,0.000000,0.000000,0.000000,0.000000,0.000000,0.000000,0.000000,0.000000,0.000000
0.000000,0.000000,0.000000,0.000000,0.000000,0.000000,0.000000,0.000000,0.000000,0.000000,0.000000,0.000000,0.000000,0.000000,0.000000,0.000000,0.000000,0.000000,0.000000,0.000000,0.000000,0.000000,0.000000,0.000000,0.000000,0.000000,0.000000,0.000000,0.000000,0.000000,0.000000,0.000000,0.000000,0.000000,999.989555,999.987722,999.988761,999.991302,999.990866,999.990607,999.991053,999.992687,999.993659,999.993903,999.994168,999.994496,999.994943,999.995492,999.996129,999.996697,999.997312,999.997864,999.998373,999.998932,999.999422,999.999959,1000.000381,1000.000718,1000.000922,1000.001085,1000.001221,1000.001843,1000.002850,1000.003080,1000.002908,1000.002593,1000.003946,1000.004454,1000.003498,0.000000,0.000000,0.000000,0.000000,0.000000,0.000000,0.000000,0.000000,0.000000,0.000000,0.000000,0.000000,0.000000,0.000000,0.000000,0.000000,0.000000,0.000000,0.000000,0.000000,0.000000,0.000000,0.000000,0.000000,0.000000,0.000000,0.000000,0.000000,0.000000,0.000000,0.000000,0.000000,0.000000,0.000000
0.000000,0.000000,0.000000,0.000000,0.000000,0.000000,0.000000,0.000000,0.000000,0.000000,0.000000,0.000000,0.000000,0.000000,0.000000,0.000000,0.000000,0.000000,0.000000,0.000000,0.000000,0.000000,0.000000,0.000000,0.000000,0.000000,0.000000,0.000000,0.000000,0.000000,0.000000,0.000000,999.988784,999.987159,999.989255,999.989066,999.989786,999.990344,999.990571,999.991031,999.991587,999.992416,999.992988,999.993673,999.994129,999.994530,999.994996,999.995527,999.996103,999.996677,999.997205,999.997773,999.998308,999.998813,999.999300,999.999783,1000.000195,1000.000535,1000.000822,1000.001117,1000.001561,1000.001902,1000.002408,1000.002698,1000.002956,1000.003063,1000.003318,1000.003662,1000.003544,1000.004555,1000.003627,0.000000,0.000000,0.000000,0.000000,0.000000,0.000000,0.000000,0.000000,0.000000,0.000000,0.000000,0.000000,0.000000,0.000000,0.000000,0.000000,0.000000,0.000000,0.000000,0.000000,0.000000,0.000000,0.000000,0.000000,0.000000,0.000000,0.000000,0.000000,0.000000,0.000000,0.000000,0.000000
0.000000,0.000000,0.000000,0.000000,0.000000,0.000000,0.000000,0.000000,0.000000,0.000000,0.000000,0.000000,0.000000,0.000000,0.000000,0.000000,0.000000,0.000000,0.000000,0.000000,0.000000,0.000000,0.000000,0.000000,0.000000,0.000000,0.000000,0.000000,0.000000,0.000000,999.987072,999.985523,999.988000,999.988619,999.988914,999.989056,999.989598,999.989986,999.990601,999.991112,999.991658,999.992261,999.992866,999.993469,999.993967,999.994486,999.995003,999.995518,999.996061,999.996632,999.997173,999.997703,999.998235,999.998728,999.999219,999.999659,1000.000082,1000.000448,1000.000817,1000.001149,1000.001533,1000.001888,1000.002238,1000.002557,1000.002814,1000.003123,1000.003303,1000.003552,1000.003580,1000.003737,1000.004001,1000.005130,1000.004409,0.000000,0.000000,0.000000,0.000000,0.000000,0.000000,0.000000,0.000000,0.000000,0.000000,0.000000,0.000000,0.000000,0.000000,0.000000,0.000000,0.000000,0.000000,0.000000,0.000000,0.000000,0.000000,0.000000,0.000000,0.000000,0.000000,0.000000,0.000000,0.000000,0.000000
0.000000,0.000000,0.000000,0.000000,0.000000,0.000000,0.000000,0.000000,0.000000,0.000000,0.000000,0.000000,0.000000,0.000000,0.000000,0.000000,0.000000,0.000000,0.000000,0.000000,0.000000,0.000000,0.000000,0.000000,0.000000,0.000000,0.000000,0.000000,999.985420,999.983982,999.986439,999.987249,999.987669,999.988090,999.988435,999.989054,999.989527,999.989985,999.990530,999.991041,999.991607,999.992179,999.992778,999.993331,999.993897,999.994428,999.994966,999.995488,999.996040,999.996588,999.997115,999.997649,999.998165,999.998656,999.999137,999.999588,1000.000004,1000.000403,1000.000773,1000.001145,1000.001497,1000.001856,1000.002190,1000.002520,1000.002777,1000.003046,1000.003269,1000.003497,1000.003749,1000.003889,1000.004091,1000.004244,1000.004570,1000.005638,1000.004928,0.000000,0.000000,0.000000,0.000000,0.000000,0.000000,0.000000,0.000000,0.000000,0.000000,0.000000,0.000000,0.000000,0.000000,0.000000,0.000000,0.000000,0.000000,0.000000,0.000000,0.000000,0.000000,0.000000,0.000000,0.000000,0.000000,0.000000,0.000000
0.000000,0.000000,0.000000,0.000000,0.000000,0.000000,0.000000,0.000000,0.000000,0.000000,0.000000,0.000000,0.000000,0.000000,0.000000,0.000000,0.000000,0.000000,0.000000,0.000000,0.000000,0.000000,0.000000,0.000000,0.000000,0.000000,999.983854,999.982742,999.984939,999.985736,999.986223,999.986778,999.987204,999.987897,999.988387,999.988904,999.989376,999.989891,999.990414,999.990960,999.991535,999.992094,999.992669,999.993241,999.993814,999.994357,999.994903,999.995469,999.996010,999.996550,999.997087,999.997612,999.998121,999.998627,999.999098,999.999544,999.999971,1000.000378,1000.000756,1000.001119,1000.001487,1000.001835,1000.002154,1000.002446,1000.002741,1000.003006,1000.003263,1000.003474,1000.003711,1000.003902,1000.004209,1000.004374,1000.004590,1000.004789,1000.005103,1000.005967,1000.005460,0.000000,0.000000,0.000000,0.000000,0.000000,0.000000,0.000000,0.000000,0.000000,0.000000,0.000000,0.000000,0.000000,0.000000,0.000000,0.000000,0.000000,0.000000,0.000000,0.000000,0.000000,0.000000,0.000000,0.000000,0.000000,0.000000
0.000000,0.000000,0.000000,0.000000,0.000000,0.000000,0.000000,0.000000,0.000000,0.000000,0.000000,0.000000,0.000000,0.000000,0.000000,0.000000,0.000000,0.000000,0.000000,0.000000,0.000000,0.000000,0.000000,0.000000,999.982901,999.982013,999.983667,999.984388,999.984839,999.985425,999.985898,999.986617,999.987160,999.987702,999.988205,999.988742,999.989240,999.989785,999.990311,999.990870,999.991441,999.992007,999.992584,999.993156,999.993723,999.994302,999.994857,999.995430,999.995966,999.996520,999.997067,999.997586,999.998094,999.998577,999.999070,999.999513,999.999941,1000.000361,1000.000753,1000.001133,1000.001478,1000.001832,1000.002150,1000.002454,1000.002745,1000.003010,1000.003250,1000.003487,1000.003725,1000.003938,1000.004156,1000.004386,1000.004670,1000.004845,1000.005072,1000.005230,1000.005475,1000.006121,1000.005711,0.000000,0.000000,0.000000,0.000000,0.000000,0.000000,0.000000,0.000000,0.000000,0.000000,0.000000,0.000000,0.000000,0.000000,0.000000,0.000000,0.000000,0.000000,0.000000,0.000000,0.000000,0.000000,0.000000,0.000000
0.000000,0.000000,0.000000,0.000000,0.000000,0.000000,0.000000,0.000000,0.000000,0.000000,0.000000,0.000000,0.000000,0.000000,0.000000,0.000000,0.000000,0.000000,0.000000,0.000000,0.000000,0.000000,0.000000,999.983201,999.982869,999.983258,999.983737,999.984268,999.984662,999.985347,999.985894,999.986438,999.986958,999.987496,999.988048,999.988569,999.989100,999.989647,999.990205,999.990763,999.991326,999.991920,999.992489,999.993084,999.993672,999.994252,999.994827,999.995389,999.995951,999.996504,999.997058,999.997585,999.998095,999.998588,999.999064,999.999519,999.999956,1000.000364,1000.000765,1000.001137,1000.001493,1000.001809,1000.002152,1000.002448,1000.002752,1000.003014,1000.003263,1000.003504,1000.003743,1000.003969,1000.004184,1000.004410,1000.004615,1000.004814,1000.005082,1000.005232,1000.005414,1000.005567,1000.005680,1000.005510,0.000000,0.000000,0.000000,0.000000,0.000000,0.000000,0.000000,0.000000,0.000000,0.000000,0.000000,0.000000,0.000000,0.000000,0.000000,0.000000,0.000000,0.000000,0.000000,0.000000,0.000000,0.000000,0.000000
0.000000,0.000000,0.000000,0.000000,0.000000,0.000000,0.000000,0.000000,0.000000,0.000000,0.000000,0.000000,0.000000,0.000000,0.000000,0.000000,0.000000,0.000000,0.000000,0.000000,0.000000,999.981396,999.980855,999.982714,999.983142,999.983471,999.983710,999.984229,999.984727,999.985248,999.985764,999.986277,999.986816,999.987356,999.987874,999.988401,999.988953,999.989512,999.990074,999.990638,999.991225,999.991800,999.992413,999.993001,999.993604,999.994190,999.994774,999.995364,999.995938,999.996490,999.997033,999.997578,999.998094,999.998600,999.999065,999.999525,999.999980,1000.000388,1000.000785,1000.001165,1000.001531,1000.001868,1000.002196,1000.002477,1000.002754,1000.003030,1000.003290,1000.003529,1000.003753,1000.003962,1000.004199,1000.004409,1000.004612,1000.004802,1000.004998,1000.005182,1000.005366,1000.005439,1000.005543,1000.005676,1000.006383,1000.006118,0.000000,0.000000,0.000000,0.000000,0.000000,0.000000,0.000000,0.000000,0.000000,0.000000,0.000000,0.000000,0.000000,0.000000,0.000000,0.000000,0.000000,0.000000,0.000000,0.000000,0.000000
0.000000,0.000000,0.000000,0.000000,0.000000,0.000000,0.000000,0.000000,0.000000,0.000000,0.000000,0.000000,0.000000,0.000000,0.000000,0.000000,0.000000,0.000000,0.000000,0.000000,999.981731,999.981676,999.982060,999.982564,999.982952,999.983388,999.983775,999.984201,999.984683,999.985143,999.985639,999.986142,999.986664,999.987181,999.987699,999.988242,999.988800,999.989354,999.989916,999.990507,999.991108,999.991712,999.992319,999.992930,999.993533,999.994141,999.994747,999.995343,999.995943,999.996501,999.997058,999.997602,999.998131,999.998637,999.999120,999.999589,1000.000017,1000.000442,1000.000823,1000.001201,1000.001558,1000.001898,1000.002226,1000.002522,1000.002811,1000.003060,1000.003327,1000.003561,1000.003799,1000.004008,1000.004217,1000.004412,1000.004611,1000.004807,1000.004978,1000.005136,1000.005296,1000.005429,1000.005581,1000.005696,1000.005866,1000.005999,1000.005933,0.000000,0.000000,0.000000,0.000000,0.000000,0.000000,0.000000,0.000000,0.000000,0.000000,0.000000,0.000000,0.000000,0.000000,0.000000,0.000000,0.000000,0.000000,0.000000,0.000000
0.000000,0.000000,0.000000,0.000000,0.000000,0.000000,0.000000,0.000000,0.000000,0.000000,0.000000,0.000000,0.000000,0.000000,0.000000,0.000000,0.000000,0.000000,0.000000,999.981424,999.981720,999.981913,999.982290,999.982510,999.982967,999.983362,999.983759,999.984162,999.984607,999.985032,999.985507,999.985988,999.986482,999.986992,999.987518,999.988061,999.988621,999.989167,999.989767,999.990368,999.990978,999.991591,999.992216,999.992842,999.993476,999.994102,999.994725,999.995323,999.995924,999.996519,999.997087,999.997636,999.998157,999.998676,999.999168,999.999641,1000.000074,1000.000509,1000.000913,1000.001290,1000.001645,1000.001961,1000.002277,1000.002579,1000.002862,1000.003127,1000.003361,1000.003590,1000.003823,1000.004043,1000.004238,1000.004421,1000.004617,1000.004792,1000.004959,1000.005114,1000.005256,1000.005394,1000.005537,1000.005689,1000.005749,1000.005872,1000.005923,1000.005999,0.000000,0.000000,0.000000,0.000000,0.000000,0.000000,0.000000,0.000000,0.000000,0.000000,0.000000,0.000000,0.000000,0.000000,0.000000,0.000000,0.000000,0.000000,0.000000
0.000000,0.000000,0.000000,0.000000,0.000000,0.000000,0.000000,0.000000,0.000000,0.000000,0.000000,0.000000,0.000000,0.000000,0.000000,0.000000,0.000000,0.000000,999.981093,999.981470,999.981783,999.982060,999.982356,999.982646,999.983005,999.983351,999.983718,999.984107,999.984488,999.984914,999.985373,999.985821,999.986298,999.986803,999.987327,999.987866,999.988414,999.989003,999.989608,999.990211,999.990839,999.991468,999.992123,999.992770,999.993417,999.994075,999.994709,999.995339,999.995944,999.996564,999.997136,999.997706,999.998242,999.998766,999.999250,999.999712,1000.000164,1000.000573,1000.000975,1000.001361,1000.001716,1000.002053,1000.002367,1000.002660,1000.002919,1000.003201,1000.003441,1000.003660,1000.003871,1000.004076,1000.004264,1000.004462,1000.004625,1000.004791,1000.004942,1000.005105,1000.005240,1000.005354,1000.005484,1000.005624,1000.005709,1000.005802,1000.005884,1000.005984,1000.006105,0.000000,0.000000,0.000000,0.000000,0.000000,0.000000,0.000000,0.000000,0.000000,0.000000,0.000000,0.000000,0.000000,0.000000,0.000000,0.000000,0.000000,0.000000
0.000000,0.000000,0.000000,0.000000,0.000000,0.000000,0.000000,0.000000,0.000000,0.000000,0.000000,0.000000,0.000000,0.000000,0.000000,0.000000,0.000000,999.980846,999.981270,999.981566,999.981838,999.982107,999.982386,999.982673,999.982985,999.983285,999.983648,999.983996,999.984372,999.984774,999.985195,999.985623,999.986101,999.986597,999.987109,999.987642,999.988209,999.988808,999.989409,999.990032,999.990686,999.991347,999.992013,999.992691,999.993359,999.994021,999.994700,999.995332,999.995985,999.996594,999.997188,999.997765,999.998325,999.998862,999.999348,999.999844,1000.000291,1000.000727,1000.001109,1000.001472,1000.001821,1000.002144,1000.002458,1000.002743,1000.003005,1000.003250,1000.003507,1000.003719,1000.003928,1000.004124,1000.004308,1000.004488,1000.004653,1000.004797,1000.004952,1000.005088,1000.005224,1000.005345,1000.005446,1000.005562,1000.005674,1000.005760,1000.005863,1000.005945,1000.006055,1000.006168,0.000000,0.000000,0.000000,0.000000,0.000000,0.000000,0.000000,0.000000,0.000000,0.000000,0.000000,0.000000,0.000000,0.000000,0.000000,0.000000,0.000000
0.000000,0.000000,0.000000,0.000000,0.000000,0.000000,0.000000,0.000000,0.000000,0.000000,0.000000,0.000000,0.000000,0.000000,0.000000,0.000000,999.980818,999.981097,999.981388,999.981639,999.981926,999.982190,999.982451,999.982719,999.982987,999.983277,999.983582,999.983899,999.984244,999.984610,999.984997,999.985415,999.985876,999.986346,999.986851,999.987397,999.987977,999.988574,999.989193,999.989852,999.990523,999.991207,999.991908,999.992607,999.993323,999.994015,999.994696,999.995384,999.996041,999.996680,999.997293,999.997891,999.998440,999.998971,999.999475,999.999946,1000.000389,1000.000827,1000.001230,1000.001608,1000.001956,1000.002285,1000.002571,1000.002868,1000.003130,1000.003365,1000.003584,1000.003803,1000.004001,1000.004185,1000.004364,1000.004517,1000.004680,1000.004826,1000.004959,1000.005074,1000.005212,1000.005336,1000.005437,1000.005520,1000.005627,1000.005712,1000.005816,1000.005901,1000.005995,1000.006099,1000.006210,0.000000,0.000000,0.000000,0.000000,0.000000,0.000000,0.000000,0.000000,0.000000,0.000000,0.000000,0.000000,0.000000,0.000000,0.000000,0.000000
0.000000,0.000000,0.000000,0.000000,0.000000,0.000000,0.000000,0.000000,0.000000,0.000000,0.000000,0.000000,0.000000,0.000000,0.000000,999.980846,999.981097,999.981362,999.981603,999.981829,999.982072,999.982263,999.982478,999.982698,999.982937,999.983186,999.983452,999.983746,999.984057,999.984408,999.984771,999.985174,999.985612,999.986075,999.986580,999.987138,999.987710,999.988324,999.988966,999.989649,999.990345,999.991058,999.991792,999.992524,999.993255,999.993988,999.994707,999.995417,999.996094,999.996752,999.997391,999.998009,999.998574,999.999131,999.999669,1000.000149,1000.000590,1000.001007,1000.001385,1000.001753,1000.002101,1000.002420,1000.002709,1000.002980,1000.003238,1000.003472,1000.003688,1000.003896,1000.004078,1000.004258,1000.004420,1000.004575,1000.004710,1000.004853,1000.004984,1000.005089,1000.005192,1000.005317,1000.005409,1000.005505,1000.005597,1000.005676,1000.005766,1000.005848,1000.005933,1000.006024,1000.006110,1000.006200,0.000000,0.000000,0.000000,0.000000,0.000000,0.000000,0.000000,0.000000,0.000000,0.000000,0.000000,0.000000,0.000000,0.000000,0.000000
0.000000,0.000000,0.000000,0.000000,0.000000,0.000000,0.000000,0.000000,0.000000,0.000000,0.000000,0.000000,0.000000,0.000000,999.981093,999.981270,999.981388,999.981603,999.981760,999.981916,999.982111,999.982280,999.982502,999.982703,999.982913,999.983123,999.983366,999.983607,999.983896,999.984190,999.984522,999.984901,999.985318,999.985765,999.986270,999.986814,999.987388,999.988029,999.988702,999.989412,999.990130,999.990905,999.991665,999.992450,999.993217,999.993999,999.994759,999.995501,999.996207,999.996899,999.997546,999.998162,999.998745,999.999278,999.999797,1000.000299,1000.000761,1000.001191,1000.001592,1000.001943,1000.002279,1000.002592,1000.002869,1000.003136,1000.003368,1000.003601,1000.003803,1000.004003,1000.004169,1000.004337,1000.004483,1000.004632,1000.004760,1000.004878,1000.005004,1000.005113,1000.005207,1000.005289,1000.005395,1000.005478,1000.005557,1000.005634,1000.005726,1000.005789,1000.005869,1000.005955,1000.006024,1000.006097,1000.006163,0.000000,0.000000,0.000000,0.000000,0.000000,0.000000,0.000000,0.000000,0.000000,0.000000,0.000000,0.000000,0.000000,0.000000
0.000000,0.000000,0.000000,0.000000,0.000000,0.000000,0.000000,0.000000,0.000000,0.000000,0.000000,0.000000,0.000000,999.981424,999.981470,999.981566,999.981639,999.981829,999.981916,999.982092,999.982300,999.982405,999.982577,999.982689,999.982830,999.982997,999.983187,999.983407,999.983637,999.983906,999.984214,999.984575,999.984965,999.985410,999.985912,999.986458,999.987058,999.987718,999.988415,999.989149,999.989921,999.990725,999.991531,999.992358,999.993183,999.994001,999.994785,999.995556,999.996306,999.997030,999.997711,999.998362,999.998992,999.999564,1000.000070,1000.000549,1000.000986,1000.001401,1000.001794,1000.002152,1000.002469,1000.002767,1000.003055,1000.003306,1000.003537,1000.003745,1000.003938,1000.004118,1000.004282,1000.004428,1000.004573,1000.004698,1000.004826,1000.004919,1000.005029,1000.005125,1000.005225,1000.005296,1000.005378,1000.005461,1000.005533,1000.005586,1000.005678,1000.005747,1000.005798,1000.005872,1000.005935,1000.005997,1000.006049,1000.006091,0.000000,0.000000,0.000000,0.000000,0.000000,0.000000,0.000000,0.000000,0.000000,0.000000,0.000000,0.000000,0.000000
0.000000,0.000000,0.000000,0.000000,0.000000,0.000000,0.000000,0.000000,0.000000,0.000000,0.000000,0.000000,999.981731,999.981720,999.981783,999.981838,999.981926,999.982072,999.982111,999.982300,999.982337,999.982361,999.982517,999.982597,999.982759,999.982911,999.983067,999.983217,999.983411,999.983643,999.983917,999.984224,999.984584,999.985004,999.985495,999.986040,999.986656,999.987334,999.988056,999.988844,999.989670,999.990520,999.991405,999.992285,999.993165,999.994037,999.994888,999.995706,999.996493,999.997236,999.997920,999.998551,999.999166,999.999746,1000.000293,1000.000806,1000.001256,1000.001660,1000.002042,1000.002391,1000.002707,1000.002989,1000.003250,1000.003492,1000.003704,1000.003910,1000.004076,1000.004241,1000.004402,1000.004534,1000.004658,1000.004762,1000.004882,1000.004979,1000.005065,1000.005141,1000.005237,1000.005301,1000.005368,1000.005429,1000.005505,1000.005558,1000.005613,1000.005681,1000.005750,1000.005800,1000.005861,1000.005912,1000.005959,1000.005999,1000.006029,0.000000,0.000000,0.000000,0.000000,0.000000,0.000000,0.000000,0.000000,0.000000,0.000000,0.000000,0.000000
0.000000,0.000000,0.000000,0.000000,0.000000,0.000000,0.000000,0.000000,0.000000,0.000000,0.000000,999.981396,999.981676,999.981913,999.982060,999.982107,999.982190,999.982263,999.982280,999.982405,999.982361,999.982503,999.982664,999.982654,999.982742,999.982772,999.982818,999.982934,999.983088,999.983271,999.983487,999.983774,999.984105,999.984524,999.985004,999.985560,999.986204,999.986909,999.987675,999.988518,999.989387,999.990315,999.991243,999.992195,999.993138,999.994059,999.994964,999.995841,999.996653,999.997449,999.998219,999.998907,999.999534,1000.000083,1000.000606,1000.001080,1000.001542,1000.001943,1000.002314,1000.002645,1000.002959,1000.003238,1000.003476,1000.003695,1000.003903,1000.004084,1000.004255,1000.004392,1000.004531,1000.004651,1000.004769,1000.004858,1000.004945,1000.005034,1000.005113,1000.005173,1000.005238,1000.005308,1000.005356,1000.005419,1000.005475,1000.005529,1000.005581,1000.005622,1000.005669,1000.005729,1000.005777,1000.005829,1000.005873,1000.005948,1000.006041,1000.006127,0.000000,0.000000,0.000000,0.000000,0.000000,0.000000,0.000000,0.000000,0.000000,0.000000,0.000000
0.000000,0.000000,0.000000,0.000000,0.000000,0.000000,0.000000,0.000000,0.000000,0.000000,0.000000,999.980855,999.982060,999.982290,999.982356,999.982386,999.982451,999.982478,999.982502,999.982577,999.982517,999.982664,999.982571,999.982423,999.982536,999.982525,999.982627,999.982739,999.982811,999.982920,999.983089,999.983324,999.983615,999.984003,999.984455,999.985016,999.985653,999.986386,999.987211,999.988120,999.989073,999.990077,999.991101,999.992139,999.993175,999.994174,999.995135,999.996069,999.996913,999.997688,999.998436,999.999143,999.999807,1000.000432,1000.000970,1000.001438,1000.001882,1000.002281,1000.002637,1000.002948,1000.003238,1000.003492,1000.003724,1000.003931,1000.004119,1000.004276,1000.004426,1000.004560,1000.004667,1000.004765,1000.004862,1000.004953,1000.005027,1000.005088,1000.005150,1000.005210,1000.005259,1000.005316,1000.005363,1000.005397,1000.005438,1000.005484,1000.005521,1000.005572,1000.005610,1000.005651,1000.005693,1000.005749,1000.005785,1000.005831,1000.005936,1000.006289,0.000000,0.000000,0.000000,0.000000,0.000000,0.000000,0.000000,0.000000,0.000000,0.000000,0.000000
0.000000,0.000000,0.000000,0.000000,0.000000,0.000000,0.000000,0.000000,0.000000,0.000000,999.983201,999.982714,999.982564,999.982510,999.982646,999.982673,999.982719,999.982698,999.982703,999.982689,999.982597,999.982654,999.982423,999.982511,999.982682,999.982509,999.982502,999.982401,999.982349,999.982419,999.982546,999.982721,999.982980,999.983330,999.983786,999.984349,999.985029,999.985821,999.986701,999.987680,999.988706,999.989801,999.990916,999.992046,999.993154,999.994244,999.995268,999.996283,999.997257,999.998138,999.998913,999.999596,1000.000216,1000.000788,1000.001337,1000.001809,1000.002252,1000.002625,1000.002973,1000.003283,1000.003547,1000.003787,1000.003999,1000.004189,1000.004349,1000.004490,1000.004618,1000.004731,1000.004834,1000.004914,1000.004982,1000.005051,1000.005111,1000.005163,1000.005205,1000.005258,1000.005275,1000.005315,1000.005353,1000.005383,1000.005413,1000.005448,1000.005476,1000.005514,1000.005553,1000.005573,1000.005607,1000.005654,1000.005708,1000.005761,1000.005791,1000.005794,1000.005696,0.000000,0.000000,0.000000,0.000000,0.000000,0.000000,0.000000,0.000000,0.000000,0.000000
0.000000,0.000000,0.000000,0.000000,0.000000,0.000000,0.000000,0.000000,0.000000,999.982901,999.982869,999.983142,999.982952,999.982967,999.983005,999.982985,999.982987,999.982937,999.982913,999.982830,999.982759,999.982742,999.982536,999.982682,999.982412,999.981988,999.982049,999.981951,999.981979,999.982051,999.982069,999.982143,999.982331,999.982628,999.983047,999.983596,999.984274,999.985101,999.986069,999.987134,999.988309,999.989532,999.990796,999.992042,999.993277,999.994484,999.995574,999.996568,999.997510,999.998402,999.999248,1000.000034,1000.000714,1000.001287,1000.001805,1000.002277,1000.002684,1000.003041,1000.003358,1000.003637,1000.003893,1000.004109,1000.004298,1000.004455,1000.004601,1000.004721,1000.004825,1000.004904,1000.004990,1000.005065,1000.005116,1000.005155,1000.005197,1000.005241,1000.005255,1000.005291,1000.005322,1000.005324,1000.005348,1000.005369,1000.005385,1000.005412,1000.005423,1000.005443,1000.005473,1000.005508,1000.005524,1000.005566,1000.005599,1000.005637,1000.005679,1000.005676,1000.005791,1000.005804,0.000000,0.000000,0.000000,0.000000,0.000000,0.000000,0.000000,0.000000,0.000000
0.000000,0.000000,0.000000,0.000000,0.000000,0.000000,0.000000,0.000000,0.000000,999.982013,999.983258,999.983471,999.983388,999.983362,999.983351,999.983285,999.983277,999.983186,999.983123,999.982997,999.982911,999.982772,999.982525,999.982509,999.981988,999.981974,999.982229,999.981851,999.981677,999.981468,999.981255,999.981299,999.981444,999.981695,999.982080,999.982639,999.983404,999.984304,999.985351,999.986531,999.987811,999.989165,999.990567,999.991946,999.993284,999.994630,999.995920,999.997090,999.998122,999.999020,999.999786,1000.000507,1000.001184,1000.001777,1000.002293,1000.002743,1000.003141,1000.003483,1000.003788,1000.004040,1000.004260,1000.004454,1000.004614,1000.004753,1000.004869,1000.004974,1000.005051,1000.005123,1000.005161,1000.005213,1000.005247,1000.005276,1000.005282,1000.005311,1000.005320,1000.005316,1000.005329,1000.005354,1000.005343,1000.005352,1000.005352,1000.005370,1000.005384,1000.005386,1000.005387,1000.005427,1000.005443,1000.005455,1000.005499,1000.005530,1000.005560,1000.005578,1000.005679,1000.006103,0.000000,0.000000,0.000000,0.000000,0.000000,0.000000,0.000000,0.000000,0.000000
0.000000,0.000000,0.000000,0.000000,0.000000,0.000000,0.000000,0.000000,999.983854,999.983667,999.983737,999.983710,999.983775,999.983759,999.983718,999.983648,999.983582,999.983452,999.983366,999.983187,999.983067,999.982818,999.982627,999.982502,999.982049,999.982229,999.981778,999.980892,999.980854,999.980654,999.980588,999.980666,999.980664,999.980763,999.981096,999.981642,999.982330,999.983273,999.984456,999.985811,999.987326,999.988880,999.990498,999.992108,999.993567,999.994918,999.996188,999.997386,999.998512,999.999572,1000.000465,1000.001189,1000.001829,1000.002390,1000.002891,1000.003299,1000.003667,1000.003979,1000.004253,1000.004479,1000.004670,1000.004828,1000.004961,1000.005071,1000.005163,1000.005225,1000.005283,1000.005336,1000.005359,1000.005372,1000.005388,1000.005400,1000.005392,1000.005391,1000.005384,1000.005380,1000.005358,1000.005350,1000.005343,1000.005339,1000.005317,1000.005312,1000.005320,1000.005333,1000.005326,1000.005331,1000.005352,1000.005357,1000.005377,1000.005417,1000.005444,1000.005511,1000.005546,1000.005619,1000.005620,0.000000,0.000000,0.000000,0.000000,0.000000,0.000000,0.000000,0.000000
0.000000,0.000000,0.000000,0.000000,0.000000,0.000000,0.000000,0.000000,999.982742,999.984388,999.984268,999.984229,999.984201,999.984162,999.984107,999.983996,999.983899,999.983746,999.983607,999.983407,999.983217,999.982934,999.982739,999.982401,999.981951,999.981851,999.980892,999.980654,999.981056,999.980470,999.980052,999.979686,999.979323,999.979390,999.979688,999.980173,999.981017,999.982107,999.983434,999.984942,999.986623,999.988377,999.990174,999.992045,999.993865,999.995510,999.996983,999.998232,999.999250,1000.000193,1000.001084,1000.001848,1000.002490,1000.003040,1000.003507,1000.003906,1000.004233,1000.004518,1000.004746,1000.004937,1000.005093,1000.005231,1000.005327,1000.005409,1000.005469,1000.005512,1000.005529,1000.005550,1000.005554,1000.005545,1000.005533,1000.005524,1000.005496,1000.005465,1000.005445,1000.005420,1000.005389,1000.005356,1000.005331,1000.005326,1000.005300,1000.005272,1000.005250,1000.005249,1000.005249,1000.005243,1000.005242,1000.005256,1000.005271,1000.005293,1000.005314,1000.005363,1000.005404,1000.005405,1000.005957,0.000000,0.000000,0.000000,0.000000,0.000000,0.000000,0.000000,0.000000
0.000000,0.000000,0.000000,0.000000,0.000000,0.000000,0.000000,999.985420,999.984939,999.984839,999.984662,999.984727,999.984683,999.984607,999.984488,999.984372,999.984244,999.984057,999.983896,999.983637,999.983411,999.983088,999.982811,999.982349,999.981979,999.981677,999.980854,999.981056,999.980455,999.978869,999.978553,999.978240,999.978064,999.978202,999.978350,999.978780,999.979476,999.980595,999.982135,999.983914,999.986035,999.988227,999.990249,999.992204,999.994050,999.995775,999.997399,999.998921,1000.000180,1000.001152,1000.001977,1000.002689,1000.003298,1000.003797,1000.004217,1000.004570,1000.004866,1000.005103,1000.005295,1000.005450,1000.005570,1000.005658,1000.005729,1000.005761,1000.005789,1000.005811,1000.005800,1000.005776,1000.005759,1000.005731,1000.005682,1000.005645,1000.005606,1000.005556,1000.005501,1000.005459,1000.005419,1000.005372,1000.005317,1000.005289,1000.005265,1000.005229,1000.005199,1000.005170,1000.005162,1000.005150,1000.005145,1000.005147,1000.005141,1000.005157,1000.005178,1000.005201,1000.005281,1000.005274,1000.005303,1000.005167,0.000000,0.000000,0.000000,0.000000,0.000000,0.000000,0.000000
0.000000,0.000000,0.000000,0.000000,0.000000,0.000000,0.000000,999.983982,999.985736,999.985425,999.985347,999.985248,999.985143,999.985032,999.984914,999.984774,999.984610,999.984408,999.984190,999.983906,999.983643,999.983271,999.982920,999.982419,999.982051,999.981468,999.980654,999.980470,999.978869,999.978067,999.978622,999.977863,999.977137,999.976666,999.976266,999.976473,999.977463,999.978809,999.980546,999.982663,999.984962,999.987593,999.990286,999.992788,999.995054,999.996943,999.998431,999.999758,1000.001021,1000.002071,1000.002915,1000.003607,1000.004168,1000.004630,1000.005001,1000.005307,1000.005539,1000.005724,1000.005870,1000.005983,1000.006057,1000.006106,1000.006134,1000.006148,1000.006121,1000.006104,1000.006070,1000.006025,1000.005967,1000.005913,1000.005846,1000.005773,1000.005708,1000.005644,1000.005570,1000.005500,1000.005428,1000.005379,1000.005323,1000.005244,1000.005206,1000.005173,1000.005135,1000.005090,1000.005070,1000.005050,1000.005030,1000.005014,1000.005019,1000.005029,1000.005044,1000.005046,1000.005046,1000.005077,1000.005048,1000.005700,0.000000,0.000000,0.000000,0.000000,0.000000,0.000000,0.000000
0.000000,0.000000,0.000000,0.000000,0.000000,0.000000,999.987072,999.986439,999.986223,999.985898,999.985894,999.985764,999.985639,999.985507,999.985373,999.985195,999.984997,999.984771,999.984522,999.984214,999.983917,999.983487,999.983089,999.982546,999.982069,999.981255,999.980588,999.980052,999.978553,999.978622,999.977979,999.975475,999.974484,999.973886,999.973679,999.974313,999.974989,999.976298,999.978515,999.981181,999.984116,999.987157,999.990074,999.992832,999.995405,999.997835,999.999775,1000.001192,1000.002322,1000.003277,1000.004048,1000.004664,1000.005157,1000.005545,1000.005854,1000.006089,1000.006268,1000.006398,1000.006489,1000.006557,1000.006572,1000.006584,1000.006561,1000.006543,1000.006485,1000.006423,1000.006346,1000.006279,1000.006187,1000.006099,1000.006006,1000.005911,1000.005810,1000.005723,1000.005635,1000.005540,1000.005459,1000.005369,1000.005311,1000.005229,1000.005162,1000.005105,1000.005056,1000.005004,1000.004969,1000.004943,1000.004915,1000.004901,1000.004884,1000.004881,1000.004878,1000.004879,1000.004898,1000.004935,1000.004867,1000.004880,1000.004743,0.000000,0.000000,0.000000,0.000000,0.000000,0.000000
0.000000,0.000000,0.000000,0.000000,0.000000,0.000000,999.985523,999.987249,999.986778,999.986617,999.986438,999.986277,999.986142,999.985988,999.985821,999.985623,999.985415,999.985174,999.984901,999.984575,999.984224,999.983774,999.983324,999.982721,999.982143,999.981299,999.980666,999.979686,999.978240,999.977863,999.975475,999.973356,999.973632,999.972811,999.971932,999.971419,999.971911,999.973629,999.976106,999.979662,999.983437,999.987295,999.991131,999.994386,999.996867,999.999015,1000.000982,1000.002556,1000.003733,1000.004622,1000.005312,1000.005842,1000.006245,1000.006552,1000.006769,1000.006932,1000.007043,1000.007116,1000.007145,1000.007144,1000.007129,1000.007082,1000.007014,1000.006939,1000.006851,1000.006755,1000.006644,1000.006527,1000.006410,1000.006281,1000.006167,1000.006044,1000.005920,1000.005795,1000.005687,1000.005576,1000.005470,1000.005365,1000.005277,1000.005186,1000.005114,1000.005041,1000.004972,1000.004925,1000.004865,1000.004817,1000.004783,1000.004763,1000.004756,1000.004718,1000.004715,1000.004724,1000.004715,1000.004718,1000.004691,1000.004594,1000.005286,0.000000,0.000000,0.000000,0.000000,0.000000,0.000000
0.000000,0.000000,0.000000,0.000000,0.000000,999.988784,999.988000,999.987669,999.987204,999.987160,999.986958,999.986816,999.986664,999.986482,999.986298,999.986101,999.985876,999.985612,999.985318,999.984965,999.984584,999.984105,999.983615,999.982980,999.982331,999.981444,999.980664,999.979323,999.978064,999.977137,999.974484,999.973632,999.972935,999.969331,999.967130,999.966611,999.966817,999.968775,999.972026,999.976169,999.981345,999.986592,999.991252,999.995586,999.999015,1000.001335,1000.003057,1000.004404,1000.005439,1000.006190,1000.006745,1000.007148,1000.007425,1000.007629,1000.007757,1000.007829,1000.007863,1000.007858,1000.007823,1000.007763,1000.007682,1000.007597,1000.007480,1000.007354,1000.007224,1000.007085,1000.006938,1000.006785,1000.006634,1000.006482,1000.006320,1000.006175,1000.006028,1000.005879,1000.005734,1000.005607,1000.005482,1000.005355,1000.005250,1000.005137,1000.005045,1000.004959,1000.004872,1000.004818,1000.004756,1000.004703,1000.004659,1000.004624,1000.004586,1000.004573,1000.004557,1000.004540,1000.004527,1000.004513,1000.004557,1000.004464,1000.004396,1000.004104,0.000000,0.000000,0.000000,0.000000,0.000000
0.000000,0.000000,0.000000,0.000000,0.000000,999.987159,999.988619,999.988090,999.987897,999.987702,999.987496,999.987356,999.987181,999.986992,999.986803,999.986597,999.986346,999.986075,999.985765,999.985410,999.985004,999.984524,999.984003,999.983330,999.982628,999.981695,999.980763,999.979390,999.978202,999.976666,999.973886,999.972811,999.969331,999.964837,999.963308,999.961626,999.961973,999.964469,999.968551,999.974999,999.981612,999.987612,999.992992,999.997324,1000.000958,1000.003636,1000.005398,1000.006585,1000.007399,1000.007958,1000.008325,1000.008562,1000.008705,1000.008771,1000.008800,1000.008767,1000.008718,1000.008631,1000.008529,1000.008409,1000.008269,1000.008114,1000.007964,1000.007788,1000.007607,1000.007426,1000.007240,1000.007047,1000.006857,1000.006672,1000.006486,1000.006291,1000.006118,1000.005948,1000.005788,1000.005614,1000.005480,1000.005338,1000.005214,1000.005091,1000.004974,1000.004884,1000.004784,1000.004698,1000.004627,1000.004568,1000.004523,1000.004465,1000.004435,1000.004412,1000.004389,1000.004371,1000.004355,1000.004344,1000.004315,1000.004300,1000.004168,1000.004809,0.000000,0.000000,0.000000,0.000000,0.000000
0.000000,0.000000,0.000000,0.000000,999.989555,999.989255,999.988914,999.988435,999.988387,999.988205,999.988048,999.987874,999.987699,999.987518,999.987327,999.987109,999.986851,999.986580,999.986270,999.985912,999.985495,999.985004,999.984455,999.983786,999.983047,999.982080,999.981096,999.979688,999.978350,999.976266,999.973679,999.971932,999.967130,999.963308,999.959875,999.955086,999.953362,999.954843,999.961265,999.970392,999.980117,999.989763,999.997060,1000.001652,1000.004760,1000.006869,1000.008264,1000.009111,1000.009614,1000.009884,1000.010029,1000.010068,1000.010048,1000.009975,1000.009869,1000.009742,1000.009593,1000.009429,1000.009255,1000.009066,1000.008870,1000.008657,1000.008441,1000.008229,1000.007996,1000.007770,1000.007543,1000.007311,1000.007078,1000.006854,1000.006639,1000.006426,1000.006215,1000.006011,1000.005828,1000.005638,1000.005463,1000.005305,1000.005156,1000.005014,1000.004884,1000.004783,1000.004678,1000.004580,1000.004497,1000.004429,1000.004363,1000.004321,1000.004269,1000.004238,1000.004204,1000.004179,1000.004171,1000.004167,1000.004149,1000.004180,1000.004055,1000.004024,1000.003957,0.000000,0.000000,0.000000,0.000000
0.000000,0.000000,0.000000,0.000000,999.987722,999.989066,999.989056,999.989054,999.988904,999.988742,999.988569,999.988401,999.988242,999.988061,999.987866,999.987642,999.987397,999.987138,999.986814,999.986458,999.986040,999.985560,999.985016,999.984349,999.983596,999.982639,999.981642,999.980173,999.978780,999.976473,999.974313,999.971419,999.966611,999.961626,999.955086,999.944447,999.937745,999.942227,999.951785,999.963997,999.979180,999.992066,1000.000657,1000.006580,1000.009508,1000.010940,1000.011661,1000.011966,1000.012037,1000.011971,1000.011833,1000.011644,1000.011434,1000.011209,1000.010973,1000.010735,1000.010491,1000.010244,1000.009981,1000.009734,1000.009469,1000.009207,1000.008933,1000.008662,1000.008393,1000.008113,1000.007845,1000.007573,1000.007303,1000.007036,1000.006777,1000.006532,1000.006298,1000.006064,1000.005846,1000.005646,1000.005452,1000.005268,1000.005096,1000.004955,1000.004798,1000.004670,1000.004553,1000.004449,1000.004363,1000.004276,1000.004198,1000.004140,1000.004104,1000.004053,1000.004029,1000.004004,1000.003980,1000.003972,1000.003962,1000.003971,1000.004006,1000.004088,1000.004724,0.000000,0.000000,0.000000,0.000000
