0.000000,0.000000,0.000000,0.000000,0.000000,0.000000,0.000000,0.000000,0.000000,0.000000,0.000000,0.000000,0.000000,0.000000,0.000000,0.000000,0.000000,0.000000,0.000000,0.000000,0.000000,0.000000,0.000000,0.000000,0.000000,0.000000,0.000000,0.000000,0.000000,0.000000,0.000000,0.000000,0.000000,0.000000,0.000000,0.000000,0.000000,0.000000,0.000000,0.000000,0.000000,0.000000,0.000000,0.000000,0.000000,0.000000,0.000000,0.000000,0.000000,0.000000,0.000000,0.000000,0.000000,0.000000,0.000000,0.000000,0.000000,0.000000,0.000000,0.000000,0.000000,0.000000,0.000000,0.000000,0.000000,0.000000,0.000000,0.000000,0.000000,0.000000,0.000000,0.000000,0.000000,0.000000,0.000000,0.000000,0.000000,0.000000,0.000000,0.000000,0.000000,0.000000,0.000000,0.000000,0.000000,0.000000,0.000000,0.000000,0.000000,0.000000,0.000000,0.000000,0.000000,0.000000,0.000000,0.000000,0.000000,0.000000,0.000000,0.000000,0.000000,0.000000,0.000000
0.000000,0.000000,0.000000,0.000000,0.000000,0.000000,0.000000,0.000000,0.000000,0.000000,0.000000,0.000000,0.000000,0.000000,0.000000,0.000000,0.000000,0.000000,0.000000,0.000000,0.000000,0.000000,0.000000,0.000000,0.000000,0.000000,0.000000,0.000000,0.000000,0.000000,0.000000,0.000000,0.000000,0.000000,0.000000,0.000000,0.000000,0.000000,0.000000,0.000000,0.000000,0.000000,0.000000,0.000000,0.000000,0.000000,0.000000,0.000000,0.000000,0.000000,0.000000,999.998377,0.000000,0.000000,0.000000,0.000000,0.000000,0.000000,0.000000,0.000000,0.000000,0.000000,0.000000,0.000000,0.000000,0.000000,0.000000,0.000000,0.000000,0.000000,0.000000,0.000000,0.000000,0.000000,0.000000,0.000000,0.000000,0.000000,0.000000,0.000000,0.000000,0.000000,0.000000,0.000000,0.000000,0.000000,0.000000,0.000000,0.000000,0.000000,0.000000,0.000000,0.000000,0.000000,0.000000,0.000000,0.000000,0.000000,0.000000,0.000000,0.000000,0.000000,0.000000
0.000000,0.000000,0.000000,0.000000,0.000000,0.000000,0.000000,0.000000,0.000000,0.000000,0.000000,0.000000,0.000000,0.000000,0.000000,0.000000,0.000000,0.000000,0.000000,0.000000,0.000000,0.000000,0.000000,0.000000,0.000000,0.000000,0.000000,0.000000,0.000000,0.000000,0.000000,0.000000,0.000000,0.000000,0.000000,0.000000,0.000000,0.000000,0.000000,0.000000,0.000000,0.000000,999.996346,999.993815,999.993829,999.994391,999.995001,999.995610,999.996327,999.997338,999.998209,999.998329,999.998469,999.999266,1000.000174,1000.000717,1000.001153,1000.001575,1000.001899,1000.001863,1000.000066,0.000000,0.000000,0.000000,0.000000,0.000000,0.000000,0.000000,0.000000,0.000000,0.000000,0.000000,0.000000,0.000000,0.000000,0.000000,0.000000,0.000000,0.000000,0.000000,0.000000,0.000000,0.000000,0.000000,0.000000,0.000000,0.000000,0.000000,0.000000,0.000000,0.000000,0.000000,0.000000,0.000000,0.000000,0.000000,0.000000,0.000000,0.000000,0.000000,0.000000,0.000000,0.000000
0.000000,0.000000,0.000000,0.000000,0.000000,0.000000,0.000000,0.000000,0.000000,0.000000,0.000000,0.000000,0.000000,0.000000,0.000000,0.000000,0.000000,0.000000,0.000000,0.000000,0.000000,0.000000,0.000000,0.000000,0.000000,0.000000,0.000000,0.000000,0.000000,0.000000,0.000000,0.000000,0.000000,0.000000,0.000000,0.000000,0.000000,999.992436,999.989991,999.989873,999.991057,999.992930,999.995574,999.994930,999.994526,999.994695,999.995192,999.995787,999.996409,999.997072,999.998022,999.998233,999.998445,999.999333,999.999884,1000.000387,1000.000834,1000.001176,1000.001278,1000.000972,1000.000543,1000.002261,1000.003433,1000.004071,1000.003867,1000.002420,0.000000,0.000000,0.000000,0.000000,0.000000,0.000000,0.000000,0.000000,0.000000,0.000000,0.000000,0.000000,0.000000,0.000000,0.000000,0.000000,0.000000,0.000000,0.000000,0.000000,0.000000,0.000000,0.000000,0.000000,0.000000,0.000000,0.000000,0.000000,0.000000,0.000000,0.000000,0.000000,0.000000,0.000000,0.000000,0.000000,0.000000
0.000000,0.000000,0.000000,0.000000,0.000000,0.000000,0.000000,0.000000,0.000000,0.000000,0.000000,0.000000,0.000000,0.000000,0.000000,0.000000,0.000000,0.000000,0.000000,0.000000,0.000000,0.000000,0.000000,0.000000,0.000000,0.000000,0.000000,0.000000,0.000000,0.000000,0.000000,0.000000,0.000000,0.000000,999.990135,999.988353,999.989347,999.991818,999.991383,999.991141,999.991558,999.993168,999.994086,999.994312,999.994577,999.994903,999.995342,999.995868,999.996475,999.997017,999.997613,999.998138,999.998641,999.999174,999.999652,1000.000154,1000.000559,1000.000876,1000.001102,1000.001253,1000.001393,1000.001990,1000.002957,1000.003176,1000.003005,1000.002697,1000.003995,1000.004509,1000.003588,0.000000,0.000000,0.000000,0.000000,0.000000,0.000000,0.000000,0.000000,0.000000,0.000000,0.000000,0.000000,0.000000,0.000000,0.000000,0.000000,0.000000,0.000000,0.000000,0.000000,0.000000,0.000000,0.000000,0.000000,0.000000,0.000000,0.000000,0.000000,0.000000,0.000000,0.000000,0.000000,0.000000,0.000000
0.000000,0.000000,0.000000,0.000000,0.000000,0.000000,0.000000,0.000000,0.000000,0.000000,0.000000,0.000000,0.000000,0.000000,0.000000,0.000000,0.000000,0.000000,0.000000,0.000000,0.000000,0.000000,0.000000,0.000000,0.000000,0.000000,0.000000,0.000000,0.000000,0.000000,0.000000,0.000000,999.989394,999.987804,999.989823,999.989645,999.990356,999.990874,999.991107,999.991542,999.992090,999.992891,999.993429,999.994097,999.994538,999.994929,999.995362,999.995879,999.996431,999.996978,999.997495,999.998050,999.998568,999.999043,999.999533,999.999984,1000.000392,1000.000698,1000.000988,1000.001272,1000.001698,1000.002031,1000.002517,1000.002798,1000.003044,1000.003153,1000.003390,1000.003729,1000.003611,1000.004582,1000.003710,0.000000,0.000000,0.000000,0.000000,0.000000,0.000000,0.000000,0.000000,0.000000,0.000000,0.000000,0.000000,0.000000,0.000000,0.000000,0.000000,0.000000,0.000000,0.000000,0.000000,0.000000,0.000000,0.000000,0.000000,0.000000,0.000000,0.000000,0.000000,0.000000,0.000000,0.000000,0.000000
0.000000,0.000000,0.000000,0.000000,0.000000,0.000000,0.000000,0.000000,0.000000,0.000000,0.000000,0.000000,0.000000,0.000000,0.000000,0.000000,0.000000,0.000000,0.000000,0.000000,0.000000,0.000000,0.000000,0.000000,0.000000,0.000000,0.000000,0.000000,0.000000,0.000000,999.987724,999.986198,999.988628,999.989193,999.989500,999.989646,999.990171,999.990547,999.991132,999.991625,999.992159,999.992726,999.993298,999.993904,999.994390,999.994876,999.995355,999.995883,999.996405,999.996945,999.997460,999.997987,999.998488,999.998972,999.999434,999.999875,1000.000275,1000.000656,1000.000973,1000.001309,1000.001658,1000.002018,1000.002355,1000.002666,1000.002898,1000.003216,1000.003388,1000.003620,1000.003658,1000.003812,1000.004062,1000.005133,1000.004434,0.000000,0.000000,0.000000,0.000000,0.000000,0.000000,0.000000,0.000000,0.000000,0.000000,0.000000,0.000000,0.000000,0.000000,0.000000,0.000000,0.000000,0.000000,0.000000,0.000000,0.000000,0.000000,0.000000,0.000000,0.000000,0.000000,0.000000,0.000000,0.000000,0.000000
0.000000,0.000000,0.000000,0.000000,0.000000,0.000000,0.000000,0.000000,0.000000,0.000000,0.000000,0.000000,0.000000,0.000000,0.000000,0.000000,0.000000,0.000000,0.000000,0.000000,0.000000,0.000000,0.000000,0.000000,0.000000,0.000000,0.000000,0.000000,999.986128,999.984705,999.987098,999.987885,999.988274,999.988700,999.989044,999.989635,999.990080,999.990516,999.991039,999.991534,999.992098,999.992631,999.993212,999.993765,999.994280,999.994816,999.995331,999.995842,999.996354,999.996896,999.997401,999.997913,999.998410,999.998886,999.999347,999.999772,1000.000181,1000.000567,1000.000930,1000.001280,1000.001629,1000.001976,1000.002303,1000.002619,1000.002872,1000.003135,1000.003340,1000.003564,1000.003811,1000.003946,1000.004131,1000.004290,1000.004619,1000.005640,1000.004958,0.000000,0.000000,0.000000,0.000000,0.000000,0.000000,0.000000,0.000000,0.000000,0.000000,0.000000,0.000000,0.000000,0.000000,0.000000,0.000000,0.000000,0.000000,0.000000,0.000000,0.000000,0.000000,0.000000,0.000000,0.000000,0.000000,0.000000,0.000000
0.000000,0.000000,0.000000,0.000000,0.000000,0.000000,0.000000,0.000000,0.000000,0.000000,0.000000,0.000000,0.000000,0.000000,0.000000,0.000000,0.000000,0.000000,0.000000,0.000000,0.000000,0.000000,0.000000,0.000000,0.000000,0.000000,999.984607,999.983504,999.985629,999.986431,999.986899,999.987429,999.987848,999.988506,999.988993,999.989474,999.989936,999.990434,999.990940,999.991465,999.992008,999.992560,999.993123,999.993675,999.994193,999.994750,999.995277,999.995791,999.996315,999.996855,999.997374,999.997878,999.998361,999.998845,999.999308,999.999740,1000.000142,1000.000534,1000.000910,1000.001275,1000.001621,1000.001949,1000.002247,1000.002543,1000.002828,1000.003093,1000.003324,1000.003549,1000.003767,1000.003957,1000.004257,1000.004417,1000.004615,1000.004812,1000.005107,1000.005952,1000.005483,0.000000,0.000000,0.000000,0.000000,0.000000,0.000000,0.000000,0.000000,0.000000,0.000000,0.000000,0.000000,0.000000,0.000000,0.000000,0.000000,0.000000,0.000000,0.000000,0.000000,0.000000,0.000000,0.000000,0.000000,0.000000,0.000000
0.000000,0.000000,0.000000,0.000000,0.000000,0.000000,0.000000,0.000000,0.000000,0.000000,0.000000,0.000000,0.000000,0.000000,0.000000,0.000000,0.000000,0.000000,0.000000,0.000000,0.000000,0.000000,0.000000,0.000000,999.983666,999.982789,999.984409,999.985099,999.985562,999.986129,999.986559,999.987254,999.987783,999.988305,999.988789,999.989293,999.989802,999.990325,999.990839,999.991371,999.991912,999.992460,999.993011,999.993563,999.994119,999.994683,999.995200,999.995742,999.996283,999.996817,999.997324,999.997841,999.998325,999.998801,999.999253,999.999704,1000.000109,1000.000519,1000.000880,1000.001267,1000.001592,1000.001942,1000.002246,1000.002548,1000.002822,1000.003072,1000.003318,1000.003539,1000.003785,1000.003979,1000.004214,1000.004433,1000.004700,1000.004869,1000.005084,1000.005237,1000.005484,1000.006075,1000.005714,0.000000,0.000000,0.000000,0.000000,0.000000,0.000000,0.000000,0.000000,0.000000,0.000000,0.000000,0.000000,0.000000,0.000000,0.000000,0.000000,0.000000,0.000000,0.000000,0.000000,0.000000,0.000000,0.000000,0.000000
0.000000,0.000000,0.000000,0.000000,0.000000,0.000000,0.000000,0.000000,0.000000,0.000000,0.000000,0.000000,0.000000,0.000000,0.000000,0.000000,0.000000,0.000000,0.000000,0.000000,0.000000,0.000000,0.000000,999.983959,999.983639,999.984011,999.984481,999.984993,999.985376,999.986029,999.986546,999.987084,999.987605,999.988109,999.988632,999.989154,999.989653,999.990171,999.990701,999.991255,999.991809,999.992363,999.992922,999.993476,999.994062,999.994601,999.995142,999.995723,999.996263,999.996785,999.997289,999.997811,999.998325,999.998795,999.999242,999.999699,1000.000124,1000.000504,1000.000890,1000.001236,1000.001595,1000.001909,1000.002237,1000.002534,1000.002810,1000.003069,1000.003329,1000.003558,1000.003789,1000.004010,1000.004205,1000.004424,1000.004639,1000.004846,1000.005109,1000.005230,1000.005409,1000.005558,1000.005678,1000.005525,0.000000,0.000000,0.000000,0.000000,0.000000,0.000000,0.000000,0.000000,0.000000,0.000000,0.000000,0.000000,0.000000,0.000000,0.000000,0.000000,0.000000,0.000000,0.000000,0.000000,0.000000,0.000000,0.000000
0.000000,0.000000,0.000000,0.000000,0.000000,0.000000,0.000000,0.000000,0.000000,0.000000,0.000000,0.000000,0.000000,0.000000,0.000000,0.000000,0.000000,0.000000,0.000000,0.000000,0.000000,999.982207,999.981670,999.983489,999.983881,999.984222,999.984438,999.984938,999.985428,999.985925,999.986425,999.986932,999.987439,999.987947,999.988469,999.988977,999.989498,999.990036,999.990570,999.991132,999.991670,999.992250,999.992825,999.993406,999.993980,999.994525,999.995111,999.995681,999.996216,999.996751,999.997291,999.997808,999.998292,999.998779,999.999247,999.999687,1000.000100,1000.000523,1000.000907,1000.001286,1000.001626,1000.001961,1000.002264,1000.002549,1000.002826,1000.003082,1000.003346,1000.003558,1000.003795,1000.004013,1000.004210,1000.004437,1000.004626,1000.004819,1000.005002,1000.005192,1000.005381,1000.005441,1000.005535,1000.005666,1000.006347,1000.006106,0.000000,0.000000,0.000000,0.000000,0.000000,0.000000,0.000000,0.000000,0.000000,0.000000,0.000000,0.000000,0.000000,0.000000,0.000000,0.000000,0.000000,0.000000,0.000000,0.000000,0.000000
0.000000,0.000000,0.000000,0.000000,0.000000,0.000000,0.000000,0.000000,0.000000,0.000000,0.000000,0.000000,0.000000,0.000000,0.000000,0.000000,0.000000,0.000000,0.000000,0.000000,999.982538,999.982473,999.982849,999.983327,999.983712,999.984132,999.984498,999.984927,999.985375,999.985818,999.986294,999.986786,999.987277,999.987785,999.988277,999.988802,999.989331,999.989870,999.990429,999.990978,999.991548,999.992136,999.992728,999.993311,999.993894,999.994483,999.995079,999.995635,999.996185,999.996762,999.997309,999.997826,999.998325,999.998805,999.999290,999.999712,1000.000144,1000.000541,1000.000941,1000.001279,1000.001645,1000.001953,1000.002284,1000.002570,1000.002857,1000.003108,1000.003360,1000.003582,1000.003807,1000.004037,1000.004240,1000.004434,1000.004621,1000.004804,1000.004980,1000.005133,1000.005299,1000.005431,1000.005563,1000.005705,1000.005863,1000.005989,1000.005919,0.000000,0.000000,0.000000,0.000000,0.000000,0.000000,0.000000,0.000000,0.000000,0.000000,0.000000,0.000000,0.000000,0.000000,0.000000,0.000000,0.000000,0.000000,0.000000,0.000000
0.000000,0.000000,0.000000,0.000000,0.000000,0.000000,0.000000,0.000000,0.000000,0.000000,0.000000,0.000000,0.000000,0.000000,0.000000,0.000000,0.000000,0.000000,0.000000,999.982222,999.982510,999.982717,999.983068,999.983292,999.983727,999.984095,999.984493,999.984883,999.985290,999.985710,999.986159,999.986630,999.987098,999.987595,999.988108,999.988615,999.989158,999.989695,999.990254,999.990829,999.991430,999.992025,999.992610,999.993210,999.993829,999.994435,999.995025,999.995607,999.996191,999.996747,999.997295,999.997814,999.998346,999.998850,999.999310,999.999759,1000.000209,1000.000614,1000.001002,1000.001353,1000.001708,1000.002029,1000.002326,1000.002619,1000.002890,1000.003145,1000.003386,1000.003633,1000.003838,1000.004037,1000.004253,1000.004432,1000.004621,1000.004802,1000.004964,1000.005120,1000.005241,1000.005401,1000.005523,1000.005678,1000.005741,1000.005858,1000.005920,1000.006000,0.000000,0.000000,0.000000,0.000000,0.000000,0.000000,0.000000,0.000000,0.000000,0.000000,0.000000,0.000000,0.000000,0.000000,0.000000,0.000000,0.000000,0.000000,0.000000
0.000000,0.000000,0.000000,0.000000,0.000000,0.000000,0.000000,0.000000,0.000000,0.000000,0.000000,0.000000,0.000000,0.000000,0.000000,0.000000,0.000000,0.000000,999.981919,999.982274,999.982566,999.982837,999.983123,999.983403,999.983743,999.984081,999.984443,999.984797,999.985172,999.985580,999.986025,999.986457,999.986903,999.987402,999.987889,999.988409,999.988953,999.989509,999.990069,999.990677,999.991281,999.991880,999.992510,999.993129,999.993766,999.994374,999.994988,999.995597,999.996208,999.996778,999.997327,999.997879,999.998404,999.998898,999.999373,999.999822,1000.000255,1000.000650,1000.001031,1000.001412,1000.001763,1000.002097,1000.002395,1000.002672,1000.002955,1000.003206,1000.003433,1000.003670,1000.003875,1000.004078,1000.004259,1000.004452,1000.004615,1000.004794,1000.004940,1000.005089,1000.005231,1000.005359,1000.005490,1000.005603,1000.005697,1000.005806,1000.005888,1000.005978,1000.006099,0.000000,0.000000,0.000000,0.000000,0.000000,0.000000,0.000000,0.000000,0.000000,0.000000,0.000000,0.000000,0.000000,0.000000,0.000000,0.000000,0.000000,0.000000
0.000000,0.000000,0.000000,0.000000,0.000000,0.000000,0.000000,0.000000,0.000000,0.000000,0.000000,0.000000,0.000000,0.000000,0.000000,0.000000,0.000000,999.981659,999.982069,999.982354,999.982622,999.982892,999.983155,999.983434,999.983728,999.984032,999.984358,999.984688,999.985054,999.985444,999.985843,999.986256,999.986710,999.987186,999.987662,999.988197,999.988724,999.989295,999.989891,999.990502,999.991099,999.991738,999.992391,999.993049,999.993683,999.994321,999.994976,999.995582,999.996209,999.996792,999.997386,999.997934,999.998466,999.998963,999.999465,999.999928,1000.000375,1000.000771,1000.001165,1000.001512,1000.001858,1000.002155,1000.002474,1000.002746,1000.003011,1000.003262,1000.003488,1000.003706,1000.003913,1000.004115,1000.004296,1000.004474,1000.004640,1000.004778,1000.004941,1000.005078,1000.005204,1000.005334,1000.005442,1000.005563,1000.005661,1000.005753,1000.005837,1000.005932,1000.006030,1000.006159,0.000000,0.000000,0.000000,0.000000,0.000000,0.000000,0.000000,0.000000,0.000000,0.000000,0.000000,0.000000,0.000000,0.000000,0.000000,0.000000,0.000000
0.000000,0.000000,0.000000,0.000000,0.000000,0.000000,0.000000,0.000000,0.000000,0.000000,0.000000,0.000000,0.000000,0.000000,0.000000,0.000000,999.981651,999.981904,999.982193,999.982438,999.982712,999.982966,999.983211,999.983465,999.983711,999.983997,999.984278,999.984592,999.984919,999.985276,999.985629,999.986031,999.986479,999.986931,999.987417,999.987939,999.988492,999.989067,999.989667,999.990286,999.990937,999.991597,999.992273,999.992940,999.993621,999.994303,999.994967,999.995613,999.996241,999.996865,999.997464,999.998016,999.998558,999.999073,999.999558,1000.000013,1000.000438,1000.000864,1000.001260,1000.001626,1000.001947,1000.002275,1000.002569,1000.002850,1000.003095,1000.003342,1000.003567,1000.003773,1000.003975,1000.004159,1000.004324,1000.004500,1000.004653,1000.004795,1000.004937,1000.005068,1000.005193,1000.005299,1000.005427,1000.005512,1000.005616,1000.005721,1000.005812,1000.005895,1000.005988,1000.006090,1000.006193,0.000000,0.000000,0.000000,0.000000,0.000000,0.000000,0.000000,0.000000,0.000000,0.000000,0.000000,0.000000,0.000000,0.000000,0.000000,0.000000
0.000000,0.000000,0.000000,0.000000,0.000000,0.000000,0.000000,0.000000,0.000000,0.000000,0.000000,0.000000,0.000000,0.000000,0.000000,999.981659,999.981904,999.982177,999.982391,999.982616,999.982834,999.983023,999.983220,999.983435,999.983670,999.983909,999.984152,999.984436,999.984732,999.985057,999.985400,999.985796,999.986209,999.986643,999.987139,999.987668,999.988217,999.988808,999.989425,999.990074,999.990753,999.991445,999.992138,999.992841,999.993555,999.994260,999.994940,999.995631,999.996286,999.996920,999.997522,999.998121,999.998680,999.999215,999.999718,1000.000188,1000.000615,1000.001018,1000.001384,1000.001750,1000.002077,1000.002398,1000.002680,1000.002955,1000.003192,1000.003432,1000.003645,1000.003851,1000.004032,1000.004217,1000.004374,1000.004529,1000.004682,1000.004820,1000.004944,1000.005065,1000.005173,1000.005292,1000.005388,1000.005491,1000.005566,1000.005661,1000.005755,1000.005850,1000.005915,1000.006014,1000.006110,1000.006184,0.000000,0.000000,0.000000,0.000000,0.000000,0.000000,0.000000,0.000000,0.000000,0.000000,0.000000,0.000000,0.000000,0.000000,0.000000
0.000000,0.000000,0.000000,0.000000,0.000000,0.000000,0.000000,0.000000,0.000000,0.000000,0.000000,0.000000,0.000000,0.000000,999.981919,999.982069,999.982193,999.982391,999.982545,999.982695,999.982885,999.983052,999.983247,999.983446,999.983639,999.983822,999.984047,999.984291,999.984547,999.984830,999.985159,999.985521,999.985903,999.986339,999.986827,999.987344,999.987890,999.988511,999.989153,999.989834,999.990533,999.991271,999.992006,999.992761,999.993516,999.994234,999.994981,999.995685,999.996387,999.997019,999.997672,999.998259,999.998821,999.999336,999.999829,1000.000320,1000.000759,1000.001190,1000.001557,1000.001913,1000.002248,1000.002540,1000.002810,1000.003083,1000.003318,1000.003543,1000.003748,1000.003936,1000.004112,1000.004281,1000.004439,1000.004569,1000.004706,1000.004845,1000.004953,1000.005066,1000.005179,1000.005268,1000.005367,1000.005458,1000.005550,1000.005617,1000.005699,1000.005786,1000.005856,1000.005929,1000.006028,1000.006087,1000.006148,0.000000,0.000000,0.000000,0.000000,0.000000,0.000000,0.000000,0.000000,0.000000,0.000000,0.000000,0.000000,0.000000,0.000000
0.000000,0.000000,0.000000,0.000000,0.000000,0.000000,0.000000,0.000000,0.000000,0.000000,0.000000,0.000000,0.000000,999.982222,999.982274,999.982354,999.982438,999.982616,999.982695,999.982860,999.983050,999.983145,999.983304,999.983412,999.983530,999.983698,999.983886,999.984093,999.984297,999.984551,999.984850,999.985172,999.985540,999.985981,999.986454,999.986967,999.987551,999.988186,999.988855,999.989564,999.990310,999.991073,999.991865,999.992650,999.993447,999.994222,999.994998,999.995744,999.996454,999.997140,999.997813,999.998427,999.999022,999.999575,1000.000079,1000.000536,1000.000956,1000.001364,1000.001741,1000.002090,1000.002402,1000.002703,1000.002958,1000.003218,1000.003443,1000.003649,1000.003853,1000.004034,1000.004196,1000.004351,1000.004495,1000.004631,1000.004751,1000.004861,1000.004982,1000.005067,1000.005177,1000.005265,1000.005335,1000.005422,1000.005508,1000.005578,1000.005645,1000.005733,1000.005804,1000.005851,1000.005940,1000.006000,1000.006056,1000.006086,0.000000,0.000000,0.000000,0.000000,0.000000,0.000000,0.000000,0.000000,0.000000,0.000000,0.000000,0.000000,0.000000
0.000000,0.000000,0.000000,0.000000,0.000000,0.000000,0.000000,0.000000,0.000000,0.000000,0.000000,0.000000,999.982538,999.982510,999.982566,999.982622,999.982712,999.982834,999.982885,999.983050,999.983085,999.983112,999.983250,999.983318,999.983469,999.983617,999.983740,999.983875,999.984050,999.984282,999.984522,999.984817,999.985169,999.985573,999.986031,999.986553,999.987161,999.987799,999.988494,999.989259,999.990049,999.990871,999.991716,999.992558,999.993418,999.994252,999.995079,999.995850,999.996613,999.997324,999.997984,999.998598,999.999184,999.999754,1000.000277,1000.000754,1000.001203,1000.001602,1000.001967,1000.002300,1000.002599,1000.002897,1000.003156,1000.003387,1000.003612,1000.003797,1000.003981,1000.004146,1000.004302,1000.004436,1000.004567,1000.004682,1000.004802,1000.004898,1000.005002,1000.005088,1000.005166,1000.005258,1000.005336,1000.005403,1000.005473,1000.005546,1000.005603,1000.005658,1000.005752,1000.005784,1000.005844,1000.005913,1000.005967,1000.005995,1000.006032,0.000000,0.000000,0.000000,0.000000,0.000000,0.000000,0.000000,0.000000,0.000000,0.000000,0.000000,0.000000
0.000000,0.000000,0.000000,0.000000,0.000000,0.000000,0.000000,0.000000,0.000000,0.000000,0.000000,999.982207,999.982473,999.982717,999.982837,999.982892,999.982966,999.983023,999.983052,999.983145,999.983112,999.983224,999.983377,999.983353,999.983448,999.983450,999.983492,999.983590,999.983743,999.983909,999.984109,999.984380,999.984695,999.985082,999.985536,999.986083,999.986686,999.987354,999.988110,999.988918,999.989758,999.990642,999.991544,999.992465,999.993373,999.994258,999.995132,999.995953,999.996755,999.997533,999.998244,999.998921,999.999522,1000.000052,1000.000542,1000.001018,1000.001446,1000.001843,1000.002200,1000.002533,1000.002822,1000.003103,1000.003342,1000.003565,1000.003762,1000.003954,1000.004122,1000.004264,1000.004399,1000.004540,1000.004656,1000.004750,1000.004855,1000.004939,1000.005030,1000.005106,1000.005175,1000.005234,1000.005315,1000.005367,1000.005429,1000.005498,1000.005546,1000.005603,1000.005667,1000.005728,1000.005766,1000.005824,1000.005896,1000.005944,1000.006038,1000.006142,0.000000,0.000000,0.000000,0.000000,0.000000,0.000000,0.000000,0.000000,0.000000,0.000000,0.000000
0.000000,0.000000,0.000000,0.000000,0.000000,0.000000,0.000000,0.000000,0.000000,0.000000,0.000000,999.981670,999.982849,999.983068,999.983123,999.983155,999.983211,999.983220,999.983247,999.983304,999.983250,999.983377,999.983289,999.983143,999.983230,999.983203,999.983297,999.983391,999.983449,999.983543,999.983694,999.983906,999.984191,999.984552,999.984992,999.985521,999.986129,999.986854,999.987647,999.988509,999.989433,999.990398,999.991397,999.992400,999.993387,999.994348,999.995281,999.996175,999.996984,999.997735,999.998447,999.999125,999.999757,1000.000353,1000.000882,1000.001351,1000.001767,1000.002135,1000.002494,1000.002802,1000.003091,1000.003330,1000.003569,1000.003761,1000.003955,1000.004118,1000.004272,1000.004408,1000.004525,1000.004630,1000.004739,1000.004828,1000.004912,1000.004987,1000.005050,1000.005132,1000.005188,1000.005248,1000.005298,1000.005360,1000.005396,1000.005450,1000.005508,1000.005542,1000.005602,1000.005642,1000.005705,1000.005745,1000.005783,1000.005847,1000.005956,1000.006293,0.000000,0.000000,0.000000,0.000000,0.000000,0.000000,0.000000,0.000000,0.000000,0.000000,0.000000
0.000000,0.000000,0.000000,0.000000,0.000000,0.000000,0.000000,0.000000,0.000000,0.000000,999.983959,999.983489,999.983327,999.983292,999.983403,999.983434,999.983465,999.983435,999.983446,999.983412,999.983318,999.983353,999.983143,999.983183,999.983334,999.983172,999.983154,999.983048,999.982986,999.983044,999.983154,999.983321,999.983558,999.983885,999.984315,999.984857,999.985519,999.986280,999.987135,999.988058,999.989072,999.990126,999.991208,999.992279,999.993354,999.994401,999.995395,999.996371,999.997294,999.998129,999.998895,999.999542,1000.000143,1000.000695,1000.001214,1000.001668,1000.002097,1000.002464,1000.002800,1000.003098,1000.003360,1000.003590,1000.003798,1000.003994,1000.004163,1000.004303,1000.004435,1000.004561,1000.004669,1000.004749,1000.004839,1000.004906,1000.004986,1000.005034,1000.005092,1000.005145,1000.005198,1000.005233,1000.005284,1000.005318,1000.005379,1000.005397,1000.005449,1000.005492,1000.005529,1000.005568,1000.005618,1000.005659,1000.005709,1000.005774,1000.005807,1000.005811,1000.005711,0.000000,0.000000,0.000000,0.000000,0.000000,0.000000,0.000000,0.000000,0.000000,0.000000
0.000000,0.000000,0.000000,0.000000,0.000000,0.000000,0.000000,0.000000,0.000000,999.983666,999.983639,999.983881,999.983712,999.983727,999.983743,999.983728,999.983711,999.983670,999.983639,999.983530,999.983469,999.983448,999.983230,999.983334,999.983105,999.982685,999.982710,999.982598,999.982614,999.982666,999.982670,999.982733,999.982902,999.983177,999.983578,999.984111,999.984764,999.985560,999.986481,999.987525,999.988668,999.989846,999.991057,999.992261,999.993465,999.994621,999.995665,999.996626,999.997529,999.998389,999.999190,999.999945,1000.000595,1000.001155,1000.001634,1000.002086,1000.002487,1000.002844,1000.003141,1000.003421,1000.003669,1000.003887,1000.004070,1000.004231,1000.004388,1000.004503,1000.004608,1000.004712,1000.004800,1000.004868,1000.004941,1000.004999,1000.005050,1000.005104,1000.005133,1000.005169,1000.005217,1000.005239,1000.005271,1000.005299,1000.005335,1000.005370,1000.005383,1000.005424,1000.005463,1000.005485,1000.005526,1000.005568,1000.005601,1000.005653,1000.005699,1000.005680,1000.005815,1000.005835,0.000000,0.000000,0.000000,0.000000,0.000000,0.000000,0.000000,0.000000,0.000000
0.000000,0.000000,0.000000,0.000000,0.000000,0.000000,0.000000,0.000000,0.000000,999.982789,999.984011,999.984222,999.984132,999.984095,999.984081,999.984032,999.983997,999.983909,999.983822,999.983698,999.983617,999.983450,999.983203,999.983172,999.982685,999.982624,999.982839,999.982465,999.982306,999.982063,999.981872,999.981887,999.982017,999.982260,999.982634,999.983170,999.983896,999.984764,999.985777,999.986940,999.988165,999.989470,999.990836,999.992173,999.993458,999.994759,999.995982,999.997108,999.998105,999.998963,999.999701,1000.000386,1000.001029,1000.001597,1000.002097,1000.002533,1000.002916,1000.003237,1000.003536,1000.003779,1000.004002,1000.004195,1000.004366,1000.004493,1000.004610,1000.004737,1000.004816,1000.004887,1000.004953,1000.005013,1000.005051,1000.005087,1000.005120,1000.005158,1000.005184,1000.005194,1000.005212,1000.005250,1000.005256,1000.005265,1000.005291,1000.005324,1000.005332,1000.005351,1000.005389,1000.005423,1000.005442,1000.005474,1000.005507,1000.005540,1000.005580,1000.005596,1000.005698,1000.006118,0.000000,0.000000,0.000000,0.000000,0.000000,0.000000,0.000000,0.000000,0.000000
0.000000,0.000000,0.000000,0.000000,0.000000,0.000000,0.000000,0.000000,999.984607,999.984409,999.984481,999.984438,999.984498,999.984493,999.984443,999.984358,999.984278,999.984152,999.984047,999.983886,999.983740,999.983492,999.983297,999.983154,999.982710,999.982839,999.982381,999.981568,999.981494,999.981280,999.981200,999.981253,999.981233,999.981334,999.981637,999.982149,999.982823,999.983750,999.984900,999.986212,999.987675,999.989191,999.990756,999.992312,999.993714,999.995025,999.996244,999.997391,999.998465,999.999476,1000.000324,1000.001026,1000.001629,1000.002166,1000.002644,1000.003042,1000.003383,1000.003695,1000.003961,1000.004188,1000.004362,1000.004530,1000.004671,1000.004787,1000.004874,1000.004954,1000.005024,1000.005072,1000.005112,1000.005150,1000.005176,1000.005195,1000.005200,1000.005213,1000.005231,1000.005236,1000.005231,1000.005234,1000.005258,1000.005251,1000.005243,1000.005270,1000.005281,1000.005290,1000.005284,1000.005311,1000.005344,1000.005380,1000.005387,1000.005429,1000.005482,1000.005540,1000.005574,1000.005640,1000.005660,0.000000,0.000000,0.000000,0.000000,0.000000,0.000000,0.000000,0.000000
0.000000,0.000000,0.000000,0.000000,0.000000,0.000000,0.000000,0.000000,999.983504,999.985099,999.984993,999.984938,999.984927,999.984883,999.984797,999.984688,999.984592,999.984436,999.984291,999.984093,999.983875,999.983590,999.983391,999.983048,999.982598,999.982465,999.981568,999.981320,999.981636,999.981044,999.980642,999.980264,999.979916,999.979970,999.980243,999.980713,999.981550,999.982598,999.983879,999.985363,999.986989,999.988705,999.990431,999.992253,999.993989,999.995583,999.996999,999.998190,999.999172,1000.000070,1000.000905,1000.001638,1000.002254,1000.002776,1000.003221,1000.003594,1000.003917,1000.004193,1000.004416,1000.004602,1000.004768,1000.004889,1000.004994,1000.005091,1000.005154,1000.005207,1000.005236,1000.005270,1000.005285,1000.005295,1000.005289,1000.005301,1000.005291,1000.005274,1000.005267,1000.005269,1000.005247,1000.005227,1000.005225,1000.005230,1000.005206,1000.005198,1000.005219,1000.005229,1000.005230,1000.005216,1000.005239,1000.005268,1000.005282,1000.005294,1000.005346,1000.005390,1000.005436,1000.005459,1000.005996,0.000000,0.000000,0.000000,0.000000,0.000000,0.000000,0.000000,0.000000
0.000000,0.000000,0.000000,0.000000,0.000000,0.000000,0.000000,999.986128,999.985629,999.985562,999.985376,999.985428,999.985375,999.985290,999.985172,999.985054,999.984919,999.984732,999.984547,999.984297,999.984050,999.983743,999.983449,999.982986,999.982614,999.982306,999.981494,999.981636,999.981000,999.979512,999.979193,999.978865,999.978687,999.978797,999.978919,999.979344,999.980013,999.981100,999.982603,999.984355,999.986409,999.988541,999.990516,999.992407,999.994194,999.995844,999.997393,999.998854,1000.000046,1000.000969,1000.001752,1000.002429,1000.003009,1000.003478,1000.003882,1000.004220,1000.004500,1000.004729,1000.004907,1000.005063,1000.005193,1000.005290,1000.005350,1000.005410,1000.005439,1000.005465,1000.005475,1000.005464,1000.005469,1000.005448,1000.005424,1000.005401,1000.005383,1000.005347,1000.005307,1000.005288,1000.005271,1000.005231,1000.005203,1000.005188,1000.005179,1000.005145,1000.005129,1000.005137,1000.005133,1000.005142,1000.005135,1000.005156,1000.005159,1000.005184,1000.005207,1000.005233,1000.005312,1000.005328,1000.005347,1000.005211,0.000000,0.000000,0.000000,0.000000,0.000000,0.000000,0.000000
0.000000,0.000000,0.000000,0.000000,0.000000,0.000000,0.000000,999.984705,999.986431,999.986129,999.986029,999.985925,999.985818,999.985710,999.985580,999.985444,999.985276,999.985057,999.984830,999.984551,999.984282,999.983909,999.983543,999.983044,999.982666,999.982063,999.981280,999.981044,999.979512,999.978758,999.979231,999.978438,999.977707,999.977226,999.976837,999.977053,999.978021,999.979325,999.981058,999.983117,999.985358,999.987938,999.990541,999.992967,999.995145,999.996969,999.998392,999.999662,1000.000847,1000.001845,1000.002648,1000.003299,1000.003821,1000.004258,1000.004610,1000.004897,1000.005125,1000.005307,1000.005452,1000.005561,1000.005637,1000.005693,1000.005732,1000.005744,1000.005752,1000.005733,1000.005727,1000.005683,1000.005644,1000.005615,1000.005562,1000.005505,1000.005471,1000.005413,1000.005365,1000.005301,1000.005266,1000.005235,1000.005187,1000.005142,1000.005120,1000.005106,1000.005060,1000.005037,1000.005043,1000.005039,1000.005020,1000.005021,1000.005047,1000.005048,1000.005080,1000.005085,1000.005099,1000.005130,1000.005101,1000.005755,0.000000,0.000000,0.000000,0.000000,0.000000,0.000000,0.000000
0.000000,0.000000,0.000000,0.000000,0.000000,0.000000,999.987724,999.987098,999.986899,999.986559,999.986546,999.986425,999.986294,999.986159,999.986025,999.985843,999.985629,999.985400,999.985159,999.984850,999.984522,999.984109,999.983694,999.983154,999.982670,999.981872,999.981200,999.980642,999.979193,999.979231,999.978492,999.976041,999.975133,999.974549,999.974350,999.974952,999.975615,999.976907,999.979089,999.981693,999.984571,999.987552,999.990380,999.993042,999.995519,999.997851,999.999687,1000.001027,1000.002096,1000.002995,1000.003722,1000.004298,1000.004746,1000.005122,1000.005410,1000.005630,1000.005797,1000.005928,1000.006024,1000.006087,1000.006117,1000.006125,1000.006122,1000.006102,1000.006066,1000.006017,1000.005970,1000.005908,1000.005836,1000.005763,1000.005702,1000.005620,1000.005546,1000.005479,1000.005414,1000.005344,1000.005265,1000.005211,1000.005166,1000.005105,1000.005057,1000.005028,1000.005006,1000.004955,1000.004930,1000.004922,1000.004906,1000.004901,1000.004903,1000.004902,1000.004908,1000.004938,1000.004951,1000.004990,1000.004930,1000.004941,1000.004805,0.000000,0.000000,0.000000,0.000000,0.000000,0.000000
0.000000,0.000000,0.000000,0.000000,0.000000,0.000000,999.986198,999.987885,999.987429,999.987254,999.987084,999.986932,999.986786,999.986630,999.986457,999.986256,999.986031,999.985796,999.985521,999.985172,999.984817,999.984380,999.983906,999.983321,999.982733,999.981887,999.981253,999.980264,999.978865,999.978438,999.976041,999.974087,999.974366,999.973473,999.972545,999.972047,999.972524,999.974208,999.976657,999.980156,999.983891,999.987679,999.991413,999.994572,999.996965,999.999006,1000.000861,1000.002348,1000.003445,1000.004276,1000.004910,1000.005404,1000.005776,1000.006062,1000.006267,1000.006428,1000.006517,1000.006584,1000.006618,1000.006625,1000.006618,1000.006580,1000.006538,1000.006467,1000.006406,1000.006309,1000.006228,1000.006135,1000.006040,1000.005933,1000.005833,1000.005730,1000.005638,1000.005527,1000.005448,1000.005368,1000.005272,1000.005194,1000.005127,1000.005067,1000.004990,1000.004943,1000.004902,1000.004871,1000.004831,1000.004806,1000.004773,1000.004773,1000.004773,1000.004747,1000.004765,1000.004761,1000.004773,1000.004780,1000.004769,1000.004672,1000.005339,0.000000,0.000000,0.000000,0.000000,0.000000,0.000000
0.000000,0.000000,0.000000,0.000000,0.000000,999.989394,999.988628,999.988274,999.987848,999.987783,999.987605,999.987439,999.987277,999.987098,999.986903,999.986710,999.986479,999.986209,999.985903,999.985540,999.985169,999.984695,999.984191,999.983558,999.982902,999.982017,999.981233,999.979916,999.978687,999.977707,999.975133,999.974366,999.973524,999.969851,999.967756,999.967287,999.967514,999.969481,999.972725,999.976852,999.981949,999.987058,999.991592,999.995792,999.999061,1000.001260,1000.002875,1000.004132,1000.005082,1000.005772,1000.006266,1000.006637,1000.006900,1000.007069,1000.007183,1000.007252,1000.007291,1000.007284,1000.007254,1000.007199,1000.007136,1000.007054,1000.006954,1000.006847,1000.006741,1000.006619,1000.006488,1000.006361,1000.006234,1000.006105,1000.005975,1000.005843,1000.005721,1000.005606,1000.005471,1000.005380,1000.005272,1000.005176,1000.005082,1000.005010,1000.004938,1000.004862,1000.004809,1000.004752,1000.004719,1000.004686,1000.004653,1000.004618,1000.004621,1000.004604,1000.004605,1000.004600,1000.004582,1000.004593,1000.004633,1000.004537,1000.004477,1000.004214,0.000000,0.000000,0.000000,0.000000,0.000000
0.000000,0.000000,0.000000,0.000000,0.000000,999.987804,999.989193,999.988700,999.988506,999.988305,999.988109,999.987947,999.987785,999.987595,999.987402,999.987186,999.986931,999.986643,999.986339,999.985981,999.985573,999.985082,999.984552,999.983885,999.983177,999.982260,999.981334,999.979970,999.978797,999.977226,999.974549,999.973473,999.969851,999.965523,999.964177,999.962537,999.962878,999.965366,999.969425,999.975783,999.982273,999.988181,999.993432,999.997595,1000.001028,1000.003519,1000.005146,1000.006218,1000.006948,1000.007446,1000.007771,1000.007971,1000.008094,1000.008147,1000.008155,1000.008126,1000.008078,1000.008002,1000.007910,1000.007791,1000.007672,1000.007539,1000.007398,1000.007240,1000.007086,1000.006924,1000.006768,1000.006594,1000.006427,1000.006263,1000.006107,1000.005954,1000.005790,1000.005660,1000.005515,1000.005378,1000.005262,1000.005148,1000.005031,1000.004935,1000.004859,1000.004778,1000.004706,1000.004642,1000.004577,1000.004554,1000.004517,1000.004483,1000.004459,1000.004440,1000.004428,1000.004429,1000.004434,1000.004425,1000.004389,1000.004386,1000.004270,1000.004896,0.000000,0.000000,0.000000,0.000000,0.000000
0.000000,0.000000,0.000000,0.000000,999.990135,999.989823,999.989500,999.989044,999.988993,999.988789,999.988632,999.988469,999.988277,999.988108,999.987889,999.987662,999.987417,999.987139,999.986827,999.986454,999.986031,999.985536,999.984992,999.984315,999.983578,999.982634,999.981637,999.980243,999.978919,999.976837,999.974350,999.972545,999.967756,999.964177,999.960838,999.955928,999.954081,999.955552,999.961943,999.971002,999.980745,999.990358,999.997490,1000.001875,1000.004762,1000.006676,1000.007899,1000.008638,1000.009048,1000.009282,1000.009382,1000.009387,1000.009352,1000.009273,1000.009168,1000.009040,1000.008893,1000.008736,1000.008577,1000.008402,1000.008221,1000.008027,1000.007844,1000.007641,1000.007437,1000.007231,1000.007032,1000.006835,1000.006630,1000.006431,1000.006238,1000.006060,1000.005861,1000.005700,1000.005542,1000.005390,1000.005229,1000.005108,1000.004989,1000.004872,1000.004758,1000.004672,1000.004597,1000.004524,1000.004461,1000.004399,1000.004359,1000.004319,1000.004305,1000.004279,1000.004259,1000.004245,1000.004243,1000.004242,1000.004242,1000.004275,1000.004155,1000.004112,1000.004068,0.000000,0.000000,0.000000,0.000000
0.000000,0.000000,0.000000,0.000000,999.988353,999.989645,999.989646,999.989635,999.989474,999.989293,999.989154,999.988977,999.988802,999.988615,999.988409,999.988197,999.987939,999.987668,999.987344,999.986967,999.986553,999.986083,999.985521,999.984857,999.984111,999.983170,999.982149,999.980713,999.979344,999.977053,999.974952,999.972047,999.967287,999.962537,999.955928,999.945072,999.938454,999.943101,999.952724,999.965066,999.980342,999.993146,1000.001383,1000.006832,1000.009400,1000.010591,1000.011145,1000.011351,1000.011357,1000.011239,1000.011073,1000.010871,1000.010653,1000.010424,1000.010194,1000.009963,1000.009732,1000.009492,1000.009257,1000.009023,1000.008785,1000.008532,1000.008290,1000.008049,1000.007801,1000.007552,1000.007302,1000.007066,1000.006828,1000.006590,1000.006361,1000.006161,1000.005936,1000.005733,1000.005544,1000.005383,1000.005204,1000.005041,1000.004922,1000.004796,1000.004664,1000.004553,1000.004475,1000.004380,1000.004316,1000.004260,1000.004208,1000.004149,1000.004129,1000.004107,1000.004088,1000.004069,1000.004067,1000.004060,1000.004050,1000.004080,1000.004118,1000.004201,1000.004831,0.000000,0.000000,0.000000,0.000000
