0.000000,0.000000,0.000000,0.000000,0.000000,0.000000,0.000000,0.000000,0.000000,0.000000,0.000000,0.000000,0.000000,0.000000,0.000000,0.000000,0.000000,0.000000,0.000000,0.000000,0.000000,0.000000,0.000000,0.000000,0.000000,0.000000,0.000000,0.000000,0.000000,0.000000,0.000000,0.000000,0.000000,0.000000,0.000000,0.000000,0.000000,0.000000,0.000000,0.000000,0.000000,0.000000,0.000000,0.000000,0.000000,0.000000,0.000000,0.000000,0.000000,0.000000,0.000000,0.000000,0.000000,0.000000,0.000000,0.000000,0.000000,0.000000,0.000000,0.000000,0.000000,0.000000,0.000000,0.000000,0.000000,0.000000,0.000000,0.000000,0.000000,0.000000,0.000000,0.000000,0.000000,0.000000,0.000000,0.000000,0.000000,0.000000,0.000000,0.000000,0.000000,0.000000,0.000000,0.000000,0.000000,0.000000,0.000000,0.000000,0.000000,0.000000,0.000000,0.000000,0.000000,0.000000,0.000000,0.000000,0.000000,0.000000,0.000000,0.000000,0.000000,0.000000,0.000000
0.000000,0.000000,0.000000,0.000000,0.000000,0.000000,0.000000,0.000000,0.000000,0.000000,0.000000,0.000000,0.000000,0.000000,0.000000,0.000000,0.000000,0.000000,0.000000,0.000000,0.000000,0.000000,0.000000,0.000000,0.000000,0.000000,0.000000,0.000000,0.000000,0.000000,0.000000,0.000000,0.000000,0.000000,0.000000,0.000000,0.000000,0.000000,0.000000,0.000000,0.000000,0.000000,0.000000,0.000000,0.000000,0.000000,0.000000,0.000000,0.000000,0.000000,0.000000,999.997931,0.000000,0.000000,0.000000,0.000000,0.000000,0.000000,0.000000,0.000000,0.000000,0.000000,0.000000,0.000000,0.000000,0.000000,0.000000,0.000000,0.000000,0.000000,0.000000,0.000000,0.000000,0.000000,0.000000,0.000000,0.000000,0.000000,0.000000,0.000000,0.000000,0.000000,0.000000,0.000000,0.000000,0.000000,0.000000,0.000000,0.000000,0.000000,0.000000,0.000000,0.000000,0.000000,0.000000,0.000000,0.000000,0.000000,0.000000,0.000000,0.000000,0.000000,0.000000
0.000000,0.000000,0.000000,0.000000,0.000000,0.000000,0.000000,0.000000,0.000000,0.000000,0.000000,0.000000,0.000000,0.000000,0.000000,0.000000,0.000000,0.000000,0.000000,0.000000,0.000000,0.000000,0.000000,0.000000,0.000000,0.000000,0.000000,0.000000,0.000000,0.000000,0.000000,0.000000,0.000000,0.000000,0.000000,0.000000,0.000000,0.000000,0.000000,0.000000,0.000000,0.000000,999.995701,999.992945,999.992957,999.993576,999.994223,999.994902,999.995681,999.996800,999.997728,999.997875,999.998027,999.998898,999.999900,1000.000502,1000.000986,1000.001429,1000.001813,1000.001770,999.999759,0.000000,0.000000,0.000000,0.000000,0.000000,0.000000,0.000000,0.000000,0.000000,0.000000,0.000000,0.000000,0.000000,0.000000,0.000000,0.000000,0.000000,0.000000,0.000000,0.000000,0.000000,0.000000,0.000000,0.000000,0.000000,0.000000,0.000000,0.000000,0.000000,0.000000,0.000000,0.000000,0.000000,0.000000,0.000000,0.000000,0.000000,0.000000,0.000000,0.000000,0.000000,0.000000
0.000000,0.000000,0.000000,0.000000,0.000000,0.000000,0.000000,0.000000,0.000000,0.000000,0.000000,0.000000,0.000000,0.000000,0.000000,0.000000,0.000000,0.000000,0.000000,0.000000,0.000000,0.000000,0.000000,0.000000,0.000000,0.000000,0.000000,0.000000,0.000000,0.000000,0.000000,0.000000,0.000000,0.000000,0.000000,0.000000,0.000000,999.991453,999.988790,999.988664,999.989931,999.991998,999.994842,999.994164,999.993714,999.993911,999.994436,999.995101,999.995775,999.996480,999.997528,999.997773,999.997999,999.998979,999.999580,1000.000123,1000.000621,1000.000994,1000.001101,1000.000784,1000.000309,1000.002212,1000.003496,1000.004200,1000.003973,1000.002368,0.000000,0.000000,0.000000,0.000000,0.000000,0.000000,0.000000,0.000000,0.000000,0.000000,0.000000,0.000000,0.000000,0.000000,0.000000,0.000000,0.000000,0.000000,0.000000,0.000000,0.000000,0.000000,0.000000,0.000000,0.000000,0.000000,0.000000,0.000000,0.000000,0.000000,0.000000,0.000000,0.000000,0.000000,0.000000,0.000000,0.000000
0.000000,0.000000,0.000000,0.000000,0.000000,0.000000,0.000000,0.000000,0.000000,0.000000,0.000000,0.000000,0.000000,0.000000,0.000000,0.000000,0.000000,0.000000,0.000000,0.000000,0.000000,0.000000,0.000000,0.000000,0.000000,0.000000,0.000000,0.000000,0.000000,0.000000,0.000000,0.000000,0.000000,0.000000,999.988952,999.987029,999.988105,999.990775,999.990326,999.990055,999.990513,999.992242,999.993247,999.993493,999.993778,999.994135,999.994607,999.995196,999.995845,999.996455,999.997097,999.997679,999.998226,999.998816,999.999337,999.999885,1000.000342,1000.000690,1000.000923,1000.001093,1000.001253,1000.001898,1000.002977,1000.003227,1000.003029,1000.002688,1000.004119,1000.004696,1000.003670,0.000000,0.000000,0.000000,0.000000,0.000000,0.000000,0.000000,0.000000,0.000000,0.000000,0.000000,0.000000,0.000000,0.000000,0.000000,0.000000,0.000000,0.000000,0.000000,0.000000,0.000000,0.000000,0.000000,0.000000,0.000000,0.000000,0.000000,0.000000,0.000000,0.000000,0.000000,0.000000,0.000000,0.000000
0.000000,0.000000,0.000000,0.000000,0.000000,0.000000,0.000000,0.000000,0.000000,0.000000,0.000000,0.000000,0.000000,0.000000,0.000000,0.000000,0.000000,0.000000,0.000000,0.000000,0.000000,0.000000,0.000000,0.000000,0.000000,0.000000,0.000000,0.000000,0.000000,0.000000,0.000000,0.000000,999.988155,999.986439,999.988624,999.988435,999.989184,999.989772,999.990019,999.990474,999.991079,999.991940,999.992547,999.993267,999.993745,999.994166,999.994660,999.995207,999.995809,999.996438,999.996995,999.997580,999.998146,999.998664,999.999210,999.999713,1000.000136,1000.000515,1000.000821,1000.001119,1000.001586,1000.001958,1000.002499,1000.002805,1000.003080,1000.003196,1000.003465,1000.003830,1000.003703,1000.004779,1000.003811,0.000000,0.000000,0.000000,0.000000,0.000000,0.000000,0.000000,0.000000,0.000000,0.000000,0.000000,0.000000,0.000000,0.000000,0.000000,0.000000,0.000000,0.000000,0.000000,0.000000,0.000000,0.000000,0.000000,0.000000,0.000000,0.000000,0.000000,0.000000,0.000000,0.000000,0.000000,0.000000
0.000000,0.000000,0.000000,0.000000,0.000000,0.000000,0.000000,0.000000,0.000000,0.000000,0.000000,0.000000,0.000000,0.000000,0.000000,0.000000,0.000000,0.000000,0.000000,0.000000,0.000000,0.000000,0.000000,0.000000,0.000000,0.000000,0.000000,0.000000,0.000000,0.000000,999.986360,999.984716,999.987334,999.987962,999.988278,999.988431,999.989003,999.989413,999.990035,999.990577,999.991166,999.991782,999.992416,999.993053,999.993596,999.994119,999.994667,999.995197,999.995782,999.996373,999.996947,999.997505,999.998074,999.998591,999.999117,999.999588,1000.000022,1000.000422,1000.000805,1000.001162,1000.001565,1000.001950,1000.002319,1000.002650,1000.002925,1000.003263,1000.003466,1000.003713,1000.003756,1000.003920,1000.004198,1000.005401,1000.004624,0.000000,0.000000,0.000000,0.000000,0.000000,0.000000,0.000000,0.000000,0.000000,0.000000,0.000000,0.000000,0.000000,0.000000,0.000000,0.000000,0.000000,0.000000,0.000000,0.000000,0.000000,0.000000,0.000000,0.000000,0.000000,0.000000,0.000000,0.000000,0.000000,0.000000
0.000000,0.000000,0.000000,0.000000,0.000000,0.000000,0.000000,0.000000,0.000000,0.000000,0.000000,0.000000,0.000000,0.000000,0.000000,0.000000,0.000000,0.000000,0.000000,0.000000,0.000000,0.000000,0.000000,0.000000,0.000000,0.000000,0.000000,0.000000,999.984635,999.983122,999.985684,999.986548,999.986973,999.987418,999.987788,999.988437,999.988919,999.989389,999.989959,999.990512,999.991107,999.991684,999.992315,999.992910,999.993498,999.994047,999.994617,999.995183,999.995770,999.996316,999.996898,999.997450,999.998008,999.998513,999.999019,999.999493,999.999955,1000.000354,1000.000758,1000.001149,1000.001534,1000.001911,1000.002269,1000.002617,1000.002897,1000.003184,1000.003411,1000.003652,1000.003932,1000.004088,1000.004288,1000.004450,1000.004822,1000.005958,1000.005190,0.000000,0.000000,0.000000,0.000000,0.000000,0.000000,0.000000,0.000000,0.000000,0.000000,0.000000,0.000000,0.000000,0.000000,0.000000,0.000000,0.000000,0.000000,0.000000,0.000000,0.000000,0.000000,0.000000,0.000000,0.000000,0.000000,0.000000,0.000000
0.000000,0.000000,0.000000,0.000000,0.000000,0.000000,0.000000,0.000000,0.000000,0.000000,0.000000,0.000000,0.000000,0.000000,0.000000,0.000000,0.000000,0.000000,0.000000,0.000000,0.000000,0.000000,0.000000,0.000000,0.000000,0.000000,999.983006,999.981825,999.984121,999.984953,999.985475,999.986056,999.986490,999.987209,999.987736,999.988270,999.988749,999.989307,999.989857,999.990421,999.991006,999.991603,999.992222,999.992819,999.993403,999.993979,999.994563,999.995146,999.995723,999.996279,999.996862,999.997417,999.997951,999.998474,999.998975,999.999458,999.999914,1000.000342,1000.000737,1000.001137,1000.001513,1000.001880,1000.002216,1000.002552,1000.002855,1000.003137,1000.003407,1000.003646,1000.003888,1000.004099,1000.004431,1000.004604,1000.004829,1000.005041,1000.005377,1000.006320,1000.005781,0.000000,0.000000,0.000000,0.000000,0.000000,0.000000,0.000000,0.000000,0.000000,0.000000,0.000000,0.000000,0.000000,0.000000,0.000000,0.000000,0.000000,0.000000,0.000000,0.000000,0.000000,0.000000,0.000000,0.000000,0.000000,0.000000
0.000000,0.000000,0.000000,0.000000,0.000000,0.000000,0.000000,0.000000,0.000000,0.000000,0.000000,0.000000,0.000000,0.000000,0.000000,0.000000,0.000000,0.000000,0.000000,0.000000,0.000000,0.000000,0.000000,0.000000,999.982016,999.981054,999.982805,999.983546,999.984029,999.984642,999.985132,999.985864,999.986438,999.987010,999.987540,999.988069,999.988625,999.989189,999.989745,999.990327,999.990910,999.991529,999.992127,999.992713,999.993321,999.993934,999.994523,999.995091,999.995674,999.996259,999.996834,999.997374,999.997912,999.998448,999.998952,999.999411,999.999868,1000.000316,1000.000737,1000.001137,1000.001518,1000.001888,1000.002228,1000.002549,1000.002857,1000.003138,1000.003401,1000.003655,1000.003897,1000.004129,1000.004383,1000.004621,1000.004917,1000.005100,1000.005352,1000.005519,1000.005791,1000.006480,1000.006041,0.000000,0.000000,0.000000,0.000000,0.000000,0.000000,0.000000,0.000000,0.000000,0.000000,0.000000,0.000000,0.000000,0.000000,0.000000,0.000000,0.000000,0.000000,0.000000,0.000000,0.000000,0.000000,0.000000,0.000000
0.000000,0.000000,0.000000,0.000000,0.000000,0.000000,0.000000,0.000000,0.000000,0.000000,0.000000,0.000000,0.000000,0.000000,0.000000,0.000000,0.000000,0.000000,0.000000,0.000000,0.000000,0.000000,0.000000,999.982303,999.981980,999.982383,999.982874,999.983423,999.983845,999.984557,999.985118,999.985687,999.986249,999.986808,999.987364,999.987921,999.988481,999.989043,999.989609,999.990208,999.990807,999.991414,999.992015,999.992631,999.993246,999.993859,999.994459,999.995056,999.995660,999.996245,999.996812,999.997362,999.997912,999.998442,999.998946,999.999417,999.999883,1000.000322,1000.000737,1000.001131,1000.001508,1000.001862,1000.002216,1000.002541,1000.002848,1000.003140,1000.003413,1000.003668,1000.003923,1000.004164,1000.004393,1000.004628,1000.004866,1000.005086,1000.005370,1000.005519,1000.005713,1000.005882,1000.006014,1000.005825,0.000000,0.000000,0.000000,0.000000,0.000000,0.000000,0.000000,0.000000,0.000000,0.000000,0.000000,0.000000,0.000000,0.000000,0.000000,0.000000,0.000000,0.000000,0.000000,0.000000,0.000000,0.000000,0.000000
0.000000,0.000000,0.000000,0.000000,0.000000,0.000000,0.000000,0.000000,0.000000,0.000000,0.000000,0.000000,0.000000,0.000000,0.000000,0.000000,0.000000,0.000000,0.000000,0.000000,0.000000,999.980439,999.979879,999.981809,999.982257,999.982594,999.982834,999.983387,999.983910,999.984449,999.984987,999.985528,999.986094,999.986637,999.987187,999.987750,999.988322,999.988893,999.989477,999.990091,999.990687,999.991297,999.991923,999.992568,999.993182,999.993784,999.994417,999.995035,999.995639,999.996216,999.996792,999.997363,999.997929,999.998427,999.998937,999.999433,999.999912,1000.000342,1000.000773,1000.001173,1000.001555,1000.001924,1000.002254,1000.002578,1000.002874,1000.003160,1000.003439,1000.003687,1000.003944,1000.004175,1000.004399,1000.004638,1000.004861,1000.005067,1000.005275,1000.005467,1000.005675,1000.005746,1000.005852,1000.005997,1000.006771,1000.006500,0.000000,0.000000,0.000000,0.000000,0.000000,0.000000,0.000000,0.000000,0.000000,0.000000,0.000000,0.000000,0.000000,0.000000,0.000000,0.000000,0.000000,0.000000,0.000000,0.000000,0.000000
0.000000,0.000000,0.000000,0.000000,0.000000,0.000000,0.000000,0.000000,0.000000,0.000000,0.000000,0.000000,0.000000,0.000000,0.000000,0.000000,0.000000,0.000000,0.000000,0.000000,999.980787,999.980730,999.981128,999.981656,999.982062,999.982510,999.982922,999.983379,999.983863,999.984330,999.984856,999.985379,999.985915,999.986457,999.987003,999.987570,999.988135,999.988721,999.989328,999.989935,999.990548,999.991189,999.991824,999.992465,999.993102,999.993746,999.994381,999.995012,999.995612,999.996217,999.996814,999.997394,999.997945,999.998474,999.998984,999.999486,999.999937,1000.000375,1000.000801,1000.001199,1000.001582,1000.001942,1000.002287,1000.002610,1000.002916,1000.003199,1000.003470,1000.003727,1000.003964,1000.004207,1000.004437,1000.004651,1000.004859,1000.005052,1000.005248,1000.005431,1000.005593,1000.005739,1000.005899,1000.006034,1000.006227,1000.006353,1000.006278,0.000000,0.000000,0.000000,0.000000,0.000000,0.000000,0.000000,0.000000,0.000000,0.000000,0.000000,0.000000,0.000000,0.000000,0.000000,0.000000,0.000000,0.000000,0.000000,0.000000
0.000000,0.000000,0.000000,0.000000,0.000000,0.000000,0.000000,0.000000,0.000000,0.000000,0.000000,0.000000,0.000000,0.000000,0.000000,0.000000,0.000000,0.000000,0.000000,999.980468,999.980779,999.980985,999.981373,999.981603,999.982070,999.982483,999.982905,999.983315,999.983769,999.984225,999.984722,999.985218,999.985739,999.986270,999.986820,999.987383,999.987958,999.988550,999.989160,999.989775,999.990419,999.991075,999.991721,999.992371,999.993035,999.993696,999.994347,999.994975,999.995605,999.996243,999.996835,999.997409,999.997958,999.998521,999.999043,999.999539,1000.000008,1000.000463,1000.000892,1000.001291,1000.001664,1000.002023,1000.002350,1000.002667,1000.002970,1000.003241,1000.003516,1000.003763,1000.004001,1000.004229,1000.004453,1000.004653,1000.004860,1000.005053,1000.005230,1000.005402,1000.005554,1000.005700,1000.005859,1000.006020,1000.006093,1000.006220,1000.006269,1000.006375,0.000000,0.000000,0.000000,0.000000,0.000000,0.000000,0.000000,0.000000,0.000000,0.000000,0.000000,0.000000,0.000000,0.000000,0.000000,0.000000,0.000000,0.000000,0.000000
0.000000,0.000000,0.000000,0.000000,0.000000,0.000000,0.000000,0.000000,0.000000,0.000000,0.000000,0.000000,0.000000,0.000000,0.000000,0.000000,0.000000,0.000000,999.980140,999.980514,999.980834,999.981131,999.981435,999.981737,999.982117,999.982483,999.982861,999.983251,999.983663,999.984104,999.984571,999.985047,999.985543,999.986060,999.986599,999.987162,999.987747,999.988352,999.988972,999.989612,999.990267,999.990932,999.991607,999.992288,999.992975,999.993652,999.994313,999.994981,999.995633,999.996279,999.996877,999.997475,999.998052,999.998603,999.999115,999.999604,1000.000078,1000.000530,1000.000948,1000.001348,1000.001742,1000.002097,1000.002431,1000.002747,1000.003042,1000.003320,1000.003577,1000.003834,1000.004060,1000.004283,1000.004480,1000.004680,1000.004870,1000.005059,1000.005219,1000.005376,1000.005537,1000.005674,1000.005812,1000.005942,1000.006047,1000.006156,1000.006256,1000.006345,1000.006460,0.000000,0.000000,0.000000,0.000000,0.000000,0.000000,0.000000,0.000000,0.000000,0.000000,0.000000,0.000000,0.000000,0.000000,0.000000,0.000000,0.000000,0.000000
0.000000,0.000000,0.000000,0.000000,0.000000,0.000000,0.000000,0.000000,0.000000,0.000000,0.000000,0.000000,0.000000,0.000000,0.000000,0.000000,0.000000,999.979856,999.980301,999.980606,999.980902,999.981189,999.981471,999.981779,999.982089,999.982414,999.982772,999.983139,999.983536,999.983946,999.984382,999.984839,999.985329,999.985835,999.986373,999.986936,999.987524,999.988136,999.988775,999.989430,999.990107,999.990785,999.991488,999.992200,999.992899,999.993602,999.994291,999.994990,999.995655,999.996289,999.996927,999.997540,999.998129,999.998689,999.999215,999.999737,1000.000215,1000.000673,1000.001084,1000.001485,1000.001847,1000.002193,1000.002525,1000.002830,1000.003126,1000.003391,1000.003647,1000.003881,1000.004110,1000.004321,1000.004526,1000.004716,1000.004897,1000.005065,1000.005220,1000.005370,1000.005521,1000.005652,1000.005775,1000.005896,1000.006000,1000.006106,1000.006207,1000.006309,1000.006416,1000.006570,0.000000,0.000000,0.000000,0.000000,0.000000,0.000000,0.000000,0.000000,0.000000,0.000000,0.000000,0.000000,0.000000,0.000000,0.000000,0.000000,0.000000
0.000000,0.000000,0.000000,0.000000,0.000000,0.000000,0.000000,0.000000,0.000000,0.000000,0.000000,0.000000,0.000000,0.000000,0.000000,0.000000,999.979844,999.980132,999.980427,999.980706,999.980998,999.981272,999.981536,999.981809,999.982083,999.982390,999.982710,999.983043,999.983402,999.983778,999.984183,999.984616,999.985085,999.985579,999.986118,999.986676,999.987269,999.987891,999.988541,999.989224,999.989923,999.990640,999.991374,999.992104,999.992837,999.993570,999.994308,999.995013,999.995707,999.996384,999.997031,999.997663,999.998235,999.998804,999.999335,999.999843,1000.000318,1000.000764,1000.001205,1000.001614,1000.001981,1000.002330,1000.002654,1000.002959,1000.003229,1000.003505,1000.003742,1000.003975,1000.004178,1000.004388,1000.004577,1000.004752,1000.004920,1000.005075,1000.005238,1000.005372,1000.005504,1000.005621,1000.005744,1000.005864,1000.005966,1000.006060,1000.006167,1000.006260,1000.006363,1000.006474,1000.006580,0.000000,0.000000,0.000000,0.000000,0.000000,0.000000,0.000000,0.000000,0.000000,0.000000,0.000000,0.000000,0.000000,0.000000,0.000000,0.000000
0.000000,0.000000,0.000000,0.000000,0.000000,0.000000,0.000000,0.000000,0.000000,0.000000,0.000000,0.000000,0.000000,0.000000,0.000000,999.979856,999.980132,999.980413,999.980661,999.980887,999.981135,999.981340,999.981556,999.981797,999.982041,999.982309,999.982576,999.982878,999.983199,999.983560,999.983941,999.984356,999.984807,999.985291,999.985822,999.986382,999.986988,999.987620,999.988302,999.988999,999.989730,999.990477,999.991237,999.992005,999.992772,999.993552,999.994296,999.995026,999.995750,999.996452,999.997114,999.997766,999.998377,999.998973,999.999525,1000.000050,1000.000514,1000.000964,1000.001371,1000.001762,1000.002124,1000.002475,1000.002786,1000.003081,1000.003350,1000.003605,1000.003838,1000.004064,1000.004270,1000.004456,1000.004642,1000.004810,1000.004957,1000.005109,1000.005248,1000.005377,1000.005505,1000.005622,1000.005725,1000.005824,1000.005929,1000.006018,1000.006118,1000.006214,1000.006302,1000.006395,1000.006499,1000.006608,0.000000,0.000000,0.000000,0.000000,0.000000,0.000000,0.000000,0.000000,0.000000,0.000000,0.000000,0.000000,0.000000,0.000000,0.000000
0.000000,0.000000,0.000000,0.000000,0.000000,0.000000,0.000000,0.000000,0.000000,0.000000,0.000000,0.000000,0.000000,0.000000,999.980140,999.980301,999.980427,999.980661,999.980805,999.980978,999.981186,999.981361,999.981587,999.981803,999.982017,999.982235,999.982471,999.982740,999.983022,999.983339,999.983681,999.984071,999.984496,999.984970,999.985486,999.986046,999.986654,999.987311,999.988015,999.988741,999.989504,999.990288,999.991101,999.991910,999.992735,999.993539,999.994329,999.995110,999.995867,999.996589,999.997272,999.997930,999.998542,999.999119,999.999663,1000.000178,1000.000688,1000.001148,1000.001571,1000.001956,1000.002312,1000.002643,1000.002950,1000.003234,1000.003503,1000.003739,1000.003960,1000.004174,1000.004367,1000.004538,1000.004704,1000.004863,1000.005010,1000.005142,1000.005271,1000.005378,1000.005493,1000.005613,1000.005711,1000.005799,1000.005890,1000.005980,1000.006065,1000.006151,1000.006245,1000.006318,1000.006411,1000.006481,1000.006555,0.000000,0.000000,0.000000,0.000000,0.000000,0.000000,0.000000,0.000000,0.000000,0.000000,0.000000,0.000000,0.000000,0.000000
0.000000,0.000000,0.000000,0.000000,0.000000,0.000000,0.000000,0.000000,0.000000,0.000000,0.000000,0.000000,0.000000,999.980468,999.980514,999.980606,999.980706,999.980887,999.980978,999.981177,999.981379,999.981496,999.981660,999.981782,999.981915,999.982097,999.982295,999.982521,999.982757,999.983042,999.983354,999.983723,999.984127,999.984588,999.985104,999.985668,999.986297,999.986977,999.987694,999.988458,999.989265,999.990102,999.990949,999.991809,999.992670,999.993510,999.994360,999.995172,999.995956,999.996714,999.997434,999.998136,999.998785,999.999391,999.999950,1000.000452,1000.000919,1000.001365,1000.001772,1000.002159,1000.002516,1000.002838,1000.003128,1000.003407,1000.003650,1000.003891,1000.004095,1000.004290,1000.004473,1000.004639,1000.004791,1000.004927,1000.005069,1000.005185,1000.005307,1000.005416,1000.005507,1000.005596,1000.005695,1000.005781,1000.005859,1000.005944,1000.006013,1000.006091,1000.006171,1000.006248,1000.006316,1000.006391,1000.006441,1000.006500,0.000000,0.000000,0.000000,0.000000,0.000000,0.000000,0.000000,0.000000,0.000000,0.000000,0.000000,0.000000,0.000000
0.000000,0.000000,0.000000,0.000000,0.000000,0.000000,0.000000,0.000000,0.000000,0.000000,0.000000,0.000000,999.980787,999.980779,999.980834,999.980902,999.980998,999.981135,999.981186,999.981379,999.981418,999.981429,999.981606,999.981682,999.981855,999.982019,999.982162,999.982322,999.982526,999.982754,999.983033,999.983356,999.983723,999.984164,999.984661,999.985230,999.985864,999.986560,999.987322,999.988129,999.988998,999.989883,999.990793,999.991717,999.992638,999.993555,999.994447,999.995313,999.996125,999.996912,999.997644,999.998317,999.998961,999.999580,1000.000166,1000.000710,1000.001195,1000.001636,1000.002038,1000.002410,1000.002746,1000.003062,1000.003347,1000.003605,1000.003839,1000.004051,1000.004258,1000.004421,1000.004592,1000.004744,1000.004884,1000.005010,1000.005121,1000.005231,1000.005331,1000.005436,1000.005516,1000.005600,1000.005677,1000.005761,1000.005821,1000.005902,1000.005970,1000.006033,1000.006102,1000.006169,1000.006235,1000.006292,1000.006355,1000.006397,1000.006431,0.000000,0.000000,0.000000,0.000000,0.000000,0.000000,0.000000,0.000000,0.000000,0.000000,0.000000,0.000000
0.000000,0.000000,0.000000,0.000000,0.000000,0.000000,0.000000,0.000000,0.000000,0.000000,0.000000,999.980439,999.980730,999.980985,999.981131,999.981189,999.981272,999.981340,999.981361,999.981496,999.981429,999.981590,999.981759,999.981748,999.981837,999.981858,999.981893,999.982026,999.982177,999.982364,999.982588,999.982879,999.983229,999.983654,999.984149,999.984725,999.985382,999.986110,999.986911,999.987776,999.988691,999.989632,999.990619,999.991603,999.992599,999.993559,999.994502,999.995426,999.996286,999.997144,999.997939,999.998678,999.999339,999.999940,1000.000479,1000.000990,1000.001475,1000.001916,1000.002319,1000.002684,1000.003002,1000.003298,1000.003575,1000.003815,1000.004034,1000.004236,1000.004419,1000.004580,1000.004728,1000.004861,1000.004982,1000.005096,1000.005211,1000.005297,1000.005376,1000.005460,1000.005540,1000.005604,1000.005675,1000.005741,1000.005798,1000.005853,1000.005919,1000.005984,1000.006035,1000.006094,1000.006153,1000.006209,1000.006263,1000.006335,1000.006435,1000.006538,0.000000,0.000000,0.000000,0.000000,0.000000,0.000000,0.000000,0.000000,0.000000,0.000000,0.000000
0.000000,0.000000,0.000000,0.000000,0.000000,0.000000,0.000000,0.000000,0.000000,0.000000,0.000000,999.979879,999.981128,999.981373,999.981435,999.981471,999.981536,999.981556,999.981587,999.981660,999.981606,999.981759,999.981658,999.981490,999.981606,999.981595,999.981704,999.981828,999.981893,999.982002,999.982172,999.982415,999.982714,999.983102,999.983572,999.984144,999.984801,999.985559,999.986413,999.987346,999.988341,999.989382,999.990456,999.991539,999.992607,999.993661,999.994679,999.995649,999.996553,999.997375,999.998153,999.998902,999.999617,1000.000274,1000.000854,1000.001375,1000.001841,1000.002259,1000.002638,1000.002989,1000.003305,1000.003578,1000.003830,1000.004055,1000.004262,1000.004432,1000.004603,1000.004745,1000.004875,1000.004993,1000.005101,1000.005184,1000.005273,1000.005362,1000.005425,1000.005493,1000.005554,1000.005615,1000.005656,1000.005727,1000.005774,1000.005823,1000.005858,1000.005915,1000.005961,1000.006014,1000.006068,1000.006117,1000.006173,1000.006223,1000.006327,1000.006695,0.000000,0.000000,0.000000,0.000000,0.000000,0.000000,0.000000,0.000000,0.000000,0.000000,0.000000
0.000000,0.000000,0.000000,0.000000,0.000000,0.000000,0.000000,0.000000,0.000000,0.000000,999.982303,999.981809,999.981656,999.981603,999.981737,999.981779,999.981809,999.981797,999.981803,999.981782,999.981682,999.981748,999.981490,999.981578,999.981776,999.981587,999.981578,999.981470,999.981392,999.981468,999.981597,999.981777,999.982029,999.982391,999.982855,999.983437,999.984144,999.984960,999.985866,999.986865,999.987940,999.989072,999.990242,999.991405,999.992574,999.993717,999.994797,999.995865,999.996885,999.997812,999.998646,999.999383,1000.000038,1000.000651,1000.001228,1000.001748,1000.002215,1000.002630,1000.002997,1000.003324,1000.003627,1000.003885,1000.004111,1000.004318,1000.004502,1000.004658,1000.004797,1000.004930,1000.005029,1000.005130,1000.005225,1000.005298,1000.005356,1000.005425,1000.005484,1000.005531,1000.005578,1000.005623,1000.005657,1000.005687,1000.005740,1000.005781,1000.005822,1000.005859,1000.005894,1000.005935,1000.005987,1000.006030,1000.006082,1000.006149,1000.006172,1000.006182,1000.006086,0.000000,0.000000,0.000000,0.000000,0.000000,0.000000,0.000000,0.000000,0.000000,0.000000
0.000000,0.000000,0.000000,0.000000,0.000000,0.000000,0.000000,0.000000,0.000000,999.982016,999.981980,999.982257,999.982062,999.982070,999.982117,999.982089,999.982083,999.982041,999.982017,999.981915,999.981855,999.981837,999.981606,999.981776,999.981496,999.981024,999.981086,999.980977,999.981010,999.981102,999.981102,999.981177,999.981368,999.981671,999.982096,999.982659,999.983346,999.984194,999.985186,999.986297,999.987511,999.988778,999.990085,999.991385,999.992683,999.993946,999.995079,999.996140,999.997131,999.998077,999.998980,999.999817,1000.000540,1000.001160,1000.001722,1000.002213,1000.002651,1000.003051,1000.003406,1000.003702,1000.003976,1000.004212,1000.004420,1000.004601,1000.004761,1000.004899,1000.005013,1000.005123,1000.005207,1000.005282,1000.005347,1000.005410,1000.005454,1000.005494,1000.005538,1000.005572,1000.005595,1000.005637,1000.005670,1000.005686,1000.005699,1000.005740,1000.005759,1000.005800,1000.005823,1000.005856,1000.005885,1000.005935,1000.005969,1000.006031,1000.006061,1000.006055,1000.006186,1000.006207,0.000000,0.000000,0.000000,0.000000,0.000000,0.000000,0.000000,0.000000,0.000000
0.000000,0.000000,0.000000,0.000000,0.000000,0.000000,0.000000,0.000000,0.000000,999.981054,999.982383,999.982594,999.982510,999.982483,999.982483,999.982414,999.982390,999.982309,999.982235,999.982097,999.982019,999.981858,999.981595,999.981587,999.981024,999.981003,999.981296,999.980903,999.980726,999.980476,999.980247,999.980290,999.980432,999.980681,999.981076,999.981637,999.982419,999.983351,999.984427,999.985650,999.986964,999.988364,999.989819,999.991269,999.992660,999.994070,999.995426,999.996670,999.997767,999.998722,999.999536,1000.000304,1000.001018,1000.001663,1000.002226,1000.002716,1000.003139,1000.003512,1000.003841,1000.004119,1000.004363,1000.004573,1000.004757,1000.004909,1000.005043,1000.005154,1000.005245,1000.005324,1000.005397,1000.005444,1000.005489,1000.005527,1000.005559,1000.005577,1000.005597,1000.005617,1000.005626,1000.005631,1000.005652,1000.005674,1000.005678,1000.005694,1000.005705,1000.005727,1000.005755,1000.005769,1000.005797,1000.005829,1000.005859,1000.005899,1000.005946,1000.005960,1000.006064,1000.006511,0.000000,0.000000,0.000000,0.000000,0.000000,0.000000,0.000000,0.000000,0.000000
0.000000,0.000000,0.000000,0.000000,0.000000,0.000000,0.000000,0.000000,999.983006,999.982805,999.982874,999.982834,999.982922,999.982905,999.982861,999.982772,999.982710,999.982576,999.982471,999.982295,999.982162,999.981893,999.981704,999.981578,999.981086,999.981296,999.980834,999.979873,999.979810,999.979604,999.979547,999.979630,999.979608,999.979717,999.980052,999.980608,999.981306,999.982272,999.983478,999.984870,999.986431,999.988048,999.989725,999.991397,999.992919,999.994341,999.995687,999.996942,999.998137,999.999265,1000.000225,1000.001004,1000.001698,1000.002299,1000.002825,1000.003288,1000.003686,1000.004026,1000.004321,1000.004572,1000.004786,1000.004967,1000.005117,1000.005244,1000.005341,1000.005429,1000.005495,1000.005543,1000.005584,1000.005613,1000.005634,1000.005646,1000.005660,1000.005653,1000.005661,1000.005657,1000.005663,1000.005652,1000.005637,1000.005647,1000.005646,1000.005646,1000.005650,1000.005652,1000.005675,1000.005685,1000.005693,1000.005734,1000.005740,1000.005779,1000.005819,1000.005891,1000.005932,1000.006006,1000.006018,0.000000,0.000000,0.000000,0.000000,0.000000,0.000000,0.000000,0.000000
0.000000,0.000000,0.000000,0.000000,0.000000,0.000000,0.000000,0.000000,999.981825,999.983546,999.983423,999.983387,999.983379,999.983315,999.983251,999.983139,999.983043,999.982878,999.982740,999.982521,999.982322,999.982026,999.981828,999.981470,999.980977,999.980903,999.979873,999.979579,999.980053,999.979472,999.979034,999.978633,999.978238,999.978300,999.978582,999.979054,999.979929,999.981038,999.982383,999.983942,999.985664,999.987482,999.989345,999.991300,999.993196,999.994942,999.996491,999.997809,999.998898,999.999906,1000.000854,1000.001678,1000.002385,1000.002978,1000.003479,1000.003911,1000.004283,1000.004587,1000.004845,1000.005060,1000.005240,1000.005383,1000.005501,1000.005592,1000.005665,1000.005717,1000.005758,1000.005781,1000.005790,1000.005789,1000.005794,1000.005773,1000.005767,1000.005749,1000.005718,1000.005698,1000.005680,1000.005666,1000.005641,1000.005627,1000.005608,1000.005600,1000.005594,1000.005586,1000.005575,1000.005595,1000.005596,1000.005614,1000.005633,1000.005647,1000.005691,1000.005727,1000.005772,1000.005798,1000.006378,0.000000,0.000000,0.000000,0.000000,0.000000,0.000000,0.000000,0.000000
0.000000,0.000000,0.000000,0.000000,0.000000,0.000000,0.000000,999.984635,999.984121,999.984029,999.983845,999.983910,999.983863,999.983769,999.983663,999.983536,999.983402,999.983199,999.983022,999.982757,999.982526,999.982177,999.981893,999.981392,999.981010,999.980726,999.979810,999.980053,999.979496,999.977795,999.977394,999.977058,999.976885,999.977025,999.977162,999.977616,999.978322,999.979447,999.981021,999.982851,999.985031,999.987285,999.989376,999.991407,999.993347,999.995155,999.996867,999.998500,999.999847,1000.000896,1000.001784,1000.002553,1000.003212,1000.003762,1000.004230,1000.004614,1000.004938,1000.005196,1000.005416,1000.005588,1000.005727,1000.005830,1000.005912,1000.005968,1000.006005,1000.006023,1000.006026,1000.006019,1000.006007,1000.005979,1000.005949,1000.005913,1000.005867,1000.005836,1000.005795,1000.005744,1000.005702,1000.005665,1000.005633,1000.005599,1000.005564,1000.005537,1000.005526,1000.005505,1000.005491,1000.005489,1000.005488,1000.005491,1000.005498,1000.005529,1000.005539,1000.005575,1000.005647,1000.005651,1000.005686,1000.005536,0.000000,0.000000,0.000000,0.000000,0.000000,0.000000,0.000000
0.000000,0.000000,0.000000,0.000000,0.000000,0.000000,0.000000,999.983122,999.984953,999.984642,999.984557,999.984449,999.984330,999.984225,999.984104,999.983946,999.983778,999.983560,999.983339,999.983042,999.982754,999.982364,999.982002,999.981468,999.981102,999.980476,999.979604,999.979472,999.977795,999.976829,999.977447,999.976749,999.976010,999.975512,999.975075,999.975260,999.976250,999.977593,999.979359,999.981531,999.983869,999.986586,999.989378,999.991990,999.994358,999.996346,999.997918,999.999349,1000.000694,1000.001828,1000.002754,1000.003507,1000.004119,1000.004625,1000.005043,1000.005376,1000.005642,1000.005859,1000.006022,1000.006154,1000.006240,1000.006309,1000.006342,1000.006361,1000.006357,1000.006344,1000.006314,1000.006273,1000.006226,1000.006170,1000.006109,1000.006048,1000.005982,1000.005914,1000.005855,1000.005796,1000.005729,1000.005669,1000.005615,1000.005571,1000.005528,1000.005488,1000.005445,1000.005425,1000.005396,1000.005385,1000.005367,1000.005365,1000.005374,1000.005372,1000.005398,1000.005408,1000.005426,1000.005447,1000.005417,1000.006109,0.000000,0.000000,0.000000,0.000000,0.000000,0.000000,0.000000
0.000000,0.000000,0.000000,0.000000,0.000000,0.000000,999.986360,999.985684,999.985475,999.985132,999.985118,999.984987,999.984856,999.984722,999.984571,999.984382,999.984183,999.983941,999.983681,999.983354,999.983033,999.982588,999.982172,999.981597,999.981102,999.980247,999.979547,999.979034,999.977394,999.977447,999.976961,999.974365,999.973224,999.972539,999.972287,999.972943,999.973595,999.974907,999.977182,999.979877,999.982886,999.986035,999.989059,999.991920,999.994634,999.997220,999.999299,1000.000819,1000.002045,1000.003078,1000.003932,1000.004613,1000.005157,1000.005595,1000.005936,1000.006205,1000.006409,1000.006568,1000.006676,1000.006748,1000.006790,1000.006809,1000.006802,1000.006775,1000.006727,1000.006676,1000.006612,1000.006532,1000.006452,1000.006366,1000.006274,1000.006186,1000.006095,1000.006004,1000.005911,1000.005828,1000.005755,1000.005670,1000.005592,1000.005530,1000.005472,1000.005424,1000.005373,1000.005331,1000.005301,1000.005265,1000.005248,1000.005236,1000.005230,1000.005230,1000.005225,1000.005247,1000.005253,1000.005294,1000.005235,1000.005245,1000.005109,0.000000,0.000000,0.000000,0.000000,0.000000,0.000000
0.000000,0.000000,0.000000,0.000000,0.000000,0.000000,999.984716,999.986548,999.986056,999.985864,999.985687,999.985528,999.985379,999.985218,999.985047,999.984839,999.984616,999.984356,999.984071,999.983723,999.983356,999.982879,999.982415,999.981777,999.981177,999.980290,999.979630,999.978633,999.977058,999.976749,999.974365,999.971956,999.972143,999.971396,999.970572,999.970036,999.970489,999.972266,999.974760,999.978366,999.982205,999.986139,999.990086,999.993474,999.996088,999.998371,1000.000487,1000.002198,1000.003494,1000.004485,1000.005249,1000.005840,1000.006301,1000.006647,1000.006907,1000.007092,1000.007232,1000.007313,1000.007361,1000.007377,1000.007362,1000.007326,1000.007270,1000.007207,1000.007116,1000.007016,1000.006912,1000.006802,1000.006682,1000.006569,1000.006442,1000.006319,1000.006203,1000.006084,1000.005973,1000.005859,1000.005762,1000.005672,1000.005573,1000.005489,1000.005412,1000.005345,1000.005283,1000.005228,1000.005185,1000.005154,1000.005118,1000.005097,1000.005073,1000.005071,1000.005074,1000.005062,1000.005070,1000.005072,1000.005057,1000.004948,1000.005662,0.000000,0.000000,0.000000,0.000000,0.000000,0.000000
0.000000,0.000000,0.000000,0.000000,0.000000,999.988155,999.987334,999.986973,999.986490,999.986438,999.986249,999.986094,999.985915,999.985739,999.985543,999.985329,999.985085,999.984807,999.984496,999.984127,999.983723,999.983229,999.982714,999.982029,999.981368,999.980432,999.979608,999.978238,999.976885,999.976010,999.973224,999.972143,999.971611,999.968135,999.965782,999.965133,999.965297,999.967213,999.970445,999.974591,999.979858,999.985257,999.990083,999.994625,999.998262,1000.000748,1000.002620,1000.004115,1000.005269,1000.006125,1000.006748,1000.007219,1000.007550,1000.007789,1000.007944,1000.008048,1000.008095,1000.008108,1000.008079,1000.008037,1000.007964,1000.007868,1000.007760,1000.007642,1000.007514,1000.007371,1000.007224,1000.007070,1000.006922,1000.006763,1000.006617,1000.006458,1000.006310,1000.006164,1000.006028,1000.005896,1000.005763,1000.005647,1000.005545,1000.005445,1000.005344,1000.005266,1000.005193,1000.005125,1000.005065,1000.005022,1000.004980,1000.004949,1000.004918,1000.004904,1000.004901,1000.004882,1000.004870,1000.004876,1000.004915,1000.004809,1000.004753,1000.004458,0.000000,0.000000,0.000000,0.000000,0.000000
0.000000,0.000000,0.000000,0.000000,0.000000,999.986439,999.987962,999.987418,999.987209,999.987010,999.986808,999.986637,999.986457,999.986270,999.986060,999.985835,999.985579,999.985291,999.984970,999.984588,999.984164,999.983654,999.983102,999.982391,999.981671,999.980681,999.979717,999.978300,999.977025,999.975512,999.972539,999.971396,999.968135,999.963424,999.961543,999.959758,999.960041,999.962511,999.966592,999.973156,999.979944,999.986082,999.991643,999.996198,1000.000098,1000.003050,1000.005031,1000.006386,1000.007320,1000.007976,1000.008421,1000.008718,1000.008902,1000.009001,1000.009049,1000.009043,1000.008996,1000.008930,1000.008831,1000.008711,1000.008577,1000.008432,1000.008264,1000.008095,1000.007912,1000.007730,1000.007542,1000.007349,1000.007152,1000.006961,1000.006772,1000.006590,1000.006412,1000.006238,1000.006074,1000.005918,1000.005768,1000.005629,1000.005497,1000.005386,1000.005270,1000.005172,1000.005090,1000.005008,1000.004941,1000.004880,1000.004831,1000.004793,1000.004761,1000.004732,1000.004720,1000.004703,1000.004701,1000.004672,1000.004657,1000.004652,1000.004519,1000.005166,0.000000,0.000000,0.000000,0.000000,0.000000
0.000000,0.000000,0.000000,0.000000,999.988952,999.988624,999.988278,999.987788,999.987736,999.987540,999.987364,999.987187,999.987003,999.986820,999.986599,999.986373,999.986118,999.985822,999.985486,999.985104,999.984661,999.984149,999.983572,999.982855,999.982096,999.981076,999.980052,999.978582,999.977162,999.975075,999.972287,999.970572,999.965782,999.961543,999.957882,999.953147,999.951572,999.953069,999.959538,999.968806,999.978548,999.988222,999.995693,1000.000536,1000.003942,1000.006365,1000.008003,1000.009028,1000.009653,1000.010030,1000.010234,1000.010323,1000.010324,1000.010285,1000.010196,1000.010081,1000.009931,1000.009780,1000.009602,1000.009412,1000.009207,1000.009003,1000.008782,1000.008555,1000.008327,1000.008092,1000.007855,1000.007624,1000.007392,1000.007161,1000.006937,1000.006715,1000.006505,1000.006306,1000.006107,1000.005927,1000.005758,1000.005597,1000.005446,1000.005310,1000.005187,1000.005073,1000.004970,1000.004880,1000.004802,1000.004737,1000.004674,1000.004627,1000.004593,1000.004553,1000.004535,1000.004516,1000.004505,1000.004499,1000.004482,1000.004526,1000.004390,1000.004355,1000.004316,0.000000,0.000000,0.000000,0.000000
0.000000,0.000000,0.000000,0.000000,999.987029,999.988435,999.988431,999.988437,999.988270,999.988069,999.987921,999.987750,999.987570,999.987383,999.987162,999.986936,999.986676,999.986382,999.986046,999.985668,999.985230,999.984725,999.984144,999.983437,999.982659,999.981637,999.980608,999.979054,999.977616,999.975260,999.972943,999.970036,999.965133,999.959758,999.953147,999.942809,999.936041,999.940317,999.949805,999.961903,999.976944,999.989829,999.998769,1000.005335,1000.008802,1000.010606,1000.011576,1000.012052,1000.012245,1000.012253,1000.012161,1000.012003,1000.011818,1000.011604,1000.011374,1000.011138,1000.010895,1000.010637,1000.010387,1000.010119,1000.009854,1000.009576,1000.009303,1000.009019,1000.008741,1000.008460,1000.008178,1000.007892,1000.007622,1000.007350,1000.007092,1000.006836,1000.006589,1000.006359,1000.006140,1000.005928,1000.005732,1000.005552,1000.005383,1000.005231,1000.005086,1000.004962,1000.004847,1000.004738,1000.004656,1000.004571,1000.004512,1000.004449,1000.004409,1000.004369,1000.004336,1000.004324,1000.004311,1000.004298,1000.004291,1000.004307,1000.004345,1000.004440,1000.005091,0.000000,0.000000,0.000000,0.000000
