0.000000,0.000000,0.000000,0.000000,0.000000,0.000000,0.000000,0.000000,0.000000,0.000000,0.000000,0.000000,0.000000,0.000000,0.000000,0.000000,0.000000,0.000000,0.000000,0.000000,0.000000,0.000000,0.000000,0.000000,0.000000,0.000000,0.000000,0.000000,0.000000,0.000000,0.000000,0.000000,0.000000,0.000000,0.000000,0.000000,0.000000,0.000000,0.000000,0.000000,0.000000,0.000000,0.000000,0.000000,0.000000,0.000000,0.000000,0.000000,0.000000,0.000000,0.000000,0.000000,0.000000,0.000000,0.000000,0.000000,0.000000,0.000000,0.000000,0.000000,0.000000,0.000000,0.000000,0.000000,0.000000,0.000000,0.000000,0.000000,0.000000,0.000000,0.000000,0.000000,0.000000,0.000000,0.000000,0.000000,0.000000,0.000000,0.000000,0.000000,0.000000,0.000000,0.000000,0.000000,0.000000,0.000000,0.000000,0.000000,0.000000,0.000000,0.000000,0.000000,0.000000,0.000000,0.000000,0.000000,0.000000,0.000000,0.000000,0.000000,0.000000,0.000000,0.000000
0.000000,0.000000,0.000000,0.000000,0.000000,0.000000,0.000000,0.000000,0.000000,0.000000,0.000000,0.000000,0.000000,0.000000,0.000000,0.000000,0.000000,0.000000,0.000000,0.000000,0.000000,0.000000,0.000000,0.000000,0.000000,0.000000,0.000000,0.000000,0.000000,0.000000,0.000000,0.000000,0.000000,0.000000,0.000000,0.000000,0.000000,0.000000,0.000000,0.000000,0.000000,0.000000,0.000000,0.000000,0.000000,0.000000,0.000000,0.000000,0.000000,0.000000,0.000000,999.997585,0.000000,0.000000,0.000000,0.000000,0.000000,0.000000,0.000000,0.000000,0.000000,0.000000,0.000000,0.000000,0.000000,0.000000,0.000000,0.000000,0.000000,0.000000,0.000000,0.000000,0.000000,0.000000,0.000000,0.000000,0.000000,0.000000,0.000000,0.000000,0.000000,0.000000,0.000000,0.000000,0.000000,0.000000,0.000000,0.000000,0.000000,0.000000,0.000000,0.000000,0.000000,0.000000,0.000000,0.000000,0.000000,0.000000,0.000000,0.000000,0.000000,0.000000,0.000000
0.000000,0.000000,0.000000,0.000000,0.000000,0.000000,0.000000,0.000000,0.000000,0.000000,0.000000,0.000000,0.000000,0.000000,0.000000,0.000000,0.000000,0.000000,0.000000,0.000000,0.000000,0.000000,0.000000,0.000000,0.000000,0.000000,0.000000,0.000000,0.000000,0.000000,0.000000,0.000000,0.000000,0.000000,0.000000,0.000000,0.000000,0.000000,0.000000,0.000000,0.000000,0.000000,999.995278,999.992423,999.992434,999.993076,999.993745,999.994460,999.995251,999.996421,999.997378,999.997540,999.997694,999.998600,999.999638,1000.000261,1000.000772,1000.001230,1000.001629,1000.001582,999.999490,0.000000,0.000000,0.000000,0.000000,0.000000,0.000000,0.000000,0.000000,0.000000,0.000000,0.000000,0.000000,0.000000,0.000000,0.000000,0.000000,0.000000,0.000000,0.000000,0.000000,0.000000,0.000000,0.000000,0.000000,0.000000,0.000000,0.000000,0.000000,0.000000,0.000000,0.000000,0.000000,0.000000,0.000000,0.000000,0.000000,0.000000,0.000000,0.000000,0.000000,0.000000,0.000000
0.000000,0.000000,0.000000,0.000000,0.000000,0.000000,0.000000,0.000000,0.000000,0.000000,0.000000,0.000000,0.000000,0.000000,0.000000,0.000000,0.000000,0.000000,0.000000,0.000000,0.000000,0.000000,0.000000,0.000000,0.000000,0.000000,0.000000,0.000000,0.000000,0.000000,0.000000,0.000000,0.000000,0.000000,0.000000,0.000000,0.000000,999.990879,999.988140,999.987997,999.989309,999.991452,999.994396,999.993683,999.993231,999.993427,999.993980,999.994660,999.995363,999.996095,999.997183,999.997426,999.997668,999.998685,999.999308,999.999878,1000.000392,1000.000786,1000.000902,1000.000565,1000.000063,1000.002055,1000.003397,1000.004122,1000.003890,1000.002212,0.000000,0.000000,0.000000,0.000000,0.000000,0.000000,0.000000,0.000000,0.000000,0.000000,0.000000,0.000000,0.000000,0.000000,0.000000,0.000000,0.000000,0.000000,0.000000,0.000000,0.000000,0.000000,0.000000,0.000000,0.000000,0.000000,0.000000,0.000000,0.000000,0.000000,0.000000,0.000000,0.000000,0.000000,0.000000,0.000000,0.000000
0.000000,0.000000,0.000000,0.000000,0.000000,0.000000,0.000000,0.000000,0.000000,0.000000,0.000000,0.000000,0.000000,0.000000,0.000000,0.000000,0.000000,0.000000,0.000000,0.000000,0.000000,0.000000,0.000000,0.000000,0.000000,0.000000,0.000000,0.000000,0.000000,0.000000,0.000000,0.000000,0.000000,0.000000,999.988305,999.986314,999.987432,999.990196,999.989712,999.989444,999.989913,999.991708,999.992733,999.993006,999.993296,999.993662,999.994152,999.994754,999.995438,999.996066,999.996740,999.997333,999.997906,999.998515,999.999065,999.999632,1000.000104,1000.000462,1000.000714,1000.000891,1000.001052,1000.001717,1000.002848,1000.003108,1000.002897,1000.002555,1000.004048,1000.004636,1000.003574,0.000000,0.000000,0.000000,0.000000,0.000000,0.000000,0.000000,0.000000,0.000000,0.000000,0.000000,0.000000,0.000000,0.000000,0.000000,0.000000,0.000000,0.000000,0.000000,0.000000,0.000000,0.000000,0.000000,0.000000,0.000000,0.000000,0.000000,0.000000,0.000000,0.000000,0.000000,0.000000,0.000000,0.000000
0.000000,0.000000,0.000000,0.000000,0.000000,0.000000,0.000000,0.000000,0.000000,0.000000,0.000000,0.000000,0.000000,0.000000,0.000000,0.000000,0.000000,0.000000,0.000000,0.000000,0.000000,0.000000,0.000000,0.000000,0.000000,0.000000,0.000000,0.000000,0.000000,0.000000,0.000000,0.000000,999.987480,999.985718,999.987967,999.987769,999.988549,999.989140,999.989404,999.989890,999.990512,999.991395,999.992018,999.992774,999.993256,999.993696,999.994208,999.994781,999.995403,999.996039,999.996628,999.997242,999.997836,999.998368,999.998933,999.999452,999.999901,1000.000280,1000.000598,1000.000919,1000.001415,1000.001793,1000.002348,1000.002683,1000.002959,1000.003082,1000.003367,1000.003746,1000.003620,1000.004743,1000.003724,0.000000,0.000000,0.000000,0.000000,0.000000,0.000000,0.000000,0.000000,0.000000,0.000000,0.000000,0.000000,0.000000,0.000000,0.000000,0.000000,0.000000,0.000000,0.000000,0.000000,0.000000,0.000000,0.000000,0.000000,0.000000,0.000000,0.000000,0.000000,0.000000,0.000000,0.000000,0.000000
0.000000,0.000000,0.000000,0.000000,0.000000,0.000000,0.000000,0.000000,0.000000,0.000000,0.000000,0.000000,0.000000,0.000000,0.000000,0.000000,0.000000,0.000000,0.000000,0.000000,0.000000,0.000000,0.000000,0.000000,0.000000,0.000000,0.000000,0.000000,0.000000,0.000000,999.985638,999.983943,999.986638,999.987281,999.987612,999.987780,999.988361,999.988785,999.989440,999.989992,999.990581,999.991227,999.991893,999.992558,999.993106,999.993656,999.994213,999.994786,999.995380,999.995995,999.996583,999.997177,999.997748,999.998297,999.998830,999.999332,999.999788,1000.000205,1000.000589,1000.000964,1000.001385,1000.001789,1000.002173,1000.002516,1000.002806,1000.003157,1000.003365,1000.003631,1000.003668,1000.003837,1000.004137,1000.005392,1000.004585,0.000000,0.000000,0.000000,0.000000,0.000000,0.000000,0.000000,0.000000,0.000000,0.000000,0.000000,0.000000,0.000000,0.000000,0.000000,0.000000,0.000000,0.000000,0.000000,0.000000,0.000000,0.000000,0.000000,0.000000,0.000000,0.000000,0.000000,0.000000,0.000000,0.000000
0.000000,0.000000,0.000000,0.000000,0.000000,0.000000,0.000000,0.000000,0.000000,0.000000,0.000000,0.000000,0.000000,0.000000,0.000000,0.000000,0.000000,0.000000,0.000000,0.000000,0.000000,0.000000,0.000000,0.000000,0.000000,0.000000,0.000000,0.000000,999.983863,999.982293,999.984942,999.985825,999.986269,999.986732,999.987110,999.987772,999.988279,999.988764,999.989361,999.989910,999.990526,999.991146,999.991796,999.992404,999.993007,999.993598,999.994176,999.994755,999.995355,999.995949,999.996527,999.997115,999.997677,999.998227,999.998748,999.999236,999.999700,1000.000140,1000.000552,1000.000959,1000.001351,1000.001754,1000.002117,1000.002490,1000.002777,1000.003074,1000.003321,1000.003569,1000.003856,1000.004015,1000.004234,1000.004406,1000.004784,1000.005980,1000.005176,0.000000,0.000000,0.000000,0.000000,0.000000,0.000000,0.000000,0.000000,0.000000,0.000000,0.000000,0.000000,0.000000,0.000000,0.000000,0.000000,0.000000,0.000000,0.000000,0.000000,0.000000,0.000000,0.000000,0.000000,0.000000,0.000000,0.000000,0.000000
0.000000,0.000000,0.000000,0.000000,0.000000,0.000000,0.000000,0.000000,0.000000,0.000000,0.000000,0.000000,0.000000,0.000000,0.000000,0.000000,0.000000,0.000000,0.000000,0.000000,0.000000,0.000000,0.000000,0.000000,0.000000,0.000000,999.982179,999.980967,999.983327,999.984192,999.984731,999.985316,999.985781,999.986521,999.987055,999.987609,999.988106,999.988677,999.989248,999.989831,999.990460,999.991069,999.991697,999.992300,999.992922,999.993531,999.994119,999.994726,999.995326,999.995918,999.996508,999.997085,999.997645,999.998184,999.998704,999.999203,999.999667,1000.000120,1000.000540,1000.000950,1000.001342,1000.001728,1000.002077,1000.002419,1000.002743,1000.003030,1000.003316,1000.003560,1000.003817,1000.004045,1000.004378,1000.004566,1000.004806,1000.005028,1000.005378,1000.006362,1000.005799,0.000000,0.000000,0.000000,0.000000,0.000000,0.000000,0.000000,0.000000,0.000000,0.000000,0.000000,0.000000,0.000000,0.000000,0.000000,0.000000,0.000000,0.000000,0.000000,0.000000,0.000000,0.000000,0.000000,0.000000,0.000000,0.000000
0.000000,0.000000,0.000000,0.000000,0.000000,0.000000,0.000000,0.000000,0.000000,0.000000,0.000000,0.000000,0.000000,0.000000,0.000000,0.000000,0.000000,0.000000,0.000000,0.000000,0.000000,0.000000,0.000000,0.000000,999.981161,999.980178,999.981972,999.982742,999.983237,999.983877,999.984370,999.985135,999.985726,999.986310,999.986858,999.987418,999.987983,999.988569,999.989134,999.989745,999.990352,999.990973,999.991588,999.992230,999.992849,999.993457,999.994070,999.994690,999.995282,999.995885,999.996471,999.997052,999.997603,999.998152,999.998667,999.999168,999.999649,1000.000099,1000.000533,1000.000950,1000.001340,1000.001736,1000.002087,1000.002425,1000.002738,1000.003043,1000.003310,1000.003577,1000.003838,1000.004076,1000.004327,1000.004585,1000.004899,1000.005091,1000.005352,1000.005531,1000.005816,1000.006536,1000.006078,0.000000,0.000000,0.000000,0.000000,0.000000,0.000000,0.000000,0.000000,0.000000,0.000000,0.000000,0.000000,0.000000,0.000000,0.000000,0.000000,0.000000,0.000000,0.000000,0.000000,0.000000,0.000000,0.000000,0.000000
0.000000,0.000000,0.000000,0.000000,0.000000,0.000000,0.000000,0.000000,0.000000,0.000000,0.000000,0.000000,0.000000,0.000000,0.000000,0.000000,0.000000,0.000000,0.000000,0.000000,0.000000,0.000000,0.000000,999.981472,999.981130,999.981544,999.982059,999.982616,999.983053,999.983782,999.984360,999.984957,999.985535,999.986104,999.986688,999.987261,999.987834,999.988418,999.989020,999.989624,999.990247,999.990860,999.991504,999.992143,999.992777,999.993400,999.994036,999.994659,999.995267,999.995869,999.996469,999.997044,999.997608,999.998164,999.998681,999.999180,999.999653,1000.000116,1000.000541,1000.000964,1000.001352,1000.001717,1000.002085,1000.002424,1000.002748,1000.003048,1000.003328,1000.003599,1000.003859,1000.004118,1000.004354,1000.004608,1000.004839,1000.005075,1000.005370,1000.005532,1000.005739,1000.005912,1000.006050,1000.005855,0.000000,0.000000,0.000000,0.000000,0.000000,0.000000,0.000000,0.000000,0.000000,0.000000,0.000000,0.000000,0.000000,0.000000,0.000000,0.000000,0.000000,0.000000,0.000000,0.000000,0.000000,0.000000,0.000000
0.000000,0.000000,0.000000,0.000000,0.000000,0.000000,0.000000,0.000000,0.000000,0.000000,0.000000,0.000000,0.000000,0.000000,0.000000,0.000000,0.000000,0.000000,0.000000,0.000000,0.000000,999.979551,999.978956,999.980955,999.981410,999.981767,999.982007,999.982579,999.983121,999.983676,999.984234,999.984790,999.985374,999.985937,999.986516,999.987083,999.987673,999.988269,999.988875,999.989495,999.990119,999.990763,999.991414,999.992049,999.992695,999.993351,999.993988,999.994617,999.995241,999.995862,999.996463,999.997045,999.997610,999.998158,999.998688,999.999198,999.999682,1000.000140,1000.000584,1000.001011,1000.001411,1000.001781,1000.002127,1000.002467,1000.002773,1000.003073,1000.003356,1000.003628,1000.003879,1000.004132,1000.004380,1000.004613,1000.004844,1000.005064,1000.005287,1000.005488,1000.005700,1000.005774,1000.005886,1000.006049,1000.006857,1000.006561,0.000000,0.000000,0.000000,0.000000,0.000000,0.000000,0.000000,0.000000,0.000000,0.000000,0.000000,0.000000,0.000000,0.000000,0.000000,0.000000,0.000000,0.000000,0.000000,0.000000,0.000000
0.000000,0.000000,0.000000,0.000000,0.000000,0.000000,0.000000,0.000000,0.000000,0.000000,0.000000,0.000000,0.000000,0.000000,0.000000,0.000000,0.000000,0.000000,0.000000,0.000000,999.979901,999.979844,999.980254,999.980798,999.981222,999.981677,999.982108,999.982581,999.983067,999.983569,999.984103,999.984647,999.985194,999.985757,999.986321,999.986906,999.987505,999.988103,999.988725,999.989353,999.989998,999.990656,999.991316,999.991967,999.992640,999.993308,999.993958,999.994600,999.995243,999.995876,999.996482,999.997078,999.997659,999.998207,999.998737,999.999251,999.999734,1000.000188,1000.000621,1000.001034,1000.001430,1000.001818,1000.002171,1000.002507,1000.002820,1000.003121,1000.003405,1000.003668,1000.003920,1000.004165,1000.004400,1000.004632,1000.004844,1000.005068,1000.005256,1000.005444,1000.005622,1000.005775,1000.005937,1000.006079,1000.006283,1000.006423,1000.006348,0.000000,0.000000,0.000000,0.000000,0.000000,0.000000,0.000000,0.000000,0.000000,0.000000,0.000000,0.000000,0.000000,0.000000,0.000000,0.000000,0.000000,0.000000,0.000000,0.000000
0.000000,0.000000,0.000000,0.000000,0.000000,0.000000,0.000000,0.000000,0.000000,0.000000,0.000000,0.000000,0.000000,0.000000,0.000000,0.000000,0.000000,0.000000,0.000000,999.979579,999.979898,999.980104,999.980513,999.980751,999.981232,999.981659,999.982100,999.982511,999.982986,999.983457,999.983971,999.984481,999.985017,999.985570,999.986136,999.986715,999.987311,999.987921,999.988554,999.989205,999.989860,999.990528,999.991197,999.991890,999.992570,999.993247,999.993918,999.994591,999.995247,999.995879,999.996497,999.997104,999.997697,999.998259,999.998796,999.999311,999.999802,1000.000284,1000.000730,1000.001141,1000.001530,1000.001898,1000.002243,1000.002575,1000.002886,1000.003180,1000.003453,1000.003717,1000.003969,1000.004206,1000.004429,1000.004644,1000.004865,1000.005052,1000.005248,1000.005417,1000.005586,1000.005745,1000.005901,1000.006073,1000.006147,1000.006280,1000.006342,1000.006422,0.000000,0.000000,0.000000,0.000000,0.000000,0.000000,0.000000,0.000000,0.000000,0.000000,0.000000,0.000000,0.000000,0.000000,0.000000,0.000000,0.000000,0.000000,0.000000
0.000000,0.000000,0.000000,0.000000,0.000000,0.000000,0.000000,0.000000,0.000000,0.000000,0.000000,0.000000,0.000000,0.000000,0.000000,0.000000,0.000000,0.000000,999.979233,999.979628,999.979953,999.980261,999.980581,999.980886,999.981277,999.981655,999.982043,999.982447,999.982888,999.983341,999.983813,999.984303,999.984827,999.985364,999.985920,999.986498,999.987106,999.987728,999.988370,999.989032,999.989713,999.990399,999.991103,999.991807,999.992510,999.993201,999.993910,999.994600,999.995269,999.995925,999.996571,999.997190,999.997775,999.998347,999.998888,999.999403,999.999889,1000.000347,1000.000797,1000.001216,1000.001613,1000.001991,1000.002333,1000.002666,1000.002973,1000.003258,1000.003527,1000.003784,1000.004027,1000.004256,1000.004472,1000.004678,1000.004878,1000.005065,1000.005237,1000.005415,1000.005558,1000.005714,1000.005854,1000.006000,1000.006105,1000.006214,1000.006315,1000.006425,1000.006556,0.000000,0.000000,0.000000,0.000000,0.000000,0.000000,0.000000,0.000000,0.000000,0.000000,0.000000,0.000000,0.000000,0.000000,0.000000,0.000000,0.000000,0.000000
0.000000,0.000000,0.000000,0.000000,0.000000,0.000000,0.000000,0.000000,0.000000,0.000000,0.000000,0.000000,0.000000,0.000000,0.000000,0.000000,0.000000,999.978953,999.979411,999.979721,999.980028,999.980329,999.980612,999.980928,999.981256,999.981595,999.981958,999.982345,999.982757,999.983173,999.983625,999.984106,999.984613,999.985134,999.985692,999.986274,999.986886,999.987516,999.988176,999.988848,999.989545,999.990265,999.990983,999.991713,999.992443,999.993169,999.993904,999.994595,999.995289,999.995964,999.996630,999.997256,999.997862,999.998443,999.999007,999.999540,1000.000046,1000.000513,1000.000937,1000.001354,1000.001734,1000.002102,1000.002449,1000.002762,1000.003058,1000.003349,1000.003611,1000.003863,1000.004086,1000.004307,1000.004526,1000.004718,1000.004900,1000.005081,1000.005253,1000.005404,1000.005558,1000.005692,1000.005832,1000.005949,1000.006070,1000.006168,1000.006283,1000.006386,1000.006505,1000.006631,0.000000,0.000000,0.000000,0.000000,0.000000,0.000000,0.000000,0.000000,0.000000,0.000000,0.000000,0.000000,0.000000,0.000000,0.000000,0.000000,0.000000
0.000000,0.000000,0.000000,0.000000,0.000000,0.000000,0.000000,0.000000,0.000000,0.000000,0.000000,0.000000,0.000000,0.000000,0.000000,0.000000,999.978930,999.979231,999.979540,999.979824,999.980129,999.980407,999.980682,999.980970,999.981262,999.981575,999.981900,999.982257,999.982616,999.983008,999.983431,999.983886,999.984365,999.984874,999.985428,999.986008,999.986617,999.987267,999.987943,999.988643,999.989368,999.990109,999.990862,999.991622,999.992389,999.993157,999.993896,999.994634,999.995363,999.996065,999.996728,999.997380,999.997994,999.998586,999.999128,999.999649,1000.000144,1000.000629,1000.001074,1000.001500,1000.001886,1000.002243,1000.002578,1000.002901,1000.003182,1000.003459,1000.003717,1000.003954,1000.004183,1000.004383,1000.004593,1000.004767,1000.004943,1000.005109,1000.005263,1000.005407,1000.005547,1000.005675,1000.005804,1000.005913,1000.006031,1000.006129,1000.006233,1000.006342,1000.006453,1000.006563,1000.006705,0.000000,0.000000,0.000000,0.000000,0.000000,0.000000,0.000000,0.000000,0.000000,0.000000,0.000000,0.000000,0.000000,0.000000,0.000000,0.000000
0.000000,0.000000,0.000000,0.000000,0.000000,0.000000,0.000000,0.000000,0.000000,0.000000,0.000000,0.000000,0.000000,0.000000,0.000000,999.978953,999.979231,999.979532,999.979785,999.980017,999.980273,999.980481,999.980712,999.980960,999.981213,999.981479,999.981773,999.982083,999.982422,999.982789,999.983193,999.983619,999.984079,999.984593,999.985134,999.985719,999.986343,999.987002,999.987695,999.988428,999.989175,999.989948,999.990735,999.991533,999.992329,999.993123,999.993895,999.994671,999.995425,999.996140,999.996833,999.997505,999.998146,999.998755,999.999341,999.999875,1000.000365,1000.000829,1000.001255,1000.001664,1000.002046,1000.002400,1000.002724,1000.003038,1000.003327,1000.003582,1000.003822,1000.004053,1000.004270,1000.004468,1000.004647,1000.004825,1000.004993,1000.005144,1000.005289,1000.005421,1000.005554,1000.005668,1000.005781,1000.005894,1000.005998,1000.006098,1000.006189,1000.006286,1000.006397,1000.006492,1000.006590,1000.006703,0.000000,0.000000,0.000000,0.000000,0.000000,0.000000,0.000000,0.000000,0.000000,0.000000,0.000000,0.000000,0.000000,0.000000,0.000000
0.000000,0.000000,0.000000,0.000000,0.000000,0.000000,0.000000,0.000000,0.000000,0.000000,0.000000,0.000000,0.000000,0.000000,999.979233,999.979411,999.979540,999.979785,999.979924,999.980100,999.980330,999.980504,999.980751,999.980966,999.981186,999.981422,999.981672,999.981947,999.982240,999.982572,999.982932,999.983325,999.983777,999.984265,999.984794,999.985381,999.986008,999.986686,999.987405,999.988161,999.988950,999.989767,999.990602,999.991443,999.992284,999.993118,999.993956,999.994759,999.995533,999.996280,999.997003,999.997691,999.998317,999.998911,999.999490,1000.000040,1000.000554,1000.001035,1000.001473,1000.001871,1000.002250,1000.002595,1000.002913,1000.003202,1000.003479,1000.003734,1000.003967,1000.004175,1000.004385,1000.004557,1000.004742,1000.004896,1000.005053,1000.005182,1000.005319,1000.005442,1000.005563,1000.005665,1000.005771,1000.005863,1000.005968,1000.006060,1000.006152,1000.006233,1000.006330,1000.006422,1000.006506,1000.006588,1000.006676,0.000000,0.000000,0.000000,0.000000,0.000000,0.000000,0.000000,0.000000,0.000000,0.000000,0.000000,0.000000,0.000000,0.000000
0.000000,0.000000,0.000000,0.000000,0.000000,0.000000,0.000000,0.000000,0.000000,0.000000,0.000000,0.000000,0.000000,999.979579,999.979628,999.979721,999.979824,999.980017,999.980100,999.980328,999.980532,999.980651,999.980829,999.980951,999.981103,999.981289,999.981497,999.981725,999.981979,999.982272,999.982599,999.982981,999.983406,999.983876,999.984409,999.984993,999.985643,999.986343,999.987091,999.987882,999.988713,999.989572,999.990454,999.991334,999.992231,999.993109,999.993983,999.994819,999.995632,999.996426,999.997179,999.997896,999.998587,999.999215,999.999786,1000.000312,1000.000801,1000.001263,1000.001701,1000.002095,1000.002461,1000.002801,1000.003112,1000.003393,1000.003653,1000.003889,1000.004120,1000.004312,1000.004503,1000.004672,1000.004831,1000.004981,1000.005115,1000.005239,1000.005360,1000.005463,1000.005575,1000.005676,1000.005767,1000.005855,1000.005933,1000.006020,1000.006105,1000.006180,1000.006259,1000.006340,1000.006420,1000.006494,1000.006561,1000.006601,0.000000,0.000000,0.000000,0.000000,0.000000,0.000000,0.000000,0.000000,0.000000,0.000000,0.000000,0.000000,0.000000
0.000000,0.000000,0.000000,0.000000,0.000000,0.000000,0.000000,0.000000,0.000000,0.000000,0.000000,0.000000,999.979901,999.979898,999.979953,999.980028,999.980129,999.980273,999.980330,999.980532,999.980563,999.980586,999.980765,999.980853,999.981032,999.981207,999.981356,999.981528,999.981743,999.981987,999.982270,999.982609,999.982995,999.983450,999.983966,999.984560,999.985208,999.985929,999.986707,999.987549,999.988438,999.989356,999.990293,999.991250,999.992214,999.993156,999.994077,999.994965,999.995832,999.996652,999.997398,999.998087,999.998770,999.999421,1000.000024,1000.000591,1000.001098,1000.001560,1000.001981,1000.002368,1000.002716,1000.003043,1000.003338,1000.003611,1000.003855,1000.004075,1000.004280,1000.004464,1000.004640,1000.004791,1000.004939,1000.005060,1000.005190,1000.005301,1000.005411,1000.005501,1000.005584,1000.005675,1000.005761,1000.005833,1000.005915,1000.005982,1000.006062,1000.006133,1000.006202,1000.006265,1000.006336,1000.006403,1000.006467,1000.006516,1000.006555,0.000000,0.000000,0.000000,0.000000,0.000000,0.000000,0.000000,0.000000,0.000000,0.000000,0.000000,0.000000
0.000000,0.000000,0.000000,0.000000,0.000000,0.000000,0.000000,0.000000,0.000000,0.000000,0.000000,999.979551,999.979844,999.980104,999.980261,999.980329,999.980407,999.980481,999.980504,999.980651,999.980586,999.980753,999.980949,999.980927,999.981033,999.981047,999.981099,999.981240,999.981399,999.981591,999.981829,999.982137,999.982493,999.982933,999.983447,999.984043,999.984717,999.985472,999.986293,999.987191,999.988128,999.989111,999.990118,999.991142,999.992163,999.993164,999.994142,999.995097,999.995999,999.996874,999.997713,999.998484,999.999169,999.999798,1000.000359,1000.000900,1000.001404,1000.001857,1000.002272,1000.002657,1000.003000,1000.003309,1000.003585,1000.003839,1000.004072,1000.004274,1000.004468,1000.004629,1000.004794,1000.004923,1000.005050,1000.005171,1000.005274,1000.005368,1000.005458,1000.005547,1000.005627,1000.005687,1000.005756,1000.005829,1000.005886,1000.005947,1000.006007,1000.006074,1000.006135,1000.006199,1000.006253,1000.006309,1000.006368,1000.006449,1000.006556,1000.006647,0.000000,0.000000,0.000000,0.000000,0.000000,0.000000,0.000000,0.000000,0.000000,0.000000,0.000000
0.000000,0.000000,0.000000,0.000000,0.000000,0.000000,0.000000,0.000000,0.000000,0.000000,0.000000,999.978956,999.980254,999.980513,999.980581,999.980612,999.980682,999.980712,999.980751,999.980829,999.980765,999.980949,999.980838,999.980658,999.980793,999.980784,999.980907,999.981034,999.981105,999.981225,999.981414,999.981659,999.981974,999.982372,999.982857,999.983449,999.984129,999.984913,999.985795,999.986748,999.987775,999.988849,999.989959,999.991073,999.992186,999.993266,999.994328,999.995345,999.996270,999.997117,999.997941,999.998731,999.999465,1000.000148,1000.000758,1000.001299,1000.001786,1000.002230,1000.002625,1000.002986,1000.003315,1000.003606,1000.003871,1000.004098,1000.004314,1000.004499,1000.004672,1000.004816,1000.004950,1000.005072,1000.005179,1000.005275,1000.005369,1000.005443,1000.005512,1000.005581,1000.005649,1000.005709,1000.005756,1000.005812,1000.005871,1000.005919,1000.005966,1000.006018,1000.006066,1000.006124,1000.006177,1000.006235,1000.006282,1000.006333,1000.006442,1000.006814,0.000000,0.000000,0.000000,0.000000,0.000000,0.000000,0.000000,0.000000,0.000000,0.000000,0.000000
0.000000,0.000000,0.000000,0.000000,0.000000,0.000000,0.000000,0.000000,0.000000,0.000000,999.981472,999.980955,999.980798,999.980751,999.980886,999.980928,999.980970,999.980960,999.980966,999.980951,999.980853,999.980927,999.980658,999.980762,999.980985,999.980793,999.980782,999.980682,999.980604,999.980698,999.980828,999.981016,999.981279,999.981659,999.982140,999.982738,999.983464,999.984298,999.985236,999.986268,999.987369,999.988532,999.989736,999.990948,999.992157,999.993330,999.994450,999.995561,999.996622,999.997594,999.998458,999.999222,999.999905,1000.000549,1000.001156,1000.001699,1000.002183,1000.002620,1000.003013,1000.003351,1000.003658,1000.003929,1000.004176,1000.004382,1000.004577,1000.004737,1000.004887,1000.005011,1000.005127,1000.005230,1000.005319,1000.005393,1000.005464,1000.005532,1000.005582,1000.005631,1000.005677,1000.005726,1000.005765,1000.005806,1000.005836,1000.005882,1000.005918,1000.005961,1000.006002,1000.006044,1000.006085,1000.006136,1000.006198,1000.006269,1000.006291,1000.006304,1000.006219,0.000000,0.000000,0.000000,0.000000,0.000000,0.000000,0.000000,0.000000,0.000000,0.000000
0.000000,0.000000,0.000000,0.000000,0.000000,0.000000,0.000000,0.000000,0.000000,999.981161,999.981130,999.981410,999.981222,999.981232,999.981277,999.981256,999.981262,999.981213,999.981186,999.981103,999.981032,999.981033,999.980793,999.980985,999.980708,999.980200,999.980273,999.980180,999.980218,999.980320,999.980324,999.980402,999.980613,999.980926,999.981366,999.981947,999.982652,999.983516,999.984543,999.985680,999.986931,999.988236,999.989585,999.990921,999.992260,999.993572,999.994753,999.995844,999.996875,999.997870,999.998804,999.999676,1000.000442,1000.001093,1000.001674,1000.002193,1000.002656,1000.003068,1000.003435,1000.003761,1000.004035,1000.004288,1000.004505,1000.004694,1000.004859,1000.004998,1000.005123,1000.005230,1000.005319,1000.005397,1000.005466,1000.005520,1000.005563,1000.005617,1000.005651,1000.005687,1000.005708,1000.005744,1000.005766,1000.005802,1000.005818,1000.005843,1000.005873,1000.005902,1000.005932,1000.005970,1000.006001,1000.006045,1000.006078,1000.006135,1000.006188,1000.006183,1000.006309,1000.006325,0.000000,0.000000,0.000000,0.000000,0.000000,0.000000,0.000000,0.000000,0.000000
0.000000,0.000000,0.000000,0.000000,0.000000,0.000000,0.000000,0.000000,0.000000,999.980178,999.981544,999.981767,999.981677,999.981659,999.981655,999.981595,999.981575,999.981479,999.981422,999.981289,999.981207,999.981047,999.980784,999.980793,999.980200,999.980180,999.980525,999.980131,999.979944,999.979701,999.979462,999.979517,999.979665,999.979922,999.980320,999.980902,999.981708,999.982663,999.983771,999.985014,999.986368,999.987808,999.989315,999.990796,999.992237,999.993699,999.995111,999.996396,999.997545,999.998535,999.999388,1000.000194,1000.000948,1000.001616,1000.002202,1000.002719,1000.003171,1000.003561,1000.003902,1000.004196,1000.004458,1000.004673,1000.004867,1000.005022,1000.005166,1000.005276,1000.005375,1000.005459,1000.005524,1000.005572,1000.005619,1000.005664,1000.005681,1000.005706,1000.005722,1000.005742,1000.005753,1000.005762,1000.005769,1000.005782,1000.005799,1000.005813,1000.005822,1000.005841,1000.005858,1000.005882,1000.005918,1000.005948,1000.005982,1000.006013,1000.006059,1000.006084,1000.006188,1000.006642,0.000000,0.000000,0.000000,0.000000,0.000000,0.000000,0.000000,0.000000,0.000000
0.000000,0.000000,0.000000,0.000000,0.000000,0.000000,0.000000,0.000000,999.982179,999.981972,999.982059,999.982007,999.982108,999.982100,999.982043,999.981958,999.981900,999.981773,999.981672,999.981497,999.981356,999.981099,999.980907,999.980782,999.980273,999.980525,999.980078,999.979051,999.978989,999.978791,999.978738,999.978842,999.978826,999.978936,999.979292,999.979864,999.980578,999.981562,999.982801,999.984218,999.985828,999.987482,999.989204,999.990935,999.992506,999.993973,999.995361,999.996678,999.997924,999.999101,1000.000102,1000.000930,1000.001648,1000.002284,1000.002843,1000.003326,1000.003745,1000.004109,1000.004411,1000.004684,1000.004905,1000.005094,1000.005252,1000.005381,1000.005488,1000.005578,1000.005642,1000.005691,1000.005739,1000.005761,1000.005777,1000.005796,1000.005808,1000.005798,1000.005797,1000.005794,1000.005786,1000.005786,1000.005775,1000.005771,1000.005764,1000.005775,1000.005775,1000.005777,1000.005790,1000.005795,1000.005807,1000.005844,1000.005860,1000.005904,1000.005943,1000.006012,1000.006056,1000.006135,1000.006148,0.000000,0.000000,0.000000,0.000000,0.000000,0.000000,0.000000,0.000000
0.000000,0.000000,0.000000,0.000000,0.000000,0.000000,0.000000,0.000000,999.980967,999.982742,999.982616,999.982579,999.982581,999.982511,999.982447,999.982345,999.982257,999.982083,999.981947,999.981725,999.981528,999.981240,999.981034,999.980682,999.980180,999.980131,999.979051,999.978723,999.979274,999.978700,999.978261,999.977854,999.977441,999.977513,999.977802,999.978276,999.979165,999.980299,999.981675,999.983273,999.985038,999.986888,999.988809,999.990825,999.992789,999.994589,999.996206,999.997574,999.998709,999.999762,1000.000765,1000.001631,1000.002367,1000.002999,1000.003538,1000.003988,1000.004373,1000.004701,1000.004976,1000.005199,1000.005392,1000.005537,1000.005667,1000.005763,1000.005834,1000.005890,1000.005931,1000.005946,1000.005965,1000.005973,1000.005955,1000.005935,1000.005923,1000.005908,1000.005878,1000.005855,1000.005824,1000.005804,1000.005780,1000.005757,1000.005740,1000.005722,1000.005711,1000.005710,1000.005712,1000.005715,1000.005714,1000.005728,1000.005752,1000.005764,1000.005814,1000.005850,1000.005896,1000.005920,1000.006506,0.000000,0.000000,0.000000,0.000000,0.000000,0.000000,0.000000,0.000000
0.000000,0.000000,0.000000,0.000000,0.000000,0.000000,0.000000,999.983863,999.983327,999.983237,999.983053,999.983121,999.983067,999.982986,999.982888,999.982757,999.982616,999.982422,999.982240,999.981979,999.981743,999.981399,999.981105,999.980604,999.980218,999.979944,999.978989,999.979274,999.978768,999.976989,999.976550,999.976206,999.976035,999.976190,999.976330,999.976803,999.977522,999.978676,999.980279,999.982140,999.984366,999.986686,999.988826,999.990911,999.992911,999.994792,999.996577,999.998278,999.999690,1000.000796,1000.001731,1000.002541,1000.003236,1000.003819,1000.004318,1000.004724,1000.005067,1000.005349,1000.005581,1000.005760,1000.005909,1000.006021,1000.006107,1000.006166,1000.006200,1000.006218,1000.006226,1000.006213,1000.006188,1000.006167,1000.006138,1000.006090,1000.006043,1000.006001,1000.005953,1000.005909,1000.005863,1000.005818,1000.005779,1000.005744,1000.005708,1000.005679,1000.005655,1000.005632,1000.005618,1000.005605,1000.005611,1000.005619,1000.005624,1000.005643,1000.005658,1000.005701,1000.005771,1000.005779,1000.005813,1000.005662,0.000000,0.000000,0.000000,0.000000,0.000000,0.000000,0.000000
0.000000,0.000000,0.000000,0.000000,0.000000,0.000000,0.000000,999.982293,999.984192,999.983877,999.983782,999.983676,999.983569,999.983457,999.983341,999.983173,999.983008,999.982789,999.982572,999.982272,999.981987,999.981591,999.981225,999.980698,999.980320,999.979701,999.978791,999.978700,999.976989,999.975915,999.976582,999.975940,999.975204,999.974714,999.974259,999.974439,999.975447,999.976807,999.978589,999.980799,999.983185,999.985960,999.988824,999.991508,999.993955,999.996016,999.997649,999.999143,1000.000561,1000.001762,1000.002735,1000.003534,1000.004195,1000.004734,1000.005169,1000.005532,1000.005819,1000.006049,1000.006224,1000.006361,1000.006463,1000.006528,1000.006566,1000.006587,1000.006587,1000.006564,1000.006538,1000.006496,1000.006437,1000.006373,1000.006315,1000.006252,1000.006176,1000.006105,1000.006032,1000.005960,1000.005896,1000.005837,1000.005773,1000.005718,1000.005669,1000.005625,1000.005590,1000.005560,1000.005528,1000.005516,1000.005493,1000.005491,1000.005490,1000.005496,1000.005522,1000.005526,1000.005549,1000.005569,1000.005543,1000.006249,0.000000,0.000000,0.000000,0.000000,0.000000,0.000000,0.000000
0.000000,0.000000,0.000000,0.000000,0.000000,0.000000,999.985638,999.984942,999.984731,999.984370,999.984360,999.984234,999.984103,999.983971,999.983813,999.983625,999.983431,999.983193,999.982932,999.982599,999.982270,999.981829,999.981414,999.980828,999.980324,999.979462,999.978738,999.978261,999.976550,999.976582,999.976226,999.973590,999.972373,999.971634,999.971358,999.972035,999.972685,999.974002,999.976309,999.979054,999.982117,999.985332,999.988431,999.991387,999.994199,999.996888,999.999061,1000.000658,1000.001960,1000.003049,1000.003961,1000.004686,1000.005277,1000.005742,1000.006115,1000.006402,1000.006631,1000.006793,1000.006919,1000.006992,1000.007047,1000.007061,1000.007055,1000.007025,1000.006990,1000.006921,1000.006852,1000.006775,1000.006692,1000.006594,1000.006495,1000.006399,1000.006300,1000.006205,1000.006110,1000.006015,1000.005927,1000.005844,1000.005764,1000.005695,1000.005631,1000.005569,1000.005511,1000.005464,1000.005434,1000.005403,1000.005380,1000.005354,1000.005356,1000.005350,1000.005354,1000.005368,1000.005376,1000.005425,1000.005356,1000.005372,1000.005230,0.000000,0.000000,0.000000,0.000000,0.000000,0.000000
0.000000,0.000000,0.000000,0.000000,0.000000,0.000000,999.983943,999.985825,999.985316,999.985135,999.984957,999.984790,999.984647,999.984481,999.984303,999.984106,999.983886,999.983619,999.983325,999.982981,999.982609,999.982137,999.981659,999.981016,999.980402,999.979517,999.978842,999.977854,999.976206,999.975940,999.973590,999.971016,999.971120,999.970420,999.969647,999.969115,999.969556,999.971374,999.973910,999.977561,999.981448,999.985434,999.989473,999.992953,999.995647,999.998029,1000.000255,1000.002074,1000.003452,1000.004511,1000.005337,1000.005981,1000.006471,1000.006850,1000.007139,1000.007347,1000.007495,1000.007588,1000.007650,1000.007666,1000.007656,1000.007621,1000.007567,1000.007486,1000.007401,1000.007300,1000.007184,1000.007063,1000.006942,1000.006816,1000.006686,1000.006554,1000.006425,1000.006301,1000.006183,1000.006063,1000.005951,1000.005849,1000.005744,1000.005653,1000.005577,1000.005503,1000.005435,1000.005378,1000.005323,1000.005287,1000.005246,1000.005225,1000.005212,1000.005189,1000.005179,1000.005186,1000.005189,1000.005191,1000.005174,1000.005075,1000.005815,0.000000,0.000000,0.000000,0.000000,0.000000,0.000000
0.000000,0.000000,0.000000,0.000000,0.000000,999.987480,999.986638,999.986269,999.985781,999.985726,999.985535,999.985374,999.985194,999.985017,999.984827,999.984613,999.984365,999.984079,999.983777,999.983406,999.982995,999.982493,999.981974,999.981279,999.980613,999.979665,999.978826,999.977441,999.976035,999.975204,999.972373,999.971120,999.970685,999.967334,999.964919,999.964205,999.964350,999.966265,999.969492,999.973635,999.978954,999.984468,999.989409,999.994078,999.997852,1000.000463,1000.002444,1000.004038,1000.005282,1000.006211,1000.006902,1000.007411,1000.007790,1000.008048,1000.008234,1000.008347,1000.008412,1000.008425,1000.008415,1000.008360,1000.008293,1000.008194,1000.008091,1000.007958,1000.007820,1000.007677,1000.007525,1000.007362,1000.007196,1000.007032,1000.006870,1000.006711,1000.006548,1000.006396,1000.006244,1000.006106,1000.005966,1000.005848,1000.005731,1000.005620,1000.005511,1000.005423,1000.005349,1000.005277,1000.005207,1000.005154,1000.005119,1000.005072,1000.005055,1000.005034,1000.005017,1000.005010,1000.004996,1000.004986,1000.005035,1000.004931,1000.004862,1000.004566,0.000000,0.000000,0.000000,0.000000,0.000000
0.000000,0.000000,0.000000,0.000000,0.000000,999.985718,999.987281,999.986732,999.986521,999.986310,999.986104,999.985937,999.985757,999.985570,999.985364,999.985134,999.984874,999.984593,999.984265,999.983876,999.983450,999.982933,999.982372,999.981659,999.980926,999.979922,999.978936,999.977513,999.976190,999.974714,999.971634,999.970420,999.967334,999.962549,999.960453,999.958579,999.958816,999.961267,999.965347,999.971985,999.978906,999.985157,999.990837,999.995542,999.999635,1000.002778,1000.004907,1000.006379,1000.007412,1000.008150,1000.008647,1000.008986,1000.009208,1000.009335,1000.009396,1000.009402,1000.009372,1000.009301,1000.009208,1000.009087,1000.008951,1000.008795,1000.008628,1000.008449,1000.008259,1000.008060,1000.007864,1000.007662,1000.007461,1000.007257,1000.007051,1000.006858,1000.006667,1000.006484,1000.006307,1000.006139,1000.005979,1000.005826,1000.005691,1000.005567,1000.005451,1000.005337,1000.005243,1000.005163,1000.005089,1000.005025,1000.004975,1000.004921,1000.004886,1000.004855,1000.004841,1000.004821,1000.004818,1000.004801,1000.004774,1000.004765,1000.004639,1000.005315,0.000000,0.000000,0.000000,0.000000,0.000000
0.000000,0.000000,0.000000,0.000000,999.988305,999.987967,999.987612,999.987110,999.987055,999.986858,999.986688,999.986516,999.986321,999.986136,999.985920,999.985692,999.985428,999.985134,999.984794,999.984409,999.983966,999.983447,999.982857,999.982140,999.981366,999.980320,999.979292,999.977802,999.976330,999.974259,999.971358,999.969647,999.964919,999.960453,999.956595,999.951858,999.950380,999.951909,999.958425,999.967829,999.977637,999.987341,999.994906,999.999902,1000.003502,1000.006134,1000.007951,1000.009120,1000.009845,1000.010290,1000.010550,1000.010674,1000.010711,1000.010685,1000.010611,1000.010498,1000.010363,1000.010202,1000.010024,1000.009828,1000.009626,1000.009403,1000.009176,1000.008942,1000.008702,1000.008453,1000.008204,1000.007957,1000.007710,1000.007473,1000.007235,1000.007001,1000.006775,1000.006560,1000.006355,1000.006164,1000.005982,1000.005811,1000.005646,1000.005499,1000.005373,1000.005246,1000.005134,1000.005037,1000.004952,1000.004875,1000.004816,1000.004759,1000.004722,1000.004684,1000.004658,1000.004636,1000.004619,1000.004618,1000.004598,1000.004637,1000.004506,1000.004473,1000.004408,0.000000,0.000000,0.000000,0.000000
0.000000,0.000000,0.000000,0.000000,999.986314,999.987769,999.987780,999.987772,999.987609,999.987418,999.987261,999.987083,999.986906,999.986715,999.986498,999.986274,999.986008,999.985719,999.985381,999.984993,999.984560,999.984043,999.983449,999.982738,999.981947,999.980902,999.979864,999.978276,999.976803,999.974439,999.972035,999.969115,999.964205,999.958579,999.951858,999.941710,999.934968,999.939155,999.948645,999.960737,999.975737,999.988576,999.997654,1000.004599,1000.008418,1000.010488,1000.011659,1000.012277,1000.012556,1000.012625,1000.012580,1000.012455,1000.012284,1000.012080,1000.011862,1000.011623,1000.011380,1000.011122,1000.010861,1000.010586,1000.010311,1000.010026,1000.009735,1000.009441,1000.009146,1000.008853,1000.008556,1000.008258,1000.007966,1000.007681,1000.007402,1000.007139,1000.006880,1000.006634,1000.006394,1000.006169,1000.005963,1000.005770,1000.005597,1000.005422,1000.005272,1000.005140,1000.005014,1000.004902,1000.004809,1000.004717,1000.004649,1000.004584,1000.004538,1000.004492,1000.004463,1000.004442,1000.004421,1000.004416,1000.004408,1000.004426,1000.004460,1000.004554,1000.005231,0.000000,0.000000,0.000000,0.000000
