0.000000,0.000000,0.000000,0.000000,0.000000,0.000000,0.000000,0.000000,0.000000,0.000000,0.000000,0.000000,0.000000,0.000000,0.000000,0.000000,0.000000,0.000000,0.000000,0.000000,0.000000,0.000000,0.000000,0.000000,0.000000,0.000000,0.000000,0.000000,0.000000,0.000000,0.000000,0.000000,0.000000,0.000000,0.000000,0.000000,0.000000,0.000000,0.000000,0.000000,0.000000,0.000000,0.000000,0.000000,0.000000,0.000000,0.000000,0.000000,0.000000,0.000000,0.000000,0.000000,0.000000,0.000000,0.000000,0.000000,0.000000,0.000000,0.000000,0.000000,0.000000,0.000000,0.000000,0.000000,0.000000,0.000000,0.000000,0.000000,0.000000,0.000000,0.000000,0.000000,0.000000,0.000000,0.000000,0.000000,0.000000,0.000000,0.000000,0.000000,0.000000,0.000000,0.000000,0.000000,0.000000,0.000000,0.000000,0.000000,0.000000,0.000000,0.000000,0.000000,0.000000,0.000000,0.000000,0.000000,0.000000,0.000000,0.000000,0.000000,0.000000,0.000000,0.000000
0.000000,0.000000,0.000000,0.000000,0.000000,0.000000,0.000000,0.000000,0.000000,0.000000,0.000000,0.000000,0.000000,0.000000,0.000000,0.000000,0.000000,0.000000,0.000000,0.000000,0.000000,0.000000,0.000000,0.000000,0.000000,0.000000,0.000000,0.000000,0.000000,0.000000,0.000000,0.000000,0.000000,0.000000,0.000000,0.000000,0.000000,0.000000,0.000000,0.000000,0.000000,0.000000,0.000000,0.000000,0.000000,0.000000,0.000000,0.000000,0.000000,0.000000,0.000000,999.996030,0.000000,0.000000,0.000000,0.000000,0.000000,0.000000,0.000000,0.000000,0.000000,0.000000,0.000000,0.000000,0.000000,0.000000,0.000000,0.000000,0.000000,0.000000,0.000000,0.000000,0.000000,0.000000,0.000000,0.000000,0.000000,0.000000,0.000000,0.000000,0.000000,0.000000,0.000000,0.000000,0.000000,0.000000,0.000000,0.000000,0.000000,0.000000,0.000000,0.000000,0.000000,0.000000,0.000000,0.000000,0.000000,0.000000,0.000000,0.000000,0.000000,0.000000,0.000000
0.000000,0.000000,0.000000,0.000000,0.000000,0.000000,0.000000,0.000000,0.000000,0.000000,0.000000,0.000000,0.000000,0.000000,0.000000,0.000000,0.000000,0.000000,0.000000,0.000000,0.000000,0.000000,0.000000,0.000000,0.000000,0.000000,0.000000,0.000000,0.000000,0.000000,0.000000,0.000000,0.000000,0.000000,0.000000,0.000000,0.000000,0.000000,0.000000,0.000000,0.000000,0.000000,999.994017,999.992857,999.993012,999.993317,999.994003,999.994218,999.994750,999.995239,999.995701,999.995988,999.996058,999.996707,999.997157,999.997477,999.997797,999.998216,999.998493,999.998423,999.997850,0.000000,0.000000,0.000000,0.000000,0.000000,0.000000,0.000000,0.000000,0.000000,0.000000,0.000000,0.000000,0.000000,0.000000,0.000000,0.000000,0.000000,0.000000,0.000000,0.000000,0.000000,0.000000,0.000000,0.000000,0.000000,0.000000,0.000000,0.000000,0.000000,0.000000,0.000000,0.000000,0.000000,0.000000,0.000000,0.000000,0.000000,0.000000,0.000000,0.000000,0.000000,0.000000
0.000000,0.000000,0.000000,0.000000,0.000000,0.000000,0.000000,0.000000,0.000000,0.000000,0.000000,0.000000,0.000000,0.000000,0.000000,0.000000,0.000000,0.000000,0.000000,0.000000,0.000000,0.000000,0.000000,0.000000,0.000000,0.000000,0.000000,0.000000,0.000000,0.000000,0.000000,0.000000,0.000000,0.000000,0.000000,0.000000,0.000000,999.991606,999.990234,999.990449,999.991157,999.992269,999.993632,999.993468,999.993344,999.993649,999.993816,999.994336,999.994688,999.995215,999.995754,999.996014,999.996218,999.996645,999.997147,999.997386,999.997725,999.997887,999.998064,999.998156,999.997994,999.998868,999.999502,999.999921,999.999899,999.999394,0.000000,0.000000,0.000000,0.000000,0.000000,0.000000,0.000000,0.000000,0.000000,0.000000,0.000000,0.000000,0.000000,0.000000,0.000000,0.000000,0.000000,0.000000,0.000000,0.000000,0.000000,0.000000,0.000000,0.000000,0.000000,0.000000,0.000000,0.000000,0.000000,0.000000,0.000000,0.000000,0.000000,0.000000,0.000000,0.000000,0.000000
0.000000,0.000000,0.000000,0.000000,0.000000,0.000000,0.000000,0.000000,0.000000,0.000000,0.000000,0.000000,0.000000,0.000000,0.000000,0.000000,0.000000,0.000000,0.000000,0.000000,0.000000,0.000000,0.000000,0.000000,0.000000,0.000000,0.000000,0.000000,0.000000,0.000000,0.000000,0.000000,0.000000,0.000000,999.990022,999.989070,999.989881,999.991185,999.991053,999.991134,999.991435,999.992431,999.992790,999.992995,999.993376,999.993612,999.993844,999.994255,999.994679,999.995032,999.995600,999.995934,999.996300,999.996468,999.996979,999.997298,999.997803,999.997887,999.997954,999.998227,999.998469,999.998883,999.999414,999.999498,999.999480,999.999534,1000.000275,1000.000459,1000.000198,0.000000,0.000000,0.000000,0.000000,0.000000,0.000000,0.000000,0.000000,0.000000,0.000000,0.000000,0.000000,0.000000,0.000000,0.000000,0.000000,0.000000,0.000000,0.000000,0.000000,0.000000,0.000000,0.000000,0.000000,0.000000,0.000000,0.000000,0.000000,0.000000,0.000000,0.000000,0.000000,0.000000,0.000000
0.000000,0.000000,0.000000,0.000000,0.000000,0.000000,0.000000,0.000000,0.000000,0.000000,0.000000,0.000000,0.000000,0.000000,0.000000,0.000000,0.000000,0.000000,0.000000,0.000000,0.000000,0.000000,0.000000,0.000000,0.000000,0.000000,0.000000,0.000000,0.000000,0.000000,0.000000,0.000000,999.989396,999.988627,999.989769,999.989944,999.990352,999.990673,999.991026,999.991215,999.991742,999.992152,999.992564,999.992988,999.993483,999.993742,999.994108,999.994408,999.994747,999.995060,999.995490,999.995892,999.996110,999.996631,999.996817,999.997200,999.997469,999.997878,999.998104,999.998187,999.998439,999.998732,999.999121,999.999465,999.999493,999.999616,999.999927,1000.000168,1000.000143,1000.000659,1000.000413,0.000000,0.000000,0.000000,0.000000,0.000000,0.000000,0.000000,0.000000,0.000000,0.000000,0.000000,0.000000,0.000000,0.000000,0.000000,0.000000,0.000000,0.000000,0.000000,0.000000,0.000000,0.000000,0.000000,0.000000,0.000000,0.000000,0.000000,0.000000,0.000000,0.000000,0.000000,0.000000
0.000000,0.000000,0.000000,0.000000,0.000000,0.000000,0.000000,0.000000,0.000000,0.000000,0.000000,0.000000,0.000000,0.000000,0.000000,0.000000,0.000000,0.000000,0.000000,0.000000,0.000000,0.000000,0.000000,0.000000,0.000000,0.000000,0.000000,0.000000,0.000000,0.000000,999.988385,999.987599,999.988843,999.989370,999.989821,999.990029,999.990209,999.990516,999.990852,999.991213,999.991664,999.992061,999.992583,999.992969,999.993250,999.993620,999.993917,999.994423,999.994719,999.995259,999.995528,999.995777,999.996312,999.996666,999.996964,999.997280,999.997382,999.997823,999.998183,999.998379,999.998498,999.998809,999.999123,999.999453,999.999634,999.999713,999.999860,1000.000192,1000.000241,1000.000438,1000.000494,1000.001076,1000.000834,0.000000,0.000000,0.000000,0.000000,0.000000,0.000000,0.000000,0.000000,0.000000,0.000000,0.000000,0.000000,0.000000,0.000000,0.000000,0.000000,0.000000,0.000000,0.000000,0.000000,0.000000,0.000000,0.000000,0.000000,0.000000,0.000000,0.000000,0.000000,0.000000,0.000000
0.000000,0.000000,0.000000,0.000000,0.000000,0.000000,0.000000,0.000000,0.000000,0.000000,0.000000,0.000000,0.000000,0.000000,0.000000,0.000000,0.000000,0.000000,0.000000,0.000000,0.000000,0.000000,0.000000,0.000000,0.000000,0.000000,0.000000,0.000000,999.987162,999.986536,999.987941,999.988590,999.988944,999.989195,999.989508,999.989698,999.990121,999.990390,999.990881,999.991362,999.991669,999.992028,999.992416,999.992917,999.993087,999.993697,999.993953,999.994356,999.994802,999.995225,999.995556,999.995846,999.996309,999.996572,999.996930,999.997238,999.997487,999.997701,999.998004,999.998364,999.998709,999.998842,999.999041,999.999219,999.999595,999.999762,999.999924,1000.000054,1000.000282,1000.000488,1000.000574,1000.000722,1000.000982,1000.001449,1000.001296,0.000000,0.000000,0.000000,0.000000,0.000000,0.000000,0.000000,0.000000,0.000000,0.000000,0.000000,0.000000,0.000000,0.000000,0.000000,0.000000,0.000000,0.000000,0.000000,0.000000,0.000000,0.000000,0.000000,0.000000,0.000000,0.000000,0.000000,0.000000
0.000000,0.000000,0.000000,0.000000,0.000000,0.000000,0.000000,0.000000,0.000000,0.000000,0.000000,0.000000,0.000000,0.000000,0.000000,0.000000,0.000000,0.000000,0.000000,0.000000,0.000000,0.000000,0.000000,0.000000,0.000000,0.000000,999.986304,999.985818,999.986978,999.987596,999.987920,999.988235,999.988449,999.988950,999.989327,999.989713,999.990055,999.990443,999.991002,999.991294,999.991565,999.991974,999.992492,999.992974,999.993326,999.993642,999.994118,999.994428,999.994773,999.995123,999.995498,999.996041,999.996179,999.996558,999.996963,999.997255,999.997597,999.997802,999.998070,999.998357,999.998671,999.998877,999.999072,999.999348,999.999533,999.999762,999.999994,1000.000112,1000.000215,1000.000450,1000.000817,1000.000876,1000.001040,1000.001133,1000.001306,1000.001743,1000.001610,0.000000,0.000000,0.000000,0.000000,0.000000,0.000000,0.000000,0.000000,0.000000,0.000000,0.000000,0.000000,0.000000,0.000000,0.000000,0.000000,0.000000,0.000000,0.000000,0.000000,0.000000,0.000000,0.000000,0.000000,0.000000,0.000000
0.000000,0.000000,0.000000,0.000000,0.000000,0.000000,0.000000,0.000000,0.000000,0.000000,0.000000,0.000000,0.000000,0.000000,0.000000,0.000000,0.000000,0.000000,0.000000,0.000000,0.000000,0.000000,0.000000,0.000000,999.985515,999.985094,999.986233,999.986512,999.986856,999.987377,999.987608,999.988033,999.988340,999.988785,999.989267,999.989640,999.989981,999.990367,999.990666,999.990980,999.991587,999.992083,999.992519,999.992784,999.993214,999.993525,999.994126,999.994493,999.994900,999.995078,999.995629,999.996047,999.996324,999.996628,999.997012,999.997299,999.997722,999.998024,999.998184,999.998425,999.998535,999.998964,999.999154,999.999396,999.999548,999.999643,999.999923,1000.000223,1000.000376,1000.000396,1000.000659,1000.000786,1000.000959,1000.001106,1000.001218,1000.001432,1000.001704,1000.001772,1000.001811,0.000000,0.000000,0.000000,0.000000,0.000000,0.000000,0.000000,0.000000,0.000000,0.000000,0.000000,0.000000,0.000000,0.000000,0.000000,0.000000,0.000000,0.000000,0.000000,0.000000,0.000000,0.000000,0.000000,0.000000
0.000000,0.000000,0.000000,0.000000,0.000000,0.000000,0.000000,0.000000,0.000000,0.000000,0.000000,0.000000,0.000000,0.000000,0.000000,0.000000,0.000000,0.000000,0.000000,0.000000,0.000000,0.000000,0.000000,999.985640,999.985678,999.985836,999.986189,999.986352,999.986833,999.987210,999.987524,999.988034,999.988415,999.988880,999.989116,999.989358,999.989916,999.990396,999.990732,999.991192,999.991676,999.992064,999.992347,999.992839,999.993289,999.993775,999.994161,999.994601,999.995004,999.995390,999.995811,999.996029,999.996486,999.996816,999.997097,999.997338,999.997658,999.997773,999.998154,999.998469,999.998737,999.998936,999.999036,999.999281,999.999629,999.999803,999.999928,1000.000122,1000.000326,1000.000485,1000.000664,1000.000840,1000.000999,1000.001140,1000.001326,1000.001387,1000.001630,1000.001757,1000.001850,1000.001769,0.000000,0.000000,0.000000,0.000000,0.000000,0.000000,0.000000,0.000000,0.000000,0.000000,0.000000,0.000000,0.000000,0.000000,0.000000,0.000000,0.000000,0.000000,0.000000,0.000000,0.000000,0.000000,0.000000
0.000000,0.000000,0.000000,0.000000,0.000000,0.000000,0.000000,0.000000,0.000000,0.000000,0.000000,0.000000,0.000000,0.000000,0.000000,0.000000,0.000000,0.000000,0.000000,0.000000,0.000000,999.984529,999.984308,999.985389,999.985641,999.985805,999.986038,999.986400,999.986929,999.987116,999.987466,999.987875,999.988267,999.988695,999.988917,999.989425,999.989820,999.990224,999.990673,999.991206,999.991491,999.991893,999.992370,999.992884,999.993419,999.993848,999.994185,999.994558,999.994846,999.995475,999.995737,999.995981,999.996487,999.996815,999.997081,999.997515,999.997755,999.998014,999.998285,999.998575,999.998825,999.999042,999.999312,999.999382,999.999681,999.999912,999.999988,1000.000250,1000.000334,1000.000483,1000.000728,1000.000869,1000.001040,1000.001176,1000.001280,1000.001403,1000.001479,1000.001675,1000.001756,1000.001860,1000.002030,1000.002145,0.000000,0.000000,0.000000,0.000000,0.000000,0.000000,0.000000,0.000000,0.000000,0.000000,0.000000,0.000000,0.000000,0.000000,0.000000,0.000000,0.000000,0.000000,0.000000,0.000000,0.000000
0.000000,0.000000,0.000000,0.000000,0.000000,0.000000,0.000000,0.000000,0.000000,0.000000,0.000000,0.000000,0.000000,0.000000,0.000000,0.000000,0.000000,0.000000,0.000000,0.000000,999.984681,999.984699,999.984937,999.985333,999.985462,999.985824,999.986077,999.986425,999.986771,999.986957,999.987396,999.987699,999.987967,999.988428,999.988939,999.989418,999.989751,999.990131,999.990576,999.991072,999.991556,999.991944,999.992593,999.992974,999.993406,999.993835,999.994204,999.994732,999.995128,999.995644,999.995946,999.996297,999.996746,999.996999,999.997221,999.997586,999.997810,999.998310,999.998374,999.998612,999.998737,999.998950,999.999414,999.999457,999.999575,999.999752,999.999915,1000.000244,1000.000465,1000.000452,1000.000601,1000.000825,1000.000975,1000.001150,1000.001264,1000.001449,1000.001447,1000.001533,1000.001849,1000.001998,1000.001949,1000.002034,1000.002102,0.000000,0.000000,0.000000,0.000000,0.000000,0.000000,0.000000,0.000000,0.000000,0.000000,0.000000,0.000000,0.000000,0.000000,0.000000,0.000000,0.000000,0.000000,0.000000,0.000000
0.000000,0.000000,0.000000,0.000000,0.000000,0.000000,0.000000,0.000000,0.000000,0.000000,0.000000,0.000000,0.000000,0.000000,0.000000,0.000000,0.000000,0.000000,0.000000,999.984377,999.984695,999.984833,999.984983,999.985228,999.985541,999.985800,999.986156,999.986309,999.986604,999.986944,999.987421,999.987633,999.988124,999.988519,999.988870,999.989271,999.989737,999.990189,999.990688,999.991091,999.991615,999.992095,999.992642,999.993013,999.993363,999.993890,999.994405,999.994843,999.995329,999.995663,999.995967,999.996462,999.996859,999.997142,999.997454,999.997749,999.997876,999.998252,999.998485,999.998706,999.998979,999.999166,999.999299,999.999579,999.999764,999.999941,1000.000031,1000.000111,1000.000360,1000.000547,1000.000689,1000.000812,1000.001029,1000.001178,1000.001173,1000.001470,1000.001567,1000.001519,1000.001707,1000.002061,1000.002011,1000.001966,1000.002000,1000.002173,0.000000,0.000000,0.000000,0.000000,0.000000,0.000000,0.000000,0.000000,0.000000,0.000000,0.000000,0.000000,0.000000,0.000000,0.000000,0.000000,0.000000,0.000000,0.000000
0.000000,0.000000,0.000000,0.000000,0.000000,0.000000,0.000000,0.000000,0.000000,0.000000,0.000000,0.000000,0.000000,0.000000,0.000000,0.000000,0.000000,0.000000,999.984370,999.984578,999.984722,999.984793,999.985047,999.985326,999.985511,999.985741,999.986026,999.986275,999.986569,999.986909,999.987112,999.987547,999.987995,999.988348,999.988652,999.989044,999.989585,999.990061,999.990524,999.990949,999.991502,999.992053,999.992509,999.992982,999.993570,999.994125,999.994673,999.994934,999.995399,999.995745,999.996175,999.996645,999.996771,999.997173,999.997626,999.998020,999.998167,999.998416,999.998693,999.998821,999.999154,999.999290,999.999373,999.999585,999.999858,1000.000053,1000.000127,1000.000191,1000.000458,1000.000575,1000.000738,1000.000829,1000.000883,1000.001073,1000.001183,1000.001395,1000.001610,1000.001571,1000.001518,1000.001673,1000.002041,1000.002033,1000.001968,1000.002045,1000.002228,0.000000,0.000000,0.000000,0.000000,0.000000,0.000000,0.000000,0.000000,0.000000,0.000000,0.000000,0.000000,0.000000,0.000000,0.000000,0.000000,0.000000,0.000000
0.000000,0.000000,0.000000,0.000000,0.000000,0.000000,0.000000,0.000000,0.000000,0.000000,0.000000,0.000000,0.000000,0.000000,0.000000,0.000000,0.000000,999.984010,999.984387,999.984519,999.984652,999.984830,999.985129,999.985284,999.985372,999.985664,999.985880,999.986081,999.986415,999.986711,999.987013,999.987446,999.987716,999.988174,999.988495,999.989060,999.989601,999.989972,999.990526,999.991035,999.991630,999.992047,999.992585,999.993167,999.993743,999.994270,999.994661,999.995175,999.995641,999.996113,999.996561,999.996869,999.997164,999.997567,999.997842,999.998078,999.998332,999.998531,999.998864,999.998979,999.999194,999.999408,999.999582,999.999662,999.999762,999.999960,1000.000170,1000.000295,1000.000467,1000.000539,1000.000638,1000.000800,1000.000994,1000.001160,1000.001221,1000.001346,1000.001437,1000.001657,1000.001759,1000.001549,1000.001802,1000.002039,1000.001993,1000.002051,1000.002179,1000.002173,0.000000,0.000000,0.000000,0.000000,0.000000,0.000000,0.000000,0.000000,0.000000,0.000000,0.000000,0.000000,0.000000,0.000000,0.000000,0.000000,0.000000
0.000000,0.000000,0.000000,0.000000,0.000000,0.000000,0.000000,0.000000,0.000000,0.000000,0.000000,0.000000,0.000000,0.000000,0.000000,0.000000,999.984171,999.984295,999.984417,999.984567,999.984745,999.984927,999.985209,999.985223,999.985347,999.985690,999.985861,999.986078,999.986443,999.986661,999.987012,999.987354,999.987684,999.988059,999.988464,999.989080,999.989410,999.989965,999.990546,999.991059,999.991532,999.992149,999.992724,999.993264,999.993834,999.994315,999.994725,999.995353,999.995840,999.996230,999.996655,999.997005,999.997526,999.997872,999.998049,999.998263,999.998633,999.998757,999.999113,999.999290,999.999350,999.999606,999.999799,999.999918,1000.000005,1000.000165,1000.000287,1000.000322,1000.000484,1000.000589,1000.000694,1000.000888,1000.000981,1000.001096,1000.001117,1000.001246,1000.001420,1000.001468,1000.001751,1000.001819,1000.001727,1000.001921,1000.001993,1000.001963,1000.002086,1000.002227,1000.002225,0.000000,0.000000,0.000000,0.000000,0.000000,0.000000,0.000000,0.000000,0.000000,0.000000,0.000000,0.000000,0.000000,0.000000,0.000000,0.000000
0.000000,0.000000,0.000000,0.000000,0.000000,0.000000,0.000000,0.000000,0.000000,0.000000,0.000000,0.000000,0.000000,0.000000,0.000000,999.984010,999.984295,999.984476,999.984477,999.984734,999.984888,999.984988,999.984999,999.985170,999.985277,999.985573,999.985734,999.985976,999.986235,999.986413,999.986804,999.987074,999.987428,999.987874,999.988385,999.988850,999.989246,999.989825,999.990373,999.990962,999.991549,999.992241,999.992861,999.993330,999.994002,999.994454,999.995122,999.995614,999.996076,999.996588,999.997011,999.997384,999.997745,999.998000,999.998221,999.998640,999.999027,999.999065,999.999219,999.999421,999.999568,999.999658,999.999812,999.999956,1000.000077,1000.000249,1000.000350,1000.000337,1000.000477,1000.000705,1000.000764,1000.000850,1000.000945,1000.001073,1000.001109,1000.001232,1000.001441,1000.001507,1000.001513,1000.001721,1000.001695,1000.001836,1000.002025,1000.001988,1000.002029,1000.002119,1000.002194,1000.002245,0.000000,0.000000,0.000000,0.000000,0.000000,0.000000,0.000000,0.000000,0.000000,0.000000,0.000000,0.000000,0.000000,0.000000,0.000000
0.000000,0.000000,0.000000,0.000000,0.000000,0.000000,0.000000,0.000000,0.000000,0.000000,0.000000,0.000000,0.000000,0.000000,999.984370,999.984387,999.984417,999.984477,999.984566,999.984796,999.984785,999.984852,999.985016,999.985163,999.985290,999.985596,999.985588,999.985783,999.986046,999.986254,999.986657,999.986864,999.987304,999.987700,999.988196,999.988658,999.989214,999.989736,999.990369,999.990965,999.991651,999.992238,999.992838,999.993458,999.994167,999.994748,999.995369,999.995888,999.996363,999.996907,999.997276,999.997711,999.998064,999.998378,999.998631,999.998975,999.999164,999.999403,999.999462,999.999667,999.999827,999.999995,1000.000145,1000.000190,1000.000153,1000.000279,1000.000486,1000.000569,1000.000568,1000.000689,1000.000741,1000.000818,1000.000854,1000.001176,1000.001253,1000.001210,1000.001379,1000.001456,1000.001533,1000.001680,1000.001705,1000.001634,1000.001843,1000.001879,1000.001936,1000.002071,1000.002087,1000.002039,1000.002248,0.000000,0.000000,0.000000,0.000000,0.000000,0.000000,0.000000,0.000000,0.000000,0.000000,0.000000,0.000000,0.000000,0.000000
0.000000,0.000000,0.000000,0.000000,0.000000,0.000000,0.000000,0.000000,0.000000,0.000000,0.000000,0.000000,0.000000,999.984377,999.984578,999.984519,999.984567,999.984734,999.984796,999.984743,999.984879,999.985009,999.985067,999.985157,999.985351,999.985460,999.985422,999.985698,999.985908,999.986173,999.986424,999.986800,999.987116,999.987554,999.987949,999.988457,999.989063,999.989697,999.990221,999.990958,999.991609,999.992274,999.992975,999.993744,999.994380,999.994998,999.995571,999.996233,999.996761,999.997174,999.997624,999.998031,999.998459,999.998788,999.999171,999.999285,999.999443,999.999712,999.999876,1000.000126,1000.000132,1000.000192,1000.000252,1000.000427,1000.000444,1000.000436,1000.000547,1000.000747,1000.000712,1000.000781,1000.000781,1000.000993,1000.001007,1000.001019,1000.001244,1000.001150,1000.001250,1000.001398,1000.001503,1000.001588,1000.001732,1000.001810,1000.001730,1000.001975,1000.001876,1000.002002,1000.002105,1000.001942,1000.002114,1000.002114,0.000000,0.000000,0.000000,0.000000,0.000000,0.000000,0.000000,0.000000,0.000000,0.000000,0.000000,0.000000,0.000000
0.000000,0.000000,0.000000,0.000000,0.000000,0.000000,0.000000,0.000000,0.000000,0.000000,0.000000,0.000000,999.984681,999.984695,999.984722,999.984652,999.984745,999.984888,999.984785,999.984879,999.985007,999.984953,999.985029,999.985052,999.985190,999.985141,999.985339,999.985627,999.985796,999.985926,999.986171,999.986455,999.986871,999.987266,999.987764,999.988304,999.988830,999.989488,999.990182,999.990918,999.991566,999.992363,999.993128,999.993890,999.994565,999.995291,999.995883,999.996550,999.997131,999.997585,999.998153,999.998538,999.998842,999.999216,999.999544,999.999630,999.999901,1000.000053,1000.000144,1000.000328,1000.000401,1000.000406,1000.000441,1000.000561,1000.000726,1000.000687,1000.000578,1000.000706,1000.000760,1000.000889,1000.000930,1000.000939,1000.000968,1000.000974,1000.001137,1000.001254,1000.001282,1000.001388,1000.001455,1000.001507,1000.001578,1000.001764,1000.001687,1000.001823,1000.001982,1000.001970,1000.002024,1000.002051,1000.002045,1000.002062,1000.002040,0.000000,0.000000,0.000000,0.000000,0.000000,0.000000,0.000000,0.000000,0.000000,0.000000,0.000000,0.000000
0.000000,0.000000,0.000000,0.000000,0.000000,0.000000,0.000000,0.000000,0.000000,0.000000,0.000000,999.984529,999.984699,999.984833,999.984793,999.984830,999.984927,999.984988,999.984852,999.985009,999.984953,999.984962,999.985058,999.985050,999.985167,999.985134,999.985370,999.985359,999.985505,999.985657,999.985916,999.986214,999.986589,999.986966,999.987501,999.987994,999.988635,999.989291,999.990080,999.990824,999.991699,999.992451,999.993215,999.994066,999.994780,999.995657,999.996336,999.996930,999.997533,999.998045,999.998573,999.999053,999.999371,999.999729,999.999965,1000.000202,1000.000401,1000.000578,1000.000624,1000.000742,1000.000762,1000.000872,1000.000945,1000.000877,1000.000919,1000.000990,1000.000969,1000.000939,1000.000917,1000.000905,1000.000996,1000.000987,1000.001101,1000.001041,1000.001171,1000.001223,1000.001243,1000.001351,1000.001398,1000.001431,1000.001586,1000.001671,1000.001659,1000.001623,1000.001810,1000.001818,1000.001929,1000.001947,1000.001978,1000.002049,1000.002087,1000.002098,0.000000,0.000000,0.000000,0.000000,0.000000,0.000000,0.000000,0.000000,0.000000,0.000000,0.000000
0.000000,0.000000,0.000000,0.000000,0.000000,0.000000,0.000000,0.000000,0.000000,0.000000,0.000000,999.984308,999.984937,999.984983,999.985047,999.985129,999.985209,999.984999,999.985016,999.985067,999.985029,999.985058,999.985003,999.985036,999.984956,999.985079,999.985080,999.985134,999.985288,999.985431,999.985650,999.985978,999.986186,999.986657,999.987034,999.987742,999.988335,999.989154,999.989875,999.990798,999.991691,999.992545,999.993491,999.994347,999.995226,999.995981,999.996743,999.997433,999.998086,999.998657,999.999156,999.999533,999.999904,1000.000120,1000.000415,1000.000662,1000.000819,1000.000976,1000.001096,1000.001133,1000.001103,1000.001193,1000.001162,1000.001114,1000.001074,1000.001057,1000.001086,1000.001107,1000.001116,1000.000978,1000.001128,1000.001039,1000.001140,1000.001194,1000.001099,1000.001234,1000.001235,1000.001289,1000.001342,1000.001365,1000.001405,1000.001634,1000.001657,1000.001598,1000.001772,1000.001667,1000.001740,1000.001959,1000.001889,1000.001886,1000.001989,1000.002086,0.000000,0.000000,0.000000,0.000000,0.000000,0.000000,0.000000,0.000000,0.000000,0.000000,0.000000
0.000000,0.000000,0.000000,0.000000,0.000000,0.000000,0.000000,0.000000,0.000000,0.000000,999.985640,999.985389,999.985333,999.985228,999.985326,999.985284,999.985223,999.985170,999.985163,999.985157,999.985052,999.985050,999.985036,999.984998,999.984985,999.985006,999.984927,999.985005,999.985038,999.985047,999.985282,999.985426,999.985833,999.986180,999.986756,999.987429,999.988046,999.988862,999.989651,999.990639,999.991485,999.992604,999.993650,999.994649,999.995561,999.996309,999.997234,999.997965,999.998629,999.999287,999.999823,1000.000223,1000.000537,1000.000893,1000.001148,1000.001312,1000.001474,1000.001483,1000.001548,1000.001574,1000.001610,1000.001565,1000.001554,1000.001536,1000.001518,1000.001368,1000.001356,1000.001182,1000.001299,1000.001219,1000.001224,1000.001223,1000.001115,1000.001211,1000.001138,1000.001180,1000.001212,1000.001353,1000.001374,1000.001377,1000.001352,1000.001419,1000.001565,1000.001636,1000.001766,1000.001766,1000.001600,1000.001787,1000.001832,1000.001862,1000.001802,1000.001909,1000.001926,0.000000,0.000000,0.000000,0.000000,0.000000,0.000000,0.000000,0.000000,0.000000,0.000000
0.000000,0.000000,0.000000,0.000000,0.000000,0.000000,0.000000,0.000000,0.000000,999.985515,999.985678,999.985641,999.985462,999.985541,999.985511,999.985372,999.985347,999.985277,999.985290,999.985351,999.985190,999.985167,999.984956,999.984985,999.984925,999.984692,999.984690,999.984716,999.984663,999.984776,999.984920,999.985083,999.985429,999.985695,999.986354,999.986883,999.987564,999.988446,999.989526,999.990542,999.991572,999.992802,999.993835,999.994910,999.995997,999.996994,999.997960,999.998612,999.999311,999.999865,1000.000308,1000.000835,1000.001246,1000.001568,1000.001799,1000.001938,1000.002017,1000.002101,1000.002087,1000.002132,1000.002183,1000.002083,1000.002008,1000.001892,1000.001815,1000.001728,1000.001736,1000.001598,1000.001512,1000.001376,1000.001312,1000.001271,1000.001259,1000.001246,1000.001204,1000.001255,1000.001208,1000.001228,1000.001335,1000.001400,1000.001414,1000.001361,1000.001436,1000.001462,1000.001519,1000.001694,1000.001715,1000.001651,1000.001757,1000.001754,1000.001694,1000.001699,1000.001843,1000.001904,0.000000,0.000000,0.000000,0.000000,0.000000,0.000000,0.000000,0.000000,0.000000
0.000000,0.000000,0.000000,0.000000,0.000000,0.000000,0.000000,0.000000,0.000000,999.985094,999.985836,999.985805,999.985824,999.985800,999.985741,999.985664,999.985690,999.985573,999.985596,999.985460,999.985141,999.985134,999.985079,999.985006,999.984692,999.984652,999.984679,999.984557,999.984434,999.984426,999.984423,999.984535,999.984752,999.985144,999.985653,999.986180,999.987069,999.988157,999.989211,999.990336,999.991645,999.992908,999.994086,999.995278,999.996476,999.997505,999.998508,999.999334,1000.000108,1000.000750,1000.001255,1000.001675,1000.002063,1000.002235,1000.002434,1000.002605,1000.002670,1000.002784,1000.002776,1000.002698,1000.002615,1000.002526,1000.002392,1000.002359,1000.002161,1000.002036,1000.001880,1000.001829,1000.001684,1000.001596,1000.001423,1000.001449,1000.001406,1000.001356,1000.001308,1000.001272,1000.001277,1000.001202,1000.001214,1000.001262,1000.001405,1000.001317,1000.001377,1000.001446,1000.001382,1000.001499,1000.001563,1000.001490,1000.001679,1000.001800,1000.001656,1000.001644,1000.001607,1000.001904,0.000000,0.000000,0.000000,0.000000,0.000000,0.000000,0.000000,0.000000,0.000000
0.000000,0.000000,0.000000,0.000000,0.000000,0.000000,0.000000,0.000000,999.986304,999.986233,999.986189,999.986038,999.986077,999.986156,999.986026,999.985880,999.985861,999.985734,999.985588,999.985422,999.985339,999.985370,999.985080,999.984927,999.984690,999.984679,999.984452,999.984066,999.984038,999.983853,999.983869,999.983986,999.984202,999.984430,999.984918,999.985544,999.986535,999.987569,999.988657,999.990084,999.991558,999.992999,999.994501,999.995889,999.997126,999.998224,999.999215,1000.000088,1000.000915,1000.001649,1000.002172,1000.002556,1000.002895,1000.003154,1000.003284,1000.003416,1000.003495,1000.003542,1000.003454,1000.003326,1000.003217,1000.003098,1000.002918,1000.002859,1000.002722,1000.002517,1000.002235,1000.002136,1000.001948,1000.001980,1000.001715,1000.001514,1000.001526,1000.001390,1000.001336,1000.001333,1000.001336,1000.001231,1000.001261,1000.001239,1000.001282,1000.001339,1000.001292,1000.001279,1000.001347,1000.001454,1000.001451,1000.001381,1000.001465,1000.001547,1000.001579,1000.001682,1000.001525,1000.001586,1000.001736,0.000000,0.000000,0.000000,0.000000,0.000000,0.000000,0.000000,0.000000
0.000000,0.000000,0.000000,0.000000,0.000000,0.000000,0.000000,0.000000,999.985818,999.986512,999.986352,999.986400,999.986425,999.986309,999.986275,999.986081,999.986078,999.985976,999.985783,999.985698,999.985627,999.985359,999.985134,999.985005,999.984716,999.984557,999.984066,999.983928,999.983853,999.983555,999.983431,999.983360,999.983191,999.983483,999.984032,999.984696,999.985720,999.986826,999.988226,999.989907,999.991468,999.993151,999.994764,999.996432,999.997892,999.999170,1000.000287,1000.001218,1000.001936,1000.002494,1000.003015,1000.003468,1000.003751,1000.004076,1000.004176,1000.004285,1000.004257,1000.004190,1000.004121,1000.004060,1000.003919,1000.003730,1000.003530,1000.003235,1000.003041,1000.002909,1000.002801,1000.002460,1000.002233,1000.002143,1000.002050,1000.001756,1000.001674,1000.001550,1000.001371,1000.001340,1000.001337,1000.001238,1000.001246,1000.001225,1000.001158,1000.001291,1000.001418,1000.001258,1000.001300,1000.001335,1000.001350,1000.001398,1000.001415,1000.001359,1000.001356,1000.001565,1000.001504,1000.001401,1000.001761,0.000000,0.000000,0.000000,0.000000,0.000000,0.000000,0.000000,0.000000
0.000000,0.000000,0.000000,0.000000,0.000000,0.000000,0.000000,999.987162,999.986978,999.986856,999.986833,999.986929,999.986771,999.986604,999.986569,999.986415,999.986443,999.986235,999.986046,999.985908,999.985796,999.985505,999.985288,999.985038,999.984663,999.984434,999.984038,999.983853,999.983398,999.982802,999.982590,999.982377,999.982254,999.982622,999.982946,999.983582,999.984563,999.985838,999.987578,999.989424,999.991458,999.993527,999.995432,999.997127,999.998662,999.999963,1000.001207,1000.002298,1000.003129,1000.003726,1000.004287,1000.004656,1000.004900,1000.005084,1000.005139,1000.005165,1000.005159,1000.005075,1000.004927,1000.004810,1000.004617,1000.004372,1000.004205,1000.003934,1000.003614,1000.003299,1000.003146,1000.002919,1000.002588,1000.002288,1000.002199,1000.002013,1000.001869,1000.001786,1000.001605,1000.001480,1000.001445,1000.001275,1000.001239,1000.001256,1000.001156,1000.001066,1000.001135,1000.001206,1000.001210,1000.001240,1000.001196,1000.001252,1000.001344,1000.001375,1000.001282,1000.001302,1000.001367,1000.001435,1000.001367,1000.001300,0.000000,0.000000,0.000000,0.000000,0.000000,0.000000,0.000000
0.000000,0.000000,0.000000,0.000000,0.000000,0.000000,0.000000,999.986536,999.987596,999.987377,999.987210,999.987116,999.986957,999.986944,999.986909,999.986711,999.986661,999.986413,999.986254,999.986173,999.985926,999.985657,999.985431,999.985047,999.984776,999.984426,999.983853,999.983555,999.982802,999.982338,999.982297,999.981639,999.981370,999.981276,999.981291,999.981885,999.983163,999.984729,999.986732,999.988922,999.991285,999.993682,999.996033,999.998083,999.999989,1000.001448,1000.002532,1000.003493,1000.004295,1000.004954,1000.005431,1000.005702,1000.005915,1000.006093,1000.006201,1000.006122,1000.006072,1000.005961,1000.005805,1000.005523,1000.005286,1000.005052,1000.004783,1000.004535,1000.004290,1000.003875,1000.003543,1000.003320,1000.003087,1000.002795,1000.002489,1000.002261,1000.002002,1000.001851,1000.001689,1000.001522,1000.001446,1000.001422,1000.001243,1000.001246,1000.001280,1000.001167,1000.001095,1000.001121,1000.001027,1000.001072,1000.001180,1000.001109,1000.001075,1000.001197,1000.001235,1000.001241,1000.001157,1000.001276,1000.001106,1000.001395,0.000000,0.000000,0.000000,0.000000,0.000000,0.000000,0.000000
0.000000,0.000000,0.000000,0.000000,0.000000,0.000000,999.988385,999.987941,999.987920,999.987608,999.987524,999.987466,999.987396,999.987421,999.987112,999.987013,999.987012,999.986804,999.986657,999.986424,999.986171,999.985916,999.985650,999.985282,999.984920,999.984423,999.983869,999.983431,999.982590,999.982297,999.981385,999.980175,999.979889,999.979493,999.979448,999.980209,999.981407,999.983060,999.985505,999.988399,999.991337,999.994252,999.996897,999.999151,1000.001109,1000.002912,1000.004195,1000.005120,1000.005765,1000.006328,1000.006713,1000.007028,1000.007196,1000.007240,1000.007314,1000.007230,1000.007083,1000.006902,1000.006730,1000.006474,1000.006197,1000.005872,1000.005474,1000.005056,1000.004844,1000.004450,1000.004109,1000.003751,1000.003423,1000.003160,1000.002830,1000.002607,1000.002304,1000.002095,1000.001919,1000.001686,1000.001496,1000.001443,1000.001308,1000.001196,1000.001157,1000.001122,1000.001074,1000.001130,1000.001074,1000.000977,1000.001109,1000.001075,1000.000994,1000.001010,1000.001001,1000.001100,1000.001105,1000.001245,1000.001005,1000.000930,1000.001055,0.000000,0.000000,0.000000,0.000000,0.000000,0.000000
0.000000,0.000000,0.000000,0.000000,0.000000,0.000000,999.987599,999.988590,999.988235,999.988033,999.988034,999.987875,999.987699,999.987633,999.987547,999.987446,999.987354,999.987074,999.986864,999.986800,999.986455,999.986214,999.985978,999.985426,999.985083,999.984535,999.983986,999.983360,999.982377,999.981639,999.980175,999.979307,999.978940,999.977770,999.977240,999.977568,999.978527,999.980539,999.983728,999.987513,999.991307,999.995094,999.998498,1000.001139,1000.003022,1000.004550,1000.005814,1000.006758,1000.007441,1000.007898,1000.008171,1000.008448,1000.008560,1000.008444,1000.008407,1000.008321,1000.008114,1000.007870,1000.007618,1000.007287,1000.006951,1000.006642,1000.006283,1000.005854,1000.005433,1000.005075,1000.004653,1000.004279,1000.003839,1000.003542,1000.003122,1000.002854,1000.002573,1000.002288,1000.002143,1000.001891,1000.001673,1000.001531,1000.001310,1000.001239,1000.001136,1000.001031,1000.001084,1000.000976,1000.000870,1000.000923,1000.000894,1000.000920,1000.001053,1000.000957,1000.000809,1000.000949,1000.000821,1000.000913,1000.001047,1000.000786,1000.001161,0.000000,0.000000,0.000000,0.000000,0.000000,0.000000
0.000000,0.000000,0.000000,0.000000,0.000000,999.989396,999.988843,999.988944,999.988449,999.988340,999.988415,999.988267,999.987967,999.988124,999.987995,999.987716,999.987684,999.987428,999.987304,999.987116,999.986871,999.986589,999.986186,999.985833,999.985429,999.984752,999.984202,999.983191,999.982254,999.981370,999.979889,999.978940,999.977067,999.974501,999.973761,999.973793,999.974680,999.977643,999.981806,999.986289,999.991451,999.996112,999.999974,1000.003263,1000.005432,1000.006879,1000.007890,1000.008643,1000.009162,1000.009568,1000.009712,1000.009790,1000.009809,1000.009759,1000.009663,1000.009457,1000.009256,1000.008941,1000.008625,1000.008238,1000.007849,1000.007380,1000.007047,1000.006624,1000.006124,1000.005660,1000.005204,1000.004831,1000.004347,1000.003966,1000.003588,1000.003249,1000.002876,1000.002458,1000.002268,1000.001975,1000.001730,1000.001725,1000.001431,1000.001303,1000.001189,1000.001011,1000.000981,1000.001011,1000.000868,1000.000834,1000.000832,1000.000691,1000.000772,1000.000823,1000.000838,1000.000895,1000.000617,1000.000769,1000.000811,1000.000691,1000.000750,1000.000553,0.000000,0.000000,0.000000,0.000000,0.000000
0.000000,0.000000,0.000000,0.000000,0.000000,999.988627,999.989370,999.989195,999.988950,999.988785,999.988880,999.988695,999.988428,999.988519,999.988348,999.988174,999.988059,999.987874,999.987700,999.987554,999.987266,999.986966,999.986657,999.986180,999.985695,999.985144,999.984430,999.983483,999.982622,999.981276,999.979493,999.977770,999.974501,999.972359,999.971003,999.968905,999.969770,999.973210,999.978329,999.985668,999.993003,999.998775,1000.003134,1000.006122,1000.008121,1000.009526,1000.010387,1000.010870,1000.011115,1000.011313,1000.011368,1000.011323,1000.011258,1000.011141,1000.010903,1000.010589,1000.010336,1000.009977,1000.009654,1000.009268,1000.008869,1000.008300,1000.007785,1000.007361,1000.006919,1000.006342,1000.005849,1000.005388,1000.004904,1000.004392,1000.003990,1000.003570,1000.003264,1000.002777,1000.002552,1000.002270,1000.001809,1000.001730,1000.001523,1000.001308,1000.001216,1000.001047,1000.000933,1000.000758,1000.000876,1000.000779,1000.000639,1000.000733,1000.000757,1000.000596,1000.000561,1000.000751,1000.000558,1000.000615,1000.000664,1000.000462,1000.000558,1000.000886,0.000000,0.000000,0.000000,0.000000,0.000000
0.000000,0.000000,0.000000,0.000000,999.990022,999.989769,999.989821,999.989508,999.989327,999.989267,999.989116,999.988917,999.988939,999.988870,999.988652,999.988495,999.988464,999.988385,999.988196,999.987949,999.987764,999.987501,999.987034,999.986756,999.986354,999.985653,999.984918,999.984032,999.982946,999.981291,999.979448,999.977240,999.973761,999.971003,999.965729,999.959932,999.959126,999.962960,999.971401,999.983069,999.994523,1000.003078,1000.008032,1000.010452,1000.011724,1000.012480,1000.012890,1000.013097,1000.013172,1000.013107,1000.013063,1000.012935,1000.012720,1000.012461,1000.012165,1000.011834,1000.011499,1000.011095,1000.010625,1000.010178,1000.009707,1000.009266,1000.008654,1000.008061,1000.007607,1000.007043,1000.006450,1000.005923,1000.005420,1000.004941,1000.004393,1000.003902,1000.003562,1000.003115,1000.002737,1000.002469,1000.002104,1000.001815,1000.001613,1000.001359,1000.001221,1000.001077,1000.000904,1000.000839,1000.000836,1000.000567,1000.000477,1000.000582,1000.000537,1000.000555,1000.000522,1000.000466,1000.000454,1000.000536,1000.000447,1000.000359,1000.000459,1000.000347,1000.000257,0.000000,0.000000,0.000000,0.000000
0.000000,0.000000,0.000000,0.000000,999.989070,999.989944,999.990029,999.989698,999.989713,999.989640,999.989358,999.989425,999.989418,999.989271,999.989044,999.989060,999.989080,999.988850,999.988658,999.988457,999.988304,999.987994,999.987742,999.987429,999.986883,999.986180,999.985544,999.984696,999.983582,999.981885,999.980209,999.977568,999.973793,999.968905,999.959932,999.950342,999.949419,999.958040,999.970684,999.986274,1000.002022,1000.010683,1000.013734,1000.015460,1000.015769,1000.015842,1000.015654,1000.015467,1000.015286,1000.015039,1000.014765,1000.014460,1000.014152,1000.013791,1000.013489,1000.013124,1000.012648,1000.012236,1000.011739,1000.011185,1000.010638,1000.010175,1000.009630,1000.008946,1000.008337,1000.007778,1000.007177,1000.006574,1000.005893,1000.005441,1000.004939,1000.004351,1000.003871,1000.003402,1000.002977,1000.002677,1000.002266,1000.002037,1000.001676,1000.001403,1000.001217,1000.001145,1000.000833,1000.000670,1000.000765,1000.000679,1000.000538,1000.000458,1000.000366,1000.000369,1000.000390,1000.000304,1000.000339,1000.000316,1000.000268,1000.000285,1000.000385,1000.000251,1000.000642,0.000000,0.000000,0.000000,0.000000
