0.000000,0.000000,0.000000,0.000000,0.000000,0.000000,0.000000,0.000000,0.000000,0.000000,0.000000,0.000000,0.000000,0.000000,0.000000,0.000000,0.000000,0.000000,0.000000,0.000000,0.000000,0.000000,0.000000,0.000000,0.000000,0.000000,0.000000,0.000000,0.000000,0.000000,0.000000,0.000000,0.000000,0.000000,0.000000,0.000000,0.000000,0.000000,0.000000,0.000000,0.000000,0.000000,0.000000,0.000000,0.000000,0.000000,0.000000,0.000000,0.000000,0.000000,0.000000,0.000000,0.000000,0.000000,0.000000,0.000000,0.000000,0.000000,0.000000,0.000000,0.000000,0.000000,0.000000,0.000000,0.000000,0.000000,0.000000,0.000000,0.000000,0.000000,0.000000,0.000000,0.000000,0.000000,0.000000,0.000000,0.000000,0.000000,0.000000,0.000000,0.000000,0.000000,0.000000,0.000000,0.000000,0.000000,0.000000,0.000000,0.000000,0.000000,0.000000,0.000000,0.000000,0.000000,0.000000,0.000000,0.000000,0.000000,0.000000,0.000000,0.000000,0.000000,0.000000
0.000000,0.000000,0.000000,0.000000,0.000000,0.000000,0.000000,0.000000,0.000000,0.000000,0.000000,0.000000,0.000000,0.000000,0.000000,0.000000,0.000000,0.000000,0.000000,0.000000,0.000000,0.000000,0.000000,0.000000,0.000000,0.000000,0.000000,0.000000,0.000000,0.000000,0.000000,0.000000,0.000000,0.000000,0.000000,0.000000,0.000000,0.000000,0.000000,0.000000,0.000000,0.000000,0.000000,0.000000,0.000000,0.000000,0.000000,0.000000,0.000000,0.000000,0.000000,999.997610,0.000000,0.000000,0.000000,0.000000,0.000000,0.000000,0.000000,0.000000,0.000000,0.000000,0.000000,0.000000,0.000000,0.000000,0.000000,0.000000,0.000000,0.000000,0.000000,0.000000,0.000000,0.000000,0.000000,0.000000,0.000000,0.000000,0.000000,0.000000,0.000000,0.000000,0.000000,0.000000,0.000000,0.000000,0.000000,0.000000,0.000000,0.000000,0.000000,0.000000,0.000000,0.000000,0.000000,0.000000,0.000000,0.000000,0.000000,0.000000,0.000000,0.000000,0.000000
0.000000,0.000000,0.000000,0.000000,0.000000,0.000000,0.000000,0.000000,0.000000,0.000000,0.000000,0.000000,0.000000,0.000000,0.000000,0.000000,0.000000,0.000000,0.000000,0.000000,0.000000,0.000000,0.000000,0.000000,0.000000,0.000000,0.000000,0.000000,0.000000,0.000000,0.000000,0.000000,0.000000,0.000000,0.000000,0.000000,0.000000,0.000000,0.000000,0.000000,0.000000,0.000000,999.995357,999.992581,999.992595,999.993211,999.993876,999.994561,999.995341,999.996473,999.997406,999.997570,999.997716,999.998602,999.999607,1000.000214,1000.000708,1000.001157,1000.001538,1000.001505,999.999463,0.000000,0.000000,0.000000,0.000000,0.000000,0.000000,0.000000,0.000000,0.000000,0.000000,0.000000,0.000000,0.000000,0.000000,0.000000,0.000000,0.000000,0.000000,0.000000,0.000000,0.000000,0.000000,0.000000,0.000000,0.000000,0.000000,0.000000,0.000000,0.000000,0.000000,0.000000,0.000000,0.000000,0.000000,0.000000,0.000000,0.000000,0.000000,0.000000,0.000000,0.000000,0.000000
0.000000,0.000000,0.000000,0.000000,0.000000,0.000000,0.000000,0.000000,0.000000,0.000000,0.000000,0.000000,0.000000,0.000000,0.000000,0.000000,0.000000,0.000000,0.000000,0.000000,0.000000,0.000000,0.000000,0.000000,0.000000,0.000000,0.000000,0.000000,0.000000,0.000000,0.000000,0.000000,0.000000,0.000000,0.000000,0.000000,0.000000,999.991068,999.988397,999.988256,999.989550,999.991631,999.994494,999.993808,999.993368,999.993562,999.994101,999.994764,999.995451,999.996167,999.997221,999.997470,999.997693,999.998688,999.999290,999.999844,1000.000338,1000.000722,1000.000836,1000.000505,1000.000020,1000.001962,1000.003251,1000.003973,1000.003718,1000.002109,0.000000,0.000000,0.000000,0.000000,0.000000,0.000000,0.000000,0.000000,0.000000,0.000000,0.000000,0.000000,0.000000,0.000000,0.000000,0.000000,0.000000,0.000000,0.000000,0.000000,0.000000,0.000000,0.000000,0.000000,0.000000,0.000000,0.000000,0.000000,0.000000,0.000000,0.000000,0.000000,0.000000,0.000000,0.000000,0.000000,0.000000
0.000000,0.000000,0.000000,0.000000,0.000000,0.000000,0.000000,0.000000,0.000000,0.000000,0.000000,0.000000,0.000000,0.000000,0.000000,0.000000,0.000000,0.000000,0.000000,0.000000,0.000000,0.000000,0.000000,0.000000,0.000000,0.000000,0.000000,0.000000,0.000000,0.000000,0.000000,0.000000,0.000000,0.000000,999.988555,999.986605,999.987707,999.990401,999.989926,999.989668,999.990125,999.991876,999.992890,999.993140,999.993429,999.993795,999.994267,999.994848,999.995519,999.996131,999.996781,999.997369,999.997919,999.998516,999.999041,999.999614,1000.000061,1000.000416,1000.000650,1000.000824,1000.000986,1000.001634,1000.002722,1000.002972,1000.002782,1000.002430,1000.003891,1000.004457,1000.003419,0.000000,0.000000,0.000000,0.000000,0.000000,0.000000,0.000000,0.000000,0.000000,0.000000,0.000000,0.000000,0.000000,0.000000,0.000000,0.000000,0.000000,0.000000,0.000000,0.000000,0.000000,0.000000,0.000000,0.000000,0.000000,0.000000,0.000000,0.000000,0.000000,0.000000,0.000000,0.000000,0.000000,0.000000
0.000000,0.000000,0.000000,0.000000,0.000000,0.000000,0.000000,0.000000,0.000000,0.000000,0.000000,0.000000,0.000000,0.000000,0.000000,0.000000,0.000000,0.000000,0.000000,0.000000,0.000000,0.000000,0.000000,0.000000,0.000000,0.000000,0.000000,0.000000,0.000000,0.000000,0.000000,0.000000,999.987750,999.986013,999.988227,999.988028,999.988786,999.989367,999.989624,999.990110,999.990698,999.991574,999.992189,999.992920,999.993397,999.993819,999.994320,999.994883,999.995490,999.996110,999.996684,999.997270,999.997856,999.998379,999.998914,999.999433,999.999863,1000.000236,1000.000539,1000.000857,1000.001326,1000.001706,1000.002226,1000.002565,1000.002843,1000.002953,1000.003219,1000.003595,1000.003476,1000.004559,1000.003574,0.000000,0.000000,0.000000,0.000000,0.000000,0.000000,0.000000,0.000000,0.000000,0.000000,0.000000,0.000000,0.000000,0.000000,0.000000,0.000000,0.000000,0.000000,0.000000,0.000000,0.000000,0.000000,0.000000,0.000000,0.000000,0.000000,0.000000,0.000000,0.000000,0.000000,0.000000,0.000000
0.000000,0.000000,0.000000,0.000000,0.000000,0.000000,0.000000,0.000000,0.000000,0.000000,0.000000,0.000000,0.000000,0.000000,0.000000,0.000000,0.000000,0.000000,0.000000,0.000000,0.000000,0.000000,0.000000,0.000000,0.000000,0.000000,0.000000,0.000000,0.000000,0.000000,999.985936,999.984280,999.986921,999.987559,999.987878,999.988034,999.988604,999.989024,999.989667,999.990202,999.990785,999.991417,999.992064,999.992713,999.993242,999.993782,999.994327,999.994889,999.995457,999.996064,999.996641,999.997214,999.997776,999.998311,999.998835,999.999303,999.999758,1000.000156,1000.000542,1000.000901,1000.001301,1000.001696,1000.002079,1000.002405,1000.002675,1000.003028,1000.003228,1000.003488,1000.003517,1000.003679,1000.003962,1000.005189,1000.004409,0.000000,0.000000,0.000000,0.000000,0.000000,0.000000,0.000000,0.000000,0.000000,0.000000,0.000000,0.000000,0.000000,0.000000,0.000000,0.000000,0.000000,0.000000,0.000000,0.000000,0.000000,0.000000,0.000000,0.000000,0.000000,0.000000,0.000000,0.000000,0.000000,0.000000
0.000000,0.000000,0.000000,0.000000,0.000000,0.000000,0.000000,0.000000,0.000000,0.000000,0.000000,0.000000,0.000000,0.000000,0.000000,0.000000,0.000000,0.000000,0.000000,0.000000,0.000000,0.000000,0.000000,0.000000,0.000000,0.000000,0.000000,0.000000,999.984200,999.982670,999.985263,999.986122,999.986570,999.987011,999.987383,999.988025,999.988529,999.989012,999.989575,999.990126,999.990733,999.991339,999.991952,999.992559,999.993148,999.993734,999.994287,999.994864,999.995443,999.996018,999.996600,999.997157,999.997710,999.998237,999.998749,999.999213,999.999668,1000.000102,1000.000497,1000.000894,1000.001277,1000.001663,1000.002032,1000.002370,1000.002652,1000.002944,1000.003186,1000.003422,1000.003700,1000.003850,1000.004074,1000.004236,1000.004606,1000.005752,1000.004982,0.000000,0.000000,0.000000,0.000000,0.000000,0.000000,0.000000,0.000000,0.000000,0.000000,0.000000,0.000000,0.000000,0.000000,0.000000,0.000000,0.000000,0.000000,0.000000,0.000000,0.000000,0.000000,0.000000,0.000000,0.000000,0.000000,0.000000,0.000000
0.000000,0.000000,0.000000,0.000000,0.000000,0.000000,0.000000,0.000000,0.000000,0.000000,0.000000,0.000000,0.000000,0.000000,0.000000,0.000000,0.000000,0.000000,0.000000,0.000000,0.000000,0.000000,0.000000,0.000000,0.000000,0.000000,999.982561,999.981366,999.983684,999.984529,999.985052,999.985627,999.986081,999.986807,999.987326,999.987872,999.988368,999.988917,999.989480,999.990054,999.990667,999.991256,999.991869,999.992474,999.993088,999.993660,999.994244,999.994833,999.995423,999.995990,999.996571,999.997124,999.997675,999.998200,999.998723,999.999194,999.999659,1000.000077,1000.000494,1000.000892,1000.001278,1000.001637,1000.001978,1000.002311,1000.002631,1000.002911,1000.003172,1000.003408,1000.003669,1000.003885,1000.004207,1000.004383,1000.004613,1000.004836,1000.005175,1000.006121,1000.005564,0.000000,0.000000,0.000000,0.000000,0.000000,0.000000,0.000000,0.000000,0.000000,0.000000,0.000000,0.000000,0.000000,0.000000,0.000000,0.000000,0.000000,0.000000,0.000000,0.000000,0.000000,0.000000,0.000000,0.000000,0.000000,0.000000
0.000000,0.000000,0.000000,0.000000,0.000000,0.000000,0.000000,0.000000,0.000000,0.000000,0.000000,0.000000,0.000000,0.000000,0.000000,0.000000,0.000000,0.000000,0.000000,0.000000,0.000000,0.000000,0.000000,0.000000,999.981557,999.980587,999.982352,999.983106,999.983601,999.984218,999.984699,999.985451,999.986030,999.986603,999.987143,999.987696,999.988246,999.988804,999.989379,999.989963,999.990554,999.991164,999.991784,999.992394,999.992995,999.993596,999.994204,999.994792,999.995384,999.995966,999.996542,999.997103,999.997650,999.998166,999.998678,999.999167,999.999627,1000.000066,1000.000482,1000.000894,1000.001281,1000.001648,1000.001989,1000.002320,1000.002631,1000.002915,1000.003171,1000.003436,1000.003690,1000.003919,1000.004154,1000.004403,1000.004710,1000.004891,1000.005143,1000.005317,1000.005594,1000.006295,1000.005844,0.000000,0.000000,0.000000,0.000000,0.000000,0.000000,0.000000,0.000000,0.000000,0.000000,0.000000,0.000000,0.000000,0.000000,0.000000,0.000000,0.000000,0.000000,0.000000,0.000000,0.000000,0.000000,0.000000,0.000000
0.000000,0.000000,0.000000,0.000000,0.000000,0.000000,0.000000,0.000000,0.000000,0.000000,0.000000,0.000000,0.000000,0.000000,0.000000,0.000000,0.000000,0.000000,0.000000,0.000000,0.000000,0.000000,0.000000,999.981859,999.981524,999.981926,999.982434,999.982983,999.983410,999.984120,999.984698,999.985281,999.985844,999.986402,999.986975,999.987533,999.988098,999.988668,999.989264,999.989852,999.990458,999.991072,999.991693,999.992318,999.992929,999.993554,999.994174,999.994769,999.995368,999.995964,999.996542,999.997103,999.997665,999.998175,999.998691,999.999174,999.999644,1000.000086,1000.000513,1000.000892,1000.001283,1000.001642,1000.001998,1000.002324,1000.002632,1000.002922,1000.003203,1000.003457,1000.003701,1000.003946,1000.004189,1000.004435,1000.004660,1000.004877,1000.005161,1000.005319,1000.005524,1000.005682,1000.005817,1000.005637,0.000000,0.000000,0.000000,0.000000,0.000000,0.000000,0.000000,0.000000,0.000000,0.000000,0.000000,0.000000,0.000000,0.000000,0.000000,0.000000,0.000000,0.000000,0.000000,0.000000,0.000000,0.000000,0.000000
0.000000,0.000000,0.000000,0.000000,0.000000,0.000000,0.000000,0.000000,0.000000,0.000000,0.000000,0.000000,0.000000,0.000000,0.000000,0.000000,0.000000,0.000000,0.000000,0.000000,0.000000,999.979969,999.979402,999.981356,999.981797,999.982151,999.982401,999.982950,999.983483,999.984020,999.984568,999.985116,999.985687,999.986244,999.986803,999.987372,999.987942,999.988534,999.989119,999.989731,999.990350,999.990976,999.991605,999.992234,999.992870,999.993501,999.994125,999.994738,999.995351,999.995962,999.996531,999.997103,999.997661,999.998197,999.998709,999.999200,999.999670,1000.000116,1000.000559,1000.000958,1000.001338,1000.001708,1000.002050,1000.002363,1000.002663,1000.002950,1000.003234,1000.003490,1000.003729,1000.003976,1000.004202,1000.004438,1000.004656,1000.004874,1000.005093,1000.005276,1000.005481,1000.005553,1000.005664,1000.005817,1000.006589,1000.006306,0.000000,0.000000,0.000000,0.000000,0.000000,0.000000,0.000000,0.000000,0.000000,0.000000,0.000000,0.000000,0.000000,0.000000,0.000000,0.000000,0.000000,0.000000,0.000000,0.000000,0.000000
0.000000,0.000000,0.000000,0.000000,0.000000,0.000000,0.000000,0.000000,0.000000,0.000000,0.000000,0.000000,0.000000,0.000000,0.000000,0.000000,0.000000,0.000000,0.000000,0.000000,999.980327,999.980260,999.980669,999.981199,999.981606,999.982066,999.982488,999.982941,999.983434,999.983919,999.984443,999.984979,999.985515,999.986065,999.986628,999.987192,999.987778,999.988370,999.988974,999.989598,999.990229,999.990873,999.991506,999.992163,999.992816,999.993462,999.994095,999.994737,999.995368,999.995967,999.996572,999.997145,999.997709,999.998251,999.998762,999.999258,999.999720,1000.000168,1000.000588,1000.000992,1000.001380,1000.001742,1000.002090,1000.002411,1000.002718,1000.003004,1000.003274,1000.003527,1000.003782,1000.004016,1000.004237,1000.004441,1000.004663,1000.004873,1000.005057,1000.005239,1000.005401,1000.005556,1000.005719,1000.005847,1000.006047,1000.006173,1000.006100,0.000000,0.000000,0.000000,0.000000,0.000000,0.000000,0.000000,0.000000,0.000000,0.000000,0.000000,0.000000,0.000000,0.000000,0.000000,0.000000,0.000000,0.000000,0.000000,0.000000
0.000000,0.000000,0.000000,0.000000,0.000000,0.000000,0.000000,0.000000,0.000000,0.000000,0.000000,0.000000,0.000000,0.000000,0.000000,0.000000,0.000000,0.000000,0.000000,999.979994,999.980313,999.980525,999.980923,999.981153,999.981631,999.982046,999.982472,999.982882,999.983349,999.983813,999.984313,999.984825,999.985346,999.985892,999.986444,999.987014,999.987597,999.988206,999.988828,999.989457,999.990100,999.990751,999.991423,999.992087,999.992757,999.993411,999.994077,999.994735,999.995356,999.995972,999.996594,999.997194,999.997746,999.998301,999.998819,999.999322,999.999822,1000.000263,1000.000698,1000.001095,1000.001481,1000.001823,1000.002159,1000.002480,1000.002789,1000.003061,1000.003325,1000.003580,1000.003818,1000.004049,1000.004270,1000.004480,1000.004679,1000.004861,1000.005039,1000.005214,1000.005382,1000.005515,1000.005671,1000.005834,1000.005912,1000.006039,1000.006095,1000.006195,0.000000,0.000000,0.000000,0.000000,0.000000,0.000000,0.000000,0.000000,0.000000,0.000000,0.000000,0.000000,0.000000,0.000000,0.000000,0.000000,0.000000,0.000000,0.000000
0.000000,0.000000,0.000000,0.000000,0.000000,0.000000,0.000000,0.000000,0.000000,0.000000,0.000000,0.000000,0.000000,0.000000,0.000000,0.000000,0.000000,0.000000,999.979671,999.980050,999.980376,999.980676,999.980982,999.981285,999.981673,999.982042,999.982424,999.982824,999.983251,999.983693,999.984168,999.984655,999.985164,999.985684,999.986236,999.986806,999.987401,999.988017,999.988642,999.989290,999.989950,999.990635,999.991323,999.992014,999.992693,999.993389,999.994072,999.994742,999.995400,999.996040,999.996669,999.997264,999.997835,999.998400,999.998922,999.999420,999.999885,1000.000341,1000.000763,1000.001183,1000.001561,1000.001924,1000.002265,1000.002575,1000.002876,1000.003150,1000.003408,1000.003661,1000.003883,1000.004097,1000.004310,1000.004516,1000.004705,1000.004874,1000.005043,1000.005205,1000.005358,1000.005500,1000.005628,1000.005777,1000.005877,1000.005978,1000.006065,1000.006176,1000.006289,0.000000,0.000000,0.000000,0.000000,0.000000,0.000000,0.000000,0.000000,0.000000,0.000000,0.000000,0.000000,0.000000,0.000000,0.000000,0.000000,0.000000,0.000000
0.000000,0.000000,0.000000,0.000000,0.000000,0.000000,0.000000,0.000000,0.000000,0.000000,0.000000,0.000000,0.000000,0.000000,0.000000,0.000000,0.000000,999.979381,999.979840,999.980148,999.980440,999.980736,999.981013,999.981334,999.981652,999.981987,999.982344,999.982735,999.983128,999.983544,999.983989,999.984460,999.984942,999.985473,999.986018,999.986596,999.987192,999.987811,999.988452,999.989126,999.989814,999.990511,999.991214,999.991924,999.992645,999.993366,999.994055,999.994745,999.995432,999.996099,999.996728,999.997335,999.997929,999.998502,999.999054,999.999562,1000.000049,1000.000498,1000.000929,1000.001316,1000.001691,1000.002038,1000.002374,1000.002676,1000.002960,1000.003232,1000.003493,1000.003725,1000.003957,1000.004169,1000.004360,1000.004541,1000.004724,1000.004901,1000.005061,1000.005203,1000.005339,1000.005483,1000.005603,1000.005716,1000.005838,1000.005933,1000.006037,1000.006142,1000.006250,1000.006395,0.000000,0.000000,0.000000,0.000000,0.000000,0.000000,0.000000,0.000000,0.000000,0.000000,0.000000,0.000000,0.000000,0.000000,0.000000,0.000000,0.000000
0.000000,0.000000,0.000000,0.000000,0.000000,0.000000,0.000000,0.000000,0.000000,0.000000,0.000000,0.000000,0.000000,0.000000,0.000000,0.000000,999.979384,999.979659,999.979964,999.980242,999.980538,999.980819,999.981094,999.981376,999.981656,999.981965,999.982291,999.982636,999.982986,999.983380,999.983801,999.984236,999.984717,999.985230,999.985769,999.986335,999.986940,999.987570,999.988244,999.988934,999.989644,999.990366,999.991103,999.991855,999.992604,999.993344,999.994080,999.994799,999.995506,999.996187,999.996834,999.997479,999.998078,999.998637,999.999162,999.999679,1000.000162,1000.000627,1000.001055,1000.001466,1000.001836,1000.002186,1000.002510,1000.002805,1000.003094,1000.003356,1000.003593,1000.003822,1000.004035,1000.004244,1000.004434,1000.004599,1000.004771,1000.004922,1000.005075,1000.005205,1000.005340,1000.005473,1000.005585,1000.005686,1000.005796,1000.005904,1000.005995,1000.006101,1000.006196,1000.006310,1000.006430,0.000000,0.000000,0.000000,0.000000,0.000000,0.000000,0.000000,0.000000,0.000000,0.000000,0.000000,0.000000,0.000000,0.000000,0.000000,0.000000
0.000000,0.000000,0.000000,0.000000,0.000000,0.000000,0.000000,0.000000,0.000000,0.000000,0.000000,0.000000,0.000000,0.000000,0.000000,999.979381,999.979659,999.979949,999.980212,999.980434,999.980690,999.980897,999.981121,999.981357,999.981613,999.981881,999.982167,999.982471,999.982804,999.983185,999.983565,999.983988,999.984454,999.984949,999.985482,999.986055,999.986674,999.987324,999.988010,999.988713,999.989454,999.990212,999.990996,999.991779,999.992542,999.993322,999.994093,999.994845,999.995569,999.996270,999.996942,999.997612,999.998231,999.998821,999.999381,999.999912,1000.000383,1000.000829,1000.001241,1000.001634,1000.002008,1000.002345,1000.002663,1000.002957,1000.003230,1000.003485,1000.003719,1000.003936,1000.004135,1000.004315,1000.004500,1000.004668,1000.004824,1000.004968,1000.005098,1000.005231,1000.005348,1000.005461,1000.005567,1000.005672,1000.005767,1000.005860,1000.005952,1000.006049,1000.006147,1000.006235,1000.006341,1000.006439,0.000000,0.000000,0.000000,0.000000,0.000000,0.000000,0.000000,0.000000,0.000000,0.000000,0.000000,0.000000,0.000000,0.000000,0.000000
0.000000,0.000000,0.000000,0.000000,0.000000,0.000000,0.000000,0.000000,0.000000,0.000000,0.000000,0.000000,0.000000,0.000000,999.979671,999.979840,999.979964,999.980212,999.980353,999.980514,999.980741,999.980920,999.981148,999.981378,999.981590,999.981825,999.982074,999.982336,999.982641,999.982959,999.983310,999.983713,999.984153,999.984625,999.985155,999.985736,999.986359,999.987024,999.987729,999.988471,999.989253,999.990051,999.990869,999.991683,999.992524,999.993340,999.994150,999.994932,999.995691,999.996435,999.997133,999.997788,999.998396,999.998985,999.999546,1000.000070,1000.000567,1000.001037,1000.001463,1000.001849,1000.002206,1000.002538,1000.002848,1000.003131,1000.003386,1000.003624,1000.003847,1000.004056,1000.004250,1000.004421,1000.004583,1000.004734,1000.004873,1000.005009,1000.005133,1000.005249,1000.005357,1000.005458,1000.005555,1000.005654,1000.005737,1000.005823,1000.005910,1000.005997,1000.006086,1000.006170,1000.006246,1000.006333,1000.006407,0.000000,0.000000,0.000000,0.000000,0.000000,0.000000,0.000000,0.000000,0.000000,0.000000,0.000000,0.000000,0.000000,0.000000
0.000000,0.000000,0.000000,0.000000,0.000000,0.000000,0.000000,0.000000,0.000000,0.000000,0.000000,0.000000,0.000000,999.979994,999.980050,999.980148,999.980242,999.980434,999.980514,999.980730,999.980947,999.981055,999.981238,999.981361,999.981507,999.981698,999.981894,999.982133,999.982380,999.982672,999.982993,999.983377,999.983790,999.984258,999.984792,999.985370,999.986004,999.986687,999.987429,999.988211,999.989028,999.989874,999.990725,999.991603,999.992481,999.993347,999.994184,999.995009,999.995807,999.996577,999.997310,999.998005,999.998671,999.999292,999.999846,1000.000352,1000.000820,1000.001277,1000.001691,1000.002072,1000.002425,1000.002749,1000.003045,1000.003320,1000.003566,1000.003800,1000.004004,1000.004193,1000.004371,1000.004538,1000.004689,1000.004822,1000.004947,1000.005069,1000.005179,1000.005279,1000.005373,1000.005468,1000.005550,1000.005639,1000.005713,1000.005793,1000.005863,1000.005942,1000.006018,1000.006096,1000.006168,1000.006232,1000.006295,1000.006345,0.000000,0.000000,0.000000,0.000000,0.000000,0.000000,0.000000,0.000000,0.000000,0.000000,0.000000,0.000000,0.000000
0.000000,0.000000,0.000000,0.000000,0.000000,0.000000,0.000000,0.000000,0.000000,0.000000,0.000000,0.000000,999.980327,999.980313,999.980376,999.980440,999.980538,999.980690,999.980741,999.980947,999.980980,999.981005,999.981177,999.981271,999.981444,999.981619,999.981766,999.981947,999.982152,999.982400,999.982682,999.983017,999.983397,999.983851,999.984364,999.984942,999.985579,999.986300,999.987071,999.987891,999.988765,999.989668,999.990601,999.991533,999.992468,999.993385,999.994292,999.995177,999.996007,999.996796,999.997525,999.998220,999.998875,999.999497,1000.000080,1000.000636,1000.001128,1000.001565,1000.001971,1000.002342,1000.002688,1000.002997,1000.003275,1000.003530,1000.003765,1000.003982,1000.004178,1000.004349,1000.004507,1000.004650,1000.004788,1000.004912,1000.005025,1000.005127,1000.005226,1000.005315,1000.005396,1000.005481,1000.005550,1000.005623,1000.005694,1000.005764,1000.005832,1000.005890,1000.005961,1000.006024,1000.006087,1000.006152,1000.006202,1000.006248,1000.006285,0.000000,0.000000,0.000000,0.000000,0.000000,0.000000,0.000000,0.000000,0.000000,0.000000,0.000000,0.000000
0.000000,0.000000,0.000000,0.000000,0.000000,0.000000,0.000000,0.000000,0.000000,0.000000,0.000000,999.979969,999.980260,999.980525,999.980676,999.980736,999.980819,999.980897,999.980920,999.981055,999.981005,999.981160,999.981353,999.981339,999.981444,999.981466,999.981523,999.981656,999.981818,999.982015,999.982255,999.982550,999.982915,999.983352,999.983859,999.984441,999.985118,999.985863,999.986672,999.987550,999.988474,999.989438,999.990433,999.991437,999.992435,999.993417,999.994379,999.995308,999.996178,999.997041,999.997859,999.998600,999.999274,999.999868,1000.000417,1000.000946,1000.001430,1000.001870,1000.002270,1000.002639,1000.002964,1000.003260,1000.003533,1000.003778,1000.003983,1000.004183,1000.004359,1000.004518,1000.004667,1000.004791,1000.004908,1000.005017,1000.005113,1000.005199,1000.005281,1000.005362,1000.005426,1000.005492,1000.005551,1000.005613,1000.005669,1000.005718,1000.005782,1000.005838,1000.005886,1000.005951,1000.006008,1000.006063,1000.006121,1000.006188,1000.006300,1000.006377,0.000000,0.000000,0.000000,0.000000,0.000000,0.000000,0.000000,0.000000,0.000000,0.000000,0.000000
0.000000,0.000000,0.000000,0.000000,0.000000,0.000000,0.000000,0.000000,0.000000,0.000000,0.000000,999.979402,999.980669,999.980923,999.980982,999.981013,999.981094,999.981121,999.981148,999.981238,999.981177,999.981353,999.981257,999.981090,999.981216,999.981218,999.981336,999.981464,999.981541,999.981663,999.981845,999.982089,999.982412,999.982807,999.983287,999.983871,999.984548,999.985315,999.986187,999.987136,999.988147,999.989204,999.990284,999.991380,999.992472,999.993544,999.994569,999.995554,999.996455,999.997303,999.998095,999.998851,999.999561,1000.000244,1000.000826,1000.001343,1000.001814,1000.002237,1000.002626,1000.002974,1000.003275,1000.003557,1000.003803,1000.004032,1000.004230,1000.004402,1000.004564,1000.004704,1000.004826,1000.004944,1000.005041,1000.005127,1000.005209,1000.005276,1000.005343,1000.005403,1000.005461,1000.005512,1000.005558,1000.005606,1000.005660,1000.005697,1000.005739,1000.005787,1000.005835,1000.005876,1000.005929,1000.005978,1000.006031,1000.006072,1000.006181,1000.006547,0.000000,0.000000,0.000000,0.000000,0.000000,0.000000,0.000000,0.000000,0.000000,0.000000,0.000000
0.000000,0.000000,0.000000,0.000000,0.000000,0.000000,0.000000,0.000000,0.000000,0.000000,999.981859,999.981356,999.981199,999.981153,999.981285,999.981334,999.981376,999.981357,999.981378,999.981361,999.981271,999.981339,999.981090,999.981181,999.981402,999.981214,999.981217,999.981118,999.981054,999.981145,999.981277,999.981474,999.981747,999.982109,999.982588,999.983188,999.983906,999.984731,999.985655,999.986669,999.987761,999.988906,999.990087,999.991277,999.992458,999.993609,999.994705,999.995787,999.996827,999.997769,999.998604,999.999347,1000.000015,1000.000635,1000.001226,1000.001739,1000.002213,1000.002629,1000.003004,1000.003330,1000.003631,1000.003890,1000.004111,1000.004313,1000.004494,1000.004652,1000.004785,1000.004903,1000.005008,1000.005091,1000.005181,1000.005244,1000.005311,1000.005369,1000.005410,1000.005455,1000.005494,1000.005530,1000.005566,1000.005592,1000.005631,1000.005669,1000.005697,1000.005732,1000.005771,1000.005815,1000.005843,1000.005894,1000.005953,1000.006015,1000.006035,1000.006047,1000.005966,0.000000,0.000000,0.000000,0.000000,0.000000,0.000000,0.000000,0.000000,0.000000,0.000000
0.000000,0.000000,0.000000,0.000000,0.000000,0.000000,0.000000,0.000000,0.000000,999.981557,999.981524,999.981797,999.981606,999.981631,999.981673,999.981652,999.981656,999.981613,999.981590,999.981507,999.981444,999.981444,999.981216,999.981402,999.981130,999.980658,999.980736,999.980634,999.980684,999.980779,999.980794,999.980881,999.981080,999.981392,999.981837,999.982418,999.983115,999.983978,999.984988,999.986113,999.987343,999.988624,999.989955,999.991273,999.992581,999.993858,999.995013,999.996088,999.997094,999.998052,999.998954,999.999816,1000.000550,1000.001171,1000.001735,1000.002236,1000.002687,1000.003083,1000.003429,1000.003732,1000.004002,1000.004245,1000.004446,1000.004623,1000.004778,1000.004907,1000.005021,1000.005117,1000.005199,1000.005269,1000.005324,1000.005376,1000.005416,1000.005455,1000.005486,1000.005503,1000.005536,1000.005555,1000.005580,1000.005591,1000.005608,1000.005635,1000.005660,1000.005677,1000.005696,1000.005729,1000.005763,1000.005795,1000.005836,1000.005888,1000.005936,1000.005928,1000.006050,1000.006060,0.000000,0.000000,0.000000,0.000000,0.000000,0.000000,0.000000,0.000000,0.000000
0.000000,0.000000,0.000000,0.000000,0.000000,0.000000,0.000000,0.000000,0.000000,999.980587,999.981926,999.982151,999.982066,999.982046,999.982042,999.981987,999.981965,999.981881,999.981825,999.981698,999.981619,999.981466,999.981218,999.981214,999.980658,999.980646,999.980959,999.980581,999.980406,999.980178,999.979947,999.980003,999.980162,999.980425,999.980836,999.981403,999.982199,999.983145,999.984249,999.985474,999.986809,999.988227,999.989707,999.991160,999.992578,999.994009,999.995382,999.996635,999.997753,999.998711,999.999548,1000.000323,1000.001055,1000.001697,1000.002268,1000.002761,1000.003193,1000.003565,1000.003896,1000.004179,1000.004415,1000.004623,1000.004806,1000.004951,1000.005083,1000.005185,1000.005273,1000.005348,1000.005407,1000.005452,1000.005492,1000.005513,1000.005532,1000.005543,1000.005565,1000.005569,1000.005568,1000.005572,1000.005587,1000.005587,1000.005587,1000.005592,1000.005610,1000.005625,1000.005634,1000.005654,1000.005683,1000.005706,1000.005731,1000.005772,1000.005814,1000.005823,1000.005939,1000.006383,0.000000,0.000000,0.000000,0.000000,0.000000,0.000000,0.000000,0.000000,0.000000
0.000000,0.000000,0.000000,0.000000,0.000000,0.000000,0.000000,0.000000,999.982561,999.982352,999.982434,999.982401,999.982488,999.982472,999.982424,999.982344,999.982291,999.982167,999.982074,999.981894,999.981766,999.981523,999.981336,999.981217,999.980736,999.980959,999.980520,999.979542,999.979495,999.979300,999.979254,999.979362,999.979351,999.979466,999.979814,999.980382,999.981102,999.982082,999.983302,999.984703,999.986300,999.987929,999.989624,999.991315,999.992864,999.994301,999.995659,999.996931,999.998145,999.999293,1000.000265,1000.001054,1000.001747,1000.002365,1000.002907,1000.003366,1000.003765,1000.004106,1000.004404,1000.004657,1000.004868,1000.005040,1000.005190,1000.005309,1000.005402,1000.005485,1000.005545,1000.005584,1000.005619,1000.005634,1000.005652,1000.005656,1000.005656,1000.005645,1000.005635,1000.005629,1000.005618,1000.005595,1000.005591,1000.005581,1000.005576,1000.005564,1000.005558,1000.005557,1000.005572,1000.005572,1000.005581,1000.005607,1000.005626,1000.005652,1000.005693,1000.005756,1000.005801,1000.005884,1000.005877,0.000000,0.000000,0.000000,0.000000,0.000000,0.000000,0.000000,0.000000
0.000000,0.000000,0.000000,0.000000,0.000000,0.000000,0.000000,0.000000,999.981366,999.983106,999.982983,999.982950,999.982941,999.982882,999.982824,999.982735,999.982636,999.982471,999.982336,999.982133,999.981947,999.981656,999.981464,999.981118,999.980634,999.980581,999.979542,999.979255,999.979764,999.979194,999.978765,999.978376,999.977985,999.978060,999.978355,999.978844,999.979732,999.980855,999.982216,999.983800,999.985546,999.987369,999.989258,999.991238,999.993158,999.994915,999.996492,999.997831,999.998931,999.999955,1000.000919,1000.001756,1000.002466,1000.003071,1000.003579,1000.004017,1000.004388,1000.004700,1000.004954,1000.005169,1000.005346,1000.005486,1000.005602,1000.005690,1000.005752,1000.005798,1000.005829,1000.005842,1000.005843,1000.005835,1000.005820,1000.005803,1000.005783,1000.005750,1000.005720,1000.005678,1000.005656,1000.005626,1000.005592,1000.005561,1000.005547,1000.005526,1000.005508,1000.005492,1000.005484,1000.005492,1000.005481,1000.005496,1000.005523,1000.005536,1000.005562,1000.005613,1000.005644,1000.005662,1000.006254,0.000000,0.000000,0.000000,0.000000,0.000000,0.000000,0.000000,0.000000
0.000000,0.000000,0.000000,0.000000,0.000000,0.000000,0.000000,999.984200,999.983684,999.983601,999.983410,999.983483,999.983434,999.983349,999.983251,999.983128,999.982986,999.982804,999.982641,999.982380,999.982152,999.981818,999.981541,999.981054,999.980684,999.980406,999.979495,999.979764,999.979231,999.977513,999.977121,999.976796,999.976629,999.976790,999.976943,999.977411,999.978127,999.979270,999.980869,999.982712,999.984909,999.987187,999.989306,999.991360,999.993314,999.995146,999.996892,999.998542,999.999912,1000.000968,1000.001878,1000.002657,1000.003334,1000.003887,1000.004358,1000.004746,1000.005073,1000.005337,1000.005555,1000.005721,1000.005859,1000.005960,1000.006034,1000.006083,1000.006116,1000.006124,1000.006121,1000.006105,1000.006084,1000.006045,1000.006006,1000.005949,1000.005906,1000.005853,1000.005805,1000.005749,1000.005693,1000.005648,1000.005603,1000.005556,1000.005510,1000.005484,1000.005458,1000.005431,1000.005403,1000.005396,1000.005391,1000.005383,1000.005385,1000.005405,1000.005421,1000.005459,1000.005527,1000.005525,1000.005563,1000.005412,0.000000,0.000000,0.000000,0.000000,0.000000,0.000000,0.000000
0.000000,0.000000,0.000000,0.000000,0.000000,0.000000,0.000000,999.982670,999.984529,999.984218,999.984120,999.984020,999.983919,999.983813,999.983693,999.983544,999.983380,999.983185,999.982959,999.982672,999.982400,999.982015,999.981663,999.981145,999.980779,999.980178,999.979300,999.979194,999.977513,999.976539,999.977184,999.976513,999.975780,999.975307,999.974873,999.975066,999.976073,999.977435,999.979215,999.981400,999.983765,999.986506,999.989328,999.991958,999.994356,999.996372,999.997968,999.999406,1000.000781,1000.001937,1000.002875,1000.003638,1000.004267,1000.004781,1000.005204,1000.005544,1000.005811,1000.006024,1000.006190,1000.006316,1000.006406,1000.006464,1000.006495,1000.006504,1000.006494,1000.006469,1000.006431,1000.006381,1000.006322,1000.006255,1000.006188,1000.006113,1000.006027,1000.005953,1000.005879,1000.005807,1000.005732,1000.005659,1000.005600,1000.005541,1000.005483,1000.005427,1000.005388,1000.005356,1000.005320,1000.005299,1000.005282,1000.005268,1000.005258,1000.005273,1000.005285,1000.005289,1000.005309,1000.005328,1000.005303,1000.005981,0.000000,0.000000,0.000000,0.000000,0.000000,0.000000,0.000000
0.000000,0.000000,0.000000,0.000000,0.000000,0.000000,999.985936,999.985263,999.985052,999.984699,999.984698,999.984568,999.984443,999.984313,999.984168,999.983989,999.983801,999.983565,999.983310,999.982993,999.982682,999.982255,999.981845,999.981277,999.980794,999.979947,999.979254,999.978765,999.977121,999.977184,999.976746,999.974144,999.973002,999.972313,999.972067,999.972740,999.973410,999.974735,999.977023,999.979745,999.982782,999.985954,999.989002,999.991894,999.994648,999.997267,999.999366,1000.000912,1000.002167,1000.003218,1000.004087,1000.004776,1000.005338,1000.005777,1000.006125,1000.006400,1000.006609,1000.006764,1000.006872,1000.006940,1000.006980,1000.006986,1000.006977,1000.006943,1000.006890,1000.006826,1000.006750,1000.006663,1000.006571,1000.006469,1000.006371,1000.006271,1000.006171,1000.006058,1000.005958,1000.005862,1000.005768,1000.005679,1000.005588,1000.005518,1000.005446,1000.005382,1000.005319,1000.005273,1000.005225,1000.005191,1000.005169,1000.005145,1000.005125,1000.005122,1000.005123,1000.005124,1000.005143,1000.005181,1000.005116,1000.005133,1000.004998,0.000000,0.000000,0.000000,0.000000,0.000000,0.000000
0.000000,0.000000,0.000000,0.000000,0.000000,0.000000,999.984280,999.986122,999.985627,999.985451,999.985281,999.985116,999.984979,999.984825,999.984655,999.984460,999.984236,999.983988,999.983713,999.983377,999.983017,999.982550,999.982089,999.981474,999.980881,999.980003,999.979362,999.978376,999.976796,999.976513,999.974144,999.971713,999.971892,999.971174,999.970375,999.969851,999.970311,999.972108,999.974628,999.978256,999.982119,999.986070,999.990054,999.993478,999.996117,999.998424,1000.000575,1000.002327,1000.003647,1000.004649,1000.005436,1000.006048,1000.006512,1000.006870,1000.007131,1000.007321,1000.007459,1000.007544,1000.007589,1000.007600,1000.007581,1000.007535,1000.007475,1000.007396,1000.007302,1000.007191,1000.007079,1000.006953,1000.006825,1000.006695,1000.006555,1000.006420,1000.006293,1000.006163,1000.006031,1000.005913,1000.005795,1000.005689,1000.005583,1000.005476,1000.005400,1000.005323,1000.005239,1000.005183,1000.005130,1000.005081,1000.005035,1000.005014,1000.004992,1000.004972,1000.004959,1000.004960,1000.004959,1000.004955,1000.004938,1000.004837,1000.005554,0.000000,0.000000,0.000000,0.000000,0.000000,0.000000
0.000000,0.000000,0.000000,0.000000,0.000000,999.987750,999.986921,999.986570,999.986081,999.986030,999.985844,999.985687,999.985515,999.985346,999.985164,999.984942,999.984717,999.984454,999.984153,999.983790,999.983397,999.982915,999.982412,999.981747,999.981080,999.980162,999.979351,999.977985,999.976629,999.975780,999.973002,999.971892,999.971400,999.967965,999.965607,999.964957,999.965128,999.967060,999.970300,999.974460,999.979745,999.985186,999.990057,999.994638,999.998309,1000.000837,1000.002750,1000.004273,1000.005449,1000.006325,1000.006973,1000.007451,1000.007794,1000.008039,1000.008206,1000.008305,1000.008357,1000.008364,1000.008336,1000.008281,1000.008209,1000.008110,1000.007990,1000.007861,1000.007722,1000.007568,1000.007410,1000.007246,1000.007082,1000.006913,1000.006750,1000.006577,1000.006415,1000.006259,1000.006103,1000.005955,1000.005815,1000.005691,1000.005564,1000.005456,1000.005336,1000.005253,1000.005161,1000.005085,1000.005017,1000.004963,1000.004909,1000.004871,1000.004839,1000.004813,1000.004796,1000.004781,1000.004769,1000.004757,1000.004807,1000.004701,1000.004628,1000.004342,0.000000,0.000000,0.000000,0.000000,0.000000
0.000000,0.000000,0.000000,0.000000,0.000000,999.986013,999.987559,999.987011,999.986807,999.986603,999.986402,999.986244,999.986065,999.985892,999.985684,999.985473,999.985230,999.984949,999.984625,999.984258,999.983851,999.983352,999.982807,999.982109,999.981392,999.980425,999.979466,999.978060,999.976790,999.975307,999.972313,999.971174,999.967965,999.963246,999.961328,999.959534,999.959819,999.962300,999.966392,999.972988,999.979821,999.986000,999.991600,999.996193,1000.000157,1000.003169,1000.005192,1000.006575,1000.007541,1000.008225,1000.008687,1000.008987,1000.009184,1000.009291,1000.009341,1000.009336,1000.009291,1000.009217,1000.009120,1000.008991,1000.008852,1000.008696,1000.008523,1000.008339,1000.008151,1000.007952,1000.007753,1000.007542,1000.007335,1000.007130,1000.006927,1000.006730,1000.006532,1000.006349,1000.006167,1000.006000,1000.005824,1000.005677,1000.005533,1000.005404,1000.005282,1000.005165,1000.005069,1000.004985,1000.004892,1000.004827,1000.004771,1000.004719,1000.004685,1000.004644,1000.004624,1000.004611,1000.004595,1000.004567,1000.004551,1000.004541,1000.004406,1000.005069,0.000000,0.000000,0.000000,0.000000,0.000000
0.000000,0.000000,0.000000,0.000000,999.988555,999.988227,999.987878,999.987383,999.987326,999.987143,999.986975,999.986803,999.986628,999.986444,999.986236,999.986018,999.985769,999.985482,999.985155,999.984792,999.984364,999.983859,999.983287,999.982588,999.981837,999.980836,999.979814,999.978355,999.976943,999.974873,999.972067,999.970375,999.965607,999.961328,999.957628,999.952913,999.951381,999.952899,999.959389,999.968703,999.978469,999.988165,999.995664,1000.000561,1000.004029,1000.006510,1000.008194,1000.009258,1000.009919,1000.010311,1000.010535,1000.010630,1000.010654,1000.010607,1000.010525,1000.010401,1000.010262,1000.010094,1000.009921,1000.009720,1000.009508,1000.009290,1000.009062,1000.008828,1000.008586,1000.008338,1000.008088,1000.007845,1000.007593,1000.007349,1000.007108,1000.006874,1000.006651,1000.006430,1000.006216,1000.006026,1000.005840,1000.005657,1000.005491,1000.005349,1000.005200,1000.005078,1000.004961,1000.004864,1000.004775,1000.004688,1000.004628,1000.004558,1000.004517,1000.004478,1000.004443,1000.004419,1000.004400,1000.004398,1000.004379,1000.004416,1000.004277,1000.004245,1000.004186,0.000000,0.000000,0.000000,0.000000
0.000000,0.000000,0.000000,0.000000,999.986605,999.988028,999.988034,999.988025,999.987872,999.987696,999.987533,999.987372,999.987192,999.987014,999.986806,999.986596,999.986335,999.986055,999.985736,999.985370,999.984942,999.984441,999.983871,999.983188,999.982418,999.981403,999.980382,999.978844,999.977411,999.975066,999.972740,999.969851,999.964957,999.959534,999.952913,999.942648,999.935891,999.940157,999.949656,999.961760,999.976803,999.989686,999.998681,1000.005358,1000.008922,1000.010793,1000.011822,1000.012344,1000.012558,1000.012584,1000.012503,1000.012361,1000.012174,1000.011964,1000.011738,1000.011499,1000.011253,1000.010993,1000.010731,1000.010463,1000.010183,1000.009898,1000.009612,1000.009316,1000.009023,1000.008724,1000.008431,1000.008134,1000.007847,1000.007560,1000.007281,1000.007008,1000.006749,1000.006505,1000.006256,1000.006036,1000.005827,1000.005634,1000.005442,1000.005274,1000.005120,1000.004974,1000.004850,1000.004726,1000.004631,1000.004539,1000.004461,1000.004394,1000.004343,1000.004298,1000.004254,1000.004232,1000.004213,1000.004206,1000.004187,1000.004200,1000.004241,1000.004328,1000.004986,0.000000,0.000000,0.000000,0.000000
