0.000000,0.000000,0.000000,0.000000,0.000000,0.000000,0.000000,0.000000,0.000000,0.000000,0.000000,0.000000,0.000000,0.000000,0.000000,0.000000,0.000000,0.000000,0.000000,0.000000,0.000000,0.000000,0.000000,0.000000,0.000000,0.000000,0.000000,0.000000,0.000000,0.000000,0.000000,0.000000,0.000000,0.000000,0.000000,0.000000,0.000000,0.000000,0.000000,0.000000,0.000000,0.000000,0.000000,0.000000,0.000000,0.000000,0.000000,0.000000,0.000000,0.000000,0.000000,0.000000,0.000000,0.000000,0.000000,0.000000,0.000000,0.000000,0.000000,0.000000,0.000000,0.000000,0.000000,0.000000,0.000000,0.000000,0.000000,0.000000,0.000000,0.000000,0.000000,0.000000,0.000000,0.000000,0.000000,0.000000,0.000000,0.000000,0.000000,0.000000,0.000000,0.000000,0.000000,0.000000,0.000000,0.000000,0.000000,0.000000,0.000000,0.000000,0.000000,0.000000,0.000000,0.000000,0.000000,0.000000,0.000000,0.000000,0.000000,0.000000,0.000000,0.000000,0.000000
0.000000,0.000000,0.000000,0.000000,0.000000,0.000000,0.000000,0.000000,0.000000,0.000000,0.000000,0.000000,0.000000,0.000000,0.000000,0.000000,0.000000,0.000000,0.000000,0.000000,0.000000,0.000000,0.000000,0.000000,0.000000,0.000000,0.000000,0.000000,0.000000,0.000000,0.000000,0.000000,0.000000,0.000000,0.000000,0.000000,0.000000,0.000000,0.000000,0.000000,0.000000,0.000000,0.000000,0.000000,0.000000,0.000000,0.000000,0.000000,0.000000,0.000000,0.000000,999.998068,0.000000,0.000000,0.000000,0.000000,0.000000,0.000000,0.000000,0.000000,0.000000,0.000000,0.000000,0.000000,0.000000,0.000000,0.000000,0.000000,0.000000,0.000000,0.000000,0.000000,0.000000,0.000000,0.000000,0.000000,0.000000,0.000000,0.000000,0.000000,0.000000,0.000000,0.000000,0.000000,0.000000,0.000000,0.000000,0.000000,0.000000,0.000000,0.000000,0.000000,0.000000,0.000000,0.000000,0.000000,0.000000,0.000000,0.000000,0.000000,0.000000,0.000000,0.000000
0.000000,0.000000,0.000000,0.000000,0.000000,0.000000,0.000000,0.000000,0.000000,0.000000,0.000000,0.000000,0.000000,0.000000,0.000000,0.000000,0.000000,0.000000,0.000000,0.000000,0.000000,0.000000,0.000000,0.000000,0.000000,0.000000,0.000000,0.000000,0.000000,0.000000,0.000000,0.000000,0.000000,0.000000,0.000000,0.000000,0.000000,0.000000,0.000000,0.000000,0.000000,0.000000,999.995909,999.993224,999.993239,999.993849,999.994470,999.995138,999.995891,999.996965,999.997875,999.998015,999.998166,999.999012,999.999986,1000.000561,1000.001031,1000.001458,1000.001835,1000.001788,999.999832,0.000000,0.000000,0.000000,0.000000,0.000000,0.000000,0.000000,0.000000,0.000000,0.000000,0.000000,0.000000,0.000000,0.000000,0.000000,0.000000,0.000000,0.000000,0.000000,0.000000,0.000000,0.000000,0.000000,0.000000,0.000000,0.000000,0.000000,0.000000,0.000000,0.000000,0.000000,0.000000,0.000000,0.000000,0.000000,0.000000,0.000000,0.000000,0.000000,0.000000,0.000000,0.000000
0.000000,0.000000,0.000000,0.000000,0.000000,0.000000,0.000000,0.000000,0.000000,0.000000,0.000000,0.000000,0.000000,0.000000,0.000000,0.000000,0.000000,0.000000,0.000000,0.000000,0.000000,0.000000,0.000000,0.000000,0.000000,0.000000,0.000000,0.000000,0.000000,0.000000,0.000000,0.000000,0.000000,0.000000,0.000000,0.000000,0.000000,999.991771,999.989188,999.989050,999.990304,999.992312,999.995081,999.994421,999.993990,999.994162,999.994685,999.995321,999.995980,999.996679,999.997698,999.997916,999.998135,999.999094,999.999665,1000.000199,1000.000678,1000.001050,1000.001138,1000.000837,1000.000371,1000.002210,1000.003464,1000.004132,1000.003917,1000.002361,0.000000,0.000000,0.000000,0.000000,0.000000,0.000000,0.000000,0.000000,0.000000,0.000000,0.000000,0.000000,0.000000,0.000000,0.000000,0.000000,0.000000,0.000000,0.000000,0.000000,0.000000,0.000000,0.000000,0.000000,0.000000,0.000000,0.000000,0.000000,0.000000,0.000000,0.000000,0.000000,0.000000,0.000000,0.000000,0.000000,0.000000
0.000000,0.000000,0.000000,0.000000,0.000000,0.000000,0.000000,0.000000,0.000000,0.000000,0.000000,0.000000,0.000000,0.000000,0.000000,0.000000,0.000000,0.000000,0.000000,0.000000,0.000000,0.000000,0.000000,0.000000,0.000000,0.000000,0.000000,0.000000,0.000000,0.000000,0.000000,0.000000,0.000000,0.000000,999.989349,999.987457,999.988524,999.991118,999.990681,999.990419,999.990864,999.992542,999.993531,999.993770,999.994037,999.994388,999.994850,999.995412,999.996034,999.996631,999.997268,999.997827,999.998355,999.998921,999.999423,999.999961,1000.000416,1000.000740,1000.000957,1000.001122,1000.001283,1000.001903,1000.002944,1000.003191,1000.003000,1000.002661,1000.004058,1000.004598,1000.003624,0.000000,0.000000,0.000000,0.000000,0.000000,0.000000,0.000000,0.000000,0.000000,0.000000,0.000000,0.000000,0.000000,0.000000,0.000000,0.000000,0.000000,0.000000,0.000000,0.000000,0.000000,0.000000,0.000000,0.000000,0.000000,0.000000,0.000000,0.000000,0.000000,0.000000,0.000000,0.000000,0.000000,0.000000
0.000000,0.000000,0.000000,0.000000,0.000000,0.000000,0.000000,0.000000,0.000000,0.000000,0.000000,0.000000,0.000000,0.000000,0.000000,0.000000,0.000000,0.000000,0.000000,0.000000,0.000000,0.000000,0.000000,0.000000,0.000000,0.000000,0.000000,0.000000,0.000000,0.000000,0.000000,0.000000,999.988567,999.986893,999.989027,999.988835,999.989576,999.990137,999.990372,999.990839,999.991411,999.992256,999.992842,999.993538,999.993997,999.994419,999.994903,999.995426,999.996012,999.996608,999.997151,999.997733,999.998288,999.998782,999.999306,999.999796,1000.000208,1000.000558,1000.000864,1000.001157,1000.001619,1000.001962,1000.002477,1000.002783,1000.003048,1000.003159,1000.003414,1000.003771,1000.003641,1000.004676,1000.003752,0.000000,0.000000,0.000000,0.000000,0.000000,0.000000,0.000000,0.000000,0.000000,0.000000,0.000000,0.000000,0.000000,0.000000,0.000000,0.000000,0.000000,0.000000,0.000000,0.000000,0.000000,0.000000,0.000000,0.000000,0.000000,0.000000,0.000000,0.000000,0.000000,0.000000,0.000000,0.000000
0.000000,0.000000,0.000000,0.000000,0.000000,0.000000,0.000000,0.000000,0.000000,0.000000,0.000000,0.000000,0.000000,0.000000,0.000000,0.000000,0.000000,0.000000,0.000000,0.000000,0.000000,0.000000,0.000000,0.000000,0.000000,0.000000,0.000000,0.000000,0.000000,0.000000,999.986816,999.985213,999.987762,999.988374,999.988679,999.988847,999.989394,999.989787,999.990401,999.990913,999.991488,999.992097,999.992720,999.993327,999.993869,999.994368,999.994883,999.995417,999.995999,999.996560,999.997108,999.997661,999.998201,999.998708,999.999218,999.999677,1000.000077,1000.000483,1000.000852,1000.001190,1000.001573,1000.001955,1000.002321,1000.002623,1000.002894,1000.003229,1000.003420,1000.003653,1000.003693,1000.003847,1000.004127,1000.005278,1000.004524,0.000000,0.000000,0.000000,0.000000,0.000000,0.000000,0.000000,0.000000,0.000000,0.000000,0.000000,0.000000,0.000000,0.000000,0.000000,0.000000,0.000000,0.000000,0.000000,0.000000,0.000000,0.000000,0.000000,0.000000,0.000000,0.000000,0.000000,0.000000,0.000000,0.000000
0.000000,0.000000,0.000000,0.000000,0.000000,0.000000,0.000000,0.000000,0.000000,0.000000,0.000000,0.000000,0.000000,0.000000,0.000000,0.000000,0.000000,0.000000,0.000000,0.000000,0.000000,0.000000,0.000000,0.000000,0.000000,0.000000,0.000000,0.000000,999.985130,999.983645,999.986157,999.986985,999.987419,999.987843,999.988207,999.988838,999.989307,999.989768,999.990330,999.990851,999.991432,999.992013,999.992608,999.993199,999.993762,999.994310,999.994836,999.995403,999.995960,999.996503,999.997052,999.997600,999.998126,999.998633,999.999124,999.999576,1000.000022,1000.000422,1000.000809,1000.001174,1000.001540,1000.001923,1000.002264,1000.002591,1000.002863,1000.003131,1000.003372,1000.003586,1000.003869,1000.004006,1000.004203,1000.004368,1000.004721,1000.005814,1000.005080,0.000000,0.000000,0.000000,0.000000,0.000000,0.000000,0.000000,0.000000,0.000000,0.000000,0.000000,0.000000,0.000000,0.000000,0.000000,0.000000,0.000000,0.000000,0.000000,0.000000,0.000000,0.000000,0.000000,0.000000,0.000000,0.000000,0.000000,0.000000
0.000000,0.000000,0.000000,0.000000,0.000000,0.000000,0.000000,0.000000,0.000000,0.000000,0.000000,0.000000,0.000000,0.000000,0.000000,0.000000,0.000000,0.000000,0.000000,0.000000,0.000000,0.000000,0.000000,0.000000,0.000000,0.000000,999.983550,999.982379,999.984631,999.985441,999.985941,999.986503,999.986944,999.987648,999.988154,999.988668,999.989138,999.989677,999.990224,999.990768,999.991358,999.991913,999.992516,999.993092,999.993665,999.994222,999.994814,999.995365,999.995916,999.996474,999.997029,999.997571,999.998085,999.998597,999.999075,999.999538,999.999983,1000.000398,1000.000776,1000.001167,1000.001540,1000.001880,1000.002208,1000.002536,1000.002831,1000.003097,1000.003351,1000.003586,1000.003817,1000.004031,1000.004332,1000.004516,1000.004737,1000.004934,1000.005252,1000.006155,1000.005632,0.000000,0.000000,0.000000,0.000000,0.000000,0.000000,0.000000,0.000000,0.000000,0.000000,0.000000,0.000000,0.000000,0.000000,0.000000,0.000000,0.000000,0.000000,0.000000,0.000000,0.000000,0.000000,0.000000,0.000000,0.000000,0.000000
0.000000,0.000000,0.000000,0.000000,0.000000,0.000000,0.000000,0.000000,0.000000,0.000000,0.000000,0.000000,0.000000,0.000000,0.000000,0.000000,0.000000,0.000000,0.000000,0.000000,0.000000,0.000000,0.000000,0.000000,999.982567,999.981625,999.983340,999.984064,999.984534,999.985130,999.985615,999.986336,999.986886,999.987438,999.987964,999.988483,999.989021,999.989571,999.990106,999.990673,999.991245,999.991833,999.992418,999.993014,999.993586,999.994173,999.994757,999.995310,999.995869,999.996439,999.997002,999.997525,999.998046,999.998554,999.999048,999.999504,999.999944,1000.000357,1000.000777,1000.001165,1000.001530,1000.001882,1000.002203,1000.002532,1000.002824,1000.003090,1000.003346,1000.003594,1000.003831,1000.004054,1000.004283,1000.004523,1000.004808,1000.004987,1000.005228,1000.005400,1000.005648,1000.006308,1000.005896,0.000000,0.000000,0.000000,0.000000,0.000000,0.000000,0.000000,0.000000,0.000000,0.000000,0.000000,0.000000,0.000000,0.000000,0.000000,0.000000,0.000000,0.000000,0.000000,0.000000,0.000000,0.000000,0.000000,0.000000
0.000000,0.000000,0.000000,0.000000,0.000000,0.000000,0.000000,0.000000,0.000000,0.000000,0.000000,0.000000,0.000000,0.000000,0.000000,0.000000,0.000000,0.000000,0.000000,0.000000,0.000000,0.000000,0.000000,999.982854,999.982531,999.982933,999.983413,999.983944,999.984358,999.985041,999.985601,999.986157,999.986695,999.987240,999.987795,999.988327,999.988877,999.989424,999.989978,999.990557,999.991142,999.991734,999.992327,999.992921,999.993523,999.994110,999.994695,999.995273,999.995856,999.996428,999.996967,999.997514,999.998043,999.998559,999.999038,999.999511,999.999951,1000.000376,1000.000781,1000.001162,1000.001516,1000.001877,1000.002220,1000.002515,1000.002817,1000.003097,1000.003362,1000.003612,1000.003841,1000.004084,1000.004307,1000.004526,1000.004753,1000.004966,1000.005229,1000.005389,1000.005578,1000.005720,1000.005856,1000.005671,0.000000,0.000000,0.000000,0.000000,0.000000,0.000000,0.000000,0.000000,0.000000,0.000000,0.000000,0.000000,0.000000,0.000000,0.000000,0.000000,0.000000,0.000000,0.000000,0.000000,0.000000,0.000000,0.000000
0.000000,0.000000,0.000000,0.000000,0.000000,0.000000,0.000000,0.000000,0.000000,0.000000,0.000000,0.000000,0.000000,0.000000,0.000000,0.000000,0.000000,0.000000,0.000000,0.000000,0.000000,999.981029,999.980479,999.982360,999.982795,999.983124,999.983361,999.983906,999.984423,999.984938,999.985467,999.985986,999.986546,999.987083,999.987615,999.988159,999.988710,999.989276,999.989847,999.990429,999.991026,999.991618,999.992231,999.992833,999.993443,999.994052,999.994643,999.995244,999.995844,999.996399,999.996952,999.997514,999.998049,999.998543,999.999038,999.999511,999.999972,1000.000402,1000.000807,1000.001192,1000.001568,1000.001920,1000.002245,1000.002542,1000.002833,1000.003119,1000.003375,1000.003626,1000.003856,1000.004093,1000.004312,1000.004541,1000.004756,1000.004958,1000.005147,1000.005328,1000.005537,1000.005600,1000.005707,1000.005852,1000.006585,1000.006312,0.000000,0.000000,0.000000,0.000000,0.000000,0.000000,0.000000,0.000000,0.000000,0.000000,0.000000,0.000000,0.000000,0.000000,0.000000,0.000000,0.000000,0.000000,0.000000,0.000000,0.000000
0.000000,0.000000,0.000000,0.000000,0.000000,0.000000,0.000000,0.000000,0.000000,0.000000,0.000000,0.000000,0.000000,0.000000,0.000000,0.000000,0.000000,0.000000,0.000000,0.000000,999.981369,999.981308,999.981696,999.982215,999.982606,999.983051,999.983452,999.983907,999.984369,999.984838,999.985346,999.985858,999.986377,999.986900,999.987434,999.987984,999.988549,999.989111,999.989693,999.990293,999.990887,999.991513,999.992125,999.992758,999.993374,999.994000,999.994613,999.995221,999.995817,999.996400,999.996986,999.997537,999.998071,999.998583,999.999087,999.999557,1000.000004,1000.000427,1000.000838,1000.001220,1000.001596,1000.001935,1000.002265,1000.002580,1000.002884,1000.003152,1000.003409,1000.003656,1000.003900,1000.004121,1000.004334,1000.004533,1000.004746,1000.004948,1000.005118,1000.005294,1000.005459,1000.005595,1000.005747,1000.005880,1000.006063,1000.006183,1000.006114,0.000000,0.000000,0.000000,0.000000,0.000000,0.000000,0.000000,0.000000,0.000000,0.000000,0.000000,0.000000,0.000000,0.000000,0.000000,0.000000,0.000000,0.000000,0.000000,0.000000
0.000000,0.000000,0.000000,0.000000,0.000000,0.000000,0.000000,0.000000,0.000000,0.000000,0.000000,0.000000,0.000000,0.000000,0.000000,0.000000,0.000000,0.000000,0.000000,999.981052,999.981355,999.981559,999.981946,999.982166,999.982624,999.983032,999.983433,999.983831,999.984260,999.984724,999.985206,999.985690,999.986190,999.986710,999.987250,999.987804,999.988360,999.988932,999.989533,999.990142,999.990769,999.991383,999.992036,999.992656,999.993312,999.993937,999.994582,999.995203,999.995801,999.996413,999.996998,999.997551,999.998091,999.998628,999.999136,999.999606,1000.000071,1000.000501,1000.000922,1000.001309,1000.001672,1000.001998,1000.002343,1000.002637,1000.002928,1000.003191,1000.003447,1000.003693,1000.003926,1000.004143,1000.004361,1000.004560,1000.004739,1000.004929,1000.005104,1000.005268,1000.005415,1000.005564,1000.005693,1000.005861,1000.005933,1000.006057,1000.006110,1000.006191,0.000000,0.000000,0.000000,0.000000,0.000000,0.000000,0.000000,0.000000,0.000000,0.000000,0.000000,0.000000,0.000000,0.000000,0.000000,0.000000,0.000000,0.000000,0.000000
0.000000,0.000000,0.000000,0.000000,0.000000,0.000000,0.000000,0.000000,0.000000,0.000000,0.000000,0.000000,0.000000,0.000000,0.000000,0.000000,0.000000,0.000000,999.980729,999.981100,999.981411,999.981702,999.981994,999.982285,999.982654,999.983009,999.983386,999.983766,999.984183,999.984607,999.985051,999.985516,999.986006,999.986518,999.987042,999.987583,999.988153,999.988741,999.989357,999.989975,999.990605,999.991263,999.991909,999.992582,999.993234,999.993905,999.994549,999.995199,999.995833,999.996448,999.997037,999.997612,999.998177,999.998704,999.999206,999.999680,1000.000141,1000.000571,1000.000984,1000.001361,1000.001745,1000.002082,1000.002417,1000.002714,1000.002994,1000.003262,1000.003516,1000.003754,1000.003966,1000.004176,1000.004380,1000.004577,1000.004755,1000.004926,1000.005096,1000.005242,1000.005385,1000.005527,1000.005661,1000.005785,1000.005889,1000.005987,1000.006077,1000.006170,1000.006290,0.000000,0.000000,0.000000,0.000000,0.000000,0.000000,0.000000,0.000000,0.000000,0.000000,0.000000,0.000000,0.000000,0.000000,0.000000,0.000000,0.000000,0.000000
0.000000,0.000000,0.000000,0.000000,0.000000,0.000000,0.000000,0.000000,0.000000,0.000000,0.000000,0.000000,0.000000,0.000000,0.000000,0.000000,0.000000,999.980459,999.980887,999.981185,999.981478,999.981762,999.982029,999.982337,999.982634,999.982965,999.983296,999.983674,999.984050,999.984446,999.984869,999.985317,999.985797,999.986301,999.986810,999.987359,999.987934,999.988538,999.989156,999.989787,999.990449,999.991126,999.991806,999.992489,999.993177,999.993864,999.994528,999.995201,999.995841,999.996482,999.997081,999.997685,999.998251,999.998792,999.999300,999.999806,1000.000273,1000.000700,1000.001111,1000.001484,1000.001854,1000.002179,1000.002491,1000.002792,1000.003074,1000.003342,1000.003585,1000.003804,1000.004035,1000.004237,1000.004421,1000.004606,1000.004776,1000.004943,1000.005095,1000.005236,1000.005374,1000.005509,1000.005623,1000.005739,1000.005838,1000.005940,1000.006045,1000.006136,1000.006243,1000.006369,0.000000,0.000000,0.000000,0.000000,0.000000,0.000000,0.000000,0.000000,0.000000,0.000000,0.000000,0.000000,0.000000,0.000000,0.000000,0.000000,0.000000
0.000000,0.000000,0.000000,0.000000,0.000000,0.000000,0.000000,0.000000,0.000000,0.000000,0.000000,0.000000,0.000000,0.000000,0.000000,0.000000,999.980439,999.980714,999.981020,999.981284,999.981572,999.981832,999.982094,999.982361,999.982640,999.982920,999.983233,999.983564,999.983900,999.984282,999.984669,999.985107,999.985550,999.986035,999.986553,999.987109,999.987685,999.988303,999.988921,999.989588,999.990276,999.990976,999.991678,999.992397,999.993114,999.993830,999.994528,999.995227,999.995896,999.996551,999.997184,999.997790,999.998360,999.998899,999.999420,999.999906,1000.000366,1000.000800,1000.001229,1000.001615,1000.001976,1000.002310,1000.002625,1000.002910,1000.003182,1000.003431,1000.003664,1000.003882,1000.004088,1000.004293,1000.004465,1000.004642,1000.004805,1000.004954,1000.005090,1000.005240,1000.005357,1000.005481,1000.005598,1000.005698,1000.005801,1000.005904,1000.005989,1000.006095,1000.006189,1000.006294,1000.006406,0.000000,0.000000,0.000000,0.000000,0.000000,0.000000,0.000000,0.000000,0.000000,0.000000,0.000000,0.000000,0.000000,0.000000,0.000000,0.000000
0.000000,0.000000,0.000000,0.000000,0.000000,0.000000,0.000000,0.000000,0.000000,0.000000,0.000000,0.000000,0.000000,0.000000,0.000000,999.980459,999.980714,999.981011,999.981246,999.981461,999.981700,999.981907,999.982115,999.982344,999.982579,999.982845,999.983109,999.983413,999.983714,999.984070,999.984436,999.984847,999.985279,999.985754,999.986265,999.986827,999.987407,999.988030,999.988683,999.989381,999.990085,999.990807,999.991546,999.992314,999.993051,999.993795,999.994533,999.995250,999.995949,999.996626,999.997273,999.997900,999.998489,999.999064,999.999607,1000.000101,1000.000560,1000.000986,1000.001389,1000.001757,1000.002109,1000.002439,1000.002750,1000.003036,1000.003290,1000.003533,1000.003770,1000.003985,1000.004176,1000.004352,1000.004528,1000.004689,1000.004841,1000.004980,1000.005113,1000.005235,1000.005356,1000.005463,1000.005567,1000.005677,1000.005760,1000.005858,1000.005938,1000.006030,1000.006123,1000.006221,1000.006311,1000.006410,0.000000,0.000000,0.000000,0.000000,0.000000,0.000000,0.000000,0.000000,0.000000,0.000000,0.000000,0.000000,0.000000,0.000000,0.000000
0.000000,0.000000,0.000000,0.000000,0.000000,0.000000,0.000000,0.000000,0.000000,0.000000,0.000000,0.000000,0.000000,0.000000,999.980729,999.980887,999.981020,999.981246,999.981386,999.981539,999.981758,999.981926,999.982142,999.982347,999.982559,999.982775,999.983008,999.983259,999.983537,999.983841,999.984183,999.984557,999.984979,999.985439,999.985943,999.986489,999.987082,999.987726,999.988407,999.989129,999.989863,999.990629,999.991421,999.992214,999.993001,999.993794,999.994567,999.995323,999.996049,999.996763,999.997421,999.998056,999.998649,999.999211,999.999731,1000.000242,1000.000731,1000.001172,1000.001574,1000.001950,1000.002297,1000.002617,1000.002905,1000.003179,1000.003431,1000.003666,1000.003878,1000.004084,1000.004258,1000.004437,1000.004596,1000.004741,1000.004878,1000.005017,1000.005133,1000.005253,1000.005350,1000.005459,1000.005548,1000.005642,1000.005736,1000.005810,1000.005902,1000.005984,1000.006063,1000.006135,1000.006223,1000.006293,1000.006368,0.000000,0.000000,0.000000,0.000000,0.000000,0.000000,0.000000,0.000000,0.000000,0.000000,0.000000,0.000000,0.000000,0.000000
0.000000,0.000000,0.000000,0.000000,0.000000,0.000000,0.000000,0.000000,0.000000,0.000000,0.000000,0.000000,0.000000,999.981052,999.981100,999.981185,999.981284,999.981461,999.981539,999.981741,999.981942,999.982045,999.982216,999.982328,999.982473,999.982637,999.982825,999.983041,999.983283,999.983558,999.983859,999.984224,999.984607,999.985068,999.985561,999.986118,999.986732,999.987392,999.988096,999.988838,999.989630,999.990452,999.991277,999.992107,999.992945,999.993779,999.994590,999.995378,999.996144,999.996878,999.997578,999.998255,999.998891,999.999481,1000.000001,1000.000496,1000.000951,1000.001375,1000.001767,1000.002149,1000.002484,1000.002795,1000.003081,1000.003341,1000.003591,1000.003811,1000.004006,1000.004196,1000.004370,1000.004527,1000.004680,1000.004813,1000.004928,1000.005055,1000.005161,1000.005262,1000.005365,1000.005453,1000.005541,1000.005607,1000.005698,1000.005773,1000.005843,1000.005923,1000.006001,1000.006064,1000.006139,1000.006197,1000.006261,1000.006297,0.000000,0.000000,0.000000,0.000000,0.000000,0.000000,0.000000,0.000000,0.000000,0.000000,0.000000,0.000000,0.000000
0.000000,0.000000,0.000000,0.000000,0.000000,0.000000,0.000000,0.000000,0.000000,0.000000,0.000000,0.000000,999.981369,999.981355,999.981411,999.981478,999.981572,999.981700,999.981758,999.981942,999.981971,999.981998,999.982147,999.982235,999.982392,999.982550,999.982695,999.982858,999.983045,999.983270,999.983537,999.983850,999.984211,999.984643,999.985132,999.985691,999.986307,999.986992,999.987724,999.988526,999.989370,999.990229,999.991121,999.992020,999.992926,999.993812,999.994678,999.995518,999.996326,999.997070,999.997781,999.998438,999.999060,999.999656,1000.000235,1000.000742,1000.001218,1000.001642,1000.002034,1000.002388,1000.002712,1000.003013,1000.003284,1000.003537,1000.003756,1000.003964,1000.004151,1000.004323,1000.004487,1000.004624,1000.004755,1000.004885,1000.004998,1000.005097,1000.005201,1000.005279,1000.005366,1000.005448,1000.005526,1000.005597,1000.005665,1000.005734,1000.005797,1000.005855,1000.005931,1000.005989,1000.006054,1000.006112,1000.006161,1000.006205,1000.006238,0.000000,0.000000,0.000000,0.000000,0.000000,0.000000,0.000000,0.000000,0.000000,0.000000,0.000000,0.000000
0.000000,0.000000,0.000000,0.000000,0.000000,0.000000,0.000000,0.000000,0.000000,0.000000,0.000000,999.981029,999.981308,999.981559,999.981702,999.981762,999.981832,999.981907,999.981926,999.982045,999.981998,999.982133,999.982317,999.982287,999.982384,999.982399,999.982440,999.982557,999.982700,999.982884,999.983110,999.983393,999.983733,999.984149,999.984628,999.985196,999.985831,999.986545,999.987332,999.988188,999.989060,999.989990,999.990949,999.991916,999.992884,999.993818,999.994742,999.995630,999.996478,999.997292,999.998078,999.998784,999.999424,999.999998,1000.000530,1000.001029,1000.001478,1000.001917,1000.002301,1000.002642,1000.002962,1000.003247,1000.003505,1000.003746,1000.003947,1000.004143,1000.004317,1000.004472,1000.004612,1000.004744,1000.004851,1000.004966,1000.005063,1000.005147,1000.005240,1000.005317,1000.005373,1000.005449,1000.005518,1000.005570,1000.005635,1000.005689,1000.005752,1000.005802,1000.005860,1000.005919,1000.005970,1000.006023,1000.006082,1000.006144,1000.006253,1000.006333,0.000000,0.000000,0.000000,0.000000,0.000000,0.000000,0.000000,0.000000,0.000000,0.000000,0.000000
0.000000,0.000000,0.000000,0.000000,0.000000,0.000000,0.000000,0.000000,0.000000,0.000000,0.000000,999.980479,999.981696,999.981946,999.981994,999.982029,999.982094,999.982115,999.982142,999.982216,999.982147,999.982317,999.982203,999.982036,999.982155,999.982137,999.982242,999.982353,999.982422,999.982532,999.982700,999.982920,999.983221,999.983595,999.984053,999.984616,999.985259,999.986009,999.986849,999.987752,999.988722,999.989751,999.990802,999.991849,999.992896,999.993918,999.994912,999.995859,999.996716,999.997530,999.998288,999.999011,999.999702,1000.000330,1000.000893,1000.001391,1000.001842,1000.002250,1000.002616,1000.002950,1000.003243,1000.003521,1000.003748,1000.003968,1000.004167,1000.004338,1000.004495,1000.004627,1000.004752,1000.004873,1000.004964,1000.005058,1000.005137,1000.005209,1000.005271,1000.005352,1000.005411,1000.005448,1000.005511,1000.005557,1000.005599,1000.005654,1000.005705,1000.005741,1000.005801,1000.005837,1000.005890,1000.005933,1000.005998,1000.006030,1000.006138,1000.006509,0.000000,0.000000,0.000000,0.000000,0.000000,0.000000,0.000000,0.000000,0.000000,0.000000,0.000000
0.000000,0.000000,0.000000,0.000000,0.000000,0.000000,0.000000,0.000000,0.000000,0.000000,999.982854,999.982360,999.982215,999.982166,999.982285,999.982337,999.982361,999.982344,999.982347,999.982328,999.982235,999.982287,999.982036,999.982120,999.982314,999.982126,999.982107,999.982010,999.981935,999.982008,999.982128,999.982299,999.982557,999.982910,999.983362,999.983929,999.984623,999.985420,999.986307,999.987283,999.988345,999.989452,999.990587,999.991724,999.992869,999.993978,999.995032,999.996064,999.997061,999.997960,999.998764,999.999467,1000.000107,1000.000702,1000.001253,1000.001761,1000.002203,1000.002602,1000.002954,1000.003277,1000.003557,1000.003806,1000.004025,1000.004222,1000.004394,1000.004552,1000.004679,1000.004806,1000.004898,1000.005006,1000.005083,1000.005148,1000.005224,1000.005278,1000.005326,1000.005368,1000.005419,1000.005461,1000.005497,1000.005539,1000.005576,1000.005604,1000.005646,1000.005674,1000.005722,1000.005766,1000.005796,1000.005845,1000.005907,1000.005974,1000.005991,1000.005989,1000.005898,0.000000,0.000000,0.000000,0.000000,0.000000,0.000000,0.000000,0.000000,0.000000,0.000000
0.000000,0.000000,0.000000,0.000000,0.000000,0.000000,0.000000,0.000000,0.000000,999.982567,999.982531,999.982795,999.982606,999.982624,999.982654,999.982634,999.982640,999.982579,999.982559,999.982473,999.982392,999.982384,999.982155,999.982314,999.982046,999.981573,999.981640,999.981527,999.981557,999.981634,999.981637,999.981700,999.981893,999.982188,999.982603,999.983165,999.983839,999.984667,999.985639,999.986736,999.987927,999.989159,999.990434,999.991713,999.992983,999.994203,999.995313,999.996339,999.997308,999.998222,999.999092,999.999894,1000.000602,1000.001198,1000.001733,1000.002212,1000.002638,1000.003008,1000.003347,1000.003642,1000.003893,1000.004130,1000.004328,1000.004503,1000.004643,1000.004780,1000.004889,1000.004994,1000.005069,1000.005137,1000.005210,1000.005255,1000.005302,1000.005353,1000.005387,1000.005417,1000.005440,1000.005469,1000.005499,1000.005515,1000.005548,1000.005572,1000.005598,1000.005619,1000.005650,1000.005684,1000.005719,1000.005748,1000.005779,1000.005841,1000.005893,1000.005881,1000.005995,1000.006024,0.000000,0.000000,0.000000,0.000000,0.000000,0.000000,0.000000,0.000000,0.000000
0.000000,0.000000,0.000000,0.000000,0.000000,0.000000,0.000000,0.000000,0.000000,999.981625,999.982933,999.983124,999.983051,999.983032,999.983009,999.982965,999.982920,999.982845,999.982775,999.982637,999.982550,999.982399,999.982137,999.982126,999.981573,999.981549,999.981830,999.981439,999.981261,999.981021,999.980805,999.980834,999.980990,999.981218,999.981609,999.982169,999.982928,999.983842,999.984909,999.986102,999.987391,999.988757,999.990196,999.991605,999.992960,999.994337,999.995653,999.996865,999.997921,999.998842,999.999637,1000.000381,1000.001073,1000.001686,1000.002225,1000.002690,1000.003104,1000.003464,1000.003775,1000.004052,1000.004270,1000.004475,1000.004647,1000.004799,1000.004917,1000.005026,1000.005110,1000.005191,1000.005251,1000.005296,1000.005340,1000.005378,1000.005398,1000.005414,1000.005436,1000.005451,1000.005468,1000.005479,1000.005492,1000.005493,1000.005506,1000.005526,1000.005546,1000.005560,1000.005576,1000.005600,1000.005630,1000.005666,1000.005680,1000.005715,1000.005765,1000.005780,1000.005876,1000.006313,0.000000,0.000000,0.000000,0.000000,0.000000,0.000000,0.000000,0.000000,0.000000
0.000000,0.000000,0.000000,0.000000,0.000000,0.000000,0.000000,0.000000,999.983550,999.983340,999.983413,999.983361,999.983452,999.983433,999.983386,999.983296,999.983233,999.983109,999.983008,999.982825,999.982695,999.982440,999.982242,999.982107,999.981640,999.981830,999.981374,999.980436,999.980383,999.980180,999.980106,999.980191,999.980172,999.980263,999.980603,999.981140,999.981831,999.982790,999.983978,999.985337,999.986873,999.988460,999.990106,999.991739,999.993219,999.994613,999.995918,999.997137,999.998297,999.999380,1000.000308,1000.001065,1000.001720,1000.002304,1000.002809,1000.003255,1000.003626,1000.003965,1000.004229,1000.004478,1000.004683,1000.004853,1000.004990,1000.005111,1000.005209,1000.005295,1000.005343,1000.005397,1000.005442,1000.005461,1000.005477,1000.005492,1000.005500,1000.005505,1000.005504,1000.005494,1000.005486,1000.005485,1000.005482,1000.005481,1000.005472,1000.005476,1000.005478,1000.005490,1000.005494,1000.005502,1000.005525,1000.005553,1000.005573,1000.005601,1000.005640,1000.005713,1000.005757,1000.005823,1000.005831,0.000000,0.000000,0.000000,0.000000,0.000000,0.000000,0.000000,0.000000
0.000000,0.000000,0.000000,0.000000,0.000000,0.000000,0.000000,0.000000,999.982379,999.984064,999.983944,999.983906,999.983907,999.983831,999.983766,999.983674,999.983564,999.983413,999.983259,999.983041,999.982858,999.982557,999.982353,999.982010,999.981527,999.981439,999.980436,999.980163,999.980611,999.980009,999.979585,999.979193,999.978813,999.978870,999.979159,999.979626,999.980488,999.981580,999.982900,999.984436,999.986142,999.987922,999.989744,999.991653,999.993504,999.995208,999.996708,999.997989,999.999037,1000.000019,1000.000928,1000.001719,1000.002392,1000.002960,1000.003451,1000.003862,1000.004211,1000.004505,1000.004743,1000.004951,1000.005117,1000.005263,1000.005368,1000.005456,1000.005515,1000.005575,1000.005607,1000.005616,1000.005634,1000.005639,1000.005625,1000.005609,1000.005595,1000.005575,1000.005562,1000.005540,1000.005516,1000.005486,1000.005474,1000.005464,1000.005446,1000.005425,1000.005423,1000.005415,1000.005422,1000.005419,1000.005419,1000.005441,1000.005460,1000.005480,1000.005512,1000.005553,1000.005602,1000.005610,1000.006196,0.000000,0.000000,0.000000,0.000000,0.000000,0.000000,0.000000,0.000000
0.000000,0.000000,0.000000,0.000000,0.000000,0.000000,0.000000,999.985130,999.984631,999.984534,999.984358,999.984423,999.984369,999.984260,999.984183,999.984050,999.983900,999.983714,999.983537,999.983283,999.983045,999.982700,999.982422,999.981935,999.981557,999.981261,999.980383,999.980611,999.980020,999.978365,999.978010,999.977676,999.977499,999.977624,999.977772,999.978202,999.978906,999.980019,999.981573,999.983379,999.985524,999.987739,999.989792,999.991781,999.993676,999.995430,999.997093,999.998670,999.999974,1000.000984,1000.001836,1000.002575,1000.003201,1000.003734,1000.004171,1000.004538,1000.004839,1000.005096,1000.005298,1000.005463,1000.005589,1000.005689,1000.005760,1000.005820,1000.005842,1000.005858,1000.005869,1000.005853,1000.005831,1000.005813,1000.005784,1000.005747,1000.005705,1000.005658,1000.005617,1000.005578,1000.005543,1000.005500,1000.005460,1000.005424,1000.005404,1000.005370,1000.005353,1000.005338,1000.005323,1000.005322,1000.005322,1000.005317,1000.005329,1000.005352,1000.005364,1000.005403,1000.005473,1000.005482,1000.005505,1000.005357,0.000000,0.000000,0.000000,0.000000,0.000000,0.000000,0.000000
0.000000,0.000000,0.000000,0.000000,0.000000,0.000000,0.000000,999.983645,999.985441,999.985130,999.985041,999.984938,999.984838,999.984724,999.984607,999.984446,999.984282,999.984070,999.983841,999.983558,999.983270,999.982884,999.982532,999.982008,999.981634,999.981021,999.980180,999.980009,999.978365,999.977481,999.978068,999.977332,999.976589,999.976108,999.975681,999.975870,999.976864,999.978189,999.979948,999.982085,999.984391,999.987063,999.989800,999.992360,999.994670,999.996605,999.998134,999.999514,1000.000808,1000.001895,1000.002781,1000.003499,1000.004089,1000.004570,1000.004958,1000.005279,1000.005530,1000.005732,1000.005886,1000.006008,1000.006090,1000.006146,1000.006178,1000.006193,1000.006192,1000.006163,1000.006139,1000.006105,1000.006046,1000.005995,1000.005927,1000.005872,1000.005811,1000.005743,1000.005679,1000.005614,1000.005559,1000.005497,1000.005454,1000.005398,1000.005352,1000.005318,1000.005283,1000.005259,1000.005234,1000.005202,1000.005207,1000.005211,1000.005196,1000.005214,1000.005227,1000.005235,1000.005254,1000.005274,1000.005245,1000.005932,0.000000,0.000000,0.000000,0.000000,0.000000,0.000000,0.000000
0.000000,0.000000,0.000000,0.000000,0.000000,0.000000,999.986816,999.986157,999.985941,999.985615,999.985601,999.985467,999.985346,999.985206,999.985051,999.984869,999.984669,999.984436,999.984183,999.983859,999.983537,999.983110,999.982700,999.982128,999.981637,999.980805,999.980106,999.979585,999.978010,999.978068,999.977502,999.974926,999.973870,999.973215,999.972984,999.973627,999.974281,999.975587,999.977838,999.980505,999.983477,999.986568,999.989540,999.992336,999.994983,999.997486,999.999497,1000.000957,1000.002131,1000.003121,1000.003932,1000.004579,1000.005094,1000.005504,1000.005826,1000.006079,1000.006276,1000.006411,1000.006516,1000.006576,1000.006620,1000.006632,1000.006618,1000.006592,1000.006549,1000.006494,1000.006423,1000.006344,1000.006270,1000.006183,1000.006097,1000.006001,1000.005915,1000.005825,1000.005743,1000.005657,1000.005574,1000.005499,1000.005422,1000.005363,1000.005308,1000.005250,1000.005202,1000.005162,1000.005139,1000.005110,1000.005076,1000.005062,1000.005066,1000.005064,1000.005069,1000.005077,1000.005088,1000.005141,1000.005068,1000.005081,1000.004936,0.000000,0.000000,0.000000,0.000000,0.000000,0.000000
0.000000,0.000000,0.000000,0.000000,0.000000,0.000000,999.985213,999.986985,999.986503,999.986336,999.986157,999.985986,999.985858,999.985690,999.985516,999.985317,999.985107,999.984847,999.984557,999.984224,999.983850,999.983393,999.982920,999.982299,999.981700,999.980834,999.980191,999.979193,999.977676,999.977332,999.974926,999.972667,999.972900,999.972109,999.971256,999.970721,999.971190,999.972931,999.975415,999.978981,999.982793,999.986683,999.990570,999.993887,999.996438,999.998640,1000.000678,1000.002315,1000.003558,1000.004492,1000.005217,1000.005778,1000.006202,1000.006529,1000.006769,1000.006943,1000.007061,1000.007141,1000.007184,1000.007190,1000.007165,1000.007134,1000.007075,1000.006999,1000.006919,1000.006821,1000.006720,1000.006610,1000.006484,1000.006375,1000.006255,1000.006138,1000.006019,1000.005899,1000.005788,1000.005681,1000.005588,1000.005493,1000.005405,1000.005317,1000.005250,1000.005183,1000.005117,1000.005061,1000.005024,1000.004994,1000.004953,1000.004934,1000.004919,1000.004906,1000.004898,1000.004907,1000.004901,1000.004908,1000.004889,1000.004796,1000.005493,0.000000,0.000000,0.000000,0.000000,0.000000,0.000000
0.000000,0.000000,0.000000,0.000000,0.000000,999.988567,999.987762,999.987419,999.986944,999.986886,999.986695,999.986546,999.986377,999.986190,999.986006,999.985797,999.985550,999.985279,999.984979,999.984607,999.984211,999.983733,999.983221,999.982557,999.981893,999.980990,999.980172,999.978813,999.977499,999.976589,999.973870,999.972900,999.972281,999.968728,999.966444,999.965855,999.966032,999.967967,999.971199,999.975344,999.980566,999.985879,999.990623,999.995061,999.998587,1000.000987,1000.002781,1000.004201,1000.005291,1000.006092,1000.006673,1000.007104,1000.007416,1000.007629,1000.007775,1000.007859,1000.007898,1000.007898,1000.007876,1000.007825,1000.007750,1000.007652,1000.007550,1000.007425,1000.007295,1000.007158,1000.007011,1000.006870,1000.006720,1000.006560,1000.006414,1000.006263,1000.006122,1000.005985,1000.005849,1000.005709,1000.005588,1000.005475,1000.005366,1000.005273,1000.005174,1000.005098,1000.005029,1000.004965,1000.004902,1000.004857,1000.004823,1000.004786,1000.004774,1000.004751,1000.004730,1000.004732,1000.004714,1000.004718,1000.004752,1000.004657,1000.004596,1000.004304,0.000000,0.000000,0.000000,0.000000,0.000000
0.000000,0.000000,0.000000,0.000000,0.000000,999.986893,999.988374,999.987843,999.987648,999.987438,999.987240,999.987083,999.986900,999.986710,999.986518,999.986301,999.986035,999.985754,999.985439,999.985068,999.984643,999.984149,999.983595,999.982910,999.982188,999.981218,999.980263,999.978870,999.977624,999.976108,999.973215,999.972109,999.968728,999.964113,999.962406,999.960668,999.960984,999.963466,999.967542,999.974050,999.980739,999.986803,999.992273,999.996708,1000.000469,1000.003284,1000.005158,1000.006421,1000.007288,1000.007891,1000.008300,1000.008558,1000.008725,1000.008806,1000.008836,1000.008820,1000.008778,1000.008695,1000.008592,1000.008474,1000.008345,1000.008191,1000.008035,1000.007866,1000.007690,1000.007504,1000.007322,1000.007126,1000.006945,1000.006759,1000.006569,1000.006391,1000.006207,1000.006044,1000.005888,1000.005734,1000.005590,1000.005455,1000.005324,1000.005216,1000.005108,1000.005005,1000.004931,1000.004850,1000.004778,1000.004724,1000.004679,1000.004640,1000.004599,1000.004581,1000.004562,1000.004561,1000.004543,1000.004531,1000.004501,1000.004494,1000.004369,1000.005013,0.000000,0.000000,0.000000,0.000000,0.000000
0.000000,0.000000,0.000000,0.000000,999.989349,999.989027,999.988679,999.988207,999.988154,999.987964,999.987795,999.987615,999.987434,999.987250,999.987042,999.986810,999.986553,999.986265,999.985943,999.985561,999.985132,999.984628,999.984053,999.983362,999.982603,999.981609,999.980603,999.979159,999.977772,999.975681,999.972984,999.971256,999.966444,999.962406,999.958860,999.954108,999.952458,999.953940,999.960376,999.969560,999.979277,999.988936,999.996317,1000.001037,1000.004296,1000.006561,1000.008067,1000.008999,1000.009553,1000.009878,1000.010053,1000.010111,1000.010101,1000.010040,1000.009944,1000.009817,1000.009676,1000.009514,1000.009337,1000.009145,1000.008954,1000.008742,1000.008526,1000.008305,1000.008082,1000.007857,1000.007628,1000.007397,1000.007165,1000.006945,1000.006728,1000.006519,1000.006313,1000.006104,1000.005924,1000.005741,1000.005575,1000.005418,1000.005275,1000.005136,1000.005019,1000.004910,1000.004809,1000.004724,1000.004641,1000.004586,1000.004527,1000.004476,1000.004428,1000.004412,1000.004379,1000.004365,1000.004344,1000.004353,1000.004340,1000.004371,1000.004249,1000.004208,1000.004162,0.000000,0.000000,0.000000,0.000000
0.000000,0.000000,0.000000,0.000000,999.987457,999.988835,999.988847,999.988838,999.988668,999.988483,999.988327,999.988159,999.987984,999.987804,999.987583,999.987359,999.987109,999.986827,999.986489,999.986118,999.985691,999.985196,999.984616,999.983929,999.983165,999.982169,999.981140,999.979626,999.978202,999.975870,999.973627,999.970721,999.965855,999.960668,999.954108,999.943623,999.936865,999.941229,999.950735,999.962876,999.977975,999.990869,999.999653,1000.005905,1000.009103,1000.010711,1000.011542,1000.011932,1000.012062,1000.012026,1000.011905,1000.011731,1000.011528,1000.011310,1000.011083,1000.010838,1000.010596,1000.010344,1000.010095,1000.009832,1000.009568,1000.009304,1000.009033,1000.008757,1000.008479,1000.008203,1000.007933,1000.007664,1000.007391,1000.007128,1000.006870,1000.006621,1000.006391,1000.006164,1000.005944,1000.005745,1000.005557,1000.005376,1000.005213,1000.005062,1000.004923,1000.004800,1000.004683,1000.004585,1000.004503,1000.004423,1000.004351,1000.004305,1000.004268,1000.004231,1000.004195,1000.004177,1000.004163,1000.004164,1000.004135,1000.004151,1000.004204,1000.004298,1000.004929,0.000000,0.000000,0.000000,0.000000
