0.000000,0.000000,0.000000,0.000000,0.000000,0.000000,0.000000,0.000000,0.000000,0.000000,0.000000,0.000000,0.000000,0.000000,0.000000,0.000000,0.000000,0.000000,0.000000,0.000000,0.000000,0.000000,0.000000,0.000000,0.000000,0.000000,0.000000,0.000000,0.000000,0.000000,0.000000,0.000000,0.000000,0.000000,0.000000,0.000000,0.000000,0.000000,0.000000,0.000000,0.000000,0.000000,0.000000,0.000000,0.000000,0.000000,0.000000,0.000000,0.000000,0.000000,0.000000,0.000000,0.000000,0.000000,0.000000,0.000000,0.000000,0.000000,0.000000,0.000000,0.000000,0.000000,0.000000,0.000000,0.000000,0.000000,0.000000,0.000000,0.000000,0.000000,0.000000,0.000000,0.000000,0.000000,0.000000,0.000000,0.000000,0.000000,0.000000,0.000000,0.000000,0.000000,0.000000,0.000000,0.000000,0.000000,0.000000,0.000000,0.000000,0.000000,0.000000,0.000000,0.000000,0.000000,0.000000,0.000000,0.000000,0.000000,0.000000,0.000000,0.000000,0.000000,0.000000
0.000000,0.000000,0.000000,0.000000,0.000000,0.000000,0.000000,0.000000,0.000000,0.000000,0.000000,0.000000,0.000000,0.000000,0.000000,0.000000,0.000000,0.000000,0.000000,0.000000,0.000000,0.000000,0.000000,0.000000,0.000000,0.000000,0.000000,0.000000,0.000000,0.000000,0.000000,0.000000,0.000000,0.000000,0.000000,0.000000,0.000000,0.000000,0.000000,0.000000,0.000000,0.000000,0.000000,0.000000,0.000000,0.000000,0.000000,0.000000,0.000000,0.000000,0.000000,999.997633,0.000000,0.000000,0.000000,0.000000,0.000000,0.000000,0.000000,0.000000,0.000000,0.000000,0.000000,0.000000,0.000000,0.000000,0.000000,0.000000,0.000000,0.000000,0.000000,0.000000,0.000000,0.000000,0.000000,0.000000,0.000000,0.000000,0.000000,0.000000,0.000000,0.000000,0.000000,0.000000,0.000000,0.000000,0.000000,0.000000,0.000000,0.000000,0.000000,0.000000,0.000000,0.000000,0.000000,0.000000,0.000000,0.000000,0.000000,0.000000,0.000000,0.000000,0.000000
0.000000,0.000000,0.000000,0.000000,0.000000,0.000000,0.000000,0.000000,0.000000,0.000000,0.000000,0.000000,0.000000,0.000000,0.000000,0.000000,0.000000,0.000000,0.000000,0.000000,0.000000,0.000000,0.000000,0.000000,0.000000,0.000000,0.000000,0.000000,0.000000,0.000000,0.000000,0.000000,0.000000,0.000000,0.000000,0.000000,0.000000,0.000000,0.000000,0.000000,0.000000,0.000000,999.995419,999.992688,999.992696,999.993314,999.993956,999.994638,999.995401,999.996513,999.997421,999.997591,999.997732,999.998592,999.999584,1000.000175,1000.000665,1000.001092,1000.001479,1000.001429,999.999447,0.000000,0.000000,0.000000,0.000000,0.000000,0.000000,0.000000,0.000000,0.000000,0.000000,0.000000,0.000000,0.000000,0.000000,0.000000,0.000000,0.000000,0.000000,0.000000,0.000000,0.000000,0.000000,0.000000,0.000000,0.000000,0.000000,0.000000,0.000000,0.000000,0.000000,0.000000,0.000000,0.000000,0.000000,0.000000,0.000000,0.000000,0.000000,0.000000,0.000000,0.000000,0.000000
0.000000,0.000000,0.000000,0.000000,0.000000,0.000000,0.000000,0.000000,0.000000,0.000000,0.000000,0.000000,0.000000,0.000000,0.000000,0.000000,0.000000,0.000000,0.000000,0.000000,0.000000,0.000000,0.000000,0.000000,0.000000,0.000000,0.000000,0.000000,0.000000,0.000000,0.000000,0.000000,0.000000,0.000000,0.000000,0.000000,0.000000,999.991201,999.988571,999.988438,999.989697,999.991746,999.994569,999.993896,999.993447,999.993643,999.994171,999.994822,999.995498,999.996196,999.997249,999.997474,999.997700,999.998670,999.999276,999.999804,1000.000299,1000.000676,1000.000780,1000.000465,999.999986,1000.001883,1000.003146,1000.003844,1000.003620,1000.002032,0.000000,0.000000,0.000000,0.000000,0.000000,0.000000,0.000000,0.000000,0.000000,0.000000,0.000000,0.000000,0.000000,0.000000,0.000000,0.000000,0.000000,0.000000,0.000000,0.000000,0.000000,0.000000,0.000000,0.000000,0.000000,0.000000,0.000000,0.000000,0.000000,0.000000,0.000000,0.000000,0.000000,0.000000,0.000000,0.000000,0.000000
0.000000,0.000000,0.000000,0.000000,0.000000,0.000000,0.000000,0.000000,0.000000,0.000000,0.000000,0.000000,0.000000,0.000000,0.000000,0.000000,0.000000,0.000000,0.000000,0.000000,0.000000,0.000000,0.000000,0.000000,0.000000,0.000000,0.000000,0.000000,0.000000,0.000000,0.000000,0.000000,0.000000,0.000000,999.988721,999.986812,999.987881,999.990540,999.990077,999.989814,999.990275,999.991997,999.992983,999.993243,999.993525,999.993880,999.994343,999.994914,999.995569,999.996174,999.996816,999.997387,999.997928,999.998513,999.999033,999.999578,1000.000025,1000.000363,1000.000604,1000.000771,1000.000925,1000.001553,1000.002629,1000.002881,1000.002675,1000.002346,1000.003772,1000.004325,1000.003317,0.000000,0.000000,0.000000,0.000000,0.000000,0.000000,0.000000,0.000000,0.000000,0.000000,0.000000,0.000000,0.000000,0.000000,0.000000,0.000000,0.000000,0.000000,0.000000,0.000000,0.000000,0.000000,0.000000,0.000000,0.000000,0.000000,0.000000,0.000000,0.000000,0.000000,0.000000,0.000000,0.000000,0.000000
0.000000,0.000000,0.000000,0.000000,0.000000,0.000000,0.000000,0.000000,0.000000,0.000000,0.000000,0.000000,0.000000,0.000000,0.000000,0.000000,0.000000,0.000000,0.000000,0.000000,0.000000,0.000000,0.000000,0.000000,0.000000,0.000000,0.000000,0.000000,0.000000,0.000000,0.000000,0.000000,999.987941,999.986233,999.988394,999.988213,999.988953,999.989545,999.989774,999.990258,999.990833,999.991695,999.992291,999.993011,999.993488,999.993903,999.994393,999.994945,999.995539,999.996161,999.996708,999.997289,999.997874,999.998372,999.998903,999.999402,999.999839,1000.000193,1000.000498,1000.000805,1000.001272,1000.001624,1000.002161,1000.002479,1000.002735,1000.002849,1000.003119,1000.003476,1000.003354,1000.004420,1000.003471,0.000000,0.000000,0.000000,0.000000,0.000000,0.000000,0.000000,0.000000,0.000000,0.000000,0.000000,0.000000,0.000000,0.000000,0.000000,0.000000,0.000000,0.000000,0.000000,0.000000,0.000000,0.000000,0.000000,0.000000,0.000000,0.000000,0.000000,0.000000,0.000000,0.000000,0.000000,0.000000
0.000000,0.000000,0.000000,0.000000,0.000000,0.000000,0.000000,0.000000,0.000000,0.000000,0.000000,0.000000,0.000000,0.000000,0.000000,0.000000,0.000000,0.000000,0.000000,0.000000,0.000000,0.000000,0.000000,0.000000,0.000000,0.000000,0.000000,0.000000,0.000000,0.000000,999.986152,999.984518,999.987114,999.987743,999.988056,999.988216,999.988778,999.989180,999.989810,999.990348,999.990913,999.991543,999.992178,999.992812,999.993341,999.993863,999.994404,999.994954,999.995524,999.996106,999.996676,999.997233,999.997790,999.998305,999.998817,999.999300,999.999724,1000.000121,1000.000489,1000.000837,1000.001248,1000.001631,1000.001995,1000.002311,1000.002584,1000.002916,1000.003118,1000.003372,1000.003402,1000.003569,1000.003840,1000.005030,1000.004274,0.000000,0.000000,0.000000,0.000000,0.000000,0.000000,0.000000,0.000000,0.000000,0.000000,0.000000,0.000000,0.000000,0.000000,0.000000,0.000000,0.000000,0.000000,0.000000,0.000000,0.000000,0.000000,0.000000,0.000000,0.000000,0.000000,0.000000,0.000000,0.000000,0.000000
0.000000,0.000000,0.000000,0.000000,0.000000,0.000000,0.000000,0.000000,0.000000,0.000000,0.000000,0.000000,0.000000,0.000000,0.000000,0.000000,0.000000,0.000000,0.000000,0.000000,0.000000,0.000000,0.000000,0.000000,0.000000,0.000000,0.000000,0.000000,999.984442,999.982919,999.985487,999.986329,999.986758,999.987203,999.987568,999.988204,999.988699,999.989169,999.989738,999.990279,999.990880,999.991469,999.992084,999.992667,999.993252,999.993813,999.994373,999.994937,999.995492,999.996062,999.996636,999.997187,999.997716,999.998245,999.998751,999.999208,999.999650,1000.000062,1000.000469,1000.000840,1000.001214,1000.001605,1000.001939,1000.002291,1000.002573,1000.002845,1000.003075,1000.003309,1000.003590,1000.003729,1000.003938,1000.004101,1000.004462,1000.005590,1000.004823,0.000000,0.000000,0.000000,0.000000,0.000000,0.000000,0.000000,0.000000,0.000000,0.000000,0.000000,0.000000,0.000000,0.000000,0.000000,0.000000,0.000000,0.000000,0.000000,0.000000,0.000000,0.000000,0.000000,0.000000,0.000000,0.000000,0.000000,0.000000
0.000000,0.000000,0.000000,0.000000,0.000000,0.000000,0.000000,0.000000,0.000000,0.000000,0.000000,0.000000,0.000000,0.000000,0.000000,0.000000,0.000000,0.000000,0.000000,0.000000,0.000000,0.000000,0.000000,0.000000,0.000000,0.000000,999.982825,999.981643,999.983923,999.984763,999.985279,999.985850,999.986288,999.987008,999.987517,999.988058,999.988540,999.989098,999.989629,999.990207,999.990791,999.991386,999.991983,999.992588,999.993176,999.993758,999.994327,999.994898,999.995480,999.996041,999.996608,999.997154,999.997694,999.998216,999.998711,999.999167,999.999619,1000.000059,1000.000451,1000.000838,1000.001208,1000.001563,1000.001905,1000.002226,1000.002540,1000.002809,1000.003072,1000.003309,1000.003547,1000.003761,1000.004073,1000.004255,1000.004474,1000.004683,1000.005020,1000.005950,1000.005410,0.000000,0.000000,0.000000,0.000000,0.000000,0.000000,0.000000,0.000000,0.000000,0.000000,0.000000,0.000000,0.000000,0.000000,0.000000,0.000000,0.000000,0.000000,0.000000,0.000000,0.000000,0.000000,0.000000,0.000000,0.000000,0.000000
0.000000,0.000000,0.000000,0.000000,0.000000,0.000000,0.000000,0.000000,0.000000,0.000000,0.000000,0.000000,0.000000,0.000000,0.000000,0.000000,0.000000,0.000000,0.000000,0.000000,0.000000,0.000000,0.000000,0.000000,999.981832,999.980888,999.982612,999.983363,999.983836,999.984460,999.984931,999.985663,999.986239,999.986806,999.987340,999.987876,999.988421,999.988975,999.989542,999.990122,999.990703,999.991307,999.991909,999.992512,999.993106,999.993699,999.994280,999.994867,999.995459,999.996028,999.996579,999.997140,999.997678,999.998183,999.998679,999.999157,999.999613,1000.000038,1000.000448,1000.000848,1000.001232,1000.001590,1000.001931,1000.002236,1000.002541,1000.002809,1000.003081,1000.003327,1000.003565,1000.003792,1000.004043,1000.004269,1000.004563,1000.004748,1000.004993,1000.005165,1000.005426,1000.006106,1000.005681,0.000000,0.000000,0.000000,0.000000,0.000000,0.000000,0.000000,0.000000,0.000000,0.000000,0.000000,0.000000,0.000000,0.000000,0.000000,0.000000,0.000000,0.000000,0.000000,0.000000,0.000000,0.000000,0.000000,0.000000
0.000000,0.000000,0.000000,0.000000,0.000000,0.000000,0.000000,0.000000,0.000000,0.000000,0.000000,0.000000,0.000000,0.000000,0.000000,0.000000,0.000000,0.000000,0.000000,0.000000,0.000000,0.000000,0.000000,999.982128,999.981804,999.982197,999.982693,999.983240,999.983654,999.984364,999.984920,999.985498,999.986065,999.986613,999.987168,999.987728,999.988282,999.988852,999.989428,999.990006,999.990609,999.991214,999.991818,999.992434,999.993040,999.993650,999.994258,999.994849,999.995436,999.996012,999.996583,999.997142,999.997682,999.998188,999.998697,999.999183,999.999634,1000.000054,1000.000460,1000.000866,1000.001231,1000.001585,1000.001927,1000.002245,1000.002549,1000.002837,1000.003096,1000.003344,1000.003590,1000.003835,1000.004057,1000.004294,1000.004521,1000.004735,1000.005007,1000.005152,1000.005355,1000.005520,1000.005649,1000.005460,0.000000,0.000000,0.000000,0.000000,0.000000,0.000000,0.000000,0.000000,0.000000,0.000000,0.000000,0.000000,0.000000,0.000000,0.000000,0.000000,0.000000,0.000000,0.000000,0.000000,0.000000,0.000000,0.000000
0.000000,0.000000,0.000000,0.000000,0.000000,0.000000,0.000000,0.000000,0.000000,0.000000,0.000000,0.000000,0.000000,0.000000,0.000000,0.000000,0.000000,0.000000,0.000000,0.000000,0.000000,999.980272,999.979704,999.981635,999.982068,999.982420,999.982660,999.983210,999.983728,999.984265,999.984805,999.985351,999.985906,999.986453,999.987007,999.987568,999.988136,999.988712,999.989290,999.989887,999.990509,999.991122,999.991734,999.992374,999.992984,999.993611,999.994229,999.994835,999.995425,999.996014,999.996597,999.997150,999.997689,999.998222,999.998711,999.999200,999.999647,1000.000107,1000.000522,1000.000917,1000.001287,1000.001641,1000.001972,1000.002293,1000.002578,1000.002866,1000.003128,1000.003383,1000.003622,1000.003860,1000.004070,1000.004301,1000.004523,1000.004723,1000.004931,1000.005117,1000.005319,1000.005388,1000.005483,1000.005641,1000.006410,1000.006121,0.000000,0.000000,0.000000,0.000000,0.000000,0.000000,0.000000,0.000000,0.000000,0.000000,0.000000,0.000000,0.000000,0.000000,0.000000,0.000000,0.000000,0.000000,0.000000,0.000000,0.000000
0.000000,0.000000,0.000000,0.000000,0.000000,0.000000,0.000000,0.000000,0.000000,0.000000,0.000000,0.000000,0.000000,0.000000,0.000000,0.000000,0.000000,0.000000,0.000000,0.000000,999.980617,999.980556,999.980957,999.981478,999.981887,999.982331,999.982744,999.983198,999.983678,999.984161,999.984686,999.985203,999.985741,999.986281,999.986845,999.987402,999.987967,999.988552,999.989156,999.989771,999.990388,999.991014,999.991653,999.992294,999.992933,999.993561,999.994196,999.994821,999.995430,999.996041,999.996623,999.997185,999.997739,999.998277,999.998777,999.999253,999.999709,1000.000156,1000.000564,1000.000957,1000.001331,1000.001697,1000.002022,1000.002340,1000.002642,1000.002907,1000.003182,1000.003428,1000.003668,1000.003893,1000.004111,1000.004330,1000.004527,1000.004721,1000.004905,1000.005087,1000.005241,1000.005386,1000.005539,1000.005673,1000.005870,1000.005995,1000.005922,0.000000,0.000000,0.000000,0.000000,0.000000,0.000000,0.000000,0.000000,0.000000,0.000000,0.000000,0.000000,0.000000,0.000000,0.000000,0.000000,0.000000,0.000000,0.000000,0.000000
0.000000,0.000000,0.000000,0.000000,0.000000,0.000000,0.000000,0.000000,0.000000,0.000000,0.000000,0.000000,0.000000,0.000000,0.000000,0.000000,0.000000,0.000000,0.000000,999.980297,999.980603,999.980816,999.981197,999.981435,999.981899,999.982312,999.982735,999.983142,999.983607,999.984066,999.984552,999.985062,999.985573,999.986112,999.986655,999.987218,999.987799,999.988402,999.989011,999.989636,999.990265,999.990914,999.991572,999.992226,999.992878,999.993540,999.994185,999.994817,999.995449,999.996064,999.996654,999.997236,999.997785,999.998325,999.998839,999.999342,999.999811,1000.000252,1000.000662,1000.001061,1000.001429,1000.001776,1000.002101,1000.002412,1000.002699,1000.002981,1000.003231,1000.003481,1000.003698,1000.003934,1000.004144,1000.004344,1000.004538,1000.004719,1000.004898,1000.005061,1000.005210,1000.005366,1000.005509,1000.005658,1000.005725,1000.005860,1000.005915,1000.006008,0.000000,0.000000,0.000000,0.000000,0.000000,0.000000,0.000000,0.000000,0.000000,0.000000,0.000000,0.000000,0.000000,0.000000,0.000000,0.000000,0.000000,0.000000,0.000000
0.000000,0.000000,0.000000,0.000000,0.000000,0.000000,0.000000,0.000000,0.000000,0.000000,0.000000,0.000000,0.000000,0.000000,0.000000,0.000000,0.000000,0.000000,999.979980,999.980334,999.980671,999.980951,999.981270,999.981562,999.981948,999.982309,999.982698,999.983091,999.983505,999.983939,999.984409,999.984887,999.985400,999.985923,999.986457,999.987022,999.987616,999.988217,999.988827,999.989474,999.990137,999.990795,999.991477,999.992146,999.992832,999.993514,999.994179,999.994839,999.995492,999.996119,999.996728,999.997320,999.997895,999.998424,999.998938,999.999436,999.999886,1000.000327,1000.000752,1000.001151,1000.001521,1000.001871,1000.002201,1000.002511,1000.002796,1000.003058,1000.003322,1000.003550,1000.003781,1000.003989,1000.004190,1000.004371,1000.004564,1000.004741,1000.004897,1000.005050,1000.005190,1000.005339,1000.005469,1000.005600,1000.005699,1000.005800,1000.005889,1000.005986,1000.006109,0.000000,0.000000,0.000000,0.000000,0.000000,0.000000,0.000000,0.000000,0.000000,0.000000,0.000000,0.000000,0.000000,0.000000,0.000000,0.000000,0.000000,0.000000
0.000000,0.000000,0.000000,0.000000,0.000000,0.000000,0.000000,0.000000,0.000000,0.000000,0.000000,0.000000,0.000000,0.000000,0.000000,0.000000,0.000000,999.979688,999.980130,999.980440,999.980732,999.981024,999.981305,999.981607,999.981929,999.982256,999.982618,999.982987,999.983383,999.983807,999.984247,999.984700,999.985197,999.985702,999.986248,999.986814,999.987403,999.988014,999.988656,999.989315,999.989993,999.990678,999.991378,999.992085,999.992795,999.993485,999.994175,999.994861,999.995534,999.996164,999.996796,999.997398,999.997979,999.998544,999.999069,999.999575,1000.000044,1000.000492,1000.000906,1000.001291,1000.001647,1000.001998,1000.002312,1000.002608,1000.002892,1000.003158,1000.003390,1000.003636,1000.003841,1000.004053,1000.004241,1000.004424,1000.004595,1000.004759,1000.004909,1000.005057,1000.005192,1000.005311,1000.005443,1000.005543,1000.005665,1000.005755,1000.005856,1000.005945,1000.006072,1000.006197,0.000000,0.000000,0.000000,0.000000,0.000000,0.000000,0.000000,0.000000,0.000000,0.000000,0.000000,0.000000,0.000000,0.000000,0.000000,0.000000,0.000000
0.000000,0.000000,0.000000,0.000000,0.000000,0.000000,0.000000,0.000000,0.000000,0.000000,0.000000,0.000000,0.000000,0.000000,0.000000,0.000000,999.979685,999.979963,999.980264,999.980533,999.980832,999.981104,999.981374,999.981655,999.981937,999.982241,999.982562,999.982892,999.983269,999.983641,999.984054,999.984491,999.984967,999.985458,999.986005,999.986569,999.987161,999.987795,999.988453,999.989131,999.989830,999.990546,999.991277,999.992015,999.992747,999.993479,999.994211,999.994917,999.995600,999.996273,999.996927,999.997541,999.998119,999.998677,999.999201,999.999693,1000.000175,1000.000623,1000.001041,1000.001439,1000.001805,1000.002147,1000.002455,1000.002749,1000.003020,1000.003277,1000.003512,1000.003725,1000.003937,1000.004124,1000.004313,1000.004481,1000.004639,1000.004786,1000.004923,1000.005065,1000.005195,1000.005299,1000.005420,1000.005529,1000.005617,1000.005720,1000.005819,1000.005911,1000.006009,1000.006120,1000.006237,0.000000,0.000000,0.000000,0.000000,0.000000,0.000000,0.000000,0.000000,0.000000,0.000000,0.000000,0.000000,0.000000,0.000000,0.000000,0.000000
0.000000,0.000000,0.000000,0.000000,0.000000,0.000000,0.000000,0.000000,0.000000,0.000000,0.000000,0.000000,0.000000,0.000000,0.000000,999.979688,999.979963,999.980259,999.980487,999.980729,999.980973,999.981177,999.981408,999.981635,999.981891,999.982158,999.982442,999.982748,999.983086,999.983431,999.983827,999.984256,999.984712,999.985195,999.985737,999.986294,999.986912,999.987538,999.988225,999.988924,999.989659,999.990407,999.991176,999.991934,999.992700,999.993473,999.994228,999.994963,999.995670,999.996367,999.997036,999.997674,999.998291,999.998871,999.999419,999.999926,1000.000398,1000.000826,1000.001236,1000.001610,1000.001978,1000.002296,1000.002613,1000.002894,1000.003162,1000.003400,1000.003631,1000.003840,1000.004034,1000.004212,1000.004382,1000.004540,1000.004685,1000.004834,1000.004963,1000.005076,1000.005191,1000.005307,1000.005403,1000.005502,1000.005596,1000.005679,1000.005779,1000.005865,1000.005959,1000.006053,1000.006145,1000.006249,0.000000,0.000000,0.000000,0.000000,0.000000,0.000000,0.000000,0.000000,0.000000,0.000000,0.000000,0.000000,0.000000,0.000000,0.000000
0.000000,0.000000,0.000000,0.000000,0.000000,0.000000,0.000000,0.000000,0.000000,0.000000,0.000000,0.000000,0.000000,0.000000,999.979980,999.980130,999.980264,999.980487,999.980642,999.980814,999.981029,999.981208,999.981436,999.981660,999.981875,999.982109,999.982349,999.982620,999.982913,999.983231,999.983589,999.983978,999.984415,999.984887,999.985416,999.985980,999.986601,999.987254,999.987963,999.988697,999.989462,999.990251,999.991057,999.991871,999.992689,999.993494,999.994279,999.995060,999.995819,999.996531,999.997213,999.997859,999.998466,999.999036,999.999584,1000.000097,1000.000586,1000.001032,1000.001456,1000.001831,1000.002178,1000.002498,1000.002800,1000.003076,1000.003322,1000.003557,1000.003767,1000.003975,1000.004148,1000.004323,1000.004473,1000.004618,1000.004746,1000.004875,1000.004998,1000.005103,1000.005209,1000.005303,1000.005404,1000.005478,1000.005574,1000.005647,1000.005726,1000.005810,1000.005892,1000.005980,1000.006057,1000.006135,1000.006206,0.000000,0.000000,0.000000,0.000000,0.000000,0.000000,0.000000,0.000000,0.000000,0.000000,0.000000,0.000000,0.000000,0.000000
0.000000,0.000000,0.000000,0.000000,0.000000,0.000000,0.000000,0.000000,0.000000,0.000000,0.000000,0.000000,0.000000,999.980297,999.980334,999.980440,999.980533,999.980729,999.980814,999.981025,999.981221,999.981341,999.981525,999.981646,999.981796,999.981977,999.982183,999.982407,999.982664,999.982949,999.983284,999.983642,999.984062,999.984532,999.985056,999.985624,999.986263,999.986941,999.987669,999.988442,999.989244,999.990072,999.990933,999.991784,999.992659,999.993502,999.994336,999.995141,999.995928,999.996683,999.997397,999.998092,999.998740,999.999333,999.999885,1000.000378,1000.000847,1000.001274,1000.001688,1000.002051,1000.002402,1000.002714,1000.003001,1000.003260,1000.003505,1000.003719,1000.003923,1000.004103,1000.004268,1000.004427,1000.004577,1000.004707,1000.004829,1000.004926,1000.005038,1000.005140,1000.005227,1000.005316,1000.005391,1000.005472,1000.005541,1000.005627,1000.005692,1000.005769,1000.005829,1000.005908,1000.005976,1000.006043,1000.006100,1000.006145,0.000000,0.000000,0.000000,0.000000,0.000000,0.000000,0.000000,0.000000,0.000000,0.000000,0.000000,0.000000,0.000000
0.000000,0.000000,0.000000,0.000000,0.000000,0.000000,0.000000,0.000000,0.000000,0.000000,0.000000,0.000000,999.980617,999.980603,999.980671,999.980732,999.980832,999.980973,999.981029,999.981221,999.981263,999.981307,999.981463,999.981560,999.981733,999.981906,999.982060,999.982240,999.982437,999.982694,999.982968,999.983300,999.983687,999.984131,999.984639,999.985211,999.985855,999.986557,999.987321,999.988132,999.988998,999.989896,999.990811,999.991726,999.992651,999.993560,999.994458,999.995315,999.996127,999.996914,999.997635,999.998303,999.998946,999.999556,1000.000133,1000.000657,1000.001150,1000.001577,1000.001973,1000.002330,1000.002667,1000.002966,1000.003232,1000.003481,1000.003710,1000.003915,1000.004098,1000.004269,1000.004420,1000.004555,1000.004677,1000.004799,1000.004911,1000.005002,1000.005088,1000.005173,1000.005250,1000.005318,1000.005400,1000.005460,1000.005528,1000.005578,1000.005652,1000.005713,1000.005774,1000.005833,1000.005892,1000.005951,1000.006008,1000.006054,1000.006091,0.000000,0.000000,0.000000,0.000000,0.000000,0.000000,0.000000,0.000000,0.000000,0.000000,0.000000,0.000000
0.000000,0.000000,0.000000,0.000000,0.000000,0.000000,0.000000,0.000000,0.000000,0.000000,0.000000,999.980272,999.980556,999.980816,999.980951,999.981024,999.981104,999.981177,999.981208,999.981341,999.981307,999.981453,999.981633,999.981630,999.981731,999.981758,999.981819,999.981953,999.982113,999.982315,999.982546,999.982852,999.983212,999.983638,999.984147,999.984729,999.985394,999.986130,999.986940,999.987801,999.988728,999.989673,999.990655,999.991645,999.992629,999.993590,999.994542,999.995452,999.996315,999.997160,999.997957,999.998685,999.999339,999.999932,1000.000473,1000.000978,1000.001450,1000.001877,1000.002268,1000.002626,1000.002937,1000.003225,1000.003483,1000.003723,1000.003923,1000.004114,1000.004279,1000.004433,1000.004572,1000.004697,1000.004801,1000.004896,1000.004992,1000.005080,1000.005149,1000.005223,1000.005285,1000.005342,1000.005400,1000.005460,1000.005507,1000.005560,1000.005600,1000.005666,1000.005709,1000.005772,1000.005823,1000.005869,1000.005927,1000.005992,1000.006088,1000.006191,0.000000,0.000000,0.000000,0.000000,0.000000,0.000000,0.000000,0.000000,0.000000,0.000000,0.000000
0.000000,0.000000,0.000000,0.000000,0.000000,0.000000,0.000000,0.000000,0.000000,0.000000,0.000000,999.979704,999.980957,999.981197,999.981270,999.981305,999.981374,999.981408,999.981436,999.981525,999.981463,999.981633,999.981542,999.981398,999.981512,999.981524,999.981634,999.981761,999.981844,999.981977,999.982150,999.982403,999.982714,999.983112,999.983595,999.984180,999.984837,999.985606,999.986469,999.987410,999.988408,999.989445,999.990519,999.991604,999.992682,999.993730,999.994743,999.995717,999.996609,999.997423,999.998203,999.998951,999.999655,1000.000294,1000.000878,1000.001384,1000.001841,1000.002248,1000.002630,1000.002959,1000.003262,1000.003527,1000.003773,1000.003983,1000.004173,1000.004342,1000.004494,1000.004621,1000.004735,1000.004840,1000.004943,1000.005015,1000.005085,1000.005156,1000.005210,1000.005265,1000.005319,1000.005361,1000.005402,1000.005449,1000.005487,1000.005534,1000.005575,1000.005607,1000.005651,1000.005693,1000.005743,1000.005793,1000.005837,1000.005891,1000.005997,1000.006354,0.000000,0.000000,0.000000,0.000000,0.000000,0.000000,0.000000,0.000000,0.000000,0.000000,0.000000
0.000000,0.000000,0.000000,0.000000,0.000000,0.000000,0.000000,0.000000,0.000000,0.000000,999.982128,999.981635,999.981478,999.981435,999.981562,999.981607,999.981655,999.981635,999.981660,999.981646,999.981560,999.981630,999.981398,999.981480,999.981686,999.981522,999.981516,999.981428,999.981372,999.981459,999.981593,999.981792,999.982056,999.982435,999.982906,999.983495,999.984215,999.985037,999.985952,999.986957,999.988031,999.989169,999.990338,999.991505,999.992677,999.993811,999.994885,999.995949,999.996967,999.997892,999.998712,999.999442,1000.000093,1000.000697,1000.001270,1000.001778,1000.002237,1000.002641,1000.003005,1000.003320,1000.003606,1000.003858,1000.004080,1000.004261,1000.004436,1000.004580,1000.004714,1000.004829,1000.004921,1000.005001,1000.005076,1000.005149,1000.005196,1000.005247,1000.005287,1000.005323,1000.005356,1000.005384,1000.005416,1000.005445,1000.005469,1000.005498,1000.005534,1000.005568,1000.005584,1000.005630,1000.005666,1000.005704,1000.005749,1000.005815,1000.005845,1000.005847,1000.005761,0.000000,0.000000,0.000000,0.000000,0.000000,0.000000,0.000000,0.000000,0.000000,0.000000
0.000000,0.000000,0.000000,0.000000,0.000000,0.000000,0.000000,0.000000,0.000000,999.981832,999.981804,999.982068,999.981887,999.981899,999.981948,999.981929,999.981937,999.981891,999.981875,999.981796,999.981733,999.981731,999.981512,999.981686,999.981423,999.980988,999.981050,999.980967,999.981006,999.981110,999.981114,999.981217,999.981419,999.981736,999.982164,999.982749,999.983447,999.984303,999.985304,999.986411,999.987638,999.988904,999.990223,999.991510,999.992813,999.994068,999.995208,999.996252,999.997250,999.998192,999.999082,999.999907,1000.000626,1000.001248,1000.001789,1000.002278,1000.002712,1000.003098,1000.003435,1000.003727,1000.003989,1000.004214,1000.004404,1000.004580,1000.004726,1000.004841,1000.004946,1000.005039,1000.005122,1000.005177,1000.005220,1000.005266,1000.005307,1000.005328,1000.005359,1000.005380,1000.005403,1000.005414,1000.005427,1000.005446,1000.005453,1000.005473,1000.005477,1000.005508,1000.005536,1000.005552,1000.005580,1000.005622,1000.005649,1000.005704,1000.005735,1000.005725,1000.005859,1000.005878,0.000000,0.000000,0.000000,0.000000,0.000000,0.000000,0.000000,0.000000,0.000000
0.000000,0.000000,0.000000,0.000000,0.000000,0.000000,0.000000,0.000000,0.000000,999.980888,999.982197,999.982420,999.982331,999.982312,999.982309,999.982256,999.982241,999.982158,999.982109,999.981977,999.981906,999.981758,999.981524,999.981522,999.980988,999.980972,999.981264,999.980895,999.980732,999.980502,999.980296,999.980362,999.980508,999.980774,999.981184,999.981762,999.982549,999.983487,999.984574,999.985807,999.987121,999.988528,999.989985,999.991427,999.992818,999.994227,999.995578,999.996816,999.997906,999.998849,999.999667,1000.000423,1000.001142,1000.001773,1000.002316,1000.002795,1000.003217,1000.003580,1000.003893,1000.004168,1000.004397,1000.004596,1000.004763,1000.004905,1000.005036,1000.005125,1000.005203,1000.005264,1000.005314,1000.005364,1000.005393,1000.005411,1000.005429,1000.005438,1000.005433,1000.005440,1000.005438,1000.005439,1000.005435,1000.005437,1000.005436,1000.005448,1000.005446,1000.005453,1000.005462,1000.005489,1000.005491,1000.005522,1000.005557,1000.005582,1000.005620,1000.005630,1000.005745,1000.006174,0.000000,0.000000,0.000000,0.000000,0.000000,0.000000,0.000000,0.000000,0.000000
0.000000,0.000000,0.000000,0.000000,0.000000,0.000000,0.000000,0.000000,999.982825,999.982612,999.982693,999.982660,999.982744,999.982735,999.982698,999.982618,999.982562,999.982442,999.982349,999.982183,999.982060,999.981819,999.981634,999.981516,999.981050,999.981264,999.980821,999.979900,999.979849,999.979666,999.979622,999.979719,999.979707,999.979839,999.980188,999.980756,999.981463,999.982445,999.983664,999.985056,999.986624,999.988240,999.989918,999.991592,999.993119,999.994527,999.995867,999.997128,999.998305,999.999428,1000.000373,1000.001156,1000.001827,1000.002430,1000.002944,1000.003403,1000.003790,1000.004120,1000.004404,1000.004646,1000.004842,1000.005014,1000.005157,1000.005262,1000.005349,1000.005427,1000.005480,1000.005516,1000.005533,1000.005550,1000.005555,1000.005553,1000.005543,1000.005538,1000.005522,1000.005502,1000.005487,1000.005469,1000.005448,1000.005434,1000.005410,1000.005409,1000.005401,1000.005398,1000.005393,1000.005400,1000.005419,1000.005419,1000.005442,1000.005473,1000.005504,1000.005570,1000.005607,1000.005682,1000.005696,0.000000,0.000000,0.000000,0.000000,0.000000,0.000000,0.000000,0.000000
0.000000,0.000000,0.000000,0.000000,0.000000,0.000000,0.000000,0.000000,999.981643,999.983363,999.983240,999.983210,999.983198,999.983142,999.983091,999.982987,999.982892,999.982748,999.982620,999.982407,999.982240,999.981953,999.981761,999.981428,999.980967,999.980895,999.979900,999.979633,999.980100,999.979538,999.979119,999.978740,999.978371,999.978453,999.978748,999.979243,999.980125,999.981254,999.982597,999.984166,999.985898,999.987714,999.989571,999.991535,999.993417,999.995158,999.996703,999.998013,999.999095,1000.000094,1000.001045,1000.001856,1000.002544,1000.003129,1000.003636,1000.004055,1000.004412,1000.004702,1000.004953,1000.005159,1000.005327,1000.005450,1000.005567,1000.005641,1000.005695,1000.005735,1000.005756,1000.005771,1000.005768,1000.005753,1000.005735,1000.005703,1000.005672,1000.005639,1000.005605,1000.005566,1000.005523,1000.005491,1000.005462,1000.005431,1000.005400,1000.005366,1000.005350,1000.005339,1000.005317,1000.005318,1000.005318,1000.005325,1000.005327,1000.005352,1000.005385,1000.005419,1000.005455,1000.005469,1000.006052,0.000000,0.000000,0.000000,0.000000,0.000000,0.000000,0.000000,0.000000
0.000000,0.000000,0.000000,0.000000,0.000000,0.000000,0.000000,999.984442,999.983923,999.983836,999.983654,999.983728,999.983678,999.983607,999.983505,999.983383,999.983269,999.983086,999.982913,999.982664,999.982437,999.982113,999.981844,999.981372,999.981006,999.980732,999.979849,999.980100,999.979558,999.977895,999.977524,999.977212,999.977055,999.977210,999.977363,999.977835,999.978554,999.979692,999.981272,999.983114,999.985294,999.987555,999.989641,999.991670,999.993600,999.995411,999.997113,999.998730,1000.000070,1000.001114,1000.001990,1000.002752,1000.003404,1000.003946,1000.004400,1000.004772,1000.005083,1000.005345,1000.005547,1000.005708,1000.005842,1000.005929,1000.005992,1000.006040,1000.006063,1000.006070,1000.006055,1000.006031,1000.006000,1000.005957,1000.005906,1000.005868,1000.005800,1000.005743,1000.005688,1000.005632,1000.005577,1000.005510,1000.005461,1000.005418,1000.005375,1000.005335,1000.005292,1000.005268,1000.005250,1000.005228,1000.005219,1000.005205,1000.005219,1000.005224,1000.005235,1000.005270,1000.005339,1000.005343,1000.005367,1000.005219,0.000000,0.000000,0.000000,0.000000,0.000000,0.000000,0.000000
0.000000,0.000000,0.000000,0.000000,0.000000,0.000000,0.000000,999.982919,999.984763,999.984460,999.984364,999.984265,999.984161,999.984066,999.983939,999.983807,999.983641,999.983431,999.983231,999.982949,999.982694,999.982315,999.981977,999.981459,999.981110,999.980502,999.979666,999.979538,999.977895,999.976970,999.977604,999.976909,999.976188,999.975716,999.975303,999.975513,999.976510,999.977875,999.979651,999.981832,999.984171,999.986891,999.989677,999.992283,999.994646,999.996626,999.998192,999.999607,1000.000950,1000.002073,1000.002978,1000.003727,1000.004336,1000.004835,1000.005237,1000.005563,1000.005820,1000.006029,1000.006180,1000.006292,1000.006379,1000.006434,1000.006451,1000.006454,1000.006438,1000.006410,1000.006364,1000.006310,1000.006243,1000.006177,1000.006098,1000.006016,1000.005940,1000.005849,1000.005770,1000.005688,1000.005617,1000.005539,1000.005467,1000.005395,1000.005344,1000.005287,1000.005245,1000.005195,1000.005160,1000.005136,1000.005108,1000.005110,1000.005097,1000.005083,1000.005098,1000.005108,1000.005120,1000.005133,1000.005113,1000.005793,0.000000,0.000000,0.000000,0.000000,0.000000,0.000000,0.000000
0.000000,0.000000,0.000000,0.000000,0.000000,0.000000,999.986152,999.985487,999.985279,999.984931,999.984920,999.984805,999.984686,999.984552,999.984409,999.984247,999.984054,999.983827,999.983589,999.983284,999.982968,999.982546,999.982150,999.981593,999.981114,999.980296,999.979622,999.979119,999.977524,999.977604,999.977111,999.974537,999.973453,999.972793,999.972574,999.973235,999.973912,999.975243,999.977524,999.980231,999.983238,999.986387,999.989399,999.992267,999.994960,999.997530,999.999590,1000.001104,1000.002318,1000.003340,1000.004185,1000.004859,1000.005391,1000.005812,1000.006156,1000.006418,1000.006612,1000.006752,1000.006854,1000.006916,1000.006942,1000.006953,1000.006932,1000.006897,1000.006834,1000.006765,1000.006682,1000.006593,1000.006494,1000.006391,1000.006282,1000.006174,1000.006065,1000.005960,1000.005854,1000.005746,1000.005651,1000.005554,1000.005474,1000.005384,1000.005298,1000.005241,1000.005176,1000.005122,1000.005069,1000.005029,1000.004999,1000.004968,1000.004964,1000.004946,1000.004951,1000.004955,1000.004953,1000.004998,1000.004930,1000.004947,1000.004811,0.000000,0.000000,0.000000,0.000000,0.000000,0.000000
0.000000,0.000000,0.000000,0.000000,0.000000,0.000000,999.984518,999.986329,999.985850,999.985663,999.985498,999.985351,999.985203,999.985062,999.984887,999.984700,999.984491,999.984256,999.983978,999.983642,999.983300,999.982852,999.982403,999.981792,999.981217,999.980362,999.979719,999.978740,999.977212,999.976909,999.974537,999.972203,999.972426,999.971688,999.970873,999.970361,999.970839,999.972623,999.975132,999.978739,999.982588,999.986521,999.990465,999.993843,999.996443,999.998710,1000.000814,1000.002514,1000.003788,1000.004766,1000.005526,1000.006111,1000.006555,1000.006898,1000.007141,1000.007331,1000.007447,1000.007528,1000.007567,1000.007575,1000.007540,1000.007493,1000.007425,1000.007344,1000.007246,1000.007131,1000.007011,1000.006884,1000.006749,1000.006615,1000.006476,1000.006333,1000.006197,1000.006058,1000.005933,1000.005800,1000.005680,1000.005565,1000.005458,1000.005362,1000.005268,1000.005172,1000.005112,1000.005033,1000.004978,1000.004928,1000.004883,1000.004848,1000.004808,1000.004802,1000.004792,1000.004780,1000.004778,1000.004776,1000.004763,1000.004652,1000.005368,0.000000,0.000000,0.000000,0.000000,0.000000,0.000000
0.000000,0.000000,0.000000,0.000000,0.000000,999.987941,999.987114,999.986758,999.986288,999.986239,999.986065,999.985906,999.985741,999.985573,999.985400,999.985197,999.984967,999.984712,999.984415,999.984062,999.983687,999.983212,999.982714,999.982056,999.981419,999.980508,999.979707,999.978371,999.977055,999.976188,999.973453,999.972426,999.971896,999.968409,999.966101,999.965489,999.965682,999.967622,999.970870,999.975036,999.980304,999.985695,999.990504,999.995027,999.998635,1000.001112,1000.002967,1000.004438,1000.005581,1000.006423,1000.007041,1000.007490,1000.007824,1000.008056,1000.008202,1000.008290,1000.008339,1000.008338,1000.008305,1000.008248,1000.008164,1000.008066,1000.007938,1000.007806,1000.007655,1000.007510,1000.007339,1000.007178,1000.007002,1000.006829,1000.006660,1000.006491,1000.006324,1000.006161,1000.006001,1000.005851,1000.005712,1000.005570,1000.005444,1000.005319,1000.005217,1000.005112,1000.005017,1000.004946,1000.004867,1000.004807,1000.004758,1000.004705,1000.004681,1000.004647,1000.004624,1000.004598,1000.004593,1000.004587,1000.004620,1000.004521,1000.004454,1000.004169,0.000000,0.000000,0.000000,0.000000,0.000000
0.000000,0.000000,0.000000,0.000000,0.000000,999.986233,999.987743,999.987203,999.987008,999.986806,999.986613,999.986453,999.986281,999.986112,999.985923,999.985702,999.985458,999.985195,999.984887,999.984532,999.984131,999.983638,999.983112,999.982435,999.981736,999.980774,999.979839,999.978453,999.977210,999.975716,999.972793,999.971688,999.968409,999.963749,999.961948,999.960205,999.960519,999.963012,999.967114,999.973681,999.980452,999.986579,999.992126,999.996654,1000.000526,1000.003448,1000.005390,1000.006725,1000.007648,1000.008300,1000.008725,1000.009013,1000.009190,1000.009288,1000.009324,1000.009312,1000.009264,1000.009185,1000.009070,1000.008946,1000.008799,1000.008643,1000.008466,1000.008282,1000.008085,1000.007887,1000.007681,1000.007473,1000.007265,1000.007056,1000.006849,1000.006638,1000.006447,1000.006255,1000.006071,1000.005884,1000.005725,1000.005569,1000.005415,1000.005279,1000.005159,1000.005041,1000.004933,1000.004836,1000.004763,1000.004674,1000.004617,1000.004570,1000.004519,1000.004489,1000.004458,1000.004442,1000.004428,1000.004393,1000.004373,1000.004362,1000.004234,1000.004871,0.000000,0.000000,0.000000,0.000000,0.000000
0.000000,0.000000,0.000000,0.000000,999.988721,999.988394,999.988056,999.987568,999.987517,999.987340,999.987168,999.987007,999.986845,999.986655,999.986457,999.986248,999.986005,999.985737,999.985416,999.985056,999.984639,999.984147,999.983595,999.982906,999.982164,999.981184,999.980188,999.978748,999.977363,999.975303,999.972574,999.970873,999.966101,999.961948,999.958359,999.953635,999.952061,999.953570,999.960053,999.969306,999.979055,999.988742,999.996200,1000.001019,1000.004390,1000.006767,1000.008372,1000.009379,1000.009988,1000.010343,1000.010545,1000.010629,1000.010632,1000.010575,1000.010487,1000.010365,1000.010211,1000.010048,1000.009866,1000.009667,1000.009457,1000.009229,1000.008998,1000.008766,1000.008519,1000.008273,1000.008020,1000.007766,1000.007517,1000.007270,1000.007029,1000.006793,1000.006555,1000.006337,1000.006135,1000.005925,1000.005728,1000.005552,1000.005391,1000.005222,1000.005086,1000.004953,1000.004830,1000.004726,1000.004631,1000.004549,1000.004476,1000.004411,1000.004358,1000.004305,1000.004286,1000.004261,1000.004233,1000.004222,1000.004212,1000.004243,1000.004108,1000.004072,1000.004020,0.000000,0.000000,0.000000,0.000000
0.000000,0.000000,0.000000,0.000000,999.986812,999.988213,999.988216,999.988204,999.988058,999.987876,999.987728,999.987568,999.987402,999.987218,999.987022,999.986814,999.986569,999.986294,999.985980,999.985624,999.985211,999.984729,999.984180,999.983495,999.982749,999.981762,999.980756,999.979243,999.977835,999.975513,999.973235,999.970361,999.965489,999.960205,999.953635,999.943271,999.936528,999.940854,999.950369,999.962493,999.977574,999.990482,999.999390,1000.005873,1000.009257,1000.011008,1000.011945,1000.012404,1000.012575,1000.012571,1000.012477,1000.012321,1000.012128,1000.011909,1000.011681,1000.011439,1000.011186,1000.010928,1000.010665,1000.010393,1000.010116,1000.009836,1000.009543,1000.009250,1000.008952,1000.008657,1000.008364,1000.008065,1000.007770,1000.007484,1000.007203,1000.006931,1000.006670,1000.006406,1000.006170,1000.005946,1000.005727,1000.005520,1000.005333,1000.005166,1000.004997,1000.004855,1000.004724,1000.004599,1000.004496,1000.004398,1000.004318,1000.004245,1000.004190,1000.004147,1000.004100,1000.004068,1000.004045,1000.004038,1000.004018,1000.004021,1000.004063,1000.004153,1000.004806,0.000000,0.000000,0.000000,0.000000
