0.000000,0.000000,0.000000,0.000000,0.000000,0.000000,0.000000,0.000000,0.000000,0.000000,0.000000,0.000000,0.000000,0.000000,0.000000,0.000000,0.000000,0.000000,0.000000,0.000000,0.000000,0.000000,0.000000,0.000000,0.000000,0.000000,0.000000,0.000000,0.000000,0.000000,0.000000,0.000000,0.000000,0.000000,0.000000,0.000000,0.000000,0.000000,0.000000,0.000000,0.000000,0.000000,0.000000,0.000000,0.000000,0.000000,0.000000,0.000000,0.000000,0.000000,0.000000,0.000000,0.000000,0.000000,0.000000,0.000000,0.000000,0.000000,0.000000,0.000000,0.000000,0.000000,0.000000,0.000000,0.000000,0.000000,0.000000,0.000000,0.000000,0.000000,0.000000,0.000000,0.000000,0.000000,0.000000,0.000000,0.000000,0.000000,0.000000,0.000000,0.000000,0.000000,0.000000,0.000000,0.000000,0.000000,0.000000,0.000000,0.000000,0.000000,0.000000,0.000000,0.000000,0.000000,0.000000,0.000000,0.000000,0.000000,0.000000,0.000000,0.000000,0.000000,0.000000
0.000000,0.000000,0.000000,0.000000,0.000000,0.000000,0.000000,0.000000,0.000000,0.000000,0.000000,0.000000,0.000000,0.000000,0.000000,0.000000,0.000000,0.000000,0.000000,0.000000,0.000000,0.000000,0.000000,0.000000,0.000000,0.000000,0.000000,0.000000,0.000000,0.000000,0.000000,0.000000,0.000000,0.000000,0.000000,0.000000,0.000000,0.000000,0.000000,0.000000,0.000000,0.000000,0.000000,0.000000,0.000000,0.000000,0.000000,0.000000,0.000000,0.000000,0.000000,999.997450,0.000000,0.000000,0.000000,0.000000,0.000000,0.000000,0.000000,0.000000,0.000000,0.000000,0.000000,0.000000,0.000000,0.000000,0.000000,0.000000,0.000000,0.000000,0.000000,0.000000,0.000000,0.000000,0.000000,0.000000,0.000000,0.000000,0.000000,0.000000,0.000000,0.000000,0.000000,0.000000,0.000000,0.000000,0.000000,0.000000,0.000000,0.000000,0.000000,0.000000,0.000000,0.000000,0.000000,0.000000,0.000000,0.000000,0.000000,0.000000,0.000000,0.000000,0.000000
0.000000,0.000000,0.000000,0.000000,0.000000,0.000000,0.000000,0.000000,0.000000,0.000000,0.000000,0.000000,0.000000,0.000000,0.000000,0.000000,0.000000,0.000000,0.000000,0.000000,0.000000,0.000000,0.000000,0.000000,0.000000,0.000000,0.000000,0.000000,0.000000,0.000000,0.000000,0.000000,0.000000,0.000000,0.000000,0.000000,0.000000,0.000000,0.000000,0.000000,0.000000,0.000000,999.995174,999.992372,999.992380,999.993005,999.993679,999.994361,999.995159,999.996296,999.997242,999.997401,999.997564,999.998438,999.999464,1000.000067,1000.000575,1000.001028,1000.001409,1000.001367,999.999319,0.000000,0.000000,0.000000,0.000000,0.000000,0.000000,0.000000,0.000000,0.000000,0.000000,0.000000,0.000000,0.000000,0.000000,0.000000,0.000000,0.000000,0.000000,0.000000,0.000000,0.000000,0.000000,0.000000,0.000000,0.000000,0.000000,0.000000,0.000000,0.000000,0.000000,0.000000,0.000000,0.000000,0.000000,0.000000,0.000000,0.000000,0.000000,0.000000,0.000000,0.000000,0.000000
0.000000,0.000000,0.000000,0.000000,0.000000,0.000000,0.000000,0.000000,0.000000,0.000000,0.000000,0.000000,0.000000,0.000000,0.000000,0.000000,0.000000,0.000000,0.000000,0.000000,0.000000,0.000000,0.000000,0.000000,0.000000,0.000000,0.000000,0.000000,0.000000,0.000000,0.000000,0.000000,0.000000,0.000000,0.000000,0.000000,0.000000,999.990841,999.988148,999.988008,999.989313,999.991403,999.994308,999.993610,999.993161,999.993356,999.993904,999.994576,999.995256,999.995993,999.997055,999.997303,999.997521,999.998538,999.999140,999.999701,1000.000206,1000.000586,1000.000705,1000.000377,999.999881,1000.001836,1000.003136,1000.003869,1000.003623,1000.001987,0.000000,0.000000,0.000000,0.000000,0.000000,0.000000,0.000000,0.000000,0.000000,0.000000,0.000000,0.000000,0.000000,0.000000,0.000000,0.000000,0.000000,0.000000,0.000000,0.000000,0.000000,0.000000,0.000000,0.000000,0.000000,0.000000,0.000000,0.000000,0.000000,0.000000,0.000000,0.000000,0.000000,0.000000,0.000000,0.000000,0.000000
0.000000,0.000000,0.000000,0.000000,0.000000,0.000000,0.000000,0.000000,0.000000,0.000000,0.000000,0.000000,0.000000,0.000000,0.000000,0.000000,0.000000,0.000000,0.000000,0.000000,0.000000,0.000000,0.000000,0.000000,0.000000,0.000000,0.000000,0.000000,0.000000,0.000000,0.000000,0.000000,0.000000,0.000000,999.988308,999.986346,999.987449,999.990169,999.989697,999.989430,999.989895,999.991662,999.992685,999.992931,999.993230,999.993595,999.994075,999.994667,999.995336,999.995947,999.996621,999.997202,999.997763,999.998361,999.998897,999.999464,999.999913,1000.000275,1000.000518,1000.000690,1000.000851,1000.001503,1000.002612,1000.002859,1000.002668,1000.002307,1000.003780,1000.004363,1000.003315,0.000000,0.000000,0.000000,0.000000,0.000000,0.000000,0.000000,0.000000,0.000000,0.000000,0.000000,0.000000,0.000000,0.000000,0.000000,0.000000,0.000000,0.000000,0.000000,0.000000,0.000000,0.000000,0.000000,0.000000,0.000000,0.000000,0.000000,0.000000,0.000000,0.000000,0.000000,0.000000,0.000000,0.000000
0.000000,0.000000,0.000000,0.000000,0.000000,0.000000,0.000000,0.000000,0.000000,0.000000,0.000000,0.000000,0.000000,0.000000,0.000000,0.000000,0.000000,0.000000,0.000000,0.000000,0.000000,0.000000,0.000000,0.000000,0.000000,0.000000,0.000000,0.000000,0.000000,0.000000,0.000000,0.000000,999.987501,999.985756,999.987973,999.987786,999.988552,999.989144,999.989393,999.989878,999.990470,999.991362,999.991968,999.992710,999.993199,999.993635,999.994125,999.994695,999.995316,999.995937,999.996509,999.997114,999.997703,999.998223,999.998777,999.999281,999.999733,1000.000104,1000.000414,1000.000718,1000.001201,1000.001585,1000.002124,1000.002442,1000.002717,1000.002838,1000.003116,1000.003490,1000.003365,1000.004467,1000.003471,0.000000,0.000000,0.000000,0.000000,0.000000,0.000000,0.000000,0.000000,0.000000,0.000000,0.000000,0.000000,0.000000,0.000000,0.000000,0.000000,0.000000,0.000000,0.000000,0.000000,0.000000,0.000000,0.000000,0.000000,0.000000,0.000000,0.000000,0.000000,0.000000,0.000000,0.000000,0.000000
0.000000,0.000000,0.000000,0.000000,0.000000,0.000000,0.000000,0.000000,0.000000,0.000000,0.000000,0.000000,0.000000,0.000000,0.000000,0.000000,0.000000,0.000000,0.000000,0.000000,0.000000,0.000000,0.000000,0.000000,0.000000,0.000000,0.000000,0.000000,0.000000,0.000000,999.985674,999.984007,999.986660,999.987300,999.987628,999.987787,999.988366,999.988779,999.989436,999.989975,999.990566,999.991195,999.991852,999.992513,999.993052,999.993589,999.994136,999.994703,999.995290,999.995896,999.996472,999.997061,999.997620,999.998164,999.998684,999.999169,999.999620,1000.000023,1000.000408,1000.000768,1000.001189,1000.001580,1000.001965,1000.002285,1000.002568,1000.002923,1000.003117,1000.003371,1000.003408,1000.003570,1000.003858,1000.005099,1000.004315,0.000000,0.000000,0.000000,0.000000,0.000000,0.000000,0.000000,0.000000,0.000000,0.000000,0.000000,0.000000,0.000000,0.000000,0.000000,0.000000,0.000000,0.000000,0.000000,0.000000,0.000000,0.000000,0.000000,0.000000,0.000000,0.000000,0.000000,0.000000,0.000000,0.000000
0.000000,0.000000,0.000000,0.000000,0.000000,0.000000,0.000000,0.000000,0.000000,0.000000,0.000000,0.000000,0.000000,0.000000,0.000000,0.000000,0.000000,0.000000,0.000000,0.000000,0.000000,0.000000,0.000000,0.000000,0.000000,0.000000,0.000000,0.000000,999.983933,999.982374,999.985003,999.985862,999.986306,999.986757,999.987139,999.987790,999.988289,999.988772,999.989348,999.989908,999.990525,999.991126,999.991764,999.992374,999.992951,999.993540,999.994116,999.994691,999.995268,999.995860,999.996436,999.997006,999.997562,999.998084,999.998606,999.999090,999.999540,999.999967,1000.000377,1000.000776,1000.001163,1000.001539,1000.001906,1000.002262,1000.002558,1000.002838,1000.003077,1000.003316,1000.003607,1000.003753,1000.003969,1000.004135,1000.004512,1000.005666,1000.004898,0.000000,0.000000,0.000000,0.000000,0.000000,0.000000,0.000000,0.000000,0.000000,0.000000,0.000000,0.000000,0.000000,0.000000,0.000000,0.000000,0.000000,0.000000,0.000000,0.000000,0.000000,0.000000,0.000000,0.000000,0.000000,0.000000,0.000000,0.000000
0.000000,0.000000,0.000000,0.000000,0.000000,0.000000,0.000000,0.000000,0.000000,0.000000,0.000000,0.000000,0.000000,0.000000,0.000000,0.000000,0.000000,0.000000,0.000000,0.000000,0.000000,0.000000,0.000000,0.000000,0.000000,0.000000,999.982271,999.981064,999.983407,999.984256,999.984783,999.985358,999.985823,999.986553,999.987083,999.987632,999.988125,999.988695,999.989247,999.989837,999.990443,999.991053,999.991667,999.992273,999.992883,999.993480,999.994074,999.994655,999.995249,999.995832,999.996411,999.996976,999.997529,999.998065,999.998578,999.999061,999.999519,999.999951,1000.000374,1000.000773,1000.001156,1000.001524,1000.001869,1000.002211,1000.002517,1000.002793,1000.003073,1000.003310,1000.003569,1000.003777,1000.004113,1000.004296,1000.004525,1000.004736,1000.005085,1000.006037,1000.005483,0.000000,0.000000,0.000000,0.000000,0.000000,0.000000,0.000000,0.000000,0.000000,0.000000,0.000000,0.000000,0.000000,0.000000,0.000000,0.000000,0.000000,0.000000,0.000000,0.000000,0.000000,0.000000,0.000000,0.000000,0.000000,0.000000
0.000000,0.000000,0.000000,0.000000,0.000000,0.000000,0.000000,0.000000,0.000000,0.000000,0.000000,0.000000,0.000000,0.000000,0.000000,0.000000,0.000000,0.000000,0.000000,0.000000,0.000000,0.000000,0.000000,0.000000,999.981264,999.980285,999.982067,999.982822,999.983316,999.983945,999.984429,999.985189,999.985777,999.986354,999.986893,999.987449,999.988007,999.988591,999.989153,999.989751,999.990348,999.990973,999.991573,999.992204,999.992819,999.993432,999.994023,999.994637,999.995230,999.995815,999.996393,999.996954,999.997514,999.998048,999.998554,999.999043,999.999506,999.999952,1000.000374,1000.000773,1000.001173,1000.001542,1000.001902,1000.002209,1000.002527,1000.002815,1000.003093,1000.003339,1000.003589,1000.003821,1000.004068,1000.004313,1000.004623,1000.004805,1000.005054,1000.005230,1000.005511,1000.006214,1000.005765,0.000000,0.000000,0.000000,0.000000,0.000000,0.000000,0.000000,0.000000,0.000000,0.000000,0.000000,0.000000,0.000000,0.000000,0.000000,0.000000,0.000000,0.000000,0.000000,0.000000,0.000000,0.000000,0.000000,0.000000
0.000000,0.000000,0.000000,0.000000,0.000000,0.000000,0.000000,0.000000,0.000000,0.000000,0.000000,0.000000,0.000000,0.000000,0.000000,0.000000,0.000000,0.000000,0.000000,0.000000,0.000000,0.000000,0.000000,999.981561,999.981233,999.981638,999.982145,999.982692,999.983131,999.983851,999.984431,999.985016,999.985589,999.986151,999.986734,999.987301,999.987864,999.988448,999.989032,999.989648,999.990248,999.990879,999.991500,999.992135,999.992762,999.993377,999.993991,999.994615,999.995215,999.995812,999.996392,999.996973,999.997521,999.998052,999.998561,999.999055,999.999532,999.999973,1000.000393,1000.000790,1000.001180,1000.001547,1000.001895,1000.002223,1000.002536,1000.002833,1000.003101,1000.003353,1000.003615,1000.003862,1000.004098,1000.004330,1000.004568,1000.004792,1000.005079,1000.005232,1000.005432,1000.005607,1000.005729,1000.005556,0.000000,0.000000,0.000000,0.000000,0.000000,0.000000,0.000000,0.000000,0.000000,0.000000,0.000000,0.000000,0.000000,0.000000,0.000000,0.000000,0.000000,0.000000,0.000000,0.000000,0.000000,0.000000,0.000000
0.000000,0.000000,0.000000,0.000000,0.000000,0.000000,0.000000,0.000000,0.000000,0.000000,0.000000,0.000000,0.000000,0.000000,0.000000,0.000000,0.000000,0.000000,0.000000,0.000000,0.000000,999.979668,999.979090,999.981058,999.981508,999.981856,999.982106,999.982667,999.983209,999.983750,999.984302,999.984859,999.985435,999.985994,999.986568,999.987137,999.987719,999.988304,999.988916,999.989531,999.990142,999.990783,999.991421,999.992066,999.992691,999.993339,999.993970,999.994595,999.995200,999.995813,999.996417,999.996981,999.997535,999.998076,999.998593,999.999090,999.999565,1000.000017,1000.000452,1000.000868,1000.001245,1000.001606,1000.001949,1000.002276,1000.002580,1000.002865,1000.003137,1000.003397,1000.003654,1000.003890,1000.004112,1000.004351,1000.004574,1000.004789,1000.004995,1000.005194,1000.005400,1000.005472,1000.005580,1000.005732,1000.006520,1000.006230,0.000000,0.000000,0.000000,0.000000,0.000000,0.000000,0.000000,0.000000,0.000000,0.000000,0.000000,0.000000,0.000000,0.000000,0.000000,0.000000,0.000000,0.000000,0.000000,0.000000,0.000000
0.000000,0.000000,0.000000,0.000000,0.000000,0.000000,0.000000,0.000000,0.000000,0.000000,0.000000,0.000000,0.000000,0.000000,0.000000,0.000000,0.000000,0.000000,0.000000,0.000000,999.980025,999.979954,999.980365,999.980904,999.981318,999.981777,999.982204,999.982671,999.983160,999.983648,999.984183,999.984729,999.985270,999.985827,999.986395,999.986968,999.987555,999.988164,999.988770,999.989397,999.990033,999.990682,999.991339,999.991988,999.992639,999.993308,999.993958,999.994589,999.995216,999.995842,999.996442,999.997020,999.997584,999.998138,999.998666,999.999151,999.999622,1000.000070,1000.000498,1000.000903,1000.001289,1000.001656,1000.002001,1000.002333,1000.002629,1000.002914,1000.003199,1000.003452,1000.003693,1000.003924,1000.004154,1000.004378,1000.004582,1000.004789,1000.004971,1000.005160,1000.005322,1000.005478,1000.005636,1000.005778,1000.005964,1000.006099,1000.006024,0.000000,0.000000,0.000000,0.000000,0.000000,0.000000,0.000000,0.000000,0.000000,0.000000,0.000000,0.000000,0.000000,0.000000,0.000000,0.000000,0.000000,0.000000,0.000000,0.000000
0.000000,0.000000,0.000000,0.000000,0.000000,0.000000,0.000000,0.000000,0.000000,0.000000,0.000000,0.000000,0.000000,0.000000,0.000000,0.000000,0.000000,0.000000,0.000000,999.979695,999.980003,999.980221,999.980620,999.980864,999.981335,999.981761,999.982186,999.982613,999.983071,999.983551,999.984061,999.984570,999.985098,999.985657,999.986213,999.986783,999.987390,999.987995,999.988615,999.989255,999.989921,999.990581,999.991242,999.991924,999.992602,999.993266,999.993934,999.994586,999.995244,999.995863,999.996474,999.997070,999.997656,999.998193,999.998730,999.999233,999.999723,1000.000182,1000.000612,1000.001009,1000.001392,1000.001754,1000.002089,1000.002407,1000.002709,1000.002990,1000.003255,1000.003508,1000.003739,1000.003975,1000.004194,1000.004398,1000.004600,1000.004790,1000.004966,1000.005143,1000.005291,1000.005437,1000.005592,1000.005762,1000.005835,1000.005966,1000.006022,1000.006102,0.000000,0.000000,0.000000,0.000000,0.000000,0.000000,0.000000,0.000000,0.000000,0.000000,0.000000,0.000000,0.000000,0.000000,0.000000,0.000000,0.000000,0.000000,0.000000
0.000000,0.000000,0.000000,0.000000,0.000000,0.000000,0.000000,0.000000,0.000000,0.000000,0.000000,0.000000,0.000000,0.000000,0.000000,0.000000,0.000000,0.000000,999.979364,999.979739,999.980072,999.980373,999.980688,999.980999,999.981378,999.981756,999.982151,999.982558,999.982983,999.983442,999.983911,999.984407,999.984920,999.985462,999.986008,999.986597,999.987197,999.987808,999.988452,999.989110,999.989789,999.990459,999.991156,999.991858,999.992558,999.993245,999.993932,999.994617,999.995289,999.995922,999.996551,999.997170,999.997757,999.998304,999.998825,999.999341,999.999814,1000.000263,1000.000697,1000.001110,1000.001496,1000.001856,1000.002195,1000.002503,1000.002808,1000.003082,1000.003338,1000.003582,1000.003816,1000.004040,1000.004242,1000.004433,1000.004620,1000.004816,1000.004976,1000.005133,1000.005285,1000.005425,1000.005556,1000.005690,1000.005794,1000.005897,1000.005996,1000.006095,1000.006225,0.000000,0.000000,0.000000,0.000000,0.000000,0.000000,0.000000,0.000000,0.000000,0.000000,0.000000,0.000000,0.000000,0.000000,0.000000,0.000000,0.000000,0.000000
0.000000,0.000000,0.000000,0.000000,0.000000,0.000000,0.000000,0.000000,0.000000,0.000000,0.000000,0.000000,0.000000,0.000000,0.000000,0.000000,0.000000,999.979074,999.979532,999.979843,999.980143,999.980441,999.980728,999.981041,999.981360,999.981719,999.982081,999.982454,999.982866,999.983291,999.983740,999.984215,999.984721,999.985239,999.985803,999.986382,999.986984,999.987614,999.988271,999.988949,999.989631,999.990342,999.991066,999.991780,999.992509,999.993224,999.993943,999.994634,999.995321,999.995982,999.996632,999.997251,999.997841,999.998424,999.998974,999.999490,999.999980,1000.000430,1000.000860,1000.001260,1000.001628,1000.001984,1000.002307,1000.002623,1000.002906,1000.003176,1000.003431,1000.003675,1000.003893,1000.004101,1000.004294,1000.004487,1000.004657,1000.004826,1000.004986,1000.005128,1000.005276,1000.005411,1000.005536,1000.005642,1000.005760,1000.005854,1000.005957,1000.006067,1000.006172,1000.006307,0.000000,0.000000,0.000000,0.000000,0.000000,0.000000,0.000000,0.000000,0.000000,0.000000,0.000000,0.000000,0.000000,0.000000,0.000000,0.000000,0.000000
0.000000,0.000000,0.000000,0.000000,0.000000,0.000000,0.000000,0.000000,0.000000,0.000000,0.000000,0.000000,0.000000,0.000000,0.000000,0.000000,999.979065,999.979358,999.979656,999.979937,999.980246,999.980523,999.980802,999.981088,999.981381,999.981696,999.982016,999.982364,999.982744,999.983135,999.983555,999.984008,999.984489,999.985007,999.985554,999.986132,999.986744,999.987387,999.988068,999.988752,999.989477,999.990214,999.990968,999.991714,999.992471,999.993230,999.993967,999.994694,999.995405,999.996105,999.996771,999.997390,999.997995,999.998573,999.999115,999.999615,1000.000111,1000.000573,1000.001012,1000.001412,1000.001795,1000.002134,1000.002471,1000.002764,1000.003048,1000.003307,1000.003549,1000.003780,1000.003987,1000.004185,1000.004376,1000.004559,1000.004711,1000.004863,1000.005008,1000.005149,1000.005269,1000.005397,1000.005511,1000.005620,1000.005726,1000.005828,1000.005916,1000.006024,1000.006128,1000.006231,1000.006365,0.000000,0.000000,0.000000,0.000000,0.000000,0.000000,0.000000,0.000000,0.000000,0.000000,0.000000,0.000000,0.000000,0.000000,0.000000,0.000000
0.000000,0.000000,0.000000,0.000000,0.000000,0.000000,0.000000,0.000000,0.000000,0.000000,0.000000,0.000000,0.000000,0.000000,0.000000,999.979074,999.979358,999.979651,999.979896,999.980140,999.980395,999.980601,999.980837,999.981077,999.981332,999.981607,999.981895,999.982221,999.982554,999.982925,999.983324,999.983760,999.984230,999.984734,999.985278,999.985854,999.986483,999.987145,999.987833,999.988556,999.989309,999.990074,999.990855,999.991638,999.992436,999.993212,999.993989,999.994748,999.995484,999.996190,999.996876,999.997538,999.998169,999.998769,999.999334,999.999851,1000.000346,1000.000784,1000.001205,1000.001595,1000.001972,1000.002304,1000.002625,1000.002917,1000.003196,1000.003446,1000.003677,1000.003890,1000.004092,1000.004280,1000.004449,1000.004617,1000.004763,1000.004910,1000.005042,1000.005174,1000.005282,1000.005396,1000.005497,1000.005601,1000.005691,1000.005791,1000.005870,1000.005972,1000.006074,1000.006166,1000.006263,1000.006369,0.000000,0.000000,0.000000,0.000000,0.000000,0.000000,0.000000,0.000000,0.000000,0.000000,0.000000,0.000000,0.000000,0.000000,0.000000
0.000000,0.000000,0.000000,0.000000,0.000000,0.000000,0.000000,0.000000,0.000000,0.000000,0.000000,0.000000,0.000000,0.000000,999.979364,999.979532,999.979656,999.979896,999.980051,999.980228,999.980450,999.980625,999.980872,999.981096,999.981325,999.981558,999.981819,999.982094,999.982390,999.982716,999.983085,999.983493,999.983930,999.984424,999.984957,999.985547,999.986180,999.986847,999.987561,999.988319,999.989110,999.989911,999.990742,999.991578,999.992420,999.993237,999.994058,999.994859,999.995627,999.996363,999.997067,999.997739,999.998366,999.998938,999.999510,1000.000042,1000.000547,1000.001007,1000.001441,1000.001827,1000.002195,1000.002519,1000.002827,1000.003102,1000.003366,1000.003606,1000.003819,1000.004028,1000.004215,1000.004396,1000.004544,1000.004694,1000.004840,1000.004966,1000.005081,1000.005196,1000.005299,1000.005404,1000.005494,1000.005589,1000.005667,1000.005761,1000.005837,1000.005923,1000.006009,1000.006097,1000.006170,1000.006252,1000.006341,0.000000,0.000000,0.000000,0.000000,0.000000,0.000000,0.000000,0.000000,0.000000,0.000000,0.000000,0.000000,0.000000,0.000000
0.000000,0.000000,0.000000,0.000000,0.000000,0.000000,0.000000,0.000000,0.000000,0.000000,0.000000,0.000000,0.000000,999.979695,999.979739,999.979843,999.979937,999.980140,999.980228,999.980446,999.980645,999.980782,999.980969,999.981088,999.981242,999.981435,999.981647,999.981875,999.982140,999.982439,999.982783,999.983149,999.983577,999.984057,999.984597,999.985184,999.985830,999.986524,999.987275,999.988067,999.988887,999.989741,999.990616,999.991496,999.992377,999.993252,999.994107,999.994939,999.995742,999.996522,999.997257,999.997970,999.998636,999.999259,999.999818,1000.000336,1000.000808,1000.001254,1000.001681,1000.002055,1000.002415,1000.002739,1000.003042,1000.003308,1000.003550,1000.003780,1000.003991,1000.004175,1000.004346,1000.004505,1000.004654,1000.004788,1000.004909,1000.005031,1000.005130,1000.005232,1000.005323,1000.005415,1000.005495,1000.005571,1000.005646,1000.005732,1000.005796,1000.005871,1000.005938,1000.006022,1000.006094,1000.006159,1000.006219,1000.006271,0.000000,0.000000,0.000000,0.000000,0.000000,0.000000,0.000000,0.000000,0.000000,0.000000,0.000000,0.000000,0.000000
0.000000,0.000000,0.000000,0.000000,0.000000,0.000000,0.000000,0.000000,0.000000,0.000000,0.000000,0.000000,999.980025,999.980003,999.980072,999.980143,999.980246,999.980395,999.980450,999.980645,999.980702,999.980731,999.980899,999.980989,999.981188,999.981363,999.981514,999.981704,999.981918,999.982175,999.982458,999.982799,999.983199,999.983659,999.984176,999.984759,999.985414,999.986138,999.986924,999.987761,999.988632,999.989555,999.990488,999.991434,999.992378,999.993324,999.994242,999.995120,999.995955,999.996768,999.997505,999.998196,999.998859,999.999485,1000.000080,1000.000625,1000.001129,1000.001573,1000.001983,1000.002350,1000.002689,1000.003002,1000.003282,1000.003541,1000.003774,1000.003976,1000.004175,1000.004348,1000.004499,1000.004642,1000.004775,1000.004890,1000.004996,1000.005093,1000.005190,1000.005280,1000.005353,1000.005428,1000.005495,1000.005574,1000.005628,1000.005697,1000.005765,1000.005824,1000.005888,1000.005953,1000.006011,1000.006073,1000.006127,1000.006169,1000.006214,0.000000,0.000000,0.000000,0.000000,0.000000,0.000000,0.000000,0.000000,0.000000,0.000000,0.000000,0.000000
0.000000,0.000000,0.000000,0.000000,0.000000,0.000000,0.000000,0.000000,0.000000,0.000000,0.000000,999.979668,999.979954,999.980221,999.980373,999.980441,999.980523,999.980601,999.980625,999.980782,999.980731,999.980890,999.981082,999.981085,999.981201,999.981213,999.981280,999.981423,999.981592,999.981790,999.982035,999.982350,999.982721,999.983161,999.983675,999.984274,999.984957,999.985713,999.986531,999.987412,999.988361,999.989334,999.990342,999.991352,999.992362,999.993351,999.994321,999.995254,999.996147,999.997015,999.997839,999.998587,999.999268,999.999876,1000.000431,1000.000957,1000.001443,1000.001887,1000.002289,1000.002654,1000.002990,1000.003277,1000.003545,1000.003785,1000.003999,1000.004196,1000.004361,1000.004525,1000.004659,1000.004790,1000.004902,1000.005004,1000.005094,1000.005184,1000.005250,1000.005327,1000.005389,1000.005456,1000.005505,1000.005560,1000.005617,1000.005666,1000.005716,1000.005774,1000.005822,1000.005882,1000.005937,1000.005989,1000.006051,1000.006114,1000.006221,1000.006306,0.000000,0.000000,0.000000,0.000000,0.000000,0.000000,0.000000,0.000000,0.000000,0.000000,0.000000
0.000000,0.000000,0.000000,0.000000,0.000000,0.000000,0.000000,0.000000,0.000000,0.000000,0.000000,999.979090,999.980365,999.980620,999.980688,999.980728,999.980802,999.980837,999.980872,999.980969,999.980899,999.981082,999.980995,999.980839,999.980958,999.980964,999.981099,999.981237,999.981317,999.981444,999.981641,999.981897,999.982213,999.982621,999.983117,999.983710,999.984399,999.985177,999.986052,999.987014,999.988040,999.989105,999.990198,999.991309,999.992421,999.993485,999.994527,999.995534,999.996453,999.997292,999.998093,999.998861,999.999582,1000.000257,1000.000852,1000.001376,1000.001847,1000.002278,1000.002659,1000.003012,1000.003313,1000.003600,1000.003839,1000.004067,1000.004254,1000.004438,1000.004582,1000.004723,1000.004842,1000.004947,1000.005039,1000.005125,1000.005199,1000.005265,1000.005326,1000.005371,1000.005425,1000.005478,1000.005524,1000.005563,1000.005601,1000.005647,1000.005681,1000.005725,1000.005767,1000.005806,1000.005855,1000.005901,1000.005954,1000.006000,1000.006107,1000.006469,0.000000,0.000000,0.000000,0.000000,0.000000,0.000000,0.000000,0.000000,0.000000,0.000000,0.000000
0.000000,0.000000,0.000000,0.000000,0.000000,0.000000,0.000000,0.000000,0.000000,0.000000,999.981561,999.981058,999.980904,999.980864,999.980999,999.981041,999.981088,999.981077,999.981096,999.981088,999.980989,999.981085,999.980839,999.980927,999.981155,999.980988,999.980994,999.980893,999.980832,999.980936,999.981082,999.981277,999.981555,999.981940,999.982421,999.983028,999.983755,999.984589,999.985533,999.986562,999.987658,999.988816,999.990010,999.991210,999.992412,999.993569,999.994679,999.995776,999.996817,999.997772,999.998619,999.999378,1000.000046,1000.000672,1000.001260,1000.001790,1000.002256,1000.002684,1000.003056,1000.003387,1000.003675,1000.003935,1000.004159,1000.004362,1000.004535,1000.004691,1000.004817,1000.004933,1000.005031,1000.005120,1000.005193,1000.005257,1000.005310,1000.005358,1000.005405,1000.005446,1000.005466,1000.005502,1000.005534,1000.005555,1000.005586,1000.005615,1000.005647,1000.005667,1000.005706,1000.005741,1000.005785,1000.005819,1000.005871,1000.005934,1000.005972,1000.005970,1000.005890,0.000000,0.000000,0.000000,0.000000,0.000000,0.000000,0.000000,0.000000,0.000000,0.000000
0.000000,0.000000,0.000000,0.000000,0.000000,0.000000,0.000000,0.000000,0.000000,999.981264,999.981233,999.981508,999.981318,999.981335,999.981378,999.981360,999.981381,999.981332,999.981325,999.981242,999.981188,999.981201,999.980958,999.981155,999.980898,999.980427,999.980501,999.980412,999.980472,999.980586,999.980593,999.980691,999.980903,999.981230,999.981674,999.982270,999.982975,999.983850,999.984875,999.986009,999.987248,999.988548,999.989894,999.991218,999.992538,999.993833,999.995011,999.996081,999.997104,999.998071,999.998997,999.999851,1000.000593,1000.001233,1000.001800,1000.002308,1000.002754,1000.003151,1000.003497,1000.003809,1000.004076,1000.004316,1000.004508,1000.004688,1000.004834,1000.004961,1000.005070,1000.005165,1000.005236,1000.005298,1000.005354,1000.005395,1000.005435,1000.005455,1000.005482,1000.005505,1000.005525,1000.005526,1000.005552,1000.005560,1000.005575,1000.005585,1000.005607,1000.005626,1000.005644,1000.005660,1000.005701,1000.005731,1000.005766,1000.005807,1000.005852,1000.005847,1000.005972,1000.005991,0.000000,0.000000,0.000000,0.000000,0.000000,0.000000,0.000000,0.000000,0.000000
0.000000,0.000000,0.000000,0.000000,0.000000,0.000000,0.000000,0.000000,0.000000,999.980285,999.981638,999.981856,999.981777,999.981761,999.981756,999.981719,999.981696,999.981607,999.981558,999.981435,999.981363,999.981213,999.980964,999.980988,999.980427,999.980409,999.980744,999.980377,999.980211,999.979976,999.979758,999.979825,999.979990,999.980259,999.980672,999.981259,999.982065,999.983027,999.984132,999.985375,999.986724,999.988156,999.989656,999.991119,999.992552,999.994000,999.995391,999.996652,999.997785,999.998761,999.999603,1000.000378,1000.001124,1000.001775,1000.002346,1000.002840,1000.003280,1000.003658,1000.003978,1000.004266,1000.004503,1000.004713,1000.004887,1000.005034,1000.005152,1000.005256,1000.005338,1000.005405,1000.005458,1000.005493,1000.005524,1000.005541,1000.005560,1000.005567,1000.005564,1000.005564,1000.005565,1000.005563,1000.005561,1000.005561,1000.005559,1000.005557,1000.005559,1000.005565,1000.005587,1000.005587,1000.005612,1000.005640,1000.005667,1000.005704,1000.005738,1000.005744,1000.005868,1000.006290,0.000000,0.000000,0.000000,0.000000,0.000000,0.000000,0.000000,0.000000,0.000000
0.000000,0.000000,0.000000,0.000000,0.000000,0.000000,0.000000,0.000000,999.982271,999.982067,999.982145,999.982106,999.982204,999.982186,999.982151,999.982081,999.982016,999.981895,999.981819,999.981647,999.981514,999.981280,999.981099,999.980994,999.980501,999.980744,999.980322,999.979339,999.979286,999.979102,999.979068,999.979187,999.979179,999.979304,999.979668,999.980247,999.980973,999.981960,999.983196,999.984615,999.986227,999.987863,999.989572,999.991285,999.992848,999.994300,999.995669,999.996958,999.998191,999.999347,1000.000327,1000.001134,1000.001841,1000.002462,1000.002996,1000.003468,1000.003869,1000.004225,1000.004513,1000.004762,1000.004968,1000.005145,1000.005285,1000.005409,1000.005494,1000.005569,1000.005620,1000.005655,1000.005681,1000.005699,1000.005702,1000.005693,1000.005683,1000.005679,1000.005659,1000.005635,1000.005621,1000.005593,1000.005580,1000.005556,1000.005544,1000.005532,1000.005521,1000.005508,1000.005513,1000.005513,1000.005524,1000.005535,1000.005551,1000.005574,1000.005623,1000.005679,1000.005724,1000.005802,1000.005807,0.000000,0.000000,0.000000,0.000000,0.000000,0.000000,0.000000,0.000000
0.000000,0.000000,0.000000,0.000000,0.000000,0.000000,0.000000,0.000000,999.981064,999.982822,999.982692,999.982667,999.982671,999.982613,999.982558,999.982454,999.982364,999.982221,999.982094,999.981875,999.981704,999.981423,999.981237,999.980893,999.980412,999.980377,999.979339,999.979035,999.979574,999.979015,999.978601,999.978206,999.977824,999.977911,999.978215,999.978704,999.979601,999.980741,999.982112,999.983714,999.985467,999.987312,999.989220,999.991221,999.993155,999.994935,999.996525,999.997886,999.998998,1000.000031,1000.001005,1000.001861,1000.002570,1000.003184,1000.003703,1000.004151,1000.004511,1000.004823,1000.005080,1000.005299,1000.005467,1000.005612,1000.005715,1000.005798,1000.005858,1000.005901,1000.005919,1000.005929,1000.005925,1000.005907,1000.005892,1000.005858,1000.005823,1000.005782,1000.005749,1000.005706,1000.005668,1000.005623,1000.005585,1000.005554,1000.005519,1000.005492,1000.005477,1000.005448,1000.005441,1000.005426,1000.005431,1000.005440,1000.005451,1000.005465,1000.005495,1000.005522,1000.005565,1000.005575,1000.006162,0.000000,0.000000,0.000000,0.000000,0.000000,0.000000,0.000000,0.000000
0.000000,0.000000,0.000000,0.000000,0.000000,0.000000,0.000000,999.983933,999.983407,999.983316,999.983131,999.983209,999.983160,999.983071,999.982983,999.982866,999.982744,999.982554,999.982390,999.982140,999.981918,999.981592,999.981317,999.980832,999.980472,999.980211,999.979286,999.979574,999.979071,999.977345,999.976937,999.976621,999.976465,999.976634,999.976788,999.977270,999.978002,999.979159,999.980769,999.982625,999.984834,999.987144,999.989277,999.991341,999.993319,999.995174,999.996933,999.998610,999.999988,1000.001069,1000.001986,1000.002780,1000.003456,1000.004021,1000.004497,1000.004895,1000.005217,1000.005485,1000.005700,1000.005873,1000.006002,1000.006100,1000.006171,1000.006214,1000.006237,1000.006241,1000.006232,1000.006205,1000.006175,1000.006126,1000.006074,1000.006023,1000.005961,1000.005901,1000.005834,1000.005773,1000.005719,1000.005657,1000.005601,1000.005549,1000.005504,1000.005452,1000.005422,1000.005389,1000.005365,1000.005342,1000.005321,1000.005316,1000.005324,1000.005325,1000.005354,1000.005375,1000.005446,1000.005450,1000.005475,1000.005335,0.000000,0.000000,0.000000,0.000000,0.000000,0.000000,0.000000
0.000000,0.000000,0.000000,0.000000,0.000000,0.000000,0.000000,999.982374,999.984256,999.983945,999.983851,999.983750,999.983648,999.983551,999.983442,999.983291,999.983135,999.982925,999.982716,999.982439,999.982175,999.981790,999.981444,999.980936,999.980586,999.979976,999.979102,999.979015,999.977345,999.976331,999.977004,999.976355,999.975639,999.975161,999.974734,999.974943,999.975953,999.977326,999.979113,999.981321,999.983697,999.986468,999.989298,999.991956,999.994381,999.996422,999.998030,999.999493,1000.000879,1000.002057,1000.003009,1000.003781,1000.004422,1000.004946,1000.005364,1000.005706,1000.005978,1000.006196,1000.006363,1000.006482,1000.006566,1000.006621,1000.006648,1000.006653,1000.006635,1000.006601,1000.006555,1000.006496,1000.006427,1000.006354,1000.006276,1000.006186,1000.006106,1000.006012,1000.005931,1000.005840,1000.005760,1000.005685,1000.005601,1000.005538,1000.005477,1000.005412,1000.005361,1000.005317,1000.005282,1000.005254,1000.005228,1000.005212,1000.005204,1000.005192,1000.005209,1000.005215,1000.005227,1000.005247,1000.005211,1000.005908,0.000000,0.000000,0.000000,0.000000,0.000000,0.000000,0.000000
0.000000,0.000000,0.000000,0.000000,0.000000,0.000000,999.985674,999.985003,999.984783,999.984429,999.984431,999.984302,999.984183,999.984061,999.983911,999.983740,999.983555,999.983324,999.983085,999.982783,999.982458,999.982035,999.981641,999.981082,999.980593,999.979758,999.979068,999.978601,999.976937,999.977004,999.976610,999.974011,999.972849,999.972151,999.971920,999.972601,999.973269,999.974602,999.976912,999.979651,999.982707,999.985904,999.988968,999.991896,999.994675,999.997321,999.999445,1000.001018,1000.002289,1000.003357,1000.004238,1000.004942,1000.005509,1000.005962,1000.006317,1000.006590,1000.006802,1000.006952,1000.007059,1000.007127,1000.007162,1000.007165,1000.007147,1000.007105,1000.007046,1000.006975,1000.006889,1000.006797,1000.006687,1000.006581,1000.006471,1000.006360,1000.006240,1000.006133,1000.006014,1000.005912,1000.005800,1000.005707,1000.005608,1000.005517,1000.005441,1000.005368,1000.005298,1000.005240,1000.005186,1000.005143,1000.005108,1000.005080,1000.005070,1000.005049,1000.005051,1000.005047,1000.005059,1000.005105,1000.005029,1000.005048,1000.004917,0.000000,0.000000,0.000000,0.000000,0.000000,0.000000
0.000000,0.000000,0.000000,0.000000,0.000000,0.000000,999.984007,999.985862,999.985358,999.985189,999.985016,999.984859,999.984729,999.984570,999.984407,999.984215,999.984008,999.983760,999.983493,999.983149,999.982799,999.982350,999.981897,999.981277,999.980691,999.979825,999.979187,999.978206,999.976621,999.976355,999.974011,999.971532,999.971704,999.971009,999.970232,999.969711,999.970176,999.971998,999.974533,999.978175,999.982054,999.986026,999.990037,999.993497,999.996155,999.998487,1000.000672,1000.002451,1000.003795,1000.004815,1000.005617,1000.006241,1000.006711,1000.007070,1000.007341,1000.007536,1000.007675,1000.007756,1000.007797,1000.007805,1000.007785,1000.007736,1000.007664,1000.007578,1000.007474,1000.007359,1000.007230,1000.007099,1000.006963,1000.006815,1000.006669,1000.006528,1000.006378,1000.006239,1000.006100,1000.005969,1000.005836,1000.005719,1000.005608,1000.005504,1000.005397,1000.005310,1000.005229,1000.005157,1000.005096,1000.005039,1000.004996,1000.004952,1000.004926,1000.004898,1000.004893,1000.004880,1000.004871,1000.004874,1000.004852,1000.004749,1000.005479,0.000000,0.000000,0.000000,0.000000,0.000000,0.000000
0.000000,0.000000,0.000000,0.000000,0.000000,999.987501,999.986660,999.986306,999.985823,999.985777,999.985589,999.985435,999.985270,999.985098,999.984920,999.984721,999.984489,999.984230,999.983930,999.983577,999.983199,999.982721,999.982213,999.981555,999.980903,999.979990,999.979179,999.977824,999.976465,999.975639,999.972849,999.971704,999.971253,999.967852,999.965489,999.964824,999.965006,999.966943,999.970185,999.974347,999.979662,999.985135,999.990035,999.994655,999.998363,1000.000928,1000.002873,1000.004418,1000.005621,1000.006517,1000.007179,1000.007672,1000.008027,1000.008272,1000.008443,1000.008543,1000.008593,1000.008599,1000.008570,1000.008511,1000.008426,1000.008323,1000.008198,1000.008063,1000.007912,1000.007751,1000.007580,1000.007406,1000.007229,1000.007055,1000.006863,1000.006696,1000.006518,1000.006346,1000.006177,1000.006025,1000.005875,1000.005724,1000.005591,1000.005466,1000.005356,1000.005244,1000.005155,1000.005058,1000.004984,1000.004923,1000.004863,1000.004811,1000.004780,1000.004748,1000.004721,1000.004707,1000.004690,1000.004678,1000.004717,1000.004613,1000.004542,1000.004249,0.000000,0.000000,0.000000,0.000000,0.000000
0.000000,0.000000,0.000000,0.000000,0.000000,999.985756,999.987300,999.986757,999.986553,999.986354,999.986151,999.985994,999.985827,999.985657,999.985462,999.985239,999.985007,999.984734,999.984424,999.984057,999.983659,999.983161,999.982621,999.981940,999.981230,999.980259,999.979304,999.977911,999.976634,999.975161,999.972151,999.971009,999.967852,999.963120,999.961156,999.959353,999.959638,999.962114,999.966212,999.972839,999.979713,999.985923,999.991558,999.996196,1000.000209,1000.003274,1000.005338,1000.006747,1000.007747,1000.008447,1000.008923,1000.009232,1000.009440,1000.009553,1000.009604,1000.009599,1000.009551,1000.009476,1000.009375,1000.009244,1000.009094,1000.008927,1000.008750,1000.008555,1000.008354,1000.008151,1000.007934,1000.007719,1000.007498,1000.007285,1000.007064,1000.006851,1000.006651,1000.006448,1000.006248,1000.006066,1000.005896,1000.005728,1000.005570,1000.005429,1000.005294,1000.005173,1000.005060,1000.004967,1000.004871,1000.004795,1000.004731,1000.004666,1000.004630,1000.004580,1000.004552,1000.004532,1000.004509,1000.004488,1000.004462,1000.004448,1000.004312,1000.004982,0.000000,0.000000,0.000000,0.000000,0.000000
0.000000,0.000000,0.000000,0.000000,999.988308,999.987973,999.987628,999.987139,999.987083,999.986893,999.986734,999.986568,999.986395,999.986213,999.986008,999.985803,999.985554,999.985278,999.984957,999.984597,999.984176,999.983675,999.983117,999.982421,999.981674,999.980672,999.979668,999.978215,999.976788,999.974734,999.971920,999.970232,999.965489,999.961156,999.957429,999.952716,999.951215,999.952745,999.959262,999.968615,999.978400,999.988105,999.995642,1000.000578,1000.004101,1000.006635,1000.008367,1000.009474,1000.010156,1000.010570,1000.010807,1000.010912,1000.010935,1000.010896,1000.010811,1000.010693,1000.010548,1000.010377,1000.010194,1000.009989,1000.009774,1000.009546,1000.009309,1000.009062,1000.008806,1000.008550,1000.008292,1000.008029,1000.007768,1000.007514,1000.007257,1000.007009,1000.006767,1000.006544,1000.006317,1000.006104,1000.005901,1000.005716,1000.005540,1000.005373,1000.005225,1000.005082,1000.004959,1000.004841,1000.004750,1000.004654,1000.004579,1000.004513,1000.004458,1000.004409,1000.004368,1000.004354,1000.004322,1000.004313,1000.004297,1000.004327,1000.004180,1000.004154,1000.004096,0.000000,0.000000,0.000000,0.000000
0.000000,0.000000,0.000000,0.000000,999.986346,999.987786,999.987787,999.987790,999.987632,999.987449,999.987301,999.987137,999.986968,999.986783,999.986597,999.986382,999.986132,999.985854,999.985547,999.985184,999.984759,999.984274,999.983710,999.983028,999.982270,999.981259,999.980247,999.978704,999.977270,999.974943,999.972601,999.969711,999.964824,999.959353,999.952716,999.942501,999.935763,999.940011,999.949521,999.961627,999.976662,999.989545,999.998580,1000.005358,1000.009015,1000.010957,1000.012042,1000.012597,1000.012837,1000.012873,1000.012812,1000.012675,1000.012493,1000.012282,1000.012055,1000.011813,1000.011562,1000.011300,1000.011026,1000.010750,1000.010465,1000.010173,1000.009871,1000.009573,1000.009263,1000.008953,1000.008641,1000.008340,1000.008031,1000.007735,1000.007446,1000.007161,1000.006877,1000.006619,1000.006371,1000.006128,1000.005903,1000.005691,1000.005497,1000.005313,1000.005144,1000.004991,1000.004851,1000.004724,1000.004609,1000.004508,1000.004423,1000.004350,1000.004288,1000.004225,1000.004193,1000.004158,1000.004121,1000.004116,1000.004099,1000.004110,1000.004142,1000.004238,1000.004894,0.000000,0.000000,0.000000,0.000000
