0.000000,0.000000,0.000000,0.000000,0.000000,0.000000,0.000000,0.000000,0.000000,0.000000,0.000000,0.000000,0.000000,0.000000,0.000000,0.000000,0.000000,0.000000,0.000000,0.000000,0.000000,0.000000,0.000000,0.000000,0.000000,0.000000,0.000000,0.000000,0.000000,0.000000,0.000000,0.000000,0.000000,0.000000,0.000000,0.000000,0.000000,0.000000,0.000000,0.000000,0.000000,0.000000,0.000000,0.000000,0.000000,0.000000,0.000000,0.000000,0.000000,0.000000,0.000000,0.000000,0.000000,0.000000,0.000000,0.000000,0.000000,0.000000,0.000000,0.000000,0.000000,0.000000,0.000000,0.000000,0.000000,0.000000,0.000000,0.000000,0.000000,0.000000,0.000000,0.000000,0.000000,0.000000,0.000000,0.000000,0.000000,0.000000,0.000000,0.000000,0.000000,0.000000,0.000000,0.000000,0.000000,0.000000,0.000000,0.000000,0.000000,0.000000,0.000000,0.000000,0.000000,0.000000,0.000000,0.000000,0.000000,0.000000,0.000000,0.000000,0.000000,0.000000,0.000000
0.000000,0.000000,0.000000,0.000000,0.000000,0.000000,0.000000,0.000000,0.000000,0.000000,0.000000,0.000000,0.000000,0.000000,0.000000,0.000000,0.000000,0.000000,0.000000,0.000000,0.000000,0.000000,0.000000,0.000000,0.000000,0.000000,0.000000,0.000000,0.000000,0.000000,0.000000,0.000000,0.000000,0.000000,0.000000,0.000000,0.000000,0.000000,0.000000,0.000000,0.000000,0.000000,0.000000,0.000000,0.000000,0.000000,0.000000,0.000000,0.000000,0.000000,0.000000,999.997240,0.000000,0.000000,0.000000,0.000000,0.000000,0.000000,0.000000,0.000000,0.000000,0.000000,0.000000,0.000000,0.000000,0.000000,0.000000,0.000000,0.000000,0.000000,0.000000,0.000000,0.000000,0.000000,0.000000,0.000000,0.000000,0.000000,0.000000,0.000000,0.000000,0.000000,0.000000,0.000000,0.000000,0.000000,0.000000,0.000000,0.000000,0.000000,0.000000,0.000000,0.000000,0.000000,0.000000,0.000000,0.000000,0.000000,0.000000,0.000000,0.000000,0.000000,0.000000
0.000000,0.000000,0.000000,0.000000,0.000000,0.000000,0.000000,0.000000,0.000000,0.000000,0.000000,0.000000,0.000000,0.000000,0.000000,0.000000,0.000000,0.000000,0.000000,0.000000,0.000000,0.000000,0.000000,0.000000,0.000000,0.000000,0.000000,0.000000,0.000000,0.000000,0.000000,0.000000,0.000000,0.000000,0.000000,0.000000,0.000000,0.000000,0.000000,0.000000,0.000000,0.000000,999.994797,999.991771,999.991779,999.992460,999.993168,999.993918,999.994766,999.996000,999.997014,999.997193,999.997359,999.998317,999.999423,1000.000088,1000.000634,1000.001122,1000.001556,1000.001498,999.999260,0.000000,0.000000,0.000000,0.000000,0.000000,0.000000,0.000000,0.000000,0.000000,0.000000,0.000000,0.000000,0.000000,0.000000,0.000000,0.000000,0.000000,0.000000,0.000000,0.000000,0.000000,0.000000,0.000000,0.000000,0.000000,0.000000,0.000000,0.000000,0.000000,0.000000,0.000000,0.000000,0.000000,0.000000,0.000000,0.000000,0.000000,0.000000,0.000000,0.000000,0.000000,0.000000
0.000000,0.000000,0.000000,0.000000,0.000000,0.000000,0.000000,0.000000,0.000000,0.000000,0.000000,0.000000,0.000000,0.000000,0.000000,0.000000,0.000000,0.000000,0.000000,0.000000,0.000000,0.000000,0.000000,0.000000,0.000000,0.000000,0.000000,0.000000,0.000000,0.000000,0.000000,0.000000,0.000000,0.000000,0.000000,0.000000,0.000000,999.990154,999.987248,999.987097,999.988489,999.990753,999.993861,999.993117,999.992618,999.992836,999.993420,999.994145,999.994878,999.995668,999.996825,999.997079,999.997329,999.998417,999.999086,999.999686,1000.000237,1000.000653,1000.000778,1000.000410,999.999876,1000.002005,1000.003441,1000.004227,1000.003967,1000.002158,0.000000,0.000000,0.000000,0.000000,0.000000,0.000000,0.000000,0.000000,0.000000,0.000000,0.000000,0.000000,0.000000,0.000000,0.000000,0.000000,0.000000,0.000000,0.000000,0.000000,0.000000,0.000000,0.000000,0.000000,0.000000,0.000000,0.000000,0.000000,0.000000,0.000000,0.000000,0.000000,0.000000,0.000000,0.000000,0.000000,0.000000
0.000000,0.000000,0.000000,0.000000,0.000000,0.000000,0.000000,0.000000,0.000000,0.000000,0.000000,0.000000,0.000000,0.000000,0.000000,0.000000,0.000000,0.000000,0.000000,0.000000,0.000000,0.000000,0.000000,0.000000,0.000000,0.000000,0.000000,0.000000,0.000000,0.000000,0.000000,0.000000,0.000000,0.000000,999.987433,999.985338,999.986515,999.989428,999.988919,999.988626,999.989127,999.991017,999.992113,999.992391,999.992701,999.993093,999.993608,999.994239,999.994960,999.995632,999.996351,999.996978,999.997582,999.998236,999.998817,999.999430,999.999926,1000.000307,1000.000575,1000.000761,1000.000938,1000.001650,1000.002864,1000.003135,1000.002920,1000.002531,1000.004154,1000.004779,1000.003632,0.000000,0.000000,0.000000,0.000000,0.000000,0.000000,0.000000,0.000000,0.000000,0.000000,0.000000,0.000000,0.000000,0.000000,0.000000,0.000000,0.000000,0.000000,0.000000,0.000000,0.000000,0.000000,0.000000,0.000000,0.000000,0.000000,0.000000,0.000000,0.000000,0.000000,0.000000,0.000000,0.000000,0.000000
0.000000,0.000000,0.000000,0.000000,0.000000,0.000000,0.000000,0.000000,0.000000,0.000000,0.000000,0.000000,0.000000,0.000000,0.000000,0.000000,0.000000,0.000000,0.000000,0.000000,0.000000,0.000000,0.000000,0.000000,0.000000,0.000000,0.000000,0.000000,0.000000,0.000000,0.000000,0.000000,999.986584,999.984712,999.987087,999.986877,999.987691,999.988324,999.988592,999.989121,999.989756,999.990700,999.991350,999.992153,999.992670,999.993136,999.993663,999.994278,999.994941,999.995619,999.996228,999.996887,999.997524,999.998090,999.998680,999.999231,999.999720,1000.000124,1000.000459,1000.000796,1000.001321,1000.001732,1000.002330,1000.002684,1000.002986,1000.003111,1000.003411,1000.003811,1000.003689,1000.004894,1000.003788,0.000000,0.000000,0.000000,0.000000,0.000000,0.000000,0.000000,0.000000,0.000000,0.000000,0.000000,0.000000,0.000000,0.000000,0.000000,0.000000,0.000000,0.000000,0.000000,0.000000,0.000000,0.000000,0.000000,0.000000,0.000000,0.000000,0.000000,0.000000,0.000000,0.000000,0.000000,0.000000
0.000000,0.000000,0.000000,0.000000,0.000000,0.000000,0.000000,0.000000,0.000000,0.000000,0.000000,0.000000,0.000000,0.000000,0.000000,0.000000,0.000000,0.000000,0.000000,0.000000,0.000000,0.000000,0.000000,0.000000,0.000000,0.000000,0.000000,0.000000,0.000000,0.000000,999.984629,999.982852,999.985686,999.986371,999.986716,999.986888,999.987500,999.987942,999.988638,999.989219,999.989844,999.990531,999.991225,999.991931,999.992503,999.993084,999.993671,999.994289,999.994920,999.995568,999.996187,999.996821,999.997433,999.998006,999.998582,999.999108,999.999598,1000.000040,1000.000453,1000.000849,1000.001303,1000.001731,1000.002150,1000.002507,1000.002816,1000.003194,1000.003422,1000.003702,1000.003740,1000.003917,1000.004232,1000.005594,1000.004722,0.000000,0.000000,0.000000,0.000000,0.000000,0.000000,0.000000,0.000000,0.000000,0.000000,0.000000,0.000000,0.000000,0.000000,0.000000,0.000000,0.000000,0.000000,0.000000,0.000000,0.000000,0.000000,0.000000,0.000000,0.000000,0.000000,0.000000,0.000000,0.000000,0.000000
0.000000,0.000000,0.000000,0.000000,0.000000,0.000000,0.000000,0.000000,0.000000,0.000000,0.000000,0.000000,0.000000,0.000000,0.000000,0.000000,0.000000,0.000000,0.000000,0.000000,0.000000,0.000000,0.000000,0.000000,0.000000,0.000000,0.000000,0.000000,999.982778,999.981118,999.983916,999.984838,999.985309,999.985787,999.986193,999.986886,999.987419,999.987936,999.988555,999.989137,999.989794,999.990439,999.991132,999.991772,999.992408,999.993028,999.993649,999.994262,999.994887,999.995517,999.996146,999.996759,999.997356,999.997935,999.998498,999.999022,999.999510,999.999969,1000.000415,1000.000854,1000.001273,1000.001693,1000.002088,1000.002475,1000.002788,1000.003108,1000.003375,1000.003636,1000.003944,1000.004113,1000.004349,1000.004537,1000.004943,1000.006231,1000.005360,0.000000,0.000000,0.000000,0.000000,0.000000,0.000000,0.000000,0.000000,0.000000,0.000000,0.000000,0.000000,0.000000,0.000000,0.000000,0.000000,0.000000,0.000000,0.000000,0.000000,0.000000,0.000000,0.000000,0.000000,0.000000,0.000000,0.000000,0.000000
0.000000,0.000000,0.000000,0.000000,0.000000,0.000000,0.000000,0.000000,0.000000,0.000000,0.000000,0.000000,0.000000,0.000000,0.000000,0.000000,0.000000,0.000000,0.000000,0.000000,0.000000,0.000000,0.000000,0.000000,0.000000,0.000000,999.981007,999.979735,999.982222,999.983129,999.983694,999.984308,999.984793,999.985577,999.986135,999.986713,999.987243,999.987847,999.988441,999.989069,999.989715,999.990362,999.991018,999.991671,999.992326,999.992961,999.993597,999.994224,999.994858,999.995490,999.996120,999.996727,999.997324,999.997905,999.998459,999.998978,999.999479,999.999956,1000.000410,1000.000838,1000.001261,1000.001668,1000.002044,1000.002414,1000.002762,1000.003066,1000.003366,1000.003624,1000.003903,1000.004149,1000.004510,1000.004700,1000.004960,1000.005196,1000.005582,1000.006645,1000.006028,0.000000,0.000000,0.000000,0.000000,0.000000,0.000000,0.000000,0.000000,0.000000,0.000000,0.000000,0.000000,0.000000,0.000000,0.000000,0.000000,0.000000,0.000000,0.000000,0.000000,0.000000,0.000000,0.000000,0.000000,0.000000,0.000000
0.000000,0.000000,0.000000,0.000000,0.000000,0.000000,0.000000,0.000000,0.000000,0.000000,0.000000,0.000000,0.000000,0.000000,0.000000,0.000000,0.000000,0.000000,0.000000,0.000000,0.000000,0.000000,0.000000,0.000000,999.979956,999.978910,999.980798,999.981609,999.982128,999.982797,999.983316,999.984112,999.984741,999.985358,999.985933,999.986518,999.987123,999.987723,999.988339,999.988966,999.989614,999.990265,999.990925,999.991584,999.992248,999.992893,999.993546,999.994190,999.994834,999.995460,999.996090,999.996694,999.997296,999.997864,999.998414,999.998945,999.999460,999.999944,1000.000401,1000.000843,1000.001273,1000.001682,1000.002061,1000.002419,1000.002758,1000.003075,1000.003366,1000.003655,1000.003932,1000.004191,1000.004453,1000.004732,1000.005071,1000.005281,1000.005553,1000.005750,1000.006053,1000.006850,1000.006335,0.000000,0.000000,0.000000,0.000000,0.000000,0.000000,0.000000,0.000000,0.000000,0.000000,0.000000,0.000000,0.000000,0.000000,0.000000,0.000000,0.000000,0.000000,0.000000,0.000000,0.000000,0.000000,0.000000,0.000000
0.000000,0.000000,0.000000,0.000000,0.000000,0.000000,0.000000,0.000000,0.000000,0.000000,0.000000,0.000000,0.000000,0.000000,0.000000,0.000000,0.000000,0.000000,0.000000,0.000000,0.000000,0.000000,0.000000,999.980272,999.979920,999.980352,999.980893,999.981480,999.981938,999.982700,999.983313,999.983935,999.984551,999.985144,999.985754,999.986362,999.986966,999.987576,999.988204,999.988847,999.989497,999.990162,999.990836,999.991501,999.992169,999.992839,999.993508,999.994162,999.994814,999.995451,999.996082,999.996698,999.997300,999.997875,999.998433,999.998970,999.999479,999.999956,1000.000418,1000.000859,1000.001279,1000.001673,1000.002060,1000.002423,1000.002767,1000.003084,1000.003390,1000.003680,1000.003952,1000.004226,1000.004482,1000.004757,1000.005015,1000.005258,1000.005575,1000.005748,1000.005976,1000.006158,1000.006310,1000.006096,0.000000,0.000000,0.000000,0.000000,0.000000,0.000000,0.000000,0.000000,0.000000,0.000000,0.000000,0.000000,0.000000,0.000000,0.000000,0.000000,0.000000,0.000000,0.000000,0.000000,0.000000,0.000000,0.000000
0.000000,0.000000,0.000000,0.000000,0.000000,0.000000,0.000000,0.000000,0.000000,0.000000,0.000000,0.000000,0.000000,0.000000,0.000000,0.000000,0.000000,0.000000,0.000000,0.000000,0.000000,999.978265,999.977644,999.979733,999.980216,999.980587,999.980849,999.981445,999.982013,999.982594,999.983176,999.983772,999.984379,999.984964,999.985578,999.986182,999.986797,999.987421,999.988066,999.988719,999.989386,999.990053,999.990739,999.991413,999.992103,999.992785,999.993459,999.994128,999.994790,999.995442,999.996081,999.996700,999.997298,999.997887,999.998452,999.998983,999.999495,999.999997,1000.000471,1000.000921,1000.001334,1000.001736,1000.002117,1000.002468,1000.002801,1000.003122,1000.003425,1000.003712,1000.003986,1000.004255,1000.004515,1000.004771,1000.005014,1000.005253,1000.005489,1000.005710,1000.005939,1000.006012,1000.006134,1000.006308,1000.007196,1000.006867,0.000000,0.000000,0.000000,0.000000,0.000000,0.000000,0.000000,0.000000,0.000000,0.000000,0.000000,0.000000,0.000000,0.000000,0.000000,0.000000,0.000000,0.000000,0.000000,0.000000,0.000000
0.000000,0.000000,0.000000,0.000000,0.000000,0.000000,0.000000,0.000000,0.000000,0.000000,0.000000,0.000000,0.000000,0.000000,0.000000,0.000000,0.000000,0.000000,0.000000,0.000000,999.978640,999.978568,999.979004,999.979581,999.980020,999.980503,999.980952,999.981440,999.981964,999.982484,999.983052,999.983623,999.984195,999.984786,999.985392,999.985993,999.986617,999.987255,999.987912,999.988571,999.989248,999.989934,999.990633,999.991333,999.992040,999.992732,999.993427,999.994114,999.994797,999.995458,999.996107,999.996741,999.997347,999.997942,999.998505,999.999046,999.999557,1000.000047,1000.000512,1000.000951,1000.001375,1000.001784,1000.002164,1000.002518,1000.002856,1000.003180,1000.003478,1000.003761,1000.004031,1000.004299,1000.004544,1000.004787,1000.005021,1000.005258,1000.005465,1000.005662,1000.005857,1000.006017,1000.006197,1000.006353,1000.006568,1000.006718,1000.006622,0.000000,0.000000,0.000000,0.000000,0.000000,0.000000,0.000000,0.000000,0.000000,0.000000,0.000000,0.000000,0.000000,0.000000,0.000000,0.000000,0.000000,0.000000,0.000000,0.000000
0.000000,0.000000,0.000000,0.000000,0.000000,0.000000,0.000000,0.000000,0.000000,0.000000,0.000000,0.000000,0.000000,0.000000,0.000000,0.000000,0.000000,0.000000,0.000000,999.978296,999.978631,999.978856,999.979282,999.979534,999.980032,999.980482,999.980938,999.981379,999.981876,999.982374,999.982913,999.983449,999.984014,999.984599,999.985189,999.985793,999.986425,999.987079,999.987736,999.988413,999.989109,999.989817,999.990529,999.991252,999.991966,999.992686,999.993396,999.994105,999.994795,999.995471,999.996129,999.996775,999.997398,999.997990,999.998566,999.999125,999.999650,1000.000149,1000.000619,1000.001070,1000.001483,1000.001877,1000.002240,1000.002596,1000.002930,1000.003243,1000.003530,1000.003817,1000.004082,1000.004341,1000.004581,1000.004814,1000.005040,1000.005253,1000.005451,1000.005639,1000.005817,1000.005989,1000.006153,1000.006339,1000.006419,1000.006567,1000.006623,1000.006726,0.000000,0.000000,0.000000,0.000000,0.000000,0.000000,0.000000,0.000000,0.000000,0.000000,0.000000,0.000000,0.000000,0.000000,0.000000,0.000000,0.000000,0.000000,0.000000
0.000000,0.000000,0.000000,0.000000,0.000000,0.000000,0.000000,0.000000,0.000000,0.000000,0.000000,0.000000,0.000000,0.000000,0.000000,0.000000,0.000000,0.000000,999.977949,999.978350,999.978703,999.979017,999.979353,999.979670,999.980081,999.980476,999.980897,999.981321,999.981780,999.982250,999.982752,999.983272,999.983817,999.984382,999.984963,999.985582,999.986221,999.986872,999.987542,999.988242,999.988959,999.989682,999.990418,999.991158,999.991903,999.992650,999.993389,999.994113,999.994823,999.995529,999.996202,999.996861,999.997491,999.998095,999.998664,999.999217,999.999730,1000.000230,1000.000697,1000.001153,1000.001578,1000.001970,1000.002348,1000.002703,1000.003027,1000.003329,1000.003619,1000.003897,1000.004151,1000.004395,1000.004628,1000.004853,1000.005062,1000.005260,1000.005452,1000.005636,1000.005798,1000.005959,1000.006109,1000.006269,1000.006381,1000.006496,1000.006606,1000.006713,1000.006849,0.000000,0.000000,0.000000,0.000000,0.000000,0.000000,0.000000,0.000000,0.000000,0.000000,0.000000,0.000000,0.000000,0.000000,0.000000,0.000000,0.000000,0.000000
0.000000,0.000000,0.000000,0.000000,0.000000,0.000000,0.000000,0.000000,0.000000,0.000000,0.000000,0.000000,0.000000,0.000000,0.000000,0.000000,0.000000,999.977635,999.978127,999.978453,999.978771,999.979084,999.979391,999.979722,999.980070,999.980431,999.980809,999.981212,999.981641,999.982087,999.982567,999.983063,999.983596,999.984145,999.984731,999.985348,999.985982,999.986640,999.987336,999.988057,999.988787,999.989538,999.990298,999.991070,999.991840,999.992612,999.993373,999.994116,999.994851,999.995572,999.996261,999.996933,999.997577,999.998207,999.998797,999.999366,999.999900,1000.000404,1000.000864,1000.001295,1000.001709,1000.002101,1000.002465,1000.002807,1000.003125,1000.003430,1000.003720,1000.003982,1000.004230,1000.004463,1000.004692,1000.004898,1000.005097,1000.005282,1000.005467,1000.005633,1000.005791,1000.005942,1000.006081,1000.006213,1000.006340,1000.006448,1000.006569,1000.006683,1000.006807,1000.006963,0.000000,0.000000,0.000000,0.000000,0.000000,0.000000,0.000000,0.000000,0.000000,0.000000,0.000000,0.000000,0.000000,0.000000,0.000000,0.000000,0.000000
0.000000,0.000000,0.000000,0.000000,0.000000,0.000000,0.000000,0.000000,0.000000,0.000000,0.000000,0.000000,0.000000,0.000000,0.000000,0.000000,999.977643,999.977930,999.978263,999.978558,999.978883,999.979182,999.979468,999.979770,999.980078,999.980405,999.980745,999.981118,999.981507,999.981921,999.982365,999.982835,999.983347,999.983886,999.984463,999.985069,999.985711,999.986396,999.987112,999.987843,999.988598,999.989383,999.990178,999.990983,999.991783,999.992587,999.993375,999.994167,999.994927,999.995669,999.996383,999.997072,999.997724,999.998345,999.998933,999.999487,1000.000018,1000.000533,1000.001009,1000.001459,1000.001875,1000.002260,1000.002618,1000.002950,1000.003261,1000.003556,1000.003826,1000.004077,1000.004320,1000.004547,1000.004755,1000.004957,1000.005144,1000.005321,1000.005484,1000.005637,1000.005787,1000.005932,1000.006063,1000.006183,1000.006303,1000.006413,1000.006524,1000.006636,1000.006756,1000.006881,1000.007018,0.000000,0.000000,0.000000,0.000000,0.000000,0.000000,0.000000,0.000000,0.000000,0.000000,0.000000,0.000000,0.000000,0.000000,0.000000,0.000000
0.000000,0.000000,0.000000,0.000000,0.000000,0.000000,0.000000,0.000000,0.000000,0.000000,0.000000,0.000000,0.000000,0.000000,0.000000,999.977635,999.977930,999.978257,999.978521,999.978771,999.979043,999.979259,999.979502,999.979758,999.980031,999.980313,999.980622,999.980958,999.981308,999.981693,999.982110,999.982562,999.983058,999.983586,999.984158,999.984770,999.985423,999.986124,999.986846,999.987603,999.988399,999.989217,999.990041,999.990878,999.991722,999.992559,999.993382,999.994200,999.994988,999.995752,999.996490,999.997213,999.997883,999.998541,999.999155,999.999732,1000.000255,1000.000742,1000.001210,1000.001637,1000.002048,1000.002423,1000.002778,1000.003110,1000.003416,1000.003697,1000.003957,1000.004200,1000.004433,1000.004643,1000.004835,1000.005017,1000.005199,1000.005362,1000.005515,1000.005657,1000.005794,1000.005925,1000.006042,1000.006159,1000.006274,1000.006379,1000.006485,1000.006587,1000.006695,1000.006807,1000.006916,1000.007042,0.000000,0.000000,0.000000,0.000000,0.000000,0.000000,0.000000,0.000000,0.000000,0.000000,0.000000,0.000000,0.000000,0.000000,0.000000
0.000000,0.000000,0.000000,0.000000,0.000000,0.000000,0.000000,0.000000,0.000000,0.000000,0.000000,0.000000,0.000000,0.000000,999.977949,999.978127,999.978263,999.978521,999.978674,999.978856,999.979089,999.979283,999.979540,999.979778,999.980011,999.980254,999.980527,999.980807,999.981122,999.981470,999.981850,999.982274,999.982736,999.983247,999.983805,999.984424,999.985082,999.985791,999.986537,999.987341,999.988175,999.989027,999.989897,999.990787,999.991679,999.992563,999.993434,999.994287,999.995114,999.995910,999.996670,999.997395,999.998070,999.998708,999.999317,999.999905,1000.000456,1000.000967,1000.001439,1000.001874,1000.002267,1000.002642,1000.002980,1000.003296,1000.003585,1000.003854,1000.004108,1000.004337,1000.004546,1000.004747,1000.004936,1000.005106,1000.005263,1000.005409,1000.005554,1000.005693,1000.005810,1000.005923,1000.006040,1000.006140,1000.006242,1000.006339,1000.006441,1000.006536,1000.006633,1000.006730,1000.006823,1000.006918,1000.007008,0.000000,0.000000,0.000000,0.000000,0.000000,0.000000,0.000000,0.000000,0.000000,0.000000,0.000000,0.000000,0.000000,0.000000
0.000000,0.000000,0.000000,0.000000,0.000000,0.000000,0.000000,0.000000,0.000000,0.000000,0.000000,0.000000,0.000000,999.978296,999.978350,999.978453,999.978558,999.978771,999.978856,999.979092,999.979321,999.979442,999.979639,999.979761,999.979920,999.980124,999.980341,999.980584,999.980855,999.981164,999.981511,999.981905,999.982352,999.982848,999.983412,999.984023,999.984704,999.985432,999.986216,999.987054,999.987916,999.988814,999.989740,999.990681,999.991617,999.992544,999.993464,999.994353,999.995220,999.996060,999.996856,999.997620,999.998354,999.999030,999.999636,1000.000199,1000.000728,1000.001216,1000.001683,1000.002104,1000.002505,1000.002862,1000.003200,1000.003497,1000.003780,1000.004033,1000.004272,1000.004487,1000.004685,1000.004864,1000.005042,1000.005197,1000.005344,1000.005473,1000.005598,1000.005715,1000.005832,1000.005929,1000.006033,1000.006129,1000.006220,1000.006303,1000.006393,1000.006480,1000.006568,1000.006653,1000.006739,1000.006817,1000.006886,1000.006945,0.000000,0.000000,0.000000,0.000000,0.000000,0.000000,0.000000,0.000000,0.000000,0.000000,0.000000,0.000000,0.000000
0.000000,0.000000,0.000000,0.000000,0.000000,0.000000,0.000000,0.000000,0.000000,0.000000,0.000000,0.000000,999.978640,999.978631,999.978703,999.978771,999.978883,999.979043,999.979089,999.979321,999.979347,999.979377,999.979558,999.979659,999.979856,999.980045,999.980206,999.980389,999.980614,999.980873,999.981172,999.981532,999.981936,999.982413,999.982952,999.983566,999.984246,999.984999,999.985825,999.986703,999.987625,999.988589,999.989590,999.990589,999.991592,999.992587,999.993571,999.994513,999.995415,999.996288,999.997089,999.997835,999.998555,999.999243,999.999897,1000.000497,1000.001051,1000.001538,1000.001991,1000.002403,1000.002784,1000.003126,1000.003444,1000.003734,1000.004001,1000.004237,1000.004455,1000.004654,1000.004841,1000.005006,1000.005153,1000.005292,1000.005427,1000.005550,1000.005659,1000.005758,1000.005858,1000.005952,1000.006031,1000.006116,1000.006195,1000.006274,1000.006349,1000.006428,1000.006504,1000.006572,1000.006652,1000.006724,1000.006786,1000.006840,1000.006892,0.000000,0.000000,0.000000,0.000000,0.000000,0.000000,0.000000,0.000000,0.000000,0.000000,0.000000,0.000000
0.000000,0.000000,0.000000,0.000000,0.000000,0.000000,0.000000,0.000000,0.000000,0.000000,0.000000,999.978265,999.978568,999.978856,999.979017,999.979084,999.979182,999.979259,999.979283,999.979442,999.979377,999.979550,999.979775,999.979757,999.979868,999.979885,999.979930,999.980089,999.980260,999.980465,999.980719,999.981035,999.981411,999.981873,999.982411,999.983032,999.983739,999.984531,999.985389,999.986316,999.987298,999.988333,999.989393,999.990461,999.991536,999.992599,999.993636,999.994641,999.995596,999.996526,999.997424,999.998242,999.998979,999.999638,1000.000256,1000.000825,1000.001367,1000.001856,1000.002309,1000.002715,1000.003086,1000.003416,1000.003719,1000.003988,1000.004239,1000.004459,1000.004660,1000.004839,1000.005005,1000.005156,1000.005289,1000.005408,1000.005518,1000.005626,1000.005717,1000.005804,1000.005886,1000.005966,1000.006035,1000.006105,1000.006175,1000.006239,1000.006306,1000.006367,1000.006436,1000.006500,1000.006564,1000.006630,1000.006695,1000.006776,1000.006881,1000.006975,0.000000,0.000000,0.000000,0.000000,0.000000,0.000000,0.000000,0.000000,0.000000,0.000000,0.000000
0.000000,0.000000,0.000000,0.000000,0.000000,0.000000,0.000000,0.000000,0.000000,0.000000,0.000000,999.977644,999.979004,999.979282,999.979353,999.979391,999.979468,999.979502,999.979540,999.979639,999.979558,999.979775,999.979659,999.979455,999.979605,999.979600,999.979744,999.979892,999.979960,999.980091,999.980288,999.980548,999.980879,999.981302,999.981809,999.982420,999.983130,999.983944,999.984860,999.985859,999.986942,999.988062,999.989219,999.990385,999.991570,999.992703,999.993817,999.994893,999.995887,999.996790,999.997661,999.998497,999.999289,1000.000024,1000.000683,1000.001259,1000.001781,1000.002254,1000.002692,1000.003074,1000.003425,1000.003742,1000.004025,1000.004276,1000.004496,1000.004700,1000.004883,1000.005044,1000.005180,1000.005313,1000.005430,1000.005538,1000.005623,1000.005711,1000.005792,1000.005863,1000.005919,1000.005988,1000.006044,1000.006100,1000.006153,1000.006209,1000.006264,1000.006314,1000.006364,1000.006426,1000.006483,1000.006539,1000.006599,1000.006652,1000.006766,1000.007141,0.000000,0.000000,0.000000,0.000000,0.000000,0.000000,0.000000,0.000000,0.000000,0.000000,0.000000
0.000000,0.000000,0.000000,0.000000,0.000000,0.000000,0.000000,0.000000,0.000000,0.000000,999.980272,999.979733,999.979581,999.979534,999.979670,999.979722,999.979770,999.979758,999.979778,999.979761,999.979659,999.979757,999.979455,999.979569,999.979839,999.979646,999.979637,999.979523,999.979438,999.979545,999.979688,999.979879,999.980165,999.980555,999.981048,999.981672,999.982436,999.983301,999.984277,999.985352,999.986501,999.987715,999.988974,999.990247,999.991523,999.992756,999.993939,999.995114,999.996249,999.997280,999.998207,999.999018,999.999761,1000.000444,1000.001099,1000.001680,1000.002211,1000.002675,1000.003097,1000.003466,1000.003797,1000.004091,1000.004352,1000.004583,1000.004788,1000.004962,1000.005122,1000.005263,1000.005384,1000.005489,1000.005580,1000.005664,1000.005741,1000.005799,1000.005860,1000.005921,1000.005962,1000.006008,1000.006055,1000.006097,1000.006133,1000.006175,1000.006219,1000.006262,1000.006305,1000.006346,1000.006393,1000.006446,1000.006510,1000.006580,1000.006610,1000.006632,1000.006543,0.000000,0.000000,0.000000,0.000000,0.000000,0.000000,0.000000,0.000000,0.000000,0.000000
0.000000,0.000000,0.000000,0.000000,0.000000,0.000000,0.000000,0.000000,0.000000,999.979956,999.979920,999.980216,999.980020,999.980032,999.980081,999.980070,999.980078,999.980031,999.980011,999.979920,999.979856,999.979868,999.979605,999.979839,999.979563,999.978992,999.979078,999.978982,999.979046,999.979171,999.979168,999.979256,999.979475,999.979800,999.980261,999.980873,999.981593,999.982491,999.983553,999.984736,999.986041,999.987399,999.988814,999.990212,999.991615,999.992997,999.994260,999.995408,999.996507,999.997559,999.998566,999.999503,1000.000326,1000.001025,1000.001652,1000.002209,1000.002719,1000.003162,1000.003556,1000.003906,1000.004216,1000.004479,1000.004714,1000.004917,1000.005101,1000.005252,1000.005378,1000.005493,1000.005592,1000.005679,1000.005746,1000.005805,1000.005862,1000.005910,1000.005940,1000.005979,1000.006011,1000.006036,1000.006060,1000.006088,1000.006114,1000.006140,1000.006166,1000.006204,1000.006232,1000.006267,1000.006303,1000.006350,1000.006391,1000.006448,1000.006498,1000.006503,1000.006631,1000.006659,0.000000,0.000000,0.000000,0.000000,0.000000,0.000000,0.000000,0.000000,0.000000
0.000000,0.000000,0.000000,0.000000,0.000000,0.000000,0.000000,0.000000,0.000000,999.978910,999.980352,999.980587,999.980503,999.980482,999.980476,999.980431,999.980405,999.980313,999.980254,999.980124,999.980045,999.979885,999.979600,999.979646,999.978992,999.978964,999.979384,999.978990,999.978798,999.978537,999.978274,999.978338,999.978498,999.978760,999.979171,999.979768,999.980601,999.981598,999.982741,999.984036,999.985435,999.986934,999.988512,999.990061,999.991575,999.993121,999.994614,999.995979,999.997202,999.998263,999.999181,1000.000040,1000.000854,1000.001581,1000.002217,1000.002774,1000.003263,1000.003692,1000.004057,1000.004382,1000.004658,1000.004904,1000.005105,1000.005281,1000.005426,1000.005559,1000.005660,1000.005747,1000.005813,1000.005873,1000.005922,1000.005955,1000.005981,1000.006009,1000.006024,1000.006038,1000.006052,1000.006067,1000.006075,1000.006086,1000.006096,1000.006113,1000.006121,1000.006138,1000.006164,1000.006187,1000.006215,1000.006245,1000.006283,1000.006331,1000.006372,1000.006390,1000.006506,1000.006968,0.000000,0.000000,0.000000,0.000000,0.000000,0.000000,0.000000,0.000000,0.000000
0.000000,0.000000,0.000000,0.000000,0.000000,0.000000,0.000000,0.000000,999.981007,999.980798,999.980893,999.980849,999.980952,999.980938,999.980897,999.980809,999.980745,999.980622,999.980527,999.980341,999.980206,999.979930,999.979744,999.979637,999.979078,999.979384,999.978967,999.977836,999.977744,999.977550,999.977509,999.977645,999.977623,999.977734,999.978109,999.978709,999.979437,999.980450,999.981728,999.983192,999.984866,999.986586,999.988379,999.990186,999.991844,999.993385,999.994849,999.996249,999.997586,999.998853,999.999931,1000.000819,1000.001601,1000.002286,1000.002899,1000.003422,1000.003880,1000.004275,1000.004616,1000.004903,1000.005144,1000.005354,1000.005530,1000.005670,1000.005781,1000.005878,1000.005953,1000.006012,1000.006052,1000.006082,1000.006104,1000.006121,1000.006119,1000.006123,1000.006117,1000.006110,1000.006097,1000.006090,1000.006084,1000.006077,1000.006070,1000.006070,1000.006075,1000.006075,1000.006080,1000.006100,1000.006117,1000.006138,1000.006156,1000.006199,1000.006248,1000.006322,1000.006367,1000.006449,1000.006462,0.000000,0.000000,0.000000,0.000000,0.000000,0.000000,0.000000,0.000000
0.000000,0.000000,0.000000,0.000000,0.000000,0.000000,0.000000,0.000000,999.979735,999.981609,999.981480,999.981445,999.981440,999.981379,999.981321,999.981212,999.981118,999.980958,999.980807,999.980584,999.980389,999.980089,999.979892,999.979523,999.978982,999.978990,999.977836,999.977423,999.978078,999.977542,999.977094,999.976664,999.976218,999.976296,999.976589,999.977053,999.977964,999.979139,999.980542,999.982196,999.984012,999.985936,999.987932,999.990051,999.992112,999.994011,999.995729,999.997194,999.998404,999.999532,1000.000612,1000.001558,1000.002362,1000.003048,1000.003634,1000.004137,1000.004552,1000.004914,1000.005215,1000.005470,1000.005672,1000.005838,1000.005973,1000.006087,1000.006164,1000.006224,1000.006260,1000.006292,1000.006300,1000.006301,1000.006288,1000.006277,1000.006257,1000.006228,1000.006205,1000.006177,1000.006149,1000.006117,1000.006092,1000.006072,1000.006050,1000.006031,1000.006018,1000.006011,1000.006006,1000.006005,1000.006011,1000.006033,1000.006048,1000.006072,1000.006104,1000.006151,1000.006200,1000.006222,1000.006829,0.000000,0.000000,0.000000,0.000000,0.000000,0.000000,0.000000,0.000000
0.000000,0.000000,0.000000,0.000000,0.000000,0.000000,0.000000,999.982778,999.982222,999.982128,999.981938,999.982013,999.981964,999.981876,999.981780,999.981641,999.981507,999.981308,999.981122,999.980855,999.980614,999.980260,999.979960,999.979438,999.979046,999.978798,999.977744,999.978078,999.977683,999.975786,999.975249,999.974876,999.974702,999.974871,999.975009,999.975504,999.976249,999.977422,999.979077,999.980984,999.983286,999.985688,999.987910,999.990084,999.992186,999.994173,999.996080,999.997904,999.999420,1000.000615,1000.001634,1000.002519,1000.003281,1000.003924,1000.004466,1000.004922,1000.005301,1000.005612,1000.005864,1000.006073,1000.006238,1000.006363,1000.006452,1000.006521,1000.006565,1000.006588,1000.006591,1000.006577,1000.006562,1000.006530,1000.006489,1000.006444,1000.006399,1000.006349,1000.006292,1000.006242,1000.006193,1000.006143,1000.006095,1000.006054,1000.006017,1000.005983,1000.005954,1000.005937,1000.005920,1000.005907,1000.005898,1000.005909,1000.005917,1000.005928,1000.005957,1000.005994,1000.006072,1000.006078,1000.006118,1000.005957,0.000000,0.000000,0.000000,0.000000,0.000000,0.000000,0.000000
0.000000,0.000000,0.000000,0.000000,0.000000,0.000000,0.000000,999.981118,999.983129,999.982797,999.982700,999.982594,999.982484,999.982374,999.982250,999.982087,999.981921,999.981693,999.981470,999.981164,999.980873,999.980465,999.980091,999.979545,999.979171,999.978537,999.977550,999.977542,999.975786,999.974499,999.975197,999.974655,999.973944,999.973446,999.972977,999.973138,999.974158,999.975537,999.977339,999.979613,999.982056,999.984917,999.987892,999.990686,999.993258,999.995436,999.997170,999.998769,1000.000305,1000.001620,1000.002691,1000.003565,1000.004296,1000.004896,1000.005383,1000.005785,1000.006108,1000.006369,1000.006564,1000.006718,1000.006832,1000.006916,1000.006958,1000.006981,1000.006978,1000.006964,1000.006933,1000.006886,1000.006821,1000.006766,1000.006693,1000.006617,1000.006537,1000.006462,1000.006388,1000.006308,1000.006235,1000.006173,1000.006102,1000.006039,1000.005988,1000.005942,1000.005890,1000.005851,1000.005829,1000.005806,1000.005788,1000.005779,1000.005782,1000.005783,1000.005805,1000.005817,1000.005833,1000.005860,1000.005831,1000.006559,0.000000,0.000000,0.000000,0.000000,0.000000,0.000000,0.000000
0.000000,0.000000,0.000000,0.000000,0.000000,0.000000,999.984629,999.983916,999.983694,999.983316,999.983313,999.983176,999.983052,999.982913,999.982752,999.982567,999.982365,999.982110,999.981850,999.981511,999.981172,999.980719,999.980288,999.979688,999.979168,999.978274,999.977509,999.977094,999.975249,999.975197,999.975063,999.972436,999.971058,999.970214,999.969883,999.970570,999.971211,999.972517,999.974870,999.977665,999.980816,999.984146,999.987365,999.990454,999.993429,999.996297,999.998624,1000.000352,1000.001771,1000.002973,1000.003975,1000.004790,1000.005443,1000.005977,1000.006395,1000.006725,1000.006978,1000.007173,1000.007316,1000.007412,1000.007464,1000.007491,1000.007489,1000.007468,1000.007416,1000.007355,1000.007277,1000.007200,1000.007100,1000.006998,1000.006899,1000.006790,1000.006682,1000.006577,1000.006472,1000.006372,1000.006270,1000.006178,1000.006100,1000.006009,1000.005941,1000.005881,1000.005823,1000.005767,1000.005725,1000.005692,1000.005666,1000.005644,1000.005633,1000.005636,1000.005633,1000.005643,1000.005658,1000.005706,1000.005640,1000.005657,1000.005523,0.000000,0.000000,0.000000,0.000000,0.000000,0.000000
0.000000,0.000000,0.000000,0.000000,0.000000,0.000000,999.982852,999.984838,999.984308,999.984112,999.983935,999.983772,999.983623,999.983449,999.983272,999.983063,999.982835,999.982562,999.982274,999.981905,999.981532,999.981035,999.980548,999.979879,999.979256,999.978338,999.977645,999.976664,999.974876,999.974655,999.972436,999.969571,999.969466,999.968800,999.968114,999.967581,999.967993,999.969880,999.972472,999.976201,999.980165,999.984221,999.988390,999.992013,999.994844,999.997384,999.999798,1000.001796,1000.003322,1000.004500,1000.005428,1000.006163,1000.006725,1000.007158,1000.007494,1000.007740,1000.007915,1000.008032,1000.008103,1000.008137,1000.008130,1000.008099,1000.008039,1000.007966,1000.007873,1000.007764,1000.007641,1000.007519,1000.007384,1000.007243,1000.007103,1000.006967,1000.006823,1000.006685,1000.006558,1000.006431,1000.006310,1000.006193,1000.006088,1000.005993,1000.005894,1000.005812,1000.005738,1000.005680,1000.005620,1000.005570,1000.005537,1000.005503,1000.005482,1000.005469,1000.005462,1000.005457,1000.005466,1000.005460,1000.005442,1000.005347,1000.006103,0.000000,0.000000,0.000000,0.000000,0.000000,0.000000
0.000000,0.000000,0.000000,0.000000,0.000000,999.986584,999.985686,999.985309,999.984793,999.984741,999.984551,999.984379,999.984195,999.984014,999.983817,999.983596,999.983347,999.983058,999.982736,999.982352,999.981936,999.981411,999.980879,999.980165,999.979475,999.978498,999.977623,999.976218,999.974702,999.973944,999.971058,999.969466,999.969102,999.966010,999.963549,999.962714,999.962842,999.964739,999.967962,999.972084,999.977447,999.983107,999.988225,999.993106,999.997088,999.999890,1000.002053,1000.003827,1000.005228,1000.006293,1000.007090,1000.007691,1000.008133,1000.008450,1000.008672,1000.008822,1000.008907,1000.008943,1000.008933,1000.008893,1000.008823,1000.008732,1000.008614,1000.008479,1000.008335,1000.008181,1000.008010,1000.007838,1000.007668,1000.007488,1000.007310,1000.007135,1000.006968,1000.006794,1000.006629,1000.006480,1000.006335,1000.006191,1000.006065,1000.005948,1000.005840,1000.005737,1000.005650,1000.005572,1000.005503,1000.005442,1000.005398,1000.005356,1000.005322,1000.005301,1000.005284,1000.005273,1000.005263,1000.005255,1000.005302,1000.005198,1000.005127,1000.004810,0.000000,0.000000,0.000000,0.000000,0.000000
0.000000,0.000000,0.000000,0.000000,0.000000,999.984712,999.986371,999.985787,999.985577,999.985358,999.985144,999.984964,999.984786,999.984599,999.984382,999.984145,999.983886,999.983586,999.983247,999.982848,999.982413,999.981873,999.981302,999.980555,999.979800,999.978760,999.977734,999.976296,999.974871,999.973446,999.970214,999.968800,999.966010,999.961221,999.958760,999.956710,999.956823,999.959201,999.963243,999.969943,999.977069,999.983508,999.989392,999.994335,999.998734,1000.002191,1000.004582,1000.006264,1000.007474,1000.008350,1000.008958,1000.009375,1000.009661,1000.009836,1000.009933,1000.009962,1000.009948,1000.009891,1000.009801,1000.009681,1000.009539,1000.009377,1000.009204,1000.009014,1000.008809,1000.008605,1000.008389,1000.008169,1000.007948,1000.007734,1000.007513,1000.007301,1000.007094,1000.006900,1000.006705,1000.006521,1000.006353,1000.006194,1000.006037,1000.005900,1000.005770,1000.005659,1000.005551,1000.005456,1000.005374,1000.005302,1000.005244,1000.005193,1000.005158,1000.005120,1000.005103,1000.005079,1000.005070,1000.005053,1000.005028,1000.005019,1000.004885,1000.005586,0.000000,0.000000,0.000000,0.000000,0.000000
0.000000,0.000000,0.000000,0.000000,999.987433,999.987087,999.986716,999.986193,999.986135,999.985933,999.985754,999.985578,999.985392,999.985189,999.984963,999.984731,999.984463,999.984158,999.983805,999.983412,999.982952,999.982411,999.981809,999.981048,999.980261,999.979171,999.978109,999.976589,999.975009,999.972977,999.969883,999.968114,999.963549,999.958760,999.954503,999.949657,999.948277,999.949847,999.956420,999.966066,999.976044,999.985821,999.993502,999.998688,1000.002584,1000.005579,1000.007722,1000.009140,1000.010054,1000.010637,1000.010999,1000.011198,1000.011287,1000.011300,1000.011248,1000.011159,1000.011024,1000.010871,1000.010689,1000.010494,1000.010275,1000.010043,1000.009802,1000.009556,1000.009293,1000.009029,1000.008766,1000.008500,1000.008231,1000.007970,1000.007716,1000.007465,1000.007218,1000.006990,1000.006767,1000.006551,1000.006350,1000.006172,1000.005998,1000.005836,1000.005689,1000.005556,1000.005445,1000.005329,1000.005243,1000.005159,1000.005085,1000.005024,1000.004977,1000.004936,1000.004910,1000.004890,1000.004866,1000.004864,1000.004850,1000.004886,1000.004747,1000.004716,1000.004654,0.000000,0.000000,0.000000,0.000000
0.000000,0.000000,0.000000,0.000000,999.985338,999.986877,999.986888,999.986886,999.986713,999.986518,999.986362,999.986182,999.985993,999.985793,999.985582,999.985348,999.985069,999.984770,999.984424,999.984023,999.983566,999.983032,999.982420,999.981672,999.980873,999.979768,999.978709,999.977053,999.975504,999.973138,999.970570,999.967581,999.962714,999.956710,999.949657,999.939739,999.933089,999.937161,999.946700,999.958870,999.973879,999.986576,999.995701,1000.003141,1000.007533,1000.010076,1000.011615,1000.012497,1000.012962,1000.013155,1000.013195,1000.013132,1000.012997,1000.012821,1000.012612,1000.012385,1000.012138,1000.011874,1000.011600,1000.011316,1000.011025,1000.010724,1000.010410,1000.010100,1000.009782,1000.009461,1000.009141,1000.008829,1000.008512,1000.008203,1000.007905,1000.007616,1000.007336,1000.007068,1000.006819,1000.006578,1000.006351,1000.006137,1000.005944,1000.005767,1000.005601,1000.005447,1000.005311,1000.005192,1000.005085,1000.004995,1000.004912,1000.004847,1000.004795,1000.004740,1000.004710,1000.004682,1000.004660,1000.004657,1000.004636,1000.004651,1000.004703,1000.004799,1000.005499,0.000000,0.000000,0.000000,0.000000
