0.000000,0.000000,0.000000,0.000000,0.000000,0.000000,0.000000,0.000000,0.000000,0.000000,0.000000,0.000000,0.000000,0.000000,0.000000,0.000000,0.000000,0.000000,0.000000,0.000000,0.000000,0.000000,0.000000,0.000000,0.000000,0.000000,0.000000,0.000000,0.000000,0.000000,0.000000,0.000000,0.000000,0.000000,0.000000,0.000000,0.000000,0.000000,0.000000,0.000000,0.000000,0.000000,0.000000,0.000000,0.000000,0.000000,0.000000,0.000000,0.000000,0.000000,0.000000,0.000000,0.000000,0.000000,0.000000,0.000000,0.000000,0.000000,0.000000,0.000000,0.000000,0.000000,0.000000,0.000000,0.000000,0.000000,0.000000,0.000000,0.000000,0.000000,0.000000,0.000000,0.000000,0.000000,0.000000,0.000000,0.000000,0.000000,0.000000,0.000000,0.000000,0.000000,0.000000,0.000000,0.000000,0.000000,0.000000,0.000000,0.000000,0.000000,0.000000,0.000000,0.000000,0.000000,0.000000,0.000000,0.000000,0.000000,0.000000,0.000000,0.000000,0.000000,0.000000
0.000000,0.000000,0.000000,0.000000,0.000000,0.000000,0.000000,0.000000,0.000000,0.000000,0.000000,0.000000,0.000000,0.000000,0.000000,0.000000,0.000000,0.000000,0.000000,0.000000,0.000000,0.000000,0.000000,0.000000,0.000000,0.000000,0.000000,0.000000,0.000000,0.000000,0.000000,0.000000,0.000000,0.000000,0.000000,0.000000,0.000000,0.000000,0.000000,0.000000,0.000000,0.000000,0.000000,0.000000,0.000000,0.000000,0.000000,0.000000,0.000000,0.000000,0.000000,999.997044,0.000000,0.000000,0.000000,0.000000,0.000000,0.000000,0.000000,0.000000,0.000000,0.000000,0.000000,0.000000,0.000000,0.000000,0.000000,0.000000,0.000000,0.000000,0.000000,0.000000,0.000000,0.000000,0.000000,0.000000,0.000000,0.000000,0.000000,0.000000,0.000000,0.000000,0.000000,0.000000,0.000000,0.000000,0.000000,0.000000,0.000000,0.000000,0.000000,0.000000,0.000000,0.000000,0.000000,0.000000,0.000000,0.000000,0.000000,0.000000,0.000000,0.000000,0.000000
0.000000,0.000000,0.000000,0.000000,0.000000,0.000000,0.000000,0.000000,0.000000,0.000000,0.000000,0.000000,0.000000,0.000000,0.000000,0.000000,0.000000,0.000000,0.000000,0.000000,0.000000,0.000000,0.000000,0.000000,0.000000,0.000000,0.000000,0.000000,0.000000,0.000000,0.000000,0.000000,0.000000,0.000000,0.000000,0.000000,0.000000,0.000000,0.000000,0.000000,0.000000,0.000000,999.994525,999.991406,999.991408,999.992106,999.992841,999.993607,999.994485,999.995755,999.996805,999.996980,999.997157,999.998146,999.999294,999.999976,1000.000546,1000.001047,1000.001489,1000.001435,999.999103,0.000000,0.000000,0.000000,0.000000,0.000000,0.000000,0.000000,0.000000,0.000000,0.000000,0.000000,0.000000,0.000000,0.000000,0.000000,0.000000,0.000000,0.000000,0.000000,0.000000,0.000000,0.000000,0.000000,0.000000,0.000000,0.000000,0.000000,0.000000,0.000000,0.000000,0.000000,0.000000,0.000000,0.000000,0.000000,0.000000,0.000000,0.000000,0.000000,0.000000,0.000000,0.000000
0.000000,0.000000,0.000000,0.000000,0.000000,0.000000,0.000000,0.000000,0.000000,0.000000,0.000000,0.000000,0.000000,0.000000,0.000000,0.000000,0.000000,0.000000,0.000000,0.000000,0.000000,0.000000,0.000000,0.000000,0.000000,0.000000,0.000000,0.000000,0.000000,0.000000,0.000000,0.000000,0.000000,0.000000,0.000000,0.000000,0.000000,999.989744,999.986755,999.986590,999.988029,999.990351,999.993562,999.992785,999.992280,999.992499,999.993101,999.993838,999.994605,999.995413,999.996608,999.996875,999.997125,999.998248,999.998937,999.999560,1000.000128,1000.000558,1000.000685,1000.000304,999.999752,1000.001955,1000.003444,1000.004264,1000.003989,1000.002113,0.000000,0.000000,0.000000,0.000000,0.000000,0.000000,0.000000,0.000000,0.000000,0.000000,0.000000,0.000000,0.000000,0.000000,0.000000,0.000000,0.000000,0.000000,0.000000,0.000000,0.000000,0.000000,0.000000,0.000000,0.000000,0.000000,0.000000,0.000000,0.000000,0.000000,0.000000,0.000000,0.000000,0.000000,0.000000,0.000000,0.000000
0.000000,0.000000,0.000000,0.000000,0.000000,0.000000,0.000000,0.000000,0.000000,0.000000,0.000000,0.000000,0.000000,0.000000,0.000000,0.000000,0.000000,0.000000,0.000000,0.000000,0.000000,0.000000,0.000000,0.000000,0.000000,0.000000,0.000000,0.000000,0.000000,0.000000,0.000000,0.000000,0.000000,0.000000,999.986955,999.984794,999.986006,999.989004,999.988477,999.988176,999.988688,999.990640,999.991768,999.992050,999.992368,999.992765,999.993294,999.993949,999.994692,999.995382,999.996119,999.996775,999.997399,999.998066,999.998669,999.999301,999.999808,1000.000212,1000.000479,1000.000673,1000.000854,1000.001591,1000.002843,1000.003129,1000.002900,1000.002489,1000.004178,1000.004825,1000.003640,0.000000,0.000000,0.000000,0.000000,0.000000,0.000000,0.000000,0.000000,0.000000,0.000000,0.000000,0.000000,0.000000,0.000000,0.000000,0.000000,0.000000,0.000000,0.000000,0.000000,0.000000,0.000000,0.000000,0.000000,0.000000,0.000000,0.000000,0.000000,0.000000,0.000000,0.000000,0.000000,0.000000,0.000000
0.000000,0.000000,0.000000,0.000000,0.000000,0.000000,0.000000,0.000000,0.000000,0.000000,0.000000,0.000000,0.000000,0.000000,0.000000,0.000000,0.000000,0.000000,0.000000,0.000000,0.000000,0.000000,0.000000,0.000000,0.000000,0.000000,0.000000,0.000000,0.000000,0.000000,0.000000,0.000000,999.986087,999.984159,999.986598,999.986379,999.987216,999.987868,999.988148,999.988678,999.989336,999.990309,999.990980,999.991802,999.992336,999.992810,999.993361,999.993993,999.994672,999.995373,999.996005,999.996675,999.997329,999.997915,999.998526,999.999099,999.999593,1000.000017,1000.000363,1000.000710,1000.001253,1000.001680,1000.002291,1000.002659,1000.002971,1000.003102,1000.003411,1000.003833,1000.003689,1000.004947,1000.003797,0.000000,0.000000,0.000000,0.000000,0.000000,0.000000,0.000000,0.000000,0.000000,0.000000,0.000000,0.000000,0.000000,0.000000,0.000000,0.000000,0.000000,0.000000,0.000000,0.000000,0.000000,0.000000,0.000000,0.000000,0.000000,0.000000,0.000000,0.000000,0.000000,0.000000,0.000000,0.000000
0.000000,0.000000,0.000000,0.000000,0.000000,0.000000,0.000000,0.000000,0.000000,0.000000,0.000000,0.000000,0.000000,0.000000,0.000000,0.000000,0.000000,0.000000,0.000000,0.000000,0.000000,0.000000,0.000000,0.000000,0.000000,0.000000,0.000000,0.000000,0.000000,0.000000,999.984081,999.982252,999.985164,999.985872,999.986226,999.986396,999.987027,999.987485,999.988192,999.988785,999.989438,999.990134,999.990855,999.991572,999.992171,999.992769,999.993374,999.993999,999.994647,999.995319,999.995962,999.996609,999.997245,999.997841,999.998431,999.998973,999.999480,999.999930,1000.000359,1000.000764,1000.001232,1000.001680,1000.002111,1000.002475,1000.002795,1000.003187,1000.003419,1000.003710,1000.003744,1000.003934,1000.004257,1000.005676,1000.004766,0.000000,0.000000,0.000000,0.000000,0.000000,0.000000,0.000000,0.000000,0.000000,0.000000,0.000000,0.000000,0.000000,0.000000,0.000000,0.000000,0.000000,0.000000,0.000000,0.000000,0.000000,0.000000,0.000000,0.000000,0.000000,0.000000,0.000000,0.000000,0.000000,0.000000
0.000000,0.000000,0.000000,0.000000,0.000000,0.000000,0.000000,0.000000,0.000000,0.000000,0.000000,0.000000,0.000000,0.000000,0.000000,0.000000,0.000000,0.000000,0.000000,0.000000,0.000000,0.000000,0.000000,0.000000,0.000000,0.000000,0.000000,0.000000,999.982186,999.980472,999.983351,999.984293,999.984780,999.985270,999.985681,999.986393,999.986951,999.987471,999.988104,999.988715,999.989386,999.990053,999.990757,999.991420,999.992068,999.992716,999.993341,999.993981,999.994628,999.995273,999.995919,999.996553,999.997173,999.997767,999.998339,999.998881,999.999391,999.999863,1000.000325,1000.000770,1000.001205,1000.001643,1000.002054,1000.002451,1000.002781,1000.003100,1000.003373,1000.003644,1000.003967,1000.004134,1000.004383,1000.004569,1000.004999,1000.006338,1000.005424,0.000000,0.000000,0.000000,0.000000,0.000000,0.000000,0.000000,0.000000,0.000000,0.000000,0.000000,0.000000,0.000000,0.000000,0.000000,0.000000,0.000000,0.000000,0.000000,0.000000,0.000000,0.000000,0.000000,0.000000,0.000000,0.000000,0.000000,0.000000
0.000000,0.000000,0.000000,0.000000,0.000000,0.000000,0.000000,0.000000,0.000000,0.000000,0.000000,0.000000,0.000000,0.000000,0.000000,0.000000,0.000000,0.000000,0.000000,0.000000,0.000000,0.000000,0.000000,0.000000,0.000000,0.000000,999.980369,999.979059,999.981612,999.982548,999.983119,999.983756,999.984251,999.985055,999.985624,999.986228,999.986769,999.987384,999.988004,999.988645,999.989303,999.989968,999.990647,999.991319,999.991990,999.992643,999.993292,999.993949,999.994603,999.995249,999.995894,999.996526,999.997132,999.997734,999.998303,999.998843,999.999359,999.999849,1000.000321,1000.000767,1000.001196,1000.001615,1000.002003,1000.002382,1000.002745,1000.003058,1000.003367,1000.003641,1000.003928,1000.004170,1000.004548,1000.004755,1000.005011,1000.005265,1000.005659,1000.006771,1000.006116,0.000000,0.000000,0.000000,0.000000,0.000000,0.000000,0.000000,0.000000,0.000000,0.000000,0.000000,0.000000,0.000000,0.000000,0.000000,0.000000,0.000000,0.000000,0.000000,0.000000,0.000000,0.000000,0.000000,0.000000,0.000000,0.000000
0.000000,0.000000,0.000000,0.000000,0.000000,0.000000,0.000000,0.000000,0.000000,0.000000,0.000000,0.000000,0.000000,0.000000,0.000000,0.000000,0.000000,0.000000,0.000000,0.000000,0.000000,0.000000,0.000000,0.000000,999.979295,999.978216,999.980161,999.980988,999.981523,999.982206,999.982742,999.983560,999.984203,999.984833,999.985428,999.986033,999.986641,999.987268,999.987891,999.988539,999.989201,999.989877,999.990555,999.991234,999.991915,999.992580,999.993251,999.993916,999.994568,999.995224,999.995869,999.996494,999.997107,999.997699,999.998279,999.998817,999.999340,999.999842,1000.000314,1000.000770,1000.001214,1000.001638,1000.002032,1000.002390,1000.002746,1000.003071,1000.003376,1000.003667,1000.003957,1000.004218,1000.004496,1000.004780,1000.005132,1000.005337,1000.005637,1000.005826,1000.006151,1000.006978,1000.006447,0.000000,0.000000,0.000000,0.000000,0.000000,0.000000,0.000000,0.000000,0.000000,0.000000,0.000000,0.000000,0.000000,0.000000,0.000000,0.000000,0.000000,0.000000,0.000000,0.000000,0.000000,0.000000,0.000000,0.000000
0.000000,0.000000,0.000000,0.000000,0.000000,0.000000,0.000000,0.000000,0.000000,0.000000,0.000000,0.000000,0.000000,0.000000,0.000000,0.000000,0.000000,0.000000,0.000000,0.000000,0.000000,0.000000,0.000000,999.979623,999.979255,999.979701,999.980253,999.980856,999.981320,999.982109,999.982742,999.983375,999.984005,999.984616,999.985249,999.985862,999.986487,999.987116,999.987762,999.988420,999.989093,999.989779,999.990459,999.991151,999.991837,999.992525,999.993212,999.993886,999.994554,999.995217,999.995868,999.996500,999.997122,999.997716,999.998287,999.998837,999.999363,999.999857,1000.000336,1000.000784,1000.001223,1000.001629,1000.002029,1000.002406,1000.002754,1000.003093,1000.003406,1000.003688,1000.003980,1000.004269,1000.004530,1000.004809,1000.005078,1000.005328,1000.005659,1000.005837,1000.006067,1000.006265,1000.006413,1000.006178,0.000000,0.000000,0.000000,0.000000,0.000000,0.000000,0.000000,0.000000,0.000000,0.000000,0.000000,0.000000,0.000000,0.000000,0.000000,0.000000,0.000000,0.000000,0.000000,0.000000,0.000000,0.000000,0.000000
0.000000,0.000000,0.000000,0.000000,0.000000,0.000000,0.000000,0.000000,0.000000,0.000000,0.000000,0.000000,0.000000,0.000000,0.000000,0.000000,0.000000,0.000000,0.000000,0.000000,0.000000,999.977565,999.976922,999.979072,999.979564,999.979950,999.980216,999.980823,999.981408,999.982007,999.982600,999.983209,999.983836,999.984449,999.985066,999.985690,999.986319,999.986966,999.987624,999.988294,999.988975,999.989666,999.990362,999.991068,999.991771,999.992471,999.993170,999.993856,999.994539,999.995212,999.995863,999.996503,999.997130,999.997728,999.998300,999.998865,999.999396,999.999903,1000.000388,1000.000861,1000.001287,1000.001697,1000.002085,1000.002457,1000.002794,1000.003122,1000.003440,1000.003734,1000.004016,1000.004298,1000.004553,1000.004820,1000.005081,1000.005326,1000.005563,1000.005793,1000.006031,1000.006108,1000.006232,1000.006411,1000.007349,1000.006996,0.000000,0.000000,0.000000,0.000000,0.000000,0.000000,0.000000,0.000000,0.000000,0.000000,0.000000,0.000000,0.000000,0.000000,0.000000,0.000000,0.000000,0.000000,0.000000,0.000000,0.000000
0.000000,0.000000,0.000000,0.000000,0.000000,0.000000,0.000000,0.000000,0.000000,0.000000,0.000000,0.000000,0.000000,0.000000,0.000000,0.000000,0.000000,0.000000,0.000000,0.000000,999.977952,999.977879,999.978325,999.978917,999.979367,999.979861,999.980320,999.980824,999.981366,999.981897,999.982474,999.983062,999.983655,999.984255,999.984873,999.985497,999.986141,999.986795,999.987462,999.988147,999.988844,999.989547,999.990268,999.990991,999.991708,999.992427,999.993141,999.993849,999.994548,999.995233,999.995897,999.996551,999.997179,999.997788,999.998370,999.998931,999.999456,999.999960,1000.000437,1000.000896,1000.001330,1000.001748,1000.002142,1000.002513,1000.002858,1000.003184,1000.003496,1000.003789,1000.004071,1000.004339,1000.004602,1000.004842,1000.005089,1000.005330,1000.005541,1000.005751,1000.005945,1000.006118,1000.006302,1000.006459,1000.006683,1000.006838,1000.006740,0.000000,0.000000,0.000000,0.000000,0.000000,0.000000,0.000000,0.000000,0.000000,0.000000,0.000000,0.000000,0.000000,0.000000,0.000000,0.000000,0.000000,0.000000,0.000000,0.000000
0.000000,0.000000,0.000000,0.000000,0.000000,0.000000,0.000000,0.000000,0.000000,0.000000,0.000000,0.000000,0.000000,0.000000,0.000000,0.000000,0.000000,0.000000,0.000000,999.977599,999.977941,999.978172,999.978607,999.978868,999.979381,999.979840,999.980307,999.980766,999.981271,999.981783,999.982337,999.982899,999.983471,999.984066,999.984675,999.985303,999.985952,999.986612,999.987291,999.987992,999.988701,999.989430,999.990161,999.990901,999.991638,999.992382,999.993115,999.993837,999.994553,999.995246,999.995928,999.996594,999.997226,999.997848,999.998438,999.999012,999.999548,1000.000075,1000.000559,1000.001013,1000.001442,1000.001854,1000.002227,1000.002590,1000.002937,1000.003260,1000.003557,1000.003853,1000.004114,1000.004387,1000.004637,1000.004881,1000.005103,1000.005327,1000.005531,1000.005735,1000.005906,1000.006085,1000.006256,1000.006452,1000.006527,1000.006682,1000.006741,1000.006841,0.000000,0.000000,0.000000,0.000000,0.000000,0.000000,0.000000,0.000000,0.000000,0.000000,0.000000,0.000000,0.000000,0.000000,0.000000,0.000000,0.000000,0.000000,0.000000
0.000000,0.000000,0.000000,0.000000,0.000000,0.000000,0.000000,0.000000,0.000000,0.000000,0.000000,0.000000,0.000000,0.000000,0.000000,0.000000,0.000000,0.000000,999.977248,999.977655,999.978017,999.978339,999.978683,999.979015,999.979436,999.979840,999.980273,999.980712,999.981175,999.981662,999.982182,999.982711,999.983270,999.983851,999.984457,999.985084,999.985730,999.986406,999.987102,999.987817,999.988552,999.989295,999.990056,999.990810,999.991584,999.992347,999.993105,999.993852,999.994586,999.995306,999.996007,999.996681,999.997331,999.997959,999.998547,999.999108,999.999646,1000.000156,1000.000643,1000.001108,1000.001544,1000.001960,1000.002340,1000.002700,1000.003040,1000.003357,1000.003652,1000.003939,1000.004200,1000.004449,1000.004691,1000.004921,1000.005134,1000.005345,1000.005535,1000.005723,1000.005893,1000.006055,1000.006216,1000.006376,1000.006494,1000.006609,1000.006716,1000.006832,1000.006976,0.000000,0.000000,0.000000,0.000000,0.000000,0.000000,0.000000,0.000000,0.000000,0.000000,0.000000,0.000000,0.000000,0.000000,0.000000,0.000000,0.000000,0.000000
0.000000,0.000000,0.000000,0.000000,0.000000,0.000000,0.000000,0.000000,0.000000,0.000000,0.000000,0.000000,0.000000,0.000000,0.000000,0.000000,0.000000,999.976923,999.977429,999.977763,999.978090,999.978414,999.978731,999.979067,999.979420,999.979794,999.980186,999.980604,999.981040,999.981507,999.981989,999.982500,999.983046,999.983620,999.984218,999.984846,999.985503,999.986185,999.986895,999.987629,999.988377,999.989155,999.989935,999.990728,999.991519,999.992308,999.993089,999.993863,999.994621,999.995357,999.996073,999.996764,999.997428,999.998074,999.998686,999.999272,999.999827,1000.000338,1000.000816,1000.001272,1000.001689,1000.002089,1000.002468,1000.002825,1000.003149,1000.003461,1000.003749,1000.004028,1000.004285,1000.004525,1000.004750,1000.004971,1000.005173,1000.005371,1000.005552,1000.005725,1000.005889,1000.006043,1000.006182,1000.006323,1000.006449,1000.006562,1000.006680,1000.006802,1000.006932,1000.007089,0.000000,0.000000,0.000000,0.000000,0.000000,0.000000,0.000000,0.000000,0.000000,0.000000,0.000000,0.000000,0.000000,0.000000,0.000000,0.000000,0.000000
0.000000,0.000000,0.000000,0.000000,0.000000,0.000000,0.000000,0.000000,0.000000,0.000000,0.000000,0.000000,0.000000,0.000000,0.000000,0.000000,999.976928,999.977230,999.977565,999.977868,999.978205,999.978510,999.978809,999.979115,999.979436,999.979773,999.980128,999.980505,999.980904,999.981334,999.981788,999.982277,999.982801,999.983351,999.983938,999.984571,999.985230,999.985924,999.986659,999.987409,999.988197,999.988995,999.989813,999.990635,999.991467,999.992288,999.993110,999.993911,999.994699,999.995461,999.996198,999.996911,999.997581,999.998224,999.998823,999.999404,999.999949,1000.000477,1000.000969,1000.001438,1000.001864,1000.002260,1000.002631,1000.002976,1000.003295,1000.003600,1000.003879,1000.004136,1000.004382,1000.004618,1000.004830,1000.005035,1000.005224,1000.005407,1000.005571,1000.005732,1000.005888,1000.006035,1000.006167,1000.006288,1000.006417,1000.006530,1000.006642,1000.006757,1000.006881,1000.007005,1000.007155,0.000000,0.000000,0.000000,0.000000,0.000000,0.000000,0.000000,0.000000,0.000000,0.000000,0.000000,0.000000,0.000000,0.000000,0.000000,0.000000
0.000000,0.000000,0.000000,0.000000,0.000000,0.000000,0.000000,0.000000,0.000000,0.000000,0.000000,0.000000,0.000000,0.000000,0.000000,999.976923,999.977230,999.977564,999.977838,999.978093,999.978374,999.978592,999.978849,999.979107,999.979391,999.979688,999.980003,999.980342,999.980709,999.981105,999.981535,999.982002,999.982506,999.983049,999.983640,999.984267,999.984938,999.985651,999.986399,999.987180,999.987994,999.988825,999.989677,999.990537,999.991402,999.992263,999.993115,999.993951,999.994763,999.995555,999.996316,999.997050,999.997757,999.998428,999.999069,999.999654,1000.000203,1000.000709,1000.001180,1000.001624,1000.002050,1000.002440,1000.002805,1000.003141,1000.003452,1000.003746,1000.004014,1000.004269,1000.004495,1000.004718,1000.004920,1000.005111,1000.005286,1000.005456,1000.005613,1000.005760,1000.005894,1000.006028,1000.006152,1000.006270,1000.006380,1000.006494,1000.006599,1000.006710,1000.006819,1000.006934,1000.007048,1000.007176,0.000000,0.000000,0.000000,0.000000,0.000000,0.000000,0.000000,0.000000,0.000000,0.000000,0.000000,0.000000,0.000000,0.000000,0.000000
0.000000,0.000000,0.000000,0.000000,0.000000,0.000000,0.000000,0.000000,0.000000,0.000000,0.000000,0.000000,0.000000,0.000000,999.977248,999.977429,999.977565,999.977838,999.977991,999.978178,999.978424,999.978618,999.978888,999.979135,999.979376,999.979627,999.979902,999.980201,999.980526,999.980882,999.981271,999.981707,999.982183,999.982711,999.983287,999.983910,999.984589,999.985319,999.986091,999.986907,999.987759,999.988637,999.989536,999.990447,999.991362,999.992271,999.993169,999.994044,999.994900,999.995723,999.996504,999.997250,999.997945,999.998603,999.999237,999.999840,1000.000406,1000.000942,1000.001429,1000.001873,1000.002285,1000.002667,1000.003012,1000.003346,1000.003646,1000.003918,1000.004170,1000.004414,1000.004632,1000.004831,1000.005019,1000.005199,1000.005358,1000.005513,1000.005654,1000.005795,1000.005911,1000.006035,1000.006145,1000.006256,1000.006354,1000.006457,1000.006551,1000.006657,1000.006756,1000.006857,1000.006956,1000.007050,1000.007144,0.000000,0.000000,0.000000,0.000000,0.000000,0.000000,0.000000,0.000000,0.000000,0.000000,0.000000,0.000000,0.000000,0.000000
0.000000,0.000000,0.000000,0.000000,0.000000,0.000000,0.000000,0.000000,0.000000,0.000000,0.000000,0.000000,0.000000,999.977599,999.977655,999.977763,999.977868,999.978093,999.978178,999.978424,999.978661,999.978791,999.978998,999.979122,999.979282,999.979497,999.979722,999.979974,999.980255,999.980572,999.980929,999.981338,999.981792,999.982309,999.982879,999.983513,999.984209,999.984958,999.985759,999.986612,999.987505,999.988425,999.989376,999.990335,999.991303,999.992255,999.993202,999.994119,999.995008,999.995872,999.996693,999.997488,999.998247,999.998938,999.999574,1000.000153,1000.000695,1000.001198,1000.001687,1000.002123,1000.002532,1000.002903,1000.003246,1000.003555,1000.003847,1000.004109,1000.004349,1000.004573,1000.004775,1000.004964,1000.005134,1000.005298,1000.005445,1000.005580,1000.005708,1000.005827,1000.005940,1000.006045,1000.006143,1000.006241,1000.006333,1000.006423,1000.006513,1000.006601,1000.006687,1000.006774,1000.006864,1000.006950,1000.007020,1000.007081,0.000000,0.000000,0.000000,0.000000,0.000000,0.000000,0.000000,0.000000,0.000000,0.000000,0.000000,0.000000,0.000000
0.000000,0.000000,0.000000,0.000000,0.000000,0.000000,0.000000,0.000000,0.000000,0.000000,0.000000,0.000000,999.977952,999.977941,999.978017,999.978090,999.978205,999.978374,999.978424,999.978661,999.978702,999.978719,999.978913,999.979012,999.979228,999.979423,999.979588,999.979782,999.980013,999.980283,999.980593,999.980958,999.981379,999.981865,999.982419,999.983050,999.983745,999.984516,999.985357,999.986258,999.987208,999.988200,999.989216,999.990250,999.991279,999.992304,999.993309,999.994284,999.995218,999.996111,999.996943,999.997712,999.998456,999.999165,999.999838,1000.000466,1000.001035,1000.001540,1000.002005,1000.002432,1000.002823,1000.003184,1000.003515,1000.003807,1000.004074,1000.004328,1000.004549,1000.004750,1000.004939,1000.005109,1000.005265,1000.005405,1000.005535,1000.005660,1000.005768,1000.005875,1000.005970,1000.006065,1000.006151,1000.006231,1000.006315,1000.006393,1000.006465,1000.006548,1000.006623,1000.006700,1000.006771,1000.006847,1000.006915,1000.006975,1000.007023,0.000000,0.000000,0.000000,0.000000,0.000000,0.000000,0.000000,0.000000,0.000000,0.000000,0.000000,0.000000
0.000000,0.000000,0.000000,0.000000,0.000000,0.000000,0.000000,0.000000,0.000000,0.000000,0.000000,999.977565,999.977879,999.978172,999.978339,999.978414,999.978510,999.978592,999.978618,999.978791,999.978719,999.978902,999.979141,999.979128,999.979245,999.979260,999.979314,999.979477,999.979656,999.979868,999.980127,999.980454,999.980847,999.981317,999.981869,999.982505,999.983235,999.984039,999.984922,999.985870,999.986877,999.987931,999.989021,999.990116,999.991224,999.992311,999.993382,999.994415,999.995400,999.996366,999.997287,999.998135,999.998892,999.999586,1000.000212,1000.000806,1000.001368,1000.001877,1000.002341,1000.002764,1000.003144,1000.003485,1000.003798,1000.004079,1000.004332,1000.004558,1000.004767,1000.004948,1000.005117,1000.005270,1000.005404,1000.005528,1000.005643,1000.005745,1000.005842,1000.005928,1000.006010,1000.006081,1000.006159,1000.006225,1000.006294,1000.006363,1000.006423,1000.006488,1000.006556,1000.006625,1000.006691,1000.006751,1000.006821,1000.006900,1000.007013,1000.007108,0.000000,0.000000,0.000000,0.000000,0.000000,0.000000,0.000000,0.000000,0.000000,0.000000,0.000000
0.000000,0.000000,0.000000,0.000000,0.000000,0.000000,0.000000,0.000000,0.000000,0.000000,0.000000,999.976922,999.978325,999.978607,999.978683,999.978731,999.978809,999.978849,999.978888,999.978998,999.978913,999.979141,999.979034,999.978814,999.978970,999.978971,999.979125,999.979282,999.979359,999.979493,999.979700,999.979973,999.980310,999.980740,999.981260,999.981892,999.982606,999.983441,999.984380,999.985404,999.986507,999.987658,999.988842,999.990042,999.991248,999.992426,999.993567,999.994680,999.995696,999.996634,999.997531,999.998396,999.999215,999.999981,1000.000664,1000.001257,1000.001800,1000.002292,1000.002741,1000.003144,1000.003505,1000.003828,1000.004117,1000.004381,1000.004611,1000.004816,1000.005000,1000.005169,1000.005312,1000.005439,1000.005557,1000.005662,1000.005757,1000.005837,1000.005916,1000.005987,1000.006051,1000.006112,1000.006171,1000.006225,1000.006272,1000.006334,1000.006386,1000.006437,1000.006487,1000.006545,1000.006603,1000.006665,1000.006722,1000.006776,1000.006894,1000.007270,0.000000,0.000000,0.000000,0.000000,0.000000,0.000000,0.000000,0.000000,0.000000,0.000000,0.000000
0.000000,0.000000,0.000000,0.000000,0.000000,0.000000,0.000000,0.000000,0.000000,0.000000,999.979623,999.979072,999.978917,999.978868,999.979015,999.979067,999.979115,999.979107,999.979135,999.979122,999.979012,999.979128,999.978814,999.978927,999.979232,999.979037,999.979031,999.978914,999.978826,999.978938,999.979091,999.979290,999.979576,999.979979,999.980489,999.981123,999.981903,999.982794,999.983790,999.984886,999.986057,999.987302,999.988592,999.989897,999.991207,999.992474,999.993688,999.994905,999.996073,999.997142,999.998097,999.998950,999.999703,1000.000418,1000.001095,1000.001704,1000.002247,1000.002738,1000.003167,1000.003551,1000.003896,1000.004200,1000.004467,1000.004706,1000.004914,1000.005095,1000.005258,1000.005396,1000.005521,1000.005630,1000.005721,1000.005807,1000.005878,1000.005941,1000.005997,1000.006050,1000.006098,1000.006138,1000.006183,1000.006224,1000.006258,1000.006298,1000.006339,1000.006384,1000.006426,1000.006467,1000.006513,1000.006566,1000.006633,1000.006698,1000.006737,1000.006754,1000.006672,0.000000,0.000000,0.000000,0.000000,0.000000,0.000000,0.000000,0.000000,0.000000,0.000000
0.000000,0.000000,0.000000,0.000000,0.000000,0.000000,0.000000,0.000000,0.000000,999.979295,999.979255,999.979564,999.979367,999.979381,999.979436,999.979420,999.979436,999.979391,999.979376,999.979282,999.979228,999.979245,999.978970,999.979232,999.978958,999.978359,999.978441,999.978355,999.978425,999.978567,999.978565,999.978658,999.978886,999.979226,999.979694,999.980316,999.981049,999.981966,999.983047,999.984252,999.985588,999.986981,999.988424,999.989859,999.991299,999.992722,999.994012,999.995205,999.996334,999.997425,999.998462,999.999442,1000.000294,1000.001017,1000.001669,1000.002253,1000.002778,1000.003239,1000.003652,1000.004009,1000.004333,1000.004612,1000.004850,1000.005057,1000.005245,1000.005400,1000.005534,1000.005646,1000.005743,1000.005831,1000.005900,1000.005952,1000.006011,1000.006050,1000.006090,1000.006117,1000.006151,1000.006172,1000.006198,1000.006224,1000.006248,1000.006268,1000.006295,1000.006321,1000.006356,1000.006387,1000.006427,1000.006467,1000.006513,1000.006566,1000.006620,1000.006620,1000.006754,1000.006783,0.000000,0.000000,0.000000,0.000000,0.000000,0.000000,0.000000,0.000000,0.000000
0.000000,0.000000,0.000000,0.000000,0.000000,0.000000,0.000000,0.000000,0.000000,999.978216,999.979701,999.979950,999.979861,999.979840,999.979840,999.979794,999.979773,999.979688,999.979627,999.979497,999.979423,999.979260,999.978971,999.979037,999.978359,999.978309,999.978783,999.978395,999.978202,999.977932,999.977663,999.977728,999.977896,999.978164,999.978578,999.979182,999.980040,999.981053,999.982218,999.983537,999.984967,999.986495,999.988106,999.989696,999.991249,999.992837,999.994377,999.995788,999.997051,999.998155,999.999099,999.999991,1000.000842,1000.001598,1000.002261,1000.002841,1000.003350,1000.003788,1000.004179,1000.004514,1000.004798,1000.005049,1000.005262,1000.005440,1000.005594,1000.005722,1000.005828,1000.005914,1000.005986,1000.006039,1000.006089,1000.006117,1000.006146,1000.006166,1000.006180,1000.006190,1000.006195,1000.006207,1000.006211,1000.006218,1000.006228,1000.006237,1000.006248,1000.006266,1000.006280,1000.006306,1000.006335,1000.006366,1000.006401,1000.006444,1000.006489,1000.006508,1000.006630,1000.007094,0.000000,0.000000,0.000000,0.000000,0.000000,0.000000,0.000000,0.000000,0.000000
0.000000,0.000000,0.000000,0.000000,0.000000,0.000000,0.000000,0.000000,999.980369,999.980161,999.980253,999.980216,999.980320,999.980307,999.980273,999.980186,999.980128,999.980003,999.979902,999.979722,999.979588,999.979314,999.979125,999.979031,999.978441,999.978783,999.978397,999.977207,999.977094,999.976908,999.976872,999.977023,999.977006,999.977116,999.977502,999.978123,999.978857,999.979886,999.981185,999.982673,999.984382,999.986133,999.987967,999.989820,999.991514,999.993100,999.994613,999.996053,999.997436,999.998756,999.999877,1000.000797,1000.001612,1000.002332,1000.002964,1000.003517,1000.003993,1000.004406,1000.004757,1000.005063,1000.005311,1000.005525,1000.005709,1000.005853,1000.005971,1000.006062,1000.006142,1000.006195,1000.006237,1000.006263,1000.006279,1000.006292,1000.006291,1000.006283,1000.006280,1000.006265,1000.006256,1000.006237,1000.006233,1000.006215,1000.006211,1000.006203,1000.006202,1000.006200,1000.006207,1000.006216,1000.006233,1000.006254,1000.006282,1000.006312,1000.006364,1000.006435,1000.006480,1000.006565,1000.006581,0.000000,0.000000,0.000000,0.000000,0.000000,0.000000,0.000000,0.000000
0.000000,0.000000,0.000000,0.000000,0.000000,0.000000,0.000000,0.000000,999.979059,999.980988,999.980856,999.980823,999.980824,999.980766,999.980712,999.980604,999.980505,999.980342,999.980201,999.979974,999.979782,999.979477,999.979282,999.978914,999.978355,999.978395,999.977207,999.976733,999.977443,999.976945,999.976491,999.976060,999.975595,999.975678,999.975978,999.976435,999.977359,999.978550,999.979972,999.981656,999.983500,999.985457,999.987501,999.989668,999.991781,999.993737,999.995508,999.997022,999.998273,999.999445,1000.000573,1000.001559,1000.002403,1000.003115,1000.003731,1000.004252,1000.004699,1000.005073,1000.005387,1000.005646,1000.005866,1000.006040,1000.006179,1000.006288,1000.006370,1000.006431,1000.006469,1000.006494,1000.006499,1000.006495,1000.006485,1000.006461,1000.006439,1000.006406,1000.006375,1000.006345,1000.006306,1000.006273,1000.006236,1000.006211,1000.006186,1000.006167,1000.006142,1000.006137,1000.006130,1000.006126,1000.006128,1000.006140,1000.006164,1000.006183,1000.006217,1000.006266,1000.006313,1000.006330,1000.006954,0.000000,0.000000,0.000000,0.000000,0.000000,0.000000,0.000000,0.000000
0.000000,0.000000,0.000000,0.000000,0.000000,0.000000,0.000000,999.982186,999.981612,999.981523,999.981320,999.981408,999.981366,999.981271,999.981175,999.981040,999.980904,999.980709,999.980526,999.980255,999.980013,999.979656,999.979359,999.978826,999.978425,999.978202,999.977094,999.977443,999.977140,999.975185,999.974586,999.974196,999.974020,999.974198,999.974332,999.974841,999.975595,999.976786,999.978466,999.980399,999.982741,999.985187,999.987448,999.989670,999.991832,999.993874,999.995846,999.997738,999.999320,1000.000558,1000.001625,1000.002551,1000.003350,1000.004026,1000.004600,1000.005075,1000.005476,1000.005802,1000.006070,1000.006285,1000.006457,1000.006585,1000.006682,1000.006747,1000.006792,1000.006812,1000.006816,1000.006800,1000.006780,1000.006741,1000.006697,1000.006645,1000.006590,1000.006533,1000.006472,1000.006416,1000.006362,1000.006306,1000.006255,1000.006204,1000.006162,1000.006123,1000.006092,1000.006059,1000.006043,1000.006026,1000.006017,1000.006018,1000.006031,1000.006035,1000.006063,1000.006095,1000.006176,1000.006187,1000.006223,1000.006064,0.000000,0.000000,0.000000,0.000000,0.000000,0.000000,0.000000
0.000000,0.000000,0.000000,0.000000,0.000000,0.000000,0.000000,999.980472,999.982548,999.982206,999.982109,999.982007,999.981897,999.981783,999.981662,999.981507,999.981334,999.981105,999.980882,999.980572,999.980283,999.979868,999.979493,999.978938,999.978567,999.977932,999.976908,999.976945,999.975185,999.973766,999.974466,999.973990,999.973298,999.972802,999.972330,999.972486,999.973518,999.974912,999.976717,999.979023,999.981496,999.984396,999.987427,999.990285,999.992921,999.995158,999.996945,999.998606,1000.000213,1000.001585,1000.002713,1000.003630,1000.004401,1000.005035,1000.005553,1000.005975,1000.006316,1000.006589,1000.006802,1000.006965,1000.007084,1000.007164,1000.007214,1000.007239,1000.007237,1000.007213,1000.007174,1000.007122,1000.007058,1000.006991,1000.006912,1000.006829,1000.006750,1000.006659,1000.006574,1000.006487,1000.006406,1000.006332,1000.006259,1000.006192,1000.006125,1000.006073,1000.006026,1000.005988,1000.005947,1000.005924,1000.005908,1000.005889,1000.005889,1000.005896,1000.005908,1000.005921,1000.005938,1000.005962,1000.005937,1000.006678,0.000000,0.000000,0.000000,0.000000,0.000000,0.000000,0.000000
0.000000,0.000000,0.000000,0.000000,0.000000,0.000000,999.984081,999.983351,999.983119,999.982742,999.982742,999.982600,999.982474,999.982337,999.982182,999.981989,999.981788,999.981535,999.981271,999.980929,999.980593,999.980127,999.979700,999.979091,999.978565,999.977663,999.976872,999.976491,999.974586,999.974466,999.974462,999.971874,999.970417,999.969522,999.969151,999.969842,999.970477,999.971767,999.974139,999.976959,999.980150,999.983545,999.986828,999.989988,999.993048,999.996011,999.998428,1000.000226,1000.001709,1000.002971,1000.004032,1000.004894,1000.005594,1000.006155,1000.006602,1000.006956,1000.007230,1000.007435,1000.007587,1000.007686,1000.007749,1000.007776,1000.007771,1000.007744,1000.007695,1000.007628,1000.007548,1000.007458,1000.007351,1000.007243,1000.007133,1000.007015,1000.006898,1000.006787,1000.006669,1000.006564,1000.006452,1000.006357,1000.006261,1000.006176,1000.006096,1000.006019,1000.005955,1000.005897,1000.005850,1000.005807,1000.005780,1000.005751,1000.005741,1000.005731,1000.005736,1000.005741,1000.005755,1000.005801,1000.005733,1000.005757,1000.005620,0.000000,0.000000,0.000000,0.000000,0.000000,0.000000
0.000000,0.000000,0.000000,0.000000,0.000000,0.000000,999.982252,999.984293,999.983756,999.983560,999.983375,999.983209,999.983062,999.982899,999.982711,999.982500,999.982277,999.982002,999.981707,999.981338,999.980958,999.980454,999.979973,999.979290,999.978658,999.977728,999.977023,999.976060,999.974196,999.973990,999.971874,999.968870,999.968628,999.967958,999.967316,999.966793,999.967184,999.969104,999.971736,999.975510,999.979519,999.983608,999.987842,999.991536,999.994437,999.997065,999.999590,1000.001681,1000.003292,1000.004542,1000.005533,1000.006315,1000.006921,1000.007387,1000.007746,1000.008014,1000.008209,1000.008336,1000.008414,1000.008450,1000.008447,1000.008415,1000.008354,1000.008271,1000.008171,1000.008059,1000.007930,1000.007794,1000.007651,1000.007504,1000.007352,1000.007202,1000.007054,1000.006906,1000.006765,1000.006625,1000.006497,1000.006368,1000.006253,1000.006144,1000.006048,1000.005958,1000.005875,1000.005806,1000.005745,1000.005690,1000.005650,1000.005612,1000.005592,1000.005570,1000.005554,1000.005554,1000.005560,1000.005554,1000.005538,1000.005435,1000.006208,0.000000,0.000000,0.000000,0.000000,0.000000,0.000000
0.000000,0.000000,0.000000,0.000000,0.000000,999.986087,999.985164,999.984780,999.984251,999.984203,999.984005,999.983836,999.983655,999.983471,999.983270,999.983046,999.982801,999.982506,999.982183,999.981792,999.981379,999.980847,999.980310,999.979576,999.978886,999.977896,999.977006,999.975595,999.974020,999.973298,999.970417,999.968628,999.968251,999.965326,999.962870,999.961987,999.962111,999.964008,999.967233,999.971338,999.976704,999.982428,999.987634,999.992618,999.996709,999.999607,1000.001873,1000.003743,1000.005243,1000.006386,1000.007249,1000.007899,1000.008383,1000.008732,1000.008984,1000.009145,1000.009244,1000.009287,1000.009286,1000.009246,1000.009175,1000.009077,1000.008956,1000.008819,1000.008663,1000.008499,1000.008322,1000.008140,1000.007951,1000.007764,1000.007573,1000.007387,1000.007201,1000.007024,1000.006850,1000.006687,1000.006523,1000.006384,1000.006241,1000.006112,1000.005994,1000.005884,1000.005787,1000.005700,1000.005626,1000.005555,1000.005506,1000.005456,1000.005424,1000.005394,1000.005378,1000.005363,1000.005349,1000.005341,1000.005386,1000.005286,1000.005207,1000.004884,0.000000,0.000000,0.000000,0.000000,0.000000
0.000000,0.000000,0.000000,0.000000,0.000000,999.984159,999.985872,999.985270,999.985055,999.984833,999.984616,999.984449,999.984255,999.984066,999.983851,999.983620,999.983351,999.983049,999.982711,999.982309,999.981865,999.981317,999.980740,999.979979,999.979226,999.978164,999.977116,999.975678,999.974198,999.972802,999.969522,999.967958,999.965326,999.960602,999.957973,999.955823,999.955852,999.958176,999.962182,999.968884,999.976098,999.982641,999.988626,999.993702,999.998264,1000.001894,1000.004427,1000.006234,1000.007548,1000.008506,1000.009182,1000.009650,1000.009974,1000.010181,1000.010297,1000.010342,1000.010333,1000.010285,1000.010194,1000.010074,1000.009927,1000.009763,1000.009577,1000.009379,1000.009165,1000.008944,1000.008717,1000.008488,1000.008256,1000.008023,1000.007793,1000.007567,1000.007348,1000.007134,1000.006933,1000.006735,1000.006549,1000.006373,1000.006219,1000.006063,1000.005927,1000.005804,1000.005691,1000.005587,1000.005498,1000.005422,1000.005360,1000.005301,1000.005249,1000.005215,1000.005196,1000.005169,1000.005153,1000.005137,1000.005109,1000.005096,1000.004962,1000.005673,0.000000,0.000000,0.000000,0.000000,0.000000
0.000000,0.000000,0.000000,0.000000,999.986955,999.986598,999.986226,999.985681,999.985624,999.985428,999.985249,999.985066,999.984873,999.984675,999.984457,999.984218,999.983938,999.983640,999.983287,999.982879,999.982419,999.981869,999.981260,999.980489,999.979694,999.978578,999.977502,999.975978,999.974332,999.972330,999.969151,999.967316,999.962870,999.957973,999.953490,999.948528,999.947168,999.948753,999.955343,999.965110,999.975211,999.985042,999.992780,999.998044,1000.002087,1000.005275,1000.007609,1000.009180,1000.010210,1000.010877,1000.011305,1000.011552,1000.011676,1000.011711,1000.011677,1000.011593,1000.011471,1000.011314,1000.011131,1000.010925,1000.010703,1000.010464,1000.010209,1000.009948,1000.009676,1000.009400,1000.009116,1000.008837,1000.008556,1000.008280,1000.008004,1000.007740,1000.007481,1000.007232,1000.006997,1000.006777,1000.006564,1000.006367,1000.006177,1000.006008,1000.005847,1000.005708,1000.005577,1000.005458,1000.005360,1000.005266,1000.005191,1000.005121,1000.005076,1000.005025,1000.004991,1000.004966,1000.004944,1000.004946,1000.004922,1000.004961,1000.004814,1000.004786,1000.004724,0.000000,0.000000,0.000000,0.000000
0.000000,0.000000,0.000000,0.000000,999.984794,999.986379,999.986396,999.986393,999.986228,999.986033,999.985862,999.985690,999.985497,999.985303,999.985084,999.984846,999.984571,999.984267,999.983910,999.983513,999.983050,999.982505,999.981892,999.981123,999.980316,999.979182,999.978123,999.976435,999.974841,999.972486,999.969842,999.966793,999.961987,999.955823,999.948528,999.938680,999.932096,999.936131,999.945709,999.957969,999.973038,999.985661,999.994723,1000.002345,1000.007018,1000.009827,1000.011590,1000.012639,1000.013226,1000.013500,1000.013599,1000.013575,1000.013467,1000.013307,1000.013108,1000.012884,1000.012635,1000.012369,1000.012090,1000.011796,1000.011491,1000.011178,1000.010853,1000.010523,1000.010191,1000.009855,1000.009517,1000.009180,1000.008852,1000.008528,1000.008210,1000.007905,1000.007612,1000.007326,1000.007053,1000.006797,1000.006561,1000.006334,1000.006127,1000.005935,1000.005759,1000.005594,1000.005455,1000.005320,1000.005211,1000.005108,1000.005016,1000.004942,1000.004885,1000.004831,1000.004791,1000.004759,1000.004733,1000.004730,1000.004708,1000.004722,1000.004767,1000.004862,1000.005580,0.000000,0.000000,0.000000,0.000000
