0.000000,0.000000,0.000000,0.000000,0.000000,0.000000,0.000000,0.000000,0.000000,0.000000,0.000000,0.000000,0.000000,0.000000,0.000000,0.000000,0.000000,0.000000,0.000000,0.000000,0.000000,0.000000,0.000000,0.000000,0.000000,0.000000,0.000000,0.000000,0.000000,0.000000,0.000000,0.000000,0.000000,0.000000,0.000000,0.000000,0.000000,0.000000,0.000000,0.000000,0.000000,0.000000,0.000000,0.000000,0.000000,0.000000,0.000000,0.000000,0.000000,0.000000,0.000000,0.000000,0.000000,0.000000,0.000000,0.000000,0.000000,0.000000,0.000000,0.000000,0.000000,0.000000,0.000000,0.000000,0.000000,0.000000,0.000000,0.000000,0.000000,0.000000,0.000000,0.000000,0.000000,0.000000,0.000000,0.000000,0.000000,0.000000,0.000000,0.000000,0.000000,0.000000,0.000000,0.000000,0.000000,0.000000,0.000000,0.000000,0.000000,0.000000,0.000000,0.000000,0.000000,0.000000,0.000000,0.000000,0.000000,0.000000,0.000000,0.000000,0.000000,0.000000,0.000000
0.000000,0.000000,0.000000,0.000000,0.000000,0.000000,0.000000,0.000000,0.000000,0.000000,0.000000,0.000000,0.000000,0.000000,0.000000,0.000000,0.000000,0.000000,0.000000,0.000000,0.000000,0.000000,0.000000,0.000000,0.000000,0.000000,0.000000,0.000000,0.000000,0.000000,0.000000,0.000000,0.000000,0.000000,0.000000,0.000000,0.000000,0.000000,0.000000,0.000000,0.000000,0.000000,0.000000,0.000000,0.000000,0.000000,0.000000,0.000000,0.000000,0.000000,0.000000,1000.000631,0.000000,0.000000,0.000000,0.000000,0.000000,0.000000,0.000000,0.000000,0.000000,0.000000,0.000000,0.000000,0.000000,0.000000,0.000000,0.000000,0.000000,0.000000,0.000000,0.000000,0.000000,0.000000,0.000000,0.000000,0.000000,0.000000,0.000000,0.000000,0.000000,0.000000,0.000000,0.000000,0.000000,0.000000,0.000000,0.000000,0.000000,0.000000,0.000000,0.000000,0.000000,0.000000,0.000000,0.000000,0.000000,0.000000,0.000000,0.000000,0.000000,0.000000,0.000000
0.000000,0.000000,0.000000,0.000000,0.000000,0.000000,0.000000,0.000000,0.000000,0.000000,0.000000,0.000000,0.000000,0.000000,0.000000,0.000000,0.000000,0.000000,0.000000,0.000000,0.000000,0.000000,0.000000,0.000000,0.000000,0.000000,0.000000,0.000000,0.000000,0.000000,0.000000,0.000000,0.000000,0.000000,0.000000,0.000000,0.000000,0.000000,0.000000,0.000000,0.000000,0.000000,999.998537,999.997466,999.997329,999.997984,999.998273,999.998582,999.999089,999.999546,1000.000141,1000.000332,1000.000442,1000.000908,1000.001472,1000.001738,1000.001943,1000.002309,1000.002589,1000.002650,1000.001957,0.000000,0.000000,0.000000,0.000000,0.000000,0.000000,0.000000,0.000000,0.000000,0.000000,0.000000,0.000000,0.000000,0.000000,0.000000,0.000000,0.000000,0.000000,0.000000,0.000000,0.000000,0.000000,0.000000,0.000000,0.000000,0.000000,0.000000,0.000000,0.000000,0.000000,0.000000,0.000000,0.000000,0.000000,0.000000,0.000000,0.000000,0.000000,0.000000,0.000000,0.000000,0.000000
0.000000,0.000000,0.000000,0.000000,0.000000,0.000000,0.000000,0.000000,0.000000,0.000000,0.000000,0.000000,0.000000,0.000000,0.000000,0.000000,0.000000,0.000000,0.000000,0.000000,0.000000,0.000000,0.000000,0.000000,0.000000,0.000000,0.000000,0.000000,0.000000,0.000000,0.000000,0.000000,0.000000,0.000000,0.000000,0.000000,0.000000,999.996131,999.994936,999.994908,999.995553,999.996627,999.998087,999.997733,999.997779,999.997927,999.998283,999.998676,999.999106,999.999484,1000.000019,1000.000283,1000.000572,1000.000871,1000.001188,1000.001562,1000.001856,1000.002117,1000.002190,1000.002166,1000.002131,1000.002805,1000.003399,1000.003845,1000.003582,1000.003257,0.000000,0.000000,0.000000,0.000000,0.000000,0.000000,0.000000,0.000000,0.000000,0.000000,0.000000,0.000000,0.000000,0.000000,0.000000,0.000000,0.000000,0.000000,0.000000,0.000000,0.000000,0.000000,0.000000,0.000000,0.000000,0.000000,0.000000,0.000000,0.000000,0.000000,0.000000,0.000000,0.000000,0.000000,0.000000,0.000000,0.000000
0.000000,0.000000,0.000000,0.000000,0.000000,0.000000,0.000000,0.000000,0.000000,0.000000,0.000000,0.000000,0.000000,0.000000,0.000000,0.000000,0.000000,0.000000,0.000000,0.000000,0.000000,0.000000,0.000000,0.000000,0.000000,0.000000,0.000000,0.000000,0.000000,0.000000,0.000000,0.000000,0.000000,0.000000,999.994640,999.993652,999.994293,999.995697,999.995379,999.995472,999.995830,999.996771,999.997163,999.997489,999.997800,999.997970,999.998332,999.998685,999.999075,999.999474,999.999819,1000.000021,1000.000524,1000.000827,1000.001236,1000.001458,1000.001848,1000.002008,1000.002131,1000.002197,1000.002468,1000.002793,1000.003150,1000.003287,1000.003395,1000.003279,1000.003796,1000.004162,1000.003790,0.000000,0.000000,0.000000,0.000000,0.000000,0.000000,0.000000,0.000000,0.000000,0.000000,0.000000,0.000000,0.000000,0.000000,0.000000,0.000000,0.000000,0.000000,0.000000,0.000000,0.000000,0.000000,0.000000,0.000000,0.000000,0.000000,0.000000,0.000000,0.000000,0.000000,0.000000,0.000000,0.000000,0.000000
0.000000,0.000000,0.000000,0.000000,0.000000,0.000000,0.000000,0.000000,0.000000,0.000000,0.000000,0.000000,0.000000,0.000000,0.000000,0.000000,0.000000,0.000000,0.000000,0.000000,0.000000,0.000000,0.000000,0.000000,0.000000,0.000000,0.000000,0.000000,0.000000,0.000000,0.000000,0.000000,999.993839,999.993073,999.994206,999.994250,999.994762,999.995030,999.995276,999.995720,999.996078,999.996471,999.996819,999.997395,999.997664,999.997917,999.998208,999.998623,999.998830,999.999442,999.999638,1000.000071,1000.000286,1000.000786,1000.001096,1000.001318,1000.001601,1000.001931,1000.002117,1000.002283,1000.002554,1000.002859,1000.002991,1000.003244,1000.003473,1000.003463,1000.003607,1000.003827,1000.003771,1000.004182,1000.003922,0.000000,0.000000,0.000000,0.000000,0.000000,0.000000,0.000000,0.000000,0.000000,0.000000,0.000000,0.000000,0.000000,0.000000,0.000000,0.000000,0.000000,0.000000,0.000000,0.000000,0.000000,0.000000,0.000000,0.000000,0.000000,0.000000,0.000000,0.000000,0.000000,0.000000,0.000000,0.000000
0.000000,0.000000,0.000000,0.000000,0.000000,0.000000,0.000000,0.000000,0.000000,0.000000,0.000000,0.000000,0.000000,0.000000,0.000000,0.000000,0.000000,0.000000,0.000000,0.000000,0.000000,0.000000,0.000000,0.000000,0.000000,0.000000,0.000000,0.000000,0.000000,0.000000,999.992654,999.992059,999.993348,999.993716,999.993935,999.994159,999.994420,999.994660,999.995294,999.995682,999.995967,999.996285,999.996728,999.997147,999.997613,999.997865,999.998133,999.998565,999.998880,999.999250,999.999661,1000.000149,1000.000292,1000.000682,1000.000897,1000.001172,1000.001452,1000.001780,1000.002039,1000.002150,1000.002330,1000.002698,1000.002974,1000.003184,1000.003288,1000.003446,1000.003516,1000.003727,1000.003851,1000.003893,1000.003958,1000.004455,1000.004102,0.000000,0.000000,0.000000,0.000000,0.000000,0.000000,0.000000,0.000000,0.000000,0.000000,0.000000,0.000000,0.000000,0.000000,0.000000,0.000000,0.000000,0.000000,0.000000,0.000000,0.000000,0.000000,0.000000,0.000000,0.000000,0.000000,0.000000,0.000000,0.000000,0.000000
0.000000,0.000000,0.000000,0.000000,0.000000,0.000000,0.000000,0.000000,0.000000,0.000000,0.000000,0.000000,0.000000,0.000000,0.000000,0.000000,0.000000,0.000000,0.000000,0.000000,0.000000,0.000000,0.000000,0.000000,0.000000,0.000000,0.000000,0.000000,999.991528,999.990932,999.992324,999.992790,999.993114,999.993387,999.993719,999.993976,999.994394,999.994737,999.995125,999.995390,999.995693,999.996170,999.996655,999.996991,999.997377,999.997694,999.998133,999.998527,999.998888,999.999161,999.999560,999.999832,1000.000258,1000.000594,1000.000901,1000.001300,1000.001481,1000.001683,1000.002071,1000.002329,1000.002469,1000.002707,1000.002874,1000.003045,1000.003191,1000.003421,1000.003582,1000.003680,1000.003837,1000.003935,1000.004106,1000.004157,1000.004322,1000.004661,1000.004463,0.000000,0.000000,0.000000,0.000000,0.000000,0.000000,0.000000,0.000000,0.000000,0.000000,0.000000,0.000000,0.000000,0.000000,0.000000,0.000000,0.000000,0.000000,0.000000,0.000000,0.000000,0.000000,0.000000,0.000000,0.000000,0.000000,0.000000,0.000000
0.000000,0.000000,0.000000,0.000000,0.000000,0.000000,0.000000,0.000000,0.000000,0.000000,0.000000,0.000000,0.000000,0.000000,0.000000,0.000000,0.000000,0.000000,0.000000,0.000000,0.000000,0.000000,0.000000,0.000000,0.000000,0.000000,999.990550,999.990067,999.991200,999.991708,999.992127,999.992334,999.992683,999.993165,999.993497,999.993864,999.994289,999.994628,999.994846,999.995248,999.995756,999.996082,999.996513,999.996815,999.997008,999.997575,999.998104,999.998293,999.998724,999.999115,999.999337,999.999743,1000.000141,1000.000457,1000.000771,1000.001171,1000.001363,1000.001529,1000.001896,1000.002298,1000.002408,1000.002551,1000.002766,1000.003069,1000.003248,1000.003506,1000.003606,1000.003635,1000.003749,1000.003878,1000.004001,1000.004107,1000.004164,1000.004260,1000.004546,1000.004623,1000.004580,0.000000,0.000000,0.000000,0.000000,0.000000,0.000000,0.000000,0.000000,0.000000,0.000000,0.000000,0.000000,0.000000,0.000000,0.000000,0.000000,0.000000,0.000000,0.000000,0.000000,0.000000,0.000000,0.000000,0.000000,0.000000,0.000000
0.000000,0.000000,0.000000,0.000000,0.000000,0.000000,0.000000,0.000000,0.000000,0.000000,0.000000,0.000000,0.000000,0.000000,0.000000,0.000000,0.000000,0.000000,0.000000,0.000000,0.000000,0.000000,0.000000,0.000000,999.989836,999.989461,999.990283,999.990795,999.991031,999.991510,999.991742,999.992202,999.992603,999.992976,999.993288,999.993722,999.993999,999.994283,999.994728,999.995184,999.995544,999.995939,999.996312,999.996728,999.997104,999.997549,999.997974,999.998107,999.998617,999.998955,999.999435,999.999772,1000.000111,1000.000352,1000.000628,1000.001084,1000.001447,1000.001550,1000.001807,1000.002083,1000.002314,1000.002608,1000.002796,1000.003086,1000.003147,1000.003238,1000.003466,1000.003587,1000.003772,1000.003896,1000.003974,1000.004167,1000.004167,1000.004196,1000.004392,1000.004582,1000.004580,1000.004787,1000.004660,0.000000,0.000000,0.000000,0.000000,0.000000,0.000000,0.000000,0.000000,0.000000,0.000000,0.000000,0.000000,0.000000,0.000000,0.000000,0.000000,0.000000,0.000000,0.000000,0.000000,0.000000,0.000000,0.000000,0.000000
0.000000,0.000000,0.000000,0.000000,0.000000,0.000000,0.000000,0.000000,0.000000,0.000000,0.000000,0.000000,0.000000,0.000000,0.000000,0.000000,0.000000,0.000000,0.000000,0.000000,0.000000,0.000000,0.000000,999.989943,999.989825,999.989890,999.990250,999.990551,999.990853,999.991395,999.991617,999.992065,999.992469,999.992851,999.993135,999.993399,999.993810,999.994177,999.994671,999.994954,999.995253,999.995627,999.996064,999.996571,999.997032,999.997307,999.997648,999.998111,999.998614,999.998910,999.999312,999.999577,1000.000005,1000.000458,1000.000656,1000.000902,1000.001320,1000.001712,1000.001837,1000.002031,1000.002424,1000.002643,1000.002811,1000.002948,1000.003165,1000.003276,1000.003454,1000.003699,1000.003784,1000.003916,1000.003945,1000.004176,1000.004368,1000.004363,1000.004380,1000.004381,1000.004560,1000.004556,1000.004597,1000.004655,0.000000,0.000000,0.000000,0.000000,0.000000,0.000000,0.000000,0.000000,0.000000,0.000000,0.000000,0.000000,0.000000,0.000000,0.000000,0.000000,0.000000,0.000000,0.000000,0.000000,0.000000,0.000000,0.000000
0.000000,0.000000,0.000000,0.000000,0.000000,0.000000,0.000000,0.000000,0.000000,0.000000,0.000000,0.000000,0.000000,0.000000,0.000000,0.000000,0.000000,0.000000,0.000000,0.000000,0.000000,999.988731,999.988454,999.989550,999.989778,999.989915,999.990164,999.990500,999.990837,999.991192,999.991439,999.991772,999.992160,999.992501,999.992849,999.993211,999.993624,999.993918,999.994374,999.994731,999.995229,999.995605,999.995974,999.996392,999.996751,999.997171,999.997480,999.998096,999.998436,999.998734,999.999101,999.999532,999.999890,1000.000337,1000.000628,1000.000806,1000.001086,1000.001530,1000.001783,1000.002013,1000.002320,1000.002413,1000.002660,1000.002755,1000.003184,1000.003343,1000.003458,1000.003622,1000.003685,1000.003872,1000.003886,1000.003957,1000.004199,1000.004234,1000.004342,1000.004319,1000.004434,1000.004599,1000.004602,1000.004561,1000.004800,1000.004759,0.000000,0.000000,0.000000,0.000000,0.000000,0.000000,0.000000,0.000000,0.000000,0.000000,0.000000,0.000000,0.000000,0.000000,0.000000,0.000000,0.000000,0.000000,0.000000,0.000000,0.000000
0.000000,0.000000,0.000000,0.000000,0.000000,0.000000,0.000000,0.000000,0.000000,0.000000,0.000000,0.000000,0.000000,0.000000,0.000000,0.000000,0.000000,0.000000,0.000000,0.000000,999.989018,999.988880,999.989029,999.989352,999.989485,999.989866,999.990226,999.990430,999.990731,999.990945,999.991272,999.991694,999.991968,999.992293,999.992623,999.993055,999.993367,999.993782,999.994135,999.994493,999.994951,999.995429,999.995775,999.996154,999.996602,999.997132,999.997497,999.997925,999.998242,999.998620,999.999245,999.999547,999.999794,1000.000060,1000.000623,1000.000925,1000.001216,1000.001527,1000.001729,1000.002045,1000.002259,1000.002497,1000.002812,1000.002956,1000.003190,1000.003210,1000.003367,1000.003514,1000.003705,1000.003881,1000.004054,1000.003985,1000.004090,1000.004162,1000.004416,1000.004505,1000.004394,1000.004397,1000.004578,1000.004577,1000.004620,1000.004720,1000.004590,0.000000,0.000000,0.000000,0.000000,0.000000,0.000000,0.000000,0.000000,0.000000,0.000000,0.000000,0.000000,0.000000,0.000000,0.000000,0.000000,0.000000,0.000000,0.000000,0.000000
0.000000,0.000000,0.000000,0.000000,0.000000,0.000000,0.000000,0.000000,0.000000,0.000000,0.000000,0.000000,0.000000,0.000000,0.000000,0.000000,0.000000,0.000000,0.000000,999.988473,999.988730,999.988822,999.989109,999.989240,999.989627,999.989901,999.990036,999.990170,999.990469,999.990750,999.991127,999.991433,999.991712,999.991957,999.992250,999.992671,999.993112,999.993566,999.993839,999.994281,999.994579,999.995088,999.995628,999.996019,999.996455,999.996853,999.997316,999.997815,999.998169,999.998691,999.999066,999.999425,999.999773,1000.000096,1000.000537,1000.000864,1000.001174,1000.001420,1000.001698,1000.002002,1000.002211,1000.002446,1000.002712,1000.002952,1000.003035,1000.003254,1000.003412,1000.003536,1000.003689,1000.003747,1000.003946,1000.004103,1000.004192,1000.004158,1000.004216,1000.004389,1000.004519,1000.004473,1000.004505,1000.004594,1000.004552,1000.004561,1000.004650,1000.004762,0.000000,0.000000,0.000000,0.000000,0.000000,0.000000,0.000000,0.000000,0.000000,0.000000,0.000000,0.000000,0.000000,0.000000,0.000000,0.000000,0.000000,0.000000,0.000000
0.000000,0.000000,0.000000,0.000000,0.000000,0.000000,0.000000,0.000000,0.000000,0.000000,0.000000,0.000000,0.000000,0.000000,0.000000,0.000000,0.000000,0.000000,999.988557,999.988576,999.988721,999.988899,999.989092,999.989219,999.989468,999.989490,999.989761,999.990049,999.990339,999.990619,999.990829,999.991064,999.991417,999.991697,999.992203,999.992454,999.992857,999.993115,999.993566,999.994097,999.994474,999.994971,999.995394,999.995846,999.996240,999.996728,999.997241,999.997668,999.997977,999.998533,999.998800,999.999321,999.999796,1000.000178,1000.000403,1000.000755,1000.001113,1000.001304,1000.001696,1000.002018,1000.002234,1000.002467,1000.002528,1000.002757,1000.002983,1000.003195,1000.003488,1000.003553,1000.003702,1000.003693,1000.003798,1000.003950,1000.004175,1000.004230,1000.004197,1000.004221,1000.004352,1000.004473,1000.004422,1000.004437,1000.004626,1000.004502,1000.004491,1000.004555,1000.004677,0.000000,0.000000,0.000000,0.000000,0.000000,0.000000,0.000000,0.000000,0.000000,0.000000,0.000000,0.000000,0.000000,0.000000,0.000000,0.000000,0.000000,0.000000
0.000000,0.000000,0.000000,0.000000,0.000000,0.000000,0.000000,0.000000,0.000000,0.000000,0.000000,0.000000,0.000000,0.000000,0.000000,0.000000,0.000000,999.987995,999.988485,999.988617,999.988670,999.988892,999.989037,999.989194,999.989237,999.989516,999.989770,999.989955,999.990098,999.990283,999.990565,999.990824,999.991119,999.991590,999.991819,999.992064,999.992458,999.992859,999.993332,999.993834,999.994282,999.994645,999.995028,999.995564,999.996156,999.996688,999.997075,999.997478,999.998004,999.998497,999.998868,999.999295,999.999741,1000.000018,1000.000470,1000.000848,1000.001173,1000.001504,1000.001810,1000.001951,1000.002232,1000.002575,1000.002775,1000.002930,1000.003175,1000.003218,1000.003360,1000.003540,1000.003687,1000.003853,1000.003896,1000.003909,1000.004014,1000.004154,1000.004295,1000.004347,1000.004339,1000.004371,1000.004444,1000.004369,1000.004535,1000.004573,1000.004460,1000.004566,1000.004540,1000.004595,0.000000,0.000000,0.000000,0.000000,0.000000,0.000000,0.000000,0.000000,0.000000,0.000000,0.000000,0.000000,0.000000,0.000000,0.000000,0.000000,0.000000
0.000000,0.000000,0.000000,0.000000,0.000000,0.000000,0.000000,0.000000,0.000000,0.000000,0.000000,0.000000,0.000000,0.000000,0.000000,0.000000,999.988461,999.988307,999.988393,999.988498,999.988612,999.988921,999.989049,999.989056,999.989248,999.989360,999.989558,999.989574,999.989820,999.990048,999.990266,999.990492,999.990868,999.991009,999.991273,999.991776,999.992195,999.992649,999.993008,999.993419,999.993957,999.994398,999.994995,999.995485,999.996003,999.996380,999.996894,999.997391,999.998074,999.998423,999.998868,999.999224,999.999667,1000.000065,1000.000443,1000.000848,1000.001044,1000.001405,1000.001799,1000.001971,1000.002164,1000.002468,1000.002675,1000.002924,1000.003081,1000.003284,1000.003279,1000.003452,1000.003578,1000.003828,1000.003939,1000.003941,1000.003978,1000.004047,1000.004117,1000.004181,1000.004280,1000.004338,1000.004385,1000.004448,1000.004466,1000.004588,1000.004419,1000.004429,1000.004555,1000.004498,1000.004580,0.000000,0.000000,0.000000,0.000000,0.000000,0.000000,0.000000,0.000000,0.000000,0.000000,0.000000,0.000000,0.000000,0.000000,0.000000,0.000000
0.000000,0.000000,0.000000,0.000000,0.000000,0.000000,0.000000,0.000000,0.000000,0.000000,0.000000,0.000000,0.000000,0.000000,0.000000,999.987995,999.988307,999.988350,999.988437,999.988663,999.988726,999.988915,999.988800,999.988968,999.989069,999.989124,999.989254,999.989438,999.989600,999.989798,999.989987,999.990224,999.990363,999.990647,999.991102,999.991507,999.991886,999.992202,999.992652,999.993120,999.993615,999.994197,999.994691,999.995236,999.995713,999.996261,999.996876,999.997388,999.997854,999.998192,999.998767,999.999310,999.999663,1000.000241,1000.000429,1000.000773,1000.001143,1000.001484,1000.001754,1000.002129,1000.002378,1000.002542,1000.002680,1000.002845,1000.003020,1000.003273,1000.003501,1000.003598,1000.003639,1000.003727,1000.003895,1000.004044,1000.004076,1000.004112,1000.004124,1000.004212,1000.004252,1000.004341,1000.004334,1000.004237,1000.004265,1000.004429,1000.004559,1000.004393,1000.004453,1000.004521,1000.004465,1000.004522,0.000000,0.000000,0.000000,0.000000,0.000000,0.000000,0.000000,0.000000,0.000000,0.000000,0.000000,0.000000,0.000000,0.000000,0.000000
0.000000,0.000000,0.000000,0.000000,0.000000,0.000000,0.000000,0.000000,0.000000,0.000000,0.000000,0.000000,0.000000,0.000000,999.988557,999.988485,999.988393,999.988437,999.988730,999.988650,999.988681,999.988740,999.988703,999.988839,999.988921,999.988948,999.989135,999.989173,999.989116,999.989402,999.989548,999.989746,999.990008,999.990424,999.990667,999.990998,999.991264,999.991763,999.992340,999.992877,999.993329,999.993945,999.994454,999.994989,999.995618,999.996245,999.996794,999.997289,999.997765,999.998361,999.998829,999.999309,999.999697,1000.000094,1000.000484,1000.000897,1000.001349,1000.001637,1000.001765,1000.002019,1000.002363,1000.002548,1000.002862,1000.003029,1000.003171,1000.003286,1000.003478,1000.003646,1000.003699,1000.003784,1000.003769,1000.003907,1000.003988,1000.004082,1000.004134,1000.004234,1000.004227,1000.004204,1000.004390,1000.004421,1000.004258,1000.004297,1000.004370,1000.004416,1000.004303,1000.004397,1000.004408,1000.004483,1000.004413,0.000000,0.000000,0.000000,0.000000,0.000000,0.000000,0.000000,0.000000,0.000000,0.000000,0.000000,0.000000,0.000000,0.000000
0.000000,0.000000,0.000000,0.000000,0.000000,0.000000,0.000000,0.000000,0.000000,0.000000,0.000000,0.000000,0.000000,999.988473,999.988576,999.988617,999.988498,999.988663,999.988650,999.988530,999.988645,999.988695,999.988705,999.988681,999.988792,999.988696,999.988800,999.988754,999.988958,999.989075,999.989249,999.989409,999.989657,999.989788,999.990139,999.990517,999.990983,999.991522,999.991941,999.992458,999.992961,999.993653,999.994286,999.994854,999.995498,999.996055,999.996618,999.997123,999.997844,999.998427,999.998867,999.999252,999.999736,1000.000166,1000.000652,1000.000971,1000.001287,1000.001573,1000.001900,1000.002180,1000.002423,1000.002650,1000.002883,1000.003089,1000.003256,1000.003335,1000.003414,1000.003579,1000.003737,1000.003862,1000.003900,1000.003920,1000.004051,1000.004012,1000.004007,1000.004086,1000.004205,1000.004133,1000.004161,1000.004386,1000.004319,1000.004346,1000.004386,1000.004328,1000.004342,1000.004278,1000.004218,1000.004293,1000.004450,1000.004316,0.000000,0.000000,0.000000,0.000000,0.000000,0.000000,0.000000,0.000000,0.000000,0.000000,0.000000,0.000000,0.000000
0.000000,0.000000,0.000000,0.000000,0.000000,0.000000,0.000000,0.000000,0.000000,0.000000,0.000000,0.000000,999.989018,999.988730,999.988721,999.988670,999.988612,999.988726,999.988681,999.988645,999.988650,999.988718,999.988571,999.988546,999.988518,999.988479,999.988523,999.988521,999.988674,999.988720,999.988723,999.988832,999.989078,999.989319,999.989704,999.990081,999.990488,999.990956,999.991440,999.992090,999.992711,999.993306,999.993918,999.994711,999.995327,999.995965,999.996642,999.997277,999.997829,999.998361,999.998872,999.999433,999.999836,1000.000325,1000.000677,1000.001072,1000.001352,1000.001701,1000.002067,1000.002360,1000.002588,1000.002814,1000.002939,1000.003072,1000.003254,1000.003491,1000.003495,1000.003685,1000.003729,1000.003806,1000.003940,1000.003957,1000.004131,1000.004138,1000.004153,1000.004070,1000.004203,1000.004290,1000.004119,1000.004139,1000.004266,1000.004139,1000.004270,1000.004325,1000.004395,1000.004390,1000.004247,1000.004144,1000.004255,1000.004246,1000.004346,0.000000,0.000000,0.000000,0.000000,0.000000,0.000000,0.000000,0.000000,0.000000,0.000000,0.000000,0.000000
0.000000,0.000000,0.000000,0.000000,0.000000,0.000000,0.000000,0.000000,0.000000,0.000000,0.000000,999.988731,999.988880,999.988822,999.988899,999.988892,999.988921,999.988915,999.988740,999.988695,999.988718,999.988526,999.988376,999.988431,999.988326,999.988317,999.988187,999.988162,999.988158,999.988089,999.988124,999.988383,999.988583,999.988851,999.989152,999.989385,999.989837,999.990437,999.991040,999.991702,999.992403,999.993029,999.993805,999.994499,999.995168,999.995900,999.996628,999.997277,999.997756,999.998383,999.998985,999.999576,1000.000070,1000.000466,1000.000763,1000.001224,1000.001587,1000.001914,1000.002222,1000.002387,1000.002635,1000.002813,1000.003056,1000.003250,1000.003369,1000.003599,1000.003636,1000.003746,1000.003791,1000.003846,1000.003962,1000.003931,1000.003958,1000.004055,1000.004161,1000.004129,1000.004008,1000.004235,1000.004286,1000.004127,1000.004220,1000.004210,1000.004106,1000.004092,1000.004169,1000.004298,1000.004347,1000.004271,1000.004243,1000.004151,1000.004240,1000.004258,0.000000,0.000000,0.000000,0.000000,0.000000,0.000000,0.000000,0.000000,0.000000,0.000000,0.000000
0.000000,0.000000,0.000000,0.000000,0.000000,0.000000,0.000000,0.000000,0.000000,0.000000,0.000000,999.988454,999.989029,999.989109,999.989092,999.989037,999.989049,999.988800,999.988703,999.988705,999.988571,999.988376,999.988382,999.988287,999.988006,999.987971,999.987881,999.987715,999.987762,999.987724,999.987772,999.987851,999.987850,999.988171,999.988450,999.988814,999.989492,999.989927,999.990533,999.991159,999.991993,999.992747,999.993579,999.994316,999.995130,999.995857,999.996611,999.997392,999.998084,999.998603,999.999200,999.999621,1000.000190,1000.000612,1000.001127,1000.001416,1000.001769,1000.002067,1000.002364,1000.002544,1000.002831,1000.003028,1000.003184,1000.003376,1000.003501,1000.003584,1000.003728,1000.003831,1000.003915,1000.003949,1000.004062,1000.004040,1000.004045,1000.004016,1000.004129,1000.004227,1000.004030,1000.003971,1000.004176,1000.004158,1000.004164,1000.004212,1000.004163,1000.004190,1000.003997,1000.004043,1000.004078,1000.004244,1000.004294,1000.004136,1000.004124,1000.004361,0.000000,0.000000,0.000000,0.000000,0.000000,0.000000,0.000000,0.000000,0.000000,0.000000,0.000000
0.000000,0.000000,0.000000,0.000000,0.000000,0.000000,0.000000,0.000000,0.000000,0.000000,999.989943,999.989550,999.989352,999.989240,999.989219,999.989194,999.989056,999.988968,999.988839,999.988681,999.988546,999.988431,999.988287,999.987975,999.987885,999.987772,999.987480,999.987330,999.987330,999.987054,999.987127,999.987161,999.987233,999.987539,999.987721,999.988204,999.988661,999.989260,999.989939,999.990771,999.991568,999.992436,999.993326,999.994196,999.995126,999.995934,999.996697,999.997400,999.998150,999.998820,999.999454,999.999905,1000.000321,1000.000786,1000.001333,1000.001629,1000.001932,1000.002264,1000.002522,1000.002822,1000.003042,1000.003269,1000.003383,1000.003529,1000.003597,1000.003722,1000.003818,1000.003916,1000.003988,1000.004024,1000.004031,1000.004137,1000.004143,1000.004087,1000.003967,1000.004201,1000.004262,1000.004031,1000.003999,1000.004113,1000.003993,1000.004074,1000.004094,1000.004177,1000.004187,1000.004059,1000.003980,1000.003915,1000.004136,1000.004047,1000.004060,1000.004093,1000.003948,0.000000,0.000000,0.000000,0.000000,0.000000,0.000000,0.000000,0.000000,0.000000,0.000000
0.000000,0.000000,0.000000,0.000000,0.000000,0.000000,0.000000,0.000000,0.000000,999.989836,999.989825,999.989778,999.989485,999.989627,999.989468,999.989237,999.989248,999.989069,999.988921,999.988792,999.988518,999.988326,999.988006,999.987885,999.987646,999.987309,999.987081,999.986989,999.986628,999.986495,999.986547,999.986429,999.986511,999.986680,999.986851,999.987312,999.987883,999.988550,999.989321,999.990253,999.991139,999.992138,999.993062,999.994121,999.995099,999.996086,999.996794,999.997581,999.998288,999.999003,999.999608,1000.000294,1000.000764,1000.001168,1000.001488,1000.001890,1000.002232,1000.002545,1000.002749,1000.003010,1000.003183,1000.003387,1000.003566,1000.003712,1000.003853,1000.003906,1000.003993,1000.003957,1000.004021,1000.004120,1000.004121,1000.004121,1000.004172,1000.004223,1000.004064,1000.004025,1000.004196,1000.004155,1000.004062,1000.004092,1000.004114,1000.003952,1000.003968,1000.003976,1000.004008,1000.004110,1000.004142,1000.003844,1000.004017,1000.004056,1000.003924,1000.003948,1000.004019,1000.003957,0.000000,0.000000,0.000000,0.000000,0.000000,0.000000,0.000000,0.000000,0.000000
0.000000,0.000000,0.000000,0.000000,0.000000,0.000000,0.000000,0.000000,0.000000,999.989461,999.989890,999.989915,999.989866,999.989901,999.989490,999.989516,999.989360,999.989124,999.988948,999.988696,999.988479,999.988317,999.987971,999.987772,999.987309,999.987025,999.986765,999.986519,999.986126,999.986026,999.985790,999.985500,999.985552,999.985713,999.985978,999.986519,999.987110,999.987740,999.988710,999.989685,999.990721,999.991852,999.993014,999.994136,999.995067,999.996152,999.997088,999.998054,999.998863,999.999411,999.999901,1000.000514,1000.001080,1000.001504,1000.001885,1000.002241,1000.002570,1000.002810,1000.003092,1000.003323,1000.003403,1000.003571,1000.003721,1000.003827,1000.003952,1000.004055,1000.004129,1000.004162,1000.004204,1000.004125,1000.004201,1000.004188,1000.004146,1000.004200,1000.004215,1000.004054,1000.004099,1000.004059,1000.004030,1000.004007,1000.004033,1000.004015,1000.003900,1000.003898,1000.003872,1000.003792,1000.004008,1000.003946,1000.003863,1000.003961,1000.003894,1000.003810,1000.003848,1000.004024,0.000000,0.000000,0.000000,0.000000,0.000000,0.000000,0.000000,0.000000,0.000000
0.000000,0.000000,0.000000,0.000000,0.000000,0.000000,0.000000,0.000000,999.990550,999.990283,999.990250,999.990164,999.990226,999.990036,999.989761,999.989770,999.989558,999.989254,999.989135,999.988800,999.988523,999.988187,999.987881,999.987480,999.987081,999.986765,999.986460,999.985850,999.985464,999.985191,999.984884,999.984629,999.984821,999.984755,999.984957,999.985388,999.985918,999.986753,999.987835,999.988981,999.990220,999.991587,999.992968,999.994167,999.995249,999.996365,999.997365,999.998205,999.999040,999.999786,1000.000470,1000.000937,1000.001437,1000.001859,1000.002322,1000.002616,1000.002916,1000.003115,1000.003361,1000.003610,1000.003744,1000.003988,1000.004030,1000.004087,1000.004148,1000.004243,1000.004288,1000.004388,1000.004403,1000.004343,1000.004240,1000.004327,1000.004282,1000.004195,1000.004231,1000.004160,1000.004055,1000.004094,1000.004033,1000.003928,1000.003925,1000.003916,1000.003885,1000.003911,1000.003905,1000.003771,1000.003770,1000.003833,1000.003734,1000.003755,1000.003905,1000.003895,1000.003711,1000.003817,1000.003802,0.000000,0.000000,0.000000,0.000000,0.000000,0.000000,0.000000,0.000000
0.000000,0.000000,0.000000,0.000000,0.000000,0.000000,0.000000,0.000000,999.990067,999.990795,999.990551,999.990500,999.990430,999.990170,999.990049,999.989955,999.989574,999.989438,999.989173,999.988754,999.988521,999.988162,999.987715,999.987330,999.986989,999.986519,999.985850,999.985310,999.985113,999.984529,999.984066,999.983763,999.983574,999.983289,999.983615,999.984078,999.984755,999.985776,999.986988,999.988289,999.989753,999.991212,999.992701,999.994172,999.995633,999.996867,999.998001,999.998928,999.999523,1000.000350,1000.001058,1000.001534,1000.001948,1000.002338,1000.002635,1000.002981,1000.003290,1000.003484,1000.003683,1000.003865,1000.003950,1000.004127,1000.004298,1000.004314,1000.004411,1000.004429,1000.004351,1000.004391,1000.004467,1000.004487,1000.004418,1000.004326,1000.004341,1000.004269,1000.004229,1000.004164,1000.004115,1000.004042,1000.004034,1000.004013,1000.003896,1000.003932,1000.003782,1000.003741,1000.003900,1000.003754,1000.003755,1000.003786,1000.003683,1000.003532,1000.003680,1000.003808,1000.003621,1000.003600,1000.003955,0.000000,0.000000,0.000000,0.000000,0.000000,0.000000,0.000000,0.000000
0.000000,0.000000,0.000000,0.000000,0.000000,0.000000,0.000000,999.991528,999.991200,999.991031,999.990853,999.990837,999.990731,999.990469,999.990339,999.990098,999.989820,999.989600,999.989116,999.988958,999.988674,999.988158,999.987762,999.987330,999.986628,999.986126,999.985464,999.985113,999.984457,999.983498,999.983052,999.982611,999.982106,999.982071,999.982333,999.982617,999.983339,999.984423,999.985818,999.987462,999.989303,999.991197,999.992907,999.994535,999.996010,999.997255,999.998373,999.999452,1000.000283,1000.000992,1000.001542,1000.002080,1000.002505,1000.002941,1000.003215,1000.003480,1000.003735,1000.003951,1000.004111,1000.004270,1000.004371,1000.004394,1000.004531,1000.004588,1000.004622,1000.004692,1000.004651,1000.004564,1000.004537,1000.004554,1000.004524,1000.004462,1000.004367,1000.004320,1000.004262,1000.004248,1000.004096,1000.004052,1000.003921,1000.003904,1000.003866,1000.003816,1000.003820,1000.003588,1000.003639,1000.003596,1000.003632,1000.003683,1000.003700,1000.003575,1000.003446,1000.003636,1000.003602,1000.003557,1000.003540,1000.003460,0.000000,0.000000,0.000000,0.000000,0.000000,0.000000,0.000000
0.000000,0.000000,0.000000,0.000000,0.000000,0.000000,0.000000,999.990932,999.991708,999.991510,999.991395,999.991192,999.990945,999.990750,999.990619,999.990283,999.990048,999.989798,999.989402,999.989075,999.988720,999.988089,999.987724,999.987054,999.986495,999.986026,999.985191,999.984529,999.983498,999.982731,999.982363,999.981524,999.980788,999.980513,999.980289,999.980462,999.981474,999.982799,999.984519,999.986531,999.988643,999.990941,999.993139,999.995020,999.996791,999.998172,999.999197,1000.000162,1000.001100,1000.001731,1000.002275,1000.002694,1000.003117,1000.003466,1000.003760,1000.003964,1000.004124,1000.004344,1000.004453,1000.004585,1000.004733,1000.004747,1000.004813,1000.004854,1000.004809,1000.004862,1000.004865,1000.004895,1000.004816,1000.004699,1000.004627,1000.004595,1000.004491,1000.004395,1000.004260,1000.004204,1000.004174,1000.004077,1000.003974,1000.003833,1000.003738,1000.003729,1000.003757,1000.003694,1000.003595,1000.003526,1000.003442,1000.003484,1000.003521,1000.003512,1000.003411,1000.003442,1000.003422,1000.003368,1000.003374,1000.003620,0.000000,0.000000,0.000000,0.000000,0.000000,0.000000,0.000000
0.000000,0.000000,0.000000,0.000000,0.000000,0.000000,999.992654,999.992324,999.992127,999.991742,999.991617,999.991439,999.991272,999.991127,999.990829,999.990565,999.990266,999.989987,999.989548,999.989249,999.988723,999.988124,999.987772,999.987127,999.986547,999.985790,999.984884,999.984066,999.983052,999.982363,999.981272,999.979670,999.978934,999.978421,999.978016,999.978456,999.979446,999.980729,999.982954,999.985573,999.988300,999.991037,999.993522,999.995590,999.997498,999.999184,1000.000440,1000.001345,1000.002071,1000.002636,1000.003099,1000.003569,1000.003836,1000.004110,1000.004357,1000.004534,1000.004677,1000.004859,1000.004929,1000.004957,1000.005091,1000.005076,1000.005113,1000.005132,1000.005084,1000.005098,1000.004995,1000.004892,1000.004919,1000.004864,1000.004697,1000.004629,1000.004595,1000.004435,1000.004329,1000.004173,1000.004128,1000.004015,1000.004011,1000.003936,1000.003763,1000.003626,1000.003602,1000.003629,1000.003526,1000.003484,1000.003476,1000.003324,1000.003349,1000.003349,1000.003295,1000.003438,1000.003287,1000.003280,1000.003261,1000.003208,1000.003189,0.000000,0.000000,0.000000,0.000000,0.000000,0.000000
0.000000,0.000000,0.000000,0.000000,0.000000,0.000000,999.992059,999.992790,999.992334,999.992202,999.992065,999.991772,999.991694,999.991433,999.991064,999.990824,999.990492,999.990224,999.989746,999.989409,999.988832,999.988383,999.987851,999.987161,999.986429,999.985500,999.984629,999.983763,999.982611,999.981524,999.979670,999.978394,999.977830,999.976327,999.975405,999.975419,999.976088,999.977857,999.980754,999.984267,999.987860,999.991378,999.994616,999.997107,999.998851,1000.000331,1000.001496,1000.002447,1000.003147,1000.003645,1000.004021,1000.004431,1000.004641,1000.004821,1000.004941,1000.005113,1000.005181,1000.005303,1000.005400,1000.005403,1000.005464,1000.005479,1000.005422,1000.005447,1000.005356,1000.005345,1000.005358,1000.005171,1000.005011,1000.005007,1000.004863,1000.004708,1000.004620,1000.004542,1000.004423,1000.004273,1000.004148,1000.003944,1000.003847,1000.003838,1000.003755,1000.003676,1000.003455,1000.003405,1000.003468,1000.003319,1000.003346,1000.003316,1000.003223,1000.003236,1000.003141,1000.003199,1000.003178,1000.003129,1000.003197,1000.003086,1000.003311,0.000000,0.000000,0.000000,0.000000,0.000000,0.000000
0.000000,0.000000,0.000000,0.000000,0.000000,999.993839,999.993348,999.993114,999.992683,999.992603,999.992469,999.992160,999.991968,999.991712,999.991417,999.991119,999.990868,999.990363,999.990008,999.989657,999.989078,999.988583,999.987850,999.987233,999.986511,999.985552,999.984821,999.983574,999.982106,999.980788,999.978934,999.977830,999.975632,999.972695,999.971610,999.971333,999.971911,999.974564,999.978332,999.982667,999.987494,999.991967,999.995667,999.998766,1000.000939,1000.002261,1000.003247,1000.003892,1000.004424,1000.004789,1000.005112,1000.005233,1000.005459,1000.005538,1000.005673,1000.005771,1000.005769,1000.005775,1000.005800,1000.005840,1000.005785,1000.005798,1000.005747,1000.005706,1000.005643,1000.005454,1000.005431,1000.005412,1000.005262,1000.005117,1000.005040,1000.004822,1000.004686,1000.004523,1000.004403,1000.004313,1000.004161,1000.004054,1000.003841,1000.003731,1000.003649,1000.003572,1000.003485,1000.003389,1000.003338,1000.003224,1000.003131,1000.003131,1000.003203,1000.003114,1000.003068,1000.003011,1000.003017,1000.002983,1000.002883,1000.002901,1000.002910,1000.002886,0.000000,0.000000,0.000000,0.000000,0.000000
0.000000,0.000000,0.000000,0.000000,0.000000,999.993073,999.993716,999.993387,999.993165,999.992976,999.992851,999.992501,999.992293,999.991957,999.991697,999.991590,999.991009,999.990647,999.990424,999.989788,999.989319,999.988851,999.988171,999.987539,999.986680,999.985713,999.984755,999.983289,999.982071,999.980513,999.978421,999.976327,999.972695,999.970123,999.968513,999.966151,999.966667,999.969737,999.974594,999.981559,999.988640,999.994229,999.998355,1000.001206,1000.003065,1000.004329,1000.005078,1000.005520,1000.005807,1000.006028,1000.006216,1000.006193,1000.006319,1000.006315,1000.006392,1000.006401,1000.006418,1000.006378,1000.006326,1000.006296,1000.006204,1000.006136,1000.006095,1000.005983,1000.005995,1000.005822,1000.005616,1000.005508,1000.005408,1000.005179,1000.005135,1000.004952,1000.004797,1000.004639,1000.004414,1000.004201,1000.004092,1000.004012,1000.003871,1000.003725,1000.003573,1000.003451,1000.003295,1000.003260,1000.003265,1000.003132,1000.003049,1000.002950,1000.002998,1000.002978,1000.002934,1000.002899,1000.002933,1000.002990,1000.002794,1000.002792,1000.002760,1000.002917,0.000000,0.000000,0.000000,0.000000,0.000000
0.000000,0.000000,0.000000,0.000000,999.994640,999.994206,999.993935,999.993719,999.993497,999.993288,999.993135,999.992849,999.992623,999.992250,999.992203,999.991819,999.991273,999.991102,999.990667,999.990139,999.989704,999.989152,999.988450,999.987721,999.986851,999.985978,999.984957,999.983615,999.982333,999.980289,999.978016,999.975405,999.971610,999.968513,999.963009,999.956921,999.955681,999.959149,999.967231,999.978490,999.989689,999.998017,1000.002810,1000.005080,1000.006196,1000.006821,1000.007153,1000.007387,1000.007395,1000.007424,1000.007367,1000.007303,1000.007249,1000.007192,1000.007038,1000.006940,1000.006922,1000.006819,1000.006789,1000.006739,1000.006655,1000.006568,1000.006432,1000.006217,1000.006171,1000.006093,1000.005879,1000.005727,1000.005596,1000.005349,1000.005190,1000.005017,1000.004786,1000.004690,1000.004524,1000.004292,1000.004108,1000.003967,1000.003728,1000.003640,1000.003553,1000.003379,1000.003309,1000.003185,1000.003017,1000.003004,1000.003061,1000.002796,1000.002806,1000.002878,1000.002757,1000.002662,1000.002742,1000.002770,1000.002688,1000.002725,1000.002669,1000.002697,1000.002595,0.000000,0.000000,0.000000,0.000000
0.000000,0.000000,0.000000,0.000000,999.993652,999.994250,999.994159,999.993976,999.993864,999.993722,999.993399,999.993211,999.993055,999.992671,999.992454,999.992064,999.991776,999.991507,999.990998,999.990517,999.990081,999.989385,999.988814,999.988204,999.987312,999.986519,999.985388,999.984078,999.982617,999.980462,999.978456,999.975419,999.971333,999.966151,999.956921,999.946882,999.945314,999.953595,999.965828,999.981093,999.996582,1000.005136,1000.008100,1000.009696,1000.009887,1000.009799,1000.009520,1000.009273,1000.008972,1000.008736,1000.008461,1000.008295,1000.008130,1000.007979,1000.007821,1000.007690,1000.007577,1000.007427,1000.007276,1000.007132,1000.007062,1000.006893,1000.006826,1000.006592,1000.006351,1000.006285,1000.006104,1000.005886,1000.005702,1000.005479,1000.005293,1000.005095,1000.004824,1000.004656,1000.004461,1000.004279,1000.004116,1000.003927,1000.003692,1000.003559,1000.003440,1000.003264,1000.003183,1000.003121,1000.002857,1000.002843,1000.002967,1000.002730,1000.002644,1000.002729,1000.002594,1000.002621,1000.002657,1000.002462,1000.002437,1000.002601,1000.002453,1000.002577,1000.002882,0.000000,0.000000,0.000000,0.000000
