0.000000,0.000000,0.000000,0.000000,0.000000,0.000000,0.000000,0.000000,0.000000,0.000000,0.000000,0.000000,0.000000,0.000000,0.000000,0.000000,0.000000,0.000000,0.000000,0.000000,0.000000,0.000000,0.000000,0.000000,0.000000,0.000000,0.000000,0.000000,0.000000,0.000000,0.000000,0.000000,0.000000,0.000000,0.000000,0.000000,0.000000,0.000000,0.000000,0.000000,0.000000,0.000000,0.000000,0.000000,0.000000,0.000000,0.000000,0.000000,0.000000,0.000000,0.000000,0.000000,0.000000,0.000000,0.000000,0.000000,0.000000,0.000000,0.000000,0.000000,0.000000,0.000000,0.000000,0.000000,0.000000,0.000000,0.000000,0.000000,0.000000,0.000000,0.000000,0.000000,0.000000,0.000000,0.000000,0.000000,0.000000,0.000000,0.000000,0.000000,0.000000,0.000000,0.000000,0.000000,0.000000,0.000000,0.000000,0.000000,0.000000,0.000000,0.000000,0.000000,0.000000,0.000000,0.000000,0.000000,0.000000,0.000000,0.000000,0.000000,0.000000,0.000000,0.000000
0.000000,0.000000,0.000000,0.000000,0.000000,0.000000,0.000000,0.000000,0.000000,0.000000,0.000000,0.000000,0.000000,0.000000,0.000000,0.000000,0.000000,0.000000,0.000000,0.000000,0.000000,0.000000,0.000000,0.000000,0.000000,0.000000,0.000000,0.000000,0.000000,0.000000,0.000000,0.000000,0.000000,0.000000,0.000000,0.000000,0.000000,0.000000,0.000000,0.000000,0.000000,0.000000,0.000000,0.000000,0.000000,0.000000,0.000000,0.000000,0.000000,0.000000,0.000000,999.997297,0.000000,0.000000,0.000000,0.000000,0.000000,0.000000,0.000000,0.000000,0.000000,0.000000,0.000000,0.000000,0.000000,0.000000,0.000000,0.000000,0.000000,0.000000,0.000000,0.000000,0.000000,0.000000,0.000000,0.000000,0.000000,0.000000,0.000000,0.000000,0.000000,0.000000,0.000000,0.000000,0.000000,0.000000,0.000000,0.000000,0.000000,0.000000,0.000000,0.000000,0.000000,0.000000,0.000000,0.000000,0.000000,0.000000,0.000000,0.000000,0.000000,0.000000,0.000000
0.000000,0.000000,0.000000,0.000000,0.000000,0.000000,0.000000,0.000000,0.000000,0.000000,0.000000,0.000000,0.000000,0.000000,0.000000,0.000000,0.000000,0.000000,0.000000,0.000000,0.000000,0.000000,0.000000,0.000000,0.000000,0.000000,0.000000,0.000000,0.000000,0.000000,0.000000,0.000000,0.000000,0.000000,0.000000,0.000000,0.000000,0.000000,0.000000,0.000000,0.000000,0.000000,999.994884,999.991908,999.991916,999.992578,999.993282,999.994018,999.994853,999.996061,999.997061,999.997234,999.997393,999.998343,999.999424,1000.000076,1000.000608,1000.001090,1000.001511,1000.001461,999.999262,0.000000,0.000000,0.000000,0.000000,0.000000,0.000000,0.000000,0.000000,0.000000,0.000000,0.000000,0.000000,0.000000,0.000000,0.000000,0.000000,0.000000,0.000000,0.000000,0.000000,0.000000,0.000000,0.000000,0.000000,0.000000,0.000000,0.000000,0.000000,0.000000,0.000000,0.000000,0.000000,0.000000,0.000000,0.000000,0.000000,0.000000,0.000000,0.000000,0.000000,0.000000,0.000000
0.000000,0.000000,0.000000,0.000000,0.000000,0.000000,0.000000,0.000000,0.000000,0.000000,0.000000,0.000000,0.000000,0.000000,0.000000,0.000000,0.000000,0.000000,0.000000,0.000000,0.000000,0.000000,0.000000,0.000000,0.000000,0.000000,0.000000,0.000000,0.000000,0.000000,0.000000,0.000000,0.000000,0.000000,0.000000,0.000000,0.000000,999.990312,999.987447,999.987313,999.988669,999.990900,999.993957,999.993229,999.992742,999.992954,999.993525,999.994235,999.994961,999.995735,999.996872,999.997123,999.997368,999.998435,999.999087,999.999681,1000.000220,1000.000629,1000.000749,1000.000391,999.999869,1000.001951,1000.003361,1000.004126,1000.003877,1000.002105,0.000000,0.000000,0.000000,0.000000,0.000000,0.000000,0.000000,0.000000,0.000000,0.000000,0.000000,0.000000,0.000000,0.000000,0.000000,0.000000,0.000000,0.000000,0.000000,0.000000,0.000000,0.000000,0.000000,0.000000,0.000000,0.000000,0.000000,0.000000,0.000000,0.000000,0.000000,0.000000,0.000000,0.000000,0.000000,0.000000,0.000000
0.000000,0.000000,0.000000,0.000000,0.000000,0.000000,0.000000,0.000000,0.000000,0.000000,0.000000,0.000000,0.000000,0.000000,0.000000,0.000000,0.000000,0.000000,0.000000,0.000000,0.000000,0.000000,0.000000,0.000000,0.000000,0.000000,0.000000,0.000000,0.000000,0.000000,0.000000,0.000000,0.000000,0.000000,999.987634,999.985570,999.986724,999.989597,999.989098,999.988816,999.989302,999.991163,999.992245,999.992518,999.992820,999.993203,999.993712,999.994334,999.995043,999.995705,999.996403,999.997028,999.997620,999.998258,999.998828,999.999429,999.999915,1000.000293,1000.000548,1000.000731,1000.000904,1000.001608,1000.002785,1000.003060,1000.002841,1000.002466,1000.004042,1000.004671,1000.003539,0.000000,0.000000,0.000000,0.000000,0.000000,0.000000,0.000000,0.000000,0.000000,0.000000,0.000000,0.000000,0.000000,0.000000,0.000000,0.000000,0.000000,0.000000,0.000000,0.000000,0.000000,0.000000,0.000000,0.000000,0.000000,0.000000,0.000000,0.000000,0.000000,0.000000,0.000000,0.000000,0.000000,0.000000
0.000000,0.000000,0.000000,0.000000,0.000000,0.000000,0.000000,0.000000,0.000000,0.000000,0.000000,0.000000,0.000000,0.000000,0.000000,0.000000,0.000000,0.000000,0.000000,0.000000,0.000000,0.000000,0.000000,0.000000,0.000000,0.000000,0.000000,0.000000,0.000000,0.000000,0.000000,0.000000,999.986794,999.984956,999.987286,999.987082,999.987889,999.988512,999.988779,999.989285,999.989911,999.990850,999.991495,999.992276,999.992784,999.993244,999.993774,999.994368,999.995022,999.995686,999.996294,999.996932,999.997560,999.998111,999.998699,999.999240,999.999710,1000.000106,1000.000440,1000.000778,1000.001279,1000.001682,1000.002265,1000.002613,1000.002908,1000.003034,1000.003325,1000.003722,1000.003587,1000.004777,1000.003695,0.000000,0.000000,0.000000,0.000000,0.000000,0.000000,0.000000,0.000000,0.000000,0.000000,0.000000,0.000000,0.000000,0.000000,0.000000,0.000000,0.000000,0.000000,0.000000,0.000000,0.000000,0.000000,0.000000,0.000000,0.000000,0.000000,0.000000,0.000000,0.000000,0.000000,0.000000,0.000000
0.000000,0.000000,0.000000,0.000000,0.000000,0.000000,0.000000,0.000000,0.000000,0.000000,0.000000,0.000000,0.000000,0.000000,0.000000,0.000000,0.000000,0.000000,0.000000,0.000000,0.000000,0.000000,0.000000,0.000000,0.000000,0.000000,0.000000,0.000000,0.000000,0.000000,999.984873,999.983115,999.985909,999.986586,999.986925,999.987095,999.987697,999.988135,999.988818,999.989379,999.990013,999.990691,999.991369,999.992056,999.992635,999.993207,999.993781,999.994380,999.995000,999.995636,999.996253,999.996875,999.997469,999.998038,999.998602,999.999120,999.999593,1000.000025,1000.000436,1000.000818,1000.001261,1000.001682,1000.002093,1000.002446,1000.002739,1000.003117,1000.003331,1000.003604,1000.003639,1000.003820,1000.004127,1000.005458,1000.004603,0.000000,0.000000,0.000000,0.000000,0.000000,0.000000,0.000000,0.000000,0.000000,0.000000,0.000000,0.000000,0.000000,0.000000,0.000000,0.000000,0.000000,0.000000,0.000000,0.000000,0.000000,0.000000,0.000000,0.000000,0.000000,0.000000,0.000000,0.000000,0.000000,0.000000
0.000000,0.000000,0.000000,0.000000,0.000000,0.000000,0.000000,0.000000,0.000000,0.000000,0.000000,0.000000,0.000000,0.000000,0.000000,0.000000,0.000000,0.000000,0.000000,0.000000,0.000000,0.000000,0.000000,0.000000,0.000000,0.000000,0.000000,0.000000,999.983046,999.981404,999.984160,999.985071,999.985532,999.986008,999.986405,999.987092,999.987619,999.988129,999.988739,999.989317,999.989966,999.990602,999.991266,999.991909,999.992537,999.993143,999.993749,999.994361,999.994980,999.995594,999.996213,999.996813,999.997402,999.997971,999.998516,999.999023,999.999517,999.999972,1000.000398,1000.000822,1000.001236,1000.001656,1000.002036,1000.002413,1000.002717,1000.003023,1000.003287,1000.003547,1000.003845,1000.004008,1000.004234,1000.004417,1000.004820,1000.006080,1000.005224,0.000000,0.000000,0.000000,0.000000,0.000000,0.000000,0.000000,0.000000,0.000000,0.000000,0.000000,0.000000,0.000000,0.000000,0.000000,0.000000,0.000000,0.000000,0.000000,0.000000,0.000000,0.000000,0.000000,0.000000,0.000000,0.000000,0.000000,0.000000
0.000000,0.000000,0.000000,0.000000,0.000000,0.000000,0.000000,0.000000,0.000000,0.000000,0.000000,0.000000,0.000000,0.000000,0.000000,0.000000,0.000000,0.000000,0.000000,0.000000,0.000000,0.000000,0.000000,0.000000,0.000000,0.000000,999.981298,999.980036,999.982490,999.983384,999.983938,999.984550,999.985031,999.985800,999.986349,999.986926,999.987452,999.988038,999.988634,999.989247,999.989882,999.990513,999.991172,999.991818,999.992451,999.993075,999.993704,999.994331,999.994951,999.995568,999.996186,999.996779,999.997373,999.997943,999.998476,999.998996,999.999487,999.999951,1000.000386,1000.000819,1000.001231,1000.001623,1000.001989,1000.002355,1000.002695,1000.002991,1000.003277,1000.003539,1000.003807,1000.004039,1000.004393,1000.004588,1000.004831,1000.005069,1000.005434,1000.006480,1000.005868,0.000000,0.000000,0.000000,0.000000,0.000000,0.000000,0.000000,0.000000,0.000000,0.000000,0.000000,0.000000,0.000000,0.000000,0.000000,0.000000,0.000000,0.000000,0.000000,0.000000,0.000000,0.000000,0.000000,0.000000,0.000000,0.000000
0.000000,0.000000,0.000000,0.000000,0.000000,0.000000,0.000000,0.000000,0.000000,0.000000,0.000000,0.000000,0.000000,0.000000,0.000000,0.000000,0.000000,0.000000,0.000000,0.000000,0.000000,0.000000,0.000000,0.000000,999.980254,999.979223,999.981089,999.981888,999.982401,999.983057,999.983576,999.984359,999.984982,999.985585,999.986153,999.986737,999.987324,999.987922,999.988524,999.989149,999.989789,999.990425,999.991087,999.991730,999.992381,999.993020,999.993670,999.994291,999.994918,999.995552,999.996162,999.996764,999.997341,999.997905,999.998451,999.998974,999.999464,999.999936,1000.000391,1000.000829,1000.001242,1000.001640,1000.002009,1000.002360,1000.002695,1000.003002,1000.003287,1000.003563,1000.003834,1000.004083,1000.004348,1000.004615,1000.004938,1000.005138,1000.005415,1000.005598,1000.005898,1000.006671,1000.006171,0.000000,0.000000,0.000000,0.000000,0.000000,0.000000,0.000000,0.000000,0.000000,0.000000,0.000000,0.000000,0.000000,0.000000,0.000000,0.000000,0.000000,0.000000,0.000000,0.000000,0.000000,0.000000,0.000000,0.000000
0.000000,0.000000,0.000000,0.000000,0.000000,0.000000,0.000000,0.000000,0.000000,0.000000,0.000000,0.000000,0.000000,0.000000,0.000000,0.000000,0.000000,0.000000,0.000000,0.000000,0.000000,0.000000,0.000000,999.980567,999.980215,999.980647,999.981179,999.981759,999.982204,999.982962,999.983570,999.984182,999.984789,999.985375,999.985984,999.986578,999.987178,999.987780,999.988401,999.989031,999.989677,999.990333,999.990988,999.991649,999.992312,999.992976,999.993621,999.994266,999.994913,999.995538,999.996162,999.996760,999.997356,999.997917,999.998467,999.998991,999.999481,999.999960,1000.000416,1000.000839,1000.001245,1000.001640,1000.002021,1000.002366,1000.002696,1000.003016,1000.003311,1000.003587,1000.003857,1000.004126,1000.004373,1000.004634,1000.004883,1000.005128,1000.005436,1000.005604,1000.005819,1000.006001,1000.006145,1000.005931,0.000000,0.000000,0.000000,0.000000,0.000000,0.000000,0.000000,0.000000,0.000000,0.000000,0.000000,0.000000,0.000000,0.000000,0.000000,0.000000,0.000000,0.000000,0.000000,0.000000,0.000000,0.000000,0.000000
0.000000,0.000000,0.000000,0.000000,0.000000,0.000000,0.000000,0.000000,0.000000,0.000000,0.000000,0.000000,0.000000,0.000000,0.000000,0.000000,0.000000,0.000000,0.000000,0.000000,0.000000,999.978588,999.977969,999.980039,999.980512,999.980885,999.981133,999.981723,999.982281,999.982868,999.983439,999.984025,999.984618,999.985213,999.985808,999.986409,999.987010,999.987636,999.988271,999.988911,999.989562,999.990230,999.990900,999.991571,999.992255,999.992918,999.993579,999.994248,999.994905,999.995533,999.996155,999.996771,999.997363,999.997941,999.998481,999.999009,999.999520,1000.000008,1000.000465,1000.000903,1000.001311,1000.001708,1000.002070,1000.002418,1000.002743,1000.003051,1000.003348,1000.003621,1000.003894,1000.004151,1000.004398,1000.004653,1000.004893,1000.005121,1000.005342,1000.005558,1000.005784,1000.005858,1000.005970,1000.006142,1000.007003,1000.006690,0.000000,0.000000,0.000000,0.000000,0.000000,0.000000,0.000000,0.000000,0.000000,0.000000,0.000000,0.000000,0.000000,0.000000,0.000000,0.000000,0.000000,0.000000,0.000000,0.000000,0.000000
0.000000,0.000000,0.000000,0.000000,0.000000,0.000000,0.000000,0.000000,0.000000,0.000000,0.000000,0.000000,0.000000,0.000000,0.000000,0.000000,0.000000,0.000000,0.000000,0.000000,999.978958,999.978887,999.979319,999.979887,999.980313,999.980796,999.981231,999.981727,999.982241,999.982758,999.983311,999.983876,999.984446,999.985030,999.985622,999.986220,999.986838,999.987472,999.988112,999.988770,999.989440,999.990120,999.990808,999.991496,999.992187,999.992871,999.993560,999.994236,999.994901,999.995554,999.996196,999.996816,999.997417,999.997990,999.998546,999.999075,999.999580,1000.000055,1000.000503,1000.000942,1000.001360,1000.001748,1000.002115,1000.002469,1000.002806,1000.003106,1000.003397,1000.003676,1000.003938,1000.004198,1000.004435,1000.004671,1000.004899,1000.005121,1000.005319,1000.005518,1000.005700,1000.005861,1000.006038,1000.006179,1000.006395,1000.006534,1000.006448,0.000000,0.000000,0.000000,0.000000,0.000000,0.000000,0.000000,0.000000,0.000000,0.000000,0.000000,0.000000,0.000000,0.000000,0.000000,0.000000,0.000000,0.000000,0.000000,0.000000
0.000000,0.000000,0.000000,0.000000,0.000000,0.000000,0.000000,0.000000,0.000000,0.000000,0.000000,0.000000,0.000000,0.000000,0.000000,0.000000,0.000000,0.000000,0.000000,999.978616,999.978938,999.979167,999.979586,999.979833,999.980328,999.980777,999.981221,999.981675,999.982145,999.982651,999.983173,999.983718,999.984268,999.984849,999.985431,999.986035,999.986662,999.987292,999.987948,999.988623,999.989309,999.990005,999.990708,999.991416,999.992122,999.992834,999.993540,999.994230,999.994904,999.995575,999.996235,999.996856,999.997459,999.998051,999.998617,999.999162,999.999670,1000.000160,1000.000626,1000.001058,1000.001466,1000.001848,1000.002207,1000.002548,1000.002871,1000.003173,1000.003464,1000.003738,1000.003990,1000.004235,1000.004478,1000.004700,1000.004910,1000.005120,1000.005316,1000.005502,1000.005666,1000.005825,1000.005992,1000.006174,1000.006243,1000.006392,1000.006442,1000.006542,0.000000,0.000000,0.000000,0.000000,0.000000,0.000000,0.000000,0.000000,0.000000,0.000000,0.000000,0.000000,0.000000,0.000000,0.000000,0.000000,0.000000,0.000000,0.000000
0.000000,0.000000,0.000000,0.000000,0.000000,0.000000,0.000000,0.000000,0.000000,0.000000,0.000000,0.000000,0.000000,0.000000,0.000000,0.000000,0.000000,0.000000,999.978267,999.978671,999.979018,999.979329,999.979658,999.979978,999.980388,999.980773,999.981183,999.981611,999.982056,999.982528,999.983024,999.983535,999.984078,999.984639,999.985211,999.985827,999.986447,999.987097,999.987767,999.988458,999.989161,999.989873,999.990601,999.991336,999.992076,999.992804,999.993533,999.994245,999.994948,999.995639,999.996295,999.996945,999.997562,999.998160,999.998723,999.999253,999.999759,1000.000249,1000.000710,1000.001147,1000.001556,1000.001950,1000.002322,1000.002648,1000.002970,1000.003267,1000.003551,1000.003812,1000.004064,1000.004293,1000.004523,1000.004736,1000.004940,1000.005135,1000.005317,1000.005487,1000.005651,1000.005805,1000.005947,1000.006101,1000.006207,1000.006323,1000.006426,1000.006527,1000.006667,0.000000,0.000000,0.000000,0.000000,0.000000,0.000000,0.000000,0.000000,0.000000,0.000000,0.000000,0.000000,0.000000,0.000000,0.000000,0.000000,0.000000,0.000000
0.000000,0.000000,0.000000,0.000000,0.000000,0.000000,0.000000,0.000000,0.000000,0.000000,0.000000,0.000000,0.000000,0.000000,0.000000,0.000000,0.000000,999.977964,999.978448,999.978773,999.979081,999.979395,999.979693,999.980025,999.980363,999.980720,999.981101,999.981508,999.981920,999.982377,999.982841,999.983337,999.983865,999.984410,999.984989,999.985597,999.986227,999.986887,999.987572,999.988275,999.989000,999.989744,999.990494,999.991258,999.992018,999.992770,999.993518,999.994258,999.994983,999.995687,999.996363,999.997027,999.997666,999.998273,999.998852,999.999408,999.999937,1000.000423,1000.000876,1000.001298,1000.001700,1000.002074,1000.002435,1000.002763,1000.003080,1000.003373,1000.003638,1000.003899,1000.004142,1000.004373,1000.004580,1000.004787,1000.004978,1000.005160,1000.005325,1000.005488,1000.005646,1000.005787,1000.005922,1000.006045,1000.006167,1000.006270,1000.006387,1000.006494,1000.006617,1000.006767,0.000000,0.000000,0.000000,0.000000,0.000000,0.000000,0.000000,0.000000,0.000000,0.000000,0.000000,0.000000,0.000000,0.000000,0.000000,0.000000,0.000000
0.000000,0.000000,0.000000,0.000000,0.000000,0.000000,0.000000,0.000000,0.000000,0.000000,0.000000,0.000000,0.000000,0.000000,0.000000,0.000000,999.977970,999.978255,999.978580,999.978871,999.979196,999.979488,999.979776,999.980074,999.980380,999.980705,999.981052,999.981412,999.981793,999.982209,999.982646,999.983113,999.983619,999.984150,999.984727,999.985330,999.985968,999.986642,999.987344,999.988066,999.988820,999.989599,999.990379,999.991170,999.991963,999.992759,999.993543,999.994309,999.995066,999.995789,999.996498,999.997172,999.997810,999.998418,999.998993,999.999538,1000.000064,1000.000549,1000.001023,1000.001463,1000.001875,1000.002238,1000.002589,1000.002912,1000.003217,1000.003498,1000.003763,1000.004005,1000.004240,1000.004452,1000.004654,1000.004845,1000.005024,1000.005193,1000.005350,1000.005500,1000.005645,1000.005775,1000.005905,1000.006016,1000.006135,1000.006234,1000.006348,1000.006450,1000.006570,1000.006684,1000.006824,0.000000,0.000000,0.000000,0.000000,0.000000,0.000000,0.000000,0.000000,0.000000,0.000000,0.000000,0.000000,0.000000,0.000000,0.000000,0.000000
0.000000,0.000000,0.000000,0.000000,0.000000,0.000000,0.000000,0.000000,0.000000,0.000000,0.000000,0.000000,0.000000,0.000000,0.000000,999.977964,999.978255,999.978573,999.978838,999.979085,999.979350,999.979566,999.979806,999.980059,999.980333,999.980613,999.980923,999.981245,999.981603,999.981988,999.982401,999.982852,999.983343,999.983865,999.984436,999.985035,999.985687,999.986372,999.987097,999.987850,999.988640,999.989435,999.990257,999.991082,999.991912,999.992737,999.993553,999.994355,999.995126,999.995883,999.996610,999.997311,999.997979,999.998615,999.999229,999.999783,1000.000298,1000.000776,1000.001223,1000.001646,1000.002045,1000.002408,1000.002758,1000.003074,1000.003366,1000.003639,1000.003892,1000.004129,1000.004342,1000.004545,1000.004739,1000.004916,1000.005083,1000.005234,1000.005391,1000.005520,1000.005649,1000.005770,1000.005886,1000.005997,1000.006102,1000.006200,1000.006304,1000.006404,1000.006506,1000.006612,1000.006719,1000.006836,0.000000,0.000000,0.000000,0.000000,0.000000,0.000000,0.000000,0.000000,0.000000,0.000000,0.000000,0.000000,0.000000,0.000000,0.000000
0.000000,0.000000,0.000000,0.000000,0.000000,0.000000,0.000000,0.000000,0.000000,0.000000,0.000000,0.000000,0.000000,0.000000,999.978267,999.978448,999.978580,999.978838,999.978987,999.979167,999.979405,999.979596,999.979847,999.980092,999.980322,999.980562,999.980826,999.981115,999.981429,999.981769,999.982142,999.982565,999.983028,999.983534,999.984090,999.984699,999.985354,999.986059,999.986805,999.987594,999.988413,999.989255,999.990125,999.991005,999.991878,999.992749,999.993611,999.994452,999.995263,999.996052,999.996795,999.997506,999.998166,999.998794,999.999392,999.999959,1000.000501,1000.001005,1000.001471,1000.001879,1000.002269,1000.002626,1000.002959,1000.003264,1000.003545,1000.003804,1000.004045,1000.004265,1000.004471,1000.004661,1000.004835,1000.004998,1000.005149,1000.005295,1000.005423,1000.005547,1000.005662,1000.005776,1000.005883,1000.005977,1000.006078,1000.006165,1000.006256,1000.006353,1000.006443,1000.006535,1000.006626,1000.006715,1000.006806,0.000000,0.000000,0.000000,0.000000,0.000000,0.000000,0.000000,0.000000,0.000000,0.000000,0.000000,0.000000,0.000000,0.000000
0.000000,0.000000,0.000000,0.000000,0.000000,0.000000,0.000000,0.000000,0.000000,0.000000,0.000000,0.000000,0.000000,999.978616,999.978671,999.978773,999.978871,999.979085,999.979167,999.979403,999.979630,999.979751,999.979947,999.980070,999.980224,999.980425,999.980651,999.980891,999.981159,999.981465,999.981819,999.982212,999.982654,999.983148,999.983707,999.984315,999.984990,999.985712,999.986488,999.987310,999.988169,999.989065,999.989976,999.990901,999.991825,999.992748,999.993648,999.994525,999.995377,999.996203,999.996982,999.997738,999.998456,999.999114,999.999714,1000.000264,1000.000776,1000.001254,1000.001705,1000.002122,1000.002506,1000.002860,1000.003174,1000.003469,1000.003740,1000.003989,1000.004207,1000.004421,1000.004606,1000.004786,1000.004942,1000.005093,1000.005229,1000.005355,1000.005476,1000.005584,1000.005694,1000.005784,1000.005876,1000.005962,1000.006052,1000.006136,1000.006213,1000.006295,1000.006378,1000.006459,1000.006539,1000.006610,1000.006680,1000.006736,0.000000,0.000000,0.000000,0.000000,0.000000,0.000000,0.000000,0.000000,0.000000,0.000000,0.000000,0.000000,0.000000
0.000000,0.000000,0.000000,0.000000,0.000000,0.000000,0.000000,0.000000,0.000000,0.000000,0.000000,0.000000,999.978958,999.978938,999.979018,999.979081,999.979196,999.979350,999.979405,999.979630,999.979662,999.979688,999.979872,999.979971,999.980173,999.980363,999.980522,999.980707,999.980928,999.981192,999.981492,999.981839,999.982246,999.982723,999.983258,999.983867,999.984543,999.985290,999.986106,999.986977,999.987899,999.988852,999.989830,999.990820,999.991818,999.992801,999.993764,999.994696,999.995584,999.996441,999.997224,999.997964,999.998667,999.999339,999.999975,1000.000569,1000.001103,1000.001583,1000.002016,1000.002422,1000.002789,1000.003125,1000.003429,1000.003710,1000.003958,1000.004198,1000.004397,1000.004590,1000.004761,1000.004921,1000.005062,1000.005199,1000.005314,1000.005431,1000.005527,1000.005630,1000.005716,1000.005804,1000.005876,1000.005956,1000.006030,1000.006105,1000.006173,1000.006243,1000.006312,1000.006384,1000.006457,1000.006517,1000.006583,1000.006636,1000.006678,0.000000,0.000000,0.000000,0.000000,0.000000,0.000000,0.000000,0.000000,0.000000,0.000000,0.000000,0.000000
0.000000,0.000000,0.000000,0.000000,0.000000,0.000000,0.000000,0.000000,0.000000,0.000000,0.000000,999.978588,999.978887,999.979167,999.979329,999.979395,999.979488,999.979566,999.979596,999.979751,999.979688,999.979863,999.980083,999.980069,999.980181,999.980196,999.980260,999.980401,999.980584,999.980785,999.981038,999.981353,999.981743,999.982193,999.982731,999.983349,999.984055,999.984834,999.985689,999.986612,999.987582,999.988601,999.989651,999.990714,999.991773,999.992815,999.993837,999.994830,999.995772,999.996688,999.997563,999.998368,999.999088,999.999742,1000.000336,1000.000895,1000.001423,1000.001902,1000.002344,1000.002738,1000.003089,1000.003411,1000.003705,1000.003968,1000.004200,1000.004409,1000.004607,1000.004777,1000.004933,1000.005072,1000.005196,1000.005311,1000.005418,1000.005510,1000.005600,1000.005673,1000.005749,1000.005819,1000.005890,1000.005946,1000.006006,1000.006068,1000.006132,1000.006190,1000.006251,1000.006308,1000.006370,1000.006429,1000.006484,1000.006564,1000.006676,1000.006770,0.000000,0.000000,0.000000,0.000000,0.000000,0.000000,0.000000,0.000000,0.000000,0.000000,0.000000
0.000000,0.000000,0.000000,0.000000,0.000000,0.000000,0.000000,0.000000,0.000000,0.000000,0.000000,999.977969,999.979319,999.979586,999.979658,999.979693,999.979776,999.979806,999.979847,999.979947,999.979872,999.980083,999.979978,999.979784,999.979924,999.979934,999.980067,999.980215,999.980297,999.980425,999.980623,999.980890,999.981218,999.981630,999.982137,999.982755,999.983452,999.984264,999.985176,999.986164,999.987232,999.988344,999.989496,999.990648,999.991805,999.992938,999.994031,999.995095,999.996063,999.996960,999.997813,999.998633,999.999406,1000.000130,1000.000771,1000.001333,1000.001840,1000.002304,1000.002723,1000.003099,1000.003436,1000.003742,1000.004009,1000.004254,1000.004467,1000.004663,1000.004827,1000.004985,1000.005116,1000.005237,1000.005342,1000.005433,1000.005521,1000.005597,1000.005667,1000.005730,1000.005791,1000.005844,1000.005897,1000.005949,1000.005992,1000.006038,1000.006086,1000.006138,1000.006183,1000.006234,1000.006287,1000.006349,1000.006400,1000.006439,1000.006556,1000.006935,0.000000,0.000000,0.000000,0.000000,0.000000,0.000000,0.000000,0.000000,0.000000,0.000000,0.000000
0.000000,0.000000,0.000000,0.000000,0.000000,0.000000,0.000000,0.000000,0.000000,0.000000,999.980567,999.980039,999.979887,999.979833,999.979978,999.980025,999.980074,999.980059,999.980092,999.980070,999.979971,999.980069,999.979784,999.979891,999.980155,999.979968,999.979963,999.979858,999.979781,999.979884,999.980030,999.980233,999.980509,999.980899,999.981406,999.982019,999.982775,999.983643,999.984608,999.985675,999.986816,999.988023,999.989265,999.990520,999.991781,999.993001,999.994168,999.995324,999.996437,999.997450,999.998360,999.999164,999.999878,1000.000552,1000.001186,1000.001760,1000.002271,1000.002728,1000.003128,1000.003488,1000.003813,1000.004098,1000.004341,1000.004562,1000.004753,1000.004928,1000.005071,1000.005198,1000.005310,1000.005412,1000.005498,1000.005576,1000.005635,1000.005695,1000.005745,1000.005791,1000.005833,1000.005870,1000.005903,1000.005942,1000.005976,1000.006009,1000.006047,1000.006078,1000.006121,1000.006158,1000.006198,1000.006247,1000.006310,1000.006375,1000.006403,1000.006416,1000.006332,0.000000,0.000000,0.000000,0.000000,0.000000,0.000000,0.000000,0.000000,0.000000,0.000000
0.000000,0.000000,0.000000,0.000000,0.000000,0.000000,0.000000,0.000000,0.000000,999.980254,999.980215,999.980512,999.980313,999.980328,999.980388,999.980363,999.980380,999.980333,999.980322,999.980224,999.980173,999.980181,999.979924,999.980155,999.979887,999.979342,999.979428,999.979333,999.979398,999.979518,999.979527,999.979617,999.979831,999.980171,999.980625,999.981229,999.981949,999.982853,999.983901,999.985079,999.986370,999.987716,999.989111,999.990500,999.991888,999.993253,999.994487,999.995628,999.996706,999.997743,999.998723,999.999647,1000.000449,1000.001132,1000.001741,1000.002292,1000.002780,1000.003213,1000.003597,1000.003931,1000.004223,1000.004484,1000.004704,1000.004905,1000.005065,1000.005212,1000.005335,1000.005439,1000.005526,1000.005603,1000.005662,1000.005716,1000.005760,1000.005796,1000.005827,1000.005854,1000.005878,1000.005900,1000.005921,1000.005936,1000.005963,1000.005978,1000.006000,1000.006026,1000.006049,1000.006090,1000.006116,1000.006146,1000.006194,1000.006248,1000.006295,1000.006290,1000.006419,1000.006440,0.000000,0.000000,0.000000,0.000000,0.000000,0.000000,0.000000,0.000000,0.000000
0.000000,0.000000,0.000000,0.000000,0.000000,0.000000,0.000000,0.000000,0.000000,999.979223,999.980647,999.980885,999.980796,999.980777,999.980773,999.980720,999.980705,999.980613,999.980562,999.980425,999.980363,999.980196,999.979934,999.979968,999.979342,999.979312,999.979714,999.979332,999.979146,999.978894,999.978650,999.978708,999.978878,999.979143,999.979556,999.980149,999.980987,999.981973,999.983107,999.984395,999.985787,999.987271,999.988833,999.990370,999.991866,999.993387,999.994856,999.996202,999.997404,999.998448,999.999344,1000.000184,1000.000984,1000.001691,1000.002314,1000.002856,1000.003325,1000.003736,1000.004098,1000.004412,1000.004673,1000.004902,1000.005096,1000.005266,1000.005402,1000.005516,1000.005612,1000.005690,1000.005753,1000.005801,1000.005838,1000.005867,1000.005893,1000.005904,1000.005917,1000.005920,1000.005925,1000.005926,1000.005933,1000.005934,1000.005936,1000.005947,1000.005955,1000.005967,1000.005980,1000.005999,1000.006027,1000.006055,1000.006082,1000.006119,1000.006164,1000.006184,1000.006299,1000.006757,0.000000,0.000000,0.000000,0.000000,0.000000,0.000000,0.000000,0.000000,0.000000
0.000000,0.000000,0.000000,0.000000,0.000000,0.000000,0.000000,0.000000,999.981298,999.981089,999.981179,999.981133,999.981231,999.981221,999.981183,999.981101,999.981052,999.980923,999.980826,999.980651,999.980522,999.980260,999.980067,999.979963,999.979428,999.979714,999.979303,999.978209,999.978129,999.977943,999.977901,999.978033,999.978019,999.978136,999.978507,999.979110,999.979841,999.980847,999.982119,999.983580,999.985235,999.986945,999.988720,999.990509,999.992136,999.993665,999.995114,999.996485,999.997797,999.999040,1000.000099,1000.000964,1000.001730,1000.002400,1000.002991,1000.003499,1000.003945,1000.004325,1000.004650,1000.004925,1000.005163,1000.005356,1000.005520,1000.005648,1000.005759,1000.005843,1000.005911,1000.005956,1000.005990,1000.006011,1000.006025,1000.006024,1000.006026,1000.006015,1000.006005,1000.005993,1000.005979,1000.005956,1000.005947,1000.005936,1000.005924,1000.005906,1000.005908,1000.005913,1000.005904,1000.005912,1000.005929,1000.005954,1000.005971,1000.005994,1000.006043,1000.006112,1000.006148,1000.006228,1000.006247,0.000000,0.000000,0.000000,0.000000,0.000000,0.000000,0.000000,0.000000
0.000000,0.000000,0.000000,0.000000,0.000000,0.000000,0.000000,0.000000,999.980036,999.981888,999.981759,999.981723,999.981727,999.981675,999.981611,999.981508,999.981412,999.981245,999.981115,999.980891,999.980707,999.980401,999.980215,999.979858,999.979333,999.979332,999.978209,999.977824,999.978448,999.977913,999.977472,999.977055,999.976627,999.976710,999.977004,999.977484,999.978389,999.979560,999.980962,999.982605,999.984407,999.986319,999.988298,999.990388,999.992425,999.994302,999.995992,999.997431,999.998620,999.999725,1000.000784,1000.001704,1000.002490,1000.003156,1000.003722,1000.004206,1000.004619,1000.004965,1000.005249,1000.005487,1000.005683,1000.005846,1000.005969,1000.006067,1000.006136,1000.006190,1000.006218,1000.006239,1000.006238,1000.006233,1000.006218,1000.006193,1000.006165,1000.006132,1000.006095,1000.006059,1000.006029,1000.005988,1000.005949,1000.005921,1000.005898,1000.005875,1000.005850,1000.005839,1000.005833,1000.005825,1000.005825,1000.005832,1000.005852,1000.005872,1000.005907,1000.005947,1000.005992,1000.006008,1000.006615,0.000000,0.000000,0.000000,0.000000,0.000000,0.000000,0.000000,0.000000
0.000000,0.000000,0.000000,0.000000,0.000000,0.000000,0.000000,999.983046,999.982490,999.982401,999.982204,999.982281,999.982241,999.982145,999.982056,999.981920,999.981793,999.981603,999.981429,999.981159,999.980928,999.980584,999.980297,999.979781,999.979398,999.979146,999.978129,999.978448,999.978038,999.976181,999.975672,999.975318,999.975151,999.975322,999.975468,999.975962,999.976704,999.977880,999.979525,999.981425,999.983711,999.986094,999.988293,999.990449,999.992529,999.994484,999.996354,999.998149,999.999640,1000.000803,1000.001803,1000.002663,1000.003403,1000.004028,1000.004556,1000.004995,1000.005359,1000.005656,1000.005899,1000.006096,1000.006244,1000.006360,1000.006446,1000.006503,1000.006538,1000.006549,1000.006546,1000.006529,1000.006503,1000.006460,1000.006415,1000.006360,1000.006306,1000.006251,1000.006191,1000.006128,1000.006075,1000.006020,1000.005971,1000.005914,1000.005869,1000.005836,1000.005799,1000.005764,1000.005747,1000.005736,1000.005719,1000.005713,1000.005725,1000.005737,1000.005749,1000.005779,1000.005858,1000.005867,1000.005899,1000.005745,0.000000,0.000000,0.000000,0.000000,0.000000,0.000000,0.000000
0.000000,0.000000,0.000000,0.000000,0.000000,0.000000,0.000000,999.981404,999.983384,999.983057,999.982962,999.982868,999.982758,999.982651,999.982528,999.982377,999.982209,999.981988,999.981769,999.981465,999.981192,999.980785,999.980425,999.979884,999.979518,999.978894,999.977943,999.977913,999.976181,999.974951,999.975656,999.975093,999.974382,999.973891,999.973431,999.973605,999.974628,999.976007,999.977806,999.980074,999.982501,999.985347,999.988290,999.991062,999.993601,999.995749,999.997457,999.999027,1000.000533,1000.001810,1000.002857,1000.003708,1000.004413,1000.004993,1000.005469,1000.005851,1000.006158,1000.006402,1000.006593,1000.006741,1000.006840,1000.006908,1000.006946,1000.006961,1000.006953,1000.006930,1000.006885,1000.006829,1000.006771,1000.006694,1000.006621,1000.006535,1000.006451,1000.006363,1000.006288,1000.006195,1000.006118,1000.006040,1000.005972,1000.005901,1000.005837,1000.005782,1000.005737,1000.005691,1000.005655,1000.005629,1000.005610,1000.005594,1000.005591,1000.005593,1000.005606,1000.005614,1000.005632,1000.005647,1000.005617,1000.006349,0.000000,0.000000,0.000000,0.000000,0.000000,0.000000,0.000000
0.000000,0.000000,0.000000,0.000000,0.000000,0.000000,999.984873,999.984160,999.983938,999.983576,999.983570,999.983439,999.983311,999.983173,999.983024,999.982841,999.982646,999.982401,999.982142,999.981819,999.981492,999.981038,999.980623,999.980030,999.979527,999.978650,999.977901,999.977472,999.975672,999.975656,999.975469,999.972843,999.971511,999.970703,999.970400,999.971088,999.971740,999.973054,999.975407,999.978191,999.981322,999.984627,999.987819,999.990870,999.993803,999.996624,999.998913,1000.000603,1000.001985,1000.003157,1000.004132,1000.004919,1000.005558,1000.006066,1000.006467,1000.006780,1000.007027,1000.007206,1000.007336,1000.007418,1000.007471,1000.007486,1000.007479,1000.007440,1000.007389,1000.007320,1000.007245,1000.007142,1000.007045,1000.006936,1000.006827,1000.006714,1000.006599,1000.006481,1000.006374,1000.006264,1000.006161,1000.006057,1000.005970,1000.005884,1000.005805,1000.005729,1000.005665,1000.005612,1000.005563,1000.005513,1000.005486,1000.005468,1000.005444,1000.005428,1000.005437,1000.005449,1000.005449,1000.005496,1000.005424,1000.005449,1000.005311,0.000000,0.000000,0.000000,0.000000,0.000000,0.000000
0.000000,0.000000,0.000000,0.000000,0.000000,0.000000,999.983115,999.985071,999.984550,999.984359,999.984182,999.984025,999.983876,999.983718,999.983535,999.983337,999.983113,999.982852,999.982565,999.982212,999.981839,999.981353,999.980890,999.980233,999.979617,999.978708,999.978033,999.977055,999.975318,999.975093,999.972843,999.970053,999.970026,999.969364,999.968661,999.968133,999.968560,999.970437,999.973018,999.976727,999.980674,999.984719,999.988855,999.992446,999.995242,999.997739,1000.000102,1000.002048,1000.003534,1000.004681,1000.005580,1000.006281,1000.006825,1000.007239,1000.007557,1000.007784,1000.007954,1000.008058,1000.008122,1000.008138,1000.008129,1000.008087,1000.008025,1000.007942,1000.007839,1000.007720,1000.007599,1000.007463,1000.007325,1000.007178,1000.007033,1000.006881,1000.006746,1000.006596,1000.006458,1000.006322,1000.006199,1000.006076,1000.005955,1000.005853,1000.005759,1000.005667,1000.005587,1000.005517,1000.005456,1000.005406,1000.005359,1000.005323,1000.005301,1000.005275,1000.005269,1000.005259,1000.005256,1000.005262,1000.005242,1000.005132,1000.005888,0.000000,0.000000,0.000000,0.000000,0.000000,0.000000
0.000000,0.000000,0.000000,0.000000,0.000000,999.986794,999.985909,999.985532,999.985031,999.984982,999.984789,999.984618,999.984446,999.984268,999.984078,999.983865,999.983619,999.983343,999.983028,999.982654,999.982246,999.981743,999.981218,999.980509,999.979831,999.978878,999.978019,999.976627,999.975151,999.974382,999.971511,999.970026,999.969664,999.966502,999.964050,999.963254,999.963394,999.965299,999.968529,999.972662,999.978030,999.983654,999.988727,999.993557,999.997486,1000.000234,1000.002350,1000.004073,1000.005432,1000.006455,1000.007221,1000.007794,1000.008213,1000.008511,1000.008723,1000.008858,1000.008930,1000.008953,1000.008941,1000.008894,1000.008816,1000.008711,1000.008589,1000.008455,1000.008305,1000.008136,1000.007969,1000.007787,1000.007609,1000.007424,1000.007244,1000.007056,1000.006881,1000.006711,1000.006539,1000.006376,1000.006226,1000.006083,1000.005949,1000.005815,1000.005706,1000.005599,1000.005499,1000.005414,1000.005345,1000.005277,1000.005220,1000.005169,1000.005141,1000.005114,1000.005090,1000.005073,1000.005056,1000.005056,1000.005092,1000.004989,1000.004919,1000.004602,0.000000,0.000000,0.000000,0.000000,0.000000
0.000000,0.000000,0.000000,0.000000,0.000000,999.984956,999.986586,999.986008,999.985800,999.985585,999.985375,999.985213,999.985030,999.984849,999.984639,999.984410,999.984150,999.983865,999.983534,999.983148,999.982723,999.982193,999.981630,999.980899,999.980171,999.979143,999.978136,999.976710,999.975322,999.973891,999.970703,999.969364,999.966502,999.961702,999.959345,999.957357,999.957516,999.959921,999.963985,999.970686,999.977765,999.984151,999.989983,999.994865,999.999182,1000.002554,1000.004874,1000.006498,1000.007656,1000.008489,1000.009064,1000.009461,1000.009722,1000.009881,1000.009963,1000.009986,1000.009959,1000.009892,1000.009794,1000.009668,1000.009526,1000.009357,1000.009176,1000.008976,1000.008776,1000.008559,1000.008343,1000.008118,1000.007893,1000.007666,1000.007449,1000.007227,1000.007014,1000.006808,1000.006617,1000.006424,1000.006241,1000.006074,1000.005922,1000.005775,1000.005635,1000.005520,1000.005407,1000.005307,1000.005217,1000.005142,1000.005082,1000.005021,1000.004974,1000.004935,1000.004911,1000.004890,1000.004880,1000.004852,1000.004821,1000.004810,1000.004679,1000.005369,0.000000,0.000000,0.000000,0.000000,0.000000
0.000000,0.000000,0.000000,0.000000,999.987634,999.987286,999.986925,999.986405,999.986349,999.986153,999.985984,999.985808,999.985622,999.985431,999.985211,999.984989,999.984727,999.984436,999.984090,999.983707,999.983258,999.982731,999.982137,999.981406,999.980625,999.979556,999.978507,999.977004,999.975468,999.973431,999.970400,999.968661,999.964050,999.959345,999.955215,999.950419,999.949027,999.950592,999.957165,999.966745,999.976673,999.986430,999.994091,999.999234,1000.003053,1000.005949,1000.008000,1000.009343,1000.010206,1000.010747,1000.011078,1000.011250,1000.011326,1000.011323,1000.011260,1000.011157,1000.011024,1000.010862,1000.010675,1000.010468,1000.010246,1000.010020,1000.009771,1000.009515,1000.009252,1000.008984,1000.008716,1000.008446,1000.008178,1000.007905,1000.007647,1000.007393,1000.007143,1000.006903,1000.006673,1000.006464,1000.006255,1000.006060,1000.005881,1000.005714,1000.005562,1000.005423,1000.005296,1000.005183,1000.005087,1000.004988,1000.004916,1000.004855,1000.004803,1000.004750,1000.004715,1000.004697,1000.004669,1000.004663,1000.004648,1000.004687,1000.004531,1000.004502,1000.004453,0.000000,0.000000,0.000000,0.000000
0.000000,0.000000,0.000000,0.000000,999.985570,999.987082,999.987095,999.987092,999.986926,999.986737,999.986578,999.986409,999.986220,999.986035,999.985827,999.985597,999.985330,999.985035,999.984699,999.984315,999.983867,999.983349,999.982755,999.982019,999.981229,999.980149,999.979110,999.977484,999.975962,999.973605,999.971088,999.968133,999.963254,999.957357,999.950419,999.940459,999.933782,999.937891,999.947418,999.959559,999.974559,999.987305,999.996448,1000.003765,1000.008011,1000.010420,1000.011852,1000.012655,1000.013066,1000.013224,1000.013234,1000.013149,1000.013002,1000.012819,1000.012602,1000.012364,1000.012113,1000.011847,1000.011574,1000.011285,1000.010988,1000.010681,1000.010375,1000.010055,1000.009739,1000.009415,1000.009090,1000.008770,1000.008455,1000.008143,1000.007837,1000.007542,1000.007259,1000.006989,1000.006723,1000.006479,1000.006253,1000.006034,1000.005831,1000.005647,1000.005472,1000.005320,1000.005174,1000.005049,1000.004938,1000.004837,1000.004753,1000.004674,1000.004617,1000.004569,1000.004524,1000.004495,1000.004466,1000.004456,1000.004442,1000.004452,1000.004488,1000.004587,1000.005282,0.000000,0.000000,0.000000,0.000000
