0.000000,0.000000,0.000000,0.000000,0.000000,0.000000,0.000000,0.000000,0.000000,0.000000,0.000000,0.000000,0.000000,0.000000,0.000000,0.000000,0.000000,0.000000,0.000000,0.000000,0.000000,0.000000,0.000000,0.000000,0.000000,0.000000,0.000000,0.000000,0.000000,0.000000,0.000000,0.000000,0.000000,0.000000,0.000000,0.000000,0.000000,0.000000,0.000000,0.000000,0.000000,0.000000,0.000000,0.000000,0.000000,0.000000,0.000000,0.000000,0.000000,0.000000,0.000000,0.000000,0.000000,0.000000,0.000000,0.000000,0.000000,0.000000,0.000000,0.000000,0.000000,0.000000,0.000000,0.000000,0.000000,0.000000,0.000000,0.000000,0.000000,0.000000,0.000000,0.000000,0.000000,0.000000,0.000000,0.000000,0.000000,0.000000,0.000000,0.000000,0.000000,0.000000,0.000000,0.000000,0.000000,0.000000,0.000000,0.000000,0.000000,0.000000,0.000000,0.000000,0.000000,0.000000,0.000000,0.000000,0.000000,0.000000,0.000000,0.000000,0.000000,0.000000,0.000000
0.000000,0.000000,0.000000,0.000000,0.000000,0.000000,0.000000,0.000000,0.000000,0.000000,0.000000,0.000000,0.000000,0.000000,0.000000,0.000000,0.000000,0.000000,0.000000,0.000000,0.000000,0.000000,0.000000,0.000000,0.000000,0.000000,0.000000,0.000000,0.000000,0.000000,0.000000,0.000000,0.000000,0.000000,0.000000,0.000000,0.000000,0.000000,0.000000,0.000000,0.000000,0.000000,0.000000,0.000000,0.000000,0.000000,0.000000,0.000000,0.000000,0.000000,0.000000,999.997353,0.000000,0.000000,0.000000,0.000000,0.000000,0.000000,0.000000,0.000000,0.000000,0.000000,0.000000,0.000000,0.000000,0.000000,0.000000,0.000000,0.000000,0.000000,0.000000,0.000000,0.000000,0.000000,0.000000,0.000000,0.000000,0.000000,0.000000,0.000000,0.000000,0.000000,0.000000,0.000000,0.000000,0.000000,0.000000,0.000000,0.000000,0.000000,0.000000,0.000000,0.000000,0.000000,0.000000,0.000000,0.000000,0.000000,0.000000,0.000000,0.000000,0.000000,0.000000
0.000000,0.000000,0.000000,0.000000,0.000000,0.000000,0.000000,0.000000,0.000000,0.000000,0.000000,0.000000,0.000000,0.000000,0.000000,0.000000,0.000000,0.000000,0.000000,0.000000,0.000000,0.000000,0.000000,0.000000,0.000000,0.000000,0.000000,0.000000,0.000000,0.000000,0.000000,0.000000,0.000000,0.000000,0.000000,0.000000,0.000000,0.000000,0.000000,0.000000,0.000000,0.000000,999.994917,999.991923,999.991923,999.992604,999.993297,999.994053,999.994889,999.996110,999.997115,999.997294,999.997456,999.998408,999.999504,1000.000164,1000.000704,1000.001188,1000.001616,1000.001562,999.999340,0.000000,0.000000,0.000000,0.000000,0.000000,0.000000,0.000000,0.000000,0.000000,0.000000,0.000000,0.000000,0.000000,0.000000,0.000000,0.000000,0.000000,0.000000,0.000000,0.000000,0.000000,0.000000,0.000000,0.000000,0.000000,0.000000,0.000000,0.000000,0.000000,0.000000,0.000000,0.000000,0.000000,0.000000,0.000000,0.000000,0.000000,0.000000,0.000000,0.000000,0.000000,0.000000
0.000000,0.000000,0.000000,0.000000,0.000000,0.000000,0.000000,0.000000,0.000000,0.000000,0.000000,0.000000,0.000000,0.000000,0.000000,0.000000,0.000000,0.000000,0.000000,0.000000,0.000000,0.000000,0.000000,0.000000,0.000000,0.000000,0.000000,0.000000,0.000000,0.000000,0.000000,0.000000,0.000000,0.000000,0.000000,0.000000,0.000000,999.990312,999.987427,999.987285,999.988655,999.990903,999.993988,999.993249,999.992759,999.992972,999.993547,999.994263,999.994996,999.995777,999.996924,999.997174,999.997426,999.998503,999.999165,999.999758,1000.000310,1000.000727,1000.000843,1000.000480,999.999962,1000.002062,1000.003486,1000.004258,1000.004012,1000.002218,0.000000,0.000000,0.000000,0.000000,0.000000,0.000000,0.000000,0.000000,0.000000,0.000000,0.000000,0.000000,0.000000,0.000000,0.000000,0.000000,0.000000,0.000000,0.000000,0.000000,0.000000,0.000000,0.000000,0.000000,0.000000,0.000000,0.000000,0.000000,0.000000,0.000000,0.000000,0.000000,0.000000,0.000000,0.000000,0.000000,0.000000
0.000000,0.000000,0.000000,0.000000,0.000000,0.000000,0.000000,0.000000,0.000000,0.000000,0.000000,0.000000,0.000000,0.000000,0.000000,0.000000,0.000000,0.000000,0.000000,0.000000,0.000000,0.000000,0.000000,0.000000,0.000000,0.000000,0.000000,0.000000,0.000000,0.000000,0.000000,0.000000,0.000000,0.000000,999.987616,999.985535,999.986698,999.989589,999.989086,999.988800,999.989289,999.991172,999.992257,999.992532,999.992835,999.993225,999.993735,999.994369,999.995077,999.995750,999.996455,999.997081,999.997680,999.998325,999.998902,999.999507,999.999999,1000.000378,1000.000645,1000.000826,1000.001007,1000.001707,1000.002909,1000.003183,1000.002970,1000.002582,1000.004187,1000.004813,1000.003682,0.000000,0.000000,0.000000,0.000000,0.000000,0.000000,0.000000,0.000000,0.000000,0.000000,0.000000,0.000000,0.000000,0.000000,0.000000,0.000000,0.000000,0.000000,0.000000,0.000000,0.000000,0.000000,0.000000,0.000000,0.000000,0.000000,0.000000,0.000000,0.000000,0.000000,0.000000,0.000000,0.000000,0.000000
0.000000,0.000000,0.000000,0.000000,0.000000,0.000000,0.000000,0.000000,0.000000,0.000000,0.000000,0.000000,0.000000,0.000000,0.000000,0.000000,0.000000,0.000000,0.000000,0.000000,0.000000,0.000000,0.000000,0.000000,0.000000,0.000000,0.000000,0.000000,0.000000,0.000000,0.000000,0.000000,999.986764,999.984915,999.987264,999.987062,999.987865,999.988497,999.988762,999.989275,999.989910,999.990853,999.991499,999.992286,999.992803,999.993262,999.993795,999.994397,999.995054,999.995725,999.996337,999.996985,999.997614,999.998175,999.998767,999.999314,999.999791,1000.000192,1000.000531,1000.000871,1000.001383,1000.001790,1000.002380,1000.002733,1000.003028,1000.003159,1000.003455,1000.003856,1000.003724,1000.004921,1000.003839,0.000000,0.000000,0.000000,0.000000,0.000000,0.000000,0.000000,0.000000,0.000000,0.000000,0.000000,0.000000,0.000000,0.000000,0.000000,0.000000,0.000000,0.000000,0.000000,0.000000,0.000000,0.000000,0.000000,0.000000,0.000000,0.000000,0.000000,0.000000,0.000000,0.000000,0.000000,0.000000
0.000000,0.000000,0.000000,0.000000,0.000000,0.000000,0.000000,0.000000,0.000000,0.000000,0.000000,0.000000,0.000000,0.000000,0.000000,0.000000,0.000000,0.000000,0.000000,0.000000,0.000000,0.000000,0.000000,0.000000,0.000000,0.000000,0.000000,0.000000,0.000000,0.000000,999.984830,999.983062,999.985878,999.986555,999.986898,999.987064,999.987676,999.988116,999.988800,999.989374,999.990005,999.990683,999.991365,999.992065,999.992643,999.993217,999.993799,999.994406,999.995033,999.995670,999.996290,999.996917,999.997526,999.998097,999.998665,999.999188,999.999669,1000.000110,1000.000521,1000.000904,1000.001358,1000.001793,1000.002203,1000.002552,1000.002863,1000.003240,1000.003463,1000.003735,1000.003775,1000.003958,1000.004271,1000.005613,1000.004750,0.000000,0.000000,0.000000,0.000000,0.000000,0.000000,0.000000,0.000000,0.000000,0.000000,0.000000,0.000000,0.000000,0.000000,0.000000,0.000000,0.000000,0.000000,0.000000,0.000000,0.000000,0.000000,0.000000,0.000000,0.000000,0.000000,0.000000,0.000000,0.000000,0.000000
0.000000,0.000000,0.000000,0.000000,0.000000,0.000000,0.000000,0.000000,0.000000,0.000000,0.000000,0.000000,0.000000,0.000000,0.000000,0.000000,0.000000,0.000000,0.000000,0.000000,0.000000,0.000000,0.000000,0.000000,0.000000,0.000000,0.000000,0.000000,999.982993,999.981339,999.984114,999.985033,999.985495,999.985978,999.986370,999.987064,999.987597,999.988108,999.988718,999.989301,999.989956,999.990588,999.991269,999.991910,999.992546,999.993151,999.993764,999.994380,999.995001,999.995622,999.996247,999.996855,999.997451,999.998025,999.998570,999.999098,999.999583,1000.000044,1000.000480,1000.000915,1000.001329,1000.001757,1000.002141,1000.002524,1000.002835,1000.003152,1000.003411,1000.003679,1000.003983,1000.004151,1000.004378,1000.004567,1000.004973,1000.006251,1000.005388,0.000000,0.000000,0.000000,0.000000,0.000000,0.000000,0.000000,0.000000,0.000000,0.000000,0.000000,0.000000,0.000000,0.000000,0.000000,0.000000,0.000000,0.000000,0.000000,0.000000,0.000000,0.000000,0.000000,0.000000,0.000000,0.000000,0.000000,0.000000
0.000000,0.000000,0.000000,0.000000,0.000000,0.000000,0.000000,0.000000,0.000000,0.000000,0.000000,0.000000,0.000000,0.000000,0.000000,0.000000,0.000000,0.000000,0.000000,0.000000,0.000000,0.000000,0.000000,0.000000,0.000000,0.000000,999.981235,999.979965,999.982434,999.983329,999.983895,999.984504,999.984987,999.985757,999.986320,999.986893,999.987420,999.988008,999.988606,999.989226,999.989868,999.990498,999.991167,999.991811,999.992452,999.993081,999.993718,999.994340,999.994968,999.995594,999.996221,999.996816,999.997412,999.997981,999.998532,999.999051,999.999549,1000.000021,1000.000467,1000.000907,1000.001315,1000.001717,1000.002090,1000.002465,1000.002807,1000.003107,1000.003404,1000.003666,1000.003944,1000.004173,1000.004541,1000.004744,1000.004989,1000.005225,1000.005596,1000.006658,1000.006050,0.000000,0.000000,0.000000,0.000000,0.000000,0.000000,0.000000,0.000000,0.000000,0.000000,0.000000,0.000000,0.000000,0.000000,0.000000,0.000000,0.000000,0.000000,0.000000,0.000000,0.000000,0.000000,0.000000,0.000000,0.000000,0.000000
0.000000,0.000000,0.000000,0.000000,0.000000,0.000000,0.000000,0.000000,0.000000,0.000000,0.000000,0.000000,0.000000,0.000000,0.000000,0.000000,0.000000,0.000000,0.000000,0.000000,0.000000,0.000000,0.000000,0.000000,999.980184,999.979143,999.981022,999.981824,999.982339,999.983001,999.983526,999.984311,999.984934,999.985541,999.986116,999.986697,999.987289,999.987892,999.988500,999.989125,999.989761,999.990409,999.991073,999.991717,999.992371,999.993021,999.993671,999.994298,999.994938,999.995566,999.996185,999.996787,999.997377,999.997949,999.998497,999.999023,999.999524,1000.000005,1000.000464,1000.000902,1000.001325,1000.001730,1000.002110,1000.002463,1000.002799,1000.003115,1000.003405,1000.003690,1000.003962,1000.004219,1000.004486,1000.004765,1000.005092,1000.005299,1000.005581,1000.005769,1000.006074,1000.006849,1000.006352,0.000000,0.000000,0.000000,0.000000,0.000000,0.000000,0.000000,0.000000,0.000000,0.000000,0.000000,0.000000,0.000000,0.000000,0.000000,0.000000,0.000000,0.000000,0.000000,0.000000,0.000000,0.000000,0.000000,0.000000
0.000000,0.000000,0.000000,0.000000,0.000000,0.000000,0.000000,0.000000,0.000000,0.000000,0.000000,0.000000,0.000000,0.000000,0.000000,0.000000,0.000000,0.000000,0.000000,0.000000,0.000000,0.000000,0.000000,999.980500,999.980142,999.980579,999.981110,999.981696,999.982146,999.982914,999.983515,999.984129,999.984736,999.985332,999.985935,999.986533,999.987139,999.987746,999.988368,999.988997,999.989648,999.990303,999.990972,999.991625,999.992302,999.992956,999.993614,999.994263,999.994917,999.995548,999.996174,999.996782,999.997382,999.997956,999.998505,999.999032,999.999538,1000.000018,1000.000473,1000.000910,1000.001327,1000.001725,1000.002109,1000.002463,1000.002799,1000.003131,1000.003428,1000.003709,1000.003990,1000.004264,1000.004508,1000.004778,1000.005033,1000.005288,1000.005595,1000.005770,1000.005988,1000.006182,1000.006321,1000.006115,0.000000,0.000000,0.000000,0.000000,0.000000,0.000000,0.000000,0.000000,0.000000,0.000000,0.000000,0.000000,0.000000,0.000000,0.000000,0.000000,0.000000,0.000000,0.000000,0.000000,0.000000,0.000000,0.000000
0.000000,0.000000,0.000000,0.000000,0.000000,0.000000,0.000000,0.000000,0.000000,0.000000,0.000000,0.000000,0.000000,0.000000,0.000000,0.000000,0.000000,0.000000,0.000000,0.000000,0.000000,999.978506,999.977886,999.979963,999.980443,999.980811,999.981069,999.981657,999.982225,999.982801,999.983376,999.983959,999.984574,999.985156,999.985758,999.986354,999.986970,999.987583,999.988218,999.988871,999.989527,999.990199,999.990869,999.991546,999.992230,999.992900,999.993571,999.994237,999.994897,999.995530,999.996166,999.996783,999.997382,999.997956,999.998518,999.999048,999.999563,1000.000050,1000.000522,1000.000966,1000.001386,1000.001779,1000.002155,1000.002506,1000.002843,1000.003154,1000.003458,1000.003739,1000.004016,1000.004292,1000.004532,1000.004796,1000.005046,1000.005278,1000.005503,1000.005722,1000.005955,1000.006031,1000.006152,1000.006314,1000.007202,1000.006877,0.000000,0.000000,0.000000,0.000000,0.000000,0.000000,0.000000,0.000000,0.000000,0.000000,0.000000,0.000000,0.000000,0.000000,0.000000,0.000000,0.000000,0.000000,0.000000,0.000000,0.000000
0.000000,0.000000,0.000000,0.000000,0.000000,0.000000,0.000000,0.000000,0.000000,0.000000,0.000000,0.000000,0.000000,0.000000,0.000000,0.000000,0.000000,0.000000,0.000000,0.000000,999.978878,999.978812,999.979237,999.979809,999.980244,999.980724,999.981166,999.981655,999.982171,999.982685,999.983245,999.983817,999.984386,999.984966,999.985561,999.986170,999.986786,999.987410,999.988067,999.988723,999.989399,999.990073,999.990769,999.991452,999.992156,999.992840,999.993538,999.994220,999.994888,999.995546,999.996194,999.996823,999.997419,999.998009,999.998568,999.999107,999.999612,1000.000098,1000.000556,1000.000998,1000.001417,1000.001820,1000.002194,1000.002560,1000.002893,1000.003205,1000.003503,1000.003790,1000.004050,1000.004317,1000.004570,1000.004807,1000.005043,1000.005271,1000.005480,1000.005687,1000.005869,1000.006033,1000.006216,1000.006369,1000.006579,1000.006732,1000.006634,0.000000,0.000000,0.000000,0.000000,0.000000,0.000000,0.000000,0.000000,0.000000,0.000000,0.000000,0.000000,0.000000,0.000000,0.000000,0.000000,0.000000,0.000000,0.000000,0.000000
0.000000,0.000000,0.000000,0.000000,0.000000,0.000000,0.000000,0.000000,0.000000,0.000000,0.000000,0.000000,0.000000,0.000000,0.000000,0.000000,0.000000,0.000000,0.000000,999.978530,999.978867,999.979087,999.979507,999.979762,999.980259,999.980701,999.981150,999.981599,999.982081,999.982578,999.983113,999.983651,999.984198,999.984776,999.985370,999.985967,999.986591,999.987235,999.987893,999.988561,999.989244,999.989950,999.990657,999.991369,999.992083,999.992794,999.993505,999.994196,999.994883,999.995558,999.996214,999.996844,999.997462,999.998058,999.998625,999.999174,999.999697,1000.000198,1000.000666,1000.001103,1000.001522,1000.001907,1000.002275,1000.002623,1000.002956,1000.003263,1000.003566,1000.003847,1000.004105,1000.004362,1000.004602,1000.004837,1000.005050,1000.005267,1000.005467,1000.005664,1000.005827,1000.005993,1000.006168,1000.006354,1000.006431,1000.006576,1000.006639,1000.006737,0.000000,0.000000,0.000000,0.000000,0.000000,0.000000,0.000000,0.000000,0.000000,0.000000,0.000000,0.000000,0.000000,0.000000,0.000000,0.000000,0.000000,0.000000,0.000000
0.000000,0.000000,0.000000,0.000000,0.000000,0.000000,0.000000,0.000000,0.000000,0.000000,0.000000,0.000000,0.000000,0.000000,0.000000,0.000000,0.000000,0.000000,999.978191,999.978591,999.978935,999.979250,999.979580,999.979899,999.980308,999.980692,999.981113,999.981531,999.981982,999.982450,999.982951,999.983454,999.983999,999.984560,999.985143,999.985746,999.986373,999.987027,999.987696,999.988383,999.989092,999.989816,999.990539,999.991281,999.992021,999.992759,999.993485,999.994200,999.994911,999.995611,999.996274,999.996926,999.997555,999.998159,999.998721,999.999266,999.999779,1000.000271,1000.000738,1000.001185,1000.001607,1000.002008,1000.002377,1000.002719,1000.003047,1000.003357,1000.003632,1000.003916,1000.004167,1000.004414,1000.004647,1000.004863,1000.005083,1000.005282,1000.005468,1000.005639,1000.005822,1000.005975,1000.006125,1000.006281,1000.006390,1000.006512,1000.006613,1000.006726,1000.006861,0.000000,0.000000,0.000000,0.000000,0.000000,0.000000,0.000000,0.000000,0.000000,0.000000,0.000000,0.000000,0.000000,0.000000,0.000000,0.000000,0.000000,0.000000
0.000000,0.000000,0.000000,0.000000,0.000000,0.000000,0.000000,0.000000,0.000000,0.000000,0.000000,0.000000,0.000000,0.000000,0.000000,0.000000,0.000000,999.977877,999.978366,999.978689,999.979004,999.979315,999.979616,999.979949,999.980282,999.980644,999.981022,999.981421,999.981843,999.982288,999.982761,999.983249,999.983779,999.984327,999.984902,999.985509,999.986143,999.986802,999.987485,999.988196,999.988927,999.989666,999.990417,999.991185,999.991947,999.992707,999.993462,999.994206,999.994936,999.995645,999.996331,999.997001,999.997636,999.998253,999.998840,999.999410,999.999939,1000.000434,1000.000894,1000.001333,1000.001732,1000.002120,1000.002487,1000.002827,1000.003146,1000.003453,1000.003727,1000.003991,1000.004246,1000.004475,1000.004699,1000.004909,1000.005105,1000.005300,1000.005476,1000.005641,1000.005801,1000.005956,1000.006091,1000.006227,1000.006350,1000.006461,1000.006579,1000.006689,1000.006817,1000.006969,0.000000,0.000000,0.000000,0.000000,0.000000,0.000000,0.000000,0.000000,0.000000,0.000000,0.000000,0.000000,0.000000,0.000000,0.000000,0.000000,0.000000
0.000000,0.000000,0.000000,0.000000,0.000000,0.000000,0.000000,0.000000,0.000000,0.000000,0.000000,0.000000,0.000000,0.000000,0.000000,0.000000,999.977886,999.978171,999.978495,999.978792,999.979111,999.979406,999.979694,999.979990,999.980296,999.980623,999.980962,999.981323,999.981705,999.982119,999.982552,999.983020,999.983531,999.984057,999.984628,999.985234,999.985879,999.986545,999.987249,999.987980,999.988733,999.989504,999.990293,999.991095,999.991885,999.992680,999.993472,999.994250,999.995002,999.995735,999.996443,999.997135,999.997772,999.998392,999.998976,999.999527,1000.000054,1000.000560,1000.001033,1000.001484,1000.001893,1000.002276,1000.002634,1000.002967,1000.003273,1000.003568,1000.003843,1000.004093,1000.004332,1000.004556,1000.004768,1000.004969,1000.005148,1000.005323,1000.005496,1000.005654,1000.005799,1000.005935,1000.006074,1000.006195,1000.006315,1000.006422,1000.006537,1000.006648,1000.006764,1000.006888,1000.007029,0.000000,0.000000,0.000000,0.000000,0.000000,0.000000,0.000000,0.000000,0.000000,0.000000,0.000000,0.000000,0.000000,0.000000,0.000000,0.000000
0.000000,0.000000,0.000000,0.000000,0.000000,0.000000,0.000000,0.000000,0.000000,0.000000,0.000000,0.000000,0.000000,0.000000,0.000000,999.977877,999.978171,999.978488,999.978760,999.979002,999.979269,999.979487,999.979721,999.979977,999.980243,999.980525,999.980822,999.981155,999.981510,999.981888,999.982298,999.982752,999.983235,999.983759,999.984326,999.984934,999.985576,999.986262,999.986989,999.987743,999.988528,999.989329,999.990159,999.990984,999.991819,999.992650,999.993467,999.994275,999.995055,999.995819,999.996546,999.997256,999.997929,999.998583,999.999194,999.999759,1000.000277,1000.000774,1000.001224,1000.001652,1000.002062,1000.002438,1000.002790,1000.003119,1000.003414,1000.003698,1000.003958,1000.004206,1000.004430,1000.004641,1000.004840,1000.005030,1000.005204,1000.005364,1000.005521,1000.005665,1000.005802,1000.005929,1000.006048,1000.006171,1000.006282,1000.006383,1000.006490,1000.006601,1000.006705,1000.006812,1000.006924,1000.007047,0.000000,0.000000,0.000000,0.000000,0.000000,0.000000,0.000000,0.000000,0.000000,0.000000,0.000000,0.000000,0.000000,0.000000,0.000000
0.000000,0.000000,0.000000,0.000000,0.000000,0.000000,0.000000,0.000000,0.000000,0.000000,0.000000,0.000000,0.000000,0.000000,999.978191,999.978366,999.978495,999.978760,999.978909,999.979081,999.979322,999.979505,999.979762,999.979994,999.980227,999.980463,999.980731,999.981019,999.981320,999.981659,999.982040,999.982452,999.982910,999.983416,999.983978,999.984575,999.985232,999.985939,999.986684,999.987475,999.988290,999.989150,999.990010,999.990889,999.991769,999.992654,999.993511,999.994359,999.995180,999.995970,999.996722,999.997440,999.998108,999.998740,999.999344,999.999923,1000.000475,1000.000982,1000.001454,1000.001877,1000.002281,1000.002641,1000.002977,1000.003297,1000.003592,1000.003855,1000.004107,1000.004330,1000.004554,1000.004748,1000.004930,1000.005101,1000.005268,1000.005419,1000.005555,1000.005685,1000.005816,1000.005936,1000.006042,1000.006142,1000.006255,1000.006346,1000.006446,1000.006541,1000.006642,1000.006739,1000.006832,1000.006921,1000.007018,0.000000,0.000000,0.000000,0.000000,0.000000,0.000000,0.000000,0.000000,0.000000,0.000000,0.000000,0.000000,0.000000,0.000000
0.000000,0.000000,0.000000,0.000000,0.000000,0.000000,0.000000,0.000000,0.000000,0.000000,0.000000,0.000000,0.000000,999.978530,999.978591,999.978689,999.978792,999.979002,999.979081,999.979316,999.979543,999.979664,999.979854,999.979978,999.980128,999.980326,999.980549,999.980777,999.981041,999.981353,999.981699,999.982087,999.982522,999.983022,999.983572,999.984182,999.984854,999.985580,999.986352,999.987169,999.988040,999.988931,999.989847,999.990773,999.991704,999.992627,999.993534,999.994421,999.995273,999.996105,999.996894,999.997661,999.998382,999.999048,999.999657,1000.000218,1000.000736,1000.001220,1000.001683,1000.002108,1000.002501,1000.002862,1000.003187,1000.003490,1000.003775,1000.004028,1000.004266,1000.004477,1000.004677,1000.004868,1000.005033,1000.005187,1000.005334,1000.005471,1000.005601,1000.005718,1000.005829,1000.005935,1000.006035,1000.006128,1000.006224,1000.006315,1000.006399,1000.006486,1000.006574,1000.006660,1000.006748,1000.006820,1000.006894,1000.006953,0.000000,0.000000,0.000000,0.000000,0.000000,0.000000,0.000000,0.000000,0.000000,0.000000,0.000000,0.000000,0.000000
0.000000,0.000000,0.000000,0.000000,0.000000,0.000000,0.000000,0.000000,0.000000,0.000000,0.000000,0.000000,999.978878,999.978867,999.978935,999.979004,999.979111,999.979269,999.979322,999.979543,999.979577,999.979588,999.979776,999.979871,999.980060,999.980252,999.980407,999.980583,999.980809,999.981066,999.981353,999.981702,999.982113,999.982580,999.983112,999.983715,999.984396,999.985139,999.985952,999.986830,999.987749,999.988703,999.989682,999.990683,999.991684,999.992666,999.993637,999.994574,999.995472,999.996333,999.997129,999.997866,999.998581,999.999259,999.999909,1000.000507,1000.001049,1000.001534,1000.001993,1000.002393,1000.002771,1000.003118,1000.003440,1000.003720,1000.003981,1000.004218,1000.004444,1000.004642,1000.004821,1000.004987,1000.005150,1000.005288,1000.005419,1000.005534,1000.005653,1000.005756,1000.005853,1000.005947,1000.006034,1000.006117,1000.006195,1000.006277,1000.006356,1000.006429,1000.006511,1000.006581,1000.006660,1000.006730,1000.006792,1000.006851,1000.006897,0.000000,0.000000,0.000000,0.000000,0.000000,0.000000,0.000000,0.000000,0.000000,0.000000,0.000000,0.000000
0.000000,0.000000,0.000000,0.000000,0.000000,0.000000,0.000000,0.000000,0.000000,0.000000,0.000000,999.978506,999.978812,999.979087,999.979250,999.979315,999.979406,999.979487,999.979505,999.979664,999.979588,999.979764,999.979988,999.979963,999.980069,999.980085,999.980130,999.980279,999.980454,999.980647,999.980893,999.981214,999.981588,999.982038,999.982566,999.983186,999.983891,999.984664,999.985523,999.986446,999.987414,999.988434,999.989488,999.990554,999.991617,999.992667,999.993691,999.994691,999.995636,999.996566,999.997449,999.998256,999.998991,999.999648,1000.000256,1000.000816,1000.001359,1000.001846,1000.002294,1000.002699,1000.003062,1000.003393,1000.003699,1000.003969,1000.004215,1000.004434,1000.004635,1000.004821,1000.004984,1000.005131,1000.005266,1000.005395,1000.005509,1000.005614,1000.005706,1000.005797,1000.005880,1000.005958,1000.006037,1000.006106,1000.006176,1000.006241,1000.006309,1000.006374,1000.006443,1000.006507,1000.006569,1000.006640,1000.006704,1000.006778,1000.006894,1000.006986,0.000000,0.000000,0.000000,0.000000,0.000000,0.000000,0.000000,0.000000,0.000000,0.000000,0.000000
0.000000,0.000000,0.000000,0.000000,0.000000,0.000000,0.000000,0.000000,0.000000,0.000000,0.000000,999.977886,999.979237,999.979507,999.979580,999.979616,999.979694,999.979721,999.979762,999.979854,999.979776,999.979988,999.979872,999.979661,999.979807,999.979806,999.979937,999.980083,999.980149,999.980272,999.980469,999.980725,999.981046,999.981457,999.981967,999.982577,999.983268,999.984079,999.984990,999.985978,999.987047,999.988165,999.989318,999.990474,999.991632,999.992769,999.993878,999.994942,999.995918,999.996821,999.997684,999.998508,999.999297,1000.000025,1000.000673,1000.001250,1000.001768,1000.002238,1000.002662,1000.003048,1000.003404,1000.003708,1000.003989,1000.004242,1000.004473,1000.004676,1000.004853,1000.005012,1000.005164,1000.005291,1000.005408,1000.005508,1000.005608,1000.005694,1000.005774,1000.005844,1000.005917,1000.005979,1000.006036,1000.006095,1000.006155,1000.006207,1000.006262,1000.006317,1000.006374,1000.006430,1000.006491,1000.006549,1000.006607,1000.006662,1000.006777,1000.007150,0.000000,0.000000,0.000000,0.000000,0.000000,0.000000,0.000000,0.000000,0.000000,0.000000,0.000000
0.000000,0.000000,0.000000,0.000000,0.000000,0.000000,0.000000,0.000000,0.000000,0.000000,999.980500,999.979963,999.979809,999.979762,999.979899,999.979949,999.979990,999.979977,999.979994,999.979978,999.979871,999.979963,999.979661,999.979769,999.980043,999.979835,999.979827,999.979711,999.979621,999.979723,999.979868,999.980054,999.980324,999.980717,999.981211,999.981820,999.982575,999.983441,999.984408,999.985469,999.986612,999.987821,999.989066,999.990325,999.991588,999.992820,999.993989,999.995157,999.996274,999.997300,999.998216,999.999026,999.999752,1000.000433,1000.001080,1000.001658,1000.002185,1000.002644,1000.003061,1000.003431,1000.003764,1000.004055,1000.004316,1000.004539,1000.004746,1000.004924,1000.005086,1000.005221,1000.005344,1000.005455,1000.005552,1000.005639,1000.005710,1000.005783,1000.005841,1000.005900,1000.005949,1000.006000,1000.006043,1000.006090,1000.006130,1000.006175,1000.006218,1000.006261,1000.006306,1000.006356,1000.006398,1000.006454,1000.006517,1000.006592,1000.006624,1000.006634,1000.006556,0.000000,0.000000,0.000000,0.000000,0.000000,0.000000,0.000000,0.000000,0.000000,0.000000
0.000000,0.000000,0.000000,0.000000,0.000000,0.000000,0.000000,0.000000,0.000000,999.980184,999.980142,999.980443,999.980244,999.980259,999.980308,999.980282,999.980296,999.980243,999.980227,999.980128,999.980060,999.980069,999.979807,999.980043,999.979750,999.979188,999.979274,999.979172,999.979229,999.979351,999.979343,999.979420,999.979640,999.979969,999.980412,999.981014,999.981735,999.982632,999.983674,999.984854,999.986148,999.987497,999.988894,999.990288,999.991686,999.993052,999.994293,999.995441,999.996530,999.997572,999.998564,999.999498,1000.000310,1000.001002,1000.001624,1000.002176,1000.002676,1000.003122,1000.003514,1000.003862,1000.004161,1000.004432,1000.004668,1000.004876,1000.005045,1000.005202,1000.005337,1000.005457,1000.005552,1000.005637,1000.005708,1000.005777,1000.005830,1000.005875,1000.005920,1000.005955,1000.005990,1000.006020,1000.006052,1000.006078,1000.006107,1000.006138,1000.006170,1000.006201,1000.006230,1000.006275,1000.006314,1000.006351,1000.006398,1000.006458,1000.006511,1000.006512,1000.006638,1000.006666,0.000000,0.000000,0.000000,0.000000,0.000000,0.000000,0.000000,0.000000,0.000000
0.000000,0.000000,0.000000,0.000000,0.000000,0.000000,0.000000,0.000000,0.000000,999.979143,999.980579,999.980811,999.980724,999.980701,999.980692,999.980644,999.980623,999.980525,999.980463,999.980326,999.980252,999.980085,999.979806,999.979835,999.979188,999.979163,999.979568,999.979165,999.978973,999.978710,999.978447,999.978506,999.978667,999.978918,999.979323,999.979919,999.980751,999.981728,999.982864,999.984154,999.985548,999.987029,999.988595,999.990140,999.991637,999.993168,999.994648,999.996002,999.997216,999.998267,999.999172,1000.000024,1000.000832,1000.001548,1000.002181,1000.002733,1000.003214,1000.003635,1000.004007,1000.004324,1000.004602,1000.004839,1000.005042,1000.005225,1000.005373,1000.005496,1000.005604,1000.005692,1000.005766,1000.005830,1000.005875,1000.005917,1000.005949,1000.005976,1000.005993,1000.006017,1000.006032,1000.006043,1000.006058,1000.006074,1000.006087,1000.006100,1000.006118,1000.006142,1000.006162,1000.006185,1000.006219,1000.006263,1000.006290,1000.006330,1000.006378,1000.006404,1000.006525,1000.006972,0.000000,0.000000,0.000000,0.000000,0.000000,0.000000,0.000000,0.000000,0.000000
0.000000,0.000000,0.000000,0.000000,0.000000,0.000000,0.000000,0.000000,999.981235,999.981022,999.981110,999.981069,999.981166,999.981150,999.981113,999.981022,999.980962,999.980822,999.980731,999.980549,999.980407,999.980130,999.979937,999.979827,999.979274,999.979568,999.979139,999.978016,999.977932,999.977735,999.977685,999.977812,999.977787,999.977892,999.978265,999.978861,999.979576,999.980583,999.981855,999.983317,999.984967,999.986681,999.988464,999.990255,999.991894,999.993429,999.994885,999.996268,999.997589,999.998843,999.999914,1000.000788,1000.001562,1000.002242,1000.002845,1000.003367,1000.003821,1000.004211,1000.004543,1000.004834,1000.005078,1000.005291,1000.005454,1000.005599,1000.005719,1000.005819,1000.005888,1000.005950,1000.005993,1000.006031,1000.006053,1000.006068,1000.006077,1000.006083,1000.006080,1000.006074,1000.006073,1000.006068,1000.006062,1000.006061,1000.006062,1000.006062,1000.006064,1000.006076,1000.006088,1000.006099,1000.006115,1000.006145,1000.006179,1000.006205,1000.006259,1000.006329,1000.006372,1000.006462,1000.006482,0.000000,0.000000,0.000000,0.000000,0.000000,0.000000,0.000000,0.000000
0.000000,0.000000,0.000000,0.000000,0.000000,0.000000,0.000000,0.000000,999.979965,999.981824,999.981696,999.981657,999.981655,999.981599,999.981531,999.981421,999.981323,999.981155,999.981019,999.980777,999.980583,999.980279,999.980083,999.979711,999.979172,999.979165,999.978016,999.977621,999.978254,999.977705,999.977252,999.976826,999.976382,999.976455,999.976744,999.977203,999.978108,999.979276,999.980679,999.982311,999.984118,999.986036,999.988018,999.990117,999.992164,999.994051,999.995751,999.997199,999.998398,999.999515,1000.000583,1000.001517,1000.002314,1000.002993,1000.003568,1000.004063,1000.004482,1000.004841,1000.005139,1000.005384,1000.005590,1000.005761,1000.005897,1000.006005,1000.006084,1000.006149,1000.006194,1000.006222,1000.006237,1000.006239,1000.006234,1000.006225,1000.006206,1000.006188,1000.006168,1000.006137,1000.006116,1000.006094,1000.006069,1000.006046,1000.006032,1000.006021,1000.006007,1000.006002,1000.006004,1000.006013,1000.006013,1000.006030,1000.006050,1000.006085,1000.006119,1000.006166,1000.006212,1000.006234,1000.006841,0.000000,0.000000,0.000000,0.000000,0.000000,0.000000,0.000000,0.000000
0.000000,0.000000,0.000000,0.000000,0.000000,0.000000,0.000000,999.982993,999.982434,999.982339,999.982146,999.982225,999.982171,999.982081,999.981982,999.981843,999.981705,999.981510,999.981320,999.981041,999.980809,999.980454,999.980149,999.979621,999.979229,999.978973,999.977932,999.978254,999.977835,999.975950,999.975424,999.975054,999.974875,999.975039,999.975173,999.975661,999.976398,999.977571,999.979206,999.981108,999.983400,999.985788,999.987988,999.990153,999.992243,999.994208,999.996094,999.997902,999.999407,1000.000584,1000.001591,1000.002464,1000.003217,1000.003853,1000.004391,1000.004840,1000.005211,1000.005522,1000.005773,1000.005981,1000.006139,1000.006267,1000.006362,1000.006435,1000.006477,1000.006499,1000.006508,1000.006506,1000.006484,1000.006462,1000.006424,1000.006386,1000.006341,1000.006293,1000.006250,1000.006202,1000.006152,1000.006111,1000.006075,1000.006033,1000.005997,1000.005972,1000.005951,1000.005928,1000.005910,1000.005908,1000.005913,1000.005909,1000.005923,1000.005938,1000.005967,1000.006000,1000.006083,1000.006094,1000.006124,1000.005979,0.000000,0.000000,0.000000,0.000000,0.000000,0.000000,0.000000
0.000000,0.000000,0.000000,0.000000,0.000000,0.000000,0.000000,999.981339,999.983329,999.983001,999.982914,999.982801,999.982685,999.982578,999.982450,999.982288,999.982119,999.981888,999.981659,999.981353,999.981066,999.980647,999.980272,999.979723,999.979351,999.978710,999.977735,999.977705,999.975950,999.974693,999.975386,999.974824,999.974103,999.973601,999.973130,999.973290,999.974308,999.975677,999.977471,999.979739,999.982170,999.985013,999.987969,999.990753,999.993303,999.995459,999.997181,999.998765,1000.000284,1000.001576,1000.002637,1000.003501,1000.004217,1000.004809,1000.005293,1000.005689,1000.006007,1000.006260,1000.006461,1000.006617,1000.006731,1000.006807,1000.006857,1000.006879,1000.006885,1000.006871,1000.006838,1000.006798,1000.006746,1000.006683,1000.006620,1000.006550,1000.006478,1000.006405,1000.006334,1000.006263,1000.006196,1000.006127,1000.006068,1000.006015,1000.005967,1000.005914,1000.005877,1000.005852,1000.005824,1000.005797,1000.005789,1000.005787,1000.005789,1000.005795,1000.005815,1000.005832,1000.005849,1000.005873,1000.005850,1000.006576,0.000000,0.000000,0.000000,0.000000,0.000000,0.000000,0.000000
0.000000,0.000000,0.000000,0.000000,0.000000,0.000000,999.984830,999.984114,999.983895,999.983526,999.983515,999.983376,999.983245,999.983113,999.982951,999.982761,999.982552,999.982298,999.982040,999.981699,999.981353,999.980893,999.980469,999.979868,999.979343,999.978447,999.977685,999.977252,999.975424,999.975386,999.975210,999.972576,999.971214,999.970385,999.970056,999.970739,999.971376,999.972680,999.975028,999.977810,999.980945,999.984256,999.987463,999.990528,999.993473,999.996316,999.998624,1000.000329,1000.001728,1000.002913,1000.003903,1000.004706,1000.005353,1000.005873,1000.006283,1000.006611,1000.006864,1000.007055,1000.007193,1000.007288,1000.007349,1000.007376,1000.007374,1000.007352,1000.007309,1000.007255,1000.007183,1000.007100,1000.007013,1000.006920,1000.006815,1000.006718,1000.006615,1000.006513,1000.006416,1000.006319,1000.006231,1000.006143,1000.006058,1000.005984,1000.005922,1000.005862,1000.005799,1000.005760,1000.005726,1000.005691,1000.005666,1000.005644,1000.005640,1000.005636,1000.005646,1000.005660,1000.005672,1000.005716,1000.005655,1000.005676,1000.005534,0.000000,0.000000,0.000000,0.000000,0.000000,0.000000
0.000000,0.000000,0.000000,0.000000,0.000000,0.000000,999.983062,999.985033,999.984504,999.984311,999.984129,999.983959,999.983817,999.983651,999.983454,999.983249,999.983020,999.982752,999.982452,999.982087,999.981702,999.981214,999.980725,999.980054,999.979420,999.978506,999.977812,999.976826,999.975054,999.974824,999.972576,999.969746,999.969672,999.968997,999.968294,999.967757,999.968167,999.970045,999.972624,999.976337,999.980287,999.984335,999.988482,999.992080,999.994891,999.997411,999.999796,1000.001763,1000.003268,1000.004433,1000.005342,1000.006063,1000.006614,1000.007045,1000.007370,1000.007611,1000.007783,1000.007902,1000.007971,1000.008002,1000.007997,1000.007970,1000.007915,1000.007841,1000.007753,1000.007648,1000.007534,1000.007410,1000.007282,1000.007152,1000.007019,1000.006883,1000.006751,1000.006619,1000.006495,1000.006370,1000.006257,1000.006153,1000.006052,1000.005948,1000.005871,1000.005792,1000.005724,1000.005657,1000.005607,1000.005570,1000.005540,1000.005509,1000.005495,1000.005477,1000.005468,1000.005477,1000.005477,1000.005478,1000.005469,1000.005361,1000.006115,0.000000,0.000000,0.000000,0.000000,0.000000,0.000000
0.000000,0.000000,0.000000,0.000000,0.000000,999.986764,999.985878,999.985495,999.984987,999.984934,999.984736,999.984574,999.984386,999.984198,999.983999,999.983779,999.983531,999.983235,999.982910,999.982522,999.982113,999.981588,999.981046,999.980324,999.979640,999.978667,999.977787,999.976382,999.974875,999.974103,999.971214,999.969672,999.969295,999.966162,999.963697,999.962875,999.963000,999.964892,999.968113,999.972234,999.977594,999.983231,999.988321,999.993171,999.997128,999.999900,1000.002032,1000.003779,1000.005161,1000.006202,1000.006983,1000.007569,1000.007999,1000.008312,1000.008531,1000.008676,1000.008754,1000.008792,1000.008785,1000.008747,1000.008680,1000.008586,1000.008476,1000.008349,1000.008205,1000.008055,1000.007893,1000.007729,1000.007559,1000.007386,1000.007215,1000.007050,1000.006882,1000.006721,1000.006568,1000.006419,1000.006275,1000.006144,1000.006027,1000.005914,1000.005804,1000.005718,1000.005634,1000.005562,1000.005490,1000.005436,1000.005395,1000.005351,1000.005331,1000.005310,1000.005295,1000.005285,1000.005278,1000.005274,1000.005322,1000.005214,1000.005147,1000.004841,0.000000,0.000000,0.000000,0.000000,0.000000
0.000000,0.000000,0.000000,0.000000,0.000000,999.984915,999.986555,999.985978,999.985757,999.985541,999.985332,999.985156,999.984966,999.984776,999.984560,999.984327,999.984057,999.983759,999.983416,999.983022,999.982580,999.982038,999.981457,999.980717,999.979969,999.978918,999.977892,999.976455,999.975039,999.973601,999.970385,999.968997,999.966162,999.961359,999.958941,999.956912,999.957039,999.959427,999.963472,999.970166,999.977263,999.983671,999.989524,999.994434,999.998787,1000.002196,1000.004549,1000.006204,1000.007382,1000.008235,1000.008827,1000.009237,1000.009509,1000.009677,1000.009767,1000.009800,1000.009781,1000.009726,1000.009635,1000.009517,1000.009380,1000.009225,1000.009051,1000.008866,1000.008671,1000.008466,1000.008263,1000.008047,1000.007835,1000.007626,1000.007411,1000.007209,1000.007011,1000.006816,1000.006631,1000.006463,1000.006294,1000.006136,1000.005995,1000.005861,1000.005742,1000.005622,1000.005528,1000.005444,1000.005369,1000.005296,1000.005246,1000.005196,1000.005164,1000.005132,1000.005110,1000.005101,1000.005090,1000.005070,1000.005050,1000.005037,1000.004912,1000.005601,0.000000,0.000000,0.000000,0.000000,0.000000
0.000000,0.000000,0.000000,0.000000,999.987616,999.987264,999.986898,999.986370,999.986320,999.986116,999.985935,999.985758,999.985561,999.985370,999.985143,999.984902,999.984628,999.984326,999.983978,999.983572,999.983112,999.982566,999.981967,999.981211,999.980412,999.979323,999.978265,999.976744,999.975173,999.973130,999.970056,999.968294,999.963697,999.958941,999.954738,999.949906,999.948518,999.950076,999.956643,999.966249,999.976197,999.985956,999.993623,999.998782,1000.002636,1000.005579,1000.007674,1000.009053,1000.009935,1000.010498,1000.010845,1000.011030,1000.011115,1000.011120,1000.011067,1000.010971,1000.010845,1000.010687,1000.010510,1000.010314,1000.010101,1000.009877,1000.009640,1000.009394,1000.009143,1000.008886,1000.008624,1000.008370,1000.008106,1000.007855,1000.007607,1000.007360,1000.007131,1000.006905,1000.006682,1000.006483,1000.006297,1000.006111,1000.005946,1000.005795,1000.005658,1000.005534,1000.005413,1000.005313,1000.005231,1000.005148,1000.005079,1000.005029,1000.004986,1000.004946,1000.004921,1000.004897,1000.004886,1000.004884,1000.004870,1000.004910,1000.004771,1000.004738,1000.004681,0.000000,0.000000,0.000000,0.000000
0.000000,0.000000,0.000000,0.000000,999.985535,999.987062,999.987064,999.987064,999.986893,999.986697,999.986533,999.986354,999.986170,999.985967,999.985746,999.985509,999.985234,999.984934,999.984575,999.984182,999.983715,999.983186,999.982577,999.981820,999.981014,999.979919,999.978861,999.977203,999.975661,999.973290,999.970739,999.967757,999.962875,999.956912,999.949906,999.939962,999.933291,999.937374,999.946900,999.959047,999.974044,999.986757,999.995888,1000.003265,1000.007583,1000.010056,1000.011536,1000.012374,1000.012812,1000.012987,1000.013011,1000.012935,1000.012796,1000.012617,1000.012408,1000.012179,1000.011932,1000.011674,1000.011404,1000.011127,1000.010833,1000.010541,1000.010237,1000.009931,1000.009618,1000.009309,1000.008996,1000.008688,1000.008381,1000.008082,1000.007791,1000.007509,1000.007233,1000.006984,1000.006734,1000.006500,1000.006283,1000.006084,1000.005897,1000.005715,1000.005560,1000.005418,1000.005290,1000.005171,1000.005076,1000.004986,1000.004912,1000.004848,1000.004796,1000.004752,1000.004724,1000.004704,1000.004679,1000.004674,1000.004663,1000.004679,1000.004723,1000.004822,1000.005524,0.000000,0.000000,0.000000,0.000000
