0.000000,0.000000,0.000000,0.000000,0.000000,0.000000,0.000000,0.000000,0.000000,0.000000,0.000000,0.000000,0.000000,0.000000,0.000000,0.000000,0.000000,0.000000,0.000000,0.000000,0.000000,0.000000,0.000000,0.000000,0.000000,0.000000,0.000000,0.000000,0.000000,0.000000,0.000000,0.000000,0.000000,0.000000,0.000000,0.000000,0.000000,0.000000,0.000000,0.000000,0.000000,0.000000,0.000000,0.000000,0.000000,0.000000,0.000000,0.000000,0.000000,0.000000,0.000000,0.000000,0.000000,0.000000,0.000000,0.000000,0.000000,0.000000,0.000000,0.000000,0.000000,0.000000,0.000000,0.000000,0.000000,0.000000,0.000000,0.000000,0.000000,0.000000,0.000000,0.000000,0.000000,0.000000,0.000000,0.000000,0.000000,0.000000,0.000000,0.000000,0.000000,0.000000,0.000000,0.000000,0.000000,0.000000,0.000000,0.000000,0.000000,0.000000,0.000000,0.000000,0.000000,0.000000,0.000000,0.000000,0.000000,0.000000,0.000000,0.000000,0.000000,0.000000,0.000000
0.000000,0.000000,0.000000,0.000000,0.000000,0.000000,0.000000,0.000000,0.000000,0.000000,0.000000,0.000000,0.000000,0.000000,0.000000,0.000000,0.000000,0.000000,0.000000,0.000000,0.000000,0.000000,0.000000,0.000000,0.000000,0.000000,0.000000,0.000000,0.000000,0.000000,0.000000,0.000000,0.000000,0.000000,0.000000,0.000000,0.000000,0.000000,0.000000,0.000000,0.000000,0.000000,0.000000,0.000000,0.000000,0.000000,0.000000,0.000000,0.000000,0.000000,0.000000,999.997174,0.000000,0.000000,0.000000,0.000000,0.000000,0.000000,0.000000,0.000000,0.000000,0.000000,0.000000,0.000000,0.000000,0.000000,0.000000,0.000000,0.000000,0.000000,0.000000,0.000000,0.000000,0.000000,0.000000,0.000000,0.000000,0.000000,0.000000,0.000000,0.000000,0.000000,0.000000,0.000000,0.000000,0.000000,0.000000,0.000000,0.000000,0.000000,0.000000,0.000000,0.000000,0.000000,0.000000,0.000000,0.000000,0.000000,0.000000,0.000000,0.000000,0.000000,0.000000
0.000000,0.000000,0.000000,0.000000,0.000000,0.000000,0.000000,0.000000,0.000000,0.000000,0.000000,0.000000,0.000000,0.000000,0.000000,0.000000,0.000000,0.000000,0.000000,0.000000,0.000000,0.000000,0.000000,0.000000,0.000000,0.000000,0.000000,0.000000,0.000000,0.000000,0.000000,0.000000,0.000000,0.000000,0.000000,0.000000,0.000000,0.000000,0.000000,0.000000,0.000000,0.000000,999.994682,999.991605,999.991616,999.992298,999.993024,999.993781,999.994647,999.995892,999.996936,999.997109,999.997279,999.998253,999.999384,1000.000055,1000.000615,1000.001112,1000.001547,1000.001498,999.999207,0.000000,0.000000,0.000000,0.000000,0.000000,0.000000,0.000000,0.000000,0.000000,0.000000,0.000000,0.000000,0.000000,0.000000,0.000000,0.000000,0.000000,0.000000,0.000000,0.000000,0.000000,0.000000,0.000000,0.000000,0.000000,0.000000,0.000000,0.000000,0.000000,0.000000,0.000000,0.000000,0.000000,0.000000,0.000000,0.000000,0.000000,0.000000,0.000000,0.000000,0.000000,0.000000
0.000000,0.000000,0.000000,0.000000,0.000000,0.000000,0.000000,0.000000,0.000000,0.000000,0.000000,0.000000,0.000000,0.000000,0.000000,0.000000,0.000000,0.000000,0.000000,0.000000,0.000000,0.000000,0.000000,0.000000,0.000000,0.000000,0.000000,0.000000,0.000000,0.000000,0.000000,0.000000,0.000000,0.000000,0.000000,0.000000,0.000000,999.989965,999.987022,999.986858,999.988276,999.990565,999.993730,999.992966,999.992471,999.992682,999.993275,999.994008,999.994763,999.995559,999.996733,999.996993,999.997250,999.998351,999.999031,999.999645,1000.000207,1000.000632,1000.000755,1000.000382,999.999841,1000.002011,1000.003470,1000.004274,1000.004008,1000.002168,0.000000,0.000000,0.000000,0.000000,0.000000,0.000000,0.000000,0.000000,0.000000,0.000000,0.000000,0.000000,0.000000,0.000000,0.000000,0.000000,0.000000,0.000000,0.000000,0.000000,0.000000,0.000000,0.000000,0.000000,0.000000,0.000000,0.000000,0.000000,0.000000,0.000000,0.000000,0.000000,0.000000,0.000000,0.000000,0.000000,0.000000
0.000000,0.000000,0.000000,0.000000,0.000000,0.000000,0.000000,0.000000,0.000000,0.000000,0.000000,0.000000,0.000000,0.000000,0.000000,0.000000,0.000000,0.000000,0.000000,0.000000,0.000000,0.000000,0.000000,0.000000,0.000000,0.000000,0.000000,0.000000,0.000000,0.000000,0.000000,0.000000,0.000000,0.000000,999.987215,999.985078,999.986275,999.989229,999.988719,999.988419,999.988924,999.990845,999.991963,999.992240,999.992558,999.992942,999.993473,999.994111,999.994848,999.995526,999.996257,999.996898,999.997513,999.998171,999.998762,999.999391,999.999890,1000.000285,1000.000550,1000.000743,1000.000920,1000.001650,1000.002880,1000.003168,1000.002943,1000.002547,1000.004191,1000.004844,1000.003677,0.000000,0.000000,0.000000,0.000000,0.000000,0.000000,0.000000,0.000000,0.000000,0.000000,0.000000,0.000000,0.000000,0.000000,0.000000,0.000000,0.000000,0.000000,0.000000,0.000000,0.000000,0.000000,0.000000,0.000000,0.000000,0.000000,0.000000,0.000000,0.000000,0.000000,0.000000,0.000000,0.000000,0.000000
0.000000,0.000000,0.000000,0.000000,0.000000,0.000000,0.000000,0.000000,0.000000,0.000000,0.000000,0.000000,0.000000,0.000000,0.000000,0.000000,0.000000,0.000000,0.000000,0.000000,0.000000,0.000000,0.000000,0.000000,0.000000,0.000000,0.000000,0.000000,0.000000,0.000000,0.000000,0.000000,999.986356,999.984452,999.986857,999.986642,999.987475,999.988111,999.988386,999.988906,999.989558,999.990517,999.991183,999.991988,999.992512,999.992982,999.993535,999.994150,999.994822,999.995509,999.996140,999.996799,999.997445,999.998020,999.998627,999.999191,999.999676,1000.000095,1000.000436,1000.000791,1000.001310,1000.001731,1000.002337,1000.002698,1000.003005,1000.003136,1000.003443,1000.003854,1000.003715,1000.004949,1000.003834,0.000000,0.000000,0.000000,0.000000,0.000000,0.000000,0.000000,0.000000,0.000000,0.000000,0.000000,0.000000,0.000000,0.000000,0.000000,0.000000,0.000000,0.000000,0.000000,0.000000,0.000000,0.000000,0.000000,0.000000,0.000000,0.000000,0.000000,0.000000,0.000000,0.000000,0.000000,0.000000
0.000000,0.000000,0.000000,0.000000,0.000000,0.000000,0.000000,0.000000,0.000000,0.000000,0.000000,0.000000,0.000000,0.000000,0.000000,0.000000,0.000000,0.000000,0.000000,0.000000,0.000000,0.000000,0.000000,0.000000,0.000000,0.000000,0.000000,0.000000,0.000000,0.000000,999.984369,999.982562,999.985442,999.986126,999.986482,999.986655,999.987278,999.987727,999.988427,999.989013,999.989661,999.990348,999.991053,999.991763,999.992358,999.992944,999.993548,999.994157,999.994799,999.995460,999.996095,999.996731,999.997351,999.997949,999.998527,999.999058,999.999553,1000.000006,1000.000433,1000.000832,1000.001291,1000.001738,1000.002159,1000.002521,1000.002834,1000.003224,1000.003452,1000.003738,1000.003775,1000.003963,1000.004284,1000.005672,1000.004779,0.000000,0.000000,0.000000,0.000000,0.000000,0.000000,0.000000,0.000000,0.000000,0.000000,0.000000,0.000000,0.000000,0.000000,0.000000,0.000000,0.000000,0.000000,0.000000,0.000000,0.000000,0.000000,0.000000,0.000000,0.000000,0.000000,0.000000,0.000000,0.000000,0.000000
0.000000,0.000000,0.000000,0.000000,0.000000,0.000000,0.000000,0.000000,0.000000,0.000000,0.000000,0.000000,0.000000,0.000000,0.000000,0.000000,0.000000,0.000000,0.000000,0.000000,0.000000,0.000000,0.000000,0.000000,0.000000,0.000000,0.000000,0.000000,999.982499,999.980812,999.983645,999.984581,999.985052,999.985542,999.985952,999.986656,999.987197,999.987718,999.988347,999.988939,999.989609,999.990260,999.990952,999.991610,999.992256,999.992887,999.993502,999.994135,999.994777,999.995413,999.996050,999.996675,999.997284,999.997873,999.998437,999.998970,999.999472,999.999947,1000.000391,1000.000832,1000.001260,1000.001701,1000.002096,1000.002490,1000.002813,1000.003135,1000.003401,1000.003671,1000.003995,1000.004159,1000.004395,1000.004585,1000.005007,1000.006329,1000.005428,0.000000,0.000000,0.000000,0.000000,0.000000,0.000000,0.000000,0.000000,0.000000,0.000000,0.000000,0.000000,0.000000,0.000000,0.000000,0.000000,0.000000,0.000000,0.000000,0.000000,0.000000,0.000000,0.000000,0.000000,0.000000,0.000000,0.000000,0.000000
0.000000,0.000000,0.000000,0.000000,0.000000,0.000000,0.000000,0.000000,0.000000,0.000000,0.000000,0.000000,0.000000,0.000000,0.000000,0.000000,0.000000,0.000000,0.000000,0.000000,0.000000,0.000000,0.000000,0.000000,0.000000,0.000000,999.980705,999.979408,999.981928,999.982846,999.983420,999.984041,999.984539,999.985330,999.985894,999.986482,999.987016,999.987626,999.988234,999.988863,999.989519,999.990171,999.990850,999.991509,999.992167,999.992809,999.993454,999.994103,999.994746,999.995379,999.996015,999.996642,999.997245,999.997830,999.998393,999.998930,999.999445,999.999921,1000.000377,1000.000825,1000.001257,1000.001660,1000.002051,1000.002426,1000.002783,1000.003090,1000.003399,1000.003663,1000.003949,1000.004189,1000.004560,1000.004771,1000.005024,1000.005268,1000.005652,1000.006752,1000.006121,0.000000,0.000000,0.000000,0.000000,0.000000,0.000000,0.000000,0.000000,0.000000,0.000000,0.000000,0.000000,0.000000,0.000000,0.000000,0.000000,0.000000,0.000000,0.000000,0.000000,0.000000,0.000000,0.000000,0.000000,0.000000,0.000000
0.000000,0.000000,0.000000,0.000000,0.000000,0.000000,0.000000,0.000000,0.000000,0.000000,0.000000,0.000000,0.000000,0.000000,0.000000,0.000000,0.000000,0.000000,0.000000,0.000000,0.000000,0.000000,0.000000,0.000000,999.979639,999.978570,999.980494,999.981312,999.981835,999.982513,999.983039,999.983850,999.984485,999.985106,999.985687,999.986287,999.986891,999.987511,999.988120,999.988772,999.989416,999.990083,999.990751,999.991426,999.992087,999.992751,999.993415,999.994061,999.994709,999.995354,999.995993,999.996610,999.997213,999.997799,999.998361,999.998902,999.999415,999.999907,1000.000381,1000.000834,1000.001265,1000.001676,1000.002071,1000.002434,1000.002776,1000.003101,1000.003406,1000.003691,1000.003969,1000.004239,1000.004512,1000.004794,1000.005136,1000.005349,1000.005638,1000.005828,1000.006143,1000.006947,1000.006439,0.000000,0.000000,0.000000,0.000000,0.000000,0.000000,0.000000,0.000000,0.000000,0.000000,0.000000,0.000000,0.000000,0.000000,0.000000,0.000000,0.000000,0.000000,0.000000,0.000000,0.000000,0.000000,0.000000,0.000000
0.000000,0.000000,0.000000,0.000000,0.000000,0.000000,0.000000,0.000000,0.000000,0.000000,0.000000,0.000000,0.000000,0.000000,0.000000,0.000000,0.000000,0.000000,0.000000,0.000000,0.000000,0.000000,0.000000,999.979963,999.979593,999.980039,999.980585,999.981178,999.981637,999.982415,999.983037,999.983669,999.984284,999.984890,999.985509,999.986126,999.986733,999.987356,999.987991,999.988645,999.989302,999.989974,999.990653,999.991331,999.992011,999.992697,999.993362,999.994031,999.994690,999.995350,999.995987,999.996606,999.997219,999.997810,999.998378,999.998913,999.999431,999.999922,1000.000401,1000.000837,1000.001267,1000.001673,1000.002070,1000.002435,1000.002787,1000.003113,1000.003427,1000.003711,1000.004000,1000.004286,1000.004543,1000.004812,1000.005073,1000.005335,1000.005657,1000.005833,1000.006058,1000.006256,1000.006405,1000.006174,0.000000,0.000000,0.000000,0.000000,0.000000,0.000000,0.000000,0.000000,0.000000,0.000000,0.000000,0.000000,0.000000,0.000000,0.000000,0.000000,0.000000,0.000000,0.000000,0.000000,0.000000,0.000000,0.000000
0.000000,0.000000,0.000000,0.000000,0.000000,0.000000,0.000000,0.000000,0.000000,0.000000,0.000000,0.000000,0.000000,0.000000,0.000000,0.000000,0.000000,0.000000,0.000000,0.000000,0.000000,999.977932,999.977291,999.979416,999.979900,999.980283,999.980542,999.981141,999.981718,999.982317,999.982901,999.983496,999.984110,999.984715,999.985335,999.985942,999.986563,999.987206,999.987849,999.988512,999.989180,999.989870,999.990556,999.991249,999.991942,999.992631,999.993319,999.994001,999.994676,999.995332,999.995976,999.996609,999.997226,999.997817,999.998383,999.998935,999.999464,999.999964,1000.000440,1000.000897,1000.001332,1000.001739,1000.002121,1000.002479,1000.002824,1000.003151,1000.003452,1000.003751,1000.004029,1000.004309,1000.004563,1000.004831,1000.005087,1000.005323,1000.005560,1000.005787,1000.006027,1000.006104,1000.006221,1000.006399,1000.007322,1000.006984,0.000000,0.000000,0.000000,0.000000,0.000000,0.000000,0.000000,0.000000,0.000000,0.000000,0.000000,0.000000,0.000000,0.000000,0.000000,0.000000,0.000000,0.000000,0.000000,0.000000,0.000000
0.000000,0.000000,0.000000,0.000000,0.000000,0.000000,0.000000,0.000000,0.000000,0.000000,0.000000,0.000000,0.000000,0.000000,0.000000,0.000000,0.000000,0.000000,0.000000,0.000000,999.978308,999.978239,999.978677,999.979260,999.979701,999.980196,999.980644,999.981139,999.981678,999.982200,999.982769,999.983348,999.983934,999.984533,999.985131,999.985750,999.986384,999.987032,999.987686,999.988362,999.989051,999.989752,999.990452,999.991163,999.991876,999.992582,999.993288,999.993989,999.994674,999.995346,999.996006,999.996655,999.997274,999.997866,999.998443,999.998997,999.999521,1000.000013,1000.000487,1000.000936,1000.001374,1000.001779,1000.002170,1000.002535,1000.002881,1000.003201,1000.003508,1000.003806,1000.004077,1000.004340,1000.004602,1000.004853,1000.005094,1000.005325,1000.005537,1000.005747,1000.005942,1000.006108,1000.006290,1000.006448,1000.006672,1000.006822,1000.006728,0.000000,0.000000,0.000000,0.000000,0.000000,0.000000,0.000000,0.000000,0.000000,0.000000,0.000000,0.000000,0.000000,0.000000,0.000000,0.000000,0.000000,0.000000,0.000000,0.000000
0.000000,0.000000,0.000000,0.000000,0.000000,0.000000,0.000000,0.000000,0.000000,0.000000,0.000000,0.000000,0.000000,0.000000,0.000000,0.000000,0.000000,0.000000,0.000000,999.977963,999.978296,999.978524,999.978957,999.979210,999.979715,999.980176,999.980624,999.981089,999.981582,999.982086,999.982623,999.983183,999.983751,999.984334,999.984933,999.985559,999.986193,999.986844,999.987514,999.988207,999.988908,999.989622,999.990342,999.991074,999.991806,999.992536,999.993254,999.993969,999.994672,999.995362,999.996036,999.996683,999.997313,999.997921,999.998516,999.999067,999.999605,1000.000115,1000.000605,1000.001051,1000.001477,1000.001870,1000.002253,1000.002612,1000.002951,1000.003270,1000.003575,1000.003861,1000.004130,1000.004389,1000.004642,1000.004876,1000.005100,1000.005324,1000.005535,1000.005722,1000.005899,1000.006076,1000.006251,1000.006442,1000.006522,1000.006667,1000.006733,1000.006829,0.000000,0.000000,0.000000,0.000000,0.000000,0.000000,0.000000,0.000000,0.000000,0.000000,0.000000,0.000000,0.000000,0.000000,0.000000,0.000000,0.000000,0.000000,0.000000
0.000000,0.000000,0.000000,0.000000,0.000000,0.000000,0.000000,0.000000,0.000000,0.000000,0.000000,0.000000,0.000000,0.000000,0.000000,0.000000,0.000000,0.000000,999.977605,999.978014,999.978366,999.978692,999.979029,999.979352,999.979769,999.980167,999.980589,999.981026,999.981484,999.981959,999.982471,999.983000,999.983540,999.984120,999.984711,999.985334,999.985968,999.986634,999.987321,999.988031,999.988745,999.989485,999.990231,999.990987,999.991739,999.992493,999.993244,999.993979,999.994705,999.995416,999.996105,999.996765,999.997410,999.998031,999.998614,999.999163,999.999692,1000.000200,1000.000680,1000.001135,1000.001572,1000.001976,1000.002360,1000.002714,1000.003046,1000.003359,1000.003655,1000.003931,1000.004197,1000.004450,1000.004689,1000.004912,1000.005133,1000.005336,1000.005531,1000.005715,1000.005881,1000.006052,1000.006204,1000.006357,1000.006480,1000.006599,1000.006705,1000.006821,1000.006963,0.000000,0.000000,0.000000,0.000000,0.000000,0.000000,0.000000,0.000000,0.000000,0.000000,0.000000,0.000000,0.000000,0.000000,0.000000,0.000000,0.000000,0.000000
0.000000,0.000000,0.000000,0.000000,0.000000,0.000000,0.000000,0.000000,0.000000,0.000000,0.000000,0.000000,0.000000,0.000000,0.000000,0.000000,0.000000,999.977290,999.977791,999.978115,999.978444,999.978761,999.979067,999.979401,999.979754,999.980120,999.980508,999.980918,999.981341,999.981798,999.982287,999.982782,999.983319,999.983881,999.984476,999.985093,999.985737,999.986419,999.987117,999.987836,999.988581,999.989340,999.990115,999.990891,999.991672,999.992449,999.993227,999.993983,999.994731,999.995453,999.996160,999.996844,999.997506,999.998130,999.998736,999.999314,999.999870,1000.000371,1000.000846,1000.001283,1000.001709,1000.002104,1000.002477,1000.002824,1000.003157,1000.003465,1000.003752,1000.004025,1000.004280,1000.004521,1000.004744,1000.004962,1000.005168,1000.005358,1000.005540,1000.005713,1000.005882,1000.006033,1000.006179,1000.006309,1000.006442,1000.006552,1000.006673,1000.006786,1000.006918,1000.007073,0.000000,0.000000,0.000000,0.000000,0.000000,0.000000,0.000000,0.000000,0.000000,0.000000,0.000000,0.000000,0.000000,0.000000,0.000000,0.000000,0.000000
0.000000,0.000000,0.000000,0.000000,0.000000,0.000000,0.000000,0.000000,0.000000,0.000000,0.000000,0.000000,0.000000,0.000000,0.000000,0.000000,999.977291,999.977595,999.977926,999.978226,999.978556,999.978852,999.979145,999.979449,999.979769,999.980091,999.980444,999.980812,999.981205,999.981632,999.982077,999.982553,999.983072,999.983621,999.984197,999.984812,999.985469,999.986156,999.986868,999.987614,999.988392,999.989181,999.989982,999.990797,999.991617,999.992430,999.993237,999.994026,999.994808,999.995556,999.996285,999.996985,999.997650,999.998274,999.998877,999.999446,999.999983,1000.000495,1000.000992,1000.001451,1000.001876,1000.002265,1000.002629,1000.002972,1000.003292,1000.003588,1000.003867,1000.004127,1000.004376,1000.004602,1000.004816,1000.005021,1000.005214,1000.005390,1000.005565,1000.005724,1000.005871,1000.006016,1000.006155,1000.006278,1000.006405,1000.006516,1000.006629,1000.006745,1000.006866,1000.006991,1000.007141,0.000000,0.000000,0.000000,0.000000,0.000000,0.000000,0.000000,0.000000,0.000000,0.000000,0.000000,0.000000,0.000000,0.000000,0.000000,0.000000
0.000000,0.000000,0.000000,0.000000,0.000000,0.000000,0.000000,0.000000,0.000000,0.000000,0.000000,0.000000,0.000000,0.000000,0.000000,999.977290,999.977595,999.977918,999.978189,999.978435,999.978714,999.978932,999.979179,999.979445,999.979714,999.980003,999.980314,999.980653,999.981012,999.981399,999.981820,999.982276,999.982782,999.983310,999.983888,999.984513,999.985175,999.985871,999.986609,999.987384,999.988187,999.989004,999.989844,999.990695,999.991548,999.992394,999.993233,999.994054,999.994859,999.995639,999.996391,999.997111,999.997805,999.998471,999.999108,999.999684,1000.000220,1000.000716,1000.001193,1000.001631,1000.002046,1000.002431,1000.002797,1000.003132,1000.003444,1000.003729,1000.003999,1000.004245,1000.004475,1000.004699,1000.004901,1000.005088,1000.005269,1000.005439,1000.005593,1000.005747,1000.005881,1000.006013,1000.006142,1000.006254,1000.006367,1000.006480,1000.006590,1000.006697,1000.006810,1000.006918,1000.007032,1000.007157,0.000000,0.000000,0.000000,0.000000,0.000000,0.000000,0.000000,0.000000,0.000000,0.000000,0.000000,0.000000,0.000000,0.000000,0.000000
0.000000,0.000000,0.000000,0.000000,0.000000,0.000000,0.000000,0.000000,0.000000,0.000000,0.000000,0.000000,0.000000,0.000000,999.977605,999.977791,999.977926,999.978189,999.978342,999.978524,999.978773,999.978957,999.979227,999.979458,999.979697,999.979944,999.980217,999.980503,999.980820,999.981170,999.981556,999.981986,999.982455,999.982966,999.983541,999.984158,999.984824,999.985535,999.986309,999.987113,999.987945,999.988813,999.989707,999.990601,999.991503,999.992396,999.993287,999.994151,999.994992,999.995799,999.996577,999.997304,999.998000,999.998645,999.999260,999.999856,1000.000426,1000.000951,1000.001429,1000.001865,1000.002271,1000.002654,1000.003003,1000.003319,1000.003617,1000.003897,1000.004151,1000.004389,1000.004605,1000.004806,1000.005001,1000.005170,1000.005335,1000.005490,1000.005632,1000.005767,1000.005897,1000.006015,1000.006131,1000.006238,1000.006339,1000.006440,1000.006540,1000.006642,1000.006741,1000.006845,1000.006939,1000.007038,1000.007133,0.000000,0.000000,0.000000,0.000000,0.000000,0.000000,0.000000,0.000000,0.000000,0.000000,0.000000,0.000000,0.000000,0.000000
0.000000,0.000000,0.000000,0.000000,0.000000,0.000000,0.000000,0.000000,0.000000,0.000000,0.000000,0.000000,0.000000,999.977963,999.978014,999.978115,999.978226,999.978435,999.978524,999.978768,999.978997,999.979120,999.979320,999.979441,999.979603,999.979810,999.980035,999.980274,999.980550,999.980863,999.981217,999.981613,999.982061,999.982567,999.983136,999.983752,999.984437,999.985180,999.985976,999.986806,999.987689,999.988602,999.989539,999.990482,999.991435,999.992379,999.993311,999.994215,999.995093,999.995939,999.996750,999.997537,999.998278,999.998967,999.999585,1000.000160,1000.000697,1000.001196,1000.001666,1000.002105,1000.002510,1000.002879,1000.003216,1000.003528,1000.003810,1000.004079,1000.004315,1000.004539,1000.004743,1000.004931,1000.005101,1000.005268,1000.005412,1000.005553,1000.005681,1000.005805,1000.005918,1000.006025,1000.006126,1000.006224,1000.006322,1000.006409,1000.006496,1000.006586,1000.006674,1000.006765,1000.006849,1000.006930,1000.007002,1000.007068,0.000000,0.000000,0.000000,0.000000,0.000000,0.000000,0.000000,0.000000,0.000000,0.000000,0.000000,0.000000,0.000000
0.000000,0.000000,0.000000,0.000000,0.000000,0.000000,0.000000,0.000000,0.000000,0.000000,0.000000,0.000000,999.978308,999.978296,999.978366,999.978444,999.978556,999.978714,999.978773,999.978997,999.979034,999.979043,999.979245,999.979337,999.979544,999.979734,999.979892,999.980080,999.980310,999.980571,999.980873,999.981227,999.981646,999.982125,999.982671,999.983285,999.983979,999.984742,999.985562,999.986455,999.987399,999.988372,999.989375,999.990388,999.991414,999.992423,999.993410,999.994370,999.995294,999.996174,999.996991,999.997750,999.998479,999.999178,999.999850,1000.000464,1000.001018,1000.001522,1000.001982,1000.002409,1000.002795,1000.003145,1000.003467,1000.003771,1000.004036,1000.004281,1000.004503,1000.004709,1000.004894,1000.005068,1000.005226,1000.005369,1000.005504,1000.005623,1000.005738,1000.005844,1000.005942,1000.006037,1000.006126,1000.006210,1000.006292,1000.006379,1000.006451,1000.006535,1000.006611,1000.006691,1000.006764,1000.006841,1000.006905,1000.006964,1000.007013,0.000000,0.000000,0.000000,0.000000,0.000000,0.000000,0.000000,0.000000,0.000000,0.000000,0.000000,0.000000
0.000000,0.000000,0.000000,0.000000,0.000000,0.000000,0.000000,0.000000,0.000000,0.000000,0.000000,999.977932,999.978239,999.978524,999.978692,999.978761,999.978852,999.978932,999.978957,999.979120,999.979043,999.979234,999.979463,999.979439,999.979556,999.979565,999.979618,999.979774,999.979949,999.980152,999.980408,999.980730,999.981117,999.981576,999.982117,999.982747,999.983471,999.984258,999.985129,999.986071,999.987062,999.988102,999.989173,999.990263,999.991353,999.992423,999.993476,999.994496,999.995469,999.996418,999.997325,999.998161,999.998907,999.999587,1000.000206,1000.000793,1000.001341,1000.001849,1000.002306,1000.002718,1000.003096,1000.003440,1000.003746,1000.004029,1000.004278,1000.004507,1000.004712,1000.004902,1000.005066,1000.005217,1000.005356,1000.005486,1000.005596,1000.005706,1000.005804,1000.005895,1000.005977,1000.006059,1000.006131,1000.006206,1000.006269,1000.006342,1000.006407,1000.006474,1000.006542,1000.006608,1000.006678,1000.006744,1000.006814,1000.006885,1000.007006,1000.007099,0.000000,0.000000,0.000000,0.000000,0.000000,0.000000,0.000000,0.000000,0.000000,0.000000,0.000000
0.000000,0.000000,0.000000,0.000000,0.000000,0.000000,0.000000,0.000000,0.000000,0.000000,0.000000,999.977291,999.978677,999.978957,999.979029,999.979067,999.979145,999.979179,999.979227,999.979320,999.979245,999.979463,999.979343,999.979132,999.979284,999.979283,999.979425,999.979578,999.979648,999.979779,999.979982,999.980245,999.980577,999.980996,999.981512,999.982134,999.982838,999.983662,999.984590,999.985603,999.986685,999.987825,999.988998,999.990184,999.991366,999.992528,999.993660,999.994757,999.995749,999.996676,999.997559,999.998413,999.999220,999.999972,1000.000638,1000.001229,1000.001765,1000.002251,1000.002688,1000.003087,1000.003442,1000.003772,1000.004054,1000.004312,1000.004542,1000.004752,1000.004938,1000.005103,1000.005249,1000.005386,1000.005500,1000.005608,1000.005709,1000.005790,1000.005874,1000.005943,1000.006014,1000.006077,1000.006139,1000.006199,1000.006257,1000.006307,1000.006367,1000.006424,1000.006477,1000.006533,1000.006595,1000.006657,1000.006716,1000.006771,1000.006886,1000.007264,0.000000,0.000000,0.000000,0.000000,0.000000,0.000000,0.000000,0.000000,0.000000,0.000000,0.000000
0.000000,0.000000,0.000000,0.000000,0.000000,0.000000,0.000000,0.000000,0.000000,0.000000,999.979963,999.979416,999.979260,999.979210,999.979352,999.979401,999.979449,999.979445,999.979458,999.979441,999.979337,999.979439,999.979132,999.979243,999.979535,999.979328,999.979323,999.979208,999.979116,999.979224,999.979369,999.979563,999.979842,999.980240,999.980747,999.981366,999.982138,999.983016,999.984004,999.985082,999.986244,999.987475,999.988747,999.990031,999.991323,999.992579,999.993775,999.994970,999.996115,999.997176,999.998114,999.998947,999.999692,1000.000398,1000.001058,1000.001662,1000.002193,1000.002675,1000.003101,1000.003489,1000.003820,1000.004126,1000.004389,1000.004630,1000.004837,1000.005023,1000.005181,1000.005325,1000.005448,1000.005560,1000.005659,1000.005740,1000.005822,1000.005889,1000.005946,1000.006007,1000.006055,1000.006104,1000.006148,1000.006191,1000.006236,1000.006276,1000.006318,1000.006365,1000.006410,1000.006455,1000.006503,1000.006554,1000.006621,1000.006697,1000.006732,1000.006746,1000.006664,0.000000,0.000000,0.000000,0.000000,0.000000,0.000000,0.000000,0.000000,0.000000,0.000000
0.000000,0.000000,0.000000,0.000000,0.000000,0.000000,0.000000,0.000000,0.000000,999.979639,999.979593,999.979900,999.979701,999.979715,999.979769,999.979754,999.979769,999.979714,999.979697,999.979603,999.979544,999.979556,999.979284,999.979535,999.979248,999.978664,999.978748,999.978657,999.978717,999.978848,999.978846,999.978934,999.979152,999.979490,999.979943,999.980560,999.981286,999.982196,999.983258,999.984455,999.985774,999.987151,999.988568,999.989992,999.991416,999.992818,999.994082,999.995260,999.996377,999.997451,999.998469,999.999429,1000.000262,1000.000984,1000.001620,1000.002197,1000.002707,1000.003168,1000.003572,1000.003933,1000.004239,1000.004520,1000.004760,1000.004969,1000.005151,1000.005310,1000.005445,1000.005566,1000.005667,1000.005751,1000.005827,1000.005889,1000.005940,1000.005992,1000.006032,1000.006066,1000.006101,1000.006132,1000.006160,1000.006185,1000.006216,1000.006244,1000.006275,1000.006306,1000.006340,1000.006382,1000.006419,1000.006456,1000.006509,1000.006564,1000.006612,1000.006612,1000.006752,1000.006780,0.000000,0.000000,0.000000,0.000000,0.000000,0.000000,0.000000,0.000000,0.000000
0.000000,0.000000,0.000000,0.000000,0.000000,0.000000,0.000000,0.000000,0.000000,999.978570,999.980039,999.980283,999.980196,999.980176,999.980167,999.980120,999.980091,999.980003,999.979944,999.979810,999.979734,999.979565,999.979283,999.979328,999.978664,999.978623,999.979071,999.978674,999.978476,999.978214,999.977942,999.978005,999.978167,999.978426,999.978841,999.979436,999.980283,999.981283,999.982435,999.983743,999.985156,999.986666,999.988261,999.989837,999.991363,999.992929,999.994442,999.995841,999.997079,999.998160,999.999087,999.999972,1000.000803,1000.001544,1000.002193,1000.002764,1000.003263,1000.003702,1000.004078,1000.004412,1000.004696,1000.004946,1000.005158,1000.005340,1000.005487,1000.005619,1000.005729,1000.005815,1000.005893,1000.005952,1000.006002,1000.006042,1000.006074,1000.006095,1000.006120,1000.006134,1000.006143,1000.006160,1000.006172,1000.006181,1000.006195,1000.006210,1000.006221,1000.006246,1000.006265,1000.006292,1000.006325,1000.006355,1000.006396,1000.006440,1000.006488,1000.006511,1000.006629,1000.007087,0.000000,0.000000,0.000000,0.000000,0.000000,0.000000,0.000000,0.000000,0.000000
0.000000,0.000000,0.000000,0.000000,0.000000,0.000000,0.000000,0.000000,999.980705,999.980494,999.980585,999.980542,999.980644,999.980624,999.980589,999.980508,999.980444,999.980314,999.980217,999.980035,999.979892,999.979618,999.979425,999.979323,999.978748,999.979071,999.978665,999.977496,999.977399,999.977203,999.977160,999.977301,999.977278,999.977390,999.977767,999.978377,999.979105,999.980121,999.981411,999.982886,999.984571,999.986309,999.988122,999.989951,999.991617,999.993189,999.994681,999.996097,999.997455,999.998747,999.999848,1000.000760,1000.001552,1000.002259,1000.002880,1000.003423,1000.003891,1000.004298,1000.004642,1000.004942,1000.005195,1000.005406,1000.005582,1000.005734,1000.005854,1000.005949,1000.006029,1000.006088,1000.006131,1000.006166,1000.006187,1000.006200,1000.006210,1000.006208,1000.006207,1000.006204,1000.006195,1000.006183,1000.006184,1000.006174,1000.006176,1000.006170,1000.006173,1000.006180,1000.006195,1000.006201,1000.006221,1000.006251,1000.006275,1000.006304,1000.006359,1000.006437,1000.006479,1000.006565,1000.006593,0.000000,0.000000,0.000000,0.000000,0.000000,0.000000,0.000000,0.000000
0.000000,0.000000,0.000000,0.000000,0.000000,0.000000,0.000000,0.000000,999.979408,999.981312,999.981178,999.981141,999.981139,999.981089,999.981026,999.980918,999.980812,999.980653,999.980503,999.980274,999.980080,999.979774,999.979578,999.979208,999.978657,999.978674,999.977496,999.977056,999.977735,999.977213,999.976759,999.976328,999.975873,999.975944,999.976242,999.976696,999.977613,999.978795,999.980207,999.981873,999.983701,999.985645,999.987661,999.989802,999.991888,999.993824,999.995560,999.997047,999.998276,999.999435,1000.000536,1000.001501,1000.002322,1000.003029,1000.003627,1000.004145,1000.004575,1000.004947,1000.005253,1000.005515,1000.005728,1000.005900,1000.006040,1000.006153,1000.006241,1000.006301,1000.006344,1000.006372,1000.006386,1000.006386,1000.006382,1000.006366,1000.006349,1000.006324,1000.006295,1000.006269,1000.006248,1000.006214,1000.006191,1000.006166,1000.006147,1000.006137,1000.006119,1000.006110,1000.006108,1000.006112,1000.006122,1000.006136,1000.006158,1000.006178,1000.006220,1000.006267,1000.006314,1000.006339,1000.006950,0.000000,0.000000,0.000000,0.000000,0.000000,0.000000,0.000000,0.000000
0.000000,0.000000,0.000000,0.000000,0.000000,0.000000,0.000000,999.982499,999.981928,999.981835,999.981637,999.981718,999.981678,999.981582,999.981484,999.981341,999.981205,999.981012,999.980820,999.980550,999.980310,999.979949,999.979648,999.979116,999.978717,999.978476,999.977399,999.977735,999.977384,999.975449,999.974883,999.974498,999.974315,999.974489,999.974624,999.975120,999.975872,999.977051,999.978713,999.980635,999.982956,999.985377,999.987615,999.989813,999.991948,999.993960,999.995893,999.997757,999.999307,1000.000527,1000.001564,1000.002471,1000.003253,1000.003918,1000.004471,1000.004943,1000.005330,1000.005653,1000.005919,1000.006129,1000.006297,1000.006432,1000.006529,1000.006597,1000.006644,1000.006670,1000.006676,1000.006668,1000.006650,1000.006619,1000.006583,1000.006537,1000.006493,1000.006443,1000.006392,1000.006337,1000.006291,1000.006242,1000.006198,1000.006152,1000.006114,1000.006090,1000.006063,1000.006033,1000.006023,1000.006013,1000.006008,1000.006007,1000.006026,1000.006045,1000.006064,1000.006102,1000.006182,1000.006195,1000.006226,1000.006076,0.000000,0.000000,0.000000,0.000000,0.000000,0.000000,0.000000
0.000000,0.000000,0.000000,0.000000,0.000000,0.000000,0.000000,999.980812,999.982846,999.982513,999.982415,999.982317,999.982200,999.982086,999.981959,999.981798,999.981632,999.981399,999.981170,999.980863,999.980571,999.980152,999.979779,999.979224,999.978848,999.978214,999.977203,999.977213,999.975449,999.974093,999.974796,999.974280,999.973576,999.973079,999.972603,999.972759,999.973784,999.975165,999.976967,999.979258,999.981711,999.984592,999.987592,999.990424,999.993024,999.995228,999.996991,999.998627,1000.000195,1000.001533,1000.002633,1000.003536,1000.004282,1000.004901,1000.005403,1000.005819,1000.006152,1000.006420,1000.006628,1000.006792,1000.006909,1000.006990,1000.007046,1000.007065,1000.007072,1000.007053,1000.007024,1000.006976,1000.006924,1000.006857,1000.006788,1000.006712,1000.006636,1000.006562,1000.006482,1000.006405,1000.006335,1000.006262,1000.006202,1000.006141,1000.006081,1000.006034,1000.005996,1000.005959,1000.005929,1000.005912,1000.005891,1000.005884,1000.005885,1000.005892,1000.005908,1000.005927,1000.005950,1000.005973,1000.005941,1000.006685,0.000000,0.000000,0.000000,0.000000,0.000000,0.000000,0.000000
0.000000,0.000000,0.000000,0.000000,0.000000,0.000000,999.984369,999.983645,999.983420,999.983039,999.983037,999.982901,999.982769,999.982623,999.982471,999.982287,999.982077,999.981820,999.981556,999.981217,999.980873,999.980408,999.979982,999.979369,999.978846,999.977942,999.977160,999.976759,999.974883,999.974796,999.974724,999.972106,999.970686,999.969813,999.969458,999.970144,999.970783,999.972077,999.974441,999.977244,999.980413,999.983776,999.987028,999.990150,999.993164,999.996081,999.998454,1000.000217,1000.001662,1000.002898,1000.003933,1000.004770,1000.005449,1000.005994,1000.006432,1000.006774,1000.007042,1000.007240,1000.007389,1000.007490,1000.007555,1000.007580,1000.007582,1000.007558,1000.007516,1000.007454,1000.007382,1000.007295,1000.007202,1000.007102,1000.006998,1000.006892,1000.006782,1000.006676,1000.006574,1000.006470,1000.006375,1000.006281,1000.006193,1000.006122,1000.006044,1000.005977,1000.005917,1000.005873,1000.005829,1000.005791,1000.005770,1000.005752,1000.005741,1000.005734,1000.005739,1000.005753,1000.005761,1000.005816,1000.005746,1000.005769,1000.005632,0.000000,0.000000,0.000000,0.000000,0.000000,0.000000
0.000000,0.000000,0.000000,0.000000,0.000000,0.000000,999.982562,999.984581,999.984041,999.983850,999.983669,999.983496,999.983348,999.983183,999.983000,999.982782,999.982553,999.982276,999.981986,999.981613,999.981227,999.980730,999.980245,999.979563,999.978934,999.978005,999.977301,999.976328,999.974498,999.974280,999.972106,999.969168,999.968995,999.968325,999.967655,999.967128,999.967526,999.969425,999.972035,999.975785,999.979770,999.983844,999.988042,999.991699,999.994566,999.997153,999.999620,1000.001659,1000.003232,1000.004449,1000.005406,1000.006163,1000.006746,1000.007203,1000.007549,1000.007804,1000.007992,1000.008119,1000.008195,1000.008229,1000.008231,1000.008200,1000.008147,1000.008070,1000.007978,1000.007868,1000.007751,1000.007621,1000.007488,1000.007346,1000.007208,1000.007066,1000.006929,1000.006789,1000.006656,1000.006529,1000.006409,1000.006295,1000.006183,1000.006085,1000.005999,1000.005914,1000.005843,1000.005775,1000.005722,1000.005669,1000.005634,1000.005609,1000.005582,1000.005571,1000.005570,1000.005566,1000.005566,1000.005570,1000.005557,1000.005450,1000.006217,0.000000,0.000000,0.000000,0.000000,0.000000,0.000000
0.000000,0.000000,0.000000,0.000000,0.000000,999.986356,999.985442,999.985052,999.984539,999.984485,999.984284,999.984110,999.983934,999.983751,999.983540,999.983319,999.983072,999.982782,999.982455,999.982061,999.981646,999.981117,999.980577,999.979842,999.979152,999.978167,999.977278,999.975873,999.974315,999.973576,999.970686,999.968995,999.968624,999.965610,999.963147,999.962285,999.962405,999.964298,999.967521,999.971632,999.976998,999.982688,999.987848,999.992782,999.996821,999.999669,1000.001880,1000.003705,1000.005158,1000.006260,1000.007087,1000.007714,1000.008179,1000.008512,1000.008752,1000.008907,1000.009000,1000.009046,1000.009041,1000.009002,1000.008937,1000.008844,1000.008730,1000.008595,1000.008451,1000.008291,1000.008127,1000.007954,1000.007778,1000.007601,1000.007418,1000.007244,1000.007067,1000.006904,1000.006739,1000.006581,1000.006434,1000.006298,1000.006166,1000.006045,1000.005937,1000.005841,1000.005747,1000.005669,1000.005603,1000.005549,1000.005494,1000.005455,1000.005424,1000.005403,1000.005387,1000.005372,1000.005360,1000.005366,1000.005406,1000.005300,1000.005230,1000.004920,0.000000,0.000000,0.000000,0.000000,0.000000
0.000000,0.000000,0.000000,0.000000,0.000000,999.984452,999.986126,999.985542,999.985330,999.985106,999.984890,999.984715,999.984533,999.984334,999.984120,999.983881,999.983621,999.983310,999.982966,999.982567,999.982125,999.981576,999.980996,999.980240,999.979490,999.978426,999.977390,999.975944,999.974489,999.973079,999.969813,999.968325,999.965610,999.960846,999.958294,999.956189,999.956257,999.958608,999.962632,999.969332,999.976504,999.982991,999.988928,999.993938,999.998417,1000.001958,1000.004423,1000.006170,1000.007427,1000.008341,1000.008985,1000.009432,1000.009736,1000.009924,1000.010031,1000.010076,1000.010065,1000.010010,1000.009926,1000.009806,1000.009667,1000.009507,1000.009329,1000.009139,1000.008936,1000.008726,1000.008507,1000.008288,1000.008065,1000.007845,1000.007628,1000.007409,1000.007206,1000.007000,1000.006812,1000.006627,1000.006452,1000.006290,1000.006141,1000.006001,1000.005867,1000.005755,1000.005650,1000.005552,1000.005474,1000.005401,1000.005343,1000.005293,1000.005254,1000.005225,1000.005195,1000.005184,1000.005177,1000.005154,1000.005130,1000.005122,1000.004991,1000.005694,0.000000,0.000000,0.000000,0.000000,0.000000
0.000000,0.000000,0.000000,0.000000,999.987215,999.986857,999.986482,999.985952,999.985894,999.985687,999.985509,999.985335,999.985131,999.984933,999.984711,999.984476,999.984197,999.983888,999.983541,999.983136,999.982671,999.982117,999.981512,999.980747,999.979943,999.978841,999.977767,999.976242,999.974624,999.972603,999.969458,999.967655,999.963147,999.958294,999.953918,999.949013,999.947645,999.949222,999.955804,999.965507,999.975547,999.985345,999.993056,999.998279,1000.002251,1000.005341,1000.007583,1000.009071,1000.010043,1000.010667,1000.011066,1000.011285,1000.011395,1000.011418,1000.011377,1000.011290,1000.011167,1000.011011,1000.010834,1000.010635,1000.010416,1000.010185,1000.009942,1000.009687,1000.009430,1000.009162,1000.008895,1000.008623,1000.008356,1000.008089,1000.007832,1000.007580,1000.007331,1000.007098,1000.006869,1000.006663,1000.006459,1000.006269,1000.006097,1000.005940,1000.005790,1000.005654,1000.005540,1000.005430,1000.005334,1000.005251,1000.005179,1000.005126,1000.005074,1000.005037,1000.005005,1000.004986,1000.004967,1000.004961,1000.004943,1000.004993,1000.004844,1000.004811,1000.004760,0.000000,0.000000,0.000000,0.000000
0.000000,0.000000,0.000000,0.000000,999.985078,999.986642,999.986655,999.986656,999.986482,999.986287,999.986126,999.985942,999.985750,999.985559,999.985334,999.985093,999.984812,999.984513,999.984158,999.983752,999.983285,999.982747,999.982134,999.981366,999.980560,999.979436,999.978377,999.976696,999.975120,999.972759,999.970144,999.967128,999.962285,999.956189,999.949013,999.939136,999.932516,999.936565,999.946118,999.958329,999.973361,999.986016,999.995115,1000.002653,1000.007192,1000.009867,1000.011517,1000.012477,1000.013005,1000.013239,1000.013306,1000.013258,1000.013140,1000.012974,1000.012773,1000.012544,1000.012300,1000.012038,1000.011766,1000.011478,1000.011184,1000.010876,1000.010567,1000.010248,1000.009925,1000.009603,1000.009277,1000.008959,1000.008639,1000.008329,1000.008023,1000.007732,1000.007452,1000.007180,1000.006923,1000.006678,1000.006454,1000.006240,1000.006043,1000.005860,1000.005697,1000.005546,1000.005408,1000.005289,1000.005182,1000.005087,1000.005011,1000.004941,1000.004882,1000.004837,1000.004805,1000.004783,1000.004755,1000.004755,1000.004738,1000.004752,1000.004798,1000.004896,1000.005614,0.000000,0.000000,0.000000,0.000000
