0.000000,0.000000,0.000000,0.000000,0.000000,0.000000,0.000000,0.000000,0.000000,0.000000,0.000000,0.000000,0.000000,0.000000,0.000000,0.000000,0.000000,0.000000,0.000000,0.000000,0.000000,0.000000,0.000000,0.000000,0.000000,0.000000,0.000000,0.000000,0.000000,0.000000,0.000000,0.000000,0.000000,0.000000,0.000000,0.000000,0.000000,0.000000,0.000000,0.000000,0.000000,0.000000,0.000000,0.000000,0.000000,0.000000,0.000000,0.000000,0.000000,0.000000,0.000000,0.000000,0.000000,0.000000,0.000000,0.000000,0.000000,0.000000,0.000000,0.000000,0.000000,0.000000,0.000000,0.000000,0.000000,0.000000,0.000000,0.000000,0.000000,0.000000,0.000000,0.000000,0.000000,0.000000,0.000000,0.000000,0.000000,0.000000,0.000000,0.000000,0.000000,0.000000,0.000000,0.000000,0.000000,0.000000,0.000000,0.000000,0.000000,0.000000,0.000000,0.000000,0.000000,0.000000,0.000000,0.000000,0.000000,0.000000,0.000000,0.000000,0.000000,0.000000,0.000000
0.000000,0.000000,0.000000,0.000000,0.000000,0.000000,0.000000,0.000000,0.000000,0.000000,0.000000,0.000000,0.000000,0.000000,0.000000,0.000000,0.000000,0.000000,0.000000,0.000000,0.000000,0.000000,0.000000,0.000000,0.000000,0.000000,0.000000,0.000000,0.000000,0.000000,0.000000,0.000000,0.000000,0.000000,0.000000,0.000000,0.000000,0.000000,0.000000,0.000000,0.000000,0.000000,0.000000,0.000000,0.000000,0.000000,0.000000,0.000000,0.000000,0.000000,0.000000,999.997492,0.000000,0.000000,0.000000,0.000000,0.000000,0.000000,0.000000,0.000000,0.000000,0.000000,0.000000,0.000000,0.000000,0.000000,0.000000,0.000000,0.000000,0.000000,0.000000,0.000000,0.000000,0.000000,0.000000,0.000000,0.000000,0.000000,0.000000,0.000000,0.000000,0.000000,0.000000,0.000000,0.000000,0.000000,0.000000,0.000000,0.000000,0.000000,0.000000,0.000000,0.000000,0.000000,0.000000,0.000000,0.000000,0.000000,0.000000,0.000000,0.000000,0.000000,0.000000
0.000000,0.000000,0.000000,0.000000,0.000000,0.000000,0.000000,0.000000,0.000000,0.000000,0.000000,0.000000,0.000000,0.000000,0.000000,0.000000,0.000000,0.000000,0.000000,0.000000,0.000000,0.000000,0.000000,0.000000,0.000000,0.000000,0.000000,0.000000,0.000000,0.000000,0.000000,0.000000,0.000000,0.000000,0.000000,0.000000,0.000000,0.000000,0.000000,0.000000,0.000000,0.000000,999.995150,999.992237,999.992249,999.992900,999.993586,999.994301,999.995108,999.996294,999.997267,999.997432,999.997589,999.998509,999.999560,1000.000196,1000.000717,1000.001181,1000.001585,1000.001537,999.999413,0.000000,0.000000,0.000000,0.000000,0.000000,0.000000,0.000000,0.000000,0.000000,0.000000,0.000000,0.000000,0.000000,0.000000,0.000000,0.000000,0.000000,0.000000,0.000000,0.000000,0.000000,0.000000,0.000000,0.000000,0.000000,0.000000,0.000000,0.000000,0.000000,0.000000,0.000000,0.000000,0.000000,0.000000,0.000000,0.000000,0.000000,0.000000,0.000000,0.000000,0.000000,0.000000
0.000000,0.000000,0.000000,0.000000,0.000000,0.000000,0.000000,0.000000,0.000000,0.000000,0.000000,0.000000,0.000000,0.000000,0.000000,0.000000,0.000000,0.000000,0.000000,0.000000,0.000000,0.000000,0.000000,0.000000,0.000000,0.000000,0.000000,0.000000,0.000000,0.000000,0.000000,0.000000,0.000000,0.000000,0.000000,0.000000,0.000000,999.990680,999.987896,999.987742,999.989086,999.991253,999.994242,999.993526,999.993057,999.993261,999.993818,999.994508,999.995219,999.995973,999.997076,999.997321,999.997563,999.998600,999.999230,999.999804,1000.000329,1000.000729,1000.000844,1000.000501,999.999988,1000.002014,1000.003374,1000.004129,1000.003876,1000.002170,0.000000,0.000000,0.000000,0.000000,0.000000,0.000000,0.000000,0.000000,0.000000,0.000000,0.000000,0.000000,0.000000,0.000000,0.000000,0.000000,0.000000,0.000000,0.000000,0.000000,0.000000,0.000000,0.000000,0.000000,0.000000,0.000000,0.000000,0.000000,0.000000,0.000000,0.000000,0.000000,0.000000,0.000000,0.000000,0.000000,0.000000
0.000000,0.000000,0.000000,0.000000,0.000000,0.000000,0.000000,0.000000,0.000000,0.000000,0.000000,0.000000,0.000000,0.000000,0.000000,0.000000,0.000000,0.000000,0.000000,0.000000,0.000000,0.000000,0.000000,0.000000,0.000000,0.000000,0.000000,0.000000,0.000000,0.000000,0.000000,0.000000,0.000000,0.000000,999.988073,999.986046,999.987185,999.989982,999.989497,999.989221,999.989697,999.991513,999.992567,999.992836,999.993133,999.993499,999.993988,999.994602,999.995294,999.995939,999.996618,999.997227,999.997800,999.998420,999.998978,999.999564,1000.000037,1000.000401,1000.000650,1000.000828,1000.000989,1000.001675,1000.002822,1000.003082,1000.002878,1000.002505,1000.004039,1000.004645,1000.003559,0.000000,0.000000,0.000000,0.000000,0.000000,0.000000,0.000000,0.000000,0.000000,0.000000,0.000000,0.000000,0.000000,0.000000,0.000000,0.000000,0.000000,0.000000,0.000000,0.000000,0.000000,0.000000,0.000000,0.000000,0.000000,0.000000,0.000000,0.000000,0.000000,0.000000,0.000000,0.000000,0.000000,0.000000
0.000000,0.000000,0.000000,0.000000,0.000000,0.000000,0.000000,0.000000,0.000000,0.000000,0.000000,0.000000,0.000000,0.000000,0.000000,0.000000,0.000000,0.000000,0.000000,0.000000,0.000000,0.000000,0.000000,0.000000,0.000000,0.000000,0.000000,0.000000,0.000000,0.000000,0.000000,0.000000,999.987246,999.985442,999.987725,999.987525,999.988312,999.988924,999.989182,999.989683,999.990299,999.991203,999.991835,999.992596,999.993099,999.993532,999.994062,999.994640,999.995276,999.995917,999.996511,999.997136,999.997739,999.998277,999.998852,999.999378,999.999829,1000.000221,1000.000546,1000.000858,1000.001360,1000.001747,1000.002317,1000.002651,1000.002941,1000.003064,1000.003343,1000.003727,1000.003590,1000.004742,1000.003708,0.000000,0.000000,0.000000,0.000000,0.000000,0.000000,0.000000,0.000000,0.000000,0.000000,0.000000,0.000000,0.000000,0.000000,0.000000,0.000000,0.000000,0.000000,0.000000,0.000000,0.000000,0.000000,0.000000,0.000000,0.000000,0.000000,0.000000,0.000000,0.000000,0.000000,0.000000,0.000000
0.000000,0.000000,0.000000,0.000000,0.000000,0.000000,0.000000,0.000000,0.000000,0.000000,0.000000,0.000000,0.000000,0.000000,0.000000,0.000000,0.000000,0.000000,0.000000,0.000000,0.000000,0.000000,0.000000,0.000000,0.000000,0.000000,0.000000,0.000000,0.000000,0.000000,999.985362,999.983644,999.986379,999.987043,999.987367,999.987538,999.988127,999.988559,999.989216,999.989773,999.990382,999.991045,999.991708,999.992383,999.992932,999.993499,999.994067,999.994641,999.995240,999.995866,999.996470,999.997064,999.997655,999.998208,999.998755,999.999249,999.999711,1000.000139,1000.000535,1000.000919,1000.001335,1000.001748,1000.002141,1000.002486,1000.002774,1000.003136,1000.003342,1000.003608,1000.003650,1000.003817,1000.004120,1000.005401,1000.004577,0.000000,0.000000,0.000000,0.000000,0.000000,0.000000,0.000000,0.000000,0.000000,0.000000,0.000000,0.000000,0.000000,0.000000,0.000000,0.000000,0.000000,0.000000,0.000000,0.000000,0.000000,0.000000,0.000000,0.000000,0.000000,0.000000,0.000000,0.000000,0.000000,0.000000
0.000000,0.000000,0.000000,0.000000,0.000000,0.000000,0.000000,0.000000,0.000000,0.000000,0.000000,0.000000,0.000000,0.000000,0.000000,0.000000,0.000000,0.000000,0.000000,0.000000,0.000000,0.000000,0.000000,0.000000,0.000000,0.000000,0.000000,0.000000,999.983571,999.981974,999.984664,999.985555,999.986009,999.986476,999.986857,999.987535,999.988048,999.988540,999.989135,999.989706,999.990339,999.990956,999.991613,999.992234,999.992844,999.993443,999.994021,999.994616,999.995226,999.995831,999.996429,999.997009,999.997583,999.998138,999.998665,999.999167,999.999642,1000.000074,1000.000495,1000.000908,1000.001319,1000.001709,1000.002096,1000.002449,1000.002754,1000.003042,1000.003301,1000.003553,1000.003850,1000.004001,1000.004219,1000.004398,1000.004788,1000.006010,1000.005176,0.000000,0.000000,0.000000,0.000000,0.000000,0.000000,0.000000,0.000000,0.000000,0.000000,0.000000,0.000000,0.000000,0.000000,0.000000,0.000000,0.000000,0.000000,0.000000,0.000000,0.000000,0.000000,0.000000,0.000000,0.000000,0.000000,0.000000,0.000000
0.000000,0.000000,0.000000,0.000000,0.000000,0.000000,0.000000,0.000000,0.000000,0.000000,0.000000,0.000000,0.000000,0.000000,0.000000,0.000000,0.000000,0.000000,0.000000,0.000000,0.000000,0.000000,0.000000,0.000000,0.000000,0.000000,999.981865,999.980634,999.983031,999.983904,999.984452,999.985041,999.985519,999.986262,999.986804,999.987374,999.987876,999.988451,999.989035,999.989637,999.990251,999.990869,999.991510,999.992136,999.992766,999.993371,999.993979,999.994587,999.995203,999.995795,999.996384,999.996981,999.997549,999.998099,999.998623,999.999132,999.999611,1000.000058,1000.000483,1000.000896,1000.001300,1000.001683,1000.002036,1000.002393,1000.002718,1000.003011,1000.003295,1000.003545,1000.003800,1000.004025,1000.004376,1000.004561,1000.004797,1000.005019,1000.005377,1000.006389,1000.005813,0.000000,0.000000,0.000000,0.000000,0.000000,0.000000,0.000000,0.000000,0.000000,0.000000,0.000000,0.000000,0.000000,0.000000,0.000000,0.000000,0.000000,0.000000,0.000000,0.000000,0.000000,0.000000,0.000000,0.000000,0.000000,0.000000
0.000000,0.000000,0.000000,0.000000,0.000000,0.000000,0.000000,0.000000,0.000000,0.000000,0.000000,0.000000,0.000000,0.000000,0.000000,0.000000,0.000000,0.000000,0.000000,0.000000,0.000000,0.000000,0.000000,0.000000,999.980845,999.979832,999.981659,999.982439,999.982938,999.983587,999.984089,999.984864,999.985462,999.986053,999.986614,999.987179,999.987756,999.988345,999.988930,999.989531,999.990151,999.990788,999.991423,999.992052,999.992683,999.993310,999.993939,999.994559,999.995163,999.995764,999.996367,999.996957,999.997522,999.998071,999.998599,999.999102,999.999581,1000.000046,1000.000490,1000.000911,1000.001310,1000.001702,1000.002062,1000.002398,1000.002729,1000.003020,1000.003301,1000.003558,1000.003823,1000.004071,1000.004326,1000.004586,1000.004899,1000.005095,1000.005361,1000.005535,1000.005823,1000.006560,1000.006094,0.000000,0.000000,0.000000,0.000000,0.000000,0.000000,0.000000,0.000000,0.000000,0.000000,0.000000,0.000000,0.000000,0.000000,0.000000,0.000000,0.000000,0.000000,0.000000,0.000000,0.000000,0.000000,0.000000,0.000000
0.000000,0.000000,0.000000,0.000000,0.000000,0.000000,0.000000,0.000000,0.000000,0.000000,0.000000,0.000000,0.000000,0.000000,0.000000,0.000000,0.000000,0.000000,0.000000,0.000000,0.000000,0.000000,0.000000,999.981148,999.980798,999.981226,999.981744,999.982308,999.982750,999.983490,999.984089,999.984679,999.985270,999.985851,999.986442,999.987015,999.987601,999.988200,999.988798,999.989418,999.990049,999.990686,999.991326,999.991969,999.992619,999.993253,999.993896,999.994519,999.995144,999.995762,999.996378,999.996950,999.997522,999.998078,999.998610,999.999117,999.999600,1000.000055,1000.000503,1000.000910,1000.001312,1000.001691,1000.002059,1000.002396,1000.002723,1000.003026,1000.003314,1000.003586,1000.003850,1000.004112,1000.004346,1000.004596,1000.004847,1000.005078,1000.005381,1000.005538,1000.005744,1000.005927,1000.006062,1000.005862,0.000000,0.000000,0.000000,0.000000,0.000000,0.000000,0.000000,0.000000,0.000000,0.000000,0.000000,0.000000,0.000000,0.000000,0.000000,0.000000,0.000000,0.000000,0.000000,0.000000,0.000000,0.000000,0.000000
0.000000,0.000000,0.000000,0.000000,0.000000,0.000000,0.000000,0.000000,0.000000,0.000000,0.000000,0.000000,0.000000,0.000000,0.000000,0.000000,0.000000,0.000000,0.000000,0.000000,0.000000,999.979207,999.978606,999.980618,999.981087,999.981453,999.981694,999.982279,999.982827,999.983394,999.983950,999.984514,999.985110,999.985686,999.986266,999.986849,999.987449,999.988045,999.988662,999.989298,999.989938,999.990583,999.991231,999.991898,999.992552,999.993211,999.993848,999.994495,999.995131,999.995758,999.996362,999.996948,999.997537,999.998086,999.998621,999.999136,999.999634,1000.000103,1000.000545,1000.000974,1000.001377,1000.001754,1000.002112,1000.002443,1000.002763,1000.003060,1000.003350,1000.003618,1000.003880,1000.004129,1000.004368,1000.004619,1000.004846,1000.005067,1000.005280,1000.005494,1000.005712,1000.005791,1000.005889,1000.006053,1000.006893,1000.006584,0.000000,0.000000,0.000000,0.000000,0.000000,0.000000,0.000000,0.000000,0.000000,0.000000,0.000000,0.000000,0.000000,0.000000,0.000000,0.000000,0.000000,0.000000,0.000000,0.000000,0.000000
0.000000,0.000000,0.000000,0.000000,0.000000,0.000000,0.000000,0.000000,0.000000,0.000000,0.000000,0.000000,0.000000,0.000000,0.000000,0.000000,0.000000,0.000000,0.000000,0.000000,999.979566,999.979499,999.979917,999.980473,999.980902,999.981363,999.981797,999.982274,999.982780,999.983276,999.983823,999.984377,999.984940,999.985500,999.986078,999.986674,999.987274,999.987878,999.988515,999.989153,999.989807,999.990466,999.991144,999.991812,999.992486,999.993152,999.993825,999.994491,999.995138,999.995762,999.996387,999.996999,999.997583,999.998142,999.998680,999.999191,999.999685,1000.000141,1000.000590,1000.001008,1000.001414,1000.001783,1000.002156,1000.002492,1000.002812,1000.003116,1000.003394,1000.003669,1000.003916,1000.004164,1000.004405,1000.004632,1000.004856,1000.005067,1000.005263,1000.005459,1000.005628,1000.005784,1000.005956,1000.006094,1000.006302,1000.006440,1000.006356,0.000000,0.000000,0.000000,0.000000,0.000000,0.000000,0.000000,0.000000,0.000000,0.000000,0.000000,0.000000,0.000000,0.000000,0.000000,0.000000,0.000000,0.000000,0.000000,0.000000
0.000000,0.000000,0.000000,0.000000,0.000000,0.000000,0.000000,0.000000,0.000000,0.000000,0.000000,0.000000,0.000000,0.000000,0.000000,0.000000,0.000000,0.000000,0.000000,999.979235,999.979556,999.979770,999.980184,999.980428,999.980909,999.981347,999.981782,999.982216,999.982690,999.983170,999.983691,999.984217,999.984762,999.985310,999.985892,999.986479,999.987083,999.987712,999.988358,999.989005,999.989666,999.990355,999.991044,999.991736,999.992422,999.993115,999.993804,999.994473,999.995135,999.995784,999.996425,999.997031,999.997619,999.998191,999.998749,999.999267,999.999771,1000.000247,1000.000694,1000.001123,1000.001512,1000.001886,1000.002232,1000.002570,1000.002874,1000.003174,1000.003452,1000.003719,1000.003969,1000.004207,1000.004437,1000.004653,1000.004854,1000.005071,1000.005248,1000.005434,1000.005588,1000.005749,1000.005910,1000.006085,1000.006148,1000.006295,1000.006351,1000.006442,0.000000,0.000000,0.000000,0.000000,0.000000,0.000000,0.000000,0.000000,0.000000,0.000000,0.000000,0.000000,0.000000,0.000000,0.000000,0.000000,0.000000,0.000000,0.000000
0.000000,0.000000,0.000000,0.000000,0.000000,0.000000,0.000000,0.000000,0.000000,0.000000,0.000000,0.000000,0.000000,0.000000,0.000000,0.000000,0.000000,0.000000,999.978892,999.979282,999.979619,999.979925,999.980251,999.980560,999.980959,999.981335,999.981743,999.982155,999.982588,999.983053,999.983538,999.984037,999.984556,999.985114,999.985683,999.986271,999.986876,999.987519,999.988168,999.988835,999.989528,999.990230,999.990936,999.991648,999.992365,999.993086,999.993788,999.994480,999.995169,999.995846,999.996488,999.997112,999.997714,999.998293,999.998842,999.999360,999.999853,1000.000327,1000.000773,1000.001196,1000.001603,1000.001976,1000.002339,1000.002661,1000.002971,1000.003263,1000.003530,1000.003792,1000.004032,1000.004265,1000.004477,1000.004691,1000.004887,1000.005078,1000.005252,1000.005417,1000.005579,1000.005728,1000.005871,1000.006011,1000.006117,1000.006225,1000.006328,1000.006426,1000.006570,0.000000,0.000000,0.000000,0.000000,0.000000,0.000000,0.000000,0.000000,0.000000,0.000000,0.000000,0.000000,0.000000,0.000000,0.000000,0.000000,0.000000,0.000000
0.000000,0.000000,0.000000,0.000000,0.000000,0.000000,0.000000,0.000000,0.000000,0.000000,0.000000,0.000000,0.000000,0.000000,0.000000,0.000000,0.000000,999.978599,999.979066,999.979380,999.979685,999.979994,999.980287,999.980610,999.980937,999.981290,999.981659,999.982049,999.982463,999.982903,999.983359,999.983837,999.984350,999.984891,999.985448,999.986034,999.986661,999.987307,999.987960,999.988662,999.989373,999.990093,999.990818,999.991564,999.992306,999.993046,999.993774,999.994497,999.995204,999.995882,999.996539,999.997191,999.997814,999.998403,999.998970,999.999503,1000.000022,1000.000490,1000.000934,1000.001342,1000.001734,1000.002103,1000.002439,1000.002772,1000.003071,1000.003359,1000.003619,1000.003868,1000.004109,1000.004325,1000.004532,1000.004731,1000.004919,1000.005097,1000.005257,1000.005418,1000.005569,1000.005706,1000.005834,1000.005962,1000.006076,1000.006181,1000.006291,1000.006389,1000.006512,1000.006650,0.000000,0.000000,0.000000,0.000000,0.000000,0.000000,0.000000,0.000000,0.000000,0.000000,0.000000,0.000000,0.000000,0.000000,0.000000,0.000000,0.000000
0.000000,0.000000,0.000000,0.000000,0.000000,0.000000,0.000000,0.000000,0.000000,0.000000,0.000000,0.000000,0.000000,0.000000,0.000000,0.000000,999.978589,999.978880,999.979196,999.979478,999.979800,999.980085,999.980365,999.980651,999.980951,999.981265,999.981596,999.981954,999.982328,999.982727,999.983155,999.983616,999.984108,999.984629,999.985179,999.985781,999.986405,999.987057,999.987740,999.988459,999.989192,999.989940,999.990708,999.991491,999.992258,999.993029,999.993791,999.994548,999.995276,999.995983,999.996670,999.997330,999.997951,999.998533,999.999099,999.999631,1000.000132,1000.000615,1000.001072,1000.001496,1000.001890,1000.002256,1000.002593,1000.002908,1000.003203,1000.003475,1000.003732,1000.003972,1000.004194,1000.004411,1000.004603,1000.004792,1000.004956,1000.005128,1000.005279,1000.005429,1000.005561,1000.005691,1000.005813,1000.005930,1000.006040,1000.006138,1000.006251,1000.006355,1000.006460,1000.006579,1000.006717,0.000000,0.000000,0.000000,0.000000,0.000000,0.000000,0.000000,0.000000,0.000000,0.000000,0.000000,0.000000,0.000000,0.000000,0.000000,0.000000
0.000000,0.000000,0.000000,0.000000,0.000000,0.000000,0.000000,0.000000,0.000000,0.000000,0.000000,0.000000,0.000000,0.000000,0.000000,999.978599,999.978880,999.979186,999.979441,999.979688,999.979946,999.980155,999.980390,999.980637,999.980903,999.981177,999.981478,999.981794,999.982140,999.982511,999.982914,999.983354,999.983833,999.984337,999.984906,999.985493,999.986122,999.986786,999.987498,999.988238,999.988991,999.989782,999.990587,999.991391,999.992199,999.993003,999.993802,999.994573,999.995331,999.996067,999.996784,999.997456,999.998103,999.998726,999.999321,999.999864,1000.000362,1000.000827,1000.001265,1000.001673,1000.002054,1000.002414,1000.002748,1000.003060,1000.003341,1000.003610,1000.003856,1000.004082,1000.004289,1000.004489,1000.004678,1000.004852,1000.005009,1000.005162,1000.005309,1000.005440,1000.005567,1000.005687,1000.005801,1000.005903,1000.006008,1000.006103,1000.006206,1000.006302,1000.006401,1000.006500,1000.006604,1000.006712,0.000000,0.000000,0.000000,0.000000,0.000000,0.000000,0.000000,0.000000,0.000000,0.000000,0.000000,0.000000,0.000000,0.000000,0.000000
0.000000,0.000000,0.000000,0.000000,0.000000,0.000000,0.000000,0.000000,0.000000,0.000000,0.000000,0.000000,0.000000,0.000000,999.978892,999.979066,999.979196,999.979441,999.979600,999.979770,999.979997,999.980181,999.980430,999.980656,999.980886,999.981121,999.981378,999.981655,999.981958,999.982293,999.982661,999.983072,999.983513,999.984018,999.984558,999.985149,999.985785,999.986479,999.987215,999.987979,999.988775,999.989613,999.990452,999.991304,999.992162,999.993020,999.993852,999.994673,999.995465,999.996234,999.996955,999.997644,999.998290,999.998907,999.999478,1000.000028,1000.000561,1000.001044,1000.001490,1000.001899,1000.002277,1000.002623,1000.002941,1000.003238,1000.003511,1000.003765,1000.003997,1000.004219,1000.004410,1000.004602,1000.004763,1000.004932,1000.005073,1000.005219,1000.005339,1000.005467,1000.005575,1000.005689,1000.005790,1000.005884,1000.005980,1000.006068,1000.006158,1000.006250,1000.006336,1000.006427,1000.006513,1000.006597,1000.006691,0.000000,0.000000,0.000000,0.000000,0.000000,0.000000,0.000000,0.000000,0.000000,0.000000,0.000000,0.000000,0.000000,0.000000
0.000000,0.000000,0.000000,0.000000,0.000000,0.000000,0.000000,0.000000,0.000000,0.000000,0.000000,0.000000,0.000000,999.979235,999.979282,999.979380,999.979478,999.979688,999.979770,999.979996,999.980209,999.980336,999.980520,999.980641,999.980796,999.980984,999.981201,999.981434,999.981695,999.981995,999.982332,999.982709,999.983149,999.983636,999.984172,999.984765,999.985428,999.986143,999.986893,999.987698,999.988541,999.989417,999.990300,999.991205,999.992112,999.993005,999.993883,999.994744,999.995572,999.996370,999.997130,999.997867,999.998566,999.999209,999.999781,1000.000321,1000.000816,1000.001286,1000.001717,1000.002125,1000.002496,1000.002840,1000.003146,1000.003437,1000.003693,1000.003937,1000.004149,1000.004353,1000.004543,1000.004712,1000.004863,1000.005012,1000.005147,1000.005272,1000.005385,1000.005497,1000.005599,1000.005689,1000.005781,1000.005868,1000.005952,1000.006033,1000.006109,1000.006192,1000.006270,1000.006355,1000.006430,1000.006498,1000.006565,1000.006611,0.000000,0.000000,0.000000,0.000000,0.000000,0.000000,0.000000,0.000000,0.000000,0.000000,0.000000,0.000000,0.000000
0.000000,0.000000,0.000000,0.000000,0.000000,0.000000,0.000000,0.000000,0.000000,0.000000,0.000000,0.000000,999.979566,999.979556,999.979619,999.979685,999.979800,999.979946,999.979997,999.980209,999.980249,999.980271,999.980446,999.980544,999.980732,999.980913,999.981068,999.981247,999.981461,999.981716,999.982002,999.982350,999.982748,999.983207,999.983725,999.984329,999.984993,999.985719,999.986510,999.987366,999.988271,999.989197,999.990154,999.991130,999.992100,999.993054,999.993998,999.994908,999.995774,999.996602,999.997369,999.998084,999.998767,999.999413,1000.000044,1000.000614,1000.001132,1000.001591,1000.002021,1000.002413,1000.002766,1000.003091,1000.003389,1000.003661,1000.003909,1000.004133,1000.004334,1000.004520,1000.004685,1000.004844,1000.004980,1000.005114,1000.005224,1000.005341,1000.005435,1000.005533,1000.005622,1000.005704,1000.005783,1000.005858,1000.005928,1000.006000,1000.006070,1000.006138,1000.006204,1000.006271,1000.006339,1000.006411,1000.006467,1000.006514,1000.006566,0.000000,0.000000,0.000000,0.000000,0.000000,0.000000,0.000000,0.000000,0.000000,0.000000,0.000000,0.000000
0.000000,0.000000,0.000000,0.000000,0.000000,0.000000,0.000000,0.000000,0.000000,0.000000,0.000000,999.979207,999.979499,999.979770,999.979925,999.979994,999.980085,999.980155,999.980181,999.980336,999.980271,999.980435,999.980649,999.980626,999.980738,999.980752,999.980805,999.980949,999.981117,999.981315,999.981564,999.981870,999.982242,999.982680,999.983208,999.983816,999.984502,999.985259,999.986104,999.987008,999.987960,999.988950,999.989983,999.991017,999.992053,999.993068,999.994069,999.995031,999.995947,999.996843,999.997696,999.998476,999.999175,999.999807,1000.000385,1000.000932,1000.001438,1000.001904,1000.002329,1000.002710,1000.003057,1000.003368,1000.003650,1000.003905,1000.004129,1000.004339,1000.004524,1000.004697,1000.004845,1000.004981,1000.005106,1000.005219,1000.005319,1000.005411,1000.005503,1000.005571,1000.005652,1000.005717,1000.005784,1000.005848,1000.005907,1000.005964,1000.006023,1000.006086,1000.006144,1000.006205,1000.006252,1000.006317,1000.006381,1000.006443,1000.006558,1000.006650,0.000000,0.000000,0.000000,0.000000,0.000000,0.000000,0.000000,0.000000,0.000000,0.000000,0.000000
0.000000,0.000000,0.000000,0.000000,0.000000,0.000000,0.000000,0.000000,0.000000,0.000000,0.000000,999.978606,999.979917,999.980184,999.980251,999.980287,999.980365,999.980390,999.980430,999.980520,999.980446,999.980649,999.980535,999.980350,999.980492,999.980485,999.980620,999.980755,999.980828,999.980953,999.981146,999.981398,999.981716,999.982124,999.982623,999.983222,999.983904,999.984704,999.985603,999.986568,999.987603,999.988700,999.989827,999.990952,999.992082,999.993190,999.994259,999.995287,999.996230,999.997110,999.997932,999.998726,999.999484,1000.000183,1000.000800,1000.001344,1000.001839,1000.002293,1000.002696,1000.003058,1000.003385,1000.003684,1000.003940,1000.004181,1000.004387,1000.004572,1000.004740,1000.004885,1000.005020,1000.005138,1000.005242,1000.005330,1000.005417,1000.005491,1000.005567,1000.005623,1000.005681,1000.005739,1000.005787,1000.005837,1000.005886,1000.005934,1000.005979,1000.006026,1000.006076,1000.006127,1000.006181,1000.006234,1000.006286,1000.006332,1000.006449,1000.006814,0.000000,0.000000,0.000000,0.000000,0.000000,0.000000,0.000000,0.000000,0.000000,0.000000,0.000000
0.000000,0.000000,0.000000,0.000000,0.000000,0.000000,0.000000,0.000000,0.000000,0.000000,999.981148,999.980618,999.980473,999.980428,999.980560,999.980610,999.980651,999.980637,999.980656,999.980641,999.980544,999.980626,999.980350,999.980456,999.980701,999.980509,999.980504,999.980397,999.980320,999.980421,999.980558,999.980749,999.981024,999.981410,999.981895,999.982498,999.983243,999.984091,999.985038,999.986077,999.987200,999.988383,999.989604,999.990822,999.992056,999.993249,999.994386,999.995511,999.996597,999.997584,999.998462,999.999243,999.999937,1000.000592,1000.001205,1000.001760,1000.002255,1000.002693,1000.003083,1000.003434,1000.003746,1000.004022,1000.004258,1000.004473,1000.004664,1000.004828,1000.004969,1000.005093,1000.005201,1000.005301,1000.005385,1000.005463,1000.005529,1000.005577,1000.005635,1000.005679,1000.005723,1000.005755,1000.005799,1000.005828,1000.005866,1000.005900,1000.005934,1000.005974,1000.006006,1000.006052,1000.006092,1000.006133,1000.006194,1000.006264,1000.006294,1000.006298,1000.006216,0.000000,0.000000,0.000000,0.000000,0.000000,0.000000,0.000000,0.000000,0.000000,0.000000
0.000000,0.000000,0.000000,0.000000,0.000000,0.000000,0.000000,0.000000,0.000000,999.980845,999.980798,999.981087,999.980902,999.980909,999.980959,999.980937,999.980951,999.980903,999.980886,999.980796,999.980732,999.980738,999.980492,999.980701,999.980420,999.979903,999.979983,999.979888,999.979940,999.980054,999.980060,999.980139,999.980357,999.980673,999.981120,999.981714,999.982427,999.983304,999.984335,999.985494,999.986769,999.988084,999.989444,999.990808,999.992172,999.993495,999.994698,999.995814,999.996863,999.997863,999.998822,999.999716,1000.000490,1000.001150,1000.001741,1000.002275,1000.002746,1000.003164,1000.003530,1000.003858,1000.004140,1000.004390,1000.004610,1000.004792,1000.004956,1000.005097,1000.005222,1000.005321,1000.005411,1000.005477,1000.005544,1000.005589,1000.005645,1000.005673,1000.005710,1000.005736,1000.005762,1000.005785,1000.005804,1000.005824,1000.005844,1000.005870,1000.005888,1000.005910,1000.005943,1000.005971,1000.006012,1000.006040,1000.006086,1000.006135,1000.006177,1000.006172,1000.006304,1000.006326,0.000000,0.000000,0.000000,0.000000,0.000000,0.000000,0.000000,0.000000,0.000000
0.000000,0.000000,0.000000,0.000000,0.000000,0.000000,0.000000,0.000000,0.000000,999.979832,999.981226,999.981453,999.981363,999.981347,999.981335,999.981290,999.981265,999.981177,999.981121,999.980984,999.980913,999.980752,999.980485,999.980509,999.979903,999.979884,999.980252,999.979857,999.979676,999.979429,999.979183,999.979242,999.979400,999.979663,999.980069,999.980659,999.981475,999.982439,999.983562,999.984829,999.986194,999.987642,999.989177,999.990688,999.992145,999.993627,999.995063,999.996375,999.997540,999.998548,999.999421,1000.000238,1000.001008,1000.001692,1000.002293,1000.002811,1000.003270,1000.003668,1000.004016,1000.004315,1000.004572,1000.004788,1000.004983,1000.005143,1000.005275,1000.005385,1000.005481,1000.005556,1000.005622,1000.005669,1000.005708,1000.005734,1000.005762,1000.005773,1000.005788,1000.005796,1000.005804,1000.005805,1000.005814,1000.005814,1000.005826,1000.005830,1000.005843,1000.005856,1000.005873,1000.005889,1000.005914,1000.005946,1000.005981,1000.006011,1000.006053,1000.006074,1000.006190,1000.006630,0.000000,0.000000,0.000000,0.000000,0.000000,0.000000,0.000000,0.000000,0.000000
0.000000,0.000000,0.000000,0.000000,0.000000,0.000000,0.000000,0.000000,999.981865,999.981659,999.981744,999.981694,999.981797,999.981782,999.981743,999.981659,999.981596,999.981478,999.981378,999.981201,999.981068,999.980805,999.980620,999.980504,999.979983,999.980252,999.979813,999.978763,999.978697,999.978503,999.978457,999.978576,999.978560,999.978676,999.979035,999.979621,999.980334,999.981333,999.982593,999.984018,999.985643,999.987325,999.989077,999.990820,999.992415,999.993908,999.995323,999.996654,999.997930,999.999132,1000.000156,1000.000994,1000.001728,1000.002381,1000.002949,1000.003441,1000.003865,1000.004235,1000.004545,1000.004815,1000.005043,1000.005229,1000.005383,1000.005516,1000.005621,1000.005699,1000.005766,1000.005810,1000.005845,1000.005869,1000.005884,1000.005883,1000.005886,1000.005879,1000.005870,1000.005856,1000.005848,1000.005833,1000.005825,1000.005809,1000.005802,1000.005796,1000.005791,1000.005791,1000.005798,1000.005802,1000.005813,1000.005839,1000.005866,1000.005882,1000.005933,1000.006002,1000.006036,1000.006119,1000.006137,0.000000,0.000000,0.000000,0.000000,0.000000,0.000000,0.000000,0.000000
0.000000,0.000000,0.000000,0.000000,0.000000,0.000000,0.000000,0.000000,999.980634,999.982439,999.982308,999.982279,999.982274,999.982216,999.982155,999.982049,999.981954,999.981794,999.981655,999.981434,999.981247,999.980949,999.980755,999.980397,999.979888,999.979857,999.978763,999.978416,999.978998,999.978439,999.978000,999.977589,999.977172,999.977244,999.977537,999.978013,999.978910,999.980070,999.981445,999.983062,999.984843,999.986730,999.988664,999.990708,999.992702,999.994539,999.996179,999.997575,999.998731,999.999807,1000.000828,1000.001713,1000.002470,1000.003109,1000.003655,1000.004122,1000.004515,1000.004849,1000.005121,1000.005348,1000.005541,1000.005695,1000.005812,1000.005906,1000.005977,1000.006025,1000.006060,1000.006076,1000.006080,1000.006074,1000.006063,1000.006041,1000.006017,1000.005985,1000.005957,1000.005920,1000.005887,1000.005854,1000.005830,1000.005796,1000.005770,1000.005751,1000.005741,1000.005723,1000.005718,1000.005720,1000.005722,1000.005725,1000.005741,1000.005764,1000.005802,1000.005838,1000.005882,1000.005902,1000.006498,0.000000,0.000000,0.000000,0.000000,0.000000,0.000000,0.000000,0.000000
0.000000,0.000000,0.000000,0.000000,0.000000,0.000000,0.000000,999.983571,999.983031,999.982938,999.982750,999.982827,999.982780,999.982690,999.982588,999.982463,999.982328,999.982140,999.981958,999.981695,999.981461,999.981117,999.980828,999.980320,999.979940,999.979676,999.978697,999.978998,999.978533,999.976715,999.976256,999.975909,999.975736,999.975899,999.976046,999.976529,999.977261,999.978415,999.980038,999.981914,999.984173,999.986512,999.988671,999.990790,999.992826,999.994730,999.996550,999.998287,999.999733,1000.000855,1000.001814,1000.002647,1000.003360,1000.003958,1000.004463,1000.004883,1000.005229,1000.005517,1000.005750,1000.005931,1000.006078,1000.006191,1000.006272,1000.006325,1000.006361,1000.006372,1000.006373,1000.006356,1000.006327,1000.006290,1000.006248,1000.006199,1000.006147,1000.006093,1000.006042,1000.005987,1000.005931,1000.005878,1000.005833,1000.005790,1000.005746,1000.005706,1000.005677,1000.005651,1000.005627,1000.005622,1000.005614,1000.005606,1000.005617,1000.005631,1000.005650,1000.005671,1000.005753,1000.005768,1000.005791,1000.005640,0.000000,0.000000,0.000000,0.000000,0.000000,0.000000,0.000000
0.000000,0.000000,0.000000,0.000000,0.000000,0.000000,0.000000,999.981974,999.983904,999.983587,999.983490,999.983394,999.983276,999.983170,999.983053,999.982903,999.982727,999.982511,999.982293,999.981995,999.981716,999.981315,999.980953,999.980421,999.980054,999.979429,999.978503,999.978439,999.976715,999.975582,999.976273,999.975655,999.974935,999.974440,999.973992,999.974164,999.975178,999.976546,999.978335,999.980574,999.982976,999.985775,999.988674,999.991401,999.993879,999.995972,999.997636,999.999165,1000.000612,1000.001843,1000.002845,1000.003664,1000.004337,1000.004894,1000.005343,1000.005711,1000.006000,1000.006235,1000.006417,1000.006553,1000.006649,1000.006715,1000.006751,1000.006764,1000.006760,1000.006732,1000.006691,1000.006644,1000.006585,1000.006515,1000.006441,1000.006365,1000.006284,1000.006204,1000.006122,1000.006045,1000.005973,1000.005895,1000.005826,1000.005770,1000.005712,1000.005657,1000.005613,1000.005580,1000.005545,1000.005514,1000.005499,1000.005484,1000.005487,1000.005486,1000.005498,1000.005513,1000.005530,1000.005547,1000.005518,1000.006235,0.000000,0.000000,0.000000,0.000000,0.000000,0.000000,0.000000
0.000000,0.000000,0.000000,0.000000,0.000000,0.000000,999.985362,999.984664,999.984452,999.984089,999.984089,999.983950,999.983823,999.983691,999.983538,999.983359,999.983155,999.982914,999.982661,999.982332,999.982002,999.981564,999.981146,999.980558,999.980060,999.979183,999.978457,999.978000,999.976256,999.976273,999.975982,999.973350,999.972085,999.971319,999.971035,999.971713,999.972368,999.973686,999.976016,999.978776,999.981860,999.985119,999.988256,999.991249,999.994104,999.996851,999.999071,1000.000704,1000.002032,1000.003161,1000.004092,1000.004843,1000.005444,1000.005929,1000.006308,1000.006609,1000.006838,1000.007007,1000.007128,1000.007211,1000.007252,1000.007268,1000.007255,1000.007225,1000.007172,1000.007109,1000.007027,1000.006939,1000.006843,1000.006742,1000.006634,1000.006526,1000.006419,1000.006311,1000.006207,1000.006102,1000.006009,1000.005919,1000.005821,1000.005744,1000.005673,1000.005600,1000.005538,1000.005488,1000.005444,1000.005403,1000.005380,1000.005359,1000.005341,1000.005329,1000.005335,1000.005348,1000.005352,1000.005395,1000.005328,1000.005350,1000.005205,0.000000,0.000000,0.000000,0.000000,0.000000,0.000000
0.000000,0.000000,0.000000,0.000000,0.000000,0.000000,999.983644,999.985555,999.985041,999.984864,999.984679,999.984514,999.984377,999.984217,999.984037,999.983837,999.983616,999.983354,999.983072,999.982709,999.982350,999.981870,999.981398,999.980749,999.980139,999.979242,999.978576,999.977589,999.975909,999.975655,999.973350,999.970680,999.970745,999.970059,999.969319,999.968784,999.969225,999.971066,999.973621,999.977290,999.981206,999.985219,999.989296,999.992817,999.995557,999.997986,1000.000267,1000.002132,1000.003554,1000.004647,1000.005495,1000.006165,1000.006675,1000.007065,1000.007360,1000.007579,1000.007729,1000.007829,1000.007879,1000.007900,1000.007887,1000.007848,1000.007782,1000.007702,1000.007602,1000.007493,1000.007375,1000.007244,1000.007108,1000.006972,1000.006833,1000.006693,1000.006552,1000.006418,1000.006283,1000.006157,1000.006033,1000.005921,1000.005815,1000.005710,1000.005618,1000.005544,1000.005467,1000.005399,1000.005340,1000.005289,1000.005254,1000.005216,1000.005193,1000.005176,1000.005166,1000.005165,1000.005160,1000.005161,1000.005153,1000.005038,1000.005781,0.000000,0.000000,0.000000,0.000000,0.000000,0.000000
0.000000,0.000000,0.000000,0.000000,0.000000,999.987246,999.986379,999.986009,999.985519,999.985462,999.985270,999.985110,999.984940,999.984762,999.984556,999.984350,999.984108,999.983833,999.983513,999.983149,999.982748,999.982242,999.981716,999.981024,999.980357,999.979400,999.978560,999.977172,999.975736,999.974935,999.972085,999.970745,999.970344,999.967063,999.964633,999.963883,999.964029,999.965938,999.969167,999.973308,999.978654,999.984212,999.989204,999.993943,999.997781,1000.000446,1000.002477,1000.004123,1000.005414,1000.006380,1000.007094,1000.007631,1000.008022,1000.008301,1000.008488,1000.008611,1000.008670,1000.008694,1000.008672,1000.008622,1000.008541,1000.008447,1000.008327,1000.008192,1000.008046,1000.007886,1000.007724,1000.007553,1000.007378,1000.007202,1000.007029,1000.006856,1000.006683,1000.006515,1000.006360,1000.006206,1000.006057,1000.005924,1000.005795,1000.005678,1000.005562,1000.005462,1000.005378,1000.005287,1000.005225,1000.005166,1000.005116,1000.005066,1000.005037,1000.005020,1000.004999,1000.004973,1000.004966,1000.004965,1000.004999,1000.004897,1000.004828,1000.004524,0.000000,0.000000,0.000000,0.000000,0.000000
0.000000,0.000000,0.000000,0.000000,0.000000,999.985442,999.987043,999.986476,999.986262,999.986053,999.985851,999.985686,999.985500,999.985310,999.985114,999.984891,999.984629,999.984337,999.984018,999.983636,999.983207,999.982680,999.982124,999.981410,999.980673,999.979663,999.978676,999.977244,999.975899,999.974440,999.971319,999.970059,999.967063,999.962267,999.960064,999.958149,999.958355,999.960792,999.964869,999.971535,999.978526,999.984825,999.990571,999.995349,999.999532,1000.002763,1000.004969,1000.006504,1000.007584,1000.008355,1000.008887,1000.009243,1000.009476,1000.009615,1000.009683,1000.009693,1000.009658,1000.009592,1000.009493,1000.009369,1000.009221,1000.009059,1000.008884,1000.008696,1000.008498,1000.008290,1000.008077,1000.007866,1000.007647,1000.007433,1000.007219,1000.007016,1000.006812,1000.006608,1000.006423,1000.006248,1000.006073,1000.005910,1000.005764,1000.005626,1000.005502,1000.005382,1000.005280,1000.005186,1000.005101,1000.005029,1000.004968,1000.004915,1000.004878,1000.004833,1000.004806,1000.004803,1000.004792,1000.004762,1000.004732,1000.004726,1000.004597,1000.005269,0.000000,0.000000,0.000000,0.000000,0.000000
0.000000,0.000000,0.000000,0.000000,999.988073,999.987725,999.987367,999.986857,999.986804,999.986614,999.986442,999.986266,999.986078,999.985892,999.985683,999.985448,999.985179,999.984906,999.984558,999.984172,999.983725,999.983208,999.982623,999.981895,999.981120,999.980069,999.979035,999.977537,999.976046,999.973992,999.971035,999.969319,999.964633,999.960064,999.956104,999.951347,999.949913,999.951455,999.957997,999.967472,999.977322,999.987046,999.994655,999.999713,1000.003403,1000.006143,1000.008056,1000.009289,1000.010063,1000.010546,1000.010834,1000.010977,1000.011023,1000.011004,1000.010931,1000.010826,1000.010684,1000.010521,1000.010336,1000.010136,1000.009921,1000.009693,1000.009451,1000.009208,1000.008955,1000.008698,1000.008436,1000.008175,1000.007920,1000.007659,1000.007407,1000.007159,1000.006931,1000.006699,1000.006478,1000.006271,1000.006080,1000.005896,1000.005723,1000.005562,1000.005423,1000.005285,1000.005169,1000.005061,1000.004971,1000.004881,1000.004814,1000.004748,1000.004710,1000.004663,1000.004626,1000.004605,1000.004585,1000.004578,1000.004560,1000.004603,1000.004453,1000.004421,1000.004377,0.000000,0.000000,0.000000,0.000000
0.000000,0.000000,0.000000,0.000000,999.986046,999.987525,999.987538,999.987535,999.987374,999.987179,999.987015,999.986849,999.986674,999.986479,999.986271,999.986034,999.985781,999.985493,999.985149,999.984765,999.984329,999.983816,999.983222,999.982498,999.981714,999.980659,999.979621,999.978013,999.976529,999.974164,999.971713,999.968784,999.963883,999.958149,999.951347,999.941286,999.934565,999.938719,999.948223,999.960327,999.975321,999.988126,999.997244,1000.004350,1000.008342,1000.010551,1000.011820,1000.012507,1000.012842,1000.012941,1000.012913,1000.012803,1000.012642,1000.012443,1000.012220,1000.011984,1000.011734,1000.011468,1000.011197,1000.010917,1000.010628,1000.010334,1000.010032,1000.009724,1000.009415,1000.009107,1000.008796,1000.008486,1000.008180,1000.007887,1000.007593,1000.007306,1000.007034,1000.006776,1000.006525,1000.006288,1000.006065,1000.005863,1000.005671,1000.005486,1000.005332,1000.005182,1000.005048,1000.004922,1000.004822,1000.004730,1000.004649,1000.004573,1000.004516,1000.004474,1000.004437,1000.004413,1000.004377,1000.004377,1000.004361,1000.004376,1000.004406,1000.004507,1000.005187,0.000000,0.000000,0.000000,0.000000
