0.000000,0.000000,0.000000,0.000000,0.000000,0.000000,0.000000,0.000000,0.000000,0.000000,0.000000,0.000000,0.000000,0.000000,0.000000,0.000000,0.000000,0.000000,0.000000,0.000000,0.000000,0.000000,0.000000,0.000000,0.000000,0.000000,0.000000,0.000000,0.000000,0.000000,0.000000,0.000000,0.000000,0.000000,0.000000,0.000000,0.000000,0.000000,0.000000,0.000000,0.000000,0.000000,0.000000,0.000000,0.000000,0.000000,0.000000,0.000000,0.000000,0.000000,0.000000,0.000000,0.000000,0.000000,0.000000,0.000000,0.000000,0.000000,0.000000,0.000000,0.000000,0.000000,0.000000,0.000000,0.000000,0.000000,0.000000,0.000000,0.000000,0.000000,0.000000,0.000000,0.000000,0.000000,0.000000,0.000000,0.000000,0.000000,0.000000,0.000000,0.000000,0.000000,0.000000,0.000000,0.000000,0.000000,0.000000,0.000000,0.000000,0.000000,0.000000,0.000000,0.000000,0.000000,0.000000,0.000000,0.000000,0.000000,0.000000,0.000000,0.000000,0.000000,0.000000
0.000000,0.000000,0.000000,0.000000,0.000000,0.000000,0.000000,0.000000,0.000000,0.000000,0.000000,0.000000,0.000000,0.000000,0.000000,0.000000,0.000000,0.000000,0.000000,0.000000,0.000000,0.000000,0.000000,0.000000,0.000000,0.000000,0.000000,0.000000,0.000000,0.000000,0.000000,0.000000,0.000000,0.000000,0.000000,0.000000,0.000000,0.000000,0.000000,0.000000,0.000000,0.000000,0.000000,0.000000,0.000000,0.000000,0.000000,0.000000,0.000000,0.000000,0.000000,999.997293,0.000000,0.000000,0.000000,0.000000,0.000000,0.000000,0.000000,0.000000,0.000000,0.000000,0.000000,0.000000,0.000000,0.000000,0.000000,0.000000,0.000000,0.000000,0.000000,0.000000,0.000000,0.000000,0.000000,0.000000,0.000000,0.000000,0.000000,0.000000,0.000000,0.000000,0.000000,0.000000,0.000000,0.000000,0.000000,0.000000,0.000000,0.000000,0.000000,0.000000,0.000000,0.000000,0.000000,0.000000,0.000000,0.000000,0.000000,0.000000,0.000000,0.000000,0.000000
0.000000,0.000000,0.000000,0.000000,0.000000,0.000000,0.000000,0.000000,0.000000,0.000000,0.000000,0.000000,0.000000,0.000000,0.000000,0.000000,0.000000,0.000000,0.000000,0.000000,0.000000,0.000000,0.000000,0.000000,0.000000,0.000000,0.000000,0.000000,0.000000,0.000000,0.000000,0.000000,0.000000,0.000000,0.000000,0.000000,0.000000,0.000000,0.000000,0.000000,0.000000,0.000000,999.994908,999.991956,999.991970,999.992626,999.993325,999.994057,999.994881,999.996082,999.997074,999.997245,999.997404,999.998342,999.999422,1000.000062,1000.000600,1000.001074,1000.001491,1000.001434,999.999255,0.000000,0.000000,0.000000,0.000000,0.000000,0.000000,0.000000,0.000000,0.000000,0.000000,0.000000,0.000000,0.000000,0.000000,0.000000,0.000000,0.000000,0.000000,0.000000,0.000000,0.000000,0.000000,0.000000,0.000000,0.000000,0.000000,0.000000,0.000000,0.000000,0.000000,0.000000,0.000000,0.000000,0.000000,0.000000,0.000000,0.000000,0.000000,0.000000,0.000000,0.000000,0.000000
0.000000,0.000000,0.000000,0.000000,0.000000,0.000000,0.000000,0.000000,0.000000,0.000000,0.000000,0.000000,0.000000,0.000000,0.000000,0.000000,0.000000,0.000000,0.000000,0.000000,0.000000,0.000000,0.000000,0.000000,0.000000,0.000000,0.000000,0.000000,0.000000,0.000000,0.000000,0.000000,0.000000,0.000000,0.000000,0.000000,0.000000,999.990370,999.987534,999.987389,999.988744,999.990954,999.993997,999.993262,999.992790,999.992995,999.993570,999.994267,999.994993,999.995763,999.996889,999.997140,999.997377,999.998436,999.999082,999.999675,1000.000204,1000.000608,1000.000726,1000.000374,999.999859,1000.001930,1000.003317,1000.004078,1000.003829,1000.002074,0.000000,0.000000,0.000000,0.000000,0.000000,0.000000,0.000000,0.000000,0.000000,0.000000,0.000000,0.000000,0.000000,0.000000,0.000000,0.000000,0.000000,0.000000,0.000000,0.000000,0.000000,0.000000,0.000000,0.000000,0.000000,0.000000,0.000000,0.000000,0.000000,0.000000,0.000000,0.000000,0.000000,0.000000,0.000000,0.000000,0.000000
0.000000,0.000000,0.000000,0.000000,0.000000,0.000000,0.000000,0.000000,0.000000,0.000000,0.000000,0.000000,0.000000,0.000000,0.000000,0.000000,0.000000,0.000000,0.000000,0.000000,0.000000,0.000000,0.000000,0.000000,0.000000,0.000000,0.000000,0.000000,0.000000,0.000000,0.000000,0.000000,0.000000,0.000000,999.987711,999.985665,999.986816,999.989663,999.989171,999.988887,999.989378,999.991227,999.992293,999.992561,999.992862,999.993243,999.993755,999.994363,999.995073,999.995723,999.996421,999.997034,999.997631,999.998260,999.998829,999.999422,999.999905,1000.000275,1000.000539,1000.000722,1000.000892,1000.001586,1000.002760,1000.003026,1000.002810,1000.002437,1000.004008,1000.004614,1000.003498,0.000000,0.000000,0.000000,0.000000,0.000000,0.000000,0.000000,0.000000,0.000000,0.000000,0.000000,0.000000,0.000000,0.000000,0.000000,0.000000,0.000000,0.000000,0.000000,0.000000,0.000000,0.000000,0.000000,0.000000,0.000000,0.000000,0.000000,0.000000,0.000000,0.000000,0.000000,0.000000,0.000000,0.000000
0.000000,0.000000,0.000000,0.000000,0.000000,0.000000,0.000000,0.000000,0.000000,0.000000,0.000000,0.000000,0.000000,0.000000,0.000000,0.000000,0.000000,0.000000,0.000000,0.000000,0.000000,0.000000,0.000000,0.000000,0.000000,0.000000,0.000000,0.000000,0.000000,0.000000,0.000000,0.000000,999.986872,999.985053,999.987370,999.987167,999.987964,999.988581,999.988851,999.989356,999.989984,999.990902,999.991543,999.992323,999.992835,999.993286,999.993803,999.994400,999.995053,999.995715,999.996307,999.996944,999.997570,999.998118,999.998696,999.999229,999.999704,1000.000095,1000.000427,1000.000754,1000.001253,1000.001654,1000.002236,1000.002584,1000.002874,1000.002996,1000.003289,1000.003681,1000.003549,1000.004726,1000.003656,0.000000,0.000000,0.000000,0.000000,0.000000,0.000000,0.000000,0.000000,0.000000,0.000000,0.000000,0.000000,0.000000,0.000000,0.000000,0.000000,0.000000,0.000000,0.000000,0.000000,0.000000,0.000000,0.000000,0.000000,0.000000,0.000000,0.000000,0.000000,0.000000,0.000000,0.000000,0.000000
0.000000,0.000000,0.000000,0.000000,0.000000,0.000000,0.000000,0.000000,0.000000,0.000000,0.000000,0.000000,0.000000,0.000000,0.000000,0.000000,0.000000,0.000000,0.000000,0.000000,0.000000,0.000000,0.000000,0.000000,0.000000,0.000000,0.000000,0.000000,0.000000,0.000000,999.984966,999.983228,999.986005,999.986669,999.987011,999.987175,999.987780,999.988213,999.988894,999.989454,999.990073,999.990741,999.991423,999.992112,999.992680,999.993242,999.993819,999.994413,999.995030,999.995660,999.996272,999.996881,999.997482,999.998044,999.998593,999.999118,999.999586,1000.000021,1000.000416,1000.000806,1000.001242,1000.001663,1000.002063,1000.002415,1000.002711,1000.003078,1000.003297,1000.003573,1000.003608,1000.003780,1000.004088,1000.005396,1000.004561,0.000000,0.000000,0.000000,0.000000,0.000000,0.000000,0.000000,0.000000,0.000000,0.000000,0.000000,0.000000,0.000000,0.000000,0.000000,0.000000,0.000000,0.000000,0.000000,0.000000,0.000000,0.000000,0.000000,0.000000,0.000000,0.000000,0.000000,0.000000,0.000000,0.000000
0.000000,0.000000,0.000000,0.000000,0.000000,0.000000,0.000000,0.000000,0.000000,0.000000,0.000000,0.000000,0.000000,0.000000,0.000000,0.000000,0.000000,0.000000,0.000000,0.000000,0.000000,0.000000,0.000000,0.000000,0.000000,0.000000,0.000000,0.000000,999.983153,999.981528,999.984260,999.985170,999.985628,999.986098,999.986494,999.987174,999.987700,999.988204,999.988810,999.989378,999.990028,999.990659,999.991329,999.991957,999.992575,999.993183,999.993788,999.994397,999.994998,999.995607,999.996232,999.996830,999.997408,999.997973,999.998521,999.999025,999.999505,999.999950,1000.000379,1000.000804,1000.001217,1000.001631,1000.002005,1000.002382,1000.002688,1000.002997,1000.003248,1000.003506,1000.003804,1000.003965,1000.004195,1000.004380,1000.004772,1000.006021,1000.005175,0.000000,0.000000,0.000000,0.000000,0.000000,0.000000,0.000000,0.000000,0.000000,0.000000,0.000000,0.000000,0.000000,0.000000,0.000000,0.000000,0.000000,0.000000,0.000000,0.000000,0.000000,0.000000,0.000000,0.000000,0.000000,0.000000,0.000000,0.000000
0.000000,0.000000,0.000000,0.000000,0.000000,0.000000,0.000000,0.000000,0.000000,0.000000,0.000000,0.000000,0.000000,0.000000,0.000000,0.000000,0.000000,0.000000,0.000000,0.000000,0.000000,0.000000,0.000000,0.000000,0.000000,0.000000,999.981411,999.980174,999.982604,999.983497,999.984049,999.984653,999.985128,999.985886,999.986442,999.987014,999.987528,999.988115,999.988701,999.989317,999.989945,999.990575,999.991227,999.991860,999.992502,999.993121,999.993739,999.994363,999.994977,999.995593,999.996204,999.996801,999.997373,999.997945,999.998480,999.998988,999.999473,999.999945,1000.000380,1000.000798,1000.001204,1000.001599,1000.001969,1000.002320,1000.002661,1000.002961,1000.003247,1000.003496,1000.003768,1000.003994,1000.004352,1000.004542,1000.004785,1000.005018,1000.005390,1000.006414,1000.005817,0.000000,0.000000,0.000000,0.000000,0.000000,0.000000,0.000000,0.000000,0.000000,0.000000,0.000000,0.000000,0.000000,0.000000,0.000000,0.000000,0.000000,0.000000,0.000000,0.000000,0.000000,0.000000,0.000000,0.000000,0.000000,0.000000
0.000000,0.000000,0.000000,0.000000,0.000000,0.000000,0.000000,0.000000,0.000000,0.000000,0.000000,0.000000,0.000000,0.000000,0.000000,0.000000,0.000000,0.000000,0.000000,0.000000,0.000000,0.000000,0.000000,0.000000,999.980377,999.979362,999.981213,999.982004,999.982510,999.983169,999.983681,999.984461,999.985071,999.985677,999.986245,999.986822,999.987403,999.987999,999.988601,999.989221,999.989849,999.990491,999.991131,999.991785,999.992424,999.993066,999.993697,999.994319,999.994949,999.995573,999.996171,999.996766,999.997356,999.997908,999.998446,999.998964,999.999456,999.999930,1000.000374,1000.000807,1000.001216,1000.001618,1000.001985,1000.002331,1000.002656,1000.002963,1000.003251,1000.003524,1000.003799,1000.004045,1000.004299,1000.004565,1000.004893,1000.005088,1000.005366,1000.005548,1000.005846,1000.006605,1000.006115,0.000000,0.000000,0.000000,0.000000,0.000000,0.000000,0.000000,0.000000,0.000000,0.000000,0.000000,0.000000,0.000000,0.000000,0.000000,0.000000,0.000000,0.000000,0.000000,0.000000,0.000000,0.000000,0.000000,0.000000
0.000000,0.000000,0.000000,0.000000,0.000000,0.000000,0.000000,0.000000,0.000000,0.000000,0.000000,0.000000,0.000000,0.000000,0.000000,0.000000,0.000000,0.000000,0.000000,0.000000,0.000000,0.000000,0.000000,999.980690,999.980341,999.980772,999.981299,999.981872,999.982323,999.983078,999.983678,999.984281,999.984887,999.985477,999.986074,999.986659,999.987254,999.987861,999.988468,999.989097,999.989738,999.990389,999.991051,999.991697,999.992353,999.993009,999.993657,999.994299,999.994936,999.995566,999.996171,999.996779,999.997362,999.997923,999.998460,999.998996,999.999481,999.999944,1000.000389,1000.000826,1000.001226,1000.001610,1000.001987,1000.002339,1000.002670,1000.002981,1000.003273,1000.003548,1000.003816,1000.004086,1000.004331,1000.004593,1000.004844,1000.005076,1000.005381,1000.005546,1000.005766,1000.005945,1000.006086,1000.005885,0.000000,0.000000,0.000000,0.000000,0.000000,0.000000,0.000000,0.000000,0.000000,0.000000,0.000000,0.000000,0.000000,0.000000,0.000000,0.000000,0.000000,0.000000,0.000000,0.000000,0.000000,0.000000,0.000000
0.000000,0.000000,0.000000,0.000000,0.000000,0.000000,0.000000,0.000000,0.000000,0.000000,0.000000,0.000000,0.000000,0.000000,0.000000,0.000000,0.000000,0.000000,0.000000,0.000000,0.000000,999.978726,999.978113,999.980169,999.980640,999.981002,999.981256,999.981840,999.982402,999.982971,999.983539,999.984120,999.984722,999.985303,999.985896,999.986491,999.987097,999.987715,999.988339,999.988980,999.989625,999.990292,999.990954,999.991625,999.992289,999.992962,999.993617,999.994277,999.994916,999.995553,999.996176,999.996783,999.997360,999.997943,999.998478,999.999006,999.999506,999.999988,1000.000447,1000.000890,1000.001291,1000.001672,1000.002041,1000.002385,1000.002708,1000.003015,1000.003311,1000.003581,1000.003847,1000.004102,1000.004358,1000.004603,1000.004843,1000.005075,1000.005299,1000.005510,1000.005729,1000.005807,1000.005926,1000.006087,1000.006941,1000.006620,0.000000,0.000000,0.000000,0.000000,0.000000,0.000000,0.000000,0.000000,0.000000,0.000000,0.000000,0.000000,0.000000,0.000000,0.000000,0.000000,0.000000,0.000000,0.000000,0.000000,0.000000
0.000000,0.000000,0.000000,0.000000,0.000000,0.000000,0.000000,0.000000,0.000000,0.000000,0.000000,0.000000,0.000000,0.000000,0.000000,0.000000,0.000000,0.000000,0.000000,0.000000,999.979090,999.979021,999.979447,999.980015,999.980437,999.980916,999.981358,999.981842,999.982353,999.982864,999.983418,999.983986,999.984542,999.985123,999.985708,999.986314,999.986917,999.987550,999.988187,999.988844,999.989507,999.990179,999.990849,999.991549,999.992234,999.992919,999.993591,999.994269,999.994927,999.995578,999.996211,999.996824,999.997417,999.997997,999.998551,999.999058,999.999563,1000.000046,1000.000492,1000.000914,1000.001334,1000.001724,1000.002095,1000.002433,1000.002765,1000.003068,1000.003364,1000.003639,1000.003898,1000.004155,1000.004391,1000.004622,1000.004845,1000.005072,1000.005274,1000.005468,1000.005649,1000.005809,1000.005983,1000.006129,1000.006341,1000.006484,1000.006395,0.000000,0.000000,0.000000,0.000000,0.000000,0.000000,0.000000,0.000000,0.000000,0.000000,0.000000,0.000000,0.000000,0.000000,0.000000,0.000000,0.000000,0.000000,0.000000,0.000000
0.000000,0.000000,0.000000,0.000000,0.000000,0.000000,0.000000,0.000000,0.000000,0.000000,0.000000,0.000000,0.000000,0.000000,0.000000,0.000000,0.000000,0.000000,0.000000,999.978755,999.979076,999.979302,999.979721,999.979965,999.980452,999.980902,999.981345,999.981783,999.982262,999.982760,999.983287,999.983820,999.984365,999.984937,999.985528,999.986122,999.986738,999.987373,999.988020,999.988691,999.989367,999.990065,999.990757,999.991467,999.992168,999.992870,999.993564,999.994261,999.994934,999.995591,999.996241,999.996866,999.997466,999.998050,999.998610,999.999152,999.999661,1000.000152,1000.000608,1000.001027,1000.001444,1000.001819,1000.002180,1000.002506,1000.002843,1000.003136,1000.003421,1000.003690,1000.003953,1000.004189,1000.004433,1000.004653,1000.004876,1000.005068,1000.005265,1000.005449,1000.005615,1000.005777,1000.005938,1000.006118,1000.006194,1000.006339,1000.006393,1000.006481,0.000000,0.000000,0.000000,0.000000,0.000000,0.000000,0.000000,0.000000,0.000000,0.000000,0.000000,0.000000,0.000000,0.000000,0.000000,0.000000,0.000000,0.000000,0.000000
0.000000,0.000000,0.000000,0.000000,0.000000,0.000000,0.000000,0.000000,0.000000,0.000000,0.000000,0.000000,0.000000,0.000000,0.000000,0.000000,0.000000,0.000000,999.978406,999.978801,999.979148,999.979460,999.979791,999.980099,999.980508,999.980898,999.981300,999.981721,999.982173,999.982642,999.983124,999.983636,999.984175,999.984739,999.985304,999.985910,999.986533,999.987180,999.987839,999.988522,999.989222,999.989941,999.990664,999.991386,999.992110,999.992845,999.993566,999.994275,999.994970,999.995652,999.996308,999.996958,999.997568,999.998153,999.998712,999.999248,999.999754,1000.000219,1000.000688,1000.001125,1000.001534,1000.001916,1000.002281,1000.002618,1000.002936,1000.003235,1000.003509,1000.003771,1000.004023,1000.004250,1000.004474,1000.004692,1000.004893,1000.005088,1000.005264,1000.005440,1000.005598,1000.005755,1000.005896,1000.006046,1000.006154,1000.006265,1000.006368,1000.006481,1000.006614,0.000000,0.000000,0.000000,0.000000,0.000000,0.000000,0.000000,0.000000,0.000000,0.000000,0.000000,0.000000,0.000000,0.000000,0.000000,0.000000,0.000000,0.000000
0.000000,0.000000,0.000000,0.000000,0.000000,0.000000,0.000000,0.000000,0.000000,0.000000,0.000000,0.000000,0.000000,0.000000,0.000000,0.000000,0.000000,999.978106,999.978583,999.978906,999.979222,999.979529,999.979824,999.980150,999.980496,999.980844,999.981220,999.981627,999.982046,999.982477,999.982949,999.983444,999.983971,999.984506,999.985078,999.985685,999.986314,999.986963,999.987647,999.988348,999.989069,999.989798,999.990549,999.991303,999.992058,999.992816,999.993556,999.994281,999.995006,999.995706,999.996380,999.997028,999.997668,999.998268,999.998849,999.999398,999.999919,1000.000401,1000.000858,1000.001273,1000.001676,1000.002038,1000.002407,1000.002733,1000.003035,1000.003322,1000.003607,1000.003854,1000.004097,1000.004331,1000.004538,1000.004737,1000.004928,1000.005108,1000.005285,1000.005446,1000.005592,1000.005736,1000.005878,1000.005997,1000.006117,1000.006222,1000.006334,1000.006449,1000.006569,1000.006705,0.000000,0.000000,0.000000,0.000000,0.000000,0.000000,0.000000,0.000000,0.000000,0.000000,0.000000,0.000000,0.000000,0.000000,0.000000,0.000000,0.000000
0.000000,0.000000,0.000000,0.000000,0.000000,0.000000,0.000000,0.000000,0.000000,0.000000,0.000000,0.000000,0.000000,0.000000,0.000000,0.000000,999.978102,999.978400,999.978720,999.979009,999.979328,999.979617,999.979900,999.980202,999.980502,999.980821,999.981166,999.981533,999.981901,999.982312,999.982759,999.983222,999.983713,999.984246,999.984820,999.985422,999.986052,999.986719,999.987417,999.988143,999.988890,999.989650,999.990431,999.991222,999.992010,999.992794,999.993570,999.994339,999.995082,999.995811,999.996506,999.997174,999.997808,999.998417,999.998984,999.999521,1000.000042,1000.000533,1000.001003,1000.001429,1000.001837,1000.002207,1000.002556,1000.002876,1000.003176,1000.003455,1000.003722,1000.003962,1000.004187,1000.004405,1000.004610,1000.004794,1000.004979,1000.005143,1000.005297,1000.005451,1000.005592,1000.005721,1000.005850,1000.005967,1000.006084,1000.006192,1000.006295,1000.006401,1000.006517,1000.006636,1000.006775,0.000000,0.000000,0.000000,0.000000,0.000000,0.000000,0.000000,0.000000,0.000000,0.000000,0.000000,0.000000,0.000000,0.000000,0.000000,0.000000
0.000000,0.000000,0.000000,0.000000,0.000000,0.000000,0.000000,0.000000,0.000000,0.000000,0.000000,0.000000,0.000000,0.000000,0.000000,999.978106,999.978400,999.978711,999.978966,999.979212,999.979482,999.979694,999.979937,999.980189,999.980456,999.980736,999.981045,999.981365,999.981710,999.982103,999.982515,999.982953,999.983438,999.983966,999.984533,999.985125,999.985774,999.986456,999.987177,999.987920,999.988702,999.989501,999.990316,999.991132,999.991960,999.992771,999.993589,999.994383,999.995149,999.995891,999.996619,999.997317,999.997977,999.998611,999.999213,999.999765,1000.000283,1000.000750,1000.001197,1000.001614,1000.002019,1000.002376,1000.002717,1000.003028,1000.003331,1000.003598,1000.003848,1000.004080,1000.004303,1000.004500,1000.004690,1000.004868,1000.005036,1000.005193,1000.005330,1000.005473,1000.005603,1000.005724,1000.005832,1000.005943,1000.006047,1000.006149,1000.006251,1000.006351,1000.006458,1000.006569,1000.006670,1000.006779,0.000000,0.000000,0.000000,0.000000,0.000000,0.000000,0.000000,0.000000,0.000000,0.000000,0.000000,0.000000,0.000000,0.000000,0.000000
0.000000,0.000000,0.000000,0.000000,0.000000,0.000000,0.000000,0.000000,0.000000,0.000000,0.000000,0.000000,0.000000,0.000000,999.978406,999.978583,999.978720,999.978966,999.979121,999.979306,999.979541,999.979722,999.979976,999.980214,999.980439,999.980684,999.980946,999.981226,999.981541,999.981886,999.982254,999.982665,999.983136,999.983638,999.984188,999.984785,999.985440,999.986141,999.986886,999.987657,999.988482,999.989317,999.990182,999.991045,999.991924,999.992785,999.993643,999.994473,999.995282,999.996062,999.996804,999.997506,999.998168,999.998780,999.999379,999.999946,1000.000479,1000.000978,1000.001436,1000.001847,1000.002232,1000.002588,1000.002922,1000.003220,1000.003505,1000.003760,1000.003994,1000.004217,1000.004422,1000.004614,1000.004784,1000.004946,1000.005097,1000.005242,1000.005375,1000.005494,1000.005616,1000.005726,1000.005835,1000.005932,1000.006030,1000.006120,1000.006213,1000.006301,1000.006393,1000.006487,1000.006580,1000.006665,1000.006759,0.000000,0.000000,0.000000,0.000000,0.000000,0.000000,0.000000,0.000000,0.000000,0.000000,0.000000,0.000000,0.000000,0.000000
0.000000,0.000000,0.000000,0.000000,0.000000,0.000000,0.000000,0.000000,0.000000,0.000000,0.000000,0.000000,0.000000,999.978755,999.978801,999.978906,999.979009,999.979212,999.979306,999.979535,999.979755,999.979875,999.980075,999.980194,999.980351,999.980552,999.980768,999.981007,999.981279,999.981582,999.981920,999.982320,999.982762,999.983246,999.983797,999.984413,999.985080,999.985794,999.986566,999.987389,999.988245,999.989124,999.990035,999.990951,999.991877,999.992785,999.993681,999.994547,999.995402,999.996219,999.996989,999.997737,999.998452,999.999104,999.999700,1000.000243,1000.000751,1000.001225,1000.001680,1000.002091,1000.002462,1000.002817,1000.003135,1000.003427,1000.003689,1000.003941,1000.004161,1000.004373,1000.004554,1000.004731,1000.004897,1000.005047,1000.005175,1000.005311,1000.005427,1000.005537,1000.005635,1000.005734,1000.005826,1000.005916,1000.006000,1000.006085,1000.006171,1000.006252,1000.006328,1000.006410,1000.006493,1000.006572,1000.006635,1000.006685,0.000000,0.000000,0.000000,0.000000,0.000000,0.000000,0.000000,0.000000,0.000000,0.000000,0.000000,0.000000,0.000000
0.000000,0.000000,0.000000,0.000000,0.000000,0.000000,0.000000,0.000000,0.000000,0.000000,0.000000,0.000000,999.979090,999.979076,999.979148,999.979222,999.979328,999.979482,999.979541,999.979755,999.979789,999.979814,999.980003,999.980092,999.980294,999.980477,999.980637,999.980827,999.981045,999.981297,999.981602,999.981954,999.982352,999.982816,999.983362,999.983965,999.984635,999.985376,999.986189,999.987053,999.987967,999.988911,999.989892,999.990870,999.991860,999.992832,999.993795,999.994715,999.995602,999.996445,999.997228,999.997957,999.998656,999.999323,999.999958,1000.000540,1000.001075,1000.001545,1000.001980,1000.002381,1000.002752,1000.003080,1000.003382,1000.003661,1000.003909,1000.004142,1000.004351,1000.004544,1000.004707,1000.004867,1000.005006,1000.005149,1000.005259,1000.005373,1000.005479,1000.005575,1000.005671,1000.005753,1000.005832,1000.005905,1000.005982,1000.006052,1000.006125,1000.006201,1000.006271,1000.006335,1000.006408,1000.006477,1000.006538,1000.006586,1000.006641,0.000000,0.000000,0.000000,0.000000,0.000000,0.000000,0.000000,0.000000,0.000000,0.000000,0.000000,0.000000
0.000000,0.000000,0.000000,0.000000,0.000000,0.000000,0.000000,0.000000,0.000000,0.000000,0.000000,999.978726,999.979021,999.979302,999.979460,999.979529,999.979617,999.979694,999.979722,999.979875,999.979814,999.979995,999.980200,999.980193,999.980301,999.980322,999.980377,999.980524,999.980693,999.980904,999.981155,999.981466,999.981839,999.982303,999.982838,999.983440,999.984142,999.984928,999.985775,999.986687,999.987653,999.988669,999.989713,999.990765,999.991818,999.992852,999.993872,999.994855,999.995788,999.996696,999.997568,999.998367,999.999078,999.999723,1000.000315,1000.000873,1000.001391,1000.001873,1000.002296,1000.002695,1000.003048,1000.003370,1000.003652,1000.003923,1000.004150,1000.004362,1000.004545,1000.004729,1000.004878,1000.005023,1000.005143,1000.005256,1000.005369,1000.005457,1000.005546,1000.005627,1000.005697,1000.005772,1000.005839,1000.005900,1000.005963,1000.006024,1000.006080,1000.006148,1000.006207,1000.006266,1000.006326,1000.006386,1000.006447,1000.006522,1000.006632,1000.006714,0.000000,0.000000,0.000000,0.000000,0.000000,0.000000,0.000000,0.000000,0.000000,0.000000,0.000000
0.000000,0.000000,0.000000,0.000000,0.000000,0.000000,0.000000,0.000000,0.000000,0.000000,0.000000,999.978113,999.979447,999.979721,999.979791,999.979824,999.979900,999.979937,999.979976,999.980075,999.980003,999.980200,999.980101,999.979910,999.980048,999.980053,999.980186,999.980333,999.980413,999.980544,999.980736,999.980994,999.981323,999.981746,999.982243,999.982845,999.983554,999.984359,999.985260,999.986246,999.987309,999.988413,999.989551,999.990701,999.991852,999.992974,999.994058,999.995113,999.996075,999.996963,999.997810,999.998621,999.999391,1000.000108,1000.000746,1000.001297,1000.001806,1000.002266,1000.002685,1000.003055,1000.003384,1000.003692,1000.003955,1000.004204,1000.004414,1000.004611,1000.004769,1000.004924,1000.005057,1000.005183,1000.005282,1000.005382,1000.005464,1000.005549,1000.005613,1000.005682,1000.005736,1000.005791,1000.005849,1000.005898,1000.005947,1000.005997,1000.006036,1000.006090,1000.006141,1000.006192,1000.006245,1000.006300,1000.006357,1000.006406,1000.006516,1000.006890,0.000000,0.000000,0.000000,0.000000,0.000000,0.000000,0.000000,0.000000,0.000000,0.000000,0.000000
0.000000,0.000000,0.000000,0.000000,0.000000,0.000000,0.000000,0.000000,0.000000,0.000000,999.980690,999.980169,999.980015,999.979965,999.980099,999.980150,999.980202,999.980189,999.980214,999.980194,999.980092,999.980193,999.979910,999.980014,999.980274,999.980088,999.980082,999.979978,999.979900,999.979999,999.980144,999.980346,999.980627,999.981015,999.981501,999.982128,999.982883,999.983732,999.984694,999.985762,999.986897,999.988089,999.989329,999.990573,999.991828,999.993039,999.994196,999.995347,999.996446,999.997459,999.998357,999.999151,999.999862,1000.000530,1000.001158,1000.001724,1000.002229,1000.002681,1000.003087,1000.003442,1000.003755,1000.004044,1000.004286,1000.004503,1000.004692,1000.004872,1000.005015,1000.005146,1000.005253,1000.005358,1000.005444,1000.005517,1000.005581,1000.005638,1000.005694,1000.005737,1000.005783,1000.005823,1000.005860,1000.005893,1000.005929,1000.005967,1000.006001,1000.006035,1000.006081,1000.006116,1000.006160,1000.006207,1000.006267,1000.006335,1000.006367,1000.006380,1000.006300,0.000000,0.000000,0.000000,0.000000,0.000000,0.000000,0.000000,0.000000,0.000000,0.000000
0.000000,0.000000,0.000000,0.000000,0.000000,0.000000,0.000000,0.000000,0.000000,999.980377,999.980341,999.980640,999.980437,999.980452,999.980508,999.980496,999.980502,999.980456,999.980439,999.980351,999.980294,999.980301,999.980048,999.980274,999.979998,999.979467,999.979547,999.979458,999.979515,999.979638,999.979646,999.979736,999.979950,999.980279,999.980735,999.981344,999.982053,999.982946,999.983998,999.985171,999.986444,999.987792,999.989181,999.990557,999.991935,999.993290,999.994519,999.995642,999.996718,999.997742,999.998716,999.999629,1000.000426,1000.001102,1000.001705,1000.002256,1000.002738,1000.003163,1000.003538,1000.003880,1000.004167,1000.004429,1000.004648,1000.004844,1000.005003,1000.005149,1000.005269,1000.005378,1000.005467,1000.005538,1000.005606,1000.005659,1000.005703,1000.005741,1000.005770,1000.005805,1000.005827,1000.005845,1000.005871,1000.005894,1000.005913,1000.005935,1000.005959,1000.005985,1000.006010,1000.006040,1000.006075,1000.006115,1000.006156,1000.006208,1000.006254,1000.006260,1000.006381,1000.006403,0.000000,0.000000,0.000000,0.000000,0.000000,0.000000,0.000000,0.000000,0.000000
0.000000,0.000000,0.000000,0.000000,0.000000,0.000000,0.000000,0.000000,0.000000,999.979362,999.980772,999.981002,999.980916,999.980902,999.980898,999.980844,999.980821,999.980736,999.980684,999.980552,999.980477,999.980322,999.980053,999.980088,999.979467,999.979443,999.979831,999.979449,999.979265,999.979015,999.978768,999.978828,999.978991,999.979263,999.979672,999.980263,999.981087,999.982080,999.983215,999.984488,999.985869,999.987355,999.988900,999.990430,999.991912,999.993427,999.994882,999.996221,999.997409,999.998445,999.999332,1000.000166,1000.000960,1000.001660,1000.002271,1000.002807,1000.003282,1000.003684,1000.004038,1000.004354,1000.004612,1000.004839,1000.005030,1000.005204,1000.005339,1000.005457,1000.005547,1000.005627,1000.005691,1000.005740,1000.005777,1000.005809,1000.005832,1000.005851,1000.005860,1000.005865,1000.005880,1000.005874,1000.005879,1000.005890,1000.005889,1000.005904,1000.005915,1000.005922,1000.005940,1000.005967,1000.005985,1000.006016,1000.006045,1000.006091,1000.006129,1000.006146,1000.006266,1000.006717,0.000000,0.000000,0.000000,0.000000,0.000000,0.000000,0.000000,0.000000,0.000000
0.000000,0.000000,0.000000,0.000000,0.000000,0.000000,0.000000,0.000000,999.981411,999.981213,999.981299,999.981256,999.981358,999.981345,999.981300,999.981220,999.981166,999.981045,999.980946,999.980768,999.980637,999.980377,999.980186,999.980082,999.979547,999.979831,999.979412,999.978336,999.978255,999.978069,999.978029,999.978159,999.978147,999.978261,999.978628,999.979227,999.979956,999.980966,999.982224,999.983673,999.985330,999.987026,999.988787,999.990569,999.992192,999.993706,999.995140,999.996505,999.997804,999.999032,1000.000084,1000.000940,1000.001694,1000.002359,1000.002946,1000.003448,1000.003887,1000.004269,1000.004587,1000.004865,1000.005094,1000.005290,1000.005451,1000.005583,1000.005687,1000.005778,1000.005842,1000.005889,1000.005924,1000.005948,1000.005961,1000.005965,1000.005965,1000.005958,1000.005949,1000.005935,1000.005926,1000.005914,1000.005896,1000.005888,1000.005875,1000.005865,1000.005868,1000.005864,1000.005862,1000.005883,1000.005894,1000.005909,1000.005936,1000.005967,1000.006010,1000.006077,1000.006120,1000.006205,1000.006211,0.000000,0.000000,0.000000,0.000000,0.000000,0.000000,0.000000,0.000000
0.000000,0.000000,0.000000,0.000000,0.000000,0.000000,0.000000,0.000000,999.980174,999.982004,999.981872,999.981840,999.981842,999.981783,999.981721,999.981627,999.981533,999.981365,999.981226,999.981007,999.980827,999.980524,999.980333,999.979978,999.979458,999.979449,999.978336,999.977961,999.978575,999.978033,999.977593,999.977179,999.976754,999.976830,999.977129,999.977610,999.978515,999.979677,999.981067,999.982713,999.984509,999.986406,999.988375,999.990456,999.992475,999.994338,999.996013,999.997443,999.998619,999.999716,1000.000764,1000.001676,1000.002447,1000.003106,1000.003675,1000.004150,1000.004555,1000.004899,1000.005181,1000.005417,1000.005612,1000.005770,1000.005897,1000.005992,1000.006061,1000.006114,1000.006151,1000.006169,1000.006172,1000.006168,1000.006155,1000.006129,1000.006103,1000.006073,1000.006042,1000.006001,1000.005972,1000.005937,1000.005908,1000.005878,1000.005856,1000.005831,1000.005812,1000.005807,1000.005793,1000.005786,1000.005789,1000.005805,1000.005818,1000.005843,1000.005875,1000.005921,1000.005960,1000.005977,1000.006578,0.000000,0.000000,0.000000,0.000000,0.000000,0.000000,0.000000,0.000000
0.000000,0.000000,0.000000,0.000000,0.000000,0.000000,0.000000,999.983153,999.982604,999.982510,999.982323,999.982402,999.982353,999.982262,999.982173,999.982046,999.981901,999.981710,999.981541,999.981279,999.981045,999.980693,999.980413,999.979900,999.979515,999.979265,999.978255,999.978575,999.978141,999.976303,999.975807,999.975459,999.975290,999.975464,999.975613,999.976101,999.976836,999.978008,999.979652,999.981547,999.983816,999.986189,999.988384,999.990522,999.992587,999.994528,999.996387,999.998159,999.999638,1000.000787,1000.001774,1000.002625,1000.003362,1000.003978,1000.004495,1000.004929,1000.005286,1000.005586,1000.005824,1000.006017,1000.006169,1000.006283,1000.006363,1000.006429,1000.006460,1000.006472,1000.006469,1000.006456,1000.006429,1000.006387,1000.006351,1000.006298,1000.006246,1000.006184,1000.006135,1000.006075,1000.006020,1000.005965,1000.005914,1000.005871,1000.005828,1000.005788,1000.005754,1000.005731,1000.005713,1000.005695,1000.005687,1000.005689,1000.005696,1000.005695,1000.005724,1000.005761,1000.005834,1000.005840,1000.005875,1000.005722,0.000000,0.000000,0.000000,0.000000,0.000000,0.000000,0.000000
0.000000,0.000000,0.000000,0.000000,0.000000,0.000000,0.000000,999.981528,999.983497,999.983169,999.983078,999.982971,999.982864,999.982760,999.982642,999.982477,999.982312,999.982103,999.981886,999.981582,999.981297,999.980904,999.980544,999.979999,999.979638,999.979015,999.978069,999.978033,999.976303,999.975108,999.975806,999.975229,999.974512,999.974026,999.973564,999.973740,999.974760,999.976143,999.977940,999.980191,999.982613,999.985451,999.988376,999.991132,999.993655,999.995787,999.997479,999.999034,1000.000524,1000.001790,1000.002819,1000.003661,1000.004362,1000.004931,1000.005398,1000.005779,1000.006081,1000.006325,1000.006510,1000.006654,1000.006758,1000.006827,1000.006863,1000.006879,1000.006877,1000.006849,1000.006809,1000.006755,1000.006696,1000.006626,1000.006547,1000.006472,1000.006390,1000.006306,1000.006222,1000.006142,1000.006067,1000.005995,1000.005920,1000.005854,1000.005799,1000.005746,1000.005694,1000.005656,1000.005621,1000.005597,1000.005575,1000.005563,1000.005563,1000.005572,1000.005578,1000.005587,1000.005600,1000.005627,1000.005600,1000.006315,0.000000,0.000000,0.000000,0.000000,0.000000,0.000000,0.000000
0.000000,0.000000,0.000000,0.000000,0.000000,0.000000,999.984966,999.984260,999.984049,999.983681,999.983678,999.983539,999.983418,999.983287,999.983124,999.982949,999.982759,999.982515,999.982254,999.981920,999.981602,999.981155,999.980736,999.980144,999.979646,999.978768,999.978029,999.977593,999.975807,999.975806,999.975588,999.972958,999.971650,999.970855,999.970561,999.971251,999.971902,999.973220,999.975559,999.978338,999.981463,999.984752,999.987922,999.990957,999.993871,999.996662,999.998931,1000.000604,1000.001972,1000.003131,1000.004090,1000.004867,1000.005490,1000.005992,1000.006388,1000.006704,1000.006942,1000.007118,1000.007246,1000.007329,1000.007377,1000.007397,1000.007387,1000.007352,1000.007300,1000.007236,1000.007155,1000.007066,1000.006966,1000.006863,1000.006754,1000.006640,1000.006535,1000.006420,1000.006314,1000.006208,1000.006105,1000.006011,1000.005920,1000.005838,1000.005756,1000.005695,1000.005627,1000.005572,1000.005526,1000.005495,1000.005458,1000.005429,1000.005419,1000.005412,1000.005417,1000.005422,1000.005431,1000.005480,1000.005405,1000.005426,1000.005292,0.000000,0.000000,0.000000,0.000000,0.000000,0.000000
0.000000,0.000000,0.000000,0.000000,0.000000,0.000000,999.983228,999.985170,999.984653,999.984461,999.984281,999.984120,999.983986,999.983820,999.983636,999.983444,999.983222,999.982953,999.982665,999.982320,999.981954,999.981466,999.980994,999.980346,999.979736,999.978828,999.978159,999.977179,999.975459,999.975229,999.972958,999.970212,999.970213,999.969549,999.968832,999.968303,999.968734,999.970598,999.973175,999.976876,999.980816,999.984842,999.988963,999.992535,999.995312,999.997783,1000.000126,1000.002047,1000.003511,1000.004632,1000.005524,1000.006214,1000.006749,1000.007158,1000.007468,1000.007693,1000.007853,1000.007961,1000.008022,1000.008044,1000.008027,1000.007991,1000.007932,1000.007848,1000.007748,1000.007637,1000.007515,1000.007380,1000.007245,1000.007103,1000.006960,1000.006813,1000.006673,1000.006537,1000.006396,1000.006268,1000.006141,1000.006024,1000.005914,1000.005812,1000.005711,1000.005628,1000.005555,1000.005484,1000.005419,1000.005374,1000.005337,1000.005299,1000.005277,1000.005255,1000.005235,1000.005243,1000.005241,1000.005243,1000.005221,1000.005115,1000.005870,0.000000,0.000000,0.000000,0.000000,0.000000,0.000000
0.000000,0.000000,0.000000,0.000000,0.000000,999.986872,999.986005,999.985628,999.985128,999.985071,999.984887,999.984722,999.984542,999.984365,999.984175,999.983971,999.983713,999.983438,999.983136,999.982762,999.982352,999.981839,999.981323,999.980627,999.979950,999.978991,999.978147,999.976754,999.975290,999.974512,999.971650,999.970213,999.969843,999.966640,999.964195,999.963417,999.963558,999.965470,999.968700,999.972837,999.978192,999.983797,999.988853,999.993651,999.997549,1000.000274,1000.002365,1000.004060,1000.005397,1000.006404,1000.007154,1000.007715,1000.008125,1000.008419,1000.008625,1000.008752,1000.008824,1000.008849,1000.008833,1000.008788,1000.008711,1000.008609,1000.008488,1000.008353,1000.008205,1000.008044,1000.007878,1000.007703,1000.007526,1000.007343,1000.007169,1000.006989,1000.006813,1000.006642,1000.006481,1000.006322,1000.006174,1000.006029,1000.005900,1000.005782,1000.005661,1000.005557,1000.005464,1000.005389,1000.005311,1000.005243,1000.005193,1000.005157,1000.005121,1000.005092,1000.005077,1000.005056,1000.005040,1000.005034,1000.005079,1000.004980,1000.004905,1000.004596,0.000000,0.000000,0.000000,0.000000,0.000000
0.000000,0.000000,0.000000,0.000000,0.000000,999.985053,999.986669,999.986098,999.985886,999.985677,999.985477,999.985303,999.985123,999.984937,999.984739,999.984506,999.984246,999.983966,999.983638,999.983246,999.982816,999.982303,999.981746,999.981015,999.980279,999.979263,999.978261,999.976830,999.975464,999.974026,999.970855,999.969549,999.966640,999.961839,999.959538,999.957570,999.957750,999.960169,999.964234,999.970925,999.977977,999.984342,999.990146,999.994988,999.999267,1000.002596,1000.004877,1000.006465,1000.007607,1000.008421,1000.008983,1000.009361,1000.009617,1000.009770,1000.009847,1000.009869,1000.009841,1000.009776,1000.009676,1000.009554,1000.009411,1000.009248,1000.009066,1000.008874,1000.008674,1000.008462,1000.008245,1000.008026,1000.007809,1000.007585,1000.007368,1000.007154,1000.006945,1000.006745,1000.006550,1000.006367,1000.006189,1000.006028,1000.005869,1000.005729,1000.005602,1000.005487,1000.005369,1000.005273,1000.005196,1000.005119,1000.005050,1000.004996,1000.004954,1000.004917,1000.004896,1000.004885,1000.004855,1000.004838,1000.004817,1000.004799,1000.004672,1000.005357,0.000000,0.000000,0.000000,0.000000,0.000000
0.000000,0.000000,0.000000,0.000000,999.987711,999.987370,999.987011,999.986494,999.986442,999.986245,999.986074,999.985896,999.985708,999.985528,999.985304,999.985078,999.984820,999.984533,999.984188,999.983797,999.983362,999.982838,999.982243,999.981501,999.980735,999.979672,999.978628,999.977129,999.975613,999.973564,999.970561,999.968832,999.964195,999.959538,999.955461,999.950682,999.949280,999.950840,999.957401,999.966951,999.976856,999.986601,999.994242,999.999361,1000.003143,1000.005987,1000.007989,1000.009302,1000.010133,1000.010655,1000.010972,1000.011138,1000.011206,1000.011196,1000.011133,1000.011029,1000.010894,1000.010731,1000.010549,1000.010344,1000.010126,1000.009896,1000.009657,1000.009405,1000.009147,1000.008883,1000.008619,1000.008350,1000.008088,1000.007823,1000.007567,1000.007317,1000.007072,1000.006838,1000.006615,1000.006402,1000.006200,1000.006015,1000.005838,1000.005670,1000.005518,1000.005394,1000.005261,1000.005149,1000.005057,1000.004976,1000.004899,1000.004837,1000.004785,1000.004738,1000.004702,1000.004678,1000.004665,1000.004657,1000.004640,1000.004674,1000.004533,1000.004504,1000.004441,0.000000,0.000000,0.000000,0.000000
0.000000,0.000000,0.000000,0.000000,999.985665,999.987167,999.987175,999.987174,999.987014,999.986822,999.986659,999.986491,999.986314,999.986122,999.985910,999.985685,999.985422,999.985125,999.984785,999.984413,999.983965,999.983440,999.982845,999.982128,999.981344,999.980263,999.979227,999.977610,999.976101,999.973740,999.971251,999.968303,999.963417,999.957570,999.950682,999.940693,999.934004,999.938126,999.947646,999.959776,999.974771,999.987536,999.996676,1000.003935,1000.008096,1000.010433,1000.011819,1000.012584,1000.012969,1000.013104,1000.013106,1000.013015,1000.012863,1000.012674,1000.012457,1000.012223,1000.011971,1000.011708,1000.011436,1000.011153,1000.010858,1000.010560,1000.010252,1000.009940,1000.009625,1000.009307,1000.008991,1000.008672,1000.008362,1000.008055,1000.007756,1000.007465,1000.007189,1000.006921,1000.006663,1000.006424,1000.006195,1000.005983,1000.005788,1000.005611,1000.005435,1000.005281,1000.005150,1000.005026,1000.004911,1000.004808,1000.004731,1000.004660,1000.004603,1000.004557,1000.004515,1000.004483,1000.004456,1000.004455,1000.004429,1000.004447,1000.004495,1000.004578,1000.005270,0.000000,0.000000,0.000000,0.000000
