0.000000,0.000000,0.000000,0.000000,0.000000,0.000000,0.000000,0.000000,0.000000,0.000000,0.000000,0.000000,0.000000,0.000000,0.000000,0.000000,0.000000,0.000000,0.000000,0.000000,0.000000,0.000000,0.000000,0.000000,0.000000,0.000000,0.000000,0.000000,0.000000,0.000000,0.000000,0.000000,0.000000,0.000000,0.000000,0.000000,0.000000,0.000000,0.000000,0.000000,0.000000,0.000000,0.000000,0.000000,0.000000,0.000000,0.000000,0.000000,0.000000,0.000000,0.000000,0.000000,0.000000,0.000000,0.000000,0.000000,0.000000,0.000000,0.000000,0.000000,0.000000,0.000000,0.000000,0.000000,0.000000,0.000000,0.000000,0.000000,0.000000,0.000000,0.000000,0.000000,0.000000,0.000000,0.000000,0.000000,0.000000,0.000000,0.000000,0.000000,0.000000,0.000000,0.000000,0.000000,0.000000,0.000000,0.000000,0.000000,0.000000,0.000000,0.000000,0.000000,0.000000,0.000000,0.000000,0.000000,0.000000,0.000000,0.000000,0.000000,0.000000,0.000000,0.000000
0.000000,0.000000,0.000000,0.000000,0.000000,0.000000,0.000000,0.000000,0.000000,0.000000,0.000000,0.000000,0.000000,0.000000,0.000000,0.000000,0.000000,0.000000,0.000000,0.000000,0.000000,0.000000,0.000000,0.000000,0.000000,0.000000,0.000000,0.000000,0.000000,0.000000,0.000000,0.000000,0.000000,0.000000,0.000000,0.000000,0.000000,0.000000,0.000000,0.000000,0.000000,0.000000,0.000000,0.000000,0.000000,0.000000,0.000000,0.000000,0.000000,0.000000,0.000000,999.996848,0.000000,0.000000,0.000000,0.000000,0.000000,0.000000,0.000000,0.000000,0.000000,0.000000,0.000000,0.000000,0.000000,0.000000,0.000000,0.000000,0.000000,0.000000,0.000000,0.000000,0.000000,0.000000,0.000000,0.000000,0.000000,0.000000,0.000000,0.000000,0.000000,0.000000,0.000000,0.000000,0.000000,0.000000,0.000000,0.000000,0.000000,0.000000,0.000000,0.000000,0.000000,0.000000,0.000000,0.000000,0.000000,0.000000,0.000000,0.000000,0.000000,0.000000,0.000000
0.000000,0.000000,0.000000,0.000000,0.000000,0.000000,0.000000,0.000000,0.000000,0.000000,0.000000,0.000000,0.000000,0.000000,0.000000,0.000000,0.000000,0.000000,0.000000,0.000000,0.000000,0.000000,0.000000,0.000000,0.000000,0.000000,0.000000,0.000000,0.000000,0.000000,0.000000,0.000000,0.000000,0.000000,0.000000,0.000000,0.000000,0.000000,0.000000,0.000000,0.000000,0.000000,999.994253,999.991028,999.991035,999.991752,999.992506,999.993300,999.994200,999.995511,999.996597,999.996780,999.996960,999.997979,999.999170,999.999874,1000.000464,1000.000987,1000.001448,1000.001389,999.998971,0.000000,0.000000,0.000000,0.000000,0.000000,0.000000,0.000000,0.000000,0.000000,0.000000,0.000000,0.000000,0.000000,0.000000,0.000000,0.000000,0.000000,0.000000,0.000000,0.000000,0.000000,0.000000,0.000000,0.000000,0.000000,0.000000,0.000000,0.000000,0.000000,0.000000,0.000000,0.000000,0.000000,0.000000,0.000000,0.000000,0.000000,0.000000,0.000000,0.000000,0.000000,0.000000
0.000000,0.000000,0.000000,0.000000,0.000000,0.000000,0.000000,0.000000,0.000000,0.000000,0.000000,0.000000,0.000000,0.000000,0.000000,0.000000,0.000000,0.000000,0.000000,0.000000,0.000000,0.000000,0.000000,0.000000,0.000000,0.000000,0.000000,0.000000,0.000000,0.000000,0.000000,0.000000,0.000000,0.000000,0.000000,0.000000,0.000000,999.989329,999.986250,999.986086,999.987552,999.989952,999.993256,999.992457,999.991933,999.992157,999.992771,999.993539,999.994324,999.995160,999.996395,999.996666,999.996930,999.998091,999.998801,999.999447,1000.000038,1000.000481,1000.000610,1000.000217,999.999641,1000.001928,1000.003477,1000.004327,1000.004042,1000.002090,0.000000,0.000000,0.000000,0.000000,0.000000,0.000000,0.000000,0.000000,0.000000,0.000000,0.000000,0.000000,0.000000,0.000000,0.000000,0.000000,0.000000,0.000000,0.000000,0.000000,0.000000,0.000000,0.000000,0.000000,0.000000,0.000000,0.000000,0.000000,0.000000,0.000000,0.000000,0.000000,0.000000,0.000000,0.000000,0.000000,0.000000
0.000000,0.000000,0.000000,0.000000,0.000000,0.000000,0.000000,0.000000,0.000000,0.000000,0.000000,0.000000,0.000000,0.000000,0.000000,0.000000,0.000000,0.000000,0.000000,0.000000,0.000000,0.000000,0.000000,0.000000,0.000000,0.000000,0.000000,0.000000,0.000000,0.000000,0.000000,0.000000,0.000000,0.000000,999.986465,999.984243,999.985483,999.988567,999.988027,999.987715,999.988239,999.990245,999.991403,999.991700,999.992024,999.992434,999.992978,999.993652,999.994423,999.995134,999.995893,999.996567,999.997210,999.997905,999.998525,999.999177,999.999709,1000.000117,1000.000400,1000.000598,1000.000787,1000.001556,1000.002853,1000.003151,1000.002911,1000.002493,1000.004236,1000.004923,1000.003686,0.000000,0.000000,0.000000,0.000000,0.000000,0.000000,0.000000,0.000000,0.000000,0.000000,0.000000,0.000000,0.000000,0.000000,0.000000,0.000000,0.000000,0.000000,0.000000,0.000000,0.000000,0.000000,0.000000,0.000000,0.000000,0.000000,0.000000,0.000000,0.000000,0.000000,0.000000,0.000000,0.000000,0.000000
0.000000,0.000000,0.000000,0.000000,0.000000,0.000000,0.000000,0.000000,0.000000,0.000000,0.000000,0.000000,0.000000,0.000000,0.000000,0.000000,0.000000,0.000000,0.000000,0.000000,0.000000,0.000000,0.000000,0.000000,0.000000,0.000000,0.000000,0.000000,0.000000,0.000000,0.000000,0.000000,999.985574,999.983597,999.986095,999.985877,999.986737,999.987407,999.987683,999.988232,999.988904,999.989909,999.990598,999.991448,999.991990,999.992481,999.993052,999.993697,999.994401,999.995119,999.995774,999.996471,999.997145,999.997749,999.998385,999.998975,999.999485,999.999928,1000.000286,1000.000645,1000.001201,1000.001644,1000.002279,1000.002660,1000.002988,1000.003123,1000.003445,1000.003881,1000.003732,1000.005045,1000.003849,0.000000,0.000000,0.000000,0.000000,0.000000,0.000000,0.000000,0.000000,0.000000,0.000000,0.000000,0.000000,0.000000,0.000000,0.000000,0.000000,0.000000,0.000000,0.000000,0.000000,0.000000,0.000000,0.000000,0.000000,0.000000,0.000000,0.000000,0.000000,0.000000,0.000000,0.000000,0.000000
0.000000,0.000000,0.000000,0.000000,0.000000,0.000000,0.000000,0.000000,0.000000,0.000000,0.000000,0.000000,0.000000,0.000000,0.000000,0.000000,0.000000,0.000000,0.000000,0.000000,0.000000,0.000000,0.000000,0.000000,0.000000,0.000000,0.000000,0.000000,0.000000,0.000000,999.983518,999.981638,999.984633,999.985349,999.985716,999.985891,999.986537,999.987005,999.987732,999.988343,999.989012,999.989738,999.990467,999.991214,999.991824,999.992441,999.993066,999.993711,999.994376,999.995070,999.995731,999.996403,999.997056,999.997673,999.998280,999.998844,999.999361,999.999832,1000.000280,1000.000701,1000.001185,1000.001648,1000.002099,1000.002481,1000.002806,1000.003215,1000.003453,1000.003757,1000.003791,1000.003990,1000.004327,1000.005803,1000.004858,0.000000,0.000000,0.000000,0.000000,0.000000,0.000000,0.000000,0.000000,0.000000,0.000000,0.000000,0.000000,0.000000,0.000000,0.000000,0.000000,0.000000,0.000000,0.000000,0.000000,0.000000,0.000000,0.000000,0.000000,0.000000,0.000000,0.000000,0.000000,0.000000,0.000000
0.000000,0.000000,0.000000,0.000000,0.000000,0.000000,0.000000,0.000000,0.000000,0.000000,0.000000,0.000000,0.000000,0.000000,0.000000,0.000000,0.000000,0.000000,0.000000,0.000000,0.000000,0.000000,0.000000,0.000000,0.000000,0.000000,0.000000,0.000000,999.981581,999.979822,999.982770,999.983740,999.984230,999.984742,999.985164,999.985894,999.986457,999.987000,999.987655,999.988275,999.988967,999.989648,999.990369,999.991051,999.991724,999.992388,999.993030,999.993690,999.994355,999.995027,999.995690,999.996343,999.996981,999.997599,999.998189,999.998751,999.999278,999.999770,1000.000237,1000.000709,1000.001157,1000.001612,1000.002036,1000.002449,1000.002786,1000.003119,1000.003413,1000.003693,1000.004029,1000.004205,1000.004455,1000.004656,1000.005103,1000.006506,1000.005546,0.000000,0.000000,0.000000,0.000000,0.000000,0.000000,0.000000,0.000000,0.000000,0.000000,0.000000,0.000000,0.000000,0.000000,0.000000,0.000000,0.000000,0.000000,0.000000,0.000000,0.000000,0.000000,0.000000,0.000000,0.000000,0.000000,0.000000,0.000000
0.000000,0.000000,0.000000,0.000000,0.000000,0.000000,0.000000,0.000000,0.000000,0.000000,0.000000,0.000000,0.000000,0.000000,0.000000,0.000000,0.000000,0.000000,0.000000,0.000000,0.000000,0.000000,0.000000,0.000000,0.000000,0.000000,999.979715,999.978376,999.980991,999.981944,999.982540,999.983182,999.983702,999.984519,999.985104,999.985723,999.986276,999.986911,999.987542,999.988198,999.988876,999.989559,999.990263,999.990952,999.991644,999.992312,999.992986,999.993660,999.994331,999.994998,999.995665,999.996313,999.996947,999.997565,999.998151,999.998714,999.999246,999.999757,1000.000233,1000.000703,1000.001152,1000.001583,1000.001985,1000.002382,1000.002758,1000.003084,1000.003402,1000.003687,1000.003981,1000.004242,1000.004636,1000.004849,1000.005118,1000.005373,1000.005789,1000.006958,1000.006279,0.000000,0.000000,0.000000,0.000000,0.000000,0.000000,0.000000,0.000000,0.000000,0.000000,0.000000,0.000000,0.000000,0.000000,0.000000,0.000000,0.000000,0.000000,0.000000,0.000000,0.000000,0.000000,0.000000,0.000000,0.000000,0.000000
0.000000,0.000000,0.000000,0.000000,0.000000,0.000000,0.000000,0.000000,0.000000,0.000000,0.000000,0.000000,0.000000,0.000000,0.000000,0.000000,0.000000,0.000000,0.000000,0.000000,0.000000,0.000000,0.000000,0.000000,999.978623,999.977509,999.979502,999.980352,999.980895,999.981598,999.982147,999.982987,999.983652,999.984289,999.984901,999.985521,999.986152,999.986788,999.987429,999.988098,999.988779,999.989472,999.990168,999.990865,999.991559,999.992247,999.992941,999.993624,999.994297,999.994970,999.995637,999.996286,999.996918,999.997530,999.998123,999.998684,999.999223,999.999742,1000.000238,1000.000710,1000.001167,1000.001603,1000.002013,1000.002391,1000.002765,1000.003100,1000.003412,1000.003715,1000.004020,1000.004289,1000.004586,1000.004880,1000.005243,1000.005463,1000.005769,1000.005973,1000.006306,1000.007173,1000.006614,0.000000,0.000000,0.000000,0.000000,0.000000,0.000000,0.000000,0.000000,0.000000,0.000000,0.000000,0.000000,0.000000,0.000000,0.000000,0.000000,0.000000,0.000000,0.000000,0.000000,0.000000,0.000000,0.000000,0.000000
0.000000,0.000000,0.000000,0.000000,0.000000,0.000000,0.000000,0.000000,0.000000,0.000000,0.000000,0.000000,0.000000,0.000000,0.000000,0.000000,0.000000,0.000000,0.000000,0.000000,0.000000,0.000000,0.000000,999.978953,999.978579,999.979038,999.979608,999.980220,999.980696,999.981505,999.982151,999.982800,999.983447,999.984074,999.984722,999.985356,999.985990,999.986634,999.987300,999.987977,999.988669,999.989361,999.990072,999.990774,999.991492,999.992197,999.992898,999.993592,999.994287,999.994967,999.995638,999.996291,999.996929,999.997543,999.998135,999.998710,999.999245,999.999767,1000.000258,1000.000727,1000.001171,1000.001605,1000.002018,1000.002399,1000.002766,1000.003114,1000.003442,1000.003746,1000.004049,1000.004342,1000.004614,1000.004905,1000.005188,1000.005451,1000.005798,1000.005980,1000.006222,1000.006430,1000.006589,1000.006346,0.000000,0.000000,0.000000,0.000000,0.000000,0.000000,0.000000,0.000000,0.000000,0.000000,0.000000,0.000000,0.000000,0.000000,0.000000,0.000000,0.000000,0.000000,0.000000,0.000000,0.000000,0.000000,0.000000
0.000000,0.000000,0.000000,0.000000,0.000000,0.000000,0.000000,0.000000,0.000000,0.000000,0.000000,0.000000,0.000000,0.000000,0.000000,0.000000,0.000000,0.000000,0.000000,0.000000,0.000000,999.976856,999.976191,999.978395,999.978899,999.979294,999.979561,999.980184,999.980783,999.981403,999.982011,999.982629,999.983274,999.983895,999.984539,999.985168,999.985817,999.986482,999.987160,999.987843,999.988540,999.989252,999.989973,999.990695,999.991422,999.992138,999.992855,999.993561,999.994271,999.994959,999.995633,999.996293,999.996937,999.997556,999.998152,999.998730,999.999283,999.999807,1000.000312,1000.000792,1000.001246,1000.001670,1000.002074,1000.002458,1000.002811,1000.003154,1000.003481,1000.003789,1000.004083,1000.004373,1000.004648,1000.004921,1000.005199,1000.005450,1000.005697,1000.005938,1000.006191,1000.006268,1000.006397,1000.006582,1000.007573,1000.007202,0.000000,0.000000,0.000000,0.000000,0.000000,0.000000,0.000000,0.000000,0.000000,0.000000,0.000000,0.000000,0.000000,0.000000,0.000000,0.000000,0.000000,0.000000,0.000000,0.000000,0.000000
0.000000,0.000000,0.000000,0.000000,0.000000,0.000000,0.000000,0.000000,0.000000,0.000000,0.000000,0.000000,0.000000,0.000000,0.000000,0.000000,0.000000,0.000000,0.000000,0.000000,999.977245,999.977176,999.977629,999.978236,999.978696,999.979202,999.979671,999.980189,999.980741,999.981287,999.981878,999.982482,999.983090,999.983708,999.984336,999.984979,999.985641,999.986309,999.986995,999.987686,999.988410,999.989137,999.989872,999.990609,999.991346,999.992090,999.992831,999.993556,999.994272,999.994977,999.995669,999.996341,999.996992,999.997620,999.998222,999.998798,999.999344,999.999866,1000.000361,1000.000838,1000.001292,1000.001718,1000.002129,1000.002515,1000.002883,1000.003216,1000.003541,1000.003842,1000.004136,1000.004422,1000.004691,1000.004948,1000.005198,1000.005453,1000.005678,1000.005898,1000.006101,1000.006278,1000.006473,1000.006639,1000.006875,1000.007039,1000.006934,0.000000,0.000000,0.000000,0.000000,0.000000,0.000000,0.000000,0.000000,0.000000,0.000000,0.000000,0.000000,0.000000,0.000000,0.000000,0.000000,0.000000,0.000000,0.000000,0.000000
0.000000,0.000000,0.000000,0.000000,0.000000,0.000000,0.000000,0.000000,0.000000,0.000000,0.000000,0.000000,0.000000,0.000000,0.000000,0.000000,0.000000,0.000000,0.000000,999.976896,999.977241,999.977476,999.977920,999.978189,999.978711,999.979187,999.979663,999.980138,999.980649,999.981178,999.981737,999.982317,999.982901,999.983511,999.984136,999.984780,999.985442,999.986120,999.986814,999.987535,999.988272,999.989010,999.989763,999.990520,999.991283,999.992041,999.992799,999.993539,999.994279,999.994992,999.995703,999.996380,999.997038,999.997677,999.998295,999.998877,999.999445,999.999978,1000.000488,1000.000959,1000.001406,1000.001826,1000.002223,1000.002599,1000.002955,1000.003291,1000.003611,1000.003914,1000.004197,1000.004469,1000.004737,1000.004984,1000.005223,1000.005453,1000.005668,1000.005880,1000.006057,1000.006247,1000.006431,1000.006635,1000.006712,1000.006873,1000.006935,1000.007034,0.000000,0.000000,0.000000,0.000000,0.000000,0.000000,0.000000,0.000000,0.000000,0.000000,0.000000,0.000000,0.000000,0.000000,0.000000,0.000000,0.000000,0.000000,0.000000
0.000000,0.000000,0.000000,0.000000,0.000000,0.000000,0.000000,0.000000,0.000000,0.000000,0.000000,0.000000,0.000000,0.000000,0.000000,0.000000,0.000000,0.000000,999.976523,999.976945,999.977318,999.977645,999.978003,999.978340,999.978772,999.979185,999.979626,999.980076,999.980552,999.981052,999.981579,999.982126,999.982692,999.983296,999.983911,999.984555,999.985217,999.985907,999.986623,999.987359,999.988107,999.988867,999.989646,999.990435,999.991227,999.992006,999.992781,999.993557,999.994316,999.995056,999.995773,999.996471,999.997145,999.997791,999.998402,999.998985,999.999541,1000.000069,1000.000575,1000.001052,1000.001512,1000.001938,1000.002343,1000.002709,1000.003064,1000.003389,1000.003703,1000.003998,1000.004278,1000.004534,1000.004785,1000.005029,1000.005256,1000.005475,1000.005672,1000.005870,1000.006053,1000.006221,1000.006388,1000.006553,1000.006676,1000.006804,1000.006916,1000.007038,1000.007188,0.000000,0.000000,0.000000,0.000000,0.000000,0.000000,0.000000,0.000000,0.000000,0.000000,0.000000,0.000000,0.000000,0.000000,0.000000,0.000000,0.000000,0.000000
0.000000,0.000000,0.000000,0.000000,0.000000,0.000000,0.000000,0.000000,0.000000,0.000000,0.000000,0.000000,0.000000,0.000000,0.000000,0.000000,0.000000,999.976202,999.976717,999.977055,999.977393,999.977723,999.978046,999.978395,999.978756,999.979140,999.979542,999.979966,999.980415,999.980888,999.981391,999.981914,999.982471,999.983057,999.983668,999.984310,999.984980,999.985684,999.986412,999.987160,999.987931,999.988724,999.989530,999.990339,999.991152,999.991961,999.992773,999.993564,999.994347,999.995100,999.995840,999.996554,999.997247,999.997907,999.998540,999.999149,999.999723,1000.000255,1000.000753,1000.001220,1000.001656,1000.002075,1000.002466,1000.002835,1000.003183,1000.003512,1000.003806,1000.004091,1000.004362,1000.004618,1000.004855,1000.005080,1000.005294,1000.005497,1000.005690,1000.005870,1000.006048,1000.006209,1000.006354,1000.006502,1000.006636,1000.006753,1000.006879,1000.007002,1000.007143,1000.007302,0.000000,0.000000,0.000000,0.000000,0.000000,0.000000,0.000000,0.000000,0.000000,0.000000,0.000000,0.000000,0.000000,0.000000,0.000000,0.000000,0.000000
0.000000,0.000000,0.000000,0.000000,0.000000,0.000000,0.000000,0.000000,0.000000,0.000000,0.000000,0.000000,0.000000,0.000000,0.000000,0.000000,999.976201,999.976510,999.976857,999.977165,999.977516,999.977826,999.978133,999.978446,999.978775,999.979122,999.979481,999.979872,999.980278,999.980719,999.981182,999.981681,999.982217,999.982783,999.983386,999.984028,999.984708,999.985422,999.986162,999.986939,999.987738,999.988567,999.989401,999.990243,999.991091,999.991947,999.992788,999.993611,999.994419,999.995210,999.995972,999.996707,999.997399,999.998060,999.998691,999.999281,999.999854,1000.000392,1000.000913,1000.001393,1000.001842,1000.002250,1000.002638,1000.002992,1000.003330,1000.003643,1000.003939,1000.004209,1000.004467,1000.004709,1000.004936,1000.005151,1000.005347,1000.005545,1000.005719,1000.005889,1000.006045,1000.006198,1000.006342,1000.006472,1000.006605,1000.006720,1000.006841,1000.006963,1000.007087,1000.007228,1000.007386,0.000000,0.000000,0.000000,0.000000,0.000000,0.000000,0.000000,0.000000,0.000000,0.000000,0.000000,0.000000,0.000000,0.000000,0.000000,0.000000
0.000000,0.000000,0.000000,0.000000,0.000000,0.000000,0.000000,0.000000,0.000000,0.000000,0.000000,0.000000,0.000000,0.000000,0.000000,999.976202,999.976510,999.976854,999.977135,999.977398,999.977684,999.977911,999.978165,999.978438,999.978730,999.979026,999.979355,999.979703,999.980082,999.980484,999.980924,999.981402,999.981920,999.982473,999.983074,999.983721,999.984406,999.985131,999.985898,999.986702,999.987533,999.988384,999.989256,999.990143,999.991033,999.991914,999.992788,999.993645,999.994487,999.995302,999.996089,999.996844,999.997571,999.998271,999.998932,999.999542,1000.000105,1000.000633,1000.001124,1000.001587,1000.002030,1000.002435,1000.002820,1000.003171,1000.003494,1000.003795,1000.004081,1000.004348,1000.004587,1000.004812,1000.005025,1000.005228,1000.005414,1000.005587,1000.005757,1000.005910,1000.006055,1000.006194,1000.006325,1000.006450,1000.006564,1000.006688,1000.006797,1000.006916,1000.007031,1000.007150,1000.007274,1000.007401,0.000000,0.000000,0.000000,0.000000,0.000000,0.000000,0.000000,0.000000,0.000000,0.000000,0.000000,0.000000,0.000000,0.000000,0.000000
0.000000,0.000000,0.000000,0.000000,0.000000,0.000000,0.000000,0.000000,0.000000,0.000000,0.000000,0.000000,0.000000,0.000000,999.976523,999.976717,999.976857,999.977135,999.977296,999.977481,999.977739,999.977936,999.978216,999.978474,999.978713,999.978974,999.979255,999.979565,999.979890,999.980257,999.980660,999.981103,999.981588,999.982129,999.982717,999.983359,999.984047,999.984794,999.985587,999.986421,999.987290,999.988188,999.989109,999.990048,999.990983,999.991912,999.992840,999.993745,999.994623,999.995469,999.996274,999.997049,999.997770,999.998450,999.999103,999.999726,1000.000325,1000.000876,1000.001382,1000.001842,1000.002271,1000.002664,1000.003031,1000.003375,1000.003689,1000.003977,1000.004244,1000.004490,1000.004725,1000.004940,1000.005133,1000.005323,1000.005490,1000.005655,1000.005796,1000.005948,1000.006077,1000.006206,1000.006325,1000.006435,1000.006544,1000.006649,1000.006759,1000.006856,1000.006968,1000.007073,1000.007179,1000.007281,1000.007387,0.000000,0.000000,0.000000,0.000000,0.000000,0.000000,0.000000,0.000000,0.000000,0.000000,0.000000,0.000000,0.000000,0.000000
0.000000,0.000000,0.000000,0.000000,0.000000,0.000000,0.000000,0.000000,0.000000,0.000000,0.000000,0.000000,0.000000,999.976896,999.976945,999.977055,999.977165,999.977398,999.977481,999.977740,999.977989,999.978114,999.978331,999.978450,999.978622,999.978836,999.979078,999.979327,999.979614,999.979943,999.980311,999.980723,999.981193,999.981717,999.982305,999.982941,999.983659,999.984423,999.985244,999.986110,999.987025,999.987971,999.988947,999.989924,999.990915,999.991899,999.992870,999.993816,999.994730,999.995621,999.996467,999.997293,999.998071,999.998792,999.999447,1000.000055,1000.000608,1000.001140,1000.001637,1000.002102,1000.002527,1000.002914,1000.003271,1000.003596,1000.003900,1000.004178,1000.004427,1000.004660,1000.004869,1000.005077,1000.005254,1000.005421,1000.005579,1000.005724,1000.005861,1000.005982,1000.006106,1000.006212,1000.006322,1000.006427,1000.006521,1000.006618,1000.006710,1000.006808,1000.006897,1000.006994,1000.007086,1000.007173,1000.007255,1000.007317,0.000000,0.000000,0.000000,0.000000,0.000000,0.000000,0.000000,0.000000,0.000000,0.000000,0.000000,0.000000,0.000000
0.000000,0.000000,0.000000,0.000000,0.000000,0.000000,0.000000,0.000000,0.000000,0.000000,0.000000,0.000000,999.977245,999.977241,999.977318,999.977393,999.977516,999.977684,999.977739,999.977989,999.978019,999.978036,999.978239,999.978345,999.978565,999.978773,999.978936,999.979134,999.979375,999.979652,999.979964,999.980339,999.980769,999.981267,999.981828,999.982475,999.983185,999.983971,999.984829,999.985747,999.986724,999.987735,999.988775,999.989828,999.990894,999.991944,999.992976,999.993973,999.994938,999.995865,999.996722,999.997516,999.998280,999.999020,999.999720,1000.000373,1000.000960,1000.001486,1000.001975,1000.002418,1000.002825,1000.003205,1000.003544,1000.003856,1000.004135,1000.004397,1000.004634,1000.004851,1000.005044,1000.005222,1000.005388,1000.005537,1000.005675,1000.005808,1000.005923,1000.006037,1000.006139,1000.006238,1000.006325,1000.006419,1000.006504,1000.006585,1000.006672,1000.006749,1000.006837,1000.006914,1000.006996,1000.007077,1000.007147,1000.007211,1000.007267,0.000000,0.000000,0.000000,0.000000,0.000000,0.000000,0.000000,0.000000,0.000000,0.000000,0.000000,0.000000
0.000000,0.000000,0.000000,0.000000,0.000000,0.000000,0.000000,0.000000,0.000000,0.000000,0.000000,999.976856,999.977176,999.977476,999.977645,999.977723,999.977826,999.977911,999.977936,999.978114,999.978036,999.978230,999.978491,999.978466,999.978591,999.978601,999.978654,999.978824,999.979011,999.979224,999.979492,999.979828,999.980228,999.980702,999.981268,999.981918,999.982660,999.983480,999.984380,999.985351,999.986379,999.987451,999.988566,999.989692,999.990828,999.991942,999.993041,999.994106,999.995121,999.996117,999.997066,999.997945,999.998734,999.999450,1000.000101,1000.000716,1000.001300,1000.001834,1000.002319,1000.002759,1000.003152,1000.003515,1000.003841,1000.004138,1000.004402,1000.004641,1000.004855,1000.005057,1000.005228,1000.005389,1000.005532,1000.005671,1000.005782,1000.005897,1000.005996,1000.006088,1000.006180,1000.006262,1000.006340,1000.006412,1000.006486,1000.006555,1000.006626,1000.006700,1000.006763,1000.006842,1000.006909,1000.006979,1000.007054,1000.007132,1000.007254,1000.007343,0.000000,0.000000,0.000000,0.000000,0.000000,0.000000,0.000000,0.000000,0.000000,0.000000,0.000000
0.000000,0.000000,0.000000,0.000000,0.000000,0.000000,0.000000,0.000000,0.000000,0.000000,0.000000,999.976191,999.977629,999.977920,999.978003,999.978046,999.978133,999.978165,999.978216,999.978331,999.978239,999.978491,999.978371,999.978135,999.978300,999.978307,999.978465,999.978633,999.978711,999.978846,999.979060,999.979335,999.979677,999.980118,999.980653,999.981291,999.982019,999.982867,999.983825,999.984869,999.985991,999.987167,999.988386,999.989611,999.990842,999.992048,999.993227,999.994374,999.995421,999.996383,999.997314,999.998207,999.999061,999.999856,1000.000559,1000.001185,1000.001748,1000.002261,1000.002725,1000.003149,1000.003528,1000.003868,1000.004168,1000.004445,1000.004689,1000.004911,1000.005098,1000.005277,1000.005432,1000.005570,1000.005694,1000.005806,1000.005907,1000.005994,1000.006082,1000.006152,1000.006222,1000.006290,1000.006353,1000.006413,1000.006469,1000.006529,1000.006584,1000.006642,1000.006703,1000.006755,1000.006825,1000.006884,1000.006951,1000.007006,1000.007129,1000.007506,0.000000,0.000000,0.000000,0.000000,0.000000,0.000000,0.000000,0.000000,0.000000,0.000000,0.000000
0.000000,0.000000,0.000000,0.000000,0.000000,0.000000,0.000000,0.000000,0.000000,0.000000,999.978953,999.978395,999.978236,999.978189,999.978340,999.978395,999.978446,999.978438,999.978474,999.978450,999.978345,999.978466,999.978135,999.978252,999.978587,999.978385,999.978379,999.978260,999.978161,999.978281,999.978438,999.978638,999.978931,999.979343,999.979859,999.980497,999.981296,999.982204,999.983218,999.984329,999.985528,999.986797,999.988117,999.989445,999.990790,999.992094,999.993342,999.994590,999.995793,999.996904,999.997891,999.998774,999.999554,1000.000295,1000.001000,1000.001634,1000.002208,1000.002714,1000.003166,1000.003572,1000.003931,1000.004255,1000.004534,1000.004783,1000.005002,1000.005200,1000.005367,1000.005516,1000.005648,1000.005766,1000.005862,1000.005954,1000.006031,1000.006102,1000.006167,1000.006224,1000.006276,1000.006319,1000.006370,1000.006412,1000.006456,1000.006496,1000.006544,1000.006586,1000.006636,1000.006684,1000.006733,1000.006789,1000.006856,1000.006930,1000.006971,1000.006989,1000.006915,0.000000,0.000000,0.000000,0.000000,0.000000,0.000000,0.000000,0.000000,0.000000,0.000000
0.000000,0.000000,0.000000,0.000000,0.000000,0.000000,0.000000,0.000000,0.000000,999.978623,999.978579,999.978899,999.978696,999.978711,999.978772,999.978756,999.978775,999.978730,999.978713,999.978622,999.978565,999.978591,999.978300,999.978587,999.978312,999.977676,999.977764,999.977676,999.977757,999.977907,999.977905,999.977994,999.978230,999.978576,999.979048,999.979683,999.980430,999.981358,999.982453,999.983682,999.985045,999.986461,999.987930,999.989397,999.990880,999.992335,999.993663,999.994885,999.996056,999.997181,999.998257,999.999271,1000.000158,1000.000914,1000.001592,1000.002203,1000.002746,1000.003237,1000.003665,1000.004046,1000.004377,1000.004669,1000.004930,1000.005153,1000.005340,1000.005511,1000.005657,1000.005778,1000.005882,1000.005973,1000.006049,1000.006113,1000.006173,1000.006215,1000.006257,1000.006292,1000.006329,1000.006358,1000.006383,1000.006414,1000.006443,1000.006470,1000.006496,1000.006526,1000.006567,1000.006601,1000.006645,1000.006686,1000.006742,1000.006796,1000.006850,1000.006857,1000.006994,1000.007020,0.000000,0.000000,0.000000,0.000000,0.000000,0.000000,0.000000,0.000000,0.000000
0.000000,0.000000,0.000000,0.000000,0.000000,0.000000,0.000000,0.000000,0.000000,999.977509,999.979038,999.979294,999.979202,999.979187,999.979185,999.979140,999.979122,999.979026,999.978974,999.978836,999.978773,999.978601,999.978307,999.978385,999.977676,999.977618,999.978127,999.977749,999.977546,999.977270,999.976983,999.977057,999.977226,999.977496,999.977908,999.978525,999.979390,999.980419,999.981599,999.982944,999.984393,999.985948,999.987598,999.989225,999.990812,999.992437,999.994023,999.995481,999.996786,999.997922,999.998902,999.999828,1000.000715,1000.001504,1000.002198,1000.002804,1000.003336,1000.003801,1000.004209,1000.004565,1000.004866,1000.005128,1000.005352,1000.005549,1000.005707,1000.005843,1000.005958,1000.006055,1000.006129,1000.006193,1000.006243,1000.006282,1000.006314,1000.006340,1000.006358,1000.006370,1000.006385,1000.006393,1000.006404,1000.006410,1000.006424,1000.006436,1000.006455,1000.006468,1000.006495,1000.006518,1000.006546,1000.006585,1000.006623,1000.006667,1000.006718,1000.006743,1000.006867,1000.007338,0.000000,0.000000,0.000000,0.000000,0.000000,0.000000,0.000000,0.000000,0.000000
0.000000,0.000000,0.000000,0.000000,0.000000,0.000000,0.000000,0.000000,999.979715,999.979502,999.979608,999.979561,999.979671,999.979663,999.979626,999.979542,999.979481,999.979355,999.979255,999.979078,999.978936,999.978654,999.978465,999.978379,999.977764,999.978127,999.977771,999.976524,999.976389,999.976196,999.976167,999.976330,999.976309,999.976416,999.976812,999.977447,999.978186,999.979223,999.980543,999.982055,999.983784,999.985573,999.987438,999.989331,999.991059,999.992687,999.994246,999.995729,999.997158,999.998528,999.999694,1000.000656,1000.001503,1000.002254,1000.002918,1000.003495,1000.003999,1000.004436,1000.004802,1000.005123,1000.005396,1000.005624,1000.005812,1000.005969,1000.006100,1000.006204,1000.006282,1000.006345,1000.006394,1000.006425,1000.006448,1000.006458,1000.006462,1000.006461,1000.006460,1000.006448,1000.006440,1000.006431,1000.006419,1000.006415,1000.006406,1000.006402,1000.006407,1000.006410,1000.006414,1000.006431,1000.006450,1000.006474,1000.006504,1000.006532,1000.006588,1000.006667,1000.006708,1000.006803,1000.006827,0.000000,0.000000,0.000000,0.000000,0.000000,0.000000,0.000000,0.000000
0.000000,0.000000,0.000000,0.000000,0.000000,0.000000,0.000000,0.000000,999.978376,999.980352,999.980220,999.980184,999.980189,999.980138,999.980076,999.979966,999.979872,999.979703,999.979565,999.979327,999.979134,999.978824,999.978633,999.978260,999.977676,999.977749,999.976524,999.975988,999.976740,999.976276,999.975821,999.975379,999.974898,999.974983,999.975284,999.975733,999.976659,999.977867,999.979304,999.981008,999.982874,999.984865,999.986945,999.989157,999.991323,999.993336,999.995153,999.996712,999.998005,999.999223,1000.000398,1000.001426,1000.002308,1000.003061,1000.003706,1000.004258,1000.004725,1000.005126,1000.005457,1000.005733,1000.005965,1000.006154,1000.006305,1000.006422,1000.006514,1000.006579,1000.006627,1000.006653,1000.006668,1000.006667,1000.006658,1000.006645,1000.006620,1000.006590,1000.006562,1000.006530,1000.006498,1000.006468,1000.006436,1000.006409,1000.006387,1000.006361,1000.006354,1000.006341,1000.006333,1000.006338,1000.006346,1000.006356,1000.006379,1000.006406,1000.006444,1000.006497,1000.006541,1000.006567,1000.007197,0.000000,0.000000,0.000000,0.000000,0.000000,0.000000,0.000000,0.000000
0.000000,0.000000,0.000000,0.000000,0.000000,0.000000,0.000000,999.981581,999.980991,999.980895,999.980696,999.980783,999.980741,999.980649,999.980552,999.980415,999.980278,999.980082,999.979890,999.979614,999.979375,999.979011,999.978711,999.978161,999.977757,999.977546,999.976389,999.976740,999.976519,999.974525,999.973856,999.973442,999.973257,999.973439,999.973566,999.974078,999.974844,999.976045,999.977744,999.979697,999.982072,999.984561,999.986853,999.989120,999.991336,999.993433,999.995460,999.997428,999.999069,1000.000359,1000.001468,1000.002441,1000.003279,1000.003992,1000.004596,1000.005104,1000.005523,1000.005873,1000.006162,1000.006396,1000.006575,1000.006718,1000.006826,1000.006902,1000.006950,1000.006977,1000.006985,1000.006978,1000.006954,1000.006920,1000.006879,1000.006830,1000.006781,1000.006722,1000.006667,1000.006608,1000.006554,1000.006503,1000.006450,1000.006404,1000.006368,1000.006324,1000.006291,1000.006271,1000.006249,1000.006239,1000.006234,1000.006229,1000.006246,1000.006262,1000.006279,1000.006320,1000.006405,1000.006418,1000.006457,1000.006297,0.000000,0.000000,0.000000,0.000000,0.000000,0.000000,0.000000
0.000000,0.000000,0.000000,0.000000,0.000000,0.000000,0.000000,999.979822,999.981944,999.981598,999.981505,999.981403,999.981287,999.981178,999.981052,999.980888,999.980719,999.980484,999.980257,999.979943,999.979652,999.979224,999.978846,999.978281,999.977907,999.977270,999.976196,999.976276,999.974525,999.972967,999.973652,999.973228,999.972560,999.972067,999.971587,999.971738,999.972775,999.974179,999.975985,999.978319,999.980814,999.983749,999.986826,999.989743,999.992431,999.994725,999.996565,999.998290,999.999959,1000.001393,1000.002576,1000.003547,1000.004358,1000.005029,1000.005578,1000.006032,1000.006397,1000.006688,1000.006919,1000.007096,1000.007229,1000.007317,1000.007378,1000.007407,1000.007410,1000.007393,1000.007358,1000.007308,1000.007252,1000.007182,1000.007104,1000.007024,1000.006939,1000.006855,1000.006774,1000.006688,1000.006606,1000.006531,1000.006459,1000.006390,1000.006332,1000.006277,1000.006229,1000.006192,1000.006157,1000.006130,1000.006116,1000.006104,1000.006106,1000.006113,1000.006124,1000.006147,1000.006164,1000.006188,1000.006162,1000.006921,0.000000,0.000000,0.000000,0.000000,0.000000,0.000000,0.000000
0.000000,0.000000,0.000000,0.000000,0.000000,0.000000,999.983518,999.982770,999.982540,999.982147,999.982151,999.982011,999.981878,999.981737,999.981579,999.981391,999.981182,999.980924,999.980660,999.980311,999.979964,999.979492,999.979060,999.978438,999.977905,999.976983,999.976167,999.975821,999.973856,999.973652,999.973761,999.971226,999.969707,999.968748,999.968340,999.969026,999.969653,999.970922,999.973299,999.976134,999.979357,999.982805,999.986145,999.989370,999.992507,999.995565,999.998063,999.999929,1000.001475,1000.002805,1000.003923,1000.004837,1000.005580,1000.006183,1000.006662,1000.007041,1000.007340,1000.007566,1000.007730,1000.007843,1000.007920,1000.007954,1000.007954,1000.007934,1000.007890,1000.007827,1000.007749,1000.007654,1000.007553,1000.007449,1000.007334,1000.007219,1000.007103,1000.006984,1000.006873,1000.006764,1000.006655,1000.006559,1000.006464,1000.006374,1000.006297,1000.006225,1000.006159,1000.006105,1000.006059,1000.006016,1000.005989,1000.005968,1000.005950,1000.005944,1000.005950,1000.005962,1000.005974,1000.006025,1000.005957,1000.005984,1000.005850,0.000000,0.000000,0.000000,0.000000,0.000000,0.000000
0.000000,0.000000,0.000000,0.000000,0.000000,0.000000,999.981638,999.983740,999.983182,999.982987,999.982800,999.982629,999.982482,999.982317,999.982126,999.981914,999.981681,999.981402,999.981103,999.980723,999.980339,999.979828,999.979335,999.978638,999.977994,999.977057,999.976330,999.975379,999.973442,999.973228,999.971226,999.968118,999.967717,999.967021,999.966410,999.965896,999.966260,999.968202,999.970862,999.974681,999.978730,999.982848,999.987135,999.990892,999.993858,999.996576,999.999197,1000.001386,1000.003081,1000.004408,1000.005459,1000.006296,1000.006946,1000.007455,1000.007846,1000.008137,1000.008352,1000.008499,1000.008593,1000.008635,1000.008644,1000.008618,1000.008562,1000.008482,1000.008385,1000.008270,1000.008146,1000.008010,1000.007864,1000.007715,1000.007564,1000.007413,1000.007264,1000.007117,1000.006971,1000.006834,1000.006700,1000.006575,1000.006461,1000.006348,1000.006251,1000.006163,1000.006076,1000.006009,1000.005948,1000.005896,1000.005857,1000.005822,1000.005795,1000.005782,1000.005775,1000.005769,1000.005768,1000.005777,1000.005759,1000.005652,1000.006444,0.000000,0.000000,0.000000,0.000000,0.000000,0.000000
0.000000,0.000000,0.000000,0.000000,0.000000,999.985574,999.984633,999.984230,999.983702,999.983652,999.983447,999.983274,999.983090,999.982901,999.982692,999.982471,999.982217,999.981920,999.981588,999.981193,999.980769,999.980228,999.979677,999.978931,999.978230,999.977226,999.976309,999.974898,999.973257,999.972560,999.969707,999.967717,999.967287,999.964505,999.962087,999.961157,999.961280,999.963177,999.966408,999.970494,999.975846,999.981612,999.986887,999.991962,999.996147,999.999136,1000.001492,1000.003470,1000.005063,1000.006289,1000.007217,1000.007927,1000.008456,1000.008842,1000.009123,1000.009312,1000.009427,1000.009485,1000.009497,1000.009465,1000.009398,1000.009305,1000.009189,1000.009053,1000.008898,1000.008730,1000.008552,1000.008369,1000.008180,1000.007990,1000.007797,1000.007605,1000.007419,1000.007238,1000.007063,1000.006896,1000.006737,1000.006587,1000.006446,1000.006319,1000.006196,1000.006093,1000.005992,1000.005900,1000.005833,1000.005764,1000.005708,1000.005664,1000.005631,1000.005606,1000.005587,1000.005570,1000.005560,1000.005562,1000.005604,1000.005498,1000.005425,1000.005095,0.000000,0.000000,0.000000,0.000000,0.000000
0.000000,0.000000,0.000000,0.000000,0.000000,999.983597,999.985349,999.984742,999.984519,999.984289,999.984074,999.983895,999.983708,999.983511,999.983296,999.983057,999.982783,999.982473,999.982129,999.981717,999.981267,999.980702,999.980118,999.979343,999.978576,999.977496,999.976416,999.974983,999.973439,999.972067,999.968748,999.967021,999.964505,999.959895,999.957135,999.954882,999.954825,999.957081,999.961040,999.967706,999.974976,999.981606,999.987689,999.992888,999.997603,1000.001388,1000.004063,1000.005997,1000.007415,1000.008461,1000.009208,1000.009737,1000.010103,1000.010343,1000.010487,1000.010557,1000.010564,1000.010521,1000.010441,1000.010328,1000.010184,1000.010021,1000.009832,1000.009632,1000.009421,1000.009196,1000.008967,1000.008730,1000.008494,1000.008259,1000.008026,1000.007797,1000.007570,1000.007355,1000.007147,1000.006950,1000.006763,1000.006587,1000.006422,1000.006269,1000.006132,1000.006003,1000.005894,1000.005792,1000.005701,1000.005621,1000.005556,1000.005500,1000.005457,1000.005423,1000.005395,1000.005379,1000.005366,1000.005346,1000.005317,1000.005310,1000.005173,1000.005903,0.000000,0.000000,0.000000,0.000000,0.000000
0.000000,0.000000,0.000000,0.000000,999.986465,999.986095,999.985716,999.985164,999.985104,999.984901,999.984722,999.984539,999.984336,999.984136,999.983911,999.983668,999.983386,999.983074,999.982717,999.982305,999.981828,999.981268,999.980653,999.979859,999.979048,999.977908,999.976812,999.975284,999.973566,999.971587,999.968340,999.966410,999.962087,999.957135,999.952434,999.947327,999.945948,999.947536,999.954110,999.963975,999.974197,999.984094,999.991879,999.997201,1000.001364,1000.004744,1000.007263,1000.008991,1000.010142,1000.010905,1000.011406,1000.011703,1000.011871,1000.011937,1000.011923,1000.011856,1000.011746,1000.011596,1000.011417,1000.011214,1000.010991,1000.010752,1000.010496,1000.010226,1000.009951,1000.009670,1000.009382,1000.009098,1000.008809,1000.008525,1000.008246,1000.007977,1000.007715,1000.007460,1000.007220,1000.006992,1000.006776,1000.006574,1000.006388,1000.006214,1000.006053,1000.005910,1000.005776,1000.005663,1000.005559,1000.005470,1000.005394,1000.005326,1000.005273,1000.005228,1000.005190,1000.005174,1000.005155,1000.005141,1000.005131,1000.005177,1000.005017,1000.004991,1000.004937,0.000000,0.000000,0.000000,0.000000
0.000000,0.000000,0.000000,0.000000,999.984243,999.985877,999.985891,999.985894,999.985723,999.985521,999.985356,999.985168,999.984979,999.984780,999.984555,999.984310,999.984028,999.983721,999.983359,999.982941,999.982475,999.981918,999.981291,999.980497,999.979683,999.978525,999.977447,999.975733,999.974078,999.971738,999.969026,999.965896,999.961157,999.954882,999.947327,999.937485,999.930964,999.934956,999.944573,999.956939,999.972104,999.984663,999.993619,1000.001344,1000.006255,1000.009319,1000.011311,1000.012539,1000.013253,1000.013625,1000.013788,1000.013811,1000.013736,1000.013603,1000.013419,1000.013204,1000.012961,1000.012700,1000.012418,1000.012124,1000.011813,1000.011492,1000.011166,1000.010830,1000.010488,1000.010144,1000.009800,1000.009455,1000.009120,1000.008787,1000.008461,1000.008149,1000.007846,1000.007558,1000.007282,1000.007020,1000.006777,1000.006549,1000.006335,1000.006141,1000.005962,1000.005799,1000.005652,1000.005519,1000.005405,1000.005299,1000.005221,1000.005138,1000.005077,1000.005033,1000.004989,1000.004962,1000.004936,1000.004931,1000.004910,1000.004929,1000.004969,1000.005074,1000.005815,0.000000,0.000000,0.000000,0.000000
