0.000000,0.000000,0.000000,0.000000,0.000000,0.000000,0.000000,0.000000,0.000000,0.000000,0.000000,0.000000,0.000000,0.000000,0.000000,0.000000,0.000000,0.000000,0.000000,0.000000,0.000000,0.000000,0.000000,0.000000,0.000000,0.000000,0.000000,0.000000,0.000000,0.000000,0.000000,0.000000,0.000000,0.000000,0.000000,0.000000,0.000000,0.000000,0.000000,0.000000,0.000000,0.000000,0.000000,0.000000,0.000000,0.000000,0.000000,0.000000,0.000000,0.000000,0.000000,0.000000,0.000000,0.000000,0.000000,0.000000,0.000000,0.000000,0.000000,0.000000,0.000000,0.000000,0.000000,0.000000,0.000000,0.000000,0.000000,0.000000,0.000000,0.000000,0.000000,0.000000,0.000000,0.000000,0.000000,0.000000,0.000000,0.000000,0.000000,0.000000,0.000000,0.000000,0.000000,0.000000,0.000000,0.000000,0.000000,0.000000,0.000000,0.000000,0.000000,0.000000,0.000000,0.000000,0.000000,0.000000,0.000000,0.000000,0.000000,0.000000,0.000000,0.000000,0.000000
0.000000,0.000000,0.000000,0.000000,0.000000,0.000000,0.000000,0.000000,0.000000,0.000000,0.000000,0.000000,0.000000,0.000000,0.000000,0.000000,0.000000,0.000000,0.000000,0.000000,0.000000,0.000000,0.000000,0.000000,0.000000,0.000000,0.000000,0.000000,0.000000,0.000000,0.000000,0.000000,0.000000,0.000000,0.000000,0.000000,0.000000,0.000000,0.000000,0.000000,0.000000,0.000000,0.000000,0.000000,0.000000,0.000000,0.000000,0.000000,0.000000,0.000000,0.000000,0.000000,0.000000,0.000000,0.000000,0.000000,0.000000,0.000000,0.000000,0.000000,0.000000,0.000000,0.000000,0.000000,0.000000,0.000000,0.000000,0.000000,0.000000,0.000000,0.000000,0.000000,0.000000,0.000000,0.000000,0.000000,0.000000,0.000000,0.000000,0.000000,0.000000,0.000000,0.000000,0.000000,0.000000,0.000000,0.000000,0.000000,0.000000,0.000000,0.000000,0.000000,0.000000,0.000000,0.000000,0.000000,0.000000,0.000000,0.000000,0.000000,0.000000,0.000000,0.000000
0.000000,0.000000,0.000000,0.000000,0.000000,0.000000,0.000000,0.000000,0.000000,0.000000,0.000000,0.000000,0.000000,0.000000,0.000000,0.000000,0.000000,0.000000,0.000000,0.000000,0.000000,0.000000,0.000000,0.000000,0.000000,0.000000,0.000000,0.000000,0.000000,0.000000,0.000000,0.000000,0.000000,0.000000,0.000000,0.000000,0.000000,0.000000,0.000000,0.000000,0.000000,0.000000,1000.045386,1000.047217,1000.047606,1000.047288,1000.046458,1000.045132,1000.043325,1000.041073,1000.038417,1000.035405,1000.032094,1000.028541,1000.024796,1000.020896,1000.016860,1000.012715,1000.008643,1000.005822,1000.008406,0.000000,0.000000,0.000000,0.000000,0.000000,0.000000,0.000000,0.000000,0.000000,0.000000,0.000000,0.000000,0.000000,0.000000,0.000000,0.000000,0.000000,0.000000,0.000000,0.000000,0.000000,0.000000,0.000000,0.000000,0.000000,0.000000,0.000000,0.000000,0.000000,0.000000,0.000000,0.000000,0.000000,0.000000,0.000000,0.000000,0.000000,0.000000,0.000000,0.000000,0.000000,0.000000
0.000000,0.000000,0.000000,0.000000,0.000000,0.000000,0.000000,0.000000,0.000000,0.000000,0.000000,0.000000,0.000000,0.000000,0.000000,0.000000,0.000000,0.000000,0.000000,0.000000,0.000000,0.000000,0.000000,0.000000,0.000000,0.000000,0.000000,0.000000,0.000000,0.000000,0.000000,0.000000,0.000000,0.000000,0.000000,0.000000,0.000000,0.000000,1000.048916,1000.050043,1000.051080,1000.051288,1000.050199,1000.050410,1000.050282,1000.049640,1000.048511,1000.046952,1000.045002,1000.042698,1000.040082,1000.037197,1000.034087,1000.030798,1000.027379,1000.023877,1000.020357,1000.016969,1000.014068,1000.012282,1000.011376,1000.000948,999.992116,999.986273,999.987802,0.000000,0.000000,0.000000,0.000000,0.000000,0.000000,0.000000,0.000000,0.000000,0.000000,0.000000,0.000000,0.000000,0.000000,0.000000,0.000000,0.000000,0.000000,0.000000,0.000000,0.000000,0.000000,0.000000,0.000000,0.000000,0.000000,0.000000,0.000000,0.000000,0.000000,0.000000,0.000000,0.000000,0.000000,0.000000,0.000000,0.000000,0.000000
0.000000,0.000000,0.000000,0.000000,0.000000,0.000000,0.000000,0.000000,0.000000,0.000000,0.000000,0.000000,0.000000,0.000000,0.000000,0.000000,0.000000,0.000000,0.000000,0.000000,0.000000,0.000000,0.000000,0.000000,0.000000,0.000000,0.000000,0.000000,0.000000,0.000000,0.000000,0.000000,0.000000,0.000000,1000.044664,1000.045812,1000.048405,1000.051068,1000.053027,1000.053422,1000.053649,1000.053347,1000.052790,1000.052306,1000.051567,1000.050497,1000.049080,1000.047330,1000.045273,1000.042941,1000.040369,1000.037597,1000.034668,1000.031624,1000.028509,1000.025375,1000.022291,1000.019337,1000.016551,1000.013766,1000.010888,1000.005379,999.998990,999.995155,999.992232,999.978159,999.965859,999.956236,999.952915,0.000000,0.000000,0.000000,0.000000,0.000000,0.000000,0.000000,0.000000,0.000000,0.000000,0.000000,0.000000,0.000000,0.000000,0.000000,0.000000,0.000000,0.000000,0.000000,0.000000,0.000000,0.000000,0.000000,0.000000,0.000000,0.000000,0.000000,0.000000,0.000000,0.000000,0.000000,0.000000,0.000000,0.000000
0.000000,0.000000,0.000000,0.000000,0.000000,0.000000,0.000000,0.000000,0.000000,0.000000,0.000000,0.000000,0.000000,0.000000,0.000000,0.000000,0.000000,0.000000,0.000000,0.000000,0.000000,0.000000,0.000000,0.000000,0.000000,0.000000,0.000000,0.000000,0.000000,0.000000,0.000000,0.000000,1000.043997,1000.045274,1000.049761,1000.050999,1000.052225,1000.053592,1000.054443,1000.054558,1000.054351,1000.053731,1000.052932,1000.051919,1000.050757,1000.049367,1000.047727,1000.045837,1000.043716,1000.041389,1000.038879,1000.036228,1000.033482,1000.030676,1000.027847,1000.025035,1000.022279,1000.019609,1000.017024,1000.014346,1000.011037,1000.007219,1000.002622,999.998062,999.993228,999.985280,999.976030,999.968905,999.962191,999.947320,999.940596,0.000000,0.000000,0.000000,0.000000,0.000000,0.000000,0.000000,0.000000,0.000000,0.000000,0.000000,0.000000,0.000000,0.000000,0.000000,0.000000,0.000000,0.000000,0.000000,0.000000,0.000000,0.000000,0.000000,0.000000,0.000000,0.000000,0.000000,0.000000,0.000000,0.000000,0.000000,0.000000
0.000000,0.000000,0.000000,0.000000,0.000000,0.000000,0.000000,0.000000,0.000000,0.000000,0.000000,0.000000,0.000000,0.000000,0.000000,0.000000,0.000000,0.000000,0.000000,0.000000,0.000000,0.000000,0.000000,0.000000,0.000000,0.000000,0.000000,0.000000,0.000000,0.000000,1000.041042,1000.042284,1000.048508,1000.050492,1000.052204,1000.053035,1000.053687,1000.054056,1000.054055,1000.053691,1000.052968,1000.051985,1000.050842,1000.049528,1000.048087,1000.046483,1000.044699,1000.042733,1000.040589,1000.038282,1000.035850,1000.033328,1000.030752,1000.028159,1000.025582,1000.023053,1000.020597,1000.018210,1000.015844,1000.013404,1000.010592,1000.007486,1000.003959,1000.000027,999.995194,999.989623,999.982995,999.976337,999.969438,999.960711,999.952400,999.941907,999.936918,0.000000,0.000000,0.000000,0.000000,0.000000,0.000000,0.000000,0.000000,0.000000,0.000000,0.000000,0.000000,0.000000,0.000000,0.000000,0.000000,0.000000,0.000000,0.000000,0.000000,0.000000,0.000000,0.000000,0.000000,0.000000,0.000000,0.000000,0.000000,0.000000,0.000000
0.000000,0.000000,0.000000,0.000000,0.000000,0.000000,0.000000,0.000000,0.000000,0.000000,0.000000,0.000000,0.000000,0.000000,0.000000,0.000000,0.000000,0.000000,0.000000,0.000000,0.000000,0.000000,0.000000,0.000000,0.000000,0.000000,0.000000,0.000000,1000.036108,1000.037558,1000.045432,1000.048067,1000.050462,1000.051753,1000.052567,1000.052897,1000.052769,1000.052372,1000.051757,1000.050917,1000.049842,1000.048610,1000.047252,1000.045779,1000.044198,1000.042491,1000.040643,1000.038647,1000.036504,1000.034231,1000.031868,1000.029454,1000.027024,1000.024608,1000.022239,1000.019952,1000.017762,1000.015651,1000.013570,1000.011442,1000.009156,1000.006642,1000.003830,1000.000636,999.996821,999.992511,999.987594,999.982176,999.975982,999.969479,999.962662,999.956247,999.951739,999.950535,999.947421,0.000000,0.000000,0.000000,0.000000,0.000000,0.000000,0.000000,0.000000,0.000000,0.000000,0.000000,0.000000,0.000000,0.000000,0.000000,0.000000,0.000000,0.000000,0.000000,0.000000,0.000000,0.000000,0.000000,0.000000,0.000000,0.000000,0.000000,0.000000
0.000000,0.000000,0.000000,0.000000,0.000000,0.000000,0.000000,0.000000,0.000000,0.000000,0.000000,0.000000,0.000000,0.000000,0.000000,0.000000,0.000000,0.000000,0.000000,0.000000,0.000000,0.000000,0.000000,0.000000,0.000000,0.000000,1000.028926,1000.031111,1000.040700,1000.044109,1000.047257,1000.049097,1000.050340,1000.051002,1000.050968,1000.050578,1000.049896,1000.049039,1000.048039,1000.046906,1000.045651,1000.044301,1000.042865,1000.041346,1000.039727,1000.037996,1000.036142,1000.034146,1000.032020,1000.029790,1000.027480,1000.025149,1000.022832,1000.020560,1000.018374,1000.016306,1000.014362,1000.012523,1000.010739,1000.008948,1000.007101,1000.005116,1000.002926,1000.000441,999.997587,999.994322,999.990617,999.986413,999.981604,999.976541,999.971361,999.967107,999.963737,999.962017,999.961443,999.965398,999.962184,0.000000,0.000000,0.000000,0.000000,0.000000,0.000000,0.000000,0.000000,0.000000,0.000000,0.000000,0.000000,0.000000,0.000000,0.000000,0.000000,0.000000,0.000000,0.000000,0.000000,0.000000,0.000000,0.000000,0.000000,0.000000,0.000000
0.000000,0.000000,0.000000,0.000000,0.000000,0.000000,0.000000,0.000000,0.000000,0.000000,0.000000,0.000000,0.000000,0.000000,0.000000,0.000000,0.000000,0.000000,0.000000,0.000000,0.000000,0.000000,0.000000,0.000000,1000.019665,1000.023287,1000.034333,1000.038707,1000.042756,1000.045264,1000.047036,1000.048157,1000.048424,1000.048241,1000.047649,1000.046821,1000.045822,1000.044712,1000.043520,1000.042261,1000.040948,1000.039580,1000.038157,1000.036662,1000.035070,1000.033364,1000.031531,1000.029572,1000.027489,1000.025306,1000.023064,1000.020811,1000.018587,1000.016445,1000.014435,1000.012576,1000.010873,1000.009301,1000.007809,1000.006350,1000.004883,1000.003351,1000.001694,999.999845,999.997760,999.995379,999.992663,999.989531,999.985949,999.982082,999.978295,999.975268,999.973284,999.972397,999.972238,999.973108,999.973779,999.978077,999.974079,0.000000,0.000000,0.000000,0.000000,0.000000,0.000000,0.000000,0.000000,0.000000,0.000000,0.000000,0.000000,0.000000,0.000000,0.000000,0.000000,0.000000,0.000000,0.000000,0.000000,0.000000,0.000000,0.000000,0.000000
0.000000,0.000000,0.000000,0.000000,0.000000,0.000000,0.000000,0.000000,0.000000,0.000000,0.000000,0.000000,0.000000,0.000000,0.000000,0.000000,0.000000,0.000000,0.000000,0.000000,0.000000,0.000000,0.000000,1000.021762,1000.027697,1000.032150,1000.037134,1000.040443,1000.042820,1000.044470,1000.045127,1000.045266,1000.044906,1000.044232,1000.043328,1000.042277,1000.041127,1000.039906,1000.038642,1000.037353,1000.036044,1000.034720,1000.033363,1000.031934,1000.030413,1000.028776,1000.027010,1000.025132,1000.023138,1000.021050,1000.018907,1000.016743,1000.014627,1000.012621,1000.010771,1000.009111,1000.007634,1000.006314,1000.005103,1000.003948,1000.002808,1000.001654,1000.000447,999.999128,999.997660,999.995995,999.994076,999.991830,999.989215,999.986332,999.983572,999.981417,999.980203,999.979916,999.980523,999.981400,999.982382,999.983413,999.982649,999.980170,0.000000,0.000000,0.000000,0.000000,0.000000,0.000000,0.000000,0.000000,0.000000,0.000000,0.000000,0.000000,0.000000,0.000000,0.000000,0.000000,0.000000,0.000000,0.000000,0.000000,0.000000,0.000000,0.000000
0.000000,0.000000,0.000000,0.000000,0.000000,0.000000,0.000000,0.000000,0.000000,0.000000,0.000000,0.000000,0.000000,0.000000,0.000000,0.000000,0.000000,0.000000,0.000000,0.000000,0.000000,0.000000,1000.018410,1000.026293,1000.031351,1000.035228,1000.038023,1000.040141,1000.041215,1000.041716,1000.041642,1000.041202,1000.040475,1000.039547,1000.038495,1000.037351,1000.036145,1000.034899,1000.033632,1000.032366,1000.031113,1000.029865,1000.028591,1000.027258,1000.025841,1000.024332,1000.022717,1000.020986,1000.019151,1000.017220,1000.015215,1000.013183,1000.011201,1000.009343,1000.007654,1000.006164,1000.004880,1000.003781,1000.002820,1000.001936,1000.001076,1000.000225,999.999367,999.998464,999.997476,999.996366,999.995083,999.993536,999.991644,999.989481,999.987400,999.985843,999.985120,999.985226,999.986064,999.987257,999.988729,999.989617,999.990093,999.989626,999.988588,0.000000,0.000000,0.000000,0.000000,0.000000,0.000000,0.000000,0.000000,0.000000,0.000000,0.000000,0.000000,0.000000,0.000000,0.000000,0.000000,0.000000,0.000000,0.000000,0.000000,0.000000,0.000000
0.000000,0.000000,0.000000,0.000000,0.000000,0.000000,0.000000,0.000000,0.000000,0.000000,0.000000,0.000000,0.000000,0.000000,0.000000,0.000000,0.000000,0.000000,0.000000,0.000000,999.994809,1000.000071,1000.019982,1000.028073,1000.032417,1000.035305,1000.036877,1000.037764,1000.037983,1000.037775,1000.037243,1000.036475,1000.035550,1000.034510,1000.033386,1000.032211,1000.031008,1000.029792,1000.028584,1000.027399,1000.026239,1000.025082,1000.023905,1000.022694,1000.021432,1000.020111,1000.018718,1000.017225,1000.015621,1000.013900,1000.012087,1000.010241,1000.008431,1000.006744,1000.005229,1000.003902,1000.002776,1000.001845,1000.001072,1000.000394,999.999767,999.999157,999.998553,999.997958,999.997333,999.996639,999.995826,999.994787,999.993405,999.991718,999.990052,999.988851,999.988391,999.988696,999.989661,999.991102,999.992861,999.994462,999.995788,999.996687,999.997939,1000.002835,999.998014,0.000000,0.000000,0.000000,0.000000,0.000000,0.000000,0.000000,0.000000,0.000000,0.000000,0.000000,0.000000,0.000000,0.000000,0.000000,0.000000,0.000000,0.000000,0.000000,0.000000
0.000000,0.000000,0.000000,0.000000,0.000000,0.000000,0.000000,0.000000,0.000000,0.000000,0.000000,0.000000,0.000000,0.000000,0.000000,0.000000,0.000000,0.000000,0.000000,999.994178,1000.003276,1000.011603,1000.021178,1000.027232,1000.031206,1000.033190,1000.033963,1000.034088,1000.033773,1000.033161,1000.032361,1000.031421,1000.030383,1000.029272,1000.028118,1000.026954,1000.025791,1000.024648,1000.023546,1000.022479,1000.021432,1000.020396,1000.019355,1000.018304,1000.017250,1000.016171,1000.015047,1000.013850,1000.012538,1000.011101,1000.009558,1000.007955,1000.006371,1000.004881,1000.003541,1000.002373,1000.001380,1000.000565,999.999908,999.999364,999.998889,999.998451,999.998042,999.997656,999.997288,999.996903,999.996419,999.995708,999.994632,999.993220,999.991787,999.990764,999.990416,999.990779,999.991768,999.993304,999.995264,999.997476,999.999736,1000.001873,1000.003557,1000.004988,1000.003984,1000.000874,0.000000,0.000000,0.000000,0.000000,0.000000,0.000000,0.000000,0.000000,0.000000,0.000000,0.000000,0.000000,0.000000,0.000000,0.000000,0.000000,0.000000,0.000000,0.000000
0.000000,0.000000,0.000000,0.000000,0.000000,0.000000,0.000000,0.000000,0.000000,0.000000,0.000000,0.000000,0.000000,0.000000,0.000000,0.000000,0.000000,0.000000,999.986858,999.998556,1000.007586,1000.015513,1000.021613,1000.026175,1000.028695,1000.029761,1000.029997,1000.029701,1000.029080,1000.028258,1000.027308,1000.026264,1000.025155,1000.024012,1000.022867,1000.021734,1000.020632,1000.019585,1000.018592,1000.017647,1000.016735,1000.015849,1000.014987,1000.014147,1000.013331,1000.012526,1000.011704,1000.010831,1000.009870,1000.008798,1000.007612,1000.006336,1000.005028,1000.003757,1000.002585,1000.001546,1000.000651,999.999902,999.999297,999.998816,999.998418,999.998079,999.997797,999.997564,999.997377,999.997202,999.996932,999.996403,999.995468,999.994181,999.992867,999.991920,999.991585,999.991902,999.992821,999.994322,999.996363,999.998861,1000.001622,1000.004414,1000.006916,1000.008310,1000.008748,1000.007699,1000.005595,0.000000,0.000000,0.000000,0.000000,0.000000,0.000000,0.000000,0.000000,0.000000,0.000000,0.000000,0.000000,0.000000,0.000000,0.000000,0.000000,0.000000,0.000000
0.000000,0.000000,0.000000,0.000000,0.000000,0.000000,0.000000,0.000000,0.000000,0.000000,0.000000,0.000000,0.000000,0.000000,0.000000,0.000000,0.000000,999.978011,999.990302,1000.000946,1000.009655,1000.016469,1000.020943,1000.023845,1000.025265,1000.025734,1000.025594,1000.025042,1000.024247,1000.023304,1000.022259,1000.021155,1000.020023,1000.018889,1000.017774,1000.016698,1000.015679,1000.014724,1000.013832,1000.013005,1000.012237,1000.011520,1000.010855,1000.010243,1000.009677,1000.009150,1000.008643,1000.008126,1000.007567,1000.006928,1000.006174,1000.005294,1000.004311,1000.003279,1000.002267,1000.001326,1000.000483,999.999753,999.999145,999.998660,999.998282,999.997988,999.997772,999.997649,999.997603,999.997569,999.997415,999.996945,999.996038,999.994784,999.993510,999.992589,999.992214,999.992427,999.993215,999.994579,999.996552,999.999103,1000.002078,1000.005229,1000.008252,1000.010565,1000.012007,1000.012364,1000.011651,1000.009539,0.000000,0.000000,0.000000,0.000000,0.000000,0.000000,0.000000,0.000000,0.000000,0.000000,0.000000,0.000000,0.000000,0.000000,0.000000,0.000000,0.000000
0.000000,0.000000,0.000000,0.000000,0.000000,0.000000,0.000000,0.000000,0.000000,0.000000,0.000000,0.000000,0.000000,0.000000,0.000000,0.000000,999.969879,999.981445,999.992573,1000.002434,1000.010335,1000.015761,1000.019010,1000.020751,1000.021457,1000.021501,1000.021090,1000.020365,1000.019446,1000.018406,1000.017302,1000.016172,1000.015039,1000.013936,1000.012883,1000.011891,1000.010967,1000.010110,1000.009330,1000.008629,1000.008006,1000.007460,1000.006987,1000.006589,1000.006264,1000.006009,1000.005815,1000.005666,1000.005534,1000.005367,1000.005098,1000.004669,1000.004059,1000.003296,1000.002444,1000.001577,1000.000746,999.999993,999.999345,999.998816,999.998411,999.998125,999.997957,999.997914,999.997967,999.998019,999.997897,999.997398,999.996435,999.995153,999.993881,999.992947,999.992514,999.992610,999.993243,999.994436,999.996242,999.998685,1000.001654,1000.004931,1000.008254,1000.011299,1000.013714,1000.015173,1000.015581,1000.014780,1000.012276,0.000000,0.000000,0.000000,0.000000,0.000000,0.000000,0.000000,0.000000,0.000000,0.000000,0.000000,0.000000,0.000000,0.000000,0.000000,0.000000
0.000000,0.000000,0.000000,0.000000,0.000000,0.000000,0.000000,0.000000,0.000000,0.000000,0.000000,0.000000,0.000000,0.000000,0.000000,999.964127,999.973951,999.984237,999.994311,1000.003210,1000.009899,1000.014093,1000.016351,1000.017341,1000.017569,1000.017295,1000.016661,1000.015779,1000.014744,1000.013629,1000.012486,1000.011336,1000.010217,1000.009165,1000.008188,1000.007289,1000.006476,1000.005745,1000.005098,1000.004538,1000.004063,1000.003678,1000.003383,1000.003183,1000.003080,1000.003078,1000.003178,1000.003377,1000.003656,1000.003964,1000.004207,1000.004279,1000.004098,1000.003648,1000.002978,1000.002178,1000.001342,1000.000541,999.999828,999.999242,999.998797,999.998503,999.998371,999.998389,999.998501,999.998576,999.998410,999.997816,999.996753,999.995409,999.994116,999.993150,999.992655,999.992651,999.993130,999.994135,999.995733,999.997974,1000.000799,1000.004030,1000.007453,1000.010856,1000.013954,1000.016396,1000.017792,1000.018017,1000.016814,1000.013643,0.000000,0.000000,0.000000,0.000000,0.000000,0.000000,0.000000,0.000000,0.000000,0.000000,0.000000,0.000000,0.000000,0.000000,0.000000
0.000000,0.000000,0.000000,0.000000,0.000000,0.000000,0.000000,0.000000,0.000000,0.000000,0.000000,0.000000,0.000000,0.000000,999.961438,999.969185,999.977659,999.986623,999.995540,1000.003256,1000.008747,1000.011928,1000.013436,1000.013918,1000.013783,1000.013233,1000.012391,1000.011355,1000.010212,1000.009028,1000.007839,1000.006676,1000.005588,1000.004593,1000.003696,1000.002906,1000.002227,1000.001646,1000.001153,1000.000745,1000.000420,1000.000184,1000.000049,1000.000025,1000.000121,1000.000342,1000.000698,1000.001199,1000.001842,1000.002586,1000.003333,1000.003936,1000.004248,1000.004181,1000.003747,1000.003048,1000.002217,1000.001372,1000.000596,999.999950,999.999470,999.999173,999.999062,999.999115,999.999240,999.999272,999.998999,999.998265,999.997084,999.995674,999.994351,999.993359,999.992794,999.992681,999.993017,999.993826,999.995190,999.997187,999.999793,1000.002870,1000.006238,1000.009729,1000.013144,1000.016214,1000.018540,1000.019689,1000.019485,1000.017620,1000.013513,0.000000,0.000000,0.000000,0.000000,0.000000,0.000000,0.000000,0.000000,0.000000,0.000000,0.000000,0.000000,0.000000,0.000000
0.000000,0.000000,0.000000,0.000000,0.000000,0.000000,0.000000,0.000000,0.000000,0.000000,0.000000,0.000000,0.000000,999.961506,999.967413,999.973885,999.980904,999.988519,999.996196,1000.002730,1000.007192,1000.009598,1000.010554,1000.010638,1000.010188,1000.009383,1000.008344,1000.007160,1000.005905,1000.004643,1000.003414,1000.002250,1000.001193,1000.000260,999.999456,999.998791,999.998259,999.997842,999.997518,999.997273,999.997099,999.997005,999.997008,999.997130,999.997387,999.997791,999.998356,999.999100,1000.000032,1000.001135,1000.002330,1000.003458,1000.004314,1000.004728,1000.004641,1000.004130,1000.003359,1000.002498,1000.001680,1000.000991,1000.000484,1000.000181,1000.000079,1000.000128,1000.000207,1000.000130,999.999699,999.998799,999.997497,999.996027,999.994679,999.993660,999.993026,999.992782,999.992955,999.993578,999.994712,999.996450,999.998800,1000.001658,1000.004869,1000.008280,1000.011740,1000.015066,1000.017975,1000.020030,1000.020753,1000.019928,1000.017203,1000.012026,0.000000,0.000000,0.000000,0.000000,0.000000,0.000000,0.000000,0.000000,0.000000,0.000000,0.000000,0.000000,0.000000
0.000000,0.000000,0.000000,0.000000,0.000000,0.000000,0.000000,0.000000,0.000000,0.000000,0.000000,0.000000,999.963994,999.968176,999.972858,999.977949,999.983587,999.989896,999.996332,1000.001799,1000.005458,1000.007289,1000.007816,1000.007557,1000.006822,1000.005785,1000.004571,1000.003256,1000.001906,1000.000583,999.999322,999.998157,999.997130,999.996258,999.995546,999.995001,999.994614,999.994360,999.994209,999.994134,999.994119,999.994165,999.994289,999.994522,999.994895,999.995433,999.996153,999.997073,999.998211,999.999572,1000.001112,1000.002696,1000.004102,1000.005087,1000.005496,1000.005332,1000.004742,1000.003939,1000.003117,1000.002407,1000.001879,1000.001561,1000.001435,1000.001430,1000.001402,1000.001161,1000.000534,999.999459,999.998039,999.996514,999.995138,999.994071,999.993354,999.992982,999.992988,999.993432,999.994368,999.995863,999.997940,1000.000524,1000.003494,1000.006713,1000.010049,1000.013374,1000.016506,1000.019137,1000.020788,1000.020964,1000.019477,1000.016115,1000.010694,0.000000,0.000000,0.000000,0.000000,0.000000,0.000000,0.000000,0.000000,0.000000,0.000000,0.000000,0.000000
0.000000,0.000000,0.000000,0.000000,0.000000,0.000000,0.000000,0.000000,0.000000,0.000000,0.000000,0.000000,999.970733,999.973744,999.977376,999.981308,999.985734,999.990780,999.996048,1000.000607,1000.003648,1000.005054,1000.005250,1000.004706,1000.003728,1000.002506,1000.001159,999.999749,999.998334,999.996970,999.995686,999.994528,999.993531,999.992707,999.992068,999.991620,999.991353,999.991242,999.991252,999.991348,999.991496,999.991680,999.991913,999.992229,999.992675,999.993291,999.994103,999.995132,999.996395,999.997908,999.999662,1000.001574,1000.003454,1000.005037,1000.006074,1000.006452,1000.006240,1000.005641,1000.004896,1000.004197,1000.003652,1000.003299,1000.003108,1000.002991,1000.002798,1000.002353,1000.001519,1000.000276,999.998750,999.997168,999.995749,999.994617,999.993797,999.993291,999.993140,999.993414,999.994165,999.995431,999.997225,999.999500,1000.002165,1000.005107,1000.008211,1000.011382,1000.014504,1000.017375,1000.019641,1000.020775,1000.020284,1000.018301,1000.015987,0.000000,0.000000,0.000000,0.000000,0.000000,0.000000,0.000000,0.000000,0.000000,0.000000,0.000000,0.000000
0.000000,0.000000,0.000000,0.000000,0.000000,0.000000,0.000000,0.000000,0.000000,0.000000,0.000000,999.970816,999.974697,999.978088,999.981099,999.984043,999.987358,999.991251,999.995469,999.999242,1000.001795,1000.002909,1000.002882,1000.002133,1000.000979,999.999631,999.998195,999.996721,999.995268,999.993887,999.992610,999.991476,999.990510,999.989726,999.989139,999.988755,999.988567,999.988557,999.988697,999.988940,999.989240,999.989561,999.989898,999.990278,999.990757,999.991394,999.992234,999.993305,999.994621,999.996194,999.998035,1000.000112,1000.002308,1000.004397,1000.006095,1000.007176,1000.007573,1000.007401,1000.006890,1000.006278,1000.005733,1000.005324,1000.005028,1000.004753,1000.004355,1000.003686,1000.002650,1000.001262,999.999652,999.998017,999.996541,999.995329,999.994398,999.993748,999.993426,999.993502,999.994041,999.995064,999.996561,999.998500,1000.000826,1000.003444,1000.006252,1000.009185,1000.012163,1000.015050,1000.017608,1000.019441,1000.019960,1000.018515,1000.014887,1000.007524,0.000000,0.000000,0.000000,0.000000,0.000000,0.000000,0.000000,0.000000,0.000000,0.000000,0.000000
0.000000,0.000000,0.000000,0.000000,0.000000,0.000000,0.000000,0.000000,0.000000,0.000000,999.972903,999.976447,999.979301,999.981916,999.984041,999.986132,999.988520,999.991420,999.994699,999.997771,999.999938,1000.000877,1000.000736,999.999871,999.998617,999.997192,999.995699,999.994198,999.992745,999.991387,999.990151,999.989064,999.988144,999.987404,999.986856,999.986507,999.986357,999.986399,999.986611,999.986952,999.987369,999.987812,999.988248,999.988684,999.989170,999.989780,999.990585,999.991629,999.992929,999.994491,999.996320,999.998414,1000.000727,1000.003118,1000.005350,1000.007150,1000.008320,1000.008822,1000.008786,1000.008430,1000.007963,1000.007510,1000.007088,1000.006630,1000.006016,1000.005131,1000.003917,1000.002411,1000.000739,999.999065,999.997531,999.996221,999.995159,999.994348,999.993824,999.993659,999.993924,999.994655,999.995836,999.997428,999.999395,1000.001673,1000.004162,1000.006812,1000.009579,1000.012357,1000.014976,1000.017132,1000.018308,1000.017804,1000.014882,1000.009593,1000.001312,0.000000,0.000000,0.000000,0.000000,0.000000,0.000000,0.000000,0.000000,0.000000,0.000000
0.000000,0.000000,0.000000,0.000000,0.000000,0.000000,0.000000,0.000000,0.000000,999.974092,999.978039,999.980976,999.983187,999.984939,999.986320,999.987684,999.989306,999.991370,999.993831,999.996283,999.998130,999.998977,999.998821,999.997936,999.996645,999.995176,999.993662,999.992174,999.990761,999.989463,999.988299,999.987288,999.986439,999.985760,999.985257,999.984935,999.984798,999.984847,999.985071,999.985444,999.985922,999.986445,999.986960,999.987444,999.987927,999.988481,999.989197,999.990146,999.991363,999.992852,999.994605,999.996616,999.998876,1000.001329,1000.003833,1000.006163,1000.008070,1000.009380,1000.010061,1000.010217,1000.010025,1000.009639,1000.009139,1000.008518,1000.007708,1000.006641,1000.005291,1000.003702,1000.001984,1000.000272,999.998672,999.997243,999.996013,999.994998,999.994234,999.993791,999.993744,999.994138,999.994974,999.996218,999.997834,999.999772,1000.001951,1000.004310,1000.006830,1000.009434,1000.011983,1000.014263,1000.015875,1000.016205,1000.014514,1000.010786,1000.004843,999.996920,0.000000,0.000000,0.000000,0.000000,0.000000,0.000000,0.000000,0.000000,0.000000
0.000000,0.000000,0.000000,0.000000,0.000000,0.000000,0.000000,0.000000,0.000000,999.979020,999.982086,999.984486,999.986139,999.987183,999.987951,999.988742,999.989770,999.991170,999.992946,999.994857,999.996431,999.997241,999.997150,999.996327,999.995053,999.993580,999.992073,999.990620,999.989273,999.988059,999.986990,999.986080,999.985328,999.984735,999.984299,999.984018,999.983894,999.983931,999.984128,999.984475,999.984943,999.985483,999.986034,999.986549,999.987022,999.987508,999.988102,999.988901,999.989970,999.991326,999.992953,999.994828,999.996940,999.999272,1000.001769,1000.004303,1000.006675,1000.008672,1000.010133,1000.011007,1000.011349,1000.011271,1000.010874,1000.010213,1000.009296,1000.008113,1000.006674,1000.005032,1000.003276,1000.001506,999.999802,999.998212,999.996767,999.995503,999.994471,999.993741,999.993388,999.993457,999.993956,999.994862,999.996149,999.997767,999.999653,1000.001751,1000.004021,1000.006417,1000.008834,1000.011106,1000.012955,1000.013906,1000.013311,1000.010715,1000.006418,1000.002567,0.000000,0.000000,0.000000,0.000000,0.000000,0.000000,0.000000,0.000000,0.000000
0.000000,0.000000,0.000000,0.000000,0.000000,0.000000,0.000000,0.000000,999.977955,999.982287,999.985164,999.987097,999.988156,999.988664,999.988987,999.989367,999.989962,999.990860,999.992102,999.993570,999.994905,999.995691,999.995709,999.995015,999.993829,999.992402,999.990924,999.989515,999.988235,999.987106,999.986140,999.985341,999.984704,999.984218,999.983874,999.983660,999.983574,999.983613,999.983777,999.984066,999.984469,999.984958,999.985483,999.985987,999.986436,999.986851,999.987312,999.987929,999.988797,999.989960,999.991413,999.993120,999.995049,999.997177,999.999486,1000.001926,1000.004390,1000.006717,1000.008727,1000.010269,1000.011267,1000.011722,1000.011684,1000.011218,1000.010377,1000.009207,1000.007756,1000.006091,1000.004291,1000.002433,1000.000584,999.998795,999.997113,999.995597,999.994319,999.993349,999.992751,999.992561,999.992785,999.993404,999.994397,999.995731,999.997344,999.999191,1000.001236,1000.003418,1000.005670,1000.007862,1000.009781,1000.011091,1000.011310,1000.009796,1000.005818,999.999225,999.988951,0.000000,0.000000,0.000000,0.000000,0.000000,0.000000,0.000000,0.000000
0.000000,0.000000,0.000000,0.000000,0.000000,0.000000,0.000000,0.000000,999.981995,999.984675,999.987170,999.988688,999.989328,999.989492,999.989521,999.989631,999.989932,999.990481,999.991349,999.992478,999.993591,999.994336,999.994472,999.993962,999.992943,999.991625,999.990214,999.988856,999.987630,999.986571,999.985693,999.984996,999.984468,999.984094,999.983856,999.983735,999.983717,999.983789,999.983945,999.984181,999.984498,999.984886,999.985321,999.985755,999.986146,999.986484,999.986816,999.987243,999.987878,999.988802,999.990032,999.991537,999.993266,999.995177,999.997241,999.999433,1000.001710,1000.003987,1000.006138,1000.008017,1000.009488,1000.010460,1000.010897,1000.010810,1000.010242,1000.009250,1000.007905,1000.006284,1000.004469,1000.002538,1000.000564,999.998616,999.996762,999.995082,999.993656,999.992550,999.991813,999.991464,999.991503,999.991913,999.992672,999.993765,999.995139,999.996741,999.998558,1000.000534,1000.002597,1000.004661,1000.006548,1000.007987,1000.008552,1000.007600,1000.004479,999.998771,999.994353,0.000000,0.000000,0.000000,0.000000,0.000000,0.000000,0.000000,0.000000
0.000000,0.000000,0.000000,0.000000,0.000000,0.000000,0.000000,999.976490,999.982222,999.985912,999.988316,999.989465,999.989823,999.989797,999.989676,999.989638,999.989759,999.990102,999.990733,999.991602,999.992512,999.993191,999.993421,999.993119,999.992333,999.991205,999.989921,999.988639,999.987465,999.986455,999.985636,999.985010,999.984567,999.984289,999.984151,999.984130,999.984199,999.984336,999.984517,999.984732,999.984975,999.985249,999.985548,999.985853,999.986136,999.986372,999.986578,999.986826,999.987227,999.987886,999.988855,999.990122,999.991633,999.993325,999.995151,999.997074,999.999065,1000.001079,1000.003049,1000.004878,1000.006450,1000.007653,1000.008404,1000.008657,1000.008406,1000.007683,1000.006546,1000.005070,1000.003340,1000.001444,999.999470,999.997507,999.995643,999.993964,999.992544,999.991437,999.990677,999.990271,999.990213,999.990489,999.991085,999.991985,999.993158,999.994545,999.996123,999.997873,999.999732,1000.001615,1000.003382,1000.004800,1000.005515,1000.005000,1000.002516,999.996876,999.988249,999.975383,0.000000,0.000000,0.000000,0.000000,0.000000,0.000000,0.000000
0.000000,0.000000,0.000000,0.000000,0.000000,0.000000,0.000000,999.979527,999.982663,999.986243,999.988484,999.989531,999.989824,999.989759,999.989606,999.989515,999.989559,999.989798,999.990274,999.990946,999.991666,999.992247,999.992535,999.992430,999.991909,999.991040,999.989960,999.988813,999.987720,999.986761,999.985979,999.985393,999.985000,999.984783,999.984720,999.984781,999.984934,999.985143,999.985376,999.985603,999.985808,999.985984,999.986135,999.986269,999.986390,999.986486,999.986558,999.986643,999.986828,999.987224,999.987914,999.988916,999.990188,999.991657,999.993258,999.994938,999.996657,999.998376,1000.000050,1000.001618,1000.003004,1000.004125,1000.004901,1000.005272,1000.005204,1000.004698,1000.003786,1000.002525,1000.000994,999.999281,999.997481,999.995688,999.993995,999.992483,999.991212,999.990221,999.989532,999.989146,999.989056,999.989253,999.989736,999.990493,999.991493,999.992693,999.994052,999.995551,999.997172,999.998841,1000.000424,1000.001724,1000.002412,1000.001979,999.999692,999.994834,999.986845,999.980425,0.000000,0.000000,0.000000,0.000000,0.000000,0.000000,0.000000
0.000000,0.000000,0.000000,0.000000,0.000000,0.000000,999.967686,999.976241,999.981992,999.985953,999.988120,999.989154,999.989517,999.989541,999.989453,999.989393,999.989431,999.989608,999.989966,999.990479,999.991024,999.991490,999.991792,999.991836,999.991567,999.990992,999.990183,999.989248,999.988300,999.987429,999.986697,999.986141,999.985771,999.985582,999.985557,999.985666,999.985876,999.986145,999.986431,999.986692,999.986890,999.987000,999.987019,999.986968,999.986884,999.986797,999.986713,999.986645,999.986644,999.986802,999.987218,999.987944,999.988963,999.990206,999.991591,999.993052,999.994539,999.996005,999.997405,999.998690,999.999805,1000.000696,1000.001310,1000.001604,1000.001550,1000.001143,1000.000397,999.999355,999.998078,999.996644,999.995137,999.993642,999.992239,999.990994,999.989952,999.989140,999.988569,999.988242,999.988154,999.988304,999.988697,999.989335,999.990192,999.991226,999.992393,999.993653,999.995006,999.996428,999.997785,999.998887,999.999452,999.999020,999.996965,999.992526,999.984374,999.972817,999.956599,0.000000,0.000000,0.000000,0.000000,0.000000,0.000000
0.000000,0.000000,0.000000,0.000000,0.000000,0.000000,999.969732,999.975026,999.980956,999.984940,999.987308,999.988538,999.989089,999.989285,999.989336,999.989358,999.989406,999.989529,999.989786,999.990152,999.990542,999.990899,999.991174,999.991305,999.991236,999.990937,999.990425,999.989762,999.989032,999.988315,999.987681,999.987179,999.986837,999.986663,999.986649,999.986774,999.987008,999.987309,999.987630,999.987919,999.988124,999.988198,999.988114,999.987887,999.987581,999.987271,999.987003,999.986783,999.986625,999.986586,999.986756,999.987215,999.987977,999.988991,999.990173,999.991440,999.992729,999.993989,999.995171,999.996225,999.997104,999.997768,999.998185,999.998338,999.998217,999.997829,999.997191,999.996336,999.995311,999.994177,999.992999,999.991841,999.990762,999.989808,999.989006,999.988375,999.987922,999.987653,999.987568,999.987675,999.987985,999.988510,999.989236,999.990124,999.991123,999.992183,999.993289,999.994448,999.995554,999.996420,999.996804,999.996264,999.994178,999.989785,999.982424,999.971418,999.961405,0.000000,0.000000,0.000000,0.000000,0.000000,0.000000
0.000000,0.000000,0.000000,0.000000,0.000000,999.951645,999.964224,999.973217,999.979771,999.983878,999.986408,999.987868,999.988663,999.989083,999.989301,999.989409,999.989462,999.989534,999.989693,999.989926,999.990191,999.990450,999.990676,999.990841,999.990900,999.990812,999.990568,999.990190,999.989721,999.989220,999.988749,999.988356,999.988078,999.987936,999.987934,999.988061,999.988295,999.988600,999.988929,999.989228,999.989437,999.989488,999.989327,999.988947,999.988419,999.987868,999.987390,999.987013,999.986722,999.986530,999.986500,999.986718,999.987233,999.988024,999.989013,999.990111,999.991240,999.992341,999.993361,999.994247,999.994952,999.995445,999.995709,999.995744,999.995563,999.995185,999.994637,999.993948,999.993157,999.992305,999.991435,999.990589,999.989802,999.989099,999.988495,999.988002,999.987629,999.987386,999.987283,999.987335,999.987561,999.987973,999.988568,999.989320,999.990173,999.991068,999.991982,999.992913,999.993775,999.994392,999.994554,999.993871,999.991755,999.987542,999.980585,999.969730,999.955544,999.937488,0.000000,0.000000,0.000000,0.000000,0.000000
0.000000,0.000000,0.000000,0.000000,0.000000,999.953332,999.962831,999.971986,999.978438,999.982813,999.985602,999.987312,999.988348,999.988977,999.989344,999.989525,999.989583,999.989612,999.989683,999.989810,999.989969,999.990138,999.990312,999.990471,999.990587,999.990632,999.990588,999.990450,999.990236,999.989977,999.989713,999.989482,999.989321,999.989253,999.989289,999.989431,999.989663,999.989959,999.990277,999.990566,999.990764,999.990791,999.990568,999.990055,999.989322,999.988529,999.987833,999.987295,999.986889,999.986585,999.986406,999.986428,999.986722,999.987302,999.988114,999.989066,999.990073,999.991065,999.991983,999.992769,999.993374,999.993767,999.993942,999.993918,999.993720,999.993383,999.992936,999.992408,999.991825,999.991214,999.990597,999.989995,999.989422,999.988891,999.988409,999.987988,999.987644,999.987392,999.987249,999.987236,999.987376,999.987681,999.988151,999.988770,999.989489,999.990252,999.991031,999.991789,999.992439,999.992836,999.992779,999.991932,999.989734,999.985560,999.978837,999.969245,999.956283,999.943386,0.000000,0.000000,0.000000,0.000000,0.000000
0.000000,0.000000,0.000000,0.000000,999.934341,999.949861,999.961984,999.971265,999.977696,999.982145,999.985096,999.987002,999.988228,999.989021,999.989500,999.989730,999.989803,999.989810,999.989817,999.989849,999.989905,999.989990,999.990103,999.990228,999.990351,999.990457,999.990531,999.990562,999.990551,999.990510,999.990456,999.990415,999.990408,999.990456,999.990570,999.990756,999.991005,999.991298,999.991602,999.991872,999.992048,999.992044,999.991759,999.991126,999.990204,999.989186,999.988282,999.987591,999.987090,999.986710,999.986432,999.986308,999.986419,999.986812,999.987464,999.988295,999.989216,999.990150,999.991031,999.991793,999.992378,999.992753,999.992917,999.992898,999.992735,999.992469,999.992131,999.991746,999.991330,999.990892,999.990443,999.989989,999.989535,999.989087,999.988654,999.988253,999.987902,999.987623,999.987436,999.987364,999.987429,999.987645,999.988010,999.988509,999.989111,999.989766,999.990442,999.991077,999.991561,999.991767,999.991509,999.990479,999.988198,999.984126,999.977827,999.969128,999.957648,999.944352,999.929822,0.000000,0.000000,0.000000,0.000000
0.000000,0.000000,0.000000,0.000000,999.937817,999.951051,999.962593,999.971220,999.977567,999.982026,999.985050,999.987056,999.988392,999.989272,999.989807,999.990079,999.990173,999.990176,999.990141,999.990089,999.990049,999.990045,999.990079,999.990146,999.990241,999.990356,999.990480,999.990605,999.990727,999.990846,999.990968,999.991101,999.991255,999.991440,999.991662,999.991923,999.992215,999.992526,999.992827,999.993082,999.993231,999.993186,999.992828,999.992075,999.990982,999.989768,999.988686,999.987869,999.987295,999.986873,999.986541,999.986320,999.986290,999.986527,999.987041,999.987777,999.988647,999.989571,999.990477,999.991289,999.991937,999.992374,999.992596,999.992636,999.992542,999.992356,999.992112,999.991828,999.991512,999.991168,999.990797,999.990403,999.989990,999.989566,999.989145,999.988744,999.988385,999.988090,999.987880,999.987774,999.987792,999.987945,999.988233,999.988643,999.989151,999.989719,999.990307,999.990838,999.991184,999.991216,999.990762,999.989539,999.987162,999.983211,999.977397,999.969641,999.960108,999.948706,999.936717,0.000000,0.000000,0.000000,0.000000
0.000000,0.000000,0.000000,0.000000,999.939435,999.953274,999.964205,999.972324,999.978298,999.982550,999.985490,999.987484,999.988830,999.989712,999.990265,999.990570,999.990692,999.990704,999.990644,999.990536,999.990419,999.990324,999.990266,999.990255,999.990292,999.990376,999.990501,999.990661,999.990851,999.991068,999.991311,999.991578,999.991869,999.992183,999.992518,999.992868,999.993225,999.993573,999.993889,999.994137,999.994258,999.994157,999.993707,999.992824,999.991579,999.990212,999.989002,999.988101,999.987487,999.987051,999.986702,999.986428,999.986300,999.986413,999.986815,999.987479,999.988329,999.989285,999.990270,999.991197,999.991973,999.992530,999.992854,999.992978,999.992956,999.992834,999.992646,999.992409,999.992131,999.991814,999.991462,999.991080,999.990676,999.990263,999.989855,999.989471,999.989129,999.988851,999.988653,999.988552,999.988560,999.988686,999.988932,999.989285,999.989722,999.990213,999.990708,999.991116,999.991309,999.991152,999.990481,999.989054,999.986598,999.982853,999.977666,999.971012,999.962978,999.953398,999.942503,0.000000,0.000000,0.000000,0.000000
0.000000,0.000000,0.000000,0.000000,999.943832,999.957549,999.967266,999.974461,999.979775,999.983608,999.986290,999.988135,999.989389,999.990228,999.990773,999.991104,999.991272,999.991312,999.991256,999.991133,999.990976,999.990814,999.990672,999.990571,999.990526,999.990545,999.990631,999.990780,999.990989,999.991252,999.991564,999.991918,999.992308,999.992723,999.993154,999.993589,999.994013,999.994407,999.994745,999.994988,999.995070,999.994890,999.994323,999.993305,999.991934,999.990471,999.989201,999.988272,999.987657,999.987235,999.986896,999.986604,999.986415,999.986435,999.986748,999.987361,999.988214,999.989233,999.990337,999.991423,999.992368,999.993073,999.993509,999.993711,999.993741,999.993654,999.993486,999.993257,999.992980,999.992662,999.992310,999.991935,999.991548,999.991163,999.990794,999.990457,999.990168,999.989941,999.989790,999.989726,999.989759,999.989892,999.990121,999.990437,999.990814,999.991214,999.991580,999.991816,999.991800,999.991408,999.990499,999.988896,999.986438,999.983003,999.978535,999.973045,999.966530,999.958859,999.949377,0.000000,0.000000,0.000000,0.000000
0.000000,0.000000,0.000000,999.944026,999.954403,999.963452,999.971180,999.977301,999.981799,999.984994,999.987225,999.988774,999.989847,999.990594,999.991119,999.991490,999.991723,999.991827,999.991830,999.991754,999.991618,999.991442,999.991253,999.991077,999.990944,999.990876,999.990888,999.990986,999.991171,999.991438,999.991777,999.992178,999.992627,999.993110,999.993611,999.994111,999.994588,999.995018,999.995368,999.995589,999.995607,999.995316,999.994610,999.993465,999.992014,999.990528,999.989275,999.988379,999.987803,999.987420,999.987112,999.986827,999.986605,999.986559,999.986802,999.987376,999.988247,999.989346,999.990590,999.991856,999.992984,999.993838,999.994374,999.994633,999.994693,999.994618,999.994452,999.994220,999.993938,999.993620,999.993280,999.992928,999.992578,999.992242,999.991933,999.991664,999.991444,999.991285,999.991196,999.991183,999.991251,999.991397,999.991614,999.991885,999.992182,999.992460,999.992651,999.992664,999.992389,999.991734,999.990609,999.988912,999.986569,999.983552,999.979841,999.975401,999.970182,999.964357,999.958359,999.952092,0.000000,0.000000,0.000000
0.000000,0.000000,0.000000,999.947946,999.960489,999.969077,999.975781,999.980665,999.984124,999.986504,999.988123,999.989238,999.990028,999.990614,999.991086,999.991481,999.991797,999.992022,999.992156,999.992205,999.992174,999.992066,999.991900,999.991703,999.991508,999.991355,999.991273,999.991288,999.991411,999.991640,999.991966,999.992375,999.992848,999.993366,999.993905,999.994440,999.994945,999.995383,999.995714,999.995878,999.995794,999.995366,999.994521,999.993286,999.991827,999.990404,999.989245,999.988439,999.987936,999.987611,999.987346,999.987082,999.986846,999.986753,999.986938,999.987481,999.988371,999.989551,999.990935,999.992380,999.993685,999.994677,999.995295,999.995595,999.995672,999.995604,999.995440,999.995210,999.994934,999.994631,999.994315,999.993999,999.993693,999.993410,999.993160,999.992951,999.992792,999.992688,999.992645,999.992665,999.992745,999.992881,999.993058,999.993252,999.993432,999.993554,999.993546,999.993329,999.992815,999.991943,999.990682,999.988994,999.986863,999.984308,999.981315,999.977823,999.973698,999.968728,999.963040,999.955306,0.000000,0.000000,0.000000
0.000000,0.000000,0.000000,999.956564,999.967164,999.974958,999.980419,999.984114,999.986531,999.988038,999.988954,999.989524,999.989927,999.990266,999.990594,999.990952,999.991342,999.991717,999.992041,999.992294,999.992454,999.992508,999.992456,999.992318,999.992126,999.991925,999.991763,999.991683,999.991714,999.991866,999.992136,999.992509,999.992964,999.993476,999.994015,999.994549,999.995040,999.995447,999.995716,999.995783,999.995570,999.995004,999.994059,999.992808,999.991430,999.990155,999.989155,999.988481,999.988073,999.987814,999.987596,999.987357,999.987118,999.986989,999.987123,999.987633,999.988534,999.989781,999.991287,999.992892,999.994359,999.995474,999.996165,999.996499,999.996592,999.996535,999.996380,999.996161,999.995900,999.995616,999.995325,999.995037,999.994764,999.994516,999.994301,999.994125,999.993994,999.993911,999.993877,999.993890,999.993945,999.994029,999.994126,999.994212,999.994254,999.994210,999.994024,999.993627,999.992963,999.991988,999.990692,999.989094,999.987217,999.985085,999.982685,999.979921,999.976613,999.972465,999.967219,999.960654,0.000000,0.000000,0.000000
0.000000,0.000000,0.000000,999.967459,999.975516,999.981047,999.984950,999.987459,999.988874,999.989541,999.989754,999.989748,999.989694,999.989682,999.989767,999.990006,999.990396,999.990882,999.991403,999.991899,999.992312,999.992605,999.992757,999.992769,999.992664,999.992485,999.992290,999.992135,999.992070,999.992120,999.992294,999.992586,999.992974,999.993430,999.993919,999.994401,999.994831,999.995160,999.995329,999.995276,999.994938,999.994276,999.993310,999.992138,999.990931,999.989868,999.989066,999.988543,999.988234,999.988038,999.987861,999.987646,999.987405,999.987244,999.987328,999.987795,999.988691,999.989979,999.991575,999.993309,999.994916,999.996146,999.996908,999.997280,999.997394,999.997352,999.997210,999.997002,999.996752,999.996478,999.996196,999.995917,999.995653,999.995412,999.995203,999.995028,999.994893,999.994797,999.994738,999.994711,999.994707,999.994713,999.994711,999.994683,999.994597,999.994416,999.994104,999.993610,999.992887,999.991913,999.990675,999.989203,999.987552,999.985748,999.983779,999.981557,999.978884,999.975509,999.971237,999.965939,0.000000,0.000000,0.000000
0.000000,0.000000,999.973547,999.979549,999.982768,999.986316,999.989055,999.990550,999.991072,999.990985,999.990564,999.990013,999.989482,999.989067,999.988840,999.988860,999.989144,999.989656,999.990313,999.991023,999.991700,999.992272,999.992687,999.992924,999.992989,999.992914,999.992755,999.992578,999.992444,999.992396,999.992458,999.992633,999.992909,999.993259,999.993644,999.994023,999.994346,999.994561,999.994612,999.994446,999.994025,999.993344,999.992447,999.991440,999.990461,999.989637,999.989038,999.988657,999.988436,999.988290,999.988140,999.987938,999.987692,999.987498,999.987526,999.987939,999.988806,999.990102,999.991747,999.993570,999.995291,999.996631,999.997472,999.997890,999.998030,999.998003,999.997869,999.997663,999.997411,999.997131,999.996840,999.996552,999.996278,999.996028,999.995809,999.995623,999.995470,999.995348,999.995252,999.995174,999.995104,999.995031,999.994940,999.994816,999.994638,999.994374,999.993994,999.993466,999.992748,999.991819,999.990675,999.989325,999.987829,999.986240,999.984544,999.982674,999.980432,999.977551,999.973980,999.970101,999.964170,0.000000,0.000000
0.000000,0.000000,999.973690,999.982775,999.987351,999.990848,999.992691,999.993295,999.993066,999.992354,999.991399,999.990365,999.989385,999.988569,999.987990,999.987726,999.987825,999.988259,999.988949,999.989797,999.990691,999.991524,999.992216,999.992719,999.993012,999.993111,999.993063,999.992931,999.992783,999.992673,999.992638,999.992695,999.992840,999.993053,999.993301,999.993541,999.993729,999.993816,999.993757,999.993513,999.993070,999.992441,999.991682,999.990881,999.990140,999.989538,999.989111,999.988844,999.988684,999.988565,999.988426,999.988225,999.987965,999.987734,999.987701,999.988043,999.988854,999.990122,999.991770,999.993636,999.995442,999.996885,999.997817,999.998294,999.998464,999.998448,999.998314,999.998101,999.997836,999.997540,999.997234,999.996932,999.996650,999.996396,999.996176,999.995989,999.995831,999.995695,999.995574,999.995457,999.995335,999.995201,999.995046,999.994857,999.994624,999.994324,999.993926,999.993398,999.992711,999.991834,999.990759,999.989493,999.988076,999.986579,999.985012,999.983312,999.981302,999.978667,999.975038,999.970556,999.964102,0.000000,0.000000
0.000000,0.000000,999.978274,999.986231,999.991375,999.994442,999.995708,999.995690,999.994874,999.993640,999.992231,999.990794,999.989427,999.988231,999.987314,999.986762,999.986626,999.986902,999.987533,999.988421,999.989441,999.990471,999.991406,999.992166,999.992707,999.993024,999.993145,999.993125,999.993029,999.992916,999.992833,999.992805,999.992839,999.992924,999.993034,999.993136,999.993194,999.993167,999.993024,999.992744,999.992324,999.991787,999.991182,999.990575,999.990033,999.989602,999.989296,999.989099,999.988968,999.988854,999.988707,999.988491,999.988210,999.987938,999.987837,999.988095,999.988824,999.990026,999.991631,999.993493,999.995347,999.996882,999.997914,999.998464,999.998674,999.998671,999.998535,999.998312,999.998033,999.997727,999.997416,999.997120,999.996853,999.996624,999.996434,999.996277,999.996143,999.996019,999.995894,999.995758,999.995604,999.995429,999.995231,999.995004,999.994741,999.994426,999.994036,999.993531,999.992877,999.992051,999.991020,999.989779,999.988374,999.986870,999.985301,999.983603,999.981589,999.978954,999.975321,999.970479,999.964428,0.000000,0.000000
0.000000,0.000000,999.983408,999.990121,999.994940,999.997559,999.998345,999.997807,999.996501,999.994834,999.993048,999.991261,999.989561,999.988056,999.986853,999.986039,999.985668,999.985750,999.986251,999.987085,999.988134,999.989273,999.990378,999.991349,999.992121,999.992663,999.992984,999.993126,999.993143,999.993093,999.993025,999.992970,999.992944,999.992943,999.992954,999.992952,999.992910,999.992802,999.992608,999.992318,999.991938,999.991489,999.991010,999.990545,999.990136,999.989808,999.989568,999.989397,999.989265,999.989133,999.988962,999.988722,999.988413,999.988097,999.987925,999.988087,999.988713,999.989819,999.991339,999.993145,999.995004,999.996610,999.997746,999.998389,999.998655,999.998677,999.998548,999.998326,999.998051,999.997756,999.997470,999.997215,999.997005,999.996843,999.996724,999.996633,999.996553,999.996464,999.996351,999.996206,999.996029,999.995821,999.995589,999.995335,999.995055,999.994739,999.994365,999.993898,999.993298,999.992526,999.991535,999.990298,999.988859,999.987285,999.985600,999.983753,999.981568,999.978748,999.974964,999.969968,999.964029,0.000000,0.000000
0.000000,0.000000,999.987983,999.993912,999.998197,1000.000368,1000.000686,999.999696,999.997977,999.995948,999.993833,999.991736,999.989763,999.988022,999.986603,999.985582,999.985000,999.984882,999.985215,999.985932,999.986931,999.988087,999.989277,999.990390,999.991343,999.992086,999.992610,999.992937,999.993110,999.993177,999.993184,999.993165,999.993140,999.993113,999.993078,999.993019,999.992921,999.992766,999.992545,999.992256,999.991905,999.991514,999.991110,999.990723,999.990379,999.990095,999.989871,999.989693,999.989537,999.989373,999.989168,999.988898,999.988557,999.988198,999.987956,999.988018,999.988528,999.989513,999.990915,999.992623,999.994438,999.996082,999.997317,999.998069,999.998416,999.998489,999.998392,999.998197,999.997956,999.997710,999.997492,999.997325,999.997218,999.997166,999.997153,999.997154,999.997139,999.997086,999.996978,999.996813,999.996598,999.996346,999.996072,999.995788,999.995498,999.995195,999.994858,999.994458,999.993949,999.993271,999.992362,999.991170,999.989710,999.988037,999.986159,999.984028,999.981512,999.978360,999.974267,999.969017,999.962809,0.000000,0.000000
0.000000,0.000000,999.991868,999.997318,1000.001138,1000.002891,1000.002787,1000.001399,999.999328,999.996986,999.994578,999.992227,999.990037,999.988108,999.986537,999.985363,999.984606,999.984306,999.984466,999.985038,999.985931,999.987033,999.988230,999.989409,999.990480,999.991380,999.992082,999.992591,999.992935,999.993151,999.993276,999.993343,999.993370,999.993367,999.993334,999.993262,999.993143,999.992968,999.992732,999.992439,999.992099,999.991729,999.991350,999.990987,999.990659,999.990375,999.990136,999.989931,999.989741,999.989540,999.989301,999.989000,999.988631,999.988234,999.987926,999.987891,999.988278,999.989130,999.990393,999.991969,999.993698,999.995338,999.996651,999.997520,999.997979,999.998138,999.998110,999.997983,999.997819,999.997669,999.997568,999.997535,999.997572,999.997660,999.997767,999.997856,999.997889,999.997839,999.997698,999.997472,999.997179,999.996849,999.996510,999.996184,999.995884,999.995610,999.995347,999.995065,999.994713,999.994219,999.993491,999.992449,999.991065,999.989333,999.987239,999.984747,999.981766,999.978119,999.973554,999.967863,999.961096,0.000000,0.000000
0.000000,0.000000,999.995113,1000.000255,1000.003732,1000.005135,1000.004676,1000.002946,1000.000564,999.997949,999.995304,999.992740,999.990371,999.988309,999.986619,999.985322,999.984433,999.983985,999.983992,999.984413,999.985173,999.986178,999.987322,999.988503,999.989627,999.990627,999.991467,999.992134,999.992641,999.993010,999.993270,999.993445,999.993555,999.993609,999.993608,999.993552,999.993435,999.993253,999.993008,999.992705,999.992356,999.991978,999.991591,999.991218,999.990873,999.990567,999.990299,999.990062,999.989838,999.989604,999.989337,999.989012,999.988622,999.988195,999.987834,999.987709,999.987978,999.988694,999.989810,999.991238,999.992846,999.994441,999.995801,999.996785,999.997379,999.997665,999.997754,999.997742,999.997706,999.997701,999.997761,999.997899,999.998100,999.998330,999.998537,999.998674,999.998699,999.998590,999.998349,999.997999,999.997575,999.997123,999.996685,999.996297,999.995983,999.995754,999.995601,999.995496,999.995384,999.995186,999.994782,999.994050,999.992905,999.991261,999.989046,999.986213,999.982708,999.978430,999.973220,999.966895,999.959364,0.000000,0.000000
0.000000,0.000000,999.997784,1000.002729,1000.005969,1000.007106,1000.006365,1000.004354,1000.001708,999.998857,999.996009,999.993272,999.990764,999.988589,999.986800,999.985410,999.984423,999.983864,999.983744,999.984027,999.984651,999.985536,999.986591,999.987723,999.988847,999.989895,999.990822,999.991607,999.992247,999.992753,999.993140,999.993428,999.993631,999.993755,999.993806,999.993782,999.993683,999.993506,999.993255,999.992937,999.992566,999.992161,999.991744,999.991337,999.990958,999.990619,999.990319,999.990052,999.989802,999.989546,999.989261,999.988924,999.988523,999.988079,999.987679,999.987480,999.987641,999.988228,999.989204,999.990483,999.991957,999.993475,999.994849,999.995931,999.996672,999.997121,999.997374,999.997529,999.997670,999.997853,999.998105,999.998426,999.998782,999.999118,999.999371,999.999483,999.999418,999.999168,999.998752,999.998212,999.997604,999.996989,999.996425,999.995961,999.995633,999.995462,999.995446,999.995562,999.995754,999.995936,999.995981,999.995724,999.995008,999.993684,999.991591,999.988602,999.984656,999.979709,999.973719,999.966590,999.958149,0.000000,0.000000
0.000000,0.000000,999.999935,1000.004768,1000.007858,1000.008810,1000.007860,1000.005630,1000.002770,999.999721,999.996698,999.993821,999.991193,999.988915,999.987045,999.985581,999.984522,999.983884,999.983663,999.983827,999.984323,999.985084,999.986031,999.987084,999.988167,999.989216,999.990184,999.991043,999.991779,999.992391,999.992888,999.993281,999.993577,999.993782,999.993899,999.993927,999.993863,999.993706,999.993457,999.993124,999.992721,999.992272,999.991804,999.991342,999.990912,999.990526,999.990190,999.989895,999.989625,999.989358,999.989068,999.988730,999.988332,999.987886,999.987465,999.987211,999.987282,999.987757,999.988608,999.989752,999.991097,999.992526,999.993889,999.995048,999.995937,999.996572,999.997028,999.997394,999.997750,999.998146,999.998597,999.999082,999.999549,999.999925,1000.000139,1000.000137,999.999896,999.999427,999.998774,999.997998,999.997175,999.996382,999.995690,999.995159,999.994834,999.994742,999.994885,999.995242,999.995759,999.996345,999.996872,999.997174,999.997046,999.996263,999.994593,999.991794,999.987693,999.982230,999.975461,999.967432,999.957995,0.000000,0.000000
0.000000,0.000000,1000.001614,1000.006397,1000.009410,1000.010252,1000.009163,1000.006772,1000.003743,1000.000533,999.997369,999.994372,999.991641,999.989276,999.987331,999.985803,999.984690,999.983990,999.983687,999.983750,999.984131,999.984773,999.985609,999.986570,999.987587,999.988604,999.989577,999.990473,999.991272,999.991967,999.992559,999.993051,999.993447,999.993748,999.993952,999.994055,999.994050,999.993932,999.993697,999.993350,999.992907,999.992394,999.991845,999.991298,999.990786,999.990332,999.989943,999.989613,999.989324,999.989050,999.988764,999.988437,999.988053,999.987619,999.987196,999.986911,999.986916,999.987299,999.988047,999.989082,999.990319,999.991665,999.993007,999.994230,999.995259,999.996090,999.996772,999.997376,999.997964,999.998573,999.999199,999.999799,1000.000305,1000.000634,1000.000718,1000.000516,1000.000030,999.999294,999.998374,999.997354,999.996325,999.995378,999.994593,999.994035,999.993754,999.993778,999.994107,999.994711,999.995535,999.996491,999.997456,999.998275,999.998754,999.998635,999.997623,999.995374,999.991546,999.985946,999.978629,999.969782,999.959390,0.000000,0.000000
0.000000,0.000000,1000.002842,1000.007629,1000.010633,1000.011440,1000.010279,1000.007781,1000.004621,1000.001277,999.997997,999.994906,999.992094,999.989651,999.987636,999.986052,999.984887,999.984131,999.983759,999.983736,999.984020,999.984557,999.985289,999.986157,999.987103,999.988077,999.989036,999.989951,999.990798,999.991567,999.992250,999.992846,999.993352,999.993764,999.994075,999.994275,999.994351,999.994291,999.994085,999.993731,999.993240,999.992642,999.991981,999.991307,999.990672,999.990110,999.989638,999.989252,999.988932,999.988648,999.988367,999.988058,999.987698,999.987289,999.986882,999.986588,999.986552,999.986870,999.987540,999.988494,999.989653,999.990940,999.992270,999.993551,999.994715,999.995740,999.996652,999.997494,999.998307,999.999101,999.999850,1000.000493,1000.000950,1000.001143,1000.001018,1000.000559,999.999792,999.998779,999.997608,999.996380,999.995199,999.994161,999.993352,999.992834,999.992654,999.992834,999.993365,999.994217,999.995319,999.996581,999.997897,999.999132,1000.000118,1000.000628,1000.000352,999.998883,999.995724,999.990472,999.983051,999.973702,999.962604,0.000000,0.000000
0.000000,0.000000,1000.003615,1000.008468,1000.011531,1000.012375,1000.011211,1000.008663,1000.005410,1000.001948,999.998565,999.995393,999.992511,999.990008,999.987930,999.986285,999.985070,999.984264,999.983835,999.983744,999.983950,999.984403,999.985051,999.985842,999.986728,999.987664,999.988614,999.989548,999.990443,999.991284,999.992059,999.992759,999.993377,999.993904,999.994328,999.994634,999.994803,999.994816,999.994654,999.994307,999.993776,999.993088,999.992294,999.991460,999.990657,999.989942,999.989346,999.988871,999.988497,999.988189,999.987907,999.987615,999.987285,999.986911,999.986534,999.986254,999.986203,999.986481,999.987100,999.988002,999.989114,999.990372,999.991709,999.993055,999.994349,999.995559,999.996687,999.997747,999.998748,999.999674,1000.000476,1000.001079,1000.001405,1000.001390,1000.001006,1000.000266,999.999225,999.997968,999.996603,999.995241,999.993991,999.992951,999.992199,999.991791,999.991762,999.992121,999.992856,999.993932,999.995277,999.996789,999.998367,999.999918,1000.001302,1000.002325,1000.002721,1000.002071,999.999790,999.995282,999.988253,999.978881,999.967511,0.000000,0.000000
0.000000,0.000000,1000.003928,1000.008912,1000.012100,1000.013049,1000.011950,1000.009413,1000.006112,1000.002553,999.999067,999.995817,999.992870,999.990308,999.988173,999.986471,999.985210,999.984365,999.983894,999.983757,999.983909,999.984302,999.984891,999.985629,999.986474,999.987388,999.988339,999.989297,999.990241,999.991148,999.992004,999.992796,999.993511,999.994136,999.994657,999.995058,999.995316,999.995409,999.995309,999.994994,999.994453,999.993700,999.992784,999.991782,999.990789,999.989887,999.989129,999.988530,999.988072,999.987718,999.987422,999.987139,999.986837,999.986505,999.986171,999.985922,999.985879,999.986142,999.986734,999.987608,999.988702,999.989959,999.991326,999.992748,999.994170,999.995551,999.996868,999.998106,999.999242,1000.000231,1000.001007,1000.001492,1000.001620,1000.001353,1000.000695,999.999690,999.998419,999.996988,999.995513,999.994111,999.992887,999.991930,999.991306,999.991056,999.991202,999.991742,999.992660,999.993919,999.995457,999.997177,999.998969,1000.000764,1000.002461,1000.003900,1000.004851,1000.004927,1000.003529,999.999944,999.993670,999.984738,999.973585,0.000000,0.000000
0.000000,0.000000,1000.003772,1000.008959,1000.012339,1000.013457,1000.012487,1000.010015,1000.006709,1000.003096,999.999519,999.996178,999.993163,999.990537,999.988349,999.986605,999.985310,999.984441,999.983947,999.983781,999.983898,999.984252,999.984799,999.985500,999.986318,999.987221,999.988178,999.989160,999.990143,999.991103,999.992021,999.992879,999.993661,999.994355,999.994945,999.995415,999.995745,999.995912,999.995883,999.995628,999.995118,999.994350,999.993359,999.992224,999.991055,999.989962,999.989024,999.988275,999.987707,999.987283,999.986953,999.986668,999.986388,999.986096,999.985812,999.985608,999.985593,999.985861,999.986444,999.987312,999.988408,999.989685,999.991101,999.992609,999.994156,999.995688,999.997160,999.998525,999.999730,1000.000708,1000.001385,1000.001691,1000.001581,1000.001052,1000.000139,999.998917,999.997488,999.995968,999.994478,999.993128,999.992012,999.991203,999.990751,999.990681,999.990999,999.991699,999.992764,999.994164,999.995853,999.997742,999.999726,1000.001734,1000.003692,1000.005476,1000.006877,1000.007549,1000.006914,1000.004216,999.998824,999.990624,999.980071,0.000000,0.000000
0.000000,0.000000,1000.003143,1000.008605,1000.012249,1000.013599,1000.012814,1000.010459,1000.007196,1000.003564,999.999929,999.996505,999.993408,999.990720,999.988488,999.986717,999.985407,999.984527,999.984021,999.983834,999.983923,999.984241,999.984751,999.985419,999.986215,999.987110,999.988073,999.989076,999.990089,999.991087,999.992045,999.992943,999.993763,999.994491,999.995115,999.995622,999.995995,999.996214,999.996249,999.996063,999.995616,999.994885,999.993883,999.992679,999.991386,999.990135,999.989032,999.988131,999.987440,999.986928,999.986545,999.986241,999.985973,999.985716,999.985484,999.985332,999.985357,999.985645,999.986235,999.987107,999.988217,999.989527,999.991002,999.992599,999.994262,999.995923,999.997509,999.998946,1000.000154,1000.001054,1000.001575,1000.001665,1000.001310,1000.000537,999.999416,999.998046,999.996540,999.995021,999.993601,999.992377,999.991425,999.990799,999.990532,999.990636,999.991109,999.991943,999.993123,999.994632,999.996444,999.998481,1000.000640,1000.002841,1000.005030,1000.007107,1000.008878,1000.010023,1000.009976,1000.007993,1000.003386,999.995983,999.986234,0.000000,0.000000
0.000000,0.000000,1000.002053,1000.007877,1000.011843,1000.013475,1000.012925,1000.010734,1000.007561,1000.003951,1000.000302,999.996829,999.993658,999.990911,999.988644,999.986862,999.985551,999.984665,999.984144,999.983931,999.983981,999.984255,999.984723,999.985360,999.986139,999.987033,999.988009,999.989034,999.990074,999.991097,999.992077,999.992989,999.993816,999.994546,999.995169,999.995676,999.996057,999.996296,999.996369,999.996240,999.995863,999.995199,999.994241,999.993037,999.991694,999.990350,999.989127,999.988101,999.987294,999.986689,999.986241,999.985904,999.985632,999.985401,999.985215,999.985118,999.985187,999.985503,999.986107,999.986989,999.988117,999.989460,999.990992,999.992672,999.994437,999.996198,999.997857,999.999312,1000.000466,1000.001238,1000.001569,1000.001433,1000.000848,999.999877,999.998612,999.997170,999.995669,999.994227,999.992941,999.991890,999.991128,999.990692,999.990600,999.990857,999.991463,999.992411,999.993690,999.995297,999.997219,999.999387,1000.001701,1000.004081,1000.006481,1000.008814,1000.010894,1000.012394,1000.012749,1000.011230,1000.007140,1000.000352,999.991499,0.000000,0.000000
0.000000,0.000000,1000.000564,1000.006859,1000.011132,1000.013080,1000.012809,1000.010829,1000.007791,1000.004265,1000.000648,999.997162,999.993953,999.991167,999.988880,999.987092,999.985778,999.984880,999.984330,999.984073,999.984069,999.984292,999.984720,999.985335,999.986112,999.987021,999.988022,999.989075,999.990136,999.991170,999.992146,999.993041,999.993842,999.994539,999.995127,999.995603,999.995961,999.996190,999.996272,999.996175,999.995853,999.995261,999.994376,999.993230,999.991912,999.990552,999.989276,999.988174,999.987282,999.986594,999.986079,999.985697,999.985408,999.985189,999.985039,999.984989,999.985102,999.985447,999.986063,999.986953,999.988092,999.989461,999.991037,999.992784,999.994626,999.996456,999.998147,999.999576,1000.000635,1000.001248,1000.001379,1000.001032,1000.000257,999.999145,999.997809,999.996368,999.994941,999.993629,999.992515,999.991653,999.991081,999.990822,999.990888,999.991282,999.992006,999.993058,999.994439,999.996152,999.998177,1000.000457,1000.002907,1000.005456,1000.008058,1000.010616,1000.012942,1000.014686,1000.015264,1000.013912,1000.009975,1000.003263,999.995353,0.000000,0.000000
0.000000,0.000000,999.998898,1000.005740,1000.010102,1000.012386,1000.012448,1000.010738,1000.007892,1000.004496,1000.000953,999.997505,999.994312,999.991523,999.989228,999.987433,999.986102,999.985172,999.984573,999.984256,999.984192,999.984368,999.984771,999.985387,999.986187,999.987130,999.988165,999.989239,999.990304,999.991319,999.992255,999.993096,999.993833,999.994466,999.994994,999.995417,999.995733,999.995934,999.996004,999.995915,999.995628,999.995099,999.994301,999.993249,999.992016,999.990715,999.989461,999.988345,999.987412,999.986667,999.986092,999.985660,999.985343,999.985120,999.984989,999.984973,999.985120,999.985486,999.986109,999.986995,999.988133,999.989509,999.991108,999.992895,999.994785,999.996650,999.998338,999.999707,1000.000646,1000.001094,1000.001037,1000.000513,999.999602,999.998415,999.997073,999.995695,999.994387,999.993236,999.992302,999.991626,999.991232,999.991136,999.991349,999.991876,999.992722,999.993888,999.995382,999.997207,999.999335,1000.001713,1000.004276,1000.006979,1000.009764,1000.012507,1000.015012,1000.016905,1000.017553,1000.016139,1000.011967,1000.004261,999.996576,0.000000,0.000000
0.000000,0.000000,999.997683,1000.004607,1000.008815,1000.011323,1000.011791,1000.010446,1000.007862,1000.004641,1000.001215,999.997848,999.994723,999.991984,999.989700,999.987885,999.986515,999.985530,999.984866,999.984483,999.984367,999.984516,999.984923,999.985570,999.986415,999.987401,999.988462,999.989534,999.990564,999.991516,999.992370,999.993117,999.993762,999.994308,999.994761,999.995123,999.995391,999.995558,999.995607,999.995516,999.995252,999.994777,999.994070,999.993138,999.992036,999.990854,999.989690,999.988621,999.987694,999.986924,999.986306,999.985828,999.985472,999.985230,999.985099,999.985097,999.985260,999.985632,999.986247,999.987115,999.988232,999.989591,999.991185,999.992977,999.994879,999.996745,999.998402,999.999692,1000.000505,1000.000798,1000.000585,999.999932,999.998943,999.997740,999.996446,999.995172,999.994008,999.993024,999.992267,999.991766,999.991542,999.991611,999.991982,999.992660,999.993648,999.994946,999.996564,999.998500,1000.000721,1000.003170,1000.005825,1000.008653,1000.011566,1000.014435,1000.017050,1000.019027,1000.019737,1000.018270,1000.013294,1000.003745,999.991579,0.000000,0.000000
0.000000,0.000000,0.000000,1000.001668,1000.006809,1000.009911,1000.010854,1000.009933,1000.007678,1000.004687,1000.001420,999.998178,999.995171,999.992522,999.990265,999.988421,999.986994,999.985940,999.985207,999.984770,999.984626,999.984781,999.985228,999.985931,999.986831,999.987849,999.988905,999.989930,999.990874,999.991714,999.992444,999.993070,999.993605,999.994058,999.994436,999.994739,999.994963,999.995098,999.995129,999.995036,999.994795,999.994380,999.993774,999.992983,999.992046,999.991027,999.990000,999.989027,999.988148,999.987384,999.986743,999.986224,999.985826,999.985548,999.985395,999.985384,999.985540,999.985898,999.986485,999.987314,999.988387,999.989702,999.991256,999.993016,999.994891,999.996725,999.998327,999.999530,1000.000228,1000.000393,1000.000067,999.999337,999.998324,999.997154,999.995945,999.994794,999.993781,999.992963,999.992381,999.992062,999.992028,999.992291,999.992856,999.993717,999.994872,999.996314,999.998045,1000.000068,1000.002346,1000.004840,1000.007548,1000.010435,1000.013409,1000.016332,1000.018987,1000.020967,1000.021595,1000.020027,1000.015730,1000.009857,0.000000,0.000000,0.000000
0.000000,0.000000,0.000000,999.998510,1000.004421,1000.008122,1000.009619,1000.009167,1000.007303,1000.004604,1000.001549,999.998485,999.995637,999.993094,999.990872,999.989004,999.987519,999.986398,999.985611,999.985148,999.985014,999.985214,999.985728,999.986501,999.987443,999.988458,999.989457,999.990375,999.991180,999.991866,999.992446,999.992940,999.993365,999.993733,999.994047,999.994302,999.994491,999.994605,999.994629,999.994550,999.994351,999.994014,999.993529,999.992900,999.992150,999.991319,999.990457,999.989607,999.988803,999.988069,999.987420,999.986867,999.986422,999.986095,999.985900,999.985852,999.985974,999.986292,999.986829,999.987597,999.988600,999.989842,999.991321,999.993009,999.994818,999.996587,999.998119,999.999238,999.999841,999.999916,999.999521,999.998764,999.997771,999.996667,999.995563,999.994547,999.993690,999.993048,999.992663,999.992567,999.992775,999.993290,999.994098,999.995178,999.996510,999.998076,999.999881,1000.001932,1000.004209,1000.006697,1000.009389,1000.012254,1000.015210,1000.018108,1000.020719,1000.022608,1000.023094,1000.021538,1000.017868,1000.012676,0.000000,0.000000,0.000000
0.000000,0.000000,0.000000,999.995609,1000.002348,1000.006050,1000.008041,1000.008102,1000.006685,1000.004345,1000.001573,999.998737,999.996074,999.993661,999.991490,999.989606,999.988076,999.986914,999.986108,999.985658,999.985576,999.985856,999.986455,999.987284,999.988230,999.989183,999.990059,999.990811,999.991433,999.991942,999.992368,999.992739,999.993072,999.993375,999.993641,999.993865,999.994038,999.994150,999.994193,999.994158,999.994034,999.993808,999.993472,999.993022,999.992468,999.991831,999.991137,999.990417,999.989697,999.989001,999.988351,999.987767,999.987271,999.986882,999.986622,999.986512,999.986571,999.986823,999.987285,999.987968,999.988878,999.990018,999.991390,999.992969,999.994674,999.996350,999.997798,999.998840,999.999374,999.999396,999.998977,999.998234,999.997294,999.996279,999.995295,999.994428,999.993751,999.993327,999.993202,999.993405,999.993936,999.994772,999.995867,999.997175,999.998656,1000.000292,1000.002094,1000.004084,1000.006269,1000.008657,1000.011249,1000.014010,1000.016861,1000.019668,1000.022164,1000.023850,1000.024000,1000.021926,1000.017345,1000.012093,0.000000,0.000000,0.000000
0.000000,0.000000,0.000000,999.994456,1000.000441,1000.003701,1000.005944,1000.006621,1000.005768,1000.003863,1000.001434,999.998879,999.996440,999.994174,999.992075,999.990209,999.988670,999.987506,999.986730,999.986343,999.986353,999.986735,999.987409,999.988255,999.989139,999.989956,999.990641,999.991182,999.991600,999.991936,999.992228,999.992503,999.992773,999.993034,999.993277,999.993493,999.993676,999.993822,999.993926,999.993981,999.993978,999.993901,999.993738,999.993477,999.993116,999.992658,999.992117,999.991513,999.990867,999.990205,999.989550,999.988930,999.988373,999.987909,999.987565,999.987366,999.987335,999.987493,999.987855,999.988431,999.989226,999.990242,999.991480,999.992919,999.994487,999.996044,999.997397,999.998370,999.998860,999.998864,999.998459,999.997762,999.996902,999.995998,999.995159,999.994478,999.994039,999.993913,999.994147,999.994750,999.995691,999.996901,999.998296,999.999801,1000.001362,1000.002967,1000.004651,1000.006456,1000.008424,1000.010601,1000.012997,1000.015573,1000.018255,1000.020906,1000.023208,1000.024599,1000.024314,1000.021463,1000.015635,1000.007204,0.000000,0.000000,0.000000
0.000000,0.000000,0.000000,0.000000,999.994828,1000.000129,1000.003377,1000.004754,1000.004509,1000.003106,1000.001077,999.998847,999.996662,999.994577,999.992590,999.990789,999.989301,999.988198,999.987507,999.987235,999.987368,999.987847,999.988557,999.989349,999.990090,999.990695,999.991141,999.991451,999.991676,999.991867,999.992063,999.992279,999.992515,999.992762,999.993011,999.993255,999.993494,999.993726,999.993946,999.994145,999.994307,999.994411,999.994434,999.994359,999.994172,999.993869,999.993455,999.992942,999.992350,999.991703,999.991029,999.990358,999.989727,999.989169,999.988719,999.988408,999.988262,999.988302,999.988543,999.988992,999.989653,999.990527,999.991612,999.992890,999.994298,999.995715,999.996963,999.997871,999.998337,999.998354,999.997994,999.997373,999.996621,999.995862,999.995213,999.994785,999.994676,999.994960,999.995667,999.996770,999.998183,999.999788,1000.001456,1000.003079,1000.004599,1000.006031,1000.007444,1000.008913,1000.010526,1000.012372,1000.014482,1000.016817,1000.019285,1000.021715,1000.023731,1000.024694,1000.023866,1000.020805,1000.016238,0.000000,0.000000,0.000000,0.000000
0.000000,0.000000,0.000000,0.000000,999.989443,999.995983,1000.000265,1000.002466,1000.002871,1000.002026,1000.000451,999.998588,999.996685,999.994817,999.993001,999.991335,999.989972,999.989005,999.988462,999.988343,999.988607,999.989152,999.989825,999.990472,999.990985,999.991325,999.991513,999.991609,999.991678,999.991771,999.991913,999.992107,999.992342,999.992608,999.992903,999.993226,999.993578,999.993957,999.994349,999.994737,999.995094,999.995391,999.995598,999.995691,999.995654,999.995478,999.995163,999.994718,999.994159,999.993507,999.992793,999.992052,999.991324,999.990651,999.990073,999.989627,999.989343,999.989243,999.989343,999.989650,999.990166,999.990888,999.991811,999.992916,999.994153,999.995416,999.996550,999.997398,999.997856,999.997909,999.997623,999.997111,999.996506,999.995942,999.995555,999.995474,999.995806,999.996615,999.997896,999.999566,1000.001482,1000.003462,1000.005325,1000.006934,1000.008242,1000.009315,1000.010278,1000.011253,1000.012379,1000.013802,1000.015572,1000.017622,1000.019832,1000.021980,1000.023624,1000.024108,1000.022743,1000.019337,1000.014042,0.000000,0.000000,0.000000,0.000000
0.000000,0.000000,0.000000,0.000000,999.984900,999.992518,999.996932,999.999748,1000.000796,1000.000548,999.999483,999.998037,999.996468,999.994864,999.993285,999.991852,999.990699,999.989932,999.989592,999.989648,999.990019,999.990560,999.991101,999.991512,999.991737,999.991792,999.991745,999.991674,999.991643,999.991687,999.991815,999.992018,999.992286,999.992613,999.993005,999.993464,999.993988,999.994562,999.995161,999.995754,999.996306,999.996781,999.997147,999.997382,999.997467,999.997395,999.997162,999.996773,999.996239,999.995578,999.994816,999.993992,999.993150,999.992340,999.991611,999.991006,999.990563,999.990306,999.990251,999.990406,999.990770,999.991337,999.992097,999.993032,999.994096,999.995204,999.996224,999.997014,999.997477,999.997588,999.997407,999.997043,999.996636,999.996335,999.996296,999.996662,999.997540,999.998964,1000.000882,1000.003150,1000.005556,1000.007840,1000.009759,1000.011161,1000.012048,1000.012555,1000.012885,1000.013233,1000.013795,1000.014750,1000.016144,1000.017878,1000.019797,1000.021607,1000.022802,1000.022691,1000.020586,1000.016493,1000.010200,0.000000,0.000000,0.000000,0.000000
0.000000,0.000000,0.000000,0.000000,999.982980,999.989255,999.993434,999.996386,999.998139,999.998563,999.998087,999.997117,999.995937,999.994678,999.993432,999.992321,999.991472,999.990975,999.990868,999.991094,999.991511,999.991948,999.992257,999.992366,999.992285,999.992085,999.991859,999.991685,999.991608,999.991645,999.991789,999.992032,999.992369,999.992803,999.993342,999.993982,999.994708,999.995489,999.996286,999.997058,999.997764,999.998370,999.998850,999.999185,999.999362,999.999374,999.999219,999.998895,999.998407,999.997763,999.996981,999.996094,999.995147,999.994197,999.993303,999.992523,999.991903,999.991474,999.991255,999.991252,999.991464,999.991880,999.992487,999.993263,999.994168,999.995131,999.996045,999.996788,999.997269,999.997463,999.997420,999.997249,999.997098,999.997133,999.997524,999.998422,999.999914,1000.002001,1000.004575,1000.007431,1000.010261,1000.012705,1000.014465,1000.015418,1000.015652,1000.015408,1000.014977,1000.014630,1000.014608,1000.015092,1000.016098,1000.017499,1000.019090,1000.020497,1000.021156,1000.020346,1000.017706,1000.013052,1000.005790,0.000000,0.000000,0.000000,0.000000
0.000000,0.000000,0.000000,0.000000,0.000000,999.981784,999.988836,999.992415,999.994861,999.995972,999.996145,999.995740,999.995036,999.994214,999.993403,999.992710,999.992246,999.992092,999.992236,999.992577,999.992945,999.993176,999.993184,999.992975,999.992623,999.992232,999.991899,999.991683,999.991604,999.991660,999.991844,999.992154,999.992593,999.993169,999.993881,999.994709,999.995620,999.996567,999.997502,999.998379,999.999163,999.999827,1000.000353,1000.000732,1000.000960,1000.001036,1000.000958,1000.000723,1000.000326,999.999763,999.999037,999.998162,999.997173,999.996126,999.995089,999.994138,999.993335,999.992727,999.992340,999.992180,999.992244,999.992520,999.992989,999.993627,999.994396,999.995237,999.996065,999.996778,999.997298,999.997600,999.997730,999.997799,999.997961,999.998393,999.999275,1000.000749,1000.002879,1000.005627,1000.008838,1000.012215,1000.015321,1000.017690,1000.019010,1000.019256,1000.018655,1000.017556,1000.016326,1000.015295,1000.014722,1000.014756,1000.015377,1000.016426,1000.017641,1000.018583,1000.018627,1000.017070,1000.013904,1000.007849,0.000000,0.000000,0.000000,0.000000,0.000000
0.000000,0.000000,0.000000,0.000000,0.000000,999.978715,999.983932,999.987760,999.990620,999.992610,999.993572,999.993849,999.993740,999.993462,999.993174,999.992998,999.993003,999.993218,999.993590,999.993966,999.994175,999.994126,999.993822,999.993339,999.992792,999.992292,999.991917,999.991702,999.991646,999.991737,999.991975,999.992370,999.992929,999.993652,999.994519,999.995492,999.996520,999.997548,999.998526,999.999413,1000.000183,1000.000820,1000.001319,1000.001682,1000.001915,1000.002027,1000.002019,1000.001889,1000.001627,1000.001217,1000.000644,999.999896,999.998984,999.997945,999.996845,999.995772,999.994812,999.994034,999.993483,999.993174,999.993102,999.993254,999.993607,999.994134,999.994798,999.995549,999.996319,999.997028,999.997611,999.998049,999.998387,999.998735,999.999251,1000.000118,1000.001514,1000.003564,1000.006307,1000.009676,1000.013452,1000.017203,1000.020340,1000.022325,1000.022923,1000.022279,1000.020768,1000.018820,1000.016844,1000.015199,1000.014133,1000.013742,1000.013971,1000.014634,1000.015395,1000.015750,1000.015029,1000.013024,1000.009460,1000.003603,0.000000,0.000000,0.000000,0.000000,0.000000
0.000000,0.000000,0.000000,0.000000,0.000000,0.000000,999.974484,999.981863,999.985674,999.988526,999.990324,999.991402,999.992028,999.992431,999.992782,999.993200,999.993721,999.994294,999.994809,999.995113,999.995092,999.994755,999.994190,999.993520,999.992868,999.992329,999.991957,999.991761,999.991733,999.991864,999.992164,999.992646,999.993312,999.994145,999.995106,999.996144,999.997197,999.998212,999.999143,999.999958,1000.000639,1000.001183,1000.001596,1000.001891,1000.002086,1000.002198,1000.002238,1000.002206,1000.002093,1000.001878,1000.001528,1000.001012,1000.000307,999.999417,999.998386,999.997295,999.996248,999.995343,999.994653,999.994210,999.994022,999.994071,999.994335,999.994782,999.995376,999.996075,999.996823,999.997557,999.998230,999.998830,999.999402,1000.000055,1000.000945,1000.002253,1000.004145,1000.006728,1000.010025,1000.013933,1000.018133,1000.022024,1000.024878,1000.026180,1000.025871,1000.024286,1000.021909,1000.019205,1000.016593,1000.014418,1000.012895,1000.012080,1000.011891,1000.012099,1000.012310,1000.011979,1000.010434,1000.007691,1000.001525,0.000000,0.000000,0.000000,0.000000,0.000000,0.000000
0.000000,0.000000,0.000000,0.000000,0.000000,0.000000,999.970458,999.975664,999.979923,999.983457,999.986319,999.988380,999.989899,999.991130,999.992253,999.993341,999.994369,999.995229,999.995780,999.995928,999.995672,999.995108,999.994378,999.993618,999.992934,999.992397,999.992042,999.991865,999.991858,999.992024,999.992377,999.992924,999.993653,999.994532,999.995510,999.996529,999.997532,999.998470,999.999302,999.999999,1000.000552,1000.000965,1000.001254,1000.001446,1000.001568,1000.001648,1000.001706,1000.001746,1000.001761,1000.001732,1000.001622,1000.001384,1000.000969,1000.000346,999.999519,999.998546,999.997525,999.996576,999.995799,999.995261,999.994983,999.994959,999.995163,999.995564,999.996126,999.996809,999.997570,999.998362,999.999149,999.999930,1000.000751,1000.001717,1000.002976,1000.004699,1000.007035,1000.010079,1000.013838,1000.018155,1000.022571,1000.026309,1000.028582,1000.029011,1000.027760,1000.025306,1000.022181,1000.018843,1000.015688,1000.013038,1000.011075,1000.009817,1000.009147,1000.008781,1000.008264,1000.007006,1000.004922,1000.001695,999.996728,0.000000,0.000000,0.000000,0.000000,0.000000,0.000000
0.000000,0.000000,0.000000,0.000000,0.000000,0.000000,0.000000,999.965136,999.972981,999.977772,999.981691,999.984806,999.987373,999.989599,999.991613,999.993418,999.994907,999.995938,999.996441,999.996432,999.995998,999.995301,999.994506,999.993730,999.993057,999.992533,999.992185,999.992014,999.992014,999.992197,999.992575,999.993144,999.993879,999.994737,999.995669,999.996622,999.997544,999.998387,999.999106,999.999674,1000.000082,1000.000343,1000.000486,1000.000551,1000.000577,1000.000603,1000.000651,1000.000734,1000.000846,1000.000969,1000.001066,1000.001089,1000.000974,1000.000666,1000.000133,999.999394,999.998523,999.997637,999.996858,999.996282,999.995960,999.995898,999.996079,999.996469,999.997034,999.997739,999.998545,999.999421,1000.000343,1000.001315,1000.002385,1000.003651,1000.005250,1000.007338,1000.010045,1000.013455,1000.017554,1000.022107,1000.026489,1000.029795,1000.031288,1000.030804,1000.028695,1000.025511,1000.021766,1000.017887,1000.014252,1000.011155,1000.008730,1000.006966,1000.005713,1000.004646,1000.003299,1000.001071,999.997925,999.991008,0.000000,0.000000,0.000000,0.000000,0.000000,0.000000,0.000000
0.000000,0.000000,0.000000,0.000000,0.000000,0.000000,0.000000,999.959716,999.965746,999.971290,999.976299,999.980715,999.984538,999.987926,999.990926,999.993432,999.995292,999.996422,999.996858,999.996741,999.996226,999.995487,999.994689,999.993931,999.993278,999.992760,999.992397,999.992207,999.992194,999.992366,999.992728,999.993269,999.993958,999.994755,999.995618,999.996502,999.997352,999.998111,999.998725,999.999159,999.999409,999.999501,999.999481,999.999405,999.999326,999.999287,999.999316,999.999426,999.999609,999.999848,1000.000107,1000.000338,1000.000479,1000.000464,1000.000242,999.999796,999.999166,999.998446,999.997762,999.997228,999.996922,999.996871,999.997067,999.997484,999.998087,999.998845,999.999726,1000.000707,1000.001773,1000.002936,1000.004243,1000.005781,1000.007674,1000.010058,1000.013047,1000.016714,1000.021012,1000.025599,1000.029703,1000.032372,1000.033022,1000.031698,1000.028870,1000.025090,1000.020821,1000.016462,1000.012376,1000.008813,1000.005871,1000.003514,1000.001542,999.999576,999.997128,999.994151,999.990357,999.985291,0.000000,0.000000,0.000000,0.000000,0.000000,0.000000,0.000000
0.000000,0.000000,0.000000,0.000000,0.000000,0.000000,0.000000,0.000000,999.955389,999.963915,999.970530,999.976308,999.981524,999.986208,999.990242,999.993410,999.995570,999.996766,999.997183,999.997037,999.996524,999.995802,999.995017,999.994274,999.993623,999.993089,999.992690,999.992451,999.992394,999.992522,999.992829,999.993302,999.993916,999.994643,999.995451,999.996290,999.997094,999.997787,999.998299,999.998592,999.998669,999.998577,999.998385,999.998167,999.997986,999.997889,999.997904,999.998038,999.998281,999.998609,999.998988,999.999371,999.999701,999.999918,999.999964,999.999805,999.999451,999.998968,999.998464,999.998056,999.997837,999.997854,999.998114,999.998596,999.999271,1000.000110,1000.001089,1000.002188,1000.003402,1000.004747,1000.006266,1000.008036,1000.010165,1000.012768,1000.015945,1000.019754,1000.024097,1000.028517,1000.032144,1000.034078,1000.033920,1000.031876,1000.028463,1000.024180,1000.019441,1000.014630,1000.010073,1000.005985,1000.002445,999.999386,999.996581,999.993656,999.990108,999.985782,999.977791,0.000000,0.000000,0.000000,0.000000,0.000000,0.000000,0.000000,0.000000
0.000000,0.000000,0.000000,0.000000,0.000000,0.000000,0.000000,0.000000,999.948206,999.956278,999.964171,999.971565,999.978434,999.984555,999.989637,999.993412,999.995844,999.997121,999.997575,999.997476,999.997008,999.996324,999.995551,999.994794,999.994113,999.993533,999.993072,999.992761,999.992627,999.992675,999.992898,999.993282,999.993817,999.994490,999.995270,999.996097,999.996879,999.997515,999.997921,999.998061,999.997956,999.997678,999.997319,999.996972,999.996707,999.996570,999.996582,999.996744,999.997039,999.997437,999.997901,999.998385,999.998840,999.999216,999.999461,999.999541,999.999449,999.999227,999.998959,999.998748,999.998688,999.998836,999.999209,999.999797,1000.000576,1000.001522,1000.002614,1000.003839,1000.005199,1000.006708,1000.008407,1000.010364,1000.012666,1000.015411,1000.018683,1000.022517,1000.026752,1000.030835,1000.033863,1000.035045,1000.034158,1000.031517,1000.027608,1000.022867,1000.017681,1000.012398,1000.007315,1000.002627,999.998393,999.994518,999.990738,999.986663,999.982127,999.977002,999.970864,0.000000,0.000000,0.000000,0.000000,0.000000,0.000000,0.000000,0.000000
0.000000,0.000000,0.000000,0.000000,0.000000,0.000000,0.000000,0.000000,0.000000,999.947776,999.957480,999.966659,999.975322,999.983029,999.989187,999.993551,999.996257,999.997655,999.998175,999.998137,999.997728,999.997087,999.996318,999.995518,999.994769,999.994110,999.993559,999.993152,999.992918,999.992862,999.992981,999.993274,999.993741,999.994380,999.995159,999.995997,999.996772,999.997357,999.997655,999.997638,999.997353,999.996900,999.996396,999.995946,999.995623,999.995467,999.995489,999.995681,999.996017,999.996461,999.996976,999.997517,999.998043,999.998511,999.998886,999.999140,999.999267,999.999295,999.999285,999.999319,999.999477,999.999814,1000.000350,1000.001084,1000.001998,1000.003073,1000.004291,1000.005646,1000.007142,1000.008794,1000.010639,1000.012734,1000.015149,1000.017961,1000.021241,1000.024990,1000.028986,1000.032610,1000.034977,1000.035435,1000.033913,1000.030757,1000.026392,1000.021208,1000.015557,1000.009754,1000.004071,999.998687,999.993653,999.988873,999.984120,999.979011,999.972970,999.963997,0.000000,0.000000,0.000000,0.000000,0.000000,0.000000,0.000000,0.000000,0.000000
0.000000,0.000000,0.000000,0.000000,0.000000,0.000000,0.000000,0.000000,0.000000,999.939019,999.949955,999.961416,999.972154,999.981758,999.988972,999.993936,999.996948,999.998501,999.999099,999.999107,999.998730,999.998107,999.997327,999.996464,999.995613,999.994839,999.994175,999.993654,999.993305,999.993134,999.993142,999.993344,999.993756,999.994378,999.995172,999.996036,999.996818,999.997359,999.997556,999.997392,999.996943,999.996341,999.995723,999.995202,999.994846,999.994687,999.994724,999.994938,999.995296,999.995760,999.996290,999.996847,999.997395,999.997904,999.998351,999.998723,999.999022,999.999272,999.999519,999.999821,1000.000237,1000.000808,1000.001552,1000.002469,1000.003544,1000.004764,1000.006118,1000.007602,1000.009223,1000.010996,1000.012953,1000.015139,1000.017609,1000.020425,1000.023637,1000.027209,1000.030862,1000.033943,1000.035631,1000.035417,1000.033321,1000.029680,1000.024870,1000.019227,1000.013064,1000.006676,1000.000309,999.994131,999.988191,999.982389,999.976508,999.970465,999.963818,999.955722,0.000000,0.000000,0.000000,0.000000,0.000000,0.000000,0.000000,0.000000,0.000000
0.000000,0.000000,0.000000,0.000000,0.000000,0.000000,0.000000,0.000000,0.000000,0.000000,999.940895,999.955621,999.969049,999.980934,999.989105,999.994610,999.997958,999.999715,1000.000406,1000.000442,1000.000058,999.999404,999.998574,999.997626,999.996652,999.995738,999.994943,999.994304,999.993838,999.993547,999.993443,999.993553,999.993911,999.994522,999.995340,999.996244,999.997048,999.997563,999.997675,999.997386,999.996802,999.996084,999.995386,999.994822,999.994453,999.994297,999.994343,999.994562,999.994916,999.995367,999.995876,999.996411,999.996943,999.997454,999.997934,999.998386,999.998821,999.999267,999.999757,1000.000332,1000.001026,1000.001861,1000.002845,1000.003971,1000.005228,1000.006607,1000.008101,1000.009711,1000.011444,1000.013316,1000.015354,1000.017591,1000.020068,1000.022836,1000.025917,1000.029238,1000.032467,1000.034950,1000.035965,1000.035118,1000.032480,1000.028366,1000.023091,1000.016949,1000.010218,1000.003161,999.996015,999.988942,999.981981,999.975058,999.967964,999.960934,999.953466,0.000000,0.000000,0.000000,0.000000,0.000000,0.000000,0.000000,0.000000,0.000000,0.000000
0.000000,0.000000,0.000000,0.000000,0.000000,0.000000,0.000000,0.000000,0.000000,0.000000,0.000000,999.949059,999.967483,999.980390,999.989590,999.995553,999.999233,1000.001245,1000.002077,1000.002137,1000.001717,1000.000989,1000.000059,999.998996,999.997884,999.996825,999.995891,999.995133,999.994557,999.994150,999.993932,999.993944,999.994238,999.994836,999.995685,999.996641,999.997486,999.997999,999.998053,999.997667,999.996982,999.996185,999.995439,999.994854,999.994480,999.994322,999.994359,999.994558,999.994880,999.995284,999.995740,999.996221,999.996711,999.997201,999.997696,999.998210,999.998764,999.999388,1000.000109,1000.000952,1000.001928,1000.003039,1000.004276,1000.005625,1000.007076,1000.008620,1000.010255,1000.011985,1000.013818,1000.015770,1000.017860,1000.020115,1000.022567,1000.025242,1000.028141,1000.031149,1000.033890,1000.035746,1000.036101,1000.034653,1000.031495,1000.026891,1000.021113,1000.014416,1000.007038,999.999223,999.991202,999.983134,999.975076,999.966893,999.958365,999.949400,0.000000,0.000000,0.000000,0.000000,0.000000,0.000000,0.000000,0.000000,0.000000,0.000000,0.000000
0.000000,0.000000,0.000000,0.000000,0.000000,0.000000,0.000000,0.000000,0.000000,0.000000,0.000000,0.000000,999.974113,999.981005,999.989456,999.996200,1000.000585,1000.003000,1000.004037,1000.004153,1000.003682,1000.002852,1000.001792,1000.000591,999.999330,999.998117,999.997045,999.996165,999.995482,999.994969,999.994637,999.994543,999.994761,999.995334,999.996215,999.997239,999.998149,999.998687,999.998713,999.998264,999.997513,999.996669,999.995900,999.995306,999.994924,999.994750,999.994756,999.994908,999.995166,999.995498,999.995876,999.996286,999.996722,999.997187,999.997697,999.998273,999.998946,999.999743,1000.000687,1000.001787,1000.003036,1000.004417,1000.005905,1000.007479,1000.009124,1000.010832,1000.012603,1000.014444,1000.016365,1000.018379,1000.020500,1000.022750,1000.025148,1000.027699,1000.030377,1000.033019,1000.035237,1000.036469,1000.036185,1000.034156,1000.030464,1000.025329,1000.018994,1000.011666,1000.003555,999.994884,999.985865,999.976679,999.967443,999.958174,999.948686,0.000000,0.000000,0.000000,0.000000,0.000000,0.000000,0.000000,0.000000,0.000000,0.000000,0.000000,0.000000
0.000000,0.000000,0.000000,0.000000,0.000000,0.000000,0.000000,0.000000,0.000000,0.000000,0.000000,0.000000,999.966925,999.979176,999.989081,999.996579,1000.001764,1000.004784,1000.006147,1000.006390,1000.005903,1000.004967,1000.003766,1000.002415,1000.001007,999.999639,999.998421,999.997414,999.996616,999.996001,999.995559,999.995355,999.995486,999.996019,999.996928,999.998036,999.999038,999.999630,999.999659,999.999182,999.998397,999.997532,999.996756,999.996155,999.995755,999.995547,999.995501,999.995582,999.995756,999.995998,999.996291,999.996629,999.997018,999.997471,999.998011,999.998666,999.999467,1000.000441,1000.001600,1000.002942,1000.004445,1000.006075,1000.007797,1000.009583,1000.011410,1000.013272,1000.015170,1000.017113,1000.019109,1000.021170,1000.023308,1000.025538,1000.027866,1000.030278,1000.032707,1000.034962,1000.036655,1000.037265,1000.036350,1000.033723,1000.029451,1000.023732,1000.016765,1000.008729,999.999798,999.990154,999.980014,999.969608,999.959094,999.948480,999.937616,0.000000,0.000000,0.000000,0.000000,0.000000,0.000000,0.000000,0.000000,0.000000,0.000000,0.000000,0.000000
0.000000,0.000000,0.000000,0.000000,0.000000,0.000000,0.000000,0.000000,0.000000,0.000000,0.000000,0.000000,0.000000,999.975050,999.987587,999.996427,1000.002466,1000.006292,1000.008187,1000.008678,1000.008259,1000.007268,1000.005942,1000.004446,1000.002896,1000.001385,1000.000017,999.998869,999.997943,999.997209,999.996660,999.996347,999.996385,999.996875,999.997810,999.999009,1000.000128,1000.000811,1000.000879,1000.000405,999.999618,999.998752,999.997974,999.997363,999.996936,999.996679,999.996565,999.996563,999.996647,999.996801,999.997019,999.997304,999.997670,999.998138,999.998734,999.999490,1000.000434,1000.001586,1000.002951,1000.004513,1000.006240,1000.008089,1000.010016,1000.011985,1000.013973,1000.015972,1000.017985,1000.020017,1000.022076,1000.024173,1000.026316,1000.028518,1000.030770,1000.033028,1000.035201,1000.037063,1000.038215,1000.038192,1000.036625,1000.033354,1000.028453,1000.022092,1000.014434,1000.005620,999.995774,999.985059,999.973717,999.961972,999.949801,999.937121,0.000000,0.000000,0.000000,0.000000,0.000000,0.000000,0.000000,0.000000,0.000000,0.000000,0.000000,0.000000,0.000000
0.000000,0.000000,0.000000,0.000000,0.000000,0.000000,0.000000,0.000000,0.000000,0.000000,0.000000,0.000000,0.000000,0.000000,999.985620,999.995739,1000.002599,1000.007118,1000.009759,1000.010740,1000.010541,1000.009601,1000.008222,1000.006616,1000.004939,1000.003302,1000.001794,1000.000494,999.999420,999.998544,999.997874,999.997459,999.997410,999.997857,999.998822,1000.000121,1000.001381,1000.002192,1000.002339,1000.001904,1000.001140,1000.000293,999.999521,999.998898,999.998438,999.998126,999.997941,999.997860,999.997867,999.997955,999.998125,999.998390,999.998771,999.999289,999.999972,1000.000852,1000.001949,1000.003274,1000.004825,1000.006579,1000.008492,1000.010518,1000.012609,1000.014726,1000.016847,1000.018963,1000.021074,1000.023183,1000.025295,1000.027419,1000.029562,1000.031725,1000.033881,1000.035965,1000.037859,1000.039296,1000.039884,1000.039213,1000.036950,1000.032988,1000.027419,1000.020370,1000.011977,1000.002324,999.991494,999.979659,999.967051,999.953639,999.939364,0.000000,0.000000,0.000000,0.000000,0.000000,0.000000,0.000000,0.000000,0.000000,0.000000,0.000000,0.000000,0.000000,0.000000
0.000000,0.000000,0.000000,0.000000,0.000000,0.000000,0.000000,0.000000,0.000000,0.000000,0.000000,0.000000,0.000000,0.000000,0.000000,999.993982,1000.001955,1000.007171,1000.010442,1000.012140,1000.012427,1000.011721,1000.010419,1000.008791,1000.007030,1000.005281,1000.003648,1000.002199,1000.000967,999.999944,999.999137,999.998615,999.998491,999.998902,999.999899,1000.001314,1000.002742,1000.003716,1000.003986,1000.003630,1000.002920,1000.002113,1000.001361,1000.000733,1000.000245,999.999890,999.999650,999.999512,999.999472,999.999531,999.999696,999.999984,1000.000419,1000.001022,1000.001821,1000.002839,1000.004088,1000.005573,1000.007283,1000.009187,1000.011243,1000.013400,1000.015611,1000.017837,1000.020059,1000.022266,1000.024459,1000.026637,1000.028796,1000.030942,1000.033077,1000.035180,1000.037206,1000.039088,1000.040661,1000.041631,1000.041625,1000.040254,1000.037245,1000.032555,1000.026272,1000.018484,1000.009327,999.998795,999.986985,999.974072,999.959928,999.944367,0.000000,0.000000,0.000000,0.000000,0.000000,0.000000,0.000000,0.000000,0.000000,0.000000,0.000000,0.000000,0.000000,0.000000,0.000000
0.000000,0.000000,0.000000,0.000000,0.000000,0.000000,0.000000,0.000000,0.000000,0.000000,0.000000,0.000000,0.000000,0.000000,0.000000,0.000000,999.999831,1000.006156,1000.010120,1000.012449,1000.013462,1000.013279,1000.012260,1000.010762,1000.009014,1000.007201,1000.005459,1000.003874,1000.002491,1000.001326,1000.000394,999.999758,999.999557,999.999939,1000.000974,1000.002512,1000.004134,1000.005317,1000.005755,1000.005522,1000.004904,1000.004164,1000.003457,1000.002848,1000.002359,1000.001987,1000.001725,1000.001571,1000.001529,1000.001605,1000.001812,1000.002170,1000.002696,1000.003415,1000.004348,1000.005504,1000.006891,1000.008510,1000.010341,1000.012352,1000.014505,1000.016749,1000.019035,1000.021330,1000.023616,1000.025890,1000.028147,1000.030378,1000.032582,1000.034749,1000.036854,1000.038869,1000.040745,1000.042382,1000.043580,1000.044023,1000.043351,1000.041221,1000.037435,1000.031961,1000.024848,1000.016300,1000.006340,999.994979,999.982382,999.968194,999.951965,0.000000,0.000000,0.000000,0.000000,0.000000,0.000000,0.000000,0.000000,0.000000,0.000000,0.000000,0.000000,0.000000,0.000000,0.000000,0.000000
0.000000,0.000000,0.000000,0.000000,0.000000,0.000000,0.000000,0.000000,0.000000,0.000000,0.000000,0.000000,0.000000,0.000000,0.000000,0.000000,0.000000,1000.003431,1000.008517,1000.011563,1000.013234,1000.013822,1000.013381,1000.012248,1000.010680,1000.008915,1000.007127,1000.005441,1000.003930,1000.002634,1000.001587,1000.000851,1000.000558,1000.000892,1000.001960,1000.003628,1000.005469,1000.006908,1000.007570,1000.007510,1000.007026,1000.006393,1000.005771,1000.005227,1000.004780,1000.004437,1000.004204,1000.004088,1000.004095,1000.004239,1000.004536,1000.004998,1000.005642,1000.006494,1000.007560,1000.008846,1000.010354,1000.012072,1000.013984,1000.016061,1000.018264,1000.020550,1000.022871,1000.025197,1000.027522,1000.029838,1000.032133,1000.034400,1000.036629,1000.038789,1000.040838,1000.042744,1000.044438,1000.045772,1000.046508,1000.046338,1000.044935,1000.042012,1000.037406,1000.031045,1000.022906,1000.013601,1000.002780,999.990996,999.977530,999.961432,0.000000,0.000000,0.000000,0.000000,0.000000,0.000000,0.000000,0.000000,0.000000,0.000000,0.000000,0.000000,0.000000,0.000000,0.000000,0.000000,0.000000
0.000000,0.000000,0.000000,0.000000,0.000000,0.000000,0.000000,0.000000,0.000000,0.000000,0.000000,0.000000,0.000000,0.000000,0.000000,0.000000,0.000000,0.000000,1000.005071,1000.009249,1000.011650,1000.012950,1000.013344,1000.012866,1000.011728,1000.010190,1000.008487,1000.006783,1000.005191,1000.003785,1000.002626,1000.001789,1000.001405,1000.001672,1000.002747,1000.004550,1000.006636,1000.008377,1000.009334,1000.009514,1000.009220,1000.008744,1000.008262,1000.007835,1000.007490,1000.007238,1000.007093,1000.007073,1000.007183,1000.007445,1000.007873,1000.008468,1000.009248,1000.010226,1000.011409,1000.012803,1000.014402,1000.016190,1000.018149,1000.020250,1000.022462,1000.024753,1000.027078,1000.029413,1000.031764,1000.034103,1000.036412,1000.038684,1000.040892,1000.043004,1000.044970,1000.046720,1000.048152,1000.049076,1000.049240,1000.048361,1000.046173,1000.042438,1000.037014,1000.029638,1000.020230,1000.009895,999.998500,999.986627,999.971590,0.000000,0.000000,0.000000,0.000000,0.000000,0.000000,0.000000,0.000000,0.000000,0.000000,0.000000,0.000000,0.000000,0.000000,0.000000,0.000000,0.000000,0.000000
0.000000,0.000000,0.000000,0.000000,0.000000,0.000000,0.000000,0.000000,0.000000,0.000000,0.000000,0.000000,0.000000,0.000000,0.000000,0.000000,0.000000,0.000000,0.000000,1000.005015,1000.008494,1000.010567,1000.011915,1000.012174,1000.011725,1000.010670,1000.009242,1000.007660,1000.006075,1000.004612,1000.003361,1000.002424,1000.001950,1000.002150,1000.003219,1000.005139,1000.007493,1000.009593,1000.010926,1000.011437,1000.011414,1000.011167,1000.010878,1000.010628,1000.010444,1000.010345,1000.010352,1000.010483,1000.010751,1000.011170,1000.011755,1000.012512,1000.013434,1000.014522,1000.015799,1000.017270,1000.018924,1000.020750,1000.022720,1000.024815,1000.027019,1000.029290,1000.031598,1000.033940,1000.036302,1000.038648,1000.040946,1000.043180,1000.045328,1000.047338,1000.049136,1000.050625,1000.051655,1000.052016,1000.051476,1000.049790,1000.046764,1000.042282,1000.036036,1000.027620,1000.017384,1000.003899,999.992571,999.980614,0.000000,0.000000,0.000000,0.000000,0.000000,0.000000,0.000000,0.000000,0.000000,0.000000,0.000000,0.000000,0.000000,0.000000,0.000000,0.000000,0.000000,0.000000,0.000000
0.000000,0.000000,0.000000,0.000000,0.000000,0.000000,0.000000,0.000000,0.000000,0.000000,0.000000,0.000000,0.000000,0.000000,0.000000,0.000000,0.000000,0.000000,0.000000,0.000000,1000.003375,1000.006379,1000.009173,1000.010113,1000.010274,1000.009900,1000.008998,1000.007726,1000.006298,1000.004873,1000.003595,1000.002600,1000.002051,1000.002185,1000.003242,1000.005263,1000.007891,1000.010412,1000.012208,1000.013156,1000.013509,1000.013576,1000.013550,1000.013535,1000.013570,1000.013685,1000.013903,1000.014234,1000.014700,1000.015305,1000.016066,1000.016984,1000.018037,1000.019232,1000.020586,1000.022106,1000.023792,1000.025630,1000.027596,1000.029683,1000.031869,1000.034110,1000.036398,1000.038727,1000.041067,1000.043385,1000.045632,1000.047785,1000.049808,1000.051615,1000.053112,1000.054177,1000.054635,1000.054268,1000.052864,1000.050272,1000.046310,1000.041168,1000.034529,1000.026607,1000.014987,999.990186,999.982664,0.000000,0.000000,0.000000,0.000000,0.000000,0.000000,0.000000,0.000000,0.000000,0.000000,0.000000,0.000000,0.000000,0.000000,0.000000,0.000000,0.000000,0.000000,0.000000,0.000000
0.000000,0.000000,0.000000,0.000000,0.000000,0.000000,0.000000,0.000000,0.000000,0.000000,0.000000,0.000000,0.000000,0.000000,0.000000,0.000000,0.000000,0.000000,0.000000,0.000000,0.000000,0.000000,1000.004472,1000.006288,1000.007270,1000.007577,1000.007374,1000.006590,1000.005509,1000.004268,1000.003074,1000.002097,1000.001533,1000.001627,1000.002665,1000.004773,1000.007676,1000.010673,1000.013041,1000.014536,1000.015369,1000.015844,1000.016173,1000.016466,1000.016788,1000.017178,1000.017648,1000.018218,1000.018902,1000.019705,1000.020638,1000.021694,1000.022873,1000.024176,1000.025602,1000.027169,1000.028879,1000.030713,1000.032680,1000.034761,1000.036916,1000.039123,1000.041372,1000.043648,1000.045925,1000.048147,1000.050274,1000.052266,1000.054043,1000.055510,1000.056550,1000.057012,1000.056712,1000.055475,1000.053067,1000.049503,1000.044477,1000.038562,1000.031696,1000.023961,1000.013450,0.000000,0.000000,0.000000,0.000000,0.000000,0.000000,0.000000,0.000000,0.000000,0.000000,0.000000,0.000000,0.000000,0.000000,0.000000,0.000000,0.000000,0.000000,0.000000,0.000000,0.000000,0.000000
0.000000,0.000000,0.000000,0.000000,0.000000,0.000000,0.000000,0.000000,0.000000,0.000000,0.000000,0.000000,0.000000,0.000000,0.000000,0.000000,0.000000,0.000000,0.000000,0.000000,0.000000,0.000000,0.000000,1000.000497,1000.002716,1000.003813,1000.004156,1000.003945,1000.003361,1000.002450,1000.001493,1000.000648,1000.000151,1000.000264,1000.001300,1000.003487,1000.006671,1000.010193,1000.013250,1000.015434,1000.016869,1000.017859,1000.018634,1000.019321,1000.019999,1000.020704,1000.021461,1000.022290,1000.023202,1000.024204,1000.025293,1000.026480,1000.027776,1000.029177,1000.030687,1000.032307,1000.034031,1000.035864,1000.037815,1000.039862,1000.041965,1000.044110,1000.046280,1000.048460,1000.050607,1000.052651,1000.054553,1000.056248,1000.057634,1000.058594,1000.058992,1000.058696,1000.057500,1000.055313,1000.051775,1000.047102,1000.041365,1000.033865,1000.027193,1000.019272,0.000000,0.000000,0.000000,0.000000,0.000000,0.000000,0.000000,0.000000,0.000000,0.000000,0.000000,0.000000,0.000000,0.000000,0.000000,0.000000,0.000000,0.000000,0.000000,0.000000,0.000000,0.000000,0.000000
0.000000,0.000000,0.000000,0.000000,0.000000,0.000000,0.000000,0.000000,0.000000,0.000000,0.000000,0.000000,0.000000,0.000000,0.000000,0.000000,0.000000,0.000000,0.000000,0.000000,0.000000,0.000000,0.000000,0.000000,999.996556,999.999106,999.999522,999.999787,999.999586,999.999141,999.998554,999.997970,999.997649,999.997870,999.998946,1000.001210,1000.004656,1000.008731,1000.012594,1000.015644,1000.017855,1000.019489,1000.020805,1000.021960,1000.023037,1000.024079,1000.025135,1000.026225,1000.027368,1000.028569,1000.029826,1000.031154,1000.032565,1000.034065,1000.035651,1000.037310,1000.039040,1000.040859,1000.042760,1000.044723,1000.046730,1000.048761,1000.050800,1000.052813,1000.054731,1000.056492,1000.058028,1000.059263,1000.060081,1000.060367,1000.059979,1000.058814,1000.056606,1000.053392,1000.049295,1000.043534,1000.037254,1000.024073,1000.018602,0.000000,0.000000,0.000000,0.000000,0.000000,0.000000,0.000000,0.000000,0.000000,0.000000,0.000000,0.000000,0.000000,0.000000,0.000000,0.000000,0.000000,0.000000,0.000000,0.000000,0.000000,0.000000,0.000000,0.000000
0.000000,0.000000,0.000000,0.000000,0.000000,0.000000,0.000000,0.000000,0.000000,0.000000,0.000000,0.000000,0.000000,0.000000,0.000000,0.000000,0.000000,0.000000,0.000000,0.000000,0.000000,0.000000,0.000000,0.000000,0.000000,0.000000,999.993128,999.994887,999.994404,999.994266,999.994011,999.993825,999.993797,999.994236,999.995390,999.997736,1000.001398,1000.006018,1000.010768,1000.014878,1000.018066,1000.020505,1000.022479,1000.024160,1000.025670,1000.027070,1000.028423,1000.029776,1000.031151,1000.032554,1000.033991,1000.035469,1000.037000,1000.038587,1000.040221,1000.041897,1000.043612,1000.045374,1000.047175,1000.049005,1000.050854,1000.052708,1000.054527,1000.056259,1000.057832,1000.059169,1000.060186,1000.060799,1000.060897,1000.060374,1000.059089,1000.056977,1000.054187,1000.050134,1000.045503,1000.035216,1000.030931,0.000000,0.000000,0.000000,0.000000,0.000000,0.000000,0.000000,0.000000,0.000000,0.000000,0.000000,0.000000,0.000000,0.000000,0.000000,0.000000,0.000000,0.000000,0.000000,0.000000,0.000000,0.000000,0.000000,0.000000,0.000000,0.000000
0.000000,0.000000,0.000000,0.000000,0.000000,0.000000,0.000000,0.000000,0.000000,0.000000,0.000000,0.000000,0.000000,0.000000,0.000000,0.000000,0.000000,0.000000,0.000000,0.000000,0.000000,0.000000,0.000000,0.000000,0.000000,0.000000,0.000000,0.000000,999.987470,999.988489,999.988065,999.988068,999.988442,999.989156,999.990454,999.992871,999.996677,1000.001816,1000.007410,1000.012749,1000.017104,1000.020572,1000.023363,1000.025669,1000.027627,1000.029391,1000.031051,1000.032672,1000.034281,1000.035886,1000.037498,1000.039119,1000.040753,1000.042399,1000.044051,1000.045706,1000.047359,1000.049003,1000.050637,1000.052263,1000.053886,1000.055477,1000.056968,1000.058294,1000.059405,1000.060176,1000.060566,1000.060438,1000.059699,1000.058282,1000.056337,1000.053520,1000.050173,1000.043031,1000.039418,0.000000,0.000000,0.000000,0.000000,0.000000,0.000000,0.000000,0.000000,0.000000,0.000000,0.000000,0.000000,0.000000,0.000000,0.000000,0.000000,0.000000,0.000000,0.000000,0.000000,0.000000,0.000000,0.000000,0.000000,0.000000,0.000000,0.000000,0.000000
0.000000,0.000000,0.000000,0.000000,0.000000,0.000000,0.000000,0.000000,0.000000,0.000000,0.000000,0.000000,0.000000,0.000000,0.000000,0.000000,0.000000,0.000000,0.000000,0.000000,0.000000,0.000000,0.000000,0.000000,0.000000,0.000000,0.000000,0.000000,0.000000,0.000000,999.980419,999.980830,999.981765,999.982529,999.984195,999.986375,999.990160,999.995965,1000.002361,1000.008855,1000.014449,1000.019196,1000.023009,1000.026129,1000.028546,1000.030668,1000.032635,1000.034521,1000.036360,1000.038161,1000.039929,1000.041668,1000.043378,1000.045056,1000.046697,1000.048291,1000.049825,1000.051288,1000.052674,1000.053994,1000.055328,1000.056560,1000.057656,1000.058474,1000.059025,1000.059169,1000.058927,1000.057963,1000.056441,1000.054355,1000.051799,1000.047137,1000.043740,0.000000,0.000000,0.000000,0.000000,0.000000,0.000000,0.000000,0.000000,0.000000,0.000000,0.000000,0.000000,0.000000,0.000000,0.000000,0.000000,0.000000,0.000000,0.000000,0.000000,0.000000,0.000000,0.000000,0.000000,0.000000,0.000000,0.000000,0.000000,0.000000,0.000000
0.000000,0.000000,0.000000,0.000000,0.000000,0.000000,0.000000,0.000000,0.000000,0.000000,0.000000,0.000000,0.000000,0.000000,0.000000,0.000000,0.000000,0.000000,0.000000,0.000000,0.000000,0.000000,0.000000,0.000000,0.000000,0.000000,0.000000,0.000000,0.000000,0.000000,0.000000,0.000000,999.973505,999.973675,999.976843,999.978180,999.981296,999.988238,999.996359,1000.002804,1000.009408,1000.015883,1000.020982,1000.025002,1000.027885,1000.030336,1000.032627,1000.034799,1000.036875,1000.038863,1000.040768,1000.042601,1000.044366,1000.046058,1000.047669,1000.049182,1000.050568,1000.051800,1000.052853,1000.053765,1000.054723,1000.055579,1000.056376,1000.056597,1000.056345,1000.056139,1000.055471,1000.053684,1000.051335,1000.048250,1000.044831,0.000000,0.000000,0.000000,0.000000,0.000000,0.000000,0.000000,0.000000,0.000000,0.000000,0.000000,0.000000,0.000000,0.000000,0.000000,0.000000,0.000000,0.000000,0.000000,0.000000,0.000000,0.000000,0.000000,0.000000,0.000000,0.000000,0.000000,0.000000,0.000000,0.000000,0.000000,0.000000
0.000000,0.000000,0.000000,0.000000,0.000000,0.000000,0.000000,0.000000,0.000000,0.000000,0.000000,0.000000,0.000000,0.000000,0.000000,0.000000,0.000000,0.000000,0.000000,0.000000,0.000000,0.000000,0.000000,0.000000,0.000000,0.000000,0.000000,0.000000,0.000000,0.000000,0.000000,0.000000,0.000000,0.000000,999.967666,999.966937,999.969721,999.977032,999.990702,999.995146,1000.001241,1000.010180,1000.017694,1000.021605,1000.024917,1000.027777,1000.030453,1000.032977,1000.035333,1000.037525,1000.039571,1000.041494,1000.043309,1000.045015,1000.046603,1000.048044,1000.049294,1000.050292,1000.050985,1000.051395,1000.051551,1000.052485,1000.053389,1000.052751,1000.051365,1000.051918,1000.050664,1000.047971,1000.044149,0.000000,0.000000,0.000000,0.000000,0.000000,0.000000,0.000000,0.000000,0.000000,0.000000,0.000000,0.000000,0.000000,0.000000,0.000000,0.000000,0.000000,0.000000,0.000000,0.000000,0.000000,0.000000,0.000000,0.000000,0.000000,0.000000,0.000000,0.000000,0.000000,0.000000,0.000000,0.000000,0.000000,0.000000
0.000000,0.000000,0.000000,0.000000,0.000000,0.000000,0.000000,0.000000,0.000000,0.000000,0.000000,0.000000,0.000000,0.000000,0.000000,0.000000,0.000000,0.000000,0.000000,0.000000,0.000000,0.000000,0.000000,0.000000,0.000000,0.000000,0.000000,0.000000,0.000000,0.000000,0.000000,0.000000,0.000000,0.000000,0.000000,0.000000,0.000000,0.000000,999.982102,999.981343,999.989052,1000.000859,1000.014494,1000.016518,1000.019064,1000.022350,1000.025688,1000.028762,1000.031507,1000.033962,1000.036182,1000.038217,1000.040101,1000.041847,1000.043445,1000.044868,1000.046061,1000.046916,1000.047228,1000.046712,1000.045519,1000.048205,1000.049408,1000.048604,1000.044868,0.000000,0.000000,0.000000,0.000000,0.000000,0.000000,0.000000,0.000000,0.000000,0.000000,0.000000,0.000000,0.000000,0.000000,0.000000,0.000000,0.000000,0.000000,0.000000,0.000000,0.000000,0.000000,0.000000,0.000000,0.000000,0.000000,0.000000,0.000000,0.000000,0.000000,0.000000,0.000000,0.000000,0.000000,0.000000,0.000000,0.000000,0.000000
0.000000,0.000000,0.000000,0.000000,0.000000,0.000000,0.000000,0.000000,0.000000,0.000000,0.000000,0.000000,0.000000,0.000000,0.000000,0.000000,0.000000,0.000000,0.000000,0.000000,0.000000,0.000000,0.000000,0.000000,0.000000,0.000000,0.000000,0.000000,0.000000,0.000000,0.000000,0.000000,0.000000,0.000000,0.000000,0.000000,0.000000,0.000000,0.000000,0.000000,0.000000,0.000000,1000.006299,1000.004916,1000.009175,1000.014205,1000.018675,1000.022472,1000.025706,1000.028498,1000.030945,1000.033129,1000.035113,1000.036933,1000.038591,1000.040057,1000.041283,1000.042194,1000.042641,1000.042014,1000.038340,0.000000,0.000000,0.000000,0.000000,0.000000,0.000000,0.000000,0.000000,0.000000,0.000000,0.000000,0.000000,0.000000,0.000000,0.000000,0.000000,0.000000,0.000000,0.000000,0.000000,0.000000,0.000000,0.000000,0.000000,0.000000,0.000000,0.000000,0.000000,0.000000,0.000000,0.000000,0.000000,0.000000,0.000000,0.000000,0.000000,0.000000,0.000000,0.000000,0.000000,0.000000,0.000000
0.000000,0.000000,0.000000,0.000000,0.000000,0.000000,0.000000,0.000000,0.000000,0.000000,0.000000,0.000000,0.000000,0.000000,0.000000,0.000000,0.000000,0.000000,0.000000,0.000000,0.000000,0.000000,0.000000,0.000000,0.000000,0.000000,0.000000,0.000000,0.000000,0.000000,0.000000,0.000000,0.000000,0.000000,0.000000,0.000000,0.000000,0.000000,0.000000,0.000000,0.000000,0.000000,0.000000,0.000000,0.000000,0.000000,0.000000,0.000000,0.000000,0.000000,0.000000,0.000000,0.000000,0.000000,0.000000,0.000000,0.000000,0.000000,0.000000,0.000000,0.000000,0.000000,0.000000,0.000000,0.000000,0.000000,0.000000,0.000000,0.000000,0.000000,0.000000,0.000000,0.000000,0.000000,0.000000,0.000000,0.000000,0.000000,0.000000,0.000000,0.000000,0.000000,0.000000,0.000000,0.000000,0.000000,0.000000,0.000000,0.000000,0.000000,0.000000,0.000000,0.000000,0.000000,0.000000,0.000000,0.000000,0.000000,0.000000,0.000000,0.000000,0.000000,0.000000
0.000000,0.000000,0.000000,0.000000,0.000000,0.000000,0.000000,0.000000,0.000000,0.000000,0.000000,0.000000,0.000000,0.000000,0.000000,0.000000,0.000000,0.000000,0.000000,0.000000,0.000000,0.000000,0.000000,0.000000,0.000000,0.000000,0.000000,0.000000,0.000000,0.000000,0.000000,0.000000,0.000000,0.000000,0.000000,0.000000,0.000000,0.000000,0.000000,0.000000,0.000000,0.000000,0.000000,0.000000,0.000000,0.000000,0.000000,0.000000,0.000000,0.000000,0.000000,0.000000,0.000000,0.000000,0.000000,0.000000,0.000000,0.000000,0.000000,0.000000,0.000000,0.000000,0.000000,0.000000,0.000000,0.000000,0.000000,0.000000,0.000000,0.000000,0.000000,0.000000,0.000000,0.000000,0.000000,0.000000,0.000000,0.000000,0.000000,0.000000,0.000000,0.000000,0.000000,0.000000,0.000000,0.000000,0.000000,0.000000,0.000000,0.000000,0.000000,0.000000,0.000000,0.000000,0.000000,0.000000,0.000000,0.000000,0.000000,0.000000,0.000000,0.000000,0.000000
