0.000000,0.000000,0.000000,0.000000,0.000000,0.000000,0.000000,0.000000,0.000000,0.000000,0.000000,0.000000,0.000000,0.000000,0.000000,0.000000,0.000000,0.000000,0.000000,0.000000,0.000000,0.000000,0.000000,0.000000,0.000000,0.000000,0.000000,0.000000,0.000000,0.000000,0.000000,0.000000,0.000000,0.000000,0.000000,0.000000,0.000000,0.000000,0.000000,0.000000,0.000000,0.000000,0.000000,0.000000,0.000000,0.000000,0.000000,0.000000,0.000000,0.000000,0.000000,0.000000,0.000000,0.000000,0.000000,0.000000,0.000000,0.000000,0.000000,0.000000,0.000000,0.000000,0.000000,0.000000,0.000000,0.000000,0.000000,0.000000,0.000000,0.000000,0.000000,0.000000,0.000000,0.000000,0.000000,0.000000,0.000000,0.000000,0.000000,0.000000,0.000000,0.000000,0.000000,0.000000,0.000000,0.000000,0.000000,0.000000,0.000000,0.000000,0.000000,0.000000,0.000000,0.000000,0.000000,0.000000,0.000000,0.000000,0.000000,0.000000,0.000000,0.000000,0.000000
0.000000,0.000000,0.000000,0.000000,0.000000,0.000000,0.000000,0.000000,0.000000,0.000000,0.000000,0.000000,0.000000,0.000000,0.000000,0.000000,0.000000,0.000000,0.000000,0.000000,0.000000,0.000000,0.000000,0.000000,0.000000,0.000000,0.000000,0.000000,0.000000,0.000000,0.000000,0.000000,0.000000,0.000000,0.000000,0.000000,0.000000,0.000000,0.000000,0.000000,0.000000,0.000000,0.000000,0.000000,0.000000,0.000000,0.000000,0.000000,0.000000,0.000000,0.000000,999.996995,0.000000,0.000000,0.000000,0.000000,0.000000,0.000000,0.000000,0.000000,0.000000,0.000000,0.000000,0.000000,0.000000,0.000000,0.000000,0.000000,0.000000,0.000000,0.000000,0.000000,0.000000,0.000000,0.000000,0.000000,0.000000,0.000000,0.000000,0.000000,0.000000,0.000000,0.000000,0.000000,0.000000,0.000000,0.000000,0.000000,0.000000,0.000000,0.000000,0.000000,0.000000,0.000000,0.000000,0.000000,0.000000,0.000000,0.000000,0.000000,0.000000,0.000000,0.000000
0.000000,0.000000,0.000000,0.000000,0.000000,0.000000,0.000000,0.000000,0.000000,0.000000,0.000000,0.000000,0.000000,0.000000,0.000000,0.000000,0.000000,0.000000,0.000000,0.000000,0.000000,0.000000,0.000000,0.000000,0.000000,0.000000,0.000000,0.000000,0.000000,0.000000,0.000000,0.000000,0.000000,0.000000,0.000000,0.000000,0.000000,0.000000,0.000000,0.000000,0.000000,0.000000,999.994452,999.991304,999.991310,999.992005,999.992747,999.993530,999.994406,999.995693,999.996749,999.996936,999.997101,999.998109,999.999261,999.999959,1000.000522,1000.001042,1000.001484,1000.001432,999.999078,0.000000,0.000000,0.000000,0.000000,0.000000,0.000000,0.000000,0.000000,0.000000,0.000000,0.000000,0.000000,0.000000,0.000000,0.000000,0.000000,0.000000,0.000000,0.000000,0.000000,0.000000,0.000000,0.000000,0.000000,0.000000,0.000000,0.000000,0.000000,0.000000,0.000000,0.000000,0.000000,0.000000,0.000000,0.000000,0.000000,0.000000,0.000000,0.000000,0.000000,0.000000,0.000000
0.000000,0.000000,0.000000,0.000000,0.000000,0.000000,0.000000,0.000000,0.000000,0.000000,0.000000,0.000000,0.000000,0.000000,0.000000,0.000000,0.000000,0.000000,0.000000,0.000000,0.000000,0.000000,0.000000,0.000000,0.000000,0.000000,0.000000,0.000000,0.000000,0.000000,0.000000,0.000000,0.000000,0.000000,0.000000,0.000000,0.000000,999.989628,999.986617,999.986456,999.987893,999.990239,999.993474,999.992697,999.992185,999.992407,999.993011,999.993754,999.994526,999.995344,999.996549,999.996817,999.997077,999.998206,999.998903,999.999531,1000.000109,1000.000546,1000.000670,1000.000288,999.999728,1000.001962,1000.003459,1000.004294,1000.004016,1000.002123,0.000000,0.000000,0.000000,0.000000,0.000000,0.000000,0.000000,0.000000,0.000000,0.000000,0.000000,0.000000,0.000000,0.000000,0.000000,0.000000,0.000000,0.000000,0.000000,0.000000,0.000000,0.000000,0.000000,0.000000,0.000000,0.000000,0.000000,0.000000,0.000000,0.000000,0.000000,0.000000,0.000000,0.000000,0.000000,0.000000,0.000000
0.000000,0.000000,0.000000,0.000000,0.000000,0.000000,0.000000,0.000000,0.000000,0.000000,0.000000,0.000000,0.000000,0.000000,0.000000,0.000000,0.000000,0.000000,0.000000,0.000000,0.000000,0.000000,0.000000,0.000000,0.000000,0.000000,0.000000,0.000000,0.000000,0.000000,0.000000,0.000000,0.000000,0.000000,999.986822,999.984640,999.985861,999.988879,999.988353,999.988048,999.988563,999.990531,999.991668,999.991954,999.992270,999.992677,999.993209,999.993868,999.994622,999.995318,999.996060,999.996720,999.997353,999.998027,999.998634,999.999274,999.999790,1000.000191,1000.000464,1000.000662,1000.000843,1000.001593,1000.002860,1000.003145,1000.002913,1000.002506,1000.004201,1000.004874,1000.003671,0.000000,0.000000,0.000000,0.000000,0.000000,0.000000,0.000000,0.000000,0.000000,0.000000,0.000000,0.000000,0.000000,0.000000,0.000000,0.000000,0.000000,0.000000,0.000000,0.000000,0.000000,0.000000,0.000000,0.000000,0.000000,0.000000,0.000000,0.000000,0.000000,0.000000,0.000000,0.000000,0.000000,0.000000
0.000000,0.000000,0.000000,0.000000,0.000000,0.000000,0.000000,0.000000,0.000000,0.000000,0.000000,0.000000,0.000000,0.000000,0.000000,0.000000,0.000000,0.000000,0.000000,0.000000,0.000000,0.000000,0.000000,0.000000,0.000000,0.000000,0.000000,0.000000,0.000000,0.000000,0.000000,0.000000,999.985946,999.984001,999.986455,999.986241,999.987083,999.987745,999.988012,999.988556,999.989212,999.990197,999.990872,999.991699,999.992236,999.992716,999.993274,999.993911,999.994599,999.995301,999.995939,999.996624,999.997279,999.997870,999.998492,999.999070,999.999570,999.999995,1000.000349,1000.000704,1000.001245,1000.001676,1000.002299,1000.002672,1000.002986,1000.003122,1000.003437,1000.003864,1000.003712,1000.004992,1000.003831,0.000000,0.000000,0.000000,0.000000,0.000000,0.000000,0.000000,0.000000,0.000000,0.000000,0.000000,0.000000,0.000000,0.000000,0.000000,0.000000,0.000000,0.000000,0.000000,0.000000,0.000000,0.000000,0.000000,0.000000,0.000000,0.000000,0.000000,0.000000,0.000000,0.000000,0.000000,0.000000
0.000000,0.000000,0.000000,0.000000,0.000000,0.000000,0.000000,0.000000,0.000000,0.000000,0.000000,0.000000,0.000000,0.000000,0.000000,0.000000,0.000000,0.000000,0.000000,0.000000,0.000000,0.000000,0.000000,0.000000,0.000000,0.000000,0.000000,0.000000,0.000000,0.000000,999.983924,999.982077,999.985010,999.985723,999.986082,999.986254,999.986889,999.987348,999.988063,999.988660,999.989321,999.990021,999.990743,999.991476,999.992080,999.992677,999.993291,999.993921,999.994576,999.995248,999.995905,999.996555,999.997196,999.997796,999.998397,999.998938,999.999449,999.999911,1000.000347,1000.000757,1000.001229,1000.001678,1000.002117,1000.002492,1000.002811,1000.003208,1000.003442,1000.003737,1000.003776,1000.003966,1000.004294,1000.005729,1000.004807,0.000000,0.000000,0.000000,0.000000,0.000000,0.000000,0.000000,0.000000,0.000000,0.000000,0.000000,0.000000,0.000000,0.000000,0.000000,0.000000,0.000000,0.000000,0.000000,0.000000,0.000000,0.000000,0.000000,0.000000,0.000000,0.000000,0.000000,0.000000,0.000000,0.000000
0.000000,0.000000,0.000000,0.000000,0.000000,0.000000,0.000000,0.000000,0.000000,0.000000,0.000000,0.000000,0.000000,0.000000,0.000000,0.000000,0.000000,0.000000,0.000000,0.000000,0.000000,0.000000,0.000000,0.000000,0.000000,0.000000,0.000000,0.000000,999.982020,999.980291,999.983183,999.984137,999.984624,999.985122,999.985538,999.986251,999.986808,999.987339,999.987978,999.988587,999.989269,999.989940,999.990646,999.991317,999.991969,999.992619,999.993253,999.993899,999.994550,999.995204,999.995860,999.996490,999.997117,999.997726,999.998303,999.998844,999.999364,999.999843,1000.000307,1000.000756,1000.001204,1000.001647,1000.002058,1000.002459,1000.002793,1000.003119,1000.003397,1000.003673,1000.004003,1000.004174,1000.004415,1000.004612,1000.005046,1000.006410,1000.005481,0.000000,0.000000,0.000000,0.000000,0.000000,0.000000,0.000000,0.000000,0.000000,0.000000,0.000000,0.000000,0.000000,0.000000,0.000000,0.000000,0.000000,0.000000,0.000000,0.000000,0.000000,0.000000,0.000000,0.000000,0.000000,0.000000,0.000000,0.000000
0.000000,0.000000,0.000000,0.000000,0.000000,0.000000,0.000000,0.000000,0.000000,0.000000,0.000000,0.000000,0.000000,0.000000,0.000000,0.000000,0.000000,0.000000,0.000000,0.000000,0.000000,0.000000,0.000000,0.000000,0.000000,0.000000,999.980188,999.978869,999.981438,999.982370,999.982956,999.983595,999.984099,999.984901,999.985479,999.986082,999.986631,999.987248,999.987871,999.988517,999.989179,999.989849,999.990542,999.991210,999.991891,999.992549,999.993209,999.993865,999.994525,999.995180,999.995831,999.996465,999.997087,999.997690,999.998261,999.998812,999.999336,999.999828,1000.000301,1000.000752,1000.001194,1000.001612,1000.002009,1000.002392,1000.002759,1000.003081,1000.003391,1000.003668,1000.003957,1000.004204,1000.004591,1000.004803,1000.005065,1000.005316,1000.005713,1000.006848,1000.006192,0.000000,0.000000,0.000000,0.000000,0.000000,0.000000,0.000000,0.000000,0.000000,0.000000,0.000000,0.000000,0.000000,0.000000,0.000000,0.000000,0.000000,0.000000,0.000000,0.000000,0.000000,0.000000,0.000000,0.000000,0.000000,0.000000
0.000000,0.000000,0.000000,0.000000,0.000000,0.000000,0.000000,0.000000,0.000000,0.000000,0.000000,0.000000,0.000000,0.000000,0.000000,0.000000,0.000000,0.000000,0.000000,0.000000,0.000000,0.000000,0.000000,0.000000,999.979108,999.978017,999.979974,999.980809,999.981343,999.982037,999.982575,999.983396,999.984043,999.984682,999.985274,999.985885,999.986503,999.987128,999.987761,999.988413,999.989081,999.989757,999.990442,999.991127,999.991810,999.992489,999.993164,999.993828,999.994494,999.995150,999.995802,999.996435,999.997057,999.997650,999.998230,999.998784,999.999310,999.999813,1000.000297,1000.000765,1000.001206,1000.001631,1000.002036,1000.002406,1000.002762,1000.003089,1000.003404,1000.003691,1000.003990,1000.004256,1000.004542,1000.004826,1000.005176,1000.005397,1000.005693,1000.005895,1000.006216,1000.007051,1000.006519,0.000000,0.000000,0.000000,0.000000,0.000000,0.000000,0.000000,0.000000,0.000000,0.000000,0.000000,0.000000,0.000000,0.000000,0.000000,0.000000,0.000000,0.000000,0.000000,0.000000,0.000000,0.000000,0.000000,0.000000
0.000000,0.000000,0.000000,0.000000,0.000000,0.000000,0.000000,0.000000,0.000000,0.000000,0.000000,0.000000,0.000000,0.000000,0.000000,0.000000,0.000000,0.000000,0.000000,0.000000,0.000000,0.000000,0.000000,999.979433,999.979063,999.979514,999.980069,999.980672,999.981143,999.981940,999.982577,999.983206,999.983848,999.984461,999.985096,999.985718,999.986345,999.986977,999.987626,999.988295,999.988969,999.989658,999.990346,999.991040,999.991737,999.992427,999.993118,999.993799,999.994477,999.995145,999.995801,999.996440,999.997063,999.997666,999.998246,999.998803,999.999330,999.999836,1000.000319,1000.000773,1000.001212,1000.001629,1000.002036,1000.002410,1000.002765,1000.003108,1000.003424,1000.003722,1000.004014,1000.004308,1000.004571,1000.004851,1000.005124,1000.005385,1000.005722,1000.005896,1000.006135,1000.006336,1000.006486,1000.006253,0.000000,0.000000,0.000000,0.000000,0.000000,0.000000,0.000000,0.000000,0.000000,0.000000,0.000000,0.000000,0.000000,0.000000,0.000000,0.000000,0.000000,0.000000,0.000000,0.000000,0.000000,0.000000,0.000000
0.000000,0.000000,0.000000,0.000000,0.000000,0.000000,0.000000,0.000000,0.000000,0.000000,0.000000,0.000000,0.000000,0.000000,0.000000,0.000000,0.000000,0.000000,0.000000,0.000000,0.000000,999.977371,999.976716,999.978880,999.979377,999.979763,999.980031,999.980644,999.981231,999.981837,999.982431,999.983045,999.983676,999.984288,999.984911,999.985540,999.986176,999.986823,999.987493,999.988160,999.988849,999.989542,999.990252,999.990956,999.991673,999.992370,999.993077,999.993771,999.994463,999.995133,999.995796,999.996443,999.997071,999.997678,999.998263,999.998823,999.999363,999.999881,1000.000373,1000.000835,1000.001284,1000.001698,1000.002091,1000.002461,1000.002812,1000.003144,1000.003462,1000.003761,1000.004051,1000.004332,1000.004594,1000.004874,1000.005137,1000.005380,1000.005622,1000.005852,1000.006100,1000.006180,1000.006301,1000.006483,1000.007439,1000.007089,0.000000,0.000000,0.000000,0.000000,0.000000,0.000000,0.000000,0.000000,0.000000,0.000000,0.000000,0.000000,0.000000,0.000000,0.000000,0.000000,0.000000,0.000000,0.000000,0.000000,0.000000
0.000000,0.000000,0.000000,0.000000,0.000000,0.000000,0.000000,0.000000,0.000000,0.000000,0.000000,0.000000,0.000000,0.000000,0.000000,0.000000,0.000000,0.000000,0.000000,0.000000,999.977752,999.977682,999.978128,999.978725,999.979176,999.979675,999.980134,999.980646,999.981187,999.981720,999.982299,999.982896,999.983494,999.984094,999.984717,999.985349,999.985991,999.986653,999.987325,999.988012,999.988714,999.989427,999.990148,999.990876,999.991600,999.992324,999.993048,999.993759,999.994467,999.995148,999.995827,999.996485,999.997122,999.997736,999.998327,999.998888,999.999420,999.999932,1000.000413,1000.000879,1000.001324,1000.001745,1000.002139,1000.002520,1000.002876,1000.003203,1000.003518,1000.003816,1000.004100,1000.004376,1000.004638,1000.004890,1000.005140,1000.005381,1000.005598,1000.005820,1000.006011,1000.006189,1000.006371,1000.006538,1000.006768,1000.006924,1000.006822,0.000000,0.000000,0.000000,0.000000,0.000000,0.000000,0.000000,0.000000,0.000000,0.000000,0.000000,0.000000,0.000000,0.000000,0.000000,0.000000,0.000000,0.000000,0.000000,0.000000
0.000000,0.000000,0.000000,0.000000,0.000000,0.000000,0.000000,0.000000,0.000000,0.000000,0.000000,0.000000,0.000000,0.000000,0.000000,0.000000,0.000000,0.000000,0.000000,999.977402,999.977746,999.977974,999.978412,999.978676,999.979190,999.979654,999.980122,999.980585,999.981092,999.981608,999.982164,999.982731,999.983304,999.983899,999.984526,999.985152,999.985800,999.986466,999.987151,999.987853,999.988577,999.989300,999.990046,999.990780,999.991534,999.992275,999.993018,999.993742,999.994465,999.995170,999.995860,999.996526,999.997170,999.997794,999.998392,999.998972,999.999521,1000.000044,1000.000541,1000.001003,1000.001434,1000.001843,1000.002231,1000.002597,1000.002949,1000.003273,1000.003587,1000.003883,1000.004155,1000.004423,1000.004685,1000.004921,1000.005154,1000.005379,1000.005596,1000.005790,1000.005972,1000.006150,1000.006336,1000.006525,1000.006607,1000.006759,1000.006824,1000.006929,0.000000,0.000000,0.000000,0.000000,0.000000,0.000000,0.000000,0.000000,0.000000,0.000000,0.000000,0.000000,0.000000,0.000000,0.000000,0.000000,0.000000,0.000000,0.000000
0.000000,0.000000,0.000000,0.000000,0.000000,0.000000,0.000000,0.000000,0.000000,0.000000,0.000000,0.000000,0.000000,0.000000,0.000000,0.000000,0.000000,0.000000,999.977040,999.977456,999.977818,999.978143,999.978493,999.978825,999.979246,999.979658,999.980087,999.980529,999.980994,999.981487,999.982006,999.982544,999.983095,999.983689,999.984298,999.984921,999.985577,999.986259,999.986958,999.987676,999.988417,999.989164,999.989928,999.990696,999.991471,999.992242,999.993005,999.993758,999.994500,999.995227,999.995932,999.996613,999.997271,999.997897,999.998498,999.999066,999.999612,1000.000125,1000.000618,1000.001091,1000.001532,1000.001954,1000.002346,1000.002711,1000.003044,1000.003373,1000.003673,1000.003963,1000.004231,1000.004487,1000.004732,1000.004969,1000.005186,1000.005399,1000.005599,1000.005784,1000.005960,1000.006133,1000.006290,1000.006453,1000.006573,1000.006693,1000.006801,1000.006922,1000.007064,0.000000,0.000000,0.000000,0.000000,0.000000,0.000000,0.000000,0.000000,0.000000,0.000000,0.000000,0.000000,0.000000,0.000000,0.000000,0.000000,0.000000,0.000000
0.000000,0.000000,0.000000,0.000000,0.000000,0.000000,0.000000,0.000000,0.000000,0.000000,0.000000,0.000000,0.000000,0.000000,0.000000,0.000000,0.000000,999.976720,999.977228,999.977563,999.977892,999.978215,999.978533,999.978873,999.979229,999.979608,999.979999,999.980418,999.980859,999.981327,999.981815,999.982326,999.982879,999.983455,999.984054,999.984679,999.985349,999.986036,999.986747,999.987485,999.988244,999.989019,999.989809,999.990607,999.991405,999.992195,999.992991,999.993766,999.994533,999.995271,999.995993,999.996692,999.997369,999.998018,999.998639,999.999231,999.999789,1000.000310,1000.000794,1000.001246,1000.001682,1000.002082,1000.002468,1000.002827,1000.003163,1000.003479,1000.003774,1000.004051,1000.004318,1000.004564,1000.004791,1000.005017,1000.005224,1000.005421,1000.005605,1000.005789,1000.005956,1000.006116,1000.006259,1000.006395,1000.006534,1000.006649,1000.006770,1000.006886,1000.007024,1000.007182,0.000000,0.000000,0.000000,0.000000,0.000000,0.000000,0.000000,0.000000,0.000000,0.000000,0.000000,0.000000,0.000000,0.000000,0.000000,0.000000,0.000000
0.000000,0.000000,0.000000,0.000000,0.000000,0.000000,0.000000,0.000000,0.000000,0.000000,0.000000,0.000000,0.000000,0.000000,0.000000,0.000000,999.976723,999.977025,999.977366,999.977670,999.978009,999.978316,999.978618,999.978929,999.979247,999.979585,999.979938,999.980322,999.980724,999.981153,999.981607,999.982101,999.982625,999.983185,999.983768,999.984410,999.985072,999.985769,999.986502,999.987268,999.988052,999.988858,999.989684,999.990510,999.991348,999.992176,999.993002,999.993815,999.994604,999.995375,999.996123,999.996835,999.997518,999.998166,999.998776,999.999356,999.999912,1000.000444,1000.000950,1000.001418,1000.001855,1000.002255,1000.002630,1000.002978,1000.003311,1000.003614,1000.003898,1000.004164,1000.004417,1000.004653,1000.004870,1000.005081,1000.005278,1000.005464,1000.005636,1000.005798,1000.005959,1000.006099,1000.006246,1000.006371,1000.006492,1000.006609,1000.006728,1000.006846,1000.006969,1000.007104,1000.007253,0.000000,0.000000,0.000000,0.000000,0.000000,0.000000,0.000000,0.000000,0.000000,0.000000,0.000000,0.000000,0.000000,0.000000,0.000000,0.000000
0.000000,0.000000,0.000000,0.000000,0.000000,0.000000,0.000000,0.000000,0.000000,0.000000,0.000000,0.000000,0.000000,0.000000,0.000000,999.976720,999.977025,999.977363,999.977637,999.977892,999.978175,999.978400,999.978651,999.978916,999.979197,999.979496,999.979811,999.980160,999.980522,999.980922,999.981352,999.981826,999.982332,999.982875,999.983469,999.984102,999.984776,999.985487,999.986248,999.987034,999.987846,999.988689,999.989541,999.990409,999.991281,999.992151,999.993007,999.993847,999.994668,999.995467,999.996237,999.996982,999.997688,999.998370,999.999013,999.999611,1000.000164,1000.000673,1000.001156,1000.001607,1000.002034,1000.002433,1000.002804,1000.003149,1000.003465,1000.003761,1000.004038,1000.004292,1000.004528,1000.004752,1000.004959,1000.005153,1000.005334,1000.005508,1000.005674,1000.005818,1000.005958,1000.006097,1000.006226,1000.006351,1000.006461,1000.006577,1000.006688,1000.006797,1000.006911,1000.007027,1000.007145,1000.007274,0.000000,0.000000,0.000000,0.000000,0.000000,0.000000,0.000000,0.000000,0.000000,0.000000,0.000000,0.000000,0.000000,0.000000,0.000000
0.000000,0.000000,0.000000,0.000000,0.000000,0.000000,0.000000,0.000000,0.000000,0.000000,0.000000,0.000000,0.000000,0.000000,999.977040,999.977228,999.977366,999.977637,999.977795,999.977979,999.978229,999.978427,999.978693,999.978940,999.979187,999.979438,999.979716,999.980017,999.980337,999.980696,999.981092,999.981526,999.982003,999.982532,999.983112,999.983742,999.984420,999.985156,999.985933,999.986750,999.987603,999.988496,999.989399,999.990316,999.991233,999.992152,999.993055,999.993939,999.994804,999.995631,999.996417,999.997173,999.997879,999.998544,999.999181,999.999793,1000.000371,1000.000909,1000.001404,1000.001851,1000.002273,1000.002655,1000.003017,1000.003344,1000.003655,1000.003931,1000.004197,1000.004440,1000.004659,1000.004871,1000.005067,1000.005244,1000.005412,1000.005561,1000.005717,1000.005854,1000.005985,1000.006102,1000.006221,1000.006330,1000.006435,1000.006540,1000.006644,1000.006744,1000.006848,1000.006952,1000.007054,1000.007150,1000.007253,0.000000,0.000000,0.000000,0.000000,0.000000,0.000000,0.000000,0.000000,0.000000,0.000000,0.000000,0.000000,0.000000,0.000000
0.000000,0.000000,0.000000,0.000000,0.000000,0.000000,0.000000,0.000000,0.000000,0.000000,0.000000,0.000000,0.000000,999.977402,999.977456,999.977563,999.977670,999.977892,999.977979,999.978226,999.978474,999.978594,999.978800,999.978927,999.979090,999.979301,999.979531,999.979780,999.980060,999.980385,999.980744,999.981151,999.981608,999.982130,999.982704,999.983339,999.984035,999.984793,999.985595,999.986450,999.987351,999.988282,999.989233,999.990199,999.991172,999.992136,999.993083,999.994011,999.994911,999.995782,999.996609,999.997412,999.998174,999.998878,999.999521,1000.000106,1000.000654,1000.001166,1000.001657,1000.002104,1000.002516,1000.002897,1000.003243,1000.003564,1000.003856,1000.004126,1000.004370,1000.004600,1000.004806,1000.004998,1000.005173,1000.005343,1000.005492,1000.005637,1000.005762,1000.005894,1000.006008,1000.006119,1000.006214,1000.006323,1000.006413,1000.006510,1000.006598,1000.006691,1000.006779,1000.006872,1000.006964,1000.007044,1000.007118,1000.007185,0.000000,0.000000,0.000000,0.000000,0.000000,0.000000,0.000000,0.000000,0.000000,0.000000,0.000000,0.000000,0.000000
0.000000,0.000000,0.000000,0.000000,0.000000,0.000000,0.000000,0.000000,0.000000,0.000000,0.000000,0.000000,999.977752,999.977746,999.977818,999.977892,999.978009,999.978175,999.978229,999.978474,999.978500,999.978519,999.978720,999.978821,999.979033,999.979232,999.979399,999.979592,999.979822,999.980096,999.980403,999.980766,999.981194,999.981684,999.982235,999.982865,999.983567,999.984344,999.985186,999.986096,999.987053,999.988045,999.989064,999.990108,999.991148,999.992179,999.993193,999.994174,999.995112,999.996018,999.996857,999.997635,999.998380,999.999102,999.999782,1000.000418,1000.000992,1000.001506,1000.001981,1000.002411,1000.002814,1000.003175,1000.003511,1000.003810,1000.004090,1000.004341,1000.004568,1000.004778,1000.004972,1000.005146,1000.005304,1000.005450,1000.005589,1000.005711,1000.005828,1000.005934,1000.006034,1000.006133,1000.006222,1000.006310,1000.006392,1000.006474,1000.006554,1000.006636,1000.006717,1000.006791,1000.006873,1000.006952,1000.007020,1000.007083,1000.007132,0.000000,0.000000,0.000000,0.000000,0.000000,0.000000,0.000000,0.000000,0.000000,0.000000,0.000000,0.000000
0.000000,0.000000,0.000000,0.000000,0.000000,0.000000,0.000000,0.000000,0.000000,0.000000,0.000000,999.977371,999.977682,999.977974,999.978143,999.978215,999.978316,999.978400,999.978427,999.978594,999.978519,999.978710,999.978952,999.978932,999.979050,999.979066,999.979115,999.979276,999.979461,999.979673,999.979929,999.980264,999.980658,999.981124,999.981679,999.982320,999.983057,999.983860,999.984747,999.985701,999.986713,999.987771,999.988868,999.989975,999.991084,999.992179,999.993258,999.994306,999.995291,999.996267,999.997197,999.998054,999.998824,999.999521,1000.000157,1000.000759,1000.001324,1000.001845,1000.002311,1000.002742,1000.003129,1000.003481,1000.003795,1000.004084,1000.004337,1000.004577,1000.004785,1000.004975,1000.005146,1000.005304,1000.005446,1000.005574,1000.005691,1000.005799,1000.005897,1000.005993,1000.006073,1000.006155,1000.006230,1000.006305,1000.006372,1000.006443,1000.006511,1000.006580,1000.006649,1000.006722,1000.006783,1000.006855,1000.006920,1000.007005,1000.007122,1000.007216,0.000000,0.000000,0.000000,0.000000,0.000000,0.000000,0.000000,0.000000,0.000000,0.000000,0.000000
0.000000,0.000000,0.000000,0.000000,0.000000,0.000000,0.000000,0.000000,0.000000,0.000000,0.000000,999.976716,999.978128,999.978412,999.978493,999.978533,999.978618,999.978651,999.978693,999.978800,999.978720,999.978952,999.978837,999.978613,999.978773,999.978775,999.978926,999.979089,999.979164,999.979296,999.979505,999.979778,999.980114,999.980542,999.981070,999.981703,999.982418,999.983256,999.984199,999.985229,999.986335,999.987491,999.988689,999.989892,999.991106,999.992288,999.993441,999.994564,999.995588,999.996536,999.997438,999.998315,999.999141,999.999918,1000.000607,1000.001209,1000.001762,1000.002258,1000.002715,1000.003122,1000.003491,1000.003821,1000.004116,1000.004386,1000.004619,1000.004832,1000.005026,1000.005193,1000.005342,1000.005476,1000.005597,1000.005707,1000.005805,1000.005892,1000.005972,1000.006048,1000.006119,1000.006182,1000.006240,1000.006303,1000.006359,1000.006413,1000.006470,1000.006525,1000.006579,1000.006641,1000.006704,1000.006762,1000.006825,1000.006878,1000.007003,1000.007376,0.000000,0.000000,0.000000,0.000000,0.000000,0.000000,0.000000,0.000000,0.000000,0.000000,0.000000
0.000000,0.000000,0.000000,0.000000,0.000000,0.000000,0.000000,0.000000,0.000000,0.000000,999.979433,999.978880,999.978725,999.978676,999.978825,999.978873,999.978929,999.978916,999.978940,999.978927,999.978821,999.978932,999.978613,999.978731,999.979040,999.978839,999.978834,999.978713,999.978623,999.978735,999.978889,999.979087,999.979373,999.979778,999.980292,999.980922,999.981707,999.982601,999.983605,999.984702,999.985881,999.987133,999.988428,999.989738,999.991056,999.992341,999.993559,999.994781,999.995960,999.997043,999.998011,999.998864,999.999632,1000.000352,1000.001035,1000.001653,1000.002205,1000.002703,1000.003141,1000.003535,1000.003880,1000.004193,1000.004466,1000.004713,1000.004925,1000.005112,1000.005275,1000.005426,1000.005551,1000.005666,1000.005763,1000.005847,1000.005927,1000.005997,1000.006055,1000.006110,1000.006161,1000.006211,1000.006255,1000.006296,1000.006341,1000.006383,1000.006429,1000.006473,1000.006513,1000.006563,1000.006616,1000.006670,1000.006731,1000.006807,1000.006843,1000.006860,1000.006781,0.000000,0.000000,0.000000,0.000000,0.000000,0.000000,0.000000,0.000000,0.000000,0.000000
0.000000,0.000000,0.000000,0.000000,0.000000,0.000000,0.000000,0.000000,0.000000,999.979108,999.979063,999.979377,999.979176,999.979190,999.979246,999.979229,999.979247,999.979197,999.979187,999.979090,999.979033,999.979050,999.978773,999.979040,999.978761,999.978152,999.978236,999.978152,999.978218,999.978365,999.978361,999.978448,999.978679,999.979022,999.979490,999.980111,999.980850,999.981769,999.982851,999.984061,999.985407,999.986804,999.988252,999.989692,999.991149,999.992577,999.993878,999.995078,999.996221,999.997321,999.998366,999.999358,1000.000219,1000.000954,1000.001613,1000.002206,1000.002736,1000.003209,1000.003625,1000.003993,1000.004318,1000.004605,1000.004849,1000.005066,1000.005255,1000.005417,1000.005552,1000.005673,1000.005776,1000.005866,1000.005941,1000.006003,1000.006056,1000.006105,1000.006147,1000.006181,1000.006213,1000.006243,1000.006273,1000.006298,1000.006322,1000.006350,1000.006377,1000.006412,1000.006448,1000.006482,1000.006519,1000.006564,1000.006621,1000.006671,1000.006725,1000.006724,1000.006864,1000.006894,0.000000,0.000000,0.000000,0.000000,0.000000,0.000000,0.000000,0.000000,0.000000
0.000000,0.000000,0.000000,0.000000,0.000000,0.000000,0.000000,0.000000,0.000000,999.978017,999.979514,999.979763,999.979675,999.979654,999.979658,999.979608,999.979585,999.979496,999.979438,999.979301,999.979232,999.979066,999.978775,999.978839,999.978152,999.978100,999.978588,999.978191,999.977998,999.977729,999.977448,999.977516,999.977688,999.977951,999.978363,999.978968,999.979834,999.980844,999.982011,999.983340,999.984774,999.986308,999.987926,999.989534,999.991093,999.992687,999.994239,999.995666,999.996941,999.998048,999.999005,999.999908,1000.000768,1000.001533,1000.002206,1000.002796,1000.003309,1000.003761,1000.004153,1000.004496,1000.004787,1000.005048,1000.005261,1000.005447,1000.005605,1000.005738,1000.005850,1000.005943,1000.006014,1000.006075,1000.006125,1000.006165,1000.006196,1000.006215,1000.006239,1000.006253,1000.006264,1000.006273,1000.006285,1000.006292,1000.006309,1000.006320,1000.006335,1000.006349,1000.006378,1000.006404,1000.006428,1000.006463,1000.006504,1000.006546,1000.006594,1000.006618,1000.006739,1000.007202,0.000000,0.000000,0.000000,0.000000,0.000000,0.000000,0.000000,0.000000,0.000000
0.000000,0.000000,0.000000,0.000000,0.000000,0.000000,0.000000,0.000000,999.980188,999.979974,999.980069,999.980031,999.980134,999.980122,999.980087,999.979999,999.979938,999.979811,999.979716,999.979531,999.979399,999.979115,999.978926,999.978834,999.978236,999.978588,999.978199,999.976993,999.976881,999.976686,999.976649,999.976805,999.976784,999.976890,999.977279,999.977906,999.978637,999.979665,999.980974,999.982468,999.984179,999.985937,999.987783,999.989646,999.991345,999.992943,999.994470,999.995923,999.997314,999.998647,999.999785,1000.000717,1000.001538,1000.002267,1000.002908,1000.003472,1000.003954,1000.004376,1000.004734,1000.005048,1000.005301,1000.005524,1000.005707,1000.005862,1000.005982,1000.006086,1000.006160,1000.006226,1000.006269,1000.006299,1000.006320,1000.006334,1000.006340,1000.006337,1000.006332,1000.006327,1000.006318,1000.006310,1000.006300,1000.006293,1000.006288,1000.006287,1000.006284,1000.006292,1000.006295,1000.006311,1000.006332,1000.006357,1000.006382,1000.006410,1000.006470,1000.006542,1000.006587,1000.006678,1000.006702,0.000000,0.000000,0.000000,0.000000,0.000000,0.000000,0.000000,0.000000
0.000000,0.000000,0.000000,0.000000,0.000000,0.000000,0.000000,0.000000,999.978869,999.980809,999.980672,999.980644,999.980646,999.980585,999.980529,999.980418,999.980322,999.980160,999.980017,999.979780,999.979592,999.979276,999.979089,999.978713,999.978152,999.978191,999.976993,999.976505,999.977226,999.976730,999.976275,999.975845,999.975374,999.975454,999.975757,999.976206,999.977129,999.978325,999.979753,999.981439,999.983284,999.985256,999.987310,999.989483,999.991609,999.993585,999.995367,999.996889,999.998152,999.999340,1000.000479,1000.001477,1000.002329,1000.003058,1000.003681,1000.004210,1000.004664,1000.005046,1000.005366,1000.005637,1000.005857,1000.006038,1000.006183,1000.006299,1000.006385,1000.006450,1000.006494,1000.006518,1000.006534,1000.006536,1000.006526,1000.006508,1000.006489,1000.006463,1000.006433,1000.006401,1000.006370,1000.006340,1000.006314,1000.006286,1000.006262,1000.006244,1000.006235,1000.006221,1000.006218,1000.006216,1000.006231,1000.006240,1000.006257,1000.006286,1000.006327,1000.006370,1000.006420,1000.006444,1000.007068,0.000000,0.000000,0.000000,0.000000,0.000000,0.000000,0.000000,0.000000
0.000000,0.000000,0.000000,0.000000,0.000000,0.000000,0.000000,999.982020,999.981438,999.981343,999.981143,999.981231,999.981187,999.981092,999.980994,999.980859,999.980724,999.980522,999.980337,999.980060,999.979822,999.979461,999.979164,999.978623,999.978218,999.977998,999.976881,999.977226,999.976941,999.974971,999.974358,999.973960,999.973774,999.973955,999.974086,999.974594,999.975352,999.976546,999.978227,999.980164,999.982515,999.984974,999.987239,999.989474,999.991650,999.993711,999.995688,999.997603,999.999202,1000.000455,1000.001530,1000.002467,1000.003282,1000.003970,1000.004550,1000.005037,1000.005444,1000.005780,1000.006049,1000.006275,1000.006450,1000.006589,1000.006688,1000.006762,1000.006806,1000.006834,1000.006839,1000.006832,1000.006806,1000.006780,1000.006738,1000.006688,1000.006637,1000.006587,1000.006532,1000.006477,1000.006426,1000.006371,1000.006325,1000.006282,1000.006239,1000.006203,1000.006172,1000.006151,1000.006130,1000.006121,1000.006113,1000.006114,1000.006129,1000.006145,1000.006170,1000.006197,1000.006290,1000.006300,1000.006335,1000.006176,0.000000,0.000000,0.000000,0.000000,0.000000,0.000000,0.000000
0.000000,0.000000,0.000000,0.000000,0.000000,0.000000,0.000000,999.980291,999.982370,999.982037,999.981940,999.981837,999.981720,999.981608,999.981487,999.981327,999.981153,999.980922,999.980696,999.980385,999.980096,999.979673,999.979296,999.978735,999.978365,999.977729,999.976686,999.976730,999.974971,999.973518,999.974214,999.973747,999.973059,999.972566,999.972088,999.972240,999.973275,999.974669,999.976470,999.978788,999.981265,999.984174,999.987214,999.990090,999.992740,999.994989,999.996790,999.998473,1000.000093,1000.001480,1000.002620,1000.003560,1000.004336,1000.004981,1000.005505,1000.005942,1000.006289,1000.006570,1000.006790,1000.006958,1000.007082,1000.007169,1000.007222,1000.007250,1000.007252,1000.007235,1000.007202,1000.007155,1000.007094,1000.007024,1000.006956,1000.006879,1000.006793,1000.006712,1000.006631,1000.006549,1000.006471,1000.006398,1000.006326,1000.006264,1000.006207,1000.006155,1000.006110,1000.006067,1000.006047,1000.006016,1000.005998,1000.005986,1000.005993,1000.005995,1000.006008,1000.006027,1000.006050,1000.006069,1000.006043,1000.006801,0.000000,0.000000,0.000000,0.000000,0.000000,0.000000,0.000000
0.000000,0.000000,0.000000,0.000000,0.000000,0.000000,999.983924,999.983183,999.982956,999.982575,999.982577,999.982431,999.982299,999.982164,999.982006,999.981815,999.981607,999.981352,999.981092,999.980744,999.980403,999.979929,999.979505,999.978889,999.978361,999.977448,999.976649,999.976275,999.974358,999.974214,999.974237,999.971657,999.970184,999.969269,999.968888,999.969576,999.970209,999.971490,999.973867,999.976692,999.979888,999.983294,999.986593,999.989772,999.992848,999.995835,999.998275,1000.000092,1000.001586,1000.002869,1000.003949,1000.004824,1000.005532,1000.006105,1000.006566,1000.006926,1000.007206,1000.007420,1000.007578,1000.007686,1000.007750,1000.007782,1000.007782,1000.007762,1000.007716,1000.007652,1000.007574,1000.007489,1000.007389,1000.007283,1000.007170,1000.007063,1000.006949,1000.006838,1000.006727,1000.006622,1000.006519,1000.006423,1000.006335,1000.006247,1000.006169,1000.006099,1000.006037,1000.005982,1000.005937,1000.005900,1000.005874,1000.005853,1000.005841,1000.005828,1000.005839,1000.005852,1000.005867,1000.005907,1000.005844,1000.005871,1000.005725,0.000000,0.000000,0.000000,0.000000,0.000000,0.000000
0.000000,0.000000,0.000000,0.000000,0.000000,0.000000,999.982077,999.984137,999.983595,999.983396,999.983206,999.983045,999.982896,999.982731,999.982544,999.982326,999.982101,999.981826,999.981526,999.981151,999.980766,999.980264,999.979778,999.979087,999.978448,999.977516,999.976805,999.975845,999.973960,999.973747,999.971657,999.968625,999.968340,999.967665,999.967028,999.966508,999.966889,999.968817,999.971453,999.975238,999.979251,999.983353,999.987602,999.991311,999.994227,999.996882,999.999429,1000.001543,1000.003175,1000.004449,1000.005454,1000.006248,1000.006867,1000.007350,1000.007717,1000.007992,1000.008191,1000.008327,1000.008410,1000.008450,1000.008453,1000.008425,1000.008370,1000.008291,1000.008195,1000.008084,1000.007959,1000.007826,1000.007688,1000.007546,1000.007396,1000.007247,1000.007102,1000.006959,1000.006820,1000.006685,1000.006556,1000.006434,1000.006323,1000.006221,1000.006121,1000.006036,1000.005963,1000.005892,1000.005832,1000.005777,1000.005745,1000.005709,1000.005686,1000.005667,1000.005663,1000.005659,1000.005658,1000.005665,1000.005649,1000.005541,1000.006322,0.000000,0.000000,0.000000,0.000000,0.000000,0.000000
0.000000,0.000000,0.000000,0.000000,0.000000,999.985946,999.985010,999.984624,999.984099,999.984043,999.983848,999.983676,999.983494,999.983304,999.983095,999.982879,999.982625,999.982332,999.982003,999.981608,999.981194,999.980658,999.980114,999.979373,999.978679,999.977688,999.976784,999.975374,999.973774,999.973059,999.970184,999.968340,999.967952,999.965060,999.962613,999.961713,999.961837,999.963730,999.966957,999.971054,999.976419,999.982158,999.987377,999.992382,999.996500,999.999424,1000.001710,1000.003608,1000.005136,1000.006299,1000.007176,1000.007842,1000.008342,1000.008701,1000.008956,1000.009127,1000.009237,1000.009285,1000.009289,1000.009251,1000.009187,1000.009093,1000.008977,1000.008838,1000.008689,1000.008527,1000.008354,1000.008172,1000.007987,1000.007803,1000.007619,1000.007435,1000.007251,1000.007077,1000.006905,1000.006747,1000.006593,1000.006444,1000.006309,1000.006183,1000.006073,1000.005957,1000.005866,1000.005785,1000.005715,1000.005646,1000.005597,1000.005551,1000.005521,1000.005503,1000.005484,1000.005461,1000.005456,1000.005458,1000.005496,1000.005389,1000.005318,1000.004998,0.000000,0.000000,0.000000,0.000000,0.000000
0.000000,0.000000,0.000000,0.000000,0.000000,999.984001,999.985723,999.985122,999.984901,999.984682,999.984461,999.984288,999.984094,999.983899,999.983689,999.983455,999.983185,999.982875,999.982532,999.982130,999.981684,999.981124,999.980542,999.979778,999.979022,999.977951,999.976890,999.975454,999.973955,999.972566,999.969269,999.967665,999.965060,999.960364,999.957693,999.955516,999.955522,999.957829,999.961822,999.968517,999.975748,999.982310,999.988321,999.993428,999.998033,1000.001698,1000.004267,1000.006110,1000.007449,1000.008427,1000.009123,1000.009608,1000.009944,1000.010156,1000.010283,1000.010338,1000.010335,1000.010288,1000.010203,1000.010088,1000.009944,1000.009779,1000.009600,1000.009403,1000.009194,1000.008976,1000.008752,1000.008525,1000.008295,1000.008064,1000.007836,1000.007615,1000.007398,1000.007187,1000.006986,1000.006790,1000.006614,1000.006443,1000.006282,1000.006134,1000.006003,1000.005883,1000.005769,1000.005671,1000.005589,1000.005509,1000.005449,1000.005390,1000.005348,1000.005311,1000.005292,1000.005272,1000.005265,1000.005242,1000.005213,1000.005209,1000.005073,1000.005788,0.000000,0.000000,0.000000,0.000000,0.000000
0.000000,0.000000,0.000000,0.000000,999.986822,999.986455,999.986082,999.985538,999.985479,999.985274,999.985096,999.984911,999.984717,999.984526,999.984298,999.984054,999.983768,999.983469,999.983112,999.982704,999.982235,999.981679,999.981070,999.980292,999.979490,999.978363,999.977279,999.975757,999.974086,999.972088,999.968888,999.967028,999.962613,999.957693,999.953152,999.948154,999.946793,999.948377,999.954965,999.964759,999.974887,999.984733,999.992483,999.997764,1000.001836,1000.005073,1000.007455,1000.009065,1000.010123,1000.010814,1000.011263,1000.011524,1000.011657,1000.011701,1000.011678,1000.011600,1000.011478,1000.011325,1000.011147,1000.010948,1000.010725,1000.010487,1000.010237,1000.009978,1000.009709,1000.009432,1000.009151,1000.008875,1000.008598,1000.008320,1000.008051,1000.007786,1000.007532,1000.007288,1000.007055,1000.006832,1000.006621,1000.006429,1000.006249,1000.006075,1000.005923,1000.005784,1000.005659,1000.005540,1000.005443,1000.005352,1000.005286,1000.005221,1000.005170,1000.005123,1000.005092,1000.005076,1000.005054,1000.005044,1000.005025,1000.005076,1000.004919,1000.004892,1000.004844,0.000000,0.000000,0.000000,0.000000
0.000000,0.000000,0.000000,0.000000,999.984640,999.986241,999.986254,999.986251,999.986082,999.985885,999.985718,999.985540,999.985349,999.985152,999.984921,999.984679,999.984410,999.984102,999.983742,999.983339,999.982865,999.982320,999.981703,999.980922,999.980111,999.978968,999.977906,999.976206,999.974594,999.972240,999.969576,999.966508,999.961713,999.955516,999.948154,999.938314,999.931744,999.935764,999.945353,999.957635,999.972725,999.985326,999.994368,1000.002019,1000.006756,1000.009630,1000.011452,1000.012544,1000.013161,1000.013464,1000.013577,1000.013565,1000.013466,1000.013314,1000.013121,1000.012897,1000.012655,1000.012393,1000.012113,1000.011821,1000.011521,1000.011207,1000.010885,1000.010556,1000.010226,1000.009893,1000.009556,1000.009220,1000.008894,1000.008571,1000.008256,1000.007954,1000.007658,1000.007375,1000.007113,1000.006859,1000.006620,1000.006394,1000.006197,1000.006005,1000.005829,1000.005670,1000.005535,1000.005405,1000.005294,1000.005194,1000.005107,1000.005032,1000.004977,1000.004931,1000.004888,1000.004860,1000.004836,1000.004833,1000.004817,1000.004837,1000.004871,1000.004977,1000.005705,0.000000,0.000000,0.000000,0.000000
