0.000000,0.000000,0.000000,0.000000,0.000000,0.000000,0.000000,0.000000,0.000000,0.000000,0.000000,0.000000,0.000000,0.000000,0.000000,0.000000,0.000000,0.000000,0.000000,0.000000,0.000000,0.000000,0.000000,0.000000,0.000000,0.000000,0.000000,0.000000,0.000000,0.000000,0.000000,0.000000,0.000000,0.000000,0.000000,0.000000,0.000000,0.000000,0.000000,0.000000,0.000000,0.000000,0.000000,0.000000,0.000000,0.000000,0.000000,0.000000,0.000000,0.000000,0.000000,0.000000,0.000000,0.000000,0.000000,0.000000,0.000000,0.000000,0.000000,0.000000,0.000000,0.000000,0.000000,0.000000,0.000000,0.000000,0.000000,0.000000,0.000000,0.000000,0.000000,0.000000,0.000000,0.000000,0.000000,0.000000,0.000000,0.000000,0.000000,0.000000,0.000000,0.000000,0.000000,0.000000,0.000000,0.000000,0.000000,0.000000,0.000000,0.000000,0.000000,0.000000,0.000000,0.000000,0.000000,0.000000,0.000000,0.000000,0.000000,0.000000,0.000000,0.000000,0.000000
0.000000,0.000000,0.000000,0.000000,0.000000,0.000000,0.000000,0.000000,0.000000,0.000000,0.000000,0.000000,0.000000,0.000000,0.000000,0.000000,0.000000,0.000000,0.000000,0.000000,0.000000,0.000000,0.000000,0.000000,0.000000,0.000000,0.000000,0.000000,0.000000,0.000000,0.000000,0.000000,0.000000,0.000000,0.000000,0.000000,0.000000,0.000000,0.000000,0.000000,0.000000,0.000000,0.000000,0.000000,0.000000,0.000000,0.000000,0.000000,0.000000,0.000000,0.000000,999.997047,0.000000,0.000000,0.000000,0.000000,0.000000,0.000000,0.000000,0.000000,0.000000,0.000000,0.000000,0.000000,0.000000,0.000000,0.000000,0.000000,0.000000,0.000000,0.000000,0.000000,0.000000,0.000000,0.000000,0.000000,0.000000,0.000000,0.000000,0.000000,0.000000,0.000000,0.000000,0.000000,0.000000,0.000000,0.000000,0.000000,0.000000,0.000000,0.000000,0.000000,0.000000,0.000000,0.000000,0.000000,0.000000,0.000000,0.000000,0.000000,0.000000,0.000000,0.000000
0.000000,0.000000,0.000000,0.000000,0.000000,0.000000,0.000000,0.000000,0.000000,0.000000,0.000000,0.000000,0.000000,0.000000,0.000000,0.000000,0.000000,0.000000,0.000000,0.000000,0.000000,0.000000,0.000000,0.000000,0.000000,0.000000,0.000000,0.000000,0.000000,0.000000,0.000000,0.000000,0.000000,0.000000,0.000000,0.000000,0.000000,0.000000,0.000000,0.000000,0.000000,0.000000,999.994493,999.991315,999.991323,999.992029,999.992770,999.993556,999.994445,999.995731,999.996805,999.996984,999.997159,999.998166,999.999333,1000.000030,1000.000606,1000.001122,1000.001576,1000.001517,999.999142,0.000000,0.000000,0.000000,0.000000,0.000000,0.000000,0.000000,0.000000,0.000000,0.000000,0.000000,0.000000,0.000000,0.000000,0.000000,0.000000,0.000000,0.000000,0.000000,0.000000,0.000000,0.000000,0.000000,0.000000,0.000000,0.000000,0.000000,0.000000,0.000000,0.000000,0.000000,0.000000,0.000000,0.000000,0.000000,0.000000,0.000000,0.000000,0.000000,0.000000,0.000000,0.000000
0.000000,0.000000,0.000000,0.000000,0.000000,0.000000,0.000000,0.000000,0.000000,0.000000,0.000000,0.000000,0.000000,0.000000,0.000000,0.000000,0.000000,0.000000,0.000000,0.000000,0.000000,0.000000,0.000000,0.000000,0.000000,0.000000,0.000000,0.000000,0.000000,0.000000,0.000000,0.000000,0.000000,0.000000,0.000000,0.000000,0.000000,999.989640,999.986604,999.986440,999.987888,999.990249,999.993511,999.992724,999.992208,999.992430,999.993036,999.993788,999.994564,999.995391,999.996602,999.996872,999.997132,999.998271,999.998973,999.999610,1000.000191,1000.000626,1000.000754,1000.000366,999.999804,1000.002053,1000.003569,1000.004401,1000.004128,1000.002210,0.000000,0.000000,0.000000,0.000000,0.000000,0.000000,0.000000,0.000000,0.000000,0.000000,0.000000,0.000000,0.000000,0.000000,0.000000,0.000000,0.000000,0.000000,0.000000,0.000000,0.000000,0.000000,0.000000,0.000000,0.000000,0.000000,0.000000,0.000000,0.000000,0.000000,0.000000,0.000000,0.000000,0.000000,0.000000,0.000000,0.000000
0.000000,0.000000,0.000000,0.000000,0.000000,0.000000,0.000000,0.000000,0.000000,0.000000,0.000000,0.000000,0.000000,0.000000,0.000000,0.000000,0.000000,0.000000,0.000000,0.000000,0.000000,0.000000,0.000000,0.000000,0.000000,0.000000,0.000000,0.000000,0.000000,0.000000,0.000000,0.000000,0.000000,0.000000,999.986813,999.984616,999.985839,999.988883,999.988350,999.988045,999.988563,999.990542,999.991686,999.991971,999.992293,999.992698,999.993240,999.993899,999.994660,999.995356,999.996107,999.996768,999.997405,999.998087,999.998698,999.999341,999.999863,1000.000267,1000.000546,1000.000739,1000.000924,1000.001678,1000.002958,1000.003249,1000.003015,1000.002606,1000.004316,1000.004992,1000.003775,0.000000,0.000000,0.000000,0.000000,0.000000,0.000000,0.000000,0.000000,0.000000,0.000000,0.000000,0.000000,0.000000,0.000000,0.000000,0.000000,0.000000,0.000000,0.000000,0.000000,0.000000,0.000000,0.000000,0.000000,0.000000,0.000000,0.000000,0.000000,0.000000,0.000000,0.000000,0.000000,0.000000,0.000000
0.000000,0.000000,0.000000,0.000000,0.000000,0.000000,0.000000,0.000000,0.000000,0.000000,0.000000,0.000000,0.000000,0.000000,0.000000,0.000000,0.000000,0.000000,0.000000,0.000000,0.000000,0.000000,0.000000,0.000000,0.000000,0.000000,0.000000,0.000000,0.000000,0.000000,0.000000,0.000000,999.985930,999.983975,999.986449,999.986229,999.987080,999.987738,999.988009,999.988556,999.989218,999.990211,999.990887,999.991718,999.992261,999.992739,999.993305,999.993943,999.994635,999.995340,999.995983,999.996671,999.997337,999.997931,999.998556,999.999135,999.999640,1000.000074,1000.000425,1000.000786,1000.001327,1000.001768,1000.002394,1000.002769,1000.003086,1000.003223,1000.003537,1000.003969,1000.003822,1000.005112,1000.003935,0.000000,0.000000,0.000000,0.000000,0.000000,0.000000,0.000000,0.000000,0.000000,0.000000,0.000000,0.000000,0.000000,0.000000,0.000000,0.000000,0.000000,0.000000,0.000000,0.000000,0.000000,0.000000,0.000000,0.000000,0.000000,0.000000,0.000000,0.000000,0.000000,0.000000,0.000000,0.000000
0.000000,0.000000,0.000000,0.000000,0.000000,0.000000,0.000000,0.000000,0.000000,0.000000,0.000000,0.000000,0.000000,0.000000,0.000000,0.000000,0.000000,0.000000,0.000000,0.000000,0.000000,0.000000,0.000000,0.000000,0.000000,0.000000,0.000000,0.000000,0.000000,0.000000,999.983901,999.982042,999.984994,999.985710,999.986066,999.986239,999.986880,999.987341,999.988059,999.988662,999.989322,999.990028,999.990748,999.991494,999.992096,999.992698,999.993311,999.993952,999.994604,999.995288,999.995944,999.996599,999.997242,999.997852,999.998453,999.999004,999.999516,999.999979,1000.000416,1000.000836,1000.001313,1000.001765,1000.002204,1000.002585,1000.002906,1000.003311,1000.003547,1000.003846,1000.003879,1000.004075,1000.004403,1000.005854,1000.004917,0.000000,0.000000,0.000000,0.000000,0.000000,0.000000,0.000000,0.000000,0.000000,0.000000,0.000000,0.000000,0.000000,0.000000,0.000000,0.000000,0.000000,0.000000,0.000000,0.000000,0.000000,0.000000,0.000000,0.000000,0.000000,0.000000,0.000000,0.000000,0.000000,0.000000
0.000000,0.000000,0.000000,0.000000,0.000000,0.000000,0.000000,0.000000,0.000000,0.000000,0.000000,0.000000,0.000000,0.000000,0.000000,0.000000,0.000000,0.000000,0.000000,0.000000,0.000000,0.000000,0.000000,0.000000,0.000000,0.000000,0.000000,0.000000,999.981984,999.980246,999.983158,999.984115,999.984605,999.985105,999.985521,999.986241,999.986796,999.987331,999.987974,999.988590,999.989267,999.989943,999.990656,999.991329,999.991988,999.992635,999.993281,999.993923,999.994581,999.995240,999.995899,999.996539,999.997164,999.997781,999.998358,999.998910,999.999429,999.999915,1000.000378,1000.000838,1000.001282,1000.001730,1000.002139,1000.002554,1000.002881,1000.003218,1000.003497,1000.003777,1000.004104,1000.004282,1000.004526,1000.004722,1000.005157,1000.006541,1000.005599,0.000000,0.000000,0.000000,0.000000,0.000000,0.000000,0.000000,0.000000,0.000000,0.000000,0.000000,0.000000,0.000000,0.000000,0.000000,0.000000,0.000000,0.000000,0.000000,0.000000,0.000000,0.000000,0.000000,0.000000,0.000000,0.000000,0.000000,0.000000
0.000000,0.000000,0.000000,0.000000,0.000000,0.000000,0.000000,0.000000,0.000000,0.000000,0.000000,0.000000,0.000000,0.000000,0.000000,0.000000,0.000000,0.000000,0.000000,0.000000,0.000000,0.000000,0.000000,0.000000,0.000000,0.000000,999.980138,999.978815,999.981398,999.982341,999.982927,999.983567,999.984069,999.984882,999.985460,999.986070,999.986615,999.987237,999.987864,999.988505,999.989180,999.989856,999.990551,999.991218,999.991901,999.992564,999.993228,999.993888,999.994551,999.995209,999.995864,999.996504,999.997129,999.997735,999.998312,999.998865,999.999391,999.999897,1000.000366,1000.000829,1000.001266,1000.001697,1000.002097,1000.002484,1000.002849,1000.003175,1000.003486,1000.003769,1000.004058,1000.004316,1000.004703,1000.004911,1000.005181,1000.005433,1000.005838,1000.006985,1000.006318,0.000000,0.000000,0.000000,0.000000,0.000000,0.000000,0.000000,0.000000,0.000000,0.000000,0.000000,0.000000,0.000000,0.000000,0.000000,0.000000,0.000000,0.000000,0.000000,0.000000,0.000000,0.000000,0.000000,0.000000,0.000000,0.000000
0.000000,0.000000,0.000000,0.000000,0.000000,0.000000,0.000000,0.000000,0.000000,0.000000,0.000000,0.000000,0.000000,0.000000,0.000000,0.000000,0.000000,0.000000,0.000000,0.000000,0.000000,0.000000,0.000000,0.000000,999.979055,999.977965,999.979925,999.980767,999.981306,999.981998,999.982540,999.983368,999.984023,999.984657,999.985255,999.985864,999.986487,999.987118,999.987752,999.988405,999.989075,999.989756,999.990440,999.991132,999.991819,999.992504,999.993178,999.993845,999.994520,999.995179,999.995833,999.996472,999.997099,999.997692,999.998281,999.998836,999.999372,999.999876,1000.000365,1000.000832,1000.001277,1000.001712,1000.002113,1000.002494,1000.002846,1000.003187,1000.003496,1000.003795,1000.004091,1000.004361,1000.004646,1000.004939,1000.005295,1000.005518,1000.005814,1000.006020,1000.006344,1000.007193,1000.006646,0.000000,0.000000,0.000000,0.000000,0.000000,0.000000,0.000000,0.000000,0.000000,0.000000,0.000000,0.000000,0.000000,0.000000,0.000000,0.000000,0.000000,0.000000,0.000000,0.000000,0.000000,0.000000,0.000000,0.000000
0.000000,0.000000,0.000000,0.000000,0.000000,0.000000,0.000000,0.000000,0.000000,0.000000,0.000000,0.000000,0.000000,0.000000,0.000000,0.000000,0.000000,0.000000,0.000000,0.000000,0.000000,0.000000,0.000000,999.979384,999.979016,999.979465,999.980024,999.980635,999.981107,999.981903,999.982537,999.983179,999.983818,999.984433,999.985069,999.985695,999.986325,999.986960,999.987609,999.988284,999.988961,999.989649,999.990343,999.991040,999.991742,999.992436,999.993127,999.993813,999.994498,999.995164,999.995821,999.996475,999.997097,999.997706,999.998287,999.998853,999.999382,999.999892,1000.000376,1000.000842,1000.001282,1000.001701,1000.002110,1000.002492,1000.002854,1000.003197,1000.003517,1000.003818,1000.004116,1000.004406,1000.004678,1000.004964,1000.005240,1000.005503,1000.005843,1000.006026,1000.006262,1000.006460,1000.006616,1000.006377,0.000000,0.000000,0.000000,0.000000,0.000000,0.000000,0.000000,0.000000,0.000000,0.000000,0.000000,0.000000,0.000000,0.000000,0.000000,0.000000,0.000000,0.000000,0.000000,0.000000,0.000000,0.000000,0.000000
0.000000,0.000000,0.000000,0.000000,0.000000,0.000000,0.000000,0.000000,0.000000,0.000000,0.000000,0.000000,0.000000,0.000000,0.000000,0.000000,0.000000,0.000000,0.000000,0.000000,0.000000,999.977307,999.976656,999.978833,999.979331,999.979718,999.979984,999.980600,999.981189,999.981794,999.982396,999.983011,999.983639,999.984258,999.984884,999.985520,999.986151,999.986803,999.987468,999.988146,999.988837,999.989531,999.990245,999.990957,999.991664,999.992371,999.993081,999.993785,999.994472,999.995151,999.995820,999.996468,999.997102,999.997715,999.998304,999.998868,999.999410,999.999931,1000.000429,1000.000901,1000.001352,1000.001770,1000.002163,1000.002541,1000.002895,1000.003232,1000.003552,1000.003857,1000.004147,1000.004436,1000.004706,1000.004982,1000.005243,1000.005495,1000.005742,1000.005976,1000.006224,1000.006305,1000.006425,1000.006616,1000.007577,1000.007225,0.000000,0.000000,0.000000,0.000000,0.000000,0.000000,0.000000,0.000000,0.000000,0.000000,0.000000,0.000000,0.000000,0.000000,0.000000,0.000000,0.000000,0.000000,0.000000,0.000000,0.000000
0.000000,0.000000,0.000000,0.000000,0.000000,0.000000,0.000000,0.000000,0.000000,0.000000,0.000000,0.000000,0.000000,0.000000,0.000000,0.000000,0.000000,0.000000,0.000000,0.000000,999.977695,999.977625,999.978076,999.978672,999.979125,999.979624,999.980087,999.980604,999.981138,999.981680,999.982264,999.982862,999.983455,999.984064,999.984688,999.985312,999.985963,999.986624,999.987304,999.987989,999.988690,999.989411,999.990132,999.990862,999.991590,999.992321,999.993048,999.993762,999.994468,999.995168,999.995848,999.996503,999.997144,999.997765,999.998359,999.998925,999.999465,999.999983,1000.000468,1000.000934,1000.001380,1000.001812,1000.002215,1000.002592,1000.002953,1000.003283,1000.003608,1000.003908,1000.004197,1000.004473,1000.004741,1000.004999,1000.005251,1000.005497,1000.005719,1000.005935,1000.006134,1000.006311,1000.006502,1000.006661,1000.006905,1000.007056,1000.006957,0.000000,0.000000,0.000000,0.000000,0.000000,0.000000,0.000000,0.000000,0.000000,0.000000,0.000000,0.000000,0.000000,0.000000,0.000000,0.000000,0.000000,0.000000,0.000000,0.000000
0.000000,0.000000,0.000000,0.000000,0.000000,0.000000,0.000000,0.000000,0.000000,0.000000,0.000000,0.000000,0.000000,0.000000,0.000000,0.000000,0.000000,0.000000,0.000000,999.977342,999.977691,999.977923,999.978360,999.978624,999.979139,999.979606,999.980080,999.980539,999.981045,999.981566,999.982120,999.982681,999.983262,999.983866,999.984482,999.985115,999.985764,999.986436,999.987121,999.987825,999.988547,999.989282,999.990021,999.990765,999.991523,999.992270,999.993007,999.993743,999.994466,999.995177,999.995865,999.996540,999.997190,999.997818,999.998420,999.999004,999.999557,1000.000085,1000.000587,1000.001052,1000.001492,1000.001905,1000.002298,1000.002670,1000.003020,1000.003355,1000.003668,1000.003968,1000.004248,1000.004519,1000.004779,1000.005025,1000.005265,1000.005493,1000.005709,1000.005906,1000.006095,1000.006276,1000.006458,1000.006658,1000.006735,1000.006903,1000.006956,1000.007062,0.000000,0.000000,0.000000,0.000000,0.000000,0.000000,0.000000,0.000000,0.000000,0.000000,0.000000,0.000000,0.000000,0.000000,0.000000,0.000000,0.000000,0.000000,0.000000
0.000000,0.000000,0.000000,0.000000,0.000000,0.000000,0.000000,0.000000,0.000000,0.000000,0.000000,0.000000,0.000000,0.000000,0.000000,0.000000,0.000000,0.000000,999.976981,999.977398,999.977766,999.978086,999.978440,999.978769,999.979195,999.979608,999.980037,999.980474,999.980950,999.981444,999.981959,999.982497,999.983058,999.983646,999.984250,999.984883,999.985541,999.986218,999.986919,999.987642,999.988383,999.989135,999.989899,999.990675,999.991450,999.992222,999.992987,999.993751,999.994497,999.995224,999.995932,999.996624,999.997285,999.997917,999.998520,999.999099,999.999644,1000.000159,1000.000661,1000.001137,1000.001592,1000.002008,1000.002405,1000.002774,1000.003122,1000.003446,1000.003757,1000.004043,1000.004321,1000.004580,1000.004832,1000.005066,1000.005291,1000.005505,1000.005709,1000.005903,1000.006074,1000.006252,1000.006412,1000.006579,1000.006698,1000.006817,1000.006941,1000.007049,1000.007204,0.000000,0.000000,0.000000,0.000000,0.000000,0.000000,0.000000,0.000000,0.000000,0.000000,0.000000,0.000000,0.000000,0.000000,0.000000,0.000000,0.000000,0.000000
0.000000,0.000000,0.000000,0.000000,0.000000,0.000000,0.000000,0.000000,0.000000,0.000000,0.000000,0.000000,0.000000,0.000000,0.000000,0.000000,0.000000,999.976660,999.977168,999.977508,999.977834,999.978164,999.978478,999.978820,999.979179,999.979553,999.979944,999.980371,999.980809,999.981271,999.981761,999.982281,999.982827,999.983400,999.984002,999.984636,999.985299,999.985987,999.986703,999.987448,999.988203,999.988982,999.989774,999.990577,999.991370,999.992173,999.992972,999.993752,999.994516,999.995264,999.995993,999.996696,999.997371,999.998029,999.998653,999.999250,999.999814,1000.000344,1000.000829,1000.001289,1000.001724,1000.002132,1000.002523,1000.002887,1000.003231,1000.003548,1000.003851,1000.004131,1000.004399,1000.004648,1000.004887,1000.005114,1000.005325,1000.005524,1000.005719,1000.005899,1000.006074,1000.006227,1000.006384,1000.006523,1000.006661,1000.006776,1000.006899,1000.007021,1000.007154,1000.007319,0.000000,0.000000,0.000000,0.000000,0.000000,0.000000,0.000000,0.000000,0.000000,0.000000,0.000000,0.000000,0.000000,0.000000,0.000000,0.000000,0.000000
0.000000,0.000000,0.000000,0.000000,0.000000,0.000000,0.000000,0.000000,0.000000,0.000000,0.000000,0.000000,0.000000,0.000000,0.000000,0.000000,999.976660,999.976968,999.977309,999.977614,999.977953,999.978262,999.978559,999.978875,999.979191,999.979529,999.979885,999.980271,999.980664,999.981097,999.981552,999.982046,999.982567,999.983130,999.983720,999.984355,999.985017,999.985719,999.986453,999.987216,999.988005,999.988815,999.989643,999.990473,999.991308,999.992148,999.992977,999.993789,999.994584,999.995363,999.996111,999.996833,999.997515,999.998172,999.998789,999.999366,999.999932,1000.000471,1000.000984,1000.001451,1000.001896,1000.002299,1000.002685,1000.003037,1000.003369,1000.003678,1000.003968,1000.004244,1000.004498,1000.004734,1000.004959,1000.005175,1000.005379,1000.005561,1000.005740,1000.005907,1000.006068,1000.006220,1000.006355,1000.006492,1000.006620,1000.006737,1000.006861,1000.006978,1000.007103,1000.007235,1000.007392,0.000000,0.000000,0.000000,0.000000,0.000000,0.000000,0.000000,0.000000,0.000000,0.000000,0.000000,0.000000,0.000000,0.000000,0.000000,0.000000
0.000000,0.000000,0.000000,0.000000,0.000000,0.000000,0.000000,0.000000,0.000000,0.000000,0.000000,0.000000,0.000000,0.000000,0.000000,999.976660,999.976968,999.977304,999.977579,999.977836,999.978120,999.978340,999.978594,999.978861,999.979143,999.979435,999.979755,999.980094,999.980460,999.980862,999.981294,999.981759,999.982266,999.982814,999.983404,999.984038,999.984712,999.985432,999.986184,999.986971,999.987789,999.988633,999.989490,999.990359,999.991238,999.992107,999.992966,999.993813,999.994642,999.995445,999.996215,999.996967,999.997679,999.998365,999.999015,999.999622,1000.000177,1000.000691,1000.001176,1000.001636,1000.002070,1000.002473,1000.002848,1000.003196,1000.003523,1000.003820,1000.004103,1000.004357,1000.004609,1000.004833,1000.005044,1000.005237,1000.005432,1000.005608,1000.005771,1000.005925,1000.006074,1000.006215,1000.006349,1000.006463,1000.006591,1000.006699,1000.006815,1000.006930,1000.007046,1000.007159,1000.007281,1000.007413,0.000000,0.000000,0.000000,0.000000,0.000000,0.000000,0.000000,0.000000,0.000000,0.000000,0.000000,0.000000,0.000000,0.000000,0.000000
0.000000,0.000000,0.000000,0.000000,0.000000,0.000000,0.000000,0.000000,0.000000,0.000000,0.000000,0.000000,0.000000,0.000000,999.976981,999.977168,999.977309,999.977579,999.977738,999.977922,999.978172,999.978367,999.978639,999.978884,999.979120,999.979376,999.979655,999.979950,999.980274,999.980632,999.981021,999.981459,999.981940,999.982465,999.983042,999.983669,999.984352,999.985085,999.985863,999.986685,999.987544,999.988432,999.989336,999.990259,999.991186,999.992104,999.993009,999.993901,999.994767,999.995600,999.996394,999.997155,999.997869,999.998531,999.999176,999.999796,1000.000382,1000.000921,1000.001421,1000.001878,1000.002300,1000.002693,1000.003056,1000.003388,1000.003705,1000.003991,1000.004258,1000.004503,1000.004726,1000.004948,1000.005147,1000.005326,1000.005498,1000.005661,1000.005817,1000.005957,1000.006085,1000.006213,1000.006334,1000.006448,1000.006554,1000.006662,1000.006766,1000.006873,1000.006979,1000.007085,1000.007189,1000.007285,1000.007390,0.000000,0.000000,0.000000,0.000000,0.000000,0.000000,0.000000,0.000000,0.000000,0.000000,0.000000,0.000000,0.000000,0.000000
0.000000,0.000000,0.000000,0.000000,0.000000,0.000000,0.000000,0.000000,0.000000,0.000000,0.000000,0.000000,0.000000,999.977342,999.977398,999.977508,999.977614,999.977836,999.977922,999.978167,999.978415,999.978535,999.978743,999.978861,999.979023,999.979242,999.979466,999.979712,999.979994,999.980309,999.980669,999.981078,999.981531,999.982045,999.982622,999.983260,999.983957,999.984708,999.985519,999.986376,999.987277,999.988206,999.989164,999.990132,999.991108,999.992073,999.993032,999.993962,999.994863,999.995740,999.996574,999.997381,999.998151,999.998864,999.999508,1000.000099,1000.000652,1000.001172,1000.001669,1000.002120,1000.002541,1000.002924,1000.003281,1000.003600,1000.003901,1000.004174,1000.004428,1000.004659,1000.004875,1000.005061,1000.005257,1000.005421,1000.005580,1000.005721,1000.005861,1000.005992,1000.006112,1000.006219,1000.006334,1000.006433,1000.006536,1000.006629,1000.006721,1000.006814,1000.006913,1000.007002,1000.007098,1000.007180,1000.007261,1000.007325,0.000000,0.000000,0.000000,0.000000,0.000000,0.000000,0.000000,0.000000,0.000000,0.000000,0.000000,0.000000,0.000000
0.000000,0.000000,0.000000,0.000000,0.000000,0.000000,0.000000,0.000000,0.000000,0.000000,0.000000,0.000000,999.977695,999.977691,999.977766,999.977834,999.977953,999.978120,999.978172,999.978415,999.978444,999.978455,999.978658,999.978753,999.978970,999.979167,999.979318,999.979514,999.979747,999.980013,999.980323,999.980685,999.981104,999.981595,999.982154,999.982779,999.983480,999.984255,999.985102,999.986006,999.986964,999.987960,999.988991,999.990029,999.991075,999.992108,999.993130,999.994116,999.995060,999.995973,999.996816,999.997596,999.998349,999.999079,999.999769,1000.000406,1000.000986,1000.001508,1000.001985,1000.002427,1000.002829,1000.003198,1000.003537,1000.003848,1000.004128,1000.004382,1000.004621,1000.004835,1000.005036,1000.005211,1000.005371,1000.005532,1000.005671,1000.005798,1000.005915,1000.006030,1000.006138,1000.006235,1000.006329,1000.006420,1000.006504,1000.006596,1000.006678,1000.006759,1000.006842,1000.006926,1000.007003,1000.007085,1000.007157,1000.007218,1000.007269,0.000000,0.000000,0.000000,0.000000,0.000000,0.000000,0.000000,0.000000,0.000000,0.000000,0.000000,0.000000
0.000000,0.000000,0.000000,0.000000,0.000000,0.000000,0.000000,0.000000,0.000000,0.000000,0.000000,999.977307,999.977625,999.977923,999.978086,999.978164,999.978262,999.978340,999.978367,999.978535,999.978455,999.978644,999.978890,999.978862,999.978985,999.978987,999.979037,999.979203,999.979378,999.979584,999.979848,999.980171,999.980561,999.981035,999.981580,999.982216,999.982950,999.983761,999.984649,999.985600,999.986617,999.987678,999.988775,999.989886,999.991004,999.992102,999.993184,999.994232,999.995231,999.996207,999.997148,999.998010,999.998787,999.999487,1000.000128,1000.000736,1000.001312,1000.001836,1000.002312,1000.002745,1000.003140,1000.003493,1000.003818,1000.004109,1000.004376,1000.004614,1000.004829,1000.005021,1000.005204,1000.005365,1000.005513,1000.005639,1000.005770,1000.005882,1000.005986,1000.006079,1000.006171,1000.006258,1000.006336,1000.006412,1000.006484,1000.006559,1000.006631,1000.006704,1000.006777,1000.006848,1000.006919,1000.006984,1000.007058,1000.007140,1000.007258,1000.007352,0.000000,0.000000,0.000000,0.000000,0.000000,0.000000,0.000000,0.000000,0.000000,0.000000,0.000000
0.000000,0.000000,0.000000,0.000000,0.000000,0.000000,0.000000,0.000000,0.000000,0.000000,0.000000,999.976656,999.978076,999.978360,999.978440,999.978478,999.978559,999.978594,999.978639,999.978743,999.978658,999.978890,999.978773,999.978538,999.978696,999.978691,999.978849,999.979004,999.979070,999.979203,999.979408,999.979671,999.980013,999.980439,999.980960,999.981592,999.982312,999.983149,999.984088,999.985117,999.986230,999.987387,999.988585,999.989793,999.991013,999.992197,999.993360,999.994486,999.995519,999.996469,999.997379,999.998263,999.999100,999.999877,1000.000576,1000.001185,1000.001742,1000.002249,1000.002707,1000.003123,1000.003496,1000.003834,1000.004136,1000.004407,1000.004647,1000.004870,1000.005067,1000.005233,1000.005392,1000.005535,1000.005661,1000.005774,1000.005869,1000.005971,1000.006055,1000.006136,1000.006205,1000.006275,1000.006341,1000.006408,1000.006466,1000.006525,1000.006584,1000.006644,1000.006701,1000.006767,1000.006833,1000.006896,1000.006955,1000.007018,1000.007137,1000.007514,0.000000,0.000000,0.000000,0.000000,0.000000,0.000000,0.000000,0.000000,0.000000,0.000000,0.000000
0.000000,0.000000,0.000000,0.000000,0.000000,0.000000,0.000000,0.000000,0.000000,0.000000,999.979384,999.978833,999.978672,999.978624,999.978769,999.978820,999.978875,999.978861,999.978884,999.978861,999.978753,999.978862,999.978538,999.978650,999.978965,999.978757,999.978750,999.978619,999.978523,999.978636,999.978784,999.978978,999.979262,999.979661,999.980169,999.980803,999.981588,999.982477,999.983476,999.984579,999.985760,999.987010,999.988315,999.989628,999.990949,999.992238,999.993466,999.994691,999.995880,999.996971,999.997941,999.998804,999.999574,1000.000303,1000.000996,1000.001621,1000.002179,1000.002678,1000.003129,1000.003524,1000.003882,1000.004197,1000.004479,1000.004729,1000.004945,1000.005138,1000.005312,1000.005468,1000.005595,1000.005715,1000.005818,1000.005915,1000.005997,1000.006065,1000.006135,1000.006194,1000.006253,1000.006305,1000.006346,1000.006400,1000.006448,1000.006494,1000.006537,1000.006593,1000.006634,1000.006683,1000.006740,1000.006797,1000.006862,1000.006936,1000.006975,1000.006993,1000.006919,0.000000,0.000000,0.000000,0.000000,0.000000,0.000000,0.000000,0.000000,0.000000,0.000000
0.000000,0.000000,0.000000,0.000000,0.000000,0.000000,0.000000,0.000000,0.000000,999.979055,999.979016,999.979331,999.979125,999.979139,999.979195,999.979179,999.979191,999.979143,999.979120,999.979023,999.978970,999.978985,999.978696,999.978965,999.978684,999.978055,999.978141,999.978043,999.978118,999.978255,999.978247,999.978328,999.978557,999.978893,999.979359,999.979981,999.980712,999.981630,999.982716,999.983930,999.985271,999.986672,999.988126,999.989571,999.991030,999.992467,999.993777,999.994977,999.996130,999.997235,999.998295,999.999290,1000.000162,1000.000903,1000.001570,1000.002167,1000.002705,1000.003184,1000.003607,1000.003983,1000.004310,1000.004603,1000.004852,1000.005079,1000.005273,1000.005438,1000.005580,1000.005709,1000.005821,1000.005908,1000.005989,1000.006059,1000.006118,1000.006174,1000.006211,1000.006258,1000.006291,1000.006333,1000.006362,1000.006390,1000.006424,1000.006457,1000.006490,1000.006526,1000.006569,1000.006602,1000.006646,1000.006693,1000.006744,1000.006806,1000.006858,1000.006864,1000.006998,1000.007027,0.000000,0.000000,0.000000,0.000000,0.000000,0.000000,0.000000,0.000000,0.000000
0.000000,0.000000,0.000000,0.000000,0.000000,0.000000,0.000000,0.000000,0.000000,999.977965,999.979465,999.979718,999.979624,999.979606,999.979608,999.979553,999.979529,999.979435,999.979376,999.979242,999.979167,999.978987,999.978691,999.978757,999.978055,999.977999,999.978489,999.978094,999.977892,999.977610,999.977323,999.977389,999.977552,999.977811,999.978222,999.978820,999.979679,999.980695,999.981862,999.983188,999.984623,999.986161,999.987788,999.989394,999.990962,999.992564,999.994123,999.995560,999.996843,999.997958,999.998919,999.999831,1000.000701,1000.001472,1000.002153,1000.002748,1000.003271,1000.003730,1000.004128,1000.004477,1000.004780,1000.005040,1000.005262,1000.005453,1000.005617,1000.005759,1000.005871,1000.005968,1000.006048,1000.006120,1000.006170,1000.006218,1000.006248,1000.006284,1000.006311,1000.006324,1000.006343,1000.006357,1000.006375,1000.006391,1000.006403,1000.006426,1000.006439,1000.006461,1000.006489,1000.006522,1000.006549,1000.006586,1000.006627,1000.006672,1000.006724,1000.006747,1000.006874,1000.007339,0.000000,0.000000,0.000000,0.000000,0.000000,0.000000,0.000000,0.000000,0.000000
0.000000,0.000000,0.000000,0.000000,0.000000,0.000000,0.000000,0.000000,999.980138,999.979925,999.980024,999.979984,999.980087,999.980080,999.980037,999.979944,999.979885,999.979755,999.979655,999.979466,999.979318,999.979037,999.978849,999.978750,999.978141,999.978489,999.978105,999.976875,999.976754,999.976550,999.976515,999.976665,999.976634,999.976739,999.977123,999.977745,999.978479,999.979503,999.980805,999.982300,999.984015,999.985781,999.987625,999.989494,999.991203,999.992808,999.994340,999.995801,999.997208,999.998547,999.999697,1000.000634,1000.001465,1000.002202,1000.002853,1000.003422,1000.003915,1000.004339,1000.004705,1000.005019,1000.005285,1000.005515,1000.005703,1000.005861,1000.005988,1000.006098,1000.006182,1000.006248,1000.006296,1000.006336,1000.006363,1000.006380,1000.006390,1000.006391,1000.006397,1000.006399,1000.006389,1000.006387,1000.006382,1000.006380,1000.006379,1000.006383,1000.006393,1000.006395,1000.006407,1000.006426,1000.006452,1000.006477,1000.006508,1000.006541,1000.006597,1000.006674,1000.006720,1000.006814,1000.006839,0.000000,0.000000,0.000000,0.000000,0.000000,0.000000,0.000000,0.000000
0.000000,0.000000,0.000000,0.000000,0.000000,0.000000,0.000000,0.000000,999.978815,999.980767,999.980635,999.980600,999.980604,999.980539,999.980474,999.980371,999.980271,999.980094,999.979950,999.979712,999.979514,999.979203,999.979004,999.978619,999.978043,999.978094,999.976875,999.976372,999.977093,999.976602,999.976142,999.975696,999.975219,999.975295,999.975587,999.976032,999.976950,999.978142,999.979567,999.981259,999.983107,999.985077,999.987135,999.989319,999.991458,999.993439,999.995233,999.996764,999.998033,999.999230,1000.000382,1000.001388,1000.002250,1000.002987,1000.003618,1000.004157,1000.004615,1000.005007,1000.005333,1000.005611,1000.005834,1000.006021,1000.006173,1000.006295,1000.006386,1000.006455,1000.006506,1000.006541,1000.006557,1000.006566,1000.006559,1000.006554,1000.006536,1000.006516,1000.006485,1000.006466,1000.006444,1000.006413,1000.006395,1000.006372,1000.006355,1000.006336,1000.006333,1000.006330,1000.006327,1000.006330,1000.006340,1000.006359,1000.006380,1000.006409,1000.006450,1000.006501,1000.006553,1000.006575,1000.007205,0.000000,0.000000,0.000000,0.000000,0.000000,0.000000,0.000000,0.000000
0.000000,0.000000,0.000000,0.000000,0.000000,0.000000,0.000000,999.981984,999.981398,999.981306,999.981107,999.981189,999.981138,999.981045,999.980950,999.980809,999.980664,999.980460,999.980274,999.979994,999.979747,999.979378,999.979070,999.978523,999.978118,999.977892,999.976754,999.977093,999.976824,999.974836,999.974197,999.973787,999.973598,999.973771,999.973894,999.974398,999.975152,999.976341,999.978025,999.979963,999.982313,999.984777,999.987049,999.989293,999.991474,999.993543,999.995539,999.997467,999.999078,1000.000342,1000.001429,1000.002376,1000.003201,1000.003895,1000.004484,1000.004979,1000.005390,1000.005734,1000.006014,1000.006243,1000.006427,1000.006566,1000.006673,1000.006753,1000.006807,1000.006836,1000.006845,1000.006845,1000.006827,1000.006802,1000.006767,1000.006724,1000.006680,1000.006636,1000.006586,1000.006533,1000.006487,1000.006444,1000.006396,1000.006362,1000.006326,1000.006293,1000.006264,1000.006251,1000.006236,1000.006228,1000.006230,1000.006232,1000.006250,1000.006265,1000.006294,1000.006332,1000.006418,1000.006431,1000.006466,1000.006304,0.000000,0.000000,0.000000,0.000000,0.000000,0.000000,0.000000
0.000000,0.000000,0.000000,0.000000,0.000000,0.000000,0.000000,999.980246,999.982341,999.981998,999.981903,999.981794,999.981680,999.981566,999.981444,999.981271,999.981097,999.980862,999.980632,999.980309,999.980013,999.979584,999.979203,999.978636,999.978255,999.977610,999.976550,999.976602,999.974836,999.973343,999.974030,999.973568,999.972882,999.972377,999.971893,999.972040,999.973066,999.974459,999.976258,999.978571,999.981048,999.983964,999.987016,999.989897,999.992556,999.994817,999.996630,999.998323,999.999959,1000.001360,1000.002513,1000.003461,1000.004249,1000.004901,1000.005438,1000.005880,1000.006238,1000.006521,1000.006747,1000.006921,1000.007051,1000.007148,1000.007204,1000.007235,1000.007243,1000.007235,1000.007206,1000.007165,1000.007108,1000.007051,1000.006978,1000.006911,1000.006828,1000.006757,1000.006680,1000.006606,1000.006530,1000.006465,1000.006400,1000.006338,1000.006292,1000.006244,1000.006202,1000.006163,1000.006142,1000.006119,1000.006109,1000.006102,1000.006105,1000.006114,1000.006132,1000.006148,1000.006173,1000.006201,1000.006177,1000.006931,0.000000,0.000000,0.000000,0.000000,0.000000,0.000000,0.000000
0.000000,0.000000,0.000000,0.000000,0.000000,0.000000,999.983901,999.983158,999.982927,999.982540,999.982537,999.982396,999.982264,999.982120,999.981959,999.981761,999.981552,999.981294,999.981021,999.980669,999.980323,999.979848,999.979408,999.978784,999.978247,999.977323,999.976515,999.976142,999.974197,999.974030,999.974069,999.971499,999.970001,999.969063,999.968670,999.969349,999.969972,999.971247,999.973615,999.976436,999.979640,999.983057,999.986359,999.989550,999.992645,999.995655,999.998108,999.999938,1000.001450,1000.002745,1000.003836,1000.004725,1000.005445,1000.006028,1000.006495,1000.006863,1000.007150,1000.007373,1000.007536,1000.007645,1000.007718,1000.007753,1000.007765,1000.007743,1000.007702,1000.007644,1000.007574,1000.007491,1000.007398,1000.007296,1000.007194,1000.007087,1000.006982,1000.006872,1000.006772,1000.006670,1000.006574,1000.006480,1000.006401,1000.006317,1000.006243,1000.006182,1000.006128,1000.006078,1000.006034,1000.006005,1000.005977,1000.005959,1000.005957,1000.005953,1000.005966,1000.005975,1000.005987,1000.006039,1000.005970,1000.005998,1000.005858,0.000000,0.000000,0.000000,0.000000,0.000000,0.000000
0.000000,0.000000,0.000000,0.000000,0.000000,0.000000,999.982042,999.984115,999.983567,999.983368,999.983179,999.983011,999.982862,999.982681,999.982497,999.982281,999.982046,999.981759,999.981459,999.981078,999.980685,999.980171,999.979671,999.978978,999.978328,999.977389,999.976665,999.975696,999.973787,999.973568,999.971499,999.968434,999.968102,999.967413,999.966779,999.966252,999.966621,999.968547,999.971182,999.974975,999.978998,999.983095,999.987351,999.991075,999.994004,999.996676,999.999244,1000.001382,1000.003033,1000.004321,1000.005340,1000.006149,1000.006779,1000.007269,1000.007646,1000.007927,1000.008133,1000.008274,1000.008367,1000.008411,1000.008418,1000.008394,1000.008343,1000.008274,1000.008181,1000.008073,1000.007954,1000.007826,1000.007695,1000.007556,1000.007411,1000.007271,1000.007131,1000.006992,1000.006858,1000.006733,1000.006606,1000.006492,1000.006386,1000.006290,1000.006195,1000.006111,1000.006045,1000.005977,1000.005927,1000.005880,1000.005846,1000.005812,1000.005796,1000.005780,1000.005774,1000.005780,1000.005784,1000.005791,1000.005772,1000.005669,1000.006456,0.000000,0.000000,0.000000,0.000000,0.000000,0.000000
0.000000,0.000000,0.000000,0.000000,0.000000,999.985930,999.984994,999.984605,999.984069,999.984023,999.983818,999.983639,999.983455,999.983262,999.983058,999.982827,999.982567,999.982266,999.981940,999.981531,999.981104,999.980561,999.980013,999.979262,999.978557,999.977552,999.976634,999.975219,999.973598,999.972882,999.970001,999.968102,999.967693,999.964831,999.962384,999.961468,999.961583,999.963471,999.966692,999.970781,999.976133,999.981875,999.987114,999.992138,999.996273,999.999212,1000.001520,1000.003445,1000.004989,1000.006173,1000.007066,1000.007746,1000.008252,1000.008624,1000.008887,1000.009068,1000.009181,1000.009231,1000.009240,1000.009212,1000.009150,1000.009059,1000.008948,1000.008814,1000.008672,1000.008511,1000.008344,1000.008168,1000.007989,1000.007810,1000.007630,1000.007448,1000.007275,1000.007105,1000.006938,1000.006785,1000.006639,1000.006493,1000.006364,1000.006245,1000.006140,1000.006037,1000.005950,1000.005867,1000.005799,1000.005746,1000.005697,1000.005660,1000.005633,1000.005609,1000.005598,1000.005583,1000.005575,1000.005576,1000.005622,1000.005516,1000.005444,1000.005122,0.000000,0.000000,0.000000,0.000000,0.000000
0.000000,0.000000,0.000000,0.000000,0.000000,999.983975,999.985710,999.985105,999.984882,999.984657,999.984433,999.984258,999.984064,999.983866,999.983646,999.983400,999.983130,999.982814,999.982465,999.982045,999.981595,999.981035,999.980439,999.979661,999.978893,999.977811,999.976739,999.975295,999.973771,999.972377,999.969063,999.967413,999.964831,999.960150,999.957445,999.955229,999.955210,999.957492,999.961471,999.968147,999.975387,999.981969,999.988000,999.993133,999.997767,1000.001471,1000.004074,1000.005943,1000.007305,1000.008304,1000.009018,1000.009516,1000.009862,1000.010083,1000.010217,1000.010274,1000.010281,1000.010238,1000.010158,1000.010044,1000.009909,1000.009747,1000.009571,1000.009377,1000.009172,1000.008959,1000.008741,1000.008516,1000.008290,1000.008066,1000.007844,1000.007627,1000.007413,1000.007213,1000.007013,1000.006825,1000.006654,1000.006495,1000.006332,1000.006194,1000.006066,1000.005949,1000.005845,1000.005752,1000.005674,1000.005599,1000.005540,1000.005489,1000.005457,1000.005419,1000.005402,1000.005391,1000.005375,1000.005360,1000.005337,1000.005333,1000.005199,1000.005918,0.000000,0.000000,0.000000,0.000000,0.000000
0.000000,0.000000,0.000000,0.000000,999.986813,999.986449,999.986066,999.985521,999.985460,999.985255,999.985069,999.984884,999.984688,999.984482,999.984250,999.984002,999.983720,999.983404,999.983042,999.982622,999.982154,999.981580,999.980960,999.980169,999.979359,999.978222,999.977123,999.975587,999.973894,999.971893,999.968670,999.966779,999.962384,999.957445,999.952838,999.947797,999.946424,999.948005,999.954580,999.964394,999.974550,999.984406,999.992159,999.997449,1000.001551,1000.004833,1000.007259,1000.008902,1000.009989,1000.010702,1000.011166,1000.011438,1000.011582,1000.011636,1000.011615,1000.011541,1000.011425,1000.011278,1000.011104,1000.010904,1000.010684,1000.010452,1000.010205,1000.009949,1000.009684,1000.009411,1000.009137,1000.008863,1000.008588,1000.008317,1000.008053,1000.007795,1000.007544,1000.007307,1000.007081,1000.006862,1000.006657,1000.006468,1000.006296,1000.006129,1000.005986,1000.005845,1000.005727,1000.005619,1000.005529,1000.005444,1000.005377,1000.005317,1000.005272,1000.005233,1000.005204,1000.005184,1000.005168,1000.005167,1000.005150,1000.005192,1000.005044,1000.005018,1000.004964,0.000000,0.000000,0.000000,0.000000
0.000000,0.000000,0.000000,0.000000,999.984616,999.986229,999.986239,999.986241,999.986070,999.985864,999.985695,999.985520,999.985312,999.985115,999.984883,999.984636,999.984355,999.984038,999.983669,999.983260,999.982779,999.982216,999.981592,999.980803,999.979981,999.978820,999.977745,999.976032,999.974398,999.972040,999.969349,999.966252,999.961468,999.955229,999.947797,999.937951,999.931393,999.935394,999.944987,999.957288,999.972395,999.984972,999.993982,1000.001659,1000.006454,1000.009387,1000.011261,1000.012394,1000.013042,1000.013365,1000.013494,1000.013489,1000.013400,1000.013253,1000.013065,1000.012849,1000.012607,1000.012346,1000.012071,1000.011782,1000.011482,1000.011169,1000.010853,1000.010526,1000.010200,1000.009868,1000.009537,1000.009207,1000.008884,1000.008565,1000.008255,1000.007956,1000.007664,1000.007388,1000.007129,1000.006885,1000.006650,1000.006434,1000.006237,1000.006054,1000.005885,1000.005733,1000.005600,1000.005476,1000.005367,1000.005273,1000.005199,1000.005128,1000.005075,1000.005027,1000.004996,1000.004971,1000.004949,1000.004951,1000.004930,1000.004954,1000.005001,1000.005103,1000.005828,0.000000,0.000000,0.000000,0.000000
