0.000000,0.000000,0.000000,0.000000,0.000000,0.000000,0.000000,0.000000,0.000000,0.000000,0.000000,0.000000,0.000000,0.000000,0.000000,0.000000,0.000000,0.000000,0.000000,0.000000,0.000000,0.000000,0.000000,0.000000,0.000000,0.000000,0.000000,0.000000,0.000000,0.000000,0.000000,0.000000,0.000000,0.000000,0.000000,0.000000,0.000000,0.000000,0.000000,0.000000,0.000000,0.000000,0.000000,0.000000,0.000000,0.000000,0.000000,0.000000,0.000000,0.000000,0.000000,0.000000,0.000000,0.000000,0.000000,0.000000,0.000000,0.000000,0.000000,0.000000,0.000000,0.000000,0.000000,0.000000,0.000000,0.000000,0.000000,0.000000,0.000000,0.000000,0.000000,0.000000,0.000000,0.000000,0.000000,0.000000,0.000000,0.000000,0.000000,0.000000,0.000000,0.000000,0.000000,0.000000,0.000000,0.000000,0.000000,0.000000,0.000000,0.000000,0.000000,0.000000,0.000000,0.000000,0.000000,0.000000,0.000000,0.000000,0.000000,0.000000,0.000000,0.000000,0.000000
0.000000,0.000000,0.000000,0.000000,0.000000,0.000000,0.000000,0.000000,0.000000,0.000000,0.000000,0.000000,0.000000,0.000000,0.000000,0.000000,0.000000,0.000000,0.000000,0.000000,0.000000,0.000000,0.000000,0.000000,0.000000,0.000000,0.000000,0.000000,0.000000,0.000000,0.000000,0.000000,0.000000,0.000000,0.000000,0.000000,0.000000,0.000000,0.000000,0.000000,0.000000,0.000000,0.000000,0.000000,0.000000,0.000000,0.000000,0.000000,0.000000,0.000000,0.000000,999.996955,0.000000,0.000000,0.000000,0.000000,0.000000,0.000000,0.000000,0.000000,0.000000,0.000000,0.000000,0.000000,0.000000,0.000000,0.000000,0.000000,0.000000,0.000000,0.000000,0.000000,0.000000,0.000000,0.000000,0.000000,0.000000,0.000000,0.000000,0.000000,0.000000,0.000000,0.000000,0.000000,0.000000,0.000000,0.000000,0.000000,0.000000,0.000000,0.000000,0.000000,0.000000,0.000000,0.000000,0.000000,0.000000,0.000000,0.000000,0.000000,0.000000,0.000000,0.000000
0.000000,0.000000,0.000000,0.000000,0.000000,0.000000,0.000000,0.000000,0.000000,0.000000,0.000000,0.000000,0.000000,0.000000,0.000000,0.000000,0.000000,0.000000,0.000000,0.000000,0.000000,0.000000,0.000000,0.000000,0.000000,0.000000,0.000000,0.000000,0.000000,0.000000,0.000000,0.000000,0.000000,0.000000,0.000000,0.000000,0.000000,0.000000,0.000000,0.000000,0.000000,0.000000,999.994392,999.991186,999.991198,999.991908,999.992660,999.993445,999.994340,999.995637,999.996719,999.996895,999.997076,999.998089,999.999265,999.999965,1000.000550,1000.001064,1000.001525,1000.001465,999.999069,0.000000,0.000000,0.000000,0.000000,0.000000,0.000000,0.000000,0.000000,0.000000,0.000000,0.000000,0.000000,0.000000,0.000000,0.000000,0.000000,0.000000,0.000000,0.000000,0.000000,0.000000,0.000000,0.000000,0.000000,0.000000,0.000000,0.000000,0.000000,0.000000,0.000000,0.000000,0.000000,0.000000,0.000000,0.000000,0.000000,0.000000,0.000000,0.000000,0.000000,0.000000,0.000000
0.000000,0.000000,0.000000,0.000000,0.000000,0.000000,0.000000,0.000000,0.000000,0.000000,0.000000,0.000000,0.000000,0.000000,0.000000,0.000000,0.000000,0.000000,0.000000,0.000000,0.000000,0.000000,0.000000,0.000000,0.000000,0.000000,0.000000,0.000000,0.000000,0.000000,0.000000,0.000000,0.000000,0.000000,0.000000,0.000000,0.000000,999.989505,999.986447,999.986281,999.987744,999.990119,999.993406,999.992613,999.992093,999.992313,999.992926,999.993680,999.994466,999.995292,999.996520,999.996787,999.997053,999.998197,999.998908,999.999540,1000.000131,1000.000567,1000.000698,1000.000301,999.999734,1000.001999,1000.003536,1000.004372,1000.004091,1000.002155,0.000000,0.000000,0.000000,0.000000,0.000000,0.000000,0.000000,0.000000,0.000000,0.000000,0.000000,0.000000,0.000000,0.000000,0.000000,0.000000,0.000000,0.000000,0.000000,0.000000,0.000000,0.000000,0.000000,0.000000,0.000000,0.000000,0.000000,0.000000,0.000000,0.000000,0.000000,0.000000,0.000000,0.000000,0.000000,0.000000,0.000000
0.000000,0.000000,0.000000,0.000000,0.000000,0.000000,0.000000,0.000000,0.000000,0.000000,0.000000,0.000000,0.000000,0.000000,0.000000,0.000000,0.000000,0.000000,0.000000,0.000000,0.000000,0.000000,0.000000,0.000000,0.000000,0.000000,0.000000,0.000000,0.000000,0.000000,0.000000,0.000000,0.000000,0.000000,999.986661,999.984452,999.985685,999.988745,999.988209,999.987902,999.988422,999.990414,999.991562,999.991856,999.992176,999.992585,999.993125,999.993793,999.994560,999.995263,999.996013,999.996681,999.997322,999.998007,999.998627,999.999272,999.999798,1000.000201,1000.000486,1000.000678,1000.000867,1000.001624,1000.002916,1000.003204,1000.002976,1000.002553,1000.004286,1000.004957,1000.003733,0.000000,0.000000,0.000000,0.000000,0.000000,0.000000,0.000000,0.000000,0.000000,0.000000,0.000000,0.000000,0.000000,0.000000,0.000000,0.000000,0.000000,0.000000,0.000000,0.000000,0.000000,0.000000,0.000000,0.000000,0.000000,0.000000,0.000000,0.000000,0.000000,0.000000,0.000000,0.000000,0.000000,0.000000
0.000000,0.000000,0.000000,0.000000,0.000000,0.000000,0.000000,0.000000,0.000000,0.000000,0.000000,0.000000,0.000000,0.000000,0.000000,0.000000,0.000000,0.000000,0.000000,0.000000,0.000000,0.000000,0.000000,0.000000,0.000000,0.000000,0.000000,0.000000,0.000000,0.000000,0.000000,0.000000,999.985772,999.983807,999.986296,999.986075,999.986927,999.987592,999.987873,999.988419,999.989085,999.990080,999.990763,999.991603,999.992147,999.992628,999.993199,999.993839,999.994538,999.995249,999.995898,999.996590,999.997258,999.997855,999.998487,999.999073,999.999576,1000.000012,1000.000367,1000.000727,1000.001281,1000.001715,1000.002344,1000.002725,1000.003046,1000.003184,1000.003495,1000.003933,1000.003781,1000.005081,1000.003892,0.000000,0.000000,0.000000,0.000000,0.000000,0.000000,0.000000,0.000000,0.000000,0.000000,0.000000,0.000000,0.000000,0.000000,0.000000,0.000000,0.000000,0.000000,0.000000,0.000000,0.000000,0.000000,0.000000,0.000000,0.000000,0.000000,0.000000,0.000000,0.000000,0.000000,0.000000,0.000000
0.000000,0.000000,0.000000,0.000000,0.000000,0.000000,0.000000,0.000000,0.000000,0.000000,0.000000,0.000000,0.000000,0.000000,0.000000,0.000000,0.000000,0.000000,0.000000,0.000000,0.000000,0.000000,0.000000,0.000000,0.000000,0.000000,0.000000,0.000000,0.000000,0.000000,999.983732,999.981862,999.984836,999.985553,999.985912,999.986086,999.986732,999.987194,999.987921,999.988519,999.989183,999.989902,999.990633,999.991373,999.991981,999.992590,999.993208,999.993851,999.994506,999.995194,999.995861,999.996518,999.997167,999.997780,999.998385,999.998936,999.999455,999.999919,1000.000361,1000.000778,1000.001258,1000.001717,1000.002162,1000.002538,1000.002865,1000.003267,1000.003511,1000.003806,1000.003844,1000.004032,1000.004372,1000.005831,1000.004893,0.000000,0.000000,0.000000,0.000000,0.000000,0.000000,0.000000,0.000000,0.000000,0.000000,0.000000,0.000000,0.000000,0.000000,0.000000,0.000000,0.000000,0.000000,0.000000,0.000000,0.000000,0.000000,0.000000,0.000000,0.000000,0.000000,0.000000,0.000000,0.000000,0.000000
0.000000,0.000000,0.000000,0.000000,0.000000,0.000000,0.000000,0.000000,0.000000,0.000000,0.000000,0.000000,0.000000,0.000000,0.000000,0.000000,0.000000,0.000000,0.000000,0.000000,0.000000,0.000000,0.000000,0.000000,0.000000,0.000000,0.000000,0.000000,999.981808,999.980056,999.982986,999.983949,999.984444,999.984944,999.985363,999.986087,999.986653,999.987187,999.987835,999.988450,999.989141,999.989818,999.990535,999.991206,999.991880,999.992530,999.993174,999.993827,999.994488,999.995149,999.995813,999.996456,999.997089,999.997707,999.998288,999.998844,999.999369,999.999858,1000.000318,1000.000788,1000.001226,1000.001680,1000.002100,1000.002511,1000.002839,1000.003177,1000.003458,1000.003741,1000.004069,1000.004246,1000.004494,1000.004691,1000.005132,1000.006517,1000.005574,0.000000,0.000000,0.000000,0.000000,0.000000,0.000000,0.000000,0.000000,0.000000,0.000000,0.000000,0.000000,0.000000,0.000000,0.000000,0.000000,0.000000,0.000000,0.000000,0.000000,0.000000,0.000000,0.000000,0.000000,0.000000,0.000000,0.000000,0.000000
0.000000,0.000000,0.000000,0.000000,0.000000,0.000000,0.000000,0.000000,0.000000,0.000000,0.000000,0.000000,0.000000,0.000000,0.000000,0.000000,0.000000,0.000000,0.000000,0.000000,0.000000,0.000000,0.000000,0.000000,0.000000,0.000000,999.979950,999.978620,999.981217,999.982167,999.982756,999.983400,999.983906,999.984723,999.985306,999.985923,999.986468,999.987094,999.987724,999.988377,999.989055,999.989729,999.990426,999.991109,999.991792,999.992461,999.993126,999.993798,999.994462,999.995127,999.995781,999.996427,999.997058,999.997665,999.998249,999.998805,999.999337,999.999838,1000.000315,1000.000780,1000.001224,1000.001653,1000.002049,1000.002449,1000.002810,1000.003143,1000.003450,1000.003731,1000.004028,1000.004286,1000.004671,1000.004880,1000.005148,1000.005408,1000.005812,1000.006967,1000.006284,0.000000,0.000000,0.000000,0.000000,0.000000,0.000000,0.000000,0.000000,0.000000,0.000000,0.000000,0.000000,0.000000,0.000000,0.000000,0.000000,0.000000,0.000000,0.000000,0.000000,0.000000,0.000000,0.000000,0.000000,0.000000,0.000000
0.000000,0.000000,0.000000,0.000000,0.000000,0.000000,0.000000,0.000000,0.000000,0.000000,0.000000,0.000000,0.000000,0.000000,0.000000,0.000000,0.000000,0.000000,0.000000,0.000000,0.000000,0.000000,0.000000,0.000000,999.978863,999.977758,999.979742,999.980583,999.981124,999.981823,999.982369,999.983199,999.983858,999.984495,999.985104,999.985719,999.986338,999.986977,999.987616,999.988272,999.988946,999.989633,999.990330,999.991020,999.991710,999.992393,999.993083,999.993752,999.994428,999.995095,999.995750,999.996399,999.997025,999.997634,999.998216,999.998781,999.999306,999.999825,1000.000312,1000.000784,1000.001234,1000.001669,1000.002071,1000.002446,1000.002814,1000.003147,1000.003464,1000.003760,1000.004057,1000.004330,1000.004615,1000.004913,1000.005274,1000.005491,1000.005790,1000.005989,1000.006328,1000.007181,1000.006626,0.000000,0.000000,0.000000,0.000000,0.000000,0.000000,0.000000,0.000000,0.000000,0.000000,0.000000,0.000000,0.000000,0.000000,0.000000,0.000000,0.000000,0.000000,0.000000,0.000000,0.000000,0.000000,0.000000,0.000000
0.000000,0.000000,0.000000,0.000000,0.000000,0.000000,0.000000,0.000000,0.000000,0.000000,0.000000,0.000000,0.000000,0.000000,0.000000,0.000000,0.000000,0.000000,0.000000,0.000000,0.000000,0.000000,0.000000,999.979190,999.978818,999.979277,999.979841,999.980450,999.980923,999.981729,999.982367,999.983014,999.983657,999.984277,999.984922,999.985543,999.986182,999.986824,999.987480,999.988152,999.988837,999.989533,999.990231,999.990931,999.991637,999.992340,999.993039,999.993723,999.994411,999.995087,999.995755,999.996400,999.997033,999.997641,999.998232,999.998796,999.999331,999.999848,1000.000333,1000.000795,1000.001238,1000.001667,1000.002073,1000.002461,1000.002816,1000.003165,1000.003484,1000.003792,1000.004085,1000.004377,1000.004648,1000.004934,1000.005212,1000.005474,1000.005816,1000.006004,1000.006238,1000.006444,1000.006592,1000.006361,0.000000,0.000000,0.000000,0.000000,0.000000,0.000000,0.000000,0.000000,0.000000,0.000000,0.000000,0.000000,0.000000,0.000000,0.000000,0.000000,0.000000,0.000000,0.000000,0.000000,0.000000,0.000000,0.000000
0.000000,0.000000,0.000000,0.000000,0.000000,0.000000,0.000000,0.000000,0.000000,0.000000,0.000000,0.000000,0.000000,0.000000,0.000000,0.000000,0.000000,0.000000,0.000000,0.000000,0.000000,999.977103,999.976451,999.978634,999.979140,999.979528,999.979797,999.980412,999.981015,999.981624,999.982227,999.982845,999.983485,999.984101,999.984733,999.985365,999.986013,999.986664,999.987334,999.988017,999.988718,999.989417,999.990125,999.990848,999.991566,999.992282,999.992988,999.993695,999.994391,999.995079,999.995746,999.996404,999.997037,999.997653,999.998243,999.998817,999.999365,999.999885,1000.000389,1000.000862,1000.001311,1000.001733,1000.002132,1000.002511,1000.002864,1000.003200,1000.003522,1000.003825,1000.004118,1000.004411,1000.004681,1000.004956,1000.005217,1000.005470,1000.005720,1000.005953,1000.006205,1000.006279,1000.006413,1000.006593,1000.007567,1000.007198,0.000000,0.000000,0.000000,0.000000,0.000000,0.000000,0.000000,0.000000,0.000000,0.000000,0.000000,0.000000,0.000000,0.000000,0.000000,0.000000,0.000000,0.000000,0.000000,0.000000,0.000000
0.000000,0.000000,0.000000,0.000000,0.000000,0.000000,0.000000,0.000000,0.000000,0.000000,0.000000,0.000000,0.000000,0.000000,0.000000,0.000000,0.000000,0.000000,0.000000,0.000000,999.977496,999.977422,999.977873,999.978480,999.978932,999.979440,999.979902,999.980418,999.980968,999.981505,999.982095,999.982696,999.983295,999.983908,999.984539,999.985174,999.985828,999.986491,999.987172,999.987871,999.988577,999.989294,999.990027,999.990763,999.991498,999.992228,999.992958,999.993684,999.994398,999.995092,999.995778,999.996444,999.997091,999.997715,999.998310,999.998881,999.999424,999.999937,1000.000426,1000.000903,1000.001349,1000.001778,1000.002182,1000.002563,1000.002924,1000.003264,1000.003582,1000.003886,1000.004169,1000.004451,1000.004717,1000.004974,1000.005231,1000.005478,1000.005696,1000.005910,1000.006111,1000.006296,1000.006480,1000.006645,1000.006876,1000.007039,1000.006935,0.000000,0.000000,0.000000,0.000000,0.000000,0.000000,0.000000,0.000000,0.000000,0.000000,0.000000,0.000000,0.000000,0.000000,0.000000,0.000000,0.000000,0.000000,0.000000,0.000000
0.000000,0.000000,0.000000,0.000000,0.000000,0.000000,0.000000,0.000000,0.000000,0.000000,0.000000,0.000000,0.000000,0.000000,0.000000,0.000000,0.000000,0.000000,0.000000,999.977140,999.977491,999.977721,999.978170,999.978428,999.978951,999.979425,999.979893,999.980364,999.980872,999.981396,999.981955,999.982525,999.983104,999.983716,999.984337,999.984973,999.985625,999.986305,999.986997,999.987708,999.988426,999.989173,999.989921,999.990672,999.991422,999.992180,999.992926,999.993674,999.994392,999.995109,999.995806,999.996483,999.997133,999.997770,999.998377,999.998960,999.999519,1000.000052,1000.000555,1000.001020,1000.001465,1000.001880,1000.002272,1000.002644,1000.002998,1000.003327,1000.003648,1000.003943,1000.004228,1000.004500,1000.004757,1000.005005,1000.005240,1000.005474,1000.005683,1000.005894,1000.006074,1000.006256,1000.006438,1000.006634,1000.006718,1000.006877,1000.006934,1000.007036,0.000000,0.000000,0.000000,0.000000,0.000000,0.000000,0.000000,0.000000,0.000000,0.000000,0.000000,0.000000,0.000000,0.000000,0.000000,0.000000,0.000000,0.000000,0.000000
0.000000,0.000000,0.000000,0.000000,0.000000,0.000000,0.000000,0.000000,0.000000,0.000000,0.000000,0.000000,0.000000,0.000000,0.000000,0.000000,0.000000,0.000000,999.976776,999.977198,999.977563,999.977894,999.978242,999.978578,999.979009,999.979417,999.979854,999.980300,999.980780,999.981270,999.981797,999.982337,999.982903,999.983498,999.984107,999.984744,999.985405,999.986092,999.986799,999.987524,999.988269,999.989033,999.989803,999.990578,999.991360,999.992140,999.992915,999.993679,999.994427,999.995169,999.995878,999.996572,999.997234,999.997879,999.998484,999.999061,999.999608,1000.000135,1000.000637,1000.001111,1000.001565,1000.001988,1000.002387,1000.002757,1000.003106,1000.003429,1000.003735,1000.004030,1000.004300,1000.004564,1000.004816,1000.005049,1000.005277,1000.005483,1000.005692,1000.005882,1000.006059,1000.006228,1000.006390,1000.006562,1000.006679,1000.006803,1000.006915,1000.007034,1000.007182,0.000000,0.000000,0.000000,0.000000,0.000000,0.000000,0.000000,0.000000,0.000000,0.000000,0.000000,0.000000,0.000000,0.000000,0.000000,0.000000,0.000000,0.000000
0.000000,0.000000,0.000000,0.000000,0.000000,0.000000,0.000000,0.000000,0.000000,0.000000,0.000000,0.000000,0.000000,0.000000,0.000000,0.000000,0.000000,999.976452,999.976968,999.977305,999.977639,999.977967,999.978287,999.978635,999.978994,999.979373,999.979767,999.980198,999.980636,999.981105,999.981602,999.982123,999.982677,999.983257,999.983858,999.984501,999.985170,999.985864,999.986583,999.987331,999.988099,999.988881,999.989675,999.990486,999.991292,999.992100,999.992892,999.993685,999.994456,999.995213,999.995937,999.996651,999.997332,999.997992,999.998619,999.999222,999.999788,1000.000319,1000.000807,1000.001272,1000.001705,1000.002119,1000.002507,1000.002873,1000.003219,1000.003537,1000.003840,1000.004122,1000.004389,1000.004635,1000.004872,1000.005100,1000.005308,1000.005516,1000.005700,1000.005884,1000.006050,1000.006216,1000.006366,1000.006502,1000.006639,1000.006754,1000.006877,1000.007001,1000.007137,1000.007296,0.000000,0.000000,0.000000,0.000000,0.000000,0.000000,0.000000,0.000000,0.000000,0.000000,0.000000,0.000000,0.000000,0.000000,0.000000,0.000000,0.000000
0.000000,0.000000,0.000000,0.000000,0.000000,0.000000,0.000000,0.000000,0.000000,0.000000,0.000000,0.000000,0.000000,0.000000,0.000000,0.000000,999.976456,999.976763,999.977105,999.977415,999.977762,999.978066,999.978372,999.978683,999.979010,999.979343,999.979713,999.980093,999.980499,999.980932,999.981397,999.981889,999.982423,999.982982,999.983582,999.984222,999.984892,999.985597,999.986337,999.987108,999.987903,999.988718,999.989547,999.990390,999.991231,999.992073,999.992908,999.993728,999.994533,999.995312,999.996064,999.996800,999.997483,999.998142,999.998755,999.999352,999.999915,1000.000455,1000.000963,1000.001444,1000.001885,1000.002294,1000.002676,1000.003029,1000.003362,1000.003672,1000.003961,1000.004234,1000.004489,1000.004728,1000.004955,1000.005162,1000.005365,1000.005551,1000.005729,1000.005890,1000.006053,1000.006198,1000.006344,1000.006472,1000.006598,1000.006724,1000.006840,1000.006956,1000.007083,1000.007218,1000.007372,0.000000,0.000000,0.000000,0.000000,0.000000,0.000000,0.000000,0.000000,0.000000,0.000000,0.000000,0.000000,0.000000,0.000000,0.000000,0.000000
0.000000,0.000000,0.000000,0.000000,0.000000,0.000000,0.000000,0.000000,0.000000,0.000000,0.000000,0.000000,0.000000,0.000000,0.000000,999.976452,999.976763,999.977102,999.977383,999.977641,999.977925,999.978152,999.978406,999.978676,999.978958,999.979261,999.979585,999.979928,999.980296,999.980703,999.981138,999.981609,999.982119,999.982671,999.983272,999.983908,999.984588,999.985309,999.986073,999.986864,999.987691,999.988539,999.989408,999.990281,999.991158,999.992040,999.992911,999.993761,999.994591,999.995401,999.996181,999.996933,999.997652,999.998343,999.998998,999.999606,1000.000163,1000.000683,1000.001171,1000.001635,1000.002067,1000.002470,1000.002851,1000.003197,1000.003521,1000.003824,1000.004101,1000.004359,1000.004603,1000.004828,1000.005041,1000.005242,1000.005420,1000.005599,1000.005761,1000.005919,1000.006063,1000.006197,1000.006324,1000.006450,1000.006569,1000.006682,1000.006798,1000.006906,1000.007024,1000.007141,1000.007259,1000.007393,0.000000,0.000000,0.000000,0.000000,0.000000,0.000000,0.000000,0.000000,0.000000,0.000000,0.000000,0.000000,0.000000,0.000000,0.000000
0.000000,0.000000,0.000000,0.000000,0.000000,0.000000,0.000000,0.000000,0.000000,0.000000,0.000000,0.000000,0.000000,0.000000,999.976776,999.976968,999.977105,999.977383,999.977541,999.977726,999.977983,999.978175,999.978453,999.978701,999.978948,999.979202,999.979483,999.979779,999.980110,999.980473,999.980869,999.981308,999.981794,999.982327,999.982911,999.983543,999.984230,999.984972,999.985756,999.986583,999.987448,999.988343,999.989256,999.990182,999.991115,999.992043,999.992959,999.993849,999.994723,999.995568,999.996366,999.997128,999.997840,999.998523,999.999167,999.999790,1000.000372,1000.000924,1000.001422,1000.001880,1000.002304,1000.002696,1000.003061,1000.003397,1000.003708,1000.003995,1000.004262,1000.004509,1000.004738,1000.004947,1000.005141,1000.005328,1000.005500,1000.005654,1000.005807,1000.005946,1000.006079,1000.006203,1000.006322,1000.006434,1000.006538,1000.006646,1000.006747,1000.006857,1000.006958,1000.007064,1000.007164,1000.007264,1000.007368,0.000000,0.000000,0.000000,0.000000,0.000000,0.000000,0.000000,0.000000,0.000000,0.000000,0.000000,0.000000,0.000000,0.000000
0.000000,0.000000,0.000000,0.000000,0.000000,0.000000,0.000000,0.000000,0.000000,0.000000,0.000000,0.000000,0.000000,999.977140,999.977198,999.977305,999.977415,999.977641,999.977726,999.977982,999.978224,999.978352,999.978564,999.978685,999.978850,999.979065,999.979297,999.979549,999.979837,999.980156,999.980515,999.980932,999.981395,999.981914,999.982493,999.983133,999.983840,999.984598,999.985411,999.986278,999.987183,999.988120,999.989083,999.990062,999.991049,999.992017,999.992979,999.993920,999.994829,999.995712,999.996550,999.997367,999.998141,999.998857,999.999502,1000.000102,1000.000656,1000.001183,1000.001677,1000.002129,1000.002555,1000.002941,1000.003291,1000.003619,1000.003916,1000.004189,1000.004438,1000.004669,1000.004881,1000.005078,1000.005259,1000.005423,1000.005582,1000.005726,1000.005857,1000.005985,1000.006101,1000.006213,1000.006320,1000.006420,1000.006517,1000.006612,1000.006704,1000.006796,1000.006893,1000.006982,1000.007073,1000.007160,1000.007239,1000.007301,0.000000,0.000000,0.000000,0.000000,0.000000,0.000000,0.000000,0.000000,0.000000,0.000000,0.000000,0.000000,0.000000
0.000000,0.000000,0.000000,0.000000,0.000000,0.000000,0.000000,0.000000,0.000000,0.000000,0.000000,0.000000,999.977496,999.977491,999.977563,999.977639,999.977762,999.977925,999.977983,999.978224,999.978256,999.978271,999.978476,999.978571,999.978795,999.978995,999.979158,999.979355,999.979591,999.979859,999.980176,999.980544,999.980968,999.981460,999.982022,999.982662,999.983366,999.984144,999.985002,999.985911,999.986880,999.987880,999.988920,999.989963,999.991022,999.992056,999.993086,999.994082,999.995035,999.995948,999.996798,999.997591,999.998350,999.999079,999.999770,1000.000418,1000.000999,1000.001523,1000.002004,1000.002447,1000.002848,1000.003221,1000.003558,1000.003867,1000.004150,1000.004407,1000.004642,1000.004853,1000.005044,1000.005224,1000.005391,1000.005540,1000.005676,1000.005803,1000.005921,1000.006029,1000.006135,1000.006231,1000.006319,1000.006410,1000.006492,1000.006579,1000.006660,1000.006741,1000.006819,1000.006905,1000.006986,1000.007059,1000.007131,1000.007192,1000.007246,0.000000,0.000000,0.000000,0.000000,0.000000,0.000000,0.000000,0.000000,0.000000,0.000000,0.000000,0.000000
0.000000,0.000000,0.000000,0.000000,0.000000,0.000000,0.000000,0.000000,0.000000,0.000000,0.000000,999.977103,999.977422,999.977721,999.977894,999.977967,999.978066,999.978152,999.978175,999.978352,999.978271,999.978470,999.978716,999.978692,999.978818,999.978825,999.978879,999.979041,999.979222,999.979436,999.979703,999.980030,999.980424,999.980901,999.981459,999.982101,999.982838,999.983657,999.984550,999.985512,999.986530,999.987602,999.988708,999.989823,999.990949,999.992057,999.993152,999.994200,999.995210,999.996194,999.997145,999.998008,999.998790,999.999495,1000.000147,1000.000757,1000.001336,1000.001857,1000.002342,1000.002777,1000.003170,1000.003526,1000.003849,1000.004142,1000.004402,1000.004640,1000.004855,1000.005050,1000.005229,1000.005384,1000.005525,1000.005657,1000.005780,1000.005891,1000.005990,1000.006086,1000.006168,1000.006254,1000.006330,1000.006408,1000.006478,1000.006543,1000.006618,1000.006686,1000.006754,1000.006821,1000.006899,1000.006964,1000.007033,1000.007114,1000.007232,1000.007323,0.000000,0.000000,0.000000,0.000000,0.000000,0.000000,0.000000,0.000000,0.000000,0.000000,0.000000
0.000000,0.000000,0.000000,0.000000,0.000000,0.000000,0.000000,0.000000,0.000000,0.000000,0.000000,999.976451,999.977873,999.978170,999.978242,999.978287,999.978372,999.978406,999.978453,999.978564,999.978476,999.978716,999.978595,999.978367,999.978526,999.978528,999.978685,999.978847,999.978923,999.979057,999.979266,999.979535,999.979882,999.980316,999.980841,999.981477,999.982201,999.983044,999.983993,999.985025,999.986150,999.987315,999.988523,999.989736,999.990964,999.992163,999.993331,999.994462,999.995505,999.996466,999.997383,999.998268,999.999114,999.999899,1000.000602,1000.001214,1000.001774,1000.002282,1000.002745,1000.003162,1000.003536,1000.003874,1000.004176,1000.004446,1000.004690,1000.004904,1000.005096,1000.005268,1000.005423,1000.005564,1000.005684,1000.005792,1000.005892,1000.005985,1000.006067,1000.006140,1000.006213,1000.006272,1000.006339,1000.006398,1000.006459,1000.006514,1000.006569,1000.006630,1000.006688,1000.006746,1000.006803,1000.006870,1000.006936,1000.006989,1000.007106,1000.007487,0.000000,0.000000,0.000000,0.000000,0.000000,0.000000,0.000000,0.000000,0.000000,0.000000,0.000000
0.000000,0.000000,0.000000,0.000000,0.000000,0.000000,0.000000,0.000000,0.000000,0.000000,999.979190,999.978634,999.978480,999.978428,999.978578,999.978635,999.978683,999.978676,999.978701,999.978685,999.978571,999.978692,999.978367,999.978482,999.978806,999.978601,999.978595,999.978475,999.978377,999.978491,999.978643,999.978843,999.979131,999.979533,999.980049,999.980688,999.981478,999.982378,999.983383,999.984494,999.985684,999.986941,999.988252,999.989579,999.990911,999.992203,999.993441,999.994680,999.995877,999.996970,999.997950,999.998822,999.999601,1000.000336,1000.001032,1000.001656,1000.002224,1000.002728,1000.003176,1000.003575,1000.003929,1000.004249,1000.004527,1000.004774,1000.004992,1000.005190,1000.005355,1000.005504,1000.005632,1000.005747,1000.005853,1000.005943,1000.006016,1000.006086,1000.006150,1000.006209,1000.006260,1000.006313,1000.006348,1000.006397,1000.006441,1000.006486,1000.006525,1000.006568,1000.006620,1000.006667,1000.006716,1000.006770,1000.006840,1000.006912,1000.006948,1000.006969,1000.006892,0.000000,0.000000,0.000000,0.000000,0.000000,0.000000,0.000000,0.000000,0.000000,0.000000
0.000000,0.000000,0.000000,0.000000,0.000000,0.000000,0.000000,0.000000,0.000000,999.978863,999.978818,999.979140,999.978932,999.978951,999.979009,999.978994,999.979010,999.978958,999.978948,999.978850,999.978795,999.978818,999.978526,999.978806,999.978525,999.977897,999.977985,999.977891,999.977965,999.978113,999.978111,999.978199,999.978428,999.978771,999.979242,999.979870,999.980610,999.981533,999.982626,999.983848,999.985196,999.986606,999.988068,999.989528,999.990993,999.992440,999.993758,999.994975,999.996132,999.997246,999.998314,999.999322,1000.000195,1000.000942,1000.001616,1000.002219,1000.002760,1000.003241,1000.003666,1000.004041,1000.004371,1000.004664,1000.004918,1000.005137,1000.005325,1000.005491,1000.005634,1000.005757,1000.005863,1000.005950,1000.006024,1000.006095,1000.006149,1000.006196,1000.006237,1000.006272,1000.006304,1000.006340,1000.006368,1000.006389,1000.006422,1000.006451,1000.006482,1000.006512,1000.006544,1000.006583,1000.006624,1000.006671,1000.006717,1000.006773,1000.006833,1000.006835,1000.006970,1000.006997,0.000000,0.000000,0.000000,0.000000,0.000000,0.000000,0.000000,0.000000,0.000000
0.000000,0.000000,0.000000,0.000000,0.000000,0.000000,0.000000,0.000000,0.000000,999.977758,999.979277,999.979528,999.979440,999.979425,999.979417,999.979373,999.979343,999.979261,999.979202,999.979065,999.978995,999.978825,999.978528,999.978601,999.977897,999.977843,999.978339,999.977954,999.977757,999.977478,999.977192,999.977258,999.977427,999.977691,999.978107,999.978708,999.979571,999.980597,999.981772,999.983106,999.984547,999.986099,999.987733,999.989348,999.990925,999.992544,999.994116,999.995558,999.996855,999.997980,999.998955,999.999868,1000.000746,1000.001522,1000.002212,1000.002811,1000.003337,1000.003798,1000.004196,1000.004552,1000.004850,1000.005108,1000.005331,1000.005526,1000.005686,1000.005819,1000.005932,1000.006027,1000.006105,1000.006169,1000.006213,1000.006255,1000.006287,1000.006314,1000.006334,1000.006349,1000.006357,1000.006371,1000.006381,1000.006398,1000.006401,1000.006415,1000.006434,1000.006456,1000.006472,1000.006496,1000.006534,1000.006561,1000.006600,1000.006647,1000.006699,1000.006720,1000.006841,1000.007316,0.000000,0.000000,0.000000,0.000000,0.000000,0.000000,0.000000,0.000000,0.000000
0.000000,0.000000,0.000000,0.000000,0.000000,0.000000,0.000000,0.000000,999.979950,999.979742,999.979841,999.979797,999.979902,999.979893,999.979854,999.979767,999.979713,999.979585,999.979483,999.979297,999.979158,999.978879,999.978685,999.978595,999.977985,999.978339,999.977968,999.976735,999.976604,999.976408,999.976372,999.976534,999.976507,999.976620,999.977004,999.977636,999.978375,999.979407,999.980715,999.982218,999.983943,999.985723,999.987575,999.989455,999.991177,999.992794,999.994337,999.995808,999.997226,999.998579,999.999735,1000.000684,1000.001524,1000.002269,1000.002925,1000.003494,1000.003994,1000.004420,1000.004789,1000.005103,1000.005372,1000.005595,1000.005781,1000.005938,1000.006065,1000.006173,1000.006251,1000.006311,1000.006356,1000.006393,1000.006417,1000.006428,1000.006432,1000.006431,1000.006426,1000.006422,1000.006413,1000.006403,1000.006393,1000.006386,1000.006386,1000.006376,1000.006380,1000.006384,1000.006396,1000.006409,1000.006429,1000.006453,1000.006480,1000.006515,1000.006565,1000.006643,1000.006693,1000.006780,1000.006794,0.000000,0.000000,0.000000,0.000000,0.000000,0.000000,0.000000,0.000000
0.000000,0.000000,0.000000,0.000000,0.000000,0.000000,0.000000,0.000000,999.978620,999.980583,999.980450,999.980412,999.980418,999.980364,999.980300,999.980198,999.980093,999.979928,999.979779,999.979549,999.979355,999.979041,999.978847,999.978475,999.977891,999.977954,999.976735,999.976215,999.976956,999.976474,999.976024,999.975579,999.975099,999.975177,999.975475,999.975925,999.976849,999.978046,999.979476,999.981178,999.983035,999.985012,999.987083,999.989285,999.991435,999.993429,999.995234,999.996783,999.998064,999.999270,1000.000432,1000.001448,1000.002322,1000.003063,1000.003700,1000.004243,1000.004706,1000.005100,1000.005428,1000.005702,1000.005928,1000.006118,1000.006269,1000.006382,1000.006471,1000.006536,1000.006589,1000.006613,1000.006626,1000.006627,1000.006621,1000.006606,1000.006585,1000.006558,1000.006528,1000.006497,1000.006467,1000.006438,1000.006408,1000.006382,1000.006360,1000.006344,1000.006325,1000.006316,1000.006312,1000.006313,1000.006317,1000.006333,1000.006361,1000.006383,1000.006413,1000.006470,1000.006519,1000.006543,1000.007170,0.000000,0.000000,0.000000,0.000000,0.000000,0.000000,0.000000,0.000000
0.000000,0.000000,0.000000,0.000000,0.000000,0.000000,0.000000,999.981808,999.981217,999.981124,999.980923,999.981015,999.980968,999.980872,999.980780,999.980636,999.980499,999.980296,999.980110,999.979837,999.979591,999.979222,999.978923,999.978377,999.977965,999.977757,999.976604,999.976956,999.976702,999.974721,999.974063,999.973653,999.973465,999.973648,999.973771,999.974283,999.975039,999.976235,999.977928,999.979879,999.982237,999.984714,999.986998,999.989254,999.991451,999.993534,999.995549,999.997496,999.999117,1000.000396,1000.001494,1000.002455,1000.003282,1000.003985,1000.004581,1000.005081,1000.005497,1000.005841,1000.006124,1000.006350,1000.006534,1000.006669,1000.006779,1000.006854,1000.006904,1000.006928,1000.006935,1000.006930,1000.006907,1000.006876,1000.006834,1000.006786,1000.006734,1000.006683,1000.006627,1000.006573,1000.006513,1000.006466,1000.006420,1000.006371,1000.006330,1000.006298,1000.006269,1000.006241,1000.006226,1000.006214,1000.006208,1000.006209,1000.006220,1000.006238,1000.006262,1000.006300,1000.006381,1000.006392,1000.006432,1000.006271,0.000000,0.000000,0.000000,0.000000,0.000000,0.000000,0.000000
0.000000,0.000000,0.000000,0.000000,0.000000,0.000000,0.000000,999.980056,999.982167,999.981823,999.981729,999.981624,999.981505,999.981396,999.981270,999.981105,999.980932,999.980703,999.980473,999.980156,999.979859,999.979436,999.979057,999.978491,999.978113,999.977478,999.976408,999.976474,999.974721,999.973197,999.973879,999.973437,999.972762,999.972266,999.971782,999.971931,999.972965,999.974364,999.976169,999.978492,999.980978,999.983904,999.986970,999.989865,999.992543,999.994820,999.996647,999.998350,1000.000006,1000.001422,1000.002590,1000.003548,1000.004346,1000.005007,1000.005550,1000.005996,1000.006356,1000.006641,1000.006870,1000.007045,1000.007178,1000.007263,1000.007317,1000.007348,1000.007355,1000.007336,1000.007303,1000.007254,1000.007198,1000.007126,1000.007054,1000.006977,1000.006893,1000.006808,1000.006728,1000.006648,1000.006570,1000.006490,1000.006424,1000.006361,1000.006297,1000.006243,1000.006202,1000.006162,1000.006127,1000.006103,1000.006093,1000.006080,1000.006074,1000.006082,1000.006108,1000.006118,1000.006133,1000.006163,1000.006139,1000.006893,0.000000,0.000000,0.000000,0.000000,0.000000,0.000000,0.000000
0.000000,0.000000,0.000000,0.000000,0.000000,0.000000,999.983732,999.982986,999.982756,999.982369,999.982367,999.982227,999.982095,999.981955,999.981797,999.981602,999.981397,999.981138,999.980869,999.980515,999.980176,999.979703,999.979266,999.978643,999.978111,999.977192,999.976372,999.976024,999.974063,999.973879,999.973952,999.971406,999.969896,999.968950,999.968545,999.969234,999.969858,999.971132,999.973504,999.976331,999.979544,999.982981,999.986301,999.989508,999.992626,999.995659,999.998132,999.999982,1000.001513,1000.002825,1000.003927,1000.004825,1000.005560,1000.006150,1000.006623,1000.006993,1000.007286,1000.007506,1000.007669,1000.007779,1000.007851,1000.007887,1000.007891,1000.007864,1000.007822,1000.007758,1000.007683,1000.007592,1000.007493,1000.007389,1000.007273,1000.007164,1000.007050,1000.006937,1000.006822,1000.006715,1000.006612,1000.006515,1000.006420,1000.006337,1000.006263,1000.006187,1000.006126,1000.006073,1000.006027,1000.005989,1000.005960,1000.005939,1000.005931,1000.005922,1000.005926,1000.005937,1000.005950,1000.006005,1000.005928,1000.005954,1000.005820,0.000000,0.000000,0.000000,0.000000,0.000000,0.000000
0.000000,0.000000,0.000000,0.000000,0.000000,0.000000,999.981862,999.983949,999.983400,999.983199,999.983014,999.982845,999.982696,999.982525,999.982337,999.982123,999.981889,999.981609,999.981308,999.980932,999.980544,999.980030,999.979535,999.978843,999.978199,999.977258,999.976534,999.975579,999.973653,999.973437,999.971406,999.968320,999.967950,999.967259,999.966639,999.966121,999.966486,999.968421,999.971071,999.974876,999.978915,999.983022,999.987292,999.991035,999.993983,999.996677,999.999271,1000.001437,1000.003108,1000.004414,1000.005449,1000.006271,1000.006911,1000.007409,1000.007791,1000.008074,1000.008285,1000.008429,1000.008521,1000.008559,1000.008565,1000.008537,1000.008488,1000.008408,1000.008309,1000.008197,1000.008072,1000.007937,1000.007798,1000.007651,1000.007503,1000.007349,1000.007204,1000.007060,1000.006921,1000.006781,1000.006655,1000.006531,1000.006415,1000.006307,1000.006214,1000.006125,1000.006043,1000.005978,1000.005921,1000.005863,1000.005825,1000.005790,1000.005773,1000.005756,1000.005741,1000.005741,1000.005750,1000.005748,1000.005730,1000.005624,1000.006417,0.000000,0.000000,0.000000,0.000000,0.000000,0.000000
0.000000,0.000000,0.000000,0.000000,0.000000,999.985772,999.984836,999.984444,999.983906,999.983858,999.983657,999.983485,999.983295,999.983104,999.982903,999.982677,999.982423,999.982119,999.981794,999.981395,999.980968,999.980424,999.979882,999.979131,999.978428,999.977427,999.976507,999.975099,999.973465,999.972762,999.969896,999.967950,999.967531,999.964716,999.962284,999.961359,999.961480,999.963372,999.966599,999.970687,999.976039,999.981794,999.987050,999.992103,999.996261,999.999225,1000.001560,1000.003510,1000.005076,1000.006279,1000.007194,1000.007887,1000.008402,1000.008779,1000.009051,1000.009234,1000.009346,1000.009400,1000.009407,1000.009377,1000.009311,1000.009215,1000.009099,1000.008962,1000.008812,1000.008646,1000.008473,1000.008288,1000.008101,1000.007916,1000.007726,1000.007540,1000.007353,1000.007175,1000.007004,1000.006840,1000.006682,1000.006538,1000.006400,1000.006272,1000.006154,1000.006049,1000.005955,1000.005866,1000.005795,1000.005733,1000.005685,1000.005635,1000.005602,1000.005575,1000.005564,1000.005550,1000.005535,1000.005533,1000.005575,1000.005475,1000.005397,1000.005067,0.000000,0.000000,0.000000,0.000000,0.000000
0.000000,0.000000,0.000000,0.000000,0.000000,999.983807,999.985553,999.984944,999.984723,999.984495,999.984277,999.984101,999.983908,999.983716,999.983498,999.983257,999.982982,999.982671,999.982327,999.981914,999.981460,999.980901,999.980316,999.979533,999.978771,999.977691,999.976620,999.975177,999.973648,999.972266,999.968950,999.967259,999.964716,999.960073,999.957333,999.955102,999.955063,999.957336,999.961303,999.967977,999.975234,999.981840,999.987900,999.993064,999.997738,1000.001484,1000.004123,1000.006024,1000.007412,1000.008437,1000.009165,1000.009677,1000.010031,1000.010262,1000.010399,1000.010464,1000.010467,1000.010421,1000.010340,1000.010225,1000.010086,1000.009920,1000.009734,1000.009536,1000.009325,1000.009104,1000.008875,1000.008647,1000.008411,1000.008177,1000.007948,1000.007723,1000.007504,1000.007287,1000.007085,1000.006892,1000.006704,1000.006531,1000.006373,1000.006225,1000.006086,1000.005963,1000.005853,1000.005752,1000.005662,1000.005585,1000.005526,1000.005473,1000.005425,1000.005392,1000.005370,1000.005353,1000.005334,1000.005316,1000.005299,1000.005281,1000.005147,1000.005874,0.000000,0.000000,0.000000,0.000000,0.000000
0.000000,0.000000,0.000000,0.000000,999.986661,999.986296,999.985912,999.985363,999.985306,999.985104,999.984922,999.984733,999.984539,999.984337,999.984107,999.983858,999.983582,999.983272,999.982911,999.982493,999.982022,999.981459,999.980841,999.980049,999.979242,999.978107,999.977004,999.975475,999.973771,999.971782,999.968545,999.966639,999.962284,999.957333,999.952681,999.947610,999.946238,999.947820,999.954398,999.964237,999.974426,999.984303,999.992073,999.997379,1000.001513,1000.004845,1000.007315,1000.009000,1000.010121,1000.010858,1000.011338,1000.011622,1000.011780,1000.011835,1000.011817,1000.011743,1000.011630,1000.011482,1000.011302,1000.011098,1000.010875,1000.010636,1000.010385,1000.010120,1000.009848,1000.009567,1000.009283,1000.009000,1000.008719,1000.008439,1000.008163,1000.007895,1000.007640,1000.007392,1000.007150,1000.006930,1000.006718,1000.006518,1000.006332,1000.006165,1000.006006,1000.005864,1000.005737,1000.005623,1000.005527,1000.005433,1000.005357,1000.005292,1000.005247,1000.005200,1000.005168,1000.005141,1000.005126,1000.005124,1000.005102,1000.005145,1000.004989,1000.004967,1000.004911,0.000000,0.000000,0.000000,0.000000
0.000000,0.000000,0.000000,0.000000,999.984452,999.986075,999.986086,999.986087,999.985923,999.985719,999.985543,999.985365,999.985174,999.984973,999.984744,999.984501,999.984222,999.983908,999.983543,999.983133,999.982662,999.982101,999.981477,999.980688,999.979870,999.978708,999.977636,999.975925,999.974283,999.971931,999.969234,999.966121,999.961359,999.955102,999.947610,999.937771,999.931229,999.935227,999.944832,999.957167,999.972302,999.984870,999.993853,1000.001557,1000.006412,1000.009411,1000.011343,1000.012524,1000.013204,1000.013551,1000.013693,1000.013704,1000.013621,1000.013479,1000.013293,1000.013074,1000.012830,1000.012568,1000.012289,1000.011993,1000.011687,1000.011369,1000.011043,1000.010710,1000.010373,1000.010035,1000.009692,1000.009355,1000.009020,1000.008693,1000.008374,1000.008061,1000.007765,1000.007481,1000.007207,1000.006951,1000.006711,1000.006488,1000.006278,1000.006086,1000.005911,1000.005752,1000.005608,1000.005474,1000.005368,1000.005266,1000.005178,1000.005109,1000.005049,1000.004997,1000.004955,1000.004934,1000.004910,1000.004902,1000.004886,1000.004902,1000.004951,1000.005048,1000.005778,0.000000,0.000000,0.000000,0.000000
