0.000000,0.000000,0.000000,0.000000,0.000000,0.000000,0.000000,0.000000,0.000000,0.000000,0.000000,0.000000,0.000000,0.000000,0.000000,0.000000,0.000000,0.000000,0.000000,0.000000,0.000000,0.000000,0.000000,0.000000,0.000000,0.000000,0.000000,0.000000,0.000000,0.000000,0.000000,0.000000,0.000000,0.000000,0.000000,0.000000,0.000000,0.000000,0.000000,0.000000,0.000000,0.000000,0.000000,0.000000,0.000000,0.000000,0.000000,0.000000,0.000000,0.000000,0.000000,0.000000,0.000000,0.000000,0.000000,0.000000,0.000000,0.000000,0.000000,0.000000,0.000000,0.000000,0.000000,0.000000,0.000000,0.000000,0.000000,0.000000,0.000000,0.000000,0.000000,0.000000,0.000000,0.000000,0.000000,0.000000,0.000000,0.000000,0.000000,0.000000,0.000000,0.000000,0.000000,0.000000,0.000000,0.000000,0.000000,0.000000,0.000000,0.000000,0.000000,0.000000,0.000000,0.000000,0.000000,0.000000,0.000000,0.000000,0.000000,0.000000,0.000000,0.000000,0.000000
0.000000,0.000000,0.000000,0.000000,0.000000,0.000000,0.000000,0.000000,0.000000,0.000000,0.000000,0.000000,0.000000,0.000000,0.000000,0.000000,0.000000,0.000000,0.000000,0.000000,0.000000,0.000000,0.000000,0.000000,0.000000,0.000000,0.000000,0.000000,0.000000,0.000000,0.000000,0.000000,0.000000,0.000000,0.000000,0.000000,0.000000,0.000000,0.000000,0.000000,0.000000,0.000000,0.000000,0.000000,0.000000,0.000000,0.000000,0.000000,0.000000,0.000000,0.000000,1000.000548,0.000000,0.000000,0.000000,0.000000,0.000000,0.000000,0.000000,0.000000,0.000000,0.000000,0.000000,0.000000,0.000000,0.000000,0.000000,0.000000,0.000000,0.000000,0.000000,0.000000,0.000000,0.000000,0.000000,0.000000,0.000000,0.000000,0.000000,0.000000,0.000000,0.000000,0.000000,0.000000,0.000000,0.000000,0.000000,0.000000,0.000000,0.000000,0.000000,0.000000,0.000000,0.000000,0.000000,0.000000,0.000000,0.000000,0.000000,0.000000,0.000000,0.000000,0.000000
0.000000,0.000000,0.000000,0.000000,0.000000,0.000000,0.000000,0.000000,0.000000,0.000000,0.000000,0.000000,0.000000,0.000000,0.000000,0.000000,0.000000,0.000000,0.000000,0.000000,0.000000,0.000000,0.000000,0.000000,0.000000,0.000000,0.000000,0.000000,0.000000,0.000000,0.000000,0.000000,0.000000,0.000000,0.000000,0.000000,0.000000,0.000000,0.000000,0.000000,0.000000,0.000000,999.999662,999.998204,999.998291,999.998584,999.998864,999.999276,999.999576,1000.000145,1000.000528,1000.000674,1000.000701,1000.000985,1000.001482,1000.001711,1000.001972,1000.002157,1000.002324,1000.002165,1000.001282,0.000000,0.000000,0.000000,0.000000,0.000000,0.000000,0.000000,0.000000,0.000000,0.000000,0.000000,0.000000,0.000000,0.000000,0.000000,0.000000,0.000000,0.000000,0.000000,0.000000,0.000000,0.000000,0.000000,0.000000,0.000000,0.000000,0.000000,0.000000,0.000000,0.000000,0.000000,0.000000,0.000000,0.000000,0.000000,0.000000,0.000000,0.000000,0.000000,0.000000,0.000000,0.000000
0.000000,0.000000,0.000000,0.000000,0.000000,0.000000,0.000000,0.000000,0.000000,0.000000,0.000000,0.000000,0.000000,0.000000,0.000000,0.000000,0.000000,0.000000,0.000000,0.000000,0.000000,0.000000,0.000000,0.000000,0.000000,0.000000,0.000000,0.000000,0.000000,0.000000,0.000000,0.000000,0.000000,0.000000,0.000000,0.000000,0.000000,999.997349,999.996061,999.995881,999.996711,999.997677,999.999178,999.998888,999.998666,999.998688,999.998945,999.999307,999.999722,1000.000020,1000.000464,1000.000472,1000.000666,1000.001152,1000.001348,1000.001548,1000.001723,1000.001808,1000.001879,1000.001652,1000.001479,1000.002324,1000.002832,1000.003100,1000.002977,1000.002181,0.000000,0.000000,0.000000,0.000000,0.000000,0.000000,0.000000,0.000000,0.000000,0.000000,0.000000,0.000000,0.000000,0.000000,0.000000,0.000000,0.000000,0.000000,0.000000,0.000000,0.000000,0.000000,0.000000,0.000000,0.000000,0.000000,0.000000,0.000000,0.000000,0.000000,0.000000,0.000000,0.000000,0.000000,0.000000,0.000000,0.000000
0.000000,0.000000,0.000000,0.000000,0.000000,0.000000,0.000000,0.000000,0.000000,0.000000,0.000000,0.000000,0.000000,0.000000,0.000000,0.000000,0.000000,0.000000,0.000000,0.000000,0.000000,0.000000,0.000000,0.000000,0.000000,0.000000,0.000000,0.000000,0.000000,0.000000,0.000000,0.000000,0.000000,0.000000,999.995932,999.994974,999.995528,999.996982,999.996768,999.996652,999.996909,999.997876,999.998302,999.998533,999.998611,999.998857,999.999003,999.999395,999.999558,999.999907,1000.000280,1000.000436,1000.000783,1000.001078,1000.001257,1000.001416,1000.001565,1000.001718,1000.001754,1000.001934,1000.001896,1000.002196,1000.002581,1000.002582,1000.002483,1000.002343,1000.002968,1000.003064,1000.002687,0.000000,0.000000,0.000000,0.000000,0.000000,0.000000,0.000000,0.000000,0.000000,0.000000,0.000000,0.000000,0.000000,0.000000,0.000000,0.000000,0.000000,0.000000,0.000000,0.000000,0.000000,0.000000,0.000000,0.000000,0.000000,0.000000,0.000000,0.000000,0.000000,0.000000,0.000000,0.000000,0.000000,0.000000
0.000000,0.000000,0.000000,0.000000,0.000000,0.000000,0.000000,0.000000,0.000000,0.000000,0.000000,0.000000,0.000000,0.000000,0.000000,0.000000,0.000000,0.000000,0.000000,0.000000,0.000000,0.000000,0.000000,0.000000,0.000000,0.000000,0.000000,0.000000,0.000000,0.000000,0.000000,0.000000,999.995484,999.994556,999.995779,999.995811,999.996141,999.996425,999.996570,999.996812,999.997128,999.997579,999.997936,999.998355,999.998570,999.998747,999.999076,999.999284,999.999537,999.999776,1000.000126,1000.000425,1000.000580,1000.000850,1000.001087,1000.001335,1000.001603,1000.001730,1000.001770,1000.001905,1000.002001,1000.002123,1000.002353,1000.002481,1000.002550,1000.002635,1000.002624,1000.002764,1000.002674,1000.003085,1000.002645,0.000000,0.000000,0.000000,0.000000,0.000000,0.000000,0.000000,0.000000,0.000000,0.000000,0.000000,0.000000,0.000000,0.000000,0.000000,0.000000,0.000000,0.000000,0.000000,0.000000,0.000000,0.000000,0.000000,0.000000,0.000000,0.000000,0.000000,0.000000,0.000000,0.000000,0.000000,0.000000
0.000000,0.000000,0.000000,0.000000,0.000000,0.000000,0.000000,0.000000,0.000000,0.000000,0.000000,0.000000,0.000000,0.000000,0.000000,0.000000,0.000000,0.000000,0.000000,0.000000,0.000000,0.000000,0.000000,0.000000,0.000000,0.000000,0.000000,0.000000,0.000000,0.000000,999.994399,999.993487,999.995079,999.995298,999.995662,999.995665,999.995893,999.996173,999.996500,999.996941,999.997151,999.997511,999.997891,999.998164,999.998431,999.998573,999.998952,999.999222,999.999590,999.999835,1000.000061,1000.000412,1000.000578,1000.000826,1000.001040,1000.001281,1000.001381,1000.001605,1000.001796,1000.001823,1000.002006,1000.002183,1000.002260,1000.002464,1000.002461,1000.002633,1000.002564,1000.002667,1000.002675,1000.002771,1000.002808,1000.003261,1000.002937,0.000000,0.000000,0.000000,0.000000,0.000000,0.000000,0.000000,0.000000,0.000000,0.000000,0.000000,0.000000,0.000000,0.000000,0.000000,0.000000,0.000000,0.000000,0.000000,0.000000,0.000000,0.000000,0.000000,0.000000,0.000000,0.000000,0.000000,0.000000,0.000000,0.000000
0.000000,0.000000,0.000000,0.000000,0.000000,0.000000,0.000000,0.000000,0.000000,0.000000,0.000000,0.000000,0.000000,0.000000,0.000000,0.000000,0.000000,0.000000,0.000000,0.000000,0.000000,0.000000,0.000000,0.000000,0.000000,0.000000,0.000000,0.000000,999.993422,999.992471,999.993967,999.994572,999.994653,999.995021,999.995317,999.995508,999.995798,999.996219,999.996426,999.996707,999.997111,999.997433,999.997709,999.998045,999.998292,999.998725,999.998990,999.999187,999.999474,999.999780,1000.000015,1000.000393,1000.000591,1000.000772,1000.001073,1000.001239,1000.001273,1000.001506,1000.001662,1000.001889,1000.002094,1000.002164,1000.002242,1000.002373,1000.002429,1000.002524,1000.002644,1000.002737,1000.002783,1000.002903,1000.002906,1000.002823,1000.003024,1000.003438,1000.003092,0.000000,0.000000,0.000000,0.000000,0.000000,0.000000,0.000000,0.000000,0.000000,0.000000,0.000000,0.000000,0.000000,0.000000,0.000000,0.000000,0.000000,0.000000,0.000000,0.000000,0.000000,0.000000,0.000000,0.000000,0.000000,0.000000,0.000000,0.000000
0.000000,0.000000,0.000000,0.000000,0.000000,0.000000,0.000000,0.000000,0.000000,0.000000,0.000000,0.000000,0.000000,0.000000,0.000000,0.000000,0.000000,0.000000,0.000000,0.000000,0.000000,0.000000,0.000000,0.000000,0.000000,0.000000,999.992277,999.991615,999.993011,999.993527,999.993925,999.994131,999.994379,999.995014,999.995121,999.995402,999.995824,999.996209,999.996387,999.996488,999.996938,999.997223,999.997684,999.997852,999.998198,999.998538,999.998926,999.999127,999.999414,999.999717,1000.000005,1000.000253,1000.000518,1000.000700,1000.000974,1000.001243,1000.001498,1000.001629,1000.001651,1000.001883,1000.002021,1000.002069,1000.002249,1000.002340,1000.002482,1000.002537,1000.002708,1000.002706,1000.002690,1000.002768,1000.002927,1000.002934,1000.002967,1000.003095,1000.003181,1000.003505,1000.003238,0.000000,0.000000,0.000000,0.000000,0.000000,0.000000,0.000000,0.000000,0.000000,0.000000,0.000000,0.000000,0.000000,0.000000,0.000000,0.000000,0.000000,0.000000,0.000000,0.000000,0.000000,0.000000,0.000000,0.000000,0.000000,0.000000
0.000000,0.000000,0.000000,0.000000,0.000000,0.000000,0.000000,0.000000,0.000000,0.000000,0.000000,0.000000,0.000000,0.000000,0.000000,0.000000,0.000000,0.000000,0.000000,0.000000,0.000000,0.000000,0.000000,0.000000,999.991706,999.991225,999.992165,999.992701,999.992962,999.993322,999.993525,999.993909,999.994507,999.994669,999.994862,999.995310,999.995641,999.995815,999.996152,999.996596,999.996875,999.997177,999.997615,999.997834,999.998162,999.998407,999.998725,999.999137,999.999368,999.999667,999.999942,1000.000104,1000.000498,1000.000728,1000.000947,1000.001075,1000.001349,1000.001544,1000.001788,1000.001821,1000.001951,1000.002285,1000.002397,1000.002386,1000.002500,1000.002562,1000.002572,1000.002760,1000.002793,1000.002731,1000.002870,1000.002977,1000.003003,1000.003015,1000.003086,1000.003194,1000.003282,1000.003510,1000.003175,0.000000,0.000000,0.000000,0.000000,0.000000,0.000000,0.000000,0.000000,0.000000,0.000000,0.000000,0.000000,0.000000,0.000000,0.000000,0.000000,0.000000,0.000000,0.000000,0.000000,0.000000,0.000000,0.000000,0.000000
0.000000,0.000000,0.000000,0.000000,0.000000,0.000000,0.000000,0.000000,0.000000,0.000000,0.000000,0.000000,0.000000,0.000000,0.000000,0.000000,0.000000,0.000000,0.000000,0.000000,0.000000,0.000000,0.000000,999.991792,999.991635,999.991935,999.992332,999.992666,999.992794,999.993231,999.993538,999.993961,999.994258,999.994377,999.994727,999.995254,999.995345,999.995590,999.996071,999.996481,999.996734,999.997084,999.997272,999.997722,999.998148,999.998432,999.998575,999.998991,999.999362,999.999575,999.999880,1000.000204,1000.000420,1000.000708,1000.000977,1000.001156,1000.001269,1000.001474,1000.001744,1000.001911,1000.001955,1000.002092,1000.002259,1000.002338,1000.002496,1000.002615,1000.002566,1000.002735,1000.002813,1000.002926,1000.002988,1000.003043,1000.003118,1000.003119,1000.003102,1000.003034,1000.003145,1000.003316,1000.003327,1000.003221,0.000000,0.000000,0.000000,0.000000,0.000000,0.000000,0.000000,0.000000,0.000000,0.000000,0.000000,0.000000,0.000000,0.000000,0.000000,0.000000,0.000000,0.000000,0.000000,0.000000,0.000000,0.000000,0.000000
0.000000,0.000000,0.000000,0.000000,0.000000,0.000000,0.000000,0.000000,0.000000,0.000000,0.000000,0.000000,0.000000,0.000000,0.000000,0.000000,0.000000,0.000000,0.000000,0.000000,0.000000,999.990692,999.990344,999.991466,999.991864,999.992152,999.992210,999.992408,999.992703,999.993202,999.993411,999.993651,999.994025,999.994249,999.994639,999.995046,999.995231,999.995552,999.995953,999.996235,999.996604,999.996913,999.997160,999.997528,999.997968,999.998283,999.998653,999.998901,999.999261,999.999536,999.999883,1000.000176,1000.000355,1000.000651,1000.000902,1000.001251,1000.001381,1000.001636,1000.001749,1000.001995,1000.002159,1000.002155,1000.002268,1000.002479,1000.002527,1000.002678,1000.002768,1000.002793,1000.002771,1000.002874,1000.002988,1000.002931,1000.002924,1000.003149,1000.003137,1000.003223,1000.003125,1000.003271,1000.003301,1000.003259,1000.003541,1000.003342,0.000000,0.000000,0.000000,0.000000,0.000000,0.000000,0.000000,0.000000,0.000000,0.000000,0.000000,0.000000,0.000000,0.000000,0.000000,0.000000,0.000000,0.000000,0.000000,0.000000,0.000000
0.000000,0.000000,0.000000,0.000000,0.000000,0.000000,0.000000,0.000000,0.000000,0.000000,0.000000,0.000000,0.000000,0.000000,0.000000,0.000000,0.000000,0.000000,0.000000,0.000000,999.990925,999.990842,999.991076,999.991536,999.991822,999.991923,999.992021,999.992330,999.992753,999.992967,999.993148,999.993562,999.993887,999.994051,999.994502,999.994669,999.995002,999.995434,999.995732,999.996035,999.996436,999.996793,999.997113,999.997568,999.997749,999.998181,999.998560,999.998845,999.999117,999.999504,999.999849,1000.000066,1000.000476,1000.000653,1000.000799,1000.001090,1000.001327,1000.001553,1000.001710,1000.001807,1000.002087,1000.002260,1000.002432,1000.002529,1000.002571,1000.002703,1000.002772,1000.002872,1000.002941,1000.002878,1000.003071,1000.003043,1000.003096,1000.003102,1000.003232,1000.003244,1000.003179,1000.003096,1000.003255,1000.003189,1000.003316,1000.003411,1000.003373,0.000000,0.000000,0.000000,0.000000,0.000000,0.000000,0.000000,0.000000,0.000000,0.000000,0.000000,0.000000,0.000000,0.000000,0.000000,0.000000,0.000000,0.000000,0.000000,0.000000
0.000000,0.000000,0.000000,0.000000,0.000000,0.000000,0.000000,0.000000,0.000000,0.000000,0.000000,0.000000,0.000000,0.000000,0.000000,0.000000,0.000000,0.000000,0.000000,999.990486,999.990886,999.991009,999.991218,999.991377,999.991593,999.991780,999.992023,999.992411,999.992686,999.992739,999.993053,999.993414,999.993484,999.993875,999.994345,999.994478,999.994905,999.995286,999.995490,999.995786,999.996194,999.996558,999.996952,999.997406,999.997566,999.998055,999.998371,999.998746,999.999120,999.999505,999.999806,1000.000013,1000.000445,1000.000761,1000.000897,1000.001183,1000.001477,1000.001620,1000.001885,1000.001988,1000.002117,1000.002263,1000.002440,1000.002497,1000.002608,1000.002731,1000.002777,1000.002836,1000.002982,1000.002941,1000.002990,1000.003095,1000.003231,1000.003119,1000.003172,1000.003200,1000.003212,1000.003244,1000.003396,1000.003224,1000.003119,1000.003269,1000.003303,1000.003376,0.000000,0.000000,0.000000,0.000000,0.000000,0.000000,0.000000,0.000000,0.000000,0.000000,0.000000,0.000000,0.000000,0.000000,0.000000,0.000000,0.000000,0.000000,0.000000
0.000000,0.000000,0.000000,0.000000,0.000000,0.000000,0.000000,0.000000,0.000000,0.000000,0.000000,0.000000,0.000000,0.000000,0.000000,0.000000,0.000000,0.000000,999.990583,999.990716,999.990977,999.991055,999.991089,999.991296,999.991561,999.991764,999.992006,999.992231,999.992306,999.992611,999.992910,999.993180,999.993386,999.993715,999.994026,999.994204,999.994605,999.994939,999.995291,999.995713,999.995976,999.996345,999.996871,999.997193,999.997560,999.998010,999.998320,999.998759,999.999077,999.999445,999.999664,999.999981,1000.000324,1000.000616,1000.000900,1000.001180,1000.001415,1000.001495,1000.001802,1000.002094,1000.002178,1000.002326,1000.002464,1000.002619,1000.002719,1000.002808,1000.002932,1000.002952,1000.003144,1000.003066,1000.003077,1000.003139,1000.003127,1000.003229,1000.003168,1000.003180,1000.003226,1000.003209,1000.003324,1000.003367,1000.003254,1000.003190,1000.003228,1000.003300,1000.003346,0.000000,0.000000,0.000000,0.000000,0.000000,0.000000,0.000000,0.000000,0.000000,0.000000,0.000000,0.000000,0.000000,0.000000,0.000000,0.000000,0.000000,0.000000
0.000000,0.000000,0.000000,0.000000,0.000000,0.000000,0.000000,0.000000,0.000000,0.000000,0.000000,0.000000,0.000000,0.000000,0.000000,0.000000,0.000000,999.990234,999.990456,999.990688,999.990944,999.990901,999.991186,999.991428,999.991605,999.991645,999.991810,999.992021,999.992144,999.992495,999.992595,999.992859,999.993160,999.993456,999.993625,999.993965,999.994330,999.994583,999.995072,999.995442,999.995873,999.996239,999.996647,999.996928,999.997443,999.997812,999.998165,999.998575,999.999047,999.999270,999.999634,1000.000167,1000.000345,1000.000628,1000.000943,1000.001223,1000.001473,1000.001664,1000.001834,1000.002060,1000.002329,1000.002445,1000.002514,1000.002746,1000.002777,1000.002826,1000.002977,1000.003017,1000.003135,1000.003137,1000.003190,1000.003233,1000.003158,1000.003268,1000.003346,1000.003346,1000.003337,1000.003202,1000.003206,1000.003311,1000.003353,1000.003323,1000.003268,1000.003359,1000.003352,1000.003434,0.000000,0.000000,0.000000,0.000000,0.000000,0.000000,0.000000,0.000000,0.000000,0.000000,0.000000,0.000000,0.000000,0.000000,0.000000,0.000000,0.000000
0.000000,0.000000,0.000000,0.000000,0.000000,0.000000,0.000000,0.000000,0.000000,0.000000,0.000000,0.000000,0.000000,0.000000,0.000000,0.000000,999.990370,999.990374,999.990614,999.990743,999.990858,999.991057,999.991270,999.991318,999.991428,999.991414,999.991718,999.991897,999.992013,999.992210,999.992336,999.992547,999.992876,999.993147,999.993389,999.993811,999.994108,999.994332,999.994835,999.995157,999.995588,999.995973,999.996337,999.996741,999.997310,999.997702,999.998080,999.998513,999.998933,999.999239,999.999751,1000.000055,1000.000235,1000.000613,1000.001004,1000.001174,1000.001458,1000.001817,1000.001965,1000.002073,1000.002276,1000.002441,1000.002535,1000.002755,1000.002835,1000.002928,1000.003022,1000.003060,1000.003109,1000.003214,1000.003274,1000.003266,1000.003267,1000.003300,1000.003238,1000.003252,1000.003351,1000.003365,1000.003229,1000.003287,1000.003380,1000.003307,1000.003259,1000.003319,1000.003337,1000.003309,1000.003313,0.000000,0.000000,0.000000,0.000000,0.000000,0.000000,0.000000,0.000000,0.000000,0.000000,0.000000,0.000000,0.000000,0.000000,0.000000,0.000000
0.000000,0.000000,0.000000,0.000000,0.000000,0.000000,0.000000,0.000000,0.000000,0.000000,0.000000,0.000000,0.000000,0.000000,0.000000,999.990234,999.990374,999.990681,999.990729,999.990804,999.990990,999.991087,999.991084,999.991180,999.991245,999.991404,999.991616,999.991568,999.991816,999.991955,999.992114,999.992371,999.992562,999.992694,999.993055,999.993421,999.993631,999.994102,999.994433,999.994798,999.995184,999.995728,999.996155,999.996753,999.997093,999.997599,999.997991,999.998507,999.998789,999.999236,999.999652,999.999991,1000.000321,1000.000668,1000.001059,1000.001203,1000.001435,1000.001783,1000.001916,1000.002232,1000.002351,1000.002580,1000.002668,1000.002844,1000.002986,1000.003051,1000.003223,1000.003252,1000.003213,1000.003287,1000.003372,1000.003390,1000.003417,1000.003415,1000.003422,1000.003312,1000.003325,1000.003453,1000.003373,1000.003208,1000.003281,1000.003342,1000.003277,1000.003292,1000.003335,1000.003261,1000.003344,1000.003455,0.000000,0.000000,0.000000,0.000000,0.000000,0.000000,0.000000,0.000000,0.000000,0.000000,0.000000,0.000000,0.000000,0.000000,0.000000
0.000000,0.000000,0.000000,0.000000,0.000000,0.000000,0.000000,0.000000,0.000000,0.000000,0.000000,0.000000,0.000000,0.000000,999.990583,999.990456,999.990614,999.990729,999.990742,999.990920,999.990916,999.990959,999.990925,999.991128,999.991204,999.991262,999.991343,999.991362,999.991577,999.991574,999.991761,999.991973,999.992098,999.992343,999.992625,999.992953,999.993236,999.993806,999.994051,999.994504,999.995063,999.995536,999.995959,999.996503,999.996896,999.997333,999.997855,999.998383,999.998703,999.999212,999.999584,999.999972,1000.000433,1000.000774,1000.000927,1000.001299,1000.001613,1000.001763,1000.002046,1000.002293,1000.002428,1000.002627,1000.002787,1000.002833,1000.003029,1000.003053,1000.003087,1000.003306,1000.003327,1000.003344,1000.003418,1000.003429,1000.003366,1000.003438,1000.003498,1000.003485,1000.003357,1000.003392,1000.003478,1000.003397,1000.003348,1000.003330,1000.003353,1000.003262,1000.003275,1000.003330,1000.003269,1000.003370,1000.003277,0.000000,0.000000,0.000000,0.000000,0.000000,0.000000,0.000000,0.000000,0.000000,0.000000,0.000000,0.000000,0.000000,0.000000
0.000000,0.000000,0.000000,0.000000,0.000000,0.000000,0.000000,0.000000,0.000000,0.000000,0.000000,0.000000,0.000000,999.990486,999.990716,999.990688,999.990743,999.990804,999.990920,999.990849,999.990938,999.990922,999.991112,999.991111,999.991046,999.991039,999.991080,999.991098,999.991194,999.991237,999.991408,999.991589,999.991787,999.992008,999.992286,999.992502,999.992898,999.993275,999.993659,999.994229,999.994719,999.995097,999.995667,999.996197,999.996728,999.997177,999.997812,999.998207,999.998748,999.999217,999.999560,999.999853,1000.000362,1000.000655,1000.000906,1000.001353,1000.001681,1000.001802,1000.002094,1000.002291,1000.002479,1000.002649,1000.002835,1000.002920,1000.003111,1000.003246,1000.003251,1000.003324,1000.003509,1000.003444,1000.003457,1000.003586,1000.003486,1000.003486,1000.003459,1000.003549,1000.003503,1000.003403,1000.003375,1000.003417,1000.003375,1000.003299,1000.003385,1000.003343,1000.003309,1000.003346,1000.003291,1000.003304,1000.003356,1000.003276,0.000000,0.000000,0.000000,0.000000,0.000000,0.000000,0.000000,0.000000,0.000000,0.000000,0.000000,0.000000,0.000000
0.000000,0.000000,0.000000,0.000000,0.000000,0.000000,0.000000,0.000000,0.000000,0.000000,0.000000,0.000000,999.990925,999.990886,999.990977,999.990944,999.990858,999.990990,999.990916,999.990938,999.990888,999.990956,999.990938,999.990824,999.990809,999.990791,999.990825,999.990885,999.990876,999.990856,999.991017,999.991138,999.991207,999.991481,999.991797,999.991994,999.992372,999.992770,999.993280,999.993844,999.994287,999.994786,999.995423,999.995971,999.996573,999.997180,999.997724,999.998112,999.998701,999.999151,999.999620,1000.000002,1000.000458,1000.000758,1000.001103,1000.001416,1000.001657,1000.001994,1000.002203,1000.002371,1000.002609,1000.002811,1000.002946,1000.003055,1000.003179,1000.003363,1000.003364,1000.003416,1000.003532,1000.003560,1000.003504,1000.003655,1000.003605,1000.003674,1000.003581,1000.003486,1000.003530,1000.003620,1000.003506,1000.003442,1000.003449,1000.003312,1000.003360,1000.003285,1000.003334,1000.003317,1000.003251,1000.003283,1000.003284,1000.003314,1000.003320,0.000000,0.000000,0.000000,0.000000,0.000000,0.000000,0.000000,0.000000,0.000000,0.000000,0.000000,0.000000
0.000000,0.000000,0.000000,0.000000,0.000000,0.000000,0.000000,0.000000,0.000000,0.000000,0.000000,999.990692,999.990842,999.991009,999.991055,999.990901,999.991057,999.991087,999.990959,999.990922,999.990956,999.990862,999.990758,999.990752,999.990669,999.990614,999.990614,999.990522,999.990473,999.990527,999.990569,999.990514,999.990601,999.990948,999.991052,999.991441,999.991925,999.992359,999.992782,999.993263,999.993825,999.994489,999.995182,999.995687,999.996339,999.996960,999.997546,999.998063,999.998592,999.999078,999.999579,1000.000036,1000.000359,1000.000738,1000.001184,1000.001375,1000.001675,1000.001948,1000.002263,1000.002390,1000.002632,1000.002804,1000.003001,1000.003173,1000.003192,1000.003341,1000.003486,1000.003476,1000.003538,1000.003648,1000.003585,1000.003725,1000.003643,1000.003639,1000.003742,1000.003616,1000.003512,1000.003542,1000.003576,1000.003468,1000.003530,1000.003391,1000.003386,1000.003353,1000.003323,1000.003357,1000.003258,1000.003214,1000.003243,1000.003259,1000.003315,1000.003345,0.000000,0.000000,0.000000,0.000000,0.000000,0.000000,0.000000,0.000000,0.000000,0.000000,0.000000
0.000000,0.000000,0.000000,0.000000,0.000000,0.000000,0.000000,0.000000,0.000000,0.000000,0.000000,999.990344,999.991076,999.991218,999.991089,999.991186,999.991270,999.991084,999.990925,999.991112,999.990938,999.990758,999.990739,999.990584,999.990472,999.990375,999.990236,999.990089,999.990015,999.989967,999.989910,999.990017,999.990200,999.990304,999.990428,999.990878,999.991204,999.991621,999.992142,999.992762,999.993357,999.994136,999.994840,999.995449,999.996175,999.996815,999.997428,999.998054,999.998651,999.999087,999.999619,1000.000078,1000.000396,1000.000799,1000.001248,1000.001545,1000.001843,1000.002032,1000.002277,1000.002578,1000.002773,1000.002858,1000.003066,1000.003217,1000.003388,1000.003361,1000.003617,1000.003610,1000.003676,1000.003744,1000.003720,1000.003741,1000.003756,1000.003691,1000.003785,1000.003792,1000.003690,1000.003638,1000.003563,1000.003486,1000.003504,1000.003529,1000.003390,1000.003365,1000.003303,1000.003350,1000.003328,1000.003352,1000.003258,1000.003187,1000.003342,1000.003484,0.000000,0.000000,0.000000,0.000000,0.000000,0.000000,0.000000,0.000000,0.000000,0.000000,0.000000
0.000000,0.000000,0.000000,0.000000,0.000000,0.000000,0.000000,0.000000,0.000000,0.000000,999.991792,999.991466,999.991536,999.991377,999.991296,999.991428,999.991318,999.991180,999.991128,999.991111,999.990824,999.990752,999.990584,999.990437,999.990260,999.990060,999.989833,999.989715,999.989512,999.989421,999.989407,999.989389,999.989426,999.989454,999.989778,999.990084,999.990419,999.990965,999.991617,999.992313,999.992999,999.993782,999.994455,999.995223,999.996027,999.996673,999.997347,999.998023,999.998608,999.999196,999.999667,1000.000136,1000.000562,1000.000971,1000.001228,1000.001542,1000.001841,1000.002185,1000.002370,1000.002594,1000.002812,1000.002966,1000.003117,1000.003272,1000.003451,1000.003481,1000.003600,1000.003669,1000.003732,1000.003834,1000.003824,1000.003847,1000.003895,1000.003826,1000.003741,1000.003771,1000.003699,1000.003731,1000.003695,1000.003599,1000.003541,1000.003517,1000.003452,1000.003408,1000.003325,1000.003275,1000.003268,1000.003247,1000.003361,1000.003201,1000.003240,1000.003233,1000.003193,0.000000,0.000000,0.000000,0.000000,0.000000,0.000000,0.000000,0.000000,0.000000,0.000000
0.000000,0.000000,0.000000,0.000000,0.000000,0.000000,0.000000,0.000000,0.000000,999.991706,999.991635,999.991864,999.991822,999.991593,999.991561,999.991605,999.991428,999.991245,999.991204,999.991046,999.990809,999.990669,999.990472,999.990260,999.989989,999.989624,999.989502,999.989280,999.989087,999.988915,999.988698,999.988561,999.988567,999.988660,999.988915,999.989202,999.989647,999.990201,999.990815,999.991557,999.992475,999.993234,999.994069,999.994971,999.995801,999.996601,999.997394,999.998001,999.998649,999.999210,999.999658,1000.000179,1000.000652,1000.001046,1000.001322,1000.001631,1000.001980,1000.002247,1000.002443,1000.002664,1000.002907,1000.003120,1000.003228,1000.003345,1000.003504,1000.003630,1000.003698,1000.003816,1000.003783,1000.003824,1000.003884,1000.003837,1000.003925,1000.003930,1000.003864,1000.003903,1000.003799,1000.003732,1000.003780,1000.003629,1000.003610,1000.003515,1000.003427,1000.003420,1000.003431,1000.003338,1000.003306,1000.003210,1000.003241,1000.003252,1000.003206,1000.003260,1000.003312,1000.003218,0.000000,0.000000,0.000000,0.000000,0.000000,0.000000,0.000000,0.000000,0.000000
0.000000,0.000000,0.000000,0.000000,0.000000,0.000000,0.000000,0.000000,0.000000,999.991225,999.991935,999.992152,999.991923,999.991780,999.991764,999.991645,999.991414,999.991404,999.991262,999.991039,999.990791,999.990614,999.990375,999.990060,999.989624,999.989490,999.989272,999.988783,999.988449,999.988130,999.987867,999.987763,999.987651,999.987744,999.987880,999.988151,999.988663,999.989327,999.990043,999.990913,999.991787,999.992743,999.993782,999.994823,999.995661,999.996605,999.997383,999.998108,999.998739,999.999394,999.999909,1000.000303,1000.000774,1000.001073,1000.001503,1000.001825,1000.002119,1000.002324,1000.002528,1000.002776,1000.002945,1000.003152,1000.003289,1000.003434,1000.003533,1000.003637,1000.003701,1000.003819,1000.003926,1000.003887,1000.003950,1000.003925,1000.003937,1000.003900,1000.003931,1000.003890,1000.003887,1000.003747,1000.003765,1000.003642,1000.003630,1000.003671,1000.003483,1000.003432,1000.003395,1000.003358,1000.003290,1000.003282,1000.003225,1000.003192,1000.003181,1000.003164,1000.003198,1000.003477,0.000000,0.000000,0.000000,0.000000,0.000000,0.000000,0.000000,0.000000,0.000000
0.000000,0.000000,0.000000,0.000000,0.000000,0.000000,0.000000,0.000000,999.992277,999.992165,999.992332,999.992210,999.992021,999.992023,999.992006,999.991810,999.991718,999.991616,999.991343,999.991080,999.990825,999.990614,999.990236,999.989833,999.989502,999.989272,999.988657,999.988058,999.987848,999.987397,999.987108,999.986842,999.986663,999.986594,999.986651,999.987001,999.987538,999.988172,999.989013,999.990119,999.991160,999.992340,999.993560,999.994657,999.995581,999.996569,999.997414,999.998194,999.998851,999.999516,1000.000052,1000.000506,1000.000885,1000.001244,1000.001597,1000.001925,1000.002112,1000.002435,1000.002652,1000.002895,1000.002997,1000.003163,1000.003360,1000.003486,1000.003628,1000.003801,1000.003760,1000.003863,1000.003961,1000.004040,1000.004083,1000.004052,1000.004104,1000.004012,1000.003978,1000.003935,1000.003903,1000.003857,1000.003789,1000.003743,1000.003625,1000.003649,1000.003512,1000.003448,1000.003437,1000.003406,1000.003345,1000.003288,1000.003228,1000.003173,1000.003231,1000.003235,1000.003134,1000.003229,1000.003284,0.000000,0.000000,0.000000,0.000000,0.000000,0.000000,0.000000,0.000000
0.000000,0.000000,0.000000,0.000000,0.000000,0.000000,0.000000,0.000000,999.991615,999.992701,999.992666,999.992408,999.992330,999.992411,999.992231,999.992021,999.991897,999.991568,999.991362,999.991098,999.990885,999.990522,999.990089,999.989715,999.989280,999.988783,999.988058,999.987727,999.987410,999.986630,999.986197,999.985705,999.985336,999.985197,999.985354,999.985651,999.986209,999.986914,999.987972,999.989238,999.990432,999.991851,999.993189,999.994336,999.995655,999.996764,999.997666,999.998549,999.999157,999.999642,1000.000215,1000.000740,1000.001141,1000.001504,1000.001796,1000.002079,1000.002267,1000.002550,1000.002736,1000.002937,1000.003139,1000.003255,1000.003483,1000.003570,1000.003628,1000.003837,1000.003852,1000.003950,1000.003986,1000.003985,1000.004010,1000.004034,1000.004047,1000.004084,1000.004049,1000.003980,1000.003954,1000.003962,1000.003851,1000.003791,1000.003766,1000.003608,1000.003534,1000.003426,1000.003454,1000.003360,1000.003353,1000.003234,1000.003219,1000.003209,1000.003285,1000.003213,1000.003101,1000.003159,1000.003477,0.000000,0.000000,0.000000,0.000000,0.000000,0.000000,0.000000,0.000000
0.000000,0.000000,0.000000,0.000000,0.000000,0.000000,0.000000,999.993422,999.993011,999.992962,999.992794,999.992703,999.992753,999.992686,999.992306,999.992144,999.992013,999.991816,999.991577,999.991194,999.990876,999.990473,999.990015,999.989512,999.989087,999.988449,999.987848,999.987410,999.986473,999.985558,999.985070,999.984491,999.984047,999.983886,999.983755,999.983929,999.984495,999.985413,999.986742,999.988124,999.989711,999.991480,999.992945,999.994394,999.995855,999.996919,999.997788,999.998764,999.999533,1000.000076,1000.000604,1000.000996,1000.001342,1000.001674,1000.001953,1000.002200,1000.002452,1000.002677,1000.002875,1000.003003,1000.003260,1000.003377,1000.003481,1000.003610,1000.003701,1000.003835,1000.003881,1000.003984,1000.004077,1000.004054,1000.004120,1000.004127,1000.004048,1000.004086,1000.004110,1000.004036,1000.003944,1000.003996,1000.003809,1000.003750,1000.003787,1000.003708,1000.003641,1000.003462,1000.003391,1000.003334,1000.003319,1000.003295,1000.003268,1000.003084,1000.003049,1000.003211,1000.003102,1000.003186,1000.003160,1000.003112,0.000000,0.000000,0.000000,0.000000,0.000000,0.000000,0.000000
0.000000,0.000000,0.000000,0.000000,0.000000,0.000000,0.000000,999.992471,999.993527,999.993322,999.993231,999.993202,999.992967,999.992739,999.992611,999.992495,999.992210,999.991955,999.991574,999.991237,999.990856,999.990527,999.989967,999.989421,999.988915,999.988130,999.987397,999.986630,999.985558,999.984839,999.984365,999.983308,999.982503,999.981925,999.981563,999.981740,999.982504,999.983627,999.985192,999.986872,999.988838,999.990950,999.992883,999.994666,999.996283,999.997445,999.998323,999.999199,999.999930,1000.000515,1000.000970,1000.001285,1000.001602,1000.001968,1000.002177,1000.002389,1000.002596,1000.002838,1000.002993,1000.003090,1000.003317,1000.003431,1000.003527,1000.003676,1000.003782,1000.003938,1000.003947,1000.003971,1000.004131,1000.004124,1000.004094,1000.004183,1000.004170,1000.004107,1000.004095,1000.004124,1000.003938,1000.003985,1000.003900,1000.003787,1000.003736,1000.003578,1000.003678,1000.003573,1000.003421,1000.003365,1000.003300,1000.003243,1000.003357,1000.003330,1000.002986,1000.003089,1000.003138,1000.003092,1000.003029,1000.003406,0.000000,0.000000,0.000000,0.000000,0.000000,0.000000,0.000000
0.000000,0.000000,0.000000,0.000000,0.000000,0.000000,999.994399,999.993967,999.993925,999.993525,999.993538,999.993411,999.993148,999.993053,999.992910,999.992595,999.992336,999.992114,999.991761,999.991408,999.991017,999.990569,999.989910,999.989407,999.988698,999.987867,999.987108,999.986197,999.985070,999.984365,999.982961,999.981296,999.980498,999.979737,999.979312,999.979570,999.980189,999.981271,999.983252,999.985566,999.988267,999.990774,999.992971,999.994872,999.996494,999.997985,999.999189,999.999979,1000.000446,1000.000982,1000.001360,1000.001714,1000.002031,1000.002209,1000.002413,1000.002634,1000.002776,1000.002921,1000.003105,1000.003227,1000.003358,1000.003506,1000.003644,1000.003746,1000.003818,1000.003932,1000.003974,1000.003998,1000.004097,1000.004174,1000.004169,1000.004117,1000.004175,1000.004123,1000.004056,1000.004107,1000.004048,1000.003945,1000.003940,1000.003812,1000.003777,1000.003625,1000.003579,1000.003503,1000.003456,1000.003458,1000.003275,1000.003087,1000.003083,1000.003269,1000.003150,1000.003138,1000.003111,1000.002956,1000.003039,1000.003088,1000.003028,0.000000,0.000000,0.000000,0.000000,0.000000,0.000000
0.000000,0.000000,0.000000,0.000000,0.000000,0.000000,999.993487,999.994572,999.994131,999.993909,999.993961,999.993651,999.993562,999.993414,999.993180,999.992859,999.992547,999.992371,999.991973,999.991589,999.991138,999.990514,999.990017,999.989389,999.988561,999.987763,999.986842,999.985705,999.984491,999.983308,999.981296,999.980066,999.979239,999.977578,999.976433,999.976090,999.976512,999.978168,999.980771,999.984062,999.987462,999.990585,999.993661,999.996086,999.997632,999.998938,999.999967,1000.000672,1000.001190,1000.001641,1000.001947,1000.002222,1000.002400,1000.002509,1000.002667,1000.002867,1000.003002,1000.003055,1000.003229,1000.003361,1000.003423,1000.003586,1000.003703,1000.003785,1000.003849,1000.003944,1000.004094,1000.004038,1000.004103,1000.004184,1000.004186,1000.004193,1000.004182,1000.004172,1000.004088,1000.004045,1000.003986,1000.003982,1000.004000,1000.003833,1000.003729,1000.003687,1000.003678,1000.003509,1000.003359,1000.003342,1000.003424,1000.003313,1000.003078,1000.003111,1000.003035,1000.003015,1000.003115,1000.002886,1000.002994,1000.002944,1000.003236,0.000000,0.000000,0.000000,0.000000,0.000000,0.000000
0.000000,0.000000,0.000000,0.000000,0.000000,999.995484,999.995079,999.994653,999.994379,999.994507,999.994258,999.994025,999.993887,999.993484,999.993386,999.993160,999.992876,999.992562,999.992098,999.991787,999.991207,999.990601,999.990200,999.989426,999.988567,999.987651,999.986663,999.985336,999.984047,999.982503,999.980498,999.979239,999.976828,999.973590,999.972383,999.971810,999.972217,999.974631,999.978047,999.982089,999.986673,999.990834,999.994430,999.997310,999.999187,1000.000373,1000.001135,1000.001704,1000.002135,1000.002402,1000.002529,1000.002688,1000.002765,1000.002928,1000.002992,1000.003076,1000.003167,1000.003259,1000.003355,1000.003483,1000.003536,1000.003663,1000.003725,1000.003780,1000.003874,1000.003946,1000.004054,1000.004120,1000.004061,1000.004099,1000.004181,1000.004129,1000.004141,1000.004176,1000.004148,1000.004112,1000.003997,1000.003905,1000.003918,1000.003822,1000.003773,1000.003675,1000.003584,1000.003506,1000.003463,1000.003289,1000.003197,1000.003322,1000.003168,1000.003108,1000.003072,1000.003035,1000.003091,1000.002892,1000.002970,1000.002987,1000.002860,1000.002871,0.000000,0.000000,0.000000,0.000000,0.000000
0.000000,0.000000,0.000000,0.000000,0.000000,999.994556,999.995298,999.995021,999.995014,999.994669,999.994377,999.994249,999.994051,999.993875,999.993715,999.993456,999.993147,999.992694,999.992343,999.992008,999.991481,999.990948,999.990304,999.989454,999.988660,999.987744,999.986594,999.985197,999.983886,999.981925,999.979737,999.977578,999.973590,999.970910,999.969145,999.966492,999.966724,999.969427,999.973894,999.980653,999.987382,999.992761,999.996738,999.999240,1000.000933,1000.002081,1000.002636,1000.002943,1000.003127,1000.003161,1000.003214,1000.003271,1000.003273,1000.003309,1000.003332,1000.003328,1000.003354,1000.003444,1000.003486,1000.003561,1000.003642,1000.003696,1000.003803,1000.003909,1000.003931,1000.004001,1000.004011,1000.004107,1000.004147,1000.004099,1000.004185,1000.004200,1000.004096,1000.004110,1000.004109,1000.004078,1000.004013,1000.003966,1000.003870,1000.003715,1000.003713,1000.003690,1000.003545,1000.003462,1000.003483,1000.003323,1000.003191,1000.003190,1000.003077,1000.003065,1000.002992,1000.002950,1000.002969,1000.002900,1000.002882,1000.002936,1000.002838,1000.003193,0.000000,0.000000,0.000000,0.000000,0.000000
0.000000,0.000000,0.000000,0.000000,999.995932,999.995779,999.995662,999.995317,999.995121,999.994862,999.994727,999.994639,999.994502,999.994345,999.994026,999.993625,999.993389,999.993055,999.992625,999.992286,999.991797,999.991052,999.990428,999.989778,999.988915,999.987880,999.986651,999.985354,999.983755,999.981563,999.979312,999.976433,999.972383,999.969145,999.963358,999.956979,999.955407,999.958469,999.966212,999.977079,999.987916,999.996160,1000.000722,1000.002764,1000.003772,1000.004169,1000.004295,1000.004293,1000.004208,1000.004091,1000.004013,1000.003823,1000.003724,1000.003641,1000.003617,1000.003594,1000.003600,1000.003601,1000.003618,1000.003667,1000.003689,1000.003737,1000.003806,1000.003894,1000.003955,1000.004013,1000.004054,1000.004090,1000.004164,1000.004109,1000.004134,1000.004175,1000.004141,1000.004046,1000.004027,1000.003988,1000.003920,1000.003915,1000.003911,1000.003774,1000.003659,1000.003574,1000.003562,1000.003374,1000.003367,1000.003315,1000.003198,1000.003234,1000.003060,1000.003062,1000.002951,1000.002891,1000.002892,1000.002905,1000.002878,1000.002755,1000.002733,1000.002800,1000.002766,0.000000,0.000000,0.000000,0.000000
0.000000,0.000000,0.000000,0.000000,999.994974,999.995811,999.995665,999.995508,999.995402,999.995310,999.995254,999.995046,999.994669,999.994478,999.994204,999.993965,999.993811,999.993421,999.992953,999.992502,999.991994,999.991441,999.990878,999.990084,999.989202,999.988151,999.987001,999.985651,999.983929,999.981740,999.979570,999.976090,999.971810,999.966492,999.956979,999.946566,999.944545,999.952348,999.964210,999.979051,999.994361,1000.002823,1000.005575,1000.006975,1000.006983,1000.006641,1000.006223,1000.005815,1000.005410,1000.005028,1000.004739,1000.004442,1000.004244,1000.004065,1000.003953,1000.003830,1000.003822,1000.003796,1000.003771,1000.003801,1000.003836,1000.003859,1000.003904,1000.003915,1000.003921,1000.003994,1000.004030,1000.004014,1000.004126,1000.004084,1000.004064,1000.004094,1000.004081,1000.004091,1000.004035,1000.004011,1000.003885,1000.003801,1000.003805,1000.003724,1000.003654,1000.003542,1000.003458,1000.003420,1000.003317,1000.003214,1000.003148,1000.003120,1000.002986,1000.003001,1000.002973,1000.003001,1000.002860,1000.002769,1000.002909,1000.002863,1000.002807,1000.002880,1000.003115,0.000000,0.000000,0.000000,0.000000
