0.000000,0.000000,0.000000,0.000000,0.000000,0.000000,0.000000,0.000000,0.000000,0.000000,0.000000,0.000000,0.000000,0.000000,0.000000,0.000000,0.000000,0.000000,0.000000,0.000000,0.000000,0.000000,0.000000,0.000000,0.000000,0.000000,0.000000,0.000000,0.000000,0.000000,0.000000,0.000000,0.000000,0.000000,0.000000,0.000000,0.000000,0.000000,0.000000,0.000000,0.000000,0.000000,0.000000,0.000000,0.000000,0.000000,0.000000,0.000000,0.000000,0.000000,0.000000,0.000000,0.000000,0.000000,0.000000,0.000000,0.000000,0.000000,0.000000,0.000000,0.000000,0.000000,0.000000,0.000000,0.000000,0.000000,0.000000,0.000000,0.000000,0.000000,0.000000,0.000000,0.000000,0.000000,0.000000,0.000000,0.000000,0.000000,0.000000,0.000000,0.000000,0.000000,0.000000,0.000000,0.000000,0.000000,0.000000,0.000000,0.000000,0.000000,0.000000,0.000000,0.000000,0.000000,0.000000,0.000000,0.000000,0.000000,0.000000,0.000000,0.000000,0.000000,0.000000
0.000000,0.000000,0.000000,0.000000,0.000000,0.000000,0.000000,0.000000,0.000000,0.000000,0.000000,0.000000,0.000000,0.000000,0.000000,0.000000,0.000000,0.000000,0.000000,0.000000,0.000000,0.000000,0.000000,0.000000,0.000000,0.000000,0.000000,0.000000,0.000000,0.000000,0.000000,0.000000,0.000000,0.000000,0.000000,0.000000,0.000000,0.000000,0.000000,0.000000,0.000000,0.000000,0.000000,0.000000,0.000000,0.000000,0.000000,0.000000,0.000000,0.000000,0.000000,999.996715,0.000000,0.000000,0.000000,0.000000,0.000000,0.000000,0.000000,0.000000,0.000000,0.000000,0.000000,0.000000,0.000000,0.000000,0.000000,0.000000,0.000000,0.000000,0.000000,0.000000,0.000000,0.000000,0.000000,0.000000,0.000000,0.000000,0.000000,0.000000,0.000000,0.000000,0.000000,0.000000,0.000000,0.000000,0.000000,0.000000,0.000000,0.000000,0.000000,0.000000,0.000000,0.000000,0.000000,0.000000,0.000000,0.000000,0.000000,0.000000,0.000000,0.000000,0.000000
0.000000,0.000000,0.000000,0.000000,0.000000,0.000000,0.000000,0.000000,0.000000,0.000000,0.000000,0.000000,0.000000,0.000000,0.000000,0.000000,0.000000,0.000000,0.000000,0.000000,0.000000,0.000000,0.000000,0.000000,0.000000,0.000000,0.000000,0.000000,0.000000,0.000000,0.000000,0.000000,0.000000,0.000000,0.000000,0.000000,0.000000,0.000000,0.000000,0.000000,0.000000,0.000000,999.994484,999.993221,999.993220,999.993800,999.994374,999.994751,999.995457,999.996126,999.996757,999.996972,999.997243,999.997740,999.998445,999.998910,999.999206,999.999491,999.999850,999.999763,999.999130,0.000000,0.000000,0.000000,0.000000,0.000000,0.000000,0.000000,0.000000,0.000000,0.000000,0.000000,0.000000,0.000000,0.000000,0.000000,0.000000,0.000000,0.000000,0.000000,0.000000,0.000000,0.000000,0.000000,0.000000,0.000000,0.000000,0.000000,0.000000,0.000000,0.000000,0.000000,0.000000,0.000000,0.000000,0.000000,0.000000,0.000000,0.000000,0.000000,0.000000,0.000000,0.000000
0.000000,0.000000,0.000000,0.000000,0.000000,0.000000,0.000000,0.000000,0.000000,0.000000,0.000000,0.000000,0.000000,0.000000,0.000000,0.000000,0.000000,0.000000,0.000000,0.000000,0.000000,0.000000,0.000000,0.000000,0.000000,0.000000,0.000000,0.000000,0.000000,0.000000,0.000000,0.000000,0.000000,0.000000,0.000000,0.000000,0.000000,999.991485,999.989957,999.990207,999.990945,999.992297,999.993957,999.993769,999.993612,999.994012,999.994372,999.994889,999.995305,999.995921,999.996668,999.996938,999.997157,999.997693,999.998159,999.998547,999.998986,999.999336,999.999430,999.999415,999.999371,1000.000290,1000.001079,1000.001416,1000.001495,1000.000777,0.000000,0.000000,0.000000,0.000000,0.000000,0.000000,0.000000,0.000000,0.000000,0.000000,0.000000,0.000000,0.000000,0.000000,0.000000,0.000000,0.000000,0.000000,0.000000,0.000000,0.000000,0.000000,0.000000,0.000000,0.000000,0.000000,0.000000,0.000000,0.000000,0.000000,0.000000,0.000000,0.000000,0.000000,0.000000,0.000000,0.000000
0.000000,0.000000,0.000000,0.000000,0.000000,0.000000,0.000000,0.000000,0.000000,0.000000,0.000000,0.000000,0.000000,0.000000,0.000000,0.000000,0.000000,0.000000,0.000000,0.000000,0.000000,0.000000,0.000000,0.000000,0.000000,0.000000,0.000000,0.000000,0.000000,0.000000,0.000000,0.000000,0.000000,0.000000,999.989582,999.988489,999.989396,999.990935,999.990999,999.990849,999.991293,999.992410,999.993116,999.993354,999.993746,999.994042,999.994384,999.995004,999.995334,999.995906,999.996347,999.996756,999.997311,999.997708,999.998118,999.998466,999.998868,999.999183,999.999507,999.999702,999.999669,1000.000311,1000.000907,1000.001061,1000.001125,1000.001089,1000.001836,1000.002101,1000.001624,0.000000,0.000000,0.000000,0.000000,0.000000,0.000000,0.000000,0.000000,0.000000,0.000000,0.000000,0.000000,0.000000,0.000000,0.000000,0.000000,0.000000,0.000000,0.000000,0.000000,0.000000,0.000000,0.000000,0.000000,0.000000,0.000000,0.000000,0.000000,0.000000,0.000000,0.000000,0.000000,0.000000,0.000000
0.000000,0.000000,0.000000,0.000000,0.000000,0.000000,0.000000,0.000000,0.000000,0.000000,0.000000,0.000000,0.000000,0.000000,0.000000,0.000000,0.000000,0.000000,0.000000,0.000000,0.000000,0.000000,0.000000,0.000000,0.000000,0.000000,0.000000,0.000000,0.000000,0.000000,0.000000,0.000000,999.988861,999.987980,999.989286,999.989355,999.989938,999.990310,999.990635,999.991073,999.991554,999.992278,999.992785,999.993191,999.993701,999.994068,999.994414,999.995002,999.995488,999.996034,999.996295,999.996753,999.997258,999.997815,999.998167,999.998510,999.998798,999.999101,999.999373,999.999772,1000.000010,1000.000265,1000.000650,1000.000851,1000.001108,1000.001257,1000.001389,1000.001811,1000.001788,1000.002384,1000.001921,0.000000,0.000000,0.000000,0.000000,0.000000,0.000000,0.000000,0.000000,0.000000,0.000000,0.000000,0.000000,0.000000,0.000000,0.000000,0.000000,0.000000,0.000000,0.000000,0.000000,0.000000,0.000000,0.000000,0.000000,0.000000,0.000000,0.000000,0.000000,0.000000,0.000000,0.000000,0.000000
0.000000,0.000000,0.000000,0.000000,0.000000,0.000000,0.000000,0.000000,0.000000,0.000000,0.000000,0.000000,0.000000,0.000000,0.000000,0.000000,0.000000,0.000000,0.000000,0.000000,0.000000,0.000000,0.000000,0.000000,0.000000,0.000000,0.000000,0.000000,0.000000,0.000000,999.987585,999.986636,999.988289,999.988784,999.989048,999.989375,999.989783,999.990127,999.990674,999.991160,999.991509,999.992081,999.992544,999.993123,999.993626,999.994080,999.994480,999.994841,999.995354,999.995864,999.996358,999.996739,999.997055,999.997629,999.998001,999.998393,999.998727,999.999153,999.999268,999.999619,1000.000076,1000.000364,1000.000613,1000.000887,1000.001152,1000.001402,1000.001478,1000.001852,1000.001862,1000.001918,1000.002263,1000.002757,1000.002472,0.000000,0.000000,0.000000,0.000000,0.000000,0.000000,0.000000,0.000000,0.000000,0.000000,0.000000,0.000000,0.000000,0.000000,0.000000,0.000000,0.000000,0.000000,0.000000,0.000000,0.000000,0.000000,0.000000,0.000000,0.000000,0.000000,0.000000,0.000000,0.000000,0.000000
0.000000,0.000000,0.000000,0.000000,0.000000,0.000000,0.000000,0.000000,0.000000,0.000000,0.000000,0.000000,0.000000,0.000000,0.000000,0.000000,0.000000,0.000000,0.000000,0.000000,0.000000,0.000000,0.000000,0.000000,0.000000,0.000000,0.000000,0.000000,999.986134,999.985340,999.987058,999.987695,999.988028,999.988474,999.988736,999.989409,999.989661,999.990138,999.990750,999.991023,999.991567,999.992038,999.992528,999.993034,999.993639,999.993904,999.994593,999.994912,999.995339,999.995782,999.996381,999.996818,999.997257,999.997643,999.997980,999.998345,999.998801,999.999231,999.999544,999.999683,1000.000019,1000.000297,1000.000706,1000.000884,1000.001126,1000.001405,1000.001588,1000.001717,1000.002005,1000.002137,1000.002338,1000.002546,1000.002724,1000.003216,1000.002957,0.000000,0.000000,0.000000,0.000000,0.000000,0.000000,0.000000,0.000000,0.000000,0.000000,0.000000,0.000000,0.000000,0.000000,0.000000,0.000000,0.000000,0.000000,0.000000,0.000000,0.000000,0.000000,0.000000,0.000000,0.000000,0.000000,0.000000,0.000000
0.000000,0.000000,0.000000,0.000000,0.000000,0.000000,0.000000,0.000000,0.000000,0.000000,0.000000,0.000000,0.000000,0.000000,0.000000,0.000000,0.000000,0.000000,0.000000,0.000000,0.000000,0.000000,0.000000,0.000000,0.000000,0.000000,999.985001,999.984368,999.985879,999.986524,999.986910,999.987269,999.987680,999.988243,999.988724,999.989220,999.989536,999.990004,999.990471,999.990795,999.991527,999.992101,999.992476,999.993011,999.993463,999.993858,999.994552,999.994980,999.995518,999.995827,999.996332,999.996877,999.997339,999.997684,999.998044,999.998451,999.998820,999.999090,999.999607,999.999871,1000.000152,1000.000362,1000.000705,1000.000912,1000.001116,1000.001463,1000.001638,1000.001742,1000.002015,1000.002220,1000.002458,1000.002593,1000.002785,1000.002906,1000.003070,1000.003558,1000.003320,0.000000,0.000000,0.000000,0.000000,0.000000,0.000000,0.000000,0.000000,0.000000,0.000000,0.000000,0.000000,0.000000,0.000000,0.000000,0.000000,0.000000,0.000000,0.000000,0.000000,0.000000,0.000000,0.000000,0.000000,0.000000,0.000000
0.000000,0.000000,0.000000,0.000000,0.000000,0.000000,0.000000,0.000000,0.000000,0.000000,0.000000,0.000000,0.000000,0.000000,0.000000,0.000000,0.000000,0.000000,0.000000,0.000000,0.000000,0.000000,0.000000,0.000000,999.984148,999.983580,999.984803,999.985335,999.985808,999.986263,999.986556,999.987089,999.987732,999.988106,999.988563,999.988971,999.989425,999.990041,999.990472,999.990946,999.991480,999.991935,999.992403,999.993015,999.993466,999.994037,999.994433,999.994920,999.995496,999.995950,999.996364,999.996833,999.997265,999.997621,999.998094,999.998635,999.998924,999.999016,999.999452,999.999836,1000.000204,1000.000505,1000.000648,1000.000970,1000.001163,1000.001477,1000.001768,1000.001929,1000.002124,1000.002162,1000.002369,1000.002659,1000.002882,1000.002992,1000.003147,1000.003295,1000.003435,1000.003662,1000.003591,0.000000,0.000000,0.000000,0.000000,0.000000,0.000000,0.000000,0.000000,0.000000,0.000000,0.000000,0.000000,0.000000,0.000000,0.000000,0.000000,0.000000,0.000000,0.000000,0.000000,0.000000,0.000000,0.000000,0.000000
0.000000,0.000000,0.000000,0.000000,0.000000,0.000000,0.000000,0.000000,0.000000,0.000000,0.000000,0.000000,0.000000,0.000000,0.000000,0.000000,0.000000,0.000000,0.000000,0.000000,0.000000,0.000000,0.000000,999.984214,999.984088,999.984490,999.984890,999.985324,999.985532,999.986048,999.986507,999.987059,999.987598,999.987953,999.988383,999.988875,999.989304,999.989940,999.990303,999.990893,999.991346,999.991851,999.992385,999.992978,999.993451,999.994008,999.994508,999.995004,999.995532,999.996017,999.996430,999.996988,999.997345,999.997778,999.998241,999.998584,999.998963,999.999370,999.999680,999.999945,1000.000211,1000.000509,1000.000810,1000.001130,1000.001379,1000.001347,1000.001713,1000.001915,1000.002137,1000.002382,1000.002457,1000.002596,1000.002836,1000.003023,1000.003139,1000.003293,1000.003463,1000.003510,1000.003680,1000.003560,0.000000,0.000000,0.000000,0.000000,0.000000,0.000000,0.000000,0.000000,0.000000,0.000000,0.000000,0.000000,0.000000,0.000000,0.000000,0.000000,0.000000,0.000000,0.000000,0.000000,0.000000,0.000000,0.000000
0.000000,0.000000,0.000000,0.000000,0.000000,0.000000,0.000000,0.000000,0.000000,0.000000,0.000000,0.000000,0.000000,0.000000,0.000000,0.000000,0.000000,0.000000,0.000000,0.000000,0.000000,999.982857,999.982640,999.983923,999.984255,999.984526,999.984843,999.985219,999.985512,999.986104,999.986454,999.986982,999.987370,999.987752,999.988313,999.988843,999.989315,999.989771,999.990237,999.990810,999.991403,999.991855,999.992471,999.992894,999.993420,999.993985,999.994585,999.995064,999.995576,999.996024,999.996498,999.997001,999.997387,999.997931,999.998292,999.998589,999.998926,999.999520,999.999792,1000.000131,1000.000317,1000.000686,1000.000937,1000.001197,1000.001459,1000.001642,1000.001809,1000.001982,1000.002182,1000.002478,1000.002668,1000.002709,1000.002851,1000.003030,1000.003223,1000.003343,1000.003444,1000.003471,1000.003680,1000.003716,1000.003999,1000.003917,0.000000,0.000000,0.000000,0.000000,0.000000,0.000000,0.000000,0.000000,0.000000,0.000000,0.000000,0.000000,0.000000,0.000000,0.000000,0.000000,0.000000,0.000000,0.000000,0.000000,0.000000
0.000000,0.000000,0.000000,0.000000,0.000000,0.000000,0.000000,0.000000,0.000000,0.000000,0.000000,0.000000,0.000000,0.000000,0.000000,0.000000,0.000000,0.000000,0.000000,0.000000,999.983123,999.983116,999.983411,999.983800,999.984069,999.984416,999.984748,999.984991,999.985616,999.986005,999.986367,999.986772,999.987210,999.987622,999.988215,999.988680,999.989192,999.989700,999.990249,999.990771,999.991333,999.991810,999.992441,999.992885,999.993586,999.994166,999.994565,999.995140,999.995597,999.996194,999.996686,999.997098,999.997559,999.998031,999.998447,999.998891,999.999249,999.999490,999.999805,1000.000160,1000.000480,1000.000784,1000.000999,1000.001194,1000.001370,1000.001798,1000.001955,1000.002127,1000.002235,1000.002345,1000.002613,1000.002753,1000.002959,1000.003126,1000.003173,1000.003374,1000.003467,1000.003516,1000.003657,1000.003769,1000.003835,1000.004015,1000.003830,0.000000,0.000000,0.000000,0.000000,0.000000,0.000000,0.000000,0.000000,0.000000,0.000000,0.000000,0.000000,0.000000,0.000000,0.000000,0.000000,0.000000,0.000000,0.000000,0.000000
0.000000,0.000000,0.000000,0.000000,0.000000,0.000000,0.000000,0.000000,0.000000,0.000000,0.000000,0.000000,0.000000,0.000000,0.000000,0.000000,0.000000,0.000000,0.000000,999.982744,999.983037,999.983291,999.983503,999.983642,999.984045,999.984476,999.984722,999.985110,999.985557,999.985772,999.986143,999.986635,999.987109,999.987619,999.988147,999.988571,999.989012,999.989598,999.990134,999.990622,999.991248,999.991864,999.992401,999.993040,999.993575,999.994151,999.994607,999.995238,999.995661,999.996354,999.996831,999.997258,999.997663,999.998099,999.998570,999.998900,999.999373,999.999709,999.999975,1000.000370,1000.000655,1000.000857,1000.001240,1000.001437,1000.001666,1000.001809,1000.002056,1000.002269,1000.002491,1000.002520,1000.002704,1000.002909,1000.002949,1000.003175,1000.003162,1000.003308,1000.003513,1000.003556,1000.003699,1000.003830,1000.003765,1000.003910,1000.004062,1000.004018,0.000000,0.000000,0.000000,0.000000,0.000000,0.000000,0.000000,0.000000,0.000000,0.000000,0.000000,0.000000,0.000000,0.000000,0.000000,0.000000,0.000000,0.000000,0.000000
0.000000,0.000000,0.000000,0.000000,0.000000,0.000000,0.000000,0.000000,0.000000,0.000000,0.000000,0.000000,0.000000,0.000000,0.000000,0.000000,0.000000,0.000000,999.982737,999.982845,999.983093,999.983320,999.983450,999.983701,999.984133,999.984457,999.984696,999.985050,999.985317,999.985621,999.986155,999.986681,999.987056,999.987486,999.987935,999.988355,999.989012,999.989553,999.990101,999.990679,999.991291,999.991797,999.992427,999.993018,999.993602,999.994146,999.994781,999.995389,999.995887,999.996431,999.996851,999.997358,999.997952,999.998369,999.998733,999.999130,999.999421,999.999909,1000.000213,1000.000517,1000.000782,1000.001028,1000.001278,1000.001541,1000.001778,1000.001934,1000.002044,1000.002272,1000.002526,1000.002692,1000.002809,1000.002963,1000.003046,1000.003235,1000.003398,1000.003464,1000.003542,1000.003587,1000.003681,1000.003819,1000.003870,1000.003815,1000.003987,1000.004105,1000.003981,0.000000,0.000000,0.000000,0.000000,0.000000,0.000000,0.000000,0.000000,0.000000,0.000000,0.000000,0.000000,0.000000,0.000000,0.000000,0.000000,0.000000,0.000000
0.000000,0.000000,0.000000,0.000000,0.000000,0.000000,0.000000,0.000000,0.000000,0.000000,0.000000,0.000000,0.000000,0.000000,0.000000,0.000000,0.000000,999.982301,999.982620,999.982862,999.983044,999.983285,999.983476,999.983834,999.984156,999.984232,999.984489,999.984833,999.985158,999.985687,999.986153,999.986497,999.986854,999.987249,999.987779,999.988355,999.988868,999.989396,999.990006,999.990623,999.991214,999.991775,999.992420,999.993070,999.993684,999.994234,999.994911,999.995459,999.996103,999.996593,999.997072,999.997633,999.998123,999.998549,999.998982,999.999406,999.999798,1000.000067,1000.000458,1000.000624,1000.001005,1000.001326,1000.001504,1000.001739,1000.001904,1000.002197,1000.002321,1000.002420,1000.002572,1000.002761,1000.002910,1000.002992,1000.003090,1000.003223,1000.003361,1000.003456,1000.003559,1000.003598,1000.003677,1000.003819,1000.003894,1000.003919,1000.003909,1000.003959,1000.004153,1000.004177,0.000000,0.000000,0.000000,0.000000,0.000000,0.000000,0.000000,0.000000,0.000000,0.000000,0.000000,0.000000,0.000000,0.000000,0.000000,0.000000,0.000000
0.000000,0.000000,0.000000,0.000000,0.000000,0.000000,0.000000,0.000000,0.000000,0.000000,0.000000,0.000000,0.000000,0.000000,0.000000,0.000000,999.982405,999.982528,999.982799,999.982964,999.983151,999.983429,999.983587,999.983882,999.984026,999.984150,999.984579,999.984927,999.985300,999.985618,999.985797,999.986153,999.986590,999.987215,999.987769,999.988296,999.988785,999.989338,999.989945,999.990506,999.991203,999.991899,999.992518,999.993174,999.993773,999.994471,999.995101,999.995638,999.996221,999.996770,999.997384,999.997853,999.998265,999.998720,999.999127,999.999562,999.999910,1000.000296,1000.000627,1000.000904,1000.001176,1000.001438,1000.001661,1000.001896,1000.002082,1000.002282,1000.002551,1000.002609,1000.002721,1000.002906,1000.003077,1000.003175,1000.003308,1000.003322,1000.003400,1000.003441,1000.003628,1000.003714,1000.003776,1000.003777,1000.003916,1000.004020,1000.004051,1000.004008,1000.004035,1000.004173,1000.004093,0.000000,0.000000,0.000000,0.000000,0.000000,0.000000,0.000000,0.000000,0.000000,0.000000,0.000000,0.000000,0.000000,0.000000,0.000000,0.000000
0.000000,0.000000,0.000000,0.000000,0.000000,0.000000,0.000000,0.000000,0.000000,0.000000,0.000000,0.000000,0.000000,0.000000,0.000000,999.982301,999.982528,999.982779,999.982988,999.983079,999.983255,999.983423,999.983611,999.983719,999.983895,999.984216,999.984556,999.984797,999.985028,999.985278,999.985623,999.986147,999.986663,999.987068,999.987465,999.988029,999.988573,999.989216,999.989917,999.990461,999.991121,999.991827,999.992514,999.993246,999.993862,999.994590,999.995181,999.995864,999.996440,999.996908,999.997584,999.998064,999.998639,999.999068,999.999493,999.999897,1000.000195,1000.000593,1000.000865,1000.001283,1000.001477,1000.001647,1000.001831,1000.002103,1000.002294,1000.002430,1000.002592,1000.002779,1000.002862,1000.002981,1000.003089,1000.003192,1000.003316,1000.003453,1000.003587,1000.003616,1000.003658,1000.003698,1000.003849,1000.003800,1000.003785,1000.004024,1000.003975,1000.004089,1000.004073,1000.004215,1000.004117,1000.004142,0.000000,0.000000,0.000000,0.000000,0.000000,0.000000,0.000000,0.000000,0.000000,0.000000,0.000000,0.000000,0.000000,0.000000,0.000000
0.000000,0.000000,0.000000,0.000000,0.000000,0.000000,0.000000,0.000000,0.000000,0.000000,0.000000,0.000000,0.000000,0.000000,999.982737,999.982620,999.982799,999.982988,999.982999,999.983019,999.983297,999.983439,999.983556,999.983690,999.983979,999.984253,999.984401,999.984517,999.984847,999.985219,999.985628,999.986172,999.986361,999.986838,999.987383,999.987854,999.988447,999.989197,999.989745,999.990504,999.991199,999.991870,999.992594,999.993304,999.994037,999.994703,999.995307,999.996076,999.996697,999.997297,999.997926,999.998419,999.998847,999.999301,999.999739,1000.000158,1000.000557,1000.000843,1000.001082,1000.001439,1000.001691,1000.001915,1000.002169,1000.002339,1000.002531,1000.002685,1000.002812,1000.002962,1000.003141,1000.003169,1000.003252,1000.003348,1000.003431,1000.003492,1000.003579,1000.003730,1000.003660,1000.003714,1000.003795,1000.003901,1000.003812,1000.003923,1000.004007,1000.003997,1000.003986,1000.004101,1000.004178,1000.004152,1000.004113,0.000000,0.000000,0.000000,0.000000,0.000000,0.000000,0.000000,0.000000,0.000000,0.000000,0.000000,0.000000,0.000000,0.000000
0.000000,0.000000,0.000000,0.000000,0.000000,0.000000,0.000000,0.000000,0.000000,0.000000,0.000000,0.000000,0.000000,999.982744,999.982845,999.982862,999.982964,999.983079,999.983019,999.983166,999.983452,999.983572,999.983592,999.983814,999.984101,999.984100,999.984255,999.984476,999.984934,999.985032,999.985476,999.985707,999.986027,999.986688,999.987222,999.987750,999.988399,999.988953,999.989560,999.990414,999.991200,999.991905,999.992619,999.993422,999.994200,999.994978,999.995661,999.996358,999.997001,999.997664,999.998116,999.998694,999.999171,999.999715,1000.000140,1000.000537,1000.000861,1000.001203,1000.001498,1000.001655,1000.001943,1000.002246,1000.002455,1000.002544,1000.002634,1000.002864,1000.003038,1000.003116,1000.003227,1000.003296,1000.003424,1000.003515,1000.003572,1000.003555,1000.003611,1000.003696,1000.003824,1000.003823,1000.003828,1000.003986,1000.003947,1000.003884,1000.003988,1000.004044,1000.003998,1000.003969,1000.004144,1000.004150,1000.004148,1000.003953,0.000000,0.000000,0.000000,0.000000,0.000000,0.000000,0.000000,0.000000,0.000000,0.000000,0.000000,0.000000,0.000000
0.000000,0.000000,0.000000,0.000000,0.000000,0.000000,0.000000,0.000000,0.000000,0.000000,0.000000,0.000000,999.983123,999.983037,999.983093,999.983044,999.983151,999.983255,999.983297,999.983452,999.983602,999.983478,999.983524,999.983755,999.983851,999.983927,999.984195,999.984418,999.984592,999.984871,999.985170,999.985460,999.985957,999.986421,999.986862,999.987414,999.988153,999.988801,999.989536,999.990368,999.991056,999.991892,999.992761,999.993600,999.994394,999.995143,999.995958,999.996620,999.997311,999.997947,999.998504,999.999076,999.999645,999.999994,1000.000515,1000.000846,1000.001196,1000.001509,1000.001937,1000.002098,1000.002295,1000.002518,1000.002678,1000.002919,1000.003002,1000.003100,1000.003189,1000.003291,1000.003393,1000.003486,1000.003529,1000.003652,1000.003708,1000.003736,1000.003800,1000.003726,1000.003811,1000.003925,1000.003808,1000.003892,1000.004009,1000.003950,1000.003969,1000.004070,1000.004089,1000.003969,1000.003950,1000.004058,1000.004112,1000.004060,1000.004133,0.000000,0.000000,0.000000,0.000000,0.000000,0.000000,0.000000,0.000000,0.000000,0.000000,0.000000,0.000000
0.000000,0.000000,0.000000,0.000000,0.000000,0.000000,0.000000,0.000000,0.000000,0.000000,0.000000,999.982857,999.983116,999.983291,999.983320,999.983285,999.983429,999.983423,999.983439,999.983572,999.983478,999.983565,999.983670,999.983851,999.983824,999.983973,999.984102,999.984227,999.984414,999.984653,999.984877,999.985303,999.985691,999.986166,999.986607,999.987247,999.987963,999.988634,999.989487,999.990241,999.991007,999.992003,999.992921,999.993691,999.994614,999.995367,999.996249,999.996893,999.997669,999.998354,999.998998,999.999575,1000.000095,1000.000487,1000.000910,1000.001281,1000.001629,1000.001883,1000.002189,1000.002465,1000.002677,1000.002788,1000.002921,1000.003145,1000.003295,1000.003351,1000.003460,1000.003535,1000.003592,1000.003742,1000.003675,1000.003742,1000.003743,1000.003854,1000.003897,1000.003970,1000.003880,1000.003956,1000.003974,1000.003886,1000.003962,1000.003980,1000.003898,1000.003910,1000.004027,1000.004110,1000.004013,1000.003919,1000.003974,1000.004039,1000.003961,1000.003951,0.000000,0.000000,0.000000,0.000000,0.000000,0.000000,0.000000,0.000000,0.000000,0.000000,0.000000
0.000000,0.000000,0.000000,0.000000,0.000000,0.000000,0.000000,0.000000,0.000000,0.000000,0.000000,999.982640,999.983411,999.983503,999.983450,999.983476,999.983587,999.983611,999.983556,999.983592,999.983524,999.983670,999.983839,999.983770,999.983674,999.983874,999.983924,999.984046,999.984292,999.984421,999.984696,999.984919,999.985365,999.985750,999.986312,999.986910,999.987567,999.988316,999.989203,999.990055,999.991037,999.992056,999.992974,999.993898,999.994840,999.995766,999.996606,999.997443,999.998191,999.998792,999.999410,999.999909,1000.000456,1000.001009,1000.001411,1000.001728,1000.002095,1000.002388,1000.002584,1000.002810,1000.003039,1000.003221,1000.003311,1000.003460,1000.003549,1000.003643,1000.003685,1000.003815,1000.003812,1000.003868,1000.003890,1000.003938,1000.003918,1000.003903,1000.003895,1000.003927,1000.003923,1000.003970,1000.003989,1000.003926,1000.003985,1000.004004,1000.004062,1000.003885,1000.003890,1000.003904,1000.004045,1000.004029,1000.003973,1000.003940,1000.003943,1000.004144,0.000000,0.000000,0.000000,0.000000,0.000000,0.000000,0.000000,0.000000,0.000000,0.000000,0.000000
0.000000,0.000000,0.000000,0.000000,0.000000,0.000000,0.000000,0.000000,0.000000,0.000000,999.984214,999.983923,999.983800,999.983642,999.983701,999.983834,999.983882,999.983719,999.983690,999.983814,999.983755,999.983851,999.983770,999.983577,999.983778,999.983864,999.983814,999.983900,999.983978,999.984010,999.984263,999.984629,999.984907,999.985322,999.985923,999.986563,999.987242,999.988123,999.989001,999.990024,999.991061,999.992028,999.993050,999.994162,999.995181,999.996037,999.997030,999.997844,999.998588,999.999307,1000.000023,1000.000524,1000.001064,1000.001505,1000.001870,1000.002198,1000.002544,1000.002820,1000.003065,1000.003207,1000.003396,1000.003553,1000.003673,1000.003747,1000.003866,1000.003966,1000.003953,1000.004001,1000.004019,1000.004035,1000.004027,1000.004167,1000.004103,1000.004094,1000.004084,1000.004106,1000.004036,1000.003999,1000.004064,1000.003996,1000.004008,1000.003948,1000.004011,1000.004081,1000.003989,1000.003938,1000.003791,1000.003901,1000.003930,1000.004009,1000.003878,1000.003877,1000.003771,0.000000,0.000000,0.000000,0.000000,0.000000,0.000000,0.000000,0.000000,0.000000,0.000000
0.000000,0.000000,0.000000,0.000000,0.000000,0.000000,0.000000,0.000000,0.000000,999.984148,999.984088,999.984255,999.984069,999.984045,999.984133,999.984156,999.984026,999.983895,999.983979,999.984101,999.983851,999.983824,999.983674,999.983778,999.983822,999.983681,999.983570,999.983676,999.983664,999.983785,999.984040,999.984256,999.984468,999.984886,999.985441,999.986098,999.986836,999.987790,999.988695,999.989765,999.990899,999.992053,999.993266,999.994414,999.995522,999.996553,999.997516,999.998302,999.999161,999.999903,1000.000527,1000.001200,1000.001659,1000.002025,1000.002451,1000.002858,1000.003136,1000.003281,1000.003560,1000.003670,1000.003856,1000.003978,1000.004086,1000.004120,1000.004139,1000.004215,1000.004263,1000.004233,1000.004280,1000.004278,1000.004227,1000.004263,1000.004253,1000.004173,1000.004153,1000.004182,1000.004217,1000.004093,1000.004093,1000.004038,1000.004096,1000.004010,1000.003822,1000.003937,1000.003946,1000.003979,1000.003881,1000.003785,1000.003757,1000.003807,1000.003832,1000.003865,1000.003844,1000.003638,0.000000,0.000000,0.000000,0.000000,0.000000,0.000000,0.000000,0.000000,0.000000
0.000000,0.000000,0.000000,0.000000,0.000000,0.000000,0.000000,0.000000,0.000000,999.983580,999.984490,999.984526,999.984416,999.984476,999.984457,999.984232,999.984150,999.984216,999.984253,999.984100,999.983927,999.983973,999.983874,999.983864,999.983681,999.983455,999.983552,999.983557,999.983481,999.983466,999.983520,999.983574,999.983846,999.984263,999.984787,999.985419,999.986291,999.987212,999.988316,999.989592,999.990860,999.992207,999.993439,999.994705,999.995784,999.997078,999.998076,999.999063,999.999909,1000.000621,1000.001167,1000.001772,1000.002230,1000.002646,1000.003057,1000.003412,1000.003656,1000.003866,1000.004041,1000.004180,1000.004338,1000.004402,1000.004459,1000.004503,1000.004527,1000.004539,1000.004568,1000.004537,1000.004560,1000.004470,1000.004455,1000.004381,1000.004419,1000.004361,1000.004270,1000.004219,1000.004199,1000.004099,1000.004118,1000.004007,1000.003979,1000.004107,1000.003960,1000.003897,1000.003825,1000.003822,1000.003935,1000.003848,1000.003742,1000.003759,1000.003630,1000.003647,1000.003775,1000.003890,0.000000,0.000000,0.000000,0.000000,0.000000,0.000000,0.000000,0.000000,0.000000
0.000000,0.000000,0.000000,0.000000,0.000000,0.000000,0.000000,0.000000,999.985001,999.984803,999.984890,999.984843,999.984748,999.984722,999.984696,999.984489,999.984579,999.984556,999.984401,999.984255,999.984195,999.984102,999.983924,999.983814,999.983570,999.983552,999.983504,999.983133,999.982996,999.982983,999.982997,999.983022,999.983323,999.983643,999.984039,999.984753,999.985614,999.986644,999.987945,999.989338,999.990735,999.992170,999.993687,999.995141,999.996451,999.997665,999.998677,999.999617,1000.000487,1000.001322,1000.001990,1000.002537,1000.003022,1000.003487,1000.003762,1000.003938,1000.004165,1000.004422,1000.004615,1000.004702,1000.004766,1000.004802,1000.004852,1000.004923,1000.004902,1000.004872,1000.004894,1000.004843,1000.004793,1000.004743,1000.004671,1000.004623,1000.004542,1000.004487,1000.004434,1000.004325,1000.004322,1000.004255,1000.004178,1000.004171,1000.004011,1000.003996,1000.003994,1000.003967,1000.003854,1000.003717,1000.003735,1000.003761,1000.003735,1000.003725,1000.003722,1000.003583,1000.003557,1000.003606,1000.003635,0.000000,0.000000,0.000000,0.000000,0.000000,0.000000,0.000000,0.000000
0.000000,0.000000,0.000000,0.000000,0.000000,0.000000,0.000000,0.000000,999.984368,999.985335,999.985324,999.985219,999.984991,999.985110,999.985050,999.984833,999.984927,999.984797,999.984517,999.984476,999.984418,999.984227,999.984046,999.983900,999.983676,999.983557,999.983133,999.982851,999.982925,999.982701,999.982447,999.982400,999.982411,999.982568,999.983081,999.983848,999.984746,999.985957,999.987399,999.988863,999.990512,999.992251,999.993960,999.995587,999.997101,999.998373,999.999588,1000.000617,1000.001459,1000.002129,1000.002812,1000.003300,1000.003778,1000.004149,1000.004482,1000.004710,1000.004875,1000.005050,1000.005143,1000.005291,1000.005292,1000.005364,1000.005297,1000.005306,1000.005347,1000.005188,1000.005143,1000.005087,1000.005047,1000.004970,1000.004908,1000.004812,1000.004753,1000.004613,1000.004585,1000.004483,1000.004386,1000.004304,1000.004204,1000.004177,1000.004080,1000.003962,1000.003845,1000.003876,1000.003907,1000.003842,1000.003707,1000.003613,1000.003587,1000.003604,1000.003600,1000.003531,1000.003578,1000.003493,1000.003667,0.000000,0.000000,0.000000,0.000000,0.000000,0.000000,0.000000,0.000000
0.000000,0.000000,0.000000,0.000000,0.000000,0.000000,0.000000,999.986134,999.985879,999.985808,999.985532,999.985512,999.985616,999.985557,999.985317,999.985158,999.985300,999.985028,999.984847,999.984934,999.984592,999.984414,999.984292,999.983978,999.983664,999.983481,999.982996,999.982925,999.982530,999.981892,999.981669,999.981586,999.981462,999.981649,999.982081,999.982654,999.983572,999.984935,999.986582,999.988362,999.990486,999.992610,999.994383,999.996163,999.997706,999.999076,1000.000412,1000.001566,1000.002455,1000.003116,1000.003712,1000.004200,1000.004621,1000.004941,1000.005162,1000.005506,1000.005628,1000.005709,1000.005739,1000.005780,1000.005812,1000.005849,1000.005793,1000.005698,1000.005668,1000.005635,1000.005548,1000.005409,1000.005335,1000.005220,1000.005096,1000.004984,1000.004903,1000.004816,1000.004671,1000.004539,1000.004488,1000.004424,1000.004209,1000.004144,1000.004142,1000.004090,1000.003898,1000.003767,1000.003734,1000.003695,1000.003655,1000.003604,1000.003508,1000.003416,1000.003459,1000.003405,1000.003422,1000.003441,1000.003391,1000.003236,0.000000,0.000000,0.000000,0.000000,0.000000,0.000000,0.000000
0.000000,0.000000,0.000000,0.000000,0.000000,0.000000,0.000000,999.985340,999.986524,999.986263,999.986048,999.986104,999.986005,999.985772,999.985621,999.985687,999.985618,999.985278,999.985219,999.985032,999.984871,999.984653,999.984421,999.984010,999.983785,999.983466,999.982983,999.982701,999.981892,999.981427,999.981363,999.980881,999.980372,999.980320,999.980443,999.980924,999.982107,999.983722,999.985623,999.987843,999.990188,999.992563,999.994885,999.996998,999.998947,1000.000490,1000.001617,1000.002563,1000.003458,1000.004201,1000.004750,1000.005263,1000.005556,1000.005872,1000.005981,1000.006187,1000.006300,1000.006363,1000.006418,1000.006383,1000.006339,1000.006317,1000.006292,1000.006200,1000.006091,1000.005965,1000.005856,1000.005759,1000.005618,1000.005520,1000.005353,1000.005203,1000.005058,1000.004956,1000.004840,1000.004680,1000.004478,1000.004497,1000.004369,1000.004173,1000.004072,1000.004080,1000.004003,1000.003851,1000.003743,1000.003607,1000.003591,1000.003587,1000.003423,1000.003435,1000.003382,1000.003275,1000.003195,1000.003147,1000.003116,1000.003512,0.000000,0.000000,0.000000,0.000000,0.000000,0.000000,0.000000
0.000000,0.000000,0.000000,0.000000,0.000000,0.000000,999.987585,999.987058,999.986910,999.986556,999.986507,999.986454,999.986367,999.986143,999.986155,999.986153,999.985797,999.985623,999.985628,999.985476,999.985170,999.984877,999.984696,999.984263,999.984040,999.983520,999.982997,999.982447,999.981669,999.981363,999.980591,999.979242,999.978776,999.978587,999.978550,999.979192,999.980367,999.981973,999.984320,999.987183,999.990125,999.993000,999.995661,999.997922,999.999941,1000.001708,1000.002998,1000.003980,1000.004792,1000.005384,1000.005907,1000.006286,1000.006554,1000.006749,1000.006930,1000.007033,1000.007046,1000.007097,1000.007083,1000.007067,1000.006964,1000.006877,1000.006782,1000.006626,1000.006539,1000.006399,1000.006214,1000.006031,1000.005891,1000.005747,1000.005631,1000.005430,1000.005267,1000.005075,1000.004958,1000.004819,1000.004616,1000.004463,1000.004404,1000.004288,1000.004038,1000.003912,1000.003881,1000.003763,1000.003736,1000.003647,1000.003416,1000.003424,1000.003396,1000.003280,1000.003275,1000.003168,1000.003176,1000.003154,1000.002978,1000.003007,1000.002808,0.000000,0.000000,0.000000,0.000000,0.000000,0.000000
0.000000,0.000000,0.000000,0.000000,0.000000,0.000000,999.986636,999.987695,999.987269,999.987089,999.987059,999.986982,999.986772,999.986635,999.986681,999.986497,999.986153,999.986147,999.986172,999.985707,999.985460,999.985303,999.984919,999.984629,999.984256,999.983574,999.983022,999.982400,999.981586,999.980881,999.979242,999.978331,999.978080,999.976962,999.976261,999.976438,999.977469,999.979431,999.982459,999.986179,999.989986,999.993623,999.997083,999.999756,1000.001610,1000.003172,1000.004488,1000.005536,1000.006211,1000.006730,1000.007133,1000.007399,1000.007546,1000.007723,1000.007831,1000.007851,1000.007831,1000.007784,1000.007728,1000.007638,1000.007557,1000.007420,1000.007264,1000.007055,1000.006905,1000.006781,1000.006617,1000.006432,1000.006220,1000.005988,1000.005826,1000.005627,1000.005460,1000.005247,1000.005097,1000.004947,1000.004780,1000.004543,1000.004376,1000.004328,1000.004107,1000.003974,1000.003927,1000.003701,1000.003545,1000.003553,1000.003398,1000.003210,1000.003273,1000.003197,1000.003075,1000.003015,1000.002967,1000.002931,1000.002844,1000.002742,1000.003094,0.000000,0.000000,0.000000,0.000000,0.000000,0.000000
0.000000,0.000000,0.000000,0.000000,0.000000,999.988861,999.988289,999.988028,999.987680,999.987732,999.987598,999.987370,999.987210,999.987109,999.987056,999.986854,999.986590,999.986663,999.986361,999.986027,999.985957,999.985691,999.985365,999.984907,999.984468,999.983846,999.983323,999.982411,999.981462,999.980372,999.978776,999.978080,999.976311,999.973519,999.972693,999.972751,999.973594,999.976387,999.980330,999.984831,999.989880,999.994490,999.998418,1000.001661,1000.003938,1000.005461,1000.006522,1000.007258,1000.007737,1000.008172,1000.008425,1000.008628,1000.008704,1000.008817,1000.008784,1000.008706,1000.008684,1000.008579,1000.008463,1000.008323,1000.008143,1000.007993,1000.007819,1000.007666,1000.007375,1000.007208,1000.006955,1000.006737,1000.006514,1000.006292,1000.006036,1000.005853,1000.005642,1000.005433,1000.005136,1000.005008,1000.004806,1000.004657,1000.004448,1000.004324,1000.004107,1000.003907,1000.003907,1000.003740,1000.003490,1000.003451,1000.003475,1000.003223,1000.003111,1000.002973,1000.002962,1000.002949,1000.002855,1000.002822,1000.002730,1000.002686,1000.002537,1000.002279,0.000000,0.000000,0.000000,0.000000,0.000000
0.000000,0.000000,0.000000,0.000000,0.000000,999.987980,999.988784,999.988474,999.988243,999.988106,999.987953,999.987752,999.987622,999.987619,999.987486,999.987249,999.987215,999.987068,999.986838,999.986688,999.986421,999.986166,999.985750,999.985322,999.984886,999.984263,999.983643,999.982568,999.981649,999.980320,999.978587,999.976962,999.973519,999.971236,999.970107,999.968037,999.968729,999.971944,999.976941,999.984058,999.991200,999.996983,1000.001350,1000.004354,1000.006433,1000.007789,1000.008650,1000.009143,1000.009519,1000.009746,1000.009807,1000.009838,1000.009873,1000.009813,1000.009731,1000.009588,1000.009521,1000.009364,1000.009163,1000.008991,1000.008727,1000.008537,1000.008303,1000.008102,1000.007831,1000.007598,1000.007333,1000.007084,1000.006854,1000.006612,1000.006354,1000.006063,1000.005789,1000.005619,1000.005367,1000.005101,1000.004869,1000.004655,1000.004492,1000.004306,1000.004201,1000.003903,1000.003742,1000.003671,1000.003462,1000.003278,1000.003289,1000.003142,1000.003024,1000.002948,1000.002836,1000.002786,1000.002564,1000.002655,1000.002527,1000.002496,1000.002458,1000.002676,0.000000,0.000000,0.000000,0.000000,0.000000
0.000000,0.000000,0.000000,0.000000,999.989582,999.989286,999.989048,999.988736,999.988724,999.988563,999.988383,999.988313,999.988215,999.988147,999.987935,999.987779,999.987769,999.987465,999.987383,999.987222,999.986862,999.986607,999.986312,999.985923,999.985441,999.984787,999.984039,999.983081,999.982081,999.980443,999.978550,999.976261,999.972693,999.970107,999.965038,999.959174,999.958109,999.961646,999.969774,999.980983,999.992311,1000.000978,1000.006057,1000.008583,1000.009924,1000.010599,1000.011055,1000.011259,1000.011382,1000.011322,1000.011254,1000.011154,1000.011037,1000.010853,1000.010680,1000.010507,1000.010316,1000.010095,1000.009870,1000.009643,1000.009410,1000.009122,1000.008878,1000.008558,1000.008283,1000.007986,1000.007735,1000.007392,1000.007116,1000.006801,1000.006524,1000.006326,1000.005968,1000.005669,1000.005491,1000.005266,1000.004952,1000.004764,1000.004528,1000.004188,1000.004176,1000.004003,1000.003663,1000.003624,1000.003501,1000.003199,1000.003037,1000.002953,1000.002933,1000.002784,1000.002664,1000.002687,1000.002527,1000.002496,1000.002308,1000.002243,1000.002336,1000.002126,1000.002038,0.000000,0.000000,0.000000,0.000000
0.000000,0.000000,0.000000,0.000000,999.988489,999.989355,999.989375,999.989409,999.989220,999.988971,999.988875,999.988843,999.988680,999.988571,999.988355,999.988355,999.988296,999.988029,999.987854,999.987750,999.987414,999.987247,999.986910,999.986563,999.986098,999.985419,999.984753,999.983848,999.982654,999.980924,999.979192,999.976438,999.972751,999.968037,999.959174,999.949200,999.947587,999.955820,999.968033,999.983374,999.999208,1000.008269,1000.011623,1000.013468,1000.013820,1000.013872,1000.013706,1000.013461,1000.013196,1000.012945,1000.012734,1000.012492,1000.012239,1000.011946,1000.011727,1000.011467,1000.011150,1000.010858,1000.010594,1000.010334,1000.010022,1000.009710,1000.009411,1000.009091,1000.008775,1000.008437,1000.008120,1000.007767,1000.007468,1000.007127,1000.006746,1000.006498,1000.006183,1000.005824,1000.005544,1000.005320,1000.005032,1000.004739,1000.004605,1000.004221,1000.004015,1000.003912,1000.003634,1000.003459,1000.003377,1000.003179,1000.003061,1000.002890,1000.002801,1000.002605,1000.002442,1000.002422,1000.002331,1000.002427,1000.002222,1000.002125,1000.002164,1000.002164,1000.002421,0.000000,0.000000,0.000000,0.000000
