0.000000,0.000000,0.000000,0.000000,0.000000,0.000000,0.000000,0.000000,0.000000,0.000000,0.000000,0.000000,0.000000,0.000000,0.000000,0.000000,0.000000,0.000000,0.000000,0.000000,0.000000,0.000000,0.000000,0.000000,0.000000,0.000000,0.000000,0.000000,0.000000,0.000000,0.000000,0.000000,0.000000,0.000000,0.000000,0.000000,0.000000,0.000000,0.000000,0.000000,0.000000,0.000000,0.000000,0.000000,0.000000,0.000000,0.000000,0.000000,0.000000,0.000000,0.000000,0.000000,0.000000,0.000000,0.000000,0.000000,0.000000,0.000000,0.000000,0.000000,0.000000,0.000000,0.000000,0.000000,0.000000,0.000000,0.000000,0.000000,0.000000,0.000000,0.000000,0.000000,0.000000,0.000000,0.000000,0.000000,0.000000,0.000000,0.000000,0.000000,0.000000,0.000000,0.000000,0.000000,0.000000,0.000000,0.000000,0.000000,0.000000,0.000000,0.000000,0.000000,0.000000,0.000000,0.000000,0.000000,0.000000,0.000000,0.000000,0.000000,0.000000,0.000000,0.000000
0.000000,0.000000,0.000000,0.000000,0.000000,0.000000,0.000000,0.000000,0.000000,0.000000,0.000000,0.000000,0.000000,0.000000,0.000000,0.000000,0.000000,0.000000,0.000000,0.000000,0.000000,0.000000,0.000000,0.000000,0.000000,0.000000,0.000000,0.000000,0.000000,0.000000,0.000000,0.000000,0.000000,0.000000,0.000000,0.000000,0.000000,0.000000,0.000000,0.000000,0.000000,0.000000,0.000000,0.000000,0.000000,0.000000,0.000000,0.000000,0.000000,0.000000,0.000000,1000.000454,0.000000,0.000000,0.000000,0.000000,0.000000,0.000000,0.000000,0.000000,0.000000,0.000000,0.000000,0.000000,0.000000,0.000000,0.000000,0.000000,0.000000,0.000000,0.000000,0.000000,0.000000,0.000000,0.000000,0.000000,0.000000,0.000000,0.000000,0.000000,0.000000,0.000000,0.000000,0.000000,0.000000,0.000000,0.000000,0.000000,0.000000,0.000000,0.000000,0.000000,0.000000,0.000000,0.000000,0.000000,0.000000,0.000000,0.000000,0.000000,0.000000,0.000000,0.000000
0.000000,0.000000,0.000000,0.000000,0.000000,0.000000,0.000000,0.000000,0.000000,0.000000,0.000000,0.000000,0.000000,0.000000,0.000000,0.000000,0.000000,0.000000,0.000000,0.000000,0.000000,0.000000,0.000000,0.000000,0.000000,0.000000,0.000000,0.000000,0.000000,0.000000,0.000000,0.000000,0.000000,0.000000,0.000000,0.000000,0.000000,0.000000,0.000000,0.000000,0.000000,0.000000,1000.000722,1000.000842,1000.000912,1000.000953,1000.000978,1000.000990,1000.000995,1000.000992,1000.000988,1000.001006,1000.000971,1000.000964,1000.000966,1000.000966,1000.000957,1000.000935,1000.000898,1000.000837,1000.000723,0.000000,0.000000,0.000000,0.000000,0.000000,0.000000,0.000000,0.000000,0.000000,0.000000,0.000000,0.000000,0.000000,0.000000,0.000000,0.000000,0.000000,0.000000,0.000000,0.000000,0.000000,0.000000,0.000000,0.000000,0.000000,0.000000,0.000000,0.000000,0.000000,0.000000,0.000000,0.000000,0.000000,0.000000,0.000000,0.000000,0.000000,0.000000,0.000000,0.000000,0.000000,0.000000
0.000000,0.000000,0.000000,0.000000,0.000000,0.000000,0.000000,0.000000,0.000000,0.000000,0.000000,0.000000,0.000000,0.000000,0.000000,0.000000,0.000000,0.000000,0.000000,0.000000,0.000000,0.000000,0.000000,0.000000,0.000000,0.000000,0.000000,0.000000,0.000000,0.000000,0.000000,0.000000,0.000000,0.000000,0.000000,0.000000,0.000000,1000.000667,1000.000843,1000.000988,1000.001106,1000.001201,1000.001292,1000.001370,1000.001432,1000.001475,1000.001500,1000.001513,1000.001518,1000.001521,1000.001517,1000.001520,1000.001513,1000.001511,1000.001505,1000.001497,1000.001484,1000.001459,1000.001416,1000.001356,1000.001279,1000.001193,1000.001104,1000.001000,1000.000869,1000.000698,0.000000,0.000000,0.000000,0.000000,0.000000,0.000000,0.000000,0.000000,0.000000,0.000000,0.000000,0.000000,0.000000,0.000000,0.000000,0.000000,0.000000,0.000000,0.000000,0.000000,0.000000,0.000000,0.000000,0.000000,0.000000,0.000000,0.000000,0.000000,0.000000,0.000000,0.000000,0.000000,0.000000,0.000000,0.000000,0.000000,0.000000
0.000000,0.000000,0.000000,0.000000,0.000000,0.000000,0.000000,0.000000,0.000000,0.000000,0.000000,0.000000,0.000000,0.000000,0.000000,0.000000,0.000000,0.000000,0.000000,0.000000,0.000000,0.000000,0.000000,0.000000,0.000000,0.000000,0.000000,0.000000,0.000000,0.000000,0.000000,0.000000,0.000000,0.000000,1000.000713,1000.000906,1000.001070,1000.001235,1000.001376,1000.001507,1000.001627,1000.001722,1000.001811,1000.001883,1000.001938,1000.001974,1000.001996,1000.002008,1000.002012,1000.002014,1000.002015,1000.002014,1000.002015,1000.002014,1000.002010,1000.002002,1000.001988,1000.001963,1000.001924,1000.001867,1000.001797,1000.001712,1000.001622,1000.001509,1000.001385,1000.001251,1000.001098,1000.000939,1000.000746,0.000000,0.000000,0.000000,0.000000,0.000000,0.000000,0.000000,0.000000,0.000000,0.000000,0.000000,0.000000,0.000000,0.000000,0.000000,0.000000,0.000000,0.000000,0.000000,0.000000,0.000000,0.000000,0.000000,0.000000,0.000000,0.000000,0.000000,0.000000,0.000000,0.000000,0.000000,0.000000,0.000000,0.000000
0.000000,0.000000,0.000000,0.000000,0.000000,0.000000,0.000000,0.000000,0.000000,0.000000,0.000000,0.000000,0.000000,0.000000,0.000000,0.000000,0.000000,0.000000,0.000000,0.000000,0.000000,0.000000,0.000000,0.000000,0.000000,0.000000,0.000000,0.000000,0.000000,0.000000,0.000000,0.000000,1000.000812,1000.001034,1000.001247,1000.001424,1000.001585,1000.001742,1000.001879,1000.002002,1000.002109,1000.002201,1000.002281,1000.002342,1000.002385,1000.002413,1000.002430,1000.002439,1000.002443,1000.002444,1000.002443,1000.002443,1000.002445,1000.002445,1000.002444,1000.002439,1000.002428,1000.002407,1000.002376,1000.002331,1000.002270,1000.002192,1000.002101,1000.001997,1000.001879,1000.001748,1000.001598,1000.001443,1000.001269,1000.001054,1000.000830,0.000000,0.000000,0.000000,0.000000,0.000000,0.000000,0.000000,0.000000,0.000000,0.000000,0.000000,0.000000,0.000000,0.000000,0.000000,0.000000,0.000000,0.000000,0.000000,0.000000,0.000000,0.000000,0.000000,0.000000,0.000000,0.000000,0.000000,0.000000,0.000000,0.000000,0.000000,0.000000
0.000000,0.000000,0.000000,0.000000,0.000000,0.000000,0.000000,0.000000,0.000000,0.000000,0.000000,0.000000,0.000000,0.000000,0.000000,0.000000,0.000000,0.000000,0.000000,0.000000,0.000000,0.000000,0.000000,0.000000,0.000000,0.000000,0.000000,0.000000,0.000000,0.000000,1000.000863,1000.001108,1000.001346,1000.001543,1000.001732,1000.001905,1000.002066,1000.002208,1000.002330,1000.002432,1000.002515,1000.002584,1000.002638,1000.002676,1000.002701,1000.002716,1000.002725,1000.002730,1000.002732,1000.002731,1000.002730,1000.002729,1000.002730,1000.002731,1000.002731,1000.002730,1000.002724,1000.002715,1000.002698,1000.002672,1000.002634,1000.002579,1000.002509,1000.002426,1000.002326,1000.002208,1000.002070,1000.001913,1000.001741,1000.001552,1000.001353,1000.001110,1000.000857,0.000000,0.000000,0.000000,0.000000,0.000000,0.000000,0.000000,0.000000,0.000000,0.000000,0.000000,0.000000,0.000000,0.000000,0.000000,0.000000,0.000000,0.000000,0.000000,0.000000,0.000000,0.000000,0.000000,0.000000,0.000000,0.000000,0.000000,0.000000,0.000000,0.000000
0.000000,0.000000,0.000000,0.000000,0.000000,0.000000,0.000000,0.000000,0.000000,0.000000,0.000000,0.000000,0.000000,0.000000,0.000000,0.000000,0.000000,0.000000,0.000000,0.000000,0.000000,0.000000,0.000000,0.000000,0.000000,0.000000,0.000000,0.000000,1000.000872,1000.001132,1000.001385,1000.001602,1000.001814,1000.002009,1000.002189,1000.002344,1000.002477,1000.002584,1000.002670,1000.002730,1000.002771,1000.002796,1000.002806,1000.002808,1000.002805,1000.002803,1000.002801,1000.002800,1000.002798,1000.002796,1000.002794,1000.002794,1000.002794,1000.002795,1000.002796,1000.002798,1000.002801,1000.002804,1000.002807,1000.002809,1000.002807,1000.002795,1000.002768,1000.002726,1000.002666,1000.002581,1000.002475,1000.002344,1000.002188,1000.002009,1000.001813,1000.001599,1000.001378,1000.001123,1000.000859,0.000000,0.000000,0.000000,0.000000,0.000000,0.000000,0.000000,0.000000,0.000000,0.000000,0.000000,0.000000,0.000000,0.000000,0.000000,0.000000,0.000000,0.000000,0.000000,0.000000,0.000000,0.000000,0.000000,0.000000,0.000000,0.000000,0.000000,0.000000
0.000000,0.000000,0.000000,0.000000,0.000000,0.000000,0.000000,0.000000,0.000000,0.000000,0.000000,0.000000,0.000000,0.000000,0.000000,0.000000,0.000000,0.000000,0.000000,0.000000,0.000000,0.000000,0.000000,0.000000,0.000000,0.000000,1000.000822,1000.001107,1000.001377,1000.001610,1000.001838,1000.002050,1000.002248,1000.002422,1000.002565,1000.002675,1000.002753,1000.002802,1000.002826,1000.002829,1000.002818,1000.002794,1000.002762,1000.002728,1000.002702,1000.002683,1000.002670,1000.002661,1000.002655,1000.002651,1000.002649,1000.002648,1000.002649,1000.002650,1000.002653,1000.002660,1000.002670,1000.002685,1000.002705,1000.002731,1000.002763,1000.002794,1000.002816,1000.002825,1000.002821,1000.002797,1000.002747,1000.002670,1000.002559,1000.002417,1000.002245,1000.002049,1000.001836,1000.001606,1000.001375,1000.001120,1000.000840,0.000000,0.000000,0.000000,0.000000,0.000000,0.000000,0.000000,0.000000,0.000000,0.000000,0.000000,0.000000,0.000000,0.000000,0.000000,0.000000,0.000000,0.000000,0.000000,0.000000,0.000000,0.000000,0.000000,0.000000,0.000000,0.000000
0.000000,0.000000,0.000000,0.000000,0.000000,0.000000,0.000000,0.000000,0.000000,0.000000,0.000000,0.000000,0.000000,0.000000,0.000000,0.000000,0.000000,0.000000,0.000000,0.000000,0.000000,0.000000,0.000000,0.000000,1000.000702,1000.001017,1000.001317,1000.001573,1000.001819,1000.002046,1000.002258,1000.002444,1000.002598,1000.002715,1000.002792,1000.002830,1000.002835,1000.002816,1000.002778,1000.002731,1000.002678,1000.002622,1000.002567,1000.002515,1000.002474,1000.002444,1000.002422,1000.002406,1000.002395,1000.002389,1000.002386,1000.002385,1000.002386,1000.002389,1000.002395,1000.002406,1000.002422,1000.002445,1000.002476,1000.002517,1000.002568,1000.002623,1000.002677,1000.002727,1000.002773,1000.002810,1000.002830,1000.002825,1000.002789,1000.002714,1000.002599,1000.002448,1000.002265,1000.002054,1000.001827,1000.001586,1000.001336,1000.001036,1000.000716,0.000000,0.000000,0.000000,0.000000,0.000000,0.000000,0.000000,0.000000,0.000000,0.000000,0.000000,0.000000,0.000000,0.000000,0.000000,0.000000,0.000000,0.000000,0.000000,0.000000,0.000000,0.000000,0.000000,0.000000
0.000000,0.000000,0.000000,0.000000,0.000000,0.000000,0.000000,0.000000,0.000000,0.000000,0.000000,0.000000,0.000000,0.000000,0.000000,0.000000,0.000000,0.000000,0.000000,0.000000,0.000000,0.000000,0.000000,1000.000854,1000.001191,1000.001478,1000.001753,1000.002005,1000.002235,1000.002434,1000.002598,1000.002722,1000.002801,1000.002835,1000.002828,1000.002790,1000.002732,1000.002662,1000.002586,1000.002508,1000.002435,1000.002366,1000.002303,1000.002246,1000.002199,1000.002162,1000.002133,1000.002111,1000.002096,1000.002087,1000.002083,1000.002082,1000.002084,1000.002089,1000.002098,1000.002113,1000.002134,1000.002164,1000.002201,1000.002248,1000.002305,1000.002368,1000.002436,1000.002507,1000.002582,1000.002658,1000.002729,1000.002790,1000.002832,1000.002841,1000.002810,1000.002734,1000.002612,1000.002449,1000.002250,1000.002020,1000.001770,1000.001494,1000.001201,1000.000851,0.000000,0.000000,0.000000,0.000000,0.000000,0.000000,0.000000,0.000000,0.000000,0.000000,0.000000,0.000000,0.000000,0.000000,0.000000,0.000000,0.000000,0.000000,0.000000,0.000000,0.000000,0.000000,0.000000
0.000000,0.000000,0.000000,0.000000,0.000000,0.000000,0.000000,0.000000,0.000000,0.000000,0.000000,0.000000,0.000000,0.000000,0.000000,0.000000,0.000000,0.000000,0.000000,0.000000,0.000000,1000.000641,1000.000992,1000.001328,1000.001624,1000.001903,1000.002168,1000.002397,1000.002580,1000.002715,1000.002800,1000.002835,1000.002824,1000.002774,1000.002698,1000.002608,1000.002513,1000.002419,1000.002326,1000.002238,1000.002157,1000.002084,1000.002019,1000.001961,1000.001912,1000.001870,1000.001836,1000.001810,1000.001792,1000.001781,1000.001775,1000.001774,1000.001777,1000.001784,1000.001796,1000.001813,1000.001838,1000.001872,1000.001914,1000.001964,1000.002022,1000.002088,1000.002160,1000.002239,1000.002325,1000.002418,1000.002514,1000.002613,1000.002707,1000.002785,1000.002837,1000.002850,1000.002816,1000.002731,1000.002595,1000.002411,1000.002184,1000.001919,1000.001636,1000.001335,1000.000999,1000.000645,0.000000,0.000000,0.000000,0.000000,0.000000,0.000000,0.000000,0.000000,0.000000,0.000000,0.000000,0.000000,0.000000,0.000000,0.000000,0.000000,0.000000,0.000000,0.000000,0.000000,0.000000
0.000000,0.000000,0.000000,0.000000,0.000000,0.000000,0.000000,0.000000,0.000000,0.000000,0.000000,0.000000,0.000000,0.000000,0.000000,0.000000,0.000000,0.000000,0.000000,0.000000,1000.000737,1000.001109,1000.001429,1000.001736,1000.002025,1000.002294,1000.002519,1000.002687,1000.002790,1000.002833,1000.002823,1000.002771,1000.002688,1000.002585,1000.002472,1000.002359,1000.002250,1000.002146,1000.002048,1000.001957,1000.001874,1000.001800,1000.001735,1000.001676,1000.001625,1000.001580,1000.001544,1000.001515,1000.001495,1000.001481,1000.001473,1000.001472,1000.001476,1000.001485,1000.001499,1000.001520,1000.001547,1000.001583,1000.001627,1000.001679,1000.001738,1000.001805,1000.001879,1000.001961,1000.002051,1000.002148,1000.002254,1000.002367,1000.002484,1000.002599,1000.002703,1000.002786,1000.002839,1000.002847,1000.002803,1000.002701,1000.002535,1000.002312,1000.002042,1000.001752,1000.001445,1000.001125,1000.000751,0.000000,0.000000,0.000000,0.000000,0.000000,0.000000,0.000000,0.000000,0.000000,0.000000,0.000000,0.000000,0.000000,0.000000,0.000000,0.000000,0.000000,0.000000,0.000000,0.000000
0.000000,0.000000,0.000000,0.000000,0.000000,0.000000,0.000000,0.000000,0.000000,0.000000,0.000000,0.000000,0.000000,0.000000,0.000000,0.000000,0.000000,0.000000,0.000000,1000.000820,1000.001196,1000.001523,1000.001830,1000.002124,1000.002386,1000.002602,1000.002752,1000.002825,1000.002827,1000.002777,1000.002691,1000.002582,1000.002460,1000.002334,1000.002209,1000.002089,1000.001975,1000.001868,1000.001769,1000.001678,1000.001595,1000.001521,1000.001455,1000.001395,1000.001342,1000.001296,1000.001258,1000.001229,1000.001207,1000.001191,1000.001182,1000.001180,1000.001185,1000.001195,1000.001211,1000.001234,1000.001263,1000.001301,1000.001346,1000.001399,1000.001459,1000.001526,1000.001601,1000.001684,1000.001775,1000.001875,1000.001983,1000.002099,1000.002222,1000.002350,1000.002477,1000.002598,1000.002706,1000.002791,1000.002840,1000.002839,1000.002768,1000.002621,1000.002407,1000.002147,1000.001854,1000.001549,1000.001221,1000.000843,0.000000,0.000000,0.000000,0.000000,0.000000,0.000000,0.000000,0.000000,0.000000,0.000000,0.000000,0.000000,0.000000,0.000000,0.000000,0.000000,0.000000,0.000000,0.000000
0.000000,0.000000,0.000000,0.000000,0.000000,0.000000,0.000000,0.000000,0.000000,0.000000,0.000000,0.000000,0.000000,0.000000,0.000000,0.000000,0.000000,0.000000,1000.000878,1000.001262,1000.001598,1000.001911,1000.002209,1000.002462,1000.002660,1000.002789,1000.002835,1000.002802,1000.002716,1000.002601,1000.002471,1000.002336,1000.002200,1000.002067,1000.001939,1000.001816,1000.001700,1000.001593,1000.001494,1000.001403,1000.001321,1000.001246,1000.001179,1000.001118,1000.001064,1000.001019,1000.000981,1000.000951,1000.000928,1000.000912,1000.000902,1000.000900,1000.000904,1000.000914,1000.000932,1000.000956,1000.000988,1000.001027,1000.001073,1000.001127,1000.001187,1000.001255,1000.001330,1000.001413,1000.001504,1000.001604,1000.001712,1000.001829,1000.001953,1000.002083,1000.002217,1000.002352,1000.002486,1000.002615,1000.002730,1000.002815,1000.002850,1000.002808,1000.002682,1000.002487,1000.002237,1000.001942,1000.001631,1000.001294,1000.000905,0.000000,0.000000,0.000000,0.000000,0.000000,0.000000,0.000000,0.000000,0.000000,0.000000,0.000000,0.000000,0.000000,0.000000,0.000000,0.000000,0.000000,0.000000
0.000000,0.000000,0.000000,0.000000,0.000000,0.000000,0.000000,0.000000,0.000000,0.000000,0.000000,0.000000,0.000000,0.000000,0.000000,0.000000,0.000000,1000.000906,1000.001304,1000.001651,1000.001973,1000.002276,1000.002528,1000.002710,1000.002813,1000.002832,1000.002774,1000.002660,1000.002518,1000.002369,1000.002221,1000.002077,1000.001937,1000.001802,1000.001672,1000.001549,1000.001433,1000.001325,1000.001226,1000.001135,1000.001052,1000.000977,1000.000909,1000.000848,1000.000795,1000.000749,1000.000712,1000.000681,1000.000658,1000.000642,1000.000633,1000.000630,1000.000633,1000.000644,1000.000662,1000.000687,1000.000720,1000.000760,1000.000807,1000.000861,1000.000922,1000.000990,1000.001065,1000.001148,1000.001239,1000.001338,1000.001445,1000.001560,1000.001684,1000.001815,1000.001951,1000.002091,1000.002235,1000.002383,1000.002532,1000.002673,1000.002786,1000.002846,1000.002830,1000.002730,1000.002553,1000.002305,1000.002006,1000.001685,1000.001336,1000.000930,0.000000,0.000000,0.000000,0.000000,0.000000,0.000000,0.000000,0.000000,0.000000,0.000000,0.000000,0.000000,0.000000,0.000000,0.000000,0.000000,0.000000
0.000000,0.000000,0.000000,0.000000,0.000000,0.000000,0.000000,0.000000,0.000000,0.000000,0.000000,0.000000,0.000000,0.000000,0.000000,0.000000,1000.000912,1000.001323,1000.001681,1000.002013,1000.002320,1000.002572,1000.002745,1000.002826,1000.002820,1000.002741,1000.002611,1000.002451,1000.002284,1000.002122,1000.001967,1000.001820,1000.001678,1000.001543,1000.001413,1000.001290,1000.001174,1000.001066,1000.000966,1000.000874,1000.000790,1000.000715,1000.000648,1000.000588,1000.000535,1000.000490,1000.000451,1000.000421,1000.000397,1000.000381,1000.000372,1000.000368,1000.000372,1000.000382,1000.000400,1000.000426,1000.000459,1000.000500,1000.000548,1000.000602,1000.000664,1000.000732,1000.000807,1000.000890,1000.000980,1000.001077,1000.001183,1000.001298,1000.001420,1000.001551,1000.001687,1000.001829,1000.001978,1000.002133,1000.002296,1000.002462,1000.002620,1000.002750,1000.002830,1000.002840,1000.002764,1000.002596,1000.002348,1000.002043,1000.001713,1000.001353,1000.000934,0.000000,0.000000,0.000000,0.000000,0.000000,0.000000,0.000000,0.000000,0.000000,0.000000,0.000000,0.000000,0.000000,0.000000,0.000000,0.000000
0.000000,0.000000,0.000000,0.000000,0.000000,0.000000,0.000000,0.000000,0.000000,0.000000,0.000000,0.000000,0.000000,0.000000,0.000000,1000.000908,1000.001324,1000.001691,1000.002031,1000.002345,1000.002598,1000.002765,1000.002830,1000.002800,1000.002703,1000.002561,1000.002393,1000.002215,1000.002041,1000.001875,1000.001718,1000.001569,1000.001427,1000.001291,1000.001162,1000.001038,1000.000922,1000.000814,1000.000714,1000.000621,1000.000538,1000.000463,1000.000396,1000.000336,1000.000283,1000.000238,1000.000199,1000.000168,1000.000144,1000.000128,1000.000118,1000.000115,1000.000118,1000.000129,1000.000148,1000.000173,1000.000206,1000.000247,1000.000294,1000.000349,1000.000411,1000.000480,1000.000556,1000.000638,1000.000727,1000.000823,1000.000928,1000.001042,1000.001164,1000.001294,1000.001430,1000.001573,1000.001724,1000.001883,1000.002050,1000.002224,1000.002399,1000.002566,1000.002708,1000.002809,1000.002842,1000.002782,1000.002619,1000.002371,1000.002061,1000.001723,1000.001355,1000.000934,0.000000,0.000000,0.000000,0.000000,0.000000,0.000000,0.000000,0.000000,0.000000,0.000000,0.000000,0.000000,0.000000,0.000000,0.000000
0.000000,0.000000,0.000000,0.000000,0.000000,0.000000,0.000000,0.000000,0.000000,0.000000,0.000000,0.000000,0.000000,0.000000,1000.000889,1000.001308,1000.001682,1000.002031,1000.002353,1000.002610,1000.002774,1000.002830,1000.002785,1000.002670,1000.002513,1000.002338,1000.002155,1000.001974,1000.001798,1000.001631,1000.001474,1000.001325,1000.001183,1000.001047,1000.000917,1000.000793,1000.000677,1000.000569,1000.000469,1000.000378,1000.000295,1000.000220,1000.000152,1000.000092,1000.000039,999.999993,999.999954,999.999923,999.999899,999.999883,999.999873,999.999869,999.999873,999.999884,999.999902,999.999928,999.999961,1000.000001,1000.000048,1000.000103,1000.000165,1000.000234,1000.000310,1000.000392,1000.000481,1000.000577,1000.000681,1000.000794,1000.000916,1000.001046,1000.001183,1000.001327,1000.001478,1000.001638,1000.001807,1000.001981,1000.002160,1000.002340,1000.002514,1000.002673,1000.002793,1000.002842,1000.002791,1000.002630,1000.002380,1000.002064,1000.001718,1000.001342,1000.000915,0.000000,0.000000,0.000000,0.000000,0.000000,0.000000,0.000000,0.000000,0.000000,0.000000,0.000000,0.000000,0.000000,0.000000
0.000000,0.000000,0.000000,0.000000,0.000000,0.000000,0.000000,0.000000,0.000000,0.000000,0.000000,0.000000,0.000000,1000.000835,1000.001268,1000.001653,1000.002012,1000.002343,1000.002608,1000.002777,1000.002830,1000.002776,1000.002649,1000.002480,1000.002294,1000.002105,1000.001917,1000.001734,1000.001558,1000.001392,1000.001235,1000.001086,1000.000944,1000.000808,1000.000678,1000.000555,1000.000440,1000.000332,1000.000233,1000.000142,1000.000059,999.999984,999.999916,999.999855,999.999801,999.999755,999.999717,999.999685,999.999662,999.999645,999.999634,999.999631,999.999635,999.999646,999.999664,999.999690,999.999722,999.999762,999.999810,999.999864,999.999926,999.999995,1000.000071,1000.000154,1000.000244,1000.000340,1000.000444,1000.000557,1000.000678,1000.000807,1000.000945,1000.001090,1000.001242,1000.001400,1000.001567,1000.001741,1000.001921,1000.002104,1000.002291,1000.002478,1000.002652,1000.002785,1000.002843,1000.002795,1000.002633,1000.002376,1000.002051,1000.001693,1000.001306,1000.000864,0.000000,0.000000,0.000000,0.000000,0.000000,0.000000,0.000000,0.000000,0.000000,0.000000,0.000000,0.000000,0.000000
0.000000,0.000000,0.000000,0.000000,0.000000,0.000000,0.000000,0.000000,0.000000,0.000000,0.000000,0.000000,1000.000740,1000.001197,1000.001599,1000.001972,1000.002317,1000.002595,1000.002772,1000.002829,1000.002773,1000.002638,1000.002460,1000.002265,1000.002068,1000.001873,1000.001683,1000.001499,1000.001325,1000.001161,1000.001004,1000.000854,1000.000712,1000.000576,1000.000447,1000.000324,1000.000210,1000.000103,1000.000005,999.999914,999.999832,999.999757,999.999688,999.999626,999.999572,999.999526,999.999487,999.999455,999.999431,999.999414,999.999403,999.999399,999.999403,999.999414,999.999433,999.999459,999.999492,999.999532,999.999580,999.999634,999.999696,999.999765,999.999841,999.999924,1000.000014,1000.000111,1000.000216,1000.000329,1000.000449,1000.000578,1000.000715,1000.000859,1000.001012,1000.001170,1000.001336,1000.001508,1000.001687,1000.001873,1000.002064,1000.002261,1000.002460,1000.002644,1000.002784,1000.002845,1000.002794,1000.002625,1000.002355,1000.002015,1000.001642,1000.001239,1000.000781,0.000000,0.000000,0.000000,0.000000,0.000000,0.000000,0.000000,0.000000,0.000000,0.000000,0.000000,0.000000
0.000000,0.000000,0.000000,0.000000,0.000000,0.000000,0.000000,0.000000,0.000000,0.000000,0.000000,1000.000625,1000.001101,1000.001519,1000.001908,1000.002272,1000.002568,1000.002761,1000.002827,1000.002774,1000.002637,1000.002452,1000.002249,1000.002045,1000.001844,1000.001646,1000.001456,1000.001274,1000.001101,1000.000937,1000.000779,1000.000629,1000.000487,1000.000351,1000.000222,1000.000100,999.999987,999.999882,999.999784,999.999695,999.999612,999.999537,999.999468,999.999406,999.999351,999.999304,999.999264,999.999232,999.999207,999.999189,999.999177,999.999174,999.999178,999.999189,999.999208,999.999234,999.999268,999.999309,999.999357,999.999412,999.999474,999.999543,999.999619,999.999702,999.999793,999.999890,999.999996,1000.000108,1000.000228,1000.000356,1000.000492,1000.000636,1000.000788,1000.000947,1000.001112,1000.001285,1000.001464,1000.001650,1000.001843,1000.002043,1000.002249,1000.002456,1000.002645,1000.002786,1000.002845,1000.002786,1000.002601,1000.002311,1000.001950,1000.001561,1000.001146,1000.000679,0.000000,0.000000,0.000000,0.000000,0.000000,0.000000,0.000000,0.000000,0.000000,0.000000,0.000000
0.000000,0.000000,0.000000,0.000000,0.000000,0.000000,0.000000,0.000000,0.000000,0.000000,0.000000,1000.000973,1000.001418,1000.001823,1000.002204,1000.002523,1000.002741,1000.002825,1000.002780,1000.002644,1000.002455,1000.002246,1000.002036,1000.001829,1000.001625,1000.001428,1000.001239,1000.001058,1000.000886,1000.000722,1000.000564,1000.000413,1000.000269,1000.000133,1000.000004,999.999883,999.999772,999.999668,999.999571,999.999482,999.999399,999.999324,999.999255,999.999192,999.999137,999.999088,999.999048,999.999015,999.998989,999.998970,999.998959,999.998956,999.998961,999.998972,999.998991,999.999017,999.999051,999.999092,999.999140,999.999196,999.999258,999.999327,999.999404,999.999488,999.999578,999.999676,999.999781,999.999894,1000.000014,1000.000141,1000.000277,1000.000421,1000.000572,1000.000731,1000.000897,1000.001070,1000.001250,1000.001436,1000.001629,1000.001830,1000.002037,1000.002249,1000.002461,1000.002653,1000.002794,1000.002844,1000.002767,1000.002557,1000.002241,1000.001862,1000.001459,1000.001022,0.000000,0.000000,0.000000,0.000000,0.000000,0.000000,0.000000,0.000000,0.000000,0.000000,0.000000
0.000000,0.000000,0.000000,0.000000,0.000000,0.000000,0.000000,0.000000,0.000000,0.000000,1000.000834,1000.001314,1000.001728,1000.002119,1000.002459,1000.002706,1000.002822,1000.002795,1000.002663,1000.002472,1000.002257,1000.002041,1000.001827,1000.001618,1000.001415,1000.001219,1000.001030,1000.000850,1000.000679,1000.000514,1000.000356,1000.000204,1000.000060,999.999923,999.999795,999.999675,999.999564,999.999461,999.999364,999.999275,999.999192,999.999116,999.999047,999.998984,999.998928,999.998879,999.998837,999.998803,999.998777,999.998758,999.998748,999.998746,999.998751,999.998764,999.998782,999.998808,999.998841,999.998882,999.998930,999.998985,999.999048,999.999118,999.999195,999.999279,999.999370,999.999468,999.999573,999.999685,999.999805,999.999933,1000.000069,1000.000212,1000.000364,1000.000523,1000.000690,1000.000863,1000.001043,1000.001230,1000.001422,1000.001622,1000.001830,1000.002044,1000.002262,1000.002479,1000.002673,1000.002809,1000.002842,1000.002733,1000.002489,1000.002152,1000.001763,1000.001351,1000.000871,0.000000,0.000000,0.000000,0.000000,0.000000,0.000000,0.000000,0.000000,0.000000,0.000000
0.000000,0.000000,0.000000,0.000000,0.000000,0.000000,0.000000,0.000000,0.000000,1000.000694,1000.001184,1000.001618,1000.002021,1000.002384,1000.002659,1000.002811,1000.002815,1000.002696,1000.002504,1000.002284,1000.002060,1000.001839,1000.001624,1000.001415,1000.001213,1000.001017,1000.000828,1000.000648,1000.000477,1000.000312,1000.000153,1000.000001,999.999857,999.999721,999.999594,999.999475,999.999363,999.999260,999.999163,999.999073,999.998990,999.998914,999.998844,999.998781,999.998725,999.998675,999.998634,999.998600,999.998573,999.998555,999.998546,999.998544,999.998550,999.998562,999.998580,999.998606,999.998638,999.998678,999.998726,999.998781,999.998844,999.998915,999.998992,999.999077,999.999168,999.999266,999.999371,999.999484,999.999604,999.999732,999.999867,1000.000010,1000.000162,1000.000322,1000.000489,1000.000662,1000.000842,1000.001030,1000.001223,1000.001422,1000.001630,1000.001845,1000.002066,1000.002291,1000.002513,1000.002708,1000.002831,1000.002831,1000.002682,1000.002409,1000.002050,1000.001648,1000.001213,1000.000718,0.000000,0.000000,0.000000,0.000000,0.000000,0.000000,0.000000,0.000000,0.000000
0.000000,0.000000,0.000000,0.000000,0.000000,0.000000,0.000000,0.000000,0.000000,1000.001016,1000.001479,1000.001903,1000.002294,1000.002601,1000.002787,1000.002828,1000.002735,1000.002551,1000.002327,1000.002096,1000.001868,1000.001645,1000.001429,1000.001221,1000.001019,1000.000822,1000.000632,1000.000452,1000.000280,1000.000115,999.999956,999.999804,999.999661,999.999527,999.999400,999.999281,999.999169,999.999064,999.998967,999.998876,999.998793,999.998716,999.998647,999.998584,999.998528,999.998480,999.998438,999.998405,999.998379,999.998361,999.998351,999.998349,999.998354,999.998365,999.998384,999.998409,999.998442,999.998482,999.998529,999.998585,999.998647,999.998718,999.998795,999.998880,999.998972,999.999071,999.999177,999.999290,999.999410,999.999537,999.999673,999.999816,999.999968,1000.000128,1000.000295,1000.000468,1000.000648,1000.000835,1000.001029,1000.001229,1000.001436,1000.001651,1000.001875,1000.002104,1000.002337,1000.002564,1000.002749,1000.002845,1000.002804,1000.002619,1000.002315,1000.001927,1000.001501,1000.001037,0.000000,0.000000,0.000000,0.000000,0.000000,0.000000,0.000000,0.000000,0.000000
0.000000,0.000000,0.000000,0.000000,0.000000,0.000000,0.000000,0.000000,1000.000833,1000.001324,1000.001758,1000.002170,1000.002519,1000.002750,1000.002830,1000.002766,1000.002602,1000.002382,1000.002146,1000.001911,1000.001681,1000.001458,1000.001242,1000.001033,1000.000830,1000.000632,1000.000443,1000.000262,1000.000090,999.999924,999.999765,999.999615,999.999473,999.999339,999.999212,999.999093,999.998980,999.998875,999.998777,999.998686,999.998602,999.998525,999.998456,999.998393,999.998339,999.998291,999.998250,999.998217,999.998192,999.998174,999.998163,999.998160,999.998164,999.998175,999.998194,999.998219,999.998252,999.998292,999.998340,999.998396,999.998458,999.998528,999.998606,999.998691,999.998784,999.998884,999.998990,999.999103,999.999223,999.999351,999.999486,999.999629,999.999781,999.999941,1000.000108,1000.000281,1000.000460,1000.000647,1000.000841,1000.001042,1000.001250,1000.001465,1000.001688,1000.001920,1000.002157,1000.002396,1000.002617,1000.002781,1000.002842,1000.002761,1000.002533,1000.002187,1000.001774,1000.001334,1000.000827,0.000000,0.000000,0.000000,0.000000,0.000000,0.000000,0.000000,0.000000
0.000000,0.000000,0.000000,0.000000,0.000000,0.000000,0.000000,0.000000,1000.001118,1000.001582,1000.002012,1000.002400,1000.002686,1000.002820,1000.002794,1000.002650,1000.002441,1000.002206,1000.001967,1000.001732,1000.001502,1000.001278,1000.001061,1000.000851,1000.000647,1000.000450,1000.000260,1000.000081,999.999908,999.999743,999.999584,999.999434,999.999292,999.999158,999.999031,999.998911,999.998799,999.998693,999.998595,999.998503,999.998418,999.998342,999.998272,999.998211,999.998156,999.998109,999.998070,999.998037,999.998012,999.997994,999.997983,999.997979,999.997983,999.997993,999.998011,999.998037,999.998070,999.998111,999.998159,999.998215,999.998277,999.998347,999.998425,999.998509,999.998602,999.998703,999.998810,999.998923,999.999044,999.999172,999.999307,999.999450,999.999602,999.999761,999.999927,1000.000100,1000.000279,1000.000466,1000.000661,1000.000862,1000.001071,1000.001287,1000.001509,1000.001739,1000.001978,1000.002220,1000.002457,1000.002666,1000.002806,1000.002829,1000.002695,1000.002410,1000.002022,1000.001587,1000.001115,0.000000,0.000000,0.000000,0.000000,0.000000,0.000000,0.000000,0.000000
0.000000,0.000000,0.000000,0.000000,0.000000,0.000000,0.000000,1000.000888,1000.001388,1000.001828,1000.002242,1000.002582,1000.002787,1000.002820,1000.002707,1000.002508,1000.002274,1000.002034,1000.001795,1000.001559,1000.001329,1000.001105,1000.000887,1000.000676,1000.000472,1000.000275,1000.000086,999.999907,999.999736,999.999570,999.999413,999.999263,999.999121,999.998986,999.998859,999.998739,999.998626,999.998521,999.998421,999.998329,999.998244,999.998167,999.998098,999.998037,999.997983,999.997936,999.997897,999.997865,999.997840,999.997822,999.997811,999.997806,999.997809,999.997819,999.997838,999.997863,999.997896,999.997937,999.997985,999.998041,999.998105,999.998175,999.998252,999.998336,999.998429,999.998529,999.998636,999.998751,999.998873,999.999001,999.999136,999.999279,999.999430,999.999588,999.999754,999.999926,1000.000105,1000.000293,1000.000488,1000.000690,1000.000900,1000.001115,1000.001337,1000.001566,1000.001804,1000.002047,1000.002292,1000.002525,1000.002721,1000.002831,1000.002795,1000.002590,1000.002250,1000.001830,1000.001378,1000.000859,0.000000,0.000000,0.000000,0.000000,0.000000,0.000000,0.000000
0.000000,0.000000,0.000000,0.000000,0.000000,0.000000,0.000000,1000.001147,1000.001617,1000.002051,1000.002438,1000.002714,1000.002827,1000.002769,1000.002591,1000.002359,1000.002114,1000.001870,1000.001629,1000.001393,1000.001162,1000.000937,1000.000719,1000.000508,1000.000304,1000.000108,999.999921,999.999742,999.999571,999.999407,999.999249,999.999100,999.998958,999.998823,999.998696,999.998576,999.998463,999.998357,999.998257,999.998165,999.998080,999.998003,999.997934,999.997872,999.997818,999.997771,999.997732,999.997701,999.997676,999.997657,999.997645,999.997640,999.997643,999.997654,999.997672,999.997697,999.997730,999.997771,999.997820,999.997876,999.997940,999.998011,999.998088,999.998172,999.998264,999.998363,999.998471,999.998586,999.998708,999.998837,999.998972,999.999114,999.999265,999.999423,999.999588,999.999759,999.999939,1000.000127,1000.000322,1000.000525,1000.000735,1000.000952,1000.001174,1000.001402,1000.001639,1000.001883,1000.002131,1000.002378,1000.002608,1000.002782,1000.002839,1000.002724,1000.002446,1000.002055,1000.001609,1000.001125,0.000000,0.000000,0.000000,0.000000,0.000000,0.000000,0.000000
0.000000,0.000000,0.000000,0.000000,0.000000,0.000000,1000.000884,1000.001391,1000.001838,1000.002257,1000.002597,1000.002795,1000.002816,1000.002682,1000.002461,1000.002212,1000.001961,1000.001714,1000.001471,1000.001235,1000.001003,1000.000778,1000.000560,1000.000349,1000.000145,999.999950,999.999763,999.999585,999.999415,999.999251,999.999094,999.998945,999.998803,999.998668,999.998540,999.998420,999.998306,999.998200,999.998101,999.998009,999.997924,999.997847,999.997778,999.997715,999.997661,999.997614,999.997575,999.997543,999.997518,999.997499,999.997487,999.997482,999.997485,999.997496,999.997514,999.997539,999.997572,999.997613,999.997662,999.997719,999.997783,999.997855,999.997932,999.998016,999.998107,999.998206,999.998313,999.998428,999.998551,999.998680,999.998815,999.998957,999.999107,999.999265,999.999429,999.999601,999.999781,999.999969,1000.000164,1000.000367,1000.000578,1000.000795,1000.001018,1000.001246,1000.001482,1000.001726,1000.001978,1000.002232,1000.002480,1000.002698,1000.002830,1000.002809,1000.002608,1000.002264,1000.001837,1000.001375,1000.000846,0.000000,0.000000,0.000000,0.000000,0.000000,0.000000
0.000000,0.000000,0.000000,0.000000,0.000000,0.000000,1000.001125,1000.001601,1000.002045,1000.002438,1000.002717,1000.002828,1000.002763,1000.002574,1000.002329,1000.002071,1000.001815,1000.001565,1000.001322,1000.001084,1000.000852,1000.000626,1000.000408,1000.000198,999.999995,999.999800,999.999614,999.999436,999.999266,999.999102,999.998946,999.998796,999.998654,999.998519,999.998391,999.998270,999.998157,999.998051,999.997952,999.997860,999.997776,999.997699,999.997629,999.997566,999.997511,999.997465,999.997425,999.997392,999.997366,999.997347,999.997336,999.997331,999.997334,999.997345,999.997364,999.997390,999.997423,999.997464,999.997512,999.997568,999.997633,999.997705,999.997783,999.997867,999.997958,999.998057,999.998163,999.998278,999.998401,999.998530,999.998665,999.998808,999.998957,999.999115,999.999278,999.999449,999.999630,999.999818,1000.000013,1000.000216,1000.000427,1000.000645,1000.000868,1000.001098,1000.001334,1000.001578,1000.001830,1000.002088,1000.002347,1000.002592,1000.002779,1000.002844,1000.002731,1000.002448,1000.002050,1000.001595,1000.001099,0.000000,0.000000,0.000000,0.000000,0.000000,0.000000
0.000000,0.000000,0.000000,0.000000,0.000000,1000.000843,1000.001352,1000.001808,1000.002239,1000.002588,1000.002793,1000.002816,1000.002680,1000.002454,1000.002196,1000.001934,1000.001675,1000.001424,1000.001179,1000.000940,1000.000708,1000.000483,1000.000265,1000.000055,999.999852,999.999658,999.999472,999.999295,999.999125,999.998961,999.998805,999.998655,999.998512,999.998377,999.998249,999.998128,999.998015,999.997909,999.997810,999.997718,999.997634,999.997557,999.997487,999.997424,999.997369,999.997322,999.997281,999.997248,999.997222,999.997203,999.997191,999.997187,999.997191,999.997202,999.997221,999.997247,999.997280,999.997321,999.997369,999.997425,999.997489,999.997561,999.997639,999.997725,999.997816,999.997914,999.998020,999.998134,999.998257,999.998386,999.998522,999.998665,999.998815,999.998971,999.999135,999.999306,999.999486,999.999675,999.999870,1000.000072,1000.000283,1000.000501,1000.000725,1000.000955,1000.001192,1000.001437,1000.001689,1000.001949,1000.002213,1000.002471,1000.002698,1000.002833,1000.002809,1000.002600,1000.002247,1000.001810,1000.001344,1000.000817,0.000000,0.000000,0.000000,0.000000,0.000000
0.000000,0.000000,0.000000,0.000000,0.000000,1000.001050,1000.001542,1000.002000,1000.002410,1000.002703,1000.002824,1000.002764,1000.002577,1000.002329,1000.002064,1000.001800,1000.001540,1000.001288,1000.001043,1000.000804,1000.000572,1000.000347,1000.000130,999.999919,999.999717,999.999523,999.999338,999.999161,999.998991,999.998828,999.998671,999.998521,999.998378,999.998242,999.998114,999.997993,999.997880,999.997774,999.997675,999.997583,999.997499,999.997421,999.997352,999.997289,999.997234,999.997186,999.997145,999.997112,999.997085,999.997066,999.997055,999.997051,999.997055,999.997066,999.997085,999.997111,999.997144,999.997185,999.997233,999.997288,999.997352,999.997423,999.997502,999.997587,999.997679,999.997777,999.997883,999.997997,999.998119,999.998249,999.998385,999.998528,999.998679,999.998836,999.998999,999.999170,999.999350,999.999539,999.999734,999.999936,1000.000146,1000.000364,1000.000588,1000.000818,1000.001056,1000.001302,1000.001555,1000.001815,1000.002081,1000.002346,1000.002595,1000.002783,1000.002841,1000.002716,1000.002420,1000.002008,1000.001546,1000.001045,0.000000,0.000000,0.000000,0.000000,0.000000
0.000000,0.000000,0.000000,0.000000,1000.000704,1000.001245,1000.001726,1000.002178,1000.002551,1000.002777,1000.002813,1000.002686,1000.002464,1000.002205,1000.001938,1000.001672,1000.001412,1000.001159,1000.000914,1000.000675,1000.000443,1000.000218,1000.000001,999.999790,999.999587,999.999395,999.999211,999.999035,999.998865,999.998702,999.998545,999.998394,999.998251,999.998115,999.997986,999.997865,999.997752,999.997646,999.997547,999.997455,999.997370,999.997293,999.997224,999.997161,999.997106,999.997058,999.997017,999.996983,999.996957,999.996938,999.996926,999.996922,999.996926,999.996937,999.996956,999.996982,999.997016,999.997056,999.997104,999.997159,999.997222,999.997293,999.997372,999.997457,999.997549,999.997647,999.997753,999.997867,999.997989,999.998119,999.998255,999.998398,999.998549,999.998707,999.998871,999.999042,999.999221,999.999409,999.999605,999.999807,1000.000017,1000.000235,1000.000459,1000.000689,1000.000926,1000.001172,1000.001426,1000.001687,1000.001954,1000.002222,1000.002482,1000.002705,1000.002831,1000.002791,1000.002561,1000.002187,1000.001737,1000.001261,1000.000735,0.000000,0.000000,0.000000,0.000000
0.000000,0.000000,0.000000,0.000000,1000.000900,1000.001417,1000.001896,1000.002332,1000.002660,1000.002812,1000.002772,1000.002593,1000.002349,1000.002085,1000.001816,1000.001550,1000.001291,1000.001038,1000.000793,1000.000554,1000.000322,1000.000097,999.999879,999.999668,999.999466,999.999274,999.999091,999.998915,999.998746,999.998583,999.998425,999.998274,999.998131,999.997994,999.997865,999.997744,999.997631,999.997524,999.997425,999.997334,999.997249,999.997172,999.997103,999.997041,999.996985,999.996937,999.996896,999.996862,999.996836,999.996817,999.996806,999.996802,999.996805,999.996816,999.996834,999.996860,999.996894,999.996934,999.996982,999.997038,999.997101,999.997171,999.997249,999.997334,999.997426,999.997525,999.997631,999.997745,999.997867,999.997996,999.998132,999.998276,999.998426,999.998584,999.998749,999.998921,999.999100,999.999287,999.999482,999.999684,999.999894,1000.000112,1000.000336,1000.000567,1000.000804,1000.001049,1000.001303,1000.001565,1000.001833,1000.002103,1000.002369,1000.002614,1000.002790,1000.002826,1000.002669,1000.002341,1000.001909,1000.001437,1000.000929,0.000000,0.000000,0.000000,0.000000
0.000000,0.000000,0.000000,0.000000,1000.001061,1000.001573,1000.002052,1000.002461,1000.002736,1000.002817,1000.002713,1000.002497,1000.002240,1000.001971,1000.001703,1000.001438,1000.001179,1000.000926,1000.000681,1000.000442,1000.000209,999.999984,999.999765,999.999554,999.999352,999.999161,999.998979,999.998803,999.998634,999.998470,999.998312,999.998161,999.998017,999.997881,999.997752,999.997631,999.997517,999.997410,999.997312,999.997220,999.997136,999.997059,999.996989,999.996927,999.996871,999.996822,999.996781,999.996748,999.996722,999.996704,999.996693,999.996689,999.996692,999.996703,999.996721,999.996747,999.996780,999.996821,999.996868,999.996923,999.996986,999.997057,999.997135,999.997220,999.997312,999.997410,999.997516,999.997630,999.997752,999.997881,999.998017,999.998161,999.998312,999.998470,999.998635,999.998807,999.998985,999.999172,999.999367,999.999569,999.999779,999.999997,1000.000222,1000.000453,1000.000690,1000.000934,1000.001188,1000.001449,1000.001718,1000.001990,1000.002260,1000.002518,1000.002730,1000.002830,1000.002746,1000.002471,1000.002066,1000.001594,1000.001093,0.000000,0.000000,0.000000,0.000000
0.000000,0.000000,0.000000,1000.000669,1000.001220,1000.001723,1000.002189,1000.002565,1000.002783,1000.002798,1000.002644,1000.002404,1000.002137,1000.001866,1000.001597,1000.001333,1000.001075,1000.000822,1000.000576,1000.000336,1000.000103,999.999877,999.999658,999.999448,999.999248,999.999057,999.998874,999.998698,999.998528,999.998363,999.998205,999.998054,999.997910,999.997773,999.997644,999.997524,999.997410,999.997304,999.997205,999.997113,999.997029,999.996952,999.996882,999.996819,999.996764,999.996715,999.996675,999.996642,999.996616,999.996598,999.996587,999.996584,999.996587,999.996598,999.996615,999.996641,999.996674,999.996714,999.996762,999.996817,999.996880,999.996950,999.997028,999.997113,999.997205,999.997304,999.997410,999.997524,999.997645,999.997774,999.997910,999.998054,999.998205,999.998363,999.998529,999.998700,999.998879,999.999065,999.999260,999.999461,999.999671,999.999889,1000.000114,1000.000346,1000.000584,1000.000828,1000.001081,1000.001342,1000.001611,1000.001884,1000.002158,1000.002425,1000.002662,1000.002811,1000.002794,1000.002576,1000.002203,1000.001744,1000.001252,1000.000712,0.000000,0.000000,0.000000
0.000000,0.000000,0.000000,1000.000839,1000.001358,1000.001856,1000.002307,1000.002648,1000.002807,1000.002761,1000.002570,1000.002315,1000.002042,1000.001768,1000.001500,1000.001237,1000.000979,1000.000726,1000.000478,1000.000237,1000.000003,999.999777,999.999560,999.999351,999.999151,999.998959,999.998775,999.998598,999.998428,999.998264,999.998106,999.997954,999.997809,999.997673,999.997545,999.997424,999.997311,999.997204,999.997105,999.997013,999.996929,999.996852,999.996782,999.996719,999.996664,999.996616,999.996576,999.996543,999.996518,999.996500,999.996489,999.996485,999.996489,999.996499,999.996517,999.996542,999.996575,999.996616,999.996663,999.996719,999.996781,999.996851,999.996929,999.997014,999.997106,999.997206,999.997312,999.997426,999.997546,999.997675,999.997811,999.997956,999.998107,999.998265,999.998430,999.998602,999.998781,999.998967,999.999160,999.999361,999.999571,999.999788,1000.000014,1000.000246,1000.000484,1000.000729,1000.000982,1000.001244,1000.001512,1000.001785,1000.002062,1000.002335,1000.002588,1000.002775,1000.002818,1000.002659,1000.002319,1000.001875,1000.001388,1000.000885,0.000000,0.000000,0.000000
0.000000,0.000000,0.000000,1000.000974,1000.001486,1000.001977,1000.002408,1000.002709,1000.002811,1000.002715,1000.002496,1000.002229,1000.001953,1000.001679,1000.001411,1000.001148,1000.000890,1000.000636,1000.000387,1000.000146,999.999911,999.999686,999.999469,999.999260,999.999060,999.998868,999.998682,999.998505,999.998336,999.998172,999.998013,999.997861,999.997717,999.997581,999.997453,999.997332,999.997219,999.997112,999.997012,999.996920,999.996836,999.996760,999.996690,999.996628,999.996572,999.996525,999.996485,999.996453,999.996427,999.996409,999.996398,999.996394,999.996397,999.996408,999.996425,999.996450,999.996483,999.996524,999.996572,999.996627,999.996690,999.996759,999.996837,999.996922,999.997015,999.997114,999.997221,999.997334,999.997455,999.997583,999.997720,999.997864,999.998016,999.998174,999.998339,999.998511,999.998690,999.998876,999.999069,999.999269,999.999478,999.999696,999.999921,1000.000153,1000.000392,1000.000638,1000.000891,1000.001153,1000.001421,1000.001695,1000.001973,1000.002250,1000.002515,1000.002730,1000.002822,1000.002717,1000.002417,1000.001992,1000.001512,1000.001019,0.000000,0.000000,0.000000
0.000000,0.000000,0.000000,1000.001083,1000.001603,1000.002084,1000.002492,1000.002751,1000.002801,1000.002664,1000.002424,1000.002151,1000.001873,1000.001598,1000.001329,1000.001065,1000.000807,1000.000552,1000.000304,1000.000062,999.999828,999.999602,999.999385,999.999177,999.998977,999.998783,999.998598,999.998420,999.998251,999.998087,999.997928,999.997776,999.997632,999.997496,999.997369,999.997248,999.997134,999.997027,999.996927,999.996836,999.996752,999.996676,999.996606,999.996544,999.996489,999.996441,999.996401,999.996369,999.996343,999.996324,999.996313,999.996309,999.996312,999.996323,999.996341,999.996365,999.996398,999.996438,999.996486,999.996542,999.996605,999.996675,999.996753,999.996838,999.996930,999.997030,999.997136,999.997250,999.997371,999.997499,999.997635,999.997780,999.997932,999.998090,999.998256,999.998428,999.998607,999.998793,999.998985,999.999185,999.999394,999.999611,999.999836,1000.000067,1000.000306,1000.000553,1000.000807,1000.001069,1000.001338,1000.001612,1000.001891,1000.002172,1000.002445,1000.002681,1000.002812,1000.002757,1000.002498,1000.002095,1000.001625,1000.001121,0.000000,0.000000,0.000000
0.000000,0.000000,0.000000,1000.001175,1000.001695,1000.002176,1000.002561,1000.002778,1000.002779,1000.002609,1000.002356,1000.002078,1000.001799,1000.001523,1000.001254,1000.000990,1000.000731,1000.000476,1000.000228,999.999986,999.999752,999.999526,999.999309,999.999101,999.998901,999.998707,999.998520,999.998343,999.998173,999.998009,999.997851,999.997699,999.997556,999.997420,999.997292,999.997171,999.997057,999.996950,999.996851,999.996759,999.996676,999.996599,999.996530,999.996468,999.996412,999.996365,999.996324,999.996291,999.996266,999.996247,999.996236,999.996232,999.996235,999.996245,999.996263,999.996288,999.996320,999.996359,999.996407,999.996463,999.996527,999.996598,999.996676,999.996761,999.996853,999.996953,999.997059,999.997173,999.997293,999.997421,999.997558,999.997702,999.997854,999.998013,999.998179,999.998352,999.998532,999.998717,999.998909,999.999109,999.999317,999.999534,999.999758,999.999989,1000.000228,1000.000476,1000.000731,1000.000993,1000.001262,1000.001537,1000.001817,1000.002100,1000.002378,1000.002627,1000.002790,1000.002783,1000.002567,1000.002186,1000.001713,1000.001200,0.000000,0.000000,0.000000
0.000000,0.000000,1000.000699,1000.001261,1000.001782,1000.002254,1000.002616,1000.002788,1000.002746,1000.002553,1000.002292,1000.002013,1000.001732,1000.001456,1000.001186,1000.000921,1000.000662,1000.000408,1000.000160,999.999918,999.999684,999.999458,999.999241,999.999033,999.998832,999.998638,999.998451,999.998273,999.998103,999.997939,999.997781,999.997630,999.997487,999.997351,999.997223,999.997102,999.996987,999.996880,999.996781,999.996690,999.996606,999.996530,999.996461,999.996399,999.996343,999.996295,999.996255,999.996221,999.996195,999.996176,999.996165,999.996161,999.996165,999.996175,999.996193,999.996217,999.996249,999.996289,999.996337,999.996392,999.996456,999.996527,999.996605,999.996691,999.996784,999.996883,999.996989,999.997103,999.997224,999.997352,999.997487,999.997631,999.997783,999.997942,999.998109,999.998283,999.998463,999.998648,999.998840,999.999040,999.999249,999.999465,999.999688,999.999919,1000.000158,1000.000406,1000.000661,1000.000923,1000.001192,1000.001468,1000.001749,1000.002033,1000.002313,1000.002571,1000.002757,1000.002794,1000.002622,1000.002265,1000.001798,1000.001275,1000.000697,0.000000,0.000000
0.000000,0.000000,1000.000813,1000.001336,1000.001850,1000.002313,1000.002653,1000.002789,1000.002713,1000.002502,1000.002236,1000.001955,1000.001674,1000.001396,1000.001125,1000.000859,1000.000600,1000.000346,1000.000098,999.999857,999.999623,999.999397,999.999180,999.998972,999.998771,999.998576,999.998389,999.998210,999.998040,999.997876,999.997718,999.997568,999.997426,999.997290,999.997161,999.997040,999.996925,999.996818,999.996719,999.996628,999.996545,999.996468,999.996399,999.996336,999.996281,999.996233,999.996192,999.996159,999.996133,999.996114,999.996102,999.996099,999.996102,999.996112,999.996130,999.996155,999.996187,999.996226,999.996274,999.996329,999.996393,999.996464,999.996542,999.996628,999.996721,999.996820,999.996927,999.997041,999.997161,999.997289,999.997425,999.997569,999.997720,999.997880,999.998046,999.998220,999.998400,999.998586,999.998779,999.998980,999.999188,999.999404,999.999626,999.999857,1000.000096,1000.000345,1000.000600,1000.000862,1000.001131,1000.001406,1000.001687,1000.001972,1000.002254,1000.002518,1000.002723,1000.002795,1000.002660,1000.002325,1000.001866,1000.001350,1000.000819,0.000000,0.000000
0.000000,0.000000,1000.000873,1000.001395,1000.001903,1000.002354,1000.002676,1000.002786,1000.002686,1000.002462,1000.002190,1000.001906,1000.001622,1000.001343,1000.001071,1000.000805,1000.000546,1000.000292,1000.000044,999.999803,999.999569,999.999343,999.999127,999.998918,999.998716,999.998521,999.998333,999.998155,999.997984,999.997820,999.997663,999.997513,999.997371,999.997236,999.997107,999.996985,999.996870,999.996763,999.996664,999.996573,999.996490,999.996414,999.996344,999.996281,999.996226,999.996178,999.996137,999.996104,999.996077,999.996059,999.996048,999.996044,999.996047,999.996058,999.996075,999.996100,999.996132,999.996171,999.996219,999.996274,999.996337,999.996408,999.996487,999.996573,999.996665,999.996765,999.996872,999.996986,999.997107,999.997235,999.997370,999.997514,999.997665,999.997824,999.997991,999.998164,999.998344,999.998531,999.998725,999.998926,999.999134,999.999350,999.999572,999.999803,1000.000043,1000.000291,1000.000547,1000.000808,1000.001076,1000.001352,1000.001634,1000.001920,1000.002205,1000.002474,1000.002695,1000.002792,1000.002683,1000.002367,1000.001918,1000.001407,1000.000879,0.000000,0.000000
0.000000,0.000000,1000.000907,1000.001434,1000.001936,1000.002379,1000.002689,1000.002783,1000.002668,1000.002433,1000.002155,1000.001866,1000.001579,1000.001298,1000.001025,1000.000759,1000.000499,1000.000245,999.999998,999.999757,999.999523,999.999296,999.999079,999.998871,999.998669,999.998473,999.998286,999.998107,999.997936,999.997772,999.997615,999.997466,999.997324,999.997188,999.997059,999.996937,999.996823,999.996716,999.996617,999.996526,999.996443,999.996366,999.996296,999.996234,999.996178,999.996130,999.996089,999.996056,999.996030,999.996011,999.996000,999.995996,999.996000,999.996010,999.996028,999.996053,999.996085,999.996124,999.996171,999.996226,999.996289,999.996360,999.996439,999.996524,999.996617,999.996716,999.996823,999.996938,999.997059,999.997187,999.997323,999.997466,999.997618,999.997777,999.997943,999.998116,999.998296,999.998484,999.998678,999.998880,999.999088,999.999303,999.999526,999.999758,999.999998,1000.000246,1000.000500,1000.000762,1000.001030,1000.001306,1000.001589,1000.001877,1000.002166,1000.002443,1000.002675,1000.002789,1000.002698,1000.002392,1000.001950,1000.001443,1000.000906,0.000000,0.000000
0.000000,0.000000,1000.000926,1000.001456,1000.001957,1000.002394,1000.002695,1000.002780,1000.002656,1000.002413,1000.002128,1000.001834,1000.001544,1000.001261,1000.000987,1000.000720,1000.000461,1000.000207,999.999960,999.999719,999.999484,999.999256,999.999039,999.998830,999.998628,999.998433,999.998245,999.998066,999.997895,999.997732,999.997575,999.997425,999.997283,999.997147,999.997019,999.996897,999.996783,999.996676,999.996577,999.996486,999.996402,999.996325,999.996256,999.996193,999.996138,999.996090,999.996049,999.996016,999.995990,999.995972,999.995960,999.995957,999.995960,999.995971,999.995988,999.996013,999.996045,999.996085,999.996132,999.996186,999.996249,999.996320,999.996398,999.996483,999.996575,999.996675,999.996782,999.996897,999.997018,999.997147,999.997283,999.997426,999.997578,999.997737,999.997902,999.998075,999.998255,999.998444,999.998639,999.998841,999.999050,999.999265,999.999488,999.999719,999.999960,1000.000208,1000.000461,1000.000722,1000.000990,1000.001267,1000.001552,1000.001843,1000.002136,1000.002421,1000.002664,1000.002788,1000.002706,1000.002407,1000.001968,1000.001459,1000.000915,0.000000,0.000000
0.000000,0.000000,1000.000934,1000.001469,1000.001970,1000.002403,1000.002698,1000.002777,1000.002646,1000.002397,1000.002107,1000.001810,1000.001517,1000.001232,1000.000957,1000.000690,1000.000430,1000.000176,999.999929,999.999687,999.999452,999.999223,999.999005,999.998796,999.998595,999.998400,999.998213,999.998034,999.997863,999.997699,999.997542,999.997392,999.997250,999.997114,999.996986,999.996865,999.996750,999.996643,999.996544,999.996452,999.996368,999.996292,999.996222,999.996160,999.996105,999.996057,999.996016,999.995983,999.995957,999.995939,999.995928,999.995924,999.995927,999.995938,999.995956,999.995981,999.996013,999.996053,999.996099,999.996154,999.996217,999.996288,999.996365,999.996450,999.996542,999.996641,999.996748,999.996863,999.996984,999.997113,999.997249,999.997393,999.997545,999.997704,999.997870,999.998042,999.998222,999.998411,999.998607,999.998810,999.999018,999.999234,999.999457,999.999688,999.999928,1000.000176,1000.000429,1000.000690,1000.000958,1000.001235,1000.001522,1000.001817,1000.002115,1000.002406,1000.002656,1000.002789,1000.002712,1000.002415,1000.001976,1000.001465,1000.000915,0.000000,0.000000
0.000000,0.000000,1000.000937,1000.001476,1000.001977,1000.002409,1000.002699,1000.002773,1000.002638,1000.002386,1000.002093,1000.001793,1000.001497,1000.001211,1000.000934,1000.000667,1000.000406,1000.000153,999.999905,999.999663,999.999426,999.999197,999.998979,999.998769,999.998568,999.998374,999.998188,999.998010,999.997838,999.997673,999.997516,999.997366,999.997224,999.997089,999.996960,999.996839,999.996725,999.996618,999.996518,999.996426,999.996342,999.996265,999.996196,999.996133,999.996078,999.996031,999.995990,999.995957,999.995932,999.995913,999.995902,999.995898,999.995902,999.995913,999.995930,999.995956,999.995988,999.996028,999.996075,999.996130,999.996192,999.996262,999.996340,999.996424,999.996516,999.996615,999.996722,999.996837,999.996958,999.997086,999.997223,999.997367,999.997519,999.997679,999.997845,999.998017,999.998197,999.998385,999.998582,999.998785,999.998995,999.999210,999.999433,999.999664,999.999904,1000.000151,1000.000404,1000.000665,1000.000933,1000.001211,1000.001499,1000.001797,1000.002099,1000.002395,1000.002651,1000.002788,1000.002714,1000.002418,1000.001978,1000.001468,1000.000917,0.000000,0.000000
0.000000,0.000000,1000.000933,1000.001482,1000.001982,1000.002412,1000.002700,1000.002770,1000.002632,1000.002378,1000.002083,1000.001782,1000.001485,1000.001196,1000.000919,1000.000650,1000.000389,1000.000136,999.999888,999.999645,999.999409,999.999179,999.998960,999.998750,999.998548,999.998355,999.998170,999.997992,999.997820,999.997654,999.997497,999.997347,999.997206,999.997070,999.996942,999.996821,999.996707,999.996600,999.996500,999.996408,999.996323,999.996247,999.996177,999.996114,999.996060,999.996012,999.995972,999.995939,999.995913,999.995895,999.995884,999.995880,999.995884,999.995895,999.995912,999.995937,999.995970,999.996010,999.996057,999.996112,999.996174,999.996244,999.996322,999.996406,999.996498,999.996597,999.996704,999.996818,999.996939,999.997067,999.997203,999.997348,999.997500,999.997661,999.997827,999.998000,999.998180,999.998368,999.998565,999.998768,999.998978,999.999194,999.999416,999.999647,999.999885,1000.000132,1000.000386,1000.000647,1000.000916,1000.001194,1000.001483,1000.001782,1000.002087,1000.002386,1000.002645,1000.002785,1000.002712,1000.002418,1000.001979,1000.001471,1000.000918,0.000000,0.000000
0.000000,0.000000,1000.000934,1000.001481,1000.001985,1000.002414,1000.002701,1000.002769,1000.002629,1000.002373,1000.002077,1000.001775,1000.001478,1000.001189,1000.000910,1000.000640,1000.000379,1000.000125,999.999877,999.999634,999.999398,999.999169,999.998949,999.998739,999.998537,999.998344,999.998159,999.997980,999.997808,999.997643,999.997485,999.997336,999.997194,999.997059,999.996931,999.996810,999.996697,999.996590,999.996490,999.996397,999.996313,999.996236,999.996166,999.996103,999.996048,999.996001,999.995961,999.995928,999.995903,999.995884,999.995873,999.995869,999.995873,999.995884,999.995901,999.995926,999.995959,999.995999,999.996047,999.996102,999.996164,999.996234,999.996311,999.996395,999.996487,999.996586,999.996694,999.996808,999.996928,999.997056,999.997192,999.997336,999.997489,999.997649,999.997816,999.997990,999.998170,999.998359,999.998555,999.998759,999.998968,999.999184,999.999406,999.999636,999.999875,1000.000121,1000.000375,1000.000637,1000.000906,1000.001184,1000.001474,1000.001774,1000.002080,1000.002380,1000.002640,1000.002780,1000.002709,1000.002416,1000.001978,1000.001469,1000.000925,0.000000,0.000000
0.000000,1000.000391,1000.000962,1000.001486,1000.001984,1000.002415,1000.002702,1000.002770,1000.002628,1000.002371,1000.002076,1000.001773,1000.001476,1000.001187,1000.000907,1000.000637,1000.000375,1000.000120,999.999872,999.999630,999.999394,999.999166,999.998946,999.998735,999.998533,999.998340,999.998154,999.997976,999.997803,999.997638,999.997480,999.997331,999.997189,999.997055,999.996927,999.996807,999.996693,999.996587,999.996487,999.996395,999.996310,999.996232,999.996162,999.996100,999.996044,999.995997,999.995957,999.995924,999.995899,999.995880,999.995869,999.995866,999.995869,999.995880,999.995898,999.995923,999.995956,999.995996,999.996043,999.996098,999.996161,999.996231,999.996308,999.996392,999.996483,999.996582,999.996690,999.996804,999.996925,999.997053,999.997188,999.997332,999.997484,999.997645,999.997812,999.997986,999.998168,999.998357,999.998553,999.998756,999.998965,999.999180,999.999403,999.999634,999.999872,1000.000118,1000.000372,1000.000633,1000.000902,1000.001182,1000.001472,1000.001772,1000.002077,1000.002377,1000.002636,1000.002776,1000.002706,1000.002412,1000.001975,1000.001474,1000.000956,1000.000400,0.000000
0.000000,0.000000,1000.000936,1000.001481,1000.001986,1000.002416,1000.002703,1000.002771,1000.002631,1000.002374,1000.002078,1000.001776,1000.001479,1000.001190,1000.000911,1000.000641,1000.000378,1000.000123,999.999875,999.999633,999.999398,999.999170,999.998950,999.998739,999.998537,999.998343,999.998157,999.997978,999.997806,999.997641,999.997483,999.997334,999.997192,999.997058,999.996930,999.996810,999.996697,999.996591,999.996492,999.996400,999.996315,999.996237,999.996166,999.996103,999.996048,999.996001,999.995961,999.995928,999.995902,999.995884,999.995873,999.995869,999.995873,999.995884,999.995901,999.995927,999.995960,999.996000,999.996048,999.996103,999.996165,999.996235,999.996312,999.996395,999.996487,999.996586,999.996693,999.996808,999.996929,999.997057,999.997192,999.997336,999.997488,999.997648,999.997815,999.997990,999.998172,999.998362,999.998558,999.998760,999.998968,999.999184,999.999407,999.999638,999.999876,1000.000122,1000.000375,1000.000636,1000.000906,1000.001185,1000.001475,1000.001774,1000.002079,1000.002377,1000.002635,1000.002774,1000.002702,1000.002409,1000.001974,1000.001470,1000.000931,0.000000,0.000000
0.000000,0.000000,1000.000935,1000.001483,1000.001984,1000.002416,1000.002705,1000.002774,1000.002635,1000.002379,1000.002085,1000.001783,1000.001487,1000.001199,1000.000921,1000.000651,1000.000389,1000.000134,999.999886,999.999643,999.999408,999.999181,999.998962,999.998751,999.998548,999.998354,999.998167,999.997987,999.997816,999.997651,999.997494,999.997344,999.997202,999.997068,999.996941,999.996821,999.996708,999.996602,999.996503,999.996412,999.996326,999.996248,999.996178,999.996115,999.996059,999.996012,999.995972,999.995939,999.995913,999.995895,999.995884,999.995880,999.995884,999.995894,999.995912,999.995938,999.995971,999.996011,999.996059,999.996114,999.996176,999.996246,999.996323,999.996406,999.996497,999.996597,999.996704,999.996819,999.996940,999.997068,999.997204,999.997348,999.997499,999.997658,999.997825,999.998000,999.998183,999.998373,999.998569,999.998771,999.998979,999.999194,999.999418,999.999649,999.999888,1000.000133,1000.000385,1000.000646,1000.000916,1000.001195,1000.001484,1000.001782,1000.002085,1000.002380,1000.002636,1000.002773,1000.002700,1000.002406,1000.001970,1000.001469,1000.000928,0.000000,0.000000
0.000000,0.000000,1000.000938,1000.001479,1000.001981,1000.002414,1000.002705,1000.002777,1000.002641,1000.002389,1000.002096,1000.001795,1000.001500,1000.001214,1000.000938,1000.000669,1000.000407,1000.000152,999.999903,999.999661,999.999426,999.999200,999.998981,999.998770,999.998567,999.998372,999.998184,999.998005,999.997833,999.997669,999.997511,999.997362,999.997220,999.997086,999.996959,999.996839,999.996726,999.996620,999.996522,999.996430,999.996345,999.996267,999.996197,999.996134,999.996078,999.996030,999.995990,999.995957,999.995932,999.995914,999.995903,999.995899,999.995902,999.995913,999.995931,999.995956,999.995989,999.996030,999.996077,999.996132,999.996195,999.996264,999.996341,999.996425,999.996516,999.996615,999.996722,999.996837,999.996958,999.997087,999.997223,999.997367,999.997518,999.997676,999.997843,999.998018,999.998201,999.998391,999.998586,999.998788,999.998996,999.999212,999.999436,999.999668,999.999907,1000.000152,1000.000403,1000.000663,1000.000932,1000.001211,1000.001498,1000.001794,1000.002094,1000.002387,1000.002639,1000.002773,1000.002697,1000.002402,1000.001965,1000.001463,1000.000926,0.000000,0.000000
0.000000,0.000000,1000.000936,1000.001474,1000.001975,1000.002409,1000.002702,1000.002779,1000.002648,1000.002401,1000.002111,1000.001813,1000.001520,1000.001235,1000.000960,1000.000693,1000.000431,1000.000177,999.999928,999.999686,999.999451,999.999226,999.999008,999.998797,999.998593,999.998397,999.998209,999.998029,999.997858,999.997694,999.997537,999.997387,999.997245,999.997111,999.996984,999.996864,999.996751,999.996645,999.996547,999.996455,999.996371,999.996293,999.996223,999.996160,999.996104,999.996056,999.996016,999.995983,999.995958,999.995940,999.995929,999.995925,999.995928,999.995938,999.995956,999.995982,999.996015,999.996055,999.996103,999.996158,999.996220,999.996290,999.996367,999.996450,999.996541,999.996641,999.996748,999.996862,999.996984,999.997112,999.997249,999.997393,999.997544,999.997702,999.997869,999.998044,999.998227,999.998416,999.998611,999.998812,999.999020,999.999236,999.999461,999.999693,999.999932,1000.000177,1000.000428,1000.000687,1000.000955,1000.001233,1000.001519,1000.001812,1000.002109,1000.002398,1000.002645,1000.002774,1000.002694,1000.002396,1000.001957,1000.001453,1000.000918,0.000000,0.000000
0.000000,0.000000,1000.000932,1000.001463,1000.001962,1000.002399,1000.002698,1000.002781,1000.002658,1000.002417,1000.002133,1000.001838,1000.001546,1000.001263,1000.000989,1000.000723,1000.000463,1000.000209,999.999960,999.999718,999.999484,999.999259,999.999041,999.998830,999.998626,999.998430,999.998242,999.998062,999.997890,999.997726,999.997569,999.997420,999.997278,999.997144,999.997017,999.996897,999.996784,999.996678,999.996579,999.996488,999.996404,999.996326,999.996256,999.996193,999.996137,999.996089,999.996049,999.996016,999.995991,999.995973,999.995962,999.995958,999.995961,999.995971,999.995990,999.996015,999.996048,999.996088,999.996136,999.996191,999.996253,999.996323,999.996400,999.996484,999.996575,999.996674,999.996781,999.996895,999.997017,999.997145,999.997282,999.997426,999.997578,999.997736,999.997902,999.998077,999.998259,999.998447,999.998642,999.998844,999.999052,999.999268,999.999492,999.999725,999.999964,1000.000209,1000.000460,1000.000718,1000.000986,1000.001263,1000.001547,1000.001837,1000.002130,1000.002413,1000.002653,1000.002776,1000.002690,1000.002386,1000.001943,1000.001437,1000.000902,0.000000,0.000000
0.000000,0.000000,1000.000921,1000.001441,1000.001940,1000.002383,1000.002691,1000.002785,1000.002672,1000.002439,1000.002161,1000.001871,1000.001581,1000.001299,1000.001026,1000.000760,1000.000501,1000.000248,999.999999,999.999757,999.999523,999.999298,999.999081,999.998870,999.998667,999.998470,999.998282,999.998102,999.997930,999.997766,999.997610,999.997460,999.997318,999.997184,999.997057,999.996936,999.996823,999.996718,999.996619,999.996528,999.996443,999.996366,999.996296,999.996233,999.996178,999.996130,999.996089,999.996056,999.996031,999.996013,999.996002,999.995998,999.996001,999.996012,999.996030,999.996056,999.996089,999.996129,999.996177,999.996232,999.996294,999.996363,999.996440,999.996524,999.996616,999.996715,999.996822,999.996936,999.997057,999.997185,999.997322,999.997467,999.997619,999.997777,999.997943,999.998117,999.998298,999.998485,999.998680,999.998882,999.999091,999.999307,999.999531,999.999763,1000.000002,1000.000247,1000.000499,1000.000757,1000.001025,1000.001301,1000.001583,1000.001869,1000.002157,1000.002434,1000.002666,1000.002779,1000.002683,1000.002370,1000.001920,1000.001410,1000.000878,0.000000,0.000000
0.000000,0.000000,1000.000894,1000.001402,1000.001905,1000.002355,1000.002678,1000.002789,1000.002692,1000.002470,1000.002199,1000.001913,1000.001625,1000.001343,1000.001070,1000.000805,1000.000547,1000.000293,1000.000045,999.999802,999.999569,999.999344,999.999127,999.998917,999.998714,999.998518,999.998330,999.998150,999.997978,999.997814,999.997658,999.997508,999.997366,999.997231,999.997104,999.996983,999.996870,999.996764,999.996666,999.996574,999.996490,999.996414,999.996344,999.996281,999.996225,999.996177,999.996136,999.996104,999.996078,999.996060,999.996049,999.996045,999.996049,999.996060,999.996078,999.996104,999.996137,999.996177,999.996225,999.996280,999.996341,999.996411,999.996488,999.996573,999.996664,999.996763,999.996870,999.996984,999.997105,999.997234,999.997371,999.997515,999.997667,999.997825,999.997991,999.998164,999.998343,999.998531,999.998726,999.998928,999.999137,999.999353,999.999577,999.999808,1000.000048,1000.000293,1000.000545,1000.000805,1000.001072,1000.001346,1000.001627,1000.001910,1000.002193,1000.002463,1000.002685,1000.002783,1000.002670,1000.002343,1000.001883,1000.001367,1000.000840,0.000000,0.000000
0.000000,0.000000,1000.000838,1000.001346,1000.001851,1000.002312,1000.002654,1000.002793,1000.002721,1000.002513,1000.002247,1000.001963,1000.001677,1000.001396,1000.001123,1000.000858,1000.000599,1000.000346,1000.000097,999.999856,999.999622,999.999397,999.999180,999.998971,999.998769,999.998573,999.998386,999.998206,999.998034,999.997870,999.997713,999.997564,999.997421,999.997286,999.997158,999.997037,999.996924,999.996818,999.996720,999.996629,999.996545,999.996468,999.996399,999.996336,999.996281,999.996232,999.996191,999.996158,999.996133,999.996114,999.996103,999.996100,999.996103,999.996115,999.996133,999.996159,999.996193,999.996233,999.996280,999.996335,999.996396,999.996466,999.996543,999.996628,999.996720,999.996819,999.996925,999.997039,999.997161,999.997289,999.997426,999.997570,999.997722,999.997880,999.998046,999.998218,999.998397,999.998584,999.998780,999.998982,999.999191,999.999406,999.999629,999.999861,1000.000100,1000.000347,1000.000600,1000.000860,1000.001126,1000.001399,1000.001678,1000.001960,1000.002240,1000.002504,1000.002712,1000.002785,1000.002645,1000.002299,1000.001829,1000.001306,1000.000776,0.000000,0.000000
0.000000,0.000000,1000.000724,1000.001275,1000.001784,1000.002251,1000.002615,1000.002793,1000.002756,1000.002566,1000.002306,1000.002024,1000.001738,1000.001458,1000.001185,1000.000919,1000.000660,1000.000406,1000.000158,999.999916,999.999683,999.999457,999.999241,999.999032,999.998830,999.998636,999.998448,999.998269,999.998097,999.997933,999.997776,999.997626,999.997484,999.997348,999.997219,999.997098,999.996985,999.996879,999.996781,999.996690,999.996606,999.996530,999.996461,999.996398,999.996343,999.996295,999.996254,999.996220,999.996194,999.996176,999.996165,999.996162,999.996166,999.996177,999.996196,999.996222,999.996255,999.996296,999.996343,999.996397,999.996458,999.996528,999.996606,999.996691,999.996783,999.996882,999.996988,999.997102,999.997223,999.997352,999.997489,999.997632,999.997783,999.997942,999.998107,999.998279,999.998458,999.998645,999.998841,999.999043,999.999251,999.999466,999.999689,999.999921,1000.000161,1000.000409,1000.000663,1000.000922,1000.001187,1000.001458,1000.001736,1000.002018,1000.002297,1000.002556,1000.002746,1000.002783,1000.002606,1000.002240,1000.001760,1000.001230,1000.000654,0.000000,0.000000
0.000000,0.000000,0.000000,1000.001197,1000.001700,1000.002172,1000.002560,1000.002783,1000.002791,1000.002624,1000.002371,1000.002092,1000.001807,1000.001528,1000.001254,1000.000988,1000.000728,1000.000474,1000.000226,999.999985,999.999752,999.999527,999.999310,999.999101,999.998900,999.998706,999.998519,999.998339,999.998167,999.998003,999.997847,999.997697,999.997554,999.997417,999.997288,999.997167,999.997053,999.996948,999.996849,999.996758,999.996674,999.996598,999.996529,999.996467,999.996413,999.996365,999.996324,999.996290,999.996264,999.996245,999.996234,999.996231,999.996235,999.996247,999.996266,999.996292,999.996325,999.996365,999.996412,999.996466,999.996528,999.996598,999.996676,999.996761,999.996853,999.996952,999.997058,999.997172,999.997293,999.997422,999.997558,999.997702,999.997852,999.998010,999.998175,999.998347,999.998526,999.998714,999.998910,999.999111,999.999319,999.999534,999.999757,999.999989,1000.000229,1000.000477,1000.000732,1000.000991,1000.001255,1000.001525,1000.001802,1000.002084,1000.002362,1000.002613,1000.002778,1000.002772,1000.002551,1000.002161,1000.001677,1000.001150,0.000000,0.000000,0.000000
0.000000,0.000000,0.000000,1000.001107,1000.001609,1000.002081,1000.002491,1000.002758,1000.002815,1000.002681,1000.002441,1000.002165,1000.001883,1000.001604,1000.001331,1000.001064,1000.000803,1000.000549,1000.000302,1000.000062,999.999829,999.999604,999.999387,999.999178,999.998977,999.998783,999.998596,999.998416,999.998244,999.998080,999.997923,999.997774,999.997631,999.997494,999.997365,999.997243,999.997129,999.997023,999.996925,999.996833,999.996749,999.996673,999.996605,999.996543,999.996489,999.996441,999.996400,999.996367,999.996341,999.996322,999.996311,999.996308,999.996312,999.996324,999.996343,999.996369,999.996403,999.996443,999.996489,999.996544,999.996605,999.996675,999.996753,999.996838,999.996931,999.997029,999.997135,999.997249,999.997370,999.997499,999.997635,999.997778,999.997929,999.998086,999.998251,999.998423,999.998602,999.998790,999.998985,999.999187,999.999395,999.999610,999.999833,1000.000065,1000.000305,1000.000553,1000.000807,1000.001066,1000.001329,1000.001599,1000.001877,1000.002158,1000.002431,1000.002669,1000.002802,1000.002746,1000.002481,1000.002071,1000.001590,1000.001071,0.000000,0.000000,0.000000
0.000000,0.000000,0.000000,1000.000993,1000.001492,1000.001975,1000.002408,1000.002718,1000.002826,1000.002733,1000.002513,1000.002245,1000.001966,1000.001688,1000.001414,1000.001146,1000.000886,1000.000632,1000.000386,1000.000145,999.999913,999.999688,999.999472,999.999264,999.999063,999.998868,999.998681,999.998501,999.998329,999.998164,999.998007,999.997857,999.997715,999.997578,999.997449,999.997327,999.997213,999.997107,999.997008,999.996916,999.996832,999.996756,999.996687,999.996626,999.996572,999.996524,999.996484,999.996451,999.996425,999.996407,999.996396,999.996392,999.996397,999.996409,999.996428,999.996454,999.996487,999.996527,999.996574,999.996628,999.996690,999.996760,999.996838,999.996923,999.997015,999.997114,999.997220,999.997334,999.997455,999.997583,999.997719,999.997862,999.998012,999.998170,999.998334,999.998507,999.998686,999.998873,999.999068,999.999270,999.999478,999.999694,999.999917,1000.000149,1000.000389,1000.000636,1000.000889,1000.001147,1000.001411,1000.001681,1000.001959,1000.002238,1000.002505,1000.002722,1000.002814,1000.002706,1000.002399,1000.001966,1000.001477,1000.000972,0.000000,0.000000,0.000000
0.000000,0.000000,0.000000,1000.000853,1000.001363,1000.001854,1000.002308,1000.002658,1000.002824,1000.002780,1000.002589,1000.002331,1000.002056,1000.001778,1000.001504,1000.001237,1000.000976,1000.000722,1000.000476,1000.000237,1000.000004,999.999779,999.999564,999.999357,999.999156,999.998962,999.998774,999.998594,999.998421,999.998255,999.998098,999.997948,999.997805,999.997670,999.997541,999.997419,999.997305,999.997198,999.997099,999.997008,999.996924,999.996847,999.996778,999.996716,999.996662,999.996615,999.996575,999.996543,999.996517,999.996499,999.996488,999.996485,999.996489,999.996501,999.996520,999.996546,999.996579,999.996619,999.996666,999.996720,999.996782,999.996852,999.996929,999.997014,999.997106,999.997206,999.997313,999.997426,999.997547,999.997675,999.997811,999.997953,999.998103,999.998261,999.998426,999.998598,999.998778,999.998965,999.999159,999.999361,999.999570,999.999786,1000.000010,1000.000241,1000.000480,1000.000726,1000.000978,1000.001236,1000.001500,1000.001772,1000.002049,1000.002326,1000.002582,1000.002771,1000.002813,1000.002648,1000.002300,1000.001847,1000.001351,1000.000841,0.000000,0.000000,0.000000
0.000000,0.000000,0.000000,1000.000680,1000.001223,1000.001721,1000.002189,1000.002574,1000.002799,1000.002817,1000.002665,1000.002423,1000.002152,1000.001876,1000.001602,1000.001334,1000.001073,1000.000820,1000.000574,1000.000335,1000.000102,999.999878,999.999663,999.999457,999.999257,999.999063,999.998875,999.998695,999.998521,999.998355,999.998197,999.998047,999.997904,999.997769,999.997640,999.997519,999.997405,999.997298,999.997199,999.997107,999.997023,999.996946,999.996876,999.996815,999.996760,999.996714,999.996674,999.996642,999.996616,999.996598,999.996587,999.996584,999.996588,999.996600,999.996619,999.996645,999.996678,999.996718,999.996765,999.996819,999.996881,999.996951,999.997028,999.997113,999.997205,999.997305,999.997412,999.997525,999.997646,999.997774,999.997909,999.998051,999.998201,999.998359,999.998525,999.998698,999.998877,999.999063,999.999257,999.999459,999.999669,999.999886,1000.000109,1000.000340,1000.000579,1000.000824,1000.001076,1000.001333,1000.001598,1000.001870,1000.002146,1000.002418,1000.002658,1000.002809,1000.002791,1000.002566,1000.002182,1000.001714,1000.001214,1000.000666,0.000000,0.000000,0.000000
0.000000,0.000000,0.000000,0.000000,1000.001063,1000.001569,1000.002050,1000.002466,1000.002749,1000.002836,1000.002735,1000.002518,1000.002256,1000.001983,1000.001709,1000.001439,1000.001178,1000.000925,1000.000680,1000.000440,1000.000208,999.999984,999.999769,999.999563,999.999364,999.999171,999.998984,999.998803,999.998629,999.998463,999.998304,999.998154,999.998011,999.997876,999.997747,999.997626,999.997512,999.997405,999.997306,999.997214,999.997130,999.997053,999.996983,999.996921,999.996867,999.996820,999.996780,999.996748,999.996722,999.996704,999.996693,999.996690,999.996694,999.996706,999.996725,999.996751,999.996783,999.996823,999.996871,999.996925,999.996987,999.997057,999.997135,999.997219,999.997312,999.997411,999.997518,999.997631,999.997751,999.997879,999.998014,999.998157,999.998307,999.998465,999.998631,999.998804,999.998983,999.999169,999.999362,999.999564,999.999774,999.999992,1000.000216,1000.000447,1000.000685,1000.000929,1000.001181,1000.001438,1000.001704,1000.001976,1000.002250,1000.002512,1000.002728,1000.002829,1000.002743,1000.002460,1000.002045,1000.001566,1000.001064,0.000000,0.000000,0.000000,0.000000
0.000000,0.000000,0.000000,0.000000,1000.000905,1000.001413,1000.001890,1000.002332,1000.002669,1000.002830,1000.002794,1000.002615,1000.002367,1000.002097,1000.001823,1000.001553,1000.001291,1000.001038,1000.000793,1000.000553,1000.000321,1000.000096,999.999881,999.999676,999.999477,999.999286,999.999100,999.998919,999.998744,999.998578,999.998420,999.998270,999.998127,999.997991,999.997862,999.997740,999.997626,999.997520,999.997420,999.997328,999.997244,999.997167,999.997097,999.997035,999.996980,999.996933,999.996893,999.996861,999.996835,999.996817,999.996806,999.996803,999.996808,999.996819,999.996838,999.996864,999.996896,999.996936,999.996984,999.997039,999.997101,999.997171,999.997249,999.997334,999.997426,999.997525,999.997631,999.997744,999.997864,999.997991,999.998126,999.998269,999.998420,999.998579,999.998745,999.998918,999.999097,999.999282,999.999475,999.999677,999.999888,1000.000106,1000.000330,1000.000561,1000.000798,1000.001043,1000.001294,1000.001552,1000.001818,1000.002090,1000.002359,1000.002608,1000.002787,1000.002825,1000.002667,1000.002332,1000.001891,1000.001415,1000.000914,0.000000,0.000000,0.000000,0.000000
0.000000,0.000000,0.000000,0.000000,1000.000717,1000.001242,1000.001719,1000.002176,1000.002557,1000.002792,1000.002834,1000.002706,1000.002480,1000.002217,1000.001945,1000.001675,1000.001413,1000.001160,1000.000914,1000.000674,1000.000442,1000.000217,1000.000001,999.999795,999.999597,999.999406,999.999222,999.999042,999.998867,999.998701,999.998542,999.998392,999.998250,999.998114,999.997984,999.997863,999.997748,999.997642,999.997542,999.997450,999.997365,999.997288,999.997219,999.997156,999.997102,999.997054,999.997014,999.996981,999.996956,999.996938,999.996927,999.996924,999.996928,999.996940,999.996958,999.996984,999.997017,999.997057,999.997105,999.997160,999.997223,999.997293,999.997370,999.997455,999.997546,999.997645,999.997751,999.997864,999.997984,999.998111,999.998247,999.998390,999.998542,999.998700,999.998866,999.999038,999.999217,999.999403,999.999596,999.999798,1000.000008,1000.000227,1000.000451,1000.000682,1000.000919,1000.001164,1000.001415,1000.001674,1000.001941,1000.002211,1000.002473,1000.002697,1000.002826,1000.002790,1000.002561,1000.002183,1000.001725,1000.001248,1000.000724,0.000000,0.000000,0.000000,0.000000
0.000000,0.000000,0.000000,0.000000,0.000000,1000.001040,1000.001533,1000.001996,1000.002414,1000.002716,1000.002842,1000.002783,1000.002592,1000.002341,1000.002073,1000.001805,1000.001543,1000.001289,1000.001043,1000.000804,1000.000572,1000.000347,1000.000130,999.999922,999.999723,999.999533,999.999350,999.999171,999.998997,999.998830,999.998672,999.998522,999.998379,999.998243,999.998114,999.997992,999.997878,999.997771,999.997672,999.997579,999.997494,999.997417,999.997347,999.997285,999.997230,999.997183,999.997142,999.997109,999.997084,999.997067,999.997056,999.997053,999.997057,999.997068,999.997086,999.997112,999.997145,999.997185,999.997233,999.997289,999.997351,999.997421,999.997498,999.997582,999.997674,999.997772,999.997878,999.997991,999.998112,999.998240,999.998376,999.998520,999.998671,999.998829,999.998994,999.999166,999.999345,999.999532,999.999726,999.999927,1000.000137,1000.000355,1000.000579,1000.000810,1000.001048,1000.001292,1000.001544,1000.001804,1000.002070,1000.002336,1000.002585,1000.002774,1000.002836,1000.002718,1000.002424,1000.002009,1000.001544,1000.001049,0.000000,0.000000,0.000000,0.000000,0.000000
0.000000,0.000000,0.000000,0.000000,0.000000,1000.000820,1000.001340,1000.001804,1000.002242,1000.002599,1000.002810,1000.002833,1000.002695,1000.002466,1000.002205,1000.001940,1000.001679,1000.001425,1000.001180,1000.000941,1000.000710,1000.000485,1000.000267,1000.000057,999.999857,999.999667,999.999484,999.999307,999.999134,999.998967,999.998808,999.998658,999.998515,999.998379,999.998250,999.998128,999.998015,999.997908,999.997809,999.997716,999.997631,999.997553,999.997483,999.997421,999.997366,999.997319,999.997278,999.997245,999.997220,999.997203,999.997193,999.997190,999.997194,999.997205,999.997222,999.997248,999.997280,999.997321,999.997369,999.997424,999.997487,999.997556,999.997633,999.997717,999.997808,999.997907,999.998013,999.998126,999.998247,999.998376,999.998513,999.998657,999.998808,999.998966,999.999130,999.999302,999.999481,999.999668,999.999862,1000.000063,1000.000272,1000.000490,1000.000714,1000.000946,1000.001184,1000.001429,1000.001680,1000.001940,1000.002204,1000.002464,1000.002689,1000.002826,1000.002806,1000.002605,1000.002256,1000.001819,1000.001353,1000.000824,0.000000,0.000000,0.000000,0.000000,0.000000
0.000000,0.000000,0.000000,0.000000,0.000000,0.000000,1000.001107,1000.001596,1000.002048,1000.002449,1000.002734,1000.002846,1000.002779,1000.002588,1000.002340,1000.002080,1000.001822,1000.001568,1000.001323,1000.001086,1000.000855,1000.000630,1000.000412,1000.000202,1000.000000,999.999808,999.999625,999.999449,999.999277,999.999111,999.998952,999.998801,999.998658,999.998522,999.998393,999.998271,999.998158,999.998052,999.997953,999.997860,999.997775,999.997697,999.997627,999.997565,999.997510,999.997462,999.997422,999.997389,999.997363,999.997346,999.997336,999.997334,999.997338,999.997349,999.997367,999.997391,999.997424,999.997464,999.997512,999.997566,999.997628,999.997698,999.997774,999.997859,999.997950,999.998049,999.998155,999.998268,999.998390,999.998520,999.998657,999.998800,999.998951,999.999109,999.999273,999.999444,999.999624,999.999811,1000.000005,1000.000206,1000.000415,1000.000632,1000.000856,1000.001089,1000.001328,1000.001573,1000.001825,1000.002082,1000.002342,1000.002587,1000.002775,1000.002841,1000.002732,1000.002456,1000.002061,1000.001611,1000.001124,0.000000,0.000000,0.000000,0.000000,0.000000,0.000000
0.000000,0.000000,0.000000,0.000000,0.000000,0.000000,1000.000858,1000.001381,1000.001839,1000.002267,1000.002612,1000.002814,1000.002834,1000.002698,1000.002476,1000.002225,1000.001970,1000.001719,1000.001474,1000.001237,1000.001007,1000.000782,1000.000565,1000.000354,1000.000152,999.999958,999.999774,999.999597,999.999427,999.999262,999.999103,999.998952,999.998809,999.998672,999.998542,999.998421,999.998308,999.998202,999.998103,999.998011,999.997926,999.997849,999.997779,999.997717,999.997661,999.997614,999.997574,999.997541,999.997515,999.997496,999.997486,999.997484,999.997489,999.997500,999.997517,999.997542,999.997575,999.997615,999.997662,999.997716,999.997777,999.997846,999.997923,999.998008,999.998100,999.998199,999.998305,999.998418,999.998540,999.998670,999.998807,999.998951,999.999102,999.999259,999.999423,999.999594,999.999774,999.999961,1000.000155,1000.000356,1000.000566,1000.000782,1000.001007,1000.001240,1000.001480,1000.001725,1000.001975,1000.002228,1000.002478,1000.002697,1000.002830,1000.002809,1000.002611,1000.002272,1000.001850,1000.001397,1000.000882,0.000000,0.000000,0.000000,0.000000,0.000000,0.000000
0.000000,0.000000,0.000000,0.000000,0.000000,0.000000,0.000000,1000.001126,1000.001611,1000.002057,1000.002450,1000.002730,1000.002844,1000.002785,1000.002606,1000.002372,1000.002124,1000.001876,1000.001632,1000.001395,1000.001165,1000.000941,1000.000724,1000.000514,1000.000311,1000.000116,999.999930,999.999753,999.999583,999.999419,999.999262,999.999111,999.998967,999.998830,999.998700,999.998578,999.998464,999.998359,999.998261,999.998170,999.998085,999.998008,999.997938,999.997876,999.997820,999.997772,999.997732,999.997699,999.997673,999.997655,999.997644,999.997641,999.997646,999.997656,999.997674,999.997700,999.997733,999.997773,999.997819,999.997873,999.997934,999.998003,999.998081,999.998166,999.998258,999.998357,999.998463,999.998576,999.998698,999.998828,999.998966,999.999109,999.999260,999.999416,999.999580,999.999752,999.999931,1000.000119,1000.000313,1000.000514,1000.000724,1000.000941,1000.001166,1000.001399,1000.001639,1000.001885,1000.002131,1000.002376,1000.002607,1000.002783,1000.002840,1000.002725,1000.002448,1000.002061,1000.001623,1000.001149,0.000000,0.000000,0.000000,0.000000,0.000000,0.000000,0.000000
0.000000,0.000000,0.000000,0.000000,0.000000,0.000000,0.000000,1000.000853,1000.001375,1000.001828,1000.002250,1000.002593,1000.002800,1000.002834,1000.002720,1000.002520,1000.002284,1000.002040,1000.001798,1000.001560,1000.001330,1000.001106,1000.000890,1000.000680,1000.000477,1000.000281,1000.000094,999.999916,999.999746,999.999583,999.999427,999.999277,999.999133,999.998996,999.998865,999.998743,999.998629,999.998524,999.998426,999.998335,999.998250,999.998173,999.998103,999.998041,999.997985,999.997936,999.997896,999.997863,999.997838,999.997820,999.997810,999.997806,999.997809,999.997820,999.997838,999.997864,999.997898,999.997938,999.997984,999.998038,999.998099,999.998169,999.998246,999.998332,999.998424,999.998523,999.998628,999.998742,999.998864,999.998994,999.999131,999.999274,999.999424,999.999581,999.999745,999.999917,1000.000096,1000.000284,1000.000478,1000.000680,1000.000890,1000.001108,1000.001332,1000.001566,1000.001806,1000.002049,1000.002291,1000.002524,1000.002721,1000.002832,1000.002796,1000.002589,1000.002248,1000.001833,1000.001390,1000.000884,0.000000,0.000000,0.000000,0.000000,0.000000,0.000000,0.000000
0.000000,0.000000,0.000000,0.000000,0.000000,0.000000,0.000000,0.000000,1000.001104,1000.001581,1000.002020,1000.002410,1000.002696,1000.002831,1000.002805,1000.002661,1000.002450,1000.002212,1000.001971,1000.001734,1000.001503,1000.001279,1000.001062,1000.000852,1000.000649,1000.000454,1000.000267,1000.000087,999.999917,999.999755,999.999600,999.999450,999.999307,999.999169,999.999039,999.998916,999.998802,999.998696,999.998598,999.998507,999.998423,999.998345,999.998275,999.998212,999.998156,999.998108,999.998067,999.998035,999.998010,999.997993,999.997982,999.997978,999.997981,999.997991,999.998009,999.998036,999.998069,999.998109,999.998156,999.998210,999.998272,999.998342,999.998419,999.998504,999.998597,999.998695,999.998801,999.998914,999.999035,999.999165,999.999302,999.999446,999.999596,999.999752,999.999917,1000.000089,1000.000269,1000.000457,1000.000651,1000.000854,1000.001065,1000.001282,1000.001506,1000.001740,1000.001979,1000.002220,1000.002456,1000.002664,1000.002806,1000.002829,1000.002692,1000.002405,1000.002017,1000.001587,1000.001122,0.000000,0.000000,0.000000,0.000000,0.000000,0.000000,0.000000,0.000000
0.000000,0.000000,0.000000,0.000000,0.000000,0.000000,0.000000,0.000000,1000.000812,1000.001324,1000.001768,1000.002182,1000.002529,1000.002759,1000.002839,1000.002776,1000.002610,1000.002389,1000.002151,1000.001915,1000.001684,1000.001460,1000.001243,1000.001033,1000.000830,1000.000635,1000.000448,1000.000268,1000.000096,999.999934,999.999779,999.999631,999.999487,999.999350,999.999219,999.999097,999.998982,999.998876,999.998778,999.998687,999.998602,999.998525,999.998455,999.998392,999.998336,999.998287,999.998247,999.998215,999.998191,999.998173,999.998163,999.998158,999.998160,999.998170,999.998188,999.998214,999.998248,999.998288,999.998335,999.998389,999.998451,999.998521,999.998599,999.998684,999.998776,999.998874,999.998979,999.999092,999.999214,999.999344,999.999481,999.999624,999.999774,999.999931,1000.000097,1000.000270,1000.000450,1000.000637,1000.000833,1000.001036,1000.001246,1000.001463,1000.001687,1000.001919,1000.002156,1000.002394,1000.002613,1000.002777,1000.002839,1000.002757,1000.002525,1000.002177,1000.001766,1000.001334,1000.000841,0.000000,0.000000,0.000000,0.000000,0.000000,0.000000,0.000000,0.000000
0.000000,0.000000,0.000000,0.000000,0.000000,0.000000,0.000000,0.000000,0.000000,1000.001024,1000.001492,1000.001919,1000.002307,1000.002611,1000.002796,1000.002837,1000.002742,1000.002558,1000.002333,1000.002101,1000.001873,1000.001649,1000.001432,1000.001222,1000.001019,1000.000824,1000.000636,1000.000456,1000.000284,1000.000121,999.999965,999.999816,999.999673,999.999536,999.999406,999.999284,999.999170,999.999063,999.998965,999.998873,999.998788,999.998711,999.998641,999.998579,999.998523,999.998476,999.998436,999.998404,999.998379,999.998361,999.998349,999.998345,999.998347,999.998356,999.998374,999.998399,999.998432,999.998472,999.998520,999.998574,999.998637,999.998707,999.998785,999.998870,999.998962,999.999060,999.999165,999.999278,999.999400,999.999530,999.999667,999.999810,999.999960,1000.000118,1000.000284,1000.000457,1000.000638,1000.000826,1000.001022,1000.001224,1000.001434,1000.001651,1000.001875,1000.002104,1000.002336,1000.002560,1000.002743,1000.002838,1000.002797,1000.002610,1000.002303,1000.001915,1000.001494,1000.001041,0.000000,0.000000,0.000000,0.000000,0.000000,0.000000,0.000000,0.000000,0.000000
0.000000,0.000000,0.000000,0.000000,0.000000,0.000000,0.000000,0.000000,0.000000,1000.000706,1000.001203,1000.001639,1000.002039,1000.002398,1000.002670,1000.002820,1000.002823,1000.002703,1000.002510,1000.002289,1000.002066,1000.001845,1000.001629,1000.001419,1000.001216,1000.001020,1000.000832,1000.000651,1000.000478,1000.000314,1000.000158,1000.000009,999.999865,999.999729,999.999599,999.999478,999.999364,999.999257,999.999158,999.999066,999.998981,999.998903,999.998834,999.998772,999.998718,999.998671,999.998631,999.998599,999.998574,999.998555,999.998543,999.998538,999.998540,999.998550,999.998567,999.998593,999.998625,999.998665,999.998713,999.998767,999.998829,999.998899,999.998977,999.999063,999.999155,999.999254,999.999359,999.999473,999.999594,999.999724,999.999860,1000.000004,1000.000155,1000.000313,1000.000479,1000.000653,1000.000834,1000.001022,1000.001218,1000.001420,1000.001631,1000.001847,1000.002068,1000.002292,1000.002511,1000.002702,1000.002824,1000.002822,1000.002673,1000.002399,1000.002038,1000.001638,1000.001210,1000.000732,0.000000,0.000000,0.000000,0.000000,0.000000,0.000000,0.000000,0.000000,0.000000
0.000000,0.000000,0.000000,0.000000,0.000000,0.000000,0.000000,0.000000,0.000000,0.000000,1000.000861,1000.001340,1000.001750,1000.002136,1000.002473,1000.002719,1000.002833,1000.002804,1000.002670,1000.002478,1000.002263,1000.002046,1000.001833,1000.001623,1000.001419,1000.001223,1000.001034,1000.000853,1000.000680,1000.000515,1000.000358,1000.000209,1000.000065,999.999929,999.999800,999.999679,999.999565,999.999458,999.999358,999.999265,999.999180,999.999103,999.999034,999.998973,999.998919,999.998873,999.998833,999.998801,999.998775,999.998755,999.998743,999.998738,999.998741,999.998751,999.998769,999.998795,999.998828,999.998867,999.998914,999.998968,999.999030,999.999100,999.999179,999.999264,999.999357,999.999455,999.999561,999.999674,999.999796,999.999924,1000.000061,1000.000205,1000.000356,1000.000516,1000.000682,1000.000856,1000.001037,1000.001226,1000.001421,1000.001625,1000.001835,1000.002050,1000.002266,1000.002479,1000.002669,1000.002803,1000.002834,1000.002724,1000.002479,1000.002140,1000.001750,1000.001340,1000.000868,0.000000,0.000000,0.000000,0.000000,0.000000,0.000000,0.000000,0.000000,0.000000,0.000000
0.000000,0.000000,0.000000,0.000000,0.000000,0.000000,0.000000,0.000000,0.000000,0.000000,0.000000,1000.000997,1000.001439,1000.001841,1000.002219,1000.002536,1000.002753,1000.002836,1000.002789,1000.002651,1000.002461,1000.002251,1000.002040,1000.001833,1000.001629,1000.001432,1000.001242,1000.001061,1000.000889,1000.000724,1000.000567,1000.000416,1000.000273,1000.000135,1000.000006,999.999885,999.999772,999.999665,999.999565,999.999473,999.999388,999.999311,999.999242,999.999181,999.999128,999.999082,999.999042,999.999009,999.998983,999.998964,999.998952,999.998948,999.998951,999.998962,999.998980,999.999006,999.999039,999.999079,999.999125,999.999179,999.999241,999.999311,999.999389,999.999475,999.999567,999.999665,999.999770,999.999883,1000.000004,1000.000132,1000.000269,1000.000413,1000.000566,1000.000725,1000.000891,1000.001065,1000.001247,1000.001435,1000.001632,1000.001836,1000.002045,1000.002257,1000.002465,1000.002652,1000.002789,1000.002837,1000.002758,1000.002546,1000.002228,1000.001846,1000.001440,1000.000996,0.000000,0.000000,0.000000,0.000000,0.000000,0.000000,0.000000,0.000000,0.000000,0.000000,0.000000
0.000000,0.000000,0.000000,0.000000,0.000000,0.000000,0.000000,0.000000,0.000000,0.000000,0.000000,1000.000644,1000.001114,1000.001531,1000.001919,1000.002282,1000.002578,1000.002771,1000.002837,1000.002782,1000.002642,1000.002455,1000.002251,1000.002047,1000.001846,1000.001649,1000.001459,1000.001277,1000.001105,1000.000940,1000.000783,1000.000632,1000.000488,1000.000350,1000.000219,1000.000098,999.999984,999.999879,999.999780,999.999688,999.999604,999.999528,999.999460,999.999399,999.999345,999.999298,999.999258,999.999225,999.999200,999.999182,999.999171,999.999167,999.999170,999.999181,999.999199,999.999225,999.999257,999.999297,999.999344,999.999398,999.999460,999.999530,999.999608,999.999693,999.999784,999.999882,999.999986,1000.000098,1000.000218,1000.000347,1000.000484,1000.000629,1000.000781,1000.000940,1000.001107,1000.001281,1000.001462,1000.001652,1000.001850,1000.002052,1000.002258,1000.002461,1000.002646,1000.002783,1000.002837,1000.002775,1000.002588,1000.002295,1000.001929,1000.001536,1000.001117,1000.000642,0.000000,0.000000,0.000000,0.000000,0.000000,0.000000,0.000000,0.000000,0.000000,0.000000,0.000000
0.000000,0.000000,0.000000,0.000000,0.000000,0.000000,0.000000,0.000000,0.000000,0.000000,0.000000,0.000000,1000.000740,1000.001200,1000.001602,1000.001974,1000.002321,1000.002601,1000.002780,1000.002837,1000.002779,1000.002642,1000.002460,1000.002264,1000.002067,1000.001873,1000.001684,1000.001502,1000.001329,1000.001164,1000.001007,1000.000856,1000.000711,1000.000573,1000.000442,1000.000319,1000.000206,1000.000101,1000.000003,999.999912,999.999828,999.999752,999.999685,999.999624,999.999570,999.999522,999.999482,999.999449,999.999424,999.999407,999.999397,999.999393,999.999396,999.999407,999.999425,999.999450,999.999482,999.999521,999.999568,999.999622,999.999685,999.999755,999.999832,999.999917,1000.000008,1000.000104,1000.000208,1000.000320,1000.000440,1000.000569,1000.000707,1000.000852,1000.001005,1000.001164,1000.001330,1000.001504,1000.001687,1000.001877,1000.002072,1000.002269,1000.002467,1000.002647,1000.002782,1000.002837,1000.002781,1000.002608,1000.002334,1000.001989,1000.001612,1000.001205,1000.000742,0.000000,0.000000,0.000000,0.000000,0.000000,0.000000,0.000000,0.000000,0.000000,0.000000,0.000000,0.000000
0.000000,0.000000,0.000000,0.000000,0.000000,0.000000,0.000000,0.000000,0.000000,0.000000,0.000000,0.000000,0.000000,1000.000825,1000.001263,1000.001647,1000.002007,1000.002341,1000.002611,1000.002783,1000.002836,1000.002779,1000.002648,1000.002477,1000.002291,1000.002103,1000.001917,1000.001735,1000.001561,1000.001396,1000.001239,1000.001088,1000.000944,1000.000805,1000.000674,1000.000551,1000.000437,1000.000332,1000.000234,1000.000143,1000.000059,999.999984,999.999916,999.999855,999.999801,999.999754,999.999713,999.999681,999.999656,999.999640,999.999630,999.999627,999.999631,999.999641,999.999658,999.999682,999.999713,999.999752,999.999799,999.999853,999.999916,999.999986,1000.000063,1000.000147,1000.000237,1000.000333,1000.000437,1000.000549,1000.000671,1000.000801,1000.000939,1000.001084,1000.001237,1000.001396,1000.001562,1000.001737,1000.001920,1000.002107,1000.002296,1000.002484,1000.002655,1000.002785,1000.002838,1000.002783,1000.002615,1000.002352,1000.002022,1000.001661,1000.001272,1000.000828,0.000000,0.000000,0.000000,0.000000,0.000000,0.000000,0.000000,0.000000,0.000000,0.000000,0.000000,0.000000,0.000000
0.000000,0.000000,0.000000,0.000000,0.000000,0.000000,0.000000,0.000000,0.000000,0.000000,0.000000,0.000000,0.000000,0.000000,1000.000880,1000.001298,1000.001669,1000.002020,1000.002347,1000.002610,1000.002778,1000.002832,1000.002784,1000.002666,1000.002509,1000.002335,1000.002155,1000.001976,1000.001804,1000.001637,1000.001479,1000.001329,1000.001185,1000.001046,1000.000915,1000.000791,1000.000677,1000.000571,1000.000473,1000.000382,1000.000298,1000.000222,1000.000154,1000.000093,1000.000040,999.999993,999.999953,999.999920,999.999896,999.999880,999.999871,999.999868,999.999872,999.999882,999.999898,999.999921,999.999952,999.999990,1000.000036,1000.000091,1000.000153,1000.000223,1000.000300,1000.000383,1000.000473,1000.000569,1000.000674,1000.000788,1000.000911,1000.001042,1000.001180,1000.001325,1000.001476,1000.001635,1000.001802,1000.001977,1000.002157,1000.002340,1000.002516,1000.002675,1000.002793,1000.002839,1000.002781,1000.002613,1000.002355,1000.002033,1000.001685,1000.001311,1000.000887,0.000000,0.000000,0.000000,0.000000,0.000000,0.000000,0.000000,0.000000,0.000000,0.000000,0.000000,0.000000,0.000000,0.000000
0.000000,0.000000,0.000000,0.000000,0.000000,0.000000,0.000000,0.000000,0.000000,0.000000,0.000000,0.000000,0.000000,0.000000,0.000000,1000.000898,1000.001308,1000.001673,1000.002018,1000.002339,1000.002597,1000.002764,1000.002827,1000.002796,1000.002698,1000.002558,1000.002393,1000.002220,1000.002050,1000.001886,1000.001728,1000.001577,1000.001433,1000.001295,1000.001163,1000.001040,1000.000924,1000.000817,1000.000719,1000.000628,1000.000544,1000.000468,1000.000400,1000.000339,1000.000286,1000.000240,1000.000200,1000.000168,1000.000144,1000.000128,1000.000119,1000.000116,1000.000120,1000.000130,1000.000146,1000.000169,1000.000199,1000.000236,1000.000282,1000.000336,1000.000398,1000.000467,1000.000543,1000.000626,1000.000716,1000.000814,1000.000921,1000.001037,1000.001161,1000.001292,1000.001429,1000.001573,1000.001723,1000.001881,1000.002046,1000.002219,1000.002396,1000.002565,1000.002708,1000.002807,1000.002839,1000.002774,1000.002603,1000.002345,1000.002029,1000.001688,1000.001323,1000.000909,0.000000,0.000000,0.000000,0.000000,0.000000,0.000000,0.000000,0.000000,0.000000,0.000000,0.000000,0.000000,0.000000,0.000000,0.000000
0.000000,0.000000,0.000000,0.000000,0.000000,0.000000,0.000000,0.000000,0.000000,0.000000,0.000000,0.000000,0.000000,0.000000,0.000000,0.000000,1000.000894,1000.001301,1000.001663,1000.002002,1000.002315,1000.002569,1000.002741,1000.002821,1000.002814,1000.002738,1000.002611,1000.002457,1000.002294,1000.002135,1000.001981,1000.001831,1000.001687,1000.001550,1000.001419,1000.001295,1000.001179,1000.001071,1000.000972,1000.000881,1000.000798,1000.000722,1000.000653,1000.000592,1000.000540,1000.000494,1000.000456,1000.000424,1000.000400,1000.000383,1000.000374,1000.000371,1000.000375,1000.000385,1000.000402,1000.000425,1000.000455,1000.000492,1000.000537,1000.000590,1000.000651,1000.000719,1000.000794,1000.000877,1000.000967,1000.001066,1000.001174,1000.001291,1000.001415,1000.001547,1000.001685,1000.001828,1000.001976,1000.002130,1000.002291,1000.002458,1000.002617,1000.002749,1000.002828,1000.002836,1000.002756,1000.002582,1000.002324,1000.002011,1000.001676,1000.001318,1000.000907,0.000000,0.000000,0.000000,0.000000,0.000000,0.000000,0.000000,0.000000,0.000000,0.000000,0.000000,0.000000,0.000000,0.000000,0.000000,0.000000
0.000000,0.000000,0.000000,0.000000,0.000000,0.000000,0.000000,0.000000,0.000000,0.000000,0.000000,0.000000,0.000000,0.000000,0.000000,0.000000,0.000000,1000.000881,1000.001285,1000.001639,1000.001968,1000.002272,1000.002524,1000.002704,1000.002807,1000.002828,1000.002772,1000.002663,1000.002526,1000.002380,1000.002233,1000.002089,1000.001948,1000.001812,1000.001681,1000.001557,1000.001441,1000.001333,1000.001234,1000.001143,1000.001059,1000.000982,1000.000913,1000.000853,1000.000801,1000.000756,1000.000718,1000.000686,1000.000662,1000.000645,1000.000636,1000.000633,1000.000637,1000.000648,1000.000665,1000.000689,1000.000718,1000.000755,1000.000800,1000.000851,1000.000911,1000.000978,1000.001054,1000.001137,1000.001228,1000.001327,1000.001435,1000.001552,1000.001677,1000.001809,1000.001946,1000.002087,1000.002231,1000.002379,1000.002527,1000.002668,1000.002782,1000.002842,1000.002824,1000.002722,1000.002541,1000.002286,1000.001977,1000.001648,1000.001297,1000.000897,0.000000,0.000000,0.000000,0.000000,0.000000,0.000000,0.000000,0.000000,0.000000,0.000000,0.000000,0.000000,0.000000,0.000000,0.000000,0.000000,0.000000
0.000000,0.000000,0.000000,0.000000,0.000000,0.000000,0.000000,0.000000,0.000000,0.000000,0.000000,0.000000,0.000000,0.000000,0.000000,0.000000,0.000000,0.000000,1000.000860,1000.001253,1000.001595,1000.001911,1000.002207,1000.002458,1000.002655,1000.002783,1000.002830,1000.002800,1000.002719,1000.002608,1000.002480,1000.002346,1000.002210,1000.002077,1000.001949,1000.001827,1000.001711,1000.001603,1000.001504,1000.001412,1000.001328,1000.001251,1000.001182,1000.001122,1000.001070,1000.001025,1000.000988,1000.000957,1000.000933,1000.000916,1000.000906,1000.000904,1000.000908,1000.000919,1000.000935,1000.000959,1000.000989,1000.001025,1000.001069,1000.001120,1000.001179,1000.001246,1000.001322,1000.001405,1000.001497,1000.001596,1000.001704,1000.001821,1000.001945,1000.002076,1000.002211,1000.002348,1000.002484,1000.002614,1000.002728,1000.002812,1000.002845,1000.002801,1000.002674,1000.002477,1000.002224,1000.001923,1000.001602,1000.001259,1000.000868,0.000000,0.000000,0.000000,0.000000,0.000000,0.000000,0.000000,0.000000,0.000000,0.000000,0.000000,0.000000,0.000000,0.000000,0.000000,0.000000,0.000000,0.000000
0.000000,0.000000,0.000000,0.000000,0.000000,0.000000,0.000000,0.000000,0.000000,0.000000,0.000000,0.000000,0.000000,0.000000,0.000000,0.000000,0.000000,0.000000,0.000000,1000.000817,1000.001198,1000.001526,1000.001830,1000.002121,1000.002380,1000.002594,1000.002745,1000.002821,1000.002827,1000.002781,1000.002697,1000.002589,1000.002468,1000.002342,1000.002219,1000.002099,1000.001985,1000.001879,1000.001780,1000.001689,1000.001605,1000.001529,1000.001460,1000.001399,1000.001347,1000.001303,1000.001266,1000.001235,1000.001212,1000.001195,1000.001186,1000.001184,1000.001189,1000.001198,1000.001214,1000.001236,1000.001265,1000.001300,1000.001343,1000.001394,1000.001453,1000.001521,1000.001597,1000.001681,1000.001773,1000.001873,1000.001980,1000.002095,1000.002217,1000.002345,1000.002473,1000.002596,1000.002706,1000.002792,1000.002841,1000.002837,1000.002764,1000.002616,1000.002402,1000.002141,1000.001847,1000.001536,1000.001202,1000.000815,0.000000,0.000000,0.000000,0.000000,0.000000,0.000000,0.000000,0.000000,0.000000,0.000000,0.000000,0.000000,0.000000,0.000000,0.000000,0.000000,0.000000,0.000000,0.000000
0.000000,0.000000,0.000000,0.000000,0.000000,0.000000,0.000000,0.000000,0.000000,0.000000,0.000000,0.000000,0.000000,0.000000,0.000000,0.000000,0.000000,0.000000,0.000000,0.000000,1000.000744,1000.001113,1000.001429,1000.001733,1000.002019,1000.002287,1000.002511,1000.002682,1000.002790,1000.002837,1000.002829,1000.002776,1000.002693,1000.002591,1000.002480,1000.002368,1000.002259,1000.002156,1000.002060,1000.001971,1000.001889,1000.001813,1000.001744,1000.001683,1000.001630,1000.001586,1000.001550,1000.001522,1000.001499,1000.001484,1000.001476,1000.001474,1000.001478,1000.001487,1000.001501,1000.001520,1000.001547,1000.001581,1000.001623,1000.001674,1000.001734,1000.001802,1000.001879,1000.001963,1000.002054,1000.002152,1000.002256,1000.002367,1000.002484,1000.002598,1000.002703,1000.002787,1000.002840,1000.002850,1000.002805,1000.002701,1000.002534,1000.002312,1000.002046,1000.001759,1000.001450,1000.001125,1000.000748,0.000000,0.000000,0.000000,0.000000,0.000000,0.000000,0.000000,0.000000,0.000000,0.000000,0.000000,0.000000,0.000000,0.000000,0.000000,0.000000,0.000000,0.000000,0.000000,0.000000
0.000000,0.000000,0.000000,0.000000,0.000000,0.000000,0.000000,0.000000,0.000000,0.000000,0.000000,0.000000,0.000000,0.000000,0.000000,0.000000,0.000000,0.000000,0.000000,0.000000,0.000000,1000.000647,1000.000991,1000.001323,1000.001617,1000.001896,1000.002161,1000.002393,1000.002583,1000.002723,1000.002809,1000.002843,1000.002830,1000.002779,1000.002705,1000.002616,1000.002521,1000.002427,1000.002338,1000.002253,1000.002174,1000.002101,1000.002032,1000.001970,1000.001917,1000.001874,1000.001840,1000.001814,1000.001795,1000.001782,1000.001775,1000.001773,1000.001776,1000.001784,1000.001795,1000.001813,1000.001837,1000.001869,1000.001909,1000.001960,1000.002021,1000.002090,1000.002165,1000.002246,1000.002333,1000.002425,1000.002521,1000.002619,1000.002712,1000.002790,1000.002841,1000.002853,1000.002818,1000.002733,1000.002597,1000.002413,1000.002188,1000.001929,1000.001655,1000.001361,1000.001016,1000.000664,0.000000,0.000000,0.000000,0.000000,0.000000,0.000000,0.000000,0.000000,0.000000,0.000000,0.000000,0.000000,0.000000,0.000000,0.000000,0.000000,0.000000,0.000000,0.000000,0.000000,0.000000
0.000000,0.000000,0.000000,0.000000,0.000000,0.000000,0.000000,0.000000,0.000000,0.000000,0.000000,0.000000,0.000000,0.000000,0.000000,0.000000,0.000000,0.000000,0.000000,0.000000,0.000000,0.000000,0.000000,1000.000849,1000.001185,1000.001470,1000.001746,1000.002001,1000.002238,1000.002444,1000.002610,1000.002733,1000.002809,1000.002841,1000.002834,1000.002796,1000.002737,1000.002668,1000.002595,1000.002521,1000.002451,1000.002383,1000.002316,1000.002255,1000.002204,1000.002164,1000.002133,1000.002112,1000.002097,1000.002087,1000.002081,1000.002079,1000.002081,1000.002086,1000.002096,1000.002111,1000.002132,1000.002160,1000.002198,1000.002247,1000.002308,1000.002374,1000.002443,1000.002515,1000.002591,1000.002667,1000.002739,1000.002801,1000.002843,1000.002852,1000.002819,1000.002740,1000.002616,1000.002452,1000.002254,1000.002025,1000.001780,1000.001513,1000.001235,1000.000907,0.000000,0.000000,0.000000,0.000000,0.000000,0.000000,0.000000,0.000000,0.000000,0.000000,0.000000,0.000000,0.000000,0.000000,0.000000,0.000000,0.000000,0.000000,0.000000,0.000000,0.000000,0.000000,0.000000
0.000000,0.000000,0.000000,0.000000,0.000000,0.000000,0.000000,0.000000,0.000000,0.000000,0.000000,0.000000,0.000000,0.000000,0.000000,0.000000,0.000000,0.000000,0.000000,0.000000,0.000000,0.000000,0.000000,0.000000,1000.000702,1000.001010,1000.001307,1000.001565,1000.001818,1000.002052,1000.002268,1000.002454,1000.002606,1000.002722,1000.002798,1000.002835,1000.002840,1000.002821,1000.002784,1000.002740,1000.002690,1000.002636,1000.002578,1000.002523,1000.002478,1000.002444,1000.002420,1000.002403,1000.002392,1000.002386,1000.002383,1000.002381,1000.002382,1000.002386,1000.002393,1000.002404,1000.002420,1000.002443,1000.002476,1000.002521,1000.002575,1000.002631,1000.002686,1000.002736,1000.002782,1000.002820,1000.002842,1000.002840,1000.002805,1000.002730,1000.002612,1000.002459,1000.002273,1000.002063,1000.001837,1000.001596,1000.001350,1000.001065,1000.000763,0.000000,0.000000,0.000000,0.000000,0.000000,0.000000,0.000000,0.000000,0.000000,0.000000,0.000000,0.000000,0.000000,0.000000,0.000000,0.000000,0.000000,0.000000,0.000000,0.000000,0.000000,0.000000,0.000000,0.000000
0.000000,0.000000,0.000000,0.000000,0.000000,0.000000,0.000000,0.000000,0.000000,0.000000,0.000000,0.000000,0.000000,0.000000,0.000000,0.000000,0.000000,0.000000,0.000000,0.000000,0.000000,0.000000,0.000000,0.000000,0.000000,0.000000,1000.000812,1000.001092,1000.001368,1000.001610,1000.001845,1000.002060,1000.002257,1000.002429,1000.002571,1000.002681,1000.002756,1000.002804,1000.002828,1000.002832,1000.002823,1000.002802,1000.002769,1000.002734,1000.002703,1000.002681,1000.002666,1000.002655,1000.002649,1000.002645,1000.002644,1000.002644,1000.002645,1000.002647,1000.002651,1000.002657,1000.002668,1000.002684,1000.002707,1000.002737,1000.002771,1000.002803,1000.002824,1000.002832,1000.002828,1000.002806,1000.002759,1000.002685,1000.002576,1000.002434,1000.002260,1000.002063,1000.001850,1000.001625,1000.001395,1000.001135,1000.000860,0.000000,0.000000,0.000000,0.000000,0.000000,0.000000,0.000000,0.000000,0.000000,0.000000,0.000000,0.000000,0.000000,0.000000,0.000000,0.000000,0.000000,0.000000,0.000000,0.000000,0.000000,0.000000,0.000000,0.000000,0.000000,0.000000
0.000000,0.000000,0.000000,0.000000,0.000000,0.000000,0.000000,0.000000,0.000000,0.000000,0.000000,0.000000,0.000000,0.000000,0.000000,0.000000,0.000000,0.000000,0.000000,0.000000,0.000000,0.000000,0.000000,0.000000,0.000000,0.000000,0.000000,0.000000,1000.000853,1000.001124,1000.001390,1000.001610,1000.001823,1000.002017,1000.002196,1000.002350,1000.002479,1000.002583,1000.002665,1000.002725,1000.002767,1000.002794,1000.002806,1000.002807,1000.002804,1000.002799,1000.002795,1000.002792,1000.002789,1000.002787,1000.002787,1000.002788,1000.002790,1000.002791,1000.002791,1000.002793,1000.002797,1000.002803,1000.002810,1000.002815,1000.002814,1000.002802,1000.002774,1000.002732,1000.002672,1000.002590,1000.002487,1000.002358,1000.002203,1000.002024,1000.001827,1000.001614,1000.001398,1000.001151,1000.000891,0.000000,0.000000,0.000000,0.000000,0.000000,0.000000,0.000000,0.000000,0.000000,0.000000,0.000000,0.000000,0.000000,0.000000,0.000000,0.000000,0.000000,0.000000,0.000000,0.000000,0.000000,0.000000,0.000000,0.000000,0.000000,0.000000,0.000000,0.000000
0.000000,0.000000,0.000000,0.000000,0.000000,0.000000,0.000000,0.000000,0.000000,0.000000,0.000000,0.000000,0.000000,0.000000,0.000000,0.000000,0.000000,0.000000,0.000000,0.000000,0.000000,0.000000,0.000000,0.000000,0.000000,0.000000,0.000000,0.000000,0.000000,0.000000,1000.000868,1000.001114,1000.001353,1000.001550,1000.001738,1000.001909,1000.002067,1000.002204,1000.002321,1000.002419,1000.002502,1000.002573,1000.002630,1000.002670,1000.002695,1000.002710,1000.002718,1000.002722,1000.002722,1000.002722,1000.002722,1000.002723,1000.002724,1000.002724,1000.002722,1000.002720,1000.002717,1000.002712,1000.002701,1000.002680,1000.002642,1000.002587,1000.002517,1000.002436,1000.002338,1000.002222,1000.002085,1000.001928,1000.001755,1000.001564,1000.001363,1000.001122,1000.000881,0.000000,0.000000,0.000000,0.000000,0.000000,0.000000,0.000000,0.000000,0.000000,0.000000,0.000000,0.000000,0.000000,0.000000,0.000000,0.000000,0.000000,0.000000,0.000000,0.000000,0.000000,0.000000,0.000000,0.000000,0.000000,0.000000,0.000000,0.000000,0.000000,0.000000
0.000000,0.000000,0.000000,0.000000,0.000000,0.000000,0.000000,0.000000,0.000000,0.000000,0.000000,0.000000,0.000000,0.000000,0.000000,0.000000,0.000000,0.000000,0.000000,0.000000,0.000000,0.000000,0.000000,0.000000,0.000000,0.000000,0.000000,0.000000,0.000000,0.000000,0.000000,0.000000,1000.000816,1000.001041,1000.001253,1000.001429,1000.001586,1000.001737,1000.001868,1000.001987,1000.002093,1000.002186,1000.002268,1000.002331,1000.002377,1000.002405,1000.002423,1000.002433,1000.002437,1000.002438,1000.002437,1000.002435,1000.002436,1000.002435,1000.002433,1000.002428,1000.002419,1000.002404,1000.002380,1000.002340,1000.002283,1000.002207,1000.002118,1000.002016,1000.001901,1000.001771,1000.001620,1000.001461,1000.001283,1000.001061,1000.000833,0.000000,0.000000,0.000000,0.000000,0.000000,0.000000,0.000000,0.000000,0.000000,0.000000,0.000000,0.000000,0.000000,0.000000,0.000000,0.000000,0.000000,0.000000,0.000000,0.000000,0.000000,0.000000,0.000000,0.000000,0.000000,0.000000,0.000000,0.000000,0.000000,0.000000,0.000000,0.000000
0.000000,0.000000,0.000000,0.000000,0.000000,0.000000,0.000000,0.000000,0.000000,0.000000,0.000000,0.000000,0.000000,0.000000,0.000000,0.000000,0.000000,0.000000,0.000000,0.000000,0.000000,0.000000,0.000000,0.000000,0.000000,0.000000,0.000000,0.000000,0.000000,0.000000,0.000000,0.000000,0.000000,0.000000,1000.000718,1000.000914,1000.001076,1000.001232,1000.001369,1000.001496,1000.001612,1000.001708,1000.001798,1000.001872,1000.001929,1000.001967,1000.001989,1000.002002,1000.002007,1000.002008,1000.002005,1000.002001,1000.002001,1000.001999,1000.001998,1000.001994,1000.001983,1000.001963,1000.001930,1000.001879,1000.001814,1000.001733,1000.001649,1000.001541,1000.001422,1000.001289,1000.001129,1000.000959,1000.000760,0.000000,0.000000,0.000000,0.000000,0.000000,0.000000,0.000000,0.000000,0.000000,0.000000,0.000000,0.000000,0.000000,0.000000,0.000000,0.000000,0.000000,0.000000,0.000000,0.000000,0.000000,0.000000,0.000000,0.000000,0.000000,0.000000,0.000000,0.000000,0.000000,0.000000,0.000000,0.000000,0.000000,0.000000
0.000000,0.000000,0.000000,0.000000,0.000000,0.000000,0.000000,0.000000,0.000000,0.000000,0.000000,0.000000,0.000000,0.000000,0.000000,0.000000,0.000000,0.000000,0.000000,0.000000,0.000000,0.000000,0.000000,0.000000,0.000000,0.000000,0.000000,0.000000,0.000000,0.000000,0.000000,0.000000,0.000000,0.000000,0.000000,0.000000,0.000000,1000.000674,1000.000846,1000.000981,1000.001092,1000.001187,1000.001282,1000.001363,1000.001426,1000.001470,1000.001494,1000.001505,1000.001506,1000.001504,1000.001494,1000.001492,1000.001485,1000.001488,1000.001490,1000.001493,1000.001488,1000.001468,1000.001428,1000.001369,1000.001294,1000.001218,1000.001144,1000.001049,1000.000920,1000.000754,0.000000,0.000000,0.000000,0.000000,0.000000,0.000000,0.000000,0.000000,0.000000,0.000000,0.000000,0.000000,0.000000,0.000000,0.000000,0.000000,0.000000,0.000000,0.000000,0.000000,0.000000,0.000000,0.000000,0.000000,0.000000,0.000000,0.000000,0.000000,0.000000,0.000000,0.000000,0.000000,0.000000,0.000000,0.000000,0.000000,0.000000
0.000000,0.000000,0.000000,0.000000,0.000000,0.000000,0.000000,0.000000,0.000000,0.000000,0.000000,0.000000,0.000000,0.000000,0.000000,0.000000,0.000000,0.000000,0.000000,0.000000,0.000000,0.000000,0.000000,0.000000,0.000000,0.000000,0.000000,0.000000,0.000000,0.000000,0.000000,0.000000,0.000000,0.000000,0.000000,0.000000,0.000000,0.000000,0.000000,0.000000,0.000000,0.000000,1000.000721,1000.000841,1000.000910,1000.000953,1000.000974,1000.000975,1000.000966,1000.000951,1000.000940,1000.000958,1000.000923,1000.000926,1000.000943,1000.000960,1000.000969,1000.000959,1000.000923,1000.000854,1000.000729,0.000000,0.000000,0.000000,0.000000,0.000000,0.000000,0.000000,0.000000,0.000000,0.000000,0.000000,0.000000,0.000000,0.000000,0.000000,0.000000,0.000000,0.000000,0.000000,0.000000,0.000000,0.000000,0.000000,0.000000,0.000000,0.000000,0.000000,0.000000,0.000000,0.000000,0.000000,0.000000,0.000000,0.000000,0.000000,0.000000,0.000000,0.000000,0.000000,0.000000,0.000000,0.000000
0.000000,0.000000,0.000000,0.000000,0.000000,0.000000,0.000000,0.000000,0.000000,0.000000,0.000000,0.000000,0.000000,0.000000,0.000000,0.000000,0.000000,0.000000,0.000000,0.000000,0.000000,0.000000,0.000000,0.000000,0.000000,0.000000,0.000000,0.000000,0.000000,0.000000,0.000000,0.000000,0.000000,0.000000,0.000000,0.000000,0.000000,0.000000,0.000000,0.000000,0.000000,0.000000,0.000000,0.000000,0.000000,0.000000,0.000000,0.000000,0.000000,0.000000,0.000000,1000.000384,0.000000,0.000000,0.000000,0.000000,0.000000,0.000000,0.000000,0.000000,0.000000,0.000000,0.000000,0.000000,0.000000,0.000000,0.000000,0.000000,0.000000,0.000000,0.000000,0.000000,0.000000,0.000000,0.000000,0.000000,0.000000,0.000000,0.000000,0.000000,0.000000,0.000000,0.000000,0.000000,0.000000,0.000000,0.000000,0.000000,0.000000,0.000000,0.000000,0.000000,0.000000,0.000000,0.000000,0.000000,0.000000,0.000000,0.000000,0.000000,0.000000,0.000000,0.000000
0.000000,0.000000,0.000000,0.000000,0.000000,0.000000,0.000000,0.000000,0.000000,0.000000,0.000000,0.000000,0.000000,0.000000,0.000000,0.000000,0.000000,0.000000,0.000000,0.000000,0.000000,0.000000,0.000000,0.000000,0.000000,0.000000,0.000000,0.000000,0.000000,0.000000,0.000000,0.000000,0.000000,0.000000,0.000000,0.000000,0.000000,0.000000,0.000000,0.000000,0.000000,0.000000,0.000000,0.000000,0.000000,0.000000,0.000000,0.000000,0.000000,0.000000,0.000000,0.000000,0.000000,0.000000,0.000000,0.000000,0.000000,0.000000,0.000000,0.000000,0.000000,0.000000,0.000000,0.000000,0.000000,0.000000,0.000000,0.000000,0.000000,0.000000,0.000000,0.000000,0.000000,0.000000,0.000000,0.000000,0.000000,0.000000,0.000000,0.000000,0.000000,0.000000,0.000000,0.000000,0.000000,0.000000,0.000000,0.000000,0.000000,0.000000,0.000000,0.000000,0.000000,0.000000,0.000000,0.000000,0.000000,0.000000,0.000000,0.000000,0.000000,0.000000,0.000000
