0.000000,0.000000,0.000000,0.000000,0.000000,0.000000,0.000000,0.000000,0.000000,0.000000,0.000000,0.000000,0.000000,0.000000,0.000000,0.000000,0.000000,0.000000,0.000000,0.000000,0.000000,0.000000,0.000000,0.000000,0.000000,0.000000,0.000000,0.000000,0.000000,0.000000,0.000000,0.000000,0.000000,0.000000,0.000000,0.000000,0.000000,0.000000,0.000000,0.000000,0.000000,0.000000,0.000000,0.000000,0.000000,0.000000,0.000000,0.000000,0.000000,0.000000,0.000000,0.000000,0.000000,0.000000,0.000000,0.000000,0.000000,0.000000,0.000000,0.000000,0.000000,0.000000,0.000000,0.000000,0.000000,0.000000,0.000000,0.000000,0.000000,0.000000,0.000000,0.000000,0.000000,0.000000,0.000000,0.000000,0.000000,0.000000,0.000000,0.000000,0.000000,0.000000,0.000000,0.000000,0.000000,0.000000,0.000000,0.000000,0.000000,0.000000,0.000000,0.000000,0.000000,0.000000,0.000000,0.000000,0.000000,0.000000,0.000000,0.000000,0.000000,0.000000,0.000000
0.000000,0.000000,0.000000,0.000000,0.000000,0.000000,0.000000,0.000000,0.000000,0.000000,0.000000,0.000000,0.000000,0.000000,0.000000,0.000000,0.000000,0.000000,0.000000,0.000000,0.000000,0.000000,0.000000,0.000000,0.000000,0.000000,0.000000,0.000000,0.000000,0.000000,0.000000,0.000000,0.000000,0.000000,0.000000,0.000000,0.000000,0.000000,0.000000,0.000000,0.000000,0.000000,0.000000,0.000000,0.000000,0.000000,0.000000,0.000000,0.000000,0.000000,0.000000,1000.000448,0.000000,0.000000,0.000000,0.000000,0.000000,0.000000,0.000000,0.000000,0.000000,0.000000,0.000000,0.000000,0.000000,0.000000,0.000000,0.000000,0.000000,0.000000,0.000000,0.000000,0.000000,0.000000,0.000000,0.000000,0.000000,0.000000,0.000000,0.000000,0.000000,0.000000,0.000000,0.000000,0.000000,0.000000,0.000000,0.000000,0.000000,0.000000,0.000000,0.000000,0.000000,0.000000,0.000000,0.000000,0.000000,0.000000,0.000000,0.000000,0.000000,0.000000,0.000000
0.000000,0.000000,0.000000,0.000000,0.000000,0.000000,0.000000,0.000000,0.000000,0.000000,0.000000,0.000000,0.000000,0.000000,0.000000,0.000000,0.000000,0.000000,0.000000,0.000000,0.000000,0.000000,0.000000,0.000000,0.000000,0.000000,0.000000,0.000000,0.000000,0.000000,0.000000,0.000000,0.000000,0.000000,0.000000,0.000000,0.000000,0.000000,0.000000,0.000000,0.000000,0.000000,1000.000712,1000.000830,1000.000899,1000.000940,1000.000964,1000.000976,1000.000981,1000.000978,1000.000974,1000.000992,1000.000957,1000.000950,1000.000952,1000.000952,1000.000943,1000.000921,1000.000885,1000.000825,1000.000713,0.000000,0.000000,0.000000,0.000000,0.000000,0.000000,0.000000,0.000000,0.000000,0.000000,0.000000,0.000000,0.000000,0.000000,0.000000,0.000000,0.000000,0.000000,0.000000,0.000000,0.000000,0.000000,0.000000,0.000000,0.000000,0.000000,0.000000,0.000000,0.000000,0.000000,0.000000,0.000000,0.000000,0.000000,0.000000,0.000000,0.000000,0.000000,0.000000,0.000000,0.000000,0.000000
0.000000,0.000000,0.000000,0.000000,0.000000,0.000000,0.000000,0.000000,0.000000,0.000000,0.000000,0.000000,0.000000,0.000000,0.000000,0.000000,0.000000,0.000000,0.000000,0.000000,0.000000,0.000000,0.000000,0.000000,0.000000,0.000000,0.000000,0.000000,0.000000,0.000000,0.000000,0.000000,0.000000,0.000000,0.000000,0.000000,0.000000,1000.000657,1000.000831,1000.000974,1000.001090,1000.001185,1000.001274,1000.001351,1000.001412,1000.001455,1000.001479,1000.001491,1000.001497,1000.001500,1000.001496,1000.001499,1000.001492,1000.001490,1000.001484,1000.001477,1000.001463,1000.001438,1000.001397,1000.001337,1000.001261,1000.001176,1000.001088,1000.000985,1000.000856,1000.000688,0.000000,0.000000,0.000000,0.000000,0.000000,0.000000,0.000000,0.000000,0.000000,0.000000,0.000000,0.000000,0.000000,0.000000,0.000000,0.000000,0.000000,0.000000,0.000000,0.000000,0.000000,0.000000,0.000000,0.000000,0.000000,0.000000,0.000000,0.000000,0.000000,0.000000,0.000000,0.000000,0.000000,0.000000,0.000000,0.000000,0.000000
0.000000,0.000000,0.000000,0.000000,0.000000,0.000000,0.000000,0.000000,0.000000,0.000000,0.000000,0.000000,0.000000,0.000000,0.000000,0.000000,0.000000,0.000000,0.000000,0.000000,0.000000,0.000000,0.000000,0.000000,0.000000,0.000000,0.000000,0.000000,0.000000,0.000000,0.000000,0.000000,0.000000,0.000000,1000.000703,1000.000893,1000.001055,1000.001218,1000.001357,1000.001486,1000.001604,1000.001698,1000.001787,1000.001857,1000.001911,1000.001947,1000.001968,1000.001980,1000.001985,1000.001987,1000.001988,1000.001986,1000.001988,1000.001986,1000.001982,1000.001975,1000.001961,1000.001936,1000.001897,1000.001842,1000.001772,1000.001688,1000.001599,1000.001488,1000.001366,1000.001233,1000.001082,1000.000926,1000.000735,0.000000,0.000000,0.000000,0.000000,0.000000,0.000000,0.000000,0.000000,0.000000,0.000000,0.000000,0.000000,0.000000,0.000000,0.000000,0.000000,0.000000,0.000000,0.000000,0.000000,0.000000,0.000000,0.000000,0.000000,0.000000,0.000000,0.000000,0.000000,0.000000,0.000000,0.000000,0.000000,0.000000,0.000000
0.000000,0.000000,0.000000,0.000000,0.000000,0.000000,0.000000,0.000000,0.000000,0.000000,0.000000,0.000000,0.000000,0.000000,0.000000,0.000000,0.000000,0.000000,0.000000,0.000000,0.000000,0.000000,0.000000,0.000000,0.000000,0.000000,0.000000,0.000000,0.000000,0.000000,0.000000,0.000000,1000.000800,1000.001020,1000.001229,1000.001404,1000.001563,1000.001718,1000.001853,1000.001974,1000.002080,1000.002171,1000.002250,1000.002311,1000.002354,1000.002381,1000.002398,1000.002407,1000.002411,1000.002411,1000.002411,1000.002410,1000.002412,1000.002413,1000.002412,1000.002407,1000.002395,1000.002375,1000.002345,1000.002300,1000.002240,1000.002163,1000.002073,1000.001970,1000.001853,1000.001724,1000.001576,1000.001423,1000.001251,1000.001039,1000.000818,0.000000,0.000000,0.000000,0.000000,0.000000,0.000000,0.000000,0.000000,0.000000,0.000000,0.000000,0.000000,0.000000,0.000000,0.000000,0.000000,0.000000,0.000000,0.000000,0.000000,0.000000,0.000000,0.000000,0.000000,0.000000,0.000000,0.000000,0.000000,0.000000,0.000000,0.000000,0.000000
0.000000,0.000000,0.000000,0.000000,0.000000,0.000000,0.000000,0.000000,0.000000,0.000000,0.000000,0.000000,0.000000,0.000000,0.000000,0.000000,0.000000,0.000000,0.000000,0.000000,0.000000,0.000000,0.000000,0.000000,0.000000,0.000000,0.000000,0.000000,0.000000,0.000000,1000.000851,1000.001092,1000.001327,1000.001521,1000.001708,1000.001878,1000.002038,1000.002178,1000.002299,1000.002400,1000.002481,1000.002550,1000.002604,1000.002641,1000.002665,1000.002680,1000.002690,1000.002694,1000.002696,1000.002695,1000.002694,1000.002693,1000.002694,1000.002695,1000.002696,1000.002694,1000.002689,1000.002679,1000.002663,1000.002637,1000.002599,1000.002545,1000.002476,1000.002394,1000.002295,1000.002179,1000.002042,1000.001886,1000.001717,1000.001531,1000.001334,1000.001094,1000.000845,0.000000,0.000000,0.000000,0.000000,0.000000,0.000000,0.000000,0.000000,0.000000,0.000000,0.000000,0.000000,0.000000,0.000000,0.000000,0.000000,0.000000,0.000000,0.000000,0.000000,0.000000,0.000000,0.000000,0.000000,0.000000,0.000000,0.000000,0.000000,0.000000,0.000000
0.000000,0.000000,0.000000,0.000000,0.000000,0.000000,0.000000,0.000000,0.000000,0.000000,0.000000,0.000000,0.000000,0.000000,0.000000,0.000000,0.000000,0.000000,0.000000,0.000000,0.000000,0.000000,0.000000,0.000000,0.000000,0.000000,0.000000,0.000000,1000.000860,1000.001116,1000.001366,1000.001580,1000.001789,1000.001982,1000.002159,1000.002313,1000.002444,1000.002550,1000.002635,1000.002694,1000.002734,1000.002759,1000.002770,1000.002771,1000.002768,1000.002766,1000.002765,1000.002763,1000.002761,1000.002759,1000.002758,1000.002757,1000.002757,1000.002758,1000.002759,1000.002762,1000.002764,1000.002767,1000.002770,1000.002772,1000.002770,1000.002758,1000.002731,1000.002690,1000.002631,1000.002547,1000.002442,1000.002312,1000.002159,1000.001982,1000.001788,1000.001577,1000.001358,1000.001107,1000.000846,0.000000,0.000000,0.000000,0.000000,0.000000,0.000000,0.000000,0.000000,0.000000,0.000000,0.000000,0.000000,0.000000,0.000000,0.000000,0.000000,0.000000,0.000000,0.000000,0.000000,0.000000,0.000000,0.000000,0.000000,0.000000,0.000000,0.000000,0.000000
0.000000,0.000000,0.000000,0.000000,0.000000,0.000000,0.000000,0.000000,0.000000,0.000000,0.000000,0.000000,0.000000,0.000000,0.000000,0.000000,0.000000,0.000000,0.000000,0.000000,0.000000,0.000000,0.000000,0.000000,0.000000,0.000000,1000.000810,1000.001091,1000.001358,1000.001588,1000.001813,1000.002022,1000.002218,1000.002390,1000.002531,1000.002640,1000.002717,1000.002765,1000.002789,1000.002792,1000.002781,1000.002757,1000.002725,1000.002692,1000.002665,1000.002647,1000.002634,1000.002625,1000.002619,1000.002615,1000.002613,1000.002613,1000.002613,1000.002615,1000.002618,1000.002624,1000.002634,1000.002649,1000.002669,1000.002695,1000.002726,1000.002757,1000.002779,1000.002788,1000.002784,1000.002760,1000.002711,1000.002634,1000.002525,1000.002385,1000.002215,1000.002021,1000.001810,1000.001583,1000.001356,1000.001104,1000.000828,0.000000,0.000000,0.000000,0.000000,0.000000,0.000000,0.000000,0.000000,0.000000,0.000000,0.000000,0.000000,0.000000,0.000000,0.000000,0.000000,0.000000,0.000000,0.000000,0.000000,0.000000,0.000000,0.000000,0.000000,0.000000,0.000000
0.000000,0.000000,0.000000,0.000000,0.000000,0.000000,0.000000,0.000000,0.000000,0.000000,0.000000,0.000000,0.000000,0.000000,0.000000,0.000000,0.000000,0.000000,0.000000,0.000000,0.000000,0.000000,0.000000,0.000000,1000.000692,1000.001002,1000.001298,1000.001551,1000.001794,1000.002018,1000.002227,1000.002411,1000.002563,1000.002680,1000.002756,1000.002793,1000.002798,1000.002779,1000.002741,1000.002694,1000.002642,1000.002587,1000.002532,1000.002481,1000.002440,1000.002410,1000.002389,1000.002373,1000.002362,1000.002356,1000.002353,1000.002352,1000.002354,1000.002357,1000.002362,1000.002373,1000.002389,1000.002412,1000.002442,1000.002483,1000.002533,1000.002587,1000.002641,1000.002691,1000.002736,1000.002773,1000.002793,1000.002788,1000.002753,1000.002678,1000.002564,1000.002416,1000.002234,1000.002026,1000.001802,1000.001564,1000.001317,1000.001022,1000.000706,0.000000,0.000000,0.000000,0.000000,0.000000,0.000000,0.000000,0.000000,0.000000,0.000000,0.000000,0.000000,0.000000,0.000000,0.000000,0.000000,0.000000,0.000000,0.000000,0.000000,0.000000,0.000000,0.000000,0.000000
0.000000,0.000000,0.000000,0.000000,0.000000,0.000000,0.000000,0.000000,0.000000,0.000000,0.000000,0.000000,0.000000,0.000000,0.000000,0.000000,0.000000,0.000000,0.000000,0.000000,0.000000,0.000000,0.000000,1000.000842,1000.001175,1000.001457,1000.001729,1000.001978,1000.002205,1000.002402,1000.002563,1000.002687,1000.002765,1000.002798,1000.002791,1000.002753,1000.002695,1000.002626,1000.002550,1000.002474,1000.002401,1000.002334,1000.002271,1000.002215,1000.002169,1000.002132,1000.002103,1000.002082,1000.002067,1000.002058,1000.002054,1000.002053,1000.002055,1000.002060,1000.002069,1000.002083,1000.002104,1000.002133,1000.002170,1000.002217,1000.002273,1000.002336,1000.002402,1000.002473,1000.002547,1000.002622,1000.002693,1000.002753,1000.002795,1000.002804,1000.002773,1000.002698,1000.002577,1000.002416,1000.002220,1000.001992,1000.001746,1000.001473,1000.001184,1000.000839,0.000000,0.000000,0.000000,0.000000,0.000000,0.000000,0.000000,0.000000,0.000000,0.000000,0.000000,0.000000,0.000000,0.000000,0.000000,0.000000,0.000000,0.000000,0.000000,0.000000,0.000000,0.000000,0.000000
0.000000,0.000000,0.000000,0.000000,0.000000,0.000000,0.000000,0.000000,0.000000,0.000000,0.000000,0.000000,0.000000,0.000000,0.000000,0.000000,0.000000,0.000000,0.000000,0.000000,0.000000,1000.000632,1000.000978,1000.001310,1000.001601,1000.001877,1000.002139,1000.002365,1000.002545,1000.002679,1000.002763,1000.002798,1000.002786,1000.002737,1000.002662,1000.002573,1000.002479,1000.002386,1000.002294,1000.002207,1000.002127,1000.002055,1000.001991,1000.001934,1000.001885,1000.001844,1000.001810,1000.001785,1000.001767,1000.001756,1000.001750,1000.001749,1000.001752,1000.001759,1000.001771,1000.001788,1000.001813,1000.001846,1000.001887,1000.001936,1000.001994,1000.002059,1000.002130,1000.002208,1000.002293,1000.002384,1000.002480,1000.002578,1000.002671,1000.002748,1000.002800,1000.002812,1000.002779,1000.002695,1000.002560,1000.002379,1000.002154,1000.001893,1000.001613,1000.001316,1000.000984,1000.000636,0.000000,0.000000,0.000000,0.000000,0.000000,0.000000,0.000000,0.000000,0.000000,0.000000,0.000000,0.000000,0.000000,0.000000,0.000000,0.000000,0.000000,0.000000,0.000000,0.000000,0.000000
0.000000,0.000000,0.000000,0.000000,0.000000,0.000000,0.000000,0.000000,0.000000,0.000000,0.000000,0.000000,0.000000,0.000000,0.000000,0.000000,0.000000,0.000000,0.000000,0.000000,1000.000726,1000.001094,1000.001409,1000.001712,1000.001997,1000.002263,1000.002486,1000.002651,1000.002753,1000.002795,1000.002786,1000.002734,1000.002651,1000.002549,1000.002438,1000.002326,1000.002219,1000.002116,1000.002020,1000.001930,1000.001848,1000.001775,1000.001710,1000.001653,1000.001602,1000.001558,1000.001522,1000.001494,1000.001474,1000.001460,1000.001453,1000.001451,1000.001455,1000.001464,1000.001478,1000.001498,1000.001525,1000.001561,1000.001604,1000.001655,1000.001714,1000.001779,1000.001852,1000.001933,1000.002022,1000.002118,1000.002222,1000.002334,1000.002450,1000.002564,1000.002667,1000.002749,1000.002801,1000.002810,1000.002767,1000.002665,1000.002501,1000.002281,1000.002015,1000.001728,1000.001424,1000.001109,1000.000740,0.000000,0.000000,0.000000,0.000000,0.000000,0.000000,0.000000,0.000000,0.000000,0.000000,0.000000,0.000000,0.000000,0.000000,0.000000,0.000000,0.000000,0.000000,0.000000,0.000000
0.000000,0.000000,0.000000,0.000000,0.000000,0.000000,0.000000,0.000000,0.000000,0.000000,0.000000,0.000000,0.000000,0.000000,0.000000,0.000000,0.000000,0.000000,0.000000,1000.000808,1000.001179,1000.001502,1000.001805,1000.002095,1000.002354,1000.002568,1000.002716,1000.002788,1000.002790,1000.002740,1000.002655,1000.002547,1000.002427,1000.002302,1000.002178,1000.002060,1000.001947,1000.001842,1000.001744,1000.001654,1000.001573,1000.001500,1000.001434,1000.001375,1000.001323,1000.001278,1000.001241,1000.001212,1000.001190,1000.001174,1000.001166,1000.001163,1000.001168,1000.001178,1000.001194,1000.001216,1000.001245,1000.001282,1000.001327,1000.001379,1000.001439,1000.001505,1000.001579,1000.001660,1000.001750,1000.001848,1000.001955,1000.002070,1000.002192,1000.002317,1000.002443,1000.002563,1000.002670,1000.002754,1000.002803,1000.002802,1000.002732,1000.002587,1000.002375,1000.002117,1000.001828,1000.001527,1000.001204,1000.000831,0.000000,0.000000,0.000000,0.000000,0.000000,0.000000,0.000000,0.000000,0.000000,0.000000,0.000000,0.000000,0.000000,0.000000,0.000000,0.000000,0.000000,0.000000,0.000000
0.000000,0.000000,0.000000,0.000000,0.000000,0.000000,0.000000,0.000000,0.000000,0.000000,0.000000,0.000000,0.000000,0.000000,0.000000,0.000000,0.000000,0.000000,1000.000866,1000.001244,1000.001576,1000.001885,1000.002179,1000.002430,1000.002625,1000.002753,1000.002798,1000.002765,1000.002680,1000.002565,1000.002437,1000.002304,1000.002170,1000.002038,1000.001912,1000.001790,1000.001676,1000.001570,1000.001473,1000.001383,1000.001302,1000.001229,1000.001162,1000.001102,1000.001049,1000.001004,1000.000967,1000.000937,1000.000915,1000.000899,1000.000889,1000.000887,1000.000891,1000.000901,1000.000919,1000.000943,1000.000974,1000.001012,1000.001058,1000.001111,1000.001170,1000.001237,1000.001311,1000.001393,1000.001483,1000.001581,1000.001688,1000.001803,1000.001926,1000.002054,1000.002186,1000.002319,1000.002452,1000.002580,1000.002693,1000.002778,1000.002813,1000.002771,1000.002647,1000.002454,1000.002207,1000.001916,1000.001608,1000.001276,1000.000892,0.000000,0.000000,0.000000,0.000000,0.000000,0.000000,0.000000,0.000000,0.000000,0.000000,0.000000,0.000000,0.000000,0.000000,0.000000,0.000000,0.000000,0.000000
0.000000,0.000000,0.000000,0.000000,0.000000,0.000000,0.000000,0.000000,0.000000,0.000000,0.000000,0.000000,0.000000,0.000000,0.000000,0.000000,0.000000,1000.000893,1000.001286,1000.001628,1000.001946,1000.002245,1000.002495,1000.002674,1000.002776,1000.002795,1000.002737,1000.002624,1000.002484,1000.002336,1000.002190,1000.002048,1000.001910,1000.001777,1000.001649,1000.001527,1000.001412,1000.001307,1000.001209,1000.001119,1000.001037,1000.000963,1000.000896,1000.000836,1000.000784,1000.000739,1000.000701,1000.000672,1000.000649,1000.000633,1000.000623,1000.000621,1000.000624,1000.000634,1000.000652,1000.000677,1000.000710,1000.000749,1000.000796,1000.000849,1000.000909,1000.000976,1000.001050,1000.001132,1000.001222,1000.001319,1000.001424,1000.001538,1000.001661,1000.001790,1000.001923,1000.002061,1000.002204,1000.002350,1000.002497,1000.002637,1000.002749,1000.002809,1000.002793,1000.002694,1000.002519,1000.002274,1000.001979,1000.001662,1000.001318,1000.000917,0.000000,0.000000,0.000000,0.000000,0.000000,0.000000,0.000000,0.000000,0.000000,0.000000,0.000000,0.000000,0.000000,0.000000,0.000000,0.000000,0.000000
0.000000,0.000000,0.000000,0.000000,0.000000,0.000000,0.000000,0.000000,0.000000,0.000000,0.000000,0.000000,0.000000,0.000000,0.000000,0.000000,1000.000899,1000.001304,1000.001658,1000.001985,1000.002289,1000.002538,1000.002709,1000.002789,1000.002782,1000.002705,1000.002576,1000.002418,1000.002252,1000.002092,1000.001940,1000.001794,1000.001655,1000.001521,1000.001393,1000.001272,1000.001157,1000.001051,1000.000952,1000.000861,1000.000779,1000.000705,1000.000638,1000.000579,1000.000527,1000.000482,1000.000445,1000.000414,1000.000391,1000.000375,1000.000366,1000.000363,1000.000366,1000.000376,1000.000394,1000.000420,1000.000453,1000.000493,1000.000540,1000.000594,1000.000654,1000.000722,1000.000796,1000.000877,1000.000966,1000.001062,1000.001166,1000.001279,1000.001400,1000.001529,1000.001663,1000.001803,1000.001950,1000.002103,1000.002264,1000.002428,1000.002585,1000.002714,1000.002793,1000.002803,1000.002728,1000.002562,1000.002317,1000.002016,1000.001690,1000.001334,1000.000921,0.000000,0.000000,0.000000,0.000000,0.000000,0.000000,0.000000,0.000000,0.000000,0.000000,0.000000,0.000000,0.000000,0.000000,0.000000,0.000000
0.000000,0.000000,0.000000,0.000000,0.000000,0.000000,0.000000,0.000000,0.000000,0.000000,0.000000,0.000000,0.000000,0.000000,0.000000,1000.000895,1000.001306,1000.001667,1000.002003,1000.002314,1000.002564,1000.002728,1000.002793,1000.002763,1000.002666,1000.002526,1000.002360,1000.002184,1000.002012,1000.001849,1000.001694,1000.001547,1000.001407,1000.001273,1000.001145,1000.001023,1000.000909,1000.000802,1000.000703,1000.000612,1000.000530,1000.000456,1000.000390,1000.000331,1000.000279,1000.000234,1000.000196,1000.000165,1000.000142,1000.000126,1000.000116,1000.000113,1000.000116,1000.000127,1000.000145,1000.000170,1000.000203,1000.000243,1000.000290,1000.000344,1000.000405,1000.000473,1000.000548,1000.000629,1000.000716,1000.000811,1000.000915,1000.001027,1000.001147,1000.001276,1000.001410,1000.001551,1000.001700,1000.001857,1000.002022,1000.002193,1000.002366,1000.002531,1000.002672,1000.002772,1000.002805,1000.002745,1000.002585,1000.002339,1000.002033,1000.001700,1000.001336,1000.000921,0.000000,0.000000,0.000000,0.000000,0.000000,0.000000,0.000000,0.000000,0.000000,0.000000,0.000000,0.000000,0.000000,0.000000,0.000000
0.000000,0.000000,0.000000,0.000000,0.000000,0.000000,0.000000,0.000000,0.000000,0.000000,0.000000,0.000000,0.000000,0.000000,1000.000876,1000.001289,1000.001659,1000.002003,1000.002321,1000.002575,1000.002738,1000.002793,1000.002748,1000.002634,1000.002479,1000.002305,1000.002125,1000.001946,1000.001773,1000.001608,1000.001453,1000.001306,1000.001166,1000.001032,1000.000903,1000.000782,1000.000668,1000.000561,1000.000462,1000.000372,1000.000290,1000.000216,1000.000149,1000.000090,1000.000038,999.999993,999.999954,999.999924,999.999900,999.999884,999.999874,999.999871,999.999874,999.999885,999.999903,999.999928,999.999961,1000.000000,1000.000047,1000.000101,1000.000162,1000.000230,1000.000305,1000.000387,1000.000474,1000.000569,1000.000671,1000.000783,1000.000903,1000.001031,1000.001166,1000.001308,1000.001457,1000.001615,1000.001781,1000.001953,1000.002130,1000.002307,1000.002480,1000.002637,1000.002755,1000.002805,1000.002754,1000.002596,1000.002348,1000.002036,1000.001694,1000.001324,1000.000902,0.000000,0.000000,0.000000,0.000000,0.000000,0.000000,0.000000,0.000000,0.000000,0.000000,0.000000,0.000000,0.000000,0.000000
0.000000,0.000000,0.000000,0.000000,0.000000,0.000000,0.000000,0.000000,0.000000,0.000000,0.000000,0.000000,0.000000,1000.000823,1000.001250,1000.001630,1000.001984,1000.002312,1000.002574,1000.002740,1000.002793,1000.002739,1000.002613,1000.002446,1000.002262,1000.002076,1000.001890,1000.001709,1000.001536,1000.001372,1000.001218,1000.001071,1000.000930,1000.000796,1000.000668,1000.000547,1000.000433,1000.000327,1000.000229,1000.000139,1000.000058,999.999984,999.999916,999.999856,999.999804,999.999758,999.999720,999.999689,999.999666,999.999649,999.999639,999.999635,999.999639,999.999650,999.999669,999.999694,999.999726,999.999765,999.999812,999.999866,999.999927,999.999995,1000.000070,1000.000152,1000.000240,1000.000335,1000.000438,1000.000548,1000.000668,1000.000796,1000.000931,1000.001074,1000.001224,1000.001381,1000.001545,1000.001717,1000.001894,1000.002074,1000.002259,1000.002444,1000.002616,1000.002748,1000.002806,1000.002758,1000.002598,1000.002344,1000.002023,1000.001670,1000.001287,1000.000852,0.000000,0.000000,0.000000,0.000000,0.000000,0.000000,0.000000,0.000000,0.000000,0.000000,0.000000,0.000000,0.000000
0.000000,0.000000,0.000000,0.000000,0.000000,0.000000,0.000000,0.000000,0.000000,0.000000,0.000000,0.000000,1000.000730,1000.001181,1000.001576,1000.001945,1000.002286,1000.002561,1000.002736,1000.002792,1000.002736,1000.002603,1000.002426,1000.002233,1000.002039,1000.001847,1000.001659,1000.001478,1000.001307,1000.001144,1000.000989,1000.000842,1000.000701,1000.000568,1000.000440,1000.000319,1000.000206,1000.000101,1000.000004,999.999915,999.999834,999.999760,999.999692,999.999631,999.999578,999.999532,999.999493,999.999462,999.999439,999.999421,999.999411,999.999407,999.999411,999.999422,999.999440,999.999466,999.999498,999.999538,999.999585,999.999639,999.999700,999.999768,999.999843,999.999925,1000.000014,1000.000109,1000.000213,1000.000324,1000.000443,1000.000570,1000.000704,1000.000847,1000.000997,1000.001154,1000.001317,1000.001487,1000.001664,1000.001846,1000.002035,1000.002230,1000.002426,1000.002608,1000.002747,1000.002807,1000.002757,1000.002590,1000.002324,1000.001987,1000.001619,1000.001222,1000.000769,0.000000,0.000000,0.000000,0.000000,0.000000,0.000000,0.000000,0.000000,0.000000,0.000000,0.000000,0.000000
0.000000,0.000000,0.000000,0.000000,0.000000,0.000000,0.000000,0.000000,0.000000,0.000000,0.000000,1000.000616,1000.001085,1000.001497,1000.001882,1000.002241,1000.002534,1000.002725,1000.002790,1000.002737,1000.002601,1000.002418,1000.002218,1000.002017,1000.001818,1000.001623,1000.001435,1000.001256,1000.001086,1000.000923,1000.000768,1000.000620,1000.000480,1000.000346,1000.000218,1000.000098,999.999987,999.999883,999.999787,999.999699,999.999617,999.999543,999.999475,999.999414,999.999360,999.999313,999.999274,999.999242,999.999218,999.999200,999.999188,999.999185,999.999189,999.999200,999.999219,999.999244,999.999277,999.999318,999.999365,999.999420,999.999481,999.999549,999.999624,999.999706,999.999795,999.999891,999.999995,1000.000106,1000.000225,1000.000351,1000.000485,1000.000627,1000.000777,1000.000933,1000.001097,1000.001267,1000.001443,1000.001626,1000.001817,1000.002015,1000.002218,1000.002422,1000.002609,1000.002749,1000.002808,1000.002749,1000.002567,1000.002280,1000.001923,1000.001539,1000.001130,1000.000670,0.000000,0.000000,0.000000,0.000000,0.000000,0.000000,0.000000,0.000000,0.000000,0.000000,0.000000
0.000000,0.000000,0.000000,0.000000,0.000000,0.000000,0.000000,0.000000,0.000000,0.000000,0.000000,1000.000959,1000.001398,1000.001798,1000.002174,1000.002490,1000.002705,1000.002788,1000.002744,1000.002608,1000.002422,1000.002215,1000.002007,1000.001803,1000.001602,1000.001408,1000.001221,1000.001043,1000.000873,1000.000711,1000.000556,1000.000407,1000.000265,1000.000131,1000.000003,999.999885,999.999774,999.999672,999.999577,999.999489,999.999407,999.999333,999.999265,999.999203,999.999148,999.999101,999.999061,999.999028,999.999002,999.998984,999.998973,999.998970,999.998975,999.998986,999.999005,999.999030,999.999063,999.999104,999.999152,999.999206,999.999268,999.999336,999.999412,999.999494,999.999584,999.999680,999.999784,999.999895,1000.000013,1000.000139,1000.000273,1000.000414,1000.000564,1000.000721,1000.000884,1000.001055,1000.001232,1000.001416,1000.001606,1000.001804,1000.002009,1000.002218,1000.002427,1000.002617,1000.002757,1000.002807,1000.002731,1000.002523,1000.002211,1000.001836,1000.001439,1000.001007,0.000000,0.000000,0.000000,0.000000,0.000000,0.000000,0.000000,0.000000,0.000000,0.000000,0.000000
0.000000,0.000000,0.000000,0.000000,0.000000,0.000000,0.000000,0.000000,0.000000,0.000000,1000.000822,1000.001295,1000.001704,1000.002090,1000.002427,1000.002671,1000.002785,1000.002758,1000.002627,1000.002438,1000.002226,1000.002012,1000.001801,1000.001595,1000.001395,1000.001202,1000.001016,1000.000838,1000.000669,1000.000507,1000.000351,1000.000201,1000.000059,999.999924,999.999797,999.999679,999.999570,999.999468,999.999373,999.999284,999.999203,999.999128,999.999060,999.998998,999.998942,999.998894,999.998853,999.998819,999.998793,999.998775,999.998765,999.998763,999.998768,999.998780,999.998799,999.998824,999.998857,999.998897,999.998944,999.998999,999.999061,999.999130,999.999206,999.999289,999.999378,999.999475,999.999578,999.999689,999.999808,999.999934,1000.000067,1000.000209,1000.000358,1000.000516,1000.000680,1000.000850,1000.001028,1000.001212,1000.001402,1000.001600,1000.001805,1000.002016,1000.002231,1000.002445,1000.002637,1000.002772,1000.002805,1000.002697,1000.002456,1000.002122,1000.001739,1000.001332,1000.000858,0.000000,0.000000,0.000000,0.000000,0.000000,0.000000,0.000000,0.000000,0.000000,0.000000
0.000000,0.000000,0.000000,0.000000,0.000000,0.000000,0.000000,0.000000,0.000000,1000.000684,1000.001167,1000.001595,1000.001994,1000.002353,1000.002624,1000.002774,1000.002778,1000.002660,1000.002470,1000.002252,1000.002031,1000.001814,1000.001601,1000.001395,1000.001196,1000.001003,1000.000816,1000.000639,1000.000470,1000.000308,1000.000151,1000.000001,999.999859,999.999725,999.999599,999.999482,999.999372,999.999270,999.999174,999.999085,999.999004,999.998929,999.998860,999.998798,999.998742,999.998693,999.998652,999.998619,999.998593,999.998575,999.998565,999.998564,999.998569,999.998581,999.998600,999.998625,999.998657,999.998696,999.998743,999.998798,999.998860,999.998929,999.999006,999.999089,999.999179,999.999276,999.999380,999.999491,999.999609,999.999735,999.999869,1000.000010,1000.000160,1000.000318,1000.000482,1000.000653,1000.000830,1000.001015,1000.001206,1000.001402,1000.001607,1000.001819,1000.002037,1000.002259,1000.002479,1000.002671,1000.002794,1000.002794,1000.002647,1000.002377,1000.002022,1000.001625,1000.001196,1000.000708,0.000000,0.000000,0.000000,0.000000,0.000000,0.000000,0.000000,0.000000,0.000000
0.000000,0.000000,0.000000,0.000000,0.000000,0.000000,0.000000,0.000000,0.000000,1000.001001,1000.001458,1000.001877,1000.002263,1000.002567,1000.002751,1000.002791,1000.002698,1000.002517,1000.002295,1000.002067,1000.001842,1000.001621,1000.001409,1000.001204,1000.001004,1000.000810,1000.000623,1000.000446,1000.000276,1000.000113,999.999956,999.999807,999.999666,999.999533,999.999408,999.999290,999.999180,999.999077,999.998981,999.998892,999.998809,999.998734,999.998665,999.998603,999.998548,999.998500,999.998460,999.998426,999.998401,999.998383,999.998373,999.998371,999.998376,999.998388,999.998406,999.998431,999.998463,999.998502,999.998549,999.998604,999.998666,999.998735,999.998812,999.998895,999.998986,999.999084,999.999188,999.999299,999.999418,999.999543,999.999677,999.999818,999.999968,1000.000126,1000.000291,1000.000462,1000.000639,1000.000823,1000.001014,1000.001212,1000.001416,1000.001628,1000.001848,1000.002075,1000.002305,1000.002529,1000.002713,1000.002807,1000.002767,1000.002584,1000.002284,1000.001900,1000.001480,1000.001023,0.000000,0.000000,0.000000,0.000000,0.000000,0.000000,0.000000,0.000000,0.000000
0.000000,0.000000,0.000000,0.000000,0.000000,0.000000,0.000000,0.000000,1000.000821,1000.001305,1000.001734,1000.002141,1000.002485,1000.002714,1000.002793,1000.002729,1000.002566,1000.002349,1000.002116,1000.001885,1000.001658,1000.001437,1000.001224,1000.001018,1000.000818,1000.000623,1000.000436,1000.000258,1000.000088,999.999925,999.999768,999.999620,999.999480,999.999347,999.999223,999.999105,999.998994,999.998890,999.998793,999.998704,999.998621,999.998545,999.998477,999.998415,999.998361,999.998314,999.998274,999.998242,999.998216,999.998199,999.998189,999.998186,999.998189,999.998200,999.998218,999.998243,999.998276,999.998316,999.998363,999.998418,999.998479,999.998548,999.998625,999.998709,999.998800,999.998899,999.999004,999.999115,999.999234,999.999360,999.999493,999.999634,999.999784,999.999941,1000.000106,1000.000276,1000.000454,1000.000638,1000.000829,1000.001027,1000.001232,1000.001444,1000.001664,1000.001893,1000.002127,1000.002363,1000.002581,1000.002744,1000.002805,1000.002725,1000.002499,1000.002158,1000.001750,1000.001315,1000.000815,0.000000,0.000000,0.000000,0.000000,0.000000,0.000000,0.000000,0.000000
0.000000,0.000000,0.000000,0.000000,0.000000,0.000000,0.000000,0.000000,1000.001102,1000.001560,1000.001984,1000.002368,1000.002650,1000.002783,1000.002757,1000.002614,1000.002408,1000.002175,1000.001940,1000.001708,1000.001481,1000.001260,1000.001046,1000.000839,1000.000638,1000.000443,1000.000256,1000.000079,999.999909,999.999746,999.999590,999.999442,999.999302,999.999170,999.999044,999.998926,999.998815,999.998711,999.998614,999.998523,999.998440,999.998364,999.998296,999.998235,999.998182,999.998135,999.998096,999.998064,999.998039,999.998022,999.998011,999.998007,999.998010,999.998021,999.998039,999.998064,999.998097,999.998137,999.998184,999.998239,999.998301,999.998370,999.998446,999.998530,999.998621,999.998720,999.998826,999.998938,999.999057,999.999183,999.999317,999.999457,999.999607,999.999764,999.999928,1000.000098,1000.000275,1000.000459,1000.000651,1000.000850,1000.001056,1000.001268,1000.001487,1000.001715,1000.001950,1000.002189,1000.002423,1000.002630,1000.002769,1000.002792,1000.002659,1000.002378,1000.001995,1000.001564,1000.001099,0.000000,0.000000,0.000000,0.000000,0.000000,0.000000,0.000000,0.000000
0.000000,0.000000,0.000000,0.000000,0.000000,0.000000,0.000000,1000.000875,1000.001369,1000.001803,1000.002211,1000.002548,1000.002750,1000.002783,1000.002670,1000.002473,1000.002243,1000.002005,1000.001769,1000.001537,1000.001310,1000.001089,1000.000874,1000.000666,1000.000465,1000.000270,1000.000085,999.999908,999.999739,999.999576,999.999420,999.999273,999.999133,999.999000,999.998875,999.998756,999.998645,999.998541,999.998443,999.998352,999.998268,999.998192,999.998124,999.998064,999.998010,999.997964,999.997926,999.997894,999.997870,999.997852,999.997841,999.997836,999.997839,999.997849,999.997867,999.997893,999.997925,999.997965,999.998013,999.998068,999.998131,999.998200,999.998276,999.998359,999.998450,999.998549,999.998655,999.998768,999.998888,999.999015,999.999148,999.999288,999.999437,999.999594,999.999757,999.999926,1000.000103,1000.000288,1000.000480,1000.000680,1000.000887,1000.001100,1000.001318,1000.001544,1000.001779,1000.002019,1000.002260,1000.002491,1000.002684,1000.002794,1000.002759,1000.002556,1000.002219,1000.001804,1000.001359,1000.000847,0.000000,0.000000,0.000000,0.000000,0.000000,0.000000,0.000000
0.000000,0.000000,0.000000,0.000000,0.000000,0.000000,0.000000,1000.001131,1000.001595,1000.002023,1000.002405,1000.002678,1000.002790,1000.002732,1000.002556,1000.002326,1000.002084,1000.001843,1000.001606,1000.001373,1000.001146,1000.000924,1000.000709,1000.000501,1000.000300,1000.000106,999.999921,999.999746,999.999577,999.999415,999.999259,999.999112,999.998972,999.998839,999.998714,999.998595,999.998484,999.998379,999.998281,999.998190,999.998106,999.998030,999.997962,999.997901,999.997847,999.997802,999.997763,999.997732,999.997707,999.997689,999.997678,999.997673,999.997675,999.997686,999.997704,999.997729,999.997761,999.997801,999.997849,999.997905,999.997969,999.998038,999.998114,999.998197,999.998287,999.998386,999.998492,999.998605,999.998725,999.998853,999.998986,999.999126,999.999275,999.999431,999.999593,999.999762,999.999940,1000.000125,1000.000317,1000.000517,1000.000725,1000.000938,1000.001157,1000.001382,1000.001615,1000.001857,1000.002102,1000.002345,1000.002573,1000.002745,1000.002801,1000.002688,1000.002414,1000.002027,1000.001587,1000.001109,0.000000,0.000000,0.000000,0.000000,0.000000,0.000000,0.000000
0.000000,0.000000,0.000000,0.000000,0.000000,0.000000,1000.000871,1000.001372,1000.001813,1000.002227,1000.002562,1000.002759,1000.002779,1000.002646,1000.002428,1000.002181,1000.001934,1000.001689,1000.001450,1000.001217,1000.000989,1000.000767,1000.000551,1000.000344,1000.000143,999.999950,999.999766,999.999591,999.999423,999.999261,999.999106,999.998959,999.998819,999.998686,999.998560,999.998441,999.998329,999.998225,999.998127,999.998036,999.997953,999.997877,999.997808,999.997747,999.997693,999.997647,999.997609,999.997577,999.997552,999.997533,999.997521,999.997517,999.997519,999.997530,999.997548,999.997573,999.997606,999.997646,999.997694,999.997750,999.997814,999.997884,999.997960,999.998043,999.998133,999.998231,999.998336,999.998450,999.998570,999.998698,999.998831,999.998971,999.999119,999.999275,999.999437,999.999606,999.999783,999.999969,1000.000161,1000.000361,1000.000569,1000.000784,1000.001003,1000.001229,1000.001461,1000.001702,1000.001950,1000.002201,1000.002446,1000.002662,1000.002793,1000.002772,1000.002573,1000.002234,1000.001811,1000.001356,1000.000834,0.000000,0.000000,0.000000,0.000000,0.000000,0.000000
0.000000,0.000000,0.000000,0.000000,0.000000,0.000000,1000.001109,1000.001579,1000.002017,1000.002405,1000.002681,1000.002791,1000.002726,1000.002539,1000.002296,1000.002042,1000.001790,1000.001543,1000.001303,1000.001069,1000.000840,1000.000617,1000.000402,1000.000195,999.999995,999.999802,999.999619,999.999444,999.999276,999.999115,999.998960,999.998813,999.998672,999.998539,999.998413,999.998294,999.998182,999.998077,999.997980,999.997889,999.997806,999.997730,999.997661,999.997600,999.997546,999.997499,999.997460,999.997428,999.997402,999.997384,999.997372,999.997368,999.997371,999.997382,999.997400,999.997425,999.997458,999.997498,999.997546,999.997602,999.997665,999.997736,999.997813,999.997896,999.997986,999.998083,999.998188,999.998301,999.998422,999.998550,999.998684,999.998824,999.998972,999.999126,999.999288,999.999457,999.999634,999.999820,1000.000012,1000.000213,1000.000421,1000.000636,1000.000856,1000.001082,1000.001315,1000.001556,1000.001805,1000.002059,1000.002315,1000.002556,1000.002742,1000.002807,1000.002695,1000.002416,1000.002022,1000.001573,1000.001083,0.000000,0.000000,0.000000,0.000000,0.000000,0.000000
0.000000,0.000000,0.000000,0.000000,0.000000,1000.000831,1000.001333,1000.001783,1000.002209,1000.002554,1000.002756,1000.002779,1000.002644,1000.002420,1000.002165,1000.001907,1000.001652,1000.001404,1000.001163,1000.000927,1000.000698,1000.000476,1000.000261,1000.000054,999.999854,999.999662,999.999479,999.999304,999.999137,999.998975,999.998821,999.998673,999.998533,999.998399,999.998273,999.998153,999.998042,999.997937,999.997840,999.997749,999.997666,999.997590,999.997521,999.997460,999.997405,999.997359,999.997319,999.997286,999.997260,999.997241,999.997230,999.997226,999.997230,999.997241,999.997259,999.997285,999.997318,999.997358,999.997405,999.997460,999.997523,999.997594,999.997672,999.997756,999.997846,999.997942,999.998047,999.998160,999.998280,999.998408,999.998542,999.998683,999.998831,999.998985,999.999146,999.999315,999.999493,999.999679,999.999871,1000.000071,1000.000279,1000.000494,1000.000715,1000.000941,1000.001175,1000.001417,1000.001666,1000.001922,1000.002182,1000.002437,1000.002661,1000.002796,1000.002772,1000.002566,1000.002217,1000.001785,1000.001325,1000.000805,0.000000,0.000000,0.000000,0.000000,0.000000
0.000000,0.000000,0.000000,0.000000,0.000000,1000.001035,1000.001520,1000.001973,1000.002377,1000.002667,1000.002787,1000.002727,1000.002542,1000.002297,1000.002036,1000.001775,1000.001519,1000.001270,1000.001028,1000.000792,1000.000563,1000.000342,1000.000127,999.999920,999.999720,999.999529,999.999347,999.999172,999.999005,999.998844,999.998689,999.998541,999.998400,999.998266,999.998139,999.998020,999.997909,999.997804,999.997707,999.997616,999.997533,999.997457,999.997388,999.997326,999.997272,999.997225,999.997185,999.997151,999.997125,999.997107,999.997095,999.997092,999.997095,999.997106,999.997125,999.997151,999.997184,999.997224,999.997271,999.997325,999.997388,999.997458,999.997536,999.997621,999.997711,999.997808,999.997912,999.998025,999.998145,999.998273,999.998407,999.998548,999.998697,999.998851,999.999013,999.999181,999.999359,999.999545,999.999737,999.999936,1000.000144,1000.000359,1000.000580,1000.000807,1000.001041,1000.001283,1000.001533,1000.001790,1000.002051,1000.002314,1000.002560,1000.002746,1000.002804,1000.002681,1000.002387,1000.001980,1000.001525,1000.001031,0.000000,0.000000,0.000000,0.000000,0.000000
0.000000,0.000000,0.000000,0.000000,1000.000694,1000.001228,1000.001703,1000.002149,1000.002517,1000.002741,1000.002776,1000.002649,1000.002430,1000.002174,1000.001910,1000.001648,1000.001392,1000.001143,1000.000900,1000.000665,1000.000436,1000.000215,1000.000000,999.999792,999.999593,999.999403,999.999221,999.999048,999.998880,999.998720,999.998565,999.998416,999.998275,999.998140,999.998013,999.997894,999.997782,999.997678,999.997580,999.997490,999.997406,999.997330,999.997262,999.997200,999.997146,999.997099,999.997058,999.997025,999.996999,999.996980,999.996969,999.996965,999.996968,999.996979,999.996998,999.997023,999.997057,999.997097,999.997144,999.997198,999.997260,999.997330,999.997408,999.997492,999.997583,999.997680,999.997784,999.997896,999.998017,999.998144,999.998279,999.998420,999.998569,999.998724,999.998886,999.999055,999.999232,999.999417,999.999610,999.999809,1000.000016,1000.000231,1000.000452,1000.000679,1000.000913,1000.001156,1000.001406,1000.001663,1000.001926,1000.002191,1000.002448,1000.002669,1000.002794,1000.002754,1000.002527,1000.002158,1000.001713,1000.001243,1000.000724,0.000000,0.000000,0.000000,0.000000
0.000000,0.000000,0.000000,0.000000,1000.000887,1000.001397,1000.001870,1000.002301,1000.002625,1000.002776,1000.002735,1000.002558,1000.002317,1000.002056,1000.001791,1000.001528,1000.001273,1000.001024,1000.000782,1000.000546,1000.000317,1000.000096,999.999880,999.999672,999.999473,999.999283,999.999103,999.998930,999.998763,999.998602,999.998447,999.998298,999.998156,999.998022,999.997895,999.997775,999.997663,999.997558,999.997461,999.997370,999.997287,999.997211,999.997143,999.997081,999.997027,999.996979,999.996938,999.996905,999.996879,999.996861,999.996850,999.996846,999.996849,999.996860,999.996878,999.996904,999.996937,999.996977,999.997024,999.997078,999.997140,999.997210,999.997287,999.997371,999.997462,999.997559,999.997663,999.997776,999.997896,999.998023,999.998158,999.998299,999.998448,999.998604,999.998766,999.998935,999.999112,999.999296,999.999489,999.999688,999.999895,1000.000110,1000.000331,1000.000558,1000.000792,1000.001034,1000.001285,1000.001543,1000.001807,1000.002073,1000.002336,1000.002578,1000.002753,1000.002789,1000.002634,1000.002310,1000.001883,1000.001417,1000.000916,0.000000,0.000000,0.000000,0.000000
0.000000,0.000000,0.000000,0.000000,1000.001046,1000.001551,1000.002024,1000.002428,1000.002700,1000.002780,1000.002676,1000.002463,1000.002208,1000.001944,1000.001679,1000.001417,1000.001162,1000.000913,1000.000671,1000.000435,1000.000206,999.999983,999.999768,999.999559,999.999361,999.999172,999.998992,999.998819,999.998652,999.998491,999.998335,999.998186,999.998044,999.997910,999.997783,999.997663,999.997551,999.997446,999.997348,999.997258,999.997175,999.997100,999.997031,999.996969,999.996914,999.996866,999.996826,999.996793,999.996767,999.996749,999.996738,999.996735,999.996738,999.996748,999.996766,999.996791,999.996824,999.996864,999.996911,999.996966,999.997028,999.997097,999.997174,999.997258,999.997349,999.997446,999.997550,999.997663,999.997783,999.997910,999.998044,999.998186,999.998335,999.998491,999.998654,999.998823,999.998999,999.999183,999.999375,999.999575,999.999782,999.999996,1000.000218,1000.000446,1000.000680,1000.000921,1000.001171,1000.001429,1000.001694,1000.001962,1000.002229,1000.002484,1000.002694,1000.002793,1000.002710,1000.002438,1000.002038,1000.001572,1000.001077,0.000000,0.000000,0.000000,0.000000
0.000000,0.000000,0.000000,1000.000660,1000.001203,1000.001700,1000.002160,1000.002531,1000.002747,1000.002761,1000.002608,1000.002371,1000.002107,1000.001840,1000.001575,1000.001315,1000.001060,1000.000811,1000.000568,1000.000331,1000.000101,999.999878,999.999662,999.999455,999.999258,999.999069,999.998889,999.998715,999.998548,999.998386,999.998230,999.998080,999.997938,999.997804,999.997677,999.997558,999.997446,999.997341,999.997243,999.997153,999.997070,999.996994,999.996925,999.996863,999.996808,999.996761,999.996720,999.996688,999.996663,999.996645,999.996634,999.996631,999.996634,999.996644,999.996662,999.996687,999.996720,999.996760,999.996807,999.996861,999.996923,999.996992,999.997069,999.997153,999.997244,999.997341,999.997446,999.997558,999.997678,999.997805,999.997939,999.998081,999.998230,999.998386,999.998549,999.998718,999.998894,999.999078,999.999269,999.999468,999.999675,999.999890,1000.000112,1000.000341,1000.000575,1000.000816,1000.001065,1000.001323,1000.001588,1000.001857,1000.002128,1000.002391,1000.002626,1000.002774,1000.002758,1000.002542,1000.002173,1000.001720,1000.001234,1000.000702,0.000000,0.000000,0.000000
0.000000,0.000000,0.000000,1000.000827,1000.001339,1000.001831,1000.002276,1000.002613,1000.002770,1000.002724,1000.002535,1000.002282,1000.002013,1000.001743,1000.001479,1000.001220,1000.000965,1000.000715,1000.000471,1000.000234,1000.000003,999.999780,999.999565,999.999359,999.999162,999.998973,999.998791,999.998617,999.998450,999.998288,999.998131,999.997982,999.997839,999.997705,999.997578,999.997459,999.997348,999.997242,999.997144,999.997054,999.996971,999.996895,999.996826,999.996765,999.996710,999.996663,999.996623,999.996591,999.996566,999.996548,999.996537,999.996534,999.996537,999.996547,999.996565,999.996590,999.996622,999.996662,999.996709,999.996764,999.996825,999.996894,999.996971,999.997055,999.997146,999.997244,999.997349,999.997461,999.997580,999.997707,999.997841,999.997984,999.998133,999.998288,999.998451,999.998621,999.998798,999.998981,999.999172,999.999370,999.999576,999.999791,1000.000013,1000.000242,1000.000477,1000.000719,1000.000968,1000.001226,1000.001490,1000.001760,1000.002033,1000.002303,1000.002553,1000.002738,1000.002782,1000.002624,1000.002288,1000.001849,1000.001368,1000.000873,0.000000,0.000000,0.000000
0.000000,0.000000,0.000000,1000.000960,1000.001465,1000.001950,1000.002376,1000.002674,1000.002774,1000.002678,1000.002461,1000.002198,1000.001926,1000.001655,1000.001391,1000.001132,1000.000877,1000.000627,1000.000382,1000.000143,999.999912,999.999690,999.999476,999.999270,999.999073,999.998883,999.998700,999.998526,999.998358,999.998197,999.998040,999.997890,999.997748,999.997614,999.997488,999.997369,999.997257,999.997151,999.997053,999.996963,999.996880,999.996804,999.996736,999.996674,999.996620,999.996573,999.996534,999.996502,999.996476,999.996458,999.996447,999.996443,999.996447,999.996457,999.996475,999.996499,999.996532,999.996571,999.996619,999.996673,999.996735,999.996804,999.996881,999.996964,999.997056,999.997154,999.997259,999.997371,999.997490,999.997617,999.997751,999.997894,999.998043,999.998199,999.998362,999.998532,999.998708,999.998891,999.999081,999.999279,999.999485,999.999699,999.999922,1000.000151,1000.000386,1000.000628,1000.000879,1000.001137,1000.001401,1000.001671,1000.001945,1000.002219,1000.002480,1000.002694,1000.002785,1000.002681,1000.002384,1000.001964,1000.001491,1000.001005,0.000000,0.000000,0.000000
0.000000,0.000000,0.000000,1000.001068,1000.001580,1000.002055,1000.002459,1000.002715,1000.002764,1000.002628,1000.002390,1000.002121,1000.001846,1000.001575,1000.001310,1000.001050,1000.000795,1000.000544,1000.000299,1000.000061,999.999830,999.999607,999.999393,999.999188,999.998991,999.998800,999.998617,999.998442,999.998274,999.998113,999.997957,999.997807,999.997665,999.997531,999.997405,999.997286,999.997173,999.997068,999.996970,999.996879,999.996797,999.996721,999.996653,999.996591,999.996537,999.996490,999.996451,999.996419,999.996393,999.996375,999.996364,999.996360,999.996363,999.996374,999.996391,999.996415,999.996447,999.996487,999.996534,999.996589,999.996652,999.996721,999.996798,999.996881,999.996972,999.997071,999.997176,999.997288,999.997407,999.997533,999.997668,999.997810,999.997960,999.998116,999.998279,999.998450,999.998626,999.998809,999.998998,999.999196,999.999402,999.999616,999.999838,1000.000066,1000.000302,1000.000545,1000.000796,1000.001054,1000.001319,1000.001590,1000.001865,1000.002142,1000.002411,1000.002645,1000.002775,1000.002721,1000.002465,1000.002067,1000.001603,1000.001105,0.000000,0.000000,0.000000
0.000000,0.000000,0.000000,1000.001159,1000.001672,1000.002146,1000.002528,1000.002741,1000.002742,1000.002573,1000.002323,1000.002049,1000.001773,1000.001502,1000.001236,1000.000975,1000.000720,1000.000469,1000.000224,999.999986,999.999755,999.999532,999.999319,999.999113,999.998916,999.998724,999.998540,999.998365,999.998198,999.998037,999.997880,999.997731,999.997589,999.997455,999.997329,999.997210,999.997097,999.996992,999.996894,999.996804,999.996721,999.996646,999.996578,999.996516,999.996462,999.996415,999.996375,999.996343,999.996317,999.996299,999.996287,999.996283,999.996287,999.996297,999.996314,999.996339,999.996370,999.996410,999.996457,999.996512,999.996575,999.996644,999.996721,999.996806,999.996897,999.996994,999.997099,999.997212,999.997331,999.997457,999.997591,999.997734,999.997883,999.998040,999.998204,999.998375,999.998552,999.998734,999.998923,999.999121,999.999326,999.999540,999.999761,999.999989,1000.000225,1000.000469,1000.000720,1000.000978,1000.001244,1000.001515,1000.001791,1000.002071,1000.002345,1000.002592,1000.002753,1000.002747,1000.002533,1000.002157,1000.001690,1000.001183,0.000000,0.000000,0.000000
0.000000,0.000000,1000.000689,1000.001243,1000.001757,1000.002224,1000.002581,1000.002752,1000.002710,1000.002518,1000.002260,1000.001984,1000.001708,1000.001436,1000.001169,1000.000908,1000.000652,1000.000402,1000.000157,999.999919,999.999688,999.999465,999.999251,999.999046,999.998848,999.998656,999.998472,999.998297,999.998129,999.997967,999.997811,999.997662,999.997521,999.997388,999.997261,999.997142,999.997029,999.996923,999.996826,999.996736,999.996653,999.996578,999.996510,999.996448,999.996393,999.996346,999.996306,999.996273,999.996248,999.996229,999.996218,999.996214,999.996217,999.996228,999.996245,999.996270,999.996301,999.996340,999.996387,999.996442,999.996505,999.996575,999.996652,999.996737,999.996828,999.996926,999.997031,999.997143,999.997262,999.997388,999.997522,999.997664,999.997814,999.997971,999.998135,999.998306,999.998483,999.998666,999.998856,999.999053,999.999259,999.999472,999.999692,999.999920,1000.000156,1000.000400,1000.000652,1000.000910,1000.001175,1000.001447,1000.001724,1000.002004,1000.002281,1000.002536,1000.002721,1000.002757,1000.002587,1000.002235,1000.001773,1000.001258,1000.000687,0.000000,0.000000
0.000000,0.000000,1000.000802,1000.001318,1000.001825,1000.002282,1000.002618,1000.002752,1000.002677,1000.002468,1000.002205,1000.001928,1000.001650,1000.001377,1000.001109,1000.000847,1000.000592,1000.000341,1000.000097,999.999859,999.999628,999.999405,999.999191,999.998986,999.998787,999.998595,999.998410,999.998235,999.998067,999.997905,999.997749,999.997601,999.997461,999.997327,999.997201,999.997080,999.996967,999.996862,999.996764,999.996674,999.996592,999.996517,999.996449,999.996387,999.996332,999.996285,999.996245,999.996212,999.996186,999.996167,999.996156,999.996152,999.996156,999.996166,999.996183,999.996208,999.996239,999.996278,999.996325,999.996380,999.996442,999.996512,999.996590,999.996675,999.996766,999.996864,999.996969,999.997081,999.997200,999.997327,999.997460,999.997602,999.997752,999.997909,999.998073,999.998244,999.998422,999.998605,999.998795,999.998993,999.999199,999.999411,999.999631,999.999858,1000.000095,1000.000340,1000.000591,1000.000849,1000.001115,1000.001386,1000.001663,1000.001944,1000.002223,1000.002483,1000.002687,1000.002758,1000.002625,1000.002294,1000.001840,1000.001331,1000.000807,0.000000,0.000000
0.000000,0.000000,1000.000860,1000.001375,1000.001877,1000.002323,1000.002641,1000.002749,1000.002650,1000.002428,1000.002160,1000.001880,1000.001600,1000.001324,1000.001055,1000.000793,1000.000538,1000.000288,1000.000043,999.999806,999.999575,999.999352,999.999138,999.998933,999.998734,999.998541,999.998356,999.998180,999.998012,999.997850,999.997695,999.997548,999.997407,999.997274,999.997147,999.997026,999.996913,999.996808,999.996710,999.996621,999.996538,999.996463,999.996395,999.996333,999.996278,999.996230,999.996190,999.996157,999.996132,999.996113,999.996102,999.996098,999.996102,999.996112,999.996129,999.996154,999.996185,999.996224,999.996271,999.996325,999.996388,999.996458,999.996535,999.996620,999.996711,999.996809,999.996915,999.997027,999.997147,999.997273,999.997406,999.997548,999.997697,999.997854,999.998018,999.998189,999.998367,999.998551,999.998742,999.998941,999.999146,999.999358,999.999578,999.999805,1000.000042,1000.000287,1000.000539,1000.000797,1000.001061,1000.001333,1000.001611,1000.001893,1000.002174,1000.002440,1000.002659,1000.002755,1000.002648,1000.002335,1000.001892,1000.001387,1000.000867,0.000000,0.000000
0.000000,0.000000,1000.000894,1000.001414,1000.001910,1000.002347,1000.002654,1000.002747,1000.002632,1000.002400,1000.002125,1000.001840,1000.001557,1000.001280,1000.001010,1000.000748,1000.000492,1000.000242,999.999998,999.999760,999.999529,999.999306,999.999092,999.998886,999.998687,999.998494,999.998309,999.998133,999.997964,999.997802,999.997648,999.997501,999.997360,999.997227,999.997100,999.996979,999.996866,999.996761,999.996663,999.996574,999.996492,999.996416,999.996347,999.996285,999.996231,999.996183,999.996143,999.996110,999.996085,999.996066,999.996055,999.996052,999.996055,999.996065,999.996083,999.996107,999.996139,999.996178,999.996224,999.996278,999.996341,999.996411,999.996488,999.996572,999.996663,999.996761,999.996867,999.996980,999.997100,999.997226,999.997360,999.997501,999.997651,999.997807,999.997971,999.998141,999.998319,999.998504,999.998696,999.998895,999.999101,999.999312,999.999532,999.999760,999.999997,1000.000242,1000.000493,1000.000751,1000.001015,1000.001287,1000.001567,1000.001850,1000.002135,1000.002409,1000.002640,1000.002753,1000.002662,1000.002361,1000.001924,1000.001422,1000.000894,0.000000,0.000000
0.000000,0.000000,1000.000913,1000.001436,1000.001930,1000.002362,1000.002660,1000.002744,1000.002620,1000.002380,1000.002098,1000.001808,1000.001522,1000.001243,1000.000972,1000.000710,1000.000454,1000.000204,999.999960,999.999722,999.999490,999.999266,999.999052,999.998846,999.998647,999.998454,999.998269,999.998093,999.997924,999.997763,999.997608,999.997461,999.997320,999.997187,999.997060,999.996940,999.996827,999.996721,999.996624,999.996534,999.996452,999.996376,999.996307,999.996245,999.996191,999.996144,999.996104,999.996071,999.996045,999.996027,999.996016,999.996012,999.996016,999.996026,999.996044,999.996068,999.996100,999.996139,999.996185,999.996239,999.996301,999.996371,999.996448,999.996532,999.996622,999.996720,999.996826,999.996939,999.997059,999.997186,999.997320,999.997462,999.997611,999.997768,999.997931,999.998101,999.998279,999.998465,999.998658,999.998857,999.999062,999.999274,999.999494,999.999723,999.999960,1000.000204,1000.000455,1000.000711,1000.000976,1000.001249,1000.001530,1000.001817,1000.002107,1000.002388,1000.002628,1000.002752,1000.002671,1000.002375,1000.001941,1000.001439,1000.000902,0.000000,0.000000
0.000000,0.000000,1000.000921,1000.001448,1000.001943,1000.002371,1000.002663,1000.002741,1000.002611,1000.002365,1000.002078,1000.001784,1000.001495,1000.001214,1000.000943,1000.000680,1000.000424,1000.000174,999.999930,999.999691,999.999459,999.999234,999.999018,999.998812,999.998614,999.998422,999.998237,999.998061,999.997892,999.997730,999.997575,999.997428,999.997287,999.997154,999.997027,999.996908,999.996795,999.996689,999.996591,999.996501,999.996418,999.996343,999.996274,999.996212,999.996158,999.996111,999.996071,999.996038,999.996013,999.995995,999.995984,999.995980,999.995983,999.995994,999.996012,999.996036,999.996068,999.996107,999.996153,999.996207,999.996269,999.996339,999.996415,999.996499,999.996589,999.996687,999.996793,999.996906,999.997026,999.997153,999.997287,999.997429,999.997579,999.997736,999.997899,999.998069,999.998246,999.998432,999.998626,999.998826,999.999032,999.999244,999.999464,999.999692,999.999929,1000.000173,1000.000423,1000.000680,1000.000944,1000.001218,1000.001501,1000.001791,1000.002086,1000.002373,1000.002621,1000.002752,1000.002676,1000.002383,1000.001949,1000.001445,1000.000902,0.000000,0.000000
0.000000,0.000000,1000.000923,1000.001456,1000.001950,1000.002376,1000.002664,1000.002737,1000.002603,1000.002353,1000.002064,1000.001768,1000.001476,1000.001193,1000.000921,1000.000657,1000.000400,1000.000150,999.999906,999.999667,999.999434,999.999208,999.998992,999.998786,999.998587,999.998396,999.998213,999.998037,999.997868,999.997705,999.997550,999.997402,999.997262,999.997129,999.997002,999.996883,999.996770,999.996664,999.996566,999.996476,999.996392,999.996317,999.996248,999.996187,999.996133,999.996086,999.996046,999.996013,999.995988,999.995970,999.995959,999.995955,999.995958,999.995969,999.995987,999.996011,999.996043,999.996082,999.996129,999.996183,999.996245,999.996314,999.996390,999.996473,999.996564,999.996662,999.996768,999.996880,999.997000,999.997126,999.997261,999.997403,999.997553,999.997711,999.997874,999.998044,999.998221,999.998407,999.998601,999.998802,999.999008,999.999221,999.999440,999.999668,999.999905,1000.000148,1000.000398,1000.000655,1000.000920,1000.001194,1000.001478,1000.001771,1000.002070,1000.002362,1000.002615,1000.002751,1000.002678,1000.002386,1000.001951,1000.001447,1000.000904,0.000000,0.000000
0.000000,0.000000,1000.000920,1000.001461,1000.001955,1000.002380,1000.002665,1000.002734,1000.002597,1000.002345,1000.002054,1000.001757,1000.001464,1000.001179,1000.000905,1000.000641,1000.000384,1000.000133,999.999889,999.999650,999.999416,999.999190,999.998974,999.998767,999.998568,999.998378,999.998195,999.998019,999.997850,999.997687,999.997531,999.997384,999.997244,999.997111,999.996984,999.996865,999.996753,999.996647,999.996548,999.996457,999.996374,999.996298,999.996230,999.996168,999.996114,999.996067,999.996027,999.995995,999.995970,999.995952,999.995941,999.995937,999.995941,999.995951,999.995969,999.995993,999.996025,999.996065,999.996111,999.996166,999.996227,999.996296,999.996372,999.996455,999.996546,999.996644,999.996750,999.996862,999.996981,999.997108,999.997242,999.997384,999.997535,999.997693,999.997857,999.998027,999.998204,999.998390,999.998584,999.998785,999.998992,999.999204,999.999424,999.999651,999.999887,1000.000130,1000.000381,1000.000638,1000.000903,1000.001177,1000.001462,1000.001757,1000.002058,1000.002353,1000.002610,1000.002748,1000.002677,1000.002385,1000.001952,1000.001450,1000.000905,0.000000,0.000000
0.000000,0.000000,1000.000920,1000.001460,1000.001958,1000.002382,1000.002666,1000.002733,1000.002594,1000.002340,1000.002048,1000.001750,1000.001457,1000.001172,1000.000897,1000.000631,1000.000373,1000.000123,999.999878,999.999639,999.999406,999.999180,999.998963,999.998756,999.998557,999.998366,999.998184,999.998008,999.997838,999.997675,999.997520,999.997372,999.997233,999.997099,999.996973,999.996854,999.996742,999.996637,999.996538,999.996447,999.996363,999.996287,999.996219,999.996157,999.996103,999.996056,999.996017,999.995984,999.995959,999.995941,999.995930,999.995926,999.995930,999.995940,999.995958,999.995983,999.996015,999.996054,999.996101,999.996155,999.996217,999.996286,999.996362,999.996445,999.996535,999.996633,999.996739,999.996852,999.996971,999.997097,999.997230,999.997372,999.997523,999.997682,999.997846,999.998017,999.998195,999.998381,999.998575,999.998776,999.998982,999.999195,999.999414,999.999641,999.999876,1000.000119,1000.000370,1000.000627,1000.000893,1000.001167,1000.001453,1000.001749,1000.002051,1000.002347,1000.002604,1000.002744,1000.002674,1000.002384,1000.001951,1000.001449,1000.000912,0.000000,0.000000
0.000000,1000.000385,1000.000948,1000.001465,1000.001957,1000.002382,1000.002667,1000.002733,1000.002593,1000.002339,1000.002047,1000.001749,1000.001455,1000.001170,1000.000894,1000.000628,1000.000369,1000.000118,999.999874,999.999635,999.999402,999.999177,999.998960,999.998752,999.998553,999.998362,999.998179,999.998003,999.997833,999.997670,999.997515,999.997368,999.997228,999.997095,999.996969,999.996851,999.996739,999.996634,999.996535,999.996444,999.996361,999.996284,999.996215,999.996153,999.996099,999.996052,999.996013,999.995981,999.995955,999.995937,999.995926,999.995923,999.995926,999.995937,999.995954,999.995979,999.996011,999.996051,999.996098,999.996152,999.996214,999.996283,999.996359,999.996441,999.996531,999.996629,999.996735,999.996848,999.996967,999.997093,999.997227,999.997368,999.997519,999.997677,999.997842,999.998014,999.998193,999.998379,999.998573,999.998773,999.998979,999.999191,999.999411,999.999638,999.999873,1000.000116,1000.000366,1000.000624,1000.000889,1000.001165,1000.001451,1000.001747,1000.002048,1000.002344,1000.002600,1000.002740,1000.002670,1000.002380,1000.001948,1000.001454,1000.000942,1000.000394,0.000000
0.000000,0.000000,1000.000922,1000.001461,1000.001959,1000.002384,1000.002668,1000.002735,1000.002595,1000.002341,1000.002049,1000.001751,1000.001458,1000.001173,1000.000898,1000.000631,1000.000372,1000.000121,999.999877,999.999638,999.999406,999.999181,999.998964,999.998757,999.998557,999.998366,999.998182,999.998006,999.997836,999.997673,999.997518,999.997371,999.997231,999.997098,999.996972,999.996854,999.996742,999.996638,999.996540,999.996449,999.996365,999.996289,999.996219,999.996157,999.996103,999.996056,999.996016,999.995984,999.995959,999.995941,999.995930,999.995926,999.995930,999.995940,999.995958,999.995983,999.996015,999.996055,999.996102,999.996156,999.996218,999.996287,999.996363,999.996445,999.996535,999.996633,999.996739,999.996852,999.996971,999.997097,999.997231,999.997373,999.997522,999.997680,999.997845,999.998017,999.998197,999.998384,999.998578,999.998777,999.998982,999.999195,999.999415,999.999643,999.999877,1000.000120,1000.000369,1000.000627,1000.000893,1000.001168,1000.001454,1000.001749,1000.002050,1000.002344,1000.002599,1000.002738,1000.002667,1000.002377,1000.001947,1000.001449,1000.000918,0.000000,0.000000
0.000000,0.000000,1000.000922,1000.001463,1000.001957,1000.002384,1000.002669,1000.002737,1000.002599,1000.002347,1000.002055,1000.001758,1000.001465,1000.001182,1000.000908,1000.000642,1000.000383,1000.000132,999.999887,999.999648,999.999416,999.999192,999.998976,999.998768,999.998568,999.998376,999.998192,999.998015,999.997845,999.997683,999.997528,999.997381,999.997241,999.997108,999.996983,999.996864,999.996753,999.996649,999.996552,999.996461,999.996377,999.996300,999.996231,999.996168,999.996114,999.996067,999.996027,999.995995,999.995970,999.995952,999.995941,999.995937,999.995941,999.995951,999.995969,999.995994,999.996026,999.996066,999.996113,999.996167,999.996229,999.996298,999.996373,999.996456,999.996546,999.996644,999.996749,999.996863,999.996982,999.997109,999.997242,999.997384,999.997533,999.997690,999.997855,999.998028,999.998208,999.998395,999.998588,999.998787,999.998993,999.999205,999.999426,999.999654,999.999889,1000.000131,1000.000380,1000.000637,1000.000903,1000.001178,1000.001463,1000.001757,1000.002055,1000.002348,1000.002600,1000.002737,1000.002664,1000.002374,1000.001944,1000.001448,1000.000915,0.000000,0.000000
0.000000,0.000000,1000.000925,1000.001459,1000.001954,1000.002382,1000.002669,1000.002740,1000.002605,1000.002356,1000.002066,1000.001770,1000.001479,1000.001197,1000.000924,1000.000659,1000.000401,1000.000149,999.999904,999.999665,999.999434,999.999210,999.998995,999.998787,999.998587,999.998394,999.998209,999.998032,999.997863,999.997700,999.997545,999.997398,999.997258,999.997126,999.997001,999.996882,999.996771,999.996667,999.996570,999.996479,999.996396,999.996319,999.996249,999.996187,999.996132,999.996085,999.996045,999.996013,999.995988,999.995970,999.995959,999.995955,999.995959,999.995969,999.995987,999.996012,999.996045,999.996084,999.996131,999.996185,999.996247,999.996316,999.996392,999.996474,999.996564,999.996662,999.996767,999.996880,999.997000,999.997127,999.997261,999.997403,999.997552,999.997708,999.997873,999.998045,999.998226,999.998413,999.998606,999.998805,999.999010,999.999222,999.999443,999.999672,999.999908,1000.000149,1000.000397,1000.000653,1000.000919,1000.001193,1000.001477,1000.001769,1000.002065,1000.002355,1000.002604,1000.002737,1000.002662,1000.002370,1000.001938,1000.001442,1000.000913,0.000000,0.000000
0.000000,0.000000,1000.000923,1000.001453,1000.001948,1000.002377,1000.002667,1000.002743,1000.002613,1000.002368,1000.002082,1000.001788,1000.001498,1000.001218,1000.000947,1000.000683,1000.000425,1000.000174,999.999929,999.999690,999.999459,999.999236,999.999021,999.998813,999.998612,999.998419,999.998233,999.998056,999.997887,999.997725,999.997571,999.997423,999.997283,999.997151,999.997026,999.996907,999.996796,999.996691,999.996594,999.996504,999.996421,999.996344,999.996275,999.996213,999.996158,999.996111,999.996071,999.996039,999.996014,999.995996,999.995985,999.995981,999.995984,999.995994,999.996012,999.996037,999.996070,999.996110,999.996157,999.996211,999.996272,999.996341,999.996417,999.996499,999.996589,999.996687,999.996793,999.996906,999.997025,999.997152,999.997287,999.997429,999.997578,999.997734,999.997898,999.998071,999.998251,999.998437,999.998630,999.998828,999.999034,999.999246,999.999468,999.999697,999.999933,1000.000174,1000.000422,1000.000677,1000.000941,1000.001215,1000.001498,1000.001787,1000.002080,1000.002365,1000.002609,1000.002737,1000.002659,1000.002364,1000.001930,1000.001433,1000.000905,0.000000,0.000000
0.000000,0.000000,1000.000919,1000.001442,1000.001935,1000.002367,1000.002663,1000.002745,1000.002622,1000.002384,1000.002103,1000.001812,1000.001524,1000.001245,1000.000975,1000.000713,1000.000456,1000.000206,999.999960,999.999721,999.999491,999.999269,999.999054,999.998846,999.998645,999.998451,999.998266,999.998088,999.997919,999.997757,999.997603,999.997455,999.997315,999.997183,999.997058,999.996939,999.996828,999.996724,999.996626,999.996536,999.996453,999.996377,999.996308,999.996245,999.996191,999.996143,999.996104,999.996071,999.996046,999.996029,999.996018,999.996014,999.996017,999.996027,999.996045,999.996070,999.996103,999.996142,999.996189,999.996243,999.996305,999.996374,999.996449,999.996532,999.996622,999.996720,999.996825,999.996938,999.997058,999.997184,999.997319,999.997462,999.997611,999.997767,999.997931,999.998103,999.998282,999.998468,999.998661,999.998859,999.999065,999.999278,999.999499,999.999728,999.999964,1000.000206,1000.000453,1000.000708,1000.000971,1000.001245,1000.001525,1000.001811,1000.002100,1000.002380,1000.002618,1000.002740,1000.002655,1000.002354,1000.001917,1000.001417,1000.000889,0.000000,0.000000
0.000000,0.000000,1000.000908,1000.001421,1000.001914,1000.002351,1000.002656,1000.002748,1000.002636,1000.002406,1000.002131,1000.001844,1000.001559,1000.001281,1000.001011,1000.000749,1000.000494,1000.000244,999.999999,999.999760,999.999529,999.999307,999.999093,999.998886,999.998685,999.998491,999.998305,999.998128,999.997958,999.997797,999.997642,999.997495,999.997355,999.997223,999.997097,999.996979,999.996867,999.996763,999.996665,999.996575,999.996492,999.996416,999.996347,999.996285,999.996230,999.996183,999.996143,999.996111,999.996086,999.996068,999.996057,999.996053,999.996056,999.996067,999.996085,999.996110,999.996143,999.996182,999.996229,999.996284,999.996345,999.996413,999.996489,999.996572,999.996662,999.996760,999.996865,999.996978,999.997097,999.997224,999.997359,999.997502,999.997651,999.997808,999.997972,999.998143,999.998321,999.998506,999.998698,999.998897,999.999103,999.999316,999.999537,999.999766,1000.000002,1000.000244,1000.000491,1000.000746,1000.001010,1000.001282,1000.001560,1000.001843,1000.002127,1000.002400,1000.002630,1000.002743,1000.002648,1000.002338,1000.001894,1000.001391,1000.000865,0.000000,0.000000
0.000000,0.000000,1000.000881,1000.001382,1000.001879,1000.002324,1000.002643,1000.002753,1000.002656,1000.002436,1000.002168,1000.001886,1000.001602,1000.001324,1000.001054,1000.000793,1000.000539,1000.000289,1000.000044,999.999805,999.999574,999.999352,999.999138,999.998931,999.998731,999.998538,999.998353,999.998175,999.998006,999.997844,999.997690,999.997542,999.997402,999.997269,999.997143,999.997025,999.996913,999.996809,999.996712,999.996622,999.996539,999.996463,999.996394,999.996332,999.996277,999.996230,999.996190,999.996157,999.996132,999.996114,999.996103,999.996100,999.996103,999.996114,999.996132,999.996157,999.996190,999.996230,999.996277,999.996331,999.996392,999.996460,999.996536,999.996620,999.996710,999.996808,999.996913,999.997025,999.997145,999.997272,999.997407,999.997549,999.997699,999.997855,999.998019,999.998189,999.998366,999.998551,999.998744,999.998943,999.999149,999.999362,999.999582,999.999811,1000.000047,1000.000289,1000.000537,1000.000793,1000.001057,1000.001327,1000.001604,1000.001884,1000.002163,1000.002429,1000.002649,1000.002746,1000.002635,1000.002311,1000.001857,1000.001348,1000.000828,0.000000,0.000000
0.000000,0.000000,1000.000826,1000.001327,1000.001826,1000.002281,1000.002619,1000.002757,1000.002685,1000.002478,1000.002216,1000.001936,1000.001654,1000.001376,1000.001107,1000.000846,1000.000591,1000.000341,1000.000096,999.999857,999.999626,999.999404,999.999191,999.998984,999.998785,999.998593,999.998408,999.998230,999.998061,999.997899,999.997745,999.997597,999.997457,999.997323,999.997197,999.997078,999.996966,999.996862,999.996765,999.996675,999.996592,999.996517,999.996448,999.996386,999.996332,999.996284,999.996244,999.996211,999.996186,999.996168,999.996157,999.996153,999.996157,999.996168,999.996187,999.996212,999.996245,999.996285,999.996332,999.996385,999.996446,999.996514,999.996591,999.996674,999.996765,999.996863,999.996967,999.997080,999.997200,999.997327,999.997461,999.997604,999.997753,999.997909,999.998072,999.998242,999.998419,999.998603,999.998796,999.998996,999.999202,999.999414,999.999634,999.999862,1000.000099,1000.000342,1000.000592,1000.000848,1000.001110,1000.001379,1000.001654,1000.001932,1000.002209,1000.002470,1000.002676,1000.002749,1000.002611,1000.002269,1000.001804,1000.001288,1000.000765,0.000000,0.000000
0.000000,0.000000,1000.000714,1000.001257,1000.001759,1000.002221,1000.002581,1000.002757,1000.002720,1000.002531,1000.002274,1000.001995,1000.001714,1000.001437,1000.001168,1000.000906,1000.000650,1000.000400,1000.000155,999.999917,999.999687,999.999465,999.999251,999.999045,999.998846,999.998654,999.998470,999.998292,999.998123,999.997961,999.997807,999.997659,999.997518,999.997384,999.997258,999.997138,999.997026,999.996922,999.996825,999.996735,999.996653,999.996578,999.996509,999.996448,999.996393,999.996346,999.996305,999.996272,999.996247,999.996229,999.996218,999.996215,999.996219,999.996230,999.996248,999.996274,999.996307,999.996347,999.996393,999.996446,999.996507,999.996576,999.996652,999.996736,999.996827,999.996925,999.997029,999.997142,999.997261,999.997388,999.997523,999.997665,999.997814,999.997970,999.998133,999.998302,999.998479,999.998664,999.998857,999.999056,999.999261,999.999473,999.999693,999.999922,1000.000158,1000.000402,1000.000653,1000.000909,1000.001170,1000.001438,1000.001712,1000.001990,1000.002265,1000.002521,1000.002709,1000.002747,1000.002572,1000.002210,1000.001736,1000.001212,1000.000645,0.000000,0.000000
0.000000,0.000000,0.000000,1000.001180,1000.001676,1000.002143,1000.002526,1000.002747,1000.002754,1000.002589,1000.002339,1000.002062,1000.001782,1000.001506,1000.001237,1000.000974,1000.000718,1000.000467,1000.000223,999.999985,999.999755,999.999533,999.999319,999.999113,999.998914,999.998723,999.998539,999.998362,999.998192,999.998031,999.997876,999.997728,999.997587,999.997453,999.997326,999.997206,999.997094,999.996989,999.996892,999.996802,999.996720,999.996645,999.996577,999.996516,999.996462,999.996415,999.996374,999.996341,999.996315,999.996297,999.996286,999.996283,999.996287,999.996299,999.996317,999.996343,999.996376,999.996415,999.996462,999.996515,999.996576,999.996645,999.996721,999.996806,999.996897,999.996994,999.997098,999.997210,999.997330,999.997457,999.997592,999.997733,999.997882,999.998038,999.998200,999.998369,999.998546,999.998731,999.998924,999.999123,999.999328,999.999540,999.999760,999.999989,1000.000226,1000.000470,1000.000721,1000.000977,1000.001237,1000.001503,1000.001777,1000.002055,1000.002329,1000.002577,1000.002742,1000.002735,1000.002517,1000.002132,1000.001654,1000.001134,0.000000,0.000000,0.000000
0.000000,0.000000,0.000000,1000.001091,1000.001587,1000.002053,1000.002458,1000.002722,1000.002778,1000.002645,1000.002407,1000.002135,1000.001857,1000.001582,1000.001312,1000.001049,1000.000792,1000.000541,1000.000298,1000.000061,999.999831,999.999609,999.999395,999.999189,999.998991,999.998799,999.998615,999.998438,999.998268,999.998106,999.997952,999.997804,999.997663,999.997529,999.997401,999.997281,999.997169,999.997064,999.996967,999.996877,999.996794,999.996719,999.996651,999.996591,999.996537,999.996490,999.996450,999.996417,999.996391,999.996373,999.996362,999.996359,999.996363,999.996375,999.996394,999.996419,999.996452,999.996492,999.996538,999.996591,999.996652,999.996721,999.996798,999.996882,999.996973,999.997070,999.997175,999.997287,999.997406,999.997533,999.997667,999.997809,999.997957,999.998112,999.998275,999.998444,999.998621,999.998806,999.998999,999.999198,999.999403,999.999615,999.999835,1000.000064,1000.000301,1000.000545,1000.000796,1000.001051,1000.001310,1000.001577,1000.001850,1000.002128,1000.002398,1000.002633,1000.002765,1000.002710,1000.002448,1000.002042,1000.001568,1000.001055,0.000000,0.000000,0.000000
0.000000,0.000000,0.000000,1000.000979,1000.001471,1000.001948,1000.002376,1000.002682,1000.002789,1000.002696,1000.002479,1000.002214,1000.001938,1000.001664,1000.001394,1000.001130,1000.000873,1000.000623,1000.000380,1000.000143,999.999913,999.999692,999.999479,999.999274,999.999075,999.998884,999.998699,999.998522,999.998351,999.998189,999.998034,999.997887,999.997746,999.997612,999.997484,999.997364,999.997251,999.997147,999.997049,999.996959,999.996876,999.996801,999.996733,999.996672,999.996619,999.996572,999.996532,999.996500,999.996474,999.996456,999.996446,999.996442,999.996446,999.996458,999.996477,999.996503,999.996535,999.996575,999.996621,999.996675,999.996736,999.996805,999.996881,999.996965,999.997056,999.997154,999.997258,999.997371,999.997490,999.997617,999.997751,999.997892,999.998039,999.998195,999.998357,999.998527,999.998704,999.998889,999.999081,999.999280,999.999485,999.999698,999.999918,1000.000147,1000.000383,1000.000627,1000.000876,1000.001131,1000.001391,1000.001658,1000.001932,1000.002207,1000.002471,1000.002686,1000.002777,1000.002671,1000.002367,1000.001939,1000.001456,1000.000958,0.000000,0.000000,0.000000
0.000000,0.000000,0.000000,1000.000840,1000.001344,1000.001829,1000.002277,1000.002623,1000.002787,1000.002743,1000.002554,1000.002299,1000.002027,1000.001753,1000.001483,1000.001219,1000.000962,1000.000712,1000.000469,1000.000233,1000.000003,999.999782,999.999570,999.999365,999.999167,999.998976,999.998791,999.998613,999.998442,999.998279,999.998124,999.997976,999.997835,999.997702,999.997574,999.997454,999.997342,999.997237,999.997139,999.997049,999.996966,999.996890,999.996822,999.996761,999.996708,999.996662,999.996622,999.996590,999.996565,999.996547,999.996536,999.996533,999.996537,999.996549,999.996568,999.996593,999.996626,999.996665,999.996712,999.996765,999.996826,999.996895,999.996971,999.997055,999.997146,999.997244,999.997349,999.997462,999.997581,999.997707,999.997841,999.997981,999.998129,999.998284,999.998447,999.998618,999.998795,999.998979,999.999170,999.999369,999.999575,999.999789,1000.000009,1000.000237,1000.000473,1000.000716,1000.000964,1000.001219,1000.001479,1000.001747,1000.002021,1000.002294,1000.002547,1000.002734,1000.002776,1000.002613,1000.002269,1000.001821,1000.001332,1000.000829,0.000000,0.000000,0.000000
0.000000,0.000000,0.000000,1000.000670,1000.001206,1000.001697,1000.002159,1000.002540,1000.002762,1000.002780,1000.002629,1000.002390,1000.002122,1000.001850,1000.001580,1000.001315,1000.001058,1000.000808,1000.000566,1000.000330,1000.000100,999.999879,999.999668,999.999464,999.999267,999.999075,999.998891,999.998712,999.998541,999.998377,999.998221,999.998073,999.997933,999.997799,999.997672,999.997553,999.997440,999.997335,999.997237,999.997147,999.997064,999.996988,999.996919,999.996858,999.996805,999.996759,999.996720,999.996688,999.996663,999.996645,999.996634,999.996631,999.996635,999.996647,999.996665,999.996691,999.996723,999.996763,999.996809,999.996863,999.996924,999.996992,999.997069,999.997152,999.997244,999.997342,999.997447,999.997559,999.997678,999.997804,999.997938,999.998078,999.998226,999.998381,999.998545,999.998716,999.998892,999.999076,999.999267,999.999466,999.999673,999.999887,1000.000108,1000.000335,1000.000571,1000.000812,1000.001060,1000.001314,1000.001575,1000.001844,1000.002116,1000.002384,1000.002622,1000.002772,1000.002754,1000.002532,1000.002153,1000.001691,1000.001196,1000.000657,0.000000,0.000000,0.000000
0.000000,0.000000,0.000000,0.000000,1000.001048,1000.001547,1000.002022,1000.002433,1000.002713,1000.002799,1000.002698,1000.002484,1000.002225,1000.001955,1000.001685,1000.001419,1000.001161,1000.000912,1000.000670,1000.000434,1000.000204,999.999983,999.999772,999.999569,999.999373,999.999182,999.998998,999.998819,999.998647,999.998483,999.998328,999.998179,999.998038,999.997905,999.997778,999.997658,999.997546,999.997441,999.997343,999.997252,999.997169,999.997093,999.997024,999.996963,999.996910,999.996863,999.996824,999.996793,999.996768,999.996750,999.996739,999.996736,999.996740,999.996752,999.996770,999.996795,999.996828,999.996867,999.996914,999.996967,999.997029,999.997098,999.997174,999.997258,999.997349,999.997447,999.997552,999.997663,999.997782,999.997908,999.998041,999.998182,999.998330,999.998486,999.998650,999.998821,999.998997,999.999180,999.999371,999.999570,999.999777,999.999992,1000.000213,1000.000440,1000.000675,1000.000916,1000.001164,1000.001418,1000.001680,1000.001948,1000.002218,1000.002478,1000.002692,1000.002792,1000.002707,1000.002428,1000.002017,1000.001544,1000.001049,0.000000,0.000000,0.000000,0.000000
0.000000,0.000000,0.000000,0.000000,1000.000892,1000.001394,1000.001864,1000.002301,1000.002634,1000.002793,1000.002757,1000.002580,1000.002334,1000.002067,1000.001797,1000.001531,1000.001273,1000.001024,1000.000781,1000.000545,1000.000316,1000.000094,999.999883,999.999680,999.999484,999.999295,999.999112,999.998933,999.998761,999.998597,999.998441,999.998293,999.998152,999.998018,999.997891,999.997771,999.997659,999.997554,999.997456,999.997365,999.997282,999.997206,999.997137,999.997076,999.997022,999.996975,999.996936,999.996904,999.996879,999.996861,999.996850,999.996847,999.996852,999.996863,999.996881,999.996907,999.996939,999.996978,999.997025,999.997079,999.997141,999.997210,999.997287,999.997370,999.997461,999.997559,999.997663,999.997774,999.997893,999.998019,999.998152,999.998293,999.998442,999.998598,999.998762,999.998932,999.999109,999.999291,999.999482,999.999681,999.999889,1000.000104,1000.000325,1000.000552,1000.000786,1000.001028,1000.001276,1000.001530,1000.001793,1000.002060,1000.002327,1000.002572,1000.002750,1000.002788,1000.002632,1000.002301,1000.001865,1000.001396,1000.000901,0.000000,0.000000,0.000000,0.000000
0.000000,0.000000,0.000000,0.000000,1000.000706,1000.001224,1000.001695,1000.002146,1000.002523,1000.002756,1000.002797,1000.002670,1000.002446,1000.002186,1000.001918,1000.001652,1000.001393,1000.001143,1000.000900,1000.000664,1000.000435,1000.000214,1000.000001,999.999797,999.999602,999.999414,999.999232,999.999055,999.998883,999.998718,999.998562,999.998414,999.998274,999.998139,999.998012,999.997892,999.997779,999.997674,999.997576,999.997485,999.997402,999.997326,999.997257,999.997195,999.997141,999.997095,999.997055,999.997023,999.996998,999.996980,999.996970,999.996967,999.996971,999.996982,999.997000,999.997025,999.997058,999.997097,999.997144,999.997199,999.997261,999.997330,999.997406,999.997490,999.997580,999.997677,999.997781,999.997893,999.998011,999.998137,999.998271,999.998412,999.998561,999.998718,999.998881,999.999051,999.999228,999.999411,999.999602,999.999801,1000.000008,1000.000223,1000.000445,1000.000672,1000.000906,1000.001147,1000.001395,1000.001650,1000.001913,1000.002180,1000.002439,1000.002661,1000.002789,1000.002753,1000.002527,1000.002153,1000.001701,1000.001230,1000.000713,0.000000,0.000000,0.000000,0.000000
0.000000,0.000000,0.000000,0.000000,0.000000,1000.001025,1000.001512,1000.001969,1000.002381,1000.002680,1000.002805,1000.002746,1000.002557,1000.002308,1000.002044,1000.001779,1000.001521,1000.001271,1000.001028,1000.000792,1000.000563,1000.000341,1000.000127,999.999922,999.999727,999.999539,999.999358,999.999182,999.999011,999.998846,999.998690,999.998542,999.998401,999.998267,999.998140,999.998020,999.997907,999.997802,999.997704,999.997613,999.997529,999.997453,999.997384,999.997322,999.997268,999.997221,999.997181,999.997149,999.997124,999.997107,999.997097,999.997094,999.997098,999.997108,999.997126,999.997151,999.997184,999.997224,999.997271,999.997326,999.997388,999.997457,999.997533,999.997616,999.997705,999.997803,999.997907,999.998019,999.998137,999.998264,999.998398,999.998540,999.998689,999.998845,999.999008,999.999177,999.999354,999.999538,999.999729,999.999928,1000.000134,1000.000349,1000.000571,1000.000799,1000.001033,1000.001274,1000.001522,1000.001778,1000.002041,1000.002304,1000.002550,1000.002737,1000.002799,1000.002682,1000.002391,1000.001982,1000.001522,1000.001034,0.000000,0.000000,0.000000,0.000000,0.000000
0.000000,0.000000,0.000000,0.000000,0.000000,1000.000808,1000.001321,1000.001779,1000.002212,1000.002565,1000.002773,1000.002796,1000.002658,1000.002432,1000.002174,1000.001913,1000.001655,1000.001405,1000.001163,1000.000928,1000.000699,1000.000477,1000.000263,1000.000056,999.999859,999.999671,999.999491,999.999316,999.999146,999.998981,999.998824,999.998676,999.998535,999.998401,999.998274,999.998154,999.998042,999.997937,999.997839,999.997747,999.997663,999.997587,999.997518,999.997456,999.997402,999.997355,999.997316,999.997283,999.997258,999.997241,999.997231,999.997229,999.997233,999.997243,999.997261,999.997285,999.997318,999.997358,999.997405,999.997460,999.997521,999.997590,999.997666,999.997748,999.997838,999.997936,999.998040,999.998152,999.998271,999.998398,999.998533,999.998675,999.998824,999.998980,999.999142,999.999311,999.999488,999.999672,999.999863,1000.000062,1000.000268,1000.000482,1000.000704,1000.000932,1000.001167,1000.001408,1000.001657,1000.001913,1000.002174,1000.002430,1000.002653,1000.002788,1000.002770,1000.002571,1000.002225,1000.001794,1000.001334,1000.000812,0.000000,0.000000,0.000000,0.000000,0.000000
0.000000,0.000000,0.000000,0.000000,0.000000,0.000000,1000.001091,1000.001574,1000.002020,1000.002417,1000.002698,1000.002809,1000.002742,1000.002553,1000.002308,1000.002051,1000.001796,1000.001546,1000.001305,1000.001071,1000.000843,1000.000621,1000.000406,1000.000199,1000.000000,999.999810,999.999630,999.999456,999.999287,999.999123,999.998966,999.998818,999.998676,999.998542,999.998415,999.998295,999.998183,999.998078,999.997981,999.997889,999.997805,999.997729,999.997660,999.997598,999.997544,999.997497,999.997458,999.997425,999.997400,999.997382,999.997373,999.997370,999.997375,999.997385,999.997403,999.997427,999.997459,999.997499,999.997546,999.997600,999.997661,999.997729,999.997805,999.997888,999.997979,999.998076,999.998180,999.998292,999.998412,999.998540,999.998675,999.998817,999.998966,999.999121,999.999283,999.999451,999.999628,999.999813,1000.000005,1000.000203,1000.000409,1000.000623,1000.000844,1000.001073,1000.001309,1000.001551,1000.001799,1000.002053,1000.002309,1000.002552,1000.002738,1000.002803,1000.002696,1000.002423,1000.002033,1000.001589,1000.001108,0.000000,0.000000,0.000000,0.000000,0.000000,0.000000
0.000000,0.000000,0.000000,0.000000,0.000000,0.000000,1000.000845,1000.001362,1000.001814,1000.002236,1000.002578,1000.002777,1000.002796,1000.002662,1000.002442,1000.002194,1000.001942,1000.001694,1000.001453,1000.001219,1000.000992,1000.000771,1000.000557,1000.000349,1000.000149,999.999958,999.999776,999.999602,999.999434,999.999272,999.999115,999.998967,999.998825,999.998690,999.998562,999.998442,999.998331,999.998227,999.998129,999.998039,999.997955,999.997878,999.997810,999.997748,999.997693,999.997646,999.997607,999.997574,999.997549,999.997531,999.997521,999.997519,999.997523,999.997534,999.997552,999.997576,999.997608,999.997648,999.997694,999.997747,999.997807,999.997876,999.997952,999.998035,999.998126,999.998224,999.998328,999.998440,999.998560,999.998688,999.998824,999.998965,999.999114,999.999269,999.999430,999.999599,999.999776,999.999961,1000.000153,1000.000351,1000.000557,1000.000771,1000.000993,1000.001222,1000.001459,1000.001701,1000.001948,1000.002197,1000.002444,1000.002661,1000.002792,1000.002772,1000.002576,1000.002241,1000.001825,1000.001378,1000.000870,0.000000,0.000000,0.000000,0.000000,0.000000,0.000000
0.000000,0.000000,0.000000,0.000000,0.000000,0.000000,0.000000,1000.001110,1000.001589,1000.002029,1000.002417,1000.002694,1000.002806,1000.002748,1000.002571,1000.002339,1000.002094,1000.001850,1000.001609,1000.001375,1000.001148,1000.000928,1000.000714,1000.000506,1000.000306,1000.000114,999.999930,999.999756,999.999588,999.999427,999.999271,999.999123,999.998981,999.998845,999.998717,999.998597,999.998485,999.998381,999.998285,999.998195,999.998111,999.998035,999.997966,999.997905,999.997850,999.997802,999.997763,999.997730,999.997705,999.997687,999.997676,999.997674,999.997678,999.997689,999.997706,999.997731,999.997764,999.997804,999.997849,999.997902,999.997962,999.998031,999.998107,999.998191,999.998282,999.998380,999.998484,999.998596,999.998716,999.998844,999.998980,999.999121,999.999269,999.999424,999.999585,999.999755,999.999932,1000.000117,1000.000308,1000.000507,1000.000713,1000.000928,1000.001149,1000.001379,1000.001616,1000.001858,1000.002101,1000.002343,1000.002572,1000.002746,1000.002803,1000.002689,1000.002416,1000.002033,1000.001600,1000.001132,0.000000,0.000000,0.000000,0.000000,0.000000,0.000000,0.000000
0.000000,0.000000,0.000000,0.000000,0.000000,0.000000,0.000000,1000.000841,1000.001356,1000.001803,1000.002220,1000.002559,1000.002763,1000.002796,1000.002684,1000.002486,1000.002253,1000.002012,1000.001773,1000.001538,1000.001311,1000.001091,1000.000877,1000.000670,1000.000470,1000.000277,1000.000093,999.999916,999.999749,999.999588,999.999434,999.999287,999.999145,999.999009,999.998881,999.998760,999.998648,999.998544,999.998447,999.998358,999.998274,999.998198,999.998129,999.998067,999.998012,999.997965,999.997925,999.997893,999.997868,999.997850,999.997840,999.997836,999.997839,999.997850,999.997868,999.997894,999.997927,999.997966,999.998012,999.998065,999.998125,999.998194,999.998270,999.998354,999.998446,999.998543,999.998647,999.998759,999.998879,999.999007,999.999142,999.999284,999.999432,999.999586,999.999748,999.999917,1000.000095,1000.000279,1000.000471,1000.000670,1000.000878,1000.001092,1000.001314,1000.001543,1000.001781,1000.002021,1000.002260,1000.002490,1000.002685,1000.002795,1000.002760,1000.002555,1000.002218,1000.001807,1000.001370,1000.000871,0.000000,0.000000,0.000000,0.000000,0.000000,0.000000,0.000000
0.000000,0.000000,0.000000,0.000000,0.000000,0.000000,0.000000,0.000000,1000.001089,1000.001559,1000.001992,1000.002378,1000.002660,1000.002794,1000.002768,1000.002625,1000.002416,1000.002181,1000.001944,1000.001710,1000.001481,1000.001261,1000.001047,1000.000840,1000.000640,1000.000448,1000.000263,1000.000086,999.999917,999.999758,999.999605,999.999458,999.999316,999.999180,999.999052,999.998931,999.998818,999.998714,999.998617,999.998527,999.998444,999.998368,999.998299,999.998237,999.998182,999.998134,999.998094,999.998062,999.998038,999.998021,999.998010,999.998006,999.998008,999.998019,999.998037,999.998063,999.998096,999.998135,999.998181,999.998235,999.998296,999.998364,999.998441,999.998525,999.998616,999.998713,999.998817,999.998928,999.999048,999.999176,999.999312,999.999453,999.999601,999.999755,999.999918,1000.000088,1000.000265,1000.000450,1000.000642,1000.000842,1000.001050,1000.001264,1000.001485,1000.001715,1000.001951,1000.002189,1000.002422,1000.002628,1000.002768,1000.002792,1000.002657,1000.002373,1000.001989,1000.001565,1000.001106,0.000000,0.000000,0.000000,0.000000,0.000000,0.000000,0.000000,0.000000
0.000000,0.000000,0.000000,0.000000,0.000000,0.000000,0.000000,0.000000,1000.000801,1000.001306,1000.001744,1000.002153,1000.002496,1000.002723,1000.002802,1000.002739,1000.002575,1000.002356,1000.002121,1000.001888,1000.001660,1000.001439,1000.001225,1000.001018,1000.000818,1000.000626,1000.000441,1000.000264,1000.000095,999.999935,999.999782,999.999635,999.999494,999.999358,999.999230,999.999109,999.998996,999.998891,999.998794,999.998705,999.998621,999.998545,999.998476,999.998414,999.998359,999.998311,999.998271,999.998239,999.998215,999.998198,999.998188,999.998183,999.998185,999.998195,999.998213,999.998239,999.998271,999.998311,999.998357,999.998411,999.998472,999.998541,999.998618,999.998702,999.998793,999.998890,999.998993,999.999104,999.999224,999.999352,999.999488,999.999629,999.999777,999.999932,1000.000095,1000.000265,1000.000443,1000.000628,1000.000821,1000.001021,1000.001229,1000.001442,1000.001663,1000.001892,1000.002126,1000.002361,1000.002578,1000.002741,1000.002802,1000.002720,1000.002492,1000.002147,1000.001742,1000.001315,1000.000829,0.000000,0.000000,0.000000,0.000000,0.000000,0.000000,0.000000,0.000000
0.000000,0.000000,0.000000,0.000000,0.000000,0.000000,0.000000,0.000000,0.000000,1000.001009,1000.001471,1000.001892,1000.002276,1000.002577,1000.002760,1000.002800,1000.002706,1000.002523,1000.002301,1000.002072,1000.001846,1000.001626,1000.001412,1000.001204,1000.001004,1000.000812,1000.000627,1000.000449,1000.000280,1000.000119,999.999965,999.999819,999.999677,999.999542,999.999414,999.999294,999.999181,999.999076,999.998979,999.998888,999.998805,999.998729,999.998660,999.998598,999.998544,999.998496,999.998457,999.998425,999.998401,999.998383,999.998372,999.998367,999.998369,999.998379,999.998396,999.998421,999.998454,999.998493,999.998540,999.998594,999.998655,999.998724,999.998801,999.998885,999.998976,999.999073,999.999177,999.999288,999.999408,999.999536,999.999671,999.999813,999.999961,1000.000116,1000.000280,1000.000451,1000.000629,1000.000814,1000.001007,1000.001207,1000.001414,1000.001628,1000.001848,1000.002074,1000.002304,1000.002525,1000.002707,1000.002800,1000.002760,1000.002575,1000.002272,1000.001888,1000.001474,1000.001026,0.000000,0.000000,0.000000,0.000000,0.000000,0.000000,0.000000,0.000000,0.000000
0.000000,0.000000,0.000000,0.000000,0.000000,0.000000,0.000000,0.000000,0.000000,1000.000696,1000.001186,1000.001617,1000.002011,1000.002366,1000.002635,1000.002784,1000.002786,1000.002666,1000.002476,1000.002258,1000.002037,1000.001819,1000.001606,1000.001399,1000.001198,1000.001005,1000.000820,1000.000642,1000.000471,1000.000309,1000.000155,1000.000008,999.999867,999.999732,999.999604,999.999485,999.999373,999.999267,999.999169,999.999078,999.998994,999.998918,999.998850,999.998789,999.998735,999.998689,999.998650,999.998618,999.998593,999.998574,999.998562,999.998557,999.998560,999.998570,999.998587,999.998612,999.998644,999.998683,999.998730,999.998784,999.998845,999.998914,999.998991,999.999076,999.999167,999.999264,999.999368,999.999480,999.999600,999.999727,999.999862,1000.000003,1000.000152,1000.000308,1000.000472,1000.000644,1000.000822,1000.001008,1000.001201,1000.001400,1000.001608,1000.001821,1000.002039,1000.002260,1000.002477,1000.002666,1000.002786,1000.002785,1000.002637,1000.002366,1000.002010,1000.001615,1000.001193,1000.000722,0.000000,0.000000,0.000000,0.000000,0.000000,0.000000,0.000000,0.000000,0.000000
0.000000,0.000000,0.000000,0.000000,0.000000,0.000000,0.000000,0.000000,0.000000,0.000000,1000.000849,1000.001322,1000.001726,1000.002107,1000.002440,1000.002683,1000.002795,1000.002767,1000.002634,1000.002444,1000.002231,1000.002018,1000.001807,1000.001600,1000.001399,1000.001205,1000.001019,1000.000841,1000.000670,1000.000508,1000.000353,1000.000205,1000.000064,999.999929,999.999802,999.999683,999.999571,999.999465,999.999366,999.999275,999.999191,999.999115,999.999047,999.998987,999.998934,999.998888,999.998849,999.998817,999.998791,999.998772,999.998760,999.998755,999.998758,999.998768,999.998786,999.998811,999.998844,999.998883,999.998929,999.998982,999.999043,999.999112,999.999190,999.999274,999.999365,999.999462,999.999566,999.999678,999.999798,999.999925,1000.000060,1000.000202,1000.000351,1000.000508,1000.000672,1000.000844,1000.001023,1000.001208,1000.001401,1000.001602,1000.001810,1000.002021,1000.002235,1000.002445,1000.002633,1000.002766,1000.002797,1000.002688,1000.002446,1000.002111,1000.001726,1000.001321,1000.000856,0.000000,0.000000,0.000000,0.000000,0.000000,0.000000,0.000000,0.000000,0.000000,0.000000
0.000000,0.000000,0.000000,0.000000,0.000000,0.000000,0.000000,0.000000,0.000000,0.000000,0.000000,1000.000982,1000.001419,1000.001816,1000.002189,1000.002503,1000.002717,1000.002799,1000.002752,1000.002615,1000.002427,1000.002220,1000.002012,1000.001807,1000.001606,1000.001412,1000.001225,1000.001046,1000.000876,1000.000714,1000.000558,1000.000410,1000.000269,1000.000133,1000.000005,999.999886,999.999774,999.999670,999.999571,999.999480,999.999396,999.999320,999.999252,999.999192,999.999140,999.999094,999.999055,999.999022,999.998997,999.998978,999.998967,999.998962,999.998965,999.998976,999.998994,999.999020,999.999052,999.999091,999.999137,999.999190,999.999251,999.999320,999.999397,999.999482,999.999572,999.999669,999.999773,999.999884,1000.000003,1000.000130,1000.000265,1000.000407,1000.000557,1000.000714,1000.000878,1000.001050,1000.001229,1000.001415,1000.001609,1000.001811,1000.002017,1000.002225,1000.002431,1000.002616,1000.002752,1000.002799,1000.002722,1000.002513,1000.002198,1000.001820,1000.001420,1000.000982,0.000000,0.000000,0.000000,0.000000,0.000000,0.000000,0.000000,0.000000,0.000000,0.000000,0.000000
0.000000,0.000000,0.000000,0.000000,0.000000,0.000000,0.000000,0.000000,0.000000,0.000000,0.000000,1000.000634,1000.001099,1000.001509,1000.001893,1000.002251,1000.002544,1000.002735,1000.002800,1000.002745,1000.002607,1000.002422,1000.002220,1000.002018,1000.001820,1000.001626,1000.001438,1000.001259,1000.001089,1000.000927,1000.000772,1000.000623,1000.000481,1000.000345,1000.000216,1000.000096,999.999984,999.999880,999.999783,999.999692,999.999609,999.999534,999.999467,999.999407,999.999354,999.999307,999.999268,999.999235,999.999210,999.999193,999.999182,999.999178,999.999181,999.999191,999.999210,999.999235,999.999267,999.999306,999.999352,999.999406,999.999467,999.999536,999.999613,999.999697,999.999787,999.999883,999.999986,1000.000096,1000.000215,1000.000342,1000.000477,1000.000620,1000.000770,1000.000927,1000.001091,1000.001263,1000.001442,1000.001629,1000.001824,1000.002023,1000.002226,1000.002428,1000.002610,1000.002746,1000.002800,1000.002738,1000.002554,1000.002264,1000.001903,1000.001515,1000.001101,1000.000632,0.000000,0.000000,0.000000,0.000000,0.000000,0.000000,0.000000,0.000000,0.000000,0.000000,0.000000
0.000000,0.000000,0.000000,0.000000,0.000000,0.000000,0.000000,0.000000,0.000000,0.000000,0.000000,0.000000,1000.000729,1000.001183,1000.001579,1000.001947,1000.002290,1000.002566,1000.002744,1000.002800,1000.002742,1000.002606,1000.002427,1000.002232,1000.002038,1000.001847,1000.001660,1000.001480,1000.001310,1000.001148,1000.000993,1000.000844,1000.000701,1000.000565,1000.000435,1000.000314,1000.000203,1000.000099,1000.000002,999.999913,999.999830,999.999756,999.999689,999.999629,999.999576,999.999529,999.999489,999.999456,999.999432,999.999415,999.999405,999.999401,999.999404,999.999415,999.999432,999.999457,999.999488,999.999527,999.999574,999.999627,999.999689,999.999758,999.999834,999.999918,1000.000007,1000.000102,1000.000205,1000.000315,1000.000434,1000.000561,1000.000696,1000.000840,1000.000990,1000.001147,1000.001311,1000.001483,1000.001663,1000.001850,1000.002043,1000.002238,1000.002433,1000.002611,1000.002745,1000.002800,1000.002745,1000.002573,1000.002303,1000.001962,1000.001589,1000.001188,1000.000731,0.000000,0.000000,0.000000,0.000000,0.000000,0.000000,0.000000,0.000000,0.000000,0.000000,0.000000,0.000000
0.000000,0.000000,0.000000,0.000000,0.000000,0.000000,0.000000,0.000000,0.000000,0.000000,0.000000,0.000000,0.000000,1000.000813,1000.001245,1000.001624,1000.001979,1000.002310,1000.002576,1000.002746,1000.002799,1000.002743,1000.002613,1000.002443,1000.002259,1000.002073,1000.001890,1000.001711,1000.001539,1000.001376,1000.001221,1000.001073,1000.000930,1000.000794,1000.000664,1000.000543,1000.000430,1000.000327,1000.000230,1000.000140,1000.000058,999.999983,999.999917,999.999857,999.999804,999.999757,999.999717,999.999685,999.999661,999.999644,999.999635,999.999632,999.999635,999.999645,999.999662,999.999686,999.999716,999.999755,999.999801,999.999855,999.999916,999.999985,1000.000062,1000.000144,1000.000233,1000.000328,1000.000430,1000.000541,1000.000661,1000.000789,1000.000925,1000.001069,1000.001219,1000.001376,1000.001540,1000.001713,1000.001893,1000.002077,1000.002264,1000.002450,1000.002619,1000.002748,1000.002801,1000.002747,1000.002580,1000.002320,1000.001994,1000.001638,1000.001254,1000.000817,0.000000,0.000000,0.000000,0.000000,0.000000,0.000000,0.000000,0.000000,0.000000,0.000000,0.000000,0.000000,0.000000
0.000000,0.000000,0.000000,0.000000,0.000000,0.000000,0.000000,0.000000,0.000000,0.000000,0.000000,0.000000,0.000000,0.000000,1000.000868,1000.001280,1000.001646,1000.001993,1000.002316,1000.002576,1000.002741,1000.002795,1000.002747,1000.002630,1000.002475,1000.002302,1000.002125,1000.001949,1000.001778,1000.001614,1000.001458,1000.001310,1000.001168,1000.001031,1000.000902,1000.000780,1000.000667,1000.000563,1000.000466,1000.000376,1000.000293,1000.000219,1000.000151,1000.000092,1000.000039,999.999992,999.999953,999.999921,999.999897,999.999881,999.999872,999.999870,999.999873,999.999883,999.999899,999.999922,999.999952,999.999990,1000.000035,1000.000089,1000.000151,1000.000219,1000.000295,1000.000377,1000.000466,1000.000561,1000.000665,1000.000777,1000.000898,1000.001027,1000.001163,1000.001306,1000.001456,1000.001612,1000.001776,1000.001949,1000.002127,1000.002307,1000.002482,1000.002639,1000.002756,1000.002802,1000.002745,1000.002579,1000.002323,1000.002005,1000.001662,1000.001292,1000.000875,0.000000,0.000000,0.000000,0.000000,0.000000,0.000000,0.000000,0.000000,0.000000,0.000000,0.000000,0.000000,0.000000,0.000000
0.000000,0.000000,0.000000,0.000000,0.000000,0.000000,0.000000,0.000000,0.000000,0.000000,0.000000,0.000000,0.000000,0.000000,0.000000,1000.000885,1000.001289,1000.001649,1000.001991,1000.002308,1000.002563,1000.002728,1000.002790,1000.002759,1000.002662,1000.002523,1000.002360,1000.002189,1000.002021,1000.001859,1000.001703,1000.001555,1000.001413,1000.001276,1000.001147,1000.001025,1000.000911,1000.000806,1000.000709,1000.000619,1000.000537,1000.000461,1000.000394,1000.000334,1000.000282,1000.000236,1000.000197,1000.000166,1000.000142,1000.000126,1000.000117,1000.000114,1000.000118,1000.000128,1000.000144,1000.000166,1000.000196,1000.000233,1000.000278,1000.000331,1000.000392,1000.000460,1000.000536,1000.000617,1000.000706,1000.000802,1000.000907,1000.001022,1000.001144,1000.001273,1000.001409,1000.001551,1000.001699,1000.001854,1000.002017,1000.002188,1000.002363,1000.002530,1000.002672,1000.002770,1000.002802,1000.002737,1000.002569,1000.002314,1000.002001,1000.001665,1000.001305,1000.000896,0.000000,0.000000,0.000000,0.000000,0.000000,0.000000,0.000000,0.000000,0.000000,0.000000,0.000000,0.000000,0.000000,0.000000,0.000000
0.000000,0.000000,0.000000,0.000000,0.000000,0.000000,0.000000,0.000000,0.000000,0.000000,0.000000,0.000000,0.000000,0.000000,0.000000,0.000000,1000.000881,1000.001283,1000.001639,1000.001974,1000.002284,1000.002535,1000.002705,1000.002784,1000.002777,1000.002702,1000.002576,1000.002423,1000.002262,1000.002105,1000.001953,1000.001805,1000.001664,1000.001528,1000.001399,1000.001276,1000.001162,1000.001056,1000.000958,1000.000869,1000.000786,1000.000711,1000.000643,1000.000584,1000.000532,1000.000487,1000.000449,1000.000418,1000.000394,1000.000377,1000.000368,1000.000366,1000.000370,1000.000380,1000.000396,1000.000419,1000.000448,1000.000485,1000.000529,1000.000581,1000.000641,1000.000709,1000.000783,1000.000865,1000.000954,1000.001051,1000.001158,1000.001273,1000.001395,1000.001525,1000.001661,1000.001802,1000.001948,1000.002100,1000.002259,1000.002424,1000.002582,1000.002712,1000.002791,1000.002799,1000.002720,1000.002548,1000.002293,1000.001983,1000.001653,1000.001299,1000.000894,0.000000,0.000000,0.000000,0.000000,0.000000,0.000000,0.000000,0.000000,0.000000,0.000000,0.000000,0.000000,0.000000,0.000000,0.000000,0.000000
0.000000,0.000000,0.000000,0.000000,0.000000,0.000000,0.000000,0.000000,0.000000,0.000000,0.000000,0.000000,0.000000,0.000000,0.000000,0.000000,0.000000,1000.000868,1000.001267,1000.001616,1000.001941,1000.002242,1000.002490,1000.002669,1000.002771,1000.002791,1000.002735,1000.002627,1000.002491,1000.002347,1000.002202,1000.002059,1000.001920,1000.001786,1000.001658,1000.001535,1000.001421,1000.001314,1000.001217,1000.001126,1000.001044,1000.000968,1000.000900,1000.000841,1000.000789,1000.000745,1000.000707,1000.000677,1000.000653,1000.000636,1000.000627,1000.000624,1000.000628,1000.000638,1000.000656,1000.000679,1000.000708,1000.000744,1000.000788,1000.000839,1000.000898,1000.000964,1000.001039,1000.001121,1000.001210,1000.001308,1000.001415,1000.001530,1000.001653,1000.001783,1000.001918,1000.002057,1000.002200,1000.002346,1000.002493,1000.002632,1000.002745,1000.002805,1000.002787,1000.002687,1000.002507,1000.002255,1000.001950,1000.001625,1000.001279,1000.000884,0.000000,0.000000,0.000000,0.000000,0.000000,0.000000,0.000000,0.000000,0.000000,0.000000,0.000000,0.000000,0.000000,0.000000,0.000000,0.000000,0.000000
0.000000,0.000000,0.000000,0.000000,0.000000,0.000000,0.000000,0.000000,0.000000,0.000000,0.000000,0.000000,0.000000,0.000000,0.000000,0.000000,0.000000,0.000000,1000.000848,1000.001236,1000.001573,1000.001885,1000.002177,1000.002425,1000.002620,1000.002747,1000.002793,1000.002763,1000.002683,1000.002573,1000.002446,1000.002314,1000.002180,1000.002048,1000.001922,1000.001801,1000.001687,1000.001581,1000.001483,1000.001392,1000.001309,1000.001233,1000.001165,1000.001106,1000.001054,1000.001011,1000.000974,1000.000943,1000.000919,1000.000903,1000.000893,1000.000891,1000.000895,1000.000906,1000.000922,1000.000945,1000.000974,1000.001011,1000.001054,1000.001104,1000.001162,1000.001228,1000.001303,1000.001385,1000.001475,1000.001574,1000.001680,1000.001795,1000.001918,1000.002047,1000.002180,1000.002316,1000.002449,1000.002578,1000.002691,1000.002775,1000.002807,1000.002764,1000.002639,1000.002444,1000.002194,1000.001896,1000.001580,1000.001241,1000.000855,0.000000,0.000000,0.000000,0.000000,0.000000,0.000000,0.000000,0.000000,0.000000,0.000000,0.000000,0.000000,0.000000,0.000000,0.000000,0.000000,0.000000,0.000000
0.000000,0.000000,0.000000,0.000000,0.000000,0.000000,0.000000,0.000000,0.000000,0.000000,0.000000,0.000000,0.000000,0.000000,0.000000,0.000000,0.000000,0.000000,0.000000,1000.000805,1000.001181,1000.001504,1000.001805,1000.002092,1000.002348,1000.002560,1000.002709,1000.002784,1000.002790,1000.002744,1000.002661,1000.002554,1000.002434,1000.002310,1000.002188,1000.002070,1000.001958,1000.001852,1000.001755,1000.001666,1000.001583,1000.001507,1000.001439,1000.001379,1000.001328,1000.001284,1000.001248,1000.001218,1000.001195,1000.001178,1000.001169,1000.001168,1000.001172,1000.001181,1000.001197,1000.001218,1000.001247,1000.001282,1000.001324,1000.001374,1000.001432,1000.001499,1000.001574,1000.001657,1000.001748,1000.001846,1000.001952,1000.002066,1000.002187,1000.002312,1000.002439,1000.002561,1000.002670,1000.002755,1000.002804,1000.002800,1000.002728,1000.002582,1000.002370,1000.002112,1000.001821,1000.001515,1000.001185,1000.000804,0.000000,0.000000,0.000000,0.000000,0.000000,0.000000,0.000000,0.000000,0.000000,0.000000,0.000000,0.000000,0.000000,0.000000,0.000000,0.000000,0.000000,0.000000,0.000000
0.000000,0.000000,0.000000,0.000000,0.000000,0.000000,0.000000,0.000000,0.000000,0.000000,0.000000,0.000000,0.000000,0.000000,0.000000,0.000000,0.000000,0.000000,0.000000,0.000000,1000.000734,1000.001097,1000.001409,1000.001709,1000.001992,1000.002256,1000.002478,1000.002647,1000.002754,1000.002800,1000.002792,1000.002739,1000.002656,1000.002556,1000.002446,1000.002335,1000.002228,1000.002126,1000.002032,1000.001944,1000.001863,1000.001788,1000.001719,1000.001659,1000.001607,1000.001564,1000.001528,1000.001500,1000.001478,1000.001463,1000.001455,1000.001453,1000.001457,1000.001466,1000.001480,1000.001499,1000.001525,1000.001559,1000.001600,1000.001650,1000.001709,1000.001777,1000.001853,1000.001936,1000.002025,1000.002122,1000.002225,1000.002335,1000.002450,1000.002563,1000.002666,1000.002750,1000.002803,1000.002812,1000.002769,1000.002665,1000.002500,1000.002281,1000.002018,1000.001735,1000.001430,1000.001109,1000.000737,0.000000,0.000000,0.000000,0.000000,0.000000,0.000000,0.000000,0.000000,0.000000,0.000000,0.000000,0.000000,0.000000,0.000000,0.000000,0.000000,0.000000,0.000000,0.000000,0.000000
0.000000,0.000000,0.000000,0.000000,0.000000,0.000000,0.000000,0.000000,0.000000,0.000000,0.000000,0.000000,0.000000,0.000000,0.000000,0.000000,0.000000,0.000000,0.000000,0.000000,0.000000,1000.000638,1000.000977,1000.001304,1000.001595,1000.001870,1000.002132,1000.002361,1000.002548,1000.002687,1000.002772,1000.002805,1000.002792,1000.002742,1000.002668,1000.002580,1000.002487,1000.002394,1000.002305,1000.002221,1000.002144,1000.002072,1000.002003,1000.001942,1000.001890,1000.001848,1000.001814,1000.001789,1000.001770,1000.001757,1000.001750,1000.001748,1000.001751,1000.001758,1000.001770,1000.001787,1000.001811,1000.001842,1000.001883,1000.001933,1000.001993,1000.002061,1000.002135,1000.002215,1000.002301,1000.002392,1000.002486,1000.002584,1000.002676,1000.002753,1000.002804,1000.002815,1000.002781,1000.002697,1000.002562,1000.002381,1000.002158,1000.001902,1000.001632,1000.001342,1000.001002,1000.000654,0.000000,0.000000,0.000000,0.000000,0.000000,0.000000,0.000000,0.000000,0.000000,0.000000,0.000000,0.000000,0.000000,0.000000,0.000000,0.000000,0.000000,0.000000,0.000000,0.000000,0.000000
0.000000,0.000000,0.000000,0.000000,0.000000,0.000000,0.000000,0.000000,0.000000,0.000000,0.000000,0.000000,0.000000,0.000000,0.000000,0.000000,0.000000,0.000000,0.000000,0.000000,0.000000,0.000000,0.000000,1000.000837,1000.001168,1000.001450,1000.001721,1000.001974,1000.002208,1000.002412,1000.002576,1000.002697,1000.002772,1000.002804,1000.002797,1000.002759,1000.002701,1000.002632,1000.002559,1000.002487,1000.002417,1000.002350,1000.002284,1000.002224,1000.002173,1000.002134,1000.002104,1000.002082,1000.002067,1000.002058,1000.002052,1000.002050,1000.002052,1000.002057,1000.002067,1000.002081,1000.002102,1000.002130,1000.002167,1000.002216,1000.002276,1000.002341,1000.002410,1000.002481,1000.002556,1000.002631,1000.002702,1000.002764,1000.002806,1000.002815,1000.002782,1000.002704,1000.002581,1000.002420,1000.002223,1000.001998,1000.001755,1000.001492,1000.001217,1000.000894,0.000000,0.000000,0.000000,0.000000,0.000000,0.000000,0.000000,0.000000,0.000000,0.000000,0.000000,0.000000,0.000000,0.000000,0.000000,0.000000,0.000000,0.000000,0.000000,0.000000,0.000000,0.000000,0.000000
0.000000,0.000000,0.000000,0.000000,0.000000,0.000000,0.000000,0.000000,0.000000,0.000000,0.000000,0.000000,0.000000,0.000000,0.000000,0.000000,0.000000,0.000000,0.000000,0.000000,0.000000,0.000000,0.000000,0.000000,1000.000692,1000.000995,1000.001289,1000.001543,1000.001792,1000.002024,1000.002237,1000.002422,1000.002572,1000.002686,1000.002762,1000.002798,1000.002802,1000.002784,1000.002747,1000.002703,1000.002654,1000.002600,1000.002543,1000.002489,1000.002444,1000.002410,1000.002386,1000.002370,1000.002359,1000.002353,1000.002350,1000.002348,1000.002349,1000.002353,1000.002360,1000.002371,1000.002387,1000.002410,1000.002442,1000.002486,1000.002540,1000.002596,1000.002650,1000.002699,1000.002745,1000.002783,1000.002805,1000.002803,1000.002769,1000.002694,1000.002578,1000.002426,1000.002242,1000.002034,1000.001812,1000.001574,1000.001331,1000.001050,1000.000752,0.000000,0.000000,0.000000,0.000000,0.000000,0.000000,0.000000,0.000000,0.000000,0.000000,0.000000,0.000000,0.000000,0.000000,0.000000,0.000000,0.000000,0.000000,0.000000,0.000000,0.000000,0.000000,0.000000,0.000000
0.000000,0.000000,0.000000,0.000000,0.000000,0.000000,0.000000,0.000000,0.000000,0.000000,0.000000,0.000000,0.000000,0.000000,0.000000,0.000000,0.000000,0.000000,0.000000,0.000000,0.000000,0.000000,0.000000,0.000000,0.000000,0.000000,1000.000800,1000.001077,1000.001349,1000.001588,1000.001819,1000.002032,1000.002227,1000.002397,1000.002537,1000.002645,1000.002720,1000.002767,1000.002791,1000.002795,1000.002786,1000.002765,1000.002732,1000.002697,1000.002667,1000.002645,1000.002630,1000.002619,1000.002613,1000.002610,1000.002608,1000.002608,1000.002609,1000.002612,1000.002615,1000.002622,1000.002632,1000.002648,1000.002671,1000.002700,1000.002734,1000.002766,1000.002787,1000.002795,1000.002791,1000.002769,1000.002723,1000.002650,1000.002542,1000.002401,1000.002230,1000.002034,1000.001825,1000.001602,1000.001376,1000.001119,1000.000847,0.000000,0.000000,0.000000,0.000000,0.000000,0.000000,0.000000,0.000000,0.000000,0.000000,0.000000,0.000000,0.000000,0.000000,0.000000,0.000000,0.000000,0.000000,0.000000,0.000000,0.000000,0.000000,0.000000,0.000000,0.000000,0.000000
0.000000,0.000000,0.000000,0.000000,0.000000,0.000000,0.000000,0.000000,0.000000,0.000000,0.000000,0.000000,0.000000,0.000000,0.000000,0.000000,0.000000,0.000000,0.000000,0.000000,0.000000,0.000000,0.000000,0.000000,0.000000,0.000000,0.000000,0.000000,1000.000840,1000.001108,1000.001370,1000.001588,1000.001797,1000.001989,1000.002166,1000.002319,1000.002446,1000.002549,1000.002630,1000.002689,1000.002731,1000.002758,1000.002769,1000.002771,1000.002767,1000.002763,1000.002759,1000.002755,1000.002752,1000.002750,1000.002750,1000.002752,1000.002753,1000.002754,1000.002755,1000.002757,1000.002761,1000.002767,1000.002773,1000.002778,1000.002777,1000.002765,1000.002737,1000.002696,1000.002637,1000.002556,1000.002454,1000.002326,1000.002173,1000.001996,1000.001802,1000.001591,1000.001378,1000.001135,1000.000878,0.000000,0.000000,0.000000,0.000000,0.000000,0.000000,0.000000,0.000000,0.000000,0.000000,0.000000,0.000000,0.000000,0.000000,0.000000,0.000000,0.000000,0.000000,0.000000,0.000000,0.000000,0.000000,0.000000,0.000000,0.000000,0.000000,0.000000,0.000000
0.000000,0.000000,0.000000,0.000000,0.000000,0.000000,0.000000,0.000000,0.000000,0.000000,0.000000,0.000000,0.000000,0.000000,0.000000,0.000000,0.000000,0.000000,0.000000,0.000000,0.000000,0.000000,0.000000,0.000000,0.000000,0.000000,0.000000,0.000000,0.000000,0.000000,1000.000855,1000.001098,1000.001334,1000.001528,1000.001714,1000.001883,1000.002039,1000.002174,1000.002289,1000.002387,1000.002469,1000.002539,1000.002596,1000.002635,1000.002660,1000.002674,1000.002682,1000.002686,1000.002687,1000.002686,1000.002686,1000.002687,1000.002688,1000.002688,1000.002687,1000.002684,1000.002681,1000.002677,1000.002666,1000.002645,1000.002608,1000.002553,1000.002484,1000.002403,1000.002307,1000.002192,1000.002057,1000.001901,1000.001731,1000.001542,1000.001343,1000.001106,1000.000868,0.000000,0.000000,0.000000,0.000000,0.000000,0.000000,0.000000,0.000000,0.000000,0.000000,0.000000,0.000000,0.000000,0.000000,0.000000,0.000000,0.000000,0.000000,0.000000,0.000000,0.000000,0.000000,0.000000,0.000000,0.000000,0.000000,0.000000,0.000000,0.000000,0.000000
0.000000,0.000000,0.000000,0.000000,0.000000,0.000000,0.000000,0.000000,0.000000,0.000000,0.000000,0.000000,0.000000,0.000000,0.000000,0.000000,0.000000,0.000000,0.000000,0.000000,0.000000,0.000000,0.000000,0.000000,0.000000,0.000000,0.000000,0.000000,0.000000,0.000000,0.000000,0.000000,1000.000805,1000.001026,1000.001235,1000.001409,1000.001564,1000.001713,1000.001842,1000.001960,1000.002064,1000.002157,1000.002237,1000.002300,1000.002345,1000.002373,1000.002390,1000.002400,1000.002405,1000.002405,1000.002405,1000.002403,1000.002404,1000.002402,1000.002400,1000.002395,1000.002387,1000.002372,1000.002348,1000.002309,1000.002252,1000.002177,1000.002089,1000.001989,1000.001875,1000.001747,1000.001598,1000.001441,1000.001265,1000.001046,1000.000821,0.000000,0.000000,0.000000,0.000000,0.000000,0.000000,0.000000,0.000000,0.000000,0.000000,0.000000,0.000000,0.000000,0.000000,0.000000,0.000000,0.000000,0.000000,0.000000,0.000000,0.000000,0.000000,0.000000,0.000000,0.000000,0.000000,0.000000,0.000000,0.000000,0.000000,0.000000,0.000000
0.000000,0.000000,0.000000,0.000000,0.000000,0.000000,0.000000,0.000000,0.000000,0.000000,0.000000,0.000000,0.000000,0.000000,0.000000,0.000000,0.000000,0.000000,0.000000,0.000000,0.000000,0.000000,0.000000,0.000000,0.000000,0.000000,0.000000,0.000000,0.000000,0.000000,0.000000,0.000000,0.000000,0.000000,1000.000708,1000.000901,1000.001060,1000.001215,1000.001350,1000.001475,1000.001590,1000.001684,1000.001773,1000.001846,1000.001903,1000.001940,1000.001962,1000.001975,1000.001980,1000.001981,1000.001978,1000.001973,1000.001973,1000.001972,1000.001970,1000.001967,1000.001956,1000.001936,1000.001903,1000.001853,1000.001789,1000.001709,1000.001626,1000.001520,1000.001402,1000.001271,1000.001113,1000.000945,1000.000749,0.000000,0.000000,0.000000,0.000000,0.000000,0.000000,0.000000,0.000000,0.000000,0.000000,0.000000,0.000000,0.000000,0.000000,0.000000,0.000000,0.000000,0.000000,0.000000,0.000000,0.000000,0.000000,0.000000,0.000000,0.000000,0.000000,0.000000,0.000000,0.000000,0.000000,0.000000,0.000000,0.000000,0.000000
0.000000,0.000000,0.000000,0.000000,0.000000,0.000000,0.000000,0.000000,0.000000,0.000000,0.000000,0.000000,0.000000,0.000000,0.000000,0.000000,0.000000,0.000000,0.000000,0.000000,0.000000,0.000000,0.000000,0.000000,0.000000,0.000000,0.000000,0.000000,0.000000,0.000000,0.000000,0.000000,0.000000,0.000000,0.000000,0.000000,0.000000,1000.000664,1000.000834,1000.000967,1000.001076,1000.001170,1000.001264,1000.001344,1000.001406,1000.001450,1000.001474,1000.001484,1000.001486,1000.001483,1000.001473,1000.001471,1000.001464,1000.001467,1000.001470,1000.001472,1000.001467,1000.001448,1000.001409,1000.001350,1000.001276,1000.001201,1000.001128,1000.001034,1000.000907,1000.000743,0.000000,0.000000,0.000000,0.000000,0.000000,0.000000,0.000000,0.000000,0.000000,0.000000,0.000000,0.000000,0.000000,0.000000,0.000000,0.000000,0.000000,0.000000,0.000000,0.000000,0.000000,0.000000,0.000000,0.000000,0.000000,0.000000,0.000000,0.000000,0.000000,0.000000,0.000000,0.000000,0.000000,0.000000,0.000000,0.000000,0.000000
0.000000,0.000000,0.000000,0.000000,0.000000,0.000000,0.000000,0.000000,0.000000,0.000000,0.000000,0.000000,0.000000,0.000000,0.000000,0.000000,0.000000,0.000000,0.000000,0.000000,0.000000,0.000000,0.000000,0.000000,0.000000,0.000000,0.000000,0.000000,0.000000,0.000000,0.000000,0.000000,0.000000,0.000000,0.000000,0.000000,0.000000,0.000000,0.000000,0.000000,0.000000,0.000000,1000.000711,1000.000829,1000.000898,1000.000940,1000.000960,1000.000961,1000.000953,1000.000938,1000.000927,1000.000944,1000.000910,1000.000912,1000.000929,1000.000946,1000.000955,1000.000946,1000.000910,1000.000842,1000.000718,0.000000,0.000000,0.000000,0.000000,0.000000,0.000000,0.000000,0.000000,0.000000,0.000000,0.000000,0.000000,0.000000,0.000000,0.000000,0.000000,0.000000,0.000000,0.000000,0.000000,0.000000,0.000000,0.000000,0.000000,0.000000,0.000000,0.000000,0.000000,0.000000,0.000000,0.000000,0.000000,0.000000,0.000000,0.000000,0.000000,0.000000,0.000000,0.000000,0.000000,0.000000,0.000000
0.000000,0.000000,0.000000,0.000000,0.000000,0.000000,0.000000,0.000000,0.000000,0.000000,0.000000,0.000000,0.000000,0.000000,0.000000,0.000000,0.000000,0.000000,0.000000,0.000000,0.000000,0.000000,0.000000,0.000000,0.000000,0.000000,0.000000,0.000000,0.000000,0.000000,0.000000,0.000000,0.000000,0.000000,0.000000,0.000000,0.000000,0.000000,0.000000,0.000000,0.000000,0.000000,0.000000,0.000000,0.000000,0.000000,0.000000,0.000000,0.000000,0.000000,0.000000,1000.000378,0.000000,0.000000,0.000000,0.000000,0.000000,0.000000,0.000000,0.000000,0.000000,0.000000,0.000000,0.000000,0.000000,0.000000,0.000000,0.000000,0.000000,0.000000,0.000000,0.000000,0.000000,0.000000,0.000000,0.000000,0.000000,0.000000,0.000000,0.000000,0.000000,0.000000,0.000000,0.000000,0.000000,0.000000,0.000000,0.000000,0.000000,0.000000,0.000000,0.000000,0.000000,0.000000,0.000000,0.000000,0.000000,0.000000,0.000000,0.000000,0.000000,0.000000,0.000000
0.000000,0.000000,0.000000,0.000000,0.000000,0.000000,0.000000,0.000000,0.000000,0.000000,0.000000,0.000000,0.000000,0.000000,0.000000,0.000000,0.000000,0.000000,0.000000,0.000000,0.000000,0.000000,0.000000,0.000000,0.000000,0.000000,0.000000,0.000000,0.000000,0.000000,0.000000,0.000000,0.000000,0.000000,0.000000,0.000000,0.000000,0.000000,0.000000,0.000000,0.000000,0.000000,0.000000,0.000000,0.000000,0.000000,0.000000,0.000000,0.000000,0.000000,0.000000,0.000000,0.000000,0.000000,0.000000,0.000000,0.000000,0.000000,0.000000,0.000000,0.000000,0.000000,0.000000,0.000000,0.000000,0.000000,0.000000,0.000000,0.000000,0.000000,0.000000,0.000000,0.000000,0.000000,0.000000,0.000000,0.000000,0.000000,0.000000,0.000000,0.000000,0.000000,0.000000,0.000000,0.000000,0.000000,0.000000,0.000000,0.000000,0.000000,0.000000,0.000000,0.000000,0.000000,0.000000,0.000000,0.000000,0.000000,0.000000,0.000000,0.000000,0.000000,0.000000
