0.000000,0.000000,0.000000,0.000000,0.000000,0.000000,0.000000,0.000000,0.000000,0.000000,0.000000,0.000000,0.000000,0.000000,0.000000,0.000000,0.000000,0.000000,0.000000,0.000000,0.000000,0.000000,0.000000,0.000000,0.000000,0.000000,0.000000,0.000000,0.000000,0.000000,0.000000,0.000000,0.000000,0.000000,0.000000,0.000000,0.000000,0.000000,0.000000,0.000000,0.000000,0.000000,0.000000,0.000000,0.000000,0.000000,0.000000,0.000000,0.000000,0.000000,0.000000,0.000000,0.000000,0.000000,0.000000,0.000000,0.000000,0.000000,0.000000,0.000000,0.000000,0.000000,0.000000,0.000000,0.000000,0.000000,0.000000,0.000000,0.000000,0.000000,0.000000,0.000000,0.000000,0.000000,0.000000,0.000000,0.000000,0.000000,0.000000,0.000000,0.000000,0.000000,0.000000,0.000000,0.000000,0.000000,0.000000,0.000000,0.000000,0.000000,0.000000,0.000000,0.000000,0.000000,0.000000,0.000000,0.000000,0.000000,0.000000,0.000000,0.000000,0.000000,0.000000
0.000000,0.000000,0.000000,0.000000,0.000000,0.000000,0.000000,0.000000,0.000000,0.000000,0.000000,0.000000,0.000000,0.000000,0.000000,0.000000,0.000000,0.000000,0.000000,0.000000,0.000000,0.000000,0.000000,0.000000,0.000000,0.000000,0.000000,0.000000,0.000000,0.000000,0.000000,0.000000,0.000000,0.000000,0.000000,0.000000,0.000000,0.000000,0.000000,0.000000,0.000000,0.000000,0.000000,0.000000,0.000000,0.000000,0.000000,0.000000,0.000000,0.000000,0.000000,999.998621,0.000000,0.000000,0.000000,0.000000,0.000000,0.000000,0.000000,0.000000,0.000000,0.000000,0.000000,0.000000,0.000000,0.000000,0.000000,0.000000,0.000000,0.000000,0.000000,0.000000,0.000000,0.000000,0.000000,0.000000,0.000000,0.000000,0.000000,0.000000,0.000000,0.000000,0.000000,0.000000,0.000000,0.000000,0.000000,0.000000,0.000000,0.000000,0.000000,0.000000,0.000000,0.000000,0.000000,0.000000,0.000000,0.000000,0.000000,0.000000,0.000000,0.000000,0.000000
0.000000,0.000000,0.000000,0.000000,0.000000,0.000000,0.000000,0.000000,0.000000,0.000000,0.000000,0.000000,0.000000,0.000000,0.000000,0.000000,0.000000,0.000000,0.000000,0.000000,0.000000,0.000000,0.000000,0.000000,0.000000,0.000000,0.000000,0.000000,0.000000,0.000000,0.000000,0.000000,0.000000,0.000000,0.000000,0.000000,0.000000,0.000000,0.000000,0.000000,0.000000,0.000000,999.997547,999.996027,999.996022,999.996337,999.996603,999.996910,999.997307,999.997966,999.998384,999.998504,999.998480,999.998900,999.999180,999.999659,999.999787,999.999897,1000.000078,999.999989,999.999140,0.000000,0.000000,0.000000,0.000000,0.000000,0.000000,0.000000,0.000000,0.000000,0.000000,0.000000,0.000000,0.000000,0.000000,0.000000,0.000000,0.000000,0.000000,0.000000,0.000000,0.000000,0.000000,0.000000,0.000000,0.000000,0.000000,0.000000,0.000000,0.000000,0.000000,0.000000,0.000000,0.000000,0.000000,0.000000,0.000000,0.000000,0.000000,0.000000,0.000000,0.000000,0.000000
0.000000,0.000000,0.000000,0.000000,0.000000,0.000000,0.000000,0.000000,0.000000,0.000000,0.000000,0.000000,0.000000,0.000000,0.000000,0.000000,0.000000,0.000000,0.000000,0.000000,0.000000,0.000000,0.000000,0.000000,0.000000,0.000000,0.000000,0.000000,0.000000,0.000000,0.000000,0.000000,0.000000,0.000000,0.000000,0.000000,0.000000,999.995326,999.993647,999.993544,999.994327,999.995500,999.997117,999.996693,999.996407,999.996438,999.996731,999.997121,999.997454,999.997747,999.998377,999.998273,999.998390,999.998911,999.999273,999.999462,999.999606,999.999833,999.999873,999.999513,999.999220,1000.000081,1000.000793,1000.000928,1000.000826,1000.000103,0.000000,0.000000,0.000000,0.000000,0.000000,0.000000,0.000000,0.000000,0.000000,0.000000,0.000000,0.000000,0.000000,0.000000,0.000000,0.000000,0.000000,0.000000,0.000000,0.000000,0.000000,0.000000,0.000000,0.000000,0.000000,0.000000,0.000000,0.000000,0.000000,0.000000,0.000000,0.000000,0.000000,0.000000,0.000000,0.000000,0.000000
0.000000,0.000000,0.000000,0.000000,0.000000,0.000000,0.000000,0.000000,0.000000,0.000000,0.000000,0.000000,0.000000,0.000000,0.000000,0.000000,0.000000,0.000000,0.000000,0.000000,0.000000,0.000000,0.000000,0.000000,0.000000,0.000000,0.000000,0.000000,0.000000,0.000000,0.000000,0.000000,0.000000,0.000000,999.993782,999.992560,999.993244,999.994701,999.994552,999.994384,999.994544,999.995550,999.996113,999.996291,999.996317,999.996469,999.996824,999.997131,999.997456,999.997635,999.997977,999.998207,999.998506,999.998723,999.999034,999.999292,999.999417,999.999623,999.999736,999.999729,999.999676,1000.000071,1000.000428,1000.000545,1000.000311,1000.000119,1000.000732,1000.001039,1000.000483,0.000000,0.000000,0.000000,0.000000,0.000000,0.000000,0.000000,0.000000,0.000000,0.000000,0.000000,0.000000,0.000000,0.000000,0.000000,0.000000,0.000000,0.000000,0.000000,0.000000,0.000000,0.000000,0.000000,0.000000,0.000000,0.000000,0.000000,0.000000,0.000000,0.000000,0.000000,0.000000,0.000000,0.000000
0.000000,0.000000,0.000000,0.000000,0.000000,0.000000,0.000000,0.000000,0.000000,0.000000,0.000000,0.000000,0.000000,0.000000,0.000000,0.000000,0.000000,0.000000,0.000000,0.000000,0.000000,0.000000,0.000000,0.000000,0.000000,0.000000,0.000000,0.000000,0.000000,0.000000,0.000000,0.000000,999.993300,999.992234,999.993581,999.993410,999.993817,999.994236,999.994368,999.994533,999.994836,999.995424,999.995783,999.996190,999.996375,999.996591,999.996838,999.997052,999.997334,999.997751,999.997950,999.998345,999.998560,999.998733,999.998886,999.999080,999.999343,999.999329,999.999472,999.999706,999.999813,999.999991,1000.000164,1000.000322,1000.000433,1000.000420,1000.000491,1000.000573,1000.000478,1000.001009,1000.000506,0.000000,0.000000,0.000000,0.000000,0.000000,0.000000,0.000000,0.000000,0.000000,0.000000,0.000000,0.000000,0.000000,0.000000,0.000000,0.000000,0.000000,0.000000,0.000000,0.000000,0.000000,0.000000,0.000000,0.000000,0.000000,0.000000,0.000000,0.000000,0.000000,0.000000,0.000000,0.000000
0.000000,0.000000,0.000000,0.000000,0.000000,0.000000,0.000000,0.000000,0.000000,0.000000,0.000000,0.000000,0.000000,0.000000,0.000000,0.000000,0.000000,0.000000,0.000000,0.000000,0.000000,0.000000,0.000000,0.000000,0.000000,0.000000,0.000000,0.000000,0.000000,0.000000,999.992152,999.991168,999.992679,999.993066,999.993229,999.993375,999.993754,999.994095,999.994311,999.994604,999.994925,999.995285,999.995603,999.995877,999.996222,999.996531,999.996760,999.997078,999.997368,999.997707,999.997874,999.998098,999.998382,999.998582,999.998975,999.999057,999.999311,999.999413,999.999490,999.999828,999.999933,999.999882,1000.000057,1000.000187,1000.000293,1000.000338,1000.000488,1000.000555,1000.000488,1000.000516,1000.000589,1000.001046,1000.000706,0.000000,0.000000,0.000000,0.000000,0.000000,0.000000,0.000000,0.000000,0.000000,0.000000,0.000000,0.000000,0.000000,0.000000,0.000000,0.000000,0.000000,0.000000,0.000000,0.000000,0.000000,0.000000,0.000000,0.000000,0.000000,0.000000,0.000000,0.000000,0.000000,0.000000
0.000000,0.000000,0.000000,0.000000,0.000000,0.000000,0.000000,0.000000,0.000000,0.000000,0.000000,0.000000,0.000000,0.000000,0.000000,0.000000,0.000000,0.000000,0.000000,0.000000,0.000000,0.000000,0.000000,0.000000,0.000000,0.000000,0.000000,0.000000,999.991105,999.990051,999.991773,999.992219,999.992481,999.992826,999.993042,999.993396,999.993706,999.993894,999.994204,999.994603,999.994954,999.995204,999.995538,999.995832,999.996213,999.996497,999.996750,999.997090,999.997357,999.997565,999.997777,999.998130,999.998345,999.998578,999.998788,999.998987,999.999222,999.999412,999.999481,999.999586,999.999862,999.999885,1000.000075,1000.000201,1000.000244,1000.000385,1000.000383,1000.000434,1000.000539,1000.000496,1000.000619,1000.000627,1000.000700,1000.001198,1000.000898,0.000000,0.000000,0.000000,0.000000,0.000000,0.000000,0.000000,0.000000,0.000000,0.000000,0.000000,0.000000,0.000000,0.000000,0.000000,0.000000,0.000000,0.000000,0.000000,0.000000,0.000000,0.000000,0.000000,0.000000,0.000000,0.000000,0.000000,0.000000
0.000000,0.000000,0.000000,0.000000,0.000000,0.000000,0.000000,0.000000,0.000000,0.000000,0.000000,0.000000,0.000000,0.000000,0.000000,0.000000,0.000000,0.000000,0.000000,0.000000,0.000000,0.000000,0.000000,0.000000,0.000000,0.000000,999.990079,999.989223,999.990731,999.991263,999.991510,999.991825,999.992274,999.992693,999.992920,999.993201,999.993521,999.993850,999.994200,999.994493,999.994823,999.995151,999.995591,999.995862,999.996090,999.996465,999.996734,999.996966,999.997264,999.997574,999.997886,999.998218,999.998449,999.998577,999.998783,999.998999,999.999221,999.999438,999.999501,999.999612,999.999664,999.999931,1000.000040,1000.000055,1000.000176,1000.000288,1000.000404,1000.000344,1000.000542,1000.000548,1000.000670,1000.000716,1000.000729,1000.000750,1000.000831,1000.001244,1000.000971,0.000000,0.000000,0.000000,0.000000,0.000000,0.000000,0.000000,0.000000,0.000000,0.000000,0.000000,0.000000,0.000000,0.000000,0.000000,0.000000,0.000000,0.000000,0.000000,0.000000,0.000000,0.000000,0.000000,0.000000,0.000000,0.000000
0.000000,0.000000,0.000000,0.000000,0.000000,0.000000,0.000000,0.000000,0.000000,0.000000,0.000000,0.000000,0.000000,0.000000,0.000000,0.000000,0.000000,0.000000,0.000000,0.000000,0.000000,0.000000,0.000000,0.000000,999.989341,999.988691,999.989826,999.990328,999.990689,999.991006,999.991297,999.991761,999.992255,999.992414,999.992801,999.993048,999.993483,999.993779,999.994171,999.994392,999.994729,999.995043,999.995403,999.995767,999.996030,999.996454,999.996709,999.996968,999.997241,999.997575,999.997865,999.997978,999.998310,999.998528,999.998811,999.998921,999.999078,999.999270,999.999486,999.999685,999.999750,999.999950,1000.000029,1000.000046,1000.000145,1000.000225,1000.000375,1000.000406,1000.000404,1000.000448,1000.000470,1000.000646,1000.000784,1000.000791,1000.000780,1000.000912,1000.000952,1000.001209,1000.001012,0.000000,0.000000,0.000000,0.000000,0.000000,0.000000,0.000000,0.000000,0.000000,0.000000,0.000000,0.000000,0.000000,0.000000,0.000000,0.000000,0.000000,0.000000,0.000000,0.000000,0.000000,0.000000,0.000000,0.000000
0.000000,0.000000,0.000000,0.000000,0.000000,0.000000,0.000000,0.000000,0.000000,0.000000,0.000000,0.000000,0.000000,0.000000,0.000000,0.000000,0.000000,0.000000,0.000000,0.000000,0.000000,0.000000,0.000000,999.989441,999.989354,999.989588,999.989842,999.990256,999.990422,999.990885,999.991293,999.991722,999.991941,999.992280,999.992684,999.993032,999.993352,999.993598,999.993992,999.994310,999.994794,999.995104,999.995349,999.995665,999.996072,999.996339,999.996686,999.997006,999.997286,999.997604,999.997849,999.998034,999.998317,999.998672,999.998799,999.998983,999.999174,999.999293,999.999536,999.999605,999.999808,999.999813,999.999930,1000.000165,1000.000214,1000.000253,1000.000330,1000.000426,1000.000512,1000.000562,1000.000541,1000.000531,1000.000701,1000.000835,1000.000825,1000.000857,1000.000949,1000.000911,1000.000966,1000.000895,0.000000,0.000000,0.000000,0.000000,0.000000,0.000000,0.000000,0.000000,0.000000,0.000000,0.000000,0.000000,0.000000,0.000000,0.000000,0.000000,0.000000,0.000000,0.000000,0.000000,0.000000,0.000000,0.000000
0.000000,0.000000,0.000000,0.000000,0.000000,0.000000,0.000000,0.000000,0.000000,0.000000,0.000000,0.000000,0.000000,0.000000,0.000000,0.000000,0.000000,0.000000,0.000000,0.000000,0.000000,999.988309,999.987914,999.989193,999.989462,999.989626,999.989835,999.990222,999.990485,999.990800,999.991207,999.991493,999.991674,999.992204,999.992517,999.992922,999.993196,999.993583,999.993881,999.994260,999.994666,999.994984,999.995285,999.995641,999.996030,999.996304,999.996568,999.996963,999.997331,999.997605,999.997853,999.998111,999.998380,999.998586,999.998722,999.999080,999.999214,999.999360,999.999525,999.999616,999.999769,999.999867,999.999989,1000.000085,1000.000255,1000.000149,1000.000308,1000.000341,1000.000450,1000.000560,1000.000652,1000.000578,1000.000588,1000.000639,1000.000733,1000.000726,1000.000926,1000.000863,1000.000909,1000.000927,1000.001051,1000.001107,0.000000,0.000000,0.000000,0.000000,0.000000,0.000000,0.000000,0.000000,0.000000,0.000000,0.000000,0.000000,0.000000,0.000000,0.000000,0.000000,0.000000,0.000000,0.000000,0.000000,0.000000
0.000000,0.000000,0.000000,0.000000,0.000000,0.000000,0.000000,0.000000,0.000000,0.000000,0.000000,0.000000,0.000000,0.000000,0.000000,0.000000,0.000000,0.000000,0.000000,0.000000,999.988478,999.988485,999.988709,999.989065,999.989243,999.989586,999.989810,999.990106,999.990400,999.990798,999.991212,999.991396,999.991753,999.992114,999.992351,999.992751,999.993160,999.993432,999.993844,999.994170,999.994452,999.994777,999.995227,999.995680,999.996046,999.996315,999.996670,999.997048,999.997318,999.997544,999.997791,999.998139,999.998390,999.998611,999.998799,999.999026,999.999226,999.999325,999.999541,999.999636,999.999808,999.999953,1000.000048,1000.000106,1000.000174,1000.000268,1000.000341,1000.000414,1000.000339,1000.000416,1000.000506,1000.000605,1000.000702,1000.000701,1000.000747,1000.000686,1000.000808,1000.000844,1000.000792,1000.000923,1000.000960,1000.000914,1000.000991,0.000000,0.000000,0.000000,0.000000,0.000000,0.000000,0.000000,0.000000,0.000000,0.000000,0.000000,0.000000,0.000000,0.000000,0.000000,0.000000,0.000000,0.000000,0.000000,0.000000
0.000000,0.000000,0.000000,0.000000,0.000000,0.000000,0.000000,0.000000,0.000000,0.000000,0.000000,0.000000,0.000000,0.000000,0.000000,0.000000,0.000000,0.000000,0.000000,999.988246,999.988476,999.988574,999.988803,999.988886,999.989219,999.989637,999.989808,999.990089,999.990338,999.990680,999.990865,999.991198,999.991605,999.991953,999.992280,999.992570,999.992908,999.993281,999.993683,999.994050,999.994443,999.994823,999.995246,999.995659,999.995904,999.996281,999.996769,999.997003,999.997301,999.997604,999.997944,999.998335,999.998429,999.998760,999.998973,999.999091,999.999294,999.999521,999.999685,999.999765,999.999890,999.999984,999.999998,1000.000107,1000.000292,1000.000286,1000.000346,1000.000446,1000.000446,1000.000524,1000.000506,1000.000546,1000.000572,1000.000749,1000.000745,1000.000636,1000.000669,1000.000799,1000.000790,1000.000864,1000.000944,1000.000877,1000.000955,1000.000870,0.000000,0.000000,0.000000,0.000000,0.000000,0.000000,0.000000,0.000000,0.000000,0.000000,0.000000,0.000000,0.000000,0.000000,0.000000,0.000000,0.000000,0.000000,0.000000
0.000000,0.000000,0.000000,0.000000,0.000000,0.000000,0.000000,0.000000,0.000000,0.000000,0.000000,0.000000,0.000000,0.000000,0.000000,0.000000,0.000000,0.000000,999.988051,999.988266,999.988514,999.988651,999.988877,999.989137,999.989326,999.989546,999.989768,999.990005,999.990345,999.990534,999.990712,999.991114,999.991507,999.991789,999.992115,999.992449,999.992809,999.993220,999.993624,999.994006,999.994428,999.994807,999.995251,999.995515,999.995886,999.996308,999.996723,999.996968,999.997401,999.997700,999.998051,999.998325,999.998446,999.998747,999.998967,999.999182,999.999268,999.999540,999.999569,999.999785,999.999902,1000.000084,1000.000148,1000.000105,1000.000294,1000.000366,1000.000337,1000.000420,1000.000524,1000.000586,1000.000590,1000.000597,1000.000549,1000.000537,1000.000711,1000.000738,1000.000675,1000.000714,1000.000713,1000.000748,1000.000868,1000.000851,1000.000855,1000.000873,1000.001012,0.000000,0.000000,0.000000,0.000000,0.000000,0.000000,0.000000,0.000000,0.000000,0.000000,0.000000,0.000000,0.000000,0.000000,0.000000,0.000000,0.000000,0.000000
0.000000,0.000000,0.000000,0.000000,0.000000,0.000000,0.000000,0.000000,0.000000,0.000000,0.000000,0.000000,0.000000,0.000000,0.000000,0.000000,0.000000,999.987819,999.988165,999.988339,999.988516,999.988619,999.988905,999.989053,999.989242,999.989416,999.989654,999.989842,999.990163,999.990363,999.990704,999.990978,999.991280,999.991477,999.991905,999.992363,999.992619,999.993098,999.993483,999.993810,999.994270,999.994691,999.995118,999.995497,999.995972,999.996407,999.996725,999.997080,999.997508,999.997796,999.998019,999.998373,999.998599,999.998881,999.999129,999.999395,999.999550,999.999671,999.999819,999.999927,999.999996,1000.000110,1000.000262,1000.000286,1000.000233,1000.000429,1000.000426,1000.000440,1000.000433,1000.000480,1000.000564,1000.000623,1000.000681,1000.000582,1000.000638,1000.000730,1000.000748,1000.000756,1000.000776,1000.000724,1000.000762,1000.000748,1000.000797,1000.000837,1000.000896,1000.000893,0.000000,0.000000,0.000000,0.000000,0.000000,0.000000,0.000000,0.000000,0.000000,0.000000,0.000000,0.000000,0.000000,0.000000,0.000000,0.000000,0.000000
0.000000,0.000000,0.000000,0.000000,0.000000,0.000000,0.000000,0.000000,0.000000,0.000000,0.000000,0.000000,0.000000,0.000000,0.000000,0.000000,999.987949,999.987997,999.988164,999.988344,999.988515,999.988710,999.988888,999.988973,999.989258,999.989419,999.989585,999.989803,999.989958,999.990347,999.990512,999.990814,999.991054,999.991388,999.991787,999.992107,999.992440,999.992919,999.993285,999.993773,999.994221,999.994653,999.995075,999.995546,999.995983,999.996474,999.996758,999.997203,999.997544,999.997919,999.998217,999.998559,999.998834,999.999019,999.999237,999.999382,999.999634,999.999767,999.999928,1000.000072,1000.000118,1000.000105,1000.000284,1000.000460,1000.000410,1000.000382,1000.000512,1000.000572,1000.000509,1000.000579,1000.000588,1000.000593,1000.000631,1000.000689,1000.000635,1000.000613,1000.000696,1000.000701,1000.000722,1000.000771,1000.000825,1000.000793,1000.000798,1000.000764,1000.000884,1000.000855,1000.000923,0.000000,0.000000,0.000000,0.000000,0.000000,0.000000,0.000000,0.000000,0.000000,0.000000,0.000000,0.000000,0.000000,0.000000,0.000000,0.000000
0.000000,0.000000,0.000000,0.000000,0.000000,0.000000,0.000000,0.000000,0.000000,0.000000,0.000000,0.000000,0.000000,0.000000,0.000000,999.987819,999.987997,999.988033,999.988353,999.988454,999.988646,999.988899,999.988887,999.988992,999.989170,999.989300,999.989475,999.989755,999.989912,999.990050,999.990283,999.990633,999.990911,999.991272,999.991559,999.991877,999.992382,999.992786,999.993179,999.993670,999.994129,999.994574,999.995065,999.995516,999.995998,999.996399,999.996877,999.997306,999.997643,999.998019,999.998407,999.998623,999.998968,999.999162,999.999476,999.999576,999.999755,999.999952,1000.000042,1000.000173,1000.000307,1000.000368,1000.000368,1000.000469,1000.000563,1000.000510,1000.000527,1000.000612,1000.000664,1000.000633,1000.000614,1000.000592,1000.000618,1000.000633,1000.000694,1000.000597,1000.000630,1000.000640,1000.000615,1000.000652,1000.000658,1000.000721,1000.000758,1000.000772,1000.000817,1000.000831,1000.000795,1000.000922,0.000000,0.000000,0.000000,0.000000,0.000000,0.000000,0.000000,0.000000,0.000000,0.000000,0.000000,0.000000,0.000000,0.000000,0.000000
0.000000,0.000000,0.000000,0.000000,0.000000,0.000000,0.000000,0.000000,0.000000,0.000000,0.000000,0.000000,0.000000,0.000000,999.988051,999.988165,999.988164,999.988353,999.988500,999.988534,999.988641,999.988700,999.988755,999.988972,999.989212,999.989206,999.989394,999.989534,999.989621,999.989789,999.990162,999.990342,999.990635,999.990961,999.991273,999.991709,999.992167,999.992597,999.992999,999.993479,999.994032,999.994587,999.995033,999.995551,999.996066,999.996494,999.997001,999.997500,999.997845,999.998226,999.998597,999.998853,999.999162,999.999434,999.999685,999.999830,999.999979,1000.000110,1000.000224,1000.000345,1000.000490,1000.000524,1000.000539,1000.000561,1000.000587,1000.000720,1000.000661,1000.000656,1000.000657,1000.000629,1000.000638,1000.000652,1000.000673,1000.000704,1000.000709,1000.000677,1000.000700,1000.000708,1000.000635,1000.000668,1000.000708,1000.000677,1000.000661,1000.000651,1000.000804,1000.000844,1000.000724,1000.000875,1000.000886,0.000000,0.000000,0.000000,0.000000,0.000000,0.000000,0.000000,0.000000,0.000000,0.000000,0.000000,0.000000,0.000000,0.000000
0.000000,0.000000,0.000000,0.000000,0.000000,0.000000,0.000000,0.000000,0.000000,0.000000,0.000000,0.000000,0.000000,999.988246,999.988266,999.988339,999.988344,999.988454,999.988534,999.988646,999.988745,999.988761,999.988876,999.989019,999.989036,999.989044,999.989202,999.989304,999.989453,999.989738,999.989930,999.990117,999.990381,999.990706,999.991070,999.991477,999.991843,999.992273,999.992866,999.993372,999.993918,999.994483,999.995015,999.995609,999.996144,999.996659,999.997080,999.997559,999.997989,999.998398,999.998710,999.999110,999.999429,999.999610,999.999792,1000.000060,1000.000225,1000.000362,1000.000498,1000.000510,1000.000591,1000.000740,1000.000699,1000.000781,1000.000761,1000.000788,1000.000756,1000.000757,1000.000742,1000.000801,1000.000816,1000.000804,1000.000656,1000.000679,1000.000702,1000.000671,1000.000589,1000.000721,1000.000744,1000.000705,1000.000638,1000.000733,1000.000740,1000.000596,1000.000639,1000.000772,1000.000742,1000.000781,1000.000754,1000.000814,0.000000,0.000000,0.000000,0.000000,0.000000,0.000000,0.000000,0.000000,0.000000,0.000000,0.000000,0.000000,0.000000
0.000000,0.000000,0.000000,0.000000,0.000000,0.000000,0.000000,0.000000,0.000000,0.000000,0.000000,0.000000,999.988478,999.988476,999.988514,999.988516,999.988515,999.988646,999.988641,999.988745,999.988748,999.988762,999.988880,999.988875,999.988849,999.988960,999.989068,999.989185,999.989318,999.989524,999.989595,999.989750,999.990093,999.990313,999.990786,999.991122,999.991598,999.992127,999.992711,999.993250,999.993754,999.994378,999.995040,999.995659,999.996191,999.996761,999.997300,999.997820,999.998299,999.998696,999.999050,999.999349,999.999660,999.999928,1000.000135,1000.000356,1000.000520,1000.000597,1000.000774,1000.000827,1000.000764,1000.000892,1000.000889,1000.000910,1000.000923,1000.000913,1000.000892,1000.000876,1000.000816,1000.000806,1000.000778,1000.000791,1000.000747,1000.000668,1000.000678,1000.000729,1000.000683,1000.000557,1000.000579,1000.000637,1000.000569,1000.000600,1000.000749,1000.000682,1000.000625,1000.000704,1000.000624,1000.000743,1000.000732,1000.000760,1000.000837,0.000000,0.000000,0.000000,0.000000,0.000000,0.000000,0.000000,0.000000,0.000000,0.000000,0.000000,0.000000
0.000000,0.000000,0.000000,0.000000,0.000000,0.000000,0.000000,0.000000,0.000000,0.000000,0.000000,999.988309,999.988485,999.988574,999.988651,999.988619,999.988710,999.988899,999.988700,999.988761,999.988762,999.988736,999.988742,999.988842,999.988865,999.988908,999.988929,999.988961,999.989015,999.989061,999.989205,999.989497,999.989750,999.990018,999.990430,999.990768,999.991340,999.991878,999.992356,999.993044,999.993757,999.994389,999.994993,999.995664,999.996294,999.996961,999.997565,999.998029,999.998503,999.999005,999.999428,999.999742,1000.000008,1000.000280,1000.000482,1000.000630,1000.000757,1000.000860,1000.000925,1000.001084,1000.001146,1000.001127,1000.001125,1000.001103,1000.001078,1000.001148,1000.001090,1000.001070,1000.001002,1000.000914,1000.000865,1000.000801,1000.000911,1000.000801,1000.000742,1000.000756,1000.000744,1000.000741,1000.000688,1000.000665,1000.000653,1000.000541,1000.000712,1000.000648,1000.000619,1000.000683,1000.000689,1000.000669,1000.000748,1000.000717,1000.000841,1000.000890,0.000000,0.000000,0.000000,0.000000,0.000000,0.000000,0.000000,0.000000,0.000000,0.000000,0.000000
0.000000,0.000000,0.000000,0.000000,0.000000,0.000000,0.000000,0.000000,0.000000,0.000000,0.000000,999.987914,999.988709,999.988803,999.988877,999.988905,999.988888,999.988887,999.988755,999.988876,999.988880,999.988742,999.988789,999.988822,999.988678,999.988660,999.988687,999.988628,999.988726,999.988863,999.988994,999.989138,999.989299,999.989663,999.989973,999.990413,999.990929,999.991435,999.992085,999.992861,999.993602,999.994288,999.995070,999.995759,999.996519,999.997222,999.997784,999.998295,999.998820,999.999270,999.999717,1000.000030,1000.000377,1000.000603,1000.000833,1000.001028,1000.001209,1000.001277,1000.001278,1000.001312,1000.001368,1000.001413,1000.001428,1000.001359,1000.001311,1000.001203,1000.001180,1000.001191,1000.001107,1000.001114,1000.001032,1000.000931,1000.000864,1000.000872,1000.000775,1000.000702,1000.000696,1000.000677,1000.000668,1000.000677,1000.000724,1000.000521,1000.000530,1000.000637,1000.000580,1000.000655,1000.000572,1000.000639,1000.000713,1000.000694,1000.000704,1000.000974,0.000000,0.000000,0.000000,0.000000,0.000000,0.000000,0.000000,0.000000,0.000000,0.000000,0.000000
0.000000,0.000000,0.000000,0.000000,0.000000,0.000000,0.000000,0.000000,0.000000,0.000000,999.989441,999.989193,999.989065,999.988886,999.989137,999.989053,999.988973,999.988992,999.988972,999.989019,999.988875,999.988842,999.988822,999.988660,999.988564,999.988568,999.988468,999.988449,999.988518,999.988432,999.988428,999.988556,999.988800,999.989145,999.989434,999.989938,999.990490,999.991173,999.991902,999.992601,999.993361,999.994265,999.995088,999.995912,999.996705,999.997348,999.998050,999.998760,999.999348,999.999771,1000.000183,1000.000490,1000.000824,1000.001091,1000.001275,1000.001374,1000.001491,1000.001619,1000.001715,1000.001654,1000.001673,1000.001583,1000.001671,1000.001620,1000.001567,1000.001460,1000.001378,1000.001312,1000.001286,1000.001206,1000.001152,1000.001096,1000.000944,1000.000867,1000.000951,1000.000787,1000.000752,1000.000689,1000.000635,1000.000591,1000.000654,1000.000703,1000.000525,1000.000579,1000.000525,1000.000679,1000.000516,1000.000517,1000.000641,1000.000738,1000.000618,1000.000595,1000.000729,0.000000,0.000000,0.000000,0.000000,0.000000,0.000000,0.000000,0.000000,0.000000,0.000000
0.000000,0.000000,0.000000,0.000000,0.000000,0.000000,0.000000,0.000000,0.000000,999.989341,999.989354,999.989462,999.989243,999.989219,999.989326,999.989242,999.989258,999.989170,999.989212,999.989036,999.988849,999.988865,999.988678,999.988564,999.988540,999.988284,999.988232,999.988134,999.988047,999.987995,999.988081,999.988193,999.988367,999.988512,999.988852,999.989413,999.989925,999.990672,999.991421,999.992291,999.993218,999.994185,999.995121,999.996080,999.996931,999.997695,999.998464,999.999143,999.999733,1000.000197,1000.000593,1000.001055,1000.001323,1000.001582,1000.001732,1000.001899,1000.001918,1000.001980,1000.002118,1000.002105,1000.002099,1000.001994,1000.001897,1000.001843,1000.001801,1000.001793,1000.001691,1000.001520,1000.001409,1000.001310,1000.001211,1000.001213,1000.001173,1000.000961,1000.000942,1000.000834,1000.000830,1000.000782,1000.000712,1000.000631,1000.000615,1000.000709,1000.000595,1000.000601,1000.000527,1000.000599,1000.000607,1000.000526,1000.000598,1000.000655,1000.000712,1000.000532,1000.000708,1000.000804,0.000000,0.000000,0.000000,0.000000,0.000000,0.000000,0.000000,0.000000,0.000000
0.000000,0.000000,0.000000,0.000000,0.000000,0.000000,0.000000,0.000000,0.000000,999.988691,999.989588,999.989626,999.989586,999.989637,999.989546,999.989416,999.989419,999.989300,999.989206,999.989044,999.988960,999.988908,999.988660,999.988568,999.988284,999.988179,999.988124,999.987853,999.987730,999.987575,999.987534,999.987536,999.987583,999.987760,999.988244,999.988675,999.989329,999.990058,999.990975,999.991979,999.993050,999.994118,999.995184,999.996238,999.997197,999.998193,999.999004,999.999637,1000.000288,1000.000808,1000.001254,1000.001600,1000.001867,1000.002030,1000.002253,1000.002421,1000.002508,1000.002502,1000.002453,1000.002429,1000.002450,1000.002399,1000.002310,1000.002194,1000.002047,1000.001985,1000.001864,1000.001783,1000.001645,1000.001557,1000.001383,1000.001204,1000.001232,1000.001102,1000.001032,1000.000925,1000.000844,1000.000809,1000.000743,1000.000674,1000.000519,1000.000550,1000.000578,1000.000557,1000.000552,1000.000471,1000.000560,1000.000509,1000.000545,1000.000530,1000.000645,1000.000659,1000.000662,1000.000910,0.000000,0.000000,0.000000,0.000000,0.000000,0.000000,0.000000,0.000000,0.000000
0.000000,0.000000,0.000000,0.000000,0.000000,0.000000,0.000000,0.000000,999.990079,999.989826,999.989842,999.989835,999.989810,999.989808,999.989768,999.989654,999.989585,999.989475,999.989394,999.989202,999.989068,999.988929,999.988687,999.988468,999.988232,999.988124,999.987763,999.987418,999.987220,999.987072,999.986904,999.986824,999.986875,999.987101,999.987378,999.987808,999.988498,999.989381,999.990410,999.991587,999.992869,999.994061,999.995401,999.996593,999.997629,999.998640,999.999481,1000.000211,1000.000869,1000.001452,1000.001901,1000.002249,1000.002516,1000.002713,1000.002819,1000.002924,1000.002956,1000.003016,1000.002944,1000.002902,1000.002824,1000.002707,1000.002628,1000.002587,1000.002442,1000.002227,1000.002122,1000.001953,1000.001860,1000.001750,1000.001678,1000.001446,1000.001285,1000.001243,1000.001105,1000.000975,1000.000919,1000.000827,1000.000720,1000.000783,1000.000647,1000.000556,1000.000567,1000.000544,1000.000523,1000.000456,1000.000447,1000.000544,1000.000448,1000.000385,1000.000559,1000.000572,1000.000571,1000.000622,1000.000697,0.000000,0.000000,0.000000,0.000000,0.000000,0.000000,0.000000,0.000000
0.000000,0.000000,0.000000,0.000000,0.000000,0.000000,0.000000,0.000000,999.989223,999.990328,999.990256,999.990222,999.990106,999.990089,999.990005,999.989842,999.989803,999.989755,999.989534,999.989304,999.989185,999.988961,999.988628,999.988449,999.988134,999.987853,999.987418,999.987148,999.986999,999.986591,999.986245,999.986073,999.985911,999.985961,999.986221,999.986709,999.987523,999.988517,999.989687,999.991110,999.992497,999.993983,999.995447,999.996814,999.998115,999.999218,1000.000236,1000.001101,1000.001659,1000.002153,1000.002601,1000.002919,1000.003174,1000.003423,1000.003503,1000.003536,1000.003548,1000.003521,1000.003502,1000.003453,1000.003271,1000.003227,1000.002995,1000.002830,1000.002719,1000.002591,1000.002413,1000.002256,1000.002024,1000.001843,1000.001774,1000.001591,1000.001485,1000.001366,1000.001222,1000.001091,1000.000960,1000.000948,1000.000718,1000.000753,1000.000677,1000.000594,1000.000614,1000.000499,1000.000471,1000.000514,1000.000463,1000.000431,1000.000599,1000.000465,1000.000410,1000.000516,1000.000543,1000.000503,1000.000879,0.000000,0.000000,0.000000,0.000000,0.000000,0.000000,0.000000,0.000000
0.000000,0.000000,0.000000,0.000000,0.000000,0.000000,0.000000,999.991105,999.990731,999.990689,999.990422,999.990485,999.990400,999.990338,999.990345,999.990163,999.989958,999.989912,999.989621,999.989453,999.989318,999.989015,999.988726,999.988518,999.988047,999.987730,999.987220,999.986999,999.986357,999.985681,999.985415,999.985103,999.984828,999.984867,999.985078,999.985526,999.986321,999.987384,999.988864,999.990463,999.992274,999.994138,999.995836,999.997376,999.998781,999.999952,1000.000990,1000.001892,1000.002558,1000.003101,1000.003547,1000.003796,1000.003964,1000.004104,1000.004168,1000.004210,1000.004249,1000.004129,1000.004041,1000.003906,1000.003743,1000.003657,1000.003551,1000.003271,1000.003028,1000.002846,1000.002739,1000.002545,1000.002386,1000.002114,1000.001995,1000.001788,1000.001598,1000.001471,1000.001295,1000.001214,1000.001034,1000.000979,1000.000927,1000.000761,1000.000668,1000.000572,1000.000611,1000.000520,1000.000438,1000.000446,1000.000472,1000.000408,1000.000367,1000.000479,1000.000477,1000.000418,1000.000525,1000.000521,1000.000455,1000.000571,0.000000,0.000000,0.000000,0.000000,0.000000,0.000000,0.000000
0.000000,0.000000,0.000000,0.000000,0.000000,0.000000,0.000000,999.990051,999.991263,999.991006,999.990885,999.990800,999.990798,999.990680,999.990534,999.990363,999.990347,999.990050,999.989789,999.989738,999.989524,999.989061,999.988863,999.988432,999.987995,999.987575,999.987072,999.986591,999.985681,999.985253,999.984986,999.984172,999.983624,999.983385,999.983253,999.983629,999.984661,999.986009,999.987764,999.989686,999.991837,999.994081,999.996200,999.998091,999.999832,1000.001128,1000.002025,1000.002820,1000.003533,1000.004064,1000.004400,1000.004691,1000.004808,1000.004969,1000.004942,1000.004904,1000.004835,1000.004728,1000.004588,1000.004458,1000.004296,1000.004007,1000.003898,1000.003740,1000.003518,1000.003235,1000.003000,1000.002784,1000.002604,1000.002395,1000.002159,1000.001968,1000.001799,1000.001590,1000.001450,1000.001370,1000.001133,1000.000924,1000.000889,1000.000798,1000.000708,1000.000606,1000.000516,1000.000491,1000.000468,1000.000438,1000.000410,1000.000364,1000.000371,1000.000387,1000.000328,1000.000349,1000.000414,1000.000368,1000.000360,1000.000837,0.000000,0.000000,0.000000,0.000000,0.000000,0.000000,0.000000
0.000000,0.000000,0.000000,0.000000,0.000000,0.000000,999.992152,999.991773,999.991510,999.991297,999.991293,999.991207,999.991212,999.990865,999.990712,999.990704,999.990512,999.990283,999.990162,999.989930,999.989595,999.989205,999.988994,999.988428,999.988081,999.987534,999.986904,999.986245,999.985415,999.984986,999.983860,999.982463,999.981968,999.981504,999.981287,999.981834,999.982726,999.984061,999.986258,999.988928,999.991698,999.994378,999.996764,999.998847,1000.000604,1000.002213,1000.003376,1000.004232,1000.004791,1000.005171,1000.005456,1000.005625,1000.005760,1000.005805,1000.005792,1000.005695,1000.005559,1000.005433,1000.005278,1000.005082,1000.004894,1000.004598,1000.004273,1000.004112,1000.003898,1000.003677,1000.003380,1000.003086,1000.002857,1000.002612,1000.002370,1000.002190,1000.001972,1000.001735,1000.001517,1000.001413,1000.001310,1000.001044,1000.000963,1000.000840,1000.000772,1000.000682,1000.000557,1000.000507,1000.000448,1000.000406,1000.000313,1000.000329,1000.000338,1000.000359,1000.000322,1000.000317,1000.000371,1000.000328,1000.000369,1000.000376,1000.000291,0.000000,0.000000,0.000000,0.000000,0.000000,0.000000
0.000000,0.000000,0.000000,0.000000,0.000000,0.000000,999.991168,999.992219,999.991825,999.991761,999.991722,999.991493,999.991396,999.991198,999.991114,999.990978,999.990814,999.990633,999.990342,999.990117,999.989750,999.989497,999.989138,999.988556,999.988193,999.987536,999.986824,999.986073,999.985103,999.984172,999.982463,999.981555,999.981051,999.979702,999.978891,999.978886,999.979609,999.981421,999.984341,999.987842,999.991391,999.994860,999.998109,1000.000593,1000.002286,1000.003688,1000.004783,1000.005581,1000.006057,1000.006436,1000.006658,1000.006749,1000.006788,1000.006692,1000.006583,1000.006482,1000.006329,1000.006136,1000.005889,1000.005611,1000.005422,1000.005185,1000.004879,1000.004523,1000.004242,1000.003996,1000.003719,1000.003449,1000.003164,1000.002929,1000.002636,1000.002397,1000.002202,1000.001955,1000.001727,1000.001488,1000.001321,1000.001231,1000.001040,1000.000842,1000.000726,1000.000707,1000.000519,1000.000530,1000.000425,1000.000429,1000.000363,1000.000268,1000.000303,1000.000400,1000.000200,1000.000254,1000.000280,1000.000173,1000.000272,1000.000266,1000.000745,0.000000,0.000000,0.000000,0.000000,0.000000,0.000000
0.000000,0.000000,0.000000,0.000000,0.000000,999.993300,999.992679,999.992481,999.992274,999.992255,999.991941,999.991674,999.991753,999.991605,999.991507,999.991280,999.991054,999.990911,999.990635,999.990381,999.990093,999.989750,999.989299,999.988800,999.988367,999.987583,999.986875,999.985911,999.984828,999.983624,999.981968,999.981051,999.978999,999.976136,999.975134,999.975024,999.975643,999.978287,999.982072,999.986206,999.991119,999.995512,999.999269,1000.002393,1000.004488,1000.005800,1000.006613,1000.007169,1000.007576,1000.007795,1000.007893,1000.007885,1000.007839,1000.007667,1000.007552,1000.007338,1000.007102,1000.006861,1000.006560,1000.006271,1000.005954,1000.005686,1000.005423,1000.005119,1000.004691,1000.004394,1000.004092,1000.003754,1000.003465,1000.003188,1000.002885,1000.002576,1000.002298,1000.002087,1000.001878,1000.001672,1000.001416,1000.001224,1000.001119,1000.000989,1000.000745,1000.000647,1000.000597,1000.000486,1000.000387,1000.000357,1000.000314,1000.000244,1000.000133,1000.000284,1000.000276,1000.000167,1000.000300,1000.000169,1000.000293,1000.000199,1000.000137,1000.000011,0.000000,0.000000,0.000000,0.000000,0.000000
0.000000,0.000000,0.000000,0.000000,0.000000,999.992234,999.993066,999.992826,999.992693,999.992414,999.992280,999.992204,999.992114,999.991953,999.991789,999.991477,999.991388,999.991272,999.990961,999.990706,999.990313,999.990018,999.989663,999.989145,999.988512,999.987760,999.987101,999.985961,999.984867,999.983385,999.981504,999.979702,999.976136,999.973751,999.972402,999.970247,999.970722,999.973790,999.978475,999.985339,999.992309,999.997867,1000.002117,1000.004939,1000.006836,1000.008069,1000.008783,1000.009119,1000.009324,1000.009261,1000.009209,1000.009081,1000.008935,1000.008688,1000.008492,1000.008214,1000.007898,1000.007612,1000.007291,1000.006997,1000.006600,1000.006198,1000.005861,1000.005569,1000.005212,1000.004826,1000.004486,1000.004115,1000.003767,1000.003458,1000.003146,1000.002844,1000.002538,1000.002257,1000.002022,1000.001763,1000.001554,1000.001356,1000.001059,1000.001025,1000.000926,1000.000647,1000.000554,1000.000550,1000.000362,1000.000331,1000.000339,1000.000241,1000.000122,1000.000200,1000.000161,1000.000055,1000.000139,1000.000105,1000.000147,1000.000201,1000.000092,1000.000486,0.000000,0.000000,0.000000,0.000000,0.000000
0.000000,0.000000,0.000000,0.000000,999.993782,999.993581,999.993229,999.993042,999.992920,999.992801,999.992684,999.992517,999.992351,999.992280,999.992115,999.991905,999.991787,999.991559,999.991273,999.991070,999.990786,999.990430,999.989973,999.989434,999.988852,999.988244,999.987378,999.986221,999.985078,999.983253,999.981287,999.978891,999.975134,999.972402,999.967266,999.961298,999.959938,999.963202,999.971046,999.982055,999.993185,1000.001721,1000.006724,1000.009033,1000.010205,1000.010793,1000.011066,1000.011093,1000.011038,1000.010843,1000.010593,1000.010354,1000.010039,1000.009759,1000.009394,1000.009059,1000.008708,1000.008354,1000.007994,1000.007596,1000.007267,1000.006866,1000.006435,1000.006020,1000.005628,1000.005283,1000.004907,1000.004478,1000.004150,1000.003763,1000.003352,1000.003103,1000.002771,1000.002466,1000.002179,1000.001902,1000.001644,1000.001489,1000.001240,1000.001003,1000.000863,1000.000730,1000.000563,1000.000451,1000.000372,1000.000289,1000.000232,1000.000289,1000.000078,1000.000072,1000.000124,1000.000031,1000.000089,1000.000124,1000.000100,1000.000066,1000.000046,1000.000081,1000.000070,0.000000,0.000000,0.000000,0.000000
0.000000,0.000000,0.000000,0.000000,999.992560,999.993410,999.993375,999.993396,999.993201,999.993048,999.993032,999.992922,999.992751,999.992570,999.992449,999.992363,999.992107,999.991877,999.991709,999.991477,999.991122,999.990768,999.990413,999.989938,999.989413,999.988675,999.987808,999.986709,999.985526,999.983629,999.981834,999.978886,999.975024,999.970247,999.961298,999.951098,999.949021,999.956981,999.968990,999.984075,999.999745,1000.008781,1000.012132,1000.013832,1000.014097,1000.013963,1000.013624,1000.013254,1000.012816,1000.012458,1000.012059,1000.011611,1000.011204,1000.010800,1000.010414,1000.009985,1000.009575,1000.009157,1000.008750,1000.008307,1000.007854,1000.007467,1000.007023,1000.006582,1000.006115,1000.005671,1000.005315,1000.004838,1000.004457,1000.004125,1000.003678,1000.003292,1000.002989,1000.002619,1000.002328,1000.002026,1000.001712,1000.001496,1000.001353,1000.001086,1000.000846,1000.000745,1000.000696,1000.000451,1000.000323,1000.000257,1000.000145,1000.000148,1000.000120,1000.000001,1000.000108,1000.000023,1000.000025,999.999979,999.999951,1000.000018,1000.000110,1000.000089,1000.000481,0.000000,0.000000,0.000000,0.000000
