0.000000,0.000000,0.000000,0.000000,0.000000,0.000000,0.000000,0.000000,0.000000,0.000000,0.000000,0.000000,0.000000,0.000000,0.000000,0.000000,0.000000,0.000000,0.000000,0.000000,0.000000,0.000000,0.000000,0.000000,0.000000,0.000000,0.000000,0.000000,0.000000,0.000000,0.000000,0.000000,0.000000,0.000000,0.000000,0.000000,0.000000,0.000000,0.000000,0.000000,0.000000,0.000000,0.000000,0.000000,0.000000,0.000000,0.000000,0.000000,0.000000,0.000000,0.000000,0.000000,0.000000,0.000000,0.000000,0.000000,0.000000,0.000000,0.000000,0.000000,0.000000,0.000000,0.000000,0.000000,0.000000,0.000000,0.000000,0.000000,0.000000,0.000000,0.000000,0.000000,0.000000,0.000000,0.000000,0.000000,0.000000,0.000000,0.000000,0.000000,0.000000,0.000000,0.000000,0.000000,0.000000,0.000000,0.000000,0.000000,0.000000,0.000000,0.000000,0.000000,0.000000,0.000000,0.000000,0.000000,0.000000,0.000000,0.000000,0.000000,0.000000,0.000000,0.000000
0.000000,0.000000,0.000000,0.000000,0.000000,0.000000,0.000000,0.000000,0.000000,0.000000,0.000000,0.000000,0.000000,0.000000,0.000000,0.000000,0.000000,0.000000,0.000000,0.000000,0.000000,0.000000,0.000000,0.000000,0.000000,0.000000,0.000000,0.000000,0.000000,0.000000,0.000000,0.000000,0.000000,0.000000,0.000000,0.000000,0.000000,0.000000,0.000000,0.000000,0.000000,0.000000,0.000000,0.000000,0.000000,0.000000,0.000000,0.000000,0.000000,0.000000,0.000000,-0.001123,0.000000,0.000000,0.000000,0.000000,0.000000,0.000000,0.000000,0.000000,0.000000,0.000000,0.000000,0.000000,0.000000,0.000000,0.000000,0.000000,0.000000,0.000000,0.000000,0.000000,0.000000,0.000000,0.000000,0.000000,0.000000,0.000000,0.000000,0.000000,0.000000,0.000000,0.000000,0.000000,0.000000,0.000000,0.000000,0.000000,0.000000,0.000000,0.000000,0.000000,0.000000,0.000000,0.000000,0.000000,0.000000,0.000000,0.000000,0.000000,0.000000,0.000000,0.000000
0.000000,0.000000,0.000000,0.000000,0.000000,0.000000,0.000000,0.000000,0.000000,0.000000,0.000000,0.000000,0.000000,0.000000,0.000000,0.000000,0.000000,0.000000,0.000000,0.000000,0.000000,0.000000,0.000000,0.000000,0.000000,0.000000,0.000000,0.000000,0.000000,0.000000,0.000000,0.000000,0.000000,0.000000,0.000000,0.000000,0.000000,0.000000,0.000000,0.000000,0.000000,0.000000,-0.001593,-0.001131,-0.000804,-0.000807,-0.000947,-0.001066,-0.000916,-0.000584,-0.000127,0.000580,-0.000065,-0.000551,-0.000866,-0.001037,-0.000918,-0.000803,-0.000790,-0.001071,-0.001518,0.000000,0.000000,0.000000,0.000000,0.000000,0.000000,0.000000,0.000000,0.000000,0.000000,0.000000,0.000000,0.000000,0.000000,0.000000,0.000000,0.000000,0.000000,0.000000,0.000000,0.000000,0.000000,0.000000,0.000000,0.000000,0.000000,0.000000,0.000000,0.000000,0.000000,0.000000,0.000000,0.000000,0.000000,0.000000,0.000000,0.000000,0.000000,0.000000,0.000000,0.000000,0.000000
0.000000,0.000000,0.000000,0.000000,0.000000,0.000000,0.000000,0.000000,0.000000,0.000000,0.000000,0.000000,0.000000,0.000000,0.000000,0.000000,0.000000,0.000000,0.000000,0.000000,0.000000,0.000000,0.000000,0.000000,0.000000,0.000000,0.000000,0.000000,0.000000,0.000000,0.000000,0.000000,0.000000,0.000000,0.000000,0.000000,0.000000,-0.001044,-0.001030,-0.001271,-0.001350,-0.001834,-0.002454,-0.001789,-0.001099,-0.000856,-0.001122,-0.001180,-0.000452,0.001359,0.003407,0.004428,0.003783,0.001723,-0.000313,-0.001179,-0.001117,-0.000761,-0.000934,-0.001709,-0.002574,-0.001997,-0.001436,-0.001321,-0.000991,-0.000854,0.000000,0.000000,0.000000,0.000000,0.000000,0.000000,0.000000,0.000000,0.000000,0.000000,0.000000,0.000000,0.000000,0.000000,0.000000,0.000000,0.000000,0.000000,0.000000,0.000000,0.000000,0.000000,0.000000,0.000000,0.000000,0.000000,0.000000,0.000000,0.000000,0.000000,0.000000,0.000000,0.000000,0.000000,0.000000,0.000000,0.000000
0.000000,0.000000,0.000000,0.000000,0.000000,0.000000,0.000000,0.000000,0.000000,0.000000,0.000000,0.000000,0.000000,0.000000,0.000000,0.000000,0.000000,0.000000,0.000000,0.000000,0.000000,0.000000,0.000000,0.000000,0.000000,0.000000,0.000000,0.000000,0.000000,0.000000,0.000000,0.000000,0.000000,0.000000,-0.000438,-0.000504,-0.000454,-0.000476,-0.001771,-0.002570,-0.003058,-0.003695,-0.003738,-0.003063,-0.002133,-0.001701,-0.001847,-0.001429,0.000440,0.004016,0.008352,0.010588,0.008936,0.004625,0.000699,-0.001349,-0.001769,-0.001526,-0.001859,-0.002832,-0.003675,-0.003833,-0.003334,-0.002919,-0.002003,-0.000434,-0.000345,-0.000267,-0.000249,0.000000,0.000000,0.000000,0.000000,0.000000,0.000000,0.000000,0.000000,0.000000,0.000000,0.000000,0.000000,0.000000,0.000000,0.000000,0.000000,0.000000,0.000000,0.000000,0.000000,0.000000,0.000000,0.000000,0.000000,0.000000,0.000000,0.000000,0.000000,0.000000,0.000000,0.000000,0.000000,0.000000,0.000000
0.000000,0.000000,0.000000,0.000000,0.000000,0.000000,0.000000,0.000000,0.000000,0.000000,0.000000,0.000000,0.000000,0.000000,0.000000,0.000000,0.000000,0.000000,0.000000,0.000000,0.000000,0.000000,0.000000,0.000000,0.000000,0.000000,0.000000,0.000000,0.000000,0.000000,0.000000,0.000000,-0.000232,0.000811,0.001571,0.000270,-0.000949,-0.002482,-0.004017,-0.005175,-0.005683,-0.005649,-0.004994,-0.004023,-0.002917,-0.002157,-0.001856,-0.000620,0.002370,0.007406,0.013672,0.016967,0.014438,0.008181,0.002705,-0.000469,-0.001748,-0.001972,-0.002616,-0.003801,-0.004987,-0.005930,-0.006198,-0.005823,-0.004552,-0.002704,-0.000670,0.001051,0.002666,0.001296,-0.000118,0.000000,0.000000,0.000000,0.000000,0.000000,0.000000,0.000000,0.000000,0.000000,0.000000,0.000000,0.000000,0.000000,0.000000,0.000000,0.000000,0.000000,0.000000,0.000000,0.000000,0.000000,0.000000,0.000000,0.000000,0.000000,0.000000,0.000000,0.000000,0.000000,0.000000,0.000000,0.000000
0.000000,0.000000,0.000000,0.000000,0.000000,0.000000,0.000000,0.000000,0.000000,0.000000,0.000000,0.000000,0.000000,0.000000,0.000000,0.000000,0.000000,0.000000,0.000000,0.000000,0.000000,0.000000,0.000000,0.000000,0.000000,0.000000,0.000000,0.000000,0.000000,0.000000,-0.000749,0.000900,0.003030,0.002814,0.001649,-0.000464,-0.002539,-0.004531,-0.006182,-0.007387,-0.007877,-0.007607,-0.006799,-0.005669,-0.004282,-0.003004,-0.001825,0.000632,0.004888,0.011189,0.018881,0.023010,0.019721,0.011965,0.005237,0.000827,-0.001722,-0.002882,-0.004108,-0.005616,-0.007021,-0.008186,-0.008752,-0.008394,-0.007080,-0.005009,-0.002090,0.001190,0.003784,0.004363,0.003392,0.000637,-0.001094,0.000000,0.000000,0.000000,0.000000,0.000000,0.000000,0.000000,0.000000,0.000000,0.000000,0.000000,0.000000,0.000000,0.000000,0.000000,0.000000,0.000000,0.000000,0.000000,0.000000,0.000000,0.000000,0.000000,0.000000,0.000000,0.000000,0.000000,0.000000,0.000000,0.000000
0.000000,0.000000,0.000000,0.000000,0.000000,0.000000,0.000000,0.000000,0.000000,0.000000,0.000000,0.000000,0.000000,0.000000,0.000000,0.000000,0.000000,0.000000,0.000000,0.000000,0.000000,0.000000,0.000000,0.000000,0.000000,0.000000,0.000000,0.000000,-0.001547,-0.000444,0.001639,0.003809,0.005058,0.004256,0.001460,-0.001729,-0.004533,-0.006945,-0.008813,-0.010000,-0.010384,-0.009907,-0.008854,-0.007540,-0.005749,-0.003705,-0.001528,0.002100,0.007522,0.014987,0.023768,0.028411,0.024542,0.015661,0.007836,0.002247,-0.001543,-0.003770,-0.005801,-0.007750,-0.009387,-0.010800,-0.011625,-0.011410,-0.010093,-0.007605,-0.003796,0.000910,0.005008,0.007042,0.006063,0.003388,0.000476,-0.001214,-0.001959,0.000000,0.000000,0.000000,0.000000,0.000000,0.000000,0.000000,0.000000,0.000000,0.000000,0.000000,0.000000,0.000000,0.000000,0.000000,0.000000,0.000000,0.000000,0.000000,0.000000,0.000000,0.000000,0.000000,0.000000,0.000000,0.000000,0.000000,0.000000
0.000000,0.000000,0.000000,0.000000,0.000000,0.000000,0.000000,0.000000,0.000000,0.000000,0.000000,0.000000,0.000000,0.000000,0.000000,0.000000,0.000000,0.000000,0.000000,0.000000,0.000000,0.000000,0.000000,0.000000,0.000000,0.000000,-0.001883,-0.001972,-0.001706,0.000699,0.003711,0.006563,0.007579,0.005719,0.001377,-0.003201,-0.006714,-0.009313,-0.011222,-0.012237,-0.012428,-0.011899,-0.010824,-0.009352,-0.007171,-0.004317,-0.000992,0.003782,0.010225,0.018653,0.028231,0.033126,0.028840,0.019155,0.010424,0.003788,-0.001201,-0.004610,-0.007481,-0.009850,-0.011614,-0.013011,-0.013791,-0.013668,-0.012457,-0.009758,-0.005317,0.000662,0.006458,0.009619,0.009041,0.006049,0.002111,-0.001467,-0.003616,-0.002535,-0.001825,0.000000,0.000000,0.000000,0.000000,0.000000,0.000000,0.000000,0.000000,0.000000,0.000000,0.000000,0.000000,0.000000,0.000000,0.000000,0.000000,0.000000,0.000000,0.000000,0.000000,0.000000,0.000000,0.000000,0.000000,0.000000,0.000000
0.000000,0.000000,0.000000,0.000000,0.000000,0.000000,0.000000,0.000000,0.000000,0.000000,0.000000,0.000000,0.000000,0.000000,0.000000,0.000000,0.000000,0.000000,0.000000,0.000000,0.000000,0.000000,0.000000,0.000000,-0.001073,-0.001657,-0.003746,-0.004172,-0.002208,0.001598,0.005898,0.009158,0.009907,0.006991,0.001290,-0.004581,-0.008798,-0.011475,-0.013219,-0.014093,-0.014205,-0.013588,-0.012311,-0.010601,-0.008099,-0.004534,-0.000198,0.005479,0.012796,0.022079,0.032193,0.037175,0.032588,0.022355,0.012810,0.005298,-0.000603,-0.004998,-0.008622,-0.011358,-0.013330,-0.014870,-0.015632,-0.015452,-0.014204,-0.011408,-0.006431,0.000646,0.007682,0.011634,0.011458,0.008305,0.003358,-0.002106,-0.005627,-0.005889,-0.003419,-0.001036,-0.000542,0.000000,0.000000,0.000000,0.000000,0.000000,0.000000,0.000000,0.000000,0.000000,0.000000,0.000000,0.000000,0.000000,0.000000,0.000000,0.000000,0.000000,0.000000,0.000000,0.000000,0.000000,0.000000,0.000000,0.000000
0.000000,0.000000,0.000000,0.000000,0.000000,0.000000,0.000000,0.000000,0.000000,0.000000,0.000000,0.000000,0.000000,0.000000,0.000000,0.000000,0.000000,0.000000,0.000000,0.000000,0.000000,0.000000,0.000000,-0.000147,-0.000437,-0.003723,-0.006485,-0.006702,-0.003339,0.001999,0.007385,0.011078,0.011624,0.008035,0.001397,-0.005300,-0.009991,-0.012812,-0.014509,-0.015375,-0.015540,-0.014977,-0.013625,-0.011643,-0.008806,-0.004689,0.000567,0.007155,0.015300,0.025316,0.035736,0.040645,0.035894,0.025311,0.015066,0.006766,0.000021,-0.005269,-0.009469,-0.012500,-0.014649,-0.016192,-0.016803,-0.016468,-0.015081,-0.012047,-0.006646,0.001023,0.008611,0.012869,0.012845,0.009347,0.003296,-0.003438,-0.008004,-0.008867,-0.006104,-0.002104,0.001102,0.000434,0.000000,0.000000,0.000000,0.000000,0.000000,0.000000,0.000000,0.000000,0.000000,0.000000,0.000000,0.000000,0.000000,0.000000,0.000000,0.000000,0.000000,0.000000,0.000000,0.000000,0.000000,0.000000,0.000000
0.000000,0.000000,0.000000,0.000000,0.000000,0.000000,0.000000,0.000000,0.000000,0.000000,0.000000,0.000000,0.000000,0.000000,0.000000,0.000000,0.000000,0.000000,0.000000,0.000000,0.000000,-0.000723,0.000463,0.001415,-0.000772,-0.004947,-0.008578,-0.008925,-0.005333,0.000903,0.007371,0.011659,0.012266,0.008474,0.001676,-0.005184,-0.010210,-0.013356,-0.015151,-0.016044,-0.016244,-0.015760,-0.014415,-0.012272,-0.009169,-0.004647,0.001303,0.008764,0.017726,0.028276,0.038711,0.043416,0.038630,0.027958,0.017220,0.008166,0.000626,-0.005327,-0.009917,-0.013127,-0.015335,-0.016770,-0.017165,-0.016635,-0.015100,-0.011853,-0.006171,0.001556,0.008880,0.012916,0.012659,0.008495,0.001501,-0.005922,-0.010599,-0.011040,-0.007827,-0.002612,0.001617,0.002917,0.000775,-0.000704,0.000000,0.000000,0.000000,0.000000,0.000000,0.000000,0.000000,0.000000,0.000000,0.000000,0.000000,0.000000,0.000000,0.000000,0.000000,0.000000,0.000000,0.000000,0.000000,0.000000,0.000000
0.000000,0.000000,0.000000,0.000000,0.000000,0.000000,0.000000,0.000000,0.000000,0.000000,0.000000,0.000000,0.000000,0.000000,0.000000,0.000000,0.000000,0.000000,0.000000,0.000000,-0.000544,0.000739,0.001693,0.001884,-0.000439,-0.005224,-0.009824,-0.010816,-0.007582,-0.001394,0.005583,0.010523,0.011544,0.008222,0.001925,-0.004632,-0.009661,-0.012983,-0.015041,-0.016136,-0.016471,-0.016163,-0.014977,-0.012758,-0.009394,-0.004540,0.002001,0.010266,0.019937,0.030773,0.040924,0.045284,0.040613,0.030167,0.019178,0.009472,0.001231,-0.005266,-0.010131,-0.013511,-0.015729,-0.016892,-0.016979,-0.016190,-0.014349,-0.010919,-0.005427,0.001701,0.008224,0.011595,0.010755,0.006014,-0.001324,-0.008467,-0.012511,-0.012550,-0.008755,-0.002594,0.002214,0.003611,0.002411,0.000896,-0.000539,0.000000,0.000000,0.000000,0.000000,0.000000,0.000000,0.000000,0.000000,0.000000,0.000000,0.000000,0.000000,0.000000,0.000000,0.000000,0.000000,0.000000,0.000000,0.000000,0.000000
0.000000,0.000000,0.000000,0.000000,0.000000,0.000000,0.000000,0.000000,0.000000,0.000000,0.000000,0.000000,0.000000,0.000000,0.000000,0.000000,0.000000,0.000000,0.000000,-0.000766,0.000176,0.000921,0.002115,0.002226,-0.000079,-0.004958,-0.009808,-0.011442,-0.009088,-0.003705,0.002911,0.008057,0.009655,0.007182,0.001853,-0.003974,-0.008663,-0.012064,-0.014395,-0.015738,-0.016217,-0.016065,-0.015038,-0.012896,-0.009466,-0.004380,0.002640,0.011689,0.022002,0.032864,0.042498,0.046449,0.042015,0.032018,0.020990,0.010687,0.001760,-0.005125,-0.010124,-0.013496,-0.015575,-0.016464,-0.016321,-0.015302,-0.013167,-0.009644,-0.004646,0.001379,0.006787,0.009288,0.007887,0.002995,-0.003784,-0.009854,-0.012993,-0.012504,-0.008299,-0.002149,0.002425,0.003674,0.002745,0.001155,0.000272,-0.000846,0.000000,0.000000,0.000000,0.000000,0.000000,0.000000,0.000000,0.000000,0.000000,0.000000,0.000000,0.000000,0.000000,0.000000,0.000000,0.000000,0.000000,0.000000,0.000000
0.000000,0.000000,0.000000,0.000000,0.000000,0.000000,0.000000,0.000000,0.000000,0.000000,0.000000,0.000000,0.000000,0.000000,0.000000,0.000000,0.000000,0.000000,-0.000783,-0.000504,-0.000271,0.000650,0.001754,0.002074,0.000310,-0.003996,-0.008675,-0.010572,-0.009050,-0.004911,0.000497,0.005059,0.006883,0.005254,0.001155,-0.003663,-0.007883,-0.011086,-0.013451,-0.014978,-0.015617,-0.015587,-0.014745,-0.012775,-0.009419,-0.004229,0.003225,0.012935,0.023757,0.034403,0.043187,0.046633,0.042610,0.033386,0.022527,0.011728,0.002228,-0.004977,-0.009991,-0.013238,-0.015084,-0.015708,-0.015416,-0.014228,-0.011945,-0.008690,-0.004478,0.000366,0.004480,0.006168,0.004613,0.000278,-0.005164,-0.009731,-0.011959,-0.011105,-0.006864,-0.001242,0.002308,0.002965,0.002085,0.000960,0.000022,-0.000480,-0.001033,0.000000,0.000000,0.000000,0.000000,0.000000,0.000000,0.000000,0.000000,0.000000,0.000000,0.000000,0.000000,0.000000,0.000000,0.000000,0.000000,0.000000,0.000000
0.000000,0.000000,0.000000,0.000000,0.000000,0.000000,0.000000,0.000000,0.000000,0.000000,0.000000,0.000000,0.000000,0.000000,0.000000,0.000000,0.000000,-0.000554,-0.000437,-0.001051,-0.000984,-0.000263,0.000827,0.001501,0.000534,-0.002737,-0.006725,-0.008726,-0.008024,-0.005173,-0.001285,0.002113,0.003741,0.002897,0.000053,-0.003678,-0.007207,-0.010065,-0.012292,-0.013861,-0.014678,-0.014799,-0.014062,-0.012260,-0.009085,-0.003968,0.003675,0.013818,0.024919,0.035088,0.042729,0.045552,0.042139,0.033980,0.023512,0.012434,0.002600,-0.004674,-0.009550,-0.012586,-0.014236,-0.014743,-0.014320,-0.012996,-0.010791,-0.007992,-0.004635,-0.000988,0.001955,0.002980,0.001582,-0.001720,-0.005587,-0.008756,-0.010105,-0.008762,-0.004833,-0.000432,0.001777,0.001748,0.000984,0.000410,-0.000125,-0.000836,-0.001161,-0.001370,0.000000,0.000000,0.000000,0.000000,0.000000,0.000000,0.000000,0.000000,0.000000,0.000000,0.000000,0.000000,0.000000,0.000000,0.000000,0.000000,0.000000
0.000000,0.000000,0.000000,0.000000,0.000000,0.000000,0.000000,0.000000,0.000000,0.000000,0.000000,0.000000,0.000000,0.000000,0.000000,0.000000,-0.000260,0.000251,-0.000585,-0.001471,-0.001812,-0.001225,-0.000157,0.000779,0.000531,-0.001643,-0.004788,-0.006756,-0.006649,-0.004892,-0.002367,-0.000099,0.001022,0.000503,-0.001387,-0.004066,-0.006887,-0.009357,-0.011288,-0.012698,-0.013532,-0.013715,-0.013094,-0.011409,-0.008409,-0.003524,0.003991,0.014196,0.025342,0.034958,0.041463,0.043675,0.040911,0.033822,0.023813,0.012696,0.002881,-0.004182,-0.008798,-0.011633,-0.013141,-0.013577,-0.013138,-0.011872,-0.009956,-0.007669,-0.005024,-0.002363,-0.000402,0.000245,-0.000663,-0.002814,-0.005325,-0.007276,-0.007843,-0.006343,-0.003060,0.000008,0.001088,0.000665,0.000221,0.000251,0.000091,-0.000659,-0.001712,-0.002125,-0.001796,0.000000,0.000000,0.000000,0.000000,0.000000,0.000000,0.000000,0.000000,0.000000,0.000000,0.000000,0.000000,0.000000,0.000000,0.000000,0.000000
0.000000,0.000000,0.000000,0.000000,0.000000,0.000000,0.000000,0.000000,0.000000,0.000000,0.000000,0.000000,0.000000,0.000000,0.000000,0.000047,0.001199,0.000654,-0.000440,-0.001717,-0.002260,-0.001878,-0.000929,-0.000057,-0.000002,-0.001298,-0.003455,-0.005127,-0.005386,-0.004403,-0.002916,-0.001560,-0.000907,-0.001297,-0.002565,-0.004437,-0.006607,-0.008679,-0.010313,-0.011483,-0.012209,-0.012377,-0.011778,-0.010177,-0.007321,-0.002722,0.004347,0.014090,0.024842,0.033873,0.039493,0.041239,0.038982,0.032759,0.023295,0.012571,0.003252,-0.003347,-0.007663,-0.010349,-0.011790,-0.012246,-0.011879,-0.010812,-0.009274,-0.007411,-0.005318,-0.003404,-0.002097,-0.001634,-0.002118,-0.003370,-0.004805,-0.005826,-0.005866,-0.004429,-0.002012,-0.000104,0.000372,0.000078,0.000155,0.000767,0.000914,-0.000135,-0.001882,-0.003244,-0.003105,-0.001883,0.000000,0.000000,0.000000,0.000000,0.000000,0.000000,0.000000,0.000000,0.000000,0.000000,0.000000,0.000000,0.000000,0.000000,0.000000
0.000000,0.000000,0.000000,0.000000,0.000000,0.000000,0.000000,0.000000,0.000000,0.000000,0.000000,0.000000,0.000000,0.000000,0.000120,0.001777,0.002031,0.001304,-0.000191,-0.001657,-0.002458,-0.002324,-0.001724,-0.001076,-0.000942,-0.001670,-0.002973,-0.004085,-0.004423,-0.004035,-0.003302,-0.002587,-0.002236,-0.002564,-0.003518,-0.004846,-0.006391,-0.007979,-0.009307,-0.010253,-0.010798,-0.010840,-0.010232,-0.008651,-0.005866,-0.001554,0.004850,0.013584,0.023356,0.031611,0.036614,0.038090,0.036125,0.030553,0.021895,0.012166,0.003827,-0.002156,-0.006209,-0.008817,-0.010259,-0.010770,-0.010570,-0.009756,-0.008541,-0.007067,-0.005522,-0.004196,-0.003229,-0.002790,-0.002999,-0.003681,-0.004390,-0.004733,-0.004411,-0.003291,-0.001689,-0.000452,-0.000045,0.000067,0.000715,0.001754,0.001950,0.000465,-0.002099,-0.004196,-0.004688,-0.003224,-0.001412,0.000000,0.000000,0.000000,0.000000,0.000000,0.000000,0.000000,0.000000,0.000000,0.000000,0.000000,0.000000,0.000000,0.000000
0.000000,0.000000,0.000000,0.000000,0.000000,0.000000,0.000000,0.000000,0.000000,0.000000,0.000000,0.000000,0.000000,-0.000135,0.001691,0.002840,0.003079,0.002031,0.000238,-0.001516,-0.002572,-0.002825,-0.002507,-0.002048,-0.001928,-0.002320,-0.002961,-0.003559,-0.003873,-0.003805,-0.003500,-0.003157,-0.003049,-0.003388,-0.004140,-0.005115,-0.006200,-0.007357,-0.008371,-0.009074,-0.009404,-0.009259,-0.008523,-0.006936,-0.004239,-0.000212,0.005458,0.012907,0.021271,0.028565,0.033110,0.034457,0.032639,0.027599,0.019999,0.011686,0.004544,-0.000804,-0.004604,-0.007139,-0.008626,-0.009293,-0.009294,-0.008732,-0.007813,-0.006699,-0.005603,-0.004653,-0.003876,-0.003441,-0.003435,-0.003707,-0.003985,-0.004009,-0.003560,-0.002650,-0.001579,-0.000685,-0.000069,0.000523,0.001508,0.002640,0.002648,0.000681,-0.002443,-0.005067,-0.005734,-0.004285,-0.001630,-0.000598,0.000000,0.000000,0.000000,0.000000,0.000000,0.000000,0.000000,0.000000,0.000000,0.000000,0.000000,0.000000,0.000000
0.000000,0.000000,0.000000,0.000000,0.000000,0.000000,0.000000,0.000000,0.000000,0.000000,0.000000,0.000000,-0.000765,0.000632,0.002528,0.004093,0.004278,0.002909,0.000683,-0.001370,-0.002725,-0.003185,-0.003057,-0.002813,-0.002709,-0.002838,-0.003135,-0.003455,-0.003656,-0.003694,-0.003597,-0.003514,-0.003586,-0.003891,-0.004441,-0.005152,-0.005929,-0.006727,-0.007433,-0.007877,-0.007982,-0.007653,-0.006807,-0.005208,-0.002614,0.001106,0.006052,0.012215,0.019035,0.025161,0.029189,0.030425,0.028755,0.024346,0.018011,0.011226,0.005256,0.000516,-0.003024,-0.005472,-0.007005,-0.007796,-0.007974,-0.007655,-0.007036,-0.006259,-0.005493,-0.004774,-0.004147,-0.003800,-0.003708,-0.003710,-0.003709,-0.003562,-0.003097,-0.002346,-0.001460,-0.000655,0.000078,0.000960,0.002056,0.002874,0.002452,0.000263,-0.002992,-0.005629,-0.006199,-0.004258,-0.001403,0.000546,-0.000017,0.000000,0.000000,0.000000,0.000000,0.000000,0.000000,0.000000,0.000000,0.000000,0.000000,0.000000,0.000000
0.000000,0.000000,0.000000,0.000000,0.000000,0.000000,0.000000,0.000000,0.000000,0.000000,0.000000,-0.001286,-0.001105,0.000584,0.003346,0.005475,0.005774,0.004021,0.001239,-0.001227,-0.002718,-0.003302,-0.003401,-0.003307,-0.003216,-0.003232,-0.003336,-0.003467,-0.003551,-0.003604,-0.003627,-0.003672,-0.003830,-0.004134,-0.004557,-0.005065,-0.005613,-0.006135,-0.006564,-0.006787,-0.006705,-0.006207,-0.005227,-0.003604,-0.001139,0.002227,0.006468,0.011458,0.016806,0.021656,0.024964,0.026012,0.024603,0.021019,0.016033,0.010684,0.005773,0.001634,-0.001608,-0.003950,-0.005521,-0.006431,-0.006752,-0.006633,-0.006279,-0.005791,-0.005267,-0.004720,-0.004233,-0.003941,-0.003789,-0.003665,-0.003519,-0.003245,-0.002764,-0.002120,-0.001358,-0.000580,0.000179,0.000984,0.001819,0.002203,0.001322,-0.000914,-0.003733,-0.005859,-0.005822,-0.003379,-0.000120,0.001620,0.001582,-0.000046,0.000000,0.000000,0.000000,0.000000,0.000000,0.000000,0.000000,0.000000,0.000000,0.000000,0.000000
0.000000,0.000000,0.000000,0.000000,0.000000,0.000000,0.000000,0.000000,0.000000,0.000000,0.000000,-0.002899,-0.002789,0.000114,0.003989,0.006959,0.007528,0.005419,0.002020,-0.000825,-0.002445,-0.003194,-0.003438,-0.003455,-0.003451,-0.003467,-0.003472,-0.003495,-0.003529,-0.003605,-0.003664,-0.003714,-0.003859,-0.004129,-0.004476,-0.004848,-0.005228,-0.005540,-0.005747,-0.005777,-0.005526,-0.004885,-0.003811,-0.002212,0.000052,0.003004,0.006571,0.010573,0.014676,0.018336,0.020858,0.021667,0.020586,0.017884,0.014128,0.009979,0.005970,0.002427,-0.000462,-0.002647,-0.004186,-0.005149,-0.005597,-0.005676,-0.005543,-0.005272,-0.004934,-0.004529,-0.004163,-0.003910,-0.003725,-0.003577,-0.003396,-0.003065,-0.002567,-0.001982,-0.001323,-0.000641,0.000022,0.000582,0.000950,0.000855,-0.000181,-0.002198,-0.004463,-0.005777,-0.004962,-0.001831,0.001510,0.002967,0.002456,0.001022,0.000000,0.000000,0.000000,0.000000,0.000000,0.000000,0.000000,0.000000,0.000000,0.000000,0.000000
0.000000,0.000000,0.000000,0.000000,0.000000,0.000000,0.000000,0.000000,0.000000,0.000000,-0.002530,-0.005137,-0.004598,-0.000615,0.004433,0.008356,0.009310,0.006997,0.003197,0.000000,-0.001870,-0.002747,-0.003107,-0.003266,-0.003388,-0.003472,-0.003458,-0.003453,-0.003484,-0.003560,-0.003623,-0.003681,-0.003808,-0.004019,-0.004287,-0.004545,-0.004798,-0.004970,-0.005007,-0.004877,-0.004500,-0.003781,-0.002668,-0.001131,0.000913,0.003458,0.006400,0.009581,0.012727,0.015441,0.017270,0.017849,0.017075,0.015125,0.012337,0.009112,0.005864,0.002886,0.000355,-0.001640,-0.003094,-0.004049,-0.004583,-0.004826,-0.004871,-0.004762,-0.004549,-0.004270,-0.004030,-0.003832,-0.003649,-0.003469,-0.003249,-0.002911,-0.002446,-0.001911,-0.001346,-0.000827,-0.000374,-0.000085,-0.000083,-0.000529,-0.001520,-0.003001,-0.004560,-0.005161,-0.003614,-0.000105,0.003054,0.003984,0.002929,0.001289,-0.000382,0.000000,0.000000,0.000000,0.000000,0.000000,0.000000,0.000000,0.000000,0.000000,0.000000
0.000000,0.000000,0.000000,0.000000,0.000000,0.000000,0.000000,0.000000,0.000000,-0.001440,-0.004214,-0.006674,-0.006031,-0.001680,0.004126,0.008932,0.010560,0.008555,0.004696,0.001236,-0.000873,-0.001925,-0.002473,-0.002829,-0.003091,-0.003272,-0.003314,-0.003338,-0.003396,-0.003480,-0.003547,-0.003598,-0.003690,-0.003829,-0.004003,-0.004177,-0.004336,-0.004407,-0.004333,-0.004082,-0.003639,-0.002891,-0.001785,-0.000336,0.001486,0.003649,0.006039,0.008529,0.010930,0.012956,0.014289,0.014699,0.014136,0.012707,0.010617,0.008134,0.005552,0.003087,0.000900,-0.000881,-0.002213,-0.003133,-0.003724,-0.004081,-0.004247,-0.004255,-0.004145,-0.003974,-0.003834,-0.003697,-0.003543,-0.003354,-0.003130,-0.002823,-0.002405,-0.001946,-0.001506,-0.001155,-0.000904,-0.000844,-0.001026,-0.001539,-0.002358,-0.003306,-0.004014,-0.003784,-0.001830,0.001486,0.003989,0.004232,0.002761,0.001127,0.000234,-0.000585,0.000000,0.000000,0.000000,0.000000,0.000000,0.000000,0.000000,0.000000,0.000000
0.000000,0.000000,0.000000,0.000000,0.000000,0.000000,0.000000,0.000000,0.000000,-0.001264,-0.004502,-0.007232,-0.007062,-0.003359,0.002424,0.007851,0.010566,0.009559,0.006201,0.002796,0.000493,-0.000844,-0.001650,-0.002193,-0.002576,-0.002880,-0.003036,-0.003129,-0.003244,-0.003369,-0.003451,-0.003496,-0.003553,-0.003628,-0.003729,-0.003822,-0.003892,-0.003882,-0.003739,-0.003422,-0.002935,-0.002197,-0.001142,0.000194,0.001790,0.003604,0.005545,0.007503,0.009343,0.010858,0.011827,0.012109,0.011686,0.010621,0.009054,0.007152,0.005097,0.003066,0.001213,-0.000336,-0.001533,-0.002405,-0.003018,-0.003442,-0.003690,-0.003784,-0.003773,-0.003713,-0.003649,-0.003554,-0.003420,-0.003240,-0.003049,-0.002780,-0.002416,-0.002046,-0.001745,-0.001547,-0.001439,-0.001514,-0.001753,-0.002173,-0.002716,-0.003199,-0.003205,-0.002249,-0.000090,0.002595,0.004199,0.003785,0.002222,0.001070,0.000887,0.000810,0.000000,0.000000,0.000000,0.000000,0.000000,0.000000,0.000000,0.000000,0.000000
0.000000,0.000000,0.000000,0.000000,0.000000,0.000000,0.000000,0.000000,0.000042,0.000050,-0.003017,-0.006529,-0.007600,-0.005241,-0.000263,0.005302,0.009098,0.009535,0.007275,0.004310,0.001914,0.000270,-0.000780,-0.001484,-0.002007,-0.002432,-0.002706,-0.002891,-0.003073,-0.003227,-0.003315,-0.003355,-0.003383,-0.003417,-0.003459,-0.003475,-0.003466,-0.003401,-0.003216,-0.002864,-0.002364,-0.001658,-0.000701,0.000493,0.001889,0.003418,0.004999,0.006547,0.007966,0.009104,0.009803,0.009986,0.009657,0.008856,0.007677,0.006215,0.004579,0.002907,0.001350,0.000023,-0.001037,-0.001849,-0.002454,-0.002897,-0.003203,-0.003370,-0.003438,-0.003465,-0.003463,-0.003402,-0.003288,-0.003140,-0.003000,-0.002788,-0.002490,-0.002215,-0.002036,-0.001948,-0.001941,-0.002076,-0.002292,-0.002571,-0.002829,-0.002911,-0.002497,-0.001280,0.000701,0.002748,0.003744,0.003134,0.001992,0.001789,0.002576,0.002689,0.000519,0.000000,0.000000,0.000000,0.000000,0.000000,0.000000,0.000000,0.000000
0.000000,0.000000,0.000000,0.000000,0.000000,0.000000,0.000000,0.000000,0.002262,0.002222,-0.000975,-0.005198,-0.007474,-0.006513,-0.002691,0.002439,0.006670,0.008290,0.007288,0.005102,0.002913,0.001188,0.000013,-0.000845,-0.001503,-0.001996,-0.002353,-0.002641,-0.002899,-0.003078,-0.003169,-0.003205,-0.003221,-0.003223,-0.003217,-0.003175,-0.003107,-0.002999,-0.002776,-0.002398,-0.001902,-0.001243,-0.000396,0.000638,0.001849,0.003141,0.004439,0.005672,0.006766,0.007623,0.008135,0.008245,0.007971,0.007356,0.006461,0.005337,0.004034,0.002661,0.001367,0.000241,-0.000692,-0.001439,-0.002015,-0.002464,-0.002809,-0.003035,-0.003167,-0.003249,-0.003294,-0.003272,-0.003189,-0.003093,-0.003013,-0.002852,-0.002621,-0.002423,-0.002322,-0.002293,-0.002334,-0.002472,-0.002641,-0.002836,-0.002885,-0.002722,-0.002230,-0.001221,0.000246,0.001673,0.002374,0.002238,0.002247,0.003332,0.005067,0.005332,0.003297,0.000000,0.000000,0.000000,0.000000,0.000000,0.000000,0.000000,0.000000
0.000000,0.000000,0.000000,0.000000,0.000000,0.000000,0.000000,0.000585,0.003719,0.004160,0.001196,-0.003381,-0.006570,-0.006641,-0.003943,0.000204,0.004002,0.006081,0.006132,0.004884,0.003257,0.001725,0.000539,-0.000397,-0.001128,-0.001654,-0.002051,-0.002401,-0.002720,-0.002932,-0.003031,-0.003065,-0.003074,-0.003048,-0.002999,-0.002915,-0.002803,-0.002656,-0.002404,-0.002019,-0.001530,-0.000927,-0.000196,0.000685,0.001717,0.002812,0.003877,0.004867,0.005727,0.006384,0.006750,0.006800,0.006580,0.006112,0.005431,0.004545,0.003485,0.002367,0.001306,0.000351,-0.000477,-0.001159,-0.001697,-0.002133,-0.002498,-0.002765,-0.002939,-0.003064,-0.003155,-0.003171,-0.003123,-0.003079,-0.003046,-0.002930,-0.002756,-0.002620,-0.002582,-0.002601,-0.002654,-0.002741,-0.002846,-0.002965,-0.002903,-0.002699,-0.002332,-0.001697,-0.000809,0.000095,0.000754,0.001453,0.002921,0.005405,0.007625,0.007677,0.004977,0.000714,0.000000,0.000000,0.000000,0.000000,0.000000,0.000000,0.000000
0.000000,0.000000,0.000000,0.000000,0.000000,0.000000,0.000000,0.001883,0.004233,0.005247,0.003082,-0.001152,-0.004865,-0.005857,-0.004243,-0.001203,0.001820,0.003893,0.004549,0.004070,0.003072,0.001854,0.000761,-0.000144,-0.000892,-0.001445,-0.001857,-0.002223,-0.002570,-0.002817,-0.002939,-0.002971,-0.002961,-0.002906,-0.002815,-0.002688,-0.002543,-0.002371,-0.002107,-0.001722,-0.001248,-0.000696,-0.000063,0.000679,0.001549,0.002471,0.003341,0.004129,0.004815,0.005323,0.005586,0.005608,0.005438,0.005092,0.004559,0.003839,0.002981,0.002076,0.001207,0.000388,-0.000361,-0.000992,-0.001490,-0.001902,-0.002262,-0.002548,-0.002758,-0.002931,-0.003074,-0.003130,-0.003118,-0.003114,-0.003113,-0.003026,-0.002891,-0.002801,-0.002804,-0.002838,-0.002881,-0.002912,-0.002940,-0.002944,-0.002820,-0.002683,-0.002474,-0.002135,-0.001699,-0.001114,-0.000150,0.001641,0.004418,0.007622,0.009426,0.008590,0.005237,0.001877,0.000000,0.000000,0.000000,0.000000,0.000000,0.000000,0.000000
0.000000,0.000000,0.000000,0.000000,0.000000,0.000000,-0.000356,0.001431,0.003724,0.005258,0.004479,0.001298,-0.002444,-0.004293,-0.003661,-0.001567,0.000709,0.002442,0.003217,0.003105,0.002548,0.001664,0.000733,-0.000092,-0.000813,-0.001371,-0.001777,-0.002122,-0.002461,-0.002718,-0.002859,-0.002899,-0.002877,-0.002796,-0.002664,-0.002500,-0.002328,-0.002142,-0.001879,-0.001504,-0.001046,-0.000537,0.000018,0.000652,0.001376,0.002130,0.002838,0.003473,0.004022,0.004423,0.004618,0.004631,0.004510,0.004243,0.003806,0.003209,0.002510,0.001784,0.001071,0.000355,-0.000331,-0.000912,-0.001369,-0.001752,-0.002095,-0.002385,-0.002628,-0.002846,-0.003032,-0.003125,-0.003144,-0.003169,-0.003193,-0.003129,-0.003023,-0.002976,-0.003004,-0.003021,-0.003006,-0.002968,-0.002918,-0.002795,-0.002615,-0.002511,-0.002338,-0.002149,-0.001904,-0.001324,0.000207,0.003136,0.006753,0.009565,0.010057,0.007900,0.004118,0.000873,-0.000722,0.000000,0.000000,0.000000,0.000000,0.000000,0.000000
0.000000,0.000000,0.000000,0.000000,0.000000,0.000000,-0.001077,-0.000221,0.002227,0.004551,0.005282,0.003595,0.000511,-0.001736,-0.001957,-0.000819,0.000591,0.001725,0.002317,0.002266,0.001901,0.001277,0.000508,-0.000215,-0.000873,-0.001410,-0.001811,-0.002129,-0.002425,-0.002662,-0.002803,-0.002853,-0.002827,-0.002732,-0.002574,-0.002375,-0.002172,-0.001967,-0.001708,-0.001355,-0.000927,-0.000450,0.000056,0.000605,0.001206,0.001814,0.002381,0.002894,0.003343,0.003663,0.003810,0.003824,0.003745,0.003535,0.003161,0.002658,0.002094,0.001514,0.000915,0.000276,-0.000353,-0.000884,-0.001306,-0.001666,-0.001992,-0.002287,-0.002554,-0.002807,-0.003021,-0.003137,-0.003186,-0.003239,-0.003276,-0.003236,-0.003169,-0.003148,-0.003184,-0.003173,-0.003077,-0.002930,-0.002777,-0.002540,-0.002280,-0.002060,-0.001758,-0.001486,-0.001061,-0.000086,0.002131,0.005718,0.009253,0.010869,0.009712,0.006152,0.001744,-0.001706,-0.002315,0.000000,0.000000,0.000000,0.000000,0.000000,0.000000
0.000000,0.000000,0.000000,0.000000,0.000000,-0.001338,-0.002786,-0.002234,0.000389,0.003545,0.005673,0.005665,0.003703,0.001545,0.000592,0.000689,0.001130,0.001559,0.001835,0.001673,0.001271,0.000748,0.000122,-0.000489,-0.001057,-0.001547,-0.001941,-0.002234,-0.002475,-0.002668,-0.002786,-0.002826,-0.002796,-0.002695,-0.002525,-0.002306,-0.002068,-0.001831,-0.001574,-0.001253,-0.000867,-0.000427,0.000042,0.000529,0.001030,0.001517,0.001972,0.002390,0.002757,0.003014,0.003137,0.003165,0.003110,0.002931,0.002606,0.002183,0.001726,0.001247,0.000725,0.000154,-0.000413,-0.000899,-0.001295,-0.001639,-0.001947,-0.002236,-0.002525,-0.002807,-0.003036,-0.003166,-0.003234,-0.003307,-0.003362,-0.003354,-0.003332,-0.003332,-0.003338,-0.003273,-0.003105,-0.002850,-0.002581,-0.002235,-0.001823,-0.001322,-0.000755,-0.000162,0.000806,0.002436,0.005178,0.008697,0.011319,0.011473,0.008799,0.004061,-0.001095,-0.004724,-0.004880,-0.002025,0.000000,0.000000,0.000000,0.000000,0.000000
0.000000,0.000000,0.000000,0.000000,0.000000,-0.002935,-0.004626,-0.003977,-0.001131,0.002767,0.006074,0.007492,0.006699,0.004857,0.003340,0.002519,0.002097,0.001793,0.001610,0.001241,0.000701,0.000156,-0.000392,-0.000902,-0.001376,-0.001798,-0.002162,-0.002434,-0.002630,-0.002762,-0.002829,-0.002828,-0.002776,-0.002667,-0.002493,-0.002267,-0.002008,-0.001740,-0.001471,-0.001172,-0.000830,-0.000440,-0.000009,0.000430,0.000852,0.001246,0.001614,0.001957,0.002257,0.002473,0.002583,0.002615,0.002576,0.002416,0.002131,0.001772,0.001393,0.000986,0.000521,0.000004,-0.000503,-0.000947,-0.001331,-0.001661,-0.001947,-0.002229,-0.002531,-0.002829,-0.003068,-0.003207,-0.003295,-0.003384,-0.003457,-0.003494,-0.003520,-0.003529,-0.003493,-0.003366,-0.003128,-0.002796,-0.002417,-0.001919,-0.001282,-0.000451,0.000464,0.001591,0.003285,0.005554,0.008515,0.011431,0.012774,0.011499,0.007654,0.002088,-0.003534,-0.007240,-0.007548,-0.004565,0.000000,0.000000,0.000000,0.000000,0.000000
0.000000,0.000000,0.000000,0.000000,-0.001228,-0.003771,-0.005477,-0.004740,-0.001751,0.002635,0.006595,0.008845,0.008909,0.007400,0.005554,0.004093,0.003087,0.002177,0.001461,0.000832,0.000172,-0.000442,-0.000989,-0.001450,-0.001847,-0.002186,-0.002487,-0.002719,-0.002862,-0.002935,-0.002938,-0.002878,-0.002784,-0.002650,-0.002469,-0.002240,-0.001978,-0.001696,-0.001410,-0.001123,-0.000818,-0.000474,-0.000089,0.000302,0.000665,0.000999,0.001305,0.001586,0.001833,0.002019,0.002120,0.002151,0.002115,0.001976,0.001726,0.001415,0.001092,0.000739,0.000321,-0.000148,-0.000608,-0.001022,-0.001390,-0.001708,-0.001982,-0.002259,-0.002562,-0.002858,-0.003094,-0.003245,-0.003366,-0.003491,-0.003595,-0.003673,-0.003728,-0.003728,-0.003653,-0.003482,-0.003202,-0.002809,-0.002315,-0.001643,-0.000770,0.000329,0.001611,0.003336,0.005627,0.008263,0.011194,0.013424,0.013574,0.011065,0.006469,0.000686,-0.004857,-0.008360,-0.008942,-0.006151,-0.001801,0.000000,0.000000,0.000000,0.000000
0.000000,0.000000,0.000000,0.000000,-0.001677,-0.003768,-0.004814,-0.003919,-0.001092,0.003075,0.007002,0.009426,0.009885,0.008752,0.006904,0.005085,0.003719,0.002450,0.001317,0.000416,-0.000378,-0.001080,-0.001674,-0.002128,-0.002466,-0.002711,-0.002911,-0.003062,-0.003150,-0.003165,-0.003108,-0.002992,-0.002846,-0.002670,-0.002459,-0.002223,-0.001967,-0.001686,-0.001393,-0.001108,-0.000817,-0.000514,-0.000182,0.000163,0.000487,0.000778,0.001041,0.001275,0.001478,0.001638,0.001730,0.001756,0.001719,0.001598,0.001382,0.001107,0.000821,0.000508,0.000126,-0.000302,-0.000716,-0.001101,-0.001451,-0.001759,-0.002037,-0.002315,-0.002606,-0.002888,-0.003117,-0.003286,-0.003450,-0.003630,-0.003788,-0.003898,-0.003962,-0.003957,-0.003872,-0.003690,-0.003385,-0.002939,-0.002334,-0.001504,-0.000442,0.000869,0.002495,0.004643,0.007155,0.009819,0.012568,0.014188,0.013526,0.010381,0.005563,0.000153,-0.004607,-0.007608,-0.008510,-0.006678,-0.002995,0.000000,0.000000,0.000000,0.000000
0.000000,0.000000,0.000000,0.000000,-0.001470,-0.002855,-0.003064,-0.001889,0.000557,0.003954,0.007261,0.009350,0.009852,0.009079,0.007473,0.005532,0.003878,0.002404,0.001054,-0.000073,-0.001033,-0.001825,-0.002455,-0.002899,-0.003178,-0.003325,-0.003405,-0.003454,-0.003471,-0.003431,-0.003321,-0.003149,-0.002943,-0.002714,-0.002469,-0.002222,-0.001968,-0.001692,-0.001396,-0.001104,-0.000827,-0.000554,-0.000267,0.000031,0.000322,0.000587,0.000815,0.001009,0.001180,0.001318,0.001396,0.001412,0.001380,0.001281,0.001091,0.000841,0.000580,0.000293,-0.000061,-0.000454,-0.000829,-0.001175,-0.001504,-0.001806,-0.002088,-0.002370,-0.002644,-0.002908,-0.003140,-0.003341,-0.003558,-0.003791,-0.003987,-0.004127,-0.004213,-0.004228,-0.004174,-0.004015,-0.003706,-0.003217,-0.002531,-0.001599,-0.000413,0.001068,0.002926,0.005212,0.007658,0.010177,0.012601,0.013689,0.012652,0.009639,0.005276,0.000675,-0.003081,-0.005621,-0.006871,-0.006111,-0.003201,0.000000,0.000000,0.000000,0.000000
0.000000,0.000000,0.000000,-0.000353,-0.000566,-0.001019,-0.000614,0.000620,0.002631,0.005222,0.007666,0.009183,0.009475,0.008807,0.007456,0.005571,0.003696,0.002024,0.000532,-0.000756,-0.001847,-0.002704,-0.003341,-0.003755,-0.003971,-0.004020,-0.003976,-0.003904,-0.003831,-0.003726,-0.003556,-0.003323,-0.003060,-0.002785,-0.002509,-0.002243,-0.001977,-0.001698,-0.001398,-0.001104,-0.000838,-0.000589,-0.000345,-0.000091,0.000170,0.000415,0.000619,0.000780,0.000920,0.001037,0.001107,0.001119,0.001090,0.001008,0.000846,0.000620,0.000374,0.000098,-0.000235,-0.000591,-0.000931,-0.001247,-0.001553,-0.001849,-0.002126,-0.002394,-0.002658,-0.002922,-0.003168,-0.003409,-0.003685,-0.003965,-0.004185,-0.004357,-0.004493,-0.004572,-0.004571,-0.004450,-0.004165,-0.003669,-0.002947,-0.001980,-0.000725,0.000873,0.002815,0.005056,0.007398,0.009749,0.011745,0.012432,0.011484,0.009072,0.005647,0.002045,-0.000968,-0.003122,-0.004293,-0.004060,-0.002180,-0.000707,0.000000,0.000000,0.000000
0.000000,0.000000,0.000000,0.000118,0.000665,0.001188,0.002004,0.003222,0.004820,0.006692,0.008346,0.009277,0.009217,0.008382,0.007059,0.005266,0.003289,0.001400,-0.000281,-0.001695,-0.002851,-0.003728,-0.004340,-0.004696,-0.004831,-0.004777,-0.004606,-0.004403,-0.004221,-0.004033,-0.003795,-0.003507,-0.003194,-0.002878,-0.002567,-0.002273,-0.001992,-0.001700,-0.001401,-0.001111,-0.000849,-0.000623,-0.000418,-0.000205,0.000032,0.000259,0.000446,0.000586,0.000701,0.000798,0.000855,0.000870,0.000845,0.000772,0.000632,0.000432,0.000201,-0.000070,-0.000384,-0.000709,-0.001014,-0.001306,-0.001598,-0.001879,-0.002144,-0.002399,-0.002655,-0.002927,-0.003197,-0.003481,-0.003801,-0.004113,-0.004376,-0.004608,-0.004827,-0.004998,-0.005063,-0.004989,-0.004755,-0.004312,-0.003623,-0.002664,-0.001391,0.000263,0.002230,0.004422,0.006697,0.008872,0.010495,0.011027,0.010457,0.008830,0.006391,0.003715,0.001315,-0.000410,-0.001307,-0.001327,-0.000654,-0.000344,0.000000,0.000000,0.000000
0.000000,0.000000,0.000000,0.000913,0.002380,0.003542,0.004578,0.005746,0.006936,0.008171,0.009170,0.009601,0.009238,0.008131,0.006581,0.004710,0.002637,0.000565,-0.001309,-0.002856,-0.004061,-0.004916,-0.005471,-0.005738,-0.005768,-0.005601,-0.005296,-0.004949,-0.004630,-0.004337,-0.004028,-0.003685,-0.003328,-0.002968,-0.002618,-0.002296,-0.001995,-0.001699,-0.001402,-0.001116,-0.000863,-0.000649,-0.000469,-0.000292,-0.000086,0.000126,0.000301,0.000427,0.000519,0.000594,0.000645,0.000661,0.000636,0.000568,0.000445,0.000272,0.000055,-0.000209,-0.000504,-0.000796,-0.001070,-0.001344,-0.001624,-0.001889,-0.002138,-0.002385,-0.002644,-0.002922,-0.003214,-0.003537,-0.003890,-0.004233,-0.004552,-0.004877,-0.005202,-0.005470,-0.005619,-0.005626,-0.005484,-0.005146,-0.004549,-0.003633,-0.002368,-0.000707,0.001275,0.003470,0.005693,0.007713,0.009199,0.009894,0.009792,0.008850,0.007251,0.005363,0.003581,0.002341,0.001699,0.001603,0.001479,0.000675,0.000000,0.000000,0.000000
0.000000,0.000000,0.000000,0.001977,0.004518,0.006006,0.006996,0.008002,0.008888,0.009624,0.010092,0.010069,0.009416,0.008059,0.006206,0.004075,0.001812,-0.000430,-0.002485,-0.004177,-0.005441,-0.006268,-0.006737,-0.006879,-0.006768,-0.006458,-0.006004,-0.005500,-0.005033,-0.004619,-0.004223,-0.003826,-0.003430,-0.003035,-0.002653,-0.002303,-0.001987,-0.001690,-0.001395,-0.001117,-0.000869,-0.000657,-0.000489,-0.000340,-0.000165,0.000024,0.000181,0.000290,0.000362,0.000420,0.000468,0.000483,0.000456,0.000389,0.000280,0.000130,-0.000073,-0.000325,-0.000596,-0.000855,-0.001102,-0.001360,-0.001623,-0.001878,-0.002118,-0.002357,-0.002620,-0.002907,-0.003216,-0.003569,-0.003956,-0.004342,-0.004728,-0.005145,-0.005573,-0.005940,-0.006195,-0.006339,-0.006348,-0.006156,-0.005676,-0.004827,-0.003596,-0.001943,0.000049,0.002264,0.004484,0.006494,0.008089,0.009125,0.009495,0.009109,0.008194,0.006962,0.005747,0.004887,0.004478,0.004576,0.004178,0.002091,0.000000,0.000000,0.000000
0.000000,0.000000,0.000000,0.003529,0.006666,0.008282,0.009159,0.009987,0.010696,0.011076,0.011118,0.010646,0.009645,0.008049,0.005942,0.003518,0.000975,-0.001519,-0.003779,-0.005622,-0.006956,-0.007755,-0.008099,-0.008077,-0.007786,-0.007299,-0.006680,-0.006023,-0.005408,-0.004862,-0.004368,-0.003911,-0.003481,-0.003068,-0.002668,-0.002299,-0.001966,-0.001659,-0.001368,-0.001099,-0.000860,-0.000655,-0.000493,-0.000358,-0.000211,-0.000051,0.000084,0.000176,0.000231,0.000277,0.000319,0.000332,0.000303,0.000237,0.000139,0.000004,-0.000184,-0.000417,-0.000661,-0.000890,-0.001117,-0.001356,-0.001600,-0.001838,-0.002071,-0.002306,-0.002569,-0.002866,-0.003196,-0.003576,-0.003996,-0.004437,-0.004901,-0.005398,-0.005907,-0.006376,-0.006776,-0.007106,-0.007307,-0.007288,-0.006951,-0.006208,-0.005027,-0.003397,-0.001394,0.000872,0.003210,0.005408,0.007269,0.008632,0.009412,0.009559,0.009250,0.008582,0.007858,0.007231,0.006985,0.007273,0.006853,0.004050,0.000000,0.000000,0.000000
0.000000,0.000000,0.000773,0.004715,0.008272,0.010103,0.011075,0.011791,0.012324,0.012422,0.012133,0.011324,0.009990,0.008112,0.005739,0.003026,0.000164,-0.002651,-0.005160,-0.007156,-0.008546,-0.009292,-0.009476,-0.009250,-0.008756,-0.008080,-0.007287,-0.006471,-0.005713,-0.005045,-0.004460,-0.003944,-0.003480,-0.003051,-0.002644,-0.002266,-0.001920,-0.001605,-0.001317,-0.001057,-0.000833,-0.000643,-0.000488,-0.000363,-0.000239,-0.000105,0.000011,0.000085,0.000126,0.000163,0.000199,0.000203,0.000173,0.000115,0.000027,-0.000099,-0.000271,-0.000481,-0.000697,-0.000907,-0.001118,-0.001336,-0.001557,-0.001772,-0.001984,-0.002212,-0.002481,-0.002792,-0.003143,-0.003544,-0.003996,-0.004492,-0.005028,-0.005598,-0.006181,-0.006763,-0.007342,-0.007886,-0.008301,-0.008477,-0.008316,-0.007721,-0.006625,-0.005012,-0.002959,-0.000562,0.002008,0.004496,0.006662,0.008345,0.009513,0.010171,0.010386,0.010218,0.009903,0.009447,0.009265,0.009427,0.008757,0.005502,0.001007,0.000000,0.000000
0.000000,0.000000,0.001822,0.005679,0.009416,0.011667,0.012889,0.013471,0.013701,0.013497,0.012937,0.011919,0.010380,0.008267,0.005619,0.002588,-0.000605,-0.003761,-0.006560,-0.008723,-0.010134,-0.010783,-0.010767,-0.010298,-0.009580,-0.008713,-0.007752,-0.006785,-0.005903,-0.005143,-0.004487,-0.003914,-0.003410,-0.002965,-0.002560,-0.002189,-0.001848,-0.001531,-0.001245,-0.000997,-0.000784,-0.000608,-0.000468,-0.000356,-0.000249,-0.000139,-0.000042,0.000019,0.000050,0.000078,0.000101,0.000097,0.000067,0.000015,-0.000064,-0.000181,-0.000334,-0.000515,-0.000707,-0.000903,-0.001105,-0.001299,-0.001488,-0.001674,-0.001860,-0.002077,-0.002354,-0.002684,-0.003050,-0.003464,-0.003943,-0.004481,-0.005064,-0.005693,-0.006362,-0.007081,-0.007841,-0.008593,-0.009236,-0.009648,-0.009712,-0.009309,-0.008330,-0.006724,-0.004537,-0.001892,0.000972,0.003743,0.006212,0.008234,0.009772,0.010831,0.011456,0.011705,0.011744,0.011560,0.011463,0.011238,0.009985,0.006577,0.002316,0.000000,0.000000
0.000000,0.000000,0.002266,0.006490,0.010388,0.013067,0.014473,0.014884,0.014762,0.014238,0.013392,0.012170,0.010535,0.008373,0.005595,0.002298,-0.001248,-0.004765,-0.007879,-0.010216,-0.011617,-0.012116,-0.011866,-0.011124,-0.010144,-0.009073,-0.007975,-0.006906,-0.005938,-0.005116,-0.004407,-0.003787,-0.003254,-0.002803,-0.002415,-0.002067,-0.001744,-0.001441,-0.001166,-0.000928,-0.000725,-0.000559,-0.000430,-0.000331,-0.000244,-0.000157,-0.000080,-0.000030,-0.000004,0.000017,0.000028,0.000016,-0.000016,-0.000063,-0.000136,-0.000242,-0.000376,-0.000530,-0.000701,-0.000883,-0.001066,-0.001236,-0.001392,-0.001543,-0.001708,-0.001919,-0.002199,-0.002530,-0.002897,-0.003319,-0.003809,-0.004364,-0.004978,-0.005655,-0.006409,-0.007261,-0.008186,-0.009129,-0.010005,-0.010688,-0.011038,-0.010876,-0.010030,-0.008403,-0.006017,-0.003049,0.000144,0.003209,0.005964,0.008255,0.010009,0.011293,0.012232,0.012879,0.013314,0.013535,0.013551,0.012892,0.010966,0.007389,0.002782,0.000000,0.000000
0.000000,0.000000,0.002386,0.007085,0.011217,0.014092,0.015470,0.015680,0.015249,0.014469,0.013408,0.012029,0.010331,0.008232,0.005510,0.002123,-0.001686,-0.005531,-0.008949,-0.011466,-0.012834,-0.013136,-0.012625,-0.011593,-0.010333,-0.009062,-0.007860,-0.006747,-0.005753,-0.004903,-0.004172,-0.003540,-0.003009,-0.002573,-0.002211,-0.001896,-0.001605,-0.001328,-0.001073,-0.000850,-0.000658,-0.000499,-0.000378,-0.000291,-0.000222,-0.000161,-0.000105,-0.000065,-0.000041,-0.000025,-0.000023,-0.000042,-0.000075,-0.000118,-0.000185,-0.000280,-0.000399,-0.000533,-0.000684,-0.000846,-0.001002,-0.001143,-0.001271,-0.001396,-0.001548,-0.001757,-0.002024,-0.002329,-0.002673,-0.003085,-0.003570,-0.004121,-0.004751,-0.005462,-0.006280,-0.007228,-0.008275,-0.009387,-0.010488,-0.011455,-0.012115,-0.012232,-0.011558,-0.009906,-0.007281,-0.003974,-0.000455,0.002894,0.005841,0.008217,0.010001,0.011402,0.012599,0.013615,0.014453,0.015058,0.015168,0.014226,0.011763,0.007758,0.002741,0.000000,0.000000
0.000000,0.000000,0.002703,0.007788,0.011887,0.014527,0.015573,0.015458,0.014744,0.013812,0.012719,0.011395,0.009727,0.007650,0.005052,0.001829,-0.001930,-0.005866,-0.009447,-0.012109,-0.013463,-0.013568,-0.012796,-0.011516,-0.010048,-0.008630,-0.007358,-0.006248,-0.005287,-0.004460,-0.003755,-0.003160,-0.002672,-0.002273,-0.001946,-0.001671,-0.001423,-0.001183,-0.000955,-0.000752,-0.000578,-0.000435,-0.000325,-0.000245,-0.000189,-0.000148,-0.000112,-0.000083,-0.000065,-0.000055,-0.000059,-0.000082,-0.000115,-0.000154,-0.000212,-0.000296,-0.000402,-0.000523,-0.000654,-0.000788,-0.000915,-0.001027,-0.001129,-0.001244,-0.001391,-0.001588,-0.001822,-0.002076,-0.002377,-0.002754,-0.003213,-0.003750,-0.004368,-0.005083,-0.005924,-0.006904,-0.008020,-0.009252,-0.010531,-0.011748,-0.012708,-0.013121,-0.012647,-0.010988,-0.008159,-0.004580,-0.000828,0.002639,0.005566,0.007877,0.009652,0.011121,0.012442,0.013655,0.014751,0.015652,0.015959,0.015032,0.012350,0.008018,0.002720,0.000000,0.000000
0.000000,0.000000,0.003320,0.008532,0.012023,0.013991,0.014488,0.014029,0.013140,0.012152,0.011126,0.009972,0.008424,0.006382,0.003960,0.001130,-0.002165,-0.005680,-0.008979,-0.011577,-0.012973,-0.013020,-0.012094,-0.010692,-0.009162,-0.007718,-0.006458,-0.005403,-0.004520,-0.003772,-0.003148,-0.002636,-0.002225,-0.001889,-0.001612,-0.001386,-0.001190,-0.000999,-0.000807,-0.000631,-0.000484,-0.000367,-0.000274,-0.000204,-0.000154,-0.000123,-0.000103,-0.000088,-0.000080,-0.000077,-0.000084,-0.000107,-0.000139,-0.000174,-0.000223,-0.000298,-0.000391,-0.000494,-0.000605,-0.000713,-0.000810,-0.000897,-0.000981,-0.001084,-0.001223,-0.001391,-0.001572,-0.001770,-0.002018,-0.002340,-0.002743,-0.003235,-0.003813,-0.004490,-0.005293,-0.006239,-0.007346,-0.008603,-0.009958,-0.011336,-0.012540,-0.013202,-0.012838,-0.011146,-0.008290,-0.004770,-0.001155,0.002080,0.004756,0.006958,0.008762,0.010214,0.011448,0.012639,0.013841,0.014978,0.015614,0.015042,0.012648,0.008559,0.003106,0.000000,0.000000
0.000000,0.000000,0.003831,0.008697,0.011156,0.012192,0.012157,0.011527,0.010661,0.009710,0.008755,0.007719,0.006324,0.004456,0.002334,0.000034,-0.002484,-0.005034,-0.007441,-0.009559,-0.010935,-0.011119,-0.010276,-0.008959,-0.007567,-0.006275,-0.005156,-0.004236,-0.003490,-0.002873,-0.002370,-0.001974,-0.001662,-0.001412,-0.001205,-0.001040,-0.000905,-0.000770,-0.000628,-0.000493,-0.000381,-0.000295,-0.000222,-0.000160,-0.000116,-0.000093,-0.000087,-0.000086,-0.000087,-0.000092,-0.000102,-0.000123,-0.000151,-0.000183,-0.000226,-0.000290,-0.000367,-0.000451,-0.000539,-0.000625,-0.000698,-0.000762,-0.000828,-0.000910,-0.001017,-0.001141,-0.001270,-0.001419,-0.001609,-0.001857,-0.002177,-0.002583,-0.003077,-0.003664,-0.004369,-0.005212,-0.006205,-0.007349,-0.008640,-0.010030,-0.011314,-0.012017,-0.011587,-0.009919,-0.007425,-0.004561,-0.001658,0.000981,0.003266,0.005320,0.007087,0.008444,0.009543,0.010628,0.011812,0.013026,0.013901,0.013831,0.012269,0.009091,0.003761,0.000000,0.000000
0.000000,0.000000,0.003537,0.007492,0.008923,0.009101,0.008669,0.008015,0.007318,0.006532,0.005709,0.004859,0.003773,0.002339,0.000739,-0.000898,-0.002495,-0.003887,-0.005133,-0.006430,-0.007517,-0.007831,-0.007277,-0.006297,-0.005259,-0.004299,-0.003473,-0.002796,-0.002253,-0.001818,-0.001472,-0.001206,-0.001005,-0.000855,-0.000738,-0.000645,-0.000572,-0.000504,-0.000426,-0.000344,-0.000271,-0.000211,-0.000157,-0.000109,-0.000077,-0.000068,-0.000071,-0.000079,-0.000089,-0.000100,-0.000114,-0.000133,-0.000158,-0.000186,-0.000225,-0.000277,-0.000337,-0.000398,-0.000463,-0.000525,-0.000577,-0.000620,-0.000660,-0.000707,-0.000767,-0.000840,-0.000928,-0.001034,-0.001161,-0.001319,-0.001531,-0.001818,-0.002179,-0.002621,-0.003165,-0.003824,-0.004588,-0.005481,-0.006540,-0.007727,-0.008820,-0.009321,-0.008792,-0.007415,-0.005746,-0.004018,-0.002176,-0.000312,0.001469,0.003189,0.004706,0.005862,0.006816,0.007802,0.008869,0.009953,0.010903,0.011348,0.010854,0.008840,0.004075,0.000000,0.000000
0.000000,0.000000,0.001976,0.004154,0.004716,0.004518,0.004058,0.003602,0.003220,0.002802,0.002341,0.001893,0.001370,0.000684,-0.000093,-0.000846,-0.001492,-0.001957,-0.002334,-0.002827,-0.003356,-0.003577,-0.003351,-0.002882,-0.002372,-0.001897,-0.001491,-0.001150,-0.000871,-0.000660,-0.000505,-0.000388,-0.000307,-0.000258,-0.000234,-0.000220,-0.000214,-0.000214,-0.000204,-0.000181,-0.000147,-0.000109,-0.000077,-0.000052,-0.000040,-0.000042,-0.000053,-0.000067,-0.000084,-0.000101,-0.000119,-0.000139,-0.000162,-0.000187,-0.000219,-0.000259,-0.000301,-0.000341,-0.000382,-0.000417,-0.000446,-0.000464,-0.000473,-0.000480,-0.000492,-0.000516,-0.000559,-0.000617,-0.000677,-0.000742,-0.000834,-0.000971,-0.001161,-0.001411,-0.001732,-0.002121,-0.002564,-0.003093,-0.003750,-0.004503,-0.005178,-0.005419,-0.005004,-0.004214,-0.003490,-0.002841,-0.002012,-0.000996,0.000071,0.001130,0.002070,0.002805,0.003474,0.004224,0.005017,0.005846,0.006760,0.007570,0.007856,0.006884,0.003385,0.000000,0.000000
0.000000,-0.000033,-0.000400,-0.000897,-0.001184,-0.001324,-0.001336,-0.001273,-0.001180,-0.001068,-0.000939,-0.000795,-0.000626,-0.000415,-0.000157,0.000147,0.000434,0.000625,0.000747,0.000886,0.001027,0.001083,0.001028,0.000919,0.000806,0.000711,0.000643,0.000603,0.000573,0.000533,0.000484,0.000436,0.000386,0.000332,0.000272,0.000212,0.000151,0.000089,0.000035,0.000005,0.000001,0.000010,0.000014,0.000011,0.000004,-0.000009,-0.000027,-0.000049,-0.000074,-0.000099,-0.000123,-0.000144,-0.000165,-0.000185,-0.000208,-0.000234,-0.000260,-0.000283,-0.000299,-0.000306,-0.000306,-0.000298,-0.000279,-0.000250,-0.000217,-0.000192,-0.000177,-0.000170,-0.000158,-0.000137,-0.000113,-0.000088,-0.000075,-0.000096,-0.000152,-0.000222,-0.000292,-0.000374,-0.000498,-0.000664,-0.000829,-0.000912,-0.000863,-0.000758,-0.000712,-0.000722,-0.000698,-0.000619,-0.000527,-0.000415,-0.000284,-0.000140,0.000051,0.000296,0.000578,0.000962,0.001555,0.002300,0.002891,0.002845,0.001459,0.000131,0.000000
0.000000,0.000000,-0.002682,-0.005702,-0.006808,-0.006891,-0.006492,-0.005950,-0.005419,-0.004821,-0.004166,-0.003493,-0.002669,-0.001597,-0.000370,0.000906,0.002091,0.003006,0.003749,0.004582,0.005367,0.005651,0.005297,0.004619,0.003903,0.003261,0.002737,0.002323,0.001984,0.001696,0.001444,0.001233,0.001054,0.000893,0.000751,0.000625,0.000507,0.000394,0.000293,0.000220,0.000176,0.000146,0.000116,0.000086,0.000059,0.000032,0.000001,-0.000034,-0.000070,-0.000102,-0.000130,-0.000153,-0.000168,-0.000181,-0.000193,-0.000205,-0.000217,-0.000223,-0.000216,-0.000195,-0.000165,-0.000129,-0.000084,-0.000024,0.000050,0.000127,0.000206,0.000288,0.000374,0.000479,0.000615,0.000796,0.001011,0.001228,0.001451,0.001712,0.002030,0.002413,0.002859,0.003319,0.003674,0.003706,0.003313,0.002732,0.002215,0.001693,0.000982,0.000091,-0.000845,-0.001703,-0.002374,-0.002839,-0.003206,-0.003533,-0.003804,-0.003989,-0.003989,-0.003635,-0.002932,-0.002001,-0.000707,0.000000,0.000000
0.000000,0.000000,-0.003929,-0.008542,-0.010473,-0.010961,-0.010640,-0.009939,-0.009118,-0.008212,-0.007294,-0.006327,-0.005049,-0.003350,-0.001434,0.000576,0.002641,0.004585,0.006372,0.008060,0.009310,0.009586,0.008896,0.007758,0.006577,0.005509,0.004611,0.003877,0.003270,0.002761,0.002332,0.001977,0.001680,0.001419,0.001194,0.001003,0.000836,0.000690,0.000560,0.000450,0.000364,0.000295,0.000230,0.000172,0.000123,0.000075,0.000023,-0.000029,-0.000075,-0.000114,-0.000146,-0.000168,-0.000177,-0.000179,-0.000180,-0.000178,-0.000173,-0.000161,-0.000133,-0.000090,-0.000035,0.000028,0.000104,0.000197,0.000310,0.000439,0.000579,0.000731,0.000896,0.001087,0.001334,0.001648,0.002032,0.002466,0.002950,0.003521,0.004197,0.004999,0.005936,0.006935,0.007774,0.008009,0.007335,0.006068,0.004724,0.003355,0.001762,0.000011,-0.001709,-0.003296,-0.004598,-0.005553,-0.006327,-0.007032,-0.007664,-0.008251,-0.008695,-0.008585,-0.007653,-0.005814,-0.002528,0.000000,0.000000
0.000000,0.000000,-0.003986,-0.009358,-0.012299,-0.013650,-0.013704,-0.013005,-0.011995,-0.010931,-0.009910,-0.008816,-0.007338,-0.005343,-0.003028,-0.000452,0.002456,0.005517,0.008414,0.010811,0.012219,0.012324,0.011405,0.010031,0.008598,0.007284,0.006141,0.005174,0.004364,0.003677,0.003106,0.002637,0.002238,0.001892,0.001599,0.001351,0.001143,0.000968,0.000815,0.000677,0.000552,0.000442,0.000347,0.000266,0.000189,0.000111,0.000035,-0.000032,-0.000088,-0.000134,-0.000172,-0.000194,-0.000194,-0.000183,-0.000170,-0.000153,-0.000132,-0.000101,-0.000056,0.000006,0.000083,0.000171,0.000274,0.000400,0.000554,0.000733,0.000927,0.001140,0.001386,0.001672,0.002013,0.002431,0.002946,0.003556,0.004259,0.005077,0.006041,0.007161,0.008425,0.009765,0.010940,0.011436,0.010751,0.008975,0.006653,0.004129,0.001529,-0.000934,-0.003157,-0.005178,-0.006852,-0.008068,-0.009044,-0.009953,-0.010802,-0.011605,-0.012186,-0.011994,-0.010556,-0.007835,-0.003323,0.000000,0.000000
0.000000,0.000000,-0.003434,-0.009018,-0.012901,-0.015065,-0.015568,-0.015027,-0.014026,-0.012933,-0.011824,-0.010605,-0.009017,-0.006938,-0.004403,-0.001365,0.002195,0.005996,0.009524,0.012207,0.013579,0.013607,0.012707,0.011353,0.009889,0.008501,0.007248,0.006158,0.005224,0.004420,0.003743,0.003180,0.002704,0.002302,0.001964,0.001676,0.001432,0.001223,0.001043,0.000878,0.000724,0.000582,0.000459,0.000351,0.000244,0.000138,0.000043,-0.000038,-0.000108,-0.000164,-0.000207,-0.000227,-0.000219,-0.000195,-0.000168,-0.000139,-0.000102,-0.000056,0.000006,0.000089,0.000189,0.000303,0.000429,0.000580,0.000771,0.000996,0.001242,0.001513,0.001829,0.002198,0.002618,0.003114,0.003723,0.004461,0.005322,0.006309,0.007455,0.008755,0.010163,0.011601,0.012850,0.013465,0.012905,0.010959,0.007984,0.004538,0.001096,-0.001974,-0.004581,-0.006833,-0.008683,-0.010050,-0.011133,-0.012156,-0.013121,-0.013993,-0.014503,-0.014092,-0.012139,-0.008597,-0.003343,0.000000,0.000000
0.000000,0.000000,-0.002940,-0.008360,-0.012605,-0.015171,-0.016095,-0.015894,-0.015123,-0.014138,-0.012986,-0.011609,-0.009929,-0.007837,-0.005157,-0.001828,0.002000,0.005959,0.009528,0.012153,0.013500,0.013657,0.012981,0.011831,0.010497,0.009164,0.007917,0.006801,0.005818,0.004963,0.004228,0.003602,0.003078,0.002646,0.002281,0.001964,0.001690,0.001450,0.001239,0.001047,0.000870,0.000704,0.000554,0.000417,0.000282,0.000158,0.000050,-0.000046,-0.000132,-0.000201,-0.000249,-0.000267,-0.000250,-0.000217,-0.000182,-0.000142,-0.000093,-0.000033,0.000047,0.000153,0.000281,0.000423,0.000573,0.000742,0.000956,0.001219,0.001517,0.001839,0.002207,0.002638,0.003123,0.003678,0.004349,0.005161,0.006113,0.007193,0.008403,0.009737,0.011132,0.012482,0.013571,0.014056,0.013514,0.011628,0.008533,0.004772,0.000932,-0.002548,-0.005467,-0.007867,-0.009834,-0.011395,-0.012629,-0.013688,-0.014593,-0.015290,-0.015551,-0.014915,-0.012725,-0.008782,-0.003259,0.000000,0.000000
0.000000,0.000000,-0.002754,-0.007809,-0.011835,-0.014382,-0.015506,-0.015605,-0.015149,-0.014381,-0.013341,-0.011981,-0.010289,-0.008158,-0.005394,-0.002032,0.001682,0.005411,0.008721,0.011165,0.012530,0.012895,0.012509,0.011645,0.010534,0.009348,0.008193,0.007117,0.006143,0.005292,0.004551,0.003912,0.003370,0.002916,0.002535,0.002207,0.001912,0.001647,0.001408,0.001191,0.000989,0.000800,0.000627,0.000463,0.000308,0.000173,0.000053,-0.000063,-0.000167,-0.000247,-0.000298,-0.000312,-0.000292,-0.000256,-0.000217,-0.000169,-0.000107,-0.000032,0.000066,0.000195,0.000350,0.000522,0.000699,0.000886,0.001114,0.001403,0.001738,0.002100,0.002504,0.002979,0.003516,0.004113,0.004817,0.005655,0.006629,0.007729,0.008917,0.010165,0.011427,0.012581,0.013407,0.013633,0.012969,0.011184,0.008306,0.004712,0.000921,-0.002647,-0.005727,-0.008250,-0.010317,-0.012038,-0.013402,-0.014463,-0.015219,-0.015603,-0.015538,-0.014696,-0.012533,-0.008699,-0.003286,0.000000,0.000000
0.000000,0.000000,-0.002644,-0.007165,-0.010813,-0.013048,-0.014116,-0.014411,-0.014341,-0.013923,-0.013169,-0.011999,-0.010368,-0.008195,-0.005459,-0.002284,0.001121,0.004507,0.007500,0.009757,0.011137,0.011681,0.011565,0.010996,0.010145,0.009159,0.008144,0.007156,0.006241,0.005429,0.004717,0.004102,0.003569,0.003111,0.002726,0.002396,0.002097,0.001816,0.001555,0.001312,0.001083,0.000870,0.000676,0.000493,0.000324,0.000176,0.000041,-0.000095,-0.000217,-0.000305,-0.000357,-0.000370,-0.000348,-0.000312,-0.000274,-0.000218,-0.000143,-0.000052,0.000063,0.000215,0.000397,0.000593,0.000798,0.001009,0.001248,0.001548,0.001902,0.002290,0.002718,0.003219,0.003790,0.004419,0.005133,0.005956,0.006892,0.007940,0.009045,0.010152,0.011208,0.012103,0.012654,0.012645,0.011857,0.010155,0.007566,0.004319,0.000813,-0.002594,-0.005672,-0.008276,-0.010416,-0.012157,-0.013522,-0.014542,-0.015196,-0.015343,-0.015001,-0.013933,-0.011810,-0.008121,-0.003125,0.000000,0.000000
0.000000,0.000000,-0.002099,-0.006157,-0.009604,-0.011353,-0.012186,-0.012701,-0.013085,-0.013077,-0.012667,-0.011724,-0.010225,-0.008161,-0.005612,-0.002710,0.000373,0.003427,0.006116,0.008186,0.009561,0.010263,0.010384,0.010068,0.009462,0.008690,0.007839,0.006978,0.006156,0.005405,0.004744,0.004176,0.003676,0.003243,0.002871,0.002543,0.002238,0.001947,0.001671,0.001408,0.001156,0.000921,0.000704,0.000504,0.000322,0.000160,0.000007,-0.000145,-0.000278,-0.000373,-0.000427,-0.000440,-0.000422,-0.000391,-0.000354,-0.000292,-0.000205,-0.000099,0.000038,0.000213,0.000420,0.000642,0.000871,0.001103,0.001351,0.001655,0.002020,0.002421,0.002859,0.003368,0.003951,0.004589,0.005292,0.006076,0.006935,0.007871,0.008851,0.009801,0.010628,0.011254,0.011555,0.011362,0.010512,0.008909,0.006576,0.003680,0.000525,-0.002596,-0.005521,-0.008087,-0.010217,-0.011920,-0.013221,-0.014153,-0.014737,-0.014749,-0.014196,-0.012908,-0.010675,-0.006832,-0.002339,0.000000,0.000000
0.000000,0.000000,-0.000874,-0.004942,-0.008183,-0.009493,-0.010095,-0.010827,-0.011567,-0.011925,-0.011877,-0.011244,-0.010037,-0.008252,-0.005967,-0.003317,-0.000497,0.002260,0.004687,0.006600,0.007964,0.008783,0.009098,0.008995,0.008603,0.008026,0.007345,0.006631,0.005924,0.005258,0.004671,0.004163,0.003715,0.003325,0.002979,0.002654,0.002336,0.002033,0.001753,0.001480,0.001211,0.000958,0.000723,0.000502,0.000300,0.000122,-0.000046,-0.000212,-0.000353,-0.000452,-0.000509,-0.000527,-0.000517,-0.000494,-0.000458,-0.000393,-0.000294,-0.000170,-0.000015,0.000184,0.000420,0.000670,0.000919,0.001167,0.001425,0.001730,0.002100,0.002508,0.002945,0.003443,0.004006,0.004621,0.005291,0.006019,0.006788,0.007591,0.008416,0.009193,0.009809,0.010200,0.010297,0.009956,0.009068,0.007576,0.005484,0.002904,0.000096,-0.002714,-0.005379,-0.007743,-0.009719,-0.011336,-0.012572,-0.013394,-0.013909,-0.013875,-0.013223,-0.011805,-0.009386,-0.005331,-0.000906,0.000000,0.000000
0.000000,0.000000,0.000000,-0.003449,-0.006179,-0.007304,-0.007913,-0.008823,-0.009794,-0.010562,-0.010981,-0.010801,-0.010009,-0.008511,-0.006444,-0.004012,-0.001439,0.001059,0.003286,0.005101,0.006456,0.007333,0.007778,0.007853,0.007648,0.007252,0.006736,0.006167,0.005591,0.005042,0.004545,0.004103,0.003707,0.003358,0.003036,0.002716,0.002390,0.002085,0.001805,0.001526,0.001245,0.000977,0.000726,0.000484,0.000263,0.000064,-0.000120,-0.000295,-0.000446,-0.000553,-0.000614,-0.000638,-0.000637,-0.000623,-0.000591,-0.000521,-0.000413,-0.000274,-0.000099,0.000123,0.000389,0.000670,0.000945,0.001209,0.001475,0.001779,0.002147,0.002554,0.002983,0.003455,0.003977,0.004544,0.005157,0.005810,0.006481,0.007157,0.007821,0.008420,0.008858,0.009063,0.008993,0.008542,0.007627,0.006228,0.004362,0.002082,-0.000418,-0.002944,-0.005331,-0.007423,-0.009137,-0.010518,-0.011577,-0.012238,-0.012644,-0.012629,-0.011977,-0.010489,-0.007913,-0.003897,0.000000,0.000000,0.000000
0.000000,0.000000,0.000000,-0.001607,-0.003563,-0.004606,-0.005454,-0.006628,-0.007906,-0.009214,-0.010212,-0.010570,-0.010141,-0.008852,-0.006971,-0.004757,-0.002399,-0.000079,0.002029,0.003760,0.005078,0.005971,0.006502,0.006707,0.006655,0.006426,0.006075,0.005653,0.005216,0.004792,0.004389,0.004008,0.003660,0.003345,0.003042,0.002729,0.002413,0.002121,0.001840,0.001547,0.001257,0.000983,0.000710,0.000445,0.000207,-0.000011,-0.000212,-0.000398,-0.000562,-0.000680,-0.000746,-0.000776,-0.000787,-0.000783,-0.000753,-0.000682,-0.000566,-0.000407,-0.000207,0.000041,0.000332,0.000646,0.000954,0.001237,0.001508,0.001803,0.002153,0.002549,0.002965,0.003413,0.003886,0.004387,0.004930,0.005498,0.006060,0.006606,0.007128,0.007567,0.007857,0.007922,0.007713,0.007173,0.006256,0.004923,0.003235,0.001221,-0.000983,-0.003216,-0.005317,-0.007177,-0.008637,-0.009657,-0.010346,-0.010722,-0.010881,-0.010830,-0.010243,-0.008812,-0.006276,-0.002527,0.000000,0.000000,0.000000
0.000000,0.000000,0.000000,-0.000339,-0.000996,-0.001655,-0.002689,-0.004211,-0.006014,-0.007982,-0.009644,-0.010566,-0.010403,-0.009269,-0.007600,-0.005544,-0.003260,-0.001012,0.000998,0.002635,0.003887,0.004767,0.005341,0.005635,0.005701,0.005610,0.005408,0.005135,0.004830,0.004513,0.004196,0.003882,0.003584,0.003304,0.003018,0.002715,0.002418,0.002142,0.001859,0.001551,0.001253,0.000972,0.000678,0.000390,0.000131,-0.000107,-0.000328,-0.000532,-0.000712,-0.000843,-0.000917,-0.000952,-0.000971,-0.000976,-0.000947,-0.000872,-0.000745,-0.000563,-0.000336,-0.000061,0.000259,0.000600,0.000935,0.001242,0.001522,0.001804,0.002124,0.002493,0.002896,0.003319,0.003747,0.004182,0.004647,0.005122,0.005570,0.005985,0.006370,0.006684,0.006864,0.006827,0.006512,0.005908,0.004998,0.003730,0.002174,0.000373,-0.001591,-0.003561,-0.005386,-0.006978,-0.008200,-0.008871,-0.009101,-0.009019,-0.008743,-0.008516,-0.008137,-0.007070,-0.004827,-0.001860,0.000000,0.000000,0.000000
0.000000,0.000000,0.000000,0.000518,0.000969,0.001158,0.000268,-0.001566,-0.004056,-0.006837,-0.009279,-0.010752,-0.010840,-0.009864,-0.008299,-0.006179,-0.003838,-0.001660,0.000219,0.001747,0.002934,0.003775,0.004348,0.004692,0.004846,0.004858,0.004775,0.004629,0.004433,0.004203,0.003965,0.003725,0.003489,0.003245,0.002975,0.002690,0.002416,0.002148,0.001856,0.001544,0.001243,0.000950,0.000634,0.000322,0.000039,-0.000225,-0.000478,-0.000709,-0.000904,-0.001047,-0.001128,-0.001168,-0.001198,-0.001211,-0.001177,-0.001087,-0.000947,-0.000745,-0.000485,-0.000179,0.000167,0.000532,0.000890,0.001225,0.001525,0.001800,0.002087,0.002418,0.002786,0.003177,0.003567,0.003941,0.004317,0.004696,0.005043,0.005334,0.005586,0.005795,0.005896,0.005790,0.005425,0.004788,0.003888,0.002696,0.001262,-0.000367,-0.002147,-0.003968,-0.005613,-0.006901,-0.007841,-0.008223,-0.007991,-0.007321,-0.006467,-0.005956,-0.005841,-0.005363,-0.003561,-0.001190,0.000000,0.000000,0.000000
0.000000,0.000000,0.000000,0.000723,0.002280,0.003654,0.003146,0.001080,-0.002093,-0.005768,-0.009113,-0.011148,-0.011454,-0.010540,-0.008803,-0.006401,-0.004035,-0.002002,-0.000258,0.001154,0.002241,0.003010,0.003546,0.003900,0.004106,0.004192,0.004202,0.004152,0.004042,0.003891,0.003725,0.003548,0.003364,0.003158,0.002916,0.002659,0.002408,0.002146,0.001849,0.001533,0.001229,0.000923,0.000581,0.000241,-0.000069,-0.000368,-0.000661,-0.000923,-0.001136,-0.001291,-0.001382,-0.001432,-0.001474,-0.001493,-0.001446,-0.001334,-0.001171,-0.000946,-0.000656,-0.000319,0.000053,0.000446,0.000828,0.001190,0.001515,0.001799,0.002065,0.002349,0.002664,0.003005,0.003348,0.003664,0.003960,0.004248,0.004498,0.004688,0.004827,0.004931,0.004960,0.004820,0.004456,0.003839,0.002972,0.001844,0.000518,-0.000958,-0.002562,-0.004272,-0.005901,-0.007051,-0.007733,-0.007797,-0.007086,-0.005772,-0.004326,-0.003491,-0.003416,-0.003422,-0.002366,-0.000249,0.000000,0.000000,0.000000
0.000000,0.000000,0.000000,0.000000,0.002998,0.005350,0.005462,0.003347,-0.000367,-0.004890,-0.009062,-0.011573,-0.011997,-0.010878,-0.008710,-0.006061,-0.003829,-0.001978,-0.000365,0.000874,0.001796,0.002462,0.002944,0.003263,0.003471,0.003603,0.003687,0.003712,0.003676,0.003594,0.003484,0.003356,0.003213,0.003047,0.002849,0.002631,0.002401,0.002143,0.001849,0.001537,0.001224,0.000897,0.000530,0.000153,-0.000193,-0.000534,-0.000877,-0.001179,-0.001413,-0.001579,-0.001685,-0.001755,-0.001811,-0.001830,-0.001765,-0.001619,-0.001422,-0.001164,-0.000841,-0.000474,-0.000071,0.000349,0.000756,0.001141,0.001493,0.001798,0.002061,0.002308,0.002562,0.002831,0.003107,0.003362,0.003584,0.003783,0.003949,0.004060,0.004111,0.004114,0.004075,0.003922,0.003595,0.003046,0.002260,0.001232,0.000011,-0.001378,-0.002839,-0.004397,-0.006076,-0.007313,-0.007881,-0.007657,-0.006493,-0.004540,-0.002437,-0.001141,-0.000880,-0.001183,-0.001037,0.000000,0.000000,0.000000,0.000000
0.000000,0.000000,0.000000,0.000000,0.002555,0.005537,0.006481,0.004630,0.000646,-0.004434,-0.008929,-0.011514,-0.011827,-0.010286,-0.007718,-0.005095,-0.003134,-0.001471,-0.000091,0.000859,0.001548,0.002081,0.002496,0.002769,0.002951,0.003092,0.003226,0.003311,0.003335,0.003308,0.003238,0.003144,0.003048,0.002934,0.002786,0.002610,0.002404,0.002152,0.001863,0.001557,0.001234,0.000879,0.000478,0.000061,-0.000336,-0.000730,-0.001125,-0.001472,-0.001737,-0.001926,-0.002058,-0.002152,-0.002221,-0.002228,-0.002130,-0.001945,-0.001703,-0.001402,-0.001041,-0.000636,-0.000200,0.000248,0.000683,0.001092,0.001471,0.001797,0.002062,0.002287,0.002488,0.002687,0.002880,0.003054,0.003201,0.003318,0.003413,0.003461,0.003443,0.003372,0.003272,0.003108,0.002828,0.002371,0.001719,0.000854,-0.000223,-0.001525,-0.002926,-0.004349,-0.006019,-0.007439,-0.008133,-0.007753,-0.006183,-0.003638,-0.000746,0.001204,0.001586,0.000847,0.000260,0.000000,0.000000,0.000000,0.000000
0.000000,0.000000,0.000000,0.000000,0.001436,0.004584,0.006008,0.004299,0.000365,-0.004569,-0.008672,-0.010741,-0.010459,-0.008384,-0.005693,-0.003421,-0.001834,-0.000496,0.000443,0.001031,0.001480,0.001824,0.002116,0.002329,0.002495,0.002641,0.002798,0.002929,0.003005,0.003021,0.002991,0.002939,0.002898,0.002846,0.002753,0.002611,0.002420,0.002183,0.001910,0.001607,0.001263,0.000875,0.000434,-0.000035,-0.000493,-0.000947,-0.001393,-0.001793,-0.002108,-0.002342,-0.002519,-0.002642,-0.002711,-0.002696,-0.002557,-0.002318,-0.002019,-0.001661,-0.001253,-0.000807,-0.000329,0.000161,0.000631,0.001061,0.001454,0.001797,0.002068,0.002273,0.002439,0.002579,0.002692,0.002779,0.002839,0.002872,0.002891,0.002877,0.002806,0.002678,0.002531,0.002361,0.002148,0.001822,0.001339,0.000649,-0.000208,-0.001296,-0.002624,-0.003975,-0.005589,-0.007226,-0.008207,-0.007802,-0.005817,-0.002741,0.000768,0.003205,0.003572,0.002162,0.000715,0.000000,0.000000,0.000000,0.000000
0.000000,0.000000,0.000000,0.000000,0.000000,0.002987,0.004116,0.002438,-0.001178,-0.005406,-0.008570,-0.009550,-0.008155,-0.005412,-0.002829,-0.001111,-0.000022,0.000740,0.001063,0.001283,0.001491,0.001631,0.001776,0.001913,0.002064,0.002218,0.002386,0.002545,0.002675,0.002741,0.002759,0.002770,0.002800,0.002813,0.002762,0.002647,0.002472,0.002251,0.001997,0.001697,0.001327,0.000891,0.000404,-0.000122,-0.000653,-0.001178,-0.001687,-0.002147,-0.002532,-0.002837,-0.003074,-0.003238,-0.003306,-0.003251,-0.003057,-0.002747,-0.002366,-0.001938,-0.001473,-0.000975,-0.000443,0.000097,0.000605,0.001053,0.001455,0.001812,0.002090,0.002283,0.002411,0.002497,0.002540,0.002543,0.002522,0.002465,0.002394,0.002308,0.002189,0.002030,0.001858,0.001690,0.001551,0.001378,0.001092,0.000605,0.000006,-0.000745,-0.001842,-0.003073,-0.004591,-0.006362,-0.007639,-0.007389,-0.005197,-0.001800,0.001775,0.004160,0.004202,0.002437,0.000000,0.000000,0.000000,0.000000,0.000000
0.000000,0.000000,0.000000,0.000000,0.000000,0.001232,0.001717,0.000076,-0.003365,-0.006832,-0.008812,-0.008296,-0.005499,-0.002040,0.000362,0.001449,0.001904,0.001968,0.001717,0.001563,0.001451,0.001378,0.001396,0.001468,0.001604,0.001769,0.001961,0.002155,0.002335,0.002464,0.002549,0.002638,0.002757,0.002838,0.002824,0.002726,0.002570,0.002369,0.002135,0.001836,0.001434,0.000947,0.000402,-0.000187,-0.000810,-0.001431,-0.002019,-0.002553,-0.003023,-0.003423,-0.003740,-0.003949,-0.004013,-0.003908,-0.003640,-0.003235,-0.002747,-0.002229,-0.001691,-0.001124,-0.000525,0.000073,0.000620,0.001089,0.001496,0.001855,0.002144,0.002329,0.002420,0.002447,0.002418,0.002351,0.002251,0.002098,0.001927,0.001763,0.001596,0.001412,0.001225,0.001069,0.001002,0.000967,0.000920,0.000729,0.000404,0.000010,-0.000694,-0.001623,-0.002873,-0.004581,-0.006156,-0.006384,-0.004523,-0.001379,0.001854,0.003936,0.003558,0.001534,0.000000,0.000000,0.000000,0.000000,0.000000
0.000000,0.000000,0.000000,0.000000,0.000000,0.000000,0.000057,-0.002040,-0.005634,-0.008434,-0.009131,-0.006948,-0.002812,0.001146,0.003238,0.003685,0.003429,0.002857,0.002224,0.001742,0.001297,0.001044,0.000959,0.000968,0.001082,0.001271,0.001515,0.001778,0.002026,0.002215,0.002374,0.002558,0.002765,0.002908,0.002940,0.002870,0.002734,0.002557,0.002338,0.002030,0.001589,0.001042,0.000438,-0.000225,-0.000949,-0.001692,-0.002392,-0.003027,-0.003606,-0.004114,-0.004526,-0.004789,-0.004848,-0.004684,-0.004321,-0.003797,-0.003180,-0.002546,-0.001916,-0.001253,-0.000566,0.000097,0.000690,0.001188,0.001596,0.001944,0.002235,0.002427,0.002502,0.002466,0.002359,0.002210,0.002018,0.001773,0.001510,0.001255,0.001021,0.000790,0.000590,0.000473,0.000483,0.000565,0.000730,0.000885,0.000883,0.000838,0.000624,0.000226,-0.000547,-0.002044,-0.004014,-0.005110,-0.004185,-0.001771,0.000921,0.002638,0.002286,0.000000,0.000000,0.000000,0.000000,0.000000,0.000000
0.000000,0.000000,0.000000,0.000000,0.000000,0.000000,-0.000074,-0.003565,-0.007383,-0.009724,-0.008993,-0.005276,-0.000227,0.003671,0.005292,0.005170,0.004337,0.003281,0.002346,0.001593,0.000945,0.000582,0.000405,0.000381,0.000501,0.000735,0.001056,0.001405,0.001747,0.002024,0.002266,0.002541,0.002823,0.003028,0.003106,0.003076,0.002978,0.002825,0.002616,0.002293,0.001807,0.001198,0.000526,-0.000217,-0.001059,-0.001951,-0.002800,-0.003572,-0.004290,-0.004938,-0.005464,-0.005784,-0.005830,-0.005591,-0.005107,-0.004441,-0.003675,-0.002899,-0.002138,-0.001349,-0.000548,0.000189,0.000831,0.001359,0.001770,0.002092,0.002366,0.002576,0.002650,0.002567,0.002371,0.002120,0.001833,0.001491,0.001119,0.000752,0.000432,0.000155,-0.000059,-0.000147,-0.000058,0.000151,0.000486,0.000958,0.001333,0.001663,0.001942,0.002125,0.001911,0.000678,-0.001660,-0.003884,-0.004219,-0.002664,-0.000429,0.000959,0.000978,0.000000,0.000000,0.000000,0.000000,0.000000,0.000000
0.000000,0.000000,0.000000,0.000000,0.000000,0.000000,0.000000,-0.003646,-0.007806,-0.010069,-0.008081,-0.003287,0.001870,0.005130,0.006190,0.005696,0.004547,0.003220,0.002047,0.001082,0.000356,-0.000074,-0.000313,-0.000313,-0.000128,0.000188,0.000615,0.001071,0.001501,0.001883,0.002235,0.002594,0.002943,0.003205,0.003342,0.003358,0.003299,0.003175,0.002976,0.002636,0.002101,0.001434,0.000689,-0.000151,-0.001127,-0.002189,-0.003222,-0.004190,-0.005104,-0.005935,-0.006596,-0.006965,-0.006979,-0.006651,-0.006027,-0.005183,-0.004237,-0.003285,-0.002354,-0.001405,-0.000470,0.000363,0.001062,0.001619,0.002028,0.002319,0.002568,0.002782,0.002862,0.002743,0.002473,0.002124,0.001732,0.001268,0.000764,0.000274,-0.000156,-0.000519,-0.000770,-0.000855,-0.000692,-0.000305,0.000218,0.000941,0.001649,0.002308,0.002951,0.003554,0.003851,0.003017,0.000530,-0.002641,-0.004217,-0.003542,-0.001558,-0.000106,0.000000,0.000000,0.000000,0.000000,0.000000,0.000000,0.000000
0.000000,0.000000,0.000000,0.000000,0.000000,0.000000,0.000000,-0.001345,-0.006896,-0.008976,-0.006367,-0.001242,0.003375,0.005792,0.006214,0.005369,0.004026,0.002600,0.001314,0.000257,-0.000497,-0.000945,-0.001163,-0.001070,-0.000790,-0.000362,0.000203,0.000792,0.001320,0.001790,0.002246,0.002695,0.003116,0.003444,0.003640,0.003722,0.003707,0.003601,0.003410,0.003054,0.002488,0.001774,0.000956,0.000004,-0.001117,-0.002376,-0.003655,-0.004886,-0.006070,-0.007141,-0.007958,-0.008378,-0.008351,-0.007899,-0.007086,-0.006021,-0.004848,-0.003671,-0.002524,-0.001392,-0.000310,0.000632,0.001394,0.001980,0.002391,0.002652,0.002854,0.003045,0.003127,0.002999,0.002677,0.002231,0.001725,0.001140,0.000492,-0.000162,-0.000770,-0.001281,-0.001602,-0.001677,-0.001427,-0.000830,-0.000080,0.000838,0.001783,0.002644,0.003458,0.004275,0.005004,0.004682,0.002361,-0.001202,-0.003691,-0.003774,-0.002173,0.000040,0.000000,0.000000,0.000000,0.000000,0.000000,0.000000,0.000000
0.000000,0.000000,0.000000,0.000000,0.000000,0.000000,0.000000,0.000000,-0.004595,-0.006439,-0.004044,0.000719,0.004496,0.006168,0.005926,0.004610,0.002975,0.001530,0.000277,-0.000800,-0.001567,-0.002014,-0.002153,-0.001912,-0.001463,-0.000861,-0.000142,0.000575,0.001217,0.001781,0.002322,0.002850,0.003353,0.003756,0.004019,0.004164,0.004197,0.004114,0.003928,0.003562,0.002979,0.002235,0.001347,0.000280,-0.001014,-0.002515,-0.004103,-0.005677,-0.007199,-0.008565,-0.009580,-0.010077,-0.009997,-0.009379,-0.008321,-0.006965,-0.005498,-0.004034,-0.002616,-0.001273,-0.000043,0.001015,0.001852,0.002463,0.002870,0.003091,0.003234,0.003387,0.003466,0.003342,0.002984,0.002454,0.001853,0.001151,0.000338,-0.000532,-0.001375,-0.002104,-0.002567,-0.002658,-0.002312,-0.001495,-0.000436,0.000762,0.001884,0.002742,0.003490,0.004316,0.005244,0.005489,0.003769,0.000475,-0.002417,-0.003059,-0.001807,0.000000,0.000000,0.000000,0.000000,0.000000,0.000000,0.000000,0.000000
0.000000,0.000000,0.000000,0.000000,0.000000,0.000000,0.000000,0.000000,-0.000866,-0.003300,-0.001349,0.002724,0.005657,0.006456,0.005463,0.003561,0.001644,0.000270,-0.000820,-0.001874,-0.002711,-0.003168,-0.003206,-0.002814,-0.002152,-0.001298,-0.000397,0.000442,0.001178,0.001840,0.002467,0.003069,0.003654,0.004140,0.004478,0.004689,0.004771,0.004714,0.004537,0.004180,0.003603,0.002842,0.001894,0.000702,-0.000788,-0.002569,-0.004532,-0.006547,-0.008502,-0.010234,-0.011511,-0.012125,-0.012000,-0.011175,-0.009782,-0.008027,-0.006145,-0.004305,-0.002577,-0.001006,0.000373,0.001530,0.002428,0.003053,0.003433,0.003609,0.003705,0.003803,0.003856,0.003733,0.003362,0.002792,0.002119,0.001325,0.000342,-0.000773,-0.001901,-0.002944,-0.003692,-0.003887,-0.003441,-0.002323,-0.000779,0.000855,0.002140,0.002823,0.003232,0.003791,0.004806,0.005678,0.004905,0.002236,-0.000645,-0.001702,-0.000228,0.000000,0.000000,0.000000,0.000000,0.000000,0.000000,0.000000,0.000000
0.000000,0.000000,0.000000,0.000000,0.000000,0.000000,0.000000,0.000000,0.000000,-0.000754,0.001471,0.004839,0.007054,0.007011,0.005152,0.002637,0.000602,-0.000662,-0.001725,-0.002840,-0.003845,-0.004408,-0.004328,-0.003689,-0.002766,-0.001655,-0.000548,0.000436,0.001278,0.002002,0.002701,0.003387,0.004050,0.004611,0.005019,0.005295,0.005433,0.005406,0.005250,0.004931,0.004396,0.003645,0.002640,0.001310,-0.000408,-0.002520,-0.004920,-0.007452,-0.009937,-0.012159,-0.013821,-0.014627,-0.014450,-0.013339,-0.011492,-0.009206,-0.006796,-0.004484,-0.002383,-0.000552,0.000985,0.002222,0.003151,0.003770,0.004100,0.004220,0.004258,0.004282,0.004288,0.004171,0.003838,0.003281,0.002576,0.001711,0.000593,-0.000774,-0.002268,-0.003772,-0.004955,-0.005408,-0.004928,-0.003380,-0.001134,0.001157,0.002789,0.003410,0.003334,0.003437,0.004448,0.005760,0.005728,0.003725,0.001112,-0.000376,0.000000,0.000000,0.000000,0.000000,0.000000,0.000000,0.000000,0.000000,0.000000
0.000000,0.000000,0.000000,0.000000,0.000000,0.000000,0.000000,0.000000,0.000000,0.000886,0.002831,0.006238,0.008453,0.007737,0.005337,0.002474,0.000518,-0.000722,-0.002047,-0.003617,-0.004977,-0.005703,-0.005498,-0.004490,-0.003172,-0.001800,-0.000518,0.000601,0.001513,0.002280,0.003018,0.003774,0.004504,0.005129,0.005600,0.005927,0.006126,0.006158,0.006062,0.005818,0.005350,0.004624,0.003584,0.002129,0.000169,-0.002303,-0.005193,-0.008339,-0.011500,-0.014373,-0.016568,-0.017659,-0.017417,-0.015920,-0.013474,-0.010489,-0.007396,-0.004506,-0.001972,0.000138,0.001822,0.003120,0.004046,0.004612,0.004855,0.004880,0.004833,0.004776,0.004738,0.004631,0.004365,0.003884,0.003209,0.002337,0.001156,-0.000401,-0.002305,-0.004358,-0.006204,-0.007247,-0.006874,-0.004798,-0.001641,0.001603,0.004000,0.004890,0.004405,0.003793,0.004411,0.005649,0.005930,0.004170,0.001744,0.000659,0.000000,0.000000,0.000000,0.000000,0.000000,0.000000,0.000000,0.000000,0.000000
0.000000,0.000000,0.000000,0.000000,0.000000,0.000000,0.000000,0.000000,0.000000,0.000000,0.002304,0.006369,0.008913,0.008264,0.005844,0.003217,0.001427,0.000069,-0.001752,-0.004101,-0.006144,-0.007037,-0.006549,-0.005094,-0.003314,-0.001643,-0.000224,0.000948,0.001881,0.002685,0.003459,0.004229,0.004994,0.005680,0.006204,0.006571,0.006836,0.006964,0.006986,0.006858,0.006473,0.005781,0.004711,0.003150,0.000979,-0.001842,-0.005261,-0.009122,-0.013136,-0.016891,-0.019815,-0.021291,-0.020980,-0.018968,-0.015703,-0.011802,-0.007861,-0.004294,-0.001300,0.001078,0.002894,0.004229,0.005113,0.005580,0.005685,0.005573,0.005422,0.005284,0.005196,0.005092,0.004909,0.004569,0.004034,0.003248,0.002088,0.000418,-0.001798,-0.004465,-0.007249,-0.009209,-0.009201,-0.006756,-0.002589,0.001964,0.005518,0.006907,0.006119,0.004754,0.004542,0.005307,0.005412,0.003708,0.001520,0.000000,0.000000,0.000000,0.000000,0.000000,0.000000,0.000000,0.000000,0.000000,0.000000
0.000000,0.000000,0.000000,0.000000,0.000000,0.000000,0.000000,0.000000,0.000000,0.000000,0.000000,0.004758,0.007745,0.007969,0.006366,0.004373,0.002782,0.001131,-0.001327,-0.004411,-0.007092,-0.008121,-0.007178,-0.005125,-0.002971,-0.001103,0.000382,0.001523,0.002400,0.003187,0.003942,0.004690,0.005467,0.006201,0.006763,0.007181,0.007542,0.007805,0.007983,0.007990,0.007712,0.007075,0.005990,0.004352,0.002016,-0.001127,-0.005079,-0.009721,-0.014787,-0.019696,-0.023547,-0.025492,-0.025104,-0.022467,-0.018151,-0.013074,-0.008138,-0.003844,-0.000373,0.002264,0.004189,0.005516,0.006314,0.006632,0.006558,0.006269,0.005966,0.005711,0.005543,0.005448,0.005396,0.005279,0.005010,0.004444,0.003427,0.001832,-0.000561,-0.003813,-0.007569,-0.010640,-0.011482,-0.009111,-0.004159,0.001663,0.006437,0.008566,0.007829,0.005919,0.004886,0.004753,0.004282,0.002563,0.000000,0.000000,0.000000,0.000000,0.000000,0.000000,0.000000,0.000000,0.000000,0.000000,0.000000
0.000000,0.000000,0.000000,0.000000,0.000000,0.000000,0.000000,0.000000,0.000000,0.000000,0.000000,0.002147,0.005024,0.006633,0.006263,0.005165,0.003811,0.001863,-0.001137,-0.004788,-0.007667,-0.008514,-0.007050,-0.004450,-0.002050,-0.000238,0.001149,0.002204,0.002984,0.003681,0.004368,0.005108,0.005924,0.006674,0.007268,0.007783,0.008274,0.008710,0.009065,0.009205,0.009031,0.008468,0.007400,0.005735,0.003282,-0.000147,-0.004620,-0.010146,-0.016472,-0.022695,-0.027478,-0.029833,-0.029401,-0.026216,-0.020804,-0.014337,-0.008181,-0.003067,0.000869,0.003714,0.005686,0.006956,0.007619,0.007747,0.007461,0.006950,0.006440,0.006031,0.005759,0.005688,0.005797,0.005914,0.005950,0.005754,0.005109,0.003758,0.001372,-0.002236,-0.006812,-0.011135,-0.013126,-0.011387,-0.006368,0.000134,0.006051,0.009237,0.008979,0.006915,0.005064,0.004002,0.002638,0.001372,0.000000,0.000000,0.000000,0.000000,0.000000,0.000000,0.000000,0.000000,0.000000,0.000000,0.000000
0.000000,0.000000,0.000000,0.000000,0.000000,0.000000,0.000000,0.000000,0.000000,0.000000,0.000000,0.000000,0.002490,0.004566,0.005434,0.005076,0.003961,0.001863,-0.001388,-0.005161,-0.007903,-0.008185,-0.006129,-0.003188,-0.000769,0.000845,0.001992,0.002899,0.003584,0.004165,0.004749,0.005436,0.006219,0.006978,0.007674,0.008349,0.008990,0.009599,0.010140,0.010406,0.010325,0.009824,0.008799,0.007158,0.004667,0.001042,-0.003930,-0.010416,-0.018118,-0.025655,-0.031229,-0.033870,-0.033423,-0.029848,-0.023460,-0.015569,-0.008057,-0.002053,0.002313,0.005309,0.007275,0.008428,0.008936,0.008861,0.008319,0.007520,0.006745,0.006133,0.005709,0.005628,0.005922,0.006360,0.006824,0.007155,0.007023,0.006080,0.003916,0.000170,-0.005137,-0.010599,-0.013802,-0.013069,-0.008647,-0.002058,0.004532,0.008678,0.009173,0.007186,0.004906,0.002908,0.001572,0.000000,0.000000,0.000000,0.000000,0.000000,0.000000,0.000000,0.000000,0.000000,0.000000,0.000000,0.000000
0.000000,0.000000,0.000000,0.000000,0.000000,0.000000,0.000000,0.000000,0.000000,0.000000,0.000000,0.000000,0.000000,0.002237,0.003777,0.004215,0.003305,0.001221,-0.001920,-0.005406,-0.007650,-0.007354,-0.004816,-0.001855,0.000295,0.001677,0.002683,0.003463,0.004027,0.004463,0.004944,0.005552,0.006270,0.007107,0.008008,0.008872,0.009673,0.010479,0.011184,0.011573,0.011585,0.011138,0.010156,0.008533,0.005995,0.002200,-0.003235,-0.010678,-0.019702,-0.028388,-0.034622,-0.037529,-0.037047,-0.033136,-0.025966,-0.016793,-0.007928,-0.001016,0.003790,0.006948,0.008907,0.009971,0.010304,0.009979,0.009133,0.007998,0.006870,0.005978,0.005351,0.005161,0.005568,0.006410,0.007451,0.008398,0.008865,0.008422,0.006634,0.002899,-0.002983,-0.009382,-0.013560,-0.013747,-0.010034,-0.003943,0.002539,0.007013,0.008085,0.006483,0.003771,0.001720,0.000000,0.000000,0.000000,0.000000,0.000000,0.000000,0.000000,0.000000,0.000000,0.000000,0.000000,0.000000,0.000000
0.000000,0.000000,0.000000,0.000000,0.000000,0.000000,0.000000,0.000000,0.000000,0.000000,0.000000,0.000000,0.000000,0.000000,0.001883,0.002725,0.002326,0.000461,-0.002383,-0.005319,-0.006957,-0.006203,-0.003655,-0.001031,0.000696,0.001904,0.003057,0.003935,0.004375,0.004616,0.004922,0.005413,0.006127,0.007122,0.008226,0.009267,0.010274,0.011282,0.012122,0.012604,0.012682,0.012271,0.011340,0.009725,0.007118,0.003139,-0.002726,-0.010977,-0.020996,-0.030513,-0.037388,-0.040700,-0.040144,-0.035747,-0.027919,-0.017833,-0.007873,-0.000115,0.005148,0.008495,0.010471,0.011429,0.011581,0.010995,0.009846,0.008355,0.006749,0.005372,0.004438,0.004155,0.004705,0.006018,0.007713,0.009347,0.010497,0.010663,0.009210,0.005484,-0.000708,-0.007751,-0.012644,-0.013470,-0.010459,-0.005087,0.000658,0.004810,0.006052,0.004515,0.002029,0.000000,0.000000,0.000000,0.000000,0.000000,0.000000,0.000000,0.000000,0.000000,0.000000,0.000000,0.000000,0.000000,0.000000
0.000000,0.000000,0.000000,0.000000,0.000000,0.000000,0.000000,0.000000,0.000000,0.000000,0.000000,0.000000,0.000000,0.000000,0.000000,0.001483,0.001265,-0.000099,-0.002486,-0.004787,-0.005866,-0.005001,-0.002872,-0.000994,0.000337,0.001735,0.003281,0.004334,0.004613,0.004499,0.004489,0.004833,0.005621,0.006834,0.008178,0.009487,0.010786,0.012001,0.012932,0.013489,0.013614,0.013202,0.012251,0.010612,0.007905,0.003730,-0.002469,-0.011187,-0.021632,-0.031587,-0.039168,-0.043145,-0.042472,-0.037321,-0.028851,-0.018310,-0.007781,0.000556,0.006223,0.009779,0.011831,0.012808,0.012840,0.012011,0.010553,0.008678,0.006478,0.004377,0.002910,0.002401,0.003051,0.004887,0.007381,0.009857,0.011831,0.012589,0.011453,0.007804,0.001400,-0.006031,-0.011394,-0.012768,-0.010278,-0.005674,-0.000752,0.002763,0.003598,0.002219,0.000000,0.000000,0.000000,0.000000,0.000000,0.000000,0.000000,0.000000,0.000000,0.000000,0.000000,0.000000,0.000000,0.000000,0.000000
0.000000,0.000000,0.000000,0.000000,0.000000,0.000000,0.000000,0.000000,0.000000,0.000000,0.000000,0.000000,0.000000,0.000000,0.000000,0.000000,0.000938,-0.000365,-0.002164,-0.003956,-0.004711,-0.004067,-0.002677,-0.001553,-0.000367,0.001639,0.003750,0.004730,0.004592,0.004034,0.003669,0.003896,0.004838,0.006348,0.008056,0.009767,0.011348,0.012637,0.013599,0.014232,0.014371,0.013887,0.012853,0.011107,0.008257,0.003896,-0.002474,-0.011237,-0.021591,-0.031714,-0.040118,-0.044959,-0.044124,-0.037969,-0.028803,-0.018156,-0.007586,0.000979,0.006960,0.010782,0.012997,0.014005,0.014020,0.013034,0.011232,0.008954,0.006197,0.003239,0.000861,-0.000196,0.000526,0.003014,0.006494,0.009978,0.012762,0.014140,0.013353,0.009666,0.003117,-0.004503,-0.010196,-0.011931,-0.009923,-0.005787,-0.001521,0.001249,0.001851,0.000000,0.000000,0.000000,0.000000,0.000000,0.000000,0.000000,0.000000,0.000000,0.000000,0.000000,0.000000,0.000000,0.000000,0.000000,0.000000
0.000000,0.000000,0.000000,0.000000,0.000000,0.000000,0.000000,0.000000,0.000000,0.000000,0.000000,0.000000,0.000000,0.000000,0.000000,0.000000,0.000000,0.000301,-0.001639,-0.003022,-0.003799,-0.003601,-0.003005,-0.002302,-0.000800,0.001956,0.004499,0.005173,0.004298,0.002991,0.002181,0.002406,0.003635,0.005545,0.007733,0.009888,0.011690,0.013067,0.014125,0.014800,0.014860,0.014275,0.013125,0.011241,0.008227,0.003745,-0.002588,-0.011057,-0.021006,-0.031161,-0.040369,-0.046084,-0.045067,-0.037873,-0.027978,-0.017386,-0.007157,0.001299,0.007435,0.011489,0.013887,0.015011,0.015085,0.014087,0.012039,0.009298,0.005872,0.001879,-0.001754,-0.003681,-0.002972,0.000314,0.004983,0.009642,0.013283,0.015083,0.014565,0.011050,0.004436,-0.003304,-0.009127,-0.011083,-0.009217,-0.005388,-0.001640,0.000833,0.000000,0.000000,0.000000,0.000000,0.000000,0.000000,0.000000,0.000000,0.000000,0.000000,0.000000,0.000000,0.000000,0.000000,0.000000,0.000000,0.000000
0.000000,0.000000,0.000000,0.000000,0.000000,0.000000,0.000000,0.000000,0.000000,0.000000,0.000000,0.000000,0.000000,0.000000,0.000000,0.000000,0.000000,0.000000,-0.000110,-0.002139,-0.002963,-0.003379,-0.003366,-0.002787,-0.000829,0.002411,0.004998,0.005151,0.003417,0.001298,0.000024,0.000303,0.002079,0.004712,0.007526,0.010079,0.012080,0.013549,0.014663,0.015255,0.015107,0.014372,0.013102,0.011031,0.007919,0.003452,-0.002651,-0.010582,-0.019943,-0.029918,-0.039671,-0.046028,-0.044846,-0.036848,-0.026465,-0.016085,-0.006404,0.001661,0.007745,0.011971,0.014580,0.015821,0.016053,0.015260,0.013222,0.010114,0.005940,0.000793,-0.004222,-0.007266,-0.006942,-0.003221,0.002591,0.008547,0.013066,0.015262,0.014928,0.011484,0.005079,-0.002491,-0.008172,-0.009873,-0.007933,-0.004294,-0.000274,0.000000,0.000000,0.000000,0.000000,0.000000,0.000000,0.000000,0.000000,0.000000,0.000000,0.000000,0.000000,0.000000,0.000000,0.000000,0.000000,0.000000,0.000000
0.000000,0.000000,0.000000,0.000000,0.000000,0.000000,0.000000,0.000000,0.000000,0.000000,0.000000,0.000000,0.000000,0.000000,0.000000,0.000000,0.000000,0.000000,0.000000,-0.000153,-0.002121,-0.002709,-0.003155,-0.002529,-0.000384,0.002811,0.004907,0.004370,0.001906,-0.000768,-0.002385,-0.001953,0.000434,0.003892,0.007388,0.010249,0.012383,0.013953,0.014998,0.015390,0.015072,0.014254,0.012818,0.010557,0.007423,0.003074,-0.002701,-0.010021,-0.018673,-0.028277,-0.038271,-0.044994,-0.043659,-0.035127,-0.024526,-0.014531,-0.005482,0.002066,0.007944,0.012191,0.014972,0.016433,0.016804,0.016232,0.014416,0.011150,0.006339,0.000139,-0.006235,-0.010337,-0.010578,-0.006983,-0.000581,0.006621,0.012158,0.014747,0.014362,0.011021,0.004830,-0.002025,-0.006945,-0.007800,-0.005813,-0.001201,0.000000,0.000000,0.000000,0.000000,0.000000,0.000000,0.000000,0.000000,0.000000,0.000000,0.000000,0.000000,0.000000,0.000000,0.000000,0.000000,0.000000,0.000000,0.000000
0.000000,0.000000,0.000000,0.000000,0.000000,0.000000,0.000000,0.000000,0.000000,0.000000,0.000000,0.000000,0.000000,0.000000,0.000000,0.000000,0.000000,0.000000,0.000000,0.000000,-0.000038,-0.001631,-0.002146,-0.001776,0.000174,0.002827,0.004318,0.003165,0.000280,-0.002707,-0.004412,-0.003784,-0.000887,0.003284,0.007364,0.010515,0.012776,0.014284,0.015078,0.015214,0.014772,0.013841,0.012230,0.009857,0.006831,0.002719,-0.002694,-0.009355,-0.017248,-0.026381,-0.036389,-0.043323,-0.041830,-0.032948,-0.022370,-0.012838,-0.004465,0.002569,0.008166,0.012286,0.015121,0.016749,0.017268,0.016904,0.015427,0.012348,0.007227,0.000088,-0.007390,-0.012431,-0.013347,-0.010281,-0.003952,0.003901,0.010304,0.013361,0.012967,0.009345,0.003635,-0.001910,-0.004792,-0.004834,-0.001572,0.000000,0.000000,0.000000,0.000000,0.000000,0.000000,0.000000,0.000000,0.000000,0.000000,0.000000,0.000000,0.000000,0.000000,0.000000,0.000000,0.000000,0.000000,0.000000,0.000000
0.000000,0.000000,0.000000,0.000000,0.000000,0.000000,0.000000,0.000000,0.000000,0.000000,0.000000,0.000000,0.000000,0.000000,0.000000,0.000000,0.000000,0.000000,0.000000,0.000000,0.000000,0.000469,-0.000476,-0.001165,0.000460,0.002399,0.003153,0.001795,-0.000974,-0.003887,-0.005572,-0.004973,-0.001815,0.002963,0.007442,0.010701,0.012948,0.014330,0.014867,0.014782,0.014215,0.013131,0.011330,0.008971,0.006144,0.002261,-0.002651,-0.008546,-0.015621,-0.024096,-0.033910,-0.040907,-0.039270,-0.030230,-0.019928,-0.011028,-0.003377,0.003031,0.008230,0.012042,0.014762,0.016558,0.017276,0.017118,0.015948,0.013146,0.007994,0.000414,-0.007765,-0.013393,-0.014729,-0.012103,-0.006428,0.001152,0.007679,0.010953,0.010615,0.007343,0.002331,-0.001922,-0.001727,-0.000329,0.000000,0.000000,0.000000,0.000000,0.000000,0.000000,0.000000,0.000000,0.000000,0.000000,0.000000,0.000000,0.000000,0.000000,0.000000,0.000000,0.000000,0.000000,0.000000,0.000000,0.000000
0.000000,0.000000,0.000000,0.000000,0.000000,0.000000,0.000000,0.000000,0.000000,0.000000,0.000000,0.000000,0.000000,0.000000,0.000000,0.000000,0.000000,0.000000,0.000000,0.000000,0.000000,0.000000,0.000000,0.000303,0.000270,0.001491,0.001880,0.000711,-0.001697,-0.004269,-0.005929,-0.005596,-0.002589,0.002318,0.007159,0.010618,0.012676,0.013764,0.014154,0.013997,0.013367,0.012153,0.010267,0.007972,0.005290,0.001660,-0.002629,-0.007572,-0.013745,-0.021483,-0.030925,-0.037844,-0.036100,-0.027126,-0.017316,-0.009120,-0.002271,0.003426,0.008168,0.011673,0.014196,0.015965,0.016768,0.016680,0.015593,0.013008,0.008244,0.000907,-0.007337,-0.013036,-0.014329,-0.011907,-0.006953,-0.000525,0.005294,0.008543,0.008110,0.005223,0.001125,-0.000208,0.000000,0.000000,0.000000,0.000000,0.000000,0.000000,0.000000,0.000000,0.000000,0.000000,0.000000,0.000000,0.000000,0.000000,0.000000,0.000000,0.000000,0.000000,0.000000,0.000000,0.000000,0.000000,0.000000
0.000000,0.000000,0.000000,0.000000,0.000000,0.000000,0.000000,0.000000,0.000000,0.000000,0.000000,0.000000,0.000000,0.000000,0.000000,0.000000,0.000000,0.000000,0.000000,0.000000,0.000000,0.000000,0.000000,0.000000,0.000940,0.000826,0.000896,0.000155,-0.001577,-0.003711,-0.005393,-0.005550,-0.003034,0.001531,0.006366,0.009930,0.011836,0.012719,0.013053,0.012846,0.012139,0.010841,0.008914,0.006714,0.004159,0.000834,-0.002542,-0.006336,-0.011598,-0.018608,-0.027615,-0.034344,-0.032531,-0.023825,-0.014677,-0.007216,-0.001173,0.003636,0.007765,0.010872,0.013065,0.014703,0.015523,0.015455,0.014404,0.012000,0.007672,0.001026,-0.006473,-0.011602,-0.012521,-0.010028,-0.005638,-0.000400,0.003909,0.005870,0.005206,0.002281,0.001269,0.000000,0.000000,0.000000,0.000000,0.000000,0.000000,0.000000,0.000000,0.000000,0.000000,0.000000,0.000000,0.000000,0.000000,0.000000,0.000000,0.000000,0.000000,0.000000,0.000000,0.000000,0.000000,0.000000,0.000000
0.000000,0.000000,0.000000,0.000000,0.000000,0.000000,0.000000,0.000000,0.000000,0.000000,0.000000,0.000000,0.000000,0.000000,0.000000,0.000000,0.000000,0.000000,0.000000,0.000000,0.000000,0.000000,0.000000,0.000000,0.000000,0.000000,0.001129,0.000399,-0.000907,-0.002494,-0.004183,-0.004859,-0.003262,0.000395,0.004864,0.008275,0.010093,0.010960,0.011368,0.011274,0.010676,0.009515,0.007710,0.005429,0.002750,-0.000234,-0.002562,-0.005041,-0.009204,-0.015395,-0.023889,-0.030295,-0.028496,-0.020273,-0.011940,-0.005377,-0.000224,0.003629,0.007041,0.009756,0.011589,0.012911,0.013606,0.013479,0.012388,0.010020,0.006128,0.000584,-0.005465,-0.009516,-0.009772,-0.007216,-0.003339,0.000320,0.003117,0.002791,0.002314,0.000000,0.000000,0.000000,0.000000,0.000000,0.000000,0.000000,0.000000,0.000000,0.000000,0.000000,0.000000,0.000000,0.000000,0.000000,0.000000,0.000000,0.000000,0.000000,0.000000,0.000000,0.000000,0.000000,0.000000,0.000000,0.000000
0.000000,0.000000,0.000000,0.000000,0.000000,0.000000,0.000000,0.000000,0.000000,0.000000,0.000000,0.000000,0.000000,0.000000,0.000000,0.000000,0.000000,0.000000,0.000000,0.000000,0.000000,0.000000,0.000000,0.000000,0.000000,0.000000,0.000000,0.000000,0.000850,-0.000530,-0.002662,-0.003451,-0.002923,-0.000428,0.003146,0.006128,0.007851,0.008793,0.009226,0.009276,0.009016,0.008103,0.006282,0.003816,0.001055,-0.001463,-0.002629,-0.003601,-0.006436,-0.011775,-0.019678,-0.025666,-0.023970,-0.016476,-0.009131,-0.003620,0.000405,0.003167,0.005845,0.008162,0.009742,0.010885,0.011400,0.011015,0.009753,0.007549,0.004208,-0.000125,-0.004375,-0.007011,-0.006564,-0.004122,-0.001052,0.000932,0.002010,0.000000,0.000000,0.000000,0.000000,0.000000,0.000000,0.000000,0.000000,0.000000,0.000000,0.000000,0.000000,0.000000,0.000000,0.000000,0.000000,0.000000,0.000000,0.000000,0.000000,0.000000,0.000000,0.000000,0.000000,0.000000,0.000000,0.000000,0.000000
0.000000,0.000000,0.000000,0.000000,0.000000,0.000000,0.000000,0.000000,0.000000,0.000000,0.000000,0.000000,0.000000,0.000000,0.000000,0.000000,0.000000,0.000000,0.000000,0.000000,0.000000,0.000000,0.000000,0.000000,0.000000,0.000000,0.000000,0.000000,0.000000,0.000000,0.000317,-0.001025,-0.002357,-0.000710,0.001593,0.004019,0.005578,0.006378,0.006795,0.007051,0.007126,0.006683,0.005283,0.002815,0.000013,-0.001980,-0.002187,-0.001940,-0.003545,-0.008013,-0.015171,-0.020524,-0.019044,-0.012534,-0.006373,-0.002103,0.000723,0.002514,0.004499,0.006411,0.007662,0.008417,0.008573,0.007992,0.006678,0.004839,0.002228,-0.000800,-0.003512,-0.004417,-0.003749,-0.000898,0.000881,0.000000,0.000000,0.000000,0.000000,0.000000,0.000000,0.000000,0.000000,0.000000,0.000000,0.000000,0.000000,0.000000,0.000000,0.000000,0.000000,0.000000,0.000000,0.000000,0.000000,0.000000,0.000000,0.000000,0.000000,0.000000,0.000000,0.000000,0.000000,0.000000,0.000000
0.000000,0.000000,0.000000,0.000000,0.000000,0.000000,0.000000,0.000000,0.000000,0.000000,0.000000,0.000000,0.000000,0.000000,0.000000,0.000000,0.000000,0.000000,0.000000,0.000000,0.000000,0.000000,0.000000,0.000000,0.000000,0.000000,0.000000,0.000000,0.000000,0.000000,0.000000,0.000000,0.000291,-0.000222,0.000105,0.001851,0.003311,0.004372,0.004932,0.005208,0.005428,0.005473,0.004391,0.002133,-0.000463,-0.002049,-0.001576,-0.000410,-0.001006,-0.004568,-0.010593,-0.014928,-0.013756,-0.008497,-0.003630,-0.000682,0.000842,0.001686,0.003113,0.004690,0.005672,0.006162,0.005997,0.005386,0.004105,0.002453,0.000677,-0.000932,-0.002613,-0.001353,0.000042,0.000000,0.000000,0.000000,0.000000,0.000000,0.000000,0.000000,0.000000,0.000000,0.000000,0.000000,0.000000,0.000000,0.000000,0.000000,0.000000,0.000000,0.000000,0.000000,0.000000,0.000000,0.000000,0.000000,0.000000,0.000000,0.000000,0.000000,0.000000,0.000000,0.000000,0.000000,0.000000
0.000000,0.000000,0.000000,0.000000,0.000000,0.000000,0.000000,0.000000,0.000000,0.000000,0.000000,0.000000,0.000000,0.000000,0.000000,0.000000,0.000000,0.000000,0.000000,0.000000,0.000000,0.000000,0.000000,0.000000,0.000000,0.000000,0.000000,0.000000,0.000000,0.000000,0.000000,0.000000,0.000000,0.000000,0.000834,0.001039,0.001500,0.002144,0.002503,0.002697,0.003002,0.003853,0.003750,0.002046,-0.000200,-0.001382,-0.000736,0.000627,0.000622,-0.001921,-0.006226,-0.009214,-0.008401,-0.004762,-0.001351,0.000466,0.001055,0.001343,0.002330,0.003633,0.004250,0.004037,0.003261,0.002682,0.001715,0.000248,0.000254,0.000265,0.000220,0.000000,0.000000,0.000000,0.000000,0.000000,0.000000,0.000000,0.000000,0.000000,0.000000,0.000000,0.000000,0.000000,0.000000,0.000000,0.000000,0.000000,0.000000,0.000000,0.000000,0.000000,0.000000,0.000000,0.000000,0.000000,0.000000,0.000000,0.000000,0.000000,0.000000,0.000000,0.000000,0.000000,0.000000
0.000000,0.000000,0.000000,0.000000,0.000000,0.000000,0.000000,0.000000,0.000000,0.000000,0.000000,0.000000,0.000000,0.000000,0.000000,0.000000,0.000000,0.000000,0.000000,0.000000,0.000000,0.000000,0.000000,0.000000,0.000000,0.000000,0.000000,0.000000,0.000000,0.000000,0.000000,0.000000,0.000000,0.000000,0.000000,0.000000,0.000000,0.001392,0.001235,0.001244,0.001390,0.002197,0.002959,0.001550,0.000025,-0.000723,-0.000223,0.000750,0.000973,-0.000342,-0.002433,-0.003777,-0.003519,-0.001781,-0.000037,0.000663,0.000720,0.000686,0.001244,0.002155,0.002833,0.002002,0.001359,0.001227,0.000927,0.000791,0.000000,0.000000,0.000000,0.000000,0.000000,0.000000,0.000000,0.000000,0.000000,0.000000,0.000000,0.000000,0.000000,0.000000,0.000000,0.000000,0.000000,0.000000,0.000000,0.000000,0.000000,0.000000,0.000000,0.000000,0.000000,0.000000,0.000000,0.000000,0.000000,0.000000,0.000000,0.000000,0.000000,0.000000,0.000000,0.000000,0.000000
0.000000,0.000000,0.000000,0.000000,0.000000,0.000000,0.000000,0.000000,0.000000,0.000000,0.000000,0.000000,0.000000,0.000000,0.000000,0.000000,0.000000,0.000000,0.000000,0.000000,0.000000,0.000000,0.000000,0.000000,0.000000,0.000000,0.000000,0.000000,0.000000,0.000000,0.000000,0.000000,0.000000,0.000000,0.000000,0.000000,0.000000,0.000000,0.000000,0.000000,0.000000,0.000000,0.001785,0.001157,0.000670,0.000554,0.000675,0.000946,0.001015,0.000816,0.000348,-0.000497,0.000101,0.000568,0.000831,0.000957,0.000790,0.000725,0.000813,0.001223,0.001654,0.000000,0.000000,0.000000,0.000000,0.000000,0.000000,0.000000,0.000000,0.000000,0.000000,0.000000,0.000000,0.000000,0.000000,0.000000,0.000000,0.000000,0.000000,0.000000,0.000000,0.000000,0.000000,0.000000,0.000000,0.000000,0.000000,0.000000,0.000000,0.000000,0.000000,0.000000,0.000000,0.000000,0.000000,0.000000,0.000000,0.000000,0.000000,0.000000,0.000000,0.000000,0.000000
0.000000,0.000000,0.000000,0.000000,0.000000,0.000000,0.000000,0.000000,0.000000,0.000000,0.000000,0.000000,0.000000,0.000000,0.000000,0.000000,0.000000,0.000000,0.000000,0.000000,0.000000,0.000000,0.000000,0.000000,0.000000,0.000000,0.000000,0.000000,0.000000,0.000000,0.000000,0.000000,0.000000,0.000000,0.000000,0.000000,0.000000,0.000000,0.000000,0.000000,0.000000,0.000000,0.000000,0.000000,0.000000,0.000000,0.000000,0.000000,0.000000,0.000000,0.000000,0.001243,0.000000,0.000000,0.000000,0.000000,0.000000,0.000000,0.000000,0.000000,0.000000,0.000000,0.000000,0.000000,0.000000,0.000000,0.000000,0.000000,0.000000,0.000000,0.000000,0.000000,0.000000,0.000000,0.000000,0.000000,0.000000,0.000000,0.000000,0.000000,0.000000,0.000000,0.000000,0.000000,0.000000,0.000000,0.000000,0.000000,0.000000,0.000000,0.000000,0.000000,0.000000,0.000000,0.000000,0.000000,0.000000,0.000000,0.000000,0.000000,0.000000,0.000000,0.000000
0.000000,0.000000,0.000000,0.000000,0.000000,0.000000,0.000000,0.000000,0.000000,0.000000,0.000000,0.000000,0.000000,0.000000,0.000000,0.000000,0.000000,0.000000,0.000000,0.000000,0.000000,0.000000,0.000000,0.000000,0.000000,0.000000,0.000000,0.000000,0.000000,0.000000,0.000000,0.000000,0.000000,0.000000,0.000000,0.000000,0.000000,0.000000,0.000000,0.000000,0.000000,0.000000,0.000000,0.000000,0.000000,0.000000,0.000000,0.000000,0.000000,0.000000,0.000000,0.000000,0.000000,0.000000,0.000000,0.000000,0.000000,0.000000,0.000000,0.000000,0.000000,0.000000,0.000000,0.000000,0.000000,0.000000,0.000000,0.000000,0.000000,0.000000,0.000000,0.000000,0.000000,0.000000,0.000000,0.000000,0.000000,0.000000,0.000000,0.000000,0.000000,0.000000,0.000000,0.000000,0.000000,0.000000,0.000000,0.000000,0.000000,0.000000,0.000000,0.000000,0.000000,0.000000,0.000000,0.000000,0.000000,0.000000,0.000000,0.000000,0.000000,0.000000,0.000000
