0.000000,0.000000,0.000000,0.000000,0.000000,0.000000,0.000000,0.000000,0.000000,0.000000,0.000000,0.000000,0.000000,0.000000,0.000000,0.000000,0.000000,0.000000,0.000000,0.000000,0.000000,0.000000,0.000000,0.000000,0.000000,0.000000,0.000000,0.000000,0.000000,0.000000,0.000000,0.000000,0.000000,0.000000,0.000000,0.000000,0.000000,0.000000,0.000000,0.000000,0.000000,0.000000,0.000000,0.000000,0.000000,0.000000,0.000000,0.000000,0.000000,0.000000,0.000000,0.000000,0.000000,0.000000,0.000000,0.000000,0.000000,0.000000,0.000000,0.000000,0.000000,0.000000,0.000000,0.000000,0.000000,0.000000,0.000000,0.000000,0.000000,0.000000,0.000000,0.000000,0.000000,0.000000,0.000000,0.000000,0.000000,0.000000,0.000000,0.000000,0.000000,0.000000,0.000000,0.000000,0.000000,0.000000,0.000000,0.000000,0.000000,0.000000,0.000000,0.000000,0.000000,0.000000,0.000000,0.000000,0.000000,0.000000,0.000000,0.000000,0.000000,0.000000,0.000000
0.000000,0.000000,0.000000,0.000000,0.000000,0.000000,0.000000,0.000000,0.000000,0.000000,0.000000,0.000000,0.000000,0.000000,0.000000,0.000000,0.000000,0.000000,0.000000,0.000000,0.000000,0.000000,0.000000,0.000000,0.000000,0.000000,0.000000,0.000000,0.000000,0.000000,0.000000,0.000000,0.000000,0.000000,0.000000,0.000000,0.000000,0.000000,0.000000,0.000000,0.000000,0.000000,0.000000,0.000000,0.000000,0.000000,0.000000,0.000000,0.000000,0.000000,0.000000,-0.001546,0.000000,0.000000,0.000000,0.000000,0.000000,0.000000,0.000000,0.000000,0.000000,0.000000,0.000000,0.000000,0.000000,0.000000,0.000000,0.000000,0.000000,0.000000,0.000000,0.000000,0.000000,0.000000,0.000000,0.000000,0.000000,0.000000,0.000000,0.000000,0.000000,0.000000,0.000000,0.000000,0.000000,0.000000,0.000000,0.000000,0.000000,0.000000,0.000000,0.000000,0.000000,0.000000,0.000000,0.000000,0.000000,0.000000,0.000000,0.000000,0.000000,0.000000,0.000000
0.000000,0.000000,0.000000,0.000000,0.000000,0.000000,0.000000,0.000000,0.000000,0.000000,0.000000,0.000000,0.000000,0.000000,0.000000,0.000000,0.000000,0.000000,0.000000,0.000000,0.000000,0.000000,0.000000,0.000000,0.000000,0.000000,0.000000,0.000000,0.000000,0.000000,0.000000,0.000000,0.000000,0.000000,0.000000,0.000000,0.000000,0.000000,0.000000,0.000000,0.000000,0.000000,-0.001943,-0.001481,-0.001027,-0.000864,-0.000817,-0.000923,-0.000944,-0.000848,-0.000406,0.000487,-0.000320,-0.000820,-0.000896,-0.000878,-0.000753,-0.000856,-0.001025,-0.001429,-0.001800,0.000000,0.000000,0.000000,0.000000,0.000000,0.000000,0.000000,0.000000,0.000000,0.000000,0.000000,0.000000,0.000000,0.000000,0.000000,0.000000,0.000000,0.000000,0.000000,0.000000,0.000000,0.000000,0.000000,0.000000,0.000000,0.000000,0.000000,0.000000,0.000000,0.000000,0.000000,0.000000,0.000000,0.000000,0.000000,0.000000,0.000000,0.000000,0.000000,0.000000,0.000000,0.000000
0.000000,0.000000,0.000000,0.000000,0.000000,0.000000,0.000000,0.000000,0.000000,0.000000,0.000000,0.000000,0.000000,0.000000,0.000000,0.000000,0.000000,0.000000,0.000000,0.000000,0.000000,0.000000,0.000000,0.000000,0.000000,0.000000,0.000000,0.000000,0.000000,0.000000,0.000000,0.000000,0.000000,0.000000,0.000000,0.000000,0.000000,-0.001194,-0.000991,-0.001427,-0.001486,-0.002029,-0.002992,-0.002523,-0.001633,-0.000633,0.000152,0.000311,0.000146,0.000881,0.002421,0.003380,0.002889,0.001259,0.000255,0.000366,0.000292,-0.000456,-0.001553,-0.002539,-0.003096,-0.002152,-0.001483,-0.001377,-0.000810,-0.000900,0.000000,0.000000,0.000000,0.000000,0.000000,0.000000,0.000000,0.000000,0.000000,0.000000,0.000000,0.000000,0.000000,0.000000,0.000000,0.000000,0.000000,0.000000,0.000000,0.000000,0.000000,0.000000,0.000000,0.000000,0.000000,0.000000,0.000000,0.000000,0.000000,0.000000,0.000000,0.000000,0.000000,0.000000,0.000000,0.000000,0.000000
0.000000,0.000000,0.000000,0.000000,0.000000,0.000000,0.000000,0.000000,0.000000,0.000000,0.000000,0.000000,0.000000,0.000000,0.000000,0.000000,0.000000,0.000000,0.000000,0.000000,0.000000,0.000000,0.000000,0.000000,0.000000,0.000000,0.000000,0.000000,0.000000,0.000000,0.000000,0.000000,0.000000,0.000000,-0.000382,-0.000275,-0.000002,0.000469,-0.001204,-0.002202,-0.002937,-0.004072,-0.004788,-0.004322,-0.003053,-0.001561,-0.000026,0.000751,0.001263,0.002975,0.006224,0.008404,0.006894,0.003558,0.001519,0.000930,0.000255,-0.001317,-0.003028,-0.004371,-0.004869,-0.004130,-0.002890,-0.002036,-0.000833,0.000948,0.000185,-0.000056,-0.000363,0.000000,0.000000,0.000000,0.000000,0.000000,0.000000,0.000000,0.000000,0.000000,0.000000,0.000000,0.000000,0.000000,0.000000,0.000000,0.000000,0.000000,0.000000,0.000000,0.000000,0.000000,0.000000,0.000000,0.000000,0.000000,0.000000,0.000000,0.000000,0.000000,0.000000,0.000000,0.000000,0.000000,0.000000
0.000000,0.000000,0.000000,0.000000,0.000000,0.000000,0.000000,0.000000,0.000000,0.000000,0.000000,0.000000,0.000000,0.000000,0.000000,0.000000,0.000000,0.000000,0.000000,0.000000,0.000000,0.000000,0.000000,0.000000,0.000000,0.000000,0.000000,0.000000,0.000000,0.000000,0.000000,0.000000,-0.000222,0.001730,0.003310,0.001530,0.000064,-0.001681,-0.003296,-0.004780,-0.005659,-0.006286,-0.006322,-0.005425,-0.003952,-0.002105,0.000078,0.001672,0.003143,0.005955,0.010554,0.013538,0.011367,0.006651,0.003475,0.001879,0.000304,-0.001997,-0.004179,-0.005797,-0.006782,-0.006691,-0.005721,-0.004504,-0.002519,-0.000679,0.000966,0.002300,0.004108,0.001911,-0.000356,0.000000,0.000000,0.000000,0.000000,0.000000,0.000000,0.000000,0.000000,0.000000,0.000000,0.000000,0.000000,0.000000,0.000000,0.000000,0.000000,0.000000,0.000000,0.000000,0.000000,0.000000,0.000000,0.000000,0.000000,0.000000,0.000000,0.000000,0.000000,0.000000,0.000000,0.000000,0.000000
0.000000,0.000000,0.000000,0.000000,0.000000,0.000000,0.000000,0.000000,0.000000,0.000000,0.000000,0.000000,0.000000,0.000000,0.000000,0.000000,0.000000,0.000000,0.000000,0.000000,0.000000,0.000000,0.000000,0.000000,0.000000,0.000000,0.000000,0.000000,0.000000,0.000000,-0.001463,0.001177,0.004698,0.005416,0.004536,0.001777,-0.001031,-0.003632,-0.005544,-0.007284,-0.008361,-0.008810,-0.008606,-0.007344,-0.005569,-0.003379,-0.000483,0.002238,0.005111,0.009251,0.014955,0.018523,0.015763,0.009892,0.005404,0.002351,-0.000405,-0.003509,-0.006108,-0.008019,-0.009365,-0.009468,-0.008623,-0.007026,-0.004609,-0.002187,0.000585,0.003786,0.006484,0.006386,0.004138,0.000349,-0.002053,0.000000,0.000000,0.000000,0.000000,0.000000,0.000000,0.000000,0.000000,0.000000,0.000000,0.000000,0.000000,0.000000,0.000000,0.000000,0.000000,0.000000,0.000000,0.000000,0.000000,0.000000,0.000000,0.000000,0.000000,0.000000,0.000000,0.000000,0.000000,0.000000,0.000000
0.000000,0.000000,0.000000,0.000000,0.000000,0.000000,0.000000,0.000000,0.000000,0.000000,0.000000,0.000000,0.000000,0.000000,0.000000,0.000000,0.000000,0.000000,0.000000,0.000000,0.000000,0.000000,0.000000,0.000000,0.000000,0.000000,0.000000,0.000000,-0.002546,-0.001263,0.001269,0.005019,0.008203,0.008639,0.005663,0.001644,-0.002403,-0.005956,-0.008647,-0.010488,-0.011331,-0.011282,-0.010506,-0.008794,-0.006753,-0.004235,-0.000926,0.002584,0.006708,0.012200,0.018883,0.022789,0.019569,0.012698,0.006866,0.002483,-0.001145,-0.004735,-0.007648,-0.009814,-0.011555,-0.012110,-0.011605,-0.010061,-0.007284,-0.003738,0.000365,0.005180,0.009282,0.010634,0.007760,0.003251,-0.001072,-0.002523,-0.002687,0.000000,0.000000,0.000000,0.000000,0.000000,0.000000,0.000000,0.000000,0.000000,0.000000,0.000000,0.000000,0.000000,0.000000,0.000000,0.000000,0.000000,0.000000,0.000000,0.000000,0.000000,0.000000,0.000000,0.000000,0.000000,0.000000,0.000000,0.000000
0.000000,0.000000,0.000000,0.000000,0.000000,0.000000,0.000000,0.000000,0.000000,0.000000,0.000000,0.000000,0.000000,0.000000,0.000000,0.000000,0.000000,0.000000,0.000000,0.000000,0.000000,0.000000,0.000000,0.000000,0.000000,0.000000,-0.002402,-0.003175,-0.004085,-0.001041,0.003553,0.008861,0.012466,0.012021,0.007396,0.001609,-0.003651,-0.008053,-0.011261,-0.013060,-0.013624,-0.013321,-0.012357,-0.010337,-0.007880,-0.004884,-0.001027,0.003237,0.008383,0.014842,0.022235,0.026278,0.022701,0.015108,0.008278,0.002826,-0.001626,-0.005791,-0.009168,-0.011733,-0.013756,-0.014458,-0.014005,-0.012356,-0.009071,-0.004327,0.001116,0.007209,0.012758,0.014704,0.011692,0.005783,-0.000539,-0.004744,-0.005604,-0.002832,-0.001942,0.000000,0.000000,0.000000,0.000000,0.000000,0.000000,0.000000,0.000000,0.000000,0.000000,0.000000,0.000000,0.000000,0.000000,0.000000,0.000000,0.000000,0.000000,0.000000,0.000000,0.000000,0.000000,0.000000,0.000000,0.000000,0.000000
0.000000,0.000000,0.000000,0.000000,0.000000,0.000000,0.000000,0.000000,0.000000,0.000000,0.000000,0.000000,0.000000,0.000000,0.000000,0.000000,0.000000,0.000000,0.000000,0.000000,0.000000,0.000000,0.000000,0.000000,-0.001078,-0.001262,-0.004510,-0.007065,-0.006309,-0.001555,0.005617,0.012294,0.016324,0.015277,0.009457,0.002167,-0.004395,-0.009661,-0.013345,-0.015338,-0.015832,-0.015222,-0.013801,-0.011379,-0.008488,-0.005013,-0.000707,0.004188,0.010136,0.017238,0.024987,0.029050,0.025207,0.017220,0.009760,0.003513,-0.001595,-0.006173,-0.009988,-0.012987,-0.015421,-0.016510,-0.016249,-0.014381,-0.010219,-0.004129,0.002729,0.009872,0.016072,0.018100,0.014570,0.007273,-0.001125,-0.007540,-0.009045,-0.006535,-0.002346,-0.000122,-0.000376,0.000000,0.000000,0.000000,0.000000,0.000000,0.000000,0.000000,0.000000,0.000000,0.000000,0.000000,0.000000,0.000000,0.000000,0.000000,0.000000,0.000000,0.000000,0.000000,0.000000,0.000000,0.000000,0.000000,0.000000
0.000000,0.000000,0.000000,0.000000,0.000000,0.000000,0.000000,0.000000,0.000000,0.000000,0.000000,0.000000,0.000000,0.000000,0.000000,0.000000,0.000000,0.000000,0.000000,0.000000,0.000000,0.000000,0.000000,0.000214,0.000890,-0.003171,-0.007750,-0.010741,-0.009143,-0.003015,0.005853,0.014134,0.018763,0.017796,0.011779,0.003704,-0.004080,-0.010521,-0.014794,-0.016920,-0.017323,-0.016449,-0.014741,-0.012043,-0.008688,-0.004753,0.000016,0.005468,0.011960,0.019401,0.027283,0.031309,0.027269,0.019113,0.011340,0.004550,-0.001144,-0.006189,-0.010423,-0.013809,-0.016409,-0.017687,-0.017543,-0.015429,-0.010415,-0.002944,0.005143,0.012588,0.018309,0.019602,0.015222,0.006398,-0.003705,-0.010755,-0.012502,-0.009889,-0.005018,-0.000568,0.002651,0.000949,0.000000,0.000000,0.000000,0.000000,0.000000,0.000000,0.000000,0.000000,0.000000,0.000000,0.000000,0.000000,0.000000,0.000000,0.000000,0.000000,0.000000,0.000000,0.000000,0.000000,0.000000,0.000000,0.000000
0.000000,0.000000,0.000000,0.000000,0.000000,0.000000,0.000000,0.000000,0.000000,0.000000,0.000000,0.000000,0.000000,0.000000,0.000000,0.000000,0.000000,0.000000,0.000000,0.000000,0.000000,-0.001247,0.000584,0.002365,0.000515,-0.004329,-0.010224,-0.013701,-0.012687,-0.006262,0.003842,0.013544,0.019261,0.019228,0.014031,0.005792,-0.003157,-0.010728,-0.015442,-0.017648,-0.018082,-0.017035,-0.015093,-0.012264,-0.008588,-0.004180,0.000992,0.006982,0.013868,0.021467,0.029409,0.033338,0.029146,0.020904,0.013030,0.005858,-0.000375,-0.005808,-0.010435,-0.014095,-0.016762,-0.018167,-0.018043,-0.015525,-0.009840,-0.001391,0.007552,0.014869,0.019301,0.019192,0.013481,0.003296,-0.007434,-0.014492,-0.016020,-0.012788,-0.007282,-0.000990,0.003304,0.004321,0.001180,-0.001068,0.000000,0.000000,0.000000,0.000000,0.000000,0.000000,0.000000,0.000000,0.000000,0.000000,0.000000,0.000000,0.000000,0.000000,0.000000,0.000000,0.000000,0.000000,0.000000,0.000000,0.000000
0.000000,0.000000,0.000000,0.000000,0.000000,0.000000,0.000000,0.000000,0.000000,0.000000,0.000000,0.000000,0.000000,0.000000,0.000000,0.000000,0.000000,0.000000,0.000000,0.000000,-0.001208,0.000071,0.001530,0.002485,0.000457,-0.005077,-0.011821,-0.015841,-0.015299,-0.009542,0.000491,0.010972,0.017810,0.019148,0.015196,0.007444,-0.001859,-0.009948,-0.015047,-0.017452,-0.018054,-0.017116,-0.015101,-0.012096,-0.008091,-0.003278,0.002315,0.008716,0.015829,0.023542,0.031569,0.035408,0.031032,0.022710,0.014795,0.007432,0.000843,-0.004940,-0.009830,-0.013718,-0.016424,-0.017770,-0.017413,-0.014559,-0.008570,0.000141,0.009099,0.015654,0.018588,0.016970,0.009958,-0.000685,-0.010872,-0.017075,-0.018050,-0.014696,-0.008512,-0.001403,0.003499,0.004775,0.003065,0.001019,-0.000858,0.000000,0.000000,0.000000,0.000000,0.000000,0.000000,0.000000,0.000000,0.000000,0.000000,0.000000,0.000000,0.000000,0.000000,0.000000,0.000000,0.000000,0.000000,0.000000,0.000000
0.000000,0.000000,0.000000,0.000000,0.000000,0.000000,0.000000,0.000000,0.000000,0.000000,0.000000,0.000000,0.000000,0.000000,0.000000,0.000000,0.000000,0.000000,0.000000,-0.001582,-0.001166,-0.000543,0.001336,0.002150,0.000216,-0.005038,-0.011673,-0.016070,-0.016223,-0.011657,-0.002971,0.007000,0.014510,0.017221,0.014790,0.008068,-0.000693,-0.008720,-0.013979,-0.016519,-0.017285,-0.016491,-0.014468,-0.011393,-0.007252,-0.002150,0.003791,0.010512,0.017793,0.025609,0.033706,0.037447,0.032905,0.024504,0.016555,0.009052,0.002175,-0.003873,-0.008915,-0.012827,-0.015426,-0.016588,-0.015994,-0.013011,-0.007287,0.001028,0.009298,0.014691,0.016181,0.013107,0.005511,-0.004544,-0.013271,-0.018267,-0.018774,-0.014930,-0.008075,-0.001430,0.002774,0.004018,0.003083,0.001040,-0.000001,-0.001352,0.000000,0.000000,0.000000,0.000000,0.000000,0.000000,0.000000,0.000000,0.000000,0.000000,0.000000,0.000000,0.000000,0.000000,0.000000,0.000000,0.000000,0.000000,0.000000
0.000000,0.000000,0.000000,0.000000,0.000000,0.000000,0.000000,0.000000,0.000000,0.000000,0.000000,0.000000,0.000000,0.000000,0.000000,0.000000,0.000000,0.000000,-0.001524,-0.002186,-0.002508,-0.001444,0.000307,0.001333,0.000110,-0.004243,-0.010615,-0.015073,-0.015608,-0.012345,-0.005617,0.002857,0.010235,0.013859,0.012811,0.007565,-0.000043,-0.007304,-0.012445,-0.015147,-0.016057,-0.015578,-0.013763,-0.010688,-0.006418,-0.001040,0.005279,0.012298,0.019745,0.027663,0.035720,0.039293,0.034690,0.026301,0.018312,0.010695,0.003591,-0.002717,-0.007899,-0.011826,-0.014303,-0.015133,-0.014199,-0.011280,-0.006115,0.001147,0.008213,0.012414,0.012625,0.008719,0.001379,-0.007203,-0.013995,-0.017678,-0.017726,-0.013763,-0.007129,-0.001366,0.001576,0.002510,0.002004,0.000760,-0.000569,-0.001326,-0.001813,0.000000,0.000000,0.000000,0.000000,0.000000,0.000000,0.000000,0.000000,0.000000,0.000000,0.000000,0.000000,0.000000,0.000000,0.000000,0.000000,0.000000,0.000000
0.000000,0.000000,0.000000,0.000000,0.000000,0.000000,0.000000,0.000000,0.000000,0.000000,0.000000,0.000000,0.000000,0.000000,0.000000,0.000000,0.000000,-0.000953,-0.001748,-0.003587,-0.003831,-0.002780,-0.001012,0.000306,-0.000234,-0.003436,-0.008705,-0.012971,-0.013977,-0.011705,-0.006836,-0.000273,0.006153,0.009975,0.009903,0.006016,-0.000068,-0.006236,-0.011042,-0.013810,-0.014842,-0.014558,-0.012889,-0.009849,-0.005454,0.000167,0.006844,0.014228,0.021904,0.029915,0.037754,0.041084,0.036545,0.028312,0.020251,0.012427,0.005062,-0.001445,-0.006736,-0.010634,-0.013002,-0.013696,-0.012679,-0.010001,-0.005525,0.000527,0.006184,0.009216,0.008704,0.004737,-0.001534,-0.008175,-0.013106,-0.015647,-0.015249,-0.011249,-0.005647,-0.001616,0.000203,0.000865,0.000816,0.000386,-0.000734,-0.002218,-0.002776,-0.002525,0.000000,0.000000,0.000000,0.000000,0.000000,0.000000,0.000000,0.000000,0.000000,0.000000,0.000000,0.000000,0.000000,0.000000,0.000000,0.000000,0.000000
0.000000,0.000000,0.000000,0.000000,0.000000,0.000000,0.000000,0.000000,0.000000,0.000000,0.000000,0.000000,0.000000,0.000000,0.000000,0.000000,-0.000124,-0.000014,-0.002326,-0.004328,-0.004937,-0.003863,-0.002158,-0.000750,-0.000797,-0.002941,-0.007000,-0.010635,-0.011717,-0.010272,-0.006905,-0.002173,0.002611,0.005644,0.005886,0.003208,-0.001248,-0.006000,-0.010095,-0.012708,-0.013770,-0.013578,-0.012077,-0.009103,-0.004625,0.001216,0.008296,0.016161,0.024122,0.032107,0.039614,0.042635,0.038289,0.030330,0.022257,0.014126,0.006350,-0.000412,-0.005819,-0.009691,-0.011960,-0.012584,-0.011654,-0.009361,-0.005677,-0.000998,0.003094,0.005137,0.004461,0.001264,-0.003340,-0.008045,-0.011531,-0.013047,-0.012201,-0.008875,-0.004689,-0.001934,-0.000801,-0.000226,0.000410,0.000717,-0.000198,-0.002152,-0.004141,-0.004676,-0.003236,0.000000,0.000000,0.000000,0.000000,0.000000,0.000000,0.000000,0.000000,0.000000,0.000000,0.000000,0.000000,0.000000,0.000000,0.000000,0.000000
0.000000,0.000000,0.000000,0.000000,0.000000,0.000000,0.000000,0.000000,0.000000,0.000000,0.000000,0.000000,0.000000,0.000000,0.000000,0.000727,0.002455,0.000671,-0.002001,-0.004518,-0.005302,-0.004644,-0.003279,-0.002117,-0.002011,-0.003435,-0.006065,-0.008738,-0.009850,-0.008995,-0.006755,-0.003516,-0.000239,0.001823,0.002038,0.000307,-0.002758,-0.006257,-0.009520,-0.011855,-0.012889,-0.012728,-0.011350,-0.008509,-0.004026,0.002036,0.009581,0.017971,0.026123,0.033904,0.041002,0.043739,0.039589,0.032017,0.024088,0.015717,0.007459,0.000399,-0.005094,-0.008923,-0.011088,-0.011763,-0.011044,-0.009126,-0.006159,-0.002703,0.000048,0.001342,0.000876,-0.001272,-0.004381,-0.007576,-0.009905,-0.010738,-0.009766,-0.007127,-0.004237,-0.002309,-0.001328,-0.000479,0.000844,0.001898,0.001156,-0.001426,-0.004682,-0.006897,-0.006293,-0.003283,0.000000,0.000000,0.000000,0.000000,0.000000,0.000000,0.000000,0.000000,0.000000,0.000000,0.000000,0.000000,0.000000,0.000000,0.000000
0.000000,0.000000,0.000000,0.000000,0.000000,0.000000,0.000000,0.000000,0.000000,0.000000,0.000000,0.000000,0.000000,0.000000,0.000923,0.004155,0.004225,0.001964,-0.001511,-0.004281,-0.005597,-0.005471,-0.004736,-0.003852,-0.003715,-0.004608,-0.006185,-0.007736,-0.008499,-0.008122,-0.006705,-0.004609,-0.002489,-0.001188,-0.001158,-0.002383,-0.004496,-0.006977,-0.009431,-0.011368,-0.012311,-0.012127,-0.010835,-0.008068,-0.003585,0.002672,0.010737,0.019634,0.027874,0.035372,0.042097,0.044624,0.040622,0.033406,0.025706,0.017144,0.008376,0.000951,-0.004621,-0.008434,-0.010557,-0.011277,-0.010767,-0.009184,-0.006848,-0.004394,-0.002626,-0.001722,-0.001834,-0.003088,-0.005060,-0.007100,-0.008539,-0.008844,-0.007911,-0.006178,-0.004154,-0.002471,-0.001322,-0.000034,0.001903,0.003366,0.002619,-0.000645,-0.005011,-0.008258,-0.008829,-0.005950,-0.002249,0.000000,0.000000,0.000000,0.000000,0.000000,0.000000,0.000000,0.000000,0.000000,0.000000,0.000000,0.000000,0.000000,0.000000
0.000000,0.000000,0.000000,0.000000,0.000000,0.000000,0.000000,0.000000,0.000000,0.000000,0.000000,0.000000,0.000000,0.000481,0.004275,0.006527,0.006411,0.003398,-0.000716,-0.004120,-0.005946,-0.006478,-0.006144,-0.005582,-0.005447,-0.005931,-0.006667,-0.007406,-0.007865,-0.007642,-0.006707,-0.005379,-0.004123,-0.003417,-0.003535,-0.004443,-0.005973,-0.007817,-0.009621,-0.011087,-0.011835,-0.011611,-0.010309,-0.007654,-0.003316,0.003040,0.011565,0.020976,0.029304,0.036459,0.042753,0.045079,0.041283,0.034502,0.027052,0.018280,0.008992,0.001229,-0.004336,-0.008034,-0.010125,-0.010949,-0.010630,-0.009382,-0.007631,-0.005905,-0.004643,-0.003866,-0.003740,-0.004396,-0.005554,-0.006717,-0.007495,-0.007606,-0.006851,-0.005479,-0.003921,-0.002425,-0.000989,0.000756,0.002894,0.004259,0.003169,-0.000687,-0.005543,-0.009162,-0.009808,-0.007405,-0.002687,-0.000641,0.000000,0.000000,0.000000,0.000000,0.000000,0.000000,0.000000,0.000000,0.000000,0.000000,0.000000,0.000000,0.000000
0.000000,0.000000,0.000000,0.000000,0.000000,0.000000,0.000000,0.000000,0.000000,0.000000,0.000000,0.000000,-0.000617,0.002481,0.006256,0.008972,0.008679,0.005048,0.000090,-0.003877,-0.006249,-0.007145,-0.007216,-0.007015,-0.006896,-0.006992,-0.007291,-0.007577,-0.007685,-0.007486,-0.006870,-0.006124,-0.005457,-0.005084,-0.005239,-0.005934,-0.007102,-0.008490,-0.009815,-0.010860,-0.011385,-0.011125,-0.009884,-0.007337,-0.003150,0.003164,0.011919,0.021705,0.030140,0.036894,0.042517,0.044549,0.041171,0.035029,0.027827,0.018850,0.009233,0.001326,-0.004146,-0.007709,-0.009758,-0.010593,-0.010420,-0.009506,-0.008267,-0.007035,-0.006021,-0.005298,-0.005067,-0.005393,-0.006020,-0.006577,-0.006893,-0.006800,-0.006122,-0.005023,-0.003609,-0.002149,-0.000618,0.001299,0.003257,0.004042,0.002380,-0.001688,-0.006510,-0.009739,-0.010174,-0.007147,-0.002402,0.001395,0.000640,0.000000,0.000000,0.000000,0.000000,0.000000,0.000000,0.000000,0.000000,0.000000,0.000000,0.000000,0.000000
0.000000,0.000000,0.000000,0.000000,0.000000,0.000000,0.000000,0.000000,0.000000,0.000000,0.000000,-0.001587,-0.000334,0.003135,0.007933,0.011344,0.011154,0.007016,0.001228,-0.003445,-0.006217,-0.007545,-0.008019,-0.008053,-0.007947,-0.007826,-0.007794,-0.007806,-0.007711,-0.007491,-0.007077,-0.006622,-0.006297,-0.006215,-0.006472,-0.007041,-0.007909,-0.008938,-0.009922,-0.010651,-0.010936,-0.010555,-0.009261,-0.006805,-0.002816,0.003259,0.011852,0.021735,0.030305,0.036735,0.041569,0.043231,0.040430,0.034997,0.027930,0.018776,0.009140,0.001423,-0.003841,-0.007248,-0.009265,-0.010184,-0.010175,-0.009556,-0.008683,-0.007763,-0.006936,-0.006306,-0.006009,-0.006024,-0.006242,-0.006463,-0.006522,-0.006266,-0.005589,-0.004595,-0.003366,-0.002005,-0.000524,0.001080,0.002448,0.002645,0.000657,-0.003268,-0.007423,-0.010005,-0.009757,-0.006451,-0.000852,0.003274,0.003892,0.000636,0.000000,0.000000,0.000000,0.000000,0.000000,0.000000,0.000000,0.000000,0.000000,0.000000,0.000000
0.000000,0.000000,0.000000,0.000000,0.000000,0.000000,0.000000,0.000000,0.000000,0.000000,0.000000,-0.003210,-0.002026,0.003090,0.009234,0.013533,0.013747,0.009421,0.002974,-0.002454,-0.005823,-0.007583,-0.008316,-0.008502,-0.008483,-0.008331,-0.008154,-0.008020,-0.007831,-0.007655,-0.007366,-0.007045,-0.006854,-0.006886,-0.007189,-0.007693,-0.008369,-0.009096,-0.009786,-0.010250,-0.010279,-0.009732,-0.008418,-0.006049,-0.002295,0.003359,0.011413,0.020974,0.029594,0.035873,0.040026,0.041343,0.039095,0.034248,0.027206,0.018082,0.008869,0.001655,-0.003286,-0.006542,-0.008532,-0.009510,-0.009697,-0.009380,-0.008791,-0.008106,-0.007460,-0.006913,-0.006571,-0.006420,-0.006420,-0.006456,-0.006357,-0.005981,-0.005299,-0.004422,-0.003335,-0.002156,-0.000911,0.000191,0.000798,0.000465,-0.001387,-0.004552,-0.007849,-0.009615,-0.008993,-0.005085,0.000824,0.005460,0.006268,0.003559,0.000000,0.000000,0.000000,0.000000,0.000000,0.000000,0.000000,0.000000,0.000000,0.000000,0.000000
0.000000,0.000000,0.000000,0.000000,0.000000,0.000000,0.000000,0.000000,0.000000,0.000000,-0.003103,-0.005685,-0.003785,0.002581,0.009876,0.015156,0.016040,0.012002,0.005333,-0.000851,-0.004960,-0.007083,-0.008034,-0.008387,-0.008514,-0.008458,-0.008221,-0.008040,-0.007859,-0.007697,-0.007486,-0.007292,-0.007230,-0.007323,-0.007598,-0.008014,-0.008549,-0.009063,-0.009496,-0.009725,-0.009553,-0.008842,-0.007425,-0.005092,-0.001533,0.003641,0.010869,0.019616,0.027878,0.033990,0.037691,0.038759,0.036892,0.032434,0.025571,0.016965,0.008609,0.002100,-0.002491,-0.005638,-0.007651,-0.008743,-0.009110,-0.009026,-0.008677,-0.008208,-0.007709,-0.007235,-0.006912,-0.006712,-0.006590,-0.006440,-0.006194,-0.005792,-0.005180,-0.004373,-0.003431,-0.002523,-0.001653,-0.001024,-0.000951,-0.001684,-0.003301,-0.005477,-0.007610,-0.008615,-0.007407,-0.003169,0.002887,0.007355,0.007873,0.004969,0.000374,0.000000,0.000000,0.000000,0.000000,0.000000,0.000000,0.000000,0.000000,0.000000,0.000000
0.000000,0.000000,0.000000,0.000000,0.000000,0.000000,0.000000,0.000000,0.000000,-0.001880,-0.004735,-0.007000,-0.005223,0.001159,0.009140,0.015499,0.017475,0.014390,0.008024,0.001353,-0.003423,-0.005969,-0.007197,-0.007812,-0.008093,-0.008164,-0.008010,-0.007905,-0.007816,-0.007706,-0.007552,-0.007424,-0.007411,-0.007495,-0.007701,-0.008032,-0.008447,-0.008795,-0.009018,-0.009023,-0.008654,-0.007764,-0.006238,-0.003895,-0.000510,0.004182,0.010445,0.017995,0.025451,0.031231,0.034667,0.035602,0.033933,0.029757,0.023365,0.015739,0.008541,0.002812,-0.001451,-0.004522,-0.006581,-0.007785,-0.008334,-0.008468,-0.008332,-0.008054,-0.007696,-0.007315,-0.007036,-0.006849,-0.006682,-0.006440,-0.006145,-0.005771,-0.005224,-0.004528,-0.003774,-0.003141,-0.002601,-0.002334,-0.002487,-0.003231,-0.004523,-0.005946,-0.007019,-0.007041,-0.005189,-0.000643,0.004990,0.008652,0.008551,0.005435,0.001984,-0.000801,0.000000,0.000000,0.000000,0.000000,0.000000,0.000000,0.000000,0.000000,0.000000
0.000000,0.000000,0.000000,0.000000,0.000000,0.000000,0.000000,0.000000,0.000000,-0.001472,-0.005053,-0.007528,-0.006572,-0.001354,0.006648,0.013967,0.017524,0.015937,0.010408,0.003862,-0.001252,-0.004258,-0.005857,-0.006741,-0.007182,-0.007478,-0.007543,-0.007572,-0.007605,-0.007578,-0.007511,-0.007448,-0.007451,-0.007523,-0.007688,-0.007914,-0.008182,-0.008376,-0.008423,-0.008240,-0.007701,-0.006669,-0.005038,-0.002709,0.000478,0.004702,0.010071,0.016361,0.022722,0.027925,0.031112,0.031962,0.030408,0.026569,0.020935,0.014535,0.008518,0.003500,-0.000433,-0.003384,-0.005460,-0.006772,-0.007481,-0.007793,-0.007851,-0.007750,-0.007545,-0.007307,-0.007103,-0.006917,-0.006718,-0.006444,-0.006165,-0.005824,-0.005344,-0.004767,-0.004218,-0.003821,-0.003526,-0.003523,-0.003776,-0.004315,-0.005111,-0.005849,-0.006068,-0.005182,-0.002510,0.001938,0.006656,0.009168,0.008543,0.005611,0.002466,0.000548,0.000000,0.000000,0.000000,0.000000,0.000000,0.000000,0.000000,0.000000,0.000000
0.000000,0.000000,0.000000,0.000000,0.000000,0.000000,0.000000,0.000000,-0.000114,-0.000196,-0.003688,-0.007243,-0.007805,-0.004258,0.002833,0.010551,0.015593,0.015869,0.011920,0.006243,0.001251,-0.002124,-0.004109,-0.005325,-0.006060,-0.006614,-0.006938,-0.007131,-0.007284,-0.007342,-0.007351,-0.007337,-0.007347,-0.007409,-0.007520,-0.007644,-0.007777,-0.007837,-0.007729,-0.007391,-0.006725,-0.005596,-0.003937,-0.001652,0.001335,0.005109,0.009673,0.014813,0.019980,0.024330,0.027073,0.027800,0.026440,0.023162,0.018521,0.013357,0.008386,0.004032,0.000447,-0.002349,-0.004388,-0.005759,-0.006602,-0.007061,-0.007281,-0.007342,-0.007281,-0.007171,-0.007047,-0.006897,-0.006708,-0.006460,-0.006230,-0.005956,-0.005563,-0.005124,-0.004749,-0.004506,-0.004363,-0.004506,-0.004784,-0.005138,-0.005488,-0.005562,-0.004982,-0.003339,-0.000173,0.004041,0.007835,0.009470,0.008602,0.006004,0.003420,0.001798,-0.000080,0.000000,0.000000,0.000000,0.000000,0.000000,0.000000,0.000000,0.000000
0.000000,0.000000,0.000000,0.000000,0.000000,0.000000,0.000000,0.000000,0.003014,0.002346,-0.002040,-0.006518,-0.008391,-0.006620,-0.001102,0.006090,0.011987,0.014307,0.012440,0.008187,0.003695,0.000186,-0.002130,-0.003768,-0.004868,-0.005614,-0.006154,-0.006567,-0.006895,-0.007060,-0.007137,-0.007175,-0.007211,-0.007245,-0.007286,-0.007317,-0.007336,-0.007267,-0.007007,-0.006534,-0.005782,-0.004616,-0.002972,-0.000778,0.001976,0.005295,0.009137,0.013279,0.017340,0.020760,0.022941,0.023515,0.022420,0.019823,0.016189,0.012117,0.008072,0.004348,0.001138,-0.001454,-0.003415,-0.004818,-0.005760,-0.006343,-0.006707,-0.006919,-0.006997,-0.006991,-0.006947,-0.006868,-0.006723,-0.006517,-0.006347,-0.006137,-0.005837,-0.005496,-0.005245,-0.005127,-0.005080,-0.005217,-0.005412,-0.005680,-0.005773,-0.005347,-0.004279,-0.002283,0.000890,0.004711,0.007994,0.009538,0.008996,0.006949,0.005368,0.004599,0.003099,0.000000,0.000000,0.000000,0.000000,0.000000,0.000000,0.000000,0.000000
0.000000,0.000000,0.000000,0.000000,0.000000,0.000000,0.000000,0.001031,0.005203,0.004841,0.000313,-0.004972,-0.008110,-0.007796,-0.004013,0.001962,0.007963,0.011725,0.011804,0.009118,0.005452,0.002070,-0.000427,-0.002355,-0.003753,-0.004668,-0.005383,-0.005990,-0.006475,-0.006748,-0.006890,-0.006969,-0.007015,-0.007014,-0.006989,-0.006947,-0.006872,-0.006683,-0.006299,-0.005725,-0.004915,-0.003765,-0.002199,-0.000147,0.002338,0.005205,0.008410,0.011758,0.014928,0.017540,0.019187,0.019606,0.018766,0.016790,0.014004,0.010805,0.007507,0.004362,0.001567,-0.000773,-0.002620,-0.004014,-0.005020,-0.005692,-0.006159,-0.006489,-0.006684,-0.006775,-0.006823,-0.006829,-0.006743,-0.006597,-0.006477,-0.006329,-0.006099,-0.005823,-0.005652,-0.005641,-0.005691,-0.005791,-0.005855,-0.006001,-0.005899,-0.005281,-0.004123,-0.002189,0.000647,0.004069,0.007122,0.008973,0.009182,0.008352,0.008076,0.008281,0.006399,0.001295,0.000000,0.000000,0.000000,0.000000,0.000000,0.000000,0.000000
0.000000,0.000000,0.000000,0.000000,0.000000,0.000000,0.000000,0.003057,0.006165,0.006592,0.002783,-0.002558,-0.006743,-0.007792,-0.005477,-0.000738,0.004598,0.008748,0.009997,0.008698,0.006105,0.003147,0.000739,-0.001198,-0.002770,-0.003884,-0.004747,-0.005468,-0.006058,-0.006445,-0.006673,-0.006786,-0.006822,-0.006784,-0.006696,-0.006582,-0.006421,-0.006142,-0.005676,-0.005025,-0.004172,-0.003052,-0.001589,0.000277,0.002481,0.004936,0.007571,0.010254,0.012737,0.014721,0.015933,0.016226,0.015598,0.014118,0.011989,0.009473,0.006807,0.004190,0.001791,-0.000280,-0.001995,-0.003370,-0.004415,-0.005153,-0.005688,-0.006094,-0.006385,-0.006581,-0.006735,-0.006826,-0.006803,-0.006713,-0.006642,-0.006529,-0.006346,-0.006123,-0.006002,-0.005998,-0.006069,-0.006143,-0.006149,-0.006162,-0.005896,-0.005308,-0.004313,-0.002591,-0.000139,0.002956,0.005976,0.008343,0.009598,0.010370,0.011258,0.011543,0.008917,0.004276,0.000000,0.000000,0.000000,0.000000,0.000000,0.000000,0.000000
0.000000,0.000000,0.000000,0.000000,0.000000,0.000000,-0.000353,0.002530,0.005668,0.007001,0.005089,0.000765,-0.003888,-0.006214,-0.005105,-0.001598,0.002671,0.006235,0.007742,0.007368,0.005849,0.003533,0.001369,-0.000462,-0.002069,-0.003312,-0.004265,-0.005035,-0.005689,-0.006162,-0.006461,-0.006608,-0.006641,-0.006577,-0.006432,-0.006245,-0.006013,-0.005675,-0.005160,-0.004454,-0.003570,-0.002491,-0.001147,0.000517,0.002427,0.004502,0.006669,0.008815,0.010761,0.012281,0.013189,0.013398,0.012913,0.011791,0.010156,0.008177,0.006022,0.003846,0.001811,0.000007,-0.001571,-0.002900,-0.003947,-0.004722,-0.005307,-0.005767,-0.006133,-0.006421,-0.006666,-0.006828,-0.006859,-0.006821,-0.006790,-0.006704,-0.006543,-0.006374,-0.006302,-0.006274,-0.006256,-0.006232,-0.006186,-0.006100,-0.005759,-0.005320,-0.004453,-0.002982,-0.000834,0.002096,0.005368,0.008607,0.011300,0.013275,0.014304,0.013397,0.009620,0.004407,-0.000111,0.000000,0.000000,0.000000,0.000000,0.000000,0.000000
0.000000,0.000000,0.000000,0.000000,0.000000,0.000000,-0.001326,0.000154,0.003621,0.006406,0.006858,0.004408,0.000242,-0.002952,-0.003115,-0.000932,0.002066,0.004678,0.005992,0.005996,0.005175,0.003480,0.001562,-0.000147,-0.001686,-0.002952,-0.003970,-0.004781,-0.005459,-0.005964,-0.006293,-0.006470,-0.006512,-0.006431,-0.006239,-0.005979,-0.005672,-0.005282,-0.004736,-0.004016,-0.003135,-0.002088,-0.000846,0.000622,0.002255,0.003987,0.005757,0.007483,0.009024,0.010193,0.010864,0.011009,0.010654,0.009814,0.008545,0.006961,0.005201,0.003408,0.001703,0.000128,-0.001325,-0.002592,-0.003608,-0.004396,-0.005019,-0.005526,-0.005953,-0.006321,-0.006639,-0.006853,-0.006931,-0.006936,-0.006933,-0.006863,-0.006722,-0.006568,-0.006500,-0.006432,-0.006319,-0.006126,-0.005938,-0.005731,-0.005375,-0.004986,-0.004172,-0.002944,-0.000881,0.002362,0.006408,0.010626,0.014291,0.016482,0.016358,0.013214,0.007853,0.002095,-0.000856,0.000000,0.000000,0.000000,0.000000,0.000000,0.000000
0.000000,0.000000,0.000000,0.000000,0.000000,-0.002002,-0.004066,-0.002933,0.001027,0.005419,0.008041,0.007762,0.004806,0.001415,0.000110,0.000894,0.002592,0.004283,0.005189,0.005055,0.004389,0.003109,0.001492,-0.000081,-0.001540,-0.002802,-0.003865,-0.004704,-0.005376,-0.005870,-0.006193,-0.006374,-0.006417,-0.006321,-0.006097,-0.005784,-0.005403,-0.004954,-0.004398,-0.003695,-0.002843,-0.001836,-0.000687,0.000599,0.001986,0.003431,0.004879,0.006272,0.007500,0.008408,0.008919,0.009037,0.008776,0.008130,0.007118,0.005828,0.004394,0.002920,0.001478,0.000091,-0.001234,-0.002419,-0.003396,-0.004187,-0.004830,-0.005361,-0.005834,-0.006269,-0.006645,-0.006899,-0.007011,-0.007050,-0.007066,-0.007017,-0.006908,-0.006757,-0.006610,-0.006426,-0.006196,-0.005832,-0.005455,-0.005073,-0.004624,-0.004039,-0.003147,-0.001995,0.000332,0.004352,0.009390,0.014204,0.017700,0.018864,0.016689,0.011278,0.004447,-0.001473,-0.003831,-0.002190,0.000000,0.000000,0.000000,0.000000,0.000000
0.000000,0.000000,0.000000,0.000000,0.000000,-0.004859,-0.007388,-0.005916,-0.001290,0.004377,0.008695,0.010326,0.009016,0.006216,0.004259,0.003790,0.004190,0.004810,0.005093,0.004593,0.003746,0.002613,0.001223,-0.000226,-0.001637,-0.002883,-0.003956,-0.004802,-0.005458,-0.005924,-0.006212,-0.006355,-0.006367,-0.006247,-0.006002,-0.005654,-0.005219,-0.004717,-0.004142,-0.003459,-0.002650,-0.001705,-0.000645,0.000487,0.001666,0.002869,0.004061,0.005192,0.006171,0.006889,0.007295,0.007399,0.007207,0.006693,0.005871,0.004812,0.003632,0.002410,0.001173,-0.000063,-0.001262,-0.002350,-0.003289,-0.004079,-0.004729,-0.005278,-0.005785,-0.006262,-0.006677,-0.006961,-0.007111,-0.007191,-0.007224,-0.007190,-0.007104,-0.006936,-0.006688,-0.006342,-0.005931,-0.005374,-0.004779,-0.004128,-0.003400,-0.002423,-0.001261,0.000265,0.003229,0.007953,0.013490,0.018080,0.020506,0.019755,0.015374,0.008258,0.000619,-0.005348,-0.007745,-0.005371,0.000000,0.000000,0.000000,0.000000,0.000000
0.000000,0.000000,0.000000,0.000000,-0.002229,-0.006875,-0.009545,-0.007910,-0.003028,0.003308,0.008749,0.011968,0.012385,0.010622,0.008507,0.007093,0.006315,0.005797,0.005354,0.004509,0.003412,0.002156,0.000781,-0.000605,-0.001950,-0.003158,-0.004218,-0.005059,-0.005694,-0.006128,-0.006365,-0.006445,-0.006401,-0.006235,-0.005958,-0.005581,-0.005116,-0.004575,-0.003974,-0.003306,-0.002544,-0.001673,-0.000709,0.000296,0.001313,0.002329,0.003314,0.004235,0.005026,0.005608,0.005938,0.006027,0.005882,0.005469,0.004788,0.003904,0.002923,0.001900,0.000831,-0.000277,-0.001367,-0.002368,-0.003258,-0.004034,-0.004692,-0.005262,-0.005795,-0.006295,-0.006725,-0.007028,-0.007226,-0.007375,-0.007456,-0.007433,-0.007318,-0.007093,-0.006742,-0.006235,-0.005616,-0.004833,-0.003961,-0.002931,-0.001743,-0.000287,0.001376,0.003695,0.007364,0.012228,0.017333,0.020901,0.021701,0.018955,0.012875,0.004967,-0.002629,-0.008214,-0.010494,-0.007973,-0.002562,0.000000,0.000000,0.000000,0.000000
0.000000,0.000000,0.000000,0.000000,-0.003484,-0.007842,-0.009792,-0.008179,-0.003798,0.002297,0.008363,0.012866,0.014647,0.013865,0.011930,0.009970,0.008372,0.006969,0.005823,0.004594,0.003216,0.001724,0.000223,-0.001178,-0.002472,-0.003620,-0.004638,-0.005458,-0.006072,-0.006464,-0.006644,-0.006656,-0.006539,-0.006303,-0.005969,-0.005561,-0.005078,-0.004512,-0.003889,-0.003222,-0.002494,-0.001698,-0.000834,0.000063,0.000955,0.001824,0.002649,0.003404,0.004046,0.004527,0.004806,0.004882,0.004759,0.004415,0.003848,0.003105,0.002277,0.001404,0.000467,-0.000529,-0.001514,-0.002435,-0.003276,-0.004029,-0.004695,-0.005292,-0.005844,-0.006357,-0.006800,-0.007132,-0.007383,-0.007598,-0.007741,-0.007737,-0.007579,-0.007276,-0.006822,-0.006175,-0.005345,-0.004315,-0.003113,-0.001634,0.000097,0.002099,0.004465,0.007665,0.011766,0.016184,0.020121,0.022003,0.020939,0.016575,0.009592,0.001827,-0.004806,-0.009426,-0.011482,-0.009514,-0.004352,0.000000,0.000000,0.000000,0.000000
0.000000,0.000000,0.000000,0.000000,-0.003950,-0.007592,-0.008595,-0.006975,-0.003341,0.001998,0.008090,0.013130,0.015584,0.015474,0.013902,0.011904,0.009957,0.008065,0.006354,0.004685,0.002998,0.001298,-0.000346,-0.001837,-0.003153,-0.004260,-0.005217,-0.005997,-0.006574,-0.006920,-0.007037,-0.006967,-0.006761,-0.006443,-0.006048,-0.005601,-0.005089,-0.004501,-0.003854,-0.003181,-0.002487,-0.001756,-0.000983,-0.000185,0.000608,0.001365,0.002065,0.002688,0.003216,0.003617,0.003847,0.003905,0.003802,0.003521,0.003046,0.002412,0.001698,0.000936,0.000099,-0.000802,-0.001695,-0.002535,-0.003324,-0.004054,-0.004721,-0.005338,-0.005903,-0.006425,-0.006894,-0.007281,-0.007610,-0.007888,-0.008054,-0.008057,-0.007888,-0.007534,-0.006986,-0.006210,-0.005183,-0.003876,-0.002305,-0.000402,0.001804,0.004345,0.007409,0.011241,0.015474,0.019312,0.021867,0.021843,0.018966,0.013591,0.006467,-0.000562,-0.005923,-0.009521,-0.011288,-0.010038,-0.005347,0.000000,0.000000,0.000000,0.000000
0.000000,0.000000,0.000000,-0.000947,-0.003136,-0.005693,-0.006195,-0.004836,-0.001779,0.002844,0.008230,0.012902,0.015440,0.015688,0.014556,0.012836,0.010887,0.008822,0.006775,0.004737,0.002740,0.000822,-0.000972,-0.002584,-0.003971,-0.005078,-0.005976,-0.006690,-0.007208,-0.007485,-0.007520,-0.007360,-0.007061,-0.006660,-0.006196,-0.005688,-0.005129,-0.004514,-0.003849,-0.003175,-0.002506,-0.001832,-0.001142,-0.000434,0.000276,0.000949,0.001549,0.002067,0.002506,0.002844,0.003040,0.003086,0.002997,0.002764,0.002363,0.001816,0.001190,0.000507,-0.000254,-0.001069,-0.001880,-0.002653,-0.003393,-0.004103,-0.004765,-0.005381,-0.005959,-0.006509,-0.007013,-0.007464,-0.007884,-0.008233,-0.008420,-0.008432,-0.008281,-0.007924,-0.007299,-0.006378,-0.005151,-0.003572,-0.001655,0.000587,0.003159,0.006143,0.009637,0.013635,0.017704,0.020974,0.022418,0.021035,0.017030,0.011194,0.004534,-0.001472,-0.005938,-0.008767,-0.009851,-0.008691,-0.004893,-0.001436,0.000000,0.000000,0.000000
0.000000,0.000000,0.000000,-0.000807,-0.001977,-0.003128,-0.003284,-0.002095,0.000528,0.004348,0.008621,0.012444,0.014785,0.015288,0.014516,0.013076,0.011238,0.009159,0.006965,0.004715,0.002471,0.000307,-0.001687,-0.003439,-0.004918,-0.006057,-0.006916,-0.007546,-0.007961,-0.008139,-0.008077,-0.007820,-0.007422,-0.006927,-0.006375,-0.005794,-0.005186,-0.004538,-0.003865,-0.003191,-0.002537,-0.001912,-0.001298,-0.000670,-0.000028,0.000574,0.001099,0.001539,0.001905,0.002187,0.002351,0.002394,0.002317,0.002118,0.001778,0.001308,0.000754,0.000129,-0.000571,-0.001313,-0.002047,-0.002762,-0.003469,-0.004154,-0.004805,-0.005423,-0.006017,-0.006604,-0.007162,-0.007680,-0.008174,-0.008583,-0.008828,-0.008895,-0.008787,-0.008449,-0.007770,-0.006707,-0.005280,-0.003482,-0.001321,0.001199,0.004069,0.007350,0.010959,0.014722,0.018273,0.020883,0.021597,0.019771,0.015608,0.009931,0.003989,-0.001001,-0.004719,-0.006980,-0.007543,-0.006543,-0.004136,-0.001631,0.000000,0.000000,0.000000
0.000000,0.000000,0.000000,-0.000071,-0.000270,-0.000377,-0.000192,0.000910,0.003013,0.005933,0.009082,0.011990,0.014050,0.014751,0.014237,0.012979,0.011231,0.009170,0.006906,0.004530,0.002125,-0.000249,-0.002470,-0.004398,-0.006005,-0.007201,-0.008026,-0.008546,-0.008821,-0.008866,-0.008682,-0.008309,-0.007805,-0.007205,-0.006557,-0.005903,-0.005243,-0.004571,-0.003885,-0.003211,-0.002572,-0.001978,-0.001421,-0.000867,-0.000295,0.000250,0.000720,0.001101,0.001405,0.001637,0.001779,0.001817,0.001749,0.001572,0.001278,0.000873,0.000380,-0.000199,-0.000844,-0.001515,-0.002180,-0.002848,-0.003525,-0.004190,-0.004829,-0.005453,-0.006073,-0.006700,-0.007316,-0.007916,-0.008487,-0.008967,-0.009298,-0.009459,-0.009413,-0.009085,-0.008365,-0.007207,-0.005630,-0.003653,-0.001303,0.001451,0.004536,0.007904,0.011393,0.014772,0.017692,0.019633,0.019966,0.018243,0.014507,0.009516,0.004458,0.000341,-0.002700,-0.004422,-0.004744,-0.004013,-0.002673,-0.000957,0.000000,0.000000,0.000000
0.000000,0.000000,0.000000,0.001075,0.002092,0.002461,0.002724,0.003629,0.005227,0.007391,0.009705,0.011846,0.013472,0.014143,0.013817,0.012724,0.011088,0.009078,0.006768,0.004263,0.001695,-0.000868,-0.003299,-0.005429,-0.007197,-0.008464,-0.009256,-0.009659,-0.009773,-0.009645,-0.009300,-0.008788,-0.008167,-0.007469,-0.006732,-0.006001,-0.005289,-0.004587,-0.003888,-0.003219,-0.002592,-0.002014,-0.001495,-0.001003,-0.000499,-0.000013,0.000404,0.000734,0.000984,0.001175,0.001300,0.001335,0.001269,0.001108,0.000850,0.000500,0.000056,-0.000476,-0.001066,-0.001671,-0.002277,-0.002904,-0.003547,-0.004194,-0.004829,-0.005458,-0.006109,-0.006778,-0.007451,-0.008137,-0.008806,-0.009388,-0.009837,-0.010108,-0.010139,-0.009832,-0.009092,-0.007895,-0.006229,-0.004090,-0.001548,0.001397,0.004584,0.007898,0.011182,0.014207,0.016626,0.018055,0.018172,0.016666,0.013589,0.009536,0.005455,0.002067,-0.000422,-0.001718,-0.001905,-0.001215,-0.000214,0.000311,0.000000,0.000000,0.000000
0.000000,0.000000,0.000000,0.002923,0.004672,0.005066,0.005202,0.005839,0.007043,0.008634,0.010393,0.011927,0.013035,0.013514,0.013304,0.012377,0.010876,0.008941,0.006642,0.004037,0.001285,-0.001491,-0.004141,-0.006498,-0.008442,-0.009801,-0.010570,-0.010857,-0.010785,-0.010448,-0.009912,-0.009235,-0.008481,-0.007685,-0.006867,-0.006065,-0.005294,-0.004557,-0.003853,-0.003192,-0.002582,-0.002027,-0.001535,-0.001087,-0.000645,-0.000218,0.000147,0.000431,0.000640,0.000798,0.000906,0.000935,0.000872,0.000722,0.000493,0.000184,-0.000217,-0.000703,-0.001236,-0.001780,-0.002338,-0.002925,-0.003532,-0.004152,-0.004775,-0.005413,-0.006092,-0.006811,-0.007552,-0.008325,-0.009097,-0.009810,-0.010398,-0.010799,-0.010933,-0.010693,-0.009983,-0.008783,-0.007034,-0.004728,-0.001988,0.001105,0.004366,0.007616,0.010706,0.013400,0.015436,0.016533,0.016521,0.015190,0.012780,0.009724,0.006564,0.003817,0.001866,0.000878,0.000812,0.001631,0.002680,0.002300,0.000000,0.000000,0.000000
0.000000,0.000000,0.000922,0.004736,0.006888,0.007175,0.007193,0.007594,0.008482,0.009598,0.010848,0.011918,0.012680,0.012995,0.012807,0.012008,0.010633,0.008787,0.006545,0.003917,0.001007,-0.002030,-0.004958,-0.007567,-0.009690,-0.011142,-0.011891,-0.012047,-0.011773,-0.011213,-0.010470,-0.009615,-0.008707,-0.007800,-0.006910,-0.006053,-0.005240,-0.004477,-0.003767,-0.003116,-0.002531,-0.002006,-0.001543,-0.001132,-0.000743,-0.000371,-0.000052,0.000190,0.000363,0.000495,0.000587,0.000604,0.000543,0.000410,0.000207,-0.000071,-0.000433,-0.000869,-0.001346,-0.001843,-0.002362,-0.002908,-0.003475,-0.004058,-0.004653,-0.005291,-0.006001,-0.006776,-0.007593,-0.008449,-0.009328,-0.010178,-0.010914,-0.011465,-0.011749,-0.011643,-0.011022,-0.009825,-0.007979,-0.005496,-0.002554,0.000694,0.004043,0.007261,0.010150,0.012506,0.014190,0.015075,0.015064,0.013980,0.012111,0.009819,0.007452,0.005346,0.003922,0.003184,0.003256,0.004186,0.005286,0.004380,0.000960,0.000000,0.000000
0.000000,0.000000,0.002426,0.006373,0.008575,0.008812,0.008748,0.008920,0.009496,0.010222,0.011022,0.011733,0.012251,0.012424,0.012200,0.011526,0.010361,0.008674,0.006525,0.003930,0.000917,-0.002386,-0.005654,-0.008568,-0.010871,-0.012385,-0.013093,-0.013110,-0.012630,-0.011850,-0.010893,-0.009848,-0.008785,-0.007772,-0.006824,-0.005938,-0.005111,-0.004338,-0.003628,-0.002993,-0.002430,-0.001936,-0.001509,-0.001137,-0.000794,-0.000473,-0.000197,0.000009,0.000154,0.000263,0.000332,0.000338,0.000278,0.000162,-0.000019,-0.000270,-0.000592,-0.000976,-0.001401,-0.001858,-0.002344,-0.002844,-0.003360,-0.003897,-0.004462,-0.005098,-0.005831,-0.006651,-0.007529,-0.008463,-0.009447,-0.010427,-0.011314,-0.012046,-0.012526,-0.012614,-0.012116,-0.010922,-0.008968,-0.006300,-0.003132,0.000307,0.003746,0.006890,0.009568,0.011645,0.013048,0.013726,0.013704,0.012892,0.011493,0.009785,0.008069,0.006582,0.005577,0.005097,0.005411,0.006442,0.007492,0.006430,0.002714,0.000000,0.000000
0.000000,0.000000,0.003270,0.007738,0.009931,0.010181,0.009988,0.009907,0.010116,0.010515,0.010965,0.011354,0.011624,0.011656,0.011406,0.010862,0.009934,0.008500,0.006543,0.004063,0.001033,-0.002471,-0.006095,-0.009368,-0.011890,-0.013440,-0.014053,-0.013899,-0.013203,-0.012204,-0.011046,-0.009835,-0.008656,-0.007568,-0.006588,-0.005698,-0.004880,-0.004124,-0.003435,-0.002823,-0.002286,-0.001822,-0.001429,-0.001096,-0.000800,-0.000531,-0.000298,-0.000122,0.000000,0.000089,0.000138,0.000132,0.000074,-0.000031,-0.000192,-0.000417,-0.000701,-0.001034,-0.001412,-0.001828,-0.002270,-0.002721,-0.003181,-0.003666,-0.004205,-0.004837,-0.005577,-0.006407,-0.007313,-0.008309,-0.009380,-0.010471,-0.011521,-0.012456,-0.013163,-0.013468,-0.013119,-0.011961,-0.009910,-0.007034,-0.003610,0.000047,0.003557,0.006580,0.008994,0.010806,0.011978,0.012467,0.012359,0.011733,0.010745,0.009583,0.008452,0.007506,0.006866,0.006723,0.007318,0.008430,0.009392,0.008243,0.003748,0.000000,0.000000
0.000000,0.000000,0.003434,0.008404,0.010961,0.011380,0.010968,0.010552,0.010319,0.010317,0.010436,0.010579,0.010655,0.010608,0.010392,0.009955,0.009227,0.008100,0.006431,0.004156,0.001248,-0.002272,-0.006108,-0.009698,-0.012494,-0.014131,-0.014614,-0.014238,-0.013317,-0.012115,-0.010805,-0.009495,-0.008265,-0.007154,-0.006171,-0.005305,-0.004529,-0.003816,-0.003170,-0.002598,-0.002098,-0.001667,-0.001308,-0.001012,-0.000762,-0.000545,-0.000357,-0.000211,-0.000106,-0.000034,-0.000002,-0.000018,-0.000075,-0.000169,-0.000312,-0.000512,-0.000761,-0.001052,-0.001385,-0.001754,-0.002139,-0.002533,-0.002940,-0.003381,-0.003895,-0.004510,-0.005223,-0.006018,-0.006911,-0.007934,-0.009060,-0.010240,-0.011434,-0.012563,-0.013496,-0.014016,-0.013848,-0.012776,-0.010637,-0.007532,-0.003845,-0.000024,0.003465,0.006319,0.008464,0.009946,0.010825,0.011158,0.010994,0.010476,0.009796,0.009070,0.008409,0.007966,0.007801,0.008124,0.009012,0.010259,0.010991,0.009296,0.004050,0.000000,0.000000
0.000000,0.000000,0.003116,0.008245,0.011345,0.012120,0.011546,0.010778,0.010112,0.009672,0.009452,0.009371,0.009303,0.009199,0.009024,0.008698,0.008148,0.007264,0.005832,0.003809,0.001253,-0.001911,-0.005567,-0.009217,-0.012230,-0.014050,-0.014505,-0.013943,-0.012823,-0.011467,-0.010079,-0.008753,-0.007543,-0.006475,-0.005543,-0.004738,-0.004035,-0.003398,-0.002818,-0.002302,-0.001855,-0.001475,-0.001158,-0.000900,-0.000689,-0.000518,-0.000374,-0.000257,-0.000173,-0.000119,-0.000100,-0.000123,-0.000179,-0.000262,-0.000385,-0.000558,-0.000776,-0.001030,-0.001318,-0.001629,-0.001954,-0.002287,-0.002641,-0.003046,-0.003527,-0.004094,-0.004736,-0.005459,-0.006304,-0.007298,-0.008425,-0.009653,-0.010932,-0.012201,-0.013320,-0.014037,-0.014062,-0.013059,-0.010803,-0.007503,-0.003692,0.000059,0.003283,0.005838,0.007733,0.008924,0.009505,0.009669,0.009464,0.009026,0.008578,0.008165,0.007863,0.007881,0.008276,0.009106,0.010330,0.011707,0.011957,0.009399,0.003802,0.000000,0.000000
0.000000,0.000000,0.002803,0.007634,0.010834,0.011968,0.011416,0.010371,0.009380,0.008609,0.008068,0.007737,0.007553,0.007450,0.007330,0.007058,0.006589,0.005829,0.004574,0.002861,0.000842,-0.001625,-0.004608,-0.007812,-0.010729,-0.012720,-0.013340,-0.012778,-0.011584,-0.010184,-0.008815,-0.007564,-0.006454,-0.005501,-0.004686,-0.003988,-0.003393,-0.002862,-0.002373,-0.001934,-0.001559,-0.001246,-0.000984,-0.000767,-0.000592,-0.000456,-0.000351,-0.000269,-0.000210,-0.000174,-0.000166,-0.000191,-0.000243,-0.000316,-0.000420,-0.000568,-0.000754,-0.000968,-0.001207,-0.001462,-0.001726,-0.002000,-0.002299,-0.002653,-0.003076,-0.003559,-0.004098,-0.004723,-0.005479,-0.006384,-0.007437,-0.008628,-0.009906,-0.011224,-0.012443,-0.013292,-0.013402,-0.012332,-0.009956,-0.006687,-0.003156,0.000085,0.002729,0.004835,0.006473,0.007475,0.007885,0.007941,0.007710,0.007345,0.007070,0.006896,0.006919,0.007353,0.008235,0.009546,0.011129,0.012419,0.011915,0.008707,0.003271,0.000000,0.000000
0.000000,0.000000,0.002844,0.006895,0.009434,0.010531,0.010111,0.008967,0.007816,0.006891,0.006199,0.005731,0.005529,0.005535,0.005478,0.005148,0.004649,0.004010,0.003026,0.001694,0.000175,-0.001585,-0.003638,-0.005906,-0.008222,-0.010096,-0.010906,-0.010549,-0.009494,-0.008229,-0.007012,-0.005938,-0.005016,-0.004245,-0.003602,-0.003060,-0.002607,-0.002208,-0.001840,-0.001505,-0.001219,-0.000984,-0.000784,-0.000611,-0.000473,-0.000373,-0.000305,-0.000256,-0.000223,-0.000207,-0.000208,-0.000233,-0.000280,-0.000342,-0.000430,-0.000552,-0.000702,-0.000872,-0.001060,-0.001261,-0.001465,-0.001676,-0.001912,-0.002190,-0.002519,-0.002894,-0.003318,-0.003824,-0.004442,-0.005193,-0.006093,-0.007137,-0.008296,-0.009528,-0.010701,-0.011527,-0.011532,-0.010310,-0.008006,-0.005221,-0.002493,-0.000118,0.001804,0.003412,0.004742,0.005565,0.005913,0.005996,0.005831,0.005487,0.005227,0.005190,0.005461,0.006169,0.007384,0.009064,0.010882,0.011916,0.010939,0.007830,0.002975,0.000000,0.000000
0.000000,0.000000,0.002666,0.005726,0.007190,0.007774,0.007440,0.006462,0.005440,0.004628,0.004033,0.003645,0.003517,0.003578,0.003510,0.003122,0.002644,0.002228,0.001656,0.000779,-0.000325,-0.001542,-0.002752,-0.003963,-0.005329,-0.006667,-0.007421,-0.007295,-0.006552,-0.005618,-0.004721,-0.003938,-0.003286,-0.002757,-0.002334,-0.001987,-0.001702,-0.001461,-0.001238,-0.001029,-0.000843,-0.000687,-0.000550,-0.000430,-0.000337,-0.000280,-0.000246,-0.000226,-0.000217,-0.000218,-0.000229,-0.000256,-0.000297,-0.000350,-0.000422,-0.000518,-0.000629,-0.000751,-0.000886,-0.001029,-0.001172,-0.001317,-0.001473,-0.001654,-0.001868,-0.002121,-0.002424,-0.002786,-0.003220,-0.003753,-0.004415,-0.005204,-0.006110,-0.007091,-0.008030,-0.008653,-0.008495,-0.007320,-0.005504,-0.003638,-0.001950,-0.000403,0.000963,0.002125,0.003016,0.003537,0.003821,0.004009,0.003951,0.003595,0.003247,0.003186,0.003493,0.004228,0.005498,0.007242,0.009003,0.009875,0.009207,0.007040,0.003043,0.000000,0.000000
0.000000,0.000000,0.001524,0.003224,0.003731,0.003829,0.003573,0.003043,0.002513,0.002102,0.001793,0.001581,0.001515,0.001529,0.001432,0.001165,0.000908,0.000772,0.000602,0.000237,-0.000311,-0.000907,-0.001401,-0.001805,-0.002307,-0.002907,-0.003311,-0.003296,-0.002946,-0.002488,-0.002051,-0.001669,-0.001362,-0.001124,-0.000951,-0.000825,-0.000726,-0.000652,-0.000584,-0.000512,-0.000434,-0.000354,-0.000285,-0.000230,-0.000193,-0.000176,-0.000174,-0.000181,-0.000194,-0.000212,-0.000236,-0.000266,-0.000303,-0.000346,-0.000401,-0.000468,-0.000541,-0.000617,-0.000697,-0.000777,-0.000853,-0.000925,-0.000993,-0.001068,-0.001161,-0.001285,-0.001444,-0.001634,-0.001851,-0.002121,-0.002470,-0.002905,-0.003430,-0.004008,-0.004558,-0.004893,-0.004705,-0.003918,-0.002895,-0.002001,-0.001191,-0.000291,0.000601,0.001283,0.001660,0.001803,0.001919,0.002068,0.002026,0.001700,0.001327,0.001148,0.001244,0.001693,0.002611,0.003989,0.005473,0.006428,0.006538,0.005688,0.002845,0.000000,0.000000
0.000000,-0.000031,-0.000352,-0.000737,-0.000946,-0.001026,-0.000951,-0.000773,-0.000596,-0.000468,-0.000397,-0.000396,-0.000465,-0.000561,-0.000599,-0.000540,-0.000437,-0.000339,-0.000223,-0.000059,0.000159,0.000402,0.000609,0.000751,0.000873,0.000992,0.001064,0.001053,0.000981,0.000895,0.000810,0.000723,0.000637,0.000551,0.000462,0.000368,0.000275,0.000183,0.000099,0.000039,0.000012,0.000005,-0.000001,-0.000016,-0.000035,-0.000059,-0.000089,-0.000125,-0.000163,-0.000201,-0.000237,-0.000272,-0.000304,-0.000335,-0.000369,-0.000407,-0.000444,-0.000477,-0.000500,-0.000513,-0.000519,-0.000514,-0.000497,-0.000468,-0.000439,-0.000420,-0.000411,-0.000405,-0.000392,-0.000374,-0.000368,-0.000384,-0.000438,-0.000519,-0.000598,-0.000634,-0.000556,-0.000340,-0.000077,0.000142,0.000346,0.000567,0.000742,0.000791,0.000720,0.000594,0.000471,0.000341,0.000133,-0.000161,-0.000474,-0.000754,-0.000969,-0.001043,-0.000839,-0.000231,0.000733,0.001752,0.002524,0.002756,0.001575,0.000154,0.000000
0.000000,0.000000,-0.002082,-0.004430,-0.005371,-0.005640,-0.005265,-0.004425,-0.003581,-0.002955,-0.002549,-0.002360,-0.002424,-0.002620,-0.002630,-0.002317,-0.001912,-0.001578,-0.001146,-0.000443,0.000502,0.001521,0.002412,0.003168,0.003993,0.004854,0.005379,0.005319,0.004827,0.004214,0.003617,0.003069,0.002596,0.002186,0.001833,0.001529,0.001258,0.001010,0.000791,0.000615,0.000485,0.000384,0.000295,0.000211,0.000136,0.000067,-0.000002,-0.000071,-0.000136,-0.000194,-0.000242,-0.000280,-0.000306,-0.000323,-0.000335,-0.000343,-0.000344,-0.000334,-0.000303,-0.000252,-0.000184,-0.000102,-0.000000,0.000126,0.000278,0.000446,0.000631,0.000840,0.001084,0.001390,0.001759,0.002171,0.002609,0.003045,0.003456,0.003724,0.003661,0.003279,0.002835,0.002504,0.002167,0.001653,0.000998,0.000370,-0.000093,-0.000412,-0.000769,-0.001240,-0.001660,-0.001908,-0.002115,-0.002449,-0.002916,-0.003453,-0.003992,-0.004356,-0.004249,-0.003518,-0.002401,-0.001292,-0.000192,0.000000,0.000000
0.000000,0.000000,-0.002903,-0.006545,-0.008426,-0.009109,-0.008605,-0.007394,-0.006171,-0.005256,-0.004684,-0.004390,-0.004391,-0.004597,-0.004653,-0.004333,-0.003823,-0.003242,-0.002380,-0.001156,0.000287,0.001857,0.003481,0.005159,0.006940,0.008511,0.009292,0.009074,0.008209,0.007158,0.006135,0.005208,0.004403,0.003709,0.003114,0.002608,0.002174,0.001798,0.001470,0.001191,0.000962,0.000769,0.000597,0.000445,0.000312,0.000191,0.000075,-0.000033,-0.000125,-0.000201,-0.000261,-0.000302,-0.000318,-0.000318,-0.000308,-0.000285,-0.000249,-0.000195,-0.000113,-0.000003,0.000132,0.000289,0.000477,0.000703,0.000972,0.001282,0.001633,0.002036,0.002505,0.003074,0.003770,0.004569,0.005443,0.006349,0.007210,0.007789,0.007677,0.006768,0.005506,0.004354,0.003295,0.002137,0.000919,-0.000200,-0.001075,-0.001691,-0.002271,-0.002913,-0.003374,-0.003548,-0.003710,-0.004092,-0.004671,-0.005409,-0.006379,-0.007517,-0.008354,-0.008200,-0.006956,-0.004973,-0.002014,0.000000,0.000000
0.000000,0.000000,-0.003033,-0.007610,-0.010386,-0.011324,-0.010592,-0.009272,-0.008074,-0.007208,-0.006685,-0.006440,-0.006412,-0.006524,-0.006575,-0.006356,-0.005890,-0.005141,-0.003903,-0.002240,-0.000366,0.001797,0.004325,0.007072,0.009720,0.011683,0.012413,0.011954,0.010832,0.009503,0.008197,0.007011,0.005960,0.005043,0.004254,0.003579,0.003006,0.002521,0.002104,0.001739,0.001418,0.001137,0.000890,0.000675,0.000481,0.000299,0.000133,-0.000012,-0.000131,-0.000227,-0.000300,-0.000343,-0.000349,-0.000329,-0.000293,-0.000239,-0.000166,-0.000070,0.000059,0.000222,0.000418,0.000646,0.000914,0.001236,0.001616,0.002056,0.002552,0.003126,0.003803,0.004597,0.005545,0.006642,0.007847,0.009109,0.010314,0.011179,0.011198,0.010041,0.008043,0.005861,0.003835,0.002022,0.000433,-0.001002,-0.002262,-0.003207,-0.003929,-0.004537,-0.004927,-0.005121,-0.005378,-0.005829,-0.006411,-0.007121,-0.008119,-0.009501,-0.010969,-0.011607,-0.010533,-0.007771,-0.003213,0.000000,0.000000
0.000000,0.000000,-0.003194,-0.008380,-0.011465,-0.012111,-0.011170,-0.010035,-0.009145,-0.008588,-0.008321,-0.008296,-0.008370,-0.008424,-0.008417,-0.008231,-0.007775,-0.006921,-0.005456,-0.003449,-0.001047,0.001869,0.005289,0.008813,0.011862,0.013818,0.014352,0.013761,0.012576,0.011156,0.009725,0.008397,0.007193,0.006133,0.005214,0.004422,0.003746,0.003167,0.002668,0.002226,0.001829,0.001472,0.001157,0.000881,0.000623,0.000384,0.000173,-0.000007,-0.000157,-0.000275,-0.000362,-0.000406,-0.000400,-0.000361,-0.000301,-0.000219,-0.000112,0.000025,0.000199,0.000414,0.000671,0.000966,0.001304,0.001704,0.002184,0.002736,0.003359,0.004074,0.004914,0.005883,0.007000,0.008285,0.009695,0.011157,0.012536,0.013568,0.013802,0.012750,0.010439,0.007473,0.004471,0.001846,-0.000271,-0.002066,-0.003618,-0.004741,-0.005489,-0.006048,-0.006430,-0.006729,-0.007115,-0.007582,-0.008091,-0.008699,-0.009516,-0.010682,-0.012187,-0.013420,-0.012870,-0.009768,-0.003969,0.000000,0.000000
0.000000,0.000000,-0.003575,-0.008900,-0.011531,-0.011620,-0.010724,-0.009980,-0.009528,-0.009401,-0.009498,-0.009742,-0.009987,-0.010117,-0.010079,-0.009806,-0.009217,-0.008183,-0.006536,-0.004257,-0.001372,0.002144,0.006058,0.009813,0.012812,0.014589,0.015053,0.014556,0.013488,0.012135,0.010711,0.009341,0.008085,0.006964,0.005977,0.005119,0.004373,0.003720,0.003148,0.002638,0.002178,0.001760,0.001384,0.001045,0.000729,0.000444,0.000196,-0.000021,-0.000204,-0.000348,-0.000448,-0.000492,-0.000477,-0.000423,-0.000344,-0.000237,-0.000098,0.000076,0.000294,0.000564,0.000882,0.001243,0.001644,0.002106,0.002657,0.003300,0.004031,0.004851,0.005798,0.006882,0.008094,0.009456,0.010947,0.012460,0.013838,0.014855,0.015173,0.014333,0.012122,0.008903,0.005323,0.001986,-0.000765,-0.002979,-0.004750,-0.005976,-0.006764,-0.007374,-0.007852,-0.008245,-0.008652,-0.009068,-0.009499,-0.010041,-0.010728,-0.011604,-0.012707,-0.013817,-0.013575,-0.010617,-0.004452,0.000000,0.000000
0.000000,0.000000,-0.003734,-0.008719,-0.010584,-0.010329,-0.009723,-0.009399,-0.009440,-0.009822,-0.010323,-0.010848,-0.011285,-0.011520,-0.011466,-0.011067,-0.010239,-0.008896,-0.006985,-0.004480,-0.001331,0.002381,0.006299,0.009879,0.012639,0.014284,0.014842,0.014557,0.013694,0.012510,0.011194,0.009884,0.008660,0.007541,0.006543,0.005663,0.004875,0.004170,0.003543,0.002978,0.002462,0.001991,0.001562,0.001164,0.000800,0.000478,0.000193,-0.000064,-0.000284,-0.000452,-0.000562,-0.000607,-0.000588,-0.000525,-0.000433,-0.000303,-0.000132,0.000080,0.000341,0.000662,0.001039,0.001463,0.001925,0.002436,0.003037,0.003744,0.004547,0.005437,0.006442,0.007582,0.008823,0.010169,0.011628,0.013079,0.014338,0.015212,0.015429,0.014666,0.012686,0.009643,0.006032,0.002417,-0.000746,-0.003281,-0.005242,-0.006665,-0.007652,-0.008405,-0.009003,-0.009474,-0.009873,-0.010259,-0.010651,-0.011133,-0.011729,-0.012440,-0.013096,-0.013475,-0.012897,-0.010117,-0.004293,0.000000,0.000000
0.000000,0.000000,-0.003389,-0.007648,-0.009014,-0.008649,-0.008292,-0.008306,-0.008847,-0.009739,-0.010716,-0.011615,-0.012327,-0.012697,-0.012630,-0.012072,-0.010974,-0.009309,-0.007127,-0.004425,-0.001201,0.002407,0.006050,0.009301,0.011816,0.013401,0.014079,0.013994,0.013357,0.012396,0.011262,0.010088,0.008950,0.007882,0.006916,0.006046,0.005252,0.004525,0.003859,0.003249,0.002684,0.002164,0.001687,0.001244,0.000837,0.000477,0.000152,-0.000148,-0.000404,-0.000594,-0.000714,-0.000762,-0.000740,-0.000674,-0.000572,-0.000419,-0.000216,0.000034,0.000337,0.000707,0.001139,0.001617,0.002135,0.002693,0.003325,0.004063,0.004901,0.005824,0.006846,0.007985,0.009208,0.010491,0.011833,0.013133,0.014211,0.014897,0.014951,0.014153,0.012363,0.009652,0.006345,0.002867,-0.000362,-0.003048,-0.005189,-0.006879,-0.008168,-0.009112,-0.009814,-0.010356,-0.010756,-0.011079,-0.011421,-0.011799,-0.012265,-0.012839,-0.013240,-0.012899,-0.011621,-0.008588,-0.003474,0.000000,0.000000
0.000000,0.000000,-0.002400,-0.005908,-0.007166,-0.006761,-0.006486,-0.006821,-0.007830,-0.009192,-0.010726,-0.012137,-0.013219,-0.013780,-0.013722,-0.012958,-0.011571,-0.009635,-0.007244,-0.004407,-0.001200,0.002209,0.005514,0.008427,0.010728,0.012259,0.013007,0.013088,0.012670,0.011930,0.011011,0.010018,0.009001,0.008025,0.007122,0.006288,0.005512,0.004785,0.004101,0.003457,0.002851,0.002287,0.001764,0.001278,0.000833,0.000432,0.000063,-0.000278,-0.000564,-0.000775,-0.000908,-0.000961,-0.000945,-0.000877,-0.000766,-0.000592,-0.000357,-0.000068,0.000280,0.000699,0.001181,0.001708,0.002274,0.002871,0.003519,0.004263,0.005106,0.006027,0.007029,0.008127,0.009298,0.010490,0.011666,0.012765,0.013639,0.014127,0.014041,0.013220,0.011583,0.009188,0.006265,0.003108,0.000033,-0.002667,-0.004959,-0.006871,-0.008393,-0.009520,-0.010341,-0.010926,-0.011272,-0.011459,-0.011666,-0.011904,-0.012223,-0.012595,-0.012867,-0.012208,-0.010332,-0.006713,-0.002254,0.000000,0.000000
0.000000,0.000000,-0.000834,-0.003931,-0.004947,-0.004481,-0.004284,-0.004979,-0.006456,-0.008367,-0.010536,-0.012538,-0.014037,-0.014814,-0.014778,-0.013821,-0.012164,-0.009984,-0.007393,-0.004458,-0.001320,0.001858,0.004850,0.007462,0.009565,0.011009,0.011796,0.012024,0.011793,0.011243,0.010529,0.009726,0.008867,0.008017,0.007203,0.006425,0.005672,0.004952,0.004266,0.003606,0.002970,0.002370,0.001805,0.001274,0.000783,0.000337,-0.000075,-0.000454,-0.000771,-0.001004,-0.001151,-0.001216,-0.001208,-0.001142,-0.001021,-0.000826,-0.000557,-0.000227,0.000166,0.000632,0.001168,0.001745,0.002349,0.002973,0.003630,0.004362,0.005190,0.006085,0.007034,0.008059,0.009136,0.010205,0.011214,0.012115,0.012790,0.013084,0.012886,0.012091,0.010612,0.008480,0.005913,0.003092,0.000241,-0.002396,-0.004742,-0.006761,-0.008413,-0.009719,-0.010674,-0.011272,-0.011537,-0.011567,-0.011520,-0.011450,-0.011530,-0.011662,-0.011832,-0.011206,-0.009134,-0.005091,-0.000779,0.000000,0.000000
0.000000,0.000000,0.000000,-0.001869,-0.002235,-0.001753,-0.001696,-0.002702,-0.004678,-0.007322,-0.010192,-0.012847,-0.014896,-0.015961,-0.015876,-0.014676,-0.012729,-0.010294,-0.007525,-0.004533,-0.001502,0.001436,0.004150,0.006505,0.008413,0.009758,0.010557,0.010892,0.010825,0.010464,0.009933,0.009304,0.008615,0.007904,0.007187,0.006468,0.005743,0.005039,0.004366,0.003701,0.003045,0.002414,0.001811,0.001234,0.000694,0.000197,-0.000263,-0.000681,-0.001034,-0.001295,-0.001460,-0.001539,-0.001541,-0.001478,-0.001345,-0.001125,-0.000823,-0.000450,-0.000009,0.000507,0.001095,0.001722,0.002365,0.003013,0.003673,0.004385,0.005182,0.006032,0.006908,0.007835,0.008785,0.009710,0.010562,0.011281,0.011763,0.011894,0.011614,0.010860,0.009544,0.007651,0.005381,0.002876,0.000267,-0.002257,-0.004580,-0.006633,-0.008387,-0.009825,-0.010840,-0.011394,-0.011561,-0.011399,-0.010970,-0.010407,-0.010087,-0.009976,-0.010088,-0.009731,-0.007887,-0.003895,0.000000,0.000000,0.000000
0.000000,0.000000,0.000000,0.000108,0.000768,0.001316,0.001209,-0.000088,-0.002593,-0.006062,-0.009793,-0.013312,-0.016035,-0.017329,-0.016992,-0.015409,-0.013089,-0.010379,-0.007488,-0.004558,-0.001684,0.001038,0.003514,0.005618,0.007334,0.008587,0.009379,0.009768,0.009839,0.009662,0.009305,0.008831,0.008291,0.007710,0.007089,0.006427,0.005746,0.005081,0.004422,0.003751,0.003084,0.002430,0.001782,0.001154,0.000566,0.000013,-0.000499,-0.000965,-0.001362,-0.001660,-0.001848,-0.001941,-0.001955,-0.001893,-0.001744,-0.001499,-0.001159,-0.000735,-0.000238,0.000333,0.000970,0.001650,0.002340,0.003011,0.003670,0.004352,0.005097,0.005888,0.006687,0.007505,0.008313,0.009075,0.009765,0.010318,0.010637,0.010648,0.010324,0.009600,0.008427,0.006771,0.004776,0.002542,0.000185,-0.002191,-0.004476,-0.006569,-0.008397,-0.009909,-0.010951,-0.011509,-0.011534,-0.011026,-0.010130,-0.009053,-0.008195,-0.007733,-0.007777,-0.007797,-0.006423,-0.002883,0.000000,0.000000,0.000000
0.000000,0.000000,0.000000,0.001392,0.003410,0.004442,0.004255,0.002670,-0.000385,-0.004684,-0.009509,-0.014165,-0.017521,-0.018739,-0.017915,-0.015831,-0.013127,-0.010192,-0.007251,-0.004420,-0.001729,0.000764,0.002981,0.004832,0.006356,0.007518,0.008304,0.008748,0.008924,0.008890,0.008685,0.008349,0.007934,0.007463,0.006929,0.006334,0.005716,0.005099,0.004454,0.003776,0.003100,0.002423,0.001727,0.001048,0.000402,-0.000216,-0.000794,-0.001320,-0.001774,-0.002115,-0.002331,-0.002442,-0.002465,-0.002401,-0.002229,-0.001944,-0.001557,-0.001073,-0.000511,0.000121,0.000814,0.001542,0.002270,0.002968,0.003628,0.004276,0.004953,0.005667,0.006386,0.007095,0.007768,0.008374,0.008901,0.009300,0.009491,0.009414,0.009047,0.008341,0.007298,0.005896,0.004174,0.002181,0.000051,-0.002142,-0.004355,-0.006460,-0.008347,-0.009931,-0.011084,-0.011714,-0.011575,-0.010631,-0.009212,-0.007579,-0.006055,-0.005060,-0.005033,-0.005538,-0.004737,-0.002206,0.000000,0.000000,0.000000
0.000000,0.000000,0.000000,0.002035,0.005052,0.007253,0.007194,0.005233,0.001563,-0.003603,-0.009543,-0.015173,-0.018933,-0.019891,-0.018472,-0.015765,-0.012665,-0.009579,-0.006648,-0.003942,-0.001491,0.000683,0.002589,0.004198,0.005531,0.006572,0.007335,0.007835,0.008093,0.008160,0.008081,0.007879,0.007582,0.007205,0.006748,0.006228,0.005680,0.005104,0.004470,0.003797,0.003114,0.002405,0.001657,0.000920,0.000206,-0.000494,-0.001160,-0.001763,-0.002276,-0.002668,-0.002921,-0.003053,-0.003089,-0.003017,-0.002807,-0.002464,-0.002014,-0.001463,-0.000824,-0.000120,0.000632,0.001407,0.002170,0.002895,0.003565,0.004184,0.004786,0.005405,0.006029,0.006631,0.007188,0.007658,0.008020,0.008272,0.008358,0.008207,0.007795,0.007120,0.006217,0.005044,0.003587,0.001850,-0.000068,-0.002085,-0.004193,-0.006292,-0.008233,-0.009914,-0.011207,-0.011930,-0.011743,-0.010494,-0.008485,-0.006123,-0.003821,-0.002244,-0.002121,-0.003122,-0.003004,-0.001235,0.000000,0.000000,0.000000
0.000000,0.000000,0.000000,0.001593,0.005867,0.009551,0.009610,0.007009,0.002508,-0.003460,-0.010158,-0.016068,-0.019616,-0.020170,-0.018151,-0.014796,-0.011391,-0.008262,-0.005467,-0.003041,-0.000984,0.000781,0.002349,0.003717,0.004873,0.005781,0.006492,0.007009,0.007327,0.007478,0.007502,0.007418,0.007239,0.006957,0.006576,0.006133,0.005654,0.005112,0.004492,0.003825,0.003136,0.002391,0.001585,0.000781,-0.000016,-0.000817,-0.001590,-0.002287,-0.002875,-0.003331,-0.003635,-0.003798,-0.003845,-0.003757,-0.003492,-0.003068,-0.002532,-0.001897,-0.001170,-0.000386,0.000430,0.001259,0.002060,0.002811,0.003493,0.004096,0.004634,0.005149,0.005658,0.006145,0.006584,0.006923,0.007143,0.007267,0.007254,0.007038,0.006610,0.005988,0.005198,0.004206,0.003015,0.001594,-0.000064,-0.001885,-0.003860,-0.005926,-0.007968,-0.009794,-0.011274,-0.012172,-0.012110,-0.010678,-0.007985,-0.004669,-0.001582,0.000412,0.000772,-0.000427,-0.001285,-0.000067,0.000000,0.000000,0.000000
0.000000,0.000000,0.000000,0.000000,0.006034,0.010598,0.010874,0.007546,0.001980,-0.004816,-0.011627,-0.016818,-0.019334,-0.018968,-0.016187,-0.012413,-0.009048,-0.006142,-0.003737,-0.001829,-0.000254,0.001097,0.002301,0.003356,0.004307,0.005103,0.005764,0.006268,0.006627,0.006856,0.006969,0.006984,0.006904,0.006714,0.006429,0.006072,0.005650,0.005142,0.004548,0.003894,0.003188,0.002400,0.001529,0.000639,-0.000257,-0.001181,-0.002087,-0.002901,-0.003587,-0.004124,-0.004497,-0.004708,-0.004763,-0.004638,-0.004298,-0.003769,-0.003114,-0.002365,-0.001534,-0.000658,0.000232,0.001119,0.001961,0.002735,0.003427,0.004025,0.004522,0.004946,0.005331,0.005676,0.005975,0.006190,0.006292,0.006294,0.006176,0.005908,0.005495,0.004923,0.004233,0.003415,0.002492,0.001392,0.000047,-0.001496,-0.003225,-0.005196,-0.007351,-0.009402,-0.011205,-0.012463,-0.012638,-0.011083,-0.007697,-0.003352,0.000565,0.002969,0.003611,0.002353,0.000479,0.000000,0.000000,0.000000,0.000000
0.000000,0.000000,0.000000,0.000000,0.004467,0.009339,0.010181,0.006594,0.000213,-0.007203,-0.013480,-0.017216,-0.018094,-0.016202,-0.012450,-0.008587,-0.005687,-0.003319,-0.001621,-0.000417,0.000623,0.001564,0.002393,0.003101,0.003814,0.004496,0.005114,0.005600,0.005986,0.006277,0.006468,0.006570,0.006591,0.006502,0.006316,0.006050,0.005691,0.005222,0.004657,0.004019,0.003292,0.002451,0.001505,0.000513,-0.000513,-0.001580,-0.002634,-0.003594,-0.004416,-0.005077,-0.005550,-0.005818,-0.005872,-0.005683,-0.005235,-0.004571,-0.003766,-0.002870,-0.001910,-0.000921,0.000058,0.001006,0.001894,0.002692,0.003395,0.003987,0.004450,0.004803,0.005066,0.005263,0.005410,0.005481,0.005456,0.005330,0.005114,0.004816,0.004430,0.003929,0.003364,0.002737,0.002053,0.001246,0.000243,-0.000923,-0.002309,-0.004020,-0.006157,-0.008404,-0.010655,-0.012459,-0.013078,-0.011504,-0.007646,-0.002595,0.002240,0.005386,0.006122,0.004333,0.001744,0.000000,0.000000,0.000000,0.000000
0.000000,0.000000,0.000000,0.000000,0.002285,0.006676,0.007660,0.003893,-0.002519,-0.009528,-0.014736,-0.016884,-0.015951,-0.012359,-0.007640,-0.003948,-0.001724,-0.000185,0.000613,0.001099,0.001548,0.001980,0.002417,0.002843,0.003358,0.003912,0.004484,0.004978,0.005398,0.005735,0.005995,0.006186,0.006317,0.006347,0.006269,0.006084,0.005785,0.005370,0.004848,0.004217,0.003461,0.002567,0.001535,0.000420,-0.000758,-0.001988,-0.003216,-0.004369,-0.005383,-0.006213,-0.006822,-0.007159,-0.007198,-0.006924,-0.006334,-0.005490,-0.004486,-0.003396,-0.002270,-0.001155,-0.000074,0.000953,0.001894,0.002720,0.003420,0.003994,0.004422,0.004706,0.004867,0.004937,0.004926,0.004832,0.004654,0.004396,0.004085,0.003752,0.003383,0.002946,0.002515,0.002077,0.001642,0.001172,0.000610,-0.000132,-0.001145,-0.002428,-0.004257,-0.006505,-0.009070,-0.011512,-0.012783,-0.011524,-0.007645,-0.002383,0.003180,0.007173,0.007992,0.005344,0.001645,0.000000,0.000000,0.000000,0.000000
0.000000,0.000000,0.000000,0.000000,0.000000,0.003545,0.003753,-0.000220,-0.005985,-0.011693,-0.015192,-0.015556,-0.012879,-0.007841,-0.002609,0.000727,0.002178,0.002677,0.002589,0.002480,0.002346,0.002258,0.002320,0.002522,0.002870,0.003298,0.003817,0.004341,0.004829,0.005230,0.005573,0.005871,0.006124,0.006273,0.006299,0.006195,0.005962,0.005610,0.005137,0.004514,0.003724,0.002766,0.001643,0.000388,-0.000962,-0.002388,-0.003837,-0.005232,-0.006496,-0.007557,-0.008342,-0.008769,-0.008787,-0.008386,-0.007609,-0.006533,-0.005270,-0.003931,-0.002597,-0.001332,-0.000135,0.000985,0.001988,0.002841,0.003526,0.004068,0.004457,0.004676,0.004739,0.004679,0.004516,0.004250,0.003916,0.003519,0.003092,0.002673,0.002299,0.001946,0.001675,0.001436,0.001275,0.001187,0.001112,0.000855,0.000268,-0.000465,-0.001726,-0.003645,-0.006198,-0.009095,-0.011225,-0.010872,-0.007618,-0.002560,0.003074,0.007316,0.007853,0.004751,0.000000,0.000000,0.000000,0.000000,0.000000
0.000000,0.000000,0.000000,0.000000,0.000000,0.001190,-0.000187,-0.004335,-0.009816,-0.013949,-0.015226,-0.013368,-0.008969,-0.003124,0.001962,0.004688,0.005377,0.004916,0.004116,0.003440,0.002745,0.002247,0.001984,0.001993,0.002219,0.002593,0.003108,0.003676,0.004248,0.004757,0.005219,0.005656,0.006045,0.006306,0.006416,0.006391,0.006238,0.005957,0.005536,0.004925,0.004107,0.003089,0.001869,0.000455,-0.001110,-0.002774,-0.004491,-0.006195,-0.007791,-0.009157,-0.010160,-0.010681,-0.010659,-0.010101,-0.009077,-0.007696,-0.006105,-0.004459,-0.002874,-0.001417,-0.000079,0.001143,0.002205,0.003070,0.003733,0.004233,0.004575,0.004729,0.004688,0.004499,0.004180,0.003752,0.003254,0.002690,0.002102,0.001564,0.001160,0.000883,0.000756,0.000739,0.000896,0.001201,0.001596,0.001957,0.001974,0.001836,0.001243,-0.000089,-0.002244,-0.005352,-0.008516,-0.009645,-0.007625,-0.003387,0.001788,0.005781,0.005874,0.002574,0.000000,0.000000,0.000000,0.000000,0.000000
0.000000,0.000000,0.000000,0.000000,0.000000,0.000000,-0.002193,-0.007258,-0.013113,-0.015713,-0.014687,-0.010601,-0.004927,0.000979,0.005252,0.007267,0.007373,0.006377,0.005134,0.003868,0.002677,0.001901,0.001365,0.001184,0.001329,0.001738,0.002333,0.002999,0.003684,0.004318,0.004930,0.005533,0.006068,0.006441,0.006644,0.006696,0.006624,0.006428,0.006063,0.005463,0.004620,0.003553,0.002236,0.000649,-0.001152,-0.003100,-0.005153,-0.007257,-0.009282,-0.011031,-0.012309,-0.012949,-0.012878,-0.012112,-0.010767,-0.008999,-0.006996,-0.004967,-0.003077,-0.001391,0.000115,0.001444,0.002558,0.003434,0.004072,0.004518,0.004795,0.004880,0.004756,0.004436,0.003955,0.003348,0.002655,0.001892,0.001137,0.000451,-0.000036,-0.000314,-0.000329,-0.000066,0.000483,0.001216,0.002030,0.003012,0.003719,0.004161,0.004217,0.003655,0.002128,-0.001006,-0.005243,-0.008127,-0.007847,-0.004801,-0.000447,0.003069,0.003318,0.000000,0.000000,0.000000,0.000000,0.000000,0.000000
0.000000,0.000000,0.000000,0.000000,0.000000,0.000000,-0.001103,-0.008613,-0.014607,-0.016059,-0.013150,-0.007802,-0.001580,0.003710,0.007046,0.008388,0.008170,0.006953,0.005433,0.003690,0.002152,0.001102,0.000343,0.000067,0.000213,0.000718,0.001460,0.002301,0.003170,0.003973,0.004742,0.005508,0.006180,0.006674,0.006975,0.007118,0.007139,0.007027,0.006719,0.006136,0.005281,0.004170,0.002765,0.001012,-0.001044,-0.003322,-0.005795,-0.008406,-0.010966,-0.013210,-0.014849,-0.015642,-0.015497,-0.014452,-0.012678,-0.010411,-0.007907,-0.005427,-0.003176,-0.001220,0.000477,0.001915,0.003078,0.003958,0.004557,0.004926,0.005105,0.005129,0.004945,0.004518,0.003867,0.003055,0.002145,0.001158,0.000165,-0.000752,-0.001406,-0.001712,-0.001594,-0.001030,-0.000089,0.001144,0.002416,0.003885,0.005208,0.006233,0.006917,0.007061,0.006184,0.003143,-0.001804,-0.006412,-0.008087,-0.006515,-0.002880,0.000199,0.001225,0.000000,0.000000,0.000000,0.000000,0.000000,0.000000
0.000000,0.000000,0.000000,0.000000,0.000000,0.000000,0.000000,-0.007335,-0.013222,-0.014539,-0.010822,-0.005334,0.000454,0.005057,0.007787,0.008707,0.008224,0.006752,0.004984,0.002953,0.001193,-0.000204,-0.001133,-0.001372,-0.001111,-0.000441,0.000545,0.001630,0.002722,0.003735,0.004692,0.005603,0.006401,0.007008,0.007416,0.007658,0.007779,0.007752,0.007504,0.006950,0.006099,0.004962,0.003477,0.001567,-0.000745,-0.003388,-0.006364,-0.009608,-0.012845,-0.015706,-0.017795,-0.018788,-0.018565,-0.017173,-0.014840,-0.011923,-0.008794,-0.005782,-0.003128,-0.000879,0.001016,0.002569,0.003772,0.004629,0.005173,0.005456,0.005542,0.005503,0.005269,0.004748,0.003945,0.002930,0.001785,0.000512,-0.000797,-0.002024,-0.002917,-0.003335,-0.003106,-0.002264,-0.000965,0.000853,0.002740,0.004627,0.006414,0.007923,0.009048,0.009569,0.009073,0.006392,0.001409,-0.004314,-0.007935,-0.007971,-0.004660,-0.001347,0.000000,0.000000,0.000000,0.000000,0.000000,0.000000,0.000000
0.000000,0.000000,0.000000,0.000000,0.000000,0.000000,0.000000,-0.002478,-0.010047,-0.011628,-0.008123,-0.003134,0.001933,0.005825,0.008073,0.008659,0.007847,0.006039,0.003954,0.001761,-0.000249,-0.001942,-0.002973,-0.003090,-0.002688,-0.001752,-0.000394,0.001033,0.002375,0.003598,0.004747,0.005809,0.006722,0.007438,0.007949,0.008308,0.008523,0.008577,0.008391,0.007876,0.007059,0.005930,0.004397,0.002355,-0.000206,-0.003274,-0.006844,-0.010810,-0.014858,-0.018508,-0.021201,-0.022479,-0.022152,-0.020281,-0.017211,-0.013477,-0.009597,-0.005968,-0.002853,-0.000310,0.001752,0.003386,0.004603,0.005425,0.005911,0.006113,0.006098,0.005974,0.005682,0.005108,0.004200,0.003012,0.001611,0.000020,-0.001669,-0.003297,-0.004598,-0.005307,-0.005056,-0.003847,-0.002052,0.000429,0.003001,0.005269,0.007319,0.009050,0.010323,0.010863,0.010561,0.008499,0.004098,-0.001917,-0.006999,-0.008305,-0.005437,-0.000564,0.000000,0.000000,0.000000,0.000000,0.000000,0.000000,0.000000
0.000000,0.000000,0.000000,0.000000,0.000000,0.000000,0.000000,0.000000,-0.005933,-0.007824,-0.005188,-0.000678,0.003696,0.006987,0.008403,0.008491,0.007250,0.005152,0.002663,0.000144,-0.002188,-0.004115,-0.005193,-0.005170,-0.004452,-0.003034,-0.001213,0.000571,0.002208,0.003649,0.004962,0.006140,0.007162,0.007983,0.008591,0.009046,0.009343,0.009479,0.009369,0.008915,0.008162,0.007075,0.005527,0.003381,0.000561,-0.002960,-0.007166,-0.011955,-0.016988,-0.021594,-0.024972,-0.026565,-0.026146,-0.023763,-0.019837,-0.015088,-0.010285,-0.005954,-0.002353,0.000487,0.002679,0.004358,0.005571,0.006344,0.006760,0.006866,0.006746,0.006548,0.006238,0.005660,0.004699,0.003366,0.001750,-0.000178,-0.002326,-0.004524,-0.006382,-0.007577,-0.007500,-0.005886,-0.003337,-0.000119,0.003088,0.005765,0.007968,0.009657,0.010833,0.011410,0.011151,0.009642,0.005979,0.000456,-0.005109,-0.006948,-0.004394,0.000000,0.000000,0.000000,0.000000,0.000000,0.000000,0.000000,0.000000
0.000000,0.000000,0.000000,0.000000,0.000000,0.000000,0.000000,0.000000,-0.000868,-0.003883,-0.002181,0.002074,0.006073,0.008556,0.009072,0.008302,0.006549,0.004177,0.001409,-0.001553,-0.004394,-0.006636,-0.007771,-0.007553,-0.006320,-0.004168,-0.001828,0.000309,0.002232,0.003900,0.005337,0.006579,0.007676,0.008595,0.009298,0.009835,0.010202,0.010404,0.010371,0.010006,0.009341,0.008321,0.006788,0.004557,0.001515,-0.002416,-0.007286,-0.013044,-0.019213,-0.024781,-0.028757,-0.030621,-0.030151,-0.027366,-0.022643,-0.016777,-0.010853,-0.005696,-0.001598,0.001503,0.003788,0.005447,0.006604,0.007299,0.007621,0.007631,0.007438,0.007186,0.006872,0.006322,0.005353,0.003977,0.002236,0.000051,-0.002631,-0.005540,-0.008161,-0.010091,-0.010439,-0.008462,-0.004977,-0.000804,0.003179,0.006310,0.008566,0.009917,0.010788,0.011282,0.011153,0.009982,0.007196,0.002543,-0.002613,-0.004350,-0.001035,0.000000,0.000000,0.000000,0.000000,0.000000,0.000000,0.000000,0.000000
0.000000,0.000000,0.000000,0.000000,0.000000,0.000000,0.000000,0.000000,0.000000,-0.001046,0.001177,0.004964,0.008632,0.010512,0.010104,0.008345,0.005871,0.003137,0.000080,-0.003234,-0.006666,-0.009481,-0.010745,-0.010061,-0.007989,-0.005027,-0.002079,0.000478,0.002681,0.004448,0.005920,0.007190,0.008333,0.009303,0.010064,0.010675,0.011112,0.011371,0.011407,0.011145,0.010588,0.009648,0.008118,0.005800,0.002559,-0.001757,-0.007333,-0.014157,-0.021445,-0.027783,-0.032161,-0.034226,-0.033743,-0.030712,-0.025434,-0.018552,-0.011433,-0.005370,-0.000750,0.002610,0.004971,0.006594,0.007649,0.008246,0.008467,0.008389,0.008145,0.007852,0.007562,0.007100,0.006253,0.004952,0.003213,0.000874,-0.002228,-0.005957,-0.009688,-0.012703,-0.013666,-0.011529,-0.007096,-0.001654,0.003341,0.006988,0.009165,0.010034,0.010271,0.010582,0.010795,0.010351,0.008413,0.004660,0.000424,-0.001702,0.000000,0.000000,0.000000,0.000000,0.000000,0.000000,0.000000,0.000000,0.000000
0.000000,0.000000,0.000000,0.000000,0.000000,0.000000,0.000000,0.000000,0.000000,0.001213,0.002963,0.007243,0.011435,0.012606,0.011542,0.008732,0.005559,0.002306,-0.001149,-0.005043,-0.009022,-0.012354,-0.013660,-0.012335,-0.009112,-0.005238,-0.001722,0.001232,0.003546,0.005243,0.006629,0.007894,0.009050,0.010025,0.010815,0.011474,0.011974,0.012275,0.012380,0.012232,0.011774,0.010895,0.009369,0.006974,0.003554,-0.001129,-0.007451,-0.015368,-0.023585,-0.030363,-0.034999,-0.037313,-0.036827,-0.033601,-0.028025,-0.020408,-0.012141,-0.005095,0.000081,0.003709,0.006149,0.007708,0.008642,0.009107,0.009190,0.008995,0.008693,0.008395,0.008178,0.007888,0.007305,0.006240,0.004630,0.002334,-0.000953,-0.005374,-0.010386,-0.014688,-0.016620,-0.014775,-0.009668,-0.002947,0.003260,0.007507,0.009722,0.010275,0.009961,0.009866,0.010623,0.010970,0.009900,0.006220,0.002129,0.000710,0.000000,0.000000,0.000000,0.000000,0.000000,0.000000,0.000000,0.000000,0.000000
0.000000,0.000000,0.000000,0.000000,0.000000,0.000000,0.000000,0.000000,0.000000,0.000000,0.002875,0.008495,0.013130,0.014243,0.012696,0.009413,0.005727,0.001993,-0.002084,-0.006762,-0.011439,-0.014984,-0.015900,-0.013678,-0.009285,-0.004498,-0.000536,0.002518,0.004695,0.006232,0.007518,0.008683,0.009771,0.010720,0.011543,0.012227,0.012751,0.013106,0.013295,0.013257,0.012881,0.012032,0.010477,0.007994,0.004385,-0.000689,-0.007741,-0.016547,-0.025288,-0.032190,-0.037130,-0.039888,-0.039339,-0.035759,-0.030029,-0.022063,-0.012972,-0.005016,0.000750,0.004649,0.007178,0.008725,0.009543,0.009839,0.009753,0.009422,0.009075,0.008824,0.008722,0.008625,0.008390,0.007737,0.006512,0.004480,0.001265,-0.003608,-0.009709,-0.015481,-0.018772,-0.017859,-0.012844,-0.005220,0.002367,0.007721,0.010427,0.010916,0.010244,0.009866,0.010554,0.011386,0.010517,0.006693,0.002276,0.000000,0.000000,0.000000,0.000000,0.000000,0.000000,0.000000,0.000000,0.000000,0.000000
0.000000,0.000000,0.000000,0.000000,0.000000,0.000000,0.000000,0.000000,0.000000,0.000000,0.000000,0.007138,0.012734,0.014426,0.013133,0.009978,0.006138,0.001984,-0.002880,-0.008319,-0.013537,-0.016953,-0.017045,-0.013530,-0.008013,-0.002581,0.001528,0.004342,0.006143,0.007458,0.008538,0.009453,0.010358,0.011260,0.012105,0.012807,0.013370,0.013787,0.014067,0.014120,0.013787,0.012923,0.011298,0.008686,0.004848,-0.000614,-0.008186,-0.017423,-0.026197,-0.033013,-0.038382,-0.041774,-0.041142,-0.037007,-0.031118,-0.023183,-0.013750,-0.005213,0.001037,0.005230,0.007921,0.009478,0.010218,0.010356,0.010061,0.009549,0.009093,0.008850,0.008893,0.009099,0.009377,0.009387,0.008851,0.007344,0.004399,-0.000530,-0.007583,-0.014930,-0.019894,-0.020521,-0.016363,-0.008380,0.000632,0.007648,0.011170,0.011744,0.010870,0.010155,0.010452,0.010720,0.009324,0.005229,0.000000,0.000000,0.000000,0.000000,0.000000,0.000000,0.000000,0.000000,0.000000,0.000000,0.000000
0.000000,0.000000,0.000000,0.000000,0.000000,0.000000,0.000000,0.000000,0.000000,0.000000,0.000000,0.003518,0.008975,0.012579,0.012392,0.009932,0.006355,0.001856,-0.003542,-0.009591,-0.014970,-0.017889,-0.016861,-0.012103,-0.005673,-0.000033,0.003836,0.006229,0.007603,0.008542,0.009267,0.009942,0.010756,0.011619,0.012437,0.013128,0.013761,0.014322,0.014709,0.014821,0.014499,0.013581,0.011825,0.009034,0.004927,-0.000848,-0.008634,-0.017829,-0.026337,-0.033087,-0.039007,-0.043103,-0.042397,-0.037599,-0.031392,-0.023587,-0.014193,-0.005408,0.001159,0.005600,0.008460,0.010098,0.010753,0.010659,0.010093,0.009351,0.008726,0.008458,0.008672,0.009240,0.010046,0.010757,0.011046,0.010365,0.008060,0.003266,-0.004397,-0.013119,-0.019766,-0.022137,-0.019360,-0.011831,-0.001916,0.006643,0.011421,0.012294,0.011204,0.010130,0.009561,0.008787,0.006018,0.002664,0.000000,0.000000,0.000000,0.000000,0.000000,0.000000,0.000000,0.000000,0.000000,0.000000,0.000000
0.000000,0.000000,0.000000,0.000000,0.000000,0.000000,0.000000,0.000000,0.000000,0.000000,0.000000,0.000000,0.004327,0.008843,0.010399,0.008996,0.005830,0.001375,-0.004258,-0.010369,-0.015514,-0.017581,-0.015425,-0.009734,-0.002945,0.002558,0.006017,0.007967,0.008970,0.009481,0.009770,0.010202,0.010921,0.011726,0.012508,0.013254,0.014027,0.014711,0.015201,0.015379,0.015035,0.014013,0.012105,0.009113,0.004811,-0.001089,-0.008788,-0.017623,-0.025834,-0.032684,-0.039105,-0.043762,-0.043076,-0.037724,-0.031060,-0.023254,-0.014088,-0.005422,0.001217,0.005820,0.008814,0.010457,0.011029,0.010695,0.009787,0.008729,0.007880,0.007461,0.007727,0.008696,0.010194,0.011756,0.012966,0.013281,0.011798,0.007630,-0.000077,-0.009738,-0.017914,-0.022113,-0.021140,-0.014905,-0.005341,0.004209,0.010423,0.012186,0.011067,0.009353,0.008018,0.005920,0.003065,0.000000,0.000000,0.000000,0.000000,0.000000,0.000000,0.000000,0.000000,0.000000,0.000000,0.000000,0.000000
0.000000,0.000000,0.000000,0.000000,0.000000,0.000000,0.000000,0.000000,0.000000,0.000000,0.000000,0.000000,0.000000,0.004005,0.007067,0.007177,0.004686,0.000490,-0.004826,-0.010690,-0.015162,-0.016246,-0.013171,-0.007240,-0.000678,0.004485,0.007600,0.009184,0.009798,0.009845,0.009773,0.009972,0.010486,0.011241,0.012141,0.013099,0.014078,0.014920,0.015529,0.015768,0.015379,0.014218,0.012111,0.008932,0.004499,-0.001348,-0.008693,-0.016960,-0.024851,-0.031812,-0.038528,-0.043528,-0.042946,-0.037252,-0.030148,-0.022299,-0.013478,-0.005185,0.001335,0.006007,0.009079,0.010796,0.011280,0.010649,0.009235,0.007640,0.006400,0.005754,0.006006,0.007328,0.009553,0.012109,0.014350,0.015621,0.015151,0.011789,0.004758,-0.004894,-0.014400,-0.020519,-0.021448,-0.017085,-0.008727,0.000834,0.008149,0.010886,0.010085,0.008045,0.005540,0.002909,0.000000,0.000000,0.000000,0.000000,0.000000,0.000000,0.000000,0.000000,0.000000,0.000000,0.000000,0.000000,0.000000
0.000000,0.000000,0.000000,0.000000,0.000000,0.000000,0.000000,0.000000,0.000000,0.000000,0.000000,0.000000,0.000000,0.000000,0.003253,0.004554,0.003274,-0.000270,-0.005197,-0.010384,-0.014123,-0.014349,-0.010910,-0.005296,0.000652,0.005455,0.008503,0.009888,0.010054,0.009650,0.009270,0.009226,0.009572,0.010408,0.011581,0.012859,0.014068,0.015025,0.015759,0.016059,0.015591,0.014287,0.012047,0.008731,0.004239,-0.001474,-0.008403,-0.016067,-0.023650,-0.030687,-0.037545,-0.042792,-0.042349,-0.036387,-0.028854,-0.020896,-0.012443,-0.004581,0.001791,0.006492,0.009596,0.011243,0.011560,0.010579,0.008567,0.006188,0.004268,0.003173,0.003330,0.005048,0.008026,0.011604,0.014866,0.017120,0.017620,0.015413,0.009567,0.000482,-0.009587,-0.017389,-0.020375,-0.017899,-0.011148,-0.002448,0.004869,0.008388,0.008106,0.005582,0.002743,0.000000,0.000000,0.000000,0.000000,0.000000,0.000000,0.000000,0.000000,0.000000,0.000000,0.000000,0.000000,0.000000,0.000000
0.000000,0.000000,0.000000,0.000000,0.000000,0.000000,0.000000,0.000000,0.000000,0.000000,0.000000,0.000000,0.000000,0.000000,0.000000,0.002244,0.001692,-0.000832,-0.005067,-0.009549,-0.012472,-0.012381,-0.009132,-0.004207,0.001272,0.006044,0.009134,0.010338,0.009983,0.008885,0.007946,0.007563,0.007880,0.009016,0.010624,0.012316,0.013825,0.015046,0.015982,0.016296,0.015728,0.014307,0.011926,0.008589,0.004151,-0.001383,-0.007921,-0.015091,-0.022372,-0.029396,-0.036365,-0.041878,-0.041563,-0.035246,-0.027277,-0.019237,-0.011079,-0.003617,0.002557,0.007171,0.010258,0.011892,0.012012,0.010718,0.008072,0.004636,0.001504,-0.000476,-0.000602,0.001484,0.005363,0.010195,0.014779,0.018051,0.019484,0.018116,0.013403,0.005698,-0.004204,-0.013272,-0.018108,-0.017569,-0.012458,-0.005242,0.001503,0.005104,0.004915,0.002727,0.000000,0.000000,0.000000,0.000000,0.000000,0.000000,0.000000,0.000000,0.000000,0.000000,0.000000,0.000000,0.000000,0.000000,0.000000
0.000000,0.000000,0.000000,0.000000,0.000000,0.000000,0.000000,0.000000,0.000000,0.000000,0.000000,0.000000,0.000000,0.000000,0.000000,0.000000,0.001265,-0.001086,-0.004463,-0.008255,-0.010839,-0.010822,-0.008220,-0.003774,0.001661,0.006686,0.009770,0.010409,0.009346,0.007503,0.005865,0.005101,0.005573,0.007249,0.009483,0.011714,0.013622,0.015107,0.016198,0.016475,0.015831,0.014320,0.011807,0.008436,0.004095,-0.001219,-0.007391,-0.014089,-0.020998,-0.027848,-0.034802,-0.040548,-0.040304,-0.033629,-0.025320,-0.017314,-0.009510,-0.002395,0.003579,0.008161,0.011321,0.012917,0.012886,0.011306,0.008018,0.003311,-0.001409,-0.004705,-0.005409,-0.003046,0.001766,0.007936,0.013887,0.018230,0.020297,0.019648,0.016040,0.009447,0.000471,-0.008783,-0.015133,-0.016523,-0.013163,-0.006958,-0.001056,0.002236,0.002562,0.000000,0.000000,0.000000,0.000000,0.000000,0.000000,0.000000,0.000000,0.000000,0.000000,0.000000,0.000000,0.000000,0.000000,0.000000,0.000000
0.000000,0.000000,0.000000,0.000000,0.000000,0.000000,0.000000,0.000000,0.000000,0.000000,0.000000,0.000000,0.000000,0.000000,0.000000,0.000000,0.000000,0.000147,-0.003470,-0.006736,-0.009312,-0.009855,-0.007873,-0.003545,0.002313,0.007687,0.010426,0.010249,0.008186,0.005294,0.002825,0.001846,0.002697,0.005102,0.008164,0.011114,0.013534,0.015375,0.016517,0.016665,0.015984,0.014451,0.011839,0.008485,0.004227,-0.000915,-0.006775,-0.013117,-0.019721,-0.026349,-0.033134,-0.038981,-0.038760,-0.031819,-0.023300,-0.015333,-0.007757,-0.000884,0.004901,0.009422,0.012605,0.014218,0.014115,0.012302,0.008425,0.002443,-0.004053,-0.008784,-0.010358,-0.008310,-0.003036,0.004369,0.011852,0.017394,0.020164,0.020033,0.017074,0.011593,0.003783,-0.005007,-0.011897,-0.014957,-0.012870,-0.007492,-0.002116,0.001328,0.000000,0.000000,0.000000,0.000000,0.000000,0.000000,0.000000,0.000000,0.000000,0.000000,0.000000,0.000000,0.000000,0.000000,0.000000,0.000000,0.000000
0.000000,0.000000,0.000000,0.000000,0.000000,0.000000,0.000000,0.000000,0.000000,0.000000,0.000000,0.000000,0.000000,0.000000,0.000000,0.000000,0.000000,0.000000,-0.000658,-0.004950,-0.007625,-0.008890,-0.007505,-0.003263,0.002857,0.008268,0.010698,0.009614,0.006388,0.002250,-0.001071,-0.002166,-0.000625,0.002848,0.007012,0.010841,0.013816,0.015822,0.016853,0.016829,0.016076,0.014486,0.011880,0.008550,0.004398,-0.000518,-0.006117,-0.012181,-0.018636,-0.025068,-0.031630,-0.037401,-0.037138,-0.030048,-0.021391,-0.013397,-0.005899,0.000805,0.006427,0.010881,0.014042,0.015664,0.015631,0.013750,0.009506,0.002537,-0.005426,-0.011605,-0.014386,-0.013387,-0.008530,-0.000376,0.008810,0.015831,0.019419,0.019593,0.017039,0.011918,0.005088,-0.002538,-0.009259,-0.012736,-0.011381,-0.006392,-0.000358,0.000000,0.000000,0.000000,0.000000,0.000000,0.000000,0.000000,0.000000,0.000000,0.000000,0.000000,0.000000,0.000000,0.000000,0.000000,0.000000,0.000000,0.000000
0.000000,0.000000,0.000000,0.000000,0.000000,0.000000,0.000000,0.000000,0.000000,0.000000,0.000000,0.000000,0.000000,0.000000,0.000000,0.000000,0.000000,0.000000,0.000000,-0.001097,-0.005467,-0.006928,-0.006434,-0.002584,0.003033,0.008092,0.009828,0.007992,0.003798,-0.001076,-0.004913,-0.005912,-0.003691,0.000947,0.006343,0.010959,0.014257,0.016283,0.017106,0.017024,0.016273,0.014556,0.011892,0.008608,0.004536,-0.000185,-0.005542,-0.011353,-0.017603,-0.023854,-0.030133,-0.035679,-0.035297,-0.028147,-0.019459,-0.011453,-0.004090,0.002350,0.007777,0.012117,0.015272,0.017107,0.017326,0.015463,0.010978,0.003267,-0.005880,-0.013357,-0.017631,-0.017960,-0.013922,-0.005555,0.004803,0.013362,0.017591,0.017957,0.015406,0.010927,0.004692,-0.001569,-0.007282,-0.009719,-0.008314,-0.001985,0.000000,0.000000,0.000000,0.000000,0.000000,0.000000,0.000000,0.000000,0.000000,0.000000,0.000000,0.000000,0.000000,0.000000,0.000000,0.000000,0.000000,0.000000,0.000000
0.000000,0.000000,0.000000,0.000000,0.000000,0.000000,0.000000,0.000000,0.000000,0.000000,0.000000,0.000000,0.000000,0.000000,0.000000,0.000000,0.000000,0.000000,0.000000,0.000000,-0.001070,-0.004233,-0.004203,-0.001752,0.002857,0.007019,0.008146,0.005415,0.000657,-0.004424,-0.008045,-0.008593,-0.005682,-0.000047,0.006388,0.011568,0.014897,0.016622,0.017203,0.017120,0.016366,0.014587,0.012053,0.008804,0.004726,0.000153,-0.005026,-0.010620,-0.016603,-0.022605,-0.028625,-0.033896,-0.033343,-0.026111,-0.017418,-0.009472,-0.002330,0.003843,0.009074,0.013278,0.016355,0.018192,0.018512,0.016741,0.012191,0.004343,-0.005175,-0.013560,-0.019176,-0.021053,-0.018084,-0.010265,0.000482,0.009964,0.015054,0.015678,0.013339,0.008806,0.003178,-0.001857,-0.004869,-0.006041,-0.002370,0.000000,0.000000,0.000000,0.000000,0.000000,0.000000,0.000000,0.000000,0.000000,0.000000,0.000000,0.000000,0.000000,0.000000,0.000000,0.000000,0.000000,0.000000,0.000000,0.000000
0.000000,0.000000,0.000000,0.000000,0.000000,0.000000,0.000000,0.000000,0.000000,0.000000,0.000000,0.000000,0.000000,0.000000,0.000000,0.000000,0.000000,0.000000,0.000000,0.000000,0.000000,0.000155,-0.001327,-0.001330,0.002428,0.005622,0.005928,0.002898,-0.001847,-0.006643,-0.009919,-0.010226,-0.006806,-0.000247,0.006704,0.011977,0.015192,0.016723,0.017129,0.016944,0.016094,0.014284,0.011903,0.008808,0.004842,0.000418,-0.004678,-0.010166,-0.015820,-0.021452,-0.027205,-0.032201,-0.031393,-0.024029,-0.015328,-0.007506,-0.000671,0.005142,0.010025,0.013861,0.016729,0.018459,0.018818,0.017238,0.012975,0.005604,-0.003498,-0.012097,-0.018903,-0.022204,-0.020403,-0.013417,-0.003257,0.006754,0.012348,0.013076,0.010662,0.006454,0.001617,-0.002046,-0.001999,-0.000380,0.000000,0.000000,0.000000,0.000000,0.000000,0.000000,0.000000,0.000000,0.000000,0.000000,0.000000,0.000000,0.000000,0.000000,0.000000,0.000000,0.000000,0.000000,0.000000,0.000000,0.000000
0.000000,0.000000,0.000000,0.000000,0.000000,0.000000,0.000000,0.000000,0.000000,0.000000,0.000000,0.000000,0.000000,0.000000,0.000000,0.000000,0.000000,0.000000,0.000000,0.000000,0.000000,0.000000,0.000000,0.000421,0.001254,0.003653,0.003862,0.001330,-0.002857,-0.007118,-0.010258,-0.010730,-0.007261,-0.000548,0.006522,0.011644,0.014591,0.016025,0.016508,0.016351,0.015515,0.013902,0.011873,0.008879,0.004947,0.000685,-0.004455,-0.009980,-0.015277,-0.020355,-0.025694,-0.030364,-0.029229,-0.021760,-0.013208,-0.005731,0.000562,0.005944,0.010358,0.013773,0.016409,0.017857,0.018066,0.016684,0.012840,0.006330,-0.001621,-0.009629,-0.017116,-0.021637,-0.020648,-0.014574,-0.005333,0.003889,0.009438,0.010338,0.007798,0.004247,0.000406,-0.000288,0.000000,0.000000,0.000000,0.000000,0.000000,0.000000,0.000000,0.000000,0.000000,0.000000,0.000000,0.000000,0.000000,0.000000,0.000000,0.000000,0.000000,0.000000,0.000000,0.000000,0.000000,0.000000,0.000000
0.000000,0.000000,0.000000,0.000000,0.000000,0.000000,0.000000,0.000000,0.000000,0.000000,0.000000,0.000000,0.000000,0.000000,0.000000,0.000000,0.000000,0.000000,0.000000,0.000000,0.000000,0.000000,0.000000,0.000000,0.001552,0.001537,0.002071,0.000538,-0.002369,-0.006023,-0.009064,-0.009933,-0.006794,-0.000617,0.005887,0.010601,0.013181,0.014556,0.015156,0.015046,0.014431,0.013182,0.011423,0.008683,0.005041,0.000905,-0.004389,-0.010147,-0.015116,-0.019260,-0.023837,-0.028014,-0.026567,-0.019192,-0.011062,-0.004172,0.001514,0.006388,0.010293,0.013170,0.015456,0.016557,0.016490,0.015147,0.011799,0.006457,-0.000018,-0.007089,-0.014381,-0.019097,-0.018386,-0.013011,-0.005267,0.002723,0.007185,0.007227,0.004948,0.001647,0.001502,0.000000,0.000000,0.000000,0.000000,0.000000,0.000000,0.000000,0.000000,0.000000,0.000000,0.000000,0.000000,0.000000,0.000000,0.000000,0.000000,0.000000,0.000000,0.000000,0.000000,0.000000,0.000000,0.000000,0.000000
0.000000,0.000000,0.000000,0.000000,0.000000,0.000000,0.000000,0.000000,0.000000,0.000000,0.000000,0.000000,0.000000,0.000000,0.000000,0.000000,0.000000,0.000000,0.000000,0.000000,0.000000,0.000000,0.000000,0.000000,0.000000,0.000000,0.001830,0.000624,-0.001293,-0.004053,-0.007039,-0.008435,-0.006195,-0.001316,0.004363,0.008455,0.010788,0.012239,0.013014,0.013112,0.012823,0.012054,0.010928,0.008675,0.005227,0.001033,-0.004651,-0.010607,-0.014949,-0.017790,-0.021313,-0.024942,-0.023317,-0.016376,-0.009026,-0.002955,0.002022,0.006411,0.009820,0.012129,0.013850,0.014426,0.014056,0.012775,0.010008,0.005744,0.000656,-0.005089,-0.011154,-0.015166,-0.014249,-0.009547,-0.003287,0.002090,0.005118,0.003494,0.002528,0.000000,0.000000,0.000000,0.000000,0.000000,0.000000,0.000000,0.000000,0.000000,0.000000,0.000000,0.000000,0.000000,0.000000,0.000000,0.000000,0.000000,0.000000,0.000000,0.000000,0.000000,0.000000,0.000000,0.000000,0.000000,0.000000
0.000000,0.000000,0.000000,0.000000,0.000000,0.000000,0.000000,0.000000,0.000000,0.000000,0.000000,0.000000,0.000000,0.000000,0.000000,0.000000,0.000000,0.000000,0.000000,0.000000,0.000000,0.000000,0.000000,0.000000,0.000000,0.000000,0.000000,0.000000,0.001290,-0.001065,-0.004468,-0.005868,-0.005169,-0.001930,0.002357,0.005708,0.007832,0.009520,0.010453,0.010786,0.010940,0.010658,0.009983,0.008338,0.005262,0.000933,-0.004981,-0.010796,-0.014107,-0.015443,-0.017936,-0.021099,-0.019489,-0.013408,-0.007220,-0.002137,0.002053,0.005814,0.008627,0.010355,0.011655,0.011990,0.011449,0.010091,0.007612,0.004297,0.000528,-0.003928,-0.008278,-0.010986,-0.009508,-0.005466,-0.000794,0.001782,0.002968,0.000000,0.000000,0.000000,0.000000,0.000000,0.000000,0.000000,0.000000,0.000000,0.000000,0.000000,0.000000,0.000000,0.000000,0.000000,0.000000,0.000000,0.000000,0.000000,0.000000,0.000000,0.000000,0.000000,0.000000,0.000000,0.000000,0.000000,0.000000
0.000000,0.000000,0.000000,0.000000,0.000000,0.000000,0.000000,0.000000,0.000000,0.000000,0.000000,0.000000,0.000000,0.000000,0.000000,0.000000,0.000000,0.000000,0.000000,0.000000,0.000000,0.000000,0.000000,0.000000,0.000000,0.000000,0.000000,0.000000,0.000000,0.000000,0.000285,-0.001994,-0.004070,-0.001883,0.000624,0.003340,0.004956,0.006229,0.007056,0.007716,0.008376,0.008765,0.008975,0.008083,0.005131,0.000621,-0.005204,-0.010260,-0.012155,-0.012162,-0.013938,-0.016654,-0.015178,-0.010228,-0.005614,-0.001820,0.001648,0.005034,0.007424,0.008692,0.009456,0.009296,0.008351,0.006881,0.004598,0.002357,-0.000231,-0.003205,-0.006112,-0.006761,-0.005305,-0.001162,0.001508,0.000000,0.000000,0.000000,0.000000,0.000000,0.000000,0.000000,0.000000,0.000000,0.000000,0.000000,0.000000,0.000000,0.000000,0.000000,0.000000,0.000000,0.000000,0.000000,0.000000,0.000000,0.000000,0.000000,0.000000,0.000000,0.000000,0.000000,0.000000,0.000000,0.000000
0.000000,0.000000,0.000000,0.000000,0.000000,0.000000,0.000000,0.000000,0.000000,0.000000,0.000000,0.000000,0.000000,0.000000,0.000000,0.000000,0.000000,0.000000,0.000000,0.000000,0.000000,0.000000,0.000000,0.000000,0.000000,0.000000,0.000000,0.000000,0.000000,0.000000,0.000000,0.000000,0.000160,-0.000914,-0.000846,0.001265,0.002718,0.003986,0.004786,0.005332,0.005961,0.006788,0.007419,0.006984,0.004341,0.000080,-0.004867,-0.008401,-0.008853,-0.008168,-0.009655,-0.011847,-0.010580,-0.006819,-0.003801,-0.001536,0.000857,0.003576,0.005548,0.006411,0.006769,0.006402,0.005371,0.004239,0.002372,0.000647,-0.000836,-0.002144,-0.004151,-0.002149,0.000034,0.000000,0.000000,0.000000,0.000000,0.000000,0.000000,0.000000,0.000000,0.000000,0.000000,0.000000,0.000000,0.000000,0.000000,0.000000,0.000000,0.000000,0.000000,0.000000,0.000000,0.000000,0.000000,0.000000,0.000000,0.000000,0.000000,0.000000,0.000000,0.000000,0.000000,0.000000,0.000000
0.000000,0.000000,0.000000,0.000000,0.000000,0.000000,0.000000,0.000000,0.000000,0.000000,0.000000,0.000000,0.000000,0.000000,0.000000,0.000000,0.000000,0.000000,0.000000,0.000000,0.000000,0.000000,0.000000,0.000000,0.000000,0.000000,0.000000,0.000000,0.000000,0.000000,0.000000,0.000000,0.000000,0.000000,0.000994,0.001005,0.001336,0.001723,0.002286,0.002640,0.003239,0.004808,0.006195,0.006043,0.003653,0.000099,-0.003506,-0.005515,-0.005095,-0.004373,-0.005655,-0.007261,-0.006198,-0.003650,-0.001927,-0.000861,0.000586,0.002625,0.004139,0.004806,0.004740,0.003863,0.002654,0.001868,0.000672,-0.001020,-0.000266,0.000013,0.000251,0.000000,0.000000,0.000000,0.000000,0.000000,0.000000,0.000000,0.000000,0.000000,0.000000,0.000000,0.000000,0.000000,0.000000,0.000000,0.000000,0.000000,0.000000,0.000000,0.000000,0.000000,0.000000,0.000000,0.000000,0.000000,0.000000,0.000000,0.000000,0.000000,0.000000,0.000000,0.000000,0.000000,0.000000
0.000000,0.000000,0.000000,0.000000,0.000000,0.000000,0.000000,0.000000,0.000000,0.000000,0.000000,0.000000,0.000000,0.000000,0.000000,0.000000,0.000000,0.000000,0.000000,0.000000,0.000000,0.000000,0.000000,0.000000,0.000000,0.000000,0.000000,0.000000,0.000000,0.000000,0.000000,0.000000,0.000000,0.000000,0.000000,0.000000,0.000000,0.001540,0.001301,0.001387,0.001594,0.002616,0.004250,0.003635,0.002026,-0.000086,-0.001869,-0.002527,-0.001924,-0.001574,-0.002255,-0.002792,-0.002440,-0.001291,-0.000553,-0.000425,0.000181,0.001274,0.002253,0.002717,0.002838,0.001886,0.001343,0.001289,0.000793,0.000863,0.000000,0.000000,0.000000,0.000000,0.000000,0.000000,0.000000,0.000000,0.000000,0.000000,0.000000,0.000000,0.000000,0.000000,0.000000,0.000000,0.000000,0.000000,0.000000,0.000000,0.000000,0.000000,0.000000,0.000000,0.000000,0.000000,0.000000,0.000000,0.000000,0.000000,0.000000,0.000000,0.000000,0.000000,0.000000,0.000000,0.000000
0.000000,0.000000,0.000000,0.000000,0.000000,0.000000,0.000000,0.000000,0.000000,0.000000,0.000000,0.000000,0.000000,0.000000,0.000000,0.000000,0.000000,0.000000,0.000000,0.000000,0.000000,0.000000,0.000000,0.000000,0.000000,0.000000,0.000000,0.000000,0.000000,0.000000,0.000000,0.000000,0.000000,0.000000,0.000000,0.000000,0.000000,0.000000,0.000000,0.000000,0.000000,0.000000,0.002289,0.001770,0.001194,0.000853,0.000562,0.000525,0.000659,0.000787,0.000381,-0.000456,0.000454,0.000853,0.000872,0.000859,0.000776,0.000943,0.001133,0.001542,0.001837,0.000000,0.000000,0.000000,0.000000,0.000000,0.000000,0.000000,0.000000,0.000000,0.000000,0.000000,0.000000,0.000000,0.000000,0.000000,0.000000,0.000000,0.000000,0.000000,0.000000,0.000000,0.000000,0.000000,0.000000,0.000000,0.000000,0.000000,0.000000,0.000000,0.000000,0.000000,0.000000,0.000000,0.000000,0.000000,0.000000,0.000000,0.000000,0.000000,0.000000,0.000000,0.000000
0.000000,0.000000,0.000000,0.000000,0.000000,0.000000,0.000000,0.000000,0.000000,0.000000,0.000000,0.000000,0.000000,0.000000,0.000000,0.000000,0.000000,0.000000,0.000000,0.000000,0.000000,0.000000,0.000000,0.000000,0.000000,0.000000,0.000000,0.000000,0.000000,0.000000,0.000000,0.000000,0.000000,0.000000,0.000000,0.000000,0.000000,0.000000,0.000000,0.000000,0.000000,0.000000,0.000000,0.000000,0.000000,0.000000,0.000000,0.000000,0.000000,0.000000,0.000000,0.001752,0.000000,0.000000,0.000000,0.000000,0.000000,0.000000,0.000000,0.000000,0.000000,0.000000,0.000000,0.000000,0.000000,0.000000,0.000000,0.000000,0.000000,0.000000,0.000000,0.000000,0.000000,0.000000,0.000000,0.000000,0.000000,0.000000,0.000000,0.000000,0.000000,0.000000,0.000000,0.000000,0.000000,0.000000,0.000000,0.000000,0.000000,0.000000,0.000000,0.000000,0.000000,0.000000,0.000000,0.000000,0.000000,0.000000,0.000000,0.000000,0.000000,0.000000,0.000000
0.000000,0.000000,0.000000,0.000000,0.000000,0.000000,0.000000,0.000000,0.000000,0.000000,0.000000,0.000000,0.000000,0.000000,0.000000,0.000000,0.000000,0.000000,0.000000,0.000000,0.000000,0.000000,0.000000,0.000000,0.000000,0.000000,0.000000,0.000000,0.000000,0.000000,0.000000,0.000000,0.000000,0.000000,0.000000,0.000000,0.000000,0.000000,0.000000,0.000000,0.000000,0.000000,0.000000,0.000000,0.000000,0.000000,0.000000,0.000000,0.000000,0.000000,0.000000,0.000000,0.000000,0.000000,0.000000,0.000000,0.000000,0.000000,0.000000,0.000000,0.000000,0.000000,0.000000,0.000000,0.000000,0.000000,0.000000,0.000000,0.000000,0.000000,0.000000,0.000000,0.000000,0.000000,0.000000,0.000000,0.000000,0.000000,0.000000,0.000000,0.000000,0.000000,0.000000,0.000000,0.000000,0.000000,0.000000,0.000000,0.000000,0.000000,0.000000,0.000000,0.000000,0.000000,0.000000,0.000000,0.000000,0.000000,0.000000,0.000000,0.000000,0.000000,0.000000
