0.000000,0.000000,0.000000,0.000000,0.000000,0.000000,0.000000,0.000000,0.000000,0.000000,0.000000,0.000000,0.000000,0.000000,0.000000,0.000000,0.000000,0.000000,0.000000,0.000000,0.000000,0.000000,0.000000,0.000000,0.000000,0.000000,0.000000,0.000000,0.000000,0.000000,0.000000,0.000000,0.000000,0.000000,0.000000,0.000000,0.000000,0.000000,0.000000,0.000000,0.000000,0.000000,0.000000,0.000000,0.000000,0.000000,0.000000,0.000000,0.000000,0.000000,0.000000,0.000000,0.000000,0.000000,0.000000,0.000000,0.000000,0.000000,0.000000,0.000000,0.000000,0.000000,0.000000,0.000000,0.000000,0.000000,0.000000,0.000000,0.000000,0.000000,0.000000,0.000000,0.000000,0.000000,0.000000,0.000000,0.000000,0.000000,0.000000,0.000000,0.000000,0.000000,0.000000,0.000000,0.000000,0.000000,0.000000,0.000000,0.000000,0.000000,0.000000,0.000000,0.000000,0.000000,0.000000,0.000000,0.000000,0.000000,0.000000,0.000000,0.000000,0.000000,0.000000
0.000000,0.000000,0.000000,0.000000,0.000000,0.000000,0.000000,0.000000,0.000000,0.000000,0.000000,0.000000,0.000000,0.000000,0.000000,0.000000,0.000000,0.000000,0.000000,0.000000,0.000000,0.000000,0.000000,0.000000,0.000000,0.000000,0.000000,0.000000,0.000000,0.000000,0.000000,0.000000,0.000000,0.000000,0.000000,0.000000,0.000000,0.000000,0.000000,0.000000,0.000000,0.000000,0.000000,0.000000,0.000000,0.000000,0.000000,0.000000,0.000000,0.000000,0.000000,-0.001711,0.000000,0.000000,0.000000,0.000000,0.000000,0.000000,0.000000,0.000000,0.000000,0.000000,0.000000,0.000000,0.000000,0.000000,0.000000,0.000000,0.000000,0.000000,0.000000,0.000000,0.000000,0.000000,0.000000,0.000000,0.000000,0.000000,0.000000,0.000000,0.000000,0.000000,0.000000,0.000000,0.000000,0.000000,0.000000,0.000000,0.000000,0.000000,0.000000,0.000000,0.000000,0.000000,0.000000,0.000000,0.000000,0.000000,0.000000,0.000000,0.000000,0.000000,0.000000
0.000000,0.000000,0.000000,0.000000,0.000000,0.000000,0.000000,0.000000,0.000000,0.000000,0.000000,0.000000,0.000000,0.000000,0.000000,0.000000,0.000000,0.000000,0.000000,0.000000,0.000000,0.000000,0.000000,0.000000,0.000000,0.000000,0.000000,0.000000,0.000000,0.000000,0.000000,0.000000,0.000000,0.000000,0.000000,0.000000,0.000000,0.000000,0.000000,0.000000,0.000000,0.000000,-0.002362,-0.002205,-0.002064,-0.001962,-0.001843,-0.001765,-0.001687,-0.001602,-0.001613,-0.001736,-0.001901,-0.002024,-0.002032,-0.001947,-0.001911,-0.001997,-0.002061,-0.002011,-0.001995,0.000000,0.000000,0.000000,0.000000,0.000000,0.000000,0.000000,0.000000,0.000000,0.000000,0.000000,0.000000,0.000000,0.000000,0.000000,0.000000,0.000000,0.000000,0.000000,0.000000,0.000000,0.000000,0.000000,0.000000,0.000000,0.000000,0.000000,0.000000,0.000000,0.000000,0.000000,0.000000,0.000000,0.000000,0.000000,0.000000,0.000000,0.000000,0.000000,0.000000,0.000000,0.000000
0.000000,0.000000,0.000000,0.000000,0.000000,0.000000,0.000000,0.000000,0.000000,0.000000,0.000000,0.000000,0.000000,0.000000,0.000000,0.000000,0.000000,0.000000,0.000000,0.000000,0.000000,0.000000,0.000000,0.000000,0.000000,0.000000,0.000000,0.000000,0.000000,0.000000,0.000000,0.000000,0.000000,0.000000,0.000000,0.000000,0.000000,-0.002633,-0.002563,-0.002432,-0.002270,-0.002195,-0.002211,-0.002122,-0.001964,-0.001841,-0.001753,-0.001720,-0.001674,-0.001612,-0.001634,-0.001711,-0.001824,-0.001956,-0.001970,-0.001933,-0.001947,-0.001959,-0.001983,-0.001991,-0.002011,-0.002093,-0.002174,-0.002191,-0.002170,-0.002167,0.000000,0.000000,0.000000,0.000000,0.000000,0.000000,0.000000,0.000000,0.000000,0.000000,0.000000,0.000000,0.000000,0.000000,0.000000,0.000000,0.000000,0.000000,0.000000,0.000000,0.000000,0.000000,0.000000,0.000000,0.000000,0.000000,0.000000,0.000000,0.000000,0.000000,0.000000,0.000000,0.000000,0.000000,0.000000,0.000000,0.000000
0.000000,0.000000,0.000000,0.000000,0.000000,0.000000,0.000000,0.000000,0.000000,0.000000,0.000000,0.000000,0.000000,0.000000,0.000000,0.000000,0.000000,0.000000,0.000000,0.000000,0.000000,0.000000,0.000000,0.000000,0.000000,0.000000,0.000000,0.000000,0.000000,0.000000,0.000000,0.000000,0.000000,0.000000,-0.002178,-0.002271,-0.002357,-0.002407,-0.002376,-0.002255,-0.002109,-0.002010,-0.001964,-0.001860,-0.001699,-0.001606,-0.001587,-0.001574,-0.001576,-0.001559,-0.001521,-0.001562,-0.001673,-0.001768,-0.001790,-0.001773,-0.001774,-0.001784,-0.001817,-0.001866,-0.001920,-0.001991,-0.002030,-0.002016,-0.001999,-0.002008,-0.001974,-0.001916,-0.001939,0.000000,0.000000,0.000000,0.000000,0.000000,0.000000,0.000000,0.000000,0.000000,0.000000,0.000000,0.000000,0.000000,0.000000,0.000000,0.000000,0.000000,0.000000,0.000000,0.000000,0.000000,0.000000,0.000000,0.000000,0.000000,0.000000,0.000000,0.000000,0.000000,0.000000,0.000000,0.000000,0.000000,0.000000
0.000000,0.000000,0.000000,0.000000,0.000000,0.000000,0.000000,0.000000,0.000000,0.000000,0.000000,0.000000,0.000000,0.000000,0.000000,0.000000,0.000000,0.000000,0.000000,0.000000,0.000000,0.000000,0.000000,0.000000,0.000000,0.000000,0.000000,0.000000,0.000000,0.000000,0.000000,0.000000,-0.002314,-0.002217,-0.002183,-0.002156,-0.002113,-0.002082,-0.002027,-0.001915,-0.001757,-0.001650,-0.001558,-0.001422,-0.001293,-0.001210,-0.001210,-0.001235,-0.001260,-0.001267,-0.001249,-0.001274,-0.001333,-0.001356,-0.001334,-0.001304,-0.001307,-0.001387,-0.001482,-0.001557,-0.001643,-0.001719,-0.001771,-0.001783,-0.001773,-0.001778,-0.001773,-0.001793,-0.001863,-0.001962,-0.002076,0.000000,0.000000,0.000000,0.000000,0.000000,0.000000,0.000000,0.000000,0.000000,0.000000,0.000000,0.000000,0.000000,0.000000,0.000000,0.000000,0.000000,0.000000,0.000000,0.000000,0.000000,0.000000,0.000000,0.000000,0.000000,0.000000,0.000000,0.000000,0.000000,0.000000,0.000000,0.000000
0.000000,0.000000,0.000000,0.000000,0.000000,0.000000,0.000000,0.000000,0.000000,0.000000,0.000000,0.000000,0.000000,0.000000,0.000000,0.000000,0.000000,0.000000,0.000000,0.000000,0.000000,0.000000,0.000000,0.000000,0.000000,0.000000,0.000000,0.000000,0.000000,0.000000,-0.002179,-0.002150,-0.002127,-0.002086,-0.002038,-0.001936,-0.001801,-0.001660,-0.001526,-0.001388,-0.001228,-0.001089,-0.000963,-0.000804,-0.000663,-0.000586,-0.000547,-0.000570,-0.000607,-0.000635,-0.000685,-0.000716,-0.000725,-0.000692,-0.000611,-0.000563,-0.000605,-0.000726,-0.000876,-0.000998,-0.001088,-0.001198,-0.001317,-0.001376,-0.001405,-0.001445,-0.001505,-0.001601,-0.001742,-0.001876,-0.001959,-0.002051,-0.002172,0.000000,0.000000,0.000000,0.000000,0.000000,0.000000,0.000000,0.000000,0.000000,0.000000,0.000000,0.000000,0.000000,0.000000,0.000000,0.000000,0.000000,0.000000,0.000000,0.000000,0.000000,0.000000,0.000000,0.000000,0.000000,0.000000,0.000000,0.000000,0.000000,0.000000
0.000000,0.000000,0.000000,0.000000,0.000000,0.000000,0.000000,0.000000,0.000000,0.000000,0.000000,0.000000,0.000000,0.000000,0.000000,0.000000,0.000000,0.000000,0.000000,0.000000,0.000000,0.000000,0.000000,0.000000,0.000000,0.000000,0.000000,0.000000,-0.001939,-0.001981,-0.001984,-0.001951,-0.001897,-0.001821,-0.001726,-0.001595,-0.001394,-0.001132,-0.000898,-0.000706,-0.000531,-0.000378,-0.000223,-0.000066,0.000070,0.000162,0.000231,0.000255,0.000209,0.000151,0.000101,0.000047,0.000029,0.000077,0.000169,0.000232,0.000182,0.000043,-0.000113,-0.000220,-0.000301,-0.000463,-0.000625,-0.000708,-0.000805,-0.000953,-0.001121,-0.001309,-0.001508,-0.001682,-0.001806,-0.001948,-0.002099,-0.002116,-0.002062,0.000000,0.000000,0.000000,0.000000,0.000000,0.000000,0.000000,0.000000,0.000000,0.000000,0.000000,0.000000,0.000000,0.000000,0.000000,0.000000,0.000000,0.000000,0.000000,0.000000,0.000000,0.000000,0.000000,0.000000,0.000000,0.000000,0.000000,0.000000
0.000000,0.000000,0.000000,0.000000,0.000000,0.000000,0.000000,0.000000,0.000000,0.000000,0.000000,0.000000,0.000000,0.000000,0.000000,0.000000,0.000000,0.000000,0.000000,0.000000,0.000000,0.000000,0.000000,0.000000,0.000000,0.000000,-0.001986,-0.001928,-0.001843,-0.001816,-0.001765,-0.001674,-0.001551,-0.001384,-0.001227,-0.001041,-0.000791,-0.000482,-0.000189,0.000028,0.000196,0.000307,0.000413,0.000530,0.000639,0.000756,0.000836,0.000870,0.000849,0.000790,0.000739,0.000699,0.000679,0.000700,0.000768,0.000821,0.000788,0.000674,0.000546,0.000468,0.000392,0.000250,0.000103,0.000011,-0.000105,-0.000332,-0.000607,-0.000899,-0.001194,-0.001426,-0.001601,-0.001801,-0.002006,-0.002094,-0.002029,-0.001961,-0.002022,0.000000,0.000000,0.000000,0.000000,0.000000,0.000000,0.000000,0.000000,0.000000,0.000000,0.000000,0.000000,0.000000,0.000000,0.000000,0.000000,0.000000,0.000000,0.000000,0.000000,0.000000,0.000000,0.000000,0.000000,0.000000,0.000000
0.000000,0.000000,0.000000,0.000000,0.000000,0.000000,0.000000,0.000000,0.000000,0.000000,0.000000,0.000000,0.000000,0.000000,0.000000,0.000000,0.000000,0.000000,0.000000,0.000000,0.000000,0.000000,0.000000,0.000000,-0.002155,-0.002046,-0.001975,-0.001855,-0.001728,-0.001622,-0.001503,-0.001329,-0.001070,-0.000798,-0.000536,-0.000293,-0.000064,0.000191,0.000443,0.000633,0.000745,0.000783,0.000821,0.000900,0.000986,0.001097,0.001205,0.001231,0.001213,0.001181,0.001146,0.001136,0.001111,0.001093,0.001128,0.001166,0.001143,0.001050,0.000946,0.000877,0.000809,0.000706,0.000617,0.000573,0.000483,0.000261,-0.000026,-0.000349,-0.000715,-0.001015,-0.001256,-0.001524,-0.001780,-0.001899,-0.001874,-0.001832,-0.001897,-0.002053,-0.002168,0.000000,0.000000,0.000000,0.000000,0.000000,0.000000,0.000000,0.000000,0.000000,0.000000,0.000000,0.000000,0.000000,0.000000,0.000000,0.000000,0.000000,0.000000,0.000000,0.000000,0.000000,0.000000,0.000000,0.000000
0.000000,0.000000,0.000000,0.000000,0.000000,0.000000,0.000000,0.000000,0.000000,0.000000,0.000000,0.000000,0.000000,0.000000,0.000000,0.000000,0.000000,0.000000,0.000000,0.000000,0.000000,0.000000,0.000000,-0.002062,-0.002031,-0.001987,-0.001889,-0.001722,-0.001539,-0.001364,-0.001151,-0.000852,-0.000507,-0.000135,0.000183,0.000401,0.000566,0.000723,0.000883,0.001011,0.001064,0.001057,0.001059,0.001103,0.001190,0.001302,0.001399,0.001435,0.001409,0.001388,0.001392,0.001388,0.001359,0.001325,0.001324,0.001346,0.001325,0.001237,0.001135,0.001075,0.001027,0.000953,0.000919,0.000925,0.000871,0.000715,0.000499,0.000238,-0.000059,-0.000383,-0.000702,-0.001017,-0.001315,-0.001482,-0.001540,-0.001615,-0.001781,-0.001993,-0.002183,-0.002311,0.000000,0.000000,0.000000,0.000000,0.000000,0.000000,0.000000,0.000000,0.000000,0.000000,0.000000,0.000000,0.000000,0.000000,0.000000,0.000000,0.000000,0.000000,0.000000,0.000000,0.000000,0.000000,0.000000
0.000000,0.000000,0.000000,0.000000,0.000000,0.000000,0.000000,0.000000,0.000000,0.000000,0.000000,0.000000,0.000000,0.000000,0.000000,0.000000,0.000000,0.000000,0.000000,0.000000,0.000000,-0.002076,-0.001955,-0.001898,-0.001884,-0.001822,-0.001656,-0.001432,-0.001166,-0.000906,-0.000632,-0.000268,0.000097,0.000430,0.000713,0.000886,0.000989,0.001076,0.001149,0.001203,0.001212,0.001189,0.001178,0.001214,0.001312,0.001418,0.001472,0.001489,0.001483,0.001484,0.001499,0.001505,0.001488,0.001438,0.001410,0.001414,0.001399,0.001339,0.001254,0.001191,0.001137,0.001103,0.001108,0.001108,0.001074,0.000992,0.000863,0.000715,0.000531,0.000274,-0.000016,-0.000329,-0.000640,-0.000860,-0.001044,-0.001274,-0.001572,-0.001900,-0.002118,-0.002182,-0.002221,-0.002303,0.000000,0.000000,0.000000,0.000000,0.000000,0.000000,0.000000,0.000000,0.000000,0.000000,0.000000,0.000000,0.000000,0.000000,0.000000,0.000000,0.000000,0.000000,0.000000,0.000000,0.000000
0.000000,0.000000,0.000000,0.000000,0.000000,0.000000,0.000000,0.000000,0.000000,0.000000,0.000000,0.000000,0.000000,0.000000,0.000000,0.000000,0.000000,0.000000,0.000000,0.000000,-0.002043,-0.001984,-0.001860,-0.001736,-0.001648,-0.001500,-0.001232,-0.000885,-0.000536,-0.000235,0.000028,0.000311,0.000601,0.000839,0.001039,0.001179,0.001252,0.001297,0.001307,0.001292,0.001267,0.001239,0.001247,0.001306,0.001383,0.001463,0.001495,0.001474,0.001472,0.001488,0.001514,0.001543,0.001534,0.001489,0.001450,0.001430,0.001410,0.001375,0.001330,0.001269,0.001205,0.001179,0.001197,0.001200,0.001160,0.001107,0.001063,0.001030,0.000948,0.000792,0.000582,0.000341,0.000117,-0.000091,-0.000382,-0.000771,-0.001202,-0.001615,-0.001891,-0.001998,-0.002070,-0.002180,-0.002251,0.000000,0.000000,0.000000,0.000000,0.000000,0.000000,0.000000,0.000000,0.000000,0.000000,0.000000,0.000000,0.000000,0.000000,0.000000,0.000000,0.000000,0.000000,0.000000,0.000000
0.000000,0.000000,0.000000,0.000000,0.000000,0.000000,0.000000,0.000000,0.000000,0.000000,0.000000,0.000000,0.000000,0.000000,0.000000,0.000000,0.000000,0.000000,0.000000,-0.001927,-0.001941,-0.001889,-0.001756,-0.001542,-0.001298,-0.001020,-0.000627,-0.000182,0.000183,0.000422,0.000593,0.000763,0.000934,0.001088,0.001224,0.001341,0.001414,0.001432,0.001408,0.001355,0.001318,0.001306,0.001330,0.001386,0.001448,0.001485,0.001479,0.001465,0.001451,0.001455,0.001474,0.001500,0.001525,0.001502,0.001447,0.001409,0.001383,0.001363,0.001331,0.001281,0.001238,0.001218,0.001228,0.001232,0.001202,0.001171,0.001181,0.001218,0.001218,0.001123,0.000974,0.000839,0.000724,0.000563,0.000291,-0.000136,-0.000662,-0.001123,-0.001475,-0.001698,-0.001850,-0.002006,-0.002108,-0.002157,0.000000,0.000000,0.000000,0.000000,0.000000,0.000000,0.000000,0.000000,0.000000,0.000000,0.000000,0.000000,0.000000,0.000000,0.000000,0.000000,0.000000,0.000000,0.000000
0.000000,0.000000,0.000000,0.000000,0.000000,0.000000,0.000000,0.000000,0.000000,0.000000,0.000000,0.000000,0.000000,0.000000,0.000000,0.000000,0.000000,0.000000,-0.001823,-0.001837,-0.001820,-0.001788,-0.001608,-0.001271,-0.000898,-0.000468,0.000019,0.000447,0.000736,0.000874,0.000942,0.001018,0.001088,0.001179,0.001296,0.001402,0.001455,0.001471,0.001463,0.001415,0.001380,0.001386,0.001409,0.001431,0.001459,0.001468,0.001448,0.001441,0.001433,0.001413,0.001402,0.001435,0.001477,0.001464,0.001423,0.001382,0.001360,0.001345,0.001319,0.001286,0.001245,0.001233,0.001263,0.001260,0.001236,0.001247,0.001291,0.001371,0.001391,0.001310,0.001214,0.001148,0.001097,0.000999,0.000791,0.000437,-0.000027,-0.000505,-0.000919,-0.001241,-0.001517,-0.001736,-0.001845,-0.001931,-0.002021,0.000000,0.000000,0.000000,0.000000,0.000000,0.000000,0.000000,0.000000,0.000000,0.000000,0.000000,0.000000,0.000000,0.000000,0.000000,0.000000,0.000000,0.000000
0.000000,0.000000,0.000000,0.000000,0.000000,0.000000,0.000000,0.000000,0.000000,0.000000,0.000000,0.000000,0.000000,0.000000,0.000000,0.000000,0.000000,-0.001831,-0.001812,-0.001749,-0.001682,-0.001594,-0.001333,-0.000901,-0.000422,0.000085,0.000545,0.000881,0.001075,0.001129,0.001120,0.001130,0.001163,0.001215,0.001306,0.001376,0.001414,0.001447,0.001456,0.001434,0.001389,0.001387,0.001412,0.001407,0.001403,0.001408,0.001405,0.001405,0.001396,0.001364,0.001355,0.001397,0.001421,0.001402,0.001378,0.001365,0.001365,0.001354,0.001342,0.001315,0.001266,0.001256,0.001283,0.001282,0.001278,0.001315,0.001390,0.001484,0.001516,0.001459,0.001385,0.001343,0.001321,0.001277,0.001122,0.000851,0.000520,0.000127,-0.000296,-0.000699,-0.001069,-0.001364,-0.001558,-0.001712,-0.001894,-0.002052,0.000000,0.000000,0.000000,0.000000,0.000000,0.000000,0.000000,0.000000,0.000000,0.000000,0.000000,0.000000,0.000000,0.000000,0.000000,0.000000,0.000000
0.000000,0.000000,0.000000,0.000000,0.000000,0.000000,0.000000,0.000000,0.000000,0.000000,0.000000,0.000000,0.000000,0.000000,0.000000,0.000000,-0.001920,-0.001844,-0.001761,-0.001622,-0.001445,-0.001231,-0.000873,-0.000382,0.000112,0.000551,0.000914,0.001156,0.001263,0.001260,0.001212,0.001198,0.001215,0.001245,0.001306,0.001359,0.001381,0.001412,0.001424,0.001390,0.001336,0.001328,0.001359,0.001359,0.001357,0.001356,0.001362,0.001378,0.001351,0.001333,0.001357,0.001385,0.001391,0.001353,0.001318,0.001335,0.001370,0.001379,0.001369,0.001347,0.001318,0.001304,0.001289,0.001285,0.001310,0.001358,0.001450,0.001544,0.001573,0.001531,0.001482,0.001464,0.001441,0.001400,0.001303,0.001126,0.000894,0.000614,0.000290,-0.000110,-0.000550,-0.000933,-0.001248,-0.001513,-0.001764,-0.001986,-0.002127,0.000000,0.000000,0.000000,0.000000,0.000000,0.000000,0.000000,0.000000,0.000000,0.000000,0.000000,0.000000,0.000000,0.000000,0.000000,0.000000
0.000000,0.000000,0.000000,0.000000,0.000000,0.000000,0.000000,0.000000,0.000000,0.000000,0.000000,0.000000,0.000000,0.000000,0.000000,-0.001841,-0.001847,-0.001770,-0.001615,-0.001373,-0.001054,-0.000695,-0.000276,0.000173,0.000579,0.000909,0.001169,0.001324,0.001365,0.001332,0.001286,0.001263,0.001252,0.001281,0.001335,0.001362,0.001364,0.001384,0.001390,0.001325,0.001265,0.001270,0.001309,0.001333,0.001333,0.001343,0.001357,0.001351,0.001330,0.001334,0.001373,0.001395,0.001368,0.001317,0.001293,0.001317,0.001366,0.001404,0.001398,0.001383,0.001375,0.001351,0.001328,0.001307,0.001315,0.001370,0.001446,0.001540,0.001567,0.001521,0.001484,0.001462,0.001447,0.001418,0.001366,0.001277,0.001145,0.000981,0.000766,0.000445,0.000021,-0.000442,-0.000887,-0.001266,-0.001566,-0.001814,-0.001985,-0.002026,0.000000,0.000000,0.000000,0.000000,0.000000,0.000000,0.000000,0.000000,0.000000,0.000000,0.000000,0.000000,0.000000,0.000000,0.000000
0.000000,0.000000,0.000000,0.000000,0.000000,0.000000,0.000000,0.000000,0.000000,0.000000,0.000000,0.000000,0.000000,0.000000,-0.001666,-0.001732,-0.001706,-0.001591,-0.001352,-0.000978,-0.000546,-0.000113,0.000283,0.000628,0.000921,0.001165,0.001328,0.001413,0.001434,0.001399,0.001360,0.001337,0.001324,0.001336,0.001365,0.001359,0.001355,0.001363,0.001340,0.001280,0.001214,0.001218,0.001276,0.001309,0.001330,0.001354,0.001353,0.001337,0.001330,0.001349,0.001388,0.001403,0.001350,0.001296,0.001299,0.001327,0.001374,0.001410,0.001408,0.001402,0.001395,0.001389,0.001367,0.001328,0.001309,0.001335,0.001401,0.001467,0.001495,0.001475,0.001434,0.001398,0.001393,0.001406,0.001403,0.001375,0.001321,0.001253,0.001122,0.000882,0.000527,0.000055,-0.000474,-0.000933,-0.001276,-0.001563,-0.001779,-0.001898,-0.001949,0.000000,0.000000,0.000000,0.000000,0.000000,0.000000,0.000000,0.000000,0.000000,0.000000,0.000000,0.000000,0.000000,0.000000
0.000000,0.000000,0.000000,0.000000,0.000000,0.000000,0.000000,0.000000,0.000000,0.000000,0.000000,0.000000,0.000000,-0.001638,-0.001637,-0.001612,-0.001528,-0.001325,-0.000991,-0.000517,-0.000010,0.000387,0.000708,0.000967,0.001170,0.001334,0.001432,0.001467,0.001460,0.001437,0.001415,0.001408,0.001392,0.001392,0.001403,0.001367,0.001335,0.001321,0.001287,0.001232,0.001177,0.001172,0.001217,0.001268,0.001320,0.001345,0.001339,0.001331,0.001336,0.001374,0.001416,0.001409,0.001352,0.001310,0.001314,0.001336,0.001375,0.001395,0.001384,0.001388,0.001399,0.001389,0.001358,0.001325,0.001293,0.001284,0.001326,0.001372,0.001393,0.001390,0.001391,0.001390,0.001389,0.001413,0.001447,0.001446,0.001406,0.001362,0.001278,0.001120,0.000846,0.000457,0.000001,-0.000487,-0.000885,-0.001199,-0.001483,-0.001693,-0.001856,-0.001954,0.000000,0.000000,0.000000,0.000000,0.000000,0.000000,0.000000,0.000000,0.000000,0.000000,0.000000,0.000000,0.000000
0.000000,0.000000,0.000000,0.000000,0.000000,0.000000,0.000000,0.000000,0.000000,0.000000,0.000000,0.000000,-0.001845,-0.001749,-0.001638,-0.001532,-0.001345,-0.001017,-0.000560,-0.000026,0.000442,0.000777,0.001025,0.001206,0.001348,0.001449,0.001483,0.001472,0.001436,0.001414,0.001432,0.001435,0.001424,0.001451,0.001447,0.001389,0.001321,0.001276,0.001239,0.001188,0.001164,0.001155,0.001159,0.001213,0.001284,0.001317,0.001322,0.001328,0.001364,0.001428,0.001456,0.001426,0.001376,0.001345,0.001343,0.001359,0.001382,0.001390,0.001374,0.001380,0.001393,0.001372,0.001341,0.001296,0.001260,0.001259,0.001275,0.001304,0.001322,0.001334,0.001379,0.001417,0.001436,0.001454,0.001458,0.001438,0.001380,0.001316,0.001249,0.001154,0.001007,0.000778,0.000452,0.000059,-0.000357,-0.000766,-0.001145,-0.001472,-0.001686,-0.001832,-0.001966,0.000000,0.000000,0.000000,0.000000,0.000000,0.000000,0.000000,0.000000,0.000000,0.000000,0.000000,0.000000
0.000000,0.000000,0.000000,0.000000,0.000000,0.000000,0.000000,0.000000,0.000000,0.000000,0.000000,-0.002119,-0.001973,-0.001820,-0.001651,-0.001454,-0.001127,-0.000633,-0.000082,0.000420,0.000788,0.001047,0.001221,0.001342,0.001442,0.001488,0.001469,0.001424,0.001383,0.001374,0.001399,0.001418,0.001441,0.001483,0.001481,0.001416,0.001334,0.001266,0.001222,0.001193,0.001184,0.001180,0.001166,0.001186,0.001262,0.001320,0.001328,0.001362,0.001429,0.001477,0.001486,0.001449,0.001392,0.001356,0.001358,0.001387,0.001416,0.001421,0.001413,0.001417,0.001414,0.001375,0.001317,0.001268,0.001249,0.001261,0.001291,0.001302,0.001295,0.001329,0.001379,0.001421,0.001456,0.001455,0.001428,0.001376,0.001292,0.001217,0.001169,0.001132,0.001106,0.001044,0.000863,0.000594,0.000208,-0.000305,-0.000798,-0.001223,-0.001551,-0.001754,-0.001869,-0.001904,0.000000,0.000000,0.000000,0.000000,0.000000,0.000000,0.000000,0.000000,0.000000,0.000000,0.000000
0.000000,0.000000,0.000000,0.000000,0.000000,0.000000,0.000000,0.000000,0.000000,0.000000,0.000000,-0.002127,-0.002022,-0.001824,-0.001595,-0.001283,-0.000800,-0.000199,0.000346,0.000751,0.001031,0.001197,0.001305,0.001395,0.001464,0.001485,0.001452,0.001388,0.001342,0.001343,0.001366,0.001392,0.001426,0.001460,0.001468,0.001412,0.001341,0.001290,0.001248,0.001235,0.001233,0.001232,0.001227,0.001230,0.001285,0.001353,0.001378,0.001411,0.001480,0.001504,0.001477,0.001438,0.001376,0.001332,0.001339,0.001376,0.001435,0.001474,0.001477,0.001482,0.001465,0.001399,0.001320,0.001282,0.001281,0.001295,0.001330,0.001330,0.001319,0.001349,0.001390,0.001427,0.001448,0.001432,0.001383,0.001323,0.001241,0.001156,0.001116,0.001137,0.001181,0.001204,0.001171,0.001004,0.000670,0.000179,-0.000406,-0.000972,-0.001418,-0.001677,-0.001851,-0.001998,0.000000,0.000000,0.000000,0.000000,0.000000,0.000000,0.000000,0.000000,0.000000,0.000000,0.000000
0.000000,0.000000,0.000000,0.000000,0.000000,0.000000,0.000000,0.000000,0.000000,0.000000,-0.002269,-0.002128,-0.001989,-0.001756,-0.001406,-0.000959,-0.000381,0.000217,0.000694,0.000994,0.001162,0.001263,0.001332,0.001398,0.001461,0.001494,0.001461,0.001399,0.001363,0.001374,0.001402,0.001398,0.001399,0.001412,0.001403,0.001378,0.001353,0.001339,0.001322,0.001305,0.001316,0.001335,0.001325,0.001320,0.001349,0.001382,0.001400,0.001420,0.001463,0.001475,0.001443,0.001416,0.001380,0.001345,0.001341,0.001371,0.001449,0.001513,0.001540,0.001542,0.001499,0.001432,0.001376,0.001348,0.001335,0.001346,0.001352,0.001338,0.001350,0.001378,0.001405,0.001437,0.001458,0.001429,0.001352,0.001282,0.001219,0.001153,0.001129,0.001172,0.001239,0.001292,0.001313,0.001240,0.000992,0.000574,0.000006,-0.000647,-0.001185,-0.001549,-0.001799,-0.001989,-0.002148,0.000000,0.000000,0.000000,0.000000,0.000000,0.000000,0.000000,0.000000,0.000000,0.000000
0.000000,0.000000,0.000000,0.000000,0.000000,0.000000,0.000000,0.000000,0.000000,-0.002259,-0.002176,-0.002051,-0.001849,-0.001511,-0.001046,-0.000503,0.000071,0.000596,0.000959,0.001147,0.001247,0.001299,0.001323,0.001365,0.001452,0.001515,0.001497,0.001451,0.001443,0.001476,0.001485,0.001454,0.001417,0.001381,0.001363,0.001363,0.001376,0.001399,0.001423,0.001418,0.001416,0.001459,0.001463,0.001425,0.001402,0.001381,0.001372,0.001385,0.001396,0.001403,0.001408,0.001419,0.001437,0.001431,0.001413,0.001432,0.001488,0.001545,0.001576,0.001564,0.001520,0.001466,0.001434,0.001420,0.001398,0.001372,0.001340,0.001327,0.001347,0.001386,0.001412,0.001433,0.001452,0.001413,0.001324,0.001255,0.001216,0.001201,0.001208,0.001247,0.001320,0.001373,0.001377,0.001334,0.001191,0.000874,0.000382,-0.000235,-0.000840,-0.001286,-0.001622,-0.001909,-0.002120,-0.002289,0.000000,0.000000,0.000000,0.000000,0.000000,0.000000,0.000000,0.000000,0.000000
0.000000,0.000000,0.000000,0.000000,0.000000,0.000000,0.000000,0.000000,0.000000,-0.002096,-0.002017,-0.001841,-0.001548,-0.001097,-0.000545,0.000014,0.000504,0.000878,0.001106,0.001216,0.001287,0.001322,0.001326,0.001357,0.001455,0.001535,0.001532,0.001505,0.001513,0.001549,0.001549,0.001494,0.001430,0.001386,0.001369,0.001386,0.001411,0.001451,0.001500,0.001506,0.001514,0.001552,0.001564,0.001515,0.001444,0.001391,0.001356,0.001344,0.001342,0.001354,0.001382,0.001440,0.001502,0.001515,0.001504,0.001501,0.001526,0.001568,0.001579,0.001551,0.001514,0.001481,0.001464,0.001456,0.001427,0.001374,0.001335,0.001330,0.001349,0.001383,0.001402,0.001409,0.001426,0.001403,0.001318,0.001266,0.001266,0.001283,0.001309,0.001347,0.001393,0.001420,0.001427,0.001391,0.001293,0.001096,0.000728,0.000197,-0.000381,-0.000890,-0.001348,-0.001741,-0.002021,-0.002209,0.000000,0.000000,0.000000,0.000000,0.000000,0.000000,0.000000,0.000000,0.000000
0.000000,0.000000,0.000000,0.000000,0.000000,0.000000,0.000000,0.000000,-0.001934,-0.001941,-0.001849,-0.001575,-0.001157,-0.000592,0.000014,0.000488,0.000826,0.001049,0.001156,0.001232,0.001304,0.001345,0.001360,0.001394,0.001471,0.001526,0.001521,0.001502,0.001509,0.001532,0.001522,0.001465,0.001410,0.001388,0.001388,0.001409,0.001438,0.001477,0.001528,0.001548,0.001566,0.001593,0.001594,0.001557,0.001487,0.001419,0.001353,0.001317,0.001317,0.001322,0.001374,0.001460,0.001518,0.001538,0.001514,0.001497,0.001536,0.001568,0.001561,0.001527,0.001485,0.001456,0.001450,0.001453,0.001429,0.001390,0.001365,0.001356,0.001363,0.001369,0.001358,0.001368,0.001406,0.001396,0.001342,0.001314,0.001332,0.001366,0.001391,0.001415,0.001434,0.001440,0.001440,0.001427,0.001361,0.001242,0.000999,0.000585,0.000086,-0.000474,-0.001028,-0.001497,-0.001853,-0.002083,-0.002198,0.000000,0.000000,0.000000,0.000000,0.000000,0.000000,0.000000,0.000000
0.000000,0.000000,0.000000,0.000000,0.000000,0.000000,0.000000,0.000000,-0.001852,-0.001811,-0.001635,-0.001297,-0.000739,-0.000073,0.000482,0.000831,0.001029,0.001140,0.001179,0.001233,0.001317,0.001384,0.001415,0.001428,0.001469,0.001486,0.001456,0.001435,0.001459,0.001477,0.001440,0.001399,0.001365,0.001350,0.001365,0.001373,0.001384,0.001429,0.001492,0.001524,0.001535,0.001557,0.001563,0.001553,0.001508,0.001423,0.001347,0.001308,0.001298,0.001313,0.001376,0.001463,0.001515,0.001507,0.001467,0.001469,0.001520,0.001548,0.001533,0.001495,0.001446,0.001410,0.001397,0.001408,0.001428,0.001418,0.001390,0.001380,0.001368,0.001337,0.001317,0.001340,0.001383,0.001387,0.001360,0.001352,0.001381,0.001421,0.001442,0.001451,0.001460,0.001448,0.001416,0.001405,0.001388,0.001305,0.001132,0.000830,0.000413,-0.000121,-0.000741,-0.001285,-0.001676,-0.001969,-0.002151,0.000000,0.000000,0.000000,0.000000,0.000000,0.000000,0.000000,0.000000
0.000000,0.000000,0.000000,0.000000,0.000000,0.000000,0.000000,-0.001806,-0.001738,-0.001618,-0.001376,-0.000954,-0.000330,0.000336,0.000806,0.001049,0.001149,0.001184,0.001217,0.001262,0.001336,0.001410,0.001441,0.001454,0.001466,0.001444,0.001382,0.001362,0.001400,0.001420,0.001381,0.001335,0.001310,0.001290,0.001290,0.001292,0.001291,0.001335,0.001406,0.001424,0.001430,0.001446,0.001459,0.001491,0.001476,0.001403,0.001333,0.001299,0.001297,0.001324,0.001383,0.001460,0.001499,0.001471,0.001441,0.001459,0.001502,0.001522,0.001500,0.001456,0.001408,0.001364,0.001337,0.001360,0.001396,0.001396,0.001384,0.001384,0.001371,0.001336,0.001315,0.001349,0.001395,0.001388,0.001360,0.001372,0.001409,0.001441,0.001474,0.001487,0.001462,0.001421,0.001371,0.001341,0.001341,0.001293,0.001169,0.000946,0.000618,0.000138,-0.000482,-0.001060,-0.001529,-0.001872,-0.002075,-0.002188,0.000000,0.000000,0.000000,0.000000,0.000000,0.000000,0.000000
0.000000,0.000000,0.000000,0.000000,0.000000,0.000000,0.000000,-0.001721,-0.001629,-0.001443,-0.001127,-0.000614,0.000029,0.000626,0.001011,0.001153,0.001189,0.001214,0.001240,0.001289,0.001347,0.001388,0.001418,0.001443,0.001446,0.001406,0.001325,0.001296,0.001333,0.001358,0.001342,0.001295,0.001273,0.001257,0.001239,0.001239,0.001250,0.001299,0.001340,0.001342,0.001324,0.001323,0.001356,0.001402,0.001411,0.001359,0.001315,0.001314,0.001329,0.001341,0.001397,0.001462,0.001458,0.001430,0.001415,0.001434,0.001467,0.001460,0.001432,0.001421,0.001399,0.001343,0.001302,0.001312,0.001335,0.001350,0.001362,0.001374,0.001388,0.001357,0.001330,0.001371,0.001412,0.001387,0.001357,0.001387,0.001435,0.001469,0.001489,0.001506,0.001477,0.001382,0.001305,0.001278,0.001271,0.001259,0.001185,0.001020,0.000777,0.000382,-0.000187,-0.000820,-0.001380,-0.001774,-0.002028,-0.002174,0.000000,0.000000,0.000000,0.000000,0.000000,0.000000,0.000000
0.000000,0.000000,0.000000,0.000000,0.000000,0.000000,-0.001762,-0.001694,-0.001595,-0.001360,-0.000927,-0.000350,0.000287,0.000810,0.001090,0.001175,0.001206,0.001235,0.001251,0.001293,0.001336,0.001348,0.001362,0.001378,0.001392,0.001356,0.001278,0.001240,0.001272,0.001317,0.001324,0.001307,0.001285,0.001271,0.001257,0.001240,0.001253,0.001298,0.001327,0.001318,0.001285,0.001274,0.001303,0.001352,0.001370,0.001343,0.001338,0.001371,0.001382,0.001389,0.001435,0.001458,0.001421,0.001375,0.001373,0.001398,0.001402,0.001378,0.001369,0.001408,0.001428,0.001377,0.001305,0.001274,0.001296,0.001324,0.001346,0.001391,0.001421,0.001381,0.001352,0.001383,0.001407,0.001381,0.001360,0.001402,0.001467,0.001497,0.001497,0.001502,0.001474,0.001367,0.001274,0.001242,0.001230,0.001229,0.001191,0.001086,0.000903,0.000602,0.000087,-0.000579,-0.001189,-0.001667,-0.001984,-0.002184,-0.002312,0.000000,0.000000,0.000000,0.000000,0.000000,0.000000
0.000000,0.000000,0.000000,0.000000,0.000000,0.000000,-0.001671,-0.001684,-0.001580,-0.001277,-0.000779,-0.000126,0.000479,0.000901,0.001123,0.001209,0.001255,0.001284,0.001309,0.001345,0.001357,0.001335,0.001312,0.001304,0.001310,0.001284,0.001226,0.001187,0.001217,0.001275,0.001305,0.001327,0.001333,0.001320,0.001296,0.001267,0.001247,0.001264,0.001310,0.001309,0.001287,0.001284,0.001290,0.001318,0.001336,0.001356,0.001388,0.001418,0.001426,0.001430,0.001454,0.001443,0.001391,0.001352,0.001364,0.001384,0.001366,0.001343,0.001364,0.001437,0.001488,0.001457,0.001372,0.001313,0.001310,0.001329,0.001381,0.001455,0.001481,0.001446,0.001403,0.001406,0.001419,0.001374,0.001358,0.001429,0.001494,0.001500,0.001484,0.001471,0.001443,0.001376,0.001290,0.001247,0.001242,0.001231,0.001210,0.001146,0.001011,0.000766,0.000326,-0.000295,-0.000969,-0.001517,-0.001881,-0.002127,-0.002245,0.000000,0.000000,0.000000,0.000000,0.000000,0.000000
0.000000,0.000000,0.000000,0.000000,0.000000,-0.001621,-0.001657,-0.001645,-0.001458,-0.001085,-0.000540,0.000111,0.000654,0.000999,0.001182,0.001281,0.001346,0.001378,0.001406,0.001429,0.001412,0.001367,0.001328,0.001288,0.001253,0.001222,0.001182,0.001158,0.001170,0.001210,0.001258,0.001299,0.001340,0.001356,0.001330,0.001288,0.001246,0.001248,0.001286,0.001307,0.001322,0.001312,0.001292,0.001292,0.001307,0.001351,0.001412,0.001443,0.001438,0.001432,0.001441,0.001429,0.001377,0.001357,0.001385,0.001397,0.001369,0.001341,0.001376,0.001464,0.001535,0.001530,0.001476,0.001413,0.001368,0.001387,0.001449,0.001518,0.001557,0.001524,0.001471,0.001452,0.001423,0.001371,0.001365,0.001429,0.001504,0.001500,0.001445,0.001434,0.001437,0.001387,0.001322,0.001302,0.001293,0.001274,0.001263,0.001214,0.001110,0.000921,0.000571,0.000003,-0.000689,-0.001291,-0.001721,-0.001994,-0.002141,-0.002200,0.000000,0.000000,0.000000,0.000000,0.000000
0.000000,0.000000,0.000000,0.000000,0.000000,-0.001796,-0.001725,-0.001570,-0.001265,-0.000787,-0.000185,0.000367,0.000808,0.001097,0.001242,0.001348,0.001419,0.001444,0.001459,0.001479,0.001473,0.001434,0.001393,0.001354,0.001285,0.001214,0.001177,0.001164,0.001156,0.001179,0.001226,0.001269,0.001314,0.001352,0.001354,0.001318,0.001286,0.001280,0.001300,0.001339,0.001366,0.001357,0.001323,0.001298,0.001307,0.001346,0.001396,0.001429,0.001425,0.001414,0.001414,0.001391,0.001361,0.001368,0.001401,0.001410,0.001379,0.001358,0.001385,0.001456,0.001532,0.001562,0.001550,0.001504,0.001453,0.001453,0.001505,0.001572,0.001601,0.001555,0.001513,0.001492,0.001438,0.001395,0.001391,0.001430,0.001488,0.001481,0.001421,0.001409,0.001434,0.001398,0.001351,0.001347,0.001343,0.001341,0.001327,0.001278,0.001189,0.001053,0.000778,0.000297,-0.000330,-0.000981,-0.001486,-0.001808,-0.001979,-0.002039,0.000000,0.000000,0.000000,0.000000,0.000000
0.000000,0.000000,0.000000,0.000000,-0.002206,-0.002003,-0.001784,-0.001513,-0.001062,-0.000454,0.000145,0.000597,0.000915,0.001131,0.001280,0.001369,0.001406,0.001431,0.001454,0.001475,0.001474,0.001470,0.001464,0.001422,0.001330,0.001221,0.001164,0.001157,0.001169,0.001201,0.001237,0.001274,0.001311,0.001338,0.001347,0.001341,0.001335,0.001316,0.001326,0.001348,0.001360,0.001378,0.001357,0.001320,0.001322,0.001357,0.001387,0.001403,0.001400,0.001373,0.001361,0.001339,0.001318,0.001340,0.001390,0.001414,0.001388,0.001372,0.001407,0.001473,0.001518,0.001555,0.001575,0.001543,0.001499,0.001492,0.001547,0.001606,0.001598,0.001546,0.001508,0.001494,0.001479,0.001448,0.001434,0.001449,0.001470,0.001467,0.001424,0.001416,0.001439,0.001420,0.001377,0.001371,0.001393,0.001400,0.001395,0.001351,0.001259,0.001139,0.000934,0.000572,0.000022,-0.000631,-0.001190,-0.001555,-0.001795,-0.001951,-0.001994,0.000000,0.000000,0.000000,0.000000
0.000000,0.000000,0.000000,0.000000,-0.002280,-0.002080,-0.001796,-0.001447,-0.000872,-0.000172,0.000396,0.000766,0.000980,0.001145,0.001284,0.001353,0.001375,0.001387,0.001409,0.001435,0.001442,0.001462,0.001493,0.001447,0.001325,0.001203,0.001143,0.001155,0.001194,0.001252,0.001297,0.001306,0.001322,0.001336,0.001344,0.001354,0.001356,0.001347,0.001327,0.001318,0.001338,0.001361,0.001359,0.001358,0.001370,0.001390,0.001409,0.001412,0.001388,0.001342,0.001306,0.001293,0.001274,0.001280,0.001342,0.001388,0.001375,0.001367,0.001422,0.001493,0.001532,0.001550,0.001557,0.001530,0.001491,0.001501,0.001548,0.001579,0.001557,0.001504,0.001473,0.001478,0.001482,0.001478,0.001461,0.001430,0.001436,0.001454,0.001443,0.001433,0.001444,0.001431,0.001390,0.001387,0.001404,0.001418,0.001445,0.001424,0.001330,0.001201,0.001028,0.000736,0.000283,-0.000314,-0.000923,-0.001354,-0.001658,-0.001893,-0.002001,0.000000,0.000000,0.000000,0.000000
0.000000,0.000000,0.000000,0.000000,-0.002234,-0.002033,-0.001732,-0.001298,-0.000700,0.000004,0.000562,0.000860,0.001029,0.001159,0.001257,0.001332,0.001367,0.001369,0.001387,0.001417,0.001433,0.001459,0.001472,0.001417,0.001300,0.001187,0.001143,0.001166,0.001235,0.001312,0.001361,0.001366,0.001368,0.001376,0.001376,0.001374,0.001375,0.001374,0.001349,0.001340,0.001355,0.001374,0.001401,0.001416,0.001419,0.001414,0.001409,0.001402,0.001368,0.001319,0.001280,0.001264,0.001247,0.001243,0.001286,0.001338,0.001346,0.001351,0.001420,0.001495,0.001537,0.001552,0.001540,0.001519,0.001493,0.001478,0.001491,0.001516,0.001496,0.001445,0.001441,0.001467,0.001465,0.001457,0.001425,0.001374,0.001370,0.001399,0.001416,0.001409,0.001416,0.001426,0.001407,0.001377,0.001369,0.001401,0.001450,0.001456,0.001386,0.001254,0.001074,0.000821,0.000461,-0.000059,-0.000683,-0.001200,-0.001551,-0.001804,-0.001978,0.000000,0.000000,0.000000,0.000000
0.000000,0.000000,0.000000,-0.002139,-0.002157,-0.001961,-0.001604,-0.001131,-0.000515,0.000152,0.000656,0.000914,0.001043,0.001139,0.001223,0.001299,0.001355,0.001387,0.001427,0.001444,0.001441,0.001455,0.001430,0.001357,0.001270,0.001194,0.001165,0.001187,0.001265,0.001357,0.001409,0.001430,0.001433,0.001427,0.001400,0.001382,0.001395,0.001395,0.001392,0.001387,0.001397,0.001432,0.001470,0.001478,0.001442,0.001394,0.001357,0.001344,0.001321,0.001286,0.001279,0.001271,0.001243,0.001227,0.001257,0.001313,0.001332,0.001351,0.001415,0.001491,0.001523,0.001534,0.001550,0.001529,0.001499,0.001464,0.001428,0.001431,0.001420,0.001401,0.001426,0.001446,0.001431,0.001399,0.001362,0.001323,0.001316,0.001337,0.001358,0.001381,0.001399,0.001432,0.001449,0.001409,0.001374,0.001389,0.001436,0.001454,0.001400,0.001286,0.001122,0.000917,0.000620,0.000159,-0.000436,-0.001021,-0.001464,-0.001746,-0.001880,-0.001899,0.000000,0.000000,0.000000
0.000000,0.000000,0.000000,-0.002196,-0.002147,-0.001922,-0.001530,-0.001002,-0.000324,0.000301,0.000715,0.000947,0.001053,0.001113,0.001180,0.001267,0.001365,0.001446,0.001489,0.001499,0.001484,0.001443,0.001393,0.001332,0.001275,0.001242,0.001221,0.001228,0.001283,0.001378,0.001447,0.001461,0.001458,0.001425,0.001377,0.001366,0.001383,0.001405,0.001403,0.001378,0.001389,0.001428,0.001468,0.001486,0.001436,0.001347,0.001293,0.001294,0.001308,0.001301,0.001295,0.001295,0.001272,0.001243,0.001268,0.001323,0.001361,0.001411,0.001466,0.001501,0.001520,0.001527,0.001548,0.001543,0.001496,0.001450,0.001400,0.001368,0.001358,0.001368,0.001411,0.001417,0.001362,0.001327,0.001317,0.001303,0.001297,0.001309,0.001329,0.001351,0.001405,0.001463,0.001476,0.001448,0.001408,0.001399,0.001430,0.001432,0.001376,0.001302,0.001176,0.000999,0.000765,0.000360,-0.000240,-0.000880,-0.001371,-0.001677,-0.001798,-0.001786,0.000000,0.000000,0.000000
0.000000,0.000000,0.000000,-0.002256,-0.002128,-0.001888,-0.001471,-0.000851,-0.000137,0.000433,0.000773,0.000959,0.001064,0.001118,0.001167,0.001263,0.001388,0.001491,0.001543,0.001552,0.001511,0.001442,0.001380,0.001327,0.001304,0.001290,0.001256,0.001231,0.001273,0.001367,0.001440,0.001463,0.001438,0.001386,0.001340,0.001338,0.001374,0.001390,0.001365,0.001332,0.001310,0.001327,0.001388,0.001434,0.001398,0.001330,0.001296,0.001308,0.001342,0.001358,0.001348,0.001324,0.001313,0.001300,0.001312,0.001356,0.001424,0.001509,0.001570,0.001573,0.001552,0.001548,0.001542,0.001540,0.001506,0.001446,0.001406,0.001375,0.001352,0.001367,0.001410,0.001407,0.001345,0.001298,0.001305,0.001318,0.001294,0.001288,0.001305,0.001334,0.001401,0.001463,0.001467,0.001435,0.001424,0.001439,0.001449,0.001439,0.001389,0.001322,0.001225,0.001058,0.000843,0.000470,-0.000129,-0.000785,-0.001299,-0.001613,-0.001757,-0.001777,0.000000,0.000000,0.000000
0.000000,0.000000,0.000000,-0.002242,-0.002082,-0.001797,-0.001326,-0.000659,0.000064,0.000582,0.000853,0.000987,0.001067,0.001139,0.001192,0.001265,0.001381,0.001478,0.001531,0.001545,0.001508,0.001448,0.001382,0.001322,0.001309,0.001305,0.001250,0.001200,0.001222,0.001314,0.001397,0.001430,0.001411,0.001358,0.001325,0.001331,0.001361,0.001362,0.001320,0.001276,0.001250,0.001249,0.001301,0.001373,0.001383,0.001354,0.001340,0.001361,0.001403,0.001417,0.001394,0.001363,0.001349,0.001350,0.001350,0.001373,0.001454,0.001567,0.001649,0.001654,0.001605,0.001584,0.001570,0.001531,0.001503,0.001461,0.001421,0.001398,0.001370,0.001383,0.001429,0.001430,0.001387,0.001351,0.001351,0.001346,0.001298,0.001261,0.001281,0.001333,0.001385,0.001431,0.001443,0.001436,0.001462,0.001491,0.001500,0.001501,0.001460,0.001371,0.001267,0.001114,0.000877,0.000508,-0.000043,-0.000689,-0.001232,-0.001568,-0.001767,-0.001887,0.000000,0.000000,0.000000
0.000000,0.000000,0.000000,-0.002170,-0.002002,-0.001673,-0.001160,-0.000443,0.000269,0.000729,0.000945,0.001040,0.001105,0.001169,0.001222,0.001271,0.001356,0.001449,0.001484,0.001505,0.001515,0.001462,0.001389,0.001337,0.001322,0.001319,0.001261,0.001190,0.001196,0.001277,0.001352,0.001375,0.001371,0.001342,0.001322,0.001323,0.001323,0.001323,0.001284,0.001238,0.001223,0.001219,0.001258,0.001336,0.001381,0.001369,0.001359,0.001394,0.001456,0.001463,0.001418,0.001398,0.001382,0.001369,0.001355,0.001358,0.001432,0.001553,0.001647,0.001672,0.001651,0.001628,0.001609,0.001558,0.001489,0.001441,0.001413,0.001386,0.001359,0.001372,0.001426,0.001439,0.001421,0.001430,0.001425,0.001369,0.001298,0.001256,0.001268,0.001318,0.001369,0.001407,0.001419,0.001449,0.001509,0.001539,0.001555,0.001556,0.001527,0.001456,0.001324,0.001167,0.000940,0.000584,0.000080,-0.000528,-0.001095,-0.001525,-0.001826,-0.002033,0.000000,0.000000,0.000000
0.000000,0.000000,-0.002113,-0.002100,-0.001915,-0.001552,-0.000990,-0.000232,0.000431,0.000827,0.001022,0.001107,0.001164,0.001222,0.001266,0.001309,0.001381,0.001447,0.001487,0.001521,0.001533,0.001491,0.001412,0.001364,0.001357,0.001347,0.001290,0.001218,0.001221,0.001282,0.001322,0.001325,0.001316,0.001319,0.001319,0.001320,0.001314,0.001276,0.001240,0.001216,0.001195,0.001200,0.001250,0.001332,0.001371,0.001357,0.001355,0.001395,0.001458,0.001473,0.001431,0.001396,0.001381,0.001366,0.001347,0.001352,0.001405,0.001504,0.001585,0.001631,0.001666,0.001664,0.001633,0.001587,0.001495,0.001407,0.001371,0.001350,0.001332,0.001346,0.001391,0.001430,0.001451,0.001470,0.001471,0.001411,0.001315,0.001274,0.001297,0.001337,0.001375,0.001393,0.001417,0.001472,0.001545,0.001589,0.001591,0.001581,0.001559,0.001502,0.001389,0.001232,0.001027,0.000701,0.000249,-0.000311,-0.000936,-0.001476,-0.001865,-0.002199,-0.002474,0.000000,0.000000
0.000000,0.000000,-0.002159,-0.002062,-0.001857,-0.001453,-0.000844,-0.000094,0.000534,0.000890,0.001078,0.001177,0.001229,0.001290,0.001329,0.001352,0.001420,0.001483,0.001521,0.001549,0.001556,0.001518,0.001452,0.001421,0.001432,0.001414,0.001342,0.001279,0.001279,0.001304,0.001300,0.001285,0.001293,0.001326,0.001349,0.001351,0.001338,0.001285,0.001229,0.001185,0.001168,0.001192,0.001251,0.001336,0.001373,0.001356,0.001347,0.001379,0.001430,0.001430,0.001389,0.001361,0.001342,0.001318,0.001311,0.001338,0.001383,0.001452,0.001523,0.001587,0.001639,0.001666,0.001653,0.001588,0.001486,0.001385,0.001338,0.001327,0.001314,0.001324,0.001369,0.001427,0.001467,0.001472,0.001466,0.001428,0.001356,0.001326,0.001356,0.001379,0.001398,0.001409,0.001426,0.001489,0.001569,0.001605,0.001582,0.001563,0.001528,0.001464,0.001396,0.001271,0.001078,0.000806,0.000415,-0.000131,-0.000788,-0.001384,-0.001849,-0.002219,-0.002451,0.000000,0.000000
0.000000,0.000000,-0.002169,-0.002042,-0.001812,-0.001424,-0.000805,-0.000039,0.000586,0.000932,0.001121,0.001240,0.001308,0.001349,0.001366,0.001369,0.001409,0.001479,0.001508,0.001525,0.001545,0.001508,0.001479,0.001492,0.001518,0.001512,0.001438,0.001368,0.001345,0.001339,0.001316,0.001293,0.001318,0.001372,0.001408,0.001416,0.001387,0.001327,0.001248,0.001180,0.001154,0.001172,0.001245,0.001323,0.001358,0.001357,0.001341,0.001354,0.001375,0.001351,0.001323,0.001322,0.001300,0.001258,0.001252,0.001282,0.001332,0.001399,0.001473,0.001562,0.001627,0.001642,0.001625,0.001560,0.001461,0.001388,0.001366,0.001367,0.001338,0.001332,0.001384,0.001426,0.001453,0.001456,0.001435,0.001418,0.001392,0.001383,0.001396,0.001399,0.001398,0.001407,0.001427,0.001477,0.001544,0.001566,0.001538,0.001485,0.001451,0.001420,0.001351,0.001261,0.001114,0.000874,0.000520,-0.000019,-0.000685,-0.001302,-0.001786,-0.002149,-0.002400,0.000000,0.000000
0.000000,0.000000,-0.002086,-0.001987,-0.001773,-0.001440,-0.000865,-0.000085,0.000564,0.000935,0.001154,0.001291,0.001355,0.001368,0.001352,0.001347,0.001379,0.001415,0.001440,0.001479,0.001501,0.001475,0.001458,0.001484,0.001544,0.001561,0.001506,0.001450,0.001410,0.001388,0.001373,0.001363,0.001387,0.001426,0.001459,0.001479,0.001453,0.001375,0.001284,0.001221,0.001193,0.001204,0.001248,0.001290,0.001321,0.001337,0.001329,0.001324,0.001318,0.001289,0.001278,0.001289,0.001278,0.001239,0.001202,0.001209,0.001254,0.001323,0.001424,0.001522,0.001589,0.001585,0.001535,0.001491,0.001435,0.001411,0.001442,0.001450,0.001417,0.001388,0.001404,0.001443,0.001456,0.001434,0.001414,0.001419,0.001432,0.001434,0.001419,0.001404,0.001382,0.001383,0.001432,0.001481,0.001503,0.001499,0.001467,0.001424,0.001410,0.001406,0.001347,0.001257,0.001140,0.000926,0.000570,0.000019,-0.000676,-0.001303,-0.001789,-0.002173,-0.002386,0.000000,0.000000
0.000000,0.000000,-0.002033,-0.001949,-0.001767,-0.001465,-0.000929,-0.000166,0.000511,0.000930,0.001172,0.001299,0.001345,0.001342,0.001309,0.001305,0.001335,0.001359,0.001390,0.001439,0.001474,0.001448,0.001402,0.001418,0.001475,0.001507,0.001492,0.001451,0.001430,0.001434,0.001430,0.001428,0.001445,0.001469,0.001490,0.001506,0.001506,0.001442,0.001353,0.001305,0.001286,0.001290,0.001287,0.001283,0.001294,0.001318,0.001339,0.001331,0.001305,0.001271,0.001256,0.001271,0.001268,0.001222,0.001176,0.001174,0.001204,0.001253,0.001356,0.001459,0.001505,0.001506,0.001454,0.001408,0.001416,0.001460,0.001515,0.001520,0.001490,0.001462,0.001445,0.001463,0.001479,0.001446,0.001421,0.001442,0.001476,0.001488,0.001457,0.001417,0.001392,0.001396,0.001436,0.001478,0.001487,0.001445,0.001386,0.001380,0.001402,0.001410,0.001385,0.001292,0.001160,0.000961,0.000577,-0.000039,-0.000771,-0.001420,-0.001907,-0.002249,-0.002424,0.000000,0.000000
0.000000,0.000000,-0.002087,-0.001966,-0.001768,-0.001459,-0.000929,-0.000190,0.000479,0.000910,0.001158,0.001285,0.001329,0.001293,0.001255,0.001268,0.001289,0.001328,0.001382,0.001446,0.001493,0.001451,0.001368,0.001339,0.001352,0.001383,0.001387,0.001368,0.001387,0.001421,0.001436,0.001435,0.001448,0.001476,0.001496,0.001533,0.001553,0.001513,0.001460,0.001421,0.001397,0.001378,0.001343,0.001312,0.001300,0.001328,0.001364,0.001357,0.001337,0.001302,0.001262,0.001264,0.001251,0.001194,0.001171,0.001186,0.001205,0.001244,0.001307,0.001395,0.001457,0.001452,0.001418,0.001403,0.001440,0.001508,0.001540,0.001529,0.001511,0.001502,0.001497,0.001494,0.001501,0.001482,0.001442,0.001451,0.001492,0.001516,0.001504,0.001458,0.001417,0.001409,0.001429,0.001456,0.001448,0.001396,0.001349,0.001348,0.001389,0.001436,0.001438,0.001367,0.001229,0.000987,0.000559,-0.000127,-0.000931,-0.001586,-0.002030,-0.002304,-0.002454,0.000000,0.000000
0.000000,0.000000,-0.002097,-0.001971,-0.001730,-0.001401,-0.000888,-0.000177,0.000454,0.000851,0.001104,0.001260,0.001306,0.001271,0.001232,0.001237,0.001275,0.001322,0.001395,0.001493,0.001539,0.001484,0.001379,0.001306,0.001273,0.001256,0.001247,0.001275,0.001327,0.001365,0.001375,0.001379,0.001419,0.001461,0.001490,0.001541,0.001591,0.001601,0.001576,0.001532,0.001493,0.001456,0.001409,0.001367,0.001352,0.001366,0.001365,0.001354,0.001350,0.001325,0.001288,0.001267,0.001238,0.001189,0.001184,0.001234,0.001273,0.001293,0.001324,0.001378,0.001434,0.001440,0.001424,0.001427,0.001459,0.001493,0.001486,0.001461,0.001461,0.001483,0.001498,0.001516,0.001528,0.001496,0.001428,0.001416,0.001472,0.001506,0.001508,0.001480,0.001426,0.001382,0.001381,0.001396,0.001391,0.001371,0.001350,0.001350,0.001385,0.001460,0.001492,0.001442,0.001313,0.001039,0.000573,-0.000148,-0.001001,-0.001670,-0.002051,-0.002258,-0.002391,0.000000,0.000000
0.000000,0.000000,-0.002081,-0.001943,-0.001698,-0.001364,-0.000833,-0.000146,0.000445,0.000824,0.001055,0.001218,0.001299,0.001294,0.001257,0.001246,0.001275,0.001329,0.001412,0.001508,0.001549,0.001507,0.001424,0.001336,0.001264,0.001207,0.001197,0.001237,0.001298,0.001338,0.001317,0.001316,0.001369,0.001425,0.001471,0.001515,0.001590,0.001642,0.001633,0.001591,0.001523,0.001484,0.001473,0.001430,0.001381,0.001352,0.001327,0.001320,0.001320,0.001327,0.001324,0.001295,0.001263,0.001210,0.001207,0.001294,0.001349,0.001351,0.001377,0.001403,0.001418,0.001435,0.001416,0.001400,0.001426,0.001439,0.001406,0.001374,0.001380,0.001427,0.001469,0.001510,0.001546,0.001512,0.001430,0.001394,0.001426,0.001461,0.001468,0.001434,0.001366,0.001314,0.001291,0.001297,0.001329,0.001345,0.001331,0.001333,0.001367,0.001434,0.001488,0.001454,0.001322,0.001070,0.000607,-0.000126,-0.000967,-0.001620,-0.001972,-0.002122,-0.002215,0.000000,0.000000
0.000000,0.000000,-0.002106,-0.001936,-0.001705,-0.001368,-0.000802,-0.000096,0.000481,0.000849,0.001072,0.001227,0.001335,0.001342,0.001309,0.001307,0.001314,0.001350,0.001419,0.001491,0.001533,0.001512,0.001453,0.001388,0.001310,0.001246,0.001234,0.001268,0.001333,0.001348,0.001305,0.001299,0.001328,0.001361,0.001407,0.001458,0.001520,0.001578,0.001598,0.001566,0.001509,0.001485,0.001484,0.001443,0.001358,0.001293,0.001273,0.001274,0.001308,0.001352,0.001359,0.001339,0.001294,0.001232,0.001227,0.001304,0.001357,0.001374,0.001400,0.001405,0.001406,0.001400,0.001369,0.001359,0.001376,0.001402,0.001390,0.001345,0.001336,0.001363,0.001431,0.001510,0.001556,0.001540,0.001464,0.001409,0.001406,0.001417,0.001399,0.001331,0.001257,0.001219,0.001207,0.001221,0.001251,0.001273,0.001284,0.001290,0.001319,0.001378,0.001434,0.001406,0.001264,0.001021,0.000592,-0.000110,-0.000924,-0.001541,-0.001860,-0.001980,-0.002013,0.000000,0.000000
0.000000,-0.002154,-0.002095,-0.001939,-0.001702,-0.001367,-0.000805,-0.000061,0.000538,0.000892,0.001121,0.001272,0.001369,0.001390,0.001379,0.001386,0.001380,0.001402,0.001448,0.001494,0.001539,0.001524,0.001480,0.001436,0.001367,0.001308,0.001290,0.001320,0.001363,0.001357,0.001311,0.001281,0.001292,0.001300,0.001308,0.001345,0.001386,0.001441,0.001481,0.001479,0.001481,0.001487,0.001472,0.001429,0.001347,0.001282,0.001271,0.001282,0.001330,0.001385,0.001387,0.001358,0.001299,0.001234,0.001237,0.001294,0.001344,0.001369,0.001379,0.001390,0.001384,0.001357,0.001317,0.001305,0.001346,0.001393,0.001406,0.001367,0.001322,0.001323,0.001384,0.001479,0.001543,0.001546,0.001494,0.001447,0.001428,0.001395,0.001332,0.001255,0.001191,0.001175,0.001183,0.001184,0.001209,0.001236,0.001246,0.001263,0.001308,0.001370,0.001397,0.001357,0.001216,0.000955,0.000537,-0.000116,-0.000895,-0.001492,-0.001770,-0.001883,-0.001908,-0.001836,0.000000
0.000000,0.000000,-0.002070,-0.001910,-0.001691,-0.001353,-0.000776,-0.000049,0.000559,0.000930,0.001152,0.001305,0.001394,0.001418,0.001425,0.001440,0.001435,0.001450,0.001496,0.001535,0.001557,0.001544,0.001506,0.001448,0.001402,0.001367,0.001344,0.001353,0.001355,0.001340,0.001308,0.001270,0.001254,0.001247,0.001244,0.001245,0.001250,0.001285,0.001347,0.001405,0.001450,0.001479,0.001485,0.001461,0.001408,0.001364,0.001355,0.001358,0.001382,0.001418,0.001406,0.001362,0.001317,0.001267,0.001271,0.001333,0.001364,0.001358,0.001354,0.001358,0.001357,0.001334,0.001289,0.001268,0.001318,0.001385,0.001405,0.001378,0.001321,0.001314,0.001364,0.001417,0.001481,0.001511,0.001506,0.001491,0.001464,0.001412,0.001332,0.001253,0.001197,0.001197,0.001208,0.001193,0.001202,0.001231,0.001248,0.001283,0.001337,0.001381,0.001390,0.001324,0.001180,0.000920,0.000499,-0.000146,-0.000914,-0.001479,-0.001748,-0.001860,-0.001882,0.000000,0.000000
0.000000,0.000000,-0.002083,-0.001936,-0.001727,-0.001388,-0.000787,-0.000048,0.000554,0.000942,0.001182,0.001332,0.001398,0.001405,0.001418,0.001448,0.001459,0.001470,0.001521,0.001562,0.001559,0.001535,0.001493,0.001457,0.001434,0.001405,0.001387,0.001366,0.001350,0.001337,0.001306,0.001272,0.001237,0.001218,0.001218,0.001204,0.001187,0.001203,0.001266,0.001362,0.001442,0.001485,0.001504,0.001517,0.001508,0.001476,0.001445,0.001420,0.001416,0.001430,0.001413,0.001362,0.001338,0.001338,0.001347,0.001391,0.001396,0.001351,0.001324,0.001321,0.001334,0.001326,0.001285,0.001265,0.001314,0.001392,0.001411,0.001389,0.001352,0.001337,0.001365,0.001380,0.001410,0.001459,0.001493,0.001516,0.001491,0.001433,0.001360,0.001270,0.001230,0.001239,0.001235,0.001227,0.001212,0.001211,0.001242,0.001284,0.001325,0.001352,0.001348,0.001279,0.001121,0.000861,0.000453,-0.000195,-0.000956,-0.001512,-0.001789,-0.001896,-0.001935,0.000000,0.000000
0.000000,0.000000,-0.002102,-0.002008,-0.001772,-0.001433,-0.000849,-0.000087,0.000525,0.000936,0.001192,0.001333,0.001377,0.001356,0.001375,0.001402,0.001416,0.001459,0.001515,0.001537,0.001525,0.001502,0.001476,0.001470,0.001463,0.001444,0.001410,0.001368,0.001350,0.001340,0.001312,0.001272,0.001222,0.001193,0.001197,0.001195,0.001195,0.001214,0.001249,0.001330,0.001427,0.001481,0.001509,0.001541,0.001550,0.001508,0.001450,0.001417,0.001402,0.001398,0.001373,0.001335,0.001351,0.001386,0.001413,0.001435,0.001408,0.001352,0.001312,0.001319,0.001339,0.001323,0.001284,0.001279,0.001339,0.001406,0.001435,0.001417,0.001392,0.001380,0.001385,0.001383,0.001378,0.001427,0.001485,0.001511,0.001486,0.001414,0.001348,0.001286,0.001252,0.001268,0.001264,0.001235,0.001213,0.001184,0.001177,0.001218,0.001279,0.001303,0.001276,0.001214,0.001061,0.000795,0.000384,-0.000254,-0.000981,-0.001533,-0.001822,-0.001933,-0.002018,0.000000,0.000000
0.000000,0.000000,-0.002127,-0.001990,-0.001766,-0.001417,-0.000847,-0.000127,0.000485,0.000898,0.001169,0.001309,0.001337,0.001300,0.001301,0.001341,0.001360,0.001412,0.001481,0.001495,0.001468,0.001455,0.001473,0.001493,0.001495,0.001480,0.001434,0.001384,0.001343,0.001316,0.001311,0.001275,0.001210,0.001186,0.001204,0.001220,0.001233,0.001253,0.001280,0.001324,0.001390,0.001450,0.001495,0.001527,0.001513,0.001455,0.001394,0.001358,0.001342,0.001323,0.001283,0.001271,0.001332,0.001404,0.001451,0.001467,0.001432,0.001381,0.001358,0.001366,0.001373,0.001343,0.001298,0.001289,0.001342,0.001420,0.001454,0.001432,0.001401,0.001409,0.001430,0.001413,0.001387,0.001415,0.001474,0.001488,0.001457,0.001391,0.001322,0.001285,0.001264,0.001277,0.001292,0.001261,0.001203,0.001151,0.001131,0.001179,0.001258,0.001290,0.001271,0.001202,0.001053,0.000781,0.000358,-0.000262,-0.000984,-0.001541,-0.001845,-0.001994,-0.002077,0.000000,0.000000
0.000000,0.000000,-0.002050,-0.001899,-0.001711,-0.001377,-0.000810,-0.000108,0.000474,0.000870,0.001144,0.001281,0.001304,0.001266,0.001247,0.001274,0.001303,0.001361,0.001431,0.001441,0.001412,0.001407,0.001452,0.001496,0.001510,0.001493,0.001456,0.001408,0.001346,0.001301,0.001286,0.001263,0.001230,0.001211,0.001213,0.001238,0.001258,0.001277,0.001301,0.001322,0.001362,0.001412,0.001455,0.001473,0.001431,0.001376,0.001335,0.001281,0.001238,0.001215,0.001184,0.001193,0.001291,0.001406,0.001469,0.001480,0.001466,0.001439,0.001426,0.001431,0.001418,0.001390,0.001352,0.001327,0.001358,0.001420,0.001456,0.001449,0.001423,0.001450,0.001489,0.001468,0.001432,0.001426,0.001449,0.001459,0.001422,0.001370,0.001326,0.001277,0.001272,0.001301,0.001310,0.001297,0.001236,0.001174,0.001164,0.001208,0.001281,0.001315,0.001291,0.001221,0.001069,0.000794,0.000382,-0.000237,-0.000982,-0.001562,-0.001904,-0.002094,-0.002162,0.000000,0.000000
0.000000,0.000000,-0.001881,-0.001834,-0.001685,-0.001372,-0.000804,-0.000085,0.000488,0.000863,0.001107,0.001255,0.001301,0.001269,0.001228,0.001215,0.001242,0.001316,0.001403,0.001413,0.001392,0.001404,0.001438,0.001474,0.001504,0.001503,0.001468,0.001421,0.001360,0.001302,0.001273,0.001261,0.001242,0.001225,0.001218,0.001227,0.001250,0.001272,0.001291,0.001314,0.001338,0.001362,0.001393,0.001403,0.001376,0.001343,0.001306,0.001246,0.001179,0.001132,0.001117,0.001162,0.001284,0.001403,0.001463,0.001485,0.001487,0.001469,0.001450,0.001445,0.001432,0.001421,0.001410,0.001388,0.001383,0.001408,0.001453,0.001467,0.001457,0.001494,0.001545,0.001526,0.001469,0.001443,0.001426,0.001409,0.001391,0.001374,0.001356,0.001308,0.001296,0.001323,0.001324,0.001317,0.001291,0.001247,0.001237,0.001264,0.001310,0.001313,0.001250,0.001171,0.001029,0.000789,0.000405,-0.000228,-0.000995,-0.001626,-0.001984,-0.002147,-0.002234,0.000000,0.000000
0.000000,0.000000,-0.001790,-0.001815,-0.001723,-0.001425,-0.000854,-0.000118,0.000487,0.000847,0.001075,0.001243,0.001318,0.001298,0.001252,0.001230,0.001262,0.001350,0.001438,0.001473,0.001462,0.001452,0.001472,0.001493,0.001502,0.001503,0.001474,0.001425,0.001362,0.001307,0.001281,0.001259,0.001235,0.001226,0.001239,0.001245,0.001248,0.001262,0.001284,0.001305,0.001309,0.001333,0.001365,0.001371,0.001376,0.001373,0.001339,0.001263,0.001175,0.001125,0.001129,0.001197,0.001315,0.001412,0.001451,0.001472,0.001481,0.001459,0.001427,0.001402,0.001402,0.001425,0.001438,0.001417,0.001385,0.001392,0.001431,0.001453,0.001457,0.001491,0.001538,0.001521,0.001472,0.001445,0.001406,0.001364,0.001362,0.001390,0.001394,0.001362,0.001334,0.001333,0.001340,0.001342,0.001330,0.001296,0.001290,0.001302,0.001302,0.001269,0.001185,0.001080,0.000948,0.000748,0.000384,-0.000254,-0.001043,-0.001698,-0.002065,-0.002209,-0.002283,0.000000,0.000000
0.000000,0.000000,-0.001787,-0.001795,-0.001716,-0.001473,-0.000939,-0.000192,0.000442,0.000836,0.001076,0.001244,0.001343,0.001352,0.001323,0.001321,0.001382,0.001473,0.001539,0.001570,0.001554,0.001515,0.001494,0.001482,0.001470,0.001468,0.001440,0.001381,0.001330,0.001287,0.001260,0.001251,0.001242,0.001243,0.001272,0.001296,0.001288,0.001276,0.001280,0.001287,0.001287,0.001311,0.001351,0.001376,0.001389,0.001402,0.001380,0.001285,0.001189,0.001158,0.001175,0.001237,0.001346,0.001420,0.001436,0.001451,0.001455,0.001426,0.001376,0.001358,0.001393,0.001425,0.001449,0.001439,0.001385,0.001370,0.001401,0.001424,0.001424,0.001440,0.001468,0.001458,0.001448,0.001437,0.001394,0.001357,0.001357,0.001396,0.001409,0.001382,0.001357,0.001345,0.001364,0.001378,0.001369,0.001346,0.001317,0.001288,0.001256,0.001217,0.001139,0.001020,0.000885,0.000682,0.000304,-0.000339,-0.001132,-0.001747,-0.002118,-0.002304,-0.002343,0.000000,0.000000
0.000000,0.000000,-0.001820,-0.001749,-0.001660,-0.001487,-0.001043,-0.000341,0.000333,0.000791,0.001059,0.001238,0.001347,0.001381,0.001390,0.001431,0.001502,0.001573,0.001626,0.001624,0.001587,0.001545,0.001488,0.001437,0.001409,0.001395,0.001362,0.001307,0.001261,0.001231,0.001241,0.001268,0.001279,0.001303,0.001330,0.001340,0.001320,0.001289,0.001278,0.001263,0.001257,0.001263,0.001287,0.001333,0.001363,0.001383,0.001371,0.001301,0.001232,0.001201,0.001217,0.001280,0.001355,0.001405,0.001414,0.001418,0.001412,0.001368,0.001332,0.001354,0.001414,0.001461,0.001484,0.001463,0.001394,0.001357,0.001380,0.001402,0.001388,0.001390,0.001412,0.001399,0.001396,0.001409,0.001383,0.001357,0.001374,0.001408,0.001401,0.001360,0.001346,0.001359,0.001398,0.001440,0.001440,0.001407,0.001347,0.001268,0.001206,0.001173,0.001121,0.001008,0.000854,0.000613,0.000180,-0.000486,-0.001226,-0.001787,-0.002138,-0.002348,-0.002438,0.000000,0.000000
0.000000,0.000000,0.000000,-0.001745,-0.001667,-0.001531,-0.001206,-0.000572,0.000160,0.000689,0.000999,0.001196,0.001312,0.001380,0.001432,0.001482,0.001548,0.001599,0.001615,0.001615,0.001589,0.001533,0.001473,0.001420,0.001370,0.001323,0.001293,0.001258,0.001214,0.001212,0.001250,0.001293,0.001338,0.001373,0.001384,0.001367,0.001320,0.001294,0.001290,0.001255,0.001222,0.001219,0.001230,0.001251,0.001289,0.001329,0.001347,0.001323,0.001281,0.001264,0.001284,0.001333,0.001374,0.001393,0.001388,0.001372,0.001357,0.001330,0.001324,0.001366,0.001442,0.001512,0.001525,0.001475,0.001399,0.001348,0.001364,0.001395,0.001391,0.001393,0.001392,0.001376,0.001373,0.001372,0.001354,0.001355,0.001394,0.001418,0.001404,0.001349,0.001335,0.001381,0.001428,0.001488,0.001505,0.001462,0.001384,0.001272,0.001186,0.001158,0.001131,0.001029,0.000838,0.000551,0.000046,-0.000659,-0.001316,-0.001806,-0.002130,-0.002326,0.000000,0.000000,0.000000
0.000000,0.000000,0.000000,-0.001833,-0.001768,-0.001668,-0.001398,-0.000796,-0.000025,0.000577,0.000930,0.001142,0.001276,0.001380,0.001451,0.001492,0.001535,0.001558,0.001563,0.001573,0.001550,0.001483,0.001423,0.001384,0.001334,0.001297,0.001276,0.001251,0.001234,0.001234,0.001252,0.001300,0.001351,0.001392,0.001414,0.001380,0.001329,0.001317,0.001317,0.001288,0.001238,0.001220,0.001220,0.001210,0.001241,0.001291,0.001325,0.001340,0.001321,0.001327,0.001361,0.001387,0.001417,0.001403,0.001363,0.001340,0.001315,0.001308,0.001317,0.001358,0.001439,0.001508,0.001521,0.001473,0.001396,0.001346,0.001363,0.001395,0.001412,0.001421,0.001406,0.001387,0.001378,0.001367,0.001356,0.001370,0.001418,0.001445,0.001424,0.001379,0.001368,0.001397,0.001443,0.001506,0.001522,0.001489,0.001419,0.001300,0.001215,0.001188,0.001151,0.001037,0.000820,0.000489,-0.000067,-0.000785,-0.001393,-0.001799,-0.002065,-0.002254,0.000000,0.000000,0.000000
0.000000,0.000000,0.000000,-0.001959,-0.001887,-0.001805,-0.001569,-0.000997,-0.000205,0.000462,0.000880,0.001124,0.001264,0.001371,0.001460,0.001504,0.001508,0.001509,0.001522,0.001514,0.001476,0.001415,0.001353,0.001322,0.001306,0.001298,0.001292,0.001298,0.001299,0.001277,0.001278,0.001298,0.001341,0.001407,0.001437,0.001415,0.001388,0.001383,0.001373,0.001332,0.001298,0.001284,0.001247,0.001226,0.001250,0.001285,0.001326,0.001355,0.001361,0.001374,0.001414,0.001452,0.001455,0.001413,0.001356,0.001308,0.001279,0.001275,0.001289,0.001338,0.001403,0.001460,0.001490,0.001466,0.001407,0.001359,0.001352,0.001373,0.001392,0.001415,0.001417,0.001383,0.001369,0.001385,0.001390,0.001392,0.001425,0.001456,0.001453,0.001429,0.001408,0.001421,0.001454,0.001491,0.001515,0.001487,0.001427,0.001355,0.001291,0.001254,0.001181,0.001028,0.000784,0.000390,-0.000216,-0.000923,-0.001493,-0.001813,-0.002006,-0.002146,0.000000,0.000000,0.000000
0.000000,0.000000,0.000000,-0.002020,-0.001943,-0.001875,-0.001687,-0.001176,-0.000394,0.000334,0.000824,0.001103,0.001257,0.001367,0.001443,0.001474,0.001477,0.001467,0.001455,0.001454,0.001428,0.001352,0.001290,0.001285,0.001303,0.001315,0.001333,0.001362,0.001371,0.001361,0.001359,0.001361,0.001399,0.001453,0.001474,0.001468,0.001454,0.001453,0.001438,0.001380,0.001358,0.001360,0.001318,0.001282,0.001285,0.001319,0.001354,0.001373,0.001379,0.001387,0.001426,0.001475,0.001468,0.001407,0.001346,0.001282,0.001242,0.001245,0.001262,0.001308,0.001377,0.001437,0.001471,0.001470,0.001435,0.001382,0.001330,0.001310,0.001330,0.001363,0.001379,0.001365,0.001365,0.001390,0.001405,0.001403,0.001402,0.001427,0.001458,0.001462,0.001449,0.001446,0.001450,0.001467,0.001491,0.001470,0.001427,0.001401,0.001374,0.001332,0.001235,0.001038,0.000722,0.000243,-0.000424,-0.001138,-0.001642,-0.001894,-0.002018,-0.002065,0.000000,0.000000,0.000000
0.000000,0.000000,0.000000,-0.001997,-0.002009,-0.001950,-0.001777,-0.001324,-0.000593,0.000157,0.000718,0.001053,0.001224,0.001334,0.001419,0.001437,0.001427,0.001407,0.001396,0.001410,0.001383,0.001305,0.001249,0.001253,0.001288,0.001332,0.001381,0.001424,0.001449,0.001458,0.001459,0.001468,0.001485,0.001494,0.001491,0.001484,0.001487,0.001485,0.001459,0.001422,0.001404,0.001412,0.001390,0.001339,0.001333,0.001354,0.001350,0.001346,0.001350,0.001364,0.001407,0.001452,0.001445,0.001380,0.001313,0.001268,0.001222,0.001209,0.001245,0.001294,0.001365,0.001438,0.001474,0.001489,0.001478,0.001408,0.001321,0.001269,0.001263,0.001291,0.001321,0.001338,0.001367,0.001393,0.001414,0.001397,0.001356,0.001379,0.001423,0.001454,0.001472,0.001444,0.001421,0.001441,0.001441,0.001428,0.001417,0.001408,0.001414,0.001381,0.001277,0.001049,0.000654,0.000082,-0.000660,-0.001352,-0.001769,-0.001970,-0.002062,-0.002085,0.000000,0.000000,0.000000
0.000000,0.000000,0.000000,0.000000,-0.002104,-0.002006,-0.001845,-0.001473,-0.000837,-0.000099,0.000531,0.000940,0.001159,0.001305,0.001420,0.001442,0.001396,0.001373,0.001380,0.001381,0.001353,0.001281,0.001217,0.001213,0.001263,0.001327,0.001405,0.001485,0.001522,0.001532,0.001539,0.001533,0.001517,0.001514,0.001494,0.001475,0.001489,0.001487,0.001463,0.001432,0.001420,0.001439,0.001419,0.001374,0.001366,0.001358,0.001325,0.001304,0.001312,0.001344,0.001396,0.001439,0.001416,0.001344,0.001287,0.001254,0.001213,0.001194,0.001231,0.001286,0.001352,0.001422,0.001468,0.001498,0.001489,0.001428,0.001348,0.001284,0.001248,0.001252,0.001284,0.001319,0.001365,0.001408,0.001416,0.001380,0.001329,0.001338,0.001398,0.001445,0.001464,0.001443,0.001407,0.001388,0.001396,0.001404,0.001391,0.001388,0.001409,0.001388,0.001269,0.001012,0.000569,-0.000078,-0.000849,-0.001473,-0.001809,-0.001948,-0.002012,0.000000,0.000000,0.000000,0.000000
0.000000,0.000000,0.000000,0.000000,-0.002057,-0.001971,-0.001852,-0.001615,-0.001118,-0.000422,0.000257,0.000768,0.001085,0.001300,0.001426,0.001449,0.001412,0.001375,0.001377,0.001386,0.001363,0.001292,0.001224,0.001208,0.001242,0.001311,0.001415,0.001517,0.001565,0.001567,0.001551,0.001531,0.001518,0.001512,0.001500,0.001483,0.001476,0.001474,0.001461,0.001439,0.001433,0.001444,0.001434,0.001395,0.001381,0.001370,0.001326,0.001292,0.001308,0.001371,0.001434,0.001457,0.001408,0.001317,0.001267,0.001240,0.001211,0.001214,0.001237,0.001279,0.001343,0.001396,0.001436,0.001457,0.001446,0.001416,0.001372,0.001325,0.001291,0.001273,0.001292,0.001335,0.001368,0.001400,0.001404,0.001367,0.001335,0.001334,0.001392,0.001454,0.001478,0.001469,0.001413,0.001376,0.001389,0.001397,0.001384,0.001382,0.001394,0.001357,0.001211,0.000912,0.000419,-0.000252,-0.000979,-0.001528,-0.001782,-0.001864,-0.001906,0.000000,0.000000,0.000000,0.000000
0.000000,0.000000,0.000000,0.000000,-0.001898,-0.001886,-0.001851,-0.001728,-0.001384,-0.000782,-0.000037,0.000597,0.000995,0.001254,0.001399,0.001437,0.001430,0.001407,0.001406,0.001418,0.001396,0.001351,0.001293,0.001248,0.001239,0.001282,0.001396,0.001505,0.001561,0.001556,0.001499,0.001460,0.001471,0.001487,0.001490,0.001485,0.001471,0.001456,0.001442,0.001452,0.001458,0.001450,0.001442,0.001409,0.001384,0.001377,0.001340,0.001307,0.001338,0.001414,0.001482,0.001488,0.001415,0.001326,0.001281,0.001255,0.001237,0.001244,0.001265,0.001298,0.001337,0.001375,0.001396,0.001390,0.001403,0.001405,0.001384,0.001359,0.001333,0.001341,0.001346,0.001363,0.001387,0.001385,0.001386,0.001365,0.001344,0.001360,0.001394,0.001449,0.001496,0.001484,0.001429,0.001392,0.001379,0.001377,0.001382,0.001383,0.001373,0.001294,0.001096,0.000760,0.000240,-0.000443,-0.001132,-0.001608,-0.001789,-0.001833,-0.001876,0.000000,0.000000,0.000000,0.000000
0.000000,0.000000,0.000000,0.000000,0.000000,-0.001878,-0.001896,-0.001843,-0.001599,-0.001071,-0.000314,0.000404,0.000891,0.001168,0.001330,0.001404,0.001418,0.001441,0.001448,0.001442,0.001444,0.001417,0.001372,0.001315,0.001270,0.001275,0.001347,0.001458,0.001523,0.001504,0.001438,0.001379,0.001388,0.001440,0.001472,0.001466,0.001446,0.001434,0.001438,0.001460,0.001462,0.001457,0.001439,0.001401,0.001379,0.001370,0.001359,0.001347,0.001375,0.001438,0.001485,0.001494,0.001445,0.001368,0.001331,0.001314,0.001288,0.001275,0.001280,0.001290,0.001308,0.001339,0.001354,0.001349,0.001368,0.001403,0.001407,0.001382,0.001373,0.001391,0.001405,0.001414,0.001412,0.001388,0.001366,0.001363,0.001361,0.001372,0.001384,0.001415,0.001471,0.001476,0.001434,0.001387,0.001358,0.001355,0.001357,0.001357,0.001324,0.001202,0.000949,0.000564,0.000024,-0.000651,-0.001298,-0.001726,-0.001892,-0.001942,0.000000,0.000000,0.000000,0.000000,0.000000
0.000000,0.000000,0.000000,0.000000,0.000000,-0.001962,-0.001975,-0.001921,-0.001702,-0.001247,-0.000561,0.000195,0.000764,0.001091,0.001257,0.001343,0.001406,0.001430,0.001428,0.001435,0.001451,0.001452,0.001445,0.001402,0.001332,0.001300,0.001314,0.001391,0.001470,0.001465,0.001402,0.001341,0.001353,0.001412,0.001431,0.001425,0.001414,0.001409,0.001430,0.001465,0.001480,0.001459,0.001432,0.001406,0.001394,0.001387,0.001387,0.001404,0.001415,0.001444,0.001464,0.001455,0.001434,0.001399,0.001372,0.001365,0.001343,0.001306,0.001267,0.001243,0.001262,0.001287,0.001303,0.001315,0.001340,0.001383,0.001411,0.001415,0.001413,0.001414,0.001420,0.001421,0.001406,0.001376,0.001350,0.001350,0.001368,0.001370,0.001359,0.001382,0.001434,0.001463,0.001443,0.001408,0.001377,0.001346,0.001334,0.001331,0.001270,0.001083,0.000769,0.000322,-0.000271,-0.000905,-0.001473,-0.001840,-0.002002,-0.002121,0.000000,0.000000,0.000000,0.000000,0.000000
0.000000,0.000000,0.000000,0.000000,0.000000,0.000000,-0.002093,-0.001967,-0.001762,-0.001397,-0.000793,-0.000069,0.000562,0.000993,0.001199,0.001303,0.001388,0.001398,0.001389,0.001404,0.001427,0.001463,0.001477,0.001460,0.001403,0.001327,0.001292,0.001317,0.001388,0.001422,0.001373,0.001334,0.001368,0.001406,0.001405,0.001382,0.001369,0.001375,0.001416,0.001483,0.001508,0.001471,0.001442,0.001438,0.001415,0.001398,0.001410,0.001444,0.001467,0.001458,0.001442,0.001401,0.001364,0.001365,0.001369,0.001378,0.001380,0.001331,0.001260,0.001230,0.001237,0.001265,0.001284,0.001298,0.001324,0.001355,0.001405,0.001444,0.001446,0.001430,0.001393,0.001377,0.001378,0.001343,0.001323,0.001345,0.001377,0.001379,0.001343,0.001362,0.001419,0.001447,0.001468,0.001469,0.001424,0.001358,0.001321,0.001287,0.001182,0.000927,0.000515,-0.000013,-0.000612,-0.001181,-0.001628,-0.001886,-0.002007,0.000000,0.000000,0.000000,0.000000,0.000000,0.000000
0.000000,0.000000,0.000000,0.000000,0.000000,0.000000,-0.002233,-0.002085,-0.001897,-0.001612,-0.001109,-0.000452,0.000254,0.000813,0.001127,0.001273,0.001337,0.001365,0.001372,0.001381,0.001410,0.001451,0.001469,0.001469,0.001429,0.001342,0.001274,0.001265,0.001300,0.001338,0.001335,0.001343,0.001385,0.001416,0.001417,0.001372,0.001337,0.001352,0.001407,0.001485,0.001505,0.001469,0.001443,0.001437,0.001426,0.001398,0.001394,0.001435,0.001489,0.001491,0.001428,0.001348,0.001289,0.001277,0.001311,0.001359,0.001382,0.001333,0.001268,0.001260,0.001271,0.001300,0.001329,0.001337,0.001328,0.001341,0.001405,0.001475,0.001498,0.001454,0.001393,0.001362,0.001342,0.001316,0.001313,0.001354,0.001393,0.001377,0.001344,0.001356,0.001400,0.001432,0.001476,0.001506,0.001451,0.001353,0.001263,0.001176,0.001027,0.000715,0.000196,-0.000429,-0.000979,-0.001423,-0.001737,-0.001877,-0.001956,0.000000,0.000000,0.000000,0.000000,0.000000,0.000000
0.000000,0.000000,0.000000,0.000000,0.000000,0.000000,0.000000,-0.002243,-0.002092,-0.001850,-0.001442,-0.000840,-0.000106,0.000551,0.000978,0.001182,0.001275,0.001328,0.001339,0.001365,0.001395,0.001415,0.001441,0.001443,0.001408,0.001350,0.001290,0.001254,0.001261,0.001288,0.001310,0.001352,0.001407,0.001455,0.001441,0.001392,0.001366,0.001351,0.001386,0.001452,0.001469,0.001428,0.001389,0.001389,0.001408,0.001378,0.001351,0.001402,0.001477,0.001508,0.001434,0.001314,0.001231,0.001212,0.001268,0.001337,0.001350,0.001308,0.001267,0.001292,0.001346,0.001368,0.001384,0.001383,0.001350,0.001336,0.001385,0.001486,0.001534,0.001491,0.001417,0.001358,0.001319,0.001298,0.001312,0.001350,0.001390,0.001391,0.001371,0.001383,0.001401,0.001423,0.001467,0.001499,0.001452,0.001324,0.001193,0.001067,0.000853,0.000447,-0.000160,-0.000801,-0.001294,-0.001625,-0.001822,-0.001898,0.000000,0.000000,0.000000,0.000000,0.000000,0.000000,0.000000
0.000000,0.000000,0.000000,0.000000,0.000000,0.000000,0.000000,-0.002366,-0.002221,-0.002011,-0.001645,-0.001122,-0.000454,0.000253,0.000765,0.001068,0.001236,0.001305,0.001341,0.001379,0.001395,0.001391,0.001401,0.001403,0.001388,0.001360,0.001330,0.001296,0.001268,0.001285,0.001313,0.001360,0.001437,0.001479,0.001471,0.001434,0.001404,0.001371,0.001377,0.001426,0.001416,0.001361,0.001325,0.001340,0.001364,0.001350,0.001338,0.001383,0.001469,0.001499,0.001430,0.001307,0.001227,0.001219,0.001266,0.001322,0.001316,0.001270,0.001259,0.001312,0.001379,0.001408,0.001406,0.001388,0.001342,0.001299,0.001335,0.001441,0.001509,0.001493,0.001422,0.001341,0.001301,0.001288,0.001303,0.001350,0.001392,0.001411,0.001417,0.001436,0.001442,0.001422,0.001441,0.001474,0.001420,0.001295,0.001161,0.000963,0.000654,0.000158,-0.000505,-0.001111,-0.001518,-0.001759,-0.001895,-0.001949,0.000000,0.000000,0.000000,0.000000,0.000000,0.000000,0.000000
0.000000,0.000000,0.000000,0.000000,0.000000,0.000000,0.000000,0.000000,-0.002290,-0.002116,-0.001783,-0.001355,-0.000790,-0.000106,0.000488,0.000924,0.001195,0.001315,0.001372,0.001397,0.001398,0.001395,0.001400,0.001398,0.001384,0.001378,0.001388,0.001370,0.001308,0.001272,0.001298,0.001352,0.001421,0.001473,0.001478,0.001462,0.001433,0.001391,0.001380,0.001400,0.001380,0.001330,0.001310,0.001324,0.001363,0.001386,0.001381,0.001413,0.001476,0.001474,0.001394,0.001303,0.001258,0.001265,0.001291,0.001307,0.001285,0.001236,0.001237,0.001304,0.001366,0.001400,0.001406,0.001382,0.001319,0.001263,0.001285,0.001376,0.001462,0.001486,0.001431,0.001334,0.001285,0.001296,0.001313,0.001338,0.001373,0.001407,0.001443,0.001466,0.001448,0.001410,0.001412,0.001417,0.001357,0.001252,0.001080,0.000782,0.000360,-0.000208,-0.000850,-0.001375,-0.001661,-0.001807,-0.001936,0.000000,0.000000,0.000000,0.000000,0.000000,0.000000,0.000000,0.000000
0.000000,0.000000,0.000000,0.000000,0.000000,0.000000,0.000000,0.000000,-0.002408,-0.002229,-0.001971,-0.001602,-0.001122,-0.000530,0.000106,0.000657,0.001046,0.001251,0.001323,0.001358,0.001390,0.001402,0.001419,0.001436,0.001426,0.001423,0.001437,0.001410,0.001334,0.001247,0.001236,0.001291,0.001365,0.001439,0.001450,0.001447,0.001442,0.001394,0.001356,0.001350,0.001341,0.001322,0.001315,0.001342,0.001410,0.001458,0.001461,0.001478,0.001491,0.001432,0.001336,0.001285,0.001282,0.001301,0.001320,0.001300,0.001247,0.001212,0.001222,0.001274,0.001337,0.001383,0.001401,0.001373,0.001316,0.001260,0.001259,0.001342,0.001447,0.001496,0.001449,0.001356,0.001309,0.001316,0.001323,0.001323,0.001354,0.001402,0.001437,0.001457,0.001432,0.001393,0.001386,0.001362,0.001288,0.001156,0.000915,0.000508,-0.000031,-0.000628,-0.001177,-0.001550,-0.001732,-0.001834,-0.001898,0.000000,0.000000,0.000000,0.000000,0.000000,0.000000,0.000000,0.000000
0.000000,0.000000,0.000000,0.000000,0.000000,0.000000,0.000000,0.000000,0.000000,-0.002328,-0.002127,-0.001812,-0.001403,-0.000898,-0.000343,0.000236,0.000724,0.001036,0.001194,0.001273,0.001342,0.001392,0.001435,0.001476,0.001470,0.001435,0.001434,0.001394,0.001291,0.001212,0.001183,0.001227,0.001334,0.001417,0.001430,0.001431,0.001430,0.001371,0.001306,0.001293,0.001282,0.001280,0.001306,0.001358,0.001434,0.001491,0.001511,0.001496,0.001452,0.001377,0.001279,0.001248,0.001290,0.001327,0.001344,0.001310,0.001247,0.001222,0.001228,0.001256,0.001315,0.001369,0.001388,0.001358,0.001296,0.001250,0.001263,0.001341,0.001437,0.001493,0.001472,0.001396,0.001347,0.001346,0.001342,0.001340,0.001361,0.001391,0.001424,0.001444,0.001433,0.001391,0.001357,0.001317,0.001200,0.000990,0.000665,0.000168,-0.000439,-0.000974,-0.001401,-0.001678,-0.001787,-0.001869,0.000000,0.000000,0.000000,0.000000,0.000000,0.000000,0.000000,0.000000,0.000000
0.000000,0.000000,0.000000,0.000000,0.000000,0.000000,0.000000,0.000000,0.000000,-0.002371,-0.002194,-0.001934,-0.001595,-0.001210,-0.000791,-0.000277,0.000278,0.000723,0.001019,0.001182,0.001274,0.001348,0.001408,0.001453,0.001452,0.001413,0.001380,0.001333,0.001255,0.001193,0.001188,0.001243,0.001350,0.001435,0.001436,0.001409,0.001385,0.001324,0.001265,0.001258,0.001259,0.001269,0.001304,0.001357,0.001430,0.001482,0.001487,0.001440,0.001379,0.001326,0.001259,0.001244,0.001297,0.001359,0.001396,0.001370,0.001322,0.001285,0.001265,0.001289,0.001343,0.001388,0.001403,0.001367,0.001293,0.001253,0.001279,0.001345,0.001408,0.001457,0.001479,0.001436,0.001393,0.001393,0.001375,0.001354,0.001354,0.001363,0.001390,0.001416,0.001411,0.001373,0.001323,0.001237,0.001056,0.000761,0.000321,-0.000257,-0.000830,-0.001282,-0.001610,-0.001825,-0.001900,-0.001898,0.000000,0.000000,0.000000,0.000000,0.000000,0.000000,0.000000,0.000000,0.000000
0.000000,0.000000,0.000000,0.000000,0.000000,0.000000,0.000000,0.000000,0.000000,0.000000,-0.002257,-0.002030,-0.001777,-0.001523,-0.001210,-0.000802,-0.000251,0.000313,0.000759,0.001049,0.001189,0.001260,0.001320,0.001369,0.001386,0.001377,0.001334,0.001285,0.001255,0.001220,0.001232,0.001303,0.001391,0.001444,0.001410,0.001347,0.001303,0.001270,0.001261,0.001282,0.001309,0.001328,0.001348,0.001379,0.001422,0.001451,0.001433,0.001384,0.001339,0.001303,0.001291,0.001303,0.001342,0.001416,0.001470,0.001457,0.001406,0.001356,0.001341,0.001367,0.001415,0.001467,0.001475,0.001416,0.001331,0.001289,0.001298,0.001340,0.001384,0.001422,0.001461,0.001463,0.001442,0.001414,0.001377,0.001354,0.001336,0.001323,0.001335,0.001358,0.001351,0.001304,0.001227,0.001094,0.000826,0.000438,-0.000087,-0.000719,-0.001226,-0.001584,-0.001848,-0.001996,-0.002072,0.000000,0.000000,0.000000,0.000000,0.000000,0.000000,0.000000,0.000000,0.000000,0.000000
0.000000,0.000000,0.000000,0.000000,0.000000,0.000000,0.000000,0.000000,0.000000,0.000000,0.000000,-0.002122,-0.001971,-0.001800,-0.001581,-0.001267,-0.000805,-0.000187,0.000384,0.000778,0.001022,0.001145,0.001210,0.001270,0.001317,0.001340,0.001334,0.001284,0.001252,0.001262,0.001289,0.001345,0.001413,0.001436,0.001368,0.001277,0.001231,0.001232,0.001291,0.001356,0.001388,0.001412,0.001428,0.001431,0.001426,0.001423,0.001411,0.001371,0.001331,0.001330,0.001350,0.001362,0.001408,0.001471,0.001504,0.001485,0.001422,0.001385,0.001386,0.001419,0.001479,0.001523,0.001525,0.001462,0.001361,0.001304,0.001308,0.001330,0.001359,0.001403,0.001454,0.001474,0.001448,0.001404,0.001376,0.001353,0.001320,0.001296,0.001279,0.001260,0.001220,0.001132,0.001001,0.000802,0.000480,0.000005,-0.000564,-0.001136,-0.001587,-0.001844,-0.002013,-0.002148,0.000000,0.000000,0.000000,0.000000,0.000000,0.000000,0.000000,0.000000,0.000000,0.000000,0.000000
0.000000,0.000000,0.000000,0.000000,0.000000,0.000000,0.000000,0.000000,0.000000,0.000000,0.000000,-0.002146,-0.002096,-0.001977,-0.001797,-0.001562,-0.001242,-0.000736,-0.000119,0.000379,0.000735,0.000970,0.001087,0.001170,0.001267,0.001337,0.001348,0.001309,0.001273,0.001289,0.001335,0.001386,0.001439,0.001454,0.001382,0.001282,0.001237,0.001251,0.001327,0.001412,0.001444,0.001463,0.001475,0.001457,0.001431,0.001425,0.001432,0.001395,0.001349,0.001361,0.001378,0.001392,0.001449,0.001498,0.001494,0.001456,0.001403,0.001357,0.001357,0.001417,0.001478,0.001503,0.001504,0.001446,0.001341,0.001281,0.001287,0.001323,0.001359,0.001397,0.001458,0.001480,0.001450,0.001428,0.001403,0.001370,0.001336,0.001294,0.001230,0.001138,0.001025,0.000871,0.000650,0.000354,-0.000035,-0.000500,-0.001013,-0.001504,-0.001840,-0.002012,-0.002116,-0.002220,0.000000,0.000000,0.000000,0.000000,0.000000,0.000000,0.000000,0.000000,0.000000,0.000000,0.000000
0.000000,0.000000,0.000000,0.000000,0.000000,0.000000,0.000000,0.000000,0.000000,0.000000,0.000000,0.000000,-0.002132,-0.001991,-0.001832,-0.001697,-0.001524,-0.001196,-0.000700,-0.000144,0.000329,0.000676,0.000913,0.001051,0.001180,0.001309,0.001362,0.001346,0.001321,0.001329,0.001373,0.001430,0.001483,0.001489,0.001444,0.001378,0.001318,0.001318,0.001385,0.001448,0.001463,0.001464,0.001455,0.001418,0.001398,0.001417,0.001449,0.001426,0.001367,0.001348,0.001362,0.001406,0.001460,0.001499,0.001497,0.001442,0.001382,0.001336,0.001332,0.001377,0.001423,0.001458,0.001459,0.001385,0.001293,0.001250,0.001266,0.001331,0.001393,0.001435,0.001485,0.001509,0.001487,0.001469,0.001453,0.001435,0.001386,0.001297,0.001177,0.001020,0.000829,0.000566,0.000228,-0.000174,-0.000607,-0.001001,-0.001371,-0.001720,-0.001939,-0.002056,-0.002179,0.000000,0.000000,0.000000,0.000000,0.000000,0.000000,0.000000,0.000000,0.000000,0.000000,0.000000,0.000000
0.000000,0.000000,0.000000,0.000000,0.000000,0.000000,0.000000,0.000000,0.000000,0.000000,0.000000,0.000000,0.000000,-0.001910,-0.001794,-0.001734,-0.001704,-0.001548,-0.001244,-0.000766,-0.000193,0.000281,0.000622,0.000874,0.001070,0.001244,0.001350,0.001368,0.001370,0.001383,0.001414,0.001455,0.001499,0.001530,0.001516,0.001461,0.001401,0.001395,0.001451,0.001492,0.001494,0.001469,0.001409,0.001356,0.001358,0.001413,0.001462,0.001445,0.001378,0.001334,0.001340,0.001379,0.001439,0.001480,0.001484,0.001452,0.001398,0.001354,0.001329,0.001350,0.001393,0.001426,0.001421,0.001349,0.001265,0.001248,0.001304,0.001379,0.001452,0.001506,0.001535,0.001547,0.001521,0.001483,0.001487,0.001478,0.001405,0.001280,0.001096,0.000869,0.000581,0.000194,-0.000272,-0.000736,-0.001110,-0.001415,-0.001641,-0.001777,-0.001904,-0.002004,0.000000,0.000000,0.000000,0.000000,0.000000,0.000000,0.000000,0.000000,0.000000,0.000000,0.000000,0.000000,0.000000
0.000000,0.000000,0.000000,0.000000,0.000000,0.000000,0.000000,0.000000,0.000000,0.000000,0.000000,0.000000,0.000000,0.000000,-0.001745,-0.001748,-0.001793,-0.001810,-0.001660,-0.001307,-0.000780,-0.000224,0.000224,0.000604,0.000912,0.001135,0.001280,0.001344,0.001373,0.001397,0.001429,0.001460,0.001499,0.001549,0.001542,0.001492,0.001454,0.001436,0.001473,0.001527,0.001529,0.001479,0.001400,0.001341,0.001352,0.001443,0.001509,0.001483,0.001405,0.001338,0.001326,0.001345,0.001395,0.001443,0.001457,0.001465,0.001443,0.001386,0.001356,0.001365,0.001390,0.001399,0.001387,0.001343,0.001279,0.001285,0.001361,0.001449,0.001517,0.001547,0.001566,0.001552,0.001502,0.001483,0.001485,0.001460,0.001382,0.001216,0.000946,0.000604,0.000199,-0.000303,-0.000825,-0.001226,-0.001516,-0.001699,-0.001779,-0.001827,-0.001848,0.000000,0.000000,0.000000,0.000000,0.000000,0.000000,0.000000,0.000000,0.000000,0.000000,0.000000,0.000000,0.000000,0.000000
0.000000,0.000000,0.000000,0.000000,0.000000,0.000000,0.000000,0.000000,0.000000,0.000000,0.000000,0.000000,0.000000,0.000000,0.000000,-0.001806,-0.001837,-0.001921,-0.001908,-0.001675,-0.001279,-0.000802,-0.000281,0.000217,0.000615,0.000908,0.001112,0.001206,0.001259,0.001323,0.001376,0.001408,0.001465,0.001523,0.001528,0.001510,0.001476,0.001453,0.001489,0.001531,0.001519,0.001471,0.001402,0.001345,0.001374,0.001461,0.001529,0.001515,0.001429,0.001345,0.001303,0.001322,0.001348,0.001388,0.001449,0.001482,0.001472,0.001441,0.001419,0.001394,0.001385,0.001389,0.001370,0.001334,0.001318,0.001340,0.001390,0.001457,0.001501,0.001516,0.001522,0.001504,0.001460,0.001453,0.001455,0.001412,0.001286,0.001035,0.000677,0.000222,-0.000307,-0.000866,-0.001319,-0.001579,-0.001739,-0.001850,-0.001886,-0.001883,0.000000,0.000000,0.000000,0.000000,0.000000,0.000000,0.000000,0.000000,0.000000,0.000000,0.000000,0.000000,0.000000,0.000000,0.000000
0.000000,0.000000,0.000000,0.000000,0.000000,0.000000,0.000000,0.000000,0.000000,0.000000,0.000000,0.000000,0.000000,0.000000,0.000000,0.000000,-0.001876,-0.001936,-0.001974,-0.001865,-0.001603,-0.001250,-0.000795,-0.000283,0.000166,0.000522,0.000780,0.000943,0.001053,0.001146,0.001240,0.001318,0.001397,0.001475,0.001510,0.001507,0.001502,0.001515,0.001527,0.001525,0.001503,0.001457,0.001389,0.001344,0.001378,0.001453,0.001512,0.001508,0.001428,0.001335,0.001279,0.001283,0.001304,0.001342,0.001421,0.001477,0.001498,0.001496,0.001468,0.001438,0.001411,0.001398,0.001384,0.001366,0.001369,0.001390,0.001415,0.001424,0.001429,0.001437,0.001416,0.001397,0.001399,0.001389,0.001371,0.001279,0.001050,0.000698,0.000248,-0.000269,-0.000838,-0.001339,-0.001660,-0.001804,-0.001841,-0.001898,-0.001977,0.000000,0.000000,0.000000,0.000000,0.000000,0.000000,0.000000,0.000000,0.000000,0.000000,0.000000,0.000000,0.000000,0.000000,0.000000,0.000000
0.000000,0.000000,0.000000,0.000000,0.000000,0.000000,0.000000,0.000000,0.000000,0.000000,0.000000,0.000000,0.000000,0.000000,0.000000,0.000000,0.000000,-0.001907,-0.001926,-0.001878,-0.001736,-0.001486,-0.001142,-0.000768,-0.000378,-0.000003,0.000323,0.000586,0.000784,0.000934,0.001078,0.001217,0.001325,0.001405,0.001457,0.001502,0.001541,0.001561,0.001555,0.001539,0.001509,0.001458,0.001414,0.001373,0.001380,0.001453,0.001512,0.001502,0.001430,0.001338,0.001282,0.001274,0.001293,0.001329,0.001378,0.001434,0.001485,0.001504,0.001488,0.001459,0.001441,0.001429,0.001420,0.001424,0.001436,0.001450,0.001455,0.001438,0.001396,0.001356,0.001323,0.001288,0.001279,0.001280,0.001207,0.001005,0.000680,0.000238,-0.000279,-0.000784,-0.001264,-0.001660,-0.001857,-0.001896,-0.001905,-0.001906,0.000000,0.000000,0.000000,0.000000,0.000000,0.000000,0.000000,0.000000,0.000000,0.000000,0.000000,0.000000,0.000000,0.000000,0.000000,0.000000,0.000000
0.000000,0.000000,0.000000,0.000000,0.000000,0.000000,0.000000,0.000000,0.000000,0.000000,0.000000,0.000000,0.000000,0.000000,0.000000,0.000000,0.000000,0.000000,-0.001890,-0.001874,-0.001782,-0.001617,-0.001397,-0.001146,-0.000892,-0.000591,-0.000204,0.000149,0.000430,0.000681,0.000894,0.001076,0.001216,0.001294,0.001357,0.001456,0.001525,0.001540,0.001544,0.001531,0.001499,0.001481,0.001460,0.001418,0.001410,0.001461,0.001510,0.001503,0.001456,0.001381,0.001311,0.001301,0.001327,0.001336,0.001351,0.001388,0.001430,0.001461,0.001456,0.001436,0.001444,0.001451,0.001435,0.001437,0.001458,0.001479,0.001483,0.001454,0.001394,0.001302,0.001214,0.001148,0.001087,0.001022,0.000870,0.000589,0.000191,-0.000293,-0.000757,-0.001162,-0.001537,-0.001829,-0.001960,-0.001960,-0.001912,0.000000,0.000000,0.000000,0.000000,0.000000,0.000000,0.000000,0.000000,0.000000,0.000000,0.000000,0.000000,0.000000,0.000000,0.000000,0.000000,0.000000,0.000000
0.000000,0.000000,0.000000,0.000000,0.000000,0.000000,0.000000,0.000000,0.000000,0.000000,0.000000,0.000000,0.000000,0.000000,0.000000,0.000000,0.000000,0.000000,0.000000,-0.001956,-0.001872,-0.001755,-0.001625,-0.001489,-0.001327,-0.001109,-0.000806,-0.000412,-0.000038,0.000291,0.000609,0.000861,0.001020,0.001131,0.001234,0.001343,0.001436,0.001466,0.001465,0.001460,0.001462,0.001482,0.001468,0.001430,0.001414,0.001443,0.001494,0.001490,0.001463,0.001420,0.001352,0.001324,0.001333,0.001336,0.001343,0.001363,0.001385,0.001403,0.001404,0.001417,0.001444,0.001452,0.001439,0.001428,0.001420,0.001422,0.001427,0.001395,0.001330,0.001202,0.001023,0.000866,0.000725,0.000527,0.000276,-0.000016,-0.000392,-0.000788,-0.001131,-0.001410,-0.001680,-0.001899,-0.002001,-0.002068,0.000000,0.000000,0.000000,0.000000,0.000000,0.000000,0.000000,0.000000,0.000000,0.000000,0.000000,0.000000,0.000000,0.000000,0.000000,0.000000,0.000000,0.000000,0.000000
0.000000,0.000000,0.000000,0.000000,0.000000,0.000000,0.000000,0.000000,0.000000,0.000000,0.000000,0.000000,0.000000,0.000000,0.000000,0.000000,0.000000,0.000000,0.000000,0.000000,-0.001981,-0.001887,-0.001808,-0.001757,-0.001658,-0.001523,-0.001339,-0.001033,-0.000646,-0.000251,0.000147,0.000496,0.000727,0.000888,0.001044,0.001193,0.001284,0.001317,0.001328,0.001333,0.001359,0.001391,0.001404,0.001382,0.001360,0.001395,0.001442,0.001451,0.001449,0.001436,0.001382,0.001317,0.001284,0.001295,0.001319,0.001341,0.001360,0.001360,0.001380,0.001421,0.001445,0.001445,0.001412,0.001370,0.001342,0.001309,0.001286,0.001250,0.001130,0.000941,0.000693,0.000400,0.000124,-0.000165,-0.000477,-0.000731,-0.000954,-0.001193,-0.001400,-0.001562,-0.001745,-0.001938,-0.002059,0.000000,0.000000,0.000000,0.000000,0.000000,0.000000,0.000000,0.000000,0.000000,0.000000,0.000000,0.000000,0.000000,0.000000,0.000000,0.000000,0.000000,0.000000,0.000000,0.000000
0.000000,0.000000,0.000000,0.000000,0.000000,0.000000,0.000000,0.000000,0.000000,0.000000,0.000000,0.000000,0.000000,0.000000,0.000000,0.000000,0.000000,0.000000,0.000000,0.000000,0.000000,-0.001931,-0.001955,-0.001915,-0.001869,-0.001832,-0.001713,-0.001532,-0.001269,-0.000901,-0.000474,-0.000065,0.000253,0.000495,0.000714,0.000911,0.001034,0.001098,0.001143,0.001153,0.001157,0.001206,0.001260,0.001264,0.001277,0.001332,0.001375,0.001393,0.001412,0.001424,0.001372,0.001276,0.001219,0.001215,0.001257,0.001313,0.001333,0.001331,0.001361,0.001402,0.001401,0.001364,0.001297,0.001227,0.001170,0.001106,0.001045,0.000945,0.000749,0.000467,0.000129,-0.000222,-0.000559,-0.000874,-0.001138,-0.001284,-0.001354,-0.001459,-0.001554,-0.001627,-0.001794,-0.001978,0.000000,0.000000,0.000000,0.000000,0.000000,0.000000,0.000000,0.000000,0.000000,0.000000,0.000000,0.000000,0.000000,0.000000,0.000000,0.000000,0.000000,0.000000,0.000000,0.000000,0.000000
0.000000,0.000000,0.000000,0.000000,0.000000,0.000000,0.000000,0.000000,0.000000,0.000000,0.000000,0.000000,0.000000,0.000000,0.000000,0.000000,0.000000,0.000000,0.000000,0.000000,0.000000,0.000000,0.000000,-0.001994,-0.001961,-0.001968,-0.001932,-0.001857,-0.001737,-0.001483,-0.001107,-0.000718,-0.000389,-0.000090,0.000184,0.000421,0.000633,0.000770,0.000834,0.000870,0.000876,0.000939,0.001042,0.001101,0.001165,0.001243,0.001306,0.001316,0.001311,0.001326,0.001282,0.001190,0.001123,0.001109,0.001165,0.001240,0.001262,0.001273,0.001309,0.001323,0.001279,0.001190,0.001096,0.001001,0.000888,0.000777,0.000637,0.000411,0.000136,-0.000199,-0.000576,-0.000880,-0.001129,-0.001366,-0.001527,-0.001575,-0.001572,-0.001592,-0.001635,-0.001648,0.000000,0.000000,0.000000,0.000000,0.000000,0.000000,0.000000,0.000000,0.000000,0.000000,0.000000,0.000000,0.000000,0.000000,0.000000,0.000000,0.000000,0.000000,0.000000,0.000000,0.000000,0.000000,0.000000
0.000000,0.000000,0.000000,0.000000,0.000000,0.000000,0.000000,0.000000,0.000000,0.000000,0.000000,0.000000,0.000000,0.000000,0.000000,0.000000,0.000000,0.000000,0.000000,0.000000,0.000000,0.000000,0.000000,0.000000,-0.001957,-0.002002,-0.001993,-0.002012,-0.002000,-0.001847,-0.001572,-0.001259,-0.000986,-0.000765,-0.000522,-0.000235,0.000034,0.000228,0.000349,0.000413,0.000453,0.000563,0.000720,0.000855,0.000962,0.001071,0.001149,0.001144,0.001106,0.001077,0.001028,0.000964,0.000918,0.000919,0.000979,0.001047,0.001087,0.001112,0.001140,0.001121,0.001022,0.000898,0.000774,0.000641,0.000493,0.000304,0.000049,-0.000257,-0.000594,-0.000916,-0.001195,-0.001406,-0.001527,-0.001622,-0.001697,-0.001713,-0.001686,-0.001680,-0.001715,0.000000,0.000000,0.000000,0.000000,0.000000,0.000000,0.000000,0.000000,0.000000,0.000000,0.000000,0.000000,0.000000,0.000000,0.000000,0.000000,0.000000,0.000000,0.000000,0.000000,0.000000,0.000000,0.000000,0.000000
0.000000,0.000000,0.000000,0.000000,0.000000,0.000000,0.000000,0.000000,0.000000,0.000000,0.000000,0.000000,0.000000,0.000000,0.000000,0.000000,0.000000,0.000000,0.000000,0.000000,0.000000,0.000000,0.000000,0.000000,0.000000,0.000000,-0.002002,-0.002058,-0.002144,-0.002076,-0.001865,-0.001670,-0.001514,-0.001369,-0.001202,-0.000940,-0.000680,-0.000483,-0.000320,-0.000248,-0.000178,-0.000005,0.000225,0.000426,0.000596,0.000751,0.000822,0.000803,0.000741,0.000663,0.000588,0.000526,0.000504,0.000525,0.000585,0.000669,0.000721,0.000738,0.000730,0.000672,0.000543,0.000366,0.000208,0.000085,-0.000065,-0.000302,-0.000591,-0.000902,-0.001208,-0.001445,-0.001626,-0.001734,-0.001750,-0.001765,-0.001800,-0.001784,-0.001723,0.000000,0.000000,0.000000,0.000000,0.000000,0.000000,0.000000,0.000000,0.000000,0.000000,0.000000,0.000000,0.000000,0.000000,0.000000,0.000000,0.000000,0.000000,0.000000,0.000000,0.000000,0.000000,0.000000,0.000000,0.000000,0.000000
0.000000,0.000000,0.000000,0.000000,0.000000,0.000000,0.000000,0.000000,0.000000,0.000000,0.000000,0.000000,0.000000,0.000000,0.000000,0.000000,0.000000,0.000000,0.000000,0.000000,0.000000,0.000000,0.000000,0.000000,0.000000,0.000000,0.000000,0.000000,-0.002270,-0.002217,-0.002107,-0.002014,-0.001935,-0.001842,-0.001727,-0.001529,-0.001302,-0.001146,-0.001048,-0.000982,-0.000911,-0.000736,-0.000462,-0.000211,0.000000,0.000165,0.000243,0.000231,0.000158,0.000067,-0.000046,-0.000151,-0.000193,-0.000160,-0.000072,0.000043,0.000104,0.000087,0.000034,-0.000049,-0.000178,-0.000357,-0.000502,-0.000580,-0.000672,-0.000838,-0.001081,-0.001350,-0.001582,-0.001752,-0.001876,-0.001932,-0.001893,-0.001850,-0.001866,0.000000,0.000000,0.000000,0.000000,0.000000,0.000000,0.000000,0.000000,0.000000,0.000000,0.000000,0.000000,0.000000,0.000000,0.000000,0.000000,0.000000,0.000000,0.000000,0.000000,0.000000,0.000000,0.000000,0.000000,0.000000,0.000000,0.000000,0.000000
0.000000,0.000000,0.000000,0.000000,0.000000,0.000000,0.000000,0.000000,0.000000,0.000000,0.000000,0.000000,0.000000,0.000000,0.000000,0.000000,0.000000,0.000000,0.000000,0.000000,0.000000,0.000000,0.000000,0.000000,0.000000,0.000000,0.000000,0.000000,0.000000,0.000000,-0.002275,-0.002230,-0.002187,-0.002139,-0.002050,-0.001920,-0.001755,-0.001652,-0.001611,-0.001555,-0.001516,-0.001381,-0.001145,-0.000932,-0.000726,-0.000580,-0.000517,-0.000529,-0.000582,-0.000641,-0.000769,-0.000921,-0.000997,-0.000959,-0.000833,-0.000696,-0.000636,-0.000681,-0.000774,-0.000862,-0.000939,-0.001008,-0.001062,-0.001091,-0.001119,-0.001213,-0.001389,-0.001588,-0.001784,-0.001954,-0.002061,-0.002066,-0.001991,0.000000,0.000000,0.000000,0.000000,0.000000,0.000000,0.000000,0.000000,0.000000,0.000000,0.000000,0.000000,0.000000,0.000000,0.000000,0.000000,0.000000,0.000000,0.000000,0.000000,0.000000,0.000000,0.000000,0.000000,0.000000,0.000000,0.000000,0.000000,0.000000,0.000000
0.000000,0.000000,0.000000,0.000000,0.000000,0.000000,0.000000,0.000000,0.000000,0.000000,0.000000,0.000000,0.000000,0.000000,0.000000,0.000000,0.000000,0.000000,0.000000,0.000000,0.000000,0.000000,0.000000,0.000000,0.000000,0.000000,0.000000,0.000000,0.000000,0.000000,0.000000,0.000000,-0.002378,-0.002258,-0.002168,-0.002127,-0.002063,-0.002007,-0.001964,-0.001925,-0.001885,-0.001787,-0.001636,-0.001481,-0.001312,-0.001179,-0.001146,-0.001178,-0.001220,-0.001266,-0.001372,-0.001527,-0.001629,-0.001599,-0.001455,-0.001292,-0.001208,-0.001253,-0.001389,-0.001492,-0.001500,-0.001472,-0.001448,-0.001410,-0.001401,-0.001478,-0.001591,-0.001747,-0.001906,-0.002041,-0.002215,0.000000,0.000000,0.000000,0.000000,0.000000,0.000000,0.000000,0.000000,0.000000,0.000000,0.000000,0.000000,0.000000,0.000000,0.000000,0.000000,0.000000,0.000000,0.000000,0.000000,0.000000,0.000000,0.000000,0.000000,0.000000,0.000000,0.000000,0.000000,0.000000,0.000000,0.000000,0.000000
0.000000,0.000000,0.000000,0.000000,0.000000,0.000000,0.000000,0.000000,0.000000,0.000000,0.000000,0.000000,0.000000,0.000000,0.000000,0.000000,0.000000,0.000000,0.000000,0.000000,0.000000,0.000000,0.000000,0.000000,0.000000,0.000000,0.000000,0.000000,0.000000,0.000000,0.000000,0.000000,0.000000,0.000000,-0.002194,-0.002238,-0.002235,-0.002227,-0.002196,-0.002173,-0.002123,-0.002025,-0.001939,-0.001818,-0.001672,-0.001551,-0.001514,-0.001574,-0.001662,-0.001726,-0.001807,-0.001950,-0.002052,-0.002019,-0.001872,-0.001682,-0.001540,-0.001541,-0.001686,-0.001823,-0.001848,-0.001791,-0.001715,-0.001643,-0.001626,-0.001656,-0.001714,-0.001840,-0.001937,0.000000,0.000000,0.000000,0.000000,0.000000,0.000000,0.000000,0.000000,0.000000,0.000000,0.000000,0.000000,0.000000,0.000000,0.000000,0.000000,0.000000,0.000000,0.000000,0.000000,0.000000,0.000000,0.000000,0.000000,0.000000,0.000000,0.000000,0.000000,0.000000,0.000000,0.000000,0.000000,0.000000,0.000000
0.000000,0.000000,0.000000,0.000000,0.000000,0.000000,0.000000,0.000000,0.000000,0.000000,0.000000,0.000000,0.000000,0.000000,0.000000,0.000000,0.000000,0.000000,0.000000,0.000000,0.000000,0.000000,0.000000,0.000000,0.000000,0.000000,0.000000,0.000000,0.000000,0.000000,0.000000,0.000000,0.000000,0.000000,0.000000,0.000000,0.000000,-0.002350,-0.002364,-0.002330,-0.002279,-0.002191,-0.002087,-0.002017,-0.001901,-0.001763,-0.001735,-0.001841,-0.001968,-0.002020,-0.002078,-0.002191,-0.002280,-0.002253,-0.002108,-0.001902,-0.001716,-0.001660,-0.001766,-0.001944,-0.002030,-0.001965,-0.001839,-0.001770,-0.001780,-0.001795,0.000000,0.000000,0.000000,0.000000,0.000000,0.000000,0.000000,0.000000,0.000000,0.000000,0.000000,0.000000,0.000000,0.000000,0.000000,0.000000,0.000000,0.000000,0.000000,0.000000,0.000000,0.000000,0.000000,0.000000,0.000000,0.000000,0.000000,0.000000,0.000000,0.000000,0.000000,0.000000,0.000000,0.000000,0.000000,0.000000,0.000000
0.000000,0.000000,0.000000,0.000000,0.000000,0.000000,0.000000,0.000000,0.000000,0.000000,0.000000,0.000000,0.000000,0.000000,0.000000,0.000000,0.000000,0.000000,0.000000,0.000000,0.000000,0.000000,0.000000,0.000000,0.000000,0.000000,0.000000,0.000000,0.000000,0.000000,0.000000,0.000000,0.000000,0.000000,0.000000,0.000000,0.000000,0.000000,0.000000,0.000000,0.000000,0.000000,-0.002181,-0.002081,-0.002004,-0.001907,-0.001844,-0.001973,-0.002130,-0.002168,-0.002195,-0.002266,-0.002361,-0.002360,-0.002220,-0.002008,-0.001783,-0.001685,-0.001771,-0.001963,-0.002125,0.000000,0.000000,0.000000,0.000000,0.000000,0.000000,0.000000,0.000000,0.000000,0.000000,0.000000,0.000000,0.000000,0.000000,0.000000,0.000000,0.000000,0.000000,0.000000,0.000000,0.000000,0.000000,0.000000,0.000000,0.000000,0.000000,0.000000,0.000000,0.000000,0.000000,0.000000,0.000000,0.000000,0.000000,0.000000,0.000000,0.000000,0.000000,0.000000,0.000000,0.000000,0.000000
0.000000,0.000000,0.000000,0.000000,0.000000,0.000000,0.000000,0.000000,0.000000,0.000000,0.000000,0.000000,0.000000,0.000000,0.000000,0.000000,0.000000,0.000000,0.000000,0.000000,0.000000,0.000000,0.000000,0.000000,0.000000,0.000000,0.000000,0.000000,0.000000,0.000000,0.000000,0.000000,0.000000,0.000000,0.000000,0.000000,0.000000,0.000000,0.000000,0.000000,0.000000,0.000000,0.000000,0.000000,0.000000,0.000000,0.000000,0.000000,0.000000,0.000000,0.000000,-0.002321,0.000000,0.000000,0.000000,0.000000,0.000000,0.000000,0.000000,0.000000,0.000000,0.000000,0.000000,0.000000,0.000000,0.000000,0.000000,0.000000,0.000000,0.000000,0.000000,0.000000,0.000000,0.000000,0.000000,0.000000,0.000000,0.000000,0.000000,0.000000,0.000000,0.000000,0.000000,0.000000,0.000000,0.000000,0.000000,0.000000,0.000000,0.000000,0.000000,0.000000,0.000000,0.000000,0.000000,0.000000,0.000000,0.000000,0.000000,0.000000,0.000000,0.000000,0.000000
0.000000,0.000000,0.000000,0.000000,0.000000,0.000000,0.000000,0.000000,0.000000,0.000000,0.000000,0.000000,0.000000,0.000000,0.000000,0.000000,0.000000,0.000000,0.000000,0.000000,0.000000,0.000000,0.000000,0.000000,0.000000,0.000000,0.000000,0.000000,0.000000,0.000000,0.000000,0.000000,0.000000,0.000000,0.000000,0.000000,0.000000,0.000000,0.000000,0.000000,0.000000,0.000000,0.000000,0.000000,0.000000,0.000000,0.000000,0.000000,0.000000,0.000000,0.000000,0.000000,0.000000,0.000000,0.000000,0.000000,0.000000,0.000000,0.000000,0.000000,0.000000,0.000000,0.000000,0.000000,0.000000,0.000000,0.000000,0.000000,0.000000,0.000000,0.000000,0.000000,0.000000,0.000000,0.000000,0.000000,0.000000,0.000000,0.000000,0.000000,0.000000,0.000000,0.000000,0.000000,0.000000,0.000000,0.000000,0.000000,0.000000,0.000000,0.000000,0.000000,0.000000,0.000000,0.000000,0.000000,0.000000,0.000000,0.000000,0.000000,0.000000,0.000000,0.000000
